{
"lowlevel": {
    "average_loudness": 0.99068403244,
    "barkbands_crest": {
        "dmean": 0.484849661589,
        "dmean2": 0.806973576546,
        "dvar": 0.454523354769,
        "dvar2": 1.02699053288,
        "max": 13.7622785568,
        "mean": 12.114397049,
        "median": 12.827214241,
        "min": 7.83861207962,
        "var": 2.43622255325
    },
    "barkbands_flatness_db": {
        "dmean": 0.0161986760795,
        "dmean2": 0.0183708034456,
        "dvar": 0.00045242527267,
        "dvar2": 0.000507203221787,
        "max": 0.396926105022,
        "mean": 0.318002223969,
        "median": 0.325985789299,
        "min": 0.12985573709,
        "var": 0.00402926793322
    },
    "barkbands_kurtosis": {
        "dmean": 1.53442251682,
        "dmean2": 2.04537963867,
        "dvar": 5.82729816437,
        "dvar2": 9.87916088104,
        "max": 21.6767559052,
        "mean": 11.1202192307,
        "median": 13.9481563568,
        "min": -0.645192623138,
        "var": 31.9886322021
    },
    "barkbands_skewness": {
        "dmean": 0.277662426233,
        "dmean2": 0.379733562469,
        "dvar": 0.189890429378,
        "dvar2": 0.185435175896,
        "max": 3.65267205238,
        "mean": 0.890254676342,
        "median": 0.825755178928,
        "min": -0.746641695499,
        "var": 0.793791770935
    },
    "barkbands_spread": {
        "dmean": 0.844758093357,
        "dmean2": 1.18209218979,
        "dvar": 1.54611217976,
        "dvar2": 3.74203133583,
        "max": 21.2374343872,
        "mean": 5.5709400177,
        "median": 3.84161257744,
        "min": 2.07502889633,
        "var": 25.8595371246
    },
    "dissonance": {
        "dmean": 0.0194216128439,
        "dmean2": 0.0349977761507,
        "dvar": 0.000359578989446,
        "dvar2": 0.000864517991431,
        "max": 0.460000962019,
        "mean": 0.388074159622,
        "median": 0.388221651316,
        "min": 0.320812880993,
        "var": 0.00144644582178
    },
    "dynamic_complexity": 0.424259513617,
    "erbbands_crest": {
        "dmean": 2.02767777443,
        "dmean2": 2.94929003716,
        "dvar": 13.3802528381,
        "dvar2": 28.4558296204,
        "max": 31.9751625061,
        "mean": 25.9830150604,
        "median": 28.1741523743,
        "min": 8.65581893921,
        "var": 47.7199707031
    },
    "erbbands_flatness_db": {
        "dmean": 0.0125381844118,
        "dmean2": 0.0146677922457,
        "dvar": 0.000341267819749,
        "dvar2": 0.000413800240494,
        "max": 0.358465015888,
        "mean": 0.30137270689,
        "median": 0.30427184701,
        "min": 0.149626791477,
        "var": 0.00172994635068
    },
    "erbbands_kurtosis": {
        "dmean": 5.45750379562,
        "dmean2": 8.34737491608,
        "dvar": 64.2852706909,
        "dvar2": 143.219055176,
        "max": 82.2370529175,
        "mean": 17.204240799,
        "median": 6.75588512421,
        "min": -1.56540024281,
        "var": 381.492340088
    },
    "erbbands_skewness": {
        "dmean": 0.612410485744,
        "dmean2": 0.875246226788,
        "dvar": 0.536531448364,
        "dvar2": 1.06606805325,
        "max": 8.34994983673,
        "mean": 3.34501361847,
        "median": 2.76846265793,
        "min": -0.502741217613,
        "var": 5.25644493103
    },
    "erbbands_spread": {
        "dmean": 2.72138357162,
        "dmean2": 3.43828558922,
        "dvar": 8.81171894073,
        "dvar2": 13.5235891342,
        "max": 41.1843910217,
        "mean": 15.3842334747,
        "median": 11.4701404572,
        "min": 2.51543307304,
        "var": 135.824523926
    },
    "hfc": {
        "dmean": 1.45116424561,
        "dmean2": 1.94623827934,
        "dvar": 3.82351374626,
        "dvar2": 6.26876878738,
        "max": 30.4752502441,
        "mean": 15.9633703232,
        "median": 16.3054199219,
        "min": 0.139690905809,
        "var": 29.5167770386
    },
    "melbands_crest": {
        "dmean": 1.42103004456,
        "dmean2": 2.05244421959,
        "dvar": 11.1467132568,
        "dvar2": 24.9561386108,
        "max": 34.311504364,
        "mean": 31.209444046,
        "median": 33.6775817871,
        "min": 12.6505489349,
        "var": 26.390542984
    },
    "melbands_flatness_db": {
        "dmean": 0.0153987789527,
        "dmean2": 0.0159816667438,
        "dvar": 0.000442949007265,
        "dvar2": 0.000459217000753,
        "max": 0.490126729012,
        "mean": 0.407884150743,
        "median": 0.411251217127,
        "min": 0.208626314998,
        "var": 0.00460508372635
    },
    "melbands_kurtosis": {
        "dmean": 12.5085306168,
        "dmean2": 17.3591804504,
        "dvar": 227.001190186,
        "dvar2": 337.862060547,
        "max": 174.920974731,
        "mean": 82.3710403442,
        "median": 70.1563873291,
        "min": 1.44725370407,
        "var": 3690.8371582
    },
    "melbands_skewness": {
        "dmean": 0.557769596577,
        "dmean2": 0.70702445507,
        "dvar": 0.433601826429,
        "dvar2": 0.506856501102,
        "max": 7.90861749649,
        "mean": 5.45706605911,
        "median": 6.4892168045,
        "min": 0.82054245472,
        "var": 5.19018173218
    },
    "melbands_spread": {
        "dmean": 1.04259610176,
        "dmean2": 1.44039213657,
        "dvar": 2.61165165901,
        "dvar2": 5.96805047989,
        "max": 26.2374839783,
        "mean": 4.27249002457,
        "median": 2.27335357666,
        "min": 0.544810950756,
        "var": 33.9314689636
    },
    "pitch_salience": {
        "dmean": 0.0314903669059,
        "dmean2": 0.0403032228351,
        "dvar": 0.00371541478671,
        "dvar2": 0.00446448568255,
        "max": 0.836930274963,
        "mean": 0.344707489014,
        "median": 0.305606395006,
        "min": 0.265648543835,
        "var": 0.00888416729867
    },
    "silence_rate_20dB": {
        "dmean": 0,
        "dmean2": 0,
        "dvar": 0,
        "dvar2": 0,
        "max": 1,
        "mean": 1,
        "median": 1,
        "min": 1,
        "var": 0
    },
    "silence_rate_30dB": {
        "dmean": 0,
        "dmean2": 0,
        "dvar": 0,
        "dvar2": 0,
        "max": 1,
        "mean": 1,
        "median": 1,
        "min": 1,
        "var": 0
    },
    "silence_rate_60dB": {
        "dmean": 0,
        "dmean2": 0,
        "dvar": 0,
        "dvar2": 0,
        "max": 0,
        "mean": 0,
        "median": 0,
        "min": 0,
        "var": 0
    },
    "spectral_centroid": {
        "dmean": 30.3664226532,
        "dmean2": 42.1882362366,
        "dvar": 2680.98120117,
        "dvar2": 5623.24414062,
        "max": 1182.45153809,
        "mean": 421.839599609,
        "median": 337.880279541,
        "min": 300.083068848,
        "var": 43503.0117188
    },
    "spectral_complexity": {
        "dmean": 1.33333337307,
        "dmean2": 2.10169482231,
        "dvar": 2.12222218513,
        "dvar2": 4.12525081635,
        "max": 17,
        "mean": 6.90163946152,
        "median": 6,
        "min": 1,
        "var": 14.7444210052
    },
    "spectral_decrease": {
        "dmean": 8.93735863094e-10,
        "dmean2": 1.17399512334e-09,
        "dvar": 1.69401471271e-18,
        "dvar2": 1.79090930549e-18,
        "max": -9.79632971965e-11,
        "mean": -1.27576962328e-08,
        "median": -1.42503040479e-08,
        "min": -1.57291104586e-08,
        "var": 1.1418081884e-17
    },
    "spectral_energy": {
        "dmean": 0.00346886948682,
        "dmean2": 0.00455631455407,
        "dvar": 2.55957784248e-05,
        "dvar2": 2.72127872449e-05,
        "max": 0.0608851835132,
        "mean": 0.0495983809233,
        "median": 0.0552168302238,
        "min": 0.000382406666176,
        "var": 0.000169030186953
    },
    "spectral_energyband_high": {
        "dmean": 5.88426155446e-06,
        "dmean2": 7.48011734686e-06,
        "dvar": 9.8369604129e-11,
        "dvar2": 1.80303619257e-10,
        "max": 0.000131197026349,
        "mean": 2.72502420557e-05,
        "median": 1.54479785124e-05,
        "min": 1.70470377725e-06,
        "var": 9.18784159865e-10
    },
    "spectral_energyband_low": {
        "dmean": 0.000799819419626,
        "dmean2": 0.00142414902803,
        "dvar": 7.07819845047e-06,
        "dvar2": 2.00572485483e-05,
        "max": 0.0171060860157,
        "mean": 0.00182852195576,
        "median": 0.00123911804985,
        "min": 3.68576656911e-05,
        "var": 5.14983094035e-06
    },
    "spectral_energyband_middle_high": {
        "dmean": 0.000568299205042,
        "dmean2": 0.000817939813714,
        "dvar": 8.21708965759e-07,
        "dvar2": 2.04454340746e-06,
        "max": 0.0126598728821,
        "mean": 0.00200554938056,
        "median": 0.000792416743934,
        "min": 1.325509038e-05,
        "var": 9.8253485703e-06
    },
    "spectral_energyband_middle_low": {
        "dmean": 0.00348125142045,
        "dmean2": 0.00465567270294,
        "dvar": 2.17034357775e-05,
        "dvar2": 2.49605218414e-05,
        "max": 0.0557115115225,
        "mean": 0.0422025993466,
        "median": 0.0490384660661,
        "min": 0.000338927755365,
        "var": 0.000194020714844
    },
    "spectral_entropy": {
        "dmean": 0.190232798457,
        "dmean2": 0.209639176726,
        "dvar": 0.0981846675277,
        "dvar2": 0.111094377935,
        "max": 8.03973484039,
        "mean": 5.51505088806,
        "median": 5.4882850647,
        "min": 4.51160812378,
        "var": 0.673432648182
    },
    "spectral_flux": {
        "dmean": 0.0125471539795,
        "dmean2": 0.0164953637868,
        "dvar": 0.000593058939558,
        "dvar2": 0.000884702894837,
        "max": 0.162376150489,
        "mean": 0.0309283044189,
        "median": 0.017753245309,
        "min": 0.00581769738346,
        "var": 0.00127901649103
    },
    "spectral_kurtosis": {
        "dmean": 6.59352588654,
        "dmean2": 12.0599327087,
        "dvar": 18.6086387634,
        "dvar2": 49.4108963013,
        "max": 40.8965911865,
        "mean": 20.5603694916,
        "median": 21.2575054169,
        "min": 2.96901035309,
        "var": 55.2278366089
    },
    "spectral_rms": {
        "dmean": 0.000311713491101,
        "dmean2": 0.000383891136153,
        "dvar": 4.31411422142e-07,
        "dvar2": 4.12531306893e-07,
        "max": 0.00770715111867,
        "mean": 0.00685270875692,
        "median": 0.00733962375671,
        "min": 0.000610802497249,
        "var": 1.42904980294e-06
    },
    "spectral_rolloff": {
        "dmean": 26.9165039062,
        "dmean2": 33.9421691895,
        "dvar": 10767.0107422,
        "dvar2": 11618.7373047,
        "max": 1507.32421875,
        "mean": 428.899047852,
        "median": 301.46484375,
        "min": 301.46484375,
        "var": 122263.679688
    },
    "spectral_skewness": {
        "dmean": 0.551418542862,
        "dmean2": 0.983786344528,
        "dvar": 0.124986499548,
        "dvar2": 0.358094662428,
        "max": 4.90630578995,
        "mean": 3.34499621391,
        "median": 3.51490473747,
        "min": 1.55133283138,
        "var": 0.665392100811
    },
    "spectral_spread": {
        "dmean": 740212.6875,
        "dmean2": 883392.0625,
        "dvar": 5.08249086362e+12,
        "dvar2": 1.91167555174e+12,
        "max": 26616504,
        "mean": 3454092.5,
        "median": 3024372.25,
        "min": 1712813.25,
        "var": 1.00301600195e+13
    },
    "spectral_strongpeak": {
        "dmean": 0.13685515523,
        "dmean2": 0.167734861374,
        "dvar": 0.0818171426654,
        "dvar2": 0.0838781669736,
        "max": 2.67529344559,
        "mean": 2.24205756187,
        "median": 2.50176048279,
        "min": 0.0258644148707,
        "var": 0.302874624729
    },
    "zerocrossingrate": {
        "dmean": 0.00144856772386,
        "dmean2": 0.00151449942496,
        "dvar": 6.2701456045e-06,
        "dvar2": 7.57843690735e-06,
        "max": 0.033203125,
        "mean": 0.0179943647236,
        "median": 0.01416015625,
        "min": 0.00390625,
        "var": 4.08269334002e-05
    },
    "barkbands": {
        "dmean": [0.000365457002772, 0.000493843166623, 0.000260760134552, 1.9157967472e-05, 0.00169797113631, 0.00215535401367, 0.000208793047932, 4.93817024108e-05, 5.10223253514e-05, 0.000176020723302, 1.90537539311e-05, 1.55853849719e-05, 0.000263782130787, 5.19231107319e-05, 1.43910783663e-05, 0.000190379883861, 7.01643439243e-05, 1.18005737022e-05, 2.7638840038e-05, 9.76941464614e-06, 2.07773132388e-06, 6.79973823026e-07, 2.57947306181e-07, 2.00935588168e-07, 2.19915960997e-07, 2.50589323514e-07, 4.08622668147e-07],
        "dmean2": [0.000414953043219, 0.000900218321476, 0.000466021650936, 3.2442410884e-05, 0.00200091605075, 0.00324296136387, 0.000363282510079, 7.96984459157e-05, 8.4267812781e-05, 0.00027925951872, 3.0844250432e-05, 2.48689684668e-05, 0.000383322942071, 6.12945077592e-05, 2.3505090212e-05, 0.000284168898361, 0.000102775826235, 1.78037171281e-05, 4.63602555101e-05, 1.61475090863e-05, 2.90810021397e-06, 7.92415164597e-07, 3.38754148288e-07, 3.13524935791e-07, 3.39934530302e-07, 3.98599496521e-07, 6.36067284177e-07],
        "dvar": [3.17124715821e-07, 3.03063052343e-06, 9.13432302241e-07, 3.51928330922e-09, 6.63293712933e-06, 6.03192029303e-06, 1.48712430814e-07, 7.58699325587e-09, 2.43464821637e-08, 1.10590193003e-07, 2.75538059036e-09, 5.13456110962e-10, 2.34268810573e-07, 7.54786455559e-08, 9.12921405138e-10, 1.7203241498e-07, 2.7498815669e-08, 3.85266984981e-10, 3.91618870665e-09, 4.93597107631e-10, 9.44107726025e-12, 2.16329298225e-12, 4.26207354999e-13, 6.7854277969e-14, 7.16268746246e-14, 7.7000810784e-14, 1.87571488832e-13],
        "dvar2": [2.98452533798e-07, 8.51289678394e-06, 2.5632393772e-06, 9.46759382003e-09, 8.22656693344e-06, 8.86273846845e-06, 4.03246360747e-07, 2.38590853741e-08, 7.08970944174e-08, 2.83496149223e-07, 6.14931661147e-09, 1.38576417008e-09, 4.26045289714e-07, 7.47643227328e-08, 2.31075314439e-09, 3.40941511467e-07, 6.27298675226e-08, 9.32509736096e-10, 1.09526476777e-08, 1.34969901922e-09, 1.59255768295e-11, 1.51915535273e-12, 3.92124646555e-13, 9.56687325388e-14, 1.25365822866e-13, 1.40235330401e-13, 3.04557513106e-13],
        "max": [0.00717926118523, 0.0109629556537, 0.00568815600127, 0.000335649092449, 0.0302844159305, 0.0255674812943, 0.00200641248375, 0.000566514092498, 0.000824909075163, 0.00270716520026, 0.000273252750048, 0.000180206669029, 0.00463583320379, 0.00263886735775, 0.000326353940181, 0.00466072699055, 0.00143020949326, 0.000273494282737, 0.000564906804357, 0.000200546026463, 5.19691966474e-05, 1.91398976312e-05, 7.22581899026e-06, 3.05953722091e-06, 2.77754156741e-06, 2.86879617306e-06, 4.52301765108e-06],
        "mean": [0.00463416101411, 0.00049481698079, 0.00024265916727, 1.63092354342e-05, 0.0224616341293, 0.0193465370685, 0.000239491884713, 7.12594628567e-05, 4.16700822825e-05, 0.000343313789926, 1.96294331545e-05, 3.01246291201e-05, 0.000765680335462, 8.92044772627e-05, 3.25866785715e-05, 0.000454694003565, 0.000166102370713, 3.4846161725e-05, 7.15647256584e-05, 2.56165221799e-05, 7.81314520282e-06, 2.09928975892e-06, 8.90672481546e-07, 7.58791088629e-07, 9.37921413424e-07, 1.28926922116e-06, 2.60113415607e-06],
        "median": [0.00508884899318, 3.1268074963e-05, 2.21312166104e-06, 3.7025081383e-06, 0.0264415498823, 0.0218216050416, 0.000100182507595, 4.66124547529e-05, 1.0507907291e-06, 9.85773731372e-05, 2.28147587222e-06, 1.18220559671e-05, 0.000258034298895, 9.71204735833e-06, 6.71337647873e-06, 9.35808784561e-05, 4.3040356104e-05, 1.13392516141e-05, 2.14154242713e-05, 1.00310071502e-05, 2.96018333756e-06, 1.35527159273e-06, 6.85609393258e-07, 7.19689182915e-07, 9.16289593533e-07, 1.36652784022e-06, 2.67522455033e-06],
        "min": [3.96676568926e-06, 8.73524550116e-06, 1.12153742293e-07, 2.81721554529e-07, 0.000156716283527, 0.000131295833853, 3.05245066556e-06, 4.89011654281e-06, 2.51211730529e-07, 1.2075071254e-06, 1.68610242213e-07, 1.64079949627e-06, 3.18187790072e-06, 4.32993431332e-07, 7.11981783752e-07, 1.11458712126e-06, 8.62423519266e-07, 6.77212199207e-07, 4.06914949735e-07, 4.80498840716e-07, 3.33853563461e-07, 2.65837485358e-07, 1.63755302651e-07, 1.26079086726e-07, 1.76923762751e-07, 1.55397927415e-07, 1.7954506859e-07],
        "var": [2.40092003878e-06, 2.60191563939e-06, 7.0599907076e-07, 2.28544760894e-09, 6.50326692266e-05, 4.09215208492e-05, 1.38378666747e-07, 7.42614414406e-09, 2.12566870772e-08, 3.16435063041e-07, 2.56712162638e-09, 1.68203684314e-09, 1.31783542656e-06, 1.18937336424e-07, 3.19765636192e-09, 7.21473497833e-07, 8.81641639694e-08, 3.28959104401e-09, 1.50854226888e-08, 1.40717160146e-09, 1.42524297919e-10, 7.15211440419e-12, 8.98648126399e-13, 1.74408136045e-13, 1.59314266423e-13, 2.33103792345e-13, 8.36807457095e-13]
    },
    "erbbands": {
        "dmean": [0.0107603780925, 0.123655363917, 0.336176455021, 0.13641884923, 0.135336458683, 3.31029081345, 34.185218811, 4.65458059311, 2.57363891602, 2.38617348671, 0.889762759209, 1.14390063286, 2.39705753326, 5.50390577316, 0.489035993814, 0.702191531658, 5.90073537827, 7.54385662079, 0.866888940334, 9.04294490814, 3.23465681076, 3.1939125061, 1.82743179798, 1.82782161236, 0.435915976763, 0.399788200855, 0.127560213208, 0.0666176453233, 0.0300752781332, 0.0145894382149, 0.0070120501332, 0.00440161675215, 0.00367962033488, 0.00248756771907, 0.00180314329918, 0.00112031050958, 0.00055534375133, 0.000238296182943, 6.51551308692e-05, 1.02555059129e-05],
        "dmean2": [0.0204914845526, 0.222093775868, 0.580702543259, 0.249059349298, 0.209853902459, 4.22347068787, 45.9678726196, 7.46110963821, 4.59314393997, 4.10546541214, 1.19039189816, 1.83206295967, 4.01596927643, 8.88624668121, 0.778830945492, 1.07318675518, 8.86328792572, 9.84300518036, 1.4446400404, 14.4450979233, 3.87024617195, 4.78620052338, 2.8085911274, 2.8965549469, 0.596581339836, 0.647421061993, 0.15844334662, 0.0895206108689, 0.0341435447335, 0.0196559131145, 0.00963900983334, 0.00707394815981, 0.00584360631183, 0.00386037770659, 0.0027636825107, 0.00178749568295, 0.00087106844876, 0.00041244836757, 0.000104362217826, 1.59351111506e-05],
        "dvar": [0.00174976442941, 0.184643000364, 1.31005334854, 0.30146831274, 0.115946523845, 26.702331543, 2122.65673828, 24.647726059, 33.6692886353, 15.1000385284, 0.90114158392, 11.0448513031, 32.1650657654, 122.2315979, 1.10956192017, 1.03026032448, 91.2040481567, 198.42024231, 3.62116265297, 355.919311523, 49.3073043823, 53.0746459961, 16.1184177399, 15.5715513229, 0.871917963028, 0.791172742844, 0.0424864552915, 0.00962197594345, 0.00245809881017, 0.000828931631986, 0.000255169783486, 6.10997449257e-05, 1.80634906428e-05, 5.97390317125e-06, 4.80959033666e-06, 1.37114352583e-06, 2.62167873188e-07, 4.43245617987e-08, 4.06540978659e-09, 8.57274598531e-11],
        "dvar2": [0.00522499810904, 0.508679509163, 3.5821454525, 0.879692137241, 0.263334155083, 38.165435791, 2701.77563477, 44.3112831116, 96.4720840454, 43.561794281, 2.48195910454, 31.7523727417, 75.9742431641, 335.044311523, 2.76031970978, 2.79521155357, 187.884887695, 280.2996521, 9.18504238129, 711.260131836, 85.8411026001, 126.184585571, 39.2378768921, 42.865852356, 1.94463157654, 2.29368329048, 0.0615789704025, 0.0130522781983, 0.00181399460416, 0.000799132278189, 0.000228910808801, 6.48251589155e-05, 4.27944796684e-05, 1.08252834252e-05, 8.3396989794e-06, 2.925561148e-06, 4.9340866326e-07, 7.93381431663e-08, 8.40531289015e-09, 1.4478325483e-10],
        "max": [0.253660142422, 2.70395612717, 6.89111948013, 3.23872542381, 2.27587342262, 58.8497161865, 499.991699219, 53.497592926, 35.7862358093, 19.4291858673, 6.67458295822, 16.5907516479, 31.8436527252, 101.249855042, 8.32046890259, 9.79148387909, 102.726257324, 208.197814941, 26.1164398193, 206.81980896, 86.5605010986, 68.6386260986, 36.2937583923, 36.8203926086, 13.2351484299, 7.6653175354, 3.00297999382, 1.4176337719, 0.74857622385, 0.347025245428, 0.171752229333, 0.0873871967196, 0.0415533334017, 0.0289002545178, 0.0210366137326, 0.0109210973606, 0.00589628657326, 0.00206639384851, 0.000635276781395, 0.000123682388221],
        "mean": [0.017528347671, 0.130227044225, 0.349168986082, 0.127092540264, 0.787590801716, 43.8488197327, 373.891082764, 41.7713012695, 4.4598402977, 2.82791161537, 1.63504135609, 1.0081871748, 3.97663831711, 10.9163188934, 0.94670009613, 1.83970308304, 16.8276863098, 26.675945282, 2.89159679413, 21.8581104279, 8.5483007431, 7.76746225357, 4.65278577805, 4.65625429153, 1.74603891373, 1.03873491287, 0.480616152287, 0.211586341262, 0.100628003478, 0.0472324341536, 0.0239097103477, 0.0161386877298, 0.012985246256, 0.00995226483792, 0.00698244106025, 0.00443813577294, 0.00251594698057, 0.00118091003969, 0.000348386005498, 9.57529919106e-05],
        "median": [0.0123900296167, 0.00426250975579, 0.00538129592314, 0.0315898582339, 0.830738842487, 51.2387046814, 437.218994141, 45.5628890991, 2.56880426407, 1.3223388195, 1.26642990112, 0.161427855492, 0.837559819221, 2.7099840641, 0.320144057274, 0.898028433323, 6.25893163681, 7.31885385513, 0.749912559986, 5.22089862823, 1.49529051781, 2.1996743679, 1.37774455547, 1.4471706152, 0.503584444523, 0.35549685359, 0.202139168978, 0.0845674052835, 0.0589247718453, 0.0364132933319, 0.0189104042947, 0.0144995618612, 0.0119180940092, 0.010068571195, 0.00692215515301, 0.00454702088609, 0.0026436757762, 0.00119203026406, 0.00036338478094, 0.000104984879727],
        "min": [0.000228534860071, 0.00221527763642, 0.00225594337098, 0.0146480640396, 0.150370255113, 0.595812916756, 1.31272065639, 0.861711800098, 0.312123835087, 0.154830574989, 0.146353885531, 0.0374593399465, 0.0563038736582, 0.0527637116611, 0.0639600902796, 0.134647727013, 0.136625111103, 0.056239373982, 0.025285018608, 0.0694891810417, 0.0413712784648, 0.0507348701358, 0.047471947968, 0.029070014134, 0.0160412769765, 0.021395817399, 0.0153888817877, 0.0126792909577, 0.00967104081064, 0.0048711663112, 0.00448537664488, 0.00308533920906, 0.00234795315191, 0.00169310614001, 0.0011181802256, 0.00053803017363, 0.000318308273563, 0.000119838870887, 2.6228644856e-05, 2.64879417955e-06],
        "var": [0.000953802489676, 0.174950301647, 1.22709071636, 0.177350685, 0.090358287096, 230.999725342, 17279.3300781, 136.299957275, 24.3926067352, 15.8430643082, 1.77555906773, 9.51902770996, 48.465713501, 378.212463379, 2.54508900642, 5.68165111542, 577.851623535, 2070.42626953, 25.7653121948, 1477.93493652, 274.265563965, 172.367462158, 65.936340332, 64.9067459106, 7.48964357376, 2.51932287216, 0.507553339005, 0.0819290578365, 0.0147274285555, 0.00245101889595, 0.000485243479488, 0.000121701217722, 4.45739970019e-05, 1.75511213456e-05, 9.55720861384e-06, 3.14962335324e-06, 9.55963400884e-07, 1.73165034312e-07, 1.47528984584e-08, 6.87401191524e-10]
    },
    "gfcc": {
        "mean": [-87.5039291382, 108.697364807, -107.788078308, 0.337631642818, -31.4155635834, -38.2771682739, -60.9112510681, -26.7806739807, -30.4081039429, 5.5888261795, 5.15065193176, 20.9209346771, 17.8125705719],
        "cov": [[1261.07373047, -96.7978363037, -919.570251465, -41.0157623291, 166.825195312, -32.1802597046, 38.5907325745, -14.8948020935, 13.6696977615, 45.9845237732, 56.7686042786, 64.3773956299, 54.4336357117], [-96.7978363037, 546.707275391, 263.080413818, -57.6296424866, -29.1519794464, 175.475006104, 291.585266113, 234.494003296, 94.0545120239, -68.6867446899, -74.8149414062, -83.1124954224, -97.994354248], [-919.570251465, 263.080413818, 914.12322998, 25.389043808, -125.741539001, 62.2039222717, 34.5251274109, 70.8630065918, 17.4969902039, -49.9333534241, -57.4619178772, -75.5288238525, -53.6578979492], [-41.0157623291, -57.6296424866, 25.389043808, 34.1771507263, 4.4185962677, -12.8408260345, -32.34034729, -28.4722938538, -12.6977787018, 4.45747613907, 3.86508226395, 3.60557556152, 2.73399186134], [166.825195312, -29.1519794464, -125.741539001, 4.4185962677, 46.0543632507, -6.66845703125, -17.0083122253, -21.1192035675, -5.01644659042, 12.3156995773, 18.6236400604, 17.7285175323, 11.1753931046], [-32.1802597046, 175.475006104, 62.2039222717, -12.8408260345, -6.66845703125, 97.7284317017, 113.420806885, 80.6152877808, 28.0231800079, -26.4676094055, -32.2818069458, -35.322265625, -47.8311843872], [38.5907325745, 291.585266113, 34.5251274109, -32.34034729, -17.0083122253, 113.420806885, 197.391525269, 145.245620728, 48.9810447693, -45.8833694458, -49.0987281799, -47.6566696167, -62.737575531], [-14.8948020935, 234.494003296, 70.8630065918, -28.4722938538, -21.1192035675, 80.6152877808, 145.245620728, 128.916091919, 43.2870368958, -37.4935722351, -32.7646179199, -38.9275894165, -57.5576820374], [13.6696977615, 94.0545120239, 17.4969902039, -12.6977787018, -5.01644659042, 28.0231800079, 48.9810447693, 43.2870368958, 30.6724510193, -3.77755475044, -17.9096412659, -18.7797813416, -21.3013191223], [45.9845237732, -68.6867446899, -49.9333534241, 4.45747613907, 12.3156995773, -26.4676094055, -45.8833694458, -37.4935722351, -3.77755475044, 26.429473877, 13.5543069839, 8.14930534363, 14.2300958633], [56.7686042786, -74.8149414062, -57.4619178772, 3.86508226395, 18.6236400604, -32.2818069458, -49.0987281799, -32.7646179199, -17.9096412659, 13.5543069839, 31.2834854126, 21.7972812653, 19.2254886627], [64.3773956299, -83.1124954224, -75.5288238525, 3.60557556152, 17.7285175323, -35.322265625, -47.6566696167, -38.9275894165, -18.7797813416, 8.14930534363, 21.7972812653, 27.1294136047, 26.6861591339], [54.4336357117, -97.994354248, -53.6578979492, 2.73399186134, 11.1753931046, -47.8311843872, -62.737575531, -57.5576820374, -21.3013191223, 14.2300958633, 19.2254886627, 26.6861591339, 47.2773094177]],
        "icov": [[0.00624642567709, 0.00564442481846, 0.00294842966832, 0.0028785506729, -0.0183377210051, 0.00484539568424, -0.00982587691396, -0.00324438232929, -0.00978754647076, 0.00426164129749, -0.00683329161257, 0.0158199835569, -0.011908213608], [0.00564442481846, 0.119717210531, -0.0412574708462, 0.0658258572221, -0.127363875508, 0.0266424994916, -0.163775339723, 0.0154816349968, -0.150958955288, 0.0531573221087, -0.0697793960571, 0.053384449333, -0.0361829102039], [0.00294842966832, -0.0412574708462, 0.0211811121553, -0.0256973151118, 0.0381559357047, -0.00961139332503, 0.0614612363279, -0.012432702817, 0.0484280213714, -0.00974581856281, 0.0184949189425, 0.00395620707422, -0.000706225982867], [0.0028785506729, 0.0658258572221, -0.0256973151118, 0.0906998738647, -0.0894755423069, 0.0271859373897, -0.0933416858315, 0.0325249955058, -0.0671256929636, 0.0443533025682, -0.0321135520935, 0.0489681847394, 0.00492702005431], [-0.0183377210051, -0.127363875508, 0.0381559357047, -0.0894755423069, 0.230463773012, -0.0587154999375, 0.164823338389, 0.0126643069088, 0.12781585753, -0.0701029449701, 0.0426005870104, -0.13495208323, 0.063400067389], [0.00484539568424, 0.0266424994916, -0.00961139332503, 0.0271859373897, -0.0587154999375, 0.0631620660424, -0.072418525815, 0.0318498015404, -0.0318525880575, 0.0321702808142, -0.0234827194363, 0.0529919825494, 0.0132232205942], [-0.00982587691396, -0.163775339723, 0.0614612363279, -0.0933416858315, 0.164823338389, -0.072418525815, 0.313953191042, -0.114503733814, 0.240997076035, -0.0768493413925, 0.151777774096, -0.0539898872375, 0.0124594727531], [-0.00324438232929, 0.0154816349968, -0.012432702817, 0.0325249955058, 0.0126643069088, 0.0318498015404, -0.114503733814, 0.18459457159, -0.12532915175, 0.105928778648, -0.1225021258, 0.0247576832771, 0.0693384930491], [-0.00978754647076, -0.150958955288, 0.0484280213714, -0.0671256929636, 0.12781585753, -0.0318525880575, 0.240997076035, -0.12532915175, 0.365666478872, -0.17304186523, 0.203570365906, -0.070958442986, 0.0361090786755], [0.00426164129749, 0.0531573221087, -0.00974581856281, 0.0443533025682, -0.0701029449701, 0.0321702808142, -0.0768493413925, 0.105928778648, -0.17304186523, 0.230123206973, -0.143635466695, 0.16471798718, -0.0140477661043], [-0.00683329161257, -0.0697793960571, 0.0184949189425, -0.0321135520935, 0.0426005870104, -0.0234827194363, 0.151777774096, -0.1225021258, 0.203570365906, -0.143635466695, 0.235832035542, -0.133294031024, 0.0188145358115], [0.0158199835569, 0.053384449333, 0.00395620707422, 0.0489681847394, -0.13495208323, 0.0529919825494, -0.0539898872375, 0.0247576832771, -0.070958442986, 0.16471798718, -0.133294031024, 0.370504528284, -0.0983751118183], [-0.011908213608, -0.0361829102039, -0.000706225982867, 0.00492702005431, 0.063400067389, 0.0132232205942, 0.0124594727531, 0.0693384930491, 0.0361090786755, -0.0140477661043, 0.0188145358115, -0.0983751118183, 0.126494735479]]
    },
    "melbands": {
        "dmean": [0.000122541401652, 0.000177041438292, 2.65059370577e-05, 4.05245300499e-05, 0.000947438762523, 0.00015342788538, 4.30375002907e-05, 2.24669256568e-05, 7.22043341739e-06, 7.17701414032e-06, 1.30788594106e-05, 2.47136176768e-05, 2.01205011763e-06, 1.89891397895e-06, 2.53293433161e-06, 2.53596608673e-05, 1.20522199722e-05, 1.25520682559e-06, 3.23832409777e-06, 1.86153592949e-05, 1.43257364016e-06, 2.55366990132e-06, 4.05979199058e-06, 9.66580842032e-07, 1.80789368187e-06, 5.08287826051e-07, 4.24482692551e-07, 2.62459735723e-07, 1.04808513868e-07, 6.32816821167e-08, 4.41427800979e-08, 1.6164729999e-08, 1.13750679986e-08, 7.87211362763e-09, 4.49239534461e-09, 3.81872489186e-09, 2.7077748932e-09, 3.02867420032e-09, 2.24413465588e-09, 2.46924503067e-09],
        "dmean2": [0.000224708142923, 0.000310301373247, 4.77094945381e-05, 5.97213438596e-05, 0.00124644464813, 0.000247649353696, 7.57522284403e-05, 3.87149302696e-05, 1.04754308268e-05, 1.14774911708e-05, 2.10016678466e-05, 3.99892087444e-05, 3.18771617458e-06, 2.96910229736e-06, 4.45870819021e-06, 3.80917299481e-05, 1.54093195306e-05, 1.93169580598e-06, 5.41284589417e-06, 2.81733300653e-05, 2.06031154448e-06, 3.69727467842e-06, 6.25725169812e-06, 1.45687135955e-06, 2.9869052014e-06, 7.52543598992e-07, 6.83923985889e-07, 4.32703615161e-07, 1.40778283253e-07, 9.70485700691e-08, 6.1295494902e-08, 1.82181647546e-08, 1.45541045882e-08, 1.16369118786e-08, 6.26480378685e-09, 6.24995255549e-09, 4.20650314581e-09, 4.88450702107e-09, 3.65157104554e-09, 3.95400778785e-09],
        "dvar": [1.80298187047e-07, 3.62512906804e-07, 9.99020333126e-09, 3.85536269576e-09, 1.73450052898e-06, 2.86158687857e-08, 7.89547627278e-09, 1.34678290742e-09, 9.11391448422e-11, 4.62610061369e-10, 8.48982939505e-10, 2.52585308225e-09, 2.84418565089e-11, 7.64683889126e-12, 1.61651508152e-11, 1.99612215646e-09, 5.40203715094e-10, 7.18611281592e-12, 3.47010233048e-11, 1.79187753524e-09, 5.22275668893e-12, 2.96854069104e-11, 9.9503218165e-11, 3.61003718238e-12, 1.55201199115e-11, 9.57051170085e-13, 7.20474949232e-13, 3.28193798093e-13, 2.52234231359e-14, 9.8390855874e-15, 4.19146376542e-15, 8.87510481282e-16, 3.30686136001e-16, 2.41073226555e-16, 9.97656713449e-17, 4.11126499191e-17, 1.67992110603e-17, 1.41986180802e-17, 4.33733064091e-18, 5.29823368488e-18],
        "dvar2": [5.25784230376e-07, 9.89750446934e-07, 2.89476052018e-08, 6.00488858638e-09, 2.18985314859e-06, 4.49761010657e-08, 2.23007621258e-08, 3.91101506736e-09, 2.50706622129e-10, 1.31482669197e-09, 1.98917549099e-09, 6.88676005112e-09, 6.53405871076e-11, 2.10447371335e-11, 4.69022667926e-11, 3.71654329534e-09, 6.61496413201e-10, 1.74640597123e-11, 7.34987001816e-11, 3.60942542521e-09, 1.17550040882e-11, 6.55943147021e-11, 2.53536858175e-10, 8.53870533307e-12, 4.33526894938e-11, 2.46006058406e-12, 2.04545365021e-12, 9.5070078112e-13, 4.13476897035e-14, 2.47404313968e-14, 7.64400224568e-15, 4.70652533653e-16, 3.15375697842e-16, 2.64104052391e-16, 8.80917573867e-17, 4.89631630325e-17, 1.9774063563e-17, 3.9584999529e-17, 7.96686351117e-18, 1.00219697548e-17],
        "max": [0.0027506549377, 0.00369980419055, 0.000590111478232, 0.000460570503492, 0.0145309371874, 0.00180530757643, 0.000513581733685, 0.000195486543817, 6.39447389403e-05, 0.000108560430817, 0.00017394083261, 0.000449017737992, 3.03557444568e-05, 2.13606872421e-05, 2.96016623906e-05, 0.000477889931062, 0.000359078054316, 2.74184130831e-05, 5.90783820371e-05, 0.000462492898805, 2.95289119094e-05, 5.27922202309e-05, 8.5417770606e-05, 1.94932272279e-05, 3.51146954927e-05, 1.1654782611e-05, 8.45953309181e-06, 4.56401858173e-06, 1.96718201551e-06, 1.31172350848e-06, 6.61886247144e-07, 4.57818828181e-07, 2.67916703933e-07, 1.64821159387e-07, 1.07006599137e-07, 6.17446147544e-08, 4.91226721522e-08, 2.98464506443e-08, 2.16061657454e-08, 2.58332590874e-08],
        "mean": [0.000307450332912, 0.000187492958503, 2.13716302824e-05, 0.000305585708702, 0.0108624650165, 0.00138588028494, 4.85320633743e-05, 2.61250570475e-05, 1.1463462215e-05, 5.98848509981e-06, 2.26747233683e-05, 4.94116357004e-05, 2.28812405112e-06, 3.14218846142e-06, 4.87622855871e-06, 7.9533252574e-05, 4.19248572143e-05, 2.40584108724e-06, 9.16188128031e-06, 4.22342127422e-05, 3.52996971742e-06, 6.23125242782e-06, 9.42236601986e-06, 2.22571111408e-06, 4.26646283813e-06, 1.26968598124e-06, 1.06019388113e-06, 5.91742264078e-07, 2.88941379267e-07, 1.87665264662e-07, 1.1571223979e-07, 5.26481933605e-08, 3.81277729389e-08, 2.16084927729e-08, 1.39594140691e-08, 1.10756888105e-08, 9.25711507449e-09, 9.19951848033e-09, 8.2580058347e-09, 8.47741787879e-09],
        "median": [0.000237716318225, 2.510895456e-06, 1.90932087207e-06, 0.000337523291819, 0.0126810260117, 0.0015293181641, 1.84656491911e-05, 1.129634893e-05, 7.76499837229e-06, 2.62634046067e-07, 5.37688993063e-06, 1.23791533042e-05, 3.86001460129e-07, 1.32866136937e-06, 2.13217776945e-06, 2.59997996181e-05, 1.11184972411e-05, 4.37220933236e-07, 2.43802764999e-06, 8.28046722745e-06, 9.86244572232e-07, 1.79712901627e-06, 2.26350675803e-06, 7.40523603326e-07, 1.28179033254e-06, 3.81977287134e-07, 4.01545321438e-07, 2.36747965232e-07, 1.34081574288e-07, 7.2870044221e-08, 4.72848995514e-08, 3.10475272158e-08, 2.41180444505e-08, 1.7026053456e-08, 1.04287227742e-08, 9.89503146087e-09, 8.49945802628e-09, 7.8199402509e-09, 7.99507837712e-09, 8.38379232704e-09],
        "min": [2.40533518081e-06, 5.21214303717e-07, 1.91241610992e-07, 2.39676555793e-05, 4.41108131781e-05, 2.01854873012e-05, 6.59426859784e-07, 9.26699613046e-07, 7.27098210973e-07, 6.51963603104e-08, 2.55816189565e-07, 2.04308065577e-07, 3.17826760465e-08, 1.98360481818e-07, 1.85286879173e-07, 3.1164745451e-07, 7.23890778431e-08, 3.48520288185e-08, 6.5165245644e-08, 9.67905720017e-08, 3.88662471096e-08, 4.74872088319e-08, 5.3116519183e-08, 3.36590311178e-08, 2.33560033536e-08, 1.054504839e-08, 1.43281297937e-08, 1.40210980604e-08, 9.90861082073e-09, 7.840868399e-09, 7.35065297519e-09, 5.55012880099e-09, 4.60618121423e-09, 1.92002791444e-09, 2.40721753642e-09, 2.55516341419e-09, 1.3860997905e-09, 1.60143476258e-09, 1.02736885665e-09, 1.49565881902e-09],
        "var": [1.12451168377e-07, 3.52939565573e-07, 6.08485706266e-09, 1.0034884923e-08, 1.46083148138e-05, 1.70399928834e-07, 6.5151963824e-09, 1.42574585471e-09, 1.28584684567e-10, 4.24400070642e-10, 1.38454003817e-09, 7.67975905092e-09, 3.04648008209e-11, 1.94746233029e-11, 3.8441218958e-11, 1.40727225428e-08, 5.45903500182e-09, 2.17409753395e-11, 1.66807886948e-10, 6.97012447759e-09, 3.78665050704e-11, 1.06074267425e-10, 2.94738178308e-10, 1.38818323156e-11, 5.63661305131e-11, 4.67270276291e-12, 2.55511714217e-12, 8.91804371236e-13, 1.84621699981e-13, 8.64600613868e-14, 2.19322613727e-14, 4.83539981127e-15, 1.7459447567e-15, 5.23296743055e-16, 1.93076316357e-16, 6.21569717354e-17, 4.07602809043e-17, 2.71676305255e-17, 1.25851874062e-17, 1.45862597307e-17]
    },
    "mfcc": {
        "mean": [-754.233276367, 159.745162964, -21.8414173126, 36.4376716614, 18.5767669678, -5.87101840973, -15.1774501801, -27.2298316956, -24.9524116516, -19.1851139069, -10.6020145416, -7.29282999039, -1.89044046402],
        "cov": [[1993.75830078, -125.039154053, -1115.04931641, -57.6961097717, -72.031211853, 16.5569419861, -2.49716687202, -25.5468673706, -13.80402565, -39.543056488, 43.2583045959, 88.3762664795, 84.1248321533], [-125.039154053, 619.047546387, 293.136566162, -101.267402649, -127.340255737, -23.0533828735, 135.775756836, 251.281356812, 199.249710083, 97.2409210205, 61.3142662048, 64.0868911743, 17.5312919617], [-1115.04931641, 293.136566162, 784.282043457, 12.7513113022, 4.96862697601, -12.590877533, 55.9757537842, 106.8331604, 82.0402374268, 66.8831710815, -4.61880683899, -34.505443573, -53.4143714905], [-57.6961097717, -101.267402649, 12.7513113022, 53.4443092346, 39.2855186462, 0.914498925209, -27.4774532318, -48.8911476135, -38.6941413879, -15.3057098389, -11.4365587234, -20.486869812, -17.0783615112], [-72.031211853, -127.340255737, 4.96862697601, 39.2855186462, 76.882774353, 10.7675352097, -34.5896606445, -69.270980835, -62.074924469, -29.268907547, -19.7635726929, -17.3261947632, -8.75939559937], [16.5569419861, -23.0533828735, -12.590877533, 0.914498925209, 10.7675352097, 33.5640907288, 4.53077840805, -9.15337181091, -3.20230555534, -0.0160191934556, -9.4449968338, -11.9082202911, -2.27169108391], [-2.49716687202, 135.775756836, 55.9757537842, -27.4774532318, -34.5896606445, 4.53077840805, 62.3869476318, 78.7928237915, 46.661655426, 18.7694263458, 11.9194545746, 11.4854373932, -5.93131685257], [-25.5468673706, 251.281356812, 106.8331604, -48.8911476135, -69.270980835, -9.15337181091, 78.7928237915, 144.302444458, 92.2314758301, 37.1353683472, 30.8587627411, 25.9252033234, -8.5128364563], [-13.80402565, 199.249710083, 82.0402374268, -38.6941413879, -62.074924469, -3.20230555534, 46.661655426, 92.2314758301, 84.0059890747, 38.1616630554, 20.9362106323, 21.1945323944, 3.99680876732], [-39.543056488, 97.2409210205, 66.8831710815, -15.3057098389, -29.268907547, -0.0160191934556, 18.7694263458, 37.1353683472, 38.1616630554, 33.6049003601, 13.1675205231, 4.77218341827, 0.515155434608], [43.2583045959, 61.3142662048, -4.61880683899, -11.4365587234, -19.7635726929, -9.4449968338, 11.9194545746, 30.8587627411, 20.9362106323, 13.1675205231, 24.1638755798, 15.9627656937, -2.52759385109], [88.3762664795, 64.0868911743, -34.505443573, -20.486869812, -17.3261947632, -11.9082202911, 11.4854373932, 25.9252033234, 21.1945323944, 4.77218341827, 15.9627656937, 38.4088821411, 16.76222229], [84.1248321533, 17.5312919617, -53.4143714905, -17.0783615112, -8.75939559937, -2.27169108391, -5.93131685257, -8.5128364563, 3.99680876732, 0.515155434608, -2.52759385109, 16.76222229, 34.3462715149]],
