{
"lowlevel": {
    "average_loudness": 0.987118244171,
    "barkbands_crest": {
        "dmean": 2.28525257111,
        "dmean2": 3.87539958954,
        "dvar": 4.13515996933,
        "dvar2": 9.29069423676,
        "max": 17.391910553,
        "mean": 9.85365486145,
        "median": 9.38847160339,
        "min": 5.56809663773,
        "var": 6.00869226456
    },
    "barkbands_flatness_db": {
        "dmean": 0.0201978664845,
        "dmean2": 0.0306605286896,
        "dvar": 0.00028330218629,
        "dvar2": 0.000589554780163,
        "max": 0.294841885567,
        "mean": 0.217332020402,
        "median": 0.214786753058,
        "min": 0.148649126291,
        "var": 0.000626633118372
    },
    "barkbands_kurtosis": {
        "dmean": 2.21634364128,
        "dmean2": 3.65687513351,
        "dvar": 4.95802593231,
        "dvar2": 13.120308876,
        "max": 20.075586319,
        "mean": 6.14291810989,
        "median": 5.8627538681,
        "min": 0.0399343967438,
        "var": 6.37462186813
    },
    "barkbands_skewness": {
        "dmean": 0.373752266169,
        "dmean2": 0.603244543076,
        "dvar": 0.127393454313,
        "dvar2": 0.341753870249,
        "max": 3.81669712067,
        "mean": 1.82678830624,
        "median": 1.78238368034,
        "min": 0.714810550213,
        "var": 0.16742412746
    },
    "barkbands_spread": {
        "dmean": 1.4637606144,
        "dmean2": 2.2382068634,
        "dvar": 1.55109584332,
        "dvar2": 3.38213586807,
        "max": 12.8674688339,
        "mean": 7.3267621994,
        "median": 7.09039258957,
        "min": 2.6328318119,
        "var": 3.284917593
    },
    "dissonance": {
        "dmean": 0.0274255033582,
        "dmean2": 0.0494532808661,
        "dvar": 0.000504433352035,
        "dvar2": 0.00133702997118,
        "max": 0.499999910593,
        "mean": 0.435470283031,
        "median": 0.436419546604,
        "min": 0.294302999973,
        "var": 0.000790514226537
    },
    "dynamic_complexity": 0.976212918758,
    "erbbands_crest": {
        "dmean": 3.05052137375,
        "dmean2": 4.74359607697,
        "dvar": 7.25581693649,
        "dvar2": 15.699467659,
        "max": 24.7822360992,
        "mean": 15.4900836945,
        "median": 15.7692241669,
        "min": 3.87990784645,
        "var": 22.740436554
    },
    "erbbands_flatness_db": {
        "dmean": 0.0127099025995,
        "dmean2": 0.0201171953231,
        "dvar": 9.9044671515e-05,
        "dvar2": 0.000231758021982,
        "max": 0.244325906038,
        "mean": 0.208221852779,
        "median": 0.207440212369,
        "min": 0.159711018205,
        "var": 0.000218736298848
    },
    "erbbands_kurtosis": {
        "dmean": 0.707011282444,
        "dmean2": 1.10790777206,
        "dvar": 0.419685572386,
        "dvar2": 1.11619198322,
        "max": 4.0302028656,
        "mean": 0.170335665345,
        "median": 0.0465738773346,
        "min": -1.31970286369,
        "var": 0.894615232944
    },
    "erbbands_skewness": {
        "dmean": 0.278433203697,
        "dmean2": 0.438838779926,
        "dvar": 0.0506926141679,
        "dvar2": 0.135611325502,
        "max": 2.0632879734,
        "mean": 1.01222443581,
        "median": 1.00812482834,
        "min": 0.100012794137,
        "var": 0.132703900337
    },
    "erbbands_spread": {
        "dmean": 4.31553506851,
        "dmean2": 6.823346138,
        "dvar": 10.5103902817,
        "dvar2": 28.2236499786,
        "max": 41.7722549438,
        "mean": 26.6622486115,
        "median": 26.3452377319,
        "min": 15.2743988037,
        "var": 28.0593738556
    },
    "hfc": {
        "dmean": 3.93666648865,
        "dmean2": 6.05202531815,
        "dvar": 13.1805400848,
        "dvar2": 23.9351768494,
        "max": 30.9479618073,
        "mean": 14.2794761658,
        "median": 13.2688932419,
        "min": 0.324373543262,
        "var": 29.8590240479
    },
    "melbands_crest": {
        "dmean": 4.09779024124,
        "dmean2": 6.86029434204,
        "dvar": 12.1907501221,
        "dvar2": 32.5823516846,
        "max": 28.388053894,
        "mean": 17.0181732178,
        "median": 16.2599639893,
        "min": 7.85873174667,
        "var": 20.9698848724
    },
    "melbands_flatness_db": {
        "dmean": 0.0262086149305,
        "dmean2": 0.0390771366656,
        "dvar": 0.000435679336078,
        "dvar2": 0.000914213072974,
        "max": 0.431885570288,
        "mean": 0.341741472483,
        "median": 0.337825000286,
        "min": 0.242211505771,
        "var": 0.000997017952614
    },
    "melbands_kurtosis": {
        "dmean": 4.47485923767,
        "dmean2": 7.32337236404,
        "dvar": 16.8640804291,
        "dvar2": 45.9349632263,
        "max": 40.1347045898,
        "mean": 13.2254915237,
        "median": 12.6181430817,
        "min": 1.60808706284,
        "var": 25.5631313324
    },
    "melbands_skewness": {
        "dmean": 0.511551737785,
        "dmean2": 0.848899483681,
        "dvar": 0.197538971901,
        "dvar2": 0.536285996437,
        "max": 5.02489042282,
        "mean": 2.65899085999,
        "median": 2.64722704887,
        "min": 1.35211932659,
        "var": 0.321892827749
    },
    "melbands_spread": {
        "dmean": 1.4664233923,
        "dmean2": 2.25474238396,
        "dvar": 1.75189363956,
        "dvar2": 3.83677554131,
        "max": 15.0651884079,
        "mean": 6.78870010376,
        "median": 6.58463478088,
        "min": 2.62442803383,
        "var": 3.27881169319
    },
    "pitch_salience": {
        "dmean": 0.0733649134636,
        "dmean2": 0.121381163597,
        "dvar": 0.00563222216442,
        "dvar2": 0.0140203414485,
        "max": 0.816699504852,
        "mean": 0.526488780975,
        "median": 0.511907100677,
        "min": 0.328924179077,
        "var": 0.00965449120849
    },
    "silence_rate_20dB": {
        "dmean": 0,
        "dmean2": 0,
        "dvar": 0,
        "dvar2": 0,
        "max": 1,
        "mean": 1,
        "median": 1,
        "min": 1,
        "var": 0
    },
    "silence_rate_30dB": {
        "dmean": 0,
        "dmean2": 0,
        "dvar": 0,
        "dvar2": 0,
        "max": 1,
        "mean": 1,
        "median": 1,
        "min": 1,
        "var": 0
    },
    "silence_rate_60dB": {
        "dmean": 0,
        "dmean2": 0,
        "dvar": 0,
        "dvar2": 0,
        "max": 0,
        "mean": 0,
        "median": 0,
        "min": 0,
        "var": 0
    },
    "spectral_centroid": {
        "dmean": 50.5280609131,
        "dmean2": 77.4573516846,
        "dvar": 1819.67321777,
        "dvar2": 4177.11328125,
        "max": 652.564819336,
        "mean": 445.44128418,
        "median": 440.32913208,
        "min": 254.893844604,
        "var": 4027.99755859
    },
    "spectral_complexity": {
        "dmean": 2.33333325386,
        "dmean2": 3.67464113235,
        "dvar": 4.0698390007,
        "dvar2": 9.72189426422,
        "max": 25,
        "mean": 14.0047397614,
        "median": 14,
        "min": 1,
        "var": 8.91466903687
    },
    "spectral_decrease": {
        "dmean": 4.6816808208e-09,
        "dmean2": 7.29675830868e-09,
        "dvar": 1.47867252978e-17,
        "dvar2": 2.76024975715e-17,
        "max": -2.08729963869e-10,
        "mean": -1.37847049331e-08,
        "median": -1.3446661562e-08,
        "min": -2.74248463938e-08,
        "var": 2.82261255789e-17
    },
    "spectral_energy": {
        "dmean": 0.0179831162095,
        "dmean2": 0.0280251912773,
        "dvar": 0.000217877110117,
        "dvar2": 0.000405853468692,
        "max": 0.105887696147,
        "mean": 0.0533217564225,
        "median": 0.0518113896251,
        "min": 0.000817217864096,
        "var": 0.000418283976614
    },
    "spectral_energyband_high": {
        "dmean": 6.14021200818e-06,
        "dmean2": 9.01647126739e-06,
        "dvar": 4.50782570993e-11,
        "dvar2": 9.73616187672e-11,
        "max": 7.94361403678e-05,
        "mean": 2.22191083594e-05,
        "median": 1.99945698114e-05,
        "min": 4.04147249355e-06,
        "var": 1.45822659503e-10
    },
    "spectral_energyband_low": {
        "dmean": 0.0130278291181,
        "dmean2": 0.02116044797,
        "dvar": 0.000144640522194,
        "dvar2": 0.00027488428168,
        "max": 0.0777133628726,
        "mean": 0.020576454699,
        "median": 0.0168682578951,
        "min": 7.7589371358e-05,
        "var": 0.000223086026381
    },
    "spectral_energyband_middle_high": {
        "dmean": 0.000925435102545,
        "dmean2": 0.00141010002699,
        "dvar": 9.28799977373e-07,
        "dvar2": 2.24318432629e-06,
        "max": 0.0119305346161,
        "mean": 0.00259560253471,
        "median": 0.00229375320487,
        "min": 4.98529734614e-05,
        "var": 1.94794370145e-06
    },
    "spectral_energyband_middle_low": {
        "dmean": 0.00993414223194,
        "dmean2": 0.0153941800818,
        "dvar": 0.000104038845166,
        "dvar2": 0.000242141351919,
        "max": 0.0729687511921,
        "mean": 0.0293317977339,
        "median": 0.0259875431657,
        "min": 0.000675683026202,
        "var": 0.000190915350686
    },
    "spectral_entropy": {
        "dmean": 0.172773361206,
        "dmean2": 0.267265021801,
        "dvar": 0.0251736398786,
        "dvar2": 0.0527921505272,
        "max": 7.30492115021,
        "mean": 6.40242624283,
        "median": 6.39893865585,
        "min": 5.77263450623,
        "var": 0.0573143474758
    },
    "spectral_flux": {
        "dmean": 0.0398370921612,
        "dmean2": 0.0664895102382,
        "dvar": 0.00100066326559,
        "dvar2": 0.0025879854802,
        "max": 0.225129872561,
        "mean": 0.108585610986,
        "median": 0.105897597969,
        "min": 0.0374342389405,
        "var": 0.00147480051965
    },
    "spectral_kurtosis": {
        "dmean": 5.59542655945,
        "dmean2": 10.132349968,
        "dvar": 22.3826675415,
        "dvar2": 73.3786315918,
        "max": 42.9380073547,
        "mean": 20.814496994,
        "median": 19.8915977478,
        "min": 9.20543384552,
        "var": 35.8996429443
    },
    "spectral_rms": {
        "dmean": 0.00123054173309,
        "dmean2": 0.00188013515435,
        "dvar": 1.04655532596e-06,
        "dvar2": 1.74852641521e-06,
        "max": 0.010163910687,
        "mean": 0.00706576323137,
        "median": 0.00710969045758,
        "min": 0.000892908603419,
        "var": 2.09619838643e-06
    },
    "spectral_rolloff": {
        "dmean": 56.0888671875,
        "dmean2": 91.6964187622,
        "dvar": 6138.65869141,
        "dvar2": 14398.578125,
        "max": 839.794921875,
        "mean": 339.939208984,
        "median": 301.46484375,
        "min": 172.265625,
        "var": 7043.95556641
    },
    "spectral_skewness": {
        "dmean": 0.435854762793,
        "dmean2": 0.78000921011,
        "dvar": 0.131568163633,
        "dvar2": 0.422670125961,
        "max": 4.9577960968,
        "mean": 3.34583425522,
        "median": 3.31892848015,
        "min": 2.17793679237,
        "var": 0.230446264148
    },
    "spectral_spread": {
        "dmean": 322728.0625,
        "dmean2": 516754.21875,
        "dvar": 180116242432,
        "dvar2": 225805795328,
        "max": 9040081,
        "mean": 2411908.25,
        "median": 2351666.25,
        "min": 1425867.875,
        "var": 343054483456
    },
    "spectral_strongpeak": {
        "dmean": 0.488605290651,
        "dmean2": 0.822029650211,
        "dvar": 0.236901268363,
        "dvar2": 0.389257341623,
        "max": 2.72945261002,
        "mean": 1.19384765625,
        "median": 1.20653414726,
        "min": 0.0454618223011,
        "var": 0.552591025829
    },
    "zerocrossingrate": {
        "dmean": 0.00310174841434,
        "dmean2": 0.00402072723955,
        "dvar": 4.61842137156e-06,
        "dvar2": 8.43192901812e-06,
        "max": 0.02880859375,
        "mean": 0.0187143627554,
        "median": 0.0185546875,
        "min": 0.005859375,
        "var": 1.61632397067e-05
    },
    "barkbands": {
        "dmean": [0.000724310113583, 0.00989344529808, 0.0043294983916, 0.00219139363617, 0.00484831864014, 0.00439571449533, 0.000980385113508, 0.000618144171312, 0.000471311592264, 0.000547703704797, 0.000174713437445, 0.000123796635307, 0.000260173488641, 6.85030317982e-05, 2.94827477774e-05, 0.000152131251525, 6.00068306085e-05, 1.77117181011e-05, 1.68538572325e-05, 5.97322150497e-06, 1.8155080852e-06, 6.93733113621e-07, 3.94024624484e-07, 2.65765009999e-07, 3.69933616184e-07, 3.7045145973e-07, 7.26215432678e-07],
        "dmean2": [0.00096868671244, 0.0158719997853, 0.00718786846846, 0.00373141421005, 0.00778847001493, 0.00691673299298, 0.00175983284134, 0.00110402842984, 0.00076383096166, 0.000969170127064, 0.000284821988316, 0.000215089719859, 0.000356993667083, 0.000107178930193, 4.73575091746e-05, 0.000224260904361, 9.09602822503e-05, 2.828839024e-05, 2.64763239102e-05, 9.3130283858e-06, 2.82597056867e-06, 1.13382191103e-06, 6.30658632872e-07, 4.05283543614e-07, 5.827756695e-07, 5.82406926242e-07, 1.01029877442e-06],
        "dvar": [5.18942442795e-07, 8.98062280612e-05, 2.75878319371e-05, 1.93915548152e-05, 2.5383043976e-05, 2.01883740374e-05, 2.0891989152e-06, 5.2141786e-07, 3.17463985766e-07, 5.83191365422e-07, 5.67162103948e-08, 2.7595040919e-08, 7.98068811037e-08, 5.30970023505e-09, 1.54256973861e-09, 2.89121810937e-08, 3.30237326374e-09, 3.47037565351e-10, 2.85509865749e-10, 4.89448273577e-11, 3.75550025106e-12, 8.46640574488e-13, 1.6438956587e-13, 9.2842651156e-14, 2.27489766391e-13, 2.5302893461e-13, 1.71145020898e-12],
        "dvar2": [9.38841367315e-07, 0.000169697581441, 7.18208539183e-05, 5.31823170604e-05, 6.00032835791e-05, 4.37341550423e-05, 5.78695926379e-06, 1.28394935928e-06, 7.72626719936e-07, 1.61064576787e-06, 1.27761623503e-07, 7.60121352528e-08, 1.74088583549e-07, 1.49996477461e-08, 3.98601951446e-09, 5.6728467257e-08, 7.99980259814e-09, 8.9336388287e-10, 6.55868470645e-10, 1.14733327006e-10, 8.51374352961e-12, 2.29130581696e-12, 4.03768598417e-13, 2.0660514586e-13, 5.53630275305e-13, 5.95574425281e-13, 3.66473214622e-12],
        "max": [0.0101535180584, 0.0665868371725, 0.0466661155224, 0.047615930438, 0.0361722297966, 0.0334336869419, 0.0100701460615, 0.00357347307727, 0.00387063715607, 0.00780271785334, 0.00201218458824, 0.00108157179784, 0.00320999277756, 0.000506297394168, 0.000375760428142, 0.00190000724979, 0.000444311968749, 0.000175866603968, 0.000177310983418, 5.99495542701e-05, 1.91105737031e-05, 7.11439815859e-06, 3.8162124838e-06, 3.17144576911e-06, 4.12238978242e-06, 6.5432318479e-06, 1.62846718013e-05],
        "mean": [0.00257533881813, 0.0140560148284, 0.00479432288557, 0.00234535429627, 0.0124011877924, 0.0120596876368, 0.00107211142313, 0.000767206249293, 0.000550018448848, 0.000806118128821, 0.000215169027797, 0.000128609288367, 0.000690738961566, 0.000123846883071, 5.012478141e-05, 0.000411893648561, 0.000173723645275, 3.21291881846e-05, 4.04947095376e-05, 1.29263025883e-05, 4.91253013024e-06, 1.79095729891e-06, 1.26899374209e-06, 9.80721324595e-07, 1.2111339629e-06, 1.52977634116e-06, 3.03261526824e-06],
        "median": [0.00244820839725, 0.0102388067171, 0.00334085687064, 0.00112609565258, 0.0106486231089, 0.0100643830374, 0.000561581226066, 0.000463194068288, 0.000325159635395, 0.00064178701723, 0.000115391099826, 7.03903060639e-05, 0.000570673961192, 9.37043514568e-05, 3.94126473111e-05, 0.000376954791136, 0.000158795970492, 2.59894186456e-05, 3.49346701114e-05, 9.51169022301e-06, 4.36071695731e-06, 1.54262238539e-06, 1.13900409815e-06, 8.64747676133e-07, 1.07858068077e-06, 1.41888631333e-06, 2.66780989477e-06],
        "min": [4.01641591452e-05, 2.55087943515e-05, 2.25985604629e-05, 2.45736882789e-05, 0.000322372885421, 0.000274550926406, 2.17388951569e-05, 6.35857577436e-06, 6.13378915659e-06, 3.60821013601e-06, 5.62341028854e-07, 1.98639486371e-06, 1.22900473798e-05, 4.57289934275e-06, 3.20651156471e-06, 1.36514181577e-05, 4.60204046249e-06, 3.16692967317e-06, 2.16791818275e-06, 1.39410292377e-06, 1.27589362364e-06, 4.64992069737e-07, 3.01475665765e-07, 2.27183008406e-07, 1.22258711599e-07, 1.12360503124e-07, 1.16480244117e-07],
        "var": [2.13302678276e-06, 0.000145565179992, 2.66072875093e-05, 1.73380376509e-05, 4.50123807241e-05, 4.58491304016e-05, 1.73206922227e-06, 6.48309594453e-07, 4.00981093662e-07, 5.56802717711e-07, 8.48402237352e-08, 2.42058515454e-08, 2.39897445908e-07, 8.47976444618e-09, 1.74528091978e-09, 6.16344664195e-08, 8.76747119349e-09, 6.09923667128e-10, 7.06357250468e-10, 1.03067332446e-10, 7.89177230509e-12, 1.11935731951e-12, 3.91679717089e-13, 2.93420642601e-13, 5.19543013212e-13, 7.51377746914e-13, 4.01895704216e-12]
    },
    "erbbands": {
        "dmean": [0.204908058047, 2.59251713753, 5.69079875946, 5.40616703033, 9.08804988861, 12.0842933655, 63.4009895325, 14.9973096848, 14.5397958755, 15.741727829, 9.40298652649, 10.9804897308, 10.6854782104, 16.334859848, 6.38894605637, 3.83870029449, 5.71118497849, 10.2379980087, 1.85070800781, 7.43370866776, 2.71538829803, 2.62426185608, 1.45566940308, 1.06449842453, 0.509950757027, 0.294277250767, 0.107953220606, 0.0506779961288, 0.0285906232893, 0.0162036586553, 0.0112053146586, 0.00660513248295, 0.00436600996181, 0.00369061343372, 0.00313480547629, 0.00157332210802, 0.000760685477871, 0.000355816300726, 9.63611819316e-05, 2.69948031928e-05],
        "dmean2": [0.331747770309, 4.13512563705, 9.47341060638, 9.38253593445, 15.3357086182, 19.8845233917, 95.3454055786, 24.6870670319, 26.1872386932, 27.4593906403, 15.9131603241, 17.851600647, 18.0962371826, 28.073720932, 10.5678815842, 6.60595989227, 8.12040710449, 14.0479354858, 3.00110435486, 11.0409631729, 4.07367420197, 4.01310586929, 2.25355792046, 1.64000964165, 0.784123182297, 0.463552236557, 0.167096048594, 0.078940294683, 0.0459908097982, 0.0259840134531, 0.0179444253445, 0.00987451523542, 0.0064316582866, 0.00559529103339, 0.00524883018807, 0.00253945728764, 0.0012466768967, 0.000525614421349, 0.000145486163092, 3.96288269258e-05],
        "dvar": [0.0414619781077, 5.91963863373, 35.2433700562, 105.727661133, 182.1743927, 154.536712646, 4022.97460938, 222.981628418, 598.842834473, 314.199768066, 83.4173660278, 186.849594116, 260.281311035, 369.960571289, 52.2146339417, 21.1546936035, 33.8808555603, 122.042877197, 5.07649278641, 67.815536499, 8.35018634796, 7.13591957092, 2.58644342422, 1.16337394714, 0.202275007963, 0.101983875036, 0.0167717393488, 0.00329238828272, 0.00120296538807, 0.000350919232005, 0.000149006853462, 7.83738360042e-05, 1.9491326384e-05, 2.0461036911e-05, 2.64005939243e-05, 4.53166057923e-06, 1.06604363737e-06, 3.08515012648e-07, 1.59342867789e-08, 1.36727429378e-09],
        "dvar2": [0.0937232151628, 11.493932724, 89.3531494141, 288.833648682, 485.805541992, 390.190368652, 7161.47705078, 552.968017578, 1622.90979004, 829.290771484, 209.504760742, 455.679656982, 679.965087891, 996.544677734, 117.35446167, 55.6363945007, 81.3284912109, 277.635192871, 13.5747795105, 135.229095459, 16.1688919067, 17.1335258484, 5.65694665909, 2.68629860878, 0.442383944988, 0.236220315099, 0.0418395139277, 0.0078309988603, 0.00311814201996, 0.000913656200282, 0.000388809974538, 0.000214000159758, 3.53197247023e-05, 4.45337900601e-05, 6.98894364177e-05, 1.09145939859e-05, 2.71679959951e-06, 7.18096202945e-07, 3.65547343506e-08, 2.91779778117e-09],
        "max": [1.08739364147, 18.0949726105, 48.0092964172, 112.830276489, 84.8662185669, 86.0476150513, 533.293212891, 110.424575806, 183.633422852, 90.3410568237, 50.6022148132, 97.8253631592, 157.390075684, 211.260299683, 59.8098526001, 28.9521179199, 61.3352279663, 129.343780518, 19.7676620483, 89.7308807373, 33.4383087158, 21.9944210052, 15.3369750977, 11.2267169952, 5.15765810013, 2.70520329475, 1.28108382225, 0.474807232618, 0.300033420324, 0.18907828629, 0.113582007587, 0.0993062630296, 0.0574760697782, 0.0432907938957, 0.0502611510456, 0.0248424746096, 0.0125774620101, 0.00866679102182, 0.0016284690937, 0.000517918262631],
        "mean": [0.233514338732, 3.67478466034, 7.07553243637, 6.20961141586, 10.9623327255, 28.8745231628, 190.52204895, 33.8914299011, 15.0683927536, 20.4009437561, 12.752166748, 12.6422920227, 14.7136354446, 25.9041309357, 8.23707962036, 4.84339475632, 14.7607326508, 27.000617981, 4.25859022141, 19.7770633698, 8.25724983215, 7.0356502533, 4.36451196671, 2.43957686424, 1.31511819363, 0.686201691628, 0.270160883665, 0.13483260572, 0.0775332599878, 0.0476378686726, 0.0331453233957, 0.0223395805806, 0.0163388550282, 0.0125222718343, 0.00927612558007, 0.00548493396491, 0.00289749423973, 0.00140116608236, 0.000399230950279, 0.000106610619696],
        "median": [0.138185292482, 2.64849567413, 5.46371173859, 3.68785190582, 5.41560840607, 26.0139656067, 158.689971924, 29.4533176422, 8.23834896088, 13.2510709763, 9.62430000305, 7.15390396118, 9.13302707672, 20.4382553101, 4.99437665939, 3.10229754448, 12.1258773804, 22.5372543335, 3.6747918129, 18.0024757385, 7.68488788605, 6.35569667816, 3.89150071144, 2.04592084885, 1.21898901463, 0.524949967861, 0.217363849282, 0.118248619139, 0.0669072493911, 0.0421911068261, 0.0295931193978, 0.0192099418491, 0.0143495900556, 0.0111216967925, 0.00781988631934, 0.00494779227301, 0.00257128872909, 0.00121627515182, 0.000348199188011, 0.000102747020719],
        "min": [0.00108185480349, 0.00495251035318, 0.0226776972413, 0.0639321878552, 0.265730202198, 1.22756290436, 2.81336355209, 1.75586724281, 0.689848780632, 0.341717809439, 0.137526795268, 0.152028337121, 0.116509653628, 0.0693430379033, 0.0392946116626, 0.0917429178953, 0.426342338324, 0.4698343575, 0.136446163058, 0.689404726028, 0.350481808186, 0.212988227606, 0.226133540273, 0.108855299652, 0.101533390582, 0.0721739158034, 0.0571279674768, 0.0350130088627, 0.0201113522053, 0.0122659020126, 0.0076051754877, 0.00579902436584, 0.00306515116245, 0.00134910608176, 0.000881330226548, 0.000442036194727, 0.000246713112574, 6.54133182252e-05, 1.49101788338e-05, 2.69310021395e-06],
        "var": [0.0545583590865, 9.75207805634, 37.6527061462, 88.3061752319, 199.189376831, 232.631439209, 12406.9042969, 320.34866333, 447.484436035, 413.542480469, 113.676513672, 219.981277466, 264.799682617, 470.150054932, 79.6982040405, 21.47697258, 90.7071609497, 362.265319824, 7.25598621368, 140.682098389, 19.6743907928, 16.5291461945, 6.03351068497, 2.8388133049, 0.597594082355, 0.233951225877, 0.0320459194481, 0.00634629372507, 0.00181740405969, 0.000656117394101, 0.000310958566843, 0.000156627429533, 8.11795398477e-05, 4.94533887831e-05, 4.33743662143e-05, 1.02583271655e-05, 2.71861676993e-06, 7.89211583196e-07, 5.02695023386e-08, 2.47876297266e-09]
    },
    "gfcc": {
        "mean": [-26.0773792267, 159.836349487, -93.0573043823, 6.24877071381, -14.7668933868, -12.2575397491, -36.737953186, -2.46882200241, -18.5285243988, -1.46296095848, -8.49715805054, 4.82691907883, 0.382959216833],
        "cov": [[534.970336914, 44.0059013367, -55.9223213196, -65.8384933472, -7.85535478592, -23.8365955353, 16.232925415, 25.0625247955, -16.8321437836, -23.9294757843, -14.0608634949, -12.3938617706, -11.5307292938], [44.0059013367, 284.853729248, 77.7526473999, -31.4628448486, -41.1598968506, 8.06083488464, 102.577613831, 59.7488822937, 43.3013725281, -17.567937851, -11.6301498413, -40.2772750854, -47.6190643311], [-55.9223213196, 77.7526473999, 93.4558486938, 45.8374671936, 36.3965034485, 20.1649475098, 17.4323558807, 14.0792455673, 25.5384159088, 3.5194633007, 6.0085105896, -7.21526908875, -5.87630605698], [-65.8384933472, -31.4628448486, 45.8374671936, 98.832611084, 63.9819831848, 6.66753149033, -17.4269104004, -11.4050197601, 10.2835407257, 13.1677713394, 9.1462726593, 4.90852165222, 6.44919300079], [-7.85535478592, -41.1598968506, 36.3965034485, 63.9819831848, 85.8527069092, 20.6332073212, -18.8754959106, -7.26539993286, 3.19032764435, 13.5332717896, 12.9000682831, 12.5888395309, 16.571105957], [-23.8365955353, 8.06083488464, 20.1649475098, 6.66753149033, 20.6332073212, 35.2033309937, 15.8721427917, 4.10394001007, 6.41405248642, 4.8898973465, 3.30018734932, 2.73755645752, 1.38688349724], [16.232925415, 102.577613831, 17.4323558807, -17.4269104004, -18.8754959106, 15.8721427917, 67.0119476318, 36.2429695129, 17.7369937897, -1.26574456692, -5.80833101273, -13.1902885437, -15.5739049911], [25.0625247955, 59.7488822937, 14.0792455673, -11.4050197601, -7.26539993286, 4.10394001007, 36.2429695129, 40.993396759, 22.2267017365, 3.00252246857, -0.532464504242, -7.7502207756, -8.06283283234], [-16.8321437836, 43.3013725281, 25.5384159088, 10.2835407257, 3.19032764435, 6.41405248642, 17.7369937897, 22.2267017365, 34.9148025513, 14.5300178528, 3.68336939812, -5.43306827545, -8.58542633057], [-23.9294757843, -17.567937851, 3.5194633007, 13.1677713394, 13.5332717896, 4.8898973465, -1.26574456692, 3.00252246857, 14.5300178528, 29.9422836304, 12.813334465, 2.70615172386, 0.0435719825327], [-14.0608634949, -11.6301498413, 6.0085105896, 9.1462726593, 12.9000682831, 3.30018734932, -5.80833101273, -0.532464504242, 3.68336939812, 12.813334465, 22.1124420166, 12.3070068359, 8.62502765656], [-12.3938617706, -40.2772750854, -7.21526908875, 4.90852165222, 12.5888395309, 2.73755645752, -13.1902885437, -7.7502207756, -5.43306827545, 2.70615172386, 12.3070068359, 26.9274616241, 23.1129112244], [-11.5307292938, -47.6190643311, -5.87630605698, 6.44919300079, 16.571105957, 1.38688349724, -15.5739049911, -8.06283283234, -8.58542633057, 0.0435719825327, 8.62502765656, 23.1129112244, 34.5208396912]],
        "icov": [[0.00277949660085, -0.00100417202339, 0.0025991240982, 0.00249753822573, -0.0044581387192, 0.00248173368163, 0.000154112261953, -0.00173232122324, 0.0005419497611, 0.00172614213079, -3.87611580663e-05, 0.000488703080919, 0.0010394238634], [-0.00100417202339, 0.0273514334112, -0.0207356158644, 0.0139467259869, -0.00513100391254, 0.0220917742699, -0.0393258966506, 0.0172116644681, -0.0217291135341, 0.0234708022326, -0.0159678645432, 0.00842535030097, 0.0120273474604], [0.0025991240982, -0.0207356158644, 0.0406649447978, -0.0158394016325, -0.00411304598674, -0.0212491508573, 0.0251858402044, -0.0107681611553, -0.00127067428548, 0.000146068166941, -0.00131055538077, 0.0068340934813, -0.0107427816838], [0.00249753822573, 0.0139467259869, -0.0158394016325, 0.0381190665066, -0.02818175219, 0.0282617770135, -0.0267617907375, 0.0230082850903, -0.0209439042956, 0.0125375203788, -0.00641848519444, 0.00352602521889, 0.00996649544686], [-0.0044581387192, -0.00513100391254, -0.00411304598674, -0.02818175219, 0.0474916324019, -0.0319778397679, 0.025442590937, -0.0197748001665, 0.0202941279858, -0.0183106455952, 0.00440735230222, -0.00316425878555, -0.0125676440075], [0.00248173368163, 0.0220917742699, -0.0212491508573, 0.0282617770135, -0.0319778397679, 0.0753479152918, -0.0576800778508, 0.0340137220919, -0.0256424583495, 0.0183343309909, -0.0101586654782, -0.00278552388772, 0.0146542182192], [0.000154112261953, -0.0393258966506, 0.0251858402044, -0.0267617907375, 0.025442590937, -0.0576800778508, 0.10206091404, -0.0636285468936, 0.043047003448, -0.0375297851861, 0.0284306686372, -0.0114475954324, -0.012307501398], [-0.00173232122324, 0.0172116644681, -0.0107681611553, 0.0230082850903, -0.0197748001665, 0.0340137220919, -0.0636285468936, 0.0921586081386, -0.0592100732028, 0.0274291541427, -0.0204820558429, 0.0153197897598, -0.00192252686247], [0.0005419497611, -0.0217291135341, -0.00127067428548, -0.0209439042956, 0.0202941279858, -0.0256424583495, 0.043047003448, -0.0592100732028, 0.100797004998, -0.0589943677187, 0.0273291636258, -0.0199330225587, 0.0024437578395], [0.00172614213079, 0.0234708022326, 0.000146068166941, 0.0125375203788, -0.0183106455952, 0.0183343309909, -0.0375297851861, 0.0274291541427, -0.0589943677187, 0.0941982641816, -0.055765490979, 0.0247870031744, 0.0107099693269], [-3.87611580663e-05, -0.0159678645432, -0.00131055538077, -0.00641848519444, 0.00440735230222, -0.0101586654782, 0.0284306686372, -0.0204820558429, 0.0273291636258, -0.055765490979, 0.102606117725, -0.0543230734766, 0.0028737585526], [0.000488703080919, 0.00842535030097, 0.0068340934813, 0.00352602521889, -0.00316425878555, -0.00278552388772, -0.0114475954324, 0.0153197897598, -0.0199330225587, 0.0247870031744, -0.0543230734766, 0.122444055974, -0.0610621571541], [0.0010394238634, 0.0120273474604, -0.0107427816838, 0.00996649544686, -0.0125676440075, 0.0146542182192, -0.012307501398, -0.00192252686247, 0.0024437578395, 0.0107099693269, 0.0028737585526, -0.0610621571541, 0.0824175700545]]
    },
    "melbands": {
        "dmean": [0.00228790123947, 0.00308401347138, 0.00104452867527, 0.000592175754718, 0.00184560962953, 0.000433132925536, 0.000209151243325, 0.000166553043528, 7.90749400039e-05, 6.60512159811e-05, 5.53064091946e-05, 7.26545840735e-05, 2.43522626988e-05, 1.56646292453e-05, 7.425763215e-06, 2.59171865764e-05, 1.66266363522e-05, 2.79791561297e-06, 3.30179886987e-06, 1.53260371007e-05, 1.64646610301e-06, 2.2362432901e-06, 3.29157069245e-06, 1.27770999825e-06, 9.83579070635e-07, 5.07721210852e-07, 2.16886164139e-07, 2.23272948574e-07, 6.96330175742e-08, 5.26457846206e-08, 2.81435266203e-08, 1.84456023788e-08, 1.33442679129e-08, 7.88008591712e-09, 7.42062011838e-09, 6.54642162701e-09, 3.94403798509e-09, 3.63938745807e-09, 3.06177727616e-09, 3.65206087594e-09],
        "dmean2": [0.00369706586935, 0.00512684881687, 0.00178286747541, 0.000970855762716, 0.0027926415205, 0.000703808676917, 0.000376863987185, 0.000293360528303, 0.000130104002892, 0.000107263615064, 9.36244614422e-05, 0.000126299855765, 3.99749078497e-05, 2.72451670753e-05, 1.25660781123e-05, 3.53032046405e-05, 2.31356971199e-05, 4.59938246422e-06, 5.18367460245e-06, 2.2457094019e-05, 2.61728541773e-06, 3.44776708516e-06, 5.03528463014e-06, 2.02950604944e-06, 1.53604605657e-06, 7.95134042164e-07, 3.39548648753e-07, 3.53045891188e-07, 1.09728674147e-07, 8.29620887544e-08, 4.51376607202e-08, 3.01123783686e-08, 2.1583085541e-08, 1.26420482971e-08, 1.2066005084e-08, 1.10170059742e-08, 6.03287242384e-09, 5.37207744955e-09, 4.67368277413e-09, 5.73225289457e-09],
        "dvar": [5.20530693393e-06, 8.61002081365e-06, 3.06361357616e-06, 6.08858556461e-07, 3.30322450282e-06, 1.93702703655e-07, 1.13393546997e-07, 3.71283235268e-08, 5.34694866161e-09, 6.60489174464e-09, 7.31845251067e-09, 7.74129027548e-09, 9.91962734176e-10, 4.49223380716e-10, 8.83262907259e-11, 8.03645705538e-10, 3.25258348033e-10, 1.22867870392e-11, 1.33401640429e-11, 2.89906376683e-10, 3.14165924178e-12, 5.13153582127e-12, 1.02187520598e-11, 1.8587620592e-12, 1.01883996032e-12, 2.09369197327e-13, 5.71506275464e-14, 5.04261989966e-14, 8.64603798712e-15, 3.22316089935e-15, 9.71902861976e-16, 5.30156598197e-16, 3.82229626088e-16, 5.88154995504e-17, 5.48972144719e-17, 9.0376972869e-17, 1.80282691017e-17, 1.12897522566e-17, 1.23436241975e-17, 2.6048415452e-17],
        "dvar2": [9.80902132142e-06, 1.88649300981e-05, 8.20272362034e-06, 1.61887214745e-06, 6.18083959125e-06, 4.73481122754e-07, 3.10173163598e-07, 9.58631432013e-08, 1.32130715258e-08, 1.6187474472e-08, 1.95178788687e-08, 2.08552162206e-08, 2.24581375718e-09, 1.25093080339e-09, 2.26571136852e-10, 1.78460202171e-09, 7.3767458808e-10, 3.37620452429e-11, 2.90104711087e-11, 5.73240233059e-10, 7.61208891059e-12, 1.25584759605e-11, 2.34398542243e-11, 4.76976444452e-12, 2.45049705354e-12, 4.67548092256e-13, 1.39278386459e-13, 1.14871640303e-13, 2.30904078274e-14, 7.5953410499e-15, 2.3759261465e-15, 1.41824676765e-15, 1.04363967047e-15, 1.50904848784e-16, 1.38277811002e-16, 2.50685938775e-16, 4.66608282202e-17, 2.41423216598e-17, 2.65960205981e-17, 6.20830019363e-17],
        "max": [0.0135445203632, 0.0201538074762, 0.01797054708, 0.00540722208098, 0.0151453735307, 0.00313885626383, 0.00244568963535, 0.000992599292658, 0.0003861784935, 0.000544259150047, 0.00084213813534, 0.000948327651713, 0.000282604334643, 0.000147607599501, 5.99481718382e-05, 0.000331511429977, 0.000207215329283, 2.91578180622e-05, 3.10622745019e-05, 0.000189695929294, 1.71751526068e-05, 2.01886305149e-05, 2.50571192737e-05, 1.34858910315e-05, 9.32714647206e-06, 4.56240695712e-06, 2.07295511245e-06, 1.90416028545e-06, 8.71014208315e-07, 5.94257130615e-07, 2.37765775069e-07, 1.81798782251e-07, 2.02034556196e-07, 6.74228317621e-08, 7.62960894463e-08, 1.02160896631e-07, 4.06398896757e-08, 4.36358753575e-08, 3.83719225283e-08, 5.03132326912e-08],
        "mean": [0.00319439265877, 0.00437959516421, 0.00127716106363, 0.000862172455527, 0.00548201752827, 0.00104218709748, 0.000215149280848, 0.000216076106881, 9.90433327388e-05, 7.68862082623e-05, 7.61378396419e-05, 0.000112724599603, 2.96939306281e-05, 1.62538599398e-05, 9.10372909857e-06, 6.8796951382e-05, 4.35341025877e-05, 4.88940258947e-06, 7.72747898736e-06, 4.07410225307e-05, 3.51225571649e-06, 5.99447093919e-06, 8.59284864418e-06, 2.33627315538e-06, 1.93582627617e-06, 1.1629160781e-06, 4.68363907657e-07, 4.79866685055e-07, 1.40176226182e-07, 1.20977006191e-07, 6.60480949932e-08, 4.55766766549e-08, 3.30476375154e-08, 2.27258780683e-08, 1.96401277464e-08, 1.66695386383e-08, 1.22911023581e-08, 1.14355049874e-08, 1.04252881883e-08, 1.0636394876e-08],
        "median": [0.00214329687878, 0.00345557043329, 0.000834465725347, 0.000590455892961, 0.0046534226276, 0.000883241998963, 0.000119147691294, 0.000142567470903, 6.97681316524e-05, 4.42149794253e-05, 4.92616309202e-05, 8.69678406161e-05, 1.60442068591e-05, 8.49700427352e-06, 5.40260543858e-06, 6.15359531366e-05, 3.6211724364e-05, 4.01906117986e-06, 6.86716521159e-06, 3.6362263927e-05, 3.11390067509e-06, 5.67526012674e-06, 7.37905975257e-06, 1.82605344889e-06, 1.51550523242e-06, 1.02164290183e-06, 3.7075571413e-07, 3.75409427988e-07, 1.08972649571e-07, 1.02946749791e-07, 5.54566881306e-08, 3.85623621924e-08, 2.82870793455e-08, 2.02068282107e-08, 1.73657586089e-08, 1.39390357035e-08, 1.08837774349e-08, 9.7373540342e-09, 8.96495500058e-09, 9.45826883481e-09],
        "min": [1.03075735751e-05, 1.00765719253e-05, 1.46971906361e-05, 4.74749249406e-05, 9.40501267905e-05, 4.14790229115e-05, 8.21353114588e-06, 3.01921750179e-06, 1.04999139694e-06, 9.1825046411e-07, 5.76637603444e-07, 3.1078954521e-07, 9.09501878255e-08, 2.2227530394e-07, 2.81271468339e-07, 1.51427104811e-06, 7.15446731192e-07, 1.69473750589e-07, 3.6740948417e-07, 1.29692261908e-06, 2.29270099794e-07, 1.68598958794e-07, 3.27193845351e-07, 1.46541424328e-07, 7.5393053578e-08, 8.91175986339e-08, 4.5455088582e-08, 4.71514489675e-08, 2.87531243259e-08, 1.95226270705e-08, 1.39747449168e-08, 1.23477370551e-08, 8.03756172729e-09, 6.00167604503e-09, 3.7874809955e-09, 3.19180526454e-09, 2.95371371806e-09, 2.16468976078e-09, 1.47278989004e-09, 1.07027364749e-09],
        "var": [7.89944533608e-06, 1.11673134597e-05, 2.87851639769e-06, 7.45754903164e-07, 9.79299693427e-06, 3.10078547727e-07, 8.73539462987e-08, 4.81012101261e-08, 7.57966223119e-09, 8.04554289857e-09, 7.10866876474e-09, 9.22262355374e-09, 1.45042355904e-09, 3.91430138302e-10, 1.06378024445e-10, 2.45602738147e-09, 9.36051569589e-10, 1.45111873906e-11, 2.1773593345e-11, 6.15732353992e-10, 5.04037740365e-12, 1.12643123995e-11, 2.61143294489e-11, 3.47167086745e-12, 2.23164650821e-12, 5.52371137112e-13, 1.15963973992e-13, 1.20298302569e-13, 1.27038518119e-14, 6.13372344249e-15, 1.65875584379e-15, 6.95010385557e-16, 4.75511061699e-16, 1.35212385531e-16, 1.18368195698e-16, 1.13505789829e-16, 4.66468819551e-17, 4.3199454551e-17, 3.40089783285e-17, 4.36506915013e-17]
    },
    "mfcc": {
        "mean": [-691.074645996, 210.064224243, -10.0090484619, 32.9409446716, 23.7837028503, 0.40575787425, -1.80632126331, -0.832608401775, -3.34412693977, -2.73218941689, -2.64485287666, -4.22282409668, -4.23921489716],
        "cov": [[558.927429199, 69.501625061, -73.8588638306, -48.9162864685, -61.7114067078, -53.6223297119, 6.1717505455, 16.6910152435, 7.54142951965, 2.35235476494, -15.419593811, -6.6503033638, -8.20775699615], [69.501625061, 278.484069824, 67.1861877441, -40.7406578064, -88.6726531982, -21.5111026764, 33.3340415955, 57.1776199341, 37.5639190674, 16.4351329803, 22.8998775482, 49.0648536682, 38.1698532104], [-73.8588638306, 67.1861877441, 69.3745269775, 19.199300766, 11.3641834259, 11.833199501, 4.09660339355, 16.6438560486, 10.0677499771, 7.63111448288, 10.3235149384, 17.5174064636, 14.6166267395], [-48.9162864685, -40.7406578064, 19.199300766, 91.3667068481, 63.0949783325, 22.7664489746, -4.10875177383, -7.84709310532, 1.72411227226, 11.0968227386, 8.54307937622, -1.04452908039, -6.74969482422], [-61.7114067078, -88.6726531982, 11.3641834259, 63.0949783325, 110.878959656, 35.2841758728, -4.37176513672, -13.8096990585, -10.2965650558, 0.463688105345, -1.97313261032, -12.1245908737, -8.65073204041], [-53.6223297119, -21.5111026764, 11.833199501, 22.7664489746, 35.2841758728, 43.8750991821, 10.1433534622, -1.27567577362, -0.836303293705, 0.41365519166, 5.63773870468, -0.271898299456, -1.21935582161], [6.1717505455, 33.3340415955, 4.09660339355, -4.10875177383, -4.37176513672, 10.1433534622, 32.5078353882, 13.6433067322, 7.45174980164, 0.527653157711, 2.83073186874, 6.27757740021, 4.82635974884], [16.6910152435, 57.1776199341, 16.6438560486, -7.84709310532, -13.8096990585, -1.27567577362, 13.6433067322, 36.3190231323, 16.9584178925, 4.65988063812, -0.452161103487, 7.87616014481, 9.54716110229], [7.54142951965, 37.5639190674, 10.0677499771, 1.72411227226, -10.2965650558, -0.836303293705, 7.45174980164, 16.9584178925, 29.6023788452, 12.7791805267, 5.05364370346, 8.89260482788, 8.3541469574], [2.35235476494, 16.4351329803, 7.63111448288, 11.0968227386, 0.463688105345, 0.41365519166, 0.527653157711, 4.65988063812, 12.7791805267, 24.8240451813, 16.5243415833, 9.74006080627, 2.45194768906], [-15.419593811, 22.8998775482, 10.3235149384, 8.54307937622, -1.97313261032, 5.63773870468, 2.83073186874, -0.452161103487, 5.05364370346, 16.5243415833, 36.846496582, 14.8940992355, 3.04497861862], [-6.6503033638, 49.0648536682, 17.5174064636, -1.04452908039, -12.1245908737, -0.271898299456, 6.27757740021, 7.87616014481, 8.89260482788, 9.74006080627, 14.8940992355, 31.0678730011, 17.1760940552], [-8.20775699615, 38.1698532104, 14.6166267395, -6.74969482422, -8.65073204041, -1.21935582161, 4.82635974884, 9.54716110229, 8.3541469574, 2.45194768906, 3.04497861862, 17.1760940552, 28.2911720276]],
