{
"lowlevel": {
    "average_loudness": 0.976914346218,
    "barkbands_crest": {
        "dmean": 3.00060224533,
        "dmean2": 4.9072728157,
        "dvar": 5.98640537262,
        "dvar2": 15.3655481339,
        "max": 24.3315639496,
        "mean": 12.3041419983,
        "median": 12.0283069611,
        "min": 4.16143608093,
        "var": 13.780957222
    },
    "barkbands_flatness_db": {
        "dmean": 0.0337275490165,
        "dmean2": 0.0493330173194,
        "dvar": 0.000902964442503,
        "dvar2": 0.00198280718178,
        "max": 0.39818713069,
        "mean": 0.232881113887,
        "median": 0.223469346762,
        "min": 0.102061398327,
        "var": 0.00265749846585
    },
    "barkbands_kurtosis": {
        "dmean": 4.30666780472,
        "dmean2": 7.01471138,
        "dvar": 22.0344047546,
        "dvar2": 53.7401618958,
        "max": 66.343963623,
        "mean": 8.91445732117,
        "median": 7.557056427,
        "min": 0.178273916245,
        "var": 37.6323509216
    },
    "barkbands_skewness": {
        "dmean": 0.615585565567,
        "dmean2": 0.965419709682,
        "dvar": 0.277477890253,
        "dvar2": 0.707860291004,
        "max": 7.12469625473,
        "mean": 1.9846804142,
        "median": 1.99584543705,
        "min": -0.489499568939,
        "var": 0.751412153244
    },
    "barkbands_spread": {
        "dmean": 1.97859346867,
        "dmean2": 3.1188120842,
        "dvar": 3.98170590401,
        "dvar2": 10.0316066742,
        "max": 18.7432861328,
        "mean": 6.12532424927,
        "median": 5.62203884125,
        "min": 1.08787941933,
        "var": 8.4724855423
    },
    "dissonance": {
        "dmean": 0.0419390574098,
        "dmean2": 0.0682842805982,
        "dvar": 0.0011674540583,
        "dvar2": 0.0028461816255,
        "max": 0.498988926411,
        "mean": 0.408080339432,
        "median": 0.415452301502,
        "min": 0.227521285415,
        "var": 0.00258043594658
    },
    "dynamic_complexity": 2.83904528618,
    "erbbands_crest": {
        "dmean": 4.00686359406,
        "dmean2": 6.20727729797,
        "dvar": 12.3998718262,
        "dvar2": 27.6002826691,
        "max": 31.1671276093,
        "mean": 14.2972478867,
        "median": 13.2364807129,
        "min": 4.21728801727,
        "var": 31.6021194458
    },
    "erbbands_flatness_db": {
        "dmean": 0.0311336163431,
        "dmean2": 0.0435975007713,
        "dvar": 0.000729907071218,
        "dvar2": 0.00150464405306,
        "max": 0.384836733341,
        "mean": 0.243286684155,
        "median": 0.233436137438,
        "min": 0.149665638804,
        "var": 0.0024535600096
    },
    "erbbands_kurtosis": {
        "dmean": 2.44735908508,
        "dmean2": 3.72590994835,
        "dvar": 7.83819675446,
        "dvar2": 16.2333068848,
        "max": 34.9073791504,
        "mean": 4.16452550888,
        "median": 3.22688388824,
        "min": -1.31354498863,
        "var": 16.6637935638
    },
    "erbbands_skewness": {
        "dmean": 0.456916600466,
        "dmean2": 0.699794411659,
        "dvar": 0.150532856584,
        "dvar2": 0.367087095976,
        "max": 4.64214324951,
        "mean": 1.52762305737,
        "median": 1.47290301323,
        "min": -0.346272438765,
        "var": 0.368980556726
    },
    "erbbands_spread": {
        "dmean": 6.11248779297,
        "dmean2": 9.21094512939,
        "dvar": 31.2720222473,
        "dvar2": 76.3406600952,
        "max": 50.6309814453,
        "mean": 18.9671173096,
        "median": 18.1128196716,
        "min": 3.14168858528,
        "var": 85.509147644
    },
    "hfc": {
        "dmean": 4.27185440063,
        "dmean2": 6.46885585785,
        "dvar": 22.0381202698,
        "dvar2": 51.4868545532,
        "max": 36.5996513367,
        "mean": 11.6816825867,
        "median": 10.714058876,
        "min": 0.414292603731,
        "var": 67.5530471802
    },
    "melbands_crest": {
        "dmean": 3.79079866409,
        "dmean2": 6.17950868607,
        "dvar": 9.78958034515,
        "dvar2": 25.11145401,
        "max": 29.5884780884,
        "mean": 15.6091775894,
        "median": 15.0297470093,
        "min": 6.1586060524,
        "var": 22.3152770996
    },
    "melbands_flatness_db": {
        "dmean": 0.0359917469323,
        "dmean2": 0.0532614588737,
        "dvar": 0.00104414380621,
        "dvar2": 0.00229189475067,
        "max": 0.500825822353,
        "mean": 0.312925904989,
        "median": 0.305804163218,
        "min": 0.165029123425,
        "var": 0.00338759785518
    },
    "melbands_kurtosis": {
        "dmean": 6.27071332932,
        "dmean2": 10.1708402634,
        "dvar": 58.1110916138,
        "dvar2": 153.825134277,
        "max": 81.2859725952,
        "mean": 11.7343769073,
        "median": 9.99751853943,
        "min": -0.374758481979,
        "var": 79.9880218506
    },
    "melbands_skewness": {
        "dmean": 0.726703703403,
        "dmean2": 1.13713753223,
        "dvar": 0.453511029482,
        "dvar2": 1.1535525322,
        "max": 7.32353496552,
        "mean": 2.07168054581,
        "median": 2.04696917534,
        "min": -0.4274315238,
        "var": 1.03644704819
    },
    "melbands_spread": {
        "dmean": 2.11447906494,
        "dmean2": 3.3706908226,
        "dvar": 4.04647779465,
        "dvar2": 10.3912086487,
        "max": 20.5009441376,
        "mean": 7.04421377182,
        "median": 6.54629230499,
        "min": 1.60740149021,
        "var": 8.38760948181
    },
    "pitch_salience": {
        "dmean": 0.0776296257973,
        "dmean2": 0.128921404481,
        "dvar": 0.00435228133574,
        "dvar2": 0.0118154352531,
        "max": 0.778287112713,
        "mean": 0.529973804951,
        "median": 0.521699786186,
        "min": 0.263069927692,
        "var": 0.00873900298029
    },
    "silence_rate_20dB": {
        "dmean": 0,
        "dmean2": 0,
        "dvar": 0,
        "dvar2": 0,
        "max": 1,
        "mean": 1,
        "median": 1,
        "min": 1,
        "var": 0
    },
    "silence_rate_30dB": {
        "dmean": 0,
        "dmean2": 0,
        "dvar": 0,
        "dvar2": 0,
        "max": 1,
        "mean": 1,
        "median": 1,
        "min": 1,
        "var": 0
    },
    "silence_rate_60dB": {
        "dmean": 0.0473588332534,
        "dmean2": 0.094890512526,
        "dvar": 0.045116070658,
        "dvar2": 0.104134149849,
        "max": 1,
        "mean": 0.0690909102559,
        "median": 0,
        "min": 0,
        "var": 0.0643173754215
    },
    "spectral_centroid": {
        "dmean": 93.2692871094,
        "dmean2": 152.518356323,
        "dvar": 11692.3125,
        "dvar2": 29556.3222656,
        "max": 1227.22399902,
        "mean": 523.415222168,
        "median": 489.296081543,
        "min": 278.869140625,
        "var": 22905.4414062
    },
    "spectral_complexity": {
        "dmean": 2.42258644104,
        "dmean2": 3.65693426132,
        "dvar": 5.90519762039,
        "dvar2": 12.8640480042,
        "max": 27,
        "mean": 10.1127271652,
        "median": 10,
        "min": 2,
        "var": 16.4418315887
    },
    "spectral_decrease": {
        "dmean": 2.83920509325e-09,
        "dmean2": 4.46137082832e-09,
        "dvar": 8.42694550378e-18,
        "dvar2": 2.080412511e-17,
        "max": -2.47410536502e-10,
        "mean": -7.48503126147e-09,
        "median": -7.29579641146e-09,
        "min": -1.99116296784e-08,
        "var": 2.29736676555e-17
    },
    "spectral_energy": {
        "dmean": 0.0110848033801,
        "dmean2": 0.0173986144364,
        "dvar": 0.00012897751003,
        "dvar2": 0.000317836645991,
        "max": 0.0784706026316,
        "mean": 0.0293097347021,
        "median": 0.0285136848688,
        "min": 0.000991428969428,
        "var": 0.000353224313585
    },
    "spectral_energyband_high": {
        "dmean": 7.07597937435e-05,
        "dmean2": 0.000112153276859,
        "dvar": 2.58403431985e-08,
        "dvar2": 6.4948835643e-08,
        "max": 0.00152329448611,
        "mean": 9.32626935537e-05,
        "median": 3.58813813364e-05,
        "min": 1.99839155357e-06,
        "var": 2.91094188754e-08
    },
    "spectral_energyband_low": {
        "dmean": 0.00215308833867,
        "dmean2": 0.00343421241269,
        "dvar": 7.32984381102e-06,
        "dvar2": 1.95290322154e-05,
        "max": 0.0235170945525,
        "mean": 0.00370080349967,
        "median": 0.0018779009115,
        "min": 0.000106503015559,
        "var": 1.97573062906e-05
    },
    "spectral_energyband_middle_high": {
        "dmean": 0.000526887422893,
        "dmean2": 0.000755456159823,
        "dvar": 4.648993297e-07,
        "dvar2": 8.67417213612e-07,
        "max": 0.0067167407833,
        "mean": 0.00130363029893,
        "median": 0.000810457509942,
        "min": 2.99497132801e-05,
        "var": 1.77080289632e-06
    },
    "spectral_energyband_middle_low": {
        "dmean": 0.010770262219,
        "dmean2": 0.0168599616736,
        "dvar": 0.000126830564113,
        "dvar2": 0.000312634918373,
        "max": 0.0733579546213,
        "mean": 0.0247869715095,
        "median": 0.0221095811576,
        "min": 0.000447413884103,
        "var": 0.000327077781549
    },
    "spectral_entropy": {
        "dmean": 0.355286568403,
        "dmean2": 0.515391469002,
        "dvar": 0.10314694047,
        "dvar2": 0.224051967263,
        "max": 7.73990154266,
        "mean": 6.5137834549,
        "median": 6.58594083786,
        "min": 4.92844295502,
        "var": 0.26341509819
    },
    "spectral_flux": {
        "dmean": 0.0301280617714,
        "dmean2": 0.0469050593674,
        "dvar": 0.000814547820482,
        "dvar2": 0.00195401767269,
        "max": 0.2230720222,
        "mean": 0.0777704119682,
        "median": 0.0712881833315,
        "min": 0.0107556926087,
        "var": 0.00161816424225
    },
    "spectral_kurtosis": {
        "dmean": 7.1781334877,
        "dmean2": 12.2816200256,
        "dvar": 74.0442276001,
        "dvar2": 202.695053101,
        "max": 68.14453125,
        "mean": 12.935833931,
        "median": 9.19675350189,
        "min": 1.93853807449,
        "var": 131.392578125
    },
    "spectral_rms": {
        "dmean": 0.00101186300162,
        "dmean2": 0.00156283634715,
        "dvar": 9.20788181702e-07,
        "dvar2": 2.00164276976e-06,
        "max": 0.00874966755509,
        "mean": 0.00499477470294,
        "median": 0.00527429860085,
        "min": 0.000983487581834,
        "var": 3.64708466805e-06
    },
    "spectral_rolloff": {
        "dmean": 84.1323928833,
        "dmean2": 152.146972656,
        "dvar": 12954.5292969,
        "dvar2": 30602.5429688,
        "max": 1313.52539062,
        "mean": 529.912841797,
        "median": 516.796875,
        "min": 193.798828125,
        "var": 18005.0390625
    },
    "spectral_skewness": {
        "dmean": 0.618978738785,
        "dmean2": 1.03442537785,
        "dvar": 0.376508712769,
        "dvar2": 0.963126182556,
        "max": 6.57115268707,
        "mean": 2.52726507187,
        "median": 2.28421020508,
        "min": 1.12928545475,
        "var": 0.941293418407
    },
    "spectral_spread": {
        "dmean": 442757.15625,
        "dmean2": 666535.375,
        "dvar": 213288566784,
        "dvar2": 359598260224,
        "max": 11739538,
        "mean": 2830062.75,
        "median": 2894071,
        "min": 998796.75,
        "var": 599699947520
    },
    "spectral_strongpeak": {
        "dmean": 0.530362188816,
        "dmean2": 0.811577677727,
        "dvar": 0.364614248276,
        "dvar2": 0.690706014633,
        "max": 5.34788179398,
        "mean": 1.20145320892,
        "median": 1.04232549667,
        "min": 0.0358493812382,
        "var": 0.861789941788
    },
    "zerocrossingrate": {
        "dmean": 0.00380930537358,
        "dmean2": 0.00502448529005,
        "dvar": 1.04058854049e-05,
        "dvar2": 1.69437644217e-05,
        "max": 0.04541015625,
        "mean": 0.0229749642313,
        "median": 0.0224609375,
        "min": 0.00634765625,
        "var": 4.35133151768e-05
    },
    "barkbands": {
        "dmean": [2.47637381108e-05, 0.000645613588858, 0.00153492495883, 0.00040599150816, 0.00655798101798, 0.00238994206302, 0.00178130320273, 0.0029772662092, 0.000465583550977, 0.000371399626601, 0.000118783085782, 8.41575165396e-05, 9.52965347096e-05, 8.7019878265e-05, 9.09401860554e-05, 2.10625039472e-05, 1.55394591275e-05, 3.68030632671e-05, 2.02245864784e-05, 6.81752426317e-05, 1.39971807585e-05, 3.6555729821e-06, 1.04105620267e-05, 7.68281552155e-06, 4.84585143568e-07, 2.58976029954e-07, 4.35427374157e-08],
        "dmean2": [3.96249452024e-05, 0.00109718204476, 0.00240179267712, 0.000672744645271, 0.0107849640772, 0.00389452581294, 0.00240013701841, 0.00404644431546, 0.000746783101931, 0.000514035928063, 0.000184155956958, 0.000138772666105, 0.000140372343594, 0.000129017760628, 0.000139391268021, 3.51829294232e-05, 2.40266508627e-05, 5.77544815314e-05, 3.23601416312e-05, 0.000115327362437, 2.29968864005e-05, 5.76618776904e-06, 1.52938555402e-05, 1.21136927191e-05, 7.44716317058e-07, 4.04373793117e-07, 5.47607363899e-08],
        "dvar": [2.20379936522e-09, 6.43931002742e-07, 4.45197611043e-06, 3.17180138154e-07, 6.60090736346e-05, 1.87490386452e-05, 1.29332138386e-05, 1.58205366461e-05, 1.41056591474e-06, 3.90821526253e-07, 3.88722867228e-08, 2.77229474932e-08, 3.06626048996e-08, 3.98590707107e-08, 2.43951756573e-08, 1.11885201104e-09, 6.08337824559e-10, 3.82804588028e-09, 1.35949873581e-09, 2.42290010277e-08, 9.95083793143e-10, 6.79168804529e-11, 4.22595930472e-10, 2.50543086278e-10, 1.390325138e-12, 7.81875432454e-13, 3.9025821962e-13],
        "dvar2": [4.19649470729e-09, 1.84585951502e-06, 1.10383416541e-05, 8.1086307091e-07, 0.00018485749024, 4.79431182612e-05, 1.89604106708e-05, 2.95405261568e-05, 3.33530419994e-06, 6.69996495617e-07, 8.85649242832e-08, 6.61250680878e-08, 5.13874347519e-08, 9.90374005028e-08, 5.08365545215e-08, 2.82326584333e-09, 1.27601984534e-09, 9.29859567123e-09, 3.22972804057e-09, 6.49178986123e-08, 2.44244047209e-09, 1.77753992081e-10, 8.3627793579e-10, 6.13241124547e-10, 2.82117211536e-12, 1.46699373569e-12, 3.95184427716e-13],
        "max": [0.000763960764743, 0.0103004071862, 0.0183611568063, 0.00455886498094, 0.0552785396576, 0.0491839647293, 0.0319369211793, 0.047782368958, 0.0126354657114, 0.00749324308708, 0.00219314382412, 0.00189156003762, 0.00282295164652, 0.00260277790949, 0.00205716886558, 0.000316917372402, 0.000244465598371, 0.000606305140536, 0.000338328216458, 0.00168793427292, 0.000280023697997, 0.00011314333824, 0.000251946854405, 0.000177419700776, 1.40792526508e-05, 1.3888515241e-05, 1.46199745359e-05],
        "mean": [3.94199560105e-05, 0.000955428986344, 0.0023645022884, 0.000493787054438, 0.011161393486, 0.00438493164256, 0.00270690536126, 0.00499707460403, 0.000592870521359, 0.000654340838082, 0.000170660961885, 0.000112488778541, 0.000148475854076, 0.000110352259071, 0.000143776152981, 3.06809270114e-05, 2.48678516073e-05, 5.45301591046e-05, 2.75409329333e-05, 9.4598843134e-05, 1.39074281833e-05, 4.31840817328e-06, 1.37003926284e-05, 8.37639072415e-06, 5.21229083006e-07, 2.79815139947e-07, 5.89079469648e-08],
        "median": [1.18545794976e-05, 0.000568766961806, 0.000836852996144, 0.000240015288, 0.00801176577806, 0.00144215743057, 0.000654627103359, 0.00228223530576, 0.000230915204156, 0.000187460129382, 6.19702768745e-05, 6.05593413638e-05, 5.77472237637e-05, 4.29125466326e-05, 7.57221278036e-05, 1.64431476151e-05, 1.33319172164e-05, 2.66719234787e-05, 1.28015744849e-05, 3.57713615813e-05, 4.48310765933e-06, 1.6924495867e-06, 5.12028327648e-06, 2.69265001407e-06, 1.12991955348e-07, 9.43905078543e-08, 2.0744252538e-08],
        "min": [1.3034099311e-07, 7.26390044292e-06, 1.81752966455e-05, 1.62103049206e-06, 3.80624187528e-05, 9.7924066722e-06, 1.21110588225e-05, 2.24083196372e-05, 1.69285192442e-06, 5.70058818994e-06, 8.45022668727e-07, 9.86559371086e-07, 1.60702234098e-06, 1.13828343729e-06, 8.99391011444e-07, 3.74175698425e-07, 2.73631798109e-07, 3.84973276368e-07, 4.12820043039e-07, 1.22493088384e-06, 1.17774924036e-07, 1.11020952431e-07, 1.53650717039e-07, 5.5784170172e-08, 1.37013254076e-08, 1.59824313783e-08, 5.34609867486e-09],
        "var": [5.54551293774e-09, 1.19523633657e-06, 1.1775724488e-05, 4.15976955992e-07, 0.000106065046566, 4.71019084216e-05, 2.97166207019e-05, 4.45973673777e-05, 1.99665032596e-06, 1.36527000905e-06, 7.03298539406e-08, 3.62558871814e-08, 7.18929129562e-08, 5.65287940901e-08, 4.30365219017e-08, 1.68469393991e-09, 1.11262243863e-09, 5.72786840181e-09, 1.81250103815e-09, 2.73623701474e-08, 9.24510357159e-10, 6.41039513138e-11, 6.81072143127e-10, 2.67158517531e-10, 1.456208743e-12, 7.20531381955e-13, 3.88542252842e-13]
    },
    "erbbands": {
        "dmean": [0.012298354879, 0.184701249003, 1.34865653515, 1.81972706318, 2.27973985672, 25.9125728607, 47.3985023499, 14.1883115768, 7.84021377563, 60.7998924255, 51.5652503967, 13.0347032547, 13.6354751587, 4.57851219177, 4.96848869324, 3.11990380287, 4.72086143494, 4.59741210938, 4.94228935242, 2.23467326164, 0.847366333008, 0.827026963234, 1.79089462757, 1.53568935394, 1.45055162907, 3.3251144886, 1.28677690029, 0.284578084946, 0.149701982737, 0.176406189799, 0.266917288303, 0.327598422766, 0.0386873520911, 0.0073574106209, 0.00272133224644, 0.00207402952947, 0.000200483918888, 3.77473224944e-05, 1.08460972115e-05, 1.26370550788e-05],
        "dmean2": [0.0205067694187, 0.322203367949, 2.24333643913, 2.89439964294, 3.85047626495, 41.9308128357, 76.9851989746, 24.253786087, 12.1779928207, 86.2804336548, 66.7577896118, 20.3012619019, 18.4821033478, 6.77547454834, 7.88112068176, 4.87358283997, 6.97549962997, 6.73006534576, 7.47963142395, 3.5105304718, 1.40945518017, 1.27712976933, 2.79813861847, 2.44148731232, 2.36587262154, 5.54114198685, 2.17147660255, 0.452211737633, 0.231406629086, 0.281923115253, 0.394803822041, 0.501316845417, 0.0592992864549, 0.0112627716735, 0.00424969522282, 0.003301553661, 0.000298794970149, 5.0614355132e-05, 1.53168039105e-05, 1.96315359062e-05],
        "dvar": [0.000317211262882, 0.0546047352254, 3.58389353752, 5.94984149933, 8.25879096985, 1102.81616211, 4088.53198242, 1614.79467773, 226.402053833, 10400.5957031, 8561.34179688, 1113.1348877, 528.53527832, 50.7491950989, 55.0443229675, 31.0682277679, 73.2371749878, 119.41053009, 94.7363739014, 10.4357147217, 1.88528370857, 1.92228877544, 8.44207000732, 8.80068397522, 7.14420461655, 58.1917457581, 8.9815568924, 0.379256427288, 0.10065381974, 0.147423937917, 0.317743569613, 0.384298682213, 0.005820248276, 0.000261818873696, 5.56559243705e-05, 3.64375518984e-05, 1.38296888963e-06, 1.52079223881e-07, 7.84151588107e-09, 2.17212470233e-10],
        "dvar2": [0.000833527592476, 0.164528593421, 9.92373752594, 13.605427742, 18.4894886017, 3042.06152344, 10107.3759766, 4357.38574219, 455.36895752, 18111.7910156, 13703.7705078, 2593.78662109, 910.125671387, 110.39112854, 125.655952454, 68.5672149658, 122.970306396, 290.159667969, 191.817474365, 27.5891418457, 4.50205945969, 4.3857011795, 19.7345428467, 20.9754009247, 18.5877857208, 154.772766113, 22.9729557037, 0.903136849403, 0.252928704023, 0.325673222542, 0.671404898167, 0.893362700939, 0.0140938963741, 0.000533683516551, 0.00011166263721, 8.39876374812e-05, 1.76882178948e-06, 1.59119679211e-07, 8.03494426549e-09, 4.39240976924e-10],
        "max": [0.224069938064, 2.57088828087, 16.7251605988, 20.3494815826, 55.5557060242, 226.022293091, 527.565673828, 539.098266602, 259.400177002, 934.766601562, 1305.34216309, 374.40927124, 289.788146973, 136.860794067, 70.2183914185, 83.5414199829, 139.174026489, 145.102783203, 131.93711853, 32.6936912537, 11.908080101, 14.0107593536, 29.9908771515, 26.9639205933, 33.7834892273, 90.7728118896, 27.0052127838, 6.30948400497, 3.67530989647, 3.95291352272, 7.24912548065, 6.55637073517, 0.840168476105, 0.160219058394, 0.0991426259279, 0.0602252930403, 0.0253586862236, 0.0090569825843, 0.00209141010419, 0.000249915203312],
        "mean": [0.0180814675987, 0.277973145247, 2.04882407188, 2.80003118515, 4.21856021881, 43.8828887939, 79.8183441162, 22.3035736084, 13.3118515015, 102.527297974, 87.356552124, 19.9298286438, 25.1106338501, 7.46514225006, 7.61664772034, 5.12564945221, 7.74291467667, 6.11038064957, 7.4007101059, 3.98025393486, 1.34814369678, 1.37553632259, 2.78184056282, 2.11229610443, 2.35275173187, 4.35011672974, 1.43512761593, 0.339749634266, 0.17968967557, 0.23461279273, 0.342904388905, 0.372886925936, 0.0435193404555, 0.00826296396554, 0.00298029393889, 0.00204355828464, 0.000277270097286, 6.22155275778e-05, 2.20818074013e-05, 3.36056036758e-05],
        "median": [0.00976513978094, 0.165163904428, 0.816014349461, 1.23489999771, 3.22555589676, 30.0649833679, 42.9698486328, 8.58337402344, 6.20729541779, 41.0416564941, 34.7799606323, 9.57515525818, 8.09116649628, 4.16283893585, 3.275867939, 2.91791582108, 3.3200302124, 2.52245855331, 3.24887514114, 2.66500425339, 0.85792195797, 0.839656233788, 1.41458320618, 0.914049267769, 1.07222747803, 1.70061302185, 0.505814671516, 0.135994613171, 0.0726629197598, 0.0942284762859, 0.125971332192, 0.12930008769, 0.0122810937464, 0.00181230681483, 0.000821486231871, 0.000435830123024, 0.000131237524329, 3.08200687869e-05, 1.60420149768e-05, 3.23439817294e-05],
        "min": [0.000405236060033, 0.00368280895054, 0.0277385637164, 0.0590628944337, 0.071224309504, 0.157462507486, 0.242351382971, 0.153155177832, 0.217027023435, 0.960951089859, 0.704223096371, 0.124543629587, 0.237656638026, 0.079597890377, 0.0644668713212, 0.0751080736518, 0.111556529999, 0.0975046977401, 0.0864330083132, 0.0587219037116, 0.0253028143197, 0.020796617493, 0.0240408089012, 0.0311074927449, 0.0340217500925, 0.0589029490948, 0.0195339657366, 0.00633083377033, 0.00529584754258, 0.00393879693002, 0.00357915693894, 0.00323467585258, 0.000509739795234, 0.000180212999112, 0.000130410757265, 7.4197887443e-05, 3.54386829713e-05, 7.38991411708e-06, 3.05371668219e-06, 1.54867575475e-06],
        "var": [0.000613882672042, 0.0951459854841, 8.1785068512, 13.0034646988, 27.8865509033, 1954.99499512, 9203.03710938, 2073.3659668, 508.763458252, 24360.6191406, 22835.2890625, 1716.66589355, 1910.2130127, 106.173034668, 113.431861877, 52.6334724426, 172.121688843, 176.325424194, 156.516143799, 18.4767189026, 2.68576025963, 3.17907500267, 13.7357664108, 10.996881485, 11.5473470688, 62.8547019958, 8.51431369781, 0.405140906572, 0.102618999779, 0.192684397101, 0.451174110174, 0.480160921812, 0.00663466192782, 0.000300397921819, 5.49504584342e-05, 3.26207700709e-05, 1.3258609215e-06, 1.50616529027e-07, 7.97756349868e-09, 5.26248711274e-10]
    },
    "gfcc": {
        "mean": [-73.0811920166, 161.889373779, -114.80039978, 22.0479621887, -68.9557113647, -13.4833021164, -30.8800392151, -9.47466754913, -13.3308429718, -9.00157928467, -1.03698658943, -17.7097415924, -9.91038703918],
        "cov": [[2424.35107422, -262.114837646, -638.813110352, 140.889816284, -434.99621582, 49.3950996399, -147.724212646, 0.330573409796, -36.2194633484, -170.95703125, 98.2688827515, -50.5763511658, 198.091369629], [-262.114837646, 484.697235107, 170.315002441, -146.091186523, 170.498840332, -127.675132751, 31.2369861603, -92.9846801758, 119.784156799, -2.5480234623, -32.8418502808, -36.9170265198, -14.5000734329], [-638.813110352, 170.315002441, 406.031433105, -9.72267627716, 157.077697754, -19.4594116211, 49.2143859863, 22.0844612122, 34.9865188599, 54.979675293, -45.8987770081, 29.9243183136, -59.9531745911], [140.889816284, -146.091186523, -9.72267627716, 204.627090454, -22.6517162323, 76.9648742676, 0.23745059967, 57.8931922913, -21.4060516357, -23.2620639801, 26.8530845642, 16.7689476013, 12.9160375595], [-434.99621582, 170.498840332, 157.077697754, -22.6517162323, 232.111755371, 2.13098311424, 31.0040340424, -10.0594768524, 43.0175895691, 69.9077835083, -40.8010101318, 13.3068933487, -62.401512146], [49.3950996399, -127.675132751, -19.4594116211, 76.9648742676, 2.13098311424, 163.762496948, 8.44794940948, 43.4522438049, -35.2136077881, 5.58504343033, 18.9295349121, 23.1443881989, -9.03707027435], [-147.724212646, 31.2369861603, 49.2143859863, 0.23745059967, 31.0040340424, 8.44794940948, 69.3779296875, 27.3608570099, -3.84047174454, 9.9802904129, -13.6078510284, 10.8539762497, -10.9675502777], [0.330573409796, -92.9846801758, 22.0844612122, 57.8931922913, -10.0594768524, 43.4522438049, 27.3608570099, 90.6403045654, -10.1046037674, 3.77770614624, -2.79282045364, 21.4223403931, -7.31153678894], [-36.2194633484, 119.784156799, 34.9865188599, -21.4060516357, 43.0175895691, -35.2136077881, -3.84047174454, -10.1046037674, 90.4957962036, 13.5553636551, -12.5290613174, -17.5542411804, -6.52686929703], [-170.95703125, -2.5480234623, 54.979675293, -23.2620639801, 69.9077835083, 5.58504343033, 9.9802904129, 3.77770614624, 13.5553636551, 90.7928237915, -17.962059021, 1.43406498432, -35.5463485718], [98.2688827515, -32.8418502808, -45.8987770081, 26.8530845642, -40.8010101318, 18.9295349121, -13.6078510284, -2.79282045364, -12.5290613174, -17.962059021, 63.0878868103, 4.65710449219, 9.09156608582], [-50.5763511658, -36.9170265198, 29.9243183136, 16.7689476013, 13.3068933487, 23.1443881989, 10.8539762497, 21.4223403931, -17.5542411804, 1.43406498432, 4.65710449219, 57.5813713074, 3.33233308792], [198.091369629, -14.5000734329, -59.9531745911, 12.9160375595, -62.401512146, -9.03707027435, -10.9675502777, -7.31153678894, -6.52686929703, -35.5463485718, 9.09156608582, 3.33233308792, 67.9915847778]],
        "icov": [[0.00126869312953, -0.00219050352462, 0.00185867154505, -0.00147192459553, 0.00253520905972, -0.000724581943359, 0.00243905675597, -0.00154150580056, 0.000966969819274, -0.00141529669054, 0.00109902978875, -0.000735537556466, -0.000544782786164], [-0.00219050352462, 0.0177762005478, -0.00681418599561, 0.00868122372776, -0.0141881285235, 0.00415200088173, -0.0118518834934, 0.0101172709838, -0.0125742610544, 0.0127660762519, -0.00723919644952, 0.00727207353339, -0.00469963531941], [0.00185867154505, -0.00681418599561, 0.0075357016176, -0.00415968429297, 0.0046403715387, -0.000863481895067, 0.00431575160474, -0.00455365516245, 0.003585644532, -0.00483014108613, 0.0041255983524, -0.00454529328272, 0.00240724137984], [-0.00147192459553, 0.00868122372776, -0.00415968429297, 0.012028798461, -0.0083587160334, -0.000238464941503, -0.00446909712628, 0.000249722623266, -0.00534742884338, 0.00795380305499, -0.0061880950816, 0.00461021950468, -0.0039639333263], [0.00253520905972, -0.0141881285235, 0.0046403715387, -0.0083587160334, 0.0216680187732, -0.00464767403901, 0.00767963472754, -0.00371604412794, 0.00594052998349, -0.0133581552655, 0.00937452726066, -0.00913784652948, 0.00815641693771], [-0.000724581943359, 0.00415200088173, -0.000863481895067, -0.000238464941503, -0.00464767403901, 0.010071340017, -0.00286847306415, -0.000107419378764, -0.000202781826374, 0.00196915026754, -0.00343764829449, 0.000298173603369, 0.000334303826094], [0.00243905675597, -0.0118518834934, 0.00431575160474, -0.00446909712628, 0.00767963472754, -0.00286847306415, 0.0280268322676, -0.0138149894774, 0.0100267250091, -0.00745367817581, 0.00636884616688, -0.00450242683291, 0.00115786038805], [-0.00154150580056, 0.0101172709838, -0.00455365516245, 0.000249722623266, -0.00371604412794, -0.000107419378764, -0.0138149894774, 0.0254149194807, -0.00927285198122, 0.00557857146487, -0.000377159070922, -0.00156360864639, 0.00181921385229], [0.000966969819274, -0.0125742610544, 0.003585644532, -0.00534742884338, 0.00594052998349, -0.000202781826374, 0.0100267250091, -0.00927285198122, 0.0240242108703, -0.00949095282704, 0.00435102311894, -0.000127931692987, 0.00149283802602], [-0.00141529669054, 0.0127660762519, -0.00483014108613, 0.00795380305499, -0.0133581552655, 0.00196915026754, -0.00745367817581, 0.00557857146487, -0.00949095282704, 0.0254212915897, -0.00385052780621, 0.0054817260243, 0.0011008286383], [0.00109902978875, -0.00723919644952, 0.0041255983524, -0.0061880950816, 0.00937452726066, -0.00343764829449, 0.00636884616688, -0.000377159070922, 0.00435102311894, -0.00385052780621, 0.0240365955979, -0.00665746303275, 0.00471798982471], [-0.000735537556466, 0.00727207353339, -0.00454529328272, 0.00461021950468, -0.00913784652948, 0.000298173603369, -0.00450242683291, -0.00156360864639, -0.000127931692987, 0.0054817260243, -0.00665746303275, 0.0266503617167, -0.00799357518554], [-0.000544782786164, -0.00469963531941, 0.00240724137984, -0.0039639333263, 0.00815641693771, 0.000334303826094, 0.00115786038805, 0.00181921385229, 0.00149283802602, 0.0011008286383, 0.00471798982471, -0.00799357518554, 0.0265606865287]]
    },
    "melbands": {
        "dmean": [0.000138937699376, 0.000538876280189, 0.000285522866761, 0.00080217194045, 0.00170268618967, 0.000323737825966, 0.000172864092747, 0.000675583898555, 0.000360514677595, 6.87381034368e-05, 6.8039757025e-05, 1.98993056983e-05, 1.73368007381e-05, 1.10741129902e-05, 1.09470729512e-05, 8.81203050085e-06, 8.23875052447e-06, 7.82336064731e-06, 4.80177050122e-06, 2.17014871851e-06, 9.19651029108e-07, 7.4258849736e-07, 1.44502189414e-06, 2.17069964492e-06, 1.2110588159e-06, 6.2235153564e-07, 1.87451757938e-06, 2.50498942478e-06, 9.58607074608e-07, 2.9346281849e-07, 1.51855218178e-07, 8.71676633096e-08, 6.76404212641e-08, 1.21940914255e-07, 1.17741464578e-07, 2.91864836299e-07, 1.59242077302e-07, 2.49645228934e-08, 9.15935505219e-09, 4.76840211761e-09],
        "dmean2": [0.000233258964727, 0.000902035506442, 0.00045095270616, 0.00128431234043, 0.00277918111533, 0.000542969850358, 0.00025354209356, 0.000957528303843, 0.00047137713409, 0.000109730346594, 9.25225103856e-05, 3.00800802506e-05, 2.71911048912e-05, 1.80746810656e-05, 1.630290717e-05, 1.32327559186e-05, 1.21508383017e-05, 1.20974846141e-05, 7.36056244932e-06, 3.60855028703e-06, 1.54671408836e-06, 1.19878291116e-06, 2.17381193579e-06, 3.50470781996e-06, 1.92522475118e-06, 1.01263924535e-06, 3.11336202685e-06, 4.176879429e-06, 1.62036360507e-06, 4.87900081225e-07, 2.41809118506e-07, 1.33642188871e-07, 1.11200435526e-07, 1.96083334458e-07, 1.78796156547e-07, 4.41240700866e-07, 2.49840809374e-07, 3.97449966272e-08, 1.44270684288e-08, 7.2444472643e-09],
        "dvar": [3.18231272445e-08, 5.35154924819e-07, 1.40232458534e-07, 1.09346478894e-06, 4.65309176434e-06, 6.8870542691e-07, 1.00318985119e-07, 9.50973230829e-07, 4.57608052784e-07, 3.40024222112e-08, 1.32773285699e-08, 1.01392882979e-09, 8.15244982633e-10, 4.57781063057e-10, 3.3079569639e-10, 1.99318381244e-10, 3.68726299493e-10, 2.45872183724e-10, 4.31353286423e-11, 1.2195925693e-11, 2.75394269021e-12, 1.70650277763e-12, 6.1931948285e-12, 1.37509916648e-11, 5.91025579172e-12, 9.39978888996e-13, 1.43441222442e-11, 3.54118748214e-11, 5.23709808159e-12, 4.8764209901e-13, 1.15967213046e-13, 2.94340256107e-14, 4.22950655618e-14, 6.8110928952e-14, 8.078920291e-14, 3.13726258513e-13, 9.31707646147e-14, 3.18925311168e-15, 3.82025358799e-16, 1.22029336793e-16],
        "dvar2": [8.42471834517e-08, 1.48600929606e-06, 3.31183599656e-07, 2.88148771688e-06, 1.23091376736e-05, 1.87072282642e-06, 1.70588492665e-07, 1.81384780262e-06, 7.22018512533e-07, 7.86089060512e-08, 2.28716849904e-08, 2.27124918872e-09, 1.85350723658e-09, 1.14320275468e-09, 5.79901404674e-10, 4.427745115e-10, 9.05729435896e-10, 5.13991904594e-10, 9.76358507931e-11, 3.37654834648e-11, 6.84207681831e-12, 4.09695584749e-12, 1.43021098437e-11, 3.27653564003e-11, 1.42724339292e-11, 2.31833476028e-12, 3.89624339736e-11, 9.39132868694e-11, 1.367175817e-11, 1.2691729178e-12, 2.77482979085e-13, 7.1041805251e-14, 1.19248374738e-13, 1.45193956142e-13, 1.86219773326e-13, 7.18360429735e-13, 2.20883329531e-13, 8.10994236447e-15, 8.22213293713e-16, 2.43155657056e-16],
        "max": [0.00246275728568, 0.00644444767386, 0.00315875583328, 0.00920465774834, 0.0147648053244, 0.0109434621409, 0.00391314411536, 0.00880343746394, 0.00969282630831, 0.00206948188134, 0.00143689406104, 0.000579149462283, 0.00033175421413, 0.000245723815169, 0.000266813178314, 0.000174584420165, 0.000251271092566, 0.00021000423294, 7.47103331378e-05, 3.47787827195e-05, 1.54862646013e-05, 1.32614877657e-05, 3.06567635562e-05, 4.43505450676e-05, 2.29275356105e-05, 1.09419333967e-05, 4.6568151447e-05, 6.95941198501e-05, 2.25581425184e-05, 6.7337400651e-06, 3.80054098059e-06, 1.70229850482e-06, 3.03561432702e-06, 2.68514941126e-06, 3.2656332678e-06, 6.07590482105e-06, 2.87762100015e-06, 6.68999064146e-07, 1.85544564602e-07, 1.29388581627e-07],
        "mean": [0.000215973792365, 0.000868188450113, 0.00047378859017, 0.001374968444, 0.00290707219392, 0.000531474361196, 0.000277735845884, 0.00116586277727, 0.000591789372265, 9.33175542741e-05, 0.000123083140352, 2.91895557893e-05, 2.55110026046e-05, 1.48011658894e-05, 1.75015011337e-05, 1.35253958433e-05, 1.03141883301e-05, 1.10517612484e-05, 8.28291013022e-06, 3.13605073643e-06, 1.25004032725e-06, 1.07555240447e-06, 2.30277032642e-06, 2.99387761515e-06, 1.54636040861e-06, 9.07040771381e-07, 2.89152717414e-06, 2.98183908853e-06, 1.00533964087e-06, 2.84022064534e-07, 1.74782670115e-07, 1.04732194472e-07, 7.28270208583e-08, 1.61584551961e-07, 1.4637967638e-07, 3.41254775549e-07, 1.72256591213e-07, 2.60908610272e-08, 1.00893151611e-08, 5.0795239126e-09],
        "median": [0.000129915410071, 0.000392000249121, 0.000237173662754, 0.000792282808106, 0.00195220764726, 0.000166682162671, 9.62406775216e-05, 0.000530535937287, 0.000178560017957, 4.06173930969e-05, 3.58305915142e-05, 1.58761758939e-05, 1.07867317638e-05, 7.3662304203e-06, 7.43513191992e-06, 6.65896732244e-06, 4.00004500989e-06, 4.60099727206e-06, 5.42476800547e-06, 1.63772369888e-06, 7.21418928151e-07, 6.27644453743e-07, 1.03685738395e-06, 1.39695225698e-06, 5.96866129854e-07, 4.24964980539e-07, 1.11135614134e-06, 1.02552712633e-06, 3.24168638599e-07, 8.43387937266e-08, 6.49731219937e-08, 4.12766922864e-08, 2.74374922782e-08, 6.04434546858e-08, 4.84820894542e-08, 1.11871074182e-07, 5.48590541882e-08, 5.67153213282e-09, 2.02806882399e-09, 9.63395807574e-10],
        "min": [2.01594866667e-06, 2.01120255952e-05, 3.95636016037e-06, 7.65510958445e-06, 1.08147532956e-05, 1.66215170339e-06, 2.70975806416e-06, 1.08070553324e-05, 2.8040781217e-06, 5.45045907074e-07, 1.24062967188e-06, 2.66030582452e-07, 1.5338007131e-07, 1.54734820512e-07, 2.13290462625e-07, 2.10468016348e-07, 9.42665252524e-08, 1.21409485132e-07, 8.85538540274e-08, 3.14179722238e-08, 2.28176570971e-08, 1.6016409532e-08, 1.79761592278e-08, 2.41389717104e-08, 1.52655257324e-08, 1.5027902478e-08, 2.84581922472e-08, 3.33620846504e-08, 1.19085905581e-08, 2.16338635894e-09, 3.35314465083e-09, 2.47570031142e-09, 1.21759669014e-09, 2.20622342617e-09, 1.63703217648e-09, 2.69229238903e-09, 1.09161113482e-09, 2.7948929282e-10, 1.24469629048e-10, 8.80425177208e-11],
        "var": [6.54403393696e-08, 1.27822363538e-06, 3.33828211296e-07, 2.39622886511e-06, 8.82230960997e-06, 1.02324349882e-06, 2.37259214941e-07, 2.37997846853e-06, 1.21995901736e-06, 4.93981175964e-08, 4.79819668442e-08, 2.00033567488e-09, 1.49121226478e-09, 5.82720871556e-10, 7.46878503488e-10, 3.85867532371e-10, 5.29517096837e-10, 3.74896030886e-10, 9.50087647444e-11, 1.77161098291e-11, 3.20203303976e-12, 2.15892863482e-12, 1.16403449379e-11, 2.01565188152e-11, 6.81615571277e-12, 1.49586072695e-12, 2.19655960088e-11, 3.54601938091e-11, 4.69874573278e-12, 4.07483156375e-13, 1.20904873027e-13, 3.28151100856e-14, 3.045361611e-14, 9.35017105516e-14, 9.6944689418e-14, 4.23685392326e-13, 1.08330248797e-13, 3.05590598535e-15, 4.32066106559e-16, 1.3328972662e-16]
    },
    "mfcc": {
        "mean": [-716.897155762, 185.765670776, 5.51149177551, 29.6329536438, -12.6694402695, -3.1597340107, -9.7420463562, -4.40949392319, -21.2432765961, 18.2168064117, -11.402718544, 2.24085140228, -8.42346572876],
        "cov": [[3128.77539062, -667.336730957, -343.408721924, -139.736358643, -275.834899902, -125.682136536, -117.258094788, 86.5481262207, -145.41645813, -25.6746864319, -225.184738159, -9.98613739014, -123.345596313], [-667.336730957, 682.801086426, 40.6926116943, 32.0065193176, 115.268486023, 31.0342636108, -81.5992050171, -90.8145370483, 68.7669448853, 4.33050107956, 70.9962997437, -27.9708385468, 45.282409668], [-343.408721924, 40.6926116943, 230.421691895, 45.1537246704, 39.8352890015, -0.542082846165, 26.8858089447, 25.5553436279, 37.6076316833, -16.8970966339, 23.4930782318, 5.26647806168, 20.8128070831], [-139.736358643, 32.0065193176, 45.1537246704, 134.869430542, 43.5335083008, -1.66706752777, -3.71955490112, 13.3669395447, 29.2059593201, 9.10437965393, 3.97399663925, 10.5326423645, 19.4529895782], [-275.834899902, 115.268486023, 39.8352890015, 43.5335083008, 131.420227051, 52.8567123413, -3.40513420105, -4.07759332657, 25.9550323486, 4.98866939545, 42.3252296448, 12.9166040421, 20.1238269806], [-125.682136536, 31.0342636108, -0.542082846165, -1.66706752777, 52.8567123413, 92.637802124, 24.008430481, -2.21351861954, 11.9340114594, 2.89936804771, 26.097612381, 16.6295700073, 10.7388372421], [-117.258094788, -81.5992050171, 26.8858089447, -3.71955490112, -3.40513420105, 24.008430481, 105.434692383, 36.9376373291, -2.31674981117, -5.69805192947, 10.8283185959, 5.8832025528, 6.19912624359], [86.5481262207, -90.8145370483, 25.5553436279, 13.3669395447, -4.07759332657, -2.21351861954, 36.9376373291, 102.272232056, 3.23329758644, -8.44823741913, -15.0283288956, 8.10734367371, -4.07084465027], [-145.41645813, 68.7669448853, 37.6076316833, 29.2059593201, 25.9550323486, 11.9340114594, -2.31674981117, 3.23329758644, 96.1383666992, -4.33675336838, 16.2041702271, 3.18494009972, 19.6592483521], [-25.6746864319, 4.33050107956, -16.8970966339, 9.10437965393, 4.98866939545, 2.89936804771, -5.69805192947, -8.44823741913, -4.33675336838, 76.5994644165, 4.01562833786, -4.20424747467, -2.24250555038], [-225.184738159, 70.9962997437, 23.4930782318, 3.97399663925, 42.3252296448, 26.097612381, 10.8283185959, -15.0283288956, 16.2041702271, 4.01562833786, 71.8294906616, 13.9627113342, 15.8159990311], [-9.98613739014, -27.9708385468, 5.26647806168, 10.5326423645, 12.9166040421, 16.6295700073, 5.8832025528, 8.10734367371, 3.18494009972, -4.20424747467, 13.9627113342, 60.8964233398, 9.79335784912], [-123.345596313, 45.282409668, 20.8128070831, 19.4529895782, 20.1238269806, 10.7388372421, 6.19912624359, -4.07084465027, 19.6592483521, -2.24250555038, 15.8159990311, 9.79335784912, 46.5333862305]],
