{
"lowlevel": {
    "average_loudness": 0.989266395569,
    "barkbands_crest": {
        "dmean": 1.19158256054,
        "dmean2": 1.94044685364,
        "dvar": 0.936803460121,
        "dvar2": 2.27551960945,
        "max": 16.64661026,
        "mean": 8.80476951599,
        "median": 8.69589328766,
        "min": 4.21128177643,
        "var": 3.93745708466
    },
    "barkbands_flatness_db": {
        "dmean": 0.00876892637461,
        "dmean2": 0.0137368887663,
        "dvar": 5.94438533881e-05,
        "dvar2": 0.000116624360089,
        "max": 0.20589184761,
        "mean": 0.174999058247,
        "median": 0.175528377295,
        "min": 0.0605578050017,
        "var": 0.000249135802733
    },
    "barkbands_kurtosis": {
        "dmean": 0.227053016424,
        "dmean2": 0.364284873009,
        "dvar": 0.0789826735854,
        "dvar2": 0.174784943461,
        "max": 2.36674404144,
        "mean": -1.05809962749,
        "median": -1.19747650623,
        "min": -1.68486607075,
        "var": 0.288630723953
    },
    "barkbands_skewness": {
        "dmean": 0.184420734644,
        "dmean2": 0.278583645821,
        "dvar": 0.022490831092,
        "dvar2": 0.0539400242269,
        "max": 1.43640172482,
        "mean": 0.328135222197,
        "median": 0.349678814411,
        "min": -0.767469108105,
        "var": 0.138313770294
    },
    "barkbands_spread": {
        "dmean": 2.30615639687,
        "dmean2": 3.79584050179,
        "dvar": 2.82315945625,
        "dvar2": 7.40122413635,
        "max": 38.9288597107,
        "mean": 29.795009613,
        "median": 30.0605449677,
        "min": 15.7258148193,
        "var": 16.9019374847
    },
    "dissonance": {
        "dmean": 0.0118394689634,
        "dmean2": 0.0201314203441,
        "dvar": 0.000152123102453,
        "dvar2": 0.000322584412061,
        "max": 0.492143213749,
        "mean": 0.471642315388,
        "median": 0.473552405834,
        "min": 0.339980781078,
        "var": 0.000200474227313
    },
    "dynamic_complexity": 0.562625586987,
    "erbbands_crest": {
        "dmean": 1.42363870144,
        "dmean2": 2.19413685799,
        "dvar": 1.61745774746,
        "dvar2": 3.39664316177,
        "max": 17.2218551636,
        "mean": 8.66869258881,
        "median": 8.62041091919,
        "min": 3.90105462074,
        "var": 5.27289676666
    },
    "erbbands_flatness_db": {
        "dmean": 0.00893777050078,
        "dmean2": 0.0129348793998,
        "dvar": 7.68311947468e-05,
        "dvar2": 0.000131108026835,
        "max": 0.279843151569,
        "mean": 0.235965281725,
        "median": 0.238333880901,
        "min": 0.0975387319922,
        "var": 0.000363060098607
    },
    "erbbands_kurtosis": {
        "dmean": 0.531662642956,
        "dmean2": 0.854029297829,
        "dvar": 0.310868740082,
        "dvar2": 0.777603209019,
        "max": 6.58313465118,
        "mean": 0.124630481005,
        "median": -0.247269153595,
        "min": -1.39014422894,
        "var": 1.45190131664
    },
    "erbbands_skewness": {
        "dmean": 0.222384870052,
        "dmean2": 0.330773711205,
        "dvar": 0.0260560717434,
        "dvar2": 0.0598163083196,
        "max": 0.901324272156,
        "mean": -0.585962831974,
        "median": -0.585541844368,
        "min": -1.94262981415,
        "var": 0.224403887987
    },
    "erbbands_spread": {
        "dmean": 2.78510022163,
        "dmean2": 4.47876596451,
        "dvar": 6.16396522522,
        "dvar2": 14.0820016861,
        "max": 38.9622840881,
        "mean": 22.7466659546,
        "median": 22.1544151306,
        "min": 10.188741684,
        "var": 33.2207336426
    },
    "hfc": {
        "dmean": 5.09249830246,
        "dmean2": 7.72438240051,
        "dvar": 17.2056865692,
        "dvar2": 36.3262901306,
        "max": 70.6373291016,
        "mean": 39.1054191589,
        "median": 38.2186355591,
        "min": 0.744541347027,
        "var": 101.890457153
    },
    "melbands_crest": {
        "dmean": 1.48741185665,
        "dmean2": 2.5425055027,
        "dvar": 1.42460250854,
        "dvar2": 3.68677568436,
        "max": 19.7066287994,
        "mean": 12.7683486938,
        "median": 12.9106645584,
        "min": 6.9245724678,
        "var": 6.7829785347
    },
    "melbands_flatness_db": {
        "dmean": 0.0091789001599,
        "dmean2": 0.0143350856379,
        "dvar": 6.05237473792e-05,
        "dvar2": 0.000122306781122,
        "max": 0.263796538115,
        "mean": 0.225944563746,
        "median": 0.225699663162,
        "min": 0.149289831519,
        "var": 0.000274005025858
    },
    "melbands_kurtosis": {
        "dmean": 0.752792477608,
        "dmean2": 1.13755846024,
        "dvar": 0.634739100933,
        "dvar2": 1.58893167973,
        "max": 7.64471340179,
        "mean": 0.878528594971,
        "median": 0.637525320053,
        "min": -1.55498981476,
        "var": 2.35103034973
    },
    "melbands_skewness": {
        "dmean": 0.225476995111,
        "dmean2": 0.340500444174,
        "dvar": 0.0397944785655,
        "dvar2": 0.0961066633463,
        "max": 2.7485768795,
        "mean": 1.25852477551,
        "median": 1.24703395367,
        "min": 0.131524726748,
        "var": 0.167410045862
    },
    "melbands_spread": {
        "dmean": 3.98728680611,
        "dmean2": 6.37539243698,
        "dvar": 10.1349601746,
        "dvar2": 25.7799758911,
        "max": 64.7321777344,
        "mean": 39.1886291504,
        "median": 38.4219169617,
        "min": 15.8728218079,
        "var": 71.2994155884
    },
    "pitch_salience": {
        "dmean": 0.0387055315077,
        "dmean2": 0.0619645006955,
        "dvar": 0.00114816206042,
        "dvar2": 0.00263080256991,
        "max": 0.767058312893,
        "mean": 0.437997609377,
        "median": 0.432295352221,
        "min": 0.33431878686,
        "var": 0.00289724278264
    },
    "silence_rate_20dB": {
        "dmean": 0,
        "dmean2": 0,
        "dvar": 0,
        "dvar2": 0,
        "max": 1,
        "mean": 1,
        "median": 1,
        "min": 1,
        "var": 0
    },
    "silence_rate_30dB": {
        "dmean": 0,
        "dmean2": 0,
        "dvar": 0,
        "dvar2": 0,
        "max": 1,
        "mean": 1,
        "median": 1,
        "min": 1,
        "var": 0
    },
    "silence_rate_60dB": {
        "dmean": 0,
        "dmean2": 0,
        "dvar": 0,
        "dvar2": 0,
        "max": 0,
        "mean": 0,
        "median": 0,
        "min": 0,
        "var": 0
    },
    "spectral_centroid": {
        "dmean": 110.449066162,
        "dmean2": 183.64743042,
        "dvar": 7741.984375,
        "dvar2": 18883.5097656,
        "max": 2078.99707031,
        "mean": 1639.6048584,
        "median": 1646.63415527,
        "min": 1008.7076416,
        "var": 38530.34375
    },
    "spectral_complexity": {
        "dmean": 2.3900001049,
        "dmean2": 3.91304349899,
        "dvar": 4.44456672668,
        "dvar2": 9.81852817535,
        "max": 32,
        "mean": 23.4485054016,
        "median": 23,
        "min": 2,
        "var": 9.47658824921
    },
    "spectral_decrease": {
        "dmean": 1.18207166278e-09,
        "dmean2": 1.88189397399e-09,
        "dvar": 1.25761200591e-18,
        "dvar2": 2.60089903697e-18,
        "max": -2.33332853039e-10,
        "mean": -1.08751541106e-08,
        "median": -1.10807727438e-08,
        "min": -1.39353835138e-08,
        "var": 2.13617449317e-18
    },
    "spectral_energy": {
        "dmean": 0.00479434989393,
        "dmean2": 0.00761161930859,
        "dvar": 2.05100714084e-05,
        "dvar2": 4.20880387537e-05,
        "max": 0.0582262948155,
        "mean": 0.0445921719074,
        "median": 0.0452686324716,
        "min": 0.000948184751906,
        "var": 3.80108031095e-05
    },
    "spectral_energyband_high": {
        "dmean": 4.92537110404e-05,
        "dmean2": 7.81605267548e-05,
        "dvar": 3.6972258588e-09,
        "dvar2": 8.59582804935e-09,
        "max": 0.000976196024567,
        "mean": 0.000221204565605,
        "median": 0.000204236566788,
        "min": 2.29317538469e-05,
        "var": 1.29641222202e-08
    },
    "spectral_energyband_low": {
        "dmean": 0.00292856991291,
        "dmean2": 0.00432872725651,
        "dvar": 4.60860428575e-06,
        "dvar2": 1.08829262899e-05,
        "max": 0.0271860994399,
        "mean": 0.0141812032089,
        "median": 0.0142675740644,
        "min": 0.000392378860852,
        "var": 1.67812577274e-05
    },
    "spectral_energyband_middle_high": {
        "dmean": 0.00257328012958,
        "dmean2": 0.00379650737159,
        "dvar": 4.75836532132e-06,
        "dvar2": 1.04037926576e-05,
        "max": 0.0351740792394,
        "mean": 0.0158958695829,
        "median": 0.0153055815026,
        "min": 0.000227756347158,
        "var": 3.24372267642e-05
    },
    "spectral_energyband_middle_low": {
        "dmean": 0.00299313990399,
        "dmean2": 0.00502017373219,
        "dvar": 6.84747146806e-06,
        "dvar2": 1.73122498381e-05,
        "max": 0.0301876794547,
        "mean": 0.0143408281729,
        "median": 0.0142243392766,
        "min": 0.000293811404845,
        "var": 1.88109715964e-05
    },
    "spectral_entropy": {
        "dmean": 0.0788380354643,
        "dmean2": 0.132957428694,
        "dvar": 0.00416522379965,
        "dvar2": 0.00792913045734,
        "max": 8.09482097626,
        "mean": 7.11437129974,
        "median": 7.10418605804,
        "min": 6.83735275269,
        "var": 0.0168337989599
    },
    "spectral_flux": {
        "dmean": 0.0111138476059,
        "dmean2": 0.0182166174054,
        "dvar": 8.50509968586e-05,
        "dvar2": 0.000188458914636,
        "max": 0.186711743474,
        "mean": 0.06518471241,
        "median": 0.0635056570172,
        "min": 0.040425401181,
        "var": 0.000193021653104
    },
    "spectral_kurtosis": {
        "dmean": 4.35910224915,
        "dmean2": 7.96390247345,
        "dvar": 11.1826848984,
        "dvar2": 38.0395851135,
        "max": 21.773639679,
        "mean": 7.85699367523,
        "median": 7.2580537796,
        "min": 1.88384771347,
        "var": 16.0109405518
    },
    "spectral_rms": {
        "dmean": 0.000365739455447,
        "dmean2": 0.000576049031224,
        "dvar": 1.83269321496e-07,
        "dvar2": 3.03976889882e-07,
        "max": 0.00753698498011,
        "mean": 0.00657417112961,
        "median": 0.00664563942701,
        "min": 0.000961799523793,
        "var": 2.84887875068e-07
    },
    "spectral_rolloff": {
        "dmean": 90.5112304688,
        "dmean2": 154.693313599,
        "dvar": 26146.2851562,
        "dvar2": 59708.96875,
        "max": 2540.91796875,
        "mean": 1782.2467041,
        "median": 1851.85546875,
        "min": 495.263671875,
        "var": 56029.25
    },
    "spectral_skewness": {
        "dmean": 0.389081954956,
        "dmean2": 0.702976644039,
        "dvar": 0.0913737267256,
        "dvar2": 0.297518074512,
        "max": 3.34015679359,
        "mean": 1.47500061989,
        "median": 1.3938010931,
        "min": 0.812680542469,
        "var": 0.142951995134
    },
    "spectral_spread": {
        "dmean": 162498.796875,
        "dmean2": 251099.078125,
        "dvar": 87332323328,
        "dvar2": 89867649024,
        "max": 8100915.5,
        "mean": 2334953,
        "median": 2292548.75,
        "min": 1839476.875,
        "var": 156038758400
    },
    "spectral_strongpeak": {
        "dmean": 1.0399518013,
        "dmean2": 2.01015686989,
        "dvar": 4.36046123505,
        "dvar2": 12.6930265427,
        "max": 8.79966163635,
        "mean": 1.21109068394,
        "median": 0.398477226496,
        "min": 0,
        "var": 4.56343603134
    },
    "zerocrossingrate": {
        "dmean": 0.00337565108202,
        "dmean2": 0.00446311943233,
        "dvar": 1.01150881164e-05,
        "dvar2": 1.57181730174e-05,
        "max": 0.07275390625,
        "mean": 0.055975522846,
        "median": 0.056640625,
        "min": 0.01318359375,
        "var": 6.69041619403e-05
    },
    "barkbands": {
        "dmean": [3.26161571138e-05, 0.00276354164816, 0.000224275048822, 0.000151455940795, 0.0015234707389, 0.00010920400382, 0.00136131979525, 0.000226274874876, 0.00177023513243, 0.000275453669019, 0.000227176817134, 0.00036924003507, 0.000170655839611, 0.00199932325631, 0.00110761646647, 0.000274574646028, 0.000484046293423, 0.000433333509136, 0.000172750951606, 5.03174742335e-05, 2.93176308332e-05, 2.04251118703e-05, 2.30113664657e-06, 4.77348294226e-07, 3.02954305198e-07, 8.36325000364e-08, 4.50166979249e-08],
        "dmean2": [5.52270612388e-05, 0.00412310613319, 0.000303116452415, 0.000283149420284, 0.00261058402248, 0.000189482598216, 0.0021808471065, 0.000400531891501, 0.0027261658106, 0.000527535215952, 0.000382598140277, 0.000635907577816, 0.000315164594213, 0.00278334598988, 0.00151967152487, 0.000456462235888, 0.000773001054768, 0.000680470373482, 0.00026634245296, 8.18510816316e-05, 4.11862019973e-05, 3.29604408762e-05, 4.01611941925e-06, 7.49567561797e-07, 4.95541598866e-07, 1.281996731e-07, 6.5260131521e-08],
        "dvar": [5.27238785963e-09, 4.27384384238e-06, 2.05436840872e-08, 1.8539697777e-08, 1.51929123149e-06, 1.54441348599e-08, 1.84482621535e-06, 5.36243156546e-08, 2.94754840979e-06, 6.12514838849e-08, 4.07282776393e-08, 1.19091239981e-07, 2.92027770854e-08, 3.64125594388e-06, 1.25071505863e-06, 7.9439459455e-08, 2.66034362539e-07, 1.61791916753e-07, 2.67012367772e-08, 2.13509676605e-09, 9.86547177284e-10, 2.25768914675e-09, 4.20131507708e-12, 3.33798879379e-13, 1.38319016614e-13, 1.20150715549e-13, 1.18653798267e-13],
        "dvar2": [6.6146270683e-09, 1.00956167444e-05, 3.69796744337e-08, 6.1578226962e-08, 4.44400620836e-06, 4.3860158172e-08, 5.16106547366e-06, 1.4545075544e-07, 6.22180914434e-06, 2.22097369829e-07, 1.05268043171e-07, 3.0216241953e-07, 9.44575049289e-08, 6.74004604662e-06, 2.28798580792e-06, 2.00981489229e-07, 5.88164880355e-07, 3.70330553778e-07, 6.01110556886e-08, 5.34868860314e-09, 1.35969613346e-09, 5.8642131151e-09, 1.2631287509e-11, 6.75179964021e-13, 2.67901911592e-13, 1.35478542447e-13, 1.34467645894e-13],
        "max": [0.0012261638185, 0.026348464191, 0.000979587435722, 0.00111283769365, 0.0103537030518, 0.00106306944508, 0.0194071922451, 0.00205991393887, 0.0160906706005, 0.00161440321244, 0.002916400088, 0.00309012108482, 0.00157075526658, 0.0171985737979, 0.0151885533705, 0.00402376661077, 0.00665416708216, 0.00457780761644, 0.00167376140598, 0.000397639465518, 0.000797818764113, 0.000593416392803, 1.71827850863e-05, 7.8482698882e-06, 7.02268562236e-06, 5.86974738326e-06, 5.81151471124e-06],
        "mean": [3.91092798964e-05, 0.0136935953051, 0.000416173483245, 0.000201499424293, 0.00259119342081, 0.000147220343933, 0.00692705390975, 0.000559215724934, 0.00384831777774, 0.00031489043613, 0.000686351559125, 0.000565382651985, 0.000386123516364, 0.00512160500512, 0.0049438951537, 0.000716694805305, 0.00129971036222, 0.0013827738585, 0.0004549153673, 0.000121238852444, 0.000130362881464, 3.75203526346e-05, 4.77932871945e-06, 1.19676246868e-06, 1.09706536477e-06, 1.71504908053e-07, 1.67953729147e-07],
        "median": [2.73358436971e-05, 0.0138063086197, 0.000396945426473, 0.000177178488229, 0.00223796535283, 0.000117845338536, 0.00608128588647, 0.000466269877506, 0.00318020256236, 0.000231718033319, 0.000557818450034, 0.000403850659495, 0.000320155872032, 0.00401421962306, 0.00444341031834, 0.000590641750023, 0.0010143230902, 0.00111670535989, 0.00038865688839, 0.000106288629468, 0.000111985362309, 2.26784886763e-05, 4.19521938966e-06, 9.60760644375e-07, 1.04709624793e-06, 1.30229906858e-07, 1.33178247097e-07],
        "min": [6.17212720044e-07, 0.00023731161491, 4.84673837491e-05, 2.00129511541e-06, 0.000106243016489, 1.10832197606e-05, 5.05387579324e-05, 1.60257059179e-05, 4.01191027777e-05, 2.27680702665e-05, 2.31333360716e-05, 7.37934351491e-06, 6.04088018008e-06, 3.71154128516e-05, 3.11070434691e-05, 2.12543109228e-05, 6.47635442874e-06, 2.51201163337e-05, 7.48038746679e-06, 1.06892348413e-05, 4.0139398152e-06, 4.68519647256e-06, 1.0562037005e-06, 2.75612904943e-07, 3.77031796006e-07, 2.59324668406e-08, 8.64743938678e-08],
        "var": [5.46374900878e-09, 1.61407151609e-05, 4.44214869333e-08, 1.94698621669e-08, 2.73349496638e-06, 1.73336101028e-08, 1.38232635436e-05, 1.55848553618e-07, 6.54676068734e-06, 6.33401882055e-08, 2.32258187793e-07, 2.28550035786e-07, 9.67837792132e-08, 1.68047663465e-05, 1.34798683575e-05, 2.51729147749e-07, 1.08401616217e-06, 8.82343272224e-07, 8.82350263964e-08, 4.20624957087e-09, 7.63326202247e-09, 2.63602206729e-09, 6.59357377725e-12, 6.34699541188e-13, 2.92730060027e-13, 1.33927496372e-13, 1.32248107864e-13]
    },
    "erbbands": {
        "dmean": [0.0697654858232, 0.667799949646, 0.637869000435, 0.219802722335, 3.88937449455, 5.85068321228, 0.996306777, 1.2283616066, 10.2146263123, 18.0502471924, 8.88610649109, 52.4110641479, 10.1509246826, 14.2965450287, 6.30713701248, 16.7510528564, 8.70173168182, 58.0313224792, 54.4488296509, 34.8386802673, 19.6774253845, 27.0184421539, 17.9730911255, 15.7162809372, 6.66606473923, 1.63610255718, 1.00177490711, 1.12785160542, 0.913908720016, 0.153602555394, 0.0725920200348, 0.0194511432201, 0.00460840994492, 0.0043503572233, 0.00214809831232, 0.000618657446466, 0.000127701307065, 2.31596841331e-05, 7.53263248043e-06, 5.91728121435e-06],
        "dmean2": [0.120203472674, 0.945008158684, 0.840177714825, 0.375312954187, 6.44489145279, 10.2603025436, 1.75107395649, 2.113530159, 15.8041810989, 31.0017337799, 15.3568325043, 80.3830871582, 16.2517147064, 27.2152080536, 10.4657526016, 28.9657478333, 15.9871006012, 78.9242706299, 80.0245819092, 50.1237640381, 31.6572723389, 42.7762031555, 28.740568161, 23.8114757538, 9.99038505554, 2.71326398849, 1.43398797512, 1.64591157436, 1.49063646793, 0.241770386696, 0.128385901451, 0.0319919846952, 0.00691174762323, 0.00689905788749, 0.00374668068253, 0.00101994723082, 0.000199357338715, 3.22763808072e-05, 1.09402826638e-05, 9.34912350203e-06],
        "dvar": [0.00322825438343, 0.229690879583, 0.144563451409, 0.0382873788476, 10.9716701508, 26.1418743134, 1.75632584095, 1.90097761154, 105.93914032, 335.21697998, 87.9753341675, 2656.23510742, 80.060256958, 213.234237671, 39.2932167053, 243.791793823, 74.6197052002, 2967.89526367, 2445.19335938, 1164.56591797, 321.45904541, 994.535644531, 270.908447266, 203.151809692, 43.7255897522, 1.82847476006, 0.887520432472, 1.80243349075, 5.40257740021, 0.0533246211708, 0.00496040796861, 0.000373169285012, 4.78143847431e-05, 1.81513933057e-05, 8.17294130684e-06, 1.873273618e-06, 4.28249961715e-07, 4.95968848213e-08, 2.31051511257e-09, 3.63096566702e-11],
        "dvar2": [0.00814683642238, 0.511559188366, 0.270797520876, 0.119834274054, 30.3868522644, 73.0095901489, 4.58535671234, 5.54945707321, 289.124908447, 917.769775391, 234.024612427, 5347.98144531, 191.506454468, 756.95703125, 105.625572205, 629.719299316, 247.628631592, 4993.73632812, 5263.84423828, 2218.38891602, 835.446472168, 2100.79418945, 719.291625977, 430.232330322, 99.0865478516, 4.86449337006, 1.52281999588, 2.9872982502, 14.1891317368, 0.135140046477, 0.0148586910218, 0.000927855144255, 6.57634955132e-05, 3.53951800207e-05, 1.59989576787e-05, 2.35453785535e-06, 4.78528477288e-07, 5.50152563505e-08, 2.63983257476e-09, 7.5128230026e-11],
        "max": [0.643376410007, 6.24195098877, 3.20590281487, 1.45695638657, 22.4463863373, 42.391494751, 13.3104362488, 13.4282903671, 161.305969238, 225.542266846, 101.668373108, 464.616088867, 77.1857070923, 143.521942139, 58.0577926636, 140.008712769, 79.4886779785, 525.866149902, 720.075805664, 442.168579102, 217.669555664, 392.198516846, 199.291229248, 158.474868774, 76.5303878784, 11.9341163635, 19.8458938599, 31.8237800598, 29.0613765717, 2.49471712112, 0.589744925499, 0.183867111802, 0.127579495311, 0.09566693753, 0.0405916199088, 0.0235152430832, 0.0109060686082, 0.00370510853827, 0.000831121928059, 0.000107148465759],
        "mean": [0.352242797613, 3.21701693535, 1.52950787544, 0.556612193584, 6.58724164963, 8.67652130127, 1.65126490593, 2.62052631378, 57.6890830994, 79.0771026611, 30.085149765, 103.78565979, 21.477060318, 24.8377628326, 18.1997146606, 25.8671894073, 22.1758346558, 159.579345703, 245.384963989, 153.915802002, 61.0591049194, 70.5165557861, 61.3416557312, 52.2257957458, 18.2236919403, 4.97982597351, 3.8716108799, 5.40702152252, 1.68708479404, 0.355406075716, 0.146045640111, 0.0469525195658, 0.0144911380485, 0.0172999557108, 0.00507125863805, 0.00155855866615, 0.000203585033887, 5.56997656531e-05, 4.39560353698e-05, 5.64698639209e-05],
        "median": [0.352651029825, 3.2044608593, 1.46233308315, 0.521191895008, 5.47310781479, 6.78930139542, 1.20185029507, 2.34527611732, 49.1344833374, 69.2593231201, 25.9910640717, 85.0516357422, 18.080871582, 19.1219177246, 16.0888977051, 17.9265918732, 19.0167922974, 126.305122375, 229.187194824, 137.621032715, 51.3634490967, 51.0543861389, 48.7211914062, 44.1433105469, 15.2722883224, 4.7064666748, 3.29497122765, 4.74618005753, 1.07268381119, 0.267954736948, 0.127789616585, 0.0400149300694, 0.0126103302464, 0.0163584593683, 0.00435449741781, 0.00134601129685, 0.000103703598143, 3.34225442202e-05, 3.95660827053e-05, 5.6964065152e-05],
        "min": [0.00755757885054, 0.0503725633025, 0.118394508958, 0.0955094397068, 0.160083934665, 0.42113506794, 0.113312497735, 0.355512142181, 0.645415902138, 0.53596675396, 0.534817934036, 0.820049762726, 0.936481654644, 1.14607083797, 0.659988582134, 0.346183240414, 0.288075000048, 1.57488918304, 4.08740282059, 0.475995689631, 1.47472310066, 0.417812675238, 1.08157908916, 0.707579314709, 0.604523181915, 0.50212842226, 0.156580239534, 0.220680654049, 0.181995421648, 0.074292846024, 0.0316559225321, 0.0099849877879, 0.00436099153012, 0.00464803865179, 0.00174224714283, 0.000446161167929, 4.10815300711e-05, 1.93649702851e-05, 2.82034852717e-05, 2.99486418953e-05],
        "var": [0.00955801457167, 0.937747776508, 0.39600482583, 0.0548778660595, 21.8069896698, 39.6995735168, 2.42212677002, 2.34377098083, 948.916015625, 1778.45617676, 312.259796143, 5775.58251953, 178.944091797, 361.684936523, 108.398117065, 457.349304199, 211.166275024, 14837.9716797, 17195.4902344, 11587.4199219, 1316.75134277, 3812.47045898, 1316.30981445, 988.683166504, 128.400985718, 4.38421487808, 5.28891468048, 13.0211114883, 5.73931360245, 0.0982538312674, 0.00671952171251, 0.000730720406864, 8.50873911986e-05, 7.31984982849e-05, 9.74481918092e-06, 2.20561378228e-06, 4.70152997423e-07, 5.47327871914e-08, 2.55941356997e-09, 6.28007507109e-11]
    },
    "gfcc": {
        "mean": [7.65761756897, 152.918426514, -173.853302002, 38.5619773865, -26.705739975, -2.82715821266, -16.9076824188, 11.7655925751, 10.3194980621, 9.94399261475, -7.82718324661, -13.4718637466, -3.08654785156],
        "cov": [[128.234848022, 2.91561841965, -45.5297012329, 13.4821043015, -6.20332431793, 1.04513609409, -4.57937335968, -1.07309484482, -2.22240638733, -4.40131998062, 6.2837562561, 10.1757488251, 1.57868814468], [2.91561841965, 93.7694091797, -12.9644584656, -4.68049049377, 1.02005183697, -17.3293895721, 8.63866996765, -6.29670476913, -2.39712882042, -20.268781662, -2.74832701683, -17.8409843445, 6.34302091599], [-45.5297012329, -12.9644584656, 67.069152832, 3.4421248436, -22.701089859, -3.72991776466, -5.55237960815, -5.13498163223, -16.6762142181, -10.6510486603, -9.49132728577, 6.27636003494, -2.36649441719], [13.4821043015, -4.68049049377, 3.4421248436, 53.9077377319, -1.79745936394, -8.41838169098, -5.09604930878, -5.88208055496, 4.6451830864, -8.43710899353, 3.8112988472, 6.56858921051, -0.67608243227], [-6.20332431793, 1.02005183697, -22.701089859, -1.79745936394, 72.1240310669, 10.9390974045, -21.9251842499, -6.49657773972, 4.99747848511, 13.1065864563, 0.409706711769, -13.5142793655, -1.87323307991], [1.04513609409, -17.3293895721, -3.72991776466, -8.41838169098, 10.9390974045, 46.8493537903, 9.93559074402, -7.48829841614, -3.69684004784, 4.09108304977, 5.14660358429, -4.82878684998, 0.359347373247], [-4.57937335968, 8.63866996765, -5.55237960815, -5.09604930878, -21.9251842499, 9.93559074402, 53.5857467651, 19.3330364227, -8.86246585846, -10.4262542725, -0.997518718243, 0.841155469418, -0.159303203225], [-1.07309484482, -6.29670476913, -5.13498163223, -5.88208055496, -6.49657773972, -7.48829841614, 19.3330364227, 43.3238945007, 5.56453752518, -8.52744674683, 2.34696269035, 4.0866394043, 0.342503666878], [-2.22240638733, -2.39712882042, -16.6762142181, 4.6451830864, 4.99747848511, -3.69684004784, -8.86246585846, 5.56453752518, 46.4018592834, 20.3311061859, -3.11989068985, -2.37241172791, -7.55606603622], [-4.40131998062, -20.268781662, -10.6510486603, -8.43710899353, 13.1065864563, 4.09108304977, -10.4262542725, -8.52744674683, 20.3311061859, 47.4998397827, 8.00498390198, -9.51238250732, -7.91676425934], [6.2837562561, -2.74832701683, -9.49132728577, 3.8112988472, 0.409706711769, 5.14660358429, -0.997518718243, 2.34696269035, -3.11989068985, 8.00498390198, 33.8916282654, 5.68834161758, -3.1458876133], [10.1757488251, -17.8409843445, 6.27636003494, 6.56858921051, -13.5142793655, -4.82878684998, 0.841155469418, 4.0866394043, -2.37241172791, -9.51238250732, 5.68834161758, 40.9636383057, 4.1744260788], [1.57868814468, 6.34302091599, -2.36649441719, -0.67608243227, -1.87323307991, 0.359347373247, -0.159303203225, 0.342503666878, -7.55606603622, -7.91676425934, -3.1458876133, 4.1744260788, 27.8306770325]],
        "icov": [[0.0170719847083, -0.00450658006594, 0.0201337020844, -0.00854574423283, 0.0115876346827, -0.0093048280105, 0.0144654195756, -0.0083772642538, 0.0146971503273, -0.00636535789818, 0.0101040899754, -0.00740508316085, 0.00708154542372], [-0.00450658006594, 0.0255575105548, -0.00496711954474, 0.0113048404455, -0.00875654537231, 0.0203621536493, -0.0176267568022, 0.020834101364, -0.0171616580337, 0.0236787293106, -0.015500575304, 0.0165771245956, -0.00908895023167], [0.0201337020844, -0.00496711954474, 0.0472734607756, -0.0131835639477, 0.0236255917698, -0.0148353585973, 0.0271757096052, -0.0137025751173, 0.0299490857869, -0.00996704772115, 0.0226275511086, -0.010716243647, 0.0152565091848], [-0.00854574423283, 0.0113048404455, -0.0131835639477, 0.0307651981711, -0.0107491603121, 0.0170588642359, -0.0155479097739, 0.019415255636, -0.0213741529733, 0.0206404365599, -0.0176788773388, 0.0076852417551, -0.00681993598118], [0.0115876346827, -0.00875654537231, 0.0236255917698, -0.0107491603121, 0.032450415194, -0.0190525557846, 0.0275886710733, -0.0163969732821, 0.0206537079066, -0.0143147660419, 0.016370061785, -0.00447274744511, 0.00993294361979], [-0.0093048280105, 0.0203621536493, -0.0148353585973, 0.0170588642359, -0.0190525557846, 0.047543015331, -0.0315670669079, 0.0298341792077, -0.0226212516427, 0.0219636745751, -0.0237984620035, 0.0160663723946, -0.0123980361968], [0.0144654195756, -0.0176267568022, 0.0271757096052, -0.0155479097739, 0.0275886710733, -0.0315670669079, 0.0565780922771, -0.0362130999565, 0.0333557426929, -0.0202978812158, 0.0254533886909, -0.0130853299052, 0.0162860434502], [-0.0083772642538, 0.020834101364, -0.0137025751173, 0.019415255636, -0.0163969732821, 0.0298341792077, -0.0362130999565, 0.0564178973436, -0.0326528660953, 0.0316903367639, -0.0260033681989, 0.0136857051402, -0.0121998861432], [0.0146971503273, -0.0171616580337, 0.0299490857869, -0.0213741529733, 0.0206537079066, -0.0226212516427, 0.0333557426929, -0.0326528660953, 0.0613035559654, -0.03715409711, 0.0322207026184, -0.0171225108206, 0.0196655858308], [-0.00636535789818, 0.0236787293106, -0.00996704772115, 0.0206404365599, -0.0143147660419, 0.0219636745751, -0.0202978812158, 0.0316903367639, -0.03715409711, 0.0593879260123, -0.029700614512, 0.0217039640993, -0.00694155273959], [0.0101040899754, -0.015500575304, 0.0226275511086, -0.0176788773388, 0.016370061785, -0.0237984620035, 0.0254533886909, -0.0260033681989, 0.0322207026184, -0.029700614512, 0.0553997345269, -0.0195627808571, 0.0158248580992], [-0.00740508316085, 0.0165771245956, -0.010716243647, 0.0076852417551, -0.00447274744511, 0.0160663723946, -0.0130853299052, 0.0136857051402, -0.0171225108206, 0.0217039640993, -0.0195627808571, 0.0411591120064, -0.0116942282766], [0.00708154542372, -0.00908895023167, 0.0152565091848, -0.00681993598118, 0.00993294361979, -0.0123980361968, 0.0162860434502, -0.0121998861432, 0.0196655858308, -0.00694155273959, 0.0158248580992, -0.0116942282766, 0.0467124842107]]
    },
    "melbands": {
        "dmean": [0.000695099297445, 0.000567340233829, 0.000108383719635, 0.000410495646065, 7.60881230235e-05, 2.45137907768e-05, 0.000212027822272, 0.000159321221872, 9.411922656e-05, 0.000340059399605, 3.71985697711e-05, 5.76522579649e-05, 2.55198356172e-05, 4.95436725032e-05, 1.42974949995e-05, 2.18245550059e-05, 0.000147872691741, 0.000126895218273, 0.000113821573905, 1.56575260917e-05, 2.82338696707e-05, 2.73379773716e-05, 1.96540440811e-05, 2.16092903429e-05, 1.30506650748e-05, 7.35987214284e-06, 2.58843670053e-06, 1.13066164431e-06, 4.72363410609e-07, 1.07075288724e-06, 4.823028803e-07, 6.9475544251e-07, 2.42734756739e-07, 4.03504394342e-08, 5.19919360897e-08, 2.17287343673e-08, 9.12422937205e-09, 3.33291505505e-09, 3.56874463314e-09, 3.66504693261e-09],
        "dmean2": [0.00109773676377, 0.000759462534916, 0.000173127191374, 0.000707514293026, 0.000132920249598, 4.24783247581e-05, 0.000332308845827, 0.000272841309197, 0.000165407720488, 0.0005217398284, 6.18485064479e-05, 0.000110187022074, 4.29003230238e-05, 8.51454460644e-05, 2.4531449526e-05, 3.98487536586e-05, 0.00020165470778, 0.000182524439879, 0.000157055852469, 2.45604660449e-05, 4.66573728772e-05, 4.3520147301e-05, 3.07585141854e-05, 3.24613829434e-05, 1.99542846531e-05, 1.09942875497e-05, 4.17260116592e-06, 1.91254707715e-06, 7.0576646749e-07, 1.48500669184e-06, 7.41233861845e-07, 1.1289057511e-06, 3.75121629759e-07, 6.75666527172e-08, 9.33181496521e-08, 3.74186122087e-08, 1.47797996064e-08, 5.28557908552e-09, 5.34696598109e-09, 5.92107074482e-09],
        "dvar": [3.02873559122e-07, 1.36494023195e-07, 1.0035970277e-08, 1.12049022505e-07, 6.2450835614e-09, 7.69913022225e-10, 4.52768134096e-08, 2.61314685446e-08, 1.00649915069e-08, 1.11397532976e-07, 1.06775388531e-09, 3.42578676538e-09, 6.20108631111e-10, 2.21162288483e-09, 1.88020890524e-10, 4.87256457404e-10, 1.95741947095e-08, 1.40272780058e-08, 1.32827278065e-08, 4.76067241184e-10, 6.30163643489e-10, 9.38187305621e-10, 3.9267478158e-10, 4.3585823839e-10, 1.40350939204e-10, 5.22484035204e-11, 7.44144242754e-12, 8.81101127389e-13, 1.74543376714e-13, 1.36468516609e-12, 3.17003693261e-13, 3.74024118968e-12, 1.97498227082e-13, 1.40584398184e-15, 2.63258072941e-15, 4.51974292496e-16, 1.24006298457e-16, 2.75894578963e-17, 2.4055241048e-17, 1.16149632775e-17],
        "dvar2": [7.4082959145e-07, 2.94816800306e-07, 2.83727548123e-08, 3.36724411909e-07, 1.70420566548e-08, 2.21092144592e-09, 1.2290333018e-07, 7.07363554397e-08, 2.83989596284e-08, 2.20966114739e-07, 2.9258608869e-09, 1.21910490591e-08, 1.57147106439e-09, 5.50454259951e-09, 5.49405188011e-10, 1.56210877567e-09, 3.33395924201e-08, 2.9610072616e-08, 2.4420188538e-08, 1.20042498164e-09, 1.52229795436e-09, 2.01003658162e-09, 9.42261602077e-10, 9.67481983416e-10, 2.99253677394e-10, 1.18460130594e-10, 1.74969986416e-11, 2.28910054974e-12, 3.34848522607e-13, 1.89847790266e-12, 5.7199839483e-13, 9.94016761263e-12, 4.56574123127e-13, 3.94925172954e-15, 7.87030827337e-15, 1.20238402093e-15, 3.01502436366e-16, 3.89068768628e-17, 4.0528643863e-17, 2.46370914714e-17],
        "max": [0.00704165082425, 0.00415856437758, 0.000735092849936, 0.00275234435685, 0.000634101626929, 0.000248389696935, 0.003272973001, 0.0019980147481, 0.00104748387821, 0.00301402481273, 0.000232853170019, 0.000555455219001, 0.000283304223558, 0.000428934232332, 9.6295356343e-05, 0.000208549987292, 0.00131331628654, 0.00132054579444, 0.00153895409312, 0.000327021931298, 0.000270051677944, 0.000392434943933, 0.000200986265554, 0.000229525248869, 0.000138572402648, 8.29699492897e-05, 2.51711899182e-05, 9.12120867724e-06, 6.45692352919e-06, 2.90237330773e-05, 1.21057437354e-05, 2.36662890529e-05, 5.89478986512e-06, 3.29255357201e-07, 3.92268105998e-07, 1.82185559083e-07, 1.01442218181e-07, 8.67623697332e-08, 9.31458501441e-08, 7.31266993625e-08],
        "mean": [0.0037723609712, 0.0020547255408, 0.000225333307753, 0.00065488734981, 0.000103555488749, 3.16449004458e-05, 0.00116720830556, 0.00071121804649, 0.000273020326858, 0.000658346631099, 7.26765574655e-05, 9.37083532335e-05, 7.64007927501e-05, 7.65728982515e-05, 2.48794185609e-05, 5.16591135238e-05, 0.000388806918636, 0.000413663539803, 0.00049316912191, 3.27578054566e-05, 7.69241087255e-05, 7.17350485502e-05, 5.42734960618e-05, 6.76944619045e-05, 4.07532315876e-05, 1.82743788173e-05, 5.43387795915e-06, 2.77905951407e-06, 1.70855616943e-06, 4.28206976721e-06, 2.3132536171e-06, 1.06893151042e-06, 4.38383551682e-07, 9.63560040645e-08, 9.15382329936e-08, 4.96192136268e-08, 2.02350491918e-08, 8.61615934156e-09, 1.23495604853e-08, 1.38454874232e-08],
        "median": [0.00377689534798, 0.00203305878676, 0.000202166149393, 0.000572007789742, 7.14916095603e-05, 2.49970889854e-05, 0.00100769859273, 0.00062269018963, 0.000226273667067, 0.000537872489076, 5.92856740695e-05, 7.09193263901e-05, 6.44095707685e-05, 5.59607251489e-05, 2.05057094718e-05, 4.14682035625e-05, 0.000300935964333, 0.00036153793917, 0.000441348325694, 2.47779862548e-05, 6.46614062134e-05, 5.27295014763e-05, 4.19310235884e-05, 5.17680455232e-05, 3.41312843375e-05, 1.52596057887e-05, 4.58562544736e-06, 2.58777004092e-06, 1.52706581957e-06, 3.49333413396e-06, 2.10242228604e-06, 5.966554113e-07, 2.51619638902e-07, 8.39284908238e-08, 7.73350095074e-08, 4.51674289081e-08, 1.60469415533e-08, 7.26274818064e-09, 1.08331645876e-08, 1.31222614996e-08],
        "min": [7.02963443473e-05, 6.55687472317e-05, 1.74445376615e-05, 2.10515718209e-05, 3.20617573379e-06, 1.90580647086e-06, 1.01658743006e-05, 4.93442712468e-06, 4.82502446175e-06, 5.41126064491e-06, 4.633538083e-06, 4.61490571979e-06, 2.76116725217e-06, 9.2958850928e-07, 5.59289276225e-07, 6.90938634307e-07, 3.4426630009e-06, 8.26510677143e-06, 1.29156364892e-06, 4.42330616579e-07, 2.03909462471e-06, 3.9509413341e-07, 4.84773352127e-07, 1.35933714773e-06, 4.7159329597e-07, 3.30415900862e-07, 4.97616554185e-07, 3.08548692374e-07, 8.45589411824e-08, 7.70195782707e-08, 1.56291619646e-07, 1.2334410826e-07, 4.89598903641e-08, 2.21258957822e-08, 1.50001469024e-08, 1.03130846085e-08, 3.81964682106e-09, 2.43207542994e-09, 2.92226753906e-09, 3.37756289603e-09],
        "var": [1.12106386041e-06, 4.67521459768e-07, 1.96216518589e-08, 1.85465339086e-07, 9.39647826215e-09, 8.42961866976e-10, 3.89979106785e-07, 1.43646076367e-07, 3.30698668449e-08, 2.44474023248e-07, 2.0433643666e-09, 5.40655120673e-09, 2.62205612778e-09, 4.25335056065e-09, 2.98436969581e-10, 1.71197744869e-09, 9.6820919282e-08, 6.63416059865e-08, 1.40294588391e-07, 9.88899850896e-10, 2.51438825316e-09, 3.72719100028e-09, 1.54894375104e-09, 2.40570496857e-09, 6.50223486165e-10, 1.67023228581e-10, 1.2068398364e-11, 2.03775906739e-12, 8.27560405186e-13, 1.00867144498e-11, 2.173769411e-12, 3.52304817264e-12, 3.60920467775e-13, 2.83698587321e-15, 3.37023567691e-15, 7.2504580329e-16, 2.01930735566e-16, 4.11372370356e-17, 5.54075385877e-17, 4.8249924895e-17]
    },
    "mfcc": {
        "mean": [-619.398803711, 171.120101929, -63.6519355774, 44.7710609436, 4.94128274918, 7.39869117737, -7.26070404053, 4.54472446442, 17.695892334, 16.9829673767, 24.0701389313, 2.69420027733, -5.70635938644],
        "cov": [[190.425552368, -18.5857086182, -45.8435173035, 1.67875492573, -3.68772959709, -0.387642323971, -0.0605676285923, 7.35257959366, -5.82061243057, -22.1460399628, -9.64949989319, 17.2706317902, 20.4862155914], [-18.5857086182, 94.7443389893, -11.1788778305, -3.50694131851, -7.02393627167, -11.4858531952, 5.64526224136, -3.54074549675, 0.194813847542, -2.52895545959, 1.69812321663, -10.3119277954, -29.2575302124], [-45.8435173035, -11.1788778305, 85.1348953247, 5.72671937943, -26.0335865021, -5.44756126404, -6.9424533844, 8.18703174591, -9.59840106964, -10.4093351364, -17.0576591492, -12.2472257614, -2.1431851387], [1.67875492573, -3.50694131851, 5.72671937943, 59.5329093933, 1.06106495857, -12.6957187653, -16.2526493073, 4.09499883652, 3.94553518295, -10.4120540619, 2.75656104088, -6.01386976242, 0.918811559677], [-3.68772959709, -7.02393627167, -26.0335865021, 1.06106495857, 71.8944702148, 12.9733133316, -9.33110904694, -16.872428894, -6.1291103363, 2.79823470116, -2.64639878273, 12.4351091385, 2.55023813248], [-0.387642323971, -11.4858531952, -5.44756126404, -12.6957187653, 12.9733133316, 53.6510696411, 3.20345950127, -15.4110202789, -6.35626506805, 7.53016424179, 7.01424217224, -2.95672607422, 0.464429587126], [-0.0605676285923, 5.64526224136, -6.9424533844, -16.2526493073, -9.33110904694, 3.20345950127, 62.150352478, 6.90739583969, -7.53882265091, 0.0892924368382, -10.471821785, 2.76365733147, -2.26233386993], [7.35257959366, -3.54074549675, 8.18703174591, 4.09499883652, -16.872428894, -15.4110202789, 6.90739583969, 54.3811950684, 8.07961940765, -15.4475746155, -3.42934727669, 1.71600282192, 3.45727586746], [-5.82061243057, 0.194813847542, -9.59840106964, 3.94553518295, -6.1291103363, -6.35626506805, -7.53882265091, 8.07961940765, 39.3298988342, 6.817964077, -2.28689980507, -4.43961334229, -3.70924019814], [-22.1460399628, -2.52895545959, -10.4093351364, -10.4120540619, 2.79823470116, 7.53016424179, 0.0892924368382, -15.4475746155, 6.817964077, 58.7065429688, 14.3133382797, -6.16166448593, -9.13108444214], [-9.64949989319, 1.69812321663, -17.0576591492, 2.75656104088, -2.64639878273, 7.01424217224, -10.471821785, -3.42934727669, -2.28689980507, 14.3133382797, 59.7574157715, 0.422149062157, -8.4863576889], [17.2706317902, -10.3119277954, -12.2472257614, -6.01386976242, 12.4351091385, -2.95672607422, 2.76365733147, 1.71600282192, -4.43961334229, -6.16166448593, 0.422149062157, 42.165813446, 13.8642969131], [20.4862155914, -29.2575302124, -2.1431851387, 0.918811559677, 2.55023813248, 0.464429587126, -2.26233386993, 3.45727586746, -3.70924019814, -9.13108444214, -8.4863576889, 13.8642969131, 55.1234817505]],
