{
"lowlevel": {
    "average_loudness": 0.976173758507,
    "barkbands_crest": {
        "dmean": 3.54599547386,
        "dmean2": 5.91568803787,
        "dvar": 8.55319023132,
        "dvar2": 21.7789878845,
        "max": 25.3898925781,
        "mean": 12.0684432983,
        "median": 11.7719926834,
        "min": 4.13607311249,
        "var": 16.6857776642
    },
    "barkbands_flatness_db": {
        "dmean": 0.0480162315071,
        "dmean2": 0.0748143643141,
        "dvar": 0.00196114717983,
        "dvar2": 0.00466309068725,
        "max": 0.466911911964,
        "mean": 0.241175606847,
        "median": 0.232686415315,
        "min": 0.100869700313,
        "var": 0.00436537060887
    },
    "barkbands_kurtosis": {
        "dmean": 1.49715542793,
        "dmean2": 2.44210600853,
        "dvar": 6.22712659836,
        "dvar2": 13.8583860397,
        "max": 32.5365791321,
        "mean": 0.725628256798,
        "median": -0.048157453537,
        "min": -1.64520657063,
        "var": 8.0350522995
    },
    "barkbands_skewness": {
        "dmean": 0.588463485241,
        "dmean2": 0.925794661045,
        "dvar": 0.238737046719,
        "dvar2": 0.578290581703,
        "max": 4.95270681381,
        "mean": 0.206556692719,
        "median": 0.178074687719,
        "min": -2.75328302383,
        "var": 0.830695748329
    },
    "barkbands_spread": {
        "dmean": 2.17523908615,
        "dmean2": 3.52235722542,
        "dvar": 3.8085706234,
        "dvar2": 9.29987239838,
        "max": 19.7287979126,
        "mean": 8.42133808136,
        "median": 8.07274055481,
        "min": 1.43249607086,
        "var": 9.45170307159
    },
    "dissonance": {
        "dmean": 0.0318220965564,
        "dmean2": 0.0558390654624,
        "dvar": 0.000991393229924,
        "dvar2": 0.00266171200201,
        "max": 0.499999642372,
        "mean": 0.464687883854,
        "median": 0.476675361395,
        "min": 0.2993953228,
        "var": 0.0013157366775
    },
    "dynamic_complexity": 4.34332036972,
    "erbbands_crest": {
        "dmean": 4.00782680511,
        "dmean2": 6.48783683777,
        "dvar": 10.8885278702,
        "dvar2": 28.560213089,
        "max": 32.4815406799,
        "mean": 14.2987127304,
        "median": 13.5897388458,
        "min": 5.39420604706,
        "var": 25.0014743805
    },
    "erbbands_flatness_db": {
        "dmean": 0.0413084626198,
        "dmean2": 0.0647858902812,
        "dvar": 0.00133982650004,
        "dvar2": 0.00325398193672,
        "max": 0.498071402311,
        "mean": 0.343444705009,
        "median": 0.338377565145,
        "min": 0.206753477454,
        "var": 0.00317823467776
    },
    "erbbands_kurtosis": {
        "dmean": 1.1377389431,
        "dmean2": 1.84604334831,
        "dvar": 3.86163759232,
        "dvar2": 9.69346904755,
        "max": 21.1134853363,
        "mean": 0.30679744482,
        "median": -0.194853305817,
        "min": -1.67022788525,
        "var": 4.40119457245
    },
    "erbbands_skewness": {
        "dmean": 0.522807121277,
        "dmean2": 0.823334693909,
        "dvar": 0.208188816905,
        "dvar2": 0.524923026562,
        "max": 3.78101229668,
        "mean": 0.130597501993,
        "median": 0.0904914885759,
        "min": -1.97417247295,
        "var": 0.601046919823
    },
    "erbbands_spread": {
        "dmean": 2.9687461853,
        "dmean2": 4.839823246,
        "dvar": 7.30415534973,
        "dvar2": 17.5024967194,
        "max": 30.0651168823,
        "mean": 11.9956388474,
        "median": 11.4916095734,
        "min": 2.14383721352,
        "var": 18.9456214905
    },
    "hfc": {
        "dmean": 13.6502542496,
        "dmean2": 22.3866081238,
        "dvar": 317.842956543,
        "dvar2": 798.312805176,
        "max": 119.877967834,
        "mean": 18.1738090515,
        "median": 6.11602306366,
        "min": 0.0722456499934,
        "var": 497.921722412
    },
    "melbands_crest": {
        "dmean": 4.28167629242,
        "dmean2": 7.11820745468,
        "dvar": 12.5206203461,
        "dvar2": 29.0577316284,
        "max": 34.2679100037,
        "mean": 14.0484685898,
        "median": 13.1877861023,
        "min": 4.9780664444,
        "var": 27.1988945007
    },
    "melbands_flatness_db": {
        "dmean": 0.0471399836242,
        "dmean2": 0.0736053586006,
        "dvar": 0.00174906197935,
        "dvar2": 0.00427878368646,
        "max": 0.446463465691,
        "mean": 0.223523318768,
        "median": 0.218993499875,
        "min": 0.0813231691718,
        "var": 0.00391026679426
    },
    "melbands_kurtosis": {
        "dmean": 2.04568982124,
        "dmean2": 3.27582073212,
        "dvar": 11.6679077148,
        "dvar2": 26.1270980835,
        "max": 42.672164917,
        "mean": 1.56425869465,
        "median": 0.497533321381,
        "min": -1.60591101646,
        "var": 16.2641067505
    },
    "melbands_skewness": {
        "dmean": 0.571350336075,
        "dmean2": 0.887699067593,
        "dvar": 0.227010190487,
        "dvar2": 0.537013590336,
        "max": 4.84259653091,
        "mean": 0.588823080063,
        "median": 0.491449058056,
        "min": -2.18078184128,
        "var": 0.826370000839
    },
    "melbands_spread": {
        "dmean": 5.96958780289,
        "dmean2": 9.55128192902,
        "dvar": 35.2565994263,
        "dvar2": 89.5696182251,
        "max": 80.3734512329,
        "mean": 19.8098049164,
        "median": 18.6696071625,
        "min": 1.97631800175,
        "var": 76.7683792114
    },
    "pitch_salience": {
        "dmean": 0.086688823998,
        "dmean2": 0.1394829005,
        "dvar": 0.00500483857468,
        "dvar2": 0.0130379153416,
        "max": 0.805137574673,
        "mean": 0.530260324478,
        "median": 0.53192794323,
        "min": 0.120961926877,
        "var": 0.0132515849546
    },
    "silence_rate_20dB": {
        "dmean": 0,
        "dmean2": 0,
        "dvar": 0,
        "dvar2": 0,
        "max": 1,
        "mean": 1,
        "median": 1,
        "min": 1,
        "var": 0
    },
    "silence_rate_30dB": {
        "dmean": 0,
        "dmean2": 0,
        "dvar": 0,
        "dvar2": 0,
        "max": 1,
        "mean": 1,
        "median": 1,
        "min": 1,
        "var": 0
    },
    "silence_rate_60dB": {
        "dmean": 0.176785707474,
        "dmean2": 0.354203939438,
        "dvar": 0.145532086492,
        "dvar2": 0.264520764351,
        "max": 1,
        "mean": 0.411764711142,
        "median": 0,
        "min": 0,
        "var": 0.242214992642
    },
    "spectral_centroid": {
        "dmean": 285.422332764,
        "dmean2": 447.395904541,
        "dvar": 71634.6796875,
        "dvar2": 151394.578125,
        "max": 3707.51831055,
        "mean": 2378.87597656,
        "median": 2385.36303711,
        "min": 714.531555176,
        "var": 316342.8125
    },
    "spectral_complexity": {
        "dmean": 3.70535707474,
        "dmean2": 6.32021474838,
        "dvar": 15.9649324417,
        "dvar2": 41.351776123,
        "max": 24,
        "mean": 6.88591814041,
        "median": 6,
        "min": 0,
        "var": 23.5591621399
    },
    "spectral_decrease": {
        "dmean": 1.55997215145e-09,
        "dmean2": 2.53497844938e-09,
        "dvar": 3.89317228869e-18,
        "dvar2": 9.63319652128e-18,
        "max": -5.15883212884e-12,
        "mean": -2.1121044913e-09,
        "median": -7.38293814972e-10,
        "min": -1.08046291913e-08,
        "var": 6.7428148756e-18
    },
    "spectral_energy": {
        "dmean": 0.0070948950015,
        "dmean2": 0.0115585457534,
        "dvar": 7.98817563918e-05,
        "dvar2": 0.000197885688976,
        "max": 0.046150136739,
        "mean": 0.0096199773252,
        "median": 0.00332426326349,
        "min": 2.72540291917e-05,
        "var": 0.000136438306072
    },
    "spectral_energyband_high": {
        "dmean": 0.00031204536208,
        "dmean2": 0.000523689494003,
        "dvar": 5.58551619179e-07,
        "dvar2": 1.38267682814e-06,
        "max": 0.0115374010056,
        "mean": 0.000334316195222,
        "median": 4.74761218356e-05,
        "min": 4.78237041079e-07,
        "var": 9.06126558675e-07
    },
    "spectral_energyband_low": {
        "dmean": 3.38831182489e-06,
        "dmean2": 5.717357908e-06,
        "dvar": 3.30480226518e-11,
        "dvar2": 8.81438325107e-11,
        "max": 5.82828724873e-05,
        "mean": 3.33039702127e-06,
        "median": 1.23500262816e-06,
        "min": 4.80636934697e-08,
        "var": 3.20485755989e-11
    },
    "spectral_energyband_middle_high": {
        "dmean": 0.00646478682756,
        "dmean2": 0.010473405011,
        "dvar": 6.8434404966e-05,
        "dvar2": 0.000168932398083,
        "max": 0.0447533987463,
        "mean": 0.0085278050974,
        "median": 0.00292445602827,
        "min": 2.06018594326e-05,
        "var": 0.000114796304842
    },
    "spectral_energyband_middle_low": {
        "dmean": 0.000680872588418,
        "dmean2": 0.00110742927063,
        "dvar": 6.2942394834e-06,
        "dvar2": 1.48719618664e-05,
        "max": 0.0274083167315,
        "mean": 0.00076446402818,
        "median": 2.8623649996e-05,
        "min": 2.99983582863e-07,
        "var": 7.82717779657e-06
    },
    "spectral_entropy": {
        "dmean": 0.429654628038,
        "dmean2": 0.705177903175,
        "dvar": 0.191133216023,
        "dvar2": 0.495886147022,
        "max": 7.86865282059,
        "mean": 6.838763237,
        "median": 6.97730207443,
        "min": 4.97283840179,
        "var": 0.311441391706
    },
    "spectral_flux": {
        "dmean": 0.0342622026801,
        "dmean2": 0.0548448860645,
        "dvar": 0.00134993169922,
        "dvar2": 0.00300079095177,
        "max": 0.210584700108,
        "mean": 0.0643424913287,
        "median": 0.0515208132565,
        "min": 0.003174794605,
        "var": 0.00248787063174
    },
    "spectral_kurtosis": {
        "dmean": 6.91234827042,
        "dmean2": 12.2834262848,
        "dvar": 37.767578125,
        "dvar2": 116.473602295,
        "max": 48.4234046936,
        "mean": 12.1027765274,
        "median": 10.1957836151,
        "min": 2.57196378708,
        "var": 50.3756561279
    },
    "spectral_rms": {
        "dmean": 0.00111409835517,
        "dmean2": 0.00175794109236,
        "dvar": 1.54207316427e-06,
        "dvar2": 3.75059926228e-06,
        "max": 0.00671003153548,
        "mean": 0.00248309178278,
        "median": 0.00180088414345,
        "min": 0.000163062242791,
        "var": 3.21959760186e-06
    },
    "spectral_rolloff": {
        "dmean": 431.048034668,
        "dmean2": 720.687927246,
        "dvar": 280553.4375,
        "dvar2": 622886.8125,
        "max": 5813.96484375,
        "mean": 2763.92724609,
        "median": 2648.58398438,
        "min": 538.330078125,
        "var": 727038.5
    },
    "spectral_skewness": {
        "dmean": 0.614898860455,
        "dmean2": 1.08939027786,
        "dvar": 0.305032193661,
        "dvar2": 0.96266078949,
        "max": 4.60019493103,
        "mean": 1.88926029205,
        "median": 1.75334370136,
        "min": 0.81371819973,
        "var": 0.397920131683
    },
    "spectral_spread": {
        "dmean": 347032.375,
        "dmean2": 586277.25,
        "dvar": 128778731520,
        "dvar2": 376532631552,
        "max": 4644880.5,
        "mean": 2112710.5,
        "median": 2072675.875,
        "min": 1094112.875,
        "var": 194064744448
    },
    "spectral_strongpeak": {
        "dmean": 1.52211523056,
        "dmean2": 2.48868966103,
        "dvar": 3.89764142036,
        "dvar2": 9.70794010162,
        "max": 15.7690811157,
        "mean": 2.46499419212,
        "median": 1.4759978056,
        "min": 0.0442712344229,
        "var": 6.57465791702
    },
    "zerocrossingrate": {
        "dmean": 0.00927298422903,
        "dmean2": 0.011378088966,
        "dvar": 6.32987939753e-05,
        "dvar2": 9.46244326769e-05,
        "max": 0.16943359375,
        "mean": 0.0894808024168,
        "median": 0.087890625,
        "min": 0.0263671875,
        "var": 0.000526991323568
    },
    "barkbands": {
        "dmean": [3.31418732458e-07, 2.6834009077e-06, 5.77980472372e-07, 8.14906343294e-07, 6.96010602041e-06, 5.6814724303e-06, 7.5757758168e-05, 0.000112067718874, 0.000493261031806, 0.000257426378084, 0.00127326219808, 0.00116308266297, 0.000617871701252, 0.0010930163553, 0.00121088826563, 0.000802001915872, 0.000694943708368, 0.000544955662917, 0.000932890921831, 0.000260196771706, 0.000185659708222, 5.39055727131e-05, 2.42292317125e-05, 5.47714489585e-06, 2.64420418716e-06, 8.66507491537e-07, 1.47765092606e-07],
        "dmean2": [5.72300336898e-07, 4.59531429442e-06, 1.04159846614e-06, 1.51358710809e-06, 1.2918120774e-05, 9.51938454818e-06, 0.000137586379424, 0.000203050425625, 0.000784783042036, 0.000455358735053, 0.00214846408926, 0.00188750994857, 0.000998385134153, 0.00194902904332, 0.0019848914817, 0.00131115200929, 0.00114882166963, 0.00091443315614, 0.0016462339554, 0.00042961051804, 0.000317860307405, 9.40593017731e-05, 4.20803371526e-05, 1.02312060335e-05, 4.68758798888e-06, 1.64332618624e-06, 2.74494880159e-07],
        "dvar": [2.03732362469e-13, 2.49118677076e-11, 1.11307837947e-12, 5.79665785858e-12, 5.52012102695e-10, 8.32775404191e-10, 1.40820645811e-07, 4.33801432109e-07, 5.10966947331e-06, 4.96640211622e-07, 9.75775492407e-06, 9.36303877097e-06, 2.99579846796e-06, 8.04120463727e-06, 7.08740481059e-06, 5.25875793755e-06, 3.23058407048e-06, 2.60328170043e-06, 6.22070456302e-06, 3.51747047489e-07, 3.59063108135e-07, 7.86615288462e-08, 5.04302866133e-09, 3.16458997895e-10, 8.83827802611e-11, 1.02752346562e-11, 1.93711407049e-13],
        "dvar2": [5.4908632979e-13, 6.98414312494e-11, 2.95435485971e-12, 1.77091744047e-11, 1.56179646993e-09, 1.97040272987e-09, 3.91491084883e-07, 1.20205572784e-06, 1.15560433187e-05, 1.34903632443e-06, 2.44998736889e-05, 2.38196880673e-05, 6.44651981929e-06, 2.08345372812e-05, 1.7194523025e-05, 1.1684306628e-05, 8.19899469207e-06, 6.54903897157e-06, 1.74008400791e-05, 9.1880627906e-07, 9.68894141806e-07, 2.02193419341e-07, 1.1489619034e-08, 9.45315159484e-10, 2.05994998836e-10, 3.33532229613e-11, 5.21995370106e-13],
        "max": [4.76090417578e-06, 4.93424122396e-05, 9.54987262958e-06, 2.92997283395e-05, 0.000230743695283, 0.000461149174953, 0.00466151442379, 0.00883894786239, 0.0266548991203, 0.00589901441708, 0.024598326534, 0.0315804593265, 0.0222937148064, 0.0212878771126, 0.0225996822119, 0.0329666212201, 0.0149485440925, 0.0172965489328, 0.0243135746568, 0.00683899549767, 0.0102923270315, 0.00516693806276, 0.00105558987707, 0.000224934716243, 0.000168832397321, 3.90421264456e-05, 3.64326342606e-06],
        "mean": [3.51601670445e-07, 2.43561726165e-06, 4.58666619352e-07, 5.56062275336e-07, 4.36493655798e-06, 5.66266498936e-06, 6.50724978186e-05, 8.45351896714e-05, 0.000577948812861, 0.000224626419367, 0.00129381217994, 0.00124342250638, 0.000619839061983, 0.000889771268703, 0.00134164735209, 0.000697354029398, 0.000727542326786, 0.000486389937578, 0.000827483192552, 0.000261673034402, 0.000189074373338, 4.35370966443e-05, 2.55239538092e-05, 4.05964738093e-06, 2.14467081605e-06, 5.95974825046e-07, 1.06606400152e-07],
        "median": [1.92616383288e-07, 8.39409551645e-07, 1.03796992335e-07, 1.21898139582e-07, 6.97685948126e-07, 3.60615985073e-07, 1.40680242566e-06, 2.10406960832e-06, 1.03615311673e-05, 1.16020328278e-05, 0.000152993961819, 6.87039355398e-05, 3.4008458897e-05, 5.78275648877e-05, 0.000179622569703, 6.50683577987e-05, 4.95090935146e-05, 6.27251210972e-05, 5.88332295592e-05, 3.754620775e-05, 1.8960205125e-05, 2.96964958579e-06, 2.23386268772e-06, 4.00833698677e-07, 1.37073442374e-07, 5.4924534254e-08, 1.3994189807e-08],
        "min": [3.48219897361e-09, 1.86033286553e-08, 2.38564878963e-09, 1.04686015412e-09, 8.74141203866e-09, 5.17305664971e-09, 1.68023142066e-08, 7.6239343727e-09, 3.0093190162e-08, 3.10385175339e-08, 1.58523590699e-07, 1.73774338919e-07, 2.30851796346e-07, 3.72485231992e-07, 8.79288222677e-07, 1.1715309256e-07, 7.54645341772e-08, 6.29308885891e-07, 3.19972031093e-07, 2.82064860357e-07, 1.24154041714e-07, 4.10983957977e-08, 3.17880477496e-08, 1.67801559314e-08, 7.98362442822e-09, 8.44899972208e-09, 2.94998470096e-09],
        "var": [2.14772576351e-13, 2.06172908607e-11, 9.2488430109e-13, 3.35649281806e-12, 2.98377184071e-10, 7.90955856367e-10, 1.24763474219e-07, 2.88638858592e-07, 6.66217511025e-06, 4.49102344646e-07, 1.10486944322e-05, 1.21669645523e-05, 4.1255348151e-06, 7.29026214685e-06, 8.50624928717e-06, 5.93763843426e-06, 4.61907120552e-06, 2.34351682593e-06, 5.49383275938e-06, 4.16752072852e-07, 5.31239663815e-07, 6.67807782406e-08, 8.69577654328e-09, 2.01312924664e-10, 9.16989817412e-11, 5.87636753493e-12, 1.31958436149e-13]
    },
    "erbbands": {
        "dmean": [8.4218889242e-05, 0.00059241487179, 0.000809544406366, 0.00161903596018, 0.00948750972748, 0.0266646258533, 0.0446325354278, 0.0571027360857, 0.622111976147, 2.71965003014, 1.91848313808, 11.5715904236, 7.31458473206, 30.8996887207, 37.7713470459, 47.8822174072, 23.9529056549, 37.7060279846, 54.5966148376, 67.5673751831, 49.3574714661, 33.6699142456, 37.3362426758, 52.5294189453, 21.6400413513, 13.3472013474, 6.7749876976, 6.30648469925, 2.49338078499, 1.20656013489, 0.461062401533, 0.157689794898, 0.0729671195149, 0.0310474559665, 0.0134011134505, 0.00507897371426, 0.0013552296441, 0.000249455624726, 3.31006231136e-05, 1.03509746623e-05],
        "dmean2": [0.000141850890941, 0.0010373997502, 0.00147026346531, 0.00294468109496, 0.0179324280471, 0.0496321134269, 0.0792743191123, 0.0920620709658, 1.07682073116, 5.03276586533, 3.22410941124, 18.5673408508, 11.9246253967, 52.8070449829, 62.1326713562, 75.7492980957, 39.4487037659, 64.7652893066, 91.9743118286, 110.794914246, 80.5946960449, 52.536781311, 61.1051826477, 92.1493377686, 37.3339653015, 21.9363574982, 11.7677850723, 10.6053314209, 4.18905591965, 2.09003973007, 0.808254361153, 0.289935559034, 0.135296672583, 0.0543255694211, 0.0251376684755, 0.00952908489853, 0.00257773231715, 0.00046751004993, 5.99970662734e-05, 1.68604965438e-05],
        "dvar": [1.95340419396e-08, 1.39371729801e-06, 2.30154500969e-06, 1.90111150005e-05, 0.000865284819156, 0.00821722019464, 0.0440081357956, 0.0550551339984, 10.1701860428, 280.330810547, 43.9883956909, 2750.40527344, 947.554992676, 4417.95703125, 5727.11572266, 17365.6855469, 3098.74707031, 6872.88134766, 15757.5947266, 22533.4199219, 16879.8164062, 6347.26367188, 12047.9072266, 19363.1152344, 3146.83813477, 1026.46044922, 192.453521729, 604.331359863, 186.983886719, 14.6882619858, 1.61515676975, 0.159804925323, 0.068075299263, 0.0101721575484, 0.00183506752364, 0.000343821418937, 2.87628026854e-05, 5.67792881156e-07, 7.72354891154e-09, 1.75280567838e-10],
        "dvar2": [5.08396809096e-08, 4.06088429372e-06, 6.33872696199e-06, 5.65957780054e-05, 0.0026018593926, 0.0232995990664, 0.114304356277, 0.119968026876, 27.1278266907, 785.223571777, 114.154327393, 5978.57519531, 2311.72998047, 11257.1542969, 14506.3095703, 42793.7929688, 7183.90136719, 18208.8828125, 37646.2382812, 52942.9101562, 40290.4023438, 14199.2392578, 30412.421875, 53023.9179688, 9278.24121094, 2739.27246094, 528.617797852, 1559.83337402, 465.560333252, 35.0377807617, 3.38007688522, 0.473437845707, 0.19575099647, 0.021459152922, 0.00605123210698, 0.00112972257193, 9.24362248043e-05, 1.69193663169e-06, 2.20200533363e-08, 4.42421072e-10],
        "max": [0.00129074370489, 0.0113833602518, 0.0117966355756, 0.0516240224242, 0.361320763826, 0.875380516052, 3.16418147087, 3.23917770386, 62.7525177002, 234.5625, 74.7201385498, 607.140930176, 467.860565186, 421.554260254, 608.365722656, 1451.87072754, 575.837219238, 541.105651855, 1400.41418457, 1242.21386719, 1654.70300293, 994.091308594, 1244.04760742, 1300.91479492, 784.054260254, 378.585845947, 149.905273438, 456.390380859, 271.294342041, 52.9372062683, 20.8085613251, 4.08866453171, 3.59387469292, 1.91566157341, 0.512886047363, 0.233309864998, 0.0664464458823, 0.00624072551727, 0.00074818712892, 8.04870942375e-05],
        "mean": [8.22856382001e-05, 0.000491221901029, 0.000670190085657, 0.0011587504996, 0.00607994804159, 0.0166066978127, 0.0318380668759, 0.0704294741154, 0.633565247059, 1.99079799652, 2.00075101852, 14.574461937, 7.13208675385, 30.6574783325, 40.6139793396, 53.9561309814, 24.9140644073, 33.1819343567, 54.9314308167, 74.9091873169, 45.385219574, 37.7307319641, 35.8138504028, 48.1500778198, 20.5512104034, 13.5281925201, 6.88381147385, 6.78938579559, 2.17783474922, 1.21939313412, 0.445673882961, 0.130062282085, 0.0525570511818, 0.025828037411, 0.0104228109121, 0.00360488798469, 0.000930922105908, 0.000177405279828, 2.65351845883e-05, 1.39593266795e-05],
        "median": [3.44484833477e-05, 0.000138998351758, 0.000161346964887, 0.000277419399936, 0.00111906602979, 0.00242524105124, 0.00441870698705, 0.00268174195662, 0.0150292851031, 0.0517055764794, 0.0881795287132, 0.268465191126, 0.529422461987, 4.37680244446, 8.12560844421, 4.44241142273, 2.74120259285, 3.51699733734, 7.61717414856, 11.7923774719, 6.01670026779, 3.54674959183, 7.72593593597, 5.91178321838, 2.97913265228, 2.4296374321, 1.11786687374, 0.52639067173, 0.159199476242, 0.103831537068, 0.055302169174, 0.0145694967359, 0.00403413083404, 0.00176328164525, 0.000726130092517, 0.000273126206594, 9.79182223091e-05, 2.65752405539e-05, 5.3487265177e-06, 4.82756968267e-06],
        "min": [3.4516699543e-07, 2.52746212936e-06, 3.91649746234e-06, 7.00512373442e-06, 5.16429827258e-05, 2.55325794569e-05, 7.92626669863e-05, 4.44874822279e-05, 0.000112455483759, 0.000215942651266, 0.000247521646088, 0.000725557736587, 0.00132134649903, 0.00533549487591, 0.00870099104941, 0.00896918028593, 0.0257607568055, 0.0432591885328, 0.0577341839671, 0.060006134212, 0.0162517167628, 0.00802479591221, 0.0716877281666, 0.0521378368139, 0.0433711335063, 0.0190361402929, 0.00736053707078, 0.00426001474261, 0.00221609184518, 0.00149586983025, 0.000713831919711, 0.000490296573844, 0.000160120398505, 8.0843368778e-05, 5.2717368817e-05, 2.97909919027e-05, 1.57591093739e-05, 4.39842597189e-06, 3.5906651874e-07, 1.05867300704e-07],
        "var": [1.86054283091e-08, 1.03704667254e-06, 1.86321108231e-06, 1.18762691272e-05, 0.000476762244944, 0.00442290538922, 0.0252805370837, 0.0836404711008, 15.0063829422, 180.826507568, 46.000995636, 4295.48632812, 901.195556641, 4849.78466797, 6882.32373047, 24389.4648438, 4339.00537109, 6428.65136719, 20793.9101562, 27951.5527344, 17728.890625, 12746.7666016, 10496.6074219, 17354.3417969, 3090.71728516, 1211.43786621, 228.80229187, 974.898193359, 170.92124939, 22.6468582153, 2.07766532898, 0.134825527668, 0.0420206040144, 0.0118948956951, 0.0013698322, 0.000205473654205, 1.61881835083e-05, 3.4249944747e-07, 5.21729459635e-09, 2.81710321737e-10]
    },
    "gfcc": {
        "mean": [-172.533187866, 19.4790592194, -238.138641357, 10.004193306, -36.620475769, 10.9719429016, -7.9604177475, 6.04239654541, -17.2060260773, -4.07357168198, -9.20759105682, 3.36788082123, -1.25730586052],
        "cov": [[5289.47802734, -481.778686523, -409.369903564, -32.3476142883, -223.873443604, 92.247718811, -149.255691528, -51.1310882568, -13.4106254578, -71.3476333618, 84.3178024292, -172.818984985, 114.742340088], [-481.778686523, 1409.05236816, -36.0065879822, -775.244445801, -196.252288818, -381.344055176, 37.7154579163, 123.781700134, 282.350891113, 23.5641555786, 20.1640281677, -42.3114204407, 4.16005373001], [-409.369903564, -36.0065879822, 574.713012695, 229.415374756, -11.8848896027, 43.7653045654, -142.547973633, -20.4299201965, -125.715858459, 126.269363403, -48.7620010376, 59.1175727844, -107.527076721], [-32.3476142883, -775.244445801, 229.415374756, 789.491333008, 226.062652588, 234.840927124, -25.2156257629, -113.986251831, -217.428894043, 16.0186462402, -5.95153236389, 34.2973480225, -69.8008041382], [-223.873443604, -196.252288818, -11.8848896027, 226.062652588, 292.87600708, 122.960601807, 44.8842391968, 19.1407165527, -55.6375541687, -52.8013458252, 7.26162481308, 10.6001691818, -8.69371414185], [92.247718811, -381.344055176, 43.7653045654, 234.840927124, 122.960601807, 247.680938721, 37.2018318176, -29.845205307, -102.656745911, -21.4072170258, -17.7438697815, 18.3597984314, 4.35013055801], [-149.255691528, 37.7154579163, -142.547973633, -25.2156257629, 44.8842391968, 37.2018318176, 193.745758057, 44.9999656677, 15.3880634308, -52.5244293213, 2.42953014374, 6.2288646698, 55.6684913635], [-51.1310882568, 123.781700134, -20.4299201965, -113.986251831, 19.1407165527, -29.845205307, 44.9999656677, 170.371200562, 64.6494827271, -48.2224655151, -18.108133316, -16.8946933746, 56.5470733643], [-13.4106254578, 282.350891113, -125.715858459, -217.428894043, -55.6375541687, -102.656745911, 15.3880634308, 64.6494827271, 206.49786377, 22.2634239197, -7.50542974472, -55.6295433044, 2.83728718758], [-71.3476333618, 23.5641555786, 126.269363403, 16.0186462402, -52.8013458252, -21.4072170258, -52.5244293213, -48.2224655151, 22.2634239197, 187.743270874, 40.1387214661, -17.5202503204, -113.417449951], [84.3178024292, 20.1640281677, -48.7620010376, -5.95153236389, 7.26162481308, -17.7438697815, 2.42953014374, -18.108133316, -7.50542974472, 40.1387214661, 136.535476685, 13.6731805801, -53.473575592], [-172.818984985, -42.3114204407, 59.1175727844, 34.2973480225, 10.6001691818, 18.3597984314, 6.2288646698, -16.8946933746, -55.6295433044, -17.5202503204, 13.6731805801, 107.29233551, 25.0527820587], [114.742340088, 4.16005373001, -107.527076721, -69.8008041382, -8.69371414185, 4.35013055801, 55.6684913635, 56.5470733643, 2.83728718758, -113.417449951, -53.473575592, 25.0527820587, 246.538330078]],
        "icov": [[0.000266810995527, 1.4126426322e-05, 0.000277141894912, -7.09911546437e-05, 0.000379092118237, -0.000309786264552, 0.000438363669673, -0.000131056483951, 0.000149260260514, 7.25450299797e-05, -0.000269541953458, 0.000432105793152, -0.000144446370541], [1.4126426322e-05, 0.00347277615219, -0.0031714825891, 0.00326604093425, -0.00152167619672, 0.0031525446102, -0.00262169819325, 0.00217532156967, -0.00242276559584, 0.00185019907076, -0.00157144793775, 0.00148314284161, -0.000152470121975], [0.000277141894912, -0.0031714825891, 0.00802651885897, -0.00398578075692, 0.00238187611103, -0.00300034345128, 0.00534247700125, -0.00529173901305, 0.00510497158393, -0.00518807489425, 0.00439922139049, -0.0038932133466, 0.00134547217749], [-7.09911546437e-05, 0.00326604093425, -0.00398578075692, 0.00590338278562, -0.00316597893834, 0.00200537103228, -0.0027666951064, 0.00353548303246, -0.00111641187686, 0.00178536120802, -0.00150470458902, 0.00210406421684, -0.00012828366016], [0.000379092118237, -0.00152167619672, 0.00238187611103, -0.00316597893834, 0.00702675385401, -0.00352965225466, 0.00153802859131, -0.00297609413974, 0.000936762255151, 0.000716472626664, -0.000287697825115, -0.000519587134477, 0.000946339161601], [-0.000309786264552, 0.0031525446102, -0.00300034345128, 0.00200537103228, -0.00352965225466, 0.0102810412645, -0.00424207886681, 0.00241123139858, -0.000120617398352, 0.000893795804586, 0.000203772870009, 0.00107674184255, -0.000203550778679], [0.000438363669673, -0.00262169819325, 0.00534247700125, -0.0027666951064, 0.00153802859131, -0.00424207886681, 0.0104259392247, -0.0043737962842, 0.00252734450623, -0.00210707401857, 0.00136719923466, -0.00224291183986, -0.000308855815092], [-0.000131056483951, 0.00217532156967, -0.00529173901305, 0.00353548303246, -0.00297609413974, 0.00241123139858, -0.0043737962842, 0.0117910336703, -0.00511798262596, 0.00447748461738, -0.00253645400517, 0.00327130733058, -0.00191089231521], [0.000149260260514, -0.00242276559584, 0.00510497158393, -0.00111641187686, 0.000936762255151, -0.000120617398352, 0.00252734450623, -0.00511798262596, 0.0126100527123, -0.00508092995733, 0.00363891734742, 0.000876934442203, 0.000737826572731], [7.25450299797e-05, 0.00185019907076, -0.00518807489425, 0.00178536120802, 0.000716472626664, 0.000893795804586, -0.00210707401857, 0.00447748461738, -0.00508092995733, 0.0125192040578, -0.0048636700958, 0.00328557821922, 0.00206503970549], [-0.000269541953458, -0.00157144793775, 0.00439922139049, -0.00150470458902, -0.000287697825115, 0.000203772870009, 0.00136719923466, -0.00253645400517, 0.00363891734742, -0.0048636700958, 0.0120536452159, -0.00455655390397, 0.00270204921253], [0.000432105793152, 0.00148314284161, -0.0038932133466, 0.00210406421684, -0.000519587134477, 0.00107674184255, -0.00224291183986, 0.00327130733058, 0.000876934442203, 0.00328557821922, -0.00455655390397, 0.0147644272074, -0.00259686657228], [-0.000144446370541, -0.000152470121975, 0.00134547217749, -0.00012828366016, 0.000946339161601, -0.000203550778679, -0.000308855815092, -0.00191089231521, 0.000737826572731, 0.00206503970549, 0.00270204921253, -0.00259686657228, 0.00701292743906]]
    },
    "melbands": {
        "dmean": [7.47661943024e-07, 5.48645743947e-07, 4.45246456593e-07, 1.28696649426e-06, 1.53025246163e-06, 1.19729418202e-06, 1.08810145321e-05, 3.10370378429e-05, 1.75037293957e-05, 7.9389574239e-05, 3.37735509675e-05, 0.000116469527711, 0.000164601166034, 0.000144586665556, 5.12309052283e-05, 7.05872007529e-05, 7.51884072088e-05, 0.000101813864603, 0.000101831712527, 7.10569438525e-05, 5.66050402995e-05, 3.44164946e-05, 3.32791460096e-05, 3.01055715681e-05, 4.7721187002e-05, 2.78525894828e-05, 8.91133186087e-06, 7.87411954661e-06, 4.87028091811e-06, 5.96065183345e-06, 2.33017772189e-06, 1.35701645831e-06, 8.83441032329e-07, 7.38598430416e-07, 2.46162983331e-07, 1.3011604949e-07, 9.73321405695e-08, 6.13929174165e-08, 3.63771945899e-08, 2.08160741977e-08],
        "dmean2": [1.27327825794e-06, 9.60061242949e-07, 8.29438022265e-07, 2.41818270297e-06, 2.73528689831e-06, 2.00827207664e-06, 1.89933034562e-05, 5.72784520045e-05, 2.81351949525e-05, 0.00012668974523, 5.477333616e-05, 0.00019892952696, 0.000271808297839, 0.000236472449615, 8.18744811113e-05, 0.000115425245895, 0.000133093693876, 0.0001747803326, 0.000169286693563, 0.000114505040983, 9.54278657446e-05, 5.61484557693e-05, 5.30528413947e-05, 5.01035319758e-05, 8.43224552227e-05, 4.84537995362e-05, 1.47671189552e-05, 1.31317283376e-05, 8.57539180288e-06, 9.91764591163e-06, 3.71823284695e-06, 2.340028459e-06, 1.51258814185e-06, 1.28422891521e-06, 4.34544546124e-07, 2.28870703722e-07, 1.81623917683e-07, 1.15284102264e-07, 6.20152889041e-08, 3.73856039459e-08],
        "dvar": [1.79059805178e-12, 1.04855902607e-12, 1.64923088207e-12, 1.73322224628e-11, 4.550659502e-11, 2.83731389078e-11, 2.79867329311e-09, 3.65490855359e-08, 3.79459352828e-09, 1.35434135018e-07, 2.3575671193e-08, 6.31523917605e-08, 1.4773821988e-07, 1.5198094161e-07, 1.73444316687e-08, 4.08868174873e-08, 3.43140200698e-08, 7.28551228235e-08, 6.18131394958e-08, 2.76017289025e-08, 2.34486936534e-08, 7.60082130569e-09, 6.59550014603e-09, 7.59171658871e-09, 1.87390600814e-08, 6.24268681193e-09, 5.32324628821e-10, 3.50575291019e-10, 1.3932295595e-10, 5.98304128463e-10, 7.09416136946e-11, 5.00782193491e-11, 3.37800724892e-11, 7.54184301816e-12, 4.7195195885e-13, 1.72460936049e-13, 1.14965383134e-13, 7.80756481602e-14, 4.75610253492e-14, 2.87310378159e-15],
        "dvar2": [4.83900896783e-12, 2.99017191216e-12, 4.99108957289e-12, 5.07522635029e-11, 1.19052018244e-10, 6.37239219725e-11, 7.51028217394e-09, 1.02064333873e-07, 8.66812310818e-09, 2.98834777368e-07, 5.75123699775e-08, 1.60670936111e-07, 3.71298597202e-07, 3.87020918424e-07, 4.28857589441e-08, 8.94165452792e-08, 9.49430400965e-08, 1.73220271904e-07, 1.54787755946e-07, 6.12707040659e-08, 6.05314482982e-08, 1.7805632524e-08, 1.65638454064e-08, 1.88335107509e-08, 5.1167262427e-08, 1.83035986367e-08, 1.40093603385e-09, 9.24100518329e-10, 3.81551151785e-10, 1.53046253448e-09, 1.76069492319e-10, 1.26395949263e-10, 8.6855848902e-11, 1.744249363e-11, 1.01801423194e-12, 3.72101194258e-13, 3.53450341911e-13, 2.29613582921e-13, 9.68501266598e-14, 7.76262412775e-15],
        "max": [1.33580497277e-05, 9.25344920688e-06, 1.57710219355e-05, 4.67265635962e-05, 9.92393252091e-05, 8.14183222246e-05, 0.00095925264759, 0.00265963119455, 0.000925557571463, 0.00405454542488, 0.00240591820329, 0.00151943531819, 0.00316291442141, 0.00426692841575, 0.00130866165273, 0.00256843632087, 0.00131921225693, 0.00294465664774, 0.00231119734235, 0.00213917461224, 0.00150170770939, 0.00095379416598, 0.000731524662115, 0.000894968863577, 0.00124609854538, 0.000945417094044, 0.000267863360932, 0.000212611324969, 0.000122857993119, 0.000422846525908, 0.000158769733389, 0.000130176515086, 0.000117371222586, 4.29297761002e-05, 1.02537287603e-05, 7.60152761359e-06, 3.56340569851e-06, 4.09350377595e-06, 4.43198996436e-06, 5.35243771083e-07],
        "mean": [7.25062193396e-07, 4.62540185708e-07, 3.1141618706e-07, 8.05711238172e-07, 1.07548157757e-06, 1.3382157249e-06, 1.0514965652e-05, 2.25537369261e-05, 1.92309398699e-05, 9.67740197666e-05, 3.09951647068e-05, 0.000115307389933, 0.00016759148275, 0.000158199560246, 5.74267833144e-05, 6.74688562867e-05, 6.0715865402e-05, 9.6425828815e-05, 0.000102920770587, 7.26582438801e-05, 4.78711117466e-05, 3.55917509296e-05, 3.49322181137e-05, 2.81756983895e-05, 4.18707531935e-05, 2.45545779762e-05, 8.81296364241e-06, 7.78966114012e-06, 4.32284195995e-06, 6.32724822935e-06, 2.39504788624e-06, 1.10579628654e-06, 7.45856652884e-07, 7.85898748745e-07, 2.19963951054e-07, 1.15237732246e-07, 7.18752275475e-08, 4.02716331394e-08, 2.93296320564e-08, 1.70934342236e-08],
        "median": [2.83643288412e-07, 1.3013598732e-07, 7.6646337277e-08, 1.33156206061e-07, 1.49799134874e-07, 5.84993244956e-08, 2.37936617964e-07, 5.64014726478e-07, 7.58846852023e-07, 1.54160397869e-06, 1.56036264798e-06, 1.49394309119e-05, 2.29540837609e-05, 8.49906064104e-06, 4.34256162407e-06, 3.63612525689e-06, 4.19444450017e-06, 6.92000003255e-06, 1.26711693156e-05, 9.06008517632e-06, 4.06830577049e-06, 2.33130094784e-06, 3.6357891986e-06, 3.49652373188e-06, 2.6899454042e-06, 1.68135352396e-06, 9.80778509074e-07, 1.10153371224e-06, 4.50988579814e-07, 3.19703531204e-07, 1.59549927048e-07, 5.99384861744e-08, 5.21904723882e-08, 4.42283720758e-08, 2.67460364967e-08, 1.29169119845e-08, 5.80490322477e-09, 2.28279017911e-09, 1.64032409877e-09, 1.25497467973e-09],
        "min": [4.57515803021e-09, 3.07370351393e-09, 2.79204637188e-09, 2.81641798772e-09, 1.91276550154e-09, 1.03644726135e-09, 2.6217874538e-09, 2.54949283907e-09, 2.01206828976e-09, 4.28978808031e-09, 5.89661786066e-09, 2.02119316839e-08, 2.11472723777e-08, 1.42445113482e-08, 1.2513181602e-08, 2.12249116061e-08, 2.61896744291e-08, 4.56956250616e-08, 7.54161106897e-08, 3.82693521317e-08, 8.90141649279e-09, 4.12358946988e-09, 3.31128795494e-08, 2.05917203289e-08, 1.18625855805e-08, 1.25067591839e-08, 1.3716764613e-08, 6.7234955381e-09, 3.37128636119e-09, 3.18396331522e-09, 1.93410820692e-09, 7.00196012282e-10, 9.2304747179e-10, 4.78054762443e-10, 3.12567832728e-10, 4.2583472859e-10, 2.44016223894e-10, 9.39625113827e-11, 7.20071016702e-11, 5.09474129551e-11],
        "var": [1.58495102893e-12, 8.49119440125e-13, 9.61286063771e-13, 9.41487859896e-12, 2.60353735099e-11, 3.4013278305e-11, 3.79257469874e-09, 2.37238637624e-08, 5.89268278617e-09, 1.9642719451e-07, 2.21281339918e-08, 6.94143551527e-08, 1.69468179934e-07, 2.00606521616e-07, 2.34947670208e-08, 5.26372154752e-08, 2.68212687615e-08, 9.16681983654e-08, 6.51077698421e-08, 3.29743627958e-08, 2.1181204346e-08, 1.22401884184e-08, 8.88523032927e-09, 7.26794491257e-09, 1.66080127428e-08, 5.81030468183e-09, 6.12107864395e-10, 4.02667649224e-10, 1.24547677727e-10, 9.32906085716e-10, 1.2107211067e-10, 4.39721072054e-11, 2.89320806895e-11, 1.35117837058e-11, 5.47253594437e-13, 1.99296566121e-13, 8.62122534278e-14, 4.2670416354e-14, 5.04624181254e-14, 2.78074330902e-15]
    },
    "mfcc": {
        "mean": [-792.023681641, 58.6441192627, -114.800834656, -0.330694049597, -16.6767272949, 6.48499250412, 8.20455265045, 14.0475072861, 5.00761413574, 5.21478652954, -6.38072443008, -3.23791837692, 5.2574095726],
        "cov": [[5247.41943359, -209.528930664, -354.388366699, -220.294219971, -234.003982544, 2.62277269363, -178.982452393, -43.2383918762, -98.2222061157, 41.936706543, -91.7403488159, -5.43133735657, -2.34626984596], [-209.528930664, 1406.75805664, -76.2065048218, -416.503295898, -266.632415771, -461.067077637, -254.751556396, -84.3480224609, 107.229148865, 22.3683681488, -10.4618606567, 250.047775269, 201.327880859], [-354.388366699, -76.2065048218, 397.541900635, 126.961120605, 69.8681564331, 48.863986969, 9.63145256042, -94.1704101562, -52.8276557922, -31.8677520752, 57.87109375, -44.1717605591, -57.0427474976], [-220.294219971, -416.503295898, 126.961120605, 367.298858643, 158.312072754, 197.148452759, 103.314216614, 0.745400011539, -66.9694061279, 2.68550372124, 80.1861572266, -125.875892639, -149.050170898], [-234.003982544, -266.632415771, 69.8681564331, 158.312072754, 269.151947021, 119.54221344, 101.222122192, 33.8738708496, -43.9818000793, -9.77056026459, 45.5116424561, -38.240486145, -95.0353317261], [2.62277269363, -461.067077637, 48.863986969, 197.148452759, 119.54221344, 335.992553711, 128.340789795, -9.33819961548, -81.9128494263, -33.3548278809, 93.1770477295, -89.8358688354, -100.828514099], [-178.982452393, -254.751556396, 9.63145256042, 103.314216614, 101.222122192, 128.340789795, 213.777755737, 69.0074691772, -34.3983345032, -7.75641727448, -15.0774116516, -58.3482475281, 0.949511289597], [-43.2383918762, -84.3480224609, -94.1704101562, 0.745400011539, 33.8738708496, -9.33819961548, 69.0074691772, 235.349105835, 80.2353744507, -12.0299844742, -138.263748169, -27.1824645996, 51.9887084961], [-98.2222061157, 107.229148865, -52.8276557922, -66.9694061279, -43.9818000793, -81.9128494263, -34.3983345032, 80.2353744507, 232.435501099, 47.4835700989, -136.214752197, -47.7304611206, 52.6991462708], [41.936706543, 22.3683681488, -31.8677520752, 2.68550372124, -9.77056026459, -33.3548278809, -7.75641727448, -12.0299844742, 47.4835700989, 173.814620972, 22.6035881042, -69.3393707275, -43.1295852661], [-91.7403488159, -10.4618606567, 57.87109375, 80.1861572266, 45.5116424561, 93.1770477295, -15.0774116516, -138.263748169, -136.214752197, 22.6035881042, 432.342712402, 111.025146484, -222.436004639], [-5.43133735657, 250.047775269, -44.1717605591, -125.875892639, -38.240486145, -89.8358688354, -58.3482475281, -27.1824645996, -47.7304611206, -69.3393707275, 111.025146484, 317.670806885, 64.4708023071], [-2.34626984596, 201.327880859, -57.0427474976, -149.050170898, -95.0353317261, -100.828514099, 0.949511289597, 51.9887084961, 52.6991462708, -43.1295852661, -222.436004639, 64.4708023071, 336.374237061]],
