{
"lowlevel": {
    "average_loudness": 0.959008812904,
    "barkbands_crest": {
        "dmean": 3.47678089142,
        "dmean2": 5.93761634827,
        "dvar": 8.29552173615,
        "dvar2": 24.7686138153,
        "max": 24.9696807861,
        "mean": 12.5171489716,
        "median": 12.002784729,
        "min": 3.93304944038,
        "var": 12.3504734039
    },
    "barkbands_flatness_db": {
        "dmean": 0.0479153729975,
        "dmean2": 0.0675192400813,
        "dvar": 0.00136445416138,
        "dvar2": 0.00271356967278,
        "max": 0.391995996237,
        "mean": 0.251284688711,
        "median": 0.254623115063,
        "min": 0.0539258942008,
        "var": 0.00434296811
    },
    "barkbands_kurtosis": {
        "dmean": 11.0611534119,
        "dmean2": 18.0948581696,
        "dvar": 245.174621582,
        "dvar2": 652.286621094,
        "max": 221.765930176,
        "mean": 21.4441070557,
        "median": 17.6332893372,
        "min": -1.86940765381,
        "var": 309.962341309
    },
    "barkbands_skewness": {
        "dmean": 0.938659369946,
        "dmean2": 1.53950738907,
        "dvar": 0.915213644505,
        "dvar2": 2.20495080948,
        "max": 9.06859302521,
        "mean": 3.4104142189,
        "median": 3.43355178833,
        "min": -13.0014295578,
        "var": 2.25360512733
    },
    "barkbands_spread": {
        "dmean": 3.09367895126,
        "dmean2": 4.97105503082,
        "dvar": 36.8926506042,
        "dvar2": 68.3776702881,
        "max": 127.848854065,
        "mean": 7.07820034027,
        "median": 3.89901924133,
        "min": 0.919124007225,
        "var": 260.709381104
    },
    "dissonance": {
        "dmean": 0.020963774994,
        "dmean2": 0.033593762666,
        "dvar": 0.000330423557898,
        "dvar2": 0.000906245491933,
        "max": 0.498599350452,
        "mean": 0.462956935167,
        "median": 0.467362076044,
        "min": 0.339541971684,
        "var": 0.000556674203835
    },
    "dynamic_complexity": 3.87413954735,
    "erbbands_crest": {
        "dmean": 2.75204086304,
        "dmean2": 4.4659113884,
        "dvar": 5.9351773262,
        "dvar2": 15.2456417084,
        "max": 23.3595428467,
        "mean": 7.97488689423,
        "median": 7.30247354507,
        "min": 2.22478461266,
        "var": 11.3511400223
    },
    "erbbands_flatness_db": {
        "dmean": 0.0265163052827,
        "dmean2": 0.0360915437341,
        "dvar": 0.00049449125072,
        "dvar2": 0.000772789586335,
        "max": 0.328237742186,
        "mean": 0.181224733591,
        "median": 0.179773509502,
        "min": 0.0299666635692,
        "var": 0.00211337255314
    },
    "erbbands_kurtosis": {
        "dmean": 1.23198378086,
        "dmean2": 1.95519423485,
        "dvar": 2.21469926834,
        "dvar2": 4.92451190948,
        "max": 11.1023416519,
        "mean": 0.459157913923,
        "median": -0.0154173374176,
        "min": -1.50142514706,
        "var": 3.45540881157
    },
    "erbbands_skewness": {
        "dmean": 0.463728368282,
        "dmean2": 0.704672992229,
        "dvar": 0.169047027826,
        "dvar2": 0.387500017881,
        "max": 3.10484814644,
        "mean": 0.88271266222,
        "median": 0.851356744766,
        "min": -1.24515473843,
        "var": 0.417511582375
    },
    "erbbands_spread": {
        "dmean": 9.67600536346,
        "dmean2": 14.71555233,
        "dvar": 86.3533477783,
        "dvar2": 207.835479736,
        "max": 110.212005615,
        "mean": 36.458480835,
        "median": 35.2321815491,
        "min": 6.67878103256,
        "var": 197.58253479
    },
    "hfc": {
        "dmean": 5.11960887909,
        "dmean2": 7.56396865845,
        "dvar": 48.0476951599,
        "dvar2": 106.542747498,
        "max": 58.7452964783,
        "mean": 9.19611263275,
        "median": 6.17814302444,
        "min": 0.000715584203135,
        "var": 86.2351303101
    },
    "melbands_crest": {
        "dmean": 3.37531161308,
        "dmean2": 5.68484926224,
        "dvar": 7.24098682404,
        "dvar2": 20.7816257477,
        "max": 28.4592933655,
        "mean": 17.0737895966,
        "median": 17.0705280304,
        "min": 3.4299967289,
        "var": 13.2028837204
    },
    "melbands_flatness_db": {
        "dmean": 0.0606145039201,
        "dmean2": 0.0840302333236,
        "dvar": 0.00213287887163,
        "dvar2": 0.0041455286555,
        "max": 0.537193000317,
        "mean": 0.368326455355,
        "median": 0.375212281942,
        "min": 0.018246145919,
        "var": 0.00698929606006
    },
    "melbands_kurtosis": {
        "dmean": 17.2053508759,
        "dmean2": 28.5721797943,
        "dvar": 252.904159546,
        "dvar2": 667.935791016,
        "max": 134.261260986,
        "mean": 38.8479309082,
        "median": 34.0179100037,
        "min": -1.29739522934,
        "var": 538.331604004
    },
    "melbands_skewness": {
        "dmean": 1.09176015854,
        "dmean2": 1.78510308266,
        "dvar": 0.694244384766,
        "dvar2": 1.90239560604,
        "max": 9.35046386719,
        "mean": 4.48166561127,
        "median": 4.39089584351,
        "min": -0.500668644905,
        "var": 1.78883469105
    },
    "melbands_spread": {
        "dmean": 2.9153137207,
        "dmean2": 4.68757534027,
        "dvar": 73.1200027466,
        "dvar2": 166.607788086,
        "max": 180.222381592,
        "mean": 5.10988664627,
        "median": 3.15447425842,
        "min": 0.720340192318,
        "var": 108.989257812
    },
    "pitch_salience": {
        "dmean": 0.0991993173957,
        "dmean2": 0.162579089403,
        "dvar": 0.00657283887267,
        "dvar2": 0.0188469812274,
        "max": 0.870354056358,
        "mean": 0.551080167294,
        "median": 0.560624539852,
        "min": 0.222347483039,
        "var": 0.0132266338915
    },
    "silence_rate_20dB": {
        "dmean": 0,
        "dmean2": 0,
        "dvar": 0,
        "dvar2": 0,
        "max": 1,
        "mean": 1,
        "median": 1,
        "min": 1,
        "var": 0
    },
    "silence_rate_30dB": {
        "dmean": 0.128301888704,
        "dmean2": 0.257088840008,
        "dvar": 0.11184039712,
        "dvar2": 0.26660874486,
        "max": 1,
        "mean": 0.824858784676,
        "median": 1,
        "min": 0,
        "var": 0.144466802478
    },
    "silence_rate_60dB": {
        "dmean": 0.033962264657,
        "dmean2": 0.06805293262,
        "dvar": 0.0328091457486,
        "dvar2": 0.0823251903057,
        "max": 1,
        "mean": 0.0621468909085,
        "median": 0,
        "min": 0,
        "var": 0.0582847781479
    },
    "spectral_centroid": {
        "dmean": 167.650772095,
        "dmean2": 268.379150391,
        "dvar": 72094.78125,
        "dvar2": 188706.046875,
        "max": 4736.64013672,
        "mean": 434.27923584,
        "median": 333.337554932,
        "min": 152.531387329,
        "var": 159740.25
    },
    "spectral_complexity": {
        "dmean": 3.83396220207,
        "dmean2": 5.56710767746,
        "dvar": 15.3346729279,
        "dvar2": 29.905248642,
        "max": 37,
        "mean": 10.4143123627,
        "median": 9,
        "min": 0,
        "var": 41.790687561
    },
    "spectral_decrease": {
        "dmean": 7.31345117799e-09,
        "dmean2": 1.07486135548e-08,
        "dvar": 6.27732146743e-17,
        "dvar2": 1.39089665612e-16,
        "max": 7.99490597288e-15,
        "mean": -1.39889078099e-08,
        "median": -9.52901313411e-09,
        "min": -6.45060467264e-08,
        "var": 1.60531589988e-16
    },
    "spectral_energy": {
        "dmean": 0.0279965568334,
        "dmean2": 0.0411294698715,
        "dvar": 0.000922525650822,
        "dvar2": 0.00203747279011,
        "max": 0.246846571565,
        "mean": 0.0536313205957,
        "median": 0.0366272553802,
        "min": 3.75469859648e-08,
        "var": 0.00235809152946
    },
    "spectral_energyband_high": {
        "dmean": 5.49085598323e-05,
        "dmean2": 9.42703773035e-05,
        "dvar": 1.47133247808e-08,
        "dvar2": 3.96306099049e-08,
        "max": 0.00120739149861,
        "mean": 4.61363779323e-05,
        "median": 1.25779615701e-05,
        "min": 1.90825790725e-08,
        "var": 1.1160800284e-08
    },
    "spectral_energyband_low": {
        "dmean": 0.0236652400345,
        "dmean2": 0.0361738540232,
        "dvar": 0.000684755970724,
        "dvar2": 0.00162276346236,
        "max": 0.217383116484,
        "mean": 0.0415002815425,
        "median": 0.026434071362,
        "min": 7.84734430215e-12,
        "var": 0.00162851344794
    },
    "spectral_energyband_middle_high": {
        "dmean": 0.000882675289176,
        "dmean2": 0.00134998443536,
        "dvar": 2.7374178444e-06,
        "dvar2": 6.75255341775e-06,
        "max": 0.0164510700852,
        "mean": 0.00110671715811,
        "median": 0.000521959271282,
        "min": 7.76927480683e-11,
        "var": 2.89802733278e-06
    },
    "spectral_energyband_middle_low": {
        "dmean": 0.0111741162837,
        "dmean2": 0.0173297543079,
        "dvar": 0.000247757358011,
        "dvar2": 0.000579743238632,
        "max": 0.125368729234,
        "mean": 0.0167441107333,
        "median": 0.00971206277609,
        "min": 2.51574351628e-11,
        "var": 0.000380108132958
    },
    "spectral_entropy": {
        "dmean": 0.394854068756,
        "dmean2": 0.521518230438,
        "dvar": 0.0953458920121,
        "dvar2": 0.175329521298,
        "max": 9.23139190674,
        "mean": 6.83941411972,
        "median": 6.81870651245,
        "min": 5.41232681274,
        "var": 0.336485177279
    },
    "spectral_flux": {
        "dmean": 0.0489037558436,
        "dmean2": 0.0785340741277,
        "dvar": 0.00207696692087,
        "dvar2": 0.00456643477082,
        "max": 0.318234354258,
        "mean": 0.11958502233,
        "median": 0.106195487082,
        "min": 0.000131014254293,
        "var": 0.00488954782486
    },
    "spectral_kurtosis": {
        "dmean": 9.18965339661,
        "dmean2": 13.7351713181,
        "dvar": 94.8829727173,
        "dvar2": 198.912643433,
        "max": 72.3705062866,
        "mean": 14.1228075027,
        "median": 10.1414108276,
        "min": 1.0370182991,
        "var": 144.904403687
    },
    "spectral_rms": {
        "dmean": 0.00191113294568,
        "dmean2": 0.00267516705208,
        "dvar": 3.04676814267e-06,
        "dvar2": 5.87735030422e-06,
        "max": 0.0155185665935,
        "mean": 0.00637139799073,
        "median": 0.00597778474912,
        "min": 6.05237164564e-06,
        "var": 1.17285098895e-05
    },
    "spectral_rolloff": {
        "dmean": 189.776275635,
        "dmean2": 344.286346436,
        "dvar": 1352303.625,
        "dvar2": 2829466.75,
        "max": 21447.0703125,
        "mean": 662.702636719,
        "median": 193.798828125,
        "min": 86.1328125,
        "var": 7237469
    },
    "spectral_skewness": {
        "dmean": 0.837639093399,
        "dmean2": 1.1814905405,
        "dvar": 0.498507618904,
        "dvar2": 0.956516683102,
        "max": 6.55132055283,
        "mean": 2.60976839066,
        "median": 2.36527967453,
        "min": 1.02435624599,
        "var": 1.04398012161
    },
    "spectral_spread": {
        "dmean": 755376.75,
        "dmean2": 1070340.375,
        "dvar": 2.31752204288e+12,
        "dvar2": 4.42668207309e+12,
        "max": 30788054,
        "mean": 3083201.5,
        "median": 2830124.25,
        "min": 778700.125,
        "var": 5.18784129434e+12
    },
    "spectral_strongpeak": {
        "dmean": 0.267327815294,
        "dmean2": 0.442408323288,
        "dvar": 0.100399911404,
        "dvar2": 0.232048124075,
        "max": 3.22953152657,
        "mean": 0.453314930201,
        "median": 0.327219575644,
        "min": 0,
        "var": 0.201137945056
    },
    "zerocrossingrate": {
        "dmean": 0.00720813684165,
        "dmean2": 0.00847800262272,
        "dvar": 0.00066105852602,
        "dvar2": 0.000551208679099,
        "max": 0.791015625,
        "mean": 0.026262357831,
        "median": 0.013671875,
        "min": 0.0029296875,
        "var": 0.00541839888319
    },
    "barkbands": {
        "dmean": [0.000713441346306, 0.014495221898, 0.0106252934784, 0.00728825014085, 0.00335390027612, 0.00118227605708, 0.000905806431547, 0.000500551308505, 0.000405907834647, 0.000179525100975, 0.000141959666507, 0.000153578308527, 0.000180060058483, 0.000109435270133, 8.75726764207e-05, 6.55682160868e-05, 7.84597141319e-05, 6.3172497903e-05, 2.23272963922e-05, 1.61019452207e-05, 2.74358480965e-05, 9.24567666516e-06, 7.46091927795e-06, 2.17700312533e-06, 6.24669723948e-07, 1.84359635114e-07, 1.49153109419e-07],
        "dmean2": [0.00115299283061, 0.0242737159133, 0.0165795702487, 0.012404945679, 0.00513989524916, 0.00188759167213, 0.00151459127665, 0.000819591048639, 0.000674881506711, 0.000299530016491, 0.000238612949033, 0.000258530140854, 0.000287070928607, 0.000177794354386, 0.000141193697345, 0.000103630307422, 0.000132563131046, 0.000110595399747, 3.74766932509e-05, 2.72011257039e-05, 4.87551878905e-05, 1.57492031576e-05, 1.31533652166e-05, 3.7903221255e-06, 1.08295853352e-06, 3.07515932718e-07, 2.45474296889e-07],
        "dvar": [1.38510358738e-06, 0.000326895475155, 0.000192665334907, 0.000127702063764, 3.52751521859e-05, 4.35907986684e-06, 3.74960518457e-06, 9.63132947618e-07, 1.32964623845e-06, 1.14675366092e-07, 1.44642427813e-07, 1.17367015662e-07, 8.8604124926e-08, 9.4374641435e-08, 2.79888503485e-08, 1.24109931221e-08, 3.68835237907e-08, 2.74124243305e-08, 3.67819308345e-09, 1.02822861336e-09, 5.01217911619e-09, 3.16731141314e-10, 3.24852478251e-10, 2.7027447988e-11, 4.03696607393e-12, 1.8439908888e-12, 1.05406167735e-12],
        "dvar2": [3.38914446729e-06, 0.00089491327526, 0.000473011750728, 0.000337662000675, 7.54664943088e-05, 1.02172407423e-05, 1.01660434666e-05, 2.33908417613e-06, 3.78401728085e-06, 3.06176985987e-07, 4.20540743562e-07, 2.96556351032e-07, 2.13441154528e-07, 2.48737222819e-07, 6.86789434212e-08, 2.92051947071e-08, 9.44221199006e-08, 7.63907479495e-08, 9.79488579134e-09, 2.75522937798e-09, 1.4036110052e-08, 8.01382349369e-10, 8.69016358873e-10, 7.19126980187e-11, 1.0921886659e-11, 5.08351607337e-12, 2.63009817918e-12],
        "max": [0.00916233472526, 0.121805146337, 0.118973746896, 0.0849040746689, 0.0823492631316, 0.0213521160185, 0.0175940878689, 0.0101289376616, 0.0139237111434, 0.00251809018664, 0.00434705615044, 0.00343244476244, 0.00314451986924, 0.00493055395782, 0.00199954817072, 0.00099681969732, 0.00199347920716, 0.00184145336971, 0.000629062706139, 0.000365350890206, 0.000792499165982, 0.000168305676198, 0.000183752621524, 4.10191241826e-05, 2.13877701754e-05, 2.07961438718e-05, 1.44658288264e-05],
        "mean": [0.000826725037768, 0.0190809704363, 0.015855923295, 0.00841694697738, 0.00483574625105, 0.00152550870553, 0.000946523912717, 0.000554371916223, 0.000404595339205, 0.000182071526069, 0.000143425131682, 0.000168065860635, 0.000203360468731, 0.000115280257887, 0.000105781160528, 7.31419422664e-05, 7.16014837963e-05, 4.9471782404e-05, 1.94389522221e-05, 1.42019216582e-05, 2.18610657612e-05, 7.72256771597e-06, 5.80428149988e-06, 1.7386773834e-06, 5.71205760025e-07, 3.1701696912e-07, 2.7682509085e-07],
        "median": [0.000373661780031, 0.0108167724684, 0.0079017598182, 0.00365134095773, 0.00247492524795, 0.000577392755076, 0.000336704135407, 0.000210090336623, 0.00012633818551, 6.45346444799e-05, 5.67043025512e-05, 5.76957827434e-05, 9.06351924641e-05, 4.60952978756e-05, 4.49887338618e-05, 3.25842338498e-05, 2.08317396755e-05, 1.37998040373e-05, 5.45486818737e-06, 4.14890382672e-06, 4.44385341325e-06, 1.9142819383e-06, 1.45794967921e-06, 4.85418638618e-07, 1.74185487367e-07, 1.3363302287e-07, 6.66518928938e-08],
        "min": [2.75697650473e-13, 3.80411023862e-12, 1.69710458794e-12, 1.79491100802e-12, 2.81295906707e-12, 3.32503122258e-12, 4.79846370971e-12, 1.44346980115e-12, 4.06110431742e-12, 2.51277796313e-12, 3.69369118625e-12, 2.54944156064e-12, 4.2532062941e-12, 5.73957721628e-12, 8.52386911054e-12, 7.91264363059e-12, 5.3522065252e-12, 9.56914148614e-12, 1.32360693586e-11, 2.01740464612e-11, 2.96026883562e-11, 3.60189066073e-11, 9.7281384337e-11, 2.03179278957e-10, 2.72841277349e-10, 1.26394106292e-09, 1.11226396982e-08],
        "var": [1.64022492299e-06, 0.000435068854131, 0.000379304779926, 0.000132489789394, 6.02631880611e-05, 6.21922754362e-06, 3.29062208948e-06, 9.7748556982e-07, 1.02985347894e-06, 1.14858700329e-07, 1.02741381625e-07, 1.11072601783e-07, 9.52938208343e-08, 7.73196688897e-08, 2.88123853665e-08, 1.32114124085e-08, 3.0112285998e-08, 1.74646359596e-08, 2.76557488021e-09, 8.49087411492e-10, 3.45595019269e-09, 2.6955279675e-10, 2.31880015189e-10, 1.93441027085e-11, 2.65702867694e-12, 1.09825885365e-12, 7.92968501192e-13]
    },
    "erbbands": {
        "dmean": [0.415013790131, 3.42245149612, 8.91750144958, 23.0765762329, 12.1484947205, 12.9191598892, 11.3956747055, 9.93227386475, 11.7901563644, 13.1210260391, 11.1737937927, 10.0432682037, 6.42958927155, 5.7227640152, 5.78681325912, 6.46441650391, 8.78874588013, 5.5751914978, 4.46045589447, 4.57798337936, 3.68512010574, 4.55471754074, 3.96592402458, 1.71179795265, 0.988432824612, 0.719664216042, 1.55942130089, 0.506411254406, 0.322162598372, 0.30696439743, 0.232364922762, 0.071524143219, 0.0272223930806, 0.00929393339902, 0.00371631793678, 0.000963652040809, 0.000345150212524, 0.000117581832455, 3.55420088454e-05, 3.0597570003e-05],
        "dmean2": [0.687525033951, 5.86942243576, 13.9518346786, 37.908000946, 19.4077682495, 20.278968811, 18.5341835022, 16.3774738312, 19.7559452057, 21.5493335724, 18.4622421265, 16.2137184143, 10.5644731522, 9.70682048798, 9.59869098663, 10.6157922745, 13.9335813522, 8.88948535919, 7.17615938187, 7.19702911377, 5.83936786652, 7.68297338486, 6.88704299927, 2.97150278091, 1.6399512291, 1.20499181747, 2.74337506294, 0.877236664295, 0.550456881523, 0.52813988924, 0.4145437181, 0.124318808317, 0.0466015078127, 0.016057472676, 0.00655123498291, 0.00166859827004, 0.000579398940317, 0.000197633751668, 5.82677603234e-05, 4.52214590041e-05],
        "dvar": [0.27813065052, 18.7784786224, 135.84274292, 1021.21801758, 271.08203125, 689.967224121, 539.959411621, 366.773132324, 671.413085938, 741.710693359, 554.912719727, 735.017822266, 188.488037109, 271.065490723, 185.913330078, 200.039627075, 230.26940918, 275.913360596, 73.3185882568, 58.5290031433, 45.1190681458, 113.601417542, 113.746856689, 21.8408126831, 4.86456108093, 1.95580685139, 13.7793579102, 1.5834043026, 0.373332351446, 0.380490154028, 0.375226140022, 0.0311540495604, 0.00462230062112, 0.000692875939421, 0.000192464431166, 3.04724981106e-05, 6.47734259474e-06, 7.51631318963e-07, 3.81021720841e-08, 1.12314324507e-09],
        "dvar2": [0.74098610878, 51.3760375977, 330.800415039, 2684.22998047, 687.309020996, 1408.66101074, 1360.77648926, 886.28125, 1823.73474121, 1877.32397461, 1297.11413574, 2041.81286621, 527.613525391, 818.054931641, 516.74407959, 485.879974365, 562.284484863, 728.510620117, 182.862258911, 140.930099487, 108.882987976, 295.616088867, 318.302276611, 60.7386741638, 12.4193696976, 5.09877634048, 38.280330658, 4.3971953392, 0.897789537907, 0.986970067024, 1.02419161797, 0.0838279426098, 0.0121603514999, 0.0018429387128, 0.00053194857901, 8.42488225317e-05, 1.78625850822e-05, 2.04820821637e-06, 1.03447305833e-07, 2.44661180204e-09],
        "max": [3.12736964226, 30.8768100739, 108.731552124, 215.062850952, 153.700485229, 416.23638916, 252.367095947, 230.943435669, 233.48739624, 263.512573242, 291.797027588, 351.411499023, 129.964828491, 227.331893921, 176.65524292, 141.682922363, 167.810348511, 278.543792725, 88.2931976318, 68.0020141602, 64.9215393066, 105.443504333, 118.851257324, 55.4661560059, 24.7841510773, 14.7307815552, 40.9653968811, 12.7984104156, 5.52039766312, 6.25232696533, 6.54790353775, 1.45610129833, 0.564400494099, 0.244806051254, 0.148726478219, 0.0822280868888, 0.0390164107084, 0.0132020069286, 0.0029892413877, 0.00026956142392],
        "mean": [0.482743382454, 4.49919557571, 14.5818653107, 30.1099872589, 16.7708301544, 18.2402439117, 15.3484649658, 10.7850675583, 12.2305269241, 14.5468416214, 12.4328899384, 10.0160341263, 6.72384738922, 5.55505084991, 6.41001796722, 7.46027374268, 10.0350761414, 5.98993825912, 5.2489657402, 5.25950860977, 4.13627767563, 4.18335294724, 3.09991288185, 1.39331829548, 0.888251364231, 0.634966433048, 1.25610637665, 0.398874998093, 0.275412231684, 0.244403153658, 0.173415154219, 0.0561752542853, 0.0221875812858, 0.00809184741229, 0.0034988776315, 0.00131506938487, 0.000605548324529, 0.000217909167986, 6.93699839758e-05, 6.18133781245e-05],
        "median": [0.259039521217, 2.41695404053, 8.1252155304, 13.8589744568, 9.15242290497, 8.34728050232, 5.97105741501, 3.91066002846, 4.35092163086, 5.88294649124, 4.55335855484, 3.21400237083, 2.54317641258, 1.85943031311, 2.5958468914, 2.79874610901, 4.3449716568, 2.43095397949, 2.34617400169, 2.54714584351, 1.93672919273, 1.32732272148, 0.883325874805, 0.402523875237, 0.249731734395, 0.179767265916, 0.274079233408, 0.097402907908, 0.0669357702136, 0.0622153989971, 0.0386958196759, 0.0143562881276, 0.00601865770295, 0.00218067248352, 0.001159739797, 0.000575920101255, 0.000262342975475, 8.51416116348e-05, 3.71896348952e-05, 4.2422725528e-05],
        "min": [8.73742120322e-11, 9.25064580493e-10, 2.30429697545e-09, 4.81873607683e-09, 5.35532196366e-09, 7.59416796114e-09, 2.24018226191e-08, 2.88725789943e-08, 7.56617524189e-08, 1.83283276556e-07, 3.38281438417e-08, 7.56107567668e-08, 1.15368514741e-07, 9.356435271e-08, 1.53005501602e-07, 1.24186698258e-07, 1.76533106355e-07, 2.50339780905e-07, 4.97255371101e-07, 3.47689706359e-07, 5.05840375808e-07, 3.50069171873e-07, 5.50872869098e-07, 8.6853231096e-07, 5.82801192195e-07, 1.01545310827e-06, 9.96354629024e-07, 1.26570910197e-06, 1.15532964173e-06, 1.79847427262e-06, 2.67749942395e-06, 3.30669627147e-06, 3.82490270567e-06, 3.59220030077e-06, 1.80335598543e-06, 8.30194721857e-07, 2.33739706346e-06, 3.5102241327e-06, 2.38984898715e-06, 4.23473380806e-07],
        "var": [0.328521609306, 25.3824691772, 283.0284729, 1405.52770996, 396.369384766, 1128.79772949, 750.448181152, 379.186218262, 576.336853027, 714.973388672, 576.530639648, 576.264343262, 171.544174194, 191.937591553, 155.076339722, 195.630432129, 238.566818237, 217.282272339, 75.8120574951, 64.3776168823, 45.2997894287, 90.5479431152, 72.4527282715, 14.1615762711, 4.42503070831, 1.67168152332, 10.0072422028, 1.08462965488, 0.342692941427, 0.308719485998, 0.251848757267, 0.0217091459781, 0.00343841779977, 0.000489172351081, 0.000118186231703, 1.78939026227e-05, 3.86441433875e-06, 4.72803236562e-07, 2.62302002341e-08, 2.75563838414e-09]
    },
    "gfcc": {
        "mean": [-89.3486633301, 164.873504639, -85.9378890991, 33.2929191589, -24.9699172974, 6.91130876541, -20.9018878937, -8.38393688202, -6.44969654083, -6.2813205719, -12.2677125931, -6.54469347, -11.4254808426],
        "cov": [[9075.75683594, 2941.50976562, -1520.23742676, 685.856140137, -287.019104004, 7.69272327423, 27.7346076965, -260.430877686, 175.219406128, -260.693572998, 196.375610352, -210.868392944, 118.354377747], [2941.50976562, 1944.19152832, -365.326934814, -38.1856002808, 222.986175537, -2.20519661903, 55.1724128723, -184.922851562, 163.504089355, -73.5509262085, 87.5185852051, -122.487846375, 60.232624054], [-1520.23742676, -365.326934814, 606.905456543, -204.91746521, 175.923370361, 34.9295501709, -35.048740387, 62.4574356079, -45.2959251404, 73.8315200806, -62.8675842285, 55.4413452148, -23.3282432556], [685.856140137, -38.1856002808, -204.91746521, 303.687316895, -114.759803772, 10.0181837082, 30.5558624268, -19.16264534, 6.52419233322, -55.9266014099, 25.7829093933, -19.7036094666, 4.93779039383], [-287.019104004, 222.986175537, 175.923370361, -114.759803772, 268.30078125, 38.3153152466, 17.6599502563, -9.19598388672, 26.9106998444, 31.2099571228, -18.141866684, -0.976814687252, -16.1434116364], [7.69272327423, -2.20519661903, 34.9295501709, 10.0181837082, 38.3153152466, 76.1682281494, 15.0114622116, 19.5688476562, 9.48345565796, -0.516965210438, 6.39644432068, -8.93288040161, -4.00454521179], [27.7346076965, 55.1724128723, -35.048740387, 30.5558624268, 17.6599502563, 15.0114622116, 69.5208435059, -1.35836327076, 26.9258880615, -17.3826503754, 11.8165483475, -20.4296607971, -2.65153169632], [-260.430877686, -184.922851562, 62.4574356079, -19.16264534, -9.19598388672, 19.5688476562, -1.35836327076, 70.8865509033, -5.65158176422, 25.9005432129, -17.0887756348, 16.332403183, -15.8372087479], [175.219406128, 163.504089355, -45.2959251404, 6.52419233322, 26.9106998444, 9.48345565796, 26.9258880615, -5.65158176422, 70.5032196045, 3.58652472496, 25.1967773438, -23.4695415497, 9.3347120285], [-260.693572998, -73.5509262085, 73.8315200806, -55.9266014099, 31.2099571228, -0.516965210438, -17.3826503754, 25.9005432129, 3.58652472496, 69.9895019531, -2.91813540459, 18.5141773224, -13.5175771713], [196.375610352, 87.5185852051, -62.8675842285, 25.7829093933, -18.141866684, 6.39644432068, 11.8165483475, -17.0887756348, 25.1967773438, -2.91813540459, 58.6112709045, -7.87634515762, 16.750207901], [-210.868392944, -122.487846375, 55.4413452148, -19.7036094666, -0.976814687252, -8.93288040161, -20.4296607971, 16.332403183, -23.4695415497, 18.5141773224, -7.87634515762, 64.878578186, 2.49474406242], [118.354377747, 60.232624054, -23.3282432556, 4.93779039383, -16.1434116364, -4.00454521179, -2.65153169632, -15.8372087479, 9.3347120285, -13.5175771713, 16.750207901, 2.49474406242, 45.7435455322]],
        "icov": [[0.000664005172439, -0.00122594402637, 0.000656326068565, -0.00115615210962, 0.000700953009073, -0.000645924010314, 0.00102759432048, -0.00121435185429, 0.000977783813141, -6.97747891536e-05, 0.000124865357066, -0.000125862876303, -7.32883127057e-05], [-0.00122594402637, 0.00344695313834, -0.000410236389143, 0.00263670738786, -0.00251397280954, 0.00111722841393, -0.00131178158335, 0.00396662764251, -0.00337723339908, 0.000786900229286, -0.000413303932874, 0.000895020610187, -0.000328533002175], [0.000656326068565, -0.000410236389143, 0.00432228157297, 0.000233545026276, -0.00168953055982, -0.00161756761372, 0.00158495095093, -0.00154783437029, 0.0017508182209, -0.000766848505009, 0.00130299001466, -0.000567210838199, -0.00119086261839], [-0.00115615210962, 0.00263670738786, 0.000233545026276, 0.00751502858475, 0.00011421830277, -0.000979471486062, -0.00293889455497, 0.00387312681414, -0.00256953388453, 0.00252010999247, -0.000500432972331, -0.000495070184115, 0.00143185176421], [0.000700953009073, -0.00251397280954, -0.00168953055982, 0.00011421830277, 0.0094468286261, -0.00478530442342, -0.00178500323091, 0.00286000594497, -0.00128140603192, -0.00258301175199, 0.00352413649671, -0.00219267467037, 0.00275170593522], [-0.000645924010314, 0.00111722841393, -0.00161756761372, -0.000979471486062, -0.00478530442342, 0.0197050664574, -0.0015045494074, -0.00790447089821, 0.000447577767773, 0.00313594425097, -0.0058033214882, 0.00383570371196, -0.000555479025934], [0.00102759432048, -0.00131178158335, 0.00158495095093, -0.00293889455497, -0.00178500323091, -0.0015045494074, 0.0228699818254, -0.00462806085125, -0.00541395740584, 0.00673353951424, -0.00274524046108, 0.00241552991793, 0.00312388245948], [-0.00121435185429, 0.00396662764251, -0.00154783437029, 0.00387312681414, 0.00286000594497, -0.00790447089821, -0.00462806085125, 0.0304740294814, -0.00768692232668, -0.00670736748725, 0.0074923755601, -0.00425893627107, 0.00438647717237], [0.000977783813141, -0.00337723339908, 0.0017508182209, -0.00256953388453, -0.00128140603192, 0.000447577767773, -0.00541395740584, -0.00768692232668, 0.0284514278173, -0.00624964153394, -0.00686905253679, 0.00626199226826, -0.00577988708392], [-6.97747891536e-05, 0.000786900229286, -0.000766848505009, 0.00252010999247, -0.00258301175199, 0.00313594425097, 0.00673353951424, -0.00670736748725, -0.00624964153394, 0.0253973994404, -0.00587335135788, -0.00361087964848, 0.00704041821882], [0.000124865357066, -0.000413303932874, 0.00130299001466, -0.000500432972331, 0.00352413649671, -0.0058033214882, -0.00274524046108, 0.0074923755601, -0.00686905253679, -0.00587335135788, 0.0274359937757, -0.00237835641019, -0.00614039367065], [-0.000125862876303, 0.000895020610187, -0.000567210838199, -0.000495070184115, -0.00219267467037, 0.00383570371196, 0.00241552991793, -0.00425893627107, 0.00626199226826, -0.00361087964848, -0.00237835641019, 0.0225772969425, -0.00556653738022], [-7.32883127057e-05, -0.000328533002175, -0.00119086261839, 0.00143185176421, 0.00275170593522, -0.000555479025934, 0.00312388245948, 0.00438647717237, -0.00577988708392, 0.00704041821882, -0.00614039367065, -0.00556653738022, 0.0301556102931]]
    },
    "melbands": {
        "dmean": [0.00386820430867, 0.0043709767051, 0.00344016170129, 0.000867266964633, 0.000409394648159, 0.000218568544369, 0.000188890684512, 0.000132191213197, 8.96029669093e-05, 6.0875852796e-05, 3.12643132929e-05, 2.3255148335e-05, 1.88225094462e-05, 1.76391240529e-05, 1.98647994694e-05, 1.57675258379e-05, 1.02773410617e-05, 7.69851885707e-06, 6.16786337559e-06, 5.13522536494e-06, 4.1794965e-06, 4.35518677477e-06, 5.1624574553e-06, 2.69389647656e-06, 1.25421183839e-06, 7.41868689147e-07, 6.05566810918e-07, 4.46611721827e-07, 9.6665462479e-07, 7.53301605982e-07, 1.64568120908e-07, 1.61289690936e-07, 2.10676816437e-07, 1.50000929011e-07, 1.45143715713e-07, 7.56516058686e-08, 3.38427348368e-08, 1.99025347314e-08, 1.18541079175e-08, 6.63072396989e-09],
        "dmean2": [0.00645947642624, 0.00684710359201, 0.00561354216188, 0.00132238992956, 0.000644511135761, 0.000355416210368, 0.000316092919093, 0.000214700441575, 0.000147196900798, 0.000101002733572, 5.14469575137e-05, 3.94913840864e-05, 3.1399915315e-05, 2.95153749903e-05, 3.1152729207e-05, 2.53733760474e-05, 1.66291902133e-05, 1.2431455616e-05, 9.95030677586e-06, 7.98072778707e-06, 6.68590109854e-06, 7.44363342164e-06, 9.11532697501e-06, 4.70112809126e-06, 2.19178991756e-06, 1.23759127746e-06, 1.00609099718e-06, 7.58422629588e-07, 1.68075155216e-06, 1.35562811465e-06, 2.85686127199e-07, 2.77988306152e-07, 3.59628444357e-07, 2.6060152436e-07, 2.58605496128e-07, 1.33986546302e-07, 5.93424758222e-08, 3.3884969497e-08, 2.0661936162e-08, 1.14218527969e-08],
        "dvar": [2.33899445448e-05, 2.83313238469e-05, 2.2396499844e-05, 1.96212363335e-06, 7.38556821034e-07, 1.67391917216e-07, 1.64828236393e-07, 7.32239442414e-08, 3.84768910067e-08, 3.10587502383e-08, 4.16467038633e-09, 4.02500477392e-09, 2.25591967329e-09, 1.55204704644e-09, 1.27123667149e-09, 7.85596310227e-10, 1.08049280634e-09, 2.27621102522e-10, 1.35992939132e-10, 6.46341730137e-11, 5.94189766834e-11, 9.81858830351e-11, 2.19839091375e-10, 4.27546505144e-11, 1.40262896783e-11, 3.33402988377e-12, 2.22267863836e-12, 7.79876326278e-13, 4.05538796988e-12, 5.30520549366e-12, 1.25385135217e-13, 1.01695161894e-13, 1.60510778388e-13, 1.01680836873e-13, 1.35107921487e-13, 4.25754775131e-14, 7.11153785328e-15, 2.39095102868e-15, 1.16095087492e-15, 3.77618405193e-16],
        "dvar2": [6.38724886812e-05, 6.96660135873e-05, 5.83121291129e-05, 4.27157601735e-06, 1.79455525995e-06, 4.00506110054e-07, 4.45915190994e-07, 1.85373821182e-07, 9.11411035531e-08, 8.81291413179e-08, 1.15739213769e-08, 1.20321868025e-08, 6.37079411447e-09, 4.14808098981e-09, 2.88032508955e-09, 2.01101646446e-09, 2.84440959675e-09, 5.78045999955e-10, 3.36643768417e-10, 1.49443332709e-10, 1.45737449886e-10, 2.43286196744e-10, 6.20137385887e-10, 1.19245210928e-10, 3.93478062632e-11, 8.72031266641e-12, 5.99682152894e-12, 2.08786677183e-12, 1.09378920851e-11, 1.51749151439e-11, 3.3971829798e-13, 2.42222745767e-13, 4.17872333958e-13, 2.62655972276e-13, 3.69766283564e-13, 1.14695145742e-13, 1.9346688219e-14, 6.26333642408e-15, 3.10709875085e-15, 1.00471469489e-15],
        "max": [0.0305509455502, 0.0466866604984, 0.0319413878024, 0.0184789393097, 0.0111648067832, 0.00476020853966, 0.00379046774469, 0.00258758384734, 0.00250028888695, 0.00227392162196, 0.000603422347922, 0.000854569487274, 0.000623708358034, 0.000404313497711, 0.000402482663048, 0.000256782455835, 0.000560437038075, 0.000136136004585, 0.000129855878185, 5.91938878642e-05, 7.76477536419e-05, 9.85014266917e-05, 0.000126886938233, 6.57047858112e-05, 4.72474894195e-05, 2.05428423214e-05, 2.01203529286e-05, 6.99385918779e-06, 1.9536995751e-05, 2.48473224929e-05, 3.03796969092e-06, 2.8418171496e-06, 3.09186930281e-06, 3.44731301993e-06, 3.94375774704e-06, 1.84371140222e-06, 7.41383644254e-07, 4.82348582409e-07, 3.39740950039e-07, 2.00070701339e-07],
        "mean": [0.00484589580446, 0.00753911677748, 0.00475771259516, 0.00126490311231, 0.000557020131964, 0.000248711148743, 0.000197183544515, 0.00014922801347, 9.7077267128e-05, 5.91648276895e-05, 3.23826461681e-05, 2.22458002099e-05, 2.03548916033e-05, 1.87762962014e-05, 2.38641387114e-05, 1.71139254235e-05, 1.05734707176e-05, 8.63497461978e-06, 7.33539809517e-06, 5.84046802032e-06, 4.53407665191e-06, 4.1807074922e-06, 3.91773482988e-06, 2.09239328797e-06, 1.0139058304e-06, 6.61795354517e-07, 5.36466473022e-07, 3.76320656414e-07, 7.99570386789e-07, 5.68232962905e-07, 1.30723535108e-07, 1.39083596196e-07, 1.70227792751e-07, 1.1837155256e-07, 1.07524321891e-07, 5.80472594436e-08, 2.61234536225e-08, 1.64198663555e-08, 9.5807477507e-09, 5.86177906214e-09],
        "median": [0.00287443306297, 0.00441906834021, 0.00235315551981, 0.000676438037772, 0.000235219704336, 9.18632358662e-05, 7.03890473233e-05, 6.22089064564e-05, 3.34271389875e-05, 1.85121662071e-05, 1.21745206343e-05, 7.13046210876e-06, 8.32210025692e-06, 6.86084558765e-06, 1.04409264168e-05, 7.41513395042e-06, 3.97561871068e-06, 3.51035987478e-06, 3.08797189064e-06, 2.80247490991e-06, 1.97076110453e-06, 1.27885209622e-06, 1.09748384602e-06, 5.68551456581e-07, 2.8117239026e-07, 1.90067694916e-07, 1.38062006272e-07, 1.05177477394e-07, 1.80715147735e-07, 1.06197859395e-07, 3.6082202115e-08, 3.38115420107e-08, 3.79179851961e-08, 2.97144584493e-08, 2.37867414654e-08, 1.35275213253e-08, 6.52993747963e-09, 4.43959180529e-09, 2.38213959669e-09, 1.53375023793e-09],
        "min": [1.18191480908e-12, 1.31081744851e-12, 7.8546159377e-13, 4.41034117863e-13, 7.22859814541e-13, 6.24047742735e-13, 1.24816693439e-12, 1.65317705272e-12, 1.75380069083e-13, 5.74409389411e-13, 5.71121058432e-13, 3.49490618737e-13, 5.53101076224e-13, 3.33103851577e-13, 3.92065828587e-13, 3.55672468474e-13, 4.92250446134e-13, 7.71802110069e-13, 5.1440671384e-13, 4.01915859535e-13, 5.52690814122e-13, 3.12393692728e-13, 4.7565494295e-13, 4.68362599138e-13, 7.4399454696e-13, 4.05036437333e-13, 5.60623975628e-13, 6.6955458105e-13, 5.59780628968e-13, 7.64977328444e-13, 7.0461881772e-13, 5.93289306572e-13, 7.49640529773e-13, 1.06796179972e-12, 1.57591084279e-12, 1.5725886305e-12, 2.24838160243e-12, 2.52313296124e-12, 2.78745668041e-12, 2.97800586274e-12],
        "var": [2.88121427729e-05, 6.42335726297e-05, 3.22158557537e-05, 3.53116593033e-06, 1.01836837985e-06, 1.86833048588e-07, 1.42839141404e-07, 7.13652354989e-08, 3.93345693794e-08, 2.29266632346e-08, 3.87443366279e-09, 2.93236568361e-09, 1.74210423864e-09, 1.39381406417e-09, 1.4548597882e-09, 7.47079731411e-10, 8.41845371191e-10, 2.25325577641e-10, 1.43462478008e-10, 7.47987435878e-11, 5.82826842344e-11, 8.61676563435e-11, 1.35683089764e-10, 2.7622164972e-11, 8.82369524668e-12, 2.71191749612e-12, 1.91636637115e-12, 6.06965107515e-13, 3.20630978365e-12, 3.34803712532e-12, 8.89665064167e-14, 9.3349420804e-14, 1.30982450905e-13, 8.23525072463e-14, 9.07021785695e-14, 2.92631756771e-14, 4.79346532763e-15, 1.81002470499e-15, 8.08162870003e-16, 2.65969510108e-16]
    },
    "mfcc": {
        "mean": [-741.58984375, 195.517852783, 8.78225708008, 39.4363327026, 17.1009407043, 23.5949325562, -1.81263947487, 8.83043479919, 1.80793726444, 4.15891122818, -0.274142205715, 6.43589544296, -0.759992778301],
        "cov": [[8049.56054688, 1564.25354004, -668.812805176, 374.864379883, -379.61807251, 113.181533813, -188.3931427, 109.266410828, -134.143280029, 15.8599386215, -74.1834869385, 155.159484863, -107.268074036], [1564.25354004, 1755.62316895, -125.053466797, -55.8480377197, 187.801147461, 132.485519409, -21.4359493256, -46.1633338928, 55.6839408875, 15.937921524, 24.4477272034, 53.5865020752, 35.8183364868], [-668.812805176, -125.053466797, 252.497055054, -28.5492725372, 51.6854515076, -13.6115732193, 25.3835334778, -1.36964845657, 16.4068393707, -6.30772352219, -4.0095705986, -16.4179420471, 7.88657522202], [374.864379883, -55.8480377197, -28.5492725372, 147.71496582, -33.9773521423, 25.3491592407, -10.2228527069, 26.5684261322, -15.1871128082, 4.91907835007, -10.7260427475, -1.37339138985, -8.67093086243], [-379.61807251, 187.801147461, 51.6854515076, -33.9773521423, 162.088180542, 46.2305717468, 31.1218566895, -6.37923240662, 33.7406196594, 3.57777571678, 15.4429883957, 1.91381084919, 27.1688537598], [113.181533813, 132.485519409, -13.6115732193, 25.3491592407, 46.2305717468, 73.5640487671, 18.5149593353, 13.268951416, 10.6388702393, 8.29783248901, 5.02154827118, 12.7640113831, 6.86689424515], [-188.3931427, -21.4359493256, 25.3835334778, -10.2228527069, 31.1218566895, 18.5149593353, 55.5263061523, 15.2834835052, 9.1776714325, 3.5915055275, 11.0937757492, -4.00731754303, 2.103484869], [109.266410828, -46.1633338928, -1.36964845657, 26.5684261322, -6.37923240662, 13.268951416, 15.2834835052, 62.2784729004, 12.0136632919, -2.8955283165, -3.4249227047, 12.9067955017, -4.8365278244], [-134.143280029, 55.6839408875, 16.4068393707, -15.1871128082, 33.7406196594, 10.6388702393, 9.1776714325, 12.0136632919, 49.712223053, 13.3212108612, 0.051934607327, 6.94329404831, 10.7333259583], [15.8599386215, 15.937921524, -6.30772352219, 4.91907835007, 3.57777571678, 8.29783248901, 3.5915055275, -2.8955283165, 13.3212108612, 59.4442710876, 19.118888855, -2.15467047691, 1.8662570715], [-74.1834869385, 24.4477272034, -4.0095705986, -10.7260427475, 15.4429883957, 5.02154827118, 11.0937757492, -3.4249227047, 0.051934607327, 19.118888855, 53.2815856934, 9.39257144928, 4.10567951202], [155.159484863, 53.5865020752, -16.4179420471, -1.37339138985, 1.91381084919, 12.7640113831, -4.00731754303, 12.9067955017, 6.94329404831, -2.15467047691, 9.39257144928, 55.5736808777, 5.34537172318], [-107.268074036, 35.8183364868, 7.88657522202, -8.67093086243, 27.1688537598, 6.86689424515, 2.103484869, -4.8365278244, 10.7333259583, 1.8662570715, 4.10567951202, 5.34537172318, 38.0454063416]],
