{
"lowlevel": {
    "average_loudness": 0.99068403244,
    "barkbands_crest": {
        "dmean": 1.56059372425,
        "dmean2": 2.0139670372,
        "dvar": 1.67646753788,
        "dvar2": 2.47300028801,
        "max": 25.6150054932,
        "mean": 12.3656349182,
        "median": 10.2014055252,
        "min": 6.19800710678,
        "var": 29.7931976318
    },
    "barkbands_flatness_db": {
        "dmean": 0.0174429304898,
        "dmean2": 0.0209168922156,
        "dvar": 0.000260008266196,
        "dvar2": 0.000325850152876,
        "max": 0.256067365408,
        "mean": 0.210445910692,
        "median": 0.215961202979,
        "min": 0.14868029952,
        "var": 0.000835792685393
    },
    "barkbands_kurtosis": {
        "dmean": 2.54689407349,
        "dmean2": 3.64709186554,
        "dvar": 19.7016887665,
        "dvar2": 30.5597724915,
        "max": 38.8315048218,
        "mean": 5.70329904556,
        "median": 3.2605304718,
        "min": -1.4568144083,
        "var": 70.7891082764
    },
    "barkbands_skewness": {
        "dmean": 0.39117115736,
        "dmean2": 0.530166506767,
        "dvar": 0.266641438007,
        "dvar2": 0.35344606638,
        "max": 5.98531675339,
        "mean": 1.32976830006,
        "median": 0.749917566776,
        "min": 0.0621504560113,
        "var": 2.01138520241
    },
    "barkbands_spread": {
        "dmean": 2.65482735634,
        "dmean2": 3.33903193474,
        "dvar": 12.1728658676,
        "dvar2": 20.3834686279,
        "max": 45.0560569763,
        "mean": 12.2545118332,
        "median": 10.2709751129,
        "min": 5.74387741089,
        "var": 50.8781852722
    },
    "dissonance": {
        "dmean": 0.0280574392527,
        "dmean2": 0.0425053723156,
        "dvar": 0.000513219332788,
        "dvar2": 0.00103894446511,
        "max": 0.492201209068,
        "mean": 0.39098533988,
        "median": 0.374312400818,
        "min": 0.306180149317,
        "var": 0.00255549419671
    },
    "dynamic_complexity": 3.49507021904,
    "erbbands_crest": {
        "dmean": 2.60156011581,
        "dmean2": 4.15243911743,
        "dvar": 5.11363697052,
        "dvar2": 7.17558574677,
        "max": 22.4256496429,
        "mean": 14.7431535721,
        "median": 14.756310463,
        "min": 5.39873838425,
        "var": 15.1719083786
    },
    "erbbands_flatness_db": {
        "dmean": 0.0142415948212,
        "dmean2": 0.0195660311729,
        "dvar": 0.000174745262484,
        "dvar2": 0.000284966314211,
        "max": 0.265832215548,
        "mean": 0.220259472728,
        "median": 0.243992775679,
        "min": 0.0931666195393,
        "var": 0.00232576951385
    },
    "erbbands_kurtosis": {
        "dmean": 0.841187417507,
        "dmean2": 1.3439668417,
        "dvar": 0.480869472027,
        "dvar2": 1.3447381258,
        "max": 4.59505367279,
        "mean": 1.12440979481,
        "median": 0.798015832901,
        "min": -0.620015621185,
        "var": 1.08080816269
    },
    "erbbands_skewness": {
        "dmean": 0.283399879932,
        "dmean2": 0.447223424911,
        "dvar": 0.0517336167395,
        "dvar2": 0.121247254312,
        "max": 1.62382078171,
        "mean": 0.837203323841,
        "median": 0.822121560574,
        "min": 0.167352035642,
        "var": 0.122333347797
    },
    "erbbands_spread": {
        "dmean": 3.88069248199,
        "dmean2": 5.94793462753,
        "dvar": 12.9635400772,
        "dvar2": 38.256275177,
        "max": 35.6747703552,
        "mean": 19.7558097839,
        "median": 18.4240665436,
        "min": 9.84387588501,
        "var": 39.5003433228
    },
    "hfc": {
        "dmean": 3.16720294952,
        "dmean2": 4.26784467697,
        "dvar": 10.8922204971,
        "dvar2": 21.5911140442,
        "max": 39.578037262,
        "mean": 20.2048511505,
        "median": 23.4965457916,
        "min": 1.35802257061,
        "var": 98.2452392578
    },
    "melbands_crest": {
        "dmean": 3.27104949951,
        "dmean2": 4.42168045044,
        "dvar": 11.41659832,
        "dvar2": 13.4840745926,
        "max": 33.5337333679,
        "mean": 22.2159500122,
        "median": 21.4326667786,
        "min": 10.2611484528,
        "var": 35.8027496338
    },
    "melbands_flatness_db": {
        "dmean": 0.0201112274081,
        "dmean2": 0.0236829537898,
        "dvar": 0.000300932239043,
        "dvar2": 0.000483055395307,
        "max": 0.33409217,
        "mean": 0.26031896472,
        "median": 0.267172753811,
        "min": 0.149373263121,
        "var": 0.00234011933208
    },
    "melbands_kurtosis": {
        "dmean": 3.7301428318,
        "dmean2": 5.78402137756,
        "dvar": 34.5399551392,
        "dvar2": 88.1807022095,
        "max": 40.9440765381,
        "mean": 6.09630155563,
        "median": 4.26893234253,
        "min": -1.22314584255,
        "var": 39.1297073364
    },
    "melbands_skewness": {
        "dmean": 0.546664297581,
        "dmean2": 0.775802433491,
        "dvar": 0.347275197506,
        "dvar2": 0.669177830219,
        "max": 5.00745105743,
        "mean": 1.71876490116,
        "median": 1.66012430191,
        "min": -0.219315871596,
        "var": 0.933568835258
    },
    "melbands_spread": {
        "dmean": 3.64079141617,
        "dmean2": 4.63708591461,
        "dvar": 23.4055194855,
        "dvar2": 47.8413276672,
        "max": 58.8766555786,
        "mean": 14.3365373611,
        "median": 11.3002767563,
        "min": 3.98543643951,
        "var": 94.9191436768
    },
    "pitch_salience": {
        "dmean": 0.0644289925694,
        "dmean2": 0.092914223671,
        "dvar": 0.00271267886274,
        "dvar2": 0.00425444869325,
        "max": 0.759298563004,
        "mean": 0.518189251423,
        "median": 0.536686301231,
        "min": 0.111343368888,
        "var": 0.0293816402555
    },
    "silence_rate_20dB": {
        "dmean": 0,
        "dmean2": 0,
        "dvar": 0,
        "dvar2": 0,
        "max": 1,
        "mean": 1,
        "median": 1,
        "min": 1,
        "var": 0
    },
    "silence_rate_30dB": {
        "dmean": 0,
        "dmean2": 0,
        "dvar": 0,
        "dvar2": 0,
        "max": 1,
        "mean": 1,
        "median": 1,
        "min": 1,
        "var": 0
    },
    "silence_rate_60dB": {
        "dmean": 0,
        "dmean2": 0,
        "dvar": 0,
        "dvar2": 0,
        "max": 0,
        "mean": 0,
        "median": 0,
        "min": 0,
        "var": 0
    },
    "spectral_centroid": {
        "dmean": 153.934265137,
        "dmean2": 213.465042114,
        "dvar": 28116.1230469,
        "dvar2": 59848.9648438,
        "max": 2081.26635742,
        "mean": 852.525878906,
        "median": 711.186401367,
        "min": 406.438690186,
        "var": 187383.171875
    },
    "spectral_complexity": {
        "dmean": 2.3599998951,
        "dmean2": 3.81632661819,
        "dvar": 3.43040013313,
        "dvar2": 6.96626520157,
        "max": 18,
        "mean": 10.1568632126,
        "median": 10,
        "min": 2,
        "var": 14.4067668915
    },
    "spectral_decrease": {
        "dmean": 1.30144595101e-09,
        "dmean2": 1.3674774646e-09,
        "dvar": 2.93055780803e-18,
        "dvar2": 3.98437225994e-18,
        "max": -3.0607714141e-09,
        "mean": -1.07802904381e-08,
        "median": -1.30412569632e-08,
        "min": -1.56180863797e-08,
        "var": 1.93898629839e-17
    },
    "spectral_energy": {
        "dmean": 0.00504452595487,
        "dmean2": 0.00537050096318,
        "dvar": 4.4899275963e-05,
        "dvar2": 6.14453820162e-05,
        "max": 0.0610832162201,
        "mean": 0.0425199307501,
        "median": 0.0527077913284,
        "min": 0.0117135616019,
        "var": 0.000303248176351
    },
    "spectral_energyband_high": {
        "dmean": 3.27503439621e-05,
        "dmean2": 4.70777231385e-05,
        "dvar": 1.33175437345e-09,
        "dvar2": 2.65169797231e-09,
        "max": 0.000263355119387,
        "mean": 0.00010723091691,
        "median": 8.99342921912e-05,
        "min": 4.36876471213e-05,
        "var": 2.92117152689e-09
    },
    "spectral_energyband_low": {
        "dmean": 0.000181417184649,
        "dmean2": 0.000230624398682,
        "dvar": 1.9824870634e-08,
        "dvar2": 3.61194203435e-08,
        "max": 0.00315662566572,
        "mean": 0.00181675120257,
        "median": 0.00162051466759,
        "min": 0.0009398512193,
        "var": 4.11868313677e-07
    },
    "spectral_energyband_middle_high": {
        "dmean": 0.00262245512567,
        "dmean2": 0.00400352524593,
        "dvar": 9.5412515293e-06,
        "dvar2": 1.85581484402e-05,
        "max": 0.0309442915022,
        "mean": 0.00887742266059,
        "median": 0.00817041005939,
        "min": 0.00023780814081,
        "var": 4.46667436336e-05
    },
    "spectral_energyband_middle_low": {
        "dmean": 0.00529897352681,
        "dmean2": 0.006121059414,
        "dvar": 3.3816886571e-05,
        "dvar2": 3.46031192748e-05,
        "max": 0.0487468279898,
        "mean": 0.0261151343584,
        "median": 0.0293207559735,
        "min": 0.000225612820941,
        "var": 0.000266606308287
    },
    "spectral_entropy": {
        "dmean": 0.187488421798,
        "dmean2": 0.25251403451,
        "dvar": 0.0526743121445,
        "dvar2": 0.0576118975878,
        "max": 8.10879611969,
        "mean": 6.9101524353,
        "median": 6.6953701973,
        "min": 6.1766166687,
        "var": 0.317927420139
    },
    "spectral_flux": {
        "dmean": 0.0147136095911,
        "dmean2": 0.0235621929169,
        "dvar": 0.000228376884479,
        "dvar2": 0.000353965151589,
        "max": 0.150933325291,
        "mean": 0.0542641207576,
        "median": 0.0497529432178,
        "min": 0.0139572732151,
        "var": 0.000793716171756
    },
    "spectral_kurtosis": {
        "dmean": 1.97540211678,
        "dmean2": 3.34364509583,
        "dvar": 3.17368960381,
        "dvar2": 9.73716163635,
        "max": 16.3417949677,
        "mean": 9.3856306076,
        "median": 9.36601161957,
        "min": 4.65310525894,
        "var": 6.44048213959
    },
    "spectral_rms": {
        "dmean": 0.000401091354433,
        "dmean2": 0.000428065657616,
        "dvar": 3.01029643879e-07,
        "dvar2": 3.77507404892e-07,
        "max": 0.00771967507899,
        "mean": 0.00626216968521,
        "median": 0.00717092957348,
        "min": 0.00338051258586,
        "var": 2.26810652748e-06
    },
    "spectral_rolloff": {
        "dmean": 147.717773438,
        "dmean2": 233.349609375,
        "dvar": 45051.2148438,
        "dvar2": 79210.5,
        "max": 1765.72265625,
        "mean": 703.417663574,
        "median": 861.328125,
        "min": 21.533203125,
        "var": 129914.929688
    },
    "spectral_skewness": {
        "dmean": 0.219702661037,
        "dmean2": 0.351769894361,
        "dvar": 0.0334648638964,
        "dvar2": 0.0889379754663,
        "max": 3.05795860291,
        "mean": 2.24176287651,
        "median": 2.21078824997,
        "min": 1.78977477551,
        "var": 0.0847149938345
    },
    "spectral_spread": {
        "dmean": 564315.4375,
        "dmean2": 677626.0625,
        "dvar": 3.65988361011e+12,
        "dvar2": 4.17977860096e+12,
        "max": 17570268,
        "mean": 4049102.5,
        "median": 3369522.5,
        "min": 2866445.25,
        "var": 4.7328222249e+12
    },
    "spectral_strongpeak": {
        "dmean": 0.448884040117,
        "dmean2": 0.65505862236,
        "dvar": 0.688521444798,
        "dvar2": 1.35563516617,
        "max": 5.73408460617,
        "mean": 1.67488920689,
        "median": 1.89334511757,
        "min": 0,
        "var": 1.69687616825
    },
    "zerocrossingrate": {
        "dmean": 0.00576171884313,
        "dmean2": 0.00576969049871,
        "dvar": 2.89154068014e-05,
        "dvar2": 2.60476954281e-05,
        "max": 0.056640625,
        "mean": 0.0253810510039,
        "median": 0.02392578125,
        "min": 0,
        "var": 0.000171133026015
    },
    "barkbands": {
        "dmean": [0.000722406606656, 6.5270527557e-05, 7.82531787991e-06, 1.10777191367e-05, 0.00287891086191, 0.00243280921131, 3.72570502805e-05, 0.00169885810465, 6.56544943922e-05, 0.00229363120161, 6.11088980804e-05, 0.000701098528225, 0.000156050140504, 0.00026762537891, 8.82432577782e-05, 0.000182878095075, 0.000203076837352, 4.10914362874e-05, 8.54352329043e-05, 2.4228800612e-05, 1.27508646983e-05, 4.04839693147e-06, 2.67437394541e-06, 1.46922513977e-06, 1.17941590361e-06, 1.06799291189e-06, 1.88869364592e-06],
        "dmean2": [0.000663483457174, 0.000107852152723, 9.42708265939e-06, 1.36278813443e-05, 0.00368381966837, 0.00275167752989, 5.66179405723e-05, 0.00188742834143, 9.21294194995e-05, 0.00317738344893, 9.98391842586e-05, 0.00105088867713, 0.000252131838351, 0.000427974882768, 0.000156075329869, 0.00030844003777, 0.00035348298843, 6.29439600743e-05, 0.000132668443257, 3.4315726225e-05, 1.89968195627e-05, 5.372321084e-06, 3.9176725295e-06, 2.58949080489e-06, 2.15267914427e-06, 1.72294005552e-06, 2.63765946329e-06],
        "dvar": [1.33097523758e-06, 4.4609520522e-09, 9.51485001899e-10, 1.6830098426e-09, 1.79532289621e-05, 5.67176084587e-06, 5.14190290346e-09, 2.27689270105e-06, 1.47915102389e-08, 6.05920195085e-06, 1.10418465482e-08, 7.10689789685e-07, 2.23896172713e-08, 2.37064938347e-07, 9.15650399946e-09, 7.22088770999e-08, 4.98653491832e-08, 2.27946839182e-09, 1.17493161866e-08, 8.732199408e-10, 2.09146727714e-10, 1.03999439269e-11, 5.82925591477e-12, 1.89347951381e-12, 9.00152673754e-13, 8.42527653547e-13, 3.38881071642e-12],
        "dvar2": [1.19046899272e-06, 7.59303997455e-09, 9.57068757579e-10, 1.69320391041e-09, 2.0149296688e-05, 8.80785773916e-06, 6.09723294076e-09, 3.43515921486e-06, 1.80475829836e-08, 1.40585198096e-05, 2.65866084703e-08, 1.54011979703e-06, 6.28786835932e-08, 5.71500208935e-07, 2.31470167478e-08, 1.75491805976e-07, 1.20962596384e-07, 4.40806147139e-09, 2.6891077809e-08, 2.04767847123e-09, 5.9945254316e-10, 2.38614388665e-11, 1.18931852214e-11, 3.15015244792e-12, 1.90688480631e-12, 1.8220802471e-12, 8.59589309454e-12],
        "max": [0.012874067761, 0.000513573992066, 0.000213769235415, 0.000293430843158, 0.0260268189013, 0.0224318746477, 0.000441732292529, 0.020255966112, 0.000769954640418, 0.026536250487, 0.000576164922677, 0.00574681023136, 0.00078920670785, 0.00336874858476, 0.000586877518799, 0.00206268788315, 0.00135520473123, 0.000339932012139, 0.000582131440751, 0.000196377746761, 0.000104056809505, 3.2612351788e-05, 2.18740551645e-05, 1.25574133563e-05, 1.06755533125e-05, 1.29704649225e-05, 2.53600901488e-05],
        "mean": [0.00732096331194, 9.52016125666e-05, 8.96289657248e-06, 1.7569585907e-05, 0.0104104653001, 0.00956525560468, 4.50598199677e-05, 0.00596392992884, 0.000102444580989, 0.00638101249933, 6.99500742485e-05, 0.000849732139613, 0.000193751300685, 0.000366722146282, 0.000122315454064, 0.000324129330693, 0.000331723538693, 9.3993738119e-05, 0.000131467924803, 4.74274165754e-05, 2.81319844362e-05, 1.19220694614e-05, 7.33855586077e-06, 5.69705707676e-06, 5.75876629227e-06, 6.68155144012e-06, 1.17952813525e-05],
        "median": [0.00658043008298, 7.96207532403e-05, 3.15516808769e-06, 6.9757215897e-06, 0.00969449989498, 0.0112334927544, 2.71041644737e-05, 0.00254096556455, 6.21151557425e-05, 0.00449881237, 3.25676628563e-05, 0.000458841474028, 0.00015472038649, 0.000168837068486, 0.000102996149508, 0.000253262696788, 0.00029745043139, 7.05383426975e-05, 8.80558291101e-05, 3.71791502403e-05, 2.56234670815e-05, 9.73750047706e-06, 5.82735992793e-06, 5.32734020453e-06, 5.41787812836e-06, 5.46535375179e-06, 1.04430828287e-05],
        "min": [0.00129311869387, 2.78425868601e-05, 3.55266166707e-07, 9.94778929453e-07, 1.94213262148e-05, 1.07890482468e-05, 3.89836850445e-06, 0.000141203548992, 3.39934467775e-06, 3.2940053643e-05, 3.14389535561e-06, 1.73169592017e-05, 4.58610111309e-06, 1.95103493752e-05, 4.83156190967e-06, 2.72025663435e-05, 1.68261067302e-05, 6.98385974829e-06, 1.08971116788e-05, 7.36533093004e-06, 4.75680144518e-06, 4.11936662204e-06, 3.17921740134e-06, 2.55123723036e-06, 2.60524598161e-06, 2.8143565487e-06, 4.89147350891e-06],
        "var": [8.53148412716e-06, 6.07611250203e-09, 9.52344203498e-10, 1.7464657498e-09, 7.33739871066e-05, 5.45986949874e-05, 5.48921530452e-09, 4.30829823017e-05, 1.88084126052e-08, 3.84428640245e-05, 1.06914193054e-08, 1.15938883027e-06, 3.18431503388e-08, 2.93660747275e-07, 1.21227872185e-08, 1.21503859418e-07, 8.40353919784e-08, 5.54835510869e-09, 1.51855257258e-08, 1.55872859064e-09, 3.9771125282e-10, 3.73485860294e-11, 1.42912010351e-11, 4.26609702425e-12, 3.73431580797e-12, 7.79859250094e-12, 2.91857440993e-11]
    },
    "erbbands": {
        "dmean": [0.0046346988529, 0.00439339922741, 0.00787434075028, 0.0232368558645, 0.140568897128, 5.92419195175, 45.9554443359, 4.74469900131, 0.627350628376, 3.2589943409, 46.7328033447, 4.96441173553, 13.2976913452, 84.984161377, 6.14479112625, 35.3374519348, 5.83837413788, 16.085899353, 5.56725120544, 5.11837482452, 11.8986244202, 8.40562725067, 3.28062200546, 4.08885192871, 3.44565820694, 1.31587266922, 0.667842566967, 0.439978986979, 0.169058397412, 0.121243685484, 0.0608668625355, 0.0410357825458, 0.0270918849856, 0.014760456048, 0.00837776158005, 0.00453316699713, 0.00249977270141, 0.00095293938648, 0.000246887590038, 3.52459319402e-05],
        "dmean2": [0.00803565885872, 0.00646327575669, 0.0098466090858, 0.0276542268693, 0.183039084077, 7.42238092422, 51.9782829285, 5.61587047577, 0.922355175018, 4.00439167023, 51.1857376099, 5.14223766327, 17.387216568, 120.443954468, 9.41108322144, 52.9301223755, 8.5425901413, 24.6299476624, 9.5076789856, 8.76348400116, 19.1080265045, 14.3527984619, 4.99092674255, 6.45672035217, 4.88351488113, 1.94106948376, 1.0177423954, 0.623308777809, 0.233728334308, 0.177313119173, 0.0969639196992, 0.0700354576111, 0.0475920401514, 0.0240257978439, 0.0151080731302, 0.00766415521502, 0.00361615256406, 0.00155450648163, 0.000328738766257, 5.2406314353e-05],
        "dvar": [7.69921643951e-06, 5.30075085408e-05, 0.000869680137839, 0.00916624814272, 0.122794151306, 70.9459991455, 3075.52319336, 21.9536972046, 1.15499353409, 10.8337841034, 1658.54406738, 16.963054657, 167.891036987, 9324.09765625, 42.5700378418, 1872.86608887, 34.796131134, 730.468261719, 39.3056945801, 57.3796920776, 182.881851196, 62.8573989868, 11.9243354797, 33.9181632996, 17.6105899811, 3.11895442009, 0.515253841877, 0.155635893345, 0.0186058487743, 0.0138081088662, 0.00379956606776, 0.00155508099124, 0.000769420876168, 0.000184112577699, 6.71907982905e-05, 2.19292796828e-05, 4.05258515457e-06, 7.69274038248e-07, 2.79311649365e-08, 1.8266403945e-09],
        "dvar2": [2.45981373155e-05, 6.36599506834e-05, 0.000879342027474, 0.00929842423648, 0.159543588758, 106.980491638, 3685.99609375, 26.7641105652, 1.36622321606, 16.5894260406, 2517.44848633, 23.5861911774, 368.611755371, 21340.3222656, 99.2847061157, 4036.73608398, 65.0830917358, 1793.1607666, 90.1045913696, 129.28968811, 505.367218018, 175.301818848, 24.446641922, 80.3388748169, 37.1389846802, 6.51317167282, 1.21135234833, 0.40946111083, 0.0493860431015, 0.0259388685226, 0.00902944710106, 0.0035761995241, 0.00159692170564, 0.000438600894995, 0.000186562596355, 6.18842823314e-05, 1.04294886114e-05, 1.55721352257e-06, 6.53543494877e-08, 4.83020512476e-09],
        "max": [0.0342899188399, 0.0648976266384, 0.206932872534, 0.702530622482, 3.27494716644, 64.561126709, 431.033996582, 46.751789093, 6.99721050262, 37.558380127, 552.519714355, 53.4558372498, 167.183929443, 942.944824219, 49.7356796265, 297.283752441, 36.3894119263, 187.63609314, 41.9273109436, 53.7014503479, 78.4686126709, 59.3863792419, 22.765794754, 34.7043113708, 28.0849533081, 10.5266427994, 4.75414562225, 3.3314538002, 1.18057787418, 0.903593838215, 0.547433674335, 0.364718526602, 0.232446715236, 0.113227881491, 0.0874942466617, 0.0536738187075, 0.0248339753598, 0.0106495311484, 0.00285956868902, 0.000483290816192],
        "mean": [0.0196589417756, 0.0145820798352, 0.0118265151978, 0.0428032912314, 0.44708058238, 21.0635299683, 177.745956421, 20.9074077606, 1.63282966614, 11.5254669189, 161.937301636, 17.0818405151, 45.9627037048, 216.808273315, 14.2976951599, 43.2573051453, 9.56984233856, 23.3865032196, 8.97100543976, 9.52469539642, 19.5997333527, 14.4223899841, 6.81296443939, 6.60496330261, 4.8852558136, 2.46401667595, 1.50548803806, 0.997291862965, 0.46312469244, 0.29354211688, 0.192788437009, 0.123903162777, 0.0968417301774, 0.0655789077282, 0.040202319622, 0.0245533287525, 0.0127256084234, 0.00563190784305, 0.00151637464296, 0.000226385731366],
        "median": [0.0183684565127, 0.0124719962478, 0.00634947745129, 0.0210521221161, 0.339991211891, 19.1003990173, 199.538299561, 25.2873668671, 1.66002607346, 5.89887142181, 69.3070755005, 10.4235906601, 31.591468811, 156.624176025, 13.1166982651, 24.1767559052, 6.62852954865, 13.7758970261, 7.2120308876, 6.48608732224, 15.7869358063, 12.5643310547, 5.44825029373, 5.00121736526, 2.64011502266, 1.66001451015, 1.27316558361, 0.849292099476, 0.412789136171, 0.249720528722, 0.166671276093, 0.110312141478, 0.0883604213595, 0.0648371353745, 0.0371830463409, 0.0209870301187, 0.0105443699285, 0.00477135973051, 0.0013586753048, 0.000208752622711],
        "min": [0.009387569502, 0.00617805309594, 0.00182464718819, 0.00363743351772, 0.0110823204741, 0.043284509331, 0.283255368471, 0.0440849512815, 0.0591282770038, 0.650455713272, 1.6023106575, 0.200019970536, 0.359683007002, 1.01205205917, 0.288655042648, 0.707375764847, 0.252567619085, 0.757992744446, 0.596609413624, 0.749586701393, 1.39589965343, 0.696578383446, 0.501697778702, 0.446295082569, 0.277815282345, 0.326649963856, 0.244219169021, 0.193436041474, 0.14113740623, 0.115435376763, 0.0888692140579, 0.0531757809222, 0.0338451266289, 0.030900137499, 0.0174224302173, 0.00999883376062, 0.00511644082144, 0.00196688412689, 0.000629340240266, 0.000104312086478],
        "var": [4.64603763248e-05, 7.65988515923e-05, 0.000884946493898, 0.00977388117462, 0.246418744326, 298.126434326, 19461.5253906, 239.175704956, 1.74254310131, 143.245834351, 31967.6816406, 270.955505371, 1770.60620117, 46059.6210938, 112.971199036, 3064.61132812, 78.0028686523, 942.020324707, 68.2135620117, 100.255508423, 277.0050354, 126.442893982, 30.1028881073, 36.8402519226, 31.8329982758, 5.30328226089, 1.17096018791, 0.449346005917, 0.055949613452, 0.0307716559619, 0.00711472611874, 0.00296398741193, 0.00131176575087, 0.000459319970105, 0.00026623433223, 0.00010811570246, 2.90568441415e-05, 6.3058255364e-06, 4.45432220886e-07, 5.12795805818e-09]
    },
    "gfcc": {
        "mean": [-21.0107326508, 77.2543945312, -132.274398804, -24.0399265289, -53.6182174683, -16.9089279175, -29.156255722, 3.68292093277, -19.6808452606, -1.63976538181, -6.69754743576, 17.6304759979, 14.3871793747],
        "cov": [[972.054443359, 591.462768555, -499.356048584, -171.270874023, -247.493804932, -286.828857422, -88.6121063232, -111.963691711, -178.444900513, -125.625061035, -0.686325669289, 74.9990463257, 130.551818848], [591.462768555, 668.629821777, -139.936477661, -137.67590332, -260.761047363, -314.238128662, -152.663131714, -145.788345337, -215.992950439, -199.445846558, -45.2746620178, 104.711769104, 198.32598877], [-499.356048584, -139.936477661, 437.17401123, 89.2319946289, 82.1301193237, 80.7209472656, -35.024230957, 0.0487342849374, 37.7041473389, -0.253515005112, -32.7890586853, -9.29505252838, -14.1856660843], [-171.270874023, -137.67590332, 89.2319946289, 102.434875488, 78.6854400635, 57.964756012, 1.68117976189, -0.714351058006, 8.07719707489, 4.16496753693, -9.84024715424, -7.58750200272, -2.60108542442], [-247.493804932, -260.761047363, 82.1301193237, 78.6854400635, 152.297470093, 136.795089722, 32.72996521, 25.8507843018, 69.8586730957, 75.2936935425, 13.3976516724, -43.5179786682, -80.2083358765], [-286.828857422, -314.238128662, 80.7209472656, 57.964756012, 136.795089722, 186.801208496, 82.579826355, 59.3680267334, 103.824485779, 104.771690369, 22.5493793488, -59.3060112, -111.470924377], [-88.6121063232, -152.663131714, -35.024230957, 1.68117976189, 32.72996521, 82.579826355, 86.5219650269, 76.7041244507, 73.8896789551, 64.1186447144, 15.391204834, -37.5732765198, -71.2931213379], [-111.963691711, -145.788345337, 0.0487342849374, -0.714351058006, 25.8507843018, 59.3680267334, 76.7041244507, 106.682067871, 96.9813995361, 57.9415283203, 3.25608587265, -39.2915267944, -75.1573181152], [-178.444900513, -215.992950439, 37.7041473389, 8.07719707489, 69.8586730957, 103.824485779, 73.8896789551, 96.9813995361, 137.02557373, 105.831863403, 12.965130806, -60.0195350647, -112.117744446], [-125.625061035, -199.445846558, -0.253515005112, 4.16496753693, 75.2936935425, 104.771690369, 64.1186447144, 57.9415283203, 105.831863403, 114.885742188, 30.2400074005, -61.1748275757, -110.906585693], [-0.686325669289, -45.2746620178, -32.7890586853, -9.84024715424, 13.3976516724, 22.5493793488, 15.391204834, 3.25608587265, 12.965130806, 30.2400074005, 31.3504257202, -9.45202541351, -30.8806991577], [74.9990463257, 104.711769104, -9.29505252838, -7.58750200272, -43.5179786682, -59.3060112, -37.5732765198, -39.2915267944, -60.0195350647, -61.1748275757, -9.45202541351, 48.6638641357, 71.2065124512], [130.551818848, 198.32598877, -14.1856660843, -2.60108542442, -80.2083358765, -111.470924377, -71.2931213379, -75.1573181152, -112.117744446, -110.906585693, -30.8806991577, 71.2065124512, 143.723480225]],
        "icov": [[0.0148264272138, -0.0107534257695, 0.017057787627, -0.00691157346591, 0.0122956708074, -0.0129741812125, 0.0249450709671, -0.0107929892838, 0.00973189994693, -0.0138769689947, 0.0106348646805, -0.0124020464718, 0.0117716770619], [-0.0107534257695, 0.0314289480448, -0.0119720567018, 0.019167099148, 0.000625495798886, 0.0311410073191, -0.0266677234322, 0.0356504842639, -0.0107504874468, 0.0316470973194, 0.00925915315747, 0.0178707521409, 0.0046502398327], [0.017057787627, -0.0119720567018, 0.0251377187669, -0.0114585226402, 0.021381681785, -0.0262181200087, 0.0458207838237, -0.0194796752185, 0.0119897602126, -0.0163358878344, 0.0165418721735, -0.016568440944, 0.0159503910691], [-0.00691157346591, 0.019167099148, -0.0114585226402, 0.0386869758368, -0.0232090875506, 0.026703890413, -0.0320348963141, 0.0270621627569, -0.0094879148528, 0.0308733787388, 0.0039825537242, 0.0221563559026, -0.00828071217984], [0.0122956708074, 0.000625495798886, 0.021381681785, -0.0232090875506, 0.0704930201173, -0.0516332648695, 0.0808697789907, -0.0331964455545, 0.0313461311162, -0.0339024439454, 0.0260395146906, -0.0210788827389, 0.0260376278311], [-0.0129741812125, 0.0311410073191, -0.0262181200087, 0.026703890413, -0.0516332648695, 0.110033787787, -0.129430234432, 0.101889207959, -0.0551657192409, 0.0638294145465, -0.00571807520464, 0.0297010522336, 0.0025897861924], [0.0249450709671, -0.0266677234322, 0.0458207838237, -0.0320348963141, 0.0808697789907, -0.129430234432, 0.2293728441, -0.167579174042, 0.110011294484, -0.116384610534, 0.0307094510645, -0.0482492372394, 0.0154878422618], [-0.0107929892838, 0.0356504842639, -0.0194796752185, 0.0270621627569, -0.0331964455545, 0.101889207959, -0.167579174042, 0.196661487222, -0.139780163765, 0.144903689623, -0.00948336347938, 0.0491099357605, 0.0157954934984], [0.00973189994693, -0.0107504874468, 0.0119897602126, -0.0094879148528, 0.0313461311162, -0.0551657192409, 0.110011294484, -0.139780163765, 0.16360026598, -0.148228302598, 0.0547984652221, -0.0539141334593, 0.014914970845], [-0.0138769689947, 0.0316470973194, -0.0163358878344, 0.0308733787388, -0.0339024439454, 0.0638294145465, -0.116384610534, 0.144903689623, -0.148228302598, 0.205135062337, -0.0592183806002, 0.0915365964174, 0.00109867798164], [0.0106348646805, 0.00925915315747, 0.0165418721735, 0.0039825537242, 0.0260395146906, -0.00571807520464, 0.0307094510645, -0.00948336347938, 0.0547984652221, -0.0592183806002, 0.106977701187, -0.0546437464654, 0.0467481650412], [-0.0124020464718, 0.0178707521409, -0.016568440944, 0.0221563559026, -0.0210788827389, 0.0297010522336, -0.0482492372394, 0.0491099357605, -0.0539141334593, 0.0915365964174, -0.0546437464654, 0.13424320519, -0.0512821003795], [0.0117716770619, 0.0046502398327, 0.0159503910691, -0.00828071217984, 0.0260376278311, 0.0025897861924, 0.0154878422618, 0.0157954934984, 0.014914970845, 0.00109867798164, 0.0467481650412, -0.0512821003795, 0.0716891512275]]
    },
    "melbands": {
        "dmean": [4.0162824007e-05, 4.31100852438e-06, 5.56694249099e-06, 7.56872468628e-05, 0.00133050174918, 0.000166099605849, 8.8044689619e-06, 8.01256173872e-05, 0.000346348504536, 1.01643163362e-05, 7.90637423052e-05, 0.000377673510229, 1.1021865248e-05, 7.59312024456e-05, 4.09966087318e-05, 2.31371850532e-05, 2.86969334411e-05, 8.97928293853e-06, 4.15831982536e-06, 1.39369667522e-05, 1.48466097016e-05, 1.13889518616e-05, 4.22259518018e-06, 2.4210526135e-06, 3.90933109884e-06, 3.27672319145e-06, 9.63485263128e-07, 1.00273655335e-06, 4.87383488235e-07, 3.0254997796e-07, 2.38129899799e-07, 8.98996148635e-08, 8.95075302765e-08, 6.39442276906e-08, 3.73983262136e-08, 4.63310065868e-08, 1.87934023899e-08, 2.15075459664e-08, 2.03571310919e-08, 1.18762715218e-08],
        "dmean2": [5.77172831981e-05, 5.66678727409e-06, 6.67827225698e-06, 0.000114609370939, 0.00154320104048, 0.000195168890059, 1.3434392713e-05, 0.000101435180113, 0.000364684587112, 1.24534944916e-05, 0.000103957230749, 0.000532511447091, 1.7672249669e-05, 0.000113834285003, 6.17249097559e-05, 3.49031943188e-05, 4.43624157924e-05, 1.55922898557e-05, 6.67769882057e-06, 2.48261312663e-05, 2.37139083765e-05, 1.99250735022e-05, 7.01651015333e-06, 3.60137073585e-06, 6.20800483375e-06, 4.6619556997e-06, 1.48040214754e-06, 1.48480808093e-06, 7.95536948317e-07, 4.99306565871e-07, 3.5858784031e-07, 1.35685837677e-07, 1.32534367481e-07, 9.58862145239e-08, 6.25966904977e-08, 7.81617330858e-08, 3.30804716953e-08, 3.75667568164e-08, 3.25301670046e-08, 1.96358680427e-08],
        "dvar": [8.9906143641e-10, 1.76544223685e-10, 4.850372326e-10, 2.17124647151e-08, 2.78211200566e-06, 2.61269175184e-08, 2.98590957515e-10, 7.58423190916e-09, 8.30845792166e-08, 2.32304703252e-10, 5.77851722028e-09, 1.79042871196e-07, 2.22054638566e-10, 8.22159940128e-09, 2.76288925072e-09, 6.51678266905e-10, 2.3789805681e-09, 1.07425755791e-10, 2.38465861641e-11, 6.30220486908e-10, 2.66042160524e-10, 1.1925097021e-10, 2.23642042385e-11, 8.01704883036e-12, 3.2619885959e-11, 1.61766555012e-11, 1.07836829744e-12, 2.28696163569e-12, 3.0844719682e-13, 1.19360820056e-13, 4.28176848903e-14, 6.50704601421e-15, 9.67650947163e-15, 4.08363054201e-15, 1.26427618899e-15, 3.21676220071e-15, 2.60468004646e-16, 4.60731077923e-16, 2.7834799666e-16, 1.48603089689e-16],
        "dvar2": [1.83431725365e-09, 1.79730189065e-10, 4.84718598592e-10, 6.18031279487e-08, 3.11289613819e-06, 3.77073661184e-08, 3.6050964991e-10, 1.33687532156e-08, 1.30569077328e-07, 2.6791188712e-10, 1.22744427955e-08, 4.10666586959e-07, 5.76548142561e-10, 1.84080342081e-08, 5.65453328605e-09, 1.48502921071e-09, 5.88053650219e-09, 2.14490689099e-10, 5.42255233771e-11, 1.54447010736e-09, 7.23868742725e-10, 3.39468980703e-10, 4.18311808803e-11, 1.56195525264e-11, 8.05129921067e-11, 3.34605641805e-11, 2.32996890011e-12, 5.09382770339e-12, 6.15385672108e-13, 3.39384797392e-13, 1.01415600364e-13, 1.60487400279e-14, 1.97963983395e-14, 7.04896625892e-15, 2.87018702364e-15, 8.91509037952e-15, 5.77333739321e-16, 9.54080229974e-16, 8.11608017697e-16, 3.89437505893e-16],
        "max": [0.000615572207607, 9.80281183729e-05, 0.00015822329442, 0.00113462994341, 0.0124693298712, 0.00157828000374, 9.74146969384e-05, 0.000961395679042, 0.00403387937695, 0.000100855177152, 0.00102366122883, 0.00424702465534, 7.79659239925e-05, 0.000601639214437, 0.000359754747478, 0.000165355028003, 0.000339357211487, 6.35279939161e-05, 3.01894087897e-05, 0.000177907873876, 9.97479510261e-05, 7.78161120252e-05, 3.35287149937e-05, 1.89086731552e-05, 3.31057162839e-05, 2.66404094873e-05, 6.20060245637e-06, 9.25107360672e-06, 3.27623342855e-06, 2.17349293052e-06, 1.62388903391e-06, 6.42338648049e-07, 7.40620578199e-07, 4.52565245723e-07, 2.8140831887e-07, 4.10586523003e-07, 1.43790217066e-07, 1.76983547817e-07, 1.21573648926e-07, 9.14331934609e-08],
        "mean": [0.000353540235665, 9.29811085371e-06, 8.55533198774e-06, 0.000170416184119, 0.00514670368284, 0.000696227129083, 1.04384653241e-05, 0.000278958003037, 0.00118506292347, 2.5577544875e-05, 0.000285388930934, 0.000987453735434, 1.59765950229e-05, 8.96307392395e-05, 5.40145410923e-05, 3.30836337525e-05, 4.09297535953e-05, 1.38024970511e-05, 7.02943179931e-06, 2.32922448049e-05, 2.27792661462e-05, 1.81003815669e-05, 7.47256899558e-06, 4.75263732369e-06, 5.49137121197e-06, 4.45689329354e-06, 1.63475090176e-06, 1.73823673322e-06, 1.03438480892e-06, 6.61172464334e-07, 5.24460745055e-07, 2.56721165215e-07, 2.11718315768e-07, 1.44776990396e-07, 1.14743237134e-07, 9.60850314868e-08, 6.58203447301e-08, 6.64837287445e-08, 6.43798685473e-08, 5.19380982666e-08],
        "median": [0.000319023762131, 6.77922798786e-06, 3.56715167982e-06, 0.000111200970423, 0.00554428622127, 0.000847403192893, 5.91884781898e-06, 0.00013252889039, 0.000531209108885, 1.46474167195e-05, 0.000188543490367, 0.000702805933543, 1.18826810649e-05, 5.04882918904e-05, 2.74698668363e-05, 2.13857874769e-05, 2.40242061409e-05, 9.46154523263e-06, 5.18203614774e-06, 1.56287314894e-05, 1.87248951988e-05, 1.48202034325e-05, 5.39453549209e-06, 3.38886275131e-06, 3.79239645554e-06, 2.37997574004e-06, 1.17970478186e-06, 1.15677948997e-06, 8.23333664357e-07, 5.41113990948e-07, 4.06873738257e-07, 2.24919588732e-07, 1.91061133137e-07, 1.10363984618e-07, 1.01819168208e-07, 8.25320256581e-08, 6.1697356557e-08, 5.85326063174e-08, 5.87635859972e-08, 4.96962471175e-08],
        "min": [0.000181835348485, 3.06470860778e-06, 8.24668290988e-07, 1.18123034554e-06, 8.17224827188e-06, 1.24337236684e-06, 4.22841083036e-07, 1.1885233107e-05, 1.07215664684e-05, 8.45864519761e-07, 2.23576989811e-06, 4.68776534035e-06, 6.67664664888e-07, 1.86710565231e-06, 8.03535556315e-07, 6.32845626569e-07, 1.59877572514e-06, 8.16384954305e-07, 3.65232239119e-07, 2.32748675444e-06, 1.55678390001e-06, 7.79107949711e-07, 4.62899578224e-07, 3.11976066314e-07, 3.01191874996e-07, 2.42885334956e-07, 1.42675830261e-07, 2.0023033187e-07, 1.51563554596e-07, 1.53531104274e-07, 8.64807958578e-08, 6.61052084183e-08, 7.07765082097e-08, 5.81252237453e-08, 5.25285130948e-08, 3.15975370313e-08, 2.88949646432e-08, 1.82719119834e-08, 2.67806186116e-08, 2.1150723839e-08],
        "var": [1.51510750612e-08, 1.90038762504e-10, 4.95336993644e-10, 4.40405152347e-08, 1.6343421521e-05, 2.74617576679e-07, 3.14244408273e-10, 9.43009794696e-08, 1.68399003542e-06, 6.03286531842e-10, 7.27377909016e-08, 9.49468528688e-07, 2.68476380016e-10, 1.2529753235e-08, 4.83353090885e-09, 1.16564513597e-09, 3.00503377737e-09, 1.75341310915e-10, 4.06518603502e-11, 9.03529751017e-10, 3.82151504885e-10, 2.3435056673e-10, 5.08770942043e-11, 1.70946989203e-11, 3.32233511535e-11, 2.93535369622e-11, 2.01039705716e-12, 3.287093037e-12, 6.38836151947e-13, 2.27255131488e-13, 1.20649529863e-13, 1.77396397132e-14, 1.64298896076e-14, 9.06357017298e-15, 2.24249706972e-15, 3.53166491006e-15, 6.7221143499e-16, 8.57585177832e-16, 4.30928753069e-16, 3.61467233895e-16]
    },
    "mfcc": {
        "mean": [-675.127197266, 136.890213013, -32.8076171875, 2.18243527412, -10.3001928329, -12.5145587921, -5.56639289856, 0.75820505619, 0.613112866879, -5.73042583466, -5.59838914871, -0.238173425198, 0.719595789909],
        "cov": [[1286.59313965, 442.047393799, -478.157196045, -49.4942474365, -314.356018066, -224.857559204, -95.2076721191, -93.3565063477, -138.295593262, -153.903015137, -131.696563721, -94.5611038208, -53.8082275391], [442.047393799, 448.237609863, -22.6107559204, 10.9024009705, -155.327713013, -185.538391113, -107.980110168, -68.3910675049, -90.3937225342, -154.216705322, -166.504592896, -157.242126465, -104.081222534], [-478.157196045, -22.6107559204, 308.252685547, 52.9226951599, 96.2563247681, 28.1687774658, -7.36463260651, 20.0251140594, 30.9640045166, -12.55900383, -35.0611457825, -47.6045265198, -28.3889923096], [-49.4942474365, 10.9024009705, 52.9226951599, 73.3497390747, 31.8798828125, -13.6544713974, -14.7085227966, -4.60404729843, -1.60877132416, -35.80027771, -71.9459686279, -69.8626708984, -40.1154556274], [-314.356018066, -155.327713013, 96.2563247681, 31.8798828125, 141.466323853, 103.198753357, 32.7400588989, 13.5670547485, 21.5026016235, 36.3130302429, 19.1335296631, 15.1804227829, 6.32887983322], [-224.857559204, -185.538391113, 28.1687774658, -13.6544713974, 103.198753357, 138.540679932, 60.1587409973, 4.57658481598, 18.4222335815, 56.1665229797, 65.2543792725, 69.2978439331, 35.3939323425], [-95.2076721191, -107.980110168, -7.36463260651, -14.7085227966, 32.7400588989, 60.1587409973, 54.3618850708, 17.8364067078, 7.98692512512, 35.9187240601, 41.01902771, 42.3933296204, 27.2698917389], [-93.3565063477, -68.3910675049, 20.0251140594, -4.60404729843, 13.5670547485, 4.57658481598, 17.8364067078, 47.2013664246, 31.9977588654, 28.8951950073, 32.368183136, 27.3146286011, 24.464422226], [-138.295593262, -90.3937225342, 30.9640045166, -1.60877132416, 21.5026016235, 18.4222335815, 7.98692512512, 31.9977588654, 68.3233108521, 53.213760376, 42.2412452698, 35.8248252869, 21.4716415405], [-153.903015137, -154.216705322, -12.55900383, -35.80027771, 36.3130302429, 56.1665229797, 35.9187240601, 28.8951950073, 53.213760376, 112.340843201, 118.371047974, 95.622756958, 54.5981559753], [-131.696563721, -166.504592896, -35.0611457825, -71.9459686279, 19.1335296631, 65.2543792725, 41.01902771, 32.368183136, 42.2412452698, 118.371047974, 186.553848267, 151.561752319, 88.1469268799], [-94.5611038208, -157.242126465, -47.6045265198, -69.8626708984, 15.1804227829, 69.2978439331, 42.3933296204, 27.3146286011, 35.8248252869, 95.622756958, 151.561752319, 150.225784302, 88.875], [-53.8082275391, -104.081222534, -28.3889923096, -40.1154556274, 6.32887983322, 35.3939323425, 27.2698917389, 24.464422226, 21.4716415405, 54.5981559753, 88.1469268799, 88.875, 83.8098831177]],
