{
"lowlevel": {
    "average_loudness": 0.959979534149,
    "barkbands_crest": {
        "dmean": 2.62560296059,
        "dmean2": 4.37753915787,
        "dvar": 5.41385126114,
        "dvar2": 13.5808706284,
        "max": 21.2302875519,
        "mean": 8.7122297287,
        "median": 8.13674640656,
        "min": 3.52266550064,
        "var": 8.66036224365
    },
    "barkbands_flatness_db": {
        "dmean": 0.0354201570153,
        "dmean2": 0.0561343096197,
        "dvar": 0.000793037936091,
        "dvar2": 0.00217310572043,
        "max": 0.376316905022,
        "mean": 0.201136946678,
        "median": 0.192741975188,
        "min": 0.0833996012807,
        "var": 0.0023357172031
    },
    "barkbands_kurtosis": {
        "dmean": 0.964740633965,
        "dmean2": 1.61860942841,
        "dvar": 0.923904359341,
        "dvar2": 2.47717356682,
        "max": 6.20390892029,
        "mean": 0.148250237107,
        "median": -0.0536348819733,
        "min": -1.74873483181,
        "var": 1.28692054749
    },
    "barkbands_skewness": {
        "dmean": 0.504635035992,
        "dmean2": 0.815119147301,
        "dvar": 0.21388669312,
        "dvar2": 0.536786675453,
        "max": 2.53516507149,
        "mean": -0.0356515459716,
        "median": -0.0570507347584,
        "min": -2.21913909912,
        "var": 0.3846154809
    },
    "barkbands_spread": {
        "dmean": 3.33831572533,
        "dmean2": 5.31481218338,
        "dvar": 9.75684833527,
        "dvar2": 22.6942443848,
        "max": 35.9393615723,
        "mean": 11.1263275146,
        "median": 10.144493103,
        "min": 2.71076273918,
        "var": 24.4977588654
    },
    "dissonance": {
        "dmean": 0.0291981212795,
        "dmean2": 0.049033254385,
        "dvar": 0.000711221247911,
        "dvar2": 0.0017764280783,
        "max": 0.499878048897,
        "mean": 0.452463656664,
        "median": 0.466145575047,
        "min": 0.228797122836,
        "var": 0.00191654090304
    },
    "dynamic_complexity": 2.82376241684,
    "erbbands_crest": {
        "dmean": 3.17550134659,
        "dmean2": 5.277967453,
        "dvar": 6.95475244522,
        "dvar2": 18.2230873108,
        "max": 23.4580364227,
        "mean": 10.2250499725,
        "median": 9.65078544617,
        "min": 4.52698802948,
        "var": 11.7068843842
    },
    "erbbands_flatness_db": {
        "dmean": 0.0344348624349,
        "dmean2": 0.0536057017744,
        "dvar": 0.000690567598213,
        "dvar2": 0.00182744045742,
        "max": 0.458799749613,
        "mean": 0.297123551369,
        "median": 0.291432648897,
        "min": 0.183812513947,
        "var": 0.00202127522789
    },
    "erbbands_kurtosis": {
        "dmean": 0.997899651527,
        "dmean2": 1.66350090504,
        "dvar": 1.15468084812,
        "dvar2": 3.20822906494,
        "max": 9.81712436676,
        "mean": 0.481957495213,
        "median": 0.244919061661,
        "min": -1.49361157417,
        "var": 1.50299823284
    },
    "erbbands_skewness": {
        "dmean": 0.428351432085,
        "dmean2": 0.701842963696,
        "dvar": 0.138742730021,
        "dvar2": 0.339130908251,
        "max": 1.26742005348,
        "mean": -0.185022830963,
        "median": -0.200956851244,
        "min": -2.13604831696,
        "var": 0.29827696085
    },
    "erbbands_spread": {
        "dmean": 4.50375366211,
        "dmean2": 7.00420045853,
        "dvar": 16.483417511,
        "dvar2": 41.0374069214,
        "max": 43.9807472229,
        "mean": 14.034163475,
        "median": 12.5354604721,
        "min": 3.82911157608,
        "var": 36.6526641846
    },
    "hfc": {
        "dmean": 21.9358100891,
        "dmean2": 37.8413391113,
        "dvar": 529.450744629,
        "dvar2": 1366.84375,
        "max": 104.6147995,
        "mean": 23.6028423309,
        "median": 13.53926754,
        "min": 0.0695920214057,
        "var": 629.84588623
    },
    "melbands_crest": {
        "dmean": 3.56950926781,
        "dmean2": 5.95954465866,
        "dvar": 10.5610179901,
        "dvar2": 28.8227901459,
        "max": 30.2292461395,
        "mean": 10.7430877686,
        "median": 10.1920375824,
        "min": 3.86893057823,
        "var": 15.4555435181
    },
    "melbands_flatness_db": {
        "dmean": 0.0388001427054,
        "dmean2": 0.0629639849067,
        "dvar": 0.000956802105065,
        "dvar2": 0.00267385877669,
        "max": 0.417202115059,
        "mean": 0.201782554388,
        "median": 0.195595890284,
        "min": 0.0963853299618,
        "var": 0.00308158458211
    },
    "melbands_kurtosis": {
        "dmean": 1.04410362244,
        "dmean2": 1.74932944775,
        "dvar": 2.07307004929,
        "dvar2": 5.62713623047,
        "max": 15.8462505341,
        "mean": 0.358884304762,
        "median": 0.0162596702576,
        "min": -1.51890027523,
        "var": 2.19474506378
    },
    "melbands_skewness": {
        "dmean": 0.543872416019,
        "dmean2": 0.873073160648,
        "dvar": 0.274169385433,
        "dvar2": 0.695430338383,
        "max": 3.64901351929,
        "mean": 0.317326039076,
        "median": 0.266487419605,
        "min": -1.3837518692,
        "var": 0.439525902271
    },
    "melbands_spread": {
        "dmean": 7.18805503845,
        "dmean2": 11.5352954865,
        "dvar": 42.1452598572,
        "dvar2": 104.084541321,
        "max": 71.6510848999,
        "mean": 24.0949611664,
        "median": 22.2566738129,
        "min": 5.14352273941,
        "var": 102.143768311
    },
    "pitch_salience": {
        "dmean": 0.0974522083998,
        "dmean2": 0.155741900206,
        "dvar": 0.00730937067419,
        "dvar2": 0.0171998180449,
        "max": 0.921031117439,
        "mean": 0.656821787357,
        "median": 0.66640663147,
        "min": 0.329044044018,
        "var": 0.014906803146
    },
    "silence_rate_20dB": {
        "dmean": 0,
        "dmean2": 0,
        "dvar": 0,
        "dvar2": 0,
        "max": 1,
        "mean": 1,
        "median": 1,
        "min": 1,
        "var": 0
    },
    "silence_rate_30dB": {
        "dmean": 0,
        "dmean2": 0,
        "dvar": 0,
        "dvar2": 0,
        "max": 1,
        "mean": 1,
        "median": 1,
        "min": 1,
        "var": 0
    },
    "silence_rate_60dB": {
        "dmean": 0.124561406672,
        "dmean2": 0.249560639262,
        "dvar": 0.109045259655,
        "dvar2": 0.247033387423,
        "max": 1,
        "mean": 0.201401054859,
        "median": 0,
        "min": 0,
        "var": 0.160840168595
    },
    "spectral_centroid": {
        "dmean": 354.345611572,
        "dmean2": 578.824462891,
        "dvar": 102221.515625,
        "dvar2": 251741.359375,
        "max": 3193.29907227,
        "mean": 1844.58337402,
        "median": 1817.06005859,
        "min": 558.985595703,
        "var": 318619.25
    },
    "spectral_complexity": {
        "dmean": 5.46315813065,
        "dmean2": 8.873462677,
        "dvar": 21.7995262146,
        "dvar2": 60.2933197021,
        "max": 34,
        "mean": 13.5148859024,
        "median": 12,
        "min": 0,
        "var": 44.7365989685
    },
    "spectral_decrease": {
        "dmean": 2.63131361145e-09,
        "dmean2": 4.41856240485e-09,
        "dvar": 6.76464375838e-18,
        "dvar2": 1.691942191e-17,
        "max": -1.14246051855e-11,
        "mean": -3.38881500639e-09,
        "median": -1.98458871559e-09,
        "min": -1.27807462391e-08,
        "var": 1.05523571364e-17
    },
    "spectral_energy": {
        "dmean": 0.0118846846744,
        "dmean2": 0.0200527030975,
        "dvar": 0.00013883561769,
        "dvar2": 0.000349202746293,
        "max": 0.0544127561152,
        "mean": 0.0149310026318,
        "median": 0.00861955340952,
        "min": 4.94312298542e-05,
        "var": 0.000205736141652
    },
    "spectral_energyband_high": {
        "dmean": 0.000274900346994,
        "dmean2": 0.000502761278767,
        "dvar": 2.56033985124e-07,
        "dvar2": 6.94307971116e-07,
        "max": 0.00457404507324,
        "mean": 0.000211764257983,
        "median": 3.32463787345e-05,
        "min": 4.13086212347e-07,
        "var": 2.13039513142e-07
    },
    "spectral_energyband_low": {
        "dmean": 1.20876848086e-05,
        "dmean2": 2.09904792428e-05,
        "dvar": 1.37814715195e-09,
        "dvar2": 3.8353626941e-09,
        "max": 0.000647510983981,
        "mean": 1.3517215848e-05,
        "median": 6.28883299214e-06,
        "min": 2.77680868521e-07,
        "var": 1.06365938279e-09
    },
    "spectral_energyband_middle_high": {
        "dmean": 0.0110428454354,
        "dmean2": 0.0186845809221,
        "dvar": 0.000121604127344,
        "dvar2": 0.000311070471071,
        "max": 0.0510761141777,
        "mean": 0.0119120040908,
        "median": 0.0063089937903,
        "min": 4.56205052615e-05,
        "var": 0.000161576244864
    },
    "spectral_energyband_middle_low": {
        "dmean": 0.00126037467271,
        "dmean2": 0.00193141237833,
        "dvar": 6.13290558249e-06,
        "dvar2": 1.21145976664e-05,
        "max": 0.0327036380768,
        "mean": 0.00283657270484,
        "median": 0.00144162564538,
        "min": 2.74582816928e-06,
        "var": 2.03029649128e-05
    },
    "spectral_entropy": {
        "dmean": 0.327406048775,
        "dmean2": 0.545367658138,
        "dvar": 0.08235026896,
        "dvar2": 0.24324592948,
        "max": 7.85507440567,
        "mean": 7.11548185349,
        "median": 7.22101068497,
        "min": 5.58662080765,
        "var": 0.158261418343
    },
    "spectral_flux": {
        "dmean": 0.0389847271144,
        "dmean2": 0.0618687644601,
        "dvar": 0.00129651208408,
        "dvar2": 0.00301657640375,
        "max": 0.207717776299,
        "mean": 0.0844847261906,
        "median": 0.0835287794471,
        "min": 0.012910624966,
        "var": 0.00249206903391
    },
    "spectral_kurtosis": {
        "dmean": 9.05400371552,
        "dmean2": 16.5775356293,
        "dvar": 83.9717559814,
        "dvar2": 253.943130493,
        "max": 71.0007019043,
        "mean": 12.9777002335,
        "median": 9.46537971497,
        "min": 2.25181341171,
        "var": 97.9152832031
    },
    "spectral_rms": {
        "dmean": 0.00149033137131,
        "dmean2": 0.00241325236857,
        "dvar": 1.80916003956e-06,
        "dvar2": 4.54434621133e-06,
        "max": 0.00728598749265,
        "mean": 0.00333669874817,
        "median": 0.00289988284931,
        "min": 0.000219603258302,
        "var": 3.43326678376e-06
    },
    "spectral_rolloff": {
        "dmean": 406.259368896,
        "dmean2": 689.819335938,
        "dvar": 149966.828125,
        "dvar2": 357132.875,
        "max": 4198.97460938,
        "mean": 2213.05566406,
        "median": 2174.85351562,
        "min": 624.462890625,
        "var": 392215.21875
    },
    "spectral_skewness": {
        "dmean": 0.763581991196,
        "dmean2": 1.38603246212,
        "dvar": 0.531103670597,
        "dvar2": 1.68204379082,
        "max": 6.24062490463,
        "mean": 1.99268841743,
        "median": 1.76172018051,
        "min": 0.768127381802,
        "var": 0.671433866024
    },
    "spectral_spread": {
        "dmean": 380102.4375,
        "dmean2": 633194.375,
        "dvar": 127058550784,
        "dvar2": 369971658752,
        "max": 5055708.5,
        "mean": 2048766.875,
        "median": 2032258.875,
        "min": 929833,
        "var": 199305068544
    },
    "spectral_strongpeak": {
        "dmean": 1.42882192135,
        "dmean2": 2.36370706558,
        "dvar": 2.28762817383,
        "dvar2": 6.30774831772,
        "max": 12.6009435654,
        "mean": 2.11215877533,
        "median": 1.63499176502,
        "min": 0.0296192821115,
        "var": 3.09801101685
    },
    "zerocrossingrate": {
        "dmean": 0.00691903103143,
        "dmean2": 0.00851789023727,
        "dvar": 3.4566706745e-05,
        "dvar2": 4.9442951422e-05,
        "max": 0.12451171875,
        "mean": 0.0663814544678,
        "median": 0.064453125,
        "min": 0.01806640625,
        "var": 0.000302347209072
    },
    "barkbands": {
        "dmean": [8.87548765149e-07, 9.40695463214e-06, 1.82329802101e-06, 7.61715182307e-06, 0.000148779930896, 3.85221792385e-05, 0.000334683281835, 0.000233818485867, 0.000778975663707, 0.000523923081346, 0.00114547763951, 0.00190034462139, 0.00138930731919, 0.00158881163225, 0.00134588615038, 0.00199540960602, 0.00161700870376, 0.00064962200122, 0.00058910791995, 0.000294905970804, 0.000119700285723, 3.69021727238e-05, 1.41952396007e-05, 4.98155031892e-06, 2.04669140658e-06, 8.70146436682e-07, 2.00663336614e-07],
        "dmean2": [1.46449110616e-06, 1.69158665813e-05, 3.3644666928e-06, 1.25544111143e-05, 0.000220184534555, 5.9174009948e-05, 0.000486831675516, 0.000364436564269, 0.00126684817951, 0.000852472847328, 0.00183856091462, 0.00315144308843, 0.00234621367417, 0.00276730768383, 0.00232819607481, 0.00347478198819, 0.00292962999083, 0.00113647943363, 0.00105392164551, 0.000538376334589, 0.000219388035475, 6.90087472321e-05, 2.64769259957e-05, 9.51558922679e-06, 3.87826366932e-06, 1.63757181326e-06, 3.69862362959e-07],
        "dvar": [4.29492726106e-12, 1.0589118471e-09, 1.18046822317e-11, 6.37446595508e-10, 1.08891050843e-07, 3.71917785458e-09, 4.4587721959e-07, 5.46102739918e-07, 2.66574488705e-06, 1.18083346479e-06, 4.28832890975e-06, 1.21494767882e-05, 5.10186328029e-06, 7.43527834857e-06, 4.74829039376e-06, 9.43960003497e-06, 6.48740933684e-06, 1.42995327224e-06, 1.34320555389e-06, 2.96932341826e-07, 5.43103517714e-08, 6.40886277381e-09, 6.66757371537e-10, 6.00753197189e-11, 1.41788213115e-11, 2.61135644358e-12, 1.4993795051e-13],
        "dvar2": [6.96090407537e-12, 2.99134450543e-09, 3.31128006958e-11, 1.72233338702e-09, 2.23104720476e-07, 9.07372932346e-09, 8.43874943257e-07, 1.18467505672e-06, 5.54762482352e-06, 2.76597916127e-06, 1.08497979454e-05, 3.05693247356e-05, 1.38019258884e-05, 2.01952461794e-05, 1.24816242533e-05, 2.50414705079e-05, 1.85648223123e-05, 3.83921178582e-06, 3.75972058464e-06, 8.4297749936e-07, 1.49331654598e-07, 1.80687766971e-08, 1.87854021227e-09, 1.73344033572e-10, 4.04523428643e-11, 7.47491998854e-12, 3.23794864619e-13],
        "max": [4.35667898273e-05, 0.000560703105293, 4.0233713662e-05, 0.000409395608585, 0.00447430554777, 0.000664786144625, 0.0118998736143, 0.0112789822742, 0.0187376029789, 0.0135663421825, 0.0171719044447, 0.024454889819, 0.0154775232077, 0.0213772803545, 0.0173716582358, 0.0198575183749, 0.0188271589577, 0.0140454424545, 0.0104380371049, 0.00435032323003, 0.00260696094483, 0.000882200663909, 0.000247580639552, 3.92505535274e-05, 2.43317917921e-05, 1.40887805173e-05, 5.79222205488e-06],
        "mean": [1.01465695934e-06, 7.98169003247e-06, 1.59679188982e-06, 1.21666726045e-05, 0.000349096924765, 6.71321977279e-05, 0.000674763636198, 0.000277772400295, 0.00135740695987, 0.000584018183872, 0.00134489056654, 0.00195077632088, 0.00140797044151, 0.00128948234487, 0.00115871243179, 0.00178048282396, 0.00127654720563, 0.000580378749873, 0.000457213289337, 0.000217947628698, 9.15865966817e-05, 2.64621266979e-05, 1.01149698821e-05, 3.399751904e-06, 1.36771006964e-06, 5.95019685079e-07, 1.42201372455e-07],
        "median": [4.87692602746e-07, 3.47578270521e-06, 4.78313552321e-07, 8.35995706439e-07, 4.20569595008e-05, 3.61454840458e-05, 0.000161942982231, 5.87163158343e-05, 0.000258385000052, 0.000144439807627, 0.000241081332206, 0.000410801003454, 0.000300032319501, 0.000328130641719, 0.000337809353368, 0.000419757445343, 0.000315017619869, 0.000179503127583, 7.98897381173e-05, 4.08497398894e-05, 1.30244316097e-05, 3.63845674656e-06, 1.27355826862e-06, 4.6961940825e-07, 1.49822966478e-07, 8.15343028648e-08, 2.20056719513e-08],
        "min": [9.45230915761e-09, 5.94937255016e-08, 8.51683434888e-09, 2.34618191541e-09, 1.76321464096e-07, 5.86981627748e-08, 4.24878237482e-07, 1.06035912495e-07, 4.52813196716e-07, 4.85000668959e-07, 4.45833507001e-07, 1.76010178166e-06, 3.11217013405e-06, 5.492182936e-06, 7.11565644451e-06, 2.08323854167e-06, 1.08014091893e-06, 7.8518388591e-07, 5.94711423219e-07, 3.80401502298e-07, 2.13290078932e-07, 6.36844745827e-08, 1.71009872929e-08, 1.57960435843e-08, 2.98966718049e-09, 2.15608375598e-09, 4.35504243779e-10],
        "var": [6.55163119936e-12, 6.63038679516e-10, 1.09232883155e-11, 1.43617684412e-09, 4.72801673368e-07, 7.16887704755e-09, 1.87731120604e-06, 6.59396846459e-07, 7.65750246501e-06, 1.72512397967e-06, 6.00445582677e-06, 1.40806087074e-05, 5.82917573411e-06, 5.96053814661e-06, 4.04798993259e-06, 9.59961289482e-06, 5.08212497152e-06, 1.17989725368e-06, 1.21394759844e-06, 2.14406597365e-07, 4.39241212291e-08, 4.31908331322e-09, 5.07896280588e-10, 4.10906968173e-11, 9.91804034733e-12, 1.86107097615e-12, 1.23330165525e-13]
    },
    "erbbands": {
        "dmean": [0.000290928583127, 0.00204983865842, 0.00264272582717, 0.013638782315, 0.193800896406, 0.667167663574, 0.519062638283, 0.34198319912, 3.86986017227, 5.62835502625, 4.37065410614, 20.5951271057, 10.4745378494, 37.7224998474, 34.2228546143, 88.7582855225, 63.2721557617, 64.109703064, 73.0574951172, 90.6208190918, 103.412010193, 81.5959320068, 41.4291725159, 35.0214653015, 24.485332489, 14.2799577713, 6.46153402328, 3.34567689896, 1.42427635193, 0.732101678848, 0.362366646528, 0.159797593951, 0.0592241771519, 0.0271660406142, 0.0118181277066, 0.00497354287654, 0.00136261980515, 0.000300296931528, 4.3509156967e-05, 1.69334762177e-05],
        "dmean2": [0.000508093042299, 0.00373888551258, 0.0048015313223, 0.022236391902, 0.290180742741, 0.996451616287, 0.783842921257, 0.516928493977, 5.86160802841, 8.21849346161, 6.78539991379, 33.5403518677, 16.4188690186, 60.0664253235, 55.0913352966, 147.25668335, 105.995079041, 109.903266907, 125.195823669, 156.599853516, 181.292251587, 147.675750732, 72.8055648804, 63.2341270447, 43.5438499451, 26.0976791382, 11.9695482254, 6.10141277313, 2.65536737442, 1.36530482769, 0.683037757874, 0.304228276014, 0.112849727273, 0.0516182184219, 0.0222037993371, 0.00936133880168, 0.00257103377953, 0.000564068497624, 7.92955688667e-05, 2.87930670311e-05],
        "dvar": [1.1380026308e-06, 4.57465175714e-05, 2.98481627397e-05, 0.00140898418613, 0.340210855007, 2.37594914436, 1.02547645569, 0.273867577314, 73.6759490967, 184.938842773, 103.430114746, 2238.97607422, 248.650909424, 5282.40527344, 2424.16870117, 26417.828125, 10010.6132812, 7340.01904297, 11538.0576172, 16721.6816406, 19968.3476562, 21149.3671875, 3408.03125, 5321.56005859, 1861.99121094, 663.882263184, 136.088699341, 64.5454483032, 8.022356987, 1.92209839821, 0.361094892025, 0.0630272552371, 0.00930286478251, 0.0023401924409, 0.000481293332996, 0.000102137084468, 5.72799262955e-06, 2.4081359129e-07, 4.9815249703e-09, 2.97932928328e-10],
        "dvar2": [3.04061518364e-06, 0.000133232970256, 8.56918268255e-05, 0.00368429394439, 0.765238881111, 4.70092964172, 2.23068785667, 0.678301513195, 159.019805908, 375.975036621, 232.740356445, 4709.69287109, 581.66003418, 12349.0908203, 6119.18212891, 66200.59375, 26915.96875, 19706.2460938, 30482.7207031, 44053.78125, 53222.6484375, 61484.0625, 9032.81542969, 15282.1054688, 4983.58056641, 1880.86315918, 373.621734619, 176.383926392, 22.1707687378, 5.16308259964, 0.995549798012, 0.180884167552, 0.0269898120314, 0.00673968484625, 0.00134427461307, 0.000294154102448, 1.63238346431e-05, 6.55258702409e-07, 1.20685657024e-08, 7.46446904287e-10],
        "max": [0.0197130497545, 0.109783276916, 0.0708978250623, 0.543073177338, 11.6198558807, 25.0978717804, 12.1997385025, 6.78484869003, 131.983963013, 210.908309937, 147.16293335, 564.582275391, 163.728820801, 1050.29455566, 373.007415771, 1094.61096191, 736.903564453, 532.389892578, 760.678588867, 908.012207031, 818.918823242, 1283.3548584, 533.63885498, 637.729980469, 375.052734375, 192.426452637, 91.0415496826, 119.501502991, 27.3447532654, 12.2251033783, 4.04128980637, 1.48588359356, 0.604604840279, 0.331679105759, 0.172851100564, 0.0932451486588, 0.0202982146293, 0.00361885223538, 0.0008269516984, 8.94855329534e-05],
        "mean": [0.000264370872173, 0.00164051423781, 0.0025633785408, 0.0241277590394, 0.35396900773, 1.59178102016, 1.05447661877, 0.702577769756, 7.35963249207, 9.70081233978, 6.62251281738, 37.6960334778, 15.035284996, 48.4091377258, 39.9310874939, 92.6090774536, 67.4267120361, 58.163520813, 64.8886795044, 80.3935699463, 91.3857269287, 66.1786117554, 37.4478721619, 27.6912822723, 19.4567394257, 10.6182441711, 4.96026182175, 2.51528716087, 1.06198120117, 0.542622864246, 0.261463105679, 0.110218025744, 0.0401795990765, 0.0181056354195, 0.00805798638612, 0.00335946027189, 0.000944589264691, 0.000213448234717, 3.46306733263e-05, 2.0436826162e-05],
        "median": [0.000111714391096, 0.000643167353701, 0.00116378779057, 0.00365887233056, 0.0264314953238, 0.132043406367, 0.316206067801, 0.473973721266, 1.49225747585, 2.58688020706, 3.0348534584, 6.12772130966, 6.75737428665, 9.44896030426, 16.5883674622, 22.6875648499, 19.3385944366, 21.5355587006, 22.8947849274, 25.4515953064, 24.7254943848, 19.037071228, 11.7975072861, 6.43827533722, 3.28791189194, 1.98418581486, 0.786876738071, 0.353608578444, 0.156100139022, 0.0687805637717, 0.0351668447256, 0.0148122143, 0.00501465750858, 0.00201229355298, 0.000912208750378, 0.0003964897478, 0.000147667771671, 3.82965772587e-05, 9.66609241004e-06, 1.22245501188e-05],
        "min": [3.88921989725e-06, 4.28697057941e-06, 2.87438761006e-05, 4.28091625508e-05, 0.000250271521509, 0.00053617026424, 0.0012389725307, 0.00135825830512, 0.00435881689191, 0.00831580813974, 0.00316894077696, 0.0104593914002, 0.0312167908996, 0.105466678739, 0.22043594718, 0.130330190063, 0.19121196866, 0.234141021967, 0.427110701799, 0.300945222378, 0.0865797922015, 0.054855402559, 0.0404888428748, 0.0350088365376, 0.0283623170108, 0.0164921972901, 0.0106644425541, 0.00569450948387, 0.00179337535519, 0.0013027273817, 0.000574250298087, 0.000513823470101, 0.000113505557238, 4.68588841613e-05, 1.42961316669e-05, 5.23604285263e-06, 5.97926327828e-06, 6.48608761367e-07, 1.01187282553e-07, 7.07699001623e-08],
        "var": [8.16575607132e-07, 2.63448710029e-05, 2.23578535952e-05, 0.00354366167448, 0.739856123924, 12.2734594345, 2.97473359108, 0.608663022518, 208.47428894, 411.095855713, 140.727554321, 6743.49267578, 455.394042969, 10585.4892578, 3194.20019531, 30354.8730469, 11808.5380859, 6973.78173828, 10492.4052734, 16179.7724609, 19478.3828125, 15528.9023438, 3315.06689453, 4009.86645508, 1732.26147461, 495.192199707, 110.779281616, 47.5415000916, 6.04658317566, 1.59565603733, 0.280776023865, 0.043793078512, 0.00636608479545, 0.0016043393407, 0.000354649644578, 7.06262944732e-05, 4.11888640883e-06, 1.81163244406e-07, 4.04826572264e-09, 3.95409149867e-10]
    },
    "gfcc": {
        "mean": [-100.270500183, 80.8276290894, -222.673324585, -10.8617706299, -49.4662055969, -13.0260181427, -30.8946990967, -2.60978293419, -14.7869472504, -1.89277946949, -7.07185316086, 2.29851293564, -2.90145206451],
        "cov": [[3723.56884766, -1023.79760742, -512.740661621, 269.886962891, 117.721984863, 275.104736328, 47.2380256653, 99.6374893188, 39.649684906, 23.8667850494, -34.8804740906, -127.15071106, -65.1331253052], [-1023.79760742, 1869.91870117, 369.723999023, -721.590942383, -56.8730163574, -309.372131348, -120.473754883, -436.345947266, -189.159729004, -334.345947266, -39.9737968445, -141.955612183, 52.0021247864], [-512.740661621, 369.723999023, 468.203887939, 51.1610794067, -108.340637207, -73.8334197998, -112.769462585, -97.3574066162, -128.270950317, -66.1867294312, -87.0795135498, -21.4364414215, -61.4662628174], [269.886962891, -721.590942383, 51.1610794067, 605.453796387, 57.8599853516, 82.7608413696, -5.37993431091, 166.459365845, 26.9253864288, 107.209159851, -45.2779655457, 46.3993034363, -71.8127746582], [117.721984863, -56.8730163574, -108.340637207, 57.8599853516, 187.828933716, 62.8133621216, 39.5529975891, 26.3527965546, 22.5750770569, -11.4582090378, 2.83018922806, 2.87356996536, 18.8248901367], [275.104736328, -309.372131348, -73.8334197998, 82.7608413696, 62.8133621216, 180.418991089, 73.8552780151, 80.0422668457, 23.2691173553, 45.0788421631, -0.331139594316, 16.1490135193, 5.64998579025], [47.2380256653, -120.473754883, -112.769462585, -5.37993431091, 39.5529975891, 73.8552780151, 135.299682617, 81.6976928711, 53.7162780762, 34.960231781, 9.70191764832, -0.191288724542, 14.288769722], [99.6374893188, -436.345947266, -97.3574066162, 166.459365845, 26.3527965546, 80.0422668457, 81.6976928711, 197.086227417, 110.48600769, 113.408706665, 29.724105835, 39.3380661011, -13.2440013885], [39.649684906, -189.159729004, -128.270950317, 26.9253864288, 22.5750770569, 23.2691173553, 53.7162780762, 110.48600769, 142.796279907, 106.979782104, 56.9480552673, 26.1004199982, 7.60577535629], [23.8667850494, -334.345947266, -66.1867294312, 107.209159851, -11.4582090378, 45.0788421631, 34.960231781, 113.408706665, 106.979782104, 175.35383606, 84.2517700195, 70.5669326782, -1.57709240913], [-34.8804740906, -39.9737968445, -87.0795135498, -45.2779655457, 2.83018922806, -0.331139594316, 9.70191764832, 29.724105835, 56.9480552673, 84.2517700195, 138.638717651, 79.155166626, 30.9964294434], [-127.15071106, -141.955612183, -21.4364414215, 46.3993034363, 2.87356996536, 16.1490135193, -0.191288724542, 39.3380661011, 26.1004199982, 70.5669326782, 79.155166626, 118.25528717, 40.4566650391], [-65.1331253052, 52.0021247864, -61.4662628174, -71.8127746582, 18.8248901367, 5.64998579025, 14.288769722, -13.2440013885, 7.60577535629, -1.57709240913, 30.9964294434, 40.4566650391, 72.7619400024]],
        "icov": [[0.000466913566925, 0.000262463407125, 0.000483324954985, -0.000128006431623, 0.000150013671373, -0.000598489947151, 0.000397746363888, 0.000463272910565, -1.75272289198e-05, 0.000347486988176, -0.000442030664999, 0.000894437427633, 0.00022656157671], [0.000262463407125, 0.00643554702401, -0.00675030937418, 0.00372638762929, -0.00351530592889, 0.00478132069111, -0.00443241093308, 0.00712857022882, -0.00568283861503, 0.00662842998281, -0.00592238362879, 0.00467199739069, -0.0030199913308], [0.000483324954985, -0.00675030937418, 0.0126301702112, -0.00419159047306, 0.00535503588617, -0.00576211651787, 0.0069839451462, -0.00681791920215, 0.0090130828321, -0.00788252800703, 0.00864514708519, -0.0061294650659, 0.00685132900253], [-0.000128006431623, 0.00372638762929, -0.00419159047306, 0.00644329329953, -0.00424901023507, 0.00351355760358, -0.000854537414853, 0.000224274961511, -0.000399860437028, 0.000697873882018, 0.000282591907308, -0.000331637449563, 0.00119660748169], [0.000150013671373, -0.00351530592889, 0.00535503588617, -0.00424901023507, 0.0103838751093, -0.00583323882893, 0.00190720078535, -0.0016515259631, -0.000264315982349, 0.00105302606244, 0.00154602271505, -0.00215370114893, 0.000657411583234], [-0.000598489947151, 0.00478132069111, -0.00576211651787, 0.00351355760358, -0.00583323882893, 0.0145946089178, -0.00751545280218, 0.00188422482461, 0.000703416240867, 0.000686563085765, -0.00219321809709, 0.00230511464179, -0.00356406648643], [0.000397746363888, -0.00443241093308, 0.0069839451462, -0.000854537414853, 0.00190720078535, -0.00751545280218, 0.0183845963329, -0.0112504977733, 0.00499053951353, -0.00512008508667, 0.00502261053771, -3.67113170796e-05, 0.000260390224867], [0.000463272910565, 0.00712857022882, -0.00681791920215, 0.000224274961511, -0.0016515259631, 0.00188422482461, -0.0112504977733, 0.0273871105164, -0.0178769286722, 0.00787116680294, -0.00518585229293, 0.000729172199499, 0.00110011559445], [-1.75272289198e-05, -0.00568283861503, 0.0090130828321, -0.000399860437028, -0.000264315982349, 0.000703416240867, 0.00499053951353, -0.0178769286722, 0.0316639728844, -0.0193208418787, 0.00494086090475, 0.00201842002571, 8.91510499059e-05], [0.000347486988176, 0.00662842998281, -0.00788252800703, 0.000697873882018, 0.00105302606244, 0.000686563085765, -0.00512008508667, 0.00787116680294, -0.0193208418787, 0.029237234965, -0.0139276040718, -0.00010084319365, 0.000358649558621], [-0.000442030664999, -0.00592238362879, 0.00864514708519, 0.000282591907308, 0.00154602271505, -0.00219321809709, 0.00502261053771, -0.00518585229293, 0.00494086090475, -0.0139276040718, 0.0261012036353, -0.0166309159249, 0.00656863907352], [0.000894437427633, 0.00467199739069, -0.0061294650659, -0.000331637449563, -0.00215370114893, 0.00230511464179, -3.67113170796e-05, 0.000729172199499, 0.00201842002571, -0.00010084319365, -0.0166309159249, 0.030268356204, -0.0174835193902], [0.00022656157671, -0.0030199913308, 0.00685132900253, 0.00119660748169, 0.000657411583234, -0.00356406648643, 0.000260390224867, 0.00110011559445, 8.91510499059e-05, 0.000358649558621, 0.00656863907352, -0.0174835193902, 0.030250409618]]
    },
    "melbands": {
        "dmean": [2.6237446491e-06, 1.82065048193e-06, 5.2240052355e-06, 3.24421562254e-05, 2.08668861887e-05, 8.49140997161e-06, 6.26161636319e-05, 6.15001044935e-05, 3.6917415855e-05, 0.00013715896057, 4.63384239993e-05, 0.000146234888234, 0.000136060654768, 0.00022186600836, 0.000130826811073, 0.000159524730407, 0.000123665609863, 0.000137402748805, 0.000115533999633, 0.00014853994071, 0.000119641030324, 8.50782598718e-05, 5.9326455812e-05, 3.04304194287e-05, 2.88323317363e-05, 2.41878024099e-05, 1.20387194329e-05, 8.29218970466e-06, 4.75947399536e-06, 2.62651838057e-06, 1.63706772582e-06, 8.25374229407e-07, 5.45746274838e-07, 3.68804649042e-07, 2.19028692072e-07, 1.44888588238e-07, 7.82089983886e-08, 4.32158202557e-08, 2.87503301166e-08, 2.07183710188e-08],
        "dmean2": [4.64468394057e-06, 3.31773981088e-06, 8.26849736768e-06, 4.94941268698e-05, 3.10506766255e-05, 1.32299865072e-05, 9.36984288273e-05, 9.14348202059e-05, 5.71966156713e-05, 0.000222862217925, 7.28197192075e-05, 0.000233552083955, 0.000219164227019, 0.00037145827082, 0.000214676998439, 0.000270745833404, 0.000214802421397, 0.000238991429796, 0.000201567978365, 0.000257456063991, 0.000210525191505, 0.000153945176862, 0.000105187944428, 5.38042950211e-05, 5.30220895598e-05, 4.25115213147e-05, 2.22859162022e-05, 1.52518259711e-05, 8.76633384905e-06, 4.85255486637e-06, 2.993281214e-06, 1.55487725806e-06, 1.00631575606e-06, 6.84648512106e-07, 4.09203039453e-07, 2.74508039411e-07, 1.49306060848e-07, 8.24888317652e-08, 5.48716982962e-08, 3.92666699156e-08],
        "dvar": [8.85638645753e-11, 2.49518131851e-11, 2.2325356841e-10, 6.67347554995e-09, 1.75090075771e-09, 2.06954287041e-10, 1.82437176477e-08, 2.69505644468e-08, 4.91732388141e-09, 9.87630102145e-08, 5.40685007877e-09, 8.16141607629e-08, 5.93402091909e-08, 1.80529923455e-07, 3.87007403901e-08, 7.57612497182e-08, 3.68364041492e-08, 5.62059412346e-08, 4.82323621043e-08, 7.04157798737e-08, 3.27855538274e-08, 2.11780104564e-08, 9.6360173174e-09, 3.97088406601e-09, 4.71798244916e-09, 2.38064346014e-09, 6.84314271915e-10, 2.83035900273e-10, 9.15977016458e-11, 4.47225798061e-11, 1.35248834701e-11, 3.02238854603e-12, 1.07886670517e-12, 6.09580257365e-13, 1.44482963462e-13, 5.41819634135e-14, 1.56684408693e-14, 5.18300434513e-15, 2.64583150108e-15, 1.54042248233e-15],
        "dvar2": [2.43757625196e-10, 7.28626048385e-11, 5.3848936421e-10, 1.40040938845e-08, 3.58239882203e-09, 5.29962129736e-10, 3.71042787606e-08, 5.59240156406e-08, 1.08844115942e-08, 2.06939461123e-07, 1.28569608293e-08, 1.90585438986e-07, 1.53004847903e-07, 4.66380299713e-07, 9.0026581745e-08, 2.06001928404e-07, 9.93630067114e-08, 1.4991312014e-07, 1.25947664742e-07, 1.90368496078e-07, 8.8004910026e-08, 6.06658119295e-08, 2.8128944507e-08, 1.08817133082e-08, 1.3817385458e-08, 6.20592022216e-09, 1.98433447451e-09, 8.0291284732e-10, 2.59386512269e-10, 1.27043042752e-10, 3.627860512e-11, 8.56682867006e-12, 2.9462838419e-12, 1.69193164253e-12, 3.98272208399e-13, 1.55338388637e-13, 4.5279006781e-14, 1.50384838317e-14, 7.72026146896e-15, 4.42379685604e-15],
        "max": [0.000168897691765, 7.62890704209e-05, 0.000227245051065, 0.00123367190827, 0.000633318908513, 0.000190033199033, 0.00201255222782, 0.00263707991689, 0.0009391240892, 0.00374889536761, 0.000724091660231, 0.00411559548229, 0.00194206356537, 0.00330421212129, 0.00204814039171, 0.00205636094324, 0.00136701541487, 0.00164934445638, 0.00179398187902, 0.00202621729113, 0.00130086159334, 0.00131437077653, 0.000685783219524, 0.000794087653048, 0.000623186933808, 0.000489387952257, 0.00029004944372, 0.000165209261468, 9.15816854103e-05, 0.000100591845694, 4.39092546003e-05, 1.86476918316e-05, 7.54298389438e-06, 8.59576175571e-06, 2.82076962321e-06, 1.52535744746e-06, 7.2992065725e-07, 4.75766540831e-07, 4.48730531843e-07, 3.51005070343e-07],
        "mean": [2.3487366434e-06, 1.53577661877e-06, 8.09730317997e-06, 7.29224047973e-05, 4.68390135211e-05, 1.53842265718e-05, 0.000123140591313, 9.86111626844e-05, 5.21142210346e-05, 0.00024774618214, 6.01565370744e-05, 0.000184200078365, 0.000151527769049, 0.000220904548769, 0.000148220336996, 0.000160591385793, 0.000104138576717, 0.00011416401685, 9.42663173191e-05, 0.000134304296807, 0.00010092897719, 6.81177334627e-05, 4.97329092468e-05, 2.57254014286e-05, 2.15971085709e-05, 1.9466606318e-05, 8.71970769367e-06, 6.09476182944e-06, 3.52544498128e-06, 1.91835283658e-06, 1.24537632473e-06, 5.8260093283e-07, 4.08209501757e-07, 2.64031513098e-07, 1.57797828138e-07, 9.92733788507e-08, 5.33254649326e-08, 2.90782331547e-08, 1.91921856185e-08, 1.3676621613e-08],
        "median": [1.07894163648e-06, 6.2767531972e-07, 8.00703617188e-07, 4.74309626952e-06, 1.15620641736e-05, 9.18349724088e-06, 2.552553633e-05, 2.40901736106e-05, 2.27923355851e-05, 3.57239514415e-05, 2.22669332288e-05, 3.17460289807e-05, 3.35789918608e-05, 5.27258671355e-05, 5.04465533595e-05, 2.78935367533e-05, 2.75128495559e-05, 2.89752406388e-05, 2.27388718486e-05, 3.04206550936e-05, 2.19914654735e-05, 1.76203429874e-05, 1.49040351971e-05, 7.27193128114e-06, 4.66337542093e-06, 2.99188923236e-06, 1.70140594946e-06, 1.07271512206e-06, 5.32459750957e-07, 2.7613293696e-07, 1.79790859534e-07, 8.18860499407e-08, 5.63570701217e-08, 3.05498168984e-08, 2.02719974141e-08, 1.28577397618e-08, 7.3153274549e-09, 3.70624930746e-09, 2.09503414617e-09, 1.430177754e-09],
        "min": [5.37879820683e-08, 1.3673072452e-08, 1.10549560617e-08, 2.03807246635e-08, 2.77837415297e-08, 3.18922488418e-08, 7.27700921743e-08, 3.91409429312e-08, 1.9138012064e-08, 7.27508435716e-08, 1.12528518059e-07, 1.91455512777e-07, 1.02121923362e-07, 1.29112621039e-07, 4.0302327875e-07, 2.68023995886e-07, 4.8241577133e-07, 6.26188068509e-07, 5.42186228358e-07, 2.42015204321e-07, 7.84727234304e-08, 6.73076385738e-08, 3.50378428493e-08, 3.5720294278e-08, 2.75528702076e-08, 2.28422489812e-08, 1.8469114238e-08, 8.00451438465e-09, 7.9457116442e-09, 3.8487142362e-09, 3.10058134723e-09, 1.03756314651e-09, 8.55393034183e-10, 5.90362370101e-10, 2.83066320383e-10, 3.2313390852e-10, 2.97956964657e-10, 6.84266254769e-11, 5.17216651452e-11, 3.36484312635e-11],
        "var": [5.9547644593e-11, 1.49872423499e-11, 4.56949422745e-10, 2.67108060115e-08, 6.86383128112e-09, 3.99788369077e-10, 6.21579445692e-08, 4.72846153343e-08, 7.39595584776e-09, 2.96425127999e-07, 8.21669932094e-09, 1.59714616643e-07, 7.2752463609e-08, 1.75089212462e-07, 6.97153055285e-08, 8.69386838076e-08, 3.16810826462e-08, 4.70274521547e-08, 3.87896754717e-08, 7.23333428709e-08, 2.94050686023e-08, 1.57700590364e-08, 7.71620456419e-09, 2.94370439136e-09, 3.29288729617e-09, 2.27459029389e-09, 4.57040960633e-10, 2.01474975592e-10, 6.65974914105e-11, 3.08629372059e-11, 1.03708049093e-11, 2.04082887742e-12, 8.75636314759e-13, 4.72890281621e-13, 1.10493326999e-13, 3.77101100997e-14, 1.06322091227e-14, 3.47070161951e-15, 1.76785146394e-15, 1.03522651572e-15]
    },
    "mfcc": {
        "mean": [-718.978271484, 118.695587158, -105.676002502, -2.0411324501, -17.7441139221, -9.59460449219, -13.3243045807, -3.56264138222, -7.10439443588, -3.25834989548, -5.79656267166, 2.82216477394, 1.4482833147],
        "cov": [[4109.85546875, -1175.44348145, -516.91809082, 33.3697853088, 23.7997970581, 196.890487671, 81.4094085693, 140.660980225, 73.7284927368, 179.185241699, 73.5634307861, 97.3381195068, -6.88090085983], [-1175.44348145, 2007.00268555, 192.511978149, -479.610870361, -77.1439971924, -167.591842651, -41.5987663269, -213.826583862, -184.64491272, -277.427947998, -227.280273438, -134.662109375, -155.589233398], [-516.91809082, 192.511978149, 453.252655029, 74.6119003296, -23.1910686493, -26.9914035797, -30.1453304291, -63.6512069702, -58.0144882202, -73.8123168945, -31.0271663666, -68.2526321411, -66.5508728027], [33.3697853088, -479.610870361, 74.6119003296, 388.83984375, 88.0562438965, 28.6675815582, -25.2710552216, 58.6168518066, 28.9406871796, 45.8000183105, 51.2358779907, 10.9341888428, 12.5353412628], [23.7997970581, -77.1439971924, -23.1910686493, 88.0562438965, 142.303573608, 40.2271308899, 6.64791059494, 25.362487793, -2.68730211258, 6.65251016617, -10.1125669479, 0.952490448952, 1.34290194511], [196.890487671, -167.591842651, -26.9914035797, 28.6675815582, 40.2271308899, 112.331001282, 47.9549255371, 27.4485969543, 36.141002655, 16.8967628479, 7.11883115768, 7.41093683243, 2.52199435234], [81.4094085693, -41.5987663269, -30.1453304291, -25.2710552216, 6.64791059494, 47.9549255371, 91.0942993164, 40.0628585815, 28.1987228394, 12.474852562, -0.764842689037, -6.93172645569, -6.23742675781], [140.660980225, -213.826583862, -63.6512069702, 58.6168518066, 25.362487793, 27.4485969543, 40.0628585815, 105.032493591, 59.1521644592, 46.0596046448, 28.1767654419, 3.74123501778, 2.95387506485], [73.7284927368, -184.64491272, -58.0144882202, 28.9406871796, -2.68730211258, 36.141002655, 28.1987228394, 59.1521644592, 114.612739563, 67.6736602783, 43.2296485901, 9.38787651062, -7.07029533386], [179.185241699, -277.427947998, -73.8123168945, 45.8000183105, 6.65251016617, 16.8967628479, 12.474852562, 46.0596046448, 67.6736602783, 129.257461548, 77.1122283936, 30.6494731903, 12.7408857346], [73.5634307861, -227.280273438, -31.0271663666, 51.2358779907, -10.1125669479, 7.11883115768, -0.764842689037, 28.1767654419, 43.2296485901, 77.1122283936, 125.174560547, 51.6236915588, 24.4399261475], [97.3381195068, -134.662109375, -68.2526321411, 10.9341888428, 0.952490448952, 7.41093683243, -6.93172645569, 3.74123501778, 9.38787651062, 30.6494731903, 51.6236915588, 106.153625488, 89.114692688], [-6.88090085983, -155.589233398, -66.5508728027, 12.5353412628, 1.34290194511, 2.52199435234, -6.23742675781, 2.95387506485, -7.07029533386, 12.7408857346, 24.4399261475, 89.114692688, 145.162826538]],
