{
"lowlevel": {
    "average_loudness": 0.985279262066,
    "barkbands_crest": {
        "dmean": 2.18908596039,
        "dmean2": 3.41875481606,
        "dvar": 3.28145098686,
        "dvar2": 7.02222919464,
        "max": 21.6120834351,
        "mean": 12.7324771881,
        "median": 12.4332103729,
        "min": 6.75600147247,
        "var": 7.96867227554
    },
    "barkbands_flatness_db": {
        "dmean": 0.0154347242787,
        "dmean2": 0.0226915571839,
        "dvar": 0.000164225217304,
        "dvar2": 0.000265617156401,
        "max": 0.343658745289,
        "mean": 0.278673261404,
        "median": 0.291338324547,
        "min": 0.0817367136478,
        "var": 0.00194510270376
    },
    "barkbands_kurtosis": {
        "dmean": 0.41442283988,
        "dmean2": 0.653827428818,
        "dvar": 0.397401332855,
        "dvar2": 0.813771784306,
        "max": 4.86688327789,
        "mean": -0.329154551029,
        "median": -0.599888801575,
        "min": -1.11435294151,
        "var": 0.641294896603
    },
    "barkbands_skewness": {
        "dmean": 0.348122686148,
        "dmean2": 0.554447472095,
        "dvar": 0.0891925469041,
        "dvar2": 0.209713280201,
        "max": 1.92809021473,
        "mean": 0.0111290011555,
        "median": -0.00677527952939,
        "min": -1.23899912834,
        "var": 0.282586693764
    },
    "barkbands_spread": {
        "dmean": 1.74170529842,
        "dmean2": 2.60233187675,
        "dvar": 2.73660802841,
        "dvar2": 5.95129346848,
        "max": 25.9589347839,
        "mean": 16.7527332306,
        "median": 16.4388046265,
        "min": 7.5282831192,
        "var": 7.85455942154
    },
    "dissonance": {
        "dmean": 0.03432366997,
        "dmean2": 0.058347273618,
        "dvar": 0.00127494160552,
        "dvar2": 0.00311265024357,
        "max": 0.499801576138,
        "mean": 0.440180897713,
        "median": 0.447797209024,
        "min": 0.190862774849,
        "var": 0.0016096852487
    },
    "dynamic_complexity": 0.414432406425,
    "erbbands_crest": {
        "dmean": 2.35931038857,
        "dmean2": 3.82717752457,
        "dvar": 3.46769785881,
        "dvar2": 10.2497014999,
        "max": 21.0717144012,
        "mean": 13.0830068588,
        "median": 13.1343126297,
        "min": 5.49431562424,
        "var": 9.13203144073
    },
    "erbbands_flatness_db": {
        "dmean": 0.0113577544689,
        "dmean2": 0.015362424776,
        "dvar": 0.000128978994326,
        "dvar2": 0.000171059233253,
        "max": 0.385854929686,
        "mean": 0.344880491495,
        "median": 0.356043040752,
        "min": 0.146572425961,
        "var": 0.0013259841362
    },
    "erbbands_kurtosis": {
        "dmean": 0.569428563118,
        "dmean2": 0.955629467964,
        "dvar": 0.339997828007,
        "dvar2": 0.835943520069,
        "max": 2.27045488358,
        "mean": -0.531541407108,
        "median": -0.814013719559,
        "min": -1.49307024479,
        "var": 0.693560957909
    },
    "erbbands_skewness": {
        "dmean": 0.215373814106,
        "dmean2": 0.369810193777,
        "dvar": 0.0395320318639,
        "dvar2": 0.09119386971,
        "max": 1.10295188427,
        "mean": -0.380128949881,
        "median": -0.403103023767,
        "min": -1.00000572205,
        "var": 0.0979396477342
    },
    "erbbands_spread": {
        "dmean": 3.04788470268,
        "dmean2": 4.94093036652,
        "dvar": 7.29125738144,
        "dvar2": 18.5708179474,
        "max": 41.1906967163,
        "mean": 19.4908313751,
        "median": 19.5259132385,
        "min": 8.57051277161,
        "var": 26.989610672
    },
    "hfc": {
        "dmean": 6.52539682388,
        "dmean2": 9.39869594574,
        "dvar": 28.7328510284,
        "dvar2": 64.1018753052,
        "max": 70.1368789673,
        "mean": 40.3736915588,
        "median": 40.418006897,
        "min": 0.51510232687,
        "var": 132.057723999
    },
    "melbands_crest": {
        "dmean": 3.04289865494,
        "dmean2": 4.75199604034,
        "dvar": 6.85099363327,
        "dvar2": 14.46210289,
        "max": 26.3560581207,
        "mean": 17.1688308716,
        "median": 16.2109012604,
        "min": 8.81774806976,
        "var": 15.6063156128
    },
    "melbands_flatness_db": {
        "dmean": 0.0171180479228,
        "dmean2": 0.0255850665271,
        "dvar": 0.00017755231238,
        "dvar2": 0.000300499610603,
        "max": 0.377661317587,
        "mean": 0.309193074703,
        "median": 0.316170483828,
        "min": 0.124452471733,
        "var": 0.00167292903643
    },
    "melbands_kurtosis": {
        "dmean": 0.875810563564,
        "dmean2": 1.44996964931,
        "dvar": 1.42769312859,
        "dvar2": 2.2959382534,
        "max": 12.6449584961,
        "mean": 0.234270736575,
        "median": -0.381841659546,
        "min": -1.18851220608,
        "var": 3.93450450897
    },
    "melbands_skewness": {
        "dmean": 0.420142024755,
        "dmean2": 0.672331631184,
        "dvar": 0.132301300764,
        "dvar2": 0.295893520117,
        "max": 3.29610514641,
        "mean": 0.890093564987,
        "median": 0.845575630665,
        "min": -0.593460381031,
        "var": 0.444023370743
    },
    "melbands_spread": {
        "dmean": 3.12875008583,
        "dmean2": 4.98087120056,
        "dvar": 6.69667196274,
        "dvar2": 13.8839197159,
        "max": 33.8201293945,
        "mean": 23.5198459625,
        "median": 23.7606639862,
        "min": 7.6255273819,
        "var": 18.9147338867
    },
    "pitch_salience": {
        "dmean": 0.0465843342245,
        "dmean2": 0.074859328568,
        "dvar": 0.00223777163774,
        "dvar2": 0.00356797594577,
        "max": 0.789151847363,
        "mean": 0.59678286314,
        "median": 0.599139750004,
        "min": 0.37269705534,
        "var": 0.00523117370903
    },
    "silence_rate_20dB": {
        "dmean": 0,
        "dmean2": 0,
        "dvar": 0,
        "dvar2": 0,
        "max": 1,
        "mean": 1,
        "median": 1,
        "min": 1,
        "var": 0
    },
    "silence_rate_30dB": {
        "dmean": 0,
        "dmean2": 0,
        "dvar": 0,
        "dvar2": 0,
        "max": 1,
        "mean": 1,
        "median": 1,
        "min": 1,
        "var": 0
    },
    "silence_rate_60dB": {
        "dmean": 0,
        "dmean2": 0,
        "dvar": 0,
        "dvar2": 0,
        "max": 0,
        "mean": 0,
        "median": 0,
        "min": 0,
        "var": 0
    },
    "spectral_centroid": {
        "dmean": 160.305450439,
        "dmean2": 236.613204956,
        "dvar": 15589.1152344,
        "dvar2": 34865.6015625,
        "max": 2102.46557617,
        "mean": 1372.01184082,
        "median": 1375.10058594,
        "min": 780.350280762,
        "var": 64591.8359375
    },
    "spectral_complexity": {
        "dmean": 1.74000000954,
        "dmean2": 2.71812081337,
        "dvar": 4.20573282242,
        "dvar2": 6.79302740097,
        "max": 25,
        "mean": 11.1390724182,
        "median": 11,
        "min": 1,
        "var": 13.6958913803
    },
    "spectral_decrease": {
        "dmean": 1.56722079758e-09,
        "dmean2": 2.35398078807e-09,
        "dvar": 1.93427376772e-18,
        "dvar2": 3.40865393322e-18,
        "max": -2.4103541385e-10,
        "mean": -9.09846775698e-09,
        "median": -9.16505005222e-09,
        "min": -1.71781877611e-08,
        "var": 4.86072669196e-18
    },
    "spectral_energy": {
        "dmean": 0.00638410355896,
        "dmean2": 0.00949918478727,
        "dvar": 3.11443473038e-05,
        "dvar2": 5.60596672585e-05,
        "max": 0.0706191509962,
        "mean": 0.03800162673,
        "median": 0.0384158529341,
        "min": 0.000956444011535,
        "var": 8.28509073472e-05
    },
    "spectral_energyband_high": {
        "dmean": 2.36766609305e-05,
        "dmean2": 3.18960992445e-05,
        "dvar": 7.30412397232e-10,
        "dvar2": 9.7830443746e-10,
        "max": 0.000441937241703,
        "mean": 9.20967868296e-05,
        "median": 7.51101615606e-05,
        "min": 4.17229603045e-06,
        "var": 4.00606836592e-09
    },
    "spectral_energyband_low": {
        "dmean": 5.04977469973e-05,
        "dmean2": 7.0972055255e-05,
        "dvar": 8.15577205771e-09,
        "dvar2": 1.07489297463e-08,
        "max": 0.00116926990449,
        "mean": 0.00036557400017,
        "median": 0.000332514930051,
        "min": 0.000109646134661,
        "var": 2.41427127179e-08
    },
    "spectral_energyband_middle_high": {
        "dmean": 0.00386081216857,
        "dmean2": 0.00589702604339,
        "dvar": 1.18593616207e-05,
        "dvar2": 2.70351320069e-05,
        "max": 0.0411877334118,
        "mean": 0.018999343738,
        "median": 0.0184381026775,
        "min": 0.000170195344253,
        "var": 4.75688393635e-05
    },
    "spectral_energyband_middle_low": {
        "dmean": 0.00557762430981,
        "dmean2": 0.00877495668828,
        "dvar": 2.47661373578e-05,
        "dvar2": 5.23998533026e-05,
        "max": 0.0456698536873,
        "mean": 0.017383530736,
        "median": 0.0170907080173,
        "min": 0.000555339385755,
        "var": 5.59957807127e-05
    },
    "spectral_entropy": {
        "dmean": 0.191487580538,
        "dmean2": 0.276308268309,
        "dvar": 0.0223627258092,
        "dvar2": 0.0496183000505,
        "max": 8.03957748413,
        "mean": 6.31775283813,
        "median": 6.32190561295,
        "min": 5.47329568863,
        "var": 0.223163098097
    },
    "spectral_flux": {
        "dmean": 0.0384245254099,
        "dmean2": 0.0610864758492,
        "dvar": 0.00120481289923,
        "dvar2": 0.00296704960056,
        "max": 0.211613088846,
        "mean": 0.0934606418014,
        "median": 0.0832266882062,
        "min": 0.0205708388239,
        "var": 0.00214664661326
    },
    "spectral_kurtosis": {
        "dmean": 4.90226173401,
        "dmean2": 8.37389278412,
        "dvar": 16.8672637939,
        "dvar2": 48.6352424622,
        "max": 28.5446548462,
        "mean": 13.1051025391,
        "median": 12.3952560425,
        "min": 3.16876649857,
        "var": 26.6160011292
    },
    "spectral_rms": {
        "dmean": 0.000533456273843,
        "dmean2": 0.000776991306338,
        "dvar": 3.14129863455e-07,
        "dvar2": 4.74811798767e-07,
        "max": 0.008300405927,
        "mean": 0.00602880027145,
        "median": 0.00612199958414,
        "min": 0.000965979357716,
        "var": 7.28305167286e-07
    },
    "spectral_rolloff": {
        "dmean": 195.521484375,
        "dmean2": 349.155700684,
        "dvar": 66284.6015625,
        "dvar2": 144024,
        "max": 2411.71875,
        "mean": 1699.55480957,
        "median": 1507.32421875,
        "min": 904.39453125,
        "var": 130708.898438
    },
    "spectral_skewness": {
        "dmean": 0.420224606991,
        "dmean2": 0.713854730129,
        "dvar": 0.137578114867,
        "dvar2": 0.39273494482,
        "max": 3.83868765831,
        "mean": 2.06236863136,
        "median": 1.97945737839,
        "min": 0.979680776596,
        "var": 0.244606122375
    },
    "spectral_spread": {
        "dmean": 220713.859375,
        "dmean2": 290668.4375,
        "dvar": 710586859520,
        "dvar2": 413810655232,
        "max": 15158257,
        "mean": 2169336.25,
        "median": 2035585.625,
        "min": 1728953.75,
        "var": 1.21184688538e+12
    },
    "spectral_strongpeak": {
        "dmean": 1.35476815701,
        "dmean2": 2.25687241554,
        "dvar": 2.54140758514,
        "dvar2": 6.59734678268,
        "max": 11.5933952332,
        "mean": 3.59595584869,
        "median": 2.61018824577,
        "min": 0.0352479964495,
        "var": 5.99841451645
    },
    "zerocrossingrate": {
        "dmean": 0.00582356750965,
        "dmean2": 0.0074126990512,
        "dvar": 2.47290827247e-05,
        "dvar2": 4.01888974011e-05,
        "max": 0.0703125,
        "mean": 0.0473988503218,
        "median": 0.04541015625,
        "min": 0.0068359375,
        "var": 0.000142824079376
    },
    "barkbands": {
        "dmean": [0.000171679974301, 5.00017040395e-06, 6.8904643058e-07, 1.32816956011e-06, 0.000109504275315, 0.000410656706663, 0.00514518283308, 0.000721219403204, 4.08296864407e-06, 0.000101587087556, 0.000200102324015, 0.000120716118545, 0.00338391307741, 0.00165980751626, 0.000433768174844, 0.000640014535747, 0.00104065681808, 0.000164479104569, 0.000146979393321, 3.29315662384e-05, 1.34805031848e-05, 4.75405659017e-06, 1.21035986922e-06, 3.35930337769e-07, 1.23794407614e-07, 9.76434506583e-08, 1.56100838922e-07],
        "dmean2": [0.000217341541429, 8.66391474119e-06, 1.13140583835e-06, 2.15325258068e-06, 0.000120945835079, 0.000597526552156, 0.00797451008111, 0.00106895493809, 6.29501528238e-06, 0.000145119382069, 0.000318622041959, 0.000217407810851, 0.00524302385747, 0.00233683525585, 0.000679052434862, 0.00101449829526, 0.00175383104943, 0.000251715944614, 0.000219937282964, 4.67044010293e-05, 2.14102692553e-05, 7.25847166905e-06, 1.87249668215e-06, 4.96842574194e-07, 1.93102309254e-07, 1.45922001593e-07, 2.34009206679e-07],
        "dvar": [1.19390890063e-07, 4.02921411513e-11, 4.15308802973e-12, 7.94199948861e-12, 4.26654338526e-07, 2.85384794552e-06, 2.28370445257e-05, 1.94643939722e-06, 1.24876289864e-10, 9.3990919936e-08, 1.39345232242e-07, 2.93144040597e-07, 1.24359594338e-05, 8.48441140988e-06, 2.36320289559e-07, 8.59628300987e-07, 1.40896509038e-06, 3.30415836913e-08, 2.4279653843e-08, 1.66626878961e-09, 2.20748461177e-10, 2.31285979951e-11, 1.0670028229e-12, 1.26954246811e-13, 3.32363260178e-14, 2.77390093452e-14, 5.65220952182e-14],
        "dvar2": [1.21984939483e-07, 9.20461346032e-11, 9.12653719959e-12, 1.60041771502e-11, 6.38245637674e-07, 4.40928442913e-06, 4.88245059387e-05, 3.04152422359e-06, 3.23609389286e-10, 1.8201791363e-07, 3.50051351461e-07, 5.30635247742e-07, 2.38007141888e-05, 1.32892773763e-05, 4.85553982799e-07, 1.69226200342e-06, 2.67913264906e-06, 7.97927484086e-08, 5.25105363636e-08, 2.73674083395e-09, 4.76385930703e-10, 4.02906527586e-11, 2.24154332248e-12, 2.35687202177e-13, 5.59353148381e-14, 4.47333481563e-14, 8.19058769376e-14],
        "max": [0.00433740578592, 5.40030814591e-05, 2.47062598646e-05, 2.46021882049e-05, 0.00726342340931, 0.0183454193175, 0.0448522269726, 0.00996367726475, 0.000100856181234, 0.00259796949103, 0.00394340371713, 0.00630111107603, 0.037364333868, 0.0189090762287, 0.0041117221117, 0.00578652182594, 0.00861372705549, 0.00149047072046, 0.00174913275987, 0.000474838539958, 0.000158590060892, 5.65077680221e-05, 9.94177571556e-06, 3.31239903062e-06, 1.86561078408e-06, 1.76278592789e-06, 2.62985145127e-06],
        "mean": [0.00151908805128, 8.86783800524e-06, 1.10205428427e-06, 2.16850980905e-06, 0.000157178612426, 0.000912644609343, 0.0152702741325, 0.00103298539761, 6.17063324171e-06, 0.000149804007378, 0.000334365176968, 0.00020035621128, 0.0108024040237, 0.00232380977832, 0.000887372647412, 0.00105921796057, 0.0024470416829, 0.000409038591897, 0.000335245247697, 8.52818266139e-05, 3.52864008164e-05, 1.53213204612e-05, 3.67779944099e-06, 1.13484270514e-06, 4.95782899179e-07, 4.58955071281e-07, 8.88315810244e-07],
        "median": [0.00141522602644, 6.36449794911e-06, 2.43639021846e-07, 6.52112703392e-07, 2.30312616623e-06, 7.32216039978e-06, 0.0148668512702, 0.000183142707101, 8.88152442258e-07, 1.63917666214e-05, 0.000197719287826, 3.35952631758e-06, 0.0104875732213, 0.000224803297897, 0.000649620080367, 0.000309891911456, 0.00241150753573, 0.00033920397982, 0.000238665525103, 5.37264240847e-05, 2.95121935778e-05, 1.46504007716e-05, 3.3667158732e-06, 9.64132595982e-07, 4.59433948663e-07, 4.16580519413e-07, 8.1354789927e-07],
        "min": [7.75116641307e-05, 4.79632149109e-07, 2.07132337948e-08, 3.30308425056e-09, 2.16239854467e-07, 4.43711485332e-07, 3.62281534763e-05, 4.39653558715e-06, 7.63210223909e-08, 8.3239278581e-08, 5.07153799845e-06, 4.4620691142e-08, 3.76944371965e-05, 1.56273267748e-06, 6.47423439659e-06, 4.9268710427e-06, 1.26518280013e-05, 1.35544441946e-05, 3.13959253617e-06, 2.07043899536e-06, 9.47094406456e-07, 8.27744941034e-07, 3.83235146728e-07, 3.6072316334e-07, 1.82093160106e-07, 1.87861814993e-07, 3.20465204595e-07],
        "var": [3.81530867344e-07, 8.1814270636e-11, 9.01788192731e-12, 1.76944257857e-11, 6.65022014346e-07, 1.07672776721e-05, 6.81216261e-05, 3.5844316244e-06, 1.91633639512e-10, 1.62884674637e-07, 2.31574674103e-07, 6.86373425651e-07, 5.27405027242e-05, 1.67272282852e-05, 5.51256391645e-07, 1.90573246073e-06, 3.33006028086e-06, 8.452772704e-08, 9.59421555535e-08, 7.58509965948e-09, 5.92059290483e-10, 5.80579473386e-11, 2.85774377252e-12, 3.18624358668e-13, 5.22608012096e-14, 4.03395748066e-14, 1.255410977e-13]
    },
    "erbbands": {
        "dmean": [0.000641568854917, 0.000565759488381, 0.000822293339297, 0.00212133675814, 0.0106274411082, 0.226539611816, 3.2083067894, 3.0281624794, 53.3716316223, 80.6600036621, 6.2391500473, 0.270205318928, 0.560074806213, 7.08592271805, 4.99333906174, 10.5789728165, 110.558059692, 141.945083618, 11.9593553543, 23.6501655579, 44.0857009888, 46.6430091858, 10.2829170227, 7.41450929642, 4.35489177704, 1.24716317654, 0.907193005085, 0.313378095627, 0.165290385485, 0.0789451450109, 0.0283918697387, 0.0105820288882, 0.00369318318553, 0.0018014612142, 0.000829842756502, 0.000410633394495, 0.000201149203349, 8.60304498929e-05, 2.44294606091e-05, 8.35914670461e-06],
        "dmean2": [0.00101667875424, 0.000909694470465, 0.00134794868063, 0.0034683579579, 0.0175732150674, 0.234654322267, 4.47195100784, 4.20426845551, 75.5533981323, 123.511558533, 8.76854038239, 0.383398592472, 0.838758766651, 10.8034763336, 7.00841379166, 11.9625549316, 152.97807312, 190.065704346, 18.6570796967, 36.0266647339, 64.4526824951, 72.7539978027, 15.4552516937, 10.6596689224, 6.25037336349, 1.80562591553, 1.14559972286, 0.479808360338, 0.238944932818, 0.118193335831, 0.0431687273085, 0.01588781178, 0.00557649508119, 0.00279527390376, 0.00128649489488, 0.000635671021882, 0.000308777351165, 0.000130587388412, 3.77621945518e-05, 1.22078263303e-05],
        "dvar": [7.39875360978e-07, 9.71447775555e-07, 4.53025768365e-06, 2.07272023545e-05, 0.000857987382915, 1.87461054325, 382.727783203, 43.2992248535, 4179.26269531, 5130.44335938, 53.9011116028, 0.0807935521007, 1.85870730877, 227.282653809, 88.8606872559, 332.467163086, 10181.03125, 21581.578125, 387.599334717, 682.471313477, 1976.08984375, 2382.25195312, 129.791656494, 60.3910140991, 24.5590667725, 2.43676280975, 0.987748742104, 0.100647673011, 0.0315326228738, 0.00502477260306, 0.000615846249275, 0.000117760762805, 1.77259389602e-05, 4.28993780588e-06, 1.22293795357e-06, 4.36248171809e-07, 1.10338234549e-07, 1.47853054244e-08, 1.18336462851e-09, 6.78313377689e-11],
        "dvar2": [1.17210640838e-06, 2.11797032534e-06, 9.62432295637e-06, 4.09918138757e-05, 0.00205390434712, 2.68840456009, 468.9453125, 58.777973175, 5838.50488281, 11972.9951172, 84.4412002563, 0.17635294795, 4.00191450119, 553.833129883, 159.422576904, 333.206817627, 19587.75, 36485.4921875, 781.853271484, 1401.02893066, 3370.14111328, 4261.97167969, 300.093841553, 137.943481445, 53.5171470642, 4.50230932236, 1.76206672192, 0.193623051047, 0.0742019489408, 0.0110707730055, 0.00156523624901, 0.000261175388005, 3.2128431485e-05, 7.886842468e-06, 1.79275787104e-06, 6.3302786657e-07, 1.92479021166e-07, 2.27747030124e-08, 1.86241455591e-09, 1.15999106154e-10],
        "max": [0.0113750724122, 0.00950597506016, 0.0241916142404, 0.0564537011087, 0.447934091091, 16.0256347656, 214.361404419, 91.0804138184, 637.72265625, 599.002319336, 55.0749855042, 2.28036761284, 11.7943553925, 136.751800537, 103.764625549, 296.210235596, 900.875610352, 1038.83825684, 228.394515991, 240.266586304, 374.602905273, 306.625030518, 96.3851394653, 100.08253479, 54.3225135803, 17.3535575867, 13.1986293793, 4.1229634285, 2.00309252739, 0.674760818481, 0.222077146173, 0.125460684299, 0.0401351191103, 0.0216203480959, 0.0124888205901, 0.00724790990353, 0.00329710962251, 0.00127062108368, 0.000358808232704, 8.87783826329e-05],
        "mean": [0.0036257347092, 0.00111093570013, 0.0015271930024, 0.004066192545, 0.0221353601664, 0.408312380314, 7.53475522995, 7.10081386566, 111.497390747, 233.422622681, 14.5001583099, 0.692983090878, 1.06593596935, 13.2262468338, 9.68447875977, 22.972618103, 357.232208252, 338.302429199, 32.5533065796, 51.1639862061, 101.835693359, 117.082862854, 27.6826171875, 19.8710651398, 10.0465269089, 3.6820063591, 2.15909647942, 1.13445115089, 0.570773124695, 0.266745954752, 0.0916096493602, 0.0371892303228, 0.0143854590133, 0.00622835056856, 0.00323185650632, 0.0017208281206, 0.000881122366991, 0.000415355607402, 0.000134095273097, 5.98052429268e-05],
        "median": [0.00332249864005, 0.000629973772448, 0.000372769893147, 0.00133647944313, 0.00594737101346, 0.0107141854241, 0.0706332847476, 1.75358879566, 62.7960777283, 221.395874023, 10.6894683838, 0.562288105488, 0.350369542837, 4.57229471207, 5.14216899872, 10.248705864, 334.997070312, 267.231689453, 25.9190444946, 40.0190353394, 76.2907180786, 104.510719299, 23.4265136719, 15.011182785, 8.07658004761, 2.71726918221, 1.41715109348, 1.03512811661, 0.537394404411, 0.248380288482, 0.0832739919424, 0.0306758508086, 0.0126497391611, 0.00558422366157, 0.0029463681858, 0.00152658869047, 0.00078060728265, 0.000379363104003, 0.000126860672026, 5.97370162723e-05],
        "min": [0.0009642544901, 0.000162384603755, 8.75716723385e-05, 0.000122563767945, 0.000567860261071, 0.00280780554749, 0.02017644234, 0.443882763386, 0.871155977249, 0.19167278707, 0.20999199152, 0.0939196199179, 0.0599472895265, 0.326626032591, 0.334333091974, 0.587474286556, 1.50902342796, 1.53517341614, 0.299806714058, 1.03369188309, 0.538059473038, 0.677292406559, 0.87259376049, 0.324247837067, 0.112936079502, 0.0931799337268, 0.0438669845462, 0.0338794104755, 0.0286549702287, 0.0195686370134, 0.00958126224577, 0.00810961611569, 0.00522289285436, 0.0023560510017, 0.00123833387624, 0.000708913255949, 0.000314240372973, 0.000140572316013, 5.89695409872e-05, 7.110165825e-06],
        "var": [2.43447220782e-06, 2.32422257795e-06, 1.26105705931e-05, 6.3740866608e-05, 0.00294790114276, 3.77465009689, 1143.39685059, 216.488327026, 12597.0703125, 17320.8300781, 154.636581421, 0.180178537965, 3.90159440041, 586.387084961, 205.412246704, 1610.57714844, 42672.28125, 72199.28125, 870.862670898, 1560.76208496, 5854.32714844, 6085.38525391, 309.895477295, 247.712539673, 77.7852630615, 9.4159860611, 4.23835229874, 0.375259786844, 0.0783599242568, 0.014000874944, 0.00154617289081, 0.000382719998015, 4.77605681226e-05, 7.51355992179e-06, 2.16960575017e-06, 6.19228217147e-07, 1.58523633331e-07, 2.96931492727e-08, 2.04406647164e-09, 1.23467333579e-10]
    },
    "gfcc": {
        "mean": [-66.9333572388, 62.826171875, -219.125289917, -16.6498279572, -38.6950378418, -26.7582359314, -37.6473999023, -2.35310721397, 20.846452713, 42.1725692749, 28.8352203369, 16.8382644653, -17.4776115417],
        "cov": [[283.111846924, 110.961051941, 3.0292122364, 41.083442688, 14.542555809, -32.809337616, -14.9585466385, -43.9212341309, -135.174682617, -123.056976318, -27.8581905365, 31.0145206451, 81.1422653198], [110.961051941, 239.252838135, 183.620895386, 12.350312233, 11.1252717972, -30.4331798553, -42.8247108459, -91.154548645, -181.129669189, -152.691925049, -63.6910743713, 76.0086364746, 132.333618164], [3.0292122364, 183.620895386, 299.34753418, 53.9052963257, 48.1073760986, 5.02568674088, -66.1988143921, -77.4481048584, -180.368606567, -139.87449646, -82.2537155151, 53.6220092773, 110.156364441], [41.083442688, 12.350312233, 53.9052963257, 75.3235931396, 27.7617282867, 1.76035499573, -14.578083992, -13.8183450699, -63.8823165894, -47.6681022644, -13.7273731232, -13.6218938828, 5.29346418381], [14.542555809, 11.1252717972, 48.1073760986, 27.7617282867, 51.5340538025, 17.6570472717, -29.4921913147, -20.2743301392, -30.1039199829, -20.5598239899, -7.50011253357, 3.2056684494, 1.55324399471], [-32.809337616, -30.4331798553, 5.02568674088, 1.76035499573, 17.6570472717, 39.4034614563, 13.5935640335, 13.4782524109, 11.0765838623, 2.19586634636, -13.657166481, -14.1862659454, -15.8513669968], [-14.9585466385, -42.8247108459, -66.1988143921, -14.578083992, -29.4921913147, 13.5935640335, 57.5531959534, 38.8766403198, 34.0914268494, 18.8504695892, -5.28916168213, -21.3047142029, -18.064622879], [-43.9212341309, -91.154548645, -77.4481048584, -13.8183450699, -20.2743301392, 13.4782524109, 38.8766403198, 67.6659317017, 85.3287353516, 50.4496879578, 8.47444152832, -39.4670715332, -56.8968887329], [-135.174682617, -181.129669189, -180.368606567, -63.8823165894, -30.1039199829, 11.0765838623, 34.0914268494, 85.3287353516, 241.259353638, 182.286743164, 61.2434387207, -66.772644043, -143.275115967], [-123.056976318, -152.691925049, -139.87449646, -47.6681022644, -20.5598239899, 2.19586634636, 18.8504695892, 50.4496879578, 182.286743164, 171.415130615, 71.8709182739, -48.0131492615, -107.50692749], [-27.8581905365, -63.6910743713, -82.2537155151, -13.7273731232, -7.50011253357, -13.657166481, -5.28916168213, 8.47444152832, 61.2434387207, 71.8709182739, 73.2491455078, -0.926724851131, -45.018321991], [31.0145206451, 76.0086364746, 53.6220092773, -13.6218938828, 3.2056684494, -14.1862659454, -21.3047142029, -39.4670715332, -66.772644043, -48.0131492615, -0.926724851131, 74.717590332, 71.1774749756], [81.1422653198, 132.333618164, 110.156364441, 5.29346418381, 1.55324399471, -15.8513669968, -18.064622879, -56.8968887329, -143.275115967, -107.50692749, -45.018321991, 71.1774749756, 132.869659424]],
        "icov": [[0.0112925786525, -0.00548882642761, 0.010284518823, -0.00312473624945, -0.00757631612942, 0.0065182838589, 0.00377544132061, -0.00379319163039, 0.00304838642478, 0.00477906363085, 0.002039704239, 0.00311920861714, -0.00390227464959], [-0.00548882642761, 0.0490196831524, -0.0263837371022, 0.0267719309777, -0.0118014849722, 0.0389311984181, -0.0354018360376, 0.0489031113684, -0.0250009521842, 0.0455441847444, -0.0115970121697, 0.00926537998021, -0.00275353668258], [0.010284518823, -0.0263837371022, 0.0339126735926, -0.0176800657064, 0.00927712395787, -0.0223696194589, 0.040127672255, -0.030520575121, 0.0306768193841, -0.03130447492, 0.0273663587868, -0.0121124573052, 0.00570561969653], [-0.00312473624945, 0.0267719309777, -0.0176800657064, 0.0516348741949, -0.0239908210933, 0.0342274419963, -0.0236785206944, 0.0182603094727, 0.00545888021588, 0.0258457995951, -0.0118564330041, 0.0189177431166, 0.00945620425045], [-0.00757631612942, -0.0118014849722, 0.00927712395787, -0.0239908210933, 0.0820387452841, -0.0656887888908, 0.0581181794405, -0.0140796434134, 0.0228554159403, -0.0337080918252, 0.0192946474999, -0.0205264482647, 0.0176267269999], [0.0065182838589, 0.0389311984181, -0.0223696194589, 0.0342274419963, -0.0656887888908, 0.108608208597, -0.0693118423223, 0.0389827899635, -0.0246729031205, 0.0507639236748, -0.00838895328343, 0.0163462702185, -0.00170841661748], [0.00377544132061, -0.0354018360376, 0.040127672255, -0.0236785206944, 0.0581181794405, -0.0693118423223, 0.111435458064, -0.0675676167011, 0.056668471545, -0.0618940964341, 0.0417043529451, -0.0199319012463, 0.0137316640466], [-0.00379319163039, 0.0489031113684, -0.030520575121, 0.0182603094727, -0.0140796434134, 0.0389827899635, -0.0675676167011, 0.108279570937, -0.0665258988738, 0.075148075819, -0.0266099702567, 0.0230313707143, -0.0121035464108], [0.00304838642478, -0.0250009521842, 0.0306768193841, 0.00545888021588, 0.0228554159403, -0.0246729031205, 0.056668471545, -0.0665258988738, 0.108724996448, -0.0927985012531, 0.0563946738839, -0.0332518741488, 0.0524697043002], [0.00477906363085, 0.0455441847444, -0.03130447492, 0.0258457995951, -0.0337080918252, 0.0507639236748, -0.0618940964341, 0.075148075819, -0.0927985012531, 0.127124905586, -0.0647237971425, 0.0442026555538, -0.0359563082457], [0.002039704239, -0.0115970121697, 0.0273663587868, -0.0118564330041, 0.0192946474999, -0.00838895328343, 0.0417043529451, -0.0266099702567, 0.0563946738839, -0.0647237971425, 0.0798014700413, -0.0438428036869, 0.0401039607823], [0.00311920861714, 0.00926537998021, -0.0121124573052, 0.0189177431166, -0.0205264482647, 0.0163462702185, -0.0199319012463, 0.0230313707143, -0.0332518741488, 0.0442026555538, -0.0438428036869, 0.0623067133129, -0.0408249050379], [-0.00390227464959, -0.00275353668258, 0.00570561969653, 0.00945620425045, 0.0176267269999, -0.00170841661748, 0.0137316640466, -0.0121035464108, 0.0524697043002, -0.0359563082457, 0.0401039607823, -0.0408249050379, 0.0667622685432]]
    },
    "melbands": {
        "dmean": [1.00044544524e-05, 5.19107004493e-07, 5.78598189804e-07, 1.34119352424e-06, 8.58140556375e-05, 6.08696173003e-05, 0.000943853170611, 0.000734267698135, 1.18520729302e-05, 5.04183333305e-07, 2.74302851722e-06, 2.78009101748e-05, 2.22943563131e-05, 1.01809000626e-05, 0.00011248953524, 0.000379957928089, 0.000243867383688, 1.48340450323e-05, 3.76551543013e-05, 2.78397565125e-05, 6.98888834449e-05, 7.09745800123e-05, 1.18250054584e-05, 1.01593759609e-05, 7.4019026215e-06, 6.38535766484e-06, 1.65852623013e-06, 8.12661028249e-07, 8.54546669871e-07, 4.14948203797e-07, 2.16262506569e-07, 1.30006370114e-07, 7.79403706019e-08, 4.09343208219e-08, 2.07579802236e-08, 1.15467351236e-08, 5.8171090167e-09, 3.20365711737e-09, 2.31586594346e-09, 1.54842649813e-09],
        "dmean2": [1.42950902955e-05, 8.43086127134e-07, 9.19494027585e-07, 2.04936486625e-06, 0.000116564006021, 8.53413657751e-05, 0.00134169938974, 0.00109328550752, 1.76961912075e-05, 7.73713168201e-07, 4.33792183685e-06, 4.21464501414e-05, 3.18507954944e-05, 1.60738945851e-05, 0.000141633325256, 0.000584721390624, 0.000316952733556, 2.25230360229e-05, 5.73798388359e-05, 4.03198318963e-05, 0.000104952290712, 0.000115430681035, 1.80941606231e-05, 1.55553552759e-05, 1.08392678158e-05, 9.28656754695e-06, 2.50681478065e-06, 1.16628064006e-06, 1.11994665986e-06, 6.52515723232e-07, 3.0761157177e-07, 1.78308027898e-07, 1.19625084949e-07, 6.12068831174e-08, 3.13260599683e-08, 1.85860091761e-08, 8.18780421241e-09, 5.04631714193e-09, 3.58214791163e-09, 2.48366016642e-09],
        "dvar": [2.95052204891e-10, 1.3070704458e-12, 1.34926065546e-12, 4.83905311655e-11, 2.74265005373e-07, 3.28432854246e-08, 9.83329528026e-07, 4.29663970181e-07, 5.34557065279e-10, 1.79948742539e-12, 4.60096544197e-11, 3.70836428232e-09, 1.39244871189e-09, 1.46015077807e-09, 3.27376454834e-08, 1.27943835082e-07, 7.19768991075e-08, 1.11251807766e-09, 1.86834347993e-09, 1.5157873845e-09, 4.9788910772e-09, 6.19425755133e-09, 2.8025959331e-10, 1.21286675148e-10, 6.94208024399e-11, 4.81088884008e-11, 4.46912125363e-12, 1.32379090328e-12, 1.14055704985e-12, 3.48732652998e-13, 3.59839585971e-14, 1.56436109455e-14, 4.8265567873e-15, 1.28242058764e-15, 3.18847606483e-16, 1.4058095976e-16, 4.53757799775e-17, 1.41993675058e-17, 6.07432224612e-18, 2.92405720239e-18],
        "dvar2": [3.91190219107e-10, 2.69250528991e-12, 2.97167390521e-12, 1.18084653167e-10, 3.41530579817e-07, 5.53346879428e-08, 1.58896273206e-06, 1.00130466762e-06, 8.10895295356e-10, 4.48553303875e-12, 9.84443013219e-11, 8.71851302264e-09, 2.83102119525e-09, 2.48507925349e-09, 4.13187883908e-08, 2.98999054849e-07, 1.11290816562e-07, 2.28888485942e-09, 4.09314004912e-09, 2.47029796618e-09, 9.31100441193e-09, 1.15004388235e-08, 5.96111604523e-10, 2.87274370958e-10, 1.6328935426e-10, 9.87664880436e-11, 1.08881540936e-11, 3.05294786847e-12, 1.96104569215e-12, 7.40727737394e-13, 6.84044834665e-14, 3.45992359112e-14, 1.14548907198e-14, 2.51050041182e-15, 8.10325715694e-16, 2.40830286918e-16, 9.43962831701e-17, 2.74972222949e-17, 1.23443827221e-17, 5.67814740047e-18],
        "max": [0.000220794376219, 1.14153481263e-05, 1.2737535144e-05, 8.60428408487e-05, 0.00579328136519, 0.00220512598753, 0.0100891720504, 0.00530464015901, 0.000180297953193, 1.23359959616e-05, 5.34639584657e-05, 0.000526855059434, 0.000372334296117, 0.000450777821243, 0.00143268378451, 0.00406488170847, 0.00182909157593, 0.000322151958244, 0.000451668689493, 0.000414818059653, 0.000578301609494, 0.0004733352107, 0.000126037324662, 0.000111888679385, 0.000100942866993, 8.51386794238e-05, 1.7553978978e-05, 1.47363734868e-05, 1.3371987734e-05, 5.13108807354e-06, 2.34918729802e-06, 1.15990064842e-06, 6.69953578836e-07, 3.3092746321e-07, 1.45734418311e-07, 1.44111240274e-07, 8.23477890322e-08, 3.48976314513e-08, 2.20183071775e-08, 1.69109792836e-08],
        "mean": [6.9976253144e-05, 8.61311889366e-07, 1.07360051516e-06, 1.78993605005e-06, 0.000196007080376, 0.000138092931593, 0.00223371922038, 0.00207953155041, 1.72059881152e-05, 7.61841761232e-07, 3.76834464078e-06, 5.10150712216e-05, 3.9789629227e-05, 1.73253429239e-05, 0.000190532984561, 0.00125361408573, 0.000500973837916, 2.21825539484e-05, 7.55590808694e-05, 5.04936069774e-05, 0.000149615065311, 0.00016501659411, 2.09917016036e-05, 2.06660788535e-05, 1.5877878468e-05, 1.22598703456e-05, 3.4457093534e-06, 2.02042565434e-06, 1.69194595401e-06, 8.00708335191e-07, 6.09216272096e-07, 3.44581565059e-07, 2.17875054886e-07, 1.14881061108e-07, 5.43666764941e-08, 3.41632890866e-08, 1.76699348486e-08, 1.04127524381e-08, 6.7158607564e-09, 4.68567895595e-09],
        "median": [6.35664910078e-05, 2.64701782271e-07, 3.53339231651e-07, 4.08381652051e-07, 5.77923628953e-07, 5.26017129232e-06, 0.00161123264115, 0.00190729706082, 4.34846560893e-06, 1.23673203234e-07, 6.54854545701e-07, 1.5557558072e-05, 2.29676716117e-05, 5.19244167663e-07, 3.29810609401e-05, 0.00120608857833, 0.000369812274585, 4.67598556497e-06, 5.65092668694e-05, 2.77854433079e-05, 0.000118567222671, 0.00015571906988, 1.25283986563e-05, 1.57471204147e-05, 1.08128051579e-05, 8.67180460773e-06, 2.21708341996e-06, 1.50626203776e-06, 1.00664090041e-06, 5.18191257015e-07, 5.52928725028e-07, 3.22962137034e-07, 1.92905432073e-07, 1.0629703695e-07, 5.14010309871e-08, 2.79507439416e-08, 1.42443346007e-08, 9.25736376445e-09, 5.83078918481e-09, 4.21184287447e-09],
        "min": [2.02219671337e-05, 1.3254549458e-08, 1.68954414903e-08, 2.26012222271e-08, 3.49373152631e-08, 9.33783326218e-08, 1.1536335478e-05, 1.61758578088e-06, 9.13965934046e-08, 1.20446870255e-08, 1.30750539284e-08, 1.0169763982e-06, 4.86160502078e-07, 1.02997601559e-08, 2.13224907952e-07, 4.19474963564e-06, 2.556084155e-06, 4.56929072357e-08, 6.87197427851e-07, 1.26050520066e-06, 2.58604245573e-07, 3.61559528983e-07, 1.02604224139e-06, 3.16030337899e-07, 2.6694283406e-07, 5.69797933281e-08, 8.77592327697e-08, 4.78517350189e-08, 2.64180872733e-08, 2.59398618141e-08, 1.76571468558e-08, 1.75018239901e-08, 1.36366269388e-08, 8.98235885671e-09, 5.33948218973e-09, 5.17142106915e-09, 4.4574535174e-09, 2.79420531157e-09, 2.46282660932e-09, 1.5210750437e-09],
        "var": [8.78309203145e-10, 3.42201505847e-12, 4.04985983984e-12, 5.9450784573e-11, 7.87999397289e-07, 1.58348669288e-07, 3.11787493956e-06, 1.47755747548e-06, 9.77881997599e-10, 2.83681997164e-12, 7.00433738787e-11, 9.37817556945e-09, 2.98547031541e-09, 3.80277809242e-09, 1.088570869e-07, 5.99873487772e-07, 2.20076927349e-07, 2.23868101834e-09, 3.78897624387e-09, 4.22546708734e-09, 1.39615767836e-08, 1.5217361593e-08, 5.72987934877e-10, 2.67021182943e-10, 2.28880761566e-10, 1.56909471527e-10, 1.144300453e-11, 3.61505161743e-12, 3.8462818e-12, 7.16430224607e-13, 1.2889625619e-13, 3.97400618272e-14, 1.56824016663e-14, 3.64967396379e-15, 7.79713521464e-16, 4.12975625055e-16, 1.21277925925e-16, 2.87127294635e-17, 1.28290700292e-17, 4.55959779381e-18]
    },
    "mfcc": {
        "mean": [-710.59387207, 99.4724197388, -106.995994568, 17.9689884186, 1.23872148991, -1.20113492012, -29.3502044678, -19.060125351, -17.0687217712, 4.64716243744, 32.5614242554, 44.1501083374, 35.4848365784],
        "cov": [[626.727661133, 238.797866821, -69.9221954346, -25.4337444305, -113.626220703, -69.0509490967, 119.328529358, 54.4087028503, -71.1403121948, -137.579315186, -244.477661133, -232.887573242, -53.7648429871], [238.797866821, 393.975036621, 115.727210999, -46.5528831482, -29.2443847656, 8.81179428101, 88.3343505859, 18.6294021606, -55.4854278564, -182.135223389, -263.221405029, -234.219589233, -80.6471862793], [-69.9221954346, 115.727210999, 180.781326294, 47.884349823, 49.5159111023, 10.284497261, 36.559589386, 12.3712797165, -11.209192276, -51.3292007446, -106.437461853, -101.861587524, -71.4832763672], [-25.4337444305, -46.5528831482, 47.884349823, 98.177444458, 56.4276885986, -1.94314205647, 3.35790252686, -7.34564065933, -22.5266952515, 16.1136341095, -5.04735088348, -8.40476608276, -15.2411184311], [-113.626220703, -29.2443847656, 49.5159111023, 56.4276885986, 135.475585938, 47.7030525208, -27.3991603851, -27.4853420258, -31.4935131073, 0.927441835403, 21.7276954651, 21.0728321075, 9.34568691254], [-69.0509490967, 8.81179428101, 10.284497261, -1.94314205647, 47.7030525208, 59.4807739258, -11.9933214188, -22.6703414917, -3.64261722565, -13.3739328384, 12.2511501312, 26.9566268921, 9.22078895569], [119.328529358, 88.3343505859, 36.559589386, 3.35790252686, -27.3991603851, -11.9933214188, 86.6746444702, 30.5730171204, -20.1226768494, -56.2113609314, -103.145126343, -91.074508667, -44.0923652649], [54.4087028503, 18.6294021606, 12.3712797165, -7.34564065933, -27.4853420258, -22.6703414917, 30.5730171204, 63.4249153137, 14.52090168, -16.539434433, -32.6049423218, -52.4110298157, -13.8709373474], [-71.1403121948, -55.4854278564, -11.209192276, -22.5266952515, -31.4935131073, -3.64261722565, -20.1226768494, 14.52090168, 75.9856948853, 38.5151977539, 45.5561904907, 34.158908844, -6.21842432022], [-137.579315186, -182.135223389, -51.3292007446, 16.1136341095, 0.927441835403, -13.3739328384, -56.2113609314, -16.539434433, 38.5151977539, 130.754547119, 142.456939697, 126.850921631, 27.6834506989], [-244.477661133, -263.221405029, -106.437461853, -5.04735088348, 21.7276954651, 12.2511501312, -103.145126343, -32.6049423218, 45.5561904907, 142.456939697, 271.552124023, 221.356765747, 80.0157775879], [-232.887573242, -234.219589233, -101.861587524, -8.40476608276, 21.0728321075, 26.9566268921, -91.074508667, -52.4110298157, 34.158908844, 126.850921631, 221.356765747, 243.258468628, 89.2573471069], [-53.7648429871, -80.6471862793, -71.4832763672, -15.2411184311, 9.34568691254, 9.22078895569, -44.0923652649, -13.8709373474, -6.21842432022, 27.6834506989, 80.0157775879, 89.2573471069, 84.1395874023]],
