{
"lowlevel": {
    "average_loudness": 0.986041009426,
    "barkbands_crest": {
        "dmean": 3.2052063942,
        "dmean2": 5.31996202469,
        "dvar": 8.40118408203,
        "dvar2": 20.3023090363,
        "max": 25.0044212341,
        "mean": 8.83924484253,
        "median": 7.95659971237,
        "min": 2.94737672806,
        "var": 16.8324890137
    },
    "barkbands_flatness_db": {
        "dmean": 0.0350981391966,
        "dmean2": 0.0571026578546,
        "dvar": 0.000694120943081,
        "dvar2": 0.00215702224523,
        "max": 0.321677237749,
        "mean": 0.187420457602,
        "median": 0.180406168103,
        "min": 0.114649228752,
        "var": 0.00154262478463
    },
    "barkbands_kurtosis": {
        "dmean": 1.85763859749,
        "dmean2": 3.06763792038,
        "dvar": 8.03384876251,
        "dvar2": 18.1173648834,
        "max": 26.2604255676,
        "mean": 1.17605495453,
        "median": 0.356935501099,
        "min": -1.44792819023,
        "var": 11.0324287415
    },
    "barkbands_skewness": {
        "dmean": 0.651872813702,
        "dmean2": 1.03994727135,
        "dvar": 0.431178838015,
        "dvar2": 1.06201076508,
        "max": 4.82736063004,
        "mean": 0.653941333294,
        "median": 0.53086578846,
        "min": -0.970701038837,
        "var": 0.804792463779
    },
    "barkbands_spread": {
        "dmean": 4.19937181473,
        "dmean2": 7.25786542892,
        "dvar": 15.1788768768,
        "dvar2": 43.0945396423,
        "max": 28.9288978577,
        "mean": 11.313533783,
        "median": 10.587729454,
        "min": 2.17404484749,
        "var": 21.1184272766
    },
    "dissonance": {
        "dmean": 0.0370672643185,
        "dmean2": 0.0643621683121,
        "dvar": 0.00118367548566,
        "dvar2": 0.00358792580664,
        "max": 0.499422073364,
        "mean": 0.44198435545,
        "median": 0.450125128031,
        "min": 0.276837974787,
        "var": 0.00173180841375
    },
    "dynamic_complexity": 1.57874047756,
    "erbbands_crest": {
        "dmean": 2.86322784424,
        "dmean2": 4.9059510231,
        "dvar": 6.00255823135,
        "dvar2": 15.9763498306,
        "max": 20.2595882416,
        "mean": 8.41000652313,
        "median": 7.73133134842,
        "min": 3.67313504219,
        "var": 9.40873718262
    },
    "erbbands_flatness_db": {
        "dmean": 0.0274053514004,
        "dmean2": 0.045240636915,
        "dvar": 0.000391730020056,
        "dvar2": 0.00112764770165,
        "max": 0.352931886911,
        "mean": 0.260668158531,
        "median": 0.258674770594,
        "min": 0.200382739305,
        "var": 0.000793453247752
    },
    "erbbands_kurtosis": {
        "dmean": 0.902415692806,
        "dmean2": 1.52467751503,
        "dvar": 0.724039793015,
        "dvar2": 2.06711506844,
        "max": 5.5918636322,
        "mean": 0.29556286335,
        "median": 0.223129272461,
        "min": -1.45911860466,
        "var": 0.87569463253
    },
    "erbbands_skewness": {
        "dmean": 0.478769928217,
        "dmean2": 0.802719175816,
        "dvar": 0.164773181081,
        "dvar2": 0.434342056513,
        "max": 1.69623017311,
        "mean": 0.143633127213,
        "median": 0.116078279912,
        "min": -1.15060639381,
        "var": 0.269197851419
    },
    "erbbands_spread": {
        "dmean": 5.74565124512,
        "dmean2": 9.2616891861,
        "dvar": 25.8576335907,
        "dvar2": 67.9942626953,
        "max": 43.7975120544,
        "mean": 17.9468345642,
        "median": 16.4874343872,
        "min": 6.81989812851,
        "var": 50.1770896912
    },
    "hfc": {
        "dmean": 20.9426879883,
        "dmean2": 36.1313781738,
        "dvar": 424.93460083,
        "dvar2": 1018.8760376,
        "max": 116.296012878,
        "mean": 22.8414649963,
        "median": 12.6083145142,
        "min": 1.14365637302,
        "var": 518.53515625
    },
    "melbands_crest": {
        "dmean": 3.88166093826,
        "dmean2": 6.14232444763,
        "dvar": 11.3805913925,
        "dvar2": 27.7141742706,
        "max": 33.0561065674,
        "mean": 11.1723127365,
        "median": 9.46933841705,
        "min": 3.4973886013,
        "var": 30.4838237762
    },
    "melbands_flatness_db": {
        "dmean": 0.0506154596806,
        "dmean2": 0.0832023397088,
        "dvar": 0.00156047649216,
        "dvar2": 0.00458861794323,
        "max": 0.39447888732,
        "mean": 0.22267884016,
        "median": 0.218266516924,
        "min": 0.085501305759,
        "var": 0.00325833307579
    },
    "melbands_kurtosis": {
        "dmean": 2.66438055038,
        "dmean2": 4.4097661972,
        "dvar": 18.3871879578,
        "dvar2": 41.1926040649,
        "max": 44.1560096741,
        "mean": 2.31761336327,
        "median": 0.913025617599,
        "min": -1.32338345051,
        "var": 25.5033092499
    },
    "melbands_skewness": {
        "dmean": 0.704453647137,
        "dmean2": 1.12396287918,
        "dvar": 0.472799271345,
        "dvar2": 1.11721110344,
        "max": 5.95366764069,
        "mean": 0.975411653519,
        "median": 0.769260585308,
        "min": -0.657493591309,
        "var": 0.973715722561
    },
    "melbands_spread": {
        "dmean": 8.54823684692,
        "dmean2": 14.729516983,
        "dvar": 74.769859314,
        "dvar2": 208.190536499,
        "max": 69.8042144775,
        "mean": 20.4177856445,
        "median": 18.5943183899,
        "min": 3.08588790894,
        "var": 96.6882171631
    },
    "pitch_salience": {
        "dmean": 0.113121084869,
        "dmean2": 0.181094989181,
        "dvar": 0.00945192109793,
        "dvar2": 0.022517926991,
        "max": 0.90366178751,
        "mean": 0.657897233963,
        "median": 0.66907697916,
        "min": 0.161139145494,
        "var": 0.0181817002594
    },
    "silence_rate_20dB": {
        "dmean": 0,
        "dmean2": 0,
        "dvar": 0,
        "dvar2": 0,
        "max": 1,
        "mean": 1,
        "median": 1,
        "min": 1,
        "var": 0
    },
    "silence_rate_30dB": {
        "dmean": 0,
        "dmean2": 0,
        "dvar": 0,
        "dvar2": 0,
        "max": 1,
        "mean": 1,
        "median": 1,
        "min": 1,
        "var": 0
    },
    "silence_rate_60dB": {
        "dmean": 0.0233333334327,
        "dmean2": 0.0434782616794,
        "dvar": 0.0227889735252,
        "dvar2": 0.0415877625346,
        "max": 1,
        "mean": 0.0332225896418,
        "median": 0,
        "min": 0,
        "var": 0.0321186594665
    },
    "spectral_centroid": {
        "dmean": 437.054840088,
        "dmean2": 725.903381348,
        "dvar": 154583.890625,
        "dvar2": 429574,
        "max": 3016.63232422,
        "mean": 1198.70092773,
        "median": 1101.49182129,
        "min": 320.093719482,
        "var": 280998.03125
    },
    "spectral_complexity": {
        "dmean": 6.69333314896,
        "dmean2": 10.2341136932,
        "dvar": 26.3259525299,
        "dvar2": 57.5973701477,
        "max": 40,
        "mean": 18.2159461975,
        "median": 17,
        "min": 3,
        "var": 60.0297584534
    },
    "spectral_decrease": {
        "dmean": 3.28920646275e-09,
        "dmean2": 5.50171685987e-09,
        "dvar": 9.21319887398e-18,
        "dvar2": 2.21527140586e-17,
        "max": -2.77298739526e-10,
        "mean": -5.00296692962e-09,
        "median": -4.06039779577e-09,
        "min": -1.62192179687e-08,
        "var": 1.29870888232e-17
    },
    "spectral_energy": {
        "dmean": 0.0142498807982,
        "dmean2": 0.0239619705826,
        "dvar": 0.000174436849193,
        "dvar2": 0.000417710572947,
        "max": 0.0704649090767,
        "mean": 0.0209541078657,
        "median": 0.0162282381207,
        "min": 0.00122193538118,
        "var": 0.000239688466536
    },
    "spectral_energyband_high": {
        "dmean": 0.000187628378626,
        "dmean2": 0.000336343888193,
        "dvar": 9.50207166284e-08,
        "dvar2": 2.75265136906e-07,
        "max": 0.0018885130994,
        "mean": 0.000145918573253,
        "median": 2.96801117656e-05,
        "min": 1.95587085727e-06,
        "var": 7.5554829948e-08
    },
    "spectral_energyband_low": {
        "dmean": 5.37966516276e-05,
        "dmean2": 9.34600830078e-05,
        "dvar": 6.45312780989e-09,
        "dvar2": 1.43216309922e-08,
        "max": 0.000868550036103,
        "mean": 7.80498739914e-05,
        "median": 5.18480592291e-05,
        "min": 2.51328788181e-06,
        "var": 8.99233665308e-09
    },
    "spectral_energyband_middle_high": {
        "dmean": 0.0117174265906,
        "dmean2": 0.0202940311283,
        "dvar": 0.000137759518111,
        "dvar2": 0.000333405245328,
        "max": 0.0595894269645,
        "mean": 0.0115358065814,
        "median": 0.00536632072181,
        "min": 0.000433493521996,
        "var": 0.00016286848404
    },
    "spectral_energyband_middle_low": {
        "dmean": 0.00395505083725,
        "dmean2": 0.00631410256028,
        "dvar": 1.73099688254e-05,
        "dvar2": 3.76578936994e-05,
        "max": 0.033129774034,
        "mean": 0.00934745837003,
        "median": 0.00733650987968,
        "min": 0.000160711904755,
        "var": 4.5030410547e-05
    },
    "spectral_entropy": {
        "dmean": 0.314004331827,
        "dmean2": 0.515381038189,
        "dvar": 0.0573009029031,
        "dvar2": 0.180768877268,
        "max": 8.0237569809,
        "mean": 7.16278600693,
        "median": 7.24055767059,
        "min": 6.07730102539,
        "var": 0.111807651818
    },
    "spectral_flux": {
        "dmean": 0.0395369045436,
        "dmean2": 0.0657979622483,
        "dvar": 0.00142968411092,
        "dvar2": 0.00300034810789,
        "max": 0.219158604741,
        "mean": 0.0993633568287,
        "median": 0.102505289018,
        "min": 0.0196276940405,
        "var": 0.00226239976473
    },
    "spectral_kurtosis": {
        "dmean": 7.28155374527,
        "dmean2": 12.9153823853,
        "dvar": 52.3138809204,
        "dvar2": 158.112243652,
        "max": 38.5045394897,
        "mean": 11.6540985107,
        "median": 8.96747970581,
        "min": 0.492911100388,
        "var": 58.2557678223
    },
    "spectral_rms": {
        "dmean": 0.0015187705867,
        "dmean2": 0.00247429660521,
        "dvar": 1.67889595559e-06,
        "dvar2": 4.00275666834e-06,
        "max": 0.00829133577645,
        "mean": 0.00419699866325,
        "median": 0.00397899840027,
        "min": 0.00109184801113,
        "var": 2.82822793451e-06
    },
    "spectral_rolloff": {
        "dmean": 528.496520996,
        "dmean2": 911.09197998,
        "dvar": 251713.359375,
        "dvar2": 699051.125,
        "max": 3919.04296875,
        "mean": 1513.40515137,
        "median": 1464.2578125,
        "min": 236.865234375,
        "var": 396368.40625
    },
    "spectral_skewness": {
        "dmean": 0.683155298233,
        "dmean2": 1.19373595715,
        "dvar": 0.408911257982,
        "dvar2": 1.23875784874,
        "max": 4.57238483429,
        "mean": 2.0746922493,
        "median": 1.91004359722,
        "min": 0.449667215347,
        "var": 0.541257560253
    },
    "spectral_spread": {
        "dmean": 355416,
        "dmean2": 570625.3125,
        "dvar": 164587470848,
        "dvar2": 253462298624,
        "max": 9565549,
        "mean": 2131870.25,
        "median": 2123523,
        "min": 1205621.375,
        "var": 303165177856
    },
    "spectral_strongpeak": {
        "dmean": 0.909178495407,
        "dmean2": 1.53717315197,
        "dvar": 1.00473582745,
        "dvar2": 2.55910944939,
        "max": 6.90266609192,
        "mean": 1.39994800091,
        "median": 1.06790030003,
        "min": 0.0849567204714,
        "var": 1.27808940411
    },
    "zerocrossingrate": {
        "dmean": 0.00631673168391,
        "dmean2": 0.00844938866794,
        "dvar": 3.22483247146e-05,
        "dvar2": 4.51793566754e-05,
        "max": 0.08251953125,
        "mean": 0.0419386550784,
        "median": 0.0400390625,
        "min": 0.01171875,
        "var": 0.0001642327843
    },
    "barkbands": {
        "dmean": [1.97879080588e-06, 3.06959009322e-05, 1.20336353575e-05, 0.000111407374789, 0.00164091354236, 0.000186404024134, 0.00117740256246, 0.000942186219618, 0.00181899114978, 0.00118368677795, 0.00212090997957, 0.00276472652331, 0.0014631501399, 0.00163632375188, 0.00137886102311, 0.00111963320524, 0.00102326006163, 0.000426129205152, 0.000389558117604, 0.000180875780643, 8.53162273415e-05, 2.94479013974e-05, 8.12472353573e-06, 4.13071302319e-06, 1.64971254435e-06, 5.6822722172e-07, 1.49712491293e-07],
        "dmean2": [3.44030399901e-06, 5.54725629627e-05, 2.08485562325e-05, 0.000184454329428, 0.00250352779403, 0.000299365201499, 0.0018178652972, 0.00150915433187, 0.00298342620954, 0.00199224194512, 0.00357180624269, 0.00488005299121, 0.00254442356527, 0.0028408637736, 0.00240965490229, 0.00195266027004, 0.00177613005508, 0.000739779439755, 0.000720669399016, 0.000330896902597, 0.000156600683113, 5.23461640114e-05, 1.47700375237e-05, 7.49873288441e-06, 2.95372888104e-06, 1.00817999282e-06, 2.68558750349e-07],
        "dvar": [5.16391053182e-12, 1.26637311748e-09, 4.57505949791e-10, 2.77496194911e-08, 4.023929705e-06, 7.0536891883e-08, 2.56600992543e-06, 1.80064682809e-06, 6.61881404085e-06, 2.1475327685e-06, 8.02580598247e-06, 1.6038036847e-05, 3.87291402149e-06, 4.21757704316e-06, 4.36398613601e-06, 2.13384987546e-06, 1.9216201963e-06, 5.26234487097e-07, 3.99498787829e-07, 1.09752996025e-07, 2.62922945637e-08, 2.26612972831e-09, 2.06623745891e-10, 5.07752728751e-11, 6.73785680028e-12, 7.6214577184e-13, 9.28603168752e-14],
        "dvar2": [1.51794306291e-11, 3.61973828689e-09, 1.0344149981e-09, 7.07103851028e-08, 7.22792901797e-06, 1.67741859514e-07, 5.48176058146e-06, 4.26947372034e-06, 1.64336852322e-05, 5.46648698219e-06, 2.14660940401e-05, 4.44921861344e-05, 1.02342592072e-05, 1.0922142792e-05, 1.17072922876e-05, 5.41774488738e-06, 4.86893122797e-06, 1.43052170642e-06, 1.15039210868e-06, 3.05187541016e-07, 7.94714978269e-08, 6.25141227673e-09, 5.91182824916e-10, 1.41947162358e-10, 1.85051002299e-11, 2.17444551948e-12, 2.61902018085e-13],
        "max": [1.35813188535e-05, 0.000181631956366, 0.000244927941822, 0.0011511099292, 0.025230968371, 0.00313166901469, 0.0121678803116, 0.00979024264961, 0.0170647930354, 0.010557374917, 0.0156911704689, 0.0237438678741, 0.0141857601702, 0.0138442870229, 0.0177526641637, 0.00893353670835, 0.00869874842465, 0.00589062599465, 0.00438596773893, 0.00274489028379, 0.00100683968049, 0.000317422818625, 9.87910752883e-05, 4.52050953754e-05, 1.78421687451e-05, 6.38517985863e-06, 2.56988300862e-06],
        "mean": [1.99439705284e-06, 2.92166751024e-05, 1.57366648637e-05, 0.000162668555276, 0.00321165798232, 0.000330143608153, 0.00181395711843, 0.00119299255311, 0.00224817916751, 0.00114911107812, 0.00202549528331, 0.00224210135639, 0.00129708275199, 0.0014513899805, 0.00112480844837, 0.000937228964176, 0.000864170317072, 0.000333542411681, 0.000285818387056, 0.000139640149428, 6.40968428343e-05, 2.19861049118e-05, 6.2372305365e-06, 3.11720850732e-06, 1.20270533444e-06, 4.53993550309e-07, 1.22170078498e-07],
        "median": [1.19993524095e-06, 1.47268110595e-05, 5.83004339205e-06, 8.12512735138e-05, 0.00180834706407, 0.000190519465832, 0.00085429759929, 0.000629729940556, 0.00106554303784, 0.000484461372253, 0.000804508221336, 0.000677355041262, 0.000473777065054, 0.000510362442583, 0.000382670143154, 0.000296115584206, 0.000204837153433, 9.70905821305e-05, 5.10331701662e-05, 3.08309281536e-05, 1.21034454423e-05, 4.32348724644e-06, 1.441784093e-06, 5.36766833648e-07, 2.14348673921e-07, 1.04336294271e-07, 2.75156555318e-08],
        "min": [1.31623369981e-08, 2.91145880738e-07, 3.31293499301e-08, 5.91372320002e-08, 2.78765019175e-05, 5.57642397325e-06, 1.07615960587e-05, 8.365602298e-06, 2.49100339715e-05, 1.3350098925e-05, 2.16228618228e-05, 1.89660586329e-05, 1.55942743731e-05, 1.61880579981e-05, 1.67934776982e-05, 9.21007449506e-06, 5.07253434989e-06, 1.5757930214e-06, 1.72915349594e-06, 1.11305780592e-06, 6.45372495001e-07, 1.85692968557e-07, 9.44073548226e-08, 4.66315945857e-08, 2.27104042239e-08, 2.29216450265e-08, 7.9399988806e-09],
        "var": [5.29889847278e-12, 1.16711007525e-09, 7.90375986881e-10, 4.28570565703e-08, 1.6464789951e-05, 2.0678129431e-07, 5.5574473663e-06, 2.48563787864e-06, 8.65273068484e-06, 2.33623791246e-06, 8.39236508909e-06, 1.30674725369e-05, 3.58836587111e-06, 4.49027129434e-06, 3.73440229851e-06, 1.99981036531e-06, 2.00715021492e-06, 4.18502935418e-07, 2.9129722634e-07, 7.86468135061e-08, 1.93986888775e-08, 1.86918902578e-09, 1.52560075684e-10, 3.92811616567e-11, 5.45076310476e-12, 6.33192771219e-13, 7.33719725601e-14]
    },
    "erbbands": {
        "dmean": [0.000875242752954, 0.00708125764504, 0.0145404972136, 0.194594591856, 3.21024346352, 6.2826166153, 3.19580817223, 1.1883648634, 14.1560220718, 20.4128284454, 17.2313842773, 40.0169410706, 34.600276947, 68.5093307495, 64.5816116333, 124.3984375, 63.0804672241, 74.1803283691, 74.0140533447, 64.9517211914, 67.6197052002, 49.1347312927, 28.2754554749, 26.3644237518, 12.5690832138, 8.26203632355, 4.50240564346, 2.36968374252, 1.12403404713, 0.455692350864, 0.217153072357, 0.115690805018, 0.0513656958938, 0.0239483192563, 0.0081226862967, 0.00286870473064, 0.000992240267806, 0.000253907579463, 3.49329748133e-05, 1.86631150427e-05],
        "dmean2": [0.00155988021288, 0.0128114353865, 0.0246141850948, 0.319500267506, 5.22678899765, 9.23569488525, 5.11920261383, 1.93980050087, 21.7575092316, 32.7003288269, 28.3032894135, 64.6465148926, 57.7004127502, 113.909408569, 107.2082901, 220.418640137, 109.058288574, 129.982223511, 126.717193604, 113.698631287, 117.849380493, 83.7466506958, 49.1538047791, 48.0480003357, 23.0485725403, 14.9073314667, 8.25423717499, 4.32621097565, 2.01901507378, 0.815685927868, 0.397400200367, 0.2104678303, 0.0914203301072, 0.0431001670659, 0.0143764279783, 0.00510933622718, 0.00175812689122, 0.000449334998848, 6.10255738138e-05, 3.15252764267e-05],
        "dvar": [1.05152730612e-06, 6.71220186632e-05, 0.000448773440439, 0.0820728242397, 21.4325942993, 66.8128433228, 12.890917778, 2.32524466515, 523.795959473, 985.648620605, 390.300292969, 4211.92236328, 1676.92285156, 7236.98095703, 5770.61083984, 36643.0859375, 5202.49267578, 7849.87011719, 9021.8359375, 6693.06298828, 7794.2265625, 4284.73681641, 2064.72802734, 1787.59606934, 371.636260986, 184.053649902, 72.8376312256, 17.8285999298, 3.19655513763, 0.534525930882, 0.15137989819, 0.042609885335, 0.00752727733925, 0.00154855719302, 0.000131869237521, 1.86232082342e-05, 2.30116506827e-06, 2.14359531014e-07, 3.56122398237e-09, 3.05016317759e-10],
        "dvar2": [2.93873677037e-06, 0.00019367452478, 0.00103870371822, 0.206650361419, 45.5648345947, 124.409553528, 28.7868537903, 5.6299533844, 1120.90869141, 2236.09277344, 941.138244629, 10644.1044922, 4438.73193359, 17429.4980469, 15333.2539062, 102101.992188, 13040.5244141, 19639.0996094, 22779.046875, 17458.65625, 19901.2402344, 11006.5429688, 5401.19482422, 5200.97021484, 1042.37609863, 507.05670166, 214.949920654, 52.1481056213, 8.91185951233, 1.50682616234, 0.42648717761, 0.12164978683, 0.0206192899495, 0.0042648226954, 0.000365685322322, 5.28774799022e-05, 6.55767644275e-06, 6.21357742148e-07, 9.83702896917e-09, 7.29199034488e-10],
        "max": [0.00606501568109, 0.040532015264, 0.230935320258, 2.51411604881, 50.4594306946, 105.151535034, 32.0542678833, 12.7520713806, 208.302230835, 336.466461182, 118.594848633, 464.925170898, 247.65020752, 827.817810059, 529.120544434, 1151.93652344, 410.543426514, 506.69039917, 661.586853027, 493.669433594, 581.154296875, 477.354797363, 395.020324707, 308.525177002, 118.564872742, 93.749420166, 50.8913116455, 22.2236614227, 9.88549518585, 4.77118396759, 2.84847688675, 1.27188777924, 0.650877892971, 0.272014290094, 0.0682562068105, 0.0302068721503, 0.0103400582448, 0.00425240118057, 0.000479926267872, 0.00010350694356],
        "mean": [0.000902583939023, 0.00656223949045, 0.022519826889, 0.336572915316, 5.91030883789, 11.9534215927, 5.77079868317, 2.73422408104, 23.1496906281, 30.2827529907, 22.1530742645, 48.1676864624, 40.0832176208, 67.3422546387, 66.2507629395, 99.9586715698, 58.6318893433, 69.13722229, 64.8281097412, 54.7116012573, 56.8678436279, 40.7023696899, 23.2371368408, 19.6135692596, 9.53046798706, 6.48991584778, 3.44778394699, 1.80129849911, 0.837333261967, 0.345335304737, 0.166186586022, 0.0865346267819, 0.0389932058752, 0.0174032337964, 0.00609793281183, 0.00224695866928, 0.000796604261268, 0.000207528093597, 3.29531067109e-05, 2.62784196821e-05],
        "median": [0.000533416750841, 0.00311729917303, 0.0135154873133, 0.23279209435, 2.36478662491, 6.26575136185, 3.95140743256, 1.82645654678, 7.08293294907, 17.0362606049, 13.3580083847, 21.6366863251, 20.1266841888, 25.0535392761, 35.7936477661, 30.0073337555, 24.5941314697, 27.9107818604, 25.2763462067, 19.4427490234, 16.980506897, 10.4847650528, 7.01045942307, 3.90212273598, 2.01228642464, 1.43258595467, 0.724924087524, 0.35567972064, 0.181839823723, 0.0814482867718, 0.0391926318407, 0.0165061745793, 0.00652277329937, 0.00284510152414, 0.00110886630137, 0.000474072090583, 0.000199431335204, 5.27813754161e-05, 1.48638710016e-05, 1.93640844373e-05],
        "min": [4.26103588325e-06, 0.000111469300464, 0.000401538040023, 0.00109639379662, 0.0147175965831, 0.0798394829035, 0.222623407841, 0.159867122769, 0.0909835249186, 0.212139502168, 0.353061944246, 0.787020564079, 0.590817987919, 1.29629456997, 1.73552668095, 1.70203995705, 1.03158080578, 1.09254896641, 0.957003414631, 0.851873755455, 0.583067893982, 0.269387602806, 0.121692851186, 0.167735531926, 0.0910083502531, 0.0515224225819, 0.0345917008817, 0.0225576497614, 0.00718030100688, 0.00370169361122, 0.00279556424357, 0.00139959668741, 0.000638520927168, 0.000289329793304, 0.000175106775714, 9.65705112321e-05, 4.19683929067e-05, 1.07700170702e-05, 2.65228641183e-06, 1.91021217688e-06],
        "var": [1.13628789222e-06, 5.93296099396e-05, 0.000829534663353, 0.126298859715, 72.9639968872, 247.337905884, 31.1457386017, 6.18629932404, 1199.4654541, 1597.06762695, 529.8359375, 4878.98193359, 2068.08129883, 8825.41992188, 6324.81738281, 28887.0292969, 5559.37158203, 8671.42480469, 9452.08007812, 6277.04833984, 7430.60791016, 4486.15380859, 1754.74645996, 1346.77258301, 294.561462402, 141.998657227, 53.8687133789, 14.0176105499, 2.56395864487, 0.415831923485, 0.111157603562, 0.0312322322279, 0.00619283923879, 0.00122391548939, 0.000113992224215, 1.53533546836e-05, 1.93585265151e-06, 1.70524472765e-07, 3.039843266e-09, 4.08132722063e-10]
    },
    "gfcc": {
        "mean": [-59.4562263489, 129.096221924, -188.256118774, -12.5905580521, -56.1802597046, -16.5576057434, -36.2848587036, -13.2323732376, -24.4639167786, -12.0362606049, -17.1810283661, -6.78034257889, -6.02637624741],
        "cov": [[3228.24047852, -1227.72607422, -889.145202637, 240.929199219, 81.8960494995, 333.986724854, 45.7777900696, 198.727996826, 32.371295929, 142.094406128, 76.9547958374, 55.1781387329, 16.839471817], [-1227.72607422, 1093.90014648, 508.075012207, -261.752471924, -17.227689743, -194.18927002, 34.0607376099, -125.098114014, 5.70068073273, -128.285507202, -28.2633132935, -101.220809937, -18.2220363617], [-889.145202637, 508.075012207, 477.827178955, -38.1173820496, -52.3985328674, -132.92010498, -50.4281349182, -97.2317581177, -44.5909042358, -68.5007705688, -60.3173828125, -47.6657142639, -36.8420448303], [240.929199219, -261.752471924, -38.1173820496, 241.126174927, 38.0245056152, 2.84320235252, -30.5721721649, 4.21866989136, -34.4210624695, 23.092634201, -6.70776128769, 16.1252613068, -11.7576389313], [81.8960494995, -17.227689743, -52.3985328674, 38.0245056152, 120.16885376, 50.8484191895, 20.6079425812, 14.1646757126, -9.54847240448, -2.10800457001, 1.81306278706, 12.1882658005, 3.70218253136], [333.986724854, -194.18927002, -132.92010498, 2.84320235252, 50.8484191895, 151.729385376, 44.4086685181, 48.7948646545, 5.94862222672, 24.8748703003, 8.73599815369, 27.6279525757, 3.95278859138], [45.7777900696, 34.0607376099, -50.4281349182, -30.5721721649, 20.6079425812, 44.4086685181, 85.9510955811, 38.2994613647, 16.6957092285, -0.681767404079, 10.9515829086, 4.2123260498, 11.4809970856], [198.727996826, -125.098114014, -97.2317581177, 4.21866989136, 14.1646757126, 48.7948646545, 38.2994613647, 83.1939163208, 41.4677009583, 33.4090309143, 10.7243709564, 20.106584549, 11.2276315689], [32.371295929, 5.70068073273, -44.5909042358, -34.4210624695, -9.54847240448, 5.94862222672, 16.6957092285, 41.4677009583, 80.3950576782, 42.854637146, 23.0814380646, 17.4113731384, 14.4498205185], [142.094406128, -128.285507202, -68.5007705688, 23.092634201, -2.10800457001, 24.8748703003, -0.681767404079, 33.4090309143, 42.854637146, 70.1568832397, 28.3435325623, 28.2915554047, 11.0595598221], [76.9547958374, -28.2633132935, -60.3173828125, -6.70776128769, 1.81306278706, 8.73599815369, 10.9515829086, 10.7243709564, 23.0814380646, 28.3435325623, 55.0041389465, 24.2098922729, 12.4881601334], [55.1781387329, -101.220809937, -47.6657142639, 16.1252613068, 12.1882658005, 27.6279525757, 4.2123260498, 20.106584549, 17.4113731384, 28.2915554047, 24.2098922729, 65.9368133545, 19.9976634979], [16.839471817, -18.2220363617, -36.8420448303, -11.7576389313, 3.70218253136, 3.95278859138, 11.4809970856, 11.2276315689, 14.4498205185, 11.0595598221, 12.4881601334, 19.9976634979, 47.4193992615]],
        "icov": [[0.000811738078482, -0.000119988748338, 0.0014172521187, -0.000671360641718, 0.000593183620367, -0.0010365213966, 0.000739085546229, -0.000592947821133, 0.000353436276782, -8.28871270642e-05, -7.11234024493e-05, 0.000677024014294, 0.000246673589572], [-0.000119988748338, 0.00980028603226, -0.00871975813061, 0.00660586589947, -0.00749671692029, 0.00621157232672, -0.00875669252127, 0.00721281114966, -0.00919527560472, 0.00735682202503, -0.0064718388021, 0.0062237624079, -0.000682445359416], [0.0014172521187, -0.00871975813061, 0.0137640228495, -0.00622374983504, 0.00767069216818, -0.00454055331647, 0.00799730885774, -0.00419399840757, 0.00817323010415, -0.00633917516097, 0.00916190352291, -0.00557752046734, 0.0030601520557], [-0.000671360641718, 0.00660586589947, -0.00622374983504, 0.0111967539415, -0.00763844000176, 0.00703212991357, -0.0050259437412, 0.00333621352911, -0.000811957055703, -0.000259532593191, -0.00234569539316, 0.00205305102281, 0.001214629272], [0.000593183620367, -0.00749671692029, 0.00767069216818, -0.00763844000176, 0.0169417671859, -0.00888799596578, 0.00577609660104, -0.00535805011168, 0.00669377669692, -0.002391429618, 0.00420044641942, -0.00494514126331, -0.000240132780164], [-0.0010365213966, 0.00621157232672, -0.00454055331647, 0.00703212991357, -0.00888799596578, 0.0183231327683, -0.0107350805774, 0.00249465880916, -0.000864327361342, -0.000941133010201, 0.000181557654287, -0.00106192857493, 0.00302881188691], [0.000739085546229, -0.00875669252127, 0.00799730885774, -0.0050259437412, 0.00577609660104, -0.0107350805774, 0.0279590822756, -0.0158389490098, 0.00701692700386, 0.00072274194099, -0.000236782099819, -0.0018315037014, -0.00270744273439], [-0.000592947821133, 0.00721281114966, -0.00419399840757, 0.00333621352911, -0.00535805011168, 0.00249465880916, -0.0158389490098, 0.0336369238794, -0.0178383886814, 0.00102737441193, 0.00292321341112, 0.0014862989774, 0.000431432708865], [0.000353436276782, -0.00919527560472, 0.00817323010415, -0.000811957055703, 0.00669377669692, -0.000864327361342, 0.00701692700386, -0.0178383886814, 0.0379594601691, -0.0225966982543, 0.00402354914695, -0.00590170174837, -0.000303764827549], [-8.28871270642e-05, 0.00735682202503, -0.00633917516097, -0.000259532593191, -0.002391429618, -0.000941133010201, 0.00072274194099, 0.00102737441193, -0.0225966982543, 0.0410743504763, -0.0152882253751, 0.00179627048783, -0.00171137053985], [-7.11234024493e-05, -0.0064718388021, 0.00916190352291, -0.00234569539316, 0.00420044641942, 0.000181557654287, -0.000236782099819, 0.00292321341112, 0.00402354914695, -0.0152882253751, 0.0353204868734, -0.0122767500579, 0.00131212512497], [0.000677024014294, 0.0062237624079, -0.00557752046734, 0.00205305102281, -0.00494514126331, -0.00106192857493, -0.0018315037014, 0.0014862989774, -0.00590170174837, 0.00179627048783, -0.0122767500579, 0.0285226479173, -0.00852296315134], [0.000246673589572, -0.000682445359416, 0.0030601520557, 0.001214629272, -0.000240132780164, 0.00302881188691, -0.00270744273439, 0.000431432708865, -0.000303764827549, -0.00171137053985, 0.00131212512497, -0.00852296315134, 0.027477376163]]
    },
    "melbands": {
        "dmean": [8.18298485683e-06, 7.65127697377e-06, 8.97197824088e-05, 0.000394307193346, 0.000138570889249, 3.16711448249e-05, 0.000222532224143, 0.000228118893574, 0.000154685578309, 0.000266957125859, 0.000165675563039, 0.000263345282292, 0.000264675560175, 0.000305312365526, 0.000185692260857, 0.000164898243384, 0.000143316021422, 0.000127811872517, 0.000121532444609, 7.97436514404e-05, 8.0898986198e-05, 5.35865510756e-05, 3.56017881131e-05, 2.07631346711e-05, 2.27998480113e-05, 1.12493571578e-05, 7.48535239836e-06, 4.76700779473e-06, 3.35027698384e-06, 1.80643212389e-06, 1.1817264749e-06, 6.85931070166e-07, 3.89647937027e-07, 2.08369044685e-07, 1.28117747522e-07, 9.19544120848e-08, 6.21612272766e-08, 3.72810440297e-08, 2.74735612038e-08, 1.7533608343e-08],
        "dmean2": [1.4878739421e-05, 1.32747481985e-05, 0.000149293526192, 0.000591867021285, 0.000223247232498, 5.2156039601e-05, 0.000340939266607, 0.00036277671461, 0.000258732790826, 0.000430352956755, 0.000277210929198, 0.000442412885604, 0.000441508746007, 0.000540809414815, 0.000327349203872, 0.000286656140815, 0.000250116660027, 0.000221861642785, 0.000214060040889, 0.000139915879117, 0.00014132403885, 9.16245626286e-05, 6.19765196461e-05, 3.56773052772e-05, 4.17362789449e-05, 2.06555832847e-05, 1.3703212062e-05, 8.49328171171e-06, 6.16919851382e-06, 3.29007639266e-06, 2.14197439163e-06, 1.22749156617e-06, 7.04655406025e-07, 3.77117970629e-07, 2.32890258189e-07, 1.6844276729e-07, 1.12406027597e-07, 6.63356090058e-08, 4.98045444886e-08, 3.16407664513e-08],
        "dvar": [9.33636432054e-11, 8.38855235274e-11, 1.32861535107e-08, 3.03245684563e-07, 2.92045179151e-08, 1.86342430375e-09, 1.19743205573e-07, 1.22232862054e-07, 4.02072686256e-08, 1.71621124423e-07, 4.00176531912e-08, 1.12227802163e-07, 1.23882244907e-07, 2.15006323856e-07, 6.18578610556e-08, 5.0606601576e-08, 3.09710337376e-08, 2.79563057148e-08, 3.61484957523e-08, 9.36176736133e-09, 1.39213991446e-08, 5.09785458291e-09, 2.74237188513e-09, 1.23167787081e-09, 1.4132633952e-09, 2.92482899011e-10, 2.48583376106e-10, 6.17012482773e-11, 4.42903942688e-11, 1.14055613912e-11, 4.24269950769e-12, 1.22888298929e-12, 4.46531104193e-13, 1.22765363955e-13, 5.24578820595e-14, 2.82839412156e-14, 1.25813623774e-14, 4.06324669413e-15, 2.30074752551e-15, 8.22189523851e-16],
        "dvar2": [2.61684868219e-10, 2.11810860518e-10, 3.53557396693e-08, 5.11899600042e-07, 6.84067558154e-08, 4.40607417218e-09, 2.55280525607e-07, 2.84753838287e-07, 1.05215555379e-07, 4.268454461e-07, 1.05998509525e-07, 2.67962008138e-07, 3.3362010754e-07, 5.99875590979e-07, 1.65827160004e-07, 1.34935461915e-07, 7.81080871093e-08, 6.99105555668e-08, 9.82145493822e-08, 2.37806503378e-08, 3.67037209514e-08, 1.32086084292e-08, 7.11352843297e-09, 3.42370376494e-09, 4.1505217041e-09, 8.14239786706e-10, 7.12055192587e-10, 1.71817463035e-10, 1.31456054375e-10, 3.33207836323e-11, 1.22400310373e-11, 3.43475790344e-12, 1.23615375748e-12, 3.51547702624e-13, 1.47334862409e-13, 8.09761396933e-14, 3.55220240971e-14, 1.10662127113e-14, 6.31952054299e-15, 2.25368213979e-15],
        "max": [5.19492205058e-05, 7.72392595536e-05, 0.000835373823065, 0.00698573421687, 0.0015826857416, 0.000330750481226, 0.00291323359124, 0.00340916961432, 0.00146577123087, 0.00315337837674, 0.00119356345385, 0.00320620532148, 0.00213155802339, 0.00279482104816, 0.00131823087577, 0.00166146724951, 0.00111396948341, 0.000994475791231, 0.00159055355471, 0.000503504299559, 0.000855773221701, 0.000478746194858, 0.000399233744247, 0.000249679927947, 0.000274263467873, 0.000109516688099, 0.000155351386638, 5.85116395087e-05, 4.23577657784e-05, 1.96471701202e-05, 1.15763723443e-05, 7.07267690814e-06, 5.0030885177e-06, 2.30076420848e-06, 1.62031381024e-06, 1.0453111372e-06, 8.09029245374e-07, 4.67061227027e-07, 3.51757307726e-07, 1.86065349794e-07],
        "mean": [8.06691969046e-06, 8.92815478437e-06, 0.000149404324475, 0.00076776772039, 0.000258632848272, 6.27448753221e-05, 0.000356182805263, 0.000325680390233, 0.000187500350876, 0.000324761058437, 0.000190104357898, 0.000256365950918, 0.000261714158114, 0.00024871568894, 0.000159768111189, 0.00013977017079, 0.000132426226628, 0.000111882698548, 9.58022355917e-05, 6.75610936014e-05, 6.65829138597e-05, 4.46039957751e-05, 2.90786592814e-05, 1.59988212545e-05, 1.6538941054e-05, 8.51083404996e-06, 5.55066571906e-06, 3.73909301743e-06, 2.54158112512e-06, 1.36963774366e-06, 8.79746892224e-07, 5.11316954999e-07, 2.8631595228e-07, 1.5642419271e-07, 9.77751071218e-08, 6.75903351066e-08, 4.65145930661e-08, 2.83746182106e-08, 2.0160046077e-08, 1.26165948799e-08],
        "median": [4.26161386713e-06, 4.47830279882e-06, 8.85062690941e-05, 0.000377568183467, 0.000169834253029, 3.92846231989e-05, 0.000131347609567, 0.000175664419658, 9.80807526503e-05, 0.000148881663335, 9.5459377917e-05, 9.39499223023e-05, 0.000115632130473, 8.67605413077e-05, 5.3459101764e-05, 4.77416724607e-05, 4.97305300087e-05, 4.26415062975e-05, 2.97861752188e-05, 2.11718324863e-05, 1.6227892047e-05, 1.08547546915e-05, 7.94828883954e-06, 4.06184608437e-06, 3.05372554976e-06, 1.77734625595e-06, 1.07598305021e-06, 8.57921406805e-07, 5.40851374353e-07, 2.62647887439e-07, 1.83432575795e-07, 1.03812702434e-07, 6.20798914497e-08, 3.47729169903e-08, 2.23352447648e-08, 1.44159706394e-08, 8.36118374536e-09, 4.81668438468e-09, 3.1144131718e-09, 2.21134111023e-09],
        "min": [6.01463696626e-08, 1.0839562492e-07, 9.03621213411e-08, 2.28879844144e-06, 8.14856684883e-06, 1.11501117317e-06, 1.60069589583e-06, 2.06636332223e-06, 2.2413410079e-06, 5.20173762197e-06, 1.35661809963e-06, 3.74854153051e-06, 4.02543537348e-06, 2.39640394284e-06, 3.14638350574e-06, 1.61384809871e-06, 1.61363720963e-06, 1.23460631585e-06, 1.24203791074e-06, 9.66774905464e-07, 5.41810265986e-07, 2.60726920942e-07, 1.79643109277e-07, 6.59542749304e-08, 1.43790501284e-07, 4.74798476091e-08, 3.42772565887e-08, 3.53584255208e-08, 2.43036311076e-08, 1.79058865513e-08, 8.34539104488e-09, 3.96077481923e-09, 2.79049094942e-09, 1.71311564934e-09, 1.24103172183e-09, 1.1258329824e-09, 6.60979493361e-10, 4.01683047935e-10, 2.63432525793e-10, 2.18875237379e-10],
        "var": [8.94663509943e-11, 1.30813165855e-10, 2.79913425771e-08, 1.27973726194e-06, 6.02497181035e-08, 4.52472992407e-09, 2.66900372026e-07, 1.92186320191e-07, 4.96748064904e-08, 2.09538782769e-07, 4.91697456084e-08, 1.34274770858e-07, 1.27765829916e-07, 1.67843310805e-07, 5.51442767005e-08, 4.50339463498e-08, 3.51036923973e-08, 2.89910317974e-08, 2.98977944624e-08, 9.02731311925e-09, 1.22223973165e-08, 5.27309218512e-09, 2.63276911383e-09, 9.9507835305e-10, 1.02907582455e-09, 2.3220082801e-10, 1.65277555531e-10, 4.70429702137e-11, 3.21402626735e-11, 8.9704268319e-12, 3.26962220319e-12, 1.0027719757e-12, 3.2734126282e-13, 9.24596296335e-14, 3.87023278822e-14, 1.99858118472e-14, 9.42334233512e-15, 3.3637825564e-15, 1.79671951145e-15, 6.42965663723e-16]
    },
    "mfcc": {
        "mean": [-684.918640137, 166.67729187, -74.5782012939, -0.320365607738, -19.0432395935, -7.69297552109, -14.1254930496, -8.04866886139, -8.83588600159, -8.60492134094, -11.5956611633, -7.6744761467, -8.37814044952],
        "cov": [[3937.09204102, -1479.98901367, -870.371032715, -97.3841629028, 31.9890422821, 174.855300903, 141.048919678, 145.981719971, 79.8731689453, 140.807357788, 137.52116394, 111.611549377, 72.6132125854], [-1479.98901367, 1231.63452148, 408.588165283, -71.201171875, -49.83984375, -97.5791702271, -34.8942489624, -40.5388069153, -12.0352716446, -51.4233589172, -55.8089523315, -51.229473114, -10.6292495728], [-870.371032715, 408.588165283, 394.804138184, 62.6465187073, -28.7304973602, -49.8136444092, -57.9020233154, -62.5573310852, -42.7534065247, -39.5403175354, -49.2571411133, -44.9677619934, -39.755897522], [-97.3841629028, -71.201171875, 62.6465187073, 212.24710083, 39.4980926514, -7.60666751862, -13.6401319504, -27.0274066925, -32.8136177063, -3.85524058342, -29.1652011871, -13.4274291992, -25.2470359802], [31.9890422821, -49.83984375, -28.7304973602, 39.4980926514, 93.2543945312, 34.4354896545, 11.54479599, 4.23484230042, -1.14302372932, -7.27382659912, -4.61521148682, 3.26145672798, 4.37525081635], [174.855300903, -97.5791702271, -49.8136444092, -7.60666751862, 34.4354896545, 82.4144287109, 38.5384292603, 24.5786056519, 4.339220047, -2.69586968422, 6.13134002686, 8.19493865967, 14.6693439484], [141.048919678, -34.8942489624, -57.9020233154, -13.6401319504, 11.54479599, 38.5384292603, 88.2299041748, 39.6414146423, 10.3887367249, 8.09802722931, -3.86852455139, -2.0368065834, 5.59519577026], [145.981719971, -40.5388069153, -62.5573310852, -27.0274066925, 4.23484230042, 24.5786056519, 39.6414146423, 74.8151473999, 30.2319374084, 6.89656066895, 11.7027797699, 13.6866798401, 22.2048969269], [79.8731689453, -12.0352716446, -42.7534065247, -32.8136177063, -1.14302372932, 4.339220047, 10.3887367249, 30.2319374084, 81.1014328003, 22.0553646088, 3.80812501907, 26.1083316803, 28.9350318909], [140.807357788, -51.4233589172, -39.5403175354, -3.85524058342, -7.27382659912, -2.69586968422, 8.09802722931, 6.89656066895, 22.0553646088, 70.5429458618, 20.4880504608, 3.34969568253, 5.0825381279], [137.52116394, -55.8089523315, -49.2571411133, -29.1652011871, -4.61521148682, 6.13134002686, -3.86852455139, 11.7027797699, 3.80812501907, 20.4880504608, 69.5806045532, 16.307352066, 8.67255687714], [111.611549377, -51.229473114, -44.9677619934, -13.4274291992, 3.26145672798, 8.19493865967, -2.0368065834, 13.6866798401, 26.1083316803, 3.34969568253, 16.307352066, 64.805015564, 35.7414665222], [72.6132125854, -10.6292495728, -39.755897522, -25.2470359802, 4.37525081635, 14.6693439484, 5.59519577026, 22.2048969269, 28.9350318909, 5.0825381279, 8.67255687714, 35.7414665222, 62.2254219055]],
