{
"lowlevel": {
    "average_loudness": 0.986964464188,
    "barkbands_crest": {
        "dmean": 1.51911282539,
        "dmean2": 2.46528816223,
        "dvar": 2.19832110405,
        "dvar2": 5.72206449509,
        "max": 16.4149475098,
        "mean": 8.02447414398,
        "median": 7.89555883408,
        "min": 3.45336270332,
        "var": 6.50344800949
    },
    "barkbands_flatness_db": {
        "dmean": 0.00795640517026,
        "dmean2": 0.012882697396,
        "dvar": 4.53089414805e-05,
        "dvar2": 9.9487719126e-05,
        "max": 0.171785980463,
        "mean": 0.143587782979,
        "median": 0.145383432508,
        "min": 0.086385987699,
        "var": 0.00015976683062
    },
    "barkbands_kurtosis": {
        "dmean": 0.268455415964,
        "dmean2": 0.427364587784,
        "dvar": 0.0513591356575,
        "dvar2": 0.117964617908,
        "max": 0.731561183929,
        "mean": -0.694611430168,
        "median": -0.828431367874,
        "min": -1.61802816391,
        "var": 0.33715903759
    },
    "barkbands_skewness": {
        "dmean": 0.189883992076,
        "dmean2": 0.299062281847,
        "dvar": 0.0201517101377,
        "dvar2": 0.04841504246,
        "max": 1.16649663448,
        "mean": 0.48538506031,
        "median": 0.500813663006,
        "min": -0.327303647995,
        "var": 0.0863689780235
    },
    "barkbands_spread": {
        "dmean": 2.88680362701,
        "dmean2": 4.52307224274,
        "dvar": 5.62445259094,
        "dvar2": 12.4206380844,
        "max": 43.3327407837,
        "mean": 27.1976585388,
        "median": 27.0933628082,
        "min": 14.9490537643,
        "var": 39.560585022
    },
    "dissonance": {
        "dmean": 0.0132386572659,
        "dmean2": 0.0219642557204,
        "dvar": 0.000159023547894,
        "dvar2": 0.000359927100362,
        "max": 0.499998390675,
        "mean": 0.47881269455,
        "median": 0.483513981104,
        "min": 0.422396719456,
        "var": 0.000258445448708
    },
    "dynamic_complexity": 0.610168337822,
    "erbbands_crest": {
        "dmean": 1.59769320488,
        "dmean2": 2.42612242699,
        "dvar": 1.73029482365,
        "dvar2": 4.41744852066,
        "max": 19.378911972,
        "mean": 10.2572202682,
        "median": 9.52190303802,
        "min": 4.28648710251,
        "var": 15.3804779053
    },
    "erbbands_flatness_db": {
        "dmean": 0.00831804703921,
        "dmean2": 0.0132412109524,
        "dvar": 3.9619510062e-05,
        "dvar2": 8.10773053672e-05,
        "max": 0.266743838787,
        "mean": 0.22045750916,
        "median": 0.220898523927,
        "min": 0.18803755939,
        "var": 0.000166029713
    },
    "erbbands_kurtosis": {
        "dmean": 0.35764092207,
        "dmean2": 0.553353428841,
        "dvar": 0.156664222479,
        "dvar2": 0.298192113638,
        "max": 2.16854953766,
        "mean": -0.43589296937,
        "median": -0.601955890656,
        "min": -1.43584644794,
        "var": 0.501915216446
    },
    "erbbands_skewness": {
        "dmean": 0.218931481242,
        "dmean2": 0.341267943382,
        "dvar": 0.0344692058861,
        "dvar2": 0.0686709955335,
        "max": 0.90541023016,
        "mean": -0.24111045897,
        "median": -0.216664522886,
        "min": -1.4357932806,
        "var": 0.287014394999
    },
    "erbbands_spread": {
        "dmean": 2.86660313606,
        "dmean2": 4.7814874649,
        "dvar": 6.62868213654,
        "dvar2": 15.9674196243,
        "max": 40.4697570801,
        "mean": 28.809709549,
        "median": 28.5202827454,
        "min": 18.0968780518,
        "var": 16.1194591522
    },
    "hfc": {
        "dmean": 4.10868787766,
        "dmean2": 6.38999700546,
        "dvar": 22.8022174835,
        "dvar2": 35.507068634,
        "max": 54.2522239685,
        "mean": 29.5425815582,
        "median": 27.5169506073,
        "min": 0.7657148242,
        "var": 70.0119857788
    },
    "melbands_crest": {
        "dmean": 2.39722514153,
        "dmean2": 3.95777702332,
        "dvar": 5.28976726532,
        "dvar2": 14.1309490204,
        "max": 22.850063324,
        "mean": 11.2555942535,
        "median": 10.7133455276,
        "min": 5.01286649704,
        "var": 10.0735387802
    },
    "melbands_flatness_db": {
        "dmean": 0.0116091007367,
        "dmean2": 0.0187878105789,
        "dvar": 8.62270753714e-05,
        "dvar2": 0.000168922895682,
        "max": 0.22417768836,
        "mean": 0.192649751902,
        "median": 0.19625505805,
        "min": 0.121753245592,
        "var": 0.000354233110556
    },
    "melbands_kurtosis": {
        "dmean": 0.816648304462,
        "dmean2": 1.25500023365,
        "dvar": 0.446900844574,
        "dvar2": 0.953088521957,
        "max": 5.22945022583,
        "mean": 1.38962900639,
        "median": 1.21824073792,
        "min": -1.00634562969,
        "var": 1.51546597481
    },
    "melbands_skewness": {
        "dmean": 0.249594554305,
        "dmean2": 0.381724506617,
        "dvar": 0.0393243804574,
        "dvar2": 0.0866902470589,
        "max": 2.26964592934,
        "mean": 1.29352867603,
        "median": 1.2216694355,
        "min": 0.396045953035,
        "var": 0.147342786193
    },
    "melbands_spread": {
        "dmean": 4.54197406769,
        "dmean2": 7.41203689575,
        "dvar": 16.3763370514,
        "dvar2": 35.8823776245,
        "max": 62.9754524231,
        "mean": 36.81432724,
        "median": 35.986415863,
        "min": 22.6512508392,
        "var": 78.9748077393
    },
    "pitch_salience": {
        "dmean": 0.0441032163799,
        "dmean2": 0.0680506378412,
        "dvar": 0.00123302941211,
        "dvar2": 0.00250858487561,
        "max": 0.899924218655,
        "mean": 0.550247430801,
        "median": 0.53975725174,
        "min": 0.422097802162,
        "var": 0.00513718323782
    },
    "silence_rate_20dB": {
        "dmean": 0,
        "dmean2": 0,
        "dvar": 0,
        "dvar2": 0,
        "max": 1,
        "mean": 1,
        "median": 1,
        "min": 1,
        "var": 0
    },
    "silence_rate_30dB": {
        "dmean": 0,
        "dmean2": 0,
        "dvar": 0,
        "dvar2": 0,
        "max": 1,
        "mean": 1,
        "median": 1,
        "min": 1,
        "var": 0
    },
    "silence_rate_60dB": {
        "dmean": 0,
        "dmean2": 0,
        "dvar": 0,
        "dvar2": 0,
        "max": 0,
        "mean": 0,
        "median": 0,
        "min": 0,
        "var": 0
    },
    "spectral_centroid": {
        "dmean": 147.733322144,
        "dmean2": 239.771057129,
        "dvar": 12941.6240234,
        "dvar2": 36381.2578125,
        "max": 2425.44555664,
        "mean": 1754.4276123,
        "median": 1768.79467773,
        "min": 1157.7097168,
        "var": 84229.234375
    },
    "spectral_complexity": {
        "dmean": 3.3666665554,
        "dmean2": 5.23529434204,
        "dvar": 17.6488990784,
        "dvar2": 23.5076675415,
        "max": 43,
        "mean": 34.2066116333,
        "median": 34,
        "min": 0,
        "var": 27.6515274048
    },
    "spectral_decrease": {
        "dmean": 1.04106356869e-09,
        "dmean2": 1.66120162071e-09,
        "dvar": 7.58599584954e-19,
        "dvar2": 1.70462351086e-18,
        "max": -1.22602095143e-10,
        "mean": -7.36277216973e-09,
        "median": -7.60227436558e-09,
        "min": -9.63373647522e-09,
        "var": 1.8712744515e-18
    },
    "spectral_energy": {
        "dmean": 0.00418023020029,
        "dmean2": 0.0066641215235,
        "dvar": 1.28429637698e-05,
        "dvar2": 2.74782905763e-05,
        "max": 0.0402949377894,
        "mean": 0.0304683558643,
        "median": 0.0316066034138,
        "min": 0.000532182166353,
        "var": 3.13504242513e-05
    },
    "spectral_energyband_high": {
        "dmean": 9.16259523365e-05,
        "dmean2": 0.000140446412843,
        "dvar": 1.14313634114e-08,
        "dvar2": 2.26503225065e-08,
        "max": 0.000919350190088,
        "mean": 0.000389158900362,
        "median": 0.000326943030814,
        "min": 9.12605810299e-06,
        "var": 2.93711899246e-08
    },
    "spectral_energyband_low": {
        "dmean": 0.00290652154945,
        "dmean2": 0.00479276338592,
        "dvar": 5.18954675499e-06,
        "dvar2": 1.16951323434e-05,
        "max": 0.0144273815677,
        "mean": 0.00591347785667,
        "median": 0.005184749607,
        "min": 1.66869995155e-05,
        "var": 1.00002571344e-05
    },
    "spectral_energyband_middle_high": {
        "dmean": 0.00178548449185,
        "dmean2": 0.00282775843516,
        "dvar": 3.93936443288e-06,
        "dvar2": 7.04843978383e-06,
        "max": 0.0199004877359,
        "mean": 0.00951572321355,
        "median": 0.00854782294482,
        "min": 0.000352465169271,
        "var": 1.18165935419e-05
    },
    "spectral_energyband_middle_low": {
        "dmean": 0.00304494588636,
        "dmean2": 0.0050206920132,
        "dvar": 6.12012945567e-06,
        "dvar2": 1.51317954078e-05,
        "max": 0.0259528160095,
        "mean": 0.0157939214259,
        "median": 0.0157026350498,
        "min": 0.000167915713973,
        "var": 2.62631419901e-05
    },
    "spectral_entropy": {
        "dmean": 0.0608953200281,
        "dmean2": 0.0970939993858,
        "dvar": 0.00448036333546,
        "dvar2": 0.00714510446414,
        "max": 8.31863594055,
        "mean": 7.51892948151,
        "median": 7.51386928558,
        "min": 7.33177900314,
        "var": 0.0103984996676
    },
    "spectral_flux": {
        "dmean": 0.012580756098,
        "dmean2": 0.0206297300756,
        "dvar": 0.00011681747128,
        "dvar2": 0.000281165906927,
        "max": 0.143394589424,
        "mean": 0.0801741406322,
        "median": 0.0785568729043,
        "min": 0.0532450117171,
        "var": 0.000221137015615
    },
    "spectral_kurtosis": {
        "dmean": 3.40326952934,
        "dmean2": 6.09290266037,
        "dvar": 10.4786729813,
        "dvar2": 34.5932617188,
        "max": 25.6070919037,
        "mean": 4.65406084061,
        "median": 4.02528190613,
        "min": 1.10559558868,
        "var": 10.3293876648
    },
    "spectral_rms": {
        "dmean": 0.000397814059397,
        "dmean2": 0.000623869244009,
        "dvar": 2.00435053443e-07,
        "dvar2": 3.1530345268e-07,
        "max": 0.00626993877813,
        "mean": 0.00541656278074,
        "median": 0.00555299129337,
        "min": 0.000720556825399,
        "var": 3.86060435176e-07
    },
    "spectral_rolloff": {
        "dmean": 203.84765625,
        "dmean2": 357.197875977,
        "dvar": 42812.4960938,
        "dvar2": 99776,
        "max": 2799.31640625,
        "mean": 2069.8581543,
        "median": 2174.85351562,
        "min": 1076.66015625,
        "var": 219504.53125
    },
    "spectral_skewness": {
        "dmean": 0.325023233891,
        "dmean2": 0.588420927525,
        "dvar": 0.107901506126,
        "dvar2": 0.317371845245,
        "max": 3.473508358,
        "mean": 0.928879201412,
        "median": 0.893454253674,
        "min": 0.429082721472,
        "var": 0.158339574933
    },
    "spectral_spread": {
        "dmean": 214589.5,
        "dmean2": 309443.4375,
        "dvar": 548734795776,
        "dvar2": 389960007680,
        "max": 11763904,
        "mean": 2432678.5,
        "median": 2335855.5,
        "min": 2040113.75,
        "var": 763553710080
    },
    "spectral_strongpeak": {
        "dmean": 0.594922363758,
        "dmean2": 1.02732038498,
        "dvar": 0.60679268837,
        "dvar2": 1.17083966732,
        "max": 4.86672925949,
        "mean": 1.79805386066,
        "median": 1.91224992275,
        "min": 0.0162465851754,
        "var": 1.58333206177
    },
    "zerocrossingrate": {
        "dmean": 0.00468750018626,
        "dmean2": 0.00587578769773,
        "dvar": 2.54011047218e-05,
        "dvar2": 2.60414526565e-05,
        "max": 0.08203125,
        "mean": 0.0594452172518,
        "median": 0.05859375,
        "min": 0.0185546875,
        "var": 0.000114762187877
    },
    "barkbands": {
        "dmean": [7.00447053532e-05, 0.0025022700429, 0.000427306978963, 0.000909113266971, 0.00243211840279, 0.00076704157982, 0.000322383712046, 6.56052943668e-05, 0.00136167393066, 0.000185968063306, 0.000296341924695, 0.000516053871252, 8.18088446977e-05, 0.000720085285138, 0.000375650794012, 0.000569728203118, 0.000773642212152, 0.00036486616591, 0.000260539440205, 0.000104899154394, 7.50351537135e-05, 1.27586836243e-05, 6.36809033949e-07, 5.6049742625e-07, 1.94495967776e-07, 5.64245219437e-08, 1.54845487543e-08],
        "dmean2": [0.000104073624243, 0.00426719989628, 0.000648530956823, 0.00153920229059, 0.00423549255356, 0.00118129025213, 0.000587740971241, 0.000110851877253, 0.0018521345919, 0.00032919694786, 0.00049980141921, 0.000847005750984, 0.000137222523335, 0.0010700392304, 0.000633614428807, 0.000991743756458, 0.00118859112263, 0.000606369110756, 0.000429882900789, 0.00017377230688, 0.000113607551611, 2.01176098926e-05, 1.04359708075e-06, 8.02202748673e-07, 3.18586614867e-07, 9.14932698493e-08, 2.27023964072e-08],
        "dvar": [5.79637982057e-09, 4.20614378527e-06, 1.99227130793e-07, 1.09077041088e-06, 4.37719108959e-06, 1.11575957362e-06, 1.00089678767e-07, 4.75505590458e-09, 1.17698959912e-06, 3.75243871531e-08, 6.48062865594e-08, 3.19282008832e-07, 5.00538765991e-09, 4.52535630302e-07, 2.11354588942e-07, 3.01912649547e-07, 6.5811929062e-07, 1.12737588154e-07, 7.11652532459e-08, 8.00687249836e-09, 8.10268208085e-09, 1.32556410293e-10, 4.1091685176e-13, 2.70050366617e-13, 2.93634000036e-14, 4.02192757993e-15, 5.46831384088e-15],
        "dvar2": [1.25363124326e-08, 9.53846119955e-06, 4.03762584256e-07, 2.44774287239e-06, 1.12900524982e-05, 2.87915395347e-06, 2.93145234309e-07, 1.1859905058e-08, 2.29458896683e-06, 1.06426426782e-07, 1.97157021375e-07, 7.60973250635e-07, 1.21683312315e-08, 1.03623858649e-06, 3.77241178739e-07, 7.96883284693e-07, 1.390480179e-06, 3.47655458199e-07, 1.92477386918e-07, 2.22029115093e-08, 1.67871796464e-08, 3.20101140039e-10, 1.02978140338e-12, 6.39223266333e-13, 6.68378723136e-14, 8.48905059474e-15, 6.05863270117e-15],
        "max": [0.000761278904974, 0.0117078917101, 0.00407512392849, 0.00826852861792, 0.0102511039004, 0.00888844765723, 0.00164595490787, 0.000421156350058, 0.0178032685071, 0.00145748560317, 0.00186306540854, 0.00364286871627, 0.000858480925672, 0.00639707734808, 0.00414391933009, 0.00406790571287, 0.00791161879897, 0.00230501964688, 0.0018250135472, 0.000824739807285, 0.000759442977142, 0.000130433458253, 5.12990300194e-06, 5.7604520407e-06, 1.73023818206e-06, 9.04493731468e-07, 8.26401560516e-07],
        "mean": [0.000224757750402, 0.00373841193505, 0.000836279708892, 0.00183199439198, 0.00441848766059, 0.0015223560622, 0.000349630485289, 0.000107573083369, 0.00749535346404, 0.000288631592412, 0.000564275251236, 0.000801124842837, 0.000240594090428, 0.00167005194817, 0.000942493206821, 0.0011711854022, 0.0020818063058, 0.000792307313532, 0.00078865152318, 0.000304914079607, 0.000253877282375, 3.87851105188e-05, 1.94583708435e-06, 1.74093486294e-06, 8.61712919686e-07, 2.71938546348e-07, 3.88653944583e-08],
        "median": [0.000201187212951, 0.00323658226989, 0.000650628469884, 0.00159319571685, 0.00392098724842, 0.000986323109828, 0.00022296179668, 8.53087040014e-05, 0.00642256531864, 0.000243010756094, 0.000519216002431, 0.00063584453892, 0.000189184298506, 0.00127781636547, 0.000788241741247, 0.000991530134343, 0.00147912965622, 0.00068732566433, 0.000687383813784, 0.000283276924165, 0.000211341321119, 3.07360533043e-05, 1.7953641418e-06, 1.38593611609e-06, 8.57136001287e-07, 2.48809925552e-07, 2.79934990743e-08],
        "min": [8.8386485686e-08, 3.09823030875e-06, 8.11648715171e-06, 1.17312347356e-05, 3.01232867059e-05, 9.66191237239e-06, 3.07943196276e-06, 1.26758422994e-05, 7.94811130618e-05, 4.00234130211e-05, 3.07987938868e-05, 5.01237336721e-05, 2.62578723778e-05, 2.85501264443e-05, 3.75425552193e-05, 2.44175207627e-05, 6.45587933832e-05, 1.36684611789e-05, 1.76798184839e-05, 1.15529483082e-05, 4.73697855341e-06, 9.848188256e-07, 2.93465546974e-07, 2.42761217351e-07, 2.5950566851e-07, 1.42745861353e-07, 1.49633763158e-08],
        "var": [1.84067090458e-08, 6.79358390698e-06, 4.13346612049e-07, 1.98188740796e-06, 6.09983680988e-06, 2.36516120822e-06, 9.83276464694e-08, 6.39420916215e-09, 2.23065271712e-05, 4.23414192596e-08, 1.03312878252e-07, 4.07390132295e-07, 2.7006777259e-08, 1.66304823779e-06, 4.68672340048e-07, 4.41171209786e-07, 2.87433431367e-06, 1.59429859536e-07, 1.22904410205e-07, 1.64880802345e-08, 1.85577544443e-08, 5.61634849738e-10, 5.48531923009e-13, 1.06291603123e-12, 7.73757685528e-14, 9.2034187007e-15, 5.70185903565e-15]
    },
    "erbbands": {
        "dmean": [0.104624137282, 0.444750487804, 0.42390653491, 2.05911898613, 4.19737052917, 13.4842329025, 6.11684179306, 7.17687654495, 2.17039966583, 5.12057352066, 4.12642717361, 41.2166175842, 7.52081298828, 9.93087768555, 12.023683548, 21.0150852203, 3.87883353233, 21.6526470184, 20.0888690948, 22.5431499481, 32.1598587036, 38.8002510071, 18.8976745605, 18.3465080261, 9.04277420044, 4.77888393402, 2.16333675385, 3.27482748032, 0.587280929089, 0.0887986645103, 0.0201417095959, 0.0143693871796, 0.00712400022894, 0.00413440680131, 0.000742768752389, 0.000392552319681, 7.50603576307e-05, 1.90956252482e-05, 3.40298083756e-06, 4.85912005388e-06],
        "dmean2": [0.172543510795, 0.773643672466, 0.622778952122, 3.4276509285, 6.77527236938, 23.5448493958, 10.200094223, 10.8879556656, 3.78738617897, 9.32586097717, 6.40744352341, 56.3977165222, 11.0928859711, 17.0170383453, 20.2238006592, 34.1254959106, 6.54007196426, 31.7976551056, 29.753660202, 38.7508354187, 53.58618927, 61.0765151978, 29.9926052094, 30.8875083923, 14.6811304092, 7.65801286697, 3.34474086761, 5.05468559265, 0.945433557034, 0.139868661761, 0.0333605967462, 0.0226207505912, 0.0109418621287, 0.00654151011258, 0.00121764815412, 0.000658770848531, 0.000113710622827, 3.01372183458e-05, 5.07903996549e-06, 7.85377051216e-06],
        "dvar": [0.00716848531738, 0.137711673975, 0.213693097234, 5.54354763031, 13.4586515427, 140.174087524, 36.4648361206, 102.66230011, 2.83023834229, 31.3913002014, 14.5217399597, 1079.26977539, 35.6964988708, 122.751853943, 117.905395508, 534.512451172, 13.7737321854, 356.202178955, 371.483459473, 547.754516602, 829.668518066, 1563.07568359, 384.481262207, 261.551574707, 80.0750045776, 16.3881015778, 3.56458973885, 19.6740131378, 0.384239345789, 0.0107315434143, 0.000378954893677, 0.0002098572877, 6.4526037022e-05, 1.37495690069e-05, 3.83390414527e-07, 1.55149592729e-07, 8.02925548271e-09, 1.94535210163e-09, 8.7470433674e-11, 1.73734568398e-11],
        "dvar2": [0.0182835329324, 0.287141233683, 0.421675831079, 13.1130867004, 43.2943229675, 367.406066895, 87.5041122437, 266.213470459, 8.56278800964, 90.1473312378, 30.5565109253, 2073.18408203, 92.6789932251, 350.22479248, 361.09564209, 1348.51672363, 37.5580406189, 773.472595215, 719.674499512, 1409.20593262, 2107.51660156, 3693.85473633, 933.698913574, 740.091918945, 190.7237854, 47.7505569458, 7.39068698883, 41.9748497009, 0.895913243294, 0.0266899727285, 0.000922944105696, 0.000521394773386, 0.000121821998619, 2.95659247058e-05, 1.0399188568e-06, 3.98715087613e-07, 1.38330493726e-08, 2.34985098047e-09, 1.01313395173e-10, 3.72300801299e-11],
        "max": [0.528737962246, 1.8902848959, 4.05283498764, 18.8053874969, 21.9519958496, 51.6869506836, 43.2825012207, 82.5896759033, 9.42969894409, 30.7013759613, 51.7488746643, 519.368713379, 90.5532455444, 94.9681625366, 82.501335144, 144.835037231, 35.9761199951, 195.78352356, 192.959213257, 180.957763672, 253.634597778, 386.315795898, 214.980041504, 111.439445496, 68.0760040283, 33.986782074, 16.1699695587, 35.3035812378, 6.43666315079, 1.27552771568, 0.166035458446, 0.161287948489, 0.0892283469439, 0.0360555872321, 0.00748369842768, 0.00445746025071, 0.00141556223389, 0.000516443047673, 0.000127892169985, 5.02773182234e-05],
        "mean": [0.166518956423, 0.607994735241, 0.893038570881, 4.32800912857, 7.69010591507, 19.6431770325, 14.0896883011, 13.2363481522, 3.45399856567, 6.15446996689, 13.9671363831, 223.89805603, 40.2380523682, 16.4663295746, 27.0206279755, 31.9202404022, 13.1375265121, 53.3302268982, 64.6371536255, 53.0580673218, 72.6723403931, 105.515396118, 58.3840446472, 51.4901809692, 28.0948047638, 14.6106653214, 7.59091567993, 10.4809837341, 2.00065588951, 0.300955623388, 0.0672541111708, 0.0439298301935, 0.0226209741086, 0.016426788643, 0.0033488960471, 0.00183294119779, 0.000343108054949, 5.34668070031e-05, 2.24817995331e-05, 3.77004980692e-05],
        "median": [0.143703475595, 0.481003731489, 0.677313566208, 3.70107960701, 6.64224624634, 15.7997779846, 13.0237636566, 6.12795877457, 3.05278539658, 3.99346160889, 13.4211082458, 194.558197021, 34.900680542, 14.5030927658, 24.8055763245, 22.9665527344, 11.1980953217, 43.3644485474, 56.2805290222, 46.8214530945, 65.8182830811, 80.2936325073, 45.2816505432, 47.9533309937, 26.2243003845, 13.6527395248, 6.96680259705, 7.94984388351, 1.61262404919, 0.2075535357, 0.062912479043, 0.0403282307088, 0.0162386931479, 0.0158145874739, 0.00320731522515, 0.00172187422868, 0.000300767307635, 4.64372897113e-05, 2.14307001443e-05, 3.84349150409e-05],
        "min": [3.68641303794e-05, 0.000978774041869, 0.00749542424455, 0.0270034465939, 0.0680864825845, 0.109212033451, 0.0909979790449, 0.0784348770976, 0.0551599487662, 0.114543661475, 0.58107572794, 1.82495748997, 1.86518228054, 2.00321221352, 1.09503400326, 1.98335385323, 1.21230232716, 1.69074237347, 1.31094169617, 1.77044916153, 1.7709376812, 3.77917480469, 0.961984395981, 1.38185858727, 0.650439083576, 0.426730871201, 0.195914313197, 0.165975123644, 0.0452474914491, 0.0121375303715, 0.00697774719447, 0.00582432048395, 0.00373715069145, 0.00319985137321, 0.00157218484674, 0.000706949504092, 0.000172927844687, 1.22225628729e-05, 1.33374369398e-05, 3.13129294227e-06],
        "var": [0.0133724836633, 0.202434465289, 0.496827721596, 9.85364151001, 19.0455951691, 188.100738525, 55.0761451721, 272.49911499, 4.32419919968, 31.339723587, 80.7841033936, 20152.5234375, 532.975036621, 134.803024292, 173.066940308, 683.991882324, 51.11743927, 1522.54260254, 1268.90930176, 953.457824707, 1471.08105469, 5770.25, 1612.73535156, 481.67565918, 127.570266724, 34.6429443359, 8.79593276978, 42.4301338196, 1.45231318474, 0.0501229017973, 0.000524393108208, 0.000395198614569, 0.000304757035337, 4.91199425596e-05, 8.08771119409e-07, 3.12299306415e-07, 2.40144188979e-08, 2.23013607581e-09, 1.0788980126e-10, 4.40495903642e-11]
    },
    "gfcc": {
        "mean": [4.33916568756, 145.443023682, -174.353897095, 46.9449729919, -31.2800636292, -11.3180761337, -16.8175201416, 3.7286067009, -19.4567508698, -7.50602912903, -22.2296791077, -8.54386615753, 6.84400367737],
        "cov": [[338.470123291, 86.8241348267, -35.8686790466, 75.6410827637, -5.28815698624, 3.45391941071, -0.470254510641, -10.2057495117, 27.5824890137, 7.59253740311, 17.6495571136, -0.0527634620667, 16.1744689941], [86.8241348267, 140.448959351, 58.3111953735, 27.7395038605, 4.92684650421, -6.85958528519, 12.7888593674, -1.76696276665, 15.359000206, 13.457239151, 19.4529647827, 0.753566503525, 18.7605209351], [-35.8686790466, 58.3111953735, 67.1452255249, 7.47704935074, 6.25518798828, 3.42018556595, 9.25165367126, 2.87402319908, 1.87311530113, 5.28074884415, 3.05040836334, -3.61673092842, 4.92258501053], [75.6410827637, 27.7395038605, 7.47704935074, 99.3117599487, 38.197063446, -0.162486329675, -12.2392206192, -22.7405929565, -1.35834550858, 6.32866621017, 19.7760715485, 22.1819477081, 27.6170082092], [-5.28815698624, 4.92684650421, 6.25518798828, 38.197063446, 55.2627754211, 8.63968372345, -2.98971271515, -13.7209568024, -11.4357566833, 5.67698144913, 11.5823221207, 16.8968086243, 13.5019168854], [3.45391941071, -6.85958528519, 3.42018556595, -0.162486329675, 8.63968372345, 30.7132587433, 19.2484073639, 10.8578205109, 4.31610012054, 0.960361540318, -2.09746098518, -7.78253221512, -1.36997199059], [-0.470254510641, 12.7888593674, 9.25165367126, -12.2392206192, -2.98971271515, 19.2484073639, 43.706829071, 33.9895210266, 11.5187129974, -0.0307551063597, -4.46966600418, -7.35353279114, -5.96066761017], [-10.2057495117, -1.76696276665, 2.87402319908, -22.7405929565, -13.7209568024, 10.8578205109, 33.9895210266, 51.7638702393, 20.9151916504, -9.15659713745, -6.50735521317, -12.4543762207, -12.3194255829], [27.5824890137, 15.359000206, 1.87311530113, -1.35834550858, -11.4357566833, 4.31610012054, 11.5187129974, 20.9151916504, 28.6403522491, 7.30151033401, 2.77014613152, -6.56111192703, -3.11438965797], [7.59253740311, 13.457239151, 5.28074884415, 6.32866621017, 5.67698144913, 0.960361540318, -0.0307551063597, -9.15659713745, 7.30151033401, 30.5043773651, 14.7807264328, 2.15205931664, 7.09260797501], [17.6495571136, 19.4529647827, 3.05040836334, 19.7760715485, 11.5823221207, -2.09746098518, -4.46966600418, -6.50735521317, 2.77014613152, 14.7807264328, 29.1551189423, 20.0010566711, 9.87118339539], [-0.0527634620667, 0.753566503525, -3.61673092842, 22.1819477081, 16.8968086243, -7.78253221512, -7.35353279114, -12.4543762207, -6.56111192703, 2.15205931664, 20.0010566711, 39.5287322998, 13.0658855438], [16.1744689941, 18.7605209351, 4.92258501053, 27.6170082092, 13.5019168854, -1.36997199059, -5.96066761017, -12.3194255829, -3.11438965797, 7.09260797501, 9.87118339539, 13.0658855438, 34.5770339966]],
        "icov": [[0.0104339327663, -0.0148836523294, 0.0181898623705, -0.00976196769625, 0.00696434359998, -0.0115521997213, 0.00697053642944, -0.00360153266229, 0.000912333198357, -0.00357356551103, 0.00662219990045, -0.00228407653049, 0.00493104243651], [-0.0148836523294, 0.045377202332, -0.0428259707987, 0.0155804008245, -0.0141332736239, 0.0390479415655, -0.0404822826385, 0.0346888303757, -0.026891130954, 0.0270255785435, -0.0383007973433, 0.0227011367679, -0.0171685051173], [0.0181898623705, -0.0428259707987, 0.0599786899984, -0.0186257828027, 0.012872592546, -0.0325723700225, 0.0263525936753, -0.0240584872663, 0.0190596878529, -0.0208813436329, 0.0275204218924, -0.0118461679667, 0.0133387027308], [-0.00976196769625, 0.0155804008245, -0.0186257828027, 0.0295920707285, -0.0190380830318, 0.0156196570024, -0.0138457650319, 0.0194437038153, -0.0177707094699, 0.017622448504, -0.0183569286019, 0.00636795908213, -0.0146582070738], [0.00696434359998, -0.0141332736239, 0.012872592546, -0.0190380830318, 0.0405505001545, -0.0276394449174, 0.0175010301173, -0.017642242834, 0.025612924248, -0.0188814289868, 0.0139980269596, -0.0167587455362, 0.00610203295946], [-0.0115521997213, 0.0390479415655, -0.0325723700225, 0.0156196570024, -0.0276394449174, 0.0917726010084, -0.0716025456786, 0.0495491176844, -0.0368570126593, 0.0372819826007, -0.0459279604256, 0.0403783582151, -0.0169950127602], [0.00697053642944, -0.0404822826385, 0.0263525936753, -0.0138457650319, 0.0175010301173, -0.0716025456786, 0.123380146921, -0.101026572287, 0.0556390583515, -0.0629495456815, 0.0658131465316, -0.0461443774402, 0.0181869007647], [-0.00360153266229, 0.0346888303757, -0.0240584872663, 0.0194437038153, -0.017642242834, 0.0495491176844, -0.101026572287, 0.128252640367, -0.0851171389222, 0.0777662694454, -0.0648715123534, 0.0441924259067, -0.0139076365158], [0.000912333198357, -0.026891130954, 0.0190596878529, -0.0177707094699, 0.025612924248, -0.0368570126593, 0.0556390583515, -0.0851171389222, 0.110451005399, -0.063548758626, 0.0377518907189, -0.0247061941773, 0.0149893527851], [-0.00357356551103, 0.0270255785435, -0.0208813436329, 0.017622448504, -0.0188814289868, 0.0372819826007, -0.0629495456815, 0.0777662694454, -0.063548758626, 0.101749941707, -0.077977873385, 0.0458820052445, -0.0200601462275], [0.00662219990045, -0.0383007973433, 0.0275204218924, -0.0183569286019, 0.0139980269596, -0.0459279604256, 0.0658131465316, -0.0648715123534, 0.0377518907189, -0.077977873385, 0.130910396576, -0.0714749544859, 0.0184052269906], [-0.00228407653049, 0.0227011367679, -0.0118461679667, 0.00636795908213, -0.0167587455362, 0.0403783582151, -0.0461443774402, 0.0441924259067, -0.0247061941773, 0.0458820052445, -0.0714749544859, 0.0764501392841, -0.0188344493508], [0.00493104243651, -0.0171685051173, 0.0133387027308, -0.0146582070738, 0.00610203295946, -0.0169950127602, 0.0181869007647, -0.0139076365158, 0.0149893527851, -0.0200601462275, 0.0184052269906, -0.0188344493508, 0.0481897033751]]
    },
    "melbands": {
        "dmean": [0.000804664799944, 0.000293880235404, 0.000350745220203, 0.000561646476854, 0.000328459369484, 0.00014966330491, 4.51342057204e-05, 4.54535365861e-05, 5.10270983796e-05, 0.00026196820545, 3.00947012875e-05, 3.89271408494e-05, 4.05812643294e-05, 7.11799002602e-05, 1.7230564481e-05, 9.51608035393e-06, 5.35265426151e-05, 4.63479991595e-05, 3.77026153728e-05, 3.22634441545e-05, 4.38903007307e-05, 3.84464656236e-05, 3.8846537791e-05, 1.86185861821e-05, 1.64499033417e-05, 9.54499955697e-06, 5.43114128959e-06, 2.87376906272e-06, 1.16662749861e-06, 2.62886737801e-06, 1.44848820582e-06, 3.71054198922e-07, 1.87167458421e-07, 1.65928568663e-08, 1.38740814393e-08, 9.06698094383e-09, 9.52986045633e-09, 5.3641402431e-09, 5.11820807958e-09, 3.25582916183e-09],
        "dmean2": [0.00135630194563, 0.000459953473182, 0.000585028843489, 0.000954751449171, 0.000546061142813, 0.000227339565754, 8.06912285043e-05, 8.23597220005e-05, 8.20972927613e-05, 0.000353938608896, 5.03904884681e-05, 6.72419046168e-05, 6.87992651365e-05, 0.000116626171803, 2.77510607702e-05, 1.58023722179e-05, 7.83998548286e-05, 6.91158275004e-05, 6.38682831777e-05, 5.7059161918e-05, 7.20385360182e-05, 6.26759210718e-05, 6.0371170548e-05, 3.17147132591e-05, 2.78935494862e-05, 1.5678748241e-05, 9.02790452528e-06, 4.56512043456e-06, 1.91811682271e-06, 4.09153562941e-06, 2.23962615564e-06, 6.0983933281e-07, 3.06199041233e-07, 2.82705325816e-08, 2.37159571981e-08, 1.4501560841e-08, 1.44658427459e-08, 8.31161806047e-09, 7.6435950902e-09, 5.25051735423e-09],
        "dvar": [4.29574299687e-07, 4.91747229603e-08, 1.41364452588e-07, 2.07854256473e-07, 7.03325895302e-08, 4.53408333101e-08, 1.55890866882e-09, 2.41930497857e-09, 2.50786302836e-09, 4.40492158305e-08, 7.69461550032e-10, 1.96621008364e-09, 1.42584721807e-09, 6.29648688744e-09, 3.23286092341e-10, 6.73957487041e-11, 2.31413399554e-09, 1.93581262131e-09, 1.99359129205e-09, 1.11809250747e-09, 1.4710846985e-09, 1.3448707703e-09, 3.24565307963e-09, 3.48167550346e-10, 2.16915221896e-10, 8.65331764577e-11, 1.78881111312e-11, 5.84955217944e-12, 7.86483725368e-13, 9.48313910037e-12, 3.51552034011e-12, 1.47059176902e-13, 6.22853277201e-14, 1.81287166213e-16, 1.70575481683e-16, 7.16234979807e-17, 1.01344110625e-16, 2.85581823465e-17, 3.86182040639e-17, 8.60019021127e-18],
        "dvar2": [1.02420199255e-06, 1.02889501363e-07, 3.11782031304e-07, 5.91436901232e-07, 1.88870473039e-07, 1.18601739985e-07, 4.72637262661e-09, 6.92947876857e-09, 5.38379030246e-09, 7.9777308315e-08, 2.31800290074e-09, 5.55978019179e-09, 4.44817649381e-09, 1.53852628415e-08, 8.62698912307e-10, 1.84621429256e-10, 5.0480801761e-09, 4.50880710545e-09, 3.76596842599e-09, 3.02308045264e-09, 3.74939101988e-09, 3.38822436774e-09, 7.15259229622e-09, 1.07814068784e-09, 6.16046880175e-10, 2.14345208249e-10, 4.72995080603e-11, 1.68920988308e-11, 1.80763075949e-12, 2.00505202719e-11, 7.71237067265e-12, 3.30940868242e-13, 1.58296607159e-13, 4.87997597891e-16, 4.84761137939e-16, 1.61697199967e-16, 2.56339195484e-16, 5.29465240642e-17, 8.6541892234e-17, 2.01086945167e-17],
        "max": [0.00390054332092, 0.0016758996062, 0.00303342938423, 0.00230372394435, 0.00162098766305, 0.00176109245513, 0.000205226708204, 0.000275077589322, 0.000658511009533, 0.00328463339247, 0.00031178817153, 0.00037656747736, 0.000261704524746, 0.000525053299498, 0.00013304426102, 6.28551933914e-05, 0.000482698727865, 0.000397956144297, 0.000401115539717, 0.00020384749223, 0.000314775767038, 0.000332446041284, 0.00048957724357, 0.000129148858832, 0.000101622841612, 6.3522864366e-05, 3.81547106372e-05, 2.19416870095e-05, 6.40981988909e-06, 2.52159552474e-05, 1.46596539707e-05, 4.09371432397e-06, 2.73716113952e-06, 1.02012783998e-07, 8.60336086816e-08, 8.46258600973e-08, 1.09175751106e-07, 5.28071701922e-08, 7.55020508336e-08, 2.44511699776e-08],
        "mean": [0.0012201347854, 0.000553839025088, 0.00079883163562, 0.000953638402279, 0.000626975612249, 0.000277522660326, 5.93193799432e-05, 5.48837415408e-05, 0.000118249132356, 0.0014596064575, 0.000123271660414, 5.76859747525e-05, 8.29242562759e-05, 0.000110921588202, 3.4067164961e-05, 2.72477827821e-05, 0.000125091755763, 0.000125668870169, 8.80298466654e-05, 6.21634171694e-05, 8.98207435966e-05, 9.98550676741e-05, 0.000101793950307, 3.54626718035e-05, 4.35416804976e-05, 2.49059721682e-05, 1.52943412104e-05, 7.88799934526e-06, 3.29803765453e-06, 7.97161283117e-06, 4.47822458227e-06, 1.05928074845e-06, 5.11028247274e-07, 4.36385541036e-08, 3.52748088517e-08, 2.96605353611e-08, 2.56724312919e-08, 1.47017518159e-08, 1.59924358201e-08, 1.22464012264e-08],
        "median": [0.00108027714305, 0.000500317139085, 0.000718034571037, 0.000919002457522, 0.000586163718253, 0.000139826137456, 4.88123514515e-05, 3.71157912014e-05, 8.81532469066e-05, 0.00127939961385, 0.000118817559269, 4.84167248942e-05, 7.62816562201e-05, 8.65360634634e-05, 2.69916527031e-05, 2.44064922299e-05, 0.000100432058389, 0.000102229372715, 7.51100669731e-05, 5.27906813659e-05, 8.16302344901e-05, 8.34092716104e-05, 5.63911416975e-05, 3.01576292259e-05, 4.01500365115e-05, 2.23253609875e-05, 1.48708913912e-05, 7.37238315196e-06, 3.17501940117e-06, 6.56053543935e-06, 3.47974423676e-06, 8.84746441443e-07, 2.80289015109e-07, 4.10330116551e-08, 3.01996543328e-08, 2.79328595809e-08, 2.16332427527e-08, 1.10482503146e-08, 1.06166142544e-08, 1.22696119931e-08],
        "min": [5.91973787323e-07, 3.04532568407e-06, 5.74838941247e-06, 6.66632877255e-06, 3.62804598808e-06, 1.76731168722e-06, 7.67902179177e-07, 1.58404623107e-06, 5.7174770518e-06, 1.19937458294e-05, 9.14924112294e-06, 8.21588855615e-06, 3.60152330359e-06, 5.2133796089e-06, 4.02394653065e-06, 2.79744767795e-06, 3.13487817039e-06, 1.57655460953e-06, 3.56790405931e-06, 1.43291890708e-06, 2.16223770622e-06, 4.51554660685e-06, 1.36451524213e-06, 6.97473240052e-07, 1.25504232074e-06, 2.75580248399e-07, 6.32026058156e-07, 1.91450396869e-07, 1.11744526521e-07, 1.4006877791e-07, 7.06440914655e-08, 2.98364568607e-08, 7.98875987584e-09, 6.11607076095e-09, 4.48345893744e-09, 2.94214430596e-09, 3.87432308457e-09, 2.80513257067e-09, 2.3929593862e-09, 1.75356595911e-09],
        "var": [7.3391532851e-07, 1.18518670433e-07, 2.56101856166e-07, 2.72508088983e-07, 1.23394613638e-07, 1.12581780343e-07, 1.68968006253e-09, 2.50676168712e-09, 1.09212638932e-08, 8.63326874878e-07, 5.02449415407e-09, 2.19375539956e-09, 2.02338235056e-09, 7.7623738548e-09, 7.47786943478e-10, 1.9318027733e-10, 9.68407842805e-09, 6.42615960444e-09, 4.54563719998e-09, 1.5218426519e-09, 2.46105846813e-09, 3.68833275033e-09, 1.31865878217e-08, 4.24976581703e-10, 3.76992770335e-10, 1.35543271051e-10, 4.3025735752e-11, 1.15434927242e-11, 1.51354460649e-12, 2.05883140397e-11, 7.85492330901e-12, 4.25034627719e-13, 2.7833128597e-13, 2.79022658402e-16, 2.08216183256e-16, 1.21794721902e-16, 2.07432267498e-16, 1.04399828304e-16, 1.84874456624e-16, 2.36173762995e-17]
    },
    "mfcc": {
        "mean": [-620.954589844, 161.206924438, -66.5256500244, 56.1290473938, -0.266932398081, 3.73040175438, 5.06248188019, 1.37247741222, 15.7388067245, -3.87327837944, -1.94530403614, -8.40538787842, -16.9693012238],
        "cov": [[402.658874512, 7.47402763367, -19.0653152466, 54.5284690857, 15.4297218323, 17.7875003815, -10.9812889099, -20.0525627136, 14.5524845123, -21.4019451141, 21.0004768372, 10.3935108185, -4.45967388153], [7.47402763367, 112.420379639, 44.3682594299, 16.3334255219, -8.47251796722, 1.16044270992, -1.57369470596, 1.15091586113, -8.66339111328, 20.1263065338, 0.701786935329, -3.68787789345, 9.38106441498], [-19.0653152466, 44.3682594299, 64.2648391724, 5.89298534393, -7.7205529213, -4.52727746964, -2.1667034626, 0.570506155491, 3.35738325119, 16.0696372986, 11.0348453522, -12.6719684601, -0.398800164461], [54.5284690857, 16.3334255219, 5.89298534393, 81.8890304565, 34.7713661194, 21.3412456512, 2.34067821503, -5.65136623383, -7.71194601059, -12.6485128403, -19.5537128448, 2.60941696167, 12.6880292892], [15.4297218323, -8.47251796722, -7.7205529213, 34.7713661194, 47.6315994263, 20.8028450012, 4.32298088074, -7.43447780609, -5.72885417938, -13.0626707077, -18.5451259613, 0.397494316101, 2.9759926796], [17.7875003815, 1.16044270992, -4.52727746964, 21.3412456512, 20.8028450012, 39.9521331787, 10.2258672714, -9.8610124588, -4.68816614151, -3.65997719765, -12.6416416168, -2.61058282852, 5.80593252182], [-10.9812889099, -1.57369470596, -2.1667034626, 2.34067821503, 4.32298088074, 10.2258672714, 31.9736251831, 15.1981401443, 6.59221220016, 6.05228567123, -4.09526252747, -0.353685468435, 4.26294660568], [-20.0525627136, 1.15091586113, 0.570506155491, -5.65136623383, -7.43447780609, -9.8610124588, 15.1981401443, 49.6779060364, 12.8150501251, 6.61248731613, 4.33084106445, 6.2044262886, -2.57544803619], [14.5524845123, -8.66339111328, 3.35738325119, -7.71194601059, -5.72885417938, -4.68816614151, 6.59221220016, 12.8150501251, 31.29920578, 11.8468875885, 13.5617542267, -4.92310380936, -2.24587249756], [-21.4019451141, 20.1263065338, 16.0696372986, -12.6485128403, -13.0626707077, -3.65997719765, 6.05228567123, 6.61248731613, 11.8468875885, 52.464176178, 12.6960401535, -3.54042053223, -10.5282287598], [21.0004768372, 0.701786935329, 11.0348453522, -19.5537128448, -18.5451259613, -12.6416416168, -4.09526252747, 4.33084106445, 13.5617542267, 12.6960401535, 45.9453926086, 6.26521730423, -3.54737329483], [10.3935108185, -3.68787789345, -12.6719684601, 2.60941696167, 0.397494316101, -2.61058282852, -0.353685468435, 6.2044262886, -4.92310380936, -3.54042053223, 6.26521730423, 31.0636806488, 12.5669202805], [-4.45967388153, 9.38106441498, -0.398800164461, 12.6880292892, 2.9759926796, 5.80593252182, 4.26294660568, -2.57544803619, -2.24587249756, -10.5282287598, -3.54737329483, 12.5669202805, 41.6235847473]],
