{
"lowlevel": {
    "average_loudness": 0.599288344383,
    "barkbands_crest": {
        "dmean": 3.42727446556,
        "dmean2": 5.52265405655,
        "dvar": 8.02258682251,
        "dvar2": 19.9902362823,
        "max": 24.6568317413,
        "mean": 11.5759487152,
        "median": 10.3437108994,
        "min": 3.10880351067,
        "var": 27.6810379028
    },
    "barkbands_flatness_db": {
        "dmean": 0.0277312509716,
        "dmean2": 0.0447374358773,
        "dvar": 0.00064194627339,
        "dvar2": 0.00171923125163,
        "max": 0.354986995459,
        "mean": 0.17122335732,
        "median": 0.158373445272,
        "min": 0.0786251872778,
        "var": 0.002657226054
    },
    "barkbands_kurtosis": {
        "dmean": 2.44069385529,
        "dmean2": 4.08535146713,
        "dvar": 16.6028881073,
        "dvar2": 49.3109893799,
        "max": 29.0350532532,
        "mean": 1.79909288883,
        "median": 0.353817462921,
        "min": -1.78818285465,
        "var": 18.7128696442
    },
    "barkbands_skewness": {
        "dmean": 0.739454209805,
        "dmean2": 1.17236018181,
        "dvar": 0.843601167202,
        "dvar2": 2.08715367317,
        "max": 4.54823493958,
        "mean": 0.389676630497,
        "median": 0.368033349514,
        "min": -4.98714876175,
        "var": 1.59347438812
    },
    "barkbands_spread": {
        "dmean": 5.95615100861,
        "dmean2": 9.92896652222,
        "dvar": 43.7887649536,
        "dvar2": 124.092552185,
        "max": 50.2668914795,
        "mean": 17.3565769196,
        "median": 16.0730228424,
        "min": 3.08391284943,
        "var": 72.5533218384
    },
    "dissonance": {
        "dmean": 0.0227354876697,
        "dmean2": 0.0399071834981,
        "dvar": 0.000734646862838,
        "dvar2": 0.00204927963205,
        "max": 0.499992132187,
        "mean": 0.474832177162,
        "median": 0.486871033907,
        "min": 0.281065493822,
        "var": 0.000870817515533
    },
    "dynamic_complexity": 9.93914985657,
    "erbbands_crest": {
        "dmean": 3.9236137867,
        "dmean2": 6.49183750153,
        "dvar": 10.5197191238,
        "dvar2": 23.9585552216,
        "max": 29.8380260468,
        "mean": 12.7157239914,
        "median": 11.3016796112,
        "min": 3.65406918526,
        "var": 32.26329422
    },
    "erbbands_flatness_db": {
        "dmean": 0.0251492746174,
        "dmean2": 0.0412019304931,
        "dvar": 0.000549185788259,
        "dvar2": 0.00137707975227,
        "max": 0.384236693382,
        "mean": 0.24974450469,
        "median": 0.242374077439,
        "min": 0.146042749286,
        "var": 0.00211970764212
    },
    "erbbands_kurtosis": {
        "dmean": 1.83395659924,
        "dmean2": 3.10195755959,
        "dvar": 7.26977825165,
        "dvar2": 20.7722492218,
        "max": 19.7093715668,
        "mean": 0.979837119579,
        "median": 0.122361183167,
        "min": -1.70380985737,
        "var": 7.45713663101
    },
    "erbbands_skewness": {
        "dmean": 0.677854776382,
        "dmean2": 1.12704575062,
        "dvar": 0.513806402683,
        "dvar2": 1.30504286289,
        "max": 3.39938116074,
        "mean": 0.302462488413,
        "median": 0.268722772598,
        "min": -4.07428026199,
        "var": 1.04440665245
    },
    "erbbands_spread": {
        "dmean": 8.32318305969,
        "dmean2": 13.9936962128,
        "dvar": 93.98828125,
        "dvar2": 272.314758301,
        "max": 67.1138153076,
        "mean": 25.3258800507,
        "median": 23.5767860413,
        "min": 4.99711179733,
        "var": 151.949996948
    },
    "hfc": {
        "dmean": 19.8558216095,
        "dmean2": 35.2824783325,
        "dvar": 1960.21984863,
        "dvar2": 5035.2421875,
        "max": 341.672180176,
        "mean": 16.9351940155,
        "median": 1.26912248135,
        "min": 0.00146945752203,
        "var": 1914.96228027
    },
    "melbands_crest": {
        "dmean": 4.04251003265,
        "dmean2": 6.57193422318,
        "dvar": 12.0548028946,
        "dvar2": 27.9702224731,
        "max": 32.7820358276,
        "mean": 13.1654758453,
        "median": 11.9072570801,
        "min": 3.64695930481,
        "var": 41.3524627686
    },
    "melbands_flatness_db": {
        "dmean": 0.0321694351733,
        "dmean2": 0.0520096942782,
        "dvar": 0.00102696672548,
        "dvar2": 0.00244737998582,
        "max": 0.319394975901,
        "mean": 0.153782457113,
        "median": 0.148531287909,
        "min": 0.0443335808814,
        "var": 0.00313769956119
    },
    "melbands_kurtosis": {
        "dmean": 3.45746994019,
        "dmean2": 5.50917673111,
        "dvar": 38.5940284729,
        "dvar2": 89.2568283081,
        "max": 63.8978500366,
        "mean": 4.00376939774,
        "median": 1.38216114044,
        "min": -1.74054944515,
        "var": 63.3087882996
    },
    "melbands_skewness": {
        "dmean": 0.67411583662,
        "dmean2": 1.05013275146,
        "dvar": 0.712600946426,
        "dvar2": 1.69900012016,
        "max": 6.96575689316,
        "mean": 1.04599130154,
        "median": 0.894705593586,
        "min": -2.68050217628,
        "var": 1.68441271782
    },
    "melbands_spread": {
        "dmean": 16.648065567,
        "dmean2": 28.6479663849,
        "dvar": 467.498168945,
        "dvar2": 1237.35827637,
        "max": 148.35710144,
        "mean": 38.1950187683,
        "median": 32.6508407593,
        "min": 4.21551895142,
        "var": 663.479431152
    },
    "pitch_salience": {
        "dmean": 0.108031757176,
        "dmean2": 0.176689103246,
        "dvar": 0.00909102801234,
        "dvar2": 0.0248448010534,
        "max": 0.935741901398,
        "mean": 0.570081472397,
        "median": 0.581005036831,
        "min": 0.170054733753,
        "var": 0.0197279527783
    },
    "silence_rate_20dB": {
        "dmean": 0,
        "dmean2": 0,
        "dvar": 0,
        "dvar2": 0,
        "max": 1,
        "mean": 1,
        "median": 1,
        "min": 1,
        "var": 0
    },
    "silence_rate_30dB": {
        "dmean": 0.0166666675359,
        "dmean2": 0.0334261842072,
        "dvar": 0.0163889098912,
        "dvar2": 0.0323089137673,
        "max": 1,
        "mean": 0.983379483223,
        "median": 1,
        "min": 0,
        "var": 0.0163442473859
    },
    "silence_rate_60dB": {
        "dmean": 0.138888895512,
        "dmean2": 0.278551518917,
        "dvar": 0.119599163532,
        "dvar2": 0.2121026963,
        "max": 1,
        "mean": 0.692520797253,
        "median": 1,
        "min": 0,
        "var": 0.212935507298
    },
    "spectral_centroid": {
        "dmean": 527.593200684,
        "dmean2": 876.464294434,
        "dvar": 479540.625,
        "dvar2": 1168357.75,
        "max": 5743.61279297,
        "mean": 2362.77807617,
        "median": 2273.38574219,
        "min": 450.764343262,
        "var": 894149.3125
    },
    "spectral_complexity": {
        "dmean": 3.07222223282,
        "dmean2": 5.08913660049,
        "dvar": 27.8780841827,
        "dvar2": 70.9000320435,
        "max": 49,
        "mean": 4.51246547699,
        "median": 2,
        "min": 0,
        "var": 37.5684089661
    },
    "spectral_decrease": {
        "dmean": 1.39146816291e-09,
        "dmean2": 2.08541695024e-09,
        "dvar": 1.54704463223e-17,
        "dvar2": 3.17700154772e-17,
        "max": -4.2221301867e-13,
        "mean": -1.5348203819e-09,
        "median": -1.40737185794e-10,
        "min": -4.22475636697e-08,
        "var": 2.30904870647e-17
    },
    "spectral_energy": {
        "dmean": 0.00686342921108,
        "dmean2": 0.0107362875715,
        "dvar": 0.00029629652272,
        "dvar2": 0.000610123795923,
        "max": 0.176491186023,
        "mean": 0.00732883717865,
        "median": 0.000673914735671,
        "min": 1.72681541244e-06,
        "var": 0.000450378254754
    },
    "spectral_energyband_high": {
        "dmean": 0.00233592116274,
        "dmean2": 0.00442164298147,
        "dvar": 3.24103275489e-05,
        "dvar2": 9.05247288756e-05,
        "max": 0.0342727787793,
        "mean": 0.00158073415514,
        "median": 5.60559019505e-05,
        "min": 3.35794005935e-08,
        "var": 2.28493317991e-05
    },
    "spectral_energyband_low": {
        "dmean": 1.08184804049e-06,
        "dmean2": 1.76405740149e-06,
        "dvar": 2.29891062783e-12,
        "dvar2": 5.23803223018e-12,
        "max": 1.21821140056e-05,
        "mean": 1.6313232436e-06,
        "median": 7.70421934249e-07,
        "min": 3.64814241038e-08,
        "var": 4.74938751521e-12
    },
    "spectral_energyband_middle_high": {
        "dmean": 0.00442643323913,
        "dmean2": 0.00668231630698,
        "dvar": 0.000202759067179,
        "dvar2": 0.000431085034506,
        "max": 0.161456406116,
        "mean": 0.00497980834916,
        "median": 0.000416365626734,
        "min": 9.88608661601e-08,
        "var": 0.000290243624477
    },
    "spectral_energyband_middle_low": {
        "dmean": 0.00155488867313,
        "dmean2": 0.00218769861385,
        "dvar": 3.69799490727e-05,
        "dvar2": 7.89025652921e-05,
        "max": 0.0705256015062,
        "mean": 0.00147548760287,
        "median": 8.48681956995e-05,
        "min": 1.53894200139e-06,
        "var": 4.12670597143e-05
    },
    "spectral_entropy": {
        "dmean": 0.261319965124,
        "dmean2": 0.430215597153,
        "dvar": 0.0962931215763,
        "dvar2": 0.232778474689,
        "max": 8.61518192291,
        "mean": 7.55753040314,
        "median": 7.61807107925,
        "min": 6.24778079987,
        "var": 0.190323233604
    },
    "spectral_flux": {
        "dmean": 0.0230511222035,
        "dmean2": 0.0366117246449,
        "dvar": 0.00157852913253,
        "dvar2": 0.00304304854944,
        "max": 0.340702146292,
        "mean": 0.0450066179037,
        "median": 0.0184724200517,
        "min": 0.00131408346351,
        "var": 0.00332009140402
    },
    "spectral_kurtosis": {
        "dmean": 1.67528402805,
        "dmean2": 2.89586663246,
        "dvar": 3.98969388008,
        "dvar2": 10.3669023514,
        "max": 18.128282547,
        "mean": 3.06695342064,
        "median": 2.44779777527,
        "min": -0.609058856964,
        "var": 6.07534599304
    },
    "spectral_rms": {
        "dmean": 0.000858798797708,
        "dmean2": 0.00130835419986,
        "dvar": 1.99505143428e-06,
        "dvar2": 4.34424237028e-06,
        "max": 0.0131219867617,
        "mean": 0.00162817910314,
        "median": 0.000810850062408,
        "min": 4.10450702475e-05,
        "var": 4.49911613032e-06
    },
    "spectral_rolloff": {
        "dmean": 1304.73181152,
        "dmean2": 2349.63793945,
        "dvar": 3022865.5,
        "dvar2": 6671406.5,
        "max": 8419.48242188,
        "mean": 3371.11181641,
        "median": 2906.98242188,
        "min": 366.064453125,
        "var": 4195539.5
    },
    "spectral_skewness": {
        "dmean": 0.275713741779,
        "dmean2": 0.474621534348,
        "dvar": 0.10656196624,
        "dvar2": 0.270050048828,
        "max": 3.32512354851,
        "mean": 1.02747499943,
        "median": 0.956379115582,
        "min": -0.163875490427,
        "var": 0.185553982854
    },
    "spectral_spread": {
        "dmean": 544189.1875,
        "dmean2": 909806.25,
        "dvar": 726354165760,
        "dvar2": 1.2375579689e+12,
        "max": 15997479,
        "mean": 3847402,
        "median": 3631794.75,
        "min": 2453074.5,
        "var": 1.27031574528e+12
    },
    "spectral_strongpeak": {
        "dmean": 0.841485619545,
        "dmean2": 1.39329695702,
        "dvar": 2.86689329147,
        "dvar2": 7.68746137619,
        "max": 13.9334373474,
        "mean": 1.10846114159,
        "median": 0.446908175945,
        "min": 0.00298659387045,
        "var": 3.18283867836
    },
    "zerocrossingrate": {
        "dmean": 0.0171440970153,
        "dmean2": 0.0206302236766,
        "dvar": 0.000353610172169,
        "dvar2": 0.000492301536724,
        "max": 0.24169921875,
        "mean": 0.104343406856,
        "median": 0.09521484375,
        "min": 0.01025390625,
        "var": 0.00169794494286
    },
    "barkbands": {
        "dmean": [3.89185972338e-09, 4.99562737843e-08, 6.41453652861e-07, 9.89297745946e-07, 9.88551983028e-06, 0.000248404510785, 2.35993902606e-05, 0.000156007954502, 7.68857571529e-05, 0.00327041675337, 0.000104832703073, 0.000116219351185, 0.000369215296814, 0.000153304208652, 2.7618063541e-05, 7.79461843194e-05, 0.000121176861285, 0.000418737443397, 0.000428971718065, 0.000178494112333, 0.000555302598514, 0.000420269090682, 0.000721425632946, 0.000511171994731, 4.80895541841e-05, 9.98641098704e-06, 3.08893413603e-06],
        "dmean2": [6.94367274789e-09, 8.99404497545e-08, 9.92953346213e-07, 1.71518036041e-06, 1.78880327439e-05, 0.000366440799553, 4.31462649431e-05, 0.000259775377344, 0.000120273805805, 0.00465227616951, 0.000180775576155, 0.000178500311449, 0.000550406635739, 0.000230634876061, 4.7087600251e-05, 0.000141696611536, 0.000208475728869, 0.000778093643021, 0.000727842678316, 0.000312533375109, 0.00102134596091, 0.000783095892984, 0.00138476386201, 0.000973741232883, 9.12256582524e-05, 1.89757192857e-05, 5.94548464505e-06],
        "dvar": [8.93084077189e-17, 4.82278240848e-15, 9.94229113101e-13, 2.230561005e-12, 5.02118180368e-10, 6.02134377914e-07, 4.33368763098e-09, 2.60916152683e-07, 4.79626720562e-08, 0.000192634179257, 8.58095816625e-08, 4.78075378396e-07, 3.86432611776e-06, 2.33558850482e-07, 3.41140315996e-09, 1.87192142675e-07, 1.21528671571e-07, 4.84549127577e-06, 4.86975659442e-06, 2.05153668276e-07, 2.78472248283e-06, 1.83324982572e-06, 5.57274734092e-06, 2.16706257561e-06, 1.4496303713e-08, 6.4115424081e-10, 7.01590868735e-11],
        "dvar2": [2.54478528797e-16, 1.39722006412e-14, 1.93975651513e-12, 6.31111916199e-12, 1.45698364484e-09, 1.3191790913e-06, 1.28428583324e-08, 6.71760915338e-07, 1.04896692221e-07, 0.000395849143388, 2.19955538228e-07, 9.1147319381e-07, 8.30529006635e-06, 5.03229500737e-07, 9.54815426724e-09, 5.32313265467e-07, 3.11917659701e-07, 1.42098069773e-05, 1.20544191304e-05, 5.23026358223e-07, 8.16448300611e-06, 5.30160195922e-06, 1.5623823856e-05, 6.05634022577e-06, 4.14810941152e-08, 1.84850301732e-09, 2.11857476007e-10],
        "max": [6.86460808197e-08, 6.33968056718e-07, 1.00803663372e-05, 1.71942701854e-05, 0.00019499953487, 0.0109381591901, 0.000608660688158, 0.00521851005033, 0.00194193120115, 0.154603913426, 0.00300827738829, 0.0123766250908, 0.0298395995051, 0.00611651921645, 0.00058430514764, 0.00619774125516, 0.00396112864837, 0.0274823494256, 0.0315159223974, 0.00452792551368, 0.0148126669228, 0.0118066165596, 0.0160168968141, 0.0109670832753, 0.00076328945579, 0.000174604720087, 5.65619484405e-05],
        "mean": [3.55142160124e-09, 5.34313926437e-08, 9.70955966295e-07, 1.12125712803e-06, 1.05146409624e-05, 0.000285303744022, 2.10489452002e-05, 0.000127521780087, 9.1307600087e-05, 0.00354425399564, 0.000113258007332, 0.000106330269773, 0.000368400447769, 0.000237971791648, 3.12470219797e-05, 6.1210070271e-05, 0.0001276396506, 0.000273989746347, 0.00032438908238, 0.000156065099873, 0.000368340028217, 0.000278483406873, 0.000456258043414, 0.000307867419906, 2.77412509604e-05, 5.7310567172e-06, 1.79496998953e-06],
        "median": [1.33367705768e-09, 3.50343434263e-08, 4.55368564189e-07, 5.19598813753e-07, 4.26976839663e-06, 2.17087981582e-05, 3.63423032468e-06, 9.97728329821e-06, 9.88749707176e-06, 4.71659659524e-05, 1.52894499479e-05, 7.08732659405e-06, 1.13039695862e-05, 1.12305197035e-05, 4.35588890468e-06, 4.26352426075e-06, 5.99188388151e-06, 1.20594540931e-05, 9.79226115305e-06, 9.21891842154e-06, 1.28571800815e-05, 1.18990501505e-05, 5.099552709e-06, 1.49628931467e-06, 1.38126907245e-07, 1.68280855917e-08, 7.15397874274e-08],
        "min": [4.07056333085e-11, 1.62203539489e-09, 7.08439484853e-09, 1.18008260941e-08, 2.12552379253e-07, 3.8063745933e-08, 3.45760611253e-08, 1.42149421123e-08, 7.21003843296e-08, 2.37937953784e-08, 2.12341788597e-08, 1.42799505554e-08, 1.48449954551e-08, 5.62467272758e-09, 1.26891546159e-08, 4.73447325788e-09, 5.12911935147e-09, 1.48356582574e-09, 1.58553081775e-09, 1.97819094439e-09, 1.39241418395e-09, 4.38050873353e-10, 6.26843132956e-10, 5.99617244745e-10, 2.37468045228e-10, 6.22235873937e-10, 3.75915298889e-09],
        "var": [6.80393707086e-17, 4.19616903345e-15, 2.22406533294e-12, 2.66120654159e-12, 4.32977237397e-10, 8.33225385577e-07, 3.3107645514e-09, 2.22317268594e-07, 6.24928162551e-08, 0.00027007306926, 8.80199024778e-08, 6.12110227394e-07, 4.73840191262e-06, 5.31413434146e-07, 4.83437068155e-09, 1.16073984202e-07, 1.78387963956e-07, 2.74130343314e-06, 3.83087444789e-06, 1.95644915379e-07, 1.8014534362e-06, 1.09740585685e-06, 3.70588350052e-06, 1.44835382798e-06, 8.74211369961e-09, 3.81191855858e-10, 4.0589084177e-11]
    },
    "erbbands": {
        "dmean": [6.28622501608e-07, 1.88365556824e-05, 0.000442423042841, 0.00226274947636, 0.00706570036709, 0.0384352467954, 0.555407583714, 2.64082884789, 0.775157153606, 1.02631247044, 3.38220620155, 4.25004768372, 84.1499938965, 43.7115745544, 5.56490802765, 3.79705023766, 16.650762558, 8.65430355072, 4.46396398544, 2.16079258919, 4.82151985168, 7.46724510193, 20.3407058716, 25.786819458, 11.1667709351, 8.41697025299, 18.2911014557, 22.6016235352, 17.6281147003, 12.5506839752, 22.8300056458, 17.7018737793, 4.36654520035, 1.01457428932, 0.169080078602, 0.0430121645331, 0.0169900450855, 0.00700069777668, 0.000335469958372, 2.55116519838e-05],
        "dmean2": [1.09519453417e-06, 3.21000443364e-05, 0.000704274105374, 0.00380350789055, 0.0116797769442, 0.0660788193345, 0.886670827866, 3.92148089409, 1.22334742546, 1.66375458241, 5.68364715576, 5.8325676918, 117.385154724, 62.8429107666, 8.40014076233, 5.98343467712, 25.872636795, 13.1040296555, 6.53347253799, 3.68444180489, 8.82311820984, 12.6011247635, 37.3556747437, 44.9309158325, 19.1955528259, 14.6933174133, 33.0396156311, 41.4369659424, 32.5666847229, 23.5497074127, 44.2414894104, 34.257976532, 8.36298656464, 1.91790819168, 0.322900652885, 0.0820306688547, 0.0323699377477, 0.0135189089924, 0.000637678895146, 4.53502070741e-05],
        "dvar": [1.09565405793e-12, 5.62583646335e-10, 4.27274301273e-07, 9.52167192736e-06, 0.000270423886832, 0.00630980078131, 2.14259600639, 72.6988830566, 5.21656131744, 10.3817930222, 117.034820557, 233.934875488, 133637.90625, 30219.1074219, 333.494781494, 214.800842285, 8471.46972656, 638.789978027, 226.593658447, 22.1280574799, 858.107116699, 410.813964844, 10057.0976562, 12828.2402344, 2007.04199219, 415.211334229, 2533.30126953, 5066.03027344, 3522.41381836, 1402.13244629, 5935.79150391, 2838.19970703, 138.26083374, 6.27558946609, 0.237773299217, 0.0124645391479, 0.00187013717368, 0.000353327544872, 6.87910926445e-07, 3.42470030112e-09],
        "dvar2": [3.11001831926e-12, 1.54356905036e-09, 8.63500531523e-07, 2.58501604549e-05, 0.000681382836774, 0.0168580934405, 4.66487836838, 162.644363403, 12.6664505005, 27.0131530762, 296.779174805, 457.310150146, 272962.09375, 61703.2382812, 615.109436035, 412.970062256, 18292.3378906, 1370.06481934, 475.998748779, 57.5714263916, 2464.86621094, 1038.31164551, 28982.9023438, 32534.8476562, 5046.11669922, 1090.21472168, 7619.80273438, 14659.8867188, 10194.6660156, 4009.60717773, 16935.6308594, 7758.79589844, 392.897491455, 17.6764736176, 0.683986246586, 0.0361182764173, 0.00537859741598, 0.00104614440352, 2.00926842808e-06, 9.23154264143e-09],
        "max": [8.44813257572e-06, 0.000209127669223, 0.0069702998735, 0.0221062526107, 0.232387259603, 0.778460144997, 16.7584095001, 120.384757996, 32.6296577454, 36.3137512207, 103.959396362, 181.710418701, 4350.40185547, 2338.13916016, 305.169647217, 253.494842529, 1365.42504883, 323.737182617, 233.410049438, 34.8558120728, 415.491363525, 243.53288269, 1136.85522461, 1540.86547852, 527.465087891, 140.677276611, 383.473937988, 585.329101562, 549.683105469, 302.748962402, 476.729431152, 379.914093018, 77.8522720337, 14.5996999741, 4.30057907104, 0.845161139965, 0.265379548073, 0.112328901887, 0.0043643405661, 0.000361963611795],
        "mean": [9.19735214211e-07, 2.76021801255e-05, 0.000687783351168, 0.00312807480805, 0.00941606983542, 0.0459769815207, 0.61439204216, 2.97245764732, 0.895185053349, 0.949685037136, 2.80223107338, 4.64010810852, 87.802734375, 49.9444084167, 5.84805345535, 3.59189724922, 16.4603652954, 11.3197669983, 7.54368829727, 2.24136328697, 3.91937613487, 8.1953086853, 14.2760848999, 18.7784404755, 8.81213665009, 7.41231632233, 12.91248703, 15.0834608078, 11.7246637344, 7.83606147766, 14.30534935, 10.9074907303, 2.63852500916, 0.593079686165, 0.100024238229, 0.0252719223499, 0.00963719841093, 0.00392750510946, 0.000198090507183, 2.17187152884e-05],
        "median": [5.38302231234e-07, 1.80379338417e-05, 0.000338000856573, 0.00142744649202, 0.00411978643388, 0.0190859623253, 0.0723169818521, 0.208265274763, 0.117426551878, 0.122787803411, 0.224053159356, 0.260974377394, 0.943873226643, 1.52981066704, 0.576086401939, 0.399386793375, 0.749452233315, 0.962832450867, 0.628867447376, 0.432581931353, 0.294456332922, 0.507095277309, 0.757768034935, 0.98523491621, 0.374742746353, 0.489380955696, 0.583763062954, 0.562578439713, 0.493514597416, 0.256951630116, 0.144990131259, 0.0620293356478, 0.0124593842775, 0.00292526138946, 0.000577750091907, 0.000103044156276, 2.93605171464e-05, 6.77492289469e-06, 2.14785359276e-06, 2.79486403088e-06],
        "min": [5.97123914758e-08, 1.09591849196e-06, 1.55131183419e-05, 0.00011914967763, 0.000232626916841, 0.000514051294886, 0.00066523620626, 0.000297853985103, 0.00158865354024, 0.000431988446508, 0.000338913610904, 0.00166709953919, 0.00131551071536, 0.00069592660293, 0.000844935653731, 0.00054716313025, 0.000596293190029, 0.000376371317543, 0.000685761449859, 0.000377889868105, 0.000317283149343, 0.000249521021033, 9.84857906587e-05, 7.55849396228e-05, 8.00207126304e-05, 9.19755766517e-05, 6.69663859298e-05, 4.09925924032e-05, 1.87828482012e-05, 1.44056548379e-05, 1.96350265469e-05, 1.71813917405e-05, 6.90278693583e-06, 3.42262342201e-06, 1.47912373905e-06, 1.08742403881e-06, 1.30389889819e-06, 7.39418396734e-07, 4.27532228287e-07, 7.74102630885e-08],
        "var": [1.22607219516e-12, 8.31162916271e-10, 9.68233280219e-07, 1.55732450366e-05, 0.000308266753564, 0.00692003732547, 2.98850679398, 96.847442627, 6.96167802811, 9.8407535553, 101.096160889, 315.42868042, 180357.21875, 45449.8789062, 487.230255127, 286.588409424, 10044.7285156, 935.834594727, 581.42175293, 21.3376464844, 511.789245605, 661.660705566, 6140.71240234, 9657.99804688, 1623.47570801, 382.094696045, 1709.71435547, 3295.75756836, 2126.99975586, 849.32043457, 3827.91308594, 1951.31176758, 91.1092453003, 3.95053648949, 0.137447997928, 0.0073785004206, 0.00110348477028, 0.000205582633498, 4.23131695015e-07, 2.99470381826e-09]
    },
    "gfcc": {
        "mean": [-191.37902832, 30.2122955322, -193.907836914, 7.61196994781, -98.9183273315, -11.6453256607, -32.3994369507, -21.9258899689, -20.3208580017, -20.0073947906, -10.702375412, -5.22595596313, -5.52442121506],
        "cov": [[12063.6015625, -4153.58496094, -471.91973877, -501.422576904, -2104.50927734, 758.3359375, -862.079528809, 1082.48413086, -564.081604004, 237.534576416, -184.924957275, 485.786834717, 140.348388672], [-4153.58496094, 2465.39282227, 47.8098297119, -130.153915405, 607.246826172, -404.942962646, 304.058319092, -346.885925293, 348.764831543, -193.005996704, 102.47644043, -138.648498535, 58.3409957886], [-471.91973877, 47.8098297119, 474.357910156, -19.4863853455, 15.3485107422, -52.9408416748, -41.3793296814, -38.655166626, 1.60578286648, 1.92690491676, -27.9038257599, 41.7033081055, 0.932960867882], [-501.422576904, -130.153915405, -19.4863853455, 352.991607666, 144.274810791, 49.081943512, 13.5689525604, -92.2751312256, -20.4430789948, 51.893245697, 2.93169951439, -73.5392608643, -43.2624664307], [-2104.50927734, 607.246826172, 15.3485107422, 144.274810791, 573.778015137, -87.06275177, 163.779632568, -227.116668701, 57.8178024292, 20.981174469, 32.8873519897, -131.321182251, -103.927856445], [758.3359375, -404.942962646, -52.9408416748, 49.081943512, -87.06275177, 194.637115479, -46.0025787354, 67.4695892334, -57.3421173096, 26.9293136597, -24.2287158966, -18.3222408295, -11.8105173111], [-862.079528809, 304.058319092, -41.3793296814, 13.5689525604, 163.779632568, -46.0025787354, 184.666732788, -46.4101219177, 35.2149620056, -44.4608039856, -2.89457726479, -56.4880867004, -19.2407627106], [1082.48413086, -346.885925293, -38.655166626, -92.2751312256, -227.116668701, 67.4695892334, -46.4101219177, 208.260635376, -21.6494922638, -39.0939788818, -55.7874717712, 51.24036026, 82.1828384399], [-564.081604004, 348.764831543, 1.60578286648, -20.4430789948, 57.8178024292, -57.3421173096, 35.2149620056, -21.6494922638, 137.508102417, -51.7056808472, 3.54962420464, -27.1021537781, 48.2256278992], [237.534576416, -193.005996704, 1.92690491676, 51.893245697, 20.981174469, 26.9293136597, -44.4608039856, -39.0939788818, -51.7056808472, 144.106170654, 27.9904842377, -8.27872180939, -83.5914077759], [-184.924957275, 102.47644043, -27.9038257599, 2.93169951439, 32.8873519897, -24.2287158966, -2.89457726479, -55.7874717712, 3.54962420464, 27.9904842377, 106.276062012, 5.87767553329, -47.9721336365], [485.786834717, -138.648498535, 41.7033081055, -73.5392608643, -131.321182251, -18.3222408295, -56.4880867004, 51.24036026, -27.1021537781, -8.27872180939, 5.87767553329, 121.817466736, 27.1200962067], [140.348388672, 58.3409957886, 0.932960867882, -43.2624664307, -103.927856445, -11.8105173111, -19.2407627106, 82.1828384399, 48.2256278992, -83.5914077759, -47.9721336365, 27.1200962067, 180.429550171]],
        "icov": [[0.000844790134579, 0.000558587256819, 0.000759535643738, 0.000734249770176, 0.00146367587149, -0.00050418137107, 0.00125528953504, -0.00110579642933, 0.000400442397222, -0.000584995606914, 0.000374761817511, -8.42996450956e-05, 0.000516255677212], [0.000558587256819, 0.00190964713693, 0.000525833864231, 0.00141903304029, 0.000344659609254, 0.000898405094631, 0.000204085445148, 0.000965629471466, -0.00151507603005, 0.000560578366276, -0.000489454832859, 0.000639593868982, -0.000436787144281], [0.000759535643738, 0.000525833864231, 0.00318179489113, 0.00080002786126, 0.00114389706869, 8.40064167278e-05, 0.0019615709316, -4.70937120554e-05, 0.000263822817942, -0.000375402363716, 0.00178767589387, -0.00107073911931, 0.00070136244176], [0.000734249770176, 0.00141903304029, 0.00080002786126, 0.00521027622744, 0.000383939477615, -0.00100468518212, 0.00100929301698, 0.00186440558173, -3.2871899748e-05, -0.0007273737574, 0.000353966170223, 0.00162018917035, -0.000848630908877], [0.00146367587149, 0.000344659609254, 0.00114389706869, 0.000383939477615, 0.00731523381546, -0.00078846316319, 0.000124979764223, 0.00069354812149, 0.000814159517176, -0.00160697370302, 0.00161722407211, 0.00149129366037, 0.0019393004477], [-0.00050418137107, 0.000898405094631, 8.40064167278e-05, -0.00100468518212, -0.00078846316319, 0.00979088619351, 0.000523165042978, -0.00104853487574, 0.000752394495066, 0.00128342688549, -0.000177952824743, 0.00389125570655, 0.000341763428878], [0.00125528953504, 0.000204085445148, 0.0019615709316, 0.00100929301698, 0.000124979764223, 0.000523165042978, 0.0117076765746, -0.00338144320995, 0.00167376315221, 0.00248772348277, 0.00158526271116, 0.00204752199352, 0.00290325190872], [-0.00110579642933, 0.000965629471466, -4.70937120554e-05, 0.00186440558173, 0.00069354812149, -0.00104853487574, -0.00338144320995, 0.0159236267209, -0.00201659370214, 0.00228468212299, 0.00262912758626, -0.000576678372454, -0.00390432612039], [0.000400442397222, -0.00151507603005, 0.000263822817942, -3.2871899748e-05, 0.000814159517176, 0.000752394495066, 0.00167376315221, -0.00201659370214, 0.0136152198538, 0.00106941815466, -0.000629436166491, 0.00274776946753, -0.00193963968195], [-0.000584995606914, 0.000560578366276, -0.000375402363716, -0.0007273737574, -0.00160697370302, 0.00128342688549, 0.00248772348277, 0.00228468212299, 0.00106941815466, 0.0131995445117, -0.00154058693442, 0.0017109492328, 0.00364697561599], [0.000374761817511, -0.000489454832859, 0.00178767589387, 0.000353966170223, 0.00161722407211, -0.000177952824743, 0.00158526271116, 0.00262912758626, -0.000629436166491, -0.00154058693442, 0.0140051133931, -0.00278837303631, 0.00343103613704], [-8.42996450956e-05, 0.000639593868982, -0.00107073911931, 0.00162018917035, 0.00149129366037, 0.00389125570655, 0.00204752199352, -0.000576678372454, 0.00274776946753, 0.0017109492328, -0.00278837303631, 0.0151113132015, -0.00110699143261], [0.000516255677212, -0.000436787144281, 0.00070136244176, -0.000848630908877, 0.0019393004477, 0.000341763428878, 0.00290325190872, -0.00390432612039, -0.00193963968195, 0.00364697561599, 0.00343103613704, -0.00110699143261, 0.0115889217705]]
    },
    "melbands": {
        "dmean": [8.89650841884e-09, 1.69871654521e-07, 4.23065444011e-07, 1.18284401651e-06, 1.63659860846e-05, 5.45535040146e-05, 1.07266605482e-05, 1.74721135409e-05, 2.3414961106e-05, 2.10155521927e-05, 0.000457971298601, 0.00022693783103, 1.46384763866e-05, 1.51862195708e-05, 1.24770022012e-05, 4.32514207205e-05, 1.41012160384e-05, 9.63986713032e-06, 2.27942177844e-06, 4.35941547039e-06, 5.43636224393e-06, 8.21362573333e-06, 8.10959227238e-06, 2.63844522124e-05, 2.111505637e-05, 1.57035792654e-05, 2.48376363743e-06, 6.50536958346e-06, 1.01548966995e-05, 1.60124018294e-05, 1.11461822598e-05, 1.10982246042e-05, 6.16957686361e-06, 7.16266413292e-06, 1.38509140015e-05, 1.32613313326e-05, 1.14008007586e-05, 3.36760399477e-06, 9.70695282376e-07, 7.58027226766e-07],
        "dmean2": [1.58902331293e-08, 2.67561404144e-07, 7.48199738609e-07, 2.01836542146e-06, 2.60564102064e-05, 8.06219104561e-05, 1.70340681507e-05, 2.85391743091e-05, 3.89693996112e-05, 3.14706630888e-05, 0.00064303696854, 0.000331191520672, 2.37690619542e-05, 2.2993885068e-05, 2.1864354494e-05, 6.40683647362e-05, 2.21285572479e-05, 1.37431134135e-05, 3.83501492252e-06, 7.5623347584e-06, 1.00063389255e-05, 1.36763010232e-05, 1.44118303069e-05, 4.95782478538e-05, 3.63916842616e-05, 2.68709027296e-05, 4.38295046479e-06, 1.13574524221e-05, 1.82286166819e-05, 2.92526892736e-05, 2.06960539799e-05, 2.05206961255e-05, 1.15062839541e-05, 1.34928868647e-05, 2.649574526e-05, 2.48023079621e-05, 2.14855408558e-05, 6.49355979476e-06, 1.82896167189e-06, 1.43972044953e-06],
        "dvar": [1.6168486505e-16, 6.40690977919e-14, 4.49046046657e-13, 5.95181933252e-12, 1.83875814574e-09, 3.02819884723e-08, 9.97047666651e-10, 3.17856496679e-09, 5.45399458929e-09, 6.32925267752e-09, 3.95045617552e-06, 8.55871633121e-07, 1.68258229571e-09, 8.21825452135e-09, 3.93017041134e-09, 5.43814380194e-08, 1.38944433736e-09, 1.32869504288e-09, 2.32247953508e-11, 2.1251364557e-10, 1.18143872463e-09, 7.06368297188e-10, 8.78891792677e-10, 2.37293615868e-08, 1.02691695147e-08, 5.57750290398e-09, 5.22124600499e-11, 2.7805427405e-10, 9.23379817053e-10, 2.45532949528e-09, 1.23645205186e-09, 1.7622944215e-09, 5.21050147473e-10, 4.94006224816e-10, 2.33570052188e-09, 1.98890659497e-09, 1.30958310862e-09, 8.55898824037e-11, 6.76594587648e-12, 4.09149884112e-12],
        "dvar2": [4.75930660645e-16, 1.27133113065e-13, 1.09826763569e-12, 1.57384730248e-11, 3.93130994425e-09, 6.71395810059e-08, 2.44440179209e-09, 8.26379320529e-09, 1.37305580239e-08, 1.41638354378e-08, 8.11682366475e-06, 1.81369262009e-06, 3.47469764073e-09, 1.55116701706e-08, 8.83293616027e-09, 1.19146207567e-07, 3.11513437268e-09, 2.78449396873e-09, 6.1600023693e-11, 5.823970195e-10, 3.37951444607e-09, 1.7650079176e-09, 2.34701591495e-09, 7.00177977819e-08, 2.55606185107e-08, 1.38576110587e-08, 1.41697348299e-10, 7.09644565333e-10, 2.61375343591e-09, 6.99080171529e-09, 3.68513530802e-09, 5.10652364838e-09, 1.48475942652e-09, 1.41756784089e-09, 6.88042289809e-09, 5.5736744109e-09, 3.71843644764e-09, 2.45118952913e-10, 1.90263065719e-11, 1.15696827119e-11],
        "max": [1.02371231492e-07, 2.69610336545e-06, 7.55587643653e-06, 2.93134999083e-05, 0.000475669978186, 0.00246424856596, 0.000453227869002, 0.000604893197306, 0.000728071550839, 0.000958630233072, 0.0233224146068, 0.0126055879518, 0.000596531433985, 0.00164170342032, 0.000721638207324, 0.00364590040408, 0.000330472161295, 0.000548532465473, 5.37406995136e-05, 0.000185327633517, 0.000483388605062, 0.000356883567292, 0.000397271011025, 0.00198669778183, 0.001472309581, 0.000995804090053, 7.15105124982e-05, 0.000144057121361, 0.000269247597316, 0.000383779435651, 0.000331079179887, 0.000465924153104, 0.000265918060904, 0.000181782088475, 0.000311161391437, 0.000477375928313, 0.000288925337372, 5.45099428564e-05, 1.78830614459e-05, 1.29699192257e-05],
        "mean": [9.8289199002e-09, 2.60932608853e-07, 6.0402788904e-07, 1.506349804e-06, 1.81307095772e-05, 6.20831924607e-05, 1.21970897453e-05, 1.49212546603e-05, 1.97855697479e-05, 2.09587578865e-05, 0.000480257236632, 0.000256047671428, 1.52408683789e-05, 1.38357645483e-05, 1.16604742288e-05, 4.30446089013e-05, 1.97336903511e-05, 1.62069827638e-05, 2.37233052758e-06, 3.68156815966e-06, 4.15086651628e-06, 9.52850678004e-06, 6.35125343251e-06, 1.65968795045e-05, 1.55175421241e-05, 1.14679205581e-05, 2.08191545426e-06, 5.85852149015e-06, 7.46638943383e-06, 1.06239995148e-05, 7.33282195142e-06, 7.29982457415e-06, 4.03005378757e-06, 4.39073119196e-06, 8.35015089251e-06, 7.88235956861e-06, 6.69238488626e-06, 2.03785020858e-06, 5.91971570429e-07, 4.34168072161e-07],
        "median": [6.57395826664e-09, 1.27993800447e-07, 2.98245879549e-07, 6.6407238819e-07, 2.26370207201e-06, 4.43221460955e-06, 1.63768447692e-06, 1.49814491124e-06, 1.65938911323e-06, 1.5435326759e-06, 5.10613745064e-06, 6.69059545544e-06, 2.01199281946e-06, 8.34848549403e-07, 8.14837960661e-07, 1.22067456232e-06, 1.28571105051e-06, 7.60922091558e-07, 3.40045318126e-07, 3.32800823344e-07, 2.45706644364e-07, 3.04756667902e-07, 4.91113951284e-07, 6.03982073244e-07, 6.86685666551e-07, 2.42781425186e-07, 1.05265499428e-07, 2.28019970905e-07, 3.26396474293e-07, 2.5616293442e-07, 2.30241283816e-07, 2.50040500305e-07, 1.47312064769e-07, 9.99979832272e-08, 7.53618039084e-08, 5.44973381977e-08, 2.15391064984e-08, 8.3452134092e-09, 3.07528869037e-09, 1.7811063735e-09],
        "min": [5.22565324346e-10, 4.93685847758e-09, 2.24943352833e-08, 2.54398102584e-08, 2.92994357665e-08, 7.25892679299e-09, 2.15635598266e-08, 3.72900688106e-09, 2.8761149018e-09, 1.14822737984e-08, 6.36891472894e-09, 2.74606071216e-09, 3.19270654359e-09, 1.80791315252e-09, 1.30995414516e-09, 1.250894055e-09, 5.73768699219e-10, 1.08531095222e-09, 7.21693316219e-10, 2.97189856058e-10, 4.31328278649e-10, 3.0463012668e-10, 1.04524555677e-10, 7.82966330659e-11, 5.61717998504e-11, 7.13362077742e-11, 5.82354164891e-11, 6.09792771833e-11, 4.16773351941e-11, 4.38152465698e-11, 1.51369888846e-11, 9.13437988442e-12, 9.6927474727e-12, 7.72121862974e-12, 1.16906961542e-11, 9.70098393976e-12, 7.89701030263e-12, 4.913053471e-12, 2.94013836714e-12, 2.72687991978e-12],
        "var": [1.39518356928e-16, 1.43965934551e-13, 6.60712424442e-13, 6.57347440369e-12, 2.60185384349e-09, 4.10910701021e-08, 1.32261157582e-09, 2.81083201159e-09, 4.83609552404e-09, 6.55853638065e-09, 5.34341552338e-06, 1.24484256503e-06, 2.3447626063e-09, 1.08028102019e-08, 4.03546041028e-09, 6.63691679392e-08, 2.36332931003e-09, 3.37355743341e-09, 2.97162225382e-11, 1.62401828097e-10, 7.05992653227e-10, 1.25167731735e-09, 6.99802771287e-10, 1.29681154704e-08, 7.97318211454e-09, 4.38025749006e-09, 5.20058544839e-11, 2.72268069201e-10, 6.64958588192e-10, 1.63812574616e-09, 7.8468898046e-10, 1.02884345488e-09, 3.06819014639e-10, 2.9952545999e-10, 1.42445077955e-09, 1.27444843567e-09, 8.38455638252e-10, 5.55458908036e-11, 4.29835984514e-12, 2.47458911001e-12]
    },
    "mfcc": {
        "mean": [-808.510375977, 55.0885505676, -41.2400894165, -8.56955432892, -44.3129119873, -9.23831748962, -21.5783824921, -3.57542157173, -16.396402359, -13.1370735168, -10.987865448, -10.3014125824, -20.4127216339],
        "cov": [[11244.8007812, -3076.63720703, 45.7610359192, -1095.33740234, -1207.66479492, -678.49987793, -485.921386719, 217.00453186, -285.394744873, 198.462081909, -636.499450684, 124.67842865, -102.051544189], [-3076.63720703, 1784.390625, -93.2508010864, 146.449432373, 196.248291016, 2.9495871067, -1.62481570244, -38.9280967712, 76.1817779541, -67.2811279297, 147.701705933, -82.3535690308, 89.2778091431], [45.7610359192, -93.2508010864, 366.402252197, -63.3622894287, 41.9292945862, -76.9772338867, -42.3522491455, -13.6715211868, 9.85534763336, 24.8069534302, -114.666152954, -1.94020450115, 43.0524215698], [-1095.33740234, 146.449432373, -63.3622894287, 305.516479492, 126.268859863, 151.123519897, 51.5852088928, -49.6697540283, 25.6287250519, -14.9909934998, 65.9195709229, -14.0670585632, 41.5483436584], [-1207.66479492, 196.248291016, 41.9292945862, 126.268859863, 290.087615967, 115.710700989, 70.2228622437, -57.281375885, 14.2729301453, -27.5681667328, 90.3194656372, 9.09595108032, -14.8136405945], [-678.49987793, 2.9495871067, -76.9772338867, 151.123519897, 115.710700989, 233.131851196, 78.706199646, -39.0084762573, -28.3621101379, -9.61752128601, 152.470977783, 12.9379177094, -103.125137329], [-485.921386719, -1.62481570244, -42.3522491455, 51.5852088928, 70.2228622437, 78.706199646, 153.545028687, -2.12453126907, 5.83849000931, -11.4040365219, 81.5332260132, 2.12120676041, -30.6695995331], [217.00453186, -38.9280967712, -13.6715211868, -49.6697540283, -57.281375885, -39.0084762573, -2.12453126907, 121.668640137, 44.5908203125, 37.7883338928, -80.6912689209, -29.8495044708, 21.6948776245], [-285.394744873, 76.1817779541, 9.85534763336, 25.6287250519, 14.2729301453, -28.3621101379, 5.83849000931, 44.5908203125, 163.700317383, 27.703420639, -87.2341384888, -35.5318870544, 53.3387985229], [198.462081909, -67.2811279297, 24.8069534302, -14.9909934998, -27.5681667328, -9.61752128601, -11.4040365219, 37.7883338928, 27.703420639, 161.298995972, -56.3709030151, -98.2421646118, -3.91630244255], [-636.499450684, 147.701705933, -114.666152954, 65.9195709229, 90.3194656372, 152.470977783, 81.5332260132, -80.6912689209, -87.2341384888, -56.3709030151, 378.368408203, 52.4010887146, -226.098739624], [124.67842865, -82.3535690308, -1.94020450115, -14.0670585632, 9.09595108032, 12.9379177094, 2.12120676041, -29.8495044708, -35.5318870544, -98.2421646118, 52.4010887146, 205.108566284, -20.0168590546], [-102.051544189, 89.2778091431, 43.0524215698, 41.5483436584, -14.8136405945, -103.125137329, -30.6695995331, 21.6948776245, 53.3387985229, -3.91630244255, -226.098739624, -20.0168590546, 325.023742676]],
