{
"lowlevel": {
    "average_loudness": 0.986969470978,
    "barkbands_crest": {
        "dmean": 1.6466833353,
        "dmean2": 2.73625206947,
        "dvar": 1.48350584507,
        "dvar2": 4.0856218338,
        "max": 17.8818798065,
        "mean": 9.31602096558,
        "median": 8.71630954742,
        "min": 3.22256708145,
        "var": 8.90034389496
    },
    "barkbands_flatness_db": {
        "dmean": 0.00962655805051,
        "dmean2": 0.015649471432,
        "dvar": 5.04676536366e-05,
        "dvar2": 0.000135792026413,
        "max": 0.196562722325,
        "mean": 0.148380666971,
        "median": 0.14770694077,
        "min": 0.0781960189342,
        "var": 0.000228460281505
    },
    "barkbands_kurtosis": {
        "dmean": 0.301015943289,
        "dmean2": 0.500518321991,
        "dvar": 0.068380407989,
        "dvar2": 0.175325587392,
        "max": 1.33122730255,
        "mean": -0.855320572853,
        "median": -0.915866613388,
        "min": -1.71404850483,
        "var": 0.227462351322
    },
    "barkbands_skewness": {
        "dmean": 0.234632775187,
        "dmean2": 0.373502939939,
        "dvar": 0.0319785624743,
        "dvar2": 0.0836046785116,
        "max": 1.01617372036,
        "mean": -0.0192413236946,
        "median": 0.000821879599243,
        "min": -1.1898676157,
        "var": 0.119203053415
    },
    "barkbands_spread": {
        "dmean": 4.92701101303,
        "dmean2": 8.01943969727,
        "dvar": 12.4083795547,
        "dvar2": 32.0399475098,
        "max": 47.4718017578,
        "mean": 28.2615718842,
        "median": 28.007106781,
        "min": 12.2336750031,
        "var": 50.8752670288
    },
    "dissonance": {
        "dmean": 0.0133665837348,
        "dmean2": 0.0242258124053,
        "dvar": 0.000151108921273,
        "dvar2": 0.000439766910858,
        "max": 0.49998575449,
        "mean": 0.48254981637,
        "median": 0.487391650677,
        "min": 0.423274695873,
        "var": 0.000204395750188
    },
    "dynamic_complexity": 0.558441102505,
    "erbbands_crest": {
        "dmean": 1.72078096867,
        "dmean2": 2.8918607235,
        "dvar": 1.65093016624,
        "dvar2": 4.61288833618,
        "max": 21.7419910431,
        "mean": 10.4614114761,
        "median": 9.7571144104,
        "min": 4.15059185028,
        "var": 11.9103450775
    },
    "erbbands_flatness_db": {
        "dmean": 0.00902697071433,
        "dmean2": 0.014967193827,
        "dvar": 4.87500401505e-05,
        "dvar2": 0.000120776174299,
        "max": 0.288545131683,
        "mean": 0.238139927387,
        "median": 0.237035483122,
        "min": 0.18828587234,
        "var": 0.000229221594054
    },
    "erbbands_kurtosis": {
        "dmean": 0.49175453186,
        "dmean2": 0.778073191643,
        "dvar": 0.376686304808,
        "dvar2": 0.847502410412,
        "max": 6.35919952393,
        "mean": -0.366683840752,
        "median": -0.775051593781,
        "min": -1.62362861633,
        "var": 1.28502440453
    },
    "erbbands_skewness": {
        "dmean": 0.231534004211,
        "dmean2": 0.374514311552,
        "dvar": 0.0342504195869,
        "dvar2": 0.0863484591246,
        "max": 1.09680020809,
        "mean": -0.27704629302,
        "median": -0.290237784386,
        "min": -1.70107483864,
        "var": 0.255228489637
    },
    "erbbands_spread": {
        "dmean": 2.40653705597,
        "dmean2": 3.97561788559,
        "dvar": 4.47515058517,
        "dvar2": 11.3191833496,
        "max": 32.7410163879,
        "mean": 23.022228241,
        "median": 23.6697711945,
        "min": 10.6965904236,
        "var": 17.1147098541
    },
    "hfc": {
        "dmean": 4.66380882263,
        "dmean2": 7.50201225281,
        "dvar": 15.7726669312,
        "dvar2": 36.7502861023,
        "max": 61.8470878601,
        "mean": 35.4054794312,
        "median": 34.9810142517,
        "min": 0.986716687679,
        "var": 57.3565254211
    },
    "melbands_crest": {
        "dmean": 3.13941645622,
        "dmean2": 5.15432596207,
        "dvar": 5.6259469986,
        "dvar2": 15.1272773743,
        "max": 27.3900814056,
        "mean": 14.2825489044,
        "median": 14.0316467285,
        "min": 4.61656999588,
        "var": 17.7277450562
    },
    "melbands_flatness_db": {
        "dmean": 0.0138517087325,
        "dmean2": 0.0222041364759,
        "dvar": 0.000102409459942,
        "dvar2": 0.000264143804088,
        "max": 0.231226757169,
        "mean": 0.177681028843,
        "median": 0.177560850978,
        "min": 0.116922952235,
        "var": 0.000324362277752
    },
    "melbands_kurtosis": {
        "dmean": 0.557775318623,
        "dmean2": 0.90459048748,
        "dvar": 0.255135864019,
        "dvar2": 0.681248545647,
        "max": 3.91426277161,
        "mean": -0.0658961310983,
        "median": -0.160492181778,
        "min": -1.55894827843,
        "var": 0.744710743427
    },
    "melbands_skewness": {
        "dmean": 0.27522405982,
        "dmean2": 0.44156602025,
        "dvar": 0.0494914539158,
        "dvar2": 0.121067665517,
        "max": 2.19798946381,
        "mean": 0.722101092339,
        "median": 0.692349553108,
        "min": -0.318800836802,
        "var": 0.116324849427
    },
    "melbands_spread": {
        "dmean": 6.78375005722,
        "dmean2": 10.9125366211,
        "dvar": 27.1137580872,
        "dvar2": 76.0922851562,
        "max": 87.1969146729,
        "mean": 48.2750434875,
        "median": 48.4532051086,
        "min": 18.5834178925,
        "var": 143.427200317
    },
    "pitch_salience": {
        "dmean": 0.0403971746564,
        "dmean2": 0.0667531490326,
        "dvar": 0.000986400176771,
        "dvar2": 0.00270154746249,
        "max": 0.817531347275,
        "mean": 0.509077191353,
        "median": 0.504217624664,
        "min": 0.365632891655,
        "var": 0.00292302342132
    },
    "silence_rate_20dB": {
        "dmean": 0,
        "dmean2": 0,
        "dvar": 0,
        "dvar2": 0,
        "max": 1,
        "mean": 1,
        "median": 1,
        "min": 1,
        "var": 0
    },
    "silence_rate_30dB": {
        "dmean": 0,
        "dmean2": 0,
        "dvar": 0,
        "dvar2": 0,
        "max": 1,
        "mean": 1,
        "median": 1,
        "min": 1,
        "var": 0
    },
    "silence_rate_60dB": {
        "dmean": 0,
        "dmean2": 0,
        "dvar": 0,
        "dvar2": 0,
        "max": 0,
        "mean": 0,
        "median": 0,
        "min": 0,
        "var": 0
    },
    "spectral_centroid": {
        "dmean": 123.654914856,
        "dmean2": 198.890731812,
        "dvar": 8631.37695312,
        "dvar2": 23760.1152344,
        "max": 2768.07104492,
        "mean": 2069.57666016,
        "median": 2094.35864258,
        "min": 1434.3371582,
        "var": 58497.3085938
    },
    "spectral_complexity": {
        "dmean": 3.3212120533,
        "dmean2": 5.6009106636,
        "dvar": 7.90894889832,
        "dvar2": 19.1958122253,
        "max": 45,
        "mean": 33.6550674438,
        "median": 34,
        "min": 0,
        "var": 16.0837631226
    },
    "spectral_decrease": {
        "dmean": 8.13547396117e-10,
        "dmean2": 1.31450572649e-09,
        "dvar": 3.93562040599e-19,
        "dvar2": 1.02908113121e-18,
        "max": -1.46994319494e-10,
        "mean": -6.61690879866e-09,
        "median": -6.696245336e-09,
        "min": -8.66569127567e-09,
        "var": 8.89925157147e-19
    },
    "spectral_energy": {
        "dmean": 0.00328897382133,
        "dmean2": 0.00530990678817,
        "dvar": 6.57570626572e-06,
        "dvar2": 1.71164792846e-05,
        "max": 0.0368509553373,
        "mean": 0.0281850732863,
        "median": 0.0284739211202,
        "min": 0.000644288724288,
        "var": 1.52836382767e-05
    },
    "spectral_energyband_high": {
        "dmean": 9.15443670237e-05,
        "dmean2": 0.000149770945427,
        "dvar": 9.36037647392e-09,
        "dvar2": 2.0649670418e-08,
        "max": 0.00171929935459,
        "mean": 0.000420932337875,
        "median": 0.000391921756091,
        "min": 3.51281159965e-05,
        "var": 2.81511649547e-08
    },
    "spectral_energyband_low": {
        "dmean": 0.00261505669914,
        "dmean2": 0.00414270395413,
        "dvar": 3.16986256621e-06,
        "dvar2": 7.89011573943e-06,
        "max": 0.014281552285,
        "mean": 0.00431066099554,
        "median": 0.00371454283595,
        "min": 7.19544477761e-05,
        "var": 7.40559516998e-06
    },
    "spectral_energyband_middle_high": {
        "dmean": 0.00201763072982,
        "dmean2": 0.00324657699093,
        "dvar": 2.70851114692e-06,
        "dvar2": 6.3289744503e-06,
        "max": 0.024772522971,
        "mean": 0.0121537391096,
        "median": 0.0118271084502,
        "min": 0.000353560404619,
        "var": 1.21425891848e-05
    },
    "spectral_energyband_middle_low": {
        "dmean": 0.00220991903916,
        "dmean2": 0.00360702699982,
        "dvar": 2.63982406068e-06,
        "dvar2": 7.08257812221e-06,
        "max": 0.0241577569395,
        "mean": 0.0113510284573,
        "median": 0.0111974757165,
        "min": 0.000171019579284,
        "var": 2.13954335777e-05
    },
    "spectral_entropy": {
        "dmean": 0.0532024726272,
        "dmean2": 0.0870203897357,
        "dvar": 0.00244560558349,
        "dvar2": 0.00444535957649,
        "max": 8.5485830307,
        "mean": 7.4861574173,
        "median": 7.49009418488,
        "min": 7.15066576004,
        "var": 0.00875349342823
    },
    "spectral_flux": {
        "dmean": 0.00925717875361,
        "dmean2": 0.0160022955388,
        "dvar": 5.29761455255e-05,
        "dvar2": 0.000152743770741,
        "max": 0.125913843513,
        "mean": 0.0716527253389,
        "median": 0.0712363421917,
        "min": 0.0462618991733,
        "var": 0.000110703767859
    },
    "spectral_kurtosis": {
        "dmean": 3.38687849045,
        "dmean2": 5.96471214294,
        "dvar": 7.64309072495,
        "dvar2": 23.9895687103,
        "max": 25.3954620361,
        "mean": 6.14440774918,
        "median": 5.61799430847,
        "min": 1.28682613373,
        "var": 10.2198781967
    },
    "spectral_rms": {
        "dmean": 0.000313383236062,
        "dmean2": 0.000503319781274,
        "dvar": 7.60051577231e-08,
        "dvar2": 1.6991437235e-07,
        "max": 0.00599601119757,
        "mean": 0.00522858602926,
        "median": 0.00527061987668,
        "min": 0.000792826816905,
        "var": 1.59523139587e-07
    },
    "spectral_rolloff": {
        "dmean": 171.482391357,
        "dmean2": 291.008239746,
        "dvar": 35851.4960938,
        "dvar2": 97623.25,
        "max": 3251.51367188,
        "mean": 2425.56542969,
        "median": 2540.91796875,
        "min": 775.1953125,
        "var": 95626.9609375
    },
    "spectral_skewness": {
        "dmean": 0.315821409225,
        "dmean2": 0.558383345604,
        "dvar": 0.0776753351092,
        "dvar2": 0.239130228758,
        "max": 3.87034225464,
        "mean": 1.0464938879,
        "median": 0.994848132133,
        "min": 0.488271951675,
        "var": 0.101028479636
    },
    "spectral_spread": {
        "dmean": 147026.8125,
        "dmean2": 232689.671875,
        "dvar": 155624980480,
        "dvar2": 112301473792,
        "max": 14076521,
        "mean": 2190562.5,
        "median": 2170463.75,
        "min": 1744492.125,
        "var": 240805822464
    },
    "spectral_strongpeak": {
        "dmean": 1.0473099947,
        "dmean2": 1.81987500191,
        "dvar": 2.43115377426,
        "dvar2": 5.69618701935,
        "max": 10.4637823105,
        "mean": 2.72032237053,
        "median": 2.63239574432,
        "min": 0,
        "var": 3.79281830788
    },
    "zerocrossingrate": {
        "dmean": 0.00448626885191,
        "dmean2": 0.00599941331893,
        "dvar": 1.70674120454e-05,
        "dvar2": 2.54846509051e-05,
        "max": 0.10693359375,
        "mean": 0.0714471414685,
        "median": 0.07177734375,
        "min": 0.02880859375,
        "var": 0.000110683460662
    },
    "barkbands": {
        "dmean": [3.82950565836e-05, 0.00259945821017, 8.19779306767e-05, 0.000155339992489, 0.000932750117499, 9.85527367448e-05, 0.000376605399651, 7.82095594332e-05, 0.00191025447566, 0.000134397647344, 0.000182981748367, 0.000393758586142, 0.000100843753899, 0.000993654830381, 0.000429036299465, 0.000581620202865, 0.00105803157203, 0.00037293045898, 0.000375832256395, 0.000109550637717, 6.86480925651e-05, 1.90796690731e-05, 1.09896313916e-06, 6.69902703976e-07, 2.63400949052e-07, 1.18626672929e-07, 1.03556132558e-08],
        "dmean2": [5.99740196776e-05, 0.0041127866134, 0.00013370376837, 0.000289470830467, 0.00158016558271, 0.000170122351847, 0.000675815797877, 0.000128245388623, 0.00309976795688, 0.000224206582061, 0.000314926524879, 0.000620427599642, 0.000165600402397, 0.0015111429384, 0.000668942811899, 0.000966938911006, 0.00172972702421, 0.000628817826509, 0.000630626571365, 0.000188710750081, 0.000110984423372, 3.08490707539e-05, 1.86444378869e-06, 1.07453865894e-06, 4.24224367634e-07, 1.9982446986e-07, 1.70849823178e-08],
        "dvar": [1.41037626022e-09, 3.10604400511e-06, 6.5656422521e-09, 2.51874379131e-08, 7.70209226175e-07, 1.56431774201e-08, 2.02982789688e-07, 1.91976816666e-08, 2.00583804144e-06, 3.5219315464e-08, 3.35422249975e-08, 1.46640246612e-07, 1.08311715152e-08, 8.63927368755e-07, 2.00511351522e-07, 2.90910548983e-07, 9.91235310721e-07, 1.22151192272e-07, 9.65406385944e-08, 8.36289792971e-09, 6.54199050487e-09, 9.44512024148e-10, 9.98722263744e-13, 4.80720714971e-13, 6.49878913704e-14, 8.8087225231e-15, 1.18018000513e-16],
        "dvar2": [2.9450402117e-09, 7.77108289185e-06, 1.84844530793e-08, 7.84160505418e-08, 2.01393004318e-06, 3.98100148402e-08, 6.13525003246e-07, 4.24931982934e-08, 5.46127694179e-06, 7.93632963791e-08, 9.05246722027e-08, 3.69475884554e-07, 3.09433119128e-08, 1.95958614313e-06, 4.64603971295e-07, 8.30966541798e-07, 2.4724351988e-06, 3.21506718137e-07, 2.71594615242e-07, 2.28650769429e-08, 1.37235049991e-08, 2.25964713607e-09, 2.76253390823e-12, 1.2163792109e-12, 1.53277808198e-13, 2.48821569495e-14, 2.76485953544e-16],
        "max": [0.000553935184143, 0.0138498386368, 0.000649969035294, 0.00125880760606, 0.00789334997535, 0.00169607228599, 0.00480007193983, 0.00247264024802, 0.0205049999058, 0.00338643463328, 0.00195229134988, 0.00468876305968, 0.00183319917414, 0.0133907180279, 0.00961226783693, 0.00698151113465, 0.0143698249012, 0.00357179204002, 0.00322081823833, 0.000721353571862, 0.00155134336092, 0.000610297254752, 1.37708921102e-05, 9.59357748798e-06, 3.92414312955e-06, 1.10461076019e-06, 1.69391654481e-07],
        "mean": [0.000144653546158, 0.00399930775166, 0.000143460158142, 0.000252132420428, 0.00166220776737, 0.000147626022226, 0.000499260495417, 0.000124226949993, 0.00856780819595, 0.000252369587542, 0.00039077657857, 0.000737931055482, 0.00028150959406, 0.00267480383627, 0.00113448034972, 0.00130774383433, 0.00323655200191, 0.000964642735198, 0.00102343480103, 0.0003133052669, 0.000257345702266, 6.16589022684e-05, 3.45794251189e-06, 2.64832169705e-06, 1.22227743304e-06, 5.08723189796e-07, 4.4266698751e-08],
        "median": [0.000132484143251, 0.00338973244652, 0.00012633818551, 0.000195397937205, 0.00137092324439, 9.34079653234e-05, 0.000373659509933, 6.57000491628e-05, 0.0080860350281, 0.000181687631994, 0.000318795850035, 0.000559035746846, 0.000199320376851, 0.00190834340174, 0.000884566048626, 0.00116786046419, 0.00252937083133, 0.000897185353097, 0.000951085938141, 0.000294912053505, 0.000233549566474, 5.16110922035e-05, 3.21336551679e-06, 2.32956517721e-06, 1.09655695724e-06, 4.98037479701e-07, 4.11502405484e-08],
        "min": [5.20078765476e-06, 4.27159320679e-05, 5.30424540557e-06, 2.79801929537e-06, 6.1930109041e-06, 1.83761471817e-06, 1.18179877973e-05, 7.82042843639e-06, 8.59523061081e-05, 2.22897069762e-05, 4.15778686147e-06, 3.10248906317e-05, 1.0182531696e-05, 4.53450847999e-05, 4.77969479107e-05, 1.94011627173e-05, 6.55101321172e-05, 1.14510467029e-05, 4.06662802561e-05, 1.75868608494e-05, 2.5992951123e-05, 1.27130567762e-06, 3.35534252827e-07, 2.123496472e-07, 1.57155483294e-07, 1.53423883376e-07, 1.77283663305e-08],
        "var": [6.27512619644e-09, 7.10713038643e-06, 8.61356586057e-09, 4.74511416826e-08, 1.41863904446e-06, 2.74809561773e-08, 2.28245141898e-07, 3.66672665564e-08, 2.35935058299e-05, 7.64169172385e-08, 8.26778290275e-08, 4.36300354067e-07, 6.11533366168e-08, 5.21452102475e-06, 9.41795917697e-07, 4.54423911833e-07, 4.9091722758e-06, 1.92092286966e-07, 2.08112780342e-07, 1.30767050521e-08, 1.8723859796e-08, 1.98753835612e-09, 1.85986599385e-12, 1.71543562775e-12, 3.67372934374e-13, 2.29559294886e-14, 2.80581199025e-16]
    },
    "erbbands": {
        "dmean": [0.0988518670201, 0.497206777334, 0.143928140402, 0.233968034387, 2.97948169708, 2.79511475563, 0.627943277359, 0.89495241642, 2.17815685272, 6.08730745316, 4.56724262238, 59.3001480103, 9.70362472534, 5.20292758942, 7.3677110672, 16.219379425, 4.81680440903, 29.0857486725, 27.7517642975, 26.8847389221, 29.8447093964, 50.9917984009, 24.8734111786, 25.3891162872, 10.2763690948, 4.9941649437, 2.16080641747, 3.12169337273, 0.870173990726, 0.173774078488, 0.0332483164966, 0.0189222097397, 0.00852126441896, 0.00497688399628, 0.00132175697945, 0.000863643130288, 0.000104900289443, 2.33717819356e-05, 2.23498477681e-06, 3.94822563976e-06],
        "dmean2": [0.155904471874, 0.786689341068, 0.224835574627, 0.423897624016, 5.08140087128, 4.7406744957, 1.03425467014, 1.54111194611, 3.88959479332, 10.8392534256, 7.56256532669, 96.8728637695, 15.4727144241, 8.76682567596, 12.0222816467, 25.5357913971, 8.09449005127, 43.3652305603, 44.2375488281, 43.7704963684, 49.9444580078, 83.9791946411, 40.0653648376, 42.9591445923, 17.3657436371, 8.46513271332, 3.58301591873, 5.03300476074, 1.38646388054, 0.283578902483, 0.0573848038912, 0.0306324958801, 0.0132076106966, 0.00794811639935, 0.00224978732876, 0.00148151803296, 0.00017224487965, 3.87276959373e-05, 3.66220410797e-06, 6.40467760604e-06],
        "dvar": [0.00441139005125, 0.115481488407, 0.0142686367035, 0.0606273822486, 9.19823741913, 7.51294851303, 0.583528518677, 1.50570476055, 5.27627801895, 65.6046066284, 24.3199768066, 1970.91247559, 59.2191581726, 39.6994819641, 46.9684562683, 269.06729126, 24.1404438019, 722.920166016, 606.760498047, 802.611816406, 700.248596191, 2145.31958008, 511.950653076, 412.955780029, 61.7839736938, 17.2679004669, 4.54091978073, 17.2598495483, 2.2284553051, 0.055663049221, 0.000880488369148, 0.000472969957627, 7.96708336566e-05, 2.66118986474e-05, 1.40366842061e-06, 4.76527162618e-07, 7.0326167112e-09, 3.51170342805e-10, 3.79856866448e-12, 1.00326517927e-11],
        "dvar2": [0.0108955372125, 0.291833937168, 0.0359215810895, 0.181163147092, 23.6426868439, 19.7462100983, 1.53609991074, 3.70046067238, 16.5530967712, 191.410232544, 55.7985153198, 5502.88574219, 145.593963623, 95.8725891113, 121.166183472, 660.343261719, 70.9261627197, 1626.77868652, 1484.4420166, 1971.02563477, 1930.25720215, 5458.55859375, 1236.06018066, 1181.8996582, 167.414154053, 47.5899581909, 12.2813138962, 32.8758392334, 5.42216157913, 0.154382377863, 0.00245084241033, 0.00122508022469, 0.000200158072403, 6.12346848357e-05, 4.00583758164e-06, 1.27036014419e-06, 1.95347578114e-08, 9.66485669274e-10, 9.72327340171e-12, 2.53913366027e-11],
        "max": [0.59156781435, 2.47941470146, 0.985170304775, 2.04922175407, 25.9172420502, 27.2393398285, 10.0223588943, 13.2064809799, 19.5831832886, 97.2405853271, 95.6957092285, 625.934570312, 126.105949402, 90.1270141602, 72.3730010986, 213.018737793, 74.8247833252, 413.305541992, 318.105041504, 318.026885986, 319.558410645, 577.018493652, 328.399841309, 192.503829956, 84.4274978638, 36.5824928284, 40.7155990601, 81.0211639404, 30.0759124756, 4.06550979614, 0.382170319557, 0.357976406813, 0.166268020868, 0.0843919962645, 0.0148113667965, 0.0078396089375, 0.00115486292634, 0.000203969044378, 4.02176847274e-05, 4.82234536321e-05],
        "mean": [0.173421561718, 0.665741503239, 0.296545684338, 0.461705565453, 5.58820343018, 4.22299623489, 1.22229528427, 1.25357782841, 2.94987297058, 8.95644950867, 15.4077939987, 254.926864624, 47.9582481384, 12.0326452255, 18.7640419006, 30.9869422913, 15.8536520004, 85.3551559448, 92.3840103149, 67.3361587524, 79.3113937378, 150.77381897, 87.8937301636, 67.0045852661, 32.158115387, 15.1352653503, 7.65393733978, 10.6840543747, 2.95177125931, 0.615536808968, 0.112473942339, 0.0621319152415, 0.0366242155433, 0.0227189939469, 0.00564807606861, 0.00353689910844, 0.000498325447552, 7.19569507055e-05, 2.27769287449e-05, 3.63224862667e-05],
        "median": [0.148538589478, 0.55097258091, 0.27047765255, 0.382577180862, 4.29445123672, 3.38585972786, 0.837286949158, 0.87742549181, 2.18940997124, 6.77234125137, 14.4730157852, 239.397598267, 46.4157371521, 9.98526859283, 15.4049215317, 22.5811595917, 12.0784959793, 63.5786590576, 75.4477386475, 56.6324768066, 74.1510238647, 123.356903076, 74.6594772339, 61.8544273376, 30.3086204529, 14.2417373657, 7.1979598999, 9.07124614716, 2.60207891464, 0.538307547569, 0.105004131794, 0.0566727370024, 0.0284750815481, 0.0198573470116, 0.00549976760522, 0.00342792272568, 0.000484643795062, 6.81905366946e-05, 2.2802825697e-05, 3.66460371879e-05],
        "min": [0.00196022330783, 0.00703806104138, 0.00922229140997, 0.00854019541293, 0.022064909339, 0.0177800990641, 0.0232920385897, 0.0940135866404, 0.134298056364, 0.334746569395, 1.05090117455, 1.86116492748, 1.78489017487, 0.543048024178, 0.476706504822, 1.97782826424, 1.56406462193, 2.11107826233, 2.9221830368, 1.82642185688, 1.05896496773, 4.2600274086, 1.09198272228, 1.84190416336, 1.63048458099, 0.816113471985, 0.476037055254, 1.31161284447, 0.106630571187, 0.0197824090719, 0.00708792638034, 0.00442253332585, 0.003571288893, 0.00219478039071, 0.000913432100788, 0.000636550365016, 0.000181196082849, 1.6573620087e-05, 1.4319636648e-05, 2.52558265856e-06],
        "var": [0.0126798022538, 0.223170757294, 0.0242548640817, 0.111330941319, 21.3310871124, 11.2282333374, 1.61187112331, 1.93143522739, 6.21257686615, 74.0504226685, 71.4221572876, 22182.0683594, 594.110656738, 80.9071426392, 150.508148193, 826.577270508, 124.691055298, 4783.73876953, 3459.55102539, 1799.6328125, 1229.86401367, 8107.30859375, 2740.98706055, 824.89276123, 126.178573608, 27.8067741394, 9.29776763916, 47.9759101868, 4.29375505447, 0.135022327304, 0.00167149002664, 0.000802372291218, 0.000528505886905, 0.000169340230059, 3.52001893589e-06, 1.25606447909e-06, 1.68610583273e-08, 9.42169231521e-10, 7.07639415815e-12, 2.33611862493e-11]
    },
    "gfcc": {
        "mean": [1.10317671299, 120.776252747, -186.764007568, 44.2836685181, -29.8168640137, -1.07672119141, -10.0254163742, 18.4507274628, -6.65350151062, -0.962106227875, -23.6906414032, -10.5336990356, -1.17572188377],
        "cov": [[111.471588135, 6.72775125504, 2.81515598297, 32.2515983582, -6.12666845322, 0.463437080383, -22.8291378021, -18.145860672, -10.4094390869, -13.8740606308, 0.749921739101, 14.7786931992, 8.49231815338], [6.72775125504, 70.5470046997, 28.4133071899, -8.14013671875, 4.95523309708, -6.31692361832, 10.373916626, -2.68612241745, -0.0830951109529, 7.3846411705, 9.96793842316, -4.91274023056, -0.444609940052], [2.81515598297, 28.4133071899, 56.3811073303, 33.4134483337, 9.88350296021, 5.51489210129, -1.62042629719, 3.30509114265, -1.08138000965, 8.46362304688, 1.822914958, 3.51105427742, 4.45568084717], [32.2515983582, -8.14013671875, 33.4134483337, 90.6605529785, 33.5299110413, 12.2254524231, -14.6466779709, -18.9283504486, -6.35822105408, -6.83997154236, -8.83232021332, 6.53190326691, 8.63920307159], [-6.12666845322, 4.95523309708, 9.88350296021, 33.5299110413, 63.0057487488, 31.6973342896, 6.83288574219, -10.2189311981, -3.35706090927, 19.147146225, 5.50047111511, -5.54290866852, 1.9394954443], [0.463437080383, -6.31692361832, 5.51489210129, 12.2254524231, 31.6973342896, 53.8138084412, 19.3765106201, 0.0356928408146, 3.08243012428, 15.6719331741, 7.38598632812, -6.44683790207, -0.709771931171], [-22.8291378021, 10.373916626, -1.62042629719, -14.6466779709, 6.83288574219, 19.3765106201, 45.3690338135, 24.9822006226, 10.2764129639, 3.18280982971, 1.68652403355, -4.3145647049, -6.22873973846], [-18.145860672, -2.68612241745, 3.30509114265, -18.9283504486, -10.2189311981, 0.0356928408146, 24.9822006226, 56.8781242371, 31.1460666656, 5.37222194672, 8.64562129974, 4.72905492783, -2.55305314064], [-10.4094390869, -0.0830951109529, -1.08138000965, -6.35822105408, -3.35706090927, 3.08243012428, 10.2764129639, 31.1460666656, 49.4456214905, 24.8174648285, 11.1804285049, -0.54179751873, -4.68626928329], [-13.8740606308, 7.3846411705, 8.46362304688, -6.83997154236, 19.147146225, 15.6719331741, 3.18280982971, 5.37222194672, 24.8174648285, 63.9289588928, 33.0119895935, 1.06812787056, -2.0624833107], [0.749921739101, 9.96793842316, 1.822914958, -8.83232021332, 5.50047111511, 7.38598632812, 1.68652403355, 8.64562129974, 11.1804285049, 33.0119895935, 47.5261001587, 23.3769741058, 0.142985671759], [14.7786931992, -4.91274023056, 3.51105427742, 6.53190326691, -5.54290866852, -6.44683790207, -4.3145647049, 4.72905492783, -0.54179751873, 1.06812787056, 23.3769741058, 43.458782196, 11.294251442], [8.49231815338, -0.444609940052, 4.45568084717, 8.63920307159, 1.9394954443, -0.709771931171, -6.22873973846, -2.55305314064, -4.68626928329, -2.0624833107, 0.142985671759, 11.294251442, 25.7072792053]],
        "icov": [[0.0178452078253, -0.0183093845844, 0.0195278301835, -0.0160431303084, 0.0135859688744, -0.0161405000836, 0.0173808578402, -0.0116301411763, 0.0090359011665, -0.00690377131104, 0.0104089211673, -0.0111536290497, 0.00331634306349], [-0.0183093845844, 0.0627791434526, -0.0597529485822, 0.0369145385921, -0.0296603981405, 0.0403932705522, -0.0431069582701, 0.0431333519518, -0.0298520568758, 0.0307180285454, -0.0425515510142, 0.0312933027744, -0.0142117077485], [0.0195278301835, -0.0597529485822, 0.0851484164596, -0.0506121069193, 0.0349828265607, -0.0395498536527, 0.0415326841176, -0.051802188158, 0.0398255623877, -0.0406916737556, 0.0427482947707, -0.0290525015444, 0.0124748405069], [-0.0160431303084, 0.0369145385921, -0.0506121069193, 0.0503607019782, -0.0344003587961, 0.0230865590274, -0.0202072504908, 0.0340658910573, -0.0293453857303, 0.0279162023216, -0.0190577749163, 0.0108157265931, -0.00824946817011], [0.0135859688744, -0.0296603981405, 0.0349828265607, -0.0344003587961, 0.0499684102833, -0.0323782116175, 0.0173344053328, -0.0216127336025, 0.0240672565997, -0.0267676729709, 0.0188471917063, -0.0103537896648, 0.00456972792745], [-0.0161405000836, 0.0403932705522, -0.0395498536527, 0.0230865590274, -0.0323782116175, 0.0610795468092, -0.0449148714542, 0.0326773449779, -0.0210253559053, 0.0185947678983, -0.0339839085937, 0.0275407023728, -0.0126328440383], [0.0173808578402, -0.0431069582701, 0.0415326841176, -0.0202072504908, 0.0173344053328, -0.0449148714542, 0.0734825357795, -0.0486356019974, 0.0242971535772, -0.0188436321914, 0.0343327410519, -0.0251679290086, 0.0173151623458], [-0.0116301411763, 0.0431333519518, -0.051802188158, 0.0340658910573, -0.0216127336025, 0.0326773449779, -0.0486356019974, 0.0756048709154, -0.0507977567613, 0.0358779765666, -0.0375998467207, 0.0193583276123, -0.014301924035], [0.0090359011665, -0.0298520568758, 0.0398255623877, -0.0293453857303, 0.0240672565997, -0.0210253559053, 0.0242971535772, -0.0507977567613, 0.0641938447952, -0.0406923592091, 0.0278821513057, -0.0137376021594, 0.0122215878218], [-0.00690377131104, 0.0307180285454, -0.0406916737556, 0.0279162023216, -0.0267676729709, 0.0185947678983, -0.0188436321914, 0.0358779765666, -0.0406923592091, 0.0626441463828, -0.0530003905296, 0.0281835217029, -0.0124658970162], [0.0104089211673, -0.0425515510142, 0.0427482947707, -0.0190577749163, 0.0188471917063, -0.0339839085937, 0.0343327410519, -0.0375998467207, 0.0278821513057, -0.0530003905296, 0.0919640809298, -0.0578104443848, 0.0227625798434], [-0.0111536290497, 0.0312933027744, -0.0290525015444, 0.0108157265931, -0.0103537896648, 0.0275407023728, -0.0251679290086, 0.0193583276123, -0.0137376021594, 0.0281835217029, -0.0578104443848, 0.0662174448371, -0.0260210540146], [0.00331634306349, -0.0142117077485, 0.0124748405069, -0.00824946817011, 0.00456972792745, -0.0126328440383, 0.0173151623458, -0.014301924035, 0.0122215878218, -0.0124658970162, 0.0227625798434, -0.0260210540146, 0.0527830272913]]
    },
    "melbands": {
        "dmean": [0.000817191030364, 0.000249669654295, 0.00010861359624, 0.000243600079557, 3.27685193042e-05, 1.90751470655e-05, 5.09683377459e-05, 5.45942712051e-05, 5.2311548643e-05, 0.000374568277039, 3.57292665285e-05, 2.10894377233e-05, 2.56343828369e-05, 5.54890866624e-05, 1.17515692182e-05, 1.29385962282e-05, 7.33826891519e-05, 6.57831333228e-05, 4.08451269323e-05, 3.87808904634e-05, 4.17494993599e-05, 5.14333951287e-05, 5.75002341066e-05, 1.87427704077e-05, 2.36859486904e-05, 1.18705202112e-05, 6.22747620582e-06, 3.04430545839e-06, 1.09318204977e-06, 2.46307172347e-06, 1.412119218e-06, 5.20803098425e-07, 3.72683672367e-07, 3.30035341278e-08, 2.18875388924e-08, 1.55622501552e-08, 1.15484084517e-08, 5.82335335508e-09, 6.92369583888e-09, 4.09718614591e-09],
        "dmean2": [0.001292761066, 0.000392264948459, 0.000189081198187, 0.000415220565628, 5.46437222511e-05, 3.29263712047e-05, 9.11148381419e-05, 9.68589956756e-05, 8.89994407771e-05, 0.000605797104072, 5.82999564358e-05, 3.55854172085e-05, 4.39253381046e-05, 8.70049698278e-05, 1.8753869881e-05, 2.15707459574e-05, 0.000109444496047, 0.000103598336864, 6.27160698059e-05, 6.42752056592e-05, 7.08312145434e-05, 8.68167771841e-05, 9.23948828131e-05, 3.20223261951e-05, 4.02855876018e-05, 1.99010919459e-05, 1.07259747892e-05, 5.22636082678e-06, 1.85179271739e-06, 4.08245250583e-06, 2.29087913795e-06, 8.34651928017e-07, 6.06582148066e-07, 5.51253371839e-08, 3.79879097068e-08, 2.6009807641e-08, 1.84933597325e-08, 9.39361832764e-09, 1.05084998481e-08, 6.73464528589e-09],
        "dvar": [3.05625349029e-07, 3.04463370071e-08, 1.30384902874e-08, 5.34822888199e-08, 1.47372725134e-09, 6.38907815542e-10, 3.09911252216e-09, 5.27410248807e-09, 3.02085556569e-09, 7.85815572613e-08, 1.05430442154e-09, 7.39258765314e-10, 6.97846835873e-10, 2.87169998892e-09, 1.4078400945e-10, 1.71705871743e-10, 4.7028394512e-09, 3.5656266828e-09, 1.82302872798e-09, 1.6094335864e-09, 1.28379384901e-09, 2.0410122481e-09, 3.76671449587e-09, 3.28676003081e-10, 3.52625789679e-10, 9.33533528258e-11, 2.66736719517e-11, 6.85200637549e-12, 1.10996704449e-12, 7.05588322145e-12, 3.69092256758e-12, 9.78656825718e-13, 2.97475965302e-13, 1.11763604522e-15, 3.8639215775e-16, 3.24395645818e-16, 1.44061113738e-16, 3.14372936564e-17, 5.95130576522e-17, 1.94542490684e-17],
        "dvar2": [7.60493890084e-07, 7.76994895091e-08, 3.61051739617e-08, 1.42251721513e-07, 3.59542062789e-09, 1.57241364374e-09, 9.65846425061e-09, 1.53573154194e-08, 7.36044603045e-09, 2.12991650983e-07, 2.65724198201e-09, 1.75030101524e-09, 1.91910354275e-09, 7.28186044796e-09, 3.26244614657e-10, 5.12787534657e-10, 1.05157784702e-08, 8.5365314817e-09, 3.95600441294e-09, 4.3987311571e-09, 3.5372982321e-09, 5.39078781614e-09, 8.97375951325e-09, 8.87823370377e-10, 1.0147731544e-09, 2.65924199327e-10, 7.55796467078e-11, 1.86125212465e-11, 3.00902206797e-12, 1.61391369019e-11, 7.03273940819e-12, 2.30510294012e-12, 8.13400616393e-13, 3.06073470842e-15, 1.13530218789e-15, 8.39962922062e-16, 3.679532034e-16, 7.87110527843e-17, 1.45626589443e-16, 4.49883848269e-17],
        "max": [0.00447077490389, 0.00129810511135, 0.000977354240604, 0.00204604165629, 0.000482837494928, 0.000271562312264, 0.000517294800375, 0.000869443174452, 0.000966810854152, 0.00410815374926, 0.000437327194959, 0.000411144166719, 0.000291269680019, 0.000636071141344, 0.00020006520208, 0.000202505136258, 0.00103767658584, 0.000813221209683, 0.000972592039034, 0.000444314355263, 0.000371141184587, 0.000419681338826, 0.000940674624871, 0.000199974921998, 0.000176380141056, 9.918766591e-05, 4.30211912317e-05, 2.09914123843e-05, 1.54615281645e-05, 4.57521127828e-05, 3.63142680726e-05, 1.88462709048e-05, 9.17753914109e-06, 4.03832245865e-07, 2.47959576427e-07, 2.6909413009e-07, 1.65022797205e-07, 8.81482478121e-08, 1.32707839384e-07, 6.70756108434e-08],
        "mean": [0.00130122748669, 0.000380334851798, 0.000224557123147, 0.000409993692301, 5.71252930968e-05, 2.66333372565e-05, 6.66703999741e-05, 8.07816759334e-05, 0.00012074955157, 0.0016717845574, 0.000151504937094, 4.08471896662e-05, 5.52742058062e-05, 0.000103448888694, 2.7633519494e-05, 3.75167801394e-05, 0.000203591727768, 0.000189917176613, 0.000107392581413, 7.55746659706e-05, 9.89135587588e-05, 0.000137808936415, 0.000172735497472, 4.15037284256e-05, 5.71759228478e-05, 3.09696479235e-05, 1.5871695723e-05, 8.08285676612e-06, 3.29802628585e-06, 8.04125647846e-06, 4.63403830508e-06, 1.4717003296e-06, 1.11683323212e-06, 9.70484634877e-08, 5.95307518836e-08, 4.47097150413e-08, 3.45751161035e-08, 2.25598970616e-08, 2.71222457826e-08, 1.60082453959e-08],
        "median": [0.00111164827831, 0.000333526957547, 0.000176070490852, 0.000331778282998, 4.13524539908e-05, 1.78416576091e-05, 4.9139969633e-05, 6.1733291659e-05, 0.000104786136944, 0.00157805613708, 0.00014310417464, 3.14511198667e-05, 4.44457982667e-05, 7.93140279711e-05, 2.1803933123e-05, 2.79639243672e-05, 0.000145501806401, 0.000143973637023, 8.11702193459e-05, 6.2352301029e-05, 8.99450606084e-05, 0.000121096411021, 0.000116217015602, 3.73576804122e-05, 5.21544752701e-05, 2.85363767034e-05, 1.46064339788e-05, 7.48180673327e-06, 3.10175892082e-06, 7.34173818273e-06, 3.90134027839e-06, 1.21342873172e-06, 8.80333800524e-07, 8.52786854466e-08, 5.49550378537e-08, 4.06196321023e-08, 3.09481258398e-08, 1.85930897345e-08, 2.01988132886e-08, 1.32707027589e-08],
        "min": [1.68113019754e-05, 6.42799341222e-06, 1.9357084966e-06, 1.60082595357e-06, 7.34595460017e-07, 7.23770369859e-07, 1.91096387425e-06, 2.74882040685e-06, 9.68052881944e-06, 1.2129157767e-05, 8.76026479091e-06, 2.27827445087e-06, 8.03395380444e-07, 4.72954161523e-06, 3.4171621337e-06, 1.3871971305e-06, 3.90067816625e-06, 5.04431091031e-06, 2.89461399916e-06, 1.6995727492e-06, 9.46960028614e-07, 4.30364525528e-06, 2.20282231567e-06, 6.34521825305e-07, 1.61058767389e-06, 1.42719204632e-06, 8.61139255903e-07, 4.79515676943e-07, 1.79750173857e-07, 7.23434482097e-07, 6.46474802579e-07, 3.23974163052e-08, 1.25110988236e-08, 9.19740195116e-09, 4.0057197559e-09, 2.6571578271e-09, 2.7973630079e-09, 2.37507968848e-09, 2.63553934232e-09, 1.56134216667e-09],
        "var": [7.46816340325e-07, 5.65426709898e-08, 3.38225447649e-08, 9.00731436104e-08, 3.20371196239e-09, 8.93348173214e-10, 3.58289042879e-09, 6.1097225057e-09, 7.27702031966e-09, 9.57288307291e-07, 5.78499514958e-09, 1.42646838786e-09, 1.63955704569e-09, 8.4814386625e-09, 5.67216162928e-10, 8.67981020392e-10, 3.08963485907e-08, 1.94880538373e-08, 9.39182864812e-09, 2.46434495033e-09, 2.20866791523e-09, 5.06374986387e-09, 2.34351986705e-08, 4.91041263206e-10, 6.93531898577e-10, 1.93779187141e-10, 4.05762819178e-11, 1.00126053282e-11, 2.0183995534e-12, 1.77450571598e-11, 1.01032923347e-11, 1.63227677902e-12, 7.37513782684e-13, 2.20479711555e-15, 6.59154580927e-16, 4.713314835e-16, 2.90633706634e-16, 1.66374277674e-16, 3.76257196777e-16, 1.10585875354e-16]
    },
    "mfcc": {
        "mean": [-620.477050781, 139.751983643, -76.5307769775, 48.2916793823, -0.672462701797, 4.33455944061, 2.88612771034, 11.0179309845, 24.2197494507, 8.73888874054, 12.1956377029, -3.07734060287, -14.3384847641],
        "cov": [[130.500762939, -20.4497833252, 9.46848869324, 13.3169689178, 14.1558237076, 5.47559022903, -9.43436527252, -5.98509168625, -3.98183822632, -43.0594711304, -6.35774612427, -8.16571807861, 4.96219205856], [-20.4497833252, 85.9741592407, 4.95680952072, -7.79650974274, -17.2172088623, -4.22184038162, 5.1737241745, -2.59629797935, -16.5426101685, 27.2913589478, -7.24332666397, 11.6929788589, 15.6625890732], [9.46848869324, 4.95680952072, 59.2422103882, 24.0619163513, 10.7130088806, -1.99249827862, -2.83163070679, 1.21586728096, 6.0901889801, -7.85613012314, 3.40791130066, -0.123731419444, 5.64662218094], [13.3169689178, -7.79650974274, 24.0619163513, 67.0666732788, 30.4145774841, 12.7438726425, -1.97280621529, -2.29738116264, 6.43369531631, -12.4649076462, -7.5889544487, -9.16757106781, 1.59930920601], [14.1558237076, -17.2172088623, 10.7130088806, 30.4145774841, 58.6544075012, 31.4591732025, 10.0749015808, -10.0007362366, 6.70607089996, -0.642097592354, 3.62233877182, -9.33249473572, -0.762111067772], [5.47559022903, -4.22184038162, -1.99249827862, 12.7438726425, 31.4591732025, 65.4029998779, 25.9273738861, -10.7718410492, -0.150461554527, 8.21895980835, -0.170366793871, -5.67313480377, -2.79369592667], [-9.43436527252, 5.1737241745, -2.83163070679, -1.97280621529, 10.0749015808, 25.9273738861, 49.0270729065, 10.3535861969, 1.40191614628, 2.35727596283, -0.583989441395, -1.24256181717, 1.49162185192], [-5.98509168625, -2.59629797935, 1.21586728096, -2.29738116264, -10.0007362366, -10.7718410492, 10.3535861969, 50.5026397705, 13.8042764664, -2.52584218979, 1.97560429573, 2.40522480011, 4.26691579819], [-3.98183822632, -16.5426101685, 6.0901889801, 6.43369531631, 6.70607089996, -0.150461554527, 1.40191614628, 13.8042764664, 45.0644760132, 5.56839179993, 10.5226373672, -7.41634702682, -12.4673042297], [-43.0594711304, 27.2913589478, -7.85613012314, -12.4649076462, -0.642097592354, 8.21895980835, 2.35727596283, -2.52584218979, 5.56839179993, 75.8360824585, 21.4798526764, 9.73299217224, -0.783870100975], [-6.35774612427, -7.24332666397, 3.40791130066, -7.5889544487, 3.62233877182, -0.170366793871, -0.583989441395, 1.97560429573, 10.5226373672, 21.4798526764, 47.7862510681, 16.2594585419, 2.40890455246], [-8.16571807861, 11.6929788589, -0.123731419444, -9.16757106781, -9.33249473572, -5.67313480377, -1.24256181717, 2.40522480011, -7.41634702682, 9.73299217224, 16.2594585419, 47.183757782, 27.2296524048], [4.96219205856, 15.6625890732, 5.64662218094, 1.59930920601, -0.762111067772, -2.79369592667, 1.49162185192, 4.26691579819, -12.4673042297, -0.783870100975, 2.40890455246, 27.2296524048, 60.3100738525]],
