{
"lowlevel": {
    "average_loudness": 0.977263629436,
    "barkbands_crest": {
        "dmean": 2.57872390747,
        "dmean2": 4.18845415115,
        "dvar": 6.13041400909,
        "dvar2": 16.4881401062,
        "max": 22.697177887,
        "mean": 8.27924251556,
        "median": 7.47913455963,
        "min": 3.52402019501,
        "var": 9.23019313812
    },
    "barkbands_flatness_db": {
        "dmean": 0.0342542044818,
        "dmean2": 0.0568121150136,
        "dvar": 0.000768139143474,
        "dvar2": 0.00212425622158,
        "max": 0.333907425404,
        "mean": 0.200704008341,
        "median": 0.200337022543,
        "min": 0.088278837502,
        "var": 0.00149008759763
    },
    "barkbands_kurtosis": {
        "dmean": 0.961501538754,
        "dmean2": 1.58698737621,
        "dvar": 1.21738350391,
        "dvar2": 3.37752485275,
        "max": 10.353053093,
        "mean": 0.469916433096,
        "median": 0.166884183884,
        "min": -1.31104290485,
        "var": 1.59303700924
    },
    "barkbands_skewness": {
        "dmean": 0.43340754509,
        "dmean2": 0.699401795864,
        "dvar": 0.143718525767,
        "dvar2": 0.347162872553,
        "max": 2.9618806839,
        "mean": 0.124163351953,
        "median": 0.113176748157,
        "min": -1.71409106255,
        "var": 0.311308205128
    },
    "barkbands_spread": {
        "dmean": 3.16035246849,
        "dmean2": 5.27994346619,
        "dvar": 8.62274932861,
        "dvar2": 22.8960533142,
        "max": 27.6063232422,
        "mean": 10.5124206543,
        "median": 9.75416660309,
        "min": 2.8661031723,
        "var": 16.394159317
    },
    "dissonance": {
        "dmean": 0.035859901458,
        "dmean2": 0.0600045472383,
        "dvar": 0.00102979864459,
        "dvar2": 0.00285428552888,
        "max": 0.499369710684,
        "mean": 0.443777024746,
        "median": 0.450154155493,
        "min": 0.201670408249,
        "var": 0.00156029837672
    },
    "dynamic_complexity": 1.2867013216,
    "erbbands_crest": {
        "dmean": 2.42779421806,
        "dmean2": 4.141310215,
        "dvar": 5.87533807755,
        "dvar2": 17.0337791443,
        "max": 24.8121185303,
        "mean": 8.56254577637,
        "median": 8.11938667297,
        "min": 3.73698067665,
        "var": 7.48564720154
    },
    "erbbands_flatness_db": {
        "dmean": 0.0327016189694,
        "dmean2": 0.0535167269409,
        "dvar": 0.00063715671422,
        "dvar2": 0.00179877830669,
        "max": 0.405378997326,
        "mean": 0.287782013416,
        "median": 0.287601947784,
        "min": 0.180177465081,
        "var": 0.00139879423659
    },
    "erbbands_kurtosis": {
        "dmean": 0.960043728352,
        "dmean2": 1.60660338402,
        "dvar": 0.853283166885,
        "dvar2": 2.17644715309,
        "max": 7.89197349548,
        "mean": 0.734177350998,
        "median": 0.452369451523,
        "min": -1.34317553043,
        "var": 1.56590652466
    },
    "erbbands_skewness": {
        "dmean": 0.357633858919,
        "dmean2": 0.59137660265,
        "dvar": 0.0837519094348,
        "dvar2": 0.218399867415,
        "max": 1.44121468067,
        "mean": 0.0287186205387,
        "median": 0.0589237846434,
        "min": -1.76718425751,
        "var": 0.190046176314
    },
    "erbbands_spread": {
        "dmean": 4.12397480011,
        "dmean2": 6.6613650322,
        "dvar": 14.0486736298,
        "dvar2": 36.2011299133,
        "max": 38.846244812,
        "mean": 13.7232894897,
        "median": 12.9388875961,
        "min": 3.51218390465,
        "var": 29.2511234283
    },
    "hfc": {
        "dmean": 18.3161334991,
        "dmean2": 30.4025611877,
        "dvar": 283.819519043,
        "dvar2": 738.023254395,
        "max": 144.642974854,
        "mean": 27.4279994965,
        "median": 23.9321842194,
        "min": 0.0733933225274,
        "var": 481.127655029
    },
    "melbands_crest": {
        "dmean": 2.88722467422,
        "dmean2": 4.73263835907,
        "dvar": 6.99214506149,
        "dvar2": 17.660615921,
        "max": 27.4085025787,
        "mean": 8.97976112366,
        "median": 8.14050388336,
        "min": 3.58066821098,
        "var": 12.269982338
    },
    "melbands_flatness_db": {
        "dmean": 0.0403598099947,
        "dmean2": 0.0671452656388,
        "dvar": 0.000999238458462,
        "dvar2": 0.00271922093816,
        "max": 0.336576670408,
        "mean": 0.209665745497,
        "median": 0.20725427568,
        "min": 0.0941000729799,
        "var": 0.0024278939236
    },
    "melbands_kurtosis": {
        "dmean": 1.10421466827,
        "dmean2": 1.79130721092,
        "dvar": 2.41498923302,
        "dvar2": 6.08234548569,
        "max": 18.7456493378,
        "mean": 0.684382796288,
        "median": 0.323285579681,
        "min": -1.29413533211,
        "var": 2.76202869415
    },
    "melbands_skewness": {
        "dmean": 0.463807672262,
        "dmean2": 0.749533891678,
        "dvar": 0.180449098349,
        "dvar2": 0.430549710989,
        "max": 3.99448299408,
        "mean": 0.304475963116,
        "median": 0.282113105059,
        "min": -1.79694628716,
        "var": 0.375487983227
    },
    "melbands_spread": {
        "dmean": 6.62445402145,
        "dmean2": 10.7601251602,
        "dvar": 38.8708343506,
        "dvar2": 87.7276000977,
        "max": 68.0724258423,
        "mean": 21.6818275452,
        "median": 20.0180549622,
        "min": 6.77696609497,
        "var": 87.8625183105
    },
    "pitch_salience": {
        "dmean": 0.0940606594086,
        "dmean2": 0.153118684888,
        "dvar": 0.00641984399408,
        "dvar2": 0.0165646579117,
        "max": 0.920306622982,
        "mean": 0.711551964283,
        "median": 0.723755896091,
        "min": 0.258098125458,
        "var": 0.012437033467
    },
    "silence_rate_20dB": {
        "dmean": 0,
        "dmean2": 0,
        "dvar": 0,
        "dvar2": 0,
        "max": 1,
        "mean": 1,
        "median": 1,
        "min": 1,
        "var": 0
    },
    "silence_rate_30dB": {
        "dmean": 0,
        "dmean2": 0,
        "dvar": 0,
        "dvar2": 0,
        "max": 1,
        "mean": 1,
        "median": 1,
        "min": 1,
        "var": 0
    },
    "silence_rate_60dB": {
        "dmean": 0.019999999553,
        "dmean2": 0.0400890856981,
        "dvar": 0.0196000505239,
        "dvar2": 0.0518450066447,
        "max": 1,
        "mean": 0.0155210644007,
        "median": 0,
        "min": 0,
        "var": 0.0152800763026
    },
    "spectral_centroid": {
        "dmean": 357.632080078,
        "dmean2": 572.346801758,
        "dvar": 92435.0390625,
        "dvar2": 227262.9375,
        "max": 3311.72070312,
        "mean": 1569.41564941,
        "median": 1450.74438477,
        "min": 491.303955078,
        "var": 315758.78125
    },
    "spectral_complexity": {
        "dmean": 6.27777767181,
        "dmean2": 10.4877510071,
        "dvar": 23.1383876801,
        "dvar2": 58.1295661926,
        "max": 37,
        "mean": 17.6607532501,
        "median": 18,
        "min": 0,
        "var": 48.1177330017
    },
    "spectral_decrease": {
        "dmean": 2.85345236328e-09,
        "dmean2": 4.6722843372e-09,
        "dvar": 4.98662440837e-18,
        "dvar2": 1.3134133412e-17,
        "max": -1.58675243084e-11,
        "mean": -4.71168837279e-09,
        "median": -4.35953051436e-09,
        "min": -1.38266624816e-08,
        "var": 8.73684706591e-18
    },
    "spectral_energy": {
        "dmean": 0.0123871993273,
        "dmean2": 0.0202796570957,
        "dvar": 9.65729632298e-05,
        "dvar2": 0.000255674996879,
        "max": 0.0653042942286,
        "mean": 0.0202707573771,
        "median": 0.0186896547675,
        "min": 6.65446350467e-05,
        "var": 0.000167500023963
    },
    "spectral_energyband_high": {
        "dmean": 0.000195802451344,
        "dmean2": 0.000340077618603,
        "dvar": 1.35102865784e-07,
        "dvar2": 3.01626499777e-07,
        "max": 0.00533376773819,
        "mean": 0.000232582839089,
        "median": 8.37108091218e-05,
        "min": 5.57348471375e-07,
        "var": 2.37580366047e-07
    },
    "spectral_energyband_low": {
        "dmean": 1.69771665242e-05,
        "dmean2": 2.81639622699e-05,
        "dvar": 3.69081959439e-10,
        "dvar2": 1.0191643085e-09,
        "max": 0.000218120243517,
        "mean": 2.68059011432e-05,
        "median": 1.88775429706e-05,
        "min": 6.94861739703e-07,
        "var": 6.02510985548e-10
    },
    "spectral_energyband_middle_high": {
        "dmean": 0.0102086309344,
        "dmean2": 0.0165760405362,
        "dvar": 7.4511684943e-05,
        "dvar2": 0.000199536589207,
        "max": 0.0638945251703,
        "mean": 0.0147977052256,
        "median": 0.013261009939,
        "min": 3.77858668799e-05,
        "var": 0.000129566135001
    },
    "spectral_energyband_middle_low": {
        "dmean": 0.00287583400495,
        "dmean2": 0.00469949375838,
        "dvar": 7.13784402251e-06,
        "dvar2": 1.79850831046e-05,
        "max": 0.0189233124256,
        "mean": 0.00525412568823,
        "median": 0.00439877295867,
        "min": 2.71906174021e-05,
        "var": 1.39275061883e-05
    },
    "spectral_entropy": {
        "dmean": 0.338594824076,
        "dmean2": 0.576860010624,
        "dvar": 0.0666666850448,
        "dvar2": 0.18999274075,
        "max": 8.22325229645,
        "mean": 7.11106395721,
        "median": 7.14600038528,
        "min": 6.1522693634,
        "var": 0.107530519366
    },
    "spectral_flux": {
        "dmean": 0.0330141745508,
        "dmean2": 0.0560578592122,
        "dvar": 0.000763713673223,
        "dvar2": 0.00194301933516,
        "max": 0.216787770391,
        "mean": 0.0937154069543,
        "median": 0.0938789471984,
        "min": 0.0197034273297,
        "var": 0.00122493715025
    },
    "spectral_kurtosis": {
        "dmean": 7.69528579712,
        "dmean2": 14.2339744568,
        "dvar": 52.2292098999,
        "dvar2": 153.216110229,
        "max": 52.6713867188,
        "mean": 11.2627515793,
        "median": 8.85128307343,
        "min": 1.67698335648,
        "var": 61.073223114
    },
    "spectral_rms": {
        "dmean": 0.00142790016253,
        "dmean2": 0.00229185656644,
        "dvar": 1.15370710319e-06,
        "dvar2": 3.10419773086e-06,
        "max": 0.00798194855452,
        "mean": 0.00418628519401,
        "median": 0.00427010655403,
        "min": 0.000254797167145,
        "var": 2.25136227527e-06
    },
    "spectral_rolloff": {
        "dmean": 427.744659424,
        "dmean2": 706.422912598,
        "dvar": 165907.171875,
        "dvar2": 392960,
        "max": 4306.640625,
        "mean": 1864.79333496,
        "median": 1679.58984375,
        "min": 473.73046875,
        "var": 401309.40625
    },
    "spectral_skewness": {
        "dmean": 0.679487287998,
        "dmean2": 1.24693858624,
        "dvar": 0.391811668873,
        "dvar2": 1.1507383585,
        "max": 5.40023851395,
        "mean": 1.92785084248,
        "median": 1.77631735802,
        "min": 0.598798215389,
        "var": 0.520563066006
    },
    "spectral_spread": {
        "dmean": 375089.625,
        "dmean2": 620678.9375,
        "dvar": 268591071232,
        "dvar2": 359255506944,
        "max": 13518830,
        "mean": 2068586,
        "median": 2025417.75,
        "min": 1083562.75,
        "var": 453269651456
    },
    "spectral_strongpeak": {
        "dmean": 1.37319839001,
        "dmean2": 2.28688192368,
        "dvar": 2.52110075951,
        "dvar2": 6.81344890594,
        "max": 18.597278595,
        "mean": 2.47635769844,
        "median": 2.14623498917,
        "min": 0.00503889843822,
        "var": 3.75852155685
    },
    "zerocrossingrate": {
        "dmean": 0.00606011273339,
        "dmean2": 0.00735575566068,
        "dvar": 3.16858240694e-05,
        "dvar2": 4.85286072944e-05,
        "max": 0.11376953125,
        "mean": 0.0553067848086,
        "median": 0.05224609375,
        "min": 0.015625,
        "var": 0.000283748988295
    },
    "barkbands": {
        "dmean": [9.54262304731e-07, 8.78997161635e-06, 3.93773598262e-06, 1.7553449652e-05, 0.000543190108147, 3.79138909921e-05, 0.000773144478444, 0.000198160094442, 0.00209487671964, 0.000372538866941, 0.00278739957139, 0.00252657197416, 0.00123388518114, 0.00187275977805, 0.000959667493589, 0.00118908996228, 0.000933090341277, 0.000614048971329, 0.000511623045895, 0.000164879937074, 0.000112410314614, 2.65791259153e-05, 1.08467256723e-05, 3.9074320739e-06, 1.19281799016e-06, 4.98332894949e-07, 1.14431969678e-07],
        "dmean2": [1.6820674773e-06, 1.51461772475e-05, 6.81374376654e-06, 2.83264835161e-05, 0.000836116552819, 5.95909332333e-05, 0.00125459139235, 0.000334212731104, 0.00351351406425, 0.000654387229588, 0.00463909097016, 0.00420609302819, 0.0020447652787, 0.00297617097385, 0.00163758243434, 0.0019809815567, 0.00165241665673, 0.00108090974391, 0.000865991809405, 0.000297284102999, 0.000197197092348, 4.66125857201e-05, 1.93113246496e-05, 6.97828181728e-06, 2.16655689655e-06, 9.31354520617e-07, 2.12752041762e-07],
        "dvar": [1.01865195966e-12, 1.05012498697e-10, 2.82445490607e-11, 6.93812785002e-10, 3.92701252849e-07, 2.95007440698e-09, 7.31971169898e-07, 7.94739136722e-08, 4.42408963863e-06, 5.53589018182e-07, 9.08492438612e-06, 6.93511765348e-06, 3.0866222005e-06, 9.55997165875e-06, 2.01889679374e-06, 1.09237553261e-05, 3.36319317285e-06, 7.99416056907e-07, 1.03173783828e-06, 1.33759613163e-07, 5.68251579125e-08, 3.1641058662e-09, 1.15767551101e-09, 6.82728457102e-11, 3.25590704571e-12, 8.79483172487e-13, 3.66729216439e-14],
        "dvar2": [2.70973543083e-12, 3.04327951728e-10, 7.53955786692e-11, 1.8934709356e-09, 8.66701384439e-07, 7.04211933211e-09, 1.88993374195e-06, 2.02372987701e-07, 1.11304043457e-05, 1.55231646204e-06, 2.50005650742e-05, 1.74351571331e-05, 8.08761433291e-06, 2.51949622907e-05, 5.28659484189e-06, 2.68167659669e-05, 8.71305746841e-06, 2.26741053666e-06, 2.4147775548e-06, 3.63770851664e-07, 1.36513705229e-07, 7.50049977682e-09, 2.27012808551e-09, 1.66557781456e-10, 9.51941997451e-12, 2.25363998296e-12, 1.02853401523e-13],
        "max": [1.08224521682e-05, 8.60338841449e-05, 3.65352680092e-05, 0.000273512152489, 0.00854226574302, 0.000381347432267, 0.00680981576443, 0.00219695689157, 0.0126574086025, 0.00619079731405, 0.0254450496286, 0.0203314106911, 0.016685301438, 0.0339903794229, 0.0137033155188, 0.0536965914071, 0.0173131991178, 0.00859335251153, 0.00997521355748, 0.00342274666764, 0.00286941882223, 0.000794178398792, 0.000503896502778, 9.79324322543e-05, 1.93772630155e-05, 1.01804726e-05, 1.51000017468e-06],
        "mean": [9.90225544228e-07, 9.78510524874e-06, 4.4166972657e-06, 2.55752802332e-05, 0.00111411663238, 5.43607457075e-05, 0.00119002547581, 0.000238753855228, 0.00255043082871, 0.000323379965266, 0.00331115955487, 0.00325177889317, 0.00137813948095, 0.00227780058049, 0.00110514892731, 0.00114841049071, 0.000842862064019, 0.000593907490838, 0.000516572326887, 0.000163149714353, 0.000124669997604, 2.92868189717e-05, 1.05844646896e-05, 3.96255836677e-06, 1.02382591649e-06, 4.27021262794e-07, 8.62015880898e-08],
        "median": [6.7208981136e-07, 7.00074360793e-06, 2.11935071093e-06, 1.19030264614e-05, 0.000815741077531, 3.01323507301e-05, 0.000828481977805, 0.000127242092276, 0.00165331107564, 0.000109893975605, 0.00226373691112, 0.00231766537763, 0.000743585173041, 0.00125617277808, 0.000605711597018, 0.000440436939243, 0.000250029319432, 0.000220940564759, 0.000175322857103, 4.98231092934e-05, 3.21772604366e-05, 9.36369451665e-06, 2.01960210688e-06, 9.38189373301e-07, 2.94945692758e-07, 1.08724812264e-07, 2.06668619995e-08],
        "min": [1.1549748713e-08, 1.25152837427e-07, 4.36595293252e-08, 1.82053110365e-08, 7.03697060089e-06, 1.47515436311e-07, 1.28000181121e-06, 9.39944641232e-07, 3.87684440284e-06, 1.36829055464e-06, 6.58171256873e-06, 6.48213608656e-06, 7.81237304182e-06, 2.69381075668e-06, 1.18850834951e-06, 5.71161353946e-06, 2.40125609707e-06, 1.67744065038e-06, 5.9891078763e-07, 3.12019238891e-07, 1.87680413433e-07, 9.46748883734e-08, 4.26463380165e-08, 2.64647290749e-08, 1.53016710414e-08, 1.37366553687e-08, 3.68445762788e-09],
        "var": [1.06799335001e-12, 1.01542975417e-10, 3.42995389035e-11, 1.33457889184e-09, 1.40527106396e-06, 4.76762584967e-09, 1.17053070881e-06, 9.78715135602e-08, 6.75770297676e-06, 4.39740915681e-07, 1.2339191926e-05, 1.04174696389e-05, 3.49280276168e-06, 1.33363391797e-05, 3.11266785502e-06, 9.59506451181e-06, 3.1977931485e-06, 9.18185492083e-07, 1.24125426737e-06, 1.31174516582e-07, 7.8648973556e-08, 5.03334618429e-09, 1.56484769587e-09, 9.90639514864e-11, 3.57914067307e-12, 9.02127493801e-13, 2.62770694418e-14]
    },
    "erbbands": {
        "dmean": [0.000279066996882, 0.0019609502051, 0.00412980560213, 0.0336070731282, 0.34876921773, 3.23618721962, 0.896877110004, 0.338992893696, 4.97420740128, 15.521068573, 4.30506515503, 38.5329208374, 34.3463859558, 49.7541351318, 75.7658081055, 113.549972534, 51.6860427856, 84.1488037109, 72.7440261841, 48.4118347168, 62.419708252, 47.9044799805, 33.949016571, 32.0971450806, 16.9017467499, 7.78240823746, 5.3407702446, 3.07218718529, 0.927728056908, 0.440121561289, 0.313517451286, 0.119977749884, 0.044796872884, 0.0159916374832, 0.0069067501463, 0.00292072072625, 0.000762340205256, 0.000177154885023, 2.69792144536e-05, 1.62432588695e-05],
        "dmean2": [0.000481918163132, 0.00344419106841, 0.00709694204852, 0.0541816800833, 0.595012784004, 4.92940473557, 1.38780736923, 0.517375826836, 8.20194816589, 25.0411376953, 7.00897979736, 65.2421035767, 57.3816871643, 83.1204071045, 126.852981567, 187.953918457, 85.122756958, 137.254730225, 117.192962646, 81.8831100464, 106.213020325, 84.1466522217, 58.6148109436, 55.232875824, 28.6439704895, 13.6279306412, 9.20635986328, 5.45660734177, 1.6420737505, 0.745646774769, 0.546681642532, 0.21386012435, 0.0804659128189, 0.0288676135242, 0.0127997519448, 0.00545538868755, 0.00141693092883, 0.000322909792885, 4.85393793497e-05, 2.66582046606e-05],
        "dvar": [9.44986808804e-08, 5.98156566411e-06, 2.82217806671e-05, 0.00224583456293, 0.179360181093, 13.9806747437, 1.08517420292, 0.167631044984, 45.4872169495, 340.145263672, 38.0992088318, 1668.12329102, 1595.65405273, 3039.22900391, 5787.97412109, 14415.5263672, 2737.26489258, 11380.8857422, 9060.63671875, 5042.69677734, 26651.2421875, 7879.09326172, 2476.47216797, 3261.42553711, 1613.4564209, 270.303527832, 120.073066711, 53.2498664856, 3.49231815338, 1.76391291618, 1.00858175755, 0.0828501284122, 0.0051007126458, 0.000522648741025, 0.000144319637911, 3.78260301659e-05, 1.55776581323e-06, 7.0346004577e-08, 1.33781796752e-09, 1.73223754785e-10],
        "dvar2": [2.63757158336e-07, 1.72227410076e-05, 7.67184028518e-05, 0.0062328078784, 0.47739776969, 30.4439430237, 2.40869498253, 0.389255017042, 122.578109741, 841.629821777, 95.1088943481, 4306.81445312, 4135.59814453, 8140.18652344, 15934.0097656, 36923.0703125, 6712.46435547, 30780.4433594, 22862.5625, 13033.4912109, 65314.1171875, 20896.5898438, 7139.75439453, 8125.17089844, 3937.43603516, 686.936401367, 267.036224365, 140.648864746, 8.8969783783, 3.92312431335, 1.94969308376, 0.183113545179, 0.0133774476126, 0.00146741350181, 0.000435449444922, 9.73582136794e-05, 4.21278855356e-06, 2.06734995345e-07, 3.70821062745e-09, 4.62801102996e-10],
        "max": [0.00258497404866, 0.0184527896345, 0.0344977863133, 0.541453897953, 5.17634725571, 50.5280838013, 12.5553121567, 2.99505162239, 68.9607696533, 151.026748657, 56.2743682861, 297.460845947, 372.981811523, 393.378601074, 636.884765625, 972.951416016, 436.412811279, 1269.06860352, 974.99206543, 790.817932129, 2492.82446289, 984.403015137, 563.619384766, 688.295166016, 511.411468506, 165.258926392, 151.548995972, 110.850509644, 29.1210041046, 22.2712593079, 13.8377275467, 3.67128753662, 0.522206366062, 0.180305570364, 0.148646116257, 0.0671600475907, 0.0111786574125, 0.00228484277613, 0.000292652403004, 9.36369178817e-05],
        "mean": [0.000311929441523, 0.00209667533636, 0.00542155187577, 0.0567399375141, 0.605475664139, 6.47525644302, 1.98285913467, 0.581054091454, 7.09756278992, 23.1805038452, 5.81615495682, 44.8222351074, 41.8336524963, 60.4362449646, 96.0948486328, 142.275650024, 65.1964797974, 105.008781433, 93.9895477295, 55.8276519775, 59.637714386, 46.2240562439, 35.0073471069, 32.8952293396, 17.5825214386, 7.92183876038, 5.98178195953, 3.41526699066, 1.0271024704, 0.417253404856, 0.304266840219, 0.122465670109, 0.0438077226281, 0.0148747069761, 0.00568699557334, 0.00244920700788, 0.000674605485983, 0.000146026199218, 2.77627459582e-05, 2.61418372247e-05],
        "median": [0.000212837287108, 0.00136935152113, 0.00342962844297, 0.0331689156592, 0.427265644073, 4.79351902008, 1.60451364517, 0.369750052691, 4.81007909775, 15.8956727982, 3.43423247337, 27.0018005371, 25.4565010071, 40.4321136475, 71.1689682007, 98.9132156372, 46.3114700317, 75.438041687, 58.3527069092, 33.4566421509, 25.912984848, 15.5516109467, 14.5704174042, 11.8410997391, 5.56695747375, 2.67495369911, 1.66001081467, 0.950693190098, 0.404344975948, 0.102526850998, 0.0553390569985, 0.0280242525041, 0.0112050836906, 0.00473284721375, 0.00151792180259, 0.000599775696173, 0.00020435564511, 4.8095920647e-05, 1.77060155693e-05, 2.42390688072e-05],
        "min": [5.85469751968e-06, 7.45684519643e-05, 0.000151314874529, 0.000506871030666, 0.00629348726943, 0.0130847599357, 0.0096250642091, 0.00499489763752, 0.00794573221356, 0.0256021711975, 0.0238157119602, 0.0788316726685, 0.089118681848, 0.225131094456, 0.159395471215, 0.323911488056, 0.35527792573, 0.21127524972, 0.0622988790274, 0.138899818063, 0.300039499998, 0.158706337214, 0.103716596961, 0.0513795800507, 0.0247382801026, 0.0157590974122, 0.00842880364507, 0.00700975442305, 0.00291286292486, 0.00191323109902, 0.00138981244527, 0.000791723025031, 0.000382475409424, 0.000179850540007, 0.000112568843178, 5.19637978869e-05, 2.72322722594e-05, 7.47560034142e-06, 1.79270568879e-06, 3.82362401297e-07],
        "var": [1.01833606436e-07, 5.31043042429e-06, 3.14187527692e-05, 0.00454677874222, 0.376052349806, 51.5554428101, 3.30918240547, 0.335992097855, 60.8403511047, 529.530578613, 53.377696991, 2298.31103516, 2052.37304688, 3955.421875, 8466.78417969, 20762.6191406, 4028.74365234, 14495.0830078, 14641.1298828, 6415.14697266, 23487.25, 7590.39599609, 2870.44384766, 4102.57128906, 1719.60742188, 304.366760254, 174.498443604, 69.8382949829, 5.02635669708, 2.20102286339, 1.31755447388, 0.118810936809, 0.00715734064579, 0.000663739338052, 0.000132308283355, 3.79251723643e-05, 1.60247020631e-06, 5.86906239164e-08, 1.12473197422e-09, 2.94189839156e-10]
    },
    "gfcc": {
        "mean": [-64.0398483276, 105.974388123, -214.395217896, -15.4682884216, -55.0078315735, -11.4531726837, -29.9524269104, -13.5335531235, -27.2592983246, -11.6442785263, -11.8911952972, -5.20533132553, -4.53227710724],
        "cov": [[2348.37182617, -1008.15014648, -556.750305176, 278.576080322, -4.7456445694, 120.873474121, -53.706489563, 124.935050964, 76.4114837646, 121.817138672, 30.9054088593, 21.5436916351, -58.611869812], [-1008.15014648, 1289.5090332, 300.503173828, -579.502563477, -32.5048217773, -152.005493164, 115.298980713, -120.796005249, -4.28419160843, -147.696426392, -39.8597221375, -75.5097198486, 25.1699180603], [-556.750305176, 300.503173828, 423.805236816, -38.655090332, -53.6764373779, -5.94923067093, -50.6884994507, 17.7229290009, -56.1851081848, -45.4945068359, -46.2222366333, 25.579826355, -17.5583724976], [278.576080322, -579.502563477, -38.655090332, 477.328887939, 39.9044761658, 40.8526039124, -64.827835083, 55.809928894, -25.693780899, 64.2284164429, 22.3713436127, 34.6390266418, 4.75711393356], [-4.7456445694, -32.5048217773, -53.6764373779, 39.9044761658, 130.238449097, 30.4556159973, 10.7747163773, 7.56381845474, 11.127655983, 5.30026817322, 7.56363630295, 9.51025867462, 13.4594488144], [120.873474121, -152.005493164, -5.94923067093, 40.8526039124, 30.4556159973, 93.1752548218, 12.7531061172, 33.4052963257, 8.06263065338, 14.3127250671, -3.65789008141, 23.7275886536, -0.384170264006], [-53.706489563, 115.298980713, -50.6884994507, -64.827835083, 10.7747163773, 12.7531061172, 112.516235352, 9.08947944641, 5.01962804794, -11.1272354126, 10.5568065643, -2.99827742577, 19.3136291504], [124.935050964, -120.796005249, 17.7229290009, 55.809928894, 7.56381845474, 33.4052963257, 9.08947944641, 102.279525757, 19.320941925, 7.77854776382, 2.31131529808, 25.8885440826, -9.81766414642], [76.4114837646, -4.28419160843, -56.1851081848, -25.693780899, 11.127655983, 8.06263065338, 5.01962804794, 19.320941925, 76.2583389282, 35.7723617554, 3.63788700104, -3.27678608894, -0.338412970304], [121.817138672, -147.696426392, -45.4945068359, 64.2284164429, 5.30026817322, 14.3127250671, -11.1272354126, 7.77854776382, 35.7723617554, 98.1290359497, 25.0379924774, -0.561901032925, 0.618965446949], [30.9054088593, -39.8597221375, -46.2222366333, 22.3713436127, 7.56363630295, -3.65789008141, 10.5568065643, 2.31131529808, 3.63788700104, 25.0379924774, 63.3022842407, 5.07062721252, -1.71007514], [21.5436916351, -75.5097198486, 25.579826355, 34.6390266418, 9.51025867462, 23.7275886536, -2.99827742577, 25.8885440826, -3.27678608894, -0.561901032925, 5.07062721252, 51.333240509, 1.15097332001], [-58.611869812, 25.1699180603, -17.5583724976, 4.75711393356, 13.4594488144, -0.384170264006, 19.3136291504, -9.81766414642, -0.338412970304, 0.618965446949, -1.71007514, 1.15097332001, 49.6629600525]],
        "icov": [[0.00105037947651, -0.00040455054841, 0.00223811878823, -0.000334701820975, 0.00109486293513, -0.00149373675231, 0.00149517401587, -0.00159528246149, 0.00109807902481, -0.000849065894727, 0.000928127788939, -0.000602003827225, 0.00112689752132], [-0.00040455054841, 0.00992553681135, -0.0103035196662, 0.0070788632147, -0.0056926663965, 0.0114924889058, -0.0100277233869, 0.00680754007772, -0.00858253985643, 0.00713906763121, -0.00377894751728, 0.00683071278036, -0.00338745093904], [0.00223811878823, -0.0103035196662, 0.0173809714615, -0.00662166019902, 0.00827509351075, -0.0135363256559, 0.0139501253143, -0.0108251050115, 0.013141267933, -0.00867359898984, 0.00732225738466, -0.00939084589481, 0.00539765367284], [-0.000334701820975, 0.0070788632147, -0.00662166019902, 0.00855051167309, -0.00481353094801, 0.00783953908831, -0.0047342358157, 0.00244490220211, -0.00257189944386, 0.0024791918695, -0.00276540848427, 0.00406061019748, -0.00369094312191], [0.00109486293513, -0.0056926663965, 0.00827509351075, -0.00481353094801, 0.0132546881214, -0.0103460839018, 0.00667405501008, -0.00436002295464, 0.00400400022045, -0.00300759333186, 0.00184864958283, -0.00476844003424, 0.000673277652822], [-0.00149373675231, 0.0114924889058, -0.0135363256559, 0.00783953908831, -0.0103460839018, 0.0294490586966, -0.0151486583054, 0.00641416804865, -0.00998310558498, 0.00584266008809, -0.00150802871212, 0.00281949387863, -0.00319131603464], [0.00149517401587, -0.0100277233869, 0.0139501253143, -0.0047342358157, 0.00667405501008, -0.0151486583054, 0.0241422392428, -0.0115438755602, 0.0113004911691, -0.00650833873078, 0.00188780564349, -0.00565098645166, -0.00101035227999], [-0.00159528246149, 0.00680754007772, -0.0108251050115, 0.00244490220211, -0.00436002295464, 0.00641416804865, -0.0115438755602, 0.0215096659958, -0.0133445123211, 0.0077807540074, -0.00400544889271, 0.00037207340938, 0.000243984628469], [0.00109807902481, -0.00858253985643, 0.013141267933, -0.00257189944386, 0.00400400022045, -0.00998310558498, 0.0113004911691, -0.0133445123211, 0.030325576663, -0.0158654116094, 0.00718130450696, -0.00565311871469, 0.00312574952841], [-0.000849065894727, 0.00713906763121, -0.00867359898984, 0.0024791918695, -0.00300759333186, 0.00584266008809, -0.00650833873078, 0.0077807540074, -0.0158654116094, 0.0225782897323, -0.00951126310974, 0.00732025969774, -0.00388144818135], [0.000928127788939, -0.00377894751728, 0.00732225738466, -0.00276540848427, 0.00184864958283, -0.00150802871212, 0.00188780564349, -0.00400544889271, 0.00718130450696, -0.00951126310974, 0.0228766109794, -0.00726245436817, 0.00494913570583], [-0.000602003827225, 0.00683071278036, -0.00939084589481, 0.00406061019748, -0.00476844003424, 0.00281949387863, -0.00565098645166, 0.00037207340938, -0.00565311871469, 0.00732025969774, -0.00726245436817, 0.0313407294452, -0.00540233356878], [0.00112689752132, -0.00338745093904, 0.00539765367284, -0.00369094312191, 0.000673277652822, -0.00319131603464, -0.00101035227999, 0.000243984628469, 0.00312574952841, -0.00388144818135, 0.00494913570583, -0.00540233356878, 0.0260436814278]]
    },
    "melbands": {
        "dmean": [2.44514399128e-06, 2.13294515561e-06, 7.84249823482e-06, 0.000126871193061, 5.96140889684e-05, 7.86940017861e-06, 9.94566653389e-05, 0.000141614989843, 3.90829482058e-05, 0.00029907975113, 0.000172427186044, 0.000180277726031, 0.000369664339814, 0.000183041396667, 0.000254262326052, 0.000143324054079, 0.000163327975315, 0.000140708260005, 8.3036844444e-05, 8.70259464136e-05, 6.79399745422e-05, 5.32293233846e-05, 3.50926820829e-05, 2.85251644527e-05, 2.75933780358e-05, 1.5995297872e-05, 8.19654724182e-06, 4.88749765282e-06, 3.8130658595e-06, 2.75231104752e-06, 1.47939556427e-06, 6.27053736935e-07, 3.38835178582e-07, 2.21026425606e-07, 2.11496626434e-07, 9.57506145483e-08, 7.06377392135e-08, 3.36980292559e-08, 1.89158697594e-08, 1.20640573087e-08],
        "dmean2": [4.21806498707e-06, 3.75022341359e-06, 1.31091856019e-05, 0.000199138594326, 8.93967298907e-05, 1.21152042993e-05, 0.000162060503499, 0.000229025754379, 6.34099560557e-05, 0.000505106465425, 0.000287210132228, 0.000302191037918, 0.000617729965597, 0.000302340253256, 0.000425671780249, 0.000238216496655, 0.000264344853349, 0.000222098111408, 0.00014374309103, 0.000144876059494, 0.00011672556866, 9.40644313232e-05, 6.04787346674e-05, 4.98297777085e-05, 4.75931228721e-05, 2.74238955171e-05, 1.393632283e-05, 8.60711406858e-06, 6.62957017994e-06, 4.79118898511e-06, 2.61553327618e-06, 1.10969244815e-06, 6.01960209679e-07, 3.76447786721e-07, 3.82595658266e-07, 1.68722678495e-07, 1.24932398649e-07, 6.03324821213e-08, 3.39435750618e-08, 2.17595115259e-08],
        "dvar": [7.52775532881e-12, 7.39549914364e-12, 1.02736222307e-10, 2.19362910059e-08, 4.61776439309e-09, 1.08696003587e-10, 1.42588527652e-08, 2.87447132763e-08, 4.69848782103e-09, 9.09095660973e-08, 4.04003017707e-08, 4.25717914254e-08, 1.55101460564e-07, 5.18829494922e-08, 6.78710065927e-08, 3.82651883513e-08, 5.90518212107e-08, 4.6231143358e-08, 1.80267303307e-08, 5.50349845696e-08, 2.95927815586e-08, 9.63925828046e-09, 3.0168159082e-09, 1.9256927164e-09, 2.96969071556e-09, 1.75378211953e-09, 3.12428777294e-10, 1.44395953527e-10, 5.08563885449e-11, 6.76815062328e-11, 9.71287546919e-12, 1.84594657268e-12, 1.08290459933e-12, 6.45866498304e-13, 6.40190970982e-13, 7.83401257276e-14, 3.66333787578e-14, 3.0930051814e-15, 8.08727470402e-16, 3.61765945358e-16],
        "dvar2": [2.15415168342e-11, 2.00488063651e-11, 2.67604327586e-10, 5.24246921429e-08, 8.90763018901e-09, 2.44503833846e-10, 3.89973635606e-08, 7.138204694e-08, 1.15577050153e-08, 2.28871527952e-07, 1.04815882196e-07, 1.14148910768e-07, 4.2849029569e-07, 1.37646608778e-07, 1.61623987083e-07, 9.81191590199e-08, 1.61804109666e-07, 1.14926912431e-07, 4.86184426052e-08, 1.34872237822e-07, 7.13916463724e-08, 2.55449084108e-08, 7.70984254217e-09, 5.58588819644e-09, 7.18475900996e-09, 4.31533830891e-09, 8.13447365022e-10, 3.72560732265e-10, 1.21069376746e-10, 1.54544918529e-10, 2.6933072092e-11, 5.07084088261e-12, 2.67846964226e-12, 1.51890826305e-12, 1.26589450727e-12, 1.70651158677e-13, 8.68722140664e-14, 8.21624669342e-15, 2.17586225831e-15, 1.01589108287e-15],
        "max": [2.435857823e-05, 1.74068409251e-05, 0.000108567568532, 0.00187880278099, 0.000976078561507, 9.09590817173e-05, 0.00111730711069, 0.00138955726288, 0.00055686495034, 0.00187611428555, 0.00183045736048, 0.0014613440726, 0.00333841587417, 0.00253594759852, 0.00182885909453, 0.00187280331738, 0.00305006094277, 0.00246139010414, 0.00146012415644, 0.00374921713956, 0.00217996211722, 0.000921492872294, 0.000538421969395, 0.000530154677108, 0.000704343197867, 0.000581063213758, 0.000164223281899, 0.000143222074257, 7.4588751886e-05, 0.000106381274236, 4.18244599132e-05, 1.93221094378e-05, 1.33670910145e-05, 1.43083916555e-05, 9.34963281907e-06, 3.87798127122e-06, 2.23886445383e-06, 4.438080623e-07, 2.5383906177e-07, 1.74686704213e-07],
        "mean": [2.78642050944e-06, 2.55703912444e-06, 1.13475762191e-05, 0.000244662631303, 0.000133873210871, 1.14259100883e-05, 0.000146787133417, 0.000211765189306, 4.17604060203e-05, 0.000353553186869, 0.000207071687328, 0.000215111896978, 0.000445312471129, 0.000230739664403, 0.000321302097291, 0.000160131821758, 0.000201509552426, 0.000178732734639, 8.77043421497e-05, 8.60836516949e-05, 6.18115445832e-05, 4.92149119964e-05, 3.46570777765e-05, 2.82123364741e-05, 2.7565880373e-05, 1.58658222063e-05, 8.29570853966e-06, 4.3493287194e-06, 4.05614810006e-06, 2.91733704216e-06, 1.59390162935e-06, 6.48904403988e-07, 3.0361275094e-07, 2.02905340529e-07, 2.10054295735e-07, 8.6714649683e-08, 7.06106249027e-08, 3.25551461344e-08, 1.75863341667e-08, 1.05703277242e-08],
        "median": [1.99069017981e-06, 1.73688010818e-06, 7.13512008588e-06, 0.000180390707101, 0.000101106728835, 5.17485204909e-06, 0.000103585873148, 0.000147916725837, 1.23539630295e-05, 0.000226256292081, 0.000123803562019, 0.000138713643537, 0.000301289052004, 0.000167622129084, 0.000205395306693, 8.61700100359e-05, 0.000137399183586, 9.68586318777e-05, 4.01703146053e-05, 3.45147600456e-05, 2.34454873862e-05, 1.56190799316e-05, 1.30212401928e-05, 1.0920672139e-05, 9.22340041143e-06, 4.8733136282e-06, 2.18110380956e-06, 1.10948008114e-06, 1.0540029507e-06, 6.11832433606e-07, 4.46741438509e-07, 2.16878873971e-07, 8.33346334161e-08, 4.5450100572e-08, 3.11866905633e-08, 1.97547684877e-08, 1.45291849662e-08, 7.80526843158e-09, 5.2024389241e-09, 3.18863202509e-09],
        "min": [4.29610871322e-08, 6.99633275758e-08, 2.88302004492e-08, 1.70243697539e-06, 4.72429519505e-07, 2.55779042391e-08, 1.52367960027e-07, 3.04791115013e-07, 1.20431721484e-07, 5.69783253468e-07, 4.22093307861e-07, 8.57212739902e-07, 7.40393090837e-07, 4.46280864708e-07, 1.08456526959e-06, 7.11221218808e-07, 3.31847445523e-07, 9.49409297846e-08, 9.55684456017e-08, 3.47588695604e-07, 3.01927968849e-07, 1.32824254706e-07, 1.38986095521e-07, 8.85433308895e-08, 3.49184006154e-08, 2.14153921263e-08, 1.31411290738e-08, 9.77176295436e-09, 5.768350686e-09, 3.40354167072e-09, 4.55834925361e-09, 1.92911864261e-09, 1.00229913258e-09, 8.98802365867e-10, 7.44073802572e-10, 6.86916468151e-10, 3.92672311333e-10, 2.84276990836e-10, 1.60049307141e-10, 1.40000830373e-10],
        "var": [7.71471601879e-12, 7.00036036083e-12, 2.00282165852e-10, 7.01329909703e-08, 1.85923081375e-08, 2.14980436231e-10, 2.01774561503e-08, 4.40472476271e-08, 5.67547386865e-09, 1.33579973749e-07, 5.24308099159e-08, 5.37261470868e-08, 2.14439509705e-07, 6.0546874181e-08, 1.12968308486e-07, 4.53238406806e-08, 7.27224218622e-08, 7.1368162935e-08, 2.44133815386e-08, 5.05758599445e-08, 2.70550568615e-08, 9.06113317711e-09, 3.16807757805e-09, 2.36444597235e-09, 3.52404438964e-09, 1.67318803257e-09, 3.45305173344e-10, 1.32880137449e-10, 7.27244237053e-11, 7.94521254344e-11, 1.33110874753e-11, 2.21772730388e-12, 1.10926599937e-12, 7.23251645206e-13, 7.72321009229e-13, 8.99306331985e-14, 4.78300904471e-14, 4.2137936715e-15, 1.00967280225e-15, 4.06038769324e-16]
    },
    "mfcc": {
        "mean": [-684.024780273, 143.201065063, -97.7484207153, -8.29380702972, -24.6397819519, -4.31217384338, -5.41200685501, -4.92390441895, -11.4950637817, -10.4162940979, -9.63000965118, -6.09836149216, -10.9858217239],
        "cov": [[2875.68066406, -1150.49890137, -531.339355469, 111.65196228, -6.16693687439, 59.7201805115, -94.8959274292, 19.0200881958, -14.4391450882, 121.993484497, 104.562103271, 65.4670562744, 28.960187912], [-1150.49890137, 1520.9666748, 128.379501343, -383.460845947, -158.388977051, -97.5389862061, 2.97697854042, -15.3116006851, 19.2605171204, -57.9672927856, -9.66849327087, -101.270606995, -43.8791389465], [-531.339355469, 128.379501343, 378.519470215, 32.070854187, 27.2839050293, -41.1633911133, -18.520318985, 6.49447488785, -21.0302047729, -12.9932289124, -37.3359680176, -29.9151039124, 20.115278244], [111.65196228, -383.460845947, 32.070854187, 268.347106934, 74.3610839844, 12.7188005447, 15.0922546387, -9.96457004547, -10.495308876, 12.9922161102, -13.8150053024, 25.0704441071, 11.8782997131], [-6.16693687439, -158.388977051, 27.2839050293, 74.3610839844, 143.265441895, 15.7163228989, -7.62974596024, 23.3517837524, -1.40189981461, 14.9643192291, -11.9507637024, -0.300274670124, 21.5835380554], [59.7201805115, -97.5389862061, -41.1633911133, 12.7188005447, 15.7163228989, 85.4984359741, 18.174993515, -1.90190196037, 17.6199817657, -4.61956167221, 0.802307069302, 7.44760513306, -3.27798080444], [-94.8959274292, 2.97697854042, -18.520318985, 15.0922546387, -7.62974596024, 18.174993515, 106.600372314, 29.8991775513, 6.92244958878, -17.8362731934, -13.020781517, 20.1841182709, -1.40947854519], [19.0200881958, -15.3116006851, 6.49447488785, -9.96457004547, 23.3517837524, -1.90190196037, 29.8991775513, 129.182479858, 18.3254928589, -11.2966432571, -0.287981659174, -1.17057609558, 9.70216941833], [-14.4391450882, 19.2605171204, -21.0302047729, -10.495308876, -1.40189981461, 17.6199817657, 6.92244958878, 18.3254928589, 86.9253845215, 6.08630990982, 5.79993867874, 12.8486871719, -1.24162900448], [121.993484497, -57.9672927856, -12.9932289124, 12.9922161102, 14.9643192291, -4.61956167221, -17.8362731934, -11.2966432571, 6.08630990982, 76.3915481567, 21.3172111511, -2.70292472839, 12.3095541], [104.562103271, -9.66849327087, -37.3359680176, -13.8150053024, -11.9507637024, 0.802307069302, -13.020781517, -0.287981659174, 5.79993867874, 21.3172111511, 68.8615875244, 10.3913106918, -1.31017148495], [65.4670562744, -101.270606995, -29.9151039124, 25.0704441071, -0.300274670124, 7.44760513306, 20.1841182709, -1.17057609558, 12.8486871719, -2.70292472839, 10.3913106918, 68.5144348145, 19.076467514], [28.960187912, -43.8791389465, 20.115278244, 11.8782997131, 21.5835380554, -3.27798080444, -1.40947854519, 9.70216941833, -1.24162900448, 12.3095541, -1.31017148495, 19.076467514, 52.6764335632]],
