{
"lowlevel": {
    "average_loudness": 0.98299485445,
    "barkbands_crest": {
        "dmean": 2.16400265694,
        "dmean2": 3.63714075089,
        "dvar": 2.84692907333,
        "dvar2": 8.01330471039,
        "max": 17.8988361359,
        "mean": 9.33142471313,
        "median": 8.95736503601,
        "min": 4.31036758423,
        "var": 6.86522769928
    },
    "barkbands_flatness_db": {
        "dmean": 0.0201656799763,
        "dmean2": 0.0319489687681,
        "dvar": 0.000234443985391,
        "dvar2": 0.000566425092984,
        "max": 0.320108294487,
        "mean": 0.240111082792,
        "median": 0.241714447737,
        "min": 0.168082565069,
        "var": 0.00114139716607
    },
    "barkbands_kurtosis": {
        "dmean": 2.14259934425,
        "dmean2": 3.39360332489,
        "dvar": 6.33739328384,
        "dvar2": 11.0217638016,
        "max": 35.1829223633,
        "mean": 4.56245613098,
        "median": 4.00606918335,
        "min": -1.0725402832,
        "var": 18.4829216003
    },
    "barkbands_skewness": {
        "dmean": 0.366745442152,
        "dmean2": 0.561760663986,
        "dvar": 0.118134602904,
        "dvar2": 0.220505356789,
        "max": 3.66969680786,
        "mean": 0.895542800426,
        "median": 0.913321375847,
        "min": -1.0228010416,
        "var": 0.52784204483
    },
    "barkbands_spread": {
        "dmean": 1.27538347244,
        "dmean2": 2.04771184921,
        "dvar": 1.34012138844,
        "dvar2": 3.90871238708,
        "max": 13.0670900345,
        "mean": 5.80043363571,
        "median": 5.06064605713,
        "min": 2.15567755699,
        "var": 5.11571502686
    },
    "dissonance": {
        "dmean": 0.0341012850404,
        "dmean2": 0.0584679022431,
        "dvar": 0.000922668143176,
        "dvar2": 0.00242781010456,
        "max": 0.497940570116,
        "mean": 0.414286643267,
        "median": 0.417495518923,
        "min": 0.278379619122,
        "var": 0.00144321401604
    },
    "dynamic_complexity": 1.17087888718,
    "erbbands_crest": {
        "dmean": 3.30069637299,
        "dmean2": 5.07974386215,
        "dvar": 8.88927268982,
        "dvar2": 19.7013683319,
        "max": 30.6157016754,
        "mean": 16.8236904144,
        "median": 15.5079832077,
        "min": 4.82672119141,
        "var": 60.3683242798
    },
    "erbbands_flatness_db": {
        "dmean": 0.0155283426866,
        "dmean2": 0.0245796423405,
        "dvar": 0.000176245594048,
        "dvar2": 0.000397158291889,
        "max": 0.316732764244,
        "mean": 0.242742955685,
        "median": 0.241334319115,
        "min": 0.17134103179,
        "var": 0.000701410288457
    },
    "erbbands_kurtosis": {
        "dmean": 2.51323127747,
        "dmean2": 3.80246067047,
        "dvar": 14.1842069626,
        "dvar2": 32.5747261047,
        "max": 62.3366928101,
        "mean": 5.05863809586,
        "median": 2.63273882866,
        "min": -0.919569969177,
        "var": 48.1647872925
    },
    "erbbands_skewness": {
        "dmean": 0.47388908267,
        "dmean2": 0.711410284042,
        "dvar": 0.15772087872,
        "dvar2": 0.335438549519,
        "max": 6.46307849884,
        "mean": 1.44423854351,
        "median": 1.17186141014,
        "min": -1.23727607727,
        "var": 1.79777002335
    },
    "erbbands_spread": {
        "dmean": 2.74607872963,
        "dmean2": 4.15327644348,
        "dvar": 6.59413194656,
        "dvar2": 15.7008018494,
        "max": 38.4369697571,
        "mean": 12.8401889801,
        "median": 11.8896999359,
        "min": 2.6069726944,
        "var": 25.8508167267
    },
    "hfc": {
        "dmean": 5.31292104721,
        "dmean2": 8.81688690186,
        "dvar": 40.0382194519,
        "dvar2": 94.2975997925,
        "max": 61.9183959961,
        "mean": 15.6321878433,
        "median": 12.7829666138,
        "min": 2.04022359848,
        "var": 94.409286499
    },
    "melbands_crest": {
        "dmean": 4.28561019897,
        "dmean2": 6.86324214935,
        "dvar": 9.97359371185,
        "dvar2": 26.5413990021,
        "max": 31.5645828247,
        "mean": 16.1212673187,
        "median": 14.723493576,
        "min": 5.2249956131,
        "var": 36.3464622498
    },
    "melbands_flatness_db": {
        "dmean": 0.0244543775916,
        "dmean2": 0.0382983125746,
        "dvar": 0.000331094459398,
        "dvar2": 0.000774858985096,
        "max": 0.469333589077,
        "mean": 0.36375901103,
        "median": 0.370896279812,
        "min": 0.256652802229,
        "var": 0.00206646905281
    },
    "melbands_kurtosis": {
        "dmean": 5.25245332718,
        "dmean2": 8.74055194855,
        "dvar": 64.3051757812,
        "dvar2": 160.458694458,
        "max": 69.0197525024,
        "mean": 8.59863185883,
        "median": 5.75808334351,
        "min": -1.31445741653,
        "var": 104.371925354
    },
    "melbands_skewness": {
        "dmean": 0.562119185925,
        "dmean2": 0.904678881168,
        "dvar": 0.351843625307,
        "dvar2": 0.856334269047,
        "max": 4.68901252747,
        "mean": 1.45633006096,
        "median": 1.34476661682,
        "min": -0.700536429882,
        "var": 0.834965288639
    },
    "melbands_spread": {
        "dmean": 1.73754882812,
        "dmean2": 2.77807354927,
        "dvar": 2.75342011452,
        "dvar2": 7.01535367966,
        "max": 23.0009880066,
        "mean": 6.91039133072,
        "median": 5.12261390686,
        "min": 1.43454611301,
        "var": 18.6881847382
    },
    "pitch_salience": {
        "dmean": 0.0762286186218,
        "dmean2": 0.125380888581,
        "dvar": 0.00360926496796,
        "dvar2": 0.00956348050386,
        "max": 0.834045171738,
        "mean": 0.572579503059,
        "median": 0.594298422337,
        "min": 0.319588601589,
        "var": 0.0151889836416
    },
    "silence_rate_20dB": {
        "dmean": 0,
        "dmean2": 0,
        "dvar": 0,
        "dvar2": 0,
        "max": 1,
        "mean": 1,
        "median": 1,
        "min": 1,
        "var": 0
    },
    "silence_rate_30dB": {
        "dmean": 0,
        "dmean2": 0,
        "dvar": 0,
        "dvar2": 0,
        "max": 1,
        "mean": 1,
        "median": 1,
        "min": 1,
        "var": 0
    },
    "silence_rate_60dB": {
        "dmean": 0,
        "dmean2": 0,
        "dvar": 0,
        "dvar2": 0,
        "max": 0,
        "mean": 0,
        "median": 0,
        "min": 0,
        "var": 0
    },
    "spectral_centroid": {
        "dmean": 45.9668464661,
        "dmean2": 72.0390625,
        "dvar": 2132.41259766,
        "dvar2": 5239.77929688,
        "max": 863.720031738,
        "mean": 412.590789795,
        "median": 348.867614746,
        "min": 228.853210449,
        "var": 17405.1953125
    },
    "spectral_complexity": {
        "dmean": 2.2008368969,
        "dmean2": 3.57142853737,
        "dvar": 3.45757818222,
        "dvar2": 8.53902053833,
        "max": 24,
        "mean": 12.4958333969,
        "median": 12,
        "min": 4,
        "var": 15.4916467667
    },
    "spectral_decrease": {
        "dmean": 4.27195478991e-09,
        "dmean2": 6.84872469847e-09,
        "dvar": 1.31371815725e-17,
        "dvar2": 3.52171814922e-17,
        "max": -2.23450591363e-09,
        "mean": -1.26880088658e-08,
        "median": -1.22263497104e-08,
        "min": -2.70437929828e-08,
        "var": 2.19292677597e-17
    },
    "spectral_energy": {
        "dmean": 0.0165666248649,
        "dmean2": 0.026589659974,
        "dvar": 0.000198130175704,
        "dvar2": 0.00052850152133,
        "max": 0.103718571365,
        "mean": 0.049305267632,
        "median": 0.0474946424365,
        "min": 0.00861859880388,
        "var": 0.000331297778757
    },
    "spectral_energyband_high": {
        "dmean": 4.43407907369e-06,
        "dmean2": 6.96535289535e-06,
        "dvar": 2.94984002502e-11,
        "dvar2": 7.65986926665e-11,
        "max": 4.75468514196e-05,
        "mean": 1.35915197461e-05,
        "median": 1.14902304631e-05,
        "min": 3.1101001241e-06,
        "var": 6.25046958636e-11
    },
    "spectral_energyband_low": {
        "dmean": 0.00962644070387,
        "dmean2": 0.0158066675067,
        "dvar": 8.86566704139e-05,
        "dvar2": 0.000217637410969,
        "max": 0.0653656721115,
        "mean": 0.0152362165973,
        "median": 0.011719301343,
        "min": 0.00108650769107,
        "var": 0.000157145230332
    },
    "spectral_energyband_middle_high": {
        "dmean": 0.00228038197383,
        "dmean2": 0.00370338349603,
        "dvar": 2.13058101508e-05,
        "dvar2": 5.50670702069e-05,
        "max": 0.0461426973343,
        "mean": 0.00398925878108,
        "median": 0.0011386719998,
        "min": 0.000105011822598,
        "var": 4.35123729403e-05
    },
    "spectral_energyband_middle_low": {
        "dmean": 0.00938471965492,
        "dmean2": 0.015746248886,
        "dvar": 7.31978725526e-05,
        "dvar2": 0.000184794334928,
        "max": 0.0618751831353,
        "mean": 0.0296591222286,
        "median": 0.0283830463886,
        "min": 0.00395862385631,
        "var": 0.000149508879986
    },
    "spectral_entropy": {
        "dmean": 0.199619948864,
        "dmean2": 0.31505843997,
        "dvar": 0.0258499886841,
        "dvar2": 0.0610527917743,
        "max": 7.05436563492,
        "mean": 6.29944515228,
        "median": 6.34574604034,
        "min": 5.26350831985,
        "var": 0.151045158505
    },
    "spectral_flux": {
        "dmean": 0.0315951034427,
        "dmean2": 0.0506367012858,
        "dvar": 0.000739975075703,
        "dvar2": 0.00175744760782,
        "max": 0.257635653019,
        "mean": 0.108401373029,
        "median": 0.104364722967,
        "min": 0.0370974503458,
        "var": 0.00152846495621
    },
    "spectral_kurtosis": {
        "dmean": 8.32306098938,
        "dmean2": 15.1930456161,
        "dvar": 42.7233085632,
        "dvar2": 128.584869385,
        "max": 58.3396072388,
        "mean": 27.2628574371,
        "median": 25.9672603607,
        "min": 9.11135864258,
        "var": 89.5323257446
    },
    "spectral_rms": {
        "dmean": 0.00116998713929,
        "dmean2": 0.00184738612734,
        "dvar": 9.02907572709e-07,
        "dvar2": 2.437768444e-06,
        "max": 0.0100592672825,
        "mean": 0.00681076012552,
        "median": 0.00680707255378,
        "min": 0.00289972219616,
        "var": 1.71625947587e-06
    },
    "spectral_rolloff": {
        "dmean": 58.3829116821,
        "dmean2": 100.970817566,
        "dvar": 7199.7890625,
        "dvar2": 18638.7050781,
        "max": 1012.06054688,
        "mean": 471.397918701,
        "median": 301.46484375,
        "min": 172.265625,
        "var": 54538.578125
    },
    "spectral_skewness": {
        "dmean": 0.599458754063,
        "dmean2": 1.09677541256,
        "dvar": 0.203781157732,
        "dvar2": 0.57557195425,
        "max": 5.95426368713,
        "mean": 3.95502471924,
        "median": 3.95378088951,
        "min": 2.11059212685,
        "var": 0.511727035046
    },
    "spectral_spread": {
        "dmean": 343682.625,
        "dmean2": 560229.9375,
        "dvar": 262406668288,
        "dvar2": 376843632640,
        "max": 9947218,
        "mean": 2222496.75,
        "median": 2120214,
        "min": 1088951.25,
        "var": 562738692096
    },
    "spectral_strongpeak": {
        "dmean": 0.574344456196,
        "dmean2": 0.954045712948,
        "dvar": 0.618545889854,
        "dvar2": 1.49249541759,
        "max": 6.49485111237,
        "mean": 1.4370187521,
        "median": 1.30826711655,
        "min": 0.0930870324373,
        "var": 1.01467430592
    },
    "zerocrossingrate": {
        "dmean": 0.00243323412724,
        "dmean2": 0.00311228004284,
        "dvar": 4.44110264652e-06,
        "dvar2": 6.62735510559e-06,
        "max": 0.03662109375,
        "mean": 0.0186218265444,
        "median": 0.016845703125,
        "min": 0.00439453125,
        "var": 4.53933425888e-05
    },
    "barkbands": {
        "dmean": [0.000564044050407, 0.00573677849025, 0.00482814386487, 0.00148885627277, 0.00434954185039, 0.00419444357976, 0.00124523730483, 0.00114229263272, 0.00126824341714, 0.00215787091292, 0.000489351514261, 0.000305015506456, 0.000169805440237, 5.45245347894e-05, 4.16218026658e-05, 4.1244958993e-05, 2.5640703825e-05, 1.59960145538e-05, 8.71018619364e-06, 3.40942733601e-06, 1.5729798406e-06, 7.06586888555e-07, 3.43647059253e-07, 2.54969194202e-07, 2.70167845429e-07, 2.60156298282e-07, 4.50846727063e-07],
        "dmean2": [0.000809585966635, 0.00972894672304, 0.00803471636027, 0.00253627100028, 0.00721643585712, 0.00678664213046, 0.0022509675473, 0.00202559959143, 0.00203889864497, 0.0034920652397, 0.000868425122462, 0.000508654571604, 0.000276007660432, 9.17845172808e-05, 6.66398482281e-05, 6.82667741785e-05, 4.25041253038e-05, 2.66281822405e-05, 1.42824837894e-05, 5.61106435271e-06, 2.55201712207e-06, 1.2223564454e-06, 5.39993948223e-07, 4.06329036196e-07, 4.18878329356e-07, 3.85872738207e-07, 6.6920529207e-07],
        "dvar": [3.77422281872e-07, 4.18534473283e-05, 3.59976002073e-05, 4.47006596005e-06, 1.33054954858e-05, 1.56770274771e-05, 2.76023570223e-06, 2.59086368715e-06, 3.75211379833e-06, 2.27517521125e-05, 9.13599762953e-07, 2.4826604772e-07, 1.04302664283e-07, 8.79320882774e-09, 5.35728483797e-09, 2.69963051913e-09, 1.69695302255e-09, 7.19960535633e-10, 1.06600311911e-10, 2.2239255576e-11, 6.20093516465e-12, 9.0219216646e-13, 1.30268463117e-13, 7.58270873934e-14, 1.26193014914e-13, 1.07788669483e-13, 3.43675012494e-13],
        "dvar2": [7.49579726289e-07, 0.000113007634354, 8.04320879979e-05, 1.03669581222e-05, 3.56524251401e-05, 4.40056719526e-05, 8.33320336824e-06, 7.34471632313e-06, 8.41173368826e-06, 5.56984668947e-05, 2.8691067655e-06, 6.17140130998e-07, 2.63835488568e-07, 2.12348894024e-08, 1.1443866299e-08, 6.16123774222e-09, 4.40119762857e-09, 1.87788629091e-09, 2.61847071803e-10, 5.82432643781e-11, 1.65756280229e-11, 2.35941084378e-12, 2.8776604038e-13, 1.55013859821e-13, 2.89007614498e-13, 2.18267285214e-13, 5.95700897464e-13],
        "max": [0.0100899171084, 0.0491650924087, 0.0477572828531, 0.0189875084907, 0.0298605579883, 0.0345888584852, 0.0110244667158, 0.011964247562, 0.0196608249098, 0.0422022044659, 0.00813778024167, 0.00464893784374, 0.00309004005976, 0.000808131648228, 0.000736279063858, 0.000445351673989, 0.000323493848555, 0.000260020315181, 8.96896453924e-05, 5.06106589455e-05, 2.0827710614e-05, 8.45627891977e-06, 3.23184599438e-06, 3.71915120922e-06, 5.06941387357e-06, 6.07223546467e-06, 1.04982091216e-05],
        "mean": [0.00210238504224, 0.00824391469359, 0.00561757478863, 0.00163366354536, 0.0111001422629, 0.0106946201995, 0.00143804855179, 0.00167569506448, 0.00197066762485, 0.00307821831666, 0.000661427096929, 0.000478511705296, 0.000283174653305, 7.92001010268e-05, 5.45887814951e-05, 8.83001048351e-05, 4.780222298e-05, 2.40471254074e-05, 1.64764969668e-05, 6.42182249067e-06, 2.97692031381e-06, 1.48245499076e-06, 9.77535250968e-07, 8.33326339489e-07, 9.32970237955e-07, 1.12744817216e-06, 2.0682007289e-06],
        "median": [0.00141684478149, 0.00583625072613, 0.00345206120983, 0.000695640046615, 0.0106081087142, 0.00968127883971, 0.000710453779902, 0.000863948138431, 0.000617344514467, 0.00039464206202, 0.000208024197491, 0.000115729453682, 0.000161318777828, 4.16626462538e-05, 2.37364329223e-05, 5.95736200921e-05, 3.202424341e-05, 1.08566428025e-05, 1.19236246974e-05, 4.73406998935e-06, 2.2635458663e-06, 1.10657992991e-06, 8.28021995858e-07, 6.98992664638e-07, 7.60211719353e-07, 8.14503323454e-07, 1.38681321005e-06],
        "min": [0.000278278166661, 9.86153972917e-05, 7.64153301134e-05, 7.71728537075e-06, 0.000945050036535, 0.000667164451443, 1.02410058389e-05, 2.3170176064e-05, 8.4315888671e-06, 2.39854507527e-05, 1.70614430317e-06, 3.88741773349e-06, 6.42346822133e-06, 2.39646601585e-06, 1.14925205708e-06, 2.59321473095e-06, 2.33866535382e-06, 1.50244181896e-06, 1.01698492472e-06, 5.40206940514e-07, 3.84373379347e-07, 2.59959705318e-07, 2.04890568511e-07, 1.7487884918e-07, 2.37248016788e-07, 2.67837521051e-07, 4.57170756363e-07],
        "var": [2.8426713925e-06, 7.75265725679e-05, 4.37502167188e-05, 6.06923686064e-06, 3.52050519723e-05, 4.47105412604e-05, 3.44899831362e-06, 4.31515763921e-06, 8.37923471408e-06, 4.18798845203e-05, 1.22278038361e-06, 6.32107344245e-07, 1.40973142493e-07, 1.10805835618e-08, 8.73205774354e-09, 6.38338537584e-09, 2.60200283542e-09, 1.35771160981e-09, 2.32672325851e-10, 3.99126703909e-11, 7.90992878835e-12, 1.36153479983e-12, 3.35459606057e-13, 2.41981700519e-13, 3.88368157078e-13, 6.78778702082e-13, 2.83126885652e-12]
    },
    "erbbands": {
        "dmean": [0.121693953872, 1.50539565086, 5.30553245544, 4.82807207108, 8.71835231781, 13.4251022339, 51.78515625, 16.4361953735, 15.7583150864, 21.5615463257, 20.5574321747, 27.6183300018, 55.5483016968, 64.8406295776, 16.3859272003, 9.14971637726, 7.52430677414, 4.24290990829, 2.35961747169, 2.36533594131, 1.26887106895, 1.29752445221, 0.945713937283, 0.699518620968, 0.282031297684, 0.165727883577, 0.0919565185905, 0.0447083897889, 0.0268973838538, 0.0158786531538, 0.00951924175024, 0.00592844886705, 0.00465690298006, 0.00351669895463, 0.00187996204477, 0.00116005900782, 0.000524769886397, 0.000236637642956, 6.23487721896e-05, 2.03700292332e-05],
        "dmean2": [0.206482261419, 2.534948349, 8.78122806549, 8.18754291534, 14.6662378311, 23.7153930664, 82.4175109863, 26.2157459259, 27.9882659912, 38.9878997803, 35.4511795044, 46.2714385986, 88.9736404419, 108.943557739, 27.6849555969, 14.9919290543, 12.0234727859, 6.91347980499, 3.77916479111, 3.74284744263, 2.13306546211, 2.1435739994, 1.55336475372, 1.1517663002, 0.454324901104, 0.274838000536, 0.148641169071, 0.0725810900331, 0.0456219092011, 0.0259350053966, 0.0149390781298, 0.00926860049367, 0.00739713478833, 0.00551194371656, 0.00302993203513, 0.00175124744419, 0.000830012897495, 0.000370813999325, 9.1683374194e-05, 3.23506501445e-05],
        "dvar": [0.0277119874954, 2.61336374283, 38.4599609375, 39.4896507263, 126.630630493, 192.899459839, 2353.23095703, 270.409484863, 554.295349121, 743.258422852, 757.915405273, 2307.76708984, 13211.2314453, 27285.8203125, 793.202819824, 219.948303223, 254.9506073, 42.7345085144, 16.7106189728, 8.60075569153, 4.61621332169, 5.00797557831, 2.17299008369, 0.776597499847, 0.147826090455, 0.0593164414167, 0.0191933885217, 0.00429428555071, 0.00142308743671, 0.000388613756513, 9.62483973126e-05, 3.81843965442e-05, 2.72756187769e-05, 2.50014381891e-05, 5.67405913898e-06, 2.81974439531e-06, 4.12511269587e-07, 1.01138049047e-07, 6.19157658477e-09, 2.70098471367e-10],
        "dvar2": [0.0784324705601, 6.92767477036, 85.9221038818, 93.0179214478, 317.001434326, 561.763671875, 6011.13623047, 703.073547363, 1582.53869629, 2294.89501953, 2038.22692871, 5114.63671875, 33598.2617188, 71200.9296875, 2294.68164062, 540.507995605, 644.690979004, 108.683296204, 36.5073432922, 19.3276538849, 12.0322380066, 12.8406744003, 5.66346883774, 1.8616733551, 0.355772197247, 0.155066892505, 0.0506090410054, 0.0110497120768, 0.00374476844445, 0.00099323131144, 0.000227364114835, 8.7188265752e-05, 6.41966107651e-05, 6.13199226791e-05, 1.21838711493e-05, 6.22699826636e-06, 9.74736053649e-07, 2.25377320362e-07, 1.11050599827e-08, 6.68531563441e-10],
        "max": [1.20337581635, 13.0697813034, 50.0029716492, 58.5914344788, 75.2551040649, 103.368431091, 521.94152832, 158.592590332, 175.651992798, 167.869750977, 220.205245972, 417.125518799, 1129.61816406, 1508.18469238, 244.2631073, 150.151550293, 151.369674683, 77.202507019, 35.6591835022, 25.0009002686, 20.5690307617, 16.9316482544, 13.1856250763, 7.56291437149, 4.23679018021, 2.48065853119, 1.1884264946, 0.488726139069, 0.334482103586, 0.197460278869, 0.0934379920363, 0.0749602615833, 0.0740599706769, 0.053810864687, 0.0392971709371, 0.0296179316938, 0.0101346531883, 0.00534815853462, 0.00151260872371, 0.000242383801378],
        "mean": [0.143466055393, 2.19575762749, 6.87986469269, 5.6327123642, 10.1905956268, 27.0316562653, 160.238952637, 34.6961708069, 18.1934394836, 30.6759243011, 35.0534439087, 42.6693534851, 76.0315856934, 84.7488937378, 27.4945888519, 15.5597887039, 12.1186828613, 7.71104288101, 3.42264246941, 5.06996440887, 2.40243530273, 2.28750061989, 1.73746836185, 1.1652867794, 0.592825889587, 0.315221905708, 0.167462065816, 0.0861064344645, 0.0580554641783, 0.0382087230682, 0.026525747031, 0.0179990585893, 0.0140770543367, 0.0104979388416, 0.00662905490026, 0.00414191372693, 0.00213836575858, 0.000988782732747, 0.000284292618744, 8.62784509081e-05],
        "median": [0.080312743783, 1.48808813095, 5.11106729507, 3.36143064499, 5.59820890427, 25.291759491, 139.379837036, 30.6534175873, 9.03651809692, 18.3847808838, 17.2709140778, 14.1736850739, 10.8864059448, 14.1697368622, 7.85933160782, 4.33150815964, 5.44210195541, 5.20241546631, 1.6153408289, 3.8550491333, 1.7733092308, 1.47066771984, 1.06415247917, 0.754541993141, 0.417246103287, 0.234760850668, 0.1137021631, 0.0645420774817, 0.041936211288, 0.029655508697, 0.0223343670368, 0.0153001621366, 0.0120516037568, 0.00866004731506, 0.0054219737649, 0.00327826431021, 0.00152684142813, 0.000689588487148, 0.000203344563488, 8.18144108052e-05],
        "min": [0.00478937570006, 0.0259905289859, 0.156334459782, 0.136147394776, 0.355428606272, 2.70673632622, 7.35527420044, 3.09999012947, 0.80353063345, 0.396454304457, 0.765054583549, 0.336149215698, 0.415741920471, 0.638033688068, 0.132068663836, 0.188958078623, 0.35118702054, 0.307626664639, 0.0945960283279, 0.259439110756, 0.107157491148, 0.115948095918, 0.113652952015, 0.0710835158825, 0.053234346211, 0.0282113999128, 0.0194756388664, 0.0104446122423, 0.00944749359041, 0.00637603364885, 0.00617477344349, 0.00390182901174, 0.00291868997738, 0.00255191395991, 0.00154393713456, 0.000930934329517, 0.00049881747691, 0.000217166714719, 7.84145813668e-05, 2.70740038104e-05],
        "var": [0.0295919366181, 5.24216985703, 50.5491867065, 47.6594429016, 140.632293701, 244.231033325, 12242.9228516, 492.004364014, 617.555541992, 1106.22595215, 1760.68041992, 4184.42529297, 25029.0507812, 37219.8632812, 1757.62524414, 622.789306641, 395.026275635, 60.6254043579, 27.724571228, 19.2053146362, 5.40154743195, 7.11393976212, 4.52913379669, 1.4958190918, 0.368596374989, 0.096084356308, 0.0283123143017, 0.00560735026374, 0.00212642643601, 0.000699338619597, 0.000240795867285, 0.000109400149086, 7.65764343669e-05, 5.15724277648e-05, 2.0659483198e-05, 1.02076937765e-05, 2.41432076109e-06, 5.85340274029e-07, 4.64310687676e-08, 1.19489096395e-09]
    },
    "gfcc": {
        "mean": [-46.9835968018, 168.332931519, -80.4280776978, -6.3908200264, -32.726474762, -9.0243024826, -29.5388355255, -1.48078608513, -21.3563346863, -5.70234966278, -8.77203178406, 3.27698469162, -1.86172795296],
        "cov": [[741.143432617, 217.411636353, -513.824951172, -175.086074829, -147.455688477, 19.4215869904, 184.235168457, 60.366519928, -13.2169008255, -95.179725647, -52.7509269714, -44.0223045349, -37.101852417], [217.411636353, 412.261871338, -168.460342407, -182.879440308, -129.761993408, 47.775062561, 200.46723938, 70.8858032227, 18.1410369873, -53.7501678467, -38.2442207336, -85.3110580444, -95.2439193726], [-513.824951172, -168.460342407, 641.10949707, 267.949401855, 212.579498291, -21.5944690704, -202.826538086, -60.7386360168, 25.0521869659, 94.0841751099, 44.1655654907, 46.938911438, 54.0920753479], [-175.086074829, -182.879440308, 267.949401855, 281.868774414, 217.273864746, -31.3434181213, -133.843002319, -43.0962715149, 12.3913145065, 55.2121963501, 20.0893211365, 32.4142417908, 51.5716819763], [-147.455688477, -129.761993408, 212.579498291, 217.273864746, 231.818847656, -8.19993400574, -115.623733521, -38.1401786804, 11.5441207886, 51.1552810669, 19.4264163971, 27.4635429382, 42.3608093262], [19.4215869904, 47.775062561, -21.5944690704, -31.3434181213, -8.19993400574, 49.0357818604, 42.9044342041, 11.3673315048, -1.82862985134, -10.3391866684, -6.87734556198, -8.51126003265, -11.1074810028], [184.235168457, 200.46723938, -202.826538086, -133.843002319, -115.623733521, 42.9044342041, 164.54776001, 64.541343689, -2.2842862606, -49.9140090942, -27.7384757996, -41.7281341553, -49.2213745117], [60.366519928, 70.8858032227, -60.7386360168, -43.0962715149, -38.1401786804, 11.3673315048, 64.541343689, 49.7656974792, 7.26753091812, -18.0456676483, -9.37627696991, -13.9745740891, -15.5447225571], [-13.2169008255, 18.1410369873, 25.0521869659, 12.3913145065, 11.5441207886, -1.82862985134, -2.2842862606, 7.26753091812, 28.7660160065, 18.6020259857, 2.58499240875, -5.2900853157, -5.6971912384], [-95.179725647, -53.7501678467, 94.0841751099, 55.2121963501, 51.1552810669, -10.3391866684, -49.9140090942, -18.0456676483, 18.6020259857, 48.3297691345, 22.6298408508, 8.98450183868, 5.86290788651], [-52.7509269714, -38.2442207336, 44.1655654907, 20.0893211365, 19.4264163971, -6.87734556198, -27.7384757996, -9.37627696991, 2.58499240875, 22.6298408508, 29.0079097748, 19.0651760101, 10.9378995895], [-44.0223045349, -85.3110580444, 46.938911438, 32.4142417908, 27.4635429382, -8.51126003265, -41.7281341553, -13.9745740891, -5.2900853157, 8.98450183868, 19.0651760101, 43.1128616333, 37.0414657593], [-37.101852417, -95.2439193726, 54.0920753479, 51.5716819763, 42.3608093262, -11.1074810028, -49.2213745117, -15.5447225571, -5.6971912384, 5.86290788651, 10.9378995895, 37.0414657593, 53.1401824951]],
        "icov": [[0.00414486648515, -0.00362992403097, 0.00446331175044, -0.00375881162472, 0.00217207893729, -0.00191394402646, 0.00418096175417, -0.00205044681206, 0.000809433578979, -0.000216290980461, 0.00260812416673, -0.0027773170732, -0.00185642030556], [-0.00362992403097, 0.0206857677549, -0.010268561542, 0.015599546954, -0.0136212864891, 0.0138779608533, -0.0317179299891, 0.0175575874746, -0.0200506765395, 0.0195578746498, -0.0142699973658, 0.0184366852045, 0.00514899520203], [0.00446331175044, -0.010268561542, 0.0108855795115, -0.0116506442428, 0.00832723546773, -0.0106821935624, 0.0200019814074, -0.0111026810482, 0.00787898804992, -0.00936419051141, 0.00664783548564, -0.0088026188314, -0.00200840528123], [-0.00375881162472, 0.015599546954, -0.0116506442428, 0.030298884958, -0.0247802790254, 0.0202897042036, -0.0275134705007, 0.0151888942346, -0.013614853844, 0.0115295108408, -0.00650808680803, 0.0144342556596, -0.000710599008016], [0.00217207893729, -0.0136212864891, 0.00832723546773, -0.0247802790254, 0.0291820671409, -0.0214044433087, 0.0294980462641, -0.016060018912, 0.0138855529949, -0.016937719658, 0.00884815957397, -0.00986047275364, -0.00402696896344], [-0.00191394402646, 0.0138779608533, -0.0106821935624, 0.0202897042036, -0.0214044433087, 0.0476351082325, -0.0430550649762, 0.0234129652381, -0.0121284713969, 0.0114946784452, -0.00423241080716, 0.00698762014508, 0.00214026658796], [0.00418096175417, -0.0317179299891, 0.0200019814074, -0.0275134705007, 0.0294980462641, -0.0430550649762, 0.0885070562363, -0.055804207921, 0.0316882394254, -0.0211786851287, 0.0173215381801, -0.0202166177332, 0.00181457679719], [-0.00205044681206, 0.0175575874746, -0.0111026810482, 0.0151888942346, -0.016060018912, 0.0234129652381, -0.055804207921, 0.0690265968442, -0.0387645475566, 0.0310984961689, -0.0189214106649, 0.0145589699969, -0.00104364508297], [0.000809433578979, -0.0200506765395, 0.00787898804992, -0.013614853844, 0.0138855529949, -0.0121284713969, 0.0316882394254, -0.0387645475566, 0.0883212462068, -0.0661325529218, 0.0350545421243, -0.0181284900755, -0.00358474534005], [-0.000216290980461, 0.0195578746498, -0.00936419051141, 0.0115295108408, -0.016937719658, 0.0114946784452, -0.0211786851287, 0.0310984961689, -0.0661325529218, 0.106935627759, -0.0677386149764, 0.0330627299845, 0.0106383636594], [0.00260812416673, -0.0142699973658, 0.00664783548564, -0.00650808680803, 0.00884815957397, -0.00423241080716, 0.0173215381801, -0.0189214106649, 0.0350545421243, -0.0677386149764, 0.103428684175, -0.0594593062997, 0.00975408405066], [-0.0027773170732, 0.0184366852045, -0.0088026188314, 0.0144342556596, -0.00986047275364, 0.00698762014508, -0.0202166177332, 0.0145589699969, -0.0181284900755, 0.0330627299845, -0.0594593062997, 0.104427628219, -0.0452329702675], [-0.00185642030556, 0.00514899520203, -0.00200840528123, -0.000710599008016, -0.00402696896344, 0.00214026658796, 0.00181457679719, -0.00104364508297, -0.00358474534005, 0.0106383636594, 0.00975408405066, -0.0452329702675, 0.0624815784395]]
    },
    "melbands": {
        "dmean": [0.00131412083283, 0.00243185483851, 0.000898938043974, 0.000723392295185, 0.0014738093596, 0.000448535720352, 0.000244291411946, 0.00024863818544, 0.000175124747329, 0.000177889029146, 0.000271703233011, 0.000276220001979, 6.5485786763e-05, 3.63282124454e-05, 2.10783655348e-05, 1.55269644893e-05, 7.08386733095e-06, 3.85283874493e-06, 2.87987040792e-06, 3.68800715478e-06, 1.20818958749e-06, 1.20623099065e-06, 1.43110332829e-06, 8.67252367698e-07, 5.92948254052e-07, 2.68436991746e-07, 1.39869840154e-07, 1.16286862806e-07, 6.13821100615e-08, 4.26882671434e-08, 2.35660770898e-08, 1.68133347245e-08, 1.25895152081e-08, 8.01527288985e-09, 6.12963946267e-09, 4.90146545573e-09, 3.73507358375e-09, 3.54529383628e-09, 3.34265859436e-09, 3.03367064802e-09],
        "dmean2": [0.00220929831266, 0.00402899133042, 0.00152011890896, 0.00125916569959, 0.0023619143758, 0.000724279554561, 0.000437019945821, 0.000440868694568, 0.000298285129247, 0.000291779579129, 0.000438230577856, 0.000458800175693, 0.000112374225864, 6.27518747933e-05, 3.27908965119e-05, 2.59027765424e-05, 1.161590626e-05, 6.2298395278e-06, 4.5535703066e-06, 5.99985150984e-06, 2.07298103305e-06, 1.97982217287e-06, 2.33447008213e-06, 1.44961757087e-06, 9.89154841591e-07, 4.40557244019e-07, 2.32667375144e-07, 1.92897786633e-07, 9.95785072178e-08, 7.07468288397e-08, 3.83057212616e-08, 2.86910850633e-08, 2.19976783455e-08, 1.27871810918e-08, 9.94527571407e-09, 8.01808308637e-09, 5.84090509292e-09, 5.75317216089e-09, 5.49448975207e-09, 4.84553774882e-09],
        "dvar": [2.7208609481e-06, 6.32160117675e-06, 1.20024787975e-06, 7.3125227118e-07, 1.85343128578e-06, 1.88851629446e-07, 1.22701806049e-07, 1.04250752031e-07, 5.54912986672e-08, 8.82445831962e-08, 3.14760910669e-07, 4.72837598409e-07, 1.35285045388e-08, 3.43434680694e-09, 1.26893973107e-09, 1.04896236142e-09, 1.1539118272e-10, 4.21504844916e-11, 2.39724212703e-11, 2.12742861522e-11, 5.43835202566e-12, 4.58296681854e-12, 4.95930206623e-12, 2.01513393645e-12, 5.49367626043e-13, 1.32194060386e-13, 4.58968495533e-14, 2.61890000381e-14, 7.80374334217e-15, 4.90248439717e-15, 9.35842657708e-16, 5.44730011813e-16, 2.86355872613e-16, 8.92471632663e-17, 4.07114044563e-17, 2.54048424657e-17, 1.74149742345e-17, 1.57373394557e-17, 1.9753618967e-17, 1.67210276032e-17],
        "dvar2": [7.52953792471e-06, 1.4801922589e-05, 2.69581050816e-06, 2.0246072836e-06, 4.66628171125e-06, 4.98225745105e-07, 3.57758693781e-07, 3.18043532843e-07, 1.41177693536e-07, 1.97393632106e-07, 8.0442282524e-07, 1.22790515888e-06, 3.93603265536e-08, 8.85912765369e-09, 3.2349825041e-09, 2.7163435945e-09, 2.90667573344e-10, 9.76155059562e-11, 5.22622882471e-11, 4.58427809602e-11, 1.46582069399e-11, 1.19739175172e-11, 1.22696124094e-11, 5.43029553615e-12, 1.32928444727e-12, 3.29725911288e-13, 1.15967185941e-13, 6.94987619429e-14, 2.0233021801e-14, 1.30095172035e-14, 2.46875566356e-15, 1.44156177304e-15, 7.58949832251e-16, 2.24956889486e-16, 1.00130894746e-16, 6.45355196606e-17, 4.13451836242e-17, 3.79084268501e-17, 5.04883682768e-17, 3.96724490633e-17],
        "max": [0.0120380194858, 0.0183044541627, 0.00841504801065, 0.00509965745732, 0.0148233948275, 0.00394133059308, 0.00254836142994, 0.00191285391338, 0.00178822525777, 0.00275413342752, 0.00542663829401, 0.00616884836927, 0.000952194910496, 0.000503855641, 0.000313140073558, 0.000326263398165, 0.000114510301501, 5.30229372089e-05, 4.96227366966e-05, 4.33065142715e-05, 2.20608071686e-05, 1.59645096574e-05, 2.1132567781e-05, 1.61264342751e-05, 6.35170226815e-06, 3.36202856488e-06, 2.53649773185e-06, 1.38327106924e-06, 7.22511288131e-07, 5.90781041865e-07, 2.31996565958e-07, 1.84701619332e-07, 1.68067231243e-07, 8.66264855404e-08, 5.81387773479e-08, 4.90100440231e-08, 5.28905026442e-08, 5.41114850705e-08, 4.92962008991e-08, 4.18194616714e-08],
        "mean": [0.0018840378616, 0.00349091272801, 0.00113129802048, 0.00092913111439, 0.00463354540989, 0.0010034366278, 0.000277870014543, 0.000358618854079, 0.000296264770441, 0.000275058700936, 0.000368682085536, 0.00035006730468, 9.84489524853e-05, 5.55956466997e-05, 3.19415921695e-05, 2.5162298698e-05, 1.22782312246e-05, 5.10397558173e-06, 4.43877843281e-06, 8.43694306241e-06, 1.65739345448e-06, 2.09458835343e-06, 2.47908224082e-06, 1.27376802084e-06, 9.20680292893e-07, 5.05622438141e-07, 2.6517943752e-07, 2.02454430109e-07, 1.06299701486e-07, 7.09586842618e-08, 4.32769908798e-08, 3.38566685798e-08, 2.60765844473e-08, 1.90433144809e-08, 1.56417314656e-08, 1.2651650394e-08, 1.03357198356e-08, 9.93798199289e-09, 8.9904341749e-09, 8.82960016213e-09],
        "median": [0.00127495767083, 0.00268222484738, 0.000670411915053, 0.000563151261304, 0.00408855360001, 0.000885117973667, 0.000137841270771, 0.000205004733289, 0.000143285928061, 8.85883200681e-05, 5.49563628738e-05, 5.52144192625e-05, 2.7461512218e-05, 1.52840348164e-05, 7.77575587563e-06, 1.48409044414e-05, 8.32429941511e-06, 2.23420875045e-06, 2.7943412988e-06, 5.69842359255e-06, 1.00472743725e-06, 1.34294828058e-06, 1.41845225698e-06, 6.20432217602e-07, 6.05450395597e-07, 3.33353284532e-07, 1.79257511945e-07, 1.4769199197e-07, 7.03644218447e-08, 4.8537692976e-08, 3.21644506585e-08, 2.43659137311e-08, 1.96372376138e-08, 1.4562252737e-08, 1.32834010458e-08, 1.06900674979e-08, 8.3088638192e-09, 8.64784333032e-09, 7.52335083121e-09, 7.23968263117e-09],
        "min": [5.11302387167e-05, 0.000110460139695, 3.12928277708e-05, 5.34784012416e-05, 0.000286871159915, 7.57399611757e-05, 3.27931866195e-06, 3.1379831853e-06, 5.55952829018e-06, 1.03488184777e-06, 1.98455609279e-06, 2.71961062026e-06, 2.63208193019e-07, 4.27981689199e-07, 2.42105869575e-07, 7.22356446659e-07, 5.0962290743e-07, 1.09623897515e-07, 2.12862531157e-07, 2.22260354121e-07, 7.17056920507e-08, 1.19562287182e-07, 9.62005444194e-08, 4.00761059893e-08, 4.67529197579e-08, 4.02761699547e-08, 2.58314187818e-08, 1.49714676212e-08, 1.23652812434e-08, 6.24579188369e-09, 4.41387904004e-09, 4.9247903533e-09, 3.30681104721e-09, 3.53293616584e-09, 3.22004978237e-09, 2.61493937614e-09, 2.10299044845e-09, 2.03423589085e-09, 1.77869341478e-09, 2.19894036313e-09],
        "var": [4.06574190492e-06, 9.97081588139e-06, 1.54101451244e-06, 8.03867635568e-07, 9.57245811151e-06, 3.62715951496e-07, 1.44000296132e-07, 1.61347159633e-07, 1.31861582986e-07, 1.7727589352e-07, 5.84747454013e-07, 6.39028883143e-07, 2.45667077792e-08, 8.10628542069e-09, 3.13302761512e-09, 1.2393693849e-09, 1.51505016865e-10, 6.65038232817e-11, 3.66190411327e-11, 5.97253219103e-11, 4.7558302782e-12, 6.01295575831e-12, 8.70158892857e-12, 3.42537586837e-12, 9.08236756202e-13, 2.88561953195e-13, 8.88837004757e-14, 3.95749683295e-14, 1.27573292371e-14, 5.39426240899e-15, 1.25752883042e-15, 7.66655290972e-16, 4.36311356282e-16, 1.67218584234e-16, 9.00741784427e-17, 5.8172356698e-17, 4.11443474802e-17, 3.95894927741e-17, 3.87852581517e-17, 3.67719799501e-17]
    },
    "mfcc": {
        "mean": [-713.359985352, 220.63243103, 7.53623437881, 19.2087802887, 8.21642112732, -2.51919341087, 1.78123438358, 2.3632349968, -3.89382314682, -4.07717657089, -3.57828021049, -4.77199029922, -3.08519792557],
        "cov": [[1208.14453125, 246.065124512, -537.407348633, -278.949371338, -447.249786377, -98.7956314087, 49.4312858582, 158.835952759, 70.618888855, 6.75056171417, -2.27257323265, -19.3325576782, -28.777009964], [246.065124512, 415.703216553, -71.8351287842, -188.682876587, -239.994537354, -42.57056427, 49.9785804749, 82.604850769, 47.2780723572, 33.3599891663, 43.443145752, 27.8426609039, 32.2050209045], [-537.407348633, -71.8351287842, 370.737762451, 146.773422241, 211.873184204, 45.5159187317, -27.5825004578, -71.7766189575, -25.5842075348, -2.20310688019, 1.07437682152, 5.91372585297, 12.6378917694], [-278.949371338, -188.682876587, 146.773422241, 279.549163818, 275.976409912, 65.6271438599, -19.1351184845, -66.8920135498, -13.239323616, 4.42508935928, -10.5844554901, 1.65675616264, -11.0436410904], [-447.249786377, -239.994537354, 211.873184204, 275.976409912, 383.727508545, 99.0963821411, -33.5395889282, -100.251823425, -33.3908119202, -4.3850774765, -18.2276077271, -5.13705444336, -4.22692728043], [-98.7956314087, -42.57056427, 45.5159187317, 65.6271438599, 99.0963821411, 64.7269821167, 4.64373636246, -21.809299469, -5.11221790314, 2.02169537544, -2.99025845528, -0.567919015884, 3.21235823631], [49.4312858582, 49.9785804749, -27.5825004578, -19.1351184845, -33.5395889282, 4.64373636246, 46.8532371521, 34.8235473633, 13.0340309143, 4.73076248169, 2.9705016613, -1.71205997467, 1.47201406956], [158.835952759, 82.604850769, -71.7766189575, -66.8920135498, -100.251823425, -21.809299469, 34.8235473633, 69.5586624146, 29.4848003387, 1.65962588787, -1.15181744099, -5.44558477402, -0.562536478043], [70.618888855, 47.2780723572, -25.5842075348, -13.239323616, -33.3908119202, -5.11221790314, 13.0340309143, 29.4848003387, 37.2944564819, 11.7246074677, 1.17465782166, -1.20463895798, 0.209878906608], [6.75056171417, 33.3599891663, -2.20310688019, 4.42508935928, -4.3850774765, 2.02169537544, 4.73076248169, 1.65962588787, 11.7246074677, 29.7460422516, 16.8661594391, 5.15729427338, 1.98574101925], [-2.27257323265, 43.443145752, 1.07437682152, -10.5844554901, -18.2276077271, -2.99025845528, 2.9705016613, -1.15181744099, 1.17465782166, 16.8661594391, 35.2191963196, 17.8056316376, 6.73499059677], [-19.3325576782, 27.8426609039, 5.91372585297, 1.65675616264, -5.13705444336, -0.567919015884, -1.71205997467, -5.44558477402, -1.20463895798, 5.15729427338, 17.8056316376, 30.0481891632, 14.7991886139], [-28.777009964, 32.2050209045, 12.6378917694, -11.0436410904, -4.22692728043, 3.21235823631, 1.47201406956, -0.562536478043, 0.209878906608, 1.98574101925, 6.73499059677, 14.7991886139, 29.5565643311]],
