{
"lowlevel": {
    "average_loudness": 0.751461029053,
    "barkbands_crest": {
        "dmean": 3.1116733551,
        "dmean2": 5.16380596161,
        "dvar": 8.36203479767,
        "dvar2": 16.7703437805,
        "max": 25.1552505493,
        "mean": 10.8159046173,
        "median": 9.39726257324,
        "min": 3.15924477577,
        "var": 32.0551567078
    },
    "barkbands_flatness_db": {
        "dmean": 0.0329782664776,
        "dmean2": 0.0520567782223,
        "dvar": 0.000871802680194,
        "dvar2": 0.00217636791058,
        "max": 0.346996665001,
        "mean": 0.17534302175,
        "median": 0.161325529218,
        "min": 0.0708604753017,
        "var": 0.00434910273179
    },
    "barkbands_kurtosis": {
        "dmean": 4.83007287979,
        "dmean2": 6.66586065292,
        "dvar": 97.5897369385,
        "dvar2": 157.733322144,
        "max": 191.638458252,
        "mean": 6.87047386169,
        "median": 1.12015867233,
        "min": -1.60513663292,
        "var": 379.397918701
    },
    "barkbands_skewness": {
        "dmean": 0.832117378712,
        "dmean2": 1.33640778065,
        "dvar": 0.738382399082,
        "dvar2": 1.65101408958,
        "max": 10.6967067719,
        "mean": 1.20783245564,
        "median": 1.09696948528,
        "min": -2.23121809959,
        "var": 3.53392767906
    },
    "barkbands_spread": {
        "dmean": 6.52687740326,
        "dmean2": 10.9738636017,
        "dvar": 45.6801147461,
        "dvar2": 121.514152527,
        "max": 52.6084327698,
        "mean": 18.1250267029,
        "median": 14.9657239914,
        "min": 0.732662379742,
        "var": 129.990646362
    },
    "dissonance": {
        "dmean": 0.0237968545407,
        "dmean2": 0.0390424691141,
        "dvar": 0.00051887036534,
        "dvar2": 0.00133809633553,
        "max": 0.5,
        "mean": 0.455878019333,
        "median": 0.470073610544,
        "min": 0.289805114269,
        "var": 0.00170025159605
    },
    "dynamic_complexity": 9.99602508545,
    "erbbands_crest": {
        "dmean": 3.19343280792,
        "dmean2": 5.07258176804,
        "dvar": 8.86714744568,
        "dvar2": 19.6549510956,
        "max": 27.3928489685,
        "mean": 10.2064876556,
        "median": 8.34867858887,
        "min": 3.36047720909,
        "var": 27.5161628723
    },
    "erbbands_flatness_db": {
        "dmean": 0.0296057090163,
        "dmean2": 0.0464362688363,
        "dvar": 0.000698516960256,
        "dvar2": 0.00174056994729,
        "max": 0.384494096041,
        "mean": 0.235183298588,
        "median": 0.225118681788,
        "min": 0.107721500099,
        "var": 0.00321260816418
    },
    "erbbands_kurtosis": {
        "dmean": 1.81942152977,
        "dmean2": 2.85392022133,
        "dvar": 7.9872045517,
        "dvar2": 16.7130012512,
        "max": 35.7003898621,
        "mean": 1.56613051891,
        "median": 0.0288598537445,
        "min": -1.46389234066,
        "var": 22.7216739655
    },
    "erbbands_skewness": {
        "dmean": 0.599198520184,
        "dmean2": 0.973618865013,
        "dvar": 0.359208494425,
        "dvar2": 0.887439846992,
        "max": 5.01160907745,
        "mean": 0.571576595306,
        "median": 0.502156019211,
        "min": -2.64588332176,
        "var": 1.36354708672
    },
    "erbbands_spread": {
        "dmean": 8.80118751526,
        "dmean2": 14.6753759384,
        "dvar": 64.5617218018,
        "dvar2": 173.945602417,
        "max": 66.9770812988,
        "mean": 27.8646202087,
        "median": 27.0712070465,
        "min": 2.64334011078,
        "var": 185.831771851
    },
    "hfc": {
        "dmean": 15.3965530396,
        "dmean2": 25.8605995178,
        "dvar": 730.72076416,
        "dvar2": 1832.1550293,
        "max": 174.809158325,
        "mean": 15.9791622162,
        "median": 2.07376766205,
        "min": 0.00205471762456,
        "var": 926.939453125
    },
    "melbands_crest": {
        "dmean": 3.80566906929,
        "dmean2": 6.45623207092,
        "dvar": 11.8711576462,
        "dvar2": 27.5794963837,
        "max": 31.4689598083,
        "mean": 12.9407043457,
        "median": 11.6430273056,
        "min": 2.63183426857,
        "var": 41.0444335938
    },
    "melbands_flatness_db": {
        "dmean": 0.0387534536421,
        "dmean2": 0.0631251037121,
        "dvar": 0.00152198935393,
        "dvar2": 0.00354396831244,
        "max": 0.44135555625,
        "mean": 0.174332782626,
        "median": 0.16078324616,
        "min": 0.0311942007393,
        "var": 0.00932930689305
    },
    "melbands_kurtosis": {
        "dmean": 4.65893173218,
        "dmean2": 7.53902244568,
        "dvar": 57.6289176941,
        "dvar2": 135.325531006,
        "max": 77.9993438721,
        "mean": 7.0573925972,
        "median": 3.59027242661,
        "min": -1.82226514816,
        "var": 140.276428223
    },
    "melbands_skewness": {
        "dmean": 0.784671247005,
        "dmean2": 1.25540494919,
        "dvar": 0.503288209438,
        "dvar2": 1.16260302067,
        "max": 6.9247803688,
        "mean": 1.71348702908,
        "median": 1.55598640442,
        "min": -1.12956881523,
        "var": 1.8379420042
    },
    "melbands_spread": {
        "dmean": 15.5467271805,
        "dmean2": 26.9477844238,
        "dvar": 565.096130371,
        "dvar2": 1433.59802246,
        "max": 196.041259766,
        "mean": 36.9858779907,
        "median": 21.9634037018,
        "min": 0.848084151745,
        "var": 1180.74523926
    },
    "pitch_salience": {
        "dmean": 0.0876852348447,
        "dmean2": 0.147705331445,
        "dvar": 0.00693199643865,
        "dvar2": 0.015981554985,
        "max": 0.918992221355,
        "mean": 0.620775282383,
        "median": 0.659829199314,
        "min": 0.204837247729,
        "var": 0.0218528099358
    },
    "silence_rate_20dB": {
        "dmean": 0,
        "dmean2": 0,
        "dvar": 0,
        "dvar2": 0,
        "max": 1,
        "mean": 1,
        "median": 1,
        "min": 1,
        "var": 0
    },
    "silence_rate_30dB": {
        "dmean": 0,
        "dmean2": 0,
        "dvar": 0,
        "dvar2": 0,
        "max": 1,
        "mean": 1,
        "median": 1,
        "min": 1,
        "var": 0
    },
    "silence_rate_60dB": {
        "dmean": 0.118518516421,
        "dmean2": 0.23791821301,
        "dvar": 0.104471430182,
        "dvar2": 0.211053371429,
        "max": 1,
        "mean": 0.586715877056,
        "median": 1,
        "min": 0,
        "var": 0.242480069399
    },
    "spectral_centroid": {
        "dmean": 454.38772583,
        "dmean2": 777.248596191,
        "dvar": 343678.78125,
        "dvar2": 810458.125,
        "max": 4410.72119141,
        "mean": 1891.56018066,
        "median": 1721.13317871,
        "min": 362.526062012,
        "var": 1197086.75
    },
    "spectral_complexity": {
        "dmean": 3.77777767181,
        "dmean2": 6.39776945114,
        "dvar": 31.7357501984,
        "dvar2": 82.5221099854,
        "max": 44,
        "mean": 7.02583026886,
        "median": 4,
        "min": 0,
        "var": 69.4863739014
    },
    "spectral_decrease": {
        "dmean": 1.08040243418e-09,
        "dmean2": 1.7498712479e-09,
        "dvar": 6.33025151406e-18,
        "dvar2": 1.11238338877e-17,
        "max": -8.41074063694e-13,
        "mean": -1.60745095013e-09,
        "median": -3.07829206569e-10,
        "min": -2.69301274614e-08,
        "var": 1.36400792608e-17
    },
    "spectral_energy": {
        "dmean": 0.00543036544695,
        "dmean2": 0.00890540331602,
        "dvar": 0.000124673286336,
        "dvar2": 0.000227224532864,
        "max": 0.11749638617,
        "mean": 0.00751624582335,
        "median": 0.0013965863036,
        "min": 3.36077505381e-06,
        "var": 0.000260522821918
    },
    "spectral_energyband_high": {
        "dmean": 0.00162189768162,
        "dmean2": 0.00300144450739,
        "dvar": 1.0435306649e-05,
        "dvar2": 2.7643649446e-05,
        "max": 0.01560202986,
        "mean": 0.0013228636235,
        "median": 8.28994525364e-05,
        "min": 1.22470025232e-08,
        "var": 9.12241466722e-06
    },
    "spectral_energyband_low": {
        "dmean": 1.09050870378e-06,
        "dmean2": 1.79673270395e-06,
        "dvar": 1.77417520779e-12,
        "dvar2": 4.7751806849e-12,
        "max": 9.84484086075e-06,
        "mean": 1.66385029843e-06,
        "median": 8.94028175935e-07,
        "min": 3.68441845922e-08,
        "var": 3.56107114283e-12
    },
    "spectral_energyband_middle_high": {
        "dmean": 0.00298381922767,
        "dmean2": 0.00468557327986,
        "dvar": 7.11385800969e-05,
        "dvar2": 0.000118788375403,
        "max": 0.1041707322,
        "mean": 0.00444787368178,
        "median": 0.00041297081043,
        "min": 8.70540546316e-08,
        "var": 0.000153163447976
    },
    "spectral_energyband_middle_low": {
        "dmean": 0.00152784981765,
        "dmean2": 0.00235743029043,
        "dvar": 1.51333397298e-05,
        "dvar2": 3.71280548279e-05,
        "max": 0.040491566062,
        "mean": 0.0020756709855,
        "median": 0.000385305291275,
        "min": 2.44031093644e-06,
        "var": 2.71894041362e-05
    },
    "spectral_entropy": {
        "dmean": 0.289809495211,
        "dmean2": 0.475746691227,
        "dvar": 0.109829261899,
        "dvar2": 0.269443303347,
        "max": 8.64734458923,
        "mean": 7.55050611496,
        "median": 7.72588920593,
        "min": 5.58573722839,
        "var": 0.464977771044
    },
    "spectral_flux": {
        "dmean": 0.0204191859812,
        "dmean2": 0.0345900021493,
        "dvar": 0.000957155309152,
        "dvar2": 0.00226048845798,
        "max": 0.25660854578,
        "mean": 0.0454750917852,
        "median": 0.0255218800157,
        "min": 0.000712986802682,
        "var": 0.0021624865476
    },
    "spectral_kurtosis": {
        "dmean": 3.48170638084,
        "dmean2": 6.10930395126,
        "dvar": 27.9062099457,
        "dvar2": 82.8746261597,
        "max": 45.167755127,
        "mean": 6.72333288193,
        "median": 2.78881597519,
        "min": -0.343926906586,
        "var": 83.7431640625
    },
    "spectral_rms": {
        "dmean": 0.000774777610786,
        "dmean2": 0.00126450124662,
        "dvar": 1.19371793517e-06,
        "dvar2": 2.5546426059e-06,
        "max": 0.0107065690681,
        "mean": 0.00186001486145,
        "median": 0.00116727175191,
        "min": 5.72608514631e-05,
        "var": 3.87326736018e-06
    },
    "spectral_rolloff": {
        "dmean": 1014.93127441,
        "dmean2": 1771.40576172,
        "dvar": 2148389.75,
        "dvar2": 4996188.5,
        "max": 9388.4765625,
        "mean": 3123.98242188,
        "median": 2131.78710938,
        "min": 366.064453125,
        "var": 6195366
    },
    "spectral_skewness": {
        "dmean": 0.407743692398,
        "dmean2": 0.698022425175,
        "dvar": 0.259927719831,
        "dvar2": 0.753801882267,
        "max": 5.26537179947,
        "mean": 1.56232404709,
        "median": 1.2354735136,
        "min": 0.21683087945,
        "var": 1.09356236458
    },
    "spectral_spread": {
        "dmean": 624604.875,
        "dmean2": 1000786.1875,
        "dvar": 606687461376,
        "dvar2": 1.26993904435e+12,
        "max": 9018127,
        "mean": 3947599.5,
        "median": 4027520.25,
        "min": 1458359.125,
        "var": 1.54059394253e+12
    },
    "spectral_strongpeak": {
        "dmean": 0.627357423306,
        "dmean2": 1.02236580849,
        "dvar": 1.33619725704,
        "dvar2": 3.24488663673,
        "max": 9.51348018646,
        "mean": 0.969562351704,
        "median": 0.285808175802,
        "min": 0.00370141933672,
        "var": 2.53046011925
    },
    "zerocrossingrate": {
        "dmean": 0.0145706739277,
        "dmean2": 0.0172405038029,
        "dvar": 0.000223147464567,
        "dvar2": 0.000300851737848,
        "max": 0.22607421875,
        "mean": 0.0928887501359,
        "median": 0.07421875,
        "min": 0.009765625,
        "var": 0.00299471593462
    },
    "barkbands": {
        "dmean": [8.62051052763e-09, 3.56140610336e-08, 5.58187991828e-07, 1.31398360281e-06, 2.13812454604e-05, 0.000193042840692, 8.10096898931e-05, 0.000475676089991, 0.0005986285978, 0.00158010004088, 0.000360565492883, 0.000123776771943, 0.00011743039795, 0.000301082822261, 0.000105485705717, 0.000149951214553, 0.000252855650615, 9.73145652097e-05, 0.000224901872571, 0.000365564861568, 0.000151310043293, 0.000578966573812, 0.000525784678757, 0.000189655955182, 0.000103670819954, 1.1794087186e-05, 2.42429382524e-06],
        "dmean2": [1.6371970446e-08, 6.22582803089e-08, 8.9259788183e-07, 2.21315622184e-06, 3.43008978234e-05, 0.000300612300634, 0.000120366916235, 0.000799004570581, 0.000939833407756, 0.00253159040585, 0.000601894105785, 0.000205082818866, 0.000182744552149, 0.000435076799477, 0.000182804942597, 0.000252270081546, 0.000401731493184, 0.000175321401912, 0.000396919145714, 0.000650411064271, 0.000272736244369, 0.00110190699343, 0.000940506986808, 0.000331400719006, 0.000193823827431, 2.11103415495e-05, 4.34349294665e-06],
        "dvar": [1.26801033374e-15, 1.6550396985e-15, 5.42767165847e-13, 3.82177015729e-12, 2.36664288167e-09, 4.77550315736e-07, 1.08412088196e-07, 2.29308170674e-06, 6.27703957434e-06, 4.48478713224e-05, 6.67160247758e-06, 2.36890784322e-07, 2.45659265374e-07, 6.61703154492e-07, 4.01857427335e-08, 9.39092146268e-08, 8.48657634833e-07, 4.16090770727e-08, 4.88295711421e-07, 6.66996868404e-07, 1.02588806783e-07, 2.39173073169e-06, 1.22097412714e-06, 2.04845008511e-07, 7.4658466076e-08, 8.7242624236e-10, 2.76534507099e-11],
        "dvar2": [3.72174969134e-15, 5.13680632115e-15, 1.2591278931e-12, 1.03735822016e-11, 6.02592598042e-09, 1.34049821554e-06, 2.10569666592e-07, 6.29584974376e-06, 1.811238144e-05, 6.99692682247e-05, 1.34542533488e-05, 6.61355045395e-07, 5.33137381353e-07, 1.37601659844e-06, 1.03241113436e-07, 2.35735569731e-07, 1.84681175597e-06, 9.60844559472e-08, 1.10609312287e-06, 1.79286985258e-06, 2.88224384803e-07, 7.18789851817e-06, 2.91981427836e-06, 5.42468626463e-07, 2.10660104472e-07, 2.28535457225e-09, 6.73751679447e-11],
        "max": [3.27221243879e-07, 2.87144757749e-07, 7.14617772246e-06, 1.78838254214e-05, 0.000497051514685, 0.00905597023666, 0.00492991274223, 0.0158528424799, 0.0366785936058, 0.0886615142226, 0.036232739687, 0.00575742917135, 0.00651404121891, 0.00911326054484, 0.00182944943663, 0.00301457406022, 0.0126888286322, 0.00182073516771, 0.00856210943311, 0.00556886894628, 0.00216576876119, 0.0107876593247, 0.00714326044545, 0.00391540769488, 0.00196386943571, 0.000224620540394, 4.09990061598e-05],
        "mean": [5.77393421963e-09, 3.92367134339e-08, 8.85534177542e-07, 1.63342360793e-06, 3.15752185998e-05, 0.000238890686887, 9.89800828393e-05, 0.000478251895402, 0.000811879464891, 0.00233870442025, 0.000364932551747, 0.0001336656278, 0.000135065871291, 0.00044628145406, 0.000122978002764, 0.000169239428942, 0.000294734258205, 0.000104824219306, 0.000282485038042, 0.000306796457153, 0.000124445155961, 0.000400206714403, 0.000409599859267, 0.000141542826896, 6.77750795148e-05, 8.91610943654e-06, 1.90742935047e-06],
        "median": [1.07057585019e-09, 2.44395010895e-08, 3.86996134694e-07, 8.01793930805e-07, 1.09914890345e-05, 6.73879912938e-05, 1.56310452439e-05, 6.08493573964e-05, 5.57557796128e-05, 3.51018315996e-05, 2.05553951673e-05, 1.34297642944e-05, 1.26966342577e-05, 2.57530064118e-05, 2.30099103646e-05, 2.98992708849e-05, 2.31280737353e-05, 1.59929859365e-05, 1.61071893672e-05, 1.58266793733e-05, 1.25582519104e-05, 1.95880729734e-05, 1.68491060322e-05, 4.10165921494e-06, 6.6198094828e-07, 1.41970190271e-07, 4.22590460403e-08],
        "min": [2.02688595075e-11, 9.02490859822e-10, 9.4020240482e-09, 1.1416233292e-08, 1.65290536813e-08, 1.92240122487e-07, 9.44636298073e-08, 1.15742402329e-07, 6.58387904195e-08, 2.35044410601e-08, 6.90043533425e-09, 8.89696760709e-09, 4.50646719941e-09, 2.07429162735e-09, 2.06496286737e-09, 4.58475435394e-09, 2.53548959606e-09, 1.35951272462e-09, 1.08720976666e-09, 4.59585147716e-10, 6.73453848243e-10, 2.72941447221e-10, 1.94516694418e-10, 1.34068839364e-10, 1.4733467224e-10, 3.33583355383e-10, 9.33478072618e-10],
        "var": [6.83019098941e-16, 1.76439419309e-15, 1.4021226671e-12, 5.22337338313e-12, 4.89063900488e-09, 4.08548174846e-07, 1.68738992556e-07, 2.48514766099e-06, 1.36718726935e-05, 9.22088511288e-05, 7.65631284594e-06, 2.87067592808e-07, 3.83430688089e-07, 1.73062733211e-06, 5.95028950556e-08, 1.28108311515e-07, 1.09773668555e-06, 5.66746471975e-08, 8.29935743241e-07, 6.33993238353e-07, 7.82112792308e-08, 1.4821852119e-06, 1.18418427064e-06, 1.72120991238e-07, 4.89534315307e-08, 7.3033662451e-10, 2.80966465371e-11]
    },
    "erbbands": {
        "dmean": [6.06458002039e-07, 1.4824318896e-05, 0.000388804008253, 0.00271462439559, 0.0193142406642, 0.0922286212444, 0.37293702364, 2.13267397881, 1.27280592918, 3.67021608353, 10.2775907516, 15.923459053, 41.9150886536, 32.7104988098, 6.7392334938, 6.27555179596, 4.95568609238, 8.32431221008, 12.1594305038, 6.05015277863, 9.93809509277, 13.868853569, 4.6567492485, 12.2164783478, 10.4045114517, 17.9695262909, 8.24367332458, 5.93310976028, 17.4140796661, 26.110742569, 12.7525405884, 6.7495765686, 2.02062082291, 1.78562772274, 0.256943792105, 0.0736489742994, 0.0146752353758, 0.00493859034032, 0.00037612527376, 2.1689431378e-05],
        "dmean2": [1.06485788365e-06, 2.54225960816e-05, 0.000634177762549, 0.00467551359907, 0.0307745561004, 0.153984814882, 0.575347304344, 3.39730000496, 1.90744841099, 5.89949798584, 17.2641105652, 24.7420120239, 63.8040847778, 52.2139587402, 11.4623765945, 10.342757225, 7.61154127121, 11.9508581161, 18.9045791626, 10.3967571259, 16.3828334808, 22.2029361725, 7.5185418129, 20.5473365784, 18.997631073, 31.6932468414, 14.3642120361, 10.7392635345, 33.1446456909, 47.2177848816, 22.2389354706, 12.0343437195, 3.73867344856, 3.31733512878, 0.471345692873, 0.134983211756, 0.0258608050644, 0.0084763020277, 0.000660058693029, 3.70802699763e-05],
        "dvar": [1.03146722934e-12, 3.17714049514e-10, 2.49019677767e-07, 1.30327498482e-05, 0.00263176509179, 0.0645056068897, 0.819720864296, 61.8169136047, 10.463924408, 145.686233521, 1006.32476807, 3922.19018555, 24209.6914062, 13928.1513672, 1536.44799805, 647.194335938, 413.171508789, 552.985412598, 734.835571289, 162.721832275, 482.495239258, 2622.38061523, 72.6715164185, 1205.88671875, 511.684906006, 1523.85021973, 284.400604248, 141.687301636, 2713.07788086, 3402.81933594, 715.53704834, 239.763076782, 22.3693008423, 23.5327529907, 0.328516572714, 0.0311417151242, 0.00125056446996, 0.000154001769261, 6.31428804354e-07, 1.50843815216e-09],
        "dvar2": [2.91818414051e-12, 9.56873358327e-10, 6.08765674315e-07, 3.51609960489e-05, 0.00374774960801, 0.181352838874, 2.29228210449, 173.394683838, 24.184015274, 389.035400391, 2727.45288086, 10697.9472656, 38219.1953125, 25279.2871094, 2965.67553711, 1773.18688965, 944.940490723, 1133.09118652, 1547.50354004, 421.529693604, 1213.55932617, 5615.32226562, 171.054931641, 2524.4140625, 1442.54443359, 4045.82910156, 754.950561523, 400.538299561, 8278.84375, 9477.64550781, 1760.46630859, 592.991027832, 62.4881706238, 66.7763442993, 0.954321622849, 0.0845050141215, 0.0031252191402, 0.000384579732781, 1.57290799052e-06, 3.74480269016e-09],
        "max": [8.71034171723e-06, 0.00012945679191, 0.00475268065929, 0.0286402516067, 0.928834736347, 2.69787716866, 10.8270292282, 102.797317505, 31.3711471558, 104.834014893, 410.136993408, 966.408935547, 1921.54443359, 1339.05541992, 531.760498047, 309.518707275, 231.730331421, 326.771484375, 279.016021729, 137.777359009, 248.966751099, 725.83984375, 81.6572341919, 363.550720215, 176.504089355, 242.752746582, 98.7056121826, 72.7362213135, 461.17791748, 399.498046875, 202.764648438, 135.605209351, 32.1658401489, 32.1261367798, 3.31483125687, 1.45230746269, 0.322278857231, 0.132729768753, 0.00707071181387, 0.000305507623125],
        "mean": [9.19543765576e-07, 2.29007673624e-05, 0.000642339000478, 0.00417887791991, 0.0316563732922, 0.129837885499, 0.519780933857, 2.51510024071, 1.59844076633, 3.69826817513, 11.4718208313, 22.6585655212, 58.3287506104, 44.4759788513, 7.99450016022, 6.69256687164, 5.82695150375, 12.2562236786, 17.9728107452, 8.16537189484, 10.5008955002, 16.9600753784, 5.6518073082, 15.277349472, 9.94871902466, 14.989367485, 7.03041553497, 4.96974515915, 12.0114936829, 18.9028911591, 9.82456302643, 5.11036109924, 1.49407351017, 1.14225959778, 0.181621775031, 0.0530223846436, 0.0118853440508, 0.00390571472235, 0.000297141581541, 2.22561066039e-05],
        "median": [6.36941535959e-07, 1.57814865815e-05, 0.000309799157549, 0.00244240579195, 0.00799067132175, 0.0397402122617, 0.225559562445, 0.62788772583, 0.481154680252, 0.432180136442, 1.32789206505, 1.48130059242, 1.32985568047, 1.17469191551, 0.866025745869, 0.721377074718, 0.691691398621, 1.13268089294, 1.78224658966, 2.09086251259, 2.09638571739, 1.34497094154, 1.14023518562, 0.939152121544, 0.750404775143, 0.818274378777, 0.552821755409, 0.546679496765, 0.654886960983, 0.853896260262, 0.387779027224, 0.15489628911, 0.0413797236979, 0.011721463874, 0.00312903546728, 0.00103823537938, 0.000204030264285, 3.88515290979e-05, 6.35599235466e-06, 3.54308031092e-06],
        "min": [5.36006439233e-08, 1.05162143882e-06, 1.34104229801e-05, 3.79577104468e-05, 7.95355517766e-05, 4.14401256421e-05, 0.000266102753812, 0.00234598526731, 0.00213557807729, 0.00242882873863, 0.00210311007686, 0.00179104006384, 0.00107276951894, 0.00080198381329, 0.000336902856361, 0.000352254020981, 0.000256559520494, 0.000177847090526, 0.00020069576567, 0.000194200008991, 0.000292045529932, 0.000149670959217, 0.000115021168313, 5.76753554924e-05, 4.49621475127e-05, 2.62689391093e-05, 3.14232856908e-05, 2.52905447269e-05, 1.03200463855e-05, 9.67707819655e-06, 4.35881838712e-06, 2.94163100989e-06, 1.70906071162e-06, 1.53810788106e-06, 1.16741625789e-06, 8.70076974024e-07, 6.30162560356e-07, 3.16701260772e-07, 8.59583479951e-08, 2.17388045343e-08],
        "var": [9.28379768894e-13, 4.52239745652e-10, 6.06729372521e-07, 2.32325874094e-05, 0.0102703897282, 0.101412534714, 0.86813378334, 51.6970214844, 13.8731126785, 132.407272339, 1311.41308594, 9520.58203125, 47073.4609375, 26034.140625, 1893.10766602, 776.714904785, 594.731079102, 1237.76245117, 1870.74377441, 235.059753418, 546.679748535, 3631.9296875, 115.394989014, 2034.77282715, 574.799560547, 1452.22436523, 257.532531738, 114.229553223, 1635.51989746, 2543.98388672, 694.468811035, 220.17805481, 16.4215011597, 15.0016098022, 0.240001037717, 0.0232693813741, 0.00121012050658, 0.000155219458975, 6.57576208596e-07, 1.72282021982e-09]
    },
    "gfcc": {
        "mean": [-179.708862305, 38.6506881714, -180.871459961, -9.99405097961, -100.638336182, -22.4387264252, -46.4685134888, -14.1548986435, -14.8889293671, -14.0788602829, -18.8369903564, -4.4125123024, -8.28458213806],
        "cov": [[21455.4472656, -8152.97216797, -4362.48095703, 1142.32275391, -2605.43139648, 1754.35754395, -1306.55786133, 878.81652832, -541.60748291, 155.155685425, -715.64239502, -0.468554675579, 25.0545711517], [-8152.97216797, 4560.52392578, 940.149047852, -798.322692871, 1014.10083008, -908.684387207, 674.647094727, -443.067108154, 374.774658203, -218.249954224, 333.312530518, -105.853050232, 70.0942840576], [-4362.48095703, 940.149047852, 1850.37890625, -160.125457764, 623.202758789, -247.465072632, 94.1525115967, -121.111778259, -92.801109314, 122.550460815, 44.2109413147, 105.226371765, -111.157325745], [1142.32275391, -798.322692871, -160.125457764, 501.344573975, -178.704879761, 226.85168457, -141.363937378, 12.913561821, -22.0887985229, 47.209941864, -65.122795105, 9.74891376495, -22.0678348541], [-2605.43139648, 1014.10083008, 623.202758789, -178.704879761, 514.543640137, -225.449050903, 158.334121704, -134.646194458, 7.14990615845, -11.8962373734, 57.9917030334, -0.335051804781, -22.4624557495], [1754.35754395, -908.684387207, -247.465072632, 226.85168457, -225.449050903, 307.218933105, -139.249343872, 79.2047348022, -85.3343734741, 29.1268100739, -90.6416397095, 16.8924713135, -17.7990436554], [-1306.55786133, 674.647094727, 94.1525115967, -141.363937378, 158.334121704, -139.249343872, 198.600830078, -45.1479644775, 82.6143798828, -57.8738899231, 66.6912078857, -36.3713912964, 25.8178539276], [878.81652832, -443.067108154, -121.111778259, 12.913561821, -134.646194458, 79.2047348022, -45.1479644775, 154.866287231, -21.5074367523, -0.916130244732, -27.7661685944, -8.85117721558, 13.0928373337], [-541.60748291, 374.774658203, -92.801109314, -22.0887985229, 7.14990615845, -85.3343734741, 82.6143798828, -21.5074367523, 151.364181519, -10.9441633224, 42.714881897, -50.9256706238, 5.88681459427], [155.155685425, -218.249954224, 122.550460815, 47.209941864, -11.8962373734, 29.1268100739, -57.8738899231, -0.916130244732, -10.9441633224, 111.677490234, -26.4551105499, 16.4414310455, -41.1900787354], [-715.64239502, 333.312530518, 44.2109413147, -65.122795105, 57.9917030334, -90.6416397095, 66.6912078857, -27.7661685944, 42.714881897, -26.4551105499, 100.726341248, -12.2773694992, 26.0821342468], [-0.468554675579, -105.853050232, 105.226371765, 9.74891376495, -0.335051804781, 16.8924713135, -36.3713912964, -8.85117721558, -50.9256706238, 16.4414310455, -12.2773694992, 94.4363021851, 5.44486665726], [25.0545711517, 70.0942840576, -111.157325745, -22.0678348541, -22.4624557495, -17.7990436554, 25.8178539276, 13.0928373337, 5.88681459427, -41.1900787354, 26.0821342468, 5.44486665726, 98.2781143188]],
        "icov": [[0.000648934743367, 0.00063743640203, 0.00101669225842, 0.000504480558448, 0.000551140692551, -4.6073251724e-05, 0.000827982614283, -4.28684106737e-05, 0.000739169423468, -0.000167185280588, 0.00112795620225, 0.000425766513217, 0.00011167422781], [0.00063743640203, 0.00191765814088, 0.000756712746806, 0.00123994168825, -0.00026866220287, 0.000953300041147, 9.15028504096e-05, 0.00175558147021, -0.00106641696766, 0.00124925933778, 0.00100280577317, 0.000562140019611, -0.000252413447015], [0.00101669225842, 0.000756712746806, 0.00297350389883, 0.000386001484003, -0.000503084564116, 0.00028157667839, 0.001120410976, -0.00115883024409, 0.00231504044496, -0.00184957834426, 0.00129353639204, -0.000560912361834, 0.00122093700338], [0.000504480558448, 0.00123994168825, 0.000386001484003, 0.00447689462453, 4.24605932494e-05, -0.00245963549241, 0.0021092412062, 0.0024044609163, -0.00248571764678, 0.000764682074077, 0.000733405235223, 0.000636695418507, -0.000641831778921], [0.000551140692551, -0.00026866220287, -0.000503084564116, 4.24605932494e-05, 0.00721855042502, 0.00132939242758, -0.00182337302249, 0.00176756619476, 0.0040263379924, -0.000483371317387, 0.00206187018193, 0.00200224597938, 0.000523897120729], [-4.6073251724e-05, 0.000953300041147, 0.00028157667839, -0.00245963549241, 0.00132939242758, 0.0105673726648, -0.00130690215155, -0.000285333342617, 0.00321199512109, 0.000655921525322, 0.00296139111742, 0.00054019712843, 0.000963694299571], [0.000827982614283, 9.15028504096e-05, 0.001120410976, 0.0021092412062, -0.00182337302249, -0.00130690215155, 0.0149138355628, -0.000758242036682, -0.00413999706507, 0.00354107562453, -0.000549977878109, 0.00169057154562, -0.00122139917221], [-4.28684106737e-05, 0.00175558147021, -0.00115883024409, 0.0024044609163, 0.00176756619476, -0.000285333342617, -0.000758242036682, 0.0123447915539, -0.00206565624103, 0.00250172801316, 0.00104708212893, 0.00265553151257, -0.00235782912932], [0.000739169423468, -0.00106641696766, 0.00231504044496, -0.00248571764678, 0.0040263379924, 0.00321199512109, -0.00413999706507, -0.00206565624103, 0.0175354033709, -0.00537342391908, 9.56127551035e-05, 0.00443017715588, 0.00192390289158], [-0.000167185280588, 0.00124925933778, -0.00184957834426, 0.000764682074077, -0.000483371317387, 0.000655921525322, 0.00354107562453, 0.00250172801316, -0.00537342391908, 0.0157644469291, 0.000806698459201, -0.000834544422105, 0.0027373097837], [0.00112795620225, 0.00100280577317, 0.00129353639204, 0.000733405235223, 0.00206187018193, 0.00296139111742, -0.000549977878109, 0.00104708212893, 9.56127551035e-05, 0.000806698459201, 0.0177241209894, 0.00135382486042, -0.00280891940929], [0.000425766513217, 0.000562140019611, -0.000560912361834, 0.000636695418507, 0.00200224597938, 0.00054019712843, 0.00169057154562, 0.00265553151257, 0.00443017715588, -0.000834544422105, 0.00135382486042, 0.0154787413776, -0.00307534541935], [0.00011167422781, -0.000252413447015, 0.00122093700338, -0.000641831778921, 0.000523897120729, 0.000963694299571, -0.00122139917221, -0.00235782912932, 0.00192390289158, 0.0027373097837, -0.00280891940929, -0.00307534541935, 0.0144406948239]]
    },
    "melbands": {
        "dmean": [6.9988308482e-09, 1.46793183831e-07, 6.57952455185e-07, 3.82964208256e-06, 1.12546422315e-05, 4.37461822003e-05, 2.01423135877e-05, 5.63657195016e-05, 7.63045172789e-05, 0.000105560742668, 0.000226243704674, 0.000161662028404, 3.49063520844e-05, 1.24069501908e-05, 1.2902411072e-05, 1.1639508557e-05, 1.886305472e-05, 2.60548113147e-05, 8.25805000204e-06, 1.03071661215e-05, 1.18276857393e-05, 1.9142344172e-05, 2.98017607747e-06, 5.75432295591e-06, 1.08827562144e-05, 7.9642086348e-06, 1.09614920802e-05, 1.21398543342e-05, 5.6729568314e-06, 3.90814784623e-06, 3.09304482471e-06, 7.90741160017e-06, 1.54910921992e-05, 1.35506516017e-05, 7.24728852219e-06, 5.61584738534e-06, 4.02704290536e-06, 1.01195291791e-06, 2.05501100936e-06, 1.20541164961e-06],
        "dmean2": [1.23551835429e-08, 2.39971370775e-07, 1.11724602903e-06, 6.16249462837e-06, 1.76063858817e-05, 6.90177475917e-05, 3.00429110212e-05, 9.21513274079e-05, 0.000127450941363, 0.000164751312695, 0.000349169014953, 0.000255940889474, 5.9587549913e-05, 2.04837833735e-05, 2.18735385715e-05, 1.77395650098e-05, 2.69756292255e-05, 3.96459618059e-05, 1.3926016436e-05, 1.78528989636e-05, 1.96637829504e-05, 3.07503796648e-05, 4.86694079882e-06, 1.02359590528e-05, 1.81609138963e-05, 1.39487328852e-05, 2.05215546885e-05, 2.12171780731e-05, 9.67043251876e-06, 7.14270754543e-06, 5.64589117857e-06, 1.4934173123e-05, 2.9319731766e-05, 2.44698294409e-05, 1.24987827803e-05, 9.88864303508e-06, 7.07691378921e-06, 1.85992405477e-06, 3.85049588658e-06, 2.23044230552e-06],
        "dvar": [8.67286166768e-17, 3.65949946127e-14, 1.29543316178e-12, 1.12719986123e-10, 6.73296307596e-10, 2.54379699527e-08, 3.21143467374e-09, 3.63520307189e-08, 5.18791125614e-08, 2.0401382983e-07, 7.49012656343e-07, 3.45366771626e-07, 6.16382607177e-08, 2.39769759602e-09, 2.0300954251e-09, 2.81041034889e-09, 2.90544366344e-09, 4.01027655528e-09, 2.70677952274e-10, 5.36105659865e-10, 8.74589067834e-10, 5.80495385094e-09, 4.16789484869e-11, 1.51762297174e-10, 1.0993842503e-09, 6.11793893324e-10, 8.77740491401e-10, 6.88898327272e-10, 1.46455902961e-10, 9.04565033988e-11, 3.88976212351e-11, 6.12357109464e-10, 1.63958768784e-09, 9.34160859778e-10, 2.50996473605e-10, 1.560878371e-10, 1.15249455812e-10, 6.36095820114e-12, 3.31772595508e-11, 1.03061214077e-11],
        "dvar2": [2.5250605376e-16, 8.72051183435e-14, 3.20677534006e-12, 2.68005201365e-10, 1.88500770548e-09, 7.13262622298e-08, 6.9856196383e-09, 1.00452247409e-07, 1.39862095239e-07, 5.68961411318e-07, 1.17280353606e-06, 5.98631004323e-07, 1.20917860613e-07, 6.4869709604e-09, 5.2829336461e-09, 6.00841243426e-09, 5.92432991553e-09, 8.22276025048e-09, 6.99990898578e-10, 1.43837464162e-09, 2.20862239608e-09, 1.24685266556e-08, 1.08175760016e-10, 3.63653163138e-10, 2.28149765746e-09, 1.57092883146e-09, 2.65963162605e-09, 1.63181856916e-09, 3.80195902538e-10, 2.51972609444e-10, 1.07401136595e-10, 1.87677051677e-09, 4.87702678242e-09, 2.43117503906e-09, 6.09182537747e-10, 4.04652172881e-10, 3.07052216986e-10, 1.81148013256e-11, 9.21644427443e-11, 2.93466709267e-11],
        "max": [7.22055943925e-08, 1.8294297206e-06, 1.30716935018e-05, 0.000124525089632, 0.000300768646412, 0.00208733696491, 0.000715771282557, 0.0016876271693, 0.0029827170074, 0.00681703398004, 0.0109361270443, 0.00740311015397, 0.00340528367087, 0.000575095589738, 0.000418075564085, 0.000835461425595, 0.000667130399961, 0.000699342403095, 0.000186485558515, 0.000234554318013, 0.000339927704772, 0.00107574847061, 8.74157922226e-05, 0.000117611038149, 0.00034542256617, 0.00032115142676, 0.000180594739504, 0.000178782720468, 9.36885044212e-05, 7.86217933637e-05, 3.79413359042e-05, 0.000236561172642, 0.000310372124659, 0.000213048129808, 0.000137616996653, 8.50783108035e-05, 0.000109303931822, 1.5736086425e-05, 4.50987754448e-05, 2.15246927837e-05],
        "mean": [7.93007348676e-09, 2.33233748759e-07, 1.02178876205e-06, 5.67905681237e-06, 1.55623492901e-05, 5.26596595591e-05, 2.50235825661e-05, 5.37898376933e-05, 8.54590034578e-05, 0.00014515525254, 0.000317852420267, 0.000218303204747, 3.67615939467e-05, 1.45471467476e-05, 1.28845176732e-05, 1.38686618811e-05, 2.74744834314e-05, 3.86753126804e-05, 9.55713312578e-06, 1.22865048979e-05, 1.15430175356e-05, 2.24238210649e-05, 3.8567154661e-06, 5.9273493207e-06, 1.37186661959e-05, 9.0910034487e-06, 7.88755096437e-06, 1.06264860733e-05, 4.77759022033e-06, 3.20143431054e-06, 2.55821578321e-06, 5.38325411981e-06, 1.0602250768e-05, 1.01476589407e-05, 5.56460736334e-06, 4.13404359279e-06, 2.87263537757e-06, 7.64129367781e-07, 1.32492073135e-06, 7.76343028974e-07],
        "median": [4.78185935293e-09, 1.12572777766e-07, 4.91976607009e-07, 1.30461091885e-06, 6.61490048515e-06, 1.3691186723e-05, 6.1641881075e-06, 5.89264436712e-06, 1.06492634586e-05, 8.69983250595e-06, 6.5365293267e-06, 4.72939154861e-06, 2.92059985441e-06, 1.52456800606e-06, 1.53590053742e-06, 1.45137983054e-06, 1.87597515833e-06, 2.53745315604e-06, 1.74990952928e-06, 2.23228266805e-06, 1.88561557479e-06, 1.38996347232e-06, 9.89295244835e-07, 8.32555542729e-07, 7.45121099044e-07, 4.99453904013e-07, 4.17155604282e-07, 5.30928559783e-07, 3.51637879703e-07, 2.53253432447e-07, 3.08831687335e-07, 2.94745575502e-07, 4.65302832708e-07, 4.11713983794e-07, 1.94617314264e-07, 1.38126054594e-07, 7.44801553765e-08, 3.0374334159e-08, 1.34165265564e-08, 7.79380116001e-09],
        "min": [2.88165824536e-10, 3.48782691617e-09, 1.06109387943e-08, 4.39955183396e-09, 7.01005831161e-09, 5.10924280661e-08, 2.04891641431e-08, 1.39238718333e-08, 1.06952624535e-08, 8.48212877713e-09, 4.12883682799e-09, 3.04733505097e-09, 9.45000189212e-10, 6.51220355419e-10, 8.05638555867e-10, 3.32540522896e-10, 2.65865163218e-10, 3.181259145e-10, 1.87668561247e-10, 3.95999233405e-10, 3.16417059221e-10, 1.3429093948e-10, 1.19335916149e-10, 5.55970686156e-11, 4.37236774564e-11, 3.82706297208e-11, 2.34272184985e-11, 1.5321440297e-11, 2.08817685365e-11, 1.33909905733e-11, 1.29756786912e-11, 4.89321734173e-12, 5.91589537774e-12, 3.77986097283e-12, 2.27067778642e-12, 2.03728440368e-12, 1.7219109168e-12, 1.22261738494e-12, 1.00816653203e-12, 1.12882088659e-12],
        "var": [8.40498220415e-17, 9.01344564307e-14, 2.7871225293e-12, 2.70542560576e-10, 7.19525106163e-10, 2.14764206419e-08, 4.49880044329e-09, 3.00042302115e-08, 7.17316410714e-08, 4.66971386004e-07, 1.47903415382e-06, 6.84584620103e-07, 7.18741759442e-08, 3.1899054509e-09, 2.23505347563e-09, 4.72468419943e-09, 6.86281698137e-09, 1.06133350997e-08, 4.02917949005e-10, 6.80816625298e-10, 8.74547156915e-10, 7.61990381903e-09, 6.78511830055e-11, 1.95629373811e-10, 1.85495285798e-09, 9.82005587957e-10, 6.21052320682e-10, 7.59512341908e-10, 1.43178718881e-10, 6.60409157915e-11, 3.11640088735e-11, 3.70472014177e-10, 1.02185337969e-09, 7.68133334716e-10, 2.51342502366e-10, 1.35131933421e-10, 9.1749483011e-11, 4.64071229361e-12, 2.22235181646e-11, 6.50147904263e-12]
    },
    "mfcc": {
        "mean": [-791.60723877, 62.0075683594, -35.34582901, -14.8221769333, -40.0939903259, -22.1187419891, -36.9609718323, -10.4958696365, -14.8675584793, -6.40581560135, -13.9145183563, -14.1007404327, -6.81569290161],
        "cov": [[17904.7558594, -4604.05126953, -3594.35498047, -946.03704834, -1240.52539062, -4.91524076462, -844.013244629, 178.041091919, -152.373275757, 563.30871582, -306.511169434, -805.471313477, -430.42489624], [-4604.05126953, 2749.3737793, 183.090698242, 41.5124511719, 116.084075928, -144.787063599, 107.25970459, -65.6501693726, 68.4657440186, -262.051147461, 90.3414001465, 255.061203003, -11.7194232941], [-3594.35498047, 183.090698242, 1413.26342773, 261.805480957, 390.837768555, 22.7955703735, 247.76423645, -52.9472045898, 18.971326828, -80.2990646362, 59.1589622498, 155.12550354, 128.08366394], [-946.03704834, 41.5124511719, 261.805480957, 247.223205566, 127.81905365, 97.7497558594, 12.684469223, -28.9021606445, 5.61632871628, -10.9975328445, 15.0309286118, 25.9343585968, 85.2886199951], [-1240.52539062, 116.084075928, 390.837768555, 127.81905365, 269.00213623, 68.3588104248, 110.989982605, -43.5039367676, 6.3009185791, -56.634979248, 3.64278078079, 48.5822868347, 72.9384689331], [-4.91524076462, -144.787063599, 22.7955703735, 97.7497558594, 68.3588104248, 196.264465332, -2.058832407, -10.7544269562, -12.4458084106, -8.42320537567, -19.9578304291, -4.27834844589, 84.2724685669], [-844.013244629, 107.25970459, 247.76423645, 12.684469223, 110.989982605, -2.058832407, 161.727279663, 4.06851053238, 8.86692047119, -30.7275714874, 0.248470962048, 25.3077030182, 5.26389360428], [178.041091919, -65.6501693726, -52.9472045898, -28.9021606445, -43.5039367676, -10.7544269562, 4.06851053238, 102.464263916, 8.68125247955, 16.5495548248, -12.7779817581, -23.285238266, -53.0024757385], [-152.373275757, 68.4657440186, 18.971326828, 5.61632871628, 6.3009185791, -12.4458084106, 8.86692047119, 8.68125247955, 72.3121566772, 19.2012405396, 19.8593235016, -3.92320466042, 12.6298770905], [563.30871582, -262.051147461, -80.2990646362, -10.9975328445, -56.634979248, -8.42320537567, -30.7275714874, 16.5495548248, 19.2012405396, 114.656860352, 21.8946647644, -27.6220169067, -7.07227230072], [-306.511169434, 90.3414001465, 59.1589622498, 15.0309286118, 3.64278078079, -19.9578304291, 0.248470962048, -12.7779817581, 19.8593235016, 21.8946647644, 79.6622085571, 31.6118488312, 8.90978622437], [-805.471313477, 255.061203003, 155.12550354, 25.9343585968, 48.5822868347, -4.27834844589, 25.3077030182, -23.285238266, -3.92320466042, -27.6220169067, 31.6118488312, 126.801246643, 30.2664699554], [-430.42489624, -11.7194232941, 128.08366394, 85.2886199951, 72.9384689331, 84.2724685669, 5.26389360428, -53.0024757385, 12.6298770905, -7.07227230072, 8.90978622437, 30.2664699554, 157.314331055]],
