{
"lowlevel": {
    "average_loudness": 0.981152176857,
    "barkbands_crest": {
        "dmean": 3.68264508247,
        "dmean2": 6.21545124054,
        "dvar": 8.90468597412,
        "dvar2": 24.8643016815,
        "max": 26.2047939301,
        "mean": 14.7268867493,
        "median": 14.7522754669,
        "min": 4.57087850571,
        "var": 20.2068061829
    },
    "barkbands_flatness_db": {
        "dmean": 0.0477456450462,
        "dmean2": 0.0776991471648,
        "dvar": 0.00140259508044,
        "dvar2": 0.00351986126043,
        "max": 0.469824612141,
        "mean": 0.301762104034,
        "median": 0.303081572056,
        "min": 0.140677466989,
        "var": 0.00365896103904
    },
    "barkbands_kurtosis": {
        "dmean": 6.43275165558,
        "dmean2": 10.8718061447,
        "dvar": 65.6225585938,
        "dvar2": 173.925125122,
        "max": 146.249664307,
        "mean": 8.58062076569,
        "median": 5.49098539352,
        "min": -1.1424036026,
        "var": 104.77684021
    },
    "barkbands_skewness": {
        "dmean": 0.785201728344,
        "dmean2": 1.31911492348,
        "dvar": 0.48524966836,
        "dvar2": 1.31689143181,
        "max": 9.2624206543,
        "mean": 1.44064736366,
        "median": 1.25080931187,
        "min": -1.84218025208,
        "var": 0.997397184372
    },
    "barkbands_spread": {
        "dmean": 1.87287843227,
        "dmean2": 3.11453747749,
        "dvar": 3.63275742531,
        "dvar2": 9.15870285034,
        "max": 17.3843154907,
        "mean": 3.77904510498,
        "median": 3.11174488068,
        "min": 0.320553660393,
        "var": 6.16938972473
    },
    "dissonance": {
        "dmean": 0.0476785190403,
        "dmean2": 0.0776449739933,
        "dvar": 0.00149682548363,
        "dvar2": 0.00388640374877,
        "max": 0.499777287245,
        "mean": 0.396153122187,
        "median": 0.402561575174,
        "min": 0.19181831181,
        "var": 0.00298281223513
    },
    "dynamic_complexity": 1.36956000328,
    "erbbands_crest": {
        "dmean": 3.94841122627,
        "dmean2": 6.73959064484,
        "dvar": 10.8763923645,
        "dvar2": 27.6070384979,
        "max": 27.9129981995,
        "mean": 12.8964080811,
        "median": 11.7362537384,
        "min": 4.78511619568,
        "var": 26.7863903046
    },
    "erbbands_flatness_db": {
        "dmean": 0.0346786342561,
        "dmean2": 0.0554199852049,
        "dvar": 0.000714696710929,
        "dvar2": 0.0017619287828,
        "max": 0.413180828094,
        "mean": 0.284861177206,
        "median": 0.283963739872,
        "min": 0.162454843521,
        "var": 0.00194392947014
    },
    "erbbands_kurtosis": {
        "dmean": 3.57158517838,
        "dmean2": 5.67038679123,
        "dvar": 19.3323822021,
        "dvar2": 50.4483261108,
        "max": 76.291305542,
        "mean": 4.37354946136,
        "median": 2.52303433418,
        "min": -1.38700258732,
        "var": 37.2618370056
    },
    "erbbands_skewness": {
        "dmean": 0.707199513912,
        "dmean2": 1.10779547691,
        "dvar": 0.295634120703,
        "dvar2": 0.751708686352,
        "max": 6.08399629593,
        "mean": 1.40847718716,
        "median": 1.24030065536,
        "min": -1.2423003912,
        "var": 0.889419496059
    },
    "erbbands_spread": {
        "dmean": 4.45708322525,
        "dmean2": 7.21914339066,
        "dvar": 15.9807901382,
        "dvar2": 41.2349205017,
        "max": 41.0785293579,
        "mean": 11.8317337036,
        "median": 11.2376346588,
        "min": 1.21287977695,
        "var": 31.0358924866
    },
    "hfc": {
        "dmean": 6.5651049614,
        "dmean2": 11.3311166763,
        "dvar": 43.8834571838,
        "dvar2": 118.374824524,
        "max": 60.1961555481,
        "mean": 13.1306333542,
        "median": 11.6001214981,
        "min": 1.30368638039,
        "var": 57.3628692627
    },
    "melbands_crest": {
        "dmean": 3.90629553795,
        "dmean2": 6.77700614929,
        "dvar": 10.8372421265,
        "dvar2": 31.9324569702,
        "max": 27.8137741089,
        "mean": 15.4970731735,
        "median": 15.1482410431,
        "min": 4.59846591949,
        "var": 21.2068195343
    },
    "melbands_flatness_db": {
        "dmean": 0.0586248226464,
        "dmean2": 0.095861390233,
        "dvar": 0.00212272722274,
        "dvar2": 0.00545063894242,
        "max": 0.598985373974,
        "mean": 0.40599963069,
        "median": 0.410156935453,
        "min": 0.177891537547,
        "var": 0.00546278851107
    },
    "melbands_kurtosis": {
        "dmean": 6.45721006393,
        "dmean2": 10.8244724274,
        "dvar": 42.0888671875,
        "dvar2": 114.827186584,
        "max": 64.1652450562,
        "mean": 9.36709880829,
        "median": 7.04000854492,
        "min": -1.41017019749,
        "var": 70.0650634766
    },
    "melbands_skewness": {
        "dmean": 0.727204561234,
        "dmean2": 1.22214269638,
        "dvar": 0.37826898694,
        "dvar2": 1.02197122574,
        "max": 5.03103780746,
        "mean": 1.75793087482,
        "median": 1.60083293915,
        "min": -0.833521306515,
        "var": 0.721016585827
    },
    "melbands_spread": {
        "dmean": 2.6439409256,
        "dmean2": 4.41444444656,
        "dvar": 9.79502105713,
        "dvar2": 24.8533477783,
        "max": 42.4836769104,
        "mean": 4.97799444199,
        "median": 3.8403441906,
        "min": 0.624129533768,
        "var": 13.8158226013
    },
    "pitch_salience": {
        "dmean": 0.084333255887,
        "dmean2": 0.142871588469,
        "dvar": 0.0049796034582,
        "dvar2": 0.0129831731319,
        "max": 0.859025776386,
        "mean": 0.575530827045,
        "median": 0.588722765446,
        "min": 0.132625535131,
        "var": 0.0116073358804
    },
    "silence_rate_20dB": {
        "dmean": 0,
        "dmean2": 0,
        "dvar": 0,
        "dvar2": 0,
        "max": 1,
        "mean": 1,
        "median": 1,
        "min": 1,
        "var": 0
    },
    "silence_rate_30dB": {
        "dmean": 0,
        "dmean2": 0,
        "dvar": 0,
        "dvar2": 0,
        "max": 1,
        "mean": 1,
        "median": 1,
        "min": 1,
        "var": 0
    },
    "silence_rate_60dB": {
        "dmean": 0,
        "dmean2": 0,
        "dvar": 0,
        "dvar2": 0,
        "max": 0,
        "mean": 0,
        "median": 0,
        "min": 0,
        "var": 0
    },
    "spectral_centroid": {
        "dmean": 80.6870422363,
        "dmean2": 134.842300415,
        "dvar": 9199.8203125,
        "dvar2": 23652.7558594,
        "max": 1551.49328613,
        "mean": 347.407684326,
        "median": 314.737518311,
        "min": 184.275787354,
        "var": 13008.9775391
    },
    "spectral_complexity": {
        "dmean": 3.10646390915,
        "dmean2": 4.86167526245,
        "dvar": 6.71867275238,
        "dvar2": 16.0303344727,
        "max": 31,
        "mean": 10.9670886993,
        "median": 10,
        "min": 3,
        "var": 15.3913421631
    },
    "spectral_decrease": {
        "dmean": 4.13522416309e-09,
        "dmean2": 7.11848757717e-09,
        "dvar": 1.05183476055e-17,
        "dvar2": 2.92933672401e-17,
        "max": -8.92968643473e-10,
        "mean": -1.13112355038e-08,
        "median": -1.12685487608e-08,
        "min": -2.44685978146e-08,
        "var": 1.90455672519e-17
    },
    "spectral_energy": {
        "dmean": 0.016146145761,
        "dmean2": 0.0278019104153,
        "dvar": 0.000160530194989,
        "dvar2": 0.00044566768338,
        "max": 0.0944498106837,
        "mean": 0.0438821092248,
        "median": 0.0436006002128,
        "min": 0.00348851969466,
        "var": 0.000289288116619
    },
    "spectral_energyband_high": {
        "dmean": 1.6234256691e-05,
        "dmean2": 2.91444157483e-05,
        "dvar": 9.5309460324e-10,
        "dvar2": 2.75689004958e-09,
        "max": 0.000264919362962,
        "mean": 1.42264616443e-05,
        "median": 4.54998098576e-06,
        "min": 3.01268471503e-07,
        "var": 7.72429176177e-10
    },
    "spectral_energyband_low": {
        "dmean": 0.00384785677306,
        "dmean2": 0.00631018634886,
        "dvar": 2.02526298381e-05,
        "dvar2": 5.01277427247e-05,
        "max": 0.039204441011,
        "mean": 0.00775899365544,
        "median": 0.00584551505744,
        "min": 0.000183345313417,
        "var": 4.20822434535e-05
    },
    "spectral_energyband_middle_high": {
        "dmean": 0.00202661962248,
        "dmean2": 0.00357684842311,
        "dvar": 1.14883978313e-05,
        "dvar2": 3.16732257488e-05,
        "max": 0.0331897847354,
        "mean": 0.00182598049287,
        "median": 0.000663104350679,
        "min": 2.36697342189e-05,
        "var": 9.3867738542e-06
    },
    "spectral_energyband_middle_low": {
        "dmean": 0.014411341399,
        "dmean2": 0.0246371515095,
        "dvar": 0.000134995789267,
        "dvar2": 0.000391359324567,
        "max": 0.0894068405032,
        "mean": 0.0357048287988,
        "median": 0.0344897806644,
        "min": 0.00239586713724,
        "var": 0.000293502031127
    },
    "spectral_entropy": {
        "dmean": 0.458940893412,
        "dmean2": 0.744203746319,
        "dvar": 0.127411976457,
        "dvar2": 0.312643587589,
        "max": 7.79424858093,
        "mean": 6.0186958313,
        "median": 6.0241394043,
        "min": 4.37672615051,
        "var": 0.327969104052
    },
    "spectral_flux": {
        "dmean": 0.0330893471837,
        "dmean2": 0.0539927743375,
        "dvar": 0.000759749440476,
        "dvar2": 0.00185067567509,
        "max": 0.23784840107,
        "mean": 0.10453427583,
        "median": 0.103187330067,
        "min": 0.0172827746719,
        "var": 0.00143663783092
    },
    "spectral_kurtosis": {
        "dmean": 22.7273082733,
        "dmean2": 37.0335693359,
        "dvar": 345.694152832,
        "dvar2": 930.330810547,
        "max": 149.191421509,
        "mean": 39.014377594,
        "median": 30.7179679871,
        "min": 3.20053195953,
        "var": 784.605957031
    },
    "spectral_rms": {
        "dmean": 0.00122854101937,
        "dmean2": 0.00210501463152,
        "dvar": 9.03717591427e-07,
        "dvar2": 2.49238701144e-06,
        "max": 0.00959927868098,
        "mean": 0.00640873610973,
        "median": 0.00652205199003,
        "min": 0.001844839775,
        "var": 1.73982346041e-06
    },
    "spectral_rolloff": {
        "dmean": 143.85484314,
        "dmean2": 255.364883423,
        "dvar": 31400.5273438,
        "dvar2": 76352.6796875,
        "max": 1894.921875,
        "mean": 418.153533936,
        "median": 344.53125,
        "min": 107.666015625,
        "var": 40650.1601562
    },
    "spectral_skewness": {
        "dmean": 1.47377300262,
        "dmean2": 2.4176774025,
        "dvar": 1.31532371044,
        "dvar2": 3.63087797165,
        "max": 10.4263887405,
        "mean": 4.47809028625,
        "median": 4.10051774979,
        "min": 1.57787156105,
        "var": 3.05694413185
    },
    "spectral_spread": {
        "dmean": 481521.84375,
        "dmean2": 792257.375,
        "dvar": 840647507968,
        "dvar2": 1.13883165491e+12,
        "max": 25419202,
        "mean": 1712445.875,
        "median": 1681736.75,
        "min": 565864.4375,
        "var": 957103276032
    },
    "spectral_strongpeak": {
        "dmean": 0.44392067194,
        "dmean2": 0.745817363262,
        "dvar": 0.159678533673,
        "dvar2": 0.41783836484,
        "max": 3.72211027145,
        "mean": 1.08862292767,
        "median": 1.03301644325,
        "min": 0.0927398651838,
        "var": 0.371138334274
    },
    "zerocrossingrate": {
        "dmean": 0.00217158300802,
        "dmean2": 0.00283674057573,
        "dvar": 4.30576665167e-06,
        "dvar2": 6.82382005834e-06,
        "max": 0.03515625,
        "mean": 0.014333835803,
        "median": 0.01318359375,
        "min": 0.00439453125,
        "var": 1.83953652595e-05
    },
    "barkbands": {
        "dmean": [4.56228044641e-05, 0.00331256026402, 0.000835831800941, 0.00198379601352, 0.0118842376396, 0.00116745487321, 0.00284542725421, 0.000827883428428, 0.0016491713468, 0.000652632501442, 0.000613180338405, 0.000437302369392, 0.000241805915721, 0.000147207829286, 8.75780606293e-05, 6.62896345602e-05, 3.60591475328e-05, 1.85580884136e-05, 1.25771421153e-05, 8.716818229e-06, 8.00602174422e-06, 3.76001844415e-06, 1.10057396796e-06, 5.57214491437e-07, 2.10296605019e-07, 9.9699285272e-08, 3.89154948266e-08],
        "dmean2": [7.0018308179e-05, 0.00541603751481, 0.00141068478115, 0.00309467641637, 0.0205571036786, 0.00190018035937, 0.00471135368571, 0.0014607864432, 0.00284811574966, 0.00113358977251, 0.0010718164267, 0.000788647448644, 0.000438717339421, 0.000270166638074, 0.000157778558787, 0.000121815297462, 6.67229032842e-05, 3.34676951752e-05, 2.22645103349e-05, 1.57555932674e-05, 1.4506651496e-05, 6.737147487e-06, 1.98437874133e-06, 1.00348074739e-06, 3.81348257861e-07, 1.80196920496e-07, 6.7382927682e-08],
        "dvar": [7.37089900227e-09, 1.65694073075e-05, 8.71144209214e-07, 4.42816190116e-06, 0.000111577712232, 1.53481630605e-06, 1.02601270555e-05, 1.27367525238e-06, 4.83464418721e-06, 1.01508078387e-06, 1.03192871848e-06, 9.70294991021e-07, 3.09135515408e-07, 2.39093452592e-07, 1.20040496654e-07, 5.79848205007e-08, 7.0176686684e-09, 1.14598575074e-09, 6.54623411034e-10, 2.89157975342e-10, 2.88469304e-10, 6.18853232548e-11, 4.74554510271e-12, 1.32112658487e-12, 1.76358317598e-13, 6.02383472422e-14, 3.18073983764e-14],
        "dvar2": [1.70658651655e-08, 4.17648443545e-05, 2.26227348321e-06, 1.01472196548e-05, 0.000321517058183, 3.95507413486e-06, 2.58861400653e-05, 3.44960926668e-06, 1.27493394757e-05, 2.74106264442e-06, 2.83541157842e-06, 2.718540145e-06, 8.78229514001e-07, 6.78133062593e-07, 3.3736404248e-07, 1.67318745525e-07, 2.00466434563e-08, 3.18697956914e-09, 1.79633941055e-09, 8.31462898532e-10, 8.40214897657e-10, 1.78505737969e-10, 1.34570861399e-11, 3.48904694199e-12, 4.51008913376e-13, 1.29667977744e-13, 4.1169179204e-14],
        "max": [0.00172830256633, 0.0356127545238, 0.00814572442323, 0.0354578532279, 0.0811696201563, 0.0116368494928, 0.0297663863748, 0.0103535531089, 0.0169774889946, 0.00713624665514, 0.0131420744583, 0.0087068406865, 0.00586980255321, 0.00887597724795, 0.00682061212137, 0.00419014180079, 0.00113214831799, 0.000293722347124, 0.000286922877422, 0.000143245517393, 0.000158393857419, 7.66068624216e-05, 1.91084563994e-05, 1.18735351862e-05, 4.737434665e-06, 4.42296322944e-06, 4.67645759272e-06],
        "mean": [7.21633405192e-05, 0.00512592634186, 0.00118599948473, 0.00360616086982, 0.0232756901532, 0.00210031913593, 0.00397867755964, 0.000859974999912, 0.0017234677216, 0.000574541045353, 0.000545210263226, 0.000352192146238, 0.000185218261322, 0.000110352593765, 6.77847274346e-05, 4.77138382848e-05, 2.71243225143e-05, 1.45110789163e-05, 1.04244900285e-05, 7.20395291864e-06, 6.76881791151e-06, 3.09572033075e-06, 9.12852897272e-07, 4.71830702509e-07, 1.81108219977e-07, 1.0656820848e-07, 4.23490753576e-08],
        "median": [1.99101395992e-05, 0.00289416778833, 0.00081188546028, 0.00243934802711, 0.0202678721398, 0.00161033403128, 0.00262718647718, 0.000406627892517, 0.000789805664681, 0.000195510481717, 0.000186907695024, 9.46611253312e-05, 4.87584984512e-05, 2.34996223298e-05, 1.62770265888e-05, 1.05841018012e-05, 6.71999487167e-06, 3.43043348039e-06, 3.33807270181e-06, 2.31398189499e-06, 1.98048201128e-06, 8.03419482054e-07, 2.69991573987e-07, 1.28215518203e-07, 5.69119009697e-08, 5.38782245485e-08, 2.0395148681e-08],
        "min": [1.71458424347e-07, 3.14027311106e-05, 9.9738344943e-06, 2.32633792621e-05, 0.000713021378033, 1.57614867931e-05, 2.57242627413e-05, 6.1536411522e-06, 1.41574273584e-05, 2.04357775146e-06, 2.75227171187e-06, 1.64274888448e-06, 1.01868283764e-06, 3.45840561522e-07, 2.76207146044e-07, 1.75034287508e-07, 1.87725845535e-07, 9.91851365484e-08, 1.27150130425e-07, 1.04548313118e-07, 7.96897339228e-08, 4.06923668095e-08, 1.69198859368e-08, 9.42264932746e-09, 9.74234115603e-09, 1.25393668782e-08, 7.62258522968e-09],
        "var": [2.15593871644e-08, 3.4079701436e-05, 1.38021073326e-06, 1.39411340569e-05, 0.000227510681725, 2.95233894576e-06, 1.65241399372e-05, 1.43063175528e-06, 5.32244439455e-06, 9.04288413039e-07, 8.63854097588e-07, 6.7106861934e-07, 2.15138769022e-07, 1.53729800445e-07, 7.56869482643e-08, 3.41983721341e-08, 4.50306236743e-09, 8.83630280057e-10, 5.03746100389e-10, 2.12589973403e-10, 2.22210291834e-10, 4.74598312039e-11, 3.54857419491e-12, 1.10499380913e-12, 1.41715537417e-13, 4.82484129147e-14, 3.03501628939e-14]
    },
    "erbbands": {
        "dmean": [0.0693727210164, 0.832574248314, 1.19324362278, 3.3009762764, 15.4779176712, 61.4700279236, 26.0415897369, 7.4734120369, 33.7857437134, 42.4216079712, 11.9702968597, 37.9541854858, 23.9282398224, 32.0891227722, 17.2677135468, 18.3369750977, 11.5185470581, 7.69443416595, 6.26254987717, 4.59538459778, 3.19023561478, 1.78572916985, 1.09716725349, 0.813719332218, 0.604780495167, 0.400675028563, 0.316075831652, 0.287552088499, 0.147738724947, 0.0604832917452, 0.0305852331221, 0.0158434417099, 0.00708047812805, 0.00289516989142, 0.00121537630912, 0.000517391948961, 0.000170795086888, 4.65828488814e-05, 1.31002680064e-05, 1.80384213309e-05],
        "dmean2": [0.114510238171, 1.36379230022, 1.99872243404, 5.2180147171, 26.8436527252, 105.871559143, 43.0360031128, 11.8219795227, 56.1560287476, 71.1485748291, 20.3742008209, 66.0819854736, 40.5057411194, 56.218120575, 30.1204490662, 33.2626342773, 20.8619003296, 14.0549726486, 11.4079561234, 8.31795692444, 5.88199710846, 3.29580354691, 1.97539961338, 1.45288050175, 1.08087468147, 0.716086506844, 0.563401818275, 0.527023673058, 0.267404675484, 0.107942648232, 0.0554942451417, 0.0281377509236, 0.0128334835172, 0.00525791104883, 0.00221529742703, 0.000940873462241, 0.000309257215122, 8.3133840235e-05, 2.24039777095e-05, 3.10204450216e-05],
        "dvar": [0.00860439334065, 1.07075619698, 2.07356762886, 11.0576677322, 261.325042725, 3599.1081543, 812.646240234, 57.1438789368, 1982.7121582, 2679.87866211, 208.836105347, 2921.62744141, 1042.63232422, 2273.31030273, 905.783996582, 1780.98950195, 732.416320801, 399.727935791, 496.829345703, 308.26373291, 100.90158844, 16.9110584259, 4.2136797905, 2.35256743431, 1.52311182022, 0.578120112419, 0.369878530502, 0.424299806356, 0.104544609785, 0.0128368772566, 0.00388117483817, 0.000999905634671, 0.000243387461524, 3.52200149791e-05, 5.92079413764e-06, 1.41063321735e-06, 1.92041582636e-07, 1.68106097931e-08, 7.46647577099e-10, 2.02592553844e-10],
        "dvar2": [0.0222060699016, 2.63215732574, 5.03851032257, 25.4176387787, 788.073852539, 10316.5556641, 2225.47460938, 139.324005127, 5298.73046875, 6605.26464844, 536.619140625, 7716.08886719, 2758.87475586, 6135.69433594, 2496.99511719, 5028.99707031, 2061.40893555, 1148.65307617, 1389.66638184, 873.294799805, 290.973297119, 47.720905304, 11.8191366196, 6.49148368835, 4.22891378403, 1.65948021412, 1.06840920448, 1.23701310158, 0.301010280848, 0.037200011313, 0.0109723666683, 0.00265903770924, 0.000656816235278, 9.17608485906e-05, 1.47336622831e-05, 3.37310325449e-06, 4.05093373956e-07, 2.92727744267e-08, 1.14263465356e-09, 5.54697399124e-10],
        "max": [1.21109342575, 9.33055591583, 14.2858314514, 56.3728904724, 132.537521362, 485.651031494, 239.662597656, 65.4639205933, 532.691040039, 489.00994873, 150.627182007, 489.447906494, 204.855987549, 375.802490234, 397.921173096, 408.297821045, 254.977478027, 308.178405762, 429.019470215, 335.987091064, 168.320724487, 54.1652145386, 18.8820209503, 15.1869449615, 13.7530632019, 6.62754392624, 5.95252990723, 5.67057228088, 3.21260738373, 0.876709640026, 0.639082491398, 0.297481417656, 0.193232282996, 0.0743546783924, 0.0309473555535, 0.0172322280705, 0.008236262016, 0.00291644711979, 0.000672539579682, 0.000107283165562],
        "mean": [0.111272990704, 1.23795843124, 1.98855149746, 6.6239862442, 28.2336158752, 113.341148376, 49.7964553833, 16.1956329346, 46.4331207275, 51.6160049438, 14.4317998886, 38.2330131531, 24.8861198425, 28.451505661, 15.3107175827, 14.7364206314, 8.92385387421, 6.00807571411, 4.72674179077, 3.4784257412, 2.35427427292, 1.36014723778, 0.852107942104, 0.668397545815, 0.497410267591, 0.33104544878, 0.27091562748, 0.238966315985, 0.121449537575, 0.0502848364413, 0.0248691178858, 0.0135821774602, 0.00573078310117, 0.00243759481236, 0.00110580842011, 0.00051253073616, 0.000197575427592, 5.33426828042e-05, 2.64664995484e-05, 4.89149460918e-05],
        "median": [0.0585919171572, 0.700886666775, 1.35386312008, 4.72200679779, 23.7082538605, 88.4470748901, 42.4067268372, 13.0803089142, 27.3148822784, 28.0793190002, 7.64090633392, 16.90990448, 10.8283691406, 9.98261070251, 5.24294376373, 3.99219036102, 2.31821513176, 1.586627841, 1.07494091988, 0.863752126694, 0.578064680099, 0.343154102564, 0.201659992337, 0.199482530355, 0.169225171208, 0.109390228987, 0.0830878764391, 0.0628518611193, 0.0315878726542, 0.0148725323379, 0.00683092791587, 0.00382031872869, 0.00140154943801, 0.000718354887795, 0.00040989468107, 0.00022960093338, 0.000109276741568, 2.95681784337e-05, 2.29999386647e-05, 4.85840173496e-05],
        "min": [0.000590210023802, 0.0132244750857, 0.0531659163535, 0.29114574194, 1.21685600281, 2.31547689438, 1.72491657734, 0.165267720819, 0.351117044687, 0.578490495682, 0.181080982089, 0.261730700731, 0.10182313621, 0.163476243615, 0.146731957793, 0.0819007605314, 0.049758002162, 0.0419754981995, 0.0216230675578, 0.0149728385732, 0.0163426920772, 0.00802182778716, 0.00573789328337, 0.00747886672616, 0.00483608338982, 0.00490367924795, 0.0032105317805, 0.00295672961511, 0.00162889342755, 0.000740688759834, 0.000518491317052, 0.000243583184783, 0.00015292596072, 0.000115450726298, 8.86651250767e-05, 5.2604416851e-05, 2.63260535576e-05, 8.13610586192e-06, 4.03298781748e-06, 4.25918142355e-06],
        "var": [0.0200910232961, 2.17778086662, 3.84015536308, 36.534450531, 393.762268066, 7939.68408203, 1416.47741699, 145.732345581, 2876.82299805, 4075.37573242, 292.257873535, 3073.0234375, 1132.71765137, 1999.36962891, 737.815490723, 1207.04260254, 513.141906738, 265.815795898, 323.420440674, 190.548629761, 60.5915412903, 11.1871500015, 3.17664408684, 1.81790912151, 1.13732528687, 0.440360724926, 0.305768758059, 0.304829716682, 0.0779446288943, 0.0101734315977, 0.0028002334293, 0.000870594347361, 0.00018687164993, 2.80252934317e-05, 4.66847131975e-06, 1.06776985831e-06, 1.54583943868e-07, 1.47025298602e-08, 7.42079619975e-10, 3.60016683132e-10]
    },
    "gfcc": {
        "mean": [-91.860206604, 203.818115234, -87.7996826172, 3.39038801193, -49.3868331909, -14.6450099945, -20.7507667542, -18.1375923157, -18.6000499725, -11.0496749878, -10.9673318863, -5.21511459351, -0.624763131142],
        "cov": [[2340.06835938, -465.984039307, -1204.19128418, -78.3871765137, -207.853057861, 219.61265564, -29.2336597443, 104.827384949, 90.2813720703, 34.5190925598, -26.0222625732, -22.2916469574, -1.13261556625], [-465.984039307, 320.928710938, 253.508911133, -120.052398682, 63.9943618774, -72.1108779907, 54.4291572571, -26.5072135925, 1.31153452396, -10.680015564, 23.1766281128, -0.160796537995, 18.5654029846], [-1204.19128418, 253.508911133, 817.006835938, 76.9161834717, 122.492179871, -80.9990921021, 12.4900894165, -33.9340133667, -45.9040679932, -22.1847934723, 18.3525104523, 16.8016643524, 8.03880405426], [-78.3871765137, -120.052398682, 76.9161834717, 299.019989014, 55.803817749, 6.96270942688, 43.5015678406, 7.96249437332, 14.0695199966, 12.8835258484, 2.63859152794, 1.48715233803, -2.76031279564], [-207.853057861, 63.9943618774, 122.492179871, 55.803817749, 179.642929077, 29.8761730194, 12.1594781876, 48.9154243469, -14.8303470612, 9.21531867981, 31.6235713959, 7.42738389969, -9.02059841156], [219.61265564, -72.1108779907, -80.9990921021, 6.96270942688, 29.8761730194, 140.226135254, 8.55686187744, 30.0064258575, 21.335981369, 11.9390859604, -1.19046866894, 3.95889735222, 0.401514351368], [-29.2336597443, 54.4291572571, 12.4900894165, 43.5015678406, 12.1594781876, 8.55686187744, 110.92250824, 17.8045139313, 19.147649765, 17.0189590454, -5.80053663254, 13.2344121933, 15.8599643707], [104.827384949, -26.5072135925, -33.9340133667, 7.96249437332, 48.9154243469, 30.0064258575, 17.8045139313, 151.693588257, 21.8666381836, 16.6938724518, 28.0340080261, 8.81989955902, -16.4175052643], [90.2813720703, 1.31153452396, -45.9040679932, 14.0695199966, -14.8303470612, 21.335981369, 19.147649765, 21.8666381836, 60.899646759, 17.0377979279, -4.34696674347, 1.85652303696, 5.13855552673], [34.5190925598, -10.680015564, -22.1847934723, 12.8835258484, 9.21531867981, 11.9390859604, 17.0189590454, 16.6938724518, 17.0377979279, 49.8024253845, 13.8493890762, 4.71809101105, -0.298652380705], [-26.0222625732, 23.1766281128, 18.3525104523, 2.63859152794, 31.6235713959, -1.19046866894, -5.80053663254, 28.0340080261, -4.34696674347, 13.8493890762, 55.5138015747, 8.58234214783, -10.7186908722], [-22.2916469574, -0.160796537995, 16.8016643524, 1.48715233803, 7.42738389969, 3.95889735222, 13.2344121933, 8.81989955902, 1.85652303696, 4.71809101105, 8.58234214783, 38.677936554, 15.9559335709], [-1.13261556625, 18.5654029846, 8.03880405426, -2.76031279564, -9.02059841156, 0.401514351368, 15.8599643707, -16.4175052643, 5.13855552673, -0.298652380705, -10.7186908722, 15.9559335709, 44.9444503784]],
        "icov": [[0.00237351516262, -0.00022154916951, 0.00315234088339, -0.000632017792668, 0.00151331513189, -0.00216005393304, 0.000842156819999, -0.00126427272335, 0.000338917860063, 0.000165440098499, -0.000298902043141, 0.000460940762423, -0.00115986261517], [-0.00022154916951, 0.0286819934845, -0.00724832667038, 0.0191933363676, -0.0153440618888, 0.0138015653938, -0.0218580327928, 0.0102838817984, -0.0199075695127, 0.011821590364, -0.0177113600075, 0.0161014795303, -0.00869689323008], [0.00315234088339, -0.00724832667038, 0.00749519700184, -0.00570527138188, 0.00438399147242, -0.00512861926109, 0.00622480968013, -0.00360467820428, 0.00556705752388, -0.00200945325196, 0.00378855271265, -0.00391893647611, 0.000439875351731], [-0.000632017792668, 0.0191933363676, -0.00570527138188, 0.0168180800974, -0.0117621542886, 0.00976009760052, -0.0160926580429, 0.00760890031233, -0.014469191432, 0.00752269243822, -0.0114445053041, 0.0108585180715, -0.00476063136011], [0.00151331513189, -0.0153440618888, 0.00438399147242, -0.0117621542886, 0.0177753120661, -0.0110978800803, 0.0116547588259, -0.0085667129606, 0.0139951724559, -0.00682359281927, 0.00614962074906, -0.0077557656914, 0.00386919267476], [-0.00216005393304, 0.0138015653938, -0.00512861926109, 0.00976009760052, -0.0110978800803, 0.0172637347132, -0.010832708329, 0.00540093844756, -0.0122330840677, 0.00482089212164, -0.00644014962018, 0.00622816197574, -0.00314121204428], [0.000842156819999, -0.0218580327928, 0.00622480968013, -0.0160926580429, 0.0116547588259, -0.010832708329, 0.0282684992999, -0.00948085822165, 0.0134604200721, -0.0120510589331, 0.0160143040121, -0.0144051574171, 0.00326009327546], [-0.00126427272335, 0.0102838817984, -0.00360467820428, 0.00760890031233, -0.0085667129606, 0.00540093844756, -0.00948085822165, 0.0135628776625, -0.0107814390212, 0.00440722610801, -0.00910673569888, 0.00330265332013, 0.0012820539996], [0.000338917860063, -0.0199075695127, 0.00556705752388, -0.014469191432, 0.0139951724559, -0.0122330840677, 0.0134604200721, -0.0107814390212, 0.0363186188042, -0.0144367236644, 0.0145524954423, -0.00991247221828, 0.00331885344349], [0.000165440098499, 0.011821590364, -0.00200945325196, 0.00752269243822, -0.00682359281927, 0.00482089212164, -0.0120510589331, 0.00440722610801, -0.0144367236644, 0.0307594183832, -0.014470863156, 0.00622344017029, -0.00341331097297], [-0.000298902043141, -0.0177113600075, 0.00378855271265, -0.0114445053041, 0.00614962074906, -0.00644014962018, 0.0160143040121, -0.00910673569888, 0.0145524954423, -0.014470863156, 0.0367813259363, -0.0171503666788, 0.0113427629694], [0.000460940762423, 0.0161014795303, -0.00391893647611, 0.0108585180715, -0.0077557656914, 0.00622816197574, -0.0144051574171, 0.00330265332013, -0.00991247221828, 0.00622344017029, -0.0171503666788, 0.0438990592957, -0.019094530493], [-0.00115986261517, -0.00869689323008, 0.000439875351731, -0.00476063136011, 0.00386919267476, -0.00314121204428, 0.00326009327546, 0.0012820539996, 0.00331885344349, -0.00341331097297, 0.0113427629694, -0.019094530493, 0.0346462056041]]
    },
    "melbands": {
        "dmean": [0.000800861103926, 0.000782057526521, 0.000805053627118, 0.00276059913449, 0.0013630525209, 0.000195541040739, 0.000515268766321, 0.000407608924434, 9.42101614783e-05, 0.000254764221609, 0.000112999267003, 0.000125679755001, 7.35756475478e-05, 4.7860230552e-05, 3.04139193759e-05, 2.74727844953e-05, 1.31668248287e-05, 1.1532213648e-05, 8.19999422674e-06, 5.41073040949e-06, 3.33353432325e-06, 1.98533280127e-06, 1.21609139114e-06, 8.11087886632e-07, 6.51205425584e-07, 5.15386545885e-07, 3.64661616459e-07, 2.3024682605e-07, 1.97956211423e-07, 1.91431169583e-07, 1.61098597573e-07, 8.99828620504e-08, 5.1942127044e-08, 2.66884363498e-08, 1.8791098455e-08, 1.28624062512e-08, 8.60279136816e-09, 5.47684875229e-09, 3.22968651822e-09, 2.17346163289e-09],
        "dmean2": [0.00132102367934, 0.0012855095556, 0.00127032585442, 0.00482734432444, 0.00228248024359, 0.000311968906317, 0.000850543845445, 0.000690025626682, 0.000160423936904, 0.00044289563084, 0.000190959821339, 0.000219583002036, 0.000128275933093, 8.64441390149e-05, 5.51256161998e-05, 5.00571259181e-05, 2.42100850301e-05, 2.11242531805e-05, 1.47701812239e-05, 9.94886613626e-06, 6.19982620265e-06, 3.66743165614e-06, 2.22375047088e-06, 1.46559648329e-06, 1.16165233521e-06, 9.16795102057e-07, 6.55957933304e-07, 4.09628597708e-07, 3.51346898242e-07, 3.49434117197e-07, 2.93345919999e-07, 1.62411453175e-07, 9.34047434953e-08, 4.75791246402e-08, 3.43510215828e-08, 2.32023271707e-08, 1.55479256136e-08, 9.96992621793e-09, 5.88634208043e-09, 3.96554789006e-09],
        "dvar": [1.00018655758e-06, 9.08895515295e-07, 6.00596592903e-07, 6.72753776598e-06, 1.83188626579e-06, 4.12198311039e-08, 4.06295583844e-07, 2.50304992733e-07, 1.46695153802e-08, 1.26394269273e-07, 2.35096937473e-08, 3.54842164541e-08, 1.62489790512e-08, 1.25640147175e-08, 4.90477347626e-09, 4.31535340795e-09, 1.40737432819e-09, 1.62480606747e-09, 1.22079890641e-09, 4.11643497067e-10, 9.25349241676e-11, 2.17602602604e-11, 6.21963244796e-12, 2.04773459474e-12, 1.59318185814e-12, 1.21397206523e-12, 5.50008226897e-13, 1.8715533138e-13, 1.36602439972e-13, 2.01106167309e-13, 1.37447480697e-13, 4.121303857e-14, 1.14858396096e-14, 2.37464056224e-15, 1.65145907847e-15, 7.06965726212e-16, 3.19824606048e-16, 1.62536199337e-16, 5.53180740414e-17, 1.97886169787e-17],
        "dvar2": [2.5984511467e-06, 2.13682983485e-06, 1.52261088715e-06, 2.03575436899e-05, 4.92813751407e-06, 1.01858816492e-07, 1.07688754269e-06, 6.30716840533e-07, 3.64152654697e-08, 3.35065266199e-07, 6.20535587359e-08, 9.60508401704e-08, 4.50314772138e-08, 3.55711833322e-08, 1.36179831856e-08, 1.22980301498e-08, 4.03577704589e-09, 4.55175985792e-09, 3.42901085304e-09, 1.18948073613e-09, 2.65251876019e-10, 6.14438916413e-11, 1.77852732541e-11, 5.63318358973e-12, 4.39991879736e-12, 3.3553368417e-12, 1.57258277581e-12, 5.39118229226e-13, 3.89005803481e-13, 5.98668684071e-13, 3.99379720918e-13, 1.18204260941e-13, 3.34059257307e-14, 6.86216923603e-15, 4.69191031242e-15, 1.95712425826e-15, 8.32792894043e-16, 4.42472091605e-16, 1.51410275991e-16, 5.07760815462e-17],
        "max": [0.00962959043682, 0.00941621046513, 0.0115263573825, 0.0202100835741, 0.0112399207428, 0.00197920110077, 0.00698485132307, 0.0045399912633, 0.00108272419311, 0.00305156572722, 0.0010635870276, 0.00144946435466, 0.00173784291837, 0.00115895119961, 0.000765792385209, 0.000703643599991, 0.000629900896456, 0.00075949577149, 0.000700884906109, 0.000359170575393, 0.000153375396621, 6.36808181298e-05, 2.84166835627e-05, 1.17295121527e-05, 1.26480581457e-05, 1.27600505948e-05, 6.94023719916e-06, 3.44770819538e-06, 3.38618428941e-06, 5.51005541638e-06, 3.43601527675e-06, 2.168197625e-06, 8.93784715572e-07, 4.23390901005e-07, 4.0290140646e-07, 2.67593065928e-07, 1.80128623128e-07, 1.62624928635e-07, 1.07315841547e-07, 4.63720013499e-08],
        "mean": [0.00123656832147, 0.00128989701625, 0.00155112054199, 0.00513851549476, 0.0027088415809, 0.000382482714485, 0.00071616936475, 0.000483515148517, 0.000107362568087, 0.000257626030361, 0.000115774098958, 0.00011000399536, 6.50122747174e-05, 3.82621074095e-05, 2.43210197368e-05, 2.06657678063e-05, 1.01149980765e-05, 8.49182652018e-06, 6.31397733741e-06, 3.88411899621e-06, 2.48143464887e-06, 1.50152868628e-06, 9.21568243939e-07, 6.36688412214e-07, 5.3455954685e-07, 4.16349479337e-07, 2.97330245758e-07, 1.88234892562e-07, 1.6988377638e-07, 1.56870200385e-07, 1.32860520807e-07, 7.36105434385e-08, 4.13420977452e-08, 2.24296066165e-08, 1.47445957666e-08, 1.0801695538e-08, 7.26106730298e-09, 4.32374269721e-09, 2.59915711176e-09, 1.81539239197e-09],
        "median": [0.000690259388648, 0.000812310958281, 0.00119082978927, 0.00448196427897, 0.00228751404211, 0.000300938845612, 0.000450183288194, 0.000248960626777, 5.21774418303e-05, 0.000113222617074, 4.79647569591e-05, 3.74642258976e-05, 2.27260316024e-05, 1.00196575659e-05, 6.53074039292e-06, 5.27183692611e-06, 2.53715256804e-06, 1.6470794435e-06, 1.45480964875e-06, 8.74881550317e-07, 5.98850874667e-07, 3.66948825103e-07, 2.04647577107e-07, 1.54087274495e-07, 1.58385233817e-07, 1.36212193524e-07, 9.69100568682e-08, 6.06378876e-08, 5.23133252273e-08, 4.27113704404e-08, 3.42025820999e-08, 1.90304252357e-08, 1.07374003022e-08, 6.99385793723e-09, 3.75516950868e-09, 3.21179172147e-09, 1.86728543738e-09, 9.65024837818e-10, 6.47758680028e-10, 5.36998334688e-10],
        "min": [9.26379289012e-06, 2.67660470854e-05, 3.29964459524e-05, 0.000173349675606, 6.51463706163e-05, 1.99287319447e-06, 4.19852767664e-06, 6.24562335361e-06, 1.13144972147e-06, 1.85777616935e-06, 3.70878780132e-07, 5.49499077351e-07, 3.73185599756e-07, 1.37399624123e-07, 1.70766895735e-07, 9.11674007398e-08, 4.4698477808e-08, 3.18726343096e-08, 2.61096886334e-08, 1.43363179106e-08, 1.19026033474e-08, 8.56213144829e-09, 6.58078080917e-09, 3.16344350715e-09, 5.47547518437e-09, 4.13059098037e-09, 3.02125768847e-09, 2.47374853934e-09, 2.07887973502e-09, 1.09637132706e-09, 1.41689682209e-09, 6.80269562903e-10, 6.97295776675e-10, 2.98163188583e-10, 3.28363058966e-10, 1.80287382245e-10, 1.31990210428e-10, 1.03870460844e-10, 7.18499496011e-11, 9.68147992331e-11],
        "var": [2.01320881388e-06, 1.93343635146e-06, 1.61482023486e-06, 1.24867956401e-05, 3.88352236769e-06, 9.68673390389e-08, 6.02721343057e-07, 3.60455942428e-07, 2.02580316966e-08, 1.32943569042e-07, 2.56880738903e-08, 3.10697281236e-08, 1.31694122274e-08, 8.51729264895e-09, 3.42810735354e-09, 2.94908697462e-09, 9.15460596218e-10, 1.05767006264e-09, 7.65731367203e-10, 2.40597403112e-10, 5.68794629452e-11, 1.43150023085e-11, 4.21047398336e-12, 1.61261791681e-12, 1.22006061937e-12, 9.00652816216e-13, 3.96951433312e-13, 1.43456576371e-13, 1.16080417305e-13, 1.44864168946e-13, 9.84959591102e-14, 3.01845306833e-14, 8.6701547092e-15, 1.88347347294e-15, 1.12179307117e-15, 5.55343122884e-16, 2.74954782673e-16, 1.21974795813e-16, 4.0380237735e-17, 1.55686210805e-17]
    },
    "mfcc": {
        "mean": [-746.28527832, 238.102218628, 15.1258058548, 25.7991790771, -8.17930030823, 5.48154973984, -2.84836959839, -4.58439779282, -4.15327548981, -7.05920314789, -8.17759513855, -6.31538248062, -5.2857465744],
        "cov": [[3200.10449219, -630.492553711, -1178.99133301, -320.847351074, -364.777679443, 84.8771362305, -197.346618652, 99.1370315552, 35.2022018433, 131.788406372, 14.2813358307, 56.1980667114, -21.3377761841], [-630.492553711, 451.277893066, 191.109176636, -90.386428833, 52.3651657104, -71.2241516113, 55.2213897705, -29.8980617523, -5.81096410751, -29.4955730438, 8.6034488678, -20.2769699097, 7.24058294296], [-1178.99133301, 191.109176636, 597.570129395, 141.096359253, 109.273139954, -9.78843307495, 47.8739089966, -29.1629581451, -3.9858443737, -43.4797019958, -19.2435321808, -27.7615280151, 0.0107695572078], [-320.847351074, -90.386428833, 141.096359253, 275.839874268, 55.716709137, 21.5086174011, 50.7168006897, 6.12681818008, 16.5629959106, 0.101625569165, 15.0129747391, 6.56587505341, 14.4542484283], [-364.777679443, 52.3651657104, 109.273139954, 55.716709137, 209.734695435, -13.3763380051, 64.1442871094, 24.5810432434, -16.9179096222, 0.956065952778, 22.9539737701, 21.9360275269, 10.5432271957], [84.8771362305, -71.2241516113, -9.78843307495, 21.5086174011, -13.3763380051, 154.894287109, -1.66081678867, -2.47754883766, 19.8799724579, 7.47914075851, -15.6524763107, -9.92476177216, 3.11666798592], [-197.346618652, 55.2213897705, 47.8739089966, 50.7168006897, 64.1442871094, -1.66081678867, 107.279251099, 29.0807590485, 2.70378994942, 9.04817771912, 23.4912452698, 14.5679483414, 10.1574211121], [99.1370315552, -29.8980617523, -29.1629581451, 6.12681818008, 24.5810432434, -2.47754883766, 29.0807590485, 84.1128234863, 29.5765190125, 20.6029624939, 19.9234714508, 16.6042575836, 7.25130701065], [35.2022018433, -5.81096410751, -3.9858443737, 16.5629959106, -16.9179096222, 19.8799724579, 2.70378994942, 29.5765190125, 78.1256561279, 26.6701622009, 1.92199492455, 0.0359383076429, 9.67200088501], [131.788406372, -29.4955730438, -43.4797019958, 0.101625569165, 0.956065952778, 7.47914075851, 9.04817771912, 20.6029624939, 26.6701622009, 59.4457588196, 24.2543067932, 11.8147134781, 7.26847743988], [14.2813358307, 8.6034488678, -19.2435321808, 15.0129747391, 22.9539737701, -15.6524763107, 23.4912452698, 19.9234714508, 1.92199492455, 24.2543067932, 52.4884757996, 29.0491600037, 12.3978347778], [56.1980667114, -20.2769699097, -27.7615280151, 6.56587505341, 21.9360275269, -9.92476177216, 14.5679483414, 16.6042575836, 0.0359383076429, 11.8147134781, 29.0491600037, 47.9676856995, 18.9245376587], [-21.3377761841, 7.24058294296, 0.0107695572078, 14.4542484283, 10.5432271957, 3.11666798592, 10.1574211121, 7.25130701065, 9.67200088501, 7.26847743988, 12.3978347778, 18.9245376587, 36.3209228516]],
