{
"lowlevel": {
    "average_loudness": 0.970910310745,
    "barkbands_crest": {
        "dmean": 3.10330176353,
        "dmean2": 5.01474905014,
        "dvar": 8.06781864166,
        "dvar2": 21.79088974,
        "max": 26.5637645721,
        "mean": 18.5541744232,
        "median": 19.2007083893,
        "min": 4.63840007782,
        "var": 26.8477210999
    },
    "barkbands_flatness_db": {
        "dmean": 0.0371805876493,
        "dmean2": 0.0574269965291,
        "dvar": 0.00137222977355,
        "dvar2": 0.00326097710058,
        "max": 0.557508647442,
        "mean": 0.309605866671,
        "median": 0.308249533176,
        "min": 0.0968140810728,
        "var": 0.00925028882921
    },
    "barkbands_kurtosis": {
        "dmean": 8.54011058807,
        "dmean2": 14.0575447083,
        "dvar": 182.564437866,
        "dvar2": 489.830505371,
        "max": 104.907333374,
        "mean": 11.8159790039,
        "median": 5.80368328094,
        "min": -1.45694494247,
        "var": 307.525726318
    },
    "barkbands_skewness": {
        "dmean": 0.985405683517,
        "dmean2": 1.59748983383,
        "dvar": 0.868927717209,
        "dvar2": 2.26517367363,
        "max": 8.09789848328,
        "mean": 1.80046749115,
        "median": 1.43252384663,
        "min": -1.88784706593,
        "var": 3.00397634506
    },
    "barkbands_spread": {
        "dmean": 2.50235462189,
        "dmean2": 4.17930841446,
        "dvar": 10.8695669174,
        "dvar2": 30.7660140991,
        "max": 28.7640724182,
        "mean": 6.28708600998,
        "median": 4.87210035324,
        "min": 0.249353468418,
        "var": 31.0725097656
    },
    "dissonance": {
        "dmean": 0.0672170519829,
        "dmean2": 0.116162858903,
        "dvar": 0.00356858409941,
        "dvar2": 0.0100552188233,
        "max": 0.49979776144,
        "mean": 0.410066992044,
        "median": 0.428999125957,
        "min": 0.17573903501,
        "var": 0.00581765733659
    },
    "dynamic_complexity": 13.8356342316,
    "erbbands_crest": {
        "dmean": 3.48454546928,
        "dmean2": 5.4344329834,
        "dvar": 11.0965442657,
        "dvar2": 28.6958580017,
        "max": 32.7470016479,
        "mean": 18.9992275238,
        "median": 19.177072525,
        "min": 3.35838055611,
        "var": 50.6334915161
    },
    "erbbands_flatness_db": {
        "dmean": 0.031306963414,
        "dmean2": 0.0475057065487,
        "dvar": 0.0010666718008,
        "dvar2": 0.00240201340057,
        "max": 0.591045498848,
        "mean": 0.363707244396,
        "median": 0.369064331055,
        "min": 0.107207156718,
        "var": 0.00921915285289
    },
    "erbbands_kurtosis": {
        "dmean": 4.88311481476,
        "dmean2": 8.18310546875,
        "dvar": 50.9988746643,
        "dvar2": 141.319854736,
        "max": 52.8756484985,
        "mean": 5.82936477661,
        "median": 1.59132862091,
        "min": -1.5567163229,
        "var": 87.6044540405
    },
    "erbbands_skewness": {
        "dmean": 0.825601994991,
        "dmean2": 1.30901944637,
        "dvar": 0.630038201809,
        "dvar2": 1.63298404217,
        "max": 6.2860121727,
        "mean": 1.39082980156,
        "median": 1.07456171513,
        "min": -2.63144564629,
        "var": 2.15376019478
    },
    "erbbands_spread": {
        "dmean": 3.63018631935,
        "dmean2": 6.09602832794,
        "dvar": 29.836435318,
        "dvar2": 80.9383850098,
        "max": 52.5861663818,
        "mean": 10.6290779114,
        "median": 7.56150960922,
        "min": 0.722776591778,
        "var": 102.974250793
    },
    "hfc": {
        "dmean": 7.62635469437,
        "dmean2": 13.2486019135,
        "dvar": 478.065307617,
        "dvar2": 1298.2791748,
        "max": 150.586776733,
        "mean": 8.51313781738,
        "median": 0.459657073021,
        "min": 0.00136200687848,
        "var": 436.304321289
    },
    "melbands_crest": {
        "dmean": 3.61406755447,
        "dmean2": 5.68779182434,
        "dvar": 10.452829361,
        "dvar2": 25.4235954285,
        "max": 34.2828216553,
        "mean": 20.5777320862,
        "median": 19.8570690155,
        "min": 7.48037576675,
        "var": 48.012550354
    },
    "melbands_flatness_db": {
        "dmean": 0.03903548792,
        "dmean2": 0.0615596100688,
        "dvar": 0.00159883592278,
        "dvar2": 0.00415185140446,
        "max": 0.59303855896,
        "mean": 0.342364341021,
        "median": 0.334040522575,
        "min": 0.127374321222,
        "var": 0.00739811453968
    },
    "melbands_kurtosis": {
        "dmean": 8.05014038086,
        "dmean2": 12.6867771149,
        "dvar": 155.345535278,
        "dvar2": 379.4140625,
        "max": 140.932403564,
        "mean": 11.2836675644,
        "median": 4.09073829651,
        "min": -1.42314767838,
        "var": 316.784332275
    },
    "melbands_skewness": {
        "dmean": 0.92400175333,
        "dmean2": 1.46297681332,
        "dvar": 0.833116352558,
        "dvar2": 1.77263402939,
        "max": 10.4052276611,
        "mean": 1.53659594059,
        "median": 1.04847383499,
        "min": -1.77023458481,
        "var": 3.77335524559
    },
    "melbands_spread": {
        "dmean": 3.90182614326,
        "dmean2": 6.535633564,
        "dvar": 17.2562179565,
        "dvar2": 50.9745254517,
        "max": 28.0047454834,
        "mean": 9.49631786346,
        "median": 8.86633586884,
        "min": 0.52408182621,
        "var": 36.5505447388
    },
    "pitch_salience": {
        "dmean": 0.0929826870561,
        "dmean2": 0.156369507313,
        "dvar": 0.0121509023011,
        "dvar2": 0.0347069092095,
        "max": 0.881780445576,
        "mean": 0.416045963764,
        "median": 0.409020453691,
        "min": 0.112874642015,
        "var": 0.0270680096
    },
    "silence_rate_20dB": {
        "dmean": 0,
        "dmean2": 0,
        "dvar": 0,
        "dvar2": 0,
        "max": 1,
        "mean": 1,
        "median": 1,
        "min": 1,
        "var": 0
    },
    "silence_rate_30dB": {
        "dmean": 0,
        "dmean2": 0,
        "dvar": 0,
        "dvar2": 0,
        "max": 1,
        "mean": 1,
        "median": 1,
        "min": 1,
        "var": 0
    },
    "silence_rate_60dB": {
        "dmean": 0.0730769261718,
        "dmean2": 0.146718144417,
        "dvar": 0.0677368119359,
        "dvar2": 0.125192046165,
        "max": 1,
        "mean": 0.678160905838,
        "median": 1,
        "min": 0,
        "var": 0.218258902431
    },
    "spectral_centroid": {
        "dmean": 172.537887573,
        "dmean2": 296.238830566,
        "dvar": 45973.1640625,
        "dvar2": 135211.796875,
        "max": 2394.63793945,
        "mean": 1150.34179688,
        "median": 997.030761719,
        "min": 512.202514648,
        "var": 132755.15625
    },
    "spectral_complexity": {
        "dmean": 1.14230763912,
        "dmean2": 1.76833975315,
        "dvar": 5.1066737175,
        "dvar2": 10.8112010956,
        "max": 15,
        "mean": 2.70881223679,
        "median": 2,
        "min": 0,
        "var": 11.1412601471
    },
    "spectral_decrease": {
        "dmean": 1.99186400707e-09,
        "dmean2": 3.54015994297e-09,
        "dvar": 3.27120319199e-17,
        "dvar2": 9.08651616317e-17,
        "max": -2.45014403731e-13,
        "mean": -2.08593342599e-09,
        "median": -9.65861904345e-11,
        "min": -3.60528780163e-08,
        "var": 2.74005612772e-17
    },
    "spectral_energy": {
        "dmean": 0.00819287635386,
        "dmean2": 0.0145601732656,
        "dvar": 0.000554106547497,
        "dvar2": 0.00153550342657,
        "max": 0.147497355938,
        "mean": 0.00864494405687,
        "median": 0.00042403160478,
        "min": 1.04827790892e-06,
        "var": 0.000467561214464
    },
    "spectral_energyband_high": {
        "dmean": 0.000131149150548,
        "dmean2": 0.000237606931478,
        "dvar": 3.56070870566e-07,
        "dvar2": 9.90224748421e-07,
        "max": 0.00580884562805,
        "mean": 8.60916843521e-05,
        "median": 2.06004472147e-07,
        "min": 3.39655095161e-08,
        "var": 2.17616687337e-07
    },
    "spectral_energyband_low": {
        "dmean": 3.04243314986e-07,
        "dmean2": 4.83102155613e-07,
        "dvar": 1.15910102697e-12,
        "dvar2": 1.25668019827e-12,
        "max": 1.74431497726e-05,
        "mean": 3.77393092776e-07,
        "median": 2.26051867003e-07,
        "min": 3.08721865849e-08,
        "var": 1.19646632012e-12
    },
    "spectral_energyband_middle_high": {
        "dmean": 0.00709216156974,
        "dmean2": 0.0125851528719,
        "dvar": 0.000408244348364,
        "dvar2": 0.00114734424278,
        "max": 0.131505548954,
        "mean": 0.00752261094749,
        "median": 0.000380389072234,
        "min": 1.48500006958e-07,
        "var": 0.000341822888004
    },
    "spectral_energyband_middle_low": {
        "dmean": 0.00316211418249,
        "dmean2": 0.00526358280331,
        "dvar": 7.75367589085e-05,
        "dvar2": 0.00020303936617,
        "max": 0.0494237244129,
        "mean": 0.00345317530446,
        "median": 8.74926481629e-05,
        "min": 6.53821189189e-07,
        "var": 7.52522828407e-05
    },
    "spectral_entropy": {
        "dmean": 0.334027647972,
        "dmean2": 0.511249363422,
        "dvar": 0.164906159043,
        "dvar2": 0.418481469154,
        "max": 8.14082813263,
        "mean": 6.12305498123,
        "median": 6.11151599884,
        "min": 3.88042593002,
        "var": 0.626648962498
    },
    "spectral_flux": {
        "dmean": 0.0246795397252,
        "dmean2": 0.0395741052926,
        "dvar": 0.00297731766477,
        "dvar2": 0.00672610336915,
        "max": 0.35546156764,
        "mean": 0.0351389981806,
        "median": 0.00957250688225,
        "min": 0.000731322157662,
        "var": 0.00410984968767
    },
    "spectral_kurtosis": {
        "dmean": 8.49112701416,
        "dmean2": 13.8499507904,
        "dvar": 83.444442749,
        "dvar2": 179.982254028,
        "max": 110.454086304,
        "mean": 26.0645160675,
        "median": 21.7819786072,
        "min": 0.673870325089,
        "var": 381.509307861
    },
    "spectral_rms": {
        "dmean": 0.000813040416688,
        "dmean2": 0.00132432370447,
        "dvar": 3.37709207088e-06,
        "dvar2": 8.4070752564e-06,
        "max": 0.0119958268479,
        "mean": 0.00171611609403,
        "median": 0.000643186911475,
        "min": 3.19798382407e-05,
        "var": 5.48903972231e-06
    },
    "spectral_rolloff": {
        "dmean": 279.76574707,
        "dmean2": 541.655212402,
        "dvar": 260176.984375,
        "dvar2": 747343.1875,
        "max": 3294.58007812,
        "mean": 1281.18444824,
        "median": 861.328125,
        "min": 387.59765625,
        "var": 331675.8125
    },
    "spectral_skewness": {
        "dmean": 0.694882333279,
        "dmean2": 1.1357319355,
        "dvar": 0.493058294058,
        "dvar2": 1.21621787548,
        "max": 8.50468635559,
        "mean": 3.34457993507,
        "median": 3.15768504143,
        "min": 0.912847936153,
        "var": 1.95734536648
    },
    "spectral_spread": {
        "dmean": 558127.125,
        "dmean2": 981067.875,
        "dvar": 1.91812049306e+12,
        "dvar2": 5.42914274918e+12,
        "max": 17725320,
        "mean": 2427406,
        "median": 2104581.5,
        "min": 883320.875,
        "var": 1.84163028173e+12
    },
    "spectral_strongpeak": {
        "dmean": 0.553275883198,
        "dmean2": 0.861447453499,
        "dvar": 1.12997627258,
        "dvar2": 2.54266405106,
        "max": 7.05681943893,
        "mean": 1.31201791763,
        "median": 0.613513112068,
        "min": 0.00151039427146,
        "var": 2.64709377289
    },
    "zerocrossingrate": {
        "dmean": 0.00593261700124,
        "dmean2": 0.00784454960376,
        "dvar": 5.76837301196e-05,
        "dvar2": 8.42380832182e-05,
        "max": 0.12255859375,
        "mean": 0.0561729222536,
        "median": 0.05078125,
        "min": 0.02294921875,
        "var": 0.000402966397814
    },
    "barkbands": {
        "dmean": [2.04366497059e-08, 5.05517370186e-08, 1.82279549676e-07, 1.99129004841e-07, 3.86268948205e-06, 0.000115751994599, 1.92893603526e-05, 0.000338693615049, 0.000263853318756, 0.00717024598271, 3.87950640288e-05, 8.53297206049e-06, 1.88365920621e-05, 0.000276013481198, 2.64117829829e-06, 2.63338142759e-06, 0.000152330772835, 7.32569924367e-06, 0.000133360634209, 1.09323291326e-05, 3.71235109924e-05, 2.61754448729e-05, 5.13429113198e-05, 1.13059595606e-05, 2.62167714027e-06, 2.08444262739e-07, 4.54611281953e-08],
        "dmean2": [2.16936353326e-08, 6.73363587111e-08, 3.08831744178e-07, 3.38477235573e-07, 6.87027613822e-06, 0.000199827176402, 3.5411947465e-05, 0.000639381178189, 0.000473486783449, 0.0126852989197, 6.60541845718e-05, 1.56300520757e-05, 3.47254099324e-05, 0.00033316219924, 4.79593791169e-06, 5.01585236634e-06, 0.000266384507995, 1.38702653203e-05, 0.00018884295423, 1.97100071091e-05, 6.26152686891e-05, 4.96380198456e-05, 9.42769911489e-05, 2.16415610339e-05, 4.87325860377e-06, 3.96554753479e-07, 8.51260537615e-08],
        "dvar": [9.12590315816e-14, 2.19312903341e-13, 1.13462218137e-13, 1.01241999268e-13, 1.04371566945e-10, 1.22934750379e-07, 5.09943287597e-09, 1.32128593577e-06, 5.38758229141e-07, 0.000414862006437, 1.50930041798e-08, 8.00447763627e-10, 7.24803284058e-09, 2.8533000318e-07, 9.04041563832e-11, 1.16006884654e-10, 3.41471007914e-07, 1.09241204971e-09, 2.31995045397e-07, 3.60854746084e-09, 2.73386788763e-08, 1.31575417228e-08, 9.28693140168e-08, 2.81470868835e-09, 1.44197376262e-10, 9.26707820724e-13, 5.17891800408e-14],
        "dvar2": [9.16293679386e-14, 2.19692455417e-13, 1.49927230461e-13, 1.74003240744e-13, 2.87973561663e-10, 3.24643139038e-07, 1.44848577577e-08, 3.5800128444e-06, 1.48220863139e-06, 0.0011684524361, 4.06611633252e-08, 2.24230101153e-09, 2.07970085597e-08, 4.04810521104e-07, 2.46585418751e-10, 3.35117184003e-10, 9.14559677767e-07, 3.14560844039e-09, 4.69708510309e-07, 1.04157633629e-08, 7.079995612e-08, 3.83149760808e-08, 2.65896886731e-07, 8.277839747e-09, 4.0801179102e-10, 2.70228804611e-12, 1.54168439625e-13],
        "max": [4.88282375954e-06, 7.59359954827e-06, 5.09494930157e-06, 4.27653958468e-06, 6.0532183852e-05, 0.00213290331885, 0.000548708194401, 0.00764553202316, 0.00471015181392, 0.133730873466, 0.000902732426766, 0.000190094157006, 0.000872779928613, 0.00559439603239, 7.14437483111e-05, 0.000102507779957, 0.00469508348033, 0.000328460941091, 0.00515469629318, 0.000654565752484, 0.00170985248405, 0.000856761238538, 0.00337757379748, 0.000533213664312, 0.0001076179542, 9.18312889553e-06, 2.44413217843e-06],
        "mean": [2.07480557179e-08, 5.56531816187e-08, 2.10190393091e-07, 2.34637084873e-07, 3.62114656127e-06, 9.51333058765e-05, 1.22346218632e-05, 0.000229525583563, 0.000215158521314, 0.00704739568755, 3.60341291525e-05, 6.08983282291e-06, 1.20072954815e-05, 0.00056830025278, 1.99014539248e-06, 1.88140495538e-06, 0.000159671646543, 4.5244314606e-06, 0.000162038501003, 6.82109475747e-06, 2.44663115154e-05, 1.57031663548e-05, 3.35236036335e-05, 6.68415987093e-06, 1.43904640026e-06, 1.16598705802e-07, 7.50762936264e-08],
        "median": [1.06821673729e-09, 2.03641672414e-08, 1.24552215652e-07, 1.60890351708e-07, 1.41440443713e-06, 1.76543392172e-06, 6.96277538736e-07, 3.64193715541e-06, 1.12055950012e-05, 0.000201389106223, 9.59491217145e-07, 1.89943534679e-07, 1.50325675463e-07, 8.26434697956e-05, 7.06875837864e-08, 6.81348097942e-08, 6.20009768681e-06, 3.76707873784e-08, 9.79305696092e-07, 6.67839259449e-08, 3.97633712623e-08, 1.59048703097e-08, 1.66294373827e-08, 1.64366265043e-09, 5.71537706051e-10, 8.49938119885e-10, 5.61918298558e-08],
        "min": [1.35789365863e-10, 2.8697405563e-10, 4.64395899513e-09, 7.67304975113e-09, 2.41607551743e-08, 1.21116258356e-07, 3.88700023279e-08, 1.48082390794e-08, 1.80288690643e-08, 2.09165342824e-08, 7.95038879176e-09, 9.45109057682e-09, 5.41637579232e-09, 5.56020562925e-09, 5.34920641115e-09, 8.07651812096e-09, 5.42720668406e-09, 2.66519006864e-09, 4.00043287385e-09, 3.10846970386e-09, 5.07591080279e-09, 2.5158519712e-09, 8.51999804041e-10, 3.52269324821e-10, 1.85599827174e-10, 3.50810991367e-10, 2.09198169898e-08],
        "var": [9.093572927e-14, 2.19030983671e-13, 1.26513911652e-13, 1.0914317681e-13, 7.43185651908e-11, 9.92930822008e-08, 2.88104939905e-09, 8.78064838616e-07, 4.38136709136e-07, 0.000334213924361, 1.3813746591e-08, 5.28073362815e-10, 4.18056256279e-09, 9.81252810561e-07, 6.50694290116e-11, 7.16505604847e-11, 3.11896712901e-07, 6.18435969102e-10, 3.73774184936e-07, 1.98172722676e-09, 1.63914730678e-08, 8.03359245793e-09, 5.46249481204e-08, 1.55707957639e-09, 7.70972660713e-11, 4.94544888981e-13, 2.66676617448e-14]
    },
    "erbbands": {
        "dmean": [1.29473107791e-06, 1.42315520861e-05, 0.000154789930093, 0.000451544445241, 0.00149930256885, 0.0167913101614, 0.266728341579, 1.21230089664, 0.485262721777, 2.39222574234, 7.16292953491, 11.300699234, 213.959030151, 67.9930648804, 2.68358492851, 0.506064534187, 0.955112636089, 7.154941082, 7.28234958649, 0.262167155743, 1.79372417927, 8.62326145172, 0.768249452114, 8.59537982941, 1.42671263218, 0.721288383007, 1.78453481197, 0.76356947422, 0.462913930416, 3.24762868881, 0.563974261284, 0.331132024527, 0.113035283983, 0.0565806031227, 0.0051235887222, 0.00125536345877, 0.000269725569524, 7.23629200365e-05, 9.74917202257e-06, 1.00641973404e-05],
        "dmean2": [1.47864943756e-06, 2.10084181163e-05, 0.00026519538369, 0.000760699098464, 0.0024661666248, 0.0289981458336, 0.448079645634, 2.1217019558, 0.823861658573, 4.39272403717, 13.3276968002, 19.795583725, 370.773498535, 124.227142334, 4.86498260498, 0.931943237782, 1.6982010603, 8.84992313385, 8.72245407104, 0.4072458148, 3.21189546585, 14.9261989594, 1.28856432438, 12.467004776, 2.04590249062, 1.26563978195, 3.07137537003, 1.30536270142, 0.851936817169, 6.1338019371, 1.05430829525, 0.632119119167, 0.215766504407, 0.106288291514, 0.00938447378576, 0.00237103621475, 0.000512142898515, 0.000140205316711, 1.74507058546e-05, 1.77611836989e-05],
        "dvar": [2.77371153823e-10, 9.44302236405e-09, 1.11945098524e-07, 6.22230288627e-07, 5.11790995006e-06, 0.00167916435748, 0.632830202579, 13.8623104095, 2.37828421593, 62.8496131897, 566.948181152, 983.222900391, 361350.9375, 38728.578125, 63.420124054, 2.78331756592, 14.9901418686, 189.277511597, 209.030761719, 0.435080707073, 52.6152954102, 1050.15087891, 8.20736408234, 989.524719238, 25.4188137054, 12.2361097336, 74.5294342041, 8.5250453949, 4.27988767624, 318.366699219, 11.0115947723, 2.31997871399, 0.32692655921, 0.0776157826185, 0.000511826772708, 3.3710966818e-05, 1.41669772802e-06, 1.3561722767e-07, 1.41538869514e-09, 8.00595034711e-10],
        "dvar2": [2.76744877015e-10, 9.50496037433e-09, 1.3302899049e-07, 9.48060289829e-07, 9.04291391635e-06, 0.00453611835837, 1.65718412399, 36.9953956604, 6.51863527298, 169.420730591, 1533.61657715, 2625.37744141, 1014941.0625, 108991.804688, 176.507995605, 7.89065217972, 42.8538169861, 268.322570801, 294.407897949, 1.05878162384, 139.282226562, 2837.64794922, 20.7641906738, 2009.44836426, 52.354347229, 34.569480896, 193.556945801, 21.920759201, 11.9289922714, 909.888671875, 31.8809242249, 6.81473207474, 0.959564328194, 0.22380886972, 0.00142598419916, 9.79054675554e-05, 4.11145265389e-06, 3.99635865733e-07, 4.04368361018e-09, 2.21071938533e-09],
        "max": [0.000270315504167, 0.00157980469521, 0.00528278527781, 0.0115158604458, 0.0293887425214, 0.26226785779, 6.034907341, 23.1910896301, 9.50714302063, 50.8603973389, 158.645782471, 189.099868774, 3791.71240234, 1327.31835938, 51.5770759583, 9.94665050507, 39.362739563, 154.982559204, 136.964706421, 5.34645700455, 56.8670158386, 267.643951416, 26.0045528412, 336.308349609, 50.9680595398, 36.671749115, 87.5991134644, 28.4580230713, 18.0403556824, 185.138076782, 36.7411079407, 14.9589319229, 5.99887132645, 2.756909132, 0.175517171621, 0.0538309551775, 0.0107410214841, 0.00376443983987, 0.00039022314013, 0.000181689014426],
        "mean": [1.425659093e-06, 1.67338348547e-05, 0.00017848778225, 0.000587730493862, 0.00209003663622, 0.01660040766, 0.207955226302, 0.990195572376, 0.371279746294, 1.68862175941, 4.92111635208, 11.1796760559, 215.472457886, 62.1464767456, 2.48927927017, 0.397441387177, 0.848165512085, 15.3807163239, 14.7047281265, 0.51780384779, 1.7519339323, 9.34193897247, 0.831602811813, 9.95181179047, 1.92895841599, 0.484388709068, 1.03671681881, 0.608197271824, 0.297418504953, 2.12755656242, 0.354463785887, 0.199274361134, 0.0649102851748, 0.0308804307133, 0.00292584835552, 0.00071582273813, 0.000151933170855, 4.18001400249e-05, 9.28305144043e-06, 1.19457454275e-05],
        "median": [2.50458555229e-07, 9.02666124603e-06, 0.000109992768557, 0.000399330165237, 0.00136643229052, 0.00648655276746, 0.00988336093724, 0.0147588150576, 0.0103984382004, 0.035814281553, 0.0969657301903, 0.567439854145, 5.50434112549, 2.29803371429, 0.0893065854907, 0.0158883929253, 0.0622043311596, 2.23351168633, 1.97880887985, 0.0722242370248, 0.066663198173, 0.353770136833, 0.0213622096926, 0.0668932422996, 0.00981263723224, 0.0054881144315, 0.00222202180885, 0.0012569235405, 0.000664506165776, 0.000886392546818, 0.000245476461714, 5.4682182963e-05, 2.265708099e-05, 8.66926347953e-06, 4.22946959588e-06, 2.7510648124e-06, 1.96210271497e-06, 1.29681257022e-06, 1.76592072876e-06, 2.13719249587e-06],
        "min": [2.52388723254e-08, 5.90152410496e-07, 8.89302100404e-06, 4.56708512502e-05, 5.32798439963e-05, 9.96290837065e-05, 0.000301830994431, 0.000909657042939, 0.000590072304476, 0.000706040358637, 0.000260227825493, 0.000436681555584, 0.000822288217023, 0.000830134667922, 0.000601691310294, 0.000462271884317, 0.000422736629844, 0.000279224419501, 0.00038337794831, 0.000301708903862, 0.000603983411565, 0.000392731191823, 0.00017838831991, 0.000134589150548, 0.000213179766433, 0.000130724307382, 0.000204136478715, 0.000162582888152, 9.67674641288e-05, 6.35818141745e-05, 2.0321824195e-05, 1.01667128547e-05, 4.08869163948e-06, 2.18311834033e-06, 1.25852386645e-06, 7.66301980093e-07, 6.55468340938e-07, 5.43006990483e-07, 8.03373211511e-07, 7.19000581739e-07],
        "var": [2.78301826029e-10, 9.45826350573e-09, 1.19415787481e-07, 7.13256611107e-07, 6.94751406627e-06, 0.00131326983683, 0.512793838978, 10.928276062, 1.65339255333, 43.6538543701, 380.607269287, 858.437133789, 300397.03125, 29999.3417969, 51.0325088501, 1.83905029297, 9.52377128601, 669.107421875, 723.47479248, 0.920553982258, 43.7670516968, 1000.33032227, 8.54748821259, 1475.25158691, 46.9907531738, 7.10919618607, 40.2183494568, 6.60490465164, 2.55324316025, 192.452209473, 6.22052907944, 1.31099510193, 0.174782365561, 0.0410028025508, 0.000275845028227, 1.82571639016e-05, 7.52954122163e-07, 7.16751955565e-08, 9.13968012384e-10, 6.8474464987e-10]
    },
    "gfcc": {
        "mean": [-315.342956543, 93.5877456665, -190.887374878, -44.3412971497, -62.2627944946, -27.1549320221, -18.1931591034, -12.5299863815, -4.13663101196, -30.1740989685, -25.3189563751, -16.7634410858, 1.18037080765],
        "cov": [[14906.0947266, -2523.87695312, -4765.76660156, -141.055603027, -2932.30883789, 270.947540283, -654.981384277, 880.333679199, 393.700408936, -84.7327270508, 804.334838867, 154.006835938, 166.071044922], [-2523.87695312, 847.333068848, 467.834564209, -250.779403687, 730.646606445, -43.8050918579, 177.713043213, -160.56300354, 37.4247512817, -32.9898643494, -189.994018555, -121.763679504, -20.1389484406], [-4765.76660156, 467.834564209, 2380.33105469, 253.051773071, 561.442687988, -39.3353805542, 201.795852661, -256.114501953, -304.772247314, 114.319213867, -228.506027222, 94.2410049438, 18.883972168], [-141.055603027, -250.779403687, 253.051773071, 489.67767334, -80.6683883667, -97.820640564, -92.3305740356, -24.7006835938, -53.0311355591, 29.5585727692, 75.4433441162, 67.2499923706, -53.6300964355], [-2932.30883789, 730.646606445, 561.442687988, -80.6683883667, 858.393615723, -56.703868866, 118.43699646, -198.802581787, 25.4686222076, -5.51869869232, -184.525512695, -109.794303894, -73.3480606079], [270.947540283, -43.8050918579, -39.3353805542, -97.820640564, -56.703868866, 134.972518921, 32.1270065308, 27.5379447937, 6.02498579025, 9.18849468231, -12.4658679962, -15.2935466766, 31.6422920227], [-654.981384277, 177.713043213, 201.795852661, -92.3305740356, 118.43699646, 32.1270065308, 150.601806641, 3.02554941177, -24.927318573, -27.1600227356, -60.3036193848, -22.0891246796, 28.1955184937], [880.333679199, -160.56300354, -256.114501953, -24.7006835938, -198.802581787, 27.5379447937, 3.02554941177, 120.211639404, 26.323972702, -25.7316226959, 32.383441925, 20.479095459, 14.5074157715], [393.700408936, 37.4247512817, -304.772247314, -53.0311355591, 25.4686222076, 6.02498579025, -24.927318573, 26.323972702, 102.030937195, -15.3951053619, 13.8369760513, -25.356262207, -20.7753448486], [-84.7327270508, -32.9898643494, 114.319213867, 29.5585727692, -5.51869869232, 9.18849468231, -27.1600227356, -25.7316226959, -15.3951053619, 69.4599227905, 13.658867836, -1.21691226959, -5.11395835876], [804.334838867, -189.994018555, -228.506027222, 75.4433441162, -184.525512695, -12.4658679962, -60.3036193848, 32.383441925, 13.8369760513, 13.658867836, 94.9241333008, 24.4461517334, -0.617641150951], [154.006835938, -121.763679504, 94.2410049438, 67.2499923706, -109.794303894, -15.2935466766, -22.0891246796, 20.479095459, -25.356262207, -1.21691226959, 24.4461517334, 70.6701202393, 18.4759616852], [166.071044922, -20.1389484406, 18.883972168, -53.6300964355, -73.3480606079, 31.6422920227, 28.1955184937, 14.5074157715, -20.7753448486, -5.11395835876, -0.617641150951, 18.4759616852, 64.4710464478]],
        "icov": [[0.00158673047554, -0.000722459284589, 0.00227418541908, -0.000330176175339, 0.00344728096388, -0.00149704923388, 0.00174930051435, -0.00181754748337, 0.000411948160036, -0.00138904724736, -0.000574504956603, -0.000809199293144, -0.000704113510437], [-0.000722459284589, 0.011903678067, -0.00304655521177, 0.00416141096503, -0.00750128459185, 0.00688577769324, -0.00447457656264, 0.00340785738081, -0.00733141740784, 0.00418453803286, -0.000133156849188, 0.00849901884794, -0.0052577177994], [0.00227418541908, -0.00304655521177, 0.00581413274631, -0.00217325123958, 0.0054033473134, -0.00360604422167, 0.000663770828396, -0.00114382931497, 0.00481442874297, -0.00623357528821, 0.00332254590467, -0.00747409462929, 0.000794422521722], [-0.000330176175339, 0.00416141096503, -0.00217325123958, 0.00571002764627, -0.00290042394772, 0.0034906999208, 2.89466734102e-05, 0.000629669521004, -0.00144571298733, 0.00304614659399, -0.00481643900275, 0.0022494320292, 0.00145445531234], [0.00344728096388, -0.00750128459185, 0.0054033473134, -0.00290042394772, 0.0158884786069, -0.00477708037943, 0.00299639813602, 0.000966689200141, -0.000375913601601, -0.00431090127677, 0.00451295776293, -0.00345524423756, 0.00424470193684], [-0.00149704923388, 0.00688577769324, -0.00360604422167, 0.0034906999208, -0.00477708037943, 0.0159899964929, -0.00485193682835, 0.00159136054572, -0.00649889372289, -0.00020408371347, 0.00282267760485, 0.00898636225611, -0.00621038861573], [0.00174930051435, -0.00447457656264, 0.000663770828396, 2.89466734102e-05, 0.00299639813602, -0.00485193682835, 0.0198626797646, -0.0112238153815, 0.00558001967147, 0.004992287606, -0.00354941538535, 0.00547819538042, -0.00585467880592], [-0.00181754748337, 0.00340785738081, -0.00114382931497, 0.000629669521004, 0.000966689200141, 0.00159136054572, -0.0112238153815, 0.0261602811515, -0.00776256015524, 0.00339146424085, 0.00696119200438, -0.0049802986905, 0.00520737515762], [0.000411948160036, -0.00733141740784, 0.00481442874297, -0.00144571298733, -0.000375913601601, -0.00649889372289, 0.00558001967147, -0.00776256015524, 0.0277325380594, -0.00315796001814, -0.00238446728326, -0.00767133990303, 0.00696603488177], [-0.00138904724736, 0.00418453803286, -0.00623357528821, 0.00304614659399, -0.00431090127677, -0.00020408371347, 0.004992287606, 0.00339146424085, -0.00315796001814, 0.0280653368682, -0.010544824414, 0.0127606242895, -0.00105517206248], [-0.000574504956603, -0.000133156849188, 0.00332254590467, -0.00481643900275, 0.00451295776293, 0.00282267760485, -0.00354941538535, 0.00696119200438, -0.00238446728326, -0.010544824414, 0.0353889428079, -0.00792118906975, 0.0011976355454], [-0.000809199293144, 0.00849901884794, -0.00747409462929, 0.0022494320292, -0.00345524423756, 0.00898636225611, 0.00547819538042, -0.0049802986905, -0.00767133990303, 0.0127606242895, -0.00792118906975, 0.0420919731259, -0.0144153041765], [-0.000704113510437, -0.0052577177994, 0.000794422521722, 0.00145445531234, 0.00424470193684, -0.00621038861573, -0.00585467880592, 0.00520737515762, 0.00696603488177, -0.00105517206248, 0.0011976355454, -0.0144153041765, 0.032228924334]]
    },
    "melbands": {
        "dmean": [1.31900534939e-08, 5.95373492729e-08, 8.88643754138e-08, 3.4075583244e-07, 7.75819444243e-06, 2.52275040111e-05, 6.41493534204e-06, 4.12995250372e-05, 5.02732546011e-05, 5.00952883158e-05, 0.00113486323971, 0.000368532142602, 3.84559825761e-06, 1.02259093637e-06, 1.06820448309e-06, 2.41282691604e-06, 1.86150518857e-05, 1.88324756891e-05, 1.65491158555e-07, 1.62376906587e-07, 2.60502429228e-06, 1.2576332665e-05, 4.09871546481e-07, 4.35811671196e-07, 8.45722570375e-06, 2.16320268009e-06, 2.9193617479e-07, 4.37583850044e-07, 9.04879073005e-07, 1.14097963433e-06, 2.20108105964e-07, 1.20045598351e-07, 8.4092397401e-07, 2.08384085454e-06, 2.42760364699e-07, 8.12736402622e-08, 2.70132233027e-07, 5.87000812402e-08, 7.3444986981e-08, 3.74795412483e-08],
        "dmean2": [1.59397171018e-08, 1.00054954544e-07, 1.479274232e-07, 5.9023295762e-07, 1.30037024064e-05, 4.39681680291e-05, 1.08264503069e-05, 7.75572334533e-05, 9.25739950617e-05, 8.60504515003e-05, 0.00197135494091, 0.000680129043758, 6.8727940743e-06, 1.89773948023e-06, 1.96944893105e-06, 4.43280077889e-06, 2.29736997426e-05, 2.24526993406e-05, 3.12434110583e-07, 3.115857794e-07, 4.68859479952e-06, 2.17371270992e-05, 7.38080018436e-07, 8.26686118671e-07, 1.22948686112e-05, 2.81350207842e-06, 5.53758127353e-07, 7.69645680521e-07, 1.59123453614e-06, 1.92085849449e-06, 3.80274940426e-07, 2.1658141236e-07, 1.60259776294e-06, 3.82625967177e-06, 4.52832949804e-07, 1.51879476107e-07, 5.16630962011e-07, 1.1200853578e-07, 1.38801141247e-07, 7.04327547396e-08],
        "dvar": [2.42195044402e-14, 2.5733641902e-14, 2.75103392486e-14, 3.99609951249e-13, 5.30942345645e-10, 5.95924198876e-09, 4.30954855135e-10, 1.964559182e-08, 2.69642743689e-08, 1.88001259005e-08, 1.01963059933e-05, 1.14613578717e-06, 1.64166832906e-10, 1.13129384333e-11, 1.73288293437e-11, 1.01468659863e-10, 1.28542765321e-09, 1.39124523013e-09, 3.5178809735e-13, 4.87705145366e-13, 1.23669838259e-10, 2.25168483858e-09, 3.25642117438e-12, 3.46654996375e-12, 9.62063095855e-10, 5.92586604786e-11, 4.02479265194e-12, 4.56995509143e-12, 2.01169740588e-11, 2.40620665753e-11, 6.7635209499e-13, 2.70188548184e-13, 1.70714380132e-11, 1.31886224164e-10, 2.33591965215e-12, 1.68505197317e-13, 1.48730496235e-12, 8.67301225955e-14, 1.39935805998e-13, 3.52119185589e-14],
        "dvar2": [2.42600061676e-14, 2.87993370471e-14, 4.22065980527e-14, 1.02511684037e-12, 1.3865761872e-09, 1.58424668939e-08, 1.18841148034e-09, 5.31996278141e-08, 7.24360731397e-08, 4.90627840577e-08, 2.86833655991e-05, 3.25227438225e-06, 4.54504711644e-10, 3.13382965411e-11, 4.94286209185e-11, 2.88961021777e-10, 1.82915615987e-09, 1.97581284667e-09, 9.83323990809e-13, 1.41478473902e-12, 3.24081150804e-10, 6.05948091703e-09, 9.74748580462e-12, 9.92607298439e-12, 1.95789051638e-09, 1.15093698461e-10, 1.19269091131e-11, 1.29000213289e-11, 5.23765961158e-11, 6.23570778346e-11, 1.75473513758e-12, 7.37824515026e-13, 4.97181774917e-11, 3.73980041379e-10, 6.86171258701e-12, 4.90068272421e-13, 4.37140167814e-12, 2.54104192115e-13, 4.06090878155e-13, 1.01625610325e-13],
        "max": [2.52024824476e-06, 2.56861153503e-06, 2.39510472966e-06, 4.36742175225e-06, 0.000176370493136, 0.000475437002024, 0.000136717921123, 0.000917247089092, 0.00108757859562, 0.000780388247222, 0.0203503631055, 0.00732933264226, 9.01490420802e-05, 1.80855004146e-05, 3.98204392695e-05, 9.68532403931e-05, 0.00040007015923, 0.000358560530003, 3.59610703526e-06, 6.6223410613e-06, 8.21050343802e-05, 0.000396724673919, 1.90925893548e-05, 1.80062434083e-05, 0.000331932882546, 8.3421182353e-05, 2.25188468903e-05, 2.24396444537e-05, 4.48684331786e-05, 4.99421439599e-05, 7.08677862349e-06, 4.06303297495e-06, 3.77860997105e-05, 0.000122109937365, 1.71140654857e-05, 4.15548811361e-06, 1.15535240184e-05, 3.04885224978e-06, 3.75977674594e-06, 1.86238787592e-06],
        "mean": [1.43713130285e-08, 6.95581192645e-08, 1.234355409e-07, 4.47441294682e-07, 6.08755226494e-06, 2.07150042115e-05, 4.90270213049e-06, 2.84153120447e-05, 3.44457221217e-05, 4.62415118818e-05, 0.00113714381587, 0.000326602923451, 3.48673916051e-06, 7.43501686884e-07, 7.14236875865e-07, 1.53403743752e-06, 3.92022011511e-05, 3.77847682103e-05, 1.206353204e-07, 1.09198602161e-07, 2.2255062504e-06, 1.35137606776e-05, 3.45818193637e-07, 2.71764378112e-07, 9.71847839537e-06, 3.14930366585e-06, 1.69953850104e-07, 2.81922524437e-07, 4.92869617119e-07, 7.81933579219e-07, 1.89043021237e-07, 7.66249144135e-08, 5.05072364376e-07, 1.38605730626e-06, 1.41985381674e-07, 4.71138328351e-08, 1.62936075299e-07, 3.36809158341e-08, 4.00144770651e-08, 2.04613694876e-08],
        "median": [3.55872309399e-09, 4.23999679811e-08, 9.24617893361e-08, 2.69512895557e-07, 3.90168708009e-07, 3.2325320376e-07, 1.42376961776e-07, 4.42556398639e-07, 6.4954122081e-07, 2.28619001064e-06, 2.92715340038e-05, 1.2439692e-05, 9.68364588516e-08, 2.00121714755e-08, 2.24494307588e-08, 1.97488017051e-08, 5.69457506572e-06, 5.23382050233e-06, 4.48060522018e-09, 4.03762800971e-09, 7.5693193935e-08, 5.18878664479e-07, 5.20873433274e-09, 2.03092187512e-09, 6.29809235875e-08, 9.75334479847e-09, 1.02591979356e-09, 3.08540792915e-09, 8.46404057953e-10, 1.19557552747e-09, 4.28366619953e-10, 3.41504075019e-10, 3.2821403928e-10, 5.99356453357e-10, 1.01500058358e-10, 4.75148496937e-11, 2.6611313847e-11, 1.6130955946e-11, 1.01048466469e-11, 5.9351807323e-12],
        "min": [8.33934865607e-11, 3.45196893292e-09, 1.25761570047e-08, 4.19330081769e-09, 9.58270884865e-09, 1.96925853402e-08, 7.62748531002e-09, 5.43842615386e-09, 1.70118819032e-09, 2.42392150795e-09, 4.54420323592e-09, 2.75105560554e-09, 1.08446129854e-09, 9.63403024024e-10, 7.18632764407e-10, 7.23329340868e-10, 4.90064377967e-10, 6.07522032681e-10, 4.94669250006e-10, 4.15739082049e-10, 6.71149469333e-10, 3.40474815008e-10, 2.38675967879e-10, 9.73016112127e-11, 9.65338503578e-11, 1.56705648457e-10, 7.05461869477e-11, 6.06357117294e-11, 1.10075885906e-10, 1.08524439435e-10, 8.46420503131e-11, 4.981115867e-11, 3.7281840809e-11, 2.75071077027e-11, 1.18998422227e-11, 7.33638410438e-12, 4.97884936404e-12, 2.55609509253e-12, 2.52256917611e-12, 1.5126137105e-12],
        "var": [2.4167696517e-14, 2.67088732858e-14, 2.88325915606e-14, 4.06677485741e-13, 4.33181962523e-10, 4.73375338927e-09, 2.93385093997e-10, 1.3213575123e-08, 1.84412680682e-08, 1.68417884083e-08, 8.41874953039e-06, 8.64268940859e-07, 1.37204025918e-10, 7.79078451058e-12, 1.04635224096e-11, 5.92679308409e-11, 4.42842784665e-09, 4.72275152319e-09, 2.34035555692e-13, 2.8193677319e-13, 9.47304734655e-11, 2.13097894886e-09, 2.11452253276e-12, 2.02250109022e-12, 1.41678746512e-09, 1.28844448999e-10, 2.07413556816e-12, 2.64078364211e-12, 1.05232584799e-11, 1.5025220651e-11, 5.82268499909e-13, 1.54493036203e-13, 9.95719305619e-12, 8.11536740586e-11, 1.25445227123e-12, 8.98417421729e-14, 8.4871741796e-13, 4.65028677458e-14, 7.37223324922e-14, 1.85368908401e-14]
    },
    "mfcc": {
        "mean": [-934.30065918, 107.196388245, -29.554769516, -32.3932762146, -33.1441421509, -28.1745204926, -20.0460033417, 0.965224504471, 3.73351383209, 6.91617965698, -4.82503318787, -30.8338718414, -33.9506645203],
        "cov": [[12192.6162109, -290.626281738, -3238.30737305, -801.17376709, -2178.04003906, -1047.2635498, -895.95513916, 132.538223267, -528.971252441, -0.755107700825, 388.186340332, -94.7364425659, -139.068191528], [-290.626281738, 583.790344238, -322.11038208, -213.722640991, 60.3070640564, -22.9428710938, 10.425412178, 17.7721786499, 112.838607788, 131.721572876, 66.2591552734, -144.567871094, -174.411178589], [-3238.30737305, -322.11038208, 1449.48901367, 347.803222656, 518.29498291, 344.12210083, 255.8775177, -85.1598892212, 108.623191833, -95.2119827271, -218.766876221, 151.178756714, 170.164779663], [-801.17376709, -213.722640991, 347.803222656, 330.59463501, 157.382461548, 95.165512085, 52.6282081604, -10.1186466217, -56.6316452026, -95.6614151001, -36.7628097534, 84.2240905762, 119.004188538], [-2178.04003906, 60.3070640564, 518.29498291, 157.382461548, 493.530670166, 195.484069824, 154.828384399, -26.3105049133, 79.308807373, -0.994636178017, -36.7116165161, 36.5102882385, 21.5959205627], [-1047.2635498, -22.9428710938, 344.12210083, 95.165512085, 195.484069824, 159.304992676, 88.2012939453, -23.8107471466, 38.6912841797, -6.67878437042, -40.7309417725, 22.7649383545, 22.8273658752], [-895.95513916, 10.425412178, 255.8775177, 52.6282081604, 154.828384399, 88.2012939453, 128.138183594, 0.826048851013, 49.698677063, 15.7976751328, -45.3007583618, 0.495510756969, 17.127204895], [132.538223267, 17.7721786499, -85.1598892212, -10.1186466217, -26.3105049133, -23.8107471466, 0.826048851013, 62.5039596558, 23.7593231201, 16.5181598663, 8.24848747253, -15.0165052414, -8.95774459839], [-528.971252441, 112.838607788, 108.623191833, -56.6316452026, 79.308807373, 38.6912841797, 49.698677063, 23.7593231201, 118.594528198, 56.7290306091, -29.2389030457, -25.1998462677, -36.9041938782], [-0.755107700825, 131.721572876, -95.2119827271, -95.6614151001, -0.994636178017, -6.67878437042, 15.7976751328, 16.5181598663, 56.7290306091, 86.1419372559, 31.0789871216, -49.9928283691, -60.2118988037], [388.186340332, 66.2591552734, -218.766876221, -36.7628097534, -36.7116165161, -40.7309417725, -45.3007583618, 8.24848747253, -29.2389030457, 31.0789871216, 86.9231033325, -18.0653686523, -39.1296043396], [-94.7364425659, -144.567871094, 151.178756714, 84.2240905762, 36.5102882385, 22.7649383545, 0.495510756969, -15.0165052414, -25.1998462677, -49.9928283691, -18.0653686523, 87.0017623901, 67.0345230103], [-139.068191528, -174.411178589, 170.164779663, 119.004188538, 21.5959205627, 22.8273658752, 17.127204895, -8.95774459839, -36.9041938782, -60.2118988037, -39.1296043396, 67.0345230103, 111.213249207]],
