{
"lowlevel": {
    "average_loudness": 0.986635327339,
    "barkbands_crest": {
        "dmean": 2.05751299858,
        "dmean2": 3.40692281723,
        "dvar": 2.47861146927,
        "dvar2": 7.29563331604,
        "max": 19.1306667328,
        "mean": 11.7766084671,
        "median": 11.3623313904,
        "min": 6.31543111801,
        "var": 6.39064884186
    },
    "barkbands_flatness_db": {
        "dmean": 0.0128837004304,
        "dmean2": 0.0220601186156,
        "dvar": 0.000113619295007,
        "dvar2": 0.000304615648929,
        "max": 0.249355241656,
        "mean": 0.188753679395,
        "median": 0.187150448561,
        "min": 0.1139414832,
        "var": 0.000430942338426
    },
    "barkbands_kurtosis": {
        "dmean": 0.594961643219,
        "dmean2": 0.988094627857,
        "dvar": 0.457054167986,
        "dvar2": 1.22945332527,
        "max": 4.78076553345,
        "mean": -0.561114013195,
        "median": -1.00752770901,
        "min": -1.7749209404,
        "var": 1.50307285786
    },
    "barkbands_skewness": {
        "dmean": 0.300176382065,
        "dmean2": 0.489682078362,
        "dvar": 0.0527579598129,
        "dvar2": 0.126218810678,
        "max": 2.17779946327,
        "mean": 0.753318667412,
        "median": 0.699036061764,
        "min": -0.340106099844,
        "var": 0.280591130257
    },
    "barkbands_spread": {
        "dmean": 3.3458366394,
        "dmean2": 5.81107902527,
        "dvar": 6.52150154114,
        "dvar2": 18.1511287689,
        "max": 41.3911132812,
        "mean": 27.807138443,
        "median": 28.7931480408,
        "min": 10.4096689224,
        "var": 31.1017017365
    },
    "dissonance": {
        "dmean": 0.0130459517241,
        "dmean2": 0.0229410305619,
        "dvar": 0.000167008154676,
        "dvar2": 0.000453424203442,
        "max": 0.498473495245,
        "mean": 0.478194624186,
        "median": 0.481452047825,
        "min": 0.423306971788,
        "var": 0.000193484956981
    },
    "dynamic_complexity": 0.8146276474,
    "erbbands_crest": {
        "dmean": 1.48364317417,
        "dmean2": 2.27925658226,
        "dvar": 1.42350721359,
        "dvar2": 3.65083599091,
        "max": 18.0701313019,
        "mean": 10.3370094299,
        "median": 9.92859840393,
        "min": 4.43892049789,
        "var": 8.59828472137
    },
    "erbbands_flatness_db": {
        "dmean": 0.0107301734388,
        "dmean2": 0.0157239940017,
        "dvar": 7.45203869883e-05,
        "dvar2": 0.000150973835844,
        "max": 0.297627359629,
        "mean": 0.229412823915,
        "median": 0.228994041681,
        "min": 0.16709651053,
        "var": 0.000586462731007
    },
    "erbbands_kurtosis": {
        "dmean": 1.06735110283,
        "dmean2": 1.75967872143,
        "dvar": 1.09519910812,
        "dvar2": 2.91783928871,
        "max": 8.81719684601,
        "mean": 1.25296580791,
        "median": 0.887486219406,
        "min": -1.62280201912,
        "var": 3.77088880539
    },
    "erbbands_skewness": {
        "dmean": 0.283247381449,
        "dmean2": 0.422406822443,
        "dvar": 0.046908006072,
        "dvar2": 0.0985325872898,
        "max": 0.254599839449,
        "mean": -0.970850169659,
        "median": -0.931642472744,
        "min": -2.20320868492,
        "var": 0.276065558195
    },
    "erbbands_spread": {
        "dmean": 4.47515487671,
        "dmean2": 7.53415441513,
        "dvar": 13.7184209824,
        "dvar2": 36.1008987427,
        "max": 55.9035415649,
        "mean": 24.1996765137,
        "median": 23.0499801636,
        "min": 8.9006280899,
        "var": 81.0448379517
    },
    "hfc": {
        "dmean": 5.80160188675,
        "dmean2": 8.180727005,
        "dvar": 27.3618469238,
        "dvar2": 55.0777015686,
        "max": 77.0501174927,
        "mean": 36.7520713806,
        "median": 35.7586174011,
        "min": 8.40850925446,
        "var": 170.076843262
    },
    "melbands_crest": {
        "dmean": 2.57209706306,
        "dmean2": 4.39285326004,
        "dvar": 3.60410737991,
        "dvar2": 10.7616386414,
        "max": 25.3949813843,
        "mean": 16.2354698181,
        "median": 16.0975723267,
        "min": 8.9362859726,
        "var": 8.1096944809
    },
    "melbands_flatness_db": {
        "dmean": 0.0158124528825,
        "dmean2": 0.0272391624749,
        "dvar": 0.000136703296448,
        "dvar2": 0.000407836691011,
        "max": 0.326554149389,
        "mean": 0.257032603025,
        "median": 0.255612313747,
        "min": 0.196169093251,
        "var": 0.000445442798082
    },
    "melbands_kurtosis": {
        "dmean": 1.93369781971,
        "dmean2": 3.19141435623,
        "dvar": 3.17592263222,
        "dvar2": 8.28866767883,
        "max": 17.490026474,
        "mean": 3.30942130089,
        "median": 2.40660953522,
        "min": -1.3108445406,
        "var": 12.1208496094
    },
    "melbands_skewness": {
        "dmean": 0.39898237586,
        "dmean2": 0.651312410831,
        "dvar": 0.0879450291395,
        "dvar2": 0.210245668888,
        "max": 3.80996537209,
        "mean": 1.91723132133,
        "median": 1.84341931343,
        "min": 0.586494088173,
        "var": 0.420242577791
    },
    "melbands_spread": {
        "dmean": 5.81891345978,
        "dmean2": 9.61470794678,
        "dvar": 20.9574718475,
        "dvar2": 53.8893699646,
        "max": 54.6029167175,
        "mean": 31.2984218597,
        "median": 31.1809997559,
        "min": 9.98597812653,
        "var": 102.601730347
    },
    "pitch_salience": {
        "dmean": 0.0377935506403,
        "dmean2": 0.0650976598263,
        "dvar": 0.00112395605538,
        "dvar2": 0.00326221133582,
        "max": 0.573657214642,
        "mean": 0.404005885124,
        "median": 0.399210453033,
        "min": 0.272770822048,
        "var": 0.00180861214176
    },
    "silence_rate_20dB": {
        "dmean": 0,
        "dmean2": 0,
        "dvar": 0,
        "dvar2": 0,
        "max": 1,
        "mean": 1,
        "median": 1,
        "min": 1,
        "var": 0
    },
    "silence_rate_30dB": {
        "dmean": 0,
        "dmean2": 0,
        "dvar": 0,
        "dvar2": 0,
        "max": 1,
        "mean": 1,
        "median": 1,
        "min": 1,
        "var": 0
    },
    "silence_rate_60dB": {
        "dmean": 0,
        "dmean2": 0,
        "dvar": 0,
        "dvar2": 0,
        "max": 0,
        "mean": 0,
        "median": 0,
        "min": 0,
        "var": 0
    },
    "spectral_centroid": {
        "dmean": 185.065155029,
        "dmean2": 322.308288574,
        "dvar": 17912.0917969,
        "dvar2": 53315.2695312,
        "max": 2312.89819336,
        "mean": 1415.36816406,
        "median": 1431.10644531,
        "min": 560.327636719,
        "var": 89954.09375
    },
    "spectral_complexity": {
        "dmean": 1.99696052074,
        "dmean2": 3.27743911743,
        "dvar": 2.20363759995,
        "dvar2": 5.95656585693,
        "max": 30,
        "mean": 22.5575752258,
        "median": 22,
        "min": 14,
        "var": 8.61637210846
    },
    "spectral_decrease": {
        "dmean": 2.11722994692e-09,
        "dmean2": 3.62404217746e-09,
        "dvar": 2.65092030297e-18,
        "dvar2": 6.53563342912e-18,
        "max": -2.95941293693e-09,
        "mean": -1.33768836008e-08,
        "median": -1.37442857095e-08,
        "min": -1.96140454989e-08,
        "var": 8.01216074869e-18
    },
    "spectral_energy": {
        "dmean": 0.00823936145753,
        "dmean2": 0.0140371508896,
        "dvar": 4.09592648793e-05,
        "dvar2": 9.83853678918e-05,
        "max": 0.0795379504561,
        "mean": 0.0538208708167,
        "median": 0.0555804893374,
        "min": 0.0119321942329,
        "var": 0.000131417342345
    },
    "spectral_energyband_high": {
        "dmean": 5.97934558755e-05,
        "dmean2": 0.00010858089081,
        "dvar": 3.01142510928e-09,
        "dvar2": 9.20704490426e-09,
        "max": 0.000546493916772,
        "mean": 0.000187723228009,
        "median": 0.000171256193426,
        "min": 4.58020585938e-05,
        "var": 7.85304887785e-09
    },
    "spectral_energyband_low": {
        "dmean": 0.00615972373635,
        "dmean2": 0.0105885351077,
        "dvar": 2.15444251808e-05,
        "dvar2": 6.20900391368e-05,
        "max": 0.0429705828428,
        "mean": 0.0206903424114,
        "median": 0.0201982371509,
        "min": 0.00446163490415,
        "var": 5.9594756749e-05
    },
    "spectral_energyband_middle_high": {
        "dmean": 0.00309742661193,
        "dmean2": 0.00435357354581,
        "dvar": 8.44291298563e-06,
        "dvar2": 1.63588010764e-05,
        "max": 0.0370990522206,
        "mean": 0.0160067491233,
        "median": 0.014956748113,
        "min": 0.00379988108762,
        "var": 5.75200392632e-05
    },
    "spectral_energyband_middle_low": {
        "dmean": 0.00622757757083,
        "dmean2": 0.0109964916483,
        "dvar": 2.58758554992e-05,
        "dvar2": 8.19832494017e-05,
        "max": 0.054634988308,
        "mean": 0.0170222800225,
        "median": 0.0147308632731,
        "min": 0.00381382508203,
        "var": 7.88444885984e-05
    },
    "spectral_entropy": {
        "dmean": 0.0978958830237,
        "dmean2": 0.164712771773,
        "dvar": 0.00594877125695,
        "dvar2": 0.0156032806262,
        "max": 7.66137552261,
        "mean": 7.02478122711,
        "median": 7.03835630417,
        "min": 6.50461339951,
        "var": 0.0310917776078
    },
    "spectral_flux": {
        "dmean": 0.0165722016245,
        "dmean2": 0.026744754985,
        "dvar": 0.000160714174854,
        "dvar2": 0.000432727072621,
        "max": 0.13504947722,
        "mean": 0.0720781981945,
        "median": 0.0708050727844,
        "min": 0.0317321531475,
        "var": 0.000301898107864
    },
    "spectral_kurtosis": {
        "dmean": 3.80306124687,
        "dmean2": 6.837059021,
        "dvar": 8.97360229492,
        "dvar2": 27.3133239746,
        "max": 21.3381195068,
        "mean": 7.69644737244,
        "median": 6.96401643753,
        "min": 2.43353700638,
        "var": 11.7985343933
    },
    "spectral_rms": {
        "dmean": 0.00056687684264,
        "dmean2": 0.000968156498857,
        "dvar": 2.09815567587e-07,
        "dvar2": 4.87185673137e-07,
        "max": 0.008808972314,
        "mean": 0.00719997612759,
        "median": 0.00736375385895,
        "min": 0.00341191515326,
        "var": 6.68544487326e-07
    },
    "spectral_rolloff": {
        "dmean": 142.61630249,
        "dmean2": 263.190429688,
        "dvar": 73302.6484375,
        "dvar2": 188317.078125,
        "max": 2325.5859375,
        "mean": 1540.14794922,
        "median": 1636.5234375,
        "min": 258.3984375,
        "var": 122703.664062
    },
    "spectral_skewness": {
        "dmean": 0.349042832851,
        "dmean2": 0.626369476318,
        "dvar": 0.079949259758,
        "dvar2": 0.222002193332,
        "max": 3.38159894943,
        "mean": 1.54823863506,
        "median": 1.50002408028,
        "min": 0.936642229557,
        "var": 0.106088340282
    },
    "spectral_spread": {
        "dmean": 183612.796875,
        "dmean2": 320662.40625,
        "dvar": 26529722368,
        "dvar2": 62838734848,
        "max": 4096374.75,
        "mean": 2457579,
        "median": 2437937.5,
        "min": 1929947,
        "var": 48806567936
    },
    "spectral_strongpeak": {
        "dmean": 1.05027866364,
        "dmean2": 1.98148739338,
        "dvar": 6.81176185608,
        "dvar2": 16.4854736328,
        "max": 11.2825174332,
        "mean": 1.41658496857,
        "median": 0.346760094166,
        "min": 0.0547994337976,
        "var": 7.49473619461
    },
    "zerocrossingrate": {
        "dmean": 0.00373705825768,
        "dmean2": 0.00489174434915,
        "dvar": 1.00458246379e-05,
        "dvar2": 1.52252741827e-05,
        "max": 0.0654296875,
        "mean": 0.0466959625483,
        "median": 0.046875,
        "min": 0.021484375,
        "var": 6.30310969427e-05
    },
    "barkbands": {
        "dmean": [6.37848861516e-05, 0.00607356475666, 0.000419755873736, 0.000214889922063, 0.00578642217442, 0.000151976171765, 0.000142755277921, 6.72288879286e-05, 0.00169691257179, 0.000186361357919, 0.000212146172998, 0.000195444939891, 0.000125199236209, 0.00264780200087, 0.000667751359288, 0.000227806594921, 0.000319451355608, 0.000263281515799, 0.00013552607561, 5.73788784095e-05, 3.21017250826e-05, 5.81956601309e-06, 6.95807511875e-06, 5.96107440742e-07, 3.55685131126e-07, 1.26426911606e-07, 9.4091028302e-08],
        "dmean2": [0.000103762773506, 0.0104694189504, 0.000804337032605, 0.00037808745401, 0.0105343349278, 0.000203468764084, 0.0002377260098, 9.66586230788e-05, 0.00242543336935, 0.000354494230123, 0.000338021462085, 0.000327971269144, 0.000223896102398, 0.00357933016494, 0.000943843973801, 0.000375864852685, 0.000505906296894, 0.000375490140868, 0.000189329264686, 9.80471741059e-05, 5.12979240739e-05, 8.96760775504e-06, 1.35085711008e-05, 1.01260945939e-06, 5.92144033362e-07, 1.93103531387e-07, 1.40315648878e-07],
        "dvar": [2.73471134626e-09, 2.12634568015e-05, 1.0697554842e-07, 3.59413974138e-08, 2.47663920163e-05, 2.55329108967e-08, 1.52977754908e-08, 3.19082538169e-09, 3.07014511236e-06, 3.22218447479e-08, 3.6871881548e-08, 3.77378945871e-08, 1.62149227378e-08, 6.33181298326e-06, 5.67327447243e-07, 4.45538574922e-08, 8.89794549153e-08, 5.29008516992e-08, 2.56870933413e-08, 3.21189652652e-09, 9.51744127953e-10, 2.92219651254e-11, 4.60401404501e-11, 4.85524977428e-13, 2.13966553351e-13, 8.84888272682e-14, 7.20669997203e-14],
        "dvar2": [7.26606153023e-09, 6.02950494795e-05, 2.93106296567e-07, 9.74610188109e-08, 7.76381930336e-05, 4.16680308035e-08, 3.78317359662e-08, 6.55940324279e-09, 6.14459077042e-06, 1.09664654246e-07, 8.20621295361e-08, 1.01338905267e-07, 5.34446868983e-08, 1.21720158859e-05, 1.11427596039e-06, 1.23919591033e-07, 1.90832381008e-07, 1.17065908967e-07, 3.99748216751e-08, 9.26591070538e-09, 2.31480967727e-09, 6.96896776398e-11, 1.48594331284e-10, 1.15092863625e-12, 4.34342123899e-13, 1.1802910808e-13, 7.80301319977e-14],
        "max": [0.000442967284471, 0.0422956198454, 0.00283330469392, 0.00126151833683, 0.0509122386575, 0.00408797012642, 0.00118710310198, 0.00103056861553, 0.013986909762, 0.00127254612744, 0.00223795045167, 0.001473031356, 0.00119197776075, 0.0284643229097, 0.0118383932859, 0.00241778977215, 0.00403662538156, 0.00367515999824, 0.00206654216163, 0.000458433409221, 0.000434336747276, 6.04417364229e-05, 6.10451679677e-05, 7.65839558881e-06, 6.1425939748e-06, 4.91473838338e-06, 5.29865019416e-06],
        "mean": [0.000102273668745, 0.0200377963483, 0.000482413859572, 0.000276945938822, 0.0120849078521, 0.00064849795308, 0.0002448609157, 0.000218338565901, 0.00342714576982, 0.000334306678269, 0.000652796821669, 0.00030792405596, 0.000290969881462, 0.00925922207534, 0.00221942202188, 0.00074456987204, 0.00108758429997, 0.000759974645916, 0.000382892554626, 0.000120372977108, 0.000105496088509, 1.94258464035e-05, 9.13156600291e-06, 1.55446173267e-06, 9.5631116892e-07, 2.44219137358e-07, 6.09081951097e-07],
        "median": [8.76428530319e-05, 0.0195907838643, 0.000409967498854, 0.00021355280478, 0.00935584213585, 0.000253002915997, 0.000184023898328, 0.000171882042196, 0.00251703802496, 0.000268842704827, 0.00056426395895, 0.00023865464027, 0.000240004999796, 0.00725892186165, 0.00167768565007, 0.000616923207417, 0.000840789289214, 0.000648680143058, 0.000299448205624, 9.91224660538e-05, 9.05201741261e-05, 1.72074542206e-05, 7.30500687496e-06, 1.33466721763e-06, 8.46928230658e-07, 1.79551591373e-07, 5.92530625454e-07],
        "min": [3.13885698233e-06, 0.00339353806339, 5.06964624947e-06, 4.85688769913e-06, 0.000203257921385, 1.37075885505e-05, 7.56777080824e-06, 1.02256799437e-05, 6.25578177278e-05, 1.48834224092e-05, 4.23009660153e-05, 1.52988814079e-05, 1.66293448274e-05, 2.53454672929e-05, 0.000160784373293, 8.41171204229e-05, 9.49776585912e-05, 4.88448240503e-05, 4.79664377053e-05, 2.79361920548e-05, 1.49574671013e-05, 4.00245880883e-06, 1.88747628727e-06, 5.46324201878e-07, 3.45379731925e-07, 3.82105902474e-08, 3.06462226263e-07],
        "var": [4.21753831858e-09, 5.74222358409e-05, 1.2545714867e-07, 4.62822633551e-08, 8.99503866094e-05, 6.91728530455e-07, 4.17227461469e-08, 2.99474045562e-08, 9.08728452487e-06, 5.90282880353e-08, 1.64048543638e-07, 6.76546818568e-08, 4.72457628575e-08, 4.97801338497e-05, 3.8958460209e-06, 2.04846301699e-07, 6.43295038572e-07, 2.51820551966e-07, 8.59084110516e-08, 5.00113284119e-09, 4.47626735678e-09, 1.05729543176e-10, 3.95861676772e-11, 7.81369055829e-13, 3.60102491445e-13, 1.07148299022e-13, 7.95104338814e-14]
    },
    "erbbands": {
        "dmean": [0.160415545106, 1.46442341805, 0.893938779831, 0.492264121771, 11.9194431305, 23.1674175262, 2.18427824974, 1.57968449593, 1.05478692055, 1.95948898792, 3.49176645279, 52.4214057922, 9.69893074036, 8.58907604218, 5.26696634293, 8.73477554321, 6.67220878601, 78.0872497559, 67.6590042114, 20.6287822723, 16.6390838623, 16.3102283478, 11.5753679276, 9.06123161316, 6.75504827499, 2.28819513321, 1.41899728775, 1.03100979328, 0.225489914417, 0.11963135004, 0.225386530161, 0.0317134819925, 0.00715947151184, 0.00342865311541, 0.00329673546366, 0.00098369049374, 0.000148010003613, 3.13214877679e-05, 1.37983715831e-05, 9.63536422205e-06],
        "dmean2": [0.266085743904, 2.53316164017, 1.55573439598, 0.888998985291, 21.7781677246, 40.9701499939, 3.46633028984, 2.00497150421, 1.78653526306, 3.39444160461, 5.40780067444, 74.5941772461, 15.1851968765, 15.2370185852, 8.71313476562, 14.5753993988, 11.7367391586, 103.236282349, 95.9569091797, 30.2487220764, 25.1690788269, 25.6197509766, 17.7512626648, 12.4532279968, 9.31928634644, 4.04100036621, 2.4323489666, 1.57021462917, 0.36002767086, 0.22511485219, 0.435061901808, 0.0569709092379, 0.011903966777, 0.005415327847, 0.00577877694741, 0.00162435683887, 0.000221268754103, 4.54986075056e-05, 2.17356991925e-05, 1.59632654686e-05],
        "dvar": [0.0135852107778, 1.18255591393, 0.564785718918, 0.169377848506, 108.782814026, 373.518249512, 3.58878922462, 2.96648073196, 0.980867147446, 2.99596166611, 9.76114177704, 2992.99780273, 88.7356414795, 72.0095291138, 22.9302787781, 77.1739273071, 40.3944892883, 5539.91357422, 4143.13085938, 534.008666992, 216.893234253, 283.464477539, 129.671279907, 82.4144210815, 73.9587173462, 6.6720457077, 1.60648071766, 1.13620936871, 0.0503093451262, 0.0133132301271, 0.0447964668274, 0.00117694493383, 8.53145684232e-05, 2.50496013905e-05, 1.5728886865e-05, 2.13422686102e-06, 2.92031955951e-07, 2.93152648823e-08, 1.23807686325e-09, 5.42573451445e-11],
        "dvar2": [0.0382226593792, 3.43653273582, 1.71292877197, 0.453890830278, 337.012542725, 1136.78710938, 8.2147321701, 4.54536151886, 2.42185091972, 7.11241722107, 22.0410785675, 6147.63232422, 176.240509033, 226.486083984, 55.4689826965, 208.887741089, 134.261688232, 10631.6425781, 8047.42675781, 1038.48803711, 423.869842529, 685.141906738, 334.318267822, 145.314651489, 109.20841217, 20.7974185944, 4.62821626663, 2.48772740364, 0.121909528971, 0.04226930812, 0.14782205224, 0.00363837438636, 0.000180847258889, 4.53583525086e-05, 3.92756446672e-05, 3.8432403926e-06, 3.72663407688e-07, 3.04080529645e-08, 1.35026412273e-09, 1.28521138176e-10],
        "max": [1.22042858601, 9.56018924713, 5.25722503662, 3.30370283127, 83.5832901001, 264.26739502, 28.7842025757, 44.7213935852, 10.4802827835, 15.1743173599, 50.1002311707, 434.650299072, 120.399597168, 88.9600830078, 56.2577934265, 67.3533859253, 63.3604202271, 877.794677734, 760.661865234, 375.786376953, 258.034545898, 221.837493896, 146.268035889, 123.941131592, 120.263694763, 23.0074501038, 14.4988498688, 18.0913677216, 2.9300096035, 1.09113764763, 1.8407305479, 0.278498858213, 0.107973016798, 0.0737840533257, 0.0420061163604, 0.0210093185306, 0.00865768641233, 0.00317436712794, 0.000726388592739, 0.000116404655273],
        "mean": [0.594052970409, 4.43156290054, 1.78346681595, 0.927998006344, 17.2420368195, 59.0336341858, 9.74082183838, 7.16533708572, 2.58688235283, 3.99076628685, 11.3531064987, 98.7138290405, 25.0581874847, 21.7602233887, 16.2114658356, 14.3726873398, 19.3135719299, 282.395019531, 268.73727417, 77.2269363403, 64.0881347656, 50.1049346924, 37.1339683533, 29.3062973022, 17.7956161499, 5.28556156158, 4.12056398392, 3.45918750763, 0.818091750145, 0.258252829313, 0.28318503499, 0.0644318759441, 0.0195805169642, 0.0101986043155, 0.00742861721665, 0.00212885346264, 0.000256502215052, 0.000121271601529, 9.35502830544e-05, 7.49248865759e-05],
        "median": [0.580981850624, 4.30535888672, 1.58365345001, 0.874408364296, 13.770857811, 44.0591430664, 8.27523803711, 2.65653347969, 2.08445644379, 3.41000556946, 9.10313987732, 68.8228912354, 20.7685413361, 18.9083557129, 14.3728408813, 11.0659370422, 16.5712623596, 225.604751587, 239.078125, 61.1526489258, 48.6384658813, 39.7636260986, 32.3847732544, 24.6829795837, 12.6922016144, 4.55850505829, 3.50111413002, 2.78200602531, 0.759492754936, 0.232637703419, 0.226550102234, 0.0548323839903, 0.016504291445, 0.00881715863943, 0.00643630186096, 0.00175141252112, 0.000144261270179, 0.000108800137241, 9.1729540145e-05, 7.66570155974e-05],
        "min": [0.127029746771, 0.636716902256, 0.369921267033, 0.176977202296, 0.488991588354, 0.66341573, 1.14103329182, 0.0994461998343, 0.118854276836, 0.413212865591, 0.531541764736, 1.23151445389, 2.42572522163, 1.41771316528, 1.69684064388, 0.89885944128, 2.2439084053, 4.00651741028, 42.5460548401, 12.5483675003, 7.62534046173, 5.28428030014, 4.30915546417, 4.474629879, 2.44261264801, 1.38485097885, 0.934924423695, 0.427369862795, 0.164128735662, 0.0707914456725, 0.059818841517, 0.0199142992496, 0.00731247896329, 0.00383902201429, 0.00220430223271, 0.00055746443104, 8.33731537568e-05, 6.22376464889e-05, 5.64855254197e-05, 2.85034020635e-05],
        "var": [0.039790738374, 3.19325256348, 0.890100538731, 0.207329630852, 165.075241089, 2468.24902344, 39.898891449, 83.6657791138, 3.71902775764, 6.32081842422, 72.7228393555, 8712.32128906, 344.165344238, 201.106369019, 82.9994506836, 139.072769165, 136.276535034, 45377.984375, 25297.0566406, 3516.19238281, 2081.45751953, 1226.76147461, 503.972290039, 366.218841553, 239.610443115, 8.94209861755, 5.5687789917, 6.20274019241, 0.171146973968, 0.014904666692, 0.0399423278868, 0.00129776855465, 0.000144419609569, 4.71771054436e-05, 2.0400962967e-05, 2.88854721475e-06, 3.30470641074e-07, 2.93766184711e-08, 1.38704991937e-09, 1.75157333082e-10]
    },
    "gfcc": {
        "mean": [6.6875576973, 147.777053833, -157.535797119, 44.539680481, -11.3008909225, 5.38068675995, -18.7773017883, -2.82729649544, -5.60910844803, -5.36337089539, -14.6589002609, -12.6165943146, 6.96810054779],
        "cov": [[164.816390991, -11.5199947357, -40.8742408752, -11.0270528793, -46.7333374023, 5.91131210327, 41.5264015198, 51.9971961975, 36.1078300476, 49.6120567322, 10.2525167465, 7.20465421677, -0.178597301245], [-11.5199947357, 67.8360214233, 10.2537879944, -10.4800634384, -6.30798006058, -24.5886898041, 6.20786428452, -24.0413208008, -1.96499359608, -5.19321250916, -8.64601993561, -10.444106102, 19.1641807556], [-40.8742408752, 10.2537879944, 73.2997741699, 17.2019329071, -15.8629560471, -19.6673908234, -29.0482940674, -14.9034490585, -22.7106132507, -22.7363910675, -12.7182378769, 8.09339809418, 8.86005783081], [-11.0270528793, -10.4800634384, 17.2019329071, 44.3277626038, 12.3246688843, -11.5560760498, -20.2880706787, -11.3562583923, -8.46460056305, -14.2187824249, -3.6802380085, 6.5460357666, 8.59391880035], [-46.7333374023, -6.30798006058, -15.8629560471, 12.3246688843, 81.8449554443, 15.4392185211, -33.0691833496, -37.0033111572, -21.4541168213, -17.0053844452, 0.674065470695, -9.33354854584, -12.4723834991], [5.91131210327, -24.5886898041, -19.6673908234, -11.5560760498, 15.4392185211, 51.6730194092, 12.957777977, -4.01475763321, 2.62616682053, 7.26959753036, 12.6531276703, -2.27216172218, -14.8710021973], [41.5264015198, 6.20786428452, -29.0482940674, -20.2880706787, -33.0691833496, 12.957777977, 70.6371688843, 39.4803657532, 17.9592075348, 23.4006214142, 4.09255933762, 0.440973430872, 2.42731881142], [51.9971961975, -24.0413208008, -14.9034490585, -11.3562583923, -37.0033111572, -4.01475763321, 39.4803657532, 78.4721374512, 29.7533187866, 16.5025882721, 3.49976372719, 13.089600563, -6.80856132507], [36.1078300476, -1.96499359608, -22.7106132507, -8.46460056305, -21.4541168213, 2.62616682053, 17.9592075348, 29.7533187866, 47.0925254822, 21.4761352539, -0.191295802593, 0.412783503532, -0.924250006676], [49.6120567322, -5.19321250916, -22.7363910675, -14.2187824249, -17.0053844452, 7.26959753036, 23.4006214142, 16.5025882721, 21.4761352539, 51.8616409302, 20.7491264343, -1.31709206104, -4.66950130463], [10.2525167465, -8.64601993561, -12.7182378769, -3.6802380085, 0.674065470695, 12.6531276703, 4.09255933762, 3.49976372719, -0.191295802593, 20.7491264343, 50.1078910828, 11.7133054733, -15.5487937927], [7.20465421677, -10.444106102, 8.09339809418, 6.5460357666, -9.33354854584, -2.27216172218, 0.440973430872, 13.089600563, 0.412783503532, -1.31709206104, 11.7133054733, 39.3361778259, 8.07460594177], [-0.178597301245, 19.1641807556, 8.86005783081, 8.59391880035, -12.4723834991, -14.8710021973, 2.42731881142, -6.80856132507, -0.924250006676, -4.66950130463, -15.5487937927, 8.07460594177, 37.6200180054]],
        "icov": [[0.0160431992263, -0.0138752022758, 0.0162423439324, -0.0132070379332, 0.0146569507197, -0.0134988063946, 0.0138680702075, -0.0143304495141, 0.0117806820199, -0.0170775223523, 0.0109596010298, -0.00570640573278, 0.00629529124126], [-0.0138752022758, 0.0691246986389, -0.0343773812056, 0.0409745238721, -0.0286828596145, 0.0524767078459, -0.0478443913162, 0.0468762218952, -0.0383298546076, 0.0317550934851, -0.0288598649204, 0.0178086515516, -0.0264883320779], [0.0162423439324, -0.0343773812056, 0.0547753348947, -0.0302134435624, 0.0377791747451, -0.0281841065735, 0.0401632450521, -0.025741700083, 0.0370959341526, -0.021227221936, 0.0256026498973, -0.0152835054323, 0.017863785848], [-0.0132070379332, 0.0409745238721, -0.0302134435624, 0.0575115904212, -0.0279600061476, 0.0367015860975, -0.0273986477405, 0.0287004280835, -0.0278357919306, 0.0270449854434, -0.0230776593089, 0.00909512490034, -0.0235750433058], [0.0146569507197, -0.0286828596145, 0.0377791747451, -0.0279600061476, 0.0482975244522, -0.0309730488807, 0.0359744653106, -0.0178489927202, 0.0307816043496, -0.0179459713399, 0.0208735112101, -0.00936672557145, 0.019554503262], [-0.0134988063946, 0.0524767078459, -0.0281841065735, 0.0367015860975, -0.0309730488807, 0.0699081271887, -0.0483686365187, 0.0443843454123, -0.0352520495653, 0.0280554741621, -0.0263009872288, 0.00983181316406, -0.0103880632669], [0.0138680702075, -0.0478443913162, 0.0401632450521, -0.0273986477405, 0.0359744653106, -0.0483686365187, 0.0700066834688, -0.0479201562703, 0.0390276797116, -0.0310770813376, 0.0246711429209, -0.00890673603863, 0.0100656924769], [-0.0143304495141, 0.0468762218952, -0.025741700083, 0.0287004280835, -0.0178489927202, 0.0443843454123, -0.0479201562703, 0.0633951276541, -0.0393123701215, 0.0273612849414, -0.0174726657569, 0.000540710287169, -0.00315599073656], [0.0117806820199, -0.0383298546076, 0.0370959341526, -0.0278357919306, 0.0307816043496, -0.0352520495653, 0.0390276797116, -0.0393123701215, 0.0652182996273, -0.0335227809846, 0.0276264287531, -0.0105274114758, 0.0149603774771], [-0.0170775223523, 0.0317550934851, -0.021227221936, 0.0270449854434, -0.0179459713399, 0.0280554741621, -0.0310770813376, 0.0273612849414, -0.0335227809846, 0.0587586760521, -0.0338220074773, 0.0157539527863, -0.0162295904011], [0.0109596010298, -0.0288598649204, 0.0256026498973, -0.0230776593089, 0.0208735112101, -0.0263009872288, 0.0246711429209, -0.0174726657569, 0.0276264287531, -0.0338220074773, 0.0521229319274, -0.0250563304871, 0.0291669741273], [-0.00570640573278, 0.0178086515516, -0.0152835054323, 0.00909512490034, -0.00936672557145, 0.00983181316406, -0.00890673603863, 0.000540710287169, -0.0105274114758, 0.0157539527863, -0.0250563304871, 0.0441715233028, -0.0242637619376], [0.00629529124126, -0.0264883320779, 0.017863785848, -0.0235750433058, 0.019554503262, -0.0103880632669, 0.0100656924769, -0.00315599073656, 0.0149603774771, -0.0162295904011, 0.0291669741273, -0.0242637619376, 0.0580553673208]]
    },
    "melbands": {
        "dmean": [0.0016159323277, 0.00100540078711, 0.000207967808819, 0.00165366113652, 0.000183024880243, 3.21192092088e-05, 2.17311935558e-05, 1.8504790205e-05, 3.7398924178e-05, 0.00033641938353, 3.52115057467e-05, 3.40264487022e-05, 2.54413916991e-05, 2.70487580565e-05, 6.87516558173e-06, 1.61977204698e-05, 0.000198601483135, 0.000166137993801, 6.7598404712e-05, 1.35795844471e-05, 2.36787145695e-05, 1.69946051756e-05, 1.2538142073e-05, 1.28382689581e-05, 7.47554213376e-06, 7.29355133444e-06, 2.40405734075e-06, 1.76702906174e-06, 8.15226087525e-07, 1.1565987279e-06, 4.14210575173e-07, 1.73959449512e-07, 5.09333304421e-08, 8.76100187952e-08, 1.64044394069e-07, 5.24164747162e-08, 1.06493107666e-08, 5.50928280774e-09, 3.58400931155e-09, 2.94660207345e-09],
        "dmean2": [0.00277168513276, 0.00175880384631, 0.000352514645783, 0.00302319647744, 0.000297125370707, 4.14618225477e-05, 3.63317412848e-05, 3.16942059726e-05, 6.39043937554e-05, 0.000477362424135, 5.79975967412e-05, 6.14092350588e-05, 4.11677356169e-05, 4.57075293525e-05, 1.15323045975e-05, 2.86308004434e-05, 0.000262827728875, 0.000232129648793, 9.52384289121e-05, 2.38216107391e-05, 3.47511886503e-05, 2.69446645689e-05, 1.95338416233e-05, 1.76621942956e-05, 1.03194533949e-05, 9.83850532066e-06, 3.83012138627e-06, 3.21256607094e-06, 1.43267413932e-06, 1.78782590865e-06, 6.2408884105e-07, 2.66451451125e-07, 8.47481373967e-08, 1.67020033359e-07, 3.17511023695e-07, 9.73764286982e-08, 1.83177437663e-08, 8.99103547169e-09, 5.64364865951e-09, 4.76381512016e-09],
        "dvar": [1.51833694417e-06, 5.98861618073e-07, 3.35348282476e-08, 2.01749867301e-06, 2.39206414676e-08, 1.24545818103e-09, 3.87307658167e-10, 2.67764810324e-10, 1.23315913036e-09, 1.23119008322e-07, 1.30611688132e-09, 1.15271792112e-09, 5.41386213637e-10, 7.27952864654e-10, 4.3140581385e-11, 2.7246424561e-10, 3.5708531243e-08, 2.49306264521e-08, 5.81185588544e-09, 1.60411059436e-10, 4.98903307555e-10, 2.70985650586e-10, 1.63049851398e-10, 1.37360844921e-10, 5.09173397889e-11, 9.5983804238e-11, 7.27785713639e-12, 4.85925362448e-12, 5.10481576715e-13, 1.30809534211e-12, 1.82228093292e-13, 2.88510467144e-14, 2.07091148802e-15, 8.01395743792e-15, 2.33531743883e-14, 3.20701899248e-15, 1.51594188019e-16, 5.06038890124e-17, 2.41379756529e-17, 1.72751476237e-17],
        "dvar2": [4.16559396399e-06, 1.71065642007e-06, 8.64111200372e-08, 6.42777422399e-06, 5.32419761612e-08, 1.94528637643e-09, 9.33441435258e-10, 6.22894624769e-10, 3.46158435249e-09, 2.45354783601e-07, 3.14248138622e-09, 3.66255181738e-09, 1.25675736484e-09, 1.91155269391e-09, 1.23674182007e-10, 8.82845963002e-10, 6.85188297211e-08, 4.79089905525e-08, 1.13640066246e-08, 4.8602522007e-10, 8.25573998053e-10, 6.13290307427e-10, 4.40293967952e-10, 2.69411687404e-10, 9.68415278524e-11, 1.3801729204e-10, 1.7867624047e-11, 1.47490197139e-11, 1.66261297264e-12, 3.08333328487e-12, 4.00793927127e-13, 6.97369882652e-14, 5.62570230336e-15, 2.53485197378e-14, 7.68354902815e-14, 1.04452926682e-14, 3.97270363663e-16, 1.13608585218e-16, 4.04117103029e-17, 3.44424838352e-17],
        "max": [0.0119937742129, 0.0062104659155, 0.00147916947026, 0.0139729315415, 0.0026230129879, 0.00090502697276, 0.000200603666599, 0.000140487260069, 0.000523805851117, 0.00279240496457, 0.000523736991454, 0.000346537912264, 0.000266453134827, 0.000203479503398, 5.69133007957e-05, 0.000159660674399, 0.002216555411, 0.00171899527777, 0.00118909706362, 0.000129090622067, 0.000416149414377, 0.000207683304325, 0.000130881802761, 0.000182258736459, 9.52963528107e-05, 0.000129585416289, 2.44705806836e-05, 1.89994461834e-05, 5.94281118538e-06, 1.45123540278e-05, 7.00170448908e-06, 1.98247448679e-06, 5.96481129378e-07, 8.14439090391e-07, 1.27749387957e-06, 4.98348470046e-07, 1.13241696909e-07, 7.73222481598e-08, 6.81243292888e-08, 6.03829448664e-08],
        "mean": [0.0057861013338, 0.00265087164007, 0.000325013912516, 0.00316677824594, 0.000730119762011, 0.00014058825036, 4.29835636169e-05, 4.13960660808e-05, 0.000103381302324, 0.000640716403723, 8.87298083398e-05, 8.13135266071e-05, 7.49591927161e-05, 4.25213584094e-05, 1.39511002999e-05, 3.89429260395e-05, 0.000706674240064, 0.00060763861984, 0.000211946084164, 3.44838554156e-05, 8.69741343195e-05, 5.51444209123e-05, 3.46230299328e-05, 3.57321223419e-05, 2.21433365368e-05, 1.82689946087e-05, 5.0319949878e-06, 3.14117437483e-06, 1.99176884053e-06, 3.57047269972e-06, 1.38287578011e-06, 5.21814058629e-07, 1.68661145494e-07, 1.32250306706e-07, 1.93099111812e-07, 7.99691193265e-08, 2.48034108807e-08, 1.40736666765e-08, 9.19798370802e-09, 7.93809817878e-09],
        "median": [0.00568439718336, 0.00248384615406, 0.000286234600935, 0.00240100407973, 0.000586392125115, 4.98850276927e-05, 3.34357173415e-05, 3.602288416e-05, 8.27123294584e-05, 0.000441458250862, 7.29743842385e-05, 6.97240539012e-05, 6.49293360766e-05, 3.3222779166e-05, 1.17130412036e-05, 3.16302102874e-05, 0.000559921027161, 0.000481902796309, 0.000158305250807, 2.95384525089e-05, 6.48759232718e-05, 4.36121699749e-05, 2.89030358545e-05, 3.05796565954e-05, 1.87436853594e-05, 1.25167189253e-05, 4.01074339607e-06, 2.54011661127e-06, 1.78227583092e-06, 2.95657196148e-06, 1.12673728836e-06, 4.59090102822e-07, 1.52905300865e-07, 1.09507702462e-07, 1.50280612843e-07, 6.4901882979e-08, 2.15025366401e-08, 1.16483978019e-08, 7.98695154458e-09, 6.92697987859e-09],
        "min": [0.00105837651063, 0.000511145975906, 2.07291923289e-05, 6.16830948275e-05, 5.70662305108e-05, 1.41955217714e-06, 1.46877380303e-06, 3.12609654429e-06, 2.54224528362e-06, 7.68775589677e-06, 7.05244110577e-06, 4.79580512547e-06, 4.65047378384e-06, 1.97993063011e-06, 1.68367841979e-06, 1.78808068085e-06, 1.75224647592e-06, 3.85036182706e-05, 1.24375037558e-05, 2.8682654829e-06, 7.48564843889e-06, 4.73947693536e-06, 3.01677982861e-06, 1.65232074778e-06, 1.80075778644e-06, 1.3054819874e-06, 7.07213075657e-07, 6.29676605968e-07, 4.10940629081e-07, 4.30923961403e-07, 1.61916602792e-07, 9.79415446523e-08, 4.3036010311e-08, 2.84711596521e-08, 3.64610812653e-08, 1.69073537393e-08, 8.10492917225e-09, 4.62359972531e-09, 2.75710210218e-09, 2.69521849283e-09],
        "var": [4.31060561823e-06, 1.3555447822e-06, 4.47651480329e-08, 6.58089902572e-06, 3.00768078887e-07, 3.48127677796e-08, 1.20475462939e-09, 6.06928396429e-10, 7.48959116947e-09, 3.63485639809e-07, 4.99092367434e-09, 3.01497116162e-09, 2.17096052246e-09, 1.29042121433e-09, 8.81313425016e-11, 8.51777037791e-10, 2.92120375889e-07, 1.74368494754e-07, 4.16515071322e-08, 4.40641301225e-10, 5.28237897868e-09, 1.5739686221e-09, 5.71474034761e-10, 6.61223242826e-10, 2.33539271255e-10, 3.09369752038e-10, 1.21753423316e-11, 5.23267757249e-12, 1.18695710812e-12, 6.04905145071e-12, 1.00459094168e-12, 9.36281488537e-14, 7.33201460022e-15, 7.11271353501e-15, 2.06680308176e-14, 2.91778836945e-15, 2.07560857688e-16, 8.10914006545e-17, 4.90081451142e-17, 2.97932258668e-17]
    },
    "mfcc": {
        "mean": [-627.129089355, 169.113555908, -56.4805297852, 49.8146972656, 18.2893371582, 22.8196372986, 0.488351911306, 9.15425777435, 10.7287063599, 16.2433795929, 1.35272216797, -12.2608118057, -20.8567333221],
        "cov": [[211.18132019, -19.1855239868, -26.6670608521, -18.3171749115, -62.9176292419, -20.4805755615, -4.8135881424, 5.48627138138, 29.9244251251, 34.8477096558, 32.9196777344, 35.0474967957, 35.5387382507], [-19.1855239868, 72.1497116089, 2.52645611763, 0.738255500793, -16.2150993347, -0.735115408897, -1.78279292583, -22.4512138367, 4.70638847351, -6.84424352646, -4.12833023071, -18.2517642975, -5.90602874756], [-26.6670608521, 2.52645611763, 82.5083847046, 16.8159294128, -17.9492397308, -15.9534311295, -17.0038890839, -0.148732930422, -1.35728681087, -3.97068691254, -25.4436321259, -17.8766345978, -0.676869809628], [-18.3171749115, 0.738255500793, 16.8159294128, 59.0286560059, 13.9181261063, -16.0582828522, -12.2970151901, -6.64344787598, 4.97361373901, -13.7797613144, -21.3151931763, -14.3410282135, -10.2451295853], [-62.9176292419, -16.2150993347, -17.9492397308, 13.9181261063, 95.7956237793, 19.6107292175, -6.82188034058, -3.81753492355, -28.6552257538, -27.7515487671, -8.86635684967, -3.97996520996, -29.4977893829], [-20.4805755615, -0.735115408897, -15.9534311295, -16.0582828522, 19.6107292175, 63.836971283, 10.6403722763, -11.3825998306, -14.2001285553, -3.22331643105, -3.63359880447, -6.68180847168, -9.84766960144], [-4.8135881424, -1.78279292583, -17.0038890839, -12.2970151901, -6.82188034058, 10.6403722763, 47.8642845154, 6.5449461937, -13.4995889664, -1.24492812157, 6.83715248108, 0.0453676022589, 0.576620399952], [5.48627138138, -22.4512138367, -0.148732930422, -6.64344787598, -3.81753492355, -11.3825998306, 6.5449461937, 50.1368370056, 4.79318380356, -6.39221906662, 0.901336371899, 11.4729690552, 10.4548053741], [29.9244251251, 4.70638847351, -1.35728681087, 4.97361373901, -28.6552257538, -14.2001285553, -13.4995889664, 4.79318380356, 63.1723861694, 6.40683603287, -9.70143413544, 2.88617706299, 8.44509506226], [34.8477096558, -6.84424352646, -3.97068691254, -13.7797613144, -27.7515487671, -3.22331643105, -1.24492812157, -6.39221906662, 6.40683603287, 56.5631904602, 20.4860248566, -5.55931758881, 2.12340855598], [32.9196777344, -4.12833023071, -25.4436321259, -21.3151931763, -8.86635684967, -3.63359880447, 6.83715248108, 0.901336371899, -9.70143413544, 20.4860248566, 51.148223877, 13.8153390884, 1.81671977043], [35.0474967957, -18.2517642975, -17.8766345978, -14.3410282135, -3.97996520996, -6.68180847168, 0.0453676022589, 11.4729690552, 2.88617706299, -5.55931758881, 13.8153390884, 53.8188819885, 31.5708580017], [35.5387382507, -5.90602874756, -0.676869809628, -10.2451295853, -29.4977893829, -9.84766960144, 0.576620399952, 10.4548053741, 8.44509506226, 2.12340855598, 1.81671977043, 31.5708580017, 64.0342178345]],
