{
"lowlevel": {
    "average_loudness": 0.987394034863,
    "barkbands_crest": {
        "dmean": 0.98515444994,
        "dmean2": 1.51176714897,
        "dvar": 0.703258991241,
        "dvar2": 1.66898798943,
        "max": 10.562256813,
        "mean": 6.28592634201,
        "median": 6.13395214081,
        "min": 3.20337295532,
        "var": 1.85431933403
    },
    "barkbands_flatness_db": {
        "dmean": 0.00793212838471,
        "dmean2": 0.012963491492,
        "dvar": 4.56323214166e-05,
        "dvar2": 0.000118808304251,
        "max": 0.182222440839,
        "mean": 0.152082651854,
        "median": 0.151554912329,
        "min": 0.106809303164,
        "var": 0.000100058190583
    },
    "barkbands_kurtosis": {
        "dmean": 0.239202424884,
        "dmean2": 0.372740536928,
        "dvar": 0.0501082576811,
        "dvar2": 0.125385582447,
        "max": 0.405643463135,
        "mean": -1.22041475773,
        "median": -1.29469740391,
        "min": -1.76872467995,
        "var": 0.142085686326
    },
    "barkbands_skewness": {
        "dmean": 0.189001604915,
        "dmean2": 0.303494602442,
        "dvar": 0.0232090801001,
        "dvar2": 0.0594459176064,
        "max": 0.431038737297,
        "mean": -0.443652927876,
        "median": -0.44401884079,
        "min": -1.20732986927,
        "var": 0.0720332190394
    },
    "barkbands_spread": {
        "dmean": 3.22087860107,
        "dmean2": 5.08157968521,
        "dvar": 6.68048191071,
        "dvar2": 14.8098182678,
        "max": 51.8552360535,
        "mean": 40.1540527344,
        "median": 40.9581642151,
        "min": 26.0177288055,
        "var": 28.7248058319
    },
    "dissonance": {
        "dmean": 0.00456765387207,
        "dmean2": 0.00751279620454,
        "dvar": 2.62992216449e-05,
        "dvar2": 5.14019120601e-05,
        "max": 0.499149620533,
        "mean": 0.491541564465,
        "median": 0.492897093296,
        "min": 0.432694792747,
        "var": 3.41607592418e-05
    },
    "dynamic_complexity": 0.324178189039,
    "erbbands_crest": {
        "dmean": 1.56333768368,
        "dmean2": 2.78051686287,
        "dvar": 2.22134280205,
        "dvar2": 6.1660695076,
        "max": 15.4053659439,
        "mean": 7.22036409378,
        "median": 6.97358417511,
        "min": 4.45876073837,
        "var": 2.65071463585
    },
    "erbbands_flatness_db": {
        "dmean": 0.00968501251191,
        "dmean2": 0.0156966224313,
        "dvar": 5.62342538615e-05,
        "dvar2": 0.000151598549564,
        "max": 0.281028836966,
        "mean": 0.250828891993,
        "median": 0.249944388866,
        "min": 0.191587820649,
        "var": 0.000137581213494
    },
    "erbbands_kurtosis": {
        "dmean": 0.964807808399,
        "dmean2": 1.51884508133,
        "dvar": 0.797433555126,
        "dvar2": 2.10039353371,
        "max": 6.99785327911,
        "mean": 1.99679243565,
        "median": 1.89276695251,
        "min": -1.44441664219,
        "var": 1.64589631557
    },
    "erbbands_skewness": {
        "dmean": 0.200225830078,
        "dmean2": 0.309808343649,
        "dvar": 0.0292473677546,
        "dvar2": 0.0695841014385,
        "max": -0.0475821942091,
        "mean": -1.13601088524,
        "median": -1.12669193745,
        "min": -2.075776577,
        "var": 0.0700091347098
    },
    "erbbands_spread": {
        "dmean": 2.48384642601,
        "dmean2": 4.10337924957,
        "dvar": 4.15001153946,
        "dvar2": 10.9070034027,
        "max": 31.1965789795,
        "mean": 16.7338562012,
        "median": 16.4801712036,
        "min": 7.96323013306,
        "var": 12.912270546
    },
    "hfc": {
        "dmean": 6.05942773819,
        "dmean2": 10.3111791611,
        "dvar": 24.5838413239,
        "dvar2": 65.0690917969,
        "max": 60.7876472473,
        "mean": 44.3823051453,
        "median": 44.6807289124,
        "min": 0.934553146362,
        "var": 47.19764328
    },
    "melbands_crest": {
        "dmean": 1.27216982841,
        "dmean2": 2.03677797318,
        "dvar": 0.921527922153,
        "dvar2": 2.5131342411,
        "max": 17.1260757446,
        "mean": 11.6679382324,
        "median": 11.8694887161,
        "min": 4.30783510208,
        "var": 5.62430810928
    },
    "melbands_flatness_db": {
        "dmean": 0.00810200534761,
        "dmean2": 0.0122359339148,
        "dvar": 3.94905400753e-05,
        "dvar2": 0.000101701596577,
        "max": 0.19821678102,
        "mean": 0.170190274715,
        "median": 0.170115441084,
        "min": 0.140333458781,
        "var": 0.000121068842418
    },
    "melbands_kurtosis": {
        "dmean": 0.341465264559,
        "dmean2": 0.548148334026,
        "dvar": 0.112746044993,
        "dvar2": 0.292467862368,
        "max": 1.13861894608,
        "mean": -0.905670940876,
        "median": -1.04041314125,
        "min": -1.63406550884,
        "var": 0.259552806616
    },
    "melbands_skewness": {
        "dmean": 0.216582998633,
        "dmean2": 0.338123947382,
        "dvar": 0.0282720346004,
        "dvar2": 0.0692061632872,
        "max": 1.5835763216,
        "mean": 0.695593118668,
        "median": 0.684971272945,
        "min": -0.0959157198668,
        "var": 0.103057987988
    },
    "melbands_spread": {
        "dmean": 5.67531633377,
        "dmean2": 9.51639175415,
        "dvar": 21.3503341675,
        "dvar2": 50.9663658142,
        "max": 95.6476364136,
        "mean": 73.383026123,
        "median": 73.3756332397,
        "min": 50.3349227905,
        "var": 53.2497749329
    },
    "pitch_salience": {
        "dmean": 0.0363345183432,
        "dmean2": 0.0571027062833,
        "dvar": 0.0007481383509,
        "dvar2": 0.00180869584437,
        "max": 0.749525487423,
        "mean": 0.575247168541,
        "median": 0.574910879135,
        "min": 0.466076284647,
        "var": 0.00205652648583
    },
    "silence_rate_20dB": {
        "dmean": 0,
        "dmean2": 0,
        "dvar": 0,
        "dvar2": 0,
        "max": 1,
        "mean": 1,
        "median": 1,
        "min": 1,
        "var": 0
    },
    "silence_rate_30dB": {
        "dmean": 0,
        "dmean2": 0,
        "dvar": 0,
        "dvar2": 0,
        "max": 1,
        "mean": 1,
        "median": 1,
        "min": 1,
        "var": 0
    },
    "silence_rate_60dB": {
        "dmean": 0,
        "dmean2": 0,
        "dvar": 0,
        "dvar2": 0,
        "max": 0,
        "mean": 0,
        "median": 0,
        "min": 0,
        "var": 0
    },
    "spectral_centroid": {
        "dmean": 100.297103882,
        "dmean2": 170.714157104,
        "dvar": 5674.89941406,
        "dvar2": 14350.2988281,
        "max": 2927.49584961,
        "mean": 2594.67822266,
        "median": 2598.22802734,
        "min": 2284.52514648,
        "var": 12622.9960938
    },
    "spectral_complexity": {
        "dmean": 3.48148155212,
        "dmean2": 5.88847589493,
        "dvar": 12.2570676804,
        "dvar2": 22.3518772125,
        "max": 52,
        "mean": 41.6236152649,
        "median": 42,
        "min": 1,
        "var": 18.5077934265
    },
    "spectral_decrease": {
        "dmean": 7.04116820405e-10,
        "dmean2": 1.17635579056e-09,
        "dvar": 3.69837182312e-19,
        "dvar2": 7.77904429487e-19,
        "max": -2.25282209554e-10,
        "mean": -6.37752872734e-09,
        "median": -6.33374419579e-09,
        "min": -8.00655186595e-09,
        "var": 6.03965614063e-19
    },
    "spectral_energy": {
        "dmean": 0.00312066124752,
        "dmean2": 0.00524101778865,
        "dvar": 7.05494676367e-06,
        "dvar2": 1.53235450853e-05,
        "max": 0.0357320383191,
        "mean": 0.0280957985669,
        "median": 0.0281887128949,
        "min": 0.000935034826398,
        "var": 1.16698311103e-05
    },
    "spectral_energyband_high": {
        "dmean": 0.0001622998534,
        "dmean2": 0.000269138428848,
        "dvar": 1.62653215341e-08,
        "dvar2": 4.59920421747e-08,
        "max": 0.00141881371383,
        "mean": 0.000677494273987,
        "median": 0.000646410742775,
        "min": 1.14939393825e-05,
        "var": 3.23244009337e-08
    },
    "spectral_energyband_low": {
        "dmean": 0.0012937617721,
        "dmean2": 0.0019606964197,
        "dvar": 1.07518872028e-06,
        "dvar2": 2.08299775295e-06,
        "max": 0.0110720815137,
        "mean": 0.00626619299874,
        "median": 0.00613587303087,
        "min": 0.000388557789847,
        "var": 3.62909554497e-06
    },
    "spectral_energyband_middle_high": {
        "dmean": 0.00251213181764,
        "dmean2": 0.00416546361521,
        "dvar": 3.8330699681e-06,
        "dvar2": 1.04584187284e-05,
        "max": 0.0236503388733,
        "mean": 0.0167038645595,
        "median": 0.0168043021113,
        "min": 0.000357480806997,
        "var": 9.72215457296e-06
    },
    "spectral_energyband_middle_low": {
        "dmean": 0.00112409878056,
        "dmean2": 0.00188938900828,
        "dvar": 9.93576009023e-07,
        "dvar2": 2.19794856093e-06,
        "max": 0.0102895125747,
        "mean": 0.00450250087306,
        "median": 0.00416285451502,
        "min": 0.000151702522999,
        "var": 2.81362440546e-06
    },
    "spectral_entropy": {
        "dmean": 0.0522027797997,
        "dmean2": 0.0853799581528,
        "dvar": 0.00281435064971,
        "dvar2": 0.00489410897717,
        "max": 8.39175605774,
        "mean": 7.55947589874,
        "median": 7.5604429245,
        "min": 7.38926887512,
        "var": 0.00525786774233
    },
    "spectral_flux": {
        "dmean": 0.00716382730752,
        "dmean2": 0.0114408638328,
        "dvar": 4.086404806e-05,
        "dvar2": 7.89222540334e-05,
        "max": 0.141205728054,
        "mean": 0.0814866349101,
        "median": 0.0810448378325,
        "min": 0.0635171681643,
        "var": 7.77292661951e-05
    },
    "spectral_kurtosis": {
        "dmean": 3.95890426636,
        "dmean2": 7.03681659698,
        "dvar": 9.75761318207,
        "dvar2": 30.3106269836,
        "max": 27.2642345428,
        "mean": 6.17346191406,
        "median": 5.4617729187,
        "min": 1.08606958389,
        "var": 13.1873188019
    },
    "spectral_rms": {
        "dmean": 0.00029835049645,
        "dmean2": 0.00049644120736,
        "dvar": 1.0258052896e-07,
        "dvar2": 1.70960376522e-07,
        "max": 0.00590428011492,
        "mean": 0.00522138830274,
        "median": 0.00524415681139,
        "min": 0.000955106865149,
        "var": 1.47638601788e-07
    },
    "spectral_rolloff": {
        "dmean": 199.142211914,
        "dmean2": 341.569213867,
        "dvar": 27189.3925781,
        "dvar2": 73967.8515625,
        "max": 3359.1796875,
        "mean": 2924.14428711,
        "median": 3014.6484375,
        "min": 2368.65234375,
        "var": 44215.1679688
    },
    "spectral_skewness": {
        "dmean": 0.366579502821,
        "dmean2": 0.653725922108,
        "dvar": 0.101516462862,
        "dvar2": 0.311205625534,
        "max": 3.92627334595,
        "mean": 0.716441273689,
        "median": 0.665234684944,
        "min": 0.139716133475,
        "var": 0.152256891131
    },
    "spectral_spread": {
        "dmean": 168247.46875,
        "dmean2": 248372.453125,
        "dvar": 464535912448,
        "dvar2": 311618207744,
        "max": 15169511,
        "mean": 1909537.75,
        "median": 1847720.75,
        "min": 1553716.5,
        "var": 685208567808
    },
    "spectral_strongpeak": {
        "dmean": 0.607431530952,
        "dmean2": 1.12312841415,
        "dvar": 1.86238956451,
        "dvar2": 4.79247283936,
        "max": 6.26849460602,
        "mean": 0.859239816666,
        "median": 0.19901779294,
        "min": 0,
        "var": 2.69015693665
    },
    "zerocrossingrate": {
        "dmean": 0.00384837971069,
        "dmean2": 0.00490277959034,
        "dvar": 1.90983846551e-05,
        "dvar2": 2.37944750552e-05,
        "max": 0.10546875,
        "mean": 0.0894311442971,
        "median": 0.08984375,
        "min": 0.01953125,
        "var": 5.78534491069e-05
    },
    "barkbands": {
        "dmean": [1.50206114995e-05, 0.00122666172683, 0.000111191766337, 7.98003966338e-05, 0.000680732366163, 7.11324828444e-05, 0.000368606473785, 0.000126059952891, 0.000834285805468, 0.000144270350575, 0.000161445219419, 0.00026494989288, 9.54770803219e-05, 0.00111991073936, 0.000824195740279, 0.00101557548624, 0.00145430141129, 0.000731836422347, 0.000723361445125, 0.000325521978084, 0.000101600715425, 1.59509672812e-05, 1.13881685593e-06, 4.55388288856e-07, 1.4908130197e-07, 4.55298518887e-08, 2.5286500005e-08],
        "dmean2": [2.40304307226e-05, 0.00187213206664, 0.000159984687343, 0.000145969926962, 0.00114865158685, 0.000116133865959, 0.000651575974189, 0.00020963755378, 0.0012668002164, 0.000262024608674, 0.000283054978354, 0.000447041122243, 0.000171984938788, 0.00168339186348, 0.00134210882243, 0.00173557875678, 0.00255288160406, 0.00125039403792, 0.00119204935618, 0.000563929788768, 0.000175346780452, 2.69902175205e-05, 2.0226414108e-06, 7.62117736031e-07, 2.5776040502e-07, 6.81528007362e-08, 3.10614325372e-08],
        "dvar": [2.66082000877e-09, 9.89070258584e-07, 6.28046326057e-09, 6.62232846338e-09, 4.25285946903e-07, 6.06634076306e-09, 1.5406291709e-07, 1.48075995909e-08, 5.98713711497e-07, 1.46385517041e-08, 2.20542890617e-08, 5.04646067157e-08, 6.28502405675e-09, 9.32163686684e-07, 4.34731845189e-07, 6.86227394908e-07, 1.35744392082e-06, 4.08389666973e-07, 3.15614670399e-07, 7.53865663228e-08, 6.9194476815e-09, 1.7155263321e-10, 1.02802065905e-12, 1.64721629891e-13, 6.52233665297e-14, 6.13795648964e-14, 6.62638685784e-14],
        "dvar2": [2.87453350012e-09, 1.88780575172e-06, 1.2879041833e-08, 1.95807672299e-08, 1.11657311663e-06, 1.50322829739e-08, 4.78050708352e-07, 3.31604148585e-08, 1.26913312215e-06, 4.57594637737e-08, 6.5841142316e-08, 1.37755620244e-07, 1.90300042391e-08, 2.21354116547e-06, 1.12207203529e-06, 2.03718718694e-06, 3.73358557226e-06, 1.15776674647e-06, 9.34178672196e-07, 2.17224126686e-07, 1.84912831713e-08, 5.19366494256e-10, 2.94917150596e-12, 4.11143206069e-13, 8.46301449601e-14, 6.12627759937e-14, 6.70346821129e-14],
        "max": [0.000848754425533, 0.0106278844178, 0.000544396287296, 0.000759758637287, 0.0047394563444, 0.000633077055681, 0.00508048664778, 0.00197674240917, 0.00821436941624, 0.000773293315433, 0.00117772433441, 0.00146548612975, 0.000743197044358, 0.0101102273911, 0.00720623834059, 0.00649182498455, 0.00910953246057, 0.00580693408847, 0.00447290483862, 0.00228592939675, 0.000761637871619, 0.000124784026411, 7.83402992965e-06, 4.68320558866e-06, 5.10284644406e-06, 4.15900331063e-06, 4.29194460594e-06],
        "mean": [1.93826181203e-05, 0.00602895766497, 0.000196722976398, 0.000102636033262, 0.00103993713856, 9.40832906053e-05, 0.00101883767638, 0.000528306700289, 0.00167013320606, 0.000244637194555, 0.000337791716447, 0.000439033785369, 0.000185646276805, 0.00308847008273, 0.00223065307364, 0.00217217067257, 0.00341322505847, 0.00185426953249, 0.00204305700026, 0.000965095998254, 0.000366619467968, 5.08922894369e-05, 2.99866155729e-06, 1.6460472807e-06, 4.76459831589e-07, 8.18497838395e-08, 8.01241313297e-08],
        "median": [1.31877350213e-05, 0.00590479839593, 0.000183613767149, 7.93225553934e-05, 0.000874777964782, 6.90132656018e-05, 0.000684311613441, 0.000446527847089, 0.00131529953796, 0.000221847672947, 0.000305868888972, 0.000358642952051, 0.000162001961144, 0.00270068412647, 0.00185998738743, 0.00203005410731, 0.00320018059574, 0.00172553071752, 0.00194292550441, 0.000924222229514, 0.00035755825229, 4.97455657751e-05, 2.80133826891e-06, 1.61781485986e-06, 4.22740043859e-07, 6.37880077647e-08, 6.41707913474e-08],
        "min": [1.24563609916e-06, 0.000221724825678, 1.94564545382e-05, 2.39700148086e-06, 3.6233344872e-05, 3.97464555135e-06, 1.7216319975e-05, 1.11729805212e-05, 3.30993279931e-05, 1.2826109014e-05, 1.2796331248e-05, 1.73156531673e-05, 2.53031112152e-06, 3.55659758497e-05, 3.08918497467e-05, 8.29184573377e-05, 5.54220023332e-05, 3.38639692927e-05, 5.85863454035e-05, 1.21502389447e-05, 4.66436586066e-06, 7.73566966927e-07, 2.56134597976e-07, 1.21804177411e-07, 5.38216191615e-08, 5.63484370275e-09, 3.87405876268e-08],
        "var": [2.71054312329e-09, 3.48363823832e-06, 1.13211369168e-08, 7.86075293746e-09, 5.36988693511e-07, 8.78605987964e-09, 8.88534771093e-07, 1.13576582805e-07, 1.65285962339e-06, 1.70293699142e-08, 3.72144768335e-08, 8.02775872444e-08, 1.25815189378e-08, 4.58183285446e-06, 1.90345861029e-06, 8.45670570015e-07, 1.87226771686e-06, 5.92137212152e-07, 5.49211733869e-07, 1.02788888512e-07, 1.35831967896e-08, 2.69841704537e-10, 1.47565000583e-12, 2.50077085776e-13, 1.20528614216e-13, 6.25144060866e-14, 6.58359136521e-14]
    },
    "erbbands": {
        "dmean": [0.0289834868163, 0.299975574017, 0.289195775986, 0.121725678444, 1.66476047039, 2.81999540329, 0.453176081181, 0.768415153027, 2.53988432884, 5.34418392181, 3.49101114273, 25.0953598022, 5.47369432449, 7.10402059555, 5.91691493988, 11.110452652, 4.36086273193, 33.4268569946, 34.7561607361, 43.3105049133, 55.3271064758, 80.9447479248, 31.5771198273, 44.648235321, 26.3349437714, 15.5600986481, 4.32599830627, 3.25075340271, 0.651517450809, 0.0991565957665, 0.0348982326686, 0.016404401511, 0.00326329469681, 0.00206841528416, 0.0010424166685, 0.000332030758727, 6.60832811263e-05, 1.49596553456e-05, 4.8229735512e-06, 4.37619564764e-06],
        "dmean2": [0.0482529886067, 0.441343814135, 0.393848448992, 0.210928529501, 2.67873954773, 4.88208723068, 0.727602183819, 1.24434185028, 4.43037128448, 9.21506690979, 5.96687459946, 38.6785469055, 8.73244285583, 12.8739385605, 10.4549236298, 18.5729351044, 7.9656496048, 50.1420059204, 53.6487007141, 71.1147842407, 95.122543335, 140.853744507, 54.046749115, 72.3123474121, 45.6899795532, 27.033159256, 7.30903482437, 5.59080553055, 1.11325120926, 0.170498147607, 0.0612188093364, 0.0275571215898, 0.00543970428407, 0.00344315962866, 0.00181603233796, 0.000552147859707, 9.292584582e-05, 1.86522484e-05, 6.78507103657e-06, 7.29033445168e-06],
        "dvar": [0.000581062282436, 0.0588419884443, 0.0392429940403, 0.014842892997, 2.62779664993, 7.1790728569, 0.21653740108, 0.663184463978, 6.44242763519, 33.4581680298, 10.3052177429, 560.452636719, 21.4296855927, 37.1713371277, 27.5895957947, 94.6075820923, 15.1011276245, 781.478210449, 770.813171387, 1026.4720459, 2161.703125, 4598.26269531, 545.471496582, 1408.3671875, 450.554443359, 185.186325073, 13.0693330765, 6.92128276825, 0.270028978586, 0.0085646957159, 0.00100148061756, 0.000192597217392, 1.56107580551e-05, 1.02064450402e-05, 3.18053434967e-06, 9.98138489194e-07, 2.06392940072e-07, 2.50435441274e-08, 1.23315335721e-09, 1.83530170228e-11],
        "dvar2": [0.00134494469967, 0.10738337785, 0.0746861100197, 0.0387208387256, 5.8375453949, 19.9857883453, 0.528585016727, 1.64070796967, 19.2576084137, 102.959831238, 32.0706863403, 1164.3482666, 51.2099266052, 116.658653259, 82.3843994141, 264.697021484, 45.3747825623, 1806.10717773, 1769.63049316, 2828.50268555, 6095.58007812, 12922.953125, 1515.30102539, 3934.19506836, 1354.9317627, 555.978820801, 37.2855262756, 18.7316398621, 0.825746357441, 0.0218484234065, 0.00290217646398, 0.000530339370016, 2.45118335442e-05, 1.72401050804e-05, 4.05236596634e-06, 1.05796505068e-06, 2.06191288044e-07, 2.50271590119e-08, 1.23170162958e-09, 3.21256250768e-11],
        "max": [0.261719882488, 2.57483625412, 1.54720008373, 1.36865103245, 16.9938354492, 21.0298919678, 4.40474033356, 7.42760419846, 38.639289856, 63.0761642456, 32.9106292725, 249.808654785, 44.5105361938, 42.815120697, 45.0295410156, 65.8862228394, 36.5942115784, 293.121490479, 306.355529785, 279.023590088, 358.840515137, 552.840881348, 216.256958008, 346.78894043, 179.155838013, 119.336738586, 32.0563964844, 26.9904193878, 5.50700473785, 0.978409171104, 0.253648608923, 0.129056945443, 0.0679554790258, 0.0662966892123, 0.0309920515865, 0.0170412063599, 0.00760328397155, 0.0026416212786, 0.000603971187957, 8.27560652397e-05],
        "mean": [0.1575743258, 1.40823304653, 0.676997482777, 0.268186122179, 2.55143117905, 3.67189526558, 0.852129042149, 1.13833534718, 8.43313026428, 15.9698295593, 12.964972496, 46.7598800659, 12.9920244217, 13.1416244507, 12.7828035355, 18.1604480743, 11.1443071365, 97.7486572266, 133.630981445, 114.267715454, 138.964645386, 185.188308716, 100.399726868, 126.602714539, 78.5468673706, 46.9654579163, 16.6724510193, 11.2997989655, 2.41570830345, 0.366714984179, 0.0989459753036, 0.0562531128526, 0.0148658733815, 0.00729727325961, 0.00253797858022, 0.000783838971984, 0.000108273787191, 3.50059017364e-05, 2.88722549158e-05, 3.88084554288e-05],
        "median": [0.158467292786, 1.37742686272, 0.606656491756, 0.232874110341, 1.94699549675, 2.85096645355, 0.656623005867, 0.876374125481, 5.58653116226, 13.7199878693, 12.4494161606, 35.411945343, 11.9446716309, 11.0328140259, 11.5175619125, 14.0955152512, 9.76605129242, 85.5163726807, 129.708145142, 107.785949707, 130.862289429, 168.731918335, 96.5021820068, 120.483451843, 76.4672470093, 44.9575958252, 16.4874649048, 10.6158742905, 2.34410047531, 0.336164206266, 0.0932287424803, 0.053933814168, 0.0141485510394, 0.00610388303176, 0.00234612077475, 0.000698476564139, 6.51707014185e-05, 2.40481040237e-05, 2.69511110673e-05, 3.88115477108e-05],
        "min": [0.00790159124881, 0.0444014817476, 0.102122820914, 0.0472067520022, 0.138216286898, 0.112807773054, 0.0390242412686, 0.0545662418008, 0.227102786303, 0.164430752397, 0.394885390997, 0.760074198246, 0.986847877502, 0.502271592617, 0.571003437042, 0.731736958027, 0.172356903553, 0.859502017498, 2.63224053383, 2.56142926216, 4.47822666168, 2.44591879845, 1.35512959957, 4.76919174194, 0.988108217716, 0.438884437084, 0.254684776068, 0.154070362449, 0.0406402871013, 0.0139608494937, 0.005980766844, 0.00378469843417, 0.000939087825827, 0.000633233343251, 0.000364115432603, 0.000211475751712, 3.53781615559e-05, 1.61893749464e-05, 6.00893281444e-06, 1.7052250314e-06],
        "var": [0.00199235929176, 0.2040733248, 0.0880567356944, 0.0227034110576, 4.49060630798, 8.17643165588, 0.511489570141, 0.9523011446, 59.1772727966, 112.814155579, 29.4436035156, 1510.97680664, 52.2117424011, 57.4163513184, 36.8035087585, 147.647720337, 30.5891799927, 4192.60498047, 3072.52612305, 2565.06567383, 2752.22973633, 6185.29345703, 952.007202148, 2315.02709961, 679.788146973, 240.8931427, 21.2568511963, 15.451007843, 0.457573026419, 0.0142724020407, 0.0014199486468, 0.000302580825519, 2.20278634515e-05, 2.94483852485e-05, 3.66911149285e-06, 1.04674461454e-06, 2.09673956419e-07, 2.52046259419e-08, 1.23382803974e-09, 2.77671705073e-11]
    },
    "gfcc": {
        "mean": [-3.97825527191, 130.364715576, -200.36907959, 62.6813735962, -20.8252506256, -11.3503837585, -5.16805505753, 13.0676393509, 3.4995610714, 4.36985063553, -8.92386817932, -15.3941345215, 2.81968688965],
        "cov": [[144.524230957, 19.5461463928, -21.1090202332, 4.28896713257, -19.2573757172, -13.4738330841, -5.61102628708, -12.1041288376, -2.65959119797, 3.4550101757, 11.4961547852, 0.800361216068, 5.35855531693], [19.5461463928, 65.5434188843, 7.61331558228, 2.07259941101, -21.4451942444, -24.0042686462, -8.2496471405, -19.1554851532, -2.05885410309, -9.26413154602, 4.00755882263, 1.34421002865, 3.82726049423], [-21.1090202332, 7.61331558228, 42.3441390991, 9.96657752991, -1.44993591309, -10.873506546, -14.9042510986, -2.89807415009, -10.7289085388, -2.35652303696, -5.45715236664, 6.01224946976, -4.41385173798], [4.28896713257, 2.07259941101, 9.96657752991, 33.5393104553, 13.1325759888, 0.691110551357, -7.56160640717, -10.7097587585, -3.01563096046, -3.42698454857, 2.70579099655, -4.80053520203, 3.33580470085], [-19.2573757172, -21.4451942444, -1.44993591309, 13.1325759888, 38.0946121216, 21.8498821259, -1.15479040146, -3.12582588196, -4.1662273407, -1.15457570553, -4.55707454681, -8.19150257111, -2.24653124809], [-13.4738330841, -24.0042686462, -10.873506546, 0.691110551357, 21.8498821259, 38.9158935547, 14.4555034637, 4.06279850006, -5.27911043167, -4.96547698975, -4.30064058304, -10.776058197, -3.97660183907], [-5.61102628708, -8.2496471405, -14.9042510986, -7.56160640717, -1.15479040146, 14.4555034637, 35.3406448364, 22.9369182587, 4.85796880722, -4.09413385391, -4.42012882233, -4.78668165207, -5.0980386734], [-12.1041288376, -19.1554851532, -2.89807415009, -10.7097587585, -3.12582588196, 4.06279850006, 22.9369182587, 36.852973938, 11.8323717117, -0.231117129326, -7.3956155777, 0.431590557098, -2.83916211128], [-2.65959119797, -2.05885410309, -10.7289085388, -3.01563096046, -4.1662273407, -5.27911043167, 4.85796880722, 11.8323717117, 32.3364143372, 17.4860935211, 7.61422729492, 2.17773318291, 0.318025231361], [3.4550101757, -9.26413154602, -2.35652303696, -3.42698454857, -1.15457570553, -4.96547698975, -4.09413385391, -0.231117129326, 17.4860935211, 37.162727356, 19.993314743, 10.0150585175, -0.596430838108], [11.4961547852, 4.00755882263, -5.45715236664, 2.70579099655, -4.55707454681, -4.30064058304, -4.42012882233, -7.3956155777, 7.61422729492, 19.993314743, 30.7882785797, 14.58618927, 2.42577266693], [0.800361216068, 1.34421002865, 6.01224946976, -4.80053520203, -8.19150257111, -10.776058197, -4.78668165207, 0.431590557098, 2.17773318291, 10.0150585175, 14.58618927, 28.5449562073, 5.64972734451], [5.35855531693, 3.82726049423, -4.41385173798, 3.33580470085, -2.24653124809, -3.97660183907, -5.0980386734, -2.83916211128, 0.318025231361, -0.596430838108, 2.42577266693, 5.64972734451, 21.6617984772]],
        "icov": [[0.0103511251509, -0.00401057023555, 0.0133057422936, -0.00906619243324, 0.00793391931802, -0.00116062792949, 0.0080454936251, -0.00652159657329, 0.00894178077579, -0.0061634122394, 0.00277100456879, -0.0018237021286, 0.0037681858521], [-0.00401057023555, 0.0411186479032, -0.0240693558007, 0.0152918808162, 0.00239526410587, 0.0236155204475, -0.0307108908892, 0.0420829430223, -0.02194772847, 0.0265060421079, -0.0171706564724, 0.0129733784124, -0.0110692409799], [0.0133057422936, -0.0240693558007, 0.0787485465407, -0.0441530235112, 0.019535837695, -0.0120992464945, 0.0531987398863, -0.0493461415172, 0.0432357862592, -0.0324096754193, 0.0342200696468, -0.0282270647585, 0.031666662544], [-0.00906619243324, 0.0152918808162, -0.0441530235112, 0.0699874535203, -0.0335331186652, 0.0207637641579, -0.0315148383379, 0.036213863641, -0.027318816632, 0.030473953113, -0.0342318788171, 0.0267136935145, -0.0244636740535], [0.00793391931802, 0.00239526410587, 0.019535837695, -0.0335331186652, 0.0654241889715, -0.0338961072266, 0.0245982501656, -0.00912158377469, 0.0106864469126, -0.0149942794815, 0.0191413294524, -0.00738615123555, 0.0111280484125], [-0.00116062792949, 0.0236155204475, -0.0120992464945, 0.0207637641579, -0.0338961072266, 0.0728231444955, -0.0436917617917, 0.029400287196, -0.00366337690502, 0.0183822996914, -0.0210960227996, 0.0212971065193, -0.00875650253147], [0.0080454936251, -0.0307108908892, 0.0531987398863, -0.0315148383379, 0.0245982501656, -0.0436917617917, 0.108432248235, -0.0834995806217, 0.0319505631924, -0.0212242715061, 0.0167334340513, -0.0145770385861, 0.0291087962687], [-0.00652159657329, 0.0420829430223, -0.0493461415172, 0.036213863641, -0.00912158377469, 0.029400287196, -0.0834995806217, 0.115959472954, -0.053642757237, 0.0327057987452, -0.00613300828263, 0.00731660472229, -0.020988702774], [0.00894178077579, -0.02194772847, 0.0432357862592, -0.027318816632, 0.0106864469126, -0.00366337690502, 0.0319505631924, -0.053642757237, 0.0798254460096, -0.0467966496944, 0.0141155328602, -0.0044695273973, 0.0127315688878], [-0.0061634122394, 0.0265060421079, -0.0324096754193, 0.030473953113, -0.0149942794815, 0.0183822996914, -0.0212242715061, 0.0327057987452, -0.0467966496944, 0.0802684426308, -0.0500260554254, 0.0120083177462, -0.00797676760703], [0.00277100456879, -0.0171706564724, 0.0342200696468, -0.0342318788171, 0.0191413294524, -0.0210960227996, 0.0167334340513, -0.00613300828263, 0.0141155328602, -0.0500260554254, 0.0931371003389, -0.0460577681661, 0.0158373545855], [-0.0018237021286, 0.0129733784124, -0.0282270647585, 0.0267136935145, -0.00738615123555, 0.0212971065193, -0.0145770385861, 0.00731660472229, -0.0044695273973, 0.0120083177462, -0.0460577681661, 0.0727804601192, -0.0244627315551], [0.0037681858521, -0.0110692409799, 0.031666662544, -0.0244636740535, 0.0111280484125, -0.00875650253147, 0.0291087962687, -0.020988702774, 0.0127315688878, -0.00797676760703, 0.0158373545855, -0.0244627315551, 0.065254047513]]
    },
    "melbands": {
        "dmean": [0.000302094704239, 0.000252617464866, 5.42303605471e-05, 0.000181637966307, 3.16238219966e-05, 1.55296747835e-05, 5.50600561837e-05, 4.93360348628e-05, 3.57365061063e-05, 0.000161741059856, 2.3238320864e-05, 2.83930567093e-05, 2.20604924834e-05, 3.61763813999e-05, 9.13800158742e-06, 1.38816785693e-05, 8.31934521557e-05, 7.38853996154e-05, 8.30669887364e-05, 5.96118479734e-05, 7.78474204708e-05, 9.03323671082e-05, 4.99732304888e-05, 3.66432905139e-05, 4.15984577558e-05, 2.62886715063e-05, 1.77436177182e-05, 8.94193271961e-06, 2.34284652834e-06, 4.26058568337e-06, 1.42417968618e-06, 4.76834514984e-07, 1.72766888795e-07, 2.8772548788e-08, 2.53262477656e-08, 1.48473615624e-08, 9.37451538618e-09, 3.02295544152e-09, 1.91197657706e-09, 1.83911708085e-09],
        "dmean2": [0.000480691727716, 0.000357991142664, 8.86162015377e-05, 0.000311246491037, 5.40592882317e-05, 2.51756409853e-05, 9.62715494097e-05, 8.46025868668e-05, 6.37219054624e-05, 0.000248008494964, 3.94944545405e-05, 5.17973130627e-05, 3.96857431042e-05, 6.13377051195e-05, 1.5155105757e-05, 2.47591742664e-05, 0.000123926467495, 0.00011631930829, 0.000136933565955, 0.000100303710497, 0.000133368346724, 0.000158947965247, 8.397136844e-05, 6.16782272118e-05, 6.7243243393e-05, 4.66153651359e-05, 2.98637787637e-05, 1.55127836479e-05, 3.85596013075e-06, 7.41747271604e-06, 2.46887157118e-06, 8.03413229278e-07, 2.96885872331e-07, 4.93564158432e-08, 4.42904379838e-08, 2.5475879184e-08, 1.58447530652e-08, 5.14308506894e-09, 3.16632275954e-09, 3.07760106288e-09],
        "dvar": [6.41496811227e-08, 3.7355178506e-08, 2.80540990438e-09, 3.0963150266e-08, 1.07724806853e-09, 2.70841127303e-10, 3.14145220948e-09, 2.76699618773e-09, 1.38980560394e-09, 2.3188096776e-08, 3.66148639186e-10, 5.8905702538e-10, 4.30174784682e-10, 9.79109349153e-10, 5.94499866002e-11, 1.50675055766e-10, 4.9999098195e-09, 4.26447499535e-09, 5.05397501627e-09, 2.29021024367e-09, 3.90562293617e-09, 5.63343105497e-09, 1.44917156053e-09, 1.00598418484e-09, 1.21694043731e-09, 5.08707631575e-10, 2.05940181575e-10, 6.15345968624e-11, 3.34130574771e-12, 1.29269260227e-11, 1.31125481567e-12, 1.36988565023e-13, 2.77754029629e-14, 7.39972535523e-16, 5.45398744325e-16, 1.46751502136e-16, 6.31230988385e-17, 9.13013505123e-18, 7.74530401128e-18, 7.25650892525e-18],
        "dvar2": [1.25630350567e-07, 6.81703937744e-08, 6.40403774455e-09, 8.08671671848e-08, 2.75205480627e-09, 6.78283096356e-10, 9.60588497634e-09, 8.04366973028e-09, 4.3932653071e-09, 4.70146233056e-08, 9.30879429095e-10, 1.82552895023e-09, 1.24799137691e-09, 2.60857491163e-09, 1.76136577545e-10, 4.60723570406e-10, 1.14792308992e-08, 9.63211022054e-09, 1.29761961176e-08, 6.78366340878e-09, 1.1058417293e-08, 1.53119703583e-08, 4.39124958618e-09, 2.76716671799e-09, 3.37860805999e-09, 1.37360478547e-09, 5.95751004084e-10, 1.85459050894e-10, 9.91338695161e-12, 3.87612511532e-11, 3.43080403496e-12, 4.35089383142e-13, 8.18851483473e-14, 1.86943369008e-15, 1.64339511305e-15, 4.15324341538e-16, 1.7122565888e-16, 1.69967980389e-17, 1.34480228118e-17, 1.18001483371e-17],
        "max": [0.00279978313483, 0.00181761546992, 0.000677818548866, 0.00122390792239, 0.000265546317678, 0.000139847121318, 0.000809390039649, 0.00056686764583, 0.00037100535701, 0.00162860425189, 0.000146846781718, 0.000162999669556, 0.000170610452187, 0.000217829903704, 5.96375321038e-05, 9.72431735136e-05, 0.000738249509595, 0.000658986740746, 0.000753385538701, 0.000357431330485, 0.000450164370704, 0.000559084117413, 0.000308900984237, 0.00026728073135, 0.000315848563332, 0.000181664305273, 0.000108568325231, 6.87325300532e-05, 1.69258273672e-05, 3.0740397051e-05, 1.04093223854e-05, 3.42446128343e-06, 1.49291906837e-06, 2.6645003004e-07, 1.77497781806e-07, 1.10004620524e-07, 6.88691343953e-08, 4.64149216839e-08, 4.75173393966e-08, 5.74398768549e-08],
        "mean": [0.00166936754249, 0.000899245147593, 9.6871626738e-05, 0.000259463704424, 5.13667182531e-05, 1.9959110432e-05, 0.000169276521774, 0.000174872533535, 0.000101796846138, 0.000303340144455, 5.08180564793e-05, 5.03365299664e-05, 4.25249381806e-05, 5.91116913711e-05, 1.83189149539e-05, 2.7685702662e-05, 0.000232172635151, 0.000243729300564, 0.000214903979213, 0.000117306255561, 0.000178084548679, 0.000199354355573, 0.00012372036872, 8.69791765581e-05, 0.000107506159111, 6.6433705797e-05, 4.81610841234e-05, 2.53088528552e-05, 7.97577740741e-06, 1.2009864804e-05, 4.38453434981e-06, 1.41556665767e-06, 4.98803842675e-07, 7.71313679593e-08, 5.53081633825e-08, 4.28234621097e-08, 2.95442266207e-08, 1.08204138982e-08, 6.20107920568e-09, 5.43623324134e-09],
        "median": [0.00165303924587, 0.000852544908412, 8.28223055578e-05, 0.000214490210055, 3.98420743295e-05, 1.47628597915e-05, 0.00011016982171, 0.00015867302136, 9.58090022323e-05, 0.000235557847191, 4.66273086204e-05, 4.29744068242e-05, 3.77989344997e-05, 4.84063675685e-05, 1.63759741554e-05, 2.37140884565e-05, 0.000202351962798, 0.000223825409194, 0.000178745103767, 0.000108692358481, 0.000167325488292, 0.000178018133738, 0.000117324547318, 7.81596099841e-05, 0.000100904719147, 6.29876740277e-05, 4.55684566987e-05, 2.44532930083e-05, 7.80636128184e-06, 1.15281000035e-05, 4.12999224864e-06, 1.33687319703e-06, 4.60606486286e-07, 7.06359557512e-08, 4.99898575868e-08, 4.09193852136e-08, 2.81667649205e-08, 1.04417869906e-08, 5.5242161956e-09, 4.45332437593e-09],
        "min": [7.15511559974e-05, 5.67203314858e-05, 6.15564431428e-06, 9.62491503742e-06, 1.87988700873e-06, 5.8891879462e-07, 3.5526497868e-06, 1.69831105268e-06, 3.58168654202e-06, 4.90188222102e-06, 3.70667521565e-06, 2.08307369576e-06, 1.87779994576e-06, 2.06309618989e-06, 9.97651113721e-07, 2.77285749917e-07, 1.8035998437e-06, 4.84647171106e-06, 2.2033782443e-06, 5.58921828997e-06, 5.16030922881e-06, 2.82532391793e-06, 1.39320297876e-06, 1.54902261329e-06, 4.4829057515e-06, 9.9705437151e-07, 4.24559857493e-07, 2.6334089398e-07, 1.75010669068e-07, 1.51204702092e-07, 5.90400972555e-08, 2.51361704784e-08, 9.53136414239e-09, 6.93627910664e-09, 3.85708887052e-09, 2.00381689019e-09, 2.41440134552e-09, 6.69029276423e-10, 4.54497162128e-10, 5.12464737312e-10],
        "var": [2.40440556354e-07, 1.01856727497e-07, 5.16221732028e-09, 3.67471777452e-08, 1.84389314928e-09, 3.71967984192e-10, 2.46435920559e-08, 9.7509316177e-09, 2.29032659504e-09, 6.48160991545e-08, 7.44561801103e-10, 8.82461437257e-10, 5.67917268768e-10, 1.53756318788e-09, 9.35446789474e-11, 2.61703381188e-10, 2.69761883942e-08, 1.60509738834e-08, 1.98174987531e-08, 3.0031557241e-09, 5.27048094057e-09, 7.5291994861e-09, 2.25557350575e-09, 1.57325463768e-09, 1.96784721851e-09, 7.28382465454e-10, 2.99630986689e-10, 7.95811957999e-11, 5.94162392897e-12, 2.06298676059e-11, 2.66485141245e-12, 2.33221916172e-13, 3.80594366515e-14, 1.14890776048e-15, 7.33706238719e-16, 2.35591176381e-16, 9.46821170851e-17, 1.28044829127e-17, 1.4539542224e-17, 2.15807831851e-17]
    },
    "mfcc": {
        "mean": [-616.994873047, 140.2787323, -91.1145782471, 69.1776275635, 0.152891203761, 6.0738492012, 1.90985238552, 6.33025455475, 20.4054489136, 18.8392982483, 9.78583812714, 5.6005320549, -4.54955720901],
        "cov": [[171.950378418, 8.67522621155, -15.9592370987, 5.13141298294, -17.9232177734, 0.916157901287, -7.52585792542, -12.9212970734, -14.5921392441, -5.67628192902, 0.362972915173, 1.72064113617, -2.41913056374], [8.67522621155, 54.4630279541, 13.4445924759, 5.99947357178, -18.3243141174, -9.60782051086, -15.4269456863, -7.31014442444, -12.6280078888, -11.6194801331, -8.77079582214, 3.41835379601, -1.3810646534], [-15.9592370987, 13.4445924759, 39.8197097778, 12.9879922867, 0.359184890985, -7.567964077, -6.92370033264, -5.14290761948, -9.8206987381, -10.7654304504, -7.2428278923, -3.12609839439, 2.72953248024], [5.13141298294, 5.99947357178, 12.9879922867, 33.3134880066, 7.3595533371, -3.14595460892, -7.28078842163, -7.78781175613, -4.04853105545, -6.45068883896, -3.79676008224, 0.359431952238, 2.8054997921], [-17.9232177734, -18.3243141174, 0.359184890985, 7.3595533371, 43.5358276367, 16.082239151, 4.28294610977, -9.57497692108, 0.122594080865, -2.53815793991, -0.19353595376, -12.4320354462, -5.72828006744], [0.916157901287, -9.60782051086, -7.567964077, -3.14595460892, 16.082239151, 30.0302238464, 9.11587429047, -3.58299732208, -5.87134361267, 1.74079740047, 4.75413894653, -5.95529603958, -6.88493585587], [-7.52585792542, -15.4269456863, -6.92370033264, -7.28078842163, 4.28294610977, 9.11587429047, 37.6493148804, 13.5834999084, 6.83872842789, -0.752556324005, 3.70915961266, -3.97863984108, -6.79684972763], [-12.9212970734, -7.31014442444, -5.14290761948, -7.78781175613, -9.57497692108, -3.58299732208, 13.5834999084, 39.6047401428, 11.3695850372, 5.83867692947, -1.11619091034, -1.50075685978, -6.39695310593], [-14.5921392441, -12.6280078888, -9.8206987381, -4.04853105545, 0.122594080865, -5.87134361267, 6.83872842789, 11.3695850372, 35.4198303223, 9.46402931213, 3.28980946541, -0.0115524539724, 1.26671946049], [-5.67628192902, -11.6194801331, -10.7654304504, -6.45068883896, -2.53815793991, 1.74079740047, -0.752556324005, 5.83867692947, 9.46402931213, 30.4829978943, 8.78767299652, -1.17576897144, -5.0199303627], [0.362972915173, -8.77079582214, -7.2428278923, -3.79676008224, -0.19353595376, 4.75413894653, 3.70915961266, -1.11619091034, 3.28980946541, 8.78767299652, 26.6443996429, 8.99330997467, 2.23076224327], [1.72064113617, 3.41835379601, -3.12609839439, 0.359431952238, -12.4320354462, -5.95529603958, -3.97863984108, -1.50075685978, -0.0115524539724, -1.17576897144, 8.99330997467, 39.2998771667, 23.2537746429], [-2.41913056374, -1.3810646534, 2.72953248024, 2.8054997921, -5.72828006744, -6.88493585587, -6.79684972763, -6.39695310593, 1.26671946049, -5.0199303627, 2.23076224327, 23.2537746429, 43.0912322998]],
