{
"lowlevel": {
    "average_loudness": 0.981588840485,
    "barkbands_crest": {
        "dmean": 2.50487732887,
        "dmean2": 3.99406290054,
        "dvar": 5.6111741066,
        "dvar2": 12.4355831146,
        "max": 22.8891677856,
        "mean": 9.20372772217,
        "median": 8.28300380707,
        "min": 3.12818264961,
        "var": 17.9411582947
    },
    "barkbands_flatness_db": {
        "dmean": 0.0431901887059,
        "dmean2": 0.0665365159512,
        "dvar": 0.00149677728768,
        "dvar2": 0.00358211295679,
        "max": 0.353712111712,
        "mean": 0.218269571662,
        "median": 0.229355752468,
        "min": 0.0671408101916,
        "var": 0.00396968238056
    },
    "barkbands_kurtosis": {
        "dmean": 1.52545022964,
        "dmean2": 2.34941792488,
        "dvar": 4.14803028107,
        "dvar2": 8.56231498718,
        "max": 20.0214481354,
        "mean": 1.85300338268,
        "median": 1.02586460114,
        "min": -1.47701191902,
        "var": 8.64074707031
    },
    "barkbands_skewness": {
        "dmean": 0.431482434273,
        "dmean2": 0.649056494236,
        "dvar": 0.192095503211,
        "dvar2": 0.449811398983,
        "max": 3.09675598145,
        "mean": 1.11975705624,
        "median": 1.11203229427,
        "min": -0.684112668037,
        "var": 0.460126459599
    },
    "barkbands_spread": {
        "dmean": 3.83868527412,
        "dmean2": 6.37362527847,
        "dvar": 24.5423259735,
        "dvar2": 54.7342185974,
        "max": 37.9647331238,
        "mean": 11.5938940048,
        "median": 8.77967262268,
        "min": 2.34543538094,
        "var": 54.6796188354
    },
    "dissonance": {
        "dmean": 0.0342540964484,
        "dmean2": 0.0566714368761,
        "dvar": 0.000891734147444,
        "dvar2": 0.00209288205951,
        "max": 0.498215079308,
        "mean": 0.41587767005,
        "median": 0.412525594234,
        "min": 0.294802427292,
        "var": 0.0024822994601
    },
    "dynamic_complexity": 2.48435974121,
    "erbbands_crest": {
        "dmean": 2.63747692108,
        "dmean2": 4.39125013351,
        "dvar": 5.9369263649,
        "dvar2": 14.8611450195,
        "max": 19.9027957916,
        "mean": 8.97404003143,
        "median": 8.08208179474,
        "min": 3.6645925045,
        "var": 12.2678632736
    },
    "erbbands_flatness_db": {
        "dmean": 0.0387245006859,
        "dmean2": 0.0625722780824,
        "dvar": 0.00130070361774,
        "dvar2": 0.00298887910321,
        "max": 0.383148401976,
        "mean": 0.280184984207,
        "median": 0.29541888833,
        "min": 0.150111958385,
        "var": 0.0032321123872
    },
    "erbbands_kurtosis": {
        "dmean": 0.863030195236,
        "dmean2": 1.41871416569,
        "dvar": 1.1698898077,
        "dvar2": 2.73738074303,
        "max": 10.5435390472,
        "mean": 0.39116024971,
        "median": -0.0010724067688,
        "min": -1.3021696806,
        "var": 2.18852329254
    },
    "erbbands_skewness": {
        "dmean": 0.368375718594,
        "dmean2": 0.569078087807,
        "dvar": 0.134552195668,
        "dvar2": 0.347876012325,
        "max": 2.73753714561,
        "mean": 0.642118155956,
        "median": 0.585842251778,
        "min": -1.2325565815,
        "var": 0.360648214817
    },
    "erbbands_spread": {
        "dmean": 5.67537593842,
        "dmean2": 9.2278585434,
        "dvar": 50.7732582092,
        "dvar2": 106.419692993,
        "max": 71.2900543213,
        "mean": 20.6167755127,
        "median": 17.2328071594,
        "min": 6.80382061005,
        "var": 113.851150513
    },
    "hfc": {
        "dmean": 12.8206253052,
        "dmean2": 20.0980510712,
        "dvar": 245.62600708,
        "dvar2": 672.959533691,
        "max": 81.9085540771,
        "mean": 22.4227180481,
        "median": 16.6568984985,
        "min": 0.0350287556648,
        "var": 342.71206665
    },
    "melbands_crest": {
        "dmean": 3.32671546936,
        "dmean2": 5.02866125107,
        "dvar": 8.84491157532,
        "dvar2": 19.026638031,
        "max": 25.9860572815,
        "mean": 12.4145355225,
        "median": 11.0112924576,
        "min": 3.14152121544,
        "var": 23.6203346252
    },
    "melbands_flatness_db": {
        "dmean": 0.0473551228642,
        "dmean2": 0.0740101188421,
        "dvar": 0.0021126572974,
        "dvar2": 0.00503916386515,
        "max": 0.378174036741,
        "mean": 0.228687733412,
        "median": 0.239252150059,
        "min": 0.0473928563297,
        "var": 0.00524376798421
    },
    "melbands_kurtosis": {
        "dmean": 2.5579226017,
        "dmean2": 3.79589414597,
        "dvar": 7.75038146973,
        "dvar2": 15.4020938873,
        "max": 22.4096927643,
        "mean": 4.3663277626,
        "median": 3.11444664001,
        "min": -1.20194637775,
        "var": 18.7214679718
    },
    "melbands_skewness": {
        "dmean": 0.477757185698,
        "dmean2": 0.697236776352,
        "dvar": 0.185463935137,
        "dvar2": 0.412551939487,
        "max": 3.5632379055,
        "mean": 1.59471464157,
        "median": 1.46658313274,
        "min": 0.193963900208,
        "var": 0.511516034603
    },
    "melbands_spread": {
        "dmean": 7.2855963707,
        "dmean2": 12.247759819,
        "dvar": 133.669525146,
        "dvar2": 383.138031006,
        "max": 79.2709655762,
        "mean": 17.6530437469,
        "median": 13.668633461,
        "min": 3.1669254303,
        "var": 186.424621582
    },
    "pitch_salience": {
        "dmean": 0.0673426538706,
        "dmean2": 0.101161293685,
        "dvar": 0.00325717148371,
        "dvar2": 0.00704436562955,
        "max": 0.870458066463,
        "mean": 0.676075816154,
        "median": 0.698966145515,
        "min": 0.313304007053,
        "var": 0.0109942369163
    },
    "silence_rate_20dB": {
        "dmean": 0,
        "dmean2": 0,
        "dvar": 0,
        "dvar2": 0,
        "max": 1,
        "mean": 1,
        "median": 1,
        "min": 1,
        "var": 0
    },
    "silence_rate_30dB": {
        "dmean": 0,
        "dmean2": 0,
        "dvar": 0,
        "dvar2": 0,
        "max": 1,
        "mean": 1,
        "median": 1,
        "min": 1,
        "var": 0
    },
    "silence_rate_60dB": {
        "dmean": 0.0352941192687,
        "dmean2": 0.0710059180856,
        "dvar": 0.0340484268963,
        "dvar2": 0.0896329060197,
        "max": 1,
        "mean": 0.0701754391193,
        "median": 0,
        "min": 0,
        "var": 0.0652510151267
    },
    "spectral_centroid": {
        "dmean": 346.222839355,
        "dmean2": 554.392822266,
        "dvar": 207662.515625,
        "dvar2": 558268,
        "max": 3257.15527344,
        "mean": 1200.39379883,
        "median": 1024.59313965,
        "min": 581.767150879,
        "var": 351723.25
    },
    "spectral_complexity": {
        "dmean": 5.6235294342,
        "dmean2": 9.21301746368,
        "dvar": 38.4229278564,
        "dvar2": 95.5877914429,
        "max": 39,
        "mean": 17.9122810364,
        "median": 16,
        "min": 0,
        "var": 71.1326675415
    },
    "spectral_decrease": {
        "dmean": 2.01267291722e-09,
        "dmean2": 2.90304180695e-09,
        "dvar": 5.01786412497e-18,
        "dvar2": 1.01839714234e-17,
        "max": -8.97082321621e-12,
        "mean": -5.53437518036e-09,
        "median": -4.93164753479e-09,
        "min": -1.58426001207e-08,
        "var": 1.48744014796e-17
    },
    "spectral_energy": {
        "dmean": 0.00863178819418,
        "dmean2": 0.0125371199101,
        "dvar": 9.00908416952e-05,
        "dvar2": 0.000188914273167,
        "max": 0.064266435802,
        "mean": 0.0229217950255,
        "median": 0.0207116380334,
        "min": 3.70352063328e-05,
        "var": 0.000254229758866
    },
    "spectral_energyband_high": {
        "dmean": 0.000584955094382,
        "dmean2": 0.00111524562817,
        "dvar": 1.17399360988e-06,
        "dvar2": 3.32378590429e-06,
        "max": 0.00485686957836,
        "mean": 0.000441603799118,
        "median": 5.12753613293e-05,
        "min": 3.61358672762e-07,
        "var": 9.16648218663e-07
    },
    "spectral_energyband_low": {
        "dmean": 1.03290403786e-05,
        "dmean2": 1.6523839804e-05,
        "dvar": 1.26642960008e-10,
        "dvar2": 2.99040958662e-10,
        "max": 0.000111272645881,
        "mean": 1.78041973413e-05,
        "median": 1.35534755827e-05,
        "min": 3.12786426093e-07,
        "var": 2.76482642336e-10
    },
    "spectral_energyband_middle_high": {
        "dmean": 0.00627947691828,
        "dmean2": 0.00921904388815,
        "dvar": 5.89383707847e-05,
        "dvar2": 0.000138613628224,
        "max": 0.0456008091569,
        "mean": 0.00953623000532,
        "median": 0.00569240888581,
        "min": 1.08794229163e-05,
        "var": 0.000100424134871
    },
    "spectral_energyband_middle_low": {
        "dmean": 0.00397592969239,
        "dmean2": 0.00563259422779,
        "dvar": 1.56502992468e-05,
        "dvar2": 3.00379106193e-05,
        "max": 0.0434137247503,
        "mean": 0.0133028905839,
        "median": 0.0129785640165,
        "min": 2.47323332587e-05,
        "var": 7.85283336882e-05
    },
    "spectral_entropy": {
        "dmean": 0.313763916492,
        "dmean2": 0.493647515774,
        "dvar": 0.100700072944,
        "dvar2": 0.230770602822,
        "max": 8.36825942993,
        "mean": 7.24180078506,
        "median": 7.15242862701,
        "min": 6.29343080521,
        "var": 0.235308334231
    },
    "spectral_flux": {
        "dmean": 0.0263568125665,
        "dmean2": 0.0406426116824,
        "dvar": 0.000905064982362,
        "dvar2": 0.00183382467367,
        "max": 0.200540572405,
        "mean": 0.0749875307083,
        "median": 0.0620786510408,
        "min": 0.00457017682493,
        "var": 0.001696353429
    },
    "spectral_kurtosis": {
        "dmean": 5.78496789932,
        "dmean2": 10.3703422546,
        "dvar": 34.4482879639,
        "dvar2": 99.0857391357,
        "max": 31.9792518616,
        "mean": 8.875041008,
        "median": 6.287774086,
        "min": 0.595577955246,
        "var": 45.8614044189
    },
    "spectral_rms": {
        "dmean": 0.000871612282936,
        "dmean2": 0.00124208943453,
        "dvar": 8.21755122615e-07,
        "dvar2": 1.64168625361e-06,
        "max": 0.00791826751083,
        "mean": 0.00437084585428,
        "median": 0.00449516158551,
        "min": 0.000190083956113,
        "var": 3.25842097482e-06
    },
    "spectral_rolloff": {
        "dmean": 527.436828613,
        "dmean2": 925.92767334,
        "dvar": 559585.5,
        "dvar2": 1414209.25,
        "max": 5447.90039062,
        "mean": 1584.64294434,
        "median": 1270.45898438,
        "min": 559.86328125,
        "var": 922317.5625
    },
    "spectral_skewness": {
        "dmean": 0.521028876305,
        "dmean2": 0.890774905682,
        "dvar": 0.220090463758,
        "dvar2": 0.60517334938,
        "max": 3.61613082886,
        "mean": 1.86521828175,
        "median": 1.76757919788,
        "min": 0.651877999306,
        "var": 0.409231007099
    },
    "spectral_spread": {
        "dmean": 729352.1875,
        "dmean2": 1173967.375,
        "dvar": 1.22408271872e+12,
        "dvar2": 1.66888787149e+12,
        "max": 15402398,
        "mean": 2734853.5,
        "median": 2367328.5,
        "min": 1459131.125,
        "var": 1.9470998569e+12
    },
    "spectral_strongpeak": {
        "dmean": 0.672452032566,
        "dmean2": 1.15363621712,
        "dvar": 0.463004618883,
        "dvar2": 1.25760376453,
        "max": 4.5074467659,
        "mean": 1.55592727661,
        "median": 1.44540464878,
        "min": 0.0212306529284,
        "var": 0.867117881775
    },
    "zerocrossingrate": {
        "dmean": 0.0085851335898,
        "dmean2": 0.010606393218,
        "dvar": 8.5299659986e-05,
        "dvar2": 0.000104494974948,
        "max": 0.13671875,
        "mean": 0.0515864863992,
        "median": 0.0458984375,
        "min": 0.0244140625,
        "var": 0.000454683759017
    },
    "barkbands": {
        "dmean": [3.7975709688e-08, 1.35172911087e-07, 5.60386160942e-06, 1.0377038052e-05, 0.000862690620124, 0.000879528932273, 0.00110544171184, 0.0019309129566, 0.00163542281371, 0.00256812176667, 0.00138004508335, 0.000655441835988, 0.000504738418385, 0.000754665816203, 0.000423882418545, 0.000348838977516, 0.000317910278682, 0.00038009864511, 0.000387839128962, 0.000162611075211, 0.000293057848467, 0.000108658401587, 0.000100007084257, 3.87004620279e-05, 1.6315616449e-05, 7.93116851128e-06, 8.79047490798e-07],
        "dmean2": [4.78374353463e-08, 2.05236332818e-07, 8.41663404572e-06, 1.70264302142e-05, 0.0011956517119, 0.00130581518169, 0.00164835352916, 0.00256970757619, 0.00246612704359, 0.00424591405317, 0.00220732833259, 0.00091664341744, 0.000760099152103, 0.0011388839921, 0.000732759886887, 0.000598738493863, 0.000560494605452, 0.000660444085952, 0.000725127698388, 0.000306380301481, 0.000563268025871, 0.000200734881219, 0.000186405348359, 6.92376415827e-05, 3.17088415613e-05, 1.50000496433e-05, 1.67989912825e-06],
        "dvar": [1.16727035481e-13, 3.21338279336e-13, 3.68971936338e-11, 4.70250949292e-10, 1.16063540645e-06, 2.69731526714e-06, 2.34062258642e-06, 3.44265708918e-06, 4.19343359681e-06, 1.63666391018e-05, 5.21543324794e-06, 8.33773185605e-07, 5.32527337782e-07, 1.84691828053e-06, 3.54259924507e-07, 2.7162235483e-07, 2.54910816011e-07, 3.27794367649e-07, 1.34799950047e-06, 1.3551165523e-07, 3.59235343694e-07, 7.2231173931e-08, 4.46743513294e-08, 9.13772701949e-09, 1.14347709079e-09, 3.09991060599e-10, 3.57022874806e-12],
        "dvar2": [1.17456974594e-13, 3.62760765437e-13, 7.39638489344e-11, 1.10664688524e-09, 2.31640638049e-06, 5.91541811445e-06, 4.53613665741e-06, 5.71010696149e-06, 7.74241198087e-06, 4.25289545092e-05, 1.1987981452e-05, 1.53867210884e-06, 1.20799779779e-06, 3.52172787643e-06, 7.86645216522e-07, 7.29226428575e-07, 7.25831682757e-07, 8.62123044953e-07, 4.05215450883e-06, 3.9111461092e-07, 1.15011323487e-06, 1.63978683076e-07, 1.05434040165e-07, 2.22497238411e-08, 3.22305204747e-09, 8.41864300494e-10, 9.88359914744e-12],
        "max": [4.47544698545e-06, 7.28556369722e-06, 5.26467374584e-05, 0.000258499174379, 0.00880023743957, 0.022312477231, 0.0164709128439, 0.0164374839514, 0.0237054321915, 0.0198933202773, 0.0204649791121, 0.00851712189615, 0.00495699699968, 0.0111108804122, 0.00320393289439, 0.00286149117164, 0.00280876946636, 0.0033456676174, 0.00825862586498, 0.00225657899864, 0.0029309517704, 0.00238697393797, 0.0016104450915, 0.000841812987346, 0.000141628712299, 0.000104735285277, 8.80779589352e-06],
        "mean": [3.52674121018e-08, 1.231128266e-07, 9.94550282485e-06, 1.30031230583e-05, 0.00160659686662, 0.00145183701534, 0.00253179646097, 0.00403649359941, 0.00322016258724, 0.00256073870696, 0.00177430477925, 0.00123461021576, 0.000909289054107, 0.00115962245036, 0.000544867129065, 0.000347492197761, 0.000366459076758, 0.000344680185663, 0.000283620262053, 0.000121275334095, 0.000190274076886, 9.36865544645e-05, 7.43394048186e-05, 3.04459226754e-05, 1.01828745755e-05, 5.37901132702e-06, 5.60824162221e-07],
        "median": [3.93887766847e-09, 3.95347541371e-08, 7.23411585568e-06, 8.12169673736e-06, 0.000728419632651, 0.000695475260727, 0.00080435408745, 0.00292418897152, 0.0015591661213, 0.000688393891323, 0.000741024618037, 0.000606163404882, 0.000485130556626, 0.00031446813955, 0.000322177715134, 0.00016937959299, 0.000183050258784, 9.84800281003e-05, 4.33912719018e-05, 2.68832827715e-05, 1.77758502105e-05, 8.15947987576e-06, 4.7453654588e-06, 9.60731767918e-07, 1.93838076257e-07, 4.99809651444e-08, 1.31937838432e-08],
        "min": [4.98552865658e-11, 1.61987445679e-09, 2.16499174144e-08, 1.27047769638e-07, 3.41107829627e-06, 2.53191660704e-06, 1.00363911315e-06, 4.07674360758e-06, 3.44057730217e-06, 1.76811539632e-07, 1.19091077977e-06, 1.75553253712e-07, 1.13590104434e-07, 4.0074911567e-07, 3.24571772126e-07, 4.68246616947e-06, 6.68017378302e-07, 2.7676423997e-07, 9.6370592928e-07, 2.91350403359e-07, 1.58480162327e-07, 1.45889575975e-08, 5.67760238823e-08, 8.13322920123e-09, 7.53313855739e-10, 6.68374466883e-10, 4.56867127463e-10],
        "var": [1.16258023174e-13, 3.17355977652e-13, 9.18878861889e-11, 5.54077506099e-10, 3.93937989429e-06, 6.30108979749e-06, 1.33422481667e-05, 1.27878665808e-05, 1.41554764923e-05, 1.85739918379e-05, 6.11417408436e-06, 2.43284875978e-06, 1.04805224055e-06, 3.78262006961e-06, 4.14668278381e-07, 2.48002635317e-07, 2.27750433623e-07, 2.98312329505e-07, 8.30717965528e-07, 8.81852386669e-08, 2.31130044881e-07, 7.42448236224e-08, 4.32004512163e-08, 8.58014903571e-09, 7.47042205873e-10, 2.27137933462e-10, 2.31956793183e-12]
    },
    "erbbands": {
        "dmean": [3.9609126361e-06, 8.65195834194e-05, 0.00367428199388, 0.0236721541733, 0.0668162852526, 2.14965057373, 9.21906089783, 7.95620250702, 20.5211277008, 18.9098110199, 34.009727478, 47.3654022217, 52.8229217529, 67.8014831543, 44.7228088379, 20.4100379944, 20.1609268188, 41.242855072, 22.7415237427, 19.4699726105, 19.4967079163, 18.7986030579, 20.6964206696, 13.6676940918, 24.6773605347, 7.46713447571, 8.16628074646, 12.6821460724, 3.84831404686, 3.79082989693, 2.85890889168, 1.32698523998, 0.423863321543, 0.164777964354, 0.132347077131, 0.0538521669805, 0.0105066485703, 0.00169722805731, 0.000150612395373, 1.55627767526e-05],
        "dmean2": [5.05356138092e-06, 0.000135070935357, 0.0056485873647, 0.0385322123766, 0.0935037061572, 3.10236644745, 13.6729278564, 11.6583003998, 30.1975841522, 24.7303161621, 46.3247146606, 71.8049468994, 84.4027252197, 107.018547058, 70.1848220825, 29.8549575806, 29.6883773804, 58.9071044922, 37.4818077087, 33.156993866, 33.6765327454, 33.4010887146, 35.1541366577, 24.7439231873, 46.7767791748, 14.0296134949, 15.6098794937, 24.4018344879, 6.98688077927, 7.27759599686, 5.29489994049, 2.44262742996, 0.773855984211, 0.310283631086, 0.255801916122, 0.103463225067, 0.0197557099164, 0.00334626366384, 0.000284420966636, 2.48041324085e-05],
        "dvar": [3.71668279486e-10, 2.06484660481e-08, 1.51017738972e-05, 0.000933923642151, 0.0103894993663, 6.72217607498, 175.879669189, 309.241027832, 738.189941406, 408.27432251, 1249.66320801, 3758.8762207, 6538.18896484, 10126.640625, 4550.61083984, 592.15032959, 600.759033203, 5379.35595703, 822.850158691, 1163.53271484, 839.637573242, 817.811462402, 1135.17443848, 464.894073486, 6785.09716797, 287.951049805, 240.161148071, 813.18572998, 69.4746017456, 77.0476989746, 45.5166625977, 8.9199552536, 1.08654677868, 0.117394596338, 0.0834187790751, 0.0148193854839, 0.000520932255313, 1.39822241181e-05, 1.07388316906e-07, 3.59365981417e-10],
        "dvar2": [3.83849896313e-10, 3.07876533157e-08, 3.22327177855e-05, 0.00228349748068, 0.0153089193627, 14.3134031296, 360.084747314, 688.567077637, 1447.73046875, 606.698852539, 2611.54394531, 6796.94091797, 14603.1865234, 26631.890625, 10424.3916016, 1152.22058105, 1230.80175781, 11143.3486328, 1862.97888184, 2721.97143555, 2172.59790039, 2339.96606445, 2923.53393555, 1343.7734375, 20391.6914062, 834.347717285, 697.63671875, 2700.57836914, 172.324661255, 170.319000244, 108.093597412, 21.3765277863, 2.78095531464, 0.331742882729, 0.237175822258, 0.0405670180917, 0.001431494602, 3.84334598493e-05, 2.93380566063e-07, 9.47611544788e-10],
        "max": [0.000252440891927, 0.00157585320994, 0.0328603461385, 0.293598651886, 1.42353141308, 19.0757522583, 101.953277588, 237.005599976, 292.937561035, 229.699615479, 322.621856689, 681.154602051, 551.895385742, 487.410125732, 519.075439453, 196.067489624, 196.593139648, 508.212097168, 242.761413574, 222.024581909, 156.497283936, 149.459579468, 233.287414551, 104.512931824, 589.395080566, 111.240753174, 81.0235595703, 160.632507324, 66.5051727295, 69.3371047974, 59.2873153687, 20.9776763916, 8.99577140808, 1.8684630394, 1.46454560757, 0.767661929131, 0.103607341647, 0.0190266128629, 0.0016665001167, 0.000105960200017],
        "mean": [7.28466375222e-06, 0.000149245228386, 0.00647231983021, 0.0380066074431, 0.13128452003, 4.15407657623, 16.3892536163, 13.4489021301, 46.7001533508, 43.5556144714, 69.9933700562, 95.4149780273, 72.592300415, 77.0838317871, 62.6279678345, 41.5467224121, 39.1421051025, 61.2122955322, 38.6691246033, 24.5329265594, 19.9650840759, 21.0307693481, 19.7192344666, 11.7951078415, 17.1433506012, 5.61330604553, 5.49036884308, 8.25761127472, 3.22179508209, 3.09311890602, 2.10972738266, 1.05104160309, 0.300899118185, 0.108680389822, 0.078988134861, 0.0359227657318, 0.00696401577443, 0.00110417930409, 0.000109360495117, 3.13889977406e-05],
        "median": [4.14994974562e-06, 0.000103527418105, 0.00509656220675, 0.0270360540599, 0.0837128609419, 1.83714139462, 5.95068311691, 6.04015636444, 15.5595121384, 31.6509819031, 56.9413299561, 45.9435119629, 26.8432369232, 32.6895561218, 27.3225078583, 26.0287952423, 25.2139492035, 25.6930274963, 27.2514896393, 13.9626531601, 9.06827354431, 10.0693511963, 6.28845310211, 3.02834534645, 2.21760487556, 1.16460371017, 0.809640705585, 0.641419112682, 0.320230334997, 0.217651307583, 0.101983726025, 0.0391568876803, 0.00976544898003, 0.00265122763813, 0.00109022797551, 0.000342370854924, 7.933206507e-05, 1.40656211443e-05, 1.42530279845e-05, 2.57771462202e-05],
        "min": [2.82426924514e-07, 7.88729812484e-06, 0.00010821907199, 0.000807927397545, 0.00634208880365, 0.0120911914855, 0.0179921574891, 0.0223709177226, 0.0173699967563, 0.0397208929062, 0.0932977944613, 0.0835728347301, 0.0176944956183, 0.0347876921296, 0.0272844750434, 0.00971014797688, 0.00604264205322, 0.0176391191781, 0.024476673454, 0.0659849569201, 0.269604712725, 0.0521162003279, 0.014145729132, 0.0529454015195, 0.030059620738, 0.0126633467153, 0.00862590037286, 0.00388352107257, 0.000635414966382, 0.00187913153786, 0.00103154568933, 0.00041827178211, 3.64724437532e-05, 8.30175304145e-06, 6.73733893564e-06, 4.60497403765e-06, 1.1422564512e-06, 2.83829592718e-07, 4.18969193561e-07, 3.70776632508e-07],
        "var": [3.7510572426e-10, 2.58498609185e-08, 3.49208567059e-05, 0.00149240496103, 0.0286084357649, 21.2955436707, 515.483947754, 655.726928711, 4022.68212891, 1641.51721191, 3139.37646484, 12504.4208984, 11257.6582031, 10596.9345703, 5983.9375, 1721.27087402, 1360.10058594, 8750.6015625, 1648.71569824, 1193.71716309, 757.512939453, 743.800720215, 1045.08850098, 359.068939209, 4115.46191406, 189.788864136, 152.331817627, 523.766418457, 68.1285018921, 77.2801437378, 44.2312393188, 9.20278072357, 0.88019412756, 0.085507594049, 0.0519455969334, 0.0101297916844, 0.000378141237888, 9.00825125427e-06, 7.38838750181e-08, 5.50738121774e-10]
    },
    "gfcc": {
        "mean": [-73.1877212524, 100.503334045, -211.769348145, -31.1780910492, -96.3827819824, -33.1064414978, -44.6686859131, -21.3627586365, -17.394115448, -12.527674675, -14.1426954269, -7.57836723328, -10.0590324402],
        "cov": [[5128.41894531, -2043.86816406, -272.602539062, -217.026611328, -553.652832031, 242.510894775, -270.627655029, 286.664154053, -444.587097168, 217.808761597, -166.882415771, 356.137573242, -16.3203792572], [-2043.86816406, 2925.07617188, -472.905090332, -498.112945557, 532.411376953, -467.824645996, 368.2734375, -562.745788574, 310.634155273, -293.547637939, 326.375030518, -277.181274414, 200.697402954], [-272.602539062, -472.905090332, 475.379455566, 188.03755188, -26.9980182648, 111.829788208, -105.608421326, 137.485778809, -77.2481536865, 73.5830307007, -73.4472808838, 60.7356338501, -78.5819396973], [-217.026611328, -498.112945557, 188.03755188, 351.902099609, -61.0964393616, 79.0308456421, -74.1708679199, 104.597267151, -17.7008075714, 30.472776413, -51.3274650574, 34.9533538818, -29.9865512848], [-553.652832031, 532.411376953, -26.9980182648, -61.0964393616, 237.899078369, -70.1435699463, 83.5224533081, -84.1622695923, 29.2670230865, -37.8664855957, 26.1758136749, -76.3699188232, 41.0400772095], [242.510894775, -467.824645996, 111.829788208, 79.0308456421, -70.1435699463, 152.410369873, -42.9935493469, 107.179748535, -43.2317886353, 38.9600830078, -60.9374809265, 24.8346214294, -54.779209137], [-270.627655029, 368.2734375, -105.608421326, -74.1708679199, 83.5224533081, -42.9935493469, 107.88874054, -48.7948532104, 58.481426239, -50.0778770447, 31.2550468445, -64.155456543, 13.1414022446], [286.664154053, -562.745788574, 137.485778809, 104.597267151, -84.1622695923, 107.179748535, -48.7948532104, 171.48487854, -58.0595474243, 57.8115921021, -83.8752212524, 40.1219711304, -61.5582771301], [-444.587097168, 310.634155273, -77.2481536865, -17.7008075714, 29.2670230865, -43.2317886353, 58.481426239, -58.0595474243, 119.001174927, -43.5554084778, 38.1023902893, -55.1321678162, 1.25632810593], [217.808761597, -293.547637939, 73.5830307007, 30.472776413, -37.8664855957, 38.9600830078, -50.0778770447, 57.8115921021, -43.5554084778, 68.8086929321, -36.2947349548, 30.3692493439, -24.6989173889], [-166.882415771, 326.375030518, -73.4472808838, -51.3274650574, 26.1758136749, -60.9374809265, 31.2550468445, -83.8752212524, 38.1023902893, -36.2947349548, 80.1719055176, -8.42335319519, 29.0488071442], [356.137573242, -277.181274414, 60.7356338501, 34.9533538818, -76.3699188232, 24.8346214294, -64.155456543, 40.1219711304, -55.1321678162, 30.3692493439, -8.42335319519, 86.6950683594, -5.44894123077], [-16.3203792572, 200.697402954, -78.5819396973, -29.9865512848, 41.0400772095, -54.779209137, 13.1414022446, -61.5582771301, 1.25632810593, -24.6989173889, 29.0488071442, -5.44894123077, 57.667175293]],
        "icov": [[0.000748732883949, 0.000359115336323, 0.00096299307188, 0.000781141745392, 0.000663966406137, -0.000276236183709, -0.00041226981557, 0.000161485761055, 0.00174299289938, -0.000315377343213, 0.000364194129361, -0.00139605056029, -0.00027649346157], [0.000359115336323, 0.00424054358155, -0.00107820052654, 0.00263885804452, -0.00289138662629, 0.00365005433559, -0.00208177301101, 0.0031902231276, -0.00110328674782, 0.00452015455812, -0.00486916350201, 0.0023615618702, -0.000712878187187], [0.00096299307188, -0.00107820052654, 0.00676319096237, -0.00126571231522, -0.00110317789949, -0.00179905619007, 0.00449038855731, -0.00194077182095, 0.00403890060261, -0.00132758135442, 0.00159516697749, -0.00425648549572, 0.00670167710632], [0.000781141745392, 0.00263885804452, -0.00126571231522, 0.00685344683006, -0.00115253217518, 0.000926710548811, 0.00169520126656, -0.00152839324437, -0.00200107763521, 0.00381681742147, -0.00273750140332, 0.000886887777597, -0.00430007837713], [0.000663966406137, -0.00289138662629, -0.00110317789949, -0.00115253217518, 0.01343538519, -0.00197545695119, -0.00695259822533, 0.00155421195086, 0.0058126905933, -0.00655950093642, 0.00654005166143, 0.00204987544566, -0.00608332781121], [-0.000276236183709, 0.00365005433559, -0.00179905619007, 0.000926710548811, -0.00197545695119, 0.0179384723306, -0.000369677232811, -0.000422902958235, 0.00085944897728, 0.00669414969161, -0.00214558443986, 0.00521496823058, 0.00774973165244], [-0.00041226981557, -0.00208177301101, 0.00449038855731, 0.00169520126656, -0.00695259822533, -0.000369677232811, 0.0347010679543, -0.0116183469072, -0.00372784468345, 0.0111281406134, -0.00556811550632, 0.00987611711025, 0.00700105493888], [0.000161485761055, 0.0031902231276, -0.00194077182095, -0.00152839324437, 0.00155421195086, -0.000422902958235, -0.0116183469072, 0.0276766065508, 0.00336454552598, -0.00162459176499, 0.0110606560484, -0.00402544159442, 0.00946627929807], [0.00174299289938, -0.00110328674782, 0.00403890060261, -0.00200107763521, 0.0058126905933, 0.00085944897728, -0.00372784468345, 0.00336454552598, 0.0245411563665, 0.000924613850657, -0.00031210941961, 0.00374722806737, 0.0102896280587], [-0.000315377343213, 0.00452015455812, -0.00132758135442, 0.00381681742147, -0.00655950093642, 0.00669414969161, 0.0111281406134, -0.00162459176499, 0.000924613850657, 0.0367532223463, -0.00318586756475, 0.00438975449651, 0.00885292887688], [0.000364194129361, -0.00486916350201, 0.00159516697749, -0.00273750140332, 0.00654005166143, -0.00214558443986, -0.00556811550632, 0.0110606560484, -0.00031210941961, -0.00318586756475, 0.039272043854, -0.0151063716039, 0.00161496421788], [-0.00139605056029, 0.0023615618702, -0.00425648549572, 0.000886887777597, 0.00204987544566, 0.00521496823058, 0.00987611711025, -0.00402544159442, 0.00374722806737, 0.00438975449651, -0.0151063716039, 0.0360416173935, -0.00419210642576], [-0.00027649346157, -0.000712878187187, 0.00670167710632, -0.00430007837713, -0.00608332781121, 0.00774973165244, 0.00700105493888, 0.00946627929807, 0.0102896280587, 0.00885292887688, 0.00161496421788, -0.00419210642576, 0.049198359251]]
    },
    "melbands": {
        "dmean": [3.07726644166e-08, 1.4049891206e-06, 4.27755594501e-06, 4.22235425503e-05, 0.000297898193821, 0.000184852411621, 0.000281205313513, 0.000286061927909, 0.000235768413404, 0.000304551213048, 0.000295423989883, 0.00030600655009, 0.000183062511496, 6.86780404067e-05, 6.34758980596e-05, 6.27071567578e-05, 7.55987639423e-05, 3.91457688238e-05, 3.24577849824e-05, 2.10902198887e-05, 2.45026258199e-05, 1.91848648683e-05, 2.00612284971e-05, 1.75571294676e-05, 9.65809795161e-06, 1.73454536707e-05, 1.32184622998e-05, 3.09403617393e-06, 4.82692303194e-06, 6.89409762344e-06, 6.53735514788e-06, 1.95935763259e-06, 2.32907336795e-06, 1.94167523659e-06, 1.7604037339e-06, 1.30344596982e-06, 6.54669747746e-07, 3.50385988668e-07, 1.5895108163e-07, 1.25411077079e-07],
        "dmean2": [4.28664499452e-08, 2.14823830902e-06, 6.54649920762e-06, 6.597484753e-05, 0.000428305851528, 0.000271118653473, 0.000415873102611, 0.000372671172954, 0.000326631532516, 0.000457829795778, 0.00047505623661, 0.000491598562803, 0.000290086667519, 0.000100229408417, 9.97971292236e-05, 9.2984548246e-05, 0.000107379666588, 6.68057982693e-05, 5.60252046853e-05, 3.47482200596e-05, 4.3219915824e-05, 3.39851903846e-05, 3.48568864865e-05, 3.00677456835e-05, 1.74290344148e-05, 3.27089619532e-05, 2.50582179433e-05, 5.75450803808e-06, 9.24093637877e-06, 1.32524637593e-05, 1.26477698359e-05, 3.45983335137e-06, 4.30030013376e-06, 3.64703828382e-06, 3.18384445563e-06, 2.53211896961e-06, 1.13738747132e-06, 6.43346311335e-07, 3.00661042729e-07, 2.37602293396e-07],
        "dvar": [3.25665093037e-14, 2.24937668318e-12, 6.69130445496e-11, 2.7911812861e-09, 1.62217233424e-07, 1.38299824926e-07, 1.39021793188e-07, 8.60597921815e-08, 6.69851303314e-08, 1.60901379331e-07, 2.11396255168e-07, 2.21105366904e-07, 9.31405210736e-08, 1.07327382537e-08, 6.53906573334e-09, 9.18202758271e-09, 1.77545746993e-08, 2.51350473768e-09, 2.17882245579e-09, 1.85175896839e-09, 1.53187451613e-09, 8.74953942631e-10, 9.77142033953e-10, 8.19752321579e-10, 2.38515956985e-10, 2.94529289846e-09, 1.86477677744e-09, 3.66877084268e-11, 9.4571975251e-11, 1.98674021679e-10, 2.17748208353e-10, 2.02939592214e-11, 3.43064014696e-11, 1.76718622374e-11, 1.94514595403e-11, 9.1410837233e-12, 2.98461624339e-12, 9.82704802949e-13, 1.02616150982e-13, 7.5190376115e-14],
        "dvar2": [3.40484374907e-14, 4.6315451474e-12, 1.28806090793e-10, 6.52850085103e-09, 3.29040972247e-07, 3.07346169848e-07, 2.71905690852e-07, 1.23661408225e-07, 1.40952948868e-07, 2.94180750871e-07, 4.80843880268e-07, 6.05233253737e-07, 2.20420162123e-07, 2.2095170138e-08, 1.39118325748e-08, 1.96159621879e-08, 3.60328087368e-08, 5.69829960995e-09, 4.83443329813e-09, 5.06091435426e-09, 4.01217015167e-09, 2.56117771436e-09, 2.64581134779e-09, 2.15470974396e-09, 7.02800651009e-10, 8.92966234289e-09, 5.51227463674e-09, 1.04283116864e-10, 2.68397859493e-10, 6.42727426836e-10, 7.10273229121e-10, 4.74216291235e-11, 8.32945587503e-11, 4.03932200188e-11, 4.65701747998e-11, 2.37242725465e-11, 6.58622201916e-12, 2.55810780544e-12, 2.88246206417e-13, 2.12921639955e-13],
        "max": [2.35552010963e-06, 1.22748660942e-05, 0.000107931664388, 0.0003185600508, 0.00322386971675, 0.00505357701331, 0.0040076575242, 0.00324460165575, 0.00232896162197, 0.00460467720404, 0.00293745705858, 0.00226525426842, 0.0026687530335, 0.000855442660395, 0.000776315690018, 0.000588770315517, 0.00097853213083, 0.000414385431213, 0.000250150536885, 0.000349859765265, 0.000215510473936, 0.000152146021719, 0.000157057598699, 0.000187525729416, 8.77377096913e-05, 0.000357510987669, 0.000323338637827, 4.11154978792e-05, 5.38780404895e-05, 7.06790888216e-05, 8.05873496574e-05, 3.69109620806e-05, 5.30348625034e-05, 3.45603766618e-05, 3.98764204874e-05, 2.01887323783e-05, 1.57967933774e-05, 9.31644262891e-06, 1.47134062445e-06, 1.67267830875e-06],
        "mean": [2.92789827938e-08, 2.42227361014e-06, 6.61341755404e-06, 7.7309923654e-05, 0.000540033332072, 0.000311783485813, 0.00064002192812, 0.00062697584508, 0.0004911054275, 0.000597256468609, 0.000362635764759, 0.000331639254, 0.000241944289883, 0.000124939542729, 0.000102712212538, 0.000103201433376, 0.000110421970021, 6.66621999699e-05, 3.93786940549e-05, 2.39709843299e-05, 2.40533881879e-05, 2.11834467336e-05, 2.01239927264e-05, 1.59531682584e-05, 8.18839271233e-06, 1.20565682664e-05, 9.28021563595e-06, 2.444398433e-06, 3.27317980009e-06, 4.46392732556e-06, 4.30069121649e-06, 1.69069289768e-06, 1.83084125638e-06, 1.54074143666e-06, 1.2892904806e-06, 9.1147086323e-07, 5.51882806121e-07, 2.3608021138e-07, 1.05502429903e-07, 8.17960597033e-08],
        "median": [7.4031358821e-09, 1.76573144017e-06, 4.10106804338e-06, 3.96653995267e-05, 0.000193322630366, 0.000152128923219, 0.000208098004805, 0.000377636461053, 0.000402643549023, 0.000276376493275, 0.000118034040497, 0.000138469869853, 0.000102402416815, 6.44776009722e-05, 6.03401858825e-05, 4.75785564049e-05, 4.42778909928e-05, 4.11951004935e-05, 2.15496311284e-05, 1.24309590319e-05, 1.04368300526e-05, 1.08567528514e-05, 7.70412134443e-06, 4.15734621129e-06, 2.19473804464e-06, 1.78809057161e-06, 1.17458398563e-06, 6.78241462992e-07, 5.64540130199e-07, 4.67088483447e-07, 2.98080777839e-07, 1.65627795923e-07, 1.52163735834e-07, 1.01356683047e-07, 6.07299455169e-08, 3.32643779188e-08, 1.58623105762e-08, 6.62904486859e-09, 3.08231640211e-09, 1.97344784958e-09],
        "min": [4.06491507121e-10, 1.29267743176e-08, 2.37804982817e-07, 5.79369839215e-07, 6.84727524458e-07, 5.50192453375e-07, 2.03575510227e-07, 5.25341476987e-07, 7.71644010911e-07, 4.96601046507e-07, 6.87851269277e-08, 1.26014711554e-07, 1.39251383757e-07, 1.93873184173e-08, 1.86827069371e-08, 1.73487819666e-08, 3.38491936702e-08, 3.81096718627e-08, 2.67951758559e-08, 2.00473024847e-07, 2.79859591501e-07, 4.72824659425e-08, 7.57473728186e-09, 1.13650813205e-08, 4.66424658896e-08, 3.2814369888e-08, 1.02301545013e-08, 7.32315763585e-09, 5.69240121706e-09, 3.27737681438e-09, 1.02265862445e-09, 2.49925052875e-10, 3.65973140681e-10, 1.44320788653e-09, 5.36623134817e-10, 5.05330000067e-10, 1.30129740317e-10, 1.90003672518e-11, 1.02145236713e-11, 5.24526689444e-12],
        "var": [3.23667450535e-14, 5.28815186085e-12, 1.14411299879e-10, 6.56222454154e-09, 5.13708982908e-07, 3.06042579723e-07, 7.75100716055e-07, 3.85218584142e-07, 1.64273018299e-07, 5.4185306908e-07, 3.22098912875e-07, 2.15955907379e-07, 1.05610567402e-07, 2.37777797452e-08, 1.42506015877e-08, 1.53595660635e-08, 3.06517939919e-08, 5.26918952914e-09, 2.55267651461e-09, 1.71291691942e-09, 1.25701893339e-09, 7.78719755345e-10, 8.69014638027e-10, 7.19345305544e-10, 1.80043216447e-10, 1.7670976904e-09, 1.15712184279e-09, 2.51162840526e-11, 5.8358248789e-11, 1.26760879571e-10, 1.42636472078e-10, 2.15376917689e-11, 3.09953521183e-11, 1.7424884452e-11, 1.84308852902e-11, 7.84453578484e-12, 3.26558528482e-12, 7.40155441277e-13, 7.45894096271e-14, 5.32178264672e-14]
    },
    "mfcc": {
        "mean": [-690.093261719, 135.886367798, -79.0571136475, -21.8065299988, -52.0835380554, -26.6661186218, -39.5346946716, -19.2865486145, -23.331653595, -14.7031040192, -12.3674488068, -10.4479560852, -13.3336219788],
        "cov": [[5008.00244141, -1466.99462891, -355.192565918, -282.84286499, -490.413635254, -53.7028083801, -109.650802612, 127.487060547, -132.833175659, -109.454322815, -48.4922904968, -40.756061554, -161.718521118], [-1466.99462891, 2456.16186523, -665.545898438, -122.080696106, -71.2922973633, 2.97905778885, 19.858291626, -217.659255981, -118.703674316, -205.249145508, 21.0315494537, -76.0514678955, -75.8354415894], [-355.192565918, -665.545898438, 543.903625488, 94.306312561, 145.88293457, -5.1760969162, 18.8958129883, 80.2899475098, 38.3474311829, 86.9193267822, -5.13918924332, 38.58360672, 78.8418197632], [-282.84286499, -122.080696106, 94.306312561, 181.45765686, 78.2475662231, 3.51265287399, 14.8571586609, 16.7739067078, 24.8746128082, 27.9991378784, -8.03607654572, 1.74700069427, 35.3863296509], [-490.413635254, -71.2922973633, 145.88293457, 78.2475662231, 153.748809814, 20.7687892914, 50.6902694702, -5.6515583992, 36.2155609131, 42.3350372314, -13.3480358124, -2.52103686333, 26.393913269], [-53.7028083801, 2.97905778885, -5.1760969162, 3.51265287399, 20.7687892914, 54.4959716797, 13.3988409042, 6.75906896591, 5.31929445267, 11.710773468, 4.62657976151, 6.06053256989, 8.67691707611], [-109.650802612, 19.858291626, 18.8958129883, 14.8571586609, 50.6902694702, 13.3988409042, 94.2122192383, 10.7697353363, 26.5075454712, 26.0319213867, -13.2039165497, 2.65898108482, -0.570017278194], [127.487060547, -217.659255981, 80.2899475098, 16.7739067078, -5.6515583992, 6.75906896591, 10.7697353363, 99.7850494385, 24.5464305878, 31.9816169739, 12.3282470703, 31.5115585327, 8.73885822296], [-132.833175659, -118.703674316, 38.3474311829, 24.8746128082, 36.2155609131, 5.31929445267, 26.5075454712, 24.5464305878, 76.8817520142, 50.5008049011, 8.28141689301, 18.773733139, 5.23217916489], [-109.454322815, -205.249145508, 86.9193267822, 27.9991378784, 42.3350372314, 11.710773468, 26.0319213867, 31.9816169739, 50.5008049011, 85.1070632935, 6.90349626541, 23.5578918457, 12.244228363], [-48.4922904968, 21.0315494537, -5.13918924332, -8.03607654572, -13.3480358124, 4.62657976151, -13.2039165497, 12.3282470703, 8.28141689301, 6.90349626541, 45.7919082642, 19.5056610107, 4.3299741745], [-40.756061554, -76.0514678955, 38.58360672, 1.74700069427, -2.52103686333, 6.06053256989, 2.65898108482, 31.5115585327, 18.773733139, 23.5578918457, 19.5056610107, 50.6551399231, 12.6526136398], [-161.718521118, -75.8354415894, 78.8418197632, 35.3863296509, 26.393913269, 8.67691707611, -0.570017278194, 8.73885822296, 5.23217916489, 12.244228363, 4.3299741745, 12.6526136398, 52.4443702698]],
