{
"lowlevel": {
    "average_loudness": 0.978700399399,
    "barkbands_crest": {
        "dmean": 3.5907959938,
        "dmean2": 6.08302974701,
        "dvar": 8.81026935577,
        "dvar2": 22.4191436768,
        "max": 24.6677932739,
        "mean": 10.6647768021,
        "median": 9.80980205536,
        "min": 3.29905343056,
        "var": 21.0835876465
    },
    "barkbands_flatness_db": {
        "dmean": 0.0421416796744,
        "dmean2": 0.0683748945594,
        "dvar": 0.00112841045484,
        "dvar2": 0.00321060721762,
        "max": 0.34213745594,
        "mean": 0.208919450641,
        "median": 0.212476789951,
        "min": 0.0999812930822,
        "var": 0.0022458229214
    },
    "barkbands_kurtosis": {
        "dmean": 3.06855154037,
        "dmean2": 5.14115810394,
        "dvar": 14.9047250748,
        "dvar2": 33.7979164124,
        "max": 32.6763420105,
        "mean": 2.90983724594,
        "median": 1.43946456909,
        "min": -1.29782342911,
        "var": 23.3999824524
    },
    "barkbands_skewness": {
        "dmean": 0.679169952869,
        "dmean2": 1.10940349102,
        "dvar": 0.351779729128,
        "dvar2": 0.848817527294,
        "max": 5.34961128235,
        "mean": 1.20861434937,
        "median": 1.00768327713,
        "min": -0.499310970306,
        "var": 0.802429139614
    },
    "barkbands_spread": {
        "dmean": 3.87896084785,
        "dmean2": 6.45709657669,
        "dvar": 10.7028112411,
        "dvar2": 30.5062046051,
        "max": 25.6644802094,
        "mean": 8.67056655884,
        "median": 7.92650175095,
        "min": 1.39000356197,
        "var": 18.4474983215
    },
    "dissonance": {
        "dmean": 0.0443169809878,
        "dmean2": 0.07470420748,
        "dvar": 0.00145570584573,
        "dvar2": 0.00419644871727,
        "max": 0.499742865562,
        "mean": 0.42385238409,
        "median": 0.429798692465,
        "min": 0.240253299475,
        "var": 0.00220219790936
    },
    "dynamic_complexity": 1.92694664001,
    "erbbands_crest": {
        "dmean": 3.51392149925,
        "dmean2": 5.94393205643,
        "dvar": 8.80425167084,
        "dvar2": 23.7237052917,
        "max": 22.7982120514,
        "mean": 9.38453578949,
        "median": 8.45046710968,
        "min": 3.72379899025,
        "var": 14.0534524918
    },
    "erbbands_flatness_db": {
        "dmean": 0.030306564644,
        "dmean2": 0.0478870980442,
        "dvar": 0.000551000761334,
        "dvar2": 0.00160890247207,
        "max": 0.349879235029,
        "mean": 0.257296383381,
        "median": 0.254046231508,
        "min": 0.182214692235,
        "var": 0.00105610012542
    },
    "erbbands_kurtosis": {
        "dmean": 1.15319216251,
        "dmean2": 1.90371417999,
        "dvar": 1.40900528431,
        "dvar2": 3.49593615532,
        "max": 9.3017911911,
        "mean": 0.574430584908,
        "median": 0.218296051025,
        "min": -1.3169926405,
        "var": 2.102840662
    },
    "erbbands_skewness": {
        "dmean": 0.51884585619,
        "dmean2": 0.855998575687,
        "dvar": 0.163881286979,
        "dvar2": 0.437602251768,
        "max": 2.40024876595,
        "mean": 0.45289516449,
        "median": 0.418675482273,
        "min": -0.933567583561,
        "var": 0.323298811913
    },
    "erbbands_spread": {
        "dmean": 4.87405633926,
        "dmean2": 8.13524436951,
        "dvar": 15.6942253113,
        "dvar2": 39.4066696167,
        "max": 39.4652404785,
        "mean": 17.4573993683,
        "median": 16.9246940613,
        "min": 5.26777935028,
        "var": 37.9048576355
    },
    "hfc": {
        "dmean": 16.3222732544,
        "dmean2": 29.4504871368,
        "dvar": 325.996459961,
        "dvar2": 905.27722168,
        "max": 96.7567749023,
        "mean": 19.4207077026,
        "median": 12.4270153046,
        "min": 0.0329241715372,
        "var": 324.033111572
    },
    "melbands_crest": {
        "dmean": 4.51387071609,
        "dmean2": 7.56563711166,
        "dvar": 13.0773696899,
        "dvar2": 37.5543518066,
        "max": 31.4953536987,
        "mean": 13.7893028259,
        "median": 12.6647844315,
        "min": 4.561439991,
        "var": 31.9938964844
    },
    "melbands_flatness_db": {
        "dmean": 0.0549597330391,
        "dmean2": 0.0911651626229,
        "dvar": 0.00196043914184,
        "dvar2": 0.00567661086097,
        "max": 0.41181537509,
        "mean": 0.271266758442,
        "median": 0.276398062706,
        "min": 0.129400849342,
        "var": 0.00357850058936
    },
    "melbands_kurtosis": {
        "dmean": 3.73089337349,
        "dmean2": 6.16085100174,
        "dvar": 23.7188472748,
        "dvar2": 52.1918182373,
        "max": 50.753616333,
        "mean": 4.3502163887,
        "median": 2.20841217041,
        "min": -1.1164162159,
        "var": 41.6525230408
    },
    "melbands_skewness": {
        "dmean": 0.672529757023,
        "dmean2": 1.10634744167,
        "dvar": 0.38409909606,
        "dvar2": 0.881151556969,
        "max": 6.24492883682,
        "mean": 1.47336184978,
        "median": 1.25524199009,
        "min": -0.0276220142841,
        "var": 0.955434203148
    },
    "melbands_spread": {
        "dmean": 6.71291637421,
        "dmean2": 11.4011821747,
        "dvar": 38.3761672974,
        "dvar2": 109.067596436,
        "max": 54.2555351257,
        "mean": 13.6370763779,
        "median": 12.4604597092,
        "min": 1.93833720684,
        "var": 55.4794425964
    },
    "pitch_salience": {
        "dmean": 0.0978723615408,
        "dmean2": 0.162018299103,
        "dvar": 0.00596103491262,
        "dvar2": 0.0160193480551,
        "max": 0.883266806602,
        "mean": 0.6096560359,
        "median": 0.615383982658,
        "min": 0.2423851192,
        "var": 0.0147762726992
    },
    "silence_rate_20dB": {
        "dmean": 0,
        "dmean2": 0,
        "dvar": 0,
        "dvar2": 0,
        "max": 1,
        "mean": 1,
        "median": 1,
        "min": 1,
        "var": 0
    },
    "silence_rate_30dB": {
        "dmean": 0,
        "dmean2": 0,
        "dvar": 0,
        "dvar2": 0,
        "max": 1,
        "mean": 1,
        "median": 1,
        "min": 1,
        "var": 0
    },
    "silence_rate_60dB": {
        "dmean": 0.0119047621265,
        "dmean2": 0.0238663479686,
        "dvar": 0.0117630194873,
        "dvar2": 0.0328432805836,
        "max": 1,
        "mean": 0.00950118806213,
        "median": 0,
        "min": 0,
        "var": 0.00941091030836
    },
    "spectral_centroid": {
        "dmean": 273.871429443,
        "dmean2": 475.329467773,
        "dvar": 69006.96875,
        "dvar2": 182527.328125,
        "max": 2121.71801758,
        "mean": 741.502685547,
        "median": 633.452392578,
        "min": 271.119995117,
        "var": 107431.289062
    },
    "spectral_complexity": {
        "dmean": 5.28333330154,
        "dmean2": 8.3723154068,
        "dvar": 19.3744812012,
        "dvar2": 50.0808906555,
        "max": 40,
        "mean": 15.9287414551,
        "median": 16,
        "min": 0,
        "var": 37.5816612244
    },
    "spectral_decrease": {
        "dmean": 4.04316091718e-09,
        "dmean2": 6.98645807873e-09,
        "dvar": 1.41499236119e-17,
        "dvar2": 3.83893728192e-17,
        "max": -1.0480573874e-11,
        "mean": -7.1009083058e-09,
        "median": -6.13972472863e-09,
        "min": -2.05207992821e-08,
        "var": 2.20951356705e-17
    },
    "spectral_energy": {
        "dmean": 0.0166907198727,
        "dmean2": 0.0289348158985,
        "dvar": 0.00024530646624,
        "dvar2": 0.000668220687658,
        "max": 0.0835208147764,
        "mean": 0.0285619050264,
        "median": 0.0247175972909,
        "min": 4.25424404966e-05,
        "var": 0.000368350098142
    },
    "spectral_energyband_high": {
        "dmean": 8.59528445289e-05,
        "dmean2": 0.000162759548402,
        "dvar": 2.04058459019e-08,
        "dvar2": 5.74637724071e-08,
        "max": 0.0011154061649,
        "mean": 6.12521544099e-05,
        "median": 1.32438162836e-05,
        "min": 2.13836102603e-07,
        "var": 1.3852146985e-08
    },
    "spectral_energyband_low": {
        "dmean": 0.000265709590167,
        "dmean2": 0.000452912412584,
        "dvar": 1.25473519574e-07,
        "dvar2": 3.35332003942e-07,
        "max": 0.0034172879532,
        "mean": 0.000486227479996,
        "median": 0.000332157069352,
        "min": 1.26468250983e-06,
        "var": 2.40469546497e-07
    },
    "spectral_energyband_middle_high": {
        "dmean": 0.00893843360245,
        "dmean2": 0.016603525728,
        "dvar": 0.000107586660306,
        "dvar2": 0.000294945930364,
        "max": 0.0471623279154,
        "mean": 0.00778390839696,
        "median": 0.00316697987728,
        "min": 1.05843910205e-05,
        "var": 9.43407503655e-05
    },
    "spectral_energyband_middle_low": {
        "dmean": 0.00935079157352,
        "dmean2": 0.0154013074934,
        "dvar": 7.49775281292e-05,
        "dvar2": 0.000198051668121,
        "max": 0.0634569600224,
        "mean": 0.0205460321158,
        "median": 0.0180607829243,
        "min": 3.04625209537e-05,
        "var": 0.000167165955645
    },
    "spectral_entropy": {
        "dmean": 0.39665967226,
        "dmean2": 0.644717216492,
        "dvar": 0.0980854481459,
        "dvar2": 0.284115105867,
        "max": 7.77974224091,
        "mean": 6.87670373917,
        "median": 6.85126018524,
        "min": 5.7840461731,
        "var": 0.178618013859
    },
    "spectral_flux": {
        "dmean": 0.0393160395324,
        "dmean2": 0.0653892159462,
        "dvar": 0.00139518082142,
        "dvar2": 0.00287568825297,
        "max": 0.248360037804,
        "mean": 0.106007032096,
        "median": 0.105114303529,
        "min": 0.0243463553488,
        "var": 0.00249658664688
    },
    "spectral_kurtosis": {
        "dmean": 9.52153205872,
        "dmean2": 16.5817642212,
        "dvar": 83.1325912476,
        "dvar2": 248.763137817,
        "max": 63.6982803345,
        "mean": 16.5477695465,
        "median": 13.4695854187,
        "min": 4.14225578308,
        "var": 106.1875
    },
    "spectral_rms": {
        "dmean": 0.00151998212095,
        "dmean2": 0.00256757694297,
        "dvar": 1.73664454906e-06,
        "dvar2": 4.66281608169e-06,
        "max": 0.00902683287859,
        "mean": 0.00495842890814,
        "median": 0.00491067487746,
        "min": 0.000203727322514,
        "var": 3.27922543875e-06
    },
    "spectral_rolloff": {
        "dmean": 409.592102051,
        "dmean2": 706.072998047,
        "dvar": 134745.953125,
        "dvar2": 365652.8125,
        "max": 2519.38476562,
        "mean": 995.642089844,
        "median": 904.39453125,
        "min": 215.33203125,
        "var": 209459.9375
    },
    "spectral_skewness": {
        "dmean": 0.790698230267,
        "dmean2": 1.3488048315,
        "dvar": 0.519488036633,
        "dvar2": 1.56381452084,
        "max": 6.11841964722,
        "mean": 2.69801568985,
        "median": 2.50667238235,
        "min": 1.18564164639,
        "var": 0.741493582726
    },
    "spectral_spread": {
        "dmean": 389860.625,
        "dmean2": 634680,
        "dvar": 225782136832,
        "dvar2": 343579492352,
        "max": 11457673,
        "mean": 2049837.125,
        "median": 2025839.5,
        "min": 965277.125,
        "var": 375703928832
    },
    "spectral_strongpeak": {
        "dmean": 0.624831497669,
        "dmean2": 1.07864129543,
        "dvar": 0.456045627594,
        "dvar2": 1.24752092361,
        "max": 4.57099485397,
        "mean": 1.08636450768,
        "median": 0.934550583363,
        "min": 0.0182876233011,
        "var": 0.503876209259
    },
    "zerocrossingrate": {
        "dmean": 0.00442824605852,
        "dmean2": 0.00574866682291,
        "dvar": 1.35915688588e-05,
        "dvar2": 2.09850823012e-05,
        "max": 0.06201171875,
        "mean": 0.0286984108388,
        "median": 0.02734375,
        "min": 0.009765625,
        "var": 7.27553560864e-05
    },
    "barkbands": {
        "dmean": [6.07334459346e-06, 0.000117323921586, 9.33003684622e-05, 0.000525404233485, 0.00464718369767, 0.00058313208865, 0.00292693055235, 0.00182800646871, 0.00302082137205, 0.00138448947109, 0.00184039142914, 0.00210082740523, 0.00128164433409, 0.00135304359719, 0.000695386086591, 0.000630691240076, 0.000369228568161, 0.000190446502529, 0.000125181177282, 7.74643413024e-05, 3.07837799483e-05, 1.28337551359e-05, 6.09522840023e-06, 3.77858305001e-06, 1.24670373225e-06, 5.10874315296e-07, 1.21413492593e-07],
        "dmean2": [9.95384380076e-06, 0.000208442666917, 0.000159296556376, 0.000862061104272, 0.00758667383343, 0.000891983741894, 0.0048684864305, 0.00300212972797, 0.00508288666606, 0.00253074429929, 0.00333174224943, 0.00381173216738, 0.00232283771038, 0.00254118163139, 0.00127853266895, 0.0011442276882, 0.000690810731612, 0.000355783617124, 0.000237804895733, 0.000147296377691, 5.77646569582e-05, 2.40499048232e-05, 1.16974433695e-05, 7.22817412679e-06, 2.34179151448e-06, 9.62144895311e-07, 2.22358451651e-07],
        "dvar": [7.16217848917e-11, 3.5830876044e-08, 2.57555985428e-08, 6.23441451353e-07, 3.17006306432e-05, 5.46645082977e-07, 1.24139969557e-05, 8.79350864125e-06, 1.23528452605e-05, 3.98506972488e-06, 8.22014590085e-06, 1.36922490128e-05, 2.87652392217e-06, 4.53420534541e-06, 8.6527967369e-07, 9.30865496684e-07, 6.21069602857e-07, 1.30701494072e-07, 1.09387897851e-07, 1.88620887798e-08, 2.553026901e-09, 5.83158188405e-10, 1.08876206661e-10, 4.64509403164e-11, 3.25969156181e-12, 8.49224174055e-13, 6.45851644734e-14],
        "dvar2": [1.65341337843e-10, 1.00104863066e-07, 6.84403147488e-08, 1.63496599725e-06, 8.9193439635e-05, 1.3470672684e-06, 3.3886750316e-05, 2.41734760493e-05, 3.24124412145e-05, 1.14992799354e-05, 2.29234810831e-05, 3.83236038033e-05, 8.29419786896e-06, 1.35247828439e-05, 2.48215587817e-06, 2.66955476036e-06, 1.79702124115e-06, 3.75733321789e-07, 3.22541211517e-07, 5.34462678559e-08, 7.16765047315e-09, 1.71337355415e-09, 3.15086234881e-10, 1.36374078696e-10, 9.32718138835e-12, 2.40878042339e-12, 1.51655990825e-13],
        "max": [6.5689207986e-05, 0.00172196538188, 0.00185594824143, 0.00602729432285, 0.0460561998188, 0.00626965658739, 0.0271673128009, 0.020958699286, 0.0252420976758, 0.0147764421999, 0.0200814139098, 0.0324522741139, 0.00916569214314, 0.0169731304049, 0.00512068578973, 0.00673784734681, 0.00625541713089, 0.00300548411906, 0.00358660100028, 0.00108575355262, 0.000370507681509, 0.000222452930757, 6.35675896774e-05, 5.59849395358e-05, 8.22444417281e-06, 6.68031816531e-06, 2.83360168396e-06],
        "mean": [6.23484356765e-06, 0.000142833756399, 0.000154656678205, 0.000751439773012, 0.00803662836552, 0.000932617869694, 0.00471573043615, 0.00223888223991, 0.00351792853326, 0.00133382994682, 0.00143118959386, 0.00166099017952, 0.00102838349994, 0.00102732155938, 0.000527552387211, 0.000477111374494, 0.000263825699221, 0.000137888229801, 8.50551441545e-05, 5.32693411515e-05, 2.16773951252e-05, 8.86266025191e-06, 4.07599009122e-06, 2.59336252384e-06, 8.9349055088e-07, 3.94181427055e-07, 1.02524310819e-07],
        "median": [2.75693355434e-06, 8.34463789943e-05, 6.11948125879e-05, 0.000277314800769, 0.00581164937466, 0.000530164979864, 0.00340281636454, 0.000822383619379, 0.00188404845539, 0.000552661716938, 0.000394588161726, 0.000491696468089, 0.000329372880515, 0.000291205244139, 0.000151069005369, 0.000115139213449, 6.62722086417e-05, 3.68124492525e-05, 1.6674210201e-05, 1.01587920653e-05, 4.39734731117e-06, 1.77551316938e-06, 7.92448531683e-07, 4.78621529965e-07, 2.09329670042e-07, 1.24328579432e-07, 3.48678668161e-08],
        "min": [1.42594922536e-08, 6.57915165903e-07, 1.15984583715e-07, 1.12320648782e-07, 3.30172980512e-07, 1.68385042798e-06, 7.23914763512e-06, 5.84648660151e-06, 1.43388961078e-05, 3.22986579704e-06, 2.29075385505e-06, 1.10067082915e-06, 1.83251643193e-06, 3.3696301216e-07, 5.82993379794e-07, 9.2866457635e-07, 5.78381843752e-07, 1.24089680753e-07, 7.06479994506e-08, 1.20660530456e-07, 6.6144757227e-08, 1.71152922945e-08, 1.65259486096e-08, 1.47415013529e-08, 6.86365986269e-09, 6.95179247501e-09, 5.04015806868e-09],
        "var": [8.76236166958e-11, 3.53883855553e-08, 5.80156473973e-08, 1.17871582006e-06, 5.70513548155e-05, 1.18261959869e-06, 2.12457089219e-05, 1.03558877527e-05, 1.65559504239e-05, 3.47710351889e-06, 6.23316600468e-06, 9.59487897489e-06, 2.3224204142e-06, 3.0956300634e-06, 6.86473697442e-07, 7.50594267629e-07, 3.85969826766e-07, 8.36323010844e-08, 6.14574773294e-08, 1.21967271838e-08, 1.77568859616e-09, 3.67865737871e-10, 6.78099590368e-11, 3.05039118964e-11, 2.35879068014e-12, 5.48284128602e-13, 4.74329065337e-14]
    },
    "erbbands": {
        "dmean": [0.00321587407961, 0.0288507621735, 0.102678604424, 0.813209950924, 8.82866477966, 21.1834049225, 9.26371860504, 4.2397069931, 36.0287322998, 47.9568862915, 26.7345237732, 70.1273498535, 44.8618659973, 78.3191833496, 54.2980804443, 93.7550048828, 55.1671257019, 65.5169143677, 51.6908721924, 37.4190750122, 29.0368556976, 18.1851348877, 11.7427272797, 8.77437400818, 5.32090711594, 3.37987327576, 1.78342890739, 0.846653103828, 0.436808377504, 0.297914922237, 0.164023935795, 0.103398583829, 0.0481828637421, 0.0176216028631, 0.00702072726563, 0.00278533040546, 0.000847683055326, 0.000201705275686, 2.95249737974e-05, 2.04030784516e-05],
        "dmean2": [0.00553314434364, 0.0520497784019, 0.175586879253, 1.32947432995, 14.3421297073, 34.8009796143, 15.4438695908, 6.70663118362, 59.0790977478, 78.4246444702, 44.6989479065, 115.872116089, 77.9985122681, 143.141311646, 99.0848846436, 169.886260986, 99.5340576172, 121.499801636, 95.6245880127, 68.6346054077, 53.1052932739, 34.0691337585, 21.974149704, 16.6539802551, 10.1085824966, 6.39648103714, 3.35444974899, 1.59263753891, 0.814091622829, 0.568378090858, 0.314035117626, 0.198248758912, 0.0920890420675, 0.0332978442311, 0.0132171055302, 0.00522908614948, 0.00160033011343, 0.000375349249225, 5.32767408004e-05, 3.54667718057e-05],
        "dvar": [2.15022118937e-05, 0.00232984544709, 0.0329057089984, 1.17813825607, 115.492034912, 778.174621582, 173.771347046, 28.6602725983, 2333.8918457, 5398.19482422, 1700.41516113, 7351.92431641, 3679.43994141, 10915.9677734, 8171.28466797, 29662.6425781, 4806.22900391, 8148.88525391, 5752.85498047, 2609.58837891, 1798.18383789, 1551.13635254, 593.671081543, 569.900390625, 121.655883789, 33.02576828, 9.98703193665, 1.89119100571, 0.550095796585, 0.414192318916, 0.0783392041922, 0.0352547653019, 0.00750942248851, 0.000732768850867, 0.00010720451246, 2.7123858672e-05, 2.1251405542e-06, 1.29449716724e-07, 2.07408712427e-09, 3.7580996648e-10],
        "dvar2": [5.70428819628e-05, 0.00657545821741, 0.0890562459826, 3.08706092834, 312.890930176, 2180.6640625, 427.002502441, 68.2493133545, 6494.80859375, 15005.3076172, 4668.09375, 19067.8398438, 10045.3828125, 31955.3652344, 22848.3828125, 83296.5234375, 13557.8779297, 24064.4160156, 17079.9160156, 7455.77880859, 4965.48193359, 4519.49414062, 1727.49914551, 1670.9765625, 357.944915771, 92.668838501, 27.8821372986, 5.35858154297, 1.5691972971, 1.24390554428, 0.227009698749, 0.103188127279, 0.0221247095615, 0.00212025456131, 0.000305172463413, 7.82145216363e-05, 5.95737492404e-06, 3.62279195087e-07, 5.23117194007e-09, 1.02849195827e-09],
        "max": [0.0322239287198, 0.478323996067, 2.04523706436, 8.88875102997, 101.181983948, 235.093200684, 124.718086243, 54.8700294495, 470.262023926, 527.718566895, 327.891387939, 693.147644043, 498.650238037, 804.271606445, 717.761474609, 1531.27661133, 370.387145996, 477.815917969, 740.563537598, 294.054046631, 263.772674561, 356.890777588, 185.630630493, 297.402862549, 108.792472839, 37.4821815491, 25.817325592, 8.70090293884, 5.44166564941, 6.93236875534, 1.73618030548, 1.46146941185, 0.741468787193, 0.164644345641, 0.06594607234, 0.04247187078, 0.00976798962802, 0.00332300155424, 0.000402535952162, 0.000101895755506],
        "mean": [0.00361055019312, 0.0358501113951, 0.180090844631, 1.36622881889, 14.0861206055, 32.4584465027, 15.1487760544, 7.95725870132, 56.7596664429, 71.769493103, 37.3970069885, 82.8787612915, 48.1521377563, 67.1688232422, 45.4949531555, 73.9842605591, 45.7396278381, 51.5703468323, 40.0023384094, 28.5655841827, 22.4487552643, 12.9935407639, 8.43421077728, 6.12229347229, 3.57058930397, 2.35203766823, 1.26401400566, 0.598334550858, 0.305605977774, 0.199596598744, 0.111310236156, 0.0711797252297, 0.0326080173254, 0.0125039899722, 0.0050847735256, 0.00205594161525, 0.000670703244396, 0.000166229277966, 3.09327333525e-05, 3.37629244314e-05],
        "median": [0.00207368214615, 0.0202935039997, 0.0881090015173, 0.835298955441, 8.98016548157, 22.2188968658, 9.7154083252, 5.28654193878, 30.2928295135, 46.4627838135, 22.9317207336, 47.4506874084, 23.2186660767, 25.1258907318, 16.3788852692, 20.8981933594, 15.5219993591, 16.5964164734, 11.4921855927, 7.53458690643, 5.97100877762, 3.4046254158, 2.22886514664, 1.28295695782, 0.670051336288, 0.454187333584, 0.252319991589, 0.129233330488, 0.0655743181705, 0.0389275550842, 0.0224312674254, 0.0132922409102, 0.00584012037143, 0.0026488006115, 0.00125368789304, 0.000579667743295, 0.000225665935432, 6.11200739513e-05, 1.7266784198e-05, 2.87525017484e-05],
        "min": [3.2099775126e-05, 0.000102953483292, 0.000161062445841, 0.000481708499137, 0.00110537407454, 0.00105459976476, 0.00277839927003, 0.0191751550883, 0.0686580762267, 0.159005299211, 0.126163691282, 0.343852043152, 0.157746106386, 0.146923393011, 0.0502615906298, 0.0495032407343, 0.0870195925236, 0.0269303433597, 0.0294588431716, 0.0369524657726, 0.0400400161743, 0.0336829535663, 0.0102026499808, 0.00462629459798, 0.00444506248459, 0.00522523140535, 0.00480177253485, 0.00134239136241, 0.000620249658823, 0.000546959054191, 0.00046934056445, 0.000344098923961, 0.00023729375971, 9.00013692444e-05, 4.3024061597e-05, 2.47285588557e-05, 1.32432605824e-05, 4.2786900849e-06, 7.59171143727e-07, 1.13645306499e-07],
        "var": [2.22566995944e-05, 0.00236499472521, 0.0698425918818, 2.32862520218, 240.198944092, 1214.60046387, 279.728271484, 68.2212142944, 4376.56005859, 6363.14257812, 1890.83850098, 9720.75488281, 3951.25219727, 9011.28320312, 5942.47265625, 20477.2421875, 4197.31347656, 6059.14257812, 4153.80859375, 2099.52539062, 1480.05639648, 939.42199707, 364.395385742, 320.469451904, 72.4023590088, 22.0906238556, 6.82660484314, 1.29802131653, 0.366541475058, 0.238760396838, 0.0494933724403, 0.0229766983539, 0.0049525112845, 0.000517018022947, 7.6730386354e-05, 1.75575351022e-05, 1.3875572904e-06, 8.40768592525e-08, 1.6210935927e-09, 5.2681459195e-10]
    },
    "gfcc": {
        "mean": [-56.5544662476, 156.368850708, -154.661865234, -15.233007431, -56.9597930908, -13.9849615097, -37.5474586487, -12.356631279, -21.6736679077, -10.4022312164, -15.3189001083, -10.6389827728, -9.13955307007],
        "cov": [[2925.8918457, -652.744262695, -829.289611816, -39.7338027954, -93.2157211304, 206.599334717, -46.4862594604, 24.0586986542, -40.7855377197, 42.2232017517, 60.5789527893, 6.63079500198, 35.8879699707], [-652.744262695, 720.597351074, 412.706237793, -138.300506592, 27.2257881165, -134.417999268, 22.2387809753, -89.3051681519, 61.1198234558, -78.1353912354, -5.34333848953, -51.7418708801, -5.92768144608], [-829.289611816, 412.706237793, 540.405700684, 38.7974319458, 11.1366109848, -66.231010437, 14.7378149033, -42.3111763, -4.17554616928, -32.9303817749, -29.240032196, -24.4765701294, -30.3814849854], [-39.7338027954, -138.300506592, 38.7974319458, 192.109893799, 66.4600906372, 47.8240890503, -5.0066204071, 15.425620079, -40.272102356, 5.55221652985, -20.8916740417, 12.7027645111, -18.811132431], [-93.2157211304, 27.2257881165, 11.1366109848, 66.4600906372, 127.747283936, 33.9876098633, 10.1647958755, 8.1021156311, 0.0479224063456, 2.62264251709, -11.1662054062, 12.8597412109, -9.250248909], [206.599334717, -134.417999268, -66.231010437, 47.8240890503, 33.9876098633, 133.185119629, 38.9348182678, 38.7212371826, 0.101908259094, 23.9688034058, 5.88988685608, 6.8753080368, -16.6795520782], [-46.4862594604, 22.2387809753, 14.7378149033, -5.0066204071, 10.1647958755, 38.9348182678, 70.6016998291, 39.1514663696, 27.7322711945, 21.8565406799, -0.418874680996, 2.18299388885, -10.971657753], [24.0586986542, -89.3051681519, -42.3111763, 15.425620079, 8.1021156311, 38.7212371826, 39.1514663696, 100.550796509, 48.4787864685, 45.4786605835, 4.90070295334, 4.46554231644, -9.92750263214], [-40.7855377197, 61.1198234558, -4.17554616928, -40.272102356, 0.0479224063456, 0.101908259094, 27.7322711945, 48.4787864685, 84.3205337524, 34.2457885742, 10.3019590378, -7.68958044052, -7.94083881378], [42.2232017517, -78.1353912354, -32.9303817749, 5.55221652985, 2.62264251709, 23.9688034058, 21.8565406799, 45.4786605835, 34.2457885742, 87.2826385498, 20.4766025543, 12.9799232483, -2.79470586777], [60.5789527893, -5.34333848953, -29.240032196, -20.8916740417, -11.1662054062, 5.88988685608, -0.418874680996, 4.90070295334, 10.3019590378, 20.4766025543, 47.8952102661, 14.7941570282, 11.2987623215], [6.63079500198, -51.7418708801, -24.4765701294, 12.7027645111, 12.8597412109, 6.8753080368, 2.18299388885, 4.46554231644, -7.68958044052, 12.9799232483, 14.7941570282, 56.8138237, 19.7408714294], [35.8879699707, -5.92768144608, -30.3814849854, -18.811132431, -9.250248909, -16.6795520782, -10.971657753, -9.92750263214, -7.94083881378, -2.79470586777, 11.2987623215, 19.7408714294, 52.9458045959]],
        "icov": [[0.000791134196334, -0.000910947914235, 0.00166551093571, -0.000609506096225, 0.00133608514443, -0.0015756841749, 0.00112096010707, -0.000250702578342, 0.000857851759065, -0.000687508378178, 0.000292514276225, -2.84044654109e-05, 6.37802804704e-05], [-0.000910947914235, 0.0131299924105, -0.00962165370584, 0.00776460114866, -0.0101491091773, 0.00768818007782, -0.00892141554505, 0.00944563001394, -0.0115908607841, 0.00874822121114, -0.00684701185673, 0.0061319693923, -0.00220554601401], [0.00166551093571, -0.00962165370584, 0.0108842784539, -0.00701319891959, 0.00834316015244, -0.00518026482314, 0.0050023230724, -0.0047789607197, 0.0078765694052, -0.00608826940879, 0.00489140953869, -0.00351185561158, 0.00263954303227], [-0.000609506096225, 0.00776460114866, -0.00701319891959, 0.0144163118675, -0.00983496941626, 0.00219295895658, -0.0016131500015, 0.00124590774067, -0.000515794090461, 0.00334466202185, -0.00120080180932, 0.00200227508321, 0.000860874308273], [0.00133608514443, -0.0101491091773, 0.00834316015244, -0.00983496941626, 0.0190571527928, -0.00867052655667, 0.0066629787907, -0.00483777048066, 0.00537700625136, -0.00596062513068, 0.0071998485364, -0.00721493829042, 0.00196842802688], [-0.0015756841749, 0.00768818007782, -0.00518026482314, 0.00219295895658, -0.00867052655667, 0.0189667437226, -0.0131183099002, 0.00308148539625, -0.00356648257002, 0.00480156671256, -0.0070932614617, 0.00404156278819, 0.00178035639692], [0.00112096010707, -0.00892141554505, 0.0050023230724, -0.0016131500015, 0.0066629787907, -0.0131183099002, 0.0305140931159, -0.0122327310964, 0.00511026382446, -0.00722160562873, 0.00799362361431, -0.00655823294073, 0.00272432598285], [-0.000250702578342, 0.00944563001394, -0.0047789607197, 0.00124590774067, -0.00483777048066, 0.00308148539625, -0.0122327310964, 0.0283435322344, -0.0191239658743, 0.00189595029224, -0.0029299359303, 0.00357020110823, -0.00164108688477], [0.000857851759065, -0.0115908607841, 0.0078765694052, -0.000515794090461, 0.00537700625136, -0.00356648257002, 0.00511026382446, -0.0191239658743, 0.0350908376276, -0.0124514745548, 0.00308757089078, -0.00128590420354, 0.00417263433337], [-0.000687508378178, 0.00874822121114, -0.00608826940879, 0.00334466202185, -0.00596062513068, 0.00480156671256, -0.00722160562873, 0.00189595029224, -0.0124514745548, 0.0239422861487, -0.0105175049976, 0.00128457637038, -0.000367761414964], [0.000292514276225, -0.00684701185673, 0.00489140953869, -0.00120080180932, 0.0071998485364, -0.0070932614617, 0.00799362361431, -0.0029299359303, 0.00308757089078, -0.0105175049976, 0.032395709306, -0.00971933081746, -0.00183582538739], [-2.84044654109e-05, 0.0061319693923, -0.00351185561158, 0.00200227508321, -0.00721493829042, 0.00404156278819, -0.00655823294073, 0.00357020110823, -0.00128590420354, 0.00128457637038, -0.00971933081746, 0.0277708508074, -0.00968024041504], [6.37802804704e-05, -0.00220554601401, 0.00263954303227, 0.000860874308273, 0.00196842802688, 0.00178035639692, 0.00272432598285, -0.00164108688477, 0.00417263433337, -0.000367761414964, -0.00183582538739, -0.00968024041504, 0.0261866338551]]
    },
    "melbands": {
        "dmean": [3.00162137137e-05, 4.52888671134e-05, 0.000297793187201, 0.00118647853378, 0.000419091316871, 0.000104139959149, 0.000560603104532, 0.000515226332936, 0.00022516635363, 0.000463656586362, 0.000215753039811, 0.000305653142277, 0.000222680697334, 0.000222510352614, 0.000149177154526, 0.000146566759213, 0.000125633829157, 9.62240883382e-05, 6.13593801972e-05, 5.29174103576e-05, 3.00238953059e-05, 1.99023015739e-05, 1.31641536427e-05, 8.48441231938e-06, 7.15028818377e-06, 4.59777629658e-06, 3.09073425342e-06, 2.02198816623e-06, 1.31578281071e-06, 6.94674270107e-07, 4.1998572442e-07, 2.66072788691e-07, 1.87775626159e-07, 1.51548604777e-07, 9.71206830513e-08, 7.71409602862e-08, 5.87694550802e-08, 3.69942831924e-08, 2.11250341664e-08, 1.29633699331e-08],
        "dmean2": [5.24668030266e-05, 7.8999051766e-05, 0.000479456502944, 0.00193799368571, 0.000699795666151, 0.000166398836882, 0.000925943139009, 0.000839567510411, 0.000367472268408, 0.000775454798713, 0.000374934810679, 0.000557331717573, 0.000404833437642, 0.00040226947749, 0.000271163706202, 0.000265949929599, 0.00023411148868, 0.000179892900633, 0.000113414214866, 9.70990877249e-05, 5.50131662749e-05, 3.72274844267e-05, 2.49186196015e-05, 1.58043148986e-05, 1.36238286359e-05, 8.77246839082e-06, 5.87001386521e-06, 3.81456175091e-06, 2.47753473559e-06, 1.29781369651e-06, 7.86148348197e-07, 4.95875042361e-07, 3.55284981879e-07, 2.90240791401e-07, 1.85800857366e-07, 1.47509638282e-07, 1.12899023463e-07, 7.06843721332e-08, 3.99692936526e-08, 2.44196005639e-08],
        "dvar": [2.10615636043e-09, 6.25174090274e-09, 1.42231627365e-07, 2.21554546442e-06, 3.1333803463e-07, 1.98805629736e-08, 5.25887401182e-07, 6.32378089449e-07, 9.44742311049e-08, 3.0176138921e-07, 9.04589398942e-08, 1.74899753347e-07, 1.5523707475e-07, 1.66696381143e-07, 6.01884551088e-08, 3.79507376636e-08, 3.29405160926e-08, 2.46151650174e-08, 7.47387485234e-09, 7.02599001201e-09, 2.02016914308e-09, 1.69846059439e-09, 1.01739716651e-09, 2.75279105066e-10, 4.47541836923e-10, 1.23486498804e-10, 3.13063117097e-11, 1.34857906092e-11, 6.53517604615e-12, 1.26478482635e-12, 4.94427686727e-13, 2.09312967891e-13, 2.1966276183e-13, 9.26232967277e-14, 2.93752347479e-14, 1.84828636906e-14, 1.25185853776e-14, 4.55248995985e-15, 1.32690972264e-15, 4.07523062215e-16],
        "dvar2": [5.82132919646e-09, 1.71077338962e-08, 3.85025742844e-07, 6.20073660684e-06, 7.91608272266e-07, 4.73930050759e-08, 1.44620980791e-06, 1.76585160716e-06, 2.56701241597e-07, 7.90074466295e-07, 2.46535307724e-07, 5.1587926464e-07, 4.36846676166e-07, 4.69432393402e-07, 1.68456466554e-07, 1.09314079566e-07, 9.78726220069e-08, 7.26173965404e-08, 2.13555306772e-08, 2.02909049563e-08, 5.43135625364e-09, 4.90041696111e-09, 2.996554338e-09, 7.91054832749e-10, 1.31503297141e-09, 3.64882041248e-10, 9.04398708701e-11, 3.75309019973e-11, 1.83136908416e-11, 3.57811957147e-12, 1.41234864515e-12, 5.88640301866e-13, 6.53655515132e-13, 2.75754300037e-13, 8.53793557663e-14, 5.35062886196e-14, 3.68810782966e-14, 1.33816882339e-14, 3.93227464818e-15, 1.17103183755e-15],
        "max": [0.000385653751437, 0.000894425204024, 0.00359104201198, 0.0100053865463, 0.00500108115375, 0.0014721697662, 0.00647229794413, 0.00575674837455, 0.00229135574773, 0.00411779386923, 0.00245630531572, 0.00320168235339, 0.00300014484674, 0.0038061379455, 0.00167403148953, 0.0010646256851, 0.000999379553832, 0.00165994744748, 0.000465511606308, 0.00060979265254, 0.000287805742119, 0.000340650673024, 0.000279142317595, 0.000141814380186, 0.000270533928415, 0.000116177077871, 4.93571642437e-05, 2.81784468825e-05, 2.3516580768e-05, 7.83100676927e-06, 4.3286354412e-06, 3.76309913008e-06, 5.78347544433e-06, 2.75588558907e-06, 1.14137924356e-06, 8.63951697738e-07, 9.86883605947e-07, 5.62129628179e-07, 2.53185902466e-07, 1.15170756487e-07],
        "mean": [3.55474039679e-05, 7.18783776392e-05, 0.00046375268721, 0.00191983301193, 0.000699193682522, 0.000177082809387, 0.000897227611858, 0.000744208169635, 0.000299824198009, 0.000537465326488, 0.000225000883802, 0.0002614336845, 0.000178090340341, 0.00017740263138, 0.000119033255032, 0.000116878021799, 9.68127278611e-05, 7.35036155675e-05, 4.53654429293e-05, 3.95718416257e-05, 2.31066824199e-05, 1.42636336022e-05, 9.1858282758e-06, 6.14711234448e-06, 4.94874984724e-06, 3.07778577735e-06, 2.05962032851e-06, 1.42176054396e-06, 9.34478066483e-07, 4.79443826862e-07, 2.96360667562e-07, 1.85755183679e-07, 1.27464673483e-07, 9.95737181597e-08, 6.4833564295e-08, 5.36342064095e-08, 4.00539938994e-08, 2.47522020658e-08, 1.45403387108e-08, 9.2190610701e-09],
        "median": [2.12655359064e-05, 3.59597470379e-05, 0.000248683209065, 0.00129770149942, 0.000486798700877, 0.000108333697426, 0.000546247931197, 0.000418172159698, 0.000184491393156, 0.00028308830224, 0.000102894897282, 0.00010041915084, 5.46296105313e-05, 5.54830876354e-05, 3.55323318217e-05, 3.70852358174e-05, 2.95024656225e-05, 2.00907397812e-05, 1.26421637106e-05, 9.81003449851e-06, 6.23540699962e-06, 3.67709139937e-06, 2.41284465119e-06, 1.59653109222e-06, 9.94163997348e-07, 5.70547058487e-07, 3.51104517904e-07, 2.83131271317e-07, 1.8014544878e-07, 9.38199988809e-08, 6.20705762344e-08, 4.061547898e-08, 2.59116141876e-08, 1.85017565713e-08, 1.26128574252e-08, 1.06799333821e-08, 7.05890457198e-09, 4.30822666431e-09, 2.82649348371e-09, 2.13123296788e-09],
        "min": [2.70789655588e-07, 1.01566534738e-07, 1.02924907708e-07, 8.20129315571e-08, 8.10308122823e-08, 4.22656654564e-07, 1.18029515761e-06, 1.7096939473e-06, 1.09887230337e-06, 2.22896824198e-06, 7.22447680346e-07, 5.85279394727e-07, 2.28688634252e-07, 1.18430250495e-07, 1.82459928055e-07, 1.507392966e-07, 3.63688208438e-08, 4.29972892846e-08, 3.94313808272e-08, 7.20723534187e-08, 3.70749795309e-08, 3.37813972351e-08, 2.29969732146e-08, 3.63134100567e-09, 3.42051142965e-09, 3.3564713231e-09, 2.63650812293e-09, 3.86571485933e-09, 4.09912326305e-09, 1.12781695094e-09, 5.90234139342e-10, 2.79320844232e-10, 4.26873369985e-10, 2.63667337963e-10, 2.65156979706e-10, 2.7083255083e-10, 1.87082210834e-10, 1.79434425651e-10, 1.12575331002e-10, 6.25426238576e-11],
        "var": [2.06921635382e-09, 1.11628510879e-08, 3.02230517946e-07, 3.86945248465e-06, 5.21208846749e-07, 4.18825152337e-08, 9.76487058324e-07, 7.49534251554e-07, 1.1496321406e-07, 3.93915200902e-07, 9.65745101666e-08, 1.43721379686e-07, 1.09926560299e-07, 1.14878226043e-07, 4.39972609456e-08, 3.05258396338e-08, 2.37039543549e-08, 1.6624724708e-08, 5.63200419634e-09, 5.57725465811e-09, 1.65088076542e-09, 1.0646580284e-09, 5.87063286872e-10, 1.7441514899e-10, 2.47759979199e-10, 7.0508300587e-11, 1.96889813481e-11, 9.02402284841e-12, 4.34623430995e-12, 8.74752093677e-13, 3.35997316124e-13, 1.4190062428e-13, 1.23852750972e-13, 5.39674743425e-14, 1.81621329711e-14, 1.20863097362e-14, 8.16125646745e-15, 2.97106525953e-15, 8.9956031905e-16, 2.81593244578e-16]
    },
    "mfcc": {
        "mean": [-693.133605957, 196.18347168, -44.4289627075, 0.137660861015, -13.766245842, -6.36984539032, -13.8407707214, -8.76286888123, -10.1094427109, -3.29210662842, -8.83446788788, -5.31151723862, -8.68071365356],
        "cov": [[3591.22192383, -865.148193359, -786.765991211, -336.467926025, -112.215240479, 52.4653167725, 42.8600502014, -8.01188182831, -65.7937927246, 57.7716255188, -14.0382671356, -19.9771213531, 22.3549995422], [-865.148193359, 833.36505127, 313.420562744, 23.2813796997, -4.12930870056, -37.4136543274, -81.4267959595, -15.9625673294, -5.72986698151, -19.4475059509, 23.5373840332, -34.0474624634, -31.7350959778], [-786.765991211, 313.420562744, 423.398040771, 98.0127792358, 7.12973594666, 0.385643452406, -2.77040529251, 2.1353096962, -8.66634654999, -1.03578495979, 10.4625196457, -17.2754955292, -29.3779525757], [-336.467926025, 23.2813796997, 98.0127792358, 174.124633789, 65.7062988281, 22.2006607056, 11.2573394775, 4.03532552719, 6.63397407532, -17.2433280945, -10.9079856873, -2.02020740509, -6.28096532822], [-112.215240479, -4.12930870056, 7.12973594666, 65.7062988281, 107.603858948, 40.5235214233, 18.0821762085, 20.1120300293, -0.925523817539, 3.66614246368, -6.60100746155, -6.44987154007, -3.8312253952], [52.4653167725, -37.4136543274, 0.385643452406, 22.2006607056, 40.5235214233, 100.917770386, 44.3337097168, 23.0946865082, -1.92267513275, -2.50060558319, 7.0500869751, -7.12018585205, -1.5238904953], [42.8600502014, -81.4267959595, -2.77040529251, 11.2573394775, 18.0821762085, 44.3337097168, 72.2596054077, 20.7053184509, 2.14490461349, 9.34536457062, -2.38291430473, 6.32309579849, 5.21226787567], [-8.01188182831, -15.9625673294, 2.1353096962, 4.03532552719, 20.1120300293, 23.0946865082, 20.7053184509, 75.4137954712, 17.3166675568, 5.85940361023, 19.9861831665, -6.48770904541, -3.54354166985], [-65.7937927246, -5.72986698151, -8.66634654999, 6.63397407532, -0.925523817539, -1.92267513275, 2.14490461349, 17.3166675568, 74.4558181763, 30.4513301849, 25.5844268799, 28.6608772278, 10.1366500854], [57.7716255188, -19.4475059509, -1.03578495979, -17.2433280945, 3.66614246368, -2.50060558319, 9.34536457062, 5.85940361023, 30.4513301849, 74.6904830933, 32.0328178406, 20.6606273651, 9.45431041718], [-14.0382671356, 23.5373840332, 10.4625196457, -10.9079856873, -6.60100746155, 7.0500869751, -2.38291430473, 19.9861831665, 25.5844268799, 32.0328178406, 75.1180648804, 34.6000938416, 13.0289459229], [-19.9771213531, -34.0474624634, -17.2754955292, -2.02020740509, -6.44987154007, -7.12018585205, 6.32309579849, -6.48770904541, 28.6608772278, 20.6606273651, 34.6000938416, 69.5323486328, 33.6370658875], [22.3549995422, -31.7350959778, -29.3779525757, -6.28096532822, -3.8312253952, -1.5238904953, 5.21226787567, -3.54354166985, 10.1366500854, 9.45431041718, 13.0289459229, 33.6370658875, 45.6263885498]],
