{
"lowlevel": {
    "average_loudness": 0.979322016239,
    "barkbands_crest": {
        "dmean": 3.5406806469,
        "dmean2": 6.31350755692,
        "dvar": 10.3350467682,
        "dvar2": 28.7998085022,
        "max": 22.6817054749,
        "mean": 9.83531093597,
        "median": 8.84486961365,
        "min": 3.18364930153,
        "var": 16.4068527222
    },
    "barkbands_flatness_db": {
        "dmean": 0.0272862855345,
        "dmean2": 0.0444295592606,
        "dvar": 0.000590763112996,
        "dvar2": 0.00127777515445,
        "max": 0.330727040768,
        "mean": 0.183455511928,
        "median": 0.187944605947,
        "min": 0.0347133055329,
        "var": 0.00266680493951
    },
    "barkbands_kurtosis": {
        "dmean": 1.89152944088,
        "dmean2": 3.44077277184,
        "dvar": 5.50969696045,
        "dvar2": 14.5063648224,
        "max": 10.2016649246,
        "mean": 1.1380147934,
        "median": 0.34539604187,
        "min": -1.04947221279,
        "var": 5.71583461761
    },
    "barkbands_skewness": {
        "dmean": 0.608677268028,
        "dmean2": 1.06119740009,
        "dvar": 0.333500355482,
        "dvar2": 0.819542169571,
        "max": 2.74954867363,
        "mean": 0.710047185421,
        "median": 0.672528982162,
        "min": -2.82777357101,
        "var": 0.516879320145
    },
    "barkbands_spread": {
        "dmean": 4.13533163071,
        "dmean2": 6.61928892136,
        "dvar": 44.2329368591,
        "dvar2": 64.9146957397,
        "max": 131.132843018,
        "mean": 14.621260643,
        "median": 9.90789031982,
        "min": 2.98551845551,
        "var": 345.757415771
    },
    "dissonance": {
        "dmean": 0.0470218583941,
        "dmean2": 0.0782540440559,
        "dvar": 0.00193573499564,
        "dvar2": 0.00561169954017,
        "max": 0.499847501516,
        "mean": 0.432424277067,
        "median": 0.445234656334,
        "min": 0.188973873854,
        "var": 0.00260724732652
    },
    "dynamic_complexity": 3.81489253044,
    "erbbands_crest": {
        "dmean": 3.68406224251,
        "dmean2": 6.41617870331,
        "dvar": 10.7093191147,
        "dvar2": 26.4979019165,
        "max": 23.5696086884,
        "mean": 9.80185413361,
        "median": 8.74112606049,
        "min": 2.72588419914,
        "var": 17.5214977264
    },
    "erbbands_flatness_db": {
        "dmean": 0.0232207663357,
        "dmean2": 0.0384142249823,
        "dvar": 0.00053623621352,
        "dvar2": 0.00120433059055,
        "max": 0.343454092741,
        "mean": 0.246735200286,
        "median": 0.263767570257,
        "min": 0.0145807294175,
        "var": 0.00431975768879
    },
    "erbbands_kurtosis": {
        "dmean": 1.09332716465,
        "dmean2": 1.87433040142,
        "dvar": 1.50105011463,
        "dvar2": 3.69144153595,
        "max": 6.26306819916,
        "mean": 0.466550320387,
        "median": -0.0426986217499,
        "min": -1.30389964581,
        "var": 2.15117168427
    },
    "erbbands_skewness": {
        "dmean": 0.521589994431,
        "dmean2": 0.901996433735,
        "dvar": 0.207211911678,
        "dvar2": 0.525579988956,
        "max": 2.15934157372,
        "mean": 0.332969069481,
        "median": 0.250201791525,
        "min": -1.62200796604,
        "var": 0.396973282099
    },
    "erbbands_spread": {
        "dmean": 5.40659093857,
        "dmean2": 9.12224006653,
        "dvar": 47.3199195862,
        "dvar2": 106.577278137,
        "max": 120.755935669,
        "mean": 19.1279830933,
        "median": 15.6196317673,
        "min": 5.26694059372,
        "var": 261.731628418
    },
    "hfc": {
        "dmean": 13.9521961212,
        "dmean2": 25.6131401062,
        "dvar": 212.431808472,
        "dvar2": 657.12487793,
        "max": 84.9188995361,
        "mean": 18.8981456757,
        "median": 14.3434581757,
        "min": 0.00875537376851,
        "var": 327.166229248
    },
    "melbands_crest": {
        "dmean": 4.50204563141,
        "dmean2": 8.0474357605,
        "dvar": 15.3778438568,
        "dvar2": 41.7088775635,
        "max": 28.625837326,
        "mean": 12.5356960297,
        "median": 11.5806159973,
        "min": 3.99929904938,
        "var": 25.81798172
    },
    "melbands_flatness_db": {
        "dmean": 0.0338574722409,
        "dmean2": 0.0563801191747,
        "dvar": 0.000738094036933,
        "dvar2": 0.00180403841659,
        "max": 0.402685523033,
        "mean": 0.235610157251,
        "median": 0.236565157771,
        "min": 0.119889169931,
        "var": 0.00261522433721
    },
    "melbands_kurtosis": {
        "dmean": 2.78522825241,
        "dmean2": 4.75892686844,
        "dvar": 14.9303998947,
        "dvar2": 28.1928443909,
        "max": 58.6955032349,
        "mean": 3.11025190353,
        "median": 1.01116228104,
        "min": -1.24950730801,
        "var": 61.8434410095
    },
    "melbands_skewness": {
        "dmean": 0.592376470566,
        "dmean2": 1.02977132797,
        "dvar": 0.299499541521,
        "dvar2": 0.672127306461,
        "max": 7.12695360184,
        "mean": 1.0763168335,
        "median": 0.904606819153,
        "min": -0.313042640686,
        "var": 1.18034684658
    },
    "melbands_spread": {
        "dmean": 6.25680494308,
        "dmean2": 10.9459114075,
        "dvar": 32.7417869568,
        "dvar2": 83.7622299194,
        "max": 47.8608398438,
        "mean": 17.9962043762,
        "median": 16.5361385345,
        "min": 4.06971693039,
        "var": 57.7763786316
    },
    "pitch_salience": {
        "dmean": 0.108030945063,
        "dmean2": 0.190520316362,
        "dvar": 0.00818847306073,
        "dvar2": 0.0226577408612,
        "max": 0.926026701927,
        "mean": 0.64426279068,
        "median": 0.646997749805,
        "min": 0.306469142437,
        "var": 0.0137935411185
    },
    "silence_rate_20dB": {
        "dmean": 0,
        "dmean2": 0,
        "dvar": 0,
        "dvar2": 0,
        "max": 1,
        "mean": 1,
        "median": 1,
        "min": 1,
        "var": 0
    },
    "silence_rate_30dB": {
        "dmean": 0,
        "dmean2": 0,
        "dvar": 0,
        "dvar2": 0,
        "max": 1,
        "mean": 1,
        "median": 1,
        "min": 1,
        "var": 0
    },
    "silence_rate_60dB": {
        "dmean": 0.0588235296309,
        "dmean2": 0.118343196809,
        "dvar": 0.0553633086383,
        "dvar2": 0.104337953031,
        "max": 1,
        "mean": 0.187134504318,
        "median": 0,
        "min": 0,
        "var": 0.152114808559
    },
    "spectral_centroid": {
        "dmean": 266.167358398,
        "dmean2": 457.42880249,
        "dvar": 51257.4921875,
        "dvar2": 129946.6875,
        "max": 2210.27758789,
        "mean": 1085.78149414,
        "median": 1056.06384277,
        "min": 432.859191895,
        "var": 121968.351562
    },
    "spectral_complexity": {
        "dmean": 4.56470584869,
        "dmean2": 7.06508874893,
        "dvar": 20.7163734436,
        "dvar2": 42.2856826782,
        "max": 41,
        "mean": 15.1929826736,
        "median": 15,
        "min": 0,
        "var": 78.787322998
    },
    "spectral_decrease": {
        "dmean": 2.98804048171e-09,
        "dmean2": 5.22791188118e-09,
        "dvar": 8.47511057648e-18,
        "dvar2": 2.6415486775e-17,
        "max": 2.15965076768e-13,
        "mean": -5.27386978533e-09,
        "median": -3.95379062823e-09,
        "min": -1.82522423842e-08,
        "var": 2.22254215801e-17
    },
    "spectral_energy": {
        "dmean": 0.0125011755154,
        "dmean2": 0.0219798032194,
        "dvar": 0.000148612001794,
        "dvar2": 0.000463995005703,
        "max": 0.0738037526608,
        "mean": 0.0216188579798,
        "median": 0.0163760855794,
        "min": 1.16083435842e-06,
        "var": 0.000373093615053
    },
    "spectral_energyband_high": {
        "dmean": 3.75699128199e-05,
        "dmean2": 6.78052310832e-05,
        "dvar": 1.07028883534e-08,
        "dvar2": 3.02373557304e-08,
        "max": 0.00097878545057,
        "mean": 3.58925572073e-05,
        "median": 1.59806331794e-05,
        "min": 2.7498089139e-07,
        "var": 7.5311215042e-09
    },
    "spectral_energyband_low": {
        "dmean": 6.5847132646e-05,
        "dmean2": 0.000111673456558,
        "dvar": 6.01741900752e-09,
        "dvar2": 1.49694070473e-08,
        "max": 0.000840561639052,
        "mean": 0.000123861755128,
        "median": 6.86305211275e-05,
        "min": 1.23171215449e-08,
        "var": 2.69746927017e-08
    },
    "spectral_energyband_middle_high": {
        "dmean": 0.00798005331308,
        "dmean2": 0.0148316463456,
        "dvar": 7.07516592229e-05,
        "dvar2": 0.000223365030251,
        "max": 0.0422727130353,
        "mean": 0.00879789143801,
        "median": 0.00500874174759,
        "min": 2.76584088965e-09,
        "var": 9.25514395931e-05
    },
    "spectral_energyband_middle_low": {
        "dmean": 0.00566005380824,
        "dmean2": 0.00958454143256,
        "dvar": 4.33969544247e-05,
        "dvar2": 0.000118332383863,
        "max": 0.053689263761,
        "mean": 0.0127428891137,
        "median": 0.00990824960172,
        "min": 1.51977452845e-08,
        "var": 0.000154360794113
    },
    "spectral_entropy": {
        "dmean": 0.237773090601,
        "dmean2": 0.395569622517,
        "dvar": 0.0484598837793,
        "dvar2": 0.114384897053,
        "max": 8.91223144531,
        "mean": 7.18435382843,
        "median": 7.18427276611,
        "min": 5.84864711761,
        "var": 0.226600065827
    },
    "spectral_flux": {
        "dmean": 0.0297626517713,
        "dmean2": 0.0504557155073,
        "dvar": 0.00108669849578,
        "dvar2": 0.00270570162684,
        "max": 0.206753849983,
        "mean": 0.0815838426352,
        "median": 0.0788420662284,
        "min": 0.00068934506271,
        "var": 0.00229100021534
    },
    "spectral_kurtosis": {
        "dmean": 7.47181844711,
        "dmean2": 12.824505806,
        "dvar": 56.6713752747,
        "dvar2": 164.513290405,
        "max": 49.3970108032,
        "mean": 16.7564048767,
        "median": 15.4112148285,
        "min": 1.24747276306,
        "var": 86.1859283447
    },
    "spectral_rms": {
        "dmean": 0.00129408098292,
        "dmean2": 0.00223027891479,
        "dvar": 1.31509034418e-06,
        "dvar2": 4.00482531404e-06,
        "max": 0.00848549697548,
        "mean": 0.00399571564049,
        "median": 0.00399708282202,
        "min": 3.3652955608e-05,
        "var": 5.12583028467e-06
    },
    "spectral_rolloff": {
        "dmean": 527.436706543,
        "dmean2": 977.276184082,
        "dvar": 2512107.75,
        "dvar2": 4845993.5,
        "max": 21468.6035156,
        "mean": 1947.68408203,
        "median": 1421.19140625,
        "min": 516.796875,
        "var": 10704127
    },
    "spectral_skewness": {
        "dmean": 0.666743516922,
        "dmean2": 1.0909870863,
        "dvar": 0.382267802954,
        "dvar2": 1.11513078213,
        "max": 4.95042467117,
        "mean": 2.60650873184,
        "median": 2.57779288292,
        "min": 0.651983380318,
        "var": 0.635530412197
    },
    "spectral_spread": {
        "dmean": 527113.4375,
        "dmean2": 922443.625,
        "dvar": 1.34433210368e+12,
        "dvar2": 2.46367780864e+12,
        "max": 20265068,
        "mean": 2826832.5,
        "median": 1924232.375,
        "min": 1214202,
        "var": 8.67823727411e+12
    },
    "spectral_strongpeak": {
        "dmean": 0.59797424078,
        "dmean2": 1.03776955605,
        "dvar": 0.402612537146,
        "dvar2": 1.02906739712,
        "max": 5.06694793701,
        "mean": 1.37887525558,
        "median": 1.25648725033,
        "min": 0,
        "var": 1.0517629385
    },
    "zerocrossingrate": {
        "dmean": 0.012275964953,
        "dmean2": 0.0135534163564,
        "dvar": 0.00160913402215,
        "dvar2": 0.00165532110259,
        "max": 0.6865234375,
        "mean": 0.0615519918501,
        "median": 0.04052734375,
        "min": 0.01953125,
        "var": 0.00708576617762
    },
    "barkbands": {
        "dmean": [3.08247672365e-06, 4.24701393058e-05, 1.68372534972e-05, 8.33058147691e-05, 0.00178041495383, 0.000220250178245, 0.0021085946355, 0.000276544276858, 0.00316625344567, 0.000895142205991, 0.00202009221539, 0.00161331437994, 0.00126476958394, 0.00112835865002, 0.000821210152935, 0.000603765191045, 0.000523778726347, 0.00021425326122, 0.000100539742562, 4.71481653221e-05, 1.30161988636e-05, 5.17506941833e-06, 2.84432599074e-06, 1.29456168452e-06, 5.93431025209e-07, 2.37764837152e-07, 2.5903332812e-07],
        "dmean2": [5.51729817744e-06, 7.45197685319e-05, 2.97252245218e-05, 0.000149352272274, 0.0030547818169, 0.000359320751159, 0.00328090880066, 0.00051546265604, 0.00547469733283, 0.00159809086472, 0.00354142510332, 0.00302482047118, 0.00231190840714, 0.00210737413727, 0.00153237744235, 0.00113762344699, 0.000990839209408, 0.000385339139029, 0.00018214424199, 8.16675747046e-05, 2.36756259255e-05, 9.83783957054e-06, 5.53959171157e-06, 2.44848865805e-06, 1.07232301616e-06, 4.03290954409e-07, 4.29464563467e-07],
        "dvar": [1.34070532454e-11, 2.50614573538e-09, 1.11500497724e-09, 2.17421654014e-08, 9.88788360701e-06, 1.1393204602e-07, 6.33863328403e-06, 5.65920515783e-07, 1.34337169584e-05, 1.90025195934e-06, 8.95065113582e-06, 4.89925378133e-06, 2.35428569795e-06, 2.7484770726e-06, 9.74425120148e-07, 5.68200505313e-07, 6.94759023645e-07, 1.50506707541e-07, 5.80582373289e-08, 1.81888797357e-08, 1.72119651864e-09, 1.46318041017e-10, 1.28080934747e-10, 1.30039000401e-11, 2.24993461362e-12, 1.54396352474e-13, 3.46023855185e-13],
        "dvar2": [3.58069372763e-11, 6.71773969785e-09, 3.09426373413e-09, 5.52893197892e-08, 2.88986993837e-05, 2.69853615009e-07, 1.36008547997e-05, 1.64837967986e-06, 3.09454080707e-05, 4.45284513262e-06, 2.51420951827e-05, 1.53372475324e-05, 6.85421036906e-06, 8.37308016344e-06, 3.07780851472e-06, 1.81547545708e-06, 1.99050418814e-06, 4.09535289236e-07, 1.56145986807e-07, 4.98641163915e-08, 4.81588813273e-09, 4.19287105036e-10, 3.82283260603e-10, 4.1042318849e-11, 6.33683426912e-12, 3.26019430636e-13, 6.73980619578e-13],
        "max": [3.26790395775e-05, 0.00033547374187, 0.000324162712786, 0.00176984490827, 0.029503185302, 0.00282346317545, 0.0204267445952, 0.00643211137503, 0.0277253780514, 0.0122861042619, 0.0238421186805, 0.0111845228821, 0.00691168988124, 0.0113644860685, 0.00609402684495, 0.00398290390149, 0.00546624930575, 0.00286552798934, 0.00204743421637, 0.00125596323051, 0.000389031571103, 9.93971771095e-05, 8.75176410773e-05, 2.6259549486e-05, 1.37206197905e-05, 4.99070984006e-06, 8.4810444605e-06],
        "mean": [3.52045549334e-06, 4.87794313813e-05, 2.0331439373e-05, 0.000123697536765, 0.00298829213716, 0.000377074145945, 0.00425195880234, 0.000284561683657, 0.00458644097671, 0.00105361745227, 0.00209138984792, 0.00147947517689, 0.00120963016525, 0.00102222012356, 0.0007268175832, 0.000529113283847, 0.000465982215246, 0.00020603989833, 8.71246738825e-05, 4.11869878008e-05, 1.12085999717e-05, 4.13673978983e-06, 2.08049050343e-06, 1.28419515022e-06, 8.95477967333e-07, 8.505538176e-07, 1.08633696527e-06],
        "median": [1.79282164936e-06, 2.72410070465e-05, 1.16805904327e-05, 2.17252272705e-05, 0.000655733863823, 0.000115485905553, 0.00263817142695, 4.97802793689e-05, 0.00345104583539, 0.000423071323894, 0.00060889928136, 0.000447017024271, 0.000462295516627, 0.000412428431446, 0.000321005471051, 0.00024898481206, 0.000208815996302, 7.9664925579e-05, 2.82325036096e-05, 1.12152993097e-05, 3.49356992047e-06, 1.23010283914e-06, 6.54762061458e-07, 5.98845133482e-07, 5.01976842315e-07, 4.56888415101e-07, 2.72312433935e-07],
        "min": [8.50156944843e-10, 1.022788787e-08, 3.44784117923e-10, 2.14149697975e-10, 5.25884091829e-09, 3.4050673392e-10, 2.99476998755e-10, 1.07699710261e-10, 3.12164911975e-11, 8.7811369287e-11, 1.63740937476e-10, 1.21933338426e-10, 2.27073360115e-10, 9.6372819447e-11, 1.59733781757e-10, 2.38391972829e-10, 2.23878290906e-10, 4.50527726237e-10, 3.63541557968e-10, 1.30559105194e-10, 4.11877004725e-10, 1.02314856587e-09, 2.18629714333e-09, 5.90587267979e-09, 6.16317175073e-09, 1.76491408155e-08, 3.79221170022e-08],
        "var": [2.16655460933e-11, 3.44165762556e-09, 1.02921704492e-09, 9.68447864125e-08, 2.99290586554e-05, 3.09118519226e-07, 1.98430479941e-05, 4.81145605136e-07, 2.42895621341e-05, 3.61066827281e-06, 1.40227521115e-05, 4.72563306175e-06, 2.4474543352e-06, 2.4103112537e-06, 9.19077933759e-07, 5.36911500149e-07, 5.60155001494e-07, 1.39950685707e-07, 4.40328413731e-08, 1.34560309561e-08, 1.16134513117e-09, 1.01896470428e-10, 6.70614605514e-11, 7.72179629266e-12, 1.79712039521e-12, 1.00628999491e-12, 3.22546221503e-12]
    },
    "erbbands": {
        "dmean": [0.00131414225325, 0.00949675310403, 0.0193153377622, 0.14812490344, 1.85701656342, 9.56041717529, 3.30570030212, 1.75596094131, 26.8811702728, 23.3611888885, 12.0252437592, 75.7969665527, 33.2699241638, 61.838886261, 59.7359657288, 68.1977539062, 56.293422699, 55.5688896179, 48.930355072, 40.1701583862, 35.3270988464, 23.4898471832, 12.8616657257, 7.59625005722, 4.67345476151, 2.38858270645, 0.759134829044, 0.343434870243, 0.181760728359, 0.114969536662, 0.0784703046083, 0.040939476341, 0.0156973619014, 0.00771928252652, 0.00356777198613, 0.00117012730334, 0.000478497066069, 0.000227584212553, 5.20948851772e-05, 1.66259342222e-05],
        "dmean2": [0.00228526582941, 0.0169365443289, 0.0339616909623, 0.260067433119, 3.2009780407, 16.2487258911, 5.41433429718, 2.68183279037, 40.6842269897, 38.0316200256, 20.7521266937, 130.249023438, 60.7291107178, 110.487472534, 105.256896973, 128.149154663, 103.67591095, 101.261802673, 92.0037307739, 75.2172164917, 66.1739044189, 44.3182106018, 23.3548908234, 13.6574344635, 8.43096542358, 4.069480896, 1.37349069118, 0.631292521954, 0.34276458621, 0.220374450088, 0.152734220028, 0.0787270441651, 0.0296024121344, 0.0143242375925, 0.00630070129409, 0.00199082889594, 0.000823890324682, 0.000373540184228, 8.75314362929e-05, 2.88777318929e-05],
        "dvar": [2.4512253276e-06, 0.000130860338686, 0.000925820902921, 0.0549644343555, 9.93476581573, 334.738037109, 21.3886680603, 4.62816858292, 1243.51000977, 1738.50073242, 247.070449829, 8542.95800781, 2682.38037109, 5601.70654297, 7287.4765625, 8915.109375, 4615.98925781, 4655.51708984, 3632.76586914, 2279.27636719, 2272.7734375, 1283.82141113, 503.459686279, 207.68309021, 141.191574097, 67.4966430664, 5.48766565323, 1.12199640274, 0.181950122118, 0.0976131558418, 0.100909896195, 0.0216458495706, 0.000960791890975, 0.000310911447741, 8.05430245236e-05, 3.01622162624e-06, 6.8357900318e-07, 2.0418109159e-07, 1.13574953886e-08, 2.05915132168e-10],
        "dvar2": [5.88578086536e-06, 0.00036436325172, 0.0025328588672, 0.128142431378, 24.4261894226, 1006.3760376, 51.3933067322, 9.72577095032, 2707.5703125, 4142.02929688, 527.423339844, 19075.5410156, 7388.69726562, 15577.4433594, 20522.1035156, 27517.3925781, 13703.4775391, 13733.6748047, 11780.5136719, 7230.70996094, 6804.02001953, 3760.83129883, 1398.31921387, 554.604248047, 382.958129883, 185.690612793, 15.2311286926, 3.18020534515, 0.517410814762, 0.289680719376, 0.301852911711, 0.0662678554654, 0.00324783171527, 0.000905367778614, 0.000223138238653, 7.25347081243e-06, 1.6466225361e-06, 4.86048236326e-07, 2.21055653782e-08, 6.26565410666e-10],
        "max": [0.0148985665292, 0.061374284327, 0.285713434219, 3.12322854996, 35.068031311, 179.052474976, 42.481502533, 16.5506057739, 299.476959229, 352.220245361, 112.577636719, 770.209899902, 346.014831543, 585.199951172, 723.550354004, 457.543518066, 327.197479248, 338.412750244, 353.231262207, 312.177154541, 277.541748047, 221.874481201, 155.79548645, 107.243530273, 104.816398621, 80.4547805786, 21.9035606384, 9.97989273071, 3.67412567139, 2.13182711601, 2.4644677639, 1.10745823383, 0.189978346229, 0.150604829192, 0.0861396417022, 0.0171336084604, 0.0104969311506, 0.0053312513046, 0.00148716359399, 0.000112372414151],
        "mean": [0.00157035898883, 0.0103743989021, 0.0265183839947, 0.273647576571, 3.23533082008, 14.8579502106, 6.3084526062, 3.89193749428, 51.3083381653, 41.8594169617, 18.2921524048, 107.068336487, 42.2055397034, 70.8048629761, 70.6595840454, 61.2673797607, 53.9280776978, 50.8020896912, 42.7829360962, 36.5386657715, 32.2221450806, 21.4050941467, 12.2552108765, 7.17045164108, 3.91670131683, 2.06242823601, 0.673258125782, 0.288575142622, 0.14930768311, 0.0849427953362, 0.0582679957151, 0.0351897664368, 0.0170395988971, 0.0104307839647, 0.00596877653152, 0.00314296851866, 0.0016125626862, 0.000689861306455, 0.000190946884686, 3.89804918086e-05],
        "median": [0.000794209947344, 0.00573389185593, 0.0150685943663, 0.0813750401139, 0.777177393436, 2.28751301765, 1.90925741196, 2.43919825554, 25.9400634766, 16.8931941986, 11.5524663925, 66.8424301147, 18.0403995514, 30.7504501343, 29.3841648102, 21.6958446503, 22.6236457825, 22.6499652863, 20.1952590942, 16.9236030579, 15.3667907715, 10.279460907, 5.483751297, 2.71578717232, 1.09106469154, 0.515974581242, 0.217779755592, 0.10196633637, 0.0471544377506, 0.0241484157741, 0.0194883309305, 0.0148346330971, 0.00815163739026, 0.00532941799611, 0.00340050738305, 0.0017876814818, 0.000854905112647, 0.00027791748289, 5.41373956366e-05, 3.61905804311e-05],
        "min": [3.33483882287e-07, 2.08144888347e-06, 2.33792547988e-06, 7.47068554574e-07, 9.92176501313e-06, 1.04722257674e-05, 2.31427452491e-06, 2.82916016658e-06, 3.04083323499e-06, 4.93280003866e-06, 1.78779976068e-06, 7.59448141707e-07, 1.96774931283e-06, 3.25027326653e-06, 7.38820790502e-06, 5.47664876649e-06, 1.04518449007e-05, 4.26475253335e-06, 5.53122799829e-06, 1.273633643e-05, 1.46568081618e-05, 1.53139117174e-05, 1.75809636858e-05, 2.60197139141e-05, 1.0316774933e-05, 6.85020904712e-06, 1.25937403936e-05, 1.62411888596e-05, 2.95440531772e-05, 4.9106834922e-05, 7.83271025284e-05, 0.00010183503764, 0.000107970561658, 6.47051128908e-05, 3.22116102325e-05, 1.90775426745e-05, 3.30796829076e-05, 4.11116961914e-05, 4.45096566182e-06, 8.55019266055e-07],
        "var": [5.07473259859e-06, 0.000139294425026, 0.00106083392166, 0.321562618017, 30.1452484131, 952.146728516, 81.5441131592, 17.1222820282, 3827.55004883, 4250.95458984, 461.52545166, 15561.6181641, 3720.58691406, 8904.33691406, 12057.9863281, 8065.00634766, 4723.99658203, 4803.55371094, 3225.79907227, 2240.64794922, 2116.87426758, 1070.53320312, 454.953399658, 185.88571167, 103.267181396, 48.2033081055, 3.84029555321, 0.736081004143, 0.126004084945, 0.0571507848799, 0.0527152642608, 0.011708968319, 0.000717849296052, 0.000248253985774, 6.96954521118e-05, 1.17130466606e-05, 3.66290419151e-06, 9.63072693594e-07, 9.62836850249e-08, 6.79115208513e-10]
    },
    "gfcc": {
        "mean": [-84.3036575317, 116.742179871, -159.65788269, -33.4032440186, -42.1524391174, -14.411406517, -35.9138832092, 0.540221810341, -20.2525787354, -5.97898483276, -13.7181921005, -1.87764382362, -7.41692447662],
        "cov": [[10153.6650391, 3251.38452148, -3606.05249023, -643.89239502, -689.763916016, -628.919189453, -547.811462402, -194.049194336, -247.407852173, -65.7238540649, -10.6752643585, -68.699798584, 62.0102348328], [3251.38452148, 1742.10107422, -1239.01672363, -362.165588379, -322.479217529, -364.993896484, -239.316955566, -139.591934204, -125.789131165, -71.6976623535, -0.255219578743, -18.4426326752, 21.526260376], [-3606.05249023, -1239.01672363, 1886.90014648, 209.468063354, 226.030761719, 344.452331543, 203.159927368, 83.5587005615, 103.845413208, 26.9137458801, -46.170917511, 48.0585746765, -32.9207649231], [-643.89239502, -362.165588379, 209.468063354, 300.381652832, 66.2412338257, 62.8228797913, 55.3696289062, 0.831548690796, -27.4841403961, -31.2467880249, -0.358467847109, -14.1128559113, 19.3470954895], [-689.763916016, -322.479217529, 226.030761719, 66.2412338257, 164.172317505, 92.8673553467, 62.9378204346, 37.5316619873, 26.6404953003, 35.2956733704, 23.2497062683, 28.1800117493, -8.75208187103], [-628.919189453, -364.993896484, 344.452331543, 62.8228797913, 92.8673553467, 236.618362427, 76.9011535645, 31.2337551117, 49.0220985413, 2.96650958061, -22.7986392975, 23.4663887024, -5.65437173843], [-547.811462402, -239.316955566, 203.159927368, 55.3696289062, 62.9378204346, 76.9011535645, 125.730102539, 57.0800476074, 35.7358932495, 30.0000896454, 0.0708530396223, 21.8264026642, 9.2260684967], [-194.049194336, -139.591934204, 83.5587005615, 0.831548690796, 37.5316619873, 31.2337551117, 57.0800476074, 114.407951355, 45.4488296509, 60.4708938599, 14.9392547607, 12.0985212326, -5.20229148865], [-247.407852173, -125.789131165, 103.845413208, -27.4841403961, 26.6404953003, 49.0220985413, 35.7358932495, 45.4488296509, 130.649215698, 66.5915374756, 47.5380935669, 6.04824447632, -28.7681808472], [-65.7238540649, -71.6976623535, 26.9137458801, -31.2467880249, 35.2956733704, 2.96650958061, 30.0000896454, 60.4708938599, 66.5915374756, 107.989547729, 49.0841674805, 30.4929637909, -14.2010717392], [-10.6752643585, -0.255219578743, -46.170917511, -0.358467847109, 23.2497062683, -22.7986392975, 0.0708530396223, 14.9392547607, 47.5380935669, 49.0841674805, 93.2751312256, 18.4333000183, -14.3374681473], [-68.699798584, -18.4426326752, 48.0585746765, -14.1128559113, 28.1800117493, 23.4663887024, 21.8264026642, 12.0985212326, 6.04824447632, 30.4929637909, 18.4333000183, 66.1031188965, 20.3583526611], [62.0102348328, 21.526260376, -32.9207649231, 19.3470954895, -8.75208187103, -5.65437173843, 9.2260684967, -5.20229148865, -28.7681808472, -14.2010717392, -14.3374681473, 20.3583526611, 47.7310447693]],
        "icov": [[0.000536346924491, -0.000497905479278, 0.000727958802599, -0.000120545882965, 0.000674718641676, -0.000814903469291, 0.000687069550622, -0.000330383132678, 0.000278071151115, -0.000729785999283, 0.000376122945454, -0.000109433254693, 4.71879975521e-05], [-0.000497905479278, 0.00248417886905, 9.55837385845e-05, 0.00143372640014, 0.00113078695722, 0.00157140637748, -0.000384665385354, 0.000814440019894, 0.000322587467963, 0.00154297845438, -0.000624626292847, -0.0014128300827, 0.000636397104245], [0.000727958802599, 9.55837385845e-05, 0.00214978214353, -0.000101463992905, 0.0011742466595, -0.00129767227918, 0.000483348587295, -0.000245091709075, 6.70768858981e-05, -0.000386386120226, 0.00128643016797, -0.00159497966524, 0.00146864750423], [-0.000120545882965, 0.00143372640014, -0.000101463992905, 0.00603826669976, -0.000369092856999, -0.000210633545066, -0.00172728206962, 0.00082322297385, 0.00246092164889, 0.00141698669177, -0.00326255452819, 0.00329237128608, -0.00315598794259], [0.000674718641676, 0.00113078695722, 0.0011742466595, -0.000369092856999, 0.0132609801367, -0.00336461607367, -0.00113024085294, -0.000465445249574, 0.00360603258014, -0.00236928090453, -0.00264711515047, -0.00364785082638, 0.00400292035192], [-0.000814903469291, 0.00157140637748, -0.00129767227918, -0.000210633545066, -0.00336461607367, 0.0102603873238, -0.00228541274555, 0.000323294079863, -0.00488112960011, 0.0050182742998, 0.0036626693327, -0.00459865713492, 0.00222862628289], [0.000687069550622, -0.000384665385354, 0.000483348587295, -0.00172728206962, -0.00113024085294, -0.00228541274555, 0.016237411648, -0.00553283188492, -0.00240829354152, -0.00108379276935, 0.00242941617034, -0.00184411916416, -0.00416287919506], [-0.000330383132678, 0.000814440019894, -0.000245091709075, 0.00082322297385, -0.000465445249574, 0.000323294079863, -0.00553283188492, 0.0159578006715, -0.000273577228654, -0.00790328346193, 0.00102408067323, 0.00296820374206, -0.00115381728392], [0.000278071151115, 0.000322587467963, 6.70768858981e-05, 0.00246092164889, 0.00360603258014, -0.00488112960011, -0.00240829354152, -0.000273577228654, 0.0179961193353, -0.0077971466817, -0.0075249215588, 0.00495527638122, 0.00321350200102], [-0.000729785999283, 0.00154297845438, -0.000386386120226, 0.00141698669177, -0.00236928090453, 0.0050182742998, -0.00108379276935, -0.00790328346193, -0.0077971466817, 0.0259827356786, -0.00400991877541, -0.0104708988219, 0.00521210161969], [0.000376122945454, -0.000624626292847, 0.00128643016797, -0.00326255452819, -0.00264711515047, 0.0036626693327, 0.00242941617034, 0.00102408067323, -0.0075249215588, -0.00400991877541, 0.0210518427193, -0.00757818808779, 0.00542069924995], [-0.000109433254693, -0.0014128300827, -0.00159497966524, 0.00329237128608, -0.00364785082638, -0.00459865713492, -0.00184411916416, 0.00296820374206, 0.00495527638122, -0.0104708988219, -0.00757818808779, 0.0318205058575, -0.0181661434472], [4.71879975521e-05, 0.000636397104245, 0.00146864750423, -0.00315598794259, 0.00400292035192, 0.00222862628289, -0.00416287919506, -0.00115381728392, 0.00321350200102, 0.00521210161969, 0.00542069924995, -0.0181661434472, 0.0374355651438]]
    },
    "melbands": {
        "dmean": [1.18674515761e-05, 1.01183031802e-05, 4.48190039606e-05, 0.00043742073467, 0.00016776243865, 3.89638735214e-05, 0.000417827279307, 0.000213443854591, 0.00017291441327, 0.000466354511445, 0.000158032547915, 0.000235279294429, 0.000259634834947, 0.000185192024219, 0.000117138348287, 0.000134340400109, 0.000105860381154, 8.63707973622e-05, 7.28758022888e-05, 4.3050826207e-05, 4.47819293186e-05, 2.70305972663e-05, 1.65805067809e-05, 9.24078631215e-06, 5.82148186368e-06, 4.19804791818e-06, 2.21035429604e-06, 1.37411404921e-06, 4.89532737902e-07, 3.32220963628e-07, 1.55272360303e-07, 1.12412905651e-07, 8.05477426979e-08, 5.72615235228e-08, 4.66222438433e-08, 3.90667764805e-08, 1.92098212892e-08, 1.19326601933e-08, 7.86508369544e-09, 6.20417273112e-09],
        "dmean2": [2.06465501833e-05, 1.75466848304e-05, 7.97457032604e-05, 0.000749781902414, 0.000290915340884, 6.20221908321e-05, 0.000637495657429, 0.000350961927325, 0.000289207237074, 0.000815816805698, 0.000285832764348, 0.000420101074269, 0.000453017972177, 0.00034547332325, 0.000217519744183, 0.000248665630352, 0.000193888132344, 0.000162421551067, 0.000136822302011, 8.22915608296e-05, 8.2738675701e-05, 5.13757004228e-05, 3.05609682982e-05, 1.65932669915e-05, 1.04462824311e-05, 7.59807335271e-06, 3.89628257835e-06, 2.2874530714e-06, 8.91797526492e-07, 5.89562887399e-07, 2.88857449959e-07, 2.0940811396e-07, 1.52478733639e-07, 1.10585801849e-07, 9.08140549427e-08, 7.63603864584e-08, 3.63061758435e-08, 2.2365307828e-08, 1.4680849425e-08, 1.12735101254e-08],
        "dvar": [1.91410998163e-10, 1.62463112408e-10, 4.08974454302e-09, 6.46449791475e-07, 7.63936682802e-08, 2.68084887622e-09, 2.8324188861e-07, 1.60175375186e-07, 6.45362447926e-08, 2.98703383805e-07, 6.80973784029e-08, 8.76016201801e-08, 1.66172455351e-07, 6.86496335334e-08, 2.12975894698e-08, 2.77647114189e-08, 1.90444211512e-08, 1.42598013397e-08, 8.34723667964e-09, 3.04590486166e-09, 4.63165283904e-09, 1.67251412719e-09, 8.06524125263e-10, 3.840631424e-10, 1.15208224905e-10, 1.39495151541e-10, 2.55300034585e-11, 2.65566475061e-11, 2.05564775271e-12, 1.06332900384e-12, 1.92796082918e-13, 7.50501752216e-14, 3.546543552e-14, 3.47544055709e-14, 3.43001621301e-14, 2.85914378924e-14, 3.36459782561e-15, 5.83100339626e-16, 2.56725521917e-16, 2.07403097801e-16],
        "dvar2": [5.00358254829e-10, 4.3428338703e-10, 9.41896605156e-09, 1.94581798496e-06, 1.82361759471e-07, 6.17696382932e-09, 6.12822304902e-07, 3.94664084524e-07, 1.35860247497e-07, 6.85159420755e-07, 1.87810485386e-07, 2.35952242633e-07, 4.56913056723e-07, 2.15292587313e-07, 6.33342480683e-08, 8.06388484875e-08, 5.5498485807e-08, 4.57082229843e-08, 2.60229224835e-08, 9.51649337111e-09, 1.35209878849e-08, 4.79499151496e-09, 2.36953656696e-09, 1.02903552346e-09, 3.11089348726e-10, 3.81322862175e-10, 6.87953027878e-11, 7.3720453353e-11, 5.71063162036e-12, 3.00227225893e-12, 5.46509994377e-13, 2.1295438286e-13, 1.02036035057e-13, 1.03494944277e-13, 1.02338371609e-13, 8.60965148459e-14, 1.03536174453e-14, 1.90642997164e-15, 8.00730685286e-16, 5.82997689821e-16],
        "max": [0.000111990659207, 0.000105778555735, 0.000723751378246, 0.00650095753372, 0.0034007569775, 0.000383968494134, 0.00460171187297, 0.00347097590566, 0.00186275446322, 0.00434483587742, 0.00178273569327, 0.00244524073787, 0.00346435909159, 0.00150384532753, 0.000628369161859, 0.00075635605026, 0.000736399553716, 0.000820052984636, 0.000629802641924, 0.000297887279885, 0.000442587363068, 0.000252419995377, 0.000190575301531, 0.000170301835169, 8.48546624184e-05, 0.000107189451228, 4.16065886384e-05, 5.0604394346e-05, 1.31859696921e-05, 9.25618860492e-06, 4.1396965571e-06, 2.4165042305e-06, 1.29571367324e-06, 1.39445342029e-06, 1.43463830682e-06, 1.28202248106e-06, 4.25076621013e-07, 1.41921560726e-07, 1.23142598341e-07, 1.25932203332e-07],
        "mean": [1.38572395372e-05, 1.2490933841e-05, 7.35096473363e-05, 0.000701872631907, 0.000324751948938, 7.17602306395e-05, 0.000826023460831, 0.000357598764822, 0.000249494187301, 0.000661746831611, 0.00019028018869, 0.000271916913334, 0.00029237815761, 0.00017526987358, 0.000103326710814, 0.000125504142488, 9.52656482696e-05, 7.53498025006e-05, 6.2867969973e-05, 3.75478812202e-05, 4.03538651881e-05, 2.43589620368e-05, 1.51642261699e-05, 8.95622088137e-06, 5.47053559785e-06, 3.46747015101e-06, 1.91914136849e-06, 1.16053104193e-06, 4.32503526326e-07, 2.68034085593e-07, 1.2888934009e-07, 9.11844040274e-08, 6.11745107904e-08, 4.13184082504e-08, 3.38243317799e-08, 2.97882731815e-08, 1.76959140674e-08, 1.22670993363e-08, 9.8310435348e-09, 8.32241564552e-09],
        "median": [8.02459453553e-06, 8.5274950834e-06, 1.70828752744e-05, 0.000121682634926, 0.000103285070509, 3.58831748599e-05, 0.00051403651014, 0.000128514569951, 0.000104202175862, 0.000501508475281, 6.72182140988e-05, 0.000108313266537, 0.000100165059848, 5.91315692873e-05, 3.7579844502e-05, 5.60336266062e-05, 3.89047745557e-05, 3.19474092976e-05, 2.75221864285e-05, 1.76585526788e-05, 1.826602238e-05, 1.18214820759e-05, 7.2522921073e-06, 3.38803647537e-06, 2.06670756597e-06, 9.58188707045e-07, 4.63134654183e-07, 2.70317144668e-07, 1.37692254043e-07, 7.92993120058e-08, 4.24492903051e-08, 2.71564175591e-08, 1.87880591085e-08, 1.18780718594e-08, 1.03388746453e-08, 1.10396101149e-08, 7.5798185506e-09, 5.39965938628e-09, 4.91647211831e-09, 4.3325467658e-09],
        "min": [2.96153523927e-09, 1.80934123239e-09, 2.65043376135e-10, 1.57810686741e-09, 8.81090478355e-11, 6.32587177085e-11, 5.0104548982e-11, 4.88756084216e-11, 1.09783631838e-11, 4.38143878817e-12, 1.06499895708e-11, 1.25821610075e-11, 2.53599068828e-11, 1.37484988671e-11, 2.22694536423e-11, 1.86859624995e-11, 6.51537244295e-12, 9.4463308703e-12, 1.25005257881e-11, 1.59712503639e-11, 1.71067465748e-11, 1.59460587096e-11, 1.28689784523e-11, 2.11741891382e-11, 2.01179472387e-11, 1.11167785047e-11, 4.17832565422e-12, 4.08839455346e-12, 5.09578967564e-12, 1.01345780726e-11, 8.09068610719e-12, 1.31655606556e-11, 1.93790573866e-11, 2.48061241687e-11, 4.73987030181e-11, 4.98314930986e-11, 5.94996898973e-11, 6.89396803533e-11, 6.16894729744e-11, 5.14416703679e-11],
        "var": [3.14383047373e-10, 1.89041934884e-10, 1.76911747474e-08, 1.69852012277e-06, 3.30944516236e-07, 7.89479948082e-09, 8.8256035724e-07, 3.56277382707e-07, 1.22279601555e-07, 5.20246658198e-07, 9.77914993427e-08, 1.44682019254e-07, 2.75148750006e-07, 6.79582470298e-08, 1.95083167398e-08, 2.70781779221e-08, 1.88865776352e-08, 1.18879972533e-08, 7.57118012729e-09, 2.63609956086e-09, 4.02534983124e-09, 1.39559364065e-09, 6.45808406752e-10, 3.4520300507e-10, 1.01655808771e-10, 9.78389730344e-11, 2.04114971453e-11, 1.84503055195e-11, 1.4541923438e-12, 7.03556191171e-13, 1.27618049591e-13, 5.14219404362e-14, 2.37490979167e-14, 1.89594264496e-14, 1.79630294065e-14, 1.48331901503e-14, 1.93962455757e-15, 4.2325672568e-16, 2.11775733338e-16, 1.64791106921e-16]
    },
    "mfcc": {
        "mean": [-724.328979492, 174.209640503, -64.7300720215, -11.0919313431, -6.41249132156, -15.2928142548, -10.1807165146, -3.55656433105, -5.08511972427, -2.65716314316, -5.69631671906, -3.42124581337, -3.87150359154],
        "cov": [[9422.02636719, 2697.25268555, -2513.55957031, -354.677581787, -546.362243652, -512.096069336, -571.325805664, -417.344299316, -452.631622314, -299.037322998, -187.825164795, -101.764305115, -201.881484985], [2697.25268555, 1576.44885254, -661.548095703, -226.99168396, -232.853561401, -253.565124512, -247.279083252, -171.44229126, -180.219985962, -134.737167358, -77.2229003906, -31.5511837006, -64.3809814453], [-2513.55957031, -661.548095703, 1106.3614502, 52.3091239929, 167.749755859, 198.937866211, 139.133895874, 147.315368652, 148.828109741, 53.0357933044, 26.0680370331, -11.6919698715, 32.1856269836], [-354.677581787, -226.99168396, 52.3091239929, 219.093078613, 6.17594575882, -11.255355835, 61.8519630432, -1.89344251156, 2.41916441917, -0.591308772564, -28.6162509918, -12.795665741, 7.24560642242], [-546.362243652, -232.853561401, 167.749755859, 6.17594575882, 137.904602051, 72.3633422852, 54.9597091675, 49.1880302429, 17.6448383331, 32.7773399353, 23.0490436554, 11.4213762283, 11.5150594711], [-512.096069336, -253.565124512, 198.937866211, -11.255355835, 72.3633422852, 172.316482544, 59.1343803406, 71.9797821045, 51.3957214355, 4.66598367691, 13.2889566422, -3.20445728302, 4.8289232254], [-571.325805664, -247.279083252, 139.133895874, 61.8519630432, 54.9597091675, 59.1343803406, 123.968772888, 60.1878166199, 48.7929458618, 33.5497398376, -3.37932705879, -3.22897672653, 12.0312681198], [-417.344299316, -171.44229126, 147.315368652, -1.89344251156, 49.1880302429, 71.9797821045, 60.1878166199, 91.2777786255, 45.5862464905, 44.4972686768, 3.13094162941, 0.731887996197, 14.6244258881], [-452.631622314, -180.219985962, 148.828109741, 2.41916441917, 17.6448383331, 51.3957214355, 48.7929458618, 45.5862464905, 121.982131958, 15.0977869034, 27.7197933197, 8.2458820343, 11.0097284317], [-299.037322998, -134.737167358, 53.0357933044, -0.591308772564, 32.7773399353, 4.66598367691, 33.5497398376, 44.4972686768, 15.0977869034, 120.031089783, 51.5469398499, 47.3820953369, 33.9310035706], [-187.825164795, -77.2229003906, 26.0680370331, -28.6162509918, 23.0490436554, 13.2889566422, -3.37932705879, 3.13094162941, 27.7197933197, 51.5469398499, 83.0434951782, 58.3724594116, 32.5676460266], [-101.764305115, -31.5511837006, -11.6919698715, -12.795665741, 11.4213762283, -3.20445728302, -3.22897672653, 0.731887996197, 8.2458820343, 47.3820953369, 58.3724594116, 83.3651657104, 50.8375740051], [-201.881484985, -64.3809814453, 32.1856269836, 7.24560642242, 11.5150594711, 4.8289232254, 12.0312681198, 14.6244258881, 11.0097284317, 33.9310035706, 32.5676460266, 50.8375740051, 69.4535064697]],
