{
"lowlevel": {
    "average_loudness": 0.986378610134,
    "barkbands_crest": {
        "dmean": 1.42949652672,
        "dmean2": 2.2364821434,
        "dvar": 1.23394846916,
        "dvar2": 2.93417263031,
        "max": 20.9615135193,
        "mean": 11.1385097504,
        "median": 10.9699354172,
        "min": 4.02455282211,
        "var": 9.08182239532
    },
    "barkbands_flatness_db": {
        "dmean": 0.00811541639268,
        "dmean2": 0.0125110149384,
        "dvar": 3.91120229324e-05,
        "dvar2": 9.3958718935e-05,
        "max": 0.236252009869,
        "mean": 0.180659890175,
        "median": 0.180363625288,
        "min": 0.0863717272878,
        "var": 0.000318274600431
    },
    "barkbands_kurtosis": {
        "dmean": 0.287796258926,
        "dmean2": 0.444986224174,
        "dvar": 0.105262517929,
        "dvar2": 0.234205320477,
        "max": 4.63880443573,
        "mean": -1.00218451023,
        "median": -1.16688525677,
        "min": -1.80855560303,
        "var": 0.383673608303
    },
    "barkbands_skewness": {
        "dmean": 0.213392168283,
        "dmean2": 0.319271475077,
        "dvar": 0.0279089584947,
        "dvar2": 0.0626525506377,
        "max": 2.32552075386,
        "mean": 0.477177739143,
        "median": 0.475598096848,
        "min": -0.867661774158,
        "var": 0.19882017374
    },
    "barkbands_spread": {
        "dmean": 2.66568207741,
        "dmean2": 4.34214496613,
        "dvar": 4.69404172897,
        "dvar2": 10.7287435532,
        "max": 41.7429504395,
        "mean": 30.9380321503,
        "median": 30.9668464661,
        "min": 14.7695589066,
        "var": 16.7776241302
    },
    "dissonance": {
        "dmean": 0.0132179809734,
        "dmean2": 0.0231573898345,
        "dvar": 0.000176889472641,
        "dvar2": 0.000448197795777,
        "max": 0.498556673527,
        "mean": 0.477550387383,
        "median": 0.480092048645,
        "min": 0.280916333199,
        "var": 0.000233174738241
    },
    "dynamic_complexity": 0.734408438206,
    "erbbands_crest": {
        "dmean": 1.63704907894,
        "dmean2": 2.64454102516,
        "dvar": 2.18361616135,
        "dvar2": 5.83458423615,
        "max": 18.6524085999,
        "mean": 9.18722057343,
        "median": 8.78192615509,
        "min": 4.44095230103,
        "var": 6.56737518311
    },
    "erbbands_flatness_db": {
        "dmean": 0.00985686667264,
        "dmean2": 0.0145349986851,
        "dvar": 5.87860376982e-05,
        "dvar2": 0.000119918811833,
        "max": 0.293186843395,
        "mean": 0.23539955914,
        "median": 0.233968481421,
        "min": 0.156929388642,
        "var": 0.000377072457923
    },
    "erbbands_kurtosis": {
        "dmean": 0.907243490219,
        "dmean2": 1.43543195724,
        "dvar": 1.01092028618,
        "dvar2": 2.24935483932,
        "max": 10.923956871,
        "mean": 0.890559494495,
        "median": 0.340591192245,
        "min": -1.07667315006,
        "var": 2.92989134789
    },
    "erbbands_skewness": {
        "dmean": 0.302214115858,
        "dmean2": 0.471647799015,
        "dvar": 0.0536769963801,
        "dvar2": 0.136305004358,
        "max": 0.687166631222,
        "mean": -0.675578713417,
        "median": -0.659220814705,
        "min": -2.36879920959,
        "var": 0.208132043481
    },
    "erbbands_spread": {
        "dmean": 2.90424489975,
        "dmean2": 4.48021841049,
        "dvar": 5.6807641983,
        "dvar2": 12.670419693,
        "max": 39.4929580688,
        "mean": 20.4880275726,
        "median": 20.6650619507,
        "min": 7.50929546356,
        "var": 29.7874183655
    },
    "hfc": {
        "dmean": 5.75839471817,
        "dmean2": 8.45587444305,
        "dvar": 24.3030033112,
        "dvar2": 49.0486907959,
        "max": 83.9159469604,
        "mean": 38.2512512207,
        "median": 36.6191253662,
        "min": 1.58908975124,
        "var": 130.701126099
    },
    "melbands_crest": {
        "dmean": 1.60886132717,
        "dmean2": 2.67238736153,
        "dvar": 1.55000579357,
        "dvar2": 3.89906644821,
        "max": 23.6352596283,
        "mean": 15.4881381989,
        "median": 15.7309370041,
        "min": 6.4202542305,
        "var": 10.4681148529
    },
    "melbands_flatness_db": {
        "dmean": 0.00981597602367,
        "dmean2": 0.0147081213072,
        "dvar": 5.30151264684e-05,
        "dvar2": 0.000130253640236,
        "max": 0.310372889042,
        "mean": 0.23713286221,
        "median": 0.237751096487,
        "min": 0.157514184713,
        "var": 0.000509095203597
    },
    "melbands_kurtosis": {
        "dmean": 1.10572421551,
        "dmean2": 1.72270107269,
        "dvar": 1.32268667221,
        "dvar2": 3.38029360771,
        "max": 16.8222255707,
        "mean": 1.74634456635,
        "median": 1.1855635643,
        "min": -1.68728244305,
        "var": 5.5792093277
    },
    "melbands_skewness": {
        "dmean": 0.302070438862,
        "dmean2": 0.46497708559,
        "dvar": 0.0536523200572,
        "dvar2": 0.139228180051,
        "max": 3.85725545883,
        "mean": 1.55040454865,
        "median": 1.49429869652,
        "min": 0.0729737132788,
        "var": 0.343265712261
    },
    "melbands_spread": {
        "dmean": 4.50166893005,
        "dmean2": 6.71284008026,
        "dvar": 13.6410989761,
        "dvar2": 28.6222324371,
        "max": 60.4304504395,
        "mean": 37.0760269165,
        "median": 36.6051521301,
        "min": 10.8436498642,
        "var": 82.2921295166
    },
    "pitch_salience": {
        "dmean": 0.0340618416667,
        "dmean2": 0.0559396855533,
        "dvar": 0.000757963338401,
        "dvar2": 0.00191889179405,
        "max": 0.727248966694,
        "mean": 0.405435502529,
        "median": 0.401633441448,
        "min": 0.231280878186,
        "var": 0.00301725254394
    },
    "silence_rate_20dB": {
        "dmean": 0,
        "dmean2": 0,
        "dvar": 0,
        "dvar2": 0,
        "max": 1,
        "mean": 1,
        "median": 1,
        "min": 1,
        "var": 0
    },
    "silence_rate_30dB": {
        "dmean": 0,
        "dmean2": 0,
        "dvar": 0,
        "dvar2": 0,
        "max": 1,
        "mean": 1,
        "median": 1,
        "min": 1,
        "var": 0
    },
    "silence_rate_60dB": {
        "dmean": 0,
        "dmean2": 0,
        "dvar": 0,
        "dvar2": 0,
        "max": 0,
        "mean": 0,
        "median": 0,
        "min": 0,
        "var": 0
    },
    "spectral_centroid": {
        "dmean": 137.981063843,
        "dmean2": 227.282928467,
        "dvar": 12087.8984375,
        "dvar2": 30450.6621094,
        "max": 2360.02978516,
        "mean": 1685.45690918,
        "median": 1692.94848633,
        "min": 1138.94165039,
        "var": 41835.9648438
    },
    "spectral_complexity": {
        "dmean": 2.33690476418,
        "dmean2": 3.84505367279,
        "dvar": 3.57816910744,
        "dvar2": 8.57671356201,
        "max": 39,
        "mean": 23.9500598907,
        "median": 24,
        "min": 6,
        "var": 10.3185606003
    },
    "spectral_decrease": {
        "dmean": 1.37086486607e-09,
        "dmean2": 2.18956230924e-09,
        "dvar": 1.16833161066e-18,
        "dvar2": 2.73547243044e-18,
        "max": -4.4329839799e-10,
        "mean": -1.18274110505e-08,
        "median": -1.18576295449e-08,
        "min": -1.69770455472e-08,
        "var": 2.74278160513e-18
    },
    "spectral_energy": {
        "dmean": 0.00556027982384,
        "dmean2": 0.00882595404983,
        "dvar": 1.90869486687e-05,
        "dvar2": 4.43133685621e-05,
        "max": 0.068531692028,
        "mean": 0.0481087565422,
        "median": 0.0480748191476,
        "min": 0.00181724841241,
        "var": 4.80191483803e-05
    },
    "spectral_energyband_high": {
        "dmean": 5.13271115778e-05,
        "dmean2": 8.06363896118e-05,
        "dvar": 3.14375014909e-09,
        "dvar2": 7.51546735955e-09,
        "max": 0.000980699784122,
        "mean": 0.000235121202422,
        "median": 0.000194970605662,
        "min": 1.77007223101e-05,
        "var": 1.90293434343e-08
    },
    "spectral_energyband_low": {
        "dmean": 0.0034874859266,
        "dmean2": 0.00526716653258,
        "dvar": 7.49062974137e-06,
        "dvar2": 1.82072326425e-05,
        "max": 0.0434139072895,
        "mean": 0.0197628326714,
        "median": 0.0195130836219,
        "min": 0.000422016746597,
        "var": 3.73729344574e-05
    },
    "spectral_energyband_middle_high": {
        "dmean": 0.00296571757644,
        "dmean2": 0.00416734069586,
        "dvar": 7.42338215787e-06,
        "dvar2": 1.44447731145e-05,
        "max": 0.0457386337221,
        "mean": 0.0162185896188,
        "median": 0.0150699485093,
        "min": 0.000630123715382,
        "var": 4.13522939198e-05
    },
    "spectral_energyband_middle_low": {
        "dmean": 0.00355211319402,
        "dmean2": 0.00600388459861,
        "dvar": 7.94272273197e-06,
        "dvar2": 1.99335445359e-05,
        "max": 0.0302804671228,
        "mean": 0.011969383806,
        "median": 0.0114442529157,
        "min": 0.000660552293994,
        "var": 2.39386718022e-05
    },
    "spectral_entropy": {
        "dmean": 0.0787491127849,
        "dmean2": 0.127806574106,
        "dvar": 0.00423480011523,
        "dvar2": 0.0101372068748,
        "max": 8.07458877563,
        "mean": 7.15690279007,
        "median": 7.15427398682,
        "min": 6.77640199661,
        "var": 0.0155195696279
    },
    "spectral_flux": {
        "dmean": 0.0123999202624,
        "dmean2": 0.020887542516,
        "dvar": 0.000109681604954,
        "dvar2": 0.00028239376843,
        "max": 0.183473676443,
        "mean": 0.0713829472661,
        "median": 0.0693255513906,
        "min": 0.0435469858348,
        "var": 0.000232189588132
    },
    "spectral_kurtosis": {
        "dmean": 3.73201155663,
        "dmean2": 6.62624597549,
        "dvar": 9.44707489014,
        "dvar2": 29.1143569946,
        "max": 27.2687511444,
        "mean": 7.09478282928,
        "median": 6.40511131287,
        "min": 0.973517894745,
        "var": 13.1210775375
    },
    "spectral_rms": {
        "dmean": 0.000402129546273,
        "dmean2": 0.000636885059066,
        "dvar": 1.20323136343e-07,
        "dvar2": 2.5330817266e-07,
        "max": 0.00817680824548,
        "mean": 0.00683129066601,
        "median": 0.00684852292761,
        "min": 0.001331512467,
        "var": 2.68825743888e-07
    },
    "spectral_rolloff": {
        "dmean": 108.229721069,
        "dmean2": 185.996124268,
        "dvar": 29606.7089844,
        "dvar2": 64855.2226562,
        "max": 2347.11914062,
        "mean": 1731.97802734,
        "median": 1658.05664062,
        "min": 473.73046875,
        "var": 66820.9921875
    },
    "spectral_skewness": {
        "dmean": 0.337033033371,
        "dmean2": 0.598013937473,
        "dvar": 0.0791805163026,
        "dvar2": 0.241556227207,
        "max": 3.97275137901,
        "mean": 1.40231895447,
        "median": 1.37584602833,
        "min": 0.607068538666,
        "var": 0.1160614416
    },
    "spectral_spread": {
        "dmean": 153372.359375,
        "dmean2": 245567.03125,
        "dvar": 88481038336,
        "dvar2": 77270278144,
        "max": 12052404,
        "mean": 2275539.5,
        "median": 2249131.5,
        "min": 1812486.5,
        "var": 154407600128
    },
    "spectral_strongpeak": {
        "dmean": 0.489974588156,
        "dmean2": 0.904036104679,
        "dvar": 2.2498934269,
        "dvar2": 5.78752613068,
        "max": 12.548166275,
        "mean": 0.886031329632,
        "median": 0.461690634489,
        "min": 0,
        "var": 3.60007381439
    },
    "zerocrossingrate": {
        "dmean": 0.00346737820655,
        "dmean2": 0.00437823589891,
        "dvar": 8.6495974756e-06,
        "dvar2": 1.13244705062e-05,
        "max": 0.0771484375,
        "mean": 0.0528742969036,
        "median": 0.05322265625,
        "min": 0.017578125,
        "var": 6.61295416648e-05
    },
    "barkbands": {
        "dmean": [3.14124154102e-05, 0.00330671714619, 0.000286143855192, 0.00021868062322, 0.00228917296045, 0.000146273567225, 0.000571123906411, 0.000148421735503, 0.00261456123553, 0.000336544238962, 0.000382898899261, 0.000399303011363, 0.000145639991388, 0.0022410703823, 0.000988448620774, 0.000356170814484, 0.000521452224348, 0.000398840318667, 0.000151881351485, 4.75811903016e-05, 3.5775181459e-05, 1.41643931784e-05, 2.1173989353e-06, 5.18669708072e-07, 2.49345390557e-07, 5.68892239983e-08, 2.6920657703e-08],
        "dmean2": [5.60465778108e-05, 0.00502875307575, 0.000409235944971, 0.000405978469644, 0.00400217995048, 0.000243238566327, 0.000929776055273, 0.00024865657906, 0.00414130929857, 0.000628291221801, 0.000632773793768, 0.000672378926538, 0.000252164434642, 0.0031700541731, 0.00136315741111, 0.000588285387494, 0.000826124858577, 0.000617373851128, 0.000223514827667, 7.64428768889e-05, 5.38492677151e-05, 2.08969649975e-05, 3.63850881513e-06, 8.38966627725e-07, 4.07565352134e-07, 9.4373326931e-08, 4.22691179836e-08],
        "dvar": [1.59181889892e-09, 6.90406432113e-06, 4.48661374719e-08, 3.50545938943e-08, 3.60262697541e-06, 6.36221741956e-08, 4.60309536265e-07, 4.33804032696e-08, 4.71689736514e-06, 1.01450901013e-07, 1.81198203109e-07, 1.50312686742e-07, 2.07700772137e-08, 5.72205090066e-06, 1.11587803531e-06, 2.61178087158e-07, 2.60375287553e-07, 1.46330421558e-07, 1.8392134038e-08, 1.98451388655e-09, 1.98194727297e-09, 6.04456318332e-10, 3.97120921217e-12, 9.66062299601e-13, 2.52301516268e-13, 4.24913273309e-15, 1.59822454004e-15],
        "dvar2": [2.7962538951e-09, 1.66722093127e-05, 9.33665376124e-08, 1.05404019735e-07, 1.06040233732e-05, 1.68894246144e-07, 1.23438439914e-06, 1.22449861806e-07, 1.11997724161e-05, 3.3444212022e-07, 4.37612840187e-07, 3.8658839685e-07, 6.30665297763e-08, 1.07370078695e-05, 1.91684353013e-06, 6.57550742744e-07, 5.79664686029e-07, 3.16544856105e-07, 4.24079793504e-08, 4.66470195803e-09, 4.87512075154e-09, 1.21002452502e-09, 1.10034056519e-11, 2.72112757674e-12, 6.34735807751e-13, 1.03838768503e-14, 3.58431097235e-15],
        "max": [0.000923687708564, 0.042176220566, 0.00253101252019, 0.0015959055163, 0.0154697969556, 0.00436876341701, 0.0102690299973, 0.00239588157274, 0.0221164878458, 0.00237008696422, 0.00599525403231, 0.00410457933322, 0.00172729231417, 0.0384374409914, 0.0202588737011, 0.00967190042138, 0.00658024521545, 0.00547749409452, 0.00170561985578, 0.0005204276531, 0.000841557106469, 0.000337283679983, 1.7838077838e-05, 1.66003119375e-05, 1.19209516924e-05, 1.25257963646e-06, 1.17532840704e-06],
        "mean": [4.11014952988e-05, 0.0192262642086, 0.000449842133094, 0.000278135441476, 0.00371426972561, 0.00019165899721, 0.00181143393274, 0.00035099091474, 0.00548923527822, 0.00044664987945, 0.00113109615631, 0.000695618742611, 0.000317610887578, 0.00615484360605, 0.00339740188792, 0.00101486931089, 0.00145733705722, 0.0012238760246, 0.000406414008467, 0.000121398290503, 0.000147773738718, 3.39240941685e-05, 4.44109946329e-06, 1.27219186652e-06, 1.0266709296e-06, 1.33092555643e-07, 1.75181355644e-07],
        "median": [3.33848620357e-05, 0.0190957225859, 0.000425269099651, 0.000220003275899, 0.00323848100379, 0.000118772273709, 0.00135300203692, 0.000213635823457, 0.00477968063205, 0.000343614752637, 0.000980870914645, 0.000502916635014, 0.000215895808651, 0.00439604092389, 0.00254122633487, 0.000830306264106, 0.00125126296189, 0.000968926935457, 0.000347769411746, 0.000106239494926, 0.000117903160572, 2.34109829762e-05, 3.67270740753e-06, 9.76639739747e-07, 7.43471844089e-07, 1.12801146201e-07, 1.57456739203e-07],
        "min": [8.58066982801e-07, 0.000258693529759, 7.96620406618e-06, 5.15704141435e-06, 0.000110254724859, 4.71100429422e-06, 1.18688039947e-05, 4.3749573706e-06, 0.000269022828434, 1.94517288037e-05, 2.27730979532e-05, 5.03640922034e-06, 7.94379684521e-06, 0.000126253304188, 0.000130393193103, 5.3810152167e-05, 4.00802127842e-05, 3.2328414818e-05, 1.0739569916e-05, 8.00754060037e-06, 4.38939332525e-06, 2.7543781016e-06, 8.40671134483e-07, 2.69063463065e-07, 1.51057392372e-07, 2.32240324749e-08, 8.36365643408e-08],
        "var": [1.71865544019e-09, 3.65844243788e-05, 8.01251900384e-08, 4.84535114254e-08, 6.18682679487e-06, 7.93193777326e-08, 2.8785741506e-06, 1.20487598565e-07, 1.26671075122e-05, 1.17617773299e-07, 5.75858450702e-07, 3.6772738099e-07, 8.63982876353e-08, 2.97354272334e-05, 9.37301865633e-06, 5.65706102407e-07, 9.59377643994e-07, 7.39930044347e-07, 6.36126600284e-08, 4.50920634165e-09, 1.23962333731e-08, 1.35076116958e-09, 7.11310264162e-12, 1.47761121914e-12, 7.4818699413e-13, 8.81973225735e-15, 5.79144462828e-15]
    },
    "erbbands": {
        "dmean": [0.0851705893874, 0.792360663414, 0.778362512589, 0.32600325346, 5.82398319244, 8.3084859848, 1.27184259892, 1.50233542919, 4.09142112732, 8.09303283691, 7.36494016647, 79.7327880859, 14.790719986, 17.581703186, 9.16483306885, 17.901391983, 7.22433853149, 64.9299087524, 62.3275032043, 31.6934986115, 24.5508899689, 27.7213039398, 17.0499992371, 14.1649847031, 6.4949631691, 1.66545712948, 1.26386165619, 1.33999049664, 0.608699321747, 0.146365448833, 0.0695990771055, 0.0197646450251, 0.00476907705888, 0.00398637773469, 0.00163298018742, 0.000482128205476, 6.61680242047e-05, 9.29987254494e-06, 5.01440808875e-06, 6.70519693813e-06],
        "dmean2": [0.143961384892, 1.15582370758, 1.06175577641, 0.569876909256, 10.1251878738, 14.4252748489, 2.13964891434, 2.49105119705, 6.44890165329, 13.5743436813, 12.1555252075, 126.309745789, 24.3416728973, 31.7717781067, 15.1016454697, 30.1777114868, 12.4743671417, 88.4781570435, 90.1934661865, 44.4809837341, 39.5332794189, 43.1528549194, 27.601600647, 20.9496917725, 9.57890224457, 2.70536851883, 1.97843050957, 2.00606751442, 0.931478500366, 0.21609672904, 0.120864957571, 0.0320796221495, 0.00745449680835, 0.00637037446722, 0.00275258021429, 0.000815720064566, 0.000113511436211, 1.55042962433e-05, 8.14897521195e-06, 1.05536782939e-05],
        "dvar": [0.00458400975913, 0.386086463928, 0.24410225451, 0.0888032466173, 25.6279754639, 55.9321517944, 2.71396923065, 5.55479574203, 20.7973709106, 116.009506226, 48.1407661438, 4511.12060547, 167.667999268, 358.70803833, 152.011383057, 300.764709473, 47.7737388611, 4670.37304688, 3803.99487305, 1304.21630859, 526.752197266, 760.992797852, 276.333068848, 169.458145142, 36.372379303, 2.22850346565, 3.14911317825, 3.08352780342, 1.26851952076, 0.0686303153634, 0.00443630153313, 0.00104308209848, 5.81173044338e-05, 6.73600807204e-05, 5.87432532484e-06, 2.29603202229e-07, 1.38688314166e-08, 5.8359816979e-10, 4.0409165597e-11, 2.80696178107e-11],
        "dvar2": [0.0128519097343, 0.866723418236, 0.515239775181, 0.253906875849, 71.195892334, 159.825256348, 6.55067062378, 15.0408906937, 52.5990905762, 310.237792969, 134.14704895, 10641.9121094, 394.821929932, 1183.0267334, 361.479736328, 781.036071777, 149.212371826, 8341.70117188, 7557.63183594, 2581.04858398, 1286.24511719, 1743.28979492, 669.275695801, 389.157897949, 70.206741333, 5.6093454361, 7.96293354034, 7.25551271439, 2.73134541512, 0.126751616597, 0.0125806052238, 0.0029951503966, 0.000139818832395, 0.000172716274392, 1.50326095536e-05, 6.09304038335e-07, 3.54333344887e-08, 1.33444988393e-09, 9.90541815238e-11, 6.53798543082e-11],
        "max": [1.02125382423, 10.0296640396, 5.04863548279, 2.73520755768, 51.2184638977, 67.1101455688, 19.9929103851, 35.894618988, 82.257270813, 151.931442261, 104.572570801, 673.338378906, 132.303375244, 178.962554932, 188.503265381, 190.830276489, 86.481880188, 1151.34790039, 899.615722656, 598.825622559, 308.397766113, 292.416412354, 234.088699341, 175.024337769, 88.8400650024, 18.1014442444, 31.6553897858, 43.9600524902, 13.9572763443, 5.43467140198, 0.531681120396, 0.540868401527, 0.183909133077, 0.181522384286, 0.0548564083874, 0.0075658261776, 0.00198675179854, 0.000681303325109, 0.000189401122043, 8.65865731612e-05],
        "mean": [0.488601744175, 4.53520727158, 2.00747251511, 0.761563301086, 9.96478843689, 11.6869115829, 2.12308621407, 2.15985941887, 14.8872852325, 22.3866004944, 21.7242450714, 156.271865845, 34.9182243347, 37.2046546936, 28.4696063995, 31.7733764648, 19.6709060669, 190.384872437, 232.54510498, 111.989318848, 84.7970199585, 70.5489730835, 54.1169586182, 44.6870803833, 18.3201141357, 5.1660528183, 4.16799116135, 6.28694295883, 1.5337253809, 0.339479058981, 0.138742431998, 0.0461584404111, 0.0156264416873, 0.0169730745256, 0.0045363297686, 0.00133937806822, 0.000128396597574, 4.19038515247e-05, 4.50796615041e-05, 6.04588349233e-05],
        "median": [0.486312836409, 4.51235675812, 1.91546440125, 0.67564702034, 8.40343379974, 9.35436916351, 1.59866964817, 1.51909053326, 11.2106685638, 16.7274150848, 17.015039444, 138.250335693, 30.0633678436, 31.5110607147, 23.7937488556, 22.7482528687, 15.7089958191, 138.723831177, 202.346084595, 87.1891937256, 69.8882598877, 57.4278450012, 46.8077507019, 36.3535385132, 15.5201778412, 4.68697452545, 3.39105653763, 4.87870597839, 1.07600176334, 0.23101170361, 0.114474415779, 0.036829918623, 0.0122982123867, 0.0111983744428, 0.00391100579873, 0.00117818184663, 8.6961168563e-05, 3.72814174625e-05, 4.38633796875e-05, 5.99518425588e-05],
        "min": [0.0110331876203, 0.0453617721796, 0.0694926306605, 0.0370812751353, 0.119704000652, 0.46130618453, 0.154697865248, 0.121976457536, 0.152850627899, 0.649708509445, 1.17759108543, 4.96474218369, 2.27740955353, 2.15657544136, 0.879618227482, 0.193186208606, 0.793081045151, 5.83303403854, 12.8061990738, 3.55735945702, 3.57607603073, 2.12297797203, 1.58717548847, 1.0410784483, 0.567736208439, 0.359188646078, 0.248798280954, 0.145149856806, 0.117802426219, 0.0504744388163, 0.0256513115019, 0.00845814403147, 0.0036311969161, 0.00190918426961, 0.00117069948465, 0.000349474168615, 3.94453454646e-05, 1.89330075955e-05, 2.8635831768e-05, 1.59085884661e-05],
        "var": [0.0218145791441, 2.10524463654, 0.65947753191, 0.156916797161, 54.7179260254, 75.5807495117, 4.23767995834, 6.52278184891, 189.66784668, 415.470672607, 251.562561035, 11820.3623047, 460.00289917, 651.86315918, 363.650115967, 742.778320312, 193.166778564, 26728.6757812, 20361.7949219, 8483.0625, 2898.77148438, 2346.12963867, 1080.99707031, 849.555053711, 137.638137817, 5.38711309433, 8.78094100952, 28.4945240021, 2.53924155235, 0.154553472996, 0.00715257925913, 0.00153840647545, 0.000187046054634, 0.000294101424515, 8.72668169905e-06, 5.0208598168e-07, 1.85691213517e-08, 1.11519371515e-09, 9.42649916458e-11, 7.22948784171e-11]
    },
    "gfcc": {
        "mean": [6.62268972397, 153.902633667, -173.818130493, 41.2534561157, -18.9817886353, 5.35636615753, -8.97350502014, 9.84500217438, 3.83153533936, -0.531515538692, -14.3736305237, -13.9092540741, 2.75474357605],
        "cov": [[154.281829834, -13.8511285782, -33.9341278076, -1.56079745293, -55.4251899719, -29.081741333, -41.5636482239, 6.68856716156, 3.56513857841, 2.08813142776, 1.44236683846, 8.66861534119, 2.88680148125], [-13.8511285782, 66.9642105103, 3.95871639252, -18.9947357178, 1.20617973804, -22.5137290955, 10.7718353271, -11.1447296143, -5.24093198776, -9.50488471985, -5.78811216354, -4.99000310898, 6.46752595901], [-33.9341278076, 3.95871639252, 63.6251945496, 12.4562606812, -13.085439682, -1.76201021671, -11.9901342392, 10.8925409317, -8.86667346954, -11.2118186951, -4.62027788162, 2.11848115921, 0.248645886779], [-1.56079745293, -18.9947357178, 12.4562606812, 63.7586631775, 7.64625787735, -1.07948386669, -1.19050347805, -12.0395936966, -4.6342458725, -12.5071954727, -3.42092680931, 5.27951622009, 2.75401902199], [-55.4251899719, 1.20617973804, -13.085439682, 7.64625787735, 79.808052063, 27.3664035797, 17.7102890015, -16.9850883484, -11.6154956818, -1.20427525043, 3.02232599258, -10.2244920731, -9.5541343689], [-29.081741333, -22.5137290955, -1.76201021671, -1.07948386669, 27.3664035797, 64.8251571655, 21.6089076996, -15.022154808, -7.39139270782, -6.28743886948, -2.04744839668, -8.63773918152, -1.2450927496], [-41.5636482239, 10.7718353271, -11.9901342392, -1.19050347805, 17.7102890015, 21.6089076996, 66.222442627, -1.93326580524, -8.59212779999, -6.44666004181, -6.98328971863, -0.471030682325, -2.73699045181], [6.68856716156, -11.1447296143, 10.8925409317, -12.0395936966, -16.9850883484, -15.022154808, -1.93326580524, 62.9027175903, 14.9520530701, -3.22671604156, 10.3070859909, 4.72643041611, -4.50984382629], [3.56513857841, -5.24093198776, -8.86667346954, -4.6342458725, -11.6154956818, -7.39139270782, -8.59212779999, 14.9520530701, 51.1533164978, 26.1762924194, 5.64802598953, -2.17462992668, -3.33977985382], [2.08813142776, -9.50488471985, -11.2118186951, -12.5071954727, -1.20427525043, -6.28743886948, -6.44666004181, -3.22671604156, 26.1762924194, 60.7187271118, 22.4276199341, -6.66077136993, -6.29180717468], [1.44236683846, -5.78811216354, -4.62027788162, -3.42092680931, 3.02232599258, -2.04744839668, -6.98328971863, 10.3070859909, 5.64802598953, 22.4276199341, 48.2615318298, 8.77661800385, -12.3967638016], [8.66861534119, -4.99000310898, 2.11848115921, 5.27951622009, -10.2244920731, -8.63773918152, -0.471030682325, 4.72643041611, -2.17462992668, -6.66077136993, 8.77661800385, 40.2035865784, 6.28647232056], [2.88680148125, 6.46752595901, 0.248645886779, 2.75401902199, -9.5541343689, -1.2450927496, -2.73699045181, -4.50984382629, -3.33977985382, -6.29180717468, -12.3967638016, 6.28647232056, 33.5651092529]],
        "icov": [[0.0213507004082, -0.00922984629869, 0.0245075467974, -0.0111541654915, 0.0187317021191, -0.00942163914442, 0.0191930513829, -0.0108289467171, 0.0134910782799, -0.00775185925886, 0.0088866353035, -0.00538853602484, 0.00994894094765], [-0.00922984629869, 0.0499832034111, -0.027054540813, 0.0303783416748, -0.0168152991682, 0.0383374392986, -0.028329519555, 0.0313387848437, -0.0211949441582, 0.0284785479307, -0.0213777776808, 0.0170100126415, -0.0204449854791], [0.0245075467974, -0.027054540813, 0.0543068237603, -0.0271621905267, 0.0282486993819, -0.0264732334763, 0.0339508503675, -0.0281820315868, 0.0274321641773, -0.0193388201296, 0.0203971229494, -0.0120078744367, 0.0198591072112], [-0.0111541654915, 0.0303783416748, -0.0271621905267, 0.0392097830772, -0.0176259931177, 0.026923596859, -0.0220756474882, 0.0266973748803, -0.0199174694717, 0.0240160673857, -0.0170734971762, 0.00944565050304, -0.0156964659691], [0.0187317021191, -0.0168152991682, 0.0282486993819, -0.0176259931177, 0.035602375865, -0.0203705597669, 0.0188942812383, -0.0129991332069, 0.0183701775968, -0.0121217109263, 0.00971615407616, -0.00451455498114, 0.0160281769931], [-0.00942163914442, 0.0383374392986, -0.0264732334763, 0.026923596859, -0.0203705597669, 0.0514549128711, -0.0298716388643, 0.0305477194488, -0.0207326170057, 0.0271699558944, -0.0214127600193, 0.0176058113575, -0.0189865939319], [0.0191930513829, -0.028329519555, 0.0339508503675, -0.0220756474882, 0.0188942812383, -0.0298716388643, 0.0454602539539, -0.0254314076155, 0.0232768412679, -0.0201700627804, 0.0214365161955, -0.0143797555938, 0.0190734751523], [-0.0108289467171, 0.0313387848437, -0.0281820315868, 0.0266973748803, -0.0129991332069, 0.0305477194488, -0.0254314076155, 0.0454612672329, -0.026982748881, 0.0286320783198, -0.0240824576467, 0.0125787444413, -0.0141895422712], [0.0134910782799, -0.0211949441582, 0.0274321641773, -0.0199174694717, 0.0183701775968, -0.0207326170057, 0.0232768412679, -0.026982748881, 0.046261921525, -0.0303147919476, 0.0197370797396, -0.00990536436439, 0.0151525838301], [-0.00775185925886, 0.0284785479307, -0.0193388201296, 0.0240160673857, -0.0121217109263, 0.0271699558944, -0.0201700627804, 0.0286320783198, -0.0303147919476, 0.049012735486, -0.0299206431955, 0.0175912994891, -0.0150625063106], [0.0088866353035, -0.0213777776808, 0.0203971229494, -0.0170734971762, 0.00971615407616, -0.0214127600193, 0.0214365161955, -0.0240824576467, 0.0197370797396, -0.0299206431955, 0.0463030487299, -0.0199305769056, 0.0222776569426], [-0.00538853602484, 0.0170100126415, -0.0120078744367, 0.00944565050304, -0.00451455498114, 0.0176058113575, -0.0143797555938, 0.0125787444413, -0.00990536436439, 0.0175912994891, -0.0199305769056, 0.0377149246633, -0.015727488324], [0.00994894094765, -0.0204449854791, 0.0198591072112, -0.0156964659691, 0.0160281769931, -0.0189865939319, 0.0190734751523, -0.0141895422712, 0.0151525838301, -0.0150625063106, 0.0222776569426, -0.015727488324, 0.047382004559]]
    },
    "melbands": {
        "dmean": [0.000844311143737, 0.000676422787365, 0.000157822621986, 0.000630173133686, 9.15966229513e-05, 3.05509893224e-05, 8.67234484758e-05, 7.26538564777e-05, 8.71583397384e-05, 0.000509132747538, 5.43741625734e-05, 6.92473113304e-05, 4.30236977991e-05, 5.44464746781e-05, 1.39639660119e-05, 1.90055015992e-05, 0.000165894321981, 0.000145312165841, 9.86473969533e-05, 1.95771408471e-05, 3.62421415048e-05, 2.90897260129e-05, 1.89474030776e-05, 1.98275611183e-05, 1.17287136163e-05, 7.17373723091e-06, 2.44868670052e-06, 1.19635774354e-06, 5.99614111252e-07, 1.26724910388e-06, 6.06454477747e-07, 4.08674281971e-07, 2.22487742008e-07, 4.446416213e-08, 4.89997660225e-08, 2.2194223348e-08, 9.91993598376e-09, 3.42517303409e-09, 3.38063244065e-09, 3.48408346618e-09],
        "dmean2": [0.00134062825236, 0.000942706537899, 0.000266888877377, 0.00111131963786, 0.000158688664669, 5.07833210577e-05, 0.000137668044772, 0.000121742028568, 0.000153576038429, 0.000800383510068, 9.14544361876e-05, 0.000125664781081, 7.07480066922e-05, 9.11509632715e-05, 2.41058060055e-05, 3.22603627865e-05, 0.000227958284086, 0.000211313032196, 0.000134733811137, 3.26226836478e-05, 5.88697475905e-05, 4.54409564554e-05, 3.06125184579e-05, 2.95176214422e-05, 1.75441709871e-05, 1.03997872429e-05, 3.87968748328e-06, 1.99629221243e-06, 9.41911082464e-07, 1.89229001535e-06, 9.24197081531e-07, 6.28851068996e-07, 3.32526326474e-07, 7.15525914075e-08, 8.62602931306e-08, 3.72425610351e-08, 1.62567808104e-08, 5.51843548635e-09, 5.26226262565e-09, 5.7114841745e-09],
        "dvar": [4.59335979031e-07, 2.28308465466e-07, 2.13266826421e-08, 2.74043685522e-07, 8.61302407174e-09, 2.43892728236e-09, 9.63917035079e-09, 9.48693390512e-09, 5.93850923991e-09, 1.83141452226e-07, 2.65630184515e-09, 5.54089618632e-09, 3.09427283796e-09, 2.7988529272e-09, 1.71257882875e-10, 3.53623963445e-10, 3.06190806043e-08, 2.30121415257e-08, 1.07347650768e-08, 1.54862789259e-09, 1.22182752804e-09, 7.92078125311e-10, 3.06439040809e-10, 3.82192777426e-10, 1.12965067856e-10, 4.57722817981e-11, 5.84235611278e-12, 1.33099033097e-12, 5.71340663582e-13, 2.46320216828e-12, 7.40018560753e-13, 5.99389136414e-13, 2.47015732521e-13, 3.47155098179e-15, 2.22328530369e-15, 6.13352280156e-16, 3.60594578201e-16, 2.59521961488e-17, 3.51011776831e-17, 5.70124178686e-17],
        "dvar2": [1.16967294161e-06, 5.03186129208e-07, 5.56837136401e-08, 8.24011635814e-07, 2.17132871683e-08, 6.53597309608e-09, 2.51189469225e-08, 2.5004903037e-08, 1.7618523529e-08, 4.21403342443e-07, 6.47918074748e-09, 1.84068227327e-08, 7.29194749027e-09, 7.01345204135e-09, 4.73272587787e-10, 1.04092701125e-09, 5.49594574295e-08, 4.61280400543e-08, 1.84475510423e-08, 3.77959397113e-09, 3.06228709057e-09, 1.80257853089e-09, 7.39107441916e-10, 7.83509757074e-10, 2.67009053756e-10, 8.95037377546e-11, 1.3543986245e-11, 3.42569050384e-12, 1.4844474391e-12, 6.06823358923e-12, 1.82278194275e-12, 1.34756778219e-12, 4.73586935727e-13, 8.02834768067e-15, 6.34505604525e-15, 1.74066329452e-15, 1.0094022811e-15, 6.41415368436e-17, 8.74720998462e-17, 1.4913326614e-16],
        "max": [0.0112566081807, 0.00665124086663, 0.00160149508156, 0.00420810980722, 0.000956794712692, 0.000803918170277, 0.00168088532519, 0.00141555618029, 0.00112324592192, 0.00422930344939, 0.00058200903004, 0.000682012643665, 0.000880141102243, 0.000554752303287, 0.000139740775921, 0.000230015590205, 0.00292252469808, 0.00233628600836, 0.00197909446433, 0.000804921379313, 0.000441963900812, 0.000326088338625, 0.000202126742806, 0.00028691146872, 0.000138614559546, 0.000102784681076, 2.65822473011e-05, 1.37792576425e-05, 1.3714443412e-05, 2.56811235886e-05, 2.07837947528e-05, 8.88096292329e-06, 1.1368712876e-05, 7.69930920796e-07, 3.58293078762e-07, 3.43694495086e-07, 3.63683426485e-07, 1.2093144619e-07, 1.28585597281e-07, 1.63325879043e-07],
        "mean": [0.00528055708855, 0.00285431207158, 0.000327696587192, 0.000947328575421, 0.000127857885673, 3.88863154512e-05, 0.000300814892398, 0.000203210962354, 0.000205295844353, 0.00100696587469, 0.000118373616715, 0.00013839211897, 0.000126597384224, 9.51880574576e-05, 2.73716941592e-05, 4.30803120253e-05, 0.000468549871584, 0.000451818021247, 0.00032620789716, 4.56075249531e-05, 0.000113227237307, 7.6569711382e-05, 4.72958381579e-05, 6.01243482379e-05, 3.41355516866e-05, 1.82674939424e-05, 5.45902275917e-06, 2.90531806968e-06, 1.77372226062e-06, 4.68247935714e-06, 2.80239805761e-06, 8.91846070772e-07, 4.09558339243e-07, 9.79654473099e-08, 8.64229150466e-08, 4.69091681055e-08, 2.06722869933e-08, 9.5454311122e-09, 1.23488854697e-08, 1.35892612718e-08],
        "median": [0.00524143734947, 0.002827397082, 0.000276171485893, 0.000802127236966, 9.43093982642e-05, 2.49989880103e-05, 0.000223174909479, 0.00015350204194, 0.000153825501911, 0.000876916630659, 9.84125435934e-05, 0.000115062437544, 0.000107557680167, 6.84640108375e-05, 2.11914812098e-05, 2.92834702122e-05, 0.00033862478449, 0.000359930389095, 0.000245090428507, 3.33812531608e-05, 9.22969920794e-05, 6.47024789941e-05, 3.93457085011e-05, 4.56283269159e-05, 2.74164376606e-05, 1.49136958498e-05, 4.61182844447e-06, 2.57026022155e-06, 1.45558817621e-06, 3.73256420971e-06, 2.12817167267e-06, 6.03551939093e-07, 2.29404264473e-07, 7.49697974811e-08, 6.9894348087e-08, 3.81199569688e-08, 1.54502171057e-08, 7.31805194221e-09, 9.03613184278e-09, 8.75765682196e-09],
        "min": [9.5756688097e-05, 4.53490938526e-05, 6.19106594968e-06, 2.12666636799e-05, 7.20153866496e-06, 1.0276115745e-06, 2.20558627007e-06, 3.85698695027e-06, 8.86195994099e-06, 3.43532374245e-05, 7.64243759477e-06, 9.15747750696e-06, 3.02189437207e-06, 9.08163769964e-07, 4.27262250469e-07, 1.5304540284e-06, 1.01855848698e-05, 2.27297223319e-05, 7.57139787311e-06, 1.84352950328e-06, 4.73351383334e-06, 1.91212052414e-06, 2.2025162707e-06, 1.37942117817e-06, 7.67598578477e-07, 4.92079664127e-07, 2.65601158844e-07, 2.38083245563e-07, 1.94036246626e-07, 8.77986821024e-08, 8.37731377601e-08, 6.45229079055e-08, 5.08538740007e-08, 1.09691038475e-08, 1.28493109486e-08, 8.51559356363e-09, 3.70862318633e-09, 2.39874520247e-09, 1.7580974454e-09, 1.05592723454e-09],
        "var": [2.61072136709e-06, 9.35650859901e-07, 5.04996506834e-08, 4.35566818169e-07, 1.34311655131e-08, 2.94516477872e-09, 7.90492578062e-08, 3.34410010794e-08, 2.67659086006e-08, 4.98385873016e-07, 6.31670626916e-09, 9.52309608948e-09, 8.31616553398e-09, 6.96779611786e-09, 4.08746425595e-10, 1.5722173563e-09, 1.73238419166e-07, 1.08214294414e-07, 9.39709394743e-08, 2.46011655491e-09, 6.52531939593e-09, 2.71979572197e-09, 9.93669369009e-10, 2.11632000813e-09, 5.26135968126e-10, 1.7480679404e-10, 1.19877536717e-11, 2.51126159798e-12, 1.57485461304e-12, 1.22579090975e-11, 6.25232721499e-12, 1.04143549253e-12, 4.65377682137e-13, 6.50518889447e-15, 3.2945348601e-15, 1.10830025983e-15, 4.71130948449e-16, 8.82946548648e-17, 1.13816637686e-16, 2.1735470261e-16]
    },
    "mfcc": {
        "mean": [-619.891296387, 172.279205322, -66.3613204956, 45.1391906738, 7.65709638596, 15.2801647186, 1.03576469421, 12.6798410416, 22.4614887238, 14.6490020752, 14.7959527969, -3.7705976963, -11.6570043564],
        "cov": [[212.931976318, -43.37159729, -7.65038824081, -12.0483703613, -19.2070674896, -45.1166114807, -40.9986610413, -24.6141872406, -2.33948302269, -36.4110107422, 2.37383151054, 9.15010738373, 21.4527206421], [-43.37159729, 95.2719955444, -16.9792804718, -3.64643764496, -17.3622436523, -6.41128730774, 6.60715484619, -4.16433858871, -4.51441860199, 2.36210155487, -12.9597978592, -0.733235299587, -7.31025743484], [-7.65038824081, -16.9792804718, 89.7787399292, 0.832295000553, -2.91051054001, -27.2923679352, -13.9319763184, 0.741763830185, 2.26994800568, -9.77179050446, -10.1259756088, -3.15376377106, 11.6660203934], [-12.0483703613, -3.64643764496, 0.832295000553, 65.7607116699, 3.18238544464, -2.00639247894, -4.09273433685, 2.07428598404, 2.84240579605, -14.2103691101, -1.39936244488, -3.14472460747, -8.54658031464], [-19.2070674896, -17.3622436523, -2.91051054001, 3.18238544464, 61.0939979553, 4.40571212769, -0.148812323809, -0.127372995019, -8.56253147125, 5.78382873535, 1.10880374908, -3.19211578369, -8.70739936829], [-45.1166114807, -6.41128730774, -27.2923679352, -2.00639247894, 4.40571212769, 100.819892883, 25.5082683563, 3.40653371811, -3.09668779373, 6.00990724564, -5.66723060608, -16.6112937927, -23.4895763397], [-40.9986610413, 6.60715484619, -13.9319763184, -4.09273433685, -0.148812323809, 25.5082683563, 69.2046203613, 16.7443790436, -11.0000324249, -0.454014658928, -3.14399790764, -5.58434009552, -16.2518596649], [-24.6141872406, -4.16433858871, 0.741763830185, 2.07428598404, -0.127372995019, 3.40653371811, 16.7443790436, 70.3790359497, -4.65067768097, -3.98580241203, -11.7538604736, -7.52305841446, -4.12414216995], [-2.33948302269, -4.51441860199, 2.26994800568, 2.84240579605, -8.56253147125, -3.09668779373, -11.0000324249, -4.65067768097, 58.809967041, -7.45005226135, -0.565937936306, -2.98412370682, -5.34672212601], [-36.4110107422, 2.36210155487, -9.77179050446, -14.2103691101, 5.78382873535, 6.00990724564, -0.454014658928, -3.98580241203, -7.45005226135, 73.2999572754, 13.2164163589, -8.87981700897, -4.89908981323], [2.37383151054, -12.9597978592, -10.1259756088, -1.39936244488, 1.10880374908, -5.66723060608, -3.14399790764, -11.7538604736, -0.565937936306, 13.2164163589, 52.2697410583, 11.5784492493, 2.66646432877], [9.15010738373, -0.733235299587, -3.15376377106, -3.14472460747, -3.19211578369, -16.6112937927, -5.58434009552, -7.52305841446, -2.98412370682, -8.87981700897, 11.5784492493, 63.9655151367, 22.985918045], [21.4527206421, -7.31025743484, 11.6660203934, -8.54658031464, -8.70739936829, -23.4895763397, -16.2518596649, -4.12414216995, -5.34672212601, -4.89908981323, 2.66646432877, 22.985918045, 65.8344497681]],
