{
"lowlevel": {
    "average_loudness": 0.983800292015,
    "barkbands_crest": {
        "dmean": 1.4629791975,
        "dmean2": 2.04556393623,
        "dvar": 1.80071008205,
        "dvar2": 3.9338581562,
        "max": 17.5413341522,
        "mean": 10.2247629166,
        "median": 10.0677375793,
        "min": 4.69425821304,
        "var": 4.85328531265
    },
    "barkbands_flatness_db": {
        "dmean": 0.0173634458333,
        "dmean2": 0.0206718817353,
        "dvar": 0.000184874195838,
        "dvar2": 0.000329984206473,
        "max": 0.351340323687,
        "mean": 0.237893655896,
        "median": 0.241193905473,
        "min": 0.13190934062,
        "var": 0.00148035271559
    },
    "barkbands_kurtosis": {
        "dmean": 1.81708848476,
        "dmean2": 2.33019089699,
        "dvar": 4.8886089325,
        "dvar2": 8.98225307465,
        "max": 32.8344917297,
        "mean": 4.61085176468,
        "median": 3.36930727959,
        "min": 0.0519421100616,
        "var": 20.1969642639
    },
    "barkbands_skewness": {
        "dmean": 0.314527839422,
        "dmean2": 0.405770033598,
        "dvar": 0.0644346028566,
        "dvar2": 0.103696927428,
        "max": 3.07286143303,
        "mean": 1.03427219391,
        "median": 1.05645978451,
        "min": -0.285369575024,
        "var": 0.391620457172
    },
    "barkbands_spread": {
        "dmean": 1.38501155376,
        "dmean2": 1.49075746536,
        "dvar": 1.39986932278,
        "dvar2": 1.68779742718,
        "max": 18.9725952148,
        "mean": 8.9399471283,
        "median": 8.61096572876,
        "min": 2.13866376877,
        "var": 11.1944026947
    },
    "dissonance": {
        "dmean": 0.0340311564505,
        "dmean2": 0.0577103979886,
        "dvar": 0.000683230056893,
        "dvar2": 0.00190147676039,
        "max": 0.456896275282,
        "mean": 0.374930530787,
        "median": 0.373973548412,
        "min": 0.270405769348,
        "var": 0.00150313321501
    },
    "dynamic_complexity": 0.530808866024,
    "erbbands_crest": {
        "dmean": 2.85789990425,
        "dmean2": 4.18670129776,
        "dvar": 5.1426024437,
        "dvar2": 10.2353277206,
        "max": 28.6239356995,
        "mean": 17.1579627991,
        "median": 16.6153068542,
        "min": 7.9913225174,
        "var": 15.8988723755
    },
    "erbbands_flatness_db": {
        "dmean": 0.0113176265731,
        "dmean2": 0.0155654652044,
        "dvar": 9.17056604521e-05,
        "dvar2": 0.000147410217323,
        "max": 0.305765151978,
        "mean": 0.253439426422,
        "median": 0.255426168442,
        "min": 0.130686476827,
        "var": 0.000611486902926
    },
    "erbbands_kurtosis": {
        "dmean": 1.00503194332,
        "dmean2": 1.41588068008,
        "dvar": 1.4713050127,
        "dvar2": 2.61441731453,
        "max": 16.9404296875,
        "mean": 1.53011167049,
        "median": 0.992128014565,
        "min": -0.878949642181,
        "var": 4.10161399841
    },
    "erbbands_skewness": {
        "dmean": 0.313245177269,
        "dmean2": 0.437668442726,
        "dvar": 0.0685648620129,
        "dvar2": 0.127544522285,
        "max": 3.94712018967,
        "mean": 0.952310264111,
        "median": 0.814937353134,
        "min": -0.0575318522751,
        "var": 0.328357279301
    },
    "erbbands_spread": {
        "dmean": 3.16846704483,
        "dmean2": 4.77021741867,
        "dvar": 8.28200054169,
        "dvar2": 19.601146698,
        "max": 37.0256385803,
        "mean": 18.5303382874,
        "median": 18.5965881348,
        "min": 7.37487220764,
        "var": 23.3275432587
    },
    "hfc": {
        "dmean": 2.52693796158,
        "dmean2": 3.36466789246,
        "dvar": 5.16190433502,
        "dvar2": 8.29473304749,
        "max": 34.8330879211,
        "mean": 21.825050354,
        "median": 21.2893848419,
        "min": 2.73212528229,
        "var": 29.1698055267
    },
    "melbands_crest": {
        "dmean": 2.68706560135,
        "dmean2": 3.13214635849,
        "dvar": 5.08680820465,
        "dvar2": 9.149518013,
        "max": 33.9695281982,
        "mean": 25.3743629456,
        "median": 26.5906181335,
        "min": 12.325419426,
        "var": 28.8120689392
    },
    "melbands_flatness_db": {
        "dmean": 0.0183357894421,
        "dmean2": 0.0193996690214,
        "dvar": 0.000194344582269,
        "dvar2": 0.000282718188828,
        "max": 0.424217432737,
        "mean": 0.306230723858,
        "median": 0.3095908463,
        "min": 0.203120902181,
        "var": 0.00181161728688
    },
    "melbands_kurtosis": {
        "dmean": 5.57116174698,
        "dmean2": 8.18559455872,
        "dvar": 80.7933959961,
        "dvar2": 202.485076904,
        "max": 118.224914551,
        "mean": 10.6193056107,
        "median": 7.01625347137,
        "min": 0.0134711265564,
        "var": 188.390106201
    },
    "melbands_skewness": {
        "dmean": 0.625796675682,
        "dmean2": 0.826052606106,
        "dvar": 0.3311214149,
        "dvar2": 0.649169564247,
        "max": 8.00144863129,
        "mean": 2.28390049934,
        "median": 2.20445919037,
        "min": 0.164696857333,
        "var": 1.68979287148
    },
    "melbands_spread": {
        "dmean": 1.75774288177,
        "dmean2": 1.91145706177,
        "dvar": 2.18173956871,
        "dvar2": 2.61393046379,
        "max": 20.6155815125,
        "mean": 8.95172691345,
        "median": 8.19665718079,
        "min": 1.22739195824,
        "var": 15.8907289505
    },
    "pitch_salience": {
        "dmean": 0.060165759176,
        "dmean2": 0.084355764091,
        "dvar": 0.00206751632504,
        "dvar2": 0.00425793649629,
        "max": 0.780235826969,
        "mean": 0.528327345848,
        "median": 0.525592446327,
        "min": 0.263525545597,
        "var": 0.0120745804161
    },
    "silence_rate_20dB": {
        "dmean": 0,
        "dmean2": 0,
        "dvar": 0,
        "dvar2": 0,
        "max": 1,
        "mean": 1,
        "median": 1,
        "min": 1,
        "var": 0
    },
    "silence_rate_30dB": {
        "dmean": 0,
        "dmean2": 0,
        "dvar": 0,
        "dvar2": 0,
        "max": 1,
        "mean": 1,
        "median": 1,
        "min": 1,
        "var": 0
    },
    "silence_rate_60dB": {
        "dmean": 0,
        "dmean2": 0,
        "dvar": 0,
        "dvar2": 0,
        "max": 0,
        "mean": 0,
        "median": 0,
        "min": 0,
        "var": 0
    },
    "spectral_centroid": {
        "dmean": 72.9771881104,
        "dmean2": 81.9341506958,
        "dvar": 4089.10009766,
        "dvar2": 5241.75537109,
        "max": 1152.94995117,
        "mean": 591.295043945,
        "median": 541.639160156,
        "min": 337.466003418,
        "var": 27036.0332031
    },
    "spectral_complexity": {
        "dmean": 2.32876706123,
        "dmean2": 3.65596342087,
        "dvar": 4.88734769821,
        "dvar2": 10.1247606277,
        "max": 23,
        "mean": 10.5727272034,
        "median": 9,
        "min": 4,
        "var": 18.7537994385
    },
    "spectral_decrease": {
        "dmean": 1.02776487321e-09,
        "dmean2": 1.23357624116e-09,
        "dvar": 8.33486365459e-19,
        "dvar2": 1.09562243482e-18,
        "max": -1.94422922206e-09,
        "mean": -1.23899353e-08,
        "median": -1.28337251937e-08,
        "min": -1.58160329278e-08,
        "var": 4.8380693878e-18
    },
    "spectral_energy": {
        "dmean": 0.00398539425805,
        "dmean2": 0.00488776015118,
        "dvar": 1.28437413878e-05,
        "dvar2": 1.68765473063e-05,
        "max": 0.0614304430783,
        "mean": 0.0487420596182,
        "median": 0.0505664348602,
        "min": 0.00758579466492,
        "var": 7.24264682503e-05
    },
    "spectral_energyband_high": {
        "dmean": 1.52637312567e-05,
        "dmean2": 2.12856502912e-05,
        "dvar": 2.38476710601e-10,
        "dvar2": 4.45465248022e-10,
        "max": 0.000212846556678,
        "mean": 6.90349261276e-05,
        "median": 6.13051670371e-05,
        "min": 2.00636859518e-05,
        "var": 1.21483123561e-09
    },
    "spectral_energyband_low": {
        "dmean": 0.000139154071803,
        "dmean2": 0.000164999742992,
        "dvar": 1.7686911491e-08,
        "dvar2": 3.10685273064e-08,
        "max": 0.00301668234169,
        "mean": 0.00120758695994,
        "median": 0.00100750639103,
        "min": 0.000419932737714,
        "var": 3.79132558237e-07
    },
    "spectral_energyband_middle_high": {
        "dmean": 0.00298403459601,
        "dmean2": 0.00377611792646,
        "dvar": 7.77604327595e-06,
        "dvar2": 1.20097183753e-05,
        "max": 0.0272359773517,
        "mean": 0.00988255627453,
        "median": 0.00815314985812,
        "min": 0.000630308932159,
        "var": 4.15921167587e-05
    },
    "spectral_energyband_middle_low": {
        "dmean": 0.00476234313101,
        "dmean2": 0.00473788101226,
        "dvar": 1.38365321618e-05,
        "dvar2": 1.39587937156e-05,
        "max": 0.0570019856095,
        "mean": 0.0337700285017,
        "median": 0.034693159163,
        "min": 0.00300501938909,
        "var": 0.000120616823551
    },
    "spectral_entropy": {
        "dmean": 0.190680161119,
        "dmean2": 0.226545616984,
        "dvar": 0.0244073718786,
        "dvar2": 0.0391199961305,
        "max": 7.83352565765,
        "mean": 6.50893545151,
        "median": 6.48577213287,
        "min": 5.2610707283,
        "var": 0.176175951958
    },
    "spectral_flux": {
        "dmean": 0.014281061478,
        "dmean2": 0.0233199298382,
        "dvar": 0.000130436121253,
        "dvar2": 0.000317601923598,
        "max": 0.170942381024,
        "mean": 0.0492320396006,
        "median": 0.0456936135888,
        "min": 0.0180623084307,
        "var": 0.000360647885827
    },
    "spectral_kurtosis": {
        "dmean": 3.84142923355,
        "dmean2": 7.32672643661,
        "dvar": 7.00909042358,
        "dvar2": 26.6163139343,
        "max": 21.6005020142,
        "mean": 11.5111532211,
        "median": 10.8180980682,
        "min": 5.8277053833,
        "var": 10.096036911
    },
    "spectral_rms": {
        "dmean": 0.000297003280139,
        "dmean2": 0.000362961873179,
        "dvar": 9.31193469e-08,
        "dvar2": 1.10845626011e-07,
        "max": 0.00774158490822,
        "mean": 0.00686329323798,
        "median": 0.00702375313267,
        "min": 0.00272043654695,
        "var": 4.48425083732e-07
    },
    "spectral_rolloff": {
        "dmean": 118.285125732,
        "dmean2": 209.405410767,
        "dvar": 31773.0996094,
        "dvar2": 68661.703125,
        "max": 1464.2578125,
        "mean": 696.207397461,
        "median": 861.328125,
        "min": 301.46484375,
        "var": 57249.1601562
    },
    "spectral_skewness": {
        "dmean": 0.37501180172,
        "dmean2": 0.699690580368,
        "dvar": 0.0708410739899,
        "dvar2": 0.250902950764,
        "max": 3.52568602562,
        "mean": 2.45188879967,
        "median": 2.4285326004,
        "min": 1.69320225716,
        "var": 0.147036895156
    },
    "spectral_spread": {
        "dmean": 287626.75,
        "dmean2": 493478.75,
        "dvar": 438243950592,
        "dvar2": 533608562688,
        "max": 13629936,
        "mean": 3378721.25,
        "median": 3256149.25,
        "min": 2647259,
        "var": 607025364992
    },
    "spectral_strongpeak": {
        "dmean": 0.495119124651,
        "dmean2": 0.818317174911,
        "dvar": 0.770354688168,
        "dvar2": 2.00398397446,
        "max": 5.41548156738,
        "mean": 2.15819406509,
        "median": 2.10097265244,
        "min": 0,
        "var": 0.900964856148
    },
    "zerocrossingrate": {
        "dmean": 0.00439453125,
        "dmean2": 0.00504855951294,
        "dvar": 1.49931538544e-05,
        "dvar2": 1.74864544533e-05,
        "max": 0.05126953125,
        "mean": 0.0258589312434,
        "median": 0.02587890625,
        "min": 0.00830078125,
        "var": 8.87357527972e-05
    },
    "barkbands": {
        "dmean": [0.000507641932927, 2.82963246718e-05, 2.39286168835e-06, 3.85401153835e-06, 0.00305094732903, 0.00235681585036, 5.49434953427e-05, 0.00188479665667, 7.50567560317e-05, 0.00285775470547, 5.0792368711e-05, 0.000453117332654, 0.000124520767713, 0.00013816037972, 5.75009071326e-05, 8.11619902379e-05, 8.13869919511e-05, 8.87334390427e-05, 8.22153233457e-05, 1.28172468976e-05, 7.13572671884e-06, 4.77215098726e-06, 1.45765147863e-06, 7.46782916394e-07, 8.86205441475e-07, 7.94561628936e-07, 1.08768438167e-06],
        "dmean2": [0.000481303024571, 4.69311671623e-05, 3.45915873368e-06, 5.64782112633e-06, 0.00306746223941, 0.00251285661943, 8.70244330144e-05, 0.00267763528973, 0.000110028318886, 0.00369176175445, 8.30797216622e-05, 0.000741246098187, 0.000198201159947, 0.00021996817668, 9.1829795565e-05, 0.000130479311338, 0.000130983404233, 0.000146927282913, 0.000139348514494, 2.00915110327e-05, 1.1251043361e-05, 7.50271919969e-06, 2.39464907281e-06, 1.13136081836e-06, 1.39202643368e-06, 1.22124185964e-06, 1.6190642782e-06],
        "dvar": [3.98457757456e-07, 3.28906279989e-09, 9.87164031074e-11, 3.71115055353e-10, 5.96002928432e-06, 3.15421175401e-06, 8.23605361688e-09, 4.61446870759e-06, 8.87439632891e-09, 7.65664208302e-06, 4.76449457665e-09, 2.56013208855e-07, 1.88747417695e-08, 7.89076182173e-08, 4.93225105203e-09, 6.62253851758e-09, 7.45837347438e-09, 1.59327147031e-08, 6.78023059919e-09, 2.42895009661e-10, 6.13100958891e-11, 2.12342296524e-11, 2.67758536697e-12, 3.74098836761e-13, 5.04971390224e-13, 3.82103094825e-13, 1.17084282807e-12],
        "dvar2": [4.51331942486e-07, 3.76725051154e-09, 1.0457673616e-10, 3.78714865024e-10, 7.14101133781e-06, 3.9807232497e-06, 1.53814845305e-08, 6.58743829263e-06, 1.88330488982e-08, 1.25848064272e-05, 1.17323910587e-08, 7.14560428605e-07, 4.83038213872e-08, 2.07165754773e-07, 1.01951984632e-08, 1.96146761056e-08, 1.78347967505e-08, 3.81100484503e-08, 1.95000833259e-08, 5.87945803154e-10, 1.4344107846e-10, 5.06384552346e-11, 8.24779914504e-12, 7.57992410158e-13, 1.18152536366e-12, 1.02129264247e-12, 2.11602285173e-12],
        "max": [0.0124511327595, 0.000708651554305, 0.000139506853884, 0.000289962248644, 0.0337306894362, 0.0237383823842, 0.000801770773251, 0.0320247784257, 0.000814376980998, 0.0256084091961, 0.000492775230668, 0.00362922507338, 0.00112755305599, 0.00301305484027, 0.000872684526257, 0.000836443272419, 0.000876347126905, 0.00126144546084, 0.000798612425569, 0.000155123285367, 8.24639864732e-05, 4.42893251602e-05, 1.69009363162e-05, 8.16260399006e-06, 9.00412487681e-06, 1.20706954476e-05, 1.96018372662e-05],
        "mean": [0.00497781019658, 4.29666506534e-05, 2.61594004769e-06, 4.50248990091e-06, 0.0159283857793, 0.0142619665712, 7.25177087588e-05, 0.00336606428027, 0.00012970813259, 0.00792183447629, 7.69190010033e-05, 0.000671324727591, 0.000242064474151, 0.000202647206606, 0.000101675323094, 0.000164905417478, 0.000170951083419, 0.000166456244187, 0.000147829545313, 3.20102844853e-05, 1.90817863768e-05, 1.27724852064e-05, 5.09482060806e-06, 3.70088832824e-06, 4.11086148233e-06, 4.35511219621e-06, 7.45251418266e-06],
        "median": [0.0041428366676, 2.70776472462e-05, 8.59516603668e-07, 2.41251564148e-06, 0.0156968589872, 0.0144106363878, 1.9721519493e-05, 0.0018840667326, 8.33754020277e-05, 0.00669136317447, 3.22392952512e-05, 0.000489366007969, 0.00019564658578, 0.000104329446913, 6.24548993073e-05, 0.000123944351799, 0.000138581381179, 0.000106494946522, 0.000124804966617, 2.27363107115e-05, 1.43180986925e-05, 1.02314188553e-05, 4.57086571259e-06, 3.43758574672e-06, 3.93722712033e-06, 3.90833656638e-06, 6.53774895909e-06],
        "min": [0.00177201232873, 4.43983435616e-06, 2.5442327356e-08, 7.78847848437e-08, 0.000909573514946, 0.000692752015311, 4.96893164836e-07, 1.42331555253e-05, 4.26000542575e-06, 9.02182728169e-05, 1.0294444337e-06, 1.90072660189e-05, 2.31455815083e-05, 1.57842714543e-06, 3.22190953739e-06, 1.22831361296e-05, 7.72055864218e-06, 1.5431391148e-05, 9.56717758527e-06, 4.29281044489e-06, 2.99650696434e-06, 3.36164771397e-06, 1.28327837956e-06, 1.20629692901e-06, 1.07757705337e-06, 1.36927144467e-06, 2.43995032179e-06],
        "var": [6.39820655124e-06, 4.74697170461e-09, 1.06315206638e-10, 3.82124359932e-10, 5.27915071871e-05, 2.59189946519e-05, 1.50417704958e-08, 1.80685401574e-05, 2.02419840889e-08, 3.7829962821e-05, 9.43709643764e-09, 4.09854038708e-07, 3.28696643237e-08, 9.78905845272e-08, 1.2382976422e-08, 1.81362302953e-08, 1.50636427776e-08, 3.30827383266e-08, 1.10837259371e-08, 6.37138231063e-10, 2.06141076431e-10, 6.30944255176e-11, 6.5056055161e-12, 2.14403191381e-12, 2.63722030325e-12, 3.4719553621e-12, 1.10640828097e-11]
    },
    "erbbands": {
        "dmean": [0.00248573464341, 0.00192058586981, 0.00244926568121, 0.00820446107537, 0.103180512786, 5.98597288132, 45.591506958, 4.95512485504, 0.932213544846, 3.28978800774, 51.4989280701, 5.54414319992, 17.9977607727, 102.805328369, 6.00170946121, 22.8369846344, 3.89369177818, 9.38572406769, 2.84642100334, 3.44855499268, 2.8417930603, 4.80359458923, 5.79128217697, 5.67906761169, 1.39779388905, 0.612792730331, 0.332956433296, 0.302060395479, 0.169217303395, 0.0930027365685, 0.0415739566088, 0.0195231474936, 0.0157953463495, 0.0137612745166, 0.00566715095192, 0.00288979290053, 0.00180210801773, 0.000680353492498, 0.000164679295267, 1.97733425011e-05],
        "dmean2": [0.00405344041064, 0.00287607964128, 0.00345981656574, 0.0111851301044, 0.108370929956, 6.32326698303, 43.0248336792, 5.47102975845, 1.50680267811, 4.59340429306, 73.3121871948, 8.06085777283, 23.1566867828, 134.78817749, 8.07660198212, 37.4923210144, 5.98377513885, 14.9300994873, 4.29685306549, 5.29911184311, 4.61178350449, 7.944627285, 9.73300647736, 9.73170185089, 2.29196095467, 0.939118206501, 0.534968197346, 0.496002674103, 0.260083705187, 0.147235035896, 0.0698015913367, 0.0298255067319, 0.024615528062, 0.0212016236037, 0.00892424583435, 0.00452093733475, 0.00292880972847, 0.00110843544826, 0.000248597905738, 3.11036710627e-05],
        "dvar": [1.09193988465e-05, 3.3231019188e-05, 0.000111656176159, 0.00161642511375, 0.0296163018793, 23.320854187, 1185.32580566, 13.9808273315, 2.01175069809, 13.1224660873, 3466.15917969, 37.7747001648, 301.451477051, 10172.2490234, 31.2139987946, 672.14654541, 19.9989051819, 326.35723877, 11.9476480484, 12.0667829514, 11.6303224564, 31.4196529388, 66.8774337769, 33.7637252808, 3.45173549652, 0.608068048954, 0.159555673599, 0.119593217969, 0.025347976014, 0.00782300718129, 0.00228761369362, 0.000283737375867, 0.000191847517272, 0.000125423248392, 2.0224664695e-05, 8.63104560267e-06, 2.32496768149e-06, 3.99106795612e-07, 2.4955147282e-08, 3.54608453712e-10],
        "dvar2": [1.69135728356e-05, 3.75142044504e-05, 0.000116535113193, 0.00162488536444, 0.0217201840132, 25.8518810272, 1339.97973633, 20.0413837433, 4.14405679703, 18.9242572784, 4946.05957031, 54.7605361938, 472.863708496, 16605.65625, 53.5681991577, 1897.59179688, 52.5382728577, 848.117248535, 24.1691799164, 31.9387302399, 32.6123847961, 71.5360488892, 157.518310547, 97.071685791, 9.06622695923, 1.44468283653, 0.405736476183, 0.297086268663, 0.0591985732317, 0.0188112538308, 0.00701368087903, 0.000785038631875, 0.000484301854158, 0.000357899756636, 5.11300349899e-05, 2.32904785662e-05, 6.22661173111e-06, 9.05455067368e-07, 4.98326073739e-08, 7.56396556501e-10],
        "max": [0.0519648604095, 0.0738961547613, 0.146674543619, 0.625273048878, 3.18640732765, 66.608215332, 493.032684326, 49.7953224182, 12.7002773285, 56.0102500916, 873.793579102, 86.8541793823, 190.065917969, 848.598083496, 51.3234672546, 187.37399292, 46.6877403259, 190.405807495, 47.7691230774, 29.8776321411, 34.6023330688, 61.3655853271, 76.0584945679, 49.3140029907, 18.8543510437, 7.43622541428, 3.68440508842, 3.8871319294, 1.60649585724, 0.91874653101, 0.482089102268, 0.18294633925, 0.170882627368, 0.117186099291, 0.059831365943, 0.0513892397285, 0.0237047169358, 0.0099836057052, 0.00265726097859, 0.000344369327649],
        "mean": [0.0125100426376, 0.00598831288517, 0.00461169192567, 0.0250976793468, 0.503656029701, 31.1587848663, 271.234558105, 30.2350120544, 2.4026517868, 6.62800979614, 91.4624481201, 11.4128484726, 58.1107025146, 265.612426758, 16.3968029022, 33.4570541382, 9.28286457062, 16.1079177856, 5.96034526825, 7.90158319473, 6.56744670868, 10.2690830231, 11.4242038727, 10.1034421921, 3.28107190132, 1.52361702919, 0.87407207489, 0.719332456589, 0.4657304883, 0.286056548357, 0.145123496652, 0.0803037807345, 0.0678767561913, 0.0504114963114, 0.0255882497877, 0.015987066552, 0.00824867747724, 0.00366611452773, 0.000975101313088, 0.000167215621332],
        "median": [0.0100363381207, 0.0040688351728, 0.00300348643214, 0.0226829200983, 0.483466029167, 30.679227829, 278.759216309, 30.776676178, 1.76262807846, 3.98804187775, 50.2455749512, 8.51453971863, 53.3364257812, 214.744293213, 13.2654733658, 24.1925735474, 7.43674468994, 11.11079216, 4.10369110107, 6.06913518906, 5.14280080795, 8.07809638977, 7.65761232376, 8.45213317871, 2.50093221664, 0.977598428726, 0.647005796432, 0.535222530365, 0.356733381748, 0.248986467719, 0.127521932125, 0.072053194046, 0.0648618787527, 0.0481766723096, 0.0229735001922, 0.0144610907882, 0.00737602077425, 0.00329897506163, 0.000874247401953, 0.000154900291818],
        "min": [0.00425451388583, 0.000835265847854, 0.0011644968763, 0.00394216505811, 0.0505576170981, 2.64210438728, 14.1454248428, 1.75439846516, 0.449620306492, 0.270870059729, 0.493928045034, 0.842071950436, 1.18799364567, 2.59173464775, 0.826140463352, 1.75983297825, 0.727717638016, 0.837768673897, 0.259874790907, 0.604576051235, 0.532071709633, 0.555269598961, 1.6783093214, 1.06354928017, 0.380017191172, 0.192806318402, 0.119700610638, 0.11902987957, 0.130617827177, 0.07678065449, 0.0379846803844, 0.0256953313947, 0.0183256734163, 0.0140403350815, 0.0069764922373, 0.00475189741701, 0.00273904181086, 0.00131075235549, 0.000321734056342, 9.55199357122e-05],
        "var": [5.40758555871e-05, 5.65602094866e-05, 0.000122111974633, 0.00172107154503, 0.0786091685295, 203.716171265, 11264.1328125, 110.851150513, 3.4732966423, 58.0815505981, 13413.1064453, 128.257415771, 1752.32141113, 46049.2460938, 125.446289062, 1004.41131592, 40.2061347961, 377.485229492, 33.5458374023, 32.8950881958, 32.682888031, 61.6089439392, 135.986984253, 50.7673568726, 7.11613512039, 1.74000358582, 0.444467484951, 0.296208143234, 0.082407310605, 0.0251571182162, 0.00515855802223, 0.00112358876504, 0.000728561659344, 0.000454635941423, 0.000116504903417, 4.55599802081e-05, 1.29967220346e-05, 2.66583333541e-06, 1.88958679814e-07, 2.24237717283e-09]
    },
    "gfcc": {
        "mean": [-23.7953205109, 89.5296936035, -135.772537231, -29.2708110809, -62.4641838074, -26.7334403992, -36.3380889893, -5.10720777512, -30.8947696686, -10.7239713669, -2.4851565361, 26.0612125397, 17.2313556671],
        "cov": [[258.569030762, -65.3986129761, -166.7059021, 0.257164239883, 4.72332334518, 43.2243385315, 46.7078514099, 30.1784152985, 28.8481063843, 31.1053142548, -9.09615039825, -8.90946483612, 11.1620855331], [-65.3986129761, 72.3195266724, 37.6727180481, -23.3080444336, -29.5368022919, -32.2767982483, -11.2662200928, -10.8189325333, -18.7196464539, -25.4476795197, -3.76566195488, -1.95191121101, -3.53283572197], [-166.7059021, 37.6727180481, 231.042724609, 6.76574659348, 25.6365203857, -7.19486665726, -51.087272644, -5.26143884659, 20.4500026703, 18.3528862, 16.7281742096, -0.9368070364, -38.6468544006], [0.257164239883, -23.3080444336, 6.76574659348, 71.6092681885, 32.6282806396, -6.42609357834, -20.1966896057, -27.7845134735, -22.7033596039, -14.2963380814, -1.87493014336, 13.2444238663, 13.4766216278], [4.72332334518, -29.5368022919, 25.6365203857, 32.6282806396, 61.8926277161, 29.4770755768, -22.0925979614, -19.473991394, -6.27941608429, 11.9588842392, 11.5098552704, 11.1814517975, 2.84268712997], [43.2243385315, -32.2767982483, -7.19486665726, -6.42609357834, 29.4770755768, 51.8148765564, 13.1649417877, 2.95966625214, 8.76138973236, 21.3362827301, 7.14397907257, 3.36929941177, 2.62978982925], [46.7078514099, -11.2662200928, -51.087272644, -20.1966896057, -22.0925979614, 13.1649417877, 44.4644126892, 29.5848693848, 9.56621265411, 1.60792136192, -6.61132860184, -5.01104354858, 3.27579975128], [30.1784152985, -10.8189325333, -5.26143884659, -27.7845134735, -19.473991394, 2.95966625214, 29.5848693848, 63.1777572632, 48.3189697266, 15.5701265335, -7.8703455925, -15.1716909409, -18.689655304], [28.8481063843, -18.7196464539, 20.4500026703, -22.7033596039, -6.27941608429, 8.76138973236, 9.56621265411, 48.3189697266, 72.2487030029, 47.1298027039, -4.70636606216, -28.0229282379, -33.5453071594], [31.1053142548, -25.4476795197, 18.3528862, -14.2963380814, 11.9588842392, 21.3362827301, 1.60792136192, 15.5701265335, 47.1298027039, 63.4425201416, 12.1849441528, -28.5779685974, -33.7348747253], [-9.09615039825, -3.76566195488, 16.7281742096, -1.87493014336, 11.5098552704, 7.14397907257, -6.61132860184, -7.8703455925, -4.70636606216, 12.1849441528, 22.3317241669, 4.31461572647, -15.2406349182], [-8.90946483612, -1.95191121101, -0.9368070364, 13.2444238663, 11.1814517975, 3.36929941177, -5.01104354858, -15.1716909409, -28.0229282379, -28.5779685974, 4.31461572647, 31.2552471161, 17.4134101868], [11.1620855331, -3.53283572197, -38.6468544006, 13.4766216278, 2.84268712997, 2.62978982925, 3.27579975128, -18.689655304, -33.5453071594, -33.7348747253, -15.2406349182, 17.4134101868, 45.8502655029]],
        "icov": [[0.0143498331308, -0.00775304017588, 0.0131026189774, -0.0109895886853, 0.00631319917738, -0.013947061263, 0.00866150576621, -0.0130580822006, 0.00216605328023, -0.0186454597861, 0.00523330830038, -0.0122748743743, -0.00108210276812], [-0.00775304017588, 0.0597968101501, -0.0175262540579, 0.0363487377763, -0.00631514657289, 0.0252641960979, -0.0101878000423, 0.0295252148062, 0.00709338160232, 0.0457632318139, 0.0126780290157, 0.0308566987514, 0.0240995064378], [0.0131026189774, -0.0175262540579, 0.0214884765446, -0.0159453321248, 0.00822793506086, -0.0203381106257, 0.0220639705658, -0.0210892856121, 0.00335353636183, -0.0237520653754, 0.00499381124973, -0.0180561244488, 0.00223767850548], [-0.0109895886853, 0.0363487377763, -0.0159453321248, 0.0558629743755, -0.0365970432758, 0.0432269535959, -0.0253973156214, 0.0368371866643, -0.00161400029901, 0.0350823514163, 0.0173912327737, 0.0162868089974, 0.0164628904313], [0.00631319917738, -0.00631514657289, 0.00822793506086, -0.0365970432758, 0.0802282243967, -0.0618089735508, 0.062317699194, -0.0388509444892, 0.0264249686152, -0.0316460430622, -0.00142693333328, -0.0164339300245, -0.00423288717866], [-0.013947061263, 0.0252641960979, -0.0203381106257, 0.0432269535959, -0.0618089735508, 0.098742492497, -0.0694908425212, 0.0466766245663, -0.0212193708867, 0.0131368590519, -0.00544746778905, 0.00124029361177, -0.0104873040691], [0.00866150576621, -0.0101878000423, 0.0220639705658, -0.0253973156214, 0.062317699194, -0.0694908425212, 0.123984508216, -0.0881360247731, 0.0661656782031, -0.0492101386189, 0.0275621861219, -0.0175735726953, 0.00654409034178], [-0.0130580822006, 0.0295252148062, -0.0210892856121, 0.0368371866643, -0.0388509444892, 0.0466766245663, -0.0881360247731, 0.128384023905, -0.0992756634951, 0.0965747013688, -0.0324164107442, 0.0380108915269, 0.00842317938805], [0.00216605328023, 0.00709338160232, 0.00335353636183, -0.00161400029901, 0.0264249686152, -0.0212193708867, 0.0661656782031, -0.0992756634951, 0.157734826207, -0.104898564517, 0.105674229562, -0.0371409766376, 0.0451592765749], [-0.0186454597861, 0.0457632318139, -0.0237520653754, 0.0350823514163, -0.0316460430622, 0.0131368590519, -0.0492101386189, 0.0965747013688, -0.104898564517, 0.191134527326, -0.0886403173208, 0.117290325463, 0.0116970064119], [0.00523330830038, 0.0126780290157, 0.00499381124973, 0.0173912327737, -0.00142693333328, -0.00544746778905, 0.0275621861219, -0.0324164107442, 0.105674229562, -0.0886403173208, 0.193236246705, -0.0783263072371, 0.0900935381651], [-0.0122748743743, 0.0308566987514, -0.0180561244488, 0.0162868089974, -0.0164339300245, 0.00124029361177, -0.0175735726953, 0.0380108915269, -0.0371409766376, 0.117290325463, -0.0783263072371, 0.138224229217, -0.0163505021483], [-0.00108210276812, 0.0240995064378, 0.00223767850548, 0.0164628904313, -0.00423288717866, -0.0104873040691, 0.00654409034178, 0.00842317938805, 0.0451592765749, 0.0116970064119, 0.0900935381651, -0.0163505021483, 0.102610401809]]
    },
    "melbands": {
        "dmean": [2.84509096673e-05, 1.56971464094e-06, 1.78873870027e-06, 6.25107059022e-05, 0.00133889564313, 0.000169947365066, 1.3431629668e-05, 8.12878424767e-05, 0.000382083555451, 1.28056399262e-05, 0.000113704860269, 0.000461447256384, 1.05436402009e-05, 5.04479576193e-05, 2.69350166491e-05, 1.5875995814e-05, 1.64545763255e-05, 4.35261654275e-06, 4.01443594455e-06, 7.02532042851e-06, 2.84145244223e-06, 6.14714781477e-06, 4.73201180284e-06, 4.12960662288e-06, 5.73299394091e-06, 1.38234599945e-06, 6.05715740676e-07, 3.7136291553e-07, 2.56601225601e-07, 1.52648425455e-07, 2.0071614415e-07, 9.49599510136e-08, 1.3325194459e-07, 3.2233085534e-08, 2.88598123177e-08, 2.09351167513e-08, 1.1237656139e-08, 1.10723785696e-08, 1.57105990439e-08, 1.11680789061e-08],
        "dmean2": [3.67274078599e-05, 2.24778023039e-06, 2.56910129792e-06, 7.52271807869e-05, 0.00127287080977, 0.000190245802514, 2.14464689634e-05, 0.0001133994665, 0.000547516974621, 1.87485056813e-05, 0.000147110869875, 0.00060247129295, 1.6560406948e-05, 8.20593268145e-05, 4.48200917162e-05, 2.50654884439e-05, 2.63686815742e-05, 6.73851991451e-06, 6.46754233458e-06, 1.11988611025e-05, 4.73573345516e-06, 1.0216269402e-05, 8.00799352874e-06, 6.88968248141e-06, 9.7666761576e-06, 2.25471535487e-06, 9.75230136646e-07, 5.79406673751e-07, 4.30146315011e-07, 2.3249855019e-07, 3.31083441552e-07, 1.5111920959e-07, 2.1889431423e-07, 5.36155688735e-08, 4.96015495344e-08, 3.46400490514e-08, 1.78760952707e-08, 1.83453501279e-08, 2.46624107803e-08, 1.80704269326e-08],
        "dvar": [7.82069131677e-10, 3.49077121375e-11, 9.06396208089e-11, 4.30268931595e-09, 1.04241235022e-06, 1.63640070383e-08, 4.68622696204e-10, 8.43458280997e-09, 1.92399411958e-07, 1.88645696286e-10, 1.17395915211e-08, 2.02549443884e-07, 1.86517315481e-10, 2.9711852978e-09, 1.0840235376e-09, 6.08744776809e-10, 9.73215508182e-10, 2.3502444782e-11, 2.39474967634e-11, 5.11312416018e-11, 1.33980448264e-11, 5.42534142611e-11, 3.86530044083e-11, 2.55389390191e-11, 3.2618550222e-11, 3.25349231063e-12, 6.07600721039e-13, 2.09859175393e-13, 8.16867122447e-14, 2.92350304664e-14, 5.01552229924e-14, 9.01922206896e-15, 1.9289511801e-14, 9.04708585303e-16, 1.28183592315e-15, 3.77626901993e-16, 9.74698216286e-17, 9.88019860789e-17, 2.94784300424e-16, 7.01569001372e-17],
        "dvar2": [1.49584100662e-09, 3.81097445268e-11, 9.12295239353e-11, 4.87160578544e-09, 1.16086687285e-06, 2.39187336604e-08, 8.99765373319e-10, 1.20827507999e-08, 2.75893796697e-07, 3.81601666932e-10, 1.85316491041e-08, 3.31223276362e-07, 3.99698246722e-10, 8.12703682129e-09, 3.06185410359e-09, 1.58099144887e-09, 2.53468557254e-09, 5.40564398799e-11, 5.44265292557e-11, 1.47593159916e-10, 3.702952181e-11, 1.26537405554e-10, 9.07009398143e-11, 6.07507238959e-11, 9.47219455649e-11, 9.02074335368e-12, 1.49624746187e-12, 4.65712971659e-13, 2.12710166321e-13, 6.81404463561e-14, 1.36170290538e-13, 2.16948397317e-14, 4.95203345289e-14, 2.27223787881e-15, 4.03269379221e-15, 1.0518982417e-15, 2.52679774924e-16, 2.43281812025e-16, 8.12863214646e-16, 1.90758053355e-16],
        "max": [0.000583551765885, 7.90132253314e-05, 0.000143604585901, 0.00102711678483, 0.0146770160645, 0.0017072224291, 0.000186057804967, 0.00140362197999, 0.006424236577, 0.000120255092042, 0.00122584495693, 0.00390235031955, 8.94958575373e-05, 0.000392505258787, 0.000230321282288, 0.000259645457845, 0.000324662425555, 6.14160380792e-05, 4.935024117e-05, 6.2866762164e-05, 3.27096058754e-05, 7.29062521714e-05, 5.58320643904e-05, 5.23632879776e-05, 4.63106443931e-05, 1.69527193066e-05, 7.01742646925e-06, 4.00220733354e-06, 2.6724824238e-06, 2.26006363846e-06, 2.34305321101e-06, 7.7459003478e-07, 1.35595723805e-06, 3.16813896006e-07, 3.49731692495e-07, 2.01518290055e-07, 1.14954964658e-07, 1.03819445485e-07, 2.03399338261e-07, 8.72911556371e-08],
        "mean": [0.000233417449635, 3.24990014633e-06, 2.21486811824e-06, 0.000209829377127, 0.00784806348383, 0.00101562985219, 1.77633228304e-05, 0.000155976740643, 0.000674630922731, 2.34424551309e-05, 0.000368098466424, 0.001215545577, 1.76217108674e-05, 7.76937595219e-05, 3.99471391574e-05, 2.92674321827e-05, 2.79214273178e-05, 8.43982707011e-06, 8.00796169642e-06, 1.38284658533e-05, 5.72429371459e-06, 1.14673985081e-05, 9.35454772844e-06, 8.19947672426e-06, 8.99230144569e-06, 2.77006597571e-06, 1.34141475883e-06, 8.84423911884e-07, 5.8524585711e-07, 3.83763932632e-07, 4.28150030984e-07, 2.31098795211e-07, 2.95999484479e-07, 1.01875059499e-07, 8.66653806497e-08, 6.534283159e-08, 4.24255937048e-08, 4.45555130568e-08, 5.14188904788e-08, 3.85411844661e-08],
        "median": [0.000194501117221, 2.12795498555e-06, 1.20514062019e-06, 0.00019494901062, 0.00809933338314, 0.00101986108348, 4.62577463622e-06, 8.94628174137e-05, 0.000360726058716, 1.74953165697e-05, 0.000328633672325, 0.000991882290691, 7.90629746916e-06, 5.47428862774e-05, 2.93501325359e-05, 2.20864640141e-05, 1.90054161067e-05, 5.68604991713e-06, 5.7433899201e-06, 1.03384245449e-05, 4.08284813602e-06, 9.09523078008e-06, 6.45821319267e-06, 5.91968864683e-06, 7.35249932404e-06, 1.95634174815e-06, 1.02721264739e-06, 5.67383779071e-07, 4.80885319121e-07, 2.76157891221e-07, 3.31134202725e-07, 1.76636291371e-07, 2.42271482875e-07, 9.01027803479e-08, 7.61354428391e-08, 5.86117714363e-08, 3.84396265929e-08, 4.21281249885e-08, 4.65671021743e-08, 3.64173580181e-08],
        "min": [8.1099824456e-05, 6.25561895617e-08, 9.92608875094e-08, 2.34564777202e-06, 0.000427627674071, 5.08198972966e-05, 1.30933784703e-07, 1.35639675136e-06, 3.07109735331e-06, 1.03868069345e-06, 2.50200855589e-06, 1.1456952052e-05, 5.2339873946e-07, 3.45684429703e-06, 1.97554004444e-06, 2.20709239329e-06, 1.20162576422e-06, 3.12370190159e-07, 3.76892813847e-07, 8.95230584774e-07, 2.19372168431e-07, 4.91069954478e-07, 7.95077539806e-07, 8.15615749161e-07, 5.69741303025e-07, 2.18358579218e-07, 1.78314778054e-07, 7.89874761153e-08, 7.27447613258e-08, 5.77895029608e-08, 6.01504126507e-08, 6.25973157753e-08, 5.50454508641e-08, 2.12328572502e-08, 1.9507700344e-08, 1.47579246601e-08, 1.36159377107e-08, 1.16918075221e-08, 1.37843096937e-08, 1.09616671295e-08],
        "var": [1.4552351324e-08, 4.31978341986e-11, 9.37241881327e-11, 1.92851956626e-08, 9.90528860711e-06, 1.24855745298e-07, 8.58754900523e-10, 3.81584008835e-08, 7.20165019175e-07, 5.01964581012e-10, 7.09087188966e-08, 9.42816200222e-07, 4.22509693898e-10, 5.44509726197e-09, 1.40340816746e-09, 7.63321184039e-10, 1.15849019267e-09, 6.48636144795e-11, 5.69416874763e-11, 1.25836813192e-10, 3.21658186198e-11, 9.77621594789e-11, 7.35567717847e-11, 5.99142332969e-11, 4.67288083228e-11, 6.60875043926e-12, 1.25062330283e-12, 6.49983159743e-13, 2.00857627514e-13, 1.07386267847e-13, 1.02055428724e-13, 2.41410776596e-14, 3.99368479097e-14, 2.95097977901e-15, 2.33193231401e-15, 9.26199399362e-16, 3.63820344362e-16, 3.16616257002e-16, 6.18879223076e-16, 2.71946253993e-16]
    },
    "mfcc": {
        "mean": [-680.09564209, 144.786834717, -35.1190643311, -0.73238837719, -16.952545166, -19.9248085022, -8.72874355316, 0.0891245007515, -12.0676822662, -17.7773075104, -5.70065546036, -10.5162124634, -6.16757583618],
        "cov": [[540.508056641, -66.5867462158, -201.964416504, -36.8226127625, -88.5938644409, 0.998943448067, 5.6721997261, 1.62719213963, 60.4627342224, 55.2744903564, -9.31554698944, -7.34764385223, 61.0971260071], [-66.5867462158, 63.1160850525, 36.79845047, -19.4831256866, -9.96283817291, -20.7396945953, -8.88670349121, 0.554381251335, -3.38861680031, 0.193708509207, 11.9355716705, 6.59629487991, -10.7125778198], [-201.964416504, 36.79845047, 144.660812378, 16.9637374878, 55.0509719849, 3.49121236801, -10.5686883926, -1.69876921177, -5.7375831604, -11.4487323761, 28.0255737305, 45.1185340881, -8.88408851624], [-36.8226127625, -19.4831256866, 16.9637374878, 60.1261253357, 27.5173244476, 1.25446557999, -7.03933429718, -4.23023462296, -13.5571975708, -21.4922809601, -20.0932884216, -21.0603733063, -15.2914419174], [-88.5938644409, -9.96283817291, 55.0509719849, 27.5173244476, 105.952209473, 47.7398986816, 5.9930024147, -10.1220083237, -15.6596660614, -25.2293224335, 3.30198669434, 30.696641922, -1.82717597485], [0.998943448067, -20.7396945953, 3.49121236801, 1.25446557999, 47.7398986816, 61.9677314758, 24.569562912, -16.91431427, -12.53150177, -15.756857872, -7.84308433533, 15.4725046158, 6.34080839157], [5.6721997261, -8.88670349121, -10.5686883926, -7.03933429718, 5.9930024147, 24.569562912, 38.6218261719, 7.25919723511, -10.8962574005, -13.0420856476, -10.2703437805, -2.76618814468, 1.91342401505], [1.62719213963, 0.554381251335, -1.69876921177, -4.23023462296, -10.1220083237, -16.91431427, 7.25919723511, 42.8161964417, 12.3608608246, -8.91455745697, 0.436208039522, -11.0790910721, -4.66486597061], [60.4627342224, -3.38861680031, -5.7375831604, -13.5571975708, -15.6596660614, -12.53150177, -10.8962574005, 12.3608608246, 51.6884613037, 36.8683891296, 10.3578176498, 8.15660095215, 9.15901088715], [55.2744903564, 0.193708509207, -11.4487323761, -21.4922809601, -25.2293224335, -15.756857872, -13.0420856476, -8.91455745697, 36.8683891296, 67.4625244141, 30.3511714935, 18.7369766235, 9.5427646637], [-9.31554698944, 11.9355716705, 28.0255737305, -20.0932884216, 3.30198669434, -7.84308433533, -10.2703437805, 0.436208039522, 10.3578176498, 30.3511714935, 69.1006622314, 58.7054519653, 10.2750616074], [-7.34764385223, 6.59629487991, 45.1185340881, -21.0603733063, 30.696641922, 15.4725046158, -2.76618814468, -11.0790910721, 8.15660095215, 18.7369766235, 58.7054519653, 104.073570251, 33.6900901794], [61.0971260071, -10.7125778198, -8.88408851624, -15.2914419174, -1.82717597485, 6.34080839157, 1.91342401505, -4.66486597061, 9.15901088715, 9.5427646637, 10.2750616074, 33.6900901794, 36.7920227051]],
