{
"lowlevel": {
    "average_loudness": 0.971637666225,
    "barkbands_crest": {
        "dmean": 2.98314809799,
        "dmean2": 5.04466485977,
        "dvar": 6.54010629654,
        "dvar2": 18.6375923157,
        "max": 21.2459583282,
        "mean": 8.63559913635,
        "median": 7.86392116547,
        "min": 3.14851546288,
        "var": 11.122387886
    },
    "barkbands_flatness_db": {
        "dmean": 0.0295792259276,
        "dmean2": 0.0481479093432,
        "dvar": 0.000511956575792,
        "dvar2": 0.00129810883664,
        "max": 0.351077407598,
        "mean": 0.181370377541,
        "median": 0.174874067307,
        "min": 0.101529568434,
        "var": 0.00150879495777
    },
    "barkbands_kurtosis": {
        "dmean": 0.99751073122,
        "dmean2": 1.65699827671,
        "dvar": 1.52751290798,
        "dvar2": 3.68880486488,
        "max": 16.1320533752,
        "mean": 0.300319671631,
        "median": -0.0170896053314,
        "min": -1.58675849438,
        "var": 1.95452678204
    },
    "barkbands_skewness": {
        "dmean": 0.422643601894,
        "dmean2": 0.696472704411,
        "dvar": 0.161469295621,
        "dvar2": 0.390604138374,
        "max": 1.6190558672,
        "mean": -0.160445854068,
        "median": -0.125102132559,
        "min": -3.35887598991,
        "var": 0.361519515514
    },
    "barkbands_spread": {
        "dmean": 3.02466583252,
        "dmean2": 4.84726428986,
        "dvar": 6.57476520538,
        "dvar2": 17.9344139099,
        "max": 33.0364990234,
        "mean": 10.975063324,
        "median": 10.3346357346,
        "min": 2.47171759605,
        "var": 12.9051427841
    },
    "dissonance": {
        "dmean": 0.0289978533983,
        "dmean2": 0.0504512302577,
        "dvar": 0.000792861683294,
        "dvar2": 0.00203015608713,
        "max": 0.499999195337,
        "mean": 0.465203762054,
        "median": 0.474938213825,
        "min": 0.214564815164,
        "var": 0.00103375106119
    },
    "dynamic_complexity": 2.12570381165,
    "erbbands_crest": {
        "dmean": 3.44346523285,
        "dmean2": 6.06792640686,
        "dvar": 8.12013339996,
        "dvar2": 22.3198738098,
        "max": 23.6297874451,
        "mean": 10.046462059,
        "median": 9.30527496338,
        "min": 3.89340901375,
        "var": 12.931230545
    },
    "erbbands_flatness_db": {
        "dmean": 0.0273198448122,
        "dmean2": 0.0451269969344,
        "dvar": 0.000433912820881,
        "dvar2": 0.00112919416279,
        "max": 0.409157603979,
        "mean": 0.287337869406,
        "median": 0.282613396645,
        "min": 0.212873965502,
        "var": 0.00113330036402
    },
    "erbbands_kurtosis": {
        "dmean": 1.01480519772,
        "dmean2": 1.66185975075,
        "dvar": 1.42490470409,
        "dvar2": 3.31555461884,
        "max": 14.4735851288,
        "mean": 0.508963227272,
        "median": 0.173527002335,
        "min": -1.57314097881,
        "var": 2.20989894867
    },
    "erbbands_skewness": {
        "dmean": 0.404991805553,
        "dmean2": 0.671627104282,
        "dvar": 0.129146575928,
        "dvar2": 0.338524967432,
        "max": 1.55084145069,
        "mean": -0.176183730364,
        "median": -0.0890192985535,
        "min": -2.44647455215,
        "var": 0.303357809782
    },
    "erbbands_spread": {
        "dmean": 3.85681891441,
        "dmean2": 6.37476396561,
        "dvar": 12.9345693588,
        "dvar2": 30.4762306213,
        "max": 45.8689842224,
        "mean": 13.7836828232,
        "median": 13.0760583878,
        "min": 2.58425617218,
        "var": 22.0928592682
    },
    "hfc": {
        "dmean": 18.2214679718,
        "dmean2": 31.9781951904,
        "dvar": 329.433105469,
        "dvar2": 820.236022949,
        "max": 110.389228821,
        "mean": 20.321521759,
        "median": 12.3942642212,
        "min": 0.471462845802,
        "var": 461.803100586
    },
    "melbands_crest": {
        "dmean": 3.60727453232,
        "dmean2": 6.23447704315,
        "dvar": 9.74674129486,
        "dvar2": 27.422454834,
        "max": 27.323841095,
        "mean": 10.2754220963,
        "median": 9.54786396027,
        "min": 3.42783808708,
        "var": 16.3594856262
    },
    "melbands_flatness_db": {
        "dmean": 0.0305146928877,
        "dmean2": 0.0506351105869,
        "dvar": 0.000580994877964,
        "dvar2": 0.00146874436177,
        "max": 0.342336118221,
        "mean": 0.17640915513,
        "median": 0.171922147274,
        "min": 0.0605307891965,
        "var": 0.00170566805173
    },
    "melbands_kurtosis": {
        "dmean": 0.939687013626,
        "dmean2": 1.57985472679,
        "dvar": 0.87432461977,
        "dvar2": 2.25190210342,
        "max": 6.98958873749,
        "mean": 0.338168889284,
        "median": 0.168229103088,
        "min": -1.67240691185,
        "var": 1.15717816353
    },
    "melbands_skewness": {
        "dmean": 0.442142367363,
        "dmean2": 0.717580378056,
        "dvar": 0.16404210031,
        "dvar2": 0.380300581455,
        "max": 2.38529682159,
        "mean": 0.175225108862,
        "median": 0.183957710862,
        "min": -2.37427711487,
        "var": 0.361389875412
    },
    "melbands_spread": {
        "dmean": 6.73861074448,
        "dmean2": 11.1333503723,
        "dvar": 38.0222816467,
        "dvar2": 107.54800415,
        "max": 79.6130065918,
        "mean": 25.1204624176,
        "median": 23.4067077637,
        "min": 5.35509252548,
        "var": 80.0138092041
    },
    "pitch_salience": {
        "dmean": 0.101747445762,
        "dmean2": 0.166974455118,
        "dvar": 0.00684450613335,
        "dvar2": 0.0185802355409,
        "max": 0.884927392006,
        "mean": 0.651979744434,
        "median": 0.663456082344,
        "min": 0.293864756823,
        "var": 0.0137262968346
    },
    "silence_rate_20dB": {
        "dmean": 0,
        "dmean2": 0,
        "dvar": 0,
        "dvar2": 0,
        "max": 1,
        "mean": 1,
        "median": 1,
        "min": 1,
        "var": 0
    },
    "silence_rate_30dB": {
        "dmean": 0,
        "dmean2": 0,
        "dvar": 0,
        "dvar2": 0,
        "max": 1,
        "mean": 1,
        "median": 1,
        "min": 1,
        "var": 0
    },
    "silence_rate_60dB": {
        "dmean": 0.195238098502,
        "dmean2": 0.39109697938,
        "dvar": 0.157119482756,
        "dvar2": 0.317629754543,
        "max": 1,
        "mean": 0.231378763914,
        "median": 0,
        "min": 0,
        "var": 0.177842527628
    },
    "spectral_centroid": {
        "dmean": 301.628631592,
        "dmean2": 495.021118164,
        "dvar": 75461.109375,
        "dvar2": 200771.890625,
        "max": 3714.7644043,
        "mean": 2097.42382812,
        "median": 2087.1875,
        "min": 700.652160645,
        "var": 213277.0625
    },
    "spectral_complexity": {
        "dmean": 6.86825418472,
        "dmean2": 11.1367254257,
        "dvar": 30.6985206604,
        "dvar2": 76.8402099609,
        "max": 42,
        "mean": 14.0079240799,
        "median": 13,
        "min": 0,
        "var": 54.0141716003
    },
    "spectral_decrease": {
        "dmean": 2.13629447465e-09,
        "dmean2": 3.72356234735e-09,
        "dvar": 3.97601235908e-18,
        "dvar2": 1.03334487504e-17,
        "max": -5.65572519373e-11,
        "mean": -2.60563903787e-09,
        "median": -1.79195025485e-09,
        "min": -1.1038440384e-08,
        "var": 5.97327014018e-18
    },
    "spectral_energy": {
        "dmean": 0.00969663262367,
        "dmean2": 0.0169311054051,
        "dvar": 8.19044653326e-05,
        "dvar2": 0.000211382488487,
        "max": 0.0476485602558,
        "mean": 0.0116774952039,
        "median": 0.00791613012552,
        "min": 0.000260613800492,
        "var": 0.000121448145364
    },
    "spectral_energyband_high": {
        "dmean": 0.000212530881981,
        "dmean2": 0.000375491508748,
        "dvar": 1.24543305446e-07,
        "dvar2": 3.39145287853e-07,
        "max": 0.00296500348486,
        "mean": 0.000204966869205,
        "median": 7.28665108909e-05,
        "min": 6.52425626413e-07,
        "var": 1.24608618535e-07
    },
    "spectral_energyband_low": {
        "dmean": 9.0181165433e-06,
        "dmean2": 1.56308815349e-05,
        "dvar": 1.05564897102e-10,
        "dvar2": 2.79350542698e-10,
        "max": 7.25881400285e-05,
        "mean": 1.09347538455e-05,
        "median": 7.07489152774e-06,
        "min": 1.91992526766e-07,
        "var": 1.21518073382e-10
    },
    "spectral_energyband_middle_high": {
        "dmean": 0.00879421643913,
        "dmean2": 0.0154479471967,
        "dvar": 6.98143339832e-05,
        "dvar2": 0.000179065362317,
        "max": 0.0416767112911,
        "mean": 0.009775868617,
        "median": 0.00634768651798,
        "min": 0.000209996214835,
        "var": 9.60465913522e-05
    },
    "spectral_energyband_middle_low": {
        "dmean": 0.00111657218076,
        "dmean2": 0.00170865457039,
        "dvar": 2.49883851211e-06,
        "dvar2": 4.94554024044e-06,
        "max": 0.0182485040277,
        "mean": 0.00171242712531,
        "median": 0.000858730345499,
        "min": 3.77874494006e-05,
        "var": 6.4543287408e-06
    },
    "spectral_entropy": {
        "dmean": 0.256543755531,
        "dmean2": 0.429421186447,
        "dvar": 0.058454439044,
        "dvar2": 0.145667925477,
        "max": 7.90439462662,
        "mean": 7.25041103363,
        "median": 7.32982778549,
        "min": 5.67342758179,
        "var": 0.108576536179
    },
    "spectral_flux": {
        "dmean": 0.0370499752462,
        "dmean2": 0.063159942627,
        "dvar": 0.00122245820239,
        "dvar2": 0.00245589250699,
        "max": 0.191071107984,
        "mean": 0.0796017870307,
        "median": 0.0784383118153,
        "min": 0.0112019730732,
        "var": 0.00185306021012
    },
    "spectral_kurtosis": {
        "dmean": 5.81251239777,
        "dmean2": 10.693022728,
        "dvar": 31.4364700317,
        "dvar2": 106.5207901,
        "max": 32.6241264343,
        "mean": 9.94747638702,
        "median": 8.33708572388,
        "min": 1.89755105972,
        "var": 31.645116806
    },
    "spectral_rms": {
        "dmean": 0.00144001247827,
        "dmean2": 0.00244917324744,
        "dvar": 1.55715599703e-06,
        "dvar2": 4.02069781558e-06,
        "max": 0.00681809335947,
        "mean": 0.00296290894039,
        "median": 0.00277903815731,
        "min": 0.000504239404108,
        "var": 2.61384479927e-06
    },
    "spectral_rolloff": {
        "dmean": 413.232177734,
        "dmean2": 716.757324219,
        "dvar": 162657.890625,
        "dvar2": 413973.53125,
        "max": 4909.5703125,
        "mean": 2450.00805664,
        "median": 2476.31835938,
        "min": 990.52734375,
        "var": 355466.84375
    },
    "spectral_skewness": {
        "dmean": 0.545653402805,
        "dmean2": 0.993346393108,
        "dvar": 0.242522925138,
        "dvar2": 0.818456590176,
        "max": 3.99645090103,
        "mean": 1.70083355904,
        "median": 1.63360762596,
        "min": 0.0899762809277,
        "var": 0.305821597576
    },
    "spectral_spread": {
        "dmean": 300561.40625,
        "dmean2": 518751.65625,
        "dvar": 132361691136,
        "dvar2": 260960452608,
        "max": 9567187,
        "mean": 2050451.625,
        "median": 2007815.75,
        "min": 1109310.625,
        "var": 176956391424
    },
    "spectral_strongpeak": {
        "dmean": 1.20284640789,
        "dmean2": 2.00171732903,
        "dvar": 2.91178512573,
        "dvar2": 6.5240521431,
        "max": 15.8122577667,
        "mean": 1.99503493309,
        "median": 1.31851267815,
        "min": 0.0729166045785,
        "var": 4.74041461945
    },
    "zerocrossingrate": {
        "dmean": 0.00589192705229,
        "dmean2": 0.00763240270317,
        "dvar": 2.58631826e-05,
        "dvar2": 3.9329748688e-05,
        "max": 0.12353515625,
        "mean": 0.0764868184924,
        "median": 0.07421875,
        "min": 0.021484375,
        "var": 0.00022789054492
    },
    "barkbands": {
        "dmean": [6.8476862225e-07, 7.53307813284e-06, 1.6731529513e-06, 3.64424568033e-06, 5.10531535838e-05, 3.10728064505e-05, 0.000527031894308, 0.000170643121237, 0.0005376150948, 0.000403868820285, 0.000982829369605, 0.00126334547531, 0.00138098094612, 0.00132747378666, 0.00098234496545, 0.00107757002115, 0.00116113119293, 0.00102896068711, 0.000751215906348, 0.000250885437708, 0.000106624807813, 3.00120718748e-05, 1.29342888613e-05, 4.56939415017e-06, 2.30664682022e-06, 7.99130589257e-07, 2.20353598479e-07],
        "dmean2": [1.18738432775e-06, 1.32600298457e-05, 3.01315117213e-06, 6.33154195384e-06, 8.77680940903e-05, 4.92079198011e-05, 0.00070901523577, 0.000257801701082, 0.000890360330231, 0.000737651193049, 0.00175589602441, 0.00218642828986, 0.00245530926622, 0.00239302054979, 0.00172246294096, 0.00189654412679, 0.00209337775595, 0.00184728170279, 0.00132679729722, 0.000429556792369, 0.000187162964721, 5.51861194253e-05, 2.33416994888e-05, 8.30685530673e-06, 4.21872164225e-06, 1.4798349639e-06, 4.11597056882e-07],
        "dvar": [6.10889106228e-13, 7.87797119206e-11, 4.37114103594e-12, 2.53481836215e-11, 2.05949657328e-08, 2.57501642231e-09, 1.02190358575e-06, 9.35506676569e-08, 1.33130060931e-06, 6.53721997423e-07, 4.57009036836e-06, 3.77264996132e-06, 4.01240504289e-06, 4.5462484195e-06, 2.28911221711e-06, 2.84084126179e-06, 2.90047069029e-06, 2.51082337854e-06, 3.33575690092e-06, 2.27441347533e-07, 3.98409625291e-08, 2.18543871888e-09, 4.46818915201e-10, 5.55612882092e-11, 2.04882118215e-11, 1.90886412579e-12, 1.44649781519e-13],
        "dvar2": [1.73362929914e-12, 2.17108331313e-10, 1.19800671119e-11, 6.46944095517e-11, 4.88294134016e-08, 5.28393417909e-09, 1.41883776905e-06, 2.15626371869e-07, 2.69208362624e-06, 1.82073142696e-06, 1.25792366816e-05, 1.00598326753e-05, 1.11995786938e-05, 1.13302403406e-05, 5.72008821109e-06, 6.37744915366e-06, 7.4991553447e-06, 6.44131932859e-06, 8.4906914708e-06, 5.70286488255e-07, 1.06426263358e-07, 6.15575013185e-09, 1.1693583879e-09, 1.50377474362e-10, 5.10243861052e-11, 5.27655653546e-12, 4.0135215572e-13],
        "max": [8.3610357251e-06, 6.05996901868e-05, 1.42455210153e-05, 4.38985007349e-05, 0.00190215976909, 0.000681956589688, 0.0175064448267, 0.00367512088269, 0.0142935384065, 0.00666801072657, 0.0294856131077, 0.0144275417551, 0.0166210699826, 0.0163876768202, 0.0177221726626, 0.0208500530571, 0.0150436814874, 0.0163679234684, 0.0198175068945, 0.00447153486311, 0.00193417270202, 0.000300650252029, 0.000202862385777, 5.89427254454e-05, 5.63032881473e-05, 1.65196797752e-05, 2.50190851148e-06],
        "mean": [7.40510415653e-07, 7.53686390453e-06, 1.45747173974e-06, 4.89449666929e-06, 5.29219687451e-05, 3.89881279261e-05, 0.000788901408669, 0.000227079697652, 0.000549254880752, 0.000332600349793, 0.00091210094979, 0.00136612367351, 0.00136282865424, 0.00123416632414, 0.000865542213432, 0.00100920686964, 0.00103357201442, 0.000832849938888, 0.000676826224662, 0.000242685549892, 9.57177981036e-05, 2.44374878093e-05, 1.09929324026e-05, 3.5542450405e-06, 1.82297367246e-06, 5.57819191727e-07, 1.52015473986e-07],
        "median": [5.30506099494e-07, 4.22221819463e-06, 6.57512487123e-07, 2.37872268372e-06, 1.6886722733e-05, 1.41636737681e-05, 0.000148955004988, 7.46015866753e-05, 0.000130282933242, 7.58130117902e-05, 0.000157476693857, 0.000359831785318, 0.000424813479185, 0.000275224068901, 0.00024803794804, 0.000343862338923, 0.000269077398116, 0.000271822325885, 0.000143059587572, 6.38772471575e-05, 2.1673135052e-05, 5.75589047003e-06, 2.42229543801e-06, 6.96346830864e-07, 2.21146436274e-07, 8.44491907515e-08, 1.90849895887e-08],
        "min": [3.14317127881e-09, 1.68817297919e-08, 1.05131219286e-08, 2.57702765794e-08, 3.6674242665e-07, 2.21329543137e-07, 3.54474536834e-07, 8.08548236364e-07, 3.87024738302e-06, 6.01650526733e-07, 1.92695142687e-06, 3.70473685507e-06, 4.40110807176e-06, 4.46195690529e-06, 5.81830363444e-06, 7.82687402534e-06, 8.70952590049e-06, 4.18284844272e-06, 1.58044122145e-06, 1.09199970666e-06, 1.85899480698e-07, 1.09319898911e-07, 5.49272876071e-08, 3.63858987384e-08, 1.73919705304e-08, 6.48274856019e-09, 3.73189923408e-09],
        "var": [5.96013798211e-13, 7.63898250211e-11, 3.92434999427e-12, 4.33364316654e-11, 2.26659029323e-08, 4.32518154625e-09, 4.05759419664e-06, 1.83851824431e-07, 1.92327934201e-06, 4.89144724725e-07, 5.73414763494e-06, 4.9938266784e-06, 4.42671398559e-06, 5.69165331399e-06, 2.48629226007e-06, 3.7718511976e-06, 3.47077025253e-06, 2.19697017201e-06, 3.45713056049e-06, 2.54748073303e-07, 3.90311640786e-08, 1.79860903948e-09, 4.80678996606e-10, 4.57884494209e-11, 2.4113365818e-11, 1.36451126006e-12, 9.95540455628e-14]
    },
    "erbbands": {
        "dmean": [0.000235199622693, 0.00167243822943, 0.002391573973, 0.00622346159071, 0.0564744509757, 0.230490982533, 0.280114978552, 0.303300619125, 3.80375003815, 8.86826992035, 4.03744983673, 11.9365110397, 8.71007633209, 31.5947303772, 33.0874633789, 51.645904541, 60.6883430481, 54.6295776367, 59.735118866, 55.2025604248, 53.9800643921, 63.0406799316, 56.9229469299, 57.6983375549, 21.368560791, 11.5264034271, 5.2741150856, 2.85545897484, 1.20222222805, 0.615926027298, 0.317429929972, 0.136864796281, 0.0604181066155, 0.0296698641032, 0.0134890479967, 0.00435840990394, 0.00132100202609, 0.000338740064763, 4.72940919281e-05, 1.41489335874e-05],
        "dmean2": [0.000410033535445, 0.00299282255583, 0.00430626841262, 0.0106860762462, 0.0965798050165, 0.391765415668, 0.455481261015, 0.506135702133, 5.80115890503, 11.9357032776, 5.78204011917, 19.6571464539, 15.0428009033, 57.2998924255, 57.0871810913, 89.4782791138, 108.885681152, 95.2845230103, 106.372612, 95.8922958374, 92.9251480103, 113.465583801, 101.230949402, 102.883094788, 37.6487159729, 19.8074798584, 9.13231372833, 5.20646381378, 2.2054104805, 1.0946726799, 0.576401472092, 0.249288901687, 0.109739936888, 0.0535372756422, 0.0248695518821, 0.00806690473109, 0.00245223962702, 0.00063121545827, 8.70309377206e-05, 2.48271026067e-05],
        "dvar": [7.39879908451e-08, 4.08776941185e-06, 8.44467740535e-06, 7.18559676898e-05, 0.0135606890544, 0.49394518137, 0.413848429918, 0.215973675251, 40.8165550232, 325.746917725, 42.7872161865, 791.049621582, 236.625167847, 2937.32397461, 3565.93017578, 5740.44433594, 8607.37402344, 4830.54980469, 6918.16650391, 5559.64160156, 6628.56787109, 8253.21484375, 9326.16601562, 14118.0019531, 1184.44702148, 495.618041992, 83.9806976318, 38.9597587585, 4.25204658508, 1.02213525772, 0.209136143327, 0.0435036867857, 0.0111705530435, 0.00285826204345, 0.000908183283173, 7.8104705608e-05, 4.24200698035e-06, 2.93209239999e-07, 6.07915584538e-09, 1.80856579712e-10],
        "dvar2": [2.04658505254e-07, 1.11907593237e-05, 2.2850894311e-05, 0.000189768761629, 0.0354033894837, 1.11606776714, 1.02325570583, 0.525097846985, 84.0643844604, 526.944885254, 76.1700820923, 1523.95751953, 633.156982422, 8059.734375, 9915.0625, 15383.6376953, 24163.0292969, 12706.5107422, 18610.4960938, 13359.5576172, 13812.5673828, 21431.7167969, 23092.9921875, 35975.5859375, 3073.3203125, 1289.3918457, 216.114868164, 110.735794067, 12.3265304565, 2.70796346664, 0.557822346687, 0.120233312249, 0.0295661929995, 0.00685550831258, 0.00238918070681, 0.000217905573663, 1.1631516827e-05, 8.18339742636e-07, 1.68004081758e-08, 4.59450227863e-10],
        "max": [0.00196854164824, 0.0128003545105, 0.0164138786495, 0.0830719769001, 1.70666360855, 11.5078744888, 5.33155584335, 3.78409719467, 83.4519042969, 291.842132568, 99.1670227051, 343.962249756, 144.782196045, 381.471710205, 842.674926758, 566.782287598, 573.431640625, 527.352600098, 667.760559082, 918.965576172, 1146.15466309, 787.868835449, 1142.83740234, 1288.10876465, 246.609176636, 162.176895142, 102.941207886, 61.688583374, 15.452507019, 11.2577066422, 3.54497909546, 1.57216084003, 0.676135778427, 0.680779337883, 0.49360960722, 0.131143584847, 0.0158463940024, 0.00326876179315, 0.000572669669054, 7.36466317903e-05],
        "mean": [0.000247335381573, 0.00154661829583, 0.00220148684457, 0.00901084020734, 0.0713654235005, 0.222710639238, 0.30590826273, 0.387703061104, 5.08643865585, 13.1685209274, 6.2693529129, 12.8520755768, 8.67938327789, 27.2549552917, 34.5035934448, 56.9471206665, 58.9283256531, 55.4586715698, 54.0462112427, 54.78723526, 52.8935394287, 57.8742828369, 49.7969055176, 49.1571426392, 20.3351535797, 11.4069261551, 5.15784454346, 2.42311906815, 0.98881983757, 0.570165276527, 0.266833335161, 0.105859398842, 0.0466795451939, 0.0241023581475, 0.0104384971783, 0.00312503939494, 0.000928792986088, 0.000235009123571, 3.57273420377e-05, 1.65259789355e-05],
        "median": [0.000142753808177, 0.000754264357965, 0.00106080179103, 0.00466982228681, 0.0278158988804, 0.0550352670252, 0.0990814194083, 0.164498493075, 1.18148469925, 2.64134550095, 2.5656671524, 3.13160586357, 3.3284842968, 7.2824048996, 11.7661046982, 18.7387256622, 20.8588829041, 18.9646873474, 15.4277744293, 20.4554405212, 19.8838539124, 17.3348007202, 18.0519504547, 10.3827571869, 6.71745872498, 3.09874749184, 1.55903160572, 0.644311904907, 0.254700303078, 0.139298528433, 0.0564341209829, 0.0224647652358, 0.00789124984294, 0.00335298362188, 0.00125076447148, 0.000460924522486, 0.000148717095726, 3.91159519495e-05, 1.00560982901e-05, 1.08183830889e-05],
        "min": [1.37263396027e-06, 5.50653976461e-06, 3.99003365601e-05, 0.000234152030316, 0.000771869323216, 0.000941920676269, 0.00129196618218, 0.00356858014129, 0.00291632348672, 0.0321370661259, 0.0320311225951, 0.103293977678, 0.0377435237169, 0.0650890916586, 0.175958678126, 0.259445935488, 0.592620193958, 0.649259567261, 0.267331153154, 0.363759696484, 0.459817200899, 0.588007092476, 0.195605069399, 0.162558823824, 0.100138634443, 0.0571431368589, 0.00891397148371, 0.00933497585356, 0.00354307168163, 0.00235563167371, 0.00151003245264, 0.000650775211398, 0.000368083274225, 0.000203406234505, 9.14363990887e-05, 3.21296611219e-05, 1.11153185571e-05, 3.08305766339e-06, 7.6624888834e-07, 4.77197829696e-07],
        "var": [7.7245836394e-08, 3.70271754946e-06, 7.67786696088e-06, 0.000128746090923, 0.0163064710796, 0.604569494724, 0.429587036371, 0.287182897329, 113.552742004, 1110.63354492, 116.741088867, 1154.10107422, 246.677093506, 2681.55908203, 4536.20556641, 7704.82226562, 8073.41845703, 6763.60839844, 7708.28125, 7381.01367188, 9665.19628906, 9826.83886719, 8471.62597656, 14571.078125, 1254.02197266, 549.767150879, 94.8685684204, 29.723526001, 3.40245604515, 1.10721254349, 0.213234826922, 0.0355503857136, 0.00952705927193, 0.00389115489088, 0.000918146572076, 5.59119143873e-05, 3.16238038067e-06, 2.02949820505e-07, 4.39761738136e-09, 2.57684540372e-10]
    },
    "gfcc": {
        "mean": [-101.533531189, 69.997756958, -225.714859009, -2.37561368942, -49.0056495667, -8.35583305359, -26.4565792084, 3.31637692451, -12.9753246307, 1.57857573032, -4.34988975525, -0.122152075171, -11.0253419876],
        "cov": [[3737.5246582, -1127.89489746, -342.709442139, 126.99180603, -0.485497653484, 110.750152588, -57.8993225098, 55.1545944214, -15.6313772202, 51.8344650269, 60.5149917603, 86.6920318604, -27.4457969666], [-1127.89489746, 1006.73095703, 139.83795166, -280.418884277, 32.918636322, -93.6777877808, 75.0410690308, -123.836555481, 5.90173006058, -63.6174659729, 22.6341457367, 10.4570560455, 40.786239624], [-342.709442139, 139.83795166, 231.955429077, 39.6018104553, 12.8910160065, 27.4659156799, -50.3574485779, 8.34934234619, -46.7504386902, -11.0132074356, -41.20104599, 21.6301841736, -4.96650075912], [126.99180603, -280.418884277, 39.6018104553, 274.26940918, 32.0848083496, 18.1185359955, -19.1785182953, 39.6931686401, -8.06750869751, 22.794626236, -23.3235359192, -31.3712806702, -22.0035991669], [-0.485497653484, 32.918636322, 12.8910160065, 32.0848083496, 115.477554321, 45.659324646, 2.78853130341, 6.74586200714, -1.76758992672, -18.5833721161, -8.57828807831, -3.31136846542, -1.74504446983], [110.750152588, -93.6777877808, 27.4659156799, 18.1185359955, 45.659324646, 135.661010742, 6.59004116058, 13.3144054413, -11.9239435196, 3.61080884933, -26.6780319214, 7.86460828781, 7.43458509445], [-57.8993225098, 75.0410690308, -50.3574485779, -19.1785182953, 2.78853130341, 6.59004116058, 117.939048767, 13.936955452, 18.9153499603, 16.5275039673, 15.0638341904, -23.4072113037, -8.84118461609], [55.1545944214, -123.836555481, 8.34934234619, 39.6931686401, 6.74586200714, 13.3144054413, 13.936955452, 109.380256653, 34.0671691895, 21.5169029236, 32.3787994385, -1.44980466366, -31.6053314209], [-15.6313772202, 5.90173006058, -46.7504386902, -8.06750869751, -1.76758992672, -11.9239435196, 18.9153499603, 34.0671691895, 104.108467102, 40.4401283264, 45.3763809204, 20.380821228, -7.76122808456], [51.8344650269, -63.6174659729, -11.0132074356, 22.794626236, -18.5833721161, 3.61080884933, 16.5275039673, 21.5169029236, 40.4401283264, 87.6699371338, 50.9357376099, 14.7192649841, -3.81801056862], [60.5149917603, 22.6341457367, -41.20104599, -23.3235359192, -8.57828807831, -26.6780319214, 15.0638341904, 32.3787994385, 45.3763809204, 50.9357376099, 137.868591309, 48.8952140808, -20.0159358978], [86.6920318604, 10.4570560455, 21.6301841736, -31.3712806702, -3.31136846542, 7.86460828781, -23.4072113037, -1.44980466366, 20.380821228, 14.7192649841, 48.8952140808, 115.17729187, 36.8271980286], [-27.4457969666, 40.786239624, -4.96650075912, -22.0035991669, -1.74504446983, 7.43458509445, -8.84118461609, -31.6053314209, -7.76122808456, -3.81801056862, -20.0159358978, 36.8271980286, 91.2691345215]],
        "icov": [[0.000503392075188, 0.000771323859226, 0.000190203252714, 0.000412107357988, -0.000423088262323, 0.000105043043732, -0.000244715658482, 0.000545851245988, 0.000175693290657, 0.000146231977851, -0.000252166035352, -0.000444527744548, 0.000210184371099], [0.000771323859226, 0.00827529560775, -0.0101268840954, 0.00685989111662, -0.00510831456631, 0.00523485988379, -0.00767898838967, 0.00957266613841, -0.00628813216463, 0.00616103922948, -0.00688292644918, 0.00506743974984, -0.00414759432897], [0.000190203252714, -0.0101268840954, 0.0216071121395, -0.00915492139757, 0.00567312166095, -0.00733621744439, 0.0123550482094, -0.0141967777163, 0.0128520885482, -0.010549062863, 0.012520307675, -0.0118009261787, 0.00869715306908], [0.000412107357988, 0.00685989111662, -0.00915492139757, 0.0105347307399, -0.0059834914282, 0.00505284918472, -0.00544499140233, 0.00624748226255, -0.00456744851544, 0.00242623803206, -0.00433732196689, 0.00548675889149, -0.00324207427911], [-0.000423088262323, -0.00510831456631, 0.00567312166095, -0.0059834914282, 0.0147068370134, -0.00766784697771, 0.00420769955963, -0.00516407424584, 0.00188750575762, 0.00120718008839, 0.00186095491517, -0.00209820689633, 0.00201264652424], [0.000105043043732, 0.00523485988379, -0.00733621744439, 0.00505284918472, -0.00766784697771, 0.013910593465, -0.0062494892627, 0.00420866068453, -0.00237085274421, 0.000566636037547, -0.000627789238933, 0.00130838586483, -0.00276003521867], [-0.000244715658482, -0.00767898838967, 0.0123550482094, -0.00544499140233, 0.00420769955963, -0.0062494892627, 0.0181918106973, -0.010387330316, 0.00626653851941, -0.00799349695444, 0.00614346237853, -0.00283395708539, 0.00416165171191], [0.000545851245988, 0.00957266613841, -0.0141967777163, 0.00624748226255, -0.00516407424584, 0.00420866068453, -0.010387330316, 0.024448774755, -0.012178260833, 0.0087606953457, -0.0113861206919, 0.00753946742043, -0.00256987195462], [0.000175693290657, -0.00628813216463, 0.0128520885482, -0.00456744851544, 0.00188750575762, -0.00237085274421, 0.00626653851941, -0.012178260833, 0.0217383764684, -0.0119798313826, 0.00715410429984, -0.00904002599418, 0.00564417429268], [0.000146231977851, 0.00616103922948, -0.010549062863, 0.00242623803206, 0.00120718008839, 0.000566636037547, -0.00799349695444, 0.0087606953457, -0.0119798313826, 0.0254534389824, -0.0137419430539, 0.00717771518975, -0.00632591964677], [-0.000252166035352, -0.00688292644918, 0.012520307675, -0.00433732196689, 0.00186095491517, -0.000627789238933, 0.00614346237853, -0.0113861206919, 0.00715410429984, -0.0137419430539, 0.0225396752357, -0.0137614645064, 0.00990398414433], [-0.000444527744548, 0.00506743974984, -0.0118009261787, 0.00548675889149, -0.00209820689633, 0.00130838586483, -0.00283395708539, 0.00753946742043, -0.00904002599418, 0.00717771518975, -0.0137614645064, 0.0219579190016, -0.0118744894862], [0.000210184371099, -0.00414759432897, 0.00869715306908, -0.00324207427911, 0.00201264652424, -0.00276003521867, 0.00416165171191, -0.00256987195462, 0.00564417429268, -0.00632591964677, 0.00990398414433, -0.0118744894862, 0.0195201765746]]
    },
    "melbands": {
        "dmean": [2.08887718145e-06, 1.55029954385e-06, 2.10258758671e-06, 9.52641494223e-06, 1.04179653135e-05, 7.69012603996e-06, 7.54770517233e-05, 8.43572270242e-05, 3.37028286594e-05, 8.26857212815e-05, 4.09956192016e-05, 0.000121351309645, 0.000126678918605, 0.000156603317009, 8.61021617311e-05, 0.000163882141351, 0.000100636898424, 0.000111823319457, 8.90554365469e-05, 8.34935271996e-05, 5.85001980653e-05, 6.10094830336e-05, 6.4422878495e-05, 4.78012661915e-05, 4.96981265314e-05, 2.20304391405e-05, 1.16266755867e-05, 6.24371796221e-06, 3.88220860259e-06, 2.11534347727e-06, 1.45569640608e-06, 6.94578830007e-07, 4.63225745762e-07, 3.22851320789e-07, 1.87061928614e-07, 1.25530206674e-07, 6.88628460921e-08, 4.29762181398e-08, 3.42501600414e-08, 2.20614708724e-08],
        "dmean2": [3.64452057511e-06, 2.78552442978e-06, 3.6379476569e-06, 1.65411129274e-05, 1.71965057234e-05, 1.28150959426e-05, 0.000107300547825, 0.000115193011879, 4.96143329656e-05, 0.000136802729685, 7.1010334068e-05, 0.000220189322135, 0.000222564383876, 0.0002682931663, 0.000152029198944, 0.000291373435175, 0.000175912442501, 0.000200936759938, 0.000156942012836, 0.000148378210724, 0.000100797449704, 0.000109821259684, 0.000115878807264, 8.58120838529e-05, 8.88161885086e-05, 3.88126209145e-05, 1.9811130187e-05, 1.076909939e-05, 6.59045599605e-06, 3.88373427995e-06, 2.64254163085e-06, 1.27498981328e-06, 8.44618682549e-07, 5.75266881242e-07, 3.40567993362e-07, 2.27850605938e-07, 1.25567652276e-07, 7.82417615142e-08, 6.14089614714e-08, 4.01016357898e-08],
        "dvar": [5.82973946894e-12, 3.52476142891e-12, 1.05385448632e-11, 7.60410567846e-10, 6.40024977461e-10, 1.71213848654e-10, 1.7654997464e-08, 2.68323248065e-08, 4.60157734139e-09, 3.48360700286e-08, 5.76074388192e-09, 4.49729746776e-08, 8.24999872862e-08, 6.82388474615e-08, 1.39822571299e-08, 5.42771303458e-08, 2.12835100655e-08, 3.45559811876e-08, 2.21886882201e-08, 1.58486184176e-08, 7.9113045004e-09, 7.31296179168e-09, 9.62019086614e-09, 5.99711791338e-09, 1.31724977592e-08, 1.51866808018e-09, 5.95561322481e-10, 1.67729150014e-10, 5.69603982037e-11, 2.32179796222e-11, 9.44450420648e-12, 1.38073894766e-12, 7.42498998483e-13, 3.58934372025e-13, 7.17767384699e-14, 3.50883737213e-14, 1.32707870572e-14, 6.06369499357e-15, 4.32875806529e-15, 1.73502734905e-15],
        "dvar2": [1.61141672922e-11, 9.44429083549e-12, 2.62288749747e-11, 1.74470382586e-09, 1.5774845874e-09, 4.33104913045e-10, 2.79135399239e-08, 4.64692000435e-08, 8.12718692345e-09, 6.94675037494e-08, 1.5463539782e-08, 1.23412249309e-07, 2.26917777013e-07, 1.78527088224e-07, 3.87198291207e-08, 1.51832040274e-07, 5.39376614483e-08, 9.14127511464e-08, 5.47038823129e-08, 3.92352959011e-08, 1.76926455708e-08, 1.94362339556e-08, 2.3708619068e-08, 1.50573260527e-08, 3.36336754003e-08, 3.94070198695e-09, 1.47041234744e-09, 4.53354381813e-10, 1.37028832725e-10, 6.76492334373e-11, 2.62459377148e-11, 4.01796824978e-12, 2.13617014702e-12, 9.31944734057e-13, 1.91546499257e-13, 9.81761601269e-14, 3.67690598834e-14, 1.6196850515e-14, 1.10301926352e-14, 4.05971456674e-15],
        "max": [1.68520746229e-05, 1.11722356451e-05, 3.09891984216e-05, 0.000418177689426, 0.000246634706855, 0.000105322353193, 0.00215269252658, 0.00254984525964, 0.00102740176953, 0.00251824967563, 0.000712062465027, 0.00150090525858, 0.00420913472772, 0.00215577590279, 0.000832742603961, 0.00201441440731, 0.00128397264052, 0.00142748700455, 0.00183416751679, 0.00127222039737, 0.00107367685996, 0.000641238526441, 0.000796856998932, 0.000944394792896, 0.00126789906062, 0.000306748639559, 0.000282244116534, 8.83457905729e-05, 0.000106158462586, 4.72228894068e-05, 2.83902609226e-05, 1.00617562566e-05, 1.01934592749e-05, 5.96978270551e-06, 1.96424571186e-06, 1.46595107253e-06, 9.69444613474e-07, 5.41204940419e-07, 6.73095200909e-07, 5.87982810885e-07],
        "mean": [2.19428125092e-06, 1.45678177432e-06, 2.97535007121e-06, 1.03607962956e-05, 1.08628910311e-05, 8.57163104229e-06, 0.000108852778794, 0.000124848505948, 4.71015955554e-05, 8.58148559928e-05, 3.97950025217e-05, 0.000103165228211, 0.000122479017591, 0.000176050118171, 7.92329883552e-05, 0.000162835101946, 9.67193191173e-05, 9.85282022157e-05, 7.5188203482e-05, 7.90568010416e-05, 5.54909966013e-05, 5.39322900295e-05, 5.78120416321e-05, 3.88912085327e-05, 4.1547435103e-05, 2.0599391064e-05, 1.03106531242e-05, 6.19030834059e-06, 3.95064580516e-06, 1.72499403561e-06, 1.20290781069e-06, 5.38618337487e-07, 3.88864521028e-07, 3.00838820522e-07, 1.54271916131e-07, 9.61253832088e-08, 5.27182493215e-08, 3.26010685114e-08, 2.67826241185e-08, 1.79750525575e-08],
        "median": [1.31102297019e-06, 7.2215794944e-07, 1.45938338392e-06, 3.26835652231e-06, 3.49525180354e-06, 2.94953952107e-06, 2.2731250283e-05, 3.11421354127e-05, 1.6788028006e-05, 1.95811717276e-05, 1.31578699438e-05, 2.50858702202e-05, 2.6986010198e-05, 4.33294044342e-05, 2.82173677988e-05, 4.80903327116e-05, 2.57020165009e-05, 2.00754220714e-05, 1.89411111933e-05, 2.74677749985e-05, 1.88080157386e-05, 1.58656566782e-05, 1.87315872608e-05, 1.22369438031e-05, 7.17623333912e-06, 5.97800590185e-06, 2.01046123038e-06, 1.84515170076e-06, 1.11712677153e-06, 3.91622961615e-07, 2.94493133879e-07, 1.15275732071e-07, 9.34938242381e-08, 6.9784697132e-08, 3.25096749521e-08, 2.02199412769e-08, 1.04776223253e-08, 5.75482994591e-09, 3.73105546458e-09, 2.26163621164e-09],
        "min": [1.7303976918e-08, 1.09951967531e-08, 6.48238724921e-08, 4.2433619285e-08, 4.14992733511e-08, 3.74388058333e-08, 4.5439044527e-08, 3.25770571408e-07, 9.65862412272e-08, 4.63095261694e-07, 1.017290856e-07, 1.509813643e-07, 4.2349606133e-07, 4.2092378294e-07, 6.70368194733e-07, 4.44032252744e-07, 6.84712688326e-07, 3.82931148124e-07, 4.33987253246e-07, 3.49875875827e-07, 3.87188663353e-07, 5.02873774622e-07, 8.22709012027e-08, 1.94805508613e-07, 1.22739280073e-07, 4.38092122579e-08, 3.10514174373e-08, 2.17954809756e-08, 4.09224121256e-09, 4.33702362912e-09, 5.83087844674e-09, 1.70163128033e-09, 2.24701035556e-09, 8.6623880291e-10, 6.28754437404e-10, 5.38464162148e-10, 3.02887881443e-10, 2.34817360001e-10, 1.81082801531e-10, 1.24295990167e-10],
        "var": [5.93615955002e-12, 3.22137065287e-12, 1.83857755409e-11, 9.13200959296e-10, 6.45845710245e-10, 1.96309149492e-10, 6.57765610868e-08, 8.67881979616e-08, 9.11536712778e-09, 5.06989579208e-08, 6.01271343825e-09, 3.96695831739e-08, 1.05605046485e-07, 9.74830243194e-08, 1.24807870705e-08, 6.44289173124e-08, 2.89710015977e-08, 3.79081548374e-08, 2.32666774735e-08, 1.95943563597e-08, 1.06288950974e-08, 8.1481337233e-09, 1.12140936537e-08, 5.47487921665e-09, 1.34385009787e-08, 1.59456436943e-09, 6.2401478429e-10, 1.67807753804e-10, 7.07311639814e-11, 1.72876730292e-11, 7.46575717914e-12, 1.06201245714e-12, 5.73368338485e-13, 3.98544234724e-13, 6.91998609565e-14, 2.97444360808e-14, 1.02035325244e-14, 4.87459922552e-15, 4.44643847024e-15, 2.54719832602e-15]
    },
    "mfcc": {
        "mean": [-717.066162109, 107.000999451, -106.591796875, 1.28786492348, -18.3961982727, -8.46094703674, -9.07799530029, 0.913109660149, -7.1626200676, 0.90122961998, 3.33462285995, 6.47408103943, 2.90091967583],
        "cov": [[3871.16235352, -1120.79162598, -364.564971924, -8.77822494507, -17.0520401001, 81.3001327515, -24.3012142181, 58.3412246704, -95.8124542236, 4.16678285599, 54.0148200989, 0.287120610476, 49.6185951233], [-1120.79162598, 1070.84619141, 48.431427002, -158.207138062, -49.459274292, -15.0902576447, -0.224283516407, -22.0518436432, -4.10885095596, -105.902503967, -44.9214096069, -1.55071926117, -47.5265922546], [-364.564971924, 48.431427002, 191.428268433, 37.8610801697, 35.1138267517, 1.41267681122, 4.85254001617, -11.9372787476, 11.4087867737, -17.1615753174, -11.3050003052, -21.5486927032, -17.125005722], [-8.77822494507, -158.207138062, 37.8610801697, 187.282714844, 27.9292030334, -10.1904840469, 13.6856536865, -11.0068340302, 0.213078185916, 34.937046051, 6.64122819901, 14.7442941666, 9.09192276001], [-17.0520401001, -49.459274292, 35.1138267517, 27.9292030334, 151.445037842, 21.0892486572, 0.720746517181, 26.0823974609, -11.4049091339, -5.6155591011, -1.17579722404, -24.8580112457, -22.3678131104], [81.3001327515, -15.0902576447, 1.41267681122, -10.1904840469, 21.0892486572, 117.344406128, 19.939666748, 1.43269205093, 21.1272926331, -15.7595129013, -18.7288703918, -23.8873100281, -17.7213058472], [-24.3012142181, -0.224283516407, 4.85254001617, 13.6856536865, 0.720746517181, 19.939666748, 95.9764404297, 8.92631053925, 8.10977840424, 21.6201400757, 2.21686148643, -5.08661317825, -17.7663898468], [58.3412246704, -22.0518436432, -11.9372787476, -11.0068340302, 26.0823974609, 1.43269205093, 8.92631053925, 84.625038147, 9.88476276398, 0.0116792889312, 19.8235301971, 8.7756280899, 9.0864610672], [-95.8124542236, -4.10885095596, 11.4087867737, 0.213078185916, -11.4049091339, 21.1272926331, 8.10977840424, 9.88476276398, 94.9026870728, 14.7023220062, -6.28254890442, -14.1514730453, -34.5461235046], [4.16678285599, -105.902503967, -17.1615753174, 34.937046051, -5.6155591011, -15.7595129013, 21.6201400757, 0.0116792889312, 14.7023220062, 109.062324524, 28.8723678589, 21.8371257782, 7.08944749832], [54.0148200989, -44.9214096069, -11.3050003052, 6.64122819901, -1.17579722404, -18.7288703918, 2.21686148643, 19.8235301971, -6.28254890442, 28.8723678589, 81.1573181152, 54.8236160278, 35.7292671204], [0.287120610476, -1.55071926117, -21.5486927032, 14.7442941666, -24.8580112457, -23.8873100281, -5.08661317825, 8.7756280899, -14.1514730453, 21.8371257782, 54.8236160278, 124.156410217, 67.6904754639], [49.6185951233, -47.5265922546, -17.125005722, 9.09192276001, -22.3678131104, -17.7213058472, -17.7663898468, 9.0864610672, -34.5461235046, 7.08944749832, 35.7292671204, 67.6904754639, 121.234298706]],
