{
"lowlevel": {
    "average_loudness": 0.978799045086,
    "barkbands_crest": {
        "dmean": 3.15953707695,
        "dmean2": 5.4401216507,
        "dvar": 9.10462665558,
        "dvar2": 21.189868927,
        "max": 23.503282547,
        "mean": 10.5467786789,
        "median": 9.79934406281,
        "min": 4.02370929718,
        "var": 14.3096199036
    },
    "barkbands_flatness_db": {
        "dmean": 0.0433263480663,
        "dmean2": 0.0710084140301,
        "dvar": 0.00125724961981,
        "dvar2": 0.00305007933639,
        "max": 0.396007746458,
        "mean": 0.235269576311,
        "median": 0.227876484394,
        "min": 0.108543679118,
        "var": 0.00323153520003
    },
    "barkbands_kurtosis": {
        "dmean": 1.26063263416,
        "dmean2": 2.06919932365,
        "dvar": 2.53242921829,
        "dvar2": 6.57663154602,
        "max": 14.6655235291,
        "mean": 0.162540316582,
        "median": -0.312040328979,
        "min": -1.56132793427,
        "var": 2.97061252594
    },
    "barkbands_skewness": {
        "dmean": 0.51637506485,
        "dmean2": 0.807698845863,
        "dvar": 0.162487328053,
        "dvar2": 0.397904455662,
        "max": 1.90527963638,
        "mean": -0.0287571921945,
        "median": -0.0126748653129,
        "min": -1.81372737885,
        "var": 0.364954173565
    },
    "barkbands_spread": {
        "dmean": 2.33518433571,
        "dmean2": 3.6445581913,
        "dvar": 3.61365246773,
        "dvar2": 8.45063591003,
        "max": 17.3994522095,
        "mean": 9.49175453186,
        "median": 9.4988155365,
        "min": 1.70042157173,
        "var": 10.5965261459
    },
    "dissonance": {
        "dmean": 0.0337981134653,
        "dmean2": 0.0585276000202,
        "dvar": 0.0012643908849,
        "dvar2": 0.00300523871556,
        "max": 0.499996811152,
        "mean": 0.464108705521,
        "median": 0.475132226944,
        "min": 0.159913256764,
        "var": 0.00153795897495
    },
    "dynamic_complexity": 1.92822802067,
    "erbbands_crest": {
        "dmean": 3.93092989922,
        "dmean2": 6.80181694031,
        "dvar": 12.759680748,
        "dvar2": 26.92811203,
        "max": 28.2181091309,
        "mean": 12.3769712448,
        "median": 11.5428829193,
        "min": 4.36500310898,
        "var": 21.0832176208
    },
    "erbbands_flatness_db": {
        "dmean": 0.0370260886848,
        "dmean2": 0.0609914921224,
        "dvar": 0.00094462587731,
        "dvar2": 0.00220945244655,
        "max": 0.461971759796,
        "mean": 0.33450332284,
        "median": 0.329707562923,
        "min": 0.183756873012,
        "var": 0.0027093864046
    },
    "erbbands_kurtosis": {
        "dmean": 1.10689580441,
        "dmean2": 1.7926183939,
        "dvar": 2.02999949455,
        "dvar2": 5.01530599594,
        "max": 12.4966058731,
        "mean": 0.312827885151,
        "median": -0.179192304611,
        "min": -1.54505836964,
        "var": 2.58383870125
    },
    "erbbands_skewness": {
        "dmean": 0.472618371248,
        "dmean2": 0.757242739201,
        "dvar": 0.148391127586,
        "dvar2": 0.332842886448,
        "max": 1.60210669041,
        "mean": -0.160800978541,
        "median": -0.161151722074,
        "min": -1.85218691826,
        "var": 0.297747582197
    },
    "erbbands_spread": {
        "dmean": 3.60577392578,
        "dmean2": 5.64445447922,
        "dvar": 7.66987371445,
        "dvar2": 18.264377594,
        "max": 25.7632980347,
        "mean": 12.8835601807,
        "median": 12.818022728,
        "min": 2.27609372139,
        "var": 22.3792133331
    },
    "hfc": {
        "dmean": 14.0300559998,
        "dmean2": 23.5013713837,
        "dvar": 206.043731689,
        "dvar2": 481.674957275,
        "max": 88.1682510376,
        "mean": 22.699924469,
        "median": 19.9355640411,
        "min": 0.312610238791,
        "var": 393.242492676
    },
    "melbands_crest": {
        "dmean": 3.84830403328,
        "dmean2": 6.42509698868,
        "dvar": 11.9626216888,
        "dvar2": 27.387342453,
        "max": 30.286857605,
        "mean": 12.4962797165,
        "median": 11.7227678299,
        "min": 4.73479652405,
        "var": 20.4113807678
    },
    "melbands_flatness_db": {
        "dmean": 0.0393906570971,
        "dmean2": 0.0644096434116,
        "dvar": 0.00101592415012,
        "dvar2": 0.002573041711,
        "max": 0.368971794844,
        "mean": 0.225194662809,
        "median": 0.214535877109,
        "min": 0.138656958938,
        "var": 0.00237482087687
    },
    "melbands_kurtosis": {
        "dmean": 1.3966268301,
        "dmean2": 2.29176306725,
        "dvar": 2.7170381546,
        "dvar2": 7.43779468536,
        "max": 11.240685463,
        "mean": 0.428139984608,
        "median": -0.095046043396,
        "min": -1.61437177658,
        "var": 2.98010373116
    },
    "melbands_skewness": {
        "dmean": 0.550314962864,
        "dmean2": 0.858764588833,
        "dvar": 0.219529539347,
        "dvar2": 0.536042273045,
        "max": 2.89418959618,
        "mean": 0.318471521139,
        "median": 0.381135910749,
        "min": -2.47106361389,
        "var": 0.436735063791
    },
    "melbands_spread": {
        "dmean": 5.47002029419,
        "dmean2": 8.42627716064,
        "dvar": 19.0179290771,
        "dvar2": 46.1561393738,
        "max": 43.1637420654,
        "mean": 20.8813591003,
        "median": 20.741065979,
        "min": 5.22113990784,
        "var": 47.3962974548
    },
    "pitch_salience": {
        "dmean": 0.0958529189229,
        "dmean2": 0.152664467692,
        "dvar": 0.00544179184362,
        "dvar2": 0.0152026573196,
        "max": 0.850252747536,
        "mean": 0.58211684227,
        "median": 0.585264086723,
        "min": 0.279347002506,
        "var": 0.0111917573959
    },
    "silence_rate_20dB": {
        "dmean": 0,
        "dmean2": 0,
        "dvar": 0,
        "dvar2": 0,
        "max": 1,
        "mean": 1,
        "median": 1,
        "min": 1,
        "var": 0
    },
    "silence_rate_30dB": {
        "dmean": 0,
        "dmean2": 0,
        "dvar": 0,
        "dvar2": 0,
        "max": 1,
        "mean": 1,
        "median": 1,
        "min": 1,
        "var": 0
    },
    "silence_rate_60dB": {
        "dmean": 0.159259259701,
        "dmean2": 0.319702595472,
        "dvar": 0.133895993233,
        "dvar2": 0.276972591877,
        "max": 1,
        "mean": 0.188191875815,
        "median": 0,
        "min": 0,
        "var": 0.15277531743
    },
    "spectral_centroid": {
        "dmean": 265.848724365,
        "dmean2": 417.535095215,
        "dvar": 52670.1523438,
        "dvar2": 120959.40625,
        "max": 3090.28442383,
        "mean": 2045.36975098,
        "median": 2041.42028809,
        "min": 843.043579102,
        "var": 174535.546875
    },
    "spectral_complexity": {
        "dmean": 5.03703689575,
        "dmean2": 8.0260219574,
        "dvar": 16.3912220001,
        "dvar2": 43.5048942566,
        "max": 31,
        "mean": 10.1955718994,
        "median": 9,
        "min": 0,
        "var": 33.2422027588
    },
    "spectral_decrease": {
        "dmean": 1.94061100522e-09,
        "dmean2": 3.22789439622e-09,
        "dvar": 3.36768926095e-18,
        "dvar2": 7.27416592261e-18,
        "max": -6.58960733202e-11,
        "mean": -2.99356073263e-09,
        "median": -2.61134758262e-09,
        "min": -9.68739399809e-09,
        "var": 6.23180089114e-18
    },
    "spectral_energy": {
        "dmean": 0.00855068583041,
        "dmean2": 0.0142701035365,
        "dvar": 6.54168397887e-05,
        "dvar2": 0.000141362412251,
        "max": 0.043023455888,
        "mean": 0.0133573245257,
        "median": 0.0117070255801,
        "min": 0.000283532775939,
        "var": 0.000123182093375
    },
    "spectral_energyband_high": {
        "dmean": 0.000203283372684,
        "dmean2": 0.00034733719076,
        "dvar": 2.07765666005e-07,
        "dvar2": 5.83074836413e-07,
        "max": 0.00475395098329,
        "mean": 0.000189323269296,
        "median": 7.00241216691e-05,
        "min": 1.36088749514e-06,
        "var": 1.52933765207e-07
    },
    "spectral_energyband_low": {
        "dmean": 6.58321823721e-06,
        "dmean2": 1.1499082575e-05,
        "dvar": 9.70201349815e-11,
        "dvar2": 2.62153632136e-10,
        "max": 8.67121489136e-05,
        "mean": 7.27046608517e-06,
        "median": 3.3834955957e-06,
        "min": 2.11696956853e-07,
        "var": 1.17883230955e-10
    },
    "spectral_energyband_middle_high": {
        "dmean": 0.00663762073964,
        "dmean2": 0.010969738476,
        "dvar": 4.47259299108e-05,
        "dvar2": 0.000100175981061,
        "max": 0.0410656444728,
        "mean": 0.0107067963108,
        "median": 0.00950856599957,
        "min": 0.000152125503519,
        "var": 8.86065754457e-05
    },
    "spectral_energyband_middle_low": {
        "dmean": 0.00250133918598,
        "dmean2": 0.00426111323759,
        "dvar": 1.15743905553e-05,
        "dvar2": 2.82909859379e-05,
        "max": 0.0237097144127,
        "mean": 0.00249810237437,
        "median": 0.000985378166661,
        "min": 2.07239882002e-05,
        "var": 1.28512074298e-05
    },
    "spectral_entropy": {
        "dmean": 0.45190435648,
        "dmean2": 0.733216285706,
        "dvar": 0.141553640366,
        "dvar2": 0.332212299109,
        "max": 7.74001407623,
        "mean": 6.85027599335,
        "median": 7.0206952095,
        "min": 5.25203895569,
        "var": 0.26196873188
    },
    "spectral_flux": {
        "dmean": 0.0375492982566,
        "dmean2": 0.0636877715588,
        "dvar": 0.00106166955084,
        "dvar2": 0.00243018241599,
        "max": 0.17961128056,
        "mean": 0.0810106620193,
        "median": 0.0824375227094,
        "min": 0.00865104515105,
        "var": 0.00180405541323
    },
    "spectral_kurtosis": {
        "dmean": 7.89641189575,
        "dmean2": 14.0974254608,
        "dvar": 45.3059082031,
        "dvar2": 120.829162598,
        "max": 54.534160614,
        "mean": 12.7647094727,
        "median": 10.394657135,
        "min": 2.33453083038,
        "var": 65.6172790527
    },
    "spectral_rms": {
        "dmean": 0.00124041712843,
        "dmean2": 0.00199839752167,
        "dvar": 1.23829636323e-06,
        "dvar2": 2.70544933301e-06,
        "max": 0.00647874269634,
        "mean": 0.00321104074828,
        "median": 0.0033795691561,
        "min": 0.000525944225956,
        "var": 2.72075499197e-06
    },
    "spectral_rolloff": {
        "dmean": 298.434020996,
        "dmean2": 536.728942871,
        "dvar": 139042.796875,
        "dvar2": 303322.78125,
        "max": 4435.83984375,
        "mean": 2369.84448242,
        "median": 2347.11914062,
        "min": 947.4609375,
        "var": 225334.390625
    },
    "spectral_skewness": {
        "dmean": 0.655407905579,
        "dmean2": 1.17255592346,
        "dvar": 0.288543432951,
        "dvar2": 0.788840472698,
        "max": 5.24678277969,
        "mean": 1.98589372635,
        "median": 1.82991218567,
        "min": 0.789079546928,
        "var": 0.450159877539
    },
    "spectral_spread": {
        "dmean": 301919.15625,
        "dmean2": 474860.28125,
        "dvar": 190385307648,
        "dvar2": 200536899584,
        "max": 10155362,
        "mean": 2010217.125,
        "median": 1934282.5,
        "min": 1366947.5,
        "var": 348894789632
    },
    "spectral_strongpeak": {
        "dmean": 1.91635489464,
        "dmean2": 3.09864449501,
        "dvar": 3.91374731064,
        "dvar2": 9.88645267487,
        "max": 11.8500881195,
        "mean": 3.12813949585,
        "median": 2.32538437843,
        "min": 0.033362891525,
        "var": 7.5589632988
    },
    "zerocrossingrate": {
        "dmean": 0.00752676511183,
        "dmean2": 0.00938806962222,
        "dvar": 3.79823140975e-05,
        "dvar2": 5.75140038563e-05,
        "max": 0.12646484375,
        "mean": 0.0800078585744,
        "median": 0.07958984375,
        "min": 0.017578125,
        "var": 0.00024763806141
    },
    "barkbands": {
        "dmean": [6.74261968925e-07, 5.15889587405e-06, 1.29647128233e-06, 1.46339255025e-06, 1.6839698219e-05, 1.06109273474e-05, 0.000393072376028, 0.000506230921019, 0.00158351589926, 0.00054037978407, 0.000679468037561, 0.000879342318512, 0.00165544380434, 0.00164967880119, 0.000620380567852, 0.00117672327906, 0.00135254336055, 0.000731283333153, 0.000400483520934, 0.000136451839353, 0.000120164768305, 2.50632310781e-05, 5.59187583349e-06, 1.92522043108e-06, 8.625324881e-07, 2.90690564952e-07, 7.62762013551e-08],
        "dmean2": [1.12974487365e-06, 9.18804016692e-06, 2.44508169089e-06, 2.64619188783e-06, 2.96425569104e-05, 1.65449764609e-05, 0.000703298603185, 0.000796948384959, 0.00271679740399, 0.000982364523225, 0.00107503973413, 0.00138564861845, 0.00281644542702, 0.00262154871598, 0.00102024129592, 0.00183180801105, 0.00233950605616, 0.00119707244448, 0.000641230377369, 0.000235442785197, 0.000211644510273, 4.27696759289e-05, 9.42349925026e-06, 3.28372016156e-06, 1.60475417488e-06, 5.21357890193e-07, 1.42222475574e-07],
        "dvar": [1.54212688626e-12, 5.63120453045e-11, 1.50233627622e-11, 6.26574356635e-12, 2.61952237679e-09, 1.05163899811e-09, 1.33423270654e-06, 2.92788877232e-06, 4.80084418086e-06, 1.34609456381e-06, 1.73484727384e-06, 5.64354604649e-06, 7.90282228991e-06, 1.18852249216e-05, 2.57524948211e-06, 4.17689443566e-06, 5.94767971052e-06, 4.75266506328e-06, 8.97971688119e-07, 9.80073053825e-08, 1.45899349491e-07, 1.79781289855e-09, 9.58655516081e-11, 1.16000776693e-11, 1.75397662974e-12, 1.56938508413e-13, 1.34738149254e-14],
        "dvar2": [3.5333214219e-12, 1.43020928434e-10, 4.4199931909e-11, 1.82367662638e-11, 6.1270948315e-09, 2.16333417846e-09, 3.53364089278e-06, 6.55941494188e-06, 1.25855085571e-05, 3.81162112717e-06, 4.01662873628e-06, 1.27966050059e-05, 1.83368720172e-05, 2.63070178335e-05, 5.50172671865e-06, 9.92895365926e-06, 1.44364012158e-05, 1.23675818031e-05, 2.01768216357e-06, 2.75313794873e-07, 4.15035145807e-07, 4.66593919057e-09, 2.13479414701e-10, 2.70407168879e-11, 4.84547471591e-12, 4.11775431461e-13, 3.59817461471e-14],
        "max": [1.27428174892e-05, 6.43187668175e-05, 4.78999390907e-05, 1.47218615894e-05, 0.000694463262334, 0.00046684735571, 0.00706439977512, 0.0184428095818, 0.0141113102436, 0.011919612065, 0.0103892423213, 0.0216977652162, 0.0183296035975, 0.0371407009661, 0.0190945714712, 0.0207531992346, 0.0233868379146, 0.0213892459869, 0.00855416152626, 0.00253256293945, 0.00439555384219, 0.000329240370775, 9.4845694548e-05, 3.7904294004e-05, 1.03710308395e-05, 2.87545753963e-06, 7.97261122898e-07],
        "mean": [6.44585668397e-07, 5.33735328645e-06, 1.05254991922e-06, 1.18952664252e-06, 2.08151868719e-05, 1.24425150716e-05, 0.000271255295957, 0.000429018778959, 0.00160445843358, 0.000485008931719, 0.000608721806202, 0.000726417580154, 0.00204366771504, 0.00202587642707, 0.000730848347303, 0.00147764873691, 0.00149031192996, 0.000702498829924, 0.000456246372778, 0.000136310423841, 9.59758253885e-05, 2.26845659199e-05, 6.02964883001e-06, 1.92731431525e-06, 6.88487716616e-07, 2.22095508207e-07, 5.33346238285e-08],
        "median": [3.27325523131e-07, 2.30019895753e-06, 3.6905416323e-07, 4.18674574121e-07, 2.37345375353e-06, 9.09968946416e-07, 1.57993272296e-05, 2.80792446574e-05, 0.000585581175983, 0.000118349118566, 7.46398800402e-05, 6.49656285532e-05, 0.00029378925683, 0.000477279711049, 0.000151456406456, 0.000425593956606, 0.000332901137881, 0.000156042413437, 9.53136986936e-05, 3.31601331709e-05, 2.20710280701e-05, 9.77668696578e-06, 2.57533292825e-06, 6.51817515518e-07, 1.92534187704e-07, 5.31855981478e-08, 1.05927613347e-08],
        "min": [1.95175298146e-09, 6.47156781497e-08, 6.68265354165e-09, 1.49625734025e-08, 5.24430028292e-08, 3.99514803462e-08, 2.3944855343e-07, 1.58904512659e-07, 1.27952193907e-06, 8.50515334605e-07, 9.1901046062e-07, 6.13816723671e-07, 2.88650539915e-06, 1.65841561284e-06, 2.84757766167e-06, 2.94303526971e-06, 1.35050913741e-06, 1.38312134368e-06, 1.0441416407e-06, 1.23704779753e-07, 3.92321567233e-07, 1.38216847745e-07, 8.37562552647e-08, 4.02622717388e-08, 1.33908706346e-08, 7.16548109736e-09, 2.30617258623e-09],
        "var": [1.48008439272e-12, 6.63603616502e-11, 1.01016452148e-11, 4.50615499775e-12, 5.53506263046e-09, 2.39484720943e-09, 9.41356290696e-07, 2.9812399589e-06, 5.75648255108e-06, 1.24407335989e-06, 2.19439766624e-06, 6.04830211159e-06, 1.43836377902e-05, 1.86591751117e-05, 3.01482918985e-06, 6.27926010566e-06, 8.34109505377e-06, 3.98611064156e-06, 1.25528549688e-06, 8.99005456745e-08, 9.72957181489e-08, 1.61498125983e-09, 1.17132914479e-10, 1.31704551778e-11, 1.3407061919e-12, 1.31028028054e-13, 9.54386326506e-15]
    },
    "erbbands": {
        "dmean": [0.000182434392627, 0.00115010177251, 0.00180477416143, 0.00292116054334, 0.0214722100645, 0.0779502391815, 0.062020804733, 0.162322372198, 2.77604174614, 13.8678655624, 7.007584095, 32.0218849182, 26.6531066895, 25.0827045441, 23.3228569031, 39.2709159851, 49.6568336487, 84.3882522583, 57.0966949463, 43.5699539185, 64.2305450439, 69.170501709, 44.0806770325, 32.5894775391, 12.4821243286, 5.77280759811, 6.14607429504, 3.02935695648, 1.02975618839, 0.471740275621, 0.12251585722, 0.0536364205182, 0.0281841512769, 0.0124037154019, 0.00460164807737, 0.00155679509044, 0.000493145140354, 0.000117789633805, 1.95635111595e-05, 1.14771964945e-05],
        "dmean2": [0.00031168301939, 0.00205203541555, 0.00334915076382, 0.00527228182182, 0.0390525124967, 0.135157465935, 0.105037324131, 0.262849360704, 4.88375759125, 23.2335090637, 11.2871599197, 54.4888687134, 46.9917640686, 44.0095214844, 35.7971496582, 61.3473510742, 86.7475662231, 139.372451782, 93.3338088989, 71.402053833, 98.4981613159, 120.096969604, 72.4504241943, 52.8483963013, 21.4022350311, 10.0746622086, 10.9322853088, 5.22766304016, 1.76569664478, 0.796867191792, 0.202513739467, 0.0910864844918, 0.0494481436908, 0.0228244308382, 0.0085026556626, 0.00275284098461, 0.000904963817447, 0.000216877291678, 3.53053655999e-05, 1.92687584786e-05],
        "dvar": [9.66964606164e-08, 2.58809382103e-06, 2.2882468329e-05, 2.21845439228e-05, 0.00258414377458, 0.0774006173015, 0.0203238744289, 0.244662448764, 69.232460022, 2058.77587891, 216.660919189, 2069.79345703, 1789.28149414, 2513.31445312, 1687.66223145, 11806.4677734, 5488.57910156, 14721.9023438, 19898.5898438, 9225.96875, 8458.98339844, 18053.7460938, 16740.71875, 5075.39990234, 992.709594727, 142.5730896, 501.682006836, 69.5475234985, 3.28777933121, 0.940288543701, 0.0253149885684, 0.00995198264718, 0.0021428053733, 0.000381852703867, 4.38574534201e-05, 4.72507963423e-06, 4.38267591107e-07, 2.67740425386e-08, 6.39255481882e-10, 1.18000664795e-10],
        "dvar2": [2.4014420319e-07, 7.35456706025e-06, 7.03102050466e-05, 6.72856185702e-05, 0.00744852190837, 0.172814056277, 0.0494398549199, 0.564308583736, 180.390045166, 4755.71630859, 496.956390381, 5430.16503906, 5027.32958984, 7036.29931641, 3719.06860352, 25962.2011719, 13020.4775391, 33469.0507812, 45459.5351562, 20850.9804688, 19735.3574219, 43589.6054688, 46983.3125, 11572.4169922, 2739.80615234, 399.723907471, 1421.77941895, 199.770568848, 8.69039154053, 2.51601314545, 0.0582948103547, 0.0226588379592, 0.00544692948461, 0.00104323215783, 0.000117868141388, 1.25091219161e-05, 1.1825392221e-06, 7.14013239644e-08, 1.70514424802e-09, 2.58839505385e-10],
        "max": [0.00345245096833, 0.011353415437, 0.0577747002244, 0.0283634606749, 0.459495007992, 4.10185289383, 1.31235682964, 7.43154478073, 76.4309692383, 421.365081787, 129.088562012, 322.201416016, 241.898086548, 484.586425781, 285.101501465, 1122.63806152, 531.65802002, 811.99432373, 1542.65429688, 988.247619629, 781.765686035, 1374.9786377, 1512.71398926, 720.973937988, 340.432556152, 82.0093612671, 268.436157227, 92.5382843018, 13.3032665253, 8.21212100983, 1.60565447807, 1.19120311737, 0.352575749159, 0.162360474467, 0.0410641357303, 0.0161463115364, 0.00438638962805, 0.00101883872412, 0.000187916302821, 6.41189908492e-05],
        "mean": [0.000176931309397, 0.00108761957381, 0.00152970966883, 0.00260755373165, 0.019610920921, 0.108236573637, 0.0702062025666, 0.167220756412, 1.90503132343, 11.042304039, 6.58120203018, 31.0604743958, 27.6660041809, 22.4103546143, 22.5592727661, 34.551738739, 58.7222557068, 110.058311462, 76.1252822876, 54.1763572693, 82.5506134033, 82.1785430908, 46.2202720642, 38.98985672, 14.2407341003, 5.92722558975, 4.96167469025, 2.63100004196, 0.968656420708, 0.472157031298, 0.140269488096, 0.0548995658755, 0.0259626228362, 0.0103174624965, 0.00368611630984, 0.00122459523845, 0.000377635849873, 8.863399853e-05, 1.89098300325e-05, 1.80397437362e-05],
        "median": [7.91781494627e-05, 0.000428538769484, 0.000598572019953, 0.000924285559449, 0.00443489989266, 0.00961837731302, 0.00879755616188, 0.0136243067682, 0.152136102319, 0.537136733532, 1.43086373806, 10.8296823502, 11.2087087631, 4.64928340912, 3.02975320816, 4.56517744064, 14.1216430664, 29.9015026093, 14.5782966614, 24.1746788025, 30.6810913086, 24.9191703796, 15.8472824097, 13.093129158, 4.95171737671, 2.12028884888, 1.38063371181, 0.735236227512, 0.400691866875, 0.206215813756, 0.0724333226681, 0.0213417802006, 0.00881951767951, 0.00301586417481, 0.000978654134087, 0.000286606838927, 0.000102031306596, 2.58415802818e-05, 1.14203694466e-05, 1.58995517268e-05],
        "min": [2.28241674449e-06, 4.614226782e-06, 2.61944296653e-05, 6.75659975968e-05, 0.000159039293067, 0.000146841979586, 0.000302952044876, 0.000565831898712, 0.00265376199968, 0.0091952085495, 0.0187501255423, 0.0344954989851, 0.138959735632, 0.119131170213, 0.0526543781161, 0.162927478552, 0.243483558297, 0.0744794383645, 0.242352873087, 0.266963630915, 0.451472967863, 0.184186860919, 0.0850266963243, 0.0729112327099, 0.0585182718933, 0.0201578158885, 0.0224002916366, 0.00865306891501, 0.0060229934752, 0.00282534467988, 0.00229666824453, 0.00109596957918, 0.000425393285695, 0.000205417483812, 8.14127924968e-05, 3.10518153128e-05, 1.40989386637e-05, 3.25322616845e-06, 7.12818348347e-07, 4.2748555984e-07],
        "var": [9.74064917614e-08, 2.89765580419e-06, 1.57732192747e-05, 1.90828959603e-05, 0.00257059629075, 0.185885339975, 0.0336128883064, 0.415094077587, 50.2747306824, 1958.14758301, 226.627197266, 2328.71728516, 1752.63574219, 2430.73266602, 2379.87939453, 13196.0283203, 8466.02050781, 24346.1601562, 28894.6816406, 10968.5185547, 14311.0273438, 26345.8691406, 12405.9619141, 6724.8125, 888.493652344, 131.338226318, 326.113525391, 51.5991287231, 2.89819598198, 0.964575171471, 0.0387939475477, 0.0116200745106, 0.00213930406608, 0.000305496912915, 3.62629943993e-05, 4.26411406806e-06, 3.34832463977e-07, 1.97743208474e-08, 5.50689494005e-10, 2.23364438057e-10]
    },
    "gfcc": {
        "mean": [-128.576217651, 53.1546936035, -240.730819702, -3.90517830849, -43.3204154968, 0.799817800522, -12.9283733368, 13.1445379257, 0.609324097633, -2.22475790977, -15.4627342224, -8.39862537384, -8.86901664734],
        "cov": [[3511.82177734, -681.829772949, -382.984100342, -109.30745697, -102.634048462, 63.9845352173, -79.1989364624, -19.839263916, -162.336532593, -104.825515747, -40.0799102783, -65.7476959229, -13.2948064804], [-681.829772949, 956.173522949, 477.588867188, -220.047454834, -182.045898438, -207.195022583, -127.345329285, -89.9684677124, 48.6583023071, 154.51550293, 100.329940796, 66.6552200317, 1.88663208485], [-382.984100342, 477.588867188, 549.902282715, -25.5610675812, -120.536979675, -48.0722351074, -145.929901123, -40.5679283142, -99.3875961304, 94.2397994995, 24.8980464935, 94.521987915, -2.15589237213], [-109.30745697, -220.047454834, -25.5610675812, 278.930511475, 121.00945282, 75.818321228, 57.251247406, 23.0842380524, -35.5530319214, -48.8824958801, -19.6397361755, 1.53675282001, 19.405620575], [-102.634048462, -182.045898438, -120.536979675, 121.00945282, 234.446395874, 104.986740112, 79.6262664795, 43.8404350281, 38.8482627869, -55.8823661804, -53.0050811768, -43.6491165161, -8.09101104736], [63.9845352173, -207.195022583, -48.0722351074, 75.818321228, 104.986740112, 165.330444336, 66.4551925659, 23.2611980438, -17.1993732452, -42.9234275818, -54.8458862305, -17.0725383759, 15.1534519196], [-79.1989364624, -127.345329285, -145.929901123, 57.251247406, 79.6262664795, 66.4551925659, 150.202301025, 36.3248558044, 43.8845901489, -17.6056461334, -37.5882530212, -40.9588661194, -2.91375517845], [-19.839263916, -89.9684677124, -40.5679283142, 23.0842380524, 43.8404350281, 23.2611980438, 36.3248558044, 124.246269226, 38.7508506775, -20.2195835114, 23.2006912231, -2.32524752617, -41.0760612488], [-162.336532593, 48.6583023071, -99.3875961304, -35.5530319214, 38.8482627869, -17.1993732452, 43.8845901489, 38.7508506775, 185.955734253, 49.6297035217, 4.48408222198, -34.6201972961, -38.9905052185], [-104.825515747, 154.51550293, 94.2397994995, -48.8824958801, -55.8823661804, -42.9234275818, -17.6056461334, -20.2195835114, 49.6297035217, 154.231109619, 47.8056259155, -7.25097799301, -25.5966968536], [-40.0799102783, 100.329940796, 24.8980464935, -19.6397361755, -53.0050811768, -54.8458862305, -37.5882530212, 23.2006912231, 4.48408222198, 47.8056259155, 167.810623169, 38.3994789124, 13.5028448105], [-65.7476959229, 66.6552200317, 94.521987915, 1.53675282001, -43.6491165161, -17.0725383759, -40.9588661194, -2.32524752617, -34.6201972961, -7.25097799301, 38.3994789124, 102.675209045, 35.9566078186], [-13.2948064804, 1.88663208485, -2.15589237213, 19.405620575, -8.09101104736, 15.1534519196, -2.91375517845, -41.0760612488, -38.9905052185, -25.5966968536, 13.5028448105, 35.9566078186, 118.958839417]],
        "icov": [[0.000422346027335, 0.000216133936192, 0.000379547651391, 0.000219596127863, 0.000318118662108, -0.000271931494353, 0.000577070750296, -4.11563378293e-05, 0.000425361882662, -0.000118955926155, 6.23795058345e-05, 0.000163478078321, 0.000128358617076], [0.000216133936192, 0.00748552614823, -0.00877618696541, 0.00476283719763, -0.00214148126543, 0.00676140887663, -0.00573783833534, 0.00539068318903, -0.00498248124495, 0.00347531284206, -0.00425929576159, 0.00195038283709, -0.0013080224162], [0.000379547651391, -0.00877618696541, 0.0150955896825, -0.00593588501215, 0.00344154867344, -0.00903851352632, 0.0107026435435, -0.00746225519106, 0.00852921046317, -0.0078072748147, 0.00688954442739, -0.00486389175057, 0.00229819770902], [0.000219596127863, 0.00476283719763, -0.00593588501215, 0.00842829886824, -0.00410181516781, 0.00409386726096, -0.00518853776157, 0.00333220185712, -0.00156838889234, 0.00252541224472, -0.00322836823761, 0.000566867063753, -0.00108599511441], [0.000318118662108, -0.00214148126543, 0.00344154867344, -0.00410181516781, 0.00996568240225, -0.00605800235644, 0.00238863681443, -0.00248509598896, -0.000572810589802, 0.000637816323433, 0.00183879828546, 0.00152078247629, 0.000732035259716], [-0.000271931494353, 0.00676140887663, -0.00903851352632, 0.00409386726096, -0.00605800235644, 0.0174207147211, -0.00894925184548, 0.00331250508316, -0.00288996077143, 0.00296082021669, -0.00183635158464, 0.00158406700939, -0.00325631769374], [0.000577070750296, -0.00573783833534, 0.0107026435435, -0.00518853776157, 0.00238863681443, -0.00894925184548, 0.0186563059688, -0.00756335258484, 0.0038754735142, -0.00568262906745, 0.00599252665415, -0.000130558080855, -0.000249566161074], [-4.11563378293e-05, 0.00539068318903, -0.00746225519106, 0.00333220185712, -0.00248509598896, 0.00331250508316, -0.00756335258484, 0.0175518300384, -0.00656380597502, 0.00691560748965, -0.00765393255278, -0.000388047774322, 0.00483817839995], [0.000425361882662, -0.00498248124495, 0.00852921046317, -0.00156838889234, -0.000572810589802, -0.00288996077143, 0.0038754735142, -0.00656380597502, 0.0134735777974, -0.00734626175836, 0.00429534493014, -0.00178435072303, 0.00158185290638], [-0.000118955926155, 0.00347531284206, -0.0078072748147, 0.00252541224472, 0.000637816323433, 0.00296082021669, -0.00568262906745, 0.00691560748965, -0.00734626175836, 0.014717082493, -0.00675188703462, 0.00399358849972, 0.0016112558078], [6.23795058345e-05, -0.00425929576159, 0.00688954442739, -0.00322836823761, 0.00183879828546, -0.00183635158464, 0.00599252665415, -0.00765393255278, 0.00429534493014, -0.00675188703462, 0.0123253846541, -0.00384031422436, -0.00169430545066], [0.000163478078321, 0.00195038283709, -0.00486389175057, 0.000566867063753, 0.00152078247629, 0.00158406700939, -0.000130558080855, -0.000388047774322, -0.00178435072303, 0.00399358849972, -0.00384031422436, 0.0166797749698, -0.00476009165868], [0.000128358617076, -0.0013080224162, 0.00229819770902, -0.00108599511441, 0.000732035259716, -0.00325631769374, -0.000249566161074, 0.00483817839995, 0.00158185290638, 0.0016112558078, -0.00169430545066, -0.00476009165868, 0.013285533525]]
    },
    "melbands": {
        "dmean": [1.48810659084e-06, 1.1390874306e-06, 8.07725200502e-07, 3.73291936739e-06, 2.45633941631e-06, 3.17786452797e-06, 5.21197762282e-05, 0.000154233843205, 5.92850701651e-05, 0.000231942583923, 0.000130868516862, 9.79260585154e-05, 8.65003821673e-05, 0.000101402627479, 6.30778813502e-05, 0.000186760618817, 0.000156243389938, 0.000116370603791, 5.22096306668e-05, 7.7006756328e-05, 7.63471471146e-05, 6.80590310367e-05, 5.97680264036e-05, 3.82187172363e-05, 2.70940654445e-05, 1.37126189657e-05, 5.23936842001e-06, 3.80016899726e-06, 5.16259569849e-06, 1.66942038504e-06, 1.78309119292e-06, 5.01708939282e-07, 5.07480535816e-07, 2.066328193e-07, 7.73726114289e-08, 4.59517721652e-08, 2.66934332416e-08, 2.03426839818e-08, 1.42007277049e-08, 9.71671099137e-09],
        "dmean2": [2.60103320215e-06, 2.04711204788e-06, 1.47445098264e-06, 6.5844310484e-06, 4.18109084421e-06, 5.13994473295e-06, 9.29817833821e-05, 0.00025563663803, 9.64973078226e-05, 0.000396212592022, 0.000231151527259, 0.000173541047843, 0.000135028109071, 0.000163414224517, 9.93492576526e-05, 0.000319986836985, 0.000258221232798, 0.000189608064829, 8.74144243426e-05, 0.000122518147691, 0.000120281962154, 0.000119523654575, 0.000100156961707, 6.19249985903e-05, 4.3455271225e-05, 2.37093881879e-05, 9.10423659661e-06, 6.43569364911e-06, 9.18147270568e-06, 3.05166599901e-06, 3.04745231006e-06, 8.67706489771e-07, 8.67977462349e-07, 3.43131802083e-07, 1.27092675939e-07, 7.89306042748e-08, 4.56312854169e-08, 3.63522616453e-08, 2.54632777086e-08, 1.77967525161e-08],
        "dvar": [5.27018186036e-12, 4.92087056866e-12, 1.89495771505e-12, 1.44248807343e-10, 3.53442240753e-11, 1.06334788197e-10, 2.34509833774e-08, 2.60662687879e-07, 1.17908109942e-08, 1.11149375925e-07, 4.37906351181e-08, 4.31246824917e-08, 2.8452486589e-08, 7.74096307055e-08, 1.68048206461e-08, 1.03123483086e-07, 5.62810953397e-08, 1.04918335353e-07, 2.5813553961e-08, 3.09268095577e-08, 1.57115458421e-08, 1.74233765193e-08, 1.55271759894e-08, 1.37557512048e-08, 3.94654442459e-09, 1.51412160587e-09, 1.61877400373e-10, 8.2374440602e-11, 4.45844000607e-10, 2.00570653835e-11, 2.84415390545e-11, 1.05733510055e-12, 1.56765518535e-12, 1.96762744986e-13, 1.28316758599e-14, 5.98886175027e-15, 2.76248021989e-15, 1.17367807435e-15, 5.2900574512e-16, 2.25578955777e-16],
        "dvar2": [1.27074687578e-11, 1.53567419198e-11, 5.63515076615e-12, 3.54003854008e-10, 7.47609057994e-11, 2.50199444496e-10, 6.2287760727e-08, 5.96447591761e-07, 2.6265036368e-08, 2.94513228027e-07, 1.22516638612e-07, 1.21285907539e-07, 6.61563532844e-08, 1.90715269355e-07, 3.28601501565e-08, 2.37115528989e-07, 1.22108218648e-07, 2.37395610725e-07, 5.42702309758e-08, 7.63112097957e-08, 3.86384080286e-08, 4.19125747442e-08, 4.05679365656e-08, 3.56988962835e-08, 8.66987370784e-09, 4.13240730524e-09, 4.35636221541e-10, 2.2126887822e-10, 1.24208843211e-09, 6.20432455412e-11, 8.24432605517e-11, 2.48855428452e-12, 4.13378576161e-12, 5.68179130047e-13, 2.61887984443e-14, 1.51410713801e-14, 6.47697719162e-15, 3.04642578084e-15, 1.38128574385e-15, 6.21692431252e-16],
        "max": [2.36595660681e-05, 2.56583189184e-05, 8.75303067005e-06, 0.000167477046489, 6.44513056614e-05, 0.000151010157424, 0.001242747996, 0.00494202552363, 0.000795881205704, 0.00234802206978, 0.00117992830928, 0.00209666253068, 0.00142446625978, 0.00204540649429, 0.00156856782269, 0.00222292752005, 0.00175067596138, 0.00357465399429, 0.00197230838239, 0.00216432102025, 0.00101863185409, 0.00132525432855, 0.00127421831712, 0.00113545986824, 0.000572089920752, 0.00040551708662, 0.000134626941872, 8.29744021758e-05, 0.00025595293846, 4.14111964346e-05, 5.80500272918e-05, 1.13287906061e-05, 1.45731792145e-05, 3.84699342248e-06, 1.44615057707e-06, 7.15995270184e-07, 6.57921191305e-07, 2.23048161274e-07, 1.54748349246e-07, 1.19032918633e-07],
        "mean": [1.56661690198e-06, 1.04130890577e-06, 6.79850472807e-07, 4.6005702643e-06, 3.21152424476e-06, 3.19779496749e-06, 3.48793582816e-05, 0.000124207464978, 5.62271125091e-05, 0.000229572237004, 0.000136670467327, 8.48665004014e-05, 8.06514726719e-05, 8.48450727062e-05, 6.08490445302e-05, 0.000225095165661, 0.000200039212359, 0.000149961240822, 5.59276013519e-05, 9.71415938693e-05, 8.94311597222e-05, 7.70208134782e-05, 6.61350204609e-05, 3.64634834114e-05, 3.17898775393e-05, 1.50050291268e-05, 5.26118083144e-06, 3.48350818058e-06, 4.07531751989e-06, 1.2998694956e-06, 1.58545185514e-06, 4.54164080566e-07, 4.31176516713e-07, 2.04617819577e-07, 8.42163316861e-08, 4.47329213671e-08, 2.5954063787e-08, 1.84551502969e-08, 1.2110723091e-08, 7.74651987001e-09],
        "median": [7.29621660867e-07, 4.3299556296e-07, 2.67007436605e-07, 5.08429025103e-07, 3.35208397928e-07, 2.17916891643e-07, 2.616873644e-06, 6.03292210144e-06, 8.79903564055e-06, 7.567776629e-05, 5.1274728321e-05, 1.56060614245e-05, 1.08099429781e-05, 6.78505284668e-06, 6.63597393213e-06, 3.64042934962e-05, 4.88927435072e-05, 1.73116641236e-05, 1.31283486553e-05, 2.70684940915e-05, 2.71141325356e-05, 1.99761216209e-05, 1.02732010419e-05, 7.41185431252e-06, 7.28187887944e-06, 2.83655867861e-06, 1.29670547722e-06, 7.4863652344e-07, 8.94667493867e-07, 3.17042776032e-07, 3.23919579159e-07, 1.7272158459e-07, 1.44633531818e-07, 7.40621004525e-08, 3.31719292035e-08, 1.55650639044e-08, 8.85341400192e-09, 5.08378228403e-09, 3.58419049995e-09, 1.93892457645e-09],
        "min": [2.30734240603e-08, 1.12780416117e-08, 1.71531855386e-08, 1.21804522024e-08, 1.07671089822e-08, 9.80800507477e-09, 3.56701725934e-08, 4.86087223805e-08, 8.79901733697e-08, 2.01539890554e-07, 5.6318077668e-07, 1.57224661734e-07, 1.47889295476e-07, 1.12469429325e-07, 6.28752019338e-08, 1.98921867423e-07, 1.11862661356e-07, 2.54317768622e-07, 1.54081973847e-07, 2.25833744594e-07, 2.81544231484e-07, 6.9192630292e-08, 5.86763491128e-08, 4.9602707719e-08, 5.38479980605e-08, 3.84525762342e-08, 1.412003936e-08, 9.93198190358e-10, 1.21330998581e-08, 9.22802811942e-09, 3.44723516399e-09, 3.49491946494e-09, 1.83406134724e-09, 1.41264200337e-09, 1.22729182372e-09, 7.22411241938e-10, 4.23270501981e-10, 2.52716764182e-10, 2.12287895596e-10, 1.07125461279e-10],
        "var": [6.0485960858e-12, 4.16898720407e-12, 1.42877810277e-12, 2.83816886659e-10, 8.31248403443e-11, 1.71016409367e-10, 1.62862203723e-08, 2.5265725867e-07, 1.40920244363e-08, 1.28302232838e-07, 4.39432490396e-08, 4.14973158058e-08, 3.81604152722e-08, 7.26749220803e-08, 2.57865409026e-08, 1.76660066131e-07, 9.2139700314e-08, 1.53351024323e-07, 2.77178262564e-08, 3.9102815208e-08, 2.01646717102e-08, 2.35061250464e-08, 1.957075213e-08, 1.14175113808e-08, 5.46396261569e-09, 1.395620286e-09, 1.73928885183e-10, 6.88994694631e-11, 2.86746765221e-10, 1.2884512901e-11, 2.218873002e-11, 1.01564937016e-12, 1.30615635495e-12, 2.17087442857e-13, 1.96773580232e-14, 6.36105565059e-15, 3.03224009656e-15, 1.08427099391e-15, 4.71172082487e-16, 1.83570449402e-16]
    },
    "mfcc": {
        "mean": [-746.652282715, 91.2215270996, -115.671195984, -5.82972574234, -21.0165157318, -4.7600903511, -9.29701042175, 11.8837423325, 13.6289176941, 12.6599388123, 11.1358661652, 0.857374548912, -7.29543066025],
        "cov": [[3639.95996094, -565.592712402, -457.228179932, -200.067871094, -137.580612183, -21.8863887787, 2.0688123703, 69.4587783813, -139.626907349, -33.1020393372, -83.2108688354, -90.9665756226, -77.6904144287], [-565.592712402, 909.902099609, 416.438293457, -71.3249359131, -59.5847625732, -150.030090332, -135.800323486, -232.470611572, -100.610488892, -54.52709198, -17.9892578125, 112.68296051, 191.272232056], [-457.228179932, 416.438293457, 480.432769775, 7.90748405457, 8.35789871216, -53.8272438049, -29.5169944763, -154.321105957, -83.2434463501, -71.2154693604, -72.0907974243, 63.2284927368, 117.67502594], [-200.067871094, -71.3249359131, 7.90748405457, 172.543655396, 36.3512878418, 53.1107177734, 32.4435119629, 11.226401329, 36.5834960938, 0.200083643198, 25.7863101959, 3.41124606133, -33.8114395142], [-137.580612183, -59.5847625732, 8.35789871216, 36.3512878418, 151.831954956, 36.0558052063, 42.6625175476, 64.0674972534, 7.75039672852, -0.372990578413, -2.95961999893, -18.1028347015, -21.979642868], [-21.8863887787, -150.030090332, -53.8272438049, 53.1107177734, 36.0558052063, 158.234558105, 38.385471344, 43.1946678162, 81.2933425903, 10.196308136, 11.4891519547, -41.6790962219, -86.3824615479], [2.0688123703, -135.800323486, -29.5169944763, 32.4435119629, 42.6625175476, 38.385471344, 162.511138916, 49.1935768127, -4.60229873657, -18.9671611786, -59.3731613159, -4.63468027115, 14.1964626312], [69.4587783813, -232.470611572, -154.321105957, 11.226401329, 64.0674972534, 43.1946678162, 49.1935768127, 211.437362671, 50.6284599304, 27.956533432, 22.0358047485, -70.3442459106, -61.033657074], [-139.626907349, -100.610488892, -83.2434463501, 36.5834960938, 7.75039672852, 81.2933425903, -4.60229873657, 50.6284599304, 163.577148438, 18.0591983795, 37.9410438538, -30.7066631317, -103.631500244], [-33.1020393372, -54.52709198, -71.2154693604, 0.200083643198, -0.372990578413, 10.196308136, -18.9671611786, 27.956533432, 18.0591983795, 185.356613159, 66.5386352539, -29.4117565155, -11.2231721878], [-83.2108688354, -17.9892578125, -72.0907974243, 25.7863101959, -2.95961999893, 11.4891519547, -59.3731613159, 22.0358047485, 37.9410438538, 66.5386352539, 253.305587769, 28.0045471191, -102.531944275], [-90.9665756226, 112.68296051, 63.2284927368, 3.41124606133, -18.1028347015, -41.6790962219, -4.63468027115, -70.3442459106, -30.7066631317, -29.4117565155, 28.0045471191, 182.511245728, 106.5495224], [-77.6904144287, 191.272232056, 117.67502594, -33.8114395142, -21.979642868, -86.3824615479, 14.1964626312, -61.033657074, -103.631500244, -11.2231721878, -102.531944275, 106.5495224, 307.093536377]],
