{
"lowlevel": {
    "average_loudness": 0.986379146576,
    "barkbands_crest": {
        "dmean": 1.51232242584,
        "dmean2": 2.42595553398,
        "dvar": 1.50115561485,
        "dvar2": 3.03748869896,
        "max": 20.7621898651,
        "mean": 12.9770956039,
        "median": 12.8807783127,
        "min": 4.71249818802,
        "var": 10.8164358139
    },
    "barkbands_flatness_db": {
        "dmean": 0.00919807516038,
        "dmean2": 0.0147154489532,
        "dvar": 8.93951873877e-05,
        "dvar2": 0.000153215252794,
        "max": 0.246362537146,
        "mean": 0.191973805428,
        "median": 0.193434327841,
        "min": 0.138284996152,
        "var": 0.000645568594337
    },
    "barkbands_kurtosis": {
        "dmean": 0.47610014677,
        "dmean2": 0.790553748608,
        "dvar": 0.226055979729,
        "dvar2": 0.590393662453,
        "max": 3.15688991547,
        "mean": -0.0558697655797,
        "median": -0.28210234642,
        "min": -1.7024242878,
        "var": 0.999846935272
    },
    "barkbands_skewness": {
        "dmean": 0.220898583531,
        "dmean2": 0.361648231745,
        "dvar": 0.029716366902,
        "dvar2": 0.0801352486014,
        "max": 2.05747270584,
        "mean": 0.866552472115,
        "median": 0.90406280756,
        "min": -0.696254968643,
        "var": 0.300083905458
    },
    "barkbands_spread": {
        "dmean": 2.72100830078,
        "dmean2": 4.41999292374,
        "dvar": 4.03193855286,
        "dvar2": 10.6399583817,
        "max": 41.9114646912,
        "mean": 27.190038681,
        "median": 26.3439941406,
        "min": 17.3235206604,
        "var": 34.8431663513
    },
    "dissonance": {
        "dmean": 0.0166406854987,
        "dmean2": 0.0280614346266,
        "dvar": 0.000402120698709,
        "dvar2": 0.000818297441583,
        "max": 0.498846650124,
        "mean": 0.476323902607,
        "median": 0.484392851591,
        "min": 0.307824343443,
        "var": 0.000552626908757
    },
    "dynamic_complexity": 0.873850524426,
    "erbbands_crest": {
        "dmean": 2.01592111588,
        "dmean2": 3.38032031059,
        "dvar": 2.61272025108,
        "dvar2": 7.40615653992,
        "max": 25.1728248596,
        "mean": 11.4595022202,
        "median": 10.5804481506,
        "min": 4.36856174469,
        "var": 19.852273941
    },
    "erbbands_flatness_db": {
        "dmean": 0.00958270858973,
        "dmean2": 0.0156591180712,
        "dvar": 9.29213420022e-05,
        "dvar2": 0.000156999842147,
        "max": 0.279933154583,
        "mean": 0.229256078601,
        "median": 0.228387370706,
        "min": 0.14353902638,
        "var": 0.000453196815215
    },
    "erbbands_kurtosis": {
        "dmean": 0.63039624691,
        "dmean2": 1.07502567768,
        "dvar": 0.48109254241,
        "dvar2": 1.39370703697,
        "max": 5.38038158417,
        "mean": 0.322568565607,
        "median": -0.0636274814606,
        "min": -1.07139718533,
        "var": 1.31137037277
    },
    "erbbands_skewness": {
        "dmean": 0.279184401035,
        "dmean2": 0.483693897724,
        "dvar": 0.041693046689,
        "dvar2": 0.125395461917,
        "max": 1.36544704437,
        "mean": -0.168581977487,
        "median": -0.194547533989,
        "min": -1.44961547852,
        "var": 0.32598605752
    },
    "erbbands_spread": {
        "dmean": 3.54623055458,
        "dmean2": 5.78304481506,
        "dvar": 7.74965190887,
        "dvar2": 21.2798595428,
        "max": 46.4199752808,
        "mean": 25.7775764465,
        "median": 26.0202178955,
        "min": 10.7691888809,
        "var": 42.8450546265
    },
    "hfc": {
        "dmean": 4.41913843155,
        "dmean2": 6.69540119171,
        "dvar": 17.5315437317,
        "dvar2": 31.3717746735,
        "max": 74.8351364136,
        "mean": 32.9022331238,
        "median": 30.4184932709,
        "min": 0.740944802761,
        "var": 135.595794678
    },
    "melbands_crest": {
        "dmean": 1.67563056946,
        "dmean2": 2.53554940224,
        "dvar": 1.5478849411,
        "dvar2": 3.95024776459,
        "max": 24.2606716156,
        "mean": 16.5606327057,
        "median": 17.0892963409,
        "min": 8.11557197571,
        "var": 12.160949707
    },
    "melbands_flatness_db": {
        "dmean": 0.0103536229581,
        "dmean2": 0.0153635954484,
        "dvar": 7.64431024436e-05,
        "dvar2": 0.000176584129804,
        "max": 0.31634670496,
        "mean": 0.248083561659,
        "median": 0.251940608025,
        "min": 0.166071638465,
        "var": 0.00112029176671
    },
    "melbands_kurtosis": {
        "dmean": 1.69742465019,
        "dmean2": 2.82794547081,
        "dvar": 3.1797618866,
        "dvar2": 9.37603569031,
        "max": 17.744890213,
        "mean": 4.25748252869,
        "median": 3.48590517044,
        "min": -1.49855077267,
        "var": 14.9829797745
    },
    "melbands_skewness": {
        "dmean": 0.340655684471,
        "dmean2": 0.562740981579,
        "dvar": 0.0736546739936,
        "dvar2": 0.224497705698,
        "max": 3.98248887062,
        "mean": 1.96469211578,
        "median": 1.938139081,
        "min": 0.266386985779,
        "var": 0.659459769726
    },
    "melbands_spread": {
        "dmean": 3.76833462715,
        "dmean2": 6.17597436905,
        "dvar": 11.2619981766,
        "dvar2": 27.9033260345,
        "max": 64.4917373657,
        "mean": 29.297952652,
        "median": 27.1940841675,
        "min": 14.4988174438,
        "var": 104.094772339
    },
    "pitch_salience": {
        "dmean": 0.0374650396407,
        "dmean2": 0.0614393427968,
        "dvar": 0.00144317152444,
        "dvar2": 0.00262615294196,
        "max": 0.736986935139,
        "mean": 0.414188504219,
        "median": 0.408471435308,
        "min": 0.237792238593,
        "var": 0.00443213293329
    },
    "silence_rate_20dB": {
        "dmean": 0,
        "dmean2": 0,
        "dvar": 0,
        "dvar2": 0,
        "max": 1,
        "mean": 1,
        "median": 1,
        "min": 1,
        "var": 0
    },
    "silence_rate_30dB": {
        "dmean": 0,
        "dmean2": 0,
        "dvar": 0,
        "dvar2": 0,
        "max": 1,
        "mean": 1,
        "median": 1,
        "min": 1,
        "var": 0
    },
    "silence_rate_60dB": {
        "dmean": 0,
        "dmean2": 0,
        "dvar": 0,
        "dvar2": 0,
        "max": 0,
        "mean": 0,
        "median": 0,
        "min": 0,
        "var": 0
    },
    "spectral_centroid": {
        "dmean": 149.633453369,
        "dmean2": 244.187210083,
        "dvar": 13372.3662109,
        "dvar2": 35943.7734375,
        "max": 2589.23876953,
        "mean": 1657.42590332,
        "median": 1640.15905762,
        "min": 1045.14453125,
        "var": 107917.976562
    },
    "spectral_complexity": {
        "dmean": 2.54666662216,
        "dmean2": 4.02684545517,
        "dvar": 6.84782218933,
        "dvar2": 11.3684062958,
        "max": 38,
        "mean": 25.0331134796,
        "median": 24,
        "min": 1,
        "var": 29.4227390289
    },
    "spectral_decrease": {
        "dmean": 1.33569089122e-09,
        "dmean2": 2.16213691395e-09,
        "dvar": 1.59874273809e-18,
        "dvar2": 2.93449332659e-18,
        "max": -3.60194402083e-10,
        "mean": -1.20932641678e-08,
        "median": -1.23894414727e-08,
        "min": -1.68427849445e-08,
        "var": 3.79536686665e-18
    },
    "spectral_energy": {
        "dmean": 0.00529480958357,
        "dmean2": 0.00851822644472,
        "dvar": 2.53765156231e-05,
        "dvar2": 4.60056362499e-05,
        "max": 0.0657875537872,
        "mean": 0.0486269854009,
        "median": 0.0492428950965,
        "min": 0.00142666057218,
        "var": 5.75799131184e-05
    },
    "spectral_energyband_high": {
        "dmean": 9.53696580837e-05,
        "dmean2": 0.000134688525577,
        "dvar": 9.89720305711e-09,
        "dvar2": 1.81700183788e-08,
        "max": 0.00204095430672,
        "mean": 0.00056062429212,
        "median": 0.000454725697637,
        "min": 1.2622090253e-05,
        "var": 1.61712364388e-07
    },
    "spectral_energyband_low": {
        "dmean": 0.00379428709857,
        "dmean2": 0.00573036307469,
        "dvar": 1.21308657981e-05,
        "dvar2": 2.49555887422e-05,
        "max": 0.0446660220623,
        "mean": 0.0219559408724,
        "median": 0.0233368612826,
        "min": 0.000748953956645,
        "var": 8.71457596077e-05
    },
    "spectral_energyband_middle_high": {
        "dmean": 0.00216330657713,
        "dmean2": 0.00317353033461,
        "dvar": 4.06007393394e-06,
        "dvar2": 6.71256611895e-06,
        "max": 0.0336844213307,
        "mean": 0.0109478542581,
        "median": 0.00940291490406,
        "min": 0.000301474559819,
        "var": 3.62678947567e-05
    },
    "spectral_energyband_middle_low": {
        "dmean": 0.00361967762001,
        "dmean2": 0.00610205763951,
        "dvar": 9.22025810723e-06,
        "dvar2": 2.54826718447e-05,
        "max": 0.0386234261096,
        "mean": 0.0152580197901,
        "median": 0.0139961075038,
        "min": 0.000349150126567,
        "var": 6.70091976644e-05
    },
    "spectral_entropy": {
        "dmean": 0.0791244283319,
        "dmean2": 0.117744125426,
        "dvar": 0.00715624168515,
        "dvar2": 0.00900220870972,
        "max": 8.2362537384,
        "mean": 7.25199699402,
        "median": 7.26043558121,
        "min": 6.82158565521,
        "var": 0.0473402366042
    },
    "spectral_flux": {
        "dmean": 0.00947034452111,
        "dmean2": 0.0141524728388,
        "dvar": 0.000168464161106,
        "dvar2": 0.000283255620161,
        "max": 0.190954014659,
        "mean": 0.0673050135374,
        "median": 0.065342284739,
        "min": 0.041284635663,
        "var": 0.000352431001374
    },
    "spectral_kurtosis": {
        "dmean": 2.99102520943,
        "dmean2": 5.26524019241,
        "dvar": 6.60635519028,
        "dvar2": 19.5594272614,
        "max": 21.03074646,
        "mean": 5.36401796341,
        "median": 4.82685041428,
        "min": 0.952793598175,
        "var": 11.135761261
    },
    "spectral_rms": {
        "dmean": 0.000393722089939,
        "dmean2": 0.000624238571618,
        "dvar": 2.62314131305e-07,
        "dvar2": 3.77668129659e-07,
        "max": 0.00801142863929,
        "mean": 0.00685596931726,
        "median": 0.00693122297525,
        "min": 0.00117977289483,
        "var": 4.36625384737e-07
    },
    "spectral_rolloff": {
        "dmean": 159.05859375,
        "dmean2": 282.09942627,
        "dvar": 55170.2578125,
        "dvar2": 124880.523438,
        "max": 2325.5859375,
        "mean": 1399.3729248,
        "median": 1614.99023438,
        "min": 689.0625,
        "var": 240363.515625
    },
    "spectral_skewness": {
        "dmean": 0.298115551472,
        "dmean2": 0.524465978146,
        "dvar": 0.0780562832952,
        "dvar2": 0.209274798632,
        "max": 3.40266823769,
        "mean": 1.18946707249,
        "median": 1.11796367168,
        "min": 0.616740345955,
        "var": 0.158681586385
    },
    "spectral_spread": {
        "dmean": 213236.5625,
        "dmean2": 290112.75,
        "dvar": 490142466048,
        "dvar2": 295840776192,
        "max": 13208883,
        "mean": 2630160,
        "median": 2576178.5,
        "min": 1978772,
        "var": 835432939520
    },
    "spectral_strongpeak": {
        "dmean": 0.382351666689,
        "dmean2": 0.670120120049,
        "dvar": 1.17293715477,
        "dvar2": 2.99091005325,
        "max": 9.05522155762,
        "mean": 1.08652567863,
        "median": 0.577196359634,
        "min": 0,
        "var": 2.39492416382
    },
    "zerocrossingrate": {
        "dmean": 0.00385091151111,
        "dmean2": 0.00476811546832,
        "dvar": 1.20148215501e-05,
        "dvar2": 1.57048743858e-05,
        "max": 0.0771484375,
        "mean": 0.047123990953,
        "median": 0.04541015625,
        "min": 0.013671875,
        "var": 0.00016764101747
    },
    "barkbands": {
        "dmean": [3.81497920898e-05, 0.00362107087858, 0.000275309459539, 0.000272771896562, 0.00267070624977, 9.02084502741e-05, 0.00024305532861, 6.23557934887e-05, 0.0027107426431, 0.000306010741042, 0.000228635646636, 0.000343549094396, 9.81101984507e-05, 0.00150775536895, 0.00070976105053, 0.000356008473318, 0.000442943972303, 0.000294342666166, 0.000152569278725, 7.32863263693e-05, 7.79074543971e-05, 2.37359072344e-05, 1.6017455664e-06, 4.2086858798e-07, 2.82248066696e-07, 9.33756396648e-08, 7.74654296265e-08],
        "dmean2": [6.21980216238e-05, 0.00548192253336, 0.000390121917007, 0.000525617680978, 0.00492808129638, 0.000153023182065, 0.000388153333915, 0.000100610195659, 0.00475553609431, 0.000551696459297, 0.000367591273971, 0.000609321927186, 0.000166005425854, 0.00215415167622, 0.00102527823765, 0.000624411331955, 0.000735012174118, 0.000459984556073, 0.000234401115449, 0.000119283235108, 0.000113136877189, 3.74084229406e-05, 2.80622384707e-06, 6.89802902798e-07, 4.21183415256e-07, 1.26202962747e-07, 9.41301863122e-08],
        "dvar": [7.73780506336e-09, 1.21355815281e-05, 4.35020837131e-08, 5.17082376916e-08, 4.830947546e-06, 7.93904675334e-09, 4.3090395252e-08, 3.9808361052e-09, 4.69867927677e-06, 1.36531042472e-07, 7.52670885618e-08, 1.99184242433e-07, 1.20851098018e-08, 3.07102163788e-06, 6.78647154473e-07, 2.16918778051e-07, 1.89722030086e-07, 8.49221990507e-08, 2.28052243756e-08, 6.93927493245e-09, 9.07984176735e-09, 9.48433220849e-10, 2.5943190738e-12, 3.45186552952e-13, 2.87233019487e-13, 2.76946515851e-13, 3.19302391602e-13],
        "dvar2": [8.49289705229e-09, 2.39498695009e-05, 9.41224271855e-08, 1.65829050047e-07, 1.39301746458e-05, 2.14244728625e-08, 1.33467779051e-07, 1.04557065228e-08, 1.25848737298e-05, 4.10018230923e-07, 1.85207866821e-07, 5.29209728484e-07, 3.02941813857e-08, 6.00205794399e-06, 1.22048197682e-06, 5.87573083521e-07, 5.28107875652e-07, 1.69658079585e-07, 4.21896686476e-08, 1.66125531109e-08, 1.59303539249e-08, 2.20391149774e-09, 7.08385260173e-12, 5.39442405675e-13, 3.34114111161e-13, 2.74845196515e-13, 3.20689682492e-13],
        "max": [0.00108933378942, 0.0436669811606, 0.00164345325902, 0.00192526087631, 0.0224674362689, 0.000702636083588, 0.00125327007845, 0.000535087310709, 0.0259748548269, 0.00314911222085, 0.00239298911765, 0.0030822341796, 0.00117384537589, 0.0192993003875, 0.0139671433717, 0.00518601480871, 0.00423956522718, 0.00333121977746, 0.00186033651698, 0.00111640687101, 0.00183803064283, 0.000262576533714, 1.31187080115e-05, 6.52763537801e-06, 6.75815317663e-06, 6.59581291984e-06, 7.08360903445e-06],
        "mean": [4.53972388641e-05, 0.0215124543756, 0.000367479078704, 0.000370448746253, 0.00524182943627, 0.000102019890619, 0.00038951751776, 0.000107257445052, 0.00877626705915, 0.00056263623992, 0.000571641954593, 0.000521977141034, 0.000233445985941, 0.0036870429758, 0.00224334956147, 0.000786595686805, 0.000997693976387, 0.000943064806052, 0.000496577762533, 0.000182729942026, 0.000420821626903, 6.03789194429e-05, 3.59555542673e-06, 1.17263755328e-06, 1.19502863072e-06, 1.44959358295e-07, 2.47899095029e-07],
        "median": [3.36961020366e-05, 0.0226011015475, 0.000353733688826, 0.000271001772489, 0.00404321681708, 6.78371652612e-05, 0.000305039662635, 9.11298629944e-05, 0.00802364572883, 0.000305987952743, 0.00036171003012, 0.000330596987624, 0.000156969195814, 0.00223114597611, 0.00149266968947, 0.00062067003455, 0.000844273425173, 0.000804390641861, 0.000433823239291, 0.000138693401823, 0.000292345735943, 4.16353504988e-05, 3.26686176777e-06, 1.0460712474e-06, 1.02706212601e-06, 9.39752027307e-08, 1.96340749881e-07],
        "min": [9.46138072777e-07, 0.000400573248044, 4.17040428147e-06, 1.19386040751e-05, 9.24335836316e-05, 9.70840574155e-07, 9.00074337551e-06, 1.62569212989e-05, 9.54168208409e-05, 3.40418555425e-05, 3.98180054617e-05, 1.29849249788e-05, 8.66932350618e-06, 9.89612963167e-05, 2.59516946244e-05, 1.58066141012e-05, 1.59137325682e-05, 8.69849009177e-06, 1.29863046823e-05, 4.60981300421e-06, 9.70364999375e-06, 1.58313730481e-06, 1.23589586565e-07, 6.88995740461e-08, 7.23966522287e-08, 2.30636878484e-08, 2.61310670879e-08],
        "var": [8.14108869207e-09, 8.65670590429e-05, 6.86560710506e-08, 1.06297839864e-07, 2.00854101422e-05, 1.15697771363e-08, 7.42573575963e-08, 6.8324705893e-09, 3.57124845323e-05, 3.97540617314e-07, 2.78987414504e-07, 2.77547570704e-07, 5.32156008148e-08, 1.40896891025e-05, 5.19461946169e-06, 4.36496691236e-07, 5.36762172487e-07, 4.1990341515e-07, 1.06326446314e-07, 2.44916744663e-08, 1.28783014475e-07, 2.76109801689e-09, 4.13186759113e-12, 5.69020199882e-13, 5.42374793081e-13, 2.83130696622e-13, 3.16684449931e-13]
    },
    "erbbands": {
        "dmean": [0.0966447293758, 0.86036580801, 0.755708992481, 0.371546894312, 6.87072038651, 8.60681533813, 0.829240858555, 0.969619452953, 1.6995806694, 3.43850231171, 4.63998222351, 82.8727340698, 19.3498592377, 7.58589935303, 6.92864179611, 15.6899394989, 4.80994176865, 44.8575134277, 42.6738548279, 21.9573688507, 27.3732128143, 20.9069538116, 13.7325277328, 10.8875350952, 8.44744300842, 2.68689823151, 1.9355969429, 3.78701782227, 1.11679112911, 0.222026869655, 0.0519540905952, 0.0153773231432, 0.00484635215253, 0.00478354375809, 0.00167890649755, 0.000592090596911, 0.000123443169286, 3.7229321606e-05, 1.17082990982e-05, 6.62291949993e-06],
        "dmean2": [0.156983882189, 1.25685298443, 1.02183318138, 0.672420322895, 12.1835412979, 16.1299419403, 1.40247404575, 1.69011974335, 2.63706684113, 5.62986135483, 8.5749874115, 148.492645264, 33.5605506897, 12.7376384735, 11.6353149414, 27.8719158173, 7.74682617188, 62.901309967, 60.1766548157, 32.4495010376, 47.3964233398, 33.9663238525, 21.438627243, 17.0134563446, 12.3185176849, 4.50003433228, 3.057700634, 4.97147989273, 1.7484806776, 0.329274356365, 0.0908433198929, 0.0256786048412, 0.00771281402558, 0.00762102520093, 0.00264509022236, 0.000864533183631, 0.000151543674292, 4.26191945735e-05, 1.47102336996e-05, 1.018202056e-05],
        "dvar": [0.00802329834551, 0.67946767807, 0.25705191493, 0.114989876747, 38.6834754944, 53.3062362671, 0.791952371597, 0.947051286697, 1.92370867729, 9.99010467529, 13.6896858215, 4576.46435547, 330.892272949, 88.2227706909, 66.1073303223, 398.423248291, 26.1087207794, 2596.16015625, 1594.09155273, 629.903686523, 1361.19494629, 388.738128662, 149.030609131, 96.0965576172, 77.2102966309, 9.96445465088, 5.75300693512, 24.7901382446, 2.17050528526, 0.121970139444, 0.00302233942784, 0.00024793218472, 8.21608336992e-05, 4.80397648062e-05, 1.42148946907e-05, 4.20380820287e-06, 9.88552528725e-07, 1.27154692109e-07, 6.2563025871e-09, 6.32300739545e-11],
        "dvar2": [0.0192116778344, 1.25624084473, 0.734752655029, 0.335668206215, 95.598815918, 163.785644531, 1.90227019787, 2.59577512741, 5.81715583801, 30.3662834167, 37.1502685547, 11669.5117188, 944.493164062, 227.993835449, 161.754714966, 1115.80090332, 66.5663528442, 4791.03076172, 3340.56518555, 1227.73803711, 3996.53637695, 887.116210938, 332.308135986, 242.771072388, 142.061019897, 23.9047851562, 14.6052522659, 37.8076515198, 5.45925998688, 0.275319933891, 0.00817357283086, 0.000611475959886, 9.8722288385e-05, 6.52157978038e-05, 1.74487795448e-05, 4.39563609689e-06, 9.94909214569e-07, 1.27862818999e-07, 6.2510756571e-09, 9.03536689911e-11],
        "max": [1.07191061974, 10.3523015976, 5.01933765411, 3.95610761642, 78.7600250244, 50.4263381958, 8.47012901306, 8.81129264832, 9.67738819122, 19.1322364807, 38.0520782471, 792.516540527, 172.504669189, 86.3071975708, 56.1778335571, 130.542129517, 56.9062767029, 578.825866699, 529.799865723, 433.890167236, 360.151062012, 152.115463257, 132.027770996, 105.076377869, 111.277748108, 37.9513626099, 29.9608135223, 104.659675598, 12.956196785, 3.34415864944, 0.450607836246, 0.13572819531, 0.109284929931, 0.0794889032841, 0.0466664768755, 0.025964980945, 0.0123004615307, 0.00441416120157, 0.00101374532096, 0.000129648571601],
        "mean": [0.533757328987, 5.11352014542, 2.15196108818, 0.985189080238, 16.6252632141, 12.8221912384, 1.58325886726, 1.14109885693, 3.18414115906, 5.70576000214, 13.2775478363, 259.373382568, 63.1233444214, 21.3734340668, 17.3579139709, 23.1477546692, 13.892747879, 114.398994446, 149.533950806, 73.6564331055, 61.6534385681, 49.4238891602, 43.8316459656, 36.7836418152, 24.5471591949, 7.89867210388, 7.55197143555, 21.7366333008, 3.39864087105, 0.509976685047, 0.122259281576, 0.0388542935252, 0.016834821552, 0.0216503329575, 0.00444651488215, 0.00125719618518, 0.000179781884071, 7.23804769223e-05, 5.41935987712e-05, 6.1645747337e-05],
        "median": [0.581315040588, 5.43979406357, 2.10772895813, 0.792593955994, 11.6490573883, 9.83992576599, 1.22333240509, 0.791872501373, 2.69709205627, 4.42745113373, 12.1871747971, 229.086669922, 60.8884239197, 13.4550247192, 13.1013879776, 15.3668279648, 10.2297401428, 72.2088851929, 117.943328857, 53.3839111328, 48.3958892822, 43.0911903381, 37.8702850342, 31.3691902161, 19.7859306335, 5.83028554916, 6.00511312485, 13.77846241, 2.50330328941, 0.373591721058, 0.110606878996, 0.0349011868238, 0.0151618989184, 0.0188951063901, 0.00380201567896, 0.000979171134531, 8.18696644274e-05, 4.03204940085e-05, 4.69808946946e-05, 6.15153257968e-05],
        "min": [0.0139583898708, 0.0816348418593, 0.208730906248, 0.202864900231, 0.414852410555, 0.257166713476, 0.0536530166864, 0.00876493379474, 0.0747292414308, 0.249566495419, 0.526245415211, 2.16590261459, 1.78498852253, 1.48631286621, 1.36948239803, 0.515559613705, 0.441051930189, 3.8850851059, 4.16651058197, 0.643163204193, 0.981359004974, 0.969700694084, 0.663679838181, 0.255842477083, 0.884204685688, 0.173575803638, 0.173254191875, 0.492841213942, 0.0820641368628, 0.0112971421331, 0.0038302547764, 0.00237762392499, 0.0011293013813, 0.00122737127822, 0.000280023406958, 0.000162414755323, 4.18625168095e-05, 1.5464003809e-05, 4.41436213805e-06, 2.03108493224e-06],
        "var": [0.0518249869347, 4.95428323746, 0.913548946381, 0.439215809107, 242.449188232, 102.913497925, 1.57515060902, 1.35561740398, 3.97283864021, 14.5877599716, 62.1096801758, 33589.109375, 1159.38916016, 373.174713135, 168.763580322, 528.969909668, 118.286811829, 12555.2167969, 11785.9814453, 4746.06445312, 3036.20263672, 987.764709473, 714.995178223, 411.661621094, 371.346710205, 37.0199775696, 26.3012008667, 416.457977295, 7.43031311035, 0.218458265066, 0.00469386996701, 0.000491683429573, 0.000131273132865, 0.000160647949087, 1.62413653015e-05, 4.48754462923e-06, 9.86265831671e-07, 1.25919328298e-07, 6.22109208592e-09, 1.02664168833e-10]
    },
    "gfcc": {
        "mean": [1.47176623344, 145.556030273, -169.321899414, 53.3077049255, -21.6437225342, 7.05937004089, 0.995021164417, 7.98355674744, -0.197593614459, -4.41226577759, -24.1448726654, -19.0676174164, 6.74482011795],
        "cov": [[388.365905762, -60.1305198669, -113.347015381, -7.71659326553, -70.7363052368, -0.936841607094, -22.4550895691, -29.288766861, -29.1789455414, -12.0937862396, -1.63775146008, 15.2338981628, 40.7003974915], [-60.1305198669, 96.7760772705, 42.4484901428, -6.00710248947, 13.0968103409, -29.1449127197, -2.46982502937, 3.27253103256, 17.9980316162, -14.6011571884, -4.03268575668, -27.549413681, -13.9364271164], [-113.347015381, 42.4484901428, 142.528533936, 20.5393848419, 6.76420116425, -21.9909057617, -7.9774479866, 10.5941171646, -0.16855815053, -14.9884719849, -13.9588947296, -0.00886184070259, -16.516160965], [-7.71659326553, -6.00710248947, 20.5393848419, 93.7965011597, 0.567356586456, -1.0094640255, 12.1555252075, -16.0646362305, 16.0288791656, 4.46598529816, 1.75216436386, 11.9027767181, 28.4568748474], [-70.7363052368, 13.0968103409, 6.76420116425, 0.567356586456, 84.7303848267, 2.09153652191, -19.6201992035, 7.17507505417, 6.11210346222, 19.2348918915, 29.8256092072, 5.09163188934, -14.3700551987], [-0.936841607094, -29.1449127197, -21.9909057617, -1.0094640255, 2.09153652191, 47.8645362854, 23.505022049, -9.12337017059, -2.06097745895, 6.21150016785, 11.4626274109, 8.16292762756, 3.64699912071], [-22.4550895691, -2.46982502937, -7.9774479866, 12.1555252075, -19.6201992035, 23.505022049, 58.5400657654, 11.6595087051, 15.5325832367, 2.43383598328, -9.70858383179, -0.697875618935, 7.34961032867], [-29.288766861, 3.27253103256, 10.5941171646, -16.0646362305, 7.17507505417, -9.12337017059, 11.6595087051, 44.0035400391, 19.8379840851, 1.05409312248, 0.552138328552, -3.80216264725, -13.0846223831], [-29.1789455414, 17.9980316162, -0.16855815053, 16.0288791656, 6.11210346222, -2.06097745895, 15.5325832367, 19.8379840851, 65.1557846069, 16.8290863037, 1.51439070702, -6.47300863266, -2.96036052704], [-12.0937862396, -14.6011571884, -14.9884719849, 4.46598529816, 19.2348918915, 6.21150016785, 2.43383598328, 1.05409312248, 16.8290863037, 56.624168396, 33.6492500305, 6.31965446472, 5.36181879044], [-1.63775146008, -4.03268575668, -13.9588947296, 1.75216436386, 29.8256092072, 11.4626274109, -9.70858383179, 0.552138328552, 1.51439070702, 33.6492500305, 59.2969932556, 17.6034450531, -0.269527286291], [15.2338981628, -27.549413681, -0.00886184070259, 11.9027767181, 5.09163188934, 8.16292762756, -0.697875618935, -3.80216264725, -6.47300863266, 6.31965446472, 17.6034450531, 44.6166648865, 13.6007452011], [40.7003974915, -13.9364271164, -16.516160965, 28.4568748474, -14.3700551987, 3.64699912071, 7.34961032867, -13.0846223831, -2.96036052704, 5.36181879044, -0.269527286291, 13.6007452011, 35.2945632935]],
        "icov": [[0.00521329091862, 0.00124820438214, 0.00352257513441, 0.000312926800689, 0.00424595642835, 0.0011566223111, 0.00339818652719, 0.000238268388784, 5.17842909176e-06, 0.00208874745294, -0.00188648677431, -0.000237462474615, -0.00337267876603], [0.00124820438214, 0.0481780916452, -0.0154103934765, 0.023226596415, -0.0159967653453, 0.047586388886, -0.0351397059858, 0.0397535003722, -0.0252888370305, 0.0353534407914, -0.0367088988423, 0.0300999712199, -0.0171002820134], [0.00352257513441, -0.0154103934765, 0.0176319163293, -0.0130119295791, 0.00872813165188, -0.012486002408, 0.0151238655671, -0.0158185418695, 0.0107443621382, -0.0106567209587, 0.0139835551381, -0.0132178030908, 0.0121454373002], [0.000312926800689, 0.023226596415, -0.0130119295791, 0.0329058468342, -0.012532687746, 0.0287895575166, -0.0251407083124, 0.0308545045555, -0.0206022299826, 0.0219487883151, -0.0224855579436, 0.0145712923259, -0.0260623302311], [0.00424595642835, -0.0159967653453, 0.00872813165188, -0.012532687746, 0.0277166031301, -0.0209470875561, 0.024008160457, -0.0193174947053, 0.00930173974484, -0.0145766856149, 0.00720628304407, -0.0116052599624, 0.0117863304913], [0.0011566223111, 0.047586388886, -0.012486002408, 0.0287895575166, -0.0209470875561, 0.0873503014445, -0.0592463091016, 0.0572380423546, -0.0256436876953, 0.0396712832153, -0.0463860668242, 0.0247989278287, -0.0136844087392], [0.00339818652719, -0.0351397059858, 0.0151238655671, -0.0251407083124, 0.024008160457, -0.0592463091016, 0.0671966895461, -0.0491570793092, 0.0177901349962, -0.0313009694219, 0.0363965965807, -0.0209152717143, 0.00781853217632], [0.000238268388784, 0.0397535003722, -0.0158185418695, 0.0308545045555, -0.0193174947053, 0.0572380423546, -0.0491570793092, 0.0768793821335, -0.0330590158701, 0.0352189317346, -0.0375681854784, 0.0213904231787, -0.00855183135718], [5.17842909176e-06, -0.0252888370305, 0.0107443621382, -0.0206022299826, 0.00930173974484, -0.0256436876953, 0.0177901349962, -0.0330590158701, 0.0375091657043, -0.0277314670384, 0.0237982515246, -0.0135894073173, 0.0149011546746], [0.00208874745294, 0.0353534407914, -0.0106567209587, 0.0219487883151, -0.0145766856149, 0.0396712832153, -0.0313009694219, 0.0352189317346, -0.0277314670384, 0.0596496723592, -0.0472736470401, 0.0254066120833, -0.0231311284006], [-0.00188648677431, -0.0367088988423, 0.0139835551381, -0.0224855579436, 0.00720628304407, -0.0463860668242, 0.0363965965807, -0.0375681854784, 0.0237982515246, -0.0472736470401, 0.0661457702518, -0.0333756096661, 0.0211181789637], [-0.000237462474615, 0.0300999712199, -0.0132178030908, 0.0145712923259, -0.0116052599624, 0.0247989278287, -0.0209152717143, 0.0213904231787, -0.0135894073173, 0.0254066120833, -0.0333756096661, 0.050887260586, -0.0256405118853], [-0.00337267876603, -0.0171002820134, 0.0121454373002, -0.0260623302311, 0.0117863304913, -0.0136844087392, 0.00781853217632, -0.00855183135718, 0.0149011546746, -0.0231311284006, 0.0211181789637, -0.0256405118853, 0.0683866590261]]
    },
    "melbands": {
        "dmean": [0.000943375809584, 0.000691080698743, 0.000193009283976, 0.000740315648727, 6.48056447972e-05, 1.96136716113e-05, 3.63194121746e-05, 3.0792914913e-05, 5.75961421418e-05, 0.0005289146211, 7.71765189711e-05, 3.09324386762e-05, 2.94173005386e-05, 4.40935655206e-05, 1.48621775224e-05, 1.28124065668e-05, 0.000113500514999, 9.86874511e-05, 6.97434588801e-05, 1.68643637153e-05, 4.11189394072e-05, 2.38087886828e-05, 1.45230987982e-05, 1.43872011904e-05, 9.0296516646e-06, 8.47498904477e-06, 3.99669715989e-06, 1.89155866792e-06, 1.04989715055e-06, 2.48189166996e-06, 1.81128893928e-06, 7.14839529792e-07, 4.32180712551e-07, 4.28838440314e-08, 3.70584913867e-08, 1.70471086136e-08, 7.36889660402e-09, 3.57399088102e-09, 3.81228781876e-09, 4.02434485736e-09],
        "dmean2": [0.00147217104677, 0.000964392733295, 0.000325908651575, 0.00138052378315, 0.000112961475679, 3.40518672601e-05, 5.68090072193e-05, 4.99796587974e-05, 0.000110850764031, 0.000930085778236, 0.000135359034175, 5.20263056387e-05, 4.74787484563e-05, 7.90858175606e-05, 2.57471037912e-05, 2.13951443584e-05, 0.000159733186592, 0.000144306613947, 0.000100415054476, 2.9823208024e-05, 7.28988306946e-05, 3.93410082324e-05, 2.26105439651e-05, 2.10906127904e-05, 1.42075950862e-05, 1.25090118672e-05, 6.42574741505e-06, 3.21046877616e-06, 1.67302368936e-06, 3.73409989152e-06, 2.35262564274e-06, 1.08805193122e-06, 6.62488503167e-07, 6.78802436482e-08, 6.67549073796e-08, 2.88625212619e-08, 1.25642447557e-08, 5.79547210222e-09, 5.91532556271e-09, 6.47093489903e-09],
        "dvar": [8.78438129348e-07, 3.09222457417e-07, 3.44798110063e-08, 3.74160123329e-07, 4.9850195083e-09, 3.87589765838e-10, 8.99422702982e-10, 8.14049383457e-10, 1.66267888346e-09, 1.80894261348e-07, 6.62715571309e-09, 1.40423739303e-09, 1.16667764338e-09, 3.29760796447e-09, 3.9702971466e-10, 1.97082822284e-10, 1.70103984232e-08, 1.13451248396e-08, 7.18613435424e-09, 6.05452410429e-10, 3.39598682508e-09, 5.09788378178e-10, 1.48322243376e-10, 2.16591550251e-10, 6.93395826867e-11, 9.31282828631e-11, 2.21615590462e-11, 4.59021319218e-12, 1.78717284027e-12, 8.67666528903e-12, 5.48692298194e-12, 7.71395967936e-13, 3.97700291753e-13, 3.55010502908e-15, 1.57154257869e-15, 2.22411079024e-16, 7.86436210208e-17, 4.47344602312e-17, 3.47460260328e-17, 3.39271966357e-17],
        "dvar2": [1.74995898305e-06, 7.11230825345e-07, 8.97182985682e-08, 1.11364875011e-06, 1.47688039576e-08, 1.05849318199e-09, 2.75207923117e-09, 2.48414533388e-09, 5.25713961252e-09, 4.64761939156e-07, 1.86278192871e-08, 3.7129888053e-09, 3.01606961628e-09, 8.70741168058e-09, 1.04104147525e-09, 4.84498274833e-10, 3.16870867323e-08, 2.39905624255e-08, 1.36705295972e-08, 1.66833069581e-09, 1.05643982451e-08, 1.33986688411e-09, 3.61285529271e-10, 4.59094012806e-10, 1.8234136423e-10, 1.52873991244e-10, 5.81290293677e-11, 1.23513300282e-11, 4.2823179898e-12, 1.635749175e-11, 8.2544466054e-12, 1.97933791753e-12, 9.8680796607e-13, 7.92667577491e-15, 4.26818250407e-15, 6.6458993841e-16, 1.66761332026e-16, 5.77648015014e-17, 4.7022567537e-17, 4.62197060344e-17],
        "max": [0.0117487981915, 0.00669365841895, 0.00259466632269, 0.00568995624781, 0.000613231502939, 0.000168993195985, 0.000199488640646, 0.000173705891939, 0.000283266301267, 0.00516827963293, 0.000694829446729, 0.000350623507984, 0.000255927297985, 0.000402489997214, 0.000146414429764, 0.000154855748406, 0.00146647565998, 0.00117930397391, 0.00139828410465, 0.00024826527806, 0.000562898698263, 0.000191751794773, 0.000103660022432, 0.000169124978129, 7.79047768447e-05, 0.00012702929962, 5.13005106768e-05, 2.02831179195e-05, 1.7547616153e-05, 4.97338187415e-05, 4.98606532346e-05, 6.74213606544e-06, 4.7218823056e-06, 6.45959119083e-07, 3.06043318687e-07, 1.35579000471e-07, 8.217159575e-08, 7.69636088194e-08, 7.10450152042e-08, 6.52830252079e-08],
        "mean": [0.00586410006508, 0.00319732981734, 0.000530353398062, 0.00133066938724, 9.2650669103e-05, 2.16085500142e-05, 6.35476098978e-05, 5.32912781637e-05, 9.46269719861e-05, 0.00171256798785, 0.000225223280722, 7.76932211011e-05, 6.86531056999e-05, 6.65480110911e-05, 2.62318499153e-05, 3.03622546198e-05, 0.000278908730252, 0.000284240959445, 0.000208143464988, 3.59103323717e-05, 8.23096997919e-05, 5.25554278283e-05, 3.88405387639e-05, 4.46928788733e-05, 2.75830207102e-05, 2.40268309426e-05, 8.47367209644e-06, 4.41162319476e-06, 2.83286203739e-06, 1.20440081446e-05, 1.01463783722e-05, 1.65807784924e-06, 7.80298137215e-07, 9.39675288691e-08, 7.13640915251e-08, 3.77743241131e-08, 1.75192926832e-08, 1.05225357316e-08, 1.45398146856e-08, 1.75238685785e-08],
        "median": [0.00619836337864, 0.0034581257496, 0.000378597702365, 0.00105886242818, 6.70346198604e-05, 1.42438238981e-05, 5.22481423104e-05, 4.39799550804e-05, 8.14766681287e-05, 0.0015289329458, 0.000206471027923, 4.47974016424e-05, 4.5455621148e-05, 4.19963980676e-05, 1.48451044879e-05, 2.05601263588e-05, 0.000168598242453, 0.000190661841771, 0.000137492199428, 3.17972844641e-05, 5.88221409998e-05, 4.44494362455e-05, 3.34241594828e-05, 3.64308216376e-05, 2.364482134e-05, 1.82487110578e-05, 6.92962203175e-06, 2.86077215605e-06, 2.03351964956e-06, 8.51440836414e-06, 6.4439691414e-06, 9.31048418806e-07, 4.75309946069e-07, 7.5862999438e-08, 6.1709492627e-08, 3.23412301384e-08, 1.60981556974e-08, 8.93062779284e-09, 1.32381714479e-08, 1.48862397964e-08],
        "min": [0.000126923798234, 0.000111471541459, 4.0460829041e-05, 2.554956518e-05, 3.10155633088e-06, 1.66193160567e-07, 1.34131596496e-06, 2.92164259008e-06, 5.03618775838e-06, 1.46948414113e-05, 8.47046794661e-06, 4.18899435317e-06, 4.95012636748e-06, 1.61108630437e-06, 9.02199587927e-07, 1.18393904813e-06, 6.86561406837e-06, 8.73642147781e-06, 1.38977122788e-06, 7.07914409759e-07, 1.15113402899e-06, 8.76759372659e-07, 9.2231346116e-07, 3.73784871499e-07, 1.13730919793e-07, 7.29014175249e-07, 3.40138456068e-07, 5.73895100331e-08, 6.1774436233e-08, 2.47555590249e-07, 2.65506287178e-07, 4.25414157235e-08, 1.31942323733e-08, 2.76249623177e-09, 1.74494940719e-09, 2.65988497894e-09, 8.88872919713e-10, 7.15974057819e-10, 9.202478779e-10, 9.86841830475e-10],
        "var": [6.32559476799e-06, 1.92898050955e-06, 2.24184589115e-07, 1.35342338581e-06, 6.78085276817e-09, 5.51469592214e-10, 1.7645663819e-09, 1.21926035934e-09, 3.58047769211e-09, 1.43916770412e-06, 1.69036180608e-08, 6.02643490666e-09, 3.46338024926e-09, 4.29817692549e-09, 7.3615036289e-10, 8.54026738217e-10, 8.17887908511e-08, 5.52112311425e-08, 5.14478273317e-08, 8.30115476358e-10, 6.69766642147e-09, 1.32939215192e-09, 5.10832320888e-10, 1.08119946329e-09, 2.87781160013e-10, 4.69527972058e-10, 5.09278522132e-11, 1.48007665152e-11, 6.25463396353e-12, 9.76009412179e-11, 9.35400090718e-11, 2.60401292543e-12, 7.2203598352e-13, 5.55391033185e-15, 1.99237162853e-15, 4.70869162329e-16, 1.29148741359e-16, 6.89619682592e-17, 7.21641432291e-17, 1.12865710854e-16]
    },
    "mfcc": {
        "mean": [-625.245666504, 159.513473511, -59.930721283, 54.3191490173, 3.32441139221, 20.9049015045, 8.84625816345, 12.4773035049, 32.6746902466, 11.5946397781, 14.8071060181, -9.64602470398, -19.4465694427],
        "cov": [[538.585205078, -117.727813721, -91.3015365601, -50.6664009094, -78.1641998291, 3.37532067299, -1.66386306286, -36.132106781, -2.93562340736, -45.5686378479, -58.7039985657, -16.7582550049, 44.5384750366], [-117.727813721, 121.472160339, 18.1383705139, 6.64679288864, 31.2956542969, -34.7558364868, -10.1164255142, 5.71811056137, -15.9486246109, 17.1362094879, 19.2330703735, 3.21798706055, -45.7796363831], [-91.3015365601, 18.1383705139, 122.567436218, 37.8704376221, -5.36529159546, 2.15227413177, -12.2675170898, 8.36277961731, 9.07848930359, -2.51340198517, -1.3966345787, -6.91834163666, -9.77063655853], [-50.6664009094, 6.64679288864, 37.8704376221, 83.0209274292, 24.5334014893, 4.69442653656, -20.6649284363, -4.22426080704, 19.773601532, -1.27694046497, 6.93387842178, -3.16281366348, 6.64936256409], [-78.1641998291, 31.2956542969, -5.36529159546, 24.5334014893, 81.5345993042, -12.3748311996, -10.5805044174, -0.0154157383367, -27.278799057, 8.3177318573, 14.3042573929, 8.80350112915, -16.2581062317], [3.37532067299, -34.7558364868, 2.15227413177, 4.69442653656, -12.3748311996, 61.7573432922, 12.3013963699, -2.76657319069, 7.05690670013, -6.57877779007, 2.89754748344, -8.81445503235, 19.8420696259], [-1.66386306286, -10.1164255142, -12.2675170898, -20.6649284363, -10.5805044174, 12.3013963699, 54.8113021851, -2.67129468918, -10.2234582901, -7.49056577682, -7.44442033768, 3.83837962151, 5.39359855652], [-36.132106781, 5.71811056137, 8.36277961731, -4.22426080704, -0.0154157383367, -2.76657319069, -2.67129468918, 58.3379898071, 7.9632024765, -2.43109250069, 5.49563264847, 0.320110708475, -14.1487617493], [-2.93562340736, -15.9486246109, 9.07848930359, 19.773601532, -27.278799057, 7.05690670013, -10.2234582901, 7.9632024765, 59.0738754272, 3.42811489105, 1.59031522274, -0.722088336945, 5.64567136765], [-45.5686378479, 17.1362094879, -2.51340198517, -1.27694046497, 8.3177318573, -6.57877779007, -7.49056577682, -2.43109250069, 3.42811489105, 56.8200378418, 28.6028842926, -8.15845584869, -11.6153697968], [-58.7039985657, 19.2330703735, -1.3966345787, 6.93387842178, 14.3042573929, 2.89754748344, -7.44442033768, 5.49563264847, 1.59031522274, 28.6028842926, 49.2398681641, 6.42766094208, -2.24405097961], [-16.7582550049, 3.21798706055, -6.91834163666, -3.16281366348, 8.80350112915, -8.81445503235, 3.83837962151, 0.320110708475, -0.722088336945, -8.15845584869, 6.42766094208, 49.9047546387, 23.3884105682], [44.5384750366, -45.7796363831, -9.77063655853, 6.64936256409, -16.2581062317, 19.8420696259, 5.39359855652, -14.1487617493, 5.64567136765, -11.6153697968, -2.24405097961, 23.3884105682, 81.7330627441]],
