{
"lowlevel": {
    "average_loudness": 0.967428445816,
    "barkbands_crest": {
        "dmean": 3.42446684837,
        "dmean2": 5.47513723373,
        "dvar": 8.99479103088,
        "dvar2": 22.7338027954,
        "max": 21.8108444214,
        "mean": 10.3285598755,
        "median": 9.56741523743,
        "min": 3.95482993126,
        "var": 16.8580722809
    },
    "barkbands_flatness_db": {
        "dmean": 0.0300153512508,
        "dmean2": 0.0433412306011,
        "dvar": 0.000736746587791,
        "dvar2": 0.00149984215386,
        "max": 0.332666397095,
        "mean": 0.16577257216,
        "median": 0.158694669604,
        "min": 0.081189699471,
        "var": 0.00244914647192
    },
    "barkbands_kurtosis": {
        "dmean": 2.34652757645,
        "dmean2": 3.96050858498,
        "dvar": 10.6637487411,
        "dvar2": 28.8292713165,
        "max": 27.5093402863,
        "mean": 0.936919152737,
        "median": -0.184248447418,
        "min": -1.62898099422,
        "var": 11.5635404587
    },
    "barkbands_skewness": {
        "dmean": 0.763391137123,
        "dmean2": 1.15158426762,
        "dvar": 0.402157664299,
        "dvar2": 1.15193939209,
        "max": 3.40733885765,
        "mean": 0.177641555667,
        "median": 0.264671206474,
        "min": -2.62291407585,
        "var": 1.20924472809
    },
    "barkbands_spread": {
        "dmean": 7.52949047089,
        "dmean2": 12.2762556076,
        "dvar": 41.4309158325,
        "dvar2": 111.07598877,
        "max": 44.379776001,
        "mean": 19.5565834045,
        "median": 19.2677345276,
        "min": 2.08860611916,
        "var": 80.7126693726
    },
    "dissonance": {
        "dmean": 0.021134160459,
        "dmean2": 0.0357972420752,
        "dvar": 0.000684390601236,
        "dvar2": 0.00169465667568,
        "max": 0.49997395277,
        "mean": 0.480114877224,
        "median": 0.490250974894,
        "min": 0.36889141798,
        "var": 0.000724323967006
    },
    "dynamic_complexity": 3.35560154915,
    "erbbands_crest": {
        "dmean": 4.33984518051,
        "dmean2": 6.99224996567,
        "dvar": 11.2857894897,
        "dvar2": 29.3629169464,
        "max": 29.6811695099,
        "mean": 12.0792770386,
        "median": 11.6008310318,
        "min": 3.82928729057,
        "var": 23.0697669983
    },
    "erbbands_flatness_db": {
        "dmean": 0.028203446418,
        "dmean2": 0.0414539389312,
        "dvar": 0.000629684771411,
        "dvar2": 0.00139191187918,
        "max": 0.397363305092,
        "mean": 0.244349896908,
        "median": 0.236004561186,
        "min": 0.161136329174,
        "var": 0.00197402574122
    },
    "erbbands_kurtosis": {
        "dmean": 2.36268615723,
        "dmean2": 4.03984165192,
        "dvar": 15.4781446457,
        "dvar2": 41.4741287231,
        "max": 35.99426651,
        "mean": 0.945197105408,
        "median": 0.105669498444,
        "min": -1.55256223679,
        "var": 13.118434906
    },
    "erbbands_skewness": {
        "dmean": 0.750436246395,
        "dmean2": 1.12427806854,
        "dvar": 0.399232745171,
        "dvar2": 1.08343935013,
        "max": 4.57980775833,
        "mean": 0.0698080658913,
        "median": 0.017357872799,
        "min": -2.26696801186,
        "var": 1.19532954693
    },
    "erbbands_spread": {
        "dmean": 10.4630870819,
        "dmean2": 17.0300064087,
        "dvar": 71.3976898193,
        "dvar2": 213.512542725,
        "max": 61.5517692566,
        "mean": 26.1222991943,
        "median": 25.4091777802,
        "min": 3.22215366364,
        "var": 115.064041138
    },
    "hfc": {
        "dmean": 27.9671783447,
        "dmean2": 50.3552627563,
        "dvar": 1526.31787109,
        "dvar2": 4102.9921875,
        "max": 202.310699463,
        "mean": 21.4455051422,
        "median": 6.12262487411,
        "min": 0.0176205635071,
        "var": 1205.82067871
    },
    "melbands_crest": {
        "dmean": 4.25878238678,
        "dmean2": 7.00490474701,
        "dvar": 11.7386455536,
        "dvar2": 34.1874885559,
        "max": 26.8553028107,
        "mean": 11.4125556946,
        "median": 10.1971731186,
        "min": 3.31692528725,
        "var": 24.1572685242
    },
    "melbands_flatness_db": {
        "dmean": 0.0402386561036,
        "dmean2": 0.0620245598257,
        "dvar": 0.00114552793093,
        "dvar2": 0.00245419982821,
        "max": 0.32843452692,
        "mean": 0.138873934746,
        "median": 0.123168088496,
        "min": 0.0306903999299,
        "var": 0.00359909888357
    },
    "melbands_kurtosis": {
        "dmean": 2.4928612709,
        "dmean2": 3.87070178986,
        "dvar": 11.9250144958,
        "dvar2": 30.4539337158,
        "max": 33.8236236572,
        "mean": 2.1963160038,
        "median": 0.642798900604,
        "min": -1.72590613365,
        "var": 20.2080421448
    },
    "melbands_skewness": {
        "dmean": 0.654833734035,
        "dmean2": 1.06094741821,
        "dvar": 0.265461981297,
        "dvar2": 0.768150091171,
        "max": 2.90504097939,
        "mean": 0.916656196117,
        "median": 0.922986268997,
        "min": -1.27380943298,
        "var": 0.672249317169
    },
    "melbands_spread": {
        "dmean": 19.6769142151,
        "dmean2": 31.0832271576,
        "dvar": 364.108642578,
        "dvar2": 925.896789551,
        "max": 134.354385376,
        "mean": 46.2527618408,
        "median": 41.9354362488,
        "min": 2.96847558022,
        "var": 820.617675781
    },
    "pitch_salience": {
        "dmean": 0.15756739676,
        "dmean2": 0.265388250351,
        "dvar": 0.0146584911272,
        "dvar2": 0.0411082394421,
        "max": 0.931173324585,
        "mean": 0.611365497112,
        "median": 0.604000091553,
        "min": 0.302507460117,
        "var": 0.0211132466793
    },
    "silence_rate_20dB": {
        "dmean": 0,
        "dmean2": 0,
        "dvar": 0,
        "dvar2": 0,
        "max": 1,
        "mean": 1,
        "median": 1,
        "min": 1,
        "var": 0
    },
    "silence_rate_30dB": {
        "dmean": 0,
        "dmean2": 0,
        "dvar": 0,
        "dvar2": 0,
        "max": 1,
        "mean": 1,
        "median": 1,
        "min": 1,
        "var": 0
    },
    "silence_rate_60dB": {
        "dmean": 0.253333330154,
        "dmean2": 0.503355681896,
        "dvar": 0.189155712724,
        "dvar2": 0.330525815487,
        "max": 1,
        "mean": 0.350993365049,
        "median": 0,
        "min": 0,
        "var": 0.227796822786
    },
    "spectral_centroid": {
        "dmean": 682.679077148,
        "dmean2": 1091.22595215,
        "dvar": 357840.375,
        "dvar2": 887228.875,
        "max": 4601.43505859,
        "mean": 2564.11669922,
        "median": 2523.5925293,
        "min": 901.04119873,
        "var": 878561.1875
    },
    "spectral_complexity": {
        "dmean": 6.51333332062,
        "dmean2": 11.1140937805,
        "dvar": 47.489818573,
        "dvar2": 117.322555542,
        "max": 34,
        "mean": 9.23178768158,
        "median": 7,
        "min": 0,
        "var": 58.6018867493
    },
    "spectral_decrease": {
        "dmean": 2.15782924862e-09,
        "dmean2": 3.73471120696e-09,
        "dvar": 1.20658519847e-17,
        "dvar2": 3.06948560432e-17,
        "max": -1.70430152196e-12,
        "mean": -1.95499660904e-09,
        "median": -7.34708793804e-10,
        "min": -2.59281591752e-08,
        "var": 1.18570600176e-17
    },
    "spectral_energy": {
        "dmean": 0.0106700407341,
        "dmean2": 0.0185209065676,
        "dvar": 0.000257388834143,
        "dvar2": 0.000666373642161,
        "max": 0.106848306954,
        "mean": 0.00932377576828,
        "median": 0.00330611690879,
        "min": 8.03066723165e-06,
        "var": 0.000245781819103
    },
    "spectral_energyband_high": {
        "dmean": 0.00285747204907,
        "dmean2": 0.00525801209733,
        "dvar": 1.53879082063e-05,
        "dvar2": 4.15150461777e-05,
        "max": 0.01786297746,
        "mean": 0.00187505420763,
        "median": 0.000197611894691,
        "min": 1.07945788841e-06,
        "var": 1.13771029646e-05
    },
    "spectral_energyband_low": {
        "dmean": 2.02396790883e-06,
        "dmean2": 3.15986039823e-06,
        "dvar": 1.5802064518e-11,
        "dvar2": 1.70307795644e-11,
        "max": 5.18320484844e-05,
        "mean": 3.01958766613e-06,
        "median": 2.10875646189e-06,
        "min": 5.22636405265e-08,
        "var": 2.10441091636e-11
    },
    "spectral_energyband_middle_high": {
        "dmean": 0.00708471285179,
        "dmean2": 0.0122379679233,
        "dvar": 0.000166223951965,
        "dvar2": 0.000424661091529,
        "max": 0.0965400189161,
        "mean": 0.00641919951886,
        "median": 0.00176905293483,
        "min": 6.03820853939e-06,
        "var": 0.000158202121384
    },
    "spectral_energyband_middle_low": {
        "dmean": 0.0012105088681,
        "dmean2": 0.00205934862606,
        "dvar": 3.76999992113e-06,
        "dvar2": 9.66779680311e-06,
        "max": 0.0114263808355,
        "mean": 0.00117909919936,
        "median": 0.000292508222628,
        "min": 9.06543164092e-07,
        "var": 3.93168102164e-06
    },
    "spectral_entropy": {
        "dmean": 0.342447549105,
        "dmean2": 0.551075279713,
        "dvar": 0.0995772108436,
        "dvar2": 0.182838782668,
        "max": 8.40288925171,
        "mean": 7.64849328995,
        "median": 7.73090171814,
        "min": 6.23659753799,
        "var": 0.21540273726
    },
    "spectral_flux": {
        "dmean": 0.0349811762571,
        "dmean2": 0.0567953586578,
        "dvar": 0.00158973375801,
        "dvar2": 0.00289110280573,
        "max": 0.243088856339,
        "mean": 0.0705106928945,
        "median": 0.0582055188715,
        "min": 0.00269590853713,
        "var": 0.0027827906888
    },
    "spectral_kurtosis": {
        "dmean": 2.3078315258,
        "dmean2": 4.07195806503,
        "dvar": 7.01706933975,
        "dvar2": 19.0162582397,
        "max": 19.6935329437,
        "mean": 3.37092423439,
        "median": 2.36786651611,
        "min": 0.157143592834,
        "var": 9.54069900513
    },
    "spectral_rms": {
        "dmean": 0.00145461573265,
        "dmean2": 0.00235342537053,
        "dvar": 2.19316370931e-06,
        "dvar2": 5.61426577406e-06,
        "max": 0.0102099096403,
        "mean": 0.00236584385857,
        "median": 0.00179596210364,
        "min": 8.85143890628e-05,
        "var": 3.49914421349e-06
    },
    "spectral_rolloff": {
        "dmean": 1558.28601074,
        "dmean2": 2642.94824219,
        "dvar": 2265346.5,
        "dvar2": 5464367,
        "max": 8053.41796875,
        "mean": 3844.32006836,
        "median": 3143.84765625,
        "min": 882.861328125,
        "var": 3971324.25
    },
    "spectral_skewness": {
        "dmean": 0.364952355623,
        "dmean2": 0.637547254562,
        "dvar": 0.128072500229,
        "dvar2": 0.356655478477,
        "max": 3.15404248238,
        "mean": 1.11074745655,
        "median": 0.978842616081,
        "min": 0.451722472906,
        "var": 0.239763140678
    },
    "spectral_spread": {
        "dmean": 663563.25,
        "dmean2": 1038318.6875,
        "dvar": 600231247872,
        "dvar2": 1.03128727552e+12,
        "max": 10324328,
        "mean": 4035410.25,
        "median": 3926083.5,
        "min": 1967563.5,
        "var": 865328627712
    },
    "spectral_strongpeak": {
        "dmean": 1.30195045471,
        "dmean2": 2.16075778008,
        "dvar": 2.88543510437,
        "dvar2": 6.8857755661,
        "max": 9.9360332489,
        "mean": 1.66325736046,
        "median": 1.12931573391,
        "min": 0.017531927675,
        "var": 3.32394886017
    },
    "zerocrossingrate": {
        "dmean": 0.0186588540673,
        "dmean2": 0.0244632177055,
        "dvar": 0.000231833735597,
        "dvar2": 0.000325704517309,
        "max": 0.2265625,
        "mean": 0.109510816634,
        "median": 0.1025390625,
        "min": 0.025390625,
        "var": 0.00180276378524
    },
    "barkbands": {
        "dmean": [1.08076676497e-07, 2.38276911091e-07, 1.42594308272e-06, 1.36642267989e-06, 1.74415054062e-05, 0.000511247839313, 8.66859045345e-05, 0.00036552810343, 0.000103690254036, 0.00183424667921, 0.00298023712821, 0.000277390703559, 0.00010642282723, 5.96994359512e-05, 0.000214063329622, 0.000162204509252, 9.08250949578e-05, 0.0014456496574, 0.000216682485188, 0.000292655342491, 0.00107740657404, 0.000730669533368, 0.000377490854589, 0.000510045676492, 8.66246627993e-05, 1.01567311503e-05, 2.72895772468e-06],
        "dmean2": [1.16367587566e-07, 2.96765449548e-07, 2.45722753789e-06, 2.13307612285e-06, 3.20131075568e-05, 0.000857602804899, 0.000154828012455, 0.000690261425916, 0.000186417266377, 0.00305297225714, 0.0052226758562, 0.000508043216541, 0.000202015085961, 0.000114012611448, 0.000360025063856, 0.000274514604826, 0.000165522214957, 0.00260918261483, 0.000401534925913, 0.000557089108042, 0.0020055596251, 0.0013579193037, 0.000721856078599, 0.000961247016676, 0.000160017196322, 1.88914054888e-05, 5.08802168042e-06],
        "dvar": [1.47768006598e-12, 3.77073719471e-12, 1.85082114565e-12, 2.48058800063e-12, 5.6585119923e-10, 7.21506069112e-07, 3.59526630689e-08, 6.1006278429e-07, 3.53840050593e-08, 2.34074996115e-05, 3.55663469236e-05, 5.36217442004e-07, 4.35569447177e-08, 1.08474029759e-08, 1.33142464165e-07, 7.25274134084e-08, 2.48290401572e-08, 1.40687870953e-05, 1.28545082134e-07, 2.26050133278e-07, 2.91944388664e-06, 1.46068134654e-06, 5.69454982724e-07, 6.28516545476e-07, 1.67737592704e-08, 2.81626999499e-10, 2.49118052575e-11],
        "dvar2": [1.48751334601e-12, 3.71191011955e-12, 4.09187570979e-12, 5.17922076754e-12, 1.60668378602e-09, 1.97708982341e-06, 1.06774017183e-07, 1.70128885202e-06, 8.4331517769e-08, 5.37077285117e-05, 8.96504352568e-05, 1.56735984547e-06, 1.27680834794e-07, 3.05096499176e-08, 3.28676094341e-07, 1.65816743447e-07, 7.11151670885e-08, 3.99025484512e-05, 3.47721737626e-07, 6.33275249129e-07, 8.05491254141e-06, 3.91137109546e-06, 1.6318423377e-06, 1.64270863934e-06, 4.48921753105e-08, 7.74735720022e-10, 6.92865625984e-11],
        "max": [1.49448642333e-05, 2.43243030127e-05, 1.23369391076e-05, 1.35949112519e-05, 0.000113422633149, 0.00472766160965, 0.00183633994311, 0.00613722205162, 0.00135109049734, 0.0500436350703, 0.0449761487544, 0.00515607465059, 0.00108179473318, 0.000520563218743, 0.00222792103887, 0.00181332905777, 0.000984766054899, 0.0236974433064, 0.00165170594119, 0.00196278397925, 0.00899880658835, 0.00581964524463, 0.0047517628409, 0.00376565544866, 0.00063008593861, 9.60007164394e-05, 2.57044375758e-05],
        "mean": [1.052230445e-07, 2.59549381099e-07, 1.77266338142e-06, 1.87063631074e-06, 1.80754177563e-05, 0.000444828881882, 0.000134846399305, 0.000257646490354, 0.000117925177619, 0.00140874122735, 0.00289919227362, 0.000221802925807, 6.90686574671e-05, 4.16842995037e-05, 0.000221702386625, 0.000162941563758, 7.0880734711e-05, 0.0011230322998, 0.000137599301524, 0.000187356286915, 0.00069727335358, 0.00048563737073, 0.00022377789719, 0.000332487485139, 5.54016478418e-05, 6.19309003014e-06, 1.6504549194e-06],
        "median": [1.84673099035e-09, 7.54003792736e-08, 1.35766515541e-06, 1.02817841707e-06, 8.66303525981e-06, 0.000112849855213, 1.762230022e-05, 4.15133035858e-05, 4.35175643361e-05, 0.000215997162741, 0.000600452010985, 2.49014447036e-05, 1.26101404021e-05, 1.05076387626e-05, 5.9427726228e-05, 4.99240959471e-05, 1.40158690556e-05, 0.000253369100392, 1.36431790452e-05, 2.73073146673e-05, 4.79732043459e-05, 7.09842788638e-05, 1.23363870443e-05, 2.42496716965e-05, 1.81833127044e-06, 1.57967249947e-07, 6.77328415577e-08],
        "min": [2.42345154361e-11, 5.64079494225e-09, 1.98587173372e-08, 1.1250011589e-08, 4.22432222535e-08, 1.24564337511e-07, 2.71698024079e-08, 2.44445942599e-07, 4.05320520258e-07, 8.19075012259e-07, 2.3549911532e-07, 2.56367798102e-07, 1.58443342002e-07, 1.65755594139e-07, 8.0357636989e-07, 4.08820199027e-07, 2.06033888617e-07, 2.7046763762e-07, 6.68431141548e-08, 2.2914284159e-07, 6.17526609403e-07, 1.66305213156e-07, 3.49133237876e-08, 8.78481820621e-09, 9.22050991115e-10, 7.7682593691e-10, 8.92314666601e-09],
        "var": [1.46841794366e-12, 3.86889045106e-12, 3.07653642145e-12, 5.10710571056e-12, 5.43466716074e-10, 6.31743091617e-07, 8.14424367945e-08, 4.12674665995e-07, 3.88479222124e-08, 2.25917319767e-05, 3.49196452589e-05, 4.78661547731e-07, 2.75221285762e-08, 7.02785607487e-09, 1.52746892468e-07, 9.54475538606e-08, 1.96945979525e-08, 9.70109886111e-06, 8.84688233782e-08, 1.45574475141e-07, 2.07366679206e-06, 1.0009887319e-06, 3.38635231856e-07, 4.52929612038e-07, 1.2160139562e-08, 1.82318132813e-10, 1.67586187982e-11]
    },
    "erbbands": {
        "dmean": [6.54227005725e-06, 7.0709749707e-05, 0.00111452746205, 0.00312659679912, 0.00681316293776, 0.0670962929726, 1.33967411518, 5.23657560349, 1.98863327503, 2.84016895294, 7.3214225769, 3.19073867798, 27.080121994, 100.789878845, 94.0966186523, 11.2338571548, 5.78058290482, 3.46429681778, 4.76419401169, 17.1516513824, 3.90224456787, 6.46266269684, 65.1844482422, 34.8683815002, 13.0273571014, 16.6233463287, 34.2158050537, 42.7611541748, 29.4208240509, 13.7624006271, 10.2936143875, 16.6894054413, 3.60373091698, 1.30258870125, 0.49605473876, 0.0657040327787, 0.0152058219537, 0.00637059984729, 0.000349064619513, 3.37361598213e-05],
        "dmean2": [7.21834612705e-06, 0.000101134370198, 0.0019322107546, 0.00491138873622, 0.011165282689, 0.114997401834, 2.33581185341, 8.86497020721, 3.4633026123, 5.13653087616, 13.7499675751, 5.41964197159, 45.5820808411, 166.247573853, 169.908615112, 20.3159313202, 11.0347175598, 6.54094600677, 8.43638801575, 30.4580860138, 6.50326633453, 11.5870418549, 117.671379089, 62.9541854858, 24.5836620331, 31.5241584778, 63.5079307556, 78.4006729126, 55.078414917, 26.1426143646, 19.5663585663, 31.6284122467, 6.66848087311, 2.44811940193, 0.926180243492, 0.120259806514, 0.028494136408, 0.0120876030996, 0.000649922469165, 6.12333096797e-05],
        "dvar": [4.80216799659e-09, 1.49545854811e-07, 1.4522266838e-06, 1.13101468742e-05, 8.3194601757e-05, 0.00660686660558, 4.90757369995, 78.5993728638, 12.2645664215, 37.9746932983, 198.676605225, 31.9103164673, 2534.24145508, 107733.15625, 38708.5273438, 622.28338623, 130.575942993, 36.4528236389, 73.4515075684, 720.190002441, 24.5682315826, 78.4657745361, 27539.7890625, 6058.91552734, 570.513244629, 712.083984375, 2857.20825195, 4442.83398438, 2657.31860352, 873.090881348, 315.74786377, 739.887207031, 28.7077636719, 4.13138341904, 0.596384882927, 0.00996477529407, 0.000472098006867, 0.000171210514964, 3.56706493676e-07, 2.21413509749e-09],
        "dvar2": [4.80810591341e-09, 1.44496752341e-07, 2.72064539786e-06, 2.01688253583e-05, 0.000192702122149, 0.0172418374568, 12.9303588867, 217.741851807, 36.4914474487, 104.689460754, 548.416870117, 74.0008544922, 5778.36816406, 253923.515625, 112079.171875, 1892.1348877, 383.318725586, 103.807006836, 180.102554321, 1782.74584961, 61.0620727539, 230.453018188, 78340.9375, 16901.1796875, 1589.97033691, 2009.87329102, 7963.75683594, 12078.6347656, 7323.83300781, 2484.515625, 894.471252441, 1937.70202637, 78.8860473633, 10.9895401001, 1.5992937088, 0.0264182426035, 0.00127763312776, 0.000482110306621, 9.81155835689e-07, 5.98880456337e-09],
        "max": [0.000855651742313, 0.00495317578316, 0.0137476865202, 0.034579936415, 0.0819190591574, 0.432788014412, 12.0609922409, 50.6742401123, 27.6172828674, 58.3341026306, 99.167350769, 41.6336898804, 400.50869751, 3597.76806641, 1316.84753418, 144.197006226, 59.0252532959, 26.4376850128, 77.768409729, 144.56930542, 37.5029067993, 38.2648735046, 1041.12341309, 472.677581787, 122.4298172, 102.866355896, 203.516189575, 384.95098877, 287.838623047, 180.037841797, 95.7746353149, 128.182907104, 20.6482715607, 10.3380594254, 3.05162787437, 0.486174881458, 0.0999757349491, 0.088912114501, 0.00324427546002, 0.000227145603276],
        "mean": [7.07385697751e-06, 8.72103628353e-05, 0.00138180435169, 0.00499395327643, 0.0128859532997, 0.0768130198121, 1.12696528435, 4.52432918549, 2.52034115791, 2.85587716103, 5.1690659523, 3.37233233452, 22.0483798981, 92.1594161987, 82.7173690796, 8.71459102631, 3.7480237484, 2.47018766403, 3.90085625648, 19.5320701599, 4.18901348114, 5.8014588356, 49.8566169739, 26.598493576, 8.15531826019, 10.6476621628, 21.6596183777, 28.710603714, 19.4744873047, 8.07912635803, 6.30006599426, 10.826757431, 2.30180764198, 0.831889331341, 0.313473671675, 0.041256763041, 0.00934043619782, 0.00372064858675, 0.000211730643059, 2.58488635154e-05],
        "median": [1.20133256587e-06, 4.24911559094e-05, 0.00103625177871, 0.00354167749174, 0.00825570244342, 0.0393276102841, 0.275698423386, 1.14287126064, 0.576232671738, 0.530226647854, 0.993687868118, 1.07879173756, 4.61683607101, 17.6164474487, 14.7645835876, 1.87021875381, 0.738367319107, 0.701250910759, 1.18441295624, 5.87975692749, 1.86338162422, 2.24870085716, 12.7304191589, 3.62443375587, 1.11193561554, 1.51571214199, 1.41553127766, 2.73609185219, 2.92024970055, 0.56459736824, 0.33057397604, 0.677991688251, 0.141272515059, 0.0227790549397, 0.0166788753122, 0.00159371946938, 0.000303938228171, 4.6082015615e-05, 7.85403335613e-06, 7.00697682987e-06],
        "min": [1.70688807088e-07, 2.93196035273e-06, 2.08734600164e-05, 3.36463526764e-05, 5.38056738151e-05, 0.000161849951837, 0.000457341462607, 0.00120293698274, 0.00070573244011, 0.00105051137507, 0.00777277629822, 0.0100751928985, 0.01155393105, 0.0276804100722, 0.0104303900152, 0.00945743732154, 0.00766857946292, 0.00778757873923, 0.0111995441839, 0.0549420341849, 0.0360094308853, 0.0140907941386, 0.00986498501152, 0.0122935315594, 0.00296659162268, 0.0136059299111, 0.0146622462198, 0.0175617262721, 0.00747633632272, 0.00128867907915, 0.00143549020868, 0.000460344075691, 8.55293619679e-05, 1.76391513378e-05, 4.04613638239e-06, 1.95607140085e-06, 1.57810302426e-06, 6.5580638875e-07, 8.36900483137e-07, 1.45506874105e-07],
        "var": [4.80143613757e-09, 1.59497275831e-07, 2.21017307922e-06, 2.51407473115e-05, 0.000200699170819, 0.00882880948484, 4.27672624588, 67.0914535522, 19.9913444519, 38.65102005, 138.319381714, 35.1008224487, 2554.34350586, 101166.078125, 29940.0527344, 467.092468262, 82.0665359497, 24.1676197052, 72.1790542603, 890.896606445, 34.9483833313, 68.7249221802, 18284.3867188, 4486.49853516, 353.303619385, 462.822387695, 2054.4074707, 3217.78344727, 1677.63439941, 505.289154053, 201.915145874, 526.04095459, 20.5563106537, 2.8902156353, 0.423233896494, 0.00716184778139, 0.000327549409121, 0.00010491865396, 2.35676367311e-07, 1.70555058965e-09]
    },
    "gfcc": {
        "mean": [-113.13873291, 14.2338705063, -194.281921387, 3.90283489227, -109.434936523, -9.02961444855, -39.6771888733, -4.09030437469, -26.7788314819, -22.3642864227, -15.907330513, 8.6048707962, 4.67627191544],
        "cov": [[7715.52929688, -2744.57861328, -64.6271209717, -885.490600586, -1263.22961426, 148.32661438, -469.321472168, 319.152435303, -593.977539062, 395.386108398, 213.001922607, 304.919830322, -256.00378418], [-2744.57861328, 2353.20727539, -314.137176514, -111.310050964, 415.424285889, -196.665039062, 164.734298706, -199.535797119, 366.763458252, -264.059814453, 103.446662903, -84.306892395, 21.7611122131], [-64.6271209717, -314.137176514, 325.227172852, 183.24168396, -39.1148223877, 41.0592155457, -4.06492567062, -23.3195018768, -30.3907299042, 123.825935364, -59.7471885681, -27.8276634216, -23.7233467102], [-885.490600586, -111.310050964, 183.24168396, 409.713623047, 168.252075195, 29.6731929779, 41.2705154419, -8.63142776489, 18.6854057312, 8.40842819214, -83.9631347656, -43.2787818909, 34.9724617004], [-1263.22961426, 415.424285889, -39.1148223877, 168.252075195, 311.636474609, -21.921995163, 97.7513809204, -14.9046258926, 100.731193542, -100.380081177, -38.4239273071, -49.483215332, 55.3189125061], [148.32661438, -196.665039062, 41.0592155457, 29.6731929779, -21.921995163, 98.9597091675, 7.06480073929, 22.464471817, -42.6187400818, 14.8767614365, -13.2962265015, -9.81551742554, -4.16567850113], [-469.321472168, 164.734298706, -4.06492567062, 41.2705154419, 97.7513809204, 7.06480073929, 84.9892730713, -13.6268386841, 39.9899482727, -42.9673080444, -10.0580587387, -22.869392395, 10.863574028], [319.152435303, -199.535797119, -23.3195018768, -8.63142776489, -14.9046258926, 22.464471817, -13.6268386841, 97.2968826294, -38.2935447693, -4.17962789536, -4.97065401077, 19.1445159912, -1.03966796398], [-593.977539062, 366.763458252, -30.3907299042, 18.6854057312, 100.731193542, -42.6187400818, 39.9899482727, -38.2935447693, 108.741630554, -33.8206710815, 6.2568693161, -26.6251239777, 8.58494186401], [395.386108398, -264.059814453, 123.825935364, 8.40842819214, -100.380081177, 14.8767614365, -42.9673080444, -4.17962789536, -33.8206710815, 127.945960999, -12.3988809586, -5.25612783432, -29.1886329651], [213.001922607, 103.446662903, -59.7471885681, -83.9631347656, -38.4239273071, -13.2962265015, -10.0580587387, -4.97065401077, 6.2568693161, -12.3988809586, 79.1247329712, 18.66355896, -27.3361320496], [304.919830322, -84.306892395, -27.8276634216, -43.2787818909, -49.483215332, -9.81551742554, -22.869392395, 19.1445159912, -26.6251239777, -5.25612783432, 18.66355896, 54.1570205688, -7.31092834473], [-256.00378418, 21.7611122131, -23.7233467102, 34.9724617004, 55.3189125061, -4.16567850113, 10.863574028, -1.03966796398, 8.58494186401, -29.1886329651, -27.3361320496, -7.31092834473, 64.1329879761]],
        "icov": [[0.0010937085608, 0.000868739734869, 0.000595919729676, 0.00110368151218, 0.00171558815055, 0.000221880298341, 0.000812769751064, -0.000952855800278, 0.000610639399383, -0.000335541553795, -0.00106720905751, -0.000515508349054, 0.00132301042322], [0.000868739734869, 0.00220018136315, 0.000523268361576, 0.00157418882009, 0.000330187700456, 0.00087543821428, 0.00098386243917, 0.000919131736737, -0.00228801718913, 0.00147194205783, -0.00167040596716, 0.000474533357192, 0.00199498748407], [0.000595919729676, 0.000523268361576, 0.00947419088334, -0.00324333296157, 0.00254803034477, -0.000474425469292, -0.00271976785734, 0.00148093129974, 0.000927751651034, -0.007343839854, 0.00228314264677, -0.000305357942125, 0.00320227793418], [0.00110368151218, 0.00157418882009, -0.00324333296157, 0.00739578902721, -0.0027776833158, -0.000367443048162, 0.00302335200831, -0.000219568115426, 8.67987910169e-05, 0.00166123267263, 0.000114426715299, -0.000438389921328, 0.00123837764841], [0.00171558815055, 0.000330187700456, 0.00254803034477, -0.0027776833158, 0.0150008630008, 0.00138342101127, -0.00479727983475, -0.00462059257552, -0.00245332182385, 0.00208425358869, 5.20032699569e-05, 0.00230398983695, -0.00135641277302], [0.000221880298341, 0.00087543821428, -0.000474425469292, -0.000367443048162, 0.00138342101127, 0.0156770218164, -0.004220132716, -0.00199476419948, 0.00578702660277, 0.00131983088795, -0.00114121148363, 0.00612750183791, 0.00115914165508], [0.000812769751064, 0.00098386243917, -0.00271976785734, 0.00302335200831, -0.00479727983475, -0.004220132716, 0.0238975007087, 0.00112594338134, -0.00345690478571, 0.00678107189015, -6.26521359663e-05, 0.00201817601919, 0.00384224532172], [-0.000952855800278, 0.000919131736737, 0.00148093129974, -0.000219568115426, -0.00462059257552, -0.00199476419948, 0.00112594338134, 0.0165124461055, 0.000633769202977, 0.00164965016302, 0.00231647980399, -0.00264250254259, 0.00183715717867], [0.000610639399383, -0.00228801718913, 0.000927751651034, 8.67987910169e-05, -0.00245332182385, 0.00578702660277, -0.00345690478571, 0.000633769202977, 0.0262371283025, -0.00413124077022, -0.00182120816316, 0.00391336437315, 0.000875070749316], [-0.000335541553795, 0.00147194205783, -0.007343839854, 0.00166123267263, 0.00208425358869, 0.00131983088795, 0.00678107189015, 0.00164965016302, -0.00413124077022, 0.0228700228035, 0.00111766229384, 0.00648607360199, 0.0038822744973], [-0.00106720905751, -0.00167040596716, 0.00228314264677, 0.000114426715299, 5.20032699569e-05, -0.00114121148363, -6.26521359663e-05, 0.00231647980399, -0.00182120816316, 0.00111766229384, 0.0233143977821, -0.00417689885944, 0.00723195867613], [-0.000515508349054, 0.000474533357192, -0.000305357942125, -0.000438389921328, 0.00230398983695, 0.00612750183791, 0.00201817601919, -0.00264250254259, 0.00391336437315, 0.00648607360199, -0.00417689885944, 0.0306030996144, 6.9675501436e-05], [0.00132301042322, 0.00199498748407, 0.00320227793418, 0.00123837764841, -0.00135641277302, 0.00115914165508, 0.00384224532172, 0.00183715717867, 0.000875070749316, 0.0038822744973, 0.00723195867613, 6.9675501436e-05, 0.0260705854744]]
    },
    "melbands": {
        "dmean": [6.49185949442e-08, 4.30778982263e-07, 5.86903126987e-07, 1.24076655084e-06, 3.91760077036e-05, 0.000109693828563, 2.79136475001e-05, 4.59679540654e-05, 5.12009974045e-05, 1.72970339918e-05, 0.000133421825012, 0.000391002104152, 0.000373636459699, 6.70236695441e-05, 8.18703210825e-06, 1.22709152492e-05, 5.83438941248e-06, 6.06685080129e-06, 1.83663232747e-05, 1.90567825484e-05, 2.45959449785e-06, 4.27920622315e-06, 1.42652479553e-05, 0.000102905207314, 1.80012739293e-05, 9.0496860139e-06, 1.01753030322e-05, 9.9774051705e-06, 1.36220769491e-05, 3.54232724931e-05, 2.164205398e-05, 1.98606885533e-05, 7.87960107118e-06, 8.23631125968e-06, 6.6861734922e-06, 5.4161710068e-06, 1.18636025945e-05, 2.37082645071e-06, 1.05326967059e-06, 1.03745219349e-06],
        "dmean2": [7.44557198118e-08, 7.34185618967e-07, 9.07406331407e-07, 1.93987148123e-06, 6.85242412146e-05, 0.000184496821021, 4.89512494823e-05, 8.51667355164e-05, 9.50276153162e-05, 3.09096649289e-05, 0.000234393359278, 0.000640606507659, 0.000661584432237, 0.000122180703329, 1.52384518515e-05, 2.35561074078e-05, 1.10227620098e-05, 1.11301633297e-05, 3.13887103403e-05, 3.20555809594e-05, 4.25660255132e-06, 7.99911776994e-06, 2.39408491325e-05, 0.00018666255346, 3.19609607686e-05, 1.71435767697e-05, 1.92624884221e-05, 1.90347600437e-05, 2.54576843872e-05, 6.54386167298e-05, 3.89323176933e-05, 3.7078432797e-05, 1.50450114234e-05, 1.57745689648e-05, 1.26739405459e-05, 1.02073254311e-05, 2.2496411475e-05, 4.363386779e-06, 2.00729732569e-06, 1.93819982997e-06],
        "dvar": [4.0686158327e-13, 3.25039799763e-13, 4.13503893669e-13, 1.36537287553e-12, 4.27015622861e-09, 3.37462822131e-08, 2.54223997409e-09, 1.11298810168e-08, 9.03434305144e-09, 1.01132302532e-09, 6.01753455953e-08, 1.65198525792e-06, 5.16257557592e-07, 3.08573042673e-08, 2.36592051506e-10, 6.05055339165e-10, 1.01326037838e-10, 1.41411202192e-10, 8.58952686755e-10, 8.5705836872e-10, 1.13879452743e-11, 4.90156526478e-11, 3.20087484296e-10, 8.33233357866e-08, 1.19826826239e-09, 2.58293053612e-10, 3.63662988612e-10, 2.92768059795e-10, 5.16161280384e-10, 3.14759529552e-09, 1.32962663102e-09, 1.22750931641e-09, 2.68263272707e-10, 3.92114868353e-10, 1.5912368645e-10, 7.58957549585e-11, 3.64173663447e-10, 1.40029177489e-11, 2.83822097769e-12, 2.71037836272e-12],
        "dvar2": [4.05200395806e-13, 4.76485062344e-13, 8.09290568587e-13, 3.20152173001e-12, 1.10456648272e-08, 9.33575208251e-08, 7.55950591014e-09, 3.09120125053e-08, 2.49154581411e-08, 2.34194708071e-09, 1.38112156378e-07, 3.85087287214e-06, 1.407452487e-06, 9.38112094673e-08, 6.95510871118e-10, 1.78625081393e-09, 2.85577395065e-10, 3.66085550763e-10, 2.0992760863e-09, 2.04555505867e-09, 2.89442150803e-11, 1.47439283005e-10, 9.18143672202e-10, 2.37431905248e-07, 3.25422200298e-09, 7.19031723051e-10, 1.01787622775e-09, 8.45152725581e-10, 1.42216582955e-09, 8.89298501505e-09, 3.58474161466e-09, 3.38627659247e-09, 7.5381972886e-10, 1.12882492243e-09, 4.57022225619e-10, 1.97711430561e-10, 9.61384971632e-10, 3.87301059279e-11, 7.85852546231e-12, 7.04801538312e-12],
        "max": [7.90739068179e-06, 7.10592667019e-06, 6.69754990668e-06, 1.36285616463e-05, 0.000369888206478, 0.00103682698682, 0.000420376483817, 0.000953634036705, 0.000655491778161, 0.000226789925364, 0.00151828455273, 0.0141906412318, 0.00453211413696, 0.00101520912722, 8.67322887643e-05, 0.000125728329294, 4.96564498462e-05, 9.90823391476e-05, 0.000202452240046, 0.000185832919669, 2.951816532e-05, 3.868431304e-05, 0.000102628524473, 0.00182201515418, 0.000170749714016, 7.58295718697e-05, 9.4292096037e-05, 7.48007296352e-05, 0.000110984663479, 0.000279301515548, 0.00021216472669, 0.000188863516087, 9.10277376533e-05, 0.000132423490868, 7.10881649866e-05, 4.01082179451e-05, 8.93789911061e-05, 1.55863635882e-05, 7.96491985966e-06, 7.57976431487e-06],
        "mean": [6.88677772587e-08, 5.27130680439e-07, 9.52145001065e-07, 2.15664385905e-06, 3.34742799168e-05, 9.48761589825e-05, 3.78132681362e-05, 3.96106552216e-05, 3.70588095393e-05, 1.89723286894e-05, 0.000107461848529, 0.000354149640771, 0.000352424045559, 4.90210150019e-05, 5.79796278544e-06, 7.7689628597e-06, 4.16370721723e-06, 4.21918093707e-06, 1.91391245608e-05, 2.17426841118e-05, 2.0803931875e-06, 3.27273892253e-06, 1.45279800563e-05, 7.47550438973e-05, 1.43255592775e-05, 5.4189004004e-06, 6.38356277705e-06, 6.3244683588e-06, 8.72802593221e-06, 2.22272901738e-05, 1.48375347635e-05, 1.3226250303e-05, 4.85248938276e-06, 4.69450151286e-06, 4.01107445214e-06, 3.54878466169e-06, 7.61048568165e-06, 1.52207348947e-06, 6.60090961446e-07, 6.69196197123e-07],
        "median": [1.2609332245e-08, 3.80974711334e-07, 6.82959068854e-07, 1.42964654515e-06, 8.36679009808e-06, 2.32885031437e-05, 7.70434598962e-06, 6.11614632362e-06, 8.32240311865e-06, 6.98734356774e-06, 2.21942482312e-05, 6.76369818393e-05, 7.33788474463e-05, 5.02927832713e-06, 1.27650912418e-06, 1.38932171012e-06, 1.15379577892e-06, 9.35249261147e-07, 5.81783569942e-06, 6.7014511842e-06, 6.73816316521e-07, 7.17155671737e-07, 5.80515916226e-06, 1.1665776583e-05, 1.83806366749e-06, 4.84652616706e-07, 7.39637528113e-07, 8.77463264715e-07, 7.14520638212e-07, 1.13756016162e-06, 1.50754271999e-06, 2.12331588045e-06, 4.45360313961e-07, 2.15830510797e-07, 2.3254810344e-07, 1.52481803184e-07, 5.16599868661e-07, 9.55941743541e-08, 2.2061190208e-08, 1.38458728927e-08],
        "min": [1.31450872409e-09, 9.77778036315e-09, 6.23696516655e-09, 6.995200863e-09, 1.46575800386e-08, 2.62412669372e-08, 9.37741262419e-09, 1.68374238996e-08, 4.91367799782e-08, 5.63347768434e-08, 6.1686449726e-08, 1.21929090824e-07, 3.16817327928e-08, 3.17851736042e-08, 1.86329529583e-08, 1.60005875216e-08, 1.34003368402e-08, 8.22476398099e-09, 6.91747032988e-08, 5.38275450879e-08, 2.71244573469e-08, 1.24248495936e-08, 5.13153031179e-09, 1.44715972539e-08, 9.75451364127e-09, 1.66133962143e-09, 3.2352702739e-09, 9.90624116071e-09, 1.02314734463e-08, 4.66159777446e-09, 6.98587099279e-09, 4.39131264685e-09, 9.69509583726e-10, 4.01342514778e-10, 8.59363469274e-10, 3.65905805655e-10, 1.47205983514e-10, 6.06845823592e-11, 2.11545104351e-11, 1.15359067784e-11],
        "var": [4.09806466106e-13, 4.57138179307e-13, 9.47720959869e-13, 4.94836897152e-12, 3.78468012485e-09, 2.91002670849e-08, 4.67078109523e-09, 9.02948471548e-09, 6.46169251439e-09, 1.08370612484e-09, 5.68776066245e-08, 1.57372323883e-06, 4.67185202524e-07, 2.3124766102e-08, 1.64183985851e-10, 3.7097216965e-10, 6.7362136702e-11, 1.12456786938e-10, 1.04216812957e-09, 1.16963227992e-09, 1.2152413624e-11, 4.07921613155e-11, 4.05041028495e-10, 5.6229499279e-08, 1.00068420217e-09, 1.59560128998e-10, 2.24074092614e-10, 1.84015386262e-10, 3.68302860432e-10, 2.21212825835e-09, 9.77691150261e-10, 7.81011921802e-10, 1.61812396815e-10, 2.19746887353e-10, 9.92059906446e-11, 5.92421389722e-11, 2.51960230457e-10, 1.01699013794e-11, 1.93115835823e-12, 1.97402988053e-12]
    },
    "mfcc": {
        "mean": [-733.036743164, 46.6123275757, -42.7605209351, -11.1871824265, -50.1909255981, -20.8894634247, -22.9339427948, 3.06826066971, -8.19970989227, -20.007068634, -22.7662239075, -11.5571727753, -13.8218259811],
        "cov": [[7390.125, -2031.03588867, 211.075088501, -1096.31811523, -828.971801758, -523.139404297, -99.9538345337, -283.393768311, -649.96685791, -31.633562088, -14.9482145309, 13.4283971786, 19.614774704], [-2031.03588867, 1847.80126953, -297.773895264, 49.6827125549, 45.0038070679, 57.2423095703, -197.537216187, 165.093093872, -62.4133644104, 56.8264770508, 92.588684082, -231.835098267, 118.581298828], [211.075088501, -297.773895264, 229.904190063, 32.2221832275, 15.8693065643, 25.1945304871, 31.0037765503, -88.8411865234, 31.1601524353, -37.7485694885, 13.1982059479, 129.249130249, -29.2016086578], [-1096.31811523, 49.6827125549, 32.2221832275, 355.736907959, 189.623886108, 109.959259033, 49.6858062744, 17.4777889252, 170.072494507, -47.1212615967, 7.46065044403, 117.552268982, -72.1472091675], [-828.971801758, 45.0038070679, 15.8693065643, 189.623886108, 168.990768433, 76.4313278198, 51.6655845642, 17.6273651123, 112.696159363, -5.12550258636, -0.617860734463, 50.1261672974, -15.1394071579], [-523.139404297, 57.2423095703, 25.1945304871, 109.959259033, 76.4313278198, 109.917236328, 35.6607551575, 3.59427857399, 54.247215271, 3.09573578835, 7.64139223099, 33.3564567566, -9.37155151367], [-99.9538345337, -197.537216187, 31.0037765503, 49.6858062744, 51.6655845642, 35.6607551575, 102.322380066, 12.9301538467, 48.5345687866, 10.1273946762, -18.8257980347, 26.9721279144, -24.5309562683], [-283.393768311, 165.093093872, -88.8411865234, 17.4777889252, 17.6273651123, 3.59427857399, 12.9301538467, 129.356521606, -7.28709697723, 34.306854248, -13.6344232559, -72.3764419556, 7.65747785568], [-649.96685791, -62.4133644104, 31.1601524353, 170.072494507, 112.696159363, 54.247215271, 48.5345687866, -7.28709697723, 184.356399536, -34.7163581848, -13.655831337, 80.4870529175, -55.2704048157], [-31.633562088, 56.8264770508, -37.7485694885, -47.1212615967, -5.12550258636, 3.09573578835, 10.1273946762, 34.306854248, -34.7163581848, 110.18346405, -15.2386293411, -76.0246353149, 43.1956481934], [-14.9482145309, 92.588684082, 13.1982059479, 7.46065044403, -0.617860734463, 7.64139223099, -18.8257980347, -13.6344232559, -13.655831337, -15.2386293411, 87.0037231445, 23.3352661133, -1.15883862972], [13.4283971786, -231.835098267, 129.249130249, 117.552268982, 50.1261672974, 33.3564567566, 26.9721279144, -72.3764419556, 80.4870529175, -76.0246353149, 23.3352661133, 180.463760376, -53.2200889587], [19.614774704, 118.581298828, -29.2016086578, -72.1472091675, -15.1394071579, -9.37155151367, -24.5309562683, 7.65747785568, -55.2704048157, 43.1956481934, -1.15883862972, -53.2200889587, 95.1811294556]],
