{
"lowlevel": {
    "average_loudness": 0.983639359474,
    "barkbands_crest": {
        "dmean": 3.15167045593,
        "dmean2": 5.23831796646,
        "dvar": 4.83158922195,
        "dvar2": 16.5476131439,
        "max": 21.3011932373,
        "mean": 12.642241478,
        "median": 12.0449943542,
        "min": 6.2695775032,
        "var": 10.5455284119
    },
    "barkbands_flatness_db": {
        "dmean": 0.019645517692,
        "dmean2": 0.0340830497444,
        "dvar": 0.000256626837654,
        "dvar2": 0.00078203441808,
        "max": 0.235213533044,
        "mean": 0.172767981887,
        "median": 0.170348882675,
        "min": 0.109658643603,
        "var": 0.000654897536151
    },
    "barkbands_kurtosis": {
        "dmean": 1.2349126339,
        "dmean2": 2.14898777008,
        "dvar": 1.60419070721,
        "dvar2": 5.0096988678,
        "max": 8.57185554504,
        "mean": 0.222216114402,
        "median": -0.363062858582,
        "min": -1.71073782444,
        "var": 3.36866378784
    },
    "barkbands_skewness": {
        "dmean": 0.447903037071,
        "dmean2": 0.732213377953,
        "dvar": 0.118820115924,
        "dvar2": 0.358014822006,
        "max": 2.67388129234,
        "mean": 1.00283420086,
        "median": 0.963626027107,
        "min": -1.28071045876,
        "var": 0.44446003437
    },
    "barkbands_spread": {
        "dmean": 5.24440002441,
        "dmean2": 9.5206193924,
        "dvar": 18.4503955841,
        "dvar2": 60.956867218,
        "max": 37.5236625671,
        "mean": 24.3197460175,
        "median": 25.3108272552,
        "min": 8.08524894714,
        "var": 41.8184967041
    },
    "dissonance": {
        "dmean": 0.0115688899532,
        "dmean2": 0.0177831463516,
        "dvar": 0.000333229691023,
        "dvar2": 0.000444479199359,
        "max": 0.497824907303,
        "mean": 0.476540207863,
        "median": 0.479411900043,
        "min": 0.284097671509,
        "var": 0.000395416631363
    },
    "dynamic_complexity": 1.67054569721,
    "erbbands_crest": {
        "dmean": 1.68295347691,
        "dmean2": 2.64445495605,
        "dvar": 1.88849246502,
        "dvar2": 4.72451591492,
        "max": 17.9852714539,
        "mean": 9.76529598236,
        "median": 9.51505565643,
        "min": 4.10356712341,
        "var": 7.7119512558
    },
    "erbbands_flatness_db": {
        "dmean": 0.0124460952356,
        "dmean2": 0.0194301065058,
        "dvar": 8.91272138688e-05,
        "dvar2": 0.000227570053539,
        "max": 0.264955788851,
        "mean": 0.205058842897,
        "median": 0.206672161818,
        "min": 0.147888615727,
        "var": 0.000412187597249
    },
    "erbbands_kurtosis": {
        "dmean": 1.13936173916,
        "dmean2": 1.9229580164,
        "dvar": 1.33183836937,
        "dvar2": 3.73033976555,
        "max": 7.73590087891,
        "mean": 0.657812535763,
        "median": 0.323880434036,
        "min": -1.68725407124,
        "var": 4.09768199921
    },
    "erbbands_skewness": {
        "dmean": 0.301779687405,
        "dmean2": 0.507391631603,
        "dvar": 0.0668010041118,
        "dvar2": 0.209294721484,
        "max": 0.427568644285,
        "mean": -0.858097016811,
        "median": -0.946977138519,
        "min": -2.2586774826,
        "var": 0.245802342892
    },
    "erbbands_spread": {
        "dmean": 6.86482667923,
        "dmean2": 11.6198740005,
        "dvar": 34.094871521,
        "dvar2": 110.859664917,
        "max": 60.4366760254,
        "mean": 30.9279613495,
        "median": 29.6695079803,
        "min": 8.25166606903,
        "var": 132.326095581
    },
    "hfc": {
        "dmean": 3.73667693138,
        "dmean2": 5.22736263275,
        "dvar": 17.748292923,
        "dvar2": 26.2069206238,
        "max": 60.0255088806,
        "mean": 22.7229919434,
        "median": 21.1596622467,
        "min": 0.771260857582,
        "var": 112.242034912
    },
    "melbands_crest": {
        "dmean": 3.98968505859,
        "dmean2": 6.96470785141,
        "dvar": 8.95336818695,
        "dvar2": 27.8196239471,
        "max": 27.8505573273,
        "mean": 16.7430114746,
        "median": 16.5024108887,
        "min": 8.00563049316,
        "var": 17.0819778442
    },
    "melbands_flatness_db": {
        "dmean": 0.023567898199,
        "dmean2": 0.0403121002018,
        "dvar": 0.000331526302034,
        "dvar2": 0.000973567483015,
        "max": 0.312540441751,
        "mean": 0.244114071131,
        "median": 0.244048759341,
        "min": 0.180893465877,
        "var": 0.000821273773909
    },
    "melbands_kurtosis": {
        "dmean": 3.4115421772,
        "dmean2": 5.73085832596,
        "dvar": 9.93034648895,
        "dvar2": 30.0547237396,
        "max": 26.4753570557,
        "mean": 5.44124317169,
        "median": 3.94301939011,
        "min": -1.57066953182,
        "var": 26.07771492
    },
    "melbands_skewness": {
        "dmean": 0.579949080944,
        "dmean2": 0.943971693516,
        "dvar": 0.179568916559,
        "dvar2": 0.505365014076,
        "max": 4.42161846161,
        "mean": 2.25097060204,
        "median": 2.19641542435,
        "min": -0.481262624264,
        "var": 0.702655911446
    },
    "melbands_spread": {
        "dmean": 7.33973789215,
        "dmean2": 12.0953979492,
        "dvar": 39.1661720276,
        "dvar2": 123.749778748,
        "max": 56.6167526245,
        "mean": 26.7789936066,
        "median": 25.809431076,
        "min": 6.86630630493,
        "var": 118.020744324
    },
    "pitch_salience": {
        "dmean": 0.0471872501075,
        "dmean2": 0.0788075327873,
        "dvar": 0.00197873730212,
        "dvar2": 0.00391856627539,
        "max": 0.790709853172,
        "mean": 0.430229097605,
        "median": 0.422281295061,
        "min": 0.270528554916,
        "var": 0.00447844807059
    },
    "silence_rate_20dB": {
        "dmean": 0,
        "dmean2": 0,
        "dvar": 0,
        "dvar2": 0,
        "max": 1,
        "mean": 1,
        "median": 1,
        "min": 1,
        "var": 0
    },
    "silence_rate_30dB": {
        "dmean": 0,
        "dmean2": 0,
        "dvar": 0,
        "dvar2": 0,
        "max": 1,
        "mean": 1,
        "median": 1,
        "min": 1,
        "var": 0
    },
    "silence_rate_60dB": {
        "dmean": 0,
        "dmean2": 0,
        "dvar": 0,
        "dvar2": 0,
        "max": 0,
        "mean": 0,
        "median": 0,
        "min": 0,
        "var": 0
    },
    "spectral_centroid": {
        "dmean": 258.530883789,
        "dmean2": 460.620697021,
        "dvar": 41214.2382812,
        "dvar2": 143364.90625,
        "max": 1992.62854004,
        "mean": 1255.96203613,
        "median": 1282.59362793,
        "min": 502.069519043,
        "var": 107525.382812
    },
    "spectral_complexity": {
        "dmean": 2.01999998093,
        "dmean2": 3.25503349304,
        "dvar": 5.96626806259,
        "dvar2": 8.56583786011,
        "max": 28,
        "mean": 19.311258316,
        "median": 19,
        "min": 2,
        "var": 13.5918598175
    },
    "spectral_decrease": {
        "dmean": 2.8275000119e-09,
        "dmean2": 4.68107019813e-09,
        "dvar": 5.5814268258e-18,
        "dvar2": 1.51890179712e-17,
        "max": -3.26967758424e-10,
        "mean": -9.29467525168e-09,
        "median": -8.54276471784e-09,
        "min": -2.47351543692e-08,
        "var": 2.13031218145e-17
    },
    "spectral_energy": {
        "dmean": 0.0109040196985,
        "dmean2": 0.0179868321866,
        "dvar": 8.33075682749e-05,
        "dvar2": 0.000224698029342,
        "max": 0.0966159254313,
        "mean": 0.0371412485838,
        "median": 0.0342832766473,
        "min": 0.00130400981288,
        "var": 0.000329850387061
    },
    "spectral_energyband_high": {
        "dmean": 4.40796320618e-05,
        "dmean2": 8.35686223581e-05,
        "dvar": 1.61281643596e-09,
        "dvar2": 4.26635038409e-09,
        "max": 0.000406451377785,
        "mean": 0.00014187443594,
        "median": 0.000131309468998,
        "min": 7.00212149241e-06,
        "var": 4.5473114163e-09
    },
    "spectral_energyband_low": {
        "dmean": 0.00622690236196,
        "dmean2": 0.00977060757577,
        "dvar": 2.35654297285e-05,
        "dvar2": 5.18477136211e-05,
        "max": 0.0456715151668,
        "mean": 0.011164301075,
        "median": 0.00902360118926,
        "min": 0.000613977375906,
        "var": 6.94012924214e-05
    },
    "spectral_energyband_middle_high": {
        "dmean": 0.00181903562043,
        "dmean2": 0.00250778719783,
        "dvar": 4.8567644626e-06,
        "dvar2": 5.73216721023e-06,
        "max": 0.0331069044769,
        "mean": 0.00947722233832,
        "median": 0.00850379094481,
        "min": 0.000316798686981,
        "var": 3.01521322399e-05
    },
    "spectral_energyband_middle_low": {
        "dmean": 0.00861328281462,
        "dmean2": 0.0154366977513,
        "dvar": 5.15860556334e-05,
        "dvar2": 0.000165363089764,
        "max": 0.065613783896,
        "mean": 0.0163919981569,
        "median": 0.0119969947264,
        "min": 0.000432513130363,
        "var": 0.00015037265257
    },
    "spectral_entropy": {
        "dmean": 0.164390921593,
        "dmean2": 0.294833809137,
        "dvar": 0.0152058415115,
        "dvar2": 0.0423934571445,
        "max": 8.08357334137,
        "mean": 7.07583236694,
        "median": 7.09218740463,
        "min": 6.58227920532,
        "var": 0.0402281731367
    },
    "spectral_flux": {
        "dmean": 0.0208509285003,
        "dmean2": 0.0335344038904,
        "dvar": 0.000247015705099,
        "dvar2": 0.000707789207809,
        "max": 0.190851137042,
        "mean": 0.0760954469442,
        "median": 0.072475425899,
        "min": 0.0387510359287,
        "var": 0.000544626906049
    },
    "spectral_kurtosis": {
        "dmean": 3.12715911865,
        "dmean2": 5.61199235916,
        "dvar": 5.91691017151,
        "dvar2": 18.5987625122,
        "max": 22.4952449799,
        "mean": 7.31162595749,
        "median": 6.85442638397,
        "min": 2.70398283005,
        "var": 8.11714553833
    },
    "spectral_rms": {
        "dmean": 0.000891620002221,
        "dmean2": 0.00145400990732,
        "dvar": 5.78403728468e-07,
        "dvar2": 1.36040159759e-06,
        "max": 0.00970873050392,
        "mean": 0.00583168398589,
        "median": 0.00578334694728,
        "min": 0.00112792057917,
        "var": 2.22680228035e-06
    },
    "spectral_rolloff": {
        "dmean": 293.712799072,
        "dmean2": 545.844848633,
        "dvar": 171662.015625,
        "dvar2": 483551.5625,
        "max": 2110.25390625,
        "mean": 1457.12768555,
        "median": 1636.5234375,
        "min": 236.865234375,
        "var": 233151.953125
    },
    "spectral_skewness": {
        "dmean": 0.310051769018,
        "dmean2": 0.55549377203,
        "dvar": 0.0593924187124,
        "dvar2": 0.165486946702,
        "max": 3.41304826736,
        "mean": 1.64395570755,
        "median": 1.5817848444,
        "min": 1.07322049141,
        "var": 0.112951390445
    },
    "spectral_spread": {
        "dmean": 287695.03125,
        "dmean2": 487523.96875,
        "dvar": 281864437760,
        "dvar2": 190429069312,
        "max": 10427384,
        "mean": 2918185,
        "median": 2859067.75,
        "min": 2316589,
        "var": 436749041664
    },
    "spectral_strongpeak": {
        "dmean": 0.722810328007,
        "dmean2": 1.31199669838,
        "dvar": 3.02715206146,
        "dvar2": 8.32894897461,
        "max": 10.8893518448,
        "mean": 1.1792100668,
        "median": 0.639502108097,
        "min": 0.0140553545207,
        "var": 3.33862066269
    },
    "zerocrossingrate": {
        "dmean": 0.00576497381553,
        "dmean2": 0.00751756504178,
        "dvar": 2.20352776523e-05,
        "dvar2": 2.86576541839e-05,
        "max": 0.07177734375,
        "mean": 0.0443042479455,
        "median": 0.044921875,
        "min": 0.0087890625,
        "var": 0.000109677923319
    },
    "barkbands": {
        "dmean": [6.97322466294e-05, 0.00611638976261, 0.000329086498823, 0.000189162907191, 0.00848080031574, 0.000165739140357, 0.000204319352633, 6.53375464026e-05, 0.000412626599427, 0.000113227550173, 0.00015233195154, 0.000192710591364, 7.2258648288e-05, 0.00168320699595, 0.000486274104333, 0.000111193010525, 0.000160340408911, 0.0001567305153, 6.91314344294e-05, 4.47742095275e-05, 2.02643859666e-05, 6.56035035718e-06, 9.39152050705e-06, 5.98970416377e-07, 3.89833672898e-07, 1.60023375884e-07, 1.36984041887e-07],
        "dmean2": [0.000109897591756, 0.00953311938792, 0.000594752898905, 0.000272369856248, 0.0151720987633, 0.000287553179078, 0.00036686763633, 0.000101129458926, 0.000586611451581, 0.000206947472179, 0.000226488118642, 0.000320240447763, 0.000132825021865, 0.00224200263619, 0.000585708825383, 0.00016930095444, 0.000259253429249, 0.000223358525545, 0.000105611958134, 7.34555214876e-05, 3.54215189873e-05, 1.1212757272e-05, 1.80194492714e-05, 1.03539105112e-06, 6.74937382428e-07, 2.69137075293e-07, 2.10988829963e-07],
        "dvar": [6.97970259367e-09, 2.2121506845e-05, 1.40794284675e-07, 3.78513504984e-08, 4.97669461765e-05, 3.20278026322e-08, 2.99918241353e-08, 7.40297778634e-09, 2.03971282531e-07, 1.5492133798e-08, 3.06247969206e-08, 4.14291534412e-08, 6.12533712641e-09, 4.04692855227e-06, 3.40934832366e-07, 2.37140831416e-08, 3.06222815993e-08, 2.07554986531e-08, 5.91647086878e-09, 1.79835235592e-09, 5.11552911142e-10, 3.92821296324e-11, 5.0591596884e-11, 2.53364955969e-13, 1.28896269743e-13, 2.39002848274e-14, 2.21113343022e-14],
        "dvar2": [1.88018063341e-08, 4.9473663239e-05, 4.15695382117e-07, 1.07041046249e-07, 0.000161964111612, 9.63601323178e-08, 8.97513601217e-08, 1.41717526603e-08, 4.19526543283e-07, 5.68491671515e-08, 7.12028480621e-08, 8.62519513589e-08, 1.89342674872e-08, 5.78239178139e-06, 4.47096994094e-07, 3.85863820895e-08, 7.56562101856e-08, 4.21213499635e-08, 1.16962661778e-08, 4.57205384663e-09, 1.23403909313e-09, 9.90941356749e-11, 1.86348339537e-10, 7.43873658417e-13, 3.30608777117e-13, 5.15233472206e-14, 3.42129516178e-14],
        "max": [0.000587876827922, 0.0435569621623, 0.0027239122428, 0.00147499726154, 0.0634228661656, 0.00114989699796, 0.000865926383995, 0.00117338041309, 0.00480107683688, 0.000971860950813, 0.00187870720401, 0.00156949006487, 0.00065193179762, 0.0279641672969, 0.00965789239854, 0.00183953717351, 0.00181565165985, 0.00181440031156, 0.000863516295794, 0.00046157365432, 0.000281426386209, 7.48135644244e-05, 3.91712528653e-05, 4.91605396746e-06, 3.60758599527e-06, 1.21035066059e-06, 1.74152876298e-06],
        "mean": [0.000111258974357, 0.0105988904834, 0.000431270891568, 0.000284644745989, 0.0144403073937, 0.000234349776292, 0.000266575167188, 0.000180449860636, 0.000920510559808, 0.000173191627255, 0.000604902452324, 0.000354491407052, 0.000147478305735, 0.0045428564772, 0.00203464413062, 0.000402750272769, 0.000410820153775, 0.000592102995142, 0.000198547932087, 0.000106737570604, 6.84615879436e-05, 1.71170140675e-05, 1.31812585096e-05, 2.14125293496e-06, 1.57108866006e-06, 3.35807129659e-07, 1.08128801912e-06],
        "median": [8.71192532941e-05, 0.00864251423627, 0.000330016307998, 0.000225310883252, 0.00961626600474, 0.000173003907548, 0.000193108717212, 9.32697366807e-05, 0.00067288079299, 0.00013520270295, 0.000485708180349, 0.00017405685503, 9.16260905797e-05, 0.0034029581584, 0.00169148808345, 0.000315444951411, 0.000332815368893, 0.000508592056576, 0.000143667683005, 8.92846874194e-05, 5.75609410589e-05, 1.48010876728e-05, 1.1275671568e-05, 1.97077702069e-06, 1.54424333232e-06, 2.75295093388e-07, 1.04040964288e-06],
        "min": [2.31887770497e-06, 0.000302783621009, 1.98418110813e-05, 2.14197498281e-05, 0.000226270785788, 2.05810047191e-05, 1.02612957562e-05, 9.10754533834e-06, 1.3089175809e-05, 1.86822016985e-05, 3.39129765052e-05, 9.41404505284e-06, 5.83459814152e-06, 3.30582661263e-05, 2.71891094599e-05, 2.30955156439e-05, 1.9040888219e-05, 2.3737688025e-05, 1.06259531094e-05, 2.54151973422e-06, 3.51579592461e-06, 1.21581331314e-06, 4.45482356781e-07, 2.19386222966e-07, 2.15506958057e-07, 7.46951798192e-08, 2.05567928901e-07],
        "var": [1.00452712815e-08, 6.65930128889e-05, 1.58773531211e-07, 5.58688206809e-08, 0.000148465871462, 4.11549336832e-08, 3.73654138741e-08, 5.32501260864e-08, 6.45529780741e-07, 1.88303932447e-08, 1.60264519877e-07, 1.43927920249e-07, 1.90979694281e-08, 2.03240342671e-05, 3.15604711432e-06, 9.91451045707e-08, 6.56067911109e-08, 1.32618055204e-07, 2.97943625327e-08, 4.87751483647e-09, 2.05477279636e-09, 1.31989669194e-10, 5.80137396455e-11, 6.5145870469e-13, 3.16994098071e-13, 4.16212474642e-14, 5.61927823608e-14]
    },
    "erbbands": {
        "dmean": [0.1643050313, 1.41341161728, 0.719076454639, 0.501669347286, 16.9574565887, 34.547416687, 3.90777015686, 1.55077552795, 1.50015568733, 2.76222848892, 2.53293371201, 11.8880710602, 4.92693376541, 6.66357946396, 3.78863525391, 8.89192867279, 3.8401684761, 49.0512619019, 40.405166626, 14.6283931732, 7.579641819, 8.45808601379, 7.37739658356, 5.71285963058, 3.59880542755, 1.30918979645, 1.15915322304, 0.507848918438, 0.273250490427, 0.208436742425, 0.27869400382, 0.0357430242002, 0.00702132284641, 0.00398151995614, 0.00379770202562, 0.0013695951784, 0.000108550324512, 3.68334440282e-05, 1.89759321074e-05, 1.24919888549e-05],
        "dmean2": [0.248001590371, 2.21971797943, 1.24167454243, 0.853522717953, 30.6276454926, 60.0172653198, 6.38133430481, 2.65134835243, 2.70409870148, 4.97444105148, 3.72578001022, 17.3092861176, 8.14804172516, 11.3781499863, 5.71600580215, 15.0476894379, 6.68347120285, 63.7723045349, 56.051448822, 19.1266345978, 11.9814224243, 13.2868938446, 11.0369386673, 7.61325645447, 5.76873350143, 2.25109505653, 2.12324309349, 0.787217974663, 0.478545725346, 0.396004110575, 0.532049655914, 0.0643821135163, 0.0120699321851, 0.00652485480532, 0.00667802523822, 0.00236067874357, 0.000172600688529, 6.0399161157e-05, 3.04574114125e-05, 2.10214711842e-05],
        "dvar": [0.0186144970357, 1.16297590733, 0.46031743288, 0.273317039013, 202.630996704, 877.119812012, 9.11826324463, 2.89139604568, 1.62127685547, 5.89793348312, 13.9404087067, 154.368988037, 20.6530036926, 81.6366119385, 15.8791456223, 88.6249084473, 15.7712697983, 3554.57714844, 2290.20874023, 345.767303467, 97.860458374, 89.5639038086, 54.8125114441, 26.0919570923, 19.1448783875, 1.67074799538, 1.49046671391, 0.242073878646, 0.0650230497122, 0.026699822396, 0.0464725755155, 0.000686776416842, 3.42186867783e-05, 1.14903059512e-05, 1.57023641805e-05, 1.72867305537e-06, 4.41716494493e-08, 4.51438575411e-09, 4.60220805909e-10, 1.30613034277e-10],
        "dvar2": [0.0397604294121, 2.74287557602, 1.13930428028, 0.765149712563, 663.020507812, 2580.39526367, 27.1347522736, 8.63125705719, 4.74780607224, 18.3959617615, 20.9202690125, 349.046051025, 42.4021530151, 296.795196533, 33.1675491333, 188.232940674, 48.8799934387, 4913.42919922, 3207.79003906, 476.27130127, 148.575500488, 219.137115479, 141.564239502, 43.3161659241, 43.3177452087, 4.38487482071, 3.87474679947, 0.537696063519, 0.174338877201, 0.0960012823343, 0.168008416891, 0.0022957874462, 8.51804288686e-05, 3.04410605168e-05, 4.41269221483e-05, 4.5472106649e-06, 6.32529477684e-08, 5.63798074893e-09, 7.4252010096e-10, 2.87947721223e-10],
        "max": [1.18986070156, 9.93372440338, 5.68073225021, 3.88764548302, 107.794845581, 283.640838623, 29.6866607666, 10.8864974976, 8.0748167038, 13.0525903702, 51.2255935669, 113.859184265, 41.2834358215, 92.3927383423, 47.8609580994, 68.1964874268, 42.9867897034, 851.370178223, 642.928894043, 299.063201904, 100.85471344, 106.098464966, 76.5708847046, 74.7090072632, 52.9793052673, 10.1143932343, 13.1710138321, 6.57075214386, 2.71504545212, 1.00492167473, 1.29055178165, 0.179295033216, 0.0666436254978, 0.0427348092198, 0.0361741855741, 0.0102047892287, 0.00240519130602, 0.000890391995199, 0.000252379686572, 0.000138384304591],
        "mean": [0.317643105984, 2.31851792336, 1.18077480793, 1.00070118904, 24.0868377686, 65.5871887207, 8.43232154846, 2.28137636185, 2.26748776436, 4.11142635345, 7.91126966476, 22.0943660736, 9.63276195526, 16.9678268433, 15.0533037186, 16.5168743134, 10.2533502579, 140.609375, 154.230682373, 66.3518218994, 30.4222831726, 21.4621372223, 26.599943161, 21.7137851715, 9.36476230621, 3.63228011131, 3.21510624886, 1.92976164818, 0.69277971983, 0.377473473549, 0.381901532412, 0.0874877795577, 0.0275418870151, 0.0159744769335, 0.012373175472, 0.00321341189556, 0.000272068224149, 0.000188693244127, 0.000135593785672, 6.47504639346e-05],
        "median": [0.234176754951, 1.85640275478, 0.968785941601, 0.878188729286, 19.5831508636, 43.5546607971, 6.52608060837, 1.69448065758, 1.67636990547, 3.23690485954, 3.74173116684, 15.4806594849, 8.48815155029, 12.1787223816, 13.0106096268, 8.51267242432, 7.34150314331, 104.409164429, 145.47718811, 58.7881317139, 26.092634201, 18.6448249817, 24.5058555603, 17.7348251343, 7.95558595657, 3.20010280609, 2.66875529289, 1.56853270531, 0.601007521152, 0.343542695045, 0.319901376963, 0.0801113471389, 0.0255057457834, 0.0146331461146, 0.0119784129784, 0.00292444694787, 0.000225859737839, 0.000177593348781, 0.000128252664581, 6.04035485594e-05],
        "min": [0.00786972697824, 0.0715154483914, 0.114006780088, 0.180191189051, 0.577497303486, 0.823549687862, 0.450004011393, 0.121012479067, 0.072315633297, 0.373926103115, 0.547645390034, 0.261275172234, 0.817880570889, 1.39774572849, 0.970821619034, 0.391050130129, 0.298263967037, 1.40531647205, 2.94935727119, 2.79292583466, 1.46940875053, 1.12556827068, 1.44569969177, 0.645451843739, 0.43157094717, 0.121793687344, 0.122417487204, 0.131444573402, 0.0435135029256, 0.0176790673286, 0.00954274833202, 0.00608287379146, 0.00289587490261, 0.00197681668214, 0.00180227286182, 0.000615464407019, 0.000108619773528, 9.79571777862e-05, 2.50049397437e-05, 4.77830872114e-06],
        "var": [0.0657278895378, 3.13960576057, 0.64765816927, 0.403827577829, 347.72946167, 4008.25488281, 35.8442497253, 3.67017173767, 2.40009260178, 7.59669351578, 117.176040649, 426.00479126, 39.2171363831, 190.532470703, 82.4578170776, 296.947906494, 61.4032020569, 18743.2304688, 11887.8740234, 2896.15991211, 411.994445801, 184.573547363, 218.470535278, 244.316329956, 47.5070495605, 3.61955928802, 4.65520334244, 1.35780179501, 0.202679604292, 0.0344358049333, 0.0534874759614, 0.0012698858045, 0.000130810047267, 4.4042684749e-05, 2.29376055358e-05, 2.96312191495e-06, 4.73564689685e-08, 5.11151698745e-09, 1.09691011829e-09, 5.67307090193e-10]
    },
    "gfcc": {
        "mean": [-6.50122785568, 133.469223022, -145.138442993, 43.2820091248, -16.4666633606, 7.28749418259, -26.2931632996, -7.02477455139, -12.8114261627, -9.24092674255, -14.2541427612, -10.1461629868, 3.18549537659],
        "cov": [[478.642303467, 32.1124725342, -90.5110473633, 28.8747749329, 61.1518211365, 88.8339385986, 35.7428627014, -8.92673873901, 31.1298656464, 22.4036579132, -0.89170897007, -39.9934692383, 21.8486804962], [32.1124725342, 75.7131195068, 34.4632949829, 0.58866995573, 8.04938030243, -18.6057338715, 4.36145448685, -5.18918037415, -10.2791538239, -16.7079811096, 8.89200782776, -4.02219009399, 2.736120224], [-90.5110473633, 34.4632949829, 95.0963439941, 15.290802002, -15.95195961, -32.5510559082, -19.5095252991, -5.55701160431, -20.6452560425, -25.3681564331, -5.46072530746, 12.1561908722, -5.4182510376], [28.8747749329, 0.58866995573, 15.290802002, 52.8220024109, 20.75091362, 0.7840026021, 1.68988037109, -5.76003503799, -9.50261688232, -12.8156318665, 8.31081485748, 2.93266797066, 2.64986801147], [61.1518211365, 8.04938030243, -15.95195961, 20.75091362, 66.5549240112, 33.1502380371, 3.54628658295, -13.6568994522, -9.54839515686, 4.25744819641, 3.91071248055, -8.84043216705, 11.7234039307], [88.8339385986, -18.6057338715, -32.5510559082, 0.7840026021, 33.1502380371, 74.3570327759, 24.3350296021, -2.65832591057, 23.9320716858, 28.3290691376, -3.00075006485, -13.573184967, 4.03518247604], [35.7428627014, 4.36145448685, -19.5095252991, 1.68988037109, 3.54628658295, 24.3350296021, 55.9164009094, 37.4735069275, 18.4985351562, 11.786523819, 6.75014686584, 0.319087594748, -8.18783950806], [-8.92673873901, -5.18918037415, -5.55701160431, -5.76003503799, -13.6568994522, -2.65832591057, 37.4735069275, 61.8858909607, 30.095615387, 8.70576763153, -0.697492063046, 9.2368183136, -4.38629865646], [31.1298656464, -10.2791538239, -20.6452560425, -9.50261688232, -9.54839515686, 23.9320716858, 18.4985351562, 30.095615387, 65.5568389893, 36.2061309814, -7.71143817902, -7.95320224762, 0.554857969284], [22.4036579132, -16.7079811096, -25.3681564331, -12.8156318665, 4.25744819641, 28.3290691376, 11.786523819, 8.70576763153, 36.2061309814, 51.5868225098, 2.28840374947, -13.312787056, -0.209841474891], [-0.89170897007, 8.89200782776, -5.46072530746, 8.31081485748, 3.91071248055, -3.00075006485, 6.75014686584, -0.697492063046, -7.71143817902, 2.28840374947, 30.380443573, 11.2831411362, -4.22999668121], [-39.9934692383, -4.02219009399, 12.1561908722, 2.93266797066, -8.84043216705, -13.573184967, 0.319087594748, 9.2368183136, -7.95320224762, -13.312787056, 11.2831411362, 35.9853515625, 1.57353997231], [21.8486804962, 2.736120224, -5.4182510376, 2.64986801147, 11.7234039307, 4.03518247604, -8.18783950806, -4.38629865646, 0.554857969284, -0.209841474891, -4.22999668121, 1.57353997231, 22.1058483124]],
        "icov": [[0.00630914838985, -0.0146602075547, 0.0128691606224, -0.0118827130646, 0.00694065680727, -0.0127251716331, 0.0100396843627, -0.00709603261203, 0.00602095853537, -0.00398498261347, 0.00856379885226, -0.00231577828526, 0.00272468989715], [-0.0146602075547, 0.0808439701796, -0.0576148964465, 0.0541729554534, -0.0376144871116, 0.0550477616489, -0.0617031864822, 0.0432776100934, -0.0410659015179, 0.0364975854754, -0.0534932799637, 0.0313324071467, -0.0315887331963], [0.0128691606224, -0.0576148964465, 0.0582293942571, -0.0462083630264, 0.0292280111462, -0.0387667454779, 0.0478842556477, -0.0320919752121, 0.0312566123903, -0.0238370466977, 0.0438642166555, -0.0244846120477, 0.0262928325683], [-0.0118827130646, 0.0541729554534, -0.0462083630264, 0.0656629353762, -0.0358021967113, 0.0405937843025, -0.0459414683282, 0.0330437086523, -0.0339465066791, 0.0331261903048, -0.0450026243925, 0.0213740225881, -0.0220067258924], [0.00694065680727, -0.0376144871116, 0.0292280111462, -0.0358021967113, 0.0478992946446, -0.0407410897315, 0.0325633995235, -0.024445950985, 0.0307440087199, -0.0191554855555, 0.0207646898925, -0.00795345380902, 0.00208236463368], [-0.0127251716331, 0.0550477616489, -0.0387667454779, 0.0405937843025, -0.0407410897315, 0.0756648182869, -0.0646120011806, 0.0496175996959, -0.0388166084886, 0.0143643515185, -0.0250574834645, 0.0136125059798, -0.0195495039225], [0.0100396843627, -0.0617031864822, 0.0478842556477, -0.0459414683282, 0.0325633995235, -0.0646120011806, 0.102943524718, -0.0725148320198, 0.041632797569, -0.0256689377129, 0.0289677325636, -0.0179132632911, 0.0387533567846], [-0.00709603261203, 0.0432776100934, -0.0320919752121, 0.0330437086523, -0.024445950985, 0.0496175996959, -0.0725148320198, 0.076056227088, -0.0444411300123, 0.0209166780114, -0.0188580434769, 0.00365823111497, -0.020585346967], [0.00602095853537, -0.0410659015179, 0.0312566123903, -0.0339465066791, 0.0307440087199, -0.0388166084886, 0.041632797569, -0.0444411300123, 0.0640019178391, -0.0426349118352, 0.0361745022237, -0.0153339970857, 0.0142481569201], [-0.00398498261347, 0.0364975854754, -0.0238370466977, 0.0331261903048, -0.0191554855555, 0.0143643515185, -0.0256689377129, 0.0209166780114, -0.0426349118352, 0.064811065793, -0.0430311113596, 0.0293573606759, -0.0168512873352], [0.00856379885226, -0.0534932799637, 0.0438642166555, -0.0450026243925, 0.0207646898925, -0.0250574834645, 0.0289677325636, -0.0188580434769, 0.0361745022237, -0.0430311113596, 0.0910226777196, -0.0453370772302, 0.0341802500188], [-0.00231577828526, 0.0313324071467, -0.0244846120477, 0.0213740225881, -0.00795345380902, 0.0136125059798, -0.0179132632911, 0.00365823111497, -0.0153339970857, 0.0293573606759, -0.0453370772302, 0.0604994148016, -0.0266468934715], [0.00272468989715, -0.0315887331963, 0.0262928325683, -0.0220067258924, 0.00208236463368, -0.0195495039225, 0.0387533567846, -0.020585346967, 0.0142481569201, -0.0168512873352, 0.0341802500188, -0.0266468934715, 0.0761894509196]]
    },
    "melbands": {
        "dmean": [0.00167828099802, 0.000906546716578, 0.000280328356894, 0.0023749882821, 0.000327218382154, 3.27315610775e-05, 3.08345333906e-05, 2.3987973691e-05, 2.52721838478e-05, 7.75200096541e-05, 2.22830767598e-05, 2.56463208643e-05, 1.80573697435e-05, 2.60800006799e-05, 7.32708031137e-06, 9.25606491364e-06, 0.000125339036458, 0.000103280231997, 4.9237631174e-05, 6.84385031491e-06, 1.09748398245e-05, 8.74349188962e-06, 7.63543812354e-06, 7.68756854086e-06, 4.82307586935e-06, 3.40677843269e-06, 2.29692182074e-06, 9.12375469397e-07, 8.22710944703e-07, 6.58087174088e-07, 2.17075793785e-07, 1.97303336336e-07, 7.61812160022e-08, 1.51408414695e-07, 2.04160926387e-07, 6.19979161343e-08, 1.08668318788e-08, 6.12709527559e-09, 3.64992880364e-09, 3.7046281598e-09],
        "dmean2": [0.00257944315672, 0.00147483462933, 0.00045179654262, 0.00425476720557, 0.000527290045284, 5.60607550142e-05, 5.56356462766e-05, 4.30198197137e-05, 3.61557977158e-05, 0.000111872919661, 3.82186917705e-05, 4.39844152424e-05, 2.59951175394e-05, 4.26228289143e-05, 1.2947639334e-05, 1.70127732417e-05, 0.000163887190865, 0.000142732591485, 5.95677738602e-05, 1.0583880794e-05, 1.68823862623e-05, 1.40439096867e-05, 1.13561636681e-05, 1.03304446384e-05, 6.59600618746e-06, 5.37733649253e-06, 3.68943869944e-06, 1.56973726462e-06, 1.517776127e-06, 1.05590811472e-06, 3.31678165821e-07, 3.37358187608e-07, 1.36703235398e-07, 2.91711302225e-07, 3.91952369228e-07, 1.16522322458e-07, 1.92662525933e-08, 1.03120321171e-08, 5.96493476834e-09, 6.08543659908e-09],
        "dvar": [1.71622684775e-06, 5.32237152129e-07, 5.95386957514e-08, 3.88974240195e-06, 6.86592187549e-08, 1.32792188356e-09, 6.73457511979e-10, 4.53428211644e-10, 1.44999057206e-09, 6.41734310136e-09, 4.51663401124e-10, 1.23704990695e-09, 3.84779152984e-10, 7.65701058114e-10, 5.03091145132e-11, 1.0200360695e-10, 2.31326779954e-08, 1.52060231073e-08, 3.51489504169e-09, 1.31607863496e-10, 1.81879442063e-10, 9.25979709576e-11, 5.18644086012e-11, 5.01694796817e-11, 1.88901602693e-11, 2.09689123704e-11, 4.96850781004e-12, 7.75042085632e-13, 6.13382988065e-13, 5.72750234826e-13, 4.25127293124e-14, 3.56300377386e-14, 4.66971339052e-15, 1.58842665583e-14, 2.63433751809e-14, 2.14278159832e-15, 8.88954725396e-17, 2.49132721887e-17, 9.7774187698e-18, 1.13356880775e-17],
        "dvar2": [3.75333934244e-06, 1.2362279449e-06, 1.55525455625e-07, 1.2992621123e-05, 1.94261005504e-07, 3.98267241408e-09, 1.9545887131e-09, 1.43098388694e-09, 2.17254658708e-09, 1.41867291248e-08, 9.26039689375e-10, 4.54485737933e-09, 8.98562557694e-10, 1.5375428708e-09, 1.17130527499e-10, 3.0400329476e-10, 3.22060991209e-08, 2.18558344756e-08, 4.54547022244e-09, 3.20990900526e-10, 3.51032730661e-10, 2.27134575037e-10, 1.2538878269e-10, 7.82146986067e-11, 3.61135357729e-11, 4.56716504893e-11, 1.20464497752e-11, 2.09554118849e-12, 1.85710192883e-12, 1.18712277421e-12, 9.32908806629e-14, 9.40345281568e-14, 1.30080323547e-14, 5.64154774871e-14, 9.52048363105e-14, 6.38337835688e-15, 2.37538319838e-16, 6.53629318838e-17, 2.73065488919e-17, 3.14810151148e-17],
        "max": [0.0119417328387, 0.0067421188578, 0.00189205724746, 0.0177408922464, 0.00278455857188, 0.000234114253544, 0.000125422680867, 0.000114392940304, 0.00051264592912, 0.000725553138182, 0.000165126795764, 0.000354141287971, 0.000241005851422, 0.000223638300668, 4.97730761708e-05, 8.62500601215e-05, 0.00215159635991, 0.00167498283554, 0.000958718475886, 0.000121583259897, 0.000124910497107, 0.000105808154331, 6.41838341835e-05, 9.90809348878e-05, 5.99605336902e-05, 5.5855653045e-05, 2.50274788414e-05, 5.71166083319e-06, 6.12126177657e-06, 1.0563284377e-05, 2.78789207186e-06, 2.04784169e-06, 5.28212922291e-07, 6.947443012e-07, 8.80083405264e-07, 2.56902950468e-07, 6.71995508128e-08, 5.21976808443e-08, 3.84517520047e-08, 3.36692060898e-08],
        "mean": [0.00304457521997, 0.00147904711775, 0.000455838599009, 0.00385034945793, 0.000682475452777, 4.42575292254e-05, 4.19445714215e-05, 3.79538214474e-05, 7.57753005018e-05, 0.000144507212099, 3.95710776502e-05, 6.28546986263e-05, 6.88177606207e-05, 4.86023927806e-05, 1.39712619784e-05, 1.95239244931e-05, 0.000349854875822, 0.000313679251121, 0.00019927546964, 2.18293025682e-05, 3.6793124309e-05, 2.19078065129e-05, 2.03505769605e-05, 2.84157067654e-05, 1.69451413967e-05, 8.13103451947e-06, 4.40577332483e-06, 2.02189380616e-06, 1.79622054475e-06, 2.22416088036e-06, 7.37090090297e-07, 4.43587538257e-07, 1.95265030811e-07, 2.21830305236e-07, 2.5623575084e-07, 1.10569622791e-07, 3.38451080495e-08, 1.97678797775e-08, 1.35275755042e-08, 1.29036985541e-08],
        "median": [0.00233564595692, 0.00121814885642, 0.000354543357389, 0.00258318008855, 0.000487628800329, 2.98136637866e-05, 3.08482740365e-05, 3.09994866257e-05, 3.27596098941e-05, 9.73514688667e-05, 3.28521164192e-05, 4.52965614386e-05, 5.52763303858e-05, 2.40542558458e-05, 9.93917910819e-06, 1.18010812002e-05, 0.000260345841525, 0.000243408852839, 0.000166147117852, 1.4981307686e-05, 3.30471120833e-05, 1.82919284271e-05, 1.7368929548e-05, 2.33706014114e-05, 1.32137520268e-05, 5.45653028894e-06, 3.26137956108e-06, 1.78151753971e-06, 1.43131933328e-06, 1.81225288998e-06, 6.10924359989e-07, 3.7329240854e-07, 1.77355047981e-07, 1.88090012898e-07, 2.12464556171e-07, 9.22587233276e-08, 3.16597628114e-08, 1.88236306542e-08, 1.2260840343e-08, 1.20326850706e-08],
        "min": [7.88082470535e-05, 6.63081591483e-05, 4.40884796262e-05, 5.32092053618e-05, 2.0408164346e-05, 2.72069155471e-06, 1.36768744596e-06, 3.14782982969e-06, 2.64617597168e-06, 1.58345369528e-06, 4.13825318901e-06, 5.59716272619e-06, 4.09194672102e-06, 1.37315043958e-06, 4.36639965073e-07, 6.33340960121e-07, 2.11242172554e-06, 4.26503265771e-06, 2.2855874704e-06, 1.91572030417e-06, 1.87098225979e-06, 9.73868054643e-07, 1.6331750885e-06, 9.06075513285e-07, 4.73646935006e-07, 4.10719593447e-07, 1.49131111016e-07, 6.26112566238e-08, 5.16638927195e-08, 1.21099120065e-07, 6.15015949279e-08, 3.09010808053e-08, 8.5006011119e-09, 1.0534957795e-08, 5.36218758285e-09, 4.69141170356e-09, 3.2993991983e-09, 2.22983742582e-09, 1.32447564027e-09, 1.79011849788e-09],
        "var": [5.70337942918e-06, 1.12267287022e-06, 1.32349327941e-07, 1.13869036795e-05, 3.72015904304e-07, 1.84974846551e-09, 8.49934289615e-10, 5.79766290532e-10, 1.2243531522e-08, 1.75919332435e-08, 7.50192075127e-10, 2.72301892146e-09, 2.00796779204e-09, 2.74139688727e-09, 1.55898613463e-10, 3.34537342273e-10, 1.20022434658e-07, 7.25611002395e-08, 3.18878825567e-08, 4.14293460649e-10, 6.51117826322e-10, 1.95245153378e-10, 1.77146700087e-10, 3.87915949362e-10, 1.67389921368e-10, 5.46510753319e-11, 1.29676946264e-11, 1.29812816312e-12, 1.27329548814e-12, 2.84648541717e-12, 2.27633504494e-13, 1.13048703428e-13, 9.39686916739e-15, 1.62540032161e-14, 2.81992277565e-14, 3.26510533563e-15, 1.73032313982e-16, 8.2143356018e-17, 4.11397417385e-17, 3.00388422605e-17]
    },
    "mfcc": {
        "mean": [-643.582519531, 157.65737915, -42.8971595764, 45.2262687683, 19.5767421722, 22.3011245728, 0.496120721102, 8.87201595306, 2.91479682922, 10.5785074234, -3.18760228157, -14.300286293, -16.9836425781],
        "cov": [[550.41595459, -12.952454567, -113.113647461, -34.4208374023, 22.6634273529, 96.5153579712, 37.3036117554, 13.1314096451, 29.2950000763, 84.2998275757, 38.6949768066, -27.9435939789, -20.3959503174], [-12.952454567, 84.6629180908, 21.0010261536, 4.03664493561, 3.68983244896, -13.8200340271, 14.0138130188, -1.74665915966, -8.97593975067, -20.5801067352, 1.59370756149, 8.66068840027, -4.0000462532], [-113.113647461, 21.0010261536, 99.6060943604, 28.6290225983, -7.32750511169, -26.8620185852, -20.8140029907, 2.00230550766, -15.3127651215, -27.8633823395, -7.38437080383, 1.46812796593, -18.6266059875], [-34.4208374023, 4.03664493561, 28.6290225983, 67.279624939, 11.494559288, -21.778799057, 7.88291358948, 10.5365076065, -22.5567684174, -21.6860847473, -8.6085062027, -4.96929359436, -10.9103422165], [22.6634273529, 3.68983244896, -7.32750511169, 11.494559288, 48.3156051636, 25.63646698, 8.39346981049, -12.0350379944, -5.48550319672, 1.11992514133, -3.05952715874, -25.484287262, -17.9501171112], [96.5153579712, -13.8200340271, -26.8620185852, -21.778799057, 25.63646698, 76.7556915283, 16.3104171753, -8.65318870544, 4.68947029114, 28.9163761139, 10.9707946777, -19.30286026, -16.0010375977], [37.3036117554, 14.0138130188, -20.8140029907, 7.88291358948, 8.39346981049, 16.3104171753, 61.3384819031, 15.6461524963, -14.2693653107, -8.64179897308, 3.03036975861, 4.31400918961, 2.88378572464], [13.1314096451, -1.74665915966, 2.00230550766, 10.5365076065, -12.0350379944, -8.65318870544, 15.6461524963, 52.1760139465, 3.40312695503, -5.59016132355, 5.88335323334, 14.2258167267, 14.0213575363], [29.2950000763, -8.97593975067, -15.3127651215, -22.5567684174, -5.48550319672, 4.68947029114, -14.2693653107, 3.40312695503, 67.0626296997, 37.823223114, 16.8537349701, 9.25975704193, 9.01951789856], [84.2998275757, -20.5801067352, -27.8633823395, -21.6860847473, 1.11992514133, 28.9163761139, -8.64179897308, -5.59016132355, 37.823223114, 77.2739334106, 24.0994758606, -9.1584482193, -4.00214147568], [38.6949768066, 1.59370756149, -7.38437080383, -8.6085062027, -3.05952715874, 10.9707946777, 3.03036975861, 5.88335323334, 16.8537349701, 24.0994758606, 35.6802940369, 7.02506256104, -6.40211868286], [-27.9435939789, 8.66068840027, 1.46812796593, -4.96929359436, -25.484287262, -19.30286026, 4.31400918961, 14.2258167267, 9.25975704193, -9.1584482193, 7.02506256104, 71.1057281494, 44.2314567566], [-20.3959503174, -4.0000462532, -18.6266059875, -10.9103422165, -17.9501171112, -16.0010375977, 2.88378572464, 14.0213575363, 9.01951789856, -4.00214147568, -6.40211868286, 44.2314567566, 73.9855194092]],
