{
"lowlevel": {
    "average_loudness": 0.989176034927,
    "barkbands_crest": {
        "dmean": 2.11639976501,
        "dmean2": 3.5137116909,
        "dvar": 3.38940548897,
        "dvar2": 8.89105319977,
        "max": 17.8010501862,
        "mean": 8.34492778778,
        "median": 7.82805585861,
        "min": 3.91309070587,
        "var": 8.78645324707
    },
    "barkbands_flatness_db": {
        "dmean": 0.0222654417157,
        "dmean2": 0.0349863134325,
        "dvar": 0.000397108931793,
        "dvar2": 0.000869648880325,
        "max": 0.328115642071,
        "mean": 0.214387848973,
        "median": 0.213978156447,
        "min": 0.131857067347,
        "var": 0.00110280676745
    },
    "barkbands_kurtosis": {
        "dmean": 0.643892586231,
        "dmean2": 0.983220934868,
        "dvar": 0.561896622181,
        "dvar2": 1.18076217175,
        "max": 10.5022029877,
        "mean": 0.368632465601,
        "median": 0.0371499061584,
        "min": -1.24982953072,
        "var": 2.07828211784
    },
    "barkbands_skewness": {
        "dmean": 0.297634720802,
        "dmean2": 0.469983428717,
        "dvar": 0.0603447780013,
        "dvar2": 0.138989135623,
        "max": 1.52650856972,
        "mean": 0.225779920816,
        "median": 0.258461624384,
        "min": -1.2260876894,
        "var": 0.219743490219
    },
    "barkbands_spread": {
        "dmean": 1.68740785122,
        "dmean2": 2.58593058586,
        "dvar": 2.12515425682,
        "dvar2": 4.25837612152,
        "max": 20.6309547424,
        "mean": 9.49614906311,
        "median": 9.26272678375,
        "min": 2.10071253777,
        "var": 8.71139812469
    },
    "dissonance": {
        "dmean": 0.0173306148499,
        "dmean2": 0.0293516181409,
        "dvar": 0.000420865166234,
        "dvar2": 0.000981492572464,
        "max": 0.499678760767,
        "mean": 0.472232550383,
        "median": 0.478115350008,
        "min": 0.33993512392,
        "var": 0.000541544752195
    },
    "dynamic_complexity": 0.671981275082,
    "erbbands_crest": {
        "dmean": 1.77947664261,
        "dmean2": 2.91140961647,
        "dvar": 2.90259718895,
        "dvar2": 6.56547307968,
        "max": 20.9760417938,
        "mean": 8.97524833679,
        "median": 8.06147003174,
        "min": 4.45709943771,
        "var": 10.0752677917
    },
    "erbbands_flatness_db": {
        "dmean": 0.0204524826258,
        "dmean2": 0.0310852583498,
        "dvar": 0.000322357402183,
        "dvar2": 0.000687077001203,
        "max": 0.407601505518,
        "mean": 0.314373880625,
        "median": 0.316353529692,
        "min": 0.236889749765,
        "var": 0.00106022285763
    },
    "erbbands_kurtosis": {
        "dmean": 0.641504108906,
        "dmean2": 1.03292417526,
        "dvar": 0.518836140633,
        "dvar2": 1.11097478867,
        "max": 7.34043502808,
        "mean": 0.371715128422,
        "median": 0.203340530396,
        "min": -1.38378620148,
        "var": 1.44592010975
    },
    "erbbands_skewness": {
        "dmean": 0.290826588869,
        "dmean2": 0.455670326948,
        "dvar": 0.0640741363168,
        "dvar2": 0.141422197223,
        "max": 1.80137193203,
        "mean": 0.169706657529,
        "median": 0.210281550884,
        "min": -1.51223754883,
        "var": 0.287819176912
    },
    "erbbands_spread": {
        "dmean": 2.2844183445,
        "dmean2": 3.53460335732,
        "dvar": 4.58774900436,
        "dvar2": 8.26194858551,
        "max": 30.6544342041,
        "mean": 13.3079366684,
        "median": 12.6812019348,
        "min": 3.99896717072,
        "var": 18.6897239685
    },
    "hfc": {
        "dmean": 9.11562252045,
        "dmean2": 14.1250209808,
        "dvar": 58.7528457642,
        "dvar2": 143.128829956,
        "max": 72.2128219604,
        "mean": 39.3382415771,
        "median": 39.0899925232,
        "min": 0.428114414215,
        "var": 143.579467773
    },
    "melbands_crest": {
        "dmean": 1.8277130127,
        "dmean2": 2.93745613098,
        "dvar": 2.45067310333,
        "dvar2": 5.67529392242,
        "max": 19.4996814728,
        "mean": 8.45599937439,
        "median": 7.82569265366,
        "min": 3.6816546917,
        "var": 8.09045028687
    },
    "melbands_flatness_db": {
        "dmean": 0.0217404980212,
        "dmean2": 0.0322921797633,
        "dvar": 0.000370080088032,
        "dvar2": 0.000826867704745,
        "max": 0.320927232504,
        "mean": 0.18656167388,
        "median": 0.183987826109,
        "min": 0.0990673452616,
        "var": 0.00146883388516
    },
    "melbands_kurtosis": {
        "dmean": 0.844268143177,
        "dmean2": 1.23939299583,
        "dvar": 0.591246724129,
        "dvar2": 1.34043455124,
        "max": 9.92113304138,
        "mean": 0.90870732069,
        "median": 0.633596897125,
        "min": -1.25913774967,
        "var": 2.58816170692
    },
    "melbands_skewness": {
        "dmean": 0.303965687752,
        "dmean2": 0.506473183632,
        "dvar": 0.0673060491681,
        "dvar2": 0.139760270715,
        "max": 1.90750300884,
        "mean": 0.443668812513,
        "median": 0.42337012291,
        "min": -0.796980857849,
        "var": 0.199662536383
    },
    "melbands_spread": {
        "dmean": 4.04466485977,
        "dmean2": 6.49392175674,
        "dvar": 13.807551384,
        "dvar2": 29.9979610443,
        "max": 41.0470314026,
        "mean": 20.8476047516,
        "median": 20.5750846863,
        "min": 4.30634355545,
        "var": 43.1501350403
    },
    "pitch_salience": {
        "dmean": 0.0624218545854,
        "dmean2": 0.095565199852,
        "dvar": 0.00266073760577,
        "dvar2": 0.00621343636885,
        "max": 0.819891095161,
        "mean": 0.589331388474,
        "median": 0.587138473988,
        "min": 0.392160445452,
        "var": 0.00757553847507
    },
    "silence_rate_20dB": {
        "dmean": 0,
        "dmean2": 0,
        "dvar": 0,
        "dvar2": 0,
        "max": 1,
        "mean": 1,
        "median": 1,
        "min": 1,
        "var": 0
    },
    "silence_rate_30dB": {
        "dmean": 0,
        "dmean2": 0,
        "dvar": 0,
        "dvar2": 0,
        "max": 1,
        "mean": 1,
        "median": 1,
        "min": 1,
        "var": 0
    },
    "silence_rate_60dB": {
        "dmean": 0.00476190494373,
        "dmean2": 0.0047846888192,
        "dvar": 0.00473922863603,
        "dvar2": 0.00476179551333,
        "max": 1,
        "mean": 0.00473933666945,
        "median": 0,
        "min": 0,
        "var": 0.00471687503159
    },
    "spectral_centroid": {
        "dmean": 202.576309204,
        "dmean2": 314.977294922,
        "dvar": 34233.90625,
        "dvar2": 73160.484375,
        "max": 3062.28588867,
        "mean": 2194.31982422,
        "median": 2228.64575195,
        "min": 1099.14733887,
        "var": 178963.65625
    },
    "spectral_complexity": {
        "dmean": 3.51904773712,
        "dmean2": 5.65550231934,
        "dvar": 9.52582263947,
        "dvar2": 22.3310832977,
        "max": 35,
        "mean": 22.3838863373,
        "median": 22,
        "min": 0,
        "var": 22.9663772583
    },
    "spectral_decrease": {
        "dmean": 1.07878028732e-09,
        "dmean2": 1.63478841575e-09,
        "dvar": 8.03218741171e-19,
        "dvar2": 1.84445291334e-18,
        "max": -4.93609701724e-11,
        "mean": -5.22263521319e-09,
        "median": -5.37316013904e-09,
        "min": -8.52813553109e-09,
        "var": 1.78758734815e-18
    },
    "spectral_energy": {
        "dmean": 0.00481532420963,
        "dmean2": 0.0073260855861,
        "dvar": 1.58722959895e-05,
        "dvar2": 3.67554130207e-05,
        "max": 0.0372316464782,
        "mean": 0.0232795104384,
        "median": 0.0235453248024,
        "min": 0.000225130788749,
        "var": 3.41177583323e-05
    },
    "spectral_energyband_high": {
        "dmean": 0.00025797879789,
        "dmean2": 0.000396566232666,
        "dvar": 1.34595097734e-07,
        "dvar2": 2.74668622069e-07,
        "max": 0.00379849085584,
        "mean": 0.000557828054298,
        "median": 0.000325507600792,
        "min": 5.25422592546e-06,
        "var": 3.80285371193e-07
    },
    "spectral_energyband_low": {
        "dmean": 3.20113008456e-06,
        "dmean2": 5.60480884815e-06,
        "dvar": 1.53562926264e-11,
        "dvar2": 3.93043340929e-11,
        "max": 2.96737343888e-05,
        "mean": 5.04339595864e-06,
        "median": 3.29006434185e-06,
        "min": 5.76019516529e-08,
        "var": 2.37713182472e-11
    },
    "spectral_energyband_middle_high": {
        "dmean": 0.00458634318784,
        "dmean2": 0.00712304934859,
        "dvar": 1.59942319442e-05,
        "dvar2": 3.72386202798e-05,
        "max": 0.035821672529,
        "mean": 0.0198312159628,
        "median": 0.019670009613,
        "min": 0.000207141565625,
        "var": 3.28262030962e-05
    },
    "spectral_energyband_middle_low": {
        "dmean": 0.000891049334314,
        "dmean2": 0.00122120697051,
        "dvar": 7.68499887727e-07,
        "dvar2": 1.37471670314e-06,
        "max": 0.0123522449285,
        "mean": 0.00304715195671,
        "median": 0.00267593143508,
        "min": 1.28281290017e-05,
        "var": 5.32770536665e-06
    },
    "spectral_entropy": {
        "dmean": 0.212215840816,
        "dmean2": 0.349271446466,
        "dvar": 0.0324014946818,
        "dvar2": 0.0697546377778,
        "max": 8.71135997772,
        "mean": 7.10344743729,
        "median": 7.10681819916,
        "min": 6.47032117844,
        "var": 0.067161038518
    },
    "spectral_flux": {
        "dmean": 0.0240683984011,
        "dmean2": 0.0407328717411,
        "dvar": 0.000401982164476,
        "dvar2": 0.00111725600436,
        "max": 0.150774866343,
        "mean": 0.0754679068923,
        "median": 0.0731038451195,
        "min": 0.0258737243712,
        "var": 0.000638361088932
    },
    "spectral_kurtosis": {
        "dmean": 5.14457178116,
        "dmean2": 9.2345790863,
        "dvar": 23.752620697,
        "dvar2": 73.040222168,
        "max": 36.7111244202,
        "mean": 9.34007263184,
        "median": 7.73375225067,
        "min": 2.07192754745,
        "var": 34.1761474609
    },
    "spectral_rms": {
        "dmean": 0.000516745087225,
        "dmean2": 0.000778163608629,
        "dvar": 2.25221270966e-07,
        "dvar2": 4.67401889637e-07,
        "max": 0.00602690270171,
        "mean": 0.00471750926226,
        "median": 0.00479281228036,
        "min": 0.000468657439342,
        "var": 4.56817019767e-07
    },
    "spectral_rolloff": {
        "dmean": 344.531188965,
        "dmean2": 584.28137207,
        "dvar": 140755.34375,
        "dvar2": 282644.90625,
        "max": 4414.30664062,
        "mean": 2509.48583984,
        "median": 2433.25195312,
        "min": 1227.39257812,
        "var": 427090.84375
    },
    "spectral_skewness": {
        "dmean": 0.471733689308,
        "dmean2": 0.833037912846,
        "dvar": 0.177677631378,
        "dvar2": 0.53789037466,
        "max": 4.28737878799,
        "mean": 1.58857762814,
        "median": 1.46096360683,
        "min": 0.677372694016,
        "var": 0.292563647032
    },
    "spectral_spread": {
        "dmean": 313149,
        "dmean2": 430225.3125,
        "dvar": 1.2395118592e+12,
        "dvar2": 711888732160,
        "max": 21669736,
        "mean": 2152345.25,
        "median": 2015158.5,
        "min": 1231514.5,
        "var": 2.01266796954e+12
    },
    "spectral_strongpeak": {
        "dmean": 1.28933131695,
        "dmean2": 2.0183300972,
        "dvar": 1.54381120205,
        "dvar2": 3.590893507,
        "max": 10.5955533981,
        "mean": 3.95403766632,
        "median": 3.73677682877,
        "min": 0.0734226927161,
        "var": 3.12144780159
    },
    "zerocrossingrate": {
        "dmean": 0.00551060261205,
        "dmean2": 0.00683827372268,
        "dvar": 2.4276536351e-05,
        "dvar2": 2.42833248194e-05,
        "max": 0.12548828125,
        "mean": 0.0825172141194,
        "median": 0.08251953125,
        "min": 0.02099609375,
        "var": 0.000251348566962
    },
    "barkbands": {
        "dmean": [3.07166089897e-07, 1.95629399968e-06, 8.50764138249e-07, 3.74735623154e-06, 6.15086173639e-05, 2.29248489632e-05, 0.000267228810117, 4.15667018387e-05, 0.000689165084623, 0.000410022243159, 0.00156825222075, 0.000801159301773, 0.00111853692215, 0.00242120143957, 0.000904006534256, 0.000719816074707, 0.000745067896787, 0.000500334892422, 0.000677203119267, 0.000253612641245, 0.00018070009537, 4.71767889394e-05, 3.05998910335e-05, 6.45972886559e-06, 5.09797428094e-06, 6.40389828277e-07, 1.57306743631e-07],
        "dmean2": [5.34842456545e-07, 3.54520921064e-06, 1.42349699672e-06, 6.17145269644e-06, 0.00010218105308, 3.3133332181e-05, 0.000404457416153, 6.77099305904e-05, 0.000977193936706, 0.000624401145615, 0.00239216932096, 0.00119225680828, 0.00172546482645, 0.00393370632082, 0.00140805693809, 0.00112715491559, 0.00122458254918, 0.000830829027109, 0.0010952653829, 0.000408303225413, 0.000263696943875, 7.5998425018e-05, 4.86674762215e-05, 1.12344687295e-05, 7.63995922171e-06, 1.06830123059e-06, 2.64528836169e-07],
        "dvar": [1.49044039372e-13, 7.11483823246e-12, 7.63860003895e-13, 3.76506013866e-11, 9.96799087716e-09, 1.06776809616e-09, 1.02378258759e-07, 4.78062966991e-09, 5.72885369365e-07, 2.5765299938e-07, 2.63076640294e-06, 1.18745538202e-06, 2.56590510617e-06, 7.94994684838e-06, 1.44335172081e-06, 8.77199852312e-07, 9.66332549979e-07, 4.06569455436e-07, 7.9935858821e-07, 8.68469669513e-08, 9.57536272495e-08, 5.11215869636e-09, 2.80654255391e-09, 1.90096993702e-10, 3.44180572931e-10, 1.04096115408e-12, 7.23582096475e-14],
        "dvar2": [3.73396978484e-13, 1.91081404172e-11, 1.92171365626e-12, 9.3587283756e-11, 2.26167067297e-08, 1.93540738991e-09, 2.31632057535e-07, 1.2752664702e-08, 9.36864751111e-07, 6.73392037243e-07, 5.32429521627e-06, 2.39911992139e-06, 5.18158321938e-06, 2.02816081583e-05, 3.08550147565e-06, 1.80640893177e-06, 2.39066457652e-06, 1.03979675714e-06, 1.9253670871e-06, 1.96241586536e-07, 1.78193914735e-07, 1.24813306357e-08, 7.17205761447e-09, 4.75327444072e-10, 7.77468589508e-10, 2.88322837827e-12, 1.45912118108e-13],
        "max": [3.15979787047e-06, 1.6230651454e-05, 7.9377568909e-06, 3.79846605938e-05, 0.00146148179192, 0.000379816570785, 0.0039362963289, 0.000632103008684, 0.00735900038853, 0.00455279229209, 0.0198402348906, 0.017845261842, 0.0182068757713, 0.0219629816711, 0.0103184478357, 0.00712726265192, 0.00692738685757, 0.00477884709835, 0.00803672987968, 0.0022129942663, 0.00339923403226, 0.000551011820789, 0.000491474871524, 0.000126038386952, 0.00024560460588, 7.13036570232e-06, 2.48257356361e-06],
        "mean": [2.93244482918e-07, 2.05310675483e-06, 1.18795890103e-06, 5.86311489315e-06, 0.000128172614495, 4.48986465926e-05, 0.000559476437047, 7.06061182427e-05, 0.00192290160339, 0.000904872140381, 0.00321071455255, 0.00221931817941, 0.00206255610101, 0.00465050479397, 0.00183445285074, 0.00136142305564, 0.00117174198385, 0.000807731645182, 0.00137122976594, 0.000507357704919, 0.000310424278723, 7.23624179955e-05, 4.61884264951e-05, 7.25499012333e-06, 5.12019778398e-06, 6.89094235895e-07, 1.5486646987e-07],
        "median": [1.67960479303e-07, 1.36358733016e-06, 6.6087795858e-07, 1.62501032719e-06, 5.98648512096e-05, 2.44424736593e-05, 0.000363686791388, 3.56525888492e-05, 0.00140221556649, 0.00069852557499, 0.00225305836648, 0.00124182517175, 0.00136574555654, 0.00368654541671, 0.00129929999821, 0.000801753136329, 0.000649266119581, 0.000504192954395, 0.000941875798162, 0.000365099898772, 0.000122708865092, 2.52971749433e-05, 1.07262421807e-05, 1.77942331447e-06, 8.24140272471e-07, 1.71409155314e-07, 1.40182656594e-08],
        "min": [1.95616495224e-10, 1.78835257714e-08, 1.66249201072e-08, 1.61536473087e-08, 4.26140445597e-07, 2.59120952251e-07, 2.35883317146e-06, 1.06173399672e-06, 3.93021355194e-06, 1.61014077094e-06, 1.08870053737e-05, 2.32451088777e-06, 6.88039144734e-05, 2.62194262177e-05, 4.98615372635e-05, 1.25172628032e-05, 1.04327482404e-05, 1.44305395224e-05, 4.85964983454e-06, 6.98984422343e-06, 6.52194160011e-07, 5.89995124756e-07, 2.75139313999e-07, 8.8497017714e-08, 1.8387703804e-08, 1.06908162323e-08, 2.57108934143e-09],
        "var": [1.47223731687e-13, 6.0667495333e-12, 1.83720768633e-12, 7.2130856843e-11, 4.61453559808e-08, 3.13960524245e-09, 4.36509282054e-07, 1.01748041104e-08, 2.90220418719e-06, 7.69067128203e-07, 9.42719907471e-06, 9.00640316104e-06, 6.14540522292e-06, 1.55046036525e-05, 2.65106564257e-06, 2.34407025346e-06, 1.61431159995e-06, 6.93130573381e-07, 1.54096801452e-06, 2.0122658384e-07, 2.39982085759e-07, 1.06274091749e-08, 6.91362078697e-09, 2.40635095183e-10, 4.09037137494e-10, 1.45981013736e-12, 9.69378657206e-14]
    },
    "erbbands": {
        "dmean": [5.28923847014e-05, 0.000477918365505, 0.00101812125649, 0.0066039301455, 0.095863699913, 0.274988889694, 0.212585628033, 0.206402629614, 2.92608642578, 3.49443101883, 2.31177163124, 13.5928850174, 12.3514680862, 32.4088859558, 41.0617141724, 33.9304962158, 33.0069046021, 80.6956787109, 65.3353424072, 50.8097114563, 43.5245628357, 35.7087745667, 26.9803829193, 40.6879310608, 20.302772522, 13.7063322067, 7.23453712463, 5.56659793854, 2.17461466789, 1.45639979839, 0.467218101025, 0.178557038307, 0.102611295879, 0.0666826441884, 0.0151189789176, 0.00419767107815, 0.00102546799462, 0.000206491866265, 3.14751232509e-05, 6.99280280969e-06],
        "dmean2": [9.2464586487e-05, 0.000868453178555, 0.00176078081131, 0.0108939232305, 0.172454670072, 0.426549524069, 0.327851802111, 0.307006984949, 4.61710119247, 5.24655818939, 3.28762745857, 19.6077423096, 17.0891246796, 50.6633605957, 62.0945663452, 50.1160049438, 52.186882019, 125.133407593, 106.779891968, 79.630821228, 67.8032913208, 58.3086395264, 44.4606513977, 64.7692337036, 31.2417411804, 22.2293014526, 11.0654859543, 8.45567321777, 3.49093675613, 2.26196599007, 0.720235168934, 0.286835759878, 0.16750870645, 0.0982974693179, 0.0243239477277, 0.00679225148633, 0.00171540374868, 0.000356192002073, 5.29751414433e-05, 1.08530848593e-05],
        "dvar": [5.02501196209e-09, 4.35194607462e-07, 1.45043429711e-06, 0.000104561040644, 0.0211392920464, 0.292754173279, 0.106968142092, 0.080779530108, 14.4801712036, 26.5049037933, 9.17373275757, 231.510635376, 169.894470215, 1001.65795898, 1671.14782715, 2900.89819336, 1598.38000488, 7633.18115234, 5699.84326172, 4312.26806641, 2685.36132812, 2481.32641602, 1040.57897949, 3154.77905273, 575.096069336, 289.016448975, 153.079849243, 110.566856384, 13.04733181, 6.1929693222, 0.624753475189, 0.114139720798, 0.0745310038328, 0.0468949079514, 0.0012564152712, 6.4246742113e-05, 2.711523166e-06, 1.05371732673e-07, 2.62110066984e-09, 3.34786608158e-11],
        "dvar2": [1.37761517749e-08, 1.18055652365e-06, 3.79526477445e-06, 0.000267499010079, 0.06327342242, 0.620083034039, 0.189220815897, 0.149655088782, 35.2699432373, 52.7096939087, 19.0678787231, 443.456970215, 320.783203125, 2519.6472168, 3443.41357422, 5650.49755859, 3533.88476562, 17948.4628906, 14393.3398438, 9278.44042969, 5471.11621094, 6104.0234375, 2549.78881836, 8016.90429688, 1362.23950195, 661.093383789, 328.315307617, 180.851699829, 31.2320251465, 16.4653224945, 1.38008260727, 0.250925213099, 0.131564870477, 0.10205835849, 0.00267298379913, 0.000163831005921, 6.92177582096e-06, 2.33679472217e-07, 5.4093307611e-09, 8.06197400505e-11],
        "max": [0.000508299097419, 0.00413599144667, 0.0094033004716, 0.0775672271848, 0.998738527298, 8.30067157745, 4.77168416977, 2.59850382805, 29.5643157959, 67.5349197388, 30.0640583038, 135.166717529, 154.843475342, 281.53314209, 521.227416992, 919.271911621, 338.925933838, 844.389465332, 550.055786133, 608.450134277, 423.532745361, 452.655609131, 247.362945557, 490.049072266, 167.107406616, 116.765846252, 153.916213989, 107.01272583, 31.0640716553, 23.4250965118, 9.465675354, 3.4646627903, 3.06593251228, 2.73939752579, 0.296312272549, 0.0820732414722, 0.0127399871126, 0.00300496211275, 0.000470475206384, 5.08195771545e-05],
        "mean": [5.90376985201e-05, 0.000466333352961, 0.00138154008891, 0.0125725148246, 0.167796000838, 0.575187325478, 0.441043078899, 0.436701118946, 5.1513261795, 8.00132083893, 5.54782915115, 35.527545929, 39.2268447876, 71.6952514648, 100.687721252, 99.4348526001, 72.5860137939, 181.324905396, 141.280700684, 110.811691284, 89.9328918457, 65.703704834, 48.3703308105, 76.565574646, 43.2959289551, 27.2187652588, 13.7869367599, 8.91865158081, 3.31307864189, 2.33223867416, 0.746188759804, 0.230379208922, 0.115678571165, 0.070282459259, 0.0175289660692, 0.00461237225682, 0.00115281785838, 0.0002337799815, 4.38514107373e-05, 3.204964014e-05],
        "median": [3.74629853468e-05, 0.000265167938778, 0.00093743664911, 0.00517919752747, 0.106586024165, 0.149022385478, 0.160808965564, 0.289075940847, 3.30100393295, 4.32441329956, 3.18561053276, 28.4608402252, 24.4189872742, 61.2744064331, 82.6606903076, 42.6393814087, 54.2296180725, 159.185394287, 109.389328003, 86.0493392944, 57.7024230957, 44.7362518311, 37.9764556885, 47.7822914124, 30.2170257568, 17.5682010651, 7.47215938568, 2.74577832222, 0.980786561966, 0.659892380238, 0.253030449152, 0.0573410950601, 0.0260945539922, 0.0119723686948, 0.00363943469711, 0.00102515821345, 0.000307354755932, 6.01328683842e-05, 1.91176695807e-05, 3.20709441439e-05],
        "min": [7.5725233728e-07, 3.4000991036e-06, 1.59101346071e-05, 7.89357218309e-05, 0.000367386790458, 0.00155241996981, 0.00295615103096, 0.00309096951969, 0.0167415365577, 0.0551965050399, 0.108105666935, 0.131962537766, 0.0427442193031, 0.258561700583, 0.289899617434, 0.181535452604, 2.42543578148, 2.57875084877, 0.927309334278, 3.0375392437, 0.4853913486, 0.51552927494, 0.777419447899, 0.440204530954, 0.314293831587, 0.311251878738, 0.0608272254467, 0.024485822767, 0.0208589248359, 0.0180960632861, 0.00659883767366, 0.00246719224378, 0.00105899549089, 0.000365354469977, 0.000141941796755, 5.7971545175e-05, 1.99991136469e-05, 7.46781324779e-06, 4.34902995039e-06, 6.4130017563e-06],
        "var": [4.58127091818e-09, 3.58998704542e-07, 1.91993535736e-06, 0.00023939840321, 0.040008559823, 1.52947545052, 0.570456206799, 0.211342394352, 32.4898910522, 125.580375671, 34.5238876343, 840.071777344, 1326.4407959, 2300.90966797, 6413.57666016, 24127.5214844, 3349.76123047, 18467.0703125, 11363.5019531, 8730.12011719, 7755.27539062, 4131.87304688, 1655.87341309, 6298.69238281, 1286.5456543, 624.345947266, 324.311279297, 265.561523438, 27.0708942413, 14.0679426193, 1.49299395084, 0.209541603923, 0.117389850318, 0.0645334795117, 0.00175708346069, 9.24907944864e-05, 4.3712320803e-06, 1.55155504444e-07, 3.42887074289e-09, 6.7254285474e-11]
    },
    "gfcc": {
        "mean": [-52.4247894287, 56.7248840332, -251.995819092, -10.6588182449, -60.7607917786, -10.0921516418, -22.243227005, -7.15524673462, -19.1563873291, -6.8871011734, -9.27317333221, -9.29365634918, -3.93990921974],
        "cov": [[942.457763672, -491.062438965, 174.840774536, 230.989837646, -144.368621826, 146.556716919, -62.6115264893, 93.6886520386, -103.066741943, 41.3556556702, -54.5881652832, 79.1958694458, -61.1720161438], [-491.062438965, 1749.8482666, -19.6720962524, -429.489746094, 36.8139724731, -426.691436768, 52.8547058105, -301.276428223, -111.943565369, -306.05758667, 83.1711654663, -248.000442505, 133.319702148], [174.840774536, -19.6720962524, 237.879364014, 19.0727100372, -27.9021015167, 48.7850341797, -44.3004455566, 12.9514198303, -90.2003707886, -1.47976887226, -24.700422287, 19.8422412872, 3.70788526535], [230.989837646, -429.489746094, 19.0727100372, 215.910385132, -8.08407592773, 99.1996841431, -13.291885376, 62.3599777222, -2.77049016953, 74.4354095459, -16.5597705841, 55.1724700928, -31.6290798187], [-144.368621826, 36.8139724731, -27.9021015167, -8.08407592773, 163.73600769, -3.4768075943, 1.02174043655, 34.8026771545, 34.7093048096, 10.1303091049, 29.5374240875, 7.29711961746, 14.7917108536], [146.556716919, -426.691436768, 48.7850341797, 99.1996841431, -3.4768075943, 195.586547852, 27.3319168091, 51.5185623169, 12.6626434326, 87.5625686646, -44.7738265991, 62.7281570435, -23.1508827209], [-62.6115264893, 52.8547058105, -44.3004455566, -13.291885376, 1.02174043655, 27.3319168091, 126.888587952, -8.90576457977, -10.896238327, 5.58413267136, 0.109724424779, -4.00379323959, 3.94146847725], [93.6886520386, -301.276428223, 12.9514198303, 62.3599777222, 34.8026771545, 51.5185623169, -8.90576457977, 189.401229858, 69.0830154419, 62.6465950012, 30.6900577545, 50.6951026917, -19.2762470245], [-103.066741943, -111.943565369, -90.2003707886, -2.77049016953, 34.7093048096, 12.6626434326, -10.896238327, 69.0830154419, 191.365478516, 77.3427429199, 0.5851957798, 21.5763702393, -17.0622234344], [41.3556556702, -306.05758667, -1.47976887226, 74.4354095459, 10.1303091049, 87.5625686646, 5.58413267136, 62.6465950012, 77.3427429199, 135.113754272, 0.829408288002, 38.4851799011, -9.39096260071], [-54.5881652832, 83.1711654663, -24.700422287, -16.5597705841, 29.5374240875, -44.7738265991, 0.109724424779, 30.6900577545, 0.5851957798, 0.829408288002, 96.039855957, -11.906334877, 9.94462585449], [79.1958694458, -248.000442505, 19.8422412872, 55.1724700928, 7.29711961746, 62.7281570435, -4.00379323959, 50.6951026917, 21.5763702393, 38.4851799011, -11.906334877, 112.617713928, -5.88227176666], [-61.1720161438, 133.319702148, 3.70788526535, -31.6290798187, 14.7917108536, -23.1508827209, 3.94146847725, -19.2762470245, -17.0622234344, -9.39096260071, 9.94462585449, -5.88227176666, 64.7754898071]],
        "icov": [[0.00251052901149, -0.00140095269307, 0.0005211707321, -0.00247949128971, 0.00224167015404, -0.00220780842938, 0.00215948838741, -0.00249604438432, 0.00223920843564, -0.00101553555578, 0.00104872439988, -0.00130935898051, 0.00200127135031], [-0.00140095269307, 0.00712816044688, -0.00565014919266, 0.00429654074833, -0.00294376257807, 0.00849243346602, -0.0069777444005, 0.00724355597049, -0.00646519288421, 0.00749080069363, -0.00376654486172, 0.00544859375805, -0.00682902755216], [0.0005211707321, -0.00565014919266, 0.012175610289, -0.000964642327745, 0.00231767771766, -0.00818820670247, 0.00891906954348, -0.00762354116887, 0.0103947715834, -0.0082880826667, 0.00495504122227, -0.00469441991299, 0.00503557128832], [-0.00247949128971, 0.00429654074833, -0.000964642327745, 0.0122560346499, -0.00290751550347, 0.00380128133111, -0.00253397971392, 0.00323463394307, -0.000358808407327, -0.000354785675881, -0.00120691687334, 0.00186430080794, -0.00179699040018], [0.00224167015404, -0.00294376257807, 0.00231767771766, -0.00290751550347, 0.00955940503627, -0.00474408036098, 0.00359524111263, -0.00462864851579, 0.00210233475082, -0.00175611686427, -0.000203478033654, -0.00256755808368, 0.00124598841649], [-0.00220780842938, 0.00849243346602, -0.00818820670247, 0.00380128133111, -0.00474408036098, 0.022348349914, -0.0116311497986, 0.00787061825395, -0.00609648041427, 0.0024112353567, 0.000435936090071, 0.00380913284607, -0.00609583221376], [0.00215948838741, -0.0069777444005, 0.00891906954348, -0.00253397971392, 0.00359524111263, -0.0116311497986, 0.0174675658345, -0.00802563410252, 0.00981597229838, -0.00847896095365, 0.00386438658461, -0.00496845087036, 0.00653566094115], [-0.00249604438432, 0.00724355597049, -0.00762354116887, 0.00323463394307, -0.00462864851579, 0.00787061825395, -0.00802563410252, 0.017002325505, -0.0110510885715, 0.00792127102613, -0.00835434999317, 0.00365690072067, -0.00597982108593], [0.00223920843564, -0.00646519288421, 0.0103947715834, -0.000358808407327, 0.00210233475082, -0.00609648041427, 0.00981597229838, -0.0110510885715, 0.0198999531567, -0.0155702671036, 0.00780902057886, -0.00606271857396, 0.00934105552733], [-0.00101553555578, 0.00749080069363, -0.0082880826667, -0.000354785675881, -0.00175611686427, 0.0024112353567, -0.00847896095365, 0.00792127102613, -0.0155702671036, 0.0264977067709, -0.00840312615037, 0.00624696677551, -0.0103416573256], [0.00104872439988, -0.00376654486172, 0.00495504122227, -0.00120691687334, -0.000203478033654, 0.000435936090071, 0.00386438658461, -0.00835434999317, 0.00780902057886, -0.00840312615037, 0.0176772791892, -0.00222988333553, 0.00327293784358], [-0.00130935898051, 0.00544859375805, -0.00469441991299, 0.00186430080794, -0.00256755808368, 0.00380913284607, -0.00496845087036, 0.00365690072067, -0.00606271857396, 0.00624696677551, -0.00222988333553, 0.0163706671447, -0.00679573696107], [0.00200127135031, -0.00682902755216, 0.00503557128832, -0.00179699040018, 0.00124598841649, -0.00609583221376, 0.00653566094115, -0.00597982108593, 0.00934105552733, -0.0103416573256, 0.00327293784358, -0.00679573696107, 0.0254187658429]]
    },
    "melbands": {
        "dmean": [5.02247871736e-07, 5.52011272248e-07, 2.73771775028e-06, 1.3843364286e-05, 8.1698581198e-06, 4.92380695505e-06, 4.85092932649e-05, 3.14058197546e-05, 3.40983533533e-05, 9.4422721304e-05, 6.32925002719e-05, 0.000126111262944, 0.000205083706533, 9.1120840807e-05, 5.88191178394e-05, 0.000120467033412, 0.000184948992683, 0.000161985415616, 8.03559669293e-05, 5.00589922012e-05, 5.17620210303e-05, 3.87172476621e-05, 3.39247890224e-05, 2.35947100009e-05, 3.69443769159e-05, 2.3818362024e-05, 1.00844717963e-05, 7.99117788119e-06, 6.35977585262e-06, 3.34493779519e-06, 2.82492624137e-06, 1.22919982459e-06, 7.64486685512e-07, 1.1036036085e-06, 2.25089522132e-07, 1.84589794117e-07, 9.82109966685e-08, 8.4254786259e-08, 1.02913531919e-07, 3.7344420889e-08],
        "dmean2": [8.9249863322e-07, 9.84413759397e-07, 4.62898697151e-06, 2.28690551012e-05, 1.21835082609e-05, 7.42196289139e-06, 7.43288910598e-05, 4.76363020425e-05, 4.91219543619e-05, 0.000135223963298, 8.72443051776e-05, 0.000198294175789, 0.000308914168272, 0.00013615716307, 8.9033965196e-05, 0.00018200656632, 0.00029563184944, 0.000264813716058, 0.000126183615066, 7.66719749663e-05, 8.01935384516e-05, 6.38127166894e-05, 5.68144823774e-05, 3.88569897041e-05, 5.82573811698e-05, 3.73418224626e-05, 1.58197126439e-05, 1.30967691803e-05, 9.56220083026e-06, 5.09633991896e-06, 4.37087646787e-06, 2.01930265575e-06, 1.26028055547e-06, 1.81599125426e-06, 3.82040269642e-07, 2.84965892661e-07, 1.67764980574e-07, 1.43165351574e-07, 1.65807705343e-07, 5.81333345906e-08],
        "dvar": [4.37740420084e-13, 4.94282403635e-13, 1.90627878066e-11, 5.08573683167e-10, 1.9350009095e-10, 5.32323733704e-11, 3.51220275085e-09, 2.22393303773e-09, 2.39582154116e-09, 1.08647109087e-08, 4.33757429974e-09, 1.4986316188e-08, 4.57088340511e-08, 1.62969975293e-08, 4.87113593906e-09, 3.19912416558e-08, 4.14152694361e-08, 3.81429288154e-08, 1.31164279438e-08, 3.02188918333e-09, 3.48221651514e-09, 2.73605871293e-09, 1.94128535469e-09, 8.9600099562e-10, 2.83986500982e-09, 8.19272372166e-10, 1.44809317315e-10, 9.06860975203e-11, 1.22863511032e-10, 4.61635105142e-11, 3.86920807893e-11, 3.84750998422e-12, 1.80461667745e-12, 4.4592970809e-12, 1.38899186749e-13, 2.72213837842e-13, 3.68674037967e-14, 6.84221627381e-14, 2.1406972874e-13, 1.09174635613e-14],
        "dvar2": [1.16434086764e-12, 1.31794737884e-12, 5.24050455808e-11, 1.28030808177e-09, 3.59626217694e-10, 9.99466828744e-11, 8.73793482015e-09, 4.58947635451e-09, 4.7753494492e-09, 1.90642346354e-08, 8.0465252239e-09, 3.81212394984e-08, 9.14349342906e-08, 3.25963895875e-08, 9.87567183586e-09, 6.44729638566e-08, 1.01686659093e-07, 9.58602370815e-08, 2.86396435456e-08, 6.63827348646e-09, 7.13672365649e-09, 6.67987487546e-09, 4.49408110725e-09, 2.28398433499e-09, 7.27452498239e-09, 1.98630689674e-09, 2.91233120953e-10, 2.12699302615e-10, 2.66235866686e-10, 8.25854037934e-11, 6.48165826567e-11, 9.7195081844e-12, 4.05170645298e-12, 1.18773411245e-11, 2.99121973935e-13, 5.17136084389e-13, 8.96848581186e-14, 1.73789774889e-13, 5.34480012332e-13, 2.4239089536e-14],
        "max": [4.44822444479e-06, 5.17795479027e-06, 3.4861961467e-05, 0.000291349482723, 0.000230782752624, 6.54071482131e-05, 0.000561847467907, 0.000590735697187, 0.000483708252432, 0.0010098523926, 0.000798371329438, 0.00100272137206, 0.00269070873037, 0.00193453626707, 0.00109130179044, 0.0019192508189, 0.00178071553819, 0.00136235170066, 0.000875278026797, 0.000467626523459, 0.000492628896609, 0.000420704571297, 0.000308783492073, 0.00022908191022, 0.000466920202598, 0.000183048672625, 0.00010806665523, 6.28820635029e-05, 0.000132412373205, 0.000104830258351, 6.07550973655e-05, 1.46712709466e-05, 1.11690342237e-05, 2.04323205253e-05, 2.92146592074e-06, 7.14291491022e-06, 2.00609611056e-06, 3.07250184051e-06, 5.89955425312e-06, 9.97385996016e-07],
        "mean": [5.65438369904e-07, 6.50424965443e-07, 4.83974281451e-06, 2.78215538856e-05, 1.78520731424e-05, 9.25388940232e-06, 9.00447630556e-05, 7.10187232471e-05, 7.14309862815e-05, 0.000255949125858, 0.000195406188141, 0.000270183401881, 0.0004479411582, 0.000239631728618, 0.000155396337504, 0.000217485619942, 0.000391708483221, 0.000309149065288, 0.000144396050018, 0.000106367726403, 0.000106019761006, 6.46726912237e-05, 5.7503933931e-05, 3.83837541449e-05, 6.58858698444e-05, 4.72406609333e-05, 2.06375589187e-05, 1.49085644807e-05, 1.11113258754e-05, 5.60512444281e-06, 4.28741850556e-06, 1.75247680545e-06, 1.12219845505e-06, 1.53784662871e-06, 3.34592868967e-07, 2.19282625835e-07, 1.17285814838e-07, 7.93642058738e-08, 9.12680420129e-08, 4.23873771638e-08],
        "median": [3.7174714862e-07, 4.26715587309e-07, 1.90397133792e-06, 1.10299106382e-05, 5.87537033425e-06, 6.06225921729e-06, 6.11634895904e-05, 3.70299167116e-05, 3.15862307616e-05, 0.00019040099869, 0.000124757629237, 0.000228531323955, 0.000335236167302, 0.000130729022203, 7.95459272922e-05, 0.000127430204884, 0.000335210672347, 0.000226222909987, 9.58446689765e-05, 7.74817817728e-05, 6.84715560055e-05, 4.4725384214e-05, 3.19864302583e-05, 2.52544068644e-05, 3.95473325625e-05, 3.19233367918e-05, 1.3182906514e-05, 1.02352078102e-05, 5.68415271118e-06, 1.85463750313e-06, 1.0835226476e-06, 5.26058329342e-07, 3.94534424686e-07, 3.43159967997e-07, 1.40710497476e-07, 5.43276961196e-08, 2.60200057056e-08, 1.64923612544e-08, 1.27910784187e-08, 8.59122106789e-09],
        "min": [6.64881971701e-09, 6.86858836474e-09, 1.95744398468e-08, 3.95127024433e-08, 5.88171964466e-08, 5.08639423913e-08, 2.82621897441e-07, 6.2594966721e-07, 7.09264213583e-07, 6.29732767266e-07, 6.15601933873e-08, 9.37777656418e-07, 1.29837678742e-06, 2.8576178579e-07, 1.05987862753e-06, 8.44308578962e-06, 4.06004983233e-06, 7.3477508522e-07, 4.69655606139e-06, 2.22918924919e-06, 2.92349028541e-07, 4.49761955679e-07, 7.04778869931e-07, 7.94206528099e-07, 3.00409396914e-07, 2.03434851187e-07, 1.58280727192e-07, 1.71600603949e-07, 4.29139248581e-08, 1.72671779097e-08, 1.25855219579e-08, 1.15028786496e-08, 1.16200915556e-08, 7.60958229762e-09, 2.80668266406e-09, 1.48169998493e-09, 1.33074251618e-09, 8.34379509929e-10, 3.23977455974e-10, 1.73606171106e-10],
        "var": [3.99839991845e-13, 5.00315392414e-13, 4.55827597889e-11, 2.08064321328e-09, 1.14815157382e-09, 1.18608275979e-10, 9.93016957551e-09, 9.85486181548e-09, 8.86859918836e-09, 4.89905325196e-08, 3.47063107142e-08, 3.22568283195e-08, 1.70144005551e-07, 1.04525057054e-07, 3.9053418277e-08, 7.63707248552e-08, 8.89456046593e-08, 7.33315914658e-08, 2.13863522447e-08, 8.1635631588e-09, 1.09654729741e-08, 4.05783717738e-09, 3.76900821664e-09, 1.63176661072e-09, 5.58911539272e-09, 1.74009717746e-09, 3.76169873029e-10, 1.78534700912e-10, 2.63722099714e-10, 1.3258591447e-10, 7.86665871333e-11, 7.13069403871e-12, 3.50060432031e-12, 8.47001548759e-12, 2.51210320991e-13, 3.78437000704e-13, 6.49296222799e-14, 6.60554036057e-14, 1.96881139863e-13, 1.57670981848e-14]
    },
    "mfcc": {
        "mean": [-658.491699219, 94.3204345703, -125.886039734, -9.79708099365, -35.6943511963, -7.62521266937, -7.54958534241, -4.03050088882, -8.57135295868, 3.92498326302, -6.04960680008, -10.5623102188, -2.53042531013],
        "cov": [[980.407653809, -562.955932617, 207.544128418, 61.5366287231, -14.8733844757, 35.7993774414, 42.6242179871, 65.6598587036, -1.80758988857, -51.7997550964, 42.2341003418, 18.7542991638, -20.3088340759], [-562.955932617, 1752.03125, -79.0553817749, -96.2678604126, -138.256256104, -226.106246948, 46.7444763184, -134.075057983, -140.790405273, -60.5717926025, -317.95199585, -42.3885917664, -48.71925354], [207.544128418, -79.0553817749, 262.229888916, -22.5691204071, -14.2011575699, 8.87938690186, 58.1088523865, -20.4680938721, -3.36871242523, -60.3465270996, -28.6891841888, 12.3737792969, -36.1971588135], [61.5366287231, -96.2678604126, -22.5691204071, 101.971755981, 30.9057445526, -7.24806547165, 10.9509048462, 8.52112007141, -11.8697071075, 5.59825325012, 16.1852970123, 0.0386707857251, 27.3181591034], [-14.8733844757, -138.256256104, -14.2011575699, 30.9057445526, 198.015991211, -42.4766654968, -22.5046710968, 15.3884897232, 8.86584377289, 45.9302368164, 25.0354442596, 27.9283294678, 22.0510673523], [35.7993774414, -226.106246948, 8.87938690186, -7.24806547165, -42.4766654968, 217.248016357, -3.94647359848, -16.3734149933, 46.4845085144, -24.7595825195, 47.5858078003, -28.1843357086, -8.49848747253], [42.6242179871, 46.7444763184, 58.1088523865, 10.9509048462, -22.5046710968, -3.94647359848, 179.9090271, -2.54423475266, -37.2016105652, -26.5915756226, -45.4739227295, -17.0193424225, 9.82402706146], [65.6598587036, -134.075057983, -20.4680938721, 8.52112007141, 15.3884897232, -16.3734149933, -2.54423475266, 131.109725952, 13.530921936, 2.25243425369, 27.1682090759, 6.15982961655, 4.99608755112], [-1.80758988857, -140.790405273, -3.36871242523, -11.8697071075, 8.86584377289, 46.4845085144, -37.2016105652, 13.530921936, 133.670410156, 9.82556152344, 54.792224884, 21.8438014984, -12.3227891922], [-51.7997550964, -60.5717926025, -60.3465270996, 5.59825325012, 45.9302368164, -24.7595825195, -26.5915756226, 2.25243425369, 9.82556152344, 151.986358643, 39.855556488, 12.0604248047, 15.6069984436], [42.2341003418, -317.95199585, -28.6891841888, 16.1852970123, 25.0354442596, 47.5858078003, -45.4739227295, 27.1682090759, 54.792224884, 39.855556488, 149.146118164, 32.449848175, 5.34822845459], [18.7542991638, -42.3885917664, 12.3737792969, 0.0386707857251, 27.9283294678, -28.1843357086, -17.0193424225, 6.15982961655, 21.8438014984, 12.0604248047, 32.449848175, 67.4696426392, -1.89177596569], [-20.3088340759, -48.71925354, -36.1971588135, 27.3181591034, 22.0510673523, -8.49848747253, 9.82402706146, 4.99608755112, -12.3227891922, 15.6069984436, 5.34822845459, -1.89177596569, 69.1513671875]],
