{
"lowlevel": {
    "average_loudness": 0.978839814663,
    "barkbands_crest": {
        "dmean": 3.00170111656,
        "dmean2": 5.16417360306,
        "dvar": 7.21744632721,
        "dvar2": 16.3428325653,
        "max": 25.3093528748,
        "mean": 14.0295448303,
        "median": 13.5376167297,
        "min": 5.17009830475,
        "var": 22.4825115204
    },
    "barkbands_flatness_db": {
        "dmean": 0.0347525663674,
        "dmean2": 0.058418225497,
        "dvar": 0.00102821097244,
        "dvar2": 0.00269648618996,
        "max": 0.447609931231,
        "mean": 0.230829149485,
        "median": 0.212258636951,
        "min": 0.0790501534939,
        "var": 0.0089767947793
    },
    "barkbands_kurtosis": {
        "dmean": 22.3792247772,
        "dmean2": 39.7040901184,
        "dvar": 1657.81896973,
        "dvar2": 3844.79589844,
        "max": 376.751159668,
        "mean": 41.1117935181,
        "median": 22.935667038,
        "min": -1.96855950356,
        "var": 3382.75341797
    },
    "barkbands_skewness": {
        "dmean": 1.43577432632,
        "dmean2": 2.46693658829,
        "dvar": 3.80845308304,
        "dvar2": 7.84549283981,
        "max": 14.6845769882,
        "mean": 4.04835510254,
        "median": 4.31625747681,
        "min": -14.1720685959,
        "var": 16.9624519348
    },
    "barkbands_spread": {
        "dmean": 6.90399360657,
        "dmean2": 10.6678256989,
        "dvar": 113.851699829,
        "dvar2": 152.615737915,
        "max": 146.89050293,
        "mean": 19.1387348175,
        "median": 10.4659004211,
        "min": 0.331521630287,
        "var": 738.998168945
    },
    "dissonance": {
        "dmean": 0.0191606543958,
        "dmean2": 0.0314627438784,
        "dvar": 0.000422728800913,
        "dvar2": 0.00119367369916,
        "max": 0.498485475779,
        "mean": 0.46161788702,
        "median": 0.476025104523,
        "min": 0.269731074572,
        "var": 0.00173500238452
    },
    "dynamic_complexity": 7.16989564896,
    "erbbands_crest": {
        "dmean": 2.91149735451,
        "dmean2": 4.929936409,
        "dvar": 8.06857395172,
        "dvar2": 22.3183784485,
        "max": 22.3651447296,
        "mean": 8.84335136414,
        "median": 8.7457408905,
        "min": 2.48963546753,
        "var": 15.6769990921
    },
    "erbbands_flatness_db": {
        "dmean": 0.0171213969588,
        "dmean2": 0.0266418103129,
        "dvar": 0.000327156041749,
        "dvar2": 0.000790493737441,
        "max": 0.200445443392,
        "mean": 0.11681701988,
        "median": 0.103373304009,
        "min": 0.0515738874674,
        "var": 0.00125630362891
    },
    "erbbands_kurtosis": {
        "dmean": 1.7269282341,
        "dmean2": 2.75475811958,
        "dvar": 5.06780195236,
        "dvar2": 11.415225029,
        "max": 19.8615245819,
        "mean": 2.21287798882,
        "median": -0.109018683434,
        "min": -1.83791828156,
        "var": 25.0187397003
    },
    "erbbands_skewness": {
        "dmean": 0.451356172562,
        "dmean2": 0.660960495472,
        "dvar": 0.175464004278,
        "dvar2": 0.343663483858,
        "max": 4.10830211639,
        "mean": 1.02651798725,
        "median": 0.794559597969,
        "min": -2.78789949417,
        "var": 1.59062755108
    },
    "erbbands_spread": {
        "dmean": 15.8726043701,
        "dmean2": 24.2224121094,
        "dvar": 231.426742554,
        "dvar2": 322.187896729,
        "max": 217.971572876,
        "mean": 62.6221694946,
        "median": 59.6186141968,
        "min": 15.5162115097,
        "var": 1172.99536133
    },
    "hfc": {
        "dmean": 2.87916183472,
        "dmean2": 2.78399729729,
        "dvar": 140.116012573,
        "dvar2": 116.91002655,
        "max": 178.094848633,
        "mean": 6.85288715363,
        "median": 1.04598999023,
        "min": 0.446227610111,
        "var": 407.661743164
    },
    "melbands_crest": {
        "dmean": 3.94186758995,
        "dmean2": 6.7647857666,
        "dvar": 10.2936134338,
        "dvar2": 26.4661540985,
        "max": 29.1370410919,
        "mean": 20.3109931946,
        "median": 20.7752342224,
        "min": 6.7081284523,
        "var": 26.9283542633
    },
    "melbands_flatness_db": {
        "dmean": 0.0408183783293,
        "dmean2": 0.0644843131304,
        "dvar": 0.00126100121997,
        "dvar2": 0.00246480572969,
        "max": 0.633276164532,
        "mean": 0.343795657158,
        "median": 0.319821357727,
        "min": 0.0735841467977,
        "var": 0.0155697287992
    },
    "melbands_kurtosis": {
        "dmean": 46.485786438,
        "dmean2": 78.027633667,
        "dvar": 2153.60351562,
        "dvar2": 5906.86523438,
        "max": 396.76651001,
        "mean": 102.762641907,
        "median": 84.2074890137,
        "min": -0.113717079163,
        "var": 6603.42236328
    },
    "melbands_skewness": {
        "dmean": 1.74845790863,
        "dmean2": 2.83582305908,
        "dvar": 2.16549921036,
        "dvar2": 4.08554792404,
        "max": 16.2049369812,
        "mean": 6.61717796326,
        "median": 6.60911655426,
        "min": -2.37467670441,
        "var": 10.4101324081
    },
    "melbands_spread": {
        "dmean": 4.31412887573,
        "dmean2": 7.76732492447,
        "dvar": 218.450622559,
        "dvar2": 566.711181641,
        "max": 137.935699463,
        "mean": 8.53003883362,
        "median": 3.20516443253,
        "min": 0.378314316273,
        "var": 327.605285645
    },
    "pitch_salience": {
        "dmean": 0.101454205811,
        "dmean2": 0.168196886778,
        "dvar": 0.00575368897989,
        "dvar2": 0.0174870956689,
        "max": 0.797723829746,
        "mean": 0.495448082685,
        "median": 0.506826758385,
        "min": 0.11269582063,
        "var": 0.0202475655824
    },
    "silence_rate_20dB": {
        "dmean": 0.00775193795562,
        "dmean2": 0.015625,
        "dvar": 0.00769183412194,
        "dvar2": 0.015380859375,
        "max": 1,
        "mean": 0.984615385532,
        "median": 1,
        "min": 0,
        "var": 0.0151478741318
    },
    "silence_rate_30dB": {
        "dmean": 0.00775193795562,
        "dmean2": 0.015625,
        "dvar": 0.00769183412194,
        "dvar2": 0.015380859375,
        "max": 1,
        "mean": 0.976923048496,
        "median": 1,
        "min": 0,
        "var": 0.0225444585085
    },
    "silence_rate_60dB": {
        "dmean": 0.0465116277337,
        "dmean2": 0.09375,
        "dvar": 0.044348359108,
        "dvar2": 0.1162109375,
        "max": 1,
        "mean": 0.476923078299,
        "median": 0,
        "min": 0,
        "var": 0.249467149377
    },
    "spectral_centroid": {
        "dmean": 254.239135742,
        "dmean2": 403.763031006,
        "dvar": 534931.6875,
        "dvar2": 899804.5,
        "max": 7282.97119141,
        "mean": 858.620239258,
        "median": 546.907958984,
        "min": 125.416366577,
        "var": 1618873.25
    },
    "spectral_complexity": {
        "dmean": 1.43410849571,
        "dmean2": 1.921875,
        "dvar": 6.63325691223,
        "dvar2": 7.15014648438,
        "max": 34,
        "mean": 5.7076921463,
        "median": 2,
        "min": 0,
        "var": 47.0684051514
    },
    "spectral_decrease": {
        "dmean": 3.50937212623e-09,
        "dmean2": 6.50785425549e-09,
        "dvar": 6.5607011045e-16,
        "dvar2": 1.2898931123e-15,
        "max": 6.19500457877e-12,
        "mean": -7.34275928949e-09,
        "median": -9.8424113304e-10,
        "min": -2.96018242807e-07,
        "var": 1.30291137342e-15
    },
    "spectral_energy": {
        "dmean": 0.013487778604,
        "dmean2": 0.0247854609042,
        "dvar": 0.00950693618506,
        "dvar2": 0.0185786318034,
        "max": 1.1333937645,
        "mean": 0.0283348336816,
        "median": 0.00388820283115,
        "min": 2.60267170233e-05,
        "var": 0.0189989320934
    },
    "spectral_energyband_high": {
        "dmean": 7.40959949326e-05,
        "dmean2": 0.000107301093522,
        "dvar": 4.20198489337e-08,
        "dvar2": 4.68942076282e-08,
        "max": 0.00271515455097,
        "mean": 0.00016708401381,
        "median": 2.23260776693e-05,
        "min": 1.18982816275e-05,
        "var": 9.79873675533e-08
    },
    "spectral_energyband_low": {
        "dmean": 0.0120043745264,
        "dmean2": 0.0209717936814,
        "dvar": 0.00690264394507,
        "dvar2": 0.0124943070114,
        "max": 1.03117966652,
        "mean": 0.0220590103418,
        "median": 0.00284721562639,
        "min": 1.64884050857e-10,
        "var": 0.0147080607712
    },
    "spectral_energyband_middle_high": {
        "dmean": 0.000487679615617,
        "dmean2": 0.000470737868454,
        "dvar": 3.66626136383e-06,
        "dvar2": 5.3979574659e-06,
        "max": 0.030423540622,
        "mean": 0.00110011652578,
        "median": 2.25158219109e-05,
        "min": 6.96172719472e-09,
        "var": 1.50121622937e-05
    },
    "spectral_energyband_middle_low": {
        "dmean": 0.00410094484687,
        "dmean2": 0.00492222374305,
        "dvar": 0.000234424180235,
        "dvar2": 0.000191469909623,
        "max": 0.227005302906,
        "mean": 0.00609135162085,
        "median": 0.000465160788735,
        "min": 1.65881841596e-09,
        "var": 0.000512323400471
    },
    "spectral_entropy": {
        "dmean": 0.234247848392,
        "dmean2": 0.33550298214,
        "dvar": 0.0679334551096,
        "dvar2": 0.121786557138,
        "max": 9.45434951782,
        "mean": 7.36245012283,
        "median": 7.5249710083,
        "min": 5.74501752853,
        "var": 0.553291141987
    },
    "spectral_flux": {
        "dmean": 0.0296725314111,
        "dmean2": 0.0509101562202,
        "dvar": 0.0116300554946,
        "dvar2": 0.0325455255806,
        "max": 1.0646096468,
        "mean": 0.0649036839604,
        "median": 0.0313426554203,
        "min": 0.00321438163519,
        "var": 0.0182347819209
    },
    "spectral_kurtosis": {
        "dmean": 1.55994093418,
        "dmean2": 2.28168010712,
        "dvar": 3.23794770241,
        "dvar2": 6.77921915054,
        "max": 20.3968734741,
        "mean": 6.79510211945,
        "median": 4.48163414001,
        "min": -0.151947021484,
        "var": 26.0462932587
    },
    "spectral_rms": {
        "dmean": 0.000830182048958,
        "dmean2": 0.00143346819095,
        "dvar": 7.99742247182e-06,
        "dvar2": 1.52555276145e-05,
        "max": 0.0332528203726,
        "mean": 0.00304829189554,
        "median": 0.00194762914907,
        "min": 0.000159348419402,
        "var": 1.83516494872e-05
    },
    "spectral_rolloff": {
        "dmean": 976.839172363,
        "dmean2": 1856.90148926,
        "dvar": 13869662,
        "dvar2": 30286790,
        "max": 21791.6015625,
        "mean": 2580.00878906,
        "median": 193.798828125,
        "min": 86.1328125,
        "var": 40805616
    },
    "spectral_skewness": {
        "dmean": 0.256842285395,
        "dmean2": 0.378049224615,
        "dvar": 0.0855761393905,
        "dvar2": 0.166992232203,
        "max": 4.04841566086,
        "mean": 1.99884319305,
        "median": 1.58695280552,
        "min": 0.581810534,
        "var": 0.806279242039
    },
    "spectral_spread": {
        "dmean": 841053.3125,
        "dmean2": 1281521.625,
        "dvar": 2.77549599949e+12,
        "dvar2": 4.96464769843e+12,
        "max": 28054402,
        "mean": 8260939,
        "median": 5825519,
        "min": 3077192.25,
        "var": 3.24936296038e+13
    },
    "spectral_strongpeak": {
        "dmean": 0.127817392349,
        "dmean2": 0.21288792789,
        "dvar": 0.0390141606331,
        "dvar2": 0.102588154376,
        "max": 1.20682430267,
        "mean": 0.219792336226,
        "median": 0.115985989571,
        "min": 0,
        "var": 0.0579639673233
    },
    "zerocrossingrate": {
        "dmean": 0.0251143109053,
        "dmean2": 0.0286140441895,
        "dvar": 0.00238922005519,
        "dvar2": 0.00141720299143,
        "max": 0.857421875,
        "mean": 0.126724004745,
        "median": 0.05712890625,
        "min": 0.00390625,
        "var": 0.0360548198223
    },
    "barkbands": {
        "dmean": [0.00463411211967, 0.00451044784859, 0.00628541270271, 0.00248501705937, 0.00134419475216, 0.000195818953216, 0.000175495020812, 0.000388956017559, 0.000206356649869, 5.76680649829e-05, 7.11642423994e-05, 3.21969018842e-05, 4.11899090977e-05, 0.000141907279612, 6.95336930221e-05, 9.69819739112e-05, 8.63091263454e-05, 2.72846100415e-05, 1.66700265254e-05, 1.47765913425e-05, 3.25207729475e-05, 1.4275956346e-05, 1.39953199323e-05, 5.91999196331e-06, 3.37783717441e-06, 2.87772923002e-06, 4.30774707638e-06],
        "dmean2": [0.00712641887367, 0.00776932621375, 0.00927541870624, 0.00289720087312, 0.00218488904648, 0.000157811606186, 0.000270802207524, 0.000607968308032, 0.000227805678151, 7.00692471582e-05, 7.37270383979e-05, 4.69192309538e-05, 5.52608689759e-05, 0.000185056007467, 8.95909615792e-05, 0.00010549169383, 0.000102297904959, 3.46287706634e-05, 2.22997496166e-05, 1.74817887455e-05, 5.41867193533e-05, 2.11529077205e-05, 2.22397284233e-05, 7.11117536412e-06, 3.11502117256e-06, 2.49428399002e-06, 4.43788849225e-06],
        "dvar": [0.00125153153203, 0.000664716179017, 0.00144657935016, 0.000137316965265, 1.10773680717e-05, 1.25209749058e-06, 3.41442586205e-07, 1.29751958866e-06, 4.48433013389e-07, 6.45020818979e-08, 7.46254400497e-08, 1.34280782049e-08, 1.91742177691e-08, 3.97259611873e-07, 9.66067830177e-08, 2.29835066534e-07, 1.89211704082e-07, 9.82469394728e-09, 2.66734079268e-09, 2.78397749298e-09, 5.96213878268e-09, 1.22810428493e-09, 9.59311186044e-10, 4.38277109049e-10, 3.97187255308e-10, 4.2574382908e-10, 3.8981784467e-10],
        "dvar2": [0.00320907332934, 0.00113240152132, 0.00209493422881, 0.00011591862858, 3.13908349199e-05, 5.58753242785e-07, 5.4786767123e-07, 3.15666875395e-06, 5.46301350823e-07, 5.64340325582e-08, 5.42247988733e-08, 1.44021488069e-08, 2.91307582501e-08, 5.02845807659e-07, 1.22621543142e-07, 4.18131804736e-07, 3.46288970832e-07, 9.77957625992e-09, 3.88789711536e-09, 2.70105915412e-09, 1.64051066065e-08, 1.95299199035e-09, 1.58806701123e-09, 2.38358693894e-10, 1.71335251542e-10, 1.82706877405e-10, 1.68031380476e-10],
        "max": [0.300025850534, 0.332954883575, 0.532005906105, 0.168034940958, 0.0245595928282, 0.0181494299322, 0.00765690486878, 0.00805848278105, 0.0101264659315, 0.00308084394783, 0.00520635768771, 0.00146138865966, 0.00136007647961, 0.00827485788614, 0.0038385966327, 0.00717457290739, 0.0054316483438, 0.00158982456196, 0.000522443675436, 0.000537079467904, 0.000711137603503, 0.0003936944413, 0.000335675431415, 0.000329355418216, 0.00030162621988, 0.000312191288685, 0.000340001366567],
        "mean": [0.00278448639438, 0.00794381182641, 0.0102451508865, 0.00296093034558, 0.0017353327712, 0.000304202607367, 0.000254253478488, 0.000395573762944, 0.000410007574828, 0.000103444152046, 0.00014263864432, 4.48063074145e-05, 5.18877423019e-05, 0.000274948950391, 0.000112968038593, 0.000160810654052, 0.000117021241749, 6.68257562211e-05, 3.02504995489e-05, 3.3836447983e-05, 5.83208420721e-05, 2.68130588665e-05, 2.35130446526e-05, 1.12479065137e-05, 6.73889553582e-06, 4.58847353002e-06, 2.00359536393e-05],
        "median": [9.18534424272e-05, 0.00179498537909, 0.000753065571189, 0.000127071922179, 0.000209600781091, 8.62395427248e-06, 6.16871739112e-06, 3.68217706637e-06, 3.79696211894e-06, 4.02225032303e-06, 2.29205670621e-06, 2.64309119302e-06, 9.857758414e-07, 2.84043153442e-06, 1.58364719027e-06, 2.57711985796e-06, 2.66128336079e-06, 2.24877658184e-06, 1.99193186745e-06, 2.28839553529e-06, 2.9340067158e-06, 1.51260007897e-06, 9.64076775745e-07, 7.11890606908e-07, 2.01432158065e-07, 9.00185796127e-07, 1.64432094607e-05],
        "min": [2.40319361633e-11, 7.44039274636e-11, 2.97688852735e-11, 5.91912907577e-11, 1.1679421319e-10, 1.80256434779e-10, 1.22209367626e-10, 9.52767031936e-11, 2.19384566069e-10, 2.11713868659e-10, 1.2184046827e-10, 2.53221360547e-10, 3.32487204435e-10, 2.34269381671e-10, 2.83993106809e-10, 3.37244038251e-10, 4.02960276258e-10, 4.47585302155e-10, 3.48979872777e-10, 4.1491890479e-10, 1.037013031e-09, 8.47424264094e-09, 3.35651506589e-08, 9.07053490096e-08, 1.01825072818e-07, 5.05046216404e-07, 8.8703354777e-06],
        "var": [0.000690610089805, 0.00147107988596, 0.00346369086765, 0.00026226483169, 1.85031040019e-05, 3.02246917272e-06, 7.31708155399e-07, 1.29041438868e-06, 1.84422856364e-06, 1.01875777148e-07, 3.67562336123e-07, 2.01405327971e-08, 2.8831927068e-08, 1.43788815876e-06, 2.1994560484e-07, 5.98839278609e-07, 3.02135390484e-07, 5.46874616703e-08, 4.91466733976e-09, 6.77706379903e-09, 1.2816169459e-08, 2.49375875505e-09, 1.79291659297e-09, 1.0181054888e-09, 7.60104701403e-10, 8.01606225842e-10, 9.7050645298e-10]
    },
    "erbbands": {
        "dmean": [0.201320961118, 1.1748521328, 6.21481609344, 8.51143264771, 5.11604452133, 5.03234624863, 1.67156255245, 2.00037288666, 2.72644400597, 2.74134039879, 9.42534732819, 5.78439712524, 2.24591302872, 2.10619211197, 2.31110310555, 1.306879282, 1.53336930275, 4.60084629059, 5.47820997238, 2.64318561554, 5.21028184891, 5.4444975853, 1.71631991863, 1.17388176918, 0.851922988892, 0.743475556374, 0.997558832169, 1.19080245495, 0.574246764183, 0.43434625864, 0.387060016394, 0.204094082117, 0.0782890021801, 0.0407610461116, 0.0236191414297, 0.0125652225688, 0.00510459300131, 0.00200202944688, 0.000613258453086, 8.22295696707e-05],
        "dmean2": [0.34645023942, 1.48836159706, 8.59678459167, 9.43519115448, 6.75102996826, 8.30409908295, 2.77294778824, 1.73547923565, 3.56003332138, 4.78707265854, 14.3926506042, 7.2729716301, 2.48786091805, 2.31353187561, 2.97372722626, 1.84103369713, 1.8418058157, 5.88022422791, 5.15824985504, 2.86481809616, 5.71195220947, 6.18794536591, 2.00470232964, 1.54327142239, 1.09178197384, 0.847471535206, 1.60715544224, 2.03765702248, 0.876868605614, 0.625754237175, 0.592677891254, 0.280384749174, 0.0905157849193, 0.040401969105, 0.0223089475185, 0.011570867151, 0.00418975716457, 0.0017323535867, 0.000718519382644, 9.01221865206e-05],
        "dvar": [1.90438628197, 27.8373470306, 1142.07922363, 2300.72949219, 191.879959106, 194.313873291, 34.7909889221, 142.80078125, 103.445762634, 71.0944824219, 782.221130371, 405.539794922, 61.2334518433, 52.2980995178, 80.4567337036, 20.2863712311, 36.0083961487, 341.556884766, 621.33996582, 97.1352767944, 666.555297852, 808.07208252, 39.1356811523, 19.1628761292, 7.85614442825, 7.12176609039, 5.86532020569, 8.19160461426, 1.88961100578, 0.961095154285, 0.749957978725, 0.251816570759, 0.122207157314, 0.0552162416279, 0.0190980229527, 0.00629364326596, 0.00151442771312, 0.000159579809406, 8.44419628265e-06, 1.21830879607e-07],
        "dvar2": [4.8947429657, 22.7756137848, 1424.23461914, 2083.21484375, 283.965789795, 558.450195312, 71.8832092285, 58.2933311462, 90.106010437, 142.052581787, 1929.28076172, 538.319458008, 44.1999206543, 44.5595664978, 92.2303314209, 22.251373291, 48.5027389526, 430.900146484, 745.85559082, 135.44342041, 1176.73181152, 1431.68029785, 51.9502487183, 21.8938007355, 11.439324379, 6.98091888428, 12.7329807281, 22.5884151459, 3.41431236267, 1.32550084591, 1.26638293266, 0.259877204895, 0.0578619763255, 0.026886774227, 0.00803478434682, 0.00263825408183, 0.000641193240881, 9.6176394436e-05, 5.76014417675e-06, 4.85732023492e-08],
        "max": [14.6317090988, 83.8584213257, 496.68637085, 742.62322998, 172.489700317, 109.771217346, 62.1242752075, 192.427322388, 143.547424316, 90.360168457, 192.177810669, 284.973571777, 83.2947616577, 93.5227966309, 135.931060791, 58.1292533875, 62.8565673828, 253.230239868, 323.638153076, 155.56338501, 389.848266602, 350.721008301, 92.290145874, 62.9853858948, 28.4071063995, 29.7451267242, 20.0389442444, 26.1180019379, 14.0733661652, 12.0516119003, 9.39161205292, 7.30811262131, 5.27553272247, 3.44856119156, 2.1128988266, 1.20982837677, 0.590757250786, 0.207425370812, 0.0489324107766, 0.00601052958518],
        "mean": [0.248576059937, 1.83396804333, 10.1089105606, 12.5371875763, 6.66085720062, 5.90540122986, 2.66106987, 3.00873041153, 3.5647149086, 4.63295984268, 9.82600021362, 11.0540161133, 4.42675828934, 4.20272016525, 4.76924133301, 1.97915065289, 2.38609862328, 9.64548873901, 10.6574144363, 5.24410104752, 8.71128845215, 7.22696876526, 3.33387112617, 2.79623961449, 1.61509072781, 1.66489982605, 2.12780690193, 2.01785063744, 1.02422714233, 0.800186216831, 0.627421498299, 0.332909196615, 0.152344331145, 0.0829442068934, 0.0443559959531, 0.0195497870445, 0.00799187738448, 0.00518419314176, 0.00235349591821, 0.00040132671711],
        "median": [0.0417176708579, 0.398434340954, 0.976358890533, 0.583622217178, 0.887257575989, 0.384125828743, 0.0623034909368, 0.0892546474934, 0.097664758563, 0.0857915207744, 0.0640693753958, 0.0798978507519, 0.125629246235, 0.111719734967, 0.0925881415606, 0.0928692668676, 0.0538050085306, 0.0977018624544, 0.129466071725, 0.0987659245729, 0.167608484626, 0.134573489428, 0.111981615424, 0.130806624889, 0.103256374598, 0.109645172954, 0.0936840623617, 0.11295337975, 0.0611233003438, 0.0359426364303, 0.0284416973591, 0.0163970571011, 0.00991440564394, 0.00334486388601, 0.0010921129724, 0.000486079778057, 0.00179500575177, 0.00274727586657, 0.00175760337152, 0.000340750440955],
        "min": [3.57378926452e-09, 1.09552580341e-08, 3.01441041017e-08, 1.29250793179e-07, 2.77596797105e-07, 3.85923442536e-07, 6.98535984611e-07, 1.58752959578e-06, 1.98160114451e-06, 3.47975810655e-06, 2.9194286526e-06, 5.44645399714e-06, 6.66008781991e-06, 6.67455151415e-06, 5.89271758145e-06, 1.14513077278e-05, 1.36659600685e-05, 1.91227572941e-05, 1.75348122866e-05, 1.43200441016e-05, 2.72022389254e-05, 2.80288822978e-05, 2.19042594836e-05, 2.65004127868e-05, 2.02080973395e-05, 2.0187933842e-05, 3.47577770299e-05, 6.92466710461e-05, 0.000251043733442, 0.000525828101672, 0.000967145024333, 0.00142945663538, 0.00164246454369, 0.00134417263325, 0.000505414907821, 0.000317952042678, 0.00109454535414, 0.00198430754244, 0.00105375843123, 0.000222690447117],
        "var": [2.16482043266, 72.2366409302, 2850.66137695, 5736.20703125, 381.378112793, 295.169372559, 75.9947967529, 330.93258667, 189.031387329, 147.230239868, 793.696228027, 1445.89343262, 177.004867554, 189.865402222, 328.922790527, 35.5999488831, 62.6506576538, 1476.76074219, 1988.72802734, 362.668212891, 1786.87695312, 1272.42321777, 126.183746338, 83.7704544067, 15.4707593918, 18.7454452515, 14.9928016663, 16.4805622101, 3.75321745872, 2.02416062355, 1.38972663879, 0.595859587193, 0.237935200334, 0.0975581333041, 0.0376161597669, 0.0121820205823, 0.00288572884165, 0.000409474014305, 2.26449556067e-05, 2.91487509685e-07]
    },
    "gfcc": {
        "mean": [-168.220733643, 70.0043563843, -29.3511276245, 25.581571579, -16.9003181458, 7.0658121109, -12.9710569382, -3.838742733, -2.47037267685, -11.5102949142, -12.2440490723, -8.50058555603, -9.06627845764],
        "cov": [[28350.859375, 5470.4296875, -8729.8984375, 3511.53393555, -1937.53857422, -50.8158226013, 238.317642212, 524.585754395, -496.476531982, 433.489501953, -876.497924805, -722.437988281, 75.7730789185], [5470.4296875, 2572.82788086, -806.504394531, 486.027099609, 88.946975708, 38.6996269226, 162.517669678, 167.83656311, -77.7839202881, 1.07746100426, -138.630859375, -124.323570251, 2.59028673172], [-8729.8984375, -806.504394531, 3866.89355469, -1153.99023438, 537.472473145, 148.748519897, -118.470726013, -141.440353394, 241.191696167, -130.030517578, 329.963592529, 274.912078857, -62.9141654968], [3511.53393555, 486.027099609, -1153.99023438, 849.586181641, -182.512298584, -126.403144836, 90.5759735107, -7.60052251816, -113.764831543, 85.1409683228, -109.419219971, -115.259025574, 27.1578769684], [-1937.53857422, 88.946975708, 537.472473145, -182.512298584, 757.330505371, -22.5483703613, 79.8438873291, -13.5740470886, -51.5420761108, -74.560836792, 63.8654785156, 21.2428150177, 8.06422328949], [-50.8158226013, 38.6996269226, 148.748519897, -126.403144836, -22.5483703613, 190.391464233, -44.2041397095, -3.2133538723, 65.8044662476, 6.22552204132, 20.5184764862, 15.6306228638, 0.551744818687], [238.317642212, 162.517669678, -118.470726013, 90.5759735107, 79.8438873291, -44.2041397095, 165.967468262, 5.98809814453, -62.5535507202, -5.28613710403, -32.3388175964, -21.1503105164, 12.27729702], [524.585754395, 167.83656311, -141.440353394, -7.60052251816, -13.5740470886, -3.2133538723, 5.98809814453, 108.524452209, 10.9741153717, -23.1908435822, -6.0342168808, -17.912733078, -23.3172225952], [-496.476531982, -77.7839202881, 241.191696167, -113.764831543, -51.5420761108, 65.8044662476, -62.5535507202, 10.9741153717, 137.275772095, 30.1955871582, 27.2789440155, 34.5884246826, -11.2108392715], [433.489501953, 1.07746100426, -130.030517578, 85.1409683228, -74.560836792, 6.22552204132, -5.28613710403, -23.1908435822, 30.1955871582, 91.1448364258, -2.11909174919, -3.89160513878, 17.2263736725], [-876.497924805, -138.630859375, 329.963592529, -109.419219971, 63.8654785156, 20.5184764862, -32.3388175964, -6.0342168808, 27.2789440155, -2.11909174919, 94.9154205322, 44.6773033142, -10.7261991501], [-722.437988281, -124.323570251, 274.912078857, -115.259025574, 21.2428150177, 15.6306228638, -21.1503105164, -17.912733078, 34.5884246826, -3.89160513878, 44.6773033142, 82.5483932495, 9.44682979584], [75.7730789185, 2.59028673172, -62.9141654968, 27.1578769684, 8.06422328949, 0.551744818687, 12.27729702, -23.3172225952, -11.2108392715, 17.2263736725, -10.7261991501, 9.44682979584, 46.5903739929]],
        "icov": [[0.00290378532372, -0.00408910168335, 0.00365392561071, -0.00391654204577, 0.003343667835, -0.0045544761233, 0.00390105671249, -0.00442645139992, 0.00574015639722, -0.00544484145939, 0.00370302796364, -0.0034542013891, 0.00390104553662], [-0.00408910168335, 0.00634569209069, -0.00522749172524, 0.00508975703269, -0.00489835208282, 0.00583988148719, -0.00569748412818, 0.00511009339243, -0.00784657243639, 0.00747373281047, -0.00450048409402, 0.00480137905106, -0.00555188301951], [0.00365392561071, -0.00522749172524, 0.0053185345605, -0.00429865950719, 0.00405631912872, -0.00543174985796, 0.00453959451988, -0.00415864679962, 0.00616931868717, -0.00603119889274, 0.00329677970149, -0.00465127825737, 0.00553697347641], [-0.00391654204577, 0.00508975703269, -0.00429865950719, 0.00813749060035, -0.00416871858761, 0.0075302044861, -0.0057687391527, 0.00770278461277, -0.00754649844021, 0.00612730486318, -0.00585955008864, 0.00611612480134, -0.00512437941507], [0.003343667835, -0.00489835208282, 0.00405631912872, -0.00416871858761, 0.00576147297397, -0.00485714292154, 0.00356796570122, -0.00462584104389, 0.0068279420957, -0.00503241224214, 0.00260465429164, -0.00297675817274, 0.00325365690514], [-0.0045544761233, 0.00583988148719, -0.00543174985796, 0.0075302044861, -0.00485714292154, 0.0146376043558, -0.00568593898788, 0.00898783374578, -0.0125752324238, 0.00956487748772, -0.00771652767435, 0.00729994149879, -0.0077969734557], [0.00390105671249, -0.00569748412818, 0.00453959451988, -0.0057687391527, 0.00356796570122, -0.00568593898788, 0.0139371231198, -0.00762064568698, 0.0113254161552, -0.00909830629826, 0.00803925842047, -0.00557745015249, 0.00449909549206], [-0.00442645139992, 0.00511009339243, -0.00415864679962, 0.00770278461277, -0.00462584104389, 0.00898783374578, -0.00762064568698, 0.0227840356529, -0.0140070710331, 0.0138389496133, -0.00960476323962, 0.00792090408504, -0.00139019312337], [0.00574015639722, -0.00784657243639, 0.00616931868717, -0.00754649844021, 0.0068279420957, -0.0125752324238, 0.0113254161552, -0.0140070710331, 0.0273432135582, -0.0192945860326, 0.0110792592168, -0.0118534248322, 0.0114705339074], [-0.00544484145939, 0.00747373281047, -0.00603119889274, 0.00612730486318, -0.00503241224214, 0.00956487748772, -0.00909830629826, 0.0138389496133, -0.0192945860326, 0.0298149399459, -0.0123617071658, 0.0101573765278, -0.0137669304386], [0.00370302796364, -0.00450048409402, 0.00329677970149, -0.00585955008864, 0.00260465429164, -0.00771652767435, 0.00803925842047, -0.00960476323962, 0.0110792592168, -0.0123617071658, 0.0259906854481, -0.013283751905, 0.010724036023], [-0.0034542013891, 0.00480137905106, -0.00465127825737, 0.00611612480134, -0.00297675817274, 0.00729994149879, -0.00557745015249, 0.00792090408504, -0.0118534248322, 0.0101573765278, -0.013283751905, 0.0270306318998, -0.0137793757021], [0.00390104553662, -0.00555188301951, 0.00553697347641, -0.00512437941507, 0.00325365690514, -0.0077969734557, 0.00449909549206, -0.00139019312337, 0.0114705339074, -0.0137669304386, 0.010724036023, -0.0137793757021, 0.036652803421]]
    },
    "melbands": {
        "dmean": [0.00165461772121, 0.00267153070308, 0.00130842381623, 0.000366928783478, 8.27649200801e-05, 4.31752159784e-05, 3.97732728743e-05, 3.98525553464e-05, 6.74971888657e-05, 3.46654851455e-05, 1.02628355307e-05, 8.60679392645e-06, 9.38632911129e-06, 4.07019615523e-06, 2.76523746834e-06, 4.32564047514e-06, 1.06916522782e-05, 1.07693813334e-05, 4.40974599769e-06, 6.30339081908e-06, 4.99232510265e-06, 4.9587142712e-06, 3.47950367541e-06, 1.46641116316e-06, 9.23001550746e-07, 7.32228045308e-07, 5.53859649699e-07, 5.04707372784e-07, 4.84383292587e-07, 1.19280798572e-06, 4.79037851164e-07, 3.67457545281e-07, 2.60165165855e-07, 2.58233512795e-07, 2.09195874845e-07, 2.22389061832e-07, 1.00351371657e-07, 6.08694747939e-08, 3.94084480604e-08, 3.52713911411e-08],
        "dmean2": [0.00293189450167, 0.00359891867265, 0.00149874901399, 0.000556421466172, 0.000137467635795, 3.71467031073e-05, 5.05566349602e-05, 6.77577627357e-05, 0.000103152582597, 4.13359666709e-05, 1.19080068544e-05, 9.21147966437e-06, 1.12549569167e-05, 6.079430932e-06, 3.61688262274e-06, 5.44606700714e-06, 1.38452305691e-05, 1.27580715343e-05, 5.69813755646e-06, 7.01013459548e-06, 5.55038877792e-06, 5.63449566471e-06, 4.23634628532e-06, 1.86282886716e-06, 1.23713186895e-06, 9.88676902125e-07, 6.15196995568e-07, 6.52029712001e-07, 7.15566500276e-07, 2.08447386285e-06, 7.82955680734e-07, 5.56506961402e-07, 3.84152400557e-07, 3.80887627216e-07, 3.16316857152e-07, 3.49438579406e-07, 1.32443986445e-07, 7.1657197509e-08, 4.1779610882e-08, 3.59103857761e-08],
        "dvar": [0.000120879980386, 0.000204292620765, 5.20180547028e-05, 8.08723598311e-07, 8.06048774393e-08, 6.63350618879e-08, 1.93722424768e-08, 1.2470898092e-08, 4.03828614992e-08, 1.74061991487e-08, 1.30168853474e-09, 8.73232819387e-10, 1.42115474944e-09, 1.99151195535e-10, 1.41406691911e-10, 1.87776016958e-10, 2.14012718658e-09, 2.7001152425e-09, 3.21080828591e-10, 9.47070422086e-10, 5.33317501272e-10, 6.0009919256e-10, 3.06371816805e-10, 2.86390182402e-11, 1.11715055609e-11, 5.6002711149e-12, 3.33273578006e-12, 3.17396217815e-12, 1.35042422123e-12, 8.48305540396e-12, 1.24651905551e-12, 7.28485468563e-13, 3.88413070153e-13, 2.84248454852e-13, 2.37872032184e-13, 2.26564670887e-13, 8.24903228949e-14, 6.1344667139e-14, 4.74305619465e-14, 3.80146353849e-14],
        "dvar2": [0.000298845494399, 0.000234011080465, 4.97452201671e-05, 2.03631338991e-06, 1.98073408342e-07, 2.66463437981e-08, 1.85851192214e-08, 2.74721454474e-08, 9.71378142367e-08, 2.20489866365e-08, 9.58181534116e-10, 7.87049037054e-10, 1.48650980414e-09, 2.31403743389e-10, 1.19360021866e-10, 2.86845186492e-10, 2.6622388738e-09, 3.41507178092e-09, 4.55615711825e-10, 1.83057136116e-09, 9.12820596888e-10, 1.04811381796e-09, 5.72275504762e-10, 2.82638027566e-11, 1.31798062047e-11, 9.68441386112e-12, 3.50904982155e-12, 3.40349536748e-12, 1.97503580331e-12, 2.51575687366e-11, 2.85436041123e-12, 1.44301129205e-12, 5.38160228186e-13, 4.15556234172e-13, 3.50565469666e-13, 4.62997424688e-13, 6.83178218316e-14, 3.02996018033e-14, 2.29112739116e-14, 1.95080835708e-14],
        "max": [0.120827540755, 0.214669466019, 0.110727384686, 0.00755743682384, 0.00269138277508, 0.00414236076176, 0.00202837609686, 0.000931356684305, 0.0013385937782, 0.00186486018356, 0.0004186105798, 0.000345068372553, 0.000669095490593, 0.00017245329218, 0.000157957707415, 0.000123884936329, 0.000633215531707, 0.000619931670371, 0.000234329723753, 0.000451899511972, 0.00036024604924, 0.000313117780024, 0.000202230075956, 8.91656454769e-05, 4.71412386105e-05, 2.34605158766e-05, 1.76425983227e-05, 1.93766336452e-05, 1.29252757688e-05, 2.71550197795e-05, 9.26753091335e-06, 8.04532646725e-06, 7.21365631762e-06, 6.45909813102e-06, 5.55016140424e-06, 4.78303581986e-06, 4.3423592615e-06, 3.76207367481e-06, 3.21064408126e-06, 2.82962696474e-06],
        "mean": [0.00231909006834, 0.00437651015818, 0.00201896810904, 0.000448422622867, 0.000126811675727, 6.53194365441e-05, 5.33589300176e-05, 5.72522330913e-05, 7.6926939073e-05, 6.72321766615e-05, 1.90134796867e-05, 1.61258030857e-05, 1.96833370865e-05, 5.93259255766e-06, 3.96530185753e-06, 5.74981640966e-06, 2.20754227485e-05, 2.14783813135e-05, 7.70921724325e-06, 1.03602596937e-05, 8.58519797475e-06, 6.93461288392e-06, 4.50833158538e-06, 3.45894318343e-06, 2.14189276448e-06, 1.23204983993e-06, 1.01590330814e-06, 1.12151553822e-06, 1.04500861653e-06, 1.90603850569e-06, 8.40417442305e-07, 6.02720660936e-07, 4.59507077721e-07, 4.4177082259e-07, 3.62281554089e-07, 3.09832500989e-07, 1.69092444935e-07, 1.130001408e-07, 7.51073940819e-08, 6.91655372975e-08],
        "median": [0.000479476351757, 0.000526517280377, 0.000121604942251, 5.42225679965e-05, 2.27869259106e-06, 1.86461579688e-06, 1.38921518555e-06, 9.08296158286e-07, 4.98086137668e-07, 5.1247434385e-07, 6.39523989321e-07, 4.54841426745e-07, 3.36112520927e-07, 3.2865131061e-07, 1.7889595938e-07, 9.09797677195e-08, 2.04279871241e-07, 2.40681316654e-07, 1.25144865137e-07, 1.53619581056e-07, 2.12505653963e-07, 1.4289194894e-07, 1.15540913725e-07, 1.14661432349e-07, 1.04156299585e-07, 7.77356277126e-08, 7.28669320438e-08, 7.41886907463e-08, 5.50580381287e-08, 8.65995062327e-08, 5.43128422237e-08, 3.46257706951e-08, 3.61383172276e-08, 1.75709473638e-08, 1.93488229883e-08, 7.87448506401e-09, 1.08762678863e-08, 7.9854114432e-09, 3.61054386389e-09, 2.41306952198e-09],
        "min": [2.50036397836e-11, 1.44809971306e-11, 3.30554368599e-11, 1.85134477193e-11, 2.3100563129e-11, 3.47447938476e-11, 3.04988499733e-11, 3.83674376991e-11, 1.95511679763e-11, 2.95637403447e-11, 3.04125093165e-11, 2.40602763407e-11, 1.82965465695e-11, 3.13875765656e-11, 2.38763921828e-11, 2.57922121161e-11, 3.42549530408e-11, 2.57024332373e-11, 2.11088438395e-11, 1.83197224751e-11, 3.66137085928e-11, 2.63243836451e-11, 1.91642431091e-11, 2.31137504969e-11, 2.02441171465e-11, 1.32944696918e-11, 1.18878943148e-11, 1.12368786151e-11, 1.52020375455e-11, 2.63365683428e-11, 4.35523526965e-11, 1.22432466942e-10, 1.70733871485e-10, 2.6996577196e-10, 4.76121253534e-10, 5.98145477593e-10, 9.54896939298e-10, 1.00466901465e-09, 9.41746125527e-10, 9.70519331567e-10],
        "var": [0.000163174947375, 0.000518110580742, 0.000129760475829, 1.24308473914e-06, 1.6860204255e-07, 1.52690859068e-07, 4.03948057226e-08, 2.03477892313e-08, 4.49166144278e-08, 5.96626392735e-08, 3.17759663027e-09, 2.63933386258e-09, 6.7960757022e-09, 3.13037568089e-10, 2.24108148705e-10, 3.21943249837e-10, 8.63133742257e-09, 8.61016857812e-09, 8.68334903981e-10, 2.33130337257e-09, 1.58046997711e-09, 1.05124375871e-09, 4.00995264771e-10, 1.6686935167e-10, 4.70424844912e-11, 9.80332655331e-12, 6.43844526305e-12, 8.63679874147e-12, 3.40150975962e-12, 1.49548585321e-11, 2.81245057625e-12, 1.36387841125e-12, 7.35473964716e-13, 5.95491863285e-13, 4.50745967244e-13, 4.01969961223e-13, 1.92831698959e-13, 1.23426889911e-13, 8.43549947775e-14, 6.56593513284e-14]
    },
    "mfcc": {
        "mean": [-828.380981445, 122.027755737, 35.3456230164, 43.818031311, 21.2304801941, 18.9835987091, 9.14397335052, 11.3259811401, 11.7337675095, 6.33102846146, 0.714584350586, 2.57942438126, -1.65485835075],
        "cov": [[27064.3632812, 1188.11315918, -2795.44897461, 224.956420898, -1628.53869629, 202.958496094, -1321.88781738, 193.810089111, 216.750854492, 391.060211182, -71.0489196777, 12.0419311523, -513.733764648], [1188.11315918, 1154.45214844, 112.528442383, 177.766845703, 163.576599121, 64.1397171021, 116.186981201, 93.254737854, 108.95930481, 32.740486145, 19.4932308197, -11.9391784668, -12.1752433777], [-2795.44897461, 112.528442383, 875.240783691, 10.0988492966, 202.454940796, 6.01216411591, 109.703147888, -7.90632772446, -66.9455413818, 1.06560003757, 28.1604824066, 69.3560180664, 119.128112793], [224.956420898, 177.766845703, 10.0988492966, 257.428222656, 59.033908844, 65.7885818481, 63.1649665833, 1.7558811903, 35.1185874939, -19.7140789032, -17.3049659729, 2.94512987137, -11.2487926483], [-1628.53869629, 163.576599121, 202.454940796, 59.033908844, 269.148468018, 42.4470672607, 150.245941162, 17.3528499603, -1.56123650074, -16.9713726044, 1.99676513672, -6.2700343132, 33.5492897034], [202.958496094, 64.1397171021, 6.01216411591, 65.7885818481, 42.4470672607, 108.464431763, 46.4872398376, 5.27998733521, 11.6676959991, 0.829994916916, -3.03918886185, -2.48618555069, 1.819404006], [-1321.88781738, 116.186981201, 109.703147888, 63.1649665833, 150.245941162, 46.4872398376, 198.164459229, 24.7510128021, 20.7228507996, -21.9813156128, -9.52798080444, -14.6302204132, 4.62229633331], [193.810089111, 93.254737854, -7.90632772446, 1.7558811903, 17.3528499603, 5.27998733521, 24.7510128021, 73.8913192749, 25.2513370514, 9.61990261078, -2.92424654961, -0.209473475814, -4.94031047821], [216.750854492, 108.95930481, -66.9455413818, 35.1185874939, -1.56123650074, 11.6676959991, 20.7228507996, 25.2513370514, 66.7415466309, 13.7634649277, -0.400537878275, -6.77382993698, -14.6234741211], [391.060211182, 32.740486145, 1.06560003757, -19.7140789032, -16.9713726044, 0.829994916916, -21.9813156128, 9.61990261078, 13.7634649277, 62.0794219971, 17.8121089935, 5.92611026764, -8.33683013916], [-71.0489196777, 19.4932308197, 28.1604824066, -17.3049659729, 1.99676513672, -3.03918886185, -9.52798080444, -2.92424654961, -0.400537878275, 17.8121089935, 49.9953956604, 10.7350673676, 1.92175960541], [12.0419311523, -11.9391784668, 69.3560180664, 2.94512987137, -6.2700343132, -2.48618555069, -14.6302204132, -0.209473475814, -6.77382993698, 5.92611026764, 10.7350673676, 50.5827560425, 29.7342147827], [-513.733764648, -12.1752433777, 119.128112793, -11.2487926483, 33.5492897034, 1.819404006, 4.62229633331, -4.94031047821, -14.6234741211, -8.33683013916, 1.92175960541, 29.7342147827, 87.1296615601]],
