{
"lowlevel": {
    "average_loudness": 0.99068403244,
    "barkbands_crest": {
        "dmean": 0.918820619583,
        "dmean2": 0.841082334518,
        "dvar": 1.76279377937,
        "dvar2": 1.85002791882,
        "max": 20.616859436,
        "mean": 16.1537685394,
        "median": 16.5259170532,
        "min": 9.84062957764,
        "var": 7.24940156937
    },
    "barkbands_flatness_db": {
        "dmean": 0.0211562104523,
        "dmean2": 0.0269846208394,
        "dvar": 0.00131971330848,
        "dvar2": 0.0013003355125,
        "max": 0.434823870659,
        "mean": 0.37158280611,
        "median": 0.386433690786,
        "min": 0.145626619458,
        "var": 0.00313851586543
    },
    "barkbands_kurtosis": {
        "dmean": 20.3172187805,
        "dmean2": 29.2350502014,
        "dvar": 933.711425781,
        "dvar2": 1350.66491699,
        "max": 235.477264404,
        "mean": 140.532440186,
        "median": 163.811141968,
        "min": 24.7818508148,
        "var": 3845.07470703
    },
    "barkbands_skewness": {
        "dmean": 0.570723593235,
        "dmean2": 0.801669120789,
        "dvar": 0.408952325583,
        "dvar2": 0.510403394699,
        "max": 9.36136245728,
        "mean": 6.51394414902,
        "median": 6.59916543961,
        "min": 3.61794400215,
        "var": 2.11326050758
    },
    "barkbands_spread": {
        "dmean": 0.281908333302,
        "dmean2": 0.324022501707,
        "dvar": 0.869130909443,
        "dvar2": 0.924673914909,
        "max": 7.20707178116,
        "mean": 1.04403650761,
        "median": 0.709565758705,
        "min": 0.479714304209,
        "var": 1.0425914526
    },
    "dissonance": {
        "dmean": 0.0308964699507,
        "dmean2": 0.0462495982647,
        "dvar": 0.000571930606384,
        "dvar2": 0.00122141628526,
        "max": 0.469336479902,
        "mean": 0.410132795572,
        "median": 0.415035247803,
        "min": 0.313820302486,
        "var": 0.00117443094496
    },
    "dynamic_complexity": 0.696120858192,
    "erbbands_crest": {
        "dmean": 1.22345530987,
        "dmean2": 1.373270154,
        "dvar": 2.49205589294,
        "dvar2": 3.2801232338,
        "max": 21.014175415,
        "mean": 16.0053100586,
        "median": 17.3486461639,
        "min": 5.47833204269,
        "var": 12.8491535187
    },
    "erbbands_flatness_db": {
        "dmean": 0.0145414937288,
        "dmean2": 0.0181986689568,
        "dvar": 0.000396559393266,
        "dvar2": 0.000382853031624,
        "max": 0.267633885145,
        "mean": 0.214399501681,
        "median": 0.220351010561,
        "min": 0.0878726765513,
        "var": 0.00133379420731
    },
    "erbbands_kurtosis": {
        "dmean": 7.36916017532,
        "dmean2": 9.66026496887,
        "dvar": 64.2926864624,
        "dvar2": 101.202728271,
        "max": 61.4362258911,
        "mean": 28.3210105896,
        "median": 31.4889793396,
        "min": -1.36596119404,
        "var": 319.847167969
    },
    "erbbands_skewness": {
        "dmean": 0.682031035423,
        "dmean2": 0.890997886658,
        "dvar": 0.701808452606,
        "dvar2": 1.02763473988,
        "max": 7.14408731461,
        "mean": 4.30702781677,
        "median": 4.91060781479,
        "min": 0.154399946332,
        "var": 3.39993357658
    },
    "erbbands_spread": {
        "dmean": 4.36311721802,
        "dmean2": 5.64363336563,
        "dvar": 50.7946777344,
        "dvar2": 68.4325256348,
        "max": 56.7065505981,
        "mean": 15.9080839157,
        "median": 10.5424280167,
        "min": 5.69344568253,
        "var": 161.134918213
    },
    "hfc": {
        "dmean": 1.85652041435,
        "dmean2": 1.54362857342,
        "dvar": 3.32460260391,
        "dvar2": 2.66981291771,
        "max": 29.4562931061,
        "mean": 19.5926494598,
        "median": 20.3304271698,
        "min": 8.89096927643,
        "var": 23.100019455
    },
    "melbands_crest": {
        "dmean": 0.793022632599,
        "dmean2": 0.817117810249,
        "dvar": 0.819737613201,
        "dvar2": 1.13672280312,
        "max": 25.7642478943,
        "mean": 22.1327476501,
        "median": 22.4463806152,
        "min": 17.2858924866,
        "var": 5.27397298813
    },
    "melbands_flatness_db": {
        "dmean": 0.0239374879748,
        "dmean2": 0.0293857306242,
        "dvar": 0.00163498183247,
        "dvar2": 0.00164993817452,
        "max": 0.589805901051,
        "mean": 0.518076777458,
        "median": 0.531158447266,
        "min": 0.264938175678,
        "var": 0.00369528820738
    },
    "melbands_kurtosis": {
        "dmean": 13.4596242905,
        "dmean2": 19.9419612885,
        "dvar": 185.355560303,
        "dvar2": 315.185119629,
        "max": 179.485946655,
        "mean": 90.5514602661,
        "median": 85.0266876221,
        "min": 50.3563194275,
        "var": 814.490783691
    },
    "melbands_skewness": {
        "dmean": 0.641920030117,
        "dmean2": 0.846995592117,
        "dvar": 0.43122908473,
        "dvar2": 0.819397926331,
        "max": 8.10265636444,
        "mean": 4.2272233963,
        "median": 3.7566409111,
        "min": 2.7878704071,
        "var": 1.95775818825
    },
    "melbands_spread": {
        "dmean": 0.171001926064,
        "dmean2": 0.198631301522,
        "dvar": 0.304950267076,
        "dvar2": 0.322583377361,
        "max": 4.41580724716,
        "mean": 0.800436377525,
        "median": 0.579443097115,
        "min": 0.426983356476,
        "var": 0.389631986618
    },
    "pitch_salience": {
        "dmean": 0.0284013263881,
        "dmean2": 0.0307827852666,
        "dvar": 0.00118574069347,
        "dvar2": 0.00136162550189,
        "max": 0.600251674652,
        "mean": 0.407479673624,
        "median": 0.39947989583,
        "min": 0.300412684679,
        "var": 0.00410635722801
    },
    "silence_rate_20dB": {
        "dmean": 0,
        "dmean2": 0,
        "dvar": 0,
        "dvar2": 0,
        "max": 1,
        "mean": 1,
        "median": 1,
        "min": 1,
        "var": 0
    },
    "silence_rate_30dB": {
        "dmean": 0.0799999982119,
        "dmean2": 0.122448980808,
        "dvar": 0.0736000835896,
        "dvar2": 0.148271486163,
        "max": 1,
        "mean": 0.0588235296309,
        "median": 0,
        "min": 0,
        "var": 0.0553632937372
    },
    "silence_rate_60dB": {
        "dmean": 0,
        "dmean2": 0,
        "dvar": 0,
        "dvar2": 0,
        "max": 0,
        "mean": 0,
        "median": 0,
        "min": 0,
        "var": 0
    },
    "spectral_centroid": {
        "dmean": 13.5624265671,
        "dmean2": 18.8849506378,
        "dvar": 828.342163086,
        "dvar2": 1771.61193848,
        "max": 365.927856445,
        "mean": 154.052780151,
        "median": 137.639343262,
        "min": 127.923942566,
        "var": 2095.16845703
    },
    "spectral_complexity": {
        "dmean": 1.32000005245,
        "dmean2": 1.77551019192,
        "dvar": 1.93760073185,
        "dvar2": 2.58225703239,
        "max": 15,
        "mean": 6.09803915024,
        "median": 6,
        "min": 3,
        "var": 6.6374464035
    },
    "spectral_decrease": {
        "dmean": 5.22696597116e-09,
        "dmean2": 4.12348466483e-09,
        "dvar": 4.77492556313e-17,
        "dvar2": 4.48277595868e-17,
        "max": -1.28212960249e-08,
        "mean": -4.55020590096e-08,
        "median": -4.53294752845e-08,
        "min": -6.93924988582e-08,
        "var": 1.59380392803e-16
    },
    "spectral_energy": {
        "dmean": 0.0198939219117,
        "dmean2": 0.01569875516,
        "dvar": 0.000688316649757,
        "dvar2": 0.000645432912279,
        "max": 0.264574497938,
        "mean": 0.17351230979,
        "median": 0.17272542417,
        "min": 0.049572777003,
        "var": 0.00231045903638
    },
    "spectral_energyband_high": {
        "dmean": 1.26409577206e-05,
        "dmean2": 1.69650720636e-05,
        "dvar": 1.19392173925e-09,
        "dvar2": 1.26763999297e-09,
        "max": 0.000329471775331,
        "mean": 5.89622686675e-05,
        "median": 4.94903943036e-05,
        "min": 1.96812543436e-05,
        "var": 1.81805115407e-09
    },
    "spectral_energyband_low": {
        "dmean": 0.0201368089765,
        "dmean2": 0.0157314930111,
        "dvar": 0.00074834615225,
        "dvar2": 0.000697400362696,
        "max": 0.26052159071,
        "mean": 0.166661992669,
        "median": 0.165818452835,
        "min": 0.0355942174792,
        "var": 0.00251767481677
    },
    "spectral_energyband_middle_high": {
        "dmean": 0.000124589467305,
        "dmean2": 0.000158203038154,
        "dvar": 6.16763529138e-08,
        "dvar2": 8.2973571125e-08,
        "max": 0.00188665429596,
        "mean": 0.000259548454778,
        "median": 4.01278521167e-05,
        "min": 1.67376092577e-05,
        "var": 2.04634119427e-07
    },
    "spectral_energyband_middle_low": {
        "dmean": 0.00324216368608,
        "dmean2": 0.00334845413454,
        "dvar": 8.11530298961e-06,
        "dvar2": 8.25978440844e-06,
        "max": 0.0404727570713,
        "mean": 0.0169473215938,
        "median": 0.0151844657958,
        "min": 0.00453807227314,
        "var": 8.15528765088e-05
    },
    "spectral_entropy": {
        "dmean": 0.192667812109,
        "dmean2": 0.274469137192,
        "dvar": 0.0342314615846,
        "dvar2": 0.0734716057777,
        "max": 7.11634063721,
        "mean": 5.63545417786,
        "median": 5.55056524277,
        "min": 4.99865198135,
        "var": 0.225040957332
    },
    "spectral_flux": {
        "dmean": 0.0200076755136,
        "dmean2": 0.0271349009126,
        "dvar": 0.00216122413985,
        "dvar2": 0.00219376268797,
        "max": 0.356644809246,
        "mean": 0.0588551163673,
        "median": 0.0419155210257,
        "min": 0.0173370912671,
        "var": 0.0033407039009
    },
    "spectral_kurtosis": {
        "dmean": 2.38588404655,
        "dmean2": 3.90099096298,
        "dvar": 4.23112440109,
        "dvar2": 12.8295030594,
        "max": 21.4756088257,
        "mean": 14.0164766312,
        "median": 13.5220108032,
        "min": 8.8710899353,
        "var": 11.6800365448
    },
    "spectral_rms": {
        "dmean": 0.00078711489914,
        "dmean2": 0.000634121417534,
        "dvar": 1.37164124681e-06,
        "dvar2": 1.29000250126e-06,
        "max": 0.0160661581904,
        "mean": 0.0128686344251,
        "median": 0.0129812406376,
        "min": 0.00695440033451,
        "var": 3.6785024804e-06
    },
    "spectral_rolloff": {
        "dmean": 3.8759765625,
        "dmean2": 5.712890625,
        "dvar": 179.721908569,
        "dvar2": 222.859390259,
        "max": 215.33203125,
        "mean": 134.688079834,
        "median": 129.19921875,
        "min": 129.19921875,
        "var": 197.166061401
    },
    "spectral_skewness": {
        "dmean": 0.258642911911,
        "dmean2": 0.401954889297,
        "dvar": 0.0615675151348,
        "dvar2": 0.155294269323,
        "max": 4.07767057419,
        "mean": 3.27177500725,
        "median": 3.25037813187,
        "min": 2.37503004074,
        "var": 0.143414497375
    },
    "spectral_spread": {
        "dmean": 351615.875,
        "dmean2": 609160.75,
        "dvar": 132529618944,
        "dvar2": 189396549632,
        "max": 7891489,
        "mean": 4578773.5,
        "median": 4655237.5,
        "min": 3149945,
        "var": 727718494208
    },
    "spectral_strongpeak": {
        "dmean": 0.21663248539,
        "dmean2": 0.375571072102,
        "dvar": 0.0653414875269,
        "dvar2": 0.0998572036624,
        "max": 2.00351572037,
        "mean": 0.904090583324,
        "median": 0.759274065495,
        "min": 0.244620889425,
        "var": 0.244837477803
    },
    "zerocrossingrate": {
        "dmean": 0.00151367182843,
        "dmean2": 0.00185347581282,
        "dvar": 2.03370950658e-06,
        "dvar2": 3.32792956215e-06,
        "max": 0.0166015625,
        "mean": 0.00769761018455,
        "median": 0.00732421875,
        "min": 0.0029296875,
        "var": 7.58814303481e-06
    },
    "barkbands": {
        "dmean": [0.000664773746394, 0.0113753434271, 0.0110485777259, 0.00310428789817, 0.000278227293165, 0.000111864312203, 0.000174649772816, 3.72184294974e-05, 6.56412521494e-05, 1.79487506102e-05, 2.81733591692e-05, 3.12623233185e-05, 1.93519317691e-05, 1.13482656161e-05, 1.82237399713e-05, 2.11980895983e-05, 2.13683288166e-05, 4.52499807579e-06, 2.82754240288e-06, 2.80198287328e-06, 4.0677891775e-06, 2.77356662082e-06, 2.68327880804e-06, 1.89887737179e-06, 1.30708008328e-06, 1.50989444592e-06, 2.09940185414e-06],
        "dmean2": [0.00107189302798, 0.0101132607087, 0.00908453390002, 0.0029696135316, 0.00037636878551, 0.000165274323081, 0.000222933493205, 5.1579769206e-05, 8.51959994179e-05, 2.57117117144e-05, 3.66449676221e-05, 3.88505322917e-05, 2.68067051366e-05, 1.73873122549e-05, 2.89424497169e-05, 3.12741285597e-05, 2.96628277283e-05, 6.19842467131e-06, 3.36079028784e-06, 3.85466091757e-06, 5.87781005379e-06, 4.10980373999e-06, 4.24365134677e-06, 3.00227748085e-06, 1.83246447705e-06, 2.26971337725e-06, 3.0157227684e-06],
        "dvar": [6.990089787e-07, 0.000195564964088, 0.000316285935696, 5.79565994485e-06, 1.4979889329e-07, 2.83736678597e-08, 3.38391323851e-08, 5.05177943921e-09, 3.8656624568e-09, 2.01860594906e-09, 2.36488939542e-09, 3.77005981989e-09, 2.00461158784e-09, 7.22763127126e-10, 1.66571811899e-09, 2.45885445338e-09, 2.89480994731e-09, 1.39491793116e-10, 9.00662738834e-11, 6.40156608278e-11, 7.29664662025e-11, 1.97649605016e-11, 2.22535115335e-11, 1.64183562579e-11, 1.59240641506e-11, 8.26776754698e-12, 2.26137442105e-11],
        "dvar2": [9.86044597084e-07, 0.000207600576687, 0.000273506884696, 5.18638580616e-06, 1.84818944149e-07, 2.27952501319e-08, 4.00483273211e-08, 5.96905014305e-09, 6.91236490269e-09, 3.37011818452e-09, 2.92157253945e-09, 6.10712103111e-09, 4.02937372357e-09, 1.49658285764e-09, 3.24813997921e-09, 5.9001061814e-09, 6.51329523649e-09, 1.94987900826e-10, 9.24984880357e-11, 7.57106738414e-11, 1.07940142935e-10, 2.71851291478e-11, 2.12034608621e-11, 1.61320939246e-11, 1.49065967903e-11, 8.89123150105e-12, 2.90759031435e-11],
        "max": [0.00830097682774, 0.103614397347, 0.178716301918, 0.0381232686341, 0.00335246650502, 0.00151886197273, 0.00155009306036, 0.000462895259261, 0.000365009793313, 0.000265532231424, 0.000450617342722, 0.000552241515834, 0.00030582229374, 0.000124822749058, 0.000247160089202, 0.00031523159123, 0.00039149276563, 7.25943173165e-05, 7.00551900081e-05, 5.98763144808e-05, 5.37846208317e-05, 3.98613228754e-05, 4.34952817159e-05, 4.29017345596e-05, 3.81251120416e-05, 3.44880427292e-05, 5.33875754627e-05],
        "mean": [0.00555502297357, 0.0494090281427, 0.10128659755, 0.0152228707448, 0.000683740945533, 0.000172031883267, 0.000605608860496, 7.97497341409e-05, 0.000168184589711, 2.37770436797e-05, 7.8434633906e-05, 4.68400394311e-05, 2.70739674306e-05, 1.26763707158e-05, 2.65967009909e-05, 1.99022015295e-05, 2.21975788008e-05, 5.76812226427e-06, 4.4824168981e-06, 4.12455528931e-06, 6.14107830188e-06, 9.06507648324e-06, 7.72534258431e-06, 8.09371340438e-06, 5.83842074775e-06, 8.36761955725e-06, 1.17159379442e-05],
        "median": [0.00540778366849, 0.050541870296, 0.106500566006, 0.0139776887372, 0.000572151970118, 0.000120822442113, 0.000478350993944, 2.4295071853e-05, 0.000159792471095, 1.22616593217e-05, 5.29544649908e-06, 3.88468106394e-06, 2.93201992463e-06, 3.04910236082e-06, 3.18514457831e-06, 2.43384329224e-06, 2.03408148991e-06, 2.12579334402e-06, 2.27616101256e-06, 2.05570495382e-06, 3.2925022424e-06, 7.6789447121e-06, 6.44636475045e-06, 6.90465321895e-06, 4.71278963232e-06, 7.60255306886e-06, 9.74332760961e-06],
        "min": [0.00289975712076, 0.00290934368968, 0.0180636774749, 0.00260090478696, 0.000126323255245, 3.20656472468e-05, 0.000113910638902, 4.67249492431e-06, 1.3967824998e-05, 1.62247977187e-06, 6.0261231738e-07, 6.48373429613e-07, 5.53973734441e-07, 6.32627347841e-07, 6.83567236592e-07, 7.30559406747e-07, 5.05413652263e-07, 5.14140538144e-07, 1.14569593279e-06, 1.06543848233e-06, 1.31354568111e-06, 2.88125784209e-06, 2.60561273535e-06, 3.17620106216e-06, 2.520185717e-06, 2.66461529463e-06, 3.47442050952e-06],
        "var": [1.00083059351e-06, 0.000562589557376, 0.00165318429936, 7.82436036388e-05, 3.11386344265e-07, 4.3502705438e-08, 1.42505783174e-07, 1.48941214917e-08, 9.32618071658e-09, 1.91600735278e-09, 1.64722351315e-08, 1.08882911576e-08, 3.54701401584e-09, 6.80046463586e-10, 3.21605120313e-09, 2.59922683377e-09, 3.66439811827e-09, 1.50676998656e-10, 9.22099896439e-11, 6.97756089019e-11, 7.82199374716e-11, 2.81988685874e-11, 3.9200077212e-11, 3.14501688581e-11, 2.46098644935e-11, 2.18330752783e-11, 5.20403858895e-11]
    },
    "erbbands": {
        "dmean": [0.294259339571, 2.9534239769, 11.8223390579, 12.3217658997, 3.06913137436, 0.716561257839, 1.23585677147, 0.796820402145, 2.04494643211, 1.82416915894, 0.874886453152, 1.27134275436, 1.26109337807, 0.732957661152, 1.21116054058, 1.01483595371, 0.938351988792, 0.575795650482, 0.800071716309, 0.83311766386, 1.6770247221, 0.859886884689, 0.271466910839, 0.169133171439, 0.132600367069, 0.136487513781, 0.202650338411, 0.11437061429, 0.090625859797, 0.118833199143, 0.0818193331361, 0.0500409789383, 0.0274075884372, 0.0157470200211, 0.00994983036071, 0.00542444689199, 0.00363739649765, 0.00147214974277, 0.000368897512089, 3.65960258932e-05],
        "dmean2": [0.328122377396, 2.46271300316, 8.88428688049, 10.7466688156, 3.50308561325, 1.0783919096, 1.98441016674, 1.12907683849, 2.53541326523, 2.68561291695, 1.09096825123, 1.71754896641, 1.6486852169, 0.993453741074, 1.71175479889, 1.20956707001, 1.31988084316, 0.820897638798, 1.28153467178, 1.22299742699, 2.50476717949, 1.14023125172, 0.371604830027, 0.217122063041, 0.161400899291, 0.188236221671, 0.316937923431, 0.164875224233, 0.137302011251, 0.166455864906, 0.126327216625, 0.0754751861095, 0.0428735949099, 0.0231322515756, 0.0136870583519, 0.00739939836785, 0.0057155485265, 0.00231297104619, 0.000597684527747, 4.92496728839e-05],
        "dvar": [0.145913287997, 11.2342433929, 303.691589355, 86.8303527832, 6.42375564575, 1.65554440022, 3.44245839119, 1.78572297096, 5.96715927124, 4.28986549377, 2.52937602997, 1.61277770996, 2.57986426353, 2.39495062828, 5.64201068878, 3.27364253998, 4.79334163666, 1.59584283829, 3.68435668945, 2.77467989922, 18.1579456329, 3.83519387245, 0.470525592566, 0.277109712362, 0.204880639911, 0.160124823451, 0.18091507256, 0.0691557526588, 0.0322029292583, 0.0237098522484, 0.0151677764952, 0.00681003462523, 0.00489046378061, 0.00215759081766, 0.000728570506908, 0.000147423517774, 3.03764936689e-05, 5.94699167777e-06, 3.31562773681e-07, 2.35134045568e-09],
        "dvar2": [0.247246563435, 12.096487999, 284.072509766, 50.9231071472, 7.43072462082, 2.09173774719, 3.41667699814, 1.54653573036, 6.32601261139, 6.32669019699, 2.66901779175, 2.72941350937, 5.23959112167, 3.84214997292, 10.0195178986, 4.69252872467, 10.0407886505, 2.8998105526, 8.70211791992, 4.47364234924, 43.2202415466, 8.18097019196, 0.691053211689, 0.337309628725, 0.211453795433, 0.182369425893, 0.286661982536, 0.0950652062893, 0.0382089652121, 0.0383237227798, 0.0171663276851, 0.00720040593296, 0.00496617192402, 0.00223498092964, 0.000626810884569, 0.00014273407578, 4.00714561692e-05, 1.04097653093e-05, 5.09158724071e-07, 3.12017234272e-09],
        "max": [3.02715587616, 25.946439743, 167.19329834, 153.109786987, 51.3555297852, 10.4417095184, 15.7963342667, 11.2297019958, 20.0175094604, 17.9455661774, 12.055024147, 7.73190641403, 11.1471757889, 8.80918979645, 23.3865013123, 15.8322706223, 15.0087175369, 6.6316652298, 8.29104328156, 10.9993638992, 29.03956604, 14.4038295746, 4.01843833923, 3.62746024132, 3.39604067802, 3.01599979401, 2.26132178307, 1.92508757114, 1.45763027668, 1.44950556755, 1.23379933834, 0.945106208324, 0.642912566662, 0.41558432579, 0.277303814888, 0.132959410548, 0.0661328807473, 0.027221545577, 0.00749372225255, 0.000821985013317],
        "mean": [1.39246606827, 12.5252370834, 90.9970474243, 99.0391693115, 19.1298713684, 2.18807244301, 1.91095042229, 1.41721332073, 6.88385629654, 5.4602804184, 2.08723950386, 3.09602570534, 3.0808660984, 1.35270524025, 3.3218357563, 1.68352508545, 1.29596495628, 0.704196691513, 1.16475260258, 1.09223222733, 1.55488574505, 0.968389570713, 0.357674628496, 0.246137902141, 0.212219029665, 0.200101792812, 0.267935723066, 0.21834923327, 0.252586275339, 0.364734977484, 0.238075569272, 0.193654671311, 0.101336196065, 0.0620513111353, 0.0443464107811, 0.0282614603639, 0.0162316411734, 0.00706627452746, 0.00208081793971, 0.000331476068823],
        "median": [1.38796782494, 12.5681352615, 88.5400924683, 103.594863892, 16.342590332, 1.74944913387, 1.49100768566, 1.01828408241, 5.43819856644, 4.24490785599, 0.763697743416, 2.72841501236, 2.80251693726, 0.317645728588, 0.229923129082, 0.141340911388, 0.155884519219, 0.165158078074, 0.137857154012, 0.157864332199, 0.141822427511, 0.130245611072, 0.113373786211, 0.111448831856, 0.103681430221, 0.100363530219, 0.123818129301, 0.145754501224, 0.200839072466, 0.299497723579, 0.199302718043, 0.161823257804, 0.0849805176258, 0.0516620725393, 0.0343241728842, 0.0247515533119, 0.0144713083282, 0.00607222784311, 0.00179325114004, 0.000319583137752],
        "min": [0.185811400414, 0.526637375355, 12.8139352798, 22.7983055115, 8.9055557251, 0.872612833977, 0.44687128067, 0.339443594217, 1.36114263535, 1.25125133991, 0.25103828311, 0.271111935377, 0.260069280863, 0.0541946329176, 0.03960583359, 0.0357726812363, 0.0280357599258, 0.0423963330686, 0.0309995226562, 0.0453365966678, 0.0373501926661, 0.0288970228285, 0.0305472500622, 0.0471195280552, 0.044924929738, 0.0498589761555, 0.0540207438171, 0.0569888427854, 0.067340515554, 0.13408125937, 0.0835445225239, 0.0783315375447, 0.0331515669823, 0.0267155654728, 0.0175290070474, 0.00709980586544, 0.00631337380037, 0.0020543737337, 0.000579544517677, 0.000114365800982],
        "var": [0.318500608206, 34.7089233398, 1320.84631348, 1372.7019043, 100.682273865, 2.02058267593, 4.55436658859, 2.41552877426, 19.0429019928, 12.7012176514, 9.57888698578, 3.38486886024, 3.87352466583, 4.52576637268, 33.3068695068, 11.6002664566, 8.09849071503, 1.83047008514, 5.30346298218, 5.46588420868, 19.6573543549, 5.49580001831, 0.549907803535, 0.28212249279, 0.213049426675, 0.17428560555, 0.189262241125, 0.0748429521918, 0.0396914109588, 0.0444656275213, 0.0289215706289, 0.0163859184831, 0.00677885394543, 0.00293333968148, 0.00132571556605, 0.000322949315887, 8.10597848613e-05, 1.47626215039e-05, 1.20903757761e-06, 1.1679481382e-08]
    },
    "gfcc": {
        "mean": [-60.1614685059, 116.025726318, 1.87778544426, 40.6511802673, -27.4949836731, 20.6549224854, -11.2046613693, 9.73793411255, -3.28784775734, -5.10663795471, -23.6285762787, -8.79584503174, -22.1392097473],
        "cov": [[689.261962891, 84.806427002, -696.567810059, -210.65814209, 177.468002319, 74.595664978, -74.169670105, -89.6108474731, -44.978729248, 13.2457113266, 48.0965270996, 86.2969741821, 52.1375007629], [84.806427002, 177.254928589, -213.601470947, -133.47277832, 71.7681808472, 64.5471496582, 17.4508323669, 13.066701889, 18.8318595886, -32.246837616, 5.46539783478, 54.4370346069, 23.8067722321], [-696.567810059, -213.601470947, 904.061889648, 329.598327637, -262.277008057, -158.592224121, 68.1842346191, 89.450553894, 36.6802749634, 20.8201675415, -35.9647026062, -119.437820435, -61.47473526], [-210.65814209, -133.47277832, 329.598327637, 178.929840088, -82.8039550781, -77.3808822632, 15.7267847061, 21.796672821, 14.1898469925, 30.4294528961, -6.142162323, -51.6104354858, -23.9917507172], [177.468002319, 71.7681808472, -262.277008057, -82.8039550781, 123.488548279, 71.3696212769, -31.0636005402, -32.9247627258, 5.00159740448, 4.02105474472, 14.1347398758, 36.6596336365, 10.4976119995], [74.595664978, 64.5471496582, -158.592224121, -77.3808822632, 71.3696212769, 71.1128921509, -7.96905755997, -26.9216766357, -7.17624759674, -9.54774856567, 4.99284076691, 21.3970565796, 3.47598910332], [-74.169670105, 17.4508323669, 68.1842346191, 15.7267847061, -31.0636005402, -7.96905755997, 41.5305900574, 24.4411296844, 5.43191480637, -8.95796585083, -5.57486104965, -2.83340811729, -0.619814455509], [-89.6108474731, 13.066701889, 89.450553894, 21.796672821, -32.9247627258, -26.9216766357, 24.4411296844, 45.9178848267, 26.9359455109, -8.98980331421, -11.5250329971, -3.02851939201, -0.600554823875], [-44.978729248, 18.8318595886, 36.6802749634, 14.1898469925, 5.00159740448, -7.17624759674, 5.43191480637, 26.9359455109, 42.6899604797, 14.0443258286, -0.316766500473, 1.7885351181, 0.256897419691], [13.2457113266, -32.246837616, 20.8201675415, 30.4294528961, 4.02105474472, -9.54774856567, -8.95796585083, -8.98980331421, 14.0443258286, 37.3071784973, 15.376745224, -7.6052274704, -2.33174967766], [48.0965270996, 5.46539783478, -35.9647026062, -6.142162323, 14.1347398758, 4.99284076691, -5.57486104965, -11.5250329971, -0.316766500473, 15.376745224, 21.3331890106, 9.54584121704, -0.217378348112], [86.2969741821, 54.4370346069, -119.437820435, -51.6104354858, 36.6596336365, 21.3970565796, -2.83340811729, -3.02851939201, 1.7885351181, -7.6052274704, 9.54584121704, 30.8787593842, 13.1034317017], [52.1375007629, 23.8067722321, -61.47473526, -23.9917507172, 10.4976119995, 3.47598910332, -0.619814455509, -0.600554823875, 0.256897419691, -2.33174967766, -0.217378348112, 13.1034317017, 17.2481613159]],
        "icov": [[0.018639607355, 0.0128928115591, 0.0142766460776, 0.00798175018281, -0.00695876032114, 0.0237533152103, -0.00840746052563, 0.0166216474026, -0.00946731958538, 0.0112922247499, -0.0224253777415, 0.00199175812304, -0.0125558450818], [0.0128928115591, 0.0875841900706, -0.0156754162163, 0.0852186977863, -0.0772895589471, 0.0646311417222, -0.0819219946861, 0.0619216896594, -0.0812018066645, 0.0958292037249, -0.0847998857498, 0.0191880632192, -0.0654467120767], [0.0142766460776, -0.0156754162163, 0.0349635258317, -0.0455258153379, 0.0520673207939, -0.0274580679834, 0.0313799828291, -0.0165043268353, 0.00759858405218, -0.0141553329304, 0.00230520335026, -0.00656565371901, 0.0171575583518], [0.00798175018281, 0.0852186977863, -0.0455258153379, 0.150392070413, -0.141538083553, 0.13996963203, -0.120006285608, 0.0983005538583, -0.0767259374261, 0.0847520083189, -0.0743618160486, 0.0469162426889, -0.0617523305118], [-0.00695876032114, -0.0772895589471, 0.0520673207939, -0.141538083553, 0.189161390066, -0.163778245449, 0.129577815533, -0.0866458043456, 0.05202748999, -0.0949075967073, 0.0855209454894, -0.0736687704921, 0.0793690681458], [0.0237533152103, 0.0646311417222, -0.0274580679834, 0.13996963203, -0.163778245449, 0.227659612894, -0.14126381278, 0.166282713413, -0.0918797925115, 0.101634822786, -0.0671099573374, 0.0540049932897, -0.0364307947457], [-0.00840746052563, -0.0819219946861, 0.0313799828291, -0.120006285608, 0.129577815533, -0.14126381278, 0.16026930511, -0.141136407852, 0.107315555215, -0.107612110674, 0.0696278214455, -0.0420564897358, 0.0505349300802], [0.0166216474026, 0.0619216896594, -0.0165043268353, 0.0983005538583, -0.0866458043456, 0.166282713413, -0.141136407852, 0.260932564735, -0.18895201385, 0.154548794031, -0.0554823316634, 0.0238966625184, -0.0297097712755], [-0.00946731958538, -0.0812018066645, 0.00759858405218, -0.0767259374261, 0.05202748999, -0.0918797925115, 0.107315555215, -0.18895201385, 0.221112862229, -0.199663490057, 0.121886782348, -0.0629539862275, 0.0642604902387], [0.0112922247499, 0.0958292037249, -0.0141553329304, 0.0847520083189, -0.0949075967073, 0.101634822786, -0.107612110674, 0.154548794031, -0.199663490057, 0.277090132236, -0.219061583281, 0.134313076735, -0.124536469579], [-0.0224253777415, -0.0847998857498, 0.00230520335026, -0.0743618160486, 0.0855209454894, -0.0671099573374, 0.0696278214455, -0.0554823316634, 0.121886782348, -0.219061583281, 0.287685334682, -0.17318560183, 0.15542255342], [0.00199175812304, 0.0191880632192, -0.00656565371901, 0.0469162426889, -0.0736687704921, 0.0540049932897, -0.0420564897358, 0.0238966625184, -0.0629539862275, 0.134313076735, -0.17318560183, 0.235431730747, -0.119317874312], [-0.0125558450818, -0.0654467120767, 0.0171575583518, -0.0617523305118, 0.0793690681458, -0.0364307947457, 0.0505349300802, -0.0297097712755, 0.0642604902387, -0.124536469579, 0.15542255342, -0.119317874312, 0.196148753166]]
    },
    "melbands": {
        "dmean": [0.0027200835757, 0.00517797702923, 0.00178076908924, 9.9641540146e-05, 3.94769122067e-05, 1.79747239599e-05, 3.43621177308e-05, 1.68352507899e-05, 6.27837107459e-06, 9.76151568466e-06, 6.42543955109e-06, 2.70028704108e-06, 4.05618038712e-06, 4.0195609472e-06, 2.23246684072e-06, 1.65095218563e-06, 1.02613591935e-06, 1.23218694625e-06, 1.2038742625e-06, 1.07588618903e-06, 2.34908520724e-06, 1.1366819308e-06, 2.75941090422e-07, 2.38933210994e-07, 1.36526921324e-07, 1.04648755439e-07, 9.65858930613e-08, 8.90658711228e-08, 1.2840817476e-07, 9.87030048805e-08, 6.32515053667e-08, 5.12569187094e-08, 5.81249395282e-08, 6.81545202497e-08, 5.61306130464e-08, 3.97249380057e-08, 3.00717282187e-08, 2.53821532681e-08, 2.059616655e-08, 1.48994283578e-08],
        "dmean2": [0.00259184744209, 0.00394026003778, 0.00165364285931, 0.000115512651973, 6.23066953267e-05, 2.50694902206e-05, 4.18425479438e-05, 2.54365641013e-05, 7.61782212066e-06, 1.30064318e-05, 8.34612274048e-06, 3.6882142922e-06, 5.3319968174e-06, 4.72046713185e-06, 3.17519175042e-06, 2.2289343633e-06, 1.52723816882e-06, 2.01313491743e-06, 1.84376688139e-06, 1.42344163123e-06, 3.57944054485e-06, 1.57443389526e-06, 3.71046297687e-07, 3.33116588536e-07, 1.76765013293e-07, 1.25619578739e-07, 1.2742373201e-07, 1.28154027834e-07, 2.03639032748e-07, 1.43189808455e-07, 9.03605794633e-08, 7.42942916077e-08, 8.99327972093e-08, 9.70396385469e-08, 8.5915900172e-08, 6.47910312068e-08, 4.49596271324e-08, 3.976848717e-08, 3.1182587179e-08, 2.13785451564e-08],
        "dvar": [1.29453137561e-05, 5.12155565957e-05, 2.28854878515e-06, 7.82329312443e-09, 4.44069758743e-09, 9.39393007826e-10, 1.41886558058e-09, 4.19675377783e-10, 1.40722059006e-10, 7.46265826912e-11, 6.28384427825e-11, 3.66115610051e-11, 5.39195840754e-11, 6.16963702349e-11, 2.35553469091e-11, 1.26069354608e-11, 5.4436260187e-12, 9.13604955577e-12, 6.93659843107e-12, 3.89344676291e-12, 4.06674659226e-11, 7.3645499421e-12, 4.6037853434e-13, 3.56278618803e-13, 1.73456179433e-13, 1.11306959743e-13, 9.78752601427e-14, 6.06890297565e-14, 7.0736846285e-14, 4.09654847208e-14, 2.09618513004e-14, 1.09123373179e-14, 7.08105610213e-15, 9.5807820431e-15, 7.12253572907e-15, 2.06060627342e-15, 2.98358504176e-15, 2.39430930255e-15, 1.65604491485e-15, 1.65954866663e-15],
        "dvar2": [1.53053861141e-05, 4.84254887851e-05, 1.41100065321e-06, 9.41205957616e-09, 4.21464241285e-09, 7.67880925512e-10, 1.57647417343e-09, 5.90769488884e-10, 1.40915792923e-10, 1.43022732546e-10, 1.27343982581e-10, 5.83142839572e-11, 7.78519262945e-11, 1.06966255298e-10, 4.58137347503e-11, 2.26442250367e-11, 1.02882233982e-11, 2.22874062955e-11, 1.26830186978e-11, 7.76678721337e-12, 9.94149693123e-11, 1.65557706433e-11, 6.21336315731e-13, 6.05037504472e-13, 2.07637726457e-13, 1.11271506332e-13, 1.10301402886e-13, 6.84260861947e-14, 1.09963619699e-13, 6.82842996556e-14, 2.7089367262e-14, 1.24705111756e-14, 9.98420520115e-15, 1.52254409438e-14, 7.68391189706e-15, 3.44399107079e-15, 3.01750722899e-15, 2.13151648363e-15, 2.44726093198e-15, 1.60468803671e-15],
        "max": [0.0264180339873, 0.0670876055956, 0.0235232431442, 0.00146312220022, 0.000550427299459, 0.000262378598563, 0.000312576652505, 0.000174535540282, 8.49890566315e-05, 5.31427649548e-05, 5.51813172933e-05, 3.30334842147e-05, 7.15006972314e-05, 7.59041067795e-05, 3.47401219187e-05, 2.10250727832e-05, 1.18491298053e-05, 1.3730154933e-05, 1.46608554132e-05, 1.38047098517e-05, 4.2949555791e-05, 1.97444369405e-05, 4.01950865125e-06, 3.28010992234e-06, 2.90664365821e-06, 2.50374137067e-06, 2.33889477386e-06, 1.87599664514e-06, 1.40688428019e-06, 1.19165383694e-06, 1.1250397165e-06, 8.50302626532e-07, 7.02694819665e-07, 8.64695152814e-07, 7.68711061028e-07, 5.81883455197e-07, 5.55618896669e-07, 4.78647336877e-07, 3.40115462905e-07, 3.66519344652e-07],
        "mean": [0.0130973625928, 0.0380708351731, 0.0156812015921, 0.000447000114946, 6.40091966488e-05, 2.88169921987e-05, 0.000119521173474, 5.11167745572e-05, 1.40894426295e-05, 2.39961864281e-05, 1.56640508067e-05, 4.44051829618e-06, 1.0952093362e-05, 7.14685984349e-06, 3.17115086546e-06, 2.13452426578e-06, 1.17957222301e-06, 1.76784794803e-06, 1.72182024016e-06, 1.18846992336e-06, 2.11090787161e-06, 1.2159993048e-06, 4.01779516324e-07, 2.66205432808e-07, 1.89364541825e-07, 1.61148335565e-07, 1.39674369848e-07, 1.27281779783e-07, 1.61934892162e-07, 1.48345520756e-07, 1.20933222547e-07, 1.37783061405e-07, 1.7262031804e-07, 1.96608326064e-07, 1.28007513922e-07, 1.47849462451e-07, 1.05448570764e-07, 7.48094279857e-08, 5.42925455704e-08, 5.15036333582e-08],
        "median": [0.0130714699626, 0.036056406796, 0.0165980886668, 0.000340999453329, 4.74992993986e-05, 1.92417192011e-05, 9.53945273068e-05, 3.87759537261e-05, 4.37464996139e-06, 2.20606270886e-05, 1.46427046275e-05, 8.14484621969e-07, 6.78231344864e-07, 5.57196528916e-07, 3.67464480178e-07, 2.98980751268e-07, 3.07384709686e-07, 2.11516876902e-07, 2.35073173371e-07, 1.74025686306e-07, 1.79881823215e-07, 1.32215262738e-07, 1.18212483358e-07, 8.43854479626e-08, 8.92222544735e-08, 8.54684145679e-08, 7.01773217315e-08, 6.4293089963e-08, 6.89117882757e-08, 8.23500414526e-08, 8.25460944043e-08, 1.14423897912e-07, 1.47446272081e-07, 1.63306879131e-07, 1.05976035059e-07, 1.22176331274e-07, 8.97550336276e-08, 6.60280861098e-08, 4.3502705438e-08, 4.03308888508e-08],
        "min": [0.00138919311576, 0.00479985261336, 0.0039785830304, 0.000142228411278, 1.30247335619e-05, 6.05025934419e-06, 2.33825649048e-05, 1.28318060888e-05, 9.42597466747e-07, 1.94574977286e-06, 1.35222614972e-06, 1.70453091641e-07, 9.49181853116e-08, 1.08095299822e-07, 6.25598133297e-08, 6.88770143142e-08, 6.4848826753e-08, 4.88531597398e-08, 5.10345472549e-08, 3.42738850634e-08, 3.72425574824e-08, 2.60985117961e-08, 3.44070940628e-08, 2.08588364359e-08, 3.54246694201e-08, 3.06813952022e-08, 3.56025324777e-08, 2.22202967137e-08, 2.51113920768e-08, 4.05758306954e-08, 2.5748411403e-08, 3.6498867928e-08, 5.25364534099e-08, 7.63762955103e-08, 3.99199144852e-08, 5.93815663308e-08, 4.33193356741e-08, 2.1256596483e-08, 1.96024263488e-08, 2.0225741082e-08],
        "var": [3.30837829097e-05, 0.00019367603818, 2.88325827569e-05, 9.31044965569e-08, 5.4488413781e-09, 1.3231257201e-09, 5.58462787126e-09, 1.20904442014e-09, 5.02476948938e-10, 1.91776483582e-10, 9.80676026496e-11, 5.85029871769e-11, 3.37835370789e-10, 2.19941662105e-10, 4.7230427902e-11, 2.00360891073e-11, 5.55917117895e-12, 1.18393923138e-11, 1.33405855807e-11, 6.50363270183e-12, 4.10475056722e-11, 9.70556621183e-12, 6.48290611732e-13, 3.52357872697e-13, 1.76167633541e-13, 1.16824735649e-13, 1.01597515936e-13, 6.79911923746e-14, 7.50357553327e-14, 4.1344643773e-14, 2.4072266397e-14, 1.3222115697e-14, 1.05964177455e-14, 1.67590144236e-14, 1.1419418674e-14, 8.13018645191e-15, 5.47133732499e-15, 3.81349140634e-15, 2.04973968774e-15, 2.29995491443e-15]
    },
    "mfcc": {
        "mean": [-746.670654297, 161.802307129, 84.1899795532, 44.8815803528, 24.8630256653, 24.727809906, 6.39555215836, 22.1803188324, 16.1476039886, 14.6645174026, 6.61619138718, 3.74176096916, 0.8985414505],
        "cov": [[1150.14428711, 175.992538452, -940.40838623, -353.901367188, 72.8175964355, 110.285881042, 13.7913856506, -30.0973434448, -28.3951339722, -173.559448242, -131.165222168, 120.144172668, 128.368850708], [175.992538452, 225.529602051, -271.152038574, -179.686889648, 19.0761699677, 27.4244117737, 7.40800762177, 69.6025390625, 37.2867660522, -64.7928161621, -51.6594352722, 51.6113739014, 71.6686706543], [-940.40838623, -271.152038574, 923.158691406, 398.38180542, -103.008010864, -130.350784302, -17.474067688, -24.9098243713, -9.27552700043, 171.567306519, 128.107345581, -125.889289856, -139.690246582], [-353.901367188, -179.686889648, 398.38180542, 241.488555908, -38.5296211243, -64.8385238647, -18.8334674835, -32.2832870483, -6.42996263504, 86.1575698853, 63.6298179626, -42.0778083801, -65.6998062134], [72.8175964355, 19.0761699677, -103.008010864, -38.5296211243, 62.0560874939, 38.7450180054, -11.4967384338, -7.36691999435, -0.64797270298, -11.9325990677, -11.0167789459, 24.9649848938, 25.9826889038], [110.285881042, 27.4244117737, -130.350784302, -64.8385238647, 38.7450180054, 64.6512985229, 15.5342540741, -11.454577446, -11.6586561203, -21.8555183411, -12.1208524704, 16.5210418701, 19.9333896637], [13.7913856506, 7.40800762177, -17.474067688, -18.8334674835, -11.4967384338, 15.5342540741, 27.3147563934, 6.41898488998, -10.5274019241, -11.3838253021, -4.47498226166, -9.27789497375, -3.26235985756], [-30.0973434448, 69.6025390625, -24.9098243713, -32.2832870483, -7.36691999435, -11.454577446, 6.41898488998, 54.2493782043, 25.313085556, -15.7123241425, -12.9760580063, 7.73413133621, 13.9049596786], [-28.3951339722, 37.2867660522, -9.27552700043, -6.42996263504, -0.64797270298, -11.6586561203, -10.5274019241, 25.313085556, 36.2825660706, 3.35457706451, -5.12932634354, 11.8078975677, 10.273891449], [-173.559448242, -64.7928161621, 171.567306519, 86.1575698853, -11.9325990677, -21.8555183411, -11.3838253021, -15.7123241425, 3.35457706451, 55.3252944946, 32.0791778564, -20.8465957642, -27.4980106354], [-131.165222168, -51.6594352722, 128.107345581, 63.6298179626, -11.0167789459, -12.1208524704, -4.47498226166, -12.9760580063, -5.12932634354, 32.0791778564, 41.1887397766, -7.73656988144, -25.9829425812], [120.144172668, 51.6113739014, -125.889289856, -42.0778083801, 24.9649848938, 16.5210418701, -9.27789497375, 7.73413133621, 11.8078975677, -20.8465957642, -7.73656988144, 51.1896133423, 34.1017150879], [128.368850708, 71.6686706543, -139.690246582, -65.6998062134, 25.9826889038, 19.9333896637, -3.26235985756, 13.9049596786, 10.273891449, -27.4980106354, -25.9829425812, 34.1017150879, 54.1701965332]],
