{
"lowlevel": {
    "average_loudness": 0.975428521633,
    "barkbands_crest": {
        "dmean": 2.82061982155,
        "dmean2": 4.86371707916,
        "dvar": 5.82170677185,
        "dvar2": 17.6085758209,
        "max": 21.0929107666,
        "mean": 10.3999509811,
        "median": 9.97468948364,
        "min": 3.78623914719,
        "var": 12.5786046982
    },
    "barkbands_flatness_db": {
        "dmean": 0.0160103216767,
        "dmean2": 0.0270328968763,
        "dvar": 0.000191070430446,
        "dvar2": 0.000561781867873,
        "max": 0.223920419812,
        "mean": 0.158726781607,
        "median": 0.157294824719,
        "min": 0.0961121022701,
        "var": 0.000402020290494
    },
    "barkbands_kurtosis": {
        "dmean": 0.905811607838,
        "dmean2": 1.4879308939,
        "dvar": 1.27073574066,
        "dvar2": 3.89352536201,
        "max": 6.33517360687,
        "mean": -0.31326186657,
        "median": -0.833939313889,
        "min": -1.71467745304,
        "var": 2.20536375046
    },
    "barkbands_skewness": {
        "dmean": 0.435438871384,
        "dmean2": 0.703243911266,
        "dvar": 0.115960791707,
        "dvar2": 0.366023689508,
        "max": 2.5220375061,
        "mean": 0.26962262392,
        "median": 0.34825733304,
        "min": -2.04458713531,
        "var": 0.784932971001
    },
    "barkbands_spread": {
        "dmean": 3.41654610634,
        "dmean2": 5.54073238373,
        "dvar": 7.20336484909,
        "dvar2": 16.9208984375,
        "max": 38.7362632751,
        "mean": 21.6692943573,
        "median": 21.5702209473,
        "min": 7.74838876724,
        "var": 28.6153240204
    },
    "dissonance": {
        "dmean": 0.0216622371227,
        "dmean2": 0.0382115468383,
        "dvar": 0.000550203025341,
        "dvar2": 0.00141381309368,
        "max": 0.499131351709,
        "mean": 0.465064495802,
        "median": 0.470456659794,
        "min": 0.320234835148,
        "var": 0.000618091493379
    },
    "dynamic_complexity": 1.63581693172,
    "erbbands_crest": {
        "dmean": 1.40135264397,
        "dmean2": 2.22979545593,
        "dvar": 1.43975305557,
        "dvar2": 3.414021492,
        "max": 19.465669632,
        "mean": 9.28583717346,
        "median": 8.95252990723,
        "min": 4.62785196304,
        "var": 7.11804628372
    },
    "erbbands_flatness_db": {
        "dmean": 0.0098834624514,
        "dmean2": 0.0135157061741,
        "dvar": 5.11316720804e-05,
        "dvar2": 8.9486973593e-05,
        "max": 0.313384711742,
        "mean": 0.230210855603,
        "median": 0.225585326552,
        "min": 0.139115914702,
        "var": 0.000750592269469
    },
    "erbbands_kurtosis": {
        "dmean": 0.865224838257,
        "dmean2": 1.39139831066,
        "dvar": 0.616554021835,
        "dvar2": 1.51071953773,
        "max": 8.23949337006,
        "mean": 1.2009652853,
        "median": 0.686843395233,
        "min": -1.46556854248,
        "var": 4.12880516052
    },
    "erbbands_skewness": {
        "dmean": 0.233277946711,
        "dmean2": 0.360734730959,
        "dvar": 0.0386317409575,
        "dvar2": 0.107273973525,
        "max": 0.369484990835,
        "mean": -0.90803951025,
        "median": -0.950966775417,
        "min": -1.82748043537,
        "var": 0.229657202959
    },
    "erbbands_spread": {
        "dmean": 4.7089509964,
        "dmean2": 7.66583299637,
        "dvar": 14.5385828018,
        "dvar2": 44.841178894,
        "max": 47.577545166,
        "mean": 22.2704563141,
        "median": 21.7448577881,
        "min": 5.51899290085,
        "var": 87.4319229126
    },
    "hfc": {
        "dmean": 7.68623161316,
        "dmean2": 11.3022937775,
        "dvar": 1316.5559082,
        "dvar2": 3326.3918457,
        "max": 479.812805176,
        "mean": 29.8193473816,
        "median": 18.7577228546,
        "min": 0.253497570753,
        "var": 1403.18737793
    },
    "melbands_crest": {
        "dmean": 4.42205619812,
        "dmean2": 7.9203414917,
        "dvar": 14.1932630539,
        "dvar2": 42.6053771973,
        "max": 28.0432453156,
        "mean": 13.5813751221,
        "median": 12.9170417786,
        "min": 4.55315685272,
        "var": 30.9505233765
    },
    "melbands_flatness_db": {
        "dmean": 0.0200748257339,
        "dmean2": 0.0332767106593,
        "dvar": 0.000288741401164,
        "dvar2": 0.000824146787636,
        "max": 0.312882393599,
        "mean": 0.219305574894,
        "median": 0.214888870716,
        "min": 0.138916194439,
        "var": 0.000971744884737
    },
    "melbands_kurtosis": {
        "dmean": 1.85446703434,
        "dmean2": 3.12036657333,
        "dvar": 6.10331583023,
        "dvar2": 19.453868866,
        "max": 16.3805732727,
        "mean": 1.46584010124,
        "median": 0.540720701218,
        "min": -1.6360193491,
        "var": 11.4373531342
    },
    "melbands_skewness": {
        "dmean": 0.517563223839,
        "dmean2": 0.847329378128,
        "dvar": 0.180676877499,
        "dvar2": 0.565535962582,
        "max": 3.75265240669,
        "mean": 1.20695710182,
        "median": 1.24415254593,
        "min": -1.34501326084,
        "var": 0.969403922558
    },
    "melbands_spread": {
        "dmean": 6.8825507164,
        "dmean2": 10.8276414871,
        "dvar": 26.0095767975,
        "dvar2": 75.3540344238,
        "max": 67.2618637085,
        "mean": 35.2641296387,
        "median": 33.6107330322,
        "min": 8.67259979248,
        "var": 183.221954346
    },
    "pitch_salience": {
        "dmean": 0.0492274537683,
        "dmean2": 0.0836876705289,
        "dvar": 0.00229918304831,
        "dvar2": 0.00540890358388,
        "max": 0.84584403038,
        "mean": 0.456913173199,
        "median": 0.441169977188,
        "min": 0.271803766489,
        "var": 0.00640948675573
    },
    "silence_rate_20dB": {
        "dmean": 0,
        "dmean2": 0,
        "dvar": 0,
        "dvar2": 0,
        "max": 1,
        "mean": 1,
        "median": 1,
        "min": 1,
        "var": 0
    },
    "silence_rate_30dB": {
        "dmean": 0.00999999977648,
        "dmean2": 0.0201005022973,
        "dvar": 0.00990000367165,
        "dvar2": 0.0196964908391,
        "max": 1,
        "mean": 0.98507463932,
        "median": 1,
        "min": 0,
        "var": 0.0147025883198
    },
    "silence_rate_60dB": {
        "dmean": 0,
        "dmean2": 0,
        "dvar": 0,
        "dvar2": 0,
        "max": 0,
        "mean": 0,
        "median": 0,
        "min": 0,
        "var": 0
    },
    "spectral_centroid": {
        "dmean": 201.228439331,
        "dmean2": 330.948883057,
        "dvar": 26666.6953125,
        "dvar2": 73005.3984375,
        "max": 2497.31933594,
        "mean": 1328.1237793,
        "median": 1297.73449707,
        "min": 546.375427246,
        "var": 163092.046875
    },
    "spectral_complexity": {
        "dmean": 1.89499998093,
        "dmean2": 3.0502512455,
        "dvar": 4.51397514343,
        "dvar2": 6.54018831253,
        "max": 48,
        "mean": 20.0199012756,
        "median": 20,
        "min": 1,
        "var": 17.9598140717
    },
    "spectral_decrease": {
        "dmean": 1.97688043713e-09,
        "dmean2": 3.34765259957e-09,
        "dvar": 1.5440176475e-17,
        "dvar2": 4.12239057115e-17,
        "max": -8.64422214364e-11,
        "mean": -6.9818124615e-09,
        "median": -6.54275655876e-09,
        "min": -5.53520749236e-08,
        "var": 1.89042053939e-17
    },
    "spectral_energy": {
        "dmean": 0.00803079642355,
        "dmean2": 0.0135188437998,
        "dvar": 0.000323202228174,
        "dvar2": 0.000853400037158,
        "max": 0.2524317801,
        "mean": 0.0290556401014,
        "median": 0.0263737495989,
        "min": 0.000349246431142,
        "var": 0.000384154962376
    },
    "spectral_energyband_high": {
        "dmean": 6.25348257017e-05,
        "dmean2": 0.000106655264972,
        "dvar": 1.10716875668e-07,
        "dvar2": 2.92761541232e-07,
        "max": 0.00395189179108,
        "mean": 0.0001282026642,
        "median": 7.89680707385e-05,
        "min": 3.44363661497e-06,
        "var": 8.23717414278e-08
    },
    "spectral_energyband_low": {
        "dmean": 0.00193862337619,
        "dmean2": 0.00313793076202,
        "dvar": 4.43988346888e-06,
        "dvar2": 9.49567402131e-06,
        "max": 0.0203902348876,
        "mean": 0.00334405712783,
        "median": 0.00238734600134,
        "min": 3.28208843712e-05,
        "var": 9.97241295408e-06
    },
    "spectral_energyband_middle_high": {
        "dmean": 0.00347271887586,
        "dmean2": 0.00484628370032,
        "dvar": 0.000223636408919,
        "dvar2": 0.000547255156562,
        "max": 0.201311424375,
        "mean": 0.0141094094142,
        "median": 0.00858519226313,
        "min": 9.27698783926e-05,
        "var": 0.00028701624251
    },
    "spectral_energyband_middle_low": {
        "dmean": 0.00559396017343,
        "dmean2": 0.00958760082722,
        "dvar": 2.8685275538e-05,
        "dvar2": 9.43187551457e-05,
        "max": 0.0450403094292,
        "mean": 0.0116639584303,
        "median": 0.0103559885174,
        "min": 0.000232764621614,
        "var": 4.7575616918e-05
    },
    "spectral_entropy": {
        "dmean": 0.123659037054,
        "dmean2": 0.209422305226,
        "dvar": 0.0112001085654,
        "dvar2": 0.0299352351576,
        "max": 8.04956531525,
        "mean": 6.99667739868,
        "median": 6.99348545074,
        "min": 6.59915685654,
        "var": 0.0266557596624
    },
    "spectral_flux": {
        "dmean": 0.0177077651024,
        "dmean2": 0.0278521943837,
        "dvar": 0.000409207685152,
        "dvar2": 0.000763767049648,
        "max": 0.363125175238,
        "mean": 0.0669740960002,
        "median": 0.0595539174974,
        "min": 0.0327716656029,
        "var": 0.00118757260498
    },
    "spectral_kurtosis": {
        "dmean": 3.99369955063,
        "dmean2": 7.05268955231,
        "dvar": 11.4780797958,
        "dvar2": 33.5539283752,
        "max": 28.7052631378,
        "mean": 10.3511838913,
        "median": 9.4113368988,
        "min": 3.88104057312,
        "var": 19.9205951691
    },
    "spectral_rms": {
        "dmean": 0.000685084902216,
        "dmean2": 0.0011318345787,
        "dvar": 7.43289945149e-07,
        "dvar2": 1.86447971373e-06,
        "max": 0.0156931485981,
        "mean": 0.0051660775207,
        "median": 0.00507252290845,
        "min": 0.000583719287533,
        "var": 1.65861308687e-06
    },
    "spectral_rolloff": {
        "dmean": 165.590316772,
        "dmean2": 299.192260742,
        "dvar": 58824.0390625,
        "dvar2": 154371.8125,
        "max": 3122.31445312,
        "mean": 1748.15393066,
        "median": 1636.5234375,
        "min": 387.59765625,
        "var": 179986.25
    },
    "spectral_skewness": {
        "dmean": 0.3495875597,
        "dmean2": 0.612352013588,
        "dvar": 0.0935984924436,
        "dvar2": 0.268903553486,
        "max": 3.90101909637,
        "mean": 1.922539711,
        "median": 1.85357260704,
        "min": 0.751353085041,
        "var": 0.163392752409
    },
    "spectral_spread": {
        "dmean": 231010.734375,
        "dmean2": 340803.625,
        "dvar": 454066503680,
        "dvar2": 300067913728,
        "max": 14176044,
        "mean": 2439157.25,
        "median": 2386298.75,
        "min": 1457674.875,
        "var": 817481121792
    },
    "spectral_strongpeak": {
        "dmean": 1.23664057255,
        "dmean2": 2.18879318237,
        "dvar": 3.69383525848,
        "dvar2": 8.49027729034,
        "max": 12.9979457855,
        "mean": 2.73865270615,
        "median": 0.907470107079,
        "min": 0.014732289128,
        "var": 9.41959953308
    },
    "zerocrossingrate": {
        "dmean": 0.00484375003725,
        "dmean2": 0.00615626946092,
        "dvar": 2.22000107897e-05,
        "dvar2": 3.20816070598e-05,
        "max": 0.08837890625,
        "mean": 0.0541506335139,
        "median": 0.05224609375,
        "min": 0.01171875,
        "var": 0.000218419882003
    },
    "barkbands": {
        "dmean": [6.32084847894e-05, 0.00184489157982, 0.000216769534745, 0.000383440812584, 0.00521751632914, 0.000292216573143, 0.000170565806911, 0.000135074835271, 0.000508784491103, 0.000164315366419, 0.00036021519918, 0.0005518058897, 0.000208363489946, 0.00140167190693, 0.0004120990925, 0.00109745294321, 0.000709802494384, 0.000252941070357, 0.000352912407834, 5.75677258894e-05, 2.58659965766e-05, 6.42242503091e-06, 3.92840775021e-06, 6.83663586187e-07, 2.829524135e-07, 9.01406806975e-08, 1.52105187112e-07],
        "dmean2": [0.000104312224721, 0.00294868601486, 0.000379728386179, 0.000628652458545, 0.00912234466523, 0.000445842510089, 0.00031111255521, 0.000196382810827, 0.000761135888752, 0.000308745511575, 0.00052971218247, 0.000958484830335, 0.000389245600672, 0.00202719611116, 0.000589970790315, 0.00161061785184, 0.00104176742025, 0.00041066276026, 0.000650164263789, 9.41022153711e-05, 4.22479024564e-05, 1.01393688965e-05, 7.00005739418e-06, 1.18994739751e-06, 4.84981285354e-07, 1.43086282378e-07, 2.53935525052e-07],
        "dvar": [3.88104082205e-09, 3.95004326492e-06, 2.82383414429e-08, 1.82852704711e-06, 2.40141125687e-05, 6.95350081514e-07, 4.61634925841e-08, 3.00264488828e-08, 2.38860621948e-07, 4.98873404808e-08, 3.36586481353e-07, 1.09926293135e-06, 3.44935784824e-07, 4.69291080663e-06, 2.72965905879e-07, 2.7744916224e-05, 1.39567600854e-05, 1.67718994248e-07, 7.92704031483e-06, 7.73382708985e-08, 1.19725838132e-08, 4.8260362373e-10, 2.63308957971e-11, 1.18598121775e-12, 2.50592759434e-13, 1.18593235411e-14, 1.80555101577e-14],
        "dvar2": [1.08004316601e-08, 8.66333175509e-06, 8.32754025737e-08, 5.04170839122e-06, 7.74533546064e-05, 1.20739809972e-06, 1.42396757496e-07, 5.22407894721e-08, 5.77829439408e-07, 1.66356414866e-07, 6.98517226283e-07, 3.09025722345e-06, 9.69206666923e-07, 9.12340146897e-06, 6.08338211805e-07, 6.77997159073e-05, 3.11688236252e-05, 5.46732962903e-07, 2.30740261031e-05, 2.06893005839e-07, 2.97392706017e-08, 1.02163200122e-09, 7.99505600613e-11, 2.96501343443e-12, 6.58566083611e-13, 3.0031349857e-14, 4.84971322812e-14],
        "max": [0.000392598332837, 0.0198510289192, 0.00102610525209, 0.0163031928241, 0.0355346612632, 0.0116927316412, 0.00226393574849, 0.00289448257536, 0.00604409258813, 0.00223817932419, 0.00827991310507, 0.0113186072558, 0.00672862306237, 0.0236084535718, 0.00624693650752, 0.0671719461679, 0.0504564158618, 0.00293729663827, 0.0296892598271, 0.00319445226341, 0.00135955982842, 0.000290411000606, 4.54895198345e-05, 1.27339990286e-05, 5.51663652004e-06, 1.09073084786e-06, 1.73661032932e-06],
        "mean": [8.30303470138e-05, 0.00279410532676, 0.000327599176671, 0.000632087001577, 0.00818688236177, 0.000586404348724, 0.000347945111571, 0.0004183818819, 0.00131422176491, 0.000277047452983, 0.00114659091923, 0.00124376849271, 0.000270894117421, 0.00498034758493, 0.00147401203867, 0.00298752170056, 0.000978822819889, 0.000530795368832, 0.000300474086544, 9.18316145544e-05, 5.92153046455e-05, 1.27838220578e-05, 6.42146005703e-06, 1.55200734753e-06, 9.07253706828e-07, 2.12813077383e-07, 1.13850728667e-06],
        "median": [5.7186702179e-05, 0.00186133035459, 0.000291086442303, 0.000312857446261, 0.0071865785867, 0.000291688658763, 0.00019819366571, 0.000327333109453, 0.00108854903374, 0.000210138605325, 0.000610778224654, 0.000453220534837, 0.000168878439581, 0.00337723759003, 0.000910494010895, 0.000895136268809, 0.000334373908117, 0.000321945961332, 8.388243441e-05, 5.77166101721e-05, 3.82959842682e-05, 7.44833823774e-06, 5.1791421356e-06, 1.29241004743e-06, 7.82438519309e-07, 1.69068044897e-07, 1.2546297512e-06],
        "min": [4.94452422117e-07, 7.35484218239e-06, 4.26564520239e-06, 6.19196043772e-06, 0.000138824936585, 2.94835153909e-05, 5.03787941852e-06, 2.70898772214e-06, 3.94854123442e-06, 7.94323568698e-06, 8.45874637889e-06, 1.26570921566e-05, 5.42027100892e-06, 1.36020325954e-05, 1.18499683595e-05, 1.24264133774e-05, 1.37839151648e-05, 3.2192474464e-06, 3.52271649717e-06, 1.17110732845e-06, 1.3064977793e-06, 2.34696855728e-07, 5.8108128087e-08, 5.44367892985e-08, 1.99604812678e-08, 8.20392731526e-09, 1.21878514392e-07],
        "var": [6.06584427132e-09, 8.98445341591e-06, 4.02715656378e-08, 2.55692407336e-06, 3.39838989021e-05, 1.40315603403e-06, 1.39624248163e-07, 1.49538507799e-07, 9.07023547825e-07, 5.65094069316e-08, 1.62398862358e-06, 2.89233116746e-06, 2.75198999589e-07, 2.49379627348e-05, 1.96706560018e-06, 3.21749903378e-05, 1.5038971469e-05, 3.11461093361e-07, 4.38836741523e-06, 5.34624007287e-08, 1.10536539921e-08, 5.76148628806e-10, 2.78911199691e-11, 1.54690138737e-12, 3.74149089532e-13, 2.38326238356e-14, 1.34222521335e-13]
    },
    "erbbands": {
        "dmean": [0.0505709126592, 0.423579901457, 0.404651492834, 0.663487255573, 11.0542020798, 20.9355106354, 2.41176533699, 2.98640584946, 1.8436986208, 3.12565326691, 3.41400241852, 15.2406749725, 8.50768756866, 7.7180480957, 10.8730163574, 25.7167301178, 9.9606962204, 49.2934684753, 34.0886726379, 18.2477169037, 74.5393753052, 32.2260665894, 15.8775663376, 20.3254165649, 7.67924928665, 2.84179568291, 1.20397233963, 0.916667342186, 0.276775538921, 0.120140612125, 0.115703999996, 0.0301739349961, 0.00675982842222, 0.00354288821109, 0.00215656752698, 0.000708732462954, 8.57135310071e-05, 3.71612150047e-05, 2.12917493627e-05, 1.04881182779e-05],
        "dmean2": [0.0830393582582, 0.681423723698, 0.672391653061, 1.07869744301, 18.8359107971, 36.8012466431, 4.23834466934, 4.43773317337, 3.41184091568, 5.12659311295, 5.20761013031, 22.4825439453, 15.621055603, 12.4090843201, 16.2404766083, 44.3202476501, 17.9384422302, 71.7931671143, 48.3803405762, 26.1833229065, 108.269256592, 45.7044639587, 26.6262645721, 35.8660545349, 13.4396934509, 4.79928398132, 1.93013250828, 1.51333463192, 0.436237186193, 0.207580208778, 0.203621521592, 0.053790230304, 0.0107555482537, 0.00599126843736, 0.0036885861773, 0.00118024216499, 0.000138854084071, 6.37406046735e-05, 3.55809206667e-05, 1.75698496605e-05],
        "dvar": [0.00284168520011, 0.243206083775, 0.13832552731, 3.92876148224, 123.102714539, 393.87588501, 16.9847145081, 80.3410110474, 4.52904605865, 34.9452056885, 11.7650976181, 221.493515015, 90.8377609253, 102.592666626, 442.404266357, 1978.57763672, 445.325653076, 15177.6992188, 1746.5456543, 2081.65844727, 147075.609375, 29072.7480469, 945.186035156, 22284.6816406, 2486.98266602, 267.006439209, 28.81407547, 15.3307828903, 1.30897760391, 0.0805863291025, 0.02130224742, 0.0020502009429, 7.32967746444e-05, 5.84638728469e-05, 7.04002377461e-06, 4.71716987249e-07, 9.19175349168e-08, 1.08379660801e-09, 3.85626974797e-10, 6.01440175441e-10],
        "dvar2": [0.00660659372807, 0.532749056816, 0.371821343899, 10.9899291992, 350.764373779, 1325.70385742, 36.9862060547, 136.025405884, 13.9441127777, 82.5381622314, 28.4392738342, 546.16192627, 312.442138672, 234.633590698, 975.568847656, 5639.62011719, 1153.91894531, 29373.3242188, 3897.9387207, 4959.78808594, 358954.15625, 63040.5820312, 2884.24755859, 64580.1992188, 7131.59472656, 726.972412109, 70.8027114868, 40.6730880737, 2.95498204231, 0.178402155638, 0.0650438219309, 0.00553589966148, 0.000164238168509, 0.000149763960508, 1.84594482562e-05, 1.18608193134e-06, 2.32792288557e-07, 3.10952752436e-09, 1.1296571456e-09, 1.60076496503e-09],
        "max": [0.664159119129, 4.07830715179, 2.81666254997, 24.2272472382, 87.2007522583, 127.713218689, 52.504283905, 127.752128601, 24.6999378204, 92.67237854, 44.0675888062, 185.395721436, 71.0872497559, 127.367729187, 253.136642456, 450.863586426, 258.088928223, 1465.11901855, 660.439575195, 598.428894043, 4982.71679688, 2354.15209961, 286.028961182, 1576.88391113, 542.218078613, 185.500152588, 65.7026596069, 47.1110572815, 14.901512146, 3.46572804451, 1.21028316021, 0.521418869495, 0.0778657868505, 0.0894428342581, 0.0240113772452, 0.00583281647414, 0.00360131892376, 0.000356730568456, 0.000205298114452, 0.000348495377693],
        "mean": [0.0690121650696, 0.659304440022, 0.63881790638, 1.40585041046, 18.4646911621, 31.0568656921, 5.26115512848, 5.88884115219, 4.24794387817, 6.47976350784, 11.5045442581, 37.2863273621, 16.5516967773, 24.2794208527, 32.8083953857, 62.5222663879, 19.7037029266, 163.72253418, 147.94833374, 76.457069397, 190.524765015, 48.4176673889, 27.8680076599, 22.3469467163, 10.5216054916, 4.17586946487, 2.4270067215, 2.05041646957, 0.526183247566, 0.219419121742, 0.187895223498, 0.0555096678436, 0.0193147454411, 0.0111551731825, 0.00624375790358, 0.00170119141694, 0.000229981567827, 0.000200228139875, 0.000138581250212, 5.81492859055e-05],
        "median": [0.041788700968, 0.455138206482, 0.517884850502, 0.891149699688, 15.2915563583, 21.581741333, 3.69818091393, 2.95615124702, 3.35543632507, 3.08932042122, 9.47397899628, 29.700958252, 14.1994781494, 14.9752559662, 21.9347686768, 23.5695667267, 14.9420824051, 106.081733704, 106.378707886, 49.4567184448, 62.4768104553, 16.8429584503, 18.1345691681, 8.13602733612, 5.22831487656, 2.20484471321, 1.45664548874, 1.30154430866, 0.318905979395, 0.170566231012, 0.150789186358, 0.0463737137616, 0.0146159464493, 0.00869603268802, 0.00535895163193, 0.00133796804585, 0.000194673775695, 0.000212959028431, 0.000150173320435, 5.69884214201e-05],
        "min": [0.000144938443555, 0.00202623894438, 0.0124715687707, 0.0642016381025, 0.263716757298, 0.517393648624, 0.497461795807, 0.31661900878, 0.134877800941, 0.0385142825544, 0.0675002858043, 0.0942188799381, 0.149151831865, 0.330004930496, 0.423922926188, 0.490960091352, 0.279476851225, 0.517840504646, 0.552397191525, 0.680912792683, 0.955395698547, 0.574232757092, 0.200580492616, 0.24865283072, 0.0981495603919, 0.04928374663, 0.0777744278312, 0.0265731532127, 0.0085754673928, 0.0096046095714, 0.00187106744852, 0.00109262019396, 0.000729156890884, 0.000310033239657, 0.000113286492706, 2.17573106056e-05, 3.00039155263e-05, 2.94394540106e-05, 2.95121790259e-05, 3.38374229614e-06],
        "var": [0.00672609824687, 0.492775410414, 0.225121170282, 5.8310174942, 187.161010742, 721.130126953, 39.7747383118, 160.412979126, 11.9328584671, 105.821990967, 55.3941612244, 853.570739746, 116.840950012, 466.0546875, 1283.48864746, 6736.46533203, 549.676025391, 36091.484375, 17548.7441406, 5832.62109375, 158464.828125, 32914.4023438, 1156.54577637, 12557.9726562, 1502.85375977, 177.001083374, 25.23960495, 12.6456775665, 1.36424267292, 0.0891731157899, 0.0242572948337, 0.0022320128046, 0.0002011685865, 7.89851619629e-05, 1.39065841722e-05, 1.43640886563e-06, 7.70455770294e-08, 4.36902869438e-09, 1.65999980428e-09, 7.13171410816e-10]
    },
    "gfcc": {
        "mean": [-14.3738193512, 140.845489502, -161.177566528, 21.8457279205, -18.5590839386, 0.499949395657, -28.0116767883, -11.4015359879, -11.6866283417, -11.9830627441, -17.7666931152, -12.1676988602, 1.59511089325],
        "cov": [[622.883850098, -165.753921509, -279.891296387, 93.481262207, 67.1022644043, 81.0557250977, 51.6292572021, 47.4427833557, 8.38618755341, -6.56771278381, 0.308141946793, 26.3572845459, 28.0839042664], [-165.753921509, 384.619262695, 123.652900696, -54.2221183777, 3.76281070709, -91.6589660645, -0.774040520191, -67.659538269, 45.2226753235, 27.4457168579, 29.2810115814, -3.06228017807, 8.85906887054], [-279.891296387, 123.652900696, 289.333404541, 1.60459935665, -65.6396026611, -16.6545200348, -28.3242969513, -10.3920402527, 0.894216895103, -4.66189861298, 2.08065605164, -19.1030387878, -23.8964920044], [93.481262207, -54.2221183777, 1.60459935665, 83.5509490967, 20.7726993561, 23.3497314453, 15.7302083969, 22.6883049011, 12.4945993423, 4.61733341217, 4.14341402054, -4.16973686218, -10.3997554779], [67.1022644043, 3.76281070709, -65.6396026611, 20.7726993561, 94.1332550049, 30.513053894, 13.6031303406, 7.75960874557, 23.4966278076, 30.4326725006, 10.8476343155, 1.6307104826, 4.6300110817], [81.0557250977, -91.6589660645, -16.6545200348, 23.3497314453, 30.513053894, 89.4872589111, 17.4141941071, 33.5874023438, 17.6482200623, 15.178147316, -2.40119314194, 8.58422756195, 7.92432975769], [51.6292572021, -0.774040520191, -28.3242969513, 15.7302083969, 13.6031303406, 17.4141941071, 56.0915679932, 23.7490787506, 11.8883886337, 0.880200147629, -3.64927148819, 6.86676692963, 15.9631595612], [47.4427833557, -67.659538269, -10.3920402527, 22.6883049011, 7.75960874557, 33.5874023438, 23.7490787506, 52.1802749634, 13.0852050781, 4.29729270935, -4.9134054184, 3.96739935875, 0.896362304688], [8.38618755341, 45.2226753235, 0.894216895103, 12.4945993423, 23.4966278076, 17.6482200623, 11.8883886337, 13.0852050781, 61.3410987854, 39.6635475159, 9.87837982178, -5.86815595627, -4.23308372498], [-6.56771278381, 27.4457168579, -4.66189861298, 4.61733341217, 30.4326725006, 15.178147316, 0.880200147629, 4.29729270935, 39.6635475159, 71.1887054443, 19.3276138306, -11.6349067688, -4.39779090881], [0.308141946793, 29.2810115814, 2.08065605164, 4.14341402054, 10.8476343155, -2.40119314194, -3.64927148819, -4.9134054184, 9.87837982178, 19.3276138306, 30.0092163086, 12.321723938, -4.65705537796], [26.3572845459, -3.06228017807, -19.1030387878, -4.16973686218, 1.6307104826, 8.58422756195, 6.86676692963, 3.96739935875, -5.86815595627, -11.6349067688, 12.321723938, 47.5284423828, 16.1587905884], [28.0839042664, 8.85906887054, -23.8964920044, -10.3997554779, 4.6300110817, 7.92432975769, 15.9631595612, 0.896362304688, -4.23308372498, -4.39779090881, -4.65705537796, 16.1587905884, 31.5611286163]],
        "icov": [[0.00694997701794, -0.0061750439927, 0.0106094349176, -0.0109702162445, 0.00639824941754, -0.0102444607764, 0.00463033700362, -0.00563496770337, 0.00586836738512, 0.00122903520241, -0.000305237685097, 0.00178411975503, -0.000581359083299], [-0.0061750439927, 0.0194168332964, -0.0173208341002, 0.0165977533907, -0.0135087100789, 0.0225651077926, -0.0123086776584, 0.0176347158849, -0.0203708074987, 0.00248286733404, -0.00760890450329, -0.00119540491141, -0.00845695100725], [0.0106094349176, -0.0173208341002, 0.0252860765904, -0.0213627759367, 0.0179132129997, -0.024065181613, 0.0129821952432, -0.0151555184275, 0.0163447335362, 0.000174329601577, 0.00234216428362, 0.00406723935157, 0.00528575060889], [-0.0109702162445, 0.0165977533907, -0.0213627759367, 0.037095323205, -0.017223097384, 0.0205249916762, -0.0153942480683, 0.0107965078205, -0.0171932056546, 0.00306303496473, -0.00756397563964, -0.000492777733598, 0.00326095707715], [0.00639824941754, -0.0135087100789, 0.0179132129997, -0.017223097384, 0.0278230234981, -0.0215168241411, 0.00791742093861, -0.00895639881492, 0.0117439059541, -0.00476644607261, 0.00043001800077, 0.0029502203688, 0.00302087049931], [-0.0102444607764, 0.0225651077926, -0.024065181613, 0.0205249916762, -0.0215168241411, 0.0460506603122, -0.012899688445, 0.0109992902726, -0.0240014046431, -0.00167969183531, -0.00143292394932, -0.00657676812261, -0.0111670419574], [0.00463033700362, -0.0123086776584, 0.0129821952432, -0.0153942480683, 0.00791742093861, -0.012899688445, 0.0377466790378, -0.0228063929826, 0.00706331664696, 0.00260886736214, 0.00241885986179, 0.0042434418574, -0.0127797434106], [-0.00563496770337, 0.0176347158849, -0.0151555184275, 0.0107965078205, -0.00895639881492, 0.0109992902726, -0.0228063929826, 0.0501312837005, -0.0209445301443, -0.000387932668673, 0.00253802281804, -0.00753129972145, 0.00217752042226], [0.00586836738512, -0.0203708074987, 0.0163447335362, -0.0171932056546, 0.0117439059541, -0.0240014046431, 0.00706331664696, -0.0209445301443, 0.0503204725683, -0.0180467776954, 0.00984608661383, -0.000530067307409, 0.0144906695932], [0.00122903520241, 0.00248286733404, 0.000174329601577, 0.00306303496473, -0.00476644607261, -0.00167969183531, 0.00260886736214, -0.000387932668673, -0.0180467776954, 0.0344549901783, -0.0256754662842, 0.0164244156331, -0.0106538850814], [-0.000305237685097, -0.00760890450329, 0.00234216428362, -0.00756397563964, 0.00043001800077, -0.00143292394932, 0.00241885986179, 0.00253802281804, 0.00984608661383, -0.0256754662842, 0.0731299966574, -0.033325612545, 0.0262854490429], [0.00178411975503, -0.00119540491141, 0.00406723935157, -0.000492777733598, 0.0029502203688, -0.00657676812261, 0.0042434418574, -0.00753129972145, -0.000530067307409, 0.0164244156331, -0.033325612545, 0.0434135012329, -0.0239756796509], [-0.000581359083299, -0.00845695100725, 0.00528575060889, 0.00326095707715, 0.00302087049931, -0.0111670419574, -0.0127797434106, 0.00217752042226, 0.0144906695932, -0.0106538850814, 0.0262854490429, -0.0239756796509, 0.0650276765227]]
    },
    "melbands": {
        "dmean": [0.000499254558235, 0.000329768285155, 0.000283455447061, 0.00145288405474, 0.000189214522834, 6.33805684629e-05, 2.86633912765e-05, 3.05398352793e-05, 2.96481030091e-05, 9.82559286058e-05, 3.88568769267e-05, 2.8606307751e-05, 4.74792723253e-05, 6.84274345986e-05, 2.46019244514e-05, 2.8788786949e-05, 0.000116803152196, 7.81078924774e-05, 3.6028384784e-05, 5.0932612794e-05, 8.96392884897e-05, 4.24494392064e-05, 1.6885178411e-05, 9.38901666814e-06, 1.8734643163e-05, 1.10477603812e-05, 1.95453594642e-06, 2.07245489037e-06, 7.23946641301e-07, 8.47930039072e-07, 3.9147306552e-07, 1.64969364391e-07, 9.62637898283e-08, 7.38946610568e-08, 7.95741641468e-08, 3.73598005865e-08, 1.28276642641e-08, 4.71601824259e-09, 3.63168273232e-09, 3.50138007477e-09],
        "dmean2": [0.000800403300673, 0.000534271239303, 0.000454344786704, 0.0025636581704, 0.000327959802235, 9.4791452284e-05, 5.30460201844e-05, 4.84460761072e-05, 4.72593710583e-05, 0.000144182049553, 7.25359059288e-05, 4.59630064142e-05, 7.02580946381e-05, 0.000118897900393, 4.24142453994e-05, 4.99104062328e-05, 0.000168980521266, 0.000110683969979, 5.11929683853e-05, 7.27623410057e-05, 0.000131147666252, 6.03151311225e-05, 2.81329375866e-05, 1.41113641803e-05, 3.35603435815e-05, 2.02175197046e-05, 3.04924583361e-06, 3.57426301889e-06, 1.16357500701e-06, 1.37790095778e-06, 6.46891180622e-07, 2.62856673316e-07, 1.56371669391e-07, 1.35496449616e-07, 1.41974567214e-07, 6.55739285094e-08, 2.24574652208e-08, 7.53095630301e-09, 5.79056402827e-09, 6.16082607152e-09],
        "dvar": [2.70373192279e-07, 1.36686551855e-07, 2.74596629879e-07, 1.88699618775e-06, 4.19869543578e-08, 3.28714548914e-08, 9.98379157124e-10, 3.51294282552e-09, 9.53334522436e-10, 9.13010378412e-09, 2.17879825293e-09, 1.34824174047e-09, 7.09508407581e-09, 1.48389958099e-08, 2.63344901441e-09, 7.93741516958e-09, 6.04543259897e-08, 7.94191468145e-09, 1.69965430619e-09, 4.29563726811e-08, 2.25757688099e-07, 5.45621468007e-08, 1.241515446e-09, 1.84058462915e-10, 2.00056362587e-08, 6.71707134359e-09, 5.30453424241e-11, 1.34502950444e-10, 8.4676736109e-12, 1.06148432058e-11, 2.74279297191e-12, 3.20821765421e-13, 1.67447083759e-13, 2.23221726612e-14, 1.10150214281e-14, 1.82799810885e-15, 7.21711722791e-16, 3.60137498047e-17, 1.98304160694e-17, 7.01497466793e-17],
        "dvar2": [5.94101038587e-07, 3.21117454405e-07, 7.84714814017e-07, 6.0886927713e-06, 1.11887217713e-07, 5.61168072011e-08, 3.27497962083e-09, 7.98688404302e-09, 2.35190555919e-09, 2.22122551463e-08, 7.53374074236e-09, 3.08329362042e-09, 1.51441064133e-08, 4.20431369719e-08, 7.25366877674e-09, 1.89723206034e-08, 1.16489800916e-07, 1.62054067943e-08, 3.56520835076e-09, 1.03069069723e-07, 5.50968536572e-07, 1.18148776096e-07, 3.49192785798e-09, 5.43328548819e-10, 5.80068011402e-08, 1.96352463178e-08, 1.33323602158e-10, 3.70707575748e-10, 2.04837032752e-11, 2.73152559599e-11, 7.30652777864e-12, 7.35238204954e-13, 3.34516133326e-13, 6.67837841777e-14, 3.34297476853e-14, 5.68226292842e-15, 1.94963161656e-15, 7.59886888918e-17, 4.46097974954e-17, 1.94342127687e-16],
        "max": [0.00591623550281, 0.00250450288877, 0.00617923308164, 0.00967055279762, 0.00244852458127, 0.00259125395678, 0.000286918511847, 0.000946633052081, 0.000395626964746, 0.00120025954675, 0.000333806121489, 0.000463045522338, 0.00108255411033, 0.0012744248379, 0.000600088387728, 0.00111211580224, 0.00282998359762, 0.00155465956777, 0.000614864518866, 0.00263254647143, 0.00623186677694, 0.0031992199365, 0.000367035070667, 0.000110895140097, 0.00148762401659, 0.000866818241775, 8.84889086592e-05, 0.000129418855067, 3.46223532688e-05, 4.00532153435e-05, 1.99050209631e-05, 7.40674158806e-06, 5.20899766343e-06, 1.48153253576e-06, 8.64668947997e-07, 2.75793894389e-07, 3.12748142051e-07, 5.59611343931e-08, 4.07904892086e-08, 9.46117424405e-08],
        "mean": [0.000740653485991, 0.000536362349521, 0.00056793470867, 0.00213889405131, 0.000349179579644, 0.000126112994622, 6.57367345411e-05, 7.12592591299e-05, 8.80864245119e-05, 0.000243256436079, 6.69986402499e-05, 8.79068975337e-05, 0.000142783683259, 0.000147805461893, 6.82354002493e-05, 3.72906179109e-05, 0.000397914234782, 0.000321539962897, 0.00012635247549, 0.000161346091772, 0.000209588004509, 5.5476622947e-05, 2.45636074396e-05, 2.30932873819e-05, 1.79916769412e-05, 1.16588307719e-05, 3.34788796863e-06, 2.61587638306e-06, 1.3214307728e-06, 1.8635385004e-06, 8.50099070249e-07, 3.05748699247e-07, 1.59459574434e-07, 1.10666782405e-07, 1.21208572068e-07, 6.42355999503e-08, 2.25806999765e-08, 1.27296022612e-08, 1.11181623907e-08, 8.8624485528e-09],
        "median": [0.000495489221066, 0.000384387327358, 0.000422223936766, 0.00180787337013, 0.000212706174352, 6.53482638882e-05, 4.99389534525e-05, 4.11223445553e-05, 7.32022381271e-05, 0.000202017617994, 5.55938240723e-05, 5.34054852324e-05, 7.84077710705e-05, 5.4468811868e-05, 2.85880887532e-05, 2.05382348213e-05, 0.000258145970292, 0.000230680991081, 8.214936679e-05, 4.68490470666e-05, 7.52163323341e-05, 1.62248234119e-05, 1.33339581225e-05, 1.3780106201e-05, 5.97521693635e-06, 4.11871815231e-06, 2.28671274272e-06, 1.26122586153e-06, 8.24134758659e-07, 1.17990214221e-06, 5.52954873001e-07, 1.88252670341e-07, 1.01952281284e-07, 8.17983405454e-08, 9.75424612193e-08, 5.21576914991e-08, 1.84172161966e-08, 9.85956738475e-09, 8.11330025385e-09, 7.089619114e-09],
        "min": [1.68416772794e-06, 5.14187922818e-06, 1.6000798496e-05, 2.93732482533e-05, 1.47576392919e-05, 6.77347816236e-06, 1.75847185346e-06, 4.15089544958e-07, 5.73243426061e-07, 5.80965775043e-07, 7.56229667331e-07, 1.32408922582e-06, 1.27474197598e-06, 1.66043514582e-06, 6.1635222437e-07, 6.20043920208e-07, 1.08985261704e-06, 9.4197969247e-07, 1.10750340809e-06, 5.38846791187e-07, 1.43896522786e-06, 7.00662667441e-07, 3.24404197727e-07, 9.41638660379e-08, 2.2626564089e-07, 8.4483033902e-08, 4.42629684017e-08, 2.86564745267e-08, 5.93764539758e-08, 2.24989342712e-08, 1.32902133743e-08, 4.6383137331e-09, 3.75933284502e-09, 3.161426676e-09, 7.84502129925e-10, 6.51605436275e-10, 6.15384632141e-10, 5.3948312484e-10, 2.35983649288e-10, 2.54158666335e-10],
        "var": [6.67628683004e-07, 2.37062096176e-07, 3.96974314754e-07, 2.52765721598e-06, 1.24173652694e-07, 6.62781118876e-08, 2.7413835646e-09, 1.09126423453e-08, 3.64633989669e-09, 3.63602623565e-08, 2.42568631847e-09, 6.21189011341e-09, 2.81322165563e-08, 4.00575004278e-08, 7.52253903613e-09, 8.39887270843e-09, 1.87516249639e-07, 9.35528490231e-08, 1.41372424878e-08, 6.63265353751e-08, 2.325725319e-07, 6.12894126562e-08, 1.34972111265e-09, 5.53771695166e-10, 1.1172857306e-08, 3.76814890402e-09, 4.36690995864e-11, 8.62720658801e-11, 7.24793142171e-12, 9.83815372918e-12, 2.20664350507e-12, 3.48982209233e-13, 1.9127998881e-13, 1.56111340082e-14, 1.12978364118e-14, 2.45150837869e-15, 6.11544817726e-16, 9.92793156145e-17, 7.39188646235e-17, 6.69069207454e-17]
    },
    "mfcc": {
        "mean": [-648.08416748, 172.37512207, -60.2626800537, 29.1488609314, 14.3911142349, 17.2457237244, -5.66536140442, 2.32922768593, 5.39320850372, 4.38359165192, -8.13268566132, -10.0588874817, -11.7075519562],
        "cov": [[845.437988281, -253.520950317, -321.326141357, 13.6676588058, 4.85058307648, 54.3346824646, 42.1320915222, 80.2915039062, 62.256942749, -22.6767024994, -20.0536079407, 64.1528396606, 60.6585006714], [-253.520950317, 387.93081665, 92.660949707, 1.4844468832, -1.8893020153, -7.23325681686, -34.6938247681, -90.4530334473, -8.40638160706, -44.4295501709, 14.0614070892, 38.0733642578, 12.551197052], [-321.326141357, 92.660949707, 289.069458008, 21.2480812073, -13.8755159378, -17.6489181519, -18.8510093689, 1.76508235931, -50.3272247314, 44.2028503418, 16.815071106, -53.0255088806, -50.7496566772], [13.6676588058, 1.4844468832, 21.2480812073, 80.5090789795, 7.31803226471, -6.38712024689, 6.27512741089, 1.2439031601, -6.10608100891, 16.4443912506, 24.7422657013, -13.5048532486, -14.9936647415], [4.85058307648, -1.8893020153, -13.8755159378, 7.31803226471, 72.7663116455, 27.5379009247, -1.32546246052, -4.83001327515, 10.5859298706, 13.7100334167, 33.7630500793, 13.9616889954, -1.81320714951], [54.3346824646, -7.23325681686, -17.6489181519, -6.38712024689, 27.5379009247, 53.7205123901, 6.97909164429, 1.75188565254, 19.9520893097, 12.0134248734, 9.47929477692, 20.9784221649, 15.6985311508], [42.1320915222, -34.6938247681, -18.8510093689, 6.27512741089, -1.32546246052, 6.97909164429, 42.1007575989, 18.0275993347, 12.5587453842, 3.00003170967, -6.71689033508, -7.95879840851, 6.09437847137], [80.2915039062, -90.4530334473, 1.76508235931, 1.2439031601, -4.83001327515, 1.75188565254, 18.0275993347, 79.0355987549, 8.80181980133, 0.251762926579, -15.896736145, -2.45524668694, 1.36621308327], [62.256942749, -8.40638160706, -50.3272247314, -6.10608100891, 10.5859298706, 19.9520893097, 12.5587453842, 8.80181980133, 72.8148117065, 12.2289876938, 1.30868029594, 26.1273117065, 16.8237400055], [-22.6767024994, -44.4295501709, 44.2028503418, 16.4443912506, 13.7100334167, 12.0134248734, 3.00003170967, 0.251762926579, 12.2289876938, 82.0004425049, 37.2310752869, -32.4456939697, -21.4577655792], [-20.0536079407, 14.0614070892, 16.815071106, 24.7422657013, 33.7630500793, 9.47929477692, -6.71689033508, -15.896736145, 1.30868029594, 37.2310752869, 73.0702590942, 9.38018512726, -16.9862308502], [64.1528396606, 38.0733642578, -53.0255088806, -13.5048532486, 13.9616889954, 20.9784221649, -7.95879840851, -2.45524668694, 26.1273117065, -32.4456939697, 9.38018512726, 84.386756897, 35.8690834045], [60.6585006714, 12.551197052, -50.7496566772, -14.9936647415, -1.81320714951, 15.6985311508, 6.09437847137, 1.36621308327, 16.8237400055, -21.4577655792, -16.9862308502, 35.8690834045, 57.4739685059]],
