{
"lowlevel": {
    "average_loudness": 0.980980396271,
    "barkbands_crest": {
        "dmean": 1.58131504059,
        "dmean2": 2.61120986938,
        "dvar": 2.1524772644,
        "dvar2": 5.57038021088,
        "max": 17.2976741791,
        "mean": 10.0152854919,
        "median": 10.0558614731,
        "min": 6.25326108932,
        "var": 3.78144311905
    },
    "barkbands_flatness_db": {
        "dmean": 0.0152908824384,
        "dmean2": 0.0241665840149,
        "dvar": 0.000251165853115,
        "dvar2": 0.000513147911988,
        "max": 0.271062642336,
        "mean": 0.226359203458,
        "median": 0.229543939233,
        "min": 0.172966629267,
        "var": 0.00061623781221
    },
    "barkbands_kurtosis": {
        "dmean": 1.47743916512,
        "dmean2": 2.25101089478,
        "dvar": 2.25208520889,
        "dvar2": 6.23559761047,
        "max": 13.3115997314,
        "mean": 6.42971563339,
        "median": 6.51884937286,
        "min": 2.35334730148,
        "var": 3.59243345261
    },
    "barkbands_skewness": {
        "dmean": 0.222417339683,
        "dmean2": 0.340423226357,
        "dvar": 0.0579376257956,
        "dvar2": 0.157604157925,
        "max": 3.1585226059,
        "mean": 1.8898627758,
        "median": 1.88719248772,
        "min": 1.18445491791,
        "var": 0.0829376280308
    },
    "barkbands_spread": {
        "dmean": 1.08794772625,
        "dmean2": 1.72722458839,
        "dvar": 1.23750758171,
        "dvar2": 3.3982591629,
        "max": 12.3823080063,
        "mean": 8.189494133,
        "median": 7.94338274002,
        "min": 4.4292807579,
        "var": 1.99657511711
    },
    "dissonance": {
        "dmean": 0.0297327209264,
        "dmean2": 0.0508255772293,
        "dvar": 0.000872133648954,
        "dvar2": 0.00181020377204,
        "max": 0.475669413805,
        "mean": 0.420784026384,
        "median": 0.424725204706,
        "min": 0.208375662565,
        "var": 0.00113618699834
    },
    "dynamic_complexity": 1.11093151569,
    "erbbands_crest": {
        "dmean": 2.39648127556,
        "dmean2": 3.71482133865,
        "dvar": 6.72425937653,
        "dvar2": 16.2443752289,
        "max": 26.3356075287,
        "mean": 19.9237709045,
        "median": 21.2428779602,
        "min": 4.82909727097,
        "var": 15.2327470779
    },
    "erbbands_flatness_db": {
        "dmean": 0.0112362103537,
        "dmean2": 0.0173975285143,
        "dvar": 0.000111515932076,
        "dvar2": 0.000254882179433,
        "max": 0.261177748442,
        "mean": 0.220585808158,
        "median": 0.222864851356,
        "min": 0.182223722339,
        "var": 0.000376281532226
    },
    "erbbands_kurtosis": {
        "dmean": 0.405210763216,
        "dmean2": 0.632797122002,
        "dvar": 0.251318216324,
        "dvar2": 0.675818324089,
        "max": 4.14615106583,
        "mean": -0.291890949011,
        "median": -0.389461040497,
        "min": -1.32387053967,
        "var": 0.491579264402
    },
    "erbbands_skewness": {
        "dmean": 0.207839772105,
        "dmean2": 0.31381765008,
        "dvar": 0.0364291109145,
        "dvar2": 0.103397026658,
        "max": 2.27677750587,
        "mean": 1.0207785368,
        "median": 1.0638743639,
        "min": 0.26491433382,
        "var": 0.0982543155551
    },
    "erbbands_spread": {
        "dmean": 2.37222409248,
        "dmean2": 3.77845215797,
        "dvar": 6.01111936569,
        "dvar2": 16.7531890869,
        "max": 40.0623435974,
        "mean": 30.8669376373,
        "median": 31.0414161682,
        "min": 18.0205097198,
        "var": 13.772028923
    },
    "hfc": {
        "dmean": 2.3312497139,
        "dmean2": 3.38383150101,
        "dvar": 3.72182559967,
        "dvar2": 9.32325172424,
        "max": 23.8958683014,
        "mean": 13.2438249588,
        "median": 12.3475084305,
        "min": 4.63415431976,
        "var": 21.7864646912
    },
    "melbands_crest": {
        "dmean": 3.96951532364,
        "dmean2": 6.37854528427,
        "dvar": 11.6160392761,
        "dvar2": 29.0558128357,
        "max": 32.5819664001,
        "mean": 22.3385486603,
        "median": 22.4308757782,
        "min": 10.8479862213,
        "var": 34.0300178528
    },
    "melbands_flatness_db": {
        "dmean": 0.0166955217719,
        "dmean2": 0.0261387322098,
        "dvar": 0.000301828637021,
        "dvar2": 0.000687096326146,
        "max": 0.394499838352,
        "mean": 0.340395718813,
        "median": 0.34509152174,
        "min": 0.288067698479,
        "var": 0.000523583497852
    },
    "melbands_kurtosis": {
        "dmean": 4.29618024826,
        "dmean2": 6.71550607681,
        "dvar": 12.0582466125,
        "dvar2": 29.5779628754,
        "max": 36.0782051086,
        "mean": 17.1631698608,
        "median": 16.5668983459,
        "min": 6.39045524597,
        "var": 37.3716316223
    },
    "melbands_skewness": {
        "dmean": 0.496859103441,
        "dmean2": 0.800298333168,
        "dvar": 0.17244745791,
        "dvar2": 0.398055672646,
        "max": 5.57194709778,
        "mean": 3.18284463882,
        "median": 2.98289489746,
        "min": 1.95629274845,
        "var": 0.546155631542
    },
    "melbands_spread": {
        "dmean": 1.19187247753,
        "dmean2": 1.84578847885,
        "dvar": 1.26476848125,
        "dvar2": 3.38086056709,
        "max": 11.3952312469,
        "mean": 7.00167608261,
        "median": 6.6971077919,
        "min": 3.996124506,
        "var": 2.29673957825
    },
    "pitch_salience": {
        "dmean": 0.0624171122909,
        "dmean2": 0.104546114802,
        "dvar": 0.00348913297057,
        "dvar2": 0.008894354105,
        "max": 0.708970963955,
        "mean": 0.408288776875,
        "median": 0.40427300334,
        "min": 0.28078520298,
        "var": 0.00852189771831
    },
    "silence_rate_20dB": {
        "dmean": 0,
        "dmean2": 0,
        "dvar": 0,
        "dvar2": 0,
        "max": 1,
        "mean": 1,
        "median": 1,
        "min": 1,
        "var": 0
    },
    "silence_rate_30dB": {
        "dmean": 0,
        "dmean2": 0,
        "dvar": 0,
        "dvar2": 0,
        "max": 1,
        "mean": 1,
        "median": 1,
        "min": 1,
        "var": 0
    },
    "silence_rate_60dB": {
        "dmean": 0,
        "dmean2": 0,
        "dvar": 0,
        "dvar2": 0,
        "max": 0,
        "mean": 0,
        "median": 0,
        "min": 0,
        "var": 0
    },
    "spectral_centroid": {
        "dmean": 33.205406189,
        "dmean2": 55.1215248108,
        "dvar": 1422.64465332,
        "dvar2": 3917.18530273,
        "max": 615.991943359,
        "mean": 478.722473145,
        "median": 470.321990967,
        "min": 376.508575439,
        "var": 1945.37805176
    },
    "spectral_complexity": {
        "dmean": 1.71818184853,
        "dmean2": 2.80733942986,
        "dvar": 2.52966833115,
        "dvar2": 6.04545116425,
        "max": 19,
        "mean": 10.7477474213,
        "median": 10,
        "min": 7,
        "var": 6.42285633087
    },
    "spectral_decrease": {
        "dmean": 2.08260719781e-09,
        "dmean2": 3.31369731654e-09,
        "dvar": 3.16196261837e-18,
        "dvar2": 7.75475124106e-18,
        "max": -3.71009933886e-09,
        "mean": -1.08242321772e-08,
        "median": -1.10677182974e-08,
        "min": -1.68855365246e-08,
        "var": 9.315100908e-18
    },
    "spectral_energy": {
        "dmean": 0.00804176460952,
        "dmean2": 0.0127508807927,
        "dvar": 4.65536249976e-05,
        "dvar2": 0.000114668117021,
        "max": 0.0658383592963,
        "mean": 0.0420543812215,
        "median": 0.0429014340043,
        "min": 0.0144728599116,
        "var": 0.000141514610732
    },
    "spectral_energyband_high": {
        "dmean": 4.28859038948e-06,
        "dmean2": 6.15072713117e-06,
        "dvar": 1.39352843501e-11,
        "dvar2": 2.56414420946e-11,
        "max": 6.04247434239e-05,
        "mean": 2.59125572484e-05,
        "median": 2.31006233662e-05,
        "min": 7.88978286437e-06,
        "var": 1.2635399671e-10
    },
    "spectral_energyband_low": {
        "dmean": 0.0057571940124,
        "dmean2": 0.00911827664822,
        "dvar": 3.52882343577e-05,
        "dvar2": 8.86100460775e-05,
        "max": 0.0338087491691,
        "mean": 0.00968961324543,
        "median": 0.00673990510404,
        "min": 0.00144571182318,
        "var": 5.36025399924e-05
    },
    "spectral_energyband_middle_high": {
        "dmean": 0.000557656225283,
        "dmean2": 0.000837587111164,
        "dvar": 2.47211715987e-07,
        "dvar2": 5.47643367099e-07,
        "max": 0.00534105999395,
        "mean": 0.00257558119483,
        "median": 0.00240920227952,
        "min": 0.000899918668438,
        "var": 1.11727410967e-06
    },
    "spectral_energyband_middle_low": {
        "dmean": 0.00573437707499,
        "dmean2": 0.00851703155786,
        "dvar": 2.59391727013e-05,
        "dvar2": 6.61193480482e-05,
        "max": 0.0555469430983,
        "mean": 0.0275662727654,
        "median": 0.0247171446681,
        "min": 0.00844484753907,
        "var": 0.000136286544148
    },
    "spectral_entropy": {
        "dmean": 0.179745137691,
        "dmean2": 0.277508914471,
        "dvar": 0.0568323247135,
        "dvar2": 0.10476706177,
        "max": 7.58024835587,
        "mean": 6.07929801941,
        "median": 6.02230978012,
        "min": 5.53759527206,
        "var": 0.124527782202
    },
    "spectral_flux": {
        "dmean": 0.0265782959759,
        "dmean2": 0.0435348153114,
        "dvar": 0.000478340691188,
        "dvar2": 0.00102467881516,
        "max": 0.176594033837,
        "mean": 0.0653834268451,
        "median": 0.0588844269514,
        "min": 0.0150964520872,
        "var": 0.00097842363175
    },
    "spectral_kurtosis": {
        "dmean": 4.45133399963,
        "dmean2": 8.35342979431,
        "dvar": 10.3189945221,
        "dvar2": 33.6022911072,
        "max": 29.3625106812,
        "mean": 17.3766021729,
        "median": 16.6564788818,
        "min": 8.04093074799,
        "var": 16.9570465088
    },
    "spectral_rms": {
        "dmean": 0.000632808019873,
        "dmean2": 0.00099106261041,
        "dvar": 2.96515935361e-07,
        "dvar2": 7.07322612925e-07,
        "max": 0.00801452063024,
        "mean": 0.00633526453748,
        "median": 0.00646954867989,
        "min": 0.00375764071941,
        "var": 8.93090430054e-07
    },
    "spectral_rolloff": {
        "dmean": 22.7077407837,
        "dmean2": 41.8810920715,
        "dvar": 3623.74780273,
        "dvar2": 9799.65820312,
        "max": 645.99609375,
        "mean": 315.238311768,
        "median": 301.46484375,
        "min": 279.931640625,
        "var": 2454.51269531
    },
    "spectral_skewness": {
        "dmean": 0.370093613863,
        "dmean2": 0.709987521172,
        "dvar": 0.0716044232249,
        "dvar2": 0.23000960052,
        "max": 3.96195578575,
        "mean": 3.08143472672,
        "median": 3.01727128029,
        "min": 2.42168140411,
        "var": 0.116484537721
    },
    "spectral_spread": {
        "dmean": 379450.53125,
        "dmean2": 569625.4375,
        "dvar": 1.57859302605e+12,
        "dvar2": 1.59665710694e+12,
        "max": 16303894,
        "mean": 3043495.75,
        "median": 2977862.75,
        "min": 1912319.125,
        "var": 1.74651722957e+12
    },
    "spectral_strongpeak": {
        "dmean": 0.38803422451,
        "dmean2": 0.645068943501,
        "dvar": 0.200131654739,
        "dvar2": 0.440394490957,
        "max": 2.67613601685,
        "mean": 1.62243819237,
        "median": 1.71029174328,
        "min": 0.14000685513,
        "var": 0.466029673815
    },
    "zerocrossingrate": {
        "dmean": 0.00255237915553,
        "dmean2": 0.00313127157278,
        "dvar": 4.63251353722e-06,
        "dvar2": 7.3372125371e-06,
        "max": 0.02978515625,
        "mean": 0.021123662591,
        "median": 0.02099609375,
        "min": 0.01025390625,
        "var": 1.44370478665e-05
    },
    "barkbands": {
        "dmean": [0.000678119948134, 0.00428668130189, 0.00223891041242, 0.000349251524312, 0.00248994329013, 0.00353951123543, 0.000178876405698, 0.00011124372395, 0.000221008158405, 0.000257402192801, 7.73854626459e-05, 3.66955828213e-05, 0.000164746423252, 3.62594619219e-05, 1.5795829313e-05, 0.000121000382933, 4.30695617979e-05, 1.44483628901e-05, 1.20399645311e-05, 2.76305104308e-06, 1.23539803099e-06, 5.30061356585e-07, 5.42748580301e-07, 3.34873703878e-07, 3.60551467793e-07, 4.39412872311e-07, 8.24561993795e-07],
        "dmean2": [0.00102403003257, 0.00656696502119, 0.00373776699416, 0.000581670377869, 0.00376588711515, 0.00530847394839, 0.000328885624185, 0.000199527421501, 0.000389227148844, 0.000441768701421, 0.00013041064085, 6.4562605985e-05, 0.000198741792701, 5.02673174196e-05, 2.63598085439e-05, 0.000159680319484, 5.42134439456e-05, 1.7993257643e-05, 1.62388969329e-05, 3.6331971387e-06, 1.74142519427e-06, 8.45390388804e-07, 9.03151715193e-07, 5.28101736563e-07, 5.70852080273e-07, 7.00641919593e-07, 1.26959378122e-06],
        "dvar": [4.08133189467e-07, 2.11235073948e-05, 7.05478441887e-06, 1.92892073869e-07, 4.16164675698e-06, 1.07531741378e-05, 1.2352067813e-07, 4.14954186567e-08, 2.49525925256e-07, 5.67660691786e-08, 2.50246738887e-08, 3.87663723345e-09, 2.08220392039e-08, 1.06041320169e-09, 6.16631856687e-10, 1.22744117093e-08, 1.37893263474e-09, 1.80793297e-10, 1.13994730322e-10, 7.00753734553e-12, 1.04218424255e-12, 2.20481578416e-13, 3.49155844211e-13, 8.76345504952e-14, 1.4374063734e-13, 1.43361722233e-13, 5.11739793336e-13],
        "dvar2": [1.02707804217e-06, 5.041111217e-05, 1.89189468074e-05, 4.48329416258e-07, 9.88911233435e-06, 2.79973319266e-05, 3.44366299032e-07, 1.06936369093e-07, 6.88153875217e-07, 1.47852162513e-07, 6.43437729764e-08, 1.06588950999e-08, 3.43966455318e-08, 2.14829043443e-09, 1.85093851357e-09, 2.1010468032e-08, 3.01302249817e-09, 3.47847056714e-10, 2.09045988853e-10, 1.00477586321e-11, 2.25819363209e-12, 4.97691514736e-13, 8.46345996758e-13, 2.34450263023e-13, 3.88727299048e-13, 3.12259712445e-13, 1.19357171716e-12],
        "max": [0.00716355256736, 0.0301699601114, 0.0155502622947, 0.00255148112774, 0.0249179676175, 0.0306957829744, 0.00268465210684, 0.00126855517738, 0.00373031245545, 0.00190560694318, 0.00096079078503, 0.00039212097181, 0.00158346514218, 0.000254862068687, 0.000209283651202, 0.00166548800189, 0.000535737141035, 0.000127178194816, 0.00014520487457, 2.90555271931e-05, 1.26409240693e-05, 5.2353875617e-06, 6.5568701757e-06, 3.44945374309e-06, 4.24551035394e-06, 5.36333982382e-06, 8.74133820616e-06],
        "mean": [0.00329496408813, 0.00612634466961, 0.0024780521635, 0.000384964456316, 0.012199443765, 0.0143600162119, 0.000206053256989, 0.000163817909197, 0.00021767031285, 0.000672955997288, 7.62957861298e-05, 4.35624970123e-05, 0.000678448413964, 0.000100658100564, 4.7424568038e-05, 0.000663599872496, 0.000221641370445, 4.16787952418e-05, 4.74157750432e-05, 1.05662102214e-05, 5.25279619978e-06, 2.27509076467e-06, 1.96921769202e-06, 1.28174349356e-06, 1.57110184773e-06, 2.16092416849e-06, 4.12480767409e-06],
        "median": [0.00299491547048, 0.00446827337146, 0.00169908301905, 0.000175767781911, 0.0112856170163, 0.0131646934897, 8.2231250417e-05, 5.81862987019e-05, 3.4714841604e-05, 0.00059568049619, 1.50126561493e-05, 2.56947423622e-05, 0.000656068208627, 8.68875576998e-05, 3.81055942853e-05, 0.000587784394156, 0.000206598429941, 3.46598826582e-05, 4.42707969341e-05, 9.44420298765e-06, 4.90691400046e-06, 2.06828917726e-06, 1.74658146079e-06, 1.18723505693e-06, 1.40709312291e-06, 1.86142221992e-06, 3.78235063181e-06],
        "min": [0.000824835384265, 5.88063376199e-05, 4.43340359197e-05, 6.14433884039e-06, 0.00290652480908, 0.00266016321257, 2.51955884778e-06, 5.55087308385e-06, 6.01470901529e-07, 0.000122309691506, 4.80590415464e-07, 5.4076217566e-06, 0.00017793814186, 1.27333032651e-05, 8.20432887849e-06, 0.000205073010875, 4.70161976409e-05, 4.27476743425e-06, 1.01818250187e-05, 1.69847112375e-06, 1.36885205393e-06, 6.20365995019e-07, 5.18523108894e-07, 4.00183239435e-07, 4.3925822979e-07, 6.59881834508e-07, 1.42367628087e-06],
        "var": [2.08057940654e-06, 3.28598362103e-05, 8.21222238301e-06, 2.6240050488e-07, 2.87559487333e-05, 4.80557901028e-05, 1.28371368646e-07, 6.07969283806e-08, 2.33584472653e-07, 1.16326937416e-07, 2.61905039878e-08, 3.06678948903e-09, 1.17331282468e-07, 3.42019190747e-09, 8.0593476337e-10, 1.0288919583e-07, 1.06561497404e-08, 8.24594337256e-10, 6.03541383537e-10, 3.35729118117e-11, 5.83056823308e-12, 1.26191819581e-12, 1.19040270263e-12, 3.76767193833e-13, 6.11870851295e-13, 1.08805401754e-12, 3.25068292596e-12]
    },
    "erbbands": {
        "dmean": [0.0941493287683, 1.10739791393, 2.70913767815, 1.70398592949, 1.27291631699, 5.39457130432, 53.2121124268, 7.96841526031, 2.96516919136, 2.60745477676, 2.39935302734, 5.11661720276, 4.28132343292, 8.18628501892, 2.79251766205, 1.20296049118, 3.13022685051, 6.82830858231, 1.13774216175, 5.67817974091, 2.57471942902, 1.62333846092, 0.90339410305, 0.661608695984, 0.460059344769, 0.168266654015, 0.0587350688875, 0.0447494536638, 0.0254479888827, 0.0206167511642, 0.0139914769679, 0.00764869246632, 0.00591513235122, 0.00417103618383, 0.00307570165023, 0.00169250345789, 0.00094998779241, 0.000460884068161, 0.000121650969959, 1.90304072021e-05],
        "dmean2": [0.156141847372, 1.70925724506, 4.64719009399, 2.81889081001, 2.29774165154, 8.72872924805, 79.5562210083, 12.7394132614, 5.3416724205, 4.57708215714, 4.43245887756, 9.00407791138, 7.18642950058, 13.5692243576, 4.89046478271, 2.0699660778, 4.00077056885, 8.02028179169, 1.79472374916, 7.67398834229, 3.48096680641, 1.98462450504, 1.37135541439, 0.86898547411, 0.65130251646, 0.226280599833, 0.0900333672762, 0.0586646832526, 0.0408968105912, 0.0343945026398, 0.0219944622368, 0.0126030296087, 0.00940945930779, 0.00676742428914, 0.004723447375, 0.00271343067288, 0.0015797392698, 0.000731833803002, 0.000187982645002, 2.82243927359e-05],
        "dvar": [0.0118652135134, 1.35803484917, 8.77221870422, 4.84150791168, 6.43455410004, 19.3874568939, 2305.01342773, 66.3365249634, 34.7333602905, 19.5082855225, 23.0233268738, 111.511238098, 48.3002281189, 55.1312637329, 27.36419487, 2.97631812096, 8.56535243988, 32.8211288452, 2.19788336754, 28.3315925598, 4.72710227966, 1.88296699524, 0.730838179588, 0.280345708132, 0.19480510056, 0.0269982051104, 0.00255869142711, 0.00119821610861, 0.000539613130968, 0.000386032828828, 0.000204338968615, 5.69986805203e-05, 2.7404697903e-05, 1.35069367388e-05, 8.53552046465e-06, 2.64818936557e-06, 6.79185347963e-07, 1.69833725749e-07, 8.73762928677e-09, 1.87399651352e-10],
        "dvar2": [0.0286390669644, 3.23444581032, 23.6287937164, 12.0378885269, 17.0423221588, 53.3778266907, 5018.70410156, 179.584533691, 100.030731201, 50.8694038391, 61.6128158569, 304.604827881, 118.039459229, 157.404769897, 68.8013839722, 8.10972976685, 17.4095039368, 54.4744720459, 6.57463121414, 46.9891204834, 9.90291786194, 4.091319561, 1.59990203381, 0.529572784901, 0.340379744768, 0.0370457731187, 0.00616483809426, 0.00258218869567, 0.00132263929117, 0.00100817787461, 0.000573150929995, 0.000158068171004, 7.75098014856e-05, 3.86264982808e-05, 2.23179849854e-05, 6.04818433203e-06, 1.59499836627e-06, 4.35849841551e-07, 2.18840909838e-08, 4.85289808339e-10],
        "max": [0.544347047806, 8.00071525574, 18.4013366699, 16.2873725891, 21.5627346039, 49.0640068054, 506.730987549, 66.7897796631, 45.24584198, 31.8326663971, 32.3504562378, 72.5923843384, 47.6228942871, 65.8202438354, 32.2863731384, 10.232008934, 28.6714324951, 64.7954330444, 13.0137681961, 79.6730117798, 31.6491718292, 20.1746826172, 9.46578502655, 6.23586082458, 5.89799356461, 1.80131721497, 0.616207480431, 0.408491283655, 0.23401376605, 0.205482631922, 0.160255223513, 0.07617700845, 0.0535470806062, 0.041289485991, 0.0341278165579, 0.021013148129, 0.00950019061565, 0.00437220791355, 0.00117773050442, 0.000219794645091],
        "mean": [0.101038560271, 1.6276512146, 3.48288488388, 1.87209427357, 1.91786277294, 24.8123817444, 237.678741455, 31.8937416077, 3.88222837448, 3.67529153824, 3.47743296623, 4.79628133774, 7.75319290161, 23.064786911, 3.31187176704, 1.86474466324, 12.6990537643, 27.3967533112, 4.41428804398, 31.3782024384, 14.1931247711, 7.65724134445, 4.77928686142, 2.27297234535, 1.98119771481, 0.645404100418, 0.265415489674, 0.162129372358, 0.0985189154744, 0.068893134594, 0.049585711211, 0.0295902024955, 0.0218763295561, 0.0162868592888, 0.0117711508647, 0.00758050242439, 0.00411687605083, 0.0019835641142, 0.000543150294106, 0.000109313659777],
        "median": [0.061660759151, 1.07362151146, 2.43609380722, 0.997403383255, 0.955717623234, 23.8260040283, 211.904144287, 29.8262310028, 2.1363697052, 1.27958679199, 1.30060255527, 0.767949461937, 5.0287771225, 20.6437339783, 1.60021805763, 1.34695494175, 12.3811445236, 26.8441047668, 3.79786968231, 27.8860816956, 12.5432662964, 6.93129014969, 4.29678964615, 2.08908987045, 1.71112644672, 0.555305123329, 0.240777164698, 0.150735229254, 0.0933228060603, 0.061703812331, 0.0422220826149, 0.026672443375, 0.019679190591, 0.0149382110685, 0.0103487465531, 0.00652197562158, 0.00363236735575, 0.00178018875886, 0.000487843237352, 0.000101169011032],
        "min": [0.00828277412802, 0.0131708523259, 0.0798674449325, 0.0565270967782, 0.356642663479, 5.85459327698, 24.7532558441, 7.3109960556, 1.0039960146, 0.165486231446, 0.142214849591, 0.120464898646, 1.90481114388, 4.30397129059, 0.565919160843, 0.426958411932, 3.48108482361, 6.76213932037, 1.1456682682, 10.3136367798, 4.68234157562, 1.66874158382, 1.46214270592, 0.38870665431, 0.463596731424, 0.112714231014, 0.0842001512647, 0.03876240924, 0.032562289387, 0.0185658168048, 0.0122224064544, 0.00862138066441, 0.00676067313179, 0.00441052066162, 0.00348283583298, 0.00242531229742, 0.00128931039944, 0.000565256807022, 0.000155381188961, 4.08097948821e-05],
        "var": [0.0125287920237, 2.21855306625, 11.3939056396, 5.37703227997, 7.2550201416, 101.908065796, 13294.3232422, 206.911865234, 30.0383834839, 28.768075943, 28.4261302948, 102.19871521, 59.7488861084, 137.502456665, 25.0813331604, 2.64487099648, 38.1975784302, 196.210891724, 4.8545460701, 229.467834473, 45.0125198364, 13.2930335999, 4.12252283096, 1.51249265671, 1.01594018936, 0.122857481241, 0.0140253109857, 0.00636145798489, 0.00235585658811, 0.00134600442834, 0.000831809418742, 0.000206136042834, 0.000111185167043, 6.19469719823e-05, 3.81197532988e-05, 1.50402747749e-05, 3.72007366423e-06, 8.04381897979e-07, 5.86693076343e-08, 1.48779111253e-09]
    },
    "gfcc": {
        "mean": [-37.1750297546, 132.557800293, -99.1460647583, 12.5993175507, -6.43867969513, -10.7833967209, -45.4032020569, -9.52298641205, -21.8436946869, -2.81823348999, -7.72300577164, 13.301615715, 10.6987085342],
        "cov": [[245.319000244, -47.0622673035, -58.3547363281, -55.8171310425, -42.2401695251, -6.49339532852, -9.93716526031, -11.5206079483, -19.167640686, -16.3756198883, -0.756193935871, 10.7911510468, 4.14732503891], [-47.0622673035, 339.075805664, 106.624717712, -53.9545593262, -45.4357337952, 32.5780677795, 136.104187012, 141.36656189, 95.6733322144, 19.0850009918, -49.0085906982, -117.995986938, -124.219352722], [-58.3547363281, 106.624717712, 83.4494476318, 47.5230560303, 33.2626686096, 24.5193519592, 39.1833457947, 42.9934196472, 32.5070343018, 9.28958702087, -10.0735626221, -30.5299663544, -27.4031219482], [-55.8171310425, -53.9545593262, 47.5230560303, 115.412620544, 90.9786987305, 23.8524169922, -24.2738723755, -31.4899082184, -13.9767274857, 1.23720908165, 17.906791687, 31.047252655, 41.4133224487], [-42.2401695251, -45.4357337952, 33.2626686096, 90.9786987305, 86.4267730713, 29.7309455872, -17.9336929321, -30.001367569, -17.5481510162, 0.721571624279, 17.4387493134, 29.5612297058, 37.0383338928], [-6.49339532852, 32.5780677795, 24.5193519592, 23.8524169922, 29.7309455872, 30.4018421173, 19.4523429871, 8.74590873718, 7.24409198761, 2.51995611191, 0.714429795742, -1.48945760727, -1.55444228649], [-9.93716526031, 136.104187012, 39.1833457947, -24.2738723755, -17.9336929321, 19.4523429871, 64.9311752319, 61.8478126526, 41.0116958618, 8.38712024689, -18.8332366943, -42.9982261658, -46.4150924683], [-11.5206079483, 141.36656189, 42.9934196472, -31.4899082184, -30.001367569, 8.74590873718, 61.8478126526, 74.415397644, 48.3665046692, 9.98850727081, -20.2063674927, -50.8989906311, -53.3167648315], [-19.167640686, 95.6733322144, 32.5070343018, -13.9767274857, -17.5481510162, 7.24409198761, 41.0116958618, 48.3665046692, 41.554271698, 13.7577171326, -10.8246803284, -32.445930481, -36.2945518494], [-16.3756198883, 19.0850009918, 9.28958702087, 1.23720908165, 0.721571624279, 2.51995611191, 8.38712024689, 9.98850727081, 13.7577171326, 14.8043603897, 5.63356208801, -2.18603157997, -5.5033698082], [-0.756193935871, -49.0085906982, -10.0735626221, 17.906791687, 17.4387493134, 0.714429795742, -18.8332366943, -20.2063674927, -10.8246803284, 5.63356208801, 21.8698749542, 27.5652122498, 25.6412715912], [10.7911510468, -117.995986938, -30.5299663544, 31.047252655, 29.5612297058, -1.48945760727, -42.9982261658, -50.8989906311, -32.445930481, -2.18603157997, 27.5652122498, 58.8388404846, 57.519947052], [4.14732503891, -124.219352722, -27.4031219482, 41.4133224487, 37.0383338928, -1.55444228649, -46.4150924683, -53.3167648315, -36.2945518494, -5.5033698082, 25.6412715912, 57.519947052, 67.9232788086]],
        "icov": [[0.00607507675886, 0.00130914908368, 0.00377499195747, -0.00295673380606, 0.00758226774633, -0.00916285347193, 0.00186236086302, -0.00549247674644, 0.00455149449408, 0.00417762622237, -0.0022128757555, -0.00137378810905, 0.00273530045524], [0.00130914908368, 0.0714697465301, -0.0614882074296, 0.0460844039917, -0.0171938706189, 0.010114309378, -0.0891780853271, 0.0331012904644, -0.0270979590714, 0.0187985897064, -0.0327003002167, 0.0563479997218, 0.00404145848006], [0.00377499195747, -0.0614882074296, 0.135233804584, -0.102413125336, 0.0298073738813, -0.0260875951499, 0.0768372789025, -0.0849286392331, 0.0446081459522, -0.0332096405327, 0.0411054566503, -0.0467507615685, 0.0185284018517], [-0.00295673380606, 0.0460844039917, -0.102413125336, 0.163783818483, -0.131385549903, 0.0617039725184, -0.0486020930111, 0.0794407427311, -0.103660933673, 0.0598058216274, -0.027528712526, 0.0401817634702, -0.0286961924285], [0.00758226774633, -0.0171938706189, 0.0298073738813, -0.131385549903, 0.189568251371, -0.118362933397, 0.0368174649775, -0.0419992655516, 0.105935268104, -0.0553972758353, -0.00368114956655, -0.00293586868793, 0.00233015883714], [-0.00916285347193, 0.010114309378, -0.0260875951499, 0.0617039725184, -0.118362933397, 0.167091220617, -0.104300640523, 0.0691956803203, -0.0631384029984, 0.0425371080637, -0.016216635704, -0.00364914000966, 0.00124026124831], [0.00186236086302, -0.0891780853271, 0.0768372789025, -0.0486020930111, 0.0368174649775, -0.104300640523, 0.265067607164, -0.141344055533, 0.0387455187738, -0.0432528220117, 0.0798454135656, -0.0856339335442, 0.00472394889221], [-0.00549247674644, 0.0331012904644, -0.0849286392331, 0.0794407427311, -0.0419992655516, 0.0691956803203, -0.141344055533, 0.21491765976, -0.135881260037, 0.0771444216371, -0.0728154405951, 0.0803512185812, -0.0321416631341], [0.00455149449408, -0.0270979590714, 0.0446081459522, -0.103660933673, 0.105935268104, -0.0631384029984, 0.0387455187738, -0.135881260037, 0.252742767334, -0.153612673283, 0.0518961958587, -0.0414155833423, 0.0300564356148], [0.00417762622237, 0.0187985897064, -0.0332096405327, 0.0598058216274, -0.0553972758353, 0.0425371080637, -0.0432528220117, 0.0771444216371, -0.153612673283, 0.22515809536, -0.118392318487, 0.0268223639578, 0.00458167912439], [-0.0022128757555, -0.0327003002167, 0.0411054566503, -0.027528712526, -0.00368114956655, -0.016216635704, 0.0798454135656, -0.0728154405951, 0.0518961958587, -0.118392318487, 0.210280969739, -0.117894589901, 0.0113353868946], [-0.00137378810905, 0.0563479997218, -0.0467507615685, 0.0401817634702, -0.00293586868793, -0.00364914000966, -0.0856339335442, 0.0803512185812, -0.0414155833423, 0.0268223639578, -0.117894589901, 0.221452265978, -0.097139634192], [0.00273530045524, 0.00404145848006, 0.0185284018517, -0.0286961924285, 0.00233015883714, 0.00124026124831, 0.00472394889221, -0.0321416631341, 0.0300564356148, 0.00458167912439, 0.0113353868946, -0.097139634192, 0.118088111281]]
    },
    "melbands": {
        "dmean": [0.00103467842564, 0.00138289248571, 0.00028128316626, 0.000120160642837, 0.00148196599912, 0.000273298530374, 4.12352856074e-05, 2.83362242044e-05, 2.49010809057e-05, 3.12904558086e-05, 2.22150920308e-05, 3.66867898265e-05, 1.07421092252e-05, 4.8859033086e-06, 1.71049850906e-06, 1.65557576111e-05, 1.10712162495e-05, 1.49834750118e-06, 2.01650595955e-06, 1.21397533803e-05, 1.57387341915e-06, 1.45311514643e-06, 2.08639767152e-06, 1.09857717234e-06, 5.35888091235e-07, 4.86570627345e-07, 9.05716817101e-08, 1.51184167407e-07, 3.99364452619e-08, 3.75449928924e-08, 2.08978665484e-08, 1.96511287243e-08, 1.00500887612e-08, 1.22655672286e-08, 1.0516842508e-08, 6.89851464841e-09, 5.37605782114e-09, 4.88905094187e-09, 3.77676112606e-09, 3.92616206213e-09],
        "dmean2": [0.00162963196635, 0.00235858233646, 0.000471478444524, 0.000204983676667, 0.00222594919614, 0.000427520746598, 7.51480110921e-05, 5.02547809447e-05, 4.61758645542e-05, 5.41407280252e-05, 3.81207682949e-05, 6.13923330093e-05, 1.85817643796e-05, 8.71312386153e-06, 2.93073594548e-06, 2.00316189876e-05, 1.29508134705e-05, 2.49118011197e-06, 3.02484681924e-06, 1.574828093e-05, 2.35713696384e-06, 1.91708704733e-06, 2.47557204602e-06, 1.35922834943e-06, 7.00207408499e-07, 6.89605371917e-07, 1.41472298765e-07, 2.03413335953e-07, 5.99144911462e-08, 5.51191199349e-08, 2.94961388647e-08, 3.21809423554e-08, 1.6911513967e-08, 2.04859222919e-08, 1.67297518061e-08, 1.16385869831e-08, 8.81738770886e-09, 8.13294942503e-09, 6.02704419705e-09, 6.46898667966e-09],
        "dvar": [1.36041592214e-06, 2.02610476663e-06, 1.31883822974e-07, 2.56827519252e-08, 1.72378850039e-06, 7.23418764892e-08, 6.60045129663e-09, 2.36110220264e-09, 3.05208547324e-09, 4.06773681405e-09, 1.14260090278e-09, 1.10747000459e-09, 4.54667609118e-10, 7.16904105524e-11, 1.05683057791e-11, 2.03355776662e-10, 8.55123680199e-11, 4.90916899146e-12, 4.24492472423e-12, 1.21924900731e-10, 2.64520241648e-12, 1.60311607739e-12, 3.1291694496e-12, 1.00240334696e-12, 1.69143331611e-13, 2.24022962182e-13, 6.17140878534e-15, 2.12037791567e-14, 1.16400008766e-15, 1.11923249057e-15, 2.50587285907e-16, 3.54592608616e-16, 8.01213097019e-17, 1.4842342606e-16, 1.17704757142e-16, 3.63015722619e-17, 2.83692675295e-17, 2.21710873944e-17, 1.09870901791e-17, 1.27412838324e-17],
        "dvar2": [3.16228647534e-06, 5.11571124662e-06, 3.29701322244e-07, 5.18481009237e-08, 3.80542087441e-06, 1.996651946e-07, 1.89232718384e-08, 6.08540906555e-09, 8.48973069623e-09, 1.09758619971e-08, 2.67223487782e-09, 3.17079118517e-09, 1.13181075623e-09, 1.98193711443e-10, 3.05763817043e-11, 3.352675082e-10, 1.43558748222e-10, 1.48676244927e-11, 9.63021936501e-12, 2.07143316389e-10, 6.15981918251e-12, 4.00576620485e-12, 4.96642614187e-12, 1.74451165319e-12, 3.45147033783e-13, 3.95047357457e-13, 1.34278252715e-14, 2.7771652301e-14, 3.06138713555e-15, 1.87013863325e-15, 5.29041055806e-16, 9.22432961483e-16, 1.85884239011e-16, 4.09637468209e-16, 3.41658097874e-16, 9.72646146622e-17, 7.3443692375e-17, 5.9379649963e-17, 2.8331591107e-17, 3.79879718465e-17],
        "max": [0.00660743983462, 0.00872413162142, 0.00242614420131, 0.00123490719125, 0.0142215648666, 0.00226181000471, 0.000596559199039, 0.00033672209247, 0.000404461752623, 0.000443316821475, 0.000228883916861, 0.000293105142191, 0.00012901777518, 5.58369101782e-05, 2.06190543395e-05, 0.000159615810844, 0.000104224942334, 1.82563253475e-05, 2.74757476291e-05, 0.000164564873558, 1.76311114046e-05, 1.77205511136e-05, 2.35074294324e-05, 1.00569905044e-05, 4.49089293397e-06, 6.05395825914e-06, 1.01365401406e-06, 1.49283732753e-06, 3.3992168369e-07, 3.47179025084e-07, 1.942143939e-07, 1.66881193309e-07, 9.53985974661e-08, 1.10066359582e-07, 1.10561906297e-07, 6.04913736879e-08, 5.49827632312e-08, 3.89865988382e-08, 4.41538752227e-08, 3.73264512632e-08],
        "mean": [0.00146999349818, 0.00206657778472, 0.000328058755258, 0.000241268717218, 0.00669693527743, 0.0010800557211, 4.21621007263e-05, 3.89688175346e-05, 2.87843504339e-05, 3.04907080135e-05, 4.32692722825e-05, 0.000103160593426, 1.03617312561e-05, 5.45438206245e-06, 2.33506125369e-06, 6.80588200339e-05, 4.40283074568e-05, 4.5728565965e-06, 1.04650907815e-05, 6.62696838845e-05, 7.43522423363e-06, 7.49144464862e-06, 7.94515199232e-06, 3.23616382047e-06, 1.48658955368e-06, 1.98145176e-06, 4.03178745501e-07, 4.73087595765e-07, 1.28576019165e-07, 1.43334162317e-07, 7.18365811281e-08, 6.04632361956e-08, 4.13343848038e-08, 3.43059838315e-08, 3.08480103683e-08, 2.23605542971e-08, 1.60521018699e-08, 1.53339438924e-08, 1.40901477153e-08, 1.35879165697e-08],
        "median": [0.00108514493331, 0.00145973742474, 0.000181042138138, 0.000177875597728, 0.0059910537675, 0.00103142147418, 1.41836317198e-05, 1.31528213387e-05, 9.29347334022e-06, 4.54028395325e-06, 3.01778072753e-05, 9.18429504964e-05, 2.300611186e-06, 3.07168511426e-06, 1.30223122596e-06, 6.7191067501e-05, 4.30416766903e-05, 3.70632278646e-06, 8.96628444025e-06, 5.72279277549e-05, 6.55108124192e-06, 6.75541559758e-06, 7.01400267644e-06, 2.70146460934e-06, 1.23380937112e-06, 1.70897430962e-06, 3.73178494328e-07, 3.97623807658e-07, 1.15204521478e-07, 1.33663064616e-07, 6.55981935438e-08, 5.13086142462e-08, 3.90132086636e-08, 2.94936981504e-08, 2.38864696911e-08, 1.9683703556e-08, 1.39732421189e-08, 1.38128788407e-08, 1.24501040588e-08, 1.22766907751e-08],
        "min": [0.000187977857422, 3.83046535717e-05, 6.45503087071e-06, 2.88851806545e-05, 0.000682751706336, 0.000236499952734, 6.26281575933e-07, 5.68537586787e-07, 8.4703850689e-07, 1.35712554084e-07, 1.01670557342e-05, 1.74310298462e-05, 3.11846264367e-07, 6.35039043573e-07, 2.93452927735e-07, 1.76708854269e-05, 1.06339821286e-05, 7.88621491665e-07, 4.33588911619e-06, 2.06739096029e-05, 1.94585754798e-06, 1.64605580721e-06, 1.3379756183e-06, 3.26286141217e-07, 1.87662365647e-07, 4.42027186409e-07, 9.90205464291e-08, 7.24943731711e-08, 2.58839634171e-08, 3.23601803132e-08, 1.91143261219e-08, 1.67381504212e-08, 9.82713732611e-09, 8.51128501012e-09, 6.99839519669e-09, 5.96762461669e-09, 4.35893277029e-09, 4.17961132371e-09, 3.72293484929e-09, 3.56902352117e-09],
        "var": [1.77488993813e-06, 3.08636708723e-06, 1.50000630583e-07, 4.0436219706e-08, 1.034115121e-05, 2.50853759098e-07, 6.20007112317e-09, 3.48397888317e-09, 2.76380007769e-09, 4.09552258773e-09, 1.48900691777e-09, 2.7331006347e-09, 4.40548625358e-10, 5.42401505654e-11, 8.93650344697e-12, 1.18543186378e-09, 5.09065900545e-10, 7.12436620115e-12, 2.5004403062e-11, 1.02570862914e-09, 1.52111708646e-11, 1.19109869537e-11, 1.83209471899e-11, 5.04395527082e-12, 7.75647070444e-13, 1.08993359043e-12, 3.24706455029e-14, 8.67704074824e-14, 5.2713054123e-15, 4.89549298723e-15, 1.22184248532e-15, 1.06829595253e-15, 4.3119053919e-16, 3.78955896687e-16, 4.04435097727e-16, 1.23716957297e-16, 7.37586893697e-17, 5.88237515042e-17, 5.59190108303e-17, 4.28635298868e-17]
    },
    "mfcc": {
        "mean": [-704.58795166, 180.473968506, -19.2158508301, 37.7804832458, 37.6322593689, 6.64838600159, -5.3466963768, -1.78989851475, -3.55034136772, -5.53868150711, -10.9194335938, -13.6508331299, -6.79828310013],
        "cov": [[283.485687256, -0.904433369637, -43.6320533752, -78.4455871582, -69.9222793579, -38.5097312927, -6.87319231033, 11.1432342529, -15.7920675278, -10.9855203629, 2.20119857788, -14.4208488464, -11.5708341599], [-0.904433369637, 440.353057861, 132.021087646, -100.160583496, -177.595504761, -104.11290741, 21.0591869354, 66.16847229, 85.9798355103, 104.794326782, 131.069534302, 118.016021729, 52.9302940369], [-43.6320533752, 132.021087646, 73.8546981812, 9.41586589813, -21.2212333679, -18.0504741669, 7.17803001404, 21.9328250885, 35.5458183289, 40.0816993713, 37.9592094421, 38.4941673279, 21.1740322113], [-78.4455871582, -100.160583496, 9.41586589813, 96.530128479, 103.950630188, 55.9646377563, 6.38835334778, -11.3787374496, -5.79504489899, -10.7580366135, -31.4736766815, -24.8013877869, -8.73738670349], [-69.9222793579, -177.595504761, -21.2212333679, 103.950630188, 145.432647705, 84.7498321533, 11.1271247864, -20.4708023071, -24.4277191162, -34.7308120728, -57.7820396423, -47.5395011902, -17.1097545624], [-38.5097312927, -104.11290741, -18.0504741669, 55.9646377563, 84.7498321533, 68.5311050415, 12.4641799927, -9.97657775879, -13.8180732727, -26.7069358826, -35.6474914551, -28.3678970337, -9.98967647552], [-6.87319231033, 21.0591869354, 7.17803001404, 6.38835334778, 11.1271247864, 12.4641799927, 19.8792686462, 10.6731290817, 6.39912843704, 2.23985505104, 3.06262683868, 0.465418100357, -0.248038485646], [11.1432342529, 66.16847229, 21.9328250885, -11.3787374496, -20.4708023071, -9.97657775879, 10.6731290817, 23.632062912, 17.5244255066, 17.7653198242, 17.3583202362, 12.297170639, 8.28760814667], [-15.7920675278, 85.9798355103, 35.5458183289, -5.79504489899, -24.4277191162, -13.8180732727, 6.39912843704, 17.5244255066, 32.1007575989, 27.65583992, 23.8842735291, 21.4654808044, 10.4454154968], [-10.9855203629, 104.794326782, 40.0816993713, -10.7580366135, -34.7308120728, -26.7069358826, 2.23985505104, 17.7653198242, 27.65583992, 39.0938301086, 36.8419570923, 28.3807125092, 12.402012825], [2.20119857788, 131.069534302, 37.9592094421, -31.4736766815, -57.7820396423, -35.6474914551, 3.06262683868, 17.3583202362, 23.8842735291, 36.8419570923, 59.2628593445, 39.103263855, 10.463180542], [-14.4208488464, 118.016021729, 38.4941673279, -24.8013877869, -47.5395011902, -28.3678970337, 0.465418100357, 12.297170639, 21.4654808044, 28.3807125092, 39.103263855, 45.3410110474, 22.6973190308], [-11.5708341599, 52.9302940369, 21.1740322113, -8.73738670349, -17.1097545624, -9.98967647552, -0.248038485646, 8.28760814667, 10.4454154968, 12.402012825, 10.463180542, 22.6973190308, 27.9734745026]],
