{
"lowlevel": {
    "average_loudness": 0.989527761936,
    "barkbands_crest": {
        "dmean": 1.38377439976,
        "dmean2": 2.225669384,
        "dvar": 1.34719026089,
        "dvar2": 3.41930627823,
        "max": 18.9331035614,
        "mean": 11.175570488,
        "median": 11.7345705032,
        "min": 3.87696743011,
        "var": 15.3503799438
    },
    "barkbands_flatness_db": {
        "dmean": 0.0078893089667,
        "dmean2": 0.0122382547706,
        "dvar": 5.78006038268e-05,
        "dvar2": 7.40528121241e-05,
        "max": 0.194956451654,
        "mean": 0.157557889819,
        "median": 0.158143430948,
        "min": 0.106029085815,
        "var": 0.000276975682937
    },
    "barkbands_kurtosis": {
        "dmean": 0.298944205046,
        "dmean2": 0.468890398741,
        "dvar": 0.0714003890753,
        "dvar2": 0.150041639805,
        "max": 1.71883916855,
        "mean": -0.50235080719,
        "median": -0.63458943367,
        "min": -1.4467073679,
        "var": 0.395956814289
    },
    "barkbands_skewness": {
        "dmean": 0.199522227049,
        "dmean2": 0.290839880705,
        "dvar": 0.0339706279337,
        "dvar2": 0.0595611520112,
        "max": 1.18420255184,
        "mean": 0.327967256308,
        "median": 0.386044740677,
        "min": -1.1337813139,
        "var": 0.167368501425
    },
    "barkbands_spread": {
        "dmean": 2.37612962723,
        "dmean2": 3.76156687737,
        "dvar": 3.68330669403,
        "dvar2": 7.72857618332,
        "max": 34.2854385376,
        "mean": 22.3294315338,
        "median": 21.6149730682,
        "min": 12.2332420349,
        "var": 30.9454116821
    },
    "dissonance": {
        "dmean": 0.0163237061352,
        "dmean2": 0.028121996671,
        "dvar": 0.000355932745151,
        "dvar2": 0.000532206904609,
        "max": 0.498371243477,
        "mean": 0.475793629885,
        "median": 0.479337334633,
        "min": 0.285226881504,
        "var": 0.000513285398483
    },
    "dynamic_complexity": 0.758610665798,
    "erbbands_crest": {
        "dmean": 1.56878018379,
        "dmean2": 2.53031754494,
        "dvar": 1.61053431034,
        "dvar2": 3.74058747292,
        "max": 22.0085105896,
        "mean": 12.9309844971,
        "median": 13.2402858734,
        "min": 5.13212156296,
        "var": 17.5545578003
    },
    "erbbands_flatness_db": {
        "dmean": 0.00820937845856,
        "dmean2": 0.0127294389531,
        "dvar": 4.87791512569e-05,
        "dvar2": 9.69474422163e-05,
        "max": 0.275808781385,
        "mean": 0.241366907954,
        "median": 0.246590286493,
        "min": 0.198392391205,
        "var": 0.000324921071297
    },
    "erbbands_kurtosis": {
        "dmean": 0.344708710909,
        "dmean2": 0.514179289341,
        "dvar": 0.266838610172,
        "dvar2": 0.373894572258,
        "max": 3.23501825333,
        "mean": -0.701094806194,
        "median": -0.905418872833,
        "min": -1.40324687958,
        "var": 0.578374326229
    },
    "erbbands_skewness": {
        "dmean": 0.22059084475,
        "dmean2": 0.341232001781,
        "dvar": 0.0340920127928,
        "dvar2": 0.0684223771095,
        "max": 1.07022809982,
        "mean": -0.0105921039358,
        "median": 0.0360453091562,
        "min": -1.5176333189,
        "var": 0.294220626354
    },
    "erbbands_spread": {
        "dmean": 2.27563905716,
        "dmean2": 3.4431385994,
        "dvar": 4.06721019745,
        "dvar2": 7.31934022903,
        "max": 35.7875900269,
        "mean": 25.9398498535,
        "median": 25.8282108307,
        "min": 12.9379091263,
        "var": 13.0590543747
    },
    "hfc": {
        "dmean": 4.53664731979,
        "dmean2": 6.80010223389,
        "dvar": 28.9410629272,
        "dvar2": 38.1741600037,
        "max": 54.6652259827,
        "mean": 35.6535224915,
        "median": 35.7073097229,
        "min": 1.62959158421,
        "var": 71.6705551147
    },
    "melbands_crest": {
        "dmean": 2.3728158474,
        "dmean2": 3.65037369728,
        "dvar": 4.97953081131,
        "dvar2": 12.7101106644,
        "max": 27.3310165405,
        "mean": 16.2836399078,
        "median": 16.9947566986,
        "min": 5.83119773865,
        "var": 26.6939620972
    },
    "melbands_flatness_db": {
        "dmean": 0.00992042478174,
        "dmean2": 0.0144111402333,
        "dvar": 6.89035878167e-05,
        "dvar2": 0.000124792131828,
        "max": 0.215653032064,
        "mean": 0.181866496801,
        "median": 0.18562464416,
        "min": 0.129057720304,
        "var": 0.000355135940481
    },
    "melbands_kurtosis": {
        "dmean": 0.599582076073,
        "dmean2": 0.874815702438,
        "dvar": 0.262007147074,
        "dvar2": 0.454735338688,
        "max": 4.34100532532,
        "mean": 0.842365682125,
        "median": 0.822907209396,
        "min": -1.49868524075,
        "var": 1.52874791622
    },
    "melbands_skewness": {
        "dmean": 0.211433321238,
        "dmean2": 0.300848186016,
        "dvar": 0.0291131045669,
        "dvar2": 0.0629784166813,
        "max": 2.01734352112,
        "mean": 0.911437213421,
        "median": 0.862285196781,
        "min": -0.11476354301,
        "var": 0.133461415768
    },
    "melbands_spread": {
        "dmean": 4.89133310318,
        "dmean2": 7.09594249725,
        "dvar": 28.2407836914,
        "dvar2": 49.6013565063,
        "max": 78.2950134277,
        "mean": 37.195930481,
        "median": 34.6907653809,
        "min": 17.9046974182,
        "var": 140.350723267
    },
    "pitch_salience": {
        "dmean": 0.0468740351498,
        "dmean2": 0.0751065537333,
        "dvar": 0.00234814127907,
        "dvar2": 0.0039447885938,
        "max": 0.83495849371,
        "mean": 0.499887913465,
        "median": 0.490960419178,
        "min": 0.363164186478,
        "var": 0.00542151927948
    },
    "silence_rate_20dB": {
        "dmean": 0,
        "dmean2": 0,
        "dvar": 0,
        "dvar2": 0,
        "max": 1,
        "mean": 1,
        "median": 1,
        "min": 1,
        "var": 0
    },
    "silence_rate_30dB": {
        "dmean": 0,
        "dmean2": 0,
        "dvar": 0,
        "dvar2": 0,
        "max": 1,
        "mean": 1,
        "median": 1,
        "min": 1,
        "var": 0
    },
    "silence_rate_60dB": {
        "dmean": 0,
        "dmean2": 0,
        "dvar": 0,
        "dvar2": 0,
        "max": 0,
        "mean": 0,
        "median": 0,
        "min": 0,
        "var": 0
    },
    "spectral_centroid": {
        "dmean": 136.325897217,
        "dmean2": 208.848098755,
        "dvar": 11119.5400391,
        "dvar2": 22893.6074219,
        "max": 2674.00854492,
        "mean": 1849.75378418,
        "median": 1798.96386719,
        "min": 1405.73205566,
        "var": 74849.328125
    },
    "spectral_complexity": {
        "dmean": 3.42499995232,
        "dmean2": 5.54621839523,
        "dvar": 16.2777099609,
        "dvar2": 27.2058467865,
        "max": 46,
        "mean": 33.7438011169,
        "median": 34,
        "min": 1,
        "var": 25.8930397034
    },
    "spectral_decrease": {
        "dmean": 6.53308351861e-10,
        "dmean2": 9.7254515552e-10,
        "dvar": 7.52441070197e-19,
        "dvar2": 9.01103986138e-19,
        "max": -1.73576278351e-10,
        "mean": -7.2311370225e-09,
        "median": -7.48973327802e-09,
        "min": -8.93819507297e-09,
        "var": 1.41038719857e-18
    },
    "spectral_energy": {
        "dmean": 0.00271679414436,
        "dmean2": 0.00404991302639,
        "dvar": 1.36189000841e-05,
        "dvar2": 1.60892232088e-05,
        "max": 0.0376639477909,
        "mean": 0.0305257998407,
        "median": 0.0319090411067,
        "min": 0.000802925263997,
        "var": 2.39760684053e-05
    },
    "spectral_energyband_high": {
        "dmean": 0.000109064378194,
        "dmean2": 0.000166380545124,
        "dvar": 9.9619885674e-09,
        "dvar2": 2.21588489779e-08,
        "max": 0.00102848769166,
        "mean": 0.000444631150458,
        "median": 0.000408698280808,
        "min": 2.02185437956e-05,
        "var": 4.07517468659e-08
    },
    "spectral_energyband_low": {
        "dmean": 0.00117038376629,
        "dmean2": 0.00175647996366,
        "dvar": 1.30871046622e-06,
        "dvar2": 2.76211130767e-06,
        "max": 0.010972334072,
        "mean": 0.00267951958813,
        "median": 0.0016684619477,
        "min": 6.77931311657e-05,
        "var": 6.91716877554e-06
    },
    "spectral_energyband_middle_high": {
        "dmean": 0.00193847343326,
        "dmean2": 0.00291190878488,
        "dvar": 3.40756037076e-06,
        "dvar2": 5.3684671002e-06,
        "max": 0.0180991105735,
        "mean": 0.010644027032,
        "median": 0.0101750278845,
        "min": 0.000594322453253,
        "var": 1.09481779873e-05
    },
    "spectral_energyband_middle_low": {
        "dmean": 0.00209308881313,
        "dmean2": 0.00288283778355,
        "dvar": 4.6573218242e-06,
        "dvar2": 5.89417641095e-06,
        "max": 0.0281161405146,
        "mean": 0.0172861386091,
        "median": 0.0180278178304,
        "min": 0.000121468838188,
        "var": 2.93881366815e-05
    },
    "spectral_entropy": {
        "dmean": 0.0539541244507,
        "dmean2": 0.0805685073137,
        "dvar": 0.00587471248582,
        "dvar2": 0.00474538234994,
        "max": 8.35288047791,
        "mean": 7.48011684418,
        "median": 7.46419286728,
        "min": 7.30094909668,
        "var": 0.0116006182507
    },
    "spectral_flux": {
        "dmean": 0.00903916917741,
        "dmean2": 0.0148053308949,
        "dvar": 0.000118232877867,
        "dvar2": 0.000178141723154,
        "max": 0.165336787701,
        "mean": 0.0716959759593,
        "median": 0.0696946829557,
        "min": 0.0488468147814,
        "var": 0.000183819865924
    },
    "spectral_kurtosis": {
        "dmean": 2.57356023788,
        "dmean2": 4.3569149971,
        "dvar": 5.68062734604,
        "dvar2": 13.5526361465,
        "max": 22.4518547058,
        "mean": 5.10258674622,
        "median": 4.34585094452,
        "min": 1.58427047729,
        "var": 8.88134479523
    },
    "spectral_rms": {
        "dmean": 0.000263863359578,
        "dmean2": 0.000384822429623,
        "dvar": 2.35245167346e-07,
        "dvar2": 2.52634237086e-07,
        "max": 0.00606179144233,
        "mean": 0.00542781502008,
        "median": 0.00557949533686,
        "min": 0.000885065936018,
        "var": 3.20095296047e-07
    },
    "spectral_rolloff": {
        "dmean": 191.466064453,
        "dmean2": 309.064788818,
        "dvar": 41544.0507812,
        "dvar2": 111022.515625,
        "max": 3036.18164062,
        "mean": 2282.16333008,
        "median": 2368.65234375,
        "min": 1184.32617188,
        "var": 133401.4375
    },
    "spectral_skewness": {
        "dmean": 0.252705484629,
        "dmean2": 0.435300499201,
        "dvar": 0.0780452489853,
        "dvar2": 0.189467862248,
        "max": 3.78028297424,
        "mean": 0.982526302338,
        "median": 0.872929394245,
        "min": 0.543637752533,
        "var": 0.142736583948
    },
    "spectral_spread": {
        "dmean": 229682.828125,
        "dmean2": 292271,
        "dvar": 812550193152,
        "dvar2": 409493078016,
        "max": 14833266,
        "mean": 2401604.25,
        "median": 2256197.5,
        "min": 1965874.125,
        "var": 1.38512459366e+12
    },
    "spectral_strongpeak": {
        "dmean": 0.614497184753,
        "dmean2": 1.02397942543,
        "dvar": 1.01089668274,
        "dvar2": 2.70716094971,
        "max": 8.60496807098,
        "mean": 2.74421858788,
        "median": 2.9298620224,
        "min": 0.121625207365,
        "var": 1.90686380863
    },
    "zerocrossingrate": {
        "dmean": 0.005126953125,
        "dmean2": 0.00625328253955,
        "dvar": 4.19537209382e-05,
        "dvar2": 3.47781751771e-05,
        "max": 0.095703125,
        "mean": 0.0643159225583,
        "median": 0.0625,
        "min": 0.021484375,
        "var": 0.00014761548664
    },
    "barkbands": {
        "dmean": [1.60455711011e-05, 0.000916991790291, 0.000311600480927, 0.000687501276843, 0.00116178835742, 0.000261211622274, 0.000240797628067, 0.000120571196021, 0.00163490104023, 0.000169992854353, 0.000231495767366, 0.000319435086567, 6.97142168065e-05, 0.000878733582795, 0.000542562163901, 0.000520617468283, 0.00107217021286, 0.000322142150253, 0.000345949170878, 0.000128906744067, 8.7190841441e-05, 1.99203459488e-05, 1.24424047954e-06, 1.164779178e-06, 3.81312531772e-07, 7.74062272058e-08, 3.19753290512e-08],
        "dmean2": [2.36923951888e-05, 0.00144067127258, 0.000454169901786, 0.00109494267963, 0.00175524037331, 0.000386238389183, 0.000425193051342, 0.000195174376131, 0.0021281063091, 0.000261688721366, 0.000418901297962, 0.000521251989994, 0.00012720990344, 0.00142281118315, 0.000819121138193, 0.000887626723852, 0.00160326005425, 0.000551566190552, 0.000591080228332, 0.000217197099118, 0.00014354128507, 3.1869403756e-05, 2.02757587431e-06, 1.76186529188e-06, 6.05469779202e-07, 1.10853697777e-07, 3.77974558319e-08],
        "dvar": [5.40854527831e-10, 6.16338866166e-07, 2.61043425098e-07, 1.50412131461e-06, 9.87203179648e-07, 2.44560595775e-07, 7.49583790594e-08, 4.85264415317e-08, 3.32811077897e-06, 3.2040635034e-08, 3.81086202594e-08, 8.37732443415e-08, 4.54378490389e-09, 7.71928796439e-07, 1.92312469949e-07, 2.5813051252e-07, 1.04817547708e-06, 7.62889840189e-08, 1.01575196254e-07, 1.26189130256e-08, 6.6424861167e-09, 4.49820541926e-10, 1.45607126616e-12, 1.53795357526e-12, 1.40287914206e-13, 4.81701843398e-14, 6.46066384527e-14],
        "dvar2": [8.53143389268e-10, 1.4752640709e-06, 4.87886779865e-07, 2.83736608253e-06, 2.58686486632e-06, 5.43449516499e-07, 1.97952900294e-07, 1.12045988487e-07, 4.94302094012e-06, 5.75007916837e-08, 1.07693161056e-07, 2.08808572211e-07, 1.19708944979e-08, 2.03292665901e-06, 4.13518392861e-07, 7.74960540184e-07, 1.92958850675e-06, 2.02073778155e-07, 2.72449028671e-07, 3.5108758567e-08, 1.47573882003e-08, 1.04226294262e-09, 3.70188688731e-12, 3.37115600192e-12, 3.20308531218e-13, 4.79409806124e-14, 6.47609204219e-14],
        "max": [0.000286739057628, 0.007473513484, 0.00455492921174, 0.00820201262832, 0.00677478127182, 0.00426132557914, 0.00199243542738, 0.00221287761815, 0.0245781801641, 0.00206065690145, 0.00117095536552, 0.0018572632689, 0.00062281783903, 0.00657284073532, 0.0040040044114, 0.00353294378147, 0.010226521641, 0.00193612813018, 0.00204704841599, 0.00112915679347, 0.00073428225005, 0.000208981087781, 1.32946852318e-05, 1.08056201498e-05, 3.89174510929e-06, 2.84530733552e-06, 2.84133807327e-06],
        "mean": [3.42700113833e-05, 0.0016581073869, 0.000481881579617, 0.00104518269654, 0.00265435106121, 0.000413474743254, 0.00028688259772, 0.000156494948897, 0.0126521680504, 0.000276087230304, 0.000430088082794, 0.000524723145645, 0.000147495229612, 0.00177442235872, 0.00143087143078, 0.00122664147057, 0.00287474202923, 0.000856477010529, 0.000921100669075, 0.000339526508469, 0.000271621858701, 6.10149472777e-05, 3.18341562888e-06, 3.37193705491e-06, 1.29182410546e-06, 3.24701574073e-07, 6.00436820264e-08],
        "median": [1.66576301126e-05, 0.0013636816293, 0.000154072098667, 0.000363321800251, 0.00244443840347, 0.000131183202029, 0.000181447030627, 9.4945768069e-05, 0.0139717850834, 0.000204178882996, 0.000378129334422, 0.000406299252063, 0.000116244940727, 0.00147970789112, 0.00120187574066, 0.00112816586625, 0.0022448671516, 0.00082991895033, 0.0008418407524, 0.000312279618811, 0.000252160098171, 5.21792608197e-05, 2.74690523838e-06, 2.62509070126e-06, 1.07287507944e-06, 3.09432891754e-07, 3.59301317587e-08],
        "min": [8.96704193565e-07, 2.9108239687e-05, 1.15420507427e-05, 2.0317020244e-05, 2.11843016586e-05, 5.29458873189e-07, 2.25521853281e-06, 7.35076241654e-07, 6.93591500749e-05, 1.09297734525e-05, 2.4225548259e-05, 1.50301266331e-05, 8.34663842397e-06, 4.12308254454e-05, 3.52681963705e-05, 3.70625602955e-05, 0.000225962707191, 0.000116779032396, 8.13134465716e-05, 7.99733697932e-06, 1.06601582957e-05, 3.54384769707e-06, 1.99463116246e-07, 1.51391574832e-07, 1.13089356546e-07, 1.11988200047e-07, 1.62609623544e-08],
        "var": [2.40805841933e-09, 1.85907606465e-06, 6.95544429163e-07, 3.23794233736e-06, 2.01442753678e-06, 5.54118116725e-07, 8.87273188255e-08, 6.09637424986e-08, 3.67238608305e-05, 6.90745096676e-08, 5.88012127878e-08, 1.75999332441e-07, 1.13141824798e-08, 1.6267964611e-06, 7.09332709903e-07, 4.03745929134e-07, 3.91580852011e-06, 1.37563731073e-07, 1.51228249479e-07, 2.59247485701e-08, 2.05239878426e-08, 1.59747515216e-09, 3.12090522696e-12, 4.11184584645e-12, 5.13735538485e-13, 5.91247564146e-14, 6.46878113141e-14]
    },
    "erbbands": {
        "dmean": [0.0337197035551, 0.180833563209, 0.307116031647, 1.42846727371, 3.49446964264, 4.54236125946, 2.03937077522, 2.67044425011, 1.42044115067, 4.36757850647, 5.50411081314, 50.4183921814, 10.2663011551, 9.52574062347, 7.96661901474, 12.6406707764, 3.64877057076, 25.1056957245, 28.72681427, 25.4853038788, 29.0929031372, 54.7822647095, 24.54180336, 22.1801509857, 9.67454528809, 5.68262243271, 2.85136318207, 3.60999536514, 0.931066572666, 0.187930956483, 0.0361348725855, 0.0330978967249, 0.0129105513915, 0.0073675676249, 0.00107447651681, 0.000508466968313, 0.000117770789075, 3.33605748892e-05, 5.18066508448e-06, 3.37744245371e-06],
        "dmean2": [0.0551444403827, 0.2733758986, 0.442918032408, 2.15374708176, 5.29813051224, 6.8807387352, 3.07804083824, 3.96836781502, 2.5004029274, 7.78968667984, 8.47834014893, 63.164855957, 14.501914978, 15.0520248413, 13.8805198669, 20.3158512115, 6.49686908722, 39.5282020569, 43.4837722778, 42.0405502319, 49.1986694336, 84.8914794922, 36.4150505066, 36.6127624512, 16.3837471008, 9.31095600128, 4.63765287399, 5.81361913681, 1.46003115177, 0.291281282902, 0.0574880503118, 0.0488947629929, 0.0193680077791, 0.0118217831478, 0.00166075665038, 0.000768232857808, 0.000163962657098, 4.51604755654e-05, 6.19632464804e-06, 4.94324194733e-06],
        "dvar": [0.000877079262864, 0.0260820668191, 0.207308799028, 7.74885654449, 10.0109443665, 17.5366687775, 14.7042694092, 27.7719516754, 1.98775267601, 27.9560947418, 88.9595413208, 2903.42407227, 147.568817139, 69.2571334839, 43.4489555359, 141.330169678, 12.77435112, 559.834838867, 517.784912109, 574.946350098, 510.230804443, 2391.84692383, 602.251037598, 293.143493652, 82.3654556274, 26.2589054108, 7.13410139084, 13.8355951309, 0.997102558613, 0.0538306310773, 0.00104776048101, 0.00140680384357, 0.000171946652699, 4.70135273645e-05, 2.48982973972e-06, 6.55076689782e-07, 1.71027664919e-07, 2.70077169517e-08, 1.21119836383e-09, 2.02576618674e-11],
        "dvar2": [0.00208449712954, 0.0614095851779, 0.373358488083, 14.5243310928, 26.9917068481, 45.0246772766, 30.6022129059, 69.9896011353, 5.66910266876, 72.5523681641, 203.349349976, 4424.96435547, 246.415115356, 186.576126099, 136.219421387, 370.195648193, 37.1624946594, 1402.06677246, 1405.66003418, 1487.88000488, 1542.8449707, 5144.31396484, 1173.48193359, 763.344604492, 213.968994141, 67.4007110596, 18.9418716431, 30.888507843, 2.47513508797, 0.122415147722, 0.00271541182883, 0.00317429681309, 0.000340105820214, 0.000116049588542, 2.79493247035e-06, 6.74367242937e-07, 1.69451183751e-07, 2.63144812607e-08, 1.20899512623e-09, 2.37600321362e-11],
        "max": [0.305122256279, 1.35427641869, 4.15462589264, 19.0794849396, 20.1410598755, 34.5719032288, 34.4454345703, 41.146156311, 10.3780107498, 34.59375, 106.720214844, 753.734191895, 166.679962158, 91.2653198242, 48.2136497498, 76.7849960327, 35.1294708252, 178.719497681, 217.706466675, 236.881942749, 180.194473267, 419.363098145, 233.433303833, 135.858596802, 68.7368392944, 48.5027732849, 25.977853775, 35.1001472473, 9.5829410553, 1.99048495293, 0.269325792789, 0.335487157106, 0.12669980526, 0.078077852726, 0.0217825416476, 0.0116575295106, 0.00509189162403, 0.00188797572628, 0.000410812848713, 5.89517730987e-05],
        "mean": [0.0536852329969, 0.351297110319, 0.571173965931, 2.27693510056, 7.4910697937, 9.27313041687, 3.71889042854, 3.6118516922, 2.03887152672, 5.61451864243, 21.3880939484, 381.984863281, 64.6825332642, 17.3192577362, 17.4310207367, 20.7410869598, 9.06928443909, 56.1438179016, 83.4344177246, 66.1681289673, 77.5310134888, 140.559234619, 75.7548217773, 58.954334259, 31.4243087769, 16.3000297546, 8.75473690033, 10.5290431976, 2.93909049034, 0.573853373528, 0.108227819204, 0.0810599029064, 0.0441231019795, 0.0262313485146, 0.00437631830573, 0.00213254475966, 0.000437452108599, 6.98808580637e-05, 2.61467339442e-05, 3.89789856854e-05],
        "median": [0.0415817983449, 0.281692445278, 0.25878071785, 0.668558418751, 6.66269922256, 8.01066398621, 1.58973836899, 1.42726969719, 1.49548268318, 3.76400613785, 22.4543514252, 427.031738281, 68.1848297119, 14.4061403275, 15.7070522308, 15.2665710449, 7.71131038666, 46.0305023193, 83.2345733643, 62.1983947754, 75.7163925171, 120.991882324, 62.5408248901, 55.3180465698, 29.8650627136, 14.9349498749, 8.35963821411, 8.91096782684, 2.55086731911, 0.44003406167, 0.0959158688784, 0.0658130645752, 0.0381715781987, 0.0233039166778, 0.00402591889724, 0.00210642092861, 0.000391679379391, 5.32903286512e-05, 2.32159491134e-05, 4.00073586206e-05],
        "min": [0.00119313877076, 0.00477513996884, 0.0168113224208, 0.0486273951828, 0.0821800082922, 0.0639545321465, 0.0178509876132, 0.00464905332774, 0.022342948243, 0.0373270474374, 0.136694908142, 1.61913275719, 0.964823186398, 0.444858133793, 1.09806287289, 0.464350491762, 0.453034847975, 1.97581911087, 1.22565460205, 2.11478090286, 2.90484046936, 12.245306015, 8.83198833466, 5.76229095459, 1.54752194881, 0.379835724831, 0.391890048981, 0.415684938431, 0.180326789618, 0.0290929451585, 0.0068829106167, 0.00402866164222, 0.0023530900944, 0.00129140994977, 0.000887455185875, 0.000469029706437, 0.000160886673257, 1.87709283637e-05, 1.45434660226e-05, 2.72005922852e-06],
        "var": [0.00243214750662, 0.080981336534, 0.61877566576, 17.094335556, 15.6709690094, 34.9211730957, 34.3467292786, 41.3122634888, 2.617582798, 31.3917045593, 161.481277466, 34073.2539062, 1049.39709473, 123.089027405, 79.4131240845, 294.236816406, 28.9843120575, 1467.73937988, 1590.02600098, 1197.13244629, 1142.45214844, 6801.02978516, 2175.04711914, 565.085998535, 147.950302124, 60.0935249329, 15.3212776184, 41.8694343567, 3.53275036812, 0.152631700039, 0.00248224125244, 0.00279463571496, 0.000712358858436, 0.000189026934095, 4.09850918004e-06, 1.05605886347e-06, 1.95329207031e-07, 2.79112697399e-08, 1.24468191309e-09, 3.71714915792e-11]
    },
    "gfcc": {
        "mean": [1.04126787186, 125.167175293, -185.102844238, 43.5165901184, -36.9116096497, -7.54755210876, -15.2002239227, 12.4625291824, -12.548625946, -12.6865339279, -30.4891605377, -17.5020961761, 2.36557745934],
        "cov": [[303.804321289, 59.8544197083, -19.3611736298, 37.2939834595, -38.9969215393, 0.0605611167848, -16.0661678314, -23.2596950531, 10.8131856918, 4.17953681946, 14.0706729889, 0.661747217178, 21.2088317871], [59.8544197083, 188.364593506, 94.5818786621, 22.7072868347, 13.7357702255, 7.86746692657, -13.0296211243, -22.3678722382, -20.8988265991, 6.24133729935, 51.8713607788, 18.4047775269, 27.0959262848], [-19.3611736298, 94.5818786621, 106.806381226, 34.4290122986, 24.5694217682, 14.785738945, -6.00963830948, -8.92778968811, -21.1883907318, 1.93867313862, 33.0549697876, 30.1819896698, 12.5545740128], [37.2939834595, 22.7072868347, 34.4290122986, 79.571762085, 23.6880283356, 19.8388004303, -9.45476818085, -28.1462287903, -8.95095729828, -1.6728618145, 16.3739452362, 31.0950145721, 6.11455965042], [-38.9969215393, 13.7357702255, 24.5694217682, 23.6880283356, 52.7292861938, 27.5874023438, 5.4480304718, -8.97850608826, -8.46562385559, 6.36271810532, 13.1130018234, 22.5072574615, -0.379855334759], [0.0605611167848, 7.86746692657, 14.785738945, 19.8388004303, 27.5874023438, 48.5738677979, 17.4150714874, -1.65222191811, 3.40171599388, 1.45574533939, 13.2770452499, 13.4072065353, 2.94932317734], [-16.0661678314, -13.0296211243, -6.00963830948, -9.45476818085, 5.4480304718, 17.4150714874, 39.624912262, 32.6544570923, 12.7762136459, 1.03687691689, -8.49061775208, -1.47770094872, -1.70051932335], [-23.2596950531, -22.3678722382, -8.92778968811, -28.1462287903, -8.97850608826, -1.65222191811, 32.6544570923, 77.2275924683, 37.0676460266, 12.217959404, -5.86214923859, -20.3462848663, 2.6424601078], [10.8131856918, -20.8988265991, -21.1883907318, -8.95095729828, -8.46562385559, 3.40171599388, 12.7762136459, 37.0676460266, 40.8838233948, 16.6220874786, -1.48379302025, -10.4386749268, 1.41109538078], [4.17953681946, 6.24133729935, 1.93867313862, -1.6728618145, 6.36271810532, 1.45574533939, 1.03687691689, 12.217959404, 16.6220874786, 34.0703544617, 11.6358041763, -0.895244300365, 4.50694465637], [14.0706729889, 51.8713607788, 33.0549697876, 16.3739452362, 13.1130018234, 13.2770452499, -8.49061775208, -5.86214923859, -1.48379302025, 11.6358041763, 41.4559059143, 25.2039813995, 8.46331977844], [0.661747217178, 18.4047775269, 30.1819896698, 31.0950145721, 22.5072574615, 13.4072065353, -1.47770094872, -20.3462848663, -10.4386749268, -0.895244300365, 25.2039813995, 62.3133010864, 7.45808458328], [21.2088317871, 27.0959262848, 12.5545740128, 6.11455965042, -0.379855334759, 2.94932317734, -1.70051932335, 2.6424601078, 1.41109538078, 4.50694465637, 8.46331977844, 7.45808458328, 25.4802017212]],
        "icov": [[0.00647897226736, -0.00590648828074, 0.00695445388556, -0.00546503765509, 0.00865874160081, -0.0059266705066, 0.00450494373217, -0.00282190763392, 0.00182173924986, -0.00335703627206, 0.00439289072528, -0.00316946092062, 0.000142921853694], [-0.00590648828074, 0.0269978120923, -0.023226948455, 0.00800984725356, -0.0131932143122, 0.0228811334819, -0.0269767399877, 0.0248146783561, -0.0140775414184, 0.0123904496431, -0.0344717763364, 0.0204981975257, -0.0174521710724], [0.00695445388556, -0.023226948455, 0.0385746099055, -0.0137931015342, 0.012366826646, -0.0221469774842, 0.0261281765997, -0.0304531436414, 0.0279007386416, -0.0128419976681, 0.0194066762924, -0.0186700560153, 0.0106096193194], [-0.00546503765509, 0.00800984725356, -0.0137931015342, 0.0260833650827, -0.0121119329706, 0.00332913245074, -0.00381498411298, 0.0136250676587, -0.0128192966804, 0.00720048788935, -0.00507064163685, -7.7847049397e-05, -0.00452223466709], [0.00865874160081, -0.0131932143122, 0.012366826646, -0.0121119329706, 0.0521649718285, -0.0368874818087, 0.0207626279444, -0.0200311876833, 0.0251862276345, -0.0236586276442, 0.0220267996192, -0.0197274852544, 0.0133940838277], [-0.0059266705066, 0.0228811334819, -0.0221469774842, 0.00332913245074, -0.0368874818087, 0.0774033889174, -0.0650565326214, 0.0475086197257, -0.0386387072504, 0.0273663531989, -0.0535387806594, 0.03123302944, -0.02212327905], [0.00450494373217, -0.0269767399877, 0.0261281765997, -0.00381498411298, 0.0207626279444, -0.0650565326214, 0.10716214031, -0.0704258233309, 0.0378144271672, -0.0219831429422, 0.0658641085029, -0.0406512878835, 0.0270904842764], [-0.00282190763392, 0.0248146783561, -0.0304531436414, 0.0136250676587, -0.0200311876833, 0.0475086197257, -0.0704258233309, 0.08090377599, -0.0600178167224, 0.0229994859546, -0.0476111657917, 0.0351046398282, -0.0263976119459], [0.00182173924986, -0.0140775414184, 0.0279007386416, -0.0128192966804, 0.0251862276345, -0.0386387072504, 0.0378144271672, -0.0600178167224, 0.0902232304215, -0.0382916815579, 0.0268565732986, -0.0205874107778, 0.0152606852353], [-0.00335703627206, 0.0123904496431, -0.0128419976681, 0.00720048788935, -0.0236586276442, 0.0273663531989, -0.0219831429422, 0.0229994859546, -0.0382916815579, 0.0576195903122, -0.0357140302658, 0.0193042326719, -0.0150139853358], [0.00439289072528, -0.0344717763364, 0.0194066762924, -0.00507064163685, 0.0220267996192, -0.0535387806594, 0.0658641085029, -0.0476111657917, 0.0268565732986, -0.0357140302658, 0.104610018432, -0.0484467409551, 0.0247783977538], [-0.00316946092062, 0.0204981975257, -0.0186700560153, -7.7847049397e-05, -0.0197274852544, 0.03123302944, -0.0406512878835, 0.0351046398282, -0.0205874107778, 0.0193042326719, -0.0484467409551, 0.0489148050547, -0.0207050982863], [0.000142921853694, -0.0174521710724, 0.0106096193194, -0.00452223466709, 0.0133940838277, -0.02212327905, 0.0270904842764, -0.0263976119459, 0.0152606852353, -0.0150139853358, 0.0247783977538, -0.0207050982863, 0.0604904405773]]
    },
    "melbands": {
        "dmean": [0.000279280269751, 0.000156159367179, 0.000293263030471, 0.000278990599327, 9.3705180916e-05, 5.45135699213e-05, 3.15124270855e-05, 3.9749127609e-05, 6.36577169644e-05, 0.000323743908666, 3.80064448109e-05, 3.76334173779e-05, 3.17504200211e-05, 4.42377859144e-05, 9.75832972472e-06, 1.0260133422e-05, 6.37342964183e-05, 6.401448627e-05, 5.10764512001e-05, 3.3987693314e-05, 4.11995388276e-05, 5.38328458788e-05, 5.77042264922e-05, 1.58052334882e-05, 2.04292955459e-05, 1.13494043035e-05, 6.17995601715e-06, 3.46563001585e-06, 1.38355073886e-06, 3.32758577315e-06, 1.49332981891e-06, 5.43610553905e-07, 3.90613280388e-07, 3.64872434488e-08, 2.13474518063e-08, 2.28626841903e-08, 2.16165059186e-08, 9.75156932981e-09, 9.30312182845e-09, 5.65123592366e-09],
        "dmean2": [0.000450643856311, 0.000225540730753, 0.000447782455012, 0.000429512612754, 0.000143254816066, 7.95485029812e-05, 5.48973912373e-05, 7.08333609509e-05, 9.93828798528e-05, 0.000398091506213, 5.92305805185e-05, 5.9098150814e-05, 5.6441869674e-05, 7.31174950488e-05, 1.58215243573e-05, 1.84075015568e-05, 0.000100782759546, 9.99554031296e-05, 7.95942105469e-05, 5.79568149988e-05, 6.95031994837e-05, 8.54861646076e-05, 8.44795431476e-05, 2.67461873591e-05, 3.38300196745e-05, 1.88944395632e-05, 9.88640113064e-06, 5.74127443542e-06, 2.27689997701e-06, 5.63079993299e-06, 2.38767620431e-06, 8.69212783527e-07, 6.23345101758e-07, 5.84688031324e-08, 3.47754358643e-08, 3.60367522489e-08, 3.32871472608e-08, 1.49886769663e-08, 1.49437244801e-08, 9.19301257341e-09],
        "dvar": [5.7594146341e-08, 2.72235691767e-08, 2.03683384825e-07, 6.40443147404e-08, 1.97039256022e-08, 1.07416351369e-08, 1.09155140482e-09, 2.31379204685e-09, 1.09964224393e-08, 1.14084279801e-07, 2.94231639053e-09, 1.13469156293e-09, 7.49921513776e-10, 1.63243807361e-09, 7.73003397403e-11, 8.27527560365e-11, 3.63779473211e-09, 3.16110093657e-09, 2.05484207427e-09, 1.02774921906e-09, 9.38381705673e-10, 2.02894012702e-09, 4.05994926567e-09, 2.27961496901e-10, 2.62058708067e-10, 1.00845727602e-10, 2.97979453612e-11, 1.20424651154e-11, 2.10133451438e-12, 9.06273840695e-12, 2.73742703852e-12, 3.5802600034e-13, 2.59373143623e-13, 2.91795925835e-15, 4.0467134051e-16, 7.6055443029e-16, 7.07680198503e-16, 1.10368717282e-16, 9.70401376963e-17, 3.18401637019e-17],
        "dvar2": [1.36607766876e-07, 5.28493053764e-08, 3.88007322272e-07, 1.61701464663e-07, 4.49920776191e-08, 2.6698732114e-08, 3.04141556384e-09, 6.06530292657e-09, 2.57180481356e-08, 1.69847595544e-07, 5.02943153791e-09, 3.02052627354e-09, 2.38527664287e-09, 3.89704579717e-09, 2.20617940583e-10, 2.473614924e-10, 9.07016683982e-09, 9.28147247947e-09, 4.07418765391e-09, 3.2108375958e-09, 2.97045477105e-09, 5.22126031299e-09, 6.63295551817e-09, 5.59545187961e-10, 6.98621327455e-10, 2.81433820692e-10, 8.47098294288e-11, 3.06133174366e-11, 5.64639611109e-12, 2.0997878783e-11, 6.12901829983e-12, 9.81669281454e-13, 5.76207376084e-13, 6.52873344579e-15, 1.03788979906e-15, 1.88208815056e-15, 1.61841537029e-15, 2.24520773397e-16, 2.25579988098e-16, 7.01781090481e-17],
        "max": [0.00236188876443, 0.00156843976583, 0.00336187775247, 0.00171351863537, 0.00123460358009, 0.000851798453368, 0.00025364785688, 0.000309284136165, 0.001022658078, 0.00491388654336, 0.000658459262922, 0.000364492909284, 0.000159444345627, 0.000264017580776, 6.24923195574e-05, 9.01321836864e-05, 0.00043809573981, 0.000492720922921, 0.00038152304478, 0.000238555338001, 0.000225078299991, 0.000347149936715, 0.000621338142082, 0.000107153195131, 0.000121586628666, 7.80569098424e-05, 5.46569899598e-05, 2.61329641944e-05, 1.37610641104e-05, 2.33066002693e-05, 1.5530098608e-05, 5.41453437108e-06, 4.44006946054e-06, 6.15873375409e-07, 2.02533868787e-07, 2.89560972533e-07, 2.30864728223e-07, 1.09816994609e-07, 7.57721636546e-08, 6.59368524225e-08],
        "mean": [0.000479345646454, 0.00034926700755, 0.000525954877958, 0.000659739715047, 0.000178203627001, 7.57981979405e-05, 4.1073308239e-05, 4.98412628076e-05, 0.000167516554939, 0.00249467487447, 0.000186874225619, 5.88107468502e-05, 5.82586799283e-05, 7.06347782398e-05, 1.98619818548e-05, 2.10408470593e-05, 0.000131776745548, 0.000149210623931, 0.000130689659272, 6.51143564028e-05, 9.66852167039e-05, 0.000131080581923, 0.000145186088048, 3.86948959203e-05, 4.98711924592e-05, 2.85071491817e-05, 1.71498668351e-05, 8.74642046256e-06, 3.82708822144e-06, 8.68819006428e-06, 4.38385131929e-06, 1.51762196765e-06, 1.05904393877e-06, 8.07415929671e-08, 5.38251399007e-08, 5.43908207362e-08, 4.70500971517e-08, 2.86976717945e-08, 3.03989153849e-08, 1.84082473709e-08],
        "median": [0.000367371860193, 0.000231205733144, 0.000287016155198, 0.000609141192399, 0.000107777865196, 2.71235621767e-05, 2.79070845863e-05, 3.31847877533e-05, 0.000154421140905, 0.00274640624411, 0.000194594773347, 4.7977653594e-05, 5.00090573041e-05, 5.20220564795e-05, 1.63262939168e-05, 1.64040011441e-05, 0.000108483734948, 0.000135189169669, 0.000106375438918, 5.5852906371e-05, 9.15995697142e-05, 0.000118395932077, 9.30922979023e-05, 3.59841324098e-05, 4.65712910227e-05, 2.63926285697e-05, 1.55118232215e-05, 7.9029441622e-06, 3.65095866073e-06, 8.0949448602e-06, 3.60748026651e-06, 1.38201266964e-06, 6.96950337442e-07, 6.8957298538e-08, 4.74707313458e-08, 4.46039507551e-08, 3.6052622221e-08, 2.44454092524e-08, 2.58994283797e-08, 1.49701726571e-08],
        "min": [1.04913206087e-05, 8.32619298308e-06, 9.56905387284e-06, 5.60801254323e-06, 9.71924009718e-07, 1.01608605974e-07, 3.80107849196e-07, 3.29049640868e-07, 1.68559608937e-06, 1.10973996925e-05, 4.49334038422e-06, 1.44444834405e-06, 3.62389141628e-06, 2.30280056712e-06, 4.84856570893e-07, 1.19190781334e-06, 4.24134623245e-06, 1.73130410985e-06, 3.34040942107e-06, 1.70276177869e-06, 3.72545719074e-06, 9.98489576887e-06, 1.33763051053e-05, 3.32321246788e-06, 5.08105767949e-06, 2.10222196984e-06, 2.08319590911e-07, 2.57147007687e-07, 2.10532064671e-07, 3.55783043915e-07, 1.67246128058e-07, 9.15668678658e-08, 7.02579754375e-08, 1.43372569372e-09, 3.36713124049e-09, 4.3412389239e-09, 1.64860092244e-09, 1.58433877129e-09, 1.32588817703e-09, 1.03781128136e-09],
        "var": [1.6469451225e-07, 1.10677106591e-07, 4.28931372198e-07, 1.19817983091e-07, 4.29641779931e-08, 1.83274906362e-08, 1.39125522214e-09, 2.60941224184e-09, 1.62642361801e-08, 1.46944569224e-06, 1.106799985e-08, 1.99752236973e-09, 1.09162268114e-09, 3.4013756256e-09, 1.60616825395e-10, 2.32346530904e-10, 9.07272035278e-09, 7.13555214915e-09, 7.07136571521e-09, 1.42100686773e-09, 2.01307992498e-09, 4.69110217338e-09, 1.67396301265e-08, 3.18757353845e-10, 4.64327548633e-10, 1.72277636601e-10, 6.10450717753e-11, 2.2047134951e-11, 3.42939890895e-12, 2.31967223208e-11, 7.68379197075e-12, 8.99900325698e-13, 8.69679220132e-13, 4.19786564044e-15, 9.61631952216e-16, 1.20423108216e-15, 1.1770491596e-15, 3.93324910665e-16, 2.32356569313e-16, 1.67067640316e-16]
    },
    "mfcc": {
        "mean": [-619.97833252, 141.26651001, -71.5088348389, 48.1016616821, -2.26173448563, -1.29450190067, 1.19630396366, 7.73988246918, 23.9025878906, 4.35388183594, 1.77680146694, -11.8143081665, -22.1557273865],
        "cov": [[366.253326416, -5.31885194778, 1.11365354061, 11.8441648483, -17.3529911041, 7.35956811905, -30.5714988708, -25.2984199524, -2.93258404732, 1.53538918495, -7.08121299744, 3.63189697266, 0.478062957525], [-5.31885194778, 142.045013428, 63.1366615295, 6.76096868515, 19.3169498444, 1.49472665787, 24.7090454102, -13.495798111, -27.3544998169, -18.9155025482, -11.8418264389, -2.18548583984, 49.5641517639], [1.11365354061, 63.1366615295, 89.859664917, 22.0827579498, 24.4860553741, 6.66664838791, 17.7330055237, -1.83381521702, -19.7408638, -19.3007202148, -13.1054096222, 0.949610888958, 34.1769485474], [11.8441648483, 6.76096868515, 22.0827579498, 49.8127059937, 19.3910942078, 17.8607673645, 4.2730307579, -5.67652225494, -8.93891334534, -28.1702308655, -0.860735595226, -5.77761173248, 15.5533151627], [-17.3529911041, 19.3169498444, 24.4860553741, 19.3910942078, 44.7579154968, 27.6674785614, 11.7554149628, 1.68243360519, -20.0991954803, -8.38338565826, -8.43954944611, -5.58987617493, 28.3642845154], [7.35956811905, 1.49472665787, 6.66664838791, 17.8607673645, 27.6674785614, 72.6064071655, 15.694067955, 6.33169460297, -21.5898132324, -30.9324398041, -8.25378704071, -5.82616758347, 6.29870605469], [-30.5714988708, 24.7090454102, 17.7330055237, 4.2730307579, 11.7554149628, 15.694067955, 38.4673271179, 16.826215744, -0.741234481335, -5.90412759781, -0.657055079937, -0.477584779263, 13.2335395813], [-25.2984199524, -13.495798111, -1.83381521702, -5.67652225494, 1.68243360519, 6.33169460297, 16.826215744, 47.7862091064, 14.5548496246, -3.88397479057, 2.64875483513, 16.1059303284, 1.34141993523], [-2.93258404732, -27.3544998169, -19.7408638, -8.93891334534, -20.0991954803, -21.5898132324, -0.741234481335, 14.5548496246, 52.3645477295, 32.103931427, 13.9232654572, 7.87203025818, -8.9857006073], [1.53538918495, -18.9155025482, -19.3007202148, -28.1702308655, -8.38338565826, -30.9324398041, -5.90412759781, -3.88397479057, 32.103931427, 82.1034393311, 14.4596996307, -5.22287464142, -7.09642028809], [-7.08121299744, -11.8418264389, -13.1054096222, -0.860735595226, -8.43954944611, -8.25378704071, -0.657055079937, 2.64875483513, 13.9232654572, 14.4596996307, 34.1540374756, 9.182513237, 2.67155575752], [3.63189697266, -2.18548583984, 0.949610888958, -5.77761173248, -5.58987617493, -5.82616758347, -0.477584779263, 16.1059303284, 7.87203025818, -5.22287464142, 9.182513237, 36.949596405, 13.7660589218], [0.478062957525, 49.5641517639, 34.1769485474, 15.5533151627, 28.3642845154, 6.29870605469, 13.2335395813, 1.34141993523, -8.9857006073, -7.09642028809, 2.67155575752, 13.7660589218, 86.3359909058]],
