{
"lowlevel": {
    "average_loudness": 0.844982504845,
    "barkbands_crest": {
        "dmean": 2.52562236786,
        "dmean2": 4.28895330429,
        "dvar": 4.66268539429,
        "dvar2": 13.4951295853,
        "max": 21.2944450378,
        "mean": 11.2495718002,
        "median": 10.2031154633,
        "min": 5.63156270981,
        "var": 15.1871328354
    },
    "barkbands_flatness_db": {
        "dmean": 0.0157223641872,
        "dmean2": 0.023929445073,
        "dvar": 0.000187461409951,
        "dvar2": 0.000306111527607,
        "max": 0.275010436773,
        "mean": 0.204726397991,
        "median": 0.22054900229,
        "min": 0.122971266508,
        "var": 0.00173999823164
    },
    "barkbands_kurtosis": {
        "dmean": 3.98111867905,
        "dmean2": 5.8401055336,
        "dvar": 10.5414457321,
        "dvar2": 20.9103679657,
        "max": 34.1812362671,
        "mean": 14.0485076904,
        "median": 13.9371948242,
        "min": 0.460663080215,
        "var": 45.495223999
    },
    "barkbands_skewness": {
        "dmean": 0.463779479265,
        "dmean2": 0.712077617645,
        "dvar": 0.145780384541,
        "dvar2": 0.286268204451,
        "max": 4.38718128204,
        "mean": 2.33877968788,
        "median": 2.72493362427,
        "min": -0.118143081665,
        "var": 1.53095960617
    },
    "barkbands_spread": {
        "dmean": 1.92323708534,
        "dmean2": 2.85372829437,
        "dvar": 4.37819194794,
        "dvar2": 9.89607048035,
        "max": 21.5497646332,
        "mean": 8.80788516998,
        "median": 6.12770271301,
        "min": 3.01600456238,
        "var": 27.8935012817
    },
    "dissonance": {
        "dmean": 0.0376170836389,
        "dmean2": 0.0632571876049,
        "dvar": 0.000880939594936,
        "dvar2": 0.00197597942315,
        "max": 0.493710696697,
        "mean": 0.418776243925,
        "median": 0.428518027067,
        "min": 0.193048998713,
        "var": 0.002931562718
    },
    "dynamic_complexity": 6.05097198486,
    "erbbands_crest": {
        "dmean": 1.97751045227,
        "dmean2": 3.13424658775,
        "dvar": 2.82690405846,
        "dvar2": 6.71206760406,
        "max": 21.2688922882,
        "mean": 11.3738327026,
        "median": 10.5357170105,
        "min": 4.59938335419,
        "var": 19.5795383453
    },
    "erbbands_flatness_db": {
        "dmean": 0.0129229482263,
        "dmean2": 0.019108466804,
        "dvar": 0.000148979423102,
        "dvar2": 0.000201998656848,
        "max": 0.325040906668,
        "mean": 0.23762857914,
        "median": 0.251207560301,
        "min": 0.155582621694,
        "var": 0.00310176750645
    },
    "erbbands_kurtosis": {
        "dmean": 1.22940993309,
        "dmean2": 1.83993530273,
        "dvar": 1.35731446743,
        "dvar2": 3.12358355522,
        "max": 15.273273468,
        "mean": 3.39767479897,
        "median": 2.41736888885,
        "min": -0.692704439163,
        "var": 10.8988780975
    },
    "erbbands_skewness": {
        "dmean": 0.360363721848,
        "dmean2": 0.571291267872,
        "dvar": 0.0776086896658,
        "dvar2": 0.174798443913,
        "max": 2.95147442818,
        "mean": 0.810417592525,
        "median": 0.796715021133,
        "min": -0.445538461208,
        "var": 0.366734057665
    },
    "erbbands_spread": {
        "dmean": 2.24299240112,
        "dmean2": 3.54007124901,
        "dvar": 10.288687706,
        "dvar2": 24.7495136261,
        "max": 37.2876167297,
        "mean": 12.3256731033,
        "median": 9.39105701447,
        "min": 4.4652132988,
        "var": 46.8429298401
    },
    "hfc": {
        "dmean": 1.76199412346,
        "dmean2": 2.46114611626,
        "dvar": 13.2501955032,
        "dvar2": 19.3012924194,
        "max": 69.4250946045,
        "mean": 10.0807275772,
        "median": 3.09929060936,
        "min": 0.063819244504,
        "var": 224.676101685
    },
    "melbands_crest": {
        "dmean": 3.01367807388,
        "dmean2": 5.15627479553,
        "dvar": 4.78456401825,
        "dvar2": 12.2545814514,
        "max": 22.179271698,
        "mean": 12.098490715,
        "median": 11.9374856949,
        "min": 7.23107099533,
        "var": 10.6412277222
    },
    "melbands_flatness_db": {
        "dmean": 0.017624238506,
        "dmean2": 0.0280798636377,
        "dvar": 0.000295523379464,
        "dvar2": 0.000465721386718,
        "max": 0.376023858786,
        "mean": 0.303299933672,
        "median": 0.302852630615,
        "min": 0.206536158919,
        "var": 0.00160360091832
    },
    "melbands_kurtosis": {
        "dmean": 2.27516031265,
        "dmean2": 3.64881443977,
        "dvar": 6.12781858444,
        "dvar2": 14.8889074326,
        "max": 18.3751373291,
        "mean": 3.92990469933,
        "median": 2.71500778198,
        "min": -0.580121278763,
        "var": 16.3480033875
    },
    "melbands_skewness": {
        "dmean": 0.39503505826,
        "dmean2": 0.60893881321,
        "dvar": 0.128876134753,
        "dvar2": 0.350640892982,
        "max": 3.67829871178,
        "mean": 1.05373191833,
        "median": 0.968167245388,
        "min": -0.560042500496,
        "var": 0.93957477808
    },
    "melbands_spread": {
        "dmean": 1.98077869415,
        "dmean2": 2.94459009171,
        "dvar": 4.51245546341,
        "dvar2": 9.66548633575,
        "max": 25.8270816803,
        "mean": 8.23062705994,
        "median": 7.7371931076,
        "min": 4.6802740097,
        "var": 8.34222602844
    },
    "pitch_salience": {
        "dmean": 0.0622153505683,
        "dmean2": 0.103690348566,
        "dvar": 0.00290811783634,
        "dvar2": 0.00728389201686,
        "max": 0.875613451004,
        "mean": 0.620595991611,
        "median": 0.632456660271,
        "min": 0.34307461977,
        "var": 0.0117054656148
    },
    "silence_rate_20dB": {
        "dmean": 0,
        "dmean2": 0,
        "dvar": 0,
        "dvar2": 0,
        "max": 1,
        "mean": 1,
        "median": 1,
        "min": 1,
        "var": 0
    },
    "silence_rate_30dB": {
        "dmean": 0,
        "dmean2": 0,
        "dvar": 0,
        "dvar2": 0,
        "max": 1,
        "mean": 1,
        "median": 1,
        "min": 1,
        "var": 0
    },
    "silence_rate_60dB": {
        "dmean": 0.0333333350718,
        "dmean2": 0.0561797767878,
        "dvar": 0.0322222299874,
        "dvar2": 0.0530236177146,
        "max": 1,
        "mean": 0.351648360491,
        "median": 0,
        "min": 0,
        "var": 0.227991878986
    },
    "spectral_centroid": {
        "dmean": 59.8478775024,
        "dmean2": 95.7566146851,
        "dvar": 4837.62158203,
        "dvar2": 8136.125,
        "max": 1090.09362793,
        "mean": 566.918212891,
        "median": 519.70135498,
        "min": 375.384063721,
        "var": 22035.8867188
    },
    "spectral_complexity": {
        "dmean": 1.72222220898,
        "dmean2": 2.53932595253,
        "dvar": 2.84506368637,
        "dvar2": 6.29340171814,
        "max": 27,
        "mean": 8.62637329102,
        "median": 7,
        "min": 0,
        "var": 21.3109741211
    },
    "spectral_decrease": {
        "dmean": 7.59233786951e-10,
        "dmean2": 1.12619114034e-09,
        "dvar": 1.62576517774e-18,
        "dvar2": 2.72031744764e-18,
        "max": -1.93167686707e-11,
        "mean": -3.59796481497e-09,
        "median": -1.41252132213e-09,
        "min": -2.17973763483e-08,
        "var": 2.30653076869e-17
    },
    "spectral_energy": {
        "dmean": 0.00302181113511,
        "dmean2": 0.00446734111756,
        "dvar": 2.63319161604e-05,
        "dvar2": 4.35713445768e-05,
        "max": 0.0885651409626,
        "mean": 0.0144938714802,
        "median": 0.00559567147866,
        "min": 7.86945020081e-05,
        "var": 0.000379251345294
    },
    "spectral_energyband_high": {
        "dmean": 9.58172586252e-06,
        "dmean2": 1.17808567666e-05,
        "dvar": 2.60626964455e-10,
        "dvar2": 2.77881329058e-10,
        "max": 0.000400856311899,
        "mean": 4.42036762252e-05,
        "median": 2.54820661212e-05,
        "min": 1.0697928019e-06,
        "var": 4.35405977939e-09
    },
    "spectral_energyband_low": {
        "dmean": 0.0001564379927,
        "dmean2": 0.000259592954535,
        "dvar": 1.74780065976e-08,
        "dvar2": 4.20055528139e-08,
        "max": 0.00077210762538,
        "mean": 0.000247651973041,
        "median": 0.000219825771637,
        "min": 4.96003303851e-06,
        "var": 2.50600820095e-08
    },
    "spectral_energyband_middle_high": {
        "dmean": 0.00143558334094,
        "dmean2": 0.00223170290701,
        "dvar": 1.40604042826e-05,
        "dvar2": 2.39210985455e-05,
        "max": 0.0654648020864,
        "mean": 0.00740792648867,
        "median": 0.000738221046049,
        "min": 6.80895527694e-06,
        "var": 0.00019956662436
    },
    "spectral_energyband_middle_low": {
        "dmean": 0.00206792331301,
        "dmean2": 0.00340698799118,
        "dvar": 8.15145995148e-06,
        "dvar2": 2.12457161979e-05,
        "max": 0.0307768806815,
        "mean": 0.00718206120655,
        "median": 0.00458473153412,
        "min": 6.79923396092e-05,
        "var": 5.24833994859e-05
    },
    "spectral_entropy": {
        "dmean": 0.148624971509,
        "dmean2": 0.226910918951,
        "dvar": 0.0261627100408,
        "dvar2": 0.0345788598061,
        "max": 7.92734670639,
        "mean": 6.69633054733,
        "median": 6.75358295441,
        "min": 6.04656124115,
        "var": 0.131028041244
    },
    "spectral_flux": {
        "dmean": 0.00775369256735,
        "dmean2": 0.0119562922046,
        "dvar": 0.000130511703901,
        "dvar2": 0.000132330838824,
        "max": 0.224908426404,
        "mean": 0.0448896326125,
        "median": 0.0364104658365,
        "min": 0.0143116088584,
        "var": 0.000979621196166
    },
    "spectral_kurtosis": {
        "dmean": 4.74188184738,
        "dmean2": 7.25297164917,
        "dvar": 16.7291927338,
        "dvar2": 36.0635719299,
        "max": 45.9714546204,
        "mean": 26.8307037354,
        "median": 25.9428539276,
        "min": 4.04615926743,
        "var": 81.0817871094
    },
    "spectral_rms": {
        "dmean": 0.000367328990251,
        "dmean2": 0.000551164208446,
        "dvar": 1.42416681115e-07,
        "dvar2": 2.31222855973e-07,
        "max": 0.0092954300344,
        "mean": 0.00305531965569,
        "median": 0.00233649136499,
        "min": 0.000277083250694,
        "var": 4.80538983538e-06
    },
    "spectral_rolloff": {
        "dmean": 99.53125,
        "dmean2": 170.572006226,
        "dvar": 29939.0019531,
        "dvar2": 72013.21875,
        "max": 1873.38867188,
        "mean": 767.623291016,
        "median": 818.26171875,
        "min": 430.6640625,
        "var": 31319.9707031
    },
    "spectral_skewness": {
        "dmean": 0.388072192669,
        "dmean2": 0.614900588989,
        "dvar": 0.146667480469,
        "dvar2": 0.270770400763,
        "max": 5.25557899475,
        "mean": 3.835750103,
        "median": 3.9023501873,
        "min": 1.58481693268,
        "var": 0.608926773071
    },
    "spectral_spread": {
        "dmean": 492804.1875,
        "dmean2": 638659.75,
        "dvar": 3.16907113677e+12,
        "dvar2": 1.70717649306e+12,
        "max": 23655282,
        "mean": 2955469.75,
        "median": 2607824.25,
        "min": 1565567.875,
        "var": 5.33966671053e+12
    },
    "spectral_strongpeak": {
        "dmean": 0.390093654394,
        "dmean2": 0.639657497406,
        "dvar": 0.324720978737,
        "dvar2": 0.51002573967,
        "max": 7.88486099243,
        "mean": 1.43967580795,
        "median": 0.511013567448,
        "min": 0.0121396388859,
        "var": 3.89160060883
    },
    "zerocrossingrate": {
        "dmean": 0.00755208311602,
        "dmean2": 0.0103636328131,
        "dvar": 5.19233180967e-05,
        "dvar2": 0.000102261488792,
        "max": 0.12744140625,
        "mean": 0.0608741827309,
        "median": 0.05078125,
        "min": 0.02099609375,
        "var": 0.000715051777661
    },
    "barkbands": {
        "dmean": [6.20857576905e-07, 1.62147534866e-05, 9.32236434892e-05, 0.000114460250188, 0.000805969117209, 0.000898114289157, 0.000684336293489, 0.00108365679625, 0.000292211596388, 0.00135540612973, 7.96015592641e-05, 4.19266725658e-05, 1.60803028848e-05, 2.59571243078e-05, 2.9979946703e-05, 2.35141360463e-05, 9.88550164038e-06, 8.46448074299e-06, 8.70444364409e-06, 5.47659647054e-06, 3.0082333069e-06, 1.9953915853e-06, 1.07210462374e-06, 2.98673000998e-07, 2.7886449061e-07, 1.34837748078e-07, 5.4209940572e-06],
        "dmean2": [7.20341802207e-07, 2.67547366093e-05, 0.000158591967192, 0.000201113536605, 0.00130986503791, 0.00156156171579, 0.000999475945719, 0.00185879261699, 0.000425546430051, 0.00209833704866, 0.000127246777993, 6.77890056977e-05, 2.80079457298e-05, 3.25216969941e-05, 4.73446161777e-05, 3.6486719182e-05, 1.58780803758e-05, 1.47757700688e-05, 1.25489350467e-05, 9.04912303668e-06, 4.34105822933e-06, 1.93883215616e-06, 1.41707255352e-06, 3.87991775597e-07, 4.49454631735e-07, 1.6859107177e-07, 8.63056084199e-06],
        "dvar": [2.0719525054e-11, 2.50192255802e-10, 6.37495833899e-09, 1.22650858358e-08, 6.00739781476e-07, 1.37617882956e-06, 9.65312665357e-07, 4.06674053011e-06, 2.39553287429e-07, 1.2156629964e-05, 2.21445937143e-08, 9.54540446685e-09, 1.02555086645e-09, 3.83815379479e-09, 7.09842096214e-09, 4.92091434268e-09, 6.3125582539e-10, 7.76119113421e-10, 7.65453811447e-10, 2.79339634757e-10, 9.58350343527e-11, 3.71276447086e-11, 1.59750962458e-11, 2.39511427184e-12, 1.79690865052e-12, 6.12381618938e-13, 2.19275899521e-11],
        "dvar2": [2.09536884371e-11, 6.57293497408e-10, 1.33289450588e-08, 3.32606084896e-08, 1.54807150921e-06, 3.50387381332e-06, 2.30504929277e-06, 9.8479904409e-06, 5.61798799481e-07, 2.17802062252e-05, 5.09519253455e-08, 2.1575628395e-08, 2.41625941477e-09, 6.25746787719e-09, 1.75226499977e-08, 1.16489164981e-08, 1.7441783573e-09, 1.98642946536e-09, 1.21943277698e-09, 6.28117724499e-10, 2.31198074574e-10, 3.71022657042e-11, 2.82583661332e-11, 2.33971761236e-12, 3.69427101757e-12, 6.01640102755e-13, 6.41769762333e-11],
        "max": [4.38027345808e-05, 8.24917078717e-05, 0.000453598098829, 0.000710416992661, 0.00623068539426, 0.00733155338094, 0.00793110951781, 0.0176526494324, 0.00492702051997, 0.0631619915366, 0.00144728377927, 0.000941183185205, 0.000232584934565, 0.000615505792666, 0.000597743841354, 0.000718652852811, 0.000282529479591, 0.000344621133991, 0.000350314046955, 0.000167812861037, 0.00011490288307, 0.000137475741212, 6.15406679572e-05, 1.74198066816e-05, 9.13901294552e-06, 7.85435986472e-06, 4.23508317908e-05],
        "mean": [9.04343323782e-07, 2.38107677433e-05, 0.000139313066029, 0.000143990502693, 0.00158691091929, 0.00116353458725, 0.00156175799202, 0.0017650607042, 0.000530148565304, 0.00708304531872, 0.000134937828989, 8.76230551512e-05, 2.67124705715e-05, 4.44397010142e-05, 4.36909685959e-05, 4.13628840761e-05, 2.10058751691e-05, 1.89886523003e-05, 1.96422843146e-05, 1.2163671272e-05, 6.62175852995e-06, 6.99925703884e-06, 2.36341611526e-06, 4.63988129695e-07, 3.32764159339e-07, 4.15245807517e-07, 2.43579670496e-05],
        "median": [4.11962957969e-07, 1.79719791049e-05, 0.000122261451907, 0.000110547058284, 0.00129667553119, 0.000479678477859, 0.00113910692744, 0.000364061997971, 9.72619454842e-05, 0.000582498556469, 4.39717077825e-05, 2.30489476962e-05, 1.03158017737e-05, 7.69874077378e-06, 7.91195725469e-06, 9.27177552512e-06, 4.63318701804e-06, 1.71833937657e-06, 1.09620145849e-06, 2.09300924325e-06, 9.71899680735e-07, 3.76716684514e-07, 1.77809141633e-07, 1.32128946007e-07, 1.5345720783e-07, 3.22778618056e-07, 2.36221476371e-05],
        "min": [1.51438342755e-07, 9.8636940038e-07, 2.38341090153e-06, 2.85234773401e-06, 4.27041322837e-06, 2.47720186053e-06, 1.0562080206e-05, 8.41891414893e-06, 5.39765733265e-06, 4.66600886284e-06, 1.01808700492e-06, 5.78221317937e-07, 5.58836745768e-07, 2.9854817285e-07, 8.68690861466e-08, 2.15539344595e-07, 3.56204395757e-07, 2.20629317482e-07, 1.16315568732e-07, 1.17814998646e-07, 1.22799050928e-07, 7.46016084463e-08, 5.75771075262e-08, 6.74452707017e-08, 5.39746629613e-08, 6.06336243436e-08, 6.41447456928e-07],
        "var": [2.04689893507e-11, 3.61130375603e-10, 8.84692230585e-09, 1.35896289777e-08, 1.94578296941e-06, 2.04885122912e-06, 2.85058035843e-06, 9.82957772067e-06, 7.80304617365e-07, 0.000184507167432, 5.04836457083e-08, 2.35471926402e-08, 1.6914953882e-09, 9.58450652178e-09, 9.61498791696e-09, 8.46893133399e-09, 2.0388248867e-09, 2.95467583733e-09, 3.21583293328e-09, 8.84501472065e-10, 2.65891225704e-10, 4.73454775385e-10, 7.73555941525e-11, 3.45000221967e-12, 1.36520514945e-12, 6.1841097564e-13, 2.89342716453e-11]
    },
    "erbbands": {
        "dmean": [0.000133496185299, 0.00504047330469, 0.0642332434654, 0.308624774218, 0.97863227129, 3.8449754715, 7.61578559875, 6.01898002625, 11.0651493073, 24.8531188965, 7.60796976089, 5.31712055206, 28.8193950653, 25.6323051453, 1.94616365433, 2.04879045486, 0.803620040417, 1.086550951, 0.885687112808, 2.18802452087, 0.746388018131, 0.500305891037, 0.432383269072, 0.514568865299, 0.299968093634, 0.232980638742, 0.1356767416, 0.0904897898436, 0.0722610279918, 0.0448575168848, 0.0264156293124, 0.00955146737397, 0.00366707146168, 0.00428000604734, 0.00106144323945, 0.000559199950658, 0.000274663296295, 0.000135964277433, 9.39979654504e-05, 0.000150764419232],
        "dmean2": [0.000210857673665, 0.00837457086891, 0.10877572, 0.504991412163, 1.56286633015, 6.41592216492, 12.5543842316, 10.1733589172, 16.0627765656, 42.747795105, 12.443441391, 7.81658792496, 33.2858848572, 42.5103569031, 3.07640886307, 3.28364229202, 1.37280499935, 1.33755207062, 1.35133302212, 3.51107883453, 1.14024472237, 0.840592205524, 0.728822410107, 0.896273314953, 0.336111187935, 0.36196154356, 0.180804878473, 0.121051780879, 0.0852617919445, 0.0390717759728, 0.0377416275442, 0.0112410420552, 0.00492373527959, 0.00731788249686, 0.00135573069565, 0.000710700405762, 0.000358649180271, 0.000196925058844, 0.00015410411288, 0.000229738448979],
        "dvar": [3.37486767421e-08, 2.06945751415e-05, 0.00338861835189, 0.0553659424186, 0.876128613949, 14.7238893509, 82.7488098145, 69.1322555542, 240.596359253, 1755.33154297, 197.181503296, 94.365447998, 5037.35058594, 3628.97119141, 9.90196704865, 22.576921463, 2.9257979393, 5.5907702446, 4.03226089478, 48.7567481995, 2.4171500206, 1.6536231041, 2.62028837204, 2.84372186661, 0.987911224365, 0.506148219109, 0.135966613889, 0.0962486043572, 0.0407300144434, 0.0216474607587, 0.0127337863669, 0.00168122630566, 0.000340811093338, 0.000428078667028, 4.35574947915e-05, 1.04056052805e-05, 2.1281221052e-06, 2.6577899348e-07, 1.13237144106e-08, 1.56586725808e-08],
        "dvar2": [5.96044671397e-08, 5.25951909367e-05, 0.00697707338259, 0.151686236262, 2.48766708374, 37.0929336548, 243.20022583, 173.393981934, 481.747314453, 5109.18115234, 426.827514648, 178.171585083, 5453.01416016, 10036.5761719, 22.0785579681, 48.7641067505, 7.25393629074, 9.74365901947, 7.29355287552, 125.001731873, 4.98568725586, 4.65007781982, 6.64429664612, 7.49745893478, 1.24052166939, 1.11153972149, 0.217269986868, 0.211024612188, 0.0631715357304, 0.0113035133108, 0.0253447629511, 0.00137914856896, 0.000401861499995, 0.00107853976078, 4.5186628995e-05, 1.05040080598e-05, 2.07378616324e-06, 2.54667355648e-07, 1.84731305808e-08, 4.69175347462e-08],
        "max": [0.00197742599994, 0.0262248758227, 0.306145578623, 1.71266627312, 7.79819059372, 26.0429821014, 57.9966964722, 54.1848564148, 115.604957581, 319.175140381, 142.152023315, 134.0884552, 1420.60998535, 918.214904785, 52.8752593994, 43.6184577942, 13.8031425476, 23.9025726318, 22.88331604, 58.3489837646, 19.0714683533, 16.3827896118, 21.0698757172, 16.3708019257, 12.3393554688, 8.02274513245, 5.41271495819, 3.88257789612, 4.83348941803, 3.25539135933, 1.66211688519, 0.554689407349, 0.19260661304, 0.127221569419, 0.0644903928041, 0.0320350751281, 0.0147784398869, 0.00556135876104, 0.00136636127718, 0.00110180699266],
        "mean": [0.000295090576401, 0.00859875883907, 0.110962942243, 0.426974356174, 1.97601616383, 6.10852336884, 10.9134998322, 8.253947258, 22.5883979797, 38.6459617615, 16.5379123688, 14.0465526581, 162.867889404, 103.035148621, 6.65753364563, 3.90096330643, 1.42121815681, 1.89348113537, 2.12217926979, 2.76240968704, 1.87074828148, 1.31318199635, 1.08288681507, 1.11576795578, 0.692267596722, 0.581586956978, 0.389426231384, 0.199410766363, 0.294197946787, 0.135003596544, 0.0606369040906, 0.0164908394217, 0.0054740360938, 0.00418485794216, 0.00196698401123, 0.00132528122049, 0.00083483941853, 0.000504733296111, 0.000603298482019, 0.000649163208436],
        "median": [0.000230253906921, 0.00693373475224, 0.0979841351509, 0.384151995182, 1.46197938919, 4.11816930771, 6.54722118378, 4.30968952179, 15.2387428284, 16.2466907501, 3.52401089668, 2.74102163315, 13.2853384018, 9.05401039124, 1.74512720108, 0.871225357056, 0.506079077721, 0.380608201027, 0.398644566536, 0.490041822195, 0.480847537518, 0.259360164404, 0.105830743909, 0.0708106905222, 0.0611006990075, 0.092625670135, 0.0731473267078, 0.0243016779423, 0.0146072441712, 0.00839319359511, 0.004745347891, 0.00294461916201, 0.00203743274324, 0.00157661060803, 0.00118264032062, 0.000968274776824, 0.000668880646117, 0.000449989136541, 0.000606084475294, 0.000626660359558],
        "min": [1.8830955014e-05, 0.000284152134554, 0.00215986417606, 0.00707744807005, 0.0114887002856, 0.0149565329775, 0.0173939000815, 0.0222601667047, 0.0640046596527, 0.32440084219, 0.139918729663, 0.239150136709, 0.274946480989, 0.0923245474696, 0.0273703504354, 0.0243176873773, 0.0256545394659, 0.0216147806495, 0.00448006950319, 0.00736933853477, 0.0145575497299, 0.0190755054355, 0.0129660461098, 0.00814867112786, 0.00535398907959, 0.00607433822006, 0.00468810694292, 0.00449111498892, 0.00294150761329, 0.00196375604719, 0.00166204897687, 0.00134911376517, 0.00110869901255, 0.000689378764946, 0.000352011964424, 0.000210948535823, 0.000116057934065, 5.32919257239e-05, 3.08329836116e-05, 1.63209624588e-05],
        "var": [6.84195953227e-08, 3.46933047695e-05, 0.00476125068963, 0.0891433358192, 2.91445112228, 31.0111598969, 138.865936279, 98.0093383789, 633.682556152, 3410.74829102, 693.89642334, 585.354187012, 92711.8203125, 40280.3867188, 116.984825134, 50.9515266418, 5.09060144424, 14.2767553329, 20.5322952271, 51.7964553833, 11.5753593445, 7.98813772202, 9.96811485291, 9.17615604401, 3.85104060173, 2.15357303619, 0.76032012701, 0.300323069096, 0.787289738655, 0.217735126615, 0.0550229735672, 0.00392413185909, 0.000424186291639, 0.00027764699189, 4.38465249317e-05, 1.05346480268e-05, 2.17775368583e-06, 2.90812238291e-07, 1.53846801965e-08, 2.19314806316e-08]
    },
    "gfcc": {
        "mean": [-121.02494812, 129.005661011, -96.0630187988, -39.7274932861, -53.5070991516, -40.2157897949, -19.2150058746, -19.3087501526, -16.8161697388, -20.1691188812, -20.6249103546, -7.88550424576, 2.22201251984],
        "cov": [[3209.82885742, 419.657867432, -1342.88903809, 94.6049499512, -659.49206543, -262.760223389, 322.21105957, 71.3003387451, 124.93976593, -135.856948853, -60.5223045349, 88.6410827637, 65.741897583], [419.657867432, 367.2237854, -48.3268508911, -122.973960876, -108.751434326, -149.010574341, 82.9964828491, 41.3184661865, 0.532200098038, 18.306634903, -8.45603561401, 1.51338410378, 43.6257591248], [-1342.88903809, -48.3268508911, 737.126220703, -75.470703125, 285.491394043, 69.8201522827, -139.252822876, -5.36547422409, -71.2337265015, 84.219039917, 26.6191196442, -43.7550468445, 8.61431312561], [94.6049499512, -122.973960876, -75.470703125, 118.773841858, -0.850097715855, 42.1589317322, -6.05050706863, -17.6365528107, 11.021645546, -28.483045578, -7.39322042465, 1.04574203491, -6.10614156723], [-659.49206543, -108.751434326, 285.491394043, -0.850097715855, 221.894378662, 92.0079421997, -89.1094589233, -47.6493797302, -27.3640117645, 21.723733902, 7.51616001129, -22.276134491, -22.8601398468], [-262.760223389, -149.010574341, 69.8201522827, 42.1589317322, 92.0079421997, 107.670768738, -27.848361969, -10.5417203903, 5.14435100555, -8.73315048218, 1.1704543829, -1.60241019726, -33.941280365], [322.21105957, 82.9964828491, -139.252822876, -6.05050706863, -89.1094589233, -27.848361969, 87.380607605, 39.0786552429, 15.8461170197, -20.4268188477, -10.33943367, 12.1681003571, 5.19372415543], [71.3003387451, 41.3184661865, -5.36547422409, -17.6365528107, -47.6493797302, -10.5417203903, 39.0786552429, 68.282409668, 16.7910861969, 12.7850179672, -2.61913585663, -8.46302318573, -3.94569897652], [124.93976593, 0.532200098038, -71.2337265015, 11.021645546, -27.3640117645, 5.14435100555, 15.8461170197, 16.7910861969, 43.1430244446, -1.85504388809, -3.18841171265, -2.9379029274, -18.948266983], [-135.856948853, 18.306634903, 84.219039917, -28.483045578, 21.723733902, -8.73315048218, -20.4268188477, 12.7850179672, -1.85504388809, 38.9797744751, 11.9757242203, -15.2445421219, 1.86018764973], [-60.5223045349, -8.45603561401, 26.6191196442, -7.39322042465, 7.51616001129, 1.1704543829, -10.33943367, -2.61913585663, -3.18841171265, 11.9757242203, 23.9724826813, 7.02492856979, 4.97971725464], [88.6410827637, 1.51338410378, -43.7550468445, 1.04574203491, -22.276134491, -1.60241019726, 12.1681003571, -8.46302318573, -2.9379029274, -15.2445421219, 7.02492856979, 37.1301956177, 13.8725261688], [65.741897583, 43.6257591248, 8.61431312561, -6.10614156723, -22.8601398468, -33.941280365, 5.19372415543, -3.94569897652, -18.948266983, 1.86018764973, 4.97971725464, 13.8725261688, 41.5192642212]],
        "icov": [[0.00355430296622, -0.00555373588577, 0.0058026900515, -0.0037079823669, 0.00286747631617, -0.00432168599218, 0.00385641376488, -0.00190313556232, 0.000240736844717, -0.000634168682154, 0.00152940500993, -0.0005028428277, -0.00403616018593], [-0.00555373588577, 0.0227081142366, -0.0102521702647, 0.0136138247326, -0.00914921425283, 0.02361991629, -0.0195032749325, 0.00519718741998, -0.0067356149666, 6.35227479506e-05, 0.00162687979173, 0.00118890660815, 0.00259869429283], [0.0058026900515, -0.0102521702647, 0.0150351403281, -0.00535145262256, -0.00175302685238, -0.0077148033306, 0.011759461835, -0.0104644307867, 0.00474257813767, -0.00249479571357, 0.00159798248205, -0.00047363145859, -0.00981682911515], [-0.0037079823669, 0.0136138247326, -0.00535145262256, 0.0243598893285, -0.00212225411087, 0.00301503832452, -0.00625497009605, 0.00479022832587, -0.00865031778812, 0.0117916511372, -0.00114067154936, 0.011138533242, -0.00926739908755], [0.00286747631617, -0.00914921425283, -0.00175302685238, -0.00212225411087, 0.0289252158254, -0.0254808142781, 0.00822858512402, 0.0144495423883, 0.00236900243908, -0.00393104972318, 0.0030980380252, 0.00664751371369, -0.000771068618633], [-0.00432168599218, 0.02361991629, -0.0077148033306, 0.00301503832452, -0.0254808142781, 0.0585258118808, -0.019918339327, -0.00714035192505, -0.00564326252788, 0.00580780534074, -0.0014908114681, -0.0135165564716, 0.021555505693], [0.00385641376488, -0.0195032749325, 0.011759461835, -0.00625497009605, 0.00822858512402, -0.019918339327, 0.0512578189373, -0.0253714006394, 0.0063787731342, 0.0189956147224, -0.00110067077912, -0.00185208325274, -0.00673771742731], [-0.00190313556232, 0.00519718741998, -0.0104644307867, 0.00479022832587, 0.0144495423883, -0.00714035192505, -0.0253714006394, 0.0448857881129, -0.00966829340905, -0.0201538540423, 0.00583395920694, 0.00739224255085, 0.00330723426305], [0.000240736844717, -0.0067356149666, 0.00474257813767, -0.00865031778812, 0.00236900243908, -0.00564326252788, 0.0063787731342, -0.00966829340905, 0.0453046858311, -0.0100927017629, -0.000199656729819, -0.00661518611014, 0.0227765906602], [-0.000634168682154, 6.35227479506e-05, -0.00249479571357, 0.0117916511372, -0.00393104972318, 0.00580780534074, 0.0189956147224, -0.0201538540423, -0.0100927017629, 0.079310759902, -0.0349704399705, 0.0281332135201, -0.0118839843199], [0.00152940500993, 0.00162687979173, 0.00159798248205, -0.00114067154936, 0.0030980380252, -0.0014908114681, -0.00110067077912, 0.00583395920694, -0.000199656729819, -0.0349704399705, 0.068424962461, -0.024946834892, -0.00184700312093], [-0.0005028428277, 0.00118890660815, -0.00047363145859, 0.011138533242, 0.00664751371369, -0.0135165564716, -0.00185208325274, 0.00739224255085, -0.00661518611014, 0.0281332135201, -0.024946834892, 0.0583540908992, -0.0259567424655], [-0.00403616018593, 0.00259869429283, -0.00981682911515, -0.00926739908755, -0.000771068618633, 0.021555505693, -0.00673771742731, 0.00330723426305, 0.0227765906602, -0.0118839843199, -0.00184700312093, -0.0259567424655, 0.0665945410728]]
    },
    "melbands": {
        "dmean": [2.75307911579e-06, 2.42599544436e-05, 4.73949949082e-05, 0.00017787735851, 0.000221348847845, 0.00014137494145, 0.00015576343867, 0.000291132339044, 4.04467718909e-05, 4.18373456341e-05, 0.000162425538292, 0.000139046023833, 7.92053288023e-06, 5.53558220417e-06, 2.8054471386e-06, 1.90042305803e-06, 2.16304761125e-06, 1.45265482843e-06, 3.00873352899e-06, 2.36051914726e-06, 7.59463432587e-07, 5.16747888923e-07, 5.31850901098e-07, 3.64855964108e-07, 5.09650135427e-07, 2.90611666287e-07, 2.34849395042e-07, 1.51482140609e-07, 9.95996458641e-08, 1.02164406712e-07, 3.49428859181e-08, 4.3035910835e-08, 6.06139991532e-08, 2.16743192283e-08, 2.08673007762e-08, 7.9160660249e-09, 4.75655781429e-09, 2.22280283069e-09, 3.98270083579e-09, 3.12401349234e-09],
        "dmean2": [4.42377449872e-06, 4.08751984651e-05, 7.5199350249e-05, 0.00028827888309, 0.000376498966943, 0.000240568202571, 0.000230999488849, 0.000500456197187, 6.32075389149e-05, 6.07460533502e-05, 0.000205165284569, 0.00022955267923, 1.35126811074e-05, 8.92935258889e-06, 4.51799678558e-06, 3.02822877529e-06, 2.75857473753e-06, 2.2456035822e-06, 5.02429247717e-06, 3.63238268619e-06, 1.2555185549e-06, 9.03456225387e-07, 8.26172424695e-07, 6.3425505914e-07, 8.68545384947e-07, 3.10794291636e-07, 3.57452961453e-07, 2.51800543083e-07, 1.41026077927e-07, 1.56621368319e-07, 4.83700759446e-08, 5.94090465711e-08, 6.3093310132e-08, 2.60466812563e-08, 3.04285592279e-08, 7.86635201422e-09, 6.59822330107e-09, 2.75094591551e-09, 6.79547662585e-09, 5.23532639463e-09],
        "dvar": [8.16757425581e-12, 4.87275220173e-10, 1.31369126688e-09, 3.05738758755e-08, 6.41443307359e-08, 3.80371361075e-08, 4.86429101443e-08, 2.56956695921e-07, 5.85455817159e-09, 5.40750422218e-09, 1.69516113147e-07, 1.1109824527e-07, 1.92795210352e-10, 1.73831199435e-10, 2.56996299242e-11, 1.49578543995e-11, 2.273682978e-11, 1.45525067691e-11, 8.16582287899e-11, 5.61930051102e-11, 1.90133087226e-12, 1.3118030967e-12, 3.67454721165e-12, 1.82075860465e-12, 2.69691018649e-12, 1.03889813419e-12, 5.57130134127e-13, 2.0652888579e-13, 6.23836174233e-14, 1.99913043476e-13, 7.34611092253e-15, 1.40938599834e-14, 6.3320720466e-14, 4.80196699732e-15, 8.51121998807e-15, 1.19986780369e-15, 3.89476866455e-16, 1.54887134481e-16, 3.65893722198e-16, 2.14923810696e-16],
        "dvar2": [2.02189306964e-11, 1.03632336046e-09, 3.50658146964e-09, 7.62663532328e-08, 1.79032880965e-07, 9.63066426607e-08, 9.95638487211e-08, 7.08534571459e-07, 1.13809770497e-08, 1.17591456572e-08, 1.98550608843e-07, 2.84971491737e-07, 4.82256345968e-10, 3.6679137505e-10, 6.58528231945e-11, 3.81735129618e-11, 3.84501354367e-11, 2.61756710057e-11, 2.12933226607e-10, 1.37403866063e-10, 4.43950822285e-12, 3.68924162053e-12, 1.08790129683e-11, 3.8365591086e-12, 7.62712202423e-12, 1.02600285039e-12, 1.38083674269e-12, 4.16361660861e-13, 7.88839818661e-14, 4.86538218568e-13, 1.52826173618e-14, 3.45102398535e-14, 5.34506317787e-14, 7.50806362205e-15, 1.85366638353e-14, 5.56734056863e-16, 4.21931410285e-16, 1.52740554469e-16, 9.09344396623e-16, 5.13304560075e-16],
        "max": [2.0107756427e-05, 0.000118596595712, 0.00030879327096, 0.00115805026144, 0.00171927653719, 0.00127666105982, 0.00162964651827, 0.00405153632164, 0.000833464029711, 0.000815054518171, 0.00805734563619, 0.00513039389625, 0.000148427759996, 0.000121818069601, 4.78589026898e-05, 2.61865206994e-05, 4.73855325254e-05, 4.4480941142e-05, 6.02178042755e-05, 6.98047879268e-05, 1.54779318109e-05, 1.50366058733e-05, 1.97442332137e-05, 1.80328806891e-05, 1.44693349284e-05, 1.25310371004e-05, 5.46431783732e-06, 5.86360192756e-06, 3.58275451617e-06, 4.08523374062e-06, 1.33066248509e-06, 2.09583481592e-06, 4.53735901829e-06, 1.1414065284e-06, 1.22004803416e-06, 5.60265561944e-07, 2.27036920819e-07, 1.3731079207e-07, 1.16226473779e-07, 8.64500719899e-08],
        "mean": [4.49241997558e-06, 4.32094129792e-05, 8.86414927663e-05, 0.000309947790811, 0.000359272962669, 0.000194387714146, 0.000322060455801, 0.000447000114946, 9.91816923488e-05, 7.90466656326e-05, 0.000919600657653, 0.000572535675019, 1.52636457642e-05, 1.06930046968e-05, 5.49936112293e-06, 2.57328201769e-06, 3.70429370378e-06, 3.40435190083e-06, 3.84599024983e-06, 3.29726958626e-06, 1.86326462881e-06, 1.37011068091e-06, 9.70195742411e-07, 9.6760481938e-07, 9.09863672405e-07, 7.06523053395e-07, 3.31560187306e-07, 4.01844516773e-07, 2.82099279048e-07, 1.67488281022e-07, 8.87443079023e-08, 1.42868373132e-07, 1.70618392303e-07, 5.09561530748e-08, 4.06347311355e-08, 1.6489128285e-08, 6.90351331656e-09, 3.62699359435e-09, 3.8560235005e-09, 3.15173487309e-09],
        "median": [3.29319254888e-06, 3.85908606404e-05, 8.51174845593e-05, 0.000203091782168, 0.000235809347942, 9.08227229957e-05, 0.00022812919633, 0.000153653803864, 2.00080630748e-05, 1.57386039064e-05, 7.23033226677e-05, 4.58561517007e-05, 5.79672678214e-06, 2.69230145022e-06, 1.78301684173e-06, 7.79468336987e-07, 6.83546943492e-07, 6.50853735351e-07, 5.67902588955e-07, 7.94438051344e-07, 5.07189952259e-07, 2.85344952999e-07, 1.5255240271e-07, 7.61210401379e-08, 5.48285896684e-08, 4.64026150837e-08, 3.82901852447e-08, 6.77156464235e-08, 4.87911506752e-08, 2.14369197948e-08, 1.14720339894e-08, 8.97194496474e-09, 6.25248208763e-09, 4.18107148903e-09, 2.8154989451e-09, 1.98869942736e-09, 1.70600267246e-09, 1.37259792421e-09, 1.31739497089e-09, 1.21961529764e-09],
        "min": [2.25143907073e-07, 8.82872654984e-07, 1.35351024255e-06, 9.63911816143e-07, 6.32014803159e-07, 4.71415262382e-07, 1.26803581679e-06, 3.64727407032e-06, 1.16210776469e-06, 1.07066648525e-06, 1.31008005155e-06, 3.72782892555e-07, 1.05674594408e-07, 5.7621829086e-08, 7.89437279991e-08, 4.60826328208e-08, 3.75241455686e-08, 4.63543203821e-09, 7.87924392398e-09, 1.17508349717e-08, 1.93775413493e-08, 2.21951861334e-08, 1.14282894259e-08, 1.1379161613e-08, 6.09985484346e-09, 3.91179266757e-09, 4.13698897361e-09, 3.88213061697e-09, 2.44485720557e-09, 2.90213564291e-09, 2.65318078618e-09, 1.75798531288e-09, 1.19786081054e-09, 1.0643846915e-09, 1.02687780501e-09, 8.1696865939e-10, 7.79113162874e-10, 7.45274453262e-10, 7.29722726689e-10, 5.44298550675e-10],
        "var": [1.34459179901e-11, 7.02279345788e-10, 3.00740388148e-09, 7.77039659283e-08, 1.25121516703e-07, 5.52279360022e-08, 1.27792404214e-07, 5.25241830474e-07, 2.4785217434e-08, 1.85904767136e-08, 2.97922292702e-06, 1.24655048239e-06, 5.41046096814e-10, 3.75579817247e-10, 7.74005998183e-11, 2.01058024396e-11, 5.77578436467e-11, 6.17782838774e-11, 8.90967369327e-11, 6.81538991909e-11, 1.04924922917e-11, 8.12862884642e-12, 7.06622651017e-12, 8.33602457895e-12, 6.29824708012e-12, 4.65567168151e-12, 7.54234185957e-13, 1.08243026088e-12, 3.76860733375e-13, 2.54537385093e-13, 5.29255831598e-14, 1.66806618431e-13, 3.68742037772e-13, 3.07876452468e-14, 2.61896048197e-14, 4.38890248675e-15, 6.29077182124e-16, 2.07210993376e-16, 2.44591324962e-16, 1.45183683856e-16]
    },
    "mfcc": {
        "mean": [-787.929016113, 199.652236938, -9.03956794739, 7.30178546906, -26.5740604401, -15.554564476, -16.2320575714, -6.63023805618, 0.920523166656, -9.47143650055, -18.4850845337, -13.7884302139, -5.34295701981],
        "cov": [[4390.41894531, -122.177108765, -971.784179688, 138.967559814, -976.490478516, -219.174606323, -320.256408691, 253.690383911, -26.219417572, 188.561279297, -24.5920200348, -271.86920166, -65.8153991699], [-122.177108765, 462.820831299, 85.2256546021, -4.46892976761, -61.699256897, -109.777839661, 28.2291946411, -80.5266952515, 47.6865730286, -4.75722122192, -41.3426551819, 59.3715705872, 29.6755580902], [-971.784179688, 85.2256546021, 313.916992188, -4.8347029686, 202.743835449, 5.47940158844, 81.8417510986, -70.4650497437, 29.5069408417, -30.4856987, -15.538025856, 74.4201202393, 33.886882782], [138.967559814, -4.46892976761, -4.8347029686, 58.964389801, -28.0467014313, -11.1035604477, -7.89687919617, -1.49348568916, 2.78344035149, 6.02650499344, -25.4802818298, -22.7834777832, 6.54057359695], [-976.490478516, -61.699256897, 202.743835449, -28.0467014313, 319.30090332, 112.977005005, 66.8863525391, -55.3898391724, -8.86959075928, -48.7303276062, 21.8280849457, 32.6395378113, 14.4165258408], [-219.174606323, -109.777839661, 5.47940158844, -11.1035604477, 112.977005005, 104.959655762, 10.5288076401, 17.5433883667, -24.5212287903, -26.175365448, 19.1154403687, -18.9472160339, -15.9285373688], [-320.256408691, 28.2291946411, 81.8417510986, -7.89687919617, 66.8863525391, 10.5288076401, 60.7681045532, -13.6855831146, 9.59702396393, -10.3696231842, -3.93433761597, 20.5633010864, 7.93139791489], [253.690383911, -80.5266952515, -70.4650497437, -1.49348568916, -55.3898391724, 17.5433883667, -13.6855831146, 84.241317749, 5.33373403549, 11.1873130798, 22.6775417328, -17.5129413605, -18.7792663574], [-26.219417572, 47.6865730286, 29.5069408417, 2.78344035149, -8.86959075928, -24.5212287903, 9.59702396393, 5.33373403549, 36.5157241821, 16.4419956207, 4.0592508316, 12.3487930298, 5.9012799263], [188.561279297, -4.75722122192, -30.4856987, 6.02650499344, -48.7303276062, -26.175365448, -10.3696231842, 11.1873130798, 16.4419956207, 50.5360908508, 16.6168613434, -5.87156438828, 2.26920866966], [-24.5920200348, -41.3426551819, -15.538025856, -25.4802818298, 21.8280849457, 19.1154403687, -3.93433761597, 22.6775417328, 4.0592508316, 16.6168613434, 51.061630249, 9.79733467102, -5.89043903351], [-271.86920166, 59.3715705872, 74.4201202393, -22.7834777832, 32.6395378113, -18.9472160339, 20.5633010864, -17.5129413605, 12.3487930298, -5.87156438828, 9.79733467102, 54.251789093, 13.3381023407], [-65.8153991699, 29.6755580902, 33.886882782, 6.54057359695, 14.4165258408, -15.9285373688, 7.93139791489, -18.7792663574, 5.9012799263, 2.26920866966, -5.89043903351, 13.3381023407, 24.0407314301]],
