{
"lowlevel": {
    "average_loudness": 0.973363101482,
    "barkbands_crest": {
        "dmean": 2.72411322594,
        "dmean2": 4.67342090607,
        "dvar": 4.7355222702,
        "dvar2": 12.5981140137,
        "max": 17.9372367859,
        "mean": 7.61789178848,
        "median": 7.02834892273,
        "min": 3.16943669319,
        "var": 7.54975366592
    },
    "barkbands_flatness_db": {
        "dmean": 0.0320926755667,
        "dmean2": 0.0530034862459,
        "dvar": 0.000627708330285,
        "dvar2": 0.00173791870475,
        "max": 0.320075690746,
        "mean": 0.169076636434,
        "median": 0.163470610976,
        "min": 0.103662110865,
        "var": 0.00129830453079
    },
    "barkbands_kurtosis": {
        "dmean": 0.78072476387,
        "dmean2": 1.29145550728,
        "dvar": 0.456018954515,
        "dvar2": 1.25783193111,
        "max": 4.09350204468,
        "mean": 0.0343644060194,
        "median": -0.0755527019501,
        "min": -1.62322747707,
        "var": 0.692331552505
    },
    "barkbands_skewness": {
        "dmean": 0.461433559656,
        "dmean2": 0.762426435947,
        "dvar": 0.138251766562,
        "dvar2": 0.361528337002,
        "max": 1.46088063717,
        "mean": -0.148682355881,
        "median": -0.145292147994,
        "min": -2.02888298035,
        "var": 0.237370580435
    },
    "barkbands_spread": {
        "dmean": 3.36779260635,
        "dmean2": 5.57153367996,
        "dvar": 7.77723550797,
        "dvar2": 22.4744873047,
        "max": 22.7564678192,
        "mean": 11.7023305893,
        "median": 11.2535743713,
        "min": 4.48333787918,
        "var": 11.6608419418
    },
    "dissonance": {
        "dmean": 0.0358259193599,
        "dmean2": 0.0624919012189,
        "dvar": 0.0010396190919,
        "dvar2": 0.00289573380724,
        "max": 0.499999940395,
        "mean": 0.462865561247,
        "median": 0.475053548813,
        "min": 0.323337584734,
        "var": 0.00119285692926
    },
    "dynamic_complexity": 2.81629037857,
    "erbbands_crest": {
        "dmean": 2.58240628242,
        "dmean2": 4.41472768784,
        "dvar": 5.45530414581,
        "dvar2": 15.2491264343,
        "max": 21.8103981018,
        "mean": 8.66379547119,
        "median": 8.07672119141,
        "min": 3.83837127686,
        "var": 7.63719320297
    },
    "erbbands_flatness_db": {
        "dmean": 0.0285456348211,
        "dmean2": 0.0483215637505,
        "dvar": 0.000474114727695,
        "dvar2": 0.00126549520064,
        "max": 0.394760578871,
        "mean": 0.275914102793,
        "median": 0.271536827087,
        "min": 0.216480746865,
        "var": 0.000957691983785
    },
    "erbbands_kurtosis": {
        "dmean": 0.853801846504,
        "dmean2": 1.4134991169,
        "dvar": 0.857322156429,
        "dvar2": 2.11741113663,
        "max": 8.56020069122,
        "mean": 0.229747921228,
        "median": 0.0406224727631,
        "min": -1.48409354687,
        "var": 1.07479441166
    },
    "erbbands_skewness": {
        "dmean": 0.432408094406,
        "dmean2": 0.732474267483,
        "dvar": 0.124485075474,
        "dvar2": 0.282700121403,
        "max": 1.59758460522,
        "mean": -0.189511463046,
        "median": -0.157080173492,
        "min": -2.29132986069,
        "var": 0.243265062571
    },
    "erbbands_spread": {
        "dmean": 4.08038473129,
        "dmean2": 6.89356327057,
        "dvar": 14.8797063828,
        "dvar2": 39.620262146,
        "max": 38.887462616,
        "mean": 14.3550004959,
        "median": 13.5714588165,
        "min": 5.47999095917,
        "var": 19.9280471802
    },
    "hfc": {
        "dmean": 31.193113327,
        "dmean2": 56.8588066101,
        "dvar": 1136.94787598,
        "dvar2": 3031.72802734,
        "max": 162.67755127,
        "mean": 22.835193634,
        "median": 4.23854446411,
        "min": 0.427543818951,
        "var": 1003.22113037
    },
    "melbands_crest": {
        "dmean": 3.90432095528,
        "dmean2": 6.79770088196,
        "dvar": 11.0779037476,
        "dvar2": 30.8844947815,
        "max": 26.0772781372,
        "mean": 9.66625595093,
        "median": 8.96677112579,
        "min": 3.36065840721,
        "var": 14.3381252289
    },
    "melbands_flatness_db": {
        "dmean": 0.0346003174782,
        "dmean2": 0.0578432828188,
        "dvar": 0.00067090545781,
        "dvar2": 0.00188625091687,
        "max": 0.297602057457,
        "mean": 0.173644706607,
        "median": 0.165829151869,
        "min": 0.104035563767,
        "var": 0.00140857754741
    },
    "melbands_kurtosis": {
        "dmean": 0.878074347973,
        "dmean2": 1.53696930408,
        "dvar": 0.742517769337,
        "dvar2": 1.95649051666,
        "max": 6.60223197937,
        "mean": 0.16203930974,
        "median": 0.0312757492065,
        "min": -1.55980968475,
        "var": 0.992550730705
    },
    "melbands_skewness": {
        "dmean": 0.468537718058,
        "dmean2": 0.775196075439,
        "dvar": 0.171842500567,
        "dvar2": 0.456741571426,
        "max": 2.45055127144,
        "mean": 0.205651476979,
        "median": 0.143353521824,
        "min": -1.26602065563,
        "var": 0.252201586962
    },
    "melbands_spread": {
        "dmean": 7.39690828323,
        "dmean2": 12.8164052963,
        "dvar": 39.0825691223,
        "dvar2": 104.398475647,
        "max": 52.2170639038,
        "mean": 26.2854118347,
        "median": 25.45728302,
        "min": 8.82914638519,
        "var": 59.9097518921
    },
    "pitch_salience": {
        "dmean": 0.0950957834721,
        "dmean2": 0.162976160645,
        "dvar": 0.00750172976404,
        "dvar2": 0.0182875562459,
        "max": 0.873343348503,
        "mean": 0.699115276337,
        "median": 0.707515537739,
        "min": 0.369408845901,
        "var": 0.00984049402177
    },
    "silence_rate_20dB": {
        "dmean": 0,
        "dmean2": 0,
        "dvar": 0,
        "dvar2": 0,
        "max": 1,
        "mean": 1,
        "median": 1,
        "min": 1,
        "var": 0
    },
    "silence_rate_30dB": {
        "dmean": 0,
        "dmean2": 0,
        "dvar": 0,
        "dvar2": 0,
        "max": 1,
        "mean": 1,
        "median": 1,
        "min": 1,
        "var": 0
    },
    "silence_rate_60dB": {
        "dmean": 0.284615397453,
        "dmean2": 0.568123400211,
        "dvar": 0.203609347343,
        "dvar2": 0.358469039202,
        "max": 1,
        "mean": 0.329923272133,
        "median": 0,
        "min": 0,
        "var": 0.221073493361
    },
    "spectral_centroid": {
        "dmean": 318.068908691,
        "dmean2": 515.38470459,
        "dvar": 63043.1914062,
        "dvar2": 181315.234375,
        "max": 3027.59423828,
        "mean": 2018.9753418,
        "median": 2065.76025391,
        "min": 868.062072754,
        "var": 140671.859375
    },
    "spectral_complexity": {
        "dmean": 8.0846157074,
        "dmean2": 12.9125967026,
        "dvar": 40.1184844971,
        "dvar2": 97.5500869751,
        "max": 43,
        "mean": 11.521739006,
        "median": 10,
        "min": 0,
        "var": 62.1676902771
    },
    "spectral_decrease": {
        "dmean": 4.01835764663e-09,
        "dmean2": 7.27845739235e-09,
        "dvar": 1.78627188283e-17,
        "dvar2": 4.73000006057e-17,
        "max": -7.34046989859e-11,
        "mean": -3.08487191347e-09,
        "median": -7.01958935423e-10,
        "min": -1.78585803923e-08,
        "var": 1.64696325258e-17
    },
    "spectral_energy": {
        "dmean": 0.0179820712656,
        "dmean2": 0.0326065160334,
        "dvar": 0.00035738045699,
        "dvar2": 0.000946498010308,
        "max": 0.07828681916,
        "mean": 0.0137142231688,
        "median": 0.00299215596169,
        "min": 0.000315825862344,
        "var": 0.000328323338181
    },
    "spectral_energyband_high": {
        "dmean": 0.000273713405477,
        "dmean2": 0.000512498954777,
        "dvar": 2.2740404404e-07,
        "dvar2": 6.41526355594e-07,
        "max": 0.00346249109134,
        "mean": 0.000181989002158,
        "median": 2.63540114247e-05,
        "min": 8.41145606501e-07,
        "var": 1.52992768676e-07
    },
    "spectral_energyband_low": {
        "dmean": 2.30594032473e-05,
        "dmean2": 4.05178470828e-05,
        "dvar": 6.85401679856e-10,
        "dvar2": 1.87644544347e-09,
        "max": 0.000167948150192,
        "mean": 2.15581567318e-05,
        "median": 1.10818418761e-05,
        "min": 5.82352242873e-07,
        "var": 6.21108331433e-10
    },
    "spectral_energyband_middle_high": {
        "dmean": 0.0159797929227,
        "dmean2": 0.0291316267103,
        "dvar": 0.000291702279355,
        "dvar2": 0.000773898267653,
        "max": 0.0736619010568,
        "mean": 0.011805803515,
        "median": 0.00240922858939,
        "min": 0.000192263905774,
        "var": 0.000260402186541
    },
    "spectral_energyband_middle_low": {
        "dmean": 0.00200199661776,
        "dmean2": 0.00350263039581,
        "dvar": 1.02392505141e-05,
        "dvar2": 2.84486050077e-05,
        "max": 0.0338854975998,
        "mean": 0.00175003113691,
        "median": 0.000665763800498,
        "min": 1.5126089238e-05,
        "var": 8.06031221146e-06
    },
    "spectral_entropy": {
        "dmean": 0.228583991528,
        "dmean2": 0.386880010366,
        "dvar": 0.0347758382559,
        "dvar2": 0.0946095511317,
        "max": 7.79759740829,
        "mean": 7.35220956802,
        "median": 7.40036964417,
        "min": 6.02824926376,
        "var": 0.0639371573925
    },
    "spectral_flux": {
        "dmean": 0.058215983212,
        "dmean2": 0.0979772657156,
        "dvar": 0.00296418881044,
        "dvar2": 0.00521715637296,
        "max": 0.252795398235,
        "mean": 0.0989981070161,
        "median": 0.0925434604287,
        "min": 0.0121825933456,
        "var": 0.00454950798303
    },
    "spectral_kurtosis": {
        "dmean": 7.75476026535,
        "dmean2": 14.7338657379,
        "dvar": 54.8350563049,
        "dvar2": 177.643249512,
        "max": 50.2520751953,
        "mean": 10.9410705566,
        "median": 7.83722496033,
        "min": 2.7140750885,
        "var": 51.5389976501
    },
    "spectral_rms": {
        "dmean": 0.00233349832706,
        "dmean2": 0.00404169457033,
        "dvar": 4.38353299614e-06,
        "dvar2": 1.1533335055e-05,
        "max": 0.00873941555619,
        "mean": 0.00288348272443,
        "median": 0.00170855980832,
        "min": 0.000555088103283,
        "var": 5.06525975652e-06
    },
    "spectral_rolloff": {
        "dmean": 382.352325439,
        "dmean2": 647.822998047,
        "dvar": 106553.320312,
        "dvar2": 300707.28125,
        "max": 3940.57617188,
        "mean": 2429.23168945,
        "median": 2540.91796875,
        "min": 1141.25976562,
        "var": 196629.859375
    },
    "spectral_skewness": {
        "dmean": 0.746150970459,
        "dmean2": 1.39565908909,
        "dvar": 0.513381540775,
        "dvar2": 1.70679700375,
        "max": 4.68946504593,
        "mean": 1.84563434124,
        "median": 1.62311995029,
        "min": 0.731365799904,
        "var": 0.485529601574
    },
    "spectral_spread": {
        "dmean": 423657.96875,
        "dmean2": 747224.625,
        "dvar": 268431458304,
        "dvar2": 621824966656,
        "max": 9053558,
        "mean": 2100180.25,
        "median": 2050329.375,
        "min": 1304778.375,
        "var": 289534410752
    },
    "spectral_strongpeak": {
        "dmean": 1.14939165115,
        "dmean2": 2.00863909721,
        "dvar": 1.92726922035,
        "dvar2": 4.58710622787,
        "max": 14.3392353058,
        "mean": 1.30533564091,
        "median": 0.757213711739,
        "min": 0.0222452078015,
        "var": 2.31472682953
    },
    "zerocrossingrate": {
        "dmean": 0.00698993401602,
        "dmean2": 0.00922336895019,
        "dvar": 2.97889946523e-05,
        "dvar2": 4.91867140227e-05,
        "max": 0.1044921875,
        "mean": 0.0741175934672,
        "median": 0.07470703125,
        "min": 0.017578125,
        "var": 0.000173163993168
    },
    "barkbands": {
        "dmean": [1.163351385e-06, 1.92388051801e-05, 3.73399507225e-06, 4.6850104809e-06, 0.000161549847689, 0.000100386925624, 0.000772460014559, 0.000124604746816, 0.000891688745469, 0.00148305785842, 0.000934183073696, 0.00269489781931, 0.00233125430532, 0.00219379970804, 0.00176870007999, 0.00173881812952, 0.00199464033358, 0.0014678617008, 0.000397369032726, 0.000246671639616, 0.000146550868521, 4.27739614679e-05, 1.62529686349e-05, 5.55367159905e-06, 2.87960870082e-06, 9.2901473181e-07, 2.53343102941e-07],
        "dmean2": [2.03037325264e-06, 3.45499756804e-05, 6.69266728437e-06, 8.76233389135e-06, 0.000282779743429, 0.000168818340171, 0.00136302527972, 0.000222335700528, 0.00163546565454, 0.00269643752836, 0.00169269333128, 0.00491112144664, 0.00431110104546, 0.00404487922788, 0.0032720179297, 0.00308929104358, 0.00363222346641, 0.00275668571703, 0.000738923903555, 0.000464032957098, 0.000274379708571, 8.02326685516e-05, 3.05928369926e-05, 1.04076061689e-05, 5.43623627891e-06, 1.74216768301e-06, 4.73466940321e-07],
        "dvar": [1.72486059723e-12, 5.24857324269e-10, 2.14524144976e-11, 8.19083273429e-11, 2.85929615984e-07, 2.5298765749e-08, 1.49101231273e-06, 2.31978120269e-07, 3.97294115828e-06, 5.55515362066e-06, 3.95442975787e-06, 1.74251272256e-05, 1.45671292557e-05, 1.49953357322e-05, 8.23063874122e-06, 1.15751536214e-05, 8.37915558805e-06, 4.03256990467e-06, 3.44742232983e-07, 3.86061145718e-07, 1.16239689874e-07, 3.69968256031e-09, 4.94752794289e-10, 9.01464042302e-11, 1.87807963625e-11, 1.95917262448e-12, 1.49825315457e-13],
        "dvar2": [4.37649699467e-12, 1.46129353062e-09, 5.89208126733e-11, 2.31331620526e-10, 7.65377478729e-07, 6.42353370495e-08, 4.11003566114e-06, 6.14756288542e-07, 1.11421095426e-05, 1.52701250045e-05, 1.0055502571e-05, 4.85142736579e-05, 4.16674483859e-05, 4.33324457845e-05, 2.28453027376e-05, 2.94844594464e-05, 2.25450203288e-05, 1.11480458145e-05, 9.88317310657e-07, 1.12071461444e-06, 3.30502729184e-07, 1.03336130763e-08, 1.37712008463e-09, 2.50884923947e-10, 5.20361774503e-11, 5.32830637251e-12, 3.76893340755e-13],
        "max": [1.17550571304e-05, 0.000141945740324, 3.16293298965e-05, 9.47000153246e-05, 0.00467039179057, 0.00145613751374, 0.00875770673156, 0.00567338196561, 0.0166491232812, 0.0136008718982, 0.0195831246674, 0.0244535449892, 0.0194608941674, 0.0260423123837, 0.0173165965825, 0.0366134494543, 0.0209526587278, 0.0105296084657, 0.00433582253754, 0.00542755005881, 0.00311976787634, 0.000374913739506, 9.92992863758e-05, 8.38506530272e-05, 2.12240302062e-05, 1.22006458696e-05, 2.66668871518e-06],
        "mean": [1.23416816677e-06, 1.6621692339e-05, 2.83124381895e-06, 3.43063697983e-06, 0.000135531794513, 9.63186757872e-05, 0.000640867161565, 9.53650960582e-05, 0.000652397051454, 0.00105373852421, 0.000748797203414, 0.00182587862946, 0.00152307504322, 0.00148300034925, 0.00119005911984, 0.00131268729456, 0.00143235037103, 0.000946454063524, 0.000259197928244, 0.000155985864694, 9.55155483098e-05, 2.70098316832e-05, 9.95129084913e-06, 3.43478973264e-06, 1.72897864559e-06, 6.02298655394e-07, 1.69685847595e-07],
        "median": [7.6831571505e-07, 8.16508691059e-06, 9.35033881433e-07, 1.13460055218e-06, 1.18027192002e-05, 2.68297098955e-05, 0.000114191207103, 8.46335206006e-06, 6.90390515956e-05, 0.000167731122929, 7.43166383472e-05, 0.000246602750849, 0.000198495181394, 0.000179215538083, 0.00020256380958, 0.000318630831316, 0.000217990789679, 0.000156411828357, 4.39213836216e-05, 2.34352664847e-05, 1.18811331049e-05, 2.97089945889e-06, 8.5269431338e-07, 2.60452651446e-07, 1.12218302206e-07, 8.34749940282e-08, 2.78842300361e-08],
        "min": [1.20153176297e-08, 3.0585880495e-07, 5.61281066069e-09, 1.70516099018e-08, 3.52054456698e-07, 7.75481083792e-08, 2.89623869776e-07, 7.79088296099e-08, 3.70525356175e-07, 1.82142946414e-06, 1.26206032292e-06, 4.61819490738e-06, 7.1069207479e-06, 4.8071206038e-06, 7.98081327957e-06, 7.17701186659e-06, 6.53145752949e-06, 1.00304250736e-05, 1.45806382079e-06, 6.64749506996e-07, 3.6640176404e-07, 1.0908869541e-07, 2.81402972035e-08, 8.13764344798e-09, 8.57235171736e-09, 5.48511014387e-09, 6.06853145513e-09],
        "var": [1.98813188135e-12, 4.40484260178e-10, 1.67599597395e-11, 5.00575761397e-11, 2.50557206982e-07, 2.79355418797e-08, 1.36617552471e-06, 1.85778731066e-07, 2.86074077849e-06, 4.37438438894e-06, 4.62942125523e-06, 1.24768394016e-05, 9.93555113382e-06, 1.00799225038e-05, 5.65885193282e-06, 9.79212745733e-06, 7.25734798834e-06, 2.80734207081e-06, 2.36894521777e-07, 2.21654119059e-07, 7.45928829815e-08, 2.52525711453e-09, 3.35237865245e-10, 5.88824475289e-11, 1.22860653942e-11, 1.29754659708e-12, 1.06328222052e-13]
    },
    "erbbands": {
        "dmean": [0.000521990645211, 0.00438847532496, 0.00581657886505, 0.00969912856817, 0.0859725102782, 0.629882395267, 1.06541991234, 1.16854178905, 11.5247268677, 6.01049947739, 2.45870161057, 14.54936409, 28.1484527588, 74.5158538818, 35.8938064575, 113.226203918, 118.265594482, 73.4273605347, 123.205345154, 90.0619888306, 85.9968948364, 115.494056702, 69.825012207, 57.2581977844, 18.8232803345, 11.1330451965, 8.0255651474, 3.13683152199, 1.61517846584, 0.743937194347, 0.45244923234, 0.171684518456, 0.0694276243448, 0.0381758846343, 0.0169509574771, 0.00493141915649, 0.00161094334908, 0.000404504680773, 5.96782447246e-05, 2.51486544585e-05],
        "dmean2": [0.000907902314793, 0.00798015389591, 0.0104383407161, 0.0179133974016, 0.156525895, 1.12342011929, 1.86070990562, 1.98011577129, 20.2870826721, 10.6312961578, 4.45696592331, 26.1469287872, 51.2954330444, 136.324493408, 63.2968063354, 205.640380859, 217.714096069, 134.796432495, 226.103042603, 165.152648926, 152.626953125, 209.461273193, 130.058395386, 107.345375061, 34.9819412231, 20.7660541534, 15.0579862595, 5.94967889786, 3.03779435158, 1.40328371525, 0.853001058102, 0.322125405073, 0.129988908768, 0.0721205472946, 0.0320260338485, 0.00924039166421, 0.00301986304112, 0.000757197791245, 0.000110542801849, 4.56260568171e-05],
        "dvar": [4.06966023547e-07, 2.80155672954e-05, 4.69225778943e-05, 0.000329726753989, 0.10037432611, 4.92289161682, 12.1098670959, 2.46274375916, 308.368804932, 302.116729736, 47.4351501465, 986.573059082, 2100.97265625, 19788.7832031, 3076.15332031, 29221.125, 35788.9453125, 9077.84960938, 28567.1328125, 16470.671875, 22078.5664062, 30487.0214844, 7421.61962891, 6152.53857422, 906.033508301, 872.389770508, 416.991943359, 22.5597763062, 5.4744849205, 1.13736951351, 0.385726541281, 0.0686762183905, 0.0154164843261, 0.0038582358975, 0.000601935898885, 4.64830409328e-05, 6.58886301608e-06, 4.5273378646e-07, 7.43304839901e-09, 7.07887359841e-10],
        "dvar2": [1.12338193503e-06, 7.88063334767e-05, 0.000128122599563, 0.000920909980778, 0.286180794239, 13.0582046509, 31.2802505493, 6.44177103043, 845.853393555, 848.585388184, 124.781417847, 2660.40722656, 5847.97119141, 55992.5195312, 7259.04541016, 81034.171875, 102967.828125, 25333.6425781, 79896.4453125, 44203.8046875, 56088.4375, 81726.0234375, 20047.0390625, 17460.1308594, 2556.46191406, 2542.8371582, 1197.17749023, 61.4639854431, 15.2223968506, 3.16597509384, 1.07568120956, 0.190858289599, 0.043166372925, 0.0106934690848, 0.00166952353902, 0.000125087302877, 1.80866045412e-05, 1.25512747218e-06, 1.96067944103e-08, 1.87944326768e-09],
        "max": [0.00425275461748, 0.0301947724074, 0.0383161976933, 0.190043717623, 4.26755714417, 21.1076316833, 31.1722660065, 11.9831562042, 127.640792847, 204.831222534, 75.2360839844, 266.802764893, 351.941864014, 871.257324219, 682.468994141, 1213.01831055, 948.496826172, 578.895385742, 902.454650879, 749.334411621, 1568.60913086, 1429.90490723, 529.573059082, 438.134918213, 261.120330811, 324.434295654, 194.027450562, 36.6561660767, 18.3854885101, 5.51955080032, 3.01137042046, 1.53006029129, 1.25882077217, 0.364994555712, 0.0969836786389, 0.0332767963409, 0.0250841602683, 0.00686205038801, 0.000530433957465, 0.000108648833702],
        "mean": [0.000489510654006, 0.00359267927706, 0.00460987212136, 0.00748939393088, 0.0669323801994, 0.557351946831, 0.903883576393, 1.11196923256, 9.4792470932, 4.74026250839, 2.31628966331, 11.322845459, 20.4710006714, 51.9594802856, 29.3050441742, 77.7400817871, 77.1334228516, 50.3380393982, 83.4136581421, 63.4770355225, 66.8901901245, 81.8643341064, 47.5374107361, 36.8847312927, 11.9956569672, 7.19149684906, 5.22116661072, 2.07768678665, 1.02893686295, 0.466644495726, 0.277078062296, 0.106687776744, 0.0423896424472, 0.0227243658155, 0.0103021105751, 0.00314232497476, 0.00104882649612, 0.000267694354989, 3.96603245463e-05, 1.91237922991e-05],
        "median": [0.000251335877692, 0.00158072251361, 0.00164382741787, 0.00249965651892, 0.0125988135114, 0.0434248670936, 0.119006112218, 0.35325923562, 1.75667238235, 0.803206980228, 0.374512284994, 1.35334265232, 3.5994477272, 8.38096141815, 5.82251405716, 14.5791873932, 10.5312137604, 8.39489078522, 12.836856842, 12.9593420029, 15.1440000534, 13.166343689, 8.08037185669, 6.01519203186, 1.83331131935, 1.03836047649, 0.69021743536, 0.282038271427, 0.117485806346, 0.0476416163146, 0.0253914110363, 0.00893403496593, 0.00221046688966, 0.00141197326593, 0.000744555261917, 0.000346291344613, 0.000147349288454, 4.52357526228e-05, 5.70674046685e-06, 4.18388617618e-06],
        "min": [7.75125317887e-06, 3.59425721399e-05, 2.58323252638e-05, 8.12932703411e-05, 0.000307634792989, 0.000702380610164, 0.000934789015446, 0.00486600445583, 0.00633541913703, 0.0116746323183, 0.0101284971461, 0.0213132537901, 0.152662977576, 0.115089319646, 0.110840521753, 0.666230618954, 0.403184205294, 0.375953197479, 0.675244569778, 0.44979095459, 0.41713654995, 0.748936593533, 0.483842223883, 0.31410497427, 0.100032024086, 0.051061693579, 0.0206737779081, 0.00725944666192, 0.00466452445835, 0.00200772914104, 0.000682469573803, 0.000251773919445, 0.000122047800687, 8.20716231829e-05, 5.11295802426e-05, 2.47488660534e-05, 1.05823173726e-05, 3.797702675e-06, 9.60528382166e-07, 5.15510464538e-07],
        "var": [3.67129757706e-07, 2.24811865337e-05, 3.86159481423e-05, 0.000210821861401, 0.0655509382486, 4.60513401031, 10.3307199478, 2.67029547691, 302.281188965, 201.288955688, 47.7384910583, 880.831848145, 1459.75732422, 13190.1044922, 3924.34692383, 20792.46875, 24468.6582031, 6757.90234375, 20989.765625, 12493.0839844, 20271.9804688, 25717.8574219, 5692.20117188, 4238.11083984, 585.793945312, 504.007232666, 261.790679932, 15.520825386, 3.69428777695, 0.758917689323, 0.260899603367, 0.0466111861169, 0.00975123606622, 0.00245742034167, 0.000398613425205, 3.1887775549e-05, 4.27337272413e-06, 2.91981677947e-07, 5.17230258623e-09, 6.35296371065e-10]
    },
    "gfcc": {
        "mean": [-112.640922546, 75.0467376709, -217.347808838, -1.81089353561, -40.025718689, -4.62798404694, -26.7852153778, 1.31752455235, -13.4345207214, 3.99506998062, -2.1514685154, 14.3466424942, -2.03789305687],
        "cov": [[6417.3828125, -904.850891113, -598.264892578, -50.4773483276, -149.424301147, 218.914978027, -223.418884277, 29.022726059, -21.1484851837, -109.787567139, 16.5732879639, -214.433059692, -34.0217819214], [-904.850891113, 726.061523438, 154.801818848, -163.288345337, 33.2499198914, -173.681671143, -1.78932631016, -77.2611846924, -1.44978797436, -47.1589698792, 18.6436882019, 44.4082679749, 72.1321640015], [-598.264892578, 154.801818848, 225.924942017, 28.0883216858, -19.2699985504, -9.614569664, -27.0860805511, -14.3118448257, -43.6335868835, 19.5895080566, -8.88164138794, 15.6439695358, -14.9476490021], [-50.4773483276, -163.288345337, 28.0883216858, 172.587173462, 30.5919799805, 35.8515281677, 10.2197523117, 24.0353984833, 9.0329875946, 55.9751167297, 15.5470180511, -27.1344871521, -42.9270744324], [-149.424301147, 33.2499198914, -19.2699985504, 30.5919799805, 88.9450454712, 11.8231191635, 24.5835266113, 11.907828331, 20.8134803772, 6.09076595306, 16.2793598175, 2.37311506271, 9.89573287964], [218.914978027, -173.681671143, -9.614569664, 35.8515281677, 11.8231191635, 129.89755249, 39.4807624817, 30.2962036133, -13.4271087646, 10.8959026337, -5.13816833496, -13.197136879, -16.3316268921], [-223.418884277, -1.78932631016, -27.0860805511, 10.2197523117, 24.5835266113, 39.4807624817, 100.655906677, 37.3987197876, 16.0565662384, 14.7653331757, 11.2550640106, -0.700852155685, -1.66798865795], [29.022726059, -77.2611846924, -14.3118448257, 24.0353984833, 11.907828331, 30.2962036133, 37.3987197876, 65.9552154541, 31.9967403412, 24.071023941, 17.1082725525, -1.3954719305, -14.8605909348], [-21.1484851837, -1.44978797436, -43.6335868835, 9.0329875946, 20.8134803772, -13.4271087646, 16.0565662384, 31.9967403412, 90.8250427246, 50.42943573, 34.4620628357, 22.1120872498, 2.61757206917], [-109.787567139, -47.1589698792, 19.5895080566, 55.9751167297, 6.09076595306, 10.8959026337, 14.7653331757, 24.071023941, 50.42943573, 92.2386627197, 49.5841331482, 8.9738740921, -14.6036081314], [16.5732879639, 18.6436882019, -8.88164138794, 15.5470180511, 16.2793598175, -5.13816833496, 11.2550640106, 17.1082725525, 34.4620628357, 49.5841331482, 76.5848846436, 25.6484794617, -6.90729808807], [-214.433059692, 44.4082679749, 15.6439695358, -27.1344871521, 2.37311506271, -13.197136879, -0.700852155685, -1.3954719305, 22.1120872498, 8.9738740921, 25.6484794617, 77.6125564575, 29.2928962708], [-34.0217819214, 72.1321640015, -14.9476490021, -42.9270744324, 9.89573287964, -16.3316268921, -1.66798865795, -14.8605909348, 2.61757206917, -14.6036081314, -6.90729808807, 29.2928962708, 67.9266967773]],
        "icov": [[0.000466262572445, -0.00019494323351, 0.00137032871135, -0.00028191212914, 0.00122364331037, -0.00149017199874, 0.00203402223997, -0.000760802126024, -5.93371878495e-05, 0.000827346171718, -0.00133930752054, 0.00133744312916, -0.000621902057901], [-0.00019494323351, 0.0118102701381, -0.0151793304831, 0.00908335484564, -0.00672877393663, 0.0110021494329, -0.0113778533414, 0.0131125431508, -0.0117473006248, 0.0118099395186, -0.0115602426231, 0.00929683912545, -0.00621727807447], [0.00137032871135, -0.0151793304831, 0.0296252779663, -0.0116188507527, 0.00992917828262, -0.0151933571324, 0.0205931849778, -0.0201204251498, 0.0227576997131, -0.0205133184791, 0.0158885847777, -0.0134236514568, 0.00910377595574], [-0.00028191212914, 0.00908335484564, -0.0116188507527, 0.0179205648601, -0.0109274322167, 0.00845085363835, -0.00765711348504, 0.0081873210147, -0.00457060569897, -0.000873297220096, -0.00468246359378, 0.00719812372699, 0.000616411736701], [0.00122364331037, -0.00672877393663, 0.00992917828262, -0.0109274322167, 0.0232077762485, -0.0112761091441, 0.00743973627687, -0.00649803318083, -0.00146354781464, 0.00501015596092, -0.00405823066831, 0.00150448980276, -0.0042214426212], [-0.00149017199874, 0.0110021494329, -0.0151933571324, 0.00845085363835, -0.0112761091441, 0.0254131741822, -0.018105359748, 0.00843986775726, -0.00284150755033, 0.00269198953174, -0.00231303297915, 0.00218918244354, -0.00176881405059], [0.00203402223997, -0.0113778533414, 0.0205931849778, -0.00765711348504, 0.00743973627687, -0.018105359748, 0.0328832492232, -0.0220667570829, 0.0128380376846, -0.0104435933754, 0.00600299192593, -0.00357527122833, 0.00274885306135], [-0.000760802126024, 0.0131125431508, -0.0201204251498, 0.0081873210147, -0.00649803318083, 0.00843986775726, -0.0220667570829, 0.0426695458591, -0.0252714753151, 0.0173078663647, -0.015192611143, 0.0110137052834, -0.00338959717192], [-5.93371878495e-05, -0.0117473006248, 0.0227576997131, -0.00457060569897, -0.00146354781464, -0.00284150755033, 0.0128380376846, -0.0252714753151, 0.0450976416469, -0.0352425463498, 0.0203696358949, -0.0197405330837, 0.0101505573839], [0.000827346171718, 0.0118099395186, -0.0205133184791, -0.000873297220096, 0.00501015596092, 0.00269198953174, -0.0104435933754, 0.0173078663647, -0.0352425463498, 0.0533496551216, -0.0351824872196, 0.0203942265362, -0.0132900103927], [-0.00133930752054, -0.0115602426231, 0.0158885847777, -0.00468246359378, -0.00405823066831, -0.00231303297915, 0.00600299192593, -0.015192611143, 0.0203696358949, -0.0351824872196, 0.0457632951438, -0.0254108291119, 0.0162640735507], [0.00133744312916, 0.00929683912545, -0.0134236514568, 0.00719812372699, 0.00150448980276, 0.00218918244354, -0.00357527122833, 0.0110137052834, -0.0197405330837, 0.0203942265362, -0.0254108291119, 0.0352951511741, -0.017638143152], [-0.000621902057901, -0.00621727807447, 0.00910377595574, 0.000616411736701, -0.0042214426212, -0.00176881405059, 0.00274885306135, -0.00338959717192, 0.0101505573839, -0.0132900103927, 0.0162640735507, -0.017638143152, 0.0289328023791]]
    },
    "melbands": {
        "dmean": [5.06409924128e-06, 4.03843660024e-06, 2.73691625807e-06, 2.21141708607e-05, 3.87127256545e-05, 3.1878498703e-05, 0.000166958838236, 5.58300598641e-05, 2.00965914701e-05, 0.000117499228509, 0.000138711111504, 0.000303786597215, 0.000109385953692, 0.000291946635116, 0.000246221461566, 0.000247657648288, 0.000128610321553, 0.000222982562263, 0.000161780015333, 0.000130238957354, 8.6540763732e-05, 0.000108762331365, 9.16255594348e-05, 7.26419748389e-05, 4.43840290245e-05, 1.58746715897e-05, 1.10683222374e-05, 5.71044665776e-06, 5.94946050114e-06, 2.63526385424e-06, 1.54127212681e-06, 1.03557886177e-06, 5.3891085372e-07, 3.64879582548e-07, 2.80147418152e-07, 1.65254533613e-07, 8.22023338287e-08, 4.96333640854e-08, 3.76353561649e-08, 3.00707796441e-08],
        "dmean2": [8.95754510566e-06, 7.24112214812e-06, 5.1158081078e-06, 3.92331712646e-05, 6.79013537592e-05, 5.41442277608e-05, 0.0002953131916, 9.81747216429e-05, 3.54200783477e-05, 0.00021462336008, 0.000252748897765, 0.000556386599783, 0.000190962149645, 0.000531729368959, 0.000450627005193, 0.000462461699499, 0.000236137231695, 0.000412116176449, 0.00030267983675, 0.000232967489865, 0.000151567030116, 0.000197798610316, 0.00016751496878, 0.00013654633949, 8.33232625155e-05, 2.9441447623e-05, 2.09378049476e-05, 1.06372417576e-05, 1.11759627544e-05, 4.94766072734e-06, 2.90550678983e-06, 1.94674021259e-06, 1.01332784652e-06, 6.89993555625e-07, 5.2789550864e-07, 3.09603734649e-07, 1.54008290565e-07, 9.28330621264e-08, 7.13459442636e-08, 5.69409905893e-08],
        "dvar": [3.69583322279e-11, 2.17015624221e-11, 4.2512326992e-11, 6.79010447868e-09, 1.58054778154e-08, 2.12602957461e-09, 6.64987211962e-08, 3.05906837639e-08, 3.23151128079e-09, 6.88288679385e-08, 5.22787892976e-08, 3.25585858718e-07, 4.46352608208e-08, 2.74946955869e-07, 9.36317050559e-08, 1.76408690322e-07, 4.13319973802e-08, 1.32917392648e-07, 8.22984489446e-08, 7.30803719762e-08, 1.73057319586e-08, 2.77141243288e-08, 1.55845452099e-08, 1.13940972213e-08, 3.76126596535e-09, 5.68649516364e-10, 8.6596585458e-10, 2.71126371354e-10, 2.94689883606e-10, 2.44773385588e-11, 4.90233765041e-12, 2.60508108141e-12, 5.7524254457e-13, 2.94049967752e-13, 1.51174740586e-13, 5.47259754061e-14, 1.94678427296e-14, 8.9415364422e-15, 4.52558099367e-15, 2.41733568147e-15],
        "dvar2": [1.02820238435e-10, 6.04534478033e-11, 1.22142074233e-10, 1.83525621367e-08, 4.15669667575e-08, 5.59160362457e-09, 1.82294186857e-07, 8.52092512105e-08, 7.79546471819e-09, 1.91442040887e-07, 1.45119457784e-07, 9.19316221371e-07, 9.79921424005e-08, 7.80192124239e-07, 2.56350773498e-07, 5.05344246449e-07, 1.17768884422e-07, 3.79664584216e-07, 2.29332698609e-07, 1.87736219459e-07, 4.42585559313e-08, 7.47872590523e-08, 4.14665954906e-08, 3.20218092043e-08, 1.07285886841e-08, 1.61103730356e-09, 2.51487741743e-09, 7.96155141813e-10, 8.49818770909e-10, 6.945637121e-11, 1.34364498694e-11, 7.28731137933e-12, 1.62763552636e-12, 8.180104814e-13, 4.21063574632e-13, 1.54741779286e-13, 5.4038598005e-14, 2.50889261623e-14, 1.26589260314e-14, 6.70205629207e-15],
        "max": [3.89587257814e-05, 2.4668082915e-05, 8.06630123407e-05, 0.000960366276558, 0.00105595460627, 0.000380531826522, 0.00197868444957, 0.00200151372701, 0.000583602581173, 0.00227753631771, 0.00176560517866, 0.00337750231847, 0.003102282295, 0.00299414270557, 0.00176848319825, 0.00215341313742, 0.00141824944876, 0.00214918074198, 0.00178089016117, 0.0028286757879, 0.00124946911819, 0.001338899252, 0.00106456363574, 0.000530238961801, 0.000345401815139, 0.000152112959768, 0.000325784640154, 0.00019656913355, 0.000169930513948, 4.63356482214e-05, 1.68893893715e-05, 1.43193528857e-05, 3.55877637048e-06, 3.19717332786e-06, 1.81399775556e-06, 1.08709195956e-06, 1.01326656932e-06, 9.93660023596e-07, 6.33733634459e-07, 3.13448310862e-07],
        "mean": [4.61519857708e-06, 3.32178774443e-06, 1.99997225536e-06, 1.92582629097e-05, 3.26366825902e-05, 2.92585682473e-05, 0.000138349147164, 4.29045212513e-05, 2.09630325116e-05, 8.64652538439e-05, 0.00010155619384, 0.000211267048144, 9.3937436759e-05, 0.000194935943, 0.000168448925251, 0.000157929462148, 8.8603439508e-05, 0.000148980339873, 0.00010603791452, 9.34718846111e-05, 6.88205400365e-05, 7.66927478253e-05, 6.5508625994e-05, 4.66189194412e-05, 2.85341047856e-05, 1.01657860796e-05, 6.76769150232e-06, 3.76909315492e-06, 3.84463328373e-06, 1.733221211e-06, 9.94709239421e-07, 6.52754863495e-07, 3.41640941315e-07, 2.25775679041e-07, 1.70964298718e-07, 1.01431815835e-07, 5.12252178453e-08, 3.03240383914e-08, 2.24804317384e-08, 1.78251458038e-08],
        "median": [2.40810709329e-06, 1.34134018026e-06, 6.34884258943e-07, 1.70397720467e-06, 3.87803765989e-06, 8.83809389052e-06, 2.48386768362e-05, 6.16234456174e-06, 1.5772078541e-06, 9.70799101196e-06, 1.50315045175e-05, 2.87475377263e-05, 1.29731206471e-05, 2.19674166146e-05, 3.25951259583e-05, 1.80377883225e-05, 1.32695713546e-05, 2.00791855605e-05, 1.65874407685e-05, 1.63596068887e-05, 1.53518412844e-05, 1.13985061034e-05, 1.01159730548e-05, 6.82447125655e-06, 4.66478604721e-06, 1.55476095642e-06, 8.76018816598e-07, 5.92141248035e-07, 4.62995984662e-07, 2.56628339912e-07, 1.31185316832e-07, 7.52943734028e-08, 4.33157048008e-08, 2.01866878768e-08, 1.49325813936e-08, 9.41434930013e-09, 4.10848999266e-09, 1.47139245232e-09, 1.28427279922e-09, 1.10279474441e-09],
        "min": [1.09314903796e-07, 1.8977580396e-08, 1.18254295245e-08, 6.18394864205e-08, 2.92628357101e-08, 1.19071774662e-08, 5.52808998577e-08, 6.78290206224e-08, 1.17574803227e-08, 5.99622680397e-08, 4.92944849384e-08, 3.52471261067e-07, 3.00091130612e-07, 6.11737618783e-07, 1.01734519831e-06, 4.17173225742e-07, 3.26932649841e-07, 7.60204216022e-07, 3.0681616181e-07, 4.92667425078e-07, 4.32798856309e-07, 4.88330158532e-07, 2.71713020084e-07, 4.03435706176e-07, 2.23461213977e-07, 6.90328789688e-08, 2.8085919368e-08, 2.33989663201e-08, 1.5294062905e-08, 2.68106825629e-09, 4.63158134067e-09, 2.70877431596e-09, 1.58606849876e-09, 8.83881190461e-10, 3.85061343922e-10, 2.57384030755e-10, 1.05405115192e-10, 6.29916743766e-11, 1.04052828853e-10, 4.5386160108e-11],
        "var": [3.21026052963e-11, 1.82059610443e-11, 2.45186440595e-11, 6.01006178158e-09, 1.34283109077e-08, 2.2060946403e-09, 6.41839008608e-08, 2.07524948337e-08, 5.30026644796e-09, 5.08459514492e-08, 3.6816107496e-08, 2.19529297851e-07, 7.27215692109e-08, 1.87699257026e-07, 7.0945020525e-08, 1.17732177785e-07, 2.87060188953e-08, 9.15990696626e-08, 5.48999388172e-08, 5.82309631625e-08, 1.73717822349e-08, 2.28706564798e-08, 1.33976190142e-08, 7.64968177691e-09, 2.58896415417e-09, 3.77666647955e-10, 4.84609963269e-10, 1.55200227669e-10, 1.8092033427e-10, 1.56433251769e-11, 3.36979944816e-12, 1.70316072443e-12, 3.89753415089e-13, 1.92319928429e-13, 1.01369094867e-13, 3.72425004789e-14, 1.28979748228e-14, 5.58986349233e-15, 2.78690589723e-15, 1.53126118573e-15]
    },
    "mfcc": {
        "mean": [-730.730102539, 112.628913879, -104.980041504, 2.81355333328, -10.1088457108, -0.572046458721, -7.00444746017, 3.1911137104, -6.23335075378, -7.27452039719, -0.899157762527, 4.14533567429, 3.80853652954],
        "cov": [[6660.68603516, -922.99230957, -497.895385742, -254.717483521, -43.1670074463, 24.269618988, -146.239334106, 38.9179344177, -107.379684448, 34.7819862366, 64.0994720459, -11.0695285797, -154.513885498], [-922.99230957, 734.617553711, 91.3539886475, -12.9733886719, 1.72838258743, -86.8957366943, -36.2466430664, -42.4579658508, -13.7961540222, -91.5038757324, -50.8820075989, -63.9882965088, -14.2371635437], [-497.895385742, 91.3539886475, 214.091003418, 13.6506881714, 3.87249279022, -0.56186914444, 14.9537134171, -35.1002731323, -19.4138355255, -4.58503675461, -7.23008108139, -7.4783411026, -1.49512660503], [-254.717483521, -12.9733886719, 13.6506881714, 131.028671265, 27.8108139038, -3.34385323524, 4.71920537949, -22.1621646881, 0.309406101704, 26.0431308746, 10.1791610718, 43.0718917847, 24.1293926239], [-43.1670074463, 1.72838258743, 3.87249279022, 27.8108139038, 69.5152893066, 4.50325250626, -0.00590272573754, -0.883517444134, -9.72019386292, 3.55935239792, 2.36793518066, 4.13952493668, 7.56628751755], [24.269618988, -86.8957366943, -0.56186914444, -3.34385323524, 4.50325250626, 74.9081115723, 34.512260437, 14.3824958801, 7.50138282776, 17.6744842529, 5.29654836655, 6.62613487244, 14.2328901291], [-146.239334106, -36.2466430664, 14.9537134171, 4.71920537949, -0.00590272573754, 34.512260437, 101.740180969, 20.5314159393, -1.18681848049, 41.2036018372, 4.58715295792, -2.61000180244, 6.71377658844], [38.9179344177, -42.4579658508, -35.1002731323, -22.1621646881, -0.883517444134, 14.3824958801, 20.5314159393, 72.4537277222, 13.3091096878, 4.93478012085, 15.5838508606, -10.2723798752, -9.30424690247], [-107.379684448, -13.7961540222, -19.4138355255, 0.309406101704, -9.72019386292, 7.50138282776, -1.18681848049, 13.3091096878, 63.5993843079, 14.9989767075, -4.35512399673, 9.5678319931, 3.07264685631], [34.7819862366, -91.5038757324, -4.58503675461, 26.0431308746, 3.55935239792, 17.6744842529, 41.2036018372, 4.93478012085, 14.9989767075, 86.4871673584, 27.008939743, 26.3060264587, 15.2961702347], [64.0994720459, -50.8820075989, -7.23008108139, 10.1791610718, 2.36793518066, 5.29654836655, 4.58715295792, 15.5838508606, -4.35512399673, 27.008939743, 57.5779838562, 30.7557296753, 13.0674142838], [-11.0695285797, -63.9882965088, -7.4783411026, 43.0718917847, 4.13952493668, 6.62613487244, -2.61000180244, -10.2723798752, 9.5678319931, 26.3060264587, 30.7557296753, 86.6321029663, 51.999710083], [-154.513885498, -14.2371635437, -1.49512660503, 24.1293926239, 7.56628751755, 14.2328901291, 6.71377658844, -9.30424690247, 3.07264685631, 15.2961702347, 13.0674142838, 51.999710083, 74.0008392334]],
