{
"lowlevel": {
    "average_loudness": 0.98827034235,
    "barkbands_crest": {
        "dmean": 2.05120253563,
        "dmean2": 3.26342272758,
        "dvar": 3.19118189812,
        "dvar2": 8.00414085388,
        "max": 20.7520065308,
        "mean": 8.57734966278,
        "median": 7.85090637207,
        "min": 3.64492678642,
        "var": 9.14115905762
    },
    "barkbands_flatness_db": {
        "dmean": 0.0233772955835,
        "dmean2": 0.037025231868,
        "dvar": 0.000400585879106,
        "dvar2": 0.000901667750441,
        "max": 0.338193774223,
        "mean": 0.227734714746,
        "median": 0.226031824946,
        "min": 0.125355288386,
        "var": 0.00135588599369
    },
    "barkbands_kurtosis": {
        "dmean": 0.914057910442,
        "dmean2": 1.41401064396,
        "dvar": 1.05140447617,
        "dvar2": 2.52089262009,
        "max": 10.3832483292,
        "mean": 0.972713410854,
        "median": 0.55553984642,
        "min": -1.45357942581,
        "var": 2.86164140701
    },
    "barkbands_skewness": {
        "dmean": 0.303382337093,
        "dmean2": 0.47268474102,
        "dvar": 0.0642501041293,
        "dvar2": 0.141596764326,
        "max": 2.61551880836,
        "mean": 0.00828830059618,
        "median": -0.0384131334722,
        "min": -1.3598805666,
        "var": 0.29196831584
    },
    "barkbands_spread": {
        "dmean": 1.61497020721,
        "dmean2": 2.46570301056,
        "dvar": 2.18325972557,
        "dvar2": 5.29540681839,
        "max": 21.3592643738,
        "mean": 7.73470973969,
        "median": 7.35145187378,
        "min": 2.24421024323,
        "var": 8.20850467682
    },
    "dissonance": {
        "dmean": 0.0205087978393,
        "dmean2": 0.0345838218927,
        "dvar": 0.000482457195176,
        "dvar2": 0.00109694676939,
        "max": 0.499663800001,
        "mean": 0.463568091393,
        "median": 0.469836592674,
        "min": 0.179405421019,
        "var": 0.000826413743198
    },
    "dynamic_complexity": 0.546409368515,
    "erbbands_crest": {
        "dmean": 2.0072119236,
        "dmean2": 3.18422174454,
        "dvar": 3.422560215,
        "dvar2": 8.51026439667,
        "max": 23.9791908264,
        "mean": 9.41934680939,
        "median": 8.78305912018,
        "min": 4.47627973557,
        "var": 9.77466392517
    },
    "erbbands_flatness_db": {
        "dmean": 0.0214334018528,
        "dmean2": 0.03355428949,
        "dvar": 0.000350325222826,
        "dvar2": 0.000785708602052,
        "max": 0.430498540401,
        "mean": 0.325479447842,
        "median": 0.324400126934,
        "min": 0.214799970388,
        "var": 0.00116310198791
    },
    "erbbands_kurtosis": {
        "dmean": 0.955388009548,
        "dmean2": 1.46481382847,
        "dvar": 1.0202023983,
        "dvar2": 2.3746316433,
        "max": 10.0248508453,
        "mean": 1.15638947487,
        "median": 0.773317337036,
        "min": -1.41418004036,
        "var": 2.52216792107
    },
    "erbbands_skewness": {
        "dmean": 0.306065678596,
        "dmean2": 0.467991650105,
        "dvar": 0.0727865025401,
        "dvar2": 0.151449561119,
        "max": 1.98933744431,
        "mean": 0.0982888862491,
        "median": 0.0535832084715,
        "min": -1.6035964489,
        "var": 0.30581459403
    },
    "erbbands_spread": {
        "dmean": 2.05518603325,
        "dmean2": 3.16835260391,
        "dvar": 3.41916871071,
        "dvar2": 8.03367900848,
        "max": 29.7283325195,
        "mean": 10.0901260376,
        "median": 9.61157512665,
        "min": 2.97162246704,
        "var": 12.0889415741
    },
    "hfc": {
        "dmean": 9.54262828827,
        "dmean2": 15.2546949387,
        "dvar": 75.2893295288,
        "dvar2": 183.114181519,
        "max": 89.2606582642,
        "mean": 41.6850700378,
        "median": 40.9284820557,
        "min": 1.20152032375,
        "var": 186.482940674
    },
    "melbands_crest": {
        "dmean": 2.02459669113,
        "dmean2": 3.23033070564,
        "dvar": 3.07315969467,
        "dvar2": 7.76650762558,
        "max": 21.5082054138,
        "mean": 8.61458492279,
        "median": 7.89778709412,
        "min": 3.97378373146,
        "var": 9.31824207306
    },
    "melbands_flatness_db": {
        "dmean": 0.0240200534463,
        "dmean2": 0.0368537306786,
        "dvar": 0.000445694633527,
        "dvar2": 0.00101313157938,
        "max": 0.343809098005,
        "mean": 0.214270040393,
        "median": 0.208140164614,
        "min": 0.125212848186,
        "var": 0.00194483960513
    },
    "melbands_kurtosis": {
        "dmean": 0.88400298357,
        "dmean2": 1.39307582378,
        "dvar": 0.9742795825,
        "dvar2": 2.18319964409,
        "max": 11.6395215988,
        "mean": 1.02928125858,
        "median": 0.550003051758,
        "min": -1.4542620182,
        "var": 3.24047517776
    },
    "melbands_skewness": {
        "dmean": 0.312285870314,
        "dmean2": 0.486823320389,
        "dvar": 0.0677546113729,
        "dvar2": 0.155688285828,
        "max": 2.54157328606,
        "mean": 0.077409081161,
        "median": 0.0559320040047,
        "min": -1.28641676903,
        "var": 0.277195006609
    },
    "melbands_spread": {
        "dmean": 3.5725235939,
        "dmean2": 5.48703861237,
        "dvar": 11.3796930313,
        "dvar2": 25.932926178,
        "max": 54.9281997681,
        "mean": 17.2895183563,
        "median": 16.6053638458,
        "min": 4.31708669662,
        "var": 41.5786132812
    },
    "pitch_salience": {
        "dmean": 0.0625109225512,
        "dmean2": 0.100538484752,
        "dvar": 0.00278971507214,
        "dvar2": 0.00609765714034,
        "max": 0.880633234978,
        "mean": 0.634747624397,
        "median": 0.631549298763,
        "min": 0.374760776758,
        "var": 0.00838268734515
    },
    "silence_rate_20dB": {
        "dmean": 0,
        "dmean2": 0,
        "dvar": 0,
        "dvar2": 0,
        "max": 1,
        "mean": 1,
        "median": 1,
        "min": 1,
        "var": 0
    },
    "silence_rate_30dB": {
        "dmean": 0,
        "dmean2": 0,
        "dvar": 0,
        "dvar2": 0,
        "max": 1,
        "mean": 1,
        "median": 1,
        "min": 1,
        "var": 0
    },
    "silence_rate_60dB": {
        "dmean": 0.00166666670702,
        "dmean2": 0.00166944903322,
        "dvar": 0.00166391255334,
        "dvar2": 0.0016666763695,
        "max": 1,
        "mean": 0.00166389346123,
        "median": 0,
        "min": 0,
        "var": 0.00166109809652
    },
    "spectral_centroid": {
        "dmean": 169.788070679,
        "dmean2": 235.380737305,
        "dvar": 24567.5839844,
        "dvar2": 46609.5742188,
        "max": 2879.20043945,
        "mean": 1772.6105957,
        "median": 1806.24645996,
        "min": 823.770019531,
        "var": 169671.90625
    },
    "spectral_complexity": {
        "dmean": 3.34500002861,
        "dmean2": 5.39399003983,
        "dvar": 8.3326625824,
        "dvar2": 19.8748416901,
        "max": 36,
        "mean": 21.8835277557,
        "median": 22,
        "min": 2,
        "var": 19.2276973724
    },
    "spectral_decrease": {
        "dmean": 1.37059885663e-09,
        "dmean2": 2.21571827552e-09,
        "dvar": 1.42950675464e-18,
        "dvar2": 3.37025352085e-18,
        "max": -2.60154370268e-10,
        "mean": -6.55342091704e-09,
        "median": -6.56651977238e-09,
        "min": -1.08024060808e-08,
        "var": 2.76064911995e-18
    },
    "spectral_energy": {
        "dmean": 0.00597431417555,
        "dmean2": 0.00967300590128,
        "dvar": 2.74053363682e-05,
        "dvar2": 6.48062996333e-05,
        "max": 0.0488669537008,
        "mean": 0.0285150371492,
        "median": 0.028546769172,
        "min": 0.00109425582923,
        "var": 5.2599079936e-05
    },
    "spectral_energyband_high": {
        "dmean": 0.000148447288666,
        "dmean2": 0.000226382297114,
        "dvar": 5.01662178465e-08,
        "dvar2": 1.19603839721e-07,
        "max": 0.00364479445852,
        "mean": 0.000268101284746,
        "median": 0.000162049400387,
        "min": 2.91316496259e-06,
        "var": 9.57383790023e-08
    },
    "spectral_energyband_low": {
        "dmean": 6.55617168377e-06,
        "dmean2": 1.0593927982e-05,
        "dvar": 2.08584871597e-10,
        "dvar2": 5.526956115e-10,
        "max": 0.00020897052309,
        "mean": 1.07113064587e-05,
        "median": 5.9393905758e-06,
        "min": 2.61495813447e-07,
        "var": 2.42200565159e-10
    },
    "spectral_energyband_middle_high": {
        "dmean": 0.00569714698941,
        "dmean2": 0.00917009171098,
        "dvar": 2.4529719667e-05,
        "dvar2": 5.8750192693e-05,
        "max": 0.0460730865598,
        "mean": 0.0234141424298,
        "median": 0.0234352927655,
        "min": 0.000624282401986,
        "var": 5.63050343771e-05
    },
    "spectral_energyband_middle_low": {
        "dmean": 0.00163924368098,
        "dmean2": 0.00242097279988,
        "dvar": 2.81047550743e-06,
        "dvar2": 6.19268485025e-06,
        "max": 0.0205227639526,
        "mean": 0.00487224431708,
        "median": 0.00392740871757,
        "min": 4.37222406617e-05,
        "var": 1.38964969665e-05
    },
    "spectral_entropy": {
        "dmean": 0.21423599124,
        "dmean2": 0.358132749796,
        "dvar": 0.0317767299712,
        "dvar2": 0.0766610279679,
        "max": 7.98286771774,
        "mean": 7.02086782455,
        "median": 7.0126619339,
        "min": 6.35854816437,
        "var": 0.0638280883431
    },
    "spectral_flux": {
        "dmean": 0.0261907204986,
        "dmean2": 0.0443317331374,
        "dvar": 0.000461374613224,
        "dvar2": 0.00116367463488,
        "max": 0.182261556387,
        "mean": 0.0803672000766,
        "median": 0.0778149068356,
        "min": 0.0225735977292,
        "var": 0.000806065101642
    },
    "spectral_kurtosis": {
        "dmean": 6.6781167984,
        "dmean2": 11.9236478806,
        "dvar": 41.3170013428,
        "dvar2": 122.899009705,
        "max": 53.5151977539,
        "mean": 12.3057441711,
        "median": 10.5018825531,
        "min": 2.00730895996,
        "var": 59.9276924133
    },
    "spectral_rms": {
        "dmean": 0.000569710507989,
        "dmean2": 0.000914420699701,
        "dvar": 2.87322450276e-07,
        "dvar2": 6.16798558895e-07,
        "max": 0.00690471380949,
        "mean": 0.00522293848917,
        "median": 0.00527735799551,
        "min": 0.00103323115036,
        "var": 5.40490304957e-07
    },
    "spectral_rolloff": {
        "dmean": 231.589355469,
        "dmean2": 371.779876709,
        "dvar": 78342.25,
        "dvar2": 160298.96875,
        "max": 3682.17773438,
        "mean": 2025.4831543,
        "median": 1959.52148438,
        "min": 1012.06054688,
        "var": 258275.40625
    },
    "spectral_skewness": {
        "dmean": 0.526266336441,
        "dmean2": 0.91880774498,
        "dvar": 0.225845202804,
        "dvar2": 0.67924618721,
        "max": 5.22569608688,
        "mean": 1.97042703629,
        "median": 1.87212312222,
        "min": 0.720794558525,
        "var": 0.399777114391
    },
    "spectral_spread": {
        "dmean": 225318.046875,
        "dmean2": 346441.75,
        "dvar": 234051616768,
        "dvar2": 164993302528,
        "max": 16178356,
        "mean": 1863048.25,
        "median": 1842230,
        "min": 1132175.75,
        "var": 455005798400
    },
    "spectral_strongpeak": {
        "dmean": 1.30674898624,
        "dmean2": 2.07662010193,
        "dvar": 1.42219865322,
        "dvar2": 3.57792329788,
        "max": 11.0114498138,
        "mean": 4.05787706375,
        "median": 3.87365627289,
        "min": 0.0870288684964,
        "var": 3.20729231834
    },
    "zerocrossingrate": {
        "dmean": 0.0047623696737,
        "dmean2": 0.00523577723652,
        "dvar": 1.83755219041e-05,
        "dvar2": 1.90273403859e-05,
        "max": 0.1123046875,
        "mean": 0.0707552805543,
        "median": 0.07177734375,
        "min": 0.01220703125,
        "var": 0.000215114007005
    },
    "barkbands": {
        "dmean": [5.21398646924e-07, 3.97675376007e-06, 1.34004619667e-06, 5.89305454923e-06, 0.000173958789674, 3.1382751331e-05, 0.000452622771263, 0.000116523842735, 0.00130735978018, 0.000288166542305, 0.00167778809555, 0.00228680903092, 0.00128615088761, 0.00246362504549, 0.000977219664492, 0.00109655945562, 0.000700361619238, 0.000439174036728, 0.00034283217974, 0.000124737605802, 8.76441699802e-05, 3.33417665388e-05, 6.93488573233e-06, 2.84915586235e-06, 9.79439050752e-07, 4.90609068038e-07, 8.89059208475e-08],
        "dmean2": [8.77065474469e-07, 6.86939802108e-06, 2.27106011153e-06, 9.57995689532e-06, 0.000272011442576, 4.94816122227e-05, 0.000685613427777, 0.000185184428119, 0.00191934476607, 0.000453316111816, 0.00251972209662, 0.00360546680167, 0.0020504379645, 0.00393063994125, 0.00143612967804, 0.00173237919807, 0.00107191037387, 0.000695010821801, 0.000519763154443, 0.000192713458091, 0.000138449671795, 5.5988344684e-05, 1.13080141091e-05, 4.61615854874e-06, 1.64476114151e-06, 8.5184319687e-07, 1.52862511982e-07],
        "dvar": [1.22336949598e-12, 1.46797768386e-10, 4.39516175191e-12, 1.05453104582e-10, 3.94375021529e-08, 2.4109778618e-09, 3.73936387632e-07, 3.13831982623e-08, 2.10452731153e-06, 2.57666044945e-07, 4.62181651528e-06, 5.37436744708e-06, 2.42813894147e-06, 9.37772892939e-06, 1.58881061907e-06, 2.57489159594e-06, 8.37787808905e-07, 5.0636845117e-07, 2.63684796664e-07, 5.17349150186e-08, 1.3546745059e-08, 2.32402985745e-08, 1.62752589183e-10, 2.38065522157e-11, 4.56782875413e-12, 1.98753557015e-12, 2.7576653458e-14],
        "dvar2": [2.51662297772e-12, 4.1028869191e-10, 1.12747875272e-11, 2.45547970845e-10, 9.33830932581e-08, 5.31036015161e-09, 7.55488315463e-07, 7.73257511355e-08, 4.51561572845e-06, 5.73698912376e-07, 9.03522413864e-06, 1.26000804812e-05, 6.12965368418e-06, 2.31165013247e-05, 3.13463647217e-06, 6.45490945317e-06, 1.6752112515e-06, 1.20469383091e-06, 5.54630730676e-07, 1.20384441971e-07, 3.49040405467e-08, 6.65111485887e-08, 3.93872101601e-10, 5.73775298107e-11, 1.2365565169e-11, 5.35451240638e-12, 7.62352962876e-14],
        "max": [1.84037307918e-05, 0.000185768658412, 2.37953936448e-05, 0.000153582528583, 0.00282011344098, 0.000813222082797, 0.0054418570362, 0.00177661376074, 0.0197435468435, 0.00722464034334, 0.0297914352268, 0.0249576251954, 0.0148116014898, 0.0341340713203, 0.0117839723825, 0.0186103247106, 0.0106586180627, 0.00820453651249, 0.00667518144473, 0.00246658432297, 0.00133992661722, 0.00275932368822, 0.000148194798385, 5.11549224029e-05, 3.44707877957e-05, 2.49675049417e-05, 1.68353403751e-06],
        "mean": [5.29882925093e-07, 3.74111505153e-06, 1.85916428563e-06, 1.00753886727e-05, 0.000346885557519, 6.55538678984e-05, 0.0010142182, 0.000208416691748, 0.00312939682044, 0.000497028173413, 0.00362825905904, 0.00526209222153, 0.0026237545535, 0.00471721217036, 0.00207556667738, 0.00185546721332, 0.00139465194661, 0.000733923108783, 0.000575214275159, 0.000172584783286, 0.000145319354488, 3.95917923015e-05, 8.56725273479e-06, 3.54370490641e-06, 1.06679112832e-06, 4.86939541133e-07, 8.31429218806e-08],
        "median": [2.44663425519e-07, 1.7818528022e-06, 8.44166493152e-07, 3.41090799338e-06, 0.000244228926022, 3.57374374289e-05, 0.000616834673565, 0.000114656744699, 0.0022018593736, 0.00016935748863, 0.00236727972515, 0.00418933480978, 0.00204985262826, 0.00315647269599, 0.0012255749898, 0.00109864247497, 0.00074986263644, 0.000394626957132, 0.000305719615426, 7.09116720827e-05, 8.1444180978e-05, 1.81632876775e-05, 3.28122155224e-06, 1.36067501444e-06, 3.24121543827e-07, 1.33704432415e-07, 1.22062884245e-08],
        "min": [2.41075071017e-09, 9.11350781507e-08, 6.13307138408e-09, 1.18946807959e-08, 9.40507845826e-07, 2.84140867279e-07, 3.54234998667e-06, 1.20783738566e-06, 9.52332084125e-06, 3.01223099086e-06, 1.40915963129e-05, 0.000128061248688, 4.18867202825e-05, 2.02214723686e-05, 7.51435663915e-06, 1.89855909412e-05, 8.48186937219e-06, 5.30094757778e-06, 2.23770553021e-06, 1.91342314793e-06, 1.03512184069e-06, 2.51202465051e-07, 5.56674315533e-08, 2.06316776996e-08, 9.94919790998e-09, 8.46794279141e-09, 2.83678169843e-09],
        "var": [1.55938619222e-12, 1.00989203111e-10, 8.8301033152e-12, 2.57002363835e-10, 1.27455450638e-07, 7.27821980462e-09, 1.23064103263e-06, 6.35037622487e-08, 9.81647190201e-06, 6.10781171417e-07, 1.74428296305e-05, 1.60738418344e-05, 4.33532886746e-06, 2.00484792003e-05, 5.02569901073e-06, 4.94978212373e-06, 2.64743925982e-06, 8.49158652727e-07, 5.76137153985e-07, 7.67957146763e-08, 2.75815690287e-08, 1.45285783404e-08, 2.13020837081e-10, 3.31908805995e-11, 4.5331572697e-12, 1.62043718287e-12, 2.70959368495e-14]
    },
    "erbbands": {
        "dmean": [0.000131937893457, 0.000845987524372, 0.0014894810738, 0.011368538253, 0.123053625226, 0.941991567612, 0.501084089279, 0.261869221926, 3.4542992115, 8.30530357361, 2.81674838066, 22.4670085907, 22.7954673767, 30.7338600159, 46.485118866, 95.5192718506, 47.2304649353, 83.5448989868, 83.9986877441, 52.5215797424, 41.5300064087, 39.4210319519, 25.9774131775, 21.5474243164, 10.2276144028, 5.77812671661, 3.92477488518, 2.69428396225, 1.16090726852, 0.43648570776, 0.199163660407, 0.0755253508687, 0.0382265262306, 0.0139515753835, 0.00529624382034, 0.00248449691571, 0.000935745250899, 0.000144593621371, 1.97836016014e-05, 8.0667932707e-06],
        "dmean2": [0.000224667412112, 0.00150021491572, 0.00252572330646, 0.0180648397654, 0.211246401072, 1.45139694214, 0.794396340847, 0.394331753254, 5.22115802765, 12.6111288071, 4.21487045288, 33.849822998, 33.8370513916, 47.6207618713, 70.1950378418, 150.682922363, 73.6458587646, 132.002471924, 132.068496704, 82.8246612549, 65.2427749634, 58.5528488159, 40.405632019, 32.1058502197, 15.350353241, 8.88914680481, 6.09489345551, 4.44916534424, 1.90867221355, 0.707211613655, 0.331511259079, 0.124255150557, 0.0614557974041, 0.0231687929481, 0.00906563270837, 0.0043232711032, 0.00163474841975, 0.000252596713835, 3.36897792295e-05, 1.29964482767e-05],
        "dvar": [1.94626693428e-07, 5.8336049733e-06, 5.25521681993e-06, 0.000331665214617, 0.0333855338395, 1.25757312775, 0.70923012495, 0.100654244423, 24.8485412598, 168.046936035, 14.3225193024, 597.859069824, 669.622009277, 1305.00585938, 2861.15209961, 10039.3505859, 2257.44677734, 6087.02783203, 10188.8115234, 4743.68554688, 2394.33154297, 2607.96142578, 1610.56054688, 936.523986816, 255.150466919, 120.649124146, 22.2389736176, 26.6630916595, 13.2411241531, 2.26548814774, 0.19554489851, 0.0202185101807, 0.00349378818646, 0.000524779316038, 0.000271729077213, 6.23258310952e-05, 9.28653116716e-06, 1.85401987096e-07, 1.24059484907e-09, 4.9804025487e-11],
        "dvar2": [5.26068618001e-07, 1.66811278177e-05, 1.4072446902e-05, 0.000789078243542, 0.100028440356, 2.9142408371, 1.67886638641, 0.206136748195, 51.2569656372, 342.212005615, 31.6469802856, 1365.57507324, 1376.16992188, 2852.58837891, 5556.60693359, 23542.2480469, 5474.37207031, 14669.4775391, 26429.2382812, 11714.5039062, 5808.71777344, 4856.65087891, 4204.06591797, 1917.0847168, 529.791503906, 281.148101807, 49.7948417664, 72.0220794678, 37.4922523499, 6.17451429367, 0.517341852188, 0.0480376556516, 0.00895921420306, 0.00138772744685, 0.000737903465051, 0.000168263664818, 2.57090559899e-05, 5.22740720044e-07, 3.40996164638e-09, 1.22136731284e-10],
        "max": [0.0075106183067, 0.0326884537935, 0.0260246694088, 0.269223988056, 1.52901208401, 17.0566329956, 13.9693002701, 5.00758886337, 66.4677429199, 122.331390381, 38.5393066406, 277.123596191, 360.415283203, 431.722351074, 781.380310059, 1038.73901367, 459.356506348, 822.922729492, 1133.11999512, 790.797607422, 578.986816406, 656.176940918, 485.700744629, 458.841003418, 164.254196167, 124.465911865, 41.8136672974, 62.0575294495, 62.0139312744, 27.7912654877, 5.40472555161, 1.54425489902, 0.522128820419, 0.192346155643, 0.300395786762, 0.147532597184, 0.0518449097872, 0.00769132561982, 0.000430912914453, 6.57146010781e-05],
        "mean": [0.000126509461552, 0.000777259236202, 0.00211086170748, 0.0223026014864, 0.205845430493, 1.85997545719, 1.07606732845, 0.642649054527, 7.53857421875, 17.567741394, 6.80052995682, 52.8156204224, 52.1703224182, 70.1026306152, 116.823799133, 216.373291016, 124.766090393, 195.224761963, 184.172622681, 109.259941101, 78.6751556396, 84.1602249146, 49.2693557739, 39.4979400635, 17.8526287079, 8.71864318848, 6.74653291702, 4.08864402771, 1.5398209095, 0.549642443657, 0.234621271491, 0.0951409414411, 0.0469215363264, 0.016344923526, 0.00554644316435, 0.00250686216168, 0.000900123268366, 0.000151719126734, 3.33164352924e-05, 3.70351481251e-05],
        "median": [5.23985436303e-05, 0.000369118439266, 0.00119510246441, 0.0106578906998, 0.129649057984, 1.18629646301, 0.671397149563, 0.457602351904, 4.17710256577, 8.68375205994, 4.30753755569, 37.5082855225, 34.0692100525, 54.5588607788, 88.8837966919, 171.344619751, 110.070114136, 170.776397705, 153.29524231, 79.2231674194, 56.7704696655, 45.5922393799, 34.5026855469, 22.6153678894, 8.78309726715, 3.83172917366, 3.81974196434, 2.14137339592, 0.77634960413, 0.237343475223, 0.0955237820745, 0.0410530976951, 0.015950627625, 0.00541919004172, 0.00158844643738, 0.000727050937712, 0.000234384424402, 4.50530096714e-05, 2.09956924664e-05, 3.73504262825e-05],
        "min": [3.37496476277e-06, 2.40963709075e-05, 6.23482555966e-05, 0.000187802768778, 0.00207774993032, 0.00273176189512, 0.00819214340299, 0.0170029681176, 0.035542178899, 0.0904291197658, 0.13816511631, 0.26266720891, 0.323460429907, 1.76735937595, 1.94541823864, 6.2563624382, 3.02169060707, 0.663269758224, 1.37343001366, 2.20288586617, 0.979718446732, 0.394224703312, 0.381692618132, 0.209134876728, 0.0415001176298, 0.0967709347606, 0.0569469556212, 0.0200454052538, 0.00893346220255, 0.00468167476356, 0.00166416773573, 0.000643596460577, 0.000217156499275, 9.88765750662e-05, 7.86643795436e-05, 3.66673630197e-05, 1.98794405151e-05, 6.75444607623e-06, 4.65166021968e-06, 2.91184619527e-06],
        "var": [1.46499743892e-07, 3.71973169422e-06, 6.93535776009e-06, 0.000897848047316, 0.0523709617555, 4.50783920288, 1.8844037056, 0.36542186141, 87.1729049683, 516.268859863, 45.0800590515, 2344.4909668, 3116.72045898, 4106.25488281, 10992.3291016, 29641.5546875, 5235.44824219, 14188.4306641, 20959.7324219, 10311.1074219, 5288.92285156, 9233.33203125, 2641.72460938, 2257.29003906, 574.915283203, 173.460449219, 56.5217399597, 35.3527183533, 9.90966129303, 1.73216915131, 0.192716389894, 0.0258141942322, 0.00525318086147, 0.000680505589116, 0.000218963687075, 4.88515324832e-05, 6.83487405695e-06, 1.45452517586e-07, 1.22687882076e-09, 9.65156218835e-11]
    },
    "gfcc": {
        "mean": [-52.7686424255, 86.2056503296, -244.429962158, -23.82264328, -54.6341323853, -12.4532871246, -28.0629882812, -17.4813709259, -20.8953819275, -8.92632389069, -10.8519439697, -5.0069360733, -3.61802911758],
        "cov": [[1015.91186523, -740.787353516, 58.4952468872, 358.473693848, -89.8266220093, 160.878677368, -128.861907959, 190.709289551, -20.1508979797, 100.247283936, -24.597826004, 16.5157527924, -59.8130722046], [-740.787353516, 1274.48498535, 116.368370056, -444.016571045, -5.62631368637, -258.609680176, 170.87059021, -189.123306274, 20.5325164795, -133.294189453, 22.3862133026, -112.54800415, 13.6800260544], [58.4952468872, 116.368370056, 210.776504517, -17.6363296509, -34.6978302002, 34.2128143311, 5.01246929169, 30.0440883636, -18.7959632874, 16.925868988, -6.7750043869, -0.00253092451021, -33.197681427], [358.473693848, -444.016571045, -17.6363296509, 297.464813232, 11.6619625092, 81.1198730469, -61.1229248047, 71.0839996338, -17.3662166595, 57.0016403198, 8.18897819519, 13.9065408707, -9.29726314545], [-89.8266220093, -5.62631368637, -34.6978302002, 11.6619625092, 113.672889709, 23.2538509369, -4.73368501663, -6.46430683136, 24.5529747009, 5.50860118866, -2.80007624626, 19.3877124786, 20.8094959259], [160.878677368, -258.609680176, 34.2128143311, 81.1198730469, 23.2538509369, 150.861938477, -1.22934305668, 44.2927398682, -11.2357759476, 17.9670238495, -13.301987648, 43.9577255249, 13.050567627], [-128.861907959, 170.87059021, 5.01246929169, -61.1229248047, -4.73368501663, -1.22934305668, 129.83303833, -6.83193826675, -27.9987239838, -32.4260940552, 10.3696966171, -13.2957687378, 19.793296814], [190.709289551, -189.123306274, 30.0440883636, 71.0839996338, -6.46430683136, 44.2927398682, -6.83193826675, 131.564208984, 34.9025611877, 36.7780914307, 0.446150779724, 8.68943405151, -15.8777713776], [-20.1508979797, 20.5325164795, -18.7959632874, -17.3662166595, 24.5529747009, -11.2357759476, -27.9987239838, 34.9025611877, 118.317451477, 42.6580200195, -10.7440748215, 14.9083805084, -2.6395483017], [100.247283936, -133.294189453, 16.925868988, 57.0016403198, 5.50860118866, 17.9670238495, -32.4260940552, 36.7780914307, 42.6580200195, 105.457496643, 30.5459117889, 7.8668847084, -9.9031085968], [-24.597826004, 22.3862133026, -6.7750043869, 8.18897819519, -2.80007624626, -13.301987648, 10.3696966171, 0.446150779724, -10.7440748215, 30.5459117889, 78.6331253052, -1.03417229652, -1.37942957878], [16.5157527924, -112.54800415, -0.00253092451021, 13.9065408707, 19.3877124786, 43.9577255249, -13.2957687378, 8.68943405151, 14.9083805084, 7.8668847084, -1.03417229652, 92.7274246216, 13.5628433228], [-59.8130722046, 13.6800260544, -33.197681427, -9.29726314545, 20.8094959259, 13.050567627, 19.793296814, -15.8777713776, -2.6395483017, -9.9031085968, -1.37942957878, 13.5628433228, 55.1746940613]],
        "icov": [[0.00337517308071, -0.00121477071662, 0.00186390546151, -0.00286008813418, 0.00337614957243, -0.00321178277954, 0.00285826809704, -0.00390405557118, 0.00270474841818, -0.00247801607475, 0.0024393487256, -0.000516374653671, 0.0018096875865], [-0.00121477071662, 0.0117125352845, -0.0135088618845, 0.00648185657337, -0.00588990421966, 0.0134182721376, -0.00991350412369, 0.0117298383266, -0.0130309695378, 0.0122058866546, -0.00877603702247, 0.00762021588162, -0.00580246467143], [0.00186390546151, -0.0135088618845, 0.022288326174, -0.00596848642454, 0.00833550374955, -0.0177171081305, 0.011432081461, -0.015174722299, 0.0175308249891, -0.0166366752237, 0.0117770377547, -0.00895656086504, 0.010702365078], [-0.00286008813418, 0.00648185657337, -0.00596848642454, 0.0111469179392, -0.0056014675647, 0.00637187249959, -0.00414975499734, 0.00537951430306, -0.00454735476524, 0.00465981289744, -0.00545167550445, 0.00452994508669, -0.00340922549367], [0.00337614957243, -0.00588990421966, 0.00833550374955, -0.0056014675647, 0.0162061657757, -0.0104159871116, 0.00655658775941, -0.00652442360297, 0.00467055803165, -0.0067010326311, 0.00523462472484, -0.00415037805215, 0.00148536288179], [-0.00321178277954, 0.0134182721376, -0.0177171081305, 0.00637187249959, -0.0104159871116, 0.0280707124621, -0.0135757382959, 0.0121967745945, -0.0128592327237, 0.0129550276324, -0.00783136393875, 0.00405801041052, -0.0102094709873], [0.00285826809704, -0.00991350412369, 0.011432081461, -0.00414975499734, 0.00655658775941, -0.0135757382959, 0.0202554706484, -0.0135962730274, 0.0137851936743, -0.00864946749061, 0.00569125497714, -0.0043301009573, 0.0016086359974], [-0.00390405557118, 0.0117298383266, -0.015174722299, 0.00537951430306, -0.00652442360297, 0.0121967745945, -0.0135962730274, 0.0260822176933, -0.019465809688, 0.0130307199433, -0.0106445057318, 0.00783197581768, -0.00418914342299], [0.00270474841818, -0.0130309695378, 0.0175308249891, -0.00454735476524, 0.00467055803165, -0.0128592327237, 0.0137851936743, -0.019465809688, 0.0309525951743, -0.0219790358096, 0.0155769046396, -0.0106912087649, 0.00723119312897], [-0.00247801607475, 0.0122058866546, -0.0166366752237, 0.00465981289744, -0.0067010326311, 0.0129550276324, -0.00864946749061, 0.0130307199433, -0.0219790358096, 0.0312375295907, -0.0182864405215, 0.00902095716447, -0.00674106040969], [0.0024393487256, -0.00877603702247, 0.0117770377547, -0.00545167550445, 0.00523462472484, -0.00783136393875, 0.00569125497714, -0.0106445057318, 0.0155769046396, -0.0182864405215, 0.0249673184007, -0.0073381755501, 0.00565206119791], [-0.000516374653671, 0.00762021588162, -0.00895656086504, 0.00452994508669, -0.00415037805215, 0.00405801041052, -0.0043301009573, 0.00783197581768, -0.0106912087649, 0.00902095716447, -0.0073381755501, 0.0188382007182, -0.00636866129935], [0.0018096875865, -0.00580246467143, 0.010702365078, -0.00340922549367, 0.00148536288179, -0.0102094709873, 0.0016086359974, -0.00418914342299, 0.00723119312897, -0.00674106040969, 0.00565206119791, -0.00636866129935, 0.0283045843244]]
    },
    "melbands": {
        "dmean": [1.13567477911e-06, 8.42915198973e-07, 3.01746035802e-06, 3.73311449948e-05, 2.38364900724e-05, 6.46059379505e-06, 6.34329990135e-05, 7.64758806326e-05, 2.9604167139e-05, 0.000178224043339, 0.000117208983283, 0.000115596936666, 0.000224945964874, 0.000164307028172, 0.000238364431425, 0.000140584685141, 0.000181195660844, 0.000185577315278, 8.84451874299e-05, 8.72137243277e-05, 4.44138313469e-05, 3.97156909457e-05, 3.57206336048e-05, 2.10126690945e-05, 1.92936549865e-05, 9.26651409827e-06, 7.39430288377e-06, 3.49264360011e-06, 3.1791175843e-06, 2.1118235054e-06, 1.37940548939e-06, 9.01760927263e-07, 2.92479342079e-07, 2.1477312373e-07, 1.31002920511e-07, 5.82945069993e-08, 4.612418536e-08, 2.95274880102e-08, 1.81604811189e-08, 9.83001235966e-09],
        "dmean2": [1.9337185222e-06, 1.4750119135e-06, 5.15589636052e-06, 5.92087017139e-05, 3.7307589082e-05, 9.94832771539e-06, 9.6481955552e-05, 0.000116204799269, 4.46667800134e-05, 0.000265525159193, 0.000174153959961, 0.000179144612048, 0.000337165925885, 0.000260523345787, 0.00037442627945, 0.000221575508476, 0.000285528192762, 0.00029398483457, 0.000134846472065, 0.000139839772601, 6.86060811859e-05, 6.0912247136e-05, 5.42525667697e-05, 3.33682983182e-05, 2.89591043838e-05, 1.4048076082e-05, 1.11786193884e-05, 5.45976581634e-06, 4.9964100981e-06, 3.49218066731e-06, 2.31184253607e-06, 1.52193194936e-06, 4.79186724078e-07, 3.50317606035e-07, 2.20625892666e-07, 9.74992531155e-08, 7.75769066763e-08, 4.77333585991e-08, 3.03137639435e-08, 1.63822164723e-08],
        "dvar": [1.32910956546e-11, 3.05919851083e-12, 2.1947759582e-11, 2.13381867731e-09, 9.5508845277e-10, 7.47139503043e-11, 7.28675386696e-09, 1.38010802786e-08, 2.19360063447e-09, 3.92921286618e-08, 1.79689347846e-08, 1.85651476414e-08, 7.86928922025e-08, 2.82542345076e-08, 6.75586733223e-08, 2.96628854812e-08, 3.34344996133e-08, 5.92068687411e-08, 1.37885489693e-08, 2.46418530025e-08, 3.20161586131e-09, 2.51742426904e-09, 2.65321942194e-09, 7.97909349703e-10, 8.50715387024e-10, 1.77091216691e-10, 2.03678754418e-10, 4.97847631176e-11, 1.69728519434e-11, 1.46903201409e-11, 1.33765117039e-11, 1.09424760919e-11, 5.80344962624e-13, 4.28191282344e-13, 8.57088448066e-14, 1.33672497103e-14, 9.17515659938e-15, 2.21993380608e-15, 9.41531966256e-16, 2.71351557455e-16],
        "dvar2": [3.64221361404e-11, 8.49073329007e-12, 5.93459101306e-11, 5.4263944449e-09, 2.1152386509e-09, 1.44390818746e-10, 1.51152494965e-08, 2.88720904962e-08, 4.46755255012e-09, 8.69970975259e-08, 3.64330823288e-08, 4.13692546886e-08, 1.51084321942e-07, 7.1302039828e-08, 1.5335578496e-07, 7.33736342795e-08, 7.98718744477e-08, 1.53333530761e-07, 2.78349165939e-08, 6.09431012322e-08, 7.34537897173e-09, 4.77642458918e-09, 6.12352701879e-09, 1.74855230295e-09, 1.75687975279e-09, 4.00259908551e-10, 4.47618164756e-10, 1.14970193088e-10, 3.82758269524e-11, 3.95899042716e-11, 3.76139536185e-11, 3.12182328599e-11, 1.56066891181e-12, 1.14696598573e-12, 2.31675708348e-13, 3.51761636041e-14, 2.14460729313e-14, 5.65423545522e-15, 2.52260430088e-15, 7.11402590669e-16],
        "max": [5.95000965404e-05, 2.21789268835e-05, 5.18593551533e-05, 0.000619442667812, 0.00040136903408, 0.000161169999046, 0.00103495945223, 0.00108671933413, 0.000561398628633, 0.00250359042548, 0.00188401388004, 0.00153834768571, 0.00401027919725, 0.00172542245127, 0.00290098134428, 0.00164730870165, 0.00215586414561, 0.00276328995824, 0.00103607529309, 0.00194899062626, 0.000656933290884, 0.000607607536949, 0.000571593234781, 0.000283539295197, 0.000463413773105, 0.000171199193574, 0.000160420138855, 7.37137161195e-05, 3.82889156754e-05, 5.1565177273e-05, 6.06698959018e-05, 5.63034118386e-05, 1.21229522847e-05, 1.15994535008e-05, 3.73923376173e-06, 1.10158350708e-06, 1.10243593099e-06, 4.99031841628e-07, 2.51224605563e-07, 1.29445055563e-07],
        "mean": [1.10315841084e-06, 9.8580892427e-07, 4.81161305288e-06, 7.08852021489e-05, 5.22773516423e-05, 1.39121866596e-05, 0.000140988951898, 0.000160772411618, 6.11172727076e-05, 0.000418975832872, 0.00026294196141, 0.00025573905441, 0.000510548125021, 0.000364912382793, 0.000533668149728, 0.0002858004882, 0.000397812953452, 0.000364593492122, 0.000177974798135, 0.000143100172863, 7.58641181164e-05, 8.14437662484e-05, 6.77594143781e-05, 3.52871138602e-05, 3.29193535435e-05, 1.57220929395e-05, 1.01256764538e-05, 4.57470741821e-06, 4.92167509947e-06, 3.05701155412e-06, 1.91866774912e-06, 1.05068068024e-06, 3.74911849121e-07, 2.48808447623e-07, 1.47987989862e-07, 6.69590747293e-08, 5.54246248896e-08, 3.59118850213e-08, 2.04029984019e-08, 1.1030331315e-08],
        "median": [5.04509443999e-07, 5.21076287896e-07, 2.41077350438e-06, 4.62597672595e-05, 3.64741317753e-05, 8.54258996696e-06, 8.19695487735e-05, 8.31756988191e-05, 2.88918163278e-05, 0.000293861114187, 0.000169300445123, 0.000199564005015, 0.000334405805916, 0.000306548143271, 0.000418630574131, 0.000213607592741, 0.000334642507369, 0.000261022272753, 9.85233127722e-05, 6.63454411551e-05, 4.34235989815e-05, 4.69673541375e-05, 3.89376182284e-05, 2.09312293009e-05, 1.78385162144e-05, 8.30270346341e-06, 3.13223722515e-06, 1.9023468667e-06, 2.4591138299e-06, 1.38505538416e-06, 9.97403844849e-07, 4.11659243582e-07, 1.79849394044e-07, 9.33176593776e-08, 5.63219977323e-08, 2.76397731369e-08, 2.06273522707e-08, 1.14471880863e-08, 6.18881523806e-09, 3.50045259445e-09],
        "min": [2.54357672702e-08, 1.92625062567e-08, 2.68732360809e-08, 2.16025512145e-07, 2.48531989655e-07, 7.99782782224e-08, 5.80982543852e-07, 6.43795715405e-07, 2.46309525664e-07, 1.67500343196e-06, 1.40987162922e-06, 1.92755828721e-06, 8.22230595077e-06, 7.51853758629e-06, 1.23133759189e-05, 1.5927204231e-06, 1.20048889585e-06, 2.30183104577e-06, 2.85239343611e-06, 1.90111609299e-06, 1.10613541437e-06, 3.72781471469e-07, 3.97098943949e-07, 3.0839316878e-07, 1.59840354286e-07, 3.62402055032e-08, 1.26954926571e-08, 6.8265258335e-08, 4.1777191484e-08, 1.9981573729e-08, 7.85258968961e-09, 5.56113244343e-09, 3.2324452004e-09, 1.69488878488e-09, 7.85669584946e-10, 3.89678900259e-10, 3.25980409333e-10, 1.34337693747e-10, 6.39188979523e-11, 6.87538706523e-11],
        "var": [9.70181573967e-12, 2.51551752518e-12, 4.17147601184e-11, 6.48258913216e-09, 2.84994561284e-09, 2.65796912258e-10, 2.4925045139e-08, 4.14140721716e-08, 6.41202024809e-09, 1.68351391494e-07, 8.52950989838e-08, 5.66393296708e-08, 3.04521279304e-07, 6.74236204645e-08, 2.05224523597e-07, 5.70375568998e-08, 7.91826266777e-08, 1.15382739807e-07, 4.0685758762e-08, 4.55610269512e-08, 7.8376993784e-09, 8.2232984866e-09, 6.10091843711e-09, 1.69007896567e-09, 1.84980875062e-09, 3.90008358941e-10, 3.21765808442e-10, 6.35624608503e-11, 3.49530682175e-11, 2.16309383599e-11, 1.14539896665e-11, 7.44378170214e-12, 4.9786276447e-13, 3.54447563964e-13, 8.10300380938e-14, 1.3656646987e-14, 1.10187441379e-14, 3.33309730558e-15, 1.1422232941e-15, 3.3955922964e-16]
    },
    "mfcc": {
        "mean": [-663.264404297, 127.141609192, -124.545265198, -18.1339969635, -31.4393234253, -2.94277691841, -10.9860811234, -8.50313472748, -11.0480136871, -10.9692630768, -5.25199556351, -3.98426580429, -11.9083652496],
        "cov": [[1103.34936523, -871.339538574, 84.7848815918, 165.256439209, 107.33000946, 11.4928560257, -28.4123764038, 41.8526115417, -21.5686168671, 138.504608154, 19.7139816284, 18.8860816956, 29.943819046], [-871.339538574, 1373.91650391, 52.4963684082, -180.68258667, -200.073867798, -107.082260132, 5.61034727097, -64.5944824219, 18.9891433716, -96.348991394, 1.59077131748, -32.9698410034, -22.96210289], [84.7848815918, 52.4963684082, 231.037765503, -8.34363079071, -14.2119445801, -17.3306179047, 30.4244232178, 6.94318342209, -1.73465490341, 23.5318279266, 20.1305484772, 5.64399051666, 16.1209354401], [165.256439209, -180.68258667, -8.34363079071, 149.251754761, 32.304485321, 0.456791132689, 4.49180841446, -14.0776758194, -19.8802890778, 41.1330871582, 0.482646375895, 8.51092243195, 9.64364814758], [107.33000946, -200.073867798, -14.2119445801, 32.304485321, 155.944641113, 32.1142539978, -38.5474700928, 11.7447767258, 16.6489944458, 24.9945144653, 23.7312049866, 3.57920408249, 6.93025398254], [11.4928560257, -107.082260132, -17.3306179047, 0.456791132689, 32.1142539978, 121.543891907, 11.2879304886, 14.886554718, 10.3904724121, -32.5588417053, -17.2283668518, -2.79157066345, -1.65016663074], [-28.4123764038, 5.61034727097, 30.4244232178, 4.49180841446, -38.5474700928, 11.2879304886, 164.174667358, 13.0947465897, -17.6547203064, 6.6752576828, -41.3416099548, -0.154462784529, 6.11824846268], [41.8526115417, -64.5944824219, 6.94318342209, -14.0776758194, 11.7447767258, 14.886554718, 13.0947465897, 113.302330017, 35.6807289124, -23.4164733887, 0.470087736845, -4.65350675583, -3.50967049599], [-21.5686168671, 18.9891433716, -1.73465490341, -19.8802890778, 16.6489944458, 10.3904724121, -17.6547203064, 35.6807289124, 96.1542282104, 2.18995761871, 5.77948045731, 10.680562973, -8.49934864044], [138.504608154, -96.348991394, 23.5318279266, 41.1330871582, 24.9945144653, -32.5588417053, 6.6752576828, -23.4164733887, 2.18995761871, 130.337295532, 23.3463687897, -2.64277219772, 11.5798196793], [19.7139816284, 1.59077131748, 20.1305484772, 0.482646375895, 23.7312049866, -17.2283668518, -41.3416099548, 0.470087736845, 5.77948045731, 23.3463687897, 86.6164169312, 20.6005878448, 5.38956308365], [18.8860816956, -32.9698410034, 5.64399051666, 8.51092243195, 3.57920408249, -2.79157066345, -0.154462784529, -4.65350675583, 10.680562973, -2.64277219772, 20.6005878448, 72.5476989746, 21.6291999817], [29.943819046, -22.96210289, 16.1209354401, 9.64364814758, 6.93025398254, -1.65016663074, 6.11824846268, -3.50967049599, -8.49934864044, 11.5798196793, 5.38956308365, 21.6291999817, 59.804271698]],
