{
"lowlevel": {
    "average_loudness": 0.971308588982,
    "barkbands_crest": {
        "dmean": 2.8359401226,
        "dmean2": 4.77541065216,
        "dvar": 6.61159467697,
        "dvar2": 16.0807189941,
        "max": 21.1561737061,
        "mean": 8.12836360931,
        "median": 7.37707710266,
        "min": 3.3685529232,
        "var": 11.443447113
    },
    "barkbands_flatness_db": {
        "dmean": 0.0337313748896,
        "dmean2": 0.0523913353682,
        "dvar": 0.000854442245327,
        "dvar2": 0.00205708830617,
        "max": 0.355110704899,
        "mean": 0.175490662456,
        "median": 0.165488511324,
        "min": 0.0804778411984,
        "var": 0.00220960262232
    },
    "barkbands_kurtosis": {
        "dmean": 0.969639778137,
        "dmean2": 1.63987576962,
        "dvar": 1.01740849018,
        "dvar2": 2.61743664742,
        "max": 7.20041656494,
        "mean": 0.386467784643,
        "median": 0.0704588890076,
        "min": -1.4755833149,
        "var": 1.57537901402
    },
    "barkbands_skewness": {
        "dmean": 0.464611530304,
        "dmean2": 0.756248474121,
        "dvar": 0.150383964181,
        "dvar2": 0.329204142094,
        "max": 2.79982995987,
        "mean": -0.00821027252823,
        "median": -0.0723385959864,
        "min": -1.48758649826,
        "var": 0.342535942793
    },
    "barkbands_spread": {
        "dmean": 3.07375454903,
        "dmean2": 4.92853736877,
        "dvar": 7.54476118088,
        "dvar2": 18.4319725037,
        "max": 26.6201629639,
        "mean": 11.4531402588,
        "median": 11.0962200165,
        "min": 2.87978792191,
        "var": 19.4580745697
    },
    "dissonance": {
        "dmean": 0.0339564979076,
        "dmean2": 0.0592549778521,
        "dvar": 0.00107840436976,
        "dvar2": 0.00283508375287,
        "max": 0.49997228384,
        "mean": 0.455899268389,
        "median": 0.464441269636,
        "min": 0.315081715584,
        "var": 0.00134761759546
    },
    "dynamic_complexity": 3.85110735893,
    "erbbands_crest": {
        "dmean": 2.5271396637,
        "dmean2": 4.23070478439,
        "dvar": 5.1420378685,
        "dvar2": 13.1098413467,
        "max": 20.7350883484,
        "mean": 8.47995281219,
        "median": 7.89276504517,
        "min": 4.29657077789,
        "var": 7.35658597946
    },
    "erbbands_flatness_db": {
        "dmean": 0.0299828536808,
        "dmean2": 0.0465563572943,
        "dvar": 0.000632595154457,
        "dvar2": 0.00156135985162,
        "max": 0.414705276489,
        "mean": 0.274240016937,
        "median": 0.266030997038,
        "min": 0.189876317978,
        "var": 0.00187677633949
    },
    "erbbands_kurtosis": {
        "dmean": 0.914665043354,
        "dmean2": 1.53087639809,
        "dvar": 1.05074393749,
        "dvar2": 2.67866158485,
        "max": 6.76335334778,
        "mean": 0.437066197395,
        "median": 0.180371403694,
        "min": -1.3026034832,
        "var": 1.5201472044
    },
    "erbbands_skewness": {
        "dmean": 0.381813198328,
        "dmean2": 0.629737555981,
        "dvar": 0.0898465514183,
        "dvar2": 0.222605079412,
        "max": 1.24219679832,
        "mean": -0.0333921052516,
        "median": -0.0590637885034,
        "min": -1.24517345428,
        "var": 0.187378451228
    },
    "erbbands_spread": {
        "dmean": 4.06180381775,
        "dmean2": 6.35139369965,
        "dvar": 14.1685199738,
        "dvar2": 30.7871246338,
        "max": 40.9565658569,
        "mean": 14.3957386017,
        "median": 13.3305549622,
        "min": 3.91242218018,
        "var": 36.2391929626
    },
    "hfc": {
        "dmean": 23.0499095917,
        "dmean2": 41.4183807373,
        "dvar": 884.790405273,
        "dvar2": 2276.07519531,
        "max": 139.392822266,
        "mean": 21.7248802185,
        "median": 5.88433742523,
        "min": 0.22032135725,
        "var": 933.269836426
    },
    "melbands_crest": {
        "dmean": 3.58251619339,
        "dmean2": 5.95206403732,
        "dvar": 11.4194946289,
        "dvar2": 25.4644050598,
        "max": 29.0195465088,
        "mean": 9.88840293884,
        "median": 8.80091285706,
        "min": 3.57549786568,
        "var": 21.4936962128
    },
    "melbands_flatness_db": {
        "dmean": 0.0385032482445,
        "dmean2": 0.0610491223633,
        "dvar": 0.00105920888018,
        "dvar2": 0.00273460755125,
        "max": 0.35632032156,
        "mean": 0.188807427883,
        "median": 0.180297642946,
        "min": 0.100439824164,
        "var": 0.00210777577013
    },
    "melbands_kurtosis": {
        "dmean": 1.19276428223,
        "dmean2": 1.95192360878,
        "dvar": 1.9618473053,
        "dvar2": 4.19875049591,
        "max": 18.7194671631,
        "mean": 0.692916989326,
        "median": 0.262616872787,
        "min": -1.21874296665,
        "var": 3.24100065231
    },
    "melbands_skewness": {
        "dmean": 0.502290844917,
        "dmean2": 0.795671463013,
        "dvar": 0.202899158001,
        "dvar2": 0.444026887417,
        "max": 4.12668037415,
        "mean": 0.291240304708,
        "median": 0.20750901103,
        "min": -1.24743843079,
        "var": 0.491185188293
    },
    "melbands_spread": {
        "dmean": 7.08348035812,
        "dmean2": 11.5857944489,
        "dvar": 36.4096488953,
        "dvar2": 83.2128143311,
        "max": 56.6270141602,
        "mean": 24.017168045,
        "median": 22.816734314,
        "min": 5.87739944458,
        "var": 82.0546646118
    },
    "pitch_salience": {
        "dmean": 0.0915196910501,
        "dmean2": 0.149444922805,
        "dvar": 0.00659888191149,
        "dvar2": 0.0151419118047,
        "max": 0.927378535271,
        "mean": 0.678775906563,
        "median": 0.679788351059,
        "min": 0.31370651722,
        "var": 0.0130390934646
    },
    "silence_rate_20dB": {
        "dmean": 0,
        "dmean2": 0,
        "dvar": 0,
        "dvar2": 0,
        "max": 1,
        "mean": 1,
        "median": 1,
        "min": 1,
        "var": 0
    },
    "silence_rate_30dB": {
        "dmean": 0,
        "dmean2": 0,
        "dvar": 0,
        "dvar2": 0,
        "max": 1,
        "mean": 1,
        "median": 1,
        "min": 1,
        "var": 0
    },
    "silence_rate_60dB": {
        "dmean": 0.165191739798,
        "dmean2": 0.331360936165,
        "dvar": 0.137903004885,
        "dvar2": 0.257063686848,
        "max": 1,
        "mean": 0.367647051811,
        "median": 0,
        "min": 0,
        "var": 0.23248308897
    },
    "spectral_centroid": {
        "dmean": 316.728363037,
        "dmean2": 510.762145996,
        "dvar": 67765.5703125,
        "dvar2": 166133.171875,
        "max": 2988.34033203,
        "mean": 1761.35388184,
        "median": 1823.64282227,
        "min": 499.967132568,
        "var": 189143.734375
    },
    "spectral_complexity": {
        "dmean": 6.58407068253,
        "dmean2": 10.9230766296,
        "dvar": 39.6824378967,
        "dvar2": 100.15977478,
        "max": 43,
        "mean": 12.6441173553,
        "median": 10,
        "min": 0,
        "var": 76.9115829468
    },
    "spectral_decrease": {
        "dmean": 3.28440674657e-09,
        "dmean2": 5.82028159002e-09,
        "dvar": 1.69810799529e-17,
        "dvar2": 4.4109482265e-17,
        "max": -4.17619862303e-11,
        "mean": -3.28940297223e-09,
        "median": -1.20552801075e-09,
        "min": -1.94405576082e-08,
        "var": 1.79489226286e-17
    },
    "spectral_energy": {
        "dmean": 0.0144604146481,
        "dmean2": 0.0256664939225,
        "dvar": 0.000330772920279,
        "dvar2": 0.000858203449752,
        "max": 0.0860164761543,
        "mean": 0.0143854506314,
        "median": 0.00527529511601,
        "min": 0.000177603564225,
        "var": 0.00034958901233
    },
    "spectral_energyband_high": {
        "dmean": 0.000198930763872,
        "dmean2": 0.000365989486454,
        "dvar": 1.20511359114e-07,
        "dvar2": 3.14152146075e-07,
        "max": 0.0023743014317,
        "mean": 0.000159876173711,
        "median": 2.90819953079e-05,
        "min": 7.89602495388e-07,
        "var": 9.82003243166e-08
    },
    "spectral_energyband_low": {
        "dmean": 2.48364012805e-05,
        "dmean2": 4.2946805479e-05,
        "dvar": 9.98850002709e-10,
        "dvar2": 2.62136912177e-09,
        "max": 0.000232484686421,
        "mean": 2.85001806333e-05,
        "median": 1.48449589688e-05,
        "min": 6.63306536808e-07,
        "var": 1.347457812e-09
    },
    "spectral_energyband_middle_high": {
        "dmean": 0.0123864272609,
        "dmean2": 0.0221997089684,
        "dvar": 0.000247993797529,
        "dvar2": 0.000641774735413,
        "max": 0.0768255963922,
        "mean": 0.011703742668,
        "median": 0.00330722564831,
        "min": 0.000108689899207,
        "var": 0.000263119232841
    },
    "spectral_energyband_middle_low": {
        "dmean": 0.00228278432041,
        "dmean2": 0.00398144125938,
        "dvar": 1.253703158e-05,
        "dvar2": 3.26158769894e-05,
        "max": 0.0272352285683,
        "mean": 0.0025559400674,
        "median": 0.00116668501869,
        "min": 2.18535606109e-05,
        "var": 1.30002727019e-05
    },
    "spectral_entropy": {
        "dmean": 0.267348885536,
        "dmean2": 0.42070093751,
        "dvar": 0.0694997981191,
        "dvar2": 0.169544711709,
        "max": 8.44361305237,
        "mean": 7.29101800919,
        "median": 7.38027477264,
        "min": 5.73890781403,
        "var": 0.126607120037
    },
    "spectral_flux": {
        "dmean": 0.0462583936751,
        "dmean2": 0.0779116153717,
        "dvar": 0.00290412921458,
        "dvar2": 0.00607692822814,
        "max": 0.250473558903,
        "mean": 0.0853574946523,
        "median": 0.0716148167849,
        "min": 0.0105743026361,
        "var": 0.00425760727376
    },
    "spectral_kurtosis": {
        "dmean": 7.00912237167,
        "dmean2": 12.8103780746,
        "dvar": 52.4985923767,
        "dvar2": 165.023513794,
        "max": 55.3448066711,
        "mean": 10.7930135727,
        "median": 8.67696285248,
        "min": 2.61344623566,
        "var": 47.1879997253
    },
    "spectral_rms": {
        "dmean": 0.00169422687031,
        "dmean2": 0.00288813165389,
        "dvar": 3.50850677933e-06,
        "dvar2": 8.86710040504e-06,
        "max": 0.00916070491076,
        "mean": 0.00302269519307,
        "median": 0.0022686123848,
        "min": 0.000416259252233,
        "var": 4.89790181746e-06
    },
    "spectral_rolloff": {
        "dmean": 375.592102051,
        "dmean2": 626.883544922,
        "dvar": 97128.5546875,
        "dvar2": 229638.5625,
        "max": 3509.91210938,
        "mean": 2089.48095703,
        "median": 2131.78710938,
        "min": 430.6640625,
        "var": 231746
    },
    "spectral_skewness": {
        "dmean": 0.642117619514,
        "dmean2": 1.16460943222,
        "dvar": 0.401684701443,
        "dvar2": 1.26399707794,
        "max": 5.16079139709,
        "mean": 1.85241663456,
        "median": 1.71503472328,
        "min": 0.72727483511,
        "var": 0.412750184536
    },
    "spectral_spread": {
        "dmean": 365634.59375,
        "dmean2": 605177.875,
        "dvar": 672635027456,
        "dvar2": 883971457024,
        "max": 16297594,
        "mean": 2123308.25,
        "median": 2063933,
        "min": 1219045.25,
        "var": 732431122432
    },
    "spectral_strongpeak": {
        "dmean": 0.929853498936,
        "dmean2": 1.52451133728,
        "dvar": 1.67371988297,
        "dvar2": 4.07818698883,
        "max": 13.6187906265,
        "mean": 1.51683998108,
        "median": 0.91774725914,
        "min": 0.0168456900865,
        "var": 2.99697041512
    },
    "zerocrossingrate": {
        "dmean": 0.00629292288795,
        "dmean2": 0.00811298098415,
        "dvar": 3.0793096812e-05,
        "dvar2": 4.23214223702e-05,
        "max": 0.1083984375,
        "mean": 0.0640050545335,
        "median": 0.0634765625,
        "min": 0.02490234375,
        "var": 0.000198340116185
    },
    "barkbands": {
        "dmean": [1.40333395393e-06, 1.99778769456e-05, 4.5140968723e-06, 2.16886546696e-05, 0.000237688029301, 0.000110928427603, 0.000427212653449, 0.000151493906742, 0.00138286827132, 0.000894643657375, 0.00140108400956, 0.00254849647172, 0.00199842569418, 0.00153403228614, 0.00189390371088, 0.00130663299933, 0.00151356449351, 0.000664398714434, 0.00031133525772, 0.000168341313838, 9.14119300433e-05, 3.10529612761e-05, 8.97053178051e-06, 4.73293948744e-06, 2.07548418985e-06, 7.96910683221e-07, 1.69665909766e-07],
        "dmean2": [2.4560717975e-06, 3.50955160684e-05, 7.90017475083e-06, 3.73389848392e-05, 0.000389112887206, 0.000175582244992, 0.000712082663085, 0.000256300118053, 0.00243294122629, 0.00154797174037, 0.00245191692375, 0.00460307998583, 0.00365017959848, 0.00268310308456, 0.00344281224534, 0.00234182318673, 0.0028013009578, 0.00118898774963, 0.000560286804102, 0.000309950817609, 0.000168181926711, 5.68033101445e-05, 1.67333091667e-05, 9.08126548893e-06, 4.0096219891e-06, 1.52452196289e-06, 3.23251271084e-07],
        "dvar": [3.02672535472e-12, 7.13263781371e-10, 4.48037648648e-11, 2.46382558799e-09, 2.08438095228e-07, 2.61573518401e-08, 9.45723570567e-07, 1.77684341907e-07, 7.70188125898e-06, 2.24908399105e-06, 8.47830688144e-06, 1.89313395822e-05, 1.47662776726e-05, 1.20324775708e-05, 1.26476270452e-05, 4.63605283585e-06, 5.58318561161e-06, 1.45237538618e-06, 3.30058583131e-07, 1.01113606377e-07, 2.78576237633e-08, 2.50895237919e-09, 2.70233141419e-10, 8.73261810086e-11, 1.38163803315e-11, 2.33691234766e-12, 1.03032471064e-13],
        "dvar2": [8.07395122981e-12, 1.8445035499e-09, 1.19061330239e-10, 4.89690021865e-09, 5.22086622823e-07, 6.60371455297e-08, 2.57507144852e-06, 4.60306836203e-07, 2.00832218979e-05, 6.14595001025e-06, 2.2874926799e-05, 5.08461962454e-05, 3.98136980948e-05, 3.11861731461e-05, 3.27499765262e-05, 1.15209968499e-05, 1.52834491018e-05, 3.49108859155e-06, 8.94734000667e-07, 2.64341110778e-07, 7.7199914017e-08, 6.78263223364e-09, 7.37820249341e-10, 2.48073950271e-10, 3.91508353514e-11, 6.64199381259e-12, 2.89528817587e-13],
        "max": [1.37735660246e-05, 0.000180111674126, 4.61554591311e-05, 0.000422665732913, 0.00370890507475, 0.00110855570529, 0.00952220894396, 0.00512249302119, 0.0220642853528, 0.010339602828, 0.0244667772204, 0.0298311058432, 0.0393128618598, 0.0413306467235, 0.0218778159469, 0.0170905124396, 0.0162448380142, 0.01286324393, 0.00411329884082, 0.00252764276229, 0.00122275180183, 0.000290252879495, 0.00010260642739, 5.67271963519e-05, 2.18628956645e-05, 1.01665664261e-05, 1.89800152839e-06],
        "mean": [1.35294749271e-06, 2.0869754735e-05, 4.00770477427e-06, 2.63490055659e-05, 0.000366116786608, 0.000149660612806, 0.000445936369943, 0.000151453612489, 0.00122072303202, 0.000815266917925, 0.00117881025653, 0.00213114265352, 0.00174307916313, 0.00132766296156, 0.00155953341164, 0.00106082903221, 0.00118245370686, 0.000512848549988, 0.000254683953244, 0.000130347136292, 6.85132908984e-05, 2.30190617003e-05, 5.91860771237e-06, 2.96637813335e-06, 1.27436351249e-06, 5.26380972588e-07, 1.29721456688e-07],
        "median": [7.67624669606e-07, 9.834069715e-06, 1.48685649037e-06, 2.89152922051e-06, 5.52164419787e-05, 5.12910846737e-05, 7.26212747395e-05, 2.15985201066e-05, 0.000141153141158, 0.000123567428091, 0.000183259195182, 0.000394916365622, 0.000295156787615, 0.000234161183471, 0.000225440744543, 0.000178630667506, 0.000177738751518, 0.000101048106444, 3.60287922376e-05, 2.41420711973e-05, 1.04412556539e-05, 3.06133824779e-06, 5.95682308813e-07, 2.295056305e-07, 9.92272504163e-08, 9.91620225932e-08, 3.4622310352e-08],
        "min": [5.56659474071e-09, 1.881773386e-07, 2.03144434607e-08, 1.51420227468e-08, 5.3867825045e-07, 6.57711325402e-07, 2.78348181837e-07, 4.95777889853e-08, 6.32918045085e-07, 1.37939446176e-06, 2.40008398578e-06, 1.23309291666e-05, 4.5624624363e-06, 5.12743417858e-06, 5.29906856173e-06, 3.33578782374e-06, 4.83895655634e-06, 1.6190107317e-06, 9.84674898064e-07, 2.58061589875e-07, 3.10651103064e-07, 7.05099054699e-08, 3.16191872685e-08, 1.64499578403e-08, 9.97477922482e-09, 1.71350080791e-08, 7.37760563752e-09],
        "var": [2.99171668341e-12, 8.72745598013e-10, 4.4903459423e-11, 3.92867471888e-09, 4.2054736582e-07, 4.56548541194e-08, 9.25015854136e-07, 1.70535514599e-07, 6.95536436979e-06, 2.28195222007e-06, 7.8070879681e-06, 1.58112325153e-05, 1.46587863128e-05, 1.26517606986e-05, 1.14177664727e-05, 4.61718036604e-06, 4.83380745209e-06, 1.33459479912e-06, 2.80613278392e-07, 7.96536667735e-08, 2.06395132096e-08, 2.06057282348e-09, 1.87755963554e-10, 5.44247875933e-11, 8.61799694107e-12, 1.39808444769e-12, 6.36636197319e-14]
    },
    "erbbands": {
        "dmean": [0.000594207434915, 0.00455804402009, 0.00681256595999, 0.0336900912225, 0.421673715115, 0.871650159359, 1.25009679794, 0.803973078728, 6.06748199463, 4.5111413002, 4.59870100021, 27.4082374573, 28.6058235168, 49.6282501221, 48.7556419373, 109.79662323, 83.2624130249, 80.1322555542, 87.4292068481, 88.1462402344, 73.8576812744, 73.6016769409, 39.957069397, 25.6176834106, 13.6253023148, 8.41949558258, 4.69799280167, 2.59915995598, 1.08208179474, 0.541504740715, 0.247545465827, 0.125700220466, 0.0652214214206, 0.0289126317948, 0.0116665055975, 0.00425319420174, 0.00133309722878, 0.000292296026601, 4.0334649384e-05, 1.95392440219e-05],
        "dmean2": [0.00102470931597, 0.00805580615997, 0.0121605321765, 0.0573250129819, 0.675456225872, 1.46216511726, 2.02220821381, 1.32299721241, 10.0998249054, 7.73042106628, 7.65256023407, 48.5341491699, 50.4030265808, 87.3931350708, 86.1352233887, 197.961959839, 151.453170776, 144.667251587, 155.89289856, 162.679626465, 134.701248169, 134.106918335, 71.2272186279, 45.7695579529, 24.7028617859, 15.5811128616, 8.4778213501, 4.80768918991, 2.02240872383, 1.01576030254, 0.460128068924, 0.239668011665, 0.125718414783, 0.0558362826705, 0.0224341340363, 0.00815040431917, 0.00254929950461, 0.000564911169931, 7.52826526877e-05, 3.49365909642e-05],
        "dvar": [6.47987462798e-07, 3.99469972763e-05, 9.83181816991e-05, 0.00497582787648, 0.852623164654, 3.56483435631, 5.78080415726, 1.6748149395, 197.039932251, 132.356231689, 70.1741409302, 3290.15893555, 2422.56298828, 6939.94482422, 6870.09423828, 33932.9921875, 20771.6621094, 20486.328125, 20791.171875, 19959.25, 13750.5742188, 14076.8183594, 3894.86572266, 2064.74951172, 727.872070312, 291.921722412, 84.1564712524, 18.6927146912, 2.96275234222, 0.808073699474, 0.21906453371, 0.0606794953346, 0.016729850322, 0.00261938455515, 0.000489167461637, 6.69821820338e-05, 6.87111469233e-06, 3.23628370325e-07, 4.84389062194e-09, 6.18618434256e-10],
        "dvar2": [1.57945419232e-06, 0.000108589367301, 0.000271125027211, 0.010061445646, 1.63279557228, 9.51963806152, 12.1247444153, 4.32907533646, 515.444274902, 361.168426514, 178.377746582, 8692.56152344, 6307.91503906, 18508.9726562, 18754.6308594, 90075.875, 57401.1523438, 52590.578125, 51812.4335938, 54074.1367188, 35518.3554688, 37761.46875, 10270.0292969, 4923.23876953, 2019.94104004, 793.390991211, 229.305404663, 52.4888343811, 7.83230495453, 2.24101877213, 0.586934447289, 0.171831294894, 0.047392167151, 0.00741078797728, 0.00140238553286, 0.00019073409203, 1.95479242393e-05, 9.12037080525e-07, 1.35112996347e-08, 1.60655189152e-09],
        "max": [0.00630903150886, 0.0397251732647, 0.0692917108536, 0.567155778408, 7.16816902161, 15.2865180969, 19.9296169281, 9.24950313568, 136.391098022, 112.391738892, 70.9446105957, 381.441802979, 396.990936279, 573.067382812, 647.369995117, 1427.42773438, 976.755004883, 1166.61230469, 1535.8470459, 723.485961914, 906.005187988, 1045.71203613, 377.891876221, 401.040588379, 249.784866333, 153.03843689, 69.5499801636, 24.6370811462, 8.86287689209, 4.21103954315, 3.04142570496, 1.60582220554, 0.838654577732, 0.278934270144, 0.15509301424, 0.0503537394106, 0.0148492399603, 0.00411915592849, 0.000369619985577, 0.000120262186101],
        "mean": [0.000629938149359, 0.00449128029868, 0.00669136596844, 0.0443492867053, 0.632659196854, 1.1816804409, 1.78670549393, 1.09271419048, 6.56078529358, 4.31114625931, 4.81380319595, 23.9893550873, 26.315820694, 45.7813110352, 42.9855766296, 92.2745056152, 71.5074539185, 72.1816253662, 79.1282577515, 70.5975723267, 58.3138427734, 60.4859313965, 31.8495979309, 21.459148407, 10.2357711792, 6.54299259186, 3.64942526817, 1.92332494259, 0.833438813686, 0.377061635256, 0.166338264942, 0.0800409689546, 0.0400807149708, 0.0178483054042, 0.00715477345511, 0.00271731195971, 0.00088919850532, 0.00020832339942, 3.11151125061e-05, 1.95228712982e-05],
        "median": [0.000300253770547, 0.00195989804342, 0.00267624435946, 0.0071378313005, 0.0518990382552, 0.179344654083, 0.352967202663, 0.534595012665, 1.30938315392, 0.792366981506, 0.966157197952, 3.00349068642, 6.6872010231, 8.04595470428, 9.66303253174, 17.8282814026, 17.2193374634, 15.5670318604, 14.5630588531, 13.3973884583, 10.1096420288, 9.08131599426, 5.80180454254, 3.78635215759, 1.73221540451, 1.27506947517, 0.645302295685, 0.271055161953, 0.10679243505, 0.0465422123671, 0.0182158648968, 0.00789783708751, 0.00225532101467, 0.00119153712876, 0.000697419978678, 0.00038093898911, 0.000188160716789, 5.24119932379e-05, 8.55831422086e-06, 7.06508035364e-06],
        "min": [4.03186095355e-06, 5.42575653526e-05, 3.5412296711e-05, 0.000129535328597, 0.000329890463036, 0.00178944366053, 0.00212905509397, 0.0051680742763, 0.00441289041191, 0.00770964939147, 0.0118292272091, 0.0176179669797, 0.0249828472733, 0.208851978183, 0.223436772823, 0.641386806965, 0.27104640007, 0.419798105955, 0.547883689404, 0.394459605217, 0.242153480649, 0.296201139688, 0.153608411551, 0.0655581951141, 0.0465515851974, 0.0155629543588, 0.0179601404816, 0.00779939582571, 0.00279190693982, 0.000942697515711, 0.000957287033089, 0.000421194476075, 0.000155613801326, 9.9516386399e-05, 7.89462355897e-05, 5.38767380931e-05, 3.36895391229e-05, 8.77718139236e-06, 1.22059384466e-06, 4.98266956583e-07],
        "var": [7.77429590926e-07, 4.50243969681e-05, 0.000103853293695, 0.00818134378642, 1.79498958588, 6.01242017746, 11.0256586075, 2.08580756187, 201.396438599, 120.433044434, 81.0218582153, 2806.0546875, 2316.95727539, 6551.49462891, 6018.04589844, 29756.5332031, 17229.6308594, 22203.5566406, 22122.8847656, 15711.6972656, 12534.9970703, 14341.3632812, 3507.70214844, 2064.90478516, 532.700439453, 206.127029419, 62.7816009521, 14.4522171021, 2.52843260765, 0.575071513653, 0.158023267984, 0.0390602387488, 0.0102100279182, 0.0016516703181, 0.000298106780974, 4.03809026466e-05, 4.0466311475e-06, 1.9378227023e-07, 3.20762238992e-09, 6.33010588391e-10]
    },
    "gfcc": {
        "mean": [-107.197113037, 91.2904052734, -210.042785645, -5.81019306183, -39.5569114685, -6.25002384186, -25.6033554077, -5.73948669434, -20.1777362823, -1.31905198097, -10.8926792145, 6.91745042801, -0.955662965775],
        "cov": [[5727.1015625, -517.958984375, -675.989379883, 36.2358779907, -333.733764648, 106.552383423, -276.421722412, -58.2457771301, -81.4051513672, -193.352996826, 23.1826972961, -280.910583496, -44.1879730225], [-517.958984375, 927.95703125, 353.714202881, -166.99621582, -24.5156822205, -166.530258179, 32.0632896423, -133.489456177, -120.845924377, -128.529083252, -66.0151519775, -48.2046165466, 30.1357479095], [-675.989379883, 353.714202881, 523.526611328, 54.0828781128, -18.4613113403, -42.382396698, -43.5748977661, 10.9859733582, -126.932991028, -22.0016860962, -59.9295883179, 11.4688529968, -23.4049835205], [36.2358779907, -166.99621582, 54.0828781128, 270.779510498, 57.3106918335, 9.95351314545, -32.257194519, 7.20355272293, -8.64228248596, 21.1650371552, 12.3456926346, 14.8118591309, -48.2067909241], [-333.733764648, -24.5156822205, -18.4613113403, 57.3106918335, 158.731719971, 41.9940605164, 57.3555259705, 13.0668582916, 36.1997909546, 20.2791290283, -5.73272657394, 24.7944545746, -14.0669898987], [106.552383423, -166.530258179, -42.382396698, 9.95351314545, 41.9940605164, 128.111495972, 41.6527862549, 55.8404998779, 23.7613677979, 18.8643932343, -2.51753926277, 11.9605331421, 9.50913333893], [-276.421722412, 32.0632896423, -43.5748977661, -32.257194519, 57.3555259705, 41.6527862549, 149.99156189, 64.0303878784, 45.7595977783, 22.2567443848, -4.30354642868, 19.214635849, 11.9306974411], [-58.2457771301, -133.489456177, 10.9859733582, 7.20355272293, 13.0668582916, 55.8404998779, 64.0303878784, 155.507507324, 59.9605979919, 67.306098938, 30.8789901733, 18.9751224518, -3.93141627312], [-81.4051513672, -120.845924377, -126.932991028, -8.64228248596, 36.1997909546, 23.7613677979, 45.7595977783, 59.9605979919, 125.776931763, 79.5680389404, 49.4460029602, 29.82579422, -1.43587636948], [-193.352996826, -128.529083252, -22.0016860962, 21.1650371552, 20.2791290283, 18.8643932343, 22.2567443848, 67.306098938, 79.5680389404, 128.904251099, 80.3915328979, 46.2782440186, -5.94568920135], [23.1826972961, -66.0151519775, -59.9295883179, 12.3456926346, -5.73272657394, -2.51753926277, -4.30354642868, 30.8789901733, 49.4460029602, 80.3915328979, 144.28918457, 47.6460723877, -3.66416573524], [-280.910583496, -48.2046165466, 11.4688529968, 14.8118591309, 24.7944545746, 11.9605331421, 19.214635849, 18.9751224518, 29.82579422, 46.2782440186, 47.6460723877, 90.8550491333, 29.4809608459], [-44.1879730225, 30.1357479095, -23.4049835205, -48.2067909241, -14.0669898987, 9.50913333893, 11.9306974411, -3.93141627312, -1.43587636948, -5.94568920135, -3.66416573524, 29.4809608459, 95.9123840332]],
        "icov": [[0.000443432218162, -0.000682250072714, 0.00141827203333, -0.000648975779768, 0.000964583072346, -0.00123625958804, 0.00133161921985, -0.0010515601607, 0.000901733525097, -7.62998970458e-05, 0.000196139677428, 0.000275237340247, 0.000425522768637], [-0.000682250072714, 0.00800028908998, -0.00948435626924, 0.00453651370481, -0.00348864239641, 0.00775825046003, -0.00863237120211, 0.00809458084404, -0.0065391426906, 0.0067902780138, -0.00621211901307, 0.00607034564018, -0.00451773032546], [0.00141827203333, -0.00948435626924, 0.0160758160055, -0.00569061143324, 0.00465006520972, -0.00835933722556, 0.011982165277, -0.0126762529835, 0.0142099466175, -0.00978816859424, 0.00928735174239, -0.0085556730628, 0.00678738532588], [-0.000648975779768, 0.00453651370481, -0.00569061143324, 0.00777448853478, -0.00469168415293, 0.00470505841076, -0.00327528151684, 0.00390088185668, -0.00232307752594, 0.00270002451725, -0.00308529962786, 0.00147012062371, -0.000229876037338], [0.000964583072346, -0.00348864239641, 0.00465006520972, -0.00469168415293, 0.0128950709477, -0.00713685434312, 0.000797648797743, -0.00100016605575, 0.000183884301805, -0.00194421689957, 0.00342529662885, -0.00333387800492, 0.00381360715255], [-0.00123625958804, 0.00775825046003, -0.00835933722556, 0.00470505841076, -0.00713685434312, 0.0195912588388, -0.00923526659608, 0.00348867592402, -0.00399969425052, 0.00500997714698, -0.00388080021366, 0.00373151223175, -0.00542409578338], [0.00133161921985, -0.00863237120211, 0.011982165277, -0.00327528151684, 0.000797648797743, -0.00923526659608, 0.0214308369905, -0.0140350451693, 0.0070887436159, -0.00564538687468, 0.00777634605765, -0.00707403570414, 0.00462265219539], [-0.0010515601607, 0.00809458084404, -0.0126762529835, 0.00390088185668, -0.00100016605575, 0.00348867592402, -0.0140350451693, 0.0219777841121, -0.0124036325142, 0.00338756176643, -0.0071623576805, 0.00781308859587, -0.0046571996063], [0.000901733525097, -0.0065391426906, 0.0142099466175, -0.00232307752594, 0.000183884301805, -0.00399969425052, 0.0070887436159, -0.0124036325142, 0.0299767348915, -0.0166882425547, 0.00748406955972, -0.00769856246188, 0.00586983328685], [-7.62998970458e-05, 0.0067902780138, -0.00978816859424, 0.00270002451725, -0.00194421689957, 0.00500997714698, -0.00564538687468, 0.00338756176643, -0.0166882425547, 0.0282485429198, -0.013384167105, 0.0036946227774, -0.00328654726036], [0.000196139677428, -0.00621211901307, 0.00928735174239, -0.00308529962786, 0.00342529662885, -0.00388080021366, 0.00777634605765, -0.0071623576805, 0.00748406955972, -0.013384167105, 0.0187943540514, -0.011330886744, 0.005867252592], [0.000275237340247, 0.00607034564018, -0.0085556730628, 0.00147012062371, -0.00333387800492, 0.00373151223175, -0.00707403570414, 0.00781308859587, -0.00769856246188, 0.0036946227774, -0.011330886744, 0.026433641091, -0.0112322168425], [0.000425522768637, -0.00451773032546, 0.00678738532588, -0.000229876037338, 0.00381360715255, -0.00542409578338, 0.00462265219539, -0.0046571996063, 0.00586983328685, -0.00328654726036, 0.005867252592, -0.0112322168425, 0.0174744017422]]
    },
    "melbands": {
        "dmean": [5.42486577615e-06, 4.30289583164e-06, 1.52178599819e-05, 4.63018041046e-05, 4.36264999735e-05, 2.03638046514e-05, 9.10409871722e-05, 4.62917632831e-05, 4.82622854179e-05, 0.000197191795451, 0.000139320633025, 0.000193980697077, 0.00018309110601, 0.00027881693677, 0.00017676234711, 0.000229192519328, 0.000142874225276, 0.00013629058958, 0.000180597489816, 0.000101068952063, 8.56793558341e-05, 7.99622866907e-05, 5.17046937603e-05, 3.2530122553e-05, 2.00677441171e-05, 1.16697792691e-05, 7.26323150957e-06, 5.18796832694e-06, 3.20437538903e-06, 2.2633748813e-06, 1.28406327349e-06, 6.54263999422e-07, 4.4217500772e-07, 2.39266569224e-07, 1.49980593278e-07, 9.42766291701e-08, 7.07975189584e-08, 4.95842407133e-08, 3.11927443875e-08, 2.22459526356e-08],
        "dmean2": [9.44478779275e-06, 7.63486605138e-06, 2.49389122473e-05, 7.73351057433e-05, 7.09060332156e-05, 3.39165162586e-05, 0.000151279818965, 7.95472224127e-05, 7.93998915469e-05, 0.000350676069502, 0.000245457456913, 0.000341097736964, 0.000321481988067, 0.00050632643979, 0.000314452394377, 0.000421423086664, 0.000254683167441, 0.000240199704422, 0.000331840128638, 0.000182148913154, 0.000157762333401, 0.000146873615449, 9.37161457841e-05, 5.78880681132e-05, 3.58648867405e-05, 2.11607784877e-05, 1.34175943458e-05, 9.41581220104e-06, 5.74400110054e-06, 4.20755986852e-06, 2.35990842157e-06, 1.19985145375e-06, 8.22912170406e-07, 4.53738010719e-07, 2.81190551732e-07, 1.77667175194e-07, 1.353322574e-07, 9.5531291322e-08, 5.97392357804e-08, 4.30925624073e-08],
        "dvar": [5.16912762594e-11, 3.83289337769e-11, 1.20298493389e-09, 1.05986384114e-08, 6.54747589479e-09, 1.11369879985e-09, 4.51673543012e-08, 1.49674530547e-08, 1.07825925966e-08, 1.63940754305e-07, 5.93507820668e-08, 1.11005753922e-07, 1.3802522858e-07, 2.47445626655e-07, 9.90568196357e-08, 2.0619189911e-07, 7.421028414e-08, 7.81044136033e-08, 1.23454711343e-07, 3.10553573968e-08, 1.97540970248e-08, 1.60986335374e-08, 7.43411243675e-09, 4.35127001097e-09, 1.32132194075e-09, 5.32889010696e-10, 1.87105650418e-10, 1.19569937285e-10, 3.74771359779e-11, 2.23089099277e-11, 4.43298479522e-12, 1.10030571893e-12, 5.69372348748e-13, 1.67226909403e-13, 8.30059220143e-14, 3.71225741661e-14, 2.14242533626e-14, 1.04306703384e-14, 3.2382442268e-15, 1.67455999628e-15],
        "dvar2": [1.28782609576e-10, 1.07131768734e-10, 2.12995909799e-09, 2.51806504536e-08, 1.46771412801e-08, 2.91128587904e-09, 1.20010355431e-07, 4.05730204989e-08, 2.70145239512e-08, 4.30858960954e-07, 1.53798154656e-07, 2.97102104696e-07, 3.74685981797e-07, 6.82421898546e-07, 2.56316184277e-07, 5.623760444e-07, 1.88027684089e-07, 2.01008617751e-07, 3.27752218254e-07, 7.85609088894e-08, 5.41465787762e-08, 4.29277022818e-08, 2.03869117144e-08, 1.05530135741e-08, 3.1801983269e-09, 1.46661205402e-09, 5.19509990582e-10, 3.24746757263e-10, 9.80561812303e-11, 6.29436294752e-11, 1.22164960439e-11, 2.88517668957e-12, 1.58886001144e-12, 4.63779026034e-13, 2.22819362245e-13, 1.02376677827e-13, 6.09841766929e-14, 2.96095274493e-14, 9.21275046268e-15, 4.75929517151e-15],
        "max": [4.89840349474e-05, 4.25748366979e-05, 0.000302518194076, 0.00101065379567, 0.000627778586932, 0.000255964521784, 0.00211540074088, 0.00132762105204, 0.000711808912456, 0.00287045165896, 0.00204093195498, 0.00236035208218, 0.00322824995965, 0.00266249990091, 0.0028873255942, 0.00442674709484, 0.00263126054779, 0.00364882126451, 0.0018755600322, 0.00118399737403, 0.000898450496607, 0.000963241036516, 0.000605121254921, 0.000802394060884, 0.000285517744487, 0.000213101215195, 9.17031356948e-05, 9.78030075203e-05, 4.96541251778e-05, 4.2529678467e-05, 1.49621409946e-05, 6.55370604363e-06, 4.23024175689e-06, 2.0263287297e-06, 1.93271625903e-06, 1.22939422909e-06, 9.42195867992e-07, 7.00610371496e-07, 3.63329519359e-07, 2.39536092295e-07],
        "mean": [5.8215809986e-06, 4.25556208938e-06, 2.1357958758e-05, 6.88403597451e-05, 6.10725765e-05, 2.68700259767e-05, 9.74961731117e-05, 4.30338659498e-05, 4.93795014336e-05, 0.000171495237737, 0.000128728119307, 0.000179156020749, 0.000157072005095, 0.000230313598877, 0.000154398265295, 0.000192079867702, 0.000129227904836, 0.000124723606859, 0.000140609074151, 8.16925021354e-05, 6.35283868178e-05, 6.41785591142e-05, 4.1098028305e-05, 2.52159443335e-05, 1.68830247276e-05, 8.9890372692e-06, 5.13664281243e-06, 4.00118369726e-06, 2.51596748058e-06, 1.60575109476e-06, 9.45315889567e-07, 4.89431442929e-07, 3.32532948732e-07, 1.56294419185e-07, 1.00514924384e-07, 6.17512796453e-08, 4.44335839234e-08, 3.03306144644e-08, 1.92027442836e-08, 1.3635308882e-08],
        "median": [2.82484757008e-06, 1.64971322647e-06, 2.08378787647e-06, 7.28731629351e-06, 1.18230454973e-05, 1.33422827275e-05, 1.90820646822e-05, 8.35918399389e-06, 6.76200579619e-06, 2.16383741645e-05, 3.01051913993e-05, 2.90976931865e-05, 3.11522162519e-05, 4.76342720503e-05, 2.75357615465e-05, 2.71346943919e-05, 2.38480897679e-05, 2.32782658713e-05, 1.9889921532e-05, 1.42200624396e-05, 1.18839689094e-05, 9.41196049098e-06, 6.66913365421e-06, 4.63158903585e-06, 2.91237620331e-06, 1.37395636557e-06, 8.54852601151e-07, 7.91410855072e-07, 4.230137165e-07, 2.20939966766e-07, 1.26594983385e-07, 6.32984153981e-08, 4.5208576438e-08, 1.74861618518e-08, 9.73954161765e-09, 6.45477848948e-09, 3.66115315842e-09, 1.36532540829e-09, 1.03836050869e-09, 9.73817582128e-10],
        "min": [4.47379306934e-08, 3.12708934302e-08, 2.40872353174e-08, 3.67655417222e-08, 3.90533543282e-08, 1.13949994329e-07, 7.03468643337e-08, 5.88234243537e-08, 1.93805007598e-08, 9.11172506335e-08, 1.10096188166e-07, 6.63345758767e-07, 2.30356349107e-07, 1.50947380462e-06, 5.28271414169e-07, 7.44428859889e-07, 3.60866977189e-07, 7.6128208093e-07, 5.14017528985e-07, 2.69303313871e-07, 2.98768924267e-07, 3.23606258235e-07, 1.92251846443e-07, 7.13297581001e-08, 4.76094079715e-08, 4.50039472355e-08, 1.62132032244e-08, 8.25058599219e-09, 1.11182565377e-08, 5.74561598299e-09, 3.30081717514e-09, 2.0895052355e-09, 3.51469409132e-10, 5.7958926547e-10, 4.63012073126e-10, 3.74355518806e-10, 1.88715237881e-10, 1.10129676212e-10, 8.6478608996e-11, 8.19057946466e-11],
        "var": [6.40564962184e-11, 4.17764017824e-11, 2.24841745222e-09, 2.22635563318e-08, 1.16780709547e-08, 1.33450883677e-09, 4.49956765181e-08, 1.35093811693e-08, 1.23861356727e-08, 1.4179344987e-07, 5.74409639853e-08, 1.05009839046e-07, 1.23695826915e-07, 1.91447313114e-07, 9.3484146646e-08, 1.96359053461e-07, 8.08902171912e-08, 7.99175268185e-08, 1.01123667662e-07, 2.95559807739e-08, 1.53831489769e-08, 1.55643711253e-08, 6.51919318528e-09, 3.91146448564e-09, 1.31311028717e-09, 3.99714011889e-10, 1.3149736855e-10, 8.6341267469e-11, 3.07399904143e-11, 1.50642050917e-11, 3.68791976124e-12, 9.32966811446e-13, 4.55558334111e-13, 1.11092897576e-13, 5.88500263603e-14, 2.50182582035e-14, 1.34142202283e-14, 6.3065406101e-15, 2.02939607393e-15, 1.03576851092e-15]
    },
    "mfcc": {
        "mean": [-727.880859375, 130.299957275, -99.6111068726, 2.07650876045, -12.149848938, 1.74293267727, -3.93158221245, -1.43362259865, -2.72357368469, -8.01747512817, -6.73097085953, -2.44479942322, -1.24048483372],
        "cov": [[6208.26416016, -681.551635742, -496.481842041, -179.239059448, -173.830322266, -46.2305717468, -211.52243042, -35.9424438477, -178.018386841, -38.1809806824, 25.8015193939, -31.941608429, -146.419692993], [-681.551635742, 977.443481445, 280.580047607, -44.8505401611, -59.958896637, -78.9828872681, 56.4597549438, -46.200756073, -0.289440333843, -89.095703125, -112.591651917, -87.854927063, -28.7156677246], [-496.481842041, 280.580047607, 419.223419189, 46.3295326233, 20.702381134, -66.3475570679, 37.9794235229, -44.0343971252, -28.2206630707, -24.1964015961, -103.219024658, -1.83937978745, 37.8193740845], [-179.239059448, -44.8505401611, 46.3295326233, 240.481811523, 50.5146903992, 30.9558467865, -6.33702945709, 3.697712183, -27.0206050873, 2.74845767021, 11.9571390152, 20.0438957214, 26.0619850159], [-173.830322266, -59.958896637, 20.702381134, 50.5146903992, 110.687980652, 36.3579139709, 1.18867003918, 5.26385545731, -7.43545103073, 1.10832703114, 10.9492282867, 3.89558410645, 4.55158567429], [-46.2305717468, -78.9828872681, -66.3475570679, 30.9558467865, 36.3579139709, 111.140991211, 8.73727416992, 26.5033969879, 21.7412719727, -11.5396842957, 23.7680664062, -7.04633569717, -18.7855453491], [-211.52243042, 56.4597549438, 37.9794235229, -6.33702945709, 1.18867003918, 8.73727416992, 100.300422668, 35.3710975647, 27.2796878815, 27.2316951752, -21.5381584167, 11.9037446976, 30.9707202911], [-35.9424438477, -46.200756073, -44.0343971252, 3.697712183, 5.26385545731, 26.5033969879, 35.3710975647, 101.002212524, 38.2541389465, 30.8928394318, 16.0070266724, 6.46923542023, 8.46520137787], [-178.018386841, -0.289440333843, -28.2206630707, -27.0206050873, -7.43545103073, 21.7412719727, 27.2796878815, 38.2541389465, 131.607009888, 26.7437667847, -8.07678127289, -5.01537561417, -18.76720047], [-38.1809806824, -89.095703125, -24.1964015961, 2.74845767021, 1.10832703114, -11.5396842957, 27.2316951752, 30.8928394318, 26.7437667847, 97.9444122314, 44.0935401917, 40.490978241, 33.5056686401], [25.8015193939, -112.591651917, -103.219024658, 11.9571390152, 10.9492282867, 23.7680664062, -21.5381584167, 16.0070266724, -8.07678127289, 44.0935401917, 114.074920654, 44.3015861511, 13.2091913223], [-31.941608429, -87.854927063, -1.83937978745, 20.0438957214, 3.89558410645, -7.04633569717, 11.9037446976, 6.46923542023, -5.01537561417, 40.490978241, 44.3015861511, 91.9661483765, 66.8187561035], [-146.419692993, -28.7156677246, 37.8193740845, 26.0619850159, 4.55158567429, -18.7855453491, 30.9707202911, 8.46520137787, -18.76720047, 33.5056686401, 13.2091913223, 66.8187561035, 107.127708435]],
