{
"lowlevel": {
    "average_loudness": 0.987142920494,
    "barkbands_crest": {
        "dmean": 2.88670110703,
        "dmean2": 4.71733856201,
        "dvar": 7.43329954147,
        "dvar2": 17.0626792908,
        "max": 24.3630523682,
        "mean": 9.22149372101,
        "median": 7.76659393311,
        "min": 3.0181286335,
        "var": 18.82554245
    },
    "barkbands_flatness_db": {
        "dmean": 0.0263081174344,
        "dmean2": 0.0410251170397,
        "dvar": 0.000552433019038,
        "dvar2": 0.00121223321185,
        "max": 0.304785609245,
        "mean": 0.168936565518,
        "median": 0.164770632982,
        "min": 0.0818072333932,
        "var": 0.00222282507457
    },
    "barkbands_kurtosis": {
        "dmean": 1.44309663773,
        "dmean2": 2.35273814201,
        "dvar": 4.03247737885,
        "dvar2": 8.84018230438,
        "max": 17.9927024841,
        "mean": 1.07604789734,
        "median": 0.0434116125107,
        "min": -1.70414733887,
        "var": 9.01909446716
    },
    "barkbands_skewness": {
        "dmean": 0.522023499012,
        "dmean2": 0.802593588829,
        "dvar": 0.278103142977,
        "dvar2": 0.639361083508,
        "max": 3.67257165909,
        "mean": 0.45486882329,
        "median": 0.307623028755,
        "min": -2.15351319313,
        "var": 0.915662586689
    },
    "barkbands_spread": {
        "dmean": 4.30919075012,
        "dmean2": 6.63651609421,
        "dvar": 17.1636428833,
        "dvar2": 41.2790031433,
        "max": 52.9730110168,
        "mean": 16.9352722168,
        "median": 16.0639343262,
        "min": 3.10534071922,
        "var": 65.8971939087
    },
    "dissonance": {
        "dmean": 0.0229560434818,
        "dmean2": 0.0374036468565,
        "dvar": 0.000464314158307,
        "dvar2": 0.00113398348913,
        "max": 0.499061048031,
        "mean": 0.460157126188,
        "median": 0.471391558647,
        "min": 0.308310925961,
        "var": 0.00134152441751
    },
    "dynamic_complexity": 3.21434783936,
    "erbbands_crest": {
        "dmean": 3.32479333878,
        "dmean2": 5.34958934784,
        "dvar": 6.59247350693,
        "dvar2": 17.0697422028,
        "max": 23.7874088287,
        "mean": 10.2860364914,
        "median": 9.81915473938,
        "min": 3.86099600792,
        "var": 16.2124080658
    },
    "erbbands_flatness_db": {
        "dmean": 0.0243029687554,
        "dmean2": 0.0351881720126,
        "dvar": 0.000400630844524,
        "dvar2": 0.000827836047392,
        "max": 0.376303821802,
        "mean": 0.251067370176,
        "median": 0.251381397247,
        "min": 0.131907865405,
        "var": 0.0025096994359
    },
    "erbbands_kurtosis": {
        "dmean": 0.884412109852,
        "dmean2": 1.40500175953,
        "dvar": 0.995727419853,
        "dvar2": 2.4825963974,
        "max": 6.80262565613,
        "mean": 0.240179255605,
        "median": -0.104770183563,
        "min": -1.61848926544,
        "var": 1.91363942623
    },
    "erbbands_skewness": {
        "dmean": 0.403652369976,
        "dmean2": 0.613802611828,
        "dvar": 0.112349621952,
        "dvar2": 0.229235842824,
        "max": 2.27228784561,
        "mean": -0.0446802340448,
        "median": -0.125061541796,
        "min": -2.14705276489,
        "var": 0.404819905758
    },
    "erbbands_spread": {
        "dmean": 5.18736934662,
        "dmean2": 8.10468769073,
        "dvar": 27.1726207733,
        "dvar2": 65.5313720703,
        "max": 53.1066207886,
        "mean": 21.2477607727,
        "median": 19.4646530151,
        "min": 4.77484035492,
        "var": 79.5835342407
    },
    "hfc": {
        "dmean": 7.80949354172,
        "dmean2": 11.5849380493,
        "dvar": 99.5071334839,
        "dvar2": 223.175064087,
        "max": 80.0833816528,
        "mean": 16.619436264,
        "median": 9.81638145447,
        "min": 0.640258729458,
        "var": 287.740539551
    },
    "melbands_crest": {
        "dmean": 3.68691158295,
        "dmean2": 5.84477376938,
        "dvar": 10.1984586716,
        "dvar2": 25.5363693237,
        "max": 28.7599487305,
        "mean": 12.6402702332,
        "median": 11.6752681732,
        "min": 3.95512294769,
        "var": 25.7107944489
    },
    "melbands_flatness_db": {
        "dmean": 0.034366492182,
        "dmean2": 0.0556112341583,
        "dvar": 0.00117144268006,
        "dvar2": 0.00264782272279,
        "max": 0.370631098747,
        "mean": 0.222622320056,
        "median": 0.216809913516,
        "min": 0.0756961777806,
        "var": 0.00412948429585
    },
    "melbands_kurtosis": {
        "dmean": 2.83448386192,
        "dmean2": 4.55873775482,
        "dvar": 18.5256252289,
        "dvar2": 44.1614685059,
        "max": 38.0650100708,
        "mean": 3.12869715691,
        "median": 0.913627266884,
        "min": -1.6059896946,
        "var": 34.7814979553
    },
    "melbands_skewness": {
        "dmean": 0.641500174999,
        "dmean2": 0.976063370705,
        "dvar": 0.437232792377,
        "dvar2": 1.05108773708,
        "max": 5.04551649094,
        "mean": 1.1716375351,
        "median": 0.966683626175,
        "min": -0.986953020096,
        "var": 1.29676663876
    },
    "melbands_spread": {
        "dmean": 8.4770450592,
        "dmean2": 13.5627450943,
        "dvar": 73.7790222168,
        "dvar2": 173.835220337,
        "max": 86.5271453857,
        "mean": 25.6798419952,
        "median": 23.2814407349,
        "min": 3.66693043709,
        "var": 189.129562378
    },
    "pitch_salience": {
        "dmean": 0.07380849123,
        "dmean2": 0.117716781795,
        "dvar": 0.00375494523905,
        "dvar2": 0.00933777727187,
        "max": 0.849364042282,
        "mean": 0.609684050083,
        "median": 0.62064743042,
        "min": 0.241526708007,
        "var": 0.0103302588686
    },
    "silence_rate_20dB": {
        "dmean": 0,
        "dmean2": 0,
        "dvar": 0,
        "dvar2": 0,
        "max": 1,
        "mean": 1,
        "median": 1,
        "min": 1,
        "var": 0
    },
    "silence_rate_30dB": {
        "dmean": 0,
        "dmean2": 0,
        "dvar": 0,
        "dvar2": 0,
        "max": 1,
        "mean": 1,
        "median": 1,
        "min": 1,
        "var": 0
    },
    "silence_rate_60dB": {
        "dmean": 0.0752688199282,
        "dmean2": 0.147482007742,
        "dvar": 0.0696033611894,
        "dvar2": 0.183285459876,
        "max": 1,
        "mean": 0.0678571462631,
        "median": 0,
        "min": 0,
        "var": 0.0632525682449
    },
    "spectral_centroid": {
        "dmean": 307.182617188,
        "dmean2": 489.038391113,
        "dvar": 116985.710938,
        "dvar2": 267009.125,
        "max": 3655.67675781,
        "mean": 1467.7701416,
        "median": 1448.52270508,
        "min": 317.770324707,
        "var": 428568.3125
    },
    "spectral_complexity": {
        "dmean": 4.82795715332,
        "dmean2": 7.82374095917,
        "dvar": 30.4937133789,
        "dvar2": 64.1092453003,
        "max": 44,
        "mean": 14.9642858505,
        "median": 13,
        "min": 3,
        "var": 61.4558677673
    },
    "spectral_decrease": {
        "dmean": 1.40404998739e-09,
        "dmean2": 2.10214712304e-09,
        "dvar": 2.34678749843e-18,
        "dvar2": 5.12127328207e-18,
        "max": -3.68952479679e-10,
        "mean": -3.7034424416e-09,
        "median": -2.64424104834e-09,
        "min": -1.14246123673e-08,
        "var": 7.93505593508e-18
    },
    "spectral_energy": {
        "dmean": 0.00592811126262,
        "dmean2": 0.00886541977525,
        "dvar": 4.18228337367e-05,
        "dvar2": 9.08484653337e-05,
        "max": 0.0480439141393,
        "mean": 0.015485027805,
        "median": 0.0104432869703,
        "min": 0.00154863030184,
        "var": 0.000140568750794
    },
    "spectral_energyband_high": {
        "dmean": 0.000191026687389,
        "dmean2": 0.00032205550815,
        "dvar": 2.51477644042e-07,
        "dvar2": 6.52946766877e-07,
        "max": 0.0041745454073,
        "mean": 0.000212789775105,
        "median": 5.54216458113e-05,
        "min": 1.16990497645e-06,
        "var": 2.64485890966e-07
    },
    "spectral_energyband_low": {
        "dmean": 0.000619857280981,
        "dmean2": 0.000980605836958,
        "dvar": 2.32547267842e-06,
        "dvar2": 5.52862002223e-06,
        "max": 0.0172327216715,
        "mean": 0.000974724884145,
        "median": 0.000289236166282,
        "min": 1.14532576845e-05,
        "var": 3.14974704452e-06
    },
    "spectral_energyband_middle_high": {
        "dmean": 0.00392525736243,
        "dmean2": 0.0057691144757,
        "dvar": 2.76523333014e-05,
        "dvar2": 5.64921028854e-05,
        "max": 0.0429855883121,
        "mean": 0.00802966021001,
        "median": 0.00420715752989,
        "min": 6.92398753017e-05,
        "var": 7.95545711298e-05
    },
    "spectral_energyband_middle_low": {
        "dmean": 0.00280762417242,
        "dmean2": 0.00427855690941,
        "dvar": 1.2780187717e-05,
        "dvar2": 2.93050270557e-05,
        "max": 0.032299477607,
        "mean": 0.00643275678158,
        "median": 0.00345083349384,
        "min": 0.000113974463602,
        "var": 5.46561896044e-05
    },
    "spectral_entropy": {
        "dmean": 0.219554945827,
        "dmean2": 0.330044209957,
        "dvar": 0.0397581346333,
        "dvar2": 0.0877613574266,
        "max": 7.90606451035,
        "mean": 7.22126483917,
        "median": 7.33280611038,
        "min": 5.92816352844,
        "var": 0.191311657429
    },
    "spectral_flux": {
        "dmean": 0.0260994657874,
        "dmean2": 0.0406943075359,
        "dvar": 0.000661120051518,
        "dvar2": 0.00152922479901,
        "max": 0.21376734972,
        "mean": 0.0767035037279,
        "median": 0.0648942887783,
        "min": 0.0237605795264,
        "var": 0.00159131735563
    },
    "spectral_kurtosis": {
        "dmean": 4.99250602722,
        "dmean2": 8.69866943359,
        "dvar": 21.5251369476,
        "dvar2": 70.283706665,
        "max": 32.0340614319,
        "mean": 9.31128406525,
        "median": 7.6689748764,
        "min": 1.19748020172,
        "var": 33.2199859619
    },
    "spectral_rms": {
        "dmean": 0.000765364500694,
        "dmean2": 0.0011256946018,
        "dvar": 5.80220898883e-07,
        "dvar2": 1.24380767375e-06,
        "max": 0.00684632081538,
        "mean": 0.00358405197039,
        "median": 0.00319193978794,
        "min": 0.00122917001136,
        "var": 2.26191218644e-06
    },
    "spectral_rolloff": {
        "dmean": 447.720825195,
        "dmean2": 707.962036133,
        "dvar": 264293.53125,
        "dvar2": 590777.0625,
        "max": 5167.96875,
        "mean": 1702.89245605,
        "median": 1604.22363281,
        "min": 150.732421875,
        "var": 755159.25
    },
    "spectral_skewness": {
        "dmean": 0.470775693655,
        "dmean2": 0.792913496494,
        "dvar": 0.187863558531,
        "dvar2": 0.575639486313,
        "max": 3.86982631683,
        "mean": 1.66716599464,
        "median": 1.5230076313,
        "min": 0.336886823177,
        "var": 0.418843179941
    },
    "spectral_spread": {
        "dmean": 257672.109375,
        "dmean2": 395066.59375,
        "dvar": 219310211072,
        "dvar2": 265959030784,
        "max": 9419155,
        "mean": 2298661,
        "median": 2205592.75,
        "min": 1680900.75,
        "var": 309924790272
    },
    "spectral_strongpeak": {
        "dmean": 0.790708243847,
        "dmean2": 1.29141998291,
        "dvar": 1.23386704922,
        "dvar2": 2.61936855316,
        "max": 10.146194458,
        "mean": 1.41555297375,
        "median": 1.01377058029,
        "min": 0,
        "var": 2.52187633514
    },
    "zerocrossingrate": {
        "dmean": 0.00861055124551,
        "dmean2": 0.0101854065433,
        "dvar": 7.87914832472e-05,
        "dvar2": 0.000104390877823,
        "max": 0.17333984375,
        "mean": 0.0540788918734,
        "median": 0.0517578125,
        "min": 0.0048828125,
        "var": 0.000575484591536
    },
    "barkbands": {
        "dmean": [6.68684515404e-05, 0.000367999891751, 0.000269507028861, 0.00019949284615, 0.000554258353077, 0.00125046330504, 0.000373379560187, 0.000547432049643, 0.000620590581093, 0.0010572738247, 0.000608166272286, 0.00116989586968, 0.000552020152099, 0.00119563355111, 0.000506330165081, 0.000519147142768, 0.000511055230163, 0.000371171394363, 0.000258727406617, 0.000136514732731, 8.38591222418e-05, 2.67928189714e-05, 5.9732601585e-06, 2.39208225139e-06, 7.70556255247e-07, 1.78590767064e-07, 6.63063346451e-08],
        "dmean2": [7.90037593106e-05, 0.000664054998197, 0.000440338335466, 0.000339723192155, 0.00087893824093, 0.0019608605653, 0.000613702635746, 0.000884496606886, 0.00101200887002, 0.0016067631077, 0.00106236443389, 0.00184270588215, 0.000920134363696, 0.0020760698244, 0.000784153526183, 0.000847237475682, 0.000827825919259, 0.000604234752245, 0.000447267579148, 0.000240965717239, 0.000141390773933, 4.54408327641e-05, 1.02230769699e-05, 4.1417661123e-06, 1.34618051106e-06, 2.85620274099e-07, 9.98959635012e-08],
        "dvar": [1.05918385174e-08, 8.77775619301e-07, 3.44233001215e-07, 1.68261692579e-07, 1.6947825543e-06, 6.63030505166e-06, 6.06635524036e-07, 2.41268230639e-06, 2.16647367779e-06, 1.06387169581e-05, 2.20865081246e-06, 6.5345634539e-06, 9.80014988272e-07, 5.92845299252e-06, 8.25664585591e-07, 1.04595756056e-06, 1.51871392973e-06, 5.85979876178e-07, 5.00959572491e-07, 1.60272591643e-07, 8.95529694844e-08, 6.81222234178e-09, 2.6286819943e-10, 5.2598293776e-11, 6.21861850209e-12, 1.98454249453e-13, 1.20120012298e-14],
        "dvar2": [1.55236090649e-08, 2.52440213444e-06, 7.39786059967e-07, 3.68266114492e-07, 4.01917668569e-06, 1.4951436242e-05, 1.51772940171e-06, 6.17496971245e-06, 5.07561162522e-06, 1.8209020709e-05, 5.64214042242e-06, 1.58301481861e-05, 2.38825373344e-06, 1.55386605911e-05, 1.86706495242e-06, 2.35598054132e-06, 2.92530694423e-06, 1.49852121467e-06, 1.43460613344e-06, 4.48882673254e-07, 1.83443447099e-07, 1.76577472644e-08, 6.79626355193e-10, 1.32964500521e-10, 1.68931292566e-11, 4.8658939291e-13, 2.48075807807e-14],
        "max": [0.00129259296227, 0.0104252528399, 0.00535288220271, 0.0042864670977, 0.0131410397589, 0.0292558725923, 0.00703751575202, 0.0158097371459, 0.0201189890504, 0.0391990579665, 0.0156341604888, 0.0291411783546, 0.0069664940238, 0.0191576424986, 0.0088464198634, 0.00852172356099, 0.0185078624636, 0.0056493235752, 0.00635629845783, 0.00423374865204, 0.00336376996711, 0.000876354402862, 0.000137391281896, 7.02667311998e-05, 2.63095480477e-05, 4.31942044088e-06, 1.0509228332e-06],
        "mean": [0.000249580829404, 0.000454118155176, 0.000296666286886, 0.000262964342255, 0.000927692977712, 0.00277484487742, 0.000394396513002, 0.000839953892864, 0.000761814706493, 0.00147091655526, 0.000776602886617, 0.00143458461389, 0.000656328571495, 0.00122374400962, 0.000713114684913, 0.000629563175607, 0.000598993443418, 0.000469836173579, 0.000264950125711, 0.000147491213284, 0.000101702622487, 2.64830214292e-05, 5.50819231648e-06, 2.14825649891e-06, 6.62322975131e-07, 2.26834472983e-07, 1.90751947571e-07],
        "median": [0.000159341201652, 0.000112070105388, 5.54042853764e-05, 4.94880987389e-05, 0.000202027702471, 0.000520090106875, 8.36225081002e-05, 7.37680384191e-05, 0.000173724954948, 0.000228932942264, 0.000104331295006, 0.000322316016536, 0.000206523225643, 0.000360753329005, 0.00025317890686, 0.000188145437278, 0.000170222105226, 0.000118915806524, 7.34631612431e-05, 3.81918689527e-05, 1.92829447769e-05, 4.42818691226e-06, 9.34079821491e-07, 3.38701852343e-07, 1.29719609276e-07, 9.89689112885e-08, 1.38644367098e-07],
        "min": [3.14674325637e-05, 3.24228324189e-07, 1.17653634391e-07, 9.29697634433e-08, 4.52349979696e-07, 9.94303445623e-06, 4.67095389922e-07, 3.85918838219e-07, 6.08431309956e-06, 3.48425987795e-06, 1.32106322326e-06, 5.5395516938e-06, 2.8583524454e-06, 1.22049332276e-05, 2.40761346504e-06, 5.1111915127e-06, 2.25241728913e-06, 1.15855925742e-06, 1.49053653331e-06, 5.08959715262e-07, 3.83943813631e-07, 1.09185343433e-07, 6.16999429326e-08, 3.43232429145e-08, 3.41107444513e-08, 2.47303990619e-08, 2.98065856441e-08],
        "var": [5.57750361452e-08, 8.19210981717e-07, 4.3250491899e-07, 2.56808107224e-07, 3.98447673433e-06, 2.84581838059e-05, 7.04429453435e-07, 4.56228281109e-06, 3.2074574392e-06, 1.94433705474e-05, 3.73521629626e-06, 9.15633972909e-06, 1.36408777962e-06, 5.56814848096e-06, 1.47499360992e-06, 1.43560464494e-06, 2.45200590143e-06, 7.84217604632e-07, 4.1463667344e-07, 1.19543059895e-07, 1.12257723117e-07, 6.29854524092e-09, 2.38695424537e-10, 4.78710057705e-11, 4.77066780177e-12, 1.94440221302e-13, 2.26207466929e-14]
    },
    "erbbands": {
        "dmean": [0.00854140333831, 0.0939880684018, 0.278817683458, 0.577552676201, 0.771088659763, 1.42958211899, 9.97252559662, 9.32670974731, 6.8707036972, 5.83434772491, 11.7750444412, 11.7346076965, 28.9978981018, 25.7255058289, 33.2418022156, 42.1978759766, 22.2704334259, 63.2148094177, 29.0649528503, 29.4677410126, 22.7452487946, 28.932182312, 19.8471031189, 16.553445816, 10.8461675644, 6.66902828217, 4.74621391296, 2.79879546165, 0.982473492622, 0.539337277412, 0.156115457416, 0.0847324505448, 0.0272068027407, 0.0112567422912, 0.00388602889143, 0.0011749441037, 0.000278735824395, 5.9980473452e-05, 1.07305922938e-05, 7.48044612919e-06],
        "dmean2": [0.0118874991313, 0.174354597926, 0.450081855059, 0.986080169678, 1.27328264713, 2.32247376442, 14.3650979996, 15.549621582, 10.6042709351, 9.69353675842, 18.5630779266, 18.9387989044, 42.3465995789, 40.5375976562, 53.6981773376, 68.3419342041, 36.9787902832, 108.610198975, 47.5671768188, 44.6939849854, 37.5735321045, 45.6991348267, 32.663269043, 26.6175823212, 19.0001754761, 11.7174901962, 7.90410614014, 4.53314065933, 1.69091558456, 0.923891484737, 0.259627819061, 0.144862994552, 0.0467661805451, 0.019683290273, 0.00685214996338, 0.00194669154007, 0.000445276091341, 9.7950847703e-05, 1.70471248566e-05, 1.1189761608e-05],
        "dvar": [0.000229000594118, 0.0688373371959, 0.460399568081, 1.55455219746, 1.85901880264, 17.3464393616, 413.314086914, 456.836975098, 222.001251221, 250.935180664, 1171.62573242, 583.28918457, 4940.52880859, 4609.70703125, 7000.47558594, 7792.91210938, 1422.3260498, 15854.6884766, 2039.68371582, 3643.34985352, 2152.68603516, 6391.40087891, 1881.25292969, 1332.45166016, 1415.1072998, 382.371948242, 201.080062866, 129.457214355, 7.45929145813, 4.75072956085, 0.178940996528, 0.0749441608787, 0.00607020035386, 0.0012350686593, 0.000142424934893, 1.00843753899e-05, 5.1250327715e-07, 1.85390245377e-08, 2.44171433073e-10, 6.51987422384e-11],
        "dvar2": [0.000460278912215, 0.200676739216, 1.13855230808, 3.35391259193, 4.26133298874, 47.2990684509, 778.72869873, 1145.66210938, 530.743469238, 548.502197266, 2989.11450195, 1437.1574707, 8880.20410156, 8424.11816406, 17613.8496094, 20078.7539062, 3210.31176758, 42588.7617188, 5195.21289062, 7895.94970703, 5435.91748047, 11249.4765625, 4832.11865234, 3464.27978516, 4130.34814453, 1085.67346191, 525.839233398, 332.986816406, 19.9474773407, 12.2757205963, 0.452447682619, 0.192322641611, 0.0155848637223, 0.00332481972873, 0.000379681470804, 2.56732218986e-05, 1.24847008465e-06, 4.68778047491e-08, 5.14339626445e-10, 1.44146472536e-10],
        "max": [0.150189548731, 2.82918715477, 7.0159163475, 13.7032423019, 10.1178627014, 48.3228645325, 204.177230835, 207.934768677, 150.168991089, 165.323959351, 387.572692871, 298.58972168, 972.502380371, 694.91204834, 868.899291992, 862.009521484, 364.784942627, 869.679382324, 398.653381348, 600.518127441, 451.588165283, 1268.42785645, 399.549133301, 258.127105713, 431.699645996, 208.274078369, 167.291717529, 151.689285278, 22.4032821655, 25.2403392792, 3.68281793594, 2.55358052254, 0.641502141953, 0.355446785688, 0.11575961113, 0.0301995743066, 0.00668375426903, 0.00135763885919, 0.000139980402309, 6.46703556413e-05],
        "mean": [0.0147157497704, 0.0973615124822, 0.311832249165, 0.703715264797, 0.912511110306, 2.24581241608, 21.251455307, 17.6079807281, 8.06555747986, 6.78201150894, 20.9849281311, 16.0123023987, 44.0917778015, 35.6820869446, 43.1750602722, 53.5106468201, 30.9932346344, 65.5958023071, 39.1641769409, 44.3581390381, 29.3050022125, 35.380027771, 26.3151836395, 18.9384708405, 10.7330322266, 7.06689119339, 5.01844120026, 2.93110322952, 0.995597600937, 0.506706953049, 0.148582756519, 0.0744464695454, 0.0248840395361, 0.0097524523735, 0.00350650283508, 0.00122923881281, 0.000384983693948, 0.000116240858915, 3.40180376952e-05, 2.17594915739e-05],
        "median": [0.00402108486742, 0.0205770768225, 0.0691138803959, 0.136855661869, 0.266971766949, 0.56986618042, 1.89573180676, 4.1134929657, 1.95609259605, 1.56728839874, 2.96752166748, 5.57428455353, 6.60776281357, 9.91146373749, 12.3499069214, 16.1815834045, 13.0069408417, 21.351020813, 17.7450332642, 14.0580673218, 9.91305541992, 9.84827041626, 6.89658737183, 4.93224811554, 2.72406697273, 1.80986988544, 1.23509263992, 0.55793851614, 0.187189102173, 0.0731993541121, 0.0253372639418, 0.0105461087078, 0.00452787941322, 0.00168947386555, 0.000826233881526, 0.00041230005445, 0.000193028245121, 7.76158849476e-05, 2.8908776585e-05, 1.65719284269e-05],
        "min": [0.000112753470603, 9.22198887565e-05, 0.000202012612135, 0.000285821850412, 0.000306962057948, 0.00288906833157, 0.0141413593665, 0.0898488089442, 0.130306497216, 0.0563449896872, 0.064099855721, 0.261714667082, 0.281109780073, 0.195569738746, 0.184950128198, 0.602967917919, 0.32457908988, 0.604045808315, 0.215044364333, 0.164999350905, 0.165695309639, 0.158549085259, 0.0918945074081, 0.108110703528, 0.0383056998253, 0.0266289934516, 0.0229110866785, 0.0104489447549, 0.00391753390431, 0.00201319530606, 0.00154886068776, 0.000914954289328, 0.000550050637685, 0.000413550791563, 0.000257199309999, 0.000122889672639, 4.37223388872e-05, 1.8938761059e-05, 7.81405560701e-06, 3.3766159504e-06],
        "var": [0.000569054915104, 0.0517693012953, 0.484885066748, 2.10212016106, 2.52336764336, 21.5675106049, 1874.05688477, 1267.7923584, 278.496582031, 308.094360352, 2883.14672852, 865.97064209, 12682.7236328, 8059.62695312, 9978.88964844, 10580.1171875, 2421.9387207, 14759.3701172, 2846.04296875, 7211.53466797, 2398.50512695, 10740.3125, 2536.92553711, 1536.25842285, 1009.74841309, 277.831878662, 193.042556763, 113.29549408, 7.04029750824, 3.96210193634, 0.174089238048, 0.0648940429091, 0.00560393696651, 0.00100479659159, 0.000112285568321, 9.15370856092e-06, 4.99045427205e-07, 1.72191132464e-08, 4.27825552762e-10, 2.10603090522e-10]
    },
    "gfcc": {
        "mean": [-73.8481140137, 122.404197693, -180.711013794, 9.74903678894, -35.7771453857, -10.9723024368, -20.8077011108, -8.18679332733, -15.4932498932, 0.176285281777, -5.53007268906, 3.01576137543, 0.706230938435],
        "cov": [[1597.15136719, -577.708984375, -834.459838867, 26.5459957123, -347.240966797, -16.4989356995, -142.986755371, -63.8297615051, 70.8152313232, 52.5760574341, 166.009613037, 51.1393013, 85.6575775146], [-577.708984375, 1344.2298584, 1041.96691895, -52.4299240112, 437.436553955, -37.1105690002, 80.5000991821, -76.6342315674, -99.1770095825, -94.3656387329, -157.529449463, -170.761260986, -96.2778625488], [-834.459838867, 1041.96691895, 1557.89526367, 235.003158569, 496.442779541, 106.759490967, 62.1705741882, 41.5484428406, -165.845489502, -49.3877296448, -274.861053467, -185.789489746, -179.90965271], [26.5459957123, -52.4299240112, 235.003158569, 372.516662598, 107.015563965, 92.2490386963, 15.1007518768, 42.9738044739, -21.7932319641, -2.48705053329, -79.7803726196, -66.9447631836, -89.6868133545], [-347.240966797, 437.436553955, 496.442779541, 107.015563965, 300.426727295, 78.3183364868, 78.4087677002, 39.5203514099, -41.5722503662, -43.2244415283, -114.973983765, -83.0568084717, -72.0187759399], [-16.4989356995, -37.1105690002, 106.759490967, 92.2490386963, 78.3183364868, 154.138916016, 79.3433685303, 66.3536224365, -1.59280848503, -14.1030416489, -54.1484642029, -26.1028060913, -28.5291366577], [-142.986755371, 80.5000991821, 62.1705741882, 15.1007518768, 78.4087677002, 79.3433685303, 157.93812561, 80.4623641968, 8.73554515839, -19.1158428192, -53.3465118408, -30.1452655792, -15.2290687561], [-63.8297615051, -76.6342315674, 41.5484428406, 42.9738044739, 39.5203514099, 66.3536224365, 80.4623641968, 138.792160034, 45.6387176514, -7.73888587952, -42.0063591003, -23.1616172791, -29.8365917206], [70.8152313232, -99.1770095825, -165.845489502, -21.7932319641, -41.5722503662, -1.59280848503, 8.73554515839, 45.6387176514, 96.8245391846, 11.6692056656, 21.7652301788, 14.130437851, -9.35384082794], [52.5760574341, -94.3656387329, -49.3877296448, -2.48705053329, -43.2244415283, -14.1030416489, -19.1158428192, -7.73888587952, 11.6692056656, 75.4714202881, 37.409412384, 11.3769493103, 4.05183649063], [166.009613037, -157.529449463, -274.861053467, -79.7803726196, -114.973983765, -54.1484642029, -53.3465118408, -42.0063591003, 21.7652301788, 37.409412384, 128.108978271, 69.641784668, 50.30103302], [51.1393013, -170.761260986, -185.789489746, -66.9447631836, -83.0568084717, -26.1028060913, -30.1452655792, -23.1616172791, 14.130437851, 11.3769493103, 69.641784668, 103.209960938, 60.6976242065], [85.6575775146, -96.2778625488, -179.90965271, -89.6868133545, -72.0187759399, -28.5291366577, -15.2290687561, -29.8365917206, -9.35384082794, 4.05183649063, 50.30103302, 60.6976242065, 104.610984802]],
        "icov": [[0.00142479687929, -0.00160427764058, 0.00163637055084, -0.00118446792476, 0.00196926225908, -0.00217347824946, 0.00249177520163, -0.00168822624255, 0.00122944044415, -0.00124318164308, 0.000584562309086, -5.24797287653e-05, -0.000292722485028], [-0.00160427764058, 0.0103799216449, -0.00773660000414, 0.00467992806807, -0.00797191727906, 0.00771490251645, -0.00988869741559, 0.012478464283, -0.00967282336205, 0.00897102244198, -0.00803689192981, 0.00993109121919, -0.00280134868808], [0.00163637055084, -0.00773660000414, 0.00820755399764, -0.00330040091649, 0.0034527243115, -0.0057399244979, 0.00904519390315, -0.0101625276729, 0.0101125808433, -0.00816938374192, 0.00837992038578, -0.00756637239829, 0.00363690382801], [-0.00118446792476, 0.00467992806807, -0.00330040091649, 0.00652308249846, -0.0045472048223, 0.00176903861575, -0.00307602854446, 0.00471131317317, -0.00268739508465, 0.00289245089516, -0.00202469341457, 0.00393585534766, 0.0017788951518], [0.00196926225908, -0.00797191727906, 0.0034527243115, -0.0045472048223, 0.0160543564707, -0.007797755301, 0.00503630191088, -0.00783655233681, 0.00546408025548, -0.00372815621085, 0.00508809788153, -0.00492715556175, 0.00155942433048], [-0.00217347824946, 0.00771490251645, -0.0057399244979, 0.00176903861575, -0.007797755301, 0.0179631169885, -0.0117183178663, 0.0063122631982, -0.00554388388991, 0.00622070208192, -0.00386786973104, 0.00432981550694, -0.00123895099387], [0.00249177520163, -0.00988869741559, 0.00904519390315, -0.00307602854446, 0.00503630191088, -0.0117183178663, 0.0228642784059, -0.0172493010759, 0.0109762493521, -0.00907177291811, 0.00975378789008, -0.00727256108075, 0.00132014451083], [-0.00168822624255, 0.012478464283, -0.0101625276729, 0.00471131317317, -0.00783655233681, 0.0063122631982, -0.0172493010759, 0.0300692655146, -0.0198677256703, 0.011167736724, -0.0082432385534, 0.012437122874, -0.00364164984785], [0.00122944044415, -0.00967282336205, 0.0101125808433, -0.00268739508465, 0.00546408025548, -0.00554388388991, 0.0109762493521, -0.0198677256703, 0.0290330909193, -0.0108859669417, 0.00843988452107, -0.0125135192648, 0.00957977212965], [-0.00124318164308, 0.00897102244198, -0.00816938374192, 0.00289245089516, -0.00372815621085, 0.00622070208192, -0.00907177291811, 0.011167736724, -0.0108859669417, 0.0252456832677, -0.0143859330565, 0.0111080687493, -0.00278014712967], [0.000584562309086, -0.00803689192981, 0.00837992038578, -0.00202469341457, 0.00508809788153, -0.00386786973104, 0.00975378789008, -0.0082432385534, 0.00843988452107, -0.0143859330565, 0.0286042708904, -0.0166500844061, 0.00353602343239], [-5.24797287653e-05, 0.00993109121919, -0.00756637239829, 0.00393585534766, -0.00492715556175, 0.00432981550694, -0.00727256108075, 0.012437122874, -0.0125135192648, 0.0111080687493, -0.0166500844061, 0.0317355133593, -0.0121348220855], [-0.000292722485028, -0.00280134868808, 0.00363690382801, 0.0017788951518, 0.00155942433048, -0.00123895099387, 0.00132014451083, -0.00364164984785, 0.00957977212965, -0.00278014712967, 0.00353602343239, -0.0121348220855, 0.0211946852505]]
    },
    "melbands": {
        "dmean": [8.7064159743e-05, 0.000134756075568, 9.54154820647e-05, 5.65929476579e-05, 0.000285251473542, 0.000212134618778, 9.54414936132e-05, 7.57926754886e-05, 8.9553919679e-05, 8.70008079801e-05, 0.000153739048983, 0.000118968237075, 9.3071590527e-05, 0.000141462835018, 6.76926283631e-05, 6.4272673626e-05, 0.000128433093778, 5.6125329138e-05, 3.69637054973e-05, 4.22487428295e-05, 2.50574485108e-05, 3.17785270454e-05, 2.60237356997e-05, 1.51169506353e-05, 1.42172884807e-05, 8.65363927005e-06, 6.02060799793e-06, 4.65536822958e-06, 3.18556953971e-06, 2.66425990958e-06, 1.44936655033e-06, 5.4455750842e-07, 5.33143861503e-07, 1.91238214597e-07, 8.16894285549e-08, 8.46846575087e-08, 4.04246485175e-08, 1.88137008195e-08, 1.49599888033e-08, 7.54322826424e-09],
        "dmean2": [0.000147662271047, 0.000224076458835, 0.000166246434674, 9.671679436e-05, 0.000416473252699, 0.000345925014699, 0.000147976752487, 0.000122913435916, 0.000141083757626, 0.000140014322824, 0.000222331509576, 0.0001890596468, 0.000157530623255, 0.000216288812226, 0.000113798079838, 0.000103177771962, 0.000223227470997, 9.4105671451e-05, 5.9358546423e-05, 6.92480025464e-05, 4.24075333285e-05, 5.16705149494e-05, 4.14787209593e-05, 2.45577884925e-05, 2.31027679547e-05, 1.52948960022e-05, 1.04130895124e-05, 8.31072065921e-06, 5.41243298358e-06, 4.1868001972e-06, 2.62023513642e-06, 9.48576541759e-07, 9.03284671949e-07, 3.28175275399e-07, 1.37840075354e-07, 1.4392794867e-07, 7.11193024472e-08, 3.3345958883e-08, 2.65286796974e-08, 1.31599087183e-08],
        "dvar": [3.77289950393e-08, 1.29744478272e-07, 4.07187883411e-08, 1.72674941012e-08, 3.43789537283e-07, 2.14169972423e-07, 4.04389766118e-08, 4.25422435057e-08, 6.12369674968e-08, 4.05735391951e-08, 1.52257982222e-07, 1.20223262456e-07, 5.03517192385e-08, 9.10330939519e-08, 1.98146086205e-08, 1.11419948823e-08, 7.33981622147e-08, 9.88757165032e-09, 6.52975629123e-09, 6.39359276633e-09, 2.76916489739e-09, 6.83744749708e-09, 2.8867310764e-09, 1.02928621182e-09, 1.07116138182e-09, 7.9663425856e-10, 4.56286147754e-10, 2.9443278371e-10, 7.98182839268e-11, 8.88684126288e-11, 7.23122256518e-11, 2.22291174183e-12, 6.16598048661e-12, 3.75595333914e-13, 4.72274400577e-14, 7.92800815773e-14, 1.66473991981e-14, 2.55276735589e-15, 3.16116994608e-15, 4.20307304018e-16],
        "dvar2": [1.01736382874e-07, 3.41372526691e-07, 8.43404777129e-08, 4.77505892604e-08, 6.75923388371e-07, 5.21815593402e-07, 9.57108667876e-08, 9.97591271812e-08, 1.54291114995e-07, 9.82932633065e-08, 2.72302997928e-07, 2.16481794268e-07, 1.30645176455e-07, 2.08903855992e-07, 5.40348175093e-08, 2.70767710475e-08, 1.98539169105e-07, 2.54830254676e-08, 1.67452895994e-08, 1.38126727833e-08, 6.88638790436e-09, 1.21613288329e-08, 7.32914262613e-09, 2.54887755347e-09, 2.80596479385e-09, 2.34054153836e-09, 1.27222743451e-09, 8.61883342473e-10, 2.1923174387e-10, 2.18127724216e-10, 2.11978212761e-10, 6.04500434084e-12, 1.67402723628e-11, 9.20203908732e-13, 1.22979927565e-13, 2.00392938463e-13, 4.36970338386e-14, 6.57846147958e-15, 8.60315609713e-15, 1.1147135698e-15],
        "max": [0.002201997675, 0.00389786437154, 0.001972068334, 0.00138143659569, 0.00593954417855, 0.00442377105355, 0.00196059956215, 0.00216511357576, 0.00281447381712, 0.0026520669926, 0.00470565631986, 0.00379256624728, 0.00246695964597, 0.00351584586315, 0.00143608136568, 0.000803924980573, 0.00202832743526, 0.000759857764933, 0.000781286158599, 0.000702083867509, 0.000458372698631, 0.00126583490055, 0.00052911543753, 0.000260967761278, 0.00022291726782, 0.000266608869424, 0.000275340658845, 0.000196909182705, 8.4821258497e-05, 0.000114390131785, 0.00010371303506, 1.29062982523e-05, 2.93399698421e-05, 6.54991708871e-06, 1.89630088698e-06, 2.77583171737e-06, 1.2152755744e-06, 4.34687649431e-07, 6.31636623893e-07, 1.70661948573e-07],
        "mean": [0.000133705834742, 0.000153747823788, 0.000128481697175, 6.55269614072e-05, 0.000605200126301, 0.000430265296018, 0.000108682361315, 8.77585480339e-05, 0.000159413830261, 0.000108854525024, 0.000230390549405, 0.000152344728122, 0.00012451306975, 0.000173635751707, 8.27704643598e-05, 7.43098717066e-05, 0.000128294035676, 6.29899150226e-05, 5.3446572565e-05, 5.49491487618e-05, 3.00961019093e-05, 3.59342702723e-05, 3.2134441426e-05, 1.83213523997e-05, 1.54286099132e-05, 8.07849119155e-06, 6.24381800662e-06, 4.43247972726e-06, 3.14246472044e-06, 2.8530180316e-06, 1.28428825974e-06, 5.37876871931e-07, 4.7565080763e-07, 1.79607951623e-07, 7.62666161336e-08, 7.29866727056e-08, 3.49194664295e-08, 1.74541874287e-08, 1.2193343224e-08, 6.72232403076e-09],
        "median": [4.32434499089e-05, 3.67081011063e-05, 2.69836964435e-05, 2.29009019677e-05, 5.84626614e-05, 0.000102871730633, 2.41970356001e-05, 1.46318552652e-05, 2.13788625842e-05, 2.63821020781e-05, 3.20736908179e-05, 3.27173183905e-05, 2.20824877033e-05, 3.46962697222e-05, 2.23728402489e-05, 2.80840067717e-05, 3.49596157321e-05, 2.09473655559e-05, 1.95651227841e-05, 1.56097921717e-05, 9.90078115137e-06, 1.04243626993e-05, 7.02679699316e-06, 4.97577821079e-06, 3.91267985833e-06, 2.04253501579e-06, 1.49947686623e-06, 1.05692333818e-06, 7.5618424944e-07, 4.73535777701e-07, 2.28139555247e-07, 1.05712821608e-07, 5.60282487072e-08, 2.81747318809e-08, 1.35890436681e-08, 1.0298864872e-08, 5.12498488092e-09, 3.2927236493e-09, 1.79955805812e-09, 1.22135457303e-09],
        "min": [2.12601094063e-06, 1.06948142786e-07, 6.38608099734e-08, 9.3326457673e-09, 3.77067493673e-07, 2.09672521123e-06, 9.91746105683e-07, 4.99385528485e-08, 2.06041832485e-07, 7.18447722647e-07, 5.49231913283e-07, 2.94767147579e-07, 2.38994999791e-07, 8.88265390131e-07, 7.26254711481e-07, 8.19426418275e-07, 1.02309070371e-06, 1.90702110103e-07, 1.2991985443e-07, 3.45782581235e-07, 1.05401156247e-07, 1.35589715455e-07, 1.05059342559e-07, 4.09287466141e-08, 9.43872393577e-08, 2.78343641469e-08, 1.64560312044e-08, 1.73215255472e-08, 1.54312136402e-08, 1.02857793394e-08, 4.52047421717e-09, 2.0643462495e-09, 1.23980192779e-09, 9.25092835669e-10, 8.51471559926e-10, 7.58279050661e-10, 4.55338294847e-10, 3.51364465301e-10, 3.31319305324e-10, 3.09292563783e-10],
        "var": [4.99485892647e-08, 1.21709248901e-07, 6.05037158152e-08, 1.48466154926e-08, 1.4867957816e-06, 7.16497538633e-07, 5.17792813071e-08, 4.959507649e-08, 1.56774831339e-07, 5.94205822324e-08, 3.63061957387e-07, 1.95101932832e-07, 7.90744962842e-08, 1.39671939792e-07, 2.48418796645e-08, 1.47651348925e-08, 6.5270739924e-08, 1.07054676235e-08, 9.39540356626e-09, 1.11530287228e-08, 2.89358847994e-09, 1.13758584774e-08, 4.1830854336e-09, 1.36081690361e-09, 1.1330063554e-09, 5.50938572541e-10, 3.62070595727e-10, 1.75638031896e-10, 6.80285480725e-11, 9.62284418815e-11, 4.12519497728e-11, 1.86237201875e-12, 4.57746991353e-12, 3.4833442554e-13, 4.35008067979e-14, 6.87823279236e-14, 1.38027288302e-14, 2.33491958746e-15, 2.39451767266e-15, 3.68362823239e-16]
    },
    "mfcc": {
        "mean": [-704.656066895, 155.599060059, -74.3105392456, 24.0602760315, -8.13881397247, 6.69121026993, -2.36614441872, -2.65256118774, -3.01782250404, -2.66345095634, -3.50356388092, 0.573894739151, -2.23662090302],
        "cov": [[2426.11181641, -1217.51855469, -834.662841797, -233.546234131, -389.702941895, -122.638381958, -313.429351807, -96.8446121216, -218.350997925, -12.3117408752, -38.1482467651, 107.49936676, 111.59210968], [-1217.51855469, 1547.65380859, 681.243652344, 185.075210571, 333.605285645, 116.340454102, 207.081451416, -9.34306526184, 84.7920379639, 41.4287948608, -16.1727142334, -82.6568069458, -121.904762268], [-834.662841797, 681.243652344, 794.430236816, 260.444061279, 310.413482666, 120.117370605, 182.300979614, 21.2968673706, 99.3078231812, 33.4674530029, 26.0168113708, -41.8254356384, -72.6555786133], [-233.546234131, 185.075210571, 260.444061279, 248.677337646, 149.429473877, 70.2572174072, 76.0965881348, 15.4305047989, 44.9292449951, 22.9293060303, 26.9855098724, -4.09792423248, -44.3807792664], [-389.702941895, 333.605285645, 310.413482666, 149.429473877, 245.616287231, 78.6881484985, 82.7434616089, 29.5708942413, 40.8316268921, 16.063325882, 9.06107521057, -31.7522754669, -56.6896133423], [-122.638381958, 116.340454102, 120.117370605, 70.2572174072, 78.6881484985, 114.17780304, 67.5346908569, 20.7183418274, 34.5299301147, -4.30829954147, -3.90231609344, -18.7118740082, -18.6238307953], [-313.429351807, 207.081451416, 182.300979614, 76.0965881348, 82.7434616089, 67.5346908569, 165.215408325, 45.3851699829, 74.7961425781, 18.9437103271, -22.6294174194, -28.0003070831, -22.8722648621], [-96.8446121216, -9.34306526184, 21.2968673706, 15.4305047989, 29.5708942413, 20.7183418274, 45.3851699829, 135.027877808, 74.3296508789, 21.5482578278, 7.10860729218, -22.1896324158, 4.19189977646], [-218.350997925, 84.7920379639, 99.3078231812, 44.9292449951, 40.8316268921, 34.5299301147, 74.7961425781, 74.3296508789, 136.545425415, 40.2498245239, 6.16333818436, -9.31506919861, -14.6644039154], [-12.3117408752, 41.4287948608, 33.4674530029, 22.9293060303, 16.063325882, -4.30829954147, 18.9437103271, 21.5482578278, 40.2498245239, 77.4239044189, 25.420381546, 3.98728108406, -8.60777854919], [-38.1482467651, -16.1727142334, 26.0168113708, 26.9855098724, 9.06107521057, -3.90231609344, -22.6294174194, 7.10860729218, 6.16333818436, 25.420381546, 84.6675415039, 28.8776931763, -0.0674749910831], [107.49936676, -82.6568069458, -41.8254356384, -4.09792423248, -31.7522754669, -18.7118740082, -28.0003070831, -22.1896324158, -9.31506919861, 3.98728108406, 28.8776931763, 89.0483322144, 38.6245002747], [111.59210968, -121.904762268, -72.6555786133, -44.3807792664, -56.6896133423, -18.6238307953, -22.8722648621, 4.19189977646, -14.6644039154, -8.60777854919, -0.0674749910831, 38.6245002747, 95.5033721924]],
