{
"lowlevel": {
    "average_loudness": 0.986621618271,
    "barkbands_crest": {
        "dmean": 2.80261063576,
        "dmean2": 4.8054318428,
        "dvar": 5.60456752777,
        "dvar2": 15.6335363388,
        "max": 18.5331420898,
        "mean": 9.20958042145,
        "median": 8.72342681885,
        "min": 3.29289245605,
        "var": 8.97017097473
    },
    "barkbands_flatness_db": {
        "dmean": 0.0367913916707,
        "dmean2": 0.0602848418057,
        "dvar": 0.00102731713559,
        "dvar2": 0.00244735740125,
        "max": 0.348737031221,
        "mean": 0.219009801745,
        "median": 0.21902038157,
        "min": 0.0898766517639,
        "var": 0.00182413775474
    },
    "barkbands_kurtosis": {
        "dmean": 1.39784359932,
        "dmean2": 2.33735918999,
        "dvar": 2.26006603241,
        "dvar2": 5.67332410812,
        "max": 10.1909484863,
        "mean": 0.976328790188,
        "median": 0.301318883896,
        "min": -1.30729615688,
        "var": 3.57661509514
    },
    "barkbands_skewness": {
        "dmean": 0.514419138432,
        "dmean2": 0.805541455746,
        "dvar": 0.179960936308,
        "dvar2": 0.435538858175,
        "max": 2.64271783829,
        "mean": 0.719296813011,
        "median": 0.659373283386,
        "min": -1.48925149441,
        "var": 0.457281827927
    },
    "barkbands_spread": {
        "dmean": 2.78288030624,
        "dmean2": 4.65576839447,
        "dvar": 6.02246809006,
        "dvar2": 16.0802307129,
        "max": 23.951461792,
        "mean": 9.7558298111,
        "median": 9.43803882599,
        "min": 2.78152894974,
        "var": 12.5180692673
    },
    "dissonance": {
        "dmean": 0.0419108048081,
        "dmean2": 0.0704045370221,
        "dvar": 0.00141852651723,
        "dvar2": 0.00377330533229,
        "max": 0.499952167273,
        "mean": 0.421522259712,
        "median": 0.43124037981,
        "min": 0.241290822625,
        "var": 0.00243151863106
    },
    "dynamic_complexity": 1.70292103291,
    "erbbands_crest": {
        "dmean": 3.31718397141,
        "dmean2": 5.62623548508,
        "dvar": 6.61081600189,
        "dvar2": 19.4357414246,
        "max": 22.6135978699,
        "mean": 10.3603563309,
        "median": 9.44892120361,
        "min": 4.9160490036,
        "var": 11.8692893982
    },
    "erbbands_flatness_db": {
        "dmean": 0.0279545560479,
        "dmean2": 0.0460192151368,
        "dvar": 0.000503949006088,
        "dvar2": 0.00127479538787,
        "max": 0.356227338314,
        "mean": 0.283273905516,
        "median": 0.282870024443,
        "min": 0.126974999905,
        "var": 0.000946590385865
    },
    "erbbands_kurtosis": {
        "dmean": 0.995866298676,
        "dmean2": 1.60303246975,
        "dvar": 0.716380178928,
        "dvar2": 2.02037572861,
        "max": 4.56766891479,
        "mean": 0.509417414665,
        "median": 0.308528184891,
        "min": -1.43723201752,
        "var": 1.24260377884
    },
    "erbbands_skewness": {
        "dmean": 0.425874322653,
        "dmean2": 0.694190204144,
        "dvar": 0.114733412862,
        "dvar2": 0.279574513435,
        "max": 1.65828371048,
        "mean": 0.214736104012,
        "median": 0.16170604527,
        "min": -1.35794186592,
        "var": 0.260071218014
    },
    "erbbands_spread": {
        "dmean": 4.27919244766,
        "dmean2": 6.66609525681,
        "dvar": 11.7660961151,
        "dvar2": 31.5142002106,
        "max": 35.2870521545,
        "mean": 15.9087123871,
        "median": 15.2555274963,
        "min": 5.88891935349,
        "var": 27.3666725159
    },
    "hfc": {
        "dmean": 13.8827934265,
        "dmean2": 23.5822792053,
        "dvar": 280.433044434,
        "dvar2": 705.747741699,
        "max": 179.006912231,
        "mean": 24.1504993439,
        "median": 19.0853252411,
        "min": 0.178884014487,
        "var": 405.976196289
    },
    "melbands_crest": {
        "dmean": 3.67475986481,
        "dmean2": 6.21500873566,
        "dvar": 9.44575595856,
        "dvar2": 25.3678207397,
        "max": 26.8434867859,
        "mean": 11.8719482422,
        "median": 10.9945373535,
        "min": 5.03098344803,
        "var": 17.5956764221
    },
    "melbands_flatness_db": {
        "dmean": 0.0433853939176,
        "dmean2": 0.0707925483584,
        "dvar": 0.00144379748963,
        "dvar2": 0.00350875477307,
        "max": 0.403395265341,
        "mean": 0.26607388258,
        "median": 0.263534814119,
        "min": 0.120137199759,
        "var": 0.00295508769341
    },
    "melbands_kurtosis": {
        "dmean": 1.75794863701,
        "dmean2": 2.8734960556,
        "dvar": 3.43136548996,
        "dvar2": 8.68326854706,
        "max": 15.3577156067,
        "mean": 1.65781784058,
        "median": 0.93298459053,
        "min": -1.19539964199,
        "var": 5.84234380722
    },
    "melbands_skewness": {
        "dmean": 0.5325704813,
        "dmean2": 0.82156765461,
        "dvar": 0.177081346512,
        "dvar2": 0.446741014719,
        "max": 3.09490275383,
        "mean": 0.936492323875,
        "median": 0.880115687847,
        "min": -1.20392119884,
        "var": 0.471358388662
    },
    "melbands_spread": {
        "dmean": 5.27280902863,
        "dmean2": 8.69787406921,
        "dvar": 21.2908535004,
        "dvar2": 57.9286766052,
        "max": 47.4291877747,
        "mean": 17.0734443665,
        "median": 16.2987174988,
        "min": 4.02930784225,
        "var": 51.6934280396
    },
    "pitch_salience": {
        "dmean": 0.0835421606898,
        "dmean2": 0.136307224631,
        "dvar": 0.00442002108321,
        "dvar2": 0.0105398306623,
        "max": 0.875576913357,
        "mean": 0.620113670826,
        "median": 0.619085967541,
        "min": 0.305382817984,
        "var": 0.0107556991279
    },
    "silence_rate_20dB": {
        "dmean": 0,
        "dmean2": 0,
        "dvar": 0,
        "dvar2": 0,
        "max": 1,
        "mean": 1,
        "median": 1,
        "min": 1,
        "var": 0
    },
    "silence_rate_30dB": {
        "dmean": 0,
        "dmean2": 0,
        "dvar": 0,
        "dvar2": 0,
        "max": 1,
        "mean": 1,
        "median": 1,
        "min": 1,
        "var": 0
    },
    "silence_rate_60dB": {
        "dmean": 0.019999999553,
        "dmean2": 0.0401337780058,
        "dvar": 0.0196000188589,
        "dvar2": 0.0519009940326,
        "max": 1,
        "mean": 0.0132890362293,
        "median": 0,
        "min": 0,
        "var": 0.0131124295294
    },
    "spectral_centroid": {
        "dmean": 222.725341797,
        "dmean2": 355.065551758,
        "dvar": 44171.6328125,
        "dvar2": 94515.0234375,
        "max": 2392.08789062,
        "mean": 961.230712891,
        "median": 866.01574707,
        "min": 407.891418457,
        "var": 181055.375
    },
    "spectral_complexity": {
        "dmean": 3.94000005722,
        "dmean2": 6.39464902878,
        "dvar": 12.4097318649,
        "dvar2": 31.6970672607,
        "max": 34,
        "mean": 16.5282382965,
        "median": 16,
        "min": 0,
        "var": 24.2890472412
    },
    "spectral_decrease": {
        "dmean": 3.34841776528e-09,
        "dmean2": 5.51420153982e-09,
        "dvar": 9.22409863291e-18,
        "dvar2": 2.28879436199e-17,
        "max": -7.3929931621e-11,
        "mean": -7.20006854138e-09,
        "median": -6.58640075812e-09,
        "min": -1.9563424658e-08,
        "var": 1.90366254295e-17
    },
    "spectral_energy": {
        "dmean": 0.0138282412663,
        "dmean2": 0.0228392053396,
        "dvar": 0.000162266616826,
        "dvar2": 0.000404846970923,
        "max": 0.0850822478533,
        "mean": 0.0293651875108,
        "median": 0.0268361195922,
        "min": 0.000295253645163,
        "var": 0.000322966137901
    },
    "spectral_energyband_high": {
        "dmean": 7.97283282736e-05,
        "dmean2": 0.00012730769231,
        "dvar": 2.69056545932e-08,
        "dvar2": 5.09048945219e-08,
        "max": 0.00204349239357,
        "mean": 0.000113531947136,
        "median": 2.82311466435e-05,
        "min": 1.55821101089e-06,
        "var": 4.98801568938e-08
    },
    "spectral_energyband_low": {
        "dmean": 0.000207429664442,
        "dmean2": 0.000333198200678,
        "dvar": 9.92623654383e-08,
        "dvar2": 2.08031863735e-07,
        "max": 0.0032240326982,
        "mean": 0.00042345689144,
        "median": 0.00016371293168,
        "min": 3.45952980751e-06,
        "var": 3.68987429056e-07
    },
    "spectral_energyband_middle_high": {
        "dmean": 0.00799024756998,
        "dmean2": 0.0136074600741,
        "dvar": 8.36121107568e-05,
        "dvar2": 0.000214844869333,
        "max": 0.0798590406775,
        "mean": 0.0111445523798,
        "median": 0.0068379691802,
        "min": 5.23424459971e-05,
        "var": 0.0001213095602
    },
    "spectral_energyband_middle_low": {
        "dmean": 0.00790347158909,
        "dmean2": 0.0122030843049,
        "dvar": 5.9490565036e-05,
        "dvar2": 0.000145162281115,
        "max": 0.0581687763333,
        "mean": 0.0180551279336,
        "median": 0.0160938296467,
        "min": 0.000184446194908,
        "var": 0.000143899145769
    },
    "spectral_entropy": {
        "dmean": 0.350405216217,
        "dmean2": 0.568925857544,
        "dvar": 0.0816932320595,
        "dvar2": 0.21479447186,
        "max": 7.68153381348,
        "mean": 6.77026033401,
        "median": 6.77407407761,
        "min": 5.68822336197,
        "var": 0.137916207314
    },
    "spectral_flux": {
        "dmean": 0.0376285761595,
        "dmean2": 0.0610186010599,
        "dvar": 0.00110310281161,
        "dvar2": 0.00249168206938,
        "max": 0.236712351441,
        "mean": 0.0993763208389,
        "median": 0.0912514477968,
        "min": 0.0252002906054,
        "var": 0.00204709311947
    },
    "spectral_kurtosis": {
        "dmean": 8.33502197266,
        "dmean2": 14.4091386795,
        "dvar": 78.8647232056,
        "dvar2": 221.092163086,
        "max": 81.7462158203,
        "mean": 14.9842061996,
        "median": 11.5789785385,
        "min": 2.18197965622,
        "var": 113.42842865
    },
    "spectral_rms": {
        "dmean": 0.00126549589913,
        "dmean2": 0.00204684189521,
        "dvar": 1.18282287076e-06,
        "dvar2": 2.72652459898e-06,
        "max": 0.00911082141101,
        "mean": 0.00506799435243,
        "median": 0.00511679379269,
        "min": 0.000536705076229,
        "var": 2.96437883662e-06
    },
    "spectral_rolloff": {
        "dmean": 269.093231201,
        "dmean2": 466.312438965,
        "dvar": 79680.1484375,
        "dvar2": 176262.46875,
        "max": 2863.91601562,
        "mean": 1232.04223633,
        "median": 1162.79296875,
        "min": 452.197265625,
        "var": 202898.9375
    },
    "spectral_skewness": {
        "dmean": 0.628877282143,
        "dmean2": 1.07138240337,
        "dvar": 0.364852309227,
        "dvar2": 1.00256061554,
        "max": 6.70239591599,
        "mean": 2.44446539879,
        "median": 2.28477454185,
        "min": 0.965846538544,
        "var": 0.765116870403
    },
    "spectral_spread": {
        "dmean": 331909.21875,
        "dmean2": 555590.625,
        "dvar": 178084331520,
        "dvar2": 263736098816,
        "max": 8449514,
        "mean": 1893463.875,
        "median": 1834169,
        "min": 1025729.9375,
        "var": 271053979648
    },
    "spectral_strongpeak": {
        "dmean": 1.11090195179,
        "dmean2": 1.8890311718,
        "dvar": 2.10674285889,
        "dvar2": 5.68778991699,
        "max": 16.1090507507,
        "mean": 1.81768071651,
        "median": 1.2836843729,
        "min": 0.0280919857323,
        "var": 2.89351511002
    },
    "zerocrossingrate": {
        "dmean": 0.00561197893694,
        "dmean2": 0.00636235345155,
        "dvar": 2.25249823416e-05,
        "dvar2": 2.83859644696e-05,
        "max": 0.08984375,
        "mean": 0.0402872599661,
        "median": 0.03662109375,
        "min": 0.00537109375,
        "var": 0.000210257654544
    },
    "barkbands": {
        "dmean": [3.09444294544e-06, 5.42807647435e-05, 3.42426465068e-05, 0.000534792372491, 0.00248223915696, 0.000525905459654, 0.00372631498612, 0.000758994370699, 0.00314869661815, 0.000999281532131, 0.00188413902652, 0.0021954763215, 0.00201611616649, 0.000880510022398, 0.000452055275673, 0.000907437177375, 0.000297797494568, 0.000317867292324, 0.000106902669359, 6.70769222779e-05, 3.23373205902e-05, 1.47641467265e-05, 7.99408280727e-06, 2.52381869359e-06, 1.09400434667e-06, 2.76474423799e-07, 7.52317959041e-08],
        "dmean2": [5.22606251252e-06, 9.70714754658e-05, 5.59108775633e-05, 0.000835193088278, 0.00393006252125, 0.00079248653492, 0.00606823712587, 0.00132413103711, 0.00523454928771, 0.00174156238791, 0.00319015746936, 0.00369998952374, 0.00345583539456, 0.00149083754513, 0.000764632073697, 0.00158709636889, 0.000516304338817, 0.000541679735761, 0.000171802705154, 0.000105905877717, 5.40269829798e-05, 2.69994561677e-05, 1.45303938552e-05, 4.62709112981e-06, 2.07197285818e-06, 4.99037014379e-07, 1.38861267374e-07],
        "dvar": [2.54447869025e-11, 7.61680229999e-09, 2.77274181393e-09, 8.21107903448e-07, 7.77837794885e-06, 6.05201080361e-07, 1.72650179593e-05, 1.40059307796e-06, 1.3959664102e-05, 2.85555552182e-06, 6.69578639645e-06, 9.63815182331e-06, 8.82156018633e-06, 2.65068410954e-06, 7.12786686563e-07, 1.28898282128e-05, 3.16216784313e-07, 1.73712419382e-06, 5.02313639572e-08, 2.87907493401e-08, 8.17076628579e-09, 2.19390905443e-09, 4.42942404977e-10, 4.08765729598e-11, 1.67903642379e-11, 2.56198653872e-13, 2.19932426627e-14],
        "dvar2": [5.18217413426e-11, 2.2169208691e-08, 6.66067512256e-09, 1.81126608823e-06, 1.42992266774e-05, 1.27261432681e-06, 4.10387801821e-05, 3.97026769861e-06, 3.26595218212e-05, 7.98724704509e-06, 1.70944967977e-05, 2.48618634942e-05, 2.16885218833e-05, 5.24468441654e-06, 1.63166214406e-06, 3.5798526369e-05, 8.69998643793e-07, 4.81408915221e-06, 1.26989291971e-07, 4.80623505439e-08, 1.72358802786e-08, 5.22134158132e-09, 1.1972512981e-09, 1.1645344411e-10, 4.94579446841e-11, 6.90627242894e-13, 5.90132665499e-14],
        "max": [4.64723052573e-05, 0.000738482980523, 0.000564173154999, 0.00845977384597, 0.026891477406, 0.00788993947208, 0.0320683121681, 0.00803978182375, 0.0318872220814, 0.0163613092154, 0.0205754041672, 0.0216658134013, 0.0256183501333, 0.0214458871633, 0.00974675826728, 0.0447907224298, 0.00446633668616, 0.0181900504977, 0.0025272781495, 0.00250616041012, 0.00110708514694, 0.000554780534003, 0.000196781664272, 6.89077423885e-05, 3.76560201403e-05, 4.3537147576e-06, 8.19425395093e-07],
        "mean": [3.35562754117e-06, 4.8500533012e-05, 5.08045777678e-05, 0.000976878101937, 0.00477334856987, 0.000906249100808, 0.00627763522789, 0.000847148243338, 0.00413401518017, 0.00106166920159, 0.0020574152004, 0.00260844221339, 0.00257218745537, 0.000860065803863, 0.000463018048322, 0.000779328285716, 0.00032757021836, 0.00032382432255, 0.000146179896547, 9.21896717045e-05, 3.35740660375e-05, 1.33702924359e-05, 5.61466276849e-06, 1.85128590147e-06, 7.24058736523e-07, 2.25804370757e-07, 6.41226947096e-08],
        "median": [1.74070567027e-06, 2.0173156372e-05, 2.38255379372e-05, 0.000223500624998, 0.00333390966989, 0.000403747748351, 0.00460406811908, 0.000431948341429, 0.0024361226242, 0.000433073902968, 0.000841250584926, 0.00121988728642, 0.000670832814649, 0.000345335836755, 0.000176185756573, 0.000193628700799, 0.000114772687084, 8.41833534651e-05, 3.61467318726e-05, 1.95805059775e-05, 7.82304596214e-06, 2.45060732595e-06, 8.26466362014e-07, 2.76838676427e-07, 8.23766583835e-08, 5.85702046862e-08, 2.10277484314e-08],
        "min": [2.03067749283e-08, 8.53682308843e-07, 1.02674810876e-08, 3.07007951506e-07, 5.45932743989e-06, 6.46502940072e-06, 4.57624082628e-05, 1.59833889484e-05, 8.7522148533e-06, 1.20225558931e-05, 3.45156649928e-06, 8.43611087475e-06, 1.81890900421e-05, 2.52395761891e-06, 1.01931152585e-06, 1.05505034753e-06, 6.74461375638e-07, 7.04014894382e-07, 1.18684909012e-06, 4.08150185649e-07, 4.05986980923e-07, 1.26143845591e-07, 4.56191280307e-08, 3.19994661879e-08, 1.42974201367e-08, 1.60901620916e-08, 7.0791239537e-09],
        "var": [2.97638060032e-11, 6.12011197276e-09, 6.05271521792e-09, 2.26150109484e-06, 2.26620250032e-05, 1.40101553825e-06, 3.22026207868e-05, 1.48099388753e-06, 2.1115918571e-05, 3.20652839036e-06, 8.36611434352e-06, 1.2349575627e-05, 1.93380510609e-05, 2.87061857307e-06, 8.68504400842e-07, 9.84973758023e-06, 3.69644396869e-07, 1.24290465919e-06, 8.68130030085e-08, 4.23115444903e-08, 9.93409443595e-09, 2.21810836365e-09, 3.28861854415e-10, 2.63516188037e-11, 9.04999859774e-12, 1.90043049656e-13, 1.51796283198e-14]
    },
    "erbbands": {
        "dmean": [0.00148194236681, 0.0126871969551, 0.0408233515918, 0.818549990654, 5.29356145859, 10.8821382523, 5.31537866592, 3.64031624794, 40.2391357422, 45.776512146, 17.4265918732, 74.8062896729, 31.857503891, 68.544090271, 54.1291999817, 100.364692688, 81.7966079712, 56.5016937256, 35.9913444519, 34.3121147156, 39.0809020996, 15.1133708954, 21.0754890442, 6.0056271553, 5.87312984467, 2.98691415787, 1.78701114655, 1.02974665165, 0.606043040752, 0.374416917562, 0.184863656759, 0.0726548805833, 0.0334106199443, 0.017114687711, 0.00483248429373, 0.00153794442303, 0.000457482441561, 0.000110632703581, 2.02952523978e-05, 1.68096339621e-05],
        "dmean2": [0.00265311123803, 0.023135619238, 0.0647973939776, 1.25480353832, 8.50034141541, 16.8965568542, 8.35660171509, 5.47593641281, 65.1717147827, 75.1622009277, 29.5111141205, 125.49407196, 50.7997169495, 118.169197083, 91.3937149048, 169.617782593, 142.915893555, 93.8831253052, 60.7849159241, 58.9056282043, 67.1231689453, 26.061756134, 36.2157058716, 10.3945245743, 9.39236164093, 4.96486568451, 2.7796125412, 1.66594779491, 1.0821788311, 0.673134803772, 0.344480931759, 0.134074866772, 0.0606520585716, 0.0320436172187, 0.00912737008184, 0.0027686462272, 0.000838827341795, 0.000204354568268, 3.55792617484e-05, 2.78560110019e-05],
        "dvar": [6.18049489276e-06, 0.000451736996183, 0.00367434136569, 1.62358224392, 43.5903549194, 178.934326172, 118.853126526, 17.7680244446, 3477.38623047, 2619.62841797, 511.07723999, 8308.85546875, 1844.61328125, 10494.7470703, 5470.84033203, 21526.2773438, 13617.9912109, 7052.90820312, 3905.56201172, 5809.07373047, 24235.9042969, 856.885559082, 8714.84863281, 150.137283325, 184.542251587, 47.3654022217, 17.9550685883, 9.77000713348, 5.41484546661, 1.19213521481, 0.197397738695, 0.0288527924567, 0.00857913307846, 0.0041495738551, 0.000256189290667, 8.92953630682e-06, 6.24046492703e-07, 3.91307075631e-08, 9.38311317533e-10, 2.49520876183e-10],
        "dvar2": [1.67220314324e-05, 0.00132231716998, 0.00906444061548, 3.41276097298, 98.1100158691, 346.313110352, 245.907165527, 36.2480583191, 8039.78027344, 6010.31347656, 1405.43103027, 20921.6777344, 3922.25805664, 28940.1777344, 14458.0419922, 56051.7070312, 34850.8984375, 14892.8916016, 9577.40625, 16163.3544922, 63679.6054688, 2328.39501953, 24198.6757812, 406.875793457, 414.138580322, 120.631752014, 42.7288246155, 20.0242118835, 12.3865194321, 2.75702548027, 0.566948950291, 0.0824417248368, 0.0244838465005, 0.0122351208702, 0.000748042773921, 2.41895631916e-05, 1.665478635e-06, 1.06859054938e-07, 2.51111931249e-09, 6.25675178334e-10],
        "max": [0.019362712279, 0.198064446449, 0.771722793579, 12.2291116714, 66.1422729492, 112.030967712, 138.302047729, 46.4925384521, 481.68182373, 437.946685791, 176.647140503, 851.436828613, 381.915618896, 820.934997559, 601.428039551, 998.699523926, 1108.79846191, 824.883789062, 500.978210449, 635.315063477, 2132.59863281, 244.672805786, 1278.26708984, 133.370635986, 128.545837402, 70.002532959, 50.7685775757, 44.3555297852, 31.9057102203, 13.3923816681, 3.89466571808, 1.59836161137, 1.0004632473, 0.641941010952, 0.174939841032, 0.0222199074924, 0.00638337898999, 0.00153548130766, 0.00018228153931, 0.000120066317322],
        "mean": [0.00140392628964, 0.0118249999359, 0.0755140706897, 1.65950644016, 9.9920759201, 19.1282501221, 9.53702259064, 7.8610458374, 63.3780632019, 81.3344573975, 23.9485607147, 92.2608184814, 45.3344116211, 77.1579055786, 66.0319366455, 115.606636047, 104.855583191, 69.4833450317, 37.1984519958, 33.4476013184, 36.450214386, 17.8074550629, 22.0289859772, 6.42389535904, 7.83517932892, 4.12558937073, 2.27035570145, 1.13574147224, 0.561320602894, 0.34789159894, 0.134061813354, 0.0531177259982, 0.0240474324673, 0.0112168630585, 0.00339013640769, 0.00119143363554, 0.000389189837733, 9.61189871305e-05, 2.60350698227e-05, 3.50928239641e-05],
        "median": [0.000696079048794, 0.00510162208229, 0.0384989604354, 0.588490486145, 6.38895511627, 11.8766975403, 4.66405677795, 5.46574354172, 35.4377212524, 54.6546478271, 17.1206531525, 56.1460456848, 21.4786052704, 38.1206169128, 36.8496932983, 52.2730293274, 33.0117340088, 29.1589336395, 13.2166585922, 11.9869794846, 12.0670957565, 6.30607128143, 6.71785402298, 2.12755680084, 1.67377495766, 1.01023423672, 0.56791383028, 0.247923538089, 0.107562176883, 0.0488123968244, 0.0230916887522, 0.00903765577823, 0.00286265928298, 0.00113736616913, 0.000506675103679, 0.000245304894634, 0.000120357392007, 3.41795202985e-05, 1.69106933754e-05, 3.20381077472e-05],
        "min": [3.36405028065e-05, 0.0003369662154, 0.000230524179642, 0.00090831972193, 0.0108073549345, 0.019739208743, 0.0187576990575, 0.0481624044478, 0.31924444437, 0.958358764648, 0.666379034519, 0.190831780434, 0.412244796753, 0.394027560949, 0.146606877446, 0.399286180735, 0.853209614754, 0.246631443501, 0.0895701423287, 0.0518623292446, 0.0506910309196, 0.0357000567019, 0.0629980862141, 0.0570112653077, 0.037573158741, 0.0188411418349, 0.0233099088073, 0.0127294510603, 0.00586690660566, 0.00454471725971, 0.00144702161197, 0.000899483216926, 0.000349207315594, 0.000204043462873, 0.000104237289634, 5.89226583543e-05, 3.67581014871e-05, 1.03080055851e-05, 3.09077267957e-06, 2.51937331086e-06],
        "var": [4.87541274197e-06, 0.000378677184926, 0.0104403346777, 5.27023983002, 121.796302795, 443.069519043, 182.778213501, 61.7844238281, 5605.13134766, 6245.69970703, 607.341491699, 10994.8857422, 3483.703125, 11927.0410156, 6398.16210938, 25422.0839844, 30199.6679688, 10547.5966797, 4167.52539062, 5623.08496094, 19412.8886719, 1052.14892578, 6042.30126953, 159.758605957, 292.534057617, 65.4150238037, 25.0734004974, 12.7243051529, 5.60016393661, 1.26476943493, 0.128253832459, 0.0185028426349, 0.00545894727111, 0.0022672303021, 0.00014173258387, 6.52564949633e-06, 4.5771255941e-07, 2.65314135106e-08, 8.05622901723e-10, 4.73251993149e-10]
    },
    "gfcc": {
        "mean": [-58.6810112, 154.792633057, -178.846893311, -18.6508617401, -57.8877830505, -21.2845001221, -31.7192764282, -19.0937900543, -22.0466880798, -12.6031751633, -13.095199585, -9.61014556885, -12.0853528976],
        "cov": [[2311.03466797, -637.174377441, -484.054595947, 179.501022339, -162.100006104, 214.142349243, 37.5371322632, 108.36730957, -67.128036499, -7.65730619431, 59.322807312, -78.3307189941, -22.4992218018], [-637.174377441, 865.754394531, 445.448944092, -210.217910767, 22.9567737579, -167.49369812, 18.3969783783, -143.534667969, 4.08701181412, -119.27645874, 2.3281750679, -3.52074575424, -8.17418670654], [-484.054595947, 445.448944092, 588.696533203, -138.954101562, -45.8711853027, 3.09354257584, -56.3817634583, -26.143907547, -5.36630773544, -50.5076408386, -30.7726535797, 26.9751815796, -21.3125133514], [179.501022339, -210.217910767, -138.954101562, 225.469894409, 49.1985626221, -2.18813467026, 39.5236244202, 27.36602211, -8.39794063568, 42.6247329712, -9.40865325928, 10.3047828674, 0.957079052925], [-162.100006104, 22.9567737579, -45.8711853027, 49.1985626221, 144.648773193, -17.7902488708, 10.6844005585, 17.5616283417, -7.27690601349, 22.4207038879, 18.6657485962, 18.9904403687, 1.95881223679], [214.142349243, -167.49369812, 3.09354257584, -2.18813467026, -17.7902488708, 219.061477661, 18.2591075897, 44.5113334656, 23.2034111023, -9.37460327148, -3.5274014473, 29.9686584473, -6.02845573425], [37.5371322632, 18.3969783783, -56.3817634583, 39.5236244202, 10.6844005585, 18.2591075897, 120.926612854, 7.85933685303, 4.83279418945, 10.0133543015, -1.59266722202, 7.10105371475, 0.938579797745], [108.36730957, -143.534667969, -26.143907547, 27.36602211, 17.5616283417, 44.5113334656, 7.85933685303, 112.343383789, 14.0242385864, 33.295917511, 13.4481163025, 8.77254676819, 4.17946863174], [-67.128036499, 4.08701181412, -5.36630773544, -8.39794063568, -7.27690601349, 23.2034111023, 4.83279418945, 14.0242385864, 87.7851867676, 14.397521019, -9.96016311646, 21.6821117401, 20.438911438], [-7.65730619431, -119.27645874, -50.5076408386, 42.6247329712, 22.4207038879, -9.37460327148, 10.0133543015, 33.295917511, 14.397521019, 116.288505554, 26.2724227905, 10.9992322922, 17.2968406677], [59.322807312, 2.3281750679, -30.7726535797, -9.40865325928, 18.6657485962, -3.5274014473, -1.59266722202, 13.4481163025, -9.96016311646, 26.2724227905, 104.960784912, 17.960729599, -28.5335903168], [-78.3307189941, -3.52074575424, 26.9751815796, 10.3047828674, 18.9904403687, 29.9686584473, 7.10105371475, 8.77254676819, 21.6821117401, 10.9992322922, 17.960729599, 93.3450088501, 21.6499538422], [-22.4992218018, -8.17418670654, -21.3125133514, 0.957079052925, 1.95881223679, -6.02845573425, 0.938579797745, 4.17946863174, 20.438911438, 17.2968406677, -28.5335903168, 21.6499538422, 74.7971572876]],
        "icov": [[0.000941118749324, -0.000774978951085, 0.00122678047046, -0.00112591602374, 0.00194189720787, -0.00141601229552, 0.000808571523521, -0.00125646335073, 0.0012958443258, -5.28688178747e-05, -0.000481095165014, 0.000493071798701, -0.000210680416785], [-0.000774978951085, 0.0115857692435, -0.00918415561318, 0.00585762225091, -0.00832260213792, 0.00837387796491, -0.00956826750189, 0.00958138983697, -0.00695874914527, 0.00871869362891, -0.00633165240288, 0.0035314031411, -0.00473350193352], [0.00122678047046, -0.00918415561318, 0.0100568188354, -0.00367688620463, 0.00783945713192, -0.00697581423447, 0.00836811680347, -0.00817678775638, 0.00657462794334, -0.00662641227245, 0.00605310499668, -0.00413559749722, 0.00510427029803], [-0.00112591602374, 0.00585762225091, -0.00367688620463, 0.0101665761322, -0.0066381841898, 0.0053201559931, -0.00606558471918, 0.00438591046259, -0.00282212183811, 0.00183424912393, 0.000561405031476, -0.00084481324302, 0.00036306399852], [0.00194189720787, -0.00832260213792, 0.00783945713192, -0.0066381841898, 0.0162833370268, -0.00634349882603, 0.00697777746245, -0.00889270100743, 0.00717163691297, -0.00578236859292, 0.00233569019474, -0.00324179488234, 0.00267174770124], [-0.00141601229552, 0.00837387796491, -0.00697581423447, 0.0053201559931, -0.00634349882603, 0.0126167889684, -0.00777243124321, 0.00493849720806, -0.00660163164139, 0.00665425090119, -0.00266479840502, -0.000546810100786, -0.0011551034404], [0.000808571523521, -0.00956826750189, 0.00836811680347, -0.00606558471918, 0.00697777746245, -0.00777243124321, 0.0170539282262, -0.00786273833364, 0.00561984349042, -0.00737467501312, 0.00558493798599, -0.00343849579804, 0.00437127100304], [-0.00125646335073, 0.00958138983697, -0.00817678775638, 0.00438591046259, -0.00889270100743, 0.00493849720806, -0.00786273833364, 0.0196131691337, -0.00748570682481, 0.0043495981954, -0.00598155567423, 0.00355118187144, -0.00435323873535], [0.0012958443258, -0.00695874914527, 0.00657462794334, -0.00282212183811, 0.00717163691297, -0.00660163164139, 0.00561984349042, -0.00748570682481, 0.0186444390565, -0.00656417105347, 0.00506331352517, -0.00455318484455, 0.000839342246763], [-5.28688178747e-05, 0.00871869362891, -0.00662641227245, 0.00183424912393, -0.00578236859292, 0.00665425090119, -0.00737467501312, 0.0043495981954, -0.00656417105347, 0.0187598541379, -0.00950988009572, 0.00414442643523, -0.007809354458], [-0.000481095165014, -0.00633165240288, 0.00605310499668, 0.000561405031476, 0.00233569019474, -0.00266479840502, 0.00558493798599, -0.00598155567423, 0.00506331352517, -0.00950988009572, 0.0195690765977, -0.00844615045935, 0.0115946158767], [0.000493071798701, 0.0035314031411, -0.00413559749722, -0.00084481324302, -0.00324179488234, -0.000546810100786, -0.00343849579804, 0.00355118187144, -0.00455318484455, 0.00414442643523, -0.00844615045935, 0.0175373982638, -0.00876020826399], [-0.000210680416785, -0.00473350193352, 0.00510427029803, 0.00036306399852, 0.00267174770124, -0.0011551034404, 0.00437127100304, -0.00435323873535, 0.000839342246763, -0.007809354458, 0.0115946158767, -0.00876020826399, 0.0227991975844]]
    },
    "melbands": {
        "dmean": [1.408119806e-05, 1.64319608302e-05, 0.00023259309819, 0.000642436323687, 0.000212452185224, 8.48013733048e-05, 0.000669593631756, 0.000404765596613, 0.000187225436093, 0.000484265678097, 0.000150095191202, 0.000266179034952, 0.000227642856771, 0.000261876964942, 0.000141511729453, 0.000245409755735, 8.82705644472e-05, 6.98167277733e-05, 3.80557248718e-05, 7.40316972951e-05, 3.70151574316e-05, 1.59849423653e-05, 1.66660483956e-05, 1.54142835527e-05, 3.81989912057e-06, 5.66138669456e-06, 2.66350070888e-06, 1.8661617105e-06, 1.57132501499e-06, 4.97012251799e-07, 6.11821349139e-07, 3.33715860279e-07, 2.50915945799e-07, 2.16498719396e-07, 1.12892166726e-07, 6.41979411853e-08, 3.67516079791e-08, 2.41827269321e-08, 1.97643750255e-08, 1.23266090668e-08],
        "dmean2": [2.52720947174e-05, 2.78864918073e-05, 0.000366116000805, 0.00101092795376, 0.000334602984367, 0.000131246473757, 0.00109004136175, 0.000668861495797, 0.000319019833114, 0.000810362631455, 0.000236007675994, 0.000460039125755, 0.000383613776648, 0.00044133796473, 0.000242247610004, 0.000419599964516, 0.000146244638017, 0.000120336691907, 6.4694606408e-05, 0.000130200598505, 6.3495906943e-05, 2.77384679066e-05, 2.87864513666e-05, 2.64081227215e-05, 6.87084002493e-06, 9.04971420823e-06, 4.28897783422e-06, 2.97965834761e-06, 2.40875101554e-06, 8.58548276028e-07, 9.95935124593e-07, 6.08693085269e-07, 4.54988594356e-07, 3.83788801628e-07, 2.11926689531e-07, 1.21073611581e-07, 6.68392772241e-08, 4.38756977417e-08, 3.64689043408e-08, 2.33787886827e-08],
        "dvar": [5.23276366682e-10, 8.06569866452e-10, 1.20730362596e-07, 5.47235174508e-07, 1.23712140976e-07, 1.1381302123e-08, 8.01353223778e-07, 2.19923506961e-07, 7.26203879253e-08, 3.37297279884e-07, 4.55907915864e-08, 1.63975357736e-07, 1.07689814399e-07, 1.40457629527e-07, 4.23587174225e-08, 1.40431538398e-07, 2.46169982177e-08, 1.72084977379e-08, 5.64112401236e-09, 7.66831718124e-08, 1.78839218989e-08, 9.98396920693e-10, 2.0464532291e-09, 5.46616796271e-09, 5.042839063e-11, 2.05650677043e-10, 8.21284221186e-11, 1.35171492055e-11, 1.747433101e-11, 6.96208173577e-13, 4.26272905862e-12, 1.29289298451e-12, 9.71858661256e-13, 4.31606600503e-13, 8.27838977382e-14, 2.08129801777e-14, 9.14105166479e-15, 4.34832749099e-15, 4.96008517868e-15, 2.30802883248e-15],
        "dvar2": [1.47338963252e-09, 2.12918482845e-09, 2.74878203754e-07, 1.01326361346e-06, 2.5220501243e-07, 2.33720154341e-08, 1.87551313502e-06, 5.05955085828e-07, 1.96596943169e-07, 8.09579432826e-07, 9.51749896672e-08, 4.54156406704e-07, 2.80298763755e-07, 3.70529420479e-07, 1.06061790461e-07, 3.49222602836e-07, 4.85842370779e-08, 4.06338998005e-08, 1.32463018332e-08, 2.24460279696e-07, 4.56531950022e-08, 2.59898969013e-09, 5.6928111114e-09, 1.51485419764e-08, 1.39503811281e-10, 5.16448994681e-10, 1.1266122063e-10, 3.52719520258e-11, 4.12635481339e-11, 1.59317546135e-12, 8.85545282936e-12, 3.27375171243e-12, 2.01828245956e-12, 1.07486925176e-12, 2.41312232783e-13, 5.97013080248e-14, 2.62738642691e-14, 1.24096340707e-14, 1.45161575766e-14, 6.80355582663e-15],
        "max": [0.000174676795723, 0.000330847658915, 0.00415898859501, 0.00762971490622, 0.00394016411155, 0.00109550682828, 0.00738080404699, 0.00386082101613, 0.00158665678464, 0.00559902284294, 0.00192524911836, 0.00335611775517, 0.00276483898051, 0.00311885890551, 0.00138461741153, 0.00356266158633, 0.00193708669394, 0.00105394143611, 0.000885903544258, 0.00305081880651, 0.00188932789024, 0.000302430416923, 0.000565918860957, 0.0010314641986, 5.3041283536e-05, 0.000162790194736, 0.000150656196638, 3.7022466131e-05, 5.11775033374e-05, 8.83878146851e-06, 2.71860935754e-05, 1.33665471367e-05, 1.34322881422e-05, 7.8285293057e-06, 2.559067525e-06, 1.1219060525e-06, 1.039070753e-06, 7.1047173833e-07, 7.62923036746e-07, 4.1725650135e-07],
        "mean": [1.28641440824e-05, 2.14018618863e-05, 0.000450641411589, 0.00122546136845, 0.000403934798669, 0.000169314953382, 0.00107520248275, 0.000730058469344, 0.000217538268771, 0.000613510725088, 0.00021239783382, 0.000296631042147, 0.000258588173892, 0.000305445748381, 0.000154035587911, 0.000318208243698, 9.7138909041e-05, 6.83408143232e-05, 3.45516637026e-05, 6.52714152238e-05, 3.48588982888e-05, 1.78204427357e-05, 1.88317371794e-05, 1.51227586684e-05, 3.45191801898e-06, 8.22905258246e-06, 2.51132109952e-06, 2.92183722195e-06, 2.13239695768e-06, 4.79435186662e-07, 6.65137349642e-07, 2.77252865999e-07, 2.43690095658e-07, 1.80908045877e-07, 7.93122154619e-08, 4.5086480327e-08, 2.67552220379e-08, 1.74904624117e-08, 1.29626158696e-08, 8.07139066694e-09],
        "median": [5.85875568504e-06, 1.13211717689e-05, 0.000206145239645, 0.000753292406444, 0.000234579347307, 0.000104359205579, 0.000689036387485, 0.000469663296826, 0.000123854391859, 0.000366150634363, 9.63587444858e-05, 0.000136169983307, 0.000122539539007, 0.000138791961945, 6.50670044706e-05, 7.59113754611e-05, 4.13993693655e-05, 2.00017020688e-05, 1.30749886011e-05, 1.60452946147e-05, 1.26503127831e-05, 6.04832803219e-06, 6.90114211466e-06, 3.84877512261e-06, 8.5747973344e-07, 1.64617267728e-06, 4.20453716288e-07, 6.11423274677e-07, 4.37957197619e-07, 1.30669448595e-07, 1.26148606228e-07, 5.25017398445e-08, 3.41963293238e-08, 2.05619450355e-08, 1.32260060681e-08, 7.36711269766e-09, 4.25504431689e-09, 2.06158912164e-09, 1.18486620515e-09, 8.02422073232e-10],
        "min": [2.6425053079e-07, 2.18289002873e-07, 2.9938132684e-07, 1.34888489356e-06, 5.56735358259e-07, 1.04501623355e-06, 6.1962628024e-06, 1.05944163806e-05, 1.65786764228e-06, 1.03586876321e-06, 2.11922383642e-06, 1.71822648554e-06, 4.45623697942e-07, 5.81979463732e-07, 1.77629340214e-06, 1.67804694229e-06, 3.15887092484e-07, 1.57532710432e-07, 8.28809163522e-08, 7.993210005e-08, 4.97491789986e-08, 2.93831643461e-08, 5.73740415177e-08, 3.81363847168e-08, 3.57106273441e-08, 3.37061223377e-08, 1.24533423573e-08, 1.06687494394e-08, 1.82187314124e-08, 6.990640955e-09, 5.11222086885e-09, 2.59906185462e-09, 1.59427004931e-09, 1.89768689651e-09, 6.72480848785e-10, 6.1009930441e-10, 4.456184588e-10, 2.20447715638e-10, 1.30686864108e-10, 1.40345998711e-10],
        "var": [4.09987932493e-10, 1.20621834743e-09, 3.32761004529e-07, 1.67507971582e-06, 2.27419718613e-07, 3.5975393331e-08, 1.31785657231e-06, 5.14744328939e-07, 7.68160717257e-08, 4.86220983476e-07, 8.76876029565e-08, 1.85252147844e-07, 1.29420257622e-07, 1.94529661712e-07, 4.58824160887e-08, 3.34476510488e-07, 3.07286391887e-08, 1.76896470805e-08, 6.26310114882e-09, 5.70631790708e-08, 1.49430228191e-08, 1.23674981367e-09, 1.66760349973e-09, 3.86674292585e-09, 5.18517138948e-11, 3.54189122476e-10, 9.75773073453e-11, 2.91101795447e-11, 2.49247410905e-11, 8.6891935704e-13, 5.24828965009e-12, 1.17938363069e-12, 1.07215256638e-12, 3.93628841544e-13, 5.08127882218e-14, 1.32607005888e-14, 5.69159045523e-15, 2.82562440853e-15, 2.78114204978e-15, 1.25433308099e-15]
    },
    "mfcc": {
        "mean": [-690.793823242, 193.460617065, -63.8689460754, -1.40801358223, -23.9938259125, -8.08394050598, -14.8108711243, -9.34552669525, -13.7550697327, -10.6382026672, -9.66068172455, -1.8515560627, -6.57960939407],
        "cov": [[2767.99145508, -896.268554688, -408.309082031, -47.6093292236, -167.665405273, 78.5484619141, 102.652801514, 107.673873901, -58.136932373, 131.231704712, 26.0658035278, 18.6232414246, -13.5796918869], [-896.268554688, 959.086242676, 349.815002441, -47.7088165283, 17.0303459167, -57.2613296509, -42.4747085571, -38.068561554, -38.6086769104, -122.435127258, -36.5210075378, -15.4326190948, -40.3922080994], [-408.309082031, 349.815002441, 482.718475342, -89.812286377, 20.6945018768, -9.91768836975, -41.5883216858, 4.41013288498, -17.117811203, -46.749332428, 5.70881271362, -54.8007278442, 5.50425720215], [-47.6093292236, -47.7088165283, -89.812286377, 258.928710938, 0.467707455158, -26.2105865479, 19.6764011383, -34.3797569275, 32.9618377686, -15.3164253235, -5.05975103378, 34.4528045654, 33.7671203613], [-167.665405273, 17.0303459167, 20.6945018768, 0.467707455158, 139.951293945, -5.64292621613, -4.88571834564, 7.81349182129, -8.8556432724, 0.818251132965, -3.39345693588, 12.4964113235, 15.7509813309], [78.5484619141, -57.2613296509, -9.91768836975, -26.2105865479, -5.64292621613, 133.908615112, 25.7186489105, 44.9911613464, 15.8690137863, -12.4922037125, 10.9311914444, -2.99058699608, 8.2141122818], [102.652801514, -42.4747085571, -41.5883216858, 19.6764011383, -4.88571834564, 25.7186489105, 101.887008667, 10.8521966934, -10.8790102005, 14.9180355072, 8.66916561127, 19.7490615845, 4.7676358223], [107.673873901, -38.068561554, 4.41013288498, -34.3797569275, 7.81349182129, 44.9911613464, 10.8521966934, 126.731887817, 13.1562747955, -12.4851255417, 3.41720509529, 9.42501354218, 21.7418479919], [-58.136932373, -38.6086769104, -17.117811203, 32.9618377686, -8.8556432724, 15.8690137863, -10.8790102005, 13.1562747955, 134.36114502, 21.2160148621, -18.3086776733, 0.573942661285, -11.1673898697], [131.231704712, -122.435127258, -46.749332428, -15.3164253235, 0.818251132965, -12.4922037125, 14.9180355072, -12.4851255417, 21.2160148621, 110.753608704, 25.0810413361, -7.55335426331, -9.55475139618], [26.0658035278, -36.5210075378, 5.70881271362, -5.05975103378, -3.39345693588, 10.9311914444, 8.66916561127, 3.41720509529, -18.3086776733, 25.0810413361, 77.8093032837, 13.8346920013, 14.5608711243], [18.6232414246, -15.4326190948, -54.8007278442, 34.4528045654, 12.4964113235, -2.99058699608, 19.7490615845, 9.42501354218, 0.573942661285, -7.55335426331, 13.8346920013, 82.8594894409, 25.8288822174], [-13.5796918869, -40.3922080994, 5.50425720215, 33.7671203613, 15.7509813309, 8.2141122818, 4.7676358223, 21.7418479919, -11.1673898697, -9.55475139618, 14.5608711243, 25.8288822174, 106.090835571]],
