{
"lowlevel": {
    "average_loudness": 0.986812233925,
    "barkbands_crest": {
        "dmean": 0.491159051657,
        "dmean2": 0.777363359928,
        "dvar": 0.703431546688,
        "dvar2": 1.85793554783,
        "max": 19.8934612274,
        "mean": 10.9934415817,
        "median": 11.0112094879,
        "min": 8.76138019562,
        "var": 1.55205392838
    },
    "barkbands_flatness_db": {
        "dmean": 0.010565652512,
        "dmean2": 0.0153031041846,
        "dvar": 0.000133983980049,
        "dvar2": 0.000184501972399,
        "max": 0.250954329967,
        "mean": 0.215588524938,
        "median": 0.219302967191,
        "min": 0.138798505068,
        "var": 0.000407419312978
    },
    "barkbands_kurtosis": {
        "dmean": 1.06373631954,
        "dmean2": 1.35313606262,
        "dvar": 1.93265283108,
        "dvar2": 4.35566282272,
        "max": 17.8025741577,
        "mean": 5.20103883743,
        "median": 4.66397809982,
        "min": 1.55720186234,
        "var": 5.5237569809
    },
    "barkbands_skewness": {
        "dmean": 0.133260533214,
        "dmean2": 0.170656457543,
        "dvar": 0.0339470915496,
        "dvar2": 0.0796016007662,
        "max": 3.89148831367,
        "mean": 1.85954117775,
        "median": 1.79437470436,
        "min": 1.29767370224,
        "var": 0.107665747404
    },
    "barkbands_spread": {
        "dmean": 1.243288517,
        "dmean2": 1.63773787022,
        "dvar": 2.09219145775,
        "dvar2": 4.2611322403,
        "max": 21.5179901123,
        "mean": 13.1487140656,
        "median": 13.1576604843,
        "min": 7.15647935867,
        "var": 6.62873125076
    },
    "dissonance": {
        "dmean": 0.0158961713314,
        "dmean2": 0.0256220176816,
        "dvar": 0.000506557233166,
        "dvar2": 0.000650422764011,
        "max": 0.469793081284,
        "mean": 0.442408829927,
        "median": 0.445424646139,
        "min": 0.222265571356,
        "var": 0.000625996966846
    },
    "dynamic_complexity": 0.915637433529,
    "erbbands_crest": {
        "dmean": 1.31883072853,
        "dmean2": 1.70288920403,
        "dvar": 3.13043761253,
        "dvar2": 5.36885452271,
        "max": 24.760427475,
        "mean": 18.620721817,
        "median": 18.9487743378,
        "min": 7.33885478973,
        "var": 8.65302848816
    },
    "erbbands_flatness_db": {
        "dmean": 0.00762623129413,
        "dmean2": 0.0103891827166,
        "dvar": 7.6436510426e-05,
        "dvar2": 0.00010755405674,
        "max": 0.235502585769,
        "mean": 0.208624377847,
        "median": 0.215753078461,
        "min": 0.11668920517,
        "var": 0.000520699541084
    },
    "erbbands_kurtosis": {
        "dmean": 0.240194797516,
        "dmean2": 0.311091542244,
        "dvar": 0.0905119478703,
        "dvar2": 0.205448538065,
        "max": 0.580982923508,
        "mean": -1.07334685326,
        "median": -1.22289049625,
        "min": -1.58826911449,
        "var": 0.219554111362
    },
    "erbbands_skewness": {
        "dmean": 0.155259087682,
        "dmean2": 0.20053704083,
        "dvar": 0.0289773140103,
        "dvar2": 0.0653209611773,
        "max": 1.47239279747,
        "mean": 0.634756743908,
        "median": 0.610602915287,
        "min": 0.0132772894576,
        "var": 0.0878416523337
    },
    "erbbands_spread": {
        "dmean": 1.86866676807,
        "dmean2": 2.51958441734,
        "dvar": 5.45330142975,
        "dvar2": 13.5581245422,
        "max": 48.6552352905,
        "mean": 41.8784599304,
        "median": 42.2473258972,
        "min": 31.515586853,
        "var": 8.79437065125
    },
    "hfc": {
        "dmean": 1.43789672852,
        "dmean2": 1.80379760265,
        "dvar": 6.34210062027,
        "dvar2": 7.44170045853,
        "max": 29.6554775238,
        "mean": 16.7673187256,
        "median": 17.0672245026,
        "min": 0.70680141449,
        "var": 28.7037906647
    },
    "melbands_crest": {
        "dmean": 0.919418632984,
        "dmean2": 1.25056838989,
        "dvar": 4.26804637909,
        "dvar2": 5.86647081375,
        "max": 32.7925415039,
        "mean": 29.7255077362,
        "median": 30.9316806793,
        "min": 14.211482048,
        "var": 16.396440506
    },
    "melbands_flatness_db": {
        "dmean": 0.0103530911729,
        "dmean2": 0.0141595257446,
        "dvar": 0.000129742009449,
        "dvar2": 0.000229448734899,
        "max": 0.331043064594,
        "mean": 0.297955304384,
        "median": 0.299790918827,
        "min": 0.220547839999,
        "var": 0.000284771405859
    },
    "melbands_kurtosis": {
        "dmean": 3.39721155167,
        "dmean2": 4.15089607239,
        "dvar": 19.0046329498,
        "dvar2": 39.6317481995,
        "max": 46.7134666443,
        "mean": 18.9699211121,
        "median": 17.4535923004,
        "min": 6.40526676178,
        "var": 50.4369812012
    },
    "melbands_skewness": {
        "dmean": 0.324188143015,
        "dmean2": 0.410968989134,
        "dvar": 0.161992117763,
        "dvar2": 0.347848713398,
        "max": 6.25430965424,
        "mean": 3.98337697983,
        "median": 3.89726758003,
        "min": 2.38535284996,
        "var": 0.454800397158
    },
    "melbands_spread": {
        "dmean": 1.09284853935,
        "dmean2": 1.42504906654,
        "dvar": 1.66487848759,
        "dvar2": 3.78944802284,
        "max": 18.3078479767,
        "mean": 9.53983020782,
        "median": 9.42434215546,
        "min": 4.6274971962,
        "var": 5.52135181427
    },
    "pitch_salience": {
        "dmean": 0.0216542202979,
        "dmean2": 0.0291690118611,
        "dvar": 0.00179731368553,
        "dvar2": 0.00233332905918,
        "max": 0.819420814514,
        "mean": 0.392857253551,
        "median": 0.385001152754,
        "min": 0.309396326542,
        "var": 0.00260600121692
    },
    "silence_rate_20dB": {
        "dmean": 0,
        "dmean2": 0,
        "dvar": 0,
        "dvar2": 0,
        "max": 1,
        "mean": 1,
        "median": 1,
        "min": 1,
        "var": 0
    },
    "silence_rate_30dB": {
        "dmean": 0,
        "dmean2": 0,
        "dvar": 0,
        "dvar2": 0,
        "max": 1,
        "mean": 1,
        "median": 1,
        "min": 1,
        "var": 0
    },
    "silence_rate_60dB": {
        "dmean": 0,
        "dmean2": 0,
        "dvar": 0,
        "dvar2": 0,
        "max": 0,
        "mean": 0,
        "median": 0,
        "min": 0,
        "var": 0
    },
    "spectral_centroid": {
        "dmean": 46.1276092529,
        "dmean2": 62.774394989,
        "dvar": 2989.53686523,
        "dvar2": 7252.95703125,
        "max": 958.786193848,
        "mean": 670.852966309,
        "median": 667.601806641,
        "min": 467.873321533,
        "var": 6860.87207031
    },
    "spectral_complexity": {
        "dmean": 1.09333336353,
        "dmean2": 1.80536913872,
        "dvar": 1.87129032612,
        "dvar2": 3.70037508011,
        "max": 19,
        "mean": 10.7748346329,
        "median": 11,
        "min": 1,
        "var": 4.55856847763
    },
    "spectral_decrease": {
        "dmean": 1.14032383536e-09,
        "dmean2": 1.42200384801e-09,
        "dvar": 2.96580149239e-18,
        "dvar2": 4.79067979692e-18,
        "max": -3.64451885337e-10,
        "mean": -1.02284420933e-08,
        "median": -1.05035899978e-08,
        "min": -1.68809037859e-08,
        "var": 8.42406939679e-18
    },
    "spectral_energy": {
        "dmean": 0.00442271213979,
        "dmean2": 0.00551082007587,
        "dvar": 4.50841653219e-05,
        "dvar2": 7.20995740267e-05,
        "max": 0.0663787126541,
        "mean": 0.0401253551245,
        "median": 0.0413498543203,
        "min": 0.00143963389564,
        "var": 0.000129674226628
    },
    "spectral_energyband_high": {
        "dmean": 1.37847518999e-05,
        "dmean2": 2.03101026273e-05,
        "dvar": 7.60814966583e-10,
        "dvar2": 1.63274538334e-09,
        "max": 0.000422242388595,
        "mean": 0.000131698849145,
        "median": 0.000131447348394,
        "min": 3.51073958882e-06,
        "var": 1.67641656112e-09
    },
    "spectral_energyband_low": {
        "dmean": 0.00075798551552,
        "dmean2": 0.00110541202594,
        "dvar": 5.95630945099e-06,
        "dvar2": 1.23994432215e-05,
        "max": 0.0349707230926,
        "mean": 0.00311319762841,
        "median": 0.00161059363745,
        "min": 0.000131181499455,
        "var": 3.32106574206e-05
    },
    "spectral_energyband_middle_high": {
        "dmean": 0.000307103124214,
        "dmean2": 0.000366969732568,
        "dvar": 3.55264177188e-07,
        "dvar2": 3.49603709537e-07,
        "max": 0.00757689960301,
        "mean": 0.00379815907218,
        "median": 0.0039798906073,
        "min": 0.000178885049536,
        "var": 2.46672789217e-06
    },
    "spectral_energyband_middle_low": {
        "dmean": 0.00386780826375,
        "dmean2": 0.00473676854745,
        "dvar": 2.79127925751e-05,
        "dvar2": 4.17837763962e-05,
        "max": 0.0503654293716,
        "mean": 0.0284962933511,
        "median": 0.0295448675752,
        "min": 0.00114630430471,
        "var": 9.71544068307e-05
    },
    "spectral_entropy": {
        "dmean": 0.108081616461,
        "dmean2": 0.144257247448,
        "dvar": 0.02434001863,
        "dvar2": 0.0274342820048,
        "max": 7.87345409393,
        "mean": 6.34064531326,
        "median": 6.25463247299,
        "min": 5.97700023651,
        "var": 0.0733798220754
    },
    "spectral_flux": {
        "dmean": 0.00858685933053,
        "dmean2": 0.0140249477699,
        "dvar": 0.000377285672585,
        "dvar2": 0.000557691440918,
        "max": 0.230999529362,
        "mean": 0.0248893648386,
        "median": 0.0149820633233,
        "min": 0.00753026455641,
        "var": 0.000642196566332
    },
    "spectral_kurtosis": {
        "dmean": 1.1608966589,
        "dmean2": 2.11173439026,
        "dvar": 1.38488531113,
        "dvar2": 3.96441435814,
        "max": 18.5755500793,
        "mean": 9.15359973907,
        "median": 8.9911365509,
        "min": 5.06209087372,
        "var": 2.01889634132
    },
    "spectral_rms": {
        "dmean": 0.000372608104954,
        "dmean2": 0.00046153695439,
        "dvar": 4.3285689344e-07,
        "dvar2": 5.96847087309e-07,
        "max": 0.00804734230042,
        "mean": 0.0061741778627,
        "median": 0.00635148165748,
        "min": 0.00118512485642,
        "var": 1.02622925624e-06
    },
    "spectral_rolloff": {
        "dmean": 21.6767578125,
        "dmean2": 41.9102592468,
        "dvar": 8398.74121094,
        "dvar2": 20369.4316406,
        "max": 882.861328125,
        "mean": 323.426116943,
        "median": 301.46484375,
        "min": 150.732421875,
        "var": 8760.57226562
    },
    "spectral_skewness": {
        "dmean": 0.128840595484,
        "dmean2": 0.232608869672,
        "dvar": 0.0162227731198,
        "dvar2": 0.0450772456825,
        "max": 3.5174601078,
        "mean": 2.28437542915,
        "median": 2.26112008095,
        "min": 1.64532279968,
        "var": 0.0388066135347
    },
    "spectral_spread": {
        "dmean": 253670.265625,
        "dmean2": 378874,
        "dvar": 357401460736,
        "dvar2": 240434724864,
        "max": 13113147,
        "mean": 4608552,
        "median": 4514678.5,
        "min": 3681024.75,
        "var": 602682687488
    },
    "spectral_strongpeak": {
        "dmean": 0.13336469233,
        "dmean2": 0.156171575189,
        "dvar": 0.0609541200101,
        "dvar2": 0.0774509385228,
        "max": 2.52936172485,
        "mean": 1.82740592957,
        "median": 1.94515573978,
        "min": 0.0526837781072,
        "var": 0.237909585238
    },
    "zerocrossingrate": {
        "dmean": 0.00293294270523,
        "dmean2": 0.00400456180796,
        "dvar": 8.80081461219e-06,
        "dvar2": 1.24009065985e-05,
        "max": 0.04150390625,
        "mean": 0.0305644664913,
        "median": 0.03076171875,
        "min": 0.00732421875,
        "var": 2.30655678024e-05
    },
    "barkbands": {
        "dmean": [0.000281475513475, 0.000726973987184, 8.55438629515e-05, 5.63948960917e-05, 0.00222750823013, 0.00172713713255, 2.56582588918e-05, 1.76956036739e-05, 4.30174368375e-05, 7.80754999141e-05, 4.4073585741e-06, 1.24163479995e-05, 0.000136451722938, 3.47798159055e-05, 1.15369675768e-05, 0.000158863695106, 5.27651427547e-05, 1.99520018214e-05, 2.60182496277e-05, 1.12707411972e-05, 7.04648755345e-06, 2.6804054869e-06, 1.82266660431e-06, 1.61166019552e-06, 1.8912055566e-06, 1.87922614714e-06, 3.31362525685e-06],
        "dmean2": [0.000418340874603, 0.00103173870593, 0.000151463915245, 9.13004478207e-05, 0.00298951473087, 0.00203461316414, 4.24095269409e-05, 2.71401058853e-05, 7.92039718363e-05, 0.000118784359074, 7.75067474024e-06, 1.77551137313e-05, 0.000132413159008, 4.46452831966e-05, 1.81905816135e-05, 0.000181466384674, 7.14850611985e-05, 2.8581249353e-05, 3.8028749259e-05, 1.51897402247e-05, 1.15811490105e-05, 4.48607534054e-06, 3.06502965941e-06, 2.66325332632e-06, 3.2525063034e-06, 2.98284930977e-06, 5.63427556699e-06],
        "dvar": [4.57274012433e-07, 6.20207447355e-06, 1.12416621789e-07, 5.97778821998e-08, 8.92587922863e-06, 6.19917591393e-06, 5.85836845701e-09, 9.34258781449e-10, 4.99733907589e-08, 1.86242132827e-08, 1.562574653e-10, 8.30271351671e-10, 3.82720841685e-08, 2.34020980372e-09, 1.45213549518e-10, 3.92739067934e-08, 6.63730981287e-09, 2.91327156843e-10, 1.40324007969e-09, 1.53352094912e-10, 1.88650553512e-10, 4.25592998343e-11, 4.47750560587e-12, 2.01610516476e-12, 3.59822393235e-12, 3.11020176627e-12, 8.6250191017e-12],
        "dvar2": [3.67294404668e-07, 1.37709685077e-05, 3.25604133877e-07, 1.06727910065e-07, 1.52876054926e-05, 7.79360107117e-06, 1.61866964277e-08, 2.39334152496e-09, 1.39961841228e-07, 3.85489151711e-08, 4.53987486493e-10, 1.97655047884e-09, 3.05343803575e-08, 4.25231716505e-09, 3.12966014215e-10, 3.82894604911e-08, 9.19727582982e-09, 4.28765994931e-10, 1.58357127411e-09, 2.51060144896e-10, 5.06094943731e-10, 1.10353427785e-10, 9.79294770276e-12, 4.73817166058e-12, 8.78333256821e-12, 6.6108780776e-12, 1.56189765982e-11],
        "max": [0.00929975602776, 0.0325120650232, 0.00376740866341, 0.00278423470445, 0.0233822297305, 0.0273035746068, 0.00099253107328, 0.000333861738909, 0.00231200945564, 0.00108831934631, 0.000139255076647, 0.000304191751638, 0.00261233584024, 0.000478426984046, 0.000156201931532, 0.00276903947815, 0.000882642227225, 0.000209718025872, 0.000469740625704, 0.000152042106492, 0.000180667862878, 8.20321656647e-05, 3.08965754812e-05, 1.83728861884e-05, 2.67363266175e-05, 2.33003756875e-05, 3.49788351741e-05],
        "mean": [0.00605320883915, 0.00154264911544, 0.000102123813122, 8.04457449703e-05, 0.012874705717, 0.0154047515243, 3.93074878957e-05, 3.92347028537e-05, 4.9508002121e-05, 0.000473168649478, 6.55258281768e-06, 2.77776853181e-05, 0.00105173047632, 0.000169020509929, 6.9429166615e-05, 0.00129014824051, 0.000401417142712, 0.000102971134766, 0.000188195554074, 5.21552719874e-05, 3.03394299408e-05, 9.0007615654e-06, 7.6167439147e-06, 8.0345735114e-06, 1.00849301816e-05, 1.37911356433e-05, 2.66692204605e-05],
        "median": [0.00633101491258, 7.82261704444e-05, 1.53099372255e-05, 2.08200563065e-05, 0.0133046628907, 0.0160544998944, 8.79256276676e-06, 2.6754265491e-05, 4.07610059483e-06, 0.000501634611282, 1.82793883141e-06, 1.51321646626e-05, 0.00104987621307, 0.000152549662744, 6.04982342338e-05, 0.00131418276578, 0.000397251889808, 9.98947944026e-05, 0.000187166631804, 4.80985581817e-05, 2.82183464151e-05, 8.26454106573e-06, 7.38373501008e-06, 8.08017284726e-06, 9.95022946881e-06, 1.39161766128e-05, 2.72335910267e-05],
        "min": [1.96001510631e-05, 2.7241958378e-06, 9.20343438793e-07, 1.72221734829e-06, 0.000540409528185, 0.00047516086488, 1.29449495034e-06, 1.03841011878e-06, 5.63852609048e-07, 2.11850565393e-05, 1.62513970281e-07, 2.63127571998e-06, 3.16253754136e-05, 1.24789521578e-05, 1.17765594041e-05, 4.32713168266e-05, 2.01945731533e-05, 5.09790879732e-06, 1.06037778096e-05, 1.75620118625e-06, 8.98006589978e-07, 1.19578174917e-07, 2.38581264966e-07, 2.52412718282e-07, 3.86981241718e-07, 2.9549954661e-07, 5.39199106697e-07],
        "var": [3.10229847855e-06, 3.04172735923e-05, 1.50649938746e-07, 1.06116743837e-07, 2.23010101763e-05, 3.02436328639e-05, 1.15833076464e-08, 2.79726353192e-09, 4.71440948502e-08, 4.18803445257e-08, 2.57012605642e-10, 1.763018731e-09, 3.67311827176e-07, 1.12380762474e-08, 1.24468080287e-09, 2.99607989973e-07, 2.49782647899e-08, 1.98023020204e-09, 5.3579505277e-09, 6.64765076319e-10, 3.1227936903e-10, 4.9428034582e-11, 9.19676574479e-12, 4.46395221135e-12, 7.32500778783e-12, 8.0398300864e-12, 2.14256338366e-11]
    },
    "erbbands": {
        "dmean": [0.0159308314323, 0.179073095322, 0.118307799101, 0.182175368071, 0.287317156792, 4.43901014328, 34.0195083618, 3.75784230232, 0.483777165413, 0.370746463537, 0.549593985081, 0.829336285591, 1.05961334705, 2.45849204063, 0.308011502028, 0.364707231522, 2.48933815956, 5.79050636292, 0.778193712234, 7.21864843369, 2.68389177322, 2.13482904434, 1.44305336475, 1.64264774323, 0.844779789448, 0.566680371761, 0.283566623926, 0.205548927188, 0.103926330805, 0.0815096572042, 0.0503035597503, 0.0404784306884, 0.0280453339219, 0.0223989263177, 0.0159734599292, 0.00963884685189, 0.00445004459471, 0.00218213093467, 0.000545167131349, 6.62112579448e-05],
        "dmean2": [0.0238095540553, 0.257517486811, 0.207837164402, 0.273204952478, 0.493498623371, 6.07342720032, 40.7901115417, 4.61775112152, 0.820394039154, 0.528757214546, 0.908390045166, 1.54208338261, 1.51613819599, 3.76639795303, 0.406103491783, 0.533007621765, 2.45743489265, 5.24847364426, 1.20092320442, 8.3786315918, 3.16388058662, 2.88247299194, 1.97614300251, 2.38619184494, 1.23363053799, 0.780796706676, 0.447141051292, 0.352547615767, 0.171371906996, 0.134365230799, 0.0834664404392, 0.0682863369584, 0.0458127781749, 0.0366788245738, 0.0262715686113, 0.0166533384472, 0.00725935120136, 0.00337607506663, 0.000916748133022, 0.000113522786705],
        "dvar": [0.00207100831904, 0.404761314392, 0.182990416884, 0.788577079773, 0.247660934925, 36.6465873718, 2163.16796875, 31.3721122742, 2.19916915894, 0.770402133465, 2.89748501778, 17.7274417877, 10.3894309998, 16.1279468536, 0.540271043777, 0.395463585854, 13.1076755524, 70.5933303833, 1.09533309937, 83.4388122559, 14.4447412491, 10.3495121002, 3.02091026306, 4.01058006287, 1.37444353104, 0.398575127125, 0.1315215379, 0.290889918804, 0.0436743684113, 0.0425247363746, 0.00333443074487, 0.00183359917719, 0.000495885440614, 0.000285655696644, 0.000256408558926, 7.79089095886e-05, 1.7625045075e-05, 2.58421869148e-06, 2.06147959148e-07, 3.30601013232e-09],
        "dvar2": [0.00389500241727, 0.91649222374, 0.527467489243, 1.55255925655, 0.7761541605, 65.8023300171, 2951.31591797, 45.0427207947, 7.16471529007, 1.50353288651, 9.56297397614, 50.2672653198, 24.5898151398, 28.9096488953, 1.04654252529, 0.974826693535, 11.5859489441, 64.7820587158, 1.58722627163, 82.5290222168, 15.1661176682, 14.6234827042, 4.73799371719, 4.83900928497, 1.73952364922, 0.677467882633, 0.280459821224, 0.804261207581, 0.114598251879, 0.11339237541, 0.00745614105836, 0.00392838427797, 0.00129615236074, 0.000833913160022, 0.000651493784972, 0.000188991383766, 4.63902470074e-05, 6.62898673909e-06, 5.43497549188e-07, 6.99374202995e-09],
        "max": [0.648125529289, 8.18863105774, 4.63874578476, 10.5652713776, 3.493227005, 49.2867469788, 448.472259521, 63.6355705261, 15.1148605347, 10.1688718796, 17.5048332214, 43.561164856, 32.9487037659, 38.0802001953, 8.84363174438, 6.66523456573, 47.1701545715, 107.821258545, 15.2350330353, 126.351737976, 52.9723434448, 33.7219810486, 22.1394577026, 24.9039745331, 12.7445545197, 8.53963756561, 4.99325799942, 6.53730487823, 2.70489954948, 2.54684734344, 0.845612347126, 0.541878640652, 0.229352116585, 0.190998539329, 0.217307463288, 0.104334332049, 0.0520378015935, 0.0212642606348, 0.0048492886126, 0.000615646073129],
        "mean": [0.0458186864853, 0.380308747292, 0.237270757556, 0.274136394262, 0.669919490814, 25.2415027618, 258.520874023, 32.5532455444, 1.69163131714, 0.741165220737, 1.12385523319, 1.04684972763, 3.70531129837, 16.2995586395, 1.27260911465, 1.33310627937, 19.2007236481, 43.7167243958, 6.95033740997, 60.2466049194, 26.2073554993, 14.2404441833, 10.9957885742, 9.67028808594, 6.73984956741, 2.77956557274, 1.4807997942, 0.73008877039, 0.388470441103, 0.26595646143, 0.208162978292, 0.169790476561, 0.139501020312, 0.105569787323, 0.0752990394831, 0.0480256974697, 0.0265561416745, 0.0124567598104, 0.00338199478574, 0.000455500819953],
        "median": [0.0169951841235, 0.0131608294323, 0.0192406997085, 0.0580000393093, 0.564245700836, 25.796710968, 271.058044434, 33.6795921326, 1.44400990009, 0.273394078016, 0.697351753712, 0.22000272572, 3.21084403992, 17.408952713, 0.942174911499, 1.11709535122, 18.9522304535, 42.1461105347, 6.79872512817, 60.7545547485, 26.6833496094, 13.8466882706, 11.0768890381, 9.33142757416, 6.52257490158, 2.59716415405, 1.42813658714, 0.666901767254, 0.365263670683, 0.241911903024, 0.203252092004, 0.166724696755, 0.140600129962, 0.106031730771, 0.0729449614882, 0.0480943098664, 0.0266570877284, 0.0127278845757, 0.00342153594829, 0.000461436226033],
        "min": [0.00171413272619, 0.000960606848821, 0.00220661517233, 0.0104318913072, 0.115958876908, 2.05626583099, 4.66452884674, 3.14905500412, 0.420815974474, 0.0745709463954, 0.0357050001621, 0.0453022234142, 0.467132776976, 0.537535369396, 0.0826335772872, 0.145088940859, 1.0309855938, 2.03392720222, 0.746772587299, 2.13791179657, 1.43236196041, 0.965469002724, 0.477793902159, 0.546695768833, 0.317688137293, 0.0968076512218, 0.0486470907927, 0.0203551519662, 0.00512169813737, 0.00426898617297, 0.00813294667751, 0.00579029833898, 0.00377865019254, 0.00389231857844, 0.00302170868963, 0.000990261672996, 0.000571422744542, 0.000348112924257, 6.48114510113e-05, 8.93311425898e-06],
        "var": [0.0121451178566, 1.91639399529, 0.642800748348, 1.34411811829, 0.212153077126, 83.6975021362, 8661.9375, 128.74571228, 2.02446913719, 2.67463135719, 3.70304369926, 16.4422836304, 12.7136583328, 51.466583252, 1.81909346581, 0.743938088417, 115.10496521, 651.819519043, 10.6917381287, 635.609313965, 103.09122467, 35.938079834, 17.9133777618, 17.4931850433, 5.29596996307, 1.71713352203, 0.463099390268, 0.306897193193, 0.0558930076659, 0.048416107893, 0.00663340417668, 0.00335431261919, 0.00122503272723, 0.000751668994781, 0.000503093528096, 0.000141851807712, 3.85376260965e-05, 7.18546516509e-06, 4.48967682587e-07, 6.89606949322e-09]
    },
    "gfcc": {
        "mean": [-19.0955543518, 59.1007919312, -113.978919983, 8.80015087128, -15.75187397, -23.6101665497, -60.8976020813, -19.8133239746, -32.0730895996, 0.337475717068, -0.988116621971, 20.744934082, 22.6067485809],
        "cov": [[360.680511475, 62.5516395569, -28.8837165833, -0.830366075039, 10.1363830566, 30.2688732147, 38.7761306763, 8.72807025909, 15.4241943359, 16.8127784729, -0.31582275033, 0.807775080204, -7.4341583252], [62.5516395569, 301.258453369, 171.114990234, 25.5159187317, 20.2676639557, 82.2033462524, 137.201431274, 145.477386475, 84.3010940552, 21.9720745087, -25.7285823822, -75.0540924072, -100.825569153], [-28.8837165833, 171.114990234, 166.653900146, 32.1954650879, 9.02626800537, 54.2618637085, 89.6031036377, 100.595352173, 56.8992195129, 8.92902946472, -20.246931076, -45.2486076355, -65.7305374146], [-0.830366075039, 25.5159187317, 32.1954650879, 18.0547046661, 4.1895070076, 9.4883813858, 11.6888046265, 11.6431417465, 8.22541904449, 2.73835682869, -4.58054256439, -6.88593578339, -10.0158748627], [10.1363830566, 20.2676639557, 9.02626800537, 4.1895070076, 14.0846939087, 8.17573642731, 8.22032642365, 6.71190690994, 2.57696437836, 3.18897342682, 1.05402588844, -4.3038816452, -5.80179595947], [30.2688732147, 82.2033462524, 54.2618637085, 9.4883813858, 8.17573642731, 38.371635437, 49.162021637, 44.4498710632, 27.9154720306, 8.85513401031, -7.12431573868, -19.074338913, -30.5084171295], [38.7761306763, 137.201431274, 89.6031036377, 11.6888046265, 8.22032642365, 49.162021637, 82.3760070801, 80.0546188354, 47.2042007446, 11.4593753815, -13.135925293, -32.8203086853, -47.7789459229], [8.72807025909, 145.477386475, 100.595352173, 11.6431417465, 6.71190690994, 44.4498710632, 80.0546188354, 92.9273986816, 51.6455116272, 9.34728717804, -14.4430875778, -38.8714141846, -50.4127922058], [15.4241943359, 84.3010940552, 56.8992195129, 8.22541904449, 2.57696437836, 27.9154720306, 47.2042007446, 51.6455116272, 36.0418205261, 9.43435096741, -8.00930786133, -22.2371997833, -31.6752796173], [16.8127784729, 21.9720745087, 8.92902946472, 2.73835682869, 3.18897342682, 8.85513401031, 11.4593753815, 9.34728717804, 9.43435096741, 9.8760471344, 1.38505446911, -3.22805643082, -6.33537340164], [-0.31582275033, -25.7285823822, -20.246931076, -4.58054256439, 1.05402588844, -7.12431573868, -13.135925293, -14.4430875778, -8.00930786133, 1.38505446911, 10.7655553818, 10.2924385071, 12.7630147934], [0.807775080204, -75.0540924072, -45.2486076355, -6.88593578339, -4.3038816452, -19.074338913, -32.8203086853, -38.8714141846, -22.2371997833, -3.22805643082, 10.2924385071, 27.6205787659, 31.0199699402], [-7.4341583252, -100.825569153, -65.7305374146, -10.0158748627, -5.80179595947, -30.5084171295, -47.7789459229, -50.4127922058, -31.6752796173, -6.33537340164, 12.7630147934, 31.0199699402, 48.1193351746]],
        "icov": [[0.0046052117832, -0.0034760502167, 0.00507815880701, -0.00300093484111, -0.000447910424555, -0.00126365863252, -0.00680145714432, 0.00570438662544, -0.00319436308928, -8.88286595e-05, 0.0028471397236, -0.00471309898421, -0.0017234662082], [-0.0034760502167, 0.0308785960078, -0.00604510912672, 0.000659771030769, -0.005994156003, 0.00532423285767, -0.0163071192801, -0.0164882596582, 0.0156518146396, -0.0195056349039, -0.00884011294693, 0.0304014664143, 0.015711883083], [0.00507815880701, -0.00604510912672, 0.0404423698783, -0.0454071164131, 0.00867821648717, -0.0049166646786, -0.0050287921913, -0.0267617926002, 0.00605165725574, 0.0136576881632, -0.00350611191243, -0.0208274591714, 0.0189472641796], [-0.00300093484111, 0.000659771030769, -0.0454071164131, 0.127766624093, -0.031121565029, -0.00932522118092, 0.0180134736001, 0.0386974960566, -0.0267441645265, -0.0227650776505, 0.0426419898868, 0.0133159570396, -0.026245739311], [-0.000447910424555, -0.005994156003, 0.00867821648717, -0.031121565029, 0.112010978162, -0.0291436556727, 0.00473870476708, -0.0185084491968, 0.0546593479812, -0.0199001524597, -0.0411071293056, 0.0166767966002, 0.00660271337256], [-0.00126365863252, 0.00532423285767, -0.0049166646786, -0.00932522118092, -0.0291436556727, 0.146602973342, -0.0990834310651, 0.0316500775516, -0.00825416482985, -0.017352854833, -0.0059840050526, -0.00617431616411, 0.0243637319654], [-0.00680145714432, -0.0163071192801, -0.0050287921913, 0.0180134736001, 0.00473870476708, -0.0990834310651, 0.192750811577, -0.0945609360933, -0.0120000429451, -0.00456027081236, 0.0323175899684, -0.0484277680516, 0.00587838795036], [0.00570438662544, -0.0164882596582, -0.0267617926002, 0.0386974960566, -0.0185084491968, 0.0316500775516, -0.0945609360933, 0.180838808417, -0.115542687476, 0.0531931556761, -0.00839948840439, 0.0571832358837, -0.0524570420384], [-0.00319436308928, 0.0156518146396, 0.00605165725574, -0.0267441645265, 0.0546593479812, -0.00825416482985, -0.0120000429451, -0.115542687476, 0.249939575791, -0.117613010108, -0.00714008556679, 0.00342584657483, 0.0521211102605], [-8.88286595e-05, -0.0195056349039, 0.0136576881632, -0.0227650776505, -0.0199001524597, -0.017352854833, -0.00456027081236, 0.0531931556761, -0.117613010108, 0.225770562887, -0.0647904276848, -0.0145077845082, -0.0103259570897], [0.0028471397236, -0.00884011294693, -0.00350611191243, 0.0426419898868, -0.0411071293056, -0.0059840050526, 0.0323175899684, -0.00839948840439, -0.00714008556679, -0.0647904276848, 0.207148879766, -0.0642412006855, -0.0262186508626], [-0.00471309898421, 0.0304014664143, -0.0208274591714, 0.0133159570396, 0.0166767966002, -0.00617431616411, -0.0484277680516, 0.0571832358837, 0.00342584657483, -0.0145077845082, -0.0642412006855, 0.224162817001, -0.0799077153206], [-0.0017234662082, 0.015711883083, 0.0189472641796, -0.026245739311, 0.00660271337256, 0.0243637319654, 0.00587838795036, -0.0524570420384, 0.0521211102605, -0.0103259570897, -0.0262186508626, -0.0799077153206, 0.132394731045]]
    },
    "melbands": {
        "dmean": [0.000192151899682, 0.000123825273477, 2.96455782518e-05, 4.97709588672e-05, 0.000999865005724, 0.000124518584926, 5.96143445364e-06, 3.8698130993e-06, 5.60201488042e-06, 5.29709222974e-06, 5.97783264311e-06, 1.12798534246e-05, 8.40297900595e-07, 1.44201544572e-06, 5.67149186281e-07, 1.3853155906e-05, 9.40928657656e-06, 1.13580517791e-06, 2.027049959e-06, 1.62722080859e-05, 1.53330677222e-06, 1.67571863585e-06, 3.28494070345e-06, 1.57811791723e-06, 1.61114928687e-06, 8.56630890667e-07, 4.48046193924e-07, 4.60462814544e-07, 1.31347547949e-07, 2.31982483001e-07, 1.43273823028e-07, 6.31306491528e-08, 6.33680699025e-08, 4.29924931211e-08, 3.49381323872e-08, 3.73938107145e-08, 2.82515522088e-08, 2.29257199891e-08, 2.11289030716e-08, 2.24859721953e-08],
        "dmean2": [0.000282003573375, 0.000189958387637, 4.92368053528e-05, 8.0665355199e-05, 0.00122211081907, 0.000152751861606, 1.04511509562e-05, 5.56582335776e-06, 9.69227130554e-06, 9.62470312516e-06, 8.41980090627e-06, 1.7303169443e-05, 1.25349083646e-06, 2.13959629036e-06, 8.78143623595e-07, 1.32734057843e-05, 8.46513739816e-06, 1.78515847438e-06, 2.63825972979e-06, 1.85075241461e-05, 1.95405550585e-06, 2.28706517191e-06, 4.29115516454e-06, 2.24059363063e-06, 2.34372328123e-06, 1.26557517888e-06, 5.7820324173e-07, 6.68108043556e-07, 2.09349863667e-07, 3.60849668368e-07, 2.41825034664e-07, 1.01456805623e-07, 1.06718118786e-07, 7.09899481421e-08, 5.91679416573e-08, 6.46565254669e-08, 4.77595740733e-08, 3.81470499633e-08, 3.51402569265e-08, 3.74644422152e-08],
        "dvar": [3.54574211769e-07, 2.10906705433e-07, 1.54602002311e-08, 4.20240997556e-09, 1.8656451175e-06, 3.49464315264e-08, 3.93975130297e-10, 7.76842964956e-11, 4.33357072449e-10, 7.27739812856e-10, 2.73000844153e-10, 3.46999928791e-10, 3.85119063376e-12, 1.09874973703e-11, 1.89083449419e-12, 4.12320455556e-10, 1.8384639644e-10, 1.47341448938e-12, 7.16554203126e-12, 4.05792482949e-10, 2.96576326865e-12, 7.16406101109e-12, 1.84806631803e-11, 1.80854669348e-12, 3.65182450252e-12, 1.23719166422e-12, 2.25634886209e-13, 2.430723808e-13, 2.64951075809e-14, 1.17191954925e-13, 1.01308847108e-13, 6.24236177072e-15, 3.41552788385e-14, 5.63750697803e-15, 1.04268866422e-15, 1.57714877213e-15, 7.18705444042e-16, 3.3559225671e-16, 3.92408262197e-16, 2.66588294146e-16],
        "dvar2": [7.24529058971e-07, 5.1573744031e-07, 3.20386099872e-08, 1.15962874858e-08, 2.66367942459e-06, 4.73230130638e-08, 1.23140220243e-09, 1.58986532273e-10, 1.38838762709e-09, 2.01544692047e-09, 6.57282728245e-10, 6.52091880493e-10, 9.52643953306e-12, 2.67077818195e-11, 4.58841038081e-12, 3.62020913247e-10, 1.70063449434e-10, 2.87051957724e-12, 8.34715803422e-12, 3.87102072619e-10, 5.27134585981e-12, 1.11877113476e-11, 2.41500361375e-11, 2.5540645987e-12, 4.39731931423e-12, 1.71741104411e-12, 3.46280892415e-13, 4.35338803851e-13, 5.59339866904e-14, 2.95640736284e-13, 2.85949784901e-13, 1.49266907293e-14, 9.63369398903e-14, 1.41742069877e-14, 2.36119963168e-15, 3.59250432205e-15, 1.73304645662e-15, 8.65551258003e-16, 1.05136863435e-15, 8.42688885845e-16],
        "max": [0.00814767740667, 0.00587203586474, 0.00145163829438, 0.000449860905064, 0.0126339849085, 0.00210358062759, 0.00021289740107, 0.000101250683656, 0.000208631507121, 0.000280738022411, 0.000164404569659, 0.000171605788637, 2.15929048863e-05, 3.48771282006e-05, 1.28153478727e-05, 0.00026362205972, 0.000173679596628, 1.50545347424e-05, 3.5692100937e-05, 0.000283321860479, 2.30497880693e-05, 2.83418085019e-05, 4.41095071437e-05, 1.65289256984e-05, 2.36308333115e-05, 1.18518582894e-05, 6.16908573647e-06, 6.6700458774e-06, 1.98851125788e-06, 4.76367131341e-06, 3.57425892616e-06, 1.09925531433e-06, 2.12463623939e-06, 9.73985038399e-07, 4.52605746659e-07, 4.83285020891e-07, 2.77042630614e-07, 1.79300272407e-07, 2.28110721423e-07, 1.56018131747e-07],
        "mean": [0.000662453414407, 0.000273965066299, 4.33513159805e-05, 0.000142025281093, 0.00726719386876, 0.00112448015716, 8.26728955872e-06, 6.92576168149e-06, 9.70148266788e-06, 6.07790843787e-06, 2.2015596187e-05, 7.36165166018e-05, 2.00125964511e-06, 3.25169344251e-06, 1.32267246045e-06, 0.000106230800156, 7.03897967469e-05, 6.76665513311e-06, 1.8613967768e-05, 0.000129946842208, 1.14763415695e-05, 1.31344177134e-05, 1.64055363712e-05, 8.1167117969e-06, 7.79900892667e-06, 6.18784861217e-06, 2.1785140234e-06, 1.89288289221e-06, 6.04414310601e-07, 8.95565506198e-07, 3.42136019071e-07, 2.22050516641e-07, 1.78493834824e-07, 1.30843176294e-07, 1.1947545886e-07, 1.16778579695e-07, 9.83588037684e-08, 9.85387771379e-08, 8.92230289651e-08, 8.92014284659e-08],
        "median": [0.000309310882585, 1.18608477351e-05, 1.27233060994e-05, 0.000131266744575, 0.0076188724488, 0.00117138086352, 2.15738100451e-06, 2.23407391786e-06, 4.95417862112e-06, 5.88682723901e-07, 1.9902634449e-05, 7.82775168773e-05, 8.38860273689e-07, 1.82955341188e-06, 7.83024063367e-07, 0.000105716171674, 6.76625641063e-05, 5.96349991611e-06, 1.80949500646e-05, 0.000132348141051, 1.17023864732e-05, 1.28072006191e-05, 1.54328354256e-05, 7.93477101979e-06, 7.36680021873e-06, 6.10787810729e-06, 1.99433043235e-06, 1.6693628595e-06, 5.7449437918e-07, 8.05982779184e-07, 2.92677697189e-07, 2.12655194787e-07, 1.59229301744e-07, 1.2155676643e-07, 1.13390569823e-07, 1.10646659834e-07, 9.55548102866e-08, 9.82691759077e-08, 8.7533500448e-08, 8.82108039946e-08],
        "min": [1.59223545779e-05, 8.17222314708e-07, 1.19112939956e-06, 3.41393970302e-05, 0.000156203226652, 7.35816865927e-05, 2.85387585564e-07, 3.4302334484e-07, 2.81431653093e-07, 9.50399297039e-08, 2.46573540608e-06, 2.42147530116e-06, 2.26222866218e-07, 2.56363676954e-07, 1.72338076254e-07, 4.17148658016e-06, 3.48950970874e-06, 1.04166394976e-06, 1.45051262734e-06, 3.8535395106e-06, 1.25797987494e-06, 9.49770480929e-07, 8.517768606e-07, 2.42142618845e-07, 4.7600113362e-07, 3.40117935593e-07, 8.35243909592e-08, 5.88010777847e-08, 2.45238318541e-08, 2.52832279557e-08, 9.18091114244e-09, 2.96324498272e-09, 1.34419220199e-09, 2.74773159781e-09, 6.29763308169e-09, 2.667068566e-09, 3.302090823e-09, 3.01785640922e-09, 2.18628404269e-09, 3.26026139419e-09],
        "var": [1.85255578344e-06, 9.5593190963e-07, 2.63621888763e-08, 3.95570420864e-09, 6.86842759023e-06, 1.56885960223e-07, 4.95072316475e-10, 2.6212612636e-10, 4.5764284029e-10, 6.93087420789e-10, 3.34098831933e-10, 1.05441411158e-09, 1.39809682928e-11, 2.29136553481e-11, 2.94472736126e-12, 3.76344289066e-09, 1.69992731003e-09, 1.17533352842e-11, 5.50223894225e-11, 3.11444536827e-09, 1.5674577955e-11, 2.48612484766e-11, 6.6574759594e-11, 1.27040686998e-11, 1.47447887233e-11, 4.50104797184e-12, 1.00939439099e-12, 9.72763102708e-13, 8.51089760733e-14, 2.86687069483e-13, 9.28057815059e-14, 1.22570690373e-14, 3.15457092414e-14, 8.11627901795e-15, 2.23614199328e-15, 2.78166488087e-15, 1.13473340526e-15, 7.3545594409e-16, 6.81727267818e-16, 6.28501570297e-16]
    },
    "mfcc": {
        "mean": [-685.502258301, 113.155654907, -31.4719295502, 37.6176719666, 37.4671020508, 0.295944720507, -8.25016212463, -15.071521759, -13.4173259735, -10.9609136581, -17.3270263672, -19.5671463013, -11.5538740158],
        "cov": [[363.385284424, 38.958656311, -22.2161331177, -5.13950586319, -17.5151424408, 27.5324764252, 14.8395166397, 14.4659452438, 16.1643543243, 8.8111000061, 27.5672721863, 11.4121284485, -1.89674782753], [38.958656311, 323.588256836, 157.969528198, -21.5132789612, -50.7368011475, -23.4721069336, 62.0967063904, 91.4126663208, 78.3561096191, 74.1784667969, 84.2778930664, 101.858955383, 74.6135482788], [-22.2161331177, 157.969528198, 126.259803772, -5.06531763077, -29.414024353, -12.8470306396, 28.1672306061, 54.3825340271, 44.7333679199, 36.5334320068, 43.3271102905, 55.4568367004, 47.8552818298], [-5.13950586319, -21.5132789612, -5.06531763077, 15.8251934052, 10.3655538559, 4.10387420654, -4.31212091446, -9.7640504837, -5.14604997635, -5.36839580536, -7.27973937988, -8.73706150055, -8.99695014954], [-17.5151424408, -50.7368011475, -29.414024353, 10.3655538559, 24.6476726532, 5.26410388947, -7.16941738129, -19.692029953, -15.3278074265, -12.1093540192, -17.0537376404, -19.5037727356, -17.0835361481], [27.5324764252, -23.4721069336, -12.8470306396, 4.10387420654, 5.26410388947, 22.2383899689, 0.223069503903, -6.85708093643, -6.76420974731, -8.51912212372, -2.6282813549, -8.22606086731, -8.66910934448], [14.8395166397, 62.0967063904, 28.1672306061, -4.31212091446, -7.16941738129, 0.223069503903, 24.485332489, 21.9629898071, 18.1425018311, 15.0795431137, 14.0948581696, 18.1397190094, 13.689368248], [14.4659452438, 91.4126663208, 54.3825340271, -9.7640504837, -19.692029953, -6.85708093643, 21.9629898071, 42.2605552673, 30.3331737518, 25.3649654388, 27.4589328766, 30.7561683655, 26.1234703064], [16.1643543243, 78.3561096191, 44.7333679199, -5.14604997635, -15.3278074265, -6.76420974731, 18.1425018311, 30.3331737518, 32.7587394714, 25.0624065399, 24.3228034973, 25.6480388641, 19.3770885468], [8.8111000061, 74.1784667969, 36.5334320068, -5.36839580536, -12.1093540192, -8.51912212372, 15.0795431137, 25.3649654388, 25.0624065399, 30.462688446, 24.1208763123, 25.760011673, 17.3180580139], [27.5672721863, 84.2778930664, 43.3271102905, -7.27973937988, -17.0537376404, -2.6282813549, 14.0948581696, 27.4589328766, 24.3228034973, 24.1208763123, 37.0478553772, 33.0833587646, 18.8432941437], [11.4121284485, 101.858955383, 55.4568367004, -8.73706150055, -19.5037727356, -8.22606086731, 18.1397190094, 30.7561683655, 25.6480388641, 25.760011673, 33.0833587646, 44.3625068665, 29.9031219482], [-1.89674782753, 74.6135482788, 47.8552818298, -8.99695014954, -17.0835361481, -8.66910934448, 13.689368248, 26.1234703064, 19.3770885468, 17.3180580139, 18.8432941437, 29.9031219482, 36.535320282]],
