{
"lowlevel": {
    "average_loudness": 0.959327757359,
    "barkbands_crest": {
        "dmean": 3.21495962143,
        "dmean2": 5.40511655807,
        "dvar": 7.90536546707,
        "dvar2": 19.3528079987,
        "max": 23.1923103333,
        "mean": 10.6775341034,
        "median": 9.90764427185,
        "min": 4.09004116058,
        "var": 14.9400320053
    },
    "barkbands_flatness_db": {
        "dmean": 0.0466086156666,
        "dmean2": 0.0737653076649,
        "dvar": 0.00153305986896,
        "dvar2": 0.00373574742116,
        "max": 0.454064935446,
        "mean": 0.24136005342,
        "median": 0.232002839446,
        "min": 0.0833550617099,
        "var": 0.00369253545068
    },
    "barkbands_kurtosis": {
        "dmean": 1.19118094444,
        "dmean2": 1.91973173618,
        "dvar": 1.83142840862,
        "dvar2": 4.77234840393,
        "max": 13.0469837189,
        "mean": 0.409522622824,
        "median": 0.0385875701904,
        "min": -1.46164059639,
        "var": 2.34670639038
    },
    "barkbands_skewness": {
        "dmean": 0.52806520462,
        "dmean2": 0.80621778965,
        "dvar": 0.176649495959,
        "dvar2": 0.447286069393,
        "max": 2.61799764633,
        "mean": -0.171456024051,
        "median": -0.206255540252,
        "min": -2.16242647171,
        "var": 0.487834662199
    },
    "barkbands_spread": {
        "dmean": 2.18822908401,
        "dmean2": 3.28876638412,
        "dvar": 3.50270462036,
        "dvar2": 8.50810527802,
        "max": 24.8604450226,
        "mean": 8.57092571259,
        "median": 8.10948562622,
        "min": 1.6887601614,
        "var": 10.1385612488
    },
    "dissonance": {
        "dmean": 0.0317141860723,
        "dmean2": 0.0544158667326,
        "dvar": 0.00103648961522,
        "dvar2": 0.0030479435809,
        "max": 0.49999782443,
        "mean": 0.458680301905,
        "median": 0.471742779016,
        "min": 0.269569009542,
        "var": 0.0014708226081
    },
    "dynamic_complexity": 3.78930735588,
    "erbbands_crest": {
        "dmean": 3.81384181976,
        "dmean2": 6.43341827393,
        "dvar": 10.6504859924,
        "dvar2": 26.3281002045,
        "max": 28.423242569,
        "mean": 13.1850938797,
        "median": 12.0737104416,
        "min": 5.16357040405,
        "var": 20.9489994049
    },
    "erbbands_flatness_db": {
        "dmean": 0.0410467386246,
        "dmean2": 0.0648211017251,
        "dvar": 0.00112525199074,
        "dvar2": 0.00270653609186,
        "max": 0.497538417578,
        "mean": 0.344699919224,
        "median": 0.337855428457,
        "min": 0.187117040157,
        "var": 0.00277092680335
    },
    "erbbands_kurtosis": {
        "dmean": 1.1976017952,
        "dmean2": 1.94181728363,
        "dvar": 1.45149254799,
        "dvar2": 3.6493370533,
        "max": 8.51512145996,
        "mean": 0.684729874134,
        "median": 0.210218429565,
        "min": -1.39223790169,
        "var": 2.23228478432
    },
    "erbbands_skewness": {
        "dmean": 0.523407459259,
        "dmean2": 0.816608786583,
        "dvar": 0.163728773594,
        "dvar2": 0.42448720336,
        "max": 2.29115891457,
        "mean": -0.187481939793,
        "median": -0.213603407145,
        "min": -2.11393213272,
        "var": 0.521021306515
    },
    "erbbands_spread": {
        "dmean": 3.01418924332,
        "dmean2": 4.52725219727,
        "dvar": 5.53246593475,
        "dvar2": 12.938577652,
        "max": 26.9525699615,
        "mean": 11.0250024796,
        "median": 10.4453792572,
        "min": 2.82926273346,
        "var": 15.3325996399
    },
    "hfc": {
        "dmean": 18.1851005554,
        "dmean2": 30.233833313,
        "dvar": 398.052612305,
        "dvar2": 993.895812988,
        "max": 110.371147156,
        "mean": 22.7734279633,
        "median": 11.5302619934,
        "min": 0.14827530086,
        "var": 576.256164551
    },
    "melbands_crest": {
        "dmean": 3.7621049881,
        "dmean2": 6.38737201691,
        "dvar": 10.9536113739,
        "dvar2": 26.0426635742,
        "max": 29.5888252258,
        "mean": 12.8014497757,
        "median": 12.0149936676,
        "min": 5.101998806,
        "var": 25.0199069977
    },
    "melbands_flatness_db": {
        "dmean": 0.0452027097344,
        "dmean2": 0.0723856762052,
        "dvar": 0.00140793877654,
        "dvar2": 0.00344573124312,
        "max": 0.39116102457,
        "mean": 0.229420751333,
        "median": 0.218538016081,
        "min": 0.102595023811,
        "var": 0.00340922432952
    },
    "melbands_kurtosis": {
        "dmean": 1.23298442364,
        "dmean2": 2.00496864319,
        "dvar": 2.87703299522,
        "dvar2": 7.28199005127,
        "max": 15.7083854675,
        "mean": 0.451982289553,
        "median": -0.0270783901215,
        "min": -1.65156662464,
        "var": 3.70396232605
    },
    "melbands_skewness": {
        "dmean": 0.508375942707,
        "dmean2": 0.772630214691,
        "dvar": 0.177840694785,
        "dvar2": 0.422024458647,
        "max": 3.76899337769,
        "mean": 0.165489479899,
        "median": 0.108671605587,
        "min": -1.46037828922,
        "var": 0.444106519222
    },
    "melbands_spread": {
        "dmean": 5.37641906738,
        "dmean2": 8.29970741272,
        "dvar": 22.8655643463,
        "dvar2": 59.4658470154,
        "max": 55.2265319824,
        "mean": 20.7235641479,
        "median": 19.8261547089,
        "min": 3.47828316689,
        "var": 69.317527771
    },
    "pitch_salience": {
        "dmean": 0.0868293866515,
        "dmean2": 0.142765209079,
        "dvar": 0.00531751196831,
        "dvar2": 0.0110937915742,
        "max": 0.870027780533,
        "mean": 0.600018143654,
        "median": 0.593685269356,
        "min": 0.198702782393,
        "var": 0.0127273546532
    },
    "silence_rate_20dB": {
        "dmean": 0,
        "dmean2": 0,
        "dvar": 0,
        "dvar2": 0,
        "max": 1,
        "mean": 1,
        "median": 1,
        "min": 1,
        "var": 0
    },
    "silence_rate_30dB": {
        "dmean": 0,
        "dmean2": 0,
        "dvar": 0,
        "dvar2": 0,
        "max": 1,
        "mean": 1,
        "median": 1,
        "min": 1,
        "var": 0
    },
    "silence_rate_60dB": {
        "dmean": 0.15625,
        "dmean2": 0.311064720154,
        "dvar": 0.1318359375,
        "dvar2": 0.268583983183,
        "max": 1,
        "mean": 0.307692319155,
        "median": 0,
        "min": 0,
        "var": 0.213016629219
    },
    "spectral_centroid": {
        "dmean": 257.021697998,
        "dmean2": 406.387359619,
        "dvar": 57480.1601562,
        "dvar2": 132591.546875,
        "max": 3106.0012207,
        "mean": 2091.49438477,
        "median": 2145.5480957,
        "min": 851.924987793,
        "var": 209960.984375
    },
    "spectral_complexity": {
        "dmean": 4.46250009537,
        "dmean2": 7.48851776123,
        "dvar": 18.2485733032,
        "dvar2": 47.0013847351,
        "max": 29,
        "mean": 9.70270252228,
        "median": 8,
        "min": 0,
        "var": 32.7661018372
    },
    "spectral_decrease": {
        "dmean": 2.25908047824e-09,
        "dmean2": 3.71096309237e-09,
        "dvar": 5.96231041066e-18,
        "dvar2": 1.47834893672e-17,
        "max": -1.38285893153e-11,
        "mean": -2.95980684406e-09,
        "median": -1.71168967888e-09,
        "min": -1.35277185009e-08,
        "var": 9.49643792343e-18
    },
    "spectral_energy": {
        "dmean": 0.0101570626721,
        "dmean2": 0.0167156234384,
        "dvar": 0.000118661220768,
        "dvar2": 0.000294363941066,
        "max": 0.0582344569266,
        "mean": 0.0132365934551,
        "median": 0.00741137843579,
        "min": 6.56414267723e-05,
        "var": 0.000187205412658
    },
    "spectral_energyband_high": {
        "dmean": 0.00016786371998,
        "dmean2": 0.00030118849827,
        "dvar": 8.08585838286e-08,
        "dvar2": 2.29431890375e-07,
        "max": 0.00246968888678,
        "mean": 0.000137040304253,
        "median": 3.11513904308e-05,
        "min": 1.57472356932e-06,
        "var": 6.73299851428e-08
    },
    "spectral_energyband_low": {
        "dmean": 4.43651197202e-06,
        "dmean2": 7.88653960626e-06,
        "dvar": 3.13808909413e-11,
        "dvar2": 8.9787621782e-11,
        "max": 3.26127228618e-05,
        "mean": 4.14519809055e-06,
        "median": 2.10139683077e-06,
        "min": 8.0058427443e-08,
        "var": 2.66597507959e-11
    },
    "spectral_energyband_middle_high": {
        "dmean": 0.00921038445085,
        "dmean2": 0.0151833957061,
        "dvar": 9.96829257929e-05,
        "dvar2": 0.000245367118623,
        "max": 0.0568301603198,
        "mean": 0.0114862853661,
        "median": 0.00600069528446,
        "min": 5.71559576201e-05,
        "var": 0.000152042906848
    },
    "spectral_energyband_middle_low": {
        "dmean": 0.00109249982052,
        "dmean2": 0.00176627223846,
        "dvar": 3.91186222259e-06,
        "dvar2": 9.67436790233e-06,
        "max": 0.0203324276954,
        "mean": 0.00166313897353,
        "median": 0.00066450581653,
        "min": 1.67911946392e-06,
        "var": 7.22087088434e-06
    },
    "spectral_entropy": {
        "dmean": 0.443359553814,
        "dmean2": 0.725036978722,
        "dvar": 0.155247911811,
        "dvar2": 0.398197323084,
        "max": 8.4992647171,
        "mean": 6.87927722931,
        "median": 7.04270362854,
        "min": 5.23836421967,
        "var": 0.260486185551
    },
    "spectral_flux": {
        "dmean": 0.037567101419,
        "dmean2": 0.060996811837,
        "dvar": 0.00135741150007,
        "dvar2": 0.00294933537953,
        "max": 0.204310938716,
        "mean": 0.0758573040366,
        "median": 0.0702668204904,
        "min": 0.00762313557789,
        "var": 0.00260503054596
    },
    "spectral_kurtosis": {
        "dmean": 9.53000259399,
        "dmean2": 17.5136928558,
        "dvar": 73.1192550659,
        "dvar2": 219.497085571,
        "max": 48.0755271912,
        "mean": 14.1163024902,
        "median": 10.995759964,
        "min": 2.26933479309,
        "var": 84.507194519
    },
    "spectral_rms": {
        "dmean": 0.00134030892514,
        "dmean2": 0.0021123397164,
        "dvar": 1.70042051195e-06,
        "dvar2": 4.00499038733e-06,
        "max": 0.00753751304001,
        "mean": 0.0030407209415,
        "median": 0.00268897996284,
        "min": 0.000253062084084,
        "var": 3.66776953342e-06
    },
    "spectral_rolloff": {
        "dmean": 345.024383545,
        "dmean2": 593.848388672,
        "dvar": 140676.96875,
        "dvar2": 333702.65625,
        "max": 4392.7734375,
        "mean": 2393.90136719,
        "median": 2347.11914062,
        "min": 667.529296875,
        "var": 276941.25
    },
    "spectral_skewness": {
        "dmean": 0.769948840141,
        "dmean2": 1.3937022686,
        "dvar": 0.439003944397,
        "dvar2": 1.40439903736,
        "max": 4.7704834938,
        "mean": 2.00511622429,
        "median": 1.77824032307,
        "min": 0.770855009556,
        "var": 0.541644692421
    },
    "spectral_spread": {
        "dmean": 349891.875,
        "dmean2": 558153,
        "dvar": 623391604736,
        "dvar2": 620944883712,
        "max": 20847104,
        "mean": 1882028.5,
        "median": 1810918,
        "min": 1091130.875,
        "var": 894492213248
    },
    "spectral_strongpeak": {
        "dmean": 1.61915659904,
        "dmean2": 2.57977604866,
        "dvar": 3.39865279198,
        "dvar2": 8.36235427856,
        "max": 12.9706401825,
        "mean": 2.79745531082,
        "median": 2.00412225723,
        "min": 0.045995477587,
        "var": 6.07368183136
    },
    "zerocrossingrate": {
        "dmean": 0.0072021484375,
        "dmean2": 0.00883697345853,
        "dvar": 4.1187802708e-05,
        "dvar2": 5.74058467464e-05,
        "max": 0.13330078125,
        "mean": 0.0770936235785,
        "median": 0.07861328125,
        "min": 0.0146484375,
        "var": 0.000286577211227
    },
    "barkbands": {
        "dmean": [4.00012993396e-07, 3.60731132787e-06, 7.80566438152e-07, 6.78190531289e-07, 1.85020944627e-05, 1.88643789443e-05, 0.000195742992219, 0.000112864705443, 0.000740207498893, 0.000419466174208, 0.000650507281534, 0.00231242435984, 0.00158463220578, 0.000787194643635, 0.0012117481092, 0.00160369439982, 0.00179306580685, 0.00067186076194, 0.000490465841722, 0.000217401568079, 6.04441775067e-05, 3.08397611661e-05, 1.09390275611e-05, 3.57282578989e-06, 1.33277205805e-06, 5.92139031141e-07, 1.24476954966e-07],
        "dmean2": [6.99727536357e-07, 6.48864852337e-06, 1.44532293689e-06, 1.24572284221e-06, 3.24597785948e-05, 2.97567494272e-05, 0.000329856091412, 0.00019766598416, 0.00116142234765, 0.000688549189363, 0.00106292648707, 0.00386365130544, 0.00264603737742, 0.00134412792977, 0.00196236348711, 0.00270778103732, 0.00298022362404, 0.0011704567587, 0.000831009121612, 0.000393032649299, 0.000108736399852, 5.56663690077e-05, 2.04304160434e-05, 6.69599330649e-06, 2.5241520234e-06, 1.14594161005e-06, 2.38488581772e-07],
        "dvar": [1.93919302816e-13, 2.1926079008e-11, 1.46497571019e-12, 2.47861215059e-12, 8.17825984711e-09, 3.00242697371e-09, 3.83478806043e-07, 2.02405189498e-07, 2.40899294113e-06, 1.04552555058e-06, 3.56945679414e-06, 2.64956288447e-05, 1.04687642306e-05, 3.04381114802e-06, 4.96453003507e-06, 7.45521720091e-06, 1.08104377432e-05, 2.78423590316e-06, 1.24346843222e-06, 2.75171686326e-07, 1.13957243641e-08, 7.3838375414e-09, 7.78091036047e-10, 5.97495039556e-11, 1.0081437421e-11, 2.69031216575e-12, 1.03291832552e-13],
        "dvar2": [5.2579522767e-13, 6.32980473592e-11, 4.08982656769e-12, 7.18006079939e-12, 2.24079066413e-08, 6.74479938567e-09, 9.68871972873e-07, 5.54336565983e-07, 5.75335161557e-06, 2.57755664279e-06, 8.93037577043e-06, 6.6665779741e-05, 2.65369053523e-05, 6.98274925526e-06, 1.27275789055e-05, 1.93570249394e-05, 2.90298921755e-05, 7.62732679505e-06, 2.99034832096e-06, 8.03633611213e-07, 3.07006402522e-08, 2.19837392734e-08, 2.24661711457e-09, 1.69196961997e-10, 2.97519404946e-11, 8.13196905647e-12, 3.02020751073e-13],
        "max": [2.75761544799e-06, 3.00449464703e-05, 7.23118455426e-06, 1.9301467546e-05, 0.00155945052393, 0.000562262139283, 0.00591007247567, 0.00733840791509, 0.0201650168747, 0.00885872915387, 0.017654966563, 0.0356304645538, 0.0236957725137, 0.021402399987, 0.0196437910199, 0.0203499086201, 0.0266265682876, 0.01588007994, 0.0112160304561, 0.00668922951445, 0.000904702814296, 0.000764331663959, 0.000350052607246, 6.00819803367e-05, 2.30063487834e-05, 1.38230625453e-05, 2.9395994261e-06],
        "mean": [4.24701596557e-07, 3.09610891236e-06, 5.81028814395e-07, 5.07668232785e-07, 2.23599199671e-05, 2.49482582149e-05, 0.000230989142437, 0.000130586282467, 0.00103872397449, 0.000455340690678, 0.000577423896175, 0.00257616117597, 0.00148659793194, 0.000693015113939, 0.00127130153123, 0.00160089111887, 0.00183129892685, 0.000560007931199, 0.000490226957481, 0.000161467294674, 4.63446885988e-05, 2.29951565416e-05, 7.71813756728e-06, 2.30647538046e-06, 8.38664391267e-07, 3.8292591853e-07, 8.42273095714e-08],
        "median": [2.84218174329e-07, 1.46895467878e-06, 1.77194067419e-07, 1.56256689365e-07, 1.35120433242e-06, 1.66769973475e-06, 1.60044855875e-05, 1.6322133888e-05, 0.000184904638445, 3.17586163874e-05, 3.21331353916e-05, 0.000311596202664, 0.000185897588381, 7.85447409726e-05, 0.00022563766106, 0.000384912505979, 0.000305174151435, 0.000121522432892, 7.82110291766e-05, 3.22303312714e-05, 9.02095234778e-06, 2.63908668785e-06, 9.21509411e-07, 2.4177060709e-07, 6.97210467138e-08, 4.56725963716e-08, 1.37177007531e-08],
        "min": [2.17510720546e-09, 1.28568586888e-08, 1.0068123002e-09, 1.35110989063e-09, 6.87849706082e-08, 7.36685157321e-09, 9.57096801812e-08, 1.87658653061e-08, 5.07946936068e-07, 9.88036958915e-08, 8.96896779068e-08, 2.67167735046e-07, 1.09101665657e-06, 3.96616172793e-07, 6.44020246909e-07, 8.40481220621e-07, 4.67201061838e-06, 1.56719841016e-06, 1.31714375584e-06, 7.42575650747e-07, 3.19485224054e-07, 9.1553253867e-08, 2.29571330834e-08, 1.94240108442e-08, 7.64763008476e-09, 8.01998822908e-09, 3.67188146555e-09],
        "var": [2.04196577182e-13, 1.7682912426e-11, 1.01645146293e-12, 1.49421404069e-12, 1.11532010294e-08, 4.48157333466e-09, 4.96532607031e-07, 1.69154887431e-07, 4.83701933263e-06, 1.24298105675e-06, 3.21689685734e-06, 3.33102907462e-05, 1.10291548481e-05, 3.43455531038e-06, 5.55649330636e-06, 8.11494282971e-06, 1.09356506073e-05, 2.01772240871e-06, 1.38116058679e-06, 1.8322316464e-07, 9.00274965687e-09, 5.47257839045e-09, 5.10524456043e-10, 3.77290143572e-11, 6.25003607896e-12, 1.57197323734e-12, 6.04017568384e-14]
    },
    "erbbands": {
        "dmean": [0.00010998158541, 0.000798396766186, 0.0011482858099, 0.0016423423076, 0.0192962922156, 0.0860173255205, 0.0762415602803, 0.203482761979, 1.94991242886, 4.01152706146, 2.60870146751, 18.1563110352, 14.7305164337, 21.835849762, 26.3949890137, 107.473800659, 74.7708053589, 44.8215293884, 45.4197731018, 89.2407150269, 81.6855316162, 84.621711731, 42.1055831909, 30.0930423737, 20.4438171387, 10.0040187836, 4.02926588058, 1.41691195965, 1.34090387821, 0.50880074501, 0.307657718658, 0.114690199494, 0.0398566499352, 0.017531754449, 0.00771846389398, 0.00354823376983, 0.000933612172958, 0.000188273013919, 2.92864478979e-05, 1.40929341796e-05],
        "dmean2": [0.000196593871806, 0.00143755949102, 0.00210294569843, 0.00299242557958, 0.0342703908682, 0.148484066129, 0.138014048338, 0.319657772779, 3.3191883564, 6.83970785141, 4.2174282074, 28.0747509003, 23.8299999237, 35.9185218811, 42.9092178345, 179.355880737, 122.263916016, 75.1985168457, 76.7552337646, 146.756088257, 137.514785767, 139.251602173, 71.2809448242, 50.2483673096, 35.4687385559, 18.1912212372, 7.16708278656, 2.5745947361, 2.41325616837, 0.920766174793, 0.574993133545, 0.214803487062, 0.0750115290284, 0.0330682769418, 0.0147324986756, 0.00685413181782, 0.00179916026536, 0.000360047386494, 5.41215886187e-05, 2.33547525568e-05],
        "dvar": [1.8021335535e-08, 1.15673833534e-06, 2.78506695395e-06, 1.60460076586e-05, 0.0113943070173, 0.183646440506, 0.101395726204, 0.288321048021, 43.2387580872, 159.415039062, 18.866394043, 1721.70129395, 1278.12390137, 4571.58886719, 2757.73779297, 57702.6953125, 20754.7324219, 6102.30029297, 6345.06933594, 19301.4023438, 17174.9648438, 29084.40625, 6048.16113281, 4500.15478516, 1951.54187012, 372.7578125, 55.4748420715, 5.90871238708, 18.4482517242, 1.68624103069, 0.492529720068, 0.05531001091, 0.00707708019763, 0.00146454805508, 0.000362682185369, 0.000103800040961, 6.53180404697e-06, 2.19001080382e-07, 3.75842690303e-09, 2.27778962358e-10],
        "dvar2": [5.06464878924e-08, 3.39163352692e-06, 7.89431305748e-06, 4.64583790745e-05, 0.0318065583706, 0.491827368736, 0.292802125216, 0.649759829044, 108.994369507, 424.05770874, 50.0926856995, 3986.34082031, 3271.03491211, 11453.3222656, 6802.57373047, 145804.71875, 52131.890625, 15142.5263672, 15655.796875, 48105.140625, 47009.3828125, 78326.9375, 16178.671875, 10429.4130859, 5190.96533203, 1109.39147949, 149.7318573, 16.8844394684, 55.0954055786, 4.80852985382, 1.46556091309, 0.156929969788, 0.0203041788191, 0.00429151207209, 0.00109547260217, 0.000316571589792, 1.9602044631e-05, 6.48326988539e-07, 1.0838985709e-08, 5.69500835379e-10],
        "max": [0.000792231643572, 0.00702836131677, 0.0108188083395, 0.057662460953, 1.89429414272, 7.52485609055, 4.36206245422, 5.14856719971, 62.16040802, 170.036346436, 52.4878234863, 606.786437988, 307.367645264, 730.457275391, 626.199890137, 1674.02819824, 1161.48327637, 659.127258301, 534.04284668, 1192.42822266, 1034.49267578, 1465.72839355, 599.346801758, 722.487854004, 387.137329102, 177.59916687, 66.1727981567, 16.6047859192, 40.1279067993, 15.6487226486, 7.7340221405, 1.72926616669, 0.6345307827, 0.267282664776, 0.148519590497, 0.0945079922676, 0.0182349048555, 0.00379167404026, 0.000525565526914, 7.29227249394e-05],
        "mean": [9.90436237771e-05, 0.000643859966658, 0.000879951985553, 0.00137671898119, 0.0211762823164, 0.116310447454, 0.066316857934, 0.306057840586, 2.34829854965, 4.40887212753, 4.15260887146, 26.5092563629, 17.5149364471, 20.2495536804, 30.0362815857, 121.981513977, 74.0789794922, 42.2841567993, 44.4576225281, 99.0001678467, 82.3046875, 87.3766326904, 41.8955307007, 30.9064102173, 18.8214759827, 7.73402738571, 3.28857421875, 1.08281004429, 0.981843471527, 0.375463545322, 0.20789308846, 0.0753164887428, 0.0255599357188, 0.0110280606896, 0.0049011153169, 0.00223771296442, 0.00061727251159, 0.000131243476062, 2.38655993599e-05, 1.81364466698e-05],
        "median": [5.38848580618e-05, 0.00026553592761, 0.00029254425317, 0.000399648793973, 0.00195194862317, 0.00554325757548, 0.00969444774091, 0.0208642035723, 0.164164155722, 0.406116425991, 1.68030512333, 4.71263980865, 2.52648305893, 2.34534215927, 4.89249849319, 17.6533584595, 15.8933725357, 8.83817100525, 12.4366397858, 25.0337200165, 23.8629608154, 19.7625312805, 11.6429986954, 6.47774362564, 4.0321059227, 1.91711044312, 0.684971392155, 0.208970800042, 0.108869239688, 0.0483688265085, 0.0243355836719, 0.00838529597968, 0.00230925530195, 0.000895776378457, 0.000429051375249, 0.000209906429518, 9.02134706848e-05, 2.56488128798e-05, 7.93385697762e-06, 1.00976048998e-05],
        "min": [4.73468361406e-07, 3.18317256642e-06, 9.75840430328e-06, 8.82745280251e-06, 5.20179455634e-05, 0.000220786459977, 0.000310756644467, 0.000154356355779, 0.00116153003182, 0.00108863553032, 0.00320939510129, 0.0168939884752, 0.00939632486552, 0.00548116210848, 0.0286302659661, 0.0964985415339, 0.0683417469263, 0.163676723838, 0.131828919053, 0.0734905973077, 0.0667672455311, 0.467324733734, 0.237556308508, 0.136651337147, 0.071788854897, 0.0321817286313, 0.0319369696081, 0.0125231817365, 0.00397184723988, 0.00142442295328, 0.000720946874935, 0.000518396962434, 0.000162235941389, 8.74082106748e-05, 5.30080833414e-05, 2.66584229394e-05, 1.55073466885e-05, 4.52174617749e-06, 7.55558346555e-07, 1.7230973981e-07],
        "var": [1.58538053796e-08, 8.87894429979e-07, 1.98739962798e-06, 1.12582683869e-05, 0.0117491008714, 0.315596222878, 0.0645446553826, 0.50161164999, 57.3964309692, 158.165664673, 31.813041687, 3883.95996094, 1570.63012695, 4442.61230469, 3346.56445312, 71572.6875, 23099.8027344, 6519.74804688, 6425.65966797, 25830.3339844, 17177.4746094, 28401.0742188, 5475.57128906, 5746.80126953, 1701.82336426, 265.959442139, 44.9575576782, 4.54768705368, 13.4117794037, 1.18168079853, 0.317775607109, 0.0360989607871, 0.00437706662342, 0.000919283716939, 0.000219978333917, 6.05747482041e-05, 3.82426151191e-06, 1.28730519577e-07, 2.41539921397e-09, 3.43459510832e-10]
    },
    "gfcc": {
        "mean": [-146.021759033, 51.9712753296, -244.958068848, -9.80181884766, -37.4704971313, -5.01491785049, -15.553355217, 10.9860877991, -2.8314011097, 1.31365549564, -6.90026473999, -1.73886787891, -8.7130613327],
        "cov": [[4597.21582031, -489.240509033, -365.196746826, 57.6383476257, -169.885055542, 113.107658386, -167.2681427, -43.2634925842, 30.0554561615, -22.2214946747, 157.538345337, -86.6417388916, 16.3253154755], [-489.240509033, 1180.93103027, 91.6813278198, -581.589660645, -107.251914978, -253.361999512, -56.971786499, -250.03074646, -25.1432723999, -6.15455722809, 112.500816345, 99.6099777222, 213.215026855], [-365.196746826, 91.6813278198, 456.893737793, 101.142684937, -103.764129639, 73.9723587036, -83.9753341675, -78.631401062, -161.400588989, 29.5026569366, -81.1276931763, 81.560585022, 29.9797439575], [57.6383476257, -581.589660645, 101.142684937, 562.330200195, 90.0599746704, 137.45401001, 37.3499679565, 108.195777893, -35.7533187866, -8.92347621918, -107.234367371, -48.7616539001, -117.911514282], [-169.885055542, -107.251914978, -103.764129639, 90.0599746704, 208.156768799, 32.2072715759, 73.2089614868, 68.3786697388, 37.3674354553, -19.5630836487, -9.84831428528, -51.1118774414, -37.7309417725], [113.107658386, -253.361999512, 73.9723587036, 137.45401001, 32.2072715759, 204.007064819, 55.037853241, 15.7327594757, -50.7613792419, 16.4488277435, -30.4195957184, 2.21623206139, -31.7004680634], [-167.2681427, -56.971786499, -83.9753341675, 37.3499679565, 73.2089614868, 55.037853241, 152.882354736, 75.4502716064, 30.293592453, -22.6385669708, -22.271604538, -18.483007431, -10.7376289368], [-43.2634925842, -250.03074646, -78.631401062, 108.195777893, 68.3786697388, 15.7327594757, 75.4502716064, 211.740921021, 102.134780884, -5.9491724968, -39.7029075623, -62.8773765564, -61.0829086304], [30.0554561615, -25.1432723999, -161.400588989, -35.7533187866, 37.3674354553, -50.7613792419, 30.293592453, 102.134780884, 173.574295044, 41.3131790161, 30.7192630768, -58.6475906372, -34.769618988], [-22.2214946747, -6.15455722809, 29.5026569366, -8.92347621918, -19.5630836487, 16.4488277435, -22.6385669708, -5.9491724968, 41.3131790161, 114.63142395, 54.8569374084, 14.1650629044, -17.2240371704], [157.538345337, 112.500816345, -81.1276931763, -107.234367371, -9.84831428528, -30.4195957184, -22.271604538, -39.7029075623, 30.7192630768, 54.8569374084, 150.791473389, 57.2419242859, 16.2051200867], [-86.6417388916, 99.6099777222, 81.560585022, -48.7616539001, -51.1118774414, 2.21623206139, -18.483007431, -62.8773765564, -58.6475906372, 14.1650629044, 57.2419242859, 142.598770142, 64.2527084351], [16.3253154755, 213.215026855, 29.9797439575, -117.911514282, -37.7309417725, -31.7004680634, -10.7376289368, -61.0829086304, -34.769618988, -17.2240371704, 16.2051200867, 64.2527084351, 124.636940002]],
        "icov": [[0.000368471984984, 1.81691211765e-05, 0.000565226422623, -0.000240033856244, 0.000595466874074, -0.000694667804055, 0.000784629955888, -0.000165455116075, 0.000159976189025, 0.000326536654029, -0.000611425726674, 0.00060586159816, -0.000595377816353], [1.81691211765e-05, 0.00638573663309, -0.00642617000267, 0.00405254727229, -0.00164828938432, 0.00629079109058, -0.0060404278338, 0.00660866545513, -0.00437785917893, 0.00300855282694, -0.00444889441133, 0.00341442553326, -0.00371460407041], [0.000565226422623, -0.00642617000267, 0.0137354759499, -0.00467276480049, 0.00354222720489, -0.00797410309315, 0.00990160088986, -0.00822630617768, 0.00967601593584, -0.00750389462337, 0.00875618495047, -0.00543762557209, 0.00238727545366], [-0.000240033856244, 0.00405254727229, -0.00467276480049, 0.00603504478931, -0.00254544359632, 0.00332266651094, -0.00363902305253, 0.00300546200015, -0.00193251168821, 0.00137921259739, -0.000689840409905, 0.000762623501942, 0.000514144951012], [0.000595466874074, -0.00164828938432, 0.00354222720489, -0.00254544359632, 0.00848529860377, -0.00309777562506, 0.000655667798128, -0.0024808915332, 0.00174307136331, 0.000472655694466, -0.00115797913168, 0.00191390141845, -0.00018146194634], [-0.000694667804055, 0.00629079109058, -0.00797410309315, 0.00332266651094, -0.00309777562506, 0.0158553645015, -0.0113080833107, 0.00669758487493, -0.00103007152211, -0.000878000515513, -0.00310501665808, 0.00262659881264, -0.00156509538647], [0.000784629955888, -0.0060404278338, 0.00990160088986, -0.00363902305253, 0.000655667798128, -0.0113080833107, 0.0193292163312, -0.00984515342861, 0.00454095192254, -0.00158660754096, 0.0056478609331, -0.00439575035125, 0.00114806450438], [-0.000165455116075, 0.00660866545513, -0.00822630617768, 0.00300546200015, -0.0024808915332, 0.00669758487493, -0.00984515342861, 0.017690224573, -0.0123919351026, 0.00565759791061, -0.00308153079823, 0.00274610309862, -0.00137777626514], [0.000159976189025, -0.00437785917893, 0.00967601593584, -0.00193251168821, 0.00174307136331, -0.00103007152211, 0.00454095192254, -0.0123919351026, 0.0223695803434, -0.011729282327, 0.00339685822837, 0.00103233917616, 0.00154192280024], [0.000326536654029, 0.00300855282694, -0.00750389462337, 0.00137921259739, 0.000472655694466, -0.000878000515513, -0.00158660754096, 0.00565759791061, -0.011729282327, 0.0200634580106, -0.0104815028608, 0.00276065547951, -8.3741513663e-05], [-0.000611425726674, -0.00444889441133, 0.00875618495047, -0.000689840409905, -0.00115797913168, -0.00310501665808, 0.0056478609331, -0.00308153079823, 0.00339685822837, -0.0104815028608, 0.0212644189596, -0.0122114047408, 0.00579760130495], [0.00060586159816, 0.00341442553326, -0.00543762557209, 0.000762623501942, 0.00191390141845, 0.00262659881264, -0.00439575035125, 0.00274610309862, 0.00103233917616, 0.00276065547951, -0.0122114047408, 0.0188134908676, -0.00911789108068], [-0.000595377816353, -0.00371460407041, 0.00238727545366, 0.000514144951012, -0.00018146194634, -0.00156509538647, 0.00114806450438, -0.00137777626514, 0.00154192280024, -8.3741513663e-05, 0.00579760130495, -0.00911789108068, 0.0177038908005]]
    },
    "melbands": {
        "dmean": [9.94967876977e-07, 7.57483235247e-07, 4.82274856495e-07, 3.9610335989e-06, 2.92302661364e-06, 4.73580212201e-06, 3.31538249156e-05, 4.16210641561e-05, 2.72160905297e-05, 0.000122690966236, 7.03304249328e-05, 8.25268725748e-05, 7.90375997894e-05, 0.000274987105513, 0.000144467921928, 0.000190067425137, 7.33707856853e-05, 7.5513664342e-05, 0.000101870253275, 0.000130424668896, 0.000103192476672, 8.51002114359e-05, 6.9119843829e-05, 3.24901557178e-05, 2.43396534643e-05, 2.13047205762e-05, 9.58073633228e-06, 5.49998640054e-06, 2.9751636248e-06, 1.37050903959e-06, 6.68528002734e-07, 8.01873170531e-07, 4.76037826047e-07, 2.37415250126e-07, 1.87408019769e-07, 1.14277739272e-07, 5.20916607627e-08, 3.03139664481e-08, 1.8128293533e-08, 1.34269964036e-08],
        "dmean2": [1.79078017482e-06, 1.37054189508e-06, 8.9295667749e-07, 6.82269910612e-06, 5.30637998963e-06, 7.39111192161e-06, 5.63560861337e-05, 7.14780835551e-05, 4.30888721894e-05, 0.000190295890206, 0.000114360758744, 0.000135176131153, 0.000127445877297, 0.000463141564978, 0.000236136635067, 0.00031741001294, 0.000123330013594, 0.000129769658088, 0.000171487801708, 0.000211563630728, 0.000176108456799, 0.000141714248457, 0.000113919166324, 5.61899869354e-05, 4.02523837693e-05, 3.6720859498e-05, 1.73542030097e-05, 1.00626866697e-05, 5.36057359568e-06, 2.50130528912e-06, 1.22794210711e-06, 1.4535870605e-06, 8.52825110087e-07, 4.36535742665e-07, 3.5188639913e-07, 2.14188503378e-07, 9.77546577019e-08, 5.72600740156e-08, 3.42820207777e-08, 2.54957495116e-08],
        "dvar": [1.56456802809e-12, 1.08339736921e-12, 3.50282368215e-12, 4.44542652689e-10, 1.39509653829e-10, 1.65189001367e-10, 1.25801991047e-08, 1.86776567546e-08, 2.19043849725e-09, 7.91095189356e-08, 3.01256477542e-08, 6.8037159906e-08, 4.67119143366e-08, 3.93277929334e-07, 7.38769898589e-08, 1.60100896096e-07, 2.43306921277e-08, 2.36895871808e-08, 4.0490480302e-08, 5.93332991627e-08, 4.29445101702e-08, 2.61338310992e-08, 2.21193854344e-08, 8.27095369971e-09, 3.61213126077e-09, 2.45021869461e-09, 9.20329645826e-10, 1.01544016251e-10, 4.35858224512e-11, 7.4638333708e-12, 1.86129041867e-12, 6.68878147314e-12, 2.220082191e-12, 8.17095143716e-13, 1.71668709521e-13, 7.22227182573e-14, 1.28449725831e-14, 4.66084410853e-15, 1.63890350909e-15, 1.10641974081e-15],
        "dvar2": [4.43335602604e-12, 3.12999452745e-12, 1.03672227053e-11, 1.19376142305e-09, 3.98439808924e-10, 3.55850682254e-10, 3.17923536386e-08, 5.0093003523e-08, 5.59880097839e-09, 1.83656425179e-07, 7.70629569047e-08, 1.68939081391e-07, 1.14795909667e-07, 9.97934876068e-07, 1.73804480141e-07, 4.10325355915e-07, 5.79961216829e-08, 5.7372425033e-08, 1.04888897567e-07, 1.4975417173e-07, 1.15924258637e-07, 7.06149521079e-08, 5.90200137651e-08, 2.28174883432e-08, 8.04189781434e-09, 6.32785024379e-09, 2.64683719386e-09, 2.99224700573e-10, 1.19682458388e-10, 2.10602525003e-11, 5.35913631181e-12, 1.98761909709e-11, 6.52475252647e-12, 2.31049272596e-12, 5.06718690445e-13, 2.11882865853e-13, 3.66364619577e-14, 1.34002924656e-14, 4.61402944457e-15, 3.32038630565e-15],
        "max": [7.79641868576e-06, 6.45192267257e-06, 2.82395030808e-05, 0.000379013305064, 0.00013471452985, 0.000138547125971, 0.00111282744911, 0.00199161795899, 0.000405869621318, 0.0040413714014, 0.00147906329948, 0.00275583635084, 0.00252320175059, 0.00468385964632, 0.00357436318882, 0.00298494962044, 0.00165594532155, 0.00125514005776, 0.00199838308617, 0.00213898904622, 0.00164645991754, 0.00152217014693, 0.00143855076749, 0.000851632212289, 0.000706409395207, 0.000451208936283, 0.000424538971856, 7.36619913368e-05, 6.97471550666e-05, 3.15183206112e-05, 1.06424877231e-05, 2.23400529649e-05, 1.66627905855e-05, 1.35149957714e-05, 4.03250123782e-06, 2.76991363535e-06, 8.3864830458e-07, 5.30151453404e-07, 3.98142901759e-07, 2.76737409877e-07],
        "mean": [8.9980028406e-07, 6.10767301623e-07, 3.639067927e-07, 5.25482391822e-06, 2.8569756978e-06, 7.0730529842e-06, 3.95411225327e-05, 4.53120337625e-05, 4.19999778387e-05, 0.00017481156101, 7.92234568507e-05, 7.49028768041e-05, 7.06464561517e-05, 0.000318849342875, 0.000160012903507, 0.000171853593201, 6.61662706989e-05, 6.8049885158e-05, 0.000101104131318, 0.000140937932883, 9.4967399491e-05, 8.62847955432e-05, 7.06263090251e-05, 2.60841552517e-05, 2.4327855499e-05, 2.03016661544e-05, 6.73519389238e-06, 4.28858947998e-06, 2.31830608755e-06, 1.07258028947e-06, 4.83929682105e-07, 5.79449817906e-07, 3.50835478002e-07, 1.74822687882e-07, 1.25003012386e-07, 7.55575442213e-08, 3.35444738653e-08, 1.91002165195e-08, 1.14822622521e-08, 8.35876523553e-09],
        "median": [4.66924632292e-07, 2.39717508066e-07, 1.05033848286e-07, 2.65782432507e-07, 2.83861737671e-07, 3.72386381287e-07, 2.62269327322e-06, 4.29301553595e-06, 1.09029670057e-05, 3.22655650962e-05, 7.41077383282e-06, 5.42406951354e-06, 5.2386058087e-06, 3.71571295545e-05, 3.39055914083e-05, 1.94660369743e-05, 8.55844336911e-06, 1.06795469037e-05, 1.72108830157e-05, 2.70687069133e-05, 1.471325686e-05, 1.66070567502e-05, 1.13211353892e-05, 5.04722447658e-06, 2.90417210635e-06, 2.98477652905e-06, 9.56095163929e-07, 1.10812288767e-06, 4.33618765783e-07, 2.04504289059e-07, 8.00633017661e-08, 5.47388481209e-08, 3.89398664424e-08, 2.13110968872e-08, 1.47964964725e-08, 7.79178410681e-09, 3.57538043616e-09, 1.55814738889e-09, 9.37141475532e-10, 6.45537956423e-10],
        "min": [9.18898468427e-09, 4.50454207268e-09, 1.34201483259e-09, 5.77444669858e-09, 1.25014949504e-08, 1.39352973605e-09, 1.37168818526e-08, 9.10222652806e-09, 2.55654413195e-08, 9.57992796202e-08, 2.57711540996e-08, 1.62920166247e-08, 1.63398912179e-08, 2.17997246921e-08, 1.01005184661e-07, 1.1532202393e-07, 1.75024453597e-07, 3.61516718783e-08, 6.6971772128e-08, 4.10615683677e-08, 5.31295327733e-08, 2.31564243336e-07, 1.62470456644e-07, 7.38519005949e-08, 8.37598008729e-08, 4.31842934745e-08, 1.64789604185e-08, 1.02942880886e-08, 2.07621351223e-08, 9.8467571874e-09, 4.54033877162e-09, 2.12063544502e-09, 1.05533348727e-09, 5.15368137055e-10, 4.2303055503e-10, 3.71289970991e-10, 2.39661512857e-10, 8.62062990437e-11, 6.06380570756e-11, 5.52157000677e-11],
        "var": [1.32127544582e-12, 8.14909663187e-13, 1.93607521508e-12, 6.92502333255e-10, 1.15487897023e-10, 3.06912301129e-10, 1.64205786746e-08, 1.7506627259e-08, 4.56565274476e-09, 1.73569901563e-07, 3.61084389056e-08, 6.7648301183e-08, 4.3883883194e-08, 5.13195629992e-07, 9.44115825519e-08, 1.63236961725e-07, 2.68432529538e-08, 2.36941843923e-08, 4.08274161146e-08, 7.22995778801e-08, 3.90207297585e-08, 2.52667611278e-08, 2.16246522911e-08, 5.90342530415e-09, 4.76641748293e-09, 2.31421037888e-09, 5.75800740421e-10, 7.40831979096e-11, 3.25036386695e-11, 5.30058896081e-12, 1.35140791786e-12, 4.70784652581e-12, 1.70205375401e-12, 5.31082881665e-13, 1.08959526514e-13, 4.80843189159e-14, 8.0128359663e-15, 2.80522319647e-15, 1.03475969468e-15, 6.62142542588e-16]
    },
    "mfcc": {
        "mean": [-763.407836914, 91.1644210815, -124.970001221, -4.64266490936, -16.393239975, -8.70096969604, -6.65660429001, 7.25341701508, 4.47741222382, 8.3670797348, 5.43696880341, 11.0379619598, 5.7198009491],
        "cov": [[4749.91503906, -440.665466309, -308.515991211, -75.744354248, -139.113601685, 80.930267334, -169.207199097, -7.06642389297, -196.802764893, 13.3669719696, -67.6723175049, 93.0107650757, 135.744674683], [-440.665466309, 1299.59448242, 40.3818283081, -392.353515625, -129.98991394, -169.460540771, -102.711029053, -276.805847168, -64.5700378418, -227.00567627, -141.975143433, -55.403301239, -15.154209137], [-308.515991211, 40.3818283081, 390.626037598, 5.07201910019, -5.85331058502, 70.9106216431, 18.0350055695, -75.5455703735, -22.0135803223, -66.2666015625, -67.2397613525, -110.141235352, -70.2095489502], [-75.744354248, -392.353515625, 5.07201910019, 306.338592529, 92.5477371216, 56.8741188049, 51.5474281311, 101.856636047, 39.587097168, 75.2889556885, 56.2356300354, -10.9799833298, -26.5587158203], [-139.113601685, -129.98991394, -5.85331058502, 92.5477371216, 127.193031311, 18.1361503601, 16.009016037, 13.2811794281, -3.69420671463, 43.4113426208, 29.463300705, 20.8772468567, -9.70686626434], [80.930267334, -169.460540771, 70.9106216431, 56.8741188049, 18.1361503601, 186.904632568, 68.4000396729, 6.84103059769, -16.1051673889, -27.6346759796, 0.825685501099, 2.61660265923, 1.30290496349], [-169.207199097, -102.711029053, 18.0350055695, 51.5474281311, 16.009016037, 68.4000396729, 130.42906189, 61.758266449, 29.0052070618, -1.71391487122, -1.17277872562, -13.0728521347, -12.1980104446], [-7.06642389297, -276.805847168, -75.5455703735, 101.856636047, 13.2811794281, 6.84103059769, 61.758266449, 198.467941284, 81.4842681885, 67.5126647949, 31.3645000458, -13.4089822769, 2.51024961472], [-196.802764893, -64.5700378418, -22.0135803223, 39.587097168, -3.69420671463, -16.1051673889, 29.0052070618, 81.4842681885, 132.725875854, 66.4825897217, 11.922952652, -17.6492347717, -31.2743473053], [13.3669719696, -227.00567627, -66.2666015625, 75.2889556885, 43.4113426208, -27.6346759796, -1.71391487122, 67.5126647949, 66.4825897217, 204.625778198, 93.8100280762, 23.5680007935, -22.9545898438], [-67.6723175049, -141.975143433, -67.2397613525, 56.2356300354, 29.463300705, 0.825685501099, -1.17277872562, 31.3645000458, 11.922952652, 93.8100280762, 146.331848145, 58.1549415588, -20.2686042786], [93.0107650757, -55.403301239, -110.141235352, -10.9799833298, 20.8772468567, 2.61660265923, -13.0728521347, -13.4089822769, -17.6492347717, 23.5680007935, 58.1549415588, 172.735061646, 111.787704468], [135.744674683, -15.154209137, -70.2095489502, -26.5587158203, -9.70686626434, 1.30290496349, -12.1980104446, 2.51024961472, -31.2743473053, -22.9545898438, -20.2686042786, 111.787704468, 221.175689697]],
