{
"lowlevel": {
    "average_loudness": 0.987326323986,
    "barkbands_crest": {
        "dmean": 1.51224315166,
        "dmean2": 2.3464679718,
        "dvar": 1.44566333294,
        "dvar2": 3.20075559616,
        "max": 23.4417362213,
        "mean": 13.7954912186,
        "median": 13.8895225525,
        "min": 4.65243530273,
        "var": 17.2562427521
    },
    "barkbands_flatness_db": {
        "dmean": 0.00892355944961,
        "dmean2": 0.0139445364475,
        "dvar": 6.55620169709e-05,
        "dvar2": 0.000140146992635,
        "max": 0.26050722599,
        "mean": 0.199407398701,
        "median": 0.199395120144,
        "min": 0.0866400003433,
        "var": 0.000735806068406
    },
    "barkbands_kurtosis": {
        "dmean": 0.613819777966,
        "dmean2": 0.915276408195,
        "dvar": 0.639116644859,
        "dvar2": 1.25585138798,
        "max": 13.2042636871,
        "mean": 0.0386714972556,
        "median": -0.625992894173,
        "min": -1.80933022499,
        "var": 4.2658367157
    },
    "barkbands_skewness": {
        "dmean": 0.258328080177,
        "dmean2": 0.380931764841,
        "dvar": 0.0427843369544,
        "dvar2": 0.089682713151,
        "max": 3.39003014565,
        "mean": 0.908031046391,
        "median": 0.855201661587,
        "min": -1.35067820549,
        "var": 0.557289421558
    },
    "barkbands_spread": {
        "dmean": 2.75879859924,
        "dmean2": 4.2612118721,
        "dvar": 4.79388380051,
        "dvar2": 11.0302743912,
        "max": 43.851146698,
        "mean": 27.9971389771,
        "median": 28.6110115051,
        "min": 8.070561409,
        "var": 50.1293907166
    },
    "dissonance": {
        "dmean": 0.0140133025125,
        "dmean2": 0.0244960971177,
        "dvar": 0.000155654124683,
        "dvar2": 0.00045810098527,
        "max": 0.499483287334,
        "mean": 0.478353500366,
        "median": 0.482131004333,
        "min": 0.404680460691,
        "var": 0.000242029578658
    },
    "dynamic_complexity": 0.991585314274,
    "erbbands_crest": {
        "dmean": 1.68298864365,
        "dmean2": 2.61362051964,
        "dvar": 2.1506960392,
        "dvar2": 5.49594449997,
        "max": 23.0057239532,
        "mean": 9.77710151672,
        "median": 9.09505081177,
        "min": 4.16755485535,
        "var": 11.3736076355
    },
    "erbbands_flatness_db": {
        "dmean": 0.0105369491503,
        "dmean2": 0.0158985070884,
        "dvar": 7.33572233003e-05,
        "dvar2": 0.000163615637575,
        "max": 0.321789771318,
        "mean": 0.234155610204,
        "median": 0.233966171741,
        "min": 0.137564972043,
        "var": 0.000529141689185
    },
    "erbbands_kurtosis": {
        "dmean": 1.00552427769,
        "dmean2": 1.56390953064,
        "dvar": 1.32248163223,
        "dvar2": 3.09454083443,
        "max": 20.3690567017,
        "mean": 1.39920127392,
        "median": 0.733884572983,
        "min": -1.42291939259,
        "var": 6.03037691116
    },
    "erbbands_skewness": {
        "dmean": 0.273070842028,
        "dmean2": 0.422748446465,
        "dvar": 0.0430871918797,
        "dvar2": 0.101854771376,
        "max": 0.997189939022,
        "mean": -0.7592664361,
        "median": -0.780030786991,
        "min": -2.59197306633,
        "var": 0.359169840813
    },
    "erbbands_spread": {
        "dmean": 3.65267300606,
        "dmean2": 5.68844461441,
        "dvar": 8.77271747589,
        "dvar2": 22.0394134521,
        "max": 56.8043060303,
        "mean": 22.3480415344,
        "median": 21.4693069458,
        "min": 3.93504333496,
        "var": 67.0913391113
    },
    "hfc": {
        "dmean": 4.93588018417,
        "dmean2": 7.37812948227,
        "dvar": 21.9363193512,
        "dvar2": 47.0874290466,
        "max": 98.0111694336,
        "mean": 32.8871574402,
        "median": 30.0171432495,
        "min": 7.9079003334,
        "var": 183.287353516
    },
    "melbands_crest": {
        "dmean": 1.63748669624,
        "dmean2": 2.67599582672,
        "dvar": 2.03254938126,
        "dvar2": 5.09012508392,
        "max": 25.5835514069,
        "mean": 17.5137271881,
        "median": 18.1021270752,
        "min": 6.28080272675,
        "var": 15.4535608292
    },
    "melbands_flatness_db": {
        "dmean": 0.0106981378049,
        "dmean2": 0.016270454973,
        "dvar": 8.64086177899e-05,
        "dvar2": 0.000176879068022,
        "max": 0.347810149193,
        "mean": 0.266825765371,
        "median": 0.266124904156,
        "min": 0.156732991338,
        "var": 0.00125099276192
    },
    "melbands_kurtosis": {
        "dmean": 2.05401587486,
        "dmean2": 3.08763670921,
        "dvar": 5.94618940353,
        "dvar2": 13.7437238693,
        "max": 39.5833129883,
        "mean": 5.22050094604,
        "median": 3.35572576523,
        "min": -1.82019889355,
        "var": 40.4890594482
    },
    "melbands_skewness": {
        "dmean": 0.374550551176,
        "dmean2": 0.55998724699,
        "dvar": 0.09388653934,
        "dvar2": 0.226326301694,
        "max": 5.50106668472,
        "mean": 2.16682314873,
        "median": 2.06493330002,
        "min": -0.242770120502,
        "var": 1.03021633625
    },
    "melbands_spread": {
        "dmean": 4.42040967941,
        "dmean2": 6.63495826721,
        "dvar": 14.1657924652,
        "dvar2": 29.5948162079,
        "max": 68.5976486206,
        "mean": 30.2939662933,
        "median": 28.8759918213,
        "min": 5.29998445511,
        "var": 171.225570679
    },
    "pitch_salience": {
        "dmean": 0.0355752408504,
        "dmean2": 0.0579581521451,
        "dvar": 0.000897010031622,
        "dvar2": 0.00241421652026,
        "max": 0.648053526878,
        "mean": 0.380712121725,
        "median": 0.38353356719,
        "min": 0.158440440893,
        "var": 0.00465055834502
    },
    "silence_rate_20dB": {
        "dmean": 0,
        "dmean2": 0,
        "dvar": 0,
        "dvar2": 0,
        "max": 1,
        "mean": 1,
        "median": 1,
        "min": 1,
        "var": 0
    },
    "silence_rate_30dB": {
        "dmean": 0,
        "dmean2": 0,
        "dvar": 0,
        "dvar2": 0,
        "max": 1,
        "mean": 1,
        "median": 1,
        "min": 1,
        "var": 0
    },
    "silence_rate_60dB": {
        "dmean": 0,
        "dmean2": 0,
        "dvar": 0,
        "dvar2": 0,
        "max": 0,
        "mean": 0,
        "median": 0,
        "min": 0,
        "var": 0
    },
    "spectral_centroid": {
        "dmean": 144.191345215,
        "dmean2": 234.904586792,
        "dvar": 13669.8779297,
        "dvar2": 36974.2734375,
        "max": 2441.96728516,
        "mean": 1651.953125,
        "median": 1685.88098145,
        "min": 832.67956543,
        "var": 89678.7265625
    },
    "spectral_complexity": {
        "dmean": 1.97933232784,
        "dmean2": 3.33598732948,
        "dvar": 2.44630932808,
        "dvar2": 6.56705236435,
        "max": 31,
        "mean": 21.9825401306,
        "median": 22,
        "min": 14,
        "var": 10.3758993149
    },
    "spectral_decrease": {
        "dmean": 1.54340740188e-09,
        "dmean2": 2.51134135709e-09,
        "dvar": 1.57711175828e-18,
        "dvar2": 4.34801119698e-18,
        "max": -5.61693180856e-09,
        "mean": -1.2607629607e-08,
        "median": -1.24546506441e-08,
        "min": -1.92930791343e-08,
        "var": 4.71562184172e-18
    },
    "spectral_energy": {
        "dmean": 0.00609680218622,
        "dmean2": 0.00990857742727,
        "dvar": 2.50222001341e-05,
        "dvar2": 6.86754865455e-05,
        "max": 0.0796245336533,
        "mean": 0.0505669414997,
        "median": 0.0501619726419,
        "min": 0.0240115243942,
        "var": 7.10354652256e-05
    },
    "spectral_energyband_high": {
        "dmean": 4.65511729999e-05,
        "dmean2": 7.55912042223e-05,
        "dvar": 3.26114224514e-09,
        "dvar2": 8.53123527378e-09,
        "max": 0.000772014085669,
        "mean": 0.00017666486383,
        "median": 0.000158344220836,
        "min": 2.25866533583e-05,
        "var": 9.99662930212e-09
    },
    "spectral_energyband_low": {
        "dmean": 0.00429023848847,
        "dmean2": 0.00645413808525,
        "dvar": 1.13757250801e-05,
        "dvar2": 2.4778801162e-05,
        "max": 0.0552238672972,
        "mean": 0.0257846713066,
        "median": 0.0258585885167,
        "min": 0.00168437382672,
        "var": 0.000103983758891
    },
    "spectral_energyband_middle_high": {
        "dmean": 0.00256797671318,
        "dmean2": 0.00375289516523,
        "dvar": 6.90140313964e-06,
        "dvar2": 1.30418347908e-05,
        "max": 0.056373000145,
        "mean": 0.0134955057874,
        "median": 0.0114885549992,
        "min": 0.00153610878624,
        "var": 6.13056472503e-05
    },
    "spectral_energyband_middle_low": {
        "dmean": 0.00347531307489,
        "dmean2": 0.00595864420757,
        "dvar": 9.95858954411e-06,
        "dvar2": 2.68449257419e-05,
        "max": 0.046678122133,
        "mean": 0.0111828194931,
        "median": 0.0092158196494,
        "min": 0.00190588936675,
        "var": 4.70570957987e-05
    },
    "spectral_entropy": {
        "dmean": 0.0820503160357,
        "dmean2": 0.141746863723,
        "dvar": 0.00479290494695,
        "dvar2": 0.0118159456179,
        "max": 7.97337055206,
        "mean": 7.08689403534,
        "median": 7.08568572998,
        "min": 6.69897937775,
        "var": 0.0175307039171
    },
    "spectral_flux": {
        "dmean": 0.0108083477244,
        "dmean2": 0.0180255174637,
        "dvar": 7.94881561887e-05,
        "dvar2": 0.000206887430977,
        "max": 0.185546159744,
        "mean": 0.0629623010755,
        "median": 0.0606784783304,
        "min": 0.0300227832049,
        "var": 0.000263211521087
    },
    "spectral_kurtosis": {
        "dmean": 4.24201965332,
        "dmean2": 7.78399753571,
        "dvar": 9.84686088562,
        "dvar2": 30.5441875458,
        "max": 21.4072360992,
        "mean": 7.67582941055,
        "median": 7.00557231903,
        "min": 1.58477449417,
        "var": 14.3088264465
    },
    "spectral_rms": {
        "dmean": 0.000429053994594,
        "dmean2": 0.000698446761817,
        "dvar": 1.27675377826e-07,
        "dvar2": 3.46275584207e-07,
        "max": 0.00881376583129,
        "mean": 0.00699874106795,
        "median": 0.00699560623616,
        "min": 0.00484002847224,
        "var": 3.51074277205e-07
    },
    "spectral_rolloff": {
        "dmean": 159.701583862,
        "dmean2": 277.565246582,
        "dvar": 56643.0195312,
        "dvar2": 117781.390625,
        "max": 3014.6484375,
        "mean": 1439.37756348,
        "median": 1636.5234375,
        "min": 86.1328125,
        "var": 302878.125
    },
    "spectral_skewness": {
        "dmean": 0.382024437189,
        "dmean2": 0.701091229916,
        "dvar": 0.0810458287597,
        "dvar2": 0.236875742674,
        "max": 2.94810724258,
        "mean": 1.41162252426,
        "median": 1.35261511803,
        "min": 0.677124619484,
        "var": 0.13671900332
    },
    "spectral_spread": {
        "dmean": 178786.390625,
        "dmean2": 295450.96875,
        "dvar": 175561342976,
        "dvar2": 206402256896,
        "max": 12653708,
        "mean": 2266926.5,
        "median": 2233169,
        "min": 1719769.625,
        "var": 228779835392
    },
    "spectral_strongpeak": {
        "dmean": 0.472756832838,
        "dmean2": 0.866089344025,
        "dvar": 2.12899684906,
        "dvar2": 5.38105487823,
        "max": 14.6069316864,
        "mean": 0.908812701702,
        "median": 0.554617643356,
        "min": 0.0872543901205,
        "var": 3.01767492294
    },
    "zerocrossingrate": {
        "dmean": 0.00377971609123,
        "dmean2": 0.00434243772179,
        "dvar": 1.05505896499e-05,
        "dvar2": 1.19451851788e-05,
        "max": 0.08251953125,
        "mean": 0.0445986799896,
        "median": 0.044921875,
        "min": 0.0087890625,
        "var": 0.0001894243469
    },
    "barkbands": {
        "dmean": [4.40616058768e-05, 0.00410561216995, 0.000305422523525, 0.000233763144934, 0.00267642154358, 6.0084497818e-05, 0.000237752639805, 5.56238483114e-05, 0.00196768832393, 0.000210041253013, 0.000258747691987, 0.000364696985343, 0.000135196969495, 0.00203325296752, 0.000657125667203, 0.000259646301856, 0.000454126566183, 0.000333835370839, 0.000161303571076, 5.26855146745e-05, 2.63982601609e-05, 5.89399314777e-06, 2.23801771426e-06, 1.19118760722e-06, 6.32528326605e-07, 1.68492840658e-06, 1.73512376023e-07],
        "dmean2": [7.46700898162e-05, 0.00621138839051, 0.000429061852628, 0.000429038889706, 0.00475629465654, 0.000105394443381, 0.000346461310983, 9.10929811653e-05, 0.00325048575178, 0.000401715573389, 0.000396824150812, 0.000645167834591, 0.000237208427279, 0.00293378136121, 0.000876736012287, 0.000390138127841, 0.000700466625858, 0.000488246500026, 0.00022745016031, 8.71898882906e-05, 3.8990725443e-05, 8.86731686478e-06, 3.89756041841e-06, 2.09821700992e-06, 1.0295462971e-06, 3.25854784933e-06, 2.95828328944e-07],
        "dvar": [7.93320520387e-09, 1.08474014269e-05, 4.04989322078e-08, 4.21413197671e-08, 7.8737784861e-06, 4.41764758108e-09, 9.40217645962e-08, 4.41284475627e-09, 3.40370570484e-06, 3.88246839123e-08, 1.2087340906e-07, 2.93439086363e-07, 2.45139482047e-08, 5.51324637854e-06, 4.83572023313e-07, 7.91723238081e-08, 2.06137485748e-07, 1.18463347576e-07, 2.44968560992e-08, 3.36247274468e-09, 6.87188084214e-10, 9.44665110025e-11, 6.34975188749e-12, 1.10048747892e-10, 4.00494290509e-11, 5.74067571257e-10, 3.52317263905e-12],
        "dvar2": [1.04134221246e-08, 2.32447710005e-05, 8.65986820031e-08, 1.25239580484e-07, 2.44458478846e-05, 1.26359136488e-08, 1.96284361209e-07, 1.12472600122e-08, 8.79889648786e-06, 1.34446977995e-07, 2.72788241773e-07, 8.7982613195e-07, 7.29983042902e-08, 9.33187493501e-06, 8.02561942237e-07, 1.57666207201e-07, 4.45454702458e-07, 2.16806455455e-07, 4.3244664738e-08, 8.92711948808e-09, 1.29909194513e-09, 2.37174335727e-10, 1.51874155613e-11, 3.1536101508e-10, 1.06460819327e-10, 1.74023684352e-09, 9.76054480295e-12],
        "max": [0.00152839871589, 0.0547427758574, 0.00141427933704, 0.00197067856789, 0.0308759305626, 0.000633910181932, 0.00900847837329, 0.00124426570255, 0.0224856808782, 0.00201227050275, 0.00859285145998, 0.00746943242848, 0.00284218299203, 0.0506633929908, 0.0109425457194, 0.00657747592777, 0.00621814327314, 0.00745614198968, 0.00293044932187, 0.000674439885188, 0.000411361223087, 0.000143235185533, 4.66178498755e-05, 0.000206231969059, 0.000136586808367, 0.000428248051321, 3.56153614121e-05],
        "mean": [5.48611096747e-05, 0.025225283578, 0.000453319895314, 0.000352216826286, 0.00490747857839, 8.36108883959e-05, 0.000703546509612, 0.000133965848363, 0.0048649343662, 0.000298696919344, 0.000930359354243, 0.000560275977477, 0.000312666787067, 0.00521452538669, 0.00254780217074, 0.000889363291208, 0.0012853895314, 0.000999182695523, 0.000503517105244, 0.000123934747535, 9.49418463279e-05, 1.87030236702e-05, 4.38425149696e-06, 1.61721186487e-06, 8.77565412338e-07, 1.08617405203e-06, 3.69369132613e-07],
        "median": [4.14554087911e-05, 0.0253511443734, 0.000431523745647, 0.000247425981797, 0.00349175161682, 5.32732956344e-05, 0.000348895031493, 9.12855393835e-05, 0.00352146360092, 0.000246285926551, 0.000568701885641, 0.000352202157956, 0.000176684174221, 0.00333410780877, 0.00179509341251, 0.000677906209603, 0.000989846070297, 0.000808215525467, 0.000405249069445, 9.96977905743e-05, 8.22544025141e-05, 1.4910572645e-05, 3.58573970516e-06, 8.95013158697e-07, 4.70910805461e-07, 1.29550045358e-07, 2.62356451231e-07],
        "min": [2.81855136564e-07, 0.00141534162685, 1.14580425361e-05, 8.07676224213e-06, 0.000150380321429, 3.61034108209e-06, 4.69427186545e-06, 4.50341394753e-06, 0.000123506863019, 1.928635902e-05, 5.77594983042e-05, 1.90148130059e-05, 4.75441765957e-06, 6.70409790473e-05, 5.07972217747e-05, 4.50915104011e-05, 6.09517737757e-05, 5.57079183636e-05, 4.46212325187e-05, 1.4906198885e-05, 7.53767426431e-06, 3.36205062013e-06, 4.97151063428e-07, 1.96493331828e-07, 9.58830810305e-08, 1.89593620803e-08, 9.63649426922e-08],
        "var": [8.35249291953e-09, 0.000103609905636, 8.23078565304e-08, 1.04822895253e-07, 2.30996047321e-05, 6.8145840082e-09, 1.16349110613e-06, 1.66169034088e-08, 1.67511534528e-05, 4.6490399086e-08, 1.25316876165e-06, 5.09184758357e-07, 1.66173151683e-07, 3.35330405505e-05, 4.80442167827e-06, 5.15893304964e-07, 9.89313207356e-07, 7.37429388664e-07, 1.55012017444e-07, 7.93759724615e-09, 3.59959839713e-09, 2.20596457767e-10, 1.32017357116e-11, 7.5606056138e-11, 3.17425530305e-11, 3.0271005147e-10, 2.19134064193e-12]
    },
    "erbbands": {
        "dmean": [0.113115005195, 0.967044711113, 0.860001683235, 0.365585327148, 6.7428612709, 9.26084041595, 0.821714639664, 0.7078140378, 1.75284659863, 3.12841272354, 3.80262112617, 60.493938446, 11.8340406418, 8.58469390869, 6.99449205399, 17.0275192261, 6.92121267319, 60.2792243958, 52.3035926819, 19.9814224243, 19.3229560852, 23.4061794281, 14.427277565, 11.1849565506, 8.13278198242, 1.91740322113, 1.06748318672, 0.9521073699, 0.233864277601, 0.0579250305891, 0.0725198090076, 0.022730756551, 0.0221936479211, 0.0058114673011, 0.00601386884227, 0.00268979882821, 0.00632050028071, 0.000447944767075, 2.00892736757e-05, 7.6080564213e-06],
        "dmean2": [0.186901599169, 1.39388251305, 1.17880809307, 0.632676899433, 11.5771856308, 16.6341838837, 1.445053339, 1.24917960167, 2.49212145805, 4.7636051178, 6.62078905106, 99.5876922607, 19.7233085632, 14.4782514572, 11.2697896957, 30.3352184296, 12.2075710297, 84.4094619751, 76.0623474121, 27.7812786102, 28.2395896912, 36.4379463196, 22.8161964417, 16.174823761, 10.9705133438, 3.21218514442, 1.60947740078, 1.3752809763, 0.355506062508, 0.0951406881213, 0.127510845661, 0.0374702401459, 0.0407103151083, 0.00928189884871, 0.0102354213595, 0.00470990501344, 0.0125090098009, 0.000851314340252, 3.27974848915e-05, 1.23531681311e-05],
        "dvar": [0.00796673819423, 0.585694789886, 0.290100485086, 0.117851607502, 55.7769203186, 86.6856918335, 0.669306218624, 0.588480710983, 5.39356613159, 15.2063360214, 11.4995441437, 3163.05859375, 108.248085022, 93.6504592896, 102.036582947, 645.383483887, 61.4966964722, 4735.3984375, 3158.59765625, 426.56036377, 413.454925537, 622.612365723, 198.682647705, 143.438873291, 80.9596557617, 4.75668668747, 1.19705116749, 0.90532130003, 0.11659386009, 0.0108702676371, 0.00683411816135, 0.00565853947774, 0.0606755502522, 0.00321913231164, 0.0039380043745, 0.000523881113622, 0.00998296868056, 2.64405389316e-05, 2.11018384988e-08, 6.20718060285e-11],
        "dvar2": [0.020531527698, 1.20305728912, 0.639677107334, 0.304999887943, 151.17414856, 273.3019104, 2.04927277565, 1.69384980202, 10.2821731567, 34.7880439758, 31.9503002167, 8093.34179688, 339.021209717, 270.242095947, 268.874511719, 1954.74975586, 189.429046631, 7787.77783203, 5963.18554688, 717.387207031, 714.519226074, 1282.94128418, 448.959747314, 254.626174927, 137.737319946, 13.1606416702, 2.41739058495, 1.82572031021, 0.296536684036, 0.024400414899, 0.0176089927554, 0.0146847730502, 0.175427779555, 0.0083900494501, 0.0107197323814, 0.00151704531163, 0.0300747230649, 7.7996730397e-05, 5.22307530559e-08, 1.44608020003e-10],
        "max": [1.51124870777, 12.9860639572, 5.60175800323, 4.7368106842, 101.89831543, 80.6033554077, 6.71507263184, 7.97922039032, 73.9540939331, 104.251266479, 38.0757484436, 676.476623535, 151.975585938, 144.174163818, 230.180633545, 344.85055542, 141.788711548, 1531.52856445, 1183.60998535, 344.346496582, 406.638793945, 368.423034668, 208.06362915, 271.178771973, 164.245956421, 27.555015564, 17.4132022858, 15.9644632339, 4.78301477432, 2.34400272369, 1.29144883156, 1.67849874496, 4.7209072113, 1.25874936581, 1.31182408333, 0.377291023731, 1.79594528675, 0.0794185549021, 0.00250328495167, 0.00017715030117],
        "mean": [0.630938887596, 5.98012781143, 2.52157878876, 0.990910112858, 14.7253675461, 13.3030834198, 1.45389533043, 1.04664492607, 5.90559196472, 8.73443126678, 10.4513149261, 142.270736694, 33.5925102234, 24.8439311981, 24.2786808014, 26.3776416779, 18.7589950562, 161.580886841, 191.265930176, 82.7611923218, 74.153213501, 62.2980232239, 47.5216255188, 38.0684814453, 23.563659668, 5.49353408813, 3.79558992386, 3.20475482941, 0.780081391335, 0.184797003865, 0.136853605509, 0.0454583242536, 0.0249459799379, 0.0088000362739, 0.00751879764721, 0.0029396279715, 0.00359152350575, 0.000315678596962, 6.65041297907e-05, 6.49230496492e-05],
        "median": [0.633718371391, 6.01662635803, 2.42444324493, 0.782983064651, 9.48191833496, 9.90228652954, 1.18971192837, 0.701684355736, 2.8937702179, 4.62357950211, 9.16006088257, 101.680580139, 27.3316555023, 17.532749176, 14.9918746948, 17.0054531097, 12.6141939163, 106.141860962, 152.321594238, 59.9411010742, 56.3738098145, 48.4075393677, 39.9043731689, 32.043800354, 16.3865127563, 4.61924886703, 3.19933414459, 2.70747637749, 0.652918279171, 0.159860491753, 0.109412416816, 0.0336264371872, 0.011219015345, 0.00473598064855, 0.00392786413431, 0.00131766300183, 0.000107258514618, 5.40533474123e-05, 5.4315180023e-05, 6.43126113573e-05],
        "min": [0.026434795931, 0.313418000937, 0.318310886621, 0.129131808877, 0.163829296827, 0.558596491814, 0.142024591565, 0.0576880350709, 0.0752432048321, 0.223271116614, 1.19996201992, 2.17125439644, 2.5773961544, 3.13821387291, 2.80066823959, 1.63755345345, 0.736382067204, 2.56353878975, 2.64761996269, 5.08912801743, 3.20034050941, 4.56594371796, 4.80714941025, 4.42805194855, 1.94854581356, 0.877594709396, 0.396307319403, 0.202485382557, 0.138530805707, 0.0376083403826, 0.0140602281317, 0.00516544654965, 0.00315776816569, 0.00105768407229, 0.000928259920329, 0.000220999179874, 3.21033585351e-05, 1.92728493857e-05, 3.03013766825e-05, 3.46821943822e-05],
        "var": [0.0633669868112, 5.8978304863, 1.108902812, 0.507619678974, 268.329650879, 131.641479492, 1.04848241806, 0.98203754425, 80.2850265503, 156.403198242, 41.9943847656, 15616.3789062, 537.629638672, 466.991912842, 768.63067627, 1083.60131836, 402.269378662, 30923.9902344, 21661.6152344, 4240.73046875, 3404.71582031, 2465.31445312, 1159.21948242, 878.343139648, 490.329071045, 12.4314022064, 6.00672054291, 4.62669658661, 0.270496547222, 0.0195265579969, 0.012676843442, 0.00645284587517, 0.0391494780779, 0.00277664791793, 0.00285984762013, 0.000375713629182, 0.0051742955111, 1.52588072524e-05, 1.61560649303e-08, 1.25949695118e-10]
    },
    "gfcc": {
        "mean": [-4.34955978394, 150.657409668, -167.001754761, 44.5540771484, -7.40204906464, 7.41644573212, -4.46487903595, 10.4646024704, -0.959271252155, -5.56575345993, -17.358543396, -15.6819028854, 0.889787435532],
        "cov": [[299.539093018, -87.6784973145, -63.3452110291, -55.8544082642, -60.6046257019, -35.7414207458, -87.09349823, -21.1945075989, -37.445640564, 22.6411533356, 1.51051592827, 25.334815979, -23.3522109985], [-87.6784973145, 136.539276123, 22.3303489685, 3.36989593506, -19.7197303772, -43.8750038147, 37.3211631775, -14.1837024689, 6.50596189499, -26.730255127, -5.41431570053, -23.5864315033, 14.9468603134], [-63.3452110291, 22.3303489685, 136.866699219, 16.5186672211, -22.4094257355, -3.84337615967, -2.13978910446, 23.7501220703, -5.51236867905, -21.1782264709, -6.84670352936, 10.6459932327, -12.0850429535], [-55.8544082642, 3.36989593506, 16.5186672211, 77.1789627075, 29.1264743805, -0.773231744766, 9.00783729553, -9.99064922333, -2.84935164452, -20.9307594299, 1.59345519543, 0.792347073555, 8.76381587982], [-60.6046257019, -19.7197303772, -22.4094257355, 29.1264743805, 94.9106445312, 50.0978775024, 3.00281524658, -11.3901147842, -1.23269295692, -2.66506171227, 4.96818971634, -1.80461573601, 2.79173541069], [-35.7414207458, -43.8750038147, -3.84337615967, -0.773231744766, 50.0978775024, 82.8204116821, 15.8421945572, 1.09956109524, 1.13351547718, 4.3890004158, 6.03708124161, -1.35528826714, -0.69431656599], [-87.09349823, 37.3211631775, -2.13978910446, 9.00783729553, 3.00281524658, 15.8421945572, 83.904045105, 26.1439933777, 8.97125339508, -8.49206161499, -2.94220805168, -13.1294403076, 14.8603830338], [-21.1945075989, -14.1837024689, 23.7501220703, -9.99064922333, -11.3901147842, 1.09956109524, 26.1439933777, 61.6073684692, 22.214050293, -2.13602972031, -1.78007292747, 6.6781001091, -3.7259721756], [-37.445640564, 6.50596189499, -5.51236867905, -2.84935164452, -1.23269295692, 1.13351547718, 8.97125339508, 22.214050293, 68.7798156738, 38.3792648315, 3.03007483482, -8.73632621765, -0.711742937565], [22.6411533356, -26.730255127, -21.1782264709, -20.9307594299, -2.66506171227, 4.3890004158, -8.49206161499, -2.13602972031, 38.3792648315, 75.3279037476, 19.6477336884, -2.38190317154, -9.0826921463], [1.51051592827, -5.41431570053, -6.84670352936, 1.59345519543, 4.96818971634, 6.03708124161, -2.94220805168, -1.78007292747, 3.03007483482, 19.6477336884, 40.4727592468, 16.1108570099, -7.20101118088], [25.334815979, -23.5864315033, 10.6459932327, 0.792347073555, -1.80461573601, -1.35528826714, -13.1294403076, 6.6781001091, -8.73632621765, -2.38190317154, 16.1108570099, 45.5961952209, 1.05682432652], [-23.3522109985, 14.9468603134, -12.0850429535, 8.76381587982, 2.79173541069, -0.69431656599, 14.8603830338, -3.7259721756, -0.711742937565, -9.0826921463, -7.20101118088, 1.05682432652, 30.4601402283]],
        "icov": [[0.0129362177104, 0.00159514741972, 0.00905925780535, -0.000109471860924, 0.0102430311963, -0.00169733865187, 0.0109494812787, -0.00401723664254, 0.00970481988043, -0.0050595109351, 0.00567560270429, -0.004933222197, 0.00618082564324], [0.00159514741972, 0.0442890971899, -0.0179914049804, 0.0270244777203, -0.0141240805387, 0.0380624234676, -0.0303546786308, 0.0399334579706, -0.0287998002023, 0.0331976749003, -0.0253788866103, 0.0171749740839, -0.0109370602295], [0.00905925780535, -0.0179914049804, 0.0248864293098, -0.0166508983821, 0.0184334293008, -0.0205979105085, 0.0227671936154, -0.0244080238044, 0.0206285584718, -0.0169027615339, 0.0179925952107, -0.0132340211421, 0.0143407974392], [-0.000109471860924, 0.0270244777203, -0.0166508983821, 0.0378835238516, -0.0191749706864, 0.0299369376153, -0.0232556965202, 0.0317184962332, -0.023907167837, 0.0280385222286, -0.0210595894605, 0.0106325121596, -0.0107310116291], [0.0102430311963, -0.0141240805387, 0.0184334293008, -0.0191749706864, 0.0350207276642, -0.0282176323235, 0.0226540118456, -0.0175874698907, 0.0182203762233, -0.0153867546469, 0.0142269516364, -0.0098956618458, 0.0101019227877], [-0.00169733865187, 0.0380624234676, -0.0205979105085, 0.0299369376153, -0.0282176323235, 0.0547532215714, -0.0340264700353, 0.0369815938175, -0.0271832365543, 0.0292847082019, -0.0253206100315, 0.015723310411, -0.0102403359488], [0.0109494812787, -0.0303546786308, 0.0227671936154, -0.0232556965202, 0.0226540118456, -0.0340264700353, 0.0519644729793, -0.0439398884773, 0.0318336635828, -0.0278342496604, 0.0190459750593, -0.00755939027295, 0.00264409929514], [-0.00401723664254, 0.0399334579706, -0.0244080238044, 0.0317184962332, -0.0175874698907, 0.0369815938175, -0.0439398884773, 0.0690357834101, -0.0445010326803, 0.040042001754, -0.0232208445668, 0.0075392909348, -0.00399992195889], [0.00970481988043, -0.0287998002023, 0.0206285584718, -0.023907167837, 0.0182203762233, -0.0271832365543, 0.0318336635828, -0.0445010326803, 0.0565808862448, -0.0440576188266, 0.0246795099229, -0.00945342704654, 0.00771886343136], [-0.0050595109351, 0.0331976749003, -0.0169027615339, 0.0280385222286, -0.0153867546469, 0.0292847082019, -0.0278342496604, 0.040042001754, -0.0440576188266, 0.0563196465373, -0.0339696221054, 0.0164960920811, -0.0072261011228], [0.00567560270429, -0.0253788866103, 0.0179925952107, -0.0210595894605, 0.0142269516364, -0.0253206100315, 0.0190459750593, -0.0232208445668, 0.0246795099229, -0.0339696221054, 0.057386033237, -0.0292307827622, 0.0210171770304], [-0.004933222197, 0.0171749740839, -0.0132340211421, 0.0106325121596, -0.0098956618458, 0.015723310411, -0.00755939027295, 0.0075392909348, -0.00945342704654, 0.0164960920811, -0.0292307827622, 0.0430611893535, -0.0183504670858], [0.00618082564324, -0.0109370602295, 0.0143407974392, -0.0107310116291, 0.0101019227877, -0.0102403359488, 0.00264409929514, -0.00399992195889, 0.00771886343136, -0.0072261011228, 0.0210171770304, -0.0183504670858, 0.0524047538638]]
    },
    "melbands": {
        "dmean": [0.00108913902659, 0.000778736313805, 0.000177928624908, 0.000742325501051, 7.5100128015e-05, 1.38915775096e-05, 3.70251000277e-05, 2.814094114e-05, 4.53892571386e-05, 0.000387526932172, 4.51301057183e-05, 3.31216033373e-05, 3.19024984492e-05, 4.85157033836e-05, 1.45486847032e-05, 1.74992237589e-05, 0.000153316708747, 0.000127092716866, 6.49332941975e-05, 1.55234338308e-05, 2.8379557989e-05, 2.4415237931e-05, 1.63277654792e-05, 1.64420343935e-05, 9.23088555282e-06, 9.03520594875e-06, 2.60112187789e-06, 1.40885492783e-06, 5.80585322041e-07, 9.7500890206e-07, 4.11413736856e-07, 1.75483009457e-07, 5.5233112306e-08, 3.07659142607e-08, 5.02395778312e-08, 2.39885373787e-08, 1.1809397904e-08, 1.72149672295e-08, 1.00283319426e-08, 3.86195297963e-09],
        "dmean2": [0.00170204124879, 0.00107699516229, 0.000290058349492, 0.00133536406793, 0.000132828849019, 2.44470793405e-05, 5.27990487171e-05, 4.26578590123e-05, 8.24518501759e-05, 0.000630963942967, 7.87128519733e-05, 5.60611952096e-05, 4.97242072015e-05, 8.52302255225e-05, 2.63959809672e-05, 3.0419738323e-05, 0.000215546955587, 0.000187157522305, 8.6308347818e-05, 2.5617717256e-05, 4.00413373427e-05, 3.7719932152e-05, 2.60579781752e-05, 2.28096469073e-05, 1.35870914164e-05, 1.19774922496e-05, 4.16966304329e-06, 2.39683504333e-06, 9.21122079944e-07, 1.42865098951e-06, 5.98033921051e-07, 2.67774254326e-07, 8.81440982425e-08, 5.20321172814e-08, 8.93038034633e-08, 3.92304855268e-08, 1.9746979163e-08, 3.18944088917e-08, 1.70910894326e-08, 5.71524694237e-09],
        "dvar": [7.67989376982e-07, 3.10911957513e-07, 3.53589157953e-08, 6.1923907424e-07, 6.00277383356e-09, 2.29362445703e-10, 2.34723174231e-09, 1.17992970949e-09, 1.53094814603e-09, 1.29491240841e-07, 1.61195967685e-09, 1.3860390613e-09, 1.99903715803e-09, 5.17123277533e-09, 4.00237010201e-10, 4.26167268142e-10, 3.07552916468e-08, 2.07947827846e-08, 4.81050754786e-09, 3.14841597238e-10, 8.75417904833e-10, 6.36756591899e-10, 2.32016197921e-10, 3.35171140842e-10, 9.26613299979e-11, 1.01764000005e-10, 8.09754520381e-12, 2.89405023383e-12, 3.4780018492e-13, 9.84938476264e-13, 1.60504598436e-13, 7.48482086857e-14, 1.52496338989e-14, 1.55888430657e-15, 2.97853121968e-15, 1.45838977661e-15, 3.11571709933e-15, 3.23267413814e-14, 1.41124015346e-14, 9.98111543672e-16],
        "dvar2": [1.72935187948e-06, 6.82801896801e-07, 7.80102737963e-08, 1.97130248125e-06, 1.78707786347e-08, 6.61675825242e-10, 4.59760451932e-09, 2.65272581679e-09, 5.0200190671e-09, 3.31310076263e-07, 5.30513988295e-09, 4.04618649696e-09, 4.63166704989e-09, 1.5321242941e-08, 1.25031729414e-09, 1.22157572946e-09, 5.06662871658e-08, 3.76963811277e-08, 7.90474086187e-09, 6.98964941481e-10, 1.59633251062e-09, 1.33092625809e-09, 5.48689371715e-10, 5.64033597605e-10, 1.74125755481e-10, 1.64197072605e-10, 1.97247791017e-11, 8.0405760175e-12, 7.80478763215e-13, 1.81443607968e-12, 3.26998790458e-13, 1.92101732742e-13, 3.56902380642e-14, 3.68782983345e-15, 8.38525433035e-15, 3.02905609971e-15, 8.74060074535e-15, 9.49136399358e-14, 3.86994107007e-14, 2.4232856644e-15],
        "max": [0.015486901626, 0.0082897497341, 0.00298556196503, 0.00808095932007, 0.000634775264189, 0.000138166578836, 0.00150652613956, 0.00094969489146, 0.000314944365527, 0.00440574623644, 0.000621535175014, 0.00052705098642, 0.0010890342528, 0.00100679416209, 0.000256743165664, 0.000379659089958, 0.00388240162283, 0.00306319491938, 0.0010864676442, 0.000350669113686, 0.000461392017314, 0.000351451366441, 0.000192323263036, 0.000425156817073, 0.00020850492001, 0.0001889916457, 3.38279096468e-05, 2.25147159654e-05, 9.40501195146e-06, 1.48094259202e-05, 5.93270215177e-06, 3.98714018957e-06, 2.77596859632e-06, 8.08950517239e-07, 7.05338720763e-07, 8.27612495868e-07, 1.16906198855e-06, 3.23250469592e-06, 2.41703310166e-06, 7.55979328915e-07],
        "mean": [0.00689461641014, 0.00373558024876, 0.00047287059715, 0.00125921901781, 9.86557497527e-05, 1.84086948138e-05, 0.000118214331451, 8.13509032014e-05, 8.61204025568e-05, 0.000932755530812, 0.000115854934847, 9.02249666979e-05, 0.00011075069051, 7.57673042244e-05, 2.41461784753e-05, 4.15320719185e-05, 0.000397759402404, 0.000381237972761, 0.000238434004132, 4.00929020543e-05, 9.93934081635e-05, 6.70638328302e-05, 4.42391065008e-05, 4.74491389468e-05, 2.83545032289e-05, 2.49607546721e-05, 5.52315486857e-06, 3.20227468364e-06, 1.87257035122e-06, 3.28521423398e-06, 1.28965882595e-06, 4.94873688694e-07, 1.69272070139e-07, 7.17152772722e-08, 8.81350885606e-08, 4.63630236425e-08, 2.06960244498e-08, 1.83319350811e-08, 1.11522604485e-08, 6.15611916999e-09],
        "median": [0.00689793471247, 0.00376754999161, 0.000315503886668, 0.000891066039912, 7.08262377884e-05, 1.15286557048e-05, 5.73758588871e-05, 4.32556589658e-05, 7.42186821299e-05, 0.00066558358958, 9.76634473773e-05, 6.3555467932e-05, 6.40867801849e-05, 4.67911704618e-05, 1.71273386513e-05, 2.33224673138e-05, 0.000256195606198, 0.000269133888651, 0.000157937553013, 2.91437681881e-05, 7.18117807992e-05, 5.19094428455e-05, 3.49728943547e-05, 3.58691322617e-05, 2.27052551054e-05, 1.72920081241e-05, 4.19729076384e-06, 2.59715670836e-06, 1.53954863436e-06, 2.85415489998e-06, 1.08387132514e-06, 3.87563886761e-07, 1.39573586466e-07, 6.14075332805e-08, 7.1536106816e-08, 3.4755039735e-08, 1.41578357926e-08, 7.67212426922e-09, 5.03260277895e-09, 3.24471938207e-09],
        "min": [0.000332157243975, 0.000226336400374, 2.16419939534e-05, 3.91658759327e-05, 3.57406611329e-06, 8.13850419945e-07, 8.06302693945e-07, 2.31238709603e-06, 7.51568995838e-06, 1.48957878991e-05, 1.01078740045e-05, 9.73068927124e-06, 7.35434196031e-06, 2.04765728995e-06, 1.63613322002e-06, 7.24323172108e-07, 4.34139610661e-06, 4.99080761074e-06, 5.55487986276e-06, 3.885357728e-06, 2.63426591118e-06, 2.62130765805e-06, 2.86591716758e-06, 2.01855073101e-06, 1.39207759275e-06, 2.07236689675e-06, 4.7550133786e-07, 3.32865113251e-07, 1.74690882204e-07, 1.66521061828e-07, 9.23117937646e-08, 6.43462882977e-08, 2.79439031914e-08, 1.00564507832e-08, 8.50374792805e-09, 4.2804049194e-09, 2.41735409467e-09, 2.01079286555e-09, 9.55754919651e-10, 5.9426419341e-10],
        "var": [7.60048214943e-06, 2.3014360977e-06, 2.38107332962e-07, 1.55908628585e-06, 7.62908491936e-09, 3.42497419314e-10, 3.29252181075e-08, 1.32721797996e-08, 3.33541083641e-09, 6.68741790832e-07, 6.18703488442e-09, 6.46549480621e-09, 2.03446113289e-08, 9.33786914459e-09, 6.24058471566e-10, 2.98910896035e-09, 1.97340341401e-07, 1.2514773573e-07, 4.83838462628e-08, 1.37259559274e-09, 7.23389836921e-09, 2.7972415495e-09, 1.06278719159e-09, 2.11136308437e-09, 5.43856015778e-10, 6.32626673269e-10, 1.84422980359e-11, 5.98898838508e-12, 1.55424750761e-12, 5.17579208659e-12, 7.69159096223e-13, 1.66899737845e-13, 2.4660327491e-14, 2.93994696311e-15, 4.91013522227e-15, 2.78512966914e-15, 2.73458996604e-15, 2.08261091884e-14, 9.579674124e-15, 1.08755388186e-15]
    },
    "mfcc": {
        "mean": [-635.428283691, 172.220367432, -68.009552002, 51.4823532104, 13.1900529861, 20.4735279083, 7.54400587082, 19.375541687, 20.6021976471, 20.2724819183, 8.00834560394, -4.94801425934, -16.1412124634],
        "cov": [[351.93460083, -73.444229126, -69.8768615723, -55.2837219238, -24.7737102509, -41.2823753357, -54.6004333496, -66.4325790405, -57.0176811218, -37.0926170349, -30.2496776581, 4.13224411011, 17.8053264618], [-73.444229126, 117.870628357, 22.890745163, 14.0942649841, -34.3717536926, -16.0313453674, 4.43772554398, -3.60937428474, 7.54066705704, -5.25398540497, -0.418584883213, -5.8368062973, -4.61647081375], [-69.8768615723, 22.890745163, 132.217178345, 16.0221405029, -13.4794797897, -28.3744468689, -7.73144674301, 21.3275737762, -0.324951410294, -1.56074380875, -7.21850633621, 1.68645763397, 8.82063293457], [-55.2837219238, 14.0942649841, 16.0221405029, 88.4593734741, -2.54895138741, -7.41298723221, -1.11492323875, 11.7417840958, 8.44393825531, -7.64853668213, -10.3953990936, -8.51118278503, -2.16182303429], [-24.7737102509, -34.3717536926, -13.4794797897, -2.54895138741, 90.3756942749, 32.2109642029, 0.82085609436, 11.568696022, -12.9176998138, -5.39948797226, 4.9550614357, -3.63366055489, -13.0620594025], [-41.2823753357, -16.0313453674, -28.3744468689, -7.41298723221, 32.2109642029, 80.1959457397, 26.7019023895, -2.81372332573, 0.580737769604, 5.91628360748, 5.84064054489, -1.05006527901, -13.3243913651], [-54.6004333496, 4.43772554398, -7.73144674301, -1.11492323875, 0.82085609436, 26.7019023895, 73.69190979, 30.3681163788, -1.57287573814, -2.89865016937, -2.25176286697, -16.7103042603, -10.1521539688], [-66.4325790405, -3.60937428474, 21.3275737762, 11.7417840958, 11.568696022, -2.81372332573, 30.3681163788, 79.943359375, 11.4053945541, -8.37815093994, -5.9284324646, -9.4473695755, -2.430768013], [-57.0176811218, 7.54066705704, -0.324951410294, 8.44393825531, -12.9176998138, 0.580737769604, -1.57287573814, 11.4053945541, 61.1642227173, 23.3423881531, 4.1254863739, 0.95732665062, -7.68193864822], [-37.0926170349, -5.25398540497, -1.56074380875, -7.64853668213, -5.39948797226, 5.91628360748, -2.89865016937, -8.37815093994, 23.3423881531, 62.2073249817, 21.0717067719, 3.24697494507, -7.16821193695], [-30.2496776581, -0.418584883213, -7.21850633621, -10.3953990936, 4.9550614357, 5.84064054489, -2.25176286697, -5.9284324646, 4.1254863739, 21.0717067719, 61.0385360718, 20.8109169006, -8.87716388702], [4.13224411011, -5.8368062973, 1.68645763397, -8.51118278503, -3.63366055489, -1.05006527901, -16.7103042603, -9.4473695755, 0.95732665062, 3.24697494507, 20.8109169006, 52.7961997986, 19.8917007446], [17.8053264618, -4.61647081375, 8.82063293457, -2.16182303429, -13.0620594025, -13.3243913651, -10.1521539688, -2.430768013, -7.68193864822, -7.16821193695, -8.87716388702, 19.8917007446, 64.2319717407]],
