{
"lowlevel": {
    "average_loudness": 0.968260586262,
    "barkbands_crest": {
        "dmean": 1.54222738743,
        "dmean2": 2.56178975105,
        "dvar": 3.71489071846,
        "dvar2": 8.03923988342,
        "max": 24.6137619019,
        "mean": 11.7448511124,
        "median": 11.4365768433,
        "min": 5.98956394196,
        "var": 5.85152626038
    },
    "barkbands_flatness_db": {
        "dmean": 0.0167103968561,
        "dmean2": 0.0269832257181,
        "dvar": 0.000369028188288,
        "dvar2": 0.00084472890012,
        "max": 0.405523389578,
        "mean": 0.318949073553,
        "median": 0.316385239363,
        "min": 0.215482234955,
        "var": 0.000962563150097
    },
    "barkbands_kurtosis": {
        "dmean": 2.80546998978,
        "dmean2": 4.51407670975,
        "dvar": 24.8928260803,
        "dvar2": 67.6829071045,
        "max": 75.1429138184,
        "mean": 9.03576374054,
        "median": 8.53267669678,
        "min": 2.03859853745,
        "var": 26.0277462006
    },
    "barkbands_skewness": {
        "dmean": 0.301245421171,
        "dmean2": 0.478659957647,
        "dvar": 0.234216749668,
        "dvar2": 0.530364692211,
        "max": 6.51759910583,
        "mean": 0.598147511482,
        "median": 0.4680544734,
        "min": -0.461276233196,
        "var": 0.426546275616
    },
    "barkbands_spread": {
        "dmean": 0.446561038494,
        "dmean2": 0.716248452663,
        "dvar": 0.262365698814,
        "dvar2": 0.585681021214,
        "max": 7.05457687378,
        "mean": 3.51245236397,
        "median": 3.60281538963,
        "min": 0.775437772274,
        "var": 0.653001248837
    },
    "dissonance": {
        "dmean": 0.0200232360512,
        "dmean2": 0.034335911274,
        "dvar": 0.000302714382997,
        "dvar2": 0.00085587950889,
        "max": 0.44106066227,
        "mean": 0.371150553226,
        "median": 0.371547311544,
        "min": 0.285863786936,
        "var": 0.000588682538364
    },
    "dynamic_complexity": 1.73525631428,
    "erbbands_crest": {
        "dmean": 1.42787992954,
        "dmean2": 2.27394556999,
        "dvar": 7.57401371002,
        "dvar2": 18.8148231506,
        "max": 31.8280773163,
        "mean": 29.0734195709,
        "median": 30.1867332458,
        "min": 4.90532398224,
        "var": 11.8372945786
    },
    "erbbands_flatness_db": {
        "dmean": 0.0133353387937,
        "dmean2": 0.0203262381256,
        "dvar": 0.000210496233194,
        "dvar2": 0.000378561380785,
        "max": 0.34760710597,
        "mean": 0.283049345016,
        "median": 0.282440632582,
        "min": 0.185005903244,
        "var": 0.000843987974804
    },
    "erbbands_kurtosis": {
        "dmean": 4.3813996315,
        "dmean2": 6.69773960114,
        "dvar": 23.9446868896,
        "dvar2": 49.0720214844,
        "max": 58.1690330505,
        "mean": 20.151424408,
        "median": 18.1440830231,
        "min": 0.228693246841,
        "var": 104.721336365
    },
    "erbbands_skewness": {
        "dmean": 0.531324088573,
        "dmean2": 0.834823131561,
        "dvar": 0.385220825672,
        "dvar2": 0.800101935863,
        "max": 7.08296251297,
        "mean": 4.10189056396,
        "median": 4.0907034874,
        "min": 0.39382147789,
        "var": 1.33390760422
    },
    "erbbands_spread": {
        "dmean": 1.29192984104,
        "dmean2": 2.00204944611,
        "dvar": 2.56786966324,
        "dvar2": 6.23333454132,
        "max": 20.2159309387,
        "mean": 8.07862758636,
        "median": 7.95402812958,
        "min": 3.07719993591,
        "var": 7.86316251755
    },
    "hfc": {
        "dmean": 1.71744787693,
        "dmean2": 1.85998523235,
        "dvar": 2.79658198357,
        "dvar2": 3.82330870628,
        "max": 21.6916275024,
        "mean": 8.95953655243,
        "median": 8.08588218689,
        "min": 1.37341177464,
        "var": 19.8460597992
    },
    "melbands_crest": {
        "dmean": 3.96691322327,
        "dmean2": 6.25204801559,
        "dvar": 18.0109119415,
        "dvar2": 33.9649581909,
        "max": 34.0111618042,
        "mean": 26.3200511932,
        "median": 28.827665329,
        "min": 11.1352128983,
        "var": 42.3346176147
    },
    "melbands_flatness_db": {
        "dmean": 0.0171093214303,
        "dmean2": 0.0268634278327,
        "dvar": 0.000396068906412,
        "dvar2": 0.000870219198987,
        "max": 0.55653244257,
        "mean": 0.439709067345,
        "median": 0.43684348464,
        "min": 0.334622234106,
        "var": 0.000924621999729
    },
    "melbands_kurtosis": {
        "dmean": 20.5802230835,
        "dmean2": 34.2721443176,
        "dvar": 549.377807617,
        "dvar2": 1097.96166992,
        "max": 148.854690552,
        "mean": 35.2719726562,
        "median": 24.7526702881,
        "min": 2.7787566185,
        "var": 1052.36645508
    },
    "melbands_skewness": {
        "dmean": 1.13989663124,
        "dmean2": 1.92366302013,
        "dvar": 1.34043133259,
        "dvar2": 2.88217377663,
        "max": 6.64863395691,
        "mean": 2.13121294975,
        "median": 1.67055261135,
        "min": -0.245496764779,
        "var": 2.26314592361
    },
    "melbands_spread": {
        "dmean": 0.74953854084,
        "dmean2": 1.21753418446,
        "dvar": 0.549075365067,
        "dvar2": 1.1717851162,
        "max": 7.18718862534,
        "mean": 2.51922440529,
        "median": 2.32161664963,
        "min": 0.678483128548,
        "var": 1.22594761848
    },
    "pitch_salience": {
        "dmean": 0.0455461405218,
        "dmean2": 0.0748697295785,
        "dvar": 0.00284220511094,
        "dvar2": 0.00591688090935,
        "max": 0.60352063179,
        "mean": 0.366970062256,
        "median": 0.347740650177,
        "min": 0.196751251817,
        "var": 0.00562854576856
    },
    "silence_rate_20dB": {
        "dmean": 0,
        "dmean2": 0,
        "dvar": 0,
        "dvar2": 0,
        "max": 1,
        "mean": 1,
        "median": 1,
        "min": 1,
        "var": 0
    },
    "silence_rate_30dB": {
        "dmean": 0,
        "dmean2": 0,
        "dvar": 0,
        "dvar2": 0,
        "max": 1,
        "mean": 1,
        "median": 1,
        "min": 1,
        "var": 0
    },
    "silence_rate_60dB": {
        "dmean": 0,
        "dmean2": 0,
        "dvar": 0,
        "dvar2": 0,
        "max": 0,
        "mean": 0,
        "median": 0,
        "min": 0,
        "var": 0
    },
    "spectral_centroid": {
        "dmean": 9.49611949921,
        "dmean2": 15.375207901,
        "dvar": 226.521209717,
        "dvar2": 556.787109375,
        "max": 419.653656006,
        "mean": 313.687316895,
        "median": 314.760681152,
        "min": 208.046142578,
        "var": 306.494293213
    },
    "spectral_complexity": {
        "dmean": 1.14146339893,
        "dmean2": 1.9828851223,
        "dvar": 1.45803809166,
        "dvar2": 3.81633424759,
        "max": 12,
        "mean": 4.81265211105,
        "median": 5,
        "min": 1,
        "var": 2.61453557014
    },
    "spectral_decrease": {
        "dmean": 1.70513869691e-09,
        "dmean2": 2.13082662626e-09,
        "dvar": 2.26185693583e-18,
        "dvar2": 3.74995258307e-18,
        "max": -1.78820258601e-09,
        "mean": -9.54290957367e-09,
        "median": -9.15730424822e-09,
        "min": -1.89926829819e-08,
        "var": 1.51995876851e-17
    },
    "spectral_energy": {
        "dmean": 0.00656984141096,
        "dmean2": 0.00817577913404,
        "dvar": 3.35306285706e-05,
        "dvar2": 5.50048862351e-05,
        "max": 0.0736500099301,
        "mean": 0.0368297435343,
        "median": 0.0352722145617,
        "min": 0.00687365559861,
        "var": 0.000227891781833
    },
    "spectral_energyband_high": {
        "dmean": 2.00717727239e-06,
        "dmean2": 2.41948987423e-06,
        "dvar": 4.63034862189e-12,
        "dvar2": 7.47383752109e-12,
        "max": 2.52701465797e-05,
        "mean": 8.96334950085e-06,
        "median": 8.27377880341e-06,
        "min": 1.42212979881e-06,
        "var": 2.15818647675e-11
    },
    "spectral_energyband_low": {
        "dmean": 0.00450019957498,
        "dmean2": 0.00716239353642,
        "dvar": 3.66256608686e-05,
        "dvar2": 8.03788789199e-05,
        "max": 0.0556610226631,
        "mean": 0.00675422186032,
        "median": 0.00385316601023,
        "min": 0.00058519578306,
        "var": 5.36957304575e-05
    },
    "spectral_energyband_middle_high": {
        "dmean": 8.28915872262e-05,
        "dmean2": 0.000124178099213,
        "dvar": 2.35983801389e-08,
        "dvar2": 4.70760994631e-08,
        "max": 0.00203181128018,
        "mean": 0.000277237821138,
        "median": 0.000240195746301,
        "min": 5.2489052905e-05,
        "var": 3.39944570271e-08
    },
    "spectral_energyband_middle_low": {
        "dmean": 0.00590753275901,
        "dmean2": 0.00657305447385,
        "dvar": 3.81540157832e-05,
        "dvar2": 5.39400498383e-05,
        "max": 0.0683438777924,
        "mean": 0.0273187812418,
        "median": 0.0250898618251,
        "min": 0.00224875030108,
        "var": 0.000241185087361
    },
    "spectral_entropy": {
        "dmean": 0.210743561387,
        "dmean2": 0.338427782059,
        "dvar": 0.0681468844414,
        "dvar2": 0.157191693783,
        "max": 6.63850307465,
        "mean": 5.24001169205,
        "median": 5.19479656219,
        "min": 4.35278081894,
        "var": 0.182850196958
    },
    "spectral_flux": {
        "dmean": 0.026436759159,
        "dmean2": 0.0432068556547,
        "dvar": 0.000929529487621,
        "dvar2": 0.00230310251936,
        "max": 0.228526055813,
        "mean": 0.0501594543457,
        "median": 0.0388306863606,
        "min": 0.0114611387253,
        "var": 0.00113530282397
    },
    "spectral_kurtosis": {
        "dmean": 5.75432252884,
        "dmean2": 10.619222641,
        "dvar": 24.7540130615,
        "dvar2": 72.8303527832,
        "max": 52.9110374451,
        "mean": 23.9478530884,
        "median": 23.086681366,
        "min": 11.7544136047,
        "var": 38.2215614319
    },
    "spectral_rms": {
        "dmean": 0.000546676048543,
        "dmean2": 0.000690672197379,
        "dvar": 2.23505580266e-07,
        "dvar2": 3.79251702043e-07,
        "max": 0.00847665406764,
        "mean": 0.00586277153343,
        "median": 0.00586616713554,
        "min": 0.00258959573694,
        "var": 1.55933526003e-06
    },
    "spectral_rolloff": {
        "dmean": 3.83396053314,
        "dmean2": 7.52872371674,
        "dvar": 472.730529785,
        "dvar2": 1084.94555664,
        "max": 322.998046875,
        "mean": 297.956054688,
        "median": 301.46484375,
        "min": 86.1328125,
        "var": 505.509277344
    },
    "spectral_skewness": {
        "dmean": 0.456054896116,
        "dmean2": 0.8388671875,
        "dvar": 0.129413440824,
        "dvar2": 0.398783504963,
        "max": 5.7599272728,
        "mean": 3.8878569603,
        "median": 3.843729496,
        "min": 2.7676885128,
        "var": 0.221152111888
    },
    "spectral_spread": {
        "dmean": 389892.21875,
        "dmean2": 693037.125,
        "dvar": 98518573056,
        "dvar2": 265342959616,
        "max": 4321310.5,
        "mean": 3069875.75,
        "median": 3135820.25,
        "min": 1521172.5,
        "var": 245761720320
    },
    "spectral_strongpeak": {
        "dmean": 0.287239402533,
        "dmean2": 0.389062821865,
        "dvar": 0.136687830091,
        "dvar2": 0.258181035519,
        "max": 3.02983593941,
        "mean": 1.67693841457,
        "median": 1.77321779728,
        "min": 0.14048756659,
        "var": 0.474715739489
    },
    "zerocrossingrate": {
        "dmean": 0.00137552397791,
        "dmean2": 0.00188268837519,
        "dvar": 2.0476568352e-06,
        "dvar2": 3.06300285047e-06,
        "max": 0.0205078125,
        "mean": 0.0140235321596,
        "median": 0.01416015625,
        "min": 0.00341796875,
        "var": 5.92903052166e-06
    },
    "barkbands": {
        "dmean": [0.000732810411137, 0.00367378327064, 0.00100561149884, 0.000172841580934, 0.00320559600368, 0.0029310726095, 7.59672620916e-05, 5.36961342732e-05, 4.88506302645e-05, 3.75476811314e-05, 1.22342235045e-05, 7.62512627261e-06, 2.69355350611e-05, 5.46664614376e-06, 3.09413803734e-06, 1.35763148137e-05, 6.83152438796e-06, 1.63985941981e-06, 3.48724461219e-06, 1.2952925772e-06, 4.78530523651e-07, 2.05044273116e-07, 1.37086487939e-07, 1.40943626548e-07, 1.93624444478e-07, 2.53313402254e-07, 4.89586568619e-07],
        "dmean2": [0.000861182692461, 0.00577582838014, 0.00173813698348, 0.000301643274724, 0.00370266009122, 0.00353381223977, 0.000137946888572, 9.20050079003e-05, 8.55481775943e-05, 6.07674483035e-05, 2.23660736083e-05, 1.36003072839e-05, 3.50761984009e-05, 8.88295835466e-06, 5.5024224821e-06, 1.8827351596e-05, 9.36918058869e-06, 2.31387366512e-06, 4.84653946842e-06, 1.87786235983e-06, 7.04627098003e-07, 3.11730190106e-07, 2.07282937481e-07, 1.97011530645e-07, 2.71306561217e-07, 3.36302377946e-07, 6.3397391159e-07],
        "dvar": [6.11715506693e-07, 2.90469088213e-05, 2.0959230369e-06, 7.18808408351e-08, 1.16848532343e-05, 1.03110824057e-05, 6.9361554722e-08, 1.61190047976e-08, 2.67873989657e-08, 1.35396982515e-08, 9.57613655039e-10, 4.81563622312e-10, 8.15061684811e-10, 1.42710676609e-10, 9.19838094582e-11, 2.16486495397e-10, 4.50074422176e-11, 3.32674599673e-12, 1.19060108994e-11, 1.75391222813e-12, 2.31037031954e-13, 4.75251958555e-14, 2.76083934766e-14, 2.68352048617e-14, 4.46352448004e-14, 7.28799480617e-14, 2.83440127922e-13],
        "dvar2": [1.01553689547e-06, 6.16292163613e-05, 5.66999142393e-06, 1.87332403812e-07, 1.76842077053e-05, 1.61395382747e-05, 2.0062087458e-07, 4.46439507584e-08, 6.63404975398e-08, 2.22621672208e-08, 2.6226560923e-09, 1.40618439115e-09, 1.32053101787e-09, 3.62595231618e-10, 2.73280897911e-10, 4.17627099569e-10, 9.67861346624e-11, 6.71265864075e-12, 2.14531465509e-11, 3.75262451321e-12, 4.22393755172e-13, 1.02500222665e-13, 5.50532045624e-14, 4.54931197694e-14, 7.22251509359e-14, 1.29398539952e-13, 4.12880396105e-13],
        "max": [0.00872183591127, 0.0542271398008, 0.00933294929564, 0.00186580326408, 0.0396999381483, 0.0329372733831, 0.00230993912555, 0.00114360603038, 0.0020061430987, 0.00178522081114, 0.000248400785495, 0.000179240189027, 0.000321246450767, 0.00011087564053, 0.000124556099763, 0.000145134486957, 6.90089073032e-05, 1.88286285265e-05, 4.42804775957e-05, 1.37900815389e-05, 6.15109365754e-06, 2.47230150308e-06, 2.07058565138e-06, 1.79035316705e-06, 2.2264589461e-06, 3.32425020133e-06, 6.19693582848e-06],
        "mean": [0.00341787654907, 0.00476695457473, 0.00104131666012, 0.000165851408383, 0.0139850899577, 0.012989426963, 6.68977372698e-05, 6.62449674564e-05, 4.10256798205e-05, 6.36385011603e-05, 9.93294725049e-06, 7.73763713369e-06, 0.000105147395516, 7.99901135906e-06, 4.33269997302e-06, 4.05284699809e-05, 2.25241583394e-05, 4.43846283815e-06, 1.1333601833e-05, 4.23378605774e-06, 1.58943487349e-06, 6.60674572828e-07, 4.60068207531e-07, 5.2675460438e-07, 7.25056622741e-07, 1.02757906006e-06, 2.16961257138e-06],
        "median": [0.00333669641986, 0.00217761006206, 0.00051852123579, 6.38615601929e-05, 0.0123300002888, 0.0124225048348, 9.85332735581e-06, 3.01473955915e-05, 3.20709204971e-06, 3.96662653657e-05, 1.27102521219e-06, 3.16907767228e-06, 9.66949301073e-05, 3.04151694763e-06, 2.888482868e-06, 3.17169215123e-05, 1.93853920791e-05, 3.52712709173e-06, 9.84175403573e-06, 3.80401957045e-06, 1.44713590089e-06, 6.08726054452e-07, 4.05205128118e-07, 4.97516396081e-07, 6.54165773994e-07, 9.61791670306e-07, 1.95892766897e-06],
        "min": [0.000450652994914, 1.65702440427e-05, 5.55879387321e-06, 7.39975519082e-07, 0.000698967603967, 0.000795742089394, 4.98440670071e-07, 1.15435784664e-06, 1.40573135354e-07, 2.28382759815e-06, 4.89486673416e-08, 2.22884892764e-07, 1.25318331357e-06, 1.71857976738e-07, 4.82306973026e-07, 2.54980614045e-06, 3.26445569954e-06, 4.14626981637e-07, 1.16597402666e-06, 3.68874452761e-07, 2.12895244545e-07, 8.52046966315e-08, 5.34855324474e-08, 7.45017345594e-08, 1.08652677966e-07, 2.01082329454e-07, 4.01939161065e-07],
        "var": [3.03552678815e-06, 4.50776351499e-05, 1.87755460956e-06, 6.72005171509e-08, 7.25252830307e-05, 5.39686443517e-05, 4.86835531888e-08, 1.40633327206e-08, 2.92024093795e-08, 1.61779958319e-08, 6.76705136371e-10, 3.23963217363e-10, 4.01439326225e-09, 2.19601323237e-10, 5.41669278875e-11, 8.71666627766e-10, 1.74411804443e-10, 9.57423376691e-12, 4.40091366127e-11, 5.8832075496e-12, 8.77344583702e-13, 1.47390780136e-13, 7.22350171757e-14, 8.51374160516e-14, 1.56102737616e-13, 2.98496877172e-13, 1.31007596264e-12]
    },
    "erbbands": {
        "dmean": [0.0833566561341, 0.920137941837, 1.46754789352, 0.763842403889, 0.588741004467, 6.40424633026, 53.4542007446, 6.39413404465, 1.18935132027, 1.06806266308, 1.08478069305, 1.03206956387, 0.73686760664, 1.2632484436, 0.480540305376, 0.284007757902, 0.580635786057, 0.921475589275, 0.192953452468, 0.694821596146, 0.208095565438, 0.319949865341, 0.176231250167, 0.24239821732, 0.0680031552911, 0.0513839796185, 0.029450269416, 0.0147392107174, 0.0091608511284, 0.00534688960761, 0.00410778773949, 0.00298291468062, 0.00275604124181, 0.00217879912816, 0.00155963085126, 0.00093482848024, 0.000503332354128, 0.000284577399725, 6.59067518427e-05, 1.31979395519e-05],
        "dmean2": [0.141196370125, 1.44248008728, 2.457228899, 1.31890285015, 1.03281438351, 7.75098896027, 60.0368041992, 8.11651325226, 2.07778787613, 1.93627882004, 1.83826649189, 1.83913481236, 1.21954154968, 2.02051448822, 0.860130727291, 0.496376603842, 0.807918727398, 1.29085862637, 0.332132935524, 0.953304231167, 0.304480940104, 0.438315182924, 0.244100242853, 0.340158879757, 0.0949566811323, 0.0763439163566, 0.0440739952028, 0.0221649110317, 0.0138542382047, 0.00809112377465, 0.0063672605902, 0.00430991500616, 0.00398348551244, 0.00321119232103, 0.00225133425556, 0.00136367219966, 0.000688634405378, 0.000401332712499, 8.92119860509e-05, 1.60616364155e-05],
        "dvar": [0.020349022001, 1.67924356461, 3.46586847305, 1.3846668005, 1.10834670067, 44.5649147034, 3456.26733398, 46.7988624573, 15.1496448517, 9.67013072968, 6.32251310349, 11.0616903305, 5.57821750641, 14.5905866623, 1.48889541626, 0.600262522697, 0.478858292103, 0.936782896519, 0.366734623909, 0.577528655529, 0.0502850189805, 0.0976352021098, 0.0304782688618, 0.0603795386851, 0.0039986060001, 0.00270571699366, 0.000951048103161, 0.00022930612613, 9.37302756938e-05, 3.80431993108e-05, 2.16705266212e-05, 1.1413512766e-05, 9.71570352704e-06, 5.67660117667e-06, 2.66537676907e-06, 9.46784325606e-07, 2.98449890579e-07, 8.93241960398e-08, 4.9472208552e-09, 1.4050999253e-10],
        "dvar2": [0.0542893856764, 3.32278442383, 8.87145805359, 3.66256356239, 3.04095888138, 72.5029296875, 4992.03076172, 80.6541900635, 43.6857223511, 28.2665462494, 17.6988487244, 30.2363033295, 11.006029129, 23.190656662, 4.14778327942, 1.73055839539, 1.05318570137, 1.77282941341, 1.10037744045, 1.03867506981, 0.116668075323, 0.1981639117, 0.0535707809031, 0.10550750047, 0.00802085548639, 0.00545148737729, 0.00201229867525, 0.000450938416179, 0.000206344455364, 8.4204984887e-05, 4.43764110969e-05, 1.8842792997e-05, 1.86045999726e-05, 9.61888144957e-06, 4.77612047689e-06, 1.68408200807e-06, 5.58795306915e-07, 1.66020811321e-07, 7.9400361841e-09, 1.9325643863e-10],
        "max": [1.22228574753, 13.0616722107, 12.6987285614, 8.29883861542, 7.99665260315, 78.5529708862, 601.707946777, 68.9241943359, 32.4745826721, 28.7258739471, 21.1837291718, 27.3132476807, 36.4351806641, 59.060256958, 9.08899593353, 6.93400526047, 6.5925116539, 10.4411697388, 7.82697153091, 7.76772737503, 2.29172062874, 3.22626328468, 2.03545284271, 3.04891943932, 0.64143383503, 0.52646291256, 0.340799719095, 0.156302824616, 0.0908332392573, 0.0681439116597, 0.0544914230704, 0.0398191362619, 0.0313730947673, 0.0244000256062, 0.0178415849805, 0.0108000738546, 0.00600247224793, 0.0033725365065, 0.000836545310449, 0.000174749642611],
        "mean": [0.0961009040475, 1.20733189583, 1.72918081284, 0.765002191067, 0.995756626129, 27.4661369324, 241.673187256, 27.8795375824, 1.91109776497, 1.21186685562, 1.39953732491, 0.876244902611, 1.0269857645, 2.09710144997, 0.443317353725, 0.340852081776, 2.21807575226, 3.45779371262, 0.413182079792, 2.1108584404, 0.647661566734, 1.07240390778, 0.650288164616, 0.755507707596, 0.248607173562, 0.166382744908, 0.0937710478902, 0.0485502332449, 0.0287921074778, 0.017473436892, 0.0130541501567, 0.0104316016659, 0.00930518843234, 0.00754369283095, 0.00546922255307, 0.00348880537786, 0.001983307302, 0.00104240723886, 0.000283714703983, 7.35791036277e-05],
        "median": [0.0452576540411, 0.548563122749, 0.953476369381, 0.361036509275, 0.774498999119, 24.8072414398, 224.147125244, 26.8661651611, 1.28235673904, 0.337858408689, 0.728870630264, 0.127698153257, 0.415413886309, 1.35857319832, 0.140904724598, 0.177039638162, 2.03583455086, 3.23963165283, 0.336445599794, 1.6377325058, 0.536129415035, 0.932353675365, 0.576783061028, 0.641592264175, 0.224391385913, 0.152638137341, 0.0847746729851, 0.0446417331696, 0.0261025317013, 0.0155806867406, 0.0114952418953, 0.00962316803634, 0.0085963383317, 0.00709167355672, 0.00488162925467, 0.00314969359897, 0.00181604723912, 0.000939874211326, 0.000265461072559, 7.15088608558e-05],
        "min": [0.00461570685729, 0.00373219652101, 0.00635969825089, 0.0141599941999, 0.151660874486, 1.36014640331, 13.5579195023, 2.06477713585, 0.229677736759, 0.0678379759192, 0.0311940349638, 0.0139096556231, 0.028175290674, 0.060625936836, 0.0134421680123, 0.0315512381494, 0.234318569303, 0.336243182421, 0.0722790136933, 0.128417804837, 0.0598738864064, 0.149363458157, 0.115457460284, 0.0565575808287, 0.0378110036254, 0.0183468628675, 0.0118824709207, 0.00582151440904, 0.00299123045988, 0.00229611154646, 0.00141237827484, 0.00129094813019, 0.00139465078246, 0.00125204352662, 0.000795661180746, 0.000690382963512, 0.000349430483766, 0.00019234107458, 5.4463496781e-05, 1.59825540322e-05],
        "var": [0.0200336817652, 2.83970308304, 4.0186829567, 1.16078019142, 1.00950491428, 272.862213135, 19919.7988281, 234.239395142, 10.1615905762, 7.68221998215, 5.59061479568, 9.24557876587, 8.8897562027, 17.1237831116, 1.00678658485, 0.437802195549, 1.66251468658, 3.63891124725, 0.233335152268, 2.31599164009, 0.205257892609, 0.37802067399, 0.132303655148, 0.212642505765, 0.0165997538716, 0.00883740372956, 0.00317538296804, 0.00080992479343, 0.000277671206277, 0.000113255824544, 5.66194757994e-05, 3.44969012076e-05, 2.80684780591e-05, 1.75115928869e-05, 9.25063250179e-06, 3.44339127878e-06, 1.13876797059e-06, 3.35712798005e-07, 2.13379589553e-08, 9.4561924957e-10]
    },
    "gfcc": {
        "mean": [-109.241348267, 133.52456665, -62.5721092224, 20.8734798431, -13.3352031708, -21.0310096741, -48.6166992188, -14.2271995544, -25.7914218903, 3.94361805916, 2.48032546043, 13.8643465042, 8.7118139267],
        "cov": [[497.229919434, -75.2927474976, -106.267524719, -71.9887619019, -75.3734283447, -57.6720237732, -53.6902542114, -52.6007652283, -37.9888458252, -19.583946228, -30.3515357971, -5.72224760056, 8.32378101349], [-75.2927474976, 377.143493652, 104.59475708, -53.7888298035, 8.26135921478, 105.304832458, 187.415390015, 147.635269165, 81.9927902222, 0.551638960838, -23.8412914276, -72.2644882202, -85.5017929077], [-106.267524719, 104.59475708, 108.605537415, 73.7503356934, 59.0858726501, 44.7248268127, 46.8517303467, 37.6984291077, 31.1773204803, 12.7230043411, 4.30604314804, -20.0164794922, -25.2099742889], [-71.9887619019, -53.7888298035, 73.7503356934, 132.089126587, 80.2528305054, 0.365010589361, -37.6620178223, -33.4309158325, -4.1869635582, 15.7829332352, 15.1682033539, 9.31198120117, 11.6428070068], [-75.3734283447, 8.26135921478, 59.0858726501, 80.2528305054, 78.9459457397, 29.3228244781, 3.88734006882, 5.64259529114, 7.61745405197, 10.0554981232, 10.5078496933, 2.07518076897, 2.62981653214], [-57.6720237732, 105.304832458, 44.7248268127, 0.365010589361, 29.3228244781, 72.4799499512, 79.262840271, 61.7299194336, 24.0426425934, -5.59201669693, -3.20787215233, -9.35600280762, -13.2160215378], [-53.6902542114, 187.415390015, 46.8517303467, -37.6620178223, 3.88734006882, 79.262840271, 129.447280884, 96.4970550537, 37.5159263611, -9.40411090851, -9.22132205963, -22.8117637634, -31.9900550842], [-52.6007652283, 147.635269165, 37.6984291077, -33.4309158325, 5.64259529114, 61.7299194336, 96.4970550537, 89.411491394, 39.910446167, -6.04806661606, -8.7811384201, -18.9402770996, -23.6554489136], [-37.9888458252, 81.9927902222, 31.1773204803, -4.1869635582, 7.61745405197, 24.0426425934, 37.5159263611, 39.910446167, 37.0461120605, 10.7867126465, -2.92403650284, -15.231967926, -15.3569345474], [-19.583946228, 0.551638960838, 12.7230043411, 15.7829332352, 10.0554981232, -5.59201669693, -9.40411090851, -6.04806661606, 10.7867126465, 22.172121048, 9.41491127014, -7.10131263733, -8.58414554596], [-30.3515357971, -23.8412914276, 4.30604314804, 15.1682033539, 10.5078496933, -3.20787215233, -9.22132205963, -8.7811384201, -2.92403650284, 9.41491127014, 21.0829486847, 13.5846214294, 6.02471160889], [-5.72224760056, -72.2644882202, -20.0164794922, 9.31198120117, 2.07518076897, -9.35600280762, -22.8117637634, -18.9402770996, -15.231967926, -7.10131263733, 13.5846214294, 40.7784690857, 39.1364784241], [8.32378101349, -85.5017929077, -25.2099742889, 11.6428070068, 2.62981653214, -13.2160215378, -31.9900550842, -23.6554489136, -15.3569345474, -8.58414554596, 6.02471160889, 39.1364784241, 55.1778755188]],
        "icov": [[0.00302327889949, -0.00169811001979, 0.00397742493078, -0.00221426133066, 0.00196768739261, -0.000713404442649, 0.00121980905533, 0.000358806544682, 0.00226957257837, -0.00113529677037, 0.00360542861745, 0.000145689264173, -0.000248549069511], [-0.00169811001979, 0.0343968570232, -0.0274098217487, 0.0278539992869, -0.0187623854727, 0.0185181461275, -0.0427753403783, 0.021400924772, -0.036342587322, 0.0215391907841, -0.00345854042098, 0.0178972370923, 0.00578049430624], [0.00397742493078, -0.0274098217487, 0.0799379199743, -0.0666350498796, 0.0235521364957, -0.0198491513729, 0.0200787074864, -0.0217673201114, 0.00374596542679, -0.00334954960272, -0.00867448095232, 0.00100789242424, 0.00469542993233], [-0.00221426133066, 0.0278539992869, -0.0666350498796, 0.0896515399218, -0.0578722022474, 0.0262957978994, -0.0310245193541, 0.0445757135749, -0.0225072577596, 0.0114647047594, 0.0067030871287, 0.00129894376732, -0.0018197868485], [0.00196768739261, -0.0187623854727, 0.0235521364957, -0.0578722022474, 0.0758367478848, -0.0446979850531, 0.0429109074175, -0.0366440564394, 0.0298229437321, -0.0209110118449, -0.00784550979733, 0.000640183512587, -0.00610081292689], [-0.000713404442649, 0.0185181461275, -0.0198491513729, 0.0262957978994, -0.0446979850531, 0.0851036980748, -0.062374137342, 0.00815837830305, -0.016992572695, 0.0160563457757, 0.00467596994713, 0.00412132125348, -0.00163021800108], [0.00121980905533, -0.0427753403783, 0.0200787074864, -0.0310245193541, 0.0429109074175, -0.062374137342, 0.123794347048, -0.0778324380517, 0.0650229975581, -0.0304269511253, 0.000575503974687, -0.0247590858489, 0.00153315265197], [0.000358806544682, 0.021400924772, -0.0217673201114, 0.0445757135749, -0.0366440564394, 0.00815837830305, -0.0778324380517, 0.132535651326, -0.09693326056, 0.0616238042712, -0.0145116085187, 0.0169631596655, 0.0013147542486], [0.00226957257837, -0.036342587322, 0.00374596542679, -0.0225072577596, 0.0298229437321, -0.016992572695, 0.0650229975581, -0.09693326056, 0.166444286704, -0.116958141327, 0.048120174557, -0.0319512449205, -0.0140099739656], [-0.00113529677037, 0.0215391907841, -0.00334954960272, 0.0114647047594, -0.0209110118449, 0.0160563457757, -0.0304269511253, 0.0616238042712, -0.116958141327, 0.177895069122, -0.102696940303, 0.0752957463264, -0.00384926283732], [0.00360542861745, -0.00345854042098, -0.00867448095232, 0.0067030871287, -0.00784550979733, 0.00467596994713, 0.000575503974687, -0.0145116085187, 0.048120174557, -0.102696940303, 0.153926953673, -0.106150887907, 0.0402250476182], [0.000145689264173, 0.0178972370923, 0.00100789242424, 0.00129894376732, 0.000640183512587, 0.00412132125348, -0.0247590858489, 0.0169631596655, -0.0319512449205, 0.0752957463264, -0.106150887907, 0.166661858559, -0.0820260643959], [-0.000248549069511, 0.00578049430624, 0.00469542993233, -0.0018197868485, -0.00610081292689, -0.00163021800108, 0.00153315265197, 0.0013147542486, -0.0140099739656, -0.00384926283732, 0.0402250476182, -0.0820260643959, 0.0802892521024]]
    },
    "melbands": {
        "dmean": [0.000900760816876, 0.000963764730841, 0.000129497595481, 7.21479736967e-05, 0.00154701631982, 0.000214619023609, 1.68418955582e-05, 1.15139237096e-05, 8.94108325156e-06, 6.46992248221e-06, 3.83997485187e-06, 5.57687781111e-06, 1.75503453193e-06, 9.56354710979e-07, 5.92835078805e-07, 2.71104590865e-06, 1.45894375692e-06, 3.17780347814e-07, 3.58521646149e-07, 1.27480734591e-06, 9.77832925741e-08, 2.568931734e-07, 3.95373092488e-07, 1.13393539891e-07, 2.43037987957e-07, 5.56884849345e-08, 5.79733807626e-08, 3.51745406135e-08, 2.08951735914e-08, 1.26762351726e-08, 1.03839203902e-08, 5.21207033088e-09, 4.50176340649e-09, 2.98295854684e-09, 2.6872355452e-09, 2.21680340751e-09, 1.9449273303e-09, 2.1159753949e-09, 2.0364459008e-09, 2.07926853513e-09],
        "dmean2": [0.00144813547377, 0.00154317752458, 0.000224463292398, 0.000115469134471, 0.00174110499211, 0.000272893405054, 3.04514178424e-05, 2.06631884794e-05, 1.54240970005e-05, 1.13448613774e-05, 6.27495819572e-06, 8.90080991667e-06, 3.19683954331e-06, 1.69740144429e-06, 1.10397547815e-06, 3.55569954991e-06, 2.08206984098e-06, 5.68717211991e-07, 5.23924825302e-07, 1.77723643446e-06, 1.64531769542e-07, 3.50126697413e-07, 5.61904926144e-07, 1.61626758199e-07, 3.41911231772e-07, 8.42161611558e-08, 8.74059011835e-08, 5.33642889877e-08, 3.24214965985e-08, 1.88729512018e-08, 1.63300821754e-08, 7.92894461199e-09, 6.93566981624e-09, 4.64248417487e-09, 4.26066870673e-09, 3.47642226117e-09, 2.8265432217e-09, 3.21282089821e-09, 3.06375103065e-09, 3.23710391825e-09],
        "dvar": [2.01522925636e-06, 1.38408404382e-06, 4.0892615516e-08, 7.56329487928e-09, 2.88372234536e-06, 5.47738849832e-08, 3.50298945406e-09, 1.06484365769e-09, 4.91431728644e-10, 4.53871440431e-10, 1.49374332348e-10, 3.04548358754e-10, 1.97853435024e-11, 7.05956820779e-12, 3.67785099251e-12, 8.16463997105e-12, 2.4124116333e-12, 1.08641958277e-12, 3.17056548117e-13, 1.93992695172e-12, 2.34034610403e-14, 6.36664657626e-14, 1.52695469658e-13, 1.31041214663e-14, 5.90190873603e-14, 2.51362892801e-15, 3.34246337239e-15, 1.17126720683e-15, 5.03506294699e-16, 1.59898207867e-16, 1.23430580751e-16, 2.89190613955e-17, 2.7562471956e-17, 1.04934891738e-17, 8.67799730123e-18, 6.5032468266e-18, 4.55221810198e-18, 5.45553159093e-18, 5.27718111111e-18, 4.6321431879e-18],
        "dvar2": [4.77324874737e-06, 2.99807174997e-06, 1.08694763412e-07, 2.02252614656e-08, 4.19995694756e-06, 9.22489249433e-08, 1.01027231025e-08, 3.05715941451e-09, 1.38667610727e-09, 1.15859533079e-09, 2.81246498313e-10, 4.79410733334e-10, 5.44353624676e-11, 2.0546375365e-11, 1.09060234801e-11, 1.37522311247e-11, 4.67916330682e-12, 3.26916987405e-12, 8.50701453725e-13, 3.92332824214e-12, 6.22058963584e-14, 1.27285307945e-13, 3.50134824563e-13, 2.30585729411e-14, 1.06732446503e-13, 5.75348696433e-15, 8.12263684726e-15, 2.4917312205e-15, 1.24434656254e-15, 3.05587279224e-16, 2.76621584695e-16, 6.63341808892e-17, 6.35023446058e-17, 2.39407873754e-17, 1.90595466042e-17, 1.24230666235e-17, 8.72021163661e-18, 1.13322304625e-17, 1.02958260946e-17, 8.59030043987e-18],
        "max": [0.0139850825071, 0.00892569962889, 0.00142979633529, 0.000980362296104, 0.0178147871047, 0.00237356475554, 0.000483286072267, 0.000308454968035, 0.000185331111425, 0.000242080888711, 0.0001872634748, 0.000270509073744, 3.35650292982e-05, 1.96288056031e-05, 1.96678665816e-05, 3.24455613736e-05, 1.62696014741e-05, 1.2969186173e-05, 7.11129860065e-06, 1.40492566061e-05, 1.61118020969e-06, 2.57856663666e-06, 4.16426519223e-06, 1.21240475437e-06, 3.00340889225e-06, 5.02661691826e-07, 5.3233958397e-07, 3.27409054535e-07, 2.51934324069e-07, 1.67785785266e-07, 9.52079162175e-08, 5.23084437987e-08, 6.85158028091e-08, 3.75019730825e-08, 3.04861735856e-08, 2.96988460491e-08, 2.19352802588e-08, 2.20530473882e-08, 2.19441709248e-08, 2.11301411923e-08],
        "mean": [0.00126622698735, 0.00122712913435, 0.000131499196868, 0.000210496233194, 0.00696548819542, 0.000935357296839, 1.42536664498e-05, 1.29390673465e-05, 1.04856044345e-05, 5.38741142009e-06, 5.59852151127e-06, 9.38018820307e-06, 1.42229339417e-06, 9.61011664913e-07, 5.25904397364e-07, 1.07879850475e-05, 5.3907988331e-06, 4.43450574039e-07, 9.98012410491e-07, 3.73374018636e-06, 1.88717649507e-07, 8.47174760565e-07, 1.30236173845e-06, 3.26419751673e-07, 7.10135452664e-07, 1.58995689503e-07, 1.62122802294e-07, 9.66247952761e-08, 5.73811398397e-08, 3.76996212026e-08, 2.82131100704e-08, 1.5306124368e-08, 1.25460921652e-08, 8.61244320305e-09, 7.55278684039e-09, 6.81533052216e-09, 6.15878947841e-09, 6.51405906993e-09, 6.20638429538e-09, 6.42351993818e-09],
        "median": [0.00064251490403, 0.000659530749545, 6.19351849309e-05, 0.000192937222891, 0.00638172961771, 0.000880979467183, 2.10190228245e-06, 3.18540651278e-06, 5.07013237439e-06, 4.29676646263e-07, 2.47005345955e-06, 5.93759295953e-06, 2.33481856071e-07, 3.8973661276e-07, 1.59689406587e-07, 9.95512618829e-06, 5.02261036672e-06, 2.87139755528e-07, 8.11190830063e-07, 2.92030472338e-06, 1.27067806943e-07, 7.31750333216e-07, 1.13623696052e-06, 2.65547981826e-07, 5.92923129261e-07, 1.38184077514e-07, 1.39703914215e-07, 8.47343741839e-08, 4.98988725894e-08, 3.32968035366e-08, 2.50668819035e-08, 1.38699505214e-08, 1.11510649603e-08, 7.57283658004e-09, 6.60418297826e-09, 6.09450401257e-09, 5.62121726944e-09, 5.97955018833e-09, 5.52598766745e-09, 5.94505911167e-09],
        "min": [0.000107448984636, 3.57387625627e-06, 1.13675196189e-06, 1.04058353827e-05, 0.000362990831491, 5.83387954975e-05, 1.16793330562e-07, 1.86026881011e-07, 1.12556087117e-07, 3.51350628591e-08, 1.61420047107e-07, 2.77117862879e-07, 1.61890945094e-08, 2.35444925778e-08, 1.50227066342e-08, 1.01250032003e-06, 4.44622713758e-07, 2.23395648646e-08, 6.60318661971e-08, 1.79584120019e-07, 1.02702486515e-08, 9.37533854994e-08, 1.7024574106e-07, 2.14497131168e-08, 4.44775416497e-08, 2.14564916945e-08, 1.92772358076e-08, 8.46125569609e-09, 7.38653538335e-09, 4.40379555045e-09, 1.93768534551e-09, 1.62898949885e-09, 1.55118939915e-09, 1.14948783825e-09, 7.95943200238e-10, 6.37497277189e-10, 8.10720213185e-10, 7.95951193844e-10, 7.44216799298e-10, 8.64538940437e-10],
        "var": [2.62697608377e-06, 2.1779051167e-06, 3.49035218505e-08, 1.84405219983e-08, 1.6773939933e-05, 2.69106294581e-07, 2.32427987967e-09, 8.77543593347e-10, 3.91696758362e-10, 4.65672722605e-10, 2.40798464501e-10, 3.60165841595e-10, 1.36601476658e-11, 4.77492568055e-12, 2.19959120362e-12, 3.90342792811e-11, 8.87403952404e-12, 6.46674445763e-13, 5.73997392585e-13, 7.70740936351e-12, 3.33793288962e-14, 2.41856366748e-13, 5.84882348716e-13, 4.79002959259e-14, 2.02711559019e-13, 8.63982669452e-15, 9.86635581313e-15, 3.5035379105e-15, 1.37249682411e-15, 5.54484707932e-16, 3.32661972699e-16, 7.94943266499e-17, 6.89271869688e-17, 2.82192765234e-17, 2.06820365603e-17, 1.63256600858e-17, 1.27106210743e-17, 1.45332622688e-17, 1.32217061962e-17, 1.33087123618e-17]
    },
    "mfcc": {
        "mean": [-789.911315918, 180.196029663, 15.5918502808, 52.4276542664, 36.0446281433, 5.00416660309, 0.334528446198, -11.6062612534, -13.6278572083, -8.82511997223, -4.29915761948, -9.84612083435, -12.1026296616],
        "cov": [[561.955383301, -10.9823436737, -91.6072235107, -98.8527755737, -92.1513214111, -44.0541152954, -45.2548904419, -38.5172653198, -22.9511909485, -28.5350780487, -34.0819892883, -27.4574298859, -16.1118469238], [-10.9823436737, 487.438018799, 83.4183044434, -140.572372437, -138.574401855, -39.9876480103, 72.1321868896, 113.93674469, 94.8068618774, 83.6634597778, 99.36328125, 127.605667114, 108.569114685], [-91.6072235107, 83.4183044434, 77.5446853638, 37.0266571045, 16.1484355927, 14.8786535263, 19.6273918152, 22.3006095886, 23.2365131378, 26.7512130737, 33.3356361389, 28.8758964539, 13.4134368896], [-98.8527755737, -140.572372437, 37.0266571045, 148.824432373, 112.031051636, 47.3671684265, -11.7384738922, -40.5200119019, -20.9453983307, -9.86618995667, -8.67156028748, -32.3058776855, -43.7326545715], [-92.1513214111, -138.574401855, 16.1484355927, 112.031051636, 117.027351379, 46.3033218384, -5.36479091644, -28.2704715729, -16.0466136932, -10.1373281479, -17.477312088, -34.0823898315, -33.6948432922], [-44.0541152954, -39.9876480103, 14.8786535263, 47.3671684265, 46.3033218384, 38.138381958, 12.4902334213, -2.32275605202, -1.41865670681, -1.43835616112, -4.28848600388, -11.5792589188, -10.1908798218], [-45.2548904419, 72.1321868896, 19.6273918152, -11.7384738922, -5.36479091644, 12.4902334213, 49.7469406128, 44.5680274963, 24.1385860443, 13.5479507446, 15.8658094406, 19.7370433807, 10.414604187], [-38.5172653198, 113.93674469, 22.3006095886, -40.5200119019, -28.2704715729, -2.32275605202, 44.5680274963, 73.9580383301, 44.7083206177, 19.307723999, 14.8694791794, 27.3722267151, 24.8208026886], [-22.9511909485, 94.8068618774, 23.2365131378, -20.9453983307, -16.0466136932, -1.41865670681, 24.1385860443, 44.7083206177, 49.0365409851, 25.7128601074, 11.5390443802, 19.4360485077, 22.3186149597], [-28.5350780487, 83.6634597778, 26.7512130737, -9.86618995667, -10.1373281479, -1.43835616112, 13.5479507446, 19.307723999, 25.7128601074, 36.6167602539, 28.6510047913, 22.9529457092, 14.8448858261], [-34.0819892883, 99.36328125, 33.3356361389, -8.67156028748, -17.477312088, -4.28848600388, 15.8658094406, 14.8694791794, 11.5390443802, 28.6510047913, 54.6582221985, 37.8611869812, 11.7103481293], [-27.4574298859, 127.605667114, 28.8758964539, -32.3058776855, -34.0823898315, -11.5792589188, 19.7370433807, 27.3722267151, 19.4360485077, 22.9529457092, 37.8611869812, 53.2251625061, 36.2735137939], [-16.1118469238, 108.569114685, 13.4134368896, -43.7326545715, -33.6948432922, -10.1908798218, 10.414604187, 24.8208026886, 22.3186149597, 14.8448858261, 11.7103481293, 36.2735137939, 57.3553848267]],
