{
"lowlevel": {
    "average_loudness": 0.986929953098,
    "barkbands_crest": {
        "dmean": 1.4147156477,
        "dmean2": 2.23409748077,
        "dvar": 1.34589350224,
        "dvar2": 3.35060548782,
        "max": 20.6154270172,
        "mean": 12.0502977371,
        "median": 11.7333717346,
        "min": 5.05324649811,
        "var": 12.5386648178
    },
    "barkbands_flatness_db": {
        "dmean": 0.00984529964626,
        "dmean2": 0.0149619290605,
        "dvar": 7.89316691225e-05,
        "dvar2": 0.000135380905704,
        "max": 0.261199116707,
        "mean": 0.198505565524,
        "median": 0.197794631124,
        "min": 0.103914573789,
        "var": 0.000576875521801
    },
    "barkbands_kurtosis": {
        "dmean": 0.383071035147,
        "dmean2": 0.562657117844,
        "dvar": 0.139315634966,
        "dvar2": 0.296597599983,
        "max": 3.93142175674,
        "mean": -0.223347872496,
        "median": -0.440446615219,
        "min": -1.72964143753,
        "var": 0.932770133018
    },
    "barkbands_skewness": {
        "dmean": 0.186040654778,
        "dmean2": 0.256478250027,
        "dvar": 0.0224411450326,
        "dvar2": 0.054487913847,
        "max": 1.79397118092,
        "mean": 0.257464975119,
        "median": 0.166009709239,
        "min": -0.543041110039,
        "var": 0.167096763849
    },
    "barkbands_spread": {
        "dmean": 2.21783471107,
        "dmean2": 3.43616652489,
        "dvar": 3.30755138397,
        "dvar2": 8.07503318787,
        "max": 36.6572189331,
        "mean": 20.265537262,
        "median": 20.3762149811,
        "min": 7.39289903641,
        "var": 43.7135314941
    },
    "dissonance": {
        "dmean": 0.0273043531924,
        "dmean2": 0.0490353181958,
        "dvar": 0.000863288820256,
        "dvar2": 0.00244789640419,
        "max": 0.498808205128,
        "mean": 0.456332594156,
        "median": 0.471753150225,
        "min": 0.281314909458,
        "var": 0.00144153682049
    },
    "dynamic_complexity": 1.01796007156,
    "erbbands_crest": {
        "dmean": 1.78623700142,
        "dmean2": 2.50446987152,
        "dvar": 2.55872178078,
        "dvar2": 5.06451940536,
        "max": 28.2709960938,
        "mean": 16.4889030457,
        "median": 15.9985294342,
        "min": 4.12778663635,
        "var": 37.5033073425
    },
    "erbbands_flatness_db": {
        "dmean": 0.0112232407555,
        "dmean2": 0.0161922518164,
        "dvar": 8.08094409877e-05,
        "dvar2": 0.000144790159538,
        "max": 0.321447581053,
        "mean": 0.26258790493,
        "median": 0.265948832035,
        "min": 0.177736908197,
        "var": 0.000900560757145
    },
    "erbbands_kurtosis": {
        "dmean": 0.687014818192,
        "dmean2": 0.89401525259,
        "dvar": 0.676288723946,
        "dvar2": 1.16809642315,
        "max": 11.719244957,
        "mean": 0.944973468781,
        "median": 0.19723367691,
        "min": -1.06732261181,
        "var": 3.91553282738
    },
    "erbbands_skewness": {
        "dmean": 0.259524643421,
        "dmean2": 0.367386221886,
        "dvar": 0.0427938662469,
        "dvar2": 0.096098959446,
        "max": 2.22800421715,
        "mean": 0.291036069393,
        "median": 0.310527265072,
        "min": -2.09792876244,
        "var": 0.735423088074
    },
    "erbbands_spread": {
        "dmean": 2.15320730209,
        "dmean2": 2.97387170792,
        "dvar": 4.031062603,
        "dvar2": 8.63339996338,
        "max": 40.195930481,
        "mean": 17.7327747345,
        "median": 16.5820617676,
        "min": 6.57084608078,
        "var": 36.2568740845
    },
    "hfc": {
        "dmean": 4.72638750076,
        "dmean2": 6.9492855072,
        "dvar": 18.9197483063,
        "dvar2": 34.8627090454,
        "max": 55.8959655762,
        "mean": 34.998046875,
        "median": 35.4066543579,
        "min": 1.21119594574,
        "var": 94.8771057129
    },
    "melbands_crest": {
        "dmean": 2.01233935356,
        "dmean2": 3.28943324089,
        "dvar": 2.46687412262,
        "dvar2": 6.20520305634,
        "max": 26.0050525665,
        "mean": 15.0159606934,
        "median": 14.398235321,
        "min": 6.76425027847,
        "var": 15.1729822159
    },
    "melbands_flatness_db": {
        "dmean": 0.00966839399189,
        "dmean2": 0.0142706148326,
        "dvar": 6.73978865962e-05,
        "dvar2": 0.000120378412248,
        "max": 0.321328997612,
        "mean": 0.256068825722,
        "median": 0.257453173399,
        "min": 0.180881261826,
        "var": 0.000529385462869
    },
    "melbands_kurtosis": {
        "dmean": 0.687011063099,
        "dmean2": 0.971446096897,
        "dvar": 0.897513687611,
        "dvar2": 1.92952692509,
        "max": 11.2731237411,
        "mean": 0.777049303055,
        "median": 0.226578712463,
        "min": -1.50730466843,
        "var": 4.10542726517
    },
    "melbands_skewness": {
        "dmean": 0.242903932929,
        "dmean2": 0.335275024176,
        "dvar": 0.0403930544853,
        "dvar2": 0.0943629816175,
        "max": 3.11079406738,
        "mean": 0.868537306786,
        "median": 0.727256476879,
        "min": -0.165334418416,
        "var": 0.44178584218
    },
    "melbands_spread": {
        "dmean": 3.34413099289,
        "dmean2": 4.87787771225,
        "dvar": 9.77404689789,
        "dvar2": 22.9681396484,
        "max": 59.1575050354,
        "mean": 29.7283248901,
        "median": 28.3978290558,
        "min": 14.1040143967,
        "var": 84.1769866943
    },
    "pitch_salience": {
        "dmean": 0.0289818365127,
        "dmean2": 0.0459125228226,
        "dvar": 0.00119491340593,
        "dvar2": 0.00174891902134,
        "max": 0.819318532944,
        "mean": 0.406264781952,
        "median": 0.40449872613,
        "min": 0.309843480587,
        "var": 0.00234733126126
    },
    "silence_rate_20dB": {
        "dmean": 0,
        "dmean2": 0,
        "dvar": 0,
        "dvar2": 0,
        "max": 1,
        "mean": 1,
        "median": 1,
        "min": 1,
        "var": 0
    },
    "silence_rate_30dB": {
        "dmean": 0,
        "dmean2": 0,
        "dvar": 0,
        "dvar2": 0,
        "max": 1,
        "mean": 1,
        "median": 1,
        "min": 1,
        "var": 0
    },
    "silence_rate_60dB": {
        "dmean": 0,
        "dmean2": 0,
        "dvar": 0,
        "dvar2": 0,
        "max": 0,
        "mean": 0,
        "median": 0,
        "min": 0,
        "var": 0
    },
    "spectral_centroid": {
        "dmean": 105.606948853,
        "dmean2": 163.192138672,
        "dvar": 9059.62988281,
        "dvar2": 23625.0957031,
        "max": 2052.62646484,
        "mean": 1244.66491699,
        "median": 1228.52441406,
        "min": 709.731628418,
        "var": 65704.984375
    },
    "spectral_complexity": {
        "dmean": 1.9333332777,
        "dmean2": 3.05857729912,
        "dvar": 3.02055811882,
        "dvar2": 5.25179958344,
        "max": 28,
        "mean": 20.7759342194,
        "median": 21,
        "min": 3,
        "var": 7.93319272995
    },
    "spectral_decrease": {
        "dmean": 1.26633126207e-09,
        "dmean2": 2.00648875293e-09,
        "dvar": 1.25730419132e-18,
        "dvar2": 2.07833264807e-18,
        "max": -2.98206320748e-10,
        "mean": -1.14576570454e-08,
        "median": -1.17249729925e-08,
        "min": -1.59540132216e-08,
        "var": 5.20915129599e-18
    },
    "spectral_energy": {
        "dmean": 0.00510656647384,
        "dmean2": 0.0080719422549,
        "dvar": 2.07611428777e-05,
        "dvar2": 3.42495441146e-05,
        "max": 0.06435675174,
        "mean": 0.0464181639254,
        "median": 0.047342710197,
        "min": 0.00123535911553,
        "var": 8.56509795994e-05
    },
    "spectral_energyband_high": {
        "dmean": 4.05019782193e-05,
        "dmean2": 6.86408166075e-05,
        "dvar": 2.48202169928e-09,
        "dvar2": 6.12722406146e-09,
        "max": 0.000577374827117,
        "mean": 0.000149966450408,
        "median": 0.00013255077647,
        "min": 6.14179134573e-06,
        "var": 7.0916725825e-09
    },
    "spectral_energyband_low": {
        "dmean": 0.00235761795193,
        "dmean2": 0.00350483693182,
        "dvar": 3.16042064696e-06,
        "dvar2": 7.34549894332e-06,
        "max": 0.0239088889211,
        "mean": 0.0104776406661,
        "median": 0.00997097790241,
        "min": 0.000237026091781,
        "var": 1.66296194948e-05
    },
    "spectral_energyband_middle_high": {
        "dmean": 0.00218419986777,
        "dmean2": 0.00302027189173,
        "dvar": 3.99717509936e-06,
        "dvar2": 8.10396977613e-06,
        "max": 0.0285814106464,
        "mean": 0.0106506031007,
        "median": 0.00927825737745,
        "min": 0.000540475768503,
        "var": 2.78459665424e-05
    },
    "spectral_energyband_middle_low": {
        "dmean": 0.00436777900904,
        "dmean2": 0.00673532951623,
        "dvar": 1.13560154205e-05,
        "dvar2": 2.63061974692e-05,
        "max": 0.051774892956,
        "mean": 0.0252482071519,
        "median": 0.0248069334775,
        "min": 0.000467079342343,
        "var": 0.000136978764203
    },
    "spectral_entropy": {
        "dmean": 0.0804540291429,
        "dmean2": 0.122579418123,
        "dvar": 0.00684838090092,
        "dvar2": 0.0109367072582,
        "max": 7.9177980423,
        "mean": 6.91204357147,
        "median": 6.91954040527,
        "min": 6.46695232391,
        "var": 0.0368212424219
    },
    "spectral_flux": {
        "dmean": 0.0113106649369,
        "dmean2": 0.0186100639403,
        "dvar": 0.000146988604683,
        "dvar2": 0.000303847715259,
        "max": 0.181527450681,
        "mean": 0.0580815188587,
        "median": 0.0568106025457,
        "min": 0.0342155173421,
        "var": 0.000229619457969
    },
    "spectral_kurtosis": {
        "dmean": 4.31220245361,
        "dmean2": 7.48984527588,
        "dvar": 12.5867671967,
        "dvar2": 34.0779457092,
        "max": 26.4439086914,
        "mean": 8.44262599945,
        "median": 7.40571880341,
        "min": 1.90593957901,
        "var": 18.2147674561
    },
    "spectral_rms": {
        "dmean": 0.000387738196878,
        "dmean2": 0.000606304674875,
        "dvar": 1.92751528516e-07,
        "dvar2": 2.50856743378e-07,
        "max": 0.00792382936925,
        "mean": 0.00668809656054,
        "median": 0.00679617607966,
        "min": 0.0010978289647,
        "var": 5.55337294372e-07
    },
    "spectral_rolloff": {
        "dmean": 140.234909058,
        "dmean2": 251.010375977,
        "dvar": 58724.8984375,
        "dvar2": 136103.9375,
        "max": 2304.05273438,
        "mean": 1372.5847168,
        "median": 1614.99023438,
        "min": 710.595703125,
        "var": 201452.078125
    },
    "spectral_skewness": {
        "dmean": 0.385654360056,
        "dmean2": 0.660629630089,
        "dvar": 0.103161811829,
        "dvar2": 0.276699692011,
        "max": 3.90024375916,
        "mean": 1.67466044426,
        "median": 1.59078276157,
        "min": 0.901295721531,
        "var": 0.184734240174
    },
    "spectral_spread": {
        "dmean": 206985.203125,
        "dmean2": 332632.1875,
        "dvar": 173419708416,
        "dvar2": 116966875136,
        "max": 10243028,
        "mean": 2337924.5,
        "median": 2284537,
        "min": 1800077.625,
        "var": 310147710976
    },
    "spectral_strongpeak": {
        "dmean": 0.706211984158,
        "dmean2": 1.2085313797,
        "dvar": 1.80647444725,
        "dvar2": 3.71867251396,
        "max": 9.69231414795,
        "mean": 3.33551025391,
        "median": 3.95270872116,
        "min": 0.0680544227362,
        "var": 5.43319749832
    },
    "zerocrossingrate": {
        "dmean": 0.00297648110427,
        "dmean2": 0.00364882964641,
        "dvar": 1.0207088053e-05,
        "dvar2": 9.594175026e-06,
        "max": 0.0654296875,
        "mean": 0.0441539958119,
        "median": 0.04296875,
        "min": 0.01123046875,
        "var": 7.05115307937e-05
    },
    "barkbands": {
        "dmean": [3.13169148285e-05, 0.00228445930406, 0.000209909645491, 0.000374207564164, 0.00261022080667, 5.98841434112e-05, 0.000397578958655, 6.2884100771e-05, 0.0033162876498, 0.000175439126906, 0.00024339844822, 0.000179965150892, 0.000194147680304, 0.00177392584737, 0.000551408913452, 0.000203334755497, 0.000256372790318, 0.000228605611483, 7.99286572146e-05, 3.79905541195e-05, 2.51679703069e-05, 4.13071484218e-06, 2.46540480475e-06, 3.04685755737e-07, 1.70850029235e-07, 6.43981508119e-08, 5.56396884122e-08],
        "dmean2": [5.47163326701e-05, 0.00338405463845, 0.000326088047586, 0.000682321318891, 0.00447142636403, 8.94949407666e-05, 0.000702041899785, 9.65282815741e-05, 0.0047919000499, 0.000321767496644, 0.00039123906754, 0.000314029748552, 0.000361050741049, 0.00239628949203, 0.00075195467798, 0.000345222040778, 0.000384590064641, 0.000344710220816, 0.000111601504614, 6.50959773338e-05, 3.92030488001e-05, 6.42665281703e-06, 4.57571695733e-06, 5.04792126321e-07, 2.97039775887e-07, 1.0244485793e-07, 8.18082241949e-08],
        "dvar": [1.25861165934e-09, 3.00416309074e-06, 2.43878286454e-08, 9.45389686535e-08, 4.19676007368e-06, 2.78005374277e-09, 1.70996955262e-07, 4.02444300107e-09, 7.45036732042e-06, 2.08166905935e-08, 5.91142104156e-08, 3.16931689781e-08, 4.44533903021e-08, 2.78279185295e-06, 4.2764733621e-07, 3.38807488731e-08, 8.33502156183e-08, 6.8567509004e-08, 6.47860920466e-09, 1.38671596428e-09, 1.04897768249e-09, 1.57271123208e-11, 6.76027549912e-12, 1.08798515715e-13, 5.39204741783e-14, 3.694672335e-14, 4.07955224777e-14],
        "dvar2": [2.59466559349e-09, 7.19203126209e-06, 6.84724525968e-08, 3.28946839545e-07, 1.00650886452e-05, 6.94672186441e-09, 5.11706900852e-07, 9.79063852213e-09, 1.5533534679e-05, 6.58658976249e-08, 1.53150992332e-07, 9.03956163256e-08, 1.56270999696e-07, 4.97539531352e-06, 6.56751865336e-07, 9.94885098748e-08, 2.05789632446e-07, 1.63401935538e-07, 1.32179733825e-08, 3.74046038587e-09, 2.18631579507e-09, 4.07242191358e-11, 2.19249236821e-11, 2.41997123295e-13, 8.87704487825e-14, 4.06606443393e-14, 4.51999616663e-14],
        "max": [0.000424753176048, 0.0236483197659, 0.00110364612192, 0.00257667247206, 0.0150424027815, 0.000601463310886, 0.00355922547169, 0.00115595757961, 0.0428411066532, 0.00126579659991, 0.00236302590929, 0.00122873147484, 0.00157343421597, 0.0218575596809, 0.0112621104345, 0.00232896907255, 0.00326302554458, 0.00261090090498, 0.000984411453828, 0.000352730363375, 0.000364936189726, 4.29167957918e-05, 2.30346413446e-05, 3.75817489839e-06, 3.38668951372e-06, 3.00169585898e-06, 3.29734871229e-06],
        "mean": [4.09365711675e-05, 0.0100018540397, 0.000347636261722, 0.000741882191505, 0.00496297748759, 0.000103619415313, 0.00049263559049, 0.000163425982464, 0.018588911742, 0.000365748477634, 0.000810020952486, 0.000266666349489, 0.000335293181706, 0.00489083351567, 0.00211121910252, 0.000528715318069, 0.000651555194054, 0.000580482883379, 0.000235569750657, 9.01357198018e-05, 8.72531163623e-05, 1.48615854414e-05, 4.22857920057e-06, 8.54462712141e-07, 4.23858523391e-07, 1.20280333249e-07, 2.70063225116e-07],
        "median": [3.20922554238e-05, 0.00949859805405, 0.000318273872836, 0.000653915689327, 0.00455103861168, 8.13129081507e-05, 0.000357877783244, 0.000133661698783, 0.0184871908277, 0.00032845424721, 0.000801814603619, 0.000189246988157, 0.000212810977246, 0.0036815602798, 0.00134991237428, 0.000406476028729, 0.000483109499328, 0.000422835350037, 0.00019131146837, 8.15301536932e-05, 7.0088004577e-05, 1.30209709823e-05, 3.63030699191e-06, 7.53559959321e-07, 3.72053392539e-07, 8.70689262911e-08, 2.48817940474e-07],
        "min": [2.17595720642e-06, 0.000124623009469, 1.91704439203e-05, 1.70272978721e-05, 5.26463627466e-05, 2.37842368733e-06, 7.47678586777e-06, 7.58613487051e-06, 0.000291886506602, 4.56069756183e-05, 2.91313917842e-05, 1.74366341525e-05, 1.44120285768e-05, 6.28543566563e-05, 6.13394295215e-05, 4.08670030083e-06, 2.78514562524e-06, 3.71984715457e-05, 2.35990828514e-05, 2.47314710577e-06, 9.20997024423e-07, 1.03556601516e-06, 5.78049480282e-07, 2.76530329302e-07, 1.01102315853e-07, 1.06779056708e-08, 1.22421596416e-07],
        "var": [1.4888831279e-09, 1.59182854986e-05, 3.94123311764e-08, 2.33226145951e-07, 7.60198827265e-06, 8.48865600034e-09, 2.20008729457e-07, 1.81222077345e-08, 0.000139859868796, 4.22718464677e-08, 1.49602556121e-07, 4.79918043084e-08, 9.89354447256e-08, 1.96515866264e-05, 4.96547318107e-06, 1.35208424012e-07, 2.86059332666e-07, 2.17484384279e-07, 2.60136214791e-08, 1.8931602952e-09, 4.08999900614e-09, 5.69807673267e-11, 6.84932362563e-12, 1.96641951312e-13, 7.16241370141e-14, 4.03851519554e-14, 4.34212094177e-14]
    },
    "erbbands": {
        "dmean": [0.0655095279217, 0.527536392212, 0.431027621031, 0.551553070545, 8.79810810089, 6.89794635773, 0.560104370117, 0.639307439327, 2.62415218353, 5.55155849457, 4.96280002594, 101.017555237, 18.4511795044, 10.3898000717, 5.28460216522, 8.35428333282, 9.89202308655, 52.3621711731, 45.6744728088, 17.0657157898, 12.4409894943, 13.5340633392, 9.29378986359, 8.47593402863, 3.84944009781, 1.57018721104, 0.950752019882, 0.94601303339, 0.164924755692, 0.0523382760584, 0.0812350437045, 0.0155564825982, 0.00369632500224, 0.00161239644513, 0.00162211805582, 0.000505928997882, 7.65642398619e-05, 2.17383039853e-05, 8.8825918283e-06, 6.26999872111e-06],
        "dmean2": [0.108391731977, 0.746531844139, 0.607090950012, 0.908174216747, 13.6971931458, 12.4162120819, 0.958494842052, 0.91224116087, 4.63568878174, 9.84257030487, 7.98058605194, 148.728530884, 26.7447605133, 18.4403457642, 8.93859100342, 14.5944042206, 18.4534816742, 69.8877334595, 62.6790351868, 23.5810127258, 20.8805446625, 19.5321578979, 14.9209127426, 12.151640892, 5.42967128754, 2.73454999924, 1.56391239166, 1.40687954426, 0.26081302762, 0.0887709483504, 0.151135519147, 0.0271405428648, 0.00602009147406, 0.00259006698616, 0.00289275962859, 0.000876791309565, 0.000118247298815, 3.22031737596e-05, 1.34026095111e-05, 9.87260045804e-06],
        "dvar": [0.00277492660098, 0.161475926638, 0.102149896324, 0.219715029001, 42.1792449951, 37.5502548218, 0.272457748652, 0.305284589529, 7.75091695786, 31.8334693909, 16.4273262024, 6912.66601562, 237.542800903, 93.4474182129, 26.175699234, 67.2360305786, 110.013504028, 2411.01855469, 1694.98937988, 370.716949463, 157.594070435, 239.05241394, 132.517852783, 98.714805603, 14.0190439224, 2.74550557137, 1.2123042345, 1.3016898632, 0.0265193041414, 0.00228717783466, 0.00724245049059, 0.000179335911525, 2.32183647313e-05, 6.24042149866e-06, 3.88913485949e-06, 6.521134992e-07, 1.33747803943e-07, 1.71591416631e-08, 8.13521805476e-10, 3.35160406373e-11],
        "dvar2": [0.00703023374081, 0.365278720856, 0.199582964182, 0.712545335293, 108.43989563, 96.0025100708, 0.6270865798, 0.720853805542, 22.3203163147, 96.3817367554, 41.3704605103, 13982.4541016, 518.508117676, 277.889556885, 66.3471298218, 197.814361572, 393.16418457, 4162.61914062, 3131.65332031, 590.069885254, 420.17779541, 550.141662598, 373.57699585, 221.443115234, 24.6504268646, 7.65799093246, 2.95090842247, 2.50407600403, 0.0695407912135, 0.00620396295562, 0.0233960691839, 0.000526657211594, 4.51794549008e-05, 8.90234605322e-06, 8.17793807073e-06, 9.47918238126e-07, 1.46694006276e-07, 1.88965145753e-08, 9.1077334563e-10, 5.56087016712e-11],
        "max": [0.734618842602, 5.13401937485, 2.73983931541, 4.17039585114, 51.9567489624, 42.1561889648, 3.99517464638, 6.76841974258, 25.2641944885, 46.7655982971, 56.71925354, 1298.06762695, 230.639373779, 89.9716567993, 50.0674438477, 53.8574867249, 76.1898040771, 671.978637695, 582.973327637, 349.22064209, 184.813583374, 169.022338867, 121.770423889, 108.767654419, 53.1384429932, 17.4735202789, 11.372300148, 12.4419279099, 1.79829025269, 0.494188249111, 0.635855615139, 0.0988535434008, 0.0603325404227, 0.0370626859367, 0.0245399009436, 0.012180279009, 0.00558474333957, 0.00203478708863, 0.000475125212688, 7.92164646555e-05],
        "mean": [0.276110738516, 2.28576946259, 1.09208595753, 1.43494880199, 18.0592460632, 10.9157085419, 1.19985795021, 1.24064540863, 3.81931018829, 7.59629678726, 25.3934612274, 558.044372559, 105.623840332, 28.4661273956, 17.6219921112, 12.7499809265, 19.125038147, 150.367553711, 166.060714722, 71.6924285889, 39.0302581787, 34.3570365906, 24.732257843, 23.7102222443, 10.8748788834, 3.95975518227, 3.03565406799, 3.18930697441, 0.658524334431, 0.171065270901, 0.131455332041, 0.0350463949144, 0.0106293726712, 0.00456576189026, 0.00336213270202, 0.0010387202492, 0.000137814990012, 6.32586306892e-05, 5.46318151464e-05, 5.95894198341e-05],
        "median": [0.266917914152, 2.18018603325, 0.984570682049, 1.34003376961, 16.5932655334, 9.11069107056, 1.04689884186, 0.957189142704, 2.88519334793, 5.69228172302, 24.5448989868, 546.205505371, 106.390701294, 27.440738678, 17.1583271027, 9.57237052917, 13.7214136124, 114.723831177, 135.8621521, 48.0206298828, 30.0613269806, 24.4630432129, 20.5270652771, 18.5627326965, 8.27744579315, 3.56949806213, 2.58675384521, 2.50579190254, 0.590671658516, 0.153650820255, 0.111034408212, 0.0315892025828, 0.00911403354257, 0.00396585278213, 0.00294106290676, 0.000883240776602, 7.58767127991e-05, 4.99816524098e-05, 5.16350664839e-05, 6.06620887993e-05],
        "min": [0.00427548587322, 0.0256901234388, 0.0682117417455, 0.110074587166, 0.171009272337, 0.172221660614, 0.089103795588, 0.0583982057869, 0.0928808003664, 0.164872288704, 1.01277327538, 6.66120481491, 5.33361625671, 1.01503121853, 1.71239221096, 1.62624919415, 1.54045748711, 5.40157175064, 7.11636066437, 1.43020403385, 0.229746207595, 0.17755804956, 1.20225989819, 2.36891007423, 0.59209883213, 0.140358313918, 0.0752247199416, 0.0289549194276, 0.0343985855579, 0.0302437543869, 0.0157150775194, 0.0091491388157, 0.00299548450857, 0.0012144241482, 0.000782990595326, 0.000246168579906, 3.45002772519e-05, 2.3041784516e-05, 3.39251782862e-05, 7.30131068849e-06],
        "var": [0.0121393352747, 0.850234568119, 0.259743869305, 0.504379212856, 108.695068359, 47.5546112061, 0.465777277946, 1.05744481087, 11.14249897, 40.699344635, 184.890380859, 129869.148438, 3441.05078125, 171.811172485, 71.2393493652, 98.5713653564, 238.079101562, 17936.9921875, 12784.3857422, 4510.10253906, 793.269897461, 809.963623047, 313.135040283, 292.17779541, 61.2967605591, 3.76688456535, 3.63008666039, 5.86905622482, 0.111093260348, 0.00499245012179, 0.00710750976577, 0.000291748030577, 3.7818968849e-05, 9.16280532692e-06, 4.6167929213e-06, 7.72964710904e-07, 1.39275982747e-07, 1.7224024873e-08, 8.19932177709e-10, 1.05859404576e-10]
    },
    "gfcc": {
        "mean": [-9.91626262665, 156.469985962, -167.529968262, 32.0723571777, -21.7277069092, 4.9575958252, -2.00479698181, 8.36460018158, 1.14813923836, -9.92282581329, -25.754524231, -24.6976947784, -0.601746857166],
        "cov": [[190.288894653, -15.5218162537, -47.2667388916, 48.3557701111, 11.2371587753, -8.961353302, -32.5847930908, -13.0502290726, 13.6038188934, 25.1438961029, 4.33329153061, 28.2212963104, 8.9600982666], [-15.5218162537, 82.9369125366, 3.26100373268, -20.9232463837, -14.4283638, -21.6694412231, 17.2988395691, -8.82032775879, 8.66622066498, -24.032951355, -10.2071390152, -23.5671043396, 9.14643001556], [-47.2667388916, 3.26100373268, 81.6387863159, 15.6697015762, -19.8290290833, -3.8353536129, 4.23942136765, 12.1322803497, -26.1937179565, -20.3313541412, -0.651785433292, 3.94875812531, -4.21117448807], [48.3557701111, -20.9232463837, 15.6697015762, 79.9574737549, 21.2833614349, 3.29155039787, -18.6741867065, -16.5120296478, -17.0076618195, 8.20419883728, 19.7835884094, 27.9909286499, 7.36628818512], [11.2371587753, -14.4283638, -19.8290290833, 21.2833614349, 54.9756546021, 21.3102664948, -15.0127315521, -21.6113452911, -10.1609840393, 19.7875537872, 19.100233078, 4.90943479538, -5.83962965012], [-8.961353302, -21.6694412231, -3.8353536129, 3.29155039787, 21.3102664948, 44.6889762878, 7.47720432281, -9.57974052429, -5.16618251801, 9.44209766388, 7.01712942123, -5.73400163651, -0.979869306087], [-32.5847930908, 17.2988395691, 4.23942136765, -18.6741867065, -15.0127315521, 7.47720432281, 50.7239608765, 22.6492404938, -0.723812937737, -18.178068161, -12.5572347641, -16.0405845642, 2.77002000809], [-13.0502290726, -8.82032775879, 12.1322803497, -16.5120296478, -21.6113452911, -9.57974052429, 22.6492404938, 64.613899231, 16.3192234039, -25.1682109833, -14.4475774765, -5.10370016098, -12.2076673508], [13.6038188934, 8.66622066498, -26.1937179565, -17.0076618195, -10.1609840393, -5.16618251801, -0.723812937737, 16.3192234039, 55.2032546997, 13.8044586182, -13.2513332367, -13.9153575897, 1.83696448803], [25.1438961029, -24.032951355, -20.3313541412, 8.20419883728, 19.7875537872, 9.44209766388, -18.178068161, -25.1682109833, 13.8044586182, 60.3849411011, 22.2056884766, 8.3534822464, 0.11541672051], [4.33329153061, -10.2071390152, -0.651785433292, 19.7835884094, 19.100233078, 7.01712942123, -12.5572347641, -14.4475774765, -13.2513332367, 22.2056884766, 48.5792694092, 19.3543586731, -9.9340057373], [28.2212963104, -23.5671043396, 3.94875812531, 27.9909286499, 4.90943479538, -5.73400163651, -16.0405845642, -5.10370016098, -13.9153575897, 8.3534822464, 19.3543586731, 47.6587982178, 8.80272960663], [8.9600982666, 9.14643001556, -4.21117448807, 7.36628818512, -5.83962965012, -0.979869306087, 2.77002000809, -12.2076673508, 1.83696448803, 0.11541672051, -9.9340057373, 8.80272960663, 33.5467414856]],
        "icov": [[0.0123376771808, -0.0096799870953, 0.0134447440505, -0.0122914416716, 0.00946098472923, -0.00753519823775, 0.0104833692312, -0.00959839578718, 0.00823917333037, -0.010117857717, 0.00947159994394, -0.0059106699191, 0.00473836250603], [-0.0096799870953, 0.0498416610062, -0.0215713512152, 0.0184505824, -0.0206975024194, 0.0370303504169, -0.0297522712499, 0.0371643975377, -0.0314288586378, 0.0358036719263, -0.0265105105937, 0.0201217718422, -0.0158360917121], [0.0134447440505, -0.0215713512152, 0.0385861061513, -0.0223059244454, 0.0263362750411, -0.0197884682566, 0.0213520023972, -0.0245934054255, 0.028744565323, -0.018972992897, 0.0153255620971, -0.00558501761407, 0.009821055457], [-0.0122914416716, 0.0184505824, -0.0223059244454, 0.0346676781774, -0.0215363763273, 0.0150706451386, -0.0130302589387, 0.017652856186, -0.0155751314014, 0.0179315321147, -0.0164992045611, 0.00069761328632, -0.0122466841713], [0.00946098472923, -0.0206975024194, 0.0263362750411, -0.0215363763273, 0.0506288707256, -0.0304652508348, 0.0234844051301, -0.0172420106828, 0.025022584945, -0.0213098842651, 0.0102382367477, -0.00382188218646, 0.0135987931862], [-0.00753519823775, 0.0370303504169, -0.0197884682566, 0.0150706451386, -0.0304652508348, 0.0601691231132, -0.0324979051948, 0.0306335650384, -0.0241360999644, 0.023593261838, -0.0213474296033, 0.0182550456375, -0.0134628908709], [0.0104833692312, -0.0297522712499, 0.0213520023972, -0.0130302589387, 0.0234844051301, -0.0324979051948, 0.055910974741, -0.0395046211779, 0.031098594889, -0.0219389535487, 0.01419056952, 0.000875186407939, -0.00265511055477], [-0.00959839578718, 0.0371643975377, -0.0245934054255, 0.017652856186, -0.0172420106828, 0.0306335650384, -0.0395046211779, 0.0648571774364, -0.0437971353531, 0.0400309897959, -0.0161852035671, 0.000199753121706, 0.00763956503943], [0.00823917333037, -0.0314288586378, 0.028744565323, -0.0155751314014, 0.025022584945, -0.0241360999644, 0.031098594889, -0.0437971353531, 0.0615349672735, -0.0401502065361, 0.0226036645472, 0.00220234575681, 0.00142606568988], [-0.010117857717, 0.0358036719263, -0.018972992897, 0.0179315321147, -0.0213098842651, 0.023593261838, -0.0219389535487, 0.0400309897959, -0.0401502065361, 0.0591050125659, -0.0315724126995, 0.00922101084143, -0.00979383196682], [0.00947159994394, -0.0265105105937, 0.0153255620971, -0.0164992045611, 0.0102382367477, -0.0213474296033, 0.01419056952, -0.0161852035671, 0.0226036645472, -0.0315724126995, 0.0554419048131, -0.0261524040252, 0.0264931619167], [-0.0059106699191, 0.0201217718422, -0.00558501761407, 0.00069761328632, -0.00382188218646, 0.0182550456375, 0.000875186407939, 0.000199753121706, 0.00220234575681, 0.00922101084143, -0.0261524040252, 0.0519176535308, -0.0264133606106], [0.00473836250603, -0.0158360917121, 0.009821055457, -0.0122466841713, 0.0135987931862, -0.0134628908709, -0.00265511055477, 0.00763956503943, 0.00142606568988, -0.00979383196682, 0.0264931619167, -0.0264133606106, 0.0564882867038]]
    },
    "melbands": {
        "dmean": [0.000620690989308, 0.000402233446948, 0.000302788597764, 0.000685173610691, 5.15412284585e-05, 1.30727667056e-05, 5.83519176871e-05, 4.93490879308e-05, 4.73980217066e-05, 0.000655500392895, 6.92932808306e-05, 3.94607013732e-05, 2.66775223281e-05, 2.43258145929e-05, 8.61040098243e-06, 2.48545729846e-05, 0.000133568188176, 0.000110326553113, 5.60883599974e-05, 1.24618136397e-05, 1.54765966727e-05, 1.4012887732e-05, 9.80805998552e-06, 1.16639075713e-05, 6.99800693837e-06, 4.02085925089e-06, 1.50931407461e-06, 1.25909423332e-06, 5.26388021171e-07, 9.34521040108e-07, 3.79201736678e-07, 1.22390389379e-07, 4.24826289702e-08, 3.10959755723e-08, 5.62204576227e-08, 2.40571971233e-08, 6.16391027108e-09, 3.03096125975e-09, 1.75575110006e-09, 1.33942812397e-09],
        "dmean2": [0.000949347566348, 0.000547024072148, 0.000457109272247, 0.00118901976384, 8.84710389073e-05, 1.91031522263e-05, 0.000103137950646, 8.7324740889e-05, 8.53141973494e-05, 0.000944145314861, 0.00011164235184, 7.05381098669e-05, 4.34052744822e-05, 4.21619479312e-05, 1.55890775204e-05, 4.59771872556e-05, 0.000177514419192, 0.000152069231262, 7.59317481425e-05, 2.12396607822e-05, 2.58194286289e-05, 2.0479912564e-05, 1.51082113007e-05, 1.69441573235e-05, 1.01055029518e-05, 5.55002407054e-06, 2.50408788816e-06, 2.16415924115e-06, 8.8614649485e-07, 1.41236739637e-06, 5.61389754239e-07, 1.95333797137e-07, 6.66634889512e-08, 5.53178196583e-08, 1.05462767408e-07, 4.33987814574e-08, 1.03708117649e-08, 4.96595076172e-09, 2.88189849762e-09, 2.21681051293e-09],
        "dvar": [2.21697220582e-07, 8.83914665906e-08, 4.9866926588e-08, 2.91405882535e-07, 1.87962845288e-09, 1.27717600384e-10, 3.77201958557e-09, 2.49381826301e-09, 1.46837775272e-09, 2.90669106562e-07, 3.38889249996e-09, 1.33347777265e-09, 6.76948830325e-10, 5.70630875885e-10, 5.4649399589e-11, 7.32531924008e-10, 1.56318940014e-08, 1.06186863746e-08, 4.39806768782e-09, 1.46117881683e-10, 3.16759035668e-10, 2.43774916919e-10, 1.24528401479e-10, 1.73115341506e-10, 6.55792295468e-11, 1.68139651507e-11, 2.75956080903e-12, 1.69573177115e-12, 2.67582451422e-13, 1.33258833655e-12, 1.8041557831e-13, 1.34079860658e-14, 1.57572120398e-15, 1.03057715187e-15, 4.05149326496e-15, 4.32719777767e-16, 3.42531818976e-17, 1.59024447059e-17, 5.75685404934e-18, 4.56161694169e-18],
        "dvar2": [5.56482291358e-07, 1.91711123421e-07, 1.45422788478e-07, 7.13534632268e-07, 4.50289272536e-09, 3.12005449254e-10, 1.10508668882e-08, 7.51658024711e-09, 4.33058877647e-09, 5.86115220358e-07, 8.0036235417e-09, 4.03814981453e-09, 1.7387722373e-09, 1.60294788554e-09, 1.8667779822e-10, 2.53982457288e-09, 2.74126641386e-08, 1.94653893004e-08, 6.93714241606e-09, 4.16062378994e-10, 8.17701240052e-10, 5.79965575565e-10, 3.60895563434e-10, 3.82830711576e-10, 1.49385726012e-10, 2.56152668521e-11, 7.0796957706e-12, 4.83688089581e-12, 6.88740947954e-13, 2.73342199569e-12, 3.40073509717e-13, 3.42893404371e-14, 3.67538649594e-15, 3.07352448241e-15, 1.299988898e-14, 1.39160186399e-15, 9.70319717693e-17, 3.3586103747e-17, 9.1044345496e-18, 6.53554409361e-18],
        "max": [0.00700121186674, 0.00325186480768, 0.00200838781893, 0.0039026082959, 0.000277589337202, 0.000136331640533, 0.000543210830074, 0.00041170665645, 0.000410291075241, 0.00853830296546, 0.000744173012208, 0.000326526904246, 0.000230660793022, 0.000173659354914, 4.64458353235e-05, 0.000209781355807, 0.00168914278038, 0.00136377417948, 0.00114713143557, 0.000137939394335, 0.000291074276902, 0.000161081465194, 0.000118005293189, 0.000130827786052, 8.98195939953e-05, 5.97267207922e-05, 1.29977543111e-05, 1.30443904709e-05, 5.36593097422e-06, 1.30764565256e-05, 4.55297094959e-06, 1.13413796043e-06, 6.36272204702e-07, 3.61660227099e-07, 5.18471210853e-07, 1.31326729047e-07, 4.53234036968e-08, 4.86369486907e-08, 3.22799067476e-08, 3.12171835049e-08],
        "mean": [0.0028185560368, 0.00143963156734, 0.00071460014442, 0.00122928339988, 7.82427014201e-05, 2.37565363932e-05, 7.7060831245e-05, 7.0620146289e-05, 0.000153314365889, 0.00369141367264, 0.000331678806106, 9.5362396678e-05, 8.63110326463e-05, 3.61505335604e-05, 1.44531386468e-05, 4.43065364379e-05, 0.000371314410586, 0.000340132537531, 0.000207598408451, 3.00447809423e-05, 4.63588585262e-05, 3.52869028575e-05, 2.23880251724e-05, 2.94142282655e-05, 1.82173153007e-05, 1.08256153908e-05, 3.34048672812e-06, 2.50983316619e-06, 1.48901392549e-06, 2.91720107271e-06, 1.31569413497e-06, 3.87952439951e-07, 1.57758123009e-07, 6.76412312828e-08, 8.5662613003e-08, 4.18876417996e-08, 1.40374529778e-08, 7.76171571459e-09, 4.47311565566e-09, 3.36774630405e-09],
        "median": [0.00267136679031, 0.00133389863186, 0.000672355468851, 0.00109958869871, 6.46169719403e-05, 1.82424519153e-05, 5.72110548092e-05, 5.43450551049e-05, 0.000145198937389, 0.00365154165775, 0.00033596585854, 8.88050199137e-05, 8.30981807667e-05, 2.50792563747e-05, 1.22074034152e-05, 2.82091568806e-05, 0.000280578329694, 0.00027469242923, 0.000127376668388, 2.27456876019e-05, 3.47624190908e-05, 2.55407539953e-05, 1.74673059519e-05, 2.11424994632e-05, 1.44732575791e-05, 7.42637712392e-06, 2.84240900328e-06, 2.21648269871e-06, 1.30878652271e-06, 2.23936922339e-06, 1.08485926376e-06, 3.51179494373e-07, 1.35702322268e-07, 6.13283575035e-08, 7.16780519383e-08, 3.65101904265e-08, 1.24330767903e-08, 6.84108769633e-09, 3.77429554277e-09, 2.86419488127e-09],
        "min": [3.9201000618e-05, 3.59605328413e-05, 2.10878079088e-05, 1.31246360979e-05, 3.90933655581e-06, 7.31708780677e-07, 1.4573407725e-06, 1.94225981431e-06, 6.82473591951e-06, 4.55283843621e-05, 1.85761018656e-05, 3.81455697607e-06, 4.8525598686e-06, 2.74979106507e-06, 1.5048426576e-06, 2.1669866328e-06, 4.65997391075e-06, 1.36100188683e-05, 4.15225304096e-06, 3.594708744e-07, 2.35976287399e-07, 1.30529514308e-07, 3.71604414795e-07, 1.81107327535e-06, 2.00127738026e-06, 7.18671117284e-07, 6.75695446262e-08, 9.4945974638e-08, 5.69431755082e-08, 1.95428739858e-08, 1.61445612434e-08, 1.97479490538e-08, 1.85074267023e-08, 1.5036848211e-08, 1.02207620145e-08, 5.98990368417e-09, 3.79258580097e-09, 1.91998128507e-09, 9.20332809962e-10, 9.57464774132e-10],
        "var": [1.23168399568e-06, 3.61031567309e-07, 1.56621837277e-07, 4.93731022289e-07, 3.15313553045e-09, 4.46602838045e-10, 5.11568787331e-09, 3.51841578095e-09, 6.04954752959e-09, 5.65899836147e-06, 3.08582350783e-08, 2.44733877608e-09, 1.92364457696e-09, 8.95998886197e-10, 8.6674230293e-11, 1.75004344349e-09, 1.15375470955e-07, 7.08837930574e-08, 5.07171442621e-08, 4.58342669374e-10, 1.63071278703e-09, 8.47117209712e-10, 3.05856229232e-10, 6.01058813832e-10, 1.88266027767e-10, 8.035463267e-11, 3.7683185565e-12, 2.38722908628e-12, 7.15466314666e-13, 5.39914597406e-12, 8.46311681759e-13, 4.89734189074e-14, 8.52028578171e-15, 1.2204486926e-15, 3.71620628421e-15, 5.53036069834e-16, 5.37961345062e-17, 2.28347889938e-17, 9.81249536368e-18, 6.09776619905e-18]
    },
    "mfcc": {
        "mean": [-641.264282227, 178.931045532, -62.2360229492, 41.9095306396, 0.657915532589, 17.3173389435, 2.08346033096, 17.1232738495, 23.0524559021, 24.7864837646, 6.941883564, -11.7637825012, -25.4041690826],
        "cov": [[247.282943726, -43.5710525513, -57.1139793396, 39.1867103577, 24.7799758911, 19.9701423645, -36.1081886292, -21.8248252869, 1.73759257793, -37.6470718384, -8.92825698853, 54.2041053772, 18.8445072174], [-43.5710525513, 85.8338317871, 2.43687534332, -14.7178468704, -25.4090557098, -14.6908855438, -3.50006103516, -0.881774663925, 5.87239694595, 9.86880588531, -1.17657625675, -24.6542110443, -17.8211402893], [-57.1139793396, 2.43687534332, 89.0382995605, 13.9879827499, -15.4776468277, -19.3697376251, 7.06940507889, 18.8508586884, 0.0516848228872, 4.0196146965, -24.0623493195, -15.8814125061, 17.6426582336], [39.1867103577, -14.7178468704, 13.9879827499, 62.0250511169, 13.5613460541, -2.9501786232, -4.653236866, -0.165047079325, -5.02932167053, -20.039937973, -13.5993366241, 7.86308193207, 17.8120231628], [24.7799758911, -25.4090557098, -15.4776468277, 13.5613460541, 59.9786109924, 19.8083724976, -0.521769702435, -14.3017892838, -20.7238788605, -11.0431003571, 6.19089460373, 15.7977991104, 6.62609195709], [19.9701423645, -14.6908855438, -19.3697376251, -2.9501786232, 19.8083724976, 70.5156936646, 15.7890815735, -34.8166542053, -14.3302001953, -2.30038619041, -4.65818786621, 0.659147083759, 3.47439694405], [-36.1081886292, -3.50006103516, 7.06940507889, -4.653236866, -0.521769702435, 15.7890815735, 65.8237609863, 13.648106575, -20.6292762756, -0.410760194063, 0.683170557022, -20.6893291473, 4.82375192642], [-21.8248252869, -0.881774663925, 18.8508586884, -0.165047079325, -14.3017892838, -34.8166542053, 13.648106575, 69.7105941772, 14.5934457779, 2.74718904495, -4.62530422211, -13.6517477036, -3.86520981789], [1.73759257793, 5.87239694595, 0.0516848228872, -5.02932167053, -20.7238788605, -14.3302001953, -20.6292762756, 14.5934457779, 66.2978134155, 12.0360021591, -10.6498632431, 3.01620841026, -12.2993249893], [-37.6470718384, 9.86880588531, 4.0196146965, -20.039937973, -11.0431003571, -2.30038619041, -0.410760194063, 2.74718904495, 12.0360021591, 57.5651512146, 15.7722215652, -18.368227005, -13.3782968521], [-8.92825698853, -1.17657625675, -24.0623493195, -13.5993366241, 6.19089460373, -4.65818786621, 0.683170557022, -4.62530422211, -10.6498632431, 15.7722215652, 52.099937439, 7.26467466354, -17.3009986877], [54.2041053772, -24.6542110443, -15.8814125061, 7.86308193207, 15.7977991104, 0.659147083759, -20.6893291473, -13.6517477036, 3.01620841026, -18.368227005, 7.26467466354, 60.6491661072, 18.6802387238], [18.8445072174, -17.8211402893, 17.6426582336, 17.8120231628, 6.62609195709, 3.47439694405, 4.82375192642, -3.86520981789, -12.2993249893, -13.3782968521, -17.3009986877, 18.6802387238, 54.3426055908]],
