{
"lowlevel": {
    "average_loudness": 0.977143585682,
    "barkbands_crest": {
        "dmean": 0.539170086384,
        "dmean2": 0.928661108017,
        "dvar": 0.299100756645,
        "dvar2": 0.98077660799,
        "max": 10.6823596954,
        "mean": 9.12507820129,
        "median": 9.15541362762,
        "min": 6.89825868607,
        "var": 0.581179857254
    },
    "barkbands_flatness_db": {
        "dmean": 0.00980621948838,
        "dmean2": 0.0142536172643,
        "dvar": 6.24795939075e-05,
        "dvar2": 0.000106203799078,
        "max": 0.220372468233,
        "mean": 0.180088102818,
        "median": 0.192400828004,
        "min": 0.0965658351779,
        "var": 0.000932130205911
    },
    "barkbands_kurtosis": {
        "dmean": 0.785900771618,
        "dmean2": 1.00701761246,
        "dvar": 0.504282593727,
        "dvar2": 0.752181828022,
        "max": 8.45150184631,
        "mean": 5.35461139679,
        "median": 5.74851322174,
        "min": -0.623382568359,
        "var": 3.30738782883
    },
    "barkbands_skewness": {
        "dmean": 0.115297190845,
        "dmean2": 0.154751062393,
        "dvar": 0.0226530004293,
        "dvar2": 0.0474288798869,
        "max": 2.40533494949,
        "mean": 1.9026324749,
        "median": 1.9736508131,
        "min": 0.46664494276,
        "var": 0.0877131149173
    },
    "barkbands_spread": {
        "dmean": 1.76528692245,
        "dmean2": 2.34150218964,
        "dvar": 3.37242913246,
        "dvar2": 5.54208850861,
        "max": 31.2847881317,
        "mean": 17.6300888062,
        "median": 16.4575634003,
        "min": 12.1322183609,
        "var": 13.5898103714
    },
    "dissonance": {
        "dmean": 0.0140932509676,
        "dmean2": 0.0231556780636,
        "dvar": 0.000391433131881,
        "dvar2": 0.000565905764233,
        "max": 0.487993270159,
        "mean": 0.454358279705,
        "median": 0.458163946867,
        "min": 0.271140217781,
        "var": 0.000607358873822
    },
    "dynamic_complexity": 0.584765791893,
    "erbbands_crest": {
        "dmean": 1.39944791794,
        "dmean2": 2.063403368,
        "dvar": 2.95416760445,
        "dvar2": 6.62098550797,
        "max": 22.3856983185,
        "mean": 17.6703624725,
        "median": 18.7719135284,
        "min": 6.74721765518,
        "var": 12.300655365
    },
    "erbbands_flatness_db": {
        "dmean": 0.00780320819467,
        "dmean2": 0.0117060104385,
        "dvar": 5.19811292179e-05,
        "dvar2": 9.35599091463e-05,
        "max": 0.197316706181,
        "mean": 0.170303925872,
        "median": 0.175091609359,
        "min": 0.117316812277,
        "var": 0.000297047430649
    },
    "erbbands_kurtosis": {
        "dmean": 0.197462022305,
        "dmean2": 0.288145750761,
        "dvar": 0.0836718007922,
        "dvar2": 0.23709616065,
        "max": 1.02561616898,
        "mean": -0.899299800396,
        "median": -0.978550195694,
        "min": -1.32421278954,
        "var": 0.106220088899
    },
    "erbbands_skewness": {
        "dmean": 0.146991178393,
        "dmean2": 0.190916731954,
        "dvar": 0.0174459647387,
        "dvar2": 0.0347255207598,
        "max": 1.11970853806,
        "mean": 0.612640321255,
        "median": 0.659756243229,
        "min": -0.592079341412,
        "var": 0.0970924794674
    },
    "erbbands_spread": {
        "dmean": 2.27449321747,
        "dmean2": 3.55642366409,
        "dvar": 9.74939346313,
        "dvar2": 30.1084041595,
        "max": 54.0919151306,
        "mean": 46.2941055298,
        "median": 47.0558319092,
        "min": 21.6612129211,
        "var": 16.473575592
    },
    "hfc": {
        "dmean": 2.74300050735,
        "dmean2": 3.59017109871,
        "dvar": 18.9690246582,
        "dvar2": 27.0546321869,
        "max": 45.371799469,
        "mean": 25.205947876,
        "median": 24.7746696472,
        "min": 0.698271453381,
        "var": 38.7002906799
    },
    "melbands_crest": {
        "dmean": 1.17653441429,
        "dmean2": 1.61147534847,
        "dvar": 4.81384754181,
        "dvar2": 7.60483455658,
        "max": 31.6288318634,
        "mean": 28.8104724884,
        "median": 30.0577907562,
        "min": 13.0756502151,
        "var": 10.177857399
    },
    "melbands_flatness_db": {
        "dmean": 0.010669356212,
        "dmean2": 0.0161968544126,
        "dvar": 8.12321668491e-05,
        "dvar2": 0.000133568813908,
        "max": 0.296094924212,
        "mean": 0.252121984959,
        "median": 0.262625664473,
        "min": 0.166634961963,
        "var": 0.000985485734418
    },
    "melbands_kurtosis": {
        "dmean": 2.87050104141,
        "dmean2": 3.99110221863,
        "dvar": 6.19921016693,
        "dvar2": 9.42049312592,
        "max": 32.5454139709,
        "mean": 18.4050216675,
        "median": 19.2080154419,
        "min": -0.0651364326477,
        "var": 41.7158164978
    },
    "melbands_skewness": {
        "dmean": 0.318981170654,
        "dmean2": 0.45442122221,
        "dvar": 0.104468993843,
        "dvar2": 0.201797395945,
        "max": 4.9705581665,
        "mean": 3.77286481857,
        "median": 3.9200797081,
        "min": 0.959346115589,
        "var": 0.506613612175
    },
    "melbands_spread": {
        "dmean": 1.80803513527,
        "dmean2": 2.52514362335,
        "dvar": 5.72212743759,
        "dvar2": 11.2023305893,
        "max": 33.02967453,
        "mean": 11.6062669754,
        "median": 10.1359062195,
        "min": 6.84943675995,
        "var": 18.5324993134
    },
    "pitch_salience": {
        "dmean": 0.0186680667102,
        "dmean2": 0.0271585602313,
        "dvar": 0.00127322075423,
        "dvar2": 0.0019761135336,
        "max": 0.730637311935,
        "mean": 0.464134216309,
        "median": 0.45446112752,
        "min": 0.406581282616,
        "var": 0.00213649170473
    },
    "silence_rate_20dB": {
        "dmean": 0,
        "dmean2": 0,
        "dvar": 0,
        "dvar2": 0,
        "max": 1,
        "mean": 1,
        "median": 1,
        "min": 1,
        "var": 0
    },
    "silence_rate_30dB": {
        "dmean": 0,
        "dmean2": 0,
        "dvar": 0,
        "dvar2": 0,
        "max": 1,
        "mean": 1,
        "median": 1,
        "min": 1,
        "var": 0
    },
    "silence_rate_60dB": {
        "dmean": 0,
        "dmean2": 0,
        "dvar": 0,
        "dvar2": 0,
        "max": 0,
        "mean": 0,
        "median": 0,
        "min": 0,
        "var": 0
    },
    "spectral_centroid": {
        "dmean": 61.9802017212,
        "dmean2": 86.9423599243,
        "dvar": 5156.71923828,
        "dvar2": 9745.33984375,
        "max": 1236.52233887,
        "mean": 759.547363281,
        "median": 712.818725586,
        "min": 582.085021973,
        "var": 17144.6035156
    },
    "spectral_complexity": {
        "dmean": 1.94444441795,
        "dmean2": 2.93258428574,
        "dvar": 4.89690876007,
        "dvar2": 5.14152383804,
        "max": 37,
        "mean": 14.4505491257,
        "median": 12,
        "min": 2,
        "var": 38.9068412781
    },
    "spectral_decrease": {
        "dmean": 1.49368650781e-09,
        "dmean2": 1.78511938564e-09,
        "dvar": 4.48807975805e-18,
        "dvar2": 5.74230601032e-18,
        "max": -4.72730354861e-10,
        "mean": -1.36983597798e-08,
        "median": -1.40134428506e-08,
        "min": -1.91565199259e-08,
        "var": 7.70296311726e-18
    },
    "spectral_energy": {
        "dmean": 0.00585915520787,
        "dmean2": 0.00694416742772,
        "dvar": 6.93625406711e-05,
        "dvar2": 8.94077747944e-05,
        "max": 0.0753123089671,
        "mean": 0.0539870485663,
        "median": 0.0550539605319,
        "min": 0.00184753024951,
        "var": 0.00011837517377
    },
    "spectral_energyband_high": {
        "dmean": 7.13797198841e-05,
        "dmean2": 9.5121373306e-05,
        "dvar": 1.8592972495e-08,
        "dvar2": 3.35337730917e-08,
        "max": 0.00185282761231,
        "mean": 0.000530131917913,
        "median": 0.000478196219774,
        "min": 1.0954847312e-05,
        "var": 4.1100129522e-08
    },
    "spectral_energyband_low": {
        "dmean": 0.000361147511285,
        "dmean2": 0.0005813712487,
        "dvar": 2.36807338183e-07,
        "dvar2": 3.5027363765e-07,
        "max": 0.00478359824046,
        "mean": 0.00366498087533,
        "median": 0.00367799168453,
        "min": 0.000410227745306,
        "var": 2.62154969732e-07
    },
    "spectral_energyband_middle_high": {
        "dmean": 0.000773697101977,
        "dmean2": 0.00111772562377,
        "dvar": 2.37550148086e-06,
        "dvar2": 5.48212483409e-06,
        "max": 0.0180444717407,
        "mean": 0.00496315583587,
        "median": 0.00435355957597,
        "min": 0.0001034692541,
        "var": 6.21466369921e-06
    },
    "spectral_energyband_middle_low": {
        "dmean": 0.00525902118534,
        "dmean2": 0.0064834067598,
        "dvar": 3.76466414309e-05,
        "dvar2": 5.49799478904e-05,
        "max": 0.0515530407429,
        "mean": 0.0335996076465,
        "median": 0.035517256707,
        "min": 0.00120834482368,
        "var": 7.41842304706e-05
    },
    "spectral_entropy": {
        "dmean": 0.108508788049,
        "dmean2": 0.149301126599,
        "dvar": 0.0203000511974,
        "dvar2": 0.024930588901,
        "max": 8.13036060333,
        "mean": 7.01595973969,
        "median": 6.89457559586,
        "min": 6.63622331619,
        "var": 0.101370841265
    },
    "spectral_flux": {
        "dmean": 0.00940870679915,
        "dmean2": 0.0140266669914,
        "dvar": 0.000521306064911,
        "dvar2": 0.000568366143852,
        "max": 0.243123784661,
        "mean": 0.0396002903581,
        "median": 0.0257757809013,
        "min": 0.0176487583667,
        "var": 0.00111443153583
    },
    "spectral_kurtosis": {
        "dmean": 0.749898791313,
        "dmean2": 1.27953052521,
        "dvar": 0.865791976452,
        "dvar2": 1.95147633553,
        "max": 11.8841018677,
        "mean": 6.26475858688,
        "median": 6.23003864288,
        "min": 4.5118932724,
        "var": 0.860242724419
    },
    "spectral_rms": {
        "dmean": 0.00042932049837,
        "dmean2": 0.000506896700244,
        "dvar": 6.24630729362e-07,
        "dvar2": 7.37126867989e-07,
        "max": 0.00857178028673,
        "mean": 0.00720068207011,
        "median": 0.00732879107818,
        "min": 0.00134256039746,
        "var": 8.20450736683e-07
    },
    "spectral_rolloff": {
        "dmean": 61.4892578125,
        "dmean2": 110.085479736,
        "dvar": 40933.2265625,
        "dvar2": 99461.2109375,
        "max": 1550.390625,
        "mean": 416.229705811,
        "median": 301.46484375,
        "min": 301.46484375,
        "var": 100725.890625
    },
    "spectral_skewness": {
        "dmean": 0.101988069713,
        "dmean2": 0.173049807549,
        "dvar": 0.0152383958921,
        "dvar2": 0.0414269156754,
        "max": 2.93073415756,
        "mean": 1.99236595631,
        "median": 1.9833136797,
        "min": 1.66824305058,
        "var": 0.0203237906098
    },
    "spectral_spread": {
        "dmean": 422595.03125,
        "dmean2": 560094.125,
        "dvar": 1.8483838976e+12,
        "dvar2": 1.10102577152e+12,
        "max": 21634884,
        "mean": 6122456.5,
        "median": 6037966,
        "min": 4386079,
        "var": 2.99705565184e+12
    },
    "spectral_strongpeak": {
        "dmean": 0.311669558287,
        "dmean2": 0.501475989819,
        "dvar": 0.326208949089,
        "dvar2": 0.768835663795,
        "max": 2.54592251778,
        "mean": 1.8945543766,
        "median": 2.07979869843,
        "min": 0,
        "var": 0.4074652493
    },
    "zerocrossingrate": {
        "dmean": 0.00519748264924,
        "dmean2": 0.00648481398821,
        "dvar": 2.89509607683e-05,
        "dvar2": 2.61134773609e-05,
        "max": 0.07373046875,
        "mean": 0.0447340756655,
        "median": 0.04443359375,
        "min": 0.0078125,
        "var": 0.000139429132105
    },
    "barkbands": {
        "dmean": [0.000913505442441, 0.00010325769108, 4.26585102105e-05, 4.83897456434e-05, 0.00280113262124, 0.00253392267041, 0.000146437276271, 0.000235496627283, 4.35112087871e-05, 0.000158031121828, 4.79438713228e-05, 5.09675010107e-05, 0.000436224538134, 0.000103639969893, 0.000122619516333, 0.000328753725626, 0.000113298381621, 4.00852513849e-05, 5.49775140826e-05, 3.12667361868e-05, 3.02403132082e-05, 1.34973270178e-05, 9.77860418061e-06, 1.16306837299e-05, 1.03610855149e-05, 1.53711953317e-05, 2.14113279071e-05],
        "dmean2": [0.00126542733051, 0.000175026711076, 7.73876454332e-05, 7.28896047804e-05, 0.00350679899566, 0.00353503460065, 0.000247576856054, 0.000349009293132, 8.33167432575e-05, 0.000250809389399, 8.4450293798e-05, 6.85052145855e-05, 0.000677812844515, 0.000157335263793, 0.000196573266294, 0.000515257532243, 0.000165224089869, 6.19812562945e-05, 8.03587317932e-05, 4.31790977018e-05, 4.76057248306e-05, 2.11281221709e-05, 1.62108117365e-05, 1.89705442608e-05, 1.65698165802e-05, 2.47497118835e-05, 3.41503109667e-05],
        "dvar": [4.13933321397e-06, 1.00126609226e-08, 3.62892405015e-09, 8.85768880465e-09, 9.73625174083e-06, 9.87931798591e-06, 1.01994039881e-07, 6.47252477393e-07, 3.19546380467e-08, 7.14211552122e-08, 2.55342929023e-08, 1.2592904497e-08, 1.53974315253e-06, 3.41498491707e-08, 1.16649921722e-07, 3.08284029416e-07, 2.44513156389e-08, 1.19507204133e-09, 2.97726887588e-09, 8.78150108186e-10, 4.91007856596e-09, 3.12390002755e-10, 1.05178914189e-10, 8.23824342078e-11, 9.71765307112e-11, 8.42131864243e-10, 4.84464468542e-10],
        "dvar2": [4.37671587861e-06, 2.03717505087e-08, 1.13538032309e-08, 2.23466827265e-08, 1.55079414981e-05, 1.35288491947e-05, 3.33973218858e-07, 1.52483175953e-06, 8.85398279138e-08, 1.90313642179e-07, 8.5662080096e-08, 1.99365821629e-08, 4.9268114708e-06, 7.51999778004e-08, 2.20661135586e-07, 9.15063424145e-07, 5.70561589086e-08, 3.07423730916e-09, 5.07189801269e-09, 1.51165591156e-09, 1.19661196507e-08, 7.2255312844e-10, 2.51772741544e-10, 2.10439346504e-10, 2.50848036787e-10, 2.13740625199e-09, 9.03035091149e-10],
        "max": [0.0184797775, 0.000840812572278, 0.000488676188979, 0.000751599436626, 0.0246843360364, 0.02784062922, 0.00259171519428, 0.00717193959281, 0.00153930578381, 0.00195904145949, 0.00121104111895, 0.00154839118477, 0.010682662949, 0.00181451824028, 0.0032243472524, 0.00438480405137, 0.00142003572546, 0.000354663730832, 0.000753326166887, 0.000304424727801, 0.000711861765012, 0.000207155273529, 0.000125379738165, 0.00011893275223, 0.000126586252009, 0.000310131901642, 0.000207037679502],
        "mean": [0.0146551271901, 0.000166118363268, 5.66058624827e-05, 6.01900428592e-05, 0.0151627622545, 0.0178268421441, 0.000219413705054, 0.000258567015408, 6.6729975515e-05, 0.000507039134391, 5.43697060493e-05, 0.000124955986394, 0.00115508609451, 0.000223121474846, 0.000267306284513, 0.00161265069619, 0.000539961736649, 0.000151273037773, 0.0002800814691, 0.000116751107271, 8.53255332913e-05, 4.12596637034e-05, 3.73036891688e-05, 4.23839701398e-05, 5.38424756087e-05, 7.44386197766e-05, 0.000140739692142],
        "median": [0.0147987697273, 0.000143709476106, 3.31525225192e-05, 2.72343604593e-05, 0.0159529820085, 0.0183534733951, 4.70437225886e-05, 3.52709757863e-05, 1.59040446306e-05, 0.000496488355566, 7.77067361923e-06, 2.9592836654e-05, 0.000978593016043, 0.000134535759571, 6.99819938745e-05, 0.00156931777019, 0.000547760690097, 0.000146833815961, 0.000270009419182, 0.000103475613287, 6.62896272843e-05, 3.2182164432e-05, 3.3653115679e-05, 4.03376907343e-05, 5.11132966494e-05, 7.08636653144e-05, 0.000141773969517],
        "min": [0.000271270226222, 3.6527751945e-05, 1.30341084059e-06, 1.64808841419e-06, 0.000562261440791, 0.000499248737469, 4.55085637441e-06, 4.76896639157e-06, 2.13262455873e-06, 1.23701156554e-05, 1.81334473837e-06, 1.41181544677e-06, 1.23581639855e-05, 6.53878578305e-06, 9.15440250537e-06, 4.34337380284e-05, 1.21726561702e-05, 1.04112837107e-06, 3.80394067179e-06, 2.41644465859e-06, 1.15043883397e-06, 1.11118504265e-06, 8.42143606405e-07, 8.34542220218e-07, 1.43138640851e-06, 1.28196336391e-06, 2.92606296171e-06],
        "var": [5.82404254601e-06, 1.36669484618e-08, 6.31087360148e-09, 1.27566393004e-08, 1.78274913196e-05, 2.211464016e-05, 1.84838214068e-07, 8.23501864033e-07, 4.12621439239e-08, 5.91527360427e-08, 2.70602278363e-08, 8.51167598626e-08, 1.44609180097e-06, 7.66698846633e-08, 3.50486686784e-07, 3.42457809666e-07, 2.79038818718e-08, 2.95295210506e-09, 9.73584945996e-09, 3.10941183912e-09, 6.64803634365e-09, 9.50492573537e-10, 2.69007843778e-10, 2.27245069984e-10, 2.20250623295e-10, 8.56902049318e-10, 6.42695063835e-10]
    },
    "erbbands": {
        "dmean": [0.00774181075394, 0.0154382595792, 0.0377665422857, 0.10632751137, 0.502227425575, 6.04154109955, 45.4891700745, 6.07286167145, 1.4101691246, 3.17423534393, 4.56376457214, 0.96988683939, 1.18137788773, 5.58222913742, 1.64709806442, 2.52869439125, 16.9490795135, 10.9712867737, 5.1161236763, 18.9139194489, 5.99356937408, 4.51917028427, 2.64859747887, 3.13571429253, 2.07604241371, 1.6559009552, 1.1895121336, 1.08916568756, 0.554713368416, 0.296392172575, 0.300550043583, 0.243651196361, 0.203590303659, 0.137233987451, 0.0885702520609, 0.0671678856015, 0.0353461541235, 0.0110818678513, 0.00306307012215, 0.000400025019189],
        "dmean2": [0.0133770378307, 0.0254576895386, 0.0666742548347, 0.164628967643, 0.886702179909, 7.71662044525, 57.5621452332, 8.3225440979, 2.19928264618, 5.86261034012, 7.24255657196, 1.75898981094, 1.87032151222, 8.98248577118, 2.68455529213, 3.72624802589, 28.0701808929, 14.2781038284, 8.32298183441, 31.0955848694, 8.89697647095, 6.39757537842, 4.22426557541, 4.76004600525, 3.28174233437, 2.30835914612, 1.85126781464, 1.75020194054, 0.824226737022, 0.439153820276, 0.52300208807, 0.410772144794, 0.340081930161, 0.229196146131, 0.149178221822, 0.114700078964, 0.0571576282382, 0.0176921170205, 0.00494899321347, 0.000654382165521],
        "dvar": [3.8329140807e-05, 0.000291581673082, 0.00272966059856, 0.0515561439097, 0.67566293478, 48.5904502869, 2911.75146484, 49.6530265808, 5.69152545929, 84.5138320923, 384.857421875, 14.0910816193, 4.44029283524, 99.9195175171, 22.7666740417, 38.2565612793, 4153.89599609, 212.164199829, 156.645523071, 1299.41040039, 101.011543274, 39.5459327698, 6.67488765717, 8.07555580139, 4.97406291962, 2.68288969994, 3.51301884651, 8.13355827332, 0.867572247982, 0.131758496165, 0.0739512518048, 0.0405741780996, 0.0263967309147, 0.017855964601, 0.00473557086661, 0.0115226693451, 0.00505150435492, 0.000123393328977, 8.54551763041e-06, 1.36581363108e-07],
        "dvar2": [0.000104630373244, 0.000654858420603, 0.00721968477592, 0.142329230905, 2.09117984772, 90.62449646, 4062.59130859, 76.3548965454, 14.8112268448, 266.264251709, 972.857727051, 37.4005279541, 11.7162590027, 265.890106201, 60.2772331238, 70.4560699463, 12989.9765625, 523.71875, 330.204589844, 3981.19238281, 269.215423584, 92.735168457, 14.3699703217, 13.5237197876, 9.87050914764, 4.94520807266, 7.76692247391, 20.3510570526, 2.07252955437, 0.252746373415, 0.179991111159, 0.110143922269, 0.0521392934024, 0.044452842325, 0.0128088891506, 0.028796389699, 0.0134048257023, 0.000247825490078, 1.69145168911e-05, 2.66306614094e-07],
        "max": [0.0513889864087, 0.120550043881, 0.463270187378, 1.89753091335, 5.26208543777, 53.0917129517, 462.8152771, 62.9612121582, 21.3651447296, 57.3863525391, 170.66027832, 33.6812438965, 18.8761367798, 75.990814209, 49.6745986938, 74.2910308838, 529.138000488, 161.89680481, 129.06262207, 274.709899902, 98.4501419067, 58.6187095642, 24.128824234, 32.9939231873, 25.375377655, 15.2224521637, 21.6155529022, 28.0661125183, 10.7108163834, 4.53880357742, 2.81905269623, 2.14886283875, 2.05575919151, 1.47404301167, 0.873175680637, 1.09239113331, 0.719486296177, 0.0992068499327, 0.0269059855491, 0.00329230469652],
        "mean": [0.0374333299696, 0.0286613367498, 0.0554033853114, 0.178804397583, 1.13076233864, 30.1759414673, 299.032989502, 38.5210456848, 3.5476603508, 5.24839878082, 4.88595199585, 1.56717777252, 3.79301595688, 18.0560112, 3.51975297928, 6.37620544434, 30.05651474, 42.0573959351, 14.375916481, 81.5130691528, 35.2986755371, 19.6662578583, 14.4859457016, 13.9891529083, 10.5902395248, 6.03158283234, 3.87686181068, 2.64736175537, 1.61028671265, 1.20934772491, 1.04604661465, 0.862091898918, 0.726694822311, 0.571132719517, 0.402811378241, 0.268404096365, 0.1431543082, 0.0630823075771, 0.0178911015391, 0.00224063708447],
        "median": [0.0364871397614, 0.0221127811819, 0.0341015346348, 0.0867151245475, 0.835986793041, 31.4263381958, 317.327880859, 39.4651908875, 2.19065976143, 0.676719903946, 0.789898872375, 0.425249755383, 3.54697084427, 17.3856468201, 1.27018332481, 1.64460754395, 18.1496887207, 39.3370437622, 6.57976961136, 73.1835784912, 33.3304824829, 19.4527206421, 14.8117246628, 13.759721756, 9.96563625336, 5.30866909027, 3.24884080887, 1.84782171249, 1.26070761681, 1.02753973007, 0.956381976604, 0.816578388214, 0.684184849262, 0.536057293415, 0.383959501982, 0.247052282095, 0.135825678706, 0.0630572736263, 0.0182591862977, 0.00224832003005],
        "min": [0.00937210675329, 0.00438169529662, 0.00745999999344, 0.0256648119539, 0.387877255678, 2.12197327614, 5.05307674408, 3.21209931374, 0.990756392479, 0.188410490751, 0.127724289894, 0.114240966737, 0.399442791939, 0.24347782135, 0.0796269029379, 0.074868619442, 0.445408344269, 0.513642787933, 0.233986020088, 2.31647658348, 1.05224883556, 0.629999101162, 0.164314448833, 0.138895705342, 0.194456070662, 0.136569783092, 0.0526285283267, 0.0427797622979, 0.0390775315464, 0.0445726215839, 0.0170592535287, 0.017347721383, 0.0139360455796, 0.0183892529458, 0.00776537833735, 0.00380457052961, 0.00267899339087, 0.000724276469555, 0.000380365090678, 5.79035186092e-05],
        "var": [4.43162643933e-05, 0.000445132347522, 0.00448203692213, 0.0892877578735, 1.07869398594, 70.6776580811, 6687.49023438, 91.1607131958, 11.9916172028, 151.225234985, 400.240905762, 18.682466507, 4.18954753876, 81.8525848389, 56.1254196167, 220.676940918, 3688.44018555, 519.071960449, 453.923065186, 1480.76171875, 154.218399048, 50.2757987976, 10.433807373, 24.4773597717, 12.2198057175, 7.51078176498, 7.33476018906, 10.0457277298, 1.7475361824, 0.577675700188, 0.153675824404, 0.0711031928658, 0.0802639424801, 0.0362726971507, 0.0130359800532, 0.0124365054071, 0.0047014830634, 0.000165817400557, 1.17791360026e-05, 1.87673407481e-07]
    },
    "gfcc": {
        "mean": [24.4880218506, 33.4189720154, -100.052604675, 7.14802837372, -23.9171123505, -20.8768520355, -60.5196495056, -19.3589897156, -28.2776470184, 2.61978578568, -0.977787494659, 20.7448501587, 20.2673835754],
        "cov": [[586.413085938, -19.8689937592, -132.172058105, -92.5795211792, -90.3406677246, 12.9756641388, 25.4558811188, -22.0214424133, 2.76706266403, 57.3929023743, -12.9223890305, -45.1595306396, -78.8070831299], [-19.8689937592, 98.5269012451, 12.7753190994, -20.0369472504, -35.0407562256, 5.44090366364, 22.8176994324, 21.2467632294, 25.9430274963, 17.676990509, -22.7346572876, -48.8488540649, -57.7056694031], [-132.172058105, 12.7753190994, 68.0713348389, 43.2694740295, 20.5930538177, -10.5728654861, -4.51054668427, 21.4969463348, 7.96951580048, -21.3245315552, -8.23223018646, 0.551589608192, 7.72321653366], [-92.5795211792, -20.0369472504, 43.2694740295, 47.40965271, 31.1713218689, -6.76595449448, -10.8666572571, 5.67586994171, -4.8785533905, -23.3012046814, 0.786257684231, 16.2060413361, 27.8358917236], [-90.3406677246, -35.0407562256, 20.5930538177, 31.1713218689, 54.1305351257, 1.13673293591, -17.3771533966, -9.23328399658, -20.0557422638, -23.2756347656, 17.2876281738, 32.6640548706, 42.2480201721], [12.9756641388, 5.44090366364, -10.5728654861, -6.76595449448, 1.13673293591, 19.1418533325, 5.60791683197, -9.36956977844, -3.85341858864, 5.19847536087, 3.83637428284, -1.62606287003, -7.5922703743], [25.4558811188, 22.8176994324, -4.51054668427, -10.8666572571, -17.3771533966, 5.60791683197, 16.8067131042, 7.86189937592, 8.19433498383, 8.57511234283, -9.20803260803, -16.3572654724, -19.4241390228], [-22.0214424133, 21.2467632294, 21.4969463348, 5.67586994171, -9.23328399658, -9.36956977844, 7.86189937592, 27.0344238281, 16.3383655548, -0.0724724456668, -11.4319524765, -15.5249929428, -13.3440513611], [2.76706266403, 25.9430274963, 7.96951580048, -4.8785533905, -20.0557422638, -3.85341858864, 8.19433498383, 16.3383655548, 22.8172073364, 11.8744001389, -11.0945634842, -21.7580165863, -26.9077472687], [57.3929023743, 17.676990509, -21.3245315552, -23.3012046814, -23.2756347656, 5.19847536087, 8.57511234283, -0.0724724456668, 11.8744001389, 29.316192627, -1.35599195957, -19.0305957794, -30.6823940277], [-12.9223890305, -22.7346572876, -8.23223018646, 0.786257684231, 17.2876281738, 3.83637428284, -9.20803260803, -11.4319524765, -11.0945634842, -1.35599195957, 19.2668991089, 18.0021705627, 15.7963447571], [-45.1595306396, -48.8488540649, 0.551589608192, 16.2060413361, 32.6640548706, -1.62606287003, -16.3572654724, -15.5249929428, -21.7580165863, -19.0305957794, 18.0021705627, 43.1745567322, 50.6800308228], [-78.8070831299, -57.7056694031, 7.72321653366, 27.8358917236, 42.2480201721, -7.5922703743, -19.4241390228, -13.3440513611, -26.9077472687, -30.6823940277, 15.7963447571, 50.6800308228, 74.5569152832]],
        "icov": [[0.00592464301735, 0.00645552389324, 0.0113448733464, -0.00299839908257, 0.00433022622019, 0.00139740202576, 0.000241825604462, -0.00501354550943, 0.0102187665179, 0.000723806733731, 0.0077280048281, -0.00208508153446, 0.0118231885135], [0.00645552389324, 0.0408381596208, -0.0124028781429, 0.0248568784446, 0.0006837741239, -0.00763386767358, -0.00940361991525, 0.000593238684814, 0.00693364441395, 0.00356846209615, 0.0120084974915, 0.0317128114402, 0.00679728388786], [0.0113448733464, -0.0124028781429, 0.105839289725, -0.0759416893125, 0.0015343229752, 0.011116374284, 0.0124947801232, -0.0443762429059, 0.010608214885, 0.0209572613239, 0.0225066654384, -0.0436753667891, 0.0527295283973], [-0.00299839908257, 0.0248568784446, -0.0759416893125, 0.117785185575, -0.0286679472774, -0.0128023801371, 0.00331124477088, 0.0225382465869, -0.020936159417, 0.00607295474038, 0.0120611852035, 0.0424592606723, -0.0366752147675], [0.00433022622019, 0.0006837741239, 0.0015343229752, -0.0286679472774, 0.0798640400171, -0.0264979433268, 0.0301824305207, -0.0218374934047, 0.036303088069, 0.00680385669693, -0.0327976047993, -0.00183260627091, -0.00425178697333], [0.00139740202576, -0.00763386767358, 0.011116374284, -0.0128023801371, -0.0264979433268, 0.124104574323, -0.0855993404984, 0.0583323799074, -0.00300978124142, 0.00444076536223, -0.0210507716984, -0.0184471812099, 0.0327298007905], [0.000241825604462, -0.00940361991525, 0.0124947801232, 0.00331124477088, 0.0301824305207, -0.0855993404984, 0.186691775918, -0.0792357027531, 0.0354179032147, -0.0165304038674, 0.0482309982181, 0.00442519318312, -0.00816308427602], [-0.00501354550943, 0.000593238684814, -0.0443762429059, 0.0225382465869, -0.0218374934047, 0.0583323799074, -0.0792357027531, 0.148604393005, -0.0862812027335, 0.0206891801208, -0.0260395221412, 0.0392024964094, -0.0281455144286], [0.0102187665179, 0.00693364441395, 0.010608214885, -0.020936159417, 0.036303088069, -0.00300978124142, 0.0354179032147, -0.0862812027335, 0.192533180118, -0.0519983917475, 0.0362298116088, -0.0119977928698, 0.0443587899208], [0.000723806733731, 0.00356846209615, 0.0209572613239, 0.00607295474038, 0.00680385669693, 0.00444076536223, -0.0165304038674, 0.0206891801208, -0.0519983917475, 0.110262908041, -0.0401167720556, 0.0105311609805, 0.0230328980833], [0.0077280048281, 0.0120084974915, 0.0225066654384, 0.0120611852035, -0.0327976047993, -0.0210507716984, 0.0482309982181, -0.0260395221412, 0.0362298116088, -0.0401167720556, 0.173506364226, -0.0784718319774, 0.0481213368475], [-0.00208508153446, 0.0317128114402, -0.0436753667891, 0.0424592606723, -0.00183260627091, -0.0184471812099, 0.00442519318312, 0.0392024964094, -0.0119977928698, 0.0105311609805, -0.0784718319774, 0.238569319248, -0.127195283771], [0.0118231885135, 0.00679728388786, 0.0527295283973, -0.0366752147675, -0.00425178697333, 0.0327298007905, -0.00816308427602, -0.0281455144286, 0.0443587899208, 0.0230328980833, 0.0481213368475, -0.127195283771, 0.139732778072]]
    },
    "melbands": {
        "dmean": [7.93539002188e-05, 1.81703308044e-05, 2.29149572988e-05, 8.63893583301e-05, 0.00132338586263, 0.000198094305233, 2.26658612519e-05, 3.95717033825e-05, 3.31204828399e-05, 4.50592278867e-06, 7.51587458581e-06, 2.5218259907e-05, 6.88876843924e-06, 6.0674060478e-06, 1.51882250066e-05, 4.60261217086e-05, 1.86482448044e-05, 7.34267405278e-06, 1.1803435882e-05, 3.53457216988e-05, 4.31105991083e-06, 4.67930021841e-06, 5.22379241374e-06, 3.00212514048e-06, 3.1009947179e-06, 2.25888129535e-06, 1.18052332709e-06, 1.42701412642e-06, 7.21316439467e-07, 7.56203917263e-07, 8.14229792923e-07, 3.67292955161e-07, 2.56472560523e-07, 1.9154950337e-07, 1.98296405074e-07, 1.82864170029e-07, 1.55392100964e-07, 1.62745905641e-07, 1.58486713531e-07, 1.31190006414e-07],
        "dmean2": [0.000133640642161, 3.12406591547e-05, 3.58322395186e-05, 0.000141011638334, 0.00166801188607, 0.000278220075415, 3.67108623323e-05, 6.83074540575e-05, 5.1721737691e-05, 8.29874716146e-06, 1.16193832582e-05, 4.04227503168e-05, 1.21047123685e-05, 8.82056247065e-06, 2.68070998573e-05, 7.39864553907e-05, 2.44748061959e-05, 1.26565491883e-05, 1.86424222193e-05, 5.6556018535e-05, 7.18458659321e-06, 7.07513527232e-06, 6.65694187774e-06, 4.56895486423e-06, 4.73391628475e-06, 3.58550232704e-06, 1.93556797967e-06, 2.15168347495e-06, 1.14086174108e-06, 1.20594779673e-06, 1.33016942527e-06, 5.82030111218e-07, 3.84700484801e-07, 2.92725701456e-07, 3.39351146295e-07, 3.15330510148e-07, 2.60055998069e-07, 2.6803286346e-07, 2.66679876404e-07, 2.26281358096e-07],
        "dvar": [8.53974935211e-09, 5.6528942638e-10, 1.57676638413e-09, 1.83634174533e-08, 2.42166197495e-06, 5.65130484631e-08, 1.91441218433e-09, 1.24045183014e-08, 2.14099191709e-08, 2.57871279885e-10, 1.55234103349e-10, 2.00820693408e-09, 5.30221810902e-10, 1.87845627941e-10, 3.27112159582e-09, 1.94929139496e-08, 5.99856997407e-10, 3.10450304353e-10, 1.02209563035e-09, 3.92664212256e-09, 4.38361361099e-11, 8.05438007956e-11, 2.46322909986e-11, 6.27793867239e-12, 7.37327126438e-12, 5.65800184482e-12, 1.41552806802e-12, 1.99403644638e-12, 1.23348228333e-12, 1.21160145718e-12, 5.07942342701e-12, 4.30091346652e-13, 6.0516329903e-14, 6.4708194315e-14, 3.23291943888e-14, 2.53488246696e-14, 1.52910097643e-14, 1.41911391763e-14, 2.44905566774e-14, 1.30067228418e-14],
        "dvar2": [1.40639304647e-08, 1.52365697836e-09, 4.28068425151e-09, 5.05908523962e-08, 3.45040825778e-06, 8.5665355698e-08, 5.45142109232e-09, 3.56278953006e-08, 5.34958637388e-08, 6.9584610296e-10, 4.03091282575e-10, 5.33313171402e-09, 1.66919900124e-09, 4.37829661415e-10, 9.72731672988e-09, 6.08609056485e-08, 1.45357870185e-09, 6.73409994434e-10, 2.2607797856e-09, 1.24258088263e-08, 1.1987855153e-10, 2.2123117227e-10, 4.5723144021e-11, 1.55461771928e-11, 1.35975909352e-11, 1.27256980995e-11, 3.30682833546e-12, 3.86554416948e-12, 2.7292122555e-12, 2.9263826605e-12, 1.3133855982e-11, 1.05688895136e-12, 1.37046759574e-13, 1.54935350031e-13, 8.56102772766e-14, 6.94745300243e-14, 4.09013643267e-14, 2.80400855123e-14, 6.86509429491e-14, 3.3617772059e-14],
        "max": [0.000911462353542, 0.000215205334825, 0.000339313322911, 0.000929680361878, 0.0130119435489, 0.00208037300035, 0.000321767380228, 0.000786696386058, 0.00127353903372, 0.000144969380926, 0.000106191873783, 0.000333736825269, 0.000189393715118, 0.000159627088578, 0.000481063209008, 0.00119433796499, 0.00026525722933, 0.000168610975379, 0.000263942958554, 0.000458013877505, 5.46781157027e-05, 8.07769029052e-05, 4.00544668082e-05, 2.70500695478e-05, 2.75540769508e-05, 2.86322192551e-05, 1.33566472869e-05, 1.16229903142e-05, 1.28138271975e-05, 1.13738942673e-05, 2.11256556213e-05, 7.13336157787e-06, 2.99195880871e-06, 2.98216809824e-06, 1.77674826318e-06, 1.21183506963e-06, 1.2853457747e-06, 1.44670889313e-06, 1.39704388857e-06, 1.18253126402e-06],
        "mean": [0.000695982074831, 3.03580127365e-05, 3.68498003809e-05, 0.00022166276176, 0.00841863453388, 0.00131527753547, 3.64227998944e-05, 5.88177936152e-05, 3.5549281165e-05, 7.74210820964e-06, 2.27217915381e-05, 8.07296746643e-05, 9.03730688151e-06, 1.31062761284e-05, 2.09555619222e-05, 0.000117312716611, 6.7228138505e-05, 1.63686727319e-05, 3.86943611375e-05, 0.000161883130204, 1.88122266991e-05, 1.94034528249e-05, 1.99700498342e-05, 1.11785275294e-05, 1.13640071504e-05, 9.5288223747e-06, 4.10398433814e-06, 4.20249352828e-06, 1.98921452466e-06, 2.11215092349e-06, 1.52716518187e-06, 9.27839209908e-07, 7.42634313156e-07, 6.39934967239e-07, 6.00300325004e-07, 5.72076942262e-07, 5.08718301262e-07, 5.00072758314e-07, 5.01414831433e-07, 4.76908667224e-07],
        "median": [0.000698584946804, 2.21124428208e-05, 2.0119947294e-05, 0.000169740524143, 0.00899668131024, 0.00134161347523, 1.15835282486e-05, 6.16529132458e-06, 5.95606024945e-06, 2.2224494387e-06, 2.10566358874e-05, 7.75492590037e-05, 1.81105303909e-06, 3.45149919667e-06, 1.71129113369e-06, 9.65023209574e-05, 6.2786268245e-05, 6.69106975693e-06, 2.41390571318e-05, 0.000154138368089, 1.77276415343e-05, 1.84612417797e-05, 1.94027961697e-05, 1.0888147699e-05, 1.09770080599e-05, 8.95150242286e-06, 3.86482179238e-06, 3.68889504898e-06, 1.44905004618e-06, 1.80725362497e-06, 9.47009652918e-07, 6.8985747248e-07, 6.26776227364e-07, 5.4076718925e-07, 5.51284699668e-07, 5.45014756881e-07, 4.92409867547e-07, 4.64097666963e-07, 4.54479277323e-07, 4.41911794269e-07],
        "min": [8.15935563878e-05, 3.39400821758e-06, 2.88055525743e-06, 7.45139695937e-05, 0.000168242564541, 7.56699519116e-05, 1.58163231845e-06, 7.86434441125e-07, 7.90191052147e-07, 2.98655294273e-07, 2.02778664971e-06, 1.09958148187e-06, 2.77567409057e-07, 1.31933703074e-07, 3.77354979264e-07, 1.4524468952e-06, 8.37297136513e-07, 2.59653916146e-07, 1.20618165056e-06, 4.35237689089e-06, 5.55401868496e-07, 6.51992252187e-07, 4.14822181938e-07, 3.71115618236e-08, 1.14648798899e-07, 1.48890137552e-07, 9.42185991448e-08, 9.60124850735e-08, 2.32196484262e-08, 2.70059370422e-08, 2.69417341769e-08, 2.02622274514e-08, 2.26213874299e-08, 2.60625352411e-08, 9.02330299368e-09, 1.05864970124e-08, 9.14630504667e-09, 7.75147768195e-09, 1.60911621805e-08, 1.50294994228e-08],
        "var": [1.06034461211e-08, 9.45511668959e-10, 3.07362113539e-09, 2.48000340264e-08, 5.33566526428e-06, 1.11345826781e-07, 3.81782427894e-09, 2.20777636173e-08, 2.27590106761e-08, 3.8799419233e-10, 1.41778810914e-10, 1.62270530346e-09, 6.76558642443e-10, 8.78504047286e-10, 4.82939510604e-09, 1.71612004607e-08, 1.26070975881e-09, 7.93261456522e-10, 2.23855867176e-09, 3.83528542258e-09, 7.52254439296e-11, 7.25762228093e-11, 5.59446031168e-11, 1.68152887448e-11, 2.10390160155e-11, 1.38415936698e-11, 3.71011901756e-12, 4.16509014778e-12, 3.03234607563e-12, 1.99771991484e-12, 5.56888216097e-12, 7.26399192533e-13, 2.1874562166e-13, 1.97076960328e-13, 6.36128180838e-14, 3.60461918018e-14, 2.83972589773e-14, 4.30096564375e-14, 4.47941075237e-14, 2.57575841353e-14]
    },
    "mfcc": {
        "mean": [-641.877441406, 95.2470932007, -15.922533989, 30.5361194611, 31.9570789337, 0.231306135654, -11.3509225845, -16.1095867157, -13.160399437, -10.739200592, -14.9198160172, -13.6224403381, -4.70522737503],
        "cov": [[760.725891113, 43.5533638, -99.403755188, -148.747512817, -155.73046875, 24.8218669891, -8.35613155365, -74.5527954102, -19.7664146423, 2.01099038124, 67.521194458, 95.4291687012, 55.9528770447], [43.5533638, 119.777671814, 17.2038497925, -49.4850158691, -59.7465934753, -5.43839693069, -10.6887655258, -24.1119251251, 6.66401910782, 18.2535133362, 37.8307800293, 46.5601730347, 40.6940116882], [-99.403755188, 17.2038497925, 53.8451805115, 30.0269470215, 9.95817375183, -17.1202049255, -11.6163873672, 12.8962240219, 13.2097883224, 13.308426857, 5.59193372726, -7.4387845993, -9.45224571228], [-148.747512817, -49.4850158691, 30.0269470215, 72.4345932007, 58.901222229, -16.742729187, -2.02959465981, 27.382900238, 8.15570831299, 2.94656991959, -24.7207717896, -44.7488899231, -35.5163459778], [-155.73046875, -59.7465934753, 9.95817375183, 58.901222229, 78.7558059692, 0.648527622223, 12.1757326126, 28.0457496643, -8.12862682343, -10.4241991043, -35.2194480896, -43.8124198914, -32.0904655457], [24.8218669891, -5.43839693069, -17.1202049255, -16.742729187, 0.648527622223, 33.6315155029, 14.3300161362, -4.76993513107, -12.1616125107, -15.8225393295, -5.49774980545, 4.02994441986, 3.93855261803], [-8.35613155365, -10.6887655258, -11.6163873672, -2.02959465981, 12.1757326126, 14.3300161362, 21.760389328, 5.29957532883, -7.69115257263, -11.9050636292, -13.0845727921, -4.99998044968, -3.20327496529], [-74.5527954102, -24.1119251251, 12.8962240219, 27.382900238, 28.0457496643, -4.76993513107, 5.29957532883, 26.3263435364, 4.06652450562, -2.55364823341, -18.0235500336, -26.072561264, -17.8951473236], [-19.7664146423, 6.66401910782, 13.2097883224, 8.15570831299, -8.12862682343, -12.1616125107, -7.69115257263, 4.06652450562, 21.9842624664, 10.6570978165, 4.60954332352, -7.59626865387, -4.78720617294], [2.01099038124, 18.2535133362, 13.308426857, 2.94656991959, -10.4241991043, -15.8225393295, -11.9050636292, -2.55364823341, 10.6570978165, 21.9535865784, 16.6621742249, 5.44568824768, -1.48937416077], [67.521194458, 37.8307800293, 5.59193372726, -24.7207717896, -35.2194480896, -5.49774980545, -13.0845727921, -18.0235500336, 4.60954332352, 16.6621742249, 41.3729286194, 31.7357807159, 11.759264946], [95.4291687012, 46.5601730347, -7.4387845993, -44.7488899231, -43.8124198914, 4.02994441986, -4.99998044968, -26.072561264, -7.59626865387, 5.44568824768, 31.7357807159, 52.9934768677, 28.0643825531], [55.9528770447, 40.6940116882, -9.45224571228, -35.5163459778, -32.0904655457, 3.93855261803, -3.20327496529, -17.8951473236, -4.78720617294, -1.48937416077, 11.759264946, 28.0643825531, 36.0423431396]],
