{
"lowlevel": {
    "average_loudness": 0.99068403244,
    "barkbands_crest": {
        "dmean": 1.68147313595,
        "dmean2": 2.74734950066,
        "dvar": 1.63423418999,
        "dvar2": 4.54037952423,
        "max": 13.4415550232,
        "mean": 8.93468856812,
        "median": 8.7524061203,
        "min": 4.73158788681,
        "var": 3.74296474457
    },
    "barkbands_flatness_db": {
        "dmean": 0.0177463311702,
        "dmean2": 0.0282974876463,
        "dvar": 0.0002319883788,
        "dvar2": 0.000599305727519,
        "max": 0.224114686251,
        "mean": 0.157048135996,
        "median": 0.15675419569,
        "min": 0.108956776559,
        "var": 0.000375139410608
    },
    "barkbands_kurtosis": {
        "dmean": 1.3565005064,
        "dmean2": 2.33508753777,
        "dvar": 5.83502483368,
        "dvar2": 15.1222791672,
        "max": 14.8373126984,
        "mean": -0.131531894207,
        "median": -1.12442314625,
        "min": -1.80356359482,
        "var": 6.6405210495
    },
    "barkbands_skewness": {
        "dmean": 0.51636493206,
        "dmean2": 0.813704848289,
        "dvar": 0.205201625824,
        "dvar2": 0.533557534218,
        "max": 3.73845911026,
        "mean": 0.504269301891,
        "median": 0.288700938225,
        "min": -0.984223306179,
        "var": 0.99480676651
    },
    "barkbands_spread": {
        "dmean": 4.28765821457,
        "dmean2": 6.37050962448,
        "dvar": 13.4300823212,
        "dvar2": 36.8486442566,
        "max": 35.3048248291,
        "mean": 24.2565174103,
        "median": 24.8708133698,
        "min": 6.60803461075,
        "var": 34.1824836731
    },
    "dissonance": {
        "dmean": 0.0207227710634,
        "dmean2": 0.03394844383,
        "dvar": 0.000378158641979,
        "dvar2": 0.00087980547687,
        "max": 0.49847432971,
        "mean": 0.465556114912,
        "median": 0.470461279154,
        "min": 0.385730594397,
        "var": 0.000516942527611
    },
    "dynamic_complexity": 0.89401692152,
    "erbbands_crest": {
        "dmean": 2.37526130676,
        "dmean2": 3.46433973312,
        "dvar": 3.73509931564,
        "dvar2": 8.96602249146,
        "max": 21.4786396027,
        "mean": 13.966588974,
        "median": 13.8781471252,
        "min": 6.2729177475,
        "var": 15.9883480072
    },
    "erbbands_flatness_db": {
        "dmean": 0.0116178076714,
        "dmean2": 0.0181503947824,
        "dvar": 9.64056816883e-05,
        "dvar2": 0.000191790270037,
        "max": 0.283129155636,
        "mean": 0.220911055803,
        "median": 0.226181551814,
        "min": 0.167210832238,
        "var": 0.000913169642445
    },
    "erbbands_kurtosis": {
        "dmean": 1.27869975567,
        "dmean2": 1.97222828865,
        "dvar": 1.79090046883,
        "dvar2": 3.91320037842,
        "max": 11.1349439621,
        "mean": 2.67714166641,
        "median": 2.46386241913,
        "min": -1.6832652092,
        "var": 9.2530002594
    },
    "erbbands_skewness": {
        "dmean": 0.357049643993,
        "dmean2": 0.522350490093,
        "dvar": 0.0823889970779,
        "dvar2": 0.169544398785,
        "max": 0.114496514201,
        "mean": -1.42757821083,
        "median": -1.58240687847,
        "min": -2.94182682037,
        "var": 0.485110521317
    },
    "erbbands_spread": {
        "dmean": 5.44981861115,
        "dmean2": 7.96098709106,
        "dvar": 26.7329044342,
        "dvar2": 61.4448738098,
        "max": 57.8670578003,
        "mean": 23.658493042,
        "median": 20.0314788818,
        "min": 8.16331863403,
        "var": 170.679519653
    },
    "hfc": {
        "dmean": 5.45331668854,
        "dmean2": 6.81156492233,
        "dvar": 19.1389541626,
        "dvar2": 36.2432365417,
        "max": 78.0000762939,
        "mean": 34.5964202881,
        "median": 32.8850746155,
        "min": 5.89201927185,
        "var": 222.767333984
    },
    "melbands_crest": {
        "dmean": 3.93868017197,
        "dmean2": 7.00309562683,
        "dvar": 7.85360622406,
        "dvar2": 19.9590377808,
        "max": 23.2107639313,
        "mean": 11.9699115753,
        "median": 11.6919088364,
        "min": 5.75636529922,
        "var": 14.4170465469
    },
    "melbands_flatness_db": {
        "dmean": 0.0239992365241,
        "dmean2": 0.0383963361382,
        "dvar": 0.000407149491366,
        "dvar2": 0.00108716485556,
        "max": 0.333606749773,
        "mean": 0.224480643868,
        "median": 0.219114542007,
        "min": 0.160064682364,
        "var": 0.00094943511067
    },
    "melbands_kurtosis": {
        "dmean": 3.6390709877,
        "dmean2": 6.26464128494,
        "dvar": 47.5270500183,
        "dvar2": 123.710517883,
        "max": 48.0686798096,
        "mean": 3.58588051796,
        "median": 0.236696958542,
        "min": -1.71066272259,
        "var": 62.6926193237
    },
    "melbands_skewness": {
        "dmean": 0.659105479717,
        "dmean2": 1.07479465008,
        "dvar": 0.433735311031,
        "dvar2": 1.08668553829,
        "max": 6.429666996,
        "mean": 1.65970170498,
        "median": 1.28143155575,
        "min": -0.175344645977,
        "var": 1.67815089226
    },
    "melbands_spread": {
        "dmean": 7.46967029572,
        "dmean2": 11.0864038467,
        "dvar": 38.3651123047,
        "dvar2": 85.464012146,
        "max": 59.9999237061,
        "mean": 36.1653747559,
        "median": 40.0017089844,
        "min": 4.60402774811,
        "var": 249.523773193
    },
    "pitch_salience": {
        "dmean": 0.077777966857,
        "dmean2": 0.130812361836,
        "dvar": 0.00340287340805,
        "dvar2": 0.0101910494268,
        "max": 0.67473679781,
        "mean": 0.496920645237,
        "median": 0.48274537921,
        "min": 0.333636254072,
        "var": 0.00587424775586
    },
    "silence_rate_20dB": {
        "dmean": 0,
        "dmean2": 0,
        "dvar": 0,
        "dvar2": 0,
        "max": 1,
        "mean": 1,
        "median": 1,
        "min": 1,
        "var": 0
    },
    "silence_rate_30dB": {
        "dmean": 0,
        "dmean2": 0,
        "dvar": 0,
        "dvar2": 0,
        "max": 1,
        "mean": 1,
        "median": 1,
        "min": 1,
        "var": 0
    },
    "silence_rate_60dB": {
        "dmean": 0,
        "dmean2": 0,
        "dvar": 0,
        "dvar2": 0,
        "max": 0,
        "mean": 0,
        "median": 0,
        "min": 0,
        "var": 0
    },
    "spectral_centroid": {
        "dmean": 197.003082275,
        "dmean2": 293.370483398,
        "dvar": 25751.6796875,
        "dvar2": 59391.8085938,
        "max": 1928.26159668,
        "mean": 1279.19335938,
        "median": 1351.3815918,
        "min": 385.791625977,
        "var": 119514.929688
    },
    "spectral_complexity": {
        "dmean": 1.82500004768,
        "dmean2": 3.17721509933,
        "dvar": 2.86937355995,
        "dvar2": 5.76606082916,
        "max": 22,
        "mean": 17.1975307465,
        "median": 17,
        "min": 9,
        "var": 5.02271127701
    },
    "spectral_decrease": {
        "dmean": 3.10545589244e-09,
        "dmean2": 5.10379472018e-09,
        "dvar": 1.1092820405e-17,
        "dvar2": 2.91775652631e-17,
        "max": -1.42215916821e-09,
        "mean": -1.02375494748e-08,
        "median": -1.00888373211e-08,
        "min": -2.64961386165e-08,
        "var": 1.64281709248e-17
    },
    "spectral_energy": {
        "dmean": 0.0120467348024,
        "dmean2": 0.0196197144687,
        "dvar": 0.000159912597155,
        "dvar2": 0.000422051380156,
        "max": 0.10220489651,
        "mean": 0.0417768247426,
        "median": 0.0407296232879,
        "min": 0.00590197648853,
        "var": 0.00024697376648
    },
    "spectral_energyband_high": {
        "dmean": 4.90525089845e-05,
        "dmean2": 8.27555704745e-05,
        "dvar": 1.51450263441e-09,
        "dvar2": 4.34017577433e-09,
        "max": 0.000335778429871,
        "mean": 0.00018059987633,
        "median": 0.000179051421583,
        "min": 6.41948645352e-05,
        "var": 2.77121880998e-09
    },
    "spectral_energyband_low": {
        "dmean": 0.00675779860467,
        "dmean2": 0.0125325331464,
        "dvar": 9.10515445867e-05,
        "dvar2": 0.000251181860222,
        "max": 0.0622597932816,
        "mean": 0.00958635658026,
        "median": 0.00692507484928,
        "min": 0.000188713966054,
        "var": 9.73494243226e-05
    },
    "spectral_energyband_middle_high": {
        "dmean": 0.00271321600303,
        "dmean2": 0.00346734328195,
        "dvar": 5.76381535211e-06,
        "dvar2": 1.02270423668e-05,
        "max": 0.0371820367873,
        "mean": 0.0158373564482,
        "median": 0.0146949179471,
        "min": 0.00248481007293,
        "var": 7.80571208452e-05
    },
    "spectral_energyband_middle_low": {
        "dmean": 0.00931195169687,
        "dmean2": 0.0153956320137,
        "dvar": 9.57587908488e-05,
        "dvar2": 0.000250266253715,
        "max": 0.0602421797812,
        "mean": 0.0187666378915,
        "median": 0.0168307311833,
        "min": 0.00248535349965,
        "var": 0.000146288919495
    },
    "spectral_entropy": {
        "dmean": 0.128677219152,
        "dmean2": 0.181663170457,
        "dvar": 0.0102498037741,
        "dvar2": 0.0202923174948,
        "max": 7.73504304886,
        "mean": 7.03436517715,
        "median": 7.00829744339,
        "min": 6.67993354797,
        "var": 0.0280196350068
    },
    "spectral_flux": {
        "dmean": 0.0237060338259,
        "dmean2": 0.0394066572189,
        "dvar": 0.000504538533278,
        "dvar2": 0.00109491462354,
        "max": 0.197089850903,
        "mean": 0.097363434732,
        "median": 0.0891984328628,
        "min": 0.0460072383285,
        "var": 0.00135910010431
    },
    "spectral_kurtosis": {
        "dmean": 2.29001235962,
        "dmean2": 3.9939095974,
        "dvar": 4.98342752457,
        "dvar2": 12.6773271561,
        "max": 19.5803718567,
        "mean": 7.39528036118,
        "median": 6.84667778015,
        "min": 3.19005870819,
        "var": 6.27270936966
    },
    "spectral_rms": {
        "dmean": 0.000889677728992,
        "dmean2": 0.00140139984433,
        "dvar": 6.59405827719e-07,
        "dvar2": 1.71368913016e-06,
        "max": 0.0099855940789,
        "mean": 0.00626589357853,
        "median": 0.00630366709083,
        "min": 0.00239958870225,
        "var": 1.49645973124e-06
    },
    "spectral_rolloff": {
        "dmean": 290.698242188,
        "dmean2": 527.699645996,
        "dvar": 180162.234375,
        "dvar2": 430444.8125,
        "max": 2174.85351562,
        "mean": 1712.28857422,
        "median": 1959.52148438,
        "min": 193.798828125,
        "var": 296286.375
    },
    "spectral_skewness": {
        "dmean": 0.239499419928,
        "dmean2": 0.410545796156,
        "dvar": 0.0811210870743,
        "dvar2": 0.149437993765,
        "max": 3.89877104759,
        "mean": 1.83939504623,
        "median": 1.78960204124,
        "min": 1.3485519886,
        "var": 0.0928263142705
    },
    "spectral_spread": {
        "dmean": 274453.78125,
        "dmean2": 424957.3125,
        "dvar": 243428917248,
        "dvar2": 296074477568,
        "max": 7125066.5,
        "mean": 3006937.25,
        "median": 2838030.25,
        "min": 2180907.5,
        "var": 404710326272
    },
    "spectral_strongpeak": {
        "dmean": 1.43709468842,
        "dmean2": 2.54636907578,
        "dvar": 3.64190602303,
        "dvar2": 7.67886066437,
        "max": 9.06220436096,
        "mean": 2.90676474571,
        "median": 0.930997788906,
        "min": 0.152960985899,
        "var": 7.97592115402
    },
    "zerocrossingrate": {
        "dmean": 0.00634155282751,
        "dmean2": 0.00746637675911,
        "dvar": 4.24116660724e-05,
        "dvar2": 4.87892139063e-05,
        "max": 0.07861328125,
        "mean": 0.0545488521457,
        "median": 0.05517578125,
        "min": 0.0263671875,
        "var": 0.000203893432627
    },
    "barkbands": {
        "dmean": [0.000382843165426, 0.00189139670692, 0.00367178651504, 0.00537986075506, 0.00540272099897, 0.00129218748771, 0.000443631462986, 0.000512812403031, 0.000151601125253, 6.57526907162e-05, 0.000884677749127, 0.000222605813178, 6.96502829669e-05, 5.553309893e-05, 0.00178767065518, 0.00138462148607, 0.000389975582948, 3.5361481423e-05, 3.79354678444e-05, 2.21393020183e-05, 2.66510796791e-05, 9.27292603592e-06, 8.53960500535e-06, 2.762378017e-06, 1.66549762071e-06, 5.02992406837e-07, 3.82452611802e-07],
        "dmean2": [0.000661128840875, 0.00329279410653, 0.00670235883445, 0.00956092774868, 0.00924003869295, 0.00192476075608, 0.000678729615174, 0.000818298372906, 0.000258889776887, 0.000100582023151, 0.00128572434187, 0.000309820577968, 0.000106392442831, 9.14543634281e-05, 0.00229607848451, 0.00180710153654, 0.000633784860838, 5.98424339842e-05, 5.6150562159e-05, 3.64042934962e-05, 4.57607457065e-05, 1.65849705809e-05, 1.45142748806e-05, 4.53774600828e-06, 2.78646234619e-06, 7.56298959459e-07, 6.28866814623e-07],
        "dvar": [2.81622675402e-07, 4.45128443971e-06, 2.73430869129e-05, 5.63276917092e-05, 3.3563344914e-05, 3.57702924703e-06, 9.45281612985e-07, 3.12553709136e-07, 2.77417662176e-08, 3.36600014528e-09, 1.02539684121e-06, 8.11651688082e-08, 6.53127685268e-09, 4.71379602018e-09, 2.67175755653e-06, 2.14458464143e-06, 1.15402755796e-07, 1.13091180864e-09, 2.10442019366e-09, 3.65934449409e-10, 4.8577303291e-10, 5.19829006229e-11, 1.32915317641e-10, 1.28477948766e-11, 1.60679559935e-11, 9.42602224573e-13, 1.11841132601e-13],
        "dvar2": [6.73526812989e-07, 1.27433531816e-05, 7.7565004176e-05, 0.000156213063747, 8.15084349597e-05, 6.92280491421e-06, 2.66481060862e-06, 7.51271841182e-07, 8.61701821009e-08, 7.84433940026e-09, 2.28474050346e-06, 1.7572713773e-07, 1.08674491628e-08, 7.69594166172e-09, 4.92835897603e-06, 4.82386440126e-06, 2.81444641814e-07, 2.97428748297e-09, 4.2770422759e-09, 7.54673823433e-10, 1.20551080229e-09, 1.56201301893e-10, 3.74320047181e-10, 3.17545989503e-11, 3.85593779129e-11, 2.12316405776e-12, 2.65163867426e-13],
        "max": [0.00410665757954, 0.0122071281075, 0.0367724560201, 0.0407696925104, 0.0321619026363, 0.014499200508, 0.00794458482414, 0.00405847560614, 0.00144221447408, 0.000532190140802, 0.00806836411357, 0.00318172643892, 0.000639120524283, 0.000622827443294, 0.0232950281352, 0.0150884119794, 0.0024446353782, 0.000262584944721, 0.000483164476464, 0.000162613330758, 0.000160537150805, 5.66178059671e-05, 7.28858503862e-05, 3.13589298457e-05, 3.66494095942e-05, 7.92810260464e-06, 4.17085993831e-06],
        "mean": [0.000423206831329, 0.00284059531987, 0.00377635355107, 0.00599927827716, 0.00906338170171, 0.0017500189133, 0.000526392192114, 0.000916898774449, 0.000397144700401, 0.000162341224495, 0.00200005364604, 0.000669118133374, 0.000146005942952, 0.000116202994832, 0.00835435092449, 0.00340719381347, 0.000800743699074, 0.000113953778055, 0.000104636565084, 6.9386260293e-05, 7.75909647928e-05, 2.78380684904e-05, 1.73696262209e-05, 7.42728798286e-06, 4.6167842811e-06, 8.78706543972e-07, 2.44470720645e-06],
        "median": [0.000210438869544, 0.00211259815842, 0.00208168360405, 0.00338534032926, 0.0076945158653, 0.000692453584634, 0.000207278775633, 0.000642982369754, 0.000319103244692, 0.000125059188576, 0.0012385554146, 0.000263354944764, 8.92792013474e-05, 0.000105520281068, 0.00775174796581, 0.00241943239234, 0.000636378186755, 0.000109555163363, 7.49362079659e-05, 6.14710297668e-05, 7.444491348e-05, 2.5604487746e-05, 1.43363095049e-05, 5.45119519302e-06, 3.33578896061e-06, 5.56288512144e-07, 2.42721807808e-06],
        "min": [3.75789977625e-06, 5.88622133364e-05, 7.955970068e-05, 6.521611067e-05, 0.0011748977704, 4.5658525778e-05, 5.99685108682e-06, 2.72644610959e-05, 7.54967768444e-05, 1.35945165312e-05, 7.7599506767e-05, 1.71950523509e-05, 1.46041165863e-05, 1.98322177312e-05, 0.00030832955963, 8.80145744304e-05, 7.18257288099e-05, 3.83388905902e-05, 1.90451737581e-05, 2.52038771578e-05, 2.89147155854e-05, 7.6547912613e-06, 2.41856309913e-06, 1.56468684054e-06, 8.99995029613e-07, 1.94230565853e-07, 7.2151999575e-07],
        "var": [3.97950969955e-07, 6.80246785123e-06, 2.58592699538e-05, 5.26300209458e-05, 3.83026599593e-05, 7.15207079338e-06, 1.36500250392e-06, 5.94686525801e-07, 7.70023689256e-08, 1.5224037142e-08, 3.43009014614e-06, 6.13595091181e-07, 2.00024175001e-08, 6.89013868183e-09, 3.25215114572e-05, 9.64845912677e-06, 2.87563892698e-07, 1.89650273263e-09, 8.53064552331e-09, 9.19782860986e-10, 8.92112883566e-10, 1.30807281673e-10, 1.370094177e-10, 3.94340358978e-11, 2.40591279538e-11, 1.2315837369e-12, 2.56369144663e-13]
    },
    "erbbands": {
        "dmean": [0.0725363865495, 0.426119953394, 3.00645112991, 12.0282182693, 27.6341190338, 13.1020450592, 7.30201196671, 9.82890510559, 7.08320474625, 6.30328083038, 12.7867479324, 4.51960706711, 2.39227843285, 13.5335330963, 23.2631721497, 11.0235548019, 3.7008023262, 4.50717067719, 104.889038086, 39.7632369995, 76.8579330444, 18.9679164886, 3.33434033394, 2.6258585453, 0.657831907272, 1.17883181572, 1.0943903923, 0.885947585106, 0.299617677927, 0.211076661944, 0.242597654462, 0.0910595208406, 0.0443747714162, 0.0227804034948, 0.012267162092, 0.0040382547304, 0.000505453324877, 0.000103471786133, 4.85755190311e-05, 1.80988445209e-05],
        "dmean2": [0.123846270144, 0.741284787655, 5.42730712891, 22.3505039215, 46.667804718, 21.5692825317, 10.7818603516, 14.3044805527, 12.874329567, 10.6298828125, 20.3016796112, 7.67776823044, 3.75002074242, 19.2686309814, 34.3845977783, 14.8749799728, 5.66222238541, 6.35972070694, 127.639427185, 51.7831268311, 102.524986267, 30.8392620087, 5.2635846138, 3.99363064766, 1.08303797245, 1.83737838268, 1.88715815544, 1.50474727154, 0.534681260586, 0.376782029867, 0.411004692316, 0.161100834608, 0.0676859393716, 0.0377754680812, 0.0193418376148, 0.00648015830666, 0.000756192835979, 0.00015093422553, 7.83261129982e-05, 3.02696844301e-05],
        "dvar": [0.00949231348932, 0.17819686234, 12.780087471, 381.266113281, 765.042907715, 163.415008545, 137.558395386, 222.586715698, 289.494567871, 143.16104126, 209.855880737, 19.264547348, 4.01512289047, 254.640625, 612.082946777, 200.293762207, 17.4677391052, 13.413942337, 8655.80566406, 1819.4095459, 6708.43212891, 338.443054199, 8.87091350555, 11.0796031952, 0.27375048399, 1.03125166893, 0.894906401634, 0.513865590096, 0.0784827619791, 0.0579754412174, 0.0974105596542, 0.00768825691193, 0.0047877789475, 0.00340421125293, 0.000534018850885, 5.25653958903e-05, 2.42454484578e-06, 5.89102100435e-08, 2.08692396697e-09, 2.49642140293e-10],
        "dvar2": [0.0264628753066, 0.577936410904, 37.925868988, 1079.3972168, 1994.54589844, 463.442993164, 301.856750488, 434.193817139, 853.244934082, 424.30380249, 474.028839111, 58.5174865723, 9.05755519867, 554.236755371, 1461.21520996, 437.245513916, 28.3667297363, 31.0077915192, 17049.125, 3350.03198242, 14212.34375, 739.04284668, 19.9155635834, 21.9195518494, 0.63755518198, 2.68013262749, 2.03948307037, 1.44983577728, 0.232731029391, 0.164651662111, 0.27442291379, 0.0198313165456, 0.0118810785934, 0.00859113689512, 0.00129062659107, 0.000135788272019, 5.19479090144e-06, 8.13275207179e-08, 5.81181147652e-09, 6.24150231499e-10],
        "max": [0.616240203381, 2.54766368866, 24.6968955994, 110.771492004, 134.115951538, 72.9596557617, 87.544708252, 139.776367188, 129.240814209, 85.7244110107, 102.054031372, 41.0875015259, 18.92719841, 132.592208862, 193.47328186, 161.383209229, 34.9794425964, 54.7931289673, 1284.45922852, 524.39050293, 858.61315918, 141.89213562, 25.2714805603, 34.2547950745, 4.68450307846, 9.32561969757, 7.00044631958, 4.50717592239, 2.72612524033, 1.64713001251, 1.80078530312, 0.620169937611, 0.578952074051, 0.525043606758, 0.200954452157, 0.0619334504008, 0.0115988738835, 0.00241225212812, 0.000529509095941, 0.000169822742464],
        "mean": [0.092576533556, 0.636082649231, 3.47076416016, 13.628944397, 38.6484107971, 19.4338932037, 11.8618183136, 13.7191133499, 8.48320102692, 8.09435081482, 23.2872486115, 12.6934728622, 7.57934331894, 32.317855835, 52.8943138123, 35.1325569153, 9.99424266815, 20.1878890991, 418.853118896, 190.915878296, 208.689712524, 45.5214195251, 10.4512109756, 8.1508769989, 2.50468397141, 3.51984596252, 3.35067868233, 2.41460061073, 1.03003537655, 0.562830626965, 0.47308114171, 0.190358653665, 0.120968088508, 0.0630163773894, 0.028073405847, 0.00735381664708, 0.000837704283185, 0.000457552116131, 0.000290103896987, 9.82837154879e-05],
        "median": [0.0487834475935, 0.514149367809, 2.33941936493, 8.68106174469, 31.8468208313, 18.1477584839, 6.56632375717, 4.59138536453, 3.85335946083, 4.79935503006, 17.5688400269, 10.9474782944, 6.51856422424, 21.9916782379, 35.9382209778, 14.6306838989, 8.29252147675, 15.5787334442, 315.185638428, 143.202423096, 159.648635864, 39.3817977905, 9.02911567688, 5.36713552475, 2.48679471016, 3.11972379684, 3.06351494789, 2.11282920837, 1.01075601578, 0.530553817749, 0.402560055256, 0.152824401855, 0.075259655714, 0.0444063581526, 0.0226989351213, 0.00494855036959, 0.000496984808706, 0.000417673058109, 0.000290996104013, 9.75353395916e-05],
        "min": [0.00228437175974, 0.0108354492113, 0.0722179636359, 0.227950185537, 2.47781991959, 2.47381782532, 0.501472949982, 0.254340589046, 0.190276160836, 0.741220533848, 1.78666484356, 3.19199419022, 1.79929053783, 1.68746256828, 3.29120802879, 1.72486197948, 1.54193174839, 6.13758611679, 19.4318199158, 16.6615257263, 29.1508464813, 10.8451004028, 3.5432908535, 1.57282233238, 1.04411315918, 1.1767539978, 1.23405921459, 1.0175229311, 0.338280111551, 0.122716352344, 0.0621123798192, 0.0375519320369, 0.0253446120769, 0.0167849957943, 0.00393666280434, 0.00161587563343, 0.000260494794929, 0.000169846054632, 8.74414836289e-05, 2.26533556997e-05],
        "var": [0.0141270011663, 0.249923571944, 13.5976743698, 311.627471924, 918.405456543, 194.017791748, 215.381851196, 504.652069092, 315.965942383, 149.535995483, 409.550384521, 52.8502426147, 17.5475101471, 850.551574707, 2014.00634766, 1570.0045166, 56.7368583679, 145.442062378, 105844.578125, 18393.8144531, 29257.2773438, 624.73425293, 20.5439872742, 43.3551025391, 0.725731432438, 2.70614218712, 1.79724800587, 0.771273493767, 0.163045063615, 0.0741635635495, 0.109067291021, 0.0169043894857, 0.0133034046739, 0.00492459349334, 0.000778053945396, 6.95964117767e-05, 2.35407583205e-06, 6.87230397034e-08, 3.82320131109e-09, 5.40585520792e-10]
    },
    "gfcc": {
        "mean": [12.9520158768, 125.212478638, -140.112380981, 31.2436161041, -21.4952373505, 9.62754821777, -40.219707489, -11.3061056137, -8.23387622833, -14.1125068665, -30.3007926941, -13.8787708282, 6.47995328903],
        "cov": [[264.324493408, 63.630065918, 81.1413650513, 16.2993183136, -12.6904506683, 33.7400741577, -53.2626724243, -23.4236793518, 24.4092273712, 48.3712501526, 32.1572914124, 29.8922519684, 16.2539424896], [63.630065918, 152.613769531, 70.2179107666, 12.4224348068, -27.8840637207, -61.0999832153, 7.56823825836, -27.1803703308, 22.4030666351, 26.482509613, 24.7547492981, 5.50117778778, 15.150384903], [81.1413650513, 70.2179107666, 262.24798584, 137.821105957, -56.4520149231, -17.0450725555, -72.0917510986, -1.65017831326, -0.250057995319, 19.8269996643, 14.121099472, 13.3346805573, 36.5683326721], [16.2993183136, 12.4224348068, 137.821105957, 124.669151306, -13.2641038895, 1.97734797001, -32.9150657654, 5.95306253433, 2.24413442612, -3.2501308918, 3.17765474319, -5.11422252655, 26.9531593323], [-12.6904506683, -27.8840637207, -56.4520149231, -13.2641038895, 63.4864501953, 40.4931564331, 25.9111785889, 3.79542660713, 1.48465037346, -7.48765039444, -10.0513973236, -12.3979883194, -16.1284599304], [33.7400741577, -61.0999832153, -17.0450725555, 1.97734797001, 40.4931564331, 89.7521209717, 13.0898637772, 11.6795806885, -3.20990514755, -7.85933446884, -2.18686389923, 0.357387572527, -5.09216547012], [-53.2626724243, 7.56823825836, -72.0917510986, -32.9150657654, 25.9111785889, 13.0898637772, 76.1551361084, 16.6790790558, 1.16347241402, -7.46903514862, -4.7840385437, -7.12389850616, -6.95391559601], [-23.4236793518, -27.1803703308, -1.65017831326, 5.95306253433, 3.79542660713, 11.6795806885, 16.6790790558, 43.967628479, 9.50681018829, 6.39074230194, 3.51226687431, 6.4646024704, 3.05272746086], [24.4092273712, 22.4030666351, -0.250057995319, 2.24413442612, 1.48465037346, -3.20990514755, 1.16347241402, 9.50681018829, 41.949798584, 25.0714664459, 16.9497699738, 10.9639291763, 7.66512155533], [48.3712501526, 26.482509613, 19.8269996643, -3.2501308918, -7.48765039444, -7.85933446884, -7.46903514862, 6.39074230194, 25.0714664459, 51.0797920227, 23.8843421936, 21.7730102539, 11.1602888107], [32.1572914124, 24.7547492981, 14.121099472, 3.17765474319, -10.0513973236, -2.18686389923, -4.7840385437, 3.51226687431, 16.9497699738, 23.8843421936, 43.6239395142, 20.1830463409, 4.63076305389], [29.8922519684, 5.50117778778, 13.3346805573, -5.11422252655, -12.3979883194, 0.357387572527, -7.12389850616, 6.4646024704, 10.9639291763, 21.7730102539, 20.1830463409, 39.0994262695, 22.3167743683], [16.2539424896, 15.150384903, 36.5683326721, 26.9531593323, -16.1284599304, -5.09216547012, -6.95391559601, 3.05272746086, 7.66512155533, 11.1602888107, 4.63076305389, 22.3167743683, 49.5125198364]],
        "icov": [[0.0135816652328, -0.0204876866192, 0.0104400562122, -0.00635420111939, 0.00811290740967, -0.0228828378022, 0.0204290468246, -0.00627010781318, 0.00586946262047, -0.0098469639197, 0.00830581784248, -0.00772394472733, 0.00511942105368], [-0.0204876866192, 0.0692004561424, -0.0433533377945, 0.02954987064, -0.0239664241672, 0.0587803646922, -0.0592783652246, 0.0391657762229, -0.028988217935, 0.0167830437422, -0.0321032181382, 0.0251658726484, -0.0186533927917], [0.0104400562122, -0.0433533377945, 0.0437830500305, -0.0362579189241, 0.0245132260025, -0.0371197685599, 0.0397913940251, -0.024555709213, 0.0231713037938, -0.0171491336077, 0.0235704276711, -0.0202046558261, 0.015690183267], [-0.00635420111939, 0.02954987064, -0.0362579189241, 0.0448548384011, -0.0206531211734, 0.0243331640959, -0.0211555082351, 0.0116457473487, -0.0177277680486, 0.0166638363153, -0.0227991379797, 0.0273882914335, -0.0237331334502], [0.00811290740967, -0.0239664241672, 0.0245132260025, -0.0206531211734, 0.0445794165134, -0.0351858884096, 0.0153526365757, -0.00784539617598, 0.00609459588304, -0.0135980481282, 0.0192410442978, -0.00817524082959, 0.0153580401093], [-0.0228828378022, 0.0587803646922, -0.0371197685599, 0.0243331640959, -0.0351858884096, 0.0718261450529, -0.0515324696898, 0.0250136703253, -0.0200951043516, 0.0219052415341, -0.0288681536913, 0.0172279551625, -0.0160513035953], [0.0204290468246, -0.0592783652246, 0.0397913940251, -0.0211555082351, 0.0153526365757, -0.0515324696898, 0.073573499918, -0.040626347065, 0.0249233599752, -0.0142537560314, 0.0235815625638, -0.0151234157383, 0.0100647006184], [-0.00627010781318, 0.0391657762229, -0.024555709213, 0.0116457473487, -0.00784539617598, 0.0250136703253, -0.040626347065, 0.0560236945748, -0.0238174721599, 0.00292715081014, -0.0142103442922, 0.00518115609884, -0.00525149237365], [0.00586946262047, -0.028988217935, 0.0231713037938, -0.0177277680486, 0.00609459588304, -0.0200951043516, 0.0249233599752, -0.0238174721599, 0.0520185530186, -0.0221898350865, 0.0060741007328, -0.00784566439688, 0.00428446801379], [-0.0098469639197, 0.0167830437422, -0.0171491336077, 0.0166638363153, -0.0135980481282, 0.0219052415341, -0.0142537560314, 0.00292715081014, -0.0221898350865, 0.0485566072166, -0.0183041263372, -0.00125857267994, -0.00789779424667], [0.00830581784248, -0.0321032181382, 0.0235704276711, -0.0227991379797, 0.0192410442978, -0.0288681536913, 0.0235815625638, -0.0142103442922, 0.0060741007328, -0.0183041263372, 0.0564700178802, -0.0333605706692, 0.0225269198418], [-0.00772394472733, 0.0251658726484, -0.0202046558261, 0.0273882914335, -0.00817524082959, 0.0172279551625, -0.0151234157383, 0.00518115609884, -0.00784566439688, -0.00125857267994, -0.0333605706692, 0.0732166618109, -0.036869045347], [0.00511942105368, -0.0186533927917, 0.015690183267, -0.0237331334502, 0.0153580401093, -0.0160513035953, 0.0100647006184, -0.00525149237365, 0.00428446801379, -0.00789779424667, 0.0225269198418, -0.036869045347, 0.0462727919221]]
    },
    "melbands": {
        "dmean": [0.000565402559005, 0.00118970335461, 0.00239393720403, 0.00147278490476, 0.000240317735006, 0.000222792295972, 0.000101440004073, 7.08251827746e-05, 9.48577799136e-05, 2.64736390818e-05, 1.15338434625e-05, 4.94666528539e-05, 0.000120416421851, 2.61021687038e-05, 1.15145376185e-05, 8.2014603322e-06, 4.76109789815e-06, 0.000152466061991, 7.99371191533e-05, 8.67237176863e-05, 7.38858943805e-05, 2.07708180824e-05, 1.02083522506e-05, 1.45104536386e-06, 2.64058098765e-06, 6.00900705194e-07, 8.38503638079e-07, 8.3168981746e-07, 7.07392644017e-07, 9.35603907237e-07, 3.9419597897e-07, 2.15682661064e-07, 1.17420746903e-07, 1.43462514757e-07, 1.62094835332e-07, 1.10525000707e-07, 4.02328481641e-08, 3.49085880202e-08, 2.84482837287e-08, 1.87657978046e-08],
        "dmean2": [0.000971276429482, 0.00217743148096, 0.00418829824775, 0.00249941740185, 0.000356390140951, 0.000321850791806, 0.00016895175213, 0.000124105659779, 0.000151433589053, 4.55567678728e-05, 1.79845119419e-05, 6.98300209478e-05, 0.000177001391421, 3.70687266695e-05, 1.61290718097e-05, 1.26176491904e-05, 8.12231701275e-06, 0.000185017488548, 0.000104972488771, 0.000115289258247, 0.000100850600575, 3.35819786415e-05, 1.50895502884e-05, 2.50001289714e-06, 3.98819702241e-06, 9.4245586979e-07, 1.37798599553e-06, 1.35735331241e-06, 1.23444749534e-06, 1.58008015205e-06, 6.80668563291e-07, 3.72353582634e-07, 2.11073896139e-07, 2.50621667419e-07, 2.70460361662e-07, 1.9440925314e-07, 7.24861664025e-08, 5.18869995858e-08, 5.08160589163e-08, 3.09464560644e-08],
        "dvar": [5.02739396779e-07, 1.88930914646e-06, 1.06321567728e-05, 2.30348973673e-06, 1.05985165533e-07, 1.05125153027e-07, 5.10109430252e-08, 1.29114967606e-08, 1.12028679666e-08, 8.91889784249e-10, 9.45894265691e-11, 3.34867733542e-09, 1.73757683797e-08, 1.1365676178e-09, 2.12011783129e-10, 8.97090179919e-11, 2.11699512087e-11, 1.79804722222e-08, 4.91897278465e-09, 7.19860304699e-09, 6.16534157061e-09, 3.4460509446e-10, 1.04544886637e-10, 1.79983838163e-12, 1.17998024546e-11, 1.88029022148e-13, 5.1944223662e-13, 4.91951206334e-13, 5.23615764463e-13, 6.94428997812e-13, 1.01472575188e-13, 4.20926212993e-14, 1.65592264564e-14, 2.90514377691e-14, 4.47891608513e-14, 1.71866711943e-14, 2.05059095585e-15, 2.26016554173e-15, 3.41626005913e-15, 2.1919503786e-15],
        "dvar2": [1.39986059366e-06, 5.54894450033e-06, 2.87489147013e-05, 5.75111926082e-06, 2.27062002978e-07, 2.0026691061e-07, 1.44302930494e-07, 3.73702562229e-08, 2.53950585005e-08, 2.72084665909e-09, 2.21307305814e-10, 7.25452187211e-09, 4.01503008618e-08, 2.50009346558e-09, 4.54330101318e-10, 1.53360601995e-10, 4.69260255653e-11, 3.5984861313e-08, 9.60306145714e-09, 1.54518353668e-08, 1.2690130724e-08, 8.2218548636e-10, 2.41201447704e-10, 5.34731156923e-12, 2.31492117142e-11, 5.04559718659e-13, 1.00411183274e-12, 1.22227369285e-12, 1.23912566406e-12, 1.57505811779e-12, 3.3144377542e-13, 1.37915422355e-13, 5.15759581311e-14, 8.10485440697e-14, 1.22336399366e-13, 4.95727319871e-14, 4.46780191172e-15, 5.33274282954e-15, 9.13725949829e-15, 5.42616336385e-15],
        "max": [0.00423625297844, 0.00959818065166, 0.0198951028287, 0.00854316353798, 0.00237300689332, 0.00299733923748, 0.00180989282671, 0.000822177680675, 0.000748598075006, 0.000258953223238, 8.89783113962e-05, 0.000484776945086, 0.00103504792787, 0.000367707427358, 0.000168175945873, 7.3822287959e-05, 3.53086870746e-05, 0.00185895571485, 0.000986173050478, 0.000872485979926, 0.000823726411909, 0.000133988651214, 8.14048107713e-05, 1.29071459014e-05, 3.45637927239e-05, 4.28960174759e-06, 5.61158049095e-06, 6.3304755713e-06, 4.4243870434e-06, 5.92685819356e-06, 2.19833009396e-06, 1.80431254648e-06, 1.01077978343e-06, 1.21472419323e-06, 1.20622837585e-06, 6.88631246248e-07, 3.8661050894e-07, 4.12552168427e-07, 5.0427951237e-07, 4.227759689e-07],
        "mean": [0.000807761331089, 0.00147700449452, 0.00316917384043, 0.00229263585061, 0.000418271170929, 0.000312826043228, 0.000123527657706, 0.000101774654468, 0.000171182749909, 7.2881426604e-05, 3.16059667966e-05, 0.000117121184303, 0.000262398418272, 7.93698200141e-05, 3.90716195398e-05, 1.70416842593e-05, 9.64047376328e-06, 0.0006031912053, 0.000375407078536, 0.000271952536423, 0.000201123577426, 4.28472194471e-05, 2.01454095077e-05, 5.77188120587e-06, 7.2577076935e-06, 1.56104249527e-06, 2.05808805731e-06, 2.25125154429e-06, 1.90895161722e-06, 2.38473421632e-06, 1.0291291801e-06, 6.51688822018e-07, 3.3929819665e-07, 3.10293984285e-07, 3.0238172144e-07, 1.79111907528e-07, 9.4632135017e-08, 8.58190887243e-08, 7.19596329191e-08, 4.66799257026e-08],
        "median": [0.000502916518599, 0.00104213971645, 0.0021750535816, 0.00193668145221, 0.000268280389719, 0.000107289357402, 5.13431950822e-05, 6.92102112225e-05, 0.000125084799947, 6.00567145739e-05, 2.55573595496e-05, 7.99856788944e-05, 0.000174395929207, 3.21641200571e-05, 2.0151017452e-05, 1.05694425656e-05, 8.85314148036e-06, 0.00045460119145, 0.000347767752828, 0.000226146614295, 0.000153345798026, 3.45468833984e-05, 1.61579082487e-05, 5.68874111195e-06, 4.3274339987e-06, 1.40990641739e-06, 1.75306388428e-06, 2.05697983802e-06, 1.59790636189e-06, 2.15376394408e-06, 9.54638153416e-07, 6.30890497177e-07, 3.0406349083e-07, 2.73990252708e-07, 2.42048884047e-07, 1.40038608265e-07, 6.93673598562e-08, 5.41966755918e-08, 4.22660342281e-08, 3.42552368693e-08],
        "min": [1.61819643836e-05, 2.90278021566e-05, 6.80696830386e-05, 0.00030246868846, 2.37868407567e-05, 7.42668680687e-06, 2.77209710475e-06, 6.85534814693e-06, 1.23073859868e-05, 1.5321355022e-05, 6.26953305982e-06, 5.63218145544e-06, 1.15975662993e-05, 2.40038548327e-06, 2.32257116295e-06, 1.90741980077e-06, 1.78949460405e-06, 3.08679555019e-05, 1.37699262268e-05, 5.79937404837e-05, 2.63110177912e-05, 3.90673312722e-06, 3.53226596417e-06, 2.17908086597e-06, 7.23531115909e-07, 4.14123491055e-07, 5.32846343049e-07, 7.58295868764e-07, 4.53299463743e-07, 6.99251586411e-07, 2.60620737436e-07, 1.54667006314e-07, 8.86608191308e-08, 5.3516583165e-08, 4.27593143115e-08, 2.45812916688e-08, 1.92340205984e-08, 1.65262257212e-08, 1.62979425511e-08, 1.24517667288e-08],
        "var": [7.59957799801e-07, 2.10368307307e-06, 1.05180060928e-05, 2.6227444323e-06, 1.9320350475e-07, 2.48326017527e-07, 6.65897772478e-08, 1.39159590518e-08, 2.16264375297e-08, 2.4381126007e-09, 4.43566378072e-10, 1.13984182093e-08, 5.77313876704e-08, 8.25726420572e-09, 1.62664448577e-09, 2.70426764315e-10, 3.49341944261e-11, 2.24564530527e-07, 6.08521091294e-08, 3.40725847536e-08, 2.65497863694e-08, 8.08374811534e-10, 2.2426507873e-10, 4.30009543598e-12, 4.57246705776e-11, 5.68178750576e-13, 1.30445513332e-12, 1.29364281874e-12, 8.56358983291e-13, 1.13891545934e-12, 1.59201875316e-13, 8.14352789846e-14, 2.67149261832e-14, 3.2797894988e-14, 4.90805380821e-14, 1.94348507963e-14, 6.06545809265e-15, 6.90228513993e-15, 6.16195589765e-15, 2.90551232095e-15]
    },
    "mfcc": {
        "mean": [-627.513061523, 152.579177856, -34.4832344055, 29.3786468506, 25.5175933838, 19.3186779022, -15.7161083221, 2.42935466766, 20.7324123383, -0.106712013483, -22.5354671478, -10.6226234436, -0.800027608871],
        "cov": [[216.942947388, 36.0871200562, 64.3945846558, -14.4437179565, 19.5942878723, 29.2862148285, -27.7042942047, -21.2290782928, -17.7554397583, 4.70470714569, -17.0262432098, 6.67353820801, 56.6021194458], [36.0871200562, 145.815826416, -0.388710200787, 21.5006084442, -50.1155166626, -9.79827880859, -19.443365097, -32.292137146, -5.65654754639, -11.9946537018, 3.2979080677, 19.8090896606, 36.5490989685], [64.3945846558, -0.388710200787, 287.175811768, 109.516769409, 62.2776908875, -11.7707090378, -33.7961273193, -54.5180130005, -20.179441452, -7.60987377167, 1.25259113312, -10.6528911591, -30.809223175], [-14.4437179565, 21.5006084442, 109.516769409, 103.974205017, 16.3874359131, -15.9729919434, -17.4053916931, -32.597076416, 4.37216091156, 0.104509495199, 0.166451066732, -4.70824670792, -28.6435432434], [19.5942878723, -50.1155166626, 62.2776908875, 16.3874359131, 72.4625091553, 17.0362567902, 0.687903285027, 1.72167944908, -3.90692210197, 4.04070520401, 4.63659858704, -4.43619203568, -12.8515577316], [29.2862148285, -9.79827880859, -11.7707090378, -15.9729919434, 17.0362567902, 57.0266304016, 18.7038555145, 16.7413520813, -0.957966029644, 11.6143026352, -8.64541149139, -4.11937999725, 15.7740917206], [-27.7042942047, -19.443365097, -33.7961273193, -17.4053916931, 0.687903285027, 18.7038555145, 57.5334777832, 27.7413978577, 4.50475883484, 4.4380531311, 10.9617099762, -1.3274217844, -11.4398622513], [-21.2290782928, -32.292137146, -54.5180130005, -32.597076416, 1.72167944908, 16.7413520813, 27.7413978577, 53.8386917114, 12.3592967987, 6.17849206924, -2.21957039833, -1.79127180576, 4.75527858734], [-17.7554397583, -5.65654754639, -20.179441452, 4.37216091156, -3.90692210197, -0.957966029644, 4.50475883484, 12.3592967987, 42.915813446, 13.5816831589, -12.9678668976, -8.20464038849, 11.3965206146], [4.70470714569, -11.9946537018, -7.60987377167, 0.104509495199, 4.04070520401, 11.6143026352, 4.4380531311, 6.17849206924, 13.5816831589, 30.2403831482, -1.07835221291, -0.447550147772, 8.65499591827], [-17.0262432098, 3.2979080677, 1.25259113312, 0.166451066732, 4.63659858704, -8.64541149139, 10.9617099762, -2.21957039833, -12.9678668976, -1.07835221291, 45.736164093, 25.5331554413, -7.52787256241], [6.67353820801, 19.8090896606, -10.6528911591, -4.70824670792, -4.43619203568, -4.11937999725, -1.3274217844, -1.79127180576, -8.20464038849, -0.447550147772, 25.5331554413, 41.9702758789, 17.203578949], [56.6021194458, 36.5490989685, -30.809223175, -28.6435432434, -12.8515577316, 15.7740917206, -11.4398622513, 4.75527858734, 11.3965206146, 8.65499591827, -7.52787256241, 17.203578949, 68.3772735596]],
