{
"lowlevel": {
    "average_loudness": 0.989489138126,
    "barkbands_crest": {
        "dmean": 1.1841366291,
        "dmean2": 1.84547936916,
        "dvar": 0.867326021194,
        "dvar2": 1.94087064266,
        "max": 13.7668390274,
        "mean": 8.26229667664,
        "median": 8.45509910583,
        "min": 4.61088085175,
        "var": 3.65695810318
    },
    "barkbands_flatness_db": {
        "dmean": 0.00823919754475,
        "dmean2": 0.0123435407877,
        "dvar": 0.000122424753499,
        "dvar2": 0.000109323031211,
        "max": 0.205556243658,
        "mean": 0.160172149539,
        "median": 0.157124578953,
        "min": 0.0405567772686,
        "var": 0.00045581109589
    },
    "barkbands_kurtosis": {
        "dmean": 0.196171745658,
        "dmean2": 0.319431692362,
        "dvar": 0.0332539901137,
        "dvar2": 0.0716499686241,
        "max": 0.447398662567,
        "mean": -1.27168464661,
        "median": -1.40068471432,
        "min": -1.77525448799,
        "var": 0.183883562684
    },
    "barkbands_skewness": {
        "dmean": 0.185998246074,
        "dmean2": 0.303086131811,
        "dvar": 0.0258409790695,
        "dvar2": 0.0532112680376,
        "max": 0.755612492561,
        "mean": -0.0679151937366,
        "median": 0.00266380724497,
        "min": -1.17262303829,
        "var": 0.183412224054
    },
    "barkbands_spread": {
        "dmean": 3.30986571312,
        "dmean2": 5.02713775635,
        "dvar": 5.33290719986,
        "dvar2": 13.2442102432,
        "max": 48.7150917053,
        "mean": 36.3603515625,
        "median": 36.9702033997,
        "min": 20.2169704437,
        "var": 27.1702804565
    },
    "dissonance": {
        "dmean": 0.00659306254238,
        "dmean2": 0.0106439217925,
        "dvar": 9.02359533939e-05,
        "dvar2": 0.000141211261507,
        "max": 0.499083697796,
        "mean": 0.488204956055,
        "median": 0.489452540874,
        "min": 0.401405066252,
        "var": 9.92014756775e-05
    },
    "dynamic_complexity": 0.528094828129,
    "erbbands_crest": {
        "dmean": 1.20231187344,
        "dmean2": 1.88473212719,
        "dvar": 1.25338375568,
        "dvar2": 3.04029798508,
        "max": 14.6620073318,
        "mean": 8.07190990448,
        "median": 7.39021492004,
        "min": 4.66932535172,
        "var": 5.6635222435
    },
    "erbbands_flatness_db": {
        "dmean": 0.00987560860813,
        "dmean2": 0.0138684809208,
        "dvar": 0.000157410191605,
        "dvar2": 0.000147367725731,
        "max": 0.29535728693,
        "mean": 0.241945490241,
        "median": 0.239023923874,
        "min": 0.106023102999,
        "var": 0.000623404514045
    },
    "erbbands_kurtosis": {
        "dmean": 1.11152648926,
        "dmean2": 1.78150892258,
        "dvar": 1.50015628338,
        "dvar2": 3.58334732056,
        "max": 10.0413169861,
        "mean": 1.42161202431,
        "median": 0.869457483292,
        "min": -0.943754911423,
        "var": 3.45297861099
    },
    "erbbands_skewness": {
        "dmean": 0.272036224604,
        "dmean2": 0.435448527336,
        "dvar": 0.048531729728,
        "dvar2": 0.126602470875,
        "max": 0.00470896065235,
        "mean": -0.876615703106,
        "median": -0.853002309799,
        "min": -1.73001384735,
        "var": 0.103673838079
    },
    "erbbands_spread": {
        "dmean": 2.91371774673,
        "dmean2": 4.55183935165,
        "dvar": 5.64589881897,
        "dvar2": 14.2109365463,
        "max": 33.2824287415,
        "mean": 18.8917102814,
        "median": 19.3630428314,
        "min": 6.76113080978,
        "var": 33.8126869202
    },
    "hfc": {
        "dmean": 5.21437978745,
        "dmean2": 8.60874080658,
        "dvar": 29.4395999908,
        "dvar2": 57.1760292053,
        "max": 69.2012023926,
        "mean": 35.757484436,
        "median": 35.0271911621,
        "min": 1.43919718266,
        "var": 108.219665527
    },
    "melbands_crest": {
        "dmean": 1.5567356348,
        "dmean2": 2.50083756447,
        "dvar": 1.25665664673,
        "dvar2": 3.48630475998,
        "max": 18.8025722504,
        "mean": 12.8566474915,
        "median": 13.4389743805,
        "min": 6.43320846558,
        "var": 7.02167844772
    },
    "melbands_flatness_db": {
        "dmean": 0.00913527607918,
        "dmean2": 0.0139150721952,
        "dvar": 8.41483342811e-05,
        "dvar2": 0.000137228198582,
        "max": 0.242050662637,
        "mean": 0.196417242289,
        "median": 0.195054039359,
        "min": 0.114313580096,
        "var": 0.000468892743811
    },
    "melbands_kurtosis": {
        "dmean": 0.536047160625,
        "dmean2": 0.839840233326,
        "dvar": 0.310014128685,
        "dvar2": 0.743692100048,
        "max": 3.52831220627,
        "mean": -0.0540464147925,
        "median": -0.180067062378,
        "min": -1.7130510807,
        "var": 1.24833798409
    },
    "melbands_skewness": {
        "dmean": 0.24016815424,
        "dmean2": 0.374289005995,
        "dvar": 0.0353512242436,
        "dvar2": 0.0807368159294,
        "max": 2.1273598671,
        "mean": 1.00678884983,
        "median": 1.06385660172,
        "min": -0.23982052505,
        "var": 0.245625779033
    },
    "melbands_spread": {
        "dmean": 5.02773809433,
        "dmean2": 8.31001377106,
        "dvar": 14.4956378937,
        "dvar2": 30.7325057983,
        "max": 78.6900482178,
        "mean": 54.6414337158,
        "median": 54.0273246765,
        "min": 32.4740867615,
        "var": 85.7500762939
    },
    "pitch_salience": {
        "dmean": 0.0362232476473,
        "dmean2": 0.0597393549979,
        "dvar": 0.00137522572186,
        "dvar2": 0.00237539270893,
        "max": 0.814341187477,
        "mean": 0.489455103874,
        "median": 0.491568863392,
        "min": 0.379188507795,
        "var": 0.00350943324156
    },
    "silence_rate_20dB": {
        "dmean": 0,
        "dmean2": 0,
        "dvar": 0,
        "dvar2": 0,
        "max": 1,
        "mean": 1,
        "median": 1,
        "min": 1,
        "var": 0
    },
    "silence_rate_30dB": {
        "dmean": 0,
        "dmean2": 0,
        "dvar": 0,
        "dvar2": 0,
        "max": 1,
        "mean": 1,
        "median": 1,
        "min": 1,
        "var": 0
    },
    "silence_rate_60dB": {
        "dmean": 0,
        "dmean2": 0,
        "dvar": 0,
        "dvar2": 0,
        "max": 0,
        "mean": 0,
        "median": 0,
        "min": 0,
        "var": 0
    },
    "spectral_centroid": {
        "dmean": 136.498794556,
        "dmean2": 217.261642456,
        "dvar": 10950.5839844,
        "dvar2": 27586.9394531,
        "max": 2677.24389648,
        "mean": 2164.24194336,
        "median": 2165.08569336,
        "min": 1486.27941895,
        "var": 46790.5742188
    },
    "spectral_complexity": {
        "dmean": 3.48333334923,
        "dmean2": 5.32773113251,
        "dvar": 17.3330516815,
        "dvar2": 25.5816669464,
        "max": 46,
        "mean": 32.4793395996,
        "median": 33,
        "min": 1,
        "var": 47.1917114258
    },
    "spectral_decrease": {
        "dmean": 9.29328836108e-10,
        "dmean2": 1.50722756498e-09,
        "dvar": 6.96751083758e-19,
        "dvar2": 1.24731205632e-18,
        "max": -2.6889052096e-10,
        "mean": -7.10468572862e-09,
        "median": -7.11392944552e-09,
        "min": -9.10855124658e-09,
        "var": 1.32481608798e-18
    },
    "spectral_energy": {
        "dmean": 0.00390983046964,
        "dmean2": 0.00630587525666,
        "dvar": 1.25952701637e-05,
        "dvar2": 2.30128498515e-05,
        "max": 0.0397777147591,
        "mean": 0.0300579592586,
        "median": 0.0302253831178,
        "min": 0.00114539382048,
        "var": 2.58147574641e-05
    },
    "spectral_energyband_high": {
        "dmean": 6.66121559334e-05,
        "dmean2": 0.000100062534329,
        "dvar": 4.29323687712e-09,
        "dvar2": 8.91166163086e-09,
        "max": 0.000712160777766,
        "mean": 0.000334014708642,
        "median": 0.000313249445753,
        "min": 7.01424360159e-05,
        "var": 1.87677979824e-08
    },
    "spectral_energyband_low": {
        "dmean": 0.00180456973612,
        "dmean2": 0.00279371300712,
        "dvar": 1.88739841178e-06,
        "dvar2": 4.14399346482e-06,
        "max": 0.0140892658383,
        "mean": 0.00856700539589,
        "median": 0.00853302981704,
        "min": 0.000381789403036,
        "var": 6.88445925334e-06
    },
    "spectral_energyband_middle_high": {
        "dmean": 0.00247080228291,
        "dmean2": 0.00403735274449,
        "dvar": 5.88202556173e-06,
        "dvar2": 1.13941405289e-05,
        "max": 0.0296394918114,
        "mean": 0.0149391433224,
        "median": 0.0143181243911,
        "min": 0.000415802060161,
        "var": 2.88756909868e-05
    },
    "spectral_energyband_middle_low": {
        "dmean": 0.00180458126124,
        "dmean2": 0.00284578325227,
        "dvar": 2.39913879341e-06,
        "dvar2": 4.76828654428e-06,
        "max": 0.0138334184885,
        "mean": 0.00626138178632,
        "median": 0.00606888439506,
        "min": 0.000274042511592,
        "var": 5.2012519518e-06
    },
    "spectral_entropy": {
        "dmean": 0.0663849562407,
        "dmean2": 0.0973271280527,
        "dvar": 0.0108750751242,
        "dvar2": 0.00914290547371,
        "max": 8.79965305328,
        "mean": 7.46795511246,
        "median": 7.46916484833,
        "min": 7.17964029312,
        "var": 0.0261777453125
    },
    "spectral_flux": {
        "dmean": 0.00885129999369,
        "dmean2": 0.0141853122041,
        "dvar": 8.70381772984e-05,
        "dvar2": 0.000160179217346,
        "max": 0.15113158524,
        "mean": 0.0693670511246,
        "median": 0.0703921169043,
        "min": 0.04431425035,
        "var": 0.000176137400558
    },
    "spectral_kurtosis": {
        "dmean": 4.40351438522,
        "dmean2": 7.98161888123,
        "dvar": 14.3424787521,
        "dvar2": 47.3617248535,
        "max": 21.6912574768,
        "mean": 6.23418903351,
        "median": 4.95057201385,
        "min": 1.41082382202,
        "var": 16.1450233459
    },
    "spectral_rms": {
        "dmean": 0.000369842367945,
        "dmean2": 0.000587185553741,
        "dvar": 2.02060292054e-07,
        "dvar2": 2.70969508165e-07,
        "max": 0.00622956873849,
        "mean": 0.00538583938032,
        "median": 0.00543030211702,
        "min": 0.00105709861964,
        "var": 3.17575654663e-07
    },
    "spectral_rolloff": {
        "dmean": 160.422363281,
        "dmean2": 259.122253418,
        "dvar": 27077.6933594,
        "dvar2": 57254.0507812,
        "max": 3036.18164062,
        "mean": 2284.12182617,
        "median": 2347.11914062,
        "min": 1636.5234375,
        "var": 120542.382812
    },
    "spectral_skewness": {
        "dmean": 0.424049764872,
        "dmean2": 0.764185786247,
        "dvar": 0.190451174974,
        "dvar2": 0.58841329813,
        "max": 3.87354874611,
        "mean": 0.96212297678,
        "median": 0.820058226585,
        "min": 0.349095135927,
        "var": 0.219498217106
    },
    "spectral_spread": {
        "dmean": 284029.03125,
        "dmean2": 343432.1875,
        "dvar": 1.6906584064e+12,
        "dvar2": 921479020544,
        "max": 19766576,
        "mean": 2236702.75,
        "median": 2072004.5,
        "min": 1696596,
        "var": 2.71834336461e+12
    },
    "spectral_strongpeak": {
        "dmean": 0.83633595705,
        "dmean2": 1.62694692612,
        "dvar": 3.63431596756,
        "dvar2": 9.93899822235,
        "max": 8.65248775482,
        "mean": 1.25465202332,
        "median": 0.283136963844,
        "min": 0,
        "var": 5.45794534683
    },
    "zerocrossingrate": {
        "dmean": 0.00407714862376,
        "dmean2": 0.00510848872364,
        "dvar": 2.60061060544e-05,
        "dvar2": 1.80348142749e-05,
        "max": 0.0927734375,
        "mean": 0.0704819858074,
        "median": 0.0712890625,
        "min": 0.015625,
        "var": 0.000117927404062
    },
    "barkbands": {
        "dmean": [1.46737020259e-05, 0.00175959628541, 0.000159880422871, 0.000128211439005, 0.0011863243999, 8.25678871479e-05, 0.000437465583673, 0.000139649957418, 0.00122979807202, 0.000184037940926, 0.000184829026693, 0.000344609230524, 9.12884352147e-05, 0.00152945006266, 0.000728220504243, 0.000579813495278, 0.000892445386853, 0.000502434035297, 0.000331729359459, 0.000150713793118, 4.39816321887e-05, 1.04212513179e-05, 1.62676610671e-06, 4.83680423713e-07, 2.48519626211e-07, 1.2968241947e-07, 1.0947525908e-07],
        "dmean2": [2.28679873544e-05, 0.00274850009009, 0.00024357244547, 0.000245017290581, 0.00200997898355, 0.000131540757138, 0.000782915216405, 0.000219648689381, 0.00193382904399, 0.000350240588887, 0.000298038910842, 0.000548261392396, 0.000155298039317, 0.00217342586257, 0.00109808845446, 0.00105953658931, 0.00151210569311, 0.000811405829154, 0.000547218078282, 0.000253900594544, 7.43292985135e-05, 1.72392901732e-05, 2.85086866825e-06, 7.66380196637e-07, 3.72313252228e-07, 1.80846797093e-07, 1.44978102412e-07],
        "dvar": [1.84865484032e-10, 1.9099520614e-06, 2.78283724953e-08, 1.30671127252e-08, 1.02977378447e-06, 3.02021874177e-08, 2.14005368093e-07, 1.93012326122e-08, 1.28580859382e-06, 2.78081486726e-08, 2.97592475107e-08, 1.17759967111e-07, 7.77084441239e-09, 2.05442006518e-06, 5.35822834991e-07, 2.05454995239e-07, 1.01875104974e-06, 2.05785823937e-07, 8.77811245914e-08, 2.09143227181e-08, 1.53358947763e-09, 1.09278093519e-10, 2.28486066872e-12, 8.54098584392e-13, 6.76210118716e-13, 6.02120946418e-13, 6.72967486858e-13],
        "dvar2": [3.79801995409e-10, 4.24894506068e-06, 8.48990140412e-08, 3.41887229638e-08, 2.29621969083e-06, 7.15789951755e-08, 6.41393683054e-07, 5.27748795776e-08, 2.75354818768e-06, 7.78597808448e-08, 9.0734602054e-08, 3.08461153509e-07, 2.06673806957e-08, 3.74820706384e-06, 1.17962770219e-06, 6.79906520418e-07, 2.86352064904e-06, 5.85797806707e-07, 2.07586509759e-07, 4.97427876667e-08, 3.47645956467e-09, 2.85534679234e-10, 6.00949108184e-12, 1.20417272074e-12, 8.56678280831e-13, 6.78093377889e-13, 7.63643000831e-13],
        "max": [0.000122600060422, 0.0135967247188, 0.00148818932939, 0.00072585180169, 0.00932628195733, 0.00161780347116, 0.0051373494789, 0.00126333278604, 0.00682187918574, 0.00134681339841, 0.00133401842322, 0.00326767819934, 0.00076147983782, 0.0167686995119, 0.0105550866574, 0.00364048080519, 0.0110249789432, 0.00348717952147, 0.00270380009897, 0.00131181825418, 0.000360849400749, 9.63176134974e-05, 1.03874408524e-05, 9.36740070756e-06, 8.86947964318e-06, 8.09519769973e-06, 8.51471395436e-06],
        "mean": [2.12537306652e-05, 0.00827168673277, 0.000252165627899, 0.000145213765791, 0.00172580801882, 0.000109547254397, 0.00128372956533, 0.000429700419772, 0.00250897603109, 0.000248764816206, 0.000486198870931, 0.000643251463771, 0.000186326360563, 0.00459225801751, 0.00296439812519, 0.00122962973546, 0.00214210199192, 0.0012006633915, 0.000951625872403, 0.000447310798336, 0.000184067845112, 2.77082181128e-05, 3.19838181895e-06, 1.24782411604e-06, 7.45493025534e-07, 1.98113937699e-07, 1.97985215777e-07],
        "median": [1.74839497049e-05, 0.00827868282795, 0.000218738568947, 0.000115494505735, 0.00131307297852, 6.25642933301e-05, 0.000911141047254, 0.000402751960792, 0.00211198045872, 0.00018992285186, 0.000444961711764, 0.000519468216226, 0.000143044700962, 0.00361939915456, 0.00237379036844, 0.00119148474187, 0.00169064325746, 0.00111978070345, 0.000811897567473, 0.000415305898059, 0.000180250761332, 2.43730355578e-05, 2.80137146547e-06, 1.04680816548e-06, 5.73365696255e-07, 6.97345896583e-08, 7.17605885825e-08],
        "min": [2.22332346311e-06, 0.000208759476664, 1.82389321708e-05, 6.24866470389e-06, 8.85650806595e-05, 7.80549999035e-06, 3.3118580177e-05, 2.66677998297e-05, 2.55462236964e-05, 2.9275783163e-05, 2.71841781796e-05, 1.60356994456e-05, 1.07390342237e-05, 6.23004525551e-05, 8.4653198428e-05, 2.74261274171e-05, 7.66687226132e-05, 2.6790321499e-05, 4.02065634262e-05, 3.90203240386e-05, 2.24539271585e-05, 5.77566834181e-06, 8.97377958609e-07, 3.57786802851e-07, 1.85360661931e-07, 1.88449611471e-08, 3.34900107646e-08],
        "var": [2.81238338173e-10, 6.71344514558e-06, 3.26529416839e-08, 1.5766000061e-08, 1.84629857358e-06, 3.25594839978e-08, 1.50275707256e-06, 7.41502717005e-08, 2.18902800952e-06, 4.10389127126e-08, 7.58856089078e-08, 2.27085962479e-07, 1.85842150557e-08, 1.32459554152e-05, 5.46582214156e-06, 3.15571156762e-07, 2.89128183795e-06, 3.62201802773e-07, 3.07068944494e-07, 6.27697644973e-08, 6.48925313484e-09, 1.96257135543e-10, 2.98733282035e-12, 1.08624686936e-12, 8.31322369884e-13, 6.82834485569e-13, 7.52737986959e-13]
    },
    "erbbands": {
        "dmean": [0.0423021242023, 0.431847721338, 0.396599143744, 0.168966948986, 3.07280778885, 3.79087376595, 0.58933532238, 0.828539907932, 2.9237549305, 6.16445446014, 6.13438367844, 37.3729934692, 7.32866001129, 8.38667011261, 5.39077043533, 15.1610851288, 4.84320926666, 45.4758110046, 39.8130531311, 25.8426570892, 32.1777572632, 51.5361366272, 21.3573722839, 22.6708335876, 12.878698349, 7.36380052567, 1.85363531113, 1.591127038, 0.426729798317, 0.0849364995956, 0.052176784724, 0.0167361311615, 0.00459033995867, 0.00327521539293, 0.00180725823157, 0.000688748725224, 0.000215474239667, 6.56708289171e-05, 1.67933048942e-05, 5.9483095356e-06],
        "dmean2": [0.0718209519982, 0.652951776981, 0.556417763233, 0.291960984468, 5.24883508682, 6.00915956497, 0.964828670025, 1.3079161644, 4.94015359879, 11.3166103363, 9.48160648346, 59.3734779358, 11.9991474152, 15.174451828, 9.24402332306, 24.218963623, 8.29985713959, 63.1976013184, 60.3022384644, 42.0719947815, 57.1208114624, 83.1698150635, 36.4992332458, 35.2680549622, 21.7695922852, 12.2068777084, 2.92089223862, 2.67231225967, 0.712401270866, 0.137740045786, 0.0922232344747, 0.0269345119596, 0.00693612033501, 0.00470499554649, 0.00289579457603, 0.00103789253626, 0.000291554024443, 8.61884036567e-05, 2.27093223657e-05, 9.39112032938e-06],
        "dvar": [0.00121614022646, 0.107981093228, 0.0601710565388, 0.0274400617927, 8.51618385315, 10.9209032059, 0.492187768221, 3.24673485756, 9.5907125473, 45.0261726379, 27.8240966797, 1214.36157227, 37.2925949097, 67.6979827881, 27.7583999634, 217.836456299, 20.8605098724, 1776.09558105, 1556.2722168, 667.440185547, 615.134765625, 3671.88305664, 329.232696533, 489.286651611, 122.150177002, 61.6665687561, 2.7312066555, 1.95288622379, 0.239549726248, 0.00822926405817, 0.00260329828598, 0.000496399472468, 0.000187221012311, 9.12409377634e-05, 3.26530825987e-05, 9.69333177636e-06, 2.0679597128e-06, 2.63000060841e-07, 1.36097373371e-08, 1.10063638759e-10],
        "dvar2": [0.00291745434515, 0.238093525171, 0.168502509594, 0.0597584657371, 14.4641265869, 29.8481369019, 1.24402332306, 7.25284719467, 27.2720050812, 142.38671875, 61.289680481, 2629.40844727, 101.908432007, 198.097702026, 89.4147186279, 555.836425781, 56.0711860657, 3156.77856445, 3416.3190918, 1492.44116211, 1853.51416016, 10439.3847656, 1002.82086182, 1111.46228027, 280.039245605, 159.283691406, 6.32328987122, 5.36191272736, 0.576812207699, 0.0199801940471, 0.00710298540071, 0.000822431058623, 0.000238613065449, 0.000122985162307, 3.84800659958e-05, 1.09131633508e-05, 2.32699721892e-06, 2.98702161672e-07, 1.55602304375e-08, 1.58811977458e-10],
        "max": [0.337925851345, 3.25837683678, 1.83349943161, 1.28405284882, 27.9973316193, 23.9916954041, 4.97280979156, 17.7478141785, 41.1698226929, 65.9573898315, 55.6613044739, 191.849899292, 36.0757408142, 60.3055152893, 45.3317108154, 144.406784058, 43.5182037354, 522.280029297, 526.529968262, 323.587799072, 216.314102173, 668.910583496, 160.328598022, 198.406265259, 92.4586334229, 64.8766784668, 16.6648769379, 15.1037693024, 4.78552103043, 0.870127975941, 0.321437358856, 0.214242339134, 0.143082097173, 0.101384930313, 0.0611800737679, 0.0330879278481, 0.0149580948055, 0.00528845516965, 0.00122464611195, 0.000136104979902],
        "mean": [0.212962388992, 1.94265711308, 0.921416938305, 0.383635699749, 4.81918764114, 5.24344539642, 0.907418787479, 1.25577056408, 10.585351944, 16.2548007965, 20.2914123535, 66.5951004028, 15.0035610199, 18.6767711639, 14.4414606094, 28.7310390472, 12.496011734, 143.617614746, 180.579269409, 110.374237061, 86.9105148315, 119.799255371, 60.2728004456, 70.3427810669, 37.0716934204, 21.3677692413, 7.58484268188, 6.38652944565, 1.33790588379, 0.224629029632, 0.102540679276, 0.0436522252858, 0.0134912971407, 0.0115926051512, 0.00370363751426, 0.00130413623992, 0.0003055332636, 0.000100916789961, 4.41277115897e-05, 4.08468258684e-05],
        "median": [0.218754723668, 1.92870664597, 0.885409832001, 0.355329811573, 3.90059161186, 3.93603396416, 0.698460578918, 0.860316693783, 7.00004529953, 12.2700920105, 19.3964595795, 53.0832061768, 13.027094841, 14.3674325943, 13.5081882477, 23.4253673553, 11.3726882935, 112.965408325, 145.62210083, 98.3304214478, 84.7427520752, 89.7579269409, 55.6855049133, 62.0313796997, 33.3583869934, 18.3404140472, 7.34917354584, 6.03026342392, 1.21640098095, 0.200419768691, 0.0876052826643, 0.0365101210773, 0.0109770353884, 0.00939667318016, 0.00266808271408, 0.000776911154389, 6.77665302646e-05, 2.15013951674e-05, 2.69358133664e-05, 3.96388313675e-05],
        "min": [0.00693772081286, 0.0436375439167, 0.111907325685, 0.0818495601416, 0.212796643376, 0.277711749077, 0.0797395780683, 0.110172137618, 0.284948378801, 0.761238217354, 1.15538668633, 0.518799602985, 0.666035711765, 1.40612387657, 0.798769235611, 0.631774425507, 0.556357443333, 2.14994883537, 3.26098132133, 4.3797416687, 2.50039982796, 3.58320498466, 1.65452325344, 2.37171435356, 1.41429424286, 1.99817180634, 1.09379982948, 0.647258579731, 0.253805667162, 0.079128369689, 0.0304121281952, 0.0163246970624, 0.00508471997455, 0.00258612725884, 0.000925345288124, 0.000270577496849, 3.02221214952e-05, 1.42359658639e-05, 1.7408579879e-05, 2.45814644586e-05],
        "var": [0.00389802176505, 0.392057687044, 0.156768292189, 0.0463665574789, 16.3671474457, 16.9965877533, 0.637719392776, 3.78068137169, 102.663467407, 216.629486084, 120.393165588, 2059.76098633, 67.8332290649, 154.975616455, 49.1592063904, 448.366821289, 43.9917411804, 12360.5244141, 12389.2910156, 4640.06445312, 1347.42333984, 10517.3398438, 735.781555176, 1305.88964844, 387.325775146, 154.899642944, 10.4880151749, 8.60079574585, 0.424865961075, 0.0121383192018, 0.00315778097138, 0.000695228169207, 0.000225708645303, 0.000133258567075, 3.72687864001e-05, 1.1081012417e-05, 2.3420159323e-06, 2.93765197057e-07, 1.51264210047e-08, 1.25226606862e-10]
    },
    "gfcc": {
        "mean": [-6.55909442902, 140.894363403, -189.488342285, 51.0463256836, -18.8870544434, -3.30288290977, -7.89713144302, 12.4874687195, 1.94820761681, 4.13985919952, -10.9076824188, -17.8180351257, 1.3842946291],
        "cov": [[198.583358765, 14.3617916107, -51.1978034973, 15.4810600281, -54.4257316589, -41.8295478821, -8.98660373688, 22.7015018463, -11.2964200974, 2.35773706436, 28.1650390625, 17.5215568542, -0.81062823534], [14.3617916107, 165.973236084, -64.116569519, 31.9496250153, 3.76487588882, -6.45261335373, 15.3492908478, -27.3114318848, 11.6236305237, -20.3533344269, 5.22360658646, -14.9107646942, 24.3571300507], [-51.1978034973, -64.116569519, 156.057510376, -15.2789669037, -14.2102413177, -4.29969501495, -35.6343841553, -1.97616779804, -32.4354057312, -16.518787384, -27.4150333405, 18.3415966034, -11.1928119659], [15.4810600281, 31.9496250153, -15.2789669037, 54.5222892761, -3.76707458496, -14.7077608109, 1.1014393568, -2.40436649323, 0.0854044631124, -14.0976343155, 12.1830587387, 5.55898952484, 12.4531364441], [-54.4257316589, 3.76487588882, -14.2102413177, -3.76707458496, 70.8006896973, 36.4203987122, 4.19885540009, -20.9564838409, 4.14492177963, -3.76314544678, -15.7778654099, -17.6298770905, -1.71115958691], [-41.8295478821, -6.45261335373, -4.29969501495, -14.7077608109, 36.4203987122, 48.46434021, 9.45716953278, -11.8779611588, 3.13632845879, -6.88557243347, -10.7399320602, -11.3305063248, -3.07000803947], [-8.98660373688, 15.3492908478, -35.6343841553, 1.1014393568, 4.19885540009, 9.45716953278, 40.2910194397, 17.8687953949, 11.7325382233, 3.16354298592, -1.05728304386, -6.97791051865, -0.817546069622], [22.7015018463, -27.3114318848, -1.97616779804, -2.40436649323, -20.9564838409, -11.8779611588, 17.8687953949, 43.6285591125, 5.51256370544, 3.06936502457, 0.237610369921, 7.21968698502, -3.15953779221], [-11.2964200974, 11.6236305237, -32.4354057312, 0.0854044631124, 4.14492177963, 3.13632845879, 11.7325382233, 5.51256370544, 42.0689849854, 24.7088127136, 8.04301452637, -6.57456684113, 0.0333220176399], [2.35773706436, -20.3533344269, -16.518787384, -14.0976343155, -3.76314544678, -6.88557243347, 3.16354298592, 3.06936502457, 24.7088127136, 49.9537773132, 18.7238483429, -4.38718700409, -12.9090518951], [28.1650390625, 5.22360658646, -27.4150333405, 12.1830587387, -15.7778654099, -10.7399320602, -1.05728304386, 0.237610369921, 8.04301452637, 18.7238483429, 37.5853042603, 10.4066066742, 0.426659464836], [17.5215568542, -14.9107646942, 18.3415966034, 5.55898952484, -17.6298770905, -11.3305063248, -6.97791051865, 7.21968698502, -6.57456684113, -4.38718700409, 10.4066066742, 32.1290626526, 6.9540438652], [-0.81062823534, 24.3571300507, -11.1928119659, 12.4531364441, -1.71115958691, -3.07000803947, -0.817546069622, -3.15953779221, 0.0333220176399, -12.9090518951, 0.426659464836, 6.9540438652, 22.5662269592]],
        "icov": [[0.0113977910951, -0.00241000391543, 0.0088229291141, -0.00224115164019, 0.0065756039694, -0.000495594926178, 0.0115710292011, -0.00808760244399, 0.00748082669452, -0.00202984642237, 0.00287323328666, -0.00582498125732, 0.00891016051173], [-0.00241000391543, 0.0145129999146, -0.000153037515702, 0.00079106685007, 0.000435037421994, 0.00897084735334, -0.0130794774741, 0.0167599935085, -0.00882694125175, 0.0116700381041, -0.00431491620839, 0.00788456946611, -0.00879688374698], [0.0088229291141, -0.000153037515702, 0.02181545645, -0.00518458755687, 0.0105121657252, -0.00503133935854, 0.0196104627103, -0.00594183942303, 0.0111927185208, -0.00544203817844, 0.0187730174512, -0.0146726807579, 0.0151917878538], [-0.00224115164019, 0.00079106685007, -0.00518458755687, 0.0348524302244, -0.0105258477852, 0.0197388343513, -0.0109438849613, 0.00645586010069, -0.0116098728031, 0.0238039270043, -0.0236262902617, 0.00617117481306, -0.0081653399393], [0.0065756039694, 0.000435037421994, 0.0105121657252, -0.0105258477852, 0.0356790982187, -0.021637359634, 0.00926716066897, 0.00481928046793, 0.00629609590396, -0.00964533723891, 0.019137378782, -0.00229519605637, 0.00638020737097], [-0.000495594926178, 0.00897084735334, -0.00503133935854, 0.0197388343513, -0.021637359634, 0.0564935095608, -0.0251209381968, 0.0207835510373, -0.0172661747783, 0.0302458126098, -0.0184104964137, 0.0083626024425, 5.44883587281e-05], [0.0115710292011, -0.0130794774741, 0.0196104627103, -0.0109438849613, 0.00926716066897, -0.0251209381968, 0.0705251917243, -0.0430784672499, 0.0139791136608, -0.0171848125756, 0.0179469808936, -0.00939688831568, 0.016813158989], [-0.00808760244399, 0.0167599935085, -0.00594183942303, 0.00645586010069, 0.00481928046793, 0.0207835510373, -0.0430784672499, 0.0643374845386, -0.0206741001457, 0.0189446080476, -0.00137181614991, 0.000162429263582, -0.00340646551922], [0.00748082669452, -0.00882694125175, 0.0111927185208, -0.0116098728031, 0.00629609590396, -0.0172661747783, 0.0139791136608, -0.0206741001457, 0.0560898296535, -0.0400876924396, 0.0153434341773, -0.00559090217575, -0.00408732192591], [-0.00202984642237, 0.0116700381041, -0.00544203817844, 0.0238039270043, -0.00964533723891, 0.0302458126098, -0.0171848125756, 0.0189446080476, -0.0400876924396, 0.0730223804712, -0.0397141687572, 0.0142592899501, 0.0150972446427], [0.00287323328666, -0.00431491620839, 0.0187730174512, -0.0236262902617, 0.019137378782, -0.0184104964137, 0.0179469808936, -0.00137181614991, 0.0153434341773, -0.0397141687572, 0.0746467635036, -0.0310259908438, 0.0119231771678], [-0.00582498125732, 0.00788456946611, -0.0146726807579, 0.00617117481306, -0.00229519605637, 0.0083626024425, -0.00939688831568, 0.000162429263582, -0.00559090217575, 0.0142592899501, -0.0310259908438, 0.0620366819203, -0.029122184962], [0.00891016051173, -0.00879688374698, 0.0151917878538, -0.0081653399393, 0.00638020737097, 5.44883587281e-05, 0.016813158989, -0.00340646551922, -0.00408732192591, 0.0150972446427, 0.0119231771678, -0.029122184962, 0.084184974432]]
    },
    "melbands": {
        "dmean": [0.000443452241598, 0.000348865694832, 7.78702815296e-05, 0.000329558533849, 3.36926568707e-05, 1.71993779077e-05, 6.40753351036e-05, 5.38885360584e-05, 6.79151708027e-05, 0.000239267523284, 2.75130187219e-05, 3.33061288984e-05, 2.21930276894e-05, 4.79035661556e-05, 1.11436002044e-05, 1.27117828015e-05, 0.000115878712677, 9.28158333409e-05, 7.35072389944e-05, 2.96847465506e-05, 4.31375738117e-05, 5.43795649719e-05, 3.32810923283e-05, 2.5959659979e-05, 1.99913065444e-05, 1.23372892631e-05, 8.24912149255e-06, 4.20112883148e-06, 1.18999446386e-06, 1.72582861069e-06, 7.18890589724e-07, 2.97135073879e-07, 1.33175788619e-07, 2.96730373606e-08, 3.61165142237e-08, 1.82461246112e-08, 9.1988363593e-09, 3.76078146402e-09, 2.7245070644e-09, 2.95444335663e-09],
        "dmean2": [0.000718633295037, 0.00049755955115, 0.00012576264271, 0.000563358305953, 5.43631504115e-05, 2.66759016085e-05, 0.000111933761218, 9.76665542112e-05, 0.000107914514956, 0.000379961798899, 4.57997011836e-05, 6.1163380451e-05, 3.65558444173e-05, 7.54483698984e-05, 1.88125195564e-05, 2.16316293518e-05, 0.000161227842909, 0.00013789354125, 0.000109707420052, 5.44450122106e-05, 7.64196520322e-05, 8.80176448845e-05, 5.67720926483e-05, 4.15738140873e-05, 3.11477815558e-05, 2.05711494345e-05, 1.38897803481e-05, 6.71426778354e-06, 2.03432227863e-06, 2.91215474135e-06, 1.20181823604e-06, 4.85531131744e-07, 2.14336665749e-07, 4.94191958467e-08, 6.53738965184e-08, 2.90374355671e-08, 1.49481920175e-08, 5.85350523608e-09, 3.83643738999e-09, 4.31814939361e-09],
        "dvar": [1.27635232161e-07, 5.63867565972e-08, 7.55306306388e-09, 7.56810010216e-08, 9.77345648856e-10, 1.33907263056e-09, 4.64266181055e-09, 3.53861961955e-09, 2.9429927384e-09, 5.0218957881e-08, 6.20182682987e-10, 1.08781406105e-09, 4.72752448299e-10, 2.38221420368e-09, 1.00267009973e-10, 1.4755260902e-10, 1.13305143046e-08, 8.51362624843e-09, 5.26980503679e-09, 5.21099052797e-10, 1.26270172096e-09, 3.54673712621e-09, 1.40268952009e-09, 6.3014249374e-10, 3.64810348596e-10, 1.40178799124e-10, 5.41759172246e-11, 1.97592098933e-11, 1.06997960839e-12, 2.16433750262e-12, 3.54929464725e-13, 1.04208024046e-13, 2.72470221163e-14, 7.72807450086e-16, 1.15824291059e-15, 2.94031314604e-16, 1.63197229143e-16, 9.92674703881e-17, 6.92624002577e-17, 6.34546394455e-17],
        "dvar2": [2.83937737322e-07, 1.339509339e-07, 1.32588011681e-08, 1.75521876145e-07, 2.35506569801e-09, 3.08121861359e-09, 1.32264208474e-08, 1.1247821341e-08, 7.47064188289e-09, 1.06315305004e-07, 1.75570413763e-09, 3.14779913246e-09, 1.56662183226e-09, 6.34087982121e-09, 2.4756763306e-10, 4.01565058983e-10, 2.03136885091e-08, 1.64730113994e-08, 1.11811226944e-08, 1.49921530745e-09, 3.71372665953e-09, 1.02214707809e-08, 4.25280699545e-09, 1.75498526822e-09, 8.05728761488e-10, 3.64294844291e-10, 1.47490200608e-10, 5.26770918552e-11, 2.80876645727e-12, 5.30502985291e-12, 1.04422796365e-12, 2.48778211573e-13, 6.90640646344e-14, 2.10987966227e-15, 3.17919459543e-15, 6.80436654304e-16, 2.65331032554e-16, 1.31018937167e-16, 8.77180835081e-17, 8.85059697328e-17],
        "max": [0.00359284272417, 0.00221757008694, 0.000810719735455, 0.002471963875, 0.00018863879086, 0.00034997286275, 0.000844628782943, 0.000610679097008, 0.000548481359147, 0.00122812774498, 0.000170583778527, 0.000231457015616, 0.000150010935613, 0.000462907308247, 9.59599710768e-05, 0.000101631769212, 0.00131148321088, 0.00108178169467, 0.00107841286808, 0.000194015228772, 0.000243607297307, 0.000653781346045, 0.000376311072614, 0.000190941776964, 0.000163521792274, 8.95568955457e-05, 6.98079747963e-05, 3.34146170644e-05, 8.61969238031e-06, 1.29771215143e-05, 5.99801069257e-06, 2.66491770162e-06, 1.49081847667e-06, 1.89142753015e-07, 1.98497374981e-07, 1.48713667159e-07, 1.2107327052e-07, 1.02253927992e-07, 8.85491218128e-08, 8.44058476446e-08],
        "mean": [0.00227939500473, 0.00123982375953, 0.000162117692525, 0.000447770929895, 5.14678758918e-05, 2.2227934096e-05, 0.000214009836782, 0.000151232889039, 0.000198074209038, 0.000419337186031, 5.2717707149e-05, 7.02401666786e-05, 5.21997353644e-05, 8.81122396095e-05, 2.35673069255e-05, 2.64558748313e-05, 0.000351757043973, 0.000337265664712, 0.000293576857075, 6.23155428912e-05, 0.00010816098802, 0.000125345948618, 7.36599758966e-05, 5.917470844e-05, 5.85814304941e-05, 3.14612043439e-05, 2.17047836486e-05, 1.15684952107e-05, 3.62200989912e-06, 5.95637266088e-06, 2.59506327893e-06, 7.82037375302e-07, 2.69586848844e-07, 6.17186088903e-08, 6.21963707204e-08, 4.00824831104e-08, 2.08841672844e-08, 8.80902639722e-09, 8.87718876186e-09, 9.19971832047e-09],
        "median": [0.00228587491438, 0.00124234182294, 0.000138998046168, 0.000356496835593, 4.26586702815e-05, 1.42874550875e-05, 0.000145249665366, 0.000116920447908, 0.000181180948857, 0.000336070952471, 4.50969528174e-05, 5.53322497581e-05, 4.73316540592e-05, 7.29252351448e-05, 1.94853091671e-05, 2.00959511858e-05, 0.000276433042018, 0.000265889510047, 0.00024252057483, 5.8123794588e-05, 0.000100830890005, 9.60703691817e-05, 5.9572947066e-05, 5.07017502969e-05, 5.15200554219e-05, 2.62723388005e-05, 1.99246587727e-05, 1.00375200418e-05, 3.38285531143e-06, 5.57850125915e-06, 2.3954662538e-06, 6.99189683928e-07, 2.34330897797e-07, 5.65562032762e-08, 5.24450491923e-08, 3.39577077568e-08, 1.69639857717e-08, 6.6213026173e-09, 6.84791778838e-09, 7.0803176655e-09],
        "min": [6.40284270048e-05, 5.97934122197e-05, 1.6880883777e-05, 2.1644813387e-05, 2.93249968308e-06, 1.48226945385e-06, 5.13862596563e-06, 8.63153218233e-06, 9.50058620219e-06, 2.7719092941e-06, 3.29846602654e-06, 5.68327050132e-06, 3.12684301207e-06, 1.99558985514e-06, 1.16056219213e-06, 1.16097817227e-06, 4.73839554616e-06, 5.11981943419e-06, 7.56933695811e-06, 2.77078015642e-06, 3.61093589163e-06, 4.52071253676e-06, 1.59286776125e-06, 1.41271857501e-06, 2.09770860238e-06, 1.23455515677e-06, 1.02850265193e-06, 1.45866272305e-06, 5.20965613759e-07, 7.53800065922e-07, 2.3702541796e-07, 1.55156953952e-07, 6.72005597835e-08, 2.13133812821e-08, 1.41686431476e-08, 1.26483135077e-08, 5.36049116207e-09, 2.59022958637e-09, 2.40693287523e-09, 1.7601080593e-09],
        "var": [4.70517022677e-07, 1.83759567562e-07, 1.41775302609e-08, 1.3122469511e-07, 1.50972201407e-09, 1.45947376406e-09, 4.21019556995e-08, 1.88228792553e-08, 1.26437624814e-08, 8.64087539298e-08, 1.02345709685e-09, 2.37393904534e-09, 8.32782121041e-10, 4.39298997179e-09, 2.20762991221e-10, 3.43024109117e-10, 7.94212766664e-08, 5.28297157132e-08, 5.72580312053e-08, 9.00989116648e-10, 2.51992737788e-09, 1.04910746757e-08, 3.12076853248e-09, 1.03246677874e-09, 1.01164787658e-09, 3.33453042956e-10, 1.52388296426e-10, 4.69253108593e-11, 2.50751914892e-12, 8.35973477942e-12, 1.40257076786e-12, 1.85197167389e-13, 3.27913423411e-14, 1.0083689009e-15, 1.37325025991e-15, 4.78011450019e-16, 2.20914980611e-16, 1.18573654127e-16, 9.31715661726e-17, 9.23519162124e-17]
    },
    "mfcc": {
        "mean": [-625.529296875, 155.141525269, -81.7186737061, 56.7486991882, 4.79786300659, 9.03199577332, 4.06386137009, 6.45541000366, 20.7509002686, 19.4429779053, 12.4412488937, 1.57734417915, -6.33311891556],
        "cov": [[293.940826416, -3.44325351715, -56.2935333252, 26.2745418549, -44.9461746216, -59.7663497925, 1.98947119713, -6.60074138641, -9.93321323395, -39.7271347046, 13.6009378433, 38.6696968079, 43.1208076477], [-3.44325351715, 103.275123596, -18.9643535614, 10.7825260162, 0.43076351285, 24.5887527466, -4.19078779221, -2.51916909218, 5.43222951889, 0.156484469771, -2.78552699089, -16.6859436035, -22.0286960602], [-56.2935333252, -18.9643535614, 121.188362122, -1.40595293045, 7.37043571472, -20.3851718903, -16.3156032562, -2.11665272713, -17.1482162476, -20.7997817993, -25.2226333618, -15.073018074, 1.0597730875], [26.2745418549, 10.7825260162, -1.40595293045, 55.6046714783, -5.07630443573, -13.6797733307, -4.70240259171, -0.062664411962, 0.753901839256, -8.0025510788, -6.41589927673, 1.2849946022, 5.67216491699], [-44.9461746216, 0.43076351285, 7.37043571472, -5.07630443573, 52.6699943542, 27.8926906586, -0.655139088631, 0.452142238617, -5.26119661331, -1.66963768005, -11.2187376022, -16.0606422424, -22.2575378418], [-59.7663497925, 24.5887527466, -20.3851718903, -13.6797733307, 27.8926906586, 65.0817489624, 2.912576437, 1.94698190689, -1.31076228619, 16.5177993774, -0.767625033855, -12.5674619675, -21.3115501404], [1.98947119713, -4.19078779221, -16.3156032562, -4.70240259171, -0.655139088631, 2.912576437, 37.6585502625, 11.9910144806, 1.58355379105, -8.03023529053, -0.950044333935, 3.63090062141, -6.62615203857], [-6.60074138641, -2.51916909218, -2.11665272713, -0.062664411962, 0.452142238617, 1.94698190689, 11.9910144806, 43.5308914185, 11.6408672333, -6.69450044632, -11.0209226608, -6.29781389236, -5.61886739731], [-9.93321323395, 5.43222951889, -17.1482162476, 0.753901839256, -5.26119661331, -1.31076228619, 1.58355379105, 11.6408672333, 28.8056869507, 11.8684778214, 4.47438716888, -5.72668552399, -5.10139513016], [-39.7271347046, 0.156484469771, -20.7997817993, -8.0025510788, -1.66963768005, 16.5177993774, -8.03023529053, -6.69450044632, 11.8684778214, 56.7097206116, 18.1511459351, -3.56888961792, -11.26258564], [13.6009378433, -2.78552699089, -25.2226333618, -6.41589927673, -11.2187376022, -0.767625033855, -0.950044333935, -11.0209226608, 4.47438716888, 18.1511459351, 36.8791122437, 10.743678093, 7.84505319595], [38.6696968079, -16.6859436035, -15.073018074, 1.2849946022, -16.0606422424, -12.5674619675, 3.63090062141, -6.29781389236, -5.72668552399, -3.56888961792, 10.743678093, 34.8499984741, 28.2158069611], [43.1208076477, -22.0286960602, 1.0597730875, 5.67216491699, -22.2575378418, -21.3115501404, -6.62615203857, -5.61886739731, -5.10139513016, -11.26258564, 7.84505319595, 28.2158069611, 46.2416801453]],
