{
"lowlevel": {
    "average_loudness": 0.987556219101,
    "barkbands_crest": {
        "dmean": 1.32019984722,
        "dmean2": 2.18195843697,
        "dvar": 1.50380599499,
        "dvar2": 3.34112906456,
        "max": 23.7678871155,
        "mean": 15.8043088913,
        "median": 15.9542999268,
        "min": 5.28152227402,
        "var": 10.8254070282
    },
    "barkbands_flatness_db": {
        "dmean": 0.00870909448713,
        "dmean2": 0.0137656033039,
        "dvar": 9.39552992349e-05,
        "dvar2": 0.00013041474449,
        "max": 0.283037334681,
        "mean": 0.224539652467,
        "median": 0.227642014623,
        "min": 0.0735373944044,
        "var": 0.000648586486932
    },
    "barkbands_kurtosis": {
        "dmean": 0.858934700489,
        "dmean2": 1.34261119366,
        "dvar": 0.735841870308,
        "dvar2": 1.76657354832,
        "max": 11.4383687973,
        "mean": 1.25540232658,
        "median": 0.653623342514,
        "min": -1.67708432674,
        "var": 5.20293474197
    },
    "barkbands_skewness": {
        "dmean": 0.235894888639,
        "dmean2": 0.376702100039,
        "dvar": 0.033758033067,
        "dvar2": 0.0706454589963,
        "max": 3.32263827324,
        "mean": 1.44452476501,
        "median": 1.37074375153,
        "min": 0.0848226696253,
        "var": 0.3814894557
    },
    "barkbands_spread": {
        "dmean": 2.56290411949,
        "dmean2": 4.03699064255,
        "dvar": 3.80196332932,
        "dvar2": 9.85783576965,
        "max": 39.2590904236,
        "mean": 23.0515098572,
        "median": 22.4486160278,
        "min": 10.242898941,
        "var": 39.1665687561
    },
    "dissonance": {
        "dmean": 0.012028045021,
        "dmean2": 0.0199901331216,
        "dvar": 0.000151794098201,
        "dvar2": 0.000368065491784,
        "max": 0.497639149427,
        "mean": 0.480119943619,
        "median": 0.483432114124,
        "min": 0.387245208025,
        "var": 0.000221389360377
    },
    "dynamic_complexity": 0.850225508213,
    "erbbands_crest": {
        "dmean": 1.71170258522,
        "dmean2": 2.79220604897,
        "dvar": 1.98973453045,
        "dvar2": 5.45759963989,
        "max": 23.3885231018,
        "mean": 9.98872470856,
        "median": 9.26501750946,
        "min": 4.59895277023,
        "var": 12.6487436295
    },
    "erbbands_flatness_db": {
        "dmean": 0.0100468695164,
        "dmean2": 0.0148814516142,
        "dvar": 7.16726644896e-05,
        "dvar2": 0.000100430726889,
        "max": 0.298904240131,
        "mean": 0.233250752091,
        "median": 0.233619108796,
        "min": 0.122315339744,
        "var": 0.000475569395348
    },
    "erbbands_kurtosis": {
        "dmean": 0.748841702938,
        "dmean2": 1.21217262745,
        "dvar": 0.796026706696,
        "dvar2": 2.12720704079,
        "max": 12.8459320068,
        "mean": 0.668245494366,
        "median": 0.0618305206299,
        "min": -1.49486994743,
        "var": 3.06717252731
    },
    "erbbands_skewness": {
        "dmean": 0.254564166069,
        "dmean2": 0.423343658447,
        "dvar": 0.038924921304,
        "dvar2": 0.0972997620702,
        "max": 0.866777598858,
        "mean": -0.706648230553,
        "median": -0.694373965263,
        "min": -2.64122915268,
        "var": 0.326427847147
    },
    "erbbands_spread": {
        "dmean": 4.19440221786,
        "dmean2": 6.62017726898,
        "dvar": 11.9563093185,
        "dvar2": 31.7628822327,
        "max": 57.8496627808,
        "mean": 27.4989261627,
        "median": 25.7911472321,
        "min": 8.23320293427,
        "var": 82.3117828369
    },
    "hfc": {
        "dmean": 4.69632005692,
        "dmean2": 6.92585659027,
        "dvar": 18.4535217285,
        "dvar2": 40.4554786682,
        "max": 68.8882217407,
        "mean": 33.2231063843,
        "median": 32.7158927917,
        "min": 1.31756389141,
        "var": 128.844558716
    },
    "melbands_crest": {
        "dmean": 1.35291111469,
        "dmean2": 2.31013011932,
        "dvar": 1.60853266716,
        "dvar2": 3.98738145828,
        "max": 25.1202449799,
        "mean": 18.7915420532,
        "median": 19.0015907288,
        "min": 8.80490779877,
        "var": 8.22761154175
    },
    "melbands_flatness_db": {
        "dmean": 0.0102286478505,
        "dmean2": 0.0160013381392,
        "dvar": 0.000105791623355,
        "dvar2": 0.000180257266038,
        "max": 0.358893573284,
        "mean": 0.301346838474,
        "median": 0.303434818983,
        "min": 0.16456875205,
        "var": 0.00100663641933
    },
    "melbands_kurtosis": {
        "dmean": 2.60387516022,
        "dmean2": 4.16287469864,
        "dvar": 7.06831645966,
        "dvar2": 17.0810813904,
        "max": 42.3181877136,
        "mean": 9.40726470947,
        "median": 6.99631214142,
        "min": -0.20055937767,
        "var": 53.773853302
    },
    "melbands_skewness": {
        "dmean": 0.352002620697,
        "dmean2": 0.569938063622,
        "dvar": 0.0817277356982,
        "dvar2": 0.189881429076,
        "max": 5.86193466187,
        "mean": 2.89110827446,
        "median": 2.66786956787,
        "min": 1.13843142986,
        "var": 0.895001292229
    },
    "melbands_spread": {
        "dmean": 3.17021608353,
        "dmean2": 5.03711700439,
        "dvar": 7.16890192032,
        "dvar2": 14.4214258194,
        "max": 48.7478408813,
        "mean": 20.4389896393,
        "median": 18.9629440308,
        "min": 6.17136144638,
        "var": 68.8678512573
    },
    "pitch_salience": {
        "dmean": 0.0336025543511,
        "dmean2": 0.055131290108,
        "dvar": 0.00145943381358,
        "dvar2": 0.00274419295602,
        "max": 0.809756815434,
        "mean": 0.370736151934,
        "median": 0.37657147646,
        "min": 0.166179910302,
        "var": 0.00377660337836
    },
    "silence_rate_20dB": {
        "dmean": 0,
        "dmean2": 0,
        "dvar": 0,
        "dvar2": 0,
        "max": 1,
        "mean": 1,
        "median": 1,
        "min": 1,
        "var": 0
    },
    "silence_rate_30dB": {
        "dmean": 0,
        "dmean2": 0,
        "dvar": 0,
        "dvar2": 0,
        "max": 1,
        "mean": 1,
        "median": 1,
        "min": 1,
        "var": 0
    },
    "silence_rate_60dB": {
        "dmean": 0,
        "dmean2": 0,
        "dvar": 0,
        "dvar2": 0,
        "max": 0,
        "mean": 0,
        "median": 0,
        "min": 0,
        "var": 0
    },
    "spectral_centroid": {
        "dmean": 146.650283813,
        "dmean2": 248.95501709,
        "dvar": 15293.3017578,
        "dvar2": 45383.5742188,
        "max": 2224.41943359,
        "mean": 1425.32287598,
        "median": 1402.94238281,
        "min": 820.026062012,
        "var": 76826.546875
    },
    "spectral_complexity": {
        "dmean": 2.01388883591,
        "dmean2": 3.28412246704,
        "dvar": 3.03591537476,
        "dvar2": 6.65463542938,
        "max": 29,
        "mean": 21.365650177,
        "median": 21,
        "min": 2,
        "var": 9.6668510437
    },
    "spectral_decrease": {
        "dmean": 1.8925017109e-09,
        "dmean2": 3.08361447487e-09,
        "dvar": 3.02238933168e-18,
        "dvar2": 7.27447032507e-18,
        "max": -3.96340210651e-10,
        "mean": -1.82397510429e-08,
        "median": -1.81880555061e-08,
        "min": -2.76923941556e-08,
        "var": 9.05863934934e-18
    },
    "spectral_energy": {
        "dmean": 0.00736967194825,
        "dmean2": 0.0119586428627,
        "dvar": 4.64407312393e-05,
        "dvar2": 0.000111351037049,
        "max": 0.107565805316,
        "mean": 0.0718542188406,
        "median": 0.0720907226205,
        "min": 0.00161538808607,
        "var": 0.00013701194257
    },
    "spectral_energyband_high": {
        "dmean": 3.60064659617e-05,
        "dmean2": 5.5053315009e-05,
        "dvar": 1.29451716013e-09,
        "dvar2": 2.63743493711e-09,
        "max": 0.000603761989623,
        "mean": 0.000144567966345,
        "median": 0.000124933765619,
        "min": 1.98532034119e-05,
        "var": 6.53497345127e-09
    },
    "spectral_energyband_low": {
        "dmean": 0.00556306028739,
        "dmean2": 0.00822202395648,
        "dvar": 2.52766876656e-05,
        "dvar2": 5.56584818696e-05,
        "max": 0.0896449834108,
        "mean": 0.0429334118962,
        "median": 0.0422847382724,
        "min": 0.000519635505043,
        "var": 0.000158906768775
    },
    "spectral_energyband_middle_high": {
        "dmean": 0.00240311119705,
        "dmean2": 0.00332618621178,
        "dvar": 4.84425117975e-06,
        "dvar2": 1.04297805592e-05,
        "max": 0.0329553335905,
        "mean": 0.0119309052825,
        "median": 0.010887786746,
        "min": 0.000442953809397,
        "var": 3.77481264877e-05
    },
    "spectral_energyband_middle_low": {
        "dmean": 0.00436810962856,
        "dmean2": 0.00778523739427,
        "dvar": 1.51442645802e-05,
        "dvar2": 5.03819865116e-05,
        "max": 0.0413494855165,
        "mean": 0.0169058423489,
        "median": 0.0154622113332,
        "min": 0.000664790277369,
        "var": 5.99930281169e-05
    },
    "spectral_entropy": {
        "dmean": 0.0844823643565,
        "dmean2": 0.136791750789,
        "dvar": 0.00635179271922,
        "dvar2": 0.0138210887089,
        "max": 7.97104740143,
        "mean": 6.99971580505,
        "median": 6.98745584488,
        "min": 6.6416592598,
        "var": 0.0213823709637
    },
    "spectral_flux": {
        "dmean": 0.0120755657554,
        "dmean2": 0.0199137404561,
        "dvar": 0.000152103661094,
        "dvar2": 0.000270933582215,
        "max": 0.242370426655,
        "mean": 0.0625877529383,
        "median": 0.0604861266911,
        "min": 0.0316982232034,
        "var": 0.00035080339876
    },
    "spectral_kurtosis": {
        "dmean": 4.41380929947,
        "dmean2": 8.09558677673,
        "dvar": 11.9666404724,
        "dvar2": 38.7448997498,
        "max": 23.580034256,
        "mean": 8.23161315918,
        "median": 7.81362342834,
        "min": 1.67397928238,
        "var": 16.151014328
    },
    "spectral_rms": {
        "dmean": 0.000444301811513,
        "dmean2": 0.000719070958439,
        "dvar": 2.55949487382e-07,
        "dvar2": 5.01753504523e-07,
        "max": 0.0102441320196,
        "mean": 0.00833925139159,
        "median": 0.00838644243777,
        "min": 0.00125538371503,
        "var": 5.58613749035e-07
    },
    "spectral_rolloff": {
        "dmean": 169.214950562,
        "dmean2": 286.289459229,
        "dvar": 68446.5,
        "dvar2": 132458.015625,
        "max": 1873.38867188,
        "mean": 1013.13458252,
        "median": 775.1953125,
        "min": 86.1328125,
        "var": 302644.15625
    },
    "spectral_skewness": {
        "dmean": 0.403147578239,
        "dmean2": 0.740031540394,
        "dvar": 0.106020957232,
        "dvar2": 0.330608308315,
        "max": 3.47021913528,
        "mean": 1.48322415352,
        "median": 1.43613445759,
        "min": 0.744801282883,
        "var": 0.153065383434
    },
    "spectral_spread": {
        "dmean": 180757.828125,
        "dmean2": 290268.0625,
        "dvar": 75463589888,
        "dvar2": 78200733696,
        "max": 7940001,
        "mean": 2328144.75,
        "median": 2278352.5,
        "min": 1831280.25,
        "var": 158679908352
    },
    "spectral_strongpeak": {
        "dmean": 0.0975929275155,
        "dmean2": 0.165961459279,
        "dvar": 0.0206671841443,
        "dvar2": 0.0596229732037,
        "max": 1.4945640564,
        "mean": 0.687867462635,
        "median": 0.713191628456,
        "min": 0.0205894559622,
        "var": 0.0312932282686
    },
    "zerocrossingrate": {
        "dmean": 0.00321451830678,
        "dmean2": 0.00398377655074,
        "dvar": 7.48865795686e-06,
        "dvar2": 1.16047713163e-05,
        "max": 0.06005859375,
        "mean": 0.0352631025016,
        "median": 0.03515625,
        "min": 0.0107421875,
        "var": 0.000103399426735
    },
    "barkbands": {
        "dmean": [5.70198681089e-05, 0.00531099364161, 0.00039730037679, 0.000316447520163, 0.00401038629934, 5.08735829499e-05, 0.000148790262756, 4.82805007778e-05, 0.002113658702, 0.000226364238188, 0.000167380756466, 0.00026671111118, 0.000122157594888, 0.00197205552831, 0.000749490223825, 0.000231388767133, 0.000362744845916, 0.000323891523294, 0.00014409981668, 4.52717831649e-05, 2.16230782826e-05, 5.45650118511e-06, 2.47810157816e-06, 9.07074081624e-07, 4.38569173866e-07, 1.86819178793e-07, 7.80094779884e-08],
        "dmean2": [9.32140028453e-05, 0.00786080770195, 0.000547457893845, 0.000596090045292, 0.00721536576748, 9.12096438697e-05, 0.000214971616515, 7.99351910246e-05, 0.00367117323913, 0.000424616941018, 0.000247632880928, 0.00046339185792, 0.00022474686557, 0.00271728355438, 0.000979762407951, 0.000365266343579, 0.000539930479135, 0.000508113880642, 0.000217304361286, 7.20124226063e-05, 3.08802627842e-05, 7.85720476415e-06, 3.83419319405e-06, 1.3898418274e-06, 6.40969631149e-07, 2.67877339866e-07, 1.04609910068e-07],
        "dvar": [1.9744106794e-08, 2.35264142248e-05, 5.9115148332e-08, 6.34407015809e-08, 1.22596811707e-05, 2.86728996102e-09, 2.06689989568e-08, 5.3418660606e-09, 4.2990491238e-06, 4.97386771769e-08, 3.63750558563e-08, 1.23834013266e-07, 1.26623866947e-08, 3.78649542654e-06, 5.13326369855e-07, 4.50164918675e-08, 1.20721310282e-07, 1.05797695937e-07, 3.00649602991e-08, 2.04125538694e-09, 4.46812004062e-10, 8.87518877835e-11, 2.89140655862e-11, 2.24730043602e-11, 5.35828499626e-12, 1.14336816924e-12, 5.06702535832e-13],
        "dvar2": [2.54859013893e-08, 5.09560668434e-05, 1.34298204557e-07, 1.88894375697e-07, 3.98660886276e-05, 8.74208883062e-09, 4.61559785947e-08, 1.53392623048e-08, 1.2473595234e-05, 1.58976504849e-07, 7.19465589327e-08, 3.45811230318e-07, 4.5366569168e-08, 7.4009499258e-06, 7.92501907654e-07, 1.06708320402e-07, 2.65634980678e-07, 2.12560252066e-07, 5.65544624465e-08, 5.18489295942e-09, 6.98201385596e-10, 1.95616120524e-10, 4.53058979222e-11, 3.84046544566e-11, 1.01361323848e-11, 1.87451443256e-12, 5.17116406119e-13],
        "max": [0.00267515610904, 0.0882833972573, 0.00208357465453, 0.00232339417562, 0.0353341884911, 0.000565665191971, 0.00155484606512, 0.000995464040898, 0.0275768730789, 0.00204349495471, 0.00236093811691, 0.00416019652039, 0.00102241535205, 0.0227719005197, 0.0102150281891, 0.0024801925756, 0.00343410507776, 0.00448089744896, 0.00249752495438, 0.000465240591438, 0.000347364024492, 0.000185188677278, 0.00010928366828, 8.35022365209e-05, 3.97952389903e-05, 1.39873127409e-05, 1.39391877383e-05],
        "mean": [7.3007598985e-05, 0.0423258431256, 0.000506789074279, 0.000544933485799, 0.00916017685086, 8.44376918394e-05, 0.00030114382389, 9.46815343923e-05, 0.00644212542102, 0.000437317765318, 0.000609825307038, 0.000406408915296, 0.000246186100412, 0.00458834320307, 0.00256301253103, 0.000720048323274, 0.00103257771116, 0.00105162616819, 0.000454999331851, 0.000107399398985, 7.6663607615e-05, 1.94973727048e-05, 4.44595525551e-06, 1.55795271439e-06, 7.48571210352e-07, 2.5046190899e-07, 2.91631295113e-07],
        "median": [5.67734423385e-05, 0.0417476966977, 0.000499564397614, 0.000476179760881, 0.00803817529231, 5.46794835827e-05, 0.00022395508131, 6.85862178216e-05, 0.00486909365281, 0.000395177048631, 0.000495486194268, 0.000243062633672, 0.000213264269405, 0.00287958956324, 0.00211333716288, 0.000614422315266, 0.000875726109371, 0.000821327033918, 0.000315030978527, 8.42263470986e-05, 6.28742855042e-05, 1.4339291738e-05, 2.94414144264e-06, 7.37313484933e-07, 4.11846485804e-07, 1.06681987688e-07, 2.20033982146e-07],
        "min": [4.97128121424e-06, 0.000315876677632, 6.46277612759e-06, 1.53159471665e-05, 0.00019287847681, 3.08247035719e-06, 1.17440713439e-05, 9.89320506051e-06, 8.27111143735e-05, 2.05978321901e-05, 1.22473802548e-05, 1.03603597381e-05, 1.12983943836e-05, 5.85741800023e-05, 7.40534596844e-05, 3.37462806783e-05, 6.20007776888e-05, 3.84417216992e-05, 6.50495940135e-06, 3.73069201487e-06, 4.19558637077e-06, 3.106556278e-06, 5.02464558849e-07, 2.57911324297e-07, 1.49316250031e-07, 2.80794036911e-08, 1.18876648969e-07],
        "var": [2.21656275556e-08, 0.00015653076116, 1.22486355281e-07, 1.52655132979e-07, 4.11439796153e-05, 7.00315716529e-09, 8.49998258445e-08, 8.97034269087e-09, 2.98871600535e-05, 7.17387962368e-08, 2.37637678424e-07, 2.44993174192e-07, 2.75875873257e-08, 2.23350634769e-05, 3.34839205607e-06, 2.01296685987e-07, 4.61675227825e-07, 6.5257421511e-07, 1.72252271113e-07, 5.48962830749e-09, 2.58306953604e-09, 2.96516061704e-10, 6.04194888565e-11, 3.38350736317e-11, 6.49981067233e-12, 1.21673873234e-12, 5.45231232125e-13]
    },
    "erbbands": {
        "dmean": [0.14162491262, 1.25598073006, 1.14815950394, 0.480546116829, 10.7221841812, 12.3779497147, 0.859425604343, 0.585791051388, 1.10660552979, 2.06446456909, 3.6768052578, 65.8562774658, 13.8991956711, 6.81472349167, 4.60036945343, 12.4355297089, 6.38255405426, 57.03307724, 51.9584846497, 22.1245269775, 17.6463928223, 18.0698013306, 15.1187334061, 11.027141571, 6.6497964859, 1.44923365116, 0.842849135399, 0.754974782467, 0.210518300533, 0.0721427053213, 0.0788608938456, 0.0282737538218, 0.0111591275781, 0.00465703662485, 0.00355918053538, 0.00131164118648, 0.000284416310024, 4.66274505015e-05, 1.21701687021e-05, 8.77090405993e-06],
        "dmean2": [0.233109682798, 1.78627884388, 1.60551977158, 0.843001663685, 18.3393363953, 22.6702518463, 1.57933413982, 1.07339465618, 1.60290002823, 3.01899170876, 6.57826328278, 115.606178284, 23.096572876, 11.4250507355, 7.26526451111, 21.6181030273, 11.7587614059, 76.5256195068, 73.4002838135, 29.81457901, 27.1297874451, 26.2348098755, 25.0853691101, 16.2895641327, 9.86536121368, 2.3157324791, 1.27055037022, 1.06364166737, 0.302544921637, 0.105727471411, 0.127464607358, 0.0427280478179, 0.0181141607463, 0.00707043195143, 0.0053909108974, 0.00201127561741, 0.000414284324506, 6.32344308542e-05, 1.67960733961e-05, 1.39236835821e-05],
        "dvar": [0.0164010655135, 1.2786231041, 0.582830429077, 0.179836109281, 87.6986083984, 120.815498352, 0.719963133335, 0.342517793179, 1.21986150742, 3.82059502602, 13.0239963531, 4106.40429688, 159.744506836, 49.2109909058, 25.2183704376, 269.606414795, 33.6063194275, 3208.078125, 2271.33789062, 453.803070068, 297.267425537, 299.712677002, 245.679748535, 127.95867157, 75.0694961548, 2.2240960598, 0.605916380882, 0.852334916592, 0.115952014923, 0.0476107597351, 0.0234576463699, 0.0142219075933, 0.00387240247801, 0.000722595606931, 0.000289455318125, 5.46148039575e-05, 2.96330472338e-06, 2.15987171259e-07, 9.94056925663e-09, 1.16893023039e-10],
        "dvar2": [0.040875505656, 2.58318996429, 1.29228281975, 0.525869488716, 260.002075195, 417.805328369, 2.40157604218, 1.04770684242, 2.68230628967, 9.31907081604, 42.5971183777, 11974.4306641, 445.406158447, 134.482635498, 54.8484573364, 766.45098877, 118.267929077, 6051.19091797, 4658.05273438, 699.462158203, 597.43359375, 623.612731934, 559.636291504, 264.683105469, 126.139228821, 5.58695983887, 1.27646923065, 1.05061483383, 0.249029785395, 0.0906777307391, 0.038522541523, 0.0236002150923, 0.00694207148626, 0.00125796510838, 0.000610207323916, 0.000120184195112, 4.0785262172e-06, 2.25822148536e-07, 1.04060910999e-08, 2.15890458288e-10],
        "max": [2.16049456596, 20.9835834503, 8.73803806305, 5.51544094086, 118.977172852, 83.4081039429, 7.88542175293, 6.46687269211, 12.9043016434, 19.3852806091, 46.5848999023, 828.443969727, 169.089904785, 69.3536758423, 63.227191925, 191.164489746, 64.3486557007, 699.236877441, 652.048034668, 309.833190918, 221.678436279, 194.801467896, 197.143356323, 184.009429932, 130.673187256, 17.2001209259, 10.774720192, 17.6952610016, 6.72032642365, 4.51111841202, 2.93738794327, 2.26229023933, 0.977825820446, 0.450111985207, 0.29204761982, 0.11613342911, 0.0249748136848, 0.00876790378243, 0.00196546711959, 0.00024317415955],
        "mean": [1.04241704941, 10.0844297409, 4.01495361328, 1.58691728115, 30.2618427277, 20.4627895355, 1.63688743114, 0.974057078362, 2.51173567772, 4.2993478775, 9.97469234467, 187.235519409, 51.3924217224, 19.7359447479, 15.5609350204, 19.1541633606, 14.8935279846, 140.818725586, 173.945281982, 84.9440765381, 58.0304107666, 52.6479110718, 49.9189109802, 38.2724990845, 20.6350479126, 4.51765775681, 2.89292359352, 2.78038787842, 0.781383991241, 0.187938302755, 0.135359182954, 0.0501607134938, 0.0199721902609, 0.00834080763161, 0.00576296588406, 0.00198466121219, 0.000346781482222, 8.91203453648e-05, 6.85435152263e-05, 8.71144875418e-05],
        "median": [1.02355015278, 10.0105905533, 3.97148919106, 1.40073406696, 26.5590705872, 17.4002609253, 1.4342058897, 0.667979955673, 1.75639081001, 3.32167243958, 8.15819263458, 143.658737183, 46.8331451416, 17.443523407, 12.7908124924, 11.527510643, 12.8164701462, 87.1320343018, 142.755142212, 70.4518966675, 48.1659965515, 44.1434516907, 41.3480873108, 29.3838596344, 14.9542837143, 3.68100166321, 2.34726953506, 2.20402574539, 0.611353337765, 0.136483803391, 0.089958705008, 0.0285194851458, 0.0093958126381, 0.00436662137508, 0.00333715952002, 0.00108704844024, 0.000100579643913, 4.64411823486e-05, 6.08453192399e-05, 8.57599734445e-05],
        "min": [0.00869700778276, 0.0715978294611, 0.18291656673, 0.181183621287, 0.378275662661, 0.319346487522, 0.103337906301, 0.118364088237, 0.166522800922, 0.269720762968, 0.963895022869, 2.12159466743, 0.748500168324, 0.765813052654, 0.878569960594, 0.384345978498, 0.859554231167, 3.8957464695, 6.29920339584, 1.85465502739, 2.67036271095, 3.73363423347, 3.93405222893, 1.16228842735, 0.206085696816, 0.181552052498, 0.140116333961, 0.207605019212, 0.127698987722, 0.0399121455848, 0.0174662806094, 0.00608969479799, 0.0034865331836, 0.00130158907268, 0.00106059783138, 0.000362753402442, 4.96735592606e-05, 2.10453254113e-05, 4.0269758756e-05, 3.14813732984e-05],
        "var": [0.0921816006303, 9.00708198547, 1.90170919895, 0.734055519104, 466.313720703, 214.390319824, 0.999924600124, 0.766537904739, 5.48349475861, 13.0217409134, 51.3907318115, 27918.4433594, 929.525817871, 170.352737427, 135.639190674, 520.484008789, 82.649848938, 20257.5585938, 14484.0830078, 2898.74584961, 1453.16235352, 1206.33935547, 1232.57727051, 912.366516113, 374.763519287, 7.58822965622, 3.16185688972, 4.62402629852, 0.366080999374, 0.0810098201036, 0.0493794344366, 0.0230175498873, 0.00562234921381, 0.000955022580456, 0.000316501333145, 5.08292905579e-05, 3.28024520968e-06, 2.22500460723e-07, 1.04966160208e-08, 2.32678126766e-10]
    },
    "gfcc": {
        "mean": [-3.27120614052, 157.220291138, -159.100158691, 48.7305717468, -1.77893102169, 8.75063037872, -3.26745820045, 9.94297409058, -1.07742917538, -10.6574068069, -21.363910675, -19.1722946167, 1.74648070335],
        "cov": [[316.056243896, -67.3770751953, -63.8385467529, -29.7059249878, -84.5093841553, -9.70488643646, -32.4770812988, 30.4503765106, -38.7909469604, 6.97556781769, 17.4070568085, 20.9295063019, -13.2173662186], [-67.3770751953, 129.498413086, -14.9895801544, 4.55066251755, 34.8475761414, -35.2688064575, 24.2631664276, -32.8924827576, 3.39645528793, -21.5880851746, -6.56984949112, -21.862323761, 15.7835474014], [-63.8385467529, -14.9895801544, 95.2942733765, 18.2529640198, -15.3962602615, -1.72172915936, -25.9190692902, -0.510690629482, -7.83909988403, -21.3033790588, -20.9537563324, 2.77900838852, -2.50883460045], [-29.7059249878, 4.55066251755, 18.2529640198, 55.4411468506, 12.8015966415, -8.14224529266, -5.99939632416, -14.5277442932, -9.00800609589, -20.8922710419, -0.299359679222, 2.47280263901, 1.63552284241], [-84.5093841553, 34.8475761414, -15.3962602615, 12.8015966415, 82.1941223145, 15.8349666595, 3.40475058556, -30.0729675293, 7.89159059525, 1.55247330666, -0.106584340334, -6.92554807663, 10.906293869], [-9.70488643646, -35.2688064575, -1.72172915936, -8.14224529266, 15.8349666595, 61.0494308472, 2.88394093513, -4.55190896988, 12.7189903259, 12.6413354874, -0.644947826862, -3.16427850723, 0.980244636536], [-32.4770812988, 24.2631664276, -25.9190692902, -5.99939632416, 3.40475058556, 2.88394093513, 57.5673065186, 15.2147226334, 19.1928291321, 11.3582468033, 0.255968570709, -12.9245738983, 2.09136462212], [30.4503765106, -32.8924827576, -0.510690629482, -14.5277442932, -30.0729675293, -4.55190896988, 15.2147226334, 64.7889938354, 25.5582714081, 2.68227267265, -3.53982162476, -0.396003842354, -5.18208026886], [-38.7909469604, 3.39645528793, -7.83909988403, -9.00800609589, 7.89159059525, 12.7189903259, 19.1928291321, 25.5582714081, 60.5143661499, 23.0526332855, -3.43040037155, -9.99044799805, 5.25996351242], [6.97556781769, -21.5880851746, -21.3033790588, -20.8922710419, 1.55247330666, 12.6413354874, 11.3582468033, 2.68227267265, 23.0526332855, 54.7039833069, 19.0765266418, 1.19484698772, -1.29444992542], [17.4070568085, -6.56984949112, -20.9537563324, -0.299359679222, -0.106584340334, -0.644947826862, 0.255968570709, -3.53982162476, -3.43040037155, 19.0765266418, 42.2097969055, 16.2896976471, -6.02757835388], [20.9295063019, -21.862323761, 2.77900838852, 2.47280263901, -6.92554807663, -3.16427850723, -12.9245738983, -0.396003842354, -9.99044799805, 1.19484698772, 16.2896976471, 38.3076705933, 4.83707427979], [-13.2173662186, 15.7835474014, -2.50883460045, 1.63552284241, 10.906293869, 0.980244636536, 2.09136462212, -5.18208026886, 5.25996351242, -1.29444992542, -6.02757835388, 4.83707427979, 28.4672393799]],
        "icov": [[0.0118242623284, -0.00339298066683, 0.0143569726497, -0.00333286239766, 0.012890744023, -0.00573918037117, 0.0132079655305, -0.00891171116382, 0.010364192538, -0.00609498051926, 0.00553971156478, -0.0025804694742, 0.000913641415536], [-0.00339298066683, 0.0370057225227, -0.00658730184659, 0.0173791572452, -0.0112887788564, 0.0285064671189, -0.021789835766, 0.0314015075564, -0.021634740755, 0.0302482508123, -0.017332052812, 0.0182191617787, -0.0144043536857], [0.0143569726497, -0.00658730184659, 0.0333866290748, -0.0105312988162, 0.019601136446, -0.0101952208206, 0.0231902170926, -0.0126080373302, 0.0125483265147, -0.00864818040282, 0.016568204388, -0.00704709766433, 0.00470211310312], [-0.00333286239766, 0.0173791572452, -0.0105312988162, 0.0343573838472, -0.0106220450252, 0.0168328713626, -0.0142270103097, 0.0210322439671, -0.0148233575746, 0.0260854978114, -0.0158613380045, 0.00806209445, -0.00652484223247], [0.012890744023, -0.0112887788564, 0.019601136446, -0.0106220450252, 0.0345462858677, -0.0155176278204, 0.018059104681, -0.00604515941814, 0.00912384036928, -0.0101887015626, 0.00878696795553, -0.00425263028592, -0.000112187924969], [-0.00573918037117, 0.0285064671189, -0.0101952208206, 0.0168328713626, -0.0155176278204, 0.0418184809387, -0.0200103130192, 0.0277310498059, -0.0220501888543, 0.0213586110622, -0.0131130535156, 0.01358179003, -0.00935120787472], [0.0132079655305, -0.021789835766, 0.0231902170926, -0.0142270103097, 0.018059104681, -0.0200103130192, 0.0481606908143, -0.0297544468194, 0.0183755680919, -0.0234794709831, 0.0138325095177, -0.00385263888165, 0.00501117343083], [-0.00891171116382, 0.0314015075564, -0.0126080373302, 0.0210322439671, -0.00604515941814, 0.0277310498059, -0.0297544468194, 0.0586919523776, -0.0383528657258, 0.0350655093789, -0.0159580893815, 0.0105767203495, -0.00613159686327], [0.010364192538, -0.021634740755, 0.0125483265147, -0.0148233575746, 0.00912384036928, -0.0220501888543, 0.0183755680919, -0.0383528657258, 0.0509191043675, -0.0349828228354, 0.0170297492296, -0.005355944857, 0.0012138398597], [-0.00609498051926, 0.0302482508123, -0.00864818040282, 0.0260854978114, -0.0101887015626, 0.0213586110622, -0.0234794709831, 0.0350655093789, -0.0349828228354, 0.0612654983997, -0.0316012389958, 0.0156524088234, -0.0106867114082], [0.00553971156478, -0.017332052812, 0.016568204388, -0.0158613380045, 0.00878696795553, -0.0131130535156, 0.0138325095177, -0.0159580893815, 0.0170297492296, -0.0316012389958, 0.0546144619584, -0.0283498261124, 0.0195146091282], [-0.0025804694742, 0.0182191617787, -0.00704709766433, 0.00806209445, -0.00425263028592, 0.01358179003, -0.00385263888165, 0.0105767203495, -0.005355944857, 0.0156524088234, -0.0283498261124, 0.0499895103276, -0.0218093693256], [0.000913641415536, -0.0144043536857, 0.00470211310312, -0.00652484223247, -0.000112187924969, -0.00935120787472, 0.00501117343083, -0.00613159686327, 0.0012138398597, -0.0106867114082, 0.0195146091282, -0.0218093693256, 0.0503362007439]]
    },
    "melbands": {
        "dmean": [0.00138678622898, 0.00103710521944, 0.000282221095404, 0.00112102762796, 6.83498801664e-05, 1.15026941785e-05, 2.31312205869e-05, 1.89986294572e-05, 4.31808548456e-05, 0.000415399263147, 5.63395733479e-05, 2.68647909252e-05, 2.09953213925e-05, 3.53952891601e-05, 1.05708077172e-05, 1.55835095939e-05, 0.000145628247992, 0.000124648446217, 7.64112846809e-05, 1.389528461e-05, 2.56902894762e-05, 1.90473965631e-05, 1.56592122948e-05, 1.54785648192e-05, 8.97601785255e-06, 7.32697253625e-06, 2.41414727498e-06, 1.0165238109e-06, 4.35527539366e-07, 8.30134240459e-07, 3.33386594775e-07, 1.53558886495e-07, 6.12302457625e-08, 3.79738587242e-08, 5.31131512105e-08, 2.74582809823e-08, 1.42390614855e-08, 8.66937988064e-09, 5.30319965719e-09, 3.75513131701e-09],
        "dmean2": [0.00213543046266, 0.00146345305257, 0.000459682894871, 0.00204426073469, 0.000124316822621, 2.10225152841e-05, 3.30883849529e-05, 2.825716183e-05, 8.073420031e-05, 0.000718693481758, 9.34735435294e-05, 4.51665764558e-05, 3.14714270644e-05, 6.13806114416e-05, 1.85701082955e-05, 2.85311507469e-05, 0.000195991364308, 0.000177380119567, 9.98353643809e-05, 2.28657354455e-05, 3.90267014154e-05, 2.77328435914e-05, 2.50445245911e-05, 2.30816312978e-05, 1.36700346047e-05, 1.08517942863e-05, 3.78180493499e-06, 1.65672270214e-06, 6.98725557413e-07, 1.19025469303e-06, 4.66361399276e-07, 2.2658520038e-07, 8.8972782919e-08, 5.60758195434e-08, 8.81884361092e-08, 4.15725587288e-08, 2.21826059743e-08, 1.41144713695e-08, 8.95005669577e-09, 5.35534727675e-09],
        "dvar": [1.64314610629e-06, 6.63719617933e-07, 6.00286185204e-08, 9.47365435877e-07, 4.56945370431e-09, 1.35615532693e-10, 5.14773501603e-10, 3.63286872807e-10, 1.9306334309e-09, 1.64110744549e-07, 2.80221290616e-09, 7.39391770033e-10, 5.56404755603e-10, 2.20580598231e-09, 1.70074995753e-10, 2.07243541772e-10, 2.08747614749e-08, 1.47894212432e-08, 5.31635402368e-09, 1.80552420237e-10, 7.35850713696e-10, 3.16139003864e-10, 2.44988418441e-10, 2.6048208035e-10, 9.07272104667e-11, 9.51140485816e-11, 6.0932608785e-12, 1.30324548896e-12, 1.5594139478e-13, 6.42936170882e-13, 1.76896244506e-13, 4.92136171225e-14, 2.7834510616e-14, 1.20129287309e-14, 8.66320988606e-15, 7.75902677882e-15, 4.45158461891e-15, 2.29320385008e-15, 9.73247209142e-16, 4.74177196565e-16],
        "dvar2": [3.61835077456e-06, 1.38517350479e-06, 1.62533595471e-07, 3.12308429784e-06, 1.50609960059e-08, 4.14178608077e-10, 1.12789610984e-09, 8.86709594639e-10, 6.89903423279e-09, 4.7003408099e-07, 8.25657497927e-09, 2.08585593242e-09, 1.14960230224e-09, 6.04847461005e-09, 5.13489584186e-10, 7.34083904774e-10, 3.94821704219e-08, 3.02186222711e-08, 8.13071387995e-09, 4.82301698579e-10, 1.43101197558e-09, 6.68183119945e-10, 5.9238175476e-10, 5.06502395581e-10, 1.83700429868e-10, 1.63381738694e-10, 1.45365976201e-11, 3.50976040765e-12, 3.24626203739e-13, 1.02173174435e-12, 2.06379564046e-13, 1.11428620779e-13, 5.95346593747e-14, 2.12549026773e-14, 1.59969727623e-14, 1.39689649754e-14, 7.37052156504e-15, 4.17594103963e-15, 1.82297118007e-15, 9.23922892437e-16],
        "max": [0.0238313898444, 0.0132187539712, 0.00358155113645, 0.00925568956882, 0.00046755594667, 0.000127742387122, 0.00025915823062, 0.000217687469558, 0.000455951201729, 0.00544678838924, 0.000701070064679, 0.000255648628809, 0.000306709087454, 0.000566402915865, 0.000145262019942, 0.000135576075991, 0.00175609136932, 0.00140310451388, 0.00104294379707, 0.000130473461468, 0.000363949191524, 0.000190918624867, 0.000201459552045, 0.00023672451789, 0.000142237229738, 0.000143586017657, 2.51709261647e-05, 1.07611922431e-05, 4.49158824267e-06, 1.18495627248e-05, 7.95363666839e-06, 4.01412353312e-06, 3.36196035278e-06, 2.23812116928e-06, 1.57194347139e-06, 1.74215244897e-06, 1.17863498872e-06, 7.41698954698e-07, 4.61085619463e-07, 3.7056616975e-07],
        "mean": [0.0115176700056, 0.00623878696933, 0.000921419530641, 0.00234913406894, 9.24606283661e-05, 1.80412152986e-05, 4.96967550134e-05, 4.09984022554e-05, 7.04718186171e-05, 0.00124437478371, 0.000189097496332, 6.92094836268e-05, 6.93092806614e-05, 5.46749179193e-05, 1.81111590791e-05, 3.27740199282e-05, 0.00034767476609, 0.000337025441695, 0.00024803361157, 3.680120426e-05, 7.42573902244e-05, 5.43504938832e-05, 4.41762676928e-05, 4.935196921e-05, 2.89221552521e-05, 2.14659539779e-05, 5.23550897924e-06, 2.44240959546e-06, 1.3885082808e-06, 2.58124168795e-06, 1.21377229334e-06, 5.16465547662e-07, 1.63039402423e-07, 7.61032694641e-08, 8.66694307433e-08, 4.77824748657e-08, 2.38421016263e-08, 1.44435130522e-08, 9.48045197902e-09, 5.9106342043e-09],
        "median": [0.0114215668291, 0.00619874848053, 0.000815265229903, 0.00209090695716, 7.26304861018e-05, 1.21037201097e-05, 3.50158516085e-05, 3.20306789945e-05, 5.73310098844e-05, 0.000951221969444, 0.000174262590008, 6.2018945755e-05, 5.39476350241e-05, 3.26638873958e-05, 1.34635492941e-05, 2.86328868242e-05, 0.000214936895645, 0.000235740968492, 0.000201612318051, 3.02480129903e-05, 6.040756125e-05, 4.64401928184e-05, 3.5203218431e-05, 3.83191327273e-05, 2.12524628296e-05, 1.46107568071e-05, 3.99338659918e-06, 1.95585289475e-06, 1.1353095033e-06, 2.11765996028e-06, 9.42512485835e-07, 3.74596140773e-07, 1.21888376725e-07, 5.15956308789e-08, 5.72347609307e-08, 2.96995779081e-08, 1.17919505271e-08, 6.26647311819e-09, 4.52322090894e-09, 2.91653412532e-09],
        "min": [8.40231368784e-05, 9.85706356005e-05, 2.44796647166e-05, 4.8641293688e-05, 4.03582862418e-06, 6.796112757e-07, 2.75210254586e-06, 3.2441159874e-06, 4.96617030876e-06, 1.21045395645e-05, 3.31255387209e-06, 2.90185744234e-06, 1.8587387558e-06, 1.47115747495e-06, 1.23402901409e-06, 1.78706579845e-06, 4.77891489936e-06, 1.17959461932e-05, 4.78914853375e-06, 1.18876164379e-06, 3.61844149666e-06, 3.75595527657e-06, 3.10418090521e-06, 2.1475932499e-06, 7.558231232e-07, 1.806819796e-07, 7.12265091352e-08, 1.4184864483e-07, 9.63263104836e-08, 8.30758963843e-08, 1.07323522514e-07, 7.0617829806e-08, 2.59213024378e-08, 1.07470379263e-08, 9.78157466136e-09, 4.65570693109e-09, 3.11301362466e-09, 2.07062322843e-09, 1.18391729753e-09, 5.64925772828e-10],
        "var": [1.13059595606e-05, 3.65930441149e-06, 3.97929454721e-07, 2.8013141673e-06, 5.36315614141e-09, 3.1248595378e-10, 2.30003371904e-09, 1.17175891212e-09, 3.03832004001e-09, 1.19865171655e-06, 1.14857918732e-08, 2.40911424143e-09, 3.37891714608e-09, 4.51295445458e-09, 2.97124685966e-10, 4.82981543648e-10, 1.29926775116e-07, 8.50593337987e-08, 3.37754464397e-08, 5.56445056699e-10, 3.35446870281e-09, 1.27756771828e-09, 9.8803210058e-10, 1.64024660521e-09, 5.72324632131e-10, 4.83052486899e-10, 1.60143235478e-11, 2.92771557865e-12, 7.33014831559e-13, 3.41494996343e-12, 9.8052436396e-13, 1.97352171497e-13, 4.60946893448e-14, 2.06047252692e-14, 1.69871458073e-14, 1.26505717455e-14, 7.11302185501e-15, 3.36561892383e-15, 1.24844853134e-15, 5.45231137681e-16]
    },
    "mfcc": {
        "mean": [-637.06048584, 177.523590088, -63.1810073853, 56.0906486511, 19.1746711731, 23.7676277161, 9.79671764374, 22.7107257843, 23.2906455994, 21.7426795959, 8.93216705322, -10.2541341782, -21.9116725922],
        "cov": [[387.87612915, -74.521156311, -28.5141105652, -47.4360961914, -58.3202133179, -65.4900970459, 0.616929113865, -3.15705490112, -44.0477218628, -22.1543540955, -12.9222345352, 1.06980586052, 12.2399482727], [-74.521156311, 124.928947449, -36.9046592712, 27.1766738892, -1.85458528996, 11.7879199982, 7.22278642654, -14.7410640717, 10.7725534439, -6.82909536362, -4.47562074661, -15.1935462952, -11.6931285858], [-28.5141105652, -36.9046592712, 104.952201843, -0.910698115826, 2.41335964203, -18.1425056458, -20.2864151001, 10.8262739182, -6.53226327896, -3.86265707016, -16.4174060822, -3.14869070053, -4.994556427], [-47.4360961914, 27.1766738892, -0.910698115826, 74.5721664429, 5.53345537186, -6.06218194962, 0.717751204967, 5.39552545547, -5.03759288788, -10.4338912964, -6.17124843597, -7.25474309921, -10.1968860626], [-58.3202133179, -1.85458528996, 2.41335964203, 5.53345537186, 66.498550415, 27.4167022705, -9.09016895294, 1.01009202003, -0.568936347961, -1.55400836468, -11.3800144196, -13.4118356705, -1.56527912617], [-65.4900970459, 11.7879199982, -18.1425056458, -6.06218194962, 27.4167022705, 77.8949356079, 11.9136867523, -14.9229669571, 5.54057359695, 2.42604207993, -0.770418465137, -3.20386004448, -1.18717002869], [0.616929113865, 7.22278642654, -20.2864151001, 0.717751204967, -9.09016895294, 11.9136867523, 39.3966255188, -0.417648822069, -10.2829198837, -5.92295408249, -1.34323310852, -3.32973670959, -1.11961042881], [-3.15705490112, -14.7410640717, 10.8262739182, 5.39552545547, 1.01009202003, -14.9229669571, -0.417648822069, 48.8833770752, 6.73181581497, 1.22662508488, -6.19203424454, 1.49491393566, 1.87430047989], [-44.0477218628, 10.7725534439, -6.53226327896, -5.03759288788, -0.568936347961, 5.54057359695, -10.2829198837, 6.73181581497, 59.7458496094, 18.9466972351, 2.31370139122, 2.14649868011, -3.46595621109], [-22.1543540955, -6.82909536362, -3.86265707016, -10.4338912964, -1.55400836468, 2.42604207993, -5.92295408249, 1.22662508488, 18.9466972351, 66.8694610596, 16.8148899078, -8.67167758942, -12.4461965561], [-12.9222345352, -4.47562074661, -16.4174060822, -6.17124843597, -11.3800144196, -0.770418465137, -1.34323310852, -6.19203424454, 2.31370139122, 16.8148899078, 66.4458084106, 11.1255931854, -26.1487522125], [1.06980586052, -15.1935462952, -3.14869070053, -7.25474309921, -13.4118356705, -3.20386004448, -3.32973670959, 1.49491393566, 2.14649868011, -8.67167758942, 11.1255931854, 52.7192497253, 19.7671031952], [12.2399482727, -11.6931285858, -4.994556427, -10.1968860626, -1.56527912617, -1.18717002869, -1.11961042881, 1.87430047989, -3.46595621109, -12.4461965561, -26.1487522125, 19.7671031952, 71.7119293213]],
