{
"lowlevel": {
    "average_loudness": 0.988485872746,
    "barkbands_crest": {
        "dmean": 1.62107026577,
        "dmean2": 2.77455878258,
        "dvar": 1.61885213852,
        "dvar2": 4.35147333145,
        "max": 14.2234525681,
        "mean": 7.7292675972,
        "median": 7.61528205872,
        "min": 3.40629434586,
        "var": 4.46980428696
    },
    "barkbands_flatness_db": {
        "dmean": 0.00911011174321,
        "dmean2": 0.015136144124,
        "dvar": 6.00070125074e-05,
        "dvar2": 0.000131022621645,
        "max": 0.202010527253,
        "mean": 0.162945717573,
        "median": 0.161158904433,
        "min": 0.102216728032,
        "var": 0.00031567591941
    },
    "barkbands_kurtosis": {
        "dmean": 0.311842352152,
        "dmean2": 0.505040407181,
        "dvar": 0.0829452052712,
        "dvar2": 0.212094023824,
        "max": 1.83251714706,
        "mean": -0.840751826763,
        "median": -1.05328083038,
        "min": -1.70977258682,
        "var": 0.50354808569
    },
    "barkbands_skewness": {
        "dmean": 0.252970606089,
        "dmean2": 0.412024646997,
        "dvar": 0.0381294116378,
        "dvar2": 0.111800484359,
        "max": 1.57255208492,
        "mean": 0.450505942106,
        "median": 0.377356618643,
        "min": -0.74275380373,
        "var": 0.19518648088
    },
    "barkbands_spread": {
        "dmean": 3.06400704384,
        "dmean2": 4.97773885727,
        "dvar": 6.86734437943,
        "dvar2": 17.0740833282,
        "max": 46.3434028625,
        "mean": 31.6273078918,
        "median": 31.7517738342,
        "min": 16.9167499542,
        "var": 53.2336502075
    },
    "dissonance": {
        "dmean": 0.010695759207,
        "dmean2": 0.018324829638,
        "dvar": 8.81351079443e-05,
        "dvar2": 0.000195435903152,
        "max": 0.499945402145,
        "mean": 0.483212590218,
        "median": 0.48666793108,
        "min": 0.422138512135,
        "var": 0.000143015437061
    },
    "dynamic_complexity": 0.707952976227,
    "erbbands_crest": {
        "dmean": 1.81972467899,
        "dmean2": 2.90398645401,
        "dvar": 2.55493688583,
        "dvar2": 6.52663564682,
        "max": 18.5002365112,
        "mean": 9.4763917923,
        "median": 8.29698085785,
        "min": 4.49970674515,
        "var": 11.8897066116
    },
    "erbbands_flatness_db": {
        "dmean": 0.00875175278634,
        "dmean2": 0.0129839861766,
        "dvar": 5.17790467711e-05,
        "dvar2": 0.000102101344964,
        "max": 0.269347965717,
        "mean": 0.231642618775,
        "median": 0.231493681669,
        "min": 0.179390326142,
        "var": 0.000251464167377
    },
    "erbbands_kurtosis": {
        "dmean": 0.581383407116,
        "dmean2": 0.892654359341,
        "dvar": 0.526318252087,
        "dvar2": 1.34179997444,
        "max": 9.06603336334,
        "mean": 0.158399224281,
        "median": -0.254163265228,
        "min": -1.34131073952,
        "var": 1.73782253265
    },
    "erbbands_skewness": {
        "dmean": 0.243097156286,
        "dmean2": 0.368573129177,
        "dvar": 0.0339686609805,
        "dvar2": 0.0860729962587,
        "max": 0.548889935017,
        "mean": -0.54485732317,
        "median": -0.581632196903,
        "min": -2.55128383636,
        "var": 0.314397960901
    },
    "erbbands_spread": {
        "dmean": 3.18649077415,
        "dmean2": 5.04915714264,
        "dvar": 6.84252548218,
        "dvar2": 15.1116456985,
        "max": 43.0035400391,
        "mean": 26.3769721985,
        "median": 26.0251293182,
        "min": 11.6548442841,
        "var": 28.476556778
    },
    "hfc": {
        "dmean": 5.3868060112,
        "dmean2": 8.11911010742,
        "dvar": 26.2175655365,
        "dvar2": 60.5927047729,
        "max": 70.2926864624,
        "mean": 33.8975753784,
        "median": 34.4777679443,
        "min": 12.129609108,
        "var": 113.312995911
    },
    "melbands_crest": {
        "dmean": 2.43686652184,
        "dmean2": 4.40160560608,
        "dvar": 4.00373220444,
        "dvar2": 10.3804836273,
        "max": 22.0411319733,
        "mean": 12.8766469955,
        "median": 12.5963802338,
        "min": 7.20858764648,
        "var": 9.05742359161
    },
    "melbands_flatness_db": {
        "dmean": 0.0129680605605,
        "dmean2": 0.022393880412,
        "dvar": 0.000102897043689,
        "dvar2": 0.000279670435702,
        "max": 0.274485975504,
        "mean": 0.213664293289,
        "median": 0.209422409534,
        "min": 0.154774963856,
        "var": 0.000703410769347
    },
    "melbands_kurtosis": {
        "dmean": 1.18753290176,
        "dmean2": 1.91180169582,
        "dvar": 1.1072511673,
        "dvar2": 2.93031096458,
        "max": 11.7082796097,
        "mean": 1.92867600918,
        "median": 1.07913398743,
        "min": -1.13462555408,
        "var": 6.39895677567
    },
    "melbands_skewness": {
        "dmean": 0.333601236343,
        "dmean2": 0.544704079628,
        "dvar": 0.0694907456636,
        "dvar2": 0.176018744707,
        "max": 3.39894294739,
        "mean": 1.49508070946,
        "median": 1.45837724209,
        "min": -0.180715665221,
        "var": 0.407467246056
    },
    "melbands_spread": {
        "dmean": 6.38704204559,
        "dmean2": 10.9904813766,
        "dvar": 26.8920001984,
        "dvar2": 77.3305358887,
        "max": 75.4706115723,
        "mean": 39.5691375732,
        "median": 39.4940299988,
        "min": 16.5738315582,
        "var": 127.331138611
    },
    "pitch_salience": {
        "dmean": 0.0366114154458,
        "dmean2": 0.0605980232358,
        "dvar": 0.001022975659,
        "dvar2": 0.00220877071843,
        "max": 0.705030500889,
        "mean": 0.499240666628,
        "median": 0.494433283806,
        "min": 0.389953702688,
        "var": 0.00299743446521
    },
    "silence_rate_20dB": {
        "dmean": 0,
        "dmean2": 0,
        "dvar": 0,
        "dvar2": 0,
        "max": 1,
        "mean": 1,
        "median": 1,
        "min": 1,
        "var": 0
    },
    "silence_rate_30dB": {
        "dmean": 0,
        "dmean2": 0,
        "dvar": 0,
        "dvar2": 0,
        "max": 1,
        "mean": 1,
        "median": 1,
        "min": 1,
        "var": 0
    },
    "silence_rate_60dB": {
        "dmean": 0,
        "dmean2": 0,
        "dvar": 0,
        "dvar2": 0,
        "max": 0,
        "mean": 0,
        "median": 0,
        "min": 0,
        "var": 0
    },
    "spectral_centroid": {
        "dmean": 162.178314209,
        "dmean2": 272.017364502,
        "dvar": 14487.8984375,
        "dvar2": 30848.8535156,
        "max": 2540.32543945,
        "mean": 1918.60644531,
        "median": 1939.22143555,
        "min": 1198.74536133,
        "var": 93718.578125
    },
    "spectral_complexity": {
        "dmean": 3.43000006676,
        "dmean2": 5.88944721222,
        "dvar": 9.75510025024,
        "dvar2": 21.3747119904,
        "max": 47,
        "mean": 34.4079589844,
        "median": 35,
        "min": 18,
        "var": 29.4555187225
    },
    "spectral_decrease": {
        "dmean": 1.24580989969e-09,
        "dmean2": 2.06932204705e-09,
        "dvar": 8.2715088575e-19,
        "dvar2": 2.10097506298e-18,
        "max": -4.42830172531e-09,
        "mean": -8.44168024372e-09,
        "median": -8.49732373354e-09,
        "min": -1.19938334819e-08,
        "var": 2.2546561218e-18
    },
    "spectral_energy": {
        "dmean": 0.00497803464532,
        "dmean2": 0.00821533426642,
        "dvar": 1.35472846523e-05,
        "dvar2": 3.27866546286e-05,
        "max": 0.0493745021522,
        "mean": 0.0349353738129,
        "median": 0.0350289382041,
        "min": 0.0184340085834,
        "var": 3.82660655305e-05
    },
    "spectral_energyband_high": {
        "dmean": 0.000101298588561,
        "dmean2": 0.000169308041222,
        "dvar": 9.21180731694e-09,
        "dvar2": 2.59225760857e-08,
        "max": 0.000958848395385,
        "mean": 0.000404299760703,
        "median": 0.000396731105866,
        "min": 8.23073423817e-05,
        "var": 3.74787028079e-08
    },
    "spectral_energyband_low": {
        "dmean": 0.00337385269813,
        "dmean2": 0.00602475553751,
        "dvar": 6.65774086883e-06,
        "dvar2": 2.02972423722e-05,
        "max": 0.0263603907079,
        "mean": 0.0110504440963,
        "median": 0.0108450874686,
        "min": 0.000567592098378,
        "var": 2.64046448137e-05
    },
    "spectral_energyband_middle_high": {
        "dmean": 0.0023641991429,
        "dmean2": 0.00358881358989,
        "dvar": 5.77586479267e-06,
        "dvar2": 1.34848942253e-05,
        "max": 0.027813937515,
        "mean": 0.0116435885429,
        "median": 0.0120089184493,
        "min": 0.00261131417938,
        "var": 2.17645356315e-05
    },
    "spectral_energyband_middle_low": {
        "dmean": 0.00309410574846,
        "dmean2": 0.0048235966824,
        "dvar": 6.97519089954e-06,
        "dvar2": 2.1127598302e-05,
        "max": 0.0306771434844,
        "mean": 0.0121091660112,
        "median": 0.0119814481586,
        "min": 0.00259387423284,
        "var": 2.58537656919e-05
    },
    "spectral_entropy": {
        "dmean": 0.0483636185527,
        "dmean2": 0.0751032754779,
        "dvar": 0.00251634721644,
        "dvar2": 0.00431736279279,
        "max": 8.06360721588,
        "mean": 7.49610424042,
        "median": 7.49524879456,
        "min": 7.27299690247,
        "var": 0.00751696527004
    },
    "spectral_flux": {
        "dmean": 0.0108378222212,
        "dmean2": 0.0180797930807,
        "dvar": 9.07113862922e-05,
        "dvar2": 0.000199268004508,
        "max": 0.13629168272,
        "mean": 0.0781251639128,
        "median": 0.0782638862729,
        "min": 0.0384251661599,
        "var": 0.000298707367619
    },
    "spectral_kurtosis": {
        "dmean": 3.01635122299,
        "dmean2": 5.36211633682,
        "dvar": 5.63539981842,
        "dvar2": 15.8161964417,
        "max": 13.6565189362,
        "mean": 5.07795906067,
        "median": 4.67659950256,
        "min": 0.497752904892,
        "var": 8.3091173172
    },
    "spectral_rms": {
        "dmean": 0.000419040297857,
        "dmean2": 0.000685036415234,
        "dvar": 9.69575992826e-08,
        "dvar2": 2.29791211837e-07,
        "max": 0.00694047892466,
        "mean": 0.00581403262913,
        "median": 0.00584590202197,
        "min": 0.0042408015579,
        "var": 2.80332272951e-07
    },
    "spectral_rolloff": {
        "dmean": 256.891082764,
        "dmean2": 453.604034424,
        "dvar": 59673.1796875,
        "dvar2": 136191.5,
        "max": 3014.6484375,
        "mean": 2057.11669922,
        "median": 2196.38671875,
        "min": 689.0625,
        "var": 282761.1875
    },
    "spectral_skewness": {
        "dmean": 0.312880128622,
        "dmean2": 0.548185944557,
        "dvar": 0.0810151845217,
        "dvar2": 0.183073729277,
        "max": 3.32081770897,
        "mean": 0.824349105358,
        "median": 0.78759342432,
        "min": 0.277253359556,
        "var": 0.110169023275
    },
    "spectral_spread": {
        "dmean": 170279.015625,
        "dmean2": 261147.390625,
        "dvar": 277575303168,
        "dvar2": 275643498496,
        "max": 9645611,
        "mean": 2244848.75,
        "median": 2206023.75,
        "min": 1861447.25,
        "var": 297883697152
    },
    "spectral_strongpeak": {
        "dmean": 0.892805695534,
        "dmean2": 1.64034342766,
        "dvar": 2.1008336544,
        "dvar2": 5.75253629684,
        "max": 7.56992483139,
        "mean": 1.47379553318,
        "median": 0.309970527887,
        "min": 0,
        "var": 2.74408984184
    },
    "zerocrossingrate": {
        "dmean": 0.00447021471336,
        "dmean2": 0.00597715144977,
        "dvar": 1.94528020074e-05,
        "dvar2": 2.97201950161e-05,
        "max": 0.08203125,
        "mean": 0.0614797100425,
        "median": 0.06298828125,
        "min": 0.029296875,
        "var": 0.000130936154164
    },
    "barkbands": {
        "dmean": [3.37428427883e-05, 0.00265810848214, 0.00148890493438, 0.000218154920731, 0.00221895612776, 0.00015227017866, 0.000154172957991, 0.000113315472845, 0.00185008777771, 0.000243618065724, 0.000169631224708, 0.000320402556099, 5.950807099e-05, 0.00118548655882, 0.000524782168213, 0.000619884231128, 0.000928241177462, 0.000428896892117, 0.000430236948887, 0.000125771635794, 6.87777064741e-05, 1.62274409377e-05, 9.49199773004e-07, 4.8170664968e-07, 1.7703845856e-07, 7.82128495302e-08, 3.73982054214e-08],
        "dmean2": [5.07397235197e-05, 0.0047455583699, 0.00276049482636, 0.000343072839314, 0.00345719000325, 0.000242427209741, 0.000265806418611, 0.000188035934116, 0.00284162629396, 0.00042273872532, 0.000283559173113, 0.000532349571586, 9.94181827991e-05, 0.00182252167724, 0.000807798933238, 0.00102676835377, 0.00155721150804, 0.000712408567779, 0.00074046239024, 0.000208761106478, 0.000116377377708, 2.50334669545e-05, 1.67484131453e-06, 8.02613953965e-07, 2.94706126169e-07, 1.13126553458e-07, 4.42782521759e-08],
        "dvar": [1.13526512635e-08, 4.17865794589e-06, 1.58917885074e-06, 5.7378926499e-08, 3.92384663428e-06, 2.34259776022e-08, 2.7299609684e-08, 4.22451300608e-08, 3.57263002115e-06, 3.4843375829e-07, 6.84466883172e-08, 2.14156244738e-07, 4.960745148e-09, 1.40124529935e-06, 2.79162236438e-07, 3.72755636135e-07, 9.83197878668e-07, 1.40835751949e-07, 1.67754336644e-07, 1.40636178259e-08, 4.20906376419e-09, 5.83605330728e-10, 7.94867806558e-13, 3.39165869868e-13, 6.96901371789e-14, 6.35614675584e-14, 7.8257970308e-14],
        "dvar2": [1.26835306702e-08, 1.247995624e-05, 4.7751755119e-06, 1.18675181682e-07, 9.51840138441e-06, 5.36708917309e-08, 7.93947663169e-08, 9.87478259162e-08, 9.58770579018e-06, 9.67600385593e-07, 1.82237002377e-07, 5.84849715324e-07, 1.29372663693e-08, 2.96216603601e-06, 5.44077011e-07, 9.83121822173e-07, 2.6609084216e-06, 4.0703406512e-07, 4.10631656678e-07, 3.45107444844e-08, 1.11008775505e-08, 1.08018005651e-09, 2.47261260945e-12, 9.04353523491e-13, 1.25576036115e-13, 7.19086655455e-14, 7.81364583495e-14],
        "max": [0.00145940319635, 0.0168473981321, 0.0103499181569, 0.00230519264005, 0.0139555521309, 0.00222673732787, 0.00104154949076, 0.00250296597369, 0.0195440649986, 0.00590078532696, 0.00306045683101, 0.00486659491435, 0.000683559919707, 0.0121389394626, 0.00571574503556, 0.00557009829208, 0.00942634698004, 0.0026065018028, 0.00324270315468, 0.00132887298241, 0.000625906395726, 0.000351323891664, 9.65916115092e-06, 5.71941109229e-06, 4.16404100179e-06, 3.37271853823e-06, 3.29538420374e-06],
        "mean": [6.70952285873e-05, 0.00714811030775, 0.00360459182411, 0.000496633059811, 0.00393627863377, 0.000283880886855, 0.000216618776903, 0.00015467000776, 0.00692026596516, 0.000367506523617, 0.000321703613736, 0.000531479541678, 0.00012322634575, 0.0029783565551, 0.00145264633466, 0.00141787109897, 0.00207943143323, 0.00102175760549, 0.00111663271673, 0.000419394578785, 0.000231935075135, 4.06373947044e-05, 2.22889184442e-06, 1.43461579682e-06, 7.18751891782e-07, 2.71783761718e-07, 7.12769718803e-08],
        "median": [4.95532658533e-05, 0.00708399992436, 0.00316516589373, 0.000416763214162, 0.00328996032476, 0.000195178654394, 0.000172040934558, 8.87540663825e-05, 0.00593541562557, 0.000227174852625, 0.000265916751232, 0.000409279222367, 9.6272364317e-05, 0.00190780253615, 0.00110873754602, 0.00126577040646, 0.0017859635409, 0.00093081156956, 0.000956308504101, 0.000378563185222, 0.000219931447646, 3.06533474941e-05, 2.01779175768e-06, 1.29094098611e-06, 4.8406644737e-07, 1.94883483573e-07, 4.13593497228e-08],
        "min": [1.02267586044e-06, 0.000353945040843, 4.97194123454e-05, 1.63966942637e-05, 0.000244422233663, 1.05462968349e-05, 1.14819704322e-05, 8.77012644196e-06, 0.000245153787546, 3.67658067262e-05, 4.33024033555e-05, 4.83266958327e-05, 1.7570615455e-05, 9.38336670515e-05, 7.79216934461e-05, 0.000127766950754, 0.000240535591729, 0.000206769051147, 0.000253414153121, 0.000101486686617, 2.98002378258e-05, 6.99296606399e-06, 4.98499161949e-07, 3.85046689644e-07, 1.83796842634e-07, 7.16355046393e-08, 1.71604668253e-08],
        "var": [1.3350789807e-08, 1.14932090582e-05, 4.8035681175e-06, 1.43095022054e-07, 5.81646281717e-06, 1.06971711489e-07, 3.29378693209e-08, 4.79870898573e-08, 2.04553034564e-05, 3.21763508282e-07, 8.40736902319e-08, 2.60346809e-07, 7.83746134658e-09, 6.8111935434e-06, 1.24033442717e-06, 7.25846575733e-07, 1.66111931321e-06, 2.82635596704e-07, 3.71227542928e-07, 4.12326741639e-08, 1.52433692335e-08, 1.53259105407e-09, 1.71768361253e-12, 6.6070158242e-13, 3.82531598628e-13, 9.41805566369e-14, 7.94809571348e-14]
    },
    "erbbands": {
        "dmean": [0.0512140542269, 0.688147962093, 1.74606001377, 0.911613821983, 5.61262130737, 8.42670059204, 1.48376786709, 1.45131993294, 1.14229083061, 2.74294948578, 5.44496202469, 56.5881118774, 12.3870410919, 7.32894086838, 6.74082946777, 13.4547777176, 3.17885828018, 35.4130935669, 34.5538215637, 25.8334636688, 34.8165779114, 52.1828117371, 20.4296722412, 27.2168598175, 14.5506324768, 5.9698805809, 3.01416039467, 2.31144309044, 0.676066279411, 0.0964739099145, 0.0281358808279, 0.013202868402, 0.00532339140773, 0.00305468286388, 0.000949262583163, 0.000536092848051, 0.000106447332655, 3.26007284457e-05, 6.78465130477e-06, 5.89939645579e-06],
        "dmean2": [0.0886031314731, 1.21766412258, 3.28736495972, 1.51804935932, 8.41302871704, 13.3459587097, 2.39570522308, 2.38927817345, 1.97743523121, 4.66111755371, 9.31309223175, 85.9353866577, 19.3380737305, 12.4993915558, 10.94490242, 22.3009529114, 5.23397827148, 53.8926086426, 53.7156600952, 41.7434959412, 58.1326026917, 88.9214248657, 34.1256446838, 46.3929710388, 24.569978714, 9.55379772186, 5.40938234329, 3.85115742683, 1.05338203907, 0.150725141168, 0.0507181435823, 0.0223657470196, 0.00843917857856, 0.00535968551412, 0.00154104351532, 0.000855532591231, 0.000144658959471, 4.40190233348e-05, 8.56592396303e-06, 9.65937397268e-06],
        "dvar": [0.00132261856925, 0.299391448498, 2.26532387733, 0.660394430161, 21.867307663, 67.5063476562, 2.20515346527, 1.98597717285, 1.71307766438, 8.08123493195, 61.5722618103, 3170.10253906, 308.178314209, 175.68762207, 129.811538696, 358.455505371, 19.6579971313, 1215.07385254, 1045.08154297, 962.147094727, 1186.05163574, 3615.70996094, 361.718475342, 581.316345215, 206.004318237, 30.5471687317, 7.83077144623, 5.35218191147, 1.11835050583, 0.0319833271205, 0.000659879064187, 0.000157721253345, 8.62068118295e-05, 2.07534176297e-05, 2.41209636442e-06, 9.60276111073e-07, 2.30122410017e-07, 2.77856315734e-08, 1.52859325198e-09, 2.13886113681e-11],
        "dvar2": [0.00387718365528, 0.937352716923, 6.56299066544, 1.75847744942, 52.1737823486, 161.844314575, 5.36392974854, 5.19764184952, 4.86467266083, 22.834690094, 151.779785156, 8333.90722656, 981.293823242, 451.666809082, 345.322540283, 990.685058594, 54.7427139282, 2469.00708008, 2186.24975586, 1972.03271484, 3332.78833008, 9703.55761719, 1015.24530029, 1607.12756348, 554.114074707, 84.9021072388, 21.5123558044, 12.7164335251, 2.15252494812, 0.0640678852797, 0.00194217765238, 0.000442720047431, 0.000217291948502, 4.70599297842e-05, 3.77948663299e-06, 1.43737963754e-06, 2.46503844892e-07, 2.77305236551e-08, 1.55296708826e-09, 4.96618718371e-11],
        "max": [0.237827003002, 4.64613723755, 13.1280469894, 9.75565433502, 35.278301239, 64.0879440308, 12.8533382416, 17.0654258728, 11.6548929214, 20.6466350555, 102.173339844, 596.994873047, 219.544906616, 143.885421753, 130.760467529, 196.110046387, 48.2325019836, 344.103363037, 330.578704834, 354.243438721, 328.22769165, 549.463134766, 160.756515503, 193.272781372, 117.848114014, 56.439540863, 20.9607067108, 23.8637809753, 14.8145799637, 2.54363536835, 0.281913608313, 0.123174838722, 0.0879971235991, 0.0712196230888, 0.0209239758551, 0.014193999581, 0.00607558852062, 0.00197472632863, 0.000482454459416, 6.96464339853e-05],
        "mean": [0.0990052893758, 1.93826305866, 4.37868690491, 3.23186349869, 9.18089103699, 14.7213382721, 3.59553861618, 2.41264176369, 1.89606785774, 4.0420460701, 13.2681360245, 208.825592041, 40.7173156738, 13.454615593, 15.1823339462, 21.5598716736, 8.21426486969, 93.4014816284, 109.023620605, 74.3847885132, 89.3559341431, 115.485054016, 58.0895729065, 70.7224197388, 38.8572769165, 20.1390075684, 8.93197441101, 8.46530628204, 1.91284418106, 0.258040338755, 0.0721453875303, 0.0439133159816, 0.0154927689582, 0.0115278596058, 0.00335870985873, 0.00187524000648, 0.000349953479599, 6.24768290436e-05, 2.88786814053e-05, 4.36575064668e-05],
        "median": [0.0906058624387, 1.97013676167, 3.79638886452, 3.15252923965, 7.74757146835, 12.7457284927, 3.12105035782, 1.61594641209, 1.44827830791, 3.35152292252, 11.1485509872, 180.255233765, 32.5439109802, 10.167347908, 12.7970619202, 15.4619436264, 7.34391355515, 60.1292228699, 93.5780487061, 62.958026886, 80.7595977783, 99.0003967285, 55.0949249268, 63.3582572937, 34.7201652527, 18.2769947052, 8.51471424103, 7.54786729813, 1.55383372307, 0.203812345862, 0.0667939931154, 0.0404628403485, 0.0128665100783, 0.00680533470586, 0.00283997319639, 0.00138749589678, 0.00024687658879, 3.98861811846e-05, 2.52862173511e-05, 4.39593495685e-05],
        "min": [0.0139350639656, 0.0477140806615, 0.0998890250921, 0.143080860376, 0.544816374779, 0.976082742214, 0.339447647333, 0.187527000904, 0.14265063405, 0.345820397139, 1.17029678822, 6.01243591309, 3.71010637283, 2.69311761856, 2.72934532166, 2.11725473404, 1.85330140591, 5.91025352478, 13.6628026962, 7.60508060455, 9.4888048172, 14.7547359467, 9.80344295502, 16.6842956543, 10.7879285812, 5.45869207382, 1.75252258778, 1.09311687946, 0.33718585968, 0.0596872121096, 0.0190943591297, 0.0109990006313, 0.00370008754544, 0.00204173126258, 0.000941914971918, 0.000517657201272, 8.27247567941e-05, 8.62895558384e-06, 1.25911337818e-05, 2.33080372709e-05],
        "var": [0.00227591628209, 0.917127668858, 7.56890583038, 2.05963301659, 38.5597610474, 99.1629486084, 5.34214782715, 6.64789581299, 2.2956340313, 10.0518321991, 105.742553711, 18869.1933594, 827.026672363, 188.221588135, 140.905593872, 440.88269043, 24.1181964874, 6203.22558594, 5078.17724609, 2444.69116211, 2231.62646484, 5367.38427734, 813.314147949, 1316.26428223, 410.39440918, 89.5477218628, 17.9594345093, 26.6683959961, 3.08096718788, 0.0612051412463, 0.0015097175492, 0.000451761909062, 0.000129018037114, 0.000132606321131, 5.29547833139e-06, 2.27026248467e-06, 2.72973352367e-07, 2.9064047169e-08, 1.5788191865e-09, 6.1203889179e-11]
    },
    "gfcc": {
        "mean": [0.918992757797, 144.4271698, -175.657897949, 55.7591819763, -17.383731842, -7.13062047958, -8.84369659424, 9.20803356171, -13.9041242599, -9.06225299835, -28.7924690247, -19.5558509827, 0.298579692841],
        "cov": [[187.512710571, -113.835670471, -71.5288619995, -4.43181324005, -20.3730106354, 12.7142868042, -21.4233760834, 3.32950735092, -3.44896245003, 17.5936279297, -11.8692808151, 12.8633718491, -0.521596193314], [-113.835670471, 199.829849243, 89.4498748779, 0.0709008798003, 11.0277929306, -27.7008037567, 18.9563350677, -17.1558609009, 9.48702907562, -16.1410751343, 20.4166679382, -17.2487792969, -0.671298086643], [-71.5288619995, 89.4498748779, 109.220588684, 27.946975708, 14.3264274597, -22.5697727203, -1.82144701481, -5.56969833374, -8.81724643707, -15.1320133209, 13.3704147339, 9.6405582428, -2.03796768188], [-4.43181324005, 0.0709008798003, 27.946975708, 103.237762451, 54.3910293579, 12.1466016769, 1.40954899788, -24.6973266602, -14.3076591492, -7.00540828705, 0.51217019558, 15.915854454, 0.906055629253], [-20.3730106354, 11.0277929306, 14.3264274597, 54.3910293579, 76.2930679321, 23.5641670227, 5.02165174484, -17.1883239746, -3.16043066978, -0.705137491226, -4.22275495529, -1.43052446842, -2.95306158066], [12.7142868042, -27.7008037567, -22.5697727203, 12.1466016769, 23.5641670227, 37.0475502014, 14.639749527, -2.23784780502, 2.2995800972, 0.882041335106, -8.07234096527, -3.12914633751, -2.11083292961], [-21.4233760834, 18.9563350677, -1.82144701481, 1.40954899788, 5.02165174484, 14.639749527, 40.0865325928, 16.9585990906, 12.6837186813, -2.91185522079, -9.44397354126, -7.48810386658, -8.0097618103], [3.32950735092, -17.1558609009, -5.56969833374, -24.6973266602, -17.1883239746, -2.23784780502, 16.9585990906, 48.1307373047, 14.2967710495, -0.023660492152, -0.85025113821, -1.38830804825, -5.75115585327], [-3.44896245003, 9.48702907562, -8.81724643707, -14.3076591492, -3.16043066978, 2.2995800972, 12.6837186813, 14.2967710495, 39.5690078735, 12.5693778992, -6.70909547806, -14.9737434387, -9.65775585175], [17.5936279297, -16.1410751343, -15.1320133209, -7.00540828705, -0.705137491226, 0.882041335106, -2.91185522079, -0.023660492152, 12.5693778992, 28.0118846893, 7.77651309967, -3.97752904892, -3.88486671448], [-11.8692808151, 20.4166679382, 13.3704147339, 0.51217019558, -4.22275495529, -8.07234096527, -9.44397354126, -0.85025113821, -6.70909547806, 7.77651309967, 33.0688514709, 13.9418888092, 4.92681455612], [12.8633718491, -17.2487792969, 9.6405582428, 15.915854454, -1.43052446842, -3.12914633751, -7.48810386658, -1.38830804825, -14.9737434387, -3.97752904892, 13.9418888092, 34.6482772827, 9.00471496582], [-0.521596193314, -0.671298086643, -2.03796768188, 0.906055629253, -2.95306158066, -2.11083292961, -8.0097618103, -5.75115585327, -9.65775585175, -3.88486671448, 4.92681455612, 9.00471496582, 23.0102977753]],
        "icov": [[0.0109737422317, -0.0017506260192, 0.00593150267377, -0.00368583295494, 0.00542535446584, -0.0066610542126, 0.0112822912633, -0.00540390238166, 0.00311017222703, -0.0088969534263, 0.0102815628052, -0.00797864980996, 0.00425423355773], [-0.0017506260192, 0.0281257908791, -0.0152380475774, 0.00963467359543, -0.0103743262589, 0.024830346927, -0.0327104739845, 0.0258507560939, -0.0152155347168, 0.0249336250126, -0.0328586772084, 0.0220112036914, -0.00868182256818], [0.00593150267377, -0.0152380475774, 0.0261134486645, -0.0085716554895, 0.00249683298171, -0.00220492715016, 0.017756069079, -0.0139070060104, 0.00759124523029, -0.00657091522589, 0.0137319071218, -0.0156394895166, 0.0104201510549], [-0.00368583295494, 0.00963467359543, -0.0085716554895, 0.0244085174054, -0.0177388768643, 0.0120355645195, -0.0179555639625, 0.0166469980031, -0.00446958793327, 0.0112636694685, -0.010951329954, -0.00125331082381, -0.00192373478785], [0.00542535446584, -0.0103743262589, 0.00249683298171, -0.0177388768643, 0.0349317155778, -0.0295965019614, 0.0201792065054, -0.00998227763921, 0.0062462114729, -0.0157423093915, 0.0162410903722, -0.00395564734936, 0.00507163954899], [-0.0066610542126, 0.024830346927, -0.00220492715016, 0.0120355645195, -0.0295965019614, 0.0785126164556, -0.0531610064209, 0.0297090001404, -0.0125793907791, 0.0272771604359, -0.0313234962523, 0.0180787555873, -0.00881401076913], [0.0112822912633, -0.0327104739845, 0.017756069079, -0.0179555639625, 0.0201792065054, -0.0531610064209, 0.0892855152488, -0.0474980510771, 0.0116055067629, -0.0294468067586, 0.0489742457867, -0.0265710633248, 0.0183139238507], [-0.00540390238166, 0.0258507560939, -0.0139070060104, 0.0166469980031, -0.00998227763921, 0.0297090001404, -0.0474980510771, 0.0581262111664, -0.0236040614545, 0.030927978456, -0.036130938679, 0.0144721679389, -0.00442981999367], [0.00311017222703, -0.0152155347168, 0.00759124523029, -0.00446958793327, 0.0062462114729, -0.0125793907791, 0.0116055067629, -0.0236040614545, 0.0526162199676, -0.0361402407289, 0.0268792789429, -0.0028235190548, 0.00959474872798], [-0.0088969534263, 0.0249336250126, -0.00657091522589, 0.0112636694685, -0.0157423093915, 0.0272771604359, -0.0294468067586, 0.030927978456, -0.0361402407289, 0.0866119861603, -0.0579849779606, 0.0270400382578, -0.00125007110182], [0.0102815628052, -0.0328586772084, 0.0137319071218, -0.010951329954, 0.0162410903722, -0.0313234962523, 0.0489742457867, -0.036130938679, 0.0268792789429, -0.0579849779606, 0.0940098166466, -0.0468997098505, 0.00786653999239], [-0.00797864980996, 0.0220112036914, -0.0156394895166, -0.00125331082381, -0.00395564734936, 0.0180787555873, -0.0265710633248, 0.0144721679389, -0.0028235190548, 0.0270400382578, -0.0468997098505, 0.0697705373168, -0.0192374084145], [0.00425423355773, -0.00868182256818, 0.0104201510549, -0.00192373478785, 0.00507163954899, -0.00881401076913, 0.0183139238507, -0.00442981999367, 0.00959474872798, -0.00125007110182, 0.00786653999239, -0.0192374084145, 0.0590706467628]]
    },
    "melbands": {
        "dmean": [0.000635835458525, 0.000856220722198, 0.000200180409593, 0.000590115087107, 9.52618574956e-05, 3.02907483274e-05, 2.31627673202e-05, 2.57221508946e-05, 5.97877296968e-05, 0.000360549864126, 4.91035279993e-05, 3.12996417051e-05, 2.50847242569e-05, 4.42664459115e-05, 1.07173036668e-05, 9.69520624494e-06, 8.84158725967e-05, 8.02178037702e-05, 5.20431349287e-05, 3.64884836017e-05, 4.86814242322e-05, 5.63652538403e-05, 3.28794667439e-05, 2.09862246265e-05, 2.49653239734e-05, 1.4508026652e-05, 7.78164030635e-06, 3.75517811335e-06, 1.75780485279e-06, 2.56268685916e-06, 9.80895947578e-07, 4.88093121476e-07, 1.76269452368e-07, 2.0876324669e-08, 2.127234211e-08, 1.00036832151e-08, 8.50850234713e-09, 4.59930360464e-09, 2.99319080632e-09, 2.53086973601e-09],
        "dmean2": [0.00112085079309, 0.00158606958576, 0.000314685574267, 0.000926840933971, 0.000147253493196, 4.93000952702e-05, 3.99557284254e-05, 4.39156028733e-05, 0.00010683335131, 0.000539332570042, 8.03698421805e-05, 5.43762107554e-05, 4.22839257226e-05, 7.25021673134e-05, 1.83438532986e-05, 1.65747715073e-05, 0.000133376073791, 0.000123737001559, 7.58522146498e-05, 6.0164489696e-05, 8.04860828794e-05, 9.59423632594e-05, 5.45277725905e-05, 3.55732809112e-05, 4.28615676356e-05, 2.49605418503e-05, 1.3333797142e-05, 6.37442326479e-06, 3.09395636577e-06, 4.45530895377e-06, 1.57012550517e-06, 7.95005576038e-07, 2.75395564131e-07, 3.70648578496e-08, 3.87348073616e-08, 1.71115193126e-08, 1.4501654988e-08, 7.60328333627e-09, 4.85869344757e-09, 4.48275150333e-09],
        "dvar": [2.01022160695e-07, 4.77964078982e-07, 3.5261304987e-08, 2.89727154268e-07, 8.26765766959e-09, 8.89748663635e-10, 6.25333340665e-10, 7.14558745507e-10, 7.08675162997e-09, 1.3129103138e-07, 6.70911326495e-09, 4.04874356263e-09, 1.81262616028e-09, 3.41438588514e-09, 5.27654031579e-10, 1.66662253442e-10, 7.68942509666e-09, 5.41540590149e-09, 2.63680877133e-09, 1.99267713441e-09, 2.05593564395e-09, 4.11132949907e-09, 1.04595687667e-09, 3.62458285608e-10, 4.87930029713e-10, 2.70711564276e-10, 4.44490347307e-11, 1.15522548125e-11, 2.60414194549e-12, 6.14116873673e-12, 1.04747991964e-12, 5.75250892927e-13, 1.73810293415e-13, 6.49222378467e-16, 4.19820789469e-16, 9.52433094999e-17, 7.75389312389e-17, 5.32901117295e-17, 3.79188526345e-17, 1.18444099445e-17],
        "dvar2": [5.78851143018e-07, 1.4092922811e-06, 7.98566901494e-08, 7.07945559952e-07, 2.03305745572e-08, 2.2235799868e-09, 1.8101486976e-09, 2.01249550358e-09, 1.81173263059e-08, 3.39409808703e-07, 2.06514236822e-08, 1.07596171972e-08, 4.81197703905e-09, 9.36447985822e-09, 1.52122248132e-09, 4.56321258557e-10, 1.57256092592e-08, 1.19081509098e-08, 5.60960788931e-09, 4.95930274624e-09, 5.97191363028e-09, 1.11218350085e-08, 2.75617972889e-09, 1.04953312707e-09, 1.34278399511e-09, 7.07723768478e-10, 1.13556788972e-10, 3.1132683237e-11, 7.75707623135e-12, 1.72190092046e-11, 2.53002371657e-12, 1.189889875e-12, 3.50831316038e-13, 1.84103225185e-15, 1.26001709558e-15, 2.87498784757e-16, 2.01393743148e-16, 1.29902481568e-16, 9.25839767701e-17, 2.73312584312e-17],
        "max": [0.00350596709177, 0.00668075494468, 0.00199811090715, 0.00381270423532, 0.000984834856354, 0.000387290026993, 0.000203810370294, 0.00019998132484, 0.000936529424507, 0.00389825622551, 0.000962193938904, 0.000678637414239, 0.000498996698298, 0.000579327519517, 0.000257623731159, 0.000122260898934, 0.000872603268363, 0.000800683337729, 0.000564481830224, 0.000472736137453, 0.000364112871466, 0.000572119140998, 0.000267346273176, 0.000130708649522, 0.000177041569259, 0.00012095826969, 7.03977639205e-05, 2.90346470138e-05, 1.20639188026e-05, 2.14289866562e-05, 1.0689444025e-05, 8.83905158844e-06, 5.87454860579e-06, 2.69641333261e-07, 2.27507285899e-07, 8.95343887919e-08, 7.75230901695e-08, 6.33774703829e-08, 7.17161441344e-08, 5.41994360503e-08],
        "mean": [0.00150706549175, 0.00259433151223, 0.000693603476975, 0.000985964317806, 0.000208183846553, 5.13257909915e-05, 3.49526380887e-05, 3.82395846827e-05, 0.000103437429061, 0.00136239430867, 0.000130945627461, 5.03140472574e-05, 4.71468738397e-05, 7.28771483409e-05, 1.84110813279e-05, 1.86526485777e-05, 0.000225242707529, 0.000216916014324, 0.000138068833621, 7.70043989178e-05, 0.000112349473056, 0.000122455443488, 7.54385619075e-05, 4.68201724289e-05, 6.07366710028e-05, 3.45274602296e-05, 2.10547987081e-05, 1.09457878352e-05, 4.28759358329e-06, 7.308304248e-06, 3.58367424269e-06, 1.17771242003e-06, 3.4885189848e-07, 5.38130819905e-08, 4.02216961959e-08, 3.14878292329e-08, 2.43739144423e-08, 1.13270921531e-08, 8.52239345761e-09, 9.0372997974e-09],
        "median": [0.00144792627543, 0.00238130846992, 0.000666197389364, 0.000808725366369, 0.000192516323295, 3.3641623304e-05, 2.71569715551e-05, 3.08144517476e-05, 8.31203578855e-05, 0.00115233485121, 0.000105492079456, 3.54510157194e-05, 3.85066014132e-05, 5.62243367312e-05, 1.42850876728e-05, 1.5003018234e-05, 0.00013489885896, 0.000162418771652, 0.000106184255856, 6.5757536504e-05, 0.000100405530247, 0.000104722115793, 6.42263839836e-05, 4.22910889029e-05, 5.43870082765e-05, 2.89811741823e-05, 1.89837446669e-05, 9.87653402262e-06, 4.08800724472e-06, 6.68289021633e-06, 3.236931434e-06, 8.49799050684e-07, 2.50747802966e-07, 4.3885197698e-08, 3.47079449625e-08, 2.82340995028e-08, 2.10582182802e-08, 9.27127885575e-09, 5.78897552117e-09, 5.17236697917e-09],
        "min": [0.000118735260912, 6.71616217005e-05, 3.96133509639e-05, 5.21175388712e-05, 1.07970708996e-05, 2.22762400881e-06, 2.01546777134e-06, 3.54456028617e-06, 9.15262535273e-06, 3.98496886191e-05, 1.22715646285e-05, 7.17580178389e-06, 7.5073435255e-06, 7.56172221372e-06, 1.85956059795e-06, 3.04215768665e-06, 8.10893743619e-06, 2.26726060646e-05, 6.86408066031e-06, 1.13967598736e-05, 1.13346850412e-05, 1.32408040372e-05, 1.21605480672e-05, 8.94508411875e-06, 1.30165872179e-05, 7.19667332305e-06, 4.12399595007e-06, 2.55531676885e-06, 7.68441509535e-07, 8.43483974222e-07, 5.29490705503e-07, 1.93197735143e-07, 4.32037765563e-08, 1.15906324538e-08, 8.35192359716e-09, 8.64125482281e-09, 5.32262411923e-09, 2.45314168978e-09, 1.39777833752e-09, 1.4724735875e-09],
        "var": [4.85066834699e-07, 1.91528692994e-06, 9.41519289199e-08, 4.06037969469e-07, 1.57529758127e-08, 3.34533156732e-09, 8.10953526553e-10, 8.81875017456e-10, 9.04969521542e-09, 8.08542836239e-07, 1.18923306758e-08, 3.81090226043e-09, 1.99553262803e-09, 4.5091508305e-09, 4.26370938555e-10, 1.99342917173e-10, 3.96923844903e-08, 2.69181672508e-08, 1.22743220032e-08, 3.32483773846e-09, 3.87352905307e-09, 6.04841332574e-09, 2.06759898091e-09, 6.2058835848e-10, 1.05706077225e-09, 4.16172735163e-10, 1.13224152276e-10, 2.99051478025e-11, 4.91286004933e-12, 1.53776540113e-11, 5.62990105923e-12, 1.40591943469e-12, 2.44730478287e-13, 1.33445318631e-15, 6.67440204278e-16, 2.25666914854e-16, 1.85516587007e-16, 7.53417343911e-17, 7.47914409081e-17, 8.7244181809e-17]
    },
    "mfcc": {
        "mean": [-624.463317871, 159.164657593, -73.3323287964, 66.2208328247, 6.38578367233, 9.47028541565, 8.20482349396, 9.20109844208, 22.777797699, 10.7846889496, 0.837589263916, -9.44697189331, -20.0543651581],
        "cov": [[249.79107666, -146.145294189, -72.4497833252, -40.9270515442, -14.882065773, -0.811603069305, -14.7010850906, -20.0969429016, 10.5988559723, -22.4007053375, 3.27983570099, -3.39574718475, 9.61561775208], [-146.145294189, 197.412322998, 69.3945083618, 19.3093624115, -7.98473167419, -12.0034742355, -0.354339599609, 3.98376059532, -15.2795066833, 17.1119213104, -2.99349069595, 17.3022823334, -7.7804236412], [-72.4497833252, 69.3945083618, 81.9155349731, 23.3746681213, -0.549103498459, -16.7868289948, 0.139624550939, 1.92252337933, -17.972776413, -16.0424442291, -3.60679411888, 7.36524152756, 12.3356437683], [-40.9270515442, 19.3093624115, 23.3746681213, 88.7421264648, 36.6773796082, 35.2255096436, 9.50084972382, 7.81905460358, -8.06966495514, -11.2004203796, -10.2403841019, 9.100730896, 4.70031404495], [-14.882065773, -7.98473167419, -0.549103498459, 36.6773796082, 56.9250450134, 30.475025177, 9.85650920868, -1.14407873154, -7.04189109802, -3.78576636314, -13.1801109314, -0.403752982616, 4.08022260666], [-0.811603069305, -12.0034742355, -16.7868289948, 35.2255096436, 30.475025177, 70.9483184814, 11.8414754868, 3.71970248222, 6.11336326599, -0.281163990498, -4.04008483887, -3.29158878326, -5.51475477219], [-14.7010850906, -0.354339599609, 0.139624550939, 9.50084972382, 9.85650920868, 11.8414754868, 39.7293167114, 11.8561067581, 0.545068919659, -15.4760074615, -8.86684989929, 7.92846918106, 11.9894752502], [-20.0969429016, 3.98376059532, 1.92252337933, 7.81905460358, -1.14407873154, 3.71970248222, 11.8561067581, 44.3611946106, 12.846824646, 1.93285381794, -4.44303035736, 6.46055984497, 6.58806991577], [10.5988559723, -15.2795066833, -17.972776413, -8.06966495514, -7.04189109802, 6.11336326599, 0.545068919659, 12.846824646, 37.9088630676, 15.6017990112, 6.03825569153, -7.01949834824, -11.3682889938], [-22.4007053375, 17.1119213104, -16.0424442291, -11.2004203796, -3.78576636314, -0.281163990498, -15.4760074615, 1.93285381794, 15.6017990112, 59.8482551575, 16.68983078, -6.28875684738, -22.5450592041], [3.27983570099, -2.99349069595, -3.60679411888, -10.2403841019, -13.1801109314, -4.04008483887, -8.86684989929, -4.44303035736, 6.03825569153, 16.68983078, 34.2737197876, 3.73146724701, -6.44703483582], [-3.39574718475, 17.3022823334, 7.36524152756, 9.100730896, -0.403752982616, -3.29158878326, 7.92846918106, 6.46055984497, -7.01949834824, -6.28875684738, 3.73146724701, 39.8089828491, 20.2407646179], [9.61561775208, -7.7804236412, 12.3356437683, 4.70031404495, 4.08022260666, -5.51475477219, 11.9894752502, 6.58806991577, -11.3682889938, -22.5450592041, -6.44703483582, 20.2407646179, 45.7042198181]],
