{
"lowlevel": {
    "average_loudness": 0.95280277729,
    "barkbands_crest": {
        "dmean": 3.04029035568,
        "dmean2": 5.17782354355,
        "dvar": 7.57807683945,
        "dvar2": 19.0432929993,
        "max": 24.8325996399,
        "mean": 9.58842945099,
        "median": 8.798869133,
        "min": 3.5539932251,
        "var": 14.5696611404
    },
    "barkbands_flatness_db": {
        "dmean": 0.0344820767641,
        "dmean2": 0.0547707043588,
        "dvar": 0.000775997934397,
        "dvar2": 0.00206141499802,
        "max": 0.40849262476,
        "mean": 0.212562203407,
        "median": 0.208925187588,
        "min": 0.0946472883224,
        "var": 0.00215999805368
    },
    "barkbands_kurtosis": {
        "dmean": 1.23186016083,
        "dmean2": 2.06636929512,
        "dvar": 2.24185967445,
        "dvar2": 5.72777032852,
        "max": 15.4895362854,
        "mean": 0.645408809185,
        "median": 0.173980712891,
        "min": -1.69770741463,
        "var": 3.24907755852
    },
    "barkbands_skewness": {
        "dmean": 0.464634239674,
        "dmean2": 0.761028647423,
        "dvar": 0.180621534586,
        "dvar2": 0.455579549074,
        "max": 1.33545041084,
        "mean": -0.381422162056,
        "median": -0.354666292667,
        "min": -3.41192388535,
        "var": 0.420553803444
    },
    "barkbands_spread": {
        "dmean": 2.56268286705,
        "dmean2": 4.18381404877,
        "dvar": 5.01186037064,
        "dvar2": 12.9910945892,
        "max": 23.8368377686,
        "mean": 9.41818904877,
        "median": 8.80017852783,
        "min": 1.58486616611,
        "var": 12.4349479675
    },
    "dissonance": {
        "dmean": 0.019269850105,
        "dmean2": 0.0331162847579,
        "dvar": 0.000380923971534,
        "dvar2": 0.00101646012627,
        "max": 0.499989360571,
        "mean": 0.475320488214,
        "median": 0.482978135347,
        "min": 0.345059037209,
        "var": 0.000573186203837
    },
    "dynamic_complexity": 2.14829921722,
    "erbbands_crest": {
        "dmean": 3.29364442825,
        "dmean2": 5.56060123444,
        "dvar": 8.1633014679,
        "dvar2": 19.5025844574,
        "max": 27.8820152283,
        "mean": 10.9505319595,
        "median": 10.108789444,
        "min": 4.45046758652,
        "var": 17.657787323
    },
    "erbbands_flatness_db": {
        "dmean": 0.0317507348955,
        "dmean2": 0.0506174191833,
        "dvar": 0.00064423319418,
        "dvar2": 0.00172860582825,
        "max": 0.481846421957,
        "mean": 0.321897447109,
        "median": 0.320911228657,
        "min": 0.204261496663,
        "var": 0.00177864811849
    },
    "erbbands_kurtosis": {
        "dmean": 1.06460058689,
        "dmean2": 1.80285429955,
        "dvar": 1.47231316566,
        "dvar2": 3.69948816299,
        "max": 15.8688755035,
        "mean": 0.584352135658,
        "median": 0.220395565033,
        "min": -1.59657585621,
        "var": 2.44684743881
    },
    "erbbands_skewness": {
        "dmean": 0.427980363369,
        "dmean2": 0.697876572609,
        "dvar": 0.136518239975,
        "dvar2": 0.357468724251,
        "max": 1.32313036919,
        "mean": -0.304362773895,
        "median": -0.283438116312,
        "min": -2.81704974174,
        "var": 0.333794027567
    },
    "erbbands_spread": {
        "dmean": 3.20988225937,
        "dmean2": 5.29313182831,
        "dvar": 8.37926292419,
        "dvar2": 22.1598052979,
        "max": 31.1100921631,
        "mean": 11.8927125931,
        "median": 11.2862558365,
        "min": 2.14532232285,
        "var": 19.033203125
    },
    "hfc": {
        "dmean": 13.3994293213,
        "dmean2": 22.2807598114,
        "dvar": 169.475250244,
        "dvar2": 411.290771484,
        "max": 89.8679885864,
        "mean": 26.9682750702,
        "median": 24.9895019531,
        "min": 0.622636258602,
        "var": 358.255554199
    },
    "melbands_crest": {
        "dmean": 3.72220754623,
        "dmean2": 6.23888874054,
        "dvar": 11.0173006058,
        "dvar2": 28.757982254,
        "max": 30.2197399139,
        "mean": 10.8824138641,
        "median": 9.97869300842,
        "min": 3.26415109634,
        "var": 20.8989658356
    },
    "melbands_flatness_db": {
        "dmean": 0.0329838991165,
        "dmean2": 0.053398899734,
        "dvar": 0.000783035589848,
        "dvar2": 0.00204100459814,
        "max": 0.372382074594,
        "mean": 0.191287070513,
        "median": 0.186572164297,
        "min": 0.0677536353469,
        "var": 0.00196424569003
    },
    "melbands_kurtosis": {
        "dmean": 1.05065798759,
        "dmean2": 1.73753416538,
        "dvar": 1.40375542641,
        "dvar2": 3.61815595627,
        "max": 10.4913568497,
        "mean": 0.426234006882,
        "median": 0.114438772202,
        "min": -1.51060044765,
        "var": 1.9724394083
    },
    "melbands_skewness": {
        "dmean": 0.45517539978,
        "dmean2": 0.746462643147,
        "dvar": 0.163597166538,
        "dvar2": 0.418649584055,
        "max": 2.09192943573,
        "mean": -0.0400632061064,
        "median": -0.0358578413725,
        "min": -2.72012424469,
        "var": 0.385679930449
    },
    "melbands_spread": {
        "dmean": 6.30311155319,
        "dmean2": 10.202038765,
        "dvar": 31.8036079407,
        "dvar2": 83.4837341309,
        "max": 70.4511642456,
        "mean": 23.7197570801,
        "median": 22.6085262299,
        "min": 5.14765167236,
        "var": 73.5690231323
    },
    "pitch_salience": {
        "dmean": 0.0841188803315,
        "dmean2": 0.137777000666,
        "dvar": 0.0050719352439,
        "dvar2": 0.0132445422933,
        "max": 0.88067317009,
        "mean": 0.616029620171,
        "median": 0.624062478542,
        "min": 0.218873754144,
        "var": 0.0132640935481
    },
    "silence_rate_20dB": {
        "dmean": 0,
        "dmean2": 0,
        "dvar": 0,
        "dvar2": 0,
        "max": 1,
        "mean": 1,
        "median": 1,
        "min": 1,
        "var": 0
    },
    "silence_rate_30dB": {
        "dmean": 0,
        "dmean2": 0,
        "dvar": 0,
        "dvar2": 0,
        "max": 1,
        "mean": 1,
        "median": 1,
        "min": 1,
        "var": 0
    },
    "silence_rate_60dB": {
        "dmean": 0.0828828811646,
        "dmean2": 0.165915235877,
        "dvar": 0.0760123431683,
        "dvar2": 0.174454912543,
        "max": 1,
        "mean": 0.10441043973,
        "median": 0,
        "min": 0,
        "var": 0.0935095623136
    },
    "spectral_centroid": {
        "dmean": 237.690002441,
        "dmean2": 379.97567749,
        "dvar": 48509.1484375,
        "dvar2": 112100.515625,
        "max": 3537.24291992,
        "mean": 2397.28979492,
        "median": 2430.25708008,
        "min": 875.460693359,
        "var": 168946.109375
    },
    "spectral_complexity": {
        "dmean": 5.20090103149,
        "dmean2": 8.64292144775,
        "dvar": 19.7010917664,
        "dvar2": 51.8743133545,
        "max": 43,
        "mean": 15.4806480408,
        "median": 15,
        "min": 1,
        "var": 42.0858039856
    },
    "spectral_decrease": {
        "dmean": 1.35732780571e-09,
        "dmean2": 2.25895568917e-09,
        "dvar": 1.50615651553e-18,
        "dvar2": 3.55673518609e-18,
        "max": -8.58294338379e-11,
        "mean": -2.94361712783e-09,
        "median": -2.8252633566e-09,
        "min": -8.02018274015e-09,
        "var": 3.52759444029e-18
    },
    "spectral_energy": {
        "dmean": 0.00631023012102,
        "dmean2": 0.0104973427951,
        "dvar": 3.27333982568e-05,
        "dvar2": 7.77606692282e-05,
        "max": 0.0356407240033,
        "mean": 0.0135559709743,
        "median": 0.0130278300494,
        "min": 0.00038041404332,
        "var": 7.56700610509e-05
    },
    "spectral_energyband_high": {
        "dmean": 0.000285136164166,
        "dmean2": 0.000461195682874,
        "dvar": 4.02028291546e-07,
        "dvar2": 9.00009979432e-07,
        "max": 0.0101391896605,
        "mean": 0.000352476839907,
        "median": 0.000144310179166,
        "min": 3.51720723302e-06,
        "var": 5.34868718205e-07
    },
    "spectral_energyband_low": {
        "dmean": 9.04491571418e-06,
        "dmean2": 1.53023411258e-05,
        "dvar": 1.97196953211e-10,
        "dvar2": 5.23989629464e-10,
        "max": 0.000153120592586,
        "mean": 1.05371600512e-05,
        "median": 5.45699458598e-06,
        "min": 1.55805508939e-07,
        "var": 2.18303000676e-10
    },
    "spectral_energyband_middle_high": {
        "dmean": 0.00598963350058,
        "dmean2": 0.0100032733753,
        "dvar": 2.99726088997e-05,
        "dvar2": 7.11140819476e-05,
        "max": 0.0339813865721,
        "mean": 0.0123233953491,
        "median": 0.0118394922465,
        "min": 0.000293852208415,
        "var": 6.88026339049e-05
    },
    "spectral_energyband_middle_low": {
        "dmean": 0.000448972394224,
        "dmean2": 0.000664433988277,
        "dvar": 5.43136309261e-07,
        "dvar2": 1.2256429045e-06,
        "max": 0.0129836695269,
        "mean": 0.000905122957192,
        "median": 0.000516307307407,
        "min": 1.36219887281e-05,
        "var": 1.31296587824e-06
    },
    "spectral_entropy": {
        "dmean": 0.306457519531,
        "dmean2": 0.493290036917,
        "dvar": 0.0697950571775,
        "dvar2": 0.180486902595,
        "max": 8.04050445557,
        "mean": 7.05702924728,
        "median": 7.1387720108,
        "min": 5.00308418274,
        "var": 0.154797285795
    },
    "spectral_flux": {
        "dmean": 0.029251717031,
        "dmean2": 0.0493821501732,
        "dvar": 0.00062319211429,
        "dvar2": 0.00152071483899,
        "max": 0.183026760817,
        "mean": 0.0817539319396,
        "median": 0.0827485099435,
        "min": 0.0132797295228,
        "var": 0.00123533874284
    },
    "spectral_kurtosis": {
        "dmean": 6.27997493744,
        "dmean2": 11.2514419556,
        "dvar": 31.5087203979,
        "dvar2": 91.6742630005,
        "max": 45.4922218323,
        "mean": 11.8526287079,
        "median": 10.1666631699,
        "min": 1.69481945038,
        "var": 44.1201133728
    },
    "spectral_rms": {
        "dmean": 0.000899726292118,
        "dmean2": 0.00146689231042,
        "dvar": 6.47141007448e-07,
        "dvar2": 1.53758685428e-06,
        "max": 0.00589673127979,
        "mean": 0.00339991319925,
        "median": 0.00356511957943,
        "min": 0.000609209062532,
        "var": 1.66592258211e-06
    },
    "spectral_rolloff": {
        "dmean": 361.272247314,
        "dmean2": 623.356384277,
        "dvar": 142571.671875,
        "dvar2": 322463.59375,
        "max": 5318.70117188,
        "mean": 2750.95678711,
        "median": 2777.78320312,
        "min": 1162.79296875,
        "var": 324465.625
    },
    "spectral_skewness": {
        "dmean": 0.530178546906,
        "dmean2": 0.946319758892,
        "dvar": 0.212045639753,
        "dvar2": 0.626481771469,
        "max": 4.20146942139,
        "mean": 1.68829286098,
        "median": 1.59683597088,
        "min": 0.506363511086,
        "var": 0.336933374405
    },
    "spectral_spread": {
        "dmean": 265819.875,
        "dmean2": 448978.625,
        "dvar": 85028356096,
        "dvar2": 153868730368,
        "max": 10915453,
        "mean": 1826194.875,
        "median": 1803367,
        "min": 1024197.375,
        "var": 174506934272
    },
    "spectral_strongpeak": {
        "dmean": 1.72704863548,
        "dmean2": 2.90841150284,
        "dvar": 3.34509110451,
        "dvar2": 8.51247787476,
        "max": 17.159324646,
        "mean": 3.07883262634,
        "median": 2.44631934166,
        "min": 0.148818194866,
        "var": 6.25600481033
    },
    "zerocrossingrate": {
        "dmean": 0.0068047051318,
        "dmean2": 0.00846809148788,
        "dvar": 3.1358878914e-05,
        "dvar2": 4.55957160739e-05,
        "max": 0.1484375,
        "mean": 0.0918566435575,
        "median": 0.091796875,
        "min": 0.021484375,
        "var": 0.000278185354546
    },
    "barkbands": {
        "dmean": [9.01812541088e-07, 7.8350003605e-06, 1.13788837552e-06, 1.98848738364e-06, 1.67180060089e-05, 7.94921561464e-06, 0.000153274610057, 0.000124321566545, 0.000257780164247, 0.000295575999189, 0.000652435584925, 0.0010985248955, 0.000861837645061, 0.00131390744355, 0.00111522921361, 0.00157519499771, 0.00109508866444, 0.000933071307372, 0.00089494389249, 0.000347130931914, 0.000133678797283, 4.12445260736e-05, 1.25823880808e-05, 4.57945498056e-06, 1.61279956501e-06, 6.20952334884e-07, 1.76180435574e-07],
        "dmean2": [1.56881640123e-06, 1.3509396922e-05, 2.01331727112e-06, 3.34790934176e-06, 2.83246863546e-05, 1.19889755297e-05, 0.000208011508221, 0.0001941085211, 0.000405232160119, 0.000481599126942, 0.00107049453072, 0.00178071355913, 0.00141445815098, 0.00223606475629, 0.00188063841779, 0.00265665631741, 0.00185227161273, 0.00158192403615, 0.00151644169819, 0.000583525339607, 0.000222823960939, 6.79079894326e-05, 2.18821842282e-05, 8.21146022645e-06, 2.79383380075e-06, 1.12140276087e-06, 3.1846713e-07],
        "dvar": [1.74128701909e-12, 1.63139210474e-10, 3.75397759753e-12, 1.67454453082e-11, 1.365109914e-09, 2.28483995612e-10, 1.30959534772e-07, 9.98836640065e-08, 3.73627131012e-07, 6.10061135831e-07, 1.73462956354e-06, 3.72276281269e-06, 2.30662271861e-06, 4.67093377665e-06, 3.82110692954e-06, 6.69498740535e-06, 2.47896309702e-06, 1.98220595848e-06, 3.03234969579e-06, 4.13614174022e-07, 8.29781257039e-08, 2.54733958371e-08, 5.57359436382e-10, 5.12759036619e-11, 8.34940883793e-12, 9.96014902499e-13, 9.23546314294e-14],
        "dvar2": [4.98441218855e-12, 4.35745967087e-10, 9.6225076518e-12, 4.08064936008e-11, 3.01184366336e-09, 4.97031082958e-10, 2.36549553279e-07, 2.16760028593e-07, 8.69512916779e-07, 1.54126212237e-06, 4.31965281678e-06, 9.14319753065e-06, 5.7091860981e-06, 1.16732071547e-05, 9.23125662666e-06, 1.65944675246e-05, 6.2040226112e-06, 5.21117544849e-06, 7.6267683653e-06, 1.01894670479e-06, 1.97731637286e-07, 6.3546579554e-08, 1.3982267566e-09, 1.41045938817e-10, 2.13931442006e-11, 2.66803614792e-12, 2.51160556112e-13],
        "max": [1.53487690113e-05, 0.000139007825055, 1.85585813597e-05, 0.000110041277367, 0.000972637499217, 0.000251507182838, 0.00707070995122, 0.00601928029209, 0.00840644538403, 0.0107392249629, 0.0127161499113, 0.0183480866253, 0.0186744332314, 0.02436760813, 0.0217124633491, 0.0241451989859, 0.014493229799, 0.018885364756, 0.0190964639187, 0.00886594690382, 0.00369284395128, 0.00317836296745, 0.000344157451764, 5.43025962543e-05, 3.32802046614e-05, 6.05187551628e-06, 2.17586307372e-06],
        "mean": [8.98875612165e-07, 8.00367070042e-06, 1.08617587102e-06, 2.46095555667e-06, 2.43172380578e-05, 1.26383893075e-05, 0.000271233468084, 0.000169666207512, 0.000375813542632, 0.000323342566844, 0.00081302766921, 0.00143364293035, 0.0012055169791, 0.00139111082535, 0.00136854103766, 0.00194366159849, 0.00130026019178, 0.00124264659826, 0.00105356611311, 0.000414890644606, 0.000142754070112, 3.85484745493e-05, 1.23733161672e-05, 4.02717978432e-06, 1.37043718951e-06, 4.73203670026e-07, 1.24378743749e-07],
        "median": [4.49095580279e-07, 3.49265314981e-06, 4.70827501431e-07, 1.13233181764e-06, 8.76170997799e-06, 5.04491026732e-06, 5.04953641212e-05, 5.69814183109e-05, 8.86263223947e-05, 6.08042319072e-05, 0.000184831238585, 0.000396564195398, 0.000287183764158, 0.000369150715414, 0.00043679116061, 0.000800278270617, 0.000544534239452, 0.000541548535693, 0.000415050046286, 0.000161765041412, 4.33695931861e-05, 7.34490913601e-06, 4.32144770457e-06, 1.39034511903e-06, 3.15587072919e-07, 8.46303649382e-08, 1.17347678241e-08],
        "min": [1.46249623523e-09, 7.61660814419e-08, 1.6337606823e-09, 1.49262255889e-08, 1.71238113467e-07, 1.02918157552e-07, 2.56431064827e-07, 4.74154575159e-07, 1.53410667281e-06, 3.4505958979e-07, 3.63236523526e-07, 3.90520199289e-06, 8.08322454304e-07, 3.24234201798e-06, 3.03705837723e-06, 1.37491542773e-05, 3.32261902258e-06, 8.65012316353e-06, 1.19962908229e-06, 1.53698931626e-06, 6.3056882027e-07, 1.73223725142e-07, 8.38141716031e-08, 3.82148428457e-08, 8.67142802008e-09, 6.82514400552e-09, 2.29610530589e-09],
        "var": [1.74291668337e-12, 1.62341279308e-10, 3.49277161013e-12, 2.21698701064e-11, 5.16985299015e-09, 4.3156986318e-10, 4.2320809257e-07, 1.53416777948e-07, 7.09476069005e-07, 8.19343256353e-07, 2.8048882541e-06, 5.89766295889e-06, 4.34296225649e-06, 6.14471764493e-06, 5.79054812988e-06, 9.58181044552e-06, 3.49363926944e-06, 3.77535911866e-06, 3.49716378878e-06, 5.03864157508e-07, 9.6380752268e-08, 2.56802277221e-08, 6.20067219792e-10, 4.22509215114e-11, 7.56543699215e-12, 7.86230564161e-13, 6.95522944251e-14]
    },
    "erbbands": {
        "dmean": [0.000301516469335, 0.00157297390979, 0.00177957152482, 0.00332007557154, 0.0265095103532, 0.0721715912223, 0.075058080256, 0.0674721524119, 0.995019853115, 2.98210430145, 2.87980604172, 6.6354227066, 4.18690299988, 22.6734371185, 20.2602291107, 48.4070358276, 36.737285614, 43.7048339844, 62.9591293335, 58.5986785889, 75.6828994751, 53.2559280396, 47.013256073, 57.0370445251, 31.5580768585, 16.3445472717, 7.90254259109, 3.08333611488, 1.36122083664, 0.661686062813, 0.316137611866, 0.133520811796, 0.0559187754989, 0.0227526053786, 0.00977025181055, 0.00344435707666, 0.00108091149013, 0.000239371845964, 3.76077186957e-05, 9.73385158431e-06],
        "dmean2": [0.000523392402101, 0.00275935791433, 0.00312332832254, 0.00543138524517, 0.0447750389576, 0.123001664877, 0.11921620369, 0.104721918702, 1.45454657078, 4.19215202332, 4.31424713135, 10.5538377762, 6.52304029465, 37.3649749756, 32.8552246094, 78.588684082, 60.059753418, 73.4523544312, 105.563499451, 100.310005188, 125.50718689, 90.1589508057, 78.4700622559, 96.0053710938, 54.0757598877, 27.2546749115, 13.0619468689, 5.07364702225, 2.19747400284, 1.11636853218, 0.55096590519, 0.242422252893, 0.0977862924337, 0.0390930846334, 0.0170665681362, 0.00610676314682, 0.00196734117344, 0.000434747169493, 6.67761778459e-05, 1.61796342582e-05],
        "dvar": [2.79329412933e-07, 6.65066681904e-06, 9.3076560006e-06, 3.30927323375e-05, 0.00215822341852, 0.0271455924958, 0.0533356070518, 0.0173799432814, 4.93260574341, 46.2365989685, 47.6693000793, 297.081481934, 48.3045730591, 2738.08251953, 1086.41955566, 8136.85595703, 4181.37304688, 3696.77929688, 7428.24560547, 5740.12304688, 13546.9042969, 6498.23632812, 4150.01464844, 12490.0234375, 2695.95605469, 937.470947266, 318.381286621, 75.2781143188, 22.1435241699, 2.03828811646, 0.267982751131, 0.0446995794773, 0.00739165022969, 0.00143001379911, 0.000429064064519, 3.37735655194e-05, 3.32238505507e-06, 1.58431632258e-07, 3.67740016216e-09, 8.05975147733e-11],
        "dvar2": [7.65242418765e-07, 1.7717053197e-05, 2.39560176851e-05, 8.03924413049e-05, 0.00500925024971, 0.0625591501594, 0.114653468132, 0.0426614992321, 10.9254522324, 92.0017242432, 93.5892028809, 702.00604248, 107.203765869, 6992.51464844, 2642.86791992, 20043.9140625, 10516.546875, 9393.03808594, 18178.8222656, 13611.3583984, 33105.7773438, 15898.3623047, 10255.1142578, 31721.4316406, 7029.19726562, 2414.09155273, 766.212097168, 160.127685547, 58.4390144348, 4.66901111603, 0.736774682999, 0.123813197017, 0.0197161864489, 0.00369803118519, 0.00108311802614, 8.76640915521e-05, 9.03556338017e-06, 4.30381589922e-07, 1.0056140809e-08, 1.98398131257e-10],
        "max": [0.00586433289573, 0.0284778475761, 0.0353125967085, 0.143182054162, 1.14751541615, 4.86763286591, 5.09806013107, 2.03273487091, 36.8513565063, 154.017852783, 159.637283325, 243.415039062, 90.2202911377, 712.863708496, 379.294281006, 878.506835938, 912.586975098, 578.231689453, 1047.31054688, 734.327697754, 1275.44970703, 986.225891113, 840.72064209, 1268.96459961, 588.588500977, 292.935180664, 240.208251953, 102.629493713, 87.8433456421, 18.4305839539, 5.313580513, 1.65678310394, 0.724359989166, 0.397778093815, 0.249522715807, 0.0532570108771, 0.0143344933167, 0.00297517050058, 0.000413387722801, 6.15739263594e-05],
        "mean": [0.000291239091894, 0.0015291305026, 0.00175337388646, 0.00469448650256, 0.0354102775455, 0.101580485702, 0.109293952584, 0.119971491396, 1.64179456234, 5.19638872147, 4.51519346237, 9.68990516663, 6.21448421478, 27.3410301208, 29.7630691528, 62.7805099487, 53.4151573181, 56.3908691406, 80.6504516602, 81.1796798706, 102.663124084, 68.3854370117, 64.8798370361, 70.8993835449, 39.8834190369, 20.2392597198, 9.11279678345, 3.36857819557, 1.36415266991, 0.689509272575, 0.309813737869, 0.11901756376, 0.0490871854126, 0.019977837801, 0.00794537458569, 0.00270434166305, 0.000815541716293, 0.000180551796802, 3.3483524021e-05, 1.96202345251e-05],
        "median": [0.000121862714877, 0.000634296971839, 0.000802342256065, 0.00254272669554, 0.0144439991564, 0.0277685020119, 0.0377664901316, 0.0540578700602, 0.400235623121, 1.49893450737, 1.90029788017, 2.25149250031, 2.67435741425, 6.34232378006, 15.1365756989, 18.8911037445, 19.0021038055, 29.044588089, 33.9971313477, 42.0314750671, 48.7986450195, 37.7667961121, 35.7122344971, 30.3364467621, 19.9335689545, 8.76340675354, 3.50147438049, 0.888081669807, 0.275572657585, 0.222163587809, 0.118090353906, 0.0439785532653, 0.0152634158731, 0.00484963832423, 0.00163561466616, 0.000540001725312, 0.000147620186908, 3.17782978527e-05, 1.3709045561e-05, 1.87467758224e-05],
        "min": [2.8329206998e-06, 9.22665822145e-06, 7.09738424121e-06, 5.9723675804e-05, 0.000145474798046, 0.000504506751895, 0.000401391327614, 0.00124252331443, 0.00390561064705, 0.00931193586439, 0.0091827204451, 0.0341969877481, 0.0454353615642, 0.0775711238384, 0.363108664751, 0.356849998236, 0.225296393037, 0.407184481621, 0.676467418671, 0.596011042595, 0.870743811131, 0.59335821867, 0.275912761688, 0.432303994894, 0.0358398444951, 0.117975287139, 0.0560182109475, 0.0185451172292, 0.00681544980034, 0.00473342416808, 0.0021119560115, 0.00118349562399, 0.0003502733598, 0.000111851222755, 5.67150309507e-05, 3.23119893437e-05, 1.23653744595e-05, 3.53574591827e-06, 8.59598799252e-07, 5.79197944717e-07],
        "var": [2.45921370379e-07, 6.39985182715e-06, 8.75512796483e-06, 5.22211266798e-05, 0.00494911940768, 0.131591901183, 0.077001273632, 0.0337443053722, 12.8260087967, 122.006835938, 89.989692688, 544.640319824, 88.4176864624, 4129.43310547, 1807.1015625, 12262.5869141, 7842.76611328, 5209.703125, 12040.8632812, 10216.6035156, 20148.8554688, 8871.20703125, 7193.02734375, 17650.8769531, 3154.06860352, 1105.3269043, 373.33996582, 94.9830322266, 24.3980388641, 2.41674280167, 0.265737205744, 0.036197245121, 0.00653889216483, 0.00137264584191, 0.000361410464393, 2.83288845822e-05, 2.48994319918e-06, 1.20435132089e-07, 2.95027069441e-09, 1.70937541899e-10]
    },
    "gfcc": {
        "mean": [-98.749420166, 52.0902175903, -241.875030518, 6.61962509155, -40.0254364014, -5.46437215805, -20.372133255, 6.6386475563, -11.5515880585, -1.75481188297, -2.67363786697, -5.33077669144, -7.81343078613],
        "cov": [[2200.22094727, -919.252258301, 19.4388122559, 141.062225342, -54.1961936951, 183.029891968, -100.747413635, 80.1211242676, -95.9393768311, 85.2053527832, -37.1270179749, 24.7016391754, -82.9894714355], [-919.252258301, 1055.39465332, 80.8946762085, -261.606536865, -14.1649246216, -150.045562744, 43.8334655762, -98.689453125, 85.6239013672, -20.7893981934, 66.0574569702, 0.460238426924, 16.0397129059], [19.4388122559, 80.8946762085, 358.632293701, 115.079391479, -20.123134613, 35.8967170715, -56.2438392639, -3.44637274742, -66.5221176147, 39.7643432617, -34.746887207, 79.7443389893, -23.2271976471], [141.062225342, -261.606536865, 115.079391479, 308.478759766, 54.0142593384, 44.5060195923, 13.8658294678, 26.5651321411, -61.1456565857, -17.4126472473, -50.3126449585, 9.47884464264, 3.7489938736], [-54.1961936951, -14.1649246216, -20.123134613, 54.0142593384, 163.603118896, 46.7577018738, 6.70220565796, 24.8659992218, 14.5049362183, -41.7774200439, -4.46213006973, -10.4768819809, 26.0450592041], [183.029891968, -150.045562744, 35.8967170715, 44.5060195923, 46.7577018738, 151.611099243, 23.5840454102, 10.0454807281, -5.91451072693, 10.0347127914, -47.0294570923, -1.96155428886, 0.440027236938], [-100.747413635, 43.8334655762, -56.2438392639, 13.8658294678, 6.70220565796, 23.5840454102, 144.509857178, 24.4590244293, 3.00491476059, -15.6546573639, -23.7561264038, -28.5299682617, 10.1861333847], [80.1211242676, -98.689453125, -3.44637274742, 26.5651321411, 24.8659992218, 10.0454807281, 24.4590244293, 119.333389282, 28.2190303802, -10.5433635712, 13.8585700989, -7.15626811981, 7.14287900925], [-95.9393768311, 85.6239013672, -66.5221176147, -61.1456565857, 14.5049362183, -5.91451072693, 3.00491476059, 28.2190303802, 122.820549011, 41.0748710632, 24.1150074005, -10.0202274323, -3.13614940643], [85.2053527832, -20.7893981934, 39.7643432617, -17.4126472473, -41.7774200439, 10.0347127914, -15.6546573639, -10.5433635712, 41.0748710632, 144.157943726, 48.0968093872, 16.5755977631, -43.5141792297], [-37.1270179749, 66.0574569702, -34.746887207, -50.3126449585, -4.46213006973, -47.0294570923, -23.7561264038, 13.8585700989, 24.1150074005, 48.0968093872, 143.178497314, 32.636341095, -10.87840271], [24.7016391754, 0.460238426924, 79.7443389893, 9.47884464264, -10.4768819809, -1.96155428886, -28.5299682617, -7.15626811981, -10.0202274323, 16.5755977631, 32.636341095, 116.07649231, 37.2446174622], [-82.9894714355, 16.0397129059, -23.2271976471, 3.7489938736, 26.0450592041, 0.440027236938, 10.1861333847, 7.14287900925, -3.13614940643, -43.5141792297, -10.87840271, 37.2446174622, 122.184204102]],
        "icov": [[0.000822196830995, 0.000525425595697, 0.00018324420671, 0.000177530979272, 0.000296128040645, -0.000630631286185, 0.000527118332684, -0.000490257050842, 0.00057130533969, -0.000328678259393, 0.000126259124954, -0.000281632092083, 0.000437424576376], [0.000525425595697, 0.00512209814042, -0.00655956193805, 0.00430655758828, -0.00159204623196, 0.00397388963029, -0.00504764541984, 0.00624074134976, -0.0058486550115, 0.00400721374899, -0.00376916187815, 0.00353831099346, -0.00145075528417], [0.00018324420671, -0.00655956193805, 0.0147268408909, -0.00679313158616, 0.00244326633401, -0.00633410317823, 0.00929007586092, -0.0106693468988, 0.0114204073325, -0.00814017653465, 0.00809972453862, -0.00934838037938, 0.00430968543515], [0.000177530979272, 0.00430655758828, -0.00679313158616, 0.00846266746521, -0.00349873793311, 0.0039615733549, -0.00510916858912, 0.00417539989576, -0.00283998856321, 0.00254926481284, -0.00183990818914, 0.00300804153085, -0.00132816506084], [0.000296128040645, -0.00159204623196, 0.00244326633401, -0.00349873793311, 0.0100547745824, -0.00548634445295, 0.00290909619071, -0.00234438665211, -0.000593262782786, 0.00238076737151, -0.00137362803798, 0.000114186921564, -0.000571518554352], [-0.000630631286185, 0.00397388963029, -0.00633410317823, 0.0039615733549, -0.00548634445295, 0.0139729911461, -0.00656576268375, 0.00528338504955, -0.00463618384674, 0.000692416506354, 0.000561118358746, 0.00241642212495, -0.00147703895345], [0.000527118332684, -0.00504764541984, 0.00929007586092, -0.00510916858912, 0.00290909619071, -0.00656576268375, 0.0148612642661, -0.00953152123839, 0.00801525171846, -0.00528504885733, 0.00557704176754, -0.00345569546334, 0.00153872405645], [-0.000490257050842, 0.00624074134976, -0.0106693468988, 0.00417539989576, -0.00234438665211, 0.00528338504955, -0.00953152123839, 0.0201102495193, -0.0130777340382, 0.00883315689862, -0.00858362391591, 0.006915923208, -0.00327114737593], [0.00057130533969, -0.0058486550115, 0.0114204073325, -0.00283998856321, -0.000593262782786, -0.00463618384674, 0.00801525171846, -0.0130777340382, 0.0222214460373, -0.0120366727933, 0.00750999944285, -0.00592911429703, 0.0024130968377], [-0.000328678259393, 0.00400721374899, -0.00814017653465, 0.00254926481284, 0.00238076737151, 0.000692416506354, -0.00528504885733, 0.00883315689862, -0.0120366727933, 0.0172809679061, -0.00896943826228, 0.00360907870345, 0.000985990394838], [0.000126259124954, -0.00376916187815, 0.00809972453862, -0.00183990818914, -0.00137362803798, 0.000561118358746, 0.00557704176754, -0.00858362391591, 0.00750999944285, -0.00896943826228, 0.0158866811544, -0.00834747217596, 0.00346177001484], [-0.000281632092083, 0.00353831099346, -0.00934838037938, 0.00300804153085, 0.000114186921564, 0.00241642212495, -0.00345569546334, 0.006915923208, -0.00592911429703, 0.00360907870345, -0.00834747217596, 0.018309334293, -0.00786563474685], [0.000437424576376, -0.00145075528417, 0.00430968543515, -0.00132816506084, -0.000571518554352, -0.00147703895345, 0.00153872405645, -0.00327114737593, 0.0024130968377, 0.000985990394838, 0.00346177001484, -0.00786563474685, 0.0128409639001]]
    },
    "melbands": {
        "dmean": [2.39753353526e-06, 1.29176714836e-06, 1.08905862817e-06, 3.60371291208e-06, 2.81214943243e-06, 1.64827338267e-06, 2.10811667785e-05, 3.16787918564e-05, 2.32358233916e-05, 4.3987412937e-05, 1.89732236322e-05, 8.81285886862e-05, 7.95002852101e-05, 0.000133095309138, 6.93822221365e-05, 0.000103170335933, 9.11431707209e-05, 0.000118841846415, 0.000100969067717, 0.000119610653201, 8.82479143911e-05, 5.71543569095e-05, 5.14821949764e-05, 3.97124786105e-05, 5.10498830408e-05, 3.48350695276e-05, 1.45718504427e-05, 1.02135527413e-05, 6.64818935547e-06, 2.44916236625e-06, 1.63367894856e-06, 8.90612113835e-07, 5.19918387454e-07, 3.41591800179e-07, 2.16923211838e-07, 1.0901943881e-07, 7.1413154501e-08, 4.25884500999e-08, 2.55773393576e-08, 1.72497180984e-08],
        "dmean2": [4.10405573348e-06, 2.24439054364e-06, 1.75318234596e-06, 6.16492025074e-06, 4.54788369098e-06, 2.58965087596e-06, 2.95280478895e-05, 4.54806067864e-05, 3.53011892003e-05, 6.93678084644e-05, 2.97183396469e-05, 0.000145700381836, 0.000129404157633, 0.000217233988224, 0.000114408358058, 0.000168215628946, 0.000154655324877, 0.000200811453396, 0.000173371998244, 0.000205677482882, 0.000145400714246, 9.66410152614e-05, 8.57173072291e-05, 6.75283226883e-05, 8.60328073031e-05, 5.94892517256e-05, 2.46555446211e-05, 1.72547315742e-05, 1.08814674604e-05, 4.11201153838e-06, 2.64833556685e-06, 1.46968113768e-06, 8.73518274602e-07, 5.88120940392e-07, 3.78144420665e-07, 1.98339890289e-07, 1.29775017399e-07, 7.5577574421e-08, 4.42652812183e-08, 2.97695148532e-08],
        "dvar": [1.60268100874e-11, 4.39821746731e-12, 4.47392383557e-12, 4.78931026782e-11, 7.04104205496e-11, 1.27256399862e-11, 2.31458452404e-09, 4.77823602907e-09, 3.17668824579e-09, 1.08978097657e-08, 1.13343912034e-09, 4.24942960819e-08, 2.70461892882e-08, 5.62743665e-08, 1.31000659209e-08, 3.49123077115e-08, 1.99232701448e-08, 3.30158087536e-08, 3.73937396603e-08, 4.18747987396e-08, 1.69276859197e-08, 6.9574190853e-09, 5.1485686825e-09, 3.73038844259e-09, 1.147498363e-08, 3.86504162009e-09, 5.23534993135e-10, 5.02748620512e-10, 3.17486481549e-10, 4.63780611137e-11, 3.47139990364e-11, 1.21768949091e-11, 3.13627986429e-12, 7.33828525289e-13, 1.74193748618e-13, 3.26383546383e-14, 1.33750119202e-14, 4.93983516201e-15, 1.81729584757e-15, 9.72444857183e-16],
        "dvar2": [4.35175506741e-11, 1.14925569061e-11, 9.4039897397e-12, 1.23636365035e-10, 1.48252785048e-10, 3.25958149361e-11, 4.49526638135e-09, 1.02294439586e-08, 6.25760510076e-09, 2.5651683444e-08, 2.49613885117e-09, 1.08352175232e-07, 6.63374990495e-08, 1.4005365756e-07, 3.16893142838e-08, 8.5824403584e-08, 5.0670962537e-08, 8.0549206416e-08, 9.19347371564e-08, 1.03037798738e-07, 4.04393283304e-08, 1.70314660153e-08, 1.30431194734e-08, 9.75563452243e-09, 2.89859460878e-08, 9.93945992178e-09, 1.40199052368e-09, 1.25275612106e-09, 7.49513673348e-10, 1.08191476611e-10, 7.30171478835e-11, 3.11679917986e-11, 7.38758099833e-12, 1.74130545053e-12, 4.82391253678e-13, 9.07997906464e-14, 3.69769217687e-14, 1.34021245978e-14, 4.52717468616e-15, 2.55449890299e-15],
        "max": [4.10378270317e-05, 2.43426784436e-05, 6.43437670078e-05, 0.000184744014405, 0.000219746463699, 5.87584436289e-05, 0.000864007044584, 0.00163485587109, 0.00112950685434, 0.00158471567556, 0.000437819864601, 0.00280595663935, 0.00180963124149, 0.00236207409762, 0.00124060269445, 0.00241138902493, 0.00152123544831, 0.0023228188511, 0.00236204569228, 0.00198861327954, 0.00126689451281, 0.00101787759922, 0.000697764160577, 0.000649440218695, 0.00127179687843, 0.000582625565585, 0.000188297985005, 0.000294210825814, 0.000277373124845, 0.000105039514892, 0.000102287420304, 6.21882281848e-05, 4.1007217078e-05, 1.39392650453e-05, 4.70140594189e-06, 1.70866417193e-06, 9.57494421527e-07, 7.00223097283e-07, 5.12171141054e-07, 3.41477544907e-07],
        "mean": [2.43823092205e-06, 1.30190949221e-06, 1.52593520397e-06, 4.90386946694e-06, 4.14665646531e-06, 2.54319820669e-06, 3.6353514588e-05, 5.36573243153e-05, 3.47366694768e-05, 6.29065543762e-05, 2.63094752881e-05, 0.000103415331978, 0.000102912723378, 0.000172668645973, 8.66805276019e-05, 0.000145396814332, 0.000103024394775, 0.000138430317747, 0.00011655963317, 0.000137084993185, 0.000114596099593, 6.88541622367e-05, 6.56685078866e-05, 5.16157560924e-05, 5.87363720115e-05, 4.05457394663e-05, 1.67302969203e-05, 1.17493309517e-05, 7.20509933672e-06, 2.60459751189e-06, 1.64711150319e-06, 8.02232307251e-07, 5.07333140831e-07, 3.37852981147e-07, 2.0162794101e-07, 9.42893194633e-08, 6.05486292216e-08, 3.60018290735e-08, 2.28320811146e-08, 1.46617393781e-08],
        "median": [1.04594323602e-06, 5.97715484218e-07, 7.42099132367e-07, 1.77631920906e-06, 1.43164277233e-06, 9.60274178397e-07, 7.45896295484e-06, 1.90668670257e-05, 1.26224431369e-05, 1.40820366141e-05, 9.38463472266e-06, 2.13527564483e-05, 3.21214174619e-05, 5.04805066157e-05, 3.20706058119e-05, 3.18750462611e-05, 3.48487556039e-05, 4.88682599098e-05, 3.1629595469e-05, 4.63440228486e-05, 4.99679190398e-05, 3.07992922899e-05, 2.863361442e-05, 2.34347189689e-05, 1.80311108124e-05, 1.47049504449e-05, 6.65632160235e-06, 4.08869072999e-06, 2.31303965847e-06, 7.35683954645e-07, 2.85979439241e-07, 1.17669863187e-07, 1.27940552375e-07, 1.11918573964e-07, 6.65552875034e-08, 3.55476466041e-08, 2.0899751263e-08, 1.12695266452e-08, 6.01882366169e-09, 3.13469672442e-09],
        "min": [3.62880889782e-08, 7.21185688946e-09, 1.21945742393e-08, 2.85459531568e-08, 1.4159729389e-08, 2.46658977687e-08, 4.12262934901e-08, 1.12182334533e-07, 5.58153381292e-08, 1.68758603536e-07, 5.87899791071e-08, 7.48781801008e-08, 3.05645215803e-07, 4.52829340247e-07, 2.94273604595e-07, 1.25084469005e-07, 3.84954887522e-07, 3.44204750036e-07, 2.96873480465e-07, 1.9250634864e-07, 4.28191157198e-07, 2.04177069918e-07, 7.46338812974e-08, 2.94647662713e-07, 2.90992886676e-07, 1.57287409763e-08, 1.64029234639e-08, 3.34848451189e-08, 3.62018681699e-08, 1.36737572376e-08, 6.39035357963e-09, 2.11388884175e-09, 2.85136980693e-09, 2.21191398531e-09, 1.14086173841e-09, 9.55066137287e-10, 5.77166647808e-10, 1.97833346927e-10, 9.85048292934e-11, 6.32108393406e-11],
        "var": [1.53805093661e-11, 4.37467423398e-12, 8.90547358079e-12, 1.89755655633e-10, 1.39861025539e-10, 2.29868832302e-11, 7.12192393948e-09, 1.09194431275e-08, 5.76495207127e-09, 2.14838991042e-08, 1.96991511991e-09, 6.3388995386e-08, 4.22393675592e-08, 9.01196344216e-08, 1.93267606363e-08, 6.8645370277e-08, 2.63059298788e-08, 4.75612615958e-08, 5.32125596919e-08, 6.0037656624e-08, 2.78345400062e-08, 9.53172296647e-09, 8.24135426569e-09, 6.41352926323e-09, 1.56381378957e-08, 4.51968507065e-09, 6.68730848474e-10, 5.45011535902e-10, 3.7381517326e-10, 5.29344242051e-11, 3.99863094025e-11, 1.25950456661e-11, 3.21556735232e-12, 8.06739440876e-13, 1.57873849627e-13, 2.60137523095e-14, 1.04004100864e-14, 3.99937151606e-15, 1.81111420112e-15, 8.73958377642e-16]
    },
    "mfcc": {
        "mean": [-711.403808594, 87.0438842773, -121.274742126, 5.72362804413, -14.3408193588, -7.16783380508, -2.40275096893, 5.05775356293, -4.44320583344, 8.54864311218, -0.271912485361, 5.82255363464, 5.20592832565],
        "cov": [[2218.27075195, -841.472595215, -60.856300354, -15.4087200165, 15.5277118683, 73.4231414795, -0.911830663681, 17.2789936066, -36.8638153076, 21.6742935181, 63.5378227234, -0.550701677799, -26.5729351044], [-841.472595215, 1014.4276123, 13.8739862442, -126.71131897, -63.7163772583, -64.0757675171, -68.5822219849, -55.7318649292, -32.8031311035, -40.3896064758, 17.6672592163, 33.1825256348, -2.04595661163], [-60.856300354, 13.8739862442, 315.640411377, 82.1849365234, 20.3107089996, 35.9790763855, 12.2452135086, -15.4260292053, -6.81807804108, -69.0014266968, 11.1479244232, -18.8348178864, -4.53510046005], [-15.4087200165, -126.71131897, 82.1849365234, 203.386154175, 34.0634803772, 14.946097374, 45.6682472229, 20.5263404846, 7.20488929749, -10.0350370407, -11.7468156815, -27.6266078949, -13.7113523483], [15.5277118683, -63.7163772583, 20.3107089996, 34.0634803772, 178.419219971, 17.7433490753, 4.91095018387, 33.4935836792, -15.9824571609, 14.5938272476, -39.6961593628, -0.956130981445, 22.1115245819], [73.4231414795, -64.0757675171, 35.9790763855, 14.946097374, 17.7433490753, 160.570953369, 18.0619716644, -5.972012043, 38.5989227295, -18.7526721954, 20.9560375214, -22.503528595, -26.4202461243], [-0.911830663681, -68.5822219849, 12.2452135086, 45.6682472229, 4.91095018387, 18.0619716644, 112.950683594, 35.6527061462, 10.5564107895, 18.3273544312, -28.9340190887, -12.1540718079, -3.52529191971], [17.2789936066, -55.7318649292, -15.4260292053, 20.5263404846, 33.4935836792, -5.972012043, 35.6527061462, 121.116233826, 42.0303688049, 20.4189071655, -40.7336616516, -29.5649642944, -14.2654390335], [-36.8638153076, -32.8031311035, -6.81807804108, 7.20488929749, -15.9824571609, 38.5989227295, 10.5564107895, 42.0303688049, 132.173400879, 26.73046875, -9.1352186203, -40.7638130188, -48.9903945923], [21.6742935181, -40.3896064758, -69.0014266968, -10.0350370407, 14.5938272476, -18.7526721954, 18.3273544312, 20.4189071655, 26.73046875, 136.948623657, 20.5890522003, -4.29792356491, -15.7896995544], [63.5378227234, 17.6672592163, 11.1479244232, -11.7468156815, -39.6961593628, 20.9560375214, -28.9340190887, -40.7336616516, -9.1352186203, 20.5890522003, 160.09147644, 45.280670166, -11.6499872208], [-0.550701677799, 33.1825256348, -18.8348178864, -27.6266078949, -0.956130981445, -22.503528595, -12.1540718079, -29.5649642944, -40.7638130188, -4.29792356491, 45.280670166, 148.452713013, 92.9738845825], [-26.5729351044, -2.04595661163, -4.53510046005, -13.7113523483, 22.1115245819, -26.4202461243, -3.52529191971, -14.2654390335, -48.9903945923, -15.7896995544, -11.6499872208, 92.9738845825, 180.406997681]],
