{
"lowlevel": {
    "average_loudness": 0.975270986557,
    "barkbands_crest": {
        "dmean": 2.44898223877,
        "dmean2": 4.110247612,
        "dvar": 4.42988395691,
        "dvar2": 11.5035228729,
        "max": 25.677898407,
        "mean": 8.24282932281,
        "median": 7.64379787445,
        "min": 2.59408473969,
        "var": 12.4305143356
    },
    "barkbands_flatness_db": {
        "dmean": 0.0249066315591,
        "dmean2": 0.0394508652389,
        "dvar": 0.000492299324833,
        "dvar2": 0.00107925466727,
        "max": 0.347975224257,
        "mean": 0.153467565775,
        "median": 0.146688461304,
        "min": 0.0406885296106,
        "var": 0.00218585506082
    },
    "barkbands_kurtosis": {
        "dmean": 2.45960235596,
        "dmean2": 3.90738654137,
        "dvar": 9.47585487366,
        "dvar2": 20.3889846802,
        "max": 37.2252235413,
        "mean": 3.04332542419,
        "median": 1.56981039047,
        "min": -1.65076482296,
        "var": 24.2936191559
    },
    "barkbands_skewness": {
        "dmean": 0.611268937588,
        "dmean2": 0.979226768017,
        "dvar": 0.306105405092,
        "dvar2": 0.627761363983,
        "max": 3.92222285271,
        "mean": 1.07019042969,
        "median": 1.17284023762,
        "min": -3.18644118309,
        "var": 1.238032341
    },
    "barkbands_spread": {
        "dmean": 5.44737195969,
        "dmean2": 8.82303524017,
        "dvar": 34.384475708,
        "dvar2": 78.8405914307,
        "max": 48.9292221069,
        "mean": 17.8783130646,
        "median": 16.3539772034,
        "min": 1.37145757675,
        "var": 98.5874176025
    },
    "dissonance": {
        "dmean": 0.019408326596,
        "dmean2": 0.0325243622065,
        "dvar": 0.000428900821134,
        "dvar2": 0.00111019285396,
        "max": 0.5,
        "mean": 0.470502376556,
        "median": 0.477394491434,
        "min": 0.286319732666,
        "var": 0.000793912156951
    },
    "dynamic_complexity": 2.86998391151,
    "erbbands_crest": {
        "dmean": 2.81547474861,
        "dmean2": 4.77836847305,
        "dvar": 8.09799194336,
        "dvar2": 18.8515357971,
        "max": 32.4399223328,
        "mean": 8.81513881683,
        "median": 7.26912164688,
        "min": 3.20039963722,
        "var": 26.2762508392
    },
    "erbbands_flatness_db": {
        "dmean": 0.0195173956454,
        "dmean2": 0.030552668497,
        "dvar": 0.000363738479791,
        "dvar2": 0.000749945174903,
        "max": 0.407121628523,
        "mean": 0.197009220719,
        "median": 0.191144451499,
        "min": 0.0967525020242,
        "var": 0.00162441912107
    },
    "erbbands_kurtosis": {
        "dmean": 1.49353301525,
        "dmean2": 2.46148252487,
        "dvar": 25.0404148102,
        "dvar2": 59.8829040527,
        "max": 98.3293914795,
        "mean": 1.35916721821,
        "median": -0.204739332199,
        "min": -1.58512282372,
        "var": 74.8789901733
    },
    "erbbands_skewness": {
        "dmean": 0.448900073767,
        "dmean2": 0.732642650604,
        "dvar": 0.267866432667,
        "dvar2": 0.536985635757,
        "max": 8.93571186066,
        "mean": 0.0911391824484,
        "median": -0.0642158389091,
        "min": -2.06205296516,
        "var": 1.3394588232
    },
    "erbbands_spread": {
        "dmean": 6.65354681015,
        "dmean2": 10.7323989868,
        "dvar": 38.3829193115,
        "dvar2": 90.9471588135,
        "max": 62.7889823914,
        "mean": 27.5615024567,
        "median": 27.9944190979,
        "min": 1.60019683838,
        "var": 109.838142395
    },
    "hfc": {
        "dmean": 10.0328540802,
        "dmean2": 15.9549474716,
        "dvar": 450.427368164,
        "dvar2": 1087.60327148,
        "max": 220.766708374,
        "mean": 13.6867055893,
        "median": 5.57519292831,
        "min": 0.0919648110867,
        "var": 573.634033203
    },
    "melbands_crest": {
        "dmean": 3.5306224823,
        "dmean2": 6.0114440918,
        "dvar": 8.10499858856,
        "dvar2": 21.9411869049,
        "max": 33.3430938721,
        "mean": 12.2120103836,
        "median": 11.4576225281,
        "min": 3.81142139435,
        "var": 23.2395744324
    },
    "melbands_flatness_db": {
        "dmean": 0.0362974703312,
        "dmean2": 0.056733712554,
        "dvar": 0.00108570745215,
        "dvar2": 0.00233596051112,
        "max": 0.468013674021,
        "mean": 0.238045737147,
        "median": 0.234534457326,
        "min": 0.0878347307444,
        "var": 0.0050129708834
    },
    "melbands_kurtosis": {
        "dmean": 5.12633562088,
        "dmean2": 8.36082935333,
        "dvar": 52.2049369812,
        "dvar2": 115.158737183,
        "max": 120.068504333,
        "mean": 8.06338500977,
        "median": 5.2150888443,
        "min": -1.67068254948,
        "var": 130.18510437
    },
    "melbands_skewness": {
        "dmean": 0.746925652027,
        "dmean2": 1.20670723915,
        "dvar": 0.442232549191,
        "dvar2": 0.985356807709,
        "max": 5.31908798218,
        "mean": 1.9505546093,
        "median": 1.95453023911,
        "min": -2.55234050751,
        "var": 1.67589497566
    },
    "melbands_spread": {
        "dmean": 9.25050830841,
        "dmean2": 14.7459106445,
        "dvar": 120.856933594,
        "dvar2": 261.750793457,
        "max": 91.0968093872,
        "mean": 23.6881828308,
        "median": 17.5596637726,
        "min": 0.666712880135,
        "var": 334.57244873
    },
    "pitch_salience": {
        "dmean": 0.0783237367868,
        "dmean2": 0.133504003286,
        "dvar": 0.00379036692902,
        "dvar2": 0.0106791462749,
        "max": 0.859690845013,
        "mean": 0.6446813941,
        "median": 0.665453493595,
        "min": 0.123564869165,
        "var": 0.011585554108
    },
    "silence_rate_20dB": {
        "dmean": 0,
        "dmean2": 0,
        "dvar": 0,
        "dvar2": 0,
        "max": 1,
        "mean": 1,
        "median": 1,
        "min": 1,
        "var": 0
    },
    "silence_rate_30dB": {
        "dmean": 0,
        "dmean2": 0,
        "dvar": 0,
        "dvar2": 0,
        "max": 1,
        "mean": 1,
        "median": 1,
        "min": 1,
        "var": 0
    },
    "silence_rate_60dB": {
        "dmean": 0.0317460335791,
        "dmean2": 0.0635930076241,
        "dvar": 0.0307383090258,
        "dvar2": 0.0754469037056,
        "max": 1,
        "mean": 0.0301109347492,
        "median": 0,
        "min": 0,
        "var": 0.0292042791843
    },
    "spectral_centroid": {
        "dmean": 307.500823975,
        "dmean2": 485.182891846,
        "dvar": 128425.195312,
        "dvar2": 256997.1875,
        "max": 3414.23461914,
        "mean": 1202.37780762,
        "median": 1084.09326172,
        "min": 259.731994629,
        "var": 454163.78125
    },
    "spectral_complexity": {
        "dmean": 5.43174600601,
        "dmean2": 8.16693210602,
        "dvar": 34.2231864929,
        "dvar2": 78.0022583008,
        "max": 53,
        "mean": 16.0396194458,
        "median": 14,
        "min": 0,
        "var": 83.9684295654
    },
    "spectral_decrease": {
        "dmean": 2.18763318571e-09,
        "dmean2": 3.4657574588e-09,
        "dvar": 6.26263777079e-18,
        "dvar2": 1.51634001877e-17,
        "max": -7.0541392172e-11,
        "mean": -3.92862142817e-09,
        "median": -2.75312861397e-09,
        "min": -2.03599714865e-08,
        "var": 1.03762445937e-17
    },
    "spectral_energy": {
        "dmean": 0.00908700469881,
        "dmean2": 0.0143786659464,
        "dvar": 0.000120381038869,
        "dvar2": 0.000291903474135,
        "max": 0.0968674793839,
        "mean": 0.0160689260811,
        "median": 0.0110733648762,
        "min": 0.000274581136182,
        "var": 0.000192631458049
    },
    "spectral_energyband_high": {
        "dmean": 0.00023877446074,
        "dmean2": 0.00041650631465,
        "dvar": 6.68399877668e-07,
        "dvar2": 1.82026758466e-06,
        "max": 0.011947657913,
        "mean": 0.000210743412026,
        "median": 3.24043794535e-05,
        "min": 2.24582436203e-06,
        "var": 5.14264570484e-07
    },
    "spectral_energyband_low": {
        "dmean": 0.00301975687034,
        "dmean2": 0.00494464673102,
        "dvar": 1.52675311256e-05,
        "dvar2": 3.54944786523e-05,
        "max": 0.02658636868,
        "mean": 0.00420717895031,
        "median": 0.00263700261712,
        "min": 2.62244884652e-05,
        "var": 2.07935117942e-05
    },
    "spectral_energyband_middle_high": {
        "dmean": 0.0041615748778,
        "dmean2": 0.00666796788573,
        "dvar": 7.84053263487e-05,
        "dvar2": 0.000181300361874,
        "max": 0.0821535587311,
        "mean": 0.00569881871343,
        "median": 0.00169437448494,
        "min": 2.56004714174e-05,
        "var": 0.000124391706777
    },
    "spectral_energyband_middle_low": {
        "dmean": 0.0037951010745,
        "dmean2": 0.0061669992283,
        "dvar": 2.35039442487e-05,
        "dvar2": 5.29699500476e-05,
        "max": 0.0396756120026,
        "mean": 0.00648269569501,
        "median": 0.00421500578523,
        "min": 0.00010026639211,
        "var": 4.18675663241e-05
    },
    "spectral_entropy": {
        "dmean": 0.194622591138,
        "dmean2": 0.307263314724,
        "dvar": 0.0419485569,
        "dvar2": 0.0927144438028,
        "max": 8.22247886658,
        "mean": 7.29295396805,
        "median": 7.37973976135,
        "min": 4.89585208893,
        "var": 0.165109574795
    },
    "spectral_flux": {
        "dmean": 0.0277009904385,
        "dmean2": 0.0432903692126,
        "dvar": 0.000929698580876,
        "dvar2": 0.00180614890996,
        "max": 0.263806700706,
        "mean": 0.0823389440775,
        "median": 0.0714402794838,
        "min": 0.015815295279,
        "var": 0.00191798550077
    },
    "spectral_kurtosis": {
        "dmean": 3.79045176506,
        "dmean2": 6.59171628952,
        "dvar": 12.8315725327,
        "dvar2": 38.2084274292,
        "max": 32.4428291321,
        "mean": 8.44842338562,
        "median": 7.52384567261,
        "min": 1.02231645584,
        "var": 23.1105213165
    },
    "spectral_rms": {
        "dmean": 0.00105983600952,
        "dmean2": 0.00163878395688,
        "dvar": 1.12488646664e-06,
        "dvar2": 2.66849565378e-06,
        "max": 0.00972136110067,
        "mean": 0.00366004416719,
        "median": 0.0032868348062,
        "min": 0.000517575186677,
        "var": 2.28108774536e-06
    },
    "spectral_rolloff": {
        "dmean": 414.462768555,
        "dmean2": 692.280029297,
        "dvar": 278149.59375,
        "dvar2": 587422.5,
        "max": 4349.70703125,
        "mean": 1213.77697754,
        "median": 947.4609375,
        "min": 129.19921875,
        "var": 781148.625
    },
    "spectral_skewness": {
        "dmean": 0.391069889069,
        "dmean2": 0.656092822552,
        "dvar": 0.139314100146,
        "dvar2": 0.380466610193,
        "max": 4.38511228561,
        "mean": 1.77984046936,
        "median": 1.68176412582,
        "min": 0.621409535408,
        "var": 0.448988646269
    },
    "spectral_spread": {
        "dmean": 286520.5,
        "dmean2": 460149.21875,
        "dvar": 213268774912,
        "dvar2": 306030608384,
        "max": 13711844,
        "mean": 2595435.5,
        "median": 2518324.75,
        "min": 1393005.875,
        "var": 424535392256
    },
    "spectral_strongpeak": {
        "dmean": 0.578340232372,
        "dmean2": 0.964942634106,
        "dvar": 1.18796980381,
        "dvar2": 2.65984463692,
        "max": 12.400888443,
        "mean": 0.768680214882,
        "median": 0.253414601088,
        "min": 0,
        "var": 2.26476788521
    },
    "zerocrossingrate": {
        "dmean": 0.00787217915058,
        "dmean2": 0.00951100420207,
        "dvar": 6.03439257247e-05,
        "dvar2": 7.31944528525e-05,
        "max": 0.1181640625,
        "mean": 0.0434276275337,
        "median": 0.0390625,
        "min": 0.00634765625,
        "var": 0.000497717934195
    },
    "barkbands": {
        "dmean": [0.000179612674401, 0.00191753474064, 0.00110746617429, 0.00115545350127, 0.00147617375478, 0.00108409137465, 0.000431602238677, 0.000585419649724, 0.000434883899288, 0.000372639828129, 0.000483701529447, 0.000607599038631, 0.000360239151632, 0.000416427006712, 0.00096321804449, 0.000881798972841, 0.000358421239071, 0.000511665421072, 0.000253030128079, 0.000240387351369, 8.92579337233e-05, 3.03278047795e-05, 1.58285329235e-05, 5.93941376792e-06, 2.54306360148e-06, 1.04999446648e-06, 8.33615274587e-07],
        "dmean2": [0.000281846034341, 0.00335526838899, 0.00187128141988, 0.00181236246135, 0.00239777634852, 0.001840273384, 0.000765399774536, 0.00101369631011, 0.000759716436733, 0.000626205583103, 0.000827621668577, 0.000991288688965, 0.000612657750025, 0.000703250814695, 0.00165675708558, 0.00137269240804, 0.000610572809819, 0.000893676711712, 0.000401390047045, 0.000410036183894, 0.000158199298312, 5.20128887729e-05, 2.85233654722e-05, 1.05411681943e-05, 4.62571370008e-06, 1.75718139417e-06, 1.41709506352e-06],
        "dvar": [6.39508428435e-08, 6.39878680886e-06, 2.53173766396e-06, 2.695279818e-06, 3.95429697164e-06, 3.76415050596e-06, 5.29899466528e-07, 3.56335726792e-06, 2.41314864979e-06, 1.00392367131e-06, 1.63946663179e-06, 4.60114097223e-06, 9.51717595399e-07, 8.63317723088e-07, 1.28220608531e-05, 6.88064073984e-06, 1.95780921786e-06, 3.25087307829e-06, 5.7585276636e-07, 6.68810400839e-07, 1.09522666492e-07, 1.01053068136e-08, 3.27808136191e-09, 5.33162736183e-10, 3.64830637922e-10, 9.3193952555e-11, 1.04563455117e-10],
        "dvar2": [1.34156138643e-07, 1.77479723789e-05, 6.19504771748e-06, 5.99207351115e-06, 8.71558131621e-06, 9.13948315429e-06, 1.49430172769e-06, 9.96259041131e-06, 6.80221046423e-06, 2.71597355095e-06, 4.4409093789e-06, 8.77845468494e-06, 2.51825599662e-06, 2.05416949939e-06, 3.47309542121e-05, 1.52173133756e-05, 5.28909322384e-06, 8.99273982213e-06, 1.21896903238e-06, 1.7779366317e-06, 3.17615274525e-07, 2.52755754104e-08, 8.99239882557e-09, 1.48075163242e-09, 1.05526121175e-09, 2.37436487138e-10, 2.86322410226e-10],
        "max": [0.00432049715891, 0.0161574371159, 0.0113796088845, 0.0128489509225, 0.0218409746885, 0.0244714394212, 0.00643995171413, 0.0290111191571, 0.0286346320063, 0.0170980282128, 0.0176892522722, 0.0528304986656, 0.0119472173974, 0.00939115975052, 0.0461049750447, 0.0338530391455, 0.0250297356397, 0.0204741228372, 0.00990057084709, 0.0094031766057, 0.00519977742806, 0.00109685014468, 0.000587525079027, 0.000278280407656, 0.000351552502252, 0.000199556336156, 0.000206761862501],
        "mean": [0.000447562546469, 0.00206496170722, 0.00120651407633, 0.00139844999649, 0.00214759679511, 0.00132778612897, 0.000505404197611, 0.000603450171184, 0.000425642094342, 0.000411574030295, 0.000575691810809, 0.000930905458517, 0.000351428665454, 0.000478619913338, 0.00089176162146, 0.000893839867786, 0.000362634018529, 0.000449345330708, 0.000265600392595, 0.000206585522392, 7.57363159209e-05, 2.75668171525e-05, 1.1943687241e-05, 4.49775097877e-06, 1.93635560208e-06, 9.82903657132e-07, 9.25657218431e-07],
        "median": [0.000284954468952, 0.00122556544375, 0.000593555858359, 0.000632835901342, 0.00110673555173, 0.00056131137535, 0.000263382797129, 0.000241854329943, 0.000182364456123, 0.000153194181621, 0.000174064742168, 0.000134969639475, 9.64291757555e-05, 0.000121289514937, 0.000150451814989, 0.000143233075505, 7.31148611521e-05, 8.00093694124e-05, 4.15806462115e-05, 3.05917019432e-05, 1.12802881631e-05, 4.02267005484e-06, 1.30263799747e-06, 5.30624276962e-07, 2.42507269377e-07, 2.13065121102e-07, 2.73570520903e-07],
        "min": [6.11823361396e-06, 7.89484420238e-06, 5.51101720703e-06, 1.65044286859e-06, 1.0731254406e-05, 2.14673787013e-06, 1.03130957996e-06, 2.37315202867e-06, 2.51269239016e-06, 4.45195155407e-06, 4.27299568173e-07, 1.49715583575e-06, 1.8235814423e-06, 9.89043655863e-07, 2.41458707251e-07, 3.61753836842e-06, 3.04825363173e-07, 4.06977761713e-07, 2.9197059348e-07, 3.24831688658e-07, 3.93087475459e-07, 2.48049673246e-07, 9.75578586804e-08, 5.8265463565e-08, 4.04756050898e-08, 3.19668593818e-08, 3.65510715028e-08],
        "var": [3.17193894261e-07, 5.97455937168e-06, 2.79225378108e-06, 4.04814090871e-06, 8.31085617392e-06, 5.6195376601e-06, 5.28782948095e-07, 2.52431800618e-06, 1.57818749358e-06, 1.22843778172e-06, 2.55303393715e-06, 1.96554065042e-05, 8.46150953748e-07, 1.17928198051e-06, 9.83151676337e-06, 8.17820910015e-06, 1.70351927409e-06, 2.35235279433e-06, 7.19419006145e-07, 5.31022749328e-07, 7.75256481234e-08, 8.83302231358e-09, 2.40072206559e-09, 3.78555686797e-10, 2.26124827196e-10, 7.44738576364e-11, 7.40345701411e-11]
    },
    "erbbands": {
        "dmean": [0.0406901240349, 0.49002161622, 1.21988379955, 2.85889554024, 4.77021169662, 3.82565331459, 10.7705087662, 6.53290939331, 6.2702870369, 7.74317169189, 13.21073246, 10.762804985, 7.55774497986, 14.5268030167, 20.3658943176, 23.7287559509, 16.7702102661, 19.8422698975, 32.2335968018, 58.4528083801, 36.0502929688, 18.622587204, 25.291217804, 20.5655765533, 11.4506721497, 9.47838973999, 5.53208112717, 2.56630325317, 1.19276595116, 0.625230312347, 0.426705777645, 0.196302846074, 0.0751431360841, 0.0306900534779, 0.0176516063511, 0.00586863793433, 0.00137281953357, 0.00067951757228, 0.000114802838652, 1.87134955922e-05],
        "dmean2": [0.0688411071897, 0.866955578327, 2.05197024345, 4.48509407043, 8.01708602905, 6.19120788574, 17.8312683105, 11.1898946762, 10.8565454483, 13.4637651443, 22.5944786072, 18.744392395, 12.7725639343, 23.8270950317, 34.3363304138, 39.5103302002, 28.3135719299, 33.0942573547, 55.1978530884, 93.4159011841, 59.736946106, 32.2301826477, 44.0223121643, 32.9322357178, 18.5974330902, 16.1168384552, 9.87774467468, 4.55168819427, 2.07206273079, 1.09399533272, 0.767846941948, 0.352930754423, 0.135604709387, 0.0543303564191, 0.0330736935139, 0.0105133987963, 0.00238234433345, 0.00119493179955, 0.000194078907953, 2.9767757951e-05],
        "dvar": [0.00292611401528, 0.439751237631, 2.7762670517, 19.7534637451, 49.5458145142, 22.8309001923, 576.727966309, 81.4912185669, 117.820053101, 227.879669189, 2296.78491211, 2003.88696289, 342.19909668, 1367.38671875, 2294.31103516, 8402.75292969, 2011.09289551, 2001.6640625, 9168.24804688, 49572.2617188, 14945.703125, 2871.46557617, 9417.43847656, 5061.06054688, 1796.43688965, 915.668029785, 620.920166016, 64.5830383301, 16.2456092834, 5.1811003685, 2.38361787796, 0.569460213184, 0.100449629128, 0.0321022756398, 0.0251881722361, 0.00296186818741, 0.000114384412882, 7.20717216609e-05, 1.75148443304e-06, 9.92476678618e-09],
        "dvar2": [0.00774836260825, 1.21000897884, 6.83927726746, 44.8568191528, 119.594367981, 55.9111061096, 1227.47570801, 219.20161438, 329.607574463, 583.432067871, 6303.81933594, 5584.19482422, 901.974975586, 2654.56640625, 5690.15429688, 15836.8916016, 5301.06591797, 4581.875, 24592.2949219, 123452.375, 38974.46875, 7600.16064453, 26350.7578125, 11948.7900391, 4356.45263672, 2304.5612793, 1819.86132812, 165.514709473, 42.0209541321, 12.5502700806, 6.69748210907, 1.60305011272, 0.281253635883, 0.0906570851803, 0.0741409361362, 0.00836056936532, 0.0002259206085, 0.00020242415485, 4.79337177239e-06, 2.490908102e-08],
        "max": [0.410398244858, 3.81610798836, 11.0122585297, 36.6547012329, 73.1639556885, 43.7159309387, 330.388122559, 68.5888366699, 124.104652405, 217.313995361, 803.446105957, 848.102050781, 345.459350586, 682.093078613, 487.464202881, 2172.96899414, 564.512634277, 501.927124023, 1106.25537109, 3145.28808594, 1611.20129395, 763.73223877, 1255.15783691, 1093.97387695, 556.254211426, 394.122589111, 403.985137939, 77.1498718262, 50.2045936584, 34.08934021, 18.5429096222, 9.00716209412, 4.29361915588, 3.15959477425, 2.93878674507, 1.05899810791, 0.214438840747, 0.168171644211, 0.0269150342792, 0.00211745593697],
        "mean": [0.0501147583127, 0.493590354919, 1.37059164047, 3.4770758152, 6.05534982681, 5.48163986206, 13.8181304932, 8.05704116821, 7.5314412117, 9.03788661957, 13.4928331375, 10.5806465149, 9.21167755127, 19.0009250641, 25.5603256226, 38.8486938477, 17.4088420868, 22.3802127838, 32.8938407898, 65.9622497559, 35.4662055969, 19.2668952942, 22.1337394714, 22.5874786377, 11.2006568909, 8.51058101654, 4.75849437714, 2.24234342575, 1.09348511696, 0.521877229214, 0.316324740648, 0.144427284598, 0.0580563172698, 0.0236336905509, 0.0131360311061, 0.00479244673625, 0.00155234371778, 0.000625757616945, 0.000132167653646, 3.12038100674e-05],
        "median": [0.0290585327893, 0.269397169352, 0.713525056839, 1.55510950089, 3.15265965462, 3.18816566467, 4.21406555176, 4.20791816711, 3.82317256927, 4.52020072937, 5.07461452484, 4.29016065598, 4.31489467621, 6.56747961044, 7.74250793457, 5.73842096329, 5.14215898514, 6.27849721909, 8.16642570496, 9.51676750183, 7.06381940842, 4.42398929596, 4.33191585541, 3.16677999496, 1.81817221642, 1.2940582037, 0.673556268215, 0.352334231138, 0.158647164702, 0.071082919836, 0.0345225669444, 0.0150438640267, 0.00703136296943, 0.00309987156652, 0.00161999056581, 0.000865778827574, 0.00039856712101, 0.000147212704178, 4.51255909866e-05, 1.87991154235e-05],
        "min": [0.000102398335002, 0.00174222572241, 0.00859972368926, 0.00418031169102, 0.0116762146354, 0.0398874767125, 0.0824021026492, 0.0101413317025, 0.0100970333442, 0.0361493863165, 0.0430025681853, 0.0575964301825, 0.0652472674847, 0.250458091497, 0.0480182245374, 0.0893132835627, 0.105064898729, 0.0529038645327, 0.0510360784829, 0.125431552529, 0.100307375193, 0.0204750988632, 0.0274954922497, 0.0243017207831, 0.0166707430035, 0.017525807023, 0.0191182270646, 0.0140826990828, 0.00635723909363, 0.00632442953065, 0.00298794941045, 0.00172386306804, 0.000713718589395, 0.000473916210467, 0.000300851563225, 0.000136928545544, 6.20213177172e-05, 2.07643824979e-05, 6.84303859089e-06, 2.35709035223e-06],
        "var": [0.0033399828244, 0.392648845911, 3.0655066967, 27.3251876831, 74.8582458496, 41.1058540344, 1197.06323242, 102.564842224, 123.320533752, 259.289398193, 1644.18225098, 1326.04492188, 366.177947998, 2421.93603516, 3683.93139648, 37587.8085938, 1790.33166504, 2722.37744141, 7668.46191406, 57323.7460938, 12347.9912109, 2725.08081055, 6224.14794922, 6323.82373047, 1658.62426758, 789.866088867, 418.001434326, 52.3107299805, 13.5241289139, 4.53940916061, 1.68569099903, 0.390546739101, 0.0703342929482, 0.0215074457228, 0.0148666426539, 0.00191317743156, 0.000127638166305, 4.75861779705e-05, 1.27020587115e-06, 8.71477556785e-09]
    },
    "gfcc": {
        "mean": [-59.3083724976, 140.606323242, -135.479400635, 26.2261638641, -29.3574810028, -6.32869386673, -23.9663276672, -3.880838871, -16.3368034363, -3.25491309166, -12.5652666092, -2.59523653984, -6.02456188202],
        "cov": [[2349.41186523, -576.177246094, -1013.42926025, 296.065826416, -227.362457275, 124.343032837, -39.0487976074, 2.54941797256, 28.6139564514, 4.1123752594, 53.7010803223, -28.5775909424, 46.0693778992], [-576.177246094, 843.485107422, 476.972564697, -155.681762695, 66.7634811401, -142.782806396, 76.2020492554, -17.3308582306, -6.32072496414, -40.5354614258, -33.0363502502, -16.1632537842, -44.8771591187], [-1013.42926025, 476.972564697, 1202.30322266, -215.758285522, 83.0783081055, -91.2925643921, -48.6270294189, 30.1960868835, -46.0521430969, 5.12631320953, -77.0245132446, 29.5232887268, -32.9658470154], [296.065826416, -155.681762695, -215.758285522, 277.269012451, 18.9346351624, 37.0046157837, -6.22465276718, -17.7682971954, 13.6525201797, -3.72750067711, 4.58954524994, -29.2371101379, -6.57486343384], [-227.362457275, 66.7634811401, 83.0783081055, 18.9346351624, 136.797332764, 18.6008110046, 29.5305309296, 16.0968284607, 1.96195685863, -5.41802501678, -14.0073814392, 5.95322275162, -6.51313400269], [124.343032837, -142.782806396, -91.2925643921, 37.0046157837, 18.6008110046, 119.143089294, 19.648639679, 10.261592865, 7.37775707245, 4.32771682739, 15.7872133255, 2.42090749741, -0.579798936844], [-39.0487976074, 76.2020492554, -48.6270294189, -6.22465276718, 29.5305309296, 19.648639679, 94.5288314819, 28.7423667908, 2.1734392643, -16.6839847565, 4.5929517746, 6.72976112366, -12.4504423141], [2.54941797256, -17.3308582306, 30.1960868835, -17.7682971954, 16.0968284607, 10.261592865, 28.7423667908, 75.9691848755, 24.0076885223, 1.64704358578, -12.4910469055, -1.47501146793, -3.58908772469], [28.6139564514, -6.32072496414, -46.0521430969, 13.6525201797, 1.96195685863, 7.37775707245, 2.1734392643, 24.0076885223, 55.402469635, 19.2356567383, -1.69084024429, -11.299120903, 6.38374614716], [4.1123752594, -40.5354614258, 5.12631320953, -3.72750067711, -5.41802501678, 4.32771682739, -16.6839847565, 1.64704358578, 19.2356567383, 56.9972953796, 13.1869153976, -10.5684156418, 5.40121221542], [53.7010803223, -33.0363502502, -77.0245132446, 4.58954524994, -14.0073814392, 15.7872133255, 4.5929517746, -12.4910469055, -1.69084024429, 13.1869153976, 69.323135376, 28.4240856171, -3.05800008774], [-28.5775909424, -16.1632537842, 29.5232887268, -29.2371101379, 5.95322275162, 2.42090749741, 6.72976112366, -1.47501146793, -11.299120903, -10.5684156418, 28.4240856171, 61.8340835571, 11.2194223404], [46.0693778992, -44.8771591187, -32.9658470154, -6.57486343384, -6.51313400269, -0.579798936844, -12.4504423141, -3.58908772469, 6.38374614716, 5.40121221542, -3.05800008774, 11.2194223404, 61.0305290222]],
        "icov": [[0.00100311078131, -0.00046243306133, 0.000886599067599, -0.000869518087711, 0.00161412009038, -0.00110968656372, 0.00127165624872, -0.00163294631056, 0.00119614205323, -0.000628657580819, 0.000790156598669, -0.00099054723978, -0.000234703009482], [-0.00046243306133, 0.00391423562542, -0.00196319888346, 0.00168618850876, -0.00195732270367, 0.00432820478454, -0.00535814696923, 0.00489334575832, -0.00435230042785, 0.00371965370141, -0.00274946191348, 0.00426199426875, 0.000580244348384], [0.000886599067599, -0.00196319888346, 0.00281943334267, -0.000475841225125, 0.000984865822829, -0.00199731439352, 0.00423497287557, -0.00384289771318, 0.00378986611031, -0.003025268903, 0.0034962745849, -0.0038266167976, 0.000832869729493], [-0.000869518087711, 0.00168618850876, -0.000475841225125, 0.00608727661893, -0.00332992966287, 0.00137768499553, -0.00144281075336, 0.00386919802986, -0.00329606002197, 0.00302700954489, -0.00202580238692, 0.00431276299059, 0.00106847914867], [0.00161412009038, -0.00195732270367, 0.000984865822829, -0.00332992966287, 0.0123325195163, -0.0044426782988, 0.000318389618769, -0.0039074588567, 0.00257633021101, -0.00294893304817, 0.00459782872349, -0.00505783734843, -0.000223703827942], [-0.00110968656372, 0.00432820478454, -0.00199731439352, 0.00137768499553, -0.0044426782988, 0.0150555633008, -0.0073528913781, 0.00456544198096, -0.00482233334333, 0.00324027822353, -0.00511729205027, 0.00488896202296, 0.000589714909438], [0.00127165624872, -0.00535814696923, 0.00423497287557, -0.00144281075336, 0.000318389618769, -0.0073528913781, 0.023165114224, -0.0130985369906, 0.00724804215133, -0.000855157268234, 0.00204957928509, -0.00616690376773, 0.00170571880881], [-0.00163294631056, 0.00489334575832, -0.00384289771318, 0.00386919802986, -0.0039074588567, 0.00456544198096, -0.0130985369906, 0.0269130468369, -0.0153847215697, 0.00452627101913, 0.000213932507904, 0.00391708547249, 0.00220812181942], [0.00119614205323, -0.00435230042785, 0.00378986611031, -0.00329606002197, 0.00257633021101, -0.00482233334333, 0.00724804215133, -0.0153847215697, 0.0321127399802, -0.012491219677, 0.00390112190507, -0.00265131983906, -0.00317885377444], [-0.000628657580819, 0.00371965370141, -0.003025268903, 0.00302700954489, -0.00294893304817, 0.00324027822353, -0.000855157268234, 0.00452627101913, -0.012491219677, 0.0298410579562, -0.0133474394679, 0.0133680924773, -0.00275116181001], [0.000790156598669, -0.00274946191348, 0.0034962745849, -0.00202580238692, 0.00459782872349, -0.00511729205027, 0.00204957928509, 0.000213932507904, 0.00390112190507, -0.0133474394679, 0.0294401720166, -0.0195903200656, 0.00577452266589], [-0.00099054723978, 0.00426199426875, -0.0038266167976, 0.00431276299059, -0.00505783734843, 0.00488896202296, -0.00616690376773, 0.00391708547249, -0.00265131983906, 0.0133680924773, -0.0195903200656, 0.0338961705565, -0.00736029352993], [-0.000234703009482, 0.000580244348384, 0.000832869729493, 0.00106847914867, -0.000223703827942, 0.000589714909438, 0.00170571880881, 0.00220812181942, -0.00317885377444, -0.00275116181001, 0.00577452266589, -0.00736029352993, 0.0202320069075]]
    },
    "melbands": {
        "dmean": [0.000451455125585, 0.000632242474239, 0.000515588617418, 0.000288530369289, 0.000324475084199, 0.000159222327056, 9.30764945224e-05, 9.22486360651e-05, 0.000106375169707, 6.31423099549e-05, 3.8500467781e-05, 6.05536115472e-05, 7.11600805516e-05, 7.67069868743e-05, 4.65407574666e-05, 3.60751291737e-05, 3.707894939e-05, 4.79541085951e-05, 7.80242044129e-05, 7.09090891178e-05, 4.02459154429e-05, 2.01176317205e-05, 2.03531835723e-05, 2.44355178438e-05, 1.6772743038e-05, 7.11127540853e-06, 9.45056490309e-06, 6.01514102527e-06, 4.31578200732e-06, 1.91802337213e-06, 1.38968107422e-06, 7.41079361433e-07, 4.28467757274e-07, 3.17293142871e-07, 2.51887996683e-07, 1.96795923557e-07, 9.241729515e-08, 5.80561057006e-08, 3.22159436905e-08, 2.35595649656e-08],
        "dmean2": [0.000773270672653, 0.00107115600258, 0.00082100945292, 0.000481966329971, 0.000532657897566, 0.00027294960455, 0.000162346783327, 0.000158657188877, 0.000181315015652, 0.000111252178613, 6.48113054922e-05, 9.92895293166e-05, 0.000120756747492, 0.000119770898891, 8.0576261098e-05, 6.10511924606e-05, 6.30138383713e-05, 8.22297151899e-05, 0.000132420143927, 0.000112226756755, 6.80932353134e-05, 3.49852707586e-05, 3.53379145963e-05, 4.29645006079e-05, 2.70479522442e-05, 1.1751517377e-05, 1.59231676662e-05, 1.02671001514e-05, 7.73781903263e-06, 3.42834346156e-06, 2.37874814957e-06, 1.28701492486e-06, 7.74405805259e-07, 5.53819347715e-07, 4.54973047681e-07, 3.56498873089e-07, 1.65900232219e-07, 1.05405710826e-07, 5.63077158233e-08, 4.2134967515e-08],
        "dvar": [3.44294249999e-07, 7.18759565643e-07, 5.01239298956e-07, 1.52011367049e-07, 4.48550451893e-07, 5.22729095565e-08, 2.44667841542e-08, 3.47481936558e-08, 1.2979697317e-07, 7.4999938704e-08, 9.81073089434e-09, 2.43551845358e-08, 3.01030880223e-08, 8.75496226627e-08, 1.84593513808e-08, 9.07801300798e-09, 7.53255147146e-09, 1.83559691891e-08, 9.09348969458e-08, 5.36325046596e-08, 2.75567373365e-08, 4.47999282116e-09, 5.34450483869e-09, 8.39111091722e-09, 3.87942433733e-09, 5.6606047627e-10, 1.58637114556e-09, 4.38604680353e-10, 5.29684907047e-10, 3.0805798884e-11, 2.39568642701e-11, 6.36614372329e-12, 3.47463724459e-12, 1.48366507881e-12, 8.64655515156e-13, 6.0149801806e-13, 1.304646495e-13, 5.93917547521e-14, 2.55762835092e-14, 2.39524180112e-14],
        "dvar2": [9.51746358169e-07, 1.832375915e-06, 1.11156214189e-06, 3.59908739256e-07, 9.29114776227e-07, 1.35532630452e-07, 6.83677328084e-08, 9.08643826847e-08, 3.4640615354e-07, 2.14931418441e-07, 2.55173677743e-08, 4.93593113049e-08, 7.87581555528e-08, 1.59011136702e-07, 4.71391636836e-08, 2.23625953311e-08, 1.76837602339e-08, 4.96498735458e-08, 2.46144196581e-07, 1.18719022169e-07, 7.45839159322e-08, 1.19064873516e-08, 1.47864636091e-08, 2.3492971124e-08, 8.94885054947e-09, 1.31316779672e-09, 4.12827949603e-09, 1.1427637725e-09, 1.54548129849e-09, 8.32928448435e-11, 6.00990160415e-11, 1.57554923969e-11, 9.25588425349e-12, 3.67318632108e-12, 2.44465277015e-12, 1.71020196702e-12, 3.63906523188e-13, 1.66617018576e-13, 6.96251392586e-14, 6.86307293548e-14],
        "max": [0.0042735459283, 0.00545577239245, 0.00540302274749, 0.00474159186706, 0.00978108774871, 0.00224236259237, 0.00162178545725, 0.00246063969098, 0.00626243418083, 0.0050699962303, 0.00189419684466, 0.00296374643221, 0.00228783814237, 0.00774374045432, 0.00184807926416, 0.00108350999653, 0.000864142901264, 0.0015244622482, 0.00420131999999, 0.00343903130852, 0.00217029731721, 0.00111306586768, 0.000931796792429, 0.0012378358515, 0.00095868203789, 0.000249687436735, 0.000592689379118, 0.000288048497168, 0.000366524443962, 4.39275645476e-05, 6.38518977212e-05, 2.57534102275e-05, 2.57828160102e-05, 2.01486327569e-05, 1.2023333511e-05, 8.66126174515e-06, 4.42992904937e-06, 3.62147397936e-06, 2.67965356215e-06, 2.76126274912e-06],
        "mean": [0.000526636780705, 0.000716945505701, 0.000676432217006, 0.000401299883379, 0.000429567502579, 0.000198089517653, 0.000110327739094, 0.000104825783637, 0.000108728447231, 6.06614303251e-05, 4.53215398011e-05, 7.54258362576e-05, 8.34993479657e-05, 0.000118336603919, 5.25953910255e-05, 3.62194587069e-05, 4.17769770138e-05, 4.75272536278e-05, 7.6939810242e-05, 8.00822963356e-05, 3.56759555871e-05, 2.02197279577e-05, 1.76539469976e-05, 2.17247579712e-05, 1.86407069123e-05, 6.91642708261e-06, 8.38922460389e-06, 5.060800504e-06, 3.61434990737e-06, 1.61664127063e-06, 1.15772559184e-06, 6.84670737883e-07, 3.5781886254e-07, 2.5634898293e-07, 1.85156252996e-07, 1.41061349268e-07, 6.76701787938e-08, 4.41113172656e-08, 2.50160603343e-08, 1.79257249044e-08],
        "median": [0.000325341592543, 0.00039753963938, 0.000354070129106, 0.000226303818636, 0.000153842076543, 0.000102873782453, 5.48126954527e-05, 5.27933516423e-05, 4.10380853282e-05, 2.52560930676e-05, 2.01175953407e-05, 2.49262138823e-05, 2.54126698565e-05, 1.61117277457e-05, 1.21848224808e-05, 9.15249620448e-06, 1.10405617306e-05, 1.11607905637e-05, 1.14877584565e-05, 1.22027477119e-05, 6.80294624544e-06, 4.36379923485e-06, 3.7553979837e-06, 3.73574812329e-06, 2.21304412662e-06, 1.16915850867e-06, 1.07006451344e-06, 6.92146898018e-07, 4.34539430216e-07, 2.47301755962e-07, 1.6226373134e-07, 8.86165807401e-08, 4.97809793387e-08, 3.12996348839e-08, 1.99469489814e-08, 1.21618350946e-08, 7.41438688223e-09, 5.07390662818e-09, 3.10005843218e-09, 2.34788588571e-09],
        "min": [2.2919082312e-06, 3.98010251956e-06, 1.04404091417e-06, 1.59868113769e-06, 4.01192573918e-06, 2.27874892289e-07, 1.65143461572e-07, 4.49217054665e-07, 2.94904538123e-07, 4.00556473323e-07, 3.23079859754e-07, 8.68375650498e-07, 9.15897615528e-08, 1.4976049556e-07, 1.17421549817e-07, 7.85225182653e-08, 1.05266401818e-07, 4.70137031527e-08, 1.02731512186e-07, 3.41337454302e-07, 6.39156709781e-08, 1.83250392638e-08, 2.15468389797e-08, 2.61727919337e-08, 1.97023943826e-08, 6.74078926011e-09, 1.42919018842e-08, 1.07894608803e-08, 8.6408640243e-09, 9.69998392719e-09, 6.63619514896e-09, 2.28477392561e-09, 3.0156037667e-09, 2.80365286542e-09, 1.36535571738e-09, 1.05649311521e-09, 8.28197233016e-10, 3.91897708729e-10, 5.13777465017e-10, 3.6270336734e-10],
        "var": [3.46449610333e-07, 7.62788658903e-07, 7.76933177349e-07, 2.78687650734e-07, 9.82930600912e-07, 6.86816790108e-08, 2.51931417949e-08, 3.67369352716e-08, 1.00120210789e-07, 4.60124915946e-08, 1.01771400196e-08, 4.08043732136e-08, 4.76364405699e-08, 3.59826572094e-07, 3.03895504317e-08, 8.95598883943e-09, 1.01629211713e-08, 1.57206816453e-08, 7.48143094143e-08, 7.60160503432e-08, 1.9969537135e-08, 4.21135570861e-09, 3.63961616401e-09, 5.94572524548e-09, 5.03170660693e-09, 5.54762458194e-10, 1.28271193667e-09, 3.44364731175e-10, 3.34804073354e-10, 2.4822827821e-11, 1.98999480089e-11, 5.74446826912e-12, 2.5585135139e-12, 1.2451552376e-12, 6.05593320716e-13, 4.02624141709e-13, 8.8663898814e-14, 4.06428532593e-14, 1.91432258229e-14, 1.5158987821e-14]
    },
    "mfcc": {
        "mean": [-701.327331543, 173.747665405, -35.5845527649, 37.5142364502, 4.96699094772, 9.29309844971, -0.868475437164, 2.38403987885, -0.0361180752516, 1.80121457577, -4.95518398285, -1.60829114914, -0.31945630908],
        "cov": [[3385.38378906, -1165.20996094, -956.165466309, -29.9406166077, -230.816513062, 83.6652069092, -94.720664978, -0.639339268208, -86.2292251587, 107.430397034, -54.9314155579, 36.8825187683, -23.0866260529], [-1165.20996094, 1103.00671387, 477.516357422, 22.5504608154, 15.0131616592, -98.5872116089, 27.9941558838, 6.81885910034, 45.3878479004, -72.0684127808, 42.0896720886, -23.983751297, -9.55870723724], [-956.165466309, 477.516357422, 695.498840332, 15.1369018555, 97.1350784302, -51.0786972046, 10.9198598862, -16.8864765167, 11.4102716446, -43.2609939575, 25.2933826447, -35.2035484314, -7.46158838272], [-29.9406166077, 22.5504608154, 15.1369018555, 169.875854492, 34.8930168152, 20.3315124512, -2.02290034294, 2.98766493797, -2.4049987793, 9.56926727295, -3.49395036697, -17.3457336426, -12.5308094025], [-230.816513062, 15.0131616592, 97.1350784302, 34.8930168152, 114.175582886, 27.8275699615, 6.80374908447, -1.10861504078, 13.6281757355, 5.24331045151, 4.38086128235, -4.66022825241, -7.41341209412], [83.6652069092, -98.5872116089, -51.0786972046, 20.3315124512, 27.8275699615, 86.1552505493, 18.1738128662, 4.94688844681, -10.4843292236, 4.89063644409, -9.91777610779, 12.2378177643, 11.302942276], [-94.720664978, 27.9941558838, 10.9198598862, -2.02290034294, 6.80374908447, 18.1738128662, 66.3253250122, 32.171043396, 0.399119138718, -8.72233581543, 5.44006347656, 3.69984579086, 22.0536975861], [-0.639339268208, 6.81885910034, -16.8864765167, 2.98766493797, -1.10861504078, 4.94688844681, 32.171043396, 94.6882019043, 13.4508867264, -19.0899085999, 18.2488555908, -7.25128364563, 19.5406131744], [-86.2292251587, 45.3878479004, 11.4102716446, -2.4049987793, 13.6281757355, -10.4843292236, 0.399119138718, 13.4508867264, 87.6912078857, 27.7079372406, -17.1343345642, 0.118258796632, -5.76679086685], [107.430397034, -72.0684127808, -43.2609939575, 9.56926727295, 5.24331045151, 4.89063644409, -8.72233581543, -19.0899085999, 27.7079372406, 90.6454925537, 0.564010381699, -2.52828669548, -16.6108894348], [-54.9314155579, 42.0896720886, 25.2933826447, -3.49395036697, 4.38086128235, -9.91777610779, 5.44006347656, 18.2488555908, -17.1343345642, 0.564010381699, 78.7203140259, 8.23685359955, -4.44641876221], [36.8825187683, -23.983751297, -35.2035484314, -17.3457336426, -4.66022825241, 12.2378177643, 3.69984579086, -7.25128364563, 0.118258796632, -2.52828669548, 8.23685359955, 62.8393058777, 15.8769626617], [-23.0866260529, -9.55870723724, -7.46158838272, -12.5308094025, -7.41341209412, 11.302942276, 22.0536975861, 19.5406131744, -5.76679086685, -16.6108894348, -4.44641876221, 15.8769626617, 63.3832168579]],
