{
"lowlevel": {
    "average_loudness": 0.988838970661,
    "barkbands_crest": {
        "dmean": 0.978486061096,
        "dmean2": 1.30565440655,
        "dvar": 0.895879149437,
        "dvar2": 1.73753905296,
        "max": 16.7738437653,
        "mean": 13.0122480392,
        "median": 13.620470047,
        "min": 8.2036113739,
        "var": 5.98940753937
    },
    "barkbands_flatness_db": {
        "dmean": 0.0192012097687,
        "dmean2": 0.0249794665724,
        "dvar": 0.000238669032115,
        "dvar2": 0.000367725617252,
        "max": 0.437904477119,
        "mean": 0.322951227427,
        "median": 0.320508897305,
        "min": 0.209901094437,
        "var": 0.00217261025682
    },
    "barkbands_kurtosis": {
        "dmean": 5.14418649673,
        "dmean2": 7.44492673874,
        "dvar": 33.0207672119,
        "dvar2": 79.0746765137,
        "max": 49.3488082886,
        "mean": 14.9057035446,
        "median": 12.7483310699,
        "min": 1.12821102142,
        "var": 122.646987915
    },
    "barkbands_skewness": {
        "dmean": 0.373403280973,
        "dmean2": 0.563673555851,
        "dvar": 0.129965543747,
        "dvar2": 0.278616696596,
        "max": 3.01223778725,
        "mean": 1.00292134285,
        "median": 1.01150345802,
        "min": -0.825306594372,
        "var": 0.404339283705
    },
    "barkbands_spread": {
        "dmean": 0.682241022587,
        "dmean2": 0.795464813709,
        "dvar": 0.416720986366,
        "dvar2": 0.653358519077,
        "max": 8.79897689819,
        "mean": 3.15998864174,
        "median": 2.45641374588,
        "min": 0.795126020908,
        "var": 3.3819539547
    },
    "dissonance": {
        "dmean": 0.0347949713469,
        "dmean2": 0.0597919151187,
        "dvar": 0.000891683681402,
        "dvar2": 0.00262194080278,
        "max": 0.416303783655,
        "mean": 0.304384320974,
        "median": 0.298513263464,
        "min": 0.22489002347,
        "var": 0.0016224324936
    },
    "dynamic_complexity": 0.701396405697,
    "erbbands_crest": {
        "dmean": 2.10718035698,
        "dmean2": 2.56363582611,
        "dvar": 4.40962028503,
        "dvar2": 7.39283847809,
        "max": 32.0776939392,
        "mean": 24.1743183136,
        "median": 26.1723442078,
        "min": 9.62972354889,
        "var": 37.9112167358
    },
    "erbbands_flatness_db": {
        "dmean": 0.0139468135312,
        "dmean2": 0.0173258930445,
        "dvar": 0.000137783325044,
        "dvar2": 0.000205815318623,
        "max": 0.391053467989,
        "mean": 0.307646006346,
        "median": 0.305788189173,
        "min": 0.158434838057,
        "var": 0.00103748030961
    },
    "erbbands_kurtosis": {
        "dmean": 9.53892230988,
        "dmean2": 14.2658634186,
        "dvar": 259.198791504,
        "dvar2": 616.115600586,
        "max": 141.878967285,
        "mean": 16.5604858398,
        "median": 6.1062040329,
        "min": -0.654068470001,
        "var": 773.363891602
    },
    "erbbands_skewness": {
        "dmean": 0.905171334743,
        "dmean2": 1.25095283985,
        "dvar": 0.926454007626,
        "dvar2": 2.12500429153,
        "max": 10.0985803604,
        "mean": 2.86102390289,
        "median": 2.31089830399,
        "min": 0.0271270722151,
        "var": 4.95393371582
    },
    "erbbands_spread": {
        "dmean": 1.94413602352,
        "dmean2": 2.49064540863,
        "dvar": 2.83218121529,
        "dvar2": 5.24448490143,
        "max": 23.8029556274,
        "mean": 9.29076480865,
        "median": 9.05630874634,
        "min": 1.15713429451,
        "var": 20.342086792
    },
    "hfc": {
        "dmean": 1.22609043121,
        "dmean2": 1.57644760609,
        "dvar": 1.44675791264,
        "dvar2": 1.97587144375,
        "max": 23.7723064423,
        "mean": 14.9332714081,
        "median": 15.4206085205,
        "min": 2.83453607559,
        "var": 16.831571579
    },
    "melbands_crest": {
        "dmean": 1.64835929871,
        "dmean2": 1.96433711052,
        "dvar": 4.00908708572,
        "dvar2": 6.86375045776,
        "max": 34.7419128418,
        "mean": 30.2654781342,
        "median": 31.8991012573,
        "min": 13.8822336197,
        "var": 16.7997398376
    },
    "melbands_flatness_db": {
        "dmean": 0.0191013589501,
        "dmean2": 0.024698799476,
        "dvar": 0.000222850125283,
        "dvar2": 0.000360713951522,
        "max": 0.53943914175,
        "mean": 0.421608388424,
        "median": 0.424623191357,
        "min": 0.288947731256,
        "var": 0.00264695193619
    },
    "melbands_kurtosis": {
        "dmean": 18.4537811279,
        "dmean2": 28.4725227356,
        "dvar": 748.484924316,
        "dvar2": 1880.59484863,
        "max": 197.584274292,
        "mean": 36.3162651062,
        "median": 23.1555500031,
        "min": 1.5963716507,
        "var": 1681.69299316
    },
    "melbands_skewness": {
        "dmean": 0.956236600876,
        "dmean2": 1.40497636795,
        "dvar": 0.944580674171,
        "dvar2": 2.20386791229,
        "max": 7.51220560074,
        "mean": 2.8562848568,
        "median": 2.56818914413,
        "min": -0.691922008991,
        "var": 2.22049808502
    },
    "melbands_spread": {
        "dmean": 0.957745730877,
        "dmean2": 1.13331830502,
        "dvar": 0.824812829494,
        "dvar2": 1.21523225307,
        "max": 11.2179946899,
        "mean": 3.29304862022,
        "median": 2.31320285797,
        "min": 0.328811913729,
        "var": 6.01263093948
    },
    "pitch_salience": {
        "dmean": 0.037977874279,
        "dmean2": 0.0447231940925,
        "dvar": 0.00125969422515,
        "dvar2": 0.0021078211721,
        "max": 0.718037247658,
        "mean": 0.343963563442,
        "median": 0.309284508228,
        "min": 0.156184509397,
        "var": 0.0182532984763
    },
    "silence_rate_20dB": {
        "dmean": 0,
        "dmean2": 0,
        "dvar": 0,
        "dvar2": 0,
        "max": 1,
        "mean": 1,
        "median": 1,
        "min": 1,
        "var": 0
    },
    "silence_rate_30dB": {
        "dmean": 0,
        "dmean2": 0,
        "dvar": 0,
        "dvar2": 0,
        "max": 1,
        "mean": 1,
        "median": 1,
        "min": 1,
        "var": 0
    },
    "silence_rate_60dB": {
        "dmean": 0,
        "dmean2": 0,
        "dvar": 0,
        "dvar2": 0,
        "max": 0,
        "mean": 0,
        "median": 0,
        "min": 0,
        "var": 0
    },
    "spectral_centroid": {
        "dmean": 20.8205184937,
        "dmean2": 25.6218585968,
        "dvar": 521.165039062,
        "dvar2": 815.502441406,
        "max": 598.003356934,
        "mean": 360.733459473,
        "median": 327.45880127,
        "min": 290.68258667,
        "var": 4963.31787109
    },
    "spectral_complexity": {
        "dmean": 0.844961225986,
        "dmean2": 1.40625,
        "dvar": 0.766660273075,
        "dvar2": 1.7255859375,
        "max": 11,
        "mean": 4.86923074722,
        "median": 5,
        "min": 1,
        "var": 2.26751589775
    },
    "spectral_decrease": {
        "dmean": 9.46511202748e-10,
        "dmean2": 1.05263475714e-09,
        "dvar": 8.44820445911e-19,
        "dvar2": 8.55630248951e-19,
        "max": -2.95565372177e-09,
        "mean": -1.17385718923e-08,
        "median": -1.23881580549e-08,
        "min": -1.5161184308e-08,
        "var": 7.7898162544e-18
    },
    "spectral_energy": {
        "dmean": 0.0036588315852,
        "dmean2": 0.00408869748935,
        "dvar": 1.26520708363e-05,
        "dvar2": 1.27919929582e-05,
        "max": 0.0587456449866,
        "mean": 0.0456585027277,
        "median": 0.0482690259814,
        "min": 0.0115021802485,
        "var": 0.000117092218716
    },
    "spectral_energyband_high": {
        "dmean": 2.83925282929e-06,
        "dmean2": 4.5875840442e-06,
        "dvar": 1.749202172e-11,
        "dvar2": 3.99157998321e-11,
        "max": 5.80026535317e-05,
        "mean": 1.0921458852e-05,
        "median": 8.11499739939e-06,
        "min": 3.02663897855e-06,
        "var": 6.8302877243e-11
    },
    "spectral_energyband_low": {
        "dmean": 0.000893356685992,
        "dmean2": 0.00135852501262,
        "dvar": 2.81286452264e-06,
        "dvar2": 6.39305153527e-06,
        "max": 0.0139577016234,
        "mean": 0.00152250449173,
        "median": 0.000951511785388,
        "min": 0.000406174454838,
        "var": 3.21697075378e-06
    },
    "spectral_energyband_middle_high": {
        "dmean": 0.000977887539193,
        "dmean2": 0.00130401575007,
        "dvar": 1.33871560593e-06,
        "dvar2": 1.88552371583e-06,
        "max": 0.0141678173095,
        "mean": 0.00264768092893,
        "median": 0.00118282227777,
        "min": 7.19464296708e-05,
        "var": 8.41151722852e-06
    },
    "spectral_energyband_middle_low": {
        "dmean": 0.00427080085501,
        "dmean2": 0.00451782532036,
        "dvar": 1.51437761815e-05,
        "dvar2": 1.56227197294e-05,
        "max": 0.0567993633449,
        "mean": 0.0402518436313,
        "median": 0.0416466258466,
        "min": 0.00514120981097,
        "var": 0.000140840755193
    },
    "spectral_entropy": {
        "dmean": 0.243138611317,
        "dmean2": 0.301100254059,
        "dvar": 0.0420415326953,
        "dvar2": 0.0597047396004,
        "max": 7.05651807785,
        "mean": 5.23204231262,
        "median": 5.2174911499,
        "min": 3.8659081459,
        "var": 0.360305726528
    },
    "spectral_flux": {
        "dmean": 0.0116680525243,
        "dmean2": 0.0180955640972,
        "dvar": 0.000185966884601,
        "dvar2": 0.000321750179864,
        "max": 0.12518209219,
        "mean": 0.0319256782532,
        "median": 0.0269555561244,
        "min": 0.00678150728345,
        "var": 0.000356409669621
    },
    "spectral_kurtosis": {
        "dmean": 7.46977090836,
        "dmean2": 13.6612234116,
        "dvar": 25.7176017761,
        "dvar2": 83.4567565918,
        "max": 39.1554450989,
        "mean": 24.0048370361,
        "median": 23.7070999146,
        "min": 7.6512556076,
        "var": 55.6172637939
    },
    "spectral_rms": {
        "dmean": 0.000284228503006,
        "dmean2": 0.000312807154842,
        "dvar": 8.80915891344e-08,
        "dvar2": 9.17384355148e-08,
        "max": 0.007570523303,
        "mean": 0.00661189015955,
        "median": 0.00686234142631,
        "min": 0.0033498716075,
        "var": 8.27822077554e-07
    },
    "spectral_rolloff": {
        "dmean": 42.0648612976,
        "dmean2": 70.8240509033,
        "dvar": 13966.875,
        "dvar2": 24865.8691406,
        "max": 882.861328125,
        "mean": 407.474517822,
        "median": 301.46484375,
        "min": 301.46484375,
        "var": 37148.6054688
    },
    "spectral_skewness": {
        "dmean": 0.586594998837,
        "dmean2": 1.06385159492,
        "dvar": 0.171900883317,
        "dvar2": 0.539716422558,
        "max": 5.30687141418,
        "mean": 3.81057071686,
        "median": 3.81128263474,
        "min": 2.10224270821,
        "var": 0.473872959614
    },
    "spectral_spread": {
        "dmean": 406127.5625,
        "dmean2": 675909.875,
        "dvar": 883922173952,
        "dvar2": 940506611712,
        "max": 13500761,
        "mean": 2829049,
        "median": 2757982,
        "min": 2011603,
        "var": 953208209408
    },
    "spectral_strongpeak": {
        "dmean": 0.184505850077,
        "dmean2": 0.210093438625,
        "dvar": 0.0692650005221,
        "dvar2": 0.155843853951,
        "max": 3.38987183571,
        "mean": 2.23466515541,
        "median": 2.32769346237,
        "min": 0,
        "var": 0.233712688088
    },
    "zerocrossingrate": {
        "dmean": 0.00125287671108,
        "dmean2": 0.00154113769531,
        "dvar": 3.79933908334e-06,
        "dvar2": 3.93926165998e-06,
        "max": 0.03564453125,
        "mean": 0.0146597055718,
        "median": 0.01318359375,
        "min": 0.00634765625,
        "var": 1.65993078554e-05
    },
    "barkbands": {
        "dmean": [0.000211761624087, 0.000758598383982, 0.000106151899672, 2.04052303161e-05, 0.00298076774925, 0.00175032776315, 6.11063387623e-06, 0.00057420716621, 1.53540077008e-05, 0.000937387754675, 9.26009852265e-06, 8.0539190094e-05, 3.92037436541e-05, 3.00963456539e-05, 6.78694414091e-06, 8.37178413349e-06, 3.59903824574e-05, 7.43671716918e-06, 9.52371101448e-06, 2.13379030356e-06, 8.86854707005e-07, 8.46414252464e-07, 3.38310201187e-07, 1.6935523206e-07, 1.88013743241e-07, 1.83606161386e-07, 2.34346757111e-07],
        "dmean2": [0.000288286828436, 0.00114889920224, 0.000180506845936, 3.06788497255e-05, 0.00303198234178, 0.00193185394164, 8.38268533698e-06, 0.000622539431788, 2.15652435145e-05, 0.00126112322323, 1.39916037369e-05, 0.000122324709082, 6.16883844486e-05, 5.19594432262e-05, 9.92220066109e-06, 1.3267610484e-05, 6.12610165263e-05, 1.2603896721e-05, 1.5660729332e-05, 3.50094023815e-06, 1.4165950688e-06, 1.43422334986e-06, 5.60104183478e-07, 2.73996590749e-07, 3.02176204059e-07, 2.83334259166e-07, 3.48665878391e-07],
        "dvar": [4.34695657248e-08, 2.11088831747e-06, 7.30029370288e-08, 3.12444647932e-09, 5.78573644816e-06, 2.34432945945e-06, 7.49164008607e-10, 1.96540577235e-06, 1.39639755314e-09, 1.26160045966e-06, 5.20335274867e-10, 1.85608719505e-08, 2.2235615571e-09, 3.37134387074e-09, 1.07218935119e-10, 1.10903043693e-10, 4.08318134859e-09, 1.91631377433e-10, 1.35336339357e-10, 8.56676188321e-12, 2.52155523024e-12, 1.78869343382e-12, 1.16266398635e-13, 4.37525348254e-14, 4.67579229187e-14, 3.31825563663e-14, 3.607709834e-14],
        "dvar2": [7.11416276999e-08, 4.92286653753e-06, 1.77528590939e-07, 4.51315207428e-09, 6.52257403999e-06, 2.98828467749e-06, 8.00720711958e-10, 2.90460570795e-06, 1.93081239885e-09, 1.74765034444e-06, 6.51977249966e-10, 4.4348134054e-08, 4.15776169049e-09, 8.56663007198e-09, 2.41441922011e-10, 2.98153113309e-10, 1.3332251747e-08, 4.42597430927e-10, 3.50366652357e-10, 2.30038869897e-11, 6.79964331368e-12, 4.06066760078e-12, 2.63832223213e-13, 9.29307967927e-14, 8.92148835818e-14, 7.21950575494e-14, 6.70073940995e-14],
        "max": [0.0029225172475, 0.011827015318, 0.00192979420535, 0.000542556575965, 0.0360110327601, 0.023168887943, 0.000296801241348, 0.019199507311, 0.000356407923391, 0.0135129531845, 0.000246244657319, 0.0015080353478, 0.000410052773077, 0.000530816731043, 0.000112995890959, 0.000102252037323, 0.00047323256149, 0.000140049145557, 7.64663491282e-05, 3.00025039905e-05, 1.8520073354e-05, 1.47677910718e-05, 4.31406033385e-06, 2.26907445722e-06, 2.49448999057e-06, 1.97835151994e-06, 3.16290606861e-06],
        "mean": [0.00164261076134, 0.00100112322252, 0.000104962251498, 2.23893821385e-05, 0.0218735337257, 0.0166172850877, 6.92705270922e-06, 0.00170536444057, 2.50878201769e-05, 0.00227962690406, 1.17323452287e-05, 0.000144025892951, 5.19873792655e-05, 3.17462290695e-05, 1.17498275358e-05, 1.64391822182e-05, 6.37737539364e-05, 1.80134557013e-05, 1.62622636708e-05, 4.77052162751e-06, 2.13381599679e-06, 2.11751762436e-06, 9.75049488261e-07, 6.12810424627e-07, 7.87465125995e-07, 9.08136314592e-07, 1.56468399837e-06],
        "median": [0.0015491140075, 0.000469757418614, 2.06721033464e-05, 5.79628613195e-06, 0.0223913341761, 0.0176114849746, 1.64294488059e-06, 0.000462295487523, 7.56799181545e-06, 0.000896508689038, 4.96603752254e-06, 8.21792200441e-05, 2.78363859252e-05, 1.43698689499e-05, 6.95900189385e-06, 1.14542635856e-05, 2.18651712203e-05, 4.15997283199e-06, 1.32354580273e-05, 2.93704579235e-06, 1.17498575491e-06, 1.26808004097e-06, 7.33576712264e-07, 5.26530470779e-07, 6.73969907439e-07, 8.3734164491e-07, 1.49816378325e-06],
        "min": [0.000335889984854, 4.39692885266e-05, 3.41864250686e-07, 8.73249774713e-08, 0.00243056705222, 0.00176975177601, 1.98600545787e-07, 7.62019863032e-06, 3.34821805836e-07, 1.55173111125e-05, 9.92277904288e-08, 2.90464731734e-06, 1.23619952319e-06, 7.04136482454e-07, 9.78280354502e-07, 1.91433741747e-06, 2.86993395093e-06, 3.30224736445e-07, 1.21712696455e-06, 7.26928135464e-07, 4.46909439233e-07, 4.62809907731e-07, 1.91768791069e-07, 1.48700806335e-07, 1.59445434633e-07, 1.83033378676e-07, 3.30002563942e-07],
        "var": [2.97922298387e-07, 2.4584910534e-06, 7.0519966755e-08, 3.51446827196e-09, 6.8997265771e-05, 2.21581849473e-05, 7.86234688466e-10, 8.1456882981e-06, 2.87220691675e-09, 7.2861339504e-06, 5.95853533181e-10, 4.00545090429e-08, 4.14173140229e-09, 3.21242921153e-09, 2.22063062383e-10, 2.26036842021e-10, 8.51416537273e-09, 9.49216039103e-10, 1.9011714425e-10, 2.22216446633e-11, 6.90335332301e-12, 4.86139774269e-12, 6.11956828527e-13, 9.17193702715e-14, 1.77375692259e-13, 1.40802286822e-13, 3.1377686365e-13]
    },
    "erbbands": {
        "dmean": [0.0246489308774, 0.162293374538, 0.141075834632, 0.0974430367351, 0.132163524628, 6.03027391434, 36.9829444885, 3.52902531624, 0.191538289189, 0.991921365261, 15.6644468307, 1.57306063175, 5.99498462677, 33.2038154602, 1.52623069286, 4.16446685791, 0.94591909647, 2.50856232643, 0.425395637751, 0.30256664753, 0.416723102331, 2.15596246719, 0.601594269276, 0.72719424963, 0.112935103476, 0.0892552211881, 0.0563793890178, 0.0273199025542, 0.0328386835754, 0.016488969326, 0.01061984431, 0.00475550536066, 0.00349632115103, 0.00272904941812, 0.00121231516823, 0.00081264419714, 0.000351438415237, 0.000154799054144, 3.20164217555e-05, 6.46440548735e-06],
        "dmean2": [0.0400498099625, 0.238539963961, 0.222876906395, 0.157558366656, 0.161896899343, 6.363697052, 37.634765625, 4.03305578232, 0.223543345928, 1.07460916042, 16.9980716705, 1.65950167179, 7.85888004303, 45.1939201355, 2.10108947754, 6.31252002716, 1.48752009869, 4.09459447861, 0.627644658089, 0.479495853186, 0.654037237167, 3.74194598198, 0.942656219006, 1.20973300934, 0.18322339654, 0.148680865765, 0.0945493876934, 0.0461138412356, 0.0549244508147, 0.0276580452919, 0.0180272273719, 0.00786967109889, 0.00584215344861, 0.00446653738618, 0.00190648529679, 0.00126848451328, 0.000554936006665, 0.000255960330833, 4.70638151455e-05, 8.89572856977e-06],
        "dvar": [0.0022355937399, 0.0980147197843, 0.0995036587119, 0.0846273303032, 0.0498202517629, 24.0355510712, 1147.7800293, 9.62757587433, 0.190795779228, 5.45410442352, 1467.42285156, 12.7177038193, 43.0965003967, 1698.74865723, 3.49421286583, 49.7600898743, 1.67594230175, 17.573972702, 0.487086325884, 0.0731164887547, 0.436630249023, 17.8531894684, 0.893597006798, 0.704917669296, 0.0135711934417, 0.0172403939068, 0.00935173407197, 0.00177248218097, 0.00247500347905, 0.000480459391838, 0.000124782978673, 2.19441317313e-05, 1.99502846954e-05, 1.00465085779e-05, 1.83137251497e-06, 5.86965143157e-07, 1.16853300369e-07, 2.24271090588e-08, 8.43701108977e-10, 3.2368746572e-11],
        "dvar2": [0.00567439803854, 0.220845967531, 0.205419003963, 0.198011130095, 0.0598894916475, 31.1958274841, 1153.04272461, 12.3164300919, 0.205375373363, 8.93097496033, 2151.09838867, 18.684381485, 61.2300033569, 2347.29052734, 5.36578321457, 119.249298096, 2.81280303001, 41.2151985168, 1.13247871399, 0.197144582868, 1.12105250359, 59.2383232117, 2.08012366295, 1.85058736801, 0.0329729318619, 0.0468555092812, 0.025765331462, 0.00415071519092, 0.0060861390084, 0.000975360104349, 0.000288917508442, 5.03813753312e-05, 4.39345676568e-05, 2.04680472962e-05, 4.31453736383e-06, 1.28607189254e-06, 2.57582428276e-07, 4.50740422764e-08, 1.64366653621e-09, 4.59286532417e-11],
        "max": [0.382516443729, 2.50529813766, 2.57720589638, 2.16744637489, 2.65003156662, 72.7485275269, 498.750549316, 49.1391448975, 6.10823726654, 34.0279273987, 522.921630859, 52.9896354675, 83.6785354614, 480.822143555, 22.3374824524, 78.5791244507, 14.4261102676, 40.3332672119, 7.72257995605, 2.80466842651, 7.01480293274, 31.2113895416, 10.0126934052, 5.51245546341, 1.14991831779, 1.34799897671, 1.12490367889, 0.430993884802, 0.537333190441, 0.254575252533, 0.130772560835, 0.0526099912822, 0.0485956855118, 0.0330038778484, 0.0169833693653, 0.00777945900336, 0.00362213631161, 0.00189714645967, 0.000459430681076, 0.000102423138742],
        "mean": [0.0350079126656, 0.212534114718, 0.168303355575, 0.124718502164, 0.742973029613, 43.061882019, 341.327575684, 35.3166007996, 1.4504802227, 3.27846813202, 46.4402389526, 4.88400268555, 15.7602844238, 78.3352966309, 3.93827080727, 7.51657867432, 1.94652736187, 3.09343671799, 0.743122398853, 0.677750945091, 0.972984790802, 3.74345850945, 1.66654193401, 1.20562946796, 0.283673495054, 0.196762368083, 0.125315129757, 0.0715989693999, 0.0820179730654, 0.041706521064, 0.0277417693287, 0.0152395945042, 0.0113975610584, 0.00946149416268, 0.00505040585995, 0.0033049355261, 0.00168960064184, 0.00081566121662, 0.000218248562305, 7.38671224099e-05],
        "median": [0.0214432738721, 0.0901406481862, 0.0426621437073, 0.0508381612599, 0.776027202606, 44.1636962891, 357.956787109, 37.3981437683, 1.48426580429, 1.03116846085, 12.6376609802, 1.56313169003, 6.45216178894, 29.8952255249, 1.93081665039, 4.25993871689, 1.27697873116, 1.38989591599, 0.492814451456, 0.552946329117, 0.428308308125, 1.16831731796, 0.602205395699, 0.972509086132, 0.220063284039, 0.109824582934, 0.0725439190865, 0.0423154309392, 0.0468021668494, 0.0275513920933, 0.0200660116971, 0.0126420706511, 0.00982683897018, 0.00793422479182, 0.00443529849872, 0.00302800396457, 0.00153680180665, 0.000745328841731, 0.000218176312046, 7.81878479756e-05],
        "min": [0.00408514635637, 0.00953350402415, 0.00436870707199, 0.0158040206879, 0.238769829273, 8.08209705353, 25.5606861115, 7.77092552185, 0.375009208918, 0.166989594698, 0.216857463121, 0.046415887773, 0.134007051587, 0.511554002762, 0.113805696368, 0.135992541909, 0.216450333595, 0.30547913909, 0.0617126151919, 0.0774618387222, 0.0802456587553, 0.133144512773, 0.0628808811307, 0.0897204130888, 0.0373298600316, 0.0349481999874, 0.0170611608773, 0.020519670099, 0.0154489343986, 0.0104092732072, 0.00589750986546, 0.00309906667098, 0.00247544213198, 0.00180342362728, 0.00114530627616, 0.000562794914003, 0.000399191922043, 0.000184279022506, 4.70527629659e-05, 1.90246046259e-05],
        "var": [0.00216814712621, 0.120889678597, 0.124501921237, 0.0741324499249, 0.0925113484263, 270.257293701, 11584.6982422, 94.414932251, 0.299760013819, 26.6607151031, 6046.28564453, 60.1687316895, 320.06463623, 8879.85253906, 18.7664661407, 108.483566284, 4.37815666199, 20.9193191528, 0.919812858105, 0.220016136765, 1.62948870659, 33.5311317444, 5.50156736374, 0.99238294363, 0.0440526120365, 0.0446946062148, 0.0229519624263, 0.00528410961851, 0.00753452070057, 0.00144263391849, 0.000510047073476, 7.64927681303e-05, 3.830426067e-05, 3.28352289216e-05, 5.41825784239e-06, 2.05333253689e-06, 4.91063076424e-07, 1.10326929814e-07, 5.45229550397e-09, 2.81047074502e-10]
    },
    "gfcc": {
        "mean": [-88.680229187, 135.806610107, -87.9316864014, -13.7197847366, -49.3142585754, -21.1963424683, -33.6971282959, -6.61203145981, -29.523771286, -12.145898819, 0.730879485607, 26.2057170868, 15.9050893784],
        "cov": [[698.680786133, -105.121925354, -483.520599365, -234.789001465, -208.918746948, -36.12890625, 116.351646423, 208.889419556, 111.379119873, -45.4039764404, -100.191673279, 4.86431884766, -21.5079574585], [-105.121925354, 144.474975586, 103.457206726, 43.6819877625, 78.1190109253, 79.110168457, 43.5679969788, -4.30758666992, 0.696385324001, 9.9009809494, -0.0152507452294, -32.0643424988, -25.2223052979], [-483.520599365, 103.457206726, 427.668731689, 217.742126465, 175.604949951, 38.6339378357, -76.9105529785, -135.258850098, -75.7853393555, 34.2702445984, 76.0252380371, -4.4259262085, 10.4296941757], [-234.789001465, 43.6819877625, 217.742126465, 179.403503418, 127.249984741, 41.0435180664, -30.8219566345, -67.4246444702, -36.9823493958, 21.1459331512, 44.2396278381, 5.18391418457, 3.69101452827], [-208.918746948, 78.1190109253, 175.604949951, 127.249984741, 143.120437622, 82.1791000366, -9.80922603607, -68.6677322388, -42.1161766052, 20.9608459473, 38.7358322144, 3.55280542374, 0.622984290123], [-36.12890625, 79.110168457, 38.6339378357, 41.0435180664, 82.1791000366, 117.50402832, 48.5125617981, -22.6832141876, -13.1345205307, 12.1333084106, 3.80566763878, -6.69020843506, -9.84617137909], [116.351646423, 43.5679969788, -76.9105529785, -30.8219566345, -9.80922603607, 48.5125617981, 74.8312530518, 56.8090019226, 18.8226909637, -15.5904188156, -27.77384758, -5.63101196289, -6.23521661758], [208.889419556, -4.30758666992, -135.258850098, -67.4246444702, -68.6677322388, -22.6832141876, 56.8090019226, 112.404693604, 48.6309280396, -33.0986404419, -46.2506752014, -1.98330235481, -4.90328121185], [111.379119873, 0.696385324001, -75.7853393555, -36.9823493958, -42.1161766052, -13.1345205307, 18.8226909637, 48.6309280396, 63.2952194214, 12.5017700195, -43.8457832336, -24.1300411224, -15.1063623428], [-45.4039764404, 9.9009809494, 34.2702445984, 21.1459331512, 20.9608459473, 12.1333084106, -15.5904188156, -33.0986404419, 12.5017700195, 44.7073020935, 3.4361884594, -23.3967285156, -17.2406616211], [-100.191673279, -0.0152507452294, 76.0252380371, 44.2396278381, 38.7358322144, 3.80566763878, -27.77384758, -46.2506752014, -43.8457832336, 3.4361884594, 55.6298904419, 16.0846920013, -2.60778045654], [4.86431884766, -32.0643424988, -4.4259262085, 5.18391418457, 3.55280542374, -6.69020843506, -5.63101196289, -1.98330235481, -24.1300411224, -23.3967285156, 16.0846920013, 38.8124389648, 27.9124126434], [-21.5079574585, -25.2223052979, 10.4296941757, 3.69101452827, 0.622984290123, -9.84617137909, -6.23521661758, -4.90328121185, -15.1063623428, -17.2406616211, -2.60778045654, 27.9124126434, 47.498840332]],
        "icov": [[0.0122990561649, 0.000827729469165, 0.0088288737461, -0.00286107277498, 0.0091711897403, -0.00960858445615, 0.00560573861003, -0.015767019242, 0.00165355857462, -0.00843566004187, 0.00119510106742, -0.00980153400451, 0.00457796733826], [0.000827729469165, 0.065751299262, -0.0249438099563, 0.0375641547143, -0.0561109557748, 0.0167065504938, -0.0678873807192, 0.0190957803279, -0.045190513134, 0.0433590784669, -0.0273155532777, 0.0514527857304, 0.00473633641377], [0.0088288737461, -0.0249438099563, 0.0269616115838, -0.0238235313445, 0.0225777886808, -0.0111731421202, 0.0337405465543, -0.0167273934931, 0.02093186602, -0.0178435016423, 0.00672182906419, -0.0118135875091, -0.00573466904461], [-0.00286107277498, 0.0375641547143, -0.0238235313445, 0.0475718565285, -0.0554708912969, 0.0228654351085, -0.0485168360174, 0.0178649816662, -0.0364010371268, 0.0262833666056, -0.0196668244898, 0.0235960446298, 0.00414593378082], [0.0091711897403, -0.0561109557748, 0.0225777886808, -0.0554708912969, 0.112604252994, -0.0639152005315, 0.089229285717, -0.0452091582119, 0.0568741485476, -0.0551673769951, 0.0272068250924, -0.0565208531916, -0.00119765812997], [-0.00960858445615, 0.0167065504938, -0.0111731421202, 0.0228654351085, -0.0639152005315, 0.0779635831714, -0.0874934643507, 0.05845143646, -0.0288493186235, 0.0235579255968, -0.00303552928381, 0.0109286205843, 0.00953207258135], [0.00560573861003, -0.0678873807192, 0.0337405465543, -0.0485168360174, 0.089229285717, -0.0874934643507, 0.172270551324, -0.0899944007397, 0.07809060812, -0.0568087920547, 0.0329676344991, -0.0380788445473, -0.0147295100614], [-0.015767019242, 0.0190957803279, -0.0167273934931, 0.0178649816662, -0.0452091582119, 0.05845143646, -0.0899944007397, 0.101226009429, -0.0620177537203, 0.0638255476952, -0.0104233324528, 0.0173211693764, 0.00932258460671], [0.00165355857462, -0.045190513134, 0.02093186602, -0.0364010371268, 0.0568741485476, -0.0288493186235, 0.07809060812, -0.0620177537203, 0.122439138591, -0.0806437432766, 0.0657079964876, -0.0372738540173, 0.00728749390692], [-0.00843566004187, 0.0433590784669, -0.0178435016423, 0.0262833666056, -0.0551673769951, 0.0235579255968, -0.0568087920547, 0.0638255476952, -0.0806437432766, 0.116931825876, -0.0438005849719, 0.0780225470662, -0.00564089789987], [0.00119510106742, -0.0273155532777, 0.00672182906419, -0.0196668244898, 0.0272068250924, -0.00303552928381, 0.0329676344991, -0.0104233324528, 0.0657079964876, -0.0438005849719, 0.0924397036433, -0.0706931352615, 0.0399710200727], [-0.00980153400451, 0.0514527857304, -0.0118135875091, 0.0235960446298, -0.0565208531916, 0.0109286205843, -0.0380788445473, 0.0173211693764, -0.0372738540173, 0.0780225470662, -0.0706931352615, 0.163960129023, -0.0603257603943], [0.00457796733826, 0.00473633641377, -0.00573466904461, 0.00414593378082, -0.00119765812997, 0.00953207258135, -0.0147295100614, 0.00932258460671, 0.00728749390692, -0.00564089789987, 0.0399710200727, -0.0603257603943, 0.065513394773]]
    },
    "melbands": {
        "dmean": [0.000228416814934, 0.000116475930554, 1.61184998433e-05, 7.6118769357e-05, 0.00113099417649, 0.00012193161092, 1.52288657773e-06, 2.56708080997e-05, 0.000115083443234, 2.62328353529e-06, 3.77505275537e-05, 0.000149826286361, 2.21407458412e-06, 8.35221817397e-06, 5.26714302396e-06, 4.98892268297e-06, 4.17482578996e-06, 6.25742643479e-07, 3.60310735914e-07, 6.1994120415e-07, 3.91540140754e-07, 2.78557422462e-06, 1.13906719434e-06, 3.21116317537e-07, 7.31476973215e-07, 8.87736888444e-08, 9.66957998116e-08, 5.25729149103e-08, 4.32325002464e-08, 2.11590478472e-08, 1.63860018887e-08, 2.0717376259e-08, 2.11957669194e-08, 5.48299494696e-09, 5.94375038077e-09, 6.65966570779e-09, 2.28710939076e-09, 2.48719089768e-09, 3.13457726442e-09, 2.23301666047e-09],
        "dmean2": [0.000357732380508, 0.000178226546268, 2.56356124737e-05, 9.26068823901e-05, 0.00114625529386, 0.00014333211584, 2.09033419196e-06, 2.69460979325e-05, 0.000125532198581, 3.38934137289e-06, 4.91756218253e-05, 0.00020300297183, 3.25226119458e-06, 1.30756143335e-05, 7.74647014623e-06, 7.77272816777e-06, 6.83921552991e-06, 9.75421130534e-07, 5.41721192349e-07, 9.951248785e-07, 6.285219456e-07, 4.85495638713e-06, 1.62321066455e-06, 5.39461950666e-07, 1.21362461414e-06, 1.46089391251e-07, 1.60584775699e-07, 8.85096369529e-08, 7.36158440873e-08, 3.43929968949e-08, 2.86105255043e-08, 3.44689006226e-08, 3.61299434815e-08, 8.68652616504e-09, 9.88240245192e-09, 1.16462706146e-08, 3.7961238597e-09, 4.26997681657e-09, 5.3817759138e-09, 3.52722206998e-09],
        "dvar": [1.78063785938e-07, 5.97074603093e-08, 2.08808392799e-09, 5.27460253252e-09, 1.0096503047e-06, 1.06316999648e-08, 4.89107782053e-11, 3.50017925754e-09, 8.01191291089e-08, 3.00804832432e-11, 1.64585700624e-09, 3.3798770005e-08, 1.21981496085e-11, 2.21988857851e-10, 7.02030100719e-11, 4.50200397795e-11, 5.0297321863e-11, 1.22574595873e-12, 2.20309718819e-13, 4.28258584194e-13, 5.15832873377e-13, 3.45168164884e-11, 2.33820471665e-12, 1.88698489885e-13, 7.24848187115e-13, 1.24265603301e-14, 1.6364549486e-14, 5.68556339229e-15, 3.49443400038e-15, 1.25925815406e-15, 6.67164230355e-16, 1.06999340655e-15, 1.10366995423e-15, 3.13225537792e-17, 3.73895232169e-17, 5.69390568744e-17, 8.05595334468e-18, 9.1226441036e-18, 1.63611990737e-17, 5.21717991101e-18],
        "dvar2": [4.29613351116e-07, 1.22802589431e-07, 4.65735539024e-09, 8.51084447362e-09, 1.01862372048e-06, 1.42210510035e-08, 5.23857866808e-11, 5.5366329299e-09, 1.18276076932e-07, 3.93185622949e-11, 2.38602537728e-09, 4.67968170881e-08, 1.66330421658e-11, 5.43630807037e-10, 1.58958901597e-10, 9.92013762802e-11, 1.17921186704e-10, 3.18434384763e-12, 4.46170200395e-13, 1.16631324824e-12, 1.00249138418e-12, 1.17140658284e-10, 5.76610113823e-12, 4.35941755784e-13, 1.88570751895e-12, 3.42569668379e-14, 4.41304267163e-14, 1.48533563107e-14, 9.47890515537e-15, 2.93224150439e-15, 1.66915740839e-15, 2.97274619641e-15, 2.26420313603e-15, 6.086144146e-17, 8.18498260146e-17, 1.60590366133e-16, 1.67281694806e-17, 1.93322994851e-17, 3.51469737105e-17, 1.2387235641e-17],
        "max": [0.00347450259142, 0.00189291429706, 0.000343599793268, 0.000701763259713, 0.0148920724168, 0.00161977682728, 7.46912264731e-05, 0.000845238449983, 0.00385653064586, 7.63666321291e-05, 0.000512205588166, 0.00216558831744, 3.28779460688e-05, 0.000160763098393, 9.85081860563e-05, 6.50093570584e-05, 6.78889700794e-05, 1.12487678052e-05, 5.00615806232e-06, 5.70841666558e-06, 7.66640914662e-06, 4.18648523919e-05, 1.67160724232e-05, 4.85154077978e-06, 5.56204122404e-06, 9.64495029621e-07, 1.13335272545e-06, 7.71169823111e-07, 6.80245648255e-07, 4.54019385643e-07, 2.51115721994e-07, 3.11765575134e-07, 3.44180108414e-07, 7.39152454798e-08, 6.93049457823e-08, 6.76763391994e-08, 2.49647289507e-08, 2.99267561843e-08, 3.95539352382e-08, 2.41987443417e-08],
        "mean": [0.000362178805517, 0.000156861176947, 1.77766978595e-05, 0.000335524702678, 0.0100451866165, 0.0011641321471, 1.72109366758e-06, 7.85413358244e-05, 0.000339146703482, 6.97661835147e-06, 9.79310643743e-05, 0.000356021395419, 3.76654065803e-06, 1.46154798131e-05, 9.84799589787e-06, 6.54539326206e-06, 5.05232492287e-06, 9.7819668099e-07, 7.49014759549e-07, 1.19464255022e-06, 8.37137747567e-07, 4.25066991738e-06, 2.56988937508e-06, 7.12571363692e-07, 1.11651388579e-06, 1.53384036139e-07, 1.87761543202e-07, 1.11694859584e-07, 8.63453664124e-08, 5.14951317143e-08, 3.75388751195e-08, 4.67299301476e-08, 4.21564401165e-08, 1.56160577802e-08, 1.51217101063e-08, 1.55135460034e-08, 7.13001968577e-09, 7.49052286864e-09, 9.05289443409e-09, 7.29079152606e-09],
        "median": [0.000223981420277, 5.8476383856e-05, 4.7157282097e-06, 0.000321787549183, 0.0105807939544, 0.00123398075812, 4.30205773227e-07, 2.19766043301e-05, 9.51599358814e-05, 2.11489054891e-06, 3.99211130571e-05, 0.000136753049446, 1.91437584363e-06, 8.45885824674e-06, 5.34611172043e-06, 3.32455419993e-06, 2.18671880248e-06, 6.05231662121e-07, 5.14142584507e-07, 9.16713474908e-07, 4.20191497597e-07, 1.15264731448e-06, 9.23200161651e-07, 3.52573806595e-07, 8.4992268512e-07, 1.02921347889e-07, 1.00834725458e-07, 6.47790159292e-08, 5.15465607975e-08, 2.65402952948e-08, 2.46283065053e-08, 2.45612028493e-08, 2.53488394719e-08, 1.14312488364e-08, 1.09252979996e-08, 1.15612319718e-08, 5.84818637961e-09, 6.61754562259e-09, 7.22480031357e-09, 6.11887340796e-09],
        "min": [7.69623147789e-05, 5.56356053494e-06, 1.49005131789e-07, 6.36274780845e-05, 0.000825797207654, 0.000207545541343, 5.12066549163e-08, 4.26111625984e-07, 1.53103462708e-06, 7.26474240764e-08, 7.70838028075e-07, 2.30828300118e-06, 5.42596296782e-08, 3.05646352672e-07, 1.76704347155e-07, 3.84554937227e-07, 4.70184346568e-07, 4.35413234356e-08, 7.70686057194e-08, 1.02542969671e-07, 3.45761215215e-08, 1.50507986518e-07, 6.59301875316e-08, 2.79646830137e-08, 7.72154322703e-08, 2.04295496076e-08, 1.51014987182e-08, 1.79067907169e-08, 9.53114742686e-09, 8.00478705543e-09, 1.09410844829e-08, 4.73674166557e-09, 7.51027595669e-09, 3.18079762529e-09, 3.52533735537e-09, 2.38037611844e-09, 1.67269142981e-09, 1.5908679929e-09, 1.78453596344e-09, 1.33907440691e-09],
        "var": [1.91163465502e-07, 7.76373809686e-08, 2.01373051567e-09, 2.97507654068e-08, 1.07059959191e-05, 1.036203372e-07, 5.03195159152e-11, 1.68349316709e-08, 3.23091938981e-07, 1.41559444722e-10, 1.26192514216e-08, 1.82019590511e-07, 2.84857536864e-11, 4.25094071055e-10, 1.82901430112e-10, 6.74828734559e-11, 5.91096130376e-11, 1.89150691637e-12, 5.67568507383e-13, 9.10879119527e-13, 1.38289033003e-12, 5.27709369258e-11, 1.16487097745e-11, 9.36012660609e-13, 1.02326599884e-12, 2.42368245699e-14, 3.96156665686e-14, 1.50369269851e-14, 9.58831978929e-15, 4.39328122357e-15, 1.34750490524e-15, 2.74409134636e-15, 2.31504925331e-15, 1.48909967079e-16, 1.54172873948e-16, 1.59739468598e-16, 1.50761177438e-17, 1.55185601098e-17, 3.76224109553e-17, 1.77863005745e-17]
    },
    "mfcc": {
        "mean": [-763.476013184, 182.608184814, 2.2019701004, 16.0827579498, 0.470256656408, -6.27469873428, 0.35042899847, 6.13551998138, -11.2600345612, -21.2731151581, -10.7492694855, -10.610244751, -10.2506904602],
        "cov": [[1083.45288086, -83.1719818115, -427.828430176, -265.253173828, -352.11328125, -280.040130615, -151.627120972, 135.976806641, 211.765670776, 88.3004989624, 123.329216003, 130.829437256, 19.6982803345], [-83.1719818115, 154.359069824, 57.3650932312, -1.1944694519, 38.7465629578, 70.5514984131, 45.4825363159, 12.8852853775, 16.6221370697, 26.5254573822, 18.755739212, -0.120701044798, 11.1934309006], [-427.828430176, 57.3650932312, 235.235610962, 140.512252808, 156.092193604, 120.45765686, 63.4187240601, -45.2031021118, -74.8467178345, -22.7536964417, -40.9584388733, -50.1730537415, -4.30476903915], [-265.253173828, -1.1944694519, 140.512252808, 146.190444946, 117.594070435, 63.5128250122, 35.2214012146, -24.1854419708, -43.319278717, -18.8971252441, -39.0388793945, -34.9810752869, 0.353647828102], [-352.11328125, 38.7465629578, 156.092193604, 117.594070435, 178.830688477, 146.415084839, 79.5250320435, -32.2965278625, -77.0826034546, -39.2512550354, -38.823387146, -47.1506729126, -6.59855890274], [-280.040130615, 70.5514984131, 120.45765686, 63.5128250122, 146.415084839, 205.955627441, 100.926521301, -40.6838378906, -61.7456130981, -29.3803825378, -24.9096984863, -32.6828765869, 16.3421649933], [-151.627120972, 45.4825363159, 63.4187240601, 35.2214012146, 79.5250320435, 100.926521301, 102.083717346, 14.4138031006, -46.9637184143, -32.4462127686, -23.299785614, -27.2189388275, -1.84713685513], [135.976806641, 12.8852853775, -45.2031021118, -24.1854419708, -32.2965278625, -40.6838378906, 14.4138031006, 77.8719940186, 37.0477256775, 1.98086476326, 0.775013267994, 2.95163726807, -0.934702336788], [211.765670776, 16.6221370697, -74.8467178345, -43.319278717, -77.0826034546, -61.7456130981, -46.9637184143, 37.0477256775, 105.492042542, 47.9368629456, 8.71330833435, 28.8989810944, 14.9231586456], [88.3004989624, 26.5254573822, -22.7536964417, -18.8971252441, -39.2512550354, -29.3803825378, -32.4462127686, 1.98086476326, 47.9368629456, 52.1552391052, 25.5482711792, 15.3688678741, 4.43505144119], [123.329216003, 18.755739212, -40.9584388733, -39.0388793945, -38.823387146, -24.9096984863, -23.299785614, 0.775013267994, 8.71330833435, 25.5482711792, 72.5483551025, 28.7577877045, -2.05291461945], [130.829437256, -0.120701044798, -50.1730537415, -34.9810752869, -47.1506729126, -32.6828765869, -27.2189388275, 2.95163726807, 28.8989810944, 15.3688678741, 28.7577877045, 51.2385597229, 17.6527385712], [19.6982803345, 11.1934309006, -4.30476903915, 0.353647828102, -6.59855890274, 16.3421649933, -1.84713685513, -0.934702336788, 14.9231586456, 4.43505144119, -2.05291461945, 17.6527385712, 33.7373428345]],
