{
"lowlevel": {
    "average_loudness": 0.987859249115,
    "barkbands_crest": {
        "dmean": 0.19703142345,
        "dmean2": 0.252938657999,
        "dvar": 0.0341786332428,
        "dvar2": 0.0523977093399,
        "max": 13.0297031403,
        "mean": 11.9658184052,
        "median": 12.0060920715,
        "min": 9.81732845306,
        "var": 0.262812256813
    },
    "barkbands_flatness_db": {
        "dmean": 0.0067201978527,
        "dmean2": 0.010252924636,
        "dvar": 9.42861952353e-05,
        "dvar2": 0.000113132220577,
        "max": 0.296863973141,
        "mean": 0.270726501942,
        "median": 0.275760650635,
        "min": 0.167027458549,
        "var": 0.000395404582378
    },
    "barkbands_kurtosis": {
        "dmean": 0.638838648796,
        "dmean2": 0.562052607536,
        "dvar": 0.250402092934,
        "dvar2": 0.176891133189,
        "max": 10.6208162308,
        "mean": 6.23901462555,
        "median": 6.03828477859,
        "min": 2.42214918137,
        "var": 3.40557360649
    },
    "barkbands_skewness": {
        "dmean": 0.0744544640183,
        "dmean2": 0.067921154201,
        "dvar": 0.00320530799218,
        "dvar2": 0.00268629845232,
        "max": 2.36507964134,
        "mean": 1.95228230953,
        "median": 1.9791533947,
        "min": 1.43584871292,
        "var": 0.0385333672166
    },
    "barkbands_spread": {
        "dmean": 0.461685329676,
        "dmean2": 0.455654472113,
        "dvar": 0.131808757782,
        "dvar2": 0.1035342291,
        "max": 14.1695051193,
        "mean": 9.26941871643,
        "median": 8.90751457214,
        "min": 6.27053165436,
        "var": 3.49660873413
    },
    "dissonance": {
        "dmean": 0.0222378578037,
        "dmean2": 0.0377383865416,
        "dvar": 0.000761147704907,
        "dvar2": 0.00155536772218,
        "max": 0.464385956526,
        "mean": 0.422301232815,
        "median": 0.428056806326,
        "min": 0.244991287589,
        "var": 0.000769074074924
    },
    "dynamic_complexity": 0.215407684445,
    "erbbands_crest": {
        "dmean": 0.706528544426,
        "dmean2": 0.594836056232,
        "dvar": 0.523750662804,
        "dvar2": 0.463787704706,
        "max": 25.5119037628,
        "mean": 21.4337158203,
        "median": 21.6182632446,
        "min": 13.5724391937,
        "var": 5.26121044159
    },
    "erbbands_flatness_db": {
        "dmean": 0.0041149398312,
        "dmean2": 0.00588688859716,
        "dvar": 4.0046776121e-05,
        "dvar2": 4.87728393637e-05,
        "max": 0.277808457613,
        "mean": 0.259981453419,
        "median": 0.264145076275,
        "min": 0.182483911514,
        "var": 0.000197260829736
    },
    "erbbands_kurtosis": {
        "dmean": 0.188522428274,
        "dmean2": 0.17792442441,
        "dvar": 0.0349706485868,
        "dvar2": 0.0291613657027,
        "max": 1.02104139328,
        "mean": -0.735568940639,
        "median": -0.889243125916,
        "min": -1.52534663677,
        "var": 0.321504235268
    },
    "erbbands_skewness": {
        "dmean": 0.0952815115452,
        "dmean2": 0.0824238955975,
        "dvar": 0.00548870163038,
        "dvar2": 0.00404688017443,
        "max": 1.60095274448,
        "mean": 0.91324198246,
        "median": 0.899146437645,
        "min": 0.270732462406,
        "var": 0.0893569812179
    },
    "erbbands_spread": {
        "dmean": 1.03311097622,
        "dmean2": 1.09842145443,
        "dvar": 0.656766295433,
        "dvar2": 0.740445673466,
        "max": 42.9759178162,
        "mean": 34.7633934021,
        "median": 34.4610176086,
        "min": 26.2769069672,
        "var": 11.6694135666
    },
    "hfc": {
        "dmean": 0.681176304817,
        "dmean2": 0.702403724194,
        "dvar": 1.25829076767,
        "dvar2": 1.40956771374,
        "max": 24.443195343,
        "mean": 21.0712985992,
        "median": 21.131652832,
        "min": 9.20311355591,
        "var": 3.59892392159
    },
    "melbands_crest": {
        "dmean": 0.280645370483,
        "dmean2": 0.286089450121,
        "dvar": 0.797608375549,
        "dvar2": 0.783036231995,
        "max": 33.0050544739,
        "mean": 31.9284477234,
        "median": 32.1402282715,
        "min": 22.7560844421,
        "var": 1.21534311771
    },
    "melbands_flatness_db": {
        "dmean": 0.00540951732546,
        "dmean2": 0.00760392146185,
        "dvar": 4.90070488013e-05,
        "dvar2": 6.65583575028e-05,
        "max": 0.377551823854,
        "mean": 0.351505815983,
        "median": 0.356706321239,
        "min": 0.267822861671,
        "var": 0.000365176994819
    },
    "melbands_kurtosis": {
        "dmean": 2.72751784325,
        "dmean2": 2.23129081726,
        "dvar": 4.59005451202,
        "dvar2": 3.36191248894,
        "max": 43.9429931641,
        "mean": 24.2192382812,
        "median": 22.8683204651,
        "min": 9.42451381683,
        "var": 60.7348823547
    },
    "melbands_skewness": {
        "dmean": 0.237070053816,
        "dmean2": 0.197045698762,
        "dvar": 0.0296586360782,
        "dvar2": 0.0212296824902,
        "max": 6.1149263382,
        "mean": 4.60584115982,
        "median": 4.576130867,
        "min": 3.08778643608,
        "var": 0.452613919973
    },
    "melbands_spread": {
        "dmean": 0.498409062624,
        "dmean2": 0.437574952841,
        "dvar": 0.149768307805,
        "dvar2": 0.101702578366,
        "max": 11.8028593063,
        "mean": 6.98521661758,
        "median": 6.71700143814,
        "min": 4.06103277206,
        "var": 3.31479263306
    },
    "pitch_salience": {
        "dmean": 0.00926184467971,
        "dmean2": 0.0126999057829,
        "dvar": 0.000178759160917,
        "dvar2": 0.000220404443098,
        "max": 0.474685817957,
        "mean": 0.320247679949,
        "median": 0.316525518894,
        "min": 0.277111709118,
        "var": 0.000776467320975
    },
    "silence_rate_20dB": {
        "dmean": 0,
        "dmean2": 0,
        "dvar": 0,
        "dvar2": 0,
        "max": 1,
        "mean": 1,
        "median": 1,
        "min": 1,
        "var": 0
    },
    "silence_rate_30dB": {
        "dmean": 0,
        "dmean2": 0,
        "dvar": 0,
        "dvar2": 0,
        "max": 1,
        "mean": 1,
        "median": 1,
        "min": 1,
        "var": 0
    },
    "silence_rate_60dB": {
        "dmean": 0,
        "dmean2": 0,
        "dvar": 0,
        "dvar2": 0,
        "max": 0,
        "mean": 0,
        "median": 0,
        "min": 0,
        "var": 0
    },
    "spectral_centroid": {
        "dmean": 14.1774597168,
        "dmean2": 15.046869278,
        "dvar": 112.954811096,
        "dvar2": 129.320404053,
        "max": 703.669494629,
        "mean": 533.160217285,
        "median": 514.697998047,
        "min": 429.731567383,
        "var": 4117.59375
    },
    "spectral_complexity": {
        "dmean": 0.716981112957,
        "dmean2": 1.11392402649,
        "dvar": 0.59285646677,
        "dvar2": 0.961705565453,
        "max": 12,
        "mean": 9.13125038147,
        "median": 9,
        "min": 5,
        "var": 1.70152246952
    },
    "spectral_decrease": {
        "dmean": 2.8480612313e-10,
        "dmean2": 3.87062937257e-10,
        "dvar": 5.29730548483e-19,
        "dvar2": 5.81907705656e-19,
        "max": -5.43531752939e-09,
        "mean": -1.37355495866e-08,
        "median": -1.40096876322e-08,
        "min": -1.53573278538e-08,
        "var": 1.9621865639e-18
    },
    "spectral_energy": {
        "dmean": 0.00111009657849,
        "dmean2": 0.0015097768046,
        "dvar": 8.10537039797e-06,
        "dvar2": 8.8974229584e-06,
        "max": 0.0599735528231,
        "mean": 0.0537523552775,
        "median": 0.0548197776079,
        "min": 0.0213489215821,
        "var": 2.91110045509e-05
    },
    "spectral_energyband_high": {
        "dmean": 6.91246668794e-06,
        "dmean2": 9.84608232102e-06,
        "dvar": 3.84767426254e-11,
        "dvar2": 7.16225134756e-11,
        "max": 0.000120926306408,
        "mean": 5.8790006733e-05,
        "median": 5.4731455748e-05,
        "min": 3.4421478631e-05,
        "var": 3.14786113842e-10
    },
    "spectral_energyband_low": {
        "dmean": 0.000101650788565,
        "dmean2": 0.000176698900759,
        "dvar": 7.91119347809e-09,
        "dvar2": 2.08275974245e-08,
        "max": 0.00216714083217,
        "mean": 0.00131245236844,
        "median": 0.00130224809982,
        "min": 0.000856909318827,
        "var": 3.5490607786e-08
    },
    "spectral_energyband_middle_high": {
        "dmean": 0.000407940970035,
        "dmean2": 0.00032381984056,
        "dvar": 1.19196933213e-07,
        "dvar2": 9.80620171731e-08,
        "max": 0.00782153848559,
        "mean": 0.004440122284,
        "median": 0.00436776317656,
        "min": 0.00203684903681,
        "var": 1.19979654301e-06
    },
    "spectral_energyband_middle_low": {
        "dmean": 0.00109676097054,
        "dmean2": 0.0014161746949,
        "dvar": 5.00113264934e-06,
        "dvar2": 5.70451265958e-06,
        "max": 0.0503400824964,
        "mean": 0.0438636653125,
        "median": 0.0452317744493,
        "min": 0.0159366652369,
        "var": 2.95976024063e-05
    },
    "spectral_entropy": {
        "dmean": 0.0652430653572,
        "dmean2": 0.0959300622344,
        "dvar": 0.0235204026103,
        "dvar2": 0.0285313427448,
        "max": 7.08609819412,
        "mean": 5.65337276459,
        "median": 5.59619283676,
        "min": 5.40147829056,
        "var": 0.0496071577072
    },
    "spectral_flux": {
        "dmean": 0.00347377406433,
        "dmean2": 0.00457075517625,
        "dvar": 0.000140310032293,
        "dvar2": 0.000139440322528,
        "max": 0.146112695336,
        "mean": 0.0133854253218,
        "median": 0.0110877379775,
        "min": 0.00668130023405,
        "var": 0.000241616551648
    },
    "spectral_kurtosis": {
        "dmean": 3.04891467094,
        "dmean2": 5.92684268951,
        "dvar": 4.51514530182,
        "dvar2": 15.9444999695,
        "max": 19.7485141754,
        "mean": 13.6947879791,
        "median": 13.4726495743,
        "min": 8.76928043365,
        "var": 5.88443279266
    },
    "spectral_rms": {
        "dmean": 7.94668158051e-05,
        "dmean2": 0.000106283252535,
        "dvar": 5.24106731348e-08,
        "dvar2": 5.63850548474e-08,
        "max": 0.0076492340304,
        "mean": 0.00723065715283,
        "median": 0.00731318676844,
        "min": 0.00456379400566,
        "var": 1.58929154281e-07
    },
    "spectral_rolloff": {
        "dmean": 8.53202342987,
        "dmean2": 13.4923238754,
        "dvar": 2706.34985352,
        "dvar2": 4487.04003906,
        "max": 861.328125,
        "mean": 313.173522949,
        "median": 301.46484375,
        "min": 301.46484375,
        "var": 4340.28027344
    },
    "spectral_skewness": {
        "dmean": 0.292385458946,
        "dmean2": 0.564658880234,
        "dvar": 0.0474075190723,
        "dvar2": 0.153285056353,
        "max": 3.84406614304,
        "mean": 2.70682072639,
        "median": 2.68732047081,
        "min": 2.17997455597,
        "var": 0.0638218671083
    },
    "spectral_spread": {
        "dmean": 257447.5,
        "dmean2": 462553,
        "dvar": 204657065984,
        "dvar2": 273991680000,
        "max": 8855184,
        "mean": 3589815.5,
        "median": 3538506,
        "min": 2968830.75,
        "var": 225047789568
    },
    "spectral_strongpeak": {
        "dmean": 0.0457951873541,
        "dmean2": 0.0527245290577,
        "dvar": 0.032717205584,
        "dvar2": 0.0344719476998,
        "max": 2.55481743813,
        "mean": 2.35951328278,
        "median": 2.40840005875,
        "min": 0.539977431297,
        "var": 0.0563169717789
    },
    "zerocrossingrate": {
        "dmean": 0.00300953234546,
        "dmean2": 0.00319546088576,
        "dvar": 5.9465924096e-06,
        "dvar2": 7.00043665347e-06,
        "max": 0.04150390625,
        "mean": 0.0266723632812,
        "median": 0.02685546875,
        "min": 0.01416015625,
        "var": 3.37891287927e-05
    },
    "barkbands": {
        "dmean": [0.00023638944549, 3.77578944608e-05, 7.93206436356e-06, 9.04125317902e-06, 0.000624091888312, 0.000707431288902, 6.17298928773e-06, 1.07616551759e-05, 2.24441464525e-06, 7.39720562706e-05, 9.8825501027e-07, 5.08528046339e-06, 0.000289060844807, 5.35508661414e-05, 1.08846961666e-05, 0.000170806364622, 5.16910622537e-05, 2.56049916061e-05, 1.90939663298e-05, 6.11530549577e-06, 2.52766631093e-06, 8.72072860147e-07, 8.78492926404e-07, 5.83131054555e-07, 5.95119729496e-07, 8.60244881551e-07, 1.12144448394e-06],
        "dmean2": [0.000331352319336, 6.4694955654e-05, 1.17126883197e-05, 1.2856226931e-05, 0.00085686345119, 0.000875772559084, 8.43819634611e-06, 1.39847616083e-05, 3.24935308527e-06, 7.34525310691e-05, 1.40896349876e-06, 7.90779904492e-06, 0.000201244896743, 4.83979347337e-05, 1.32599925564e-05, 0.000175179317011, 5.24928072991e-05, 2.5532568543e-05, 2.22119360842e-05, 7.23367065802e-06, 3.82225380235e-06, 1.39883900374e-06, 1.52163340772e-06, 1.03210356883e-06, 9.8227133094e-07, 1.39084761486e-06, 1.86925410617e-06],
        "dvar": [1.93521941583e-07, 2.28978835892e-09, 3.40576095104e-10, 9.91115411964e-10, 9.64898504208e-07, 1.85803594377e-06, 8.50575443412e-10, 1.79633086184e-10, 6.98383295639e-11, 4.79552220156e-09, 1.04793769148e-11, 1.85524894059e-11, 4.76370516367e-08, 1.77610604002e-09, 9.09285355344e-11, 1.73592127339e-08, 1.82944182026e-09, 3.58934382216e-10, 2.9190350137e-10, 2.62193426692e-11, 7.02804611383e-12, 5.50494871042e-13, 6.0997712957e-13, 3.35332022566e-13, 3.06301506511e-13, 1.6091937895e-12, 1.03142375283e-12],
        "dvar2": [2.02574355512e-07, 4.09303835269e-09, 3.91246063325e-10, 1.0300462705e-09, 1.11524741442e-06, 2.20293350139e-06, 8.57416970756e-10, 2.58598253922e-10, 7.22406440223e-11, 3.84488041405e-09, 1.09143935209e-11, 4.17545789611e-11, 2.45117810493e-08, 1.45461420686e-09, 1.26713167736e-10, 1.90322158033e-08, 2.06392436475e-09, 4.57420962219e-10, 5.42157430061e-10, 3.01051267249e-11, 1.72566370915e-11, 1.23203986076e-12, 1.76335031646e-12, 8.92636171142e-13, 8.79526432154e-13, 2.60444703998e-12, 2.54618656888e-12],
        "max": [0.00727098621428, 0.000500022317283, 0.000161340809427, 0.000343007675838, 0.0230998899788, 0.0277214422822, 0.000300477695419, 0.000142360979225, 9.78810785455e-05, 0.00129537924659, 3.58900470019e-05, 5.00037094753e-05, 0.00353990588337, 0.000655981653836, 0.000145589845488, 0.0025289140176, 0.000698050251231, 0.000200237307581, 0.000262633111561, 7.59837785154e-05, 3.40690348821e-05, 6.82893505655e-06, 8.35781247588e-06, 9.43825943978e-06, 7.92957234808e-06, 2.33635419136e-05, 1.86302986549e-05],
        "mean": [0.00532056204975, 5.93312433921e-05, 9.059023796e-06, 1.38591176437e-05, 0.0199158731848, 0.0238913632929, 7.12867267794e-06, 3.09538008878e-05, 3.50695040652e-06, 0.000652841408737, 1.57975864568e-06, 2.61109780695e-05, 0.00148027564865, 0.000214563449845, 8.40918364702e-05, 0.0013412401313, 0.000436875823652, 8.09796329122e-05, 0.000113793837954, 2.67576888291e-05, 1.17368035717e-05, 4.58615159005e-06, 3.86669535146e-06, 2.83969984594e-06, 3.48586695509e-06, 5.26663416167e-06, 9.39052733884e-06],
        "median": [0.00537527166307, 4.813729538e-05, 4.43284443463e-06, 7.64316791901e-06, 0.0206684172153, 0.0245055295527, 2.94478377327e-06, 2.81593966065e-05, 2.35396419157e-06, 0.00062170799356, 8.81895687144e-07, 2.49225377047e-05, 0.00132537982427, 0.000188660327694, 8.44027890707e-05, 0.00130919669755, 0.000422480952693, 7.32511543902e-05, 0.000102145801065, 2.49480290222e-05, 1.06455054265e-05, 4.38781989942e-06, 3.51163134837e-06, 2.46863419306e-06, 3.20463595926e-06, 4.47466209152e-06, 8.57372742757e-06],
        "min": [0.00221282802522, 1.06195684566e-05, 2.12563037394e-07, 2.68329870323e-07, 0.00776245584711, 0.00755586149171, 4.14368344082e-07, 6.13621887169e-06, 4.90853153678e-07, 0.000306829460897, 1.25864701772e-07, 7.15007490726e-06, 0.000354993127985, 3.52524002665e-05, 3.25724104187e-05, 0.000484144955408, 0.000131583976327, 1.53043365572e-05, 3.20895560435e-05, 6.93141373631e-06, 5.4955730775e-06, 1.87566809018e-06, 1.98749921765e-06, 1.44287969306e-06, 1.90424714219e-06, 2.97484234579e-06, 4.80006747239e-06],
        "var": [5.76574507249e-07, 2.68740274478e-09, 3.88395815509e-10, 1.02200414798e-09, 6.57537839288e-06, 9.11441475182e-06, 8.66161031787e-10, 3.47808309931e-10, 7.15846409927e-11, 5.00392829395e-08, 1.10177743665e-11, 7.66345459313e-11, 4.79853895285e-07, 1.53081352039e-08, 4.32954422314e-10, 1.50535413468e-07, 9.14439191035e-09, 2.07686667864e-09, 2.45668285714e-09, 1.82339893184e-10, 2.2696480112e-11, 1.24935023264e-12, 1.30277993254e-12, 1.39881617574e-12, 1.42901510937e-12, 7.55200936509e-12, 7.19654674394e-12]
    },
    "erbbands": {
        "dmean": [0.0026754415594, 0.00600677262992, 0.00947512406856, 0.0160345491022, 0.0681538060308, 1.1324647665, 10.5823459625, 1.34985995293, 0.123907737434, 0.0771642550826, 0.277116656303, 0.0633129104972, 0.47528770566, 2.59331488609, 0.10966090858, 0.239323571324, 5.14593648911, 11.8407506943, 0.849965393543, 7.98409414291, 3.06959438324, 2.16492295265, 1.39381051064, 0.986388802528, 0.690568983555, 0.355524450541, 0.116572387516, 0.0793277770281, 0.0401555672288, 0.0303155574948, 0.0243765171617, 0.0151288239285, 0.00988987740129, 0.00710934447125, 0.00548620102927, 0.00406662560999, 0.00168691354338, 0.000858771847561, 0.000178280883119, 2.04829284485e-05],
        "dmean2": [0.00475563853979, 0.00935541559011, 0.0141117628664, 0.0218839608133, 0.0988450199366, 1.66066539288, 13.1542396545, 1.81936836243, 0.157229527831, 0.106934256852, 0.359159946442, 0.0892711952329, 0.458318978548, 2.63124656677, 0.124200239778, 0.384328782558, 3.61585664749, 8.10173892975, 0.933428108692, 8.40294075012, 2.93857359886, 2.14315891266, 1.58720827103, 1.18492555618, 0.889667093754, 0.443172991276, 0.180506616831, 0.118589423597, 0.0643149837852, 0.0495156645775, 0.0416113883257, 0.0254834871739, 0.0171225909144, 0.0123393936083, 0.00934101920575, 0.00666628172621, 0.00269160442986, 0.00145708967466, 0.000293918390526, 3.49799265678e-05],
        "dvar": [4.85442706122e-06, 5.11174512212e-05, 0.000329947826685, 0.00489759910852, 0.0545593947172, 1.03208696842, 675.460693359, 1.20960903168, 0.247447133064, 0.106057964265, 0.0942879617214, 0.0320468768477, 0.118242561817, 6.44145393372, 0.00775782065466, 0.0434365905821, 14.5903043747, 80.8924484253, 0.650404751301, 37.49376297, 6.32728338242, 2.88171553612, 1.55275678635, 0.840554893017, 0.435192286968, 0.0758481621742, 0.0166224371642, 0.00473507167771, 0.00102073838934, 0.000472956191516, 0.000449837098131, 0.000386118714232, 6.5775559051e-05, 3.22804735333e-05, 2.62573630607e-05, 4.07176958106e-05, 2.65124208454e-06, 8.82044275841e-07, 2.97867757126e-08, 3.35684285924e-10],
        "dvar2": [9.78983825917e-06, 0.00012587980018, 0.000440678355517, 0.00501741981134, 0.0560449659824, 1.82915568352, 746.307189941, 2.13603568077, 0.242323338985, 0.110323384404, 0.144293248653, 0.0353052094579, 0.0934803038836, 5.28311824799, 0.00976093765348, 0.101950116456, 6.69474601746, 38.5787849426, 0.754501521587, 40.0763206482, 8.1353635788, 3.23159718513, 2.22703790665, 1.36307728291, 0.745744109154, 0.115666821599, 0.0407539568841, 0.0119652142748, 0.00229933322407, 0.00151447614189, 0.00128673866857, 0.00107708503492, 0.000201711285627, 9.71805493464e-05, 6.28439229331e-05, 6.52366506984e-05, 5.37568257641e-06, 2.07015455089e-06, 7.63886589539e-08, 7.91467447137e-10],
        "max": [0.0363904200494, 0.0615213401616, 0.156343191862, 0.759952187538, 3.00553393364, 44.7960205078, 461.662811279, 57.9527320862, 7.01843929291, 3.56027555466, 3.18657636642, 2.21377825737, 8.23878383636, 45.5501022339, 2.15090489388, 2.73693156242, 63.6808624268, 148.240585327, 12.7712373734, 115.714599609, 48.5594367981, 26.9479255676, 17.1014595032, 13.7833995819, 9.37677192688, 3.91638588905, 1.75030946732, 0.700036466122, 0.311201304197, 0.251579731703, 0.22466146946, 0.258787125349, 0.103344537318, 0.0864372700453, 0.0776401683688, 0.101606033742, 0.0318853519857, 0.0152749456465, 0.00265680765733, 0.000334127544193],
        "mean": [0.0136070102453, 0.00995608698577, 0.0140035096556, 0.0445030592382, 0.685069799423, 38.8414764404, 401.861877441, 50.1312561035, 1.8825006485, 0.299703478813, 0.812981903553, 0.22114148736, 4.22130680084, 22.8817100525, 1.14270091057, 1.76700079441, 26.801990509, 60.3687362671, 8.43051147461, 63.097442627, 27.7655601501, 15.3400554657, 9.80979728699, 5.49352836609, 4.49944400787, 1.59940934181, 0.600824713707, 0.344829231501, 0.198577746749, 0.13553699851, 0.0987737923861, 0.064063385129, 0.0482373312116, 0.0358142592013, 0.0268085803837, 0.0185715965927, 0.00983415730298, 0.00448216218501, 0.00123200786766, 0.000203918898478],
        "median": [0.0131346452981, 0.00825517997146, 0.0093109998852, 0.0349489226937, 0.670112133026, 40.0821609497, 414.838867188, 51.1358718872, 1.86086559296, 0.254732519388, 0.71928358078, 0.19221663475, 4.10312175751, 21.3236541748, 1.07960605621, 1.73415732384, 23.8853416443, 54.1827049255, 8.53413772583, 62.0598220825, 27.3303947449, 14.19764328, 9.56563663483, 5.10695648193, 4.04317235947, 1.55979704857, 0.533321142197, 0.325673639774, 0.19005048275, 0.131788641214, 0.0893103480339, 0.052744615823, 0.0429515019059, 0.0333652235568, 0.0235883109272, 0.0154185239226, 0.00863196887076, 0.00406309263781, 0.00112105463631, 0.000192947802134],
        "min": [0.00770911760628, 0.0023822656367, 0.00255754962564, 0.0209336001426, 0.438239425421, 24.3256015778, 103.657516479, 31.5254955292, 1.23349225521, 0.16670794785, 0.189358755946, 0.107096299529, 1.87258064747, 10.690279007, 0.621329128742, 0.591262996197, 6.46922016144, 14.1202383041, 3.56126046181, 22.5558605194, 11.4207239151, 5.48495578766, 4.65651226044, 1.64065861702, 1.31202030182, 0.375575482845, 0.280777722597, 0.159084826708, 0.0804314315319, 0.0682505816221, 0.0426071025431, 0.0257856752723, 0.0274173915386, 0.0163896530867, 0.0148307057098, 0.00871866010129, 0.00543158082291, 0.00210293149576, 0.000673107686453, 9.17720026337e-05],
        "var": [1.00809656942e-05, 5.84193621762e-05, 0.000403990183258, 0.00485916947946, 0.0546318888664, 20.7324142456, 2800.20092773, 30.3719978333, 0.273155927658, 0.105057731271, 0.211756512523, 0.0349222160876, 1.96898388863, 62.878364563, 0.110112942755, 0.149516731501, 153.849777222, 831.710571289, 3.34660720825, 317.239501953, 44.8565216064, 16.4674739838, 6.47086620331, 6.55093765259, 2.78739976883, 0.517247378826, 0.0576439611614, 0.0121688870713, 0.00255093746819, 0.00113410723861, 0.00106020586099, 0.00100374233443, 0.000278185354546, 0.000154743160238, 0.000104497266875, 0.000134581801831, 1.56334026542e-05, 3.02751914205e-06, 1.50216351358e-07, 1.46118406263e-09]
    },
    "gfcc": {
        "mean": [-36.6383857727, 78.5490112305, -129.832824707, -0.196733921766, -15.9997463226, -27.0371341705, -67.0923309326, -28.0121574402, -33.5515174866, -1.37697386742, 0.527279734612, 26.2814273834, 26.0827236176],
        "cov": [[66.9856109619, -28.228811264, -2.40712165833, 2.19358539581, 5.07427215576, 14.309969902, 18.4892959595, 21.0409069061, -4.83141899109, -0.13728325069, -4.40650272369, -12.6893005371, -8.45333003998], [-28.228811264, 47.6472892761, 10.1297979355, -3.90202236176, -3.37648010254, -0.0542579516768, -1.73573124409, -5.47939395905, 9.88565349579, 1.67802071571, -2.85875535011, -1.82742726803, -9.04029750824], [-2.40712165833, 10.1297979355, 22.8394603729, 10.4001779556, -0.174745574594, 1.53736460209, 4.14030790329, 7.64517450333, 3.34796190262, -1.09362709522, -4.74397468567, -3.04031205177, -2.63717317581], [2.19358539581, -3.90202236176, 10.4001779556, 17.4020595551, 4.47656154633, -0.96203660965, 3.05193543434, 4.0885181427, -0.170385763049, -3.06483054161, -2.22589159012, -0.0576213747263, 3.40211224556], [5.07427215576, -3.37648010254, -0.174745574594, 4.47656154633, 9.85954189301, 3.29004788399, 0.841265618801, -0.567770421505, -3.47496557236, -0.174887940288, 1.0485612154, 1.70316457748, 2.43353223801], [14.309969902, -0.0542579516768, 1.53736460209, -0.96203660965, 3.29004788399, 10.2002801895, 4.86789560318, 1.57965052128, -1.08064687252, 1.26841425896, 0.629739642143, -1.61292266846, -3.39341235161], [18.4892959595, -1.73573124409, 4.14030790329, 3.05193543434, 0.841265618801, 4.86789560318, 11.8839445114, 7.45971012115, -1.31415760517, -0.458543121815, -2.40886211395, -4.43581390381, -2.75134134293], [21.0409069061, -5.47939395905, 7.64517450333, 4.0885181427, -0.567770421505, 1.57965052128, 7.45971012115, 16.5195102692, 1.69207930565, -2.08995175362, -4.79297304153, -6.76310920715, -2.35597920418], [-4.83141899109, 9.88565349579, 3.34796190262, -0.170385763049, -3.47496557236, -1.08064687252, -1.31415760517, 1.69207930565, 8.94347858429, 0.819329679012, -2.5488512516, -0.75775873661, -2.57281923294], [-0.13728325069, 1.67802071571, -1.09362709522, -3.06483054161, -0.174887940288, 1.26841425896, -0.458543121815, -2.08995175362, 0.819329679012, 4.92507553101, 1.33325266838, -0.563690364361, -2.58766055107], [-4.40650272369, -2.85875535011, -4.74397468567, -2.22589159012, 1.0485612154, 0.629739642143, -2.40886211395, -4.79297304153, -2.5488512516, 1.33325266838, 7.88468599319, 1.95919668674, -0.740764200687], [-12.6893005371, -1.82742726803, -3.04031205177, -0.0576213747263, 1.70316457748, -1.61292266846, -4.43581390381, -6.76310920715, -0.75775873661, -0.563690364361, 1.95919668674, 10.0584945679, 7.48291873932], [-8.45333003998, -9.04029750824, -2.63717317581, 3.40211224556, 2.43353223801, -3.39341235161, -2.75134134293, -2.35597920418, -2.57281923294, -2.58766055107, -0.740764200687, 7.48291873932, 13.9811048508]],
        "icov": [[0.27487513423, 0.141958847642, 0.142653465271, -0.0303834415972, -0.0624200813472, -0.23730507493, -0.140884071589, -0.193653270602, -0.000873223063536, -0.0125972200185, 0.157683268189, 0.0366531535983, 0.171444520354], [0.141958847642, 0.124459721148, 0.0343800447881, 0.0210993420333, -0.0612122416496, -0.103161156178, -0.0942702069879, -0.0468963645399, -0.057228859514, 0.0238340385258, 0.0899543240666, 0.0317246615887, 0.108487546444], [0.142653465271, 0.0343800447881, 0.189846664667, -0.104373291135, 0.0164066255093, -0.161496803164, -0.0434035621583, -0.16672731936, 0.0414743758738, -0.04649977386, 0.107573583722, -0.0142423752695, 0.103347845376], [-0.0303834415972, 0.0210993420333, -0.104373291135, 0.161160081625, -0.0875416398048, 0.0868847519159, -0.0394378863275, 0.0739967525005, -0.0663241520524, 0.0744655877352, -0.0345597825944, 0.0314092636108, -0.0396617539227], [-0.0624200813472, -0.0612122416496, 0.0164066255093, -0.0875416398048, 0.214389026165, -0.0375793091953, 0.0799987539649, -0.00169185374398, 0.0936663597822, -0.0485729724169, -0.0298864655197, -0.0431634299457, -0.0541389100254], [-0.23730507493, -0.103161156178, -0.161496803164, 0.0868847519159, -0.0375793091953, 0.389733612537, 0.0333734788001, 0.196224406362, -0.0318372771144, 0.0153426872566, -0.152468472719, -0.0406601391733, -0.110356740654], [-0.140884071589, -0.0942702069879, -0.0434035621583, -0.0394378863275, 0.0799987539649, 0.0333734788001, 0.256750583649, 0.0182027984411, 0.0767074897885, -0.0241533163935, -0.0484612360597, -0.0169506669044, -0.0808090940118], [-0.193653270602, -0.0468963645399, -0.16672731936, 0.0739967525005, -0.00169185374398, 0.196224406362, 0.0182027984411, 0.328806877136, -0.0917495116591, 0.0874097719789, -0.0902271270752, 0.0741580277681, -0.135132238269], [-0.000873223063536, -0.057228859514, 0.0414743758738, -0.0663241520524, 0.0936663597822, -0.0318372771144, 0.0767074897885, -0.0917495116591, 0.245699107647, -0.079711869359, 0.05588606745, -0.0691751763225, 0.0324784033], [-0.0125972200185, 0.0238340385258, -0.04649977386, 0.0744655877352, -0.0485729724169, 0.0153426872566, -0.0241533163935, 0.0874097719789, -0.079711869359, 0.299330413342, -0.0369776785374, 0.0340085960925, 0.0236294344068], [0.157683268189, 0.0899543240666, 0.107573583722, -0.0345597825944, -0.0298864655197, -0.152468472719, -0.0484612360597, -0.0902271270752, 0.05588606745, -0.0369776785374, 0.295348405838, -0.0281062927097, 0.159791618586], [0.0366531535983, 0.0317246615887, -0.0142423752695, 0.0314092636108, -0.0431634299457, -0.0406601391733, -0.0169506669044, 0.0741580277681, -0.0691751763225, 0.0340085960925, -0.0281062927097, 0.281493574381, -0.119434155524], [0.171444520354, 0.108487546444, 0.103347845376, -0.0396617539227, -0.0541389100254, -0.110356740654, -0.0808090940118, -0.135132238269, 0.0324784033, 0.0236294344068, 0.159791618586, -0.119434155524, 0.301182746887]]
    },
    "melbands": {
        "dmean": [2.3446727937e-05, 5.57699513593e-06, 4.27452869189e-06, 2.08378569369e-05, 0.000295087171253, 5.13882841915e-05, 1.53337737174e-06, 1.03877869151e-06, 2.04580828722e-06, 3.26083949176e-07, 3.09134452436e-06, 1.17393146866e-05, 2.00628875291e-07, 6.19741285846e-07, 2.93996606615e-07, 2.89161889668e-05, 1.91504295799e-05, 1.07919470338e-06, 2.47181219493e-06, 1.71873816726e-05, 1.72049089997e-06, 1.64075265729e-06, 3.28902456204e-06, 2.04877846954e-06, 9.03461170765e-07, 7.45440502214e-07, 1.85816020348e-07, 3.29505809304e-07, 6.50970122251e-08, 8.54416128959e-08, 4.34490843304e-08, 3.11651149332e-08, 2.0709924442e-08, 1.78633623449e-08, 1.89418294383e-08, 1.48879637507e-08, 1.10169970924e-08, 8.84792505929e-09, 7.48952189156e-09, 6.94383173183e-09],
        "dmean2": [4.14624519181e-05, 8.50396281749e-06, 6.20532728135e-06, 2.89090021397e-05, 0.000377428455977, 6.69933360768e-05, 2.02059413823e-06, 1.44537739288e-06, 2.66724896392e-06, 4.76252779436e-07, 2.95603058476e-06, 1.18012421808e-05, 2.84010894802e-07, 9.79558876679e-07, 4.62749284225e-07, 1.99294427148e-05, 1.31605338538e-05, 1.32128411678e-06, 2.88648629976e-06, 1.72364962054e-05, 1.87283001196e-06, 1.69710233422e-06, 3.30154966832e-06, 2.03748959393e-06, 1.16000433081e-06, 9.78824800768e-07, 2.17535841784e-07, 4.14597366216e-07, 1.00379402568e-07, 1.2717632103e-07, 6.83771617105e-08, 4.99426846545e-08, 3.53066340608e-08, 2.8913969885e-08, 3.28463940491e-08, 2.56031569279e-08, 1.922053805e-08, 1.54124073504e-08, 1.29595685294e-08, 1.20085754673e-08],
        "dvar": [3.53478413206e-10, 8.07250169488e-11, 2.37711711426e-10, 3.94876220611e-09, 4.78680703964e-07, 3.8795366919e-09, 6.34358468532e-11, 1.07877639113e-11, 5.65415639656e-12, 1.21693508135e-12, 4.97128250024e-12, 1.31625946254e-10, 1.11187961778e-13, 2.99899645048e-13, 2.20212154176e-13, 4.71296335292e-10, 2.12792755638e-10, 9.48141305052e-13, 4.22361581473e-12, 1.75385816981e-10, 2.55804882485e-12, 1.80198119881e-12, 6.00821259064e-12, 2.35129450632e-12, 6.99492872479e-13, 4.58955139518e-13, 3.92505140532e-14, 5.52089535926e-14, 4.28448915886e-15, 7.06636939785e-15, 1.60176249078e-15, 6.20350784003e-16, 2.9575280319e-16, 1.75910902513e-16, 2.30374644566e-16, 2.28124792709e-16, 2.38601769703e-16, 6.27038175297e-17, 3.90120247535e-17, 2.92817172283e-17],
        "dvar2": [9.53808476645e-10, 1.38731151567e-10, 2.43385894771e-10, 4.16700185468e-09, 5.27474071532e-07, 5.43754197224e-09, 6.34874167127e-11, 1.14171328641e-11, 8.39577365963e-12, 1.27896488972e-12, 4.45343588396e-12, 1.07842658414e-10, 1.31835203019e-13, 6.86801147638e-13, 6.14035298302e-13, 2.25474361404e-10, 1.00820865545e-10, 1.27502110432e-12, 4.91120642418e-12, 1.89427223907e-10, 4.34902287794e-12, 2.03637302333e-12, 6.59717506318e-12, 3.00719930728e-12, 1.17272901459e-12, 8.02780422433e-13, 4.40077695693e-14, 1.05931858066e-13, 1.0652732731e-14, 1.69551991127e-14, 4.26401891362e-15, 1.26071272139e-15, 7.59163602191e-16, 5.76878353233e-16, 6.24941808457e-16, 6.87682915288e-16, 6.45601153798e-16, 1.91291115011e-16, 1.0807381386e-16, 8.43801318037e-17],
        "max": [0.000414391746745, 7.72762141423e-05, 0.000163727963809, 0.000818684580736, 0.0129875689745, 0.00201758625917, 8.23592490633e-05, 3.48109897459e-05, 2.51696237683e-05, 1.28203246277e-05, 5.11042417202e-05, 0.000205925884075, 4.43765338787e-06, 6.20350328973e-06, 5.35041544936e-06, 0.000354488089215, 0.000240418070462, 1.39901503644e-05, 3.26766275975e-05, 0.000258369225776, 2.37163294514e-05, 2.31634403463e-05, 3.39285834343e-05, 1.59400897246e-05, 1.15039156299e-05, 9.34274066822e-06, 3.36949824487e-06, 3.06227116198e-06, 7.69319228766e-07, 1.10246025997e-06, 4.15137805021e-07, 2.13081108313e-07, 1.72486721794e-07, 1.45527607742e-07, 1.26751572793e-07, 1.55757447828e-07, 2.03779435992e-07, 8.3526948913e-08, 8.81257378182e-08, 7.01197393482e-08],
        "mean": [0.00025251758052, 8.27955136629e-06, 6.82007384967e-06, 0.000191240251297, 0.0112920533866, 0.00173601286951, 1.82718281394e-06, 2.42797932515e-06, 5.76035608901e-06, 5.63148205401e-07, 2.61541172222e-05, 0.000103508253233, 9.05248157324e-07, 3.17192211696e-06, 1.31381762003e-06, 0.000148956416524, 9.7053925856e-05, 8.17404179543e-06, 2.02753180929e-05, 0.000134343586979, 1.32522927743e-05, 1.44852765516e-05, 1.68157766893e-05, 6.40422877041e-06, 3.91899811802e-06, 4.41221436631e-06, 1.01594764601e-06, 1.17443630643e-06, 2.5198056619e-07, 3.38894267315e-07, 1.53135673031e-07, 1.22509675293e-07, 8.30834565591e-08, 6.63859296424e-08, 6.06605752296e-08, 4.62818050551e-08, 3.61206247135e-08, 3.38367023289e-08, 3.10349399513e-08, 2.98439886137e-08],
        "median": [0.000249584845733, 6.21656636213e-06, 4.33310560766e-06, 0.000189712183783, 0.0116721503437, 0.00177110079676, 6.80283733345e-07, 1.87295449905e-06, 5.05614889335e-06, 4.01373768e-07, 2.53169746429e-05, 9.73589412752e-05, 7.60595924021e-07, 3.032226914e-06, 1.19410560728e-06, 0.000134731541038, 8.68107599672e-05, 8.29136479297e-06, 1.9625918867e-05, 0.00013036080054, 1.29261479742e-05, 1.41364344017e-05, 1.56521309691e-05, 5.82907614444e-06, 3.38706672665e-06, 4.00835870096e-06, 8.3829598907e-07, 1.134631475e-06, 2.28135078828e-07, 2.92294743076e-07, 1.41954686228e-07, 1.16554957685e-07, 8.02584807502e-08, 6.4421030288e-08, 5.52224008743e-08, 4.04324893566e-08, 2.91732735747e-08, 3.00029725508e-08, 2.88841839335e-08, 2.76819136502e-08],
        "min": [0.000161204618053, 8.15701241663e-07, 4.31380243526e-07, 0.00011012453615, 0.00321203446947, 0.000848384981509, 1.01064365765e-07, 3.7832822386e-07, 1.20673166748e-06, 1.07311308284e-07, 1.11561694212e-05, 4.87117576995e-05, 3.06055511601e-07, 7.33187334845e-07, 4.69628957944e-07, 3.52779352397e-05, 2.24228442676e-05, 3.16833529723e-06, 8.81902269612e-06, 4.6842284064e-05, 4.81744018543e-06, 5.95749997956e-06, 4.09098856835e-06, 1.21871300962e-06, 8.59777514961e-07, 1.31975275508e-06, 3.00451631574e-07, 1.78053454647e-07, 9.65703250699e-08, 1.26383028487e-07, 5.21671381648e-08, 4.49121628776e-08, 3.71657407072e-08, 2.65364121788e-08, 2.24414336003e-08, 2.15698481298e-08, 1.06712878534e-08, 1.60777720026e-08, 1.36132403128e-08, 1.22937287017e-08],
        "var": [1.36635136538e-09, 9.63071081217e-11, 2.43069592232e-10, 4.38895453314e-09, 2.16218495552e-06, 4.04394491227e-08, 6.44284209317e-11, 1.123002559e-11, 1.18724943071e-11, 1.2481026412e-12, 7.6724036846e-11, 1.2815417616e-09, 2.47435183237e-13, 1.14958379187e-12, 2.96916273035e-13, 4.88076512539e-09, 2.18061280144e-09, 4.18332425992e-12, 2.65558929013e-11, 1.5723905511e-09, 1.41018629066e-11, 9.42259464898e-12, 3.87922888256e-11, 1.33089077953e-11, 5.00423574107e-12, 2.64465511123e-12, 2.72318463352e-13, 3.25563686253e-13, 9.63609752972e-15, 2.51015977752e-14, 3.0509879003e-15, 1.55159071762e-15, 4.97012516609e-16, 3.74256266728e-16, 4.5828018809e-16, 4.68185285496e-16, 4.87728929628e-16, 1.62483140663e-16, 1.23027684236e-16, 1.22295384548e-16]
    },
    "mfcc": {
        "mean": [-703.951660156, 127.500305176, -47.9638252258, 31.2872867584, 38.9174728394, 4.36245775223, -12.8316555023, -15.8812055588, -17.6816291809, -16.7132530212, -21.018787384, -23.6769390106, -13.1116361618],
        "cov": [[71.3853530884, -19.9915027618, 8.98139190674, 5.68535900116, -6.25764513016, -11.2996311188, 16.5399112701, 7.28027486801, 3.67423033714, 20.5412826538, 8.72037696838, -2.05634975433, -12.9319229126], [-19.9915027618, 44.5469169617, 11.654384613, -6.695561409, -5.33106565475, 0.0266756266356, -12.255774498, -1.86512768269, 2.13145041466, -3.71037387848, 12.155216217, 5.83380699158, 2.7212998867], [8.98139190674, 11.654384613, 24.4720230103, 5.050344944, -4.01842355728, -2.98478007317, 2.45102930069, 2.01434850693, 4.50368738174, 4.43457317352, -0.106962576509, 4.57839536667, 4.98368644714], [5.68535900116, -6.695561409, 5.050344944, 16.5754241943, 4.95374822617, 1.35747778416, 7.77217674255, 2.53728413582, 1.57556986809, 1.81979680061, -8.00587272644, -3.4896569252, -0.915399968624], [-6.25764513016, -5.33106565475, -4.01842355728, 4.95374822617, 14.9953336716, 6.35852050781, 4.48838043213, 2.31412863731, -1.48145163059, -3.02338266373, -6.69197893143, -6.49281549454, -0.377662569284], [-11.2996311188, 0.0266756266356, -2.98478007317, 1.35747778416, 6.35852050781, 16.9271640778, 2.8977200985, 1.77009761333, -0.640723109245, -7.63948202133, -4.99164962769, -3.75874686241, -1.10332024097], [16.5399112701, -12.255774498, 2.45102930069, 7.77217674255, 4.48838043213, 2.8977200985, 19.8376617432, 5.27588891983, -0.0562845394015, 4.5309047699, -5.49481725693, -6.37769937515, -7.05256080627], [7.28027486801, -1.86512768269, 2.01434850693, 2.53728413582, 2.31412863731, 1.77009761333, 5.27588891983, 11.0566301346, 3.68281149864, 3.41890573502, -2.65463376045, -3.85606455803, -2.43155813217], [3.67423033714, 2.13145041466, 4.50368738174, 1.57556986809, -1.48145163059, -0.640723109245, -0.0562845394015, 3.68281149864, 13.8598108292, 2.95398974419, -2.83348703384, -0.58079624176, -0.0262877810746], [20.5412826538, -3.71037387848, 4.43457317352, 1.81979680061, -3.02338266373, -7.63948202133, 4.5309047699, 3.41890573502, 2.95398974419, 13.6638336182, 2.90652012825, -1.48499202728, -5.79387235641], [8.72037696838, 12.155216217, -0.106962576509, -8.00587272644, -6.69197893143, -4.99164962769, -5.49481725693, -2.65463376045, -2.83348703384, 2.90652012825, 22.8427391052, 3.44139671326, -7.43048286438], [-2.05634975433, 5.83380699158, 4.57839536667, -3.4896569252, -6.49281549454, -3.75874686241, -6.37769937515, -3.85606455803, -0.58079624176, -1.48499202728, 3.44139671326, 12.3366012573, 6.0964679718], [-12.9319229126, 2.7212998867, 4.98368644714, -0.915399968624, -0.377662569284, -1.10332024097, -7.05256080627, -2.43155813217, -0.0262877810746, -5.79387235641, -7.43048286438, 6.0964679718, 22.3829879761]],
