{
"lowlevel": {
    "average_loudness": 0.985042929649,
    "barkbands_crest": {
        "dmean": 1.64783155918,
        "dmean2": 2.60317063332,
        "dvar": 1.79054653645,
        "dvar2": 4.6954460144,
        "max": 19.714838028,
        "mean": 10.2726583481,
        "median": 9.54160785675,
        "min": 4.06239652634,
        "var": 9.3168258667
    },
    "barkbands_flatness_db": {
        "dmean": 0.0107049252838,
        "dmean2": 0.0173031315207,
        "dvar": 8.05968229542e-05,
        "dvar2": 0.000164624114404,
        "max": 0.251386910677,
        "mean": 0.182063102722,
        "median": 0.177965775132,
        "min": 0.0904936417937,
        "var": 0.000587287824601
    },
    "barkbands_kurtosis": {
        "dmean": 0.308411419392,
        "dmean2": 0.461401998997,
        "dvar": 0.108474776149,
        "dvar2": 0.272310703993,
        "max": 2.14448070526,
        "mean": -0.875039458275,
        "median": -1.12679731846,
        "min": -1.72173011303,
        "var": 0.491536527872
    },
    "barkbands_skewness": {
        "dmean": 0.209544539452,
        "dmean2": 0.30780518055,
        "dvar": 0.026209725067,
        "dvar2": 0.0616594664752,
        "max": 1.57093381882,
        "mean": 0.177712619305,
        "median": 0.199000641704,
        "min": -1.52022373676,
        "var": 0.192724630237
    },
    "barkbands_spread": {
        "dmean": 2.90763878822,
        "dmean2": 4.53745603561,
        "dvar": 4.86891698837,
        "dvar2": 12.9536819458,
        "max": 39.4450454712,
        "mean": 26.7492027283,
        "median": 28.5952186584,
        "min": 9.29521751404,
        "var": 45.1034355164
    },
    "dissonance": {
        "dmean": 0.0204237960279,
        "dmean2": 0.0361471101642,
        "dvar": 0.000528361415491,
        "dvar2": 0.00148399628233,
        "max": 0.498407036066,
        "mean": 0.46914088726,
        "median": 0.479667961597,
        "min": 0.274570405483,
        "var": 0.000791597412899
    },
    "dynamic_complexity": 0.707768082619,
    "erbbands_crest": {
        "dmean": 1.76357221603,
        "dmean2": 2.44517183304,
        "dvar": 2.19827032089,
        "dvar2": 5.75199079514,
        "max": 26.9937381744,
        "mean": 11.8646993637,
        "median": 10.7823877335,
        "min": 3.57984972,
        "var": 27.7892608643
    },
    "erbbands_flatness_db": {
        "dmean": 0.0105417948216,
        "dmean2": 0.0162959080189,
        "dvar": 7.88030738477e-05,
        "dvar2": 0.000174154280103,
        "max": 0.324296087027,
        "mean": 0.250475436449,
        "median": 0.246649563313,
        "min": 0.18758302927,
        "var": 0.000692419242114
    },
    "erbbands_kurtosis": {
        "dmean": 0.787414193153,
        "dmean2": 1.10106194019,
        "dvar": 0.613813340664,
        "dvar2": 1.36808359623,
        "max": 8.49574279785,
        "mean": 0.958524703979,
        "median": 0.457328796387,
        "min": -0.950801849365,
        "var": 2.66875696182
    },
    "erbbands_skewness": {
        "dmean": 0.264297604561,
        "dmean2": 0.356696605682,
        "dvar": 0.038632132113,
        "dvar2": 0.0823403671384,
        "max": 1.90467500687,
        "mean": -0.401785254478,
        "median": -0.563041090965,
        "min": -1.99743640423,
        "var": 0.608678281307
    },
    "erbbands_spread": {
        "dmean": 2.65038466454,
        "dmean2": 3.89748716354,
        "dvar": 5.20868062973,
        "dvar2": 12.6586322784,
        "max": 38.2384262085,
        "mean": 18.3249568939,
        "median": 18.2233505249,
        "min": 5.86140537262,
        "var": 28.5712509155
    },
    "hfc": {
        "dmean": 5.69277477264,
        "dmean2": 8.52250385284,
        "dvar": 25.3128376007,
        "dvar2": 46.075630188,
        "max": 95.9049682617,
        "mean": 39.3089561462,
        "median": 37.4369316101,
        "min": 1.2033097744,
        "var": 139.151687622
    },
    "melbands_crest": {
        "dmean": 2.1131093502,
        "dmean2": 3.45961952209,
        "dvar": 3.25967383385,
        "dvar2": 8.41344833374,
        "max": 25.5012722015,
        "mean": 13.6281137466,
        "median": 13.2233943939,
        "min": 5.3558011055,
        "var": 11.0847415924
    },
    "melbands_flatness_db": {
        "dmean": 0.0110766068101,
        "dmean2": 0.0171781685203,
        "dvar": 8.55102480273e-05,
        "dvar2": 0.000180058923434,
        "max": 0.30744856596,
        "mean": 0.239852741361,
        "median": 0.238955944777,
        "min": 0.157765895128,
        "var": 0.000535608443897
    },
    "melbands_kurtosis": {
        "dmean": 0.742164313793,
        "dmean2": 1.12941610813,
        "dvar": 0.684262514114,
        "dvar2": 1.69521200657,
        "max": 7.74210643768,
        "mean": 0.44464507699,
        "median": 0.174688339233,
        "min": -1.70388531685,
        "var": 1.92554342747
    },
    "melbands_skewness": {
        "dmean": 0.276891201735,
        "dmean2": 0.398130714893,
        "dvar": 0.0436229370534,
        "dvar2": 0.113594852388,
        "max": 2.79615974426,
        "mean": 1.03041923046,
        "median": 1.01821088791,
        "min": -0.524425387383,
        "var": 0.32976976037
    },
    "melbands_spread": {
        "dmean": 4.64134645462,
        "dmean2": 7.08843994141,
        "dvar": 13.1436519623,
        "dvar2": 32.8567962646,
        "max": 61.6812934875,
        "mean": 37.9600753784,
        "median": 37.4085731506,
        "min": 16.6064243317,
        "var": 98.7891616821
    },
    "pitch_salience": {
        "dmean": 0.0369708091021,
        "dmean2": 0.0609773807228,
        "dvar": 0.00105341651943,
        "dvar2": 0.00228773173876,
        "max": 0.797224462032,
        "mean": 0.431239336729,
        "median": 0.424365729094,
        "min": 0.300176799297,
        "var": 0.00303499726579
    },
    "silence_rate_20dB": {
        "dmean": 0,
        "dmean2": 0,
        "dvar": 0,
        "dvar2": 0,
        "max": 1,
        "mean": 1,
        "median": 1,
        "min": 1,
        "var": 0
    },
    "silence_rate_30dB": {
        "dmean": 0,
        "dmean2": 0,
        "dvar": 0,
        "dvar2": 0,
        "max": 1,
        "mean": 1,
        "median": 1,
        "min": 1,
        "var": 0
    },
    "silence_rate_60dB": {
        "dmean": 0,
        "dmean2": 0,
        "dvar": 0,
        "dvar2": 0,
        "max": 0,
        "mean": 0,
        "median": 0,
        "min": 0,
        "var": 0
    },
    "spectral_centroid": {
        "dmean": 140.806945801,
        "dmean2": 238.494247437,
        "dvar": 13570.3759766,
        "dvar2": 34905.1875,
        "max": 2199.60913086,
        "mean": 1534.11486816,
        "median": 1576.60461426,
        "min": 808.082580566,
        "var": 89542.9296875
    },
    "spectral_complexity": {
        "dmean": 2.19696974754,
        "dmean2": 3.65045595169,
        "dvar": 4.08544540405,
        "dvar2": 8.97508430481,
        "max": 33,
        "mean": 23.0241699219,
        "median": 23,
        "min": 2,
        "var": 9.74561691284
    },
    "spectral_decrease": {
        "dmean": 1.45078216107e-09,
        "dmean2": 2.26315810536e-09,
        "dvar": 1.38590203205e-18,
        "dvar2": 3.01635422193e-18,
        "max": -2.44012116069e-10,
        "mean": -1.12315516887e-08,
        "median": -1.11795914748e-08,
        "min": -1.69266858308e-08,
        "var": 4.50934450365e-18
    },
    "spectral_energy": {
        "dmean": 0.00586513057351,
        "dmean2": 0.00910473428667,
        "dvar": 2.27463278861e-05,
        "dvar2": 4.89134909003e-05,
        "max": 0.0686263740063,
        "mean": 0.0459558032453,
        "median": 0.0457556247711,
        "min": 0.00103010097519,
        "var": 7.50301624066e-05
    },
    "spectral_energyband_high": {
        "dmean": 4.79440277559e-05,
        "dmean2": 7.93470680946e-05,
        "dvar": 2.2002917266e-09,
        "dvar2": 6.23411189338e-09,
        "max": 0.000724347890355,
        "mean": 0.000166366284247,
        "median": 0.000145176119986,
        "min": 7.29236808183e-06,
        "var": 7.71186670079e-09
    },
    "spectral_energyband_low": {
        "dmean": 0.00300950580277,
        "dmean2": 0.00439074169844,
        "dvar": 6.44524698146e-06,
        "dvar2": 1.48047647599e-05,
        "max": 0.0402273610234,
        "mean": 0.0130232097581,
        "median": 0.0127590745687,
        "min": 0.00022863241611,
        "var": 2.34257404372e-05
    },
    "spectral_energyband_middle_high": {
        "dmean": 0.00294754048809,
        "dmean2": 0.00418634759262,
        "dvar": 7.58061378292e-06,
        "dvar2": 1.38521836561e-05,
        "max": 0.0541822463274,
        "mean": 0.0158799868077,
        "median": 0.0140384789556,
        "min": 0.000615219294559,
        "var": 6.16893812548e-05
    },
    "spectral_energyband_middle_low": {
        "dmean": 0.00453583523631,
        "dmean2": 0.00752473948523,
        "dvar": 1.36031976581e-05,
        "dvar2": 4.10194334108e-05,
        "max": 0.052352424711,
        "mean": 0.0170073136687,
        "median": 0.013923865743,
        "min": 0.000177525900654,
        "var": 9.93740104605e-05
    },
    "spectral_entropy": {
        "dmean": 0.0834827646613,
        "dmean2": 0.136671558022,
        "dvar": 0.00690389564261,
        "dvar2": 0.0124248107895,
        "max": 8.33417606354,
        "mean": 7.02880573273,
        "median": 7.05726385117,
        "min": 6.50783205032,
        "var": 0.0331143848598
    },
    "spectral_flux": {
        "dmean": 0.0127090914175,
        "dmean2": 0.0212975237519,
        "dvar": 0.00014843561803,
        "dvar2": 0.000298269325867,
        "max": 0.198796510696,
        "mean": 0.0666960552335,
        "median": 0.0659341439605,
        "min": 0.0337390005589,
        "var": 0.000256418308709
    },
    "spectral_kurtosis": {
        "dmean": 4.59812736511,
        "dmean2": 8.09668540955,
        "dvar": 12.2234992981,
        "dvar2": 39.1618881226,
        "max": 26.5764636993,
        "mean": 8.72011375427,
        "median": 7.87805938721,
        "min": 1.82693862915,
        "var": 19.1461162567
    },
    "spectral_rms": {
        "dmean": 0.000438722549006,
        "dmean2": 0.000677031523082,
        "dvar": 1.87552828379e-07,
        "dvar2": 3.25287913938e-07,
        "max": 0.00818245485425,
        "mean": 0.00666094850749,
        "median": 0.0066812899895,
        "min": 0.00100248516537,
        "var": 4.66714084268e-07
    },
    "spectral_rolloff": {
        "dmean": 121.303619385,
        "dmean2": 215.004653931,
        "dvar": 40262.359375,
        "dvar2": 91099.5625,
        "max": 2777.78320312,
        "mean": 1641.85742188,
        "median": 1636.5234375,
        "min": 710.595703125,
        "var": 115471
    },
    "spectral_skewness": {
        "dmean": 0.4080555439,
        "dmean2": 0.717664480209,
        "dvar": 0.110202893615,
        "dvar2": 0.344218552113,
        "max": 4.31257581711,
        "mean": 1.5827357769,
        "median": 1.5266597271,
        "min": 0.757615625858,
        "var": 0.18794798851
    },
    "spectral_spread": {
        "dmean": 206178.28125,
        "dmean2": 328412.46875,
        "dvar": 355671310336,
        "dvar2": 221515497472,
        "max": 15450804,
        "mean": 2223027,
        "median": 2168331.25,
        "min": 1584182.875,
        "var": 599287660544
    },
    "spectral_strongpeak": {
        "dmean": 1.11667633057,
        "dmean2": 2.01406359673,
        "dvar": 4.30442714691,
        "dvar2": 10.8445138931,
        "max": 14.1075706482,
        "mean": 2.4904859066,
        "median": 0.405078440905,
        "min": 0,
        "var": 10.9127445221
    },
    "zerocrossingrate": {
        "dmean": 0.00355705502443,
        "dmean2": 0.00444647623226,
        "dvar": 1.28841575133e-05,
        "dvar2": 1.55365360115e-05,
        "max": 0.07373046875,
        "mean": 0.0533155910671,
        "median": 0.0546875,
        "min": 0.013671875,
        "var": 0.000106045903522
    },
    "barkbands": {
        "dmean": [3.65206797142e-05, 0.00292677269317, 0.000196507098735, 0.000267658702796, 0.00293999700807, 6.93994006724e-05, 0.000606242858339, 0.000119613316201, 0.00286126579158, 0.000279371626675, 0.000249615812209, 0.00042584259063, 0.000220475281822, 0.00256011285819, 0.000783849856816, 0.000224936418817, 0.000377319287509, 0.000299610430375, 0.000150230654981, 4.92686813232e-05, 3.09557544824e-05, 4.89677677251e-06, 2.57426177086e-06, 3.74083128918e-07, 4.12913720993e-07, 2.2770166197e-07, 7.37275342999e-08],
        "dmean2": [6.23308296781e-05, 0.00429933425039, 0.000286180875264, 0.000470638420666, 0.00502478983253, 0.000109544627776, 0.0010413081618, 0.000188482474186, 0.00425112899393, 0.00053525326075, 0.000406600069255, 0.000731959822588, 0.000390777800931, 0.00342730921693, 0.00105729291681, 0.000363486236893, 0.000586851383559, 0.000426952552516, 0.000218256012886, 8.583937597e-05, 4.57802198071e-05, 7.18209230399e-06, 4.79191066916e-06, 6.01787576215e-07, 7.29797648091e-07, 3.7455120605e-07, 1.20866147313e-07],
        "dvar": [2.13291184714e-09, 6.04560091233e-06, 3.05273601953e-08, 5.98829856813e-08, 7.26837379261e-06, 4.61508742333e-09, 2.53232514069e-07, 1.69443765685e-08, 7.13312147127e-06, 6.90458108465e-08, 5.67112152794e-08, 2.18163393129e-07, 6.70183695206e-08, 6.1157716118e-06, 5.6412181948e-07, 5.10245889984e-08, 1.42197549735e-07, 9.77951657433e-08, 1.96050251589e-08, 1.87016535591e-09, 8.67796334791e-10, 2.63941039164e-11, 6.37798451206e-12, 3.07815323794e-13, 3.27463034987e-12, 1.46079643607e-12, 7.25139620659e-14],
        "dvar2": [5.59589619087e-09, 1.38930790854e-05, 6.74560851621e-08, 1.55721977535e-07, 1.92610532395e-05, 1.0216189672e-08, 7.07428910118e-07, 3.85649556733e-08, 1.87552777788e-05, 2.51283381658e-07, 1.48665534994e-07, 5.88682553371e-07, 1.75675623382e-07, 1.0367239156e-05, 9.03401371488e-07, 1.18962105944e-07, 3.11044317414e-07, 1.80152269991e-07, 3.93558998724e-08, 5.76855807566e-09, 1.91773796843e-09, 5.66518360001e-11, 1.79109001935e-11, 6.00148186355e-13, 7.79455406469e-12, 3.57400697579e-12, 1.30329950933e-13],
        "max": [0.000509705394506, 0.0393512323499, 0.00157879770268, 0.0021722142119, 0.022786013782, 0.000552198907826, 0.00780938565731, 0.0022393791005, 0.0463521778584, 0.00167279469315, 0.00333157507703, 0.00462949555367, 0.0037162064109, 0.0480454415083, 0.0152751253918, 0.00219393242151, 0.003986033611, 0.00369022344239, 0.00166496972088, 0.000468307174742, 0.000467917649075, 7.34196000849e-05, 2.01152979571e-05, 9.9025101008e-06, 2.10641483136e-05, 1.56082187459e-05, 3.14520116262e-06],
        "mean": [4.57524001831e-05, 0.0124989664182, 0.000381454330636, 0.000515183317475, 0.00429871957749, 0.000100352503068, 0.0017043473199, 0.00049758766545, 0.00971321295947, 0.00040558539331, 0.000781342445407, 0.000668314227369, 0.000739747483749, 0.00737630203366, 0.00287941098213, 0.000705060840119, 0.00101628841367, 0.000946758198552, 0.00045356847113, 0.000102954239992, 0.000101155877928, 1.72297823156e-05, 4.30980071542e-06, 9.62284616435e-07, 6.49549576792e-07, 2.55294850149e-07, 3.0966276654e-07],
        "median": [3.54251023964e-05, 0.012294488959, 0.000340096914442, 0.000385363440728, 0.00347100780345, 6.95190101396e-05, 0.00115140923299, 0.000382736616302, 0.0054952125065, 0.000329932954628, 0.00062069791602, 0.00048015662469, 0.000390097266063, 0.0052322903648, 0.00226926384494, 0.00059128733119, 0.00087963079568, 0.00075432198355, 0.000369884277461, 9.24808045966e-05, 8.27438634587e-05, 1.48617991726e-05, 3.72720251107e-06, 8.07714457096e-07, 4.12301005781e-07, 1.20165807971e-07, 2.78557621414e-07],
        "min": [1.5835485101e-06, 0.000119037780678, 2.65867565759e-05, 1.05980880107e-05, 2.67375271505e-05, 5.76924594498e-06, 4.96118336741e-05, 1.20611202874e-05, 1.38460272865e-05, 1.89632883121e-05, 1.55106899911e-05, 2.20825804718e-05, 1.13036312541e-05, 0.00015564232308, 8.24809831101e-05, 7.27509323042e-05, 6.15730969002e-05, 2.47273619607e-05, 8.36565686768e-06, 3.65016239812e-06, 2.34874710259e-06, 8.13433416624e-07, 5.09339486143e-07, 1.74314095602e-07, 1.26805701939e-07, 2.57393555358e-08, 1.30401204501e-07],
        "var": [1.88252058386e-09, 2.26599022426e-05, 4.64866154459e-08, 2.02560485718e-07, 1.04259670479e-05, 7.98745336539e-09, 2.62027651843e-06, 1.84548710536e-07, 0.000103007281723, 8.55206181427e-08, 3.37556372187e-07, 4.21856384492e-07, 6.84916301452e-07, 5.32899975951e-05, 6.32509772913e-06, 1.83593826364e-07, 4.52213640756e-07, 4.95183314797e-07, 9.98869182922e-08, 3.20599591319e-09, 4.27669633041e-09, 1.13212425545e-10, 7.33351747384e-12, 6.3545387485e-13, 2.85061774533e-12, 1.17566340777e-12, 7.80145804728e-14]
    },
    "erbbands": {
        "dmean": [0.0846719965339, 0.671764969826, 0.538244962692, 0.438660591841, 8.62914562225, 9.25370311737, 0.855307817459, 0.788650870323, 4.1299905777, 8.32198429108, 5.86950778961, 87.478263855, 16.5300750732, 12.4767589569, 6.33540248871, 19.9254341125, 11.0167140961, 74.7049026489, 63.5566596985, 24.0460605621, 16.7161636353, 20.8135910034, 12.1413888931, 12.4673280716, 6.55673742294, 1.88182592392, 1.24310016632, 1.01066219807, 0.184189707041, 0.0503523722291, 0.0839802846313, 0.0170307196677, 0.00468467967585, 0.00374015280977, 0.0040647261776, 0.00139216333628, 0.00031564195524, 6.23368468951e-05, 1.1911412912e-05, 7.27122187527e-06],
        "dmean2": [0.136412233114, 0.949794769287, 0.717646479607, 0.701477348804, 13.4911870956, 16.7166290283, 1.50313127041, 1.21454048157, 6.86795091629, 14.4465246201, 9.95252895355, 130.231033325, 25.9697322845, 23.3171024323, 10.1633815765, 34.4464569092, 19.4178276062, 96.5336151123, 88.9848480225, 32.8648719788, 25.666885376, 32.3484458923, 18.0249633789, 17.309173584, 9.56352043152, 3.36679577827, 1.91822493076, 1.53902459145, 0.272532165051, 0.0850351154804, 0.155463010073, 0.0291791204363, 0.00756046175957, 0.00650335289538, 0.00693982793018, 0.00244962307625, 0.000501589733176, 9.66377992881e-05, 1.98960478883e-05, 1.1282622836e-05],
        "dvar": [0.00507122883573, 0.309671491385, 0.142111331224, 0.169796794653, 64.2199249268, 70.8232269287, 0.555264830589, 0.551808297634, 12.3585157394, 46.573474884, 25.9364967346, 6627.78955078, 200.474243164, 206.165222168, 34.3651390076, 468.719451904, 160.267288208, 5283.70751953, 3468.36254883, 510.805786133, 265.181945801, 417.83291626, 116.048271179, 132.363922119, 46.048412323, 4.15585851669, 1.66294384003, 0.86430990696, 0.0309228263795, 0.00205310503952, 0.00693136686459, 0.000259312277194, 7.79569454608e-05, 0.000292586773867, 0.000329984643031, 3.61340753443e-05, 4.53423581348e-06, 1.66565200743e-07, 2.03911754149e-09, 3.65356460363e-11],
        "dvar2": [0.0124480901286, 0.672731816769, 0.305218487978, 0.423902004957, 156.085739136, 194.56552124, 1.52477383614, 1.17605733871, 32.1888618469, 138.535263062, 72.0492324829, 17615.0566406, 500.90725708, 738.523864746, 87.2659912109, 1287.64367676, 431.520141602, 8612.61035156, 6484.51806641, 879.729675293, 542.470214844, 893.11541748, 283.446868896, 260.072174072, 84.6761779785, 13.3168525696, 3.89278554916, 1.7950783968, 0.0698011443019, 0.00538756325841, 0.0202757269144, 0.000664295686875, 0.0001497255289, 0.000754205335397, 0.000806249270681, 8.99396036402e-05, 1.08638942038e-05, 3.72190129383e-07, 3.94326482578e-09, 7.82706538471e-11],
        "max": [1.12034785748, 8.79620933533, 3.49957227707, 3.74269270897, 69.556854248, 58.4096832275, 5.45268440247, 5.71881818771, 65.1823120117, 88.8237609863, 65.736907959, 1396.94396973, 235.667953491, 142.033432007, 67.9697418213, 215.301956177, 178.30015564, 1444.31835938, 1143.90100098, 455.326660156, 225.984909058, 210.420700073, 161.797988892, 139.076507568, 82.9674377441, 26.0680599213, 18.4015827179, 14.5614709854, 2.29003238678, 0.417626321316, 0.664328157902, 0.225725874305, 0.14153508842, 0.196801692247, 0.241502344608, 0.065319262445, 0.0313152931631, 0.00586334196851, 0.00054142071167, 9.26818684093e-05],
        "mean": [0.336581289768, 2.88591432571, 1.33109509945, 1.123082757, 13.2162227631, 12.0259141922, 1.39181399345, 1.39412558079, 13.5715208054, 23.3181800842, 25.4968395233, 284.609375, 60.1998329163, 26.8821983337, 20.4062213898, 31.8219051361, 40.0663528442, 229.777801514, 243.632980347, 95.9694595337, 55.1410484314, 52.3513374329, 39.5158081055, 41.2648735046, 19.79164505, 4.63251495361, 3.77422308922, 3.35619306564, 0.731769561768, 0.16057009995, 0.134539112449, 0.0370625630021, 0.0122133148834, 0.00639383308589, 0.00554053438827, 0.00185767526273, 0.000317265861668, 9.90548578557e-05, 6.02742111369e-05, 6.05014101893e-05],
        "median": [0.334450960159, 2.84739160538, 1.19817948341, 0.944011449814, 10.4729242325, 10.045633316, 1.20330929756, 1.06632423401, 8.58612918854, 18.8881492615, 23.3649234772, 155.484649658, 42.9601745605, 21.911813736, 16.6996765137, 23.9428405762, 24.3552703857, 165.202926636, 191.269622803, 79.9563827515, 46.8562316895, 42.7756385803, 34.6727790833, 35.7051963806, 15.2837638855, 4.12260866165, 3.1017203331, 2.87350082397, 0.653024196625, 0.14999628067, 0.118073329329, 0.032085955143, 0.00991209503263, 0.00412664096802, 0.00340342568234, 0.00112762139179, 9.53425842454e-05, 5.68917093915e-05, 5.53227982891e-05, 6.04440028837e-05],
        "min": [0.0037398179993, 0.0258216410875, 0.0749752819538, 0.0974353030324, 0.0958977937698, 0.0789054483175, 0.105466343462, 0.178562119603, 0.508168578148, 0.675527751446, 0.200139597058, 0.343496501446, 0.435452789068, 1.58962380886, 1.78608977795, 1.28196752071, 3.1954433918, 6.25023555756, 6.51818943024, 5.21935033798, 5.19043064117, 2.98986959457, 1.53545796871, 0.613741934299, 0.369340538979, 0.229131191969, 0.107820391655, 0.0756034627557, 0.0340069048107, 0.0207880847156, 0.0119311856106, 0.00658748485148, 0.00324043794535, 0.00152154348325, 0.000925709260628, 0.000350048503606, 4.61964918941e-05, 2.46567815338e-05, 2.1115063646e-05, 3.2751092931e-06],
        "var": [0.0170438736677, 1.20881891251, 0.356098026037, 0.519745290279, 126.933013916, 78.2179031372, 0.767173945904, 0.935059249401, 182.51725769, 333.770721436, 158.461746216, 96370.1171875, 2773.90405273, 372.505767822, 156.697097778, 880.934692383, 1445.12597656, 47611.9414062, 32188.4902344, 5541.07861328, 1286.60900879, 1155.87194824, 527.794677734, 785.617614746, 225.442581177, 6.76178884506, 6.75116968155, 4.32063388824, 0.125611811876, 0.00492522260174, 0.0075850575231, 0.00049579894403, 0.00013251202472, 0.000226479998673, 0.00027481111465, 2.86640297418e-05, 3.70186376131e-06, 1.46632928022e-07, 1.99445016058e-09, 9.80919304117e-11]
    },
    "gfcc": {
        "mean": [0.398292928934, 155.799041748, -173.303207397, 32.5917472839, -17.1683692932, 1.93439459801, -7.34869527817, 7.94759607315, 2.23656415939, -0.384383022785, -15.7142400742, -19.4471359253, -5.04567337036],
        "cov": [[187.468399048, -35.5977554321, -12.5960006714, 30.0193920135, -2.24183964729, -8.29549121857, -21.4038619995, 10.7334032059, -18.3524112701, 13.8948745728, 15.7118196487, 19.7135295868, -2.52643203735], [-35.5977554321, 123.690460205, -5.83306980133, -11.6382341385, -2.13587617874, -20.5481395721, 20.077753067, -33.924571991, 16.9148979187, -29.9486713409, -8.54122829437, -19.3456878662, 13.3071308136], [-12.5960006714, -5.83306980133, 68.8116912842, -0.313850909472, -13.6966667175, 13.3343172073, -1.6031819582, 6.35573196411, -26.3462181091, -21.1444015503, -27.3593044281, 1.98962438107, 3.10198068619], [30.0193920135, -11.6382341385, -0.313850909472, 74.5638961792, 20.0138568878, -13.48939991, -9.78069496155, -15.983165741, -21.7777481079, -10.8308019638, 0.338196903467, 8.54274559021, 11.3951473236], [-2.24183964729, -2.13587617874, -13.6966667175, 20.0138568878, 52.9272956848, 4.58879327774, -16.685842514, -16.2793807983, -0.326573014259, 15.3581085205, 10.0056228638, 4.06876945496, -2.05640482903], [-8.29549121857, -20.5481395721, 13.3343172073, -13.48939991, 4.58879327774, 54.326877594, 17.0086936951, 4.24424219131, -0.92089009285, -1.29430758953, -7.19610786438, -9.92485237122, -6.7417473793], [-21.4038619995, 20.077753067, -1.6031819582, -9.78069496155, -16.685842514, 17.0086936951, 64.0876617432, 19.1998939514, -7.82253503799, -25.8757820129, -19.3340206146, -17.8445053101, 0.461411178112], [10.7334032059, -33.924571991, 6.35573196411, -15.983165741, -16.2793807983, 4.24424219131, 19.1998939514, 68.0411224365, 13.7511968613, -4.8227725029, -1.90783321857, 9.85371398926, -4.41671943665], [-18.3524112701, 16.9148979187, -26.3462181091, -21.7777481079, -0.326573014259, -0.92089009285, -7.82253503799, 13.7511968613, 71.1532211304, 27.8686351776, 17.3259105682, -1.72980833054, -1.76666259766], [13.8948745728, -29.9486713409, -21.1444015503, -10.8308019638, 15.3581085205, -1.29430758953, -25.8757820129, -4.8227725029, 27.8686351776, 75.0138320923, 40.0028572083, 5.77908420563, -14.5523366928], [15.7118196487, -8.54122829437, -27.3593044281, 0.338196903467, 10.0056228638, -7.19610786438, -19.3340206146, -1.90783321857, 17.3259105682, 40.0028572083, 58.8708267212, 22.3903236389, -12.9787845612], [19.7135295868, -19.3456878662, 1.98962438107, 8.54274559021, 4.06876945496, -9.92485237122, -17.8445053101, 9.85371398926, -1.72980833054, 5.77908420563, 22.3903236389, 54.4371566772, 10.544552803], [-2.52643203735, 13.3071308136, 3.10198068619, 11.3951473236, -2.05640482903, -6.7417473793, 0.461411178112, -4.41671943665, -1.76666259766, -14.5523366928, -12.9787845612, 10.544552803, 31.3153343201]],
        "icov": [[0.00826855003834, -0.00556802703068, 0.00765696493909, -0.00644059525803, 0.00667698867619, -0.00648644007742, 0.00847059115767, -0.00787406228483, 0.00794822908938, -0.00647255033255, 0.00534193310887, -0.00361817958765, 0.00329786888324], [-0.00556802703068, 0.0374252982438, -0.0218161381781, 0.0180875826627, -0.0183458309621, 0.0289240851998, -0.0286529138684, 0.0315049253404, -0.0268461368978, 0.0281553901732, -0.0247254800051, 0.0139123788103, -0.0142484279349], [0.00765696493909, -0.0218161381781, 0.0420350283384, -0.0135821020231, 0.0211606882513, -0.0268589556217, 0.0283947046846, -0.0232995878905, 0.0260025374591, -0.0184728335589, 0.0292879436165, -0.0145629988983, 0.0124941831455], [-0.00644059525803, 0.0180875826627, -0.0135821020231, 0.0301957111806, -0.0189895797521, 0.0195808000863, -0.0153480172157, 0.0175671186298, -0.00982359424233, 0.0182892400771, -0.0170180220157, 0.00880215223879, -0.0142480097711], [0.00667698867619, -0.0183458309621, 0.0211606882513, -0.0189895797521, 0.0396941006184, -0.023620005697, 0.0227884538472, -0.0139729529619, 0.0164826046675, -0.0196200795472, 0.0180911216885, -0.0110461460426, 0.0113932853565], [-0.00648644007742, 0.0289240851998, -0.0268589556217, 0.0195808000863, -0.023620005697, 0.0486388206482, -0.0328415296972, 0.0264936108142, -0.0239204149693, 0.0214687157422, -0.020938012749, 0.0128297144547, -0.00850894674659], [0.00847059115767, -0.0286529138684, 0.0283947046846, -0.0153480172157, 0.0227884538472, -0.0328415296972, 0.0529409870505, -0.0345049127936, 0.0283150877804, -0.0163705125451, 0.0213454402983, -0.003761398606, 0.00851412117481], [-0.00787406228483, 0.0315049253404, -0.0232995878905, 0.0175671186298, -0.0139729529619, 0.0264936108142, -0.0345049127936, 0.0496914722025, -0.0313108749688, 0.024701308459, -0.0176725052297, 0.00216619670391, -0.00414583645761], [0.00794822908938, -0.0268461368978, 0.0260025374591, -0.00982359424233, 0.0164826046675, -0.0239204149693, 0.0283150877804, -0.0313108749688, 0.044369827956, -0.0265624653548, 0.0164703149348, -0.00560068059713, 0.00301905930974], [-0.00647255033255, 0.0281553901732, -0.0184728335589, 0.0182892400771, -0.0196200795472, 0.0214687157422, -0.0163705125451, 0.024701308459, -0.0265624653548, 0.0491498410702, -0.0349602513015, 0.0156980808824, -0.00868701096624], [0.00534193310887, -0.0247254800051, 0.0292879436165, -0.0170180220157, 0.0180911216885, -0.020938012749, 0.0213454402983, -0.0176725052297, 0.0164703149348, -0.0349602513015, 0.0643026530743, -0.0321711823344, 0.0302688442171], [-0.00361817958765, 0.0139123788103, -0.0145629988983, 0.00880215223879, -0.0110461460426, 0.0128297144547, -0.003761398606, 0.00216619670391, -0.00560068059713, 0.0156980808824, -0.0321711823344, 0.041733622551, -0.0259737353772], [0.00329786888324, -0.0142484279349, 0.0124941831455, -0.0142480097711, 0.0113932853565, -0.00850894674659, 0.00851412117481, -0.00414583645761, 0.00301905930974, -0.00868701096624, 0.0302688442171, -0.0259737353772, 0.0578315742314]]
    },
    "melbands": {
        "dmean": [0.000794326071627, 0.000511464022566, 0.000251877994742, 0.000788010074757, 7.50792896724e-05, 1.54834542627e-05, 9.04243788682e-05, 7.48517850298e-05, 6.08597074461e-05, 0.000566301110666, 6.36215845589e-05, 4.93942497997e-05, 2.80283074972e-05, 5.67347778997e-05, 1.68649839907e-05, 2.83265890175e-05, 0.000190841470612, 0.000159281320521, 8.04877563496e-05, 1.38954101203e-05, 2.28914868785e-05, 2.11137157748e-05, 1.45092617458e-05, 1.59838582476e-05, 1.04488271973e-05, 7.28193572286e-06, 2.29719807976e-06, 1.36515939175e-06, 5.94657194597e-07, 1.14505269266e-06, 4.06655914276e-07, 1.48238953557e-07, 4.04235898088e-08, 3.18559933987e-08, 5.91799285132e-08, 2.32466899064e-08, 7.2310339938e-09, 3.74441322393e-09, 2.72655586997e-09, 3.59151197671e-09],
        "dmean2": [0.00120979652274, 0.00069323979551, 0.000367335625924, 0.00136787944939, 0.000131404609419, 2.40835488512e-05, 0.000153159475303, 0.000128276922624, 0.000110271095764, 0.000834609963931, 0.000104670718429, 9.28768349695e-05, 4.4675594836e-05, 9.69034954323e-05, 2.9475422707e-05, 4.95612403029e-05, 0.000249340053415, 0.000218919623876, 0.000110536915599, 2.31118792726e-05, 3.48245121131e-05, 3.27141933667e-05, 2.29616380238e-05, 2.20541878662e-05, 1.46448765008e-05, 1.05069029814e-05, 3.78369531973e-06, 2.43451836468e-06, 9.6422434126e-07, 1.67233861248e-06, 6.26538167126e-07, 2.15648057633e-07, 6.56792877862e-08, 5.61292097245e-08, 1.09340561494e-07, 4.31991438177e-08, 1.20264393999e-08, 5.82654724468e-09, 4.70850780587e-09, 6.17846973583e-09],
        "dvar": [4.58787525304e-07, 1.54641597305e-07, 5.70359510732e-08, 5.32787055363e-07, 4.54006121586e-09, 2.22501003733e-10, 5.80267833783e-09, 3.66757291204e-09, 2.75502043401e-09, 2.7842256145e-07, 2.98887958827e-09, 3.25741278395e-09, 7.25190074657e-10, 3.95570509681e-09, 2.7549990067e-10, 1.13754905495e-09, 3.42199477643e-08, 2.30037535687e-08, 5.95768279155e-09, 1.66483660191e-10, 5.51636680779e-10, 4.67757887979e-10, 1.54732948676e-10, 2.84589296573e-10, 8.72690253395e-11, 5.89899726289e-11, 4.09101745535e-12, 2.69621434554e-12, 3.48799765112e-13, 1.30610789111e-12, 1.28707848958e-13, 2.19667356137e-14, 1.33091692964e-15, 1.01674340977e-15, 3.48281228483e-15, 5.69974875894e-16, 8.96328081028e-17, 4.51649415656e-17, 5.51932458695e-17, 3.00463047531e-16],
        "dvar2": [1.06913660147e-06, 3.34699876703e-07, 1.25439825638e-07, 1.43331010349e-06, 1.25397185968e-08, 4.75706918301e-10, 1.54424260046e-08, 1.09777644752e-08, 8.06676858645e-09, 7.2549886454e-07, 8.40658564982e-09, 1.17461365079e-08, 1.79525616595e-09, 1.04796162859e-08, 8.12710898579e-10, 2.89923285379e-09, 5.58684973839e-08, 4.21901127368e-08, 9.51551637485e-09, 4.32123586913e-10, 1.0019463037e-09, 1.04099084908e-09, 3.60359048157e-10, 5.01011898635e-10, 1.82193371501e-10, 1.05204844836e-10, 1.13060246928e-11, 8.58121212977e-12, 8.75239767814e-13, 2.82216047406e-12, 2.86365901695e-13, 4.82132949287e-14, 3.16723703132e-15, 2.70654915208e-15, 1.02311686683e-14, 1.60301662894e-15, 1.81138260468e-16, 8.54003763712e-17, 1.29114687988e-16, 7.94752909079e-16],
        "max": [0.0111216036603, 0.00535946898162, 0.0020250712987, 0.00594305852428, 0.000470831844723, 0.000117842842883, 0.00132029503584, 0.000795098603703, 0.000635628413875, 0.00923291128129, 0.000713247514796, 0.000547418894712, 0.00035141047556, 0.00062818150036, 0.00015834037913, 0.000497901753988, 0.00366441998631, 0.00292552891187, 0.00153994176071, 0.000129659703816, 0.000341352715623, 0.000251072255196, 0.000104586135421, 0.000197639266844, 0.000106466715806, 9.30190071813e-05, 1.88968533621e-05, 1.99608839466e-05, 7.42505972084e-06, 1.77782239916e-05, 5.77570381211e-06, 1.92991456061e-06, 3.43033434547e-07, 2.74253380894e-07, 4.72898619819e-07, 1.66909899235e-07, 1.64604998076e-07, 1.19285118672e-07, 8.33528233102e-08, 1.99357643282e-07],
        "mean": [0.00349710672162, 0.00181174615864, 0.000487902376335, 0.00109990581404, 9.9174962088e-05, 2.26779957302e-05, 0.000277556915535, 0.000226833959459, 0.000194742533495, 0.00187654979527, 0.000202640105272, 9.62301492109e-05, 8.69279538165e-05, 8.98603902897e-05, 3.38301360898e-05, 9.92480127024e-05, 0.000561402586754, 0.000508146011271, 0.000281760352664, 3.71120440832e-05, 6.82147438056e-05, 5.45648508705e-05, 3.43866049661e-05, 4.83112089569e-05, 3.18224301736e-05, 2.07550292544e-05, 4.80683183923e-06, 2.60257934315e-06, 1.68145209045e-06, 3.53027462552e-06, 1.32571051381e-06, 4.70739990988e-07, 1.31450775598e-07, 6.69098483286e-08, 8.88753248773e-08, 4.14300416196e-08, 1.5799471953e-08, 8.7444806951e-09, 5.62554181016e-09, 5.05915442872e-09],
        "median": [0.00344359688461, 0.00173974514473, 0.000381157966331, 0.000861841137521, 8.15191815491e-05, 1.51890963025e-05, 0.000176583125722, 0.000189398066141, 0.000167800099007, 0.00103130284697, 0.000149860716192, 7.59648173698e-05, 6.71087400406e-05, 6.6086948209e-05, 2.95476420433e-05, 5.01928661834e-05, 0.000401338998927, 0.000363037775969, 0.000216736807488, 3.31497321895e-05, 5.33129750693e-05, 4.59805196442e-05, 3.09730530716e-05, 3.8181682612e-05, 2.76401115116e-05, 1.5756688299e-05, 4.29948522651e-06, 2.14231022255e-06, 1.40671204463e-06, 2.88778505819e-06, 1.1420924011e-06, 4.08362950566e-07, 1.22250128243e-07, 5.77938159552e-08, 7.51869606574e-08, 3.59723735244e-08, 1.32440529654e-08, 6.85573375847e-09, 4.2553360835e-09, 3.010607319e-09],
        "min": [3.54744806828e-05, 3.85707462556e-05, 1.71875908563e-05, 6.23966298008e-06, 3.45240528077e-06, 1.35763730214e-06, 6.64564186081e-06, 6.39690824755e-06, 1.32491072691e-06, 2.23120218834e-06, 2.08467326956e-06, 6.13369138591e-06, 2.76975379165e-06, 3.08262951876e-06, 2.87466377813e-06, 1.79283279067e-06, 1.39552694236e-05, 1.253085793e-05, 5.77191394768e-06, 3.91197136196e-06, 4.98416102346e-06, 3.77467449653e-06, 1.2054437093e-06, 1.16290027563e-06, 4.19819571107e-07, 3.19367501334e-07, 1.12208617509e-07, 1.76174765443e-07, 5.2188415367e-08, 7.33312077728e-08, 3.44062698332e-08, 1.97972980231e-08, 1.2602781041e-08, 1.06096162966e-08, 7.1426580206e-09, 5.15361708864e-09, 2.03321826042e-09, 2.01963912261e-09, 1.02883701558e-09, 9.80275416396e-10],
        "var": [1.74178194357e-06, 5.12948759024e-07, 1.58875636203e-07, 7.10178369445e-07, 5.92398885502e-09, 4.01475658274e-10, 7.50968425223e-08, 2.85025034685e-08, 1.32212898407e-08, 4.22142738898e-06, 2.71065339064e-08, 5.72702330004e-09, 4.19705159516e-09, 7.85921638879e-09, 5.44146783188e-10, 1.24969714577e-08, 3.11548717491e-07, 1.95182025209e-07, 6.46760369705e-08, 4.71030048299e-10, 2.74552891533e-09, 1.3266939769e-09, 3.83922005298e-10, 1.48322787386e-09, 5.0470427837e-10, 2.934811838e-10, 8.47881053562e-12, 3.78744952068e-12, 1.32963334353e-12, 6.27620611732e-12, 5.91839836687e-13, 9.18495626236e-14, 3.78348611121e-15, 1.52025240439e-15, 3.76720783203e-15, 6.35307797665e-16, 1.80218581211e-16, 8.00701105307e-17, 5.75459625986e-17, 2.18559011408e-16]
    },
    "mfcc": {
        "mean": [-629.724853516, 179.808822632, -70.7263717651, 42.7960510254, 4.71482467651, 15.6283311844, 0.834671080112, 11.8385725021, 16.242275238, 22.3118152618, 13.9384908676, -1.69999659061, -17.4283542633],
        "cov": [[222.511108398, -43.2921409607, -23.6443748474, 27.8695793152, 2.28301668167, -17.6984863281, 4.06294965744, -0.804334998131, -24.4624156952, -8.12328910828, -6.4601111412, 1.35569512844, 24.4578323364], [-43.2921409607, 112.375961304, -2.11124038696, -9.45537948608, -13.166677475, 12.8795022964, -10.2144756317, -4.29783964157, 4.35874319077, -10.798500061, 1.08299088478, 1.22250533104, -17.3381710052], [-23.6443748474, -2.11124038696, 76.8351287842, -8.85431861877, -12.5488300323, -0.260553479195, 6.66380500793, 15.3809156418, 6.11881971359, -6.37744235992, -24.7494525909, -15.4907541275, -15.0578613281], [27.8695793152, -9.45537948608, -8.85431861877, 74.8654251099, 11.5562448502, -5.21056556702, 2.58912181854, -6.66785764694, -1.67513906956, -20.5712909698, -22.0129966736, -7.81628274918, 1.1118067503], [2.28301668167, -13.166677475, -12.5488300323, 11.5562448502, 57.4807014465, 8.07266235352, -15.2939023972, -11.814904213, -7.18248271942, -2.31984424591, -3.18818068504, 2.36806082726, 16.0121059418], [-17.6984863281, 12.8795022964, -0.260553479195, -5.21056556702, 8.07266235352, 64.7543563843, 9.98316574097, -13.9043178558, -4.79295873642, 0.211659699678, -2.19308710098, -1.77457296848, -13.9335193634], [4.06294965744, -10.2144756317, 6.66380500793, 2.58912181854, -15.2939023972, 9.98316574097, 62.961894989, 11.8335704803, -4.63525104523, -10.726931572, -2.93171644211, -8.62688541412, -11.6925649643], [-0.804334998131, -4.29783964157, 15.3809156418, -6.66785764694, -11.814904213, -13.9043178558, 11.8335704803, 64.0515899658, 15.1709499359, -8.86322593689, -11.9527807236, -2.52186751366, -0.983253419399], [-24.4624156952, 4.35874319077, 6.11881971359, -1.67513906956, -7.18248271942, -4.79295873642, -4.63525104523, 15.1709499359, 51.4623451233, 7.89819860458, -11.8063783646, -5.84383535385, -8.25299263], [-8.12328910828, -10.798500061, -6.37744235992, -20.5712909698, -2.31984424591, 0.211659699678, -10.726931572, -8.86322593689, 7.89819860458, 67.8238296509, 30.3922405243, -10.3433132172, -5.25735473633], [-6.4601111412, 1.08299088478, -24.7494525909, -22.0129966736, -3.18818068504, -2.19308710098, -2.93171644211, -11.9527807236, -11.8063783646, 30.3922405243, 67.9982376099, 12.601568222, -13.4863624573], [1.35569512844, 1.22250533104, -15.4907541275, -7.81628274918, 2.36806082726, -1.77457296848, -8.62688541412, -2.52186751366, -5.84383535385, -10.3433132172, 12.601568222, 61.6624336243, 26.6428718567], [24.4578323364, -17.3381710052, -15.0578613281, 1.1118067503, 16.0121059418, -13.9335193634, -11.6925649643, -0.983253419399, -8.25299263, -5.25735473633, -13.4863624573, 26.6428718567, 84.1866912842]],
