{
"lowlevel": {
    "average_loudness": 0.990681231022,
    "barkbands_crest": {
        "dmean": 1.36662495136,
        "dmean2": 2.11697101593,
        "dvar": 1.25963521004,
        "dvar2": 3.60523962975,
        "max": 13.1140232086,
        "mean": 7.03823280334,
        "median": 6.46269702911,
        "min": 4.03414773941,
        "var": 4.22127532959
    },
    "barkbands_flatness_db": {
        "dmean": 0.00866462662816,
        "dmean2": 0.0147324949503,
        "dvar": 5.68280338484e-05,
        "dvar2": 0.000115949413157,
        "max": 0.172340303659,
        "mean": 0.144911333919,
        "median": 0.145084798336,
        "min": 0.106189258397,
        "var": 0.000152887761942
    },
    "barkbands_kurtosis": {
        "dmean": 0.317642509937,
        "dmean2": 0.499347567558,
        "dvar": 0.0948203057051,
        "dvar2": 0.220976799726,
        "max": 1.59913873672,
        "mean": -1.01928818226,
        "median": -1.12619328499,
        "min": -1.66353964806,
        "var": 0.313333630562
    },
    "barkbands_skewness": {
        "dmean": 0.269658625126,
        "dmean2": 0.422697305679,
        "dvar": 0.0300918668509,
        "dvar2": 0.0777103751898,
        "max": 0.773525178432,
        "mean": -0.244430795312,
        "median": -0.239385902882,
        "min": -1.25486338139,
        "var": 0.193667605519
    },
    "barkbands_spread": {
        "dmean": 3.28139925003,
        "dmean2": 5.35660076141,
        "dvar": 6.20779943466,
        "dvar2": 13.7984008789,
        "max": 50.7145652771,
        "mean": 32.5999107361,
        "median": 31.9573860168,
        "min": 17.4595909119,
        "var": 62.2409133911
    },
    "dissonance": {
        "dmean": 0.00658411858603,
        "dmean2": 0.0111917862669,
        "dvar": 5.53994941583e-05,
        "dvar2": 0.000118378404295,
        "max": 0.4999794662,
        "mean": 0.490157514811,
        "median": 0.49260020256,
        "min": 0.43404084444,
        "var": 6.92805406288e-05
    },
    "dynamic_complexity": 0.663839876652,
    "erbbands_crest": {
        "dmean": 1.23455929756,
        "dmean2": 2.22845220566,
        "dvar": 0.972556471825,
        "dvar2": 2.18363499641,
        "max": 11.002289772,
        "mean": 7.31929922104,
        "median": 7.14381790161,
        "min": 4.55363512039,
        "var": 1.824608922
    },
    "erbbands_flatness_db": {
        "dmean": 0.00948378164321,
        "dmean2": 0.0148539645597,
        "dvar": 5.99896557105e-05,
        "dvar2": 0.000112389418064,
        "max": 0.268995255232,
        "mean": 0.234732553363,
        "median": 0.235121190548,
        "min": 0.184504672885,
        "var": 0.000205005984753
    },
    "erbbands_kurtosis": {
        "dmean": 0.779668331146,
        "dmean2": 1.18705868721,
        "dvar": 0.41100782156,
        "dvar2": 1.01489794254,
        "max": 6.20600032806,
        "mean": 1.35105466843,
        "median": 1.064027071,
        "min": -1.05215251446,
        "var": 2.27219367027
    },
    "erbbands_skewness": {
        "dmean": 0.213070318103,
        "dmean2": 0.325356066227,
        "dvar": 0.0237114578485,
        "dvar2": 0.0647946372628,
        "max": 0.0427187792957,
        "mean": -0.889028549194,
        "median": -0.906325280666,
        "min": -1.72800397873,
        "var": 0.125008672476
    },
    "erbbands_spread": {
        "dmean": 3.36374664307,
        "dmean2": 5.19238185883,
        "dvar": 6.42110204697,
        "dvar2": 16.6230831146,
        "max": 34.8654212952,
        "mean": 20.8912773132,
        "median": 20.776386261,
        "min": 11.1882991791,
        "var": 24.2184772491
    },
    "hfc": {
        "dmean": 6.08552932739,
        "dmean2": 9.5454120636,
        "dvar": 23.9517364502,
        "dvar2": 56.4726333618,
        "max": 62.5208511353,
        "mean": 41.5232810974,
        "median": 41.8997764587,
        "min": 17.5023708344,
        "var": 77.7654647827
    },
    "melbands_crest": {
        "dmean": 2.29649615288,
        "dmean2": 3.74932718277,
        "dvar": 4.82509374619,
        "dvar2": 13.2222423553,
        "max": 19.421957016,
        "mean": 11.0652208328,
        "median": 10.7243938446,
        "min": 5.25256156921,
        "var": 13.3174133301
    },
    "melbands_flatness_db": {
        "dmean": 0.0113085219637,
        "dmean2": 0.0190621316433,
        "dvar": 9.41686375882e-05,
        "dvar2": 0.000223775656195,
        "max": 0.217996031046,
        "mean": 0.164460882545,
        "median": 0.162861973047,
        "min": 0.127431929111,
        "var": 0.000417219125666
    },
    "melbands_kurtosis": {
        "dmean": 0.614305913448,
        "dmean2": 0.958855330944,
        "dvar": 0.457513332367,
        "dvar2": 1.02208709717,
        "max": 4.42415332794,
        "mean": -0.361154943705,
        "median": -0.694090366364,
        "min": -1.58504402637,
        "var": 1.37850439548
    },
    "melbands_skewness": {
        "dmean": 0.313705474138,
        "dmean2": 0.486859560013,
        "dvar": 0.0496138073504,
        "dvar2": 0.119090691209,
        "max": 2.32969260216,
        "mean": 0.744590878487,
        "median": 0.678810119629,
        "min": -0.509836912155,
        "var": 0.328300237656
    },
    "melbands_spread": {
        "dmean": 6.89287185669,
        "dmean2": 10.5680408478,
        "dvar": 24.4811115265,
        "dvar2": 74.4179382324,
        "max": 78.5667953491,
        "mean": 58.203830719,
        "median": 59.0385169983,
        "min": 36.1520271301,
        "var": 99.2422714233
    },
    "pitch_salience": {
        "dmean": 0.0385335236788,
        "dmean2": 0.0672493949533,
        "dvar": 0.000833987025544,
        "dvar2": 0.00246689911,
        "max": 0.675209462643,
        "mean": 0.559108257294,
        "median": 0.557688713074,
        "min": 0.435195416212,
        "var": 0.00258212932386
    },
    "silence_rate_20dB": {
        "dmean": 0,
        "dmean2": 0,
        "dvar": 0,
        "dvar2": 0,
        "max": 1,
        "mean": 1,
        "median": 1,
        "min": 1,
        "var": 0
    },
    "silence_rate_30dB": {
        "dmean": 0,
        "dmean2": 0,
        "dvar": 0,
        "dvar2": 0,
        "max": 1,
        "mean": 1,
        "median": 1,
        "min": 1,
        "var": 0
    },
    "silence_rate_60dB": {
        "dmean": 0,
        "dmean2": 0,
        "dvar": 0,
        "dvar2": 0,
        "max": 0,
        "mean": 0,
        "median": 0,
        "min": 0,
        "var": 0
    },
    "spectral_centroid": {
        "dmean": 136.464523315,
        "dmean2": 234.042251587,
        "dvar": 12494.2880859,
        "dvar2": 34339.6601562,
        "max": 2762.83227539,
        "mean": 2332.25390625,
        "median": 2344.80908203,
        "min": 1683.74267578,
        "var": 35797.6171875
    },
    "spectral_complexity": {
        "dmean": 4.03100776672,
        "dmean2": 6.75,
        "dvar": 9.8905172348,
        "dvar2": 21.78125,
        "max": 50,
        "mean": 39.0769233704,
        "median": 39,
        "min": 16,
        "var": 23.6402397156
    },
    "spectral_decrease": {
        "dmean": 9.88021331416e-10,
        "dmean2": 1.62919711055e-09,
        "dvar": 5.44472096071e-19,
        "dvar2": 1.51552195782e-18,
        "max": -3.96516286472e-09,
        "mean": -6.56058984916e-09,
        "median": -6.61905064092e-09,
        "min": -9.06227182185e-09,
        "var": 1.00199024237e-18
    },
    "spectral_energy": {
        "dmean": 0.00412229588255,
        "dmean2": 0.00679133599624,
        "dvar": 9.64442097029e-06,
        "dvar2": 2.57083229371e-05,
        "max": 0.0392929017544,
        "mean": 0.0285273939371,
        "median": 0.0289588645101,
        "min": 0.0174615923315,
        "var": 1.75568275154e-05
    },
    "spectral_energyband_high": {
        "dmean": 0.000188356119907,
        "dmean2": 0.000307316338876,
        "dvar": 2.74660187927e-08,
        "dvar2": 7.33087901494e-08,
        "max": 0.00185540388338,
        "mean": 0.000837847648654,
        "median": 0.000779245630838,
        "min": 0.000278070976492,
        "var": 9.98105562644e-08
    },
    "spectral_energyband_low": {
        "dmean": 0.00140072789509,
        "dmean2": 0.00222074054182,
        "dvar": 2.77017079497e-06,
        "dvar2": 8.25498864288e-06,
        "max": 0.0150118423626,
        "mean": 0.0043314290233,
        "median": 0.00249046552926,
        "min": 0.000430907937698,
        "var": 1.52479015014e-05
    },
    "spectral_energyband_middle_high": {
        "dmean": 0.00262114871293,
        "dmean2": 0.00406647287309,
        "dvar": 4.34407093053e-06,
        "dvar2": 9.68938093138e-06,
        "max": 0.0259444862604,
        "mean": 0.0156194027513,
        "median": 0.0154969356954,
        "min": 0.00509408907965,
        "var": 1.70009006979e-05
    },
    "spectral_energyband_middle_low": {
        "dmean": 0.00238385261036,
        "dmean2": 0.00384934688918,
        "dvar": 3.67684219782e-06,
        "dvar2": 9.30910300667e-06,
        "max": 0.0198904834688,
        "mean": 0.00795442424715,
        "median": 0.00738612003624,
        "min": 0.00285637611523,
        "var": 1.16931623779e-05
    },
    "spectral_entropy": {
        "dmean": 0.0512333884835,
        "dmean2": 0.0828026607633,
        "dvar": 0.00261832308024,
        "dvar2": 0.00434463797137,
        "max": 7.96526765823,
        "mean": 7.56193971634,
        "median": 7.55586671829,
        "min": 7.37504434586,
        "var": 0.00446781469509
    },
    "spectral_flux": {
        "dmean": 0.00769138336182,
        "dmean2": 0.0120431976393,
        "dvar": 5.07330478285e-05,
        "dvar2": 9.56803633017e-05,
        "max": 0.134118750691,
        "mean": 0.0818389132619,
        "median": 0.0807435885072,
        "min": 0.0561819076538,
        "var": 0.000111962843221
    },
    "spectral_kurtosis": {
        "dmean": 3.06399416924,
        "dmean2": 5.24971628189,
        "dvar": 4.28240633011,
        "dvar2": 13.2613191605,
        "max": 14.8280925751,
        "mean": 5.28783464432,
        "median": 4.77539634705,
        "min": 1.27871179581,
        "var": 7.50557804108
    },
    "spectral_rms": {
        "dmean": 0.000387279666029,
        "dmean2": 0.000641347025521,
        "dvar": 9.08728026161e-08,
        "dvar2": 2.3700049212e-07,
        "max": 0.00619148928672,
        "mean": 0.00526052620262,
        "median": 0.00531531218439,
        "min": 0.00412743259221,
        "var": 1.58471252121e-07
    },
    "spectral_rolloff": {
        "dmean": 205.149658203,
        "dmean2": 359.335296631,
        "dvar": 26498.546875,
        "dvar2": 70441.1328125,
        "max": 3294.58007812,
        "mean": 2689.9934082,
        "median": 2648.58398438,
        "min": 2153.3203125,
        "var": 62515.4335938
    },
    "spectral_skewness": {
        "dmean": 0.312912404537,
        "dmean2": 0.512583851814,
        "dvar": 0.069326736033,
        "dvar2": 0.14057187736,
        "max": 3.29633998871,
        "mean": 0.813571333885,
        "median": 0.743709921837,
        "min": 0.367575079203,
        "var": 0.117511741817
    },
    "spectral_spread": {
        "dmean": 180309.625,
        "dmean2": 282108,
        "dvar": 263892287488,
        "dvar2": 240114827264,
        "max": 8178230,
        "mean": 2142447.5,
        "median": 2080126.5,
        "min": 1832211.375,
        "var": 304620371968
    },
    "spectral_strongpeak": {
        "dmean": 0.983404695988,
        "dmean2": 1.64665770531,
        "dvar": 1.65351462364,
        "dvar2": 3.50592327118,
        "max": 6.99842357635,
        "mean": 1.97638320923,
        "median": 1.00874018669,
        "min": 0.123002529144,
        "var": 3.84144878387
    },
    "zerocrossingrate": {
        "dmean": 0.00463677942753,
        "dmean2": 0.00567245483398,
        "dvar": 2.71358130703e-05,
        "dvar2": 2.81450047623e-05,
        "max": 0.10205078125,
        "mean": 0.0833458527923,
        "median": 0.083984375,
        "min": 0.033203125,
        "var": 0.000112345893285
    },
    "barkbands": {
        "dmean": [2.97991100524e-05, 0.00127744802739, 0.000155019370141, 0.000178591319127, 0.00197778618895, 8.88275899342e-05, 6.20575083303e-05, 4.41451084043e-05, 0.00105034664739, 0.000223290451686, 0.000228380755289, 0.000272392295301, 7.2328504757e-05, 0.00164471776225, 0.000870341435075, 0.000982592697255, 0.00103361078072, 0.000536602165084, 0.000587573449593, 0.000218775938265, 0.000143008481245, 3.01905492961e-05, 1.9883659661e-06, 1.09890152089e-06, 6.23106359399e-07, 9.1486498377e-08, 3.68268260331e-08],
        "dmean2": [4.84324482386e-05, 0.00201653200202, 0.000249420787441, 0.000288575538434, 0.00310698430985, 0.00013904950174, 0.000105717721453, 7.07034705556e-05, 0.00151697534602, 0.000379947654437, 0.000393135647755, 0.000487785990117, 0.000120575954497, 0.00242981640622, 0.0013449608814, 0.0017425842816, 0.00174231664278, 0.000939796911553, 0.00103823898826, 0.000365261599654, 0.000239736968069, 5.19350069226e-05, 3.26081703861e-06, 1.79389928689e-06, 9.5765108199e-07, 1.33077676878e-07, 4.25138395599e-08],
        "dvar": [3.38030692326e-09, 2.29659576689e-06, 1.35583828609e-08, 1.83558071853e-07, 2.53878283729e-06, 1.56883217528e-08, 3.22587756507e-09, 2.76129630272e-09, 8.62202170993e-07, 5.87274548991e-08, 3.72827884121e-08, 8.17066521108e-08, 3.71043484826e-09, 1.68093242792e-06, 6.17126147517e-07, 7.01577675954e-07, 6.6663784537e-07, 1.75377408596e-07, 2.12639307051e-07, 3.01074827291e-08, 1.92148164047e-08, 2.39974951022e-09, 6.11640382439e-12, 1.32252704881e-12, 2.49620961922e-13, 3.6092111152e-14, 5.49936513699e-14],
        "dvar2": [5.59378854348e-09, 6.68066149956e-06, 3.81742708555e-08, 4.42555659674e-07, 6.47523484076e-06, 3.83605645027e-08, 8.05936828385e-09, 6.50508580335e-09, 1.75533841684e-06, 1.40150078209e-07, 1.04129910028e-07, 2.56449482094e-07, 1.07775885994e-08, 4.43073167844e-06, 1.46858167227e-06, 2.03087961381e-06, 1.97236408894e-06, 5.36142579222e-07, 5.92524372678e-07, 7.18319768112e-08, 4.30988933431e-08, 4.59295534938e-09, 1.71824308254e-11, 3.29968669575e-12, 6.90343398765e-13, 3.65803646597e-14, 5.47547779144e-14],
        "max": [0.000576052640099, 0.0144296241924, 0.0013454320142, 0.00487164314836, 0.0104313520715, 0.00120335782412, 0.000431682972703, 0.000404401158448, 0.012255734764, 0.00234024645761, 0.00163481058553, 0.0015305087436, 0.000435668567661, 0.0128290159628, 0.0107074137777, 0.00508158188313, 0.00558310840279, 0.00267360452563, 0.00365163199604, 0.00138332182541, 0.001360014081, 0.000433286564657, 1.91993221961e-05, 8.70587427926e-06, 5.79715015192e-06, 2.42190526478e-06, 2.49649565376e-06],
        "mean": [4.87961042381e-05, 0.00384570704773, 0.000268770934781, 0.000307757552946, 0.00377465807833, 0.000186613528058, 0.000118501026009, 7.46892837924e-05, 0.00339840329252, 0.000396145536797, 0.000442661199486, 0.00044728978537, 0.000147643673699, 0.00338385277428, 0.00313514494337, 0.00195448636077, 0.00252461107448, 0.00133061164524, 0.00144518271554, 0.000638293102384, 0.000577654107474, 6.98451840435e-05, 4.09578160543e-06, 2.7453097573e-06, 2.87783359454e-06, 3.3006887179e-07, 7.72113679659e-08],
        "median": [2.97277365462e-05, 0.00217555323616, 0.000213531660847, 0.000104084581835, 0.00334229785949, 0.000117044124636, 0.000100960831332, 5.90023955738e-05, 0.00283196149394, 0.00027496390976, 0.000385263760109, 0.000360782811185, 0.000126885744976, 0.00276941200718, 0.00327392667532, 0.00175214535557, 0.00241099810228, 0.0012832286302, 0.0013368811924, 0.000611247494817, 0.000528694363311, 4.9912770919e-05, 2.95641575576e-06, 2.19174785343e-06, 2.7827327358e-06, 2.99898118783e-07, 4.91369291922e-08],
        "min": [9.24049402329e-07, 0.000190206046682, 1.14919366752e-05, 1.15145176096e-05, 0.000616626406554, 1.61528369063e-05, 8.93513424671e-06, 1.18124762594e-05, 0.00018901839212, 5.57263774681e-05, 6.92978137522e-05, 7.55737710278e-05, 2.91596588795e-05, 0.000289860792691, 0.000210274942219, 0.000354608899215, 0.000353541690856, 0.000388351152651, 0.000273839337751, 0.000119246826216, 9.48612723732e-05, 1.00956121969e-05, 1.158910095e-06, 9.92522359411e-07, 9.82611709333e-07, 9.39964053259e-08, 2.25514398267e-08],
        "var": [6.09162098542e-09, 1.43333245433e-05, 3.54084370713e-08, 4.17464633529e-07, 4.78769015899e-06, 4.85179150189e-08, 5.54191492697e-09, 3.94517440938e-09, 7.47961576053e-06, 1.41525347885e-07, 6.2962193681e-08, 8.11624758512e-08, 6.70829747307e-09, 6.48961486149e-06, 3.22959158439e-06, 8.70324413427e-07, 9.24631194721e-07, 2.75236800462e-07, 3.14500084642e-07, 6.41116741917e-08, 7.13783165907e-08, 3.86883725056e-09, 8.97782282544e-12, 2.64556345581e-12, 9.48730568932e-13, 4.99578609275e-14, 5.52176746438e-14]
    },
    "erbbands": {
        "dmean": [0.0462544001639, 0.261575162411, 0.236858740449, 0.390610694885, 3.4774017334, 9.37514972687, 1.42410445213, 0.886017739773, 0.63305336237, 1.01661467552, 2.7897875309, 32.0547981262, 6.57675743103, 10.3044281006, 7.85261631012, 10.8792972565, 3.28527021408, 44.7713508606, 53.3729667664, 40.3444976807, 54.5997581482, 58.210144043, 21.8480453491, 36.8639297485, 18.4222221375, 9.8837890625, 4.011095047, 6.99004650116, 1.32168841362, 0.166473805904, 0.0595431290567, 0.0362415350974, 0.0120136523619, 0.0127852773294, 0.00130891264416, 0.000622408755589, 0.000122751152958, 3.24071625073e-05, 6.49397497909e-06, 5.04576519234e-06],
        "dmean2": [0.0767249763012, 0.397618919611, 0.344351261854, 0.594352781773, 5.14141464233, 15.2514781952, 2.15633249283, 1.39621400833, 1.02641642094, 1.72087836266, 4.47210645676, 43.9315986633, 10.5958786011, 18.5301685333, 13.7608127594, 19.467710495, 5.47355461121, 65.5160217285, 79.9519119263, 67.9322738647, 96.0912246704, 99.5481185913, 36.7126235962, 64.3175125122, 31.1985321045, 16.5304908752, 6.78329610825, 11.4459524155, 2.22804689407, 0.27597373724, 0.0994020700455, 0.0605079159141, 0.0191255379468, 0.0201989859343, 0.00207687960938, 0.000931401911657, 0.000172241998371, 4.29869069194e-05, 8.32781825011e-06, 8.25206461741e-06],
        "dvar": [0.00393131980672, 0.0811235830188, 0.0313945934176, 0.930465459824, 10.5954809189, 67.1298599243, 2.64409899712, 1.55760455132, 0.399359732866, 1.16679143906, 20.5026893616, 807.466552734, 33.2018318176, 107.446014404, 30.8227806091, 129.968383789, 7.16635704041, 1339.33337402, 1467.58679199, 1519.30908203, 1601.6328125, 2070.57421875, 302.493988037, 796.72479248, 262.151184082, 69.0325164795, 15.1077280045, 55.68907547, 4.30920505524, 0.0481317080557, 0.0056498660706, 0.00182034238242, 0.000232569451327, 0.000114035457955, 2.5138640467e-06, 5.50022264179e-07, 1.32223959781e-07, 2.19852811512e-08, 1.01751684856e-09, 1.36661237882e-11],
        "dvar2": [0.0135461725295, 0.194970846176, 0.0747723728418, 2.23591947556, 19.8437480927, 180.966445923, 5.80054283142, 4.05073451996, 1.10058307648, 3.27174091339, 38.6978530884, 1674.52148438, 70.2473602295, 321.959594727, 87.7302780151, 406.283111572, 22.170797348, 3110.08691406, 4702.20166016, 3838.77978516, 4523.65869141, 5801.81005859, 956.057739258, 2343.04980469, 779.427429199, 179.522628784, 43.759765625, 127.552360535, 8.18722915649, 0.109527848661, 0.0142955044284, 0.00450658146292, 0.000580943597015, 0.000320247811032, 4.01957413487e-06, 8.07457354313e-07, 1.32342194092e-07, 2.09752286651e-08, 1.01053054813e-09, 3.75000724917e-11],
        "max": [0.490834623575, 3.37116217613, 1.78048431873, 11.9106454849, 25.453578949, 59.593875885, 21.1644592285, 11.0500955582, 5.6526517868, 6.39994668961, 52.4329872131, 375.223510742, 68.6242904663, 104.81010437, 37.9999504089, 61.6089363098, 21.4394512177, 384.284454346, 412.094696045, 382.093444824, 283.437957764, 331.841156006, 137.980026245, 205.088394165, 138.00453186, 68.3290328979, 35.7896347046, 72.1420898438, 20.5949554443, 2.03417015076, 0.605303168297, 0.368116527796, 0.120220802724, 0.121536962688, 0.0188113749027, 0.0104417018592, 0.00419676210731, 0.00163666903973, 0.00036126334453, 5.62900568184e-05],
        "mean": [0.112440988421, 0.854148209095, 0.538414061069, 0.830211162567, 5.59749507904, 18.5605869293, 3.44428706169, 1.9452227354, 1.42106592655, 1.77330231667, 7.49585723877, 100.806655884, 23.4544029236, 19.4469680786, 15.4937429428, 17.7770309448, 9.03146076202, 104.76714325, 165.694732666, 135.813186646, 118.038131714, 139.833389282, 72.5208282471, 91.6434249878, 54.3632278442, 30.5210037231, 15.6564702988, 25.1811561584, 3.81506252289, 0.462695449591, 0.134063899517, 0.0877293720841, 0.0330671928823, 0.0598692819476, 0.0058115106076, 0.00230869441293, 0.000423090765253, 7.03613404767e-05, 2.88064820779e-05, 3.85327730328e-05],
        "median": [0.0657513961196, 0.454685747623, 0.458832979202, 0.331024080515, 4.51569461823, 16.0937805176, 2.54233717918, 1.29459309578, 1.21703410149, 1.53455066681, 5.54039382935, 82.9312515259, 18.5652046204, 15.2068214417, 14.5876321793, 14.8918733597, 8.2037115097, 84.4641342163, 156.846969604, 134.97277832, 111.575271606, 131.602661133, 70.3482589722, 87.3539810181, 51.7525100708, 30.1733512878, 15.4192581177, 21.159034729, 2.99659109116, 0.353152036667, 0.101088494062, 0.0660921186209, 0.0280331429094, 0.0575928799808, 0.00558497523889, 0.00214810483158, 0.000379166565835, 5.18566339451e-05, 2.52954450843e-05, 3.90031200368e-05],
        "min": [0.00531180296093, 0.0533827878535, 0.0704882889986, 0.0823739171028, 0.650372803211, 2.87406873703, 0.567827105522, 0.283798575401, 0.165303200483, 0.236452743411, 1.23236906528, 4.81615257263, 3.68616318703, 4.0363035202, 2.33626842499, 3.98145365715, 2.47025561333, 11.5235290527, 34.0269317627, 37.9729804993, 28.5062389374, 26.3769187927, 23.5066413879, 29.8798522949, 11.1004428864, 5.82219648361, 2.90428733826, 4.9539809227, 0.801553189754, 0.0968413427472, 0.0406291931868, 0.0277682412416, 0.0129973329604, 0.0174223408103, 0.00176257686689, 0.00055861560395, 0.00010976253543, 1.92702500499e-05, 1.51780923261e-05, 2.5482961064e-05],
        "var": [0.0123309632763, 0.723451495171, 0.105786703527, 2.60309457779, 20.4437580109, 130.059738159, 8.73012161255, 3.58937573433, 0.828350543976, 1.2888225317, 44.8621025085, 6988.95947266, 258.944732666, 228.230148315, 48.2527694702, 128.84664917, 13.252828598, 5671.09765625, 5611.37158203, 4604.10253906, 2582.45800781, 2918.75634766, 526.923828125, 1196.79736328, 441.127655029, 125.859588623, 27.4089241028, 234.015991211, 8.00529956818, 0.106183283031, 0.00877886079252, 0.00346282240935, 0.000353289040504, 0.000445094425231, 4.09628501075e-06, 1.13844589578e-06, 1.47693938857e-07, 2.30317027672e-08, 1.03578168265e-09, 2.82143163e-11]
    },
    "gfcc": {
        "mean": [6.56744623184, 117.227157593, -188.460586548, 58.4315185547, -24.2428264618, -3.19351935387, -18.0072422028, 5.88085746765, -17.7492027283, -4.59539175034, -25.001947403, -13.8163356781, 13.6774272919],
        "cov": [[61.3960800171, -14.0997772217, -18.2974472046, -13.9731378555, -26.9369468689, -5.00818300247, -3.62642812729, -5.25114870071, -0.573127865791, -4.62643575668, -6.55994558334, 4.792096138, -0.722606837749], [-14.0997772217, 86.1313171387, 41.9536094666, 12.2597866058, 20.9865818024, 4.09638643265, 25.8371658325, 9.96239280701, -2.19830203056, -5.08644962311, 7.75931167603, 1.95941770077, 6.82948493958], [-18.2974472046, 41.9536094666, 81.6660766602, 31.4529876709, 21.6577835083, 7.81458759308, 15.2352190018, -0.332051366568, -1.96851873398, -0.515692651272, 8.78269672394, 20.6550426483, 1.17936694622], [-13.9731378555, 12.2597866058, 31.4529876709, 92.9331436157, 39.838886261, 27.1093940735, 17.0745067596, -11.682226181, 9.79710388184, 16.0676193237, 26.8750247955, 17.8477344513, 10.2107343674], [-26.9369468689, 20.9865818024, 21.6577835083, 39.838886261, 68.628868103, 30.2937011719, 13.9983453751, -1.90505897999, -3.68177556992, 9.19923877716, 14.8951454163, -3.33726286888, 0.383786469698], [-5.00818300247, 4.09638643265, 7.81458759308, 27.1093940735, 30.2937011719, 50.5471992493, 31.6209926605, 4.29599761963, 11.7984523773, 6.94605731964, 10.5836515427, 0.365271240473, -1.04872250557], [-3.62642812729, 25.8371658325, 15.2352190018, 17.0745067596, 13.9983453751, 31.6209926605, 60.8796424866, 25.7005062103, 19.2750816345, 11.2535829544, 1.45894253254, 4.69679927826, 0.160274744034], [-5.25114870071, 9.96239280701, -0.332051366568, -11.682226181, -1.90505897999, 4.29599761963, 25.7005062103, 43.6078147888, 19.8046722412, 4.38743686676, 0.523373067379, -6.78054428101, 3.33811163902], [-0.573127865791, -2.19830203056, -1.96851873398, 9.79710388184, -3.68177556992, 11.7984523773, 19.2750816345, 19.8046722412, 39.9708404541, 17.1949653625, 10.1299142838, 4.7789516449, -1.15854227543], [-4.62643575668, -5.08644962311, -0.515692651272, 16.0676193237, 9.19923877716, 6.94605731964, 11.2535829544, 4.38743686676, 17.1949653625, 36.0173416138, 19.4817485809, 7.69732141495, 2.56576395035], [-6.55994558334, 7.75931167603, 8.78269672394, 26.8750247955, 14.8951454163, 10.5836515427, 1.45894253254, 0.523373067379, 10.1299142838, 19.4817485809, 34.8297767639, 14.236448288, 9.52617359161], [4.792096138, 1.95941770077, 20.6550426483, 17.8477344513, -3.33726286888, 0.365271240473, 4.69679927826, -6.78054428101, 4.7789516449, 7.69732141495, 14.236448288, 41.2275161743, 17.2167377472], [-0.722606837749, 6.82948493958, 1.17936694622, 10.2107343674, 0.383786469698, -1.04872250557, 0.160274744034, 3.33811163902, -1.15854227543, 2.56576395035, 9.52617359161, 17.2167377472, 29.8659591675]],
        "icov": [[0.0219556558877, -0.00143363303505, 0.00536349415779, -0.000968281878158, 0.00939541868865, -0.00500505976379, 0.000510167505126, 0.000754673441406, 0.00277330935933, 0.000117523784866, 0.00207719183527, -0.0065247695893, 0.0037909692619], [-0.00143363303505, 0.0287264063954, -0.0146231437102, 0.00785901583731, -0.00923298485577, 0.0201288145036, -0.0272313486785, 0.0143845370039, -0.00646928837523, 0.0172399915755, -0.0215253587812, 0.018428593874, -0.0148388706148], [0.00536349415779, -0.0146231437102, 0.0279612019658, -0.00910273566842, 0.00099264702294, -0.00645561888814, 0.00979131739587, -0.0120984725654, 0.00833330489695, -0.00283386721276, 0.00970791559666, -0.0242717657238, 0.0180039703846], [-0.000968281878158, 0.00785901583731, -0.00910273566842, 0.0256130620837, -0.0116705149412, 0.00679681403562, -0.0152725977823, 0.0199475754052, -0.0122255105525, 0.00743031082675, -0.016681810841, 0.00824689399451, -0.0125225130469], [0.00939541868865, -0.00923298485577, 0.00099264702294, -0.0116705149412, 0.0371943861246, -0.0248459018767, 0.013265337795, -0.0103872828186, 0.0168246589601, -0.0135385496542, 0.00469654146582, 0.000287559087155, 0.00618075300008], [-0.00500505976379, 0.0201288145036, -0.00645561888814, 0.00679681403562, -0.0248459018767, 0.0650866627693, -0.0489673316479, 0.0286622159183, -0.0197547078133, 0.0275057852268, -0.0313372425735, 0.020687084645, -0.0121880983934], [0.000510167505126, -0.0272313486785, 0.00979131739587, -0.0152725977823, 0.013265337795, -0.0489673316479, 0.0750592052937, -0.0457213781774, 0.0122997416183, -0.0333182103932, 0.0441611297429, -0.0308061446995, 0.0209041200578], [0.000754673441406, 0.0143845370039, -0.0120984725654, 0.0199475754052, -0.0103872828186, 0.0286622159183, -0.0457213781774, 0.0699787065387, -0.0342123396695, 0.021485151723, -0.0264845266938, 0.0340817049146, -0.0304215867072], [0.00277330935933, -0.00646928837523, 0.00833330489695, -0.0122255105525, 0.0168246589601, -0.0197547078133, 0.0122997416183, -0.0342123396695, 0.0578958168626, -0.0238132961094, 0.00603592209518, -0.0173446442932, 0.0206101294607], [0.000117523784866, 0.0172399915755, -0.00283386721276, 0.00743031082675, -0.0135385496542, 0.0275057852268, -0.0333182103932, 0.021485151723, -0.0238132961094, 0.0653257444501, -0.0427750237286, 0.0116396611556, -0.00705263996497], [0.00207719183527, -0.0215253587812, 0.00970791559666, -0.016681810841, 0.00469654146582, -0.0313372425735, 0.0441611297429, -0.0264845266938, 0.00603592209518, -0.0427750237286, 0.082905985415, -0.0295961163938, 0.0063808937557], [-0.0065247695893, 0.018428593874, -0.0242717657238, 0.00824689399451, 0.000287559087155, 0.020687084645, -0.0308061446995, 0.0340817049146, -0.0173446442932, 0.0116396611556, -0.0295961163938, 0.0689081549644, -0.0411102026701], [0.0037909692619, -0.0148388706148, 0.0180039703846, -0.0125225130469, 0.00618075300008, -0.0121880983934, 0.0209041200578, -0.0304215867072, 0.0206101294607, -0.00705263996497, 0.0063808937557, -0.0411102026701, 0.0663876011968]]
    },
    "melbands": {
        "dmean": [0.000385324470699, 0.000193908665096, 0.000108213767817, 0.000529117882252, 0.000112224581244, 1.85467233678e-05, 1.04586088128e-05, 9.44390922086e-06, 3.52266215486e-05, 0.000204106079764, 2.85888527287e-05, 4.21226359322e-05, 2.9274749977e-05, 3.90341338061e-05, 8.17633826955e-06, 1.05107410491e-05, 0.000113892187073, 0.000116024260933, 8.76070262166e-05, 5.67690840398e-05, 7.72051134845e-05, 6.70787267154e-05, 3.61673046427e-05, 2.78419920505e-05, 3.41691447829e-05, 2.02960982278e-05, 1.23495628941e-05, 5.83740347793e-06, 2.24106156566e-06, 4.90508136863e-06, 3.12704582939e-06, 9.66669631453e-07, 2.88461848186e-07, 3.54653657553e-08, 3.95371699824e-08, 3.34323537743e-08, 2.08806767432e-08, 9.57602352969e-09, 8.32512281335e-09, 1.0900300218e-08],
        "dmean2": [0.000617138284724, 0.000284416455543, 0.000168751590536, 0.000835801532958, 0.000177600188181, 2.95778190775e-05, 1.7446343918e-05, 1.62145224749e-05, 5.85010857321e-05, 0.000275688827969, 4.75717279187e-05, 7.51170300646e-05, 5.0914757594e-05, 7.04960184521e-05, 1.48592280311e-05, 1.79285088961e-05, 0.000165622739587, 0.000174989530933, 0.000134916452225, 9.74322319962e-05, 0.000135496127768, 0.000113734706247, 5.92823053012e-05, 4.8607122153e-05, 5.95313431404e-05, 3.6072666262e-05, 2.10224498005e-05, 9.70412929746e-06, 3.90458080801e-06, 8.10460278444e-06, 4.93606603413e-06, 1.66760742104e-06, 4.77459366266e-07, 5.89513469151e-08, 6.82220573367e-08, 5.46033227522e-08, 3.43530892621e-08, 1.5471449899e-08, 1.27053603194e-08, 1.72545959742e-08],
        "dvar": [2.28707961014e-07, 3.0199998946e-08, 2.50797018708e-08, 1.81463164495e-07, 1.23249144224e-08, 6.82053302725e-10, 9.41787342557e-11, 9.7849006675e-11, 3.87692900006e-09, 3.13651895567e-08, 7.69599939332e-10, 1.910328562e-09, 5.39827071933e-10, 1.72744785143e-09, 6.08334563279e-11, 7.44473371839e-11, 8.69977334617e-09, 8.27049184693e-09, 6.85662504551e-09, 2.81261636204e-09, 3.29743432559e-09, 2.66919553127e-09, 6.5682587147e-10, 4.94035201637e-10, 7.07792380261e-10, 3.15775572357e-10, 9.07368208347e-11, 2.5741643192e-11, 6.26910806253e-12, 1.96374427136e-11, 1.1570020983e-11, 2.74462462306e-12, 1.66180532334e-13, 1.89654255604e-15, 3.4434155119e-15, 1.66747573035e-15, 6.12457548666e-16, 2.24404332837e-16, 8.60468941206e-17, 8.35430647285e-17],
        "dvar2": [7.30085673695e-07, 6.20015612185e-08, 5.3299391567e-08, 4.69994660079e-07, 3.41010384375e-08, 1.77401582313e-09, 2.26700838657e-10, 2.67786071095e-10, 7.17602954836e-09, 6.1842904131e-08, 1.80886372547e-09, 5.59835333647e-09, 1.47188849997e-09, 5.38451638832e-09, 1.71385475256e-10, 2.22265386651e-10, 2.07242365491e-08, 2.43868480965e-08, 1.61710218549e-08, 8.66766303176e-09, 9.41489020079e-09, 7.74488206901e-09, 2.17848317163e-09, 1.56584989419e-09, 2.03981564972e-09, 9.09913311364e-10, 2.42276115836e-10, 7.66434554711e-11, 1.83018010469e-11, 4.75446487735e-11, 2.76645199804e-11, 5.17030472255e-12, 4.22335533516e-13, 5.11144827229e-15, 9.55036932513e-15, 4.72935086275e-15, 1.51023560452e-15, 5.58967100409e-16, 2.25662441461e-16, 2.23685254804e-16],
        "max": [0.00399363460019, 0.00223811157048, 0.00175720325205, 0.00275517418049, 0.000839733460452, 0.000230567151448, 8.54967729538e-05, 5.81160129514e-05, 0.000723933044355, 0.00243657454848, 0.000237384825596, 0.000442768941866, 0.000162304539117, 0.000220538116992, 5.03333176312e-05, 5.56332925044e-05, 0.000966541294474, 0.000876308826264, 0.00107999320608, 0.000319465063512, 0.000363207393093, 0.000345940643456, 0.000192619278096, 0.000142574295751, 0.000184840479051, 0.000120000055176, 7.11243337719e-05, 3.8261685404e-05, 2.05448268389e-05, 4.21696240664e-05, 3.28712267219e-05, 1.45656467794e-05, 3.616451977e-06, 3.79648753324e-07, 4.82762061438e-07, 3.05314642901e-07, 2.15175006701e-07, 1.13556524184e-07, 8.81513670947e-08, 1.03955763109e-07],
        "mean": [0.00109783385415, 0.000580270076171, 0.000204536598176, 0.000951934373006, 0.000258677609963, 3.94877897634e-05, 2.20017282118e-05, 1.66273930517e-05, 6.83056277921e-05, 0.00065280526178, 8.14935046947e-05, 7.49759565224e-05, 5.40525543329e-05, 6.11572613707e-05, 1.67420948856e-05, 2.11926690099e-05, 0.000251168792602, 0.000284446286969, 0.000305859430227, 0.000107082443719, 0.000146974300151, 0.000148627717863, 9.1879745014e-05, 6.15830285824e-05, 7.79544643592e-05, 4.69877086289e-05, 3.14810167765e-05, 1.65087421919e-05, 6.49425874144e-06, 1.75921031769e-05, 1.11797544378e-05, 2.10067196349e-06, 6.21455740202e-07, 8.38415417093e-08, 7.34609244546e-08, 6.35245882563e-08, 4.91171014971e-08, 2.06822754478e-08, 3.37941834516e-08, 4.98722734221e-08],
        "median": [0.000595440971665, 0.000376833108021, 0.000116783070553, 0.000789889949374, 0.000208415469388, 2.5899407774e-05, 1.82858530025e-05, 1.4986534552e-05, 4.71058410767e-05, 0.000543071189895, 6.07563488302e-05, 5.86168862355e-05, 4.66412639071e-05, 4.98662484461e-05, 1.48436947711e-05, 1.88672674994e-05, 0.000203217743547, 0.000259093823843, 0.000310311734211, 9.41016041907e-05, 0.00013937195763, 0.000138544681249, 9.14441116038e-05, 5.82221182412e-05, 7.42853299016e-05, 4.29387728218e-05, 2.94798228424e-05, 1.62595679285e-05, 6.20398623141e-06, 1.66987920238e-05, 9.06093191588e-06, 1.46355910147e-06, 4.22592563609e-07, 7.0158989729e-08, 5.39486251228e-08, 4.84701772052e-08, 3.66138657171e-08, 1.54590242829e-08, 3.08761407553e-08, 4.93404641588e-08],
        "min": [5.97350372118e-05, 7.53178828745e-05, 1.21003477034e-05, 0.000140277479659, 4.4367461669e-05, 3.20961180478e-06, 2.19170283344e-06, 2.31330295719e-06, 7.68998870626e-06, 2.9468897992e-05, 1.23057534438e-05, 1.14273643703e-05, 7.21877449905e-06, 9.9921862784e-06, 4.52154199593e-06, 2.48565106631e-06, 2.48083815677e-05, 3.90673776565e-05, 3.00147203234e-05, 2.30656714848e-05, 2.88161500066e-05, 2.28143690038e-05, 1.70797738974e-05, 1.49472753037e-05, 2.35800926021e-05, 1.01202012956e-05, 5.32439435119e-06, 3.30382340508e-06, 1.44736532093e-06, 2.38337156588e-06, 1.91446611097e-06, 3.01802771219e-07, 8.23206391942e-08, 1.80740222788e-08, 1.87330648771e-08, 1.61174789071e-08, 1.31832296191e-08, 6.67986377323e-09, 1.13169509319e-08, 1.32980328971e-08],
        "var": [1.17766501262e-06, 2.42677344886e-07, 7.10320477992e-08, 3.35800251605e-07, 2.64623007951e-08, 1.58202773104e-09, 1.97426408555e-10, 1.09120733283e-10, 7.01458890973e-09, 2.95850242082e-07, 3.32973337791e-09, 4.01264088623e-09, 7.96223476041e-10, 1.66603864038e-09, 6.61422999704e-11, 1.30060393011e-10, 3.69759263208e-08, 2.57946908278e-08, 3.32078968768e-08, 3.06031666675e-09, 5.05760855418e-09, 3.76727449236e-09, 1.11989328921e-09, 7.33758054317e-10, 1.00558938954e-09, 4.23384438619e-10, 1.81962570012e-10, 3.99630224746e-11, 8.10945928464e-12, 6.01377905807e-11, 5.25290887177e-11, 4.29988206499e-12, 2.92604970201e-13, 3.17294095118e-15, 4.48820270025e-15, 2.16791116004e-15, 1.29555235118e-15, 2.65785386321e-16, 1.73323005101e-16, 3.41573473988e-16]
    },
    "mfcc": {
        "mean": [-611.721740723, 129.447189331, -77.9481887817, 57.7399787903, 8.6138420105, 7.85572481155, 9.18874549866, -1.13719558716, 24.6978149414, 1.47229325771, -1.62396383286, -15.2628078461, -18.3668136597],
        "cov": [[89.4107284546, -35.3337211609, -16.9080467224, -17.7395820618, -26.3504734039, -4.35440444946, -20.6354675293, -2.79522752762, -5.74515867233, -3.32453155518, -5.05887651443, -6.70804071426, 1.79328906536], [-35.3337211609, 90.8684234619, 22.1118984222, 5.63067102432, 0.61326444149, -8.24038124084, 22.8341712952, 12.7296094894, 11.5971574783, -3.84941267967, -1.8159583807, 6.05230617523, -4.14502763748], [-16.9080467224, 22.1118984222, 65.257270813, 23.9057407379, 1.53752028942, 14.4648513794, 6.40957260132, 18.4653606415, -0.353141248226, -9.1295375824, -2.45355987549, 16.1607780457, 15.9031553268], [-17.7395820618, 5.63067102432, 23.9057407379, 59.4261703491, 22.7873420715, 24.4933757782, 18.133430481, 1.59153902531, 4.58118152618, -12.1980018616, 5.79656505585, 19.5617427826, 18.0225391388], [-26.3504734039, 0.61326444149, 1.53752028942, 22.7873420715, 59.9183998108, 20.6073150635, 20.2343139648, -3.50633382797, -7.93439149857, 3.27205562592, -8.97050094604, 15.0079956055, 0.538355946541], [-4.35440444946, -8.24038124084, 14.4648513794, 24.4933757782, 20.6073150635, 63.263130188, 22.9088859558, 11.766626358, 3.8149125576, -6.06805515289, 9.16813182831, 14.4489603043, 7.31374359131], [-20.6354675293, 22.8341712952, 6.40957260132, 18.133430481, 20.2343139648, 22.9088859558, 52.6750793457, 12.4814739227, 16.4474983215, -1.10606944561, 8.37284183502, 11.8310918808, -1.13737869263], [-2.79522752762, 12.7296094894, 18.4653606415, 1.59153902531, -3.50633382797, 11.766626358, 12.4814739227, 42.3656158447, 18.4801673889, 7.20887994766, -0.203423708677, 6.36102199554, 2.06103301048], [-5.74515867233, 11.5971574783, -0.353141248226, 4.58118152618, -7.93439149857, 3.8149125576, 16.4474983215, 18.4801673889, 41.9484901428, 7.830555439, 18.4398174286, 3.69018888474, -0.972571671009], [-3.32453155518, -3.84941267967, -9.1295375824, -12.1980018616, 3.27205562592, -6.06805515289, -1.10606944561, 7.20887994766, 7.830555439, 42.1976737976, 12.6031637192, 2.5078701973, -11.1687059402], [-5.05887651443, -1.8159583807, -2.45355987549, 5.79656505585, -8.97050094604, 9.16813182831, 8.37284183502, -0.203423708677, 18.4398174286, 12.6031637192, 49.0727233887, 7.60874223709, -1.22585117817], [-6.70804071426, 6.05230617523, 16.1607780457, 19.5617427826, 15.0079956055, 14.4489603043, 11.8310918808, 6.36102199554, 3.69018888474, 2.5078701973, 7.60874223709, 39.4407272339, 14.8743305206], [1.79328906536, -4.14502763748, 15.9031553268, 18.0225391388, 0.538355946541, 7.31374359131, -1.13737869263, 2.06103301048, -0.972571671009, -11.1687059402, -1.22585117817, 14.8743305206, 38.1577835083]],
