{
"lowlevel": {
    "average_loudness": 0.987300395966,
    "barkbands_crest": {
        "dmean": 1.05164444447,
        "dmean2": 1.49773609638,
        "dvar": 0.998493432999,
        "dvar2": 2.67752838135,
        "max": 16.5302848816,
        "mean": 10.1537637711,
        "median": 9.7261762619,
        "min": 6.72534132004,
        "var": 3.63586306572
    },
    "barkbands_flatness_db": {
        "dmean": 0.0161804482341,
        "dmean2": 0.02268675901,
        "dvar": 0.00013957239571,
        "dvar2": 0.000267938914476,
        "max": 0.357209473848,
        "mean": 0.231734007597,
        "median": 0.234237492085,
        "min": 0.13143903017,
        "var": 0.00164561974816
    },
    "barkbands_kurtosis": {
        "dmean": 1.82547533512,
        "dmean2": 2.34791684151,
        "dvar": 9.07031536102,
        "dvar2": 13.0338850021,
        "max": 47.1237258911,
        "mean": 4.83701896667,
        "median": 3.25001192093,
        "min": -1.40384602547,
        "var": 33.5613937378
    },
    "barkbands_skewness": {
        "dmean": 0.279277741909,
        "dmean2": 0.348573446274,
        "dvar": 0.0484761744738,
        "dvar2": 0.0744835361838,
        "max": 3.0961728096,
        "mean": 1.25781345367,
        "median": 1.18974030018,
        "min": 0.141637921333,
        "var": 0.362015873194
    },
    "barkbands_spread": {
        "dmean": 1.87419772148,
        "dmean2": 2.55601000786,
        "dvar": 6.26293039322,
        "dvar2": 11.4598855972,
        "max": 42.2028999329,
        "mean": 10.6207942963,
        "median": 9.38858985901,
        "min": 1.60422444344,
        "var": 34.1160430908
    },
    "dissonance": {
        "dmean": 0.027950135991,
        "dmean2": 0.0457468181849,
        "dvar": 0.000434962596046,
        "dvar2": 0.00135059468448,
        "max": 0.487821817398,
        "mean": 0.389723241329,
        "median": 0.39126342535,
        "min": 0.303612202406,
        "var": 0.00134832342155
    },
    "dynamic_complexity": 0.561271905899,
    "erbbands_crest": {
        "dmean": 2.44225311279,
        "dmean2": 3.610881567,
        "dvar": 2.87369036674,
        "dvar2": 7.32629871368,
        "max": 30.7532978058,
        "mean": 17.3687763214,
        "median": 17.0932998657,
        "min": 9.01424694061,
        "var": 14.1849746704
    },
    "erbbands_flatness_db": {
        "dmean": 0.00882176589221,
        "dmean2": 0.0129535850137,
        "dvar": 5.5369517213e-05,
        "dvar2": 0.000105422295746,
        "max": 0.316455364227,
        "mean": 0.249062821269,
        "median": 0.252364635468,
        "min": 0.17264418304,
        "var": 0.000499106710777
    },
    "erbbands_kurtosis": {
        "dmean": 0.823362708092,
        "dmean2": 1.25944685936,
        "dvar": 4.77904081345,
        "dvar2": 7.11874914169,
        "max": 27.4532775879,
        "mean": 0.808857440948,
        "median": 0.371060729027,
        "min": -1.30868864059,
        "var": 9.6074962616
    },
    "erbbands_skewness": {
        "dmean": 0.263351261616,
        "dmean2": 0.36694970727,
        "dvar": 0.111616373062,
        "dvar2": 0.157761201262,
        "max": 5.1247010231,
        "mean": 0.826141238213,
        "median": 0.651800274849,
        "min": -0.792500197887,
        "var": 0.443657159805
    },
    "erbbands_spread": {
        "dmean": 3.26944518089,
        "dmean2": 4.61089849472,
        "dvar": 9.13662338257,
        "dvar2": 23.6732769012,
        "max": 40.5949440002,
        "mean": 23.1146888733,
        "median": 21.9619026184,
        "min": 7.16405582428,
        "var": 38.2719268799
    },
    "hfc": {
        "dmean": 2.59633636475,
        "dmean2": 3.64339852333,
        "dvar": 8.04321861267,
        "dvar2": 13.4236860275,
        "max": 34.6131210327,
        "mean": 22.541929245,
        "median": 22.2121810913,
        "min": 9.70229721069,
        "var": 14.8241939545
    },
    "melbands_crest": {
        "dmean": 2.28879904747,
        "dmean2": 2.80870294571,
        "dvar": 5.04780244827,
        "dvar2": 11.1439962387,
        "max": 34.7246017456,
        "mean": 26.6904239655,
        "median": 27.5198459625,
        "min": 9.26931762695,
        "var": 25.7779750824
    },
    "melbands_flatness_db": {
        "dmean": 0.0184596627951,
        "dmean2": 0.0243986193091,
        "dvar": 0.000198709240067,
        "dvar2": 0.000352003989974,
        "max": 0.440054535866,
        "mean": 0.298657417297,
        "median": 0.305190443993,
        "min": 0.139042332768,
        "var": 0.00239824922755
    },
    "melbands_kurtosis": {
        "dmean": 7.28300571442,
        "dmean2": 10.6754341125,
        "dvar": 455.982513428,
        "dvar2": 793.926025391,
        "max": 254.260681152,
        "mean": 13.9063777924,
        "median": 7.72481393814,
        "min": -0.656585454941,
        "var": 772.712158203
    },
    "melbands_skewness": {
        "dmean": 0.679055571556,
        "dmean2": 0.86249011755,
        "dvar": 0.570059537888,
        "dvar2": 0.938080489635,
        "max": 12.1931371689,
        "mean": 2.69539093971,
        "median": 2.36933732033,
        "min": -0.00527083361521,
        "var": 2.58134102821
    },
    "melbands_spread": {
        "dmean": 2.40750861168,
        "dmean2": 3.38688826561,
        "dvar": 11.2585992813,
        "dvar2": 24.9625358582,
        "max": 44.2111282349,
        "mean": 10.5812292099,
        "median": 9.44906616211,
        "min": 0.756100296974,
        "var": 41.8344039917
    },
    "pitch_salience": {
        "dmean": 0.0426179766655,
        "dmean2": 0.0540299043059,
        "dvar": 0.00110597640742,
        "dvar2": 0.00211224006489,
        "max": 0.706783235073,
        "mean": 0.446330606937,
        "median": 0.449100106955,
        "min": 0.208409160376,
        "var": 0.00814133230597
    },
    "silence_rate_20dB": {
        "dmean": 0,
        "dmean2": 0,
        "dvar": 0,
        "dvar2": 0,
        "max": 1,
        "mean": 1,
        "median": 1,
        "min": 1,
        "var": 0
    },
    "silence_rate_30dB": {
        "dmean": 0,
        "dmean2": 0,
        "dvar": 0,
        "dvar2": 0,
        "max": 1,
        "mean": 1,
        "median": 1,
        "min": 1,
        "var": 0
    },
    "silence_rate_60dB": {
        "dmean": 0,
        "dmean2": 0,
        "dvar": 0,
        "dvar2": 0,
        "max": 0,
        "mean": 0,
        "median": 0,
        "min": 0,
        "var": 0
    },
    "spectral_centroid": {
        "dmean": 98.2331085205,
        "dmean2": 137.122009277,
        "dvar": 15341.9482422,
        "dvar2": 32040.3828125,
        "max": 2062.05175781,
        "mean": 659.195251465,
        "median": 588.164550781,
        "min": 315.68572998,
        "var": 67445.53125
    },
    "spectral_complexity": {
        "dmean": 2.68553447723,
        "dmean2": 4.08860778809,
        "dvar": 6.1023683548,
        "dvar2": 14.068107605,
        "max": 32,
        "mean": 12.875,
        "median": 12,
        "min": 4,
        "var": 21.046875
    },
    "spectral_decrease": {
        "dmean": 8.6292617496e-10,
        "dmean2": 1.04621278307e-09,
        "dvar": 8.31728399862e-19,
        "dvar2": 1.43171708464e-18,
        "max": -5.74538860931e-09,
        "mean": -1.24226131604e-08,
        "median": -1.27465211719e-08,
        "min": -1.70881619965e-08,
        "var": 3.31426352634e-18
    },
    "spectral_energy": {
        "dmean": 0.0033531698864,
        "dmean2": 0.00409660022706,
        "dvar": 1.27406774482e-05,
        "dvar2": 2.20513575186e-05,
        "max": 0.0662452802062,
        "mean": 0.0489304214716,
        "median": 0.050116121769,
        "min": 0.0230947937816,
        "var": 4.7295136028e-05
    },
    "spectral_energyband_high": {
        "dmean": 4.11830769735e-05,
        "dmean2": 6.22167208348e-05,
        "dvar": 2.47655362884e-09,
        "dvar2": 5.52572876344e-09,
        "max": 0.000564139219932,
        "mean": 0.000108881249616,
        "median": 7.28607119527e-05,
        "min": 1.92847710423e-05,
        "var": 8.10778555405e-09
    },
    "spectral_energyband_low": {
        "dmean": 0.000127182880533,
        "dmean2": 0.000162280979566,
        "dvar": 1.68558074165e-08,
        "dvar2": 2.39603696883e-08,
        "max": 0.00384237151593,
        "mean": 0.00122317497153,
        "median": 0.00106359401252,
        "min": 0.00034613799653,
        "var": 3.42443939871e-07
    },
    "spectral_energyband_middle_high": {
        "dmean": 0.00279180449434,
        "dmean2": 0.00347250886261,
        "dvar": 5.45925604456e-06,
        "dvar2": 8.1746138676e-06,
        "max": 0.0231831893325,
        "mean": 0.0104600731283,
        "median": 0.0103480834514,
        "min": 0.000477004563436,
        "var": 2.38785032707e-05
    },
    "spectral_energyband_middle_low": {
        "dmean": 0.00452095083892,
        "dmean2": 0.00468860240653,
        "dvar": 1.1928492313e-05,
        "dvar2": 1.90538303286e-05,
        "max": 0.0634690672159,
        "mean": 0.0333215333521,
        "median": 0.0348658561707,
        "min": 0.00327855907381,
        "var": 0.000120223747217
    },
    "spectral_entropy": {
        "dmean": 0.163912519813,
        "dmean2": 0.218651235104,
        "dvar": 0.0148050859571,
        "dvar2": 0.023622347042,
        "max": 7.78707838058,
        "mean": 6.54573202133,
        "median": 6.4837064743,
        "min": 5.17378330231,
        "var": 0.218434453011
    },
    "spectral_flux": {
        "dmean": 0.0119208488613,
        "dmean2": 0.0192764885724,
        "dvar": 0.000106082879938,
        "dvar2": 0.000246176612563,
        "max": 0.158126100898,
        "mean": 0.0430252626538,
        "median": 0.0381653979421,
        "min": 0.0134789468721,
        "var": 0.000406816310715
    },
    "spectral_kurtosis": {
        "dmean": 3.86583971977,
        "dmean2": 7.37250614166,
        "dvar": 6.74938488007,
        "dvar2": 23.6730041504,
        "max": 22.0056972504,
        "mean": 10.5772533417,
        "median": 9.84869194031,
        "min": 4.71452188492,
        "var": 11.5330524445
    },
    "spectral_rms": {
        "dmean": 0.000246821844485,
        "dmean2": 0.000303729582811,
        "dvar": 8.27475119536e-08,
        "dvar2": 1.43348216852e-07,
        "max": 0.00803925003856,
        "mean": 0.00689001148567,
        "median": 0.00699240341783,
        "min": 0.00474673649296,
        "var": 2.64738730493e-07
    },
    "spectral_rolloff": {
        "dmean": 130.959793091,
        "dmean2": 231.277389526,
        "dvar": 63806.6054688,
        "dvar2": 144997.5625,
        "max": 2110.25390625,
        "mean": 738.050415039,
        "median": 861.328125,
        "min": 301.46484375,
        "var": 97673.5
    },
    "spectral_skewness": {
        "dmean": 0.377382725477,
        "dmean2": 0.704439520836,
        "dvar": 0.0771125555038,
        "dvar2": 0.235533997416,
        "max": 3.61556696892,
        "mean": 2.25975775719,
        "median": 2.23156833649,
        "min": 1.38684606552,
        "var": 0.183352932334
    },
    "spectral_spread": {
        "dmean": 315950.65625,
        "dmean2": 539710.875,
        "dvar": 544222543872,
        "dvar2": 594497175552,
        "max": 12434997,
        "mean": 3400377.5,
        "median": 3342355.5,
        "min": 2762788,
        "var": 585477849088
    },
    "spectral_strongpeak": {
        "dmean": 0.268219262362,
        "dmean2": 0.383782237768,
        "dvar": 0.322948694229,
        "dvar2": 0.881926119328,
        "max": 4.70437145233,
        "mean": 2.02635717392,
        "median": 2.0602107048,
        "min": 0,
        "var": 0.390960246325
    },
    "zerocrossingrate": {
        "dmean": 0.00400144932792,
        "dmean2": 0.00461394898593,
        "dvar": 1.39196790769e-05,
        "dvar2": 1.4397308405e-05,
        "max": 0.0615234375,
        "mean": 0.0269317626953,
        "median": 0.02685546875,
        "min": 0.01318359375,
        "var": 9.41529142438e-05
    },
    "barkbands": {
        "dmean": [0.000473407038953, 3.27737980115e-05, 3.23438916894e-06, 5.86843179917e-06, 0.00294908438809, 0.00201346422546, 3.55596130248e-05, 0.000371954200091, 3.44094150933e-05, 0.00259621744044, 4.64009390271e-05, 0.000125659396872, 0.000152637308929, 0.000205577685847, 7.39686220186e-05, 0.000176215617103, 0.000252552970778, 9.63144775596e-05, 6.64250619593e-05, 2.41601337621e-05, 1.69760696735e-05, 1.01307150544e-05, 2.57019769379e-06, 1.42820465499e-06, 9.04126238765e-07, 6.84356507463e-07, 1.00070496956e-06],
        "dmean2": [0.00044909431017, 5.41839872312e-05, 4.66728533866e-06, 9.10128437681e-06, 0.0030781342648, 0.0023687700741, 5.46496448806e-05, 0.000428311701398, 4.84561169287e-05, 0.00324133387767, 7.88271790952e-05, 0.000197324610781, 0.000251087971264, 0.000344436906744, 0.00011515096412, 0.000280158856185, 0.000400970398914, 0.000151343396283, 9.79555334197e-05, 3.76871721528e-05, 2.73550667771e-05, 1.52861375682e-05, 3.96937366531e-06, 2.21108234655e-06, 1.46168338233e-06, 1.08041876956e-06, 1.56616658842e-06],
        "dvar": [5.01804379383e-07, 3.84876530646e-09, 2.12638448516e-10, 3.16721260329e-10, 4.54361952507e-06, 3.26784515892e-06, 3.63613184007e-09, 2.13999570065e-07, 2.9305033955e-09, 4.24695599577e-06, 3.88213505786e-09, 2.54350265294e-08, 1.60725726062e-08, 3.35690884867e-07, 4.71097871824e-09, 1.93610304677e-07, 7.01139981629e-08, 1.21798731101e-08, 5.44238609734e-09, 1.10893505489e-09, 4.37662517339e-10, 1.21664595065e-10, 1.11623670376e-11, 2.66619560631e-12, 7.37389533115e-13, 3.40874165916e-13, 1.44959510975e-12],
        "dvar2": [4.55692315882e-07, 4.42461312034e-09, 2.28474933417e-10, 3.83442139151e-10, 6.64923845761e-06, 4.99280895383e-06, 6.17900042243e-09, 3.16175885473e-07, 5.9735465463e-09, 6.43394241706e-06, 9.11096353917e-09, 4.65309994979e-08, 4.39977725364e-08, 7.04021999809e-07, 1.1256094723e-08, 4.94070832247e-07, 1.58896938274e-07, 2.90873334308e-08, 1.23947474506e-08, 3.00182256829e-09, 1.05865172184e-09, 2.72542238777e-10, 2.68448839547e-11, 5.64435434156e-12, 1.54268492512e-12, 7.43798143736e-13, 3.38272704119e-12],
        "max": [0.0160622950643, 0.000696178292856, 0.000178351561772, 0.000219843001105, 0.0403453446925, 0.0250692926347, 0.000560702290386, 0.00546367745847, 0.000535841274541, 0.0215502157807, 0.00044626777526, 0.00156847841572, 0.000837007770315, 0.00584328686818, 0.000527221302036, 0.00502316281199, 0.00237817037851, 0.00104156299494, 0.000795478408691, 0.000356731849024, 0.000233237908105, 0.000118266179925, 3.43450556102e-05, 1.75823406607e-05, 1.27532530314e-05, 1.13081259769e-05, 2.30060613831e-05],
        "mean": [0.00498175155371, 5.58268729947e-05, 4.08300047638e-06, 1.08235244625e-05, 0.0165193844587, 0.0157614275813, 4.92551080242e-05, 0.000917715195101, 5.85912712268e-05, 0.00820361357182, 6.4008134359e-05, 0.000214683750528, 0.000263778463705, 0.000311583338771, 0.00013810164819, 0.000344703526935, 0.000585490721278, 0.000170380182681, 0.000140027521411, 4.90684469696e-05, 3.84166196454e-05, 2.18039822357e-05, 6.41802625978e-06, 4.35761648987e-06, 3.98222300646e-06, 4.16943976234e-06, 6.70067447572e-06],
        "median": [0.00433591008186, 4.12920890085e-05, 1.47117020788e-06, 2.75193406196e-06, 0.0164728835225, 0.0165938846767, 2.34460530919e-05, 0.000595260236878, 2.57175925071e-05, 0.0079454742372, 3.16841687891e-05, 0.000127577033709, 0.00022658421949, 0.000132431479869, 0.000129707972519, 0.000269181269687, 0.000483264622744, 0.000115700291644, 0.000104121747427, 3.16432669933e-05, 2.58286981989e-05, 1.33279008878e-05, 5.0326643759e-06, 3.73236616724e-06, 3.66042604583e-06, 3.65517007594e-06, 5.9910444179e-06],
        "min": [0.0014827887062, 6.19660295342e-06, 4.89080491661e-08, 1.11633347899e-07, 0.000595103600062, 0.000513424805831, 4.73828492886e-07, 6.94631035003e-06, 1.01872933556e-06, 0.00016196143406, 1.21099924399e-06, 2.00605190912e-05, 8.49803473102e-06, 6.64843264531e-06, 8.01137230155e-06, 3.48106987076e-05, 2.64243790298e-05, 1.20463009807e-05, 8.54851259646e-06, 4.81971028421e-06, 6.96318647897e-06, 2.9414322853e-06, 1.18596960874e-06, 1.16707485631e-06, 1.18563923479e-06, 1.23849940792e-06, 2.26135693993e-06],
        "var": [6.12315943727e-06, 4.82309836514e-09, 2.29180008304e-10, 4.59468074698e-10, 5.16448126291e-05, 2.09382615139e-05, 5.51639089963e-09, 1.00473312159e-06, 7.89881671182e-09, 2.04184434551e-05, 5.89365400927e-09, 6.05472862958e-08, 3.01255553836e-08, 4.49573860806e-07, 8.12526401717e-09, 1.89425463759e-07, 1.97998744511e-07, 2.3593248244e-08, 1.25447652266e-08, 2.58993337887e-09, 1.22606569342e-09, 5.0624970882e-10, 2.16160301464e-11, 6.23251016768e-12, 3.11148893109e-12, 3.06760910077e-12, 8.511322723e-12]
    },
    "erbbands": {
        "dmean": [0.0027816540096, 0.00257461052388, 0.00342814205214, 0.0118893515319, 0.106709189713, 5.85346841812, 40.7590560913, 4.17607545853, 0.598579525948, 0.756239533424, 10.1715612411, 1.36119067669, 14.9082479477, 96.5354614258, 5.00703239441, 6.29827547073, 4.44403409958, 12.6280536652, 4.96447706223, 4.11660480499, 12.3365678787, 12.8912763596, 5.68496131897, 2.95179176331, 3.05103373528, 1.24475169182, 0.733984529972, 0.762155532837, 0.433567166328, 0.139425560832, 0.066397279501, 0.0337519049644, 0.0250657666475, 0.0147660411894, 0.00539259891957, 0.00323096732609, 0.00145358080044, 0.000729904102627, 0.000147344573634, 1.63720706041e-05],
        "dmean2": [0.00455950479954, 0.00346192787401, 0.0047217477113, 0.016778813675, 0.112853094935, 6.16133832932, 42.4179763794, 5.06713247299, 0.918199837208, 0.864019930363, 11.6913547516, 1.45392251015, 19.6783447266, 118.599990845, 6.45834064484, 9.99400234222, 7.20819616318, 21.4538764954, 7.55414438248, 6.48139762878, 20.0298900604, 20.8771209717, 9.24318695068, 4.25964736938, 4.60461044312, 1.87224507332, 1.18459784985, 1.21004295349, 0.648549556732, 0.227645784616, 0.104188330472, 0.0525124147534, 0.0394631773233, 0.0234080310911, 0.00845493841916, 0.00476960325614, 0.00232095154934, 0.00120627426077, 0.00022886802617, 2.51707933785e-05],
        "dvar": [8.18401804281e-06, 6.69304135954e-05, 0.000260582950432, 0.00172741978895, 0.022322576493, 17.7622089386, 1028.5201416, 13.8215284348, 0.767188310623, 1.59836828709, 164.592315674, 2.5201086998, 160.317871094, 5674.11572266, 14.6242494583, 68.8388442993, 28.5885715485, 971.112121582, 23.6985740662, 59.1925239563, 458.001068115, 263.986419678, 39.5345039368, 8.69996643066, 17.907333374, 2.32753491402, 1.45070695877, 0.634067833424, 0.223560258746, 0.0300308540463, 0.00550050660968, 0.00120665738359, 0.000736246234737, 0.000219111621846, 2.43246540776e-05, 5.04336821905e-06, 1.49387210513e-06, 4.81436131849e-07, 3.24127569229e-08, 2.59920834855e-10],
        "dvar2": [1.53687633428e-05, 6.76361669321e-05, 0.000271591736237, 0.00187420845032, 0.0220063440502, 25.8811321259, 1644.10791016, 19.5028381348, 1.45866775513, 1.95437276363, 239.174911499, 3.5205321312, 230.276397705, 8801.13476562, 26.1572914124, 124.304489136, 62.9786758423, 1993.75158691, 53.0908317566, 139.523468018, 1213.47558594, 580.981628418, 90.7814407349, 17.8429832458, 42.7470703125, 6.28625965118, 3.74305582047, 1.51922333241, 0.491807997227, 0.0694032460451, 0.0127628771588, 0.00295198662207, 0.00155584036838, 0.000519126071595, 5.71493837924e-05, 1.38702007462e-05, 3.57954309038e-06, 1.22481355902e-06, 7.8474528209e-08, 5.44554012993e-10],
        "max": [0.0411996766925, 0.0940787121654, 0.197265520692, 0.527955532074, 2.15862512589, 81.1032409668, 549.656616211, 52.4784660339, 8.69968414307, 15.0786190033, 150.837387085, 24.0320682526, 141.751190186, 745.959533691, 34.1572685242, 80.722038269, 62.2233772278, 328.538024902, 35.1195983887, 92.5832595825, 234.077896118, 150.544876099, 61.2243690491, 31.9966602325, 39.8844795227, 14.3084421158, 12.2283906937, 8.00315093994, 4.84469032288, 1.4557775259, 0.88659119606, 0.36533203721, 0.258957803249, 0.169049456716, 0.0728786364198, 0.0464385673404, 0.0215425398201, 0.0111756324768, 0.00324504659511, 0.000334850919899],
        "mean": [0.0129547165707, 0.00866509787738, 0.00671403994784, 0.0341022573411, 0.553406834602, 32.3398017883, 291.218444824, 33.33543396, 2.00531721115, 1.94213354588, 25.0809307098, 4.28284740448, 57.0132064819, 280.408447266, 14.5741577148, 11.6264772415, 8.61000728607, 20.9125041962, 11.2663593292, 9.26616096497, 25.3778400421, 28.8367729187, 11.8223333359, 7.18066692352, 5.5226764679, 2.44679331779, 1.60031759739, 1.55562722683, 0.927850544453, 0.332933366299, 0.177617743611, 0.0972408428788, 0.073990598321, 0.0490807406604, 0.0243951976299, 0.0158329978585, 0.00788747705519, 0.00356010231189, 0.000874185643625, 0.000153062719619],
        "median": [0.0112075312063, 0.00617605820298, 0.00425788527355, 0.0244862250984, 0.531719982624, 32.1197814941, 301.741241455, 34.9423980713, 1.69144427776, 1.29242110252, 16.287858963, 3.41013383865, 57.7809295654, 266.038513184, 13.4395980835, 7.11892366409, 7.34166049957, 13.2437725067, 10.4368286133, 7.65952110291, 20.7990226746, 20.8812789917, 9.05503845215, 5.9330034256, 3.71907520294, 1.46627092361, 1.00487089157, 1.1050722599, 0.571552097797, 0.225196123123, 0.127219378948, 0.0851664915681, 0.0611761882901, 0.0438790023327, 0.0214304123074, 0.014370390214, 0.00717306509614, 0.00320472172461, 0.000782327959314, 0.000143819241202],
        "min": [0.00318355159834, 0.00124154426157, 0.00155950151384, 0.00892896950245, 0.0528411716223, 1.53267490864, 6.0962600708, 3.40744495392, 0.698870062828, 0.142573699355, 0.206988036633, 0.0958177745342, 2.20410966873, 3.63562297821, 0.454278677702, 1.16658902168, 1.04217505455, 1.48177194595, 0.734065830708, 1.04098546505, 1.45700514317, 1.20112848282, 1.138499856, 0.744753479958, 0.292899638414, 0.202154785395, 0.228343620896, 0.276298135519, 0.123262174428, 0.0572631433606, 0.0358598791063, 0.0236939731985, 0.018649244681, 0.0140934409574, 0.00726051675156, 0.00434460677207, 0.00255084224045, 0.00110124330968, 0.000267796509434, 7.78287358116e-05],
        "var": [4.2190815293e-05, 9.15663913474e-05, 0.000272861740086, 0.00195258355234, 0.0651128590107, 195.803009033, 10028.2890625, 84.1352157593, 1.11703503132, 4.34679698944, 757.040405273, 15.785446167, 802.507751465, 26723.6054688, 65.9677047729, 158.546569824, 55.0004272461, 1325.17016602, 48.0161361694, 75.7697677612, 537.446472168, 656.167907715, 83.9370574951, 26.5798435211, 33.3681144714, 6.01534748077, 3.07256364822, 1.86910951138, 0.882444262505, 0.0773951038718, 0.0146468002349, 0.00257200561464, 0.00186560337897, 0.000594813085627, 0.000119156859, 4.58004687971e-05, 1.14322747322e-05, 2.64391587734e-06, 1.52088006189e-07, 1.49098666746e-09]
    },
    "gfcc": {
        "mean": [-19.6571846008, 85.2527389526, -140.548660278, -16.1037025452, -52.9350776672, -25.2384090424, -39.4956855774, -9.83915519714, -30.7663516998, -12.556643486, -9.35741043091, 29.3621826172, 27.9760189056],
        "cov": [[341.674804688, -126.94670105, -182.593139648, 27.2214775085, -12.3482074738, 49.8035812378, 97.1625595093, 76.8245010376, 69.8028106689, 61.3435897827, -7.67235422134, -27.8024425507, -34.7347335815], [-126.94670105, 132.310699463, 73.8453369141, -50.8448677063, -16.0295295715, -35.3561058044, -37.7707557678, -5.91808605194, -10.1612014771, -24.2259883881, -5.12261199951, -9.28903484344, -1.5884783268], [-182.593139648, 73.8453369141, 160.854171753, 6.99907493591, 15.8670158386, -22.4446258545, -56.7440490723, -41.0250167847, -44.6436195374, -37.8440895081, 3.29102683067, 15.9086208344, 12.878203392], [27.2214775085, -50.8448677063, 6.99907493591, 78.022315979, 40.2547264099, 0.0319158695638, -4.91751766205, -14.0291538239, -11.1936578751, 3.94441819191, 12.4414634705, 21.3459186554, -2.46678805351], [-12.3482074738, -16.0295295715, 15.8670158386, 40.2547264099, 79.6594238281, 7.8819770813, -26.4705657959, -14.0244293213, -13.8762731552, -1.65640950203, 14.9127664566, 18.6524944305, -2.7192261219], [49.8035812378, -35.3561058044, -22.4446258545, 0.0319158695638, 7.8819770813, 41.6537628174, 23.3810081482, 2.02599048615, 5.02586269379, 10.2724132538, 0.616880118847, -2.14767217636, 0.934287667274], [97.1625595093, -37.7707557678, -56.7440490723, -4.91751766205, -26.4705657959, 23.3810081482, 56.8501930237, 29.894405365, 22.5456829071, 20.6447353363, -6.30944490433, -12.7369995117, -5.9503531456], [76.8245010376, -5.91808605194, -41.0250167847, -14.0291538239, -14.0244293213, 2.02599048615, 29.894405365, 51.7061157227, 30.4316749573, 6.7019109726, -8.52728652954, -16.2974681854, -10.8534469604], [69.8028106689, -10.1612014771, -44.6436195374, -11.1936578751, -13.8762731552, 5.02586269379, 22.5456829071, 30.4316749573, 42.4001998901, 21.7885246277, -14.5358533859, -17.6167068481, -12.7328567505], [61.3435897827, -24.2259883881, -37.8440895081, 3.94441819191, -1.65640950203, 10.2724132538, 20.6447353363, 6.7019109726, 21.7885246277, 37.7299766541, 3.81173348427, -20.6376056671, -24.8758525848], [-7.67235422134, -5.12261199951, 3.29102683067, 12.4414634705, 14.9127664566, 0.616880118847, -6.30944490433, -8.52728652954, -14.5358533859, 3.81173348427, 22.161529541, 0.0938485488296, -14.2267913818], [-27.8024425507, -9.28903484344, 15.9086208344, 21.3459186554, 18.6524944305, -2.14767217636, -12.7369995117, -16.2974681854, -17.6167068481, -20.6376056671, 0.0938485488296, 31.1450691223, 23.0686836243], [-34.7347335815, -1.5884783268, 12.878203392, -2.46678805351, -2.7192261219, 0.934287667274, -5.9503531456, -10.8534469604, -12.7328567505, -24.8758525848, -14.2267913818, 23.0686836243, 42.9262313843]],
        "icov": [[0.0204665381461, 0.00153023912571, 0.0151091469452, -0.0128462575376, 0.00618820404634, -0.0163838267326, 0.00415719114244, -0.0241310875863, 0.013271744363, -0.0143902013078, 0.0201031472534, -0.00760718574747, 0.0129183987156], [0.00153023912571, 0.0252023469657, -0.00831625424325, 0.0176133532077, -0.00640463922173, 0.0167418941855, -0.00543789286166, 0.00650886958465, -0.00955738406628, 0.0143664004281, -0.00111938081682, 0.00541624054313, 0.00800849311054], [0.0151091469452, -0.00831625424325, 0.0291354097426, -0.019915798679, 0.0072328899987, -0.0200080983341, 0.0128655442968, -0.0167850442231, 0.0267792139202, -0.00477076135576, 0.0314475037158, 0.000884238921572, 0.015591872856], [-0.0128462575376, 0.0176133532077, -0.019915798679, 0.0486425943673, -0.0186535660177, 0.0313038937747, -0.0172569267452, 0.0225290413946, -0.0160268396139, 0.00632729800418, -0.0189100336283, -0.0183291453868, 0.00296392734163], [0.00618820404634, -0.00640463922173, 0.0072328899987, -0.0186535660177, 0.0418103300035, -0.0345313958824, 0.0442472025752, -0.0401119664311, 0.0248080734164, -0.0414609164, 0.00713906995952, -0.03515567258, 0.0055108834058], [-0.0163838267326, 0.0167418941855, -0.0200080983341, 0.0313038937747, -0.0345313958824, 0.0778797492385, -0.0547136068344, 0.0569209568202, -0.0400608591735, 0.0441443659365, -0.0332437045872, 0.0310908779502, -0.0159385055304], [0.00415719114244, -0.00543789286166, 0.0128655442968, -0.0172569267452, 0.0442472025752, -0.0547136068344, 0.102990426123, -0.0788628011942, 0.058395717293, -0.0813076719642, 0.0316323786974, -0.0435661785305, 0.000741446448956], [-0.0241310875863, 0.00650886958465, -0.0167850442231, 0.0225290413946, -0.0401119664311, 0.0569209568202, -0.0788628011942, 0.136958017945, -0.102067485452, 0.124077871442, -0.0552001707256, 0.0716135650873, -0.00819034781307], [0.013271744363, -0.00955738406628, 0.0267792139202, -0.0160268396139, 0.0248080734164, -0.0400608591735, 0.058395717293, -0.102067485452, 0.172530695796, -0.113889828324, 0.127635240555, -0.048526134342, 0.0397183783352], [-0.0143902013078, 0.0143664004281, -0.00477076135576, 0.00632729800418, -0.0414609164, 0.0441443659365, -0.0813076719642, 0.124077871442, -0.113889828324, 0.202296033502, -0.0535982958972, 0.107809223235, 0.014944255352], [0.0201031472534, -0.00111938081682, 0.0314475037158, -0.0189100336283, 0.00713906995952, -0.0332437045872, 0.0316323786974, -0.0552001707256, 0.127635240555, -0.0535982958972, 0.190274491906, -0.0359707139432, 0.0864995345473], [-0.00760718574747, 0.00541624054313, 0.000884238921572, -0.0183291453868, -0.03515567258, 0.0310908779502, -0.0435661785305, 0.0716135650873, -0.048526134342, 0.107809223235, -0.0359707139432, 0.162492066622, -0.0492731705308], [0.0129183987156, 0.00800849311054, 0.015591872856, 0.00296392734163, 0.0055108834058, -0.0159385055304, 0.000741446448956, -0.00819034781307, 0.0397183783352, 0.014944255352, 0.0864995345473, -0.0492731705308, 0.103855073452]]
    },
    "melbands": {
        "dmean": [2.74159774563e-05, 2.17100796363e-06, 2.58626960203e-06, 6.45812397124e-05, 0.00121729949024, 0.000144434758113, 8.42422196001e-06, 1.69010145328e-05, 7.53640488256e-05, 4.81810366182e-06, 9.28640292841e-05, 0.000429652805906, 9.96394919639e-06, 1.40403235491e-05, 8.59893316374e-06, 2.02331775654e-05, 2.33626924455e-05, 8.89688089956e-06, 2.90865523311e-06, 1.15060529424e-05, 1.65689289133e-05, 1.72835698322e-05, 6.8396207098e-06, 4.21774120696e-06, 2.64444952336e-06, 2.65970470537e-06, 1.23465474644e-06, 8.20029356419e-07, 5.42744544418e-07, 3.12351033926e-07, 5.12734686708e-07, 2.91553590159e-07, 1.50445288227e-07, 6.04077712296e-08, 4.35996980741e-08, 3.08227647849e-08, 1.93452009967e-08, 1.68779550336e-08, 1.88109670063e-08, 1.18136593841e-08],
        "dmean2": [3.836502583e-05, 2.91668106911e-06, 3.84185204894e-06, 7.38945964258e-05, 0.00125064572785, 0.000177374837222, 1.30198686747e-05, 1.93669475266e-05, 8.57293125591e-05, 6.59156603433e-06, 0.000125561971799, 0.000530053803232, 1.50460409714e-05, 2.24568539124e-05, 1.29818045025e-05, 3.33422904077e-05, 3.97828116547e-05, 1.36714024848e-05, 4.50657762485e-06, 1.86377383216e-05, 2.706360101e-05, 2.79552659777e-05, 1.10745804704e-05, 6.59258694213e-06, 3.88128182749e-06, 4.05540595239e-06, 1.91109938896e-06, 1.2840165482e-06, 8.77574507285e-07, 4.89124261094e-07, 8.21259448003e-07, 4.32207713175e-07, 2.56883453176e-07, 9.04082853026e-08, 6.99962043882e-08, 5.23740055769e-08, 3.04844327559e-08, 2.81042691341e-08, 2.96220434848e-08, 1.8658971257e-08],
        "dvar": [7.17680970208e-10, 8.34486368895e-11, 8.10318617761e-11, 3.36106187326e-09, 8.59933322772e-07, 1.63378910401e-08, 1.86936063851e-10, 4.71272021407e-10, 9.30633969887e-09, 4.23913577852e-11, 6.34735330962e-09, 1.12700270449e-07, 1.03671952967e-10, 2.87973311863e-10, 1.22613752485e-10, 8.50554959797e-10, 3.2216269652e-09, 7.21013318494e-11, 1.15507057044e-11, 9.96450366664e-10, 4.74359274083e-10, 4.97114738263e-10, 1.04006261936e-10, 1.90332628131e-11, 8.23201055933e-12, 1.11654721927e-11, 3.99498099532e-12, 1.09928570153e-12, 7.44085674152e-13, 2.45870462661e-13, 2.63051353703e-13, 1.03965935253e-13, 3.88534555007e-14, 7.34629557571e-15, 2.7438726001e-15, 8.82575084996e-16, 4.758928618e-16, 3.05118314139e-16, 4.33796277233e-16, 1.2378438906e-16],
        "dvar2": [1.19002874222e-09, 8.5807846939e-11, 9.37321262273e-11, 4.27824042859e-09, 1.38247878567e-06, 2.42052635713e-08, 3.41563138884e-10, 7.46256167972e-10, 1.30560637857e-08, 8.25678830862e-11, 8.97564156332e-09, 1.73640415824e-07, 2.18808526853e-10, 5.51802437077e-10, 2.30236871235e-10, 1.77761638742e-09, 6.64105348491e-09, 1.82598200449e-10, 2.5232701345e-11, 2.41346032048e-09, 1.26608068474e-09, 1.10020947908e-09, 2.5371962864e-10, 5.00144856086e-11, 1.72567134193e-11, 2.59277911641e-11, 1.03781531979e-11, 2.81402115151e-12, 1.84789184822e-12, 6.59149926481e-13, 6.81456139347e-13, 2.2179247371e-13, 1.00135279571e-13, 1.64594679981e-14, 6.50419659538e-15, 2.20657292012e-15, 1.1444324619e-15, 6.37422362478e-16, 9.20262333676e-16, 3.17603526842e-16],
        "max": [0.000733167864382, 0.000108330852527, 0.000113261514343, 0.000778146553785, 0.0166254322976, 0.00176784768701, 0.000121489392768, 0.000217425476876, 0.00116018753033, 7.77815948823e-05, 0.000892484851647, 0.00338923325762, 8.9965731604e-05, 0.000144331745105, 0.000121679142467, 0.000316129095154, 0.00059888837859, 6.33384697721e-05, 3.07587943098e-05, 0.000363620900316, 0.000214563740883, 0.000211118225707, 0.00010884245421, 3.52276110789e-05, 2.49882577918e-05, 2.99374205497e-05, 2.12301256397e-05, 8.82914901013e-06, 8.03502007329e-06, 6.1549367274e-06, 4.86198860017e-06, 3.06132278638e-06, 1.94105382434e-06, 9.34358695304e-07, 6.2291650238e-07, 2.74240960607e-07, 2.29114490935e-07, 1.49028892338e-07, 1.87163308851e-07, 1.28497603669e-07],
        "mean": [0.000237403641222, 5.08949324285e-06, 4.92601702717e-06, 0.000208842524444, 0.00837412662804, 0.00112839718349, 1.15735383588e-05, 3.97872972826e-05, 0.000187628262211, 9.71434019448e-06, 0.000358408724423, 0.00127638946287, 1.72492382262e-05, 2.43846261583e-05, 1.67548187164e-05, 3.23069107253e-05, 3.79642879125e-05, 1.9249462639e-05, 7.32324315322e-06, 2.03555282496e-05, 3.16522637149e-05, 3.76483803848e-05, 1.21692410175e-05, 8.0510526459e-06, 5.55347924092e-06, 4.59253442386e-06, 2.37991366703e-06, 1.46811009927e-06, 1.0836315596e-06, 7.3819762747e-07, 9.5860843885e-07, 5.80105222525e-07, 3.15661992545e-07, 1.28992397208e-07, 1.10238559614e-07, 7.26304065779e-08, 5.42066160847e-08, 4.64552663004e-08, 5.66011131298e-08, 3.59123717431e-08],
        "median": [0.000207906792639, 3.44519639839e-06, 1.4788831777e-06, 0.000189080121345, 0.00861100293696, 0.00116609211545, 5.59422733204e-06, 2.53178914136e-05, 0.000120756711112, 5.44900831301e-06, 0.000354887335561, 0.00120493827853, 1.12411289592e-05, 1.53036380652e-05, 1.10661239887e-05, 2.31046360568e-05, 2.29182205658e-05, 1.80196511792e-05, 6.37659013591e-06, 1.61530751939e-05, 2.6105572033e-05, 2.61462264461e-05, 8.24134804134e-06, 6.24057611276e-06, 4.16367493017e-06, 3.20954677591e-06, 1.40267354709e-06, 8.9390488256e-07, 7.00089969996e-07, 4.41335316737e-07, 6.77316961628e-07, 3.20189400327e-07, 2.16535966047e-07, 9.47732843315e-08, 8.0181280282e-08, 6.41401314283e-08, 4.60829063798e-08, 3.98459967244e-08, 4.93686478364e-08, 3.23828110993e-08],
        "min": [6.57212876831e-05, 2.88460142883e-07, 1.2810208716e-07, 8.15911607788e-06, 0.000208799741813, 8.81235901034e-05, 1.19777837426e-07, 3.07902467966e-07, 1.55006580371e-06, 1.18202997612e-07, 1.42581275213e-05, 1.86814195331e-05, 2.53741120559e-07, 3.25284895553e-06, 7.60065120176e-07, 1.60436286478e-06, 2.05922242458e-06, 1.00512215795e-06, 6.80981315782e-07, 1.19511798857e-06, 1.83101042239e-06, 1.17695788049e-06, 1.2211377225e-06, 6.50384720302e-07, 4.11101751752e-07, 1.66358930187e-07, 1.84868767406e-07, 9.55993826324e-08, 1.43846321521e-07, 8.48319885449e-08, 1.75369891053e-07, 4.96563252739e-08, 5.19083940276e-08, 1.65314872902e-08, 2.13998170295e-08, 1.42656322311e-08, 1.33759909815e-08, 9.62876178789e-09, 1.30211983418e-08, 9.64693125383e-09],
        "var": [1.26110935028e-08, 8.96649005044e-11, 1.06043299142e-10, 1.80677801609e-08, 8.96550682228e-06, 9.52434007218e-08, 2.87255275122e-10, 1.66517222233e-09, 4.42932410749e-08, 1.60816956973e-10, 3.21291899752e-08, 5.36087895853e-07, 2.61484028874e-10, 6.583283918e-10, 3.16324022531e-10, 1.35308342308e-09, 4.41203429347e-09, 1.44300044136e-10, 1.90266344346e-11, 9.73958913519e-10, 6.92898238785e-10, 1.22378962519e-09, 1.68942360101e-10, 3.91174106995e-11, 2.15618738142e-11, 2.11675434125e-11, 8.28274254738e-12, 2.27749785177e-12, 1.50497257885e-12, 6.60131725758e-13, 6.55626865732e-13, 4.0508736773e-13, 8.89339600227e-14, 1.33620057293e-14, 6.97038404779e-15, 1.60069554691e-15, 9.36447862749e-16, 7.6207247215e-16, 1.06962484134e-15, 3.20348998852e-16]
    },
    "mfcc": {
        "mean": [-673.490661621, 135.77154541, -41.3322677612, 10.9864635468, -6.98349094391, -11.8304080963, -11.6446018219, -1.18018698692, -3.99221491814, -20.751203537, -17.3980541229, -14.81341362, -8.18461036682],
        "cov": [[638.545715332, -137.387390137, -178.398864746, -22.4556484222, -131.041854858, -7.83212804794, 9.6532535553, 18.1071510315, 96.9745941162, 107.349464417, 98.4761276245, 102.90675354, 96.2808914185], [-137.387390137, 166.319885254, 54.3265151978, -36.104927063, 13.4785289764, -44.3794059753, -26.3324146271, -14.3336391449, -9.03328990936, 3.55008101463, -14.0049152374, -8.49483776093, -21.2309589386], [-178.398864746, 54.3265151978, 119.582397461, 11.996427536, 32.7015647888, 0.924206733704, -0.679162681103, -2.90159702301, -19.6968917847, -22.3090286255, -35.7651672363, -32.5824775696, -34.7978286743], [-22.4556484222, -36.104927063, 11.996427536, 67.4384384155, 40.7898101807, 16.0989665985, 10.2765207291, 7.2590470314, -14.337477684, -27.3617248535, -9.75747871399, -4.29047298431, -0.649933338165], [-131.041854858, 13.4785289764, 32.7015647888, 40.7898101807, 111.368049622, 30.7629756927, 15.8748235703, 8.22837352753, -38.7589454651, -43.097782135, -28.6096057892, -32.6516036987, -25.6794147491], [-7.83212804794, -44.3794059753, 0.924206733704, 16.0989665985, 30.7629756927, 63.0423927307, 25.6714763641, -2.27749252319, -16.1600894928, -19.2114181519, -4.03782939911, -7.5970044136, -3.06270837784], [9.6532535553, -26.3324146271, -0.679162681103, 10.2765207291, 15.8748235703, 25.6714763641, 40.957649231, 6.63821601868, -20.4408321381, -9.11010169983, 1.54866838455, -3.01108503342, -1.46455824375], [18.1071510315, -14.3336391449, -2.90159702301, 7.2590470314, 8.22837352753, -2.27749252319, 6.63821601868, 28.2130451202, 6.731133461, -2.96638464928, -7.85321760178, -9.45875835419, 0.171360597014], [96.9745941162, -9.03328990936, -19.6968917847, -14.337477684, -38.7589454651, -16.1600894928, -20.4408321381, 6.731133461, 54.3288383484, 31.5838336945, 3.52181863785, 13.3026914597, 14.9073820114], [107.349464417, 3.55008101463, -22.3090286255, -27.3617248535, -43.097782135, -19.2114181519, -9.11010169983, -2.96638464928, 31.5838336945, 59.3292427063, 27.9382133484, 21.4618034363, 15.2827177048], [98.4761276245, -14.0049152374, -35.7651672363, -9.75747871399, -28.6096057892, -4.03782939911, 1.54866838455, -7.85321760178, 3.52181863785, 27.9382133484, 56.8097610474, 32.2064704895, 13.5259437561], [102.90675354, -8.49483776093, -32.5824775696, -4.29047298431, -32.6516036987, -7.5970044136, -3.01108503342, -9.45875835419, 13.3026914597, 21.4618034363, 32.2064704895, 47.9169540405, 22.7521038055], [96.2808914185, -21.2309589386, -34.7978286743, -0.649933338165, -25.6794147491, -3.06270837784, -1.46455824375, 0.171360597014, 14.9073820114, 15.2827177048, 13.5259437561, 22.7521038055, 30.2390956879]],
