{
"lowlevel": {
    "average_loudness": 0.990594983101,
    "barkbands_crest": {
        "dmean": 4.27585554123,
        "dmean2": 7.20696020126,
        "dvar": 13.8244628906,
        "dvar2": 31.4387645721,
        "max": 26.3125724792,
        "mean": 19.4231643677,
        "median": 21.3900489807,
        "min": 6.95155572891,
        "var": 25.8228645325
    },
    "barkbands_flatness_db": {
        "dmean": 0.0641892775893,
        "dmean2": 0.103147350252,
        "dvar": 0.00217858841643,
        "dvar2": 0.00545584363863,
        "max": 0.45733165741,
        "mean": 0.297865957022,
        "median": 0.296994447708,
        "min": 0.126903414726,
        "var": 0.00517610274255
    },
    "barkbands_kurtosis": {
        "dmean": 13.5985202789,
        "dmean2": 22.9590511322,
        "dvar": 270.498168945,
        "dvar2": 745.047668457,
        "max": 86.6869430542,
        "mean": 13.3066215515,
        "median": 7.65994167328,
        "min": -1.51112318039,
        "var": 332.239440918
    },
    "barkbands_skewness": {
        "dmean": 1.48122870922,
        "dmean2": 2.3629822731,
        "dvar": 1.50213646889,
        "dvar2": 4.12298536301,
        "max": 8.46117305756,
        "mean": 2.68821358681,
        "median": 2.39483451843,
        "min": -0.502935349941,
        "var": 3.06836390495
    },
    "barkbands_spread": {
        "dmean": 5.38208198547,
        "dmean2": 9.02904605865,
        "dvar": 33.0182342529,
        "dvar2": 82.6443557739,
        "max": 37.5404205322,
        "mean": 7.68824958801,
        "median": 5.60822582245,
        "min": 0.589308083057,
        "var": 44.9933509827
    },
    "dissonance": {
        "dmean": 0.067446231842,
        "dmean2": 0.120917417109,
        "dvar": 0.0026056021452,
        "dvar2": 0.00727370940149,
        "max": 0.499995559454,
        "mean": 0.427474826574,
        "median": 0.436822831631,
        "min": 0.246983245015,
        "var": 0.00421533407643
    },
    "dynamic_complexity": 4.29007959366,
    "erbbands_crest": {
        "dmean": 4.92999839783,
        "dmean2": 8.30791187286,
        "dvar": 17.403837204,
        "dvar2": 37.0849075317,
        "max": 32.5912322998,
        "mean": 20.5569458008,
        "median": 22.0447998047,
        "min": 8.07707023621,
        "var": 45.0463371277
    },
    "erbbands_flatness_db": {
        "dmean": 0.056845061481,
        "dmean2": 0.0912135988474,
        "dvar": 0.00170943478588,
        "dvar2": 0.00442966166884,
        "max": 0.479740351439,
        "mean": 0.352886646986,
        "median": 0.35319134593,
        "min": 0.194759532809,
        "var": 0.00389993702993
    },
    "erbbands_kurtosis": {
        "dmean": 9.22120285034,
        "dmean2": 15.8830270767,
        "dvar": 161.371612549,
        "dvar2": 451.193359375,
        "max": 76.4653549194,
        "mean": 8.23604869843,
        "median": 3.320125103,
        "min": -1.44072723389,
        "var": 186.537139893
    },
    "erbbands_skewness": {
        "dmean": 1.28127872944,
        "dmean2": 2.10889363289,
        "dvar": 1.18408882618,
        "dvar2": 3.14451694489,
        "max": 7.06136655807,
        "mean": 2.18824887276,
        "median": 2.02908849716,
        "min": -0.652617812157,
        "var": 2.57675266266
    },
    "erbbands_spread": {
        "dmean": 8.89508342743,
        "dmean2": 14.9992685318,
        "dvar": 80.9539642334,
        "dvar2": 201.153106689,
        "max": 53.7614631653,
        "mean": 14.7186403275,
        "median": 12.6791534424,
        "min": 1.27837812901,
        "var": 119.086074829
    },
    "hfc": {
        "dmean": 13.8636465073,
        "dmean2": 23.607378006,
        "dvar": 471.240631104,
        "dvar2": 1256.71618652,
        "max": 104.049720764,
        "mean": 15.3143377304,
        "median": 6.08866596222,
        "min": 0.137381702662,
        "var": 473.904083252
    },
    "melbands_crest": {
        "dmean": 4.57694673538,
        "dmean2": 7.73414373398,
        "dvar": 15.0374183655,
        "dvar2": 34.0934410095,
        "max": 34.0396995544,
        "mean": 22.7055873871,
        "median": 23.8907661438,
        "min": 9.42197418213,
        "var": 37.603553772
    },
    "melbands_flatness_db": {
        "dmean": 0.0689579844475,
        "dmean2": 0.111212827265,
        "dvar": 0.0025456675794,
        "dvar2": 0.00639969948679,
        "max": 0.457209587097,
        "mean": 0.286143213511,
        "median": 0.285877078772,
        "min": 0.0800841599703,
        "var": 0.00592660112306
    },
    "melbands_kurtosis": {
        "dmean": 20.9603652954,
        "dmean2": 35.7116355896,
        "dvar": 614.027160645,
        "dvar2": 1655.51879883,
        "max": 182.29119873,
        "mean": 25.2252445221,
        "median": 15.565659523,
        "min": -0.647119760513,
        "var": 869.463684082
    },
    "melbands_skewness": {
        "dmean": 1.51790583134,
        "dmean2": 2.36062717438,
        "dvar": 1.61826920509,
        "dvar2": 4.56485080719,
        "max": 10.3460206985,
        "mean": 3.37606692314,
        "median": 3.18467140198,
        "min": -0.0937597975135,
        "var": 3.66885828972
    },
    "melbands_spread": {
        "dmean": 8.01335906982,
        "dmean2": 13.793053627,
        "dvar": 133.716949463,
        "dvar2": 344.692230225,
        "max": 98.0935516357,
        "mean": 10.9092741013,
        "median": 6.8488535881,
        "min": 0.961902558804,
        "var": 135.844696045
    },
    "pitch_salience": {
        "dmean": 0.147067397833,
        "dmean2": 0.250178575516,
        "dvar": 0.0161046069115,
        "dvar2": 0.0381226465106,
        "max": 0.803748846054,
        "mean": 0.392214506865,
        "median": 0.356255710125,
        "min": 0.0932857021689,
        "var": 0.0264507178217
    },
    "silence_rate_20dB": {
        "dmean": 0,
        "dmean2": 0,
        "dvar": 0,
        "dvar2": 0,
        "max": 1,
        "mean": 1,
        "median": 1,
        "min": 1,
        "var": 0
    },
    "silence_rate_30dB": {
        "dmean": 0,
        "dmean2": 0,
        "dvar": 0,
        "dvar2": 0,
        "max": 1,
        "mean": 1,
        "median": 1,
        "min": 1,
        "var": 0
    },
    "silence_rate_60dB": {
        "dmean": 0.147286817431,
        "dmean2": 0.296875,
        "dvar": 0.125593289733,
        "dvar2": 0.239990234375,
        "max": 1,
        "mean": 0.307692319155,
        "median": 0,
        "min": 0,
        "var": 0.213017851114
    },
    "spectral_centroid": {
        "dmean": 348.2918396,
        "dmean2": 593.088684082,
        "dvar": 143942.265625,
        "dvar2": 351417.84375,
        "max": 3552.57788086,
        "mean": 1379.84216309,
        "median": 1267.49780273,
        "min": 816.077148438,
        "var": 211563.015625
    },
    "spectral_complexity": {
        "dmean": 2.28682160378,
        "dmean2": 3.40625,
        "dvar": 7.15029096603,
        "dvar2": 12.8193359375,
        "max": 19,
        "mean": 6.19230747223,
        "median": 5,
        "min": 0,
        "var": 17.6784000397
    },
    "spectral_decrease": {
        "dmean": 3.14754400321e-09,
        "dmean2": 5.28386134846e-09,
        "dvar": 2.18994330094e-17,
        "dvar2": 5.92903673964e-17,
        "max": -2.12733893001e-11,
        "mean": -3.45665029933e-09,
        "median": -1.27708088549e-09,
        "min": -2.38527952945e-08,
        "var": 2.26029037983e-17
    },
    "spectral_energy": {
        "dmean": 0.0131152430549,
        "dmean2": 0.0220565740019,
        "dvar": 0.000382172758691,
        "dvar2": 0.00103167362977,
        "max": 0.0994634777308,
        "mean": 0.0144352335483,
        "median": 0.00551851652563,
        "min": 9.27516593947e-05,
        "var": 0.000394610309741
    },
    "spectral_energyband_high": {
        "dmean": 0.000467941135867,
        "dmean2": 0.000811856240034,
        "dvar": 8.99539202237e-07,
        "dvar2": 2.47190610025e-06,
        "max": 0.00588693236932,
        "mean": 0.000341258593835,
        "median": 4.80545459141e-05,
        "min": 3.25617577346e-07,
        "var": 6.70116605761e-07
    },
    "spectral_energyband_low": {
        "dmean": 3.4602442156e-07,
        "dmean2": 5.22712980455e-07,
        "dvar": 7.98320231536e-13,
        "dvar2": 8.40596743688e-13,
        "max": 1.0218240277e-05,
        "mean": 4.57910687146e-07,
        "median": 2.8625225923e-07,
        "min": 2.75979186171e-08,
        "var": 8.40643798062e-13
    },
    "spectral_energyband_middle_high": {
        "dmean": 0.0111171929166,
        "dmean2": 0.019026465714,
        "dvar": 0.000265086826403,
        "dvar2": 0.000718107505236,
        "max": 0.082996763289,
        "mean": 0.0121459336951,
        "median": 0.00440801447257,
        "min": 5.35262915946e-05,
        "var": 0.000272208824754
    },
    "spectral_energyband_middle_low": {
        "dmean": 0.00471911393106,
        "dmean2": 0.00763633707538,
        "dvar": 5.90597956034e-05,
        "dvar2": 0.000156233989401,
        "max": 0.0430231131613,
        "mean": 0.00511392299086,
        "median": 0.00125136994757,
        "min": 3.52137467416e-05,
        "var": 6.77390489727e-05
    },
    "spectral_entropy": {
        "dmean": 0.634016275406,
        "dmean2": 1.00498449802,
        "dvar": 0.233283907175,
        "dvar2": 0.685999572277,
        "max": 8.24644756317,
        "mean": 6.65100622177,
        "median": 6.59135198593,
        "min": 5.11662435532,
        "var": 0.452925354242
    },
    "spectral_flux": {
        "dmean": 0.0392125919461,
        "dmean2": 0.0659017637372,
        "dvar": 0.00233859452419,
        "dvar2": 0.0055224490352,
        "max": 0.266947090626,
        "mean": 0.0687725171447,
        "median": 0.0494724139571,
        "min": 0.00773719837889,
        "var": 0.00321502843872
    },
    "spectral_kurtosis": {
        "dmean": 6.48632287979,
        "dmean2": 11.1527900696,
        "dvar": 46.2623405457,
        "dvar2": 128.621566772,
        "max": 43.4152297974,
        "mean": 8.66487884521,
        "median": 5.47479104996,
        "min": 0.258547306061,
        "var": 70.3542404175
    },
    "spectral_rms": {
        "dmean": 0.00145152793266,
        "dmean2": 0.00234394636936,
        "dvar": 2.94402934742e-06,
        "dvar2": 7.26768803361e-06,
        "max": 0.0098507637158,
        "mean": 0.00304730050266,
        "median": 0.0023202416487,
        "min": 0.00030081460136,
        "var": 4.79711206935e-06
    },
    "spectral_rolloff": {
        "dmean": 634.14440918,
        "dmean2": 1145.80187988,
        "dvar": 945207.375,
        "dvar2": 2338069,
        "max": 7149.0234375,
        "mean": 1455.14807129,
        "median": 882.861328125,
        "min": 818.26171875,
        "var": 941437.9375
    },
    "spectral_skewness": {
        "dmean": 0.694772660732,
        "dmean2": 1.14721274376,
        "dvar": 0.321107447147,
        "dvar2": 0.914162695408,
        "max": 4.70029020309,
        "mean": 1.93343901634,
        "median": 1.7279958725,
        "min": 0.577531814575,
        "var": 0.715925037861
    },
    "spectral_spread": {
        "dmean": 1038218.1875,
        "dmean2": 1667547.75,
        "dvar": 1.28640758579e+12,
        "dvar2": 2.9877642199e+12,
        "max": 9314499,
        "mean": 3413526.5,
        "median": 2998209.5,
        "min": 1335701.5,
        "var": 1.80843577344e+12
    },
    "spectral_strongpeak": {
        "dmean": 1.18808460236,
        "dmean2": 1.90612840652,
        "dvar": 1.86412894726,
        "dvar2": 4.84979152679,
        "max": 11.2224912643,
        "mean": 2.19800233841,
        "median": 1.77160167694,
        "min": 0.120573274791,
        "var": 2.96312856674
    },
    "zerocrossingrate": {
        "dmean": 0.00975426938385,
        "dmean2": 0.0138168334961,
        "dvar": 9.68033564277e-05,
        "dvar2": 0.000153512999532,
        "max": 0.13525390625,
        "mean": 0.0542931184173,
        "median": 0.05224609375,
        "min": 0.02587890625,
        "var": 0.000243396338192
    },
    "barkbands": {
        "dmean": [2.23930936016e-08, 4.6424101896e-08, 1.98320847744e-07, 2.50720205486e-07, 6.56839347357e-06, 0.000211034508538, 3.26395529555e-05, 0.000656930322293, 0.000435469846707, 0.0107031278312, 0.000455461791717, 2.15389845835e-05, 5.25670766365e-05, 0.000255957711488, 3.99474083679e-05, 1.08881822598e-05, 0.000298739760183, 4.46184421889e-05, 0.000362117076293, 2.86116137431e-05, 0.000124115278595, 8.41784858494e-05, 0.000199245041586, 4.32767155871e-05, 1.18631442092e-05, 7.68812697061e-07, 1.88791560163e-07],
        "dmean2": [2.41155966307e-08, 5.8800093683e-08, 3.03743235008e-07, 4.01258773763e-07, 1.18541793199e-05, 0.000365181273082, 5.86328496865e-05, 0.00117580255028, 0.000760732917115, 0.01798405312, 0.000757565838285, 3.71668902517e-05, 9.61597324931e-05, 0.000349093141267, 6.11927825958e-05, 1.99404712475e-05, 0.000537385349162, 8.48737909109e-05, 0.000622386054602, 5.12738588441e-05, 0.000219624635065, 0.000149447732838, 0.000348751520505, 8.17353356979e-05, 2.2811069357e-05, 1.44526143231e-06, 3.64290343668e-07],
        "dvar": [5.21363144714e-14, 1.23144550113e-13, 9.67757910484e-14, 1.76921926545e-13, 1.01579251954e-10, 1.38743928346e-07, 3.43357298149e-09, 1.5879319335e-06, 4.04890272421e-07, 0.000255168211879, 3.07244340547e-06, 1.27694299579e-09, 1.4464618836e-08, 1.11977819017e-07, 2.60853134648e-08, 8.32101942905e-10, 2.45460114456e-07, 1.27939836503e-08, 6.31980014987e-07, 2.53114973425e-09, 7.3727186134e-08, 4.23865778032e-08, 1.85232920558e-07, 1.08082822692e-08, 1.0288824237e-09, 1.96579493135e-12, 2.57862470526e-13],
        "dvar2": [5.27020037311e-14, 1.24753560347e-13, 1.3613399687e-13, 2.93104787403e-13, 2.67494637551e-10, 3.56107449306e-07, 8.82575523775e-09, 4.35280617239e-06, 1.00034196748e-06, 0.000698252930306, 8.21579942567e-06, 3.32466632003e-09, 4.00842985471e-08, 1.91603248823e-07, 6.108954409e-08, 2.37322850261e-09, 7.44585008761e-07, 3.66245842542e-08, 1.6478282987e-06, 7.07779079789e-09, 2.02769371072e-07, 1.17740313499e-07, 5.02159764437e-07, 3.12258805479e-08, 3.0124820416e-09, 5.59636451763e-12, 7.50229468393e-13],
        "max": [2.60598881141e-06, 4.01329907618e-06, 3.14861586048e-06, 4.00928138333e-06, 5.18126471434e-05, 0.00185695255641, 0.000258926767856, 0.00589437643066, 0.00323015451431, 0.0821892544627, 0.0130560798571, 0.000177867244929, 0.000641634047497, 0.0039009808097, 0.00170583184808, 0.000163451593835, 0.00244101812132, 0.00062969175633, 0.00419425964355, 0.000260743807303, 0.00168580771424, 0.00118638272397, 0.00286143342964, 0.000623270170763, 0.000230869089137, 5.30023271494e-06, 3.3288645227e-06],
        "mean": [2.24904024293e-08, 4.93773697485e-08, 2.4409897037e-07, 2.89851527668e-07, 5.94240873397e-06, 0.000192003004486, 2.74825415545e-05, 0.000494858017191, 0.000454248423921, 0.0111707411706, 0.000439113529865, 1.7400332581e-05, 3.54955627699e-05, 0.000523036287632, 4.05799219152e-05, 8.46232251206e-06, 0.000311793788569, 3.10823052132e-05, 0.000331455754349, 2.51268193097e-05, 9.98067043838e-05, 5.44465437997e-05, 0.000137467490276, 2.69402553386e-05, 6.58437647871e-06, 4.55620494222e-07, 1.30048249503e-07],
        "median": [1.16527087979e-09, 1.42158036454e-08, 1.53984814233e-07, 1.68262587863e-07, 2.59516173173e-06, 5.10573263455e-05, 5.94349694438e-06, 6.00121493335e-05, 0.000130296859425, 0.003226517234, 2.67766827164e-05, 4.15062913817e-06, 4.17229512095e-06, 0.00022904627258, 1.25861106426e-06, 1.82723772468e-06, 7.64538272051e-05, 2.59324201579e-06, 4.4527281716e-05, 8.76537706063e-06, 1.72606414708e-05, 2.39203154706e-06, 1.13674013846e-05, 1.31673505166e-06, 1.18985781228e-07, 7.63179475172e-09, 2.95182545074e-08],
        "min": [1.64766776611e-11, 3.59748897338e-10, 4.74727990252e-09, 2.00811212103e-09, 1.32273271447e-07, 6.35996059373e-07, 3.63752121757e-07, 7.93076537775e-07, 6.33953595752e-06, 2.83048066194e-05, 5.19458126291e-07, 2.33197511079e-07, 1.25872844592e-07, 1.0524300933e-06, 8.02626658469e-08, 9.00194905284e-08, 1.44687044212e-06, 1.29817166794e-07, 6.88016882577e-07, 9.24303833472e-08, 1.46456500261e-07, 3.12803969393e-08, 5.80058348021e-08, 8.08896594151e-09, 1.94060856273e-09, 3.3328978466e-10, 1.10378657325e-08],
        "var": [5.17570131176e-14, 1.221462032e-13, 1.15163765026e-13, 1.89469615127e-13, 8.37412292287e-11, 1.22373364775e-07, 2.76229883411e-09, 1.20714037166e-06, 4.62474048391e-07, 0.000259970314801, 3.43709848494e-06, 1.04088337949e-09, 9.37203026297e-09, 5.13894519827e-07, 3.30024008122e-08, 5.17084874918e-10, 2.45524802267e-07, 7.60952278966e-09, 5.75943317926e-07, 2.02999284049e-09, 5.62396209602e-08, 2.74435016934e-08, 1.35841645488e-07, 6.45696962565e-09, 5.61965141088e-10, 1.26283369612e-12, 1.41121448837e-13]
    },
    "erbbands": {
        "dmean": [1.40348629429e-06, 1.21781122289e-05, 0.000153854605742, 0.000588911003433, 0.00201328098774, 0.024877525866, 0.439201980829, 2.31657743454, 0.819915652275, 4.45134878159, 13.7360773087, 17.1821289062, 311.331481934, 116.114128113, 7.78157377243, 1.17979991436, 2.56000828743, 6.43863677979, 7.82889652252, 2.11767864227, 4.2605214119, 15.9931049347, 3.05231332779, 22.3450469971, 5.17955160141, 1.8949598074, 4.53837823868, 3.6273829937, 1.38539838791, 10.6213340759, 3.1985039711, 1.27299916744, 0.516290128231, 0.259154945612, 0.031625688076, 0.00401392299682, 0.00148786790669, 0.000377476011636, 3.51985472662e-05, 1.70066177816e-05],
        "dmean2": [1.56852513555e-06, 1.65653400472e-05, 0.000239478104049, 0.000919400539715, 0.00329445465468, 0.0440432541072, 0.754457890987, 4.04993581772, 1.39106607437, 7.94580507278, 24.4385871887, 29.0828819275, 523.306274414, 197.581863403, 13.6307678223, 2.0578789711, 4.57793664932, 9.3506565094, 10.481921196, 3.09900021553, 7.77230882645, 28.3992366791, 5.38130760193, 38.4704971313, 9.24133110046, 3.40138030052, 8.10904216766, 6.40783166885, 2.46337604523, 18.6848106384, 5.80193758011, 2.37823176384, 0.979914069176, 0.503174841404, 0.0598008669913, 0.00750257493928, 0.00284810899757, 0.000723037635908, 6.53248862363e-05, 2.89189811156e-05],
        "dvar": [1.64861749252e-10, 4.97163865631e-09, 8.21174808152e-08, 8.43410532525e-07, 6.86241264702e-06, 0.0013594381744, 0.543970227242, 17.4045581818, 1.98015856743, 70.2552566528, 679.432189941, 724.714111328, 231710.953125, 25697.9960938, 287.341796875, 4.00007963181, 31.296131134, 68.5228729248, 107.428451538, 78.9086380005, 74.886138916, 615.402832031, 36.8126296997, 2397.70214844, 152.227783203, 11.9045858383, 107.263679504, 73.3801040649, 7.35377645493, 567.367248535, 58.7184638977, 10.7408161163, 1.55666458607, 0.522579193115, 0.00453557446599, 4.85103009851e-05, 9.0567755251e-06, 9.33811691084e-07, 4.99111996177e-09, 6.39770569855e-10],
        "dvar2": [1.66308883331e-10, 5.06498398778e-09, 1.04078694108e-07, 1.25328722334e-06, 1.27439134303e-05, 0.00341277103871, 1.36056101322, 45.3676300049, 4.90582561493, 193.733184814, 1827.39953613, 1838.53930664, 639704.5625, 64616.796875, 750.423034668, 10.8798866272, 86.4115982056, 131.152770996, 156.769638062, 180.104873657, 219.417785645, 1885.81518555, 106.08380127, 6079.30419922, 425.639221191, 32.8335227966, 299.974334717, 203.666824341, 19.6556301117, 1508.93286133, 169.972320557, 31.2247810364, 4.41000747681, 1.52810788155, 0.0131229273975, 0.000139589101309, 2.58933232544e-05, 2.67536779575e-06, 1.42220217825e-08, 1.71247938052e-09],
        "max": [0.000146858539665, 0.000807929201983, 0.00308065558784, 0.00938031449914, 0.0219427160919, 0.173242092133, 3.23950862885, 20.6990642548, 6.53271722794, 40.7506713867, 118.15272522, 119.313743591, 2500.67431641, 717.403259277, 136.899230957, 9.60043811798, 28.6398735046, 76.3034210205, 130.981521606, 94.4241638184, 46.9028129578, 125.757354736, 32.3368835449, 264.464263916, 72.9777603149, 18.5438480377, 70.3034515381, 56.3033752441, 15.6295499802, 146.346679688, 54.0717163086, 21.3675441742, 6.78309726715, 5.00697088242, 0.419112890959, 0.0294217020273, 0.0165836289525, 0.00573107972741, 0.000423653807957, 0.000127270526718],
        "mean": [1.56013231845e-06, 1.48741419252e-05, 0.000192234176211, 0.000784144329373, 0.00242776423693, 0.0246116667986, 0.399432748556, 2.02006435394, 0.804876029491, 3.56749129295, 10.5946044922, 19.3457546234, 325.55758667, 124.165138245, 8.64980792999, 1.04003560543, 1.95508480072, 13.2384357452, 15.8585939407, 2.49603867531, 3.80889344215, 17.9897594452, 2.87504601479, 20.7833137512, 4.26421451569, 1.68531692028, 3.31552934647, 3.15731787682, 0.989661455154, 7.30346775055, 2.09284758568, 0.801696777344, 0.319897085428, 0.143563613296, 0.0184315275401, 0.00237572938204, 0.00087836937746, 0.000217022068682, 2.55128416029e-05, 1.9087236069e-05],
        "median": [2.96391533539e-07, 7.11598249836e-06, 0.000124432903249, 0.000566762406379, 0.00144644198008, 0.0106586897746, 0.109649762511, 0.518280386925, 0.230852544308, 0.568932890892, 1.45663738251, 6.06910943985, 102.352577209, 44.7389526367, 1.99189186096, 0.333839029074, 0.463257670403, 6.83022451401, 5.95883846283, 0.43060284853, 1.07900154591, 4.52606344223, 0.689397633076, 2.67747592926, 1.01901268959, 0.630636870861, 0.387602478266, 0.566765069962, 0.131493031979, 0.473729550838, 0.192409008741, 0.0495461821556, 0.0143902432173, 0.00310790003277, 0.000534512684681, 7.26331199985e-05, 1.84812342923e-05, 4.78043330077e-06, 5.91892330704e-06, 7.9487936091e-06],
        "min": [3.21693995886e-08, 6.67863844228e-07, 6.3210600274e-06, 4.11273504142e-05, 0.000204474621569, 0.000400702672778, 0.00268176523969, 0.00589292403311, 0.00735313212499, 0.0139974635094, 0.0579898282886, 0.33559525013, 0.992873549461, 0.67674857378, 0.0437203496695, 0.0149888657033, 0.0119698010385, 0.069339223206, 0.118862204254, 0.0119574852288, 0.0314792431891, 0.0784582644701, 0.0221075192094, 0.0950513109565, 0.0210430230945, 0.0060773557052, 0.00462809158489, 0.00600988836959, 0.00190788100008, 0.00225728726946, 0.00088629295351, 0.000324135820847, 9.10868693609e-05, 3.65768028132e-05, 9.91331216937e-06, 1.6374643792e-06, 1.01582111256e-06, 5.66102073662e-07, 6.26108317192e-07, 8.19750425762e-07],
        "var": [1.63809049658e-10, 4.92105245442e-09, 8.90017943789e-08, 9.64330524766e-07, 7.61325327403e-06, 0.00125898374245, 0.514350712299, 14.5182790756, 1.93791258335, 55.0219039917, 529.988708496, 809.627258301, 234992.109375, 28503.5058594, 356.832489014, 3.2314646244, 21.4624900818, 248.735610962, 559.455505371, 97.1483001709, 56.9168701172, 716.422912598, 28.4505786896, 2300.1640625, 109.700111389, 9.704829216, 72.0843582153, 59.5937309265, 5.50767993927, 416.199707031, 36.9316062927, 6.31516361237, 0.95144289732, 0.282678723335, 0.0026789358817, 3.14544595312e-05, 5.45744796909e-06, 5.34415960374e-07, 3.21772364309e-09, 6.5064853505e-10]
    },
    "gfcc": {
        "mean": [-169.632751465, 43.2061004639, -224.703338623, -27.7892723083, -113.68977356, -19.5667247772, -26.3650970459, 0.0214934423566, -6.63723659515, -30.1702861786, -16.8486995697, -10.3194503784, 5.44137430191],
        "cov": [[6329.94677734, -2039.26306152, -159.890731812, -217.990127563, -1408.62463379, -10.8764019012, -530.106018066, 235.577819824, -200.665435791, 264.067474365, 165.501434326, 507.015869141, -112.073623657], [-2039.26306152, 1351.33239746, -310.627380371, -139.306884766, 639.063781738, -173.844177246, 254.255447388, -190.064941406, 262.978424072, -132.778579712, 23.7445926666, -212.518768311, 105.357536316], [-159.890731812, -310.627380371, 580.047973633, 89.3341369629, -171.003158569, 172.518203735, -20.4439544678, 93.157371521, -175.543624878, 45.1575126648, -88.465057373, 15.1814622879, -81.3891677856], [-217.990127563, -139.306884766, 89.3341369629, 352.861297607, 23.8166370392, 51.8935623169, -26.4671630859, 17.6933631897, -42.8938064575, 8.46255493164, -13.3832988739, -23.4414405823, -53.7763214111], [-1408.62463379, 639.063781738, -171.003158569, 23.8166370392, 505.091003418, -34.0570373535, 124.025878906, -87.1101531982, 128.972717285, -56.3162078857, -21.7532958984, -128.608825684, 42.4871520996], [-10.8764019012, -173.844177246, 172.518203735, 51.8935623169, -34.0570373535, 124.876068115, -23.3000907898, 28.7931289673, -52.9673309326, 22.7101726532, -37.2249984741, -7.22329330444, -36.9481163025], [-530.106018066, 254.255447388, -20.4439544678, -26.4671630859, 124.025878906, -23.3000907898, 163.064437866, -23.8180980682, 16.703622818, -53.2991142273, -16.1759204865, -38.2963638306, 43.9553489685], [235.577819824, -190.064941406, 93.157371521, 17.6933631897, -87.1101531982, 28.7931289673, -23.8180980682, 84.616569519, -45.6871681213, 8.74757575989, 6.28848409653, 17.4052181244, -30.3191356659], [-200.665435791, 262.978424072, -175.543624878, -42.8938064575, 128.972717285, -52.9673309326, 16.703622818, -45.6871681213, 133.795272827, -16.0697937012, 23.689031601, -28.2533035278, 9.27020072937], [264.067474365, -132.778579712, 45.1575126648, 8.46255493164, -56.3162078857, 22.7101726532, -53.2991142273, 8.74757575989, -16.0697937012, 74.3536682129, -8.70319843292, 27.6148681641, -13.8885831833], [165.501434326, 23.7445926666, -88.465057373, -13.3832988739, -21.7532958984, -37.2249984741, -16.1759204865, 6.28848409653, 23.689031601, -8.70319843292, 64.3996582031, 0.00423011463135, 0.525750935078], [507.015869141, -212.518768311, 15.1814622879, -23.4414405823, -128.608825684, -7.22329330444, -38.2963638306, 17.4052181244, -28.2533035278, 27.6148681641, 0.00423011463135, 111.784980774, 12.7371416092], [-112.073623657, 105.357536316, -81.3891677856, -53.7763214111, 42.4871520996, -36.9481163025, 43.9553489685, -30.3191356659, 9.27020072937, -13.8885831833, 0.525750935078, 12.7371416092, 78.8680343628]],
        "icov": [[0.00105480803177, -4.40613694082e-05, 0.00193114508875, 0.000407858577091, 0.00247326260433, -0.00100237049628, 0.000329616916133, -0.000985012273304, 0.000536295061465, -0.00151573738549, 6.46059052087e-05, -0.00164725701325, 0.00140005291905], [-4.40613694082e-05, 0.00874025002122, -0.00593801215291, 0.00194096216001, -0.00619086297229, 0.00863396842033, -0.00333440606482, 0.00849703140557, -0.00868662633002, 0.00276505295187, -0.00603320356458, 0.00652512256056, -0.00354367564432], [0.00193114508875, -0.00593801215291, 0.0128050511703, -0.000317747733789, 0.00911074504256, -0.0108105521649, 0.00123245303985, -0.00907631218433, 0.0107921082526, -0.00559148192406, 0.00798185449094, -0.00707902060822, 0.00836256705225], [0.000407858577091, 0.00194096216001, -0.000317747733789, 0.00415827101097, -0.00133662251756, 0.00100960291456, -0.000306355679641, 0.00196905340999, 0.000375704810722, 7.45359284338e-05, -0.00162174867, 0.000664390565362, 0.00248733488843], [0.00247326260433, -0.00619086297229, 0.00911074504256, -0.00133662251756, 0.0149733088911, -0.00890665594488, 0.00144311517943, -0.00750071275979, 0.0036321261432, -0.00532291037962, 0.0070835868828, -0.00437403051183, 0.0036436051596], [-0.00100237049628, 0.00863396842033, -0.0108105521649, 0.00100960291456, -0.00890665594488, 0.0252215974033, -0.00172735191882, 0.00817559752613, -0.00786759145558, 0.00269806338474, -0.00162823149003, 0.00983215030283, -0.00288355909288], [0.000329616916133, -0.00333440606482, 0.00123245303985, -0.000306355679641, 0.00144311517943, -0.00172735191882, 0.0128613794222, -0.00418342091143, 0.00315879331902, 0.00451351189986, 0.00461856881157, -0.00134716776665, -0.00376687594689], [-0.000985012273304, 0.00849703140557, -0.00907631218433, 0.00196905340999, -0.00750071275979, 0.00817559752613, -0.00418342091143, 0.0284174177796, -0.00492884684354, 0.00505846273154, -0.011805630289, 0.00570146599784, 0.000980366952717], [0.000536295061465, -0.00868662633002, 0.0107921082526, 0.000375704810722, 0.0036321261432, -0.00786759145558, 0.00315879331902, -0.00492884684354, 0.0271501503885, -0.00443258695304, 0.00399979390204, -0.00819997023791, 0.0117876250297], [-0.00151573738549, 0.00276505295187, -0.00559148192406, 7.45359284338e-05, -0.00532291037962, 0.00269806338474, 0.00451351189986, 0.00505846273154, -0.00443258695304, 0.0228250455111, 0.000356870383257, 0.0013771810336, -0.0036907568574], [6.46059052087e-05, -0.00603320356458, 0.00798185449094, -0.00162174867, 0.0070835868828, -0.00162823149003, 0.00461856881157, -0.011805630289, 0.00399979390204, 0.000356870383257, 0.0305296350271, -0.00116153527051, 0.00316809373908], [-0.00164725701325, 0.00652512256056, -0.00707902060822, 0.000664390565362, -0.00437403051183, 0.00983215030283, -0.00134716776665, 0.00570146599784, -0.00819997023791, 0.0013771810336, -0.00116153527051, 0.0229602959007, -0.0104986652732], [0.00140005291905, -0.00354367564432, 0.00836256705225, 0.00248733488843, 0.0036436051596, -0.00288355909288, -0.00376687594689, 0.000980366952717, 0.0117876250297, -0.0036907568574, 0.00316809373908, -0.0104986652732, 0.0285301655531]]
    },
    "melbands": {
        "dmean": [1.29383579406e-08, 5.96163474142e-08, 1.13279028824e-07, 4.70515118423e-07, 1.26834738694e-05, 4.73601357953e-05, 1.08894664663e-05, 7.87635726738e-05, 9.55067662289e-05, 8.1794532889e-05, 0.00165345531423, 0.000603340798989, 3.32019590132e-05, 2.9095251648e-06, 2.85846113002e-06, 6.1072837525e-06, 1.66100508068e-05, 1.89330785361e-05, 3.63712160834e-06, 1.08343965621e-06, 6.5961198743e-06, 2.28542139666e-05, 1.72795705566e-06, 2.94776714327e-06, 2.17364504351e-05, 7.32927765057e-06, 8.95658274658e-07, 1.11438396289e-06, 1.98162706511e-06, 4.29829378845e-06, 1.194669494e-06, 3.13958139486e-07, 2.68755570687e-06, 6.84825317876e-06, 1.96869427782e-06, 6.55584415199e-07, 8.20436468985e-07, 3.38794592381e-07, 2.4228685902e-07, 2.22162441332e-07],
        "dmean2": [1.52036090384e-08, 9.04892161202e-08, 1.81244828923e-07, 7.92139587702e-07, 2.18484747165e-05, 8.2301274233e-05, 1.85808730748e-05, 0.000141859840369, 0.000169451945112, 0.000143261218909, 0.00278294063173, 0.00103567168117, 5.70449628867e-05, 5.15844749316e-06, 5.08385710418e-06, 1.10990122266e-05, 2.36715277424e-05, 2.52616664511e-05, 5.58644205739e-06, 1.70850148606e-06, 1.21369503177e-05, 4.07320221711e-05, 3.10273662762e-06, 5.55145697945e-06, 3.74666342395e-05, 1.32996747197e-05, 1.62728770192e-06, 1.99054784389e-06, 3.68098721992e-06, 7.65619279264e-06, 2.08421784009e-06, 5.68019515867e-07, 4.85280816065e-06, 1.17454519568e-05, 3.74403748538e-06, 1.23420704767e-06, 1.53353050791e-06, 6.40470943836e-07, 4.68539553822e-07, 4.32699636121e-07],
        "dvar": [1.31077399911e-14, 1.74245603975e-14, 3.67828055341e-14, 3.62728673053e-13, 4.61945537378e-10, 7.12065784114e-09, 3.53977791523e-10, 2.29119745399e-08, 3.22026068034e-08, 1.46741552243e-08, 6.47824344924e-06, 7.07289530055e-07, 1.39546569855e-08, 2.54606787042e-11, 3.33547217624e-11, 1.85720910872e-10, 4.58005716686e-10, 6.76767863972e-10, 2.46069803422e-10, 1.50499231133e-11, 2.23850271652e-10, 1.30850652535e-09, 2.193387659e-11, 5.27127057282e-11, 2.28721686035e-09, 3.73785280505e-10, 3.15079841558e-12, 3.90527540861e-12, 2.26611750198e-11, 9.70639471576e-11, 7.57024477827e-12, 2.59244259089e-13, 4.22620202722e-11, 2.23468202276e-10, 2.59577775941e-11, 2.80693719136e-12, 4.46423453759e-12, 7.81336529764e-13, 3.6389779536e-13, 5.19810052207e-13],
        "dvar2": [1.32556116149e-14, 2.05980066039e-14, 5.46145431397e-14, 8.88539025343e-13, 1.13707698812e-09, 1.84368733613e-08, 8.71955063708e-10, 6.30953920222e-08, 8.55280646306e-08, 3.5105557572e-08, 1.78493082785e-05, 1.79775565812e-06, 3.79414188956e-08, 6.56559182022e-11, 9.10068756466e-11, 5.14822684483e-10, 8.93533025348e-10, 1.0296430375e-09, 5.94090998618e-10, 3.17168652453e-11, 6.36571406698e-10, 4.01675226414e-09, 6.27583957025e-11, 1.51938295279e-10, 5.72604452742e-09, 1.05166908515e-09, 9.00830885581e-12, 1.07132436603e-11, 6.39339969855e-11, 2.69343158887e-10, 2.10527706379e-11, 7.24782321833e-13, 1.15466157469e-10, 5.91171833708e-10, 7.68769353732e-11, 8.05191850695e-12, 1.30416927258e-11, 2.21095819604e-12, 1.04561975398e-12, 1.53310654102e-12],
        "max": [1.30838975565e-06, 1.45562034959e-06, 1.96896053239e-06, 3.02646867567e-06, 9.81720731943e-05, 0.000420517142629, 8.53775054566e-05, 0.000721440766938, 0.000812860555016, 0.000539780827239, 0.0132040325552, 0.00386211904697, 0.00095178571064, 2.59151493083e-05, 2.73270088655e-05, 7.36028523534e-05, 0.000203874427825, 0.00032043986721, 0.00016496812168, 3.9237569581e-05, 8.95193006727e-05, 0.00017766970268, 3.71025962522e-05, 3.94502712879e-05, 0.000256583676673, 0.000124134632642, 9.32565490075e-06, 1.14348786155e-05, 3.04333207168e-05, 5.94819393882e-05, 1.76150060724e-05, 2.30012824431e-06, 3.69088120351e-05, 9.28444424062e-05, 3.56748205377e-05, 1.02591620816e-05, 1.36227436087e-05, 5.70566226088e-06, 3.90239847547e-06, 5.45427656107e-06],
        "mean": [1.37392985877e-08, 7.38284384738e-08, 1.4674095894e-07, 5.32093110905e-07, 1.15811844807e-05, 4.21864060627e-05, 1.06845836854e-05, 6.04094166192e-05, 7.47501908336e-05, 8.9742236014e-05, 0.00172965100501, 0.000636224809568, 3.39552752848e-05, 2.26867996389e-06, 2.06242430068e-06, 4.20934611611e-06, 3.30126385961e-05, 3.80784840672e-05, 3.59912155545e-06, 1.10520784347e-06, 4.95141966894e-06, 2.53600319411e-05, 1.668944833e-06, 2.07127914109e-06, 2.04188472708e-05, 5.92499191043e-06, 6.53405777484e-07, 1.05613355572e-06, 1.3257719047e-06, 3.49394804289e-06, 1.03231263893e-06, 2.26434053729e-07, 1.73834234829e-06, 4.80893459098e-06, 1.20473032439e-06, 4.11043515669e-07, 5.16726345268e-07, 2.1043047127e-07, 1.41930186714e-07, 1.2015765094e-07],
        "median": [2.79188538954e-09, 4.74024233199e-08, 1.0168885467e-07, 2.59447574535e-07, 3.30761304213e-06, 1.10600130938e-05, 3.12295514959e-06, 8.3672493929e-06, 9.72791713139e-06, 2.67445775535e-05, 0.000538126041647, 0.000209817691939, 3.06744323098e-06, 5.1669877621e-07, 3.56023576842e-07, 5.14819873842e-07, 1.55059824465e-05, 1.37113347591e-05, 8.85521274085e-08, 1.02299580362e-07, 9.26365828491e-07, 6.17543355474e-06, 3.52853447794e-07, 1.66312005945e-07, 2.602926088e-06, 1.2127474065e-06, 7.76535742375e-08, 3.92119375192e-07, 8.90849491952e-08, 5.83592623116e-07, 1.45416578334e-07, 4.216360594e-08, 5.74418201893e-08, 3.26750807744e-07, 8.05842717e-08, 4.14496739154e-08, 2.50562930404e-08, 8.62348947805e-09, 3.85728826657e-09, 1.6200900621e-09],
        "min": [1.1823719781e-10, 1.98334282331e-09, 7.25843030125e-09, 2.71063420598e-08, 9.50143999034e-08, 1.36323620836e-07, 1.09455100983e-07, 1.5653824903e-07, 3.42490750427e-07, 1.19236187857e-06, 5.241643521e-06, 3.24218649439e-06, 7.35212211112e-08, 3.25067688323e-08, 1.90010531753e-08, 1.71207972244e-08, 1.16137840678e-07, 2.37342220544e-07, 5.81832049207e-09, 6.2831495562e-09, 2.0411999202e-08, 1.07187069887e-07, 7.31291516232e-09, 6.83588075034e-09, 3.92460570708e-08, 1.69974665454e-08, 2.16758566651e-09, 3.34527783252e-09, 1.95591276508e-09, 2.29441043942e-09, 2.05895522853e-09, 6.78765321727e-10, 7.64882990278e-10, 1.70495284557e-09, 4.80471218367e-10, 1.87004453589e-10, 1.32142269349e-10, 3.84065314274e-11, 3.19522151793e-11, 2.40781682787e-11],
        "var": [1.30051583719e-14, 1.83389900623e-14, 3.9429468398e-14, 3.95273250979e-13, 4.43173969744e-10, 6.11095973824e-09, 3.44451217549e-10, 1.74813337139e-08, 2.56605510174e-08, 1.72839094148e-08, 6.56827342027e-06, 7.58453836625e-07, 1.63906399564e-08, 1.96346602171e-11, 2.34317964337e-11, 1.21259349783e-10, 1.64255975488e-09, 3.36109495791e-09, 2.94496566022e-10, 2.03716783026e-11, 1.59833660196e-10, 1.47834977593e-09, 1.5646442475e-11, 3.18390556975e-11, 2.2499042629e-09, 2.639950758e-10, 2.05541204716e-12, 3.43504478334e-12, 1.41730628969e-11, 7.21563295225e-11, 6.56122422019e-12, 1.90469913604e-13, 2.80277797499e-11, 1.70700814595e-10, 1.51104545543e-11, 1.67084640394e-12, 2.6144186642e-12, 4.77200635778e-13, 2.06675903605e-13, 2.74427887099e-13]
    },
    "mfcc": {
        "mean": [-793.649963379, 77.7757720947, -58.5345306396, -32.1627311707, -66.0316390991, -37.9616127014, -30.8809432983, 5.73973035812, -5.26258420944, 4.26613521576, -8.93751144409, -24.6235198975, -27.4901332855],
        "cov": [[6463.78417969, -1784.06469727, 67.5282058716, -558.78503418, -811.85534668, -408.57119751, -545.158569336, -108.701690674, -542.09564209, -292.24710083, -29.0784683228, 302.508972168, 66.3068695068], [-1784.06469727, 1166.32348633, -304.467285156, 29.0554332733, 173.565734863, 66.2170028687, 34.7922172546, -23.0968017578, 177.970748901, 55.1136322021, 96.6829986572, -110.490913391, -104.769752502], [67.5282058716, -304.467285156, 397.975891113, -16.6291103363, -8.13555431366, 19.3901901245, 69.1977233887, 0.239637747407, -24.6138114929, 28.689617157, -25.1447753906, -22.7125225067, 51.0919647217], [-558.78503418, 29.0554332733, -16.6291103363, 243.60899353, 90.9535522461, 82.1387710571, 69.652633667, 40.4611206055, 29.1338882446, 46.1946372986, -32.6541481018, -5.73366355896, 26.559835434], [-811.85534668, 173.565734863, -8.13555431366, 90.9535522461, 220.237503052, 76.8786621094, 92.3346328735, 21.2288684845, 61.7107391357, 39.1168289185, 27.5805435181, -7.28327655792, 15.4317064285], [-408.57119751, 66.2170028687, 19.3901901245, 82.1387710571, 76.8786621094, 130.110046387, 31.0069293976, 15.7913751602, 46.9982032776, 25.3202476501, -10.9120063782, -7.47596359253, -3.33162260056], [-545.158569336, 34.7922172546, 69.1977233887, 69.652633667, 92.3346328735, 31.0069293976, 156.184570312, 17.0476131439, 52.4864730835, 39.8300819397, -19.4357242584, -28.7862586975, 19.2303218842], [-108.701690674, -23.0968017578, 0.239637747407, 40.4611206055, 21.2288684845, 15.7913751602, 17.0476131439, 61.6329269409, 2.31745409966, 19.2929210663, -4.95259523392, -6.42625045776, 8.66073322296], [-542.09564209, 177.970748901, -24.6138114929, 29.1338882446, 61.7107391357, 46.9982032776, 52.4864730835, 2.31745409966, 122.11693573, -4.85570049286, -13.7177228928, -24.2685089111, 2.93077898026], [-292.24710083, 55.1136322021, 28.689617157, 46.1946372986, 39.1168289185, 25.3202476501, 39.8300819397, 19.2929210663, -4.85570049286, 75.8707046509, 26.0995941162, -24.4094314575, -11.5205812454], [-29.0784683228, 96.6829986572, -25.1447753906, -32.6541481018, 27.5805435181, -10.9120063782, -19.4357242584, -4.95259523392, -13.7177228928, 26.0995941162, 135.83404541, -4.35412836075, -70.1863937378], [302.508972168, -110.490913391, -22.7125225067, -5.73366355896, -7.28327655792, -7.47596359253, -28.7862586975, -6.42625045776, -24.2685089111, -24.4094314575, -4.35412836075, 75.8938903809, 11.18978405], [66.3068695068, -104.769752502, 51.0919647217, 26.559835434, 15.4317064285, -3.33162260056, 19.2303218842, 8.66073322296, 2.93077898026, -11.5205812454, -70.1863937378, 11.18978405, 136.804077148]],
