{
"lowlevel": {
    "average_loudness": 0.983928382397,
    "barkbands_crest": {
        "dmean": 2.39737844467,
        "dmean2": 3.90608930588,
        "dvar": 3.91738009453,
        "dvar2": 10.6504888535,
        "max": 19.7487373352,
        "mean": 9.51329517365,
        "median": 9.07879543304,
        "min": 4.60577869415,
        "var": 7.79122829437
    },
    "barkbands_flatness_db": {
        "dmean": 0.0366688333452,
        "dmean2": 0.0557841062546,
        "dvar": 0.000874830118846,
        "dvar2": 0.00192508276086,
        "max": 0.353270500898,
        "mean": 0.214655473828,
        "median": 0.209790199995,
        "min": 0.0792177468538,
        "var": 0.00215238356031
    },
    "barkbands_kurtosis": {
        "dmean": 4.45037412643,
        "dmean2": 7.19849300385,
        "dvar": 19.1861877441,
        "dvar2": 48.1108207703,
        "max": 42.0953903198,
        "mean": 10.497294426,
        "median": 9.38531780243,
        "min": -0.235411405563,
        "var": 38.7038536072
    },
    "barkbands_skewness": {
        "dmean": 0.632649719715,
        "dmean2": 1.02189576626,
        "dvar": 0.256522238255,
        "dvar2": 0.633358061314,
        "max": 5.57246923447,
        "mean": 2.29551434517,
        "median": 2.27804112434,
        "min": 0.114844277501,
        "var": 0.624606966972
    },
    "barkbands_spread": {
        "dmean": 2.29782056808,
        "dmean2": 3.67093372345,
        "dvar": 5.3976855278,
        "dvar2": 12.5951805115,
        "max": 22.0520706177,
        "mean": 6.52670621872,
        "median": 6.02423715591,
        "min": 1.19061279297,
        "var": 10.5008144379
    },
    "dissonance": {
        "dmean": 0.0302725043148,
        "dmean2": 0.0504614599049,
        "dvar": 0.000545089656953,
        "dvar2": 0.00146071857307,
        "max": 0.499202758074,
        "mean": 0.439526438713,
        "median": 0.44394338131,
        "min": 0.308799922466,
        "var": 0.00108121696394
    },
    "dynamic_complexity": 1.56799662113,
    "erbbands_crest": {
        "dmean": 3.72095346451,
        "dmean2": 5.82538461685,
        "dvar": 10.6793642044,
        "dvar2": 23.1644420624,
        "max": 28.2525177002,
        "mean": 11.117898941,
        "median": 9.87760925293,
        "min": 3.59018206596,
        "var": 25.6907119751
    },
    "erbbands_flatness_db": {
        "dmean": 0.0309194140136,
        "dmean2": 0.0457902885973,
        "dvar": 0.000644318759441,
        "dvar2": 0.00133640749846,
        "max": 0.375239998102,
        "mean": 0.208072185516,
        "median": 0.204841777682,
        "min": 0.088021568954,
        "var": 0.00153685605619
    },
    "erbbands_kurtosis": {
        "dmean": 1.94664883614,
        "dmean2": 3.02214670181,
        "dvar": 4.02908563614,
        "dvar2": 9.38508224487,
        "max": 17.9096813202,
        "mean": 2.63404941559,
        "median": 1.87572717667,
        "min": -1.14462041855,
        "var": 8.2052192688
    },
    "erbbands_skewness": {
        "dmean": 0.406555950642,
        "dmean2": 0.641729354858,
        "dvar": 0.118991620839,
        "dvar2": 0.291196703911,
        "max": 3.53899645805,
        "mean": 1.36689519882,
        "median": 1.32331335545,
        "min": -0.318897336721,
        "var": 0.283773422241
    },
    "erbbands_spread": {
        "dmean": 8.30628299713,
        "dmean2": 12.9860744476,
        "dvar": 54.4790420532,
        "dvar2": 129.186798096,
        "max": 64.574005127,
        "mean": 25.2423019409,
        "median": 23.8797645569,
        "min": 3.50524449348,
        "var": 109.903083801
    },
    "hfc": {
        "dmean": 5.58258867264,
        "dmean2": 8.675740242,
        "dvar": 37.4489212036,
        "dvar2": 81.5464248657,
        "max": 51.2537879944,
        "mean": 12.149600029,
        "median": 10.0072822571,
        "min": 0.410905957222,
        "var": 69.685043335
    },
    "melbands_crest": {
        "dmean": 3.52708673477,
        "dmean2": 5.9519944191,
        "dvar": 7.74784755707,
        "dvar2": 20.8611335754,
        "max": 29.363735199,
        "mean": 13.7912473679,
        "median": 13.0876808167,
        "min": 6.11931371689,
        "var": 16.5333881378
    },
    "melbands_flatness_db": {
        "dmean": 0.0447938330472,
        "dmean2": 0.0682271048427,
        "dvar": 0.00132107140962,
        "dvar2": 0.00299692968838,
        "max": 0.464327186346,
        "mean": 0.297884970903,
        "median": 0.290771007538,
        "min": 0.158305555582,
        "var": 0.00318982591853
    },
    "melbands_kurtosis": {
        "dmean": 7.75898981094,
        "dmean2": 12.4799184799,
        "dvar": 62.2445144653,
        "dvar2": 162.888565063,
        "max": 97.5205154419,
        "mean": 15.9594488144,
        "median": 14.2901363373,
        "min": -0.255439281464,
        "var": 113.566932678
    },
    "melbands_skewness": {
        "dmean": 0.822687625885,
        "dmean2": 1.30500733852,
        "dvar": 0.40372723341,
        "dvar2": 1.05265152454,
        "max": 7.63296222687,
        "mean": 2.62007951736,
        "median": 2.51670384407,
        "min": -0.149073600769,
        "var": 1.06247627735
    },
    "melbands_spread": {
        "dmean": 2.28844809532,
        "dmean2": 3.66782712936,
        "dvar": 4.95219326019,
        "dvar2": 12.2638368607,
        "max": 24.85912323,
        "mean": 6.94029712677,
        "median": 6.48495197296,
        "min": 1.20040285587,
        "var": 10.994811058
    },
    "pitch_salience": {
        "dmean": 0.0915915220976,
        "dmean2": 0.148718416691,
        "dvar": 0.00481883855537,
        "dvar2": 0.0141588216648,
        "max": 0.844821214676,
        "mean": 0.617166519165,
        "median": 0.626470208168,
        "min": 0.24386292696,
        "var": 0.0100197587162
    },
    "silence_rate_20dB": {
        "dmean": 0,
        "dmean2": 0,
        "dvar": 0,
        "dvar2": 0,
        "max": 1,
        "mean": 1,
        "median": 1,
        "min": 1,
        "var": 0
    },
    "silence_rate_30dB": {
        "dmean": 0,
        "dmean2": 0,
        "dvar": 0,
        "dvar2": 0,
        "max": 1,
        "mean": 1,
        "median": 1,
        "min": 1,
        "var": 0
    },
    "silence_rate_60dB": {
        "dmean": 0.00317460321821,
        "dmean2": 0.00635930057615,
        "dvar": 0.00316457217559,
        "dvar2": 0.0094985878095,
        "max": 1,
        "mean": 0.00158478610683,
        "median": 0,
        "min": 0,
        "var": 0.00158226757776
    },
    "spectral_centroid": {
        "dmean": 124.191429138,
        "dmean2": 198.352661133,
        "dvar": 17194.953125,
        "dvar2": 41085.1328125,
        "max": 1422.2911377,
        "mean": 491.945770264,
        "median": 460.821960449,
        "min": 185.375061035,
        "var": 32615.7089844
    },
    "spectral_complexity": {
        "dmean": 3.75555562973,
        "dmean2": 5.90620040894,
        "dvar": 12.2132692337,
        "dvar2": 27.3887119293,
        "max": 33,
        "mean": 13.1331224442,
        "median": 12,
        "min": 2,
        "var": 26.1122436523
    },
    "spectral_decrease": {
        "dmean": 3.64857832835e-09,
        "dmean2": 5.90729287708e-09,
        "dvar": 9.61716327947e-18,
        "dvar2": 2.20478308657e-17,
        "max": -2.65541394429e-10,
        "mean": -9.35547816994e-09,
        "median": -9.12862407887e-09,
        "min": -2.26892176158e-08,
        "var": 2.20237566011e-17
    },
    "spectral_energy": {
        "dmean": 0.0142357479781,
        "dmean2": 0.0229982268065,
        "dvar": 0.000147010126966,
        "dvar2": 0.000335785880452,
        "max": 0.0895692631602,
        "mean": 0.03641166538,
        "median": 0.0354935564101,
        "min": 0.00103948370088,
        "var": 0.000336540368153
    },
    "spectral_energyband_high": {
        "dmean": 0.0001396813459,
        "dmean2": 0.000232773032621,
        "dvar": 6.78570160062e-08,
        "dvar2": 1.72479190041e-07,
        "max": 0.00260322610848,
        "mean": 0.000137114853715,
        "median": 6.15243261564e-05,
        "min": 8.49469131481e-07,
        "var": 5.92067515015e-08
    },
    "spectral_energyband_low": {
        "dmean": 0.00798595882952,
        "dmean2": 0.0138411214575,
        "dvar": 5.55557380721e-05,
        "dvar2": 0.000153248372953,
        "max": 0.0542186833918,
        "mean": 0.0136639634147,
        "median": 0.0112097226083,
        "min": 0.000190387057955,
        "var": 0.000104118938907
    },
    "spectral_energyband_middle_high": {
        "dmean": 0.000891334202606,
        "dmean2": 0.00144052389078,
        "dvar": 1.6272723542e-06,
        "dvar2": 3.95549113819e-06,
        "max": 0.0116250636056,
        "mean": 0.00148013839498,
        "median": 0.00104438618291,
        "min": 2.28968474403e-05,
        "var": 2.13496969081e-06
    },
    "spectral_energyband_middle_low": {
        "dmean": 0.0107482550666,
        "dmean2": 0.0171054974198,
        "dvar": 9.76925439318e-05,
        "dvar2": 0.000215301261051,
        "max": 0.0808106735349,
        "mean": 0.0257124193013,
        "median": 0.0226972643286,
        "min": 0.000797173590399,
        "var": 0.000218260800466
    },
    "spectral_entropy": {
        "dmean": 0.352286547422,
        "dmean2": 0.522052586079,
        "dvar": 0.0780823156238,
        "dvar2": 0.182747423649,
        "max": 8.20693874359,
        "mean": 6.86008214951,
        "median": 6.91346073151,
        "min": 5.62861061096,
        "var": 0.176447972655
    },
    "spectral_flux": {
        "dmean": 0.0318922661245,
        "dmean2": 0.0513489618897,
        "dvar": 0.000756915484089,
        "dvar2": 0.00163620640524,
        "max": 0.235844701529,
        "mean": 0.103505864739,
        "median": 0.0993400737643,
        "min": 0.0267725232989,
        "var": 0.00141824514139
    },
    "spectral_kurtosis": {
        "dmean": 6.08664608002,
        "dmean2": 10.1294384003,
        "dvar": 48.0656471252,
        "dvar2": 122.963485718,
        "max": 51.0308380127,
        "mean": 9.40964603424,
        "median": 7.05619430542,
        "min": 1.64454936981,
        "var": 59.1276168823
    },
    "spectral_rms": {
        "dmean": 0.00120534189045,
        "dmean2": 0.00192757556215,
        "dvar": 9.65964545685e-07,
        "dvar2": 2.16894113692e-06,
        "max": 0.00934797525406,
        "mean": 0.00573415216058,
        "median": 0.00588454445824,
        "min": 0.00100704049692,
        "var": 2.64306163444e-06
    },
    "spectral_rolloff": {
        "dmean": 99.7362518311,
        "dmean2": 169.869140625,
        "dvar": 12936.3242188,
        "dvar2": 31854.7089844,
        "max": 1636.5234375,
        "mean": 450.047607422,
        "median": 430.6640625,
        "min": 150.732421875,
        "var": 24955.421875
    },
    "spectral_skewness": {
        "dmean": 0.594425618649,
        "dmean2": 0.952851176262,
        "dvar": 0.340991795063,
        "dvar2": 0.846297383308,
        "max": 5.34019041061,
        "mean": 2.22820472717,
        "median": 2.06224489212,
        "min": 0.986884891987,
        "var": 0.523206174374
    },
    "spectral_spread": {
        "dmean": 681325.6875,
        "dmean2": 1027624.875,
        "dvar": 893842554880,
        "dvar2": 819787595776,
        "max": 29740270,
        "mean": 3067080.75,
        "median": 3044870.5,
        "min": 1081919.5,
        "var": 1.72641117798e+12
    },
    "spectral_strongpeak": {
        "dmean": 0.499142467976,
        "dmean2": 0.788143992424,
        "dvar": 0.324346572161,
        "dvar2": 0.633170723915,
        "max": 5.19152021408,
        "mean": 0.8378226161,
        "median": 0.594451010227,
        "min": 0.0220731645823,
        "var": 0.650793671608
    },
    "zerocrossingrate": {
        "dmean": 0.00413798959926,
        "dmean2": 0.00553333666176,
        "dvar": 1.30452763187e-05,
        "dvar2": 1.89763250091e-05,
        "max": 0.05224609375,
        "mean": 0.0220361091197,
        "median": 0.021484375,
        "min": 0.0029296875,
        "var": 5.82690772717e-05
    },
    "barkbands": {
        "dmean": [4.64717559225e-05, 0.00290261162445, 0.00444539356977, 0.00350062991492, 0.00481122266501, 0.00358929601498, 0.00104210886639, 0.00240242434666, 0.000969962449744, 0.000325400120346, 0.000187196230399, 0.00014597500558, 0.000113314825285, 0.000101953271951, 0.000101166777313, 7.14036941645e-05, 5.22073132743e-05, 6.60186560708e-05, 4.06139843108e-05, 9.74052236415e-05, 3.5696732084e-05, 1.61182870215e-05, 2.47251282417e-05, 1.7662974642e-05, 1.67416226304e-06, 9.06087677777e-07, 4.86440328018e-08],
        "dmean2": [7.75727821747e-05, 0.00535578839481, 0.00762337539345, 0.00596258230507, 0.00821703393012, 0.00558955501765, 0.00162371888291, 0.00348483701237, 0.00155314523727, 0.000559420324862, 0.00032102339901, 0.000236126128584, 0.00018547225045, 0.000165665784152, 0.000161605188623, 0.000120269323816, 8.34677775856e-05, 0.000111251596536, 6.77454736433e-05, 0.000164460463566, 6.06099747529e-05, 2.73767636827e-05, 4.06461731473e-05, 3.09548086079e-05, 2.85656233245e-06, 1.64910647982e-06, 8.98695873275e-08],
        "dvar": [3.7514440443e-09, 1.0937323168e-05, 2.00384274649e-05, 1.65579640452e-05, 2.88864157483e-05, 1.82531766768e-05, 2.52617974184e-06, 1.93578471226e-05, 3.47945842805e-06, 2.61143640046e-07, 1.13813683811e-07, 5.32046762203e-08, 2.84114420879e-08, 3.1851584481e-08, 1.66388236522e-08, 1.55677692959e-08, 8.60267501679e-09, 1.565770269e-08, 6.40162189924e-09, 4.83160818021e-08, 3.84420584254e-09, 6.73619604541e-10, 2.16611550918e-09, 1.47361944869e-09, 8.28657628626e-12, 7.34039738715e-12, 3.96534408499e-14],
        "dvar2": [8.49279135906e-09, 3.39337566402e-05, 5.32695376023e-05, 4.37930248154e-05, 7.53366184654e-05, 4.4867509132e-05, 5.19947934663e-06, 3.51411399606e-05, 7.23191169527e-06, 6.74765260555e-07, 2.90680446824e-07, 1.37363755925e-07, 6.92375934364e-08, 7.21912201129e-08, 4.00826287716e-08, 4.20190069406e-08, 2.01287466695e-08, 3.82847851199e-08, 1.64250586465e-08, 1.23692487364e-07, 1.02711394945e-08, 1.70737712857e-09, 5.30754373784e-09, 4.01786781623e-09, 2.12674895056e-11, 2.05397365782e-11, 9.0173799417e-14],
        "max": [0.000785163021646, 0.0209142528474, 0.0406931824982, 0.0471755750477, 0.0469345152378, 0.0411558747292, 0.0258236657828, 0.0495516173542, 0.0194325223565, 0.00533427111804, 0.00327152106911, 0.00318484078161, 0.00181153824087, 0.00193233636674, 0.00154776114505, 0.00126426143106, 0.00105134292971, 0.00140971597284, 0.000983443111181, 0.00202815444209, 0.000466535449959, 0.000192336432519, 0.000418252137024, 0.000320794642903, 2.10636007978e-05, 3.25055661961e-05, 3.93883965444e-06],
        "mean": [5.02149305248e-05, 0.00342252245173, 0.00567393517122, 0.00592814432457, 0.0077688167803, 0.0059692710638, 0.00150499027222, 0.00332212192006, 0.00110451923683, 0.000372991693439, 0.000224606046686, 0.000199756628717, 0.000135351205245, 0.000128308616695, 0.00014295168512, 9.78878306341e-05, 6.92698522471e-05, 7.46471632738e-05, 3.99701020797e-05, 9.08771253307e-05, 3.6232326238e-05, 1.45883559526e-05, 2.36816867982e-05, 1.40467063829e-05, 1.37228641961e-06, 6.27348470061e-07, 5.08016597678e-08],
        "median": [2.76419123111e-05, 0.00197671027854, 0.00376473553479, 0.00430936180055, 0.00605536065996, 0.00424634385854, 0.000864045927301, 0.0013851292897, 0.000391826848499, 0.000192256848095, 0.000115227470815, 0.000125519945868, 7.0014531957e-05, 6.44957763143e-05, 9.21845785342e-05, 5.53364079678e-05, 3.48731336999e-05, 3.27271409333e-05, 1.88832782442e-05, 3.21979277942e-05, 1.87066816579e-05, 6.76070021655e-06, 8.49262505653e-06, 3.90221748603e-06, 4.35905917584e-07, 7.05528933054e-08, 1.45147991404e-08],
        "min": [1.57371715659e-07, 2.68065068667e-05, 2.87528437184e-05, 2.39042419707e-05, 0.000129848049255, 6.00957937422e-05, 1.82245075848e-05, 3.20186372846e-05, 1.6426856746e-05, 1.92316156244e-06, 8.85715735421e-07, 1.97947133529e-06, 1.91183812603e-06, 2.888225481e-06, 2.35267020798e-06, 1.01819591691e-06, 7.68250060901e-07, 3.58933704092e-07, 4.28022815413e-07, 2.9359549103e-07, 3.44030951283e-07, 5.97284000037e-08, 1.08528560361e-07, 3.59280356577e-08, 8.03751376566e-09, 9.4580716592e-09, 4.83093476333e-09],
        "var": [4.93127316759e-09, 1.35867776407e-05, 3.47768764186e-05, 3.07840964524e-05, 4.29786305176e-05, 3.50404916389e-05, 4.75208344142e-06, 3.738759915e-05, 5.1252504818e-06, 2.72092222531e-07, 1.30476465188e-07, 5.71655505155e-08, 3.77026374565e-08, 4.27881907683e-08, 2.47754883276e-08, 1.64744395903e-08, 1.0886759938e-08, 1.67793725581e-08, 5.3830726543e-09, 4.03910505042e-08, 3.13894910065e-09, 5.74647551765e-10, 2.05848982304e-09, 1.03524566697e-09, 6.85006131679e-12, 4.52084940664e-12, 5.81857627943e-14]
    },
    "erbbands": {
        "dmean": [0.0564460642636, 0.767312407494, 3.60040307045, 10.9546508789, 8.55579090118, 17.8327674866, 38.4496841431, 25.8413963318, 12.7711830139, 26.1123390198, 60.1636886597, 26.923412323, 10.7484874725, 8.76194000244, 6.72345399857, 6.11338853836, 5.4637670517, 4.08286142349, 5.9041633606, 4.12503910065, 3.87457251549, 2.74089288712, 3.17238593102, 2.58113718033, 2.86329245567, 4.85745763779, 2.33675026894, 0.779044568539, 0.63927680254, 0.589626908302, 0.677731096745, 0.67261070013, 0.125867784023, 0.0274814423174, 0.00953283533454, 0.00743462704122, 0.000493905914482, 6.59798024572e-05, 1.73322860064e-05, 1.62735796039e-05],
        "dmean2": [0.103084303439, 1.41462862492, 6.21199846268, 18.8708610535, 15.0823879242, 31.2741336823, 59.0466842651, 43.1235733032, 21.2545032501, 39.7974281311, 87.2759094238, 41.5957450867, 18.1483039856, 14.8781347275, 11.6016187668, 9.65993595123, 8.76080226898, 6.68920612335, 9.37093353271, 6.82893466949, 6.42079782486, 4.42206716537, 5.29979753494, 4.29077243805, 4.77648735046, 8.19681167603, 4.00984954834, 1.30656504631, 1.08022129536, 1.00581431389, 1.1152369976, 1.16729557514, 0.216057837009, 0.0469148494303, 0.0164393316954, 0.0134951509535, 0.000875184021425, 0.00011819217616, 3.00283027173e-05, 2.621765816e-05],
        "dvar": [0.00525539554656, 0.735163807869, 12.7192573547, 147.300231934, 83.1250762939, 428.985717773, 2631.27001953, 1255.79064941, 224.70111084, 1842.20751953, 14119.1601562, 2568.48413086, 325.254425049, 201.972961426, 137.17276001, 88.0518264771, 63.5042648315, 33.0464401245, 70.837852478, 34.4415473938, 48.1433944702, 22.9659557343, 31.315202713, 21.0084400177, 36.4088516235, 130.061859131, 16.2512073517, 1.61779141426, 1.1579669714, 1.04928314686, 1.83179581165, 2.3474009037, 0.0458893962204, 0.00199599587359, 0.000358306220733, 0.000497569330037, 1.74376657469e-06, 3.51925990572e-08, 1.63548186105e-09, 1.96738347835e-10],
        "dvar2": [0.0169463250786, 2.26106190681, 35.3349304199, 394.691162109, 234.412628174, 1207.6060791, 5575.02050781, 3162.01098633, 579.879455566, 3720.84765625, 24505.9160156, 5057.82177734, 865.218078613, 487.007995605, 365.122039795, 222.272186279, 154.687332153, 77.6318054199, 164.479049683, 83.3719863892, 127.343963623, 53.7132415771, 78.5883255005, 50.2391242981, 85.3368225098, 340.193481445, 42.1296005249, 4.21269750595, 3.00458693504, 2.56859874725, 4.74742889404, 6.38609170914, 0.121760942042, 0.0051930481568, 0.000939335383009, 0.0013942848891, 4.67541076432e-06, 8.65571294639e-08, 4.16423429073e-09, 4.55784049391e-10],
        "max": [0.541649520397, 5.25359106064, 25.7100124359, 118.466407776, 67.9048919678, 156.442520142, 486.764923096, 370.310180664, 144.309890747, 699.4140625, 1360.36975098, 570.805358887, 150.85055542, 143.456008911, 111.554656982, 126.750068665, 85.8253250122, 43.4572372437, 96.7294998169, 51.5788917542, 71.6606826782, 53.6797637939, 49.4397010803, 46.232749939, 52.0752067566, 115.815322876, 30.5914535522, 11.9744710922, 8.90238761902, 9.60131549835, 12.6823682785, 14.3666343689, 1.61177790165, 0.379818528891, 0.163698762655, 0.263341128826, 0.0149110741913, 0.00245463498868, 0.000582278473303, 0.000116646253446],
        "mean": [0.0644190683961, 0.937447786331, 4.87340164185, 17.9662666321, 13.9864320755, 26.1404571533, 62.6377601624, 35.6678733826, 18.0308189392, 38.8844566345, 81.8202972412, 33.8131141663, 12.3386478424, 10.9792890549, 9.0155620575, 8.57645225525, 6.99092674255, 5.50357961655, 8.164021492, 5.84559631348, 5.60864210129, 3.63940739632, 3.67109179497, 2.88922858238, 2.83699536324, 4.41652536392, 2.34533762932, 0.841503500938, 0.58457583189, 0.52403742075, 0.632139205933, 0.555141806602, 0.102184832096, 0.0225049108267, 0.00748964399099, 0.00507908593863, 0.000411373912357, 6.57043565297e-05, 2.64938953478e-05, 4.11331202486e-05],
        "median": [0.0396850816905, 0.580028891563, 3.49105238914, 13.4970149994, 11.7832641602, 19.6775035858, 33.0526618958, 23.6634941101, 12.3935747147, 22.2183322906, 31.8526992798, 13.030837059, 6.68435573578, 6.04442167282, 5.66724395752, 5.6457195282, 3.8707485199, 3.2418179512, 4.86457586288, 3.66442751884, 3.15819191933, 1.88967394829, 1.81432533264, 1.39973247051, 1.15538263321, 1.47644853592, 1.14511036873, 0.488818317652, 0.27154058218, 0.194048121572, 0.233593299985, 0.148815825582, 0.0339948944747, 0.00750896474347, 0.00192914064974, 0.000519751745742, 0.000100046971056, 2.25146632147e-05, 1.88997582882e-05, 3.95005154132e-05],
        "min": [0.000771387305576, 0.00642001209781, 0.0349928699434, 0.123122923076, 0.23072129488, 0.414467424154, 0.524686813354, 0.598631858826, 0.566620051861, 0.730733752251, 0.838050305843, 0.663811862469, 0.265589118004, 0.0478081554174, 0.0416404269636, 0.0959715768695, 0.106125123799, 0.101060852408, 0.214685425162, 0.125587880611, 0.0595941208303, 0.0390340685844, 0.0220440365374, 0.0164264608175, 0.0252462122589, 0.0142353661358, 0.0183921474963, 0.00600004568696, 0.00228396337479, 0.00274911685847, 0.00284318090416, 0.00138244230766, 0.0003182546061, 0.000123241406982, 6.12894582446e-05, 3.79891025659e-05, 1.92102652363e-05, 6.09854669165e-06, 1.49530967519e-06, 1.4361163494e-06],
        "var": [0.00534540554509, 0.914575636387, 20.1943569183, 257.774353027, 103.544418335, 548.232055664, 5764.82128906, 1693.49182129, 306.309844971, 3449.01464844, 26977.3398438, 4170.54882812, 299.359375, 255.669052124, 139.606185913, 103.782348633, 89.4236602783, 43.9873962402, 106.945053101, 46.7159957886, 57.1176452637, 27.945148468, 30.8640079498, 22.5057888031, 35.0950965881, 103.2940979, 13.7261075974, 1.42577195168, 0.949894964695, 0.977927923203, 1.52978098392, 1.68623793125, 0.0352434031665, 0.00161150237545, 0.000274453894235, 0.000307076697936, 1.25776864479e-06, 3.66958268216e-08, 1.8080066333e-09, 4.42761355357e-10]
    },
    "gfcc": {
        "mean": [-43.1289901733, 167.476928711, -111.085975647, 37.4180603027, -63.1856689453, -3.78186917305, -31.7070503235, -10.724905014, -10.1241445541, -12.8849515915, -7.10175991058, -16.6253414154, -5.63227176666],
        "cov": [[2430.68408203, -671.99822998, -323.640228271, 160.628387451, -380.007232666, 196.658798218, -137.478042603, 249.472763062, -137.681747437, 40.3923225403, 47.300819397, 20.4287109375, 14.2503623962], [-671.99822998, 506.308929443, 121.288581848, -114.969993591, 224.619522095, -113.929275513, 88.0235061646, -138.770339966, 99.0955276489, -13.8616571426, 5.97350549698, -21.3484802246, 9.17395687103], [-323.640228271, 121.288581848, 211.584243774, 12.2649393082, 86.3431015015, -13.982796669, 26.978094101, -33.1050300598, 6.55042457581, -12.5676078796, -20.7529029846, 4.81303167343, 6.62262678146], [160.628387451, -114.969993591, 12.2649393082, 170.686981201, -22.3745079041, 74.9957809448, -8.67024421692, 18.8538722992, -13.958404541, -14.2708406448, 10.8001422882, 5.55486345291, 27.8073005676], [-380.007232666, 224.619522095, 86.3431015015, -22.3745079041, 211.535369873, -25.5124931335, 42.5626564026, -77.1627426147, 39.7262001038, 9.60036849976, -24.8928546906, 15.1964950562, -9.30728626251], [196.658798218, -113.929275513, -13.982796669, 74.9957809448, -25.5124931335, 108.954994202, -3.98797154427, 35.8440513611, -17.5737762451, -3.73133563995, 4.95256948471, -0.0905393660069, 5.27132987976], [-137.478042603, 88.0235061646, 26.978094101, -8.67024421692, 42.5626564026, -3.98797154427, 65.872833252, -2.50135493279, 16.6275520325, -1.66894257069, 1.07359981537, -6.24302148819, -5.22602558136], [249.472763062, -138.770339966, -33.1050300598, 18.8538722992, -77.1627426147, 35.8440513611, -2.50135493279, 97.5027008057, -15.3233957291, 11.3928041458, 6.84928369522, 1.45967447758, -4.88198137283], [-137.681747437, 99.0955276489, 6.55042457581, -13.958404541, 39.7262001038, -17.5737762451, 16.6275520325, -15.3233957291, 60.7240219116, 7.90004396439, 3.6006937027, -8.32980632782, 1.35489213467], [40.3923225403, -13.8616571426, -12.5676078796, -14.2708406448, 9.60036849976, -3.73133563995, -1.66894257069, 11.3928041458, 7.90004396439, 48.3364562988, 3.70806670189, 3.23232007027, -15.2008724213], [47.300819397, 5.97350549698, -20.7529029846, 10.8001422882, -24.8928546906, 4.95256948471, 1.07359981537, 6.84928369522, 3.6006937027, 3.70806670189, 53.9789237976, -1.57130014896, 7.30125617981], [20.4287109375, -21.3484802246, 4.81303167343, 5.55486345291, 15.1964950562, -0.0905393660069, -6.24302148819, 1.45967447758, -8.32980632782, 3.23232007027, -1.57130014896, 60.0490379333, 19.0121955872], [14.2503623962, 9.17395687103, 6.62262678146, 27.8073005676, -9.30728626251, 5.27132987976, -5.22602558136, -4.88198137283, 1.35489213467, -15.2008724213, 7.30125617981, 19.0121955872, 56.9537887573]],
        "icov": [[0.000927390297875, -0.00087325158529, 0.00101959006861, -0.000740278162993, 0.000945972104091, -0.000939451507293, 0.00138920091558, -0.00164305139333, 0.00160067726392, -0.00101801531855, 0.000454883585917, -0.000459082453744, 0.000164818193298], [-0.00087325158529, 0.0212912969291, -0.00473799929023, 0.00976056233048, -0.0129054756835, 0.00766031397507, -0.0133844418451, 0.0124920541421, -0.0154154580086, 0.00804122723639, -0.0113197658211, 0.0090530924499, -0.0094589907676], [0.00101959006861, -0.00473799929023, 0.00804379861802, -0.00359354214743, 0.00068659952376, -0.0010460272897, 0.00246440246701, -0.00412618787959, 0.00556620815769, -0.00112884980626, 0.00385614228435, -0.00154400826432, 0.000996086280793], [-0.000740278162993, 0.00976056233048, -0.00359354214743, 0.0141429752111, -0.00599316554144, -0.00261476635933, -0.00544098904356, 0.00620163837448, -0.0072110556066, 0.00493283988908, -0.00652147410437, 0.00451962603256, -0.00776397343725], [0.000945972104091, -0.0129054756835, 0.00068659952376, -0.00599316554144, 0.0197819210589, -0.00679555069655, 0.00299494946375, 0.000503837247379, 0.00506409816444, -0.008814339526, 0.0104995062575, -0.0103708868846, 0.00851104501635], [-0.000939451507293, 0.00766031397507, -0.0010460272897, -0.00261476635933, -0.00679555069655, 0.0186359565705, -0.00533438241109, 0.00015765952412, -0.0033869727049, 0.00422601541504, -0.00422637863085, 0.00460465252399, -0.00269870948978], [0.00138920091558, -0.0133844418451, 0.00246440246701, -0.00544098904356, 0.00299494946375, -0.00533438241109, 0.0295938197523, -0.014086198993, 0.00777414534241, -0.00197850400582, 0.00402620248497, -0.00302385864779, 0.00644978089258], [-0.00164305139333, 0.0124920541421, -0.00412618787959, 0.00620163837448, 0.000503837247379, 0.00015765952412, -0.014086198993, 0.0280963182449, -0.0109592443332, -0.00032266494236, -0.00465802010149, 0.00173574464861, -0.00277330214158], [0.00160067726392, -0.0154154580086, 0.00556620815769, -0.0072110556066, 0.00506409816444, -0.0033869727049, 0.00777414534241, -0.0109592443332, 0.0346012748778, -0.0102817779407, 0.0058735567145, -0.00111840164755, 0.00192411150783], [-0.00101801531855, 0.00804122723639, -0.00112884980626, 0.00493283988908, -0.008814339526, 0.00422601541504, -0.00197850400582, -0.00032266494236, -0.0102817779407, 0.0305719804019, -0.00772408954799, 0.000365214829799, 0.00391402328387], [0.000454883585917, -0.0113197658211, 0.00385614228435, -0.00652147410437, 0.0104995062575, -0.00422637863085, 0.00402620248497, -0.00465802010149, 0.0058735567145, -0.00772408954799, 0.0275823455304, -0.00482258200645, 0.00239499378949], [-0.000459082453744, 0.0090530924499, -0.00154400826432, 0.00451962603256, -0.0103708868846, 0.00460465252399, -0.00302385864779, 0.00173574464861, -0.00111840164755, 0.000365214829799, -0.00482258200645, 0.0259996540844, -0.0135570056736], [0.000164818193298, -0.0094589907676, 0.000996086280793, -0.00776397343725, 0.00851104501635, -0.00269870948978, 0.00644978089258, -0.00277330214158, 0.00192411150783, 0.00391402328387, 0.00239499378949, -0.0135570056736, 0.0299275200814]]
    },
    "melbands": {
        "dmean": [0.000662806036416, 0.00156593311112, 0.00161035871133, 0.000909685215447, 0.00120130798314, 0.000579597137403, 0.000201140515856, 0.000297761900583, 0.00047630284098, 0.000144248697325, 5.27206320839e-05, 3.73355105694e-05, 2.5738223485e-05, 1.7196914996e-05, 1.36830249176e-05, 9.48072010942e-06, 8.03300918051e-06, 1.03158872662e-05, 6.71413636155e-06, 5.15975625603e-06, 4.75578826808e-06, 3.06805895889e-06, 2.6064924441e-06, 3.51892731487e-06, 1.98621455638e-06, 1.4330457816e-06, 3.01441150441e-06, 3.36160337611e-06, 1.62924277447e-06, 8.64929234012e-07, 3.43160792227e-07, 3.81144388939e-07, 2.87798258114e-07, 3.70148541151e-07, 3.26266444972e-07, 5.83389237363e-07, 3.34228587917e-07, 8.92061464697e-08, 3.99633783843e-08, 1.75353047638e-08],
        "dmean2": [0.00121047452558, 0.0027343055699, 0.00275754928589, 0.00160369544756, 0.00189300486818, 0.000948766828515, 0.00033327692654, 0.000453184911748, 0.00069600000279, 0.000231343612541, 8.99674632819e-05, 6.3397375925e-05, 4.41787742602e-05, 2.83780591417e-05, 2.16931257455e-05, 1.54681547428e-05, 1.3147890968e-05, 1.63474323926e-05, 1.08694439405e-05, 8.64267985889e-06, 7.80975369707e-06, 4.96051825394e-06, 4.34746289102e-06, 5.99243912802e-06, 3.29659883391e-06, 2.39160999627e-06, 5.06755850438e-06, 5.73459010411e-06, 2.78041238744e-06, 1.4686686427e-06, 5.7965422684e-07, 6.48931688829e-07, 4.95581389259e-07, 6.37668506442e-07, 5.47626825664e-07, 9.85157726063e-07, 5.91963384977e-07, 1.54251310391e-07, 6.90904471412e-08, 2.99809848059e-08],
        "dvar": [6.19349918907e-07, 2.28474891628e-06, 3.06925653604e-06, 1.03311811017e-06, 2.42294618147e-06, 5.70966903979e-07, 5.71044651565e-08, 1.94044289969e-07, 8.53374274357e-07, 8.62199769358e-08, 8.11628009245e-09, 3.57575569154e-09, 2.06872230457e-09, 8.23891677104e-10, 3.29864108251e-10, 1.66198457774e-10, 1.42130501812e-10, 2.66978106289e-10, 6.43588238258e-11, 6.96160143421e-11, 7.95836174738e-11, 3.27138351131e-11, 2.54225564211e-11, 4.51389793599e-11, 1.22426539392e-11, 8.02255657739e-12, 4.35981216407e-11, 6.98354221673e-11, 7.70713180775e-12, 2.65913419756e-12, 2.99368521509e-13, 4.43903377598e-13, 2.41183239829e-13, 5.3812716002e-13, 4.85293500264e-13, 1.58303524369e-12, 6.31827923314e-13, 2.50804507506e-14, 4.16160458348e-15, 1.2152606158e-15],
        "dvar2": [1.98000998353e-06, 6.4921637204e-06, 8.25785809866e-06, 3.01606451103e-06, 5.25963150722e-06, 1.44922478285e-06, 1.37261537247e-07, 3.98091913212e-07, 1.48826438817e-06, 1.75018769255e-07, 2.19239915111e-08, 8.70096172889e-09, 5.42670486325e-09, 2.15453899166e-09, 8.12697131813e-10, 4.12840456265e-10, 3.38644473574e-10, 6.16442952239e-10, 1.59985358295e-10, 1.83970477741e-10, 2.08005682123e-10, 7.6706641039e-11, 6.06701494599e-11, 1.12929575413e-10, 2.93325641554e-11, 2.03622362027e-11, 1.0265251843e-10, 1.84078863263e-10, 1.99065954692e-11, 7.20752710986e-12, 7.65417297686e-13, 1.16765234634e-12, 6.12434961685e-13, 1.31503488654e-12, 1.2569957011e-12, 4.15480714069e-12, 1.74163439746e-12, 6.78076640518e-14, 1.10174447893e-14, 3.25935779356e-15],
        "max": [0.00550159765407, 0.0103443050757, 0.0181899499148, 0.00987453386188, 0.0158596299589, 0.00799480453134, 0.00217388896272, 0.00647960742936, 0.0108003709465, 0.00320555944927, 0.000796866894234, 0.000538138556294, 0.000467429374112, 0.000402556819608, 0.000184190925211, 0.000102705802419, 9.70131586655e-05, 0.000175336041139, 5.6921155192e-05, 7.08294319338e-05, 9.43068007473e-05, 7.11538814357e-05, 5.81461827096e-05, 6.89373191562e-05, 3.4810975194e-05, 3.29954746121e-05, 6.73735921737e-05, 9.57663651207e-05, 2.35178995354e-05, 1.6206604414e-05, 4.07186917073e-06, 6.52771041132e-06, 3.8145376493e-06, 7.54683469495e-06, 8.26184168545e-06, 1.22338660731e-05, 7.417093002e-06, 1.23825839182e-06, 4.97049427395e-07, 3.58269886647e-07],
        "mean": [0.000790601421613, 0.00217956188135, 0.00277518667281, 0.0013514655875, 0.00195812899619, 0.000851362245157, 0.000290987314656, 0.00045266354573, 0.000632593291812, 0.000168600920006, 5.60588050575e-05, 4.51161358797e-05, 3.28233909386e-05, 2.25184267038e-05, 1.9149556465e-05, 1.21248594951e-05, 1.01067735159e-05, 1.34251167765e-05, 9.575977856e-06, 6.58685803501e-06, 6.71265934216e-06, 3.99577038479e-06, 2.962468443e-06, 3.87550471714e-06, 2.16570288103e-06, 1.39104349728e-06, 2.91868468594e-06, 2.96676785183e-06, 1.55360874032e-06, 8.99508052044e-07, 3.50132012272e-07, 3.43572878592e-07, 2.49268765629e-07, 3.23170837646e-07, 3.06898073177e-07, 5.0533395779e-07, 2.63592227157e-07, 6.98588209502e-08, 3.09615586502e-08, 1.42521843216e-08],
        "median": [0.000454266555607, 0.00160953984596, 0.00220301095396, 0.00102360313758, 0.00117559125647, 0.000603986205533, 0.000188605728908, 0.000262243323959, 0.000244367605774, 6.0671402025e-05, 2.93774501188e-05, 2.40667777689e-05, 1.93000341824e-05, 1.40148522405e-05, 1.27074363263e-05, 6.80508128426e-06, 5.54334474145e-06, 7.36290257919e-06, 6.29235864835e-06, 3.76529465029e-06, 3.47467334905e-06, 2.05821106647e-06, 1.3705720221e-06, 1.68277756529e-06, 1.02725277884e-06, 6.34857826753e-07, 1.00199736153e-06, 8.66522441356e-07, 6.85287091073e-07, 4.57268271248e-07, 1.8280250913e-07, 1.59778466013e-07, 1.05841365894e-07, 1.01181456102e-07, 1.24329403661e-07, 1.4459799047e-07, 6.51246239158e-08, 2.20221636482e-08, 9.41945543786e-09, 4.80072337439e-09],
        "min": [8.42592544359e-06, 2.22711023525e-05, 1.73768985405e-05, 1.8434762751e-05, 1.67443085957e-05, 1.1548960174e-05, 6.43214025331e-06, 7.97273969511e-06, 5.24303550264e-06, 3.2990208183e-06, 1.0585858945e-06, 1.59924482546e-07, 1.19402884025e-07, 2.08226282439e-07, 3.1489875596e-07, 1.57238261522e-07, 1.2319512166e-07, 3.68835770814e-07, 2.13458079656e-07, 6.61687309389e-08, 5.81270001021e-08, 3.45936648216e-08, 2.3306917285e-08, 1.63449094259e-08, 1.26757218055e-08, 1.56056323419e-08, 1.80346351186e-08, 7.14861414508e-09, 1.02350803388e-08, 6.50156861681e-09, 2.68045630136e-09, 1.01491826054e-09, 9.9544383847e-10, 1.51803425386e-09, 1.39898082008e-09, 1.65037172817e-09, 4.87864970644e-10, 1.85393159158e-10, 1.05548736418e-10, 7.17671061468e-11],
        "var": [7.48135676076e-07, 3.47854506799e-06, 5.43917894902e-06, 1.33983837713e-06, 4.93810784974e-06, 8.22972936021e-07, 8.86439082137e-08, 3.75388736984e-07, 1.6368355773e-06, 1.29572242713e-07, 6.97233648594e-09, 4.42737047024e-09, 2.25979035484e-09, 7.92444165842e-10, 4.72530292672e-10, 2.21947737966e-10, 1.81724676973e-10, 3.83118925473e-10, 9.63223875661e-11, 7.47730627415e-11, 9.64081384169e-11, 4.00349822738e-11, 2.57802165032e-11, 4.52750371915e-11, 1.30732924486e-11, 6.87883127196e-12, 4.15404863285e-11, 5.38198062505e-11, 6.62227434348e-12, 2.12615970836e-12, 2.69201056845e-13, 3.50623284746e-13, 1.97888919335e-13, 5.07715560132e-13, 3.92577951484e-13, 1.27036521493e-12, 4.30348709142e-13, 1.81033031448e-14, 3.21248002565e-15, 8.94821381468e-16]
    },
    "mfcc": {
        "mean": [-682.282958984, 182.267456055, 10.8564710617, 35.667350769, -3.83763599396, 5.90645742416, -11.1684617996, -0.609274208546, -9.02534008026, 8.86919403076, -12.4044876099, 3.9088435173, -5.7023730278],
        "cov": [[2800.67260742, -882.441955566, -90.8385925293, -114.000137329, -177.861465454, -129.766174316, 13.8374834061, 107.742866516, -108.420036316, 99.7136688232, -40.1024398804, 41.3891601562, -33.2888374329], [-882.441955566, 663.928894043, -57.9247093201, 40.0495758057, 72.8277282715, 67.5066680908, -28.2981777191, -67.5657958984, 38.0451431274, -33.36510849, 26.6289958954, 10.7288866043, 25.9269676208], [-90.8385925293, -57.9247093201, 169.802597046, 21.0804138184, 16.9377632141, -2.47278761864, 27.7002410889, 14.5825090408, 22.1468963623, -14.0320310593, -13.1257610321, -13.5480852127, 6.79981088638], [-114.000137329, 40.0495758057, 21.0804138184, 87.570892334, 30.8521080017, 30.9784107208, 7.30291938782, 1.12972080708, 17.7417030334, -17.5321617126, -1.71214294434, -0.482312351465, 5.1217713356], [-177.861465454, 72.8277282715, 16.9377632141, 30.8521080017, 99.5260848999, 57.7456207275, 4.62492656708, -6.98559427261, 30.1921138763, -29.4195251465, 6.25891637802, -3.34095215797, 12.7982368469], [-129.766174316, 67.5066680908, -2.47278761864, 30.9784107208, 57.7456207275, 99.5444869995, 14.0362596512, -2.96180295944, 28.7891769409, -36.8762664795, 11.0783672333, 5.89197397232, 9.0918006897], [13.8374834061, -28.2981777191, 27.7002410889, 7.30291938782, 4.62492656708, 14.0362596512, 60.1391372681, 20.5653095245, -0.52542167902, 13.0942850113, -1.37393856049, -1.07531964779, -1.62338709831], [107.742866516, -67.5657958984, 14.5825090408, 1.12972080708, -6.98559427261, -2.96180295944, 20.5653095245, 59.3230018616, 4.4463801384, 7.46246576309, -9.73782539368, 4.00364685059, -3.96955919266], [-108.420036316, 38.0451431274, 22.1468963623, 17.7417030334, 30.1921138763, 28.7891769409, -0.52542167902, 4.4463801384, 83.1440811157, -35.7558746338, -2.87307262421, 15.6382408142, 12.9728240967], [99.7136688232, -33.36510849, -14.0320310593, -17.5321617126, -29.4195251465, -36.8762664795, 13.0942850113, 7.46246576309, -35.7558746338, 107.215240479, 9.88885688782, -4.25271511078, -14.4720392227], [-40.1024398804, 26.6289958954, -13.1257610321, -1.71214294434, 6.25891637802, 11.0783672333, -1.37393856049, -9.73782539368, -2.87307262421, 9.88885688782, 58.9355354309, -2.63080859184, 5.43572807312], [41.3891601562, 10.7288866043, -13.5480852127, -0.482312351465, -3.34095215797, 5.89197397232, -1.07531964779, 4.00364685059, 15.6382408142, -4.25271511078, -2.63080859184, 52.8332519531, 3.96457529068], [-33.2888374329, 25.9269676208, 6.79981088638, 5.1217713356, 12.7982368469, 9.0918006897, -1.62338709831, -3.96955919266, 12.9728240967, -14.4720392227, 5.43572807312, 3.96457529068, 42.0610237122]],
