{
"lowlevel": {
    "average_loudness": 0.986987888813,
    "barkbands_crest": {
        "dmean": 1.52811157703,
        "dmean2": 2.51792931557,
        "dvar": 1.35176932812,
        "dvar2": 3.45264959335,
        "max": 16.7280311584,
        "mean": 8.63873672485,
        "median": 8.20676708221,
        "min": 3.02198123932,
        "var": 7.21705436707
    },
    "barkbands_flatness_db": {
        "dmean": 0.00864041224122,
        "dmean2": 0.0143055571243,
        "dvar": 6.12850271864e-05,
        "dvar2": 0.000131248729303,
        "max": 0.194128215313,
        "mean": 0.149560660124,
        "median": 0.150438949466,
        "min": 0.0614669471979,
        "var": 0.000226189076784
    },
    "barkbands_kurtosis": {
        "dmean": 0.356683433056,
        "dmean2": 0.578429758549,
        "dvar": 0.189124464989,
        "dvar2": 0.503260374069,
        "max": 4.58851242065,
        "mean": -0.721935927868,
        "median": -0.845190763474,
        "min": -1.62398529053,
        "var": 0.382260471582
    },
    "barkbands_skewness": {
        "dmean": 0.231511712074,
        "dmean2": 0.363324254751,
        "dvar": 0.0305767003447,
        "dvar2": 0.0763273984194,
        "max": 0.700412392616,
        "mean": -0.289950639009,
        "median": -0.239348143339,
        "min": -2.13844823837,
        "var": 0.197240769863
    },
    "barkbands_spread": {
        "dmean": 3.77808976173,
        "dmean2": 5.9716091156,
        "dvar": 11.1457138062,
        "dvar2": 24.3678131104,
        "max": 46.4627876282,
        "mean": 26.2746200562,
        "median": 25.0776519775,
        "min": 13.2900934219,
        "var": 39.1525115967
    },
    "dissonance": {
        "dmean": 0.00923452526331,
        "dmean2": 0.0159140601754,
        "dvar": 9.57480806392e-05,
        "dvar2": 0.000271688040812,
        "max": 0.499895960093,
        "mean": 0.487758696079,
        "median": 0.491922020912,
        "min": 0.415986269712,
        "var": 0.00013915458112
    },
    "dynamic_complexity": 0.465440273285,
    "erbbands_crest": {
        "dmean": 1.67897486687,
        "dmean2": 2.72185373306,
        "dvar": 1.54701519012,
        "dvar2": 4.26383924484,
        "max": 18.9281826019,
        "mean": 9.52871704102,
        "median": 9.08368587494,
        "min": 4.3371257782,
        "var": 7.66271591187
    },
    "erbbands_flatness_db": {
        "dmean": 0.0095192771405,
        "dmean2": 0.0154377929866,
        "dvar": 6.33318777545e-05,
        "dvar2": 0.000132734203362,
        "max": 0.299149423838,
        "mean": 0.246036723256,
        "median": 0.245465055108,
        "min": 0.166301071644,
        "var": 0.000277152779745
    },
    "erbbands_kurtosis": {
        "dmean": 0.613185048103,
        "dmean2": 0.972401559353,
        "dvar": 0.528770923615,
        "dvar2": 1.20141386986,
        "max": 7.00732707977,
        "mean": -0.0197933577001,
        "median": -0.452600240707,
        "min": -1.51544439793,
        "var": 1.93403196335
    },
    "erbbands_skewness": {
        "dmean": 0.228028938174,
        "dmean2": 0.377997398376,
        "dvar": 0.0333916842937,
        "dvar2": 0.076255813241,
        "max": 0.645024895668,
        "mean": -0.549440026283,
        "median": -0.520459234715,
        "min": -2.20827174187,
        "var": 0.242361620069
    },
    "erbbands_spread": {
        "dmean": 2.67533922195,
        "dmean2": 4.12222146988,
        "dvar": 3.91595458984,
        "dvar2": 10.2043418884,
        "max": 32.7769203186,
        "mean": 22.2865447998,
        "median": 22.9171237946,
        "min": 7.63085031509,
        "var": 24.3911571503
    },
    "hfc": {
        "dmean": 4.48077917099,
        "dmean2": 6.83612442017,
        "dvar": 14.659497261,
        "dvar2": 30.3743286133,
        "max": 62.880657196,
        "mean": 35.7975997925,
        "median": 35.1527786255,
        "min": 0.738729059696,
        "var": 62.3324203491
    },
    "melbands_crest": {
        "dmean": 2.39874887466,
        "dmean2": 3.9319999218,
        "dvar": 3.66133522987,
        "dvar2": 9.8370552063,
        "max": 25.5025863647,
        "mean": 11.9752244949,
        "median": 11.4270610809,
        "min": 4.21247816086,
        "var": 17.686214447
    },
    "melbands_flatness_db": {
        "dmean": 0.0101483128965,
        "dmean2": 0.0154526652768,
        "dvar": 6.61334051983e-05,
        "dvar2": 0.000159241448273,
        "max": 0.226401343942,
        "mean": 0.163714647293,
        "median": 0.163710013032,
        "min": 0.102980688214,
        "var": 0.000249555683695
    },
    "melbands_kurtosis": {
        "dmean": 0.396875172853,
        "dmean2": 0.654461860657,
        "dvar": 0.119815856218,
        "dvar2": 0.306071281433,
        "max": 2.16927433014,
        "mean": -0.510627090931,
        "median": -0.661782026291,
        "min": -1.68373417854,
        "var": 0.519816339016
    },
    "melbands_skewness": {
        "dmean": 0.235869854689,
        "dmean2": 0.362997829914,
        "dvar": 0.0362337529659,
        "dvar2": 0.0870266780257,
        "max": 1.58974075317,
        "mean": 0.492676377296,
        "median": 0.543827354908,
        "min": -0.937346577644,
        "var": 0.143056228757
    },
    "melbands_spread": {
        "dmean": 6.24245882034,
        "dmean2": 10.2519207001,
        "dvar": 26.9846439362,
        "dvar2": 63.9092788696,
        "max": 92.4402618408,
        "mean": 53.854385376,
        "median": 52.5756149292,
        "min": 26.4617786407,
        "var": 163.956497192
    },
    "pitch_salience": {
        "dmean": 0.039045073092,
        "dmean2": 0.0648520812392,
        "dvar": 0.00101832440123,
        "dvar2": 0.00213148444891,
        "max": 0.86973965168,
        "mean": 0.531003415585,
        "median": 0.52793264389,
        "min": 0.404060125351,
        "var": 0.00322932936251
    },
    "silence_rate_20dB": {
        "dmean": 0,
        "dmean2": 0,
        "dvar": 0,
        "dvar2": 0,
        "max": 1,
        "mean": 1,
        "median": 1,
        "min": 1,
        "var": 0
    },
    "silence_rate_30dB": {
        "dmean": 0,
        "dmean2": 0,
        "dvar": 0,
        "dvar2": 0,
        "max": 1,
        "mean": 1,
        "median": 1,
        "min": 1,
        "var": 0
    },
    "silence_rate_60dB": {
        "dmean": 0,
        "dmean2": 0,
        "dvar": 0,
        "dvar2": 0,
        "max": 0,
        "mean": 0,
        "median": 0,
        "min": 0,
        "var": 0
    },
    "spectral_centroid": {
        "dmean": 102.358261108,
        "dmean2": 166.021774292,
        "dvar": 7024.39501953,
        "dvar2": 16677.9882812,
        "max": 2715.00317383,
        "mean": 2260.67260742,
        "median": 2270.25463867,
        "min": 1654.53686523,
        "var": 45505.8828125
    },
    "spectral_complexity": {
        "dmean": 3.56111121178,
        "dmean2": 5.93036222458,
        "dvar": 10.746257782,
        "dvar2": 22.0647926331,
        "max": 46,
        "mean": 34.4819946289,
        "median": 34,
        "min": 0,
        "var": 19.3244972229
    },
    "spectral_decrease": {
        "dmean": 5.46058531725e-10,
        "dmean2": 8.75709227355e-10,
        "dvar": 2.56797833426e-19,
        "dvar2": 4.83427355937e-19,
        "max": -9.58022203235e-11,
        "mean": -5.30961630218e-09,
        "median": -5.36660449413e-09,
        "min": -6.79227518674e-09,
        "var": 4.97746369328e-19
    },
    "spectral_energy": {
        "dmean": 0.00235199509189,
        "dmean2": 0.00373616022989,
        "dvar": 4.6639811444e-06,
        "dvar2": 8.82659878698e-06,
        "max": 0.0298889838159,
        "mean": 0.0232866369188,
        "median": 0.0235243011266,
        "min": 0.00042858478264,
        "var": 9.36051310418e-06
    },
    "spectral_energyband_high": {
        "dmean": 0.000140044241562,
        "dmean2": 0.000230645542615,
        "dvar": 1.4914926183e-08,
        "dvar2": 3.75478315107e-08,
        "max": 0.00166098494083,
        "mean": 0.000570241303649,
        "median": 0.000535749131814,
        "min": 1.27910852825e-05,
        "var": 4.98324226328e-08
    },
    "spectral_energyband_low": {
        "dmean": 0.00102372991387,
        "dmean2": 0.0016044061631,
        "dvar": 1.01858745438e-06,
        "dvar2": 2.05684932553e-06,
        "max": 0.00814366340637,
        "mean": 0.00196352996863,
        "median": 0.00151031243149,
        "min": 3.37760611728e-05,
        "var": 2.26417682825e-06
    },
    "spectral_energyband_middle_high": {
        "dmean": 0.00197156402282,
        "dmean2": 0.003031833563,
        "dvar": 2.42856822297e-06,
        "dvar2": 5.63477442483e-06,
        "max": 0.0236590001732,
        "mean": 0.0123364394531,
        "median": 0.0121070630848,
        "min": 0.000271381810308,
        "var": 1.22613546409e-05
    },
    "spectral_energyband_middle_low": {
        "dmean": 0.00161767669488,
        "dmean2": 0.00241717253812,
        "dvar": 1.62434821505e-06,
        "dvar2": 4.0785694182e-06,
        "max": 0.0179526302963,
        "mean": 0.00847611762583,
        "median": 0.00819054432213,
        "min": 0.000114733280498,
        "var": 1.15653601824e-05
    },
    "spectral_entropy": {
        "dmean": 0.0599883832037,
        "dmean2": 0.0951205268502,
        "dvar": 0.00389910000376,
        "dvar2": 0.00646432070062,
        "max": 8.52292823792,
        "mean": 7.4982380867,
        "median": 7.50178623199,
        "min": 7.17645549774,
        "var": 0.011842828244
    },
    "spectral_flux": {
        "dmean": 0.0074898940511,
        "dmean2": 0.0122321732342,
        "dvar": 4.19000534748e-05,
        "dvar2": 9.89030158962e-05,
        "max": 0.138501212001,
        "mean": 0.0678213238716,
        "median": 0.0675056502223,
        "min": 0.044963426888,
        "var": 8.90870433068e-05
    },
    "spectral_kurtosis": {
        "dmean": 2.82695746422,
        "dmean2": 5.02674770355,
        "dvar": 5.78846645355,
        "dvar2": 15.9635324478,
        "max": 22.7332897186,
        "mean": 5.91932153702,
        "median": 5.40375709534,
        "min": 1.28774213791,
        "var": 7.50263357162
    },
    "spectral_rms": {
        "dmean": 0.000248269614531,
        "dmean2": 0.000391684414353,
        "dvar": 8.3598209244e-08,
        "dvar2": 1.26151988411e-07,
        "max": 0.00539999874309,
        "mean": 0.00475217169151,
        "median": 0.00479067210108,
        "min": 0.000646630884148,
        "var": 1.35522654432e-07
    },
    "spectral_rolloff": {
        "dmean": 110.656578064,
        "dmean2": 195.898117065,
        "dvar": 23497.0351562,
        "dvar2": 62269.4257812,
        "max": 3273.046875,
        "mean": 2630.44848633,
        "median": 2648.58398438,
        "min": 1873.38867188,
        "var": 38476.4296875
    },
    "spectral_skewness": {
        "dmean": 0.260782152414,
        "dmean2": 0.463564872742,
        "dvar": 0.0602541603148,
        "dvar2": 0.160048097372,
        "max": 3.72387981415,
        "mean": 0.969149589539,
        "median": 0.917279422283,
        "min": 0.412405639887,
        "var": 0.0858392193913
    },
    "spectral_spread": {
        "dmean": 161124.671875,
        "dmean2": 234450.40625,
        "dvar": 388790747136,
        "dvar2": 235072602112,
        "max": 16542732,
        "mean": 2159202,
        "median": 2114332,
        "min": 1540651.5,
        "var": 627994656768
    },
    "spectral_strongpeak": {
        "dmean": 1.13432133198,
        "dmean2": 1.9464597702,
        "dvar": 3.01500368118,
        "dvar2": 7.63671112061,
        "max": 15.4194374084,
        "mean": 3.00562548637,
        "median": 2.34308815002,
        "min": 0,
        "var": 6.60821533203
    },
    "zerocrossingrate": {
        "dmean": 0.00432400172576,
        "dmean2": 0.00561183411628,
        "dvar": 2.06486765819e-05,
        "dvar2": 2.51167857641e-05,
        "max": 0.11572265625,
        "mean": 0.0832445174456,
        "median": 0.0830078125,
        "min": 0.0244140625,
        "var": 0.000139000141644
    },
    "barkbands": {
        "dmean": [1.52458051161e-05, 0.00100411986932, 8.29878190416e-05, 0.000186131888768, 0.000742148200516, 7.47360536479e-05, 0.000143340832437, 9.49289242271e-05, 0.0013512551086, 0.000159195275046, 0.000182944990229, 0.000248048891081, 0.000100844030385, 0.000817505526356, 0.000438588060206, 0.000551970733795, 0.00126842677128, 0.000339565274771, 0.000428987696068, 0.000124137717648, 0.000114332004159, 2.2144509785e-05, 7.94570155449e-07, 6.62886805003e-07, 1.96085807147e-07, 8.09093236853e-08, 1.08374065277e-08],
        "dmean2": [2.35224451899e-05, 0.00156441458967, 0.000135174384923, 0.000345476146322, 0.00116509699728, 0.000126597209601, 0.000248575786827, 0.00016285032325, 0.00208826316521, 0.000276825012406, 0.000308495160425, 0.000418474170147, 0.000129019768792, 0.0012748290319, 0.000717647373676, 0.000926433771383, 0.00196188990958, 0.000570723670535, 0.000701495038811, 0.000210602927837, 0.000188081830856, 3.35104523401e-05, 1.3402834611e-06, 1.03661727735e-06, 3.10458233344e-07, 1.32124824859e-07, 1.77369212651e-08],
        "dvar": [7.44014572174e-10, 9.82351707535e-07, 4.72493821846e-09, 2.74263349809e-08, 5.01298700328e-07, 5.91121640525e-09, 3.61317624709e-08, 1.28910251362e-08, 1.3335429685e-06, 3.46868631595e-08, 2.74099747344e-08, 1.01842466904e-07, 2.2630537444e-08, 6.88551210715e-07, 1.49944810346e-07, 2.12093240748e-07, 1.1934369013e-06, 7.05846829874e-08, 1.55250759803e-07, 9.68731583839e-09, 1.10260911512e-08, 7.14243386657e-10, 5.79264013058e-13, 3.38022361837e-13, 3.55788057978e-14, 5.2398148449e-15, 1.62830447995e-15],
        "dvar2": [1.04946717983e-09, 2.00436466002e-06, 1.12594316093e-08, 8.1125911322e-08, 1.12176428502e-06, 1.52199870485e-08, 1.00866024866e-07, 3.48325031041e-08, 3.49777360498e-06, 9.79753806973e-08, 7.30744602606e-08, 2.57782261315e-07, 1.90437976499e-08, 1.43822001064e-06, 4.18838254745e-07, 5.80071173317e-07, 2.58872705672e-06, 1.95613012011e-07, 3.92726889231e-07, 2.67550497313e-08, 3.07387075793e-08, 1.63209568083e-09, 1.53439207954e-12, 9.15000822506e-13, 1.05897143268e-13, 1.44004020541e-14, 2.31422741959e-15],
        "max": [0.000473129795864, 0.00801666639745, 0.000517470471095, 0.0015215438325, 0.00590879563242, 0.000799636880402, 0.00155003857799, 0.000893036019988, 0.0146160945296, 0.00158599915449, 0.00134175596759, 0.00266461656429, 0.0035250603687, 0.0115123940632, 0.00544450152665, 0.00435144780204, 0.0142246512696, 0.0021589519456, 0.00355613790452, 0.000926912936848, 0.000975094444584, 0.000387937499909, 7.45060060581e-06, 6.45555337542e-06, 3.14086673825e-06, 1.00484396626e-06, 6.50989591122e-07],
        "mean": [2.05839296541e-05, 0.00176887353882, 0.000137253649882, 0.000302960310364, 0.00144185149111, 0.000105133876787, 0.000174556087586, 0.000136557297083, 0.00622070254758, 0.000267176801572, 0.000417790346546, 0.000402488483815, 0.000248849915806, 0.0019339681603, 0.00125434063375, 0.00138614384923, 0.00424154195935, 0.000894765951671, 0.0011216114508, 0.000346190849086, 0.000378922879463, 7.80575428507e-05, 2.57049805441e-06, 2.53121106653e-06, 8.57277598243e-07, 3.54002025915e-07, 3.72936952431e-08],
        "median": [1.29024701891e-05, 0.00134927977342, 0.000124696452986, 0.00023303940543, 0.00111132569145, 7.43352720747e-05, 0.000102143792901, 9.84064172371e-05, 0.00604181643575, 0.000219747889787, 0.000369235582184, 0.00029073737096, 0.000127348728711, 0.00144184136298, 0.000999586074613, 0.00129009108059, 0.00364459678531, 0.000847946561407, 0.00100310565904, 0.000327388464939, 0.000345948443282, 6.82426907588e-05, 2.42659211835e-06, 2.38148800236e-06, 7.53822519073e-07, 3.21345595466e-07, 3.10505576806e-08],
        "min": [6.37723616137e-08, 2.00119939109e-05, 3.14800740853e-06, 2.19749199459e-06, 1.42556709761e-05, 4.77070352645e-06, 8.99611950445e-06, 6.41665610601e-06, 5.73659744987e-05, 1.75046625372e-05, 4.76156719742e-06, 3.41893087352e-06, 5.27238353243e-06, 5.17358530487e-05, 3.83700498787e-05, 2.80753829429e-05, 7.51413972466e-05, 2.60588349192e-05, 1.69363138411e-05, 1.29623012981e-05, 2.18123341256e-06, 2.93658399642e-06, 6.10613938079e-07, 6.2527414002e-07, 2.68456489039e-07, 1.61226665796e-07, 1.45255185657e-08],
        "var": [9.57804835444e-10, 2.16070316128e-06, 7.5047852377e-09, 5.47205658563e-08, 1.26020665903e-06, 9.96347893079e-09, 4.45718448816e-08, 1.67254405881e-08, 1.083209645e-05, 4.89912856949e-08, 5.46929292966e-08, 1.58337584821e-07, 1.5882305604e-07, 3.11494090965e-06, 7.24757512671e-07, 3.34052145945e-07, 6.6789198172e-06, 1.21619748938e-07, 2.76877699434e-07, 1.85240196515e-08, 3.05676266521e-08, 2.02596384113e-09, 1.03990774325e-12, 1.06631988395e-12, 2.27795565614e-13, 1.69688973295e-14, 2.40495121274e-15]
    },
    "erbbands": {
        "dmean": [0.0350667387247, 0.205766230822, 0.13904120028, 0.250654965639, 2.88570451736, 1.51190137863, 0.363373816013, 0.716322779655, 0.798366546631, 2.77740120888, 4.41024541855, 41.4370269775, 7.3523015976, 6.64153862, 7.72561788559, 9.85084056854, 4.27220582962, 23.6509246826, 26.6067714691, 28.6487026215, 28.2722663879, 56.2159767151, 29.9416255951, 27.2914276123, 10.4026422501, 5.61166191101, 2.8009314537, 5.57454776764, 1.10403203964, 0.19306999445, 0.0252672731876, 0.0162052027881, 0.00949346832931, 0.00433120224625, 0.00088703201618, 0.000585346249864, 9.34382915148e-05, 1.77307992999e-05, 2.22226799451e-06, 3.07786240228e-06],
        "dmean2": [0.0561667792499, 0.315382570028, 0.207577675581, 0.445479363203, 4.44357442856, 2.50958156586, 0.636160492897, 1.19497263432, 1.3499392271, 4.81946659088, 6.87490940094, 64.9943771362, 11.6620359421, 11.6997699738, 12.8395910263, 16.4856472015, 5.61195325851, 36.0359573364, 41.8771095276, 47.7400169373, 47.2993659973, 90.1188278198, 46.3079528809, 45.6311302185, 17.4834480286, 9.38324356079, 4.66150426865, 9.14659976959, 1.67574906349, 0.293400019407, 0.041385397315, 0.0270748268813, 0.0142813809216, 0.00674411002547, 0.00143330811989, 0.000948231958319, 0.000156366208103, 2.91861560981e-05, 3.49765969077e-06, 4.84480824525e-06],
        "dvar": [0.00121958053205, 0.0415520183742, 0.0131502142176, 0.0541662052274, 7.48433160782, 2.19469475746, 0.155020445585, 0.63822799921, 0.760304093361, 18.3952960968, 18.7884998322, 1282.64501953, 50.2530593872, 52.3363761902, 51.5137863159, 177.252944946, 33.4615364075, 540.799133301, 558.469421387, 570.350524902, 583.302062988, 2185.30688477, 712.539733887, 504.811706543, 85.7845077515, 19.4259662628, 7.88295984268, 28.297586441, 2.03110742569, 0.0368721522391, 0.000580844585784, 0.000213381135836, 8.51591757964e-05, 2.06817276194e-05, 5.93041136199e-07, 2.58621611238e-07, 8.37384028785e-09, 6.79667988557e-10, 2.87946090582e-11, 7.10803638171e-12],
        "dvar2": [0.00277652475052, 0.0782767757773, 0.026639631018, 0.139966130257, 16.6742172241, 5.56915998459, 0.41698050499, 1.65054905415, 2.04460740089, 52.9302597046, 44.5784797668, 3482.859375, 125.973014832, 149.924606323, 126.424484253, 448.160827637, 31.447807312, 1054.57141113, 1353.46887207, 1514.88513184, 1631.74523926, 5061.80566406, 1590.70703125, 1299.61035156, 228.473922729, 53.2214164734, 21.7855606079, 77.8337554932, 4.75002288818, 0.0882260873914, 0.0015605626395, 0.000628732028417, 0.000186038334505, 5.88119510212e-05, 1.50431685597e-06, 7.50565504859e-07, 2.19569908921e-08, 1.25942878348e-09, 5.03282797382e-11, 1.51953814115e-11],
        "max": [0.242563769221, 1.77627944946, 0.980028927326, 2.22081184387, 24.1036930084, 12.3150749207, 3.94716620445, 7.68696117401, 8.93960094452, 34.4746170044, 44.4825286865, 443.726776123, 88.0717926025, 60.0170669556, 68.6358566284, 127.30871582, 139.485656738, 360.225982666, 268.536712646, 190.990722656, 234.15284729, 514.743774414, 348.483734131, 207.545761108, 95.0330886841, 43.8633308411, 34.6365852356, 53.7193870544, 21.4549217224, 2.38299322128, 0.278818994761, 0.171418979764, 0.106360152364, 0.0685298442841, 0.0109184198081, 0.00578066240996, 0.00129884050693, 0.000440442148829, 9.73943460849e-05, 4.04900965805e-05],
        "mean": [0.0521757975221, 0.390408575535, 0.278354138136, 0.541689693928, 5.89202880859, 2.47966742516, 0.64747941494, 0.997655749321, 1.13358795643, 3.63552212715, 14.8947019577, 181.620956421, 34.7613105774, 12.799703598, 18.6061172485, 17.1823215485, 12.6091022491, 61.7889480591, 78.5973129272, 73.2097549438, 85.1456222534, 187.896072388, 108.852592468, 69.2244110107, 34.0809707642, 16.8142795563, 9.57128334045, 16.8402137756, 4.04497432709, 0.731310546398, 0.0955318510532, 0.0548631176353, 0.0365593731403, 0.0171643737704, 0.00396554870531, 0.00243196007796, 0.000429038656875, 5.92549513385e-05, 2.03387844522e-05, 3.1219322409e-05],
        "median": [0.0388881750405, 0.300428003073, 0.235849037766, 0.473047971725, 4.81804513931, 1.9840439558, 0.480293869972, 0.710462093353, 0.793519377708, 2.3272395134, 13.3868160248, 172.216918945, 32.3180084229, 10.6240367889, 15.9130449295, 12.1831588745, 7.99517536163, 46.0525588989, 70.1856231689, 65.3135757446, 82.7806930542, 167.01914978, 91.3793258667, 63.9333496094, 32.7166862488, 15.7684717178, 8.77991867065, 15.3354940414, 3.5854640007, 0.66111344099, 0.0911364108324, 0.0510973632336, 0.0323685072362, 0.0146949077025, 0.00365604925901, 0.00220859749243, 0.000399328215281, 5.31203149876e-05, 1.97087792912e-05, 3.13075761369e-05],
        "min": [0.000628124864306, 0.00428093038499, 0.0101627046242, 0.0121164172888, 0.028468163684, 0.0507134497166, 0.0583904273808, 0.031581055373, 0.0850601792336, 0.244665905833, 0.463469982147, 1.32999122143, 0.944313168526, 0.318343222141, 0.202556535602, 0.133970186114, 0.280693918467, 1.79077208042, 2.81715345383, 1.38623738289, 1.88808178902, 3.74359679222, 2.42439484596, 0.881323039532, 0.77085006237, 0.632156848907, 0.12157497555, 0.110488317907, 0.123079761863, 0.0182715058327, 0.0187127664685, 0.0135962795466, 0.0076272576116, 0.00286729610525, 0.00156582053751, 0.000905079243239, 0.000191552797332, 1.65689016285e-05, 1.3771182239e-05, 7.54647999202e-06],
        "var": [0.00209116260521, 0.103800661862, 0.0300248488784, 0.120668195188, 22.5418338776, 3.70335149765, 0.335448026657, 0.859905660152, 1.17438018322, 18.4800720215, 69.5355911255, 10058.4248047, 285.04019165, 63.9809074402, 120.341995239, 286.370910645, 241.957885742, 2838.81298828, 1926.81542969, 1373.28344727, 1085.74267578, 10048.2597656, 4415.22949219, 942.643615723, 135.553771973, 42.3142089844, 15.3809671402, 79.9515151978, 5.4409031868, 0.138837203383, 0.00108970887959, 0.000414858601289, 0.000359283701982, 0.000122305049445, 2.33911873693e-06, 8.09387586287e-07, 2.11528359273e-08, 1.39814471112e-09, 4.23601778654e-11, 1.59662665034e-11]
    },
    "gfcc": {
        "mean": [-8.21000289917, 112.732955933, -194.517349243, 49.6160736084, -30.081785202, -2.97271513939, -7.98082637787, 15.3141136169, -8.35868740082, -7.87853574753, -31.5500125885, -13.0689134598, -1.54556381702],
        "cov": [[145.314056396, 34.0358734131, 9.57323646545, 44.521686554, -8.70903015137, 7.07366085052, -15.4311304092, -26.2910022736, -10.6547756195, 4.08338165283, 1.38350689411, 4.16614627838, 11.4921655655], [34.0358734131, 87.8606872559, 29.6586856842, -2.26608753204, 3.90922141075, -2.86912679672, 7.72225666046, -10.3563938141, -0.994776844978, 10.9616279602, 5.56882143021, -9.57274723053, 2.92771339417], [9.57323646545, 29.6586856842, 86.7978668213, 31.2454891205, 5.20286130905, 2.97136950493, -9.76627159119, 2.26061940193, -5.15819168091, 13.6607513428, -11.3965816498, -4.22465085983, 6.61330747604], [44.521686554, -2.26608753204, 31.2454891205, 74.6450958252, 22.7601528168, 7.27092027664, -4.11089086533, -5.16778182983, -0.695158064365, -8.20359134674, -12.845410347, 8.31493186951, 12.3017454147], [-8.70903015137, 3.90922141075, 5.20286130905, 22.7601528168, 54.0274734497, 17.7133159637, 5.73014783859, 2.87538766861, 2.64087486267, 7.43617343903, 9.00249671936, 12.5706367493, 7.01987791061], [7.07366085052, -2.86912679672, 2.97136950493, 7.27092027664, 17.7133159637, 36.3524208069, 13.8700017929, 3.8824365139, 3.52426958084, 9.2241601944, 6.28604745865, 1.47188854218, 4.86893701553], [-15.4311304092, 7.72225666046, -9.76627159119, -4.11089086533, 5.73014783859, 13.8700017929, 43.939250946, 29.0404930115, 15.3433198929, 3.76650094986, 3.750644207, 0.0561549514532, -2.4519174099], [-26.2910022736, -10.3563938141, 2.26061940193, -5.16778182983, 2.87538766861, 3.8824365139, 29.0404930115, 53.4517021179, 29.3132133484, 9.55574703217, 10.1039886475, 8.81110954285, -1.19179928303], [-10.6547756195, -0.994776844978, -5.15819168091, -0.695158064365, 2.64087486267, 3.52426958084, 15.3433198929, 29.3132133484, 42.4218521118, 21.8014583588, 14.9971160889, 9.41325187683, 2.27396392822], [4.08338165283, 10.9616279602, 13.6607513428, -8.20359134674, 7.43617343903, 9.2241601944, 3.76650094986, 9.55574703217, 21.8014583588, 55.140750885, 32.299659729, 11.6950654984, 4.76665973663], [1.38350689411, 5.56882143021, -11.3965816498, -12.845410347, 9.00249671936, 6.28604745865, 3.750644207, 10.1039886475, 14.9971160889, 32.299659729, 50.7952346802, 30.1787452698, 4.89835453033], [4.16614627838, -9.57274723053, -4.22465085983, 8.31493186951, 12.5706367493, 1.47188854218, 0.0561549514532, 8.81110954285, 9.41325187683, 11.6950654984, 30.1787452698, 44.2585830688, 12.1508083344], [11.4921655655, 2.92771339417, 6.61330747604, 12.3017454147, 7.01987791061, 4.86893701553, -2.4519174099, -1.19179928303, 2.27396392822, 4.76665973663, 4.89835453033, 12.1508083344, 21.7102890015]],
        "icov": [[0.0199066419154, -0.0180261060596, 0.0173466112465, -0.022849990055, 0.0175737887621, -0.0157802496105, 0.0180599540472, -0.0114320619032, 0.0133790317923, -0.0131840249524, 0.00802949909121, -0.00763845071197, 0.00278243422508], [-0.0180261060596, 0.0403281524777, -0.0323225930333, 0.0267455112189, -0.0216296371073, 0.0273404885083, -0.037615571171, 0.0322298109531, -0.0224698670208, 0.0211475212127, -0.0258357264102, 0.0210145730525, -0.0110439294949], [0.0173466112465, -0.0323225930333, 0.0472919680178, -0.0333569683135, 0.0213595964015, -0.0241273809224, 0.0384418927133, -0.0372115932405, 0.0311220232397, -0.0336046405137, 0.0298582464457, -0.0156655088067, 0.0066244234331], [-0.022849990055, 0.0267455112189, -0.0333569683135, 0.0520630069077, -0.0298997443169, 0.0198992304504, -0.0278301667422, 0.0264069382101, -0.0271828044206, 0.0247554033995, -0.00593388220295, 0.00380841013975, -0.0107198571786], [0.0175737887621, -0.0216296371073, 0.0213595964015, -0.0298997443169, 0.0436503700912, -0.0276764389127, 0.0210666600615, -0.0174156557769, 0.0180224049836, -0.0169515497983, 0.0103062940761, -0.0145233264193, 0.00520327081904], [-0.0157802496105, 0.0273404885083, -0.0241273809224, 0.0198992304504, -0.0276764389127, 0.060698043555, -0.0418181307614, 0.0265786536038, -0.0147867528722, 0.0122386049479, -0.022351263091, 0.0212847758085, -0.0151952281594], [0.0180599540472, -0.037615571171, 0.0384418927133, -0.0278301667422, 0.0210666600615, -0.0418181307614, 0.0813964158297, -0.0567061528563, 0.0245341192931, -0.0224305652082, 0.0269845202565, -0.0156759787351, 0.0132589591667], [-0.0114320619032, 0.0322298109531, -0.0372115932405, 0.0264069382101, -0.0174156557769, 0.0265786536038, -0.0567061528563, 0.0774788111448, -0.0476740859449, 0.0280043967068, -0.0252932142466, 0.009676463902, -0.00526726571843], [0.0133790317923, -0.0224698670208, 0.0311220232397, -0.0271828044206, 0.0180224049836, -0.0147867528722, 0.0245341192931, -0.0476740859449, 0.0690880194306, -0.037648960948, 0.018528342247, -0.011330973357, 0.00270398659632], [-0.0131840249524, 0.0211475212127, -0.0336046405137, 0.0247554033995, -0.0169515497983, 0.0122386049479, -0.0224305652082, 0.0280043967068, -0.037648960948, 0.0620744079351, -0.0467388033867, 0.0230235531926, -0.00994910579175], [0.00802949909121, -0.0258357264102, 0.0298582464457, -0.00593388220295, 0.0103062940761, -0.022351263091, 0.0269845202565, -0.0252932142466, 0.018528342247, -0.0467388033867, 0.0866590887308, -0.0546958893538, 0.0162210389972], [-0.00763845071197, 0.0210145730525, -0.0156655088067, 0.00380841013975, -0.0145233264193, 0.0212847758085, -0.0156759787351, 0.009676463902, -0.011330973357, 0.0230235531926, -0.0546958893538, 0.0682536438107, -0.0272209122777], [0.00278243422508, -0.0110439294949, 0.0066244234331, -0.0107198571786, 0.00520327081904, -0.0151952281594, 0.0132589591667, -0.00526726571843, 0.00270398659632, -0.00994910579175, 0.0162210389972, -0.0272209122777, 0.0665438622236]]
    },
    "melbands": {
        "dmean": [0.000301417429, 0.000130890301079, 0.000117042814963, 0.00018843311409, 1.41804594023e-05, 1.50295145431e-05, 1.82437652256e-05, 2.59438893409e-05, 5.19948298461e-05, 0.000259876484051, 2.7186513762e-05, 2.6994943255e-05, 2.56949278992e-05, 3.42749772244e-05, 1.33456969706e-05, 9.25851418287e-06, 5.9102781961e-05, 5.78261751798e-05, 4.28192361142e-05, 4.01964789489e-05, 3.86276551581e-05, 5.15530919074e-05, 7.77830573497e-05, 1.53097134898e-05, 2.58361633314e-05, 1.28540841615e-05, 6.26352539257e-06, 3.48402818418e-06, 1.37800236644e-06, 3.6827382246e-06, 2.51471124102e-06, 6.01656154231e-07, 4.65981941034e-07, 2.32629968622e-08, 1.72872969273e-08, 1.19354224282e-08, 1.08236699603e-08, 6.40634256754e-09, 7.34216110132e-09, 3.24287152687e-09],
        "dmean2": [0.00047180155525, 0.000196678171051, 0.000191637838725, 0.000302037486108, 2.45703977271e-05, 2.52435784205e-05, 3.13025338983e-05, 4.49071303592e-05, 8.0084115325e-05, 0.000404480553698, 4.38199822383e-05, 4.74565968034e-05, 4.32640117651e-05, 5.80857631576e-05, 1.69509039551e-05, 1.48200169861e-05, 9.02146057342e-05, 9.17049837881e-05, 6.97575742379e-05, 6.6339795012e-05, 6.50744259474e-05, 8.59397041495e-05, 0.000118479256344, 2.5995019314e-05, 4.31311891589e-05, 2.16476091737e-05, 1.06588595372e-05, 5.9285084717e-06, 2.34272579291e-06, 6.07975880484e-06, 4.16636021328e-06, 9.14923646178e-07, 7.10097083356e-07, 3.71026125379e-08, 2.94173823079e-08, 1.97415523928e-08, 1.81544148603e-08, 1.02326209728e-08, 1.10381597196e-08, 5.36380140304e-09],
        "dvar": [8.88841213964e-08, 1.57616426577e-08, 1.20693570693e-08, 3.30729754694e-08, 2.20903420556e-10, 2.64469501854e-10, 4.51332554663e-10, 1.58407686968e-09, 2.66358779477e-09, 5.02162542659e-08, 7.8420148153e-10, 9.15717945915e-10, 5.63788016272e-10, 1.88579796223e-09, 3.92782695258e-10, 6.48332568187e-11, 3.53983065082e-09, 3.23461790686e-09, 1.42795930635e-09, 1.0240333026e-09, 1.09754216826e-09, 1.86305904037e-09, 6.06808736592e-09, 1.59991075943e-10, 4.6293532896e-10, 1.53942580905e-10, 2.93896365577e-11, 7.76721569007e-12, 2.08856131174e-12, 1.14719423197e-11, 6.0544334303e-12, 8.10607765807e-13, 2.50452870248e-13, 5.06966106651e-16, 2.93527250591e-16, 1.2681511265e-16, 9.30397665225e-17, 3.95709738545e-17, 5.79630270634e-17, 1.32806130364e-17],
        "dvar2": [1.92864362702e-07, 2.79691967364e-08, 2.9080325703e-08, 7.53631823613e-08, 5.72196900972e-10, 6.75132227901e-10, 1.22739829411e-09, 4.5787182934e-09, 5.65992941404e-09, 1.32352667492e-07, 1.96310923073e-09, 2.6200794867e-09, 1.47439604969e-09, 4.70435157496e-09, 4.42809761081e-10, 1.63014046706e-10, 6.8746563997e-09, 7.32667704284e-09, 4.08273681529e-09, 2.77478284794e-09, 3.20529203179e-09, 4.55205118044e-09, 1.31514772406e-08, 4.61977262001e-10, 1.19471521565e-09, 3.97686772402e-10, 8.26829577028e-11, 2.03284750144e-11, 5.51569944232e-12, 3.24190362055e-11, 1.59653297527e-11, 1.79841265577e-12, 6.42447683594e-13, 1.39787319005e-15, 8.08081448961e-16, 3.69299985786e-16, 2.77701128186e-16, 8.30885124383e-17, 1.38202014788e-16, 3.79588517802e-17],
        "max": [0.00230248249136, 0.00105493410956, 0.000934345764108, 0.00146431091707, 0.000140612231917, 0.0001548910368, 0.000192426465219, 0.000324321707012, 0.000570768897887, 0.00290609314106, 0.000370469264453, 0.000250859651715, 0.000197821485926, 0.000365182611858, 0.000428970030043, 0.000135626803967, 0.0009008301422, 0.000699407770298, 0.000523201597389, 0.000252781930612, 0.000277719984297, 0.000418083014665, 0.000953175709583, 9.45539795794e-05, 0.000191003477084, 0.000110224289529, 5.39353131899e-05, 3.06411311612e-05, 1.60884519573e-05, 3.37977180607e-05, 2.53811194852e-05, 1.2855548448e-05, 5.70495376451e-06, 2.68316597385e-07, 1.5076871307e-07, 1.41397791253e-07, 9.12183679702e-08, 7.03254841028e-08, 8.31809217061e-08, 5.05448696231e-08],
        "mean": [0.000503092771396, 0.000275075755781, 0.000256374740275, 0.000351845519617, 2.46626059379e-05, 2.08178880712e-05, 2.3807386242e-05, 3.37004057656e-05, 0.00014575739624, 0.00117606262211, 0.000111539993668, 4.46586855105e-05, 5.85584930377e-05, 5.78786020924e-05, 3.0829305615e-05, 2.30369423662e-05, 0.000145905723912, 0.000147685990669, 0.000119148353406, 8.11488935142e-05, 0.000104907870991, 0.000160679934197, 0.000245166418608, 3.51878443325e-05, 5.94425073359e-05, 3.41078412021e-05, 1.67383350345e-05, 9.16286262509e-06, 3.86225156035e-06, 1.16601286209e-05, 7.37192431188e-06, 1.91527124116e-06, 1.50677033162e-06, 6.90387764735e-08, 4.56648514557e-08, 3.76829163429e-08, 3.09512593333e-08, 2.3152523454e-08, 2.48212828069e-08, 1.11356275312e-08],
        "median": [0.000377362797735, 0.000220483998419, 0.000212818180444, 0.000265209120698, 1.83085649041e-05, 1.47626315083e-05, 1.52588563651e-05, 2.11538808799e-05, 0.000105899656774, 0.00110658199992, 0.000105779799924, 3.46502274624e-05, 5.15376486874e-05, 4.36737282143e-05, 1.53556429723e-05, 1.78644713742e-05, 0.000106685933133, 0.000115964357974, 9.35069547268e-05, 7.14093403076e-05, 0.000102337435237, 0.000149864863488, 0.000184642209206, 3.25761902786e-05, 5.35697618034e-05, 3.14809185511e-05, 1.57738340931e-05, 8.40993743623e-06, 3.46033220922e-06, 1.05809267552e-05, 6.64460412736e-06, 1.59059959515e-06, 1.36833375564e-06, 6.27461247404e-08, 4.21094661363e-08, 3.52838078754e-08, 2.83517458399e-08, 2.10257908861e-08, 2.08603836427e-08, 8.95839047388e-09],
        "min": [5.88262446399e-06, 5.59336422157e-06, 2.54850101555e-06, 2.92057757179e-06, 2.14798774323e-06, 7.53533925035e-07, 1.45472392887e-06, 2.73131217909e-06, 4.27239183409e-06, 8.76215926837e-06, 4.52803533335e-06, 1.27941336814e-06, 6.60571117805e-07, 4.06567835398e-07, 4.76978357256e-07, 6.74189720939e-07, 3.83628139389e-06, 5.08464245286e-06, 2.48635433309e-06, 1.85873727787e-06, 2.11345309253e-06, 3.52862753061e-06, 4.44347051598e-06, 8.65440995312e-07, 6.95131120665e-07, 5.48700427316e-07, 6.00175326326e-07, 3.6650001789e-07, 5.1589722716e-08, 7.48031041553e-08, 5.84427333195e-08, 9.793618716e-08, 1.40855886954e-08, 7.7500557083e-09, 1.0840992104e-08, 9.68697655424e-09, 7.73717445668e-09, 5.64799407243e-09, 2.38659203511e-09, 2.0773578413e-09],
        "var": [1.80633392688e-07, 4.07334255215e-08, 3.65832164562e-08, 7.67720109707e-08, 4.49383724677e-10, 3.85138226866e-10, 6.56896093076e-10, 1.61559754464e-09, 1.33854571871e-08, 4.30125425055e-07, 3.30737459642e-09, 1.12713083311e-09, 1.14722853439e-09, 2.95967095276e-09, 2.29850960487e-09, 3.01918073875e-10, 1.83407937726e-08, 1.13465121743e-08, 7.12083325638e-09, 1.76691139497e-09, 2.05332417735e-09, 5.23434628974e-09, 3.71739012905e-08, 2.49788661977e-10, 8.3774381876e-10, 2.43376929721e-10, 4.63358483527e-11, 1.7110465822e-11, 3.63700736195e-12, 2.81428231413e-11, 1.7011296885e-11, 1.91162450452e-12, 8.4903704076e-13, 1.02109864143e-15, 4.25175520003e-16, 2.22733560349e-16, 1.72214702194e-16, 1.26691538484e-16, 2.51920595175e-16, 7.22215495636e-17]
    },
    "mfcc": {
        "mean": [-627.242492676, 129.885574341, -83.3065567017, 51.839717865, -3.25985145569, 5.68997383118, 3.0380988121, 12.8269796371, 29.6302261353, 5.17599534988, 8.17337703705, -5.88159942627, -19.3726348877],
        "cov": [[175.730728149, -2.30225634575, 14.0550098419, 20.9112567902, 4.00944900513, 19.1356525421, -0.126034200191, -20.2051715851, -2.37949824333, -28.1615009308, 0.774201631546, -9.34893894196, 3.03646612167], [-2.30225634575, 90.5801086426, 10.0686368942, 2.09295654297, -8.4702091217, 7.50271749496, 0.726505637169, -5.73494005203, -21.9856128693, 29.9851779938, -11.9859132767, 10.190735817, 9.67482662201], [14.0550098419, 10.0686368942, 81.4609298706, 26.2726516724, 9.09547233582, 2.18447470665, -4.80553388596, -10.1359071732, 7.20323753357, 6.43961334229, -5.3321762085, -14.1077337265, -7.55150032043], [20.9112567902, 2.09295654297, 26.2726516724, 60.7126083374, 20.8378601074, 11.5725774765, -1.17414140701, 4.35500764847, 11.3233938217, 0.827565491199, -11.3369703293, -10.2358322144, 0.345748305321], [4.00944900513, -8.4702091217, 9.09547233582, 20.8378601074, 48.1486587524, 17.4497680664, 4.46944475174, -3.64118456841, 5.32079029083, -7.84285354614, -4.8788151741, -8.03660202026, 5.65025138855], [19.1356525421, 7.50271749496, 2.18447470665, 11.5725774765, 17.4497680664, 42.5492172241, 12.7367458344, -3.98920941353, -1.6154872179, 4.33469486237, -7.974609375, -7.72840023041, -0.974339962006], [-0.126034200191, 0.726505637169, -4.80553388596, -1.17414140701, 4.46944475174, 12.7367458344, 35.5418548584, 12.7575683594, 3.48623657227, -0.498485654593, 1.76322865486, 0.702721595764, 3.49924492836], [-20.2051715851, -5.73494005203, -10.1359071732, 4.35500764847, -3.64118456841, -3.98920941353, 12.7575683594, 44.5247001648, 18.2474536896, 0.712684988976, 2.68730592728, 8.03244876862, 3.77724552155], [-2.37949824333, -21.9856128693, 7.20323753357, 11.3233938217, 5.32079029083, -1.6154872179, 3.48623657227, 18.2474536896, 44.8498191833, 4.06740808487, 7.71319293976, -4.91535520554, -7.32382631302], [-28.1615009308, 29.9851779938, 6.43961334229, 0.827565491199, -7.84285354614, 4.33469486237, -0.498485654593, 0.712684988976, 4.06740808487, 63.6292495728, 3.66932845116, 3.62621164322, 1.91629099846], [0.774201631546, -11.9859132767, -5.3321762085, -11.3369703293, -4.8788151741, -7.974609375, 1.76322865486, 2.68730592728, 7.71319293976, 3.66932845116, 36.4512252808, 13.9002075195, 6.00940418243], [-9.34893894196, 10.190735817, -14.1077337265, -10.2358322144, -8.03660202026, -7.72840023041, 0.702721595764, 8.03244876862, -4.91535520554, 3.62621164322, 13.9002075195, 48.219619751, 33.041103363], [3.03646612167, 9.67482662201, -7.55150032043, 0.345748305321, 5.65025138855, -0.974339962006, 3.49924492836, 3.77724552155, -7.32382631302, 1.91629099846, 6.00940418243, 33.041103363, 68.3517990112]],
