{
"lowlevel": {
    "average_loudness": 0.977970004082,
    "barkbands_crest": {
        "dmean": 3.14895391464,
        "dmean2": 5.17046022415,
        "dvar": 6.35579633713,
        "dvar2": 17.2066612244,
        "max": 24.4882907867,
        "mean": 11.2008285522,
        "median": 10.560043335,
        "min": 3.33995604515,
        "var": 15.0199241638
    },
    "barkbands_flatness_db": {
        "dmean": 0.0426720865071,
        "dmean2": 0.0595457628369,
        "dvar": 0.00103147339541,
        "dvar2": 0.00210254476406,
        "max": 0.396223396063,
        "mean": 0.231284976006,
        "median": 0.227209538221,
        "min": 0.0937618389726,
        "var": 0.00331088504754
    },
    "barkbands_kurtosis": {
        "dmean": 8.24528217316,
        "dmean2": 12.9740953445,
        "dvar": 116.544754028,
        "dvar2": 293.986053467,
        "max": 136.35546875,
        "mean": 14.6694192886,
        "median": 10.1360177994,
        "min": -0.439459085464,
        "var": 221.748062134
    },
    "barkbands_skewness": {
        "dmean": 0.8618491292,
        "dmean2": 1.31930267811,
        "dvar": 0.545648097992,
        "dvar2": 1.44886362553,
        "max": 8.61290359497,
        "mean": 2.77978205681,
        "median": 2.53992199898,
        "min": 0.139657109976,
        "var": 1.79579031467
    },
    "barkbands_spread": {
        "dmean": 2.4853374958,
        "dmean2": 3.82872796059,
        "dvar": 6.89530515671,
        "dvar2": 15.2632665634,
        "max": 26.5884780884,
        "mean": 6.02813482285,
        "median": 5.4337720871,
        "min": 0.642620325089,
        "var": 12.6912937164
    },
    "dissonance": {
        "dmean": 0.029364708811,
        "dmean2": 0.0468656532466,
        "dvar": 0.000705016835127,
        "dvar2": 0.00145221175626,
        "max": 0.499085634947,
        "mean": 0.446857392788,
        "median": 0.454919397831,
        "min": 0.146880179644,
        "var": 0.00145361758769
    },
    "dynamic_complexity": 2.85377550125,
    "erbbands_crest": {
        "dmean": 3.17258310318,
        "dmean2": 5.15486240387,
        "dvar": 7.85132265091,
        "dvar2": 18.8267974854,
        "max": 27.5760631561,
        "mean": 8.81488323212,
        "median": 7.96291303635,
        "min": 3.21670651436,
        "var": 15.2979230881
    },
    "erbbands_flatness_db": {
        "dmean": 0.0317720100284,
        "dmean2": 0.0434102751315,
        "dvar": 0.00063346454408,
        "dvar2": 0.00106590904761,
        "max": 0.365607351065,
        "mean": 0.201760023832,
        "median": 0.195001900196,
        "min": 0.11336748302,
        "var": 0.00172442023177
    },
    "erbbands_kurtosis": {
        "dmean": 1.4614610672,
        "dmean2": 2.36450099945,
        "dvar": 2.41427564621,
        "dvar2": 5.89393806458,
        "max": 12.8969068527,
        "mean": 1.3234320879,
        "median": 0.711010217667,
        "min": -1.51606810093,
        "var": 4.66659450531
    },
    "erbbands_skewness": {
        "dmean": 0.401682883501,
        "dmean2": 0.650633990765,
        "dvar": 0.110348634422,
        "dvar2": 0.275323688984,
        "max": 2.80946159363,
        "mean": 1.01238811016,
        "median": 0.985640287399,
        "min": -0.238025873899,
        "var": 0.258958786726
    },
    "erbbands_spread": {
        "dmean": 9.14881229401,
        "dmean2": 13.743719101,
        "dvar": 59.0588760376,
        "dvar2": 127.107505798,
        "max": 70.5997543335,
        "mean": 29.0485401154,
        "median": 28.1865901947,
        "min": 4.90164804459,
        "var": 147.38482666
    },
    "hfc": {
        "dmean": 4.93174171448,
        "dmean2": 7.42079782486,
        "dvar": 35.3496246338,
        "dvar2": 79.5201339722,
        "max": 54.7443084717,
        "mean": 8.67104816437,
        "median": 5.36048126221,
        "min": 0.127966552973,
        "var": 67.7629165649
    },
    "melbands_crest": {
        "dmean": 3.6097035408,
        "dmean2": 5.82009363174,
        "dvar": 9.52993679047,
        "dvar2": 23.5603904724,
        "max": 30.9495182037,
        "mean": 15.4469099045,
        "median": 15.0615940094,
        "min": 5.87958669662,
        "var": 21.0123195648
    },
    "melbands_flatness_db": {
        "dmean": 0.0545711256564,
        "dmean2": 0.0756463035941,
        "dvar": 0.00165090267546,
        "dvar2": 0.0034293027129,
        "max": 0.529701352119,
        "mean": 0.328195720911,
        "median": 0.321700692177,
        "min": 0.150783255696,
        "var": 0.00517262658104
    },
    "melbands_kurtosis": {
        "dmean": 13.7547826767,
        "dmean2": 21.9824752808,
        "dvar": 270.477233887,
        "dvar2": 698.889648438,
        "max": 152.873336792,
        "mean": 25.3181037903,
        "median": 16.9775295258,
        "min": -0.675370454788,
        "var": 618.151855469
    },
    "melbands_skewness": {
        "dmean": 1.05599927902,
        "dmean2": 1.61800730228,
        "dvar": 0.756277620792,
        "dvar2": 2.02493166924,
        "max": 9.55186748505,
        "mean": 3.38666272163,
        "median": 3.24908447266,
        "min": 0.0113176414743,
        "var": 2.74752402306
    },
    "melbands_spread": {
        "dmean": 2.35032010078,
        "dmean2": 3.63873195648,
        "dvar": 5.50045728683,
        "dvar2": 13.0093431473,
        "max": 25.0925254822,
        "mean": 6.07036352158,
        "median": 5.60711956024,
        "min": 0.611480414867,
        "var": 12.9994192123
    },
    "pitch_salience": {
        "dmean": 0.102595180273,
        "dmean2": 0.170665860176,
        "dvar": 0.0072118123062,
        "dvar2": 0.0172741450369,
        "max": 0.827683210373,
        "mean": 0.560709416866,
        "median": 0.573050796986,
        "min": 0.14187169075,
        "var": 0.0174539759755
    },
    "silence_rate_20dB": {
        "dmean": 0,
        "dmean2": 0,
        "dvar": 0,
        "dvar2": 0,
        "max": 1,
        "mean": 1,
        "median": 1,
        "min": 1,
        "var": 0
    },
    "silence_rate_30dB": {
        "dmean": 0.00350877200253,
        "dmean2": 0.00702987704426,
        "dvar": 0.00349645945244,
        "dvar2": 0.0104954019189,
        "max": 1,
        "mean": 0.998248696327,
        "median": 1,
        "min": 0,
        "var": 0.00174824532587
    },
    "silence_rate_60dB": {
        "dmean": 0.0280701760203,
        "dmean2": 0.0562390163541,
        "dvar": 0.0272821355611,
        "dvar2": 0.0776804164052,
        "max": 1,
        "mean": 0.0227670744061,
        "median": 0,
        "min": 0,
        "var": 0.0222489852458
    },
    "spectral_centroid": {
        "dmean": 138.434509277,
        "dmean2": 208.455169678,
        "dvar": 20415.9550781,
        "dvar2": 43514.75,
        "max": 1519.47753906,
        "mean": 450.923339844,
        "median": 417.469238281,
        "min": 153.364883423,
        "var": 36594.828125
    },
    "spectral_complexity": {
        "dmean": 3.50701761246,
        "dmean2": 5.1282954216,
        "dvar": 11.7341413498,
        "dvar2": 24.2032413483,
        "max": 34,
        "mean": 11.0157613754,
        "median": 10,
        "min": 1,
        "var": 27.6057300568
    },
    "spectral_decrease": {
        "dmean": 4.61024374232e-09,
        "dmean2": 7.1035795024e-09,
        "dvar": 2.15373413137e-17,
        "dvar2": 4.98184578597e-17,
        "max": -6.85025647318e-11,
        "mean": -8.50617709602e-09,
        "median": -7.14317049955e-09,
        "min": -3.18595745341e-08,
        "var": 4.37214022088e-17
    },
    "spectral_energy": {
        "dmean": 0.0178228393197,
        "dmean2": 0.0274236425757,
        "dvar": 0.000322330190102,
        "dvar2": 0.000744537916034,
        "max": 0.125210568309,
        "mean": 0.0328907035291,
        "median": 0.0273944251239,
        "min": 0.00027015118394,
        "var": 0.00065555825131
    },
    "spectral_energyband_high": {
        "dmean": 6.33348972769e-05,
        "dmean2": 0.000103131234937,
        "dvar": 1.52043799773e-08,
        "dvar2": 3.85901941513e-08,
        "max": 0.00140400556847,
        "mean": 6.3759056502e-05,
        "median": 2.39541022893e-05,
        "min": 5.59632042041e-07,
        "var": 1.45618876957e-08
    },
    "spectral_energyband_low": {
        "dmean": 0.0119463223964,
        "dmean2": 0.0193670820445,
        "dvar": 0.000155057015945,
        "dvar2": 0.000404491991503,
        "max": 0.085540600121,
        "mean": 0.018429517746,
        "median": 0.013453906402,
        "min": 6.88049913151e-05,
        "var": 0.000278607272776
    },
    "spectral_energyband_middle_high": {
        "dmean": 0.000731048639864,
        "dmean2": 0.00112961314153,
        "dvar": 1.08626863948e-06,
        "dvar2": 2.57300666817e-06,
        "max": 0.0103423846886,
        "mean": 0.00103752035648,
        "median": 0.000555153994355,
        "min": 1.37505267048e-05,
        "var": 1.55562190685e-06
    },
    "spectral_energyband_middle_low": {
        "dmean": 0.010309449397,
        "dmean2": 0.0159904100001,
        "dvar": 0.000172312997165,
        "dvar2": 0.000389654131141,
        "max": 0.112358286977,
        "mean": 0.0171177387238,
        "median": 0.00851436611265,
        "min": 0.000185664510354,
        "var": 0.000335096003255
    },
    "spectral_entropy": {
        "dmean": 0.383125305176,
        "dmean2": 0.520590186119,
        "dvar": 0.0801507756114,
        "dvar2": 0.151428446174,
        "max": 7.87891054153,
        "mean": 6.85133552551,
        "median": 6.86524152756,
        "min": 5.34955883026,
        "var": 0.208345904946
    },
    "spectral_flux": {
        "dmean": 0.0382869169116,
        "dmean2": 0.0593078546226,
        "dvar": 0.00128308753483,
        "dvar2": 0.00276757776737,
        "max": 0.26253080368,
        "mean": 0.0998231619596,
        "median": 0.0924436077476,
        "min": 0.0138295451179,
        "var": 0.00238616624847
    },
    "spectral_kurtosis": {
        "dmean": 8.92230892181,
        "dmean2": 13.9135084152,
        "dvar": 96.888633728,
        "dvar2": 230.596710205,
        "max": 87.8711166382,
        "mean": 12.2136573792,
        "median": 8.40901279449,
        "min": 0.958702802658,
        "var": 126.351669312
    },
    "spectral_rms": {
        "dmean": 0.00156576628797,
        "dmean2": 0.00231261528097,
        "dvar": 2.00735803446e-06,
        "dvar2": 4.3846484914e-06,
        "max": 0.0110524501652,
        "mean": 0.00518220569938,
        "median": 0.00516974553466,
        "min": 0.000513383012731,
        "var": 5.23326070834e-06
    },
    "spectral_rolloff": {
        "dmean": 114.76815033,
        "dmean2": 189.333145142,
        "dvar": 16235.2841797,
        "dvar2": 38135.3515625,
        "max": 1571.92382812,
        "mean": 382.091949463,
        "median": 387.59765625,
        "min": 86.1328125,
        "var": 38928.375
    },
    "spectral_skewness": {
        "dmean": 0.784008800983,
        "dmean2": 1.13769173622,
        "dvar": 0.492066890001,
        "dvar2": 1.11909615993,
        "max": 7.26858377457,
        "mean": 2.43717050552,
        "median": 2.23967194557,
        "min": 0.906964242458,
        "var": 0.867056906223
    },
    "spectral_spread": {
        "dmean": 712290.125,
        "dmean2": 1007678.0625,
        "dvar": 449666056192,
        "dvar2": 589219561472,
        "max": 16176317,
        "mean": 2819258.75,
        "median": 2825397,
        "min": 1012012.375,
        "var": 923231256576
    },
    "spectral_strongpeak": {
        "dmean": 0.359098315239,
        "dmean2": 0.614972174168,
        "dvar": 0.207805365324,
        "dvar2": 0.528822124004,
        "max": 3.87281417847,
        "mean": 0.539330661297,
        "median": 0.402403205633,
        "min": 0.0226587951183,
        "var": 0.26055470109
    },
    "zerocrossingrate": {
        "dmean": 0.00448961742222,
        "dmean2": 0.00561909610406,
        "dvar": 1.49498428073e-05,
        "dvar2": 2.23200695473e-05,
        "max": 0.0458984375,
        "mean": 0.0189292356372,
        "median": 0.01806640625,
        "min": 0.00244140625,
        "var": 6.46310654702e-05
    },
    "barkbands": {
        "dmean": [0.000109726737719, 0.00434583891183, 0.00670494418591, 0.00418763794005, 0.00349259376526, 0.0018616868183, 0.00227668369189, 0.00115293392446, 0.000570206728298, 0.000234561375692, 0.000130323242047, 0.000130476910272, 0.000105025646917, 7.74820364313e-05, 0.000110286615381, 4.72423489555e-05, 3.66184758605e-05, 4.14314854424e-05, 2.34291619563e-05, 3.28533024003e-05, 2.15892523556e-05, 1.2292671272e-05, 1.04713572e-05, 5.55053065909e-06, 7.469858474e-07, 2.35163469142e-07, 7.53806119747e-08],
        "dmean2": [0.000176550223841, 0.00752383749932, 0.0108624212444, 0.00687092635781, 0.00568817323074, 0.00289157475345, 0.00376658071764, 0.00175324105658, 0.000926075386815, 0.000381448830012, 0.000219199355342, 0.000219102323172, 0.000165024277521, 0.000121009579743, 0.000178855043487, 7.68637837609e-05, 6.01740102866e-05, 6.94268965162e-05, 3.87087166018e-05, 5.41078807146e-05, 3.62719401892e-05, 2.07919310924e-05, 1.72889158421e-05, 9.42942733673e-06, 1.22429855764e-06, 3.74206933884e-07, 8.83515767214e-08],
        "dvar": [5.06057382665e-08, 4.74529733765e-05, 5.98113474553e-05, 3.82803373213e-05, 2.45561805059e-05, 9.04528951651e-06, 2.02117644221e-05, 4.94271580465e-06, 8.99807332644e-07, 1.89459328226e-07, 4.44772680908e-08, 6.70267823466e-08, 1.91308053843e-08, 1.34956694708e-08, 2.62074930646e-08, 5.15552756042e-09, 3.65795371771e-09, 4.825462252e-09, 1.84792392499e-09, 6.35703933938e-09, 2.13592010745e-09, 5.45721579037e-10, 4.11607248285e-10, 1.45891146386e-10, 3.57360256838e-12, 1.99080292182e-12, 1.81055712957e-12],
        "dvar2": [1.21381376061e-07, 0.000142695542309, 0.000151979227667, 9.49162349571e-05, 6.3340557972e-05, 2.11768910958e-05, 5.38904096175e-05, 8.64172943693e-06, 2.00292447516e-06, 4.3485638912e-07, 1.1311635717e-07, 1.8060666207e-07, 4.72266989959e-08, 2.89902022388e-08, 6.74503013443e-08, 1.25063710499e-08, 8.53046344673e-09, 1.2116751158e-08, 4.62737137497e-09, 1.67798503981e-08, 5.67551117214e-09, 1.40636913226e-09, 1.05936082129e-09, 3.6182190577e-10, 6.68821855537e-12, 2.77667602452e-12, 1.82059510696e-12],
        "max": [0.00254983315244, 0.0523792207241, 0.0662576109171, 0.0794128254056, 0.0406247973442, 0.0303459279239, 0.0372706986964, 0.0256874226034, 0.00767857208848, 0.00543243484572, 0.00190191355068, 0.00265170633793, 0.0012188287219, 0.00136304250918, 0.00120920629706, 0.000525161449332, 0.00059405103093, 0.000555490958504, 0.000422306911787, 0.000967278261669, 0.000613598444033, 0.000229189798119, 0.000194528969587, 0.000127884020912, 3.22623018292e-05, 3.01106501865e-05, 3.2159681723e-05],
        "mean": [0.000127899431391, 0.00534597830847, 0.00926051195711, 0.00508646527305, 0.00468418747187, 0.00264082103968, 0.00238853413612, 0.00155664572958, 0.000631715287454, 0.000270539021585, 0.000154114546604, 0.000150405379827, 0.000125743958051, 9.64794453466e-05, 0.000127178442199, 5.77011924179e-05, 3.81341778848e-05, 4.57556234323e-05, 2.32877173403e-05, 3.32399686158e-05, 2.00868289539e-05, 1.01515652204e-05, 9.34695708565e-06, 4.86918179377e-06, 6.45836394142e-07, 2.28829321713e-07, 9.08265036514e-08],
        "median": [3.9830491005e-05, 0.00182782136835, 0.00574306538329, 0.00245008431375, 0.00222197757103, 0.00100794015452, 0.000653006485663, 0.000401441124268, 0.000212906103116, 9.19855447137e-05, 6.94866612321e-05, 6.901803863e-05, 7.00138116372e-05, 4.69742153655e-05, 6.6263746703e-05, 2.90997231787e-05, 1.69407758221e-05, 1.9007769879e-05, 8.84377641341e-06, 9.93515459413e-06, 7.82074857852e-06, 3.483478622e-06, 3.07334312311e-06, 1.00987710994e-06, 1.38606750966e-07, 5.58474013701e-08, 1.78248438232e-08],
        "min": [1.07538468797e-07, 4.41019710706e-06, 1.71559458977e-05, 8.95454832062e-06, 4.55667832284e-05, 2.33697883232e-05, 1.64843440871e-05, 1.58350794663e-05, 7.89007754065e-06, 1.74220997451e-06, 1.21635287087e-06, 1.19438436741e-06, 7.57532802709e-07, 5.69750397972e-07, 2.28249496104e-06, 4.39740887259e-07, 3.58073037887e-07, 3.6878947185e-07, 1.82064326282e-07, 2.20299966713e-07, 1.67123417327e-07, 7.28689215634e-08, 4.91757496945e-08, 1.83518515939e-08, 5.24744248054e-09, 7.08890723899e-09, 4.79570294587e-09],
        "var": [6.55310046227e-08, 7.12361870683e-05, 9.74849972408e-05, 4.7831734264e-05, 3.80370511266e-05, 1.62983888004e-05, 1.92253864952e-05, 1.08320828076e-05, 1.11521865165e-06, 2.532233907e-07, 5.21205514303e-08, 6.30651086908e-08, 2.33652954762e-08, 1.87203408331e-08, 2.71982525391e-08, 6.06895733668e-09, 4.27426893879e-09, 5.50291101575e-09, 1.77547099245e-09, 5.95006977022e-09, 1.65287628029e-09, 4.4255438203e-10, 3.7933745034e-10, 1.33642291678e-10, 3.36203612693e-12, 1.89359357188e-12, 1.80760506389e-12]
    },
    "erbbands": {
        "dmean": [0.0971836745739, 1.1155333519, 5.22266197205, 14.2774391174, 9.58822441101, 12.7653656006, 11.4259719849, 18.043258667, 27.0161552429, 29.6731433868, 28.6716976166, 15.1352157593, 9.26165294647, 5.36866950989, 5.60816144943, 5.18984031677, 5.0211930275, 4.03268957138, 4.85061502457, 4.41668081284, 2.47904777527, 2.06275081635, 2.30238008499, 1.49753642082, 1.2853167057, 1.57759988308, 1.30119526386, 0.477718353271, 0.480019599199, 0.327140033245, 0.292652875185, 0.199755325913, 0.0548450388014, 0.0128499399871, 0.00371275958605, 0.00172939267941, 0.000258601969108, 6.05562418059e-05, 1.83101656148e-05, 2.04023126571e-05],
        "dmean2": [0.166956841946, 1.94062960148, 8.49071025848, 23.2868785858, 15.9013843536, 21.3440494537, 17.7093524933, 29.8053016663, 44.3022537231, 49.817325592, 43.8888931274, 23.9923591614, 14.6923980713, 8.91827869415, 9.28405284882, 8.45874214172, 7.77385377884, 6.27869272232, 7.91709184647, 7.25746393204, 3.98680996895, 3.35637927055, 3.80797457695, 2.47920274734, 2.13122367859, 2.60783958435, 2.15363430977, 0.781202554703, 0.8136023283, 0.544474601746, 0.493472993374, 0.329002469778, 0.0941414684057, 0.0214880984277, 0.00607888121158, 0.00289051374421, 0.000372682552552, 7.82245551818e-05, 2.39906821662e-05, 3.10539217026e-05],
        "dvar": [0.0321934483945, 2.96320128441, 36.8772468567, 308.673614502, 180.843673706, 342.602844238, 271.819915771, 1039.54724121, 2221.42773438, 3674.02075195, 3381.74536133, 592.593505859, 244.134078979, 85.6762161255, 127.029167175, 96.6853408813, 43.5333213806, 34.5602493286, 49.5323143005, 51.0698127747, 14.1543769836, 11.9806098938, 14.8774194717, 7.07848262787, 5.6877040863, 14.7356805801, 8.38178920746, 0.873005568981, 0.920978307724, 0.314735203981, 0.364420443773, 0.206046327949, 0.0138722779229, 0.000752467720304, 0.000140013042255, 5.6913417211e-05, 5.6478170336e-06, 6.94510504218e-07, 3.60563845447e-08, 6.90914547796e-10],
        "dvar2": [0.0891584679484, 8.96025562286, 94.2752609253, 774.964782715, 463.079071045, 857.928161621, 590.888366699, 2497.25878906, 5518.46728516, 9391.7578125, 5770.40332031, 1273.74853516, 557.415588379, 220.708129883, 347.674804688, 253.559967041, 105.77999115, 74.1056671143, 124.721290588, 132.551696777, 33.9012489319, 27.8276500702, 37.0610160828, 18.5263767242, 14.3164396286, 38.5555992126, 22.5337848663, 2.24385237694, 2.37527799606, 0.79713010788, 0.975615739822, 0.518781960011, 0.0366099327803, 0.00164924294222, 0.000247029151069, 0.000114906091767, 6.28014868198e-06, 7.10930180503e-07, 3.68628825242e-08, 1.28397392718e-09],
        "max": [1.35593867302, 13.1150417328, 54.41954422, 172.581634521, 120.867095947, 160.349060059, 166.506668091, 322.805297852, 383.738983154, 559.681945801, 692.57019043, 178.173934937, 154.803573608, 125.719093323, 142.226394653, 121.042404175, 59.4756355286, 70.7952575684, 71.7272262573, 61.2171592712, 30.9213695526, 33.5196647644, 35.3837966919, 24.8167247772, 24.2682304382, 48.5777397156, 36.279838562, 11.4398527145, 9.88470840454, 5.63209676743, 6.71503782272, 5.95225429535, 1.33424246311, 0.377154529095, 0.213571205735, 0.120333872736, 0.0557163059711, 0.0198716931045, 0.00456338562071, 0.000496870547067],
        "mean": [0.109507508576, 1.42693078518, 7.7806854248, 18.5573387146, 12.6080589294, 16.6943817139, 17.1883583069, 22.780878067, 32.1404876709, 31.356590271, 39.2988815308, 18.097492218, 10.6709308624, 6.12512302399, 6.65010499954, 6.38263654709, 6.29593753815, 5.14604663849, 5.91760396957, 5.06414985657, 3.05115270615, 2.22817659378, 2.51526045799, 1.57132470608, 1.25814723969, 1.62586116791, 1.24324643612, 0.444988250732, 0.396176099777, 0.283787310123, 0.255557447672, 0.17829541862, 0.0447716712952, 0.0107085471973, 0.00330327218398, 0.00149408169091, 0.000299132399959, 7.83245486673e-05, 2.79899886664e-05, 3.75047238776e-05],
        "median": [0.0359050482512, 0.556953728199, 5.42022323608, 10.2489385605, 6.72392463684, 7.22149181366, 7.32157993317, 7.18335723877, 9.02419281006, 10.1802453995, 9.2782497406, 6.28442668915, 3.85455060005, 2.65106511116, 2.89488744736, 3.08542156219, 3.4214990139, 2.5964641571, 3.19576859474, 2.57715415955, 1.56741034985, 1.04373168945, 1.03003525734, 0.650661051273, 0.467885077, 0.448063284159, 0.474759101868, 0.165696308017, 0.129646673799, 0.0946325212717, 0.0816744938493, 0.037618637085, 0.0107497870922, 0.0023937060032, 0.000752480060328, 0.000285283575067, 0.000102386024082, 2.5944211302e-05, 1.57299746206e-05, 3.02478492813e-05],
        "min": [0.000142122604302, 0.00329202017747, 0.0206493884325, 0.0389608256519, 0.146187439561, 0.0844688117504, 0.18667460978, 0.146082699299, 0.116908229887, 0.390181869268, 0.371036529541, 0.245472058654, 0.0895173549652, 0.0558712296188, 0.0453196913004, 0.0449622422457, 0.0361708141863, 0.0358708612621, 0.0429731793702, 0.133149623871, 0.0245817229152, 0.0187391862273, 0.0192590281367, 0.0199815146625, 0.011010684073, 0.0101047717035, 0.0107859754935, 0.00387403951026, 0.00325736682862, 0.00231662578881, 0.00132679683156, 0.00063655996928, 0.000179417504114, 7.34047061997e-05, 3.53224641003e-05, 2.53122198046e-05, 1.75976310857e-05, 4.25531425208e-06, 2.06644767786e-06, 1.1057248912e-06],
        "var": [0.0386322624981, 4.47001075745, 60.5849113464, 440.10043335, 245.466918945, 532.539489746, 577.040649414, 1547.99707031, 2955.63452148, 3501.88867188, 7610.31787109, 801.720153809, 320.198730469, 91.9885101318, 125.13734436, 105.507202148, 55.6737174988, 48.8417396545, 56.427482605, 47.3795394897, 16.913772583, 14.1284980774, 17.0337162018, 6.93389558792, 5.26250171661, 14.5577507019, 6.43519544601, 0.782098591328, 0.737628102303, 0.289007425308, 0.293875098228, 0.196297138929, 0.0106436088681, 0.00066251802491, 0.000131444307044, 4.87950419483e-05, 5.57895054953e-06, 6.91850232215e-07, 3.6379166346e-08, 1.16978893239e-09]
    },
    "gfcc": {
        "mean": [-76.9878463745, 172.349349976, -106.183876038, 33.4278831482, -49.1045684814, -0.703414797783, -26.8098869324, -11.5977249146, -6.76364898682, -9.01797771454, -8.9212141037, -15.7670698166, -11.543387413],
        "cov": [[3344.7890625, -302.995483398, -520.344604492, 214.063858032, -639.055541992, 28.5341014862, -183.118301392, 61.3232879639, -135.212982178, -181.716430664, 106.358192444, -122.890594482, 85.2696914673], [-302.995483398, 556.540710449, 121.205345154, -244.396133423, 250.516174316, -100.994926453, 63.4434127808, -79.0473251343, 87.2096862793, 36.4518814087, 4.69828653336, -41.8535270691, -15.8624792099], [-520.344604492, 121.205345154, 274.629150391, -6.06228923798, 188.748260498, 21.9164237976, 58.2810516357, -11.760427475, 37.5228996277, 33.9695854187, -12.9455375671, 20.832950592, -12.526386261], [214.063858032, -244.396133423, -6.06228923798, 385.40612793, -14.662774086, 151.844055176, 42.7879371643, 27.3411064148, 25.1992397308, -42.383228302, 48.3771858215, 20.9366950989, 48.496181488], [-639.055541992, 250.516174316, 188.748260498, -14.662774086, 421.933807373, 62.9925422668, 105.115142822, -27.2694320679, 87.1625671387, 64.7906951904, -21.767780304, 35.3887672424, -12.9527673721], [28.5341014862, -100.994926453, 21.9164237976, 151.844055176, 62.9925422668, 154.828308105, 47.02526474, 26.2255897522, 22.2607555389, -2.97812151909, 15.5331230164, 21.321472168, 25.8883705139], [-183.118301392, 63.4434127808, 58.2810516357, 42.7879371643, 105.115142822, 47.02526474, 86.9095458984, 9.48659992218, 43.8205604553, 9.93377685547, 7.74315786362, 9.80143356323, -1.98073768616], [61.3232879639, -79.0473251343, -11.760427475, 27.3411064148, -27.2694320679, 26.2255897522, 9.48659992218, 67.0640792847, 5.33495044708, 8.77585315704, 3.63967967033, 12.4007425308, 5.87909078598], [-135.212982178, 87.2096862793, 37.5228996277, 25.1992397308, 87.1625671387, 22.2607555389, 43.8205604553, 5.33495044708, 78.3950424194, 23.582616806, 10.816450119, 4.19892835617, 2.3745675087], [-181.716430664, 36.4518814087, 33.9695854187, -42.383228302, 64.7906951904, -2.97812151909, 9.93377685547, 8.77585315704, 23.582616806, 60.4764404297, -2.37397003174, 18.1152591705, -6.0017619133], [106.358192444, 4.69828653336, -12.9455375671, 48.3771858215, -21.767780304, 15.5331230164, 7.74315786362, 3.63967967033, 10.816450119, -2.37397003174, 52.2127456665, -0.568384170532, 11.6772584915], [-122.890594482, -41.8535270691, 20.832950592, 20.9366950989, 35.3887672424, 21.321472168, 9.80143356323, 12.4007425308, 4.19892835617, 18.1152591705, -0.568384170532, 54.5301208496, 10.2654333115], [85.2696914673, -15.8624792099, -12.526386261, 48.496181488, -12.9527673721, 25.8883705139, -1.98073768616, 5.87909078598, 2.3745675087, -6.0017619133, 11.6772584915, 10.2654333115, 49.7480163574]],
        "icov": [[0.000692000903655, -0.00115681008901, 0.000809742545243, -0.000851301359944, 0.000809557444882, -0.000887797446921, 0.00125458650291, -0.00121062365361, 0.000983488513157, 0.000329994218191, -6.5385371272e-05, 0.000320674938848, 0.000286650349153], [-0.00115681008901, 0.0154447918758, -0.00247120554559, 0.0107658719644, -0.00794638227671, 0.0073056477122, -0.00793046224862, 0.00948538072407, -0.0113808205351, 0.00551644153893, -0.00970867741853, 0.00840749312192, -0.00976442731917], [0.000809742545243, -0.00247120554559, 0.00648647965863, -0.00210596737452, -0.000534823338967, -0.000893008080311, 0.000331705174176, -0.00170085264836, 0.00262343231589, -0.00101544114295, 0.00126771244686, -0.000887178466655, 0.00168780726381], [-0.000851301359944, 0.0107658719644, -0.00210596737452, 0.0131771098822, -0.00475977780297, 0.000391958164982, -0.00566972279921, 0.00665766978636, -0.00981522165239, 0.00787172652781, -0.00943018682301, 0.00410847086459, -0.00815574545413], [0.000809557444882, -0.00794638227671, -0.000534823338967, -0.00475977780297, 0.0105376653373, -0.00616349279881, 0.000196486944333, -0.000862344517373, 0.00290153431706, -0.0059385583736, 0.00750647252426, -0.00566130736843, 0.00519607355818], [-0.000887797446921, 0.0073056477122, -0.000893008080311, 0.000391958164982, -0.00616349279881, 0.0174232088029, -0.00767020741478, 0.00116862461437, -0.00318581331521, 0.00169846520294, -0.00373122585006, 0.00311019876972, -0.00727990781888], [0.00125458650291, -0.00793046224862, 0.000331705174176, -0.00566972279921, 0.000196486944333, -0.00767020741478, 0.028545929119, -0.00942843034863, -0.00183876382653, 0.00318900519051, 0.000917610595934, -0.00378854502924, 0.00826381891966], [-0.00121062365361, 0.00948538072407, -0.00170085264836, 0.00665766978636, -0.000862344517373, 0.00116862461437, -0.00942843034863, 0.0262047536671, -0.00848914682865, -0.00267566344701, -0.00323665863834, 0.0010267701, -0.00549349421635], [0.000983488513157, -0.0113808205351, 0.00262343231589, -0.00981522165239, 0.00290153431706, -0.00318581331521, -0.00183876382653, -0.00848914682865, 0.0311157144606, -0.011274931021, 0.00371880666353, -0.00165936374106, 0.00488161575049], [0.000329994218191, 0.00551644153893, -0.00101544114295, 0.00787172652781, -0.0059385583736, 0.00169846520294, 0.00318900519051, -0.00267566344701, -0.011274931021, 0.0316661223769, -0.00786146242172, -0.00383988744579, -0.00172675633803], [-6.5385371272e-05, -0.00970867741853, 0.00126771244686, -0.00943018682301, 0.00750647252426, -0.00373122585006, 0.000917610595934, -0.00323665863834, 0.00371880666353, -0.00786146242172, 0.0315959192812, -0.00528820930049, 0.00339248892851], [0.000320674938848, 0.00840749312192, -0.000887178466655, 0.00410847086459, -0.00566130736843, 0.00311019876972, -0.00378854502924, 0.0010267701, -0.00165936374106, -0.00383988744579, -0.00528820930049, 0.0305843334645, -0.0109158540145], [0.000286650349153, -0.00976442731917, 0.00168780726381, -0.00815574545413, 0.00519607355818, -0.00727990781888, 0.00826381891966, -0.00549349421635, 0.00488161575049, -0.00172675633803, 0.00339248892851, -0.0109158540145, 0.032006368041]]
    },
    "melbands": {
        "dmean": [0.00106624921318, 0.00229154899716, 0.00212978944182, 0.000826550181955, 0.000414962007198, 0.000388710002881, 0.000450699473731, 0.000288660812657, 0.000220039612032, 8.80116494955e-05, 4.52577332908e-05, 2.213953303e-05, 1.84288910532e-05, 1.55627476488e-05, 1.28941237563e-05, 9.13155781745e-06, 7.32606349629e-06, 7.43750024412e-06, 7.47245121602e-06, 4.39654968432e-06, 2.7779553875e-06, 2.21411391976e-06, 2.0962538656e-06, 2.0116642645e-06, 1.15675084089e-06, 8.25207962407e-07, 1.12113241357e-06, 1.05728315702e-06, 8.77632828633e-07, 5.56013901587e-07, 1.95596030039e-07, 2.65998494342e-07, 2.52808348478e-07, 1.61444773994e-07, 1.60424136197e-07, 1.87808069541e-07, 9.62978603525e-08, 4.24448813874e-08, 1.85972304223e-08, 8.1414084363e-09],
        "dmean2": [0.00184562942013, 0.0037149512209, 0.00343762501143, 0.00137240160257, 0.00066028063884, 0.000630907423329, 0.000742639647797, 0.000481635972392, 0.000341053993907, 0.000141213851748, 7.25964564481e-05, 3.68991786672e-05, 3.06300062221e-05, 2.6284271371e-05, 2.03113922908e-05, 1.41971258927e-05, 1.14555896289e-05, 1.22586152429e-05, 1.20678378153e-05, 7.41105077395e-06, 4.47807860837e-06, 3.67949110114e-06, 3.47669924849e-06, 3.3562880617e-06, 1.9387264274e-06, 1.35984396366e-06, 1.89283105101e-06, 1.76279172592e-06, 1.46472518736e-06, 9.40631821322e-07, 3.20068153314e-07, 4.52398012385e-07, 4.32521886751e-07, 2.72194370154e-07, 2.71821988918e-07, 3.14545388846e-07, 1.59891484941e-07, 7.32787626134e-08, 3.18307442626e-08, 1.36654056959e-08],
        "dvar": [3.16409068546e-06, 6.5631365942e-06, 6.92495359544e-06, 1.44888565501e-06, 3.48599968447e-07, 4.60258604562e-07, 6.57767373013e-07, 3.00410619047e-07, 2.01835135272e-07, 2.16626432348e-08, 6.06912076151e-09, 1.60601376642e-09, 1.01613262249e-09, 1.05446384957e-09, 3.19114012992e-10, 1.41159653411e-10, 1.19843204804e-10, 1.23233881433e-10, 1.23670754193e-10, 5.84487666599e-11, 1.85703119548e-11, 1.55997697399e-11, 1.25613651425e-11, 1.11791227317e-11, 4.64714291354e-12, 2.21118371009e-12, 5.96739064412e-12, 7.64048286445e-12, 4.07158161353e-12, 1.358453172e-12, 2.0589473594e-13, 2.99640602044e-13, 2.29207088422e-13, 9.06028792031e-14, 1.07395429355e-13, 1.9161928988e-13, 4.89985351284e-14, 9.0842894459e-15, 1.85729613147e-15, 3.74569377751e-16],
        "dvar2": [9.44938074099e-06, 1.72840882442e-05, 1.72570780705e-05, 3.75411059395e-06, 7.99877739155e-07, 1.08807637389e-06, 1.68397139078e-06, 7.3961336966e-07, 3.44840060507e-07, 4.85028266439e-08, 1.38997293675e-08, 4.16853440655e-09, 2.69786992746e-09, 2.8565403376e-09, 7.72357788836e-10, 3.4066896526e-10, 2.61560745285e-10, 3.14230669263e-10, 3.1667909961e-10, 1.50697093693e-10, 4.46309308955e-11, 3.6436059031e-11, 3.01710254003e-11, 2.87022142165e-11, 1.2285693296e-11, 5.48019919375e-12, 1.55694866721e-11, 2.03415305433e-11, 1.10083097152e-11, 3.63067366969e-12, 5.46417457722e-13, 7.69762292102e-13, 5.97069377446e-13, 2.22325453945e-13, 2.9164116868e-13, 4.98691149139e-13, 1.21996976323e-13, 2.46017975143e-14, 4.75435400481e-15, 8.00388642794e-16],
        "max": [0.0138018727303, 0.0208035819232, 0.0282811075449, 0.0109106423333, 0.00593058485538, 0.00669056735933, 0.00620836485177, 0.004945341032, 0.00510195503011, 0.00105138903018, 0.00075533951167, 0.000573433702812, 0.000360900798114, 0.00031962239882, 0.000171057399712, 9.21241298784e-05, 0.000126973973238, 0.000120295575471, 9.52351547312e-05, 6.62624079268e-05, 3.7922829506e-05, 4.1467264964e-05, 3.4774922824e-05, 2.46497438638e-05, 2.05468058994e-05, 1.2629302546e-05, 2.53320285992e-05, 3.54677649739e-05, 2.24625073315e-05, 1.54009667312e-05, 5.95252004132e-06, 6.05638024354e-06, 3.82636198992e-06, 3.306926601e-06, 3.83242058888e-06, 5.37919868293e-06, 2.66316942543e-06, 1.11166082206e-06, 4.8400426067e-07, 2.88836446316e-07],
        "mean": [0.00124684686307, 0.00352631392889, 0.00293859513476, 0.00107343588024, 0.000615516270045, 0.000513278529979, 0.000517333333846, 0.000319307990139, 0.000300137384329, 9.73812566372e-05, 5.08824632561e-05, 2.4551534807e-05, 2.21841000894e-05, 1.75425630005e-05, 1.5979845557e-05, 1.17775371109e-05, 9.05546039576e-06, 8.8807037173e-06, 8.64571029524e-06, 4.96929897054e-06, 3.28369674207e-06, 2.31286435337e-06, 2.18924401452e-06, 2.19810249291e-06, 1.18016157558e-06, 7.92772141267e-07, 1.05749484192e-06, 1.0905758927e-06, 8.21941171125e-07, 4.98908946156e-07, 1.78445688448e-07, 2.2148503831e-07, 1.98694110054e-07, 1.44799074064e-07, 1.36249639127e-07, 1.64456068319e-07, 8.54192805377e-08, 3.32190595032e-08, 1.46273997359e-08, 6.85465906258e-09],
        "median": [0.000429519248428, 0.00252451375127, 0.0017789156409, 0.000517806678545, 0.000273359270068, 0.000172637024662, 0.000145916797919, 0.000107776089862, 6.66130217724e-05, 3.42072198691e-05, 1.72695472429e-05, 1.0100396139e-05, 1.02588210211e-05, 7.59581962484e-06, 8.66996469995e-06, 6.64498611513e-06, 4.43521730631e-06, 4.77718322145e-06, 4.44094030172e-06, 2.42186411015e-06, 1.59591968441e-06, 9.90895159703e-07, 9.57972702054e-07, 8.57681698108e-07, 4.66602898541e-07, 2.87473795879e-07, 3.33476606329e-07, 2.63763183739e-07, 3.14639976295e-07, 1.84562438221e-07, 5.89329189893e-08, 7.09626064577e-08, 6.65138273348e-08, 4.34793250292e-08, 4.74249759463e-08, 3.75678510522e-08, 1.65505689154e-08, 7.58835216885e-09, 2.94511881549e-09, 1.49237810998e-09],
        "min": [1.36922437832e-06, 1.20296663226e-05, 9.57416523306e-06, 8.41463952383e-06, 7.37238133297e-06, 3.82298912882e-06, 1.96524456442e-06, 4.7640342018e-06, 2.39071209762e-06, 1.09855864139e-06, 3.49146006329e-07, 2.04086020972e-07, 1.73475243059e-07, 1.4245351565e-07, 8.70637109074e-08, 7.99569761512e-08, 6.20433695531e-08, 3.43342598796e-08, 2.15177237806e-07, 7.44345598491e-08, 1.19102709917e-08, 1.89545481533e-08, 1.26953860757e-08, 2.0112386423e-08, 1.28653177001e-08, 7.68546204455e-09, 4.86042228687e-09, 5.71124836313e-09, 7.69072716622e-09, 3.71763708706e-09, 1.47530998529e-09, 1.31878841181e-09, 1.40741251986e-09, 9.98040095013e-10, 8.52789505679e-10, 5.08426412082e-10, 2.37934727476e-10, 9.61593096815e-11, 6.76212003059e-11, 5.33226275634e-11],
        "var": [4.1283169594e-06, 1.18287716759e-05, 1.00725001175e-05, 2.13307316699e-06, 6.90222577759e-07, 7.36138815682e-07, 7.68003928897e-07, 3.09733962922e-07, 4.52640875892e-07, 2.65208548456e-08, 7.89109311228e-09, 1.70024316848e-09, 1.14167097998e-09, 9.51934975291e-10, 4.14448725339e-10, 1.85418499998e-10, 1.63805538578e-10, 1.35455729966e-10, 1.26862409466e-10, 5.36822634956e-11, 2.18200995467e-11, 1.74986414248e-11, 1.35919808394e-11, 1.27325754107e-11, 4.36204588075e-12, 2.06751824862e-12, 5.14441007154e-12, 7.48224225633e-12, 3.07157402811e-12, 1.03912072089e-12, 1.71281649346e-13, 2.41500043704e-13, 1.78730768792e-13, 8.70453340483e-14, 8.24662603829e-14, 1.70142559438e-13, 4.61937989759e-14, 6.48536154724e-15, 1.37747526025e-15, 3.24331536012e-16]
    },
    "mfcc": {
        "mean": [-719.655822754, 191.864730835, 7.49824428558, 34.6656646729, 2.96006512642, 12.6349687576, -8.24108409882, 0.434028625488, -5.55731582642, 8.50391101837, -4.16393089294, 3.61320638657, -3.6298418045],
        "cov": [[3994.33081055, -737.521118164, -108.016845703, -33.085105896, -424.996276855, -211.433700562, -127.880195618, 71.1425476074, -219.291290283, -13.3512773514, -220.579116821, 21.3577346802, -110.094657898], [-737.521118164, 880.474121094, -89.3045730591, -110.688545227, 131.934661865, -7.75820302963, 0.767178058624, -126.862304688, 48.7759666443, 11.0888442993, 94.1425247192, -19.2379837036, 33.2375221252], [-108.016845703, -89.3045730591, 172.022506714, 39.9532356262, 7.4916973114, 18.8961029053, 18.6194210052, 24.3297157288, 7.0321969986, -5.78826141357, 3.10497784615, 4.8511095047, 4.0237994194], [-33.085105896, -110.688545227, 39.9532356262, 147.088027954, 57.8773918152, 74.4956283569, 26.7382678986, 51.9766120911, 21.4298343658, 1.96100580692, 19.4969062805, 16.2270679474, 12.6648921967], [-424.996276855, 131.934661865, 7.4916973114, 57.8773918152, 202.120895386, 123.063064575, 59.2572898865, 23.9686965942, 79.4751663208, -6.5570063591, 72.2031021118, 7.74290037155, 32.582485199], [-211.433700562, -7.75820302963, 18.8961029053, 74.4956283569, 123.063064575, 167.962646484, 59.0899124146, 56.0483398438, 61.3687362671, -7.56888008118, 53.789188385, 18.7053260803, 24.0344696045], [-127.880195618, 0.767178058624, 18.6194210052, 26.7382678986, 59.2572898865, 59.0899124146, 72.2534790039, 36.1675453186, 27.4738101959, 2.60456347466, 21.551158905, 11.0748205185, 10.3898000717], [71.1425476074, -126.862304688, 24.3297157288, 51.9766120911, 23.9686965942, 56.0483398438, 36.1675453186, 93.3514480591, 26.8409881592, 3.17643046379, 11.4734516144, 20.5069236755, 6.31519460678], [-219.291290283, 48.7759666443, 7.0321969986, 21.4298343658, 79.4751663208, 61.3687362671, 27.4738101959, 26.8409881592, 88.1450958252, 2.31685352325, 39.6974258423, 9.6855840683, 18.0453681946], [-13.3512773514, 11.0888442993, -5.78826141357, 1.96100580692, -6.5570063591, -7.56888008118, 2.60456347466, 3.17643046379, 2.31685352325, 53.5143966675, 8.44556999207, 1.52738237381, 1.3625882864], [-220.579116821, 94.1425247192, 3.10497784615, 19.4969062805, 72.2031021118, 53.789188385, 21.551158905, 11.4734516144, 39.6974258423, 8.44556999207, 91.4046478271, 12.2604942322, 21.3224372864], [21.3577346802, -19.2379837036, 4.8511095047, 16.2270679474, 7.74290037155, 18.7053260803, 11.0748205185, 20.5069236755, 9.6855840683, 1.52738237381, 12.2604942322, 50.6018867493, 5.68680334091], [-110.094657898, 33.2375221252, 4.0237994194, 12.6648921967, 32.582485199, 24.0344696045, 10.3898000717, 6.31519460678, 18.0453681946, 1.3625882864, 21.3224372864, 5.68680334091, 41.9264602661]],
