{
"lowlevel": {
    "average_loudness": 0.962611317635,
    "barkbands_crest": {
        "dmean": 2.72444725037,
        "dmean2": 4.53015899658,
        "dvar": 4.49426269531,
        "dvar2": 12.9953517914,
        "max": 19.9992313385,
        "mean": 8.55651569366,
        "median": 8.21165370941,
        "min": 3.20178198814,
        "var": 8.50002002716
    },
    "barkbands_flatness_db": {
        "dmean": 0.0385787189007,
        "dmean2": 0.065932162106,
        "dvar": 0.000863103778102,
        "dvar2": 0.00253966497257,
        "max": 0.299733638763,
        "mean": 0.192356541753,
        "median": 0.186606511474,
        "min": 0.0969957634807,
        "var": 0.00157965754624
    },
    "barkbands_kurtosis": {
        "dmean": 1.0714622736,
        "dmean2": 1.83915245533,
        "dvar": 1.09966182709,
        "dvar2": 3.08510780334,
        "max": 7.79413700104,
        "mean": 0.573898613453,
        "median": 0.345571279526,
        "min": -1.48960483074,
        "var": 1.41021335125
    },
    "barkbands_skewness": {
        "dmean": 0.447167336941,
        "dmean2": 0.72240126133,
        "dvar": 0.148503229022,
        "dvar2": 0.404022961855,
        "max": 1.57031846046,
        "mean": -0.0583046711981,
        "median": -0.0445256754756,
        "min": -2.31249856949,
        "var": 0.262042045593
    },
    "barkbands_spread": {
        "dmean": 3.52580976486,
        "dmean2": 6.03172206879,
        "dvar": 12.3825092316,
        "dvar2": 34.44298172,
        "max": 31.3274898529,
        "mean": 9.76003932953,
        "median": 8.60210609436,
        "min": 2.35607814789,
        "var": 18.2106933594
    },
    "dissonance": {
        "dmean": 0.0321212783456,
        "dmean2": 0.056270878762,
        "dvar": 0.000906995788682,
        "dvar2": 0.00237546046264,
        "max": 0.497874975204,
        "mean": 0.460401505232,
        "median": 0.469946473837,
        "min": 0.265951991081,
        "var": 0.0010312552331
    },
    "dynamic_complexity": 1.62788820267,
    "erbbands_crest": {
        "dmean": 2.64715838432,
        "dmean2": 4.51066017151,
        "dvar": 4.97273540497,
        "dvar2": 12.6765985489,
        "max": 27.2377624512,
        "mean": 9.1187620163,
        "median": 8.59563159943,
        "min": 4.24476718903,
        "var": 10.1799087524
    },
    "erbbands_flatness_db": {
        "dmean": 0.0383305512369,
        "dmean2": 0.0645428672433,
        "dvar": 0.000839123735204,
        "dvar2": 0.00250824471004,
        "max": 0.403989911079,
        "mean": 0.293429285288,
        "median": 0.291265636683,
        "min": 0.187668561935,
        "var": 0.0018149476964
    },
    "erbbands_kurtosis": {
        "dmean": 1.05168163776,
        "dmean2": 1.78487026691,
        "dvar": 1.09691464901,
        "dvar2": 2.9808743,
        "max": 7.10692691803,
        "mean": 0.705827653408,
        "median": 0.448782444,
        "min": -1.12303566933,
        "var": 1.48233556747
    },
    "erbbands_skewness": {
        "dmean": 0.417412012815,
        "dmean2": 0.680421233177,
        "dvar": 0.107792772353,
        "dvar2": 0.294365644455,
        "max": 1.17615413666,
        "mean": -0.0578160881996,
        "median": -0.0345298312604,
        "min": -1.64451932907,
        "var": 0.22394926846
    },
    "erbbands_spread": {
        "dmean": 4.39368724823,
        "dmean2": 7.40661764145,
        "dvar": 17.6228427887,
        "dvar2": 47.7885398865,
        "max": 38.628993988,
        "mean": 12.7023506165,
        "median": 11.4586782455,
        "min": 2.88255667686,
        "var": 30.5038337708
    },
    "hfc": {
        "dmean": 26.7009983063,
        "dmean2": 46.2213973999,
        "dvar": 558.151184082,
        "dvar2": 1452.50146484,
        "max": 115.23134613,
        "mean": 30.8867340088,
        "median": 23.5801925659,
        "min": 1.02031028271,
        "var": 692.660827637
    },
    "melbands_crest": {
        "dmean": 2.71022510529,
        "dmean2": 4.49922227859,
        "dvar": 5.1915102005,
        "dvar2": 14.4786109924,
        "max": 20.6597900391,
        "mean": 9.22773742676,
        "median": 8.676030159,
        "min": 4.14733409882,
        "var": 9.12580966949
    },
    "melbands_flatness_db": {
        "dmean": 0.0426645390689,
        "dmean2": 0.072436645627,
        "dvar": 0.00105045945384,
        "dvar2": 0.00301092816517,
        "max": 0.299663841724,
        "mean": 0.182972609997,
        "median": 0.178680241108,
        "min": 0.0842380449176,
        "var": 0.00203999155201
    },
    "melbands_kurtosis": {
        "dmean": 1.02248620987,
        "dmean2": 1.69979822636,
        "dvar": 0.712760806084,
        "dvar2": 1.83318853378,
        "max": 6.51069355011,
        "mean": 0.640740573406,
        "median": 0.469209432602,
        "min": -1.40220916271,
        "var": 1.3052021265
    },
    "melbands_skewness": {
        "dmean": 0.474596887827,
        "dmean2": 0.770114481449,
        "dvar": 0.178201586008,
        "dvar2": 0.50567394495,
        "max": 2.30040168762,
        "mean": 0.137181609869,
        "median": 0.0814206302166,
        "min": -1.58509027958,
        "var": 0.305825978518
    },
    "melbands_spread": {
        "dmean": 7.48040676117,
        "dmean2": 12.6121368408,
        "dvar": 51.4797935486,
        "dvar2": 132.914794922,
        "max": 71.7706069946,
        "mean": 22.3794059753,
        "median": 21.0340595245,
        "min": 5.90138864517,
        "var": 83.579826355
    },
    "pitch_salience": {
        "dmean": 0.094851449132,
        "dmean2": 0.157651439309,
        "dvar": 0.00559135945514,
        "dvar2": 0.0142303565517,
        "max": 0.921632051468,
        "mean": 0.670377552509,
        "median": 0.67789888382,
        "min": 0.344564110041,
        "var": 0.00974919181317
    },
    "silence_rate_20dB": {
        "dmean": 0,
        "dmean2": 0,
        "dvar": 0,
        "dvar2": 0,
        "max": 1,
        "mean": 1,
        "median": 1,
        "min": 1,
        "var": 0
    },
    "silence_rate_30dB": {
        "dmean": 0,
        "dmean2": 0,
        "dvar": 0,
        "dvar2": 0,
        "max": 1,
        "mean": 1,
        "median": 1,
        "min": 1,
        "var": 0
    },
    "silence_rate_60dB": {
        "dmean": 0.102564103901,
        "dmean2": 0.205655530095,
        "dvar": 0.0920447409153,
        "dvar2": 0.219916760921,
        "max": 1,
        "mean": 0.10230179131,
        "median": 0,
        "min": 0,
        "var": 0.0918364524841
    },
    "spectral_centroid": {
        "dmean": 392.023681641,
        "dmean2": 633.832580566,
        "dvar": 99270.8125,
        "dvar2": 265815.90625,
        "max": 3423.9987793,
        "mean": 2005.64245605,
        "median": 2015.17346191,
        "min": 799.927001953,
        "var": 233170.828125
    },
    "spectral_complexity": {
        "dmean": 6.94871807098,
        "dmean2": 11.2442159653,
        "dvar": 29.8589744568,
        "dvar2": 77.4287948608,
        "max": 38,
        "mean": 17.6393871307,
        "median": 18,
        "min": 2,
        "var": 60.547744751
    },
    "spectral_decrease": {
        "dmean": 3.14012860159e-09,
        "dmean2": 5.35569011362e-09,
        "dvar": 6.56118793337e-18,
        "dvar2": 1.70566693716e-17,
        "max": -1.45472855984e-10,
        "mean": -4.08555411724e-09,
        "median": -3.38759664764e-09,
        "min": -1.28859349857e-08,
        "var": 1.00888249735e-17
    },
    "spectral_energy": {
        "dmean": 0.0142258629203,
        "dmean2": 0.024354159832,
        "dvar": 0.000136365488288,
        "dvar2": 0.000352675066097,
        "max": 0.0574655383825,
        "mean": 0.0182213336229,
        "median": 0.0147696705535,
        "min": 0.000641591846943,
        "var": 0.000203044823138
    },
    "spectral_energyband_high": {
        "dmean": 0.000393931695726,
        "dmean2": 0.000721039541531,
        "dvar": 3.04436980514e-07,
        "dvar2": 8.91333002073e-07,
        "max": 0.00438782572746,
        "mean": 0.00031287164893,
        "median": 0.000108302658191,
        "min": 4.07127299695e-06,
        "var": 2.40629276504e-07
    },
    "spectral_energyband_low": {
        "dmean": 8.86122688826e-06,
        "dmean2": 1.50732603288e-05,
        "dvar": 1.06441716552e-10,
        "dvar2": 2.88390838987e-10,
        "max": 7.75112057454e-05,
        "mean": 9.60649140325e-06,
        "median": 5.72807084609e-06,
        "min": 3.87620843867e-07,
        "var": 1.04367826881e-10
    },
    "spectral_energyband_middle_high": {
        "dmean": 0.0134599842131,
        "dmean2": 0.0230505708605,
        "dvar": 0.000122987723444,
        "dvar2": 0.000315264653182,
        "max": 0.0544226504862,
        "mean": 0.0162706300616,
        "median": 0.0128006367013,
        "min": 0.000321336701745,
        "var": 0.000181771320058
    },
    "spectral_energyband_middle_low": {
        "dmean": 0.00088700116612,
        "dmean2": 0.00143753190059,
        "dvar": 2.64269715444e-06,
        "dvar2": 6.43670318823e-06,
        "max": 0.0157457496971,
        "mean": 0.0017012776807,
        "median": 0.00120910594705,
        "min": 6.5198772063e-05,
        "var": 3.82686630473e-06
    },
    "spectral_entropy": {
        "dmean": 0.31112036109,
        "dmean2": 0.54761248827,
        "dvar": 0.0622517839074,
        "dvar2": 0.183664217591,
        "max": 7.82383298874,
        "mean": 7.25642251968,
        "median": 7.31773328781,
        "min": 6.41138505936,
        "var": 0.0869951248169
    },
    "spectral_flux": {
        "dmean": 0.0400099977851,
        "dmean2": 0.0632491260767,
        "dvar": 0.00115509796888,
        "dvar2": 0.00244016479701,
        "max": 0.203077614307,
        "mean": 0.101351030171,
        "median": 0.106053076684,
        "min": 0.0133982310072,
        "var": 0.0021078819409
    },
    "spectral_kurtosis": {
        "dmean": 6.53918123245,
        "dmean2": 11.7644910812,
        "dvar": 41.2658576965,
        "dvar2": 129.45513916,
        "max": 39.1828575134,
        "mean": 10.1235046387,
        "median": 7.74376773834,
        "min": 2.0223441124,
        "var": 43.6621284485
    },
    "spectral_rms": {
        "dmean": 0.00170447456185,
        "dmean2": 0.00280949147418,
        "dvar": 1.72143961663e-06,
        "dvar2": 4.65287121187e-06,
        "max": 0.0074875857681,
        "mean": 0.00383475376293,
        "median": 0.00379597605206,
        "min": 0.000791165744886,
        "var": 3.07155687551e-06
    },
    "spectral_rolloff": {
        "dmean": 490.460205078,
        "dmean2": 804.53326416,
        "dvar": 192994.640625,
        "dvar2": 529876.375,
        "max": 4220.5078125,
        "mean": 2323.05419922,
        "median": 2304.05273438,
        "min": 925.927734375,
        "var": 365232.375
    },
    "spectral_skewness": {
        "dmean": 0.572053968906,
        "dmean2": 1.00766050816,
        "dvar": 0.285685449839,
        "dvar2": 0.915549516678,
        "max": 4.45855474472,
        "mean": 1.73567831516,
        "median": 1.60828602314,
        "min": 0.707271039486,
        "var": 0.328005343676
    },
    "spectral_spread": {
        "dmean": 398069.125,
        "dmean2": 683222.875,
        "dvar": 117418549248,
        "dvar2": 367381250048,
        "max": 4094222.5,
        "mean": 2069969.875,
        "median": 2026590.375,
        "min": 1137287,
        "var": 197038325760
    },
    "spectral_strongpeak": {
        "dmean": 1.49233555794,
        "dmean2": 2.50197911263,
        "dvar": 1.70432007313,
        "dvar2": 4.52578163147,
        "max": 9.26322078705,
        "mean": 2.50737404823,
        "median": 2.33023452759,
        "min": 0.101153105497,
        "var": 2.77640533447
    },
    "zerocrossingrate": {
        "dmean": 0.00670447712764,
        "dmean2": 0.0088819488883,
        "dvar": 3.33203715854e-05,
        "dvar2": 5.08842240379e-05,
        "max": 0.10791015625,
        "mean": 0.070102699101,
        "median": 0.06982421875,
        "min": 0.01904296875,
        "var": 0.000159123679623
    },
    "barkbands": {
        "dmean": [6.86097052949e-07, 7.13971394362e-06, 1.7613348291e-06, 4.79612435811e-06, 8.35969258333e-05, 5.60438784305e-05, 0.000292810349492, 0.000158902461408, 0.000487809884362, 0.000722516677342, 0.00247220066376, 0.00130275788251, 0.00184839707799, 0.00355016626418, 0.00157560221851, 0.0019160368247, 0.0014510974288, 0.000905481458176, 0.000854489742778, 0.000454338587588, 0.000164147277246, 6.91353634465e-05, 3.27893467329e-05, 1.24914968183e-05, 4.84715019411e-06, 1.92856668946e-06, 3.94377934754e-07],
        "dmean2": [1.20366098599e-06, 1.23479640024e-05, 3.2299110444e-06, 7.89295609138e-06, 0.000134007263114, 8.93024989637e-05, 0.000465133081889, 0.000253121223068, 0.000797515793238, 0.00115289515816, 0.00419227220118, 0.002171815373, 0.00323752942495, 0.00614342000335, 0.00271234475076, 0.00339094433002, 0.00253191450611, 0.00164452358149, 0.00154150067829, 0.00083269609604, 0.000303448730847, 0.000128034618683, 6.11691502854e-05, 2.32573493122e-05, 9.10409380595e-06, 3.58731176675e-06, 7.28278791939e-07],
        "dvar": [5.20861674104e-13, 7.31780677721e-11, 5.77367797669e-12, 1.09881152788e-10, 2.43091164975e-08, 8.8120151176e-09, 1.41334311365e-07, 1.6920691337e-07, 1.26106147036e-06, 1.58249031301e-06, 9.9973012766e-06, 7.66046923673e-06, 5.76874435865e-06, 2.12034956348e-05, 5.18941851624e-06, 7.96805124992e-06, 3.3581070511e-06, 2.20489960157e-06, 1.29128545723e-06, 4.9577892014e-07, 6.69026150035e-08, 1.9294795095e-08, 3.52648621416e-09, 3.66122882012e-10, 1.29847299579e-10, 2.22013882972e-11, 4.18458399442e-13],
        "dvar2": [1.36241885829e-12, 1.98947053276e-10, 1.61558683098e-11, 2.77728950948e-10, 6.00645790882e-08, 1.72066574322e-08, 3.35984566391e-07, 3.75140587039e-07, 3.31049955093e-06, 4.00371573051e-06, 2.74725116469e-05, 1.87246641872e-05, 1.56360820256e-05, 5.87218928558e-05, 1.3574456716e-05, 2.14578994928e-05, 9.08991660253e-06, 6.02504724156e-06, 3.56748114427e-06, 1.34622052883e-06, 1.92648528241e-07, 6.0428376969e-08, 1.11262155045e-08, 1.06460484872e-09, 3.97229527049e-10, 7.34108676625e-11, 1.10737222343e-12],
        "max": [5.15356623509e-06, 5.8008961787e-05, 1.65467499755e-05, 0.000216219938011, 0.00158436316997, 0.00129643804394, 0.00297401566058, 0.00514615746215, 0.0124633004889, 0.0112000219524, 0.0224282667041, 0.0300403628498, 0.0150054041296, 0.0256227757782, 0.0121607808396, 0.0173948537558, 0.0117543162778, 0.00952064804733, 0.00747356330976, 0.00577100086957, 0.00176373927388, 0.00160601222888, 0.000571073091123, 0.000111052584543, 0.000134386835271, 5.32727499376e-05, 4.96899519931e-06],
        "mean": [7.58089186093e-07, 6.93801803209e-06, 1.46508398302e-06, 7.46840260035e-06, 0.000169863080373, 0.000103579171991, 0.00045391562162, 0.000191869708942, 0.000643928768113, 0.000744568649679, 0.00239684991539, 0.00166736543179, 0.00189179577865, 0.00342113990337, 0.00145704159513, 0.00161687016953, 0.00138111994602, 0.000751624582335, 0.000749900238588, 0.000348549569026, 0.000128021900309, 5.14408748131e-05, 2.24525374506e-05, 8.10512028693e-06, 3.18632078233e-06, 1.27056489418e-06, 2.64962721985e-07],
        "median": [5.27068607425e-07, 3.77081596525e-06, 6.74364400766e-07, 1.52723021074e-06, 5.4998381529e-05, 5.46499577467e-05, 0.000318946607877, 5.27142510691e-05, 0.00025056002778, 0.000217029999476, 0.000857975392137, 0.000216570493649, 0.00096843537176, 0.00147729401942, 0.000625399698038, 0.000719765783288, 0.00075681094313, 0.000292551703751, 0.000272055127425, 0.000116314848128, 3.70959751308e-05, 1.07552541522e-05, 4.53176562587e-06, 1.58209036272e-06, 5.02359966958e-07, 1.709985753e-07, 3.02304279387e-08],
        "min": [9.12429687361e-09, 8.81696848865e-08, 1.62453659414e-08, 1.36887612356e-08, 5.73404065562e-07, 3.05205588802e-07, 1.16160435937e-06, 4.76101945424e-07, 2.09392305806e-06, 1.33839034788e-06, 2.69382212537e-06, 1.97471990759e-06, 3.3477301713e-06, 1.59342380357e-05, 6.24680615147e-06, 1.56383557623e-05, 1.52531110871e-05, 9.40832887864e-06, 3.42397675013e-06, 4.38401821157e-06, 1.32421655508e-06, 2.8814801567e-07, 1.57504970844e-07, 4.42666419076e-08, 1.32419595289e-08, 1.31262920533e-08, 5.80634118563e-09],
        "var": [5.79906511266e-13, 6.83543915914e-11, 4.28690199658e-12, 3.97834015731e-10, 6.85487506757e-08, 2.03965697665e-08, 2.63148223212e-07, 2.55007137184e-07, 1.31260242142e-06, 1.77336607976e-06, 1.06039969978e-05, 1.3306929759e-05, 5.87295653531e-06, 2.12734448723e-05, 4.79406480736e-06, 6.25371148999e-06, 3.10677455673e-06, 1.67765267634e-06, 1.13162093385e-06, 3.52337195864e-07, 4.82585384987e-08, 1.30358888129e-08, 2.25741625393e-09, 2.44434417151e-10, 7.67096872134e-11, 1.31056276942e-11, 3.21953238808e-13]
    },
    "erbbands": {
        "dmean": [0.000210577025427, 0.00162480340805, 0.00253541115671, 0.00782766286284, 0.121228538454, 0.314752042294, 0.529010117054, 0.385627508163, 2.91139388084, 5.90102720261, 3.57672405243, 12.5293655396, 9.47596645355, 62.9349975586, 62.5736846924, 62.1940803528, 64.7127227783, 122.024307251, 122.647323608, 102.710769653, 105.070724487, 73.4061431885, 51.628780365, 49.6453323364, 36.4011917114, 24.0095081329, 8.28284358978, 4.98958683014, 2.94564557076, 1.41850888729, 0.827211141586, 0.387099206448, 0.149777844548, 0.0627024695277, 0.0283127985895, 0.0109044034034, 0.00303742522374, 0.000633977062535, 8.19549168227e-05, 2.11337373912e-05],
        "dmean2": [0.000359261815902, 0.00287199276499, 0.00461928313598, 0.012396145612, 0.178119152784, 0.52694016695, 0.8409486413, 0.600388646126, 4.63150310516, 9.3135471344, 5.62333917618, 20.2607803345, 15.2605762482, 104.689346313, 105.595909119, 104.417404175, 114.196174622, 207.382125854, 214.574798584, 174.686904907, 185.110321045, 126.60887146, 91.6900177002, 89.050491333, 66.6535263062, 44.4085655212, 15.2349176407, 9.28093624115, 5.5109128952, 2.61790084839, 1.55837035179, 0.729387760162, 0.280085086823, 0.117539867759, 0.0529600642622, 0.0202877465636, 0.00566395558417, 0.00118655711412, 0.000150976993609, 3.65719133697e-05],
        "dvar": [4.92849920875e-08, 4.47783804702e-06, 1.25334572658e-05, 0.000222200003918, 0.0508630760014, 0.517098546028, 0.711831510067, 0.516599476337, 19.2408390045, 122.547355652, 40.2626266479, 971.746337891, 299.545776367, 5417.70654297, 5871.68603516, 18987.5273438, 5910.73388672, 16312.8837891, 24945.8261719, 15320.8691406, 18362.6484375, 9359.60546875, 5945.89404297, 4321.13574219, 3311.04736328, 1638.42211914, 128.475616455, 79.172744751, 43.478515625, 6.27098560333, 2.08094930649, 0.379511892796, 0.0610982254148, 0.0177222844213, 0.00447255419567, 0.000703681260347, 5.75340054638e-05, 1.54676968123e-06, 1.45549901021e-08, 3.41729478048e-10],
        "dvar2": [1.28355353013e-07, 1.22537221614e-05, 3.51783673977e-05, 0.000531489495188, 0.103760667145, 1.31515014172, 1.62639009953, 1.07548427582, 41.4428253174, 291.542907715, 96.5486297607, 2591.87280273, 789.570068359, 14668.9599609, 16113.5117188, 46605.15625, 15659.3632812, 46299.3945312, 69082.3671875, 39649.546875, 48164.9296875, 25673.2050781, 16698.4726562, 11619.1953125, 9149.45019531, 4540.51367188, 358.495178223, 233.56578064, 136.429168701, 19.9806060791, 6.2849445343, 1.10065293312, 0.182676538825, 0.053970772773, 0.0137973194942, 0.00227349926718, 0.000193073501578, 4.86064800498e-06, 3.95423924715e-08, 8.92771634398e-10],
        "max": [0.00133349886164, 0.0140242986381, 0.0251933466643, 0.327030599117, 4.83687353134, 7.61259460449, 7.42241191864, 11.4231367111, 33.7632637024, 113.955574036, 60.7523231506, 366.027954102, 185.564605713, 519.5078125, 530.482543945, 1505.27038574, 519.334411621, 768.983886719, 984.551025391, 695.657043457, 839.047912598, 730.385498047, 605.381225586, 418.898254395, 492.43447876, 364.264923096, 73.2742080688, 64.2654037476, 77.1485519409, 24.6490249634, 14.5187835693, 4.47175741196, 1.63043808937, 1.45086610317, 0.824945449829, 0.31780821085, 0.0774153396487, 0.0107753416523, 0.000713475397788, 9.43247869145e-05],
        "mean": [0.000218818240683, 0.00145649944898, 0.00233663176186, 0.0145742017776, 0.261582016945, 0.58524620533, 0.920172572136, 0.832649767399, 4.70984458923, 7.94080066681, 5.38442659378, 16.0085639954, 11.7352895737, 65.3460235596, 67.9696121216, 81.2017364502, 71.9065170288, 132.668060303, 116.041862488, 97.834487915, 96.6887893677, 70.7860031128, 46.4181747437, 43.6941604614, 29.1243782043, 18.0034236908, 6.58790636063, 3.85255122185, 2.15344595909, 1.00284326077, 0.567062854767, 0.25524866581, 0.0972848311067, 0.0413194708526, 0.0186021476984, 0.00716218911111, 0.00201260624453, 0.000436712871306, 6.0598969867e-05, 2.58709169429e-05],
        "median": [0.000125697173644, 0.000709673389792, 0.0013073454611, 0.00515792844817, 0.0527870990336, 0.141988784075, 0.355957508087, 0.556163370609, 2.09831500053, 3.43017721176, 3.01227068901, 5.90141677856, 4.25480699539, 38.1366653442, 34.7336120605, 14.6828899384, 38.1222953796, 88.1885757446, 53.2438087463, 52.8708724976, 52.5927886963, 39.8611335754, 23.9506721497, 19.028219223, 11.1525917053, 5.41483259201, 2.26455378532, 1.09532392025, 0.437058597803, 0.249725937843, 0.112119615078, 0.0529918037355, 0.0172127466649, 0.00666395947337, 0.00266047986224, 0.000950230809394, 0.000290270691039, 5.98111982981e-05, 1.8503085812e-05, 1.98999405256e-05],
        "min": [3.43007650372e-06, 2.51291457971e-05, 2.61882178165e-05, 9.8935328424e-05, 0.000659739773255, 0.00252648256719, 0.0039994311519, 0.0102787194774, 0.0485817939043, 0.0627252236009, 0.0823224484921, 0.107618197799, 0.122098267078, 0.256371319294, 0.371077150106, 0.28451859951, 0.653804719448, 1.69140934944, 1.42179322243, 0.595385730267, 1.35831153393, 0.795493423939, 0.59899944067, 0.457384228706, 0.194337144494, 0.246110245585, 0.0966590568423, 0.0247467216104, 0.0115219205618, 0.00548192951828, 0.00400123512372, 0.0019485859666, 0.00038192429929, 0.000166496814927, 8.4525141574e-05, 5.10709360242e-05, 2.46066465479e-05, 8.95045923244e-06, 1.30345165417e-06, 9.4267284112e-07],
        "var": [5.74703058476e-08, 3.75002059627e-06, 9.29331145016e-06, 0.00097530905623, 0.274815171957, 1.17949795723, 1.74265658855, 1.13915669918, 38.1687812805, 179.695037842, 57.4269218445, 920.523803711, 369.741973877, 6062.87353516, 6599.44677734, 31662.875, 7058.77441406, 19768.5644531, 23167.9082031, 15991.4257812, 16277.6289062, 8162.12548828, 4591.63720703, 3849.38208008, 2357.93896484, 1085.35021973, 99.3447189331, 53.7250785828, 27.8741130829, 4.25366258621, 1.32232010365, 0.246640339494, 0.0398598350585, 0.0107639757916, 0.00262667937204, 0.000415046117269, 3.36806042469e-05, 1.00870761344e-06, 1.11120819213e-08, 4.47288844851e-10]
    },
    "gfcc": {
        "mean": [-73.6659927368, 69.0257949829, -228.678863525, -6.87655925751, -50.5000114441, -9.57392215729, -31.4078502655, -5.121737957, -16.0909957886, -1.00044500828, -5.78020095825, 1.55127894878, -3.53190398216],
        "cov": [[3453.24560547, -1355.58813477, -177.982772827, 340.303619385, -5.11706495285, 322.178649902, -110.10760498, 156.229660034, -136.298995972, 0.41424074769, -57.9882011414, -45.5143013, -16.9716129303], [-1355.58813477, 1545.75769043, -0.45745113492, -465.824676514, 73.3982772827, -245.374084473, 78.2342529297, -307.071563721, -28.8295192719, -255.845397949, 58.6787261963, -13.5025653839, 106.365318298], [-177.982772827, -0.45745113492, 342.696075439, 141.152618408, -115.823036194, -2.44604301453, -59.3683700562, 12.0052661896, -72.9580459595, 11.2569551468, -80.1605148315, 8.35088825226, -47.5971336365], [340.303619385, -465.824676514, 141.152618408, 361.359283447, 4.26264715195, 58.0037498474, -33.5057220459, 90.3149719238, -26.4075489044, 75.1344299316, -64.2126998901, -16.6625156403, -71.7211608887], [-5.11706495285, 73.3982772827, -115.823036194, 4.26264715195, 196.862106323, 20.4964637756, 29.0302886963, -32.5697555542, 9.5208158493, -40.5847892761, 30.6531772614, -7.13158941269, 19.5392036438], [322.178649902, -245.374084473, -2.44604301453, 58.0037498474, 20.4964637756, 152.389373779, 27.3726234436, 43.3467941284, -17.1600189209, 10.2788438797, -7.01459026337, 5.4265203476, -1.14614200592], [-110.10760498, 78.2342529297, -59.3683700562, -33.5057220459, 29.0302886963, 27.3726234436, 111.824928284, 19.0715770721, 26.0226478577, 7.07569742203, 15.9789447784, -7.17137098312, -4.15269374847], [156.229660034, -307.071563721, 12.0052661896, 90.3149719238, -32.5697555542, 43.3467941284, 19.0715770721, 158.710250854, 70.4517822266, 107.200469971, 0.0309763196856, 5.29369497299, -18.2762718201], [-136.298995972, -28.8295192719, -72.9580459595, -26.4075489044, 9.5208158493, -17.1600189209, 26.0226478577, 70.4517822266, 119.878196716, 76.4788131714, 33.8306503296, 9.3327665329, 7.69754552841], [0.41424074769, -255.845397949, 11.2569551468, 75.1344299316, -40.5847892761, 10.2788438797, 7.07569742203, 107.200469971, 76.4788131714, 149.774383545, 23.9618797302, 12.1996221542, -23.4120941162], [-57.9882011414, 58.6787261963, -80.1605148315, -64.2126998901, 30.6531772614, -7.01459026337, 15.9789447784, 0.0309763196856, 33.8306503296, 23.9618797302, 98.4272003174, 30.0809688568, 32.8247871399], [-45.5143013, -13.5025653839, 8.35088825226, -16.6625156403, -7.13158941269, 5.4265203476, -7.17137098312, 5.29369497299, 9.3327665329, 12.1996221542, 30.0809688568, 72.0163879395, 35.5258293152], [-16.9716129303, 106.365318298, -47.5971336365, -71.7211608887, 19.5392036438, -1.14614200592, -4.15269374847, -18.2762718201, 7.69754552841, -23.4120941162, 32.8247871399, 35.5258293152, 88.6212234497]],
        "icov": [[0.000661652302369, 0.000508198805619, 0.000653709343169, -0.000235186322243, 0.000388902029954, -0.000513894832693, 0.000508747936692, -0.000449086393928, 0.000749165890738, 0.000915664597414, -0.000299574167002, 0.000640303245746, -0.000452536158264], [0.000508198805619, 0.00616388069466, -0.00608285842463, 0.00403991481289, -0.002028565621, 0.00570632377639, -0.0063215624541, 0.00564394425601, -0.0047749443911, 0.00618985295296, -0.00343077257276, 0.00463943462819, -0.00444853305817], [0.000653709343169, -0.00608285842463, 0.0141496015713, -0.00655590416864, 0.00551169039682, -0.00666229287162, 0.00892653595656, -0.00734994467348, 0.00966700166464, -0.0058601135388, 0.00600131042302, -0.00687038199976, 0.00546446209773], [-0.000235186322243, 0.00403991481289, -0.00655590416864, 0.00952529441565, -0.00512873008847, 0.00397237436846, -0.00334112741984, 0.00153342622798, -0.000678249634802, 3.78640179406e-05, 0.000361820159014, 0.00245451391675, -0.000413315632613], [0.000388902029954, -0.002028565621, 0.00551169039682, -0.00512873008847, 0.0099987173453, -0.00393201224506, 0.00176967855077, -0.000160596508067, -0.000521490059327, 0.00232797604986, -0.00152734073345, -0.000426332786446, 0.000510139274411], [-0.000513894832693, 0.00570632377639, -0.00666229287162, 0.00397237436846, -0.00393201224506, 0.0161037798971, -0.00983350723982, 0.00237562553957, -0.00143037177622, 0.00501980353147, -0.00242968811654, 0.0024084134493, -0.00482146488503], [0.000508747936692, -0.0063215624541, 0.00892653595656, -0.00334112741984, 0.00176967855077, -0.00983350723982, 0.0197523143142, -0.00890604220331, 0.00539182918146, -0.00503457384184, 0.00286293285899, -0.00359355797991, 0.00692836102098], [-0.000449086393928, 0.00564394425601, -0.00734994467348, 0.00153342622798, -0.000160596508067, 0.00237562553957, -0.00890604220331, 0.0241700764745, -0.0137906754389, -0.00160904240329, -0.00136948656291, 0.00443365378305, -0.00543048372492], [0.000749165890738, -0.0047749443911, 0.00966700166464, -0.000678249634802, -0.000521490059327, -0.00143037177622, 0.00539182918146, -0.0137906754389, 0.0280266907066, -0.013210834004, 0.00403302302584, -0.00432508066297, 0.00233823549934], [0.000915664597414, 0.00618985295296, -0.0058601135388, 3.78640179406e-05, 0.00232797604986, 0.00501980353147, -0.00503457384184, -0.00160904240329, -0.013210834004, 0.0273830927908, -0.0104929339141, 0.00363742536865, -0.000576721038669], [-0.000299574167002, -0.00343077257276, 0.00600131042302, 0.000361820159014, -0.00152734073345, -0.00242968811654, 0.00286293285899, -0.00136948656291, 0.00403302302584, -0.0104929339141, 0.0206502713263, -0.00860002916306, 0.000409843196394], [0.000640303245746, 0.00463943462819, -0.00687038199976, 0.00245451391675, -0.000426332786446, 0.0024084134493, -0.00359355797991, 0.00443365378305, -0.00432508066297, 0.00363742536865, -0.00860002916306, 0.0249551404268, -0.0117599964142], [-0.000452536158264, -0.00444853305817, 0.00546446209773, -0.000413315632613, 0.000510139274411, -0.00482146488503, 0.00692836102098, -0.00543048372492, 0.00233823549934, -0.000576721038669, 0.000409843196394, -0.0117599964142, 0.0223738383502]]
    },
    "melbands": {
        "dmean": [1.93232335732e-06, 1.59854857884e-06, 3.71482838091e-06, 1.62015785463e-05, 1.77112615347e-05, 9.98887117021e-06, 4.80340713693e-05, 6.0514688812e-05, 4.42618365923e-05, 7.18551673344e-05, 4.5372369641e-05, 0.000241425615968, 0.000309058261337, 0.000151004467625, 9.86671511782e-05, 0.000208638419281, 0.00026397628244, 0.000268868083367, 0.00013775806292, 0.000141478565638, 0.000120215961942, 8.03849543445e-05, 5.36125189683e-05, 4.47242891823e-05, 4.10155989812e-05, 3.5337627196e-05, 1.86313882296e-05, 1.37797233037e-05, 5.73633315071e-06, 3.84349141314e-06, 2.34874414673e-06, 1.83732777259e-06, 9.41829966905e-07, 7.71109057496e-07, 4.69630833777e-07, 3.47488082753e-07, 2.00797416028e-07, 1.14072065571e-07, 6.95329305245e-08, 4.57895659167e-08],
        "dmean2": [3.30526199832e-06, 2.85162650471e-06, 5.52817709831e-06, 2.5506811653e-05, 2.85673722829e-05, 1.60707149917e-05, 7.71180493757e-05, 9.54412316787e-05, 6.89039588906e-05, 0.000118116695376, 7.31204199838e-05, 0.000401620462071, 0.000524970702827, 0.000249972712481, 0.000165406483575, 0.000363341823686, 0.000452897656942, 0.000470731640235, 0.00023824168602, 0.000250919780228, 0.000211681253859, 0.000141316850204, 9.33708943194e-05, 8.05715098977e-05, 7.28166196495e-05, 6.41014994471e-05, 3.39709185937e-05, 2.54418937402e-05, 1.05373856059e-05, 7.16759632269e-06, 4.35483889305e-06, 3.42558064403e-06, 1.74377487383e-06, 1.43258762364e-06, 8.84574262727e-07, 6.53580002563e-07, 3.76839039973e-07, 2.13182701714e-07, 1.30496189854e-07, 8.59874376147e-08],
        "dvar": [4.66539524027e-12, 4.78388205785e-12, 6.35757349543e-11, 8.625350989e-10, 9.49336720346e-10, 3.33967797861e-10, 4.33186242432e-09, 1.45139740226e-08, 7.53851381319e-09, 3.19280282213e-08, 7.2993793232e-09, 8.39783780293e-08, 1.59053797688e-07, 1.02281362047e-07, 2.63804107448e-08, 7.68927961303e-08, 8.98190037901e-08, 1.38653163617e-07, 4.92781637718e-08, 4.01890005719e-08, 1.94693363653e-08, 1.07340909494e-08, 5.76905101468e-09, 5.37478817009e-09, 3.08666936455e-09, 3.19696358275e-09, 8.52182047151e-10, 5.7427212985e-10, 6.70483252252e-11, 6.01641444997e-11, 1.70264184696e-11, 2.20135246837e-11, 2.44019583186e-12, 2.25290836334e-12, 5.96700586077e-13, 3.5279087594e-13, 1.09985357952e-13, 3.72468135707e-14, 2.0800621967e-14, 1.0273065459e-14],
        "dvar2": [1.25130175319e-11, 1.32950872533e-11, 1.35165170723e-10, 2.03345917882e-09, 2.25106444596e-09, 6.89716839197e-10, 9.37230293374e-09, 3.38174501735e-08, 1.83252222286e-08, 8.63077147528e-08, 1.92367455298e-08, 2.24785907221e-07, 4.37223746985e-07, 2.52068787177e-07, 6.67698714096e-08, 2.11200955391e-07, 2.50287712333e-07, 3.83055862585e-07, 1.29832244511e-07, 1.06163376756e-07, 4.94525416173e-08, 2.878771177e-08, 1.62729136832e-08, 1.44344580733e-08, 8.45514946946e-09, 8.93964102744e-09, 2.29303753763e-09, 1.60307467301e-09, 1.84213533316e-10, 1.79780981768e-10, 4.9417928083e-11, 6.88025053597e-11, 7.31440776003e-12, 7.27842612569e-12, 1.76423610963e-12, 1.05121738137e-12, 3.17807195491e-13, 1.12123635029e-13, 6.22376838109e-14, 3.15007046869e-14],
        "max": [1.44149562402e-05, 1.55017623911e-05, 0.000197273911908, 0.00026625362807, 0.000326856563333, 0.000289711228106, 0.000514509680215, 0.00123869953677, 0.00066438736394, 0.0021082025487, 0.000856748200022, 0.00218257610686, 0.00285216444172, 0.00346328713931, 0.00164606340695, 0.0017092396738, 0.00186033383943, 0.00229655974545, 0.00118409504648, 0.00118195323739, 0.000767072779126, 0.000667284824885, 0.000508104509208, 0.000469314720249, 0.000361226993846, 0.000480728980619, 0.000209473306313, 0.000220196074224, 5.79260340601e-05, 6.53123715892e-05, 2.41198667936e-05, 5.99214399699e-05, 1.11579220174e-05, 1.39507965287e-05, 7.14298039384e-06, 5.24419783687e-06, 2.24147697736e-06, 1.27688417706e-06, 1.30351554617e-06, 1.17299634894e-06],
        "mean": [1.9752544631e-06, 1.44164641824e-06, 7.67715573602e-06, 3.19859063893e-05, 3.20878061757e-05, 1.96327637241e-05, 7.77148889028e-05, 7.94177831267e-05, 6.23867017566e-05, 9.17897268664e-05, 5.31829791726e-05, 0.000250890065217, 0.000306105153868, 0.000194978754735, 0.000125966937048, 0.000203692106879, 0.000275817146758, 0.000244116483373, 0.000121084063721, 0.000123518315377, 0.000113450936624, 7.58876049076e-05, 5.0912003644e-05, 3.68450018868e-05, 3.54534386133e-05, 2.86270624201e-05, 1.41519003591e-05, 1.02235480881e-05, 4.55815097666e-06, 2.95199424727e-06, 1.79048413429e-06, 1.32395769015e-06, 6.94772154475e-07, 5.25519055827e-07, 3.21745375231e-07, 2.31186987776e-07, 1.29263810322e-07, 7.35335774493e-08, 4.49514772072e-08, 3.03205354157e-08],
        "median": [1.10579105694e-06, 7.88395936979e-07, 1.717310397e-06, 6.41860606265e-06, 1.22920782815e-05, 1.29017407744e-05, 4.21190270572e-05, 3.59915029549e-05, 3.06301990349e-05, 3.58022734872e-05, 1.43264696817e-05, 0.00014441330859, 0.000129047504743, 2.41435081989e-05, 4.1930921725e-05, 8.51523218444e-05, 0.000159777424415, 8.89889561222e-05, 4.18003364757e-05, 5.79413826927e-05, 5.88643233641e-05, 3.80528799724e-05, 2.97311762552e-05, 1.42043300002e-05, 1.32510913318e-05, 1.07772593765e-05, 4.79955815536e-06, 2.91504625238e-06, 1.48994456595e-06, 8.54647794313e-07, 4.49871350838e-07, 2.27760153848e-07, 1.6987978313e-07, 1.12722950973e-07, 6.50352234288e-08, 4.67656882108e-08, 2.38105712924e-08, 1.19664615994e-08, 7.26764826098e-09, 5.10264763776e-09],
        "min": [4.48768844308e-08, 1.83111232843e-08, 1.71255756243e-08, 1.11401043057e-07, 1.40110415714e-07, 1.4307784113e-07, 3.30868260789e-07, 3.53677933163e-07, 6.66357664159e-07, 2.94721559158e-07, 1.1615533424e-07, 2.98754684991e-07, 1.06021730062e-06, 4.30160383758e-07, 3.70609654965e-07, 3.65990501905e-07, 2.97408610095e-06, 1.05625497326e-06, 4.92209551339e-07, 1.07231096536e-06, 1.16620196877e-06, 8.43658312988e-07, 7.17501734471e-07, 4.65218050749e-07, 2.11440408293e-07, 1.09411587346e-07, 1.15642976084e-07, 1.38247756354e-07, 6.12077926121e-08, 2.89567232414e-08, 7.25155979708e-09, 5.18995824095e-09, 3.86104925809e-09, 2.66312394359e-09, 2.08244799182e-09, 2.26117946589e-09, 7.01622260291e-10, 1.95658350632e-10, 1.34705580024e-10, 1.17466036897e-10],
        "var": [4.82472265265e-12, 3.70817135678e-12, 3.72497144241e-10, 2.58916776907e-09, 2.45254327957e-09, 7.15047854261e-10, 8.77015704503e-09, 2.1491718627e-08, 9.64272128812e-09, 2.97988780318e-08, 8.6728801918e-09, 9.35604020924e-08, 1.69749398538e-07, 1.84513638146e-07, 4.15143297516e-08, 7.68724461864e-08, 1.03340987323e-07, 1.25826048247e-07, 4.20200549911e-08, 3.19830633089e-08, 1.979099018e-08, 9.64088542332e-09, 4.55892257278e-09, 4.21645607318e-09, 2.8101156957e-09, 2.28544805303e-09, 6.29333529734e-10, 3.76692260717e-10, 5.18796360038e-11, 3.85692970617e-11, 1.16890039314e-11, 1.36522780927e-11, 1.81052178458e-12, 1.44097591932e-12, 3.89954128016e-13, 2.21245466609e-13, 7.0782016858e-14, 2.41476218361e-14, 1.27569616248e-14, 6.14198370779e-15]
    },
    "mfcc": {
        "mean": [-687.817443848, 106.62739563, -108.936950684, -2.19113016129, -18.2984905243, -6.2252664566, -12.9667396545, -4.50719022751, -9.86159515381, 0.253512829542, -5.66555833817, -1.70032835007, 0.139623939991],
        "cov": [[3621.63916016, -1331.26245117, -183.580429077, -20.095035553, 102.810905457, 109.253814697, 125.419021606, 117.642234802, 4.98065423965, 62.289516449, -52.131690979, -25.571105957, -31.6372337341], [-1331.26245117, 1579.4831543, -124.618766785, -248.703704834, -72.6644973755, -58.0144462585, -19.5264167786, -49.4261817932, -99.368598938, -210.463882446, -152.052124023, -2.26400589943, -41.1824035645], [-183.580429077, -124.618766785, 410.267272949, 98.3586654663, -47.0171966553, -13.1717739105, -15.5699882507, -18.2607917786, 14.6184158325, -24.5201206207, -9.21756458282, -13.5925016403, -28.5801410675], [-20.095035553, -248.703704834, 98.3586654663, 256.437774658, 46.3590507507, 1.54615151882, -12.0706739426, -10.5011453629, 21.1718254089, 50.7508010864, 47.9030303955, -27.6631202698, -5.24249792099], [102.810905457, -72.6644973755, -47.0171966553, 46.3590507507, 145.591140747, 25.5966930389, 15.4134502411, 10.4503383636, -14.8855781555, 6.99805736542, -36.6738395691, -12.3723316193, -2.89363861084], [109.253814697, -58.0144462585, -13.1717739105, 1.54615151882, 25.5966930389, 104.661056519, 55.5375900269, 30.3576564789, 0.646690070629, -25.1624221802, -13.4349508286, -5.5193734169, -10.6222543716], [125.419021606, -19.5264167786, -15.5699882507, -12.0706739426, 15.4134502411, 55.5375900269, 108.179168701, 34.238407135, -6.18332338333, -13.8192796707, -18.3726596832, 0.0291264466941, -5.20059013367], [117.642234802, -49.4261817932, -18.2607917786, -10.5011453629, 10.4503383636, 30.3576564789, 34.238407135, 76.7557067871, 19.365945816, -5.55023479462, 1.32942807674, -2.52353477478, -8.02613735199], [4.98065423965, -99.368598938, 14.6184158325, 21.1718254089, -14.8855781555, 0.646690070629, -6.18332338333, 19.365945816, 98.6216278076, 36.608745575, 42.974407196, 9.43039989471, -2.51107215881], [62.289516449, -210.463882446, -24.5201206207, 50.7508010864, 6.99805736542, -25.1624221802, -13.8192796707, -5.55023479462, 36.608745575, 135.836715698, 72.4747695923, 21.2765579224, 24.1914157867], [-52.131690979, -152.052124023, -9.21756458282, 47.9030303955, -36.6738395691, -13.4349508286, -18.3726596832, 1.32942807674, 42.974407196, 72.4747695923, 119.175109863, 28.3953552246, 14.8230609894], [-25.571105957, -2.26400589943, -13.5925016403, -27.6631202698, -12.3723316193, -5.5193734169, 0.0291264466941, -2.52353477478, 9.43039989471, 21.2765579224, 28.3953552246, 63.397857666, 38.9967422485], [-31.6372337341, -41.1824035645, -28.5801410675, -5.24249792099, -2.89363861084, -10.6222543716, -5.20059013367, -8.02613735199, -2.51107215881, 24.1914157867, 14.8230609894, 38.9967422485, 76.890625]],
