{
"lowlevel": {
    "average_loudness": 0.978649675846,
    "barkbands_crest": {
        "dmean": 0.646218776703,
        "dmean2": 0.967344224453,
        "dvar": 0.366696894169,
        "dvar2": 0.872960627079,
        "max": 11.8586931229,
        "mean": 9.19431591034,
        "median": 9.27844715118,
        "min": 3.98186421394,
        "var": 1.50999712944
    },
    "barkbands_flatness_db": {
        "dmean": 0.00873387046158,
        "dmean2": 0.0131097845733,
        "dvar": 4.35749570897e-05,
        "dvar2": 8.61812150106e-05,
        "max": 0.192840620875,
        "mean": 0.149792671204,
        "median": 0.161185503006,
        "min": 0.0465080328286,
        "var": 0.00121371378191
    },
    "barkbands_kurtosis": {
        "dmean": 0.764990866184,
        "dmean2": 0.981487154961,
        "dvar": 0.448318690062,
        "dvar2": 0.795973837376,
        "max": 11.5325450897,
        "mean": 5.40108585358,
        "median": 5.74607658386,
        "min": -1.43153774738,
        "var": 5.28642082214
    },
    "barkbands_skewness": {
        "dmean": 0.103620097041,
        "dmean2": 0.142155408859,
        "dvar": 0.00827327929437,
        "dvar2": 0.0157733280212,
        "max": 2.48849081993,
        "mean": 2.00911951065,
        "median": 2.0828139782,
        "min": 0.5495865345,
        "var": 0.143455341458
    },
    "barkbands_spread": {
        "dmean": 2.00976729393,
        "dmean2": 2.60104775429,
        "dvar": 6.10541534424,
        "dvar2": 8.16018772125,
        "max": 100.380409241,
        "mean": 25.2641963959,
        "median": 19.3831043243,
        "min": 10.7840623856,
        "var": 379.989379883
    },
    "dissonance": {
        "dmean": 0.0111731747165,
        "dmean2": 0.0185266509652,
        "dvar": 0.000107993684651,
        "dvar2": 0.000236238643993,
        "max": 0.490535795689,
        "mean": 0.459692120552,
        "median": 0.460289925337,
        "min": 0.356253176928,
        "var": 0.00023379403865
    },
    "dynamic_complexity": 1.35977530479,
    "erbbands_crest": {
        "dmean": 1.14375269413,
        "dmean2": 1.40774333477,
        "dvar": 0.80281996727,
        "dvar2": 1.685297966,
        "max": 21.5974445343,
        "mean": 16.8648509979,
        "median": 17.814743042,
        "min": 2.578312397,
        "var": 15.31960392
    },
    "erbbands_flatness_db": {
        "dmean": 0.00682568410411,
        "dmean2": 0.0099039459601,
        "dvar": 3.26432709699e-05,
        "dvar2": 6.1866157921e-05,
        "max": 0.169463977218,
        "mean": 0.139309585094,
        "median": 0.150237411261,
        "min": 0.0407077223063,
        "var": 0.000954967574216
    },
    "erbbands_kurtosis": {
        "dmean": 0.198499441147,
        "dmean2": 0.258840054274,
        "dvar": 0.042193941772,
        "dvar2": 0.0795685127378,
        "max": 0.944393396378,
        "mean": -0.865107417107,
        "median": -0.93293094635,
        "min": -1.44938778877,
        "var": 0.110107444227
    },
    "erbbands_skewness": {
        "dmean": 0.134398818016,
        "dmean2": 0.172165572643,
        "dvar": 0.0123373968527,
        "dvar2": 0.0238129943609,
        "max": 1.42979121208,
        "mean": 0.598004579544,
        "median": 0.631999015808,
        "min": -0.626172184944,
        "var": 0.101083688438
    },
    "erbbands_spread": {
        "dmean": 2.35365653038,
        "dmean2": 3.27557039261,
        "dvar": 8.61901378632,
        "dvar2": 16.2008647919,
        "max": 97.679725647,
        "mean": 53.7538986206,
        "median": 50.4515533447,
        "min": 36.5342025757,
        "var": 112.203315735
    },
    "hfc": {
        "dmean": 1.91942620277,
        "dmean2": 2.45927476883,
        "dvar": 6.38572502136,
        "dvar2": 12.4969434738,
        "max": 51.0484199524,
        "mean": 28.3308925629,
        "median": 30.1152191162,
        "min": 2.81626558304,
        "var": 58.4696083069
    },
    "melbands_crest": {
        "dmean": 1.27258241177,
        "dmean2": 1.82414650917,
        "dvar": 3.17982363701,
        "dvar2": 7.07379436493,
        "max": 31.1421108246,
        "mean": 27.7874317169,
        "median": 29.410692215,
        "min": 9.83389282227,
        "var": 19.6887607574
    },
    "melbands_flatness_db": {
        "dmean": 0.00922639667988,
        "dmean2": 0.0121857738122,
        "dvar": 5.21044021298e-05,
        "dvar2": 8.7017986516e-05,
        "max": 0.265185058117,
        "mean": 0.226814731956,
        "median": 0.238359257579,
        "min": 0.0959727242589,
        "var": 0.00140919629484
    },
    "melbands_kurtosis": {
        "dmean": 2.83146452904,
        "dmean2": 3.57497596741,
        "dvar": 4.00600862503,
        "dvar2": 8.43876647949,
        "max": 29.9724998474,
        "mean": 18.9875965118,
        "median": 18.610496521,
        "min": 7.23926639557,
        "var": 19.3911724091
    },
    "melbands_skewness": {
        "dmean": 0.271622240543,
        "dmean2": 0.359237730503,
        "dvar": 0.0340114496648,
        "dvar2": 0.0741941332817,
        "max": 4.79427909851,
        "mean": 3.8484082222,
        "median": 3.85373568535,
        "min": 2.59650444984,
        "var": 0.163461059332
    },
    "melbands_spread": {
        "dmean": 1.71343576908,
        "dmean2": 2.21343326569,
        "dvar": 5.51880455017,
        "dvar2": 9.76183509827,
        "max": 52.0771102905,
        "mean": 13.5431499481,
        "median": 11.5844507217,
        "min": 6.79738235474,
        "var": 61.7416610718
    },
    "pitch_salience": {
        "dmean": 0.0246561877429,
        "dmean2": 0.0368202775717,
        "dvar": 0.000732137239538,
        "dvar2": 0.00223075575195,
        "max": 0.703186035156,
        "mean": 0.469039261341,
        "median": 0.463244080544,
        "min": 0.360050320625,
        "var": 0.00286633823998
    },
    "silence_rate_20dB": {
        "dmean": 0,
        "dmean2": 0,
        "dvar": 0,
        "dvar2": 0,
        "max": 1,
        "mean": 1,
        "median": 1,
        "min": 1,
        "var": 0
    },
    "silence_rate_30dB": {
        "dmean": 0.0285714287311,
        "dmean2": 0.050359711051,
        "dvar": 0.02775510028,
        "dvar2": 0.0766005888581,
        "max": 1,
        "mean": 0.98581558466,
        "median": 1,
        "min": 0,
        "var": 0.0139832003042
    },
    "silence_rate_60dB": {
        "dmean": 0.00714285718277,
        "dmean2": 0.0143884895369,
        "dvar": 0.00709183793515,
        "dvar2": 0.0141814956442,
        "max": 1,
        "mean": 0.0638297870755,
        "median": 0,
        "min": 0,
        "var": 0.0597554147243
    },
    "spectral_centroid": {
        "dmean": 65.540397644,
        "dmean2": 92.5807495117,
        "dvar": 8589.421875,
        "dvar2": 15517.8242188,
        "max": 2656.46899414,
        "mean": 869.641540527,
        "median": 772.25189209,
        "min": 594.793579102,
        "var": 132039.46875
    },
    "spectral_complexity": {
        "dmean": 1.24285709858,
        "dmean2": 1.93525183201,
        "dvar": 1.22673511505,
        "dvar2": 2.06055450439,
        "max": 22,
        "mean": 13.4539003372,
        "median": 14,
        "min": 1,
        "var": 13.9783687592
    },
    "spectral_decrease": {
        "dmean": 1.24397681045e-09,
        "dmean2": 1.44212686237e-09,
        "dvar": 2.96447945097e-18,
        "dvar2": 6.02891788871e-18,
        "max": -1.89185167532e-10,
        "mean": -1.33685134074e-08,
        "median": -1.42807605741e-08,
        "min": -3.22690354437e-08,
        "var": 3.36759487964e-17
    },
    "spectral_energy": {
        "dmean": 0.00483398931101,
        "dmean2": 0.00558936037123,
        "dvar": 4.49133731308e-05,
        "dvar2": 9.12412142497e-05,
        "max": 0.126420989633,
        "mean": 0.0530255883932,
        "median": 0.0567369572818,
        "min": 0.000969473097939,
        "var": 0.000509093806613
    },
    "spectral_energyband_high": {
        "dmean": 7.57901871111e-05,
        "dmean2": 0.000116405833978,
        "dvar": 6.15383610736e-09,
        "dvar2": 1.20798695491e-08,
        "max": 0.00129803572781,
        "mean": 0.000816907617263,
        "median": 0.000799414585344,
        "min": 0.000226231772103,
        "var": 1.57486237384e-08
    },
    "spectral_energyband_low": {
        "dmean": 0.000925785745494,
        "dmean2": 0.00148362119216,
        "dvar": 2.45094497586e-06,
        "dvar2": 5.70093334318e-06,
        "max": 0.017337674275,
        "mean": 0.00425873324275,
        "median": 0.00413799472153,
        "min": 0.000242645619437,
        "var": 8.48844774737e-06
    },
    "spectral_energyband_middle_high": {
        "dmean": 0.000385791703593,
        "dmean2": 0.00046394058154,
        "dvar": 2.80397216557e-07,
        "dvar2": 5.50011804989e-07,
        "max": 0.0078882900998,
        "mean": 0.00435894541442,
        "median": 0.00468256091699,
        "min": 7.58549140301e-05,
        "var": 2.67561995315e-06
    },
    "spectral_energyband_middle_low": {
        "dmean": 0.00425439374521,
        "dmean2": 0.00495585147291,
        "dvar": 2.93469092867e-05,
        "dvar2": 6.05287859798e-05,
        "max": 0.0843523293734,
        "mean": 0.0333897769451,
        "median": 0.0358334295452,
        "min": 0.000140723102959,
        "var": 0.00020035073976
    },
    "spectral_entropy": {
        "dmean": 0.0861546546221,
        "dmean2": 0.122712939978,
        "dvar": 0.0111613245681,
        "dvar2": 0.0185902360827,
        "max": 8.67168521881,
        "mean": 7.31114578247,
        "median": 7.17304468155,
        "min": 6.93251037598,
        "var": 0.15707603097
    },
    "spectral_flux": {
        "dmean": 0.00587723916396,
        "dmean2": 0.0092715639621,
        "dvar": 8.74603938428e-05,
        "dvar2": 0.000158093942446,
        "max": 0.147403359413,
        "mean": 0.0373850129545,
        "median": 0.0322988778353,
        "min": 0.0239744111896,
        "var": 0.000265795039013
    },
    "spectral_kurtosis": {
        "dmean": 0.404642701149,
        "dmean2": 0.703824043274,
        "dvar": 0.120929278433,
        "dvar2": 0.339890450239,
        "max": 6.9266204834,
        "mean": 4.87244272232,
        "median": 5.13607978821,
        "min": 1.6900062561,
        "var": 0.886178851128
    },
    "spectral_rms": {
        "dmean": 0.000312792195473,
        "dmean2": 0.000361598533345,
        "dvar": 1.25330316791e-07,
        "dvar2": 2.48392922231e-07,
        "max": 0.0111057441682,
        "mean": 0.00690900720656,
        "median": 0.00743996817619,
        "min": 0.000972536567133,
        "var": 3.99790860683e-06
    },
    "spectral_rolloff": {
        "dmean": 171.958007812,
        "dmean2": 249.413101196,
        "dvar": 311001.46875,
        "dvar2": 483493.40625,
        "max": 12812.2558594,
        "mean": 1127.67077637,
        "median": 301.46484375,
        "min": 301.46484375,
        "var": 6974030.5
    },
    "spectral_skewness": {
        "dmean": 0.0621154494584,
        "dmean2": 0.107081316411,
        "dvar": 0.00216691452079,
        "dvar2": 0.00550840375945,
        "max": 2.21668601036,
        "mean": 1.80833935738,
        "median": 1.85515475273,
        "min": 1.14564621449,
        "var": 0.0327155813575
    },
    "spectral_spread": {
        "dmean": 322693.5,
        "dmean2": 459355.46875,
        "dvar": 1.60652577997e+12,
        "dvar2": 1.77955038822e+12,
        "max": 21042660,
        "mean": 7092166,
        "median": 6714923.5,
        "min": 5908745.5,
        "var": 2.12162366669e+12
    },
    "spectral_strongpeak": {
        "dmean": 0.291991442442,
        "dmean2": 0.464405089617,
        "dvar": 0.331863313913,
        "dvar2": 0.826655328274,
        "max": 3.18933296204,
        "mean": 1.85114133358,
        "median": 2.12582349777,
        "min": 0,
        "var": 0.575113236904
    },
    "zerocrossingrate": {
        "dmean": 0.00776715949178,
        "dmean2": 0.00841319095343,
        "dvar": 0.000180319068022,
        "dvar2": 0.000106202001916,
        "max": 0.28173828125,
        "mean": 0.0732248723507,
        "median": 0.05712890625,
        "min": 0.02001953125,
        "var": 0.00270108389668
    },
    "barkbands": {
        "dmean": [0.000872079341207, 0.000692522735335, 0.000112276473374, 0.000118505246064, 0.00204128050245, 0.00251889880747, 8.96673664101e-05, 6.952683907e-05, 4.3967844249e-05, 0.000139763447805, 8.77503589436e-06, 1.57167123689e-05, 0.00018895661924, 4.52478634543e-05, 2.93868433801e-05, 0.000183187134098, 0.00011582433217, 4.58337017335e-05, 5.63704998058e-05, 3.71588466805e-05, 2.35423594859e-05, 1.46248512465e-05, 1.4072531485e-05, 1.48803292177e-05, 1.97317276616e-05, 2.05487085623e-05, 3.24401116814e-05],
        "dmean2": [0.00137897848617, 0.00115225382615, 0.000194589068997, 0.000199850444915, 0.00241523305885, 0.00320663908496, 0.000153551955009, 0.000112589237688, 8.05878880783e-05, 0.000224661329412, 1.39983312692e-05, 2.70972232101e-05, 0.000211377046071, 6.81096935295e-05, 4.64666118205e-05, 0.000224421310122, 0.000149954095832, 6.5212501795e-05, 8.45538306748e-05, 5.27179217897e-05, 3.89286287827e-05, 2.38982556766e-05, 2.27716463996e-05, 2.33862210735e-05, 3.46726337739e-05, 3.45598818967e-05, 5.39927823411e-05],
        "dvar": [1.22631695376e-06, 2.50843891081e-06, 5.07875554945e-08, 3.28795479732e-08, 9.505597518e-06, 6.79721370034e-06, 3.32579510598e-08, 4.31052882277e-09, 1.90246947085e-08, 1.00413622306e-07, 8.02784436149e-11, 2.35898522938e-10, 2.29825829479e-08, 2.12181650028e-09, 7.53581141932e-10, 2.44556783713e-08, 1.34708280086e-08, 1.32698374511e-09, 2.53158893848e-09, 1.3536320953e-09, 3.7170388989e-10, 1.55394835888e-10, 1.46962678138e-10, 2.04786465563e-10, 6.82821688081e-10, 3.11249387375e-10, 6.38563146804e-10],
        "dvar2": [2.35703578255e-06, 6.15753197053e-06, 1.2035367547e-07, 6.48658797786e-08, 2.03864929063e-05, 1.33170860863e-05, 9.51753733602e-08, 1.00420987081e-08, 5.55393597779e-08, 2.35981787e-07, 2.04155914396e-10, 5.38122824079e-10, 4.10983211907e-08, 6.14530426546e-09, 1.63516966634e-09, 3.8389558199e-08, 2.01672367695e-08, 2.83999712636e-09, 5.23811927167e-09, 2.90980728401e-09, 9.34003652198e-10, 5.3043147652e-10, 3.61222107781e-10, 5.76640513117e-10, 1.80173764797e-09, 8.72403649321e-10, 1.4557712813e-09],
        "max": [0.0261861793697, 0.0149380695075, 0.00246593286283, 0.00281721679494, 0.0443852059543, 0.0369819179177, 0.00151685008314, 0.000586729322094, 0.00132974260487, 0.00283442973159, 0.000102098470961, 0.000131655950099, 0.00221716566011, 0.000417754316004, 0.000233219398069, 0.00250307959504, 0.00122979620937, 0.000366609427147, 0.000551462522708, 0.000384737853892, 0.000176138681127, 0.000109708103992, 0.000161303920322, 0.000171487961779, 0.0003254772746, 0.000201993825613, 0.000332243944285],
        "mean": [0.0133879166096, 0.000887430214789, 0.000151457206812, 0.000168983795447, 0.0150921950117, 0.0177798438817, 0.000122119585285, 0.000159409974003, 5.94907469349e-05, 0.000494855747093, 1.61115622177e-05, 3.73297043552e-05, 0.00101843918674, 0.000150916574057, 8.6375461251e-05, 0.00147744454443, 0.000598783430178, 0.000156874782988, 0.000270088756224, 0.000123536156025, 9.14586998988e-05, 6.11061186646e-05, 6.08172122156e-05, 7.39279203117e-05, 9.80189070106e-05, 0.000130561471451, 0.000257212668657],
        "median": [0.0144077800214, 0.000415895570768, 5.51795274077e-05, 9.0200745035e-05, 0.0164469834417, 0.0193119253963, 5.65380469197e-05, 0.00013904509251, 3.53273753717e-05, 0.000484131014673, 1.37676888698e-05, 3.35567456204e-05, 0.000976566341706, 0.000138854316901, 8.00247798907e-05, 0.0015614007134, 0.000604648375884, 0.000145029276609, 0.000271278811852, 0.000111351626401, 9.03543041204e-05, 5.89253140788e-05, 5.83695655223e-05, 7.33722772566e-05, 9.41176040214e-05, 0.000128897227114, 0.0002570412762],
        "min": [0.000158753464348, 2.78096049442e-05, 2.12449776882e-06, 9.41461257753e-06, 3.09535462293e-05, 3.02649659716e-05, 5.75595004193e-06, 1.53194414452e-05, 4.63811738882e-06, 8.14562372398e-06, 1.9193373646e-06, 3.37577671417e-06, 6.37415905658e-06, 4.90613820148e-06, 2.36337837123e-06, 4.41854945166e-06, 1.15453167382e-05, 9.39005076361e-06, 7.04572494215e-06, 1.0524143363e-05, 1.84023047041e-05, 1.82555177162e-05, 2.25679068535e-05, 2.50130269706e-05, 3.15836441587e-05, 4.43517783424e-05, 4.98935842188e-05],
        "var": [5.94051489315e-05, 3.10114683089e-06, 9.535219192e-08, 9.62424593354e-08, 4.37026428699e-05, 5.61395499972e-05, 5.31857580199e-08, 1.30006965193e-08, 1.50180756719e-08, 1.17164951519e-07, 1.38936057104e-10, 5.37050071081e-10, 2.67523716957e-07, 7.48284012531e-09, 2.08989758832e-09, 3.66967753962e-07, 8.00941606371e-08, 6.69878952309e-09, 1.42415439441e-08, 4.31661417721e-09, 7.48876738399e-10, 2.70416494752e-10, 3.26253274396e-10, 2.97797148052e-10, 7.81944009542e-10, 4.6508494278e-10, 1.18567544671e-09]
    },
    "erbbands": {
        "dmean": [0.0237737298012, 0.158880874515, 0.135547652841, 0.245813295245, 0.80229473114, 4.1372923851, 39.2688064575, 5.5719332695, 1.22949182987, 1.25439429283, 1.49948561192, 0.999901711941, 1.28657233715, 4.53628778458, 0.419690608978, 0.730921387672, 3.52513337135, 7.73581552505, 1.9520329237, 8.60410404205, 3.38891029358, 4.70819807053, 3.23817920685, 3.3796415329, 2.15842175484, 1.88043498993, 0.972742795944, 0.871544837952, 0.595043361187, 0.543177962303, 0.386006653309, 0.347999066114, 0.284075587988, 0.289835572243, 0.148661315441, 0.0851451531053, 0.0450338050723, 0.0189247038215, 0.00475458288565, 0.000640156329609],
        "dmean2": [0.0400104746222, 0.259798109531, 0.22675845027, 0.409269988537, 1.37051296234, 5.05131673813, 44.785118103, 7.55696105957, 2.12992024422, 1.93022167683, 2.33973693848, 1.78414618969, 2.09572124481, 7.26443481445, 0.699610173702, 1.27590608597, 4.08024597168, 9.43337631226, 3.0168197155, 10.5432701111, 4.40549135208, 5.94386672974, 4.78772258759, 4.74244737625, 3.39731192589, 2.85068321228, 1.51673853397, 1.48237109184, 0.954938054085, 0.846110999584, 0.651766955853, 0.583902835846, 0.457670211792, 0.49558275938, 0.254457771778, 0.144065275788, 0.0765622258186, 0.0323770493269, 0.00772428931668, 0.00108530558646],
        "dvar": [0.00140624702908, 0.152560502291, 0.0675580725074, 0.217824786901, 1.27030432224, 31.002828598, 2811.97290039, 25.9263210297, 7.49717473984, 6.42052555084, 2.09393954277, 8.42156982422, 9.36339187622, 93.5474395752, 0.196142598987, 0.456649065018, 7.56706190109, 49.2400512695, 3.30390834808, 50.7986183167, 8.57600498199, 21.7290477753, 6.68328952789, 7.75390625, 3.8393881321, 3.90512251854, 0.76312148571, 0.414552032948, 0.266916066408, 0.328167080879, 0.109784349799, 0.16169410944, 0.0643903315067, 0.242863819003, 0.0136073101312, 0.00614019157365, 0.00110486918129, 0.000261890789261, 1.16494938993e-05, 2.73882932333e-07],
        "dvar2": [0.00337099260651, 0.3788882792, 0.157964885235, 0.45232090354, 3.008446455, 67.608253479, 5631.11328125, 49.4929733276, 20.3446025848, 12.7365093231, 4.63856983185, 24.4192466736, 23.4102210999, 216.555023193, 0.506256759167, 1.1217828989, 15.0159635544, 96.596534729, 6.79283809662, 82.212097168, 14.4504842758, 31.3923034668, 16.382188797, 18.2154827118, 10.209435463, 8.98221969604, 2.00948524475, 1.06696486473, 0.906112492085, 0.67725020647, 0.311087071896, 0.446782410145, 0.186021015048, 0.646750807762, 0.0346819497645, 0.017546672374, 0.0031481445767, 0.000645098800305, 3.11655458063e-05, 7.68901486481e-07],
        "max": [0.357618033886, 3.61884140968, 2.11689448357, 7.59945297241, 9.87313175201, 86.4067001343, 717.182067871, 80.7639541626, 21.550983429, 36.4421424866, 14.1272497177, 27.9303798676, 29.2427062988, 87.0381011963, 4.98016738892, 5.1025891304, 40.4878768921, 89.0948944092, 18.0423469543, 119.839431763, 52.0143089294, 48.233997345, 27.8369407654, 31.3293266296, 19.8160934448, 21.5810222626, 9.84958839417, 5.62538862228, 4.8342165947, 8.62159729004, 3.20723724365, 4.40574789047, 2.95807099342, 5.82875442505, 1.26004862785, 0.835203111172, 0.342432975769, 0.178462296724, 0.0466064438224, 0.00560155278072],
        "mean": [0.0544476509094, 0.19232095778, 0.19855505228, 0.434301942587, 1.41487956047, 29.6890792847, 298.633605957, 38.0597877502, 2.90392374992, 2.42195892334, 3.50729036331, 1.60741901398, 3.95498299599, 16.9437179565, 1.50635206699, 2.03898835182, 18.8274326324, 41.2233657837, 7.96146631241, 69.5766143799, 32.3338661194, 21.6935195923, 16.0693626404, 13.3996086121, 10.8448390961, 6.27766036987, 4.10891532898, 2.9197576046, 2.31896686554, 1.95583891869, 1.71143424511, 1.46494877338, 1.30828022957, 1.06186509132, 0.714016973972, 0.456000268459, 0.246991202235, 0.11544252187, 0.0323708876967, 0.00409188121557],
        "median": [0.0453172959387, 0.0704712718725, 0.0707094818354, 0.194007635117, 1.12347400188, 32.0590667725, 318.809997559, 40.4271583557, 2.23145079613, 1.31267821789, 2.89143657684, 1.0924577713, 3.60281515121, 16.604259491, 1.39095520973, 1.86793982983, 17.8472633362, 38.6183586121, 8.0205821991, 74.2981643677, 35.1398544312, 20.964963913, 16.6376361847, 12.8464584351, 11.42000103, 5.77304887772, 4.1262755394, 2.8684463501, 2.19721698761, 1.82501804829, 1.69429826736, 1.42927765846, 1.26029825211, 1.00026094913, 0.691441178322, 0.446297824383, 0.244882881641, 0.115047991276, 0.0325677543879, 0.00406384561211],
        "min": [0.00343788717873, 0.00607911683619, 0.0143393874168, 0.0372467711568, 0.0250778608024, 0.107862688601, 0.358368694782, 0.167492672801, 0.189890325069, 0.219116330147, 0.39624902606, 0.178487792611, 0.160403579473, 0.284204572439, 0.18598036468, 0.186365634203, 0.297315001488, 0.324152559042, 0.0952885374427, 0.222130581737, 0.341051012278, 0.661420047283, 0.50823789835, 0.297844082117, 0.427038908005, 0.478719055653, 0.928994655609, 0.518616199493, 0.596703231335, 0.910002946854, 0.743078708649, 0.630704402924, 0.368336468935, 0.332406908274, 0.250129461288, 0.191094219685, 0.0743076130748, 0.0201071351767, 0.00677994731814, 0.000840397842694],
        "var": [0.00220631551929, 0.180928215384, 0.143723636866, 0.816576480865, 1.80662870407, 169.585464478, 16160.328125, 265.448028564, 8.9907951355, 17.1043510437, 6.54839372635, 6.54103517532, 11.4042215347, 116.514434814, 0.605982005596, 1.02466881275, 88.15990448, 442.198791504, 13.1552858353, 803.95916748, 155.337005615, 118.885635376, 42.0070457458, 44.1488952637, 17.4987316132, 10.8508319855, 1.89112257957, 0.753214359283, 0.475102424622, 0.720432698727, 0.165026053786, 0.174433603883, 0.0970024242997, 0.233233734965, 0.0244003925472, 0.0087663596496, 0.00179632334039, 0.000379691889975, 2.45354513027e-05, 4.09422227676e-07]
    },
    "gfcc": {
        "mean": [37.2544250488, 26.8993835449, -84.9201126099, 9.94878101349, -26.7656745911, -17.0279006958, -55.4242477417, -13.6017837524, -22.9707126617, 2.20388150215, -4.80253505707, 15.6433334351, 14.2064170837],
        "cov": [[724.493469238, 337.083007812, -212.132202148, -12.478392601, 137.765350342, -70.5542449951, -148.057144165, -57.9403839111, -24.947763443, 5.12303876877, 24.6514968872, 41.612953186, 100.782073975], [337.083007812, 206.933670044, -58.097454071, 6.45771980286, 64.77734375, -18.7332668304, -44.6670532227, -7.04833221436, -0.429094582796, 3.19788551331, 3.44543862343, 4.33679103851, 23.5325241089], [-212.132202148, -58.097454071, 147.391876221, 33.7169075012, -49.8796730042, 47.6314430237, 89.7842178345, 50.4226226807, 22.2810993195, -5.3827290535, -25.1064434052, -35.9943733215, -63.7392654419], [-12.478392601, 6.45771980286, 33.7169075012, 28.1533184052, 8.34279918671, 15.2536764145, 19.3102359772, 7.74269866943, 0.0593879036605, -2.06774497032, -3.4524834156, -2.36450791359, -7.1797618866], [137.765350342, 64.77734375, -49.8796730042, 8.34279918671, 54.7066726685, -10.2943763733, -37.8086280823, -20.8778133392, -12.7460298538, 1.35704934597, 10.9588022232, 16.4100170135, 29.4475803375], [-70.5542449951, -18.7332668304, 47.6314430237, 15.2536764145, -10.2943763733, 30.1758785248, 36.9593315125, 19.7268505096, 6.73644256592, -1.99065053463, -5.99879598618, -11.206987381, -21.9145355225], [-148.057144165, -44.6670532227, 89.7842178345, 19.3102359772, -37.8086280823, 36.9593315125, 72.7892684937, 40.6811027527, 19.3015861511, -1.26065540314, -13.9523630142, -22.2408370972, -41.6271591187], [-57.9403839111, -7.04833221436, 50.4226226807, 7.74269866943, -20.8778133392, 19.7268505096, 40.6811027527, 37.111000061, 20.489566803, 1.34088480473, -8.35527229309, -15.949511528, -25.3866882324], [-24.947763443, -0.429094582796, 22.2810993195, 0.0593879036605, -12.7460298538, 6.73644256592, 19.3015861511, 20.489566803, 20.0368556976, 5.10977697372, -3.97637152672, -9.2689332962, -14.0373191833], [5.12303876877, 3.19788551331, -5.3827290535, -2.06774497032, 1.35704934597, -1.99065053463, -1.26065540314, 1.34088480473, 5.10977697372, 9.98725414276, 4.45915651321, -0.317678511143, 1.30615603924], [24.6514968872, 3.44543862343, -25.1064434052, -3.4524834156, 10.9588022232, -5.99879598618, -13.9523630142, -8.35527229309, -3.97637152672, 4.45915651321, 17.1974220276, 14.5446281433, 15.0920343399], [41.612953186, 4.33679103851, -35.9943733215, -2.36450791359, 16.4100170135, -11.206987381, -22.2408370972, -15.949511528, -9.2689332962, -0.317678511143, 14.5446281433, 25.3671646118, 26.2837638855], [100.782073975, 23.5325241089, -63.7392654419, -7.1797618866, 29.4475803375, -21.9145355225, -41.6271591187, -25.3866882324, -14.0373191833, 1.30615603924, 15.0920343399, 26.2837638855, 45.284828186]],
        "icov": [[0.0183591768146, -0.0247114375234, 0.0153217017651, -0.0132901379839, 0.00833951309323, -0.00312004750594, 0.0105302259326, -0.0050920159556, -0.000604576896876, 0.00479624187574, 0.00379990669899, 0.00541078997776, -0.013399053365], [-0.0247114375234, 0.0438637509942, -0.0175523031503, 0.0148572744802, -0.0256838947535, 0.011553267017, -0.0116210412234, -0.00311373756267, -0.00180522317532, -0.00356645486318, -0.00314787961543, -0.00213766284287, 0.021549647674], [0.0153217017651, -0.0175523031503, 0.0673387274146, -0.0575171411037, 0.0259136706591, -0.00447247549891, -0.00920242350549, -0.0164120346308, 0.00190215767361, 0.0115958191454, 0.0103834075853, 0.0106857996434, 0.0146013349295], [-0.0132901379839, 0.0148572744802, -0.0575171411037, 0.132940545678, -0.0649530589581, 0.000380707409931, -0.0402695685625, 0.0211252514273, 0.012668077834, -0.0117580983788, 0.0102980760857, -0.0264897868037, -0.00456617446616], [0.00833951309323, -0.0256838947535, 0.0259136706591, -0.0649530589581, 0.0972517132759, -0.0454390011728, 0.0504655241966, -0.00438037933782, 0.00322144431993, -0.00782744027674, -0.00420080590993, 0.00443319091573, -0.0202814694494], [-0.00312004750594, 0.011553267017, -0.00447247549891, 0.000380707409931, -0.0454390011728, 0.131085693836, -0.0708729177713, -0.00945769064128, 0.0190781503916, 0.0179118942469, -0.0225886236876, 0.0124121336266, 0.0229596216232], [0.0105302259326, -0.0116210412234, -0.00920242350549, -0.0402695685625, 0.0504655241966, -0.0708729177713, 0.141402393579, -0.0588770397007, 0.00253141415305, -0.018102850765, 0.0142430253327, -0.0147563731298, -0.0017475746572], [-0.0050920159556, -0.00311373756267, -0.0164120346308, 0.0211252514273, -0.00438037933782, -0.00945769064128, -0.0588770397007, 0.151115834713, -0.0991337001324, 0.0353351980448, -0.0262138955295, 0.024700846523, -0.0152836237103], [-0.000604576896876, -0.00180522317532, 0.00190215767361, 0.012668077834, 0.00322144431993, 0.0190781503916, 0.00253141415305, -0.0991337001324, 0.171828359365, -0.0833499729633, 0.029565313831, -0.0268710982054, 0.0222697667778], [0.00479624187574, -0.00356645486318, 0.0115958191454, -0.0117580983788, -0.00782744027674, 0.0179118942469, -0.018102850765, 0.0353351980448, -0.0833499729633, 0.186800584197, -0.0873078107834, 0.0707227140665, -0.0206131488085], [0.00379990669899, -0.00314787961543, 0.0103834075853, 0.0102980760857, -0.00420080590993, -0.0225886236876, 0.0142430253327, -0.0262138955295, 0.029565313831, -0.0873078107834, 0.167899399996, -0.104245729744, 0.015856584534], [0.00541078997776, -0.00213766284287, 0.0106857996434, -0.0264897868037, 0.00443319091573, 0.0124121336266, -0.0147563731298, 0.024700846523, -0.0268710982054, 0.0707227140665, -0.104245729744, 0.178017809987, -0.0756345242262], [-0.013399053365, 0.021549647674, 0.0146013349295, -0.00456617446616, -0.0202814694494, 0.0229596216232, -0.0017475746572, -0.0152836237103, 0.0222697667778, -0.0206131488085, 0.015856584534, -0.0756345242262, 0.120768643916]]
    },
    "melbands": {
        "dmean": [0.00022186053684, 0.000117635470815, 5.71905038669e-05, 6.57651180518e-05, 0.0011036550859, 0.000191754792468, 1.83148640645e-05, 1.37039623951e-05, 1.20968370538e-05, 6.09927155892e-06, 8.029835044e-06, 2.09462778002e-05, 1.38901964419e-06, 1.83303700396e-06, 1.12599127533e-06, 1.92375118786e-05, 1.247205455e-05, 3.00450597024e-06, 2.77914637081e-06, 1.85194239748e-05, 3.38058498528e-06, 3.8118600969e-06, 6.84340920998e-06, 3.54387361767e-06, 3.39047642228e-06, 2.46939316639e-06, 1.27761029489e-06, 1.56748274094e-06, 5.9099261307e-07, 6.92011553838e-07, 5.88824605074e-07, 3.79401541295e-07, 3.84985952451e-07, 3.27568528746e-07, 2.56867451753e-07, 2.65898989937e-07, 2.3071071098e-07, 2.24775462243e-07, 2.40607562318e-07, 2.7811296377e-07],
        "dmean2": [0.000363946979633, 0.000188940553926, 9.39073070185e-05, 9.88633109955e-05, 0.00123804504983, 0.000260687345872, 3.20789222314e-05, 2.13093026105e-05, 1.93310170289e-05, 1.10770852189e-05, 1.29679337988e-05, 3.35332479153e-05, 2.27904820349e-06, 3.07369577968e-06, 1.94210929294e-06, 2.23932056542e-05, 1.52643060574e-05, 4.64935237687e-06, 3.90524110117e-06, 2.23849619942e-05, 4.95253607369e-06, 4.96562870467e-06, 8.67666858539e-06, 5.01966769662e-06, 4.9215755098e-06, 3.68107794202e-06, 1.88473075013e-06, 2.45303886004e-06, 1.00190129615e-06, 1.05637047909e-06, 1.00232205114e-06, 6.20865193923e-07, 6.50450317607e-07, 5.09737162702e-07, 4.29235342381e-07, 4.55306349068e-07, 3.95156007471e-07, 3.75067202185e-07, 3.92354252199e-07, 4.80697565308e-07],
        "dvar": [1.70814388412e-07, 6.65400605726e-08, 7.92150522955e-09, 1.13214593256e-08, 2.29524198403e-06, 2.96269160316e-08, 1.54163060095e-09, 5.75390401991e-10, 1.78590253697e-10, 3.19814702499e-10, 3.7675773612e-10, 2.07506789529e-09, 2.20949755887e-12, 3.22431079232e-12, 1.63133439049e-12, 2.53320503463e-10, 1.30778249341e-10, 7.1957361944e-12, 6.10107840984e-12, 2.48442544315e-10, 8.04111464914e-12, 1.24849176136e-11, 4.93696784842e-11, 8.65248844795e-12, 8.1897969309e-12, 4.46967983458e-12, 1.42558751262e-12, 2.49163905654e-12, 2.8396068049e-13, 2.97835676477e-13, 2.18325412003e-13, 1.06238605966e-13, 1.12556902546e-13, 1.36133630952e-13, 5.1478366383e-14, 5.17937777356e-14, 9.89073325195e-14, 5.19139479939e-14, 8.6191280892e-14, 1.62161747246e-13],
        "dvar2": [4.21233977477e-07, 1.56348619385e-07, 1.60646784764e-08, 1.63284727961e-08, 4.72785768579e-06, 5.84220849476e-08, 4.21818580065e-09, 1.1743259698e-09, 4.16487400123e-10, 9.3605934115e-10, 9.30088284168e-10, 4.81414996756e-09, 5.9683976511e-12, 7.42245067492e-12, 4.47057885503e-12, 4.91629126298e-10, 2.56837551227e-10, 1.549161667e-11, 9.75877451764e-12, 3.83816284311e-10, 1.27771647429e-11, 2.00251776966e-11, 6.8241468032e-11, 1.65339911901e-11, 2.00682370027e-11, 1.23629500734e-11, 3.20195714561e-12, 5.94435785317e-12, 7.56450403618e-13, 8.90408731989e-13, 6.02823129955e-13, 3.25997909223e-13, 3.55098112373e-13, 2.68149841524e-13, 1.49340758401e-13, 1.45553938368e-13, 2.68053455951e-13, 1.51915494615e-13, 2.11610202559e-13, 4.4367471936e-13],
        "max": [0.00417292304337, 0.00244253943674, 0.00134851154871, 0.00142444600351, 0.020860882476, 0.00263837096281, 0.00030373793561, 0.000333318312187, 0.000132645523991, 0.000169252743945, 0.000172969841515, 0.000407804967836, 1.68046117324e-05, 1.70060775417e-05, 1.00871511677e-05, 0.000222298505832, 0.000143829456647, 2.45830324275e-05, 4.20693395426e-05, 0.000251156423474, 3.31293376803e-05, 4.1308827349e-05, 6.25420871074e-05, 2.88079263555e-05, 2.80207696051e-05, 2.08864694287e-05, 1.02735402834e-05, 1.5610428818e-05, 5.0622852541e-06, 4.99829320688e-06, 3.21416450788e-06, 3.11156441057e-06, 2.7490048069e-06, 5.26513304067e-06, 1.76131686658e-06, 2.09830909625e-06, 3.49539254785e-06, 2.52681093116e-06, 3.60952344636e-06, 4.62439356852e-06],
        "mean": [0.000839891145006, 0.000160095180036, 8.97010177141e-05, 0.000208164332435, 0.00840190052986, 0.00130554940552, 2.41977922997e-05, 2.66115930572e-05, 2.68263556791e-05, 8.30751923786e-06, 2.36490468524e-05, 7.66575612943e-05, 2.83277108792e-06, 4.46168132839e-06, 2.53910980064e-06, 0.000102172212792, 6.62679303787e-05, 8.21269259177e-06, 2.28803746722e-05, 0.000146970021888, 1.76970097527e-05, 2.03314175451e-05, 2.45195096795e-05, 1.14986860353e-05, 1.06148854684e-05, 9.53254948399e-06, 4.49794697488e-06, 4.29515330325e-06, 2.07620564652e-06, 2.37156814364e-06, 1.58074340106e-06, 1.30644298224e-06, 1.19504045415e-06, 1.02885178421e-06, 9.71337158262e-07, 9.51695881213e-07, 8.71247436862e-07, 9.17681347801e-07, 8.81865673819e-07, 9.00380655366e-07],
        "median": [0.000798547931481, 5.54542930331e-05, 4.69485785288e-05, 0.000190529841348, 0.00888796988875, 0.00139954616316, 1.20535678434e-05, 1.58757684403e-05, 2.20376095967e-05, 5.3758476497e-06, 2.17110173253e-05, 7.44271164876e-05, 2.47935781772e-06, 4.0246241042e-06, 2.27218765758e-06, 9.77373711066e-05, 6.2009676185e-05, 7.54600978325e-06, 2.44322727667e-05, 0.000155494097271, 1.91309009097e-05, 2.08014698728e-05, 2.07810553547e-05, 1.06146399048e-05, 9.31160684559e-06, 9.71022927843e-06, 4.22685297963e-06, 4.00136696044e-06, 2.02767068913e-06, 2.32044772019e-06, 1.45532374063e-06, 1.24438463445e-06, 1.15570583148e-06, 9.40620566325e-07, 9.49655145632e-07, 9.34051854529e-07, 8.54306108522e-07, 8.80479205989e-07, 8.34119987303e-07, 8.40103723476e-07],
        "min": [4.7906065447e-05, 9.37373624765e-06, 6.52366770737e-06, 3.45011994796e-06, 1.13757669169e-05, 4.15056547354e-06, 1.57548993229e-06, 1.88871001683e-06, 2.67028485723e-06, 7.38024311886e-07, 6.70988072216e-07, 8.88376291641e-07, 6.42168970444e-07, 6.02256193361e-07, 4.9385158718e-07, 7.03822536252e-07, 5.29697899765e-07, 1.44095764654e-07, 2.33606556321e-07, 2.34506245533e-07, 3.73634406969e-07, 7.74753857513e-07, 5.15145245572e-07, 3.92690822082e-07, 2.0860854022e-07, 2.97866449728e-07, 3.21250809066e-07, 2.9140895208e-07, 6.39170934846e-07, 3.52274270199e-07, 3.21461641306e-07, 3.25243405541e-07, 3.73010578869e-07, 3.41027430295e-07, 4.04760584161e-07, 3.86272205333e-07, 3.27181169268e-07, 2.35944654037e-07, 2.64554159912e-07, 2.889678683e-07],
        "var": [3.51888814976e-07, 1.10685299148e-07, 2.32650378962e-08, 2.26694236716e-08, 1.28722040245e-05, 3.05660165623e-07, 1.80298198593e-09, 1.51667478576e-09, 4.28541868658e-10, 2.39368885824e-10, 4.3293349461e-10, 2.50995979556e-09, 3.66770502858e-12, 7.60834104052e-12, 2.21380314254e-12, 2.70134137281e-09, 1.14719289623e-09, 2.10317822186e-11, 7.82971881774e-11, 3.69891450802e-09, 5.98643981609e-11, 8.49872047737e-11, 2.10637896014e-10, 4.25343683885e-11, 3.50785407666e-11, 1.75289470439e-11, 4.62262823506e-12, 6.23993088103e-12, 5.03365957857e-13, 7.19130213277e-13, 3.3998739696e-13, 1.9129007189e-13, 1.61063721496e-13, 3.03851670387e-13, 7.01672267923e-14, 6.90189482714e-14, 9.47830816654e-14, 6.48726135744e-14, 1.04467399087e-13, 1.63932805048e-13]
    },
    "mfcc": {
        "mean": [-632.916503906, 89.6488494873, -1.01109015942, 30.1990947723, 29.542470932, -1.06487882137, -12.2158584595, -12.3469619751, -8.26456832886, -6.7986831665, -9.74355506897, -11.4886827469, -6.74417924881],
        "cov": [[774.152893066, 284.691894531, -248.104156494, 60.6446228027, 160.87322998, -23.4319763184, -64.403968811, -70.8601760864, -26.3772830963, -6.86892604828, -51.1791954041, -70.0606536865, -26.7977199554], [284.691894531, 154.358230591, -58.902469635, 26.2695198059, 51.0596580505, -12.1470527649, -20.6330871582, -15.8640594482, -0.629816114902, 7.23974180222, -5.4684882164, -15.5324554443, -6.57352828979], [-248.104156494, -58.902469635, 154.6509552, -14.680264473, -78.0791244507, 6.96883773804, 33.5220794678, 44.2159156799, 27.1734638214, 14.282957077, 30.9267272949, 37.8752937317, 23.0765628815], [60.6446228027, 26.2695198059, -14.680264473, 27.2836208344, 24.8647785187, 7.27376365662, 1.11925685406, -4.06754016876, 0.931169033051, -3.640802145, -8.90541362762, -6.20421934128, -2.24993729591], [160.87322998, 51.0596580505, -78.0791244507, 24.8647785187, 67.4821166992, 4.93555021286, -10.682723999, -20.4815292358, -11.1703042984, -9.8435716629, -20.1351528168, -23.7632102966, -14.1151351929], [-23.4319763184, -12.1470527649, 6.96883773804, 7.27376365662, 4.93555021286, 20.7704429626, 14.4117908478, 5.26916742325, -1.48136460781, -6.03194618225, -6.29546785355, -0.653640449047, 0.569596290588], [-64.403968811, -20.6330871582, 33.5220794678, 1.11925685406, -10.682723999, 14.4117908478, 28.170331955, 17.2452697754, 4.54891061783, -0.39844930172, 1.44440484047, 6.29262495041, 5.14448785782], [-70.8601760864, -15.8640594482, 44.2159156799, -4.06754016876, -20.4815292358, 5.26916742325, 17.2452697754, 28.7765007019, 9.80720710754, 4.50790882111, 8.79551506042, 12.2222232819, 8.39182758331], [-26.3772830963, -0.629816114902, 27.1734638214, 0.931169033051, -11.1703042984, -1.48136460781, 4.54891061783, 9.80720710754, 20.7979640961, 9.29317760468, 7.12052106857, 7.86100625992, 3.60284638405], [-6.86892604828, 7.23974180222, 14.282957077, -3.640802145, -9.8435716629, -6.03194618225, -0.39844930172, 4.50790882111, 9.29317760468, 17.1524219513, 11.4747228622, 5.47213983536, -0.106261633337], [-51.1791954041, -5.4684882164, 30.9267272949, -8.90541362762, -20.1351528168, -6.29546785355, 1.44440484047, 8.79551506042, 7.12052106857, 11.4747228622, 25.0144023895, 11.5539093018, 1.97515106201], [-70.0606536865, -15.5324554443, 37.8752937317, -6.20421934128, -23.7632102966, -0.653640449047, 6.29262495041, 12.2222232819, 7.86100625992, 5.47213983536, 11.5539093018, 24.6688232422, 12.0372285843], [-26.7977199554, -6.57352828979, 23.0765628815, -2.24993729591, -14.1151351929, 0.569596290588, 5.14448785782, 8.39182758331, 3.60284638405, -0.106261633337, 1.97515106201, 12.0372285843, 18.8105792999]],
