{
"lowlevel": {
    "average_loudness": 0.921982109547,
    "barkbands_crest": {
        "dmean": 3.41324567795,
        "dmean2": 5.66835737228,
        "dvar": 7.69147014618,
        "dvar2": 18.0048351288,
        "max": 25.5664386749,
        "mean": 11.0307712555,
        "median": 9.98458099365,
        "min": 3.06427049637,
        "var": 20.6136417389
    },
    "barkbands_flatness_db": {
        "dmean": 0.0275817848742,
        "dmean2": 0.0435517914593,
        "dvar": 0.000595377059653,
        "dvar2": 0.00145140604582,
        "max": 0.33956387639,
        "mean": 0.172298669815,
        "median": 0.168200433254,
        "min": 0.0546145066619,
        "var": 0.00272392923944
    },
    "barkbands_kurtosis": {
        "dmean": 2.12538719177,
        "dmean2": 3.63449573517,
        "dvar": 13.0720386505,
        "dvar2": 37.986656189,
        "max": 44.3631095886,
        "mean": 2.10183644295,
        "median": 0.957930445671,
        "min": -1.69832777977,
        "var": 17.8517475128
    },
    "barkbands_skewness": {
        "dmean": 0.607115805149,
        "dmean2": 0.987820565701,
        "dvar": 0.444574326277,
        "dvar2": 1.11594676971,
        "max": 6.09322595596,
        "mean": 0.694471418858,
        "median": 0.764047861099,
        "min": -2.81688332558,
        "var": 1.25497460365
    },
    "barkbands_spread": {
        "dmean": 5.41492795944,
        "dmean2": 9.18470001221,
        "dvar": 42.8022499084,
        "dvar2": 119.527633667,
        "max": 53.3058738708,
        "mean": 15.7273616791,
        "median": 13.1130027771,
        "min": 1.54242157936,
        "var": 83.5058441162
    },
    "dissonance": {
        "dmean": 0.0262726005167,
        "dmean2": 0.0470234937966,
        "dvar": 0.00106407131534,
        "dvar2": 0.00310442410409,
        "max": 0.500000059605,
        "mean": 0.473866283894,
        "median": 0.483457654715,
        "min": 0.210621729493,
        "var": 0.000978743424639
    },
    "dynamic_complexity": 9.44231510162,
    "erbbands_crest": {
        "dmean": 3.72747159004,
        "dmean2": 5.97575187683,
        "dvar": 9.76416015625,
        "dvar2": 22.8490829468,
        "max": 30.9368972778,
        "mean": 12.3504934311,
        "median": 11.292309761,
        "min": 3.23521566391,
        "var": 29.2664260864
    },
    "erbbands_flatness_db": {
        "dmean": 0.0269576013088,
        "dmean2": 0.0429174043238,
        "dvar": 0.000566269562114,
        "dvar2": 0.00126603094395,
        "max": 0.424221694469,
        "mean": 0.251753807068,
        "median": 0.240230590105,
        "min": 0.134662643075,
        "var": 0.00325153907761
    },
    "erbbands_kurtosis": {
        "dmean": 1.65151870251,
        "dmean2": 2.83984303474,
        "dvar": 5.51141834259,
        "dvar2": 14.9005203247,
        "max": 22.6354942322,
        "mean": 0.980635941029,
        "median": 0.410150766373,
        "min": -1.51562011242,
        "var": 6.2763261795
    },
    "erbbands_skewness": {
        "dmean": 0.56697499752,
        "dmean2": 0.922524988651,
        "dvar": 0.312489598989,
        "dvar2": 0.815233588219,
        "max": 4.39783334732,
        "mean": 0.400114506483,
        "median": 0.453221052885,
        "min": -2.21384906769,
        "var": 0.809887945652
    },
    "erbbands_spread": {
        "dmean": 7.51676464081,
        "dmean2": 12.5864963531,
        "dvar": 64.0752868652,
        "dvar2": 178.720245361,
        "max": 75.3445968628,
        "mean": 22.4755058289,
        "median": 19.8085975647,
        "min": 2.47600960732,
        "var": 146.995346069
    },
    "hfc": {
        "dmean": 18.3104896545,
        "dmean2": 33.5336685181,
        "dvar": 3684.29907227,
        "dvar2": 10604.9716797,
        "max": 690.19128418,
        "mean": 13.1638479233,
        "median": 0.814377784729,
        "min": 0.0037547936663,
        "var": 2268.90161133
    },
    "melbands_crest": {
        "dmean": 3.7092461586,
        "dmean2": 5.96671056747,
        "dvar": 9.59065628052,
        "dvar2": 23.0820903778,
        "max": 30.4197235107,
        "mean": 12.2857894897,
        "median": 11.2521705627,
        "min": 3.88045787811,
        "var": 25.6779174805
    },
    "melbands_flatness_db": {
        "dmean": 0.0330591574311,
        "dmean2": 0.0525133386254,
        "dvar": 0.001095992513,
        "dvar2": 0.0026496576611,
        "max": 0.349784582853,
        "mean": 0.183554679155,
        "median": 0.184804320335,
        "min": 0.0355732701719,
        "var": 0.00377916567959
    },
    "melbands_kurtosis": {
        "dmean": 3.01492524147,
        "dmean2": 5.05734968185,
        "dvar": 32.1390571594,
        "dvar2": 96.6656417847,
        "max": 71.7012863159,
        "mean": 3.45212435722,
        "median": 2.14840364456,
        "min": -1.74712431431,
        "var": 31.7289218903
    },
    "melbands_skewness": {
        "dmean": 0.619808375835,
        "dmean2": 0.990961492062,
        "dvar": 0.408767312765,
        "dvar2": 1.06985831261,
        "max": 6.32987356186,
        "mean": 1.091558218,
        "median": 1.02775621414,
        "min": -2.3090441227,
        "var": 1.01016402245
    },
    "melbands_spread": {
        "dmean": 12.0284700394,
        "dmean2": 20.2445793152,
        "dvar": 300.66897583,
        "dvar2": 744.272705078,
        "max": 126.604545593,
        "mean": 30.0600261688,
        "median": 21.8654079437,
        "min": 1.97291052341,
        "var": 551.972412109
    },
    "pitch_salience": {
        "dmean": 0.106462106109,
        "dmean2": 0.173517599702,
        "dvar": 0.00859694834799,
        "dvar2": 0.022028747946,
        "max": 0.919036149979,
        "mean": 0.59216016531,
        "median": 0.599347412586,
        "min": 0.204606488347,
        "var": 0.0170640740544
    },
    "silence_rate_20dB": {
        "dmean": 0,
        "dmean2": 0,
        "dvar": 0,
        "dvar2": 0,
        "max": 1,
        "mean": 1,
        "median": 1,
        "min": 1,
        "var": 0
    },
    "silence_rate_30dB": {
        "dmean": 0.00435729837045,
        "dmean2": 0.00873362459242,
        "dvar": 0.00433830684051,
        "dvar2": 0.00865735113621,
        "max": 1,
        "mean": 0.995652198792,
        "median": 1,
        "min": 0,
        "var": 0.00432893214747
    },
    "silence_rate_60dB": {
        "dmean": 0.124183006585,
        "dmean2": 0.248908296227,
        "dvar": 0.108761936426,
        "dvar2": 0.191320344806,
        "max": 1,
        "mean": 0.713043451309,
        "median": 1,
        "min": 0,
        "var": 0.204612344503
    },
    "spectral_centroid": {
        "dmean": 389.75894165,
        "dmean2": 637.795837402,
        "dvar": 271023.9375,
        "dvar2": 635422.8125,
        "max": 4559.30273438,
        "mean": 1923.14782715,
        "median": 1735.02722168,
        "min": 392.765838623,
        "var": 728720.1875
    },
    "spectral_complexity": {
        "dmean": 3.23965144157,
        "dmean2": 5.24890851974,
        "dvar": 32.2867279053,
        "dvar2": 78.068939209,
        "max": 38,
        "mean": 4.5847826004,
        "median": 2,
        "min": 0,
        "var": 43.6688995361
    },
    "spectral_decrease": {
        "dmean": 1.95213645249e-09,
        "dmean2": 3.46447937005e-09,
        "dvar": 7.31967425662e-17,
        "dvar2": 2.10000669918e-16,
        "max": -1.6694004035e-12,
        "mean": -1.54795676277e-09,
        "median": -1.20017579208e-10,
        "min": -1.22327278973e-07,
        "var": 4.52534399649e-17
    },
    "spectral_energy": {
        "dmean": 0.00902160722762,
        "dmean2": 0.0160528942943,
        "dvar": 0.00138900487218,
        "dvar2": 0.00398209271953,
        "max": 0.52429330349,
        "mean": 0.00703633856028,
        "median": 0.000522354850546,
        "min": 6.64127992422e-06,
        "var": 0.000860233907588
    },
    "spectral_energyband_high": {
        "dmean": 0.00154669093899,
        "dmean2": 0.00290467659943,
        "dvar": 2.56329785771e-05,
        "dvar2": 7.58698952268e-05,
        "max": 0.0438630543649,
        "mean": 0.000939367339015,
        "median": 1.11136087071e-05,
        "min": 6.42613713353e-08,
        "var": 1.49679099195e-05
    },
    "spectral_energyband_low": {
        "dmean": 1.82607004717e-06,
        "dmean2": 2.91341461889e-06,
        "dvar": 1.3465018163e-11,
        "dvar2": 2.99976224416e-11,
        "max": 3.53151117451e-05,
        "mean": 2.31954982155e-06,
        "median": 8.85529516381e-07,
        "min": 7.18210202422e-08,
        "var": 2.03414264599e-11
    },
    "spectral_energyband_middle_high": {
        "dmean": 0.00622251769528,
        "dmean2": 0.0110710589215,
        "dvar": 0.00105661572888,
        "dvar2": 0.00304814777337,
        "max": 0.480514347553,
        "mean": 0.00498772552237,
        "median": 0.000367668195395,
        "min": 4.98457723097e-07,
        "var": 0.000640725833364
    },
    "spectral_energyband_middle_low": {
        "dmean": 0.0017080353573,
        "dmean2": 0.0029031727463,
        "dvar": 2.97002952721e-05,
        "dvar2": 8.02196373115e-05,
        "max": 0.0543074719608,
        "mean": 0.00135597749613,
        "median": 7.71316626924e-05,
        "min": 4.19086336478e-06,
        "var": 2.26087886404e-05
    },
    "spectral_entropy": {
        "dmean": 0.251948356628,
        "dmean2": 0.392967760563,
        "dvar": 0.0711400061846,
        "dvar2": 0.159542605281,
        "max": 8.47869110107,
        "mean": 7.37773752213,
        "median": 7.40071582794,
        "min": 5.8991856575,
        "var": 0.19099996984
    },
    "spectral_flux": {
        "dmean": 0.0270550884306,
        "dmean2": 0.0431980863214,
        "dvar": 0.00369235803373,
        "dvar2": 0.00745416013524,
        "max": 0.710020780563,
        "mean": 0.0446618199348,
        "median": 0.0169659554958,
        "min": 0.00121535873041,
        "var": 0.00508102541789
    },
    "spectral_kurtosis": {
        "dmean": 2.74377989769,
        "dmean2": 4.66431951523,
        "dvar": 10.8906288147,
        "dvar2": 28.5360660553,
        "max": 32.4811668396,
        "mean": 6.53467273712,
        "median": 5.2893280983,
        "min": 0.48913025856,
        "var": 30.1970558167
    },
    "spectral_rms": {
        "dmean": 0.000957545067649,
        "dmean2": 0.00152935471851,
        "dvar": 4.16142711401e-06,
        "dvar2": 1.08443991849e-05,
        "max": 0.0226164907217,
        "mean": 0.0015024356544,
        "median": 0.000713872606866,
        "min": 8.04940864327e-05,
        "var": 4.60740920971e-06
    },
    "spectral_rolloff": {
        "dmean": 861.421081543,
        "dmean2": 1533.04296875,
        "dvar": 1638327.875,
        "dvar2": 3783797.75,
        "max": 8225.68359375,
        "mean": 2490.97045898,
        "median": 1937.98828125,
        "min": 538.330078125,
        "var": 2966941.75
    },
    "spectral_skewness": {
        "dmean": 0.335325449705,
        "dmean2": 0.57466506958,
        "dvar": 0.141199454665,
        "dvar2": 0.388946145773,
        "max": 4.40615224838,
        "mean": 1.47505688667,
        "median": 1.36154961586,
        "min": 0.0933996364474,
        "var": 0.481073498726
    },
    "spectral_spread": {
        "dmean": 516990.21875,
        "dmean2": 831783.25,
        "dvar": 1.00783856026e+12,
        "dvar2": 1.77817871974e+12,
        "max": 18509120,
        "mean": 3253597.5,
        "median": 3030626.75,
        "min": 1709029.625,
        "var": 1.31580205466e+12
    },
    "spectral_strongpeak": {
        "dmean": 0.604535520077,
        "dmean2": 0.96711909771,
        "dvar": 1.66892766953,
        "dvar2": 4.40084886551,
        "max": 12.7918987274,
        "mean": 0.839661180973,
        "median": 0.345323652029,
        "min": 0.00496593071148,
        "var": 1.81589639187
    },
    "zerocrossingrate": {
        "dmean": 0.0110294120386,
        "dmean2": 0.0138627095148,
        "dvar": 0.000159849994816,
        "dvar2": 0.000196142980712,
        "max": 0.22509765625,
        "mean": 0.0862283483148,
        "median": 0.075439453125,
        "min": 0.03564453125,
        "var": 0.00122745602857
    },
    "barkbands": {
        "dmean": [3.79229136982e-09, 7.78127002832e-08, 1.13253645395e-06, 1.19286619338e-06, 3.06593465211e-05, 0.000709985732101, 7.99675908638e-05, 0.00039617047878, 0.000148378501763, 0.00348521675915, 0.00110065063927, 0.000191740633454, 0.000273378478596, 0.000179355265573, 0.000118996656965, 0.000170527113369, 7.30243336875e-05, 0.000504464143887, 0.000495945452712, 0.000190580089111, 0.000348619214492, 0.000497736677062, 0.000329438073095, 0.000205742384424, 4.55295739812e-05, 5.910303571e-06, 1.51688834649e-06],
        "dmean2": [6.54304077585e-09, 1.34366615612e-07, 1.80174549769e-06, 2.01024204216e-06, 5.65782356716e-05, 0.00123047910165, 0.00014878276852, 0.000731502426788, 0.000247924908763, 0.00652362080291, 0.00181192648597, 0.00030428005266, 0.000483008654555, 0.000327533663949, 0.00019157594943, 0.000274947844446, 0.000127209103084, 0.000929479836486, 0.000911670038477, 0.00034447258804, 0.000647044507787, 0.000937232165597, 0.000633406278212, 0.000391119887354, 8.66974442033e-05, 1.1067196283e-05, 2.85964097202e-06],
        "dvar": [1.21159301608e-16, 6.52011530907e-15, 5.15663119843e-12, 3.60373406463e-12, 7.95980081847e-09, 5.84868712394e-06, 8.41866949486e-08, 2.02796513804e-06, 2.11553967233e-07, 0.000857288308907, 2.73663881671e-05, 4.5202833121e-07, 1.42887802212e-06, 1.95367056222e-06, 1.06437589409e-07, 3.73929680109e-07, 8.19960135345e-08, 3.35934373652e-06, 3.40161341228e-06, 3.37764134883e-07, 1.15827890568e-06, 5.40032806384e-06, 2.95582617582e-06, 6.10775771293e-07, 2.61690864534e-08, 3.5366784501e-10, 3.84876921999e-11],
        "dvar2": [2.71228287691e-16, 1.78078563587e-14, 9.97574852585e-12, 9.74852837343e-12, 2.27073400083e-08, 1.58953262144e-05, 2.41405587076e-07, 5.80028472541e-06, 5.49236233383e-07, 0.0025185123086, 6.84859041939e-05, 1.06620768747e-06, 3.89159777114e-06, 5.92269316257e-06, 2.50077874853e-07, 9.26774418986e-07, 1.9795616879e-07, 9.52007303567e-06, 9.4549241112e-06, 9.52393236275e-07, 3.35998402079e-06, 1.56187907123e-05, 9.71407371253e-06, 1.72454542735e-06, 7.83216691502e-08, 1.03649600014e-09, 1.13288593784e-10],
        "max": [1.45906255966e-07, 5.03175783706e-07, 2.29124962061e-05, 1.51208441821e-05, 0.000888080743607, 0.0293236970901, 0.00224805017933, 0.0148818269372, 0.00488847447559, 0.45408436656, 0.07049036026, 0.00806259457022, 0.0147361075506, 0.0237495601177, 0.00400510849431, 0.00835502613336, 0.00418865727261, 0.0153241232038, 0.0170266311616, 0.00425952067599, 0.00857572443783, 0.0273781269789, 0.0178054701537, 0.00797619950026, 0.00143524899613, 0.000141801210702, 6.78539872752e-05],
        "mean": [4.7840007511e-09, 9.02451162688e-08, 1.45074227476e-06, 1.32705599754e-06, 2.45858936978e-05, 0.000559390056878, 5.19303976034e-05, 0.000261536071775, 0.000143524914165, 0.00232591317035, 0.0010799979791, 0.000184523800272, 0.000208885438042, 0.000158047041623, 0.000114659516839, 0.000184096352314, 7.51575062168e-05, 0.00033460787381, 0.000337118603056, 0.000132241810206, 0.000216846863623, 0.000298369850498, 0.000187310521142, 0.000124296508147, 2.59959542745e-05, 3.41175564245e-06, 1.00416741589e-06],
        "median": [2.89481105753e-09, 6.27767207106e-08, 5.0195114909e-07, 7.05177455984e-07, 6.31492912362e-06, 1.91315193661e-05, 3.58073293683e-06, 8.01339956524e-06, 1.3230625882e-05, 5.97628495598e-05, 2.76329228655e-05, 8.14844315755e-06, 3.62382797903e-06, 3.81930931326e-06, 8.81922278495e-06, 5.33739148523e-06, 1.92777588381e-06, 5.91133539274e-06, 6.10499319009e-06, 4.33983495896e-06, 3.22186747326e-06, 2.14125816456e-06, 7.88817033026e-07, 2.07399651231e-07, 3.05135330336e-08, 5.39047517734e-09, 1.73844540541e-07],
        "min": [1.47542200679e-10, 1.52480139626e-09, 1.82225665668e-08, 2.26663185998e-08, 6.08795630797e-07, 3.07729095539e-07, 1.23109927586e-07, 8.42817442503e-08, 1.50616216388e-07, 3.99156562025e-07, 6.4420596857e-08, 8.27829182981e-09, 8.21301782139e-09, 1.8993953077e-08, 1.20401564274e-08, 9.97102489464e-09, 1.00834522954e-08, 3.85262044489e-09, 3.25603788376e-09, 1.69797309546e-09, 9.98849114531e-10, 1.04585018423e-09, 7.13155312582e-10, 4.75471162442e-10, 6.07663919183e-10, 1.35806454971e-09, 6.43774384912e-08],
        "var": [1.05372010369e-16, 7.61675234874e-15, 9.44859208235e-12, 3.81478529321e-12, 5.11502262768e-09, 4.47418096883e-06, 4.99536909615e-08, 1.24227733522e-06, 1.95475550413e-07, 0.000477103778394, 2.71906210401e-05, 5.16506531767e-07, 1.00311001461e-06, 1.57282852342e-06, 1.25179255406e-07, 4.45420340611e-07, 1.00310941775e-07, 2.07091761695e-06, 2.18541504182e-06, 2.29927948681e-07, 6.85174256887e-07, 3.05042181026e-06, 1.62404535331e-06, 3.62009274113e-07, 1.45703147325e-08, 2.0474796858e-10, 2.11449885379e-11]
    },
    "erbbands": {
        "dmean": [9.02336466879e-07, 3.22768391925e-05, 0.000793905928731, 0.00335106556304, 0.00864669121802, 0.118932686746, 1.75921189785, 7.33332300186, 2.47158265114, 2.93674516678, 8.30735206604, 5.28985786438, 62.9626350403, 84.2208404541, 41.754524231, 7.87460947037, 13.3993997574, 10.5380554199, 6.16925001144, 11.4197559357, 4.0604429245, 4.73718214035, 20.8721008301, 28.8240032196, 18.6410312653, 8.74634456635, 13.2854061127, 14.2393980026, 23.540769577, 7.53788375854, 10.956360817, 7.15385103226, 2.0035815239, 0.915116369724, 0.0945144370198, 0.0299334209412, 0.00892169587314, 0.00336475414224, 0.00018029740022, 2.17561700993e-05],
        "dmean2": [1.48694664404e-06, 5.4740725318e-05, 0.00126365805045, 0.0053866347298, 0.0149308834225, 0.209890857339, 3.10922288895, 12.8447885513, 4.2471871376, 5.33809757233, 15.3197116852, 8.7355670929, 115.907646179, 152.394592285, 68.2202606201, 12.8637580872, 23.6862163544, 18.8115749359, 10.149187088, 18.6194515228, 6.40635967255, 8.09933757782, 38.6641616821, 52.4455337524, 34.3236541748, 16.0959949493, 24.8423347473, 26.8355464935, 44.2751846313, 14.4034557343, 21.0677776337, 13.6291971207, 3.77985501289, 1.74025321007, 0.176282286644, 0.0560039691627, 0.0167302973568, 0.00635330798104, 0.00034101336496, 4.03700069e-05],
        "dvar": [1.57674351006e-12, 1.52515300389e-09, 2.14597093873e-06, 4.17606752308e-05, 0.000224577452173, 0.105307139456, 34.5945777893, 636.707214355, 66.7432632446, 96.7610473633, 899.055541992, 408.403106689, 244617.90625, 388151.375, 41027.8085938, 667.89251709, 2952.40551758, 3999.86547852, 631.638000488, 1563.07116699, 117.2108078, 284.594085693, 6008.37646484, 8418.14746094, 5088.31152344, 669.932983398, 1561.91027832, 1711.56262207, 14993.0595703, 837.417541504, 3459.47485352, 716.881896973, 65.4272079468, 10.5320520401, 0.101747252047, 0.0095589235425, 0.000807849108241, 0.000157234098879, 3.93715026803e-07, 6.01826322111e-09],
        "dvar2": [3.6585461223e-12, 3.74831810035e-09, 4.24266954724e-06, 0.000101946694485, 0.000480298069306, 0.2861097157, 94.5328979492, 1748.31506348, 182.122741699, 272.437683105, 2555.17333984, 1085.33081055, 713478.75, 1133139.75, 101994.453125, 1649.36071777, 8073.12207031, 12145.3515625, 1665.78271484, 3988.71582031, 270.92276001, 705.767578125, 17218.1035156, 22755.7460938, 14409.2294922, 1894.19555664, 4461.10546875, 4898.75927734, 43294.15625, 2642.43774414, 11381.71875, 2057.37866211, 190.754714966, 31.3743782043, 0.305129170418, 0.0282118432224, 0.00238066818565, 0.000460229843156, 1.17018703349e-06, 1.74949033038e-08],
        "max": [1.4552068933e-05, 0.000324639899191, 0.0147629482672, 0.0568805485964, 0.153831481934, 3.47508430481, 69.8147964478, 305.100067139, 85.8899230957, 98.5027542114, 311.08706665, 282.598114014, 7764.96972656, 9456.50878906, 2677.06567383, 294.017059326, 615.065185547, 1021.74609375, 362.569915771, 453.049224854, 113.80065155, 231.85295105, 686.3671875, 690.333129883, 725.842102051, 226.280456543, 327.954589844, 268.662567139, 1441.37988281, 263.525512695, 578.867736816, 242.922027588, 101.422592163, 31.7884635925, 2.43698120117, 0.810037314892, 0.198364272714, 0.114633344114, 0.00528585677966, 0.000983393169008],
        "mean": [1.40870895393e-06, 4.61405106762e-05, 0.00105925218668, 0.00404781894758, 0.0120145138353, 0.103873081505, 1.32314324379, 5.65642404556, 1.93417215347, 2.02229976654, 5.6400270462, 4.69568538666, 43.0896568298, 62.7820472717, 40.4055976868, 7.63162088394, 10.1240081787, 9.60154914856, 5.95198011398, 11.7341051102, 4.44633960724, 4.56046295166, 13.87296772, 20.7404975891, 13.1265993118, 5.92455244064, 8.43849849701, 9.04309654236, 13.9352312088, 4.37550163269, 6.21609115601, 4.30522346497, 1.18341732025, 0.523184895515, 0.0554990470409, 0.0174818299711, 0.00511607667431, 0.00191106006969, 0.000107265666884, 1.9257518943e-05],
        "median": [9.05730473733e-07, 3.16754012601e-05, 0.000432712724432, 0.00166572001763, 0.00548222195357, 0.0298938378692, 0.0674312785268, 0.173398509622, 0.0853610336781, 0.0892283320427, 0.205536544323, 0.381387740374, 1.19619297981, 2.03169846535, 0.871986269951, 0.447607398033, 0.255843818188, 0.299973070621, 0.409207701683, 0.624663114548, 0.315406680107, 0.180227845907, 0.456430912018, 0.546876490116, 0.312819927931, 0.22562238574, 0.160760298371, 0.12967826426, 0.0876074060798, 0.0376693680882, 0.022146910429, 0.00937900040299, 0.00241368357092, 0.000682464218698, 0.000108901891508, 2.80309413938e-05, 9.75725924945e-06, 4.05591526942e-06, 4.71393195767e-06, 5.39737538929e-06],
        "min": [7.67380754496e-08, 1.05634023839e-06, 2.30710611504e-05, 0.000124773083371, 0.000534977647476, 0.00278578023426, 0.00178361521102, 0.00224104244262, 0.00156929413788, 0.0026265878696, 0.00283654895611, 0.00516312196851, 0.00987976696342, 0.0100281545892, 0.00281297066249, 0.000491831626277, 0.000439034512965, 0.00083334709052, 0.00108143361285, 0.000441985612269, 0.000620495120529, 0.000639940146357, 0.000280835491139, 0.00020027073333, 0.000122335623018, 7.39224778954e-05, 3.81815989385e-05, 5.23024318682e-05, 4.34332760051e-05, 2.60132510448e-05, 2.05152136914e-05, 1.03697175291e-05, 7.64926608099e-06, 6.7264968493e-06, 3.89224260289e-06, 3.23814902004e-06, 2.31047170018e-06, 1.83524082331e-06, 1.74393790076e-06, 1.7087395463e-06],
        "var": [2.43751243148e-12, 2.47749154525e-09, 4.0830236685e-06, 5.39895954716e-05, 0.000325173634337, 0.076928421855, 24.7931003571, 476.345214844, 50.3143539429, 62.5265693665, 560.815734863, 319.933624268, 140209.3125, 222746.46875, 41388.0546875, 737.440307617, 2071.66992188, 3567.19970703, 594.795654297, 1703.36901855, 167.097915649, 312.164337158, 3533.36572266, 6052.01367188, 3248.68920898, 428.671630859, 950.705322266, 1045.3581543, 8431.42578125, 466.765045166, 1878.93981934, 431.826385498, 36.0651359558, 5.83854150772, 0.0586355961859, 0.00555702252313, 0.000463932286948, 8.77713246155e-05, 2.21064013317e-07, 3.54884410747e-09]
    },
    "gfcc": {
        "mean": [-213.826721191, 59.162071228, -185.89541626, -6.65668773651, -83.7675704956, -22.0087013245, -25.3920040131, -20.0734920502, -21.6920127869, -24.5892734528, -10.7979679108, -5.71914386749, 1.89634871483],
        "cov": [[13042.3378906, -3733.54199219, -2064.92773438, 320.351989746, -2610.02612305, 888.794189453, -1056.69946289, 805.774353027, -571.885375977, 348.489929199, 192.622680664, 397.283050537, -5.426633358], [-3733.54199219, 2157.11621094, 411.915863037, -500.339599609, 797.939819336, -485.243743896, 329.337005615, -228.65032959, 297.717681885, -122.916992188, -18.3062400818, -85.1061477661, 66.8664016724], [-2064.92773438, 411.915863037, 1001.13562012, -61.8864974976, 281.360351562, -174.558532715, 36.2227058411, -115.699150085, 44.7183380127, 103.230155945, -86.2299423218, -59.1365623474, -57.5577888489], [320.351989746, -500.339599609, -61.8864974976, 443.224090576, -109.615150452, 159.044128418, -23.0702495575, -44.4872436523, -38.8585853577, 19.2875652313, 4.68653297424, -55.0906982422, -35.23487854], [-2610.02612305, 797.939819336, 281.360351562, -109.615150452, 694.08972168, -177.723602295, 241.931274414, -144.231231689, 101.017974854, -99.7692184448, -31.7471485138, -59.9832763672, 20.1514549255], [888.794189453, -485.243743896, -174.558532715, 159.044128418, -177.723602295, 241.58052063, -51.5159492493, 56.6097946167, -62.5626983643, 0.611907720566, 17.0010051727, 0.425926119089, -23.7113056183], [-1056.69946289, 329.337005615, 36.2227058411, -23.0702495575, 241.931274414, -51.5159492493, 185.902420044, -56.5616111755, 46.1974983215, -81.6471633911, -7.72213029861, -20.0517654419, 6.0952796936], [805.774353027, -228.65032959, -115.699150085, -44.4872436523, -144.231231689, 56.6097946167, -56.5616111755, 172.70022583, -25.591884613, -39.318069458, -19.5776519775, 39.9218063354, 70.3203353882], [-571.885375977, 297.717681885, 44.7183380127, -38.8585853577, 101.017974854, -62.5626983643, 46.1974983215, -25.591884613, 112.389976501, -20.7082252502, -25.8719978333, -33.2573471069, 17.3296604156], [348.489929199, -122.916992188, 103.230155945, 19.2875652313, -99.7692184448, 0.611907720566, -81.6471633911, -39.318069458, -20.7082252502, 152.464202881, 19.6009025574, -8.17538642883, -69.7800064087], [192.622680664, -18.3062400818, -86.2299423218, 4.68653297424, -31.7471485138, 17.0010051727, -7.72213029861, -19.5776519775, -25.8719978333, 19.6009025574, 91.0852584839, 15.1171264648, -52.7690124512], [397.283050537, -85.1061477661, -59.1365623474, -55.0906982422, -59.9832763672, 0.425926119089, -20.0517654419, 39.9218063354, -33.2573471069, -8.17538642883, 15.1171264648, 94.6002807617, 19.6292762756], [-5.426633358, 66.8664016724, -57.5577888489, -35.23487854, 20.1514549255, -23.7113056183, 6.0952796936, 70.3203353882, 17.3296604156, -69.7800064087, -52.7690124512, 19.6292762756, 158.167449951]],
        "icov": [[0.00123316491954, 0.000131056411192, 0.00169294362422, 0.00012346530275, 0.00220019579865, -0.000320466526318, 0.00166985427495, -0.00197970680892, 0.00141448469367, -0.00174254237209, 0.000932822236791, -0.00128512876108, 0.000664888531901], [0.000131056411192, 0.00250559509732, -0.000159182556672, 0.00198280136101, -0.000396239192924, 0.00144061795436, -0.000853627279866, 0.00175677624065, -0.00314076966606, 0.000571065116674, -0.00215995451435, 0.00116425345186, -0.00142173597123], [0.00169294362422, -0.000159182556672, 0.00406480021775, -0.000201982096769, 0.00234155892394, 0.00024263522937, 0.00264921132475, -0.00313881691545, 0.00287360232323, -0.00383079657331, 0.00368618615903, -0.00179261073936, 0.00203840853646], [0.00012346530275, 0.00198280136101, -0.000201982096769, 0.00535239139572, 0.000400346005335, -0.00141879438888, -0.000800380599685, 0.00370187847875, -0.00170904735569, 0.000814879196696, -0.00142222829163, 0.00287091126665, -0.00187787949108], [0.00220019579865, -0.000396239192924, 0.00234155892394, 0.000400346005335, 0.00799104385078, -0.000359032303095, -2.2484398869e-05, -0.00200145272538, 0.00316319591366, -0.00188526802231, 0.00177405786235, -0.00144929392263, 0.000596482947003], [-0.000320466526318, 0.00144061795436, 0.00024263522937, -0.00141879438888, -0.000359032303095, 0.00933263543993, -0.00115025078412, -0.00127104239073, 0.000157640999532, 0.00154448021203, -0.000811134697869, 0.00202898634598, 0.00134814961348], [0.00166985427495, -0.000853627279866, 0.00264921132475, -0.000800380599685, -2.2484398869e-05, -0.00115025078412, 0.015724349767, -0.00127767620143, 0.00181578297634, 0.00320944096893, 0.0023622259032, -0.00288652186282, 0.00335975643247], [-0.00197970680892, 0.00175677624065, -0.00313881691545, 0.00370187847875, -0.00200145272538, -0.00127104239073, -0.00127767620143, 0.0172777865082, -0.00430933199823, 0.00709288101643, -0.00203170371242, 0.00193284021225, -0.00601242017001], [0.00141448469367, -0.00314076966606, 0.00287360232323, -0.00170904735569, 0.00316319591366, 0.000157640999532, 0.00181578297634, -0.00430933199823, 0.0192478839308, -0.00269812042825, 0.00664332322776, 0.0012444833992, 0.00227055558935], [-0.00174254237209, 0.000571065116674, -0.00383079657331, 0.000814879196696, -0.00188526802231, 0.00154448021203, 0.00320944096893, 0.00709288101643, -0.00269812042825, 0.0169414095581, -0.00261923042126, 0.0028695743531, 0.00222069956362], [0.000932822236791, -0.00215995451435, 0.00368618615903, -0.00142222829163, 0.00177405786235, -0.000811134697869, 0.0023622259032, -0.00203170371242, 0.00664332322776, -0.00261923042126, 0.0205304417759, -0.00472687231377, 0.00798707734793], [-0.00128512876108, 0.00116425345186, -0.00179261073936, 0.00287091126665, -0.00144929392263, 0.00202898634598, -0.00288652186282, 0.00193284021225, 0.0012444833992, 0.0028695743531, -0.00472687231377, 0.017359348014, -0.00341009325348], [0.000664888531901, -0.00142173597123, 0.00203840853646, -0.00187787949108, 0.000596482947003, 0.00134814961348, 0.00335975643247, -0.00601242017001, 0.00227055558935, 0.00222069956362, 0.00798707734793, -0.00341009325348, 0.0137583138421]]
    },
    "melbands": {
        "dmean": [1.26278765222e-08, 3.00137571685e-07, 5.37988512406e-07, 2.41019074565e-06, 5.11578873557e-05, 0.000153445304022, 3.37051569659e-05, 4.72227147839e-05, 5.840841186e-05, 2.55374816334e-05, 0.000355663243681, 0.000393332069507, 0.00014424334222, 3.94143316953e-05, 1.66293812072e-05, 3.16532023135e-05, 1.8958158762e-05, 1.11106319309e-05, 1.01402119981e-05, 1.6625455828e-05, 2.97586962006e-06, 4.30595673606e-06, 6.53244478599e-06, 3.14135868393e-05, 2.23582410399e-05, 2.08526271308e-05, 5.47518538951e-06, 6.03079570283e-06, 7.44859380575e-06, 1.13282731036e-05, 6.2971907937e-06, 1.54585995915e-05, 5.99919167144e-06, 3.43744636666e-06, 6.43320345262e-06, 5.54404550712e-06, 4.10339453083e-06, 1.28055421555e-06, 1.22863548313e-06, 5.81560357205e-07],
        "dmean2": [2.13753832412e-08, 4.76699369756e-07, 8.42725341954e-07, 4.06145727538e-06, 9.02665633475e-05, 0.000267237890512, 5.7665634813e-05, 8.61992593855e-05, 0.000105907311081, 4.12663539464e-05, 0.000659721379634, 0.000724014535081, 0.000233779472183, 6.01847823418e-05, 2.83633380604e-05, 5.71246127947e-05, 3.43832798535e-05, 1.86463767022e-05, 1.6420841348e-05, 2.68080893875e-05, 5.04540230395e-06, 7.46964269638e-06, 1.19632677524e-05, 5.8095651184e-05, 4.04428283218e-05, 3.83177430194e-05, 9.69204666035e-06, 1.12302095658e-05, 1.38840259751e-05, 2.12327067857e-05, 1.17459758258e-05, 2.90659045277e-05, 1.14427293738e-05, 6.66554115014e-06, 1.24318548842e-05, 1.05708631963e-05, 7.79559377406e-06, 2.39648989009e-06, 2.35605193666e-06, 1.10364328521e-06],
        "dvar": [1.66844579483e-16, 3.17750464612e-13, 7.68271297275e-13, 2.56178862845e-11, 2.88686550221e-08, 2.75617878742e-07, 1.23522649886e-08, 2.64112234305e-08, 4.2941199041e-08, 6.08763306431e-09, 8.33476860862e-06, 9.64870378084e-06, 5.07584104525e-07, 3.16210844176e-08, 3.58138829704e-09, 2.07016306319e-08, 1.92967384294e-08, 3.46485284908e-09, 7.96173127426e-10, 3.75274700204e-09, 6.8298103284e-11, 2.84700485409e-10, 5.47005718499e-10, 1.36023947661e-08, 5.62918112124e-09, 8.41535818807e-09, 2.82657286466e-10, 3.85194875996e-10, 5.54002899111e-10, 1.5556972377e-09, 3.35123567785e-10, 6.78996858738e-09, 6.46417697148e-10, 2.37712488582e-10, 1.36960653929e-09, 6.51815212915e-10, 2.46664161319e-10, 2.56410795374e-11, 3.82179947411e-11, 4.53500214811e-12],
        "dvar2": [4.46936034646e-16, 6.2050717212e-13, 1.78117080547e-12, 6.31712807064e-11, 7.87773331012e-08, 7.53083668315e-07, 3.3679775413e-08, 7.51049995529e-08, 1.2086893264e-07, 1.52002037623e-08, 2.44114417001e-05, 2.83182362182e-05, 1.29322586417e-06, 7.13090102522e-08, 9.16769238302e-09, 5.72952387756e-08, 5.84248027735e-08, 9.34132238228e-09, 2.01964223123e-09, 9.32292376632e-09, 1.81626491624e-10, 6.93092028214e-10, 1.47822465379e-09, 3.87286505088e-08, 1.49260763749e-08, 2.38517543494e-08, 8.14963707629e-10, 1.08762698847e-09, 1.5884054072e-09, 4.491605754e-09, 9.86437709294e-10, 1.94772269424e-08, 1.90386217902e-09, 7.70258745675e-10, 4.56427473594e-09, 2.03583883085e-09, 6.88100465496e-10, 7.43324013452e-11, 1.12708946343e-10, 1.35679939506e-11],
        "max": [8.4183426452e-08, 5.67080769542e-06, 7.81692961027e-06, 4.91730170324e-05, 0.00201616785489, 0.0063481638208, 0.00114915950689, 0.00167693849653, 0.0021549758967, 0.000869644165505, 0.0451877266169, 0.0473960936069, 0.00980516616255, 0.00309035554528, 0.000832934980281, 0.0018067691708, 0.00235103978775, 0.000916797725949, 0.000304125482216, 0.000808761804365, 6.20606442681e-05, 0.000223799404921, 0.000219677036512, 0.00104177941103, 0.000671470130328, 0.00101678213105, 0.000150037012645, 0.000159405593877, 0.000168963641045, 0.000378864788217, 0.000119728130812, 0.000989276450127, 0.000260450266069, 0.000167373334989, 0.000381543097319, 0.00025949528208, 0.000122384546557, 5.66520757275e-05, 8.40704306029e-05, 2.04745538213e-05],
        "mean": [1.60109259184e-08, 4.014901549e-07, 7.2854032851e-07, 2.7156561373e-06, 3.86226274713e-05, 0.000119617965538, 2.66498136625e-05, 3.11885378323e-05, 4.09953136113e-05, 2.43470694841e-05, 0.000239308254095, 0.000281793472823, 0.0001410862169, 3.79674165742e-05, 1.6242653146e-05, 2.22194867092e-05, 1.79024318641e-05, 9.48433262238e-06, 9.79357992037e-06, 1.8120957975e-05, 2.441157676e-06, 4.03809644922e-06, 5.47284707864e-06, 2.0666178898e-05, 1.62053675012e-05, 1.35584077725e-05, 4.28583507528e-06, 3.86091778637e-06, 4.68813050247e-06, 6.88686031936e-06, 4.07014522352e-06, 9.26632310438e-06, 3.47181639881e-06, 1.94808876586e-06, 3.60477679351e-06, 3.26743634105e-06, 2.45795581577e-06, 7.53621748117e-07, 6.94918469435e-07, 3.33613883186e-07],
        "median": [1.11719522522e-08, 1.63735037972e-07, 3.68340096202e-07, 1.13343639896e-06, 2.3112161216e-06, 3.73434295398e-06, 1.13200474061e-06, 1.1006513887e-06, 1.66803943102e-06, 2.18167906496e-06, 5.84913868806e-06, 9.00559825823e-06, 3.13995769829e-06, 9.81425841928e-07, 4.78184460917e-07, 3.55932172624e-07, 3.70745624423e-07, 4.13356190165e-07, 7.95241930973e-07, 4.1607734147e-07, 1.99462533601e-07, 1.12468214297e-07, 1.41743839777e-07, 3.25859105033e-07, 3.2932649674e-07, 1.46068160234e-07, 1.21504115214e-07, 9.63464046322e-08, 7.98248578349e-08, 8.00155746106e-08, 5.66177646988e-08, 4.03486239975e-08, 2.90740995723e-08, 1.04590300865e-08, 1.29463408882e-08, 9.32484844895e-09, 2.64656119242e-09, 1.53911439149e-09, 1.06154451895e-09, 2.95894281299e-10],
        "min": [5.31173327545e-10, 7.05761227238e-09, 2.92135204916e-08, 1.04342866791e-07, 7.65787859791e-08, 5.87187187762e-08, 2.28950565173e-08, 2.75732627841e-08, 2.07729087265e-08, 2.74090297125e-08, 5.06235586784e-08, 4.43925252114e-08, 8.68415739319e-09, 1.2683604167e-09, 1.54442281186e-09, 5.76596159707e-10, 1.48528744859e-09, 1.98340632807e-09, 6.39337249808e-10, 4.85656681537e-10, 8.09222244769e-10, 6.57547127858e-10, 4.14929424153e-10, 1.79170886461e-10, 1.61811106181e-10, 1.13347976838e-10, 6.8249315921e-11, 3.58942042755e-11, 2.57641685764e-11, 2.36570398687e-11, 3.13215529901e-11, 2.56119205705e-11, 1.66819526942e-11, 1.20842077664e-11, 1.12406776595e-11, 8.74268539508e-12, 5.18922795359e-12, 5.33466023092e-12, 5.16024592848e-12, 5.17026699232e-12],
        "var": [2.14394203345e-16, 6.00447100894e-13, 1.18667662502e-12, 2.53779393333e-11, 2.07491268611e-08, 2.08704250326e-07, 9.41701649992e-09, 1.64814792925e-08, 2.77436278395e-08, 5.83893910999e-09, 4.70779605166e-06, 5.40923974768e-06, 4.86658279897e-07, 3.81584790432e-08, 4.20649470811e-09, 1.37837083969e-08, 1.70369816033e-08, 2.66356181555e-09, 8.37197144943e-10, 4.42698144809e-09, 6.01031099889e-11, 3.05511449472e-10, 4.54523474414e-10, 8.20161005777e-09, 4.2236658615e-09, 5.16554932162e-09, 2.40466840884e-10, 2.35568758944e-10, 3.38266165079e-10, 8.96633989278e-10, 2.03978112179e-10, 3.87750720421e-09, 3.53216345061e-10, 1.30871508075e-10, 7.37541305806e-10, 3.70480784939e-10, 1.49600526411e-10, 1.43227704003e-11, 2.04245023672e-11, 2.53969089682e-12]
    },
    "mfcc": {
        "mean": [-833.34942627, 87.6899185181, -42.7282905579, -9.44005393982, -39.573474884, -16.9878787994, -13.2779550552, -4.61185693741, -11.1592464447, -10.9453878403, -17.9534225464, -19.4706268311, -12.4028358459],
        "cov": [[12574.5771484, -2844.23657227, -1177.22363281, -794.38269043, -1522.79577637, -507.36340332, -628.978027344, -21.878408432, -562.868041992, -178.622390747, -161.372802734, 249.769760132, -287.388092041], [-2844.23657227, 1790.87023926, -3.65053248405, -11.7745943069, 279.951721191, -98.7258377075, 26.7126483917, -45.8646240234, 192.785491943, -34.6897010803, 44.7626533508, -55.6789779663, 94.5389709473], [-1177.22363281, -3.65053248405, 674.053283691, 81.1518096924, 169.159225464, 17.9170856476, -7.16070461273, -101.822952271, -7.18244743347, 57.1108703613, 49.8542861938, -9.70938301086, -15.9118356705], [-794.38269043, -11.7745943069, 81.1518096924, 249.471725464, 90.2514801025, 123.08454895, 42.5087432861, -17.5772228241, 20.0167350769, 49.2669487, -0.284486591816, -47.4814338684, 39.548740387], [-1522.79577637, 279.951721191, 169.159225464, 90.2514801025, 285.940093994, 58.4466705322, 101.198120117, -13.741856575, 69.7078170776, 37.6808204651, 9.4267911911, -26.3632946014, 39.7223472595], [-507.36340332, -98.7258377075, 17.9170856476, 123.08454895, 58.4466705322, 216.904815674, 61.6909713745, 15.7564067841, -42.8113212585, 16.139503479, 71.2024078369, 13.7176017761, -5.84059000015], [-628.978027344, 26.7126483917, -7.16070461273, 42.5087432861, 101.198120117, 61.6909713745, 149.275924683, 41.2581710815, 27.7418498993, -5.41686439514, -25.3102836609, 8.31754493713, 54.2171020508], [-21.878408432, -45.8646240234, -101.822952271, -17.5772228241, -13.741856575, 15.7564067841, 41.2581710815, 181.415588379, 58.8340454102, 1.86320745945, -63.5967292786, -17.7458667755, 34.1033630371], [-562.868041992, 192.785491943, -7.18244743347, 20.0167350769, 69.7078170776, -42.8113212585, 27.7418498993, 58.8340454102, 196.870864868, 15.5347719193, -122.102378845, -49.6395072937, 65.9483413696], [-178.622390747, -34.6897010803, 57.1108703613, 49.2669487, 37.6808204651, 16.139503479, -5.41686439514, 1.86320745945, 15.5347719193, 135.668762207, -13.466006279, -87.6684570312, -10.8016996384], [-161.372802734, 44.7626533508, 49.8542861938, -0.284486591816, 9.4267911911, 71.2024078369, -25.3102836609, -63.5967292786, -122.102378845, -13.466006279, 264.676574707, 53.1342124939, -125.423851013], [249.769760132, -55.6789779663, -9.70938301086, -47.4814338684, -26.3632946014, 13.7176017761, 8.31754493713, -17.7458667755, -49.6395072937, -87.6684570312, 53.1342124939, 165.660247803, -17.9971294403], [-287.388092041, 94.5389709473, -15.9118356705, 39.548740387, 39.7223472595, -5.84059000015, 54.2171020508, 34.1033630371, 65.9483413696, -10.8016996384, -125.423851013, -17.9971294403, 170.065612793]],
