{
"lowlevel": {
    "average_loudness": 0.964800655842,
    "barkbands_crest": {
        "dmean": 2.46375608444,
        "dmean2": 4.00496482849,
        "dvar": 5.06785392761,
        "dvar2": 13.4101781845,
        "max": 24.5564575195,
        "mean": 12.8641557693,
        "median": 12.5802993774,
        "min": 4.03197050095,
        "var": 18.7887554169
    },
    "barkbands_flatness_db": {
        "dmean": 0.0332237742841,
        "dmean2": 0.0493622869253,
        "dvar": 0.0011274946155,
        "dvar2": 0.00228256708942,
        "max": 0.503508806229,
        "mean": 0.264887064695,
        "median": 0.237211793661,
        "min": 0.067636013031,
        "var": 0.012040018104
    },
    "barkbands_kurtosis": {
        "dmean": 9.14228630066,
        "dmean2": 14.0261592865,
        "dvar": 191.192398071,
        "dvar2": 385.519622803,
        "max": 213.51965332,
        "mean": 28.9609489441,
        "median": 16.4149303436,
        "min": -0.359195947647,
        "var": 963.830749512
    },
    "barkbands_skewness": {
        "dmean": 0.755481183529,
        "dmean2": 1.17678403854,
        "dvar": 0.574646294117,
        "dvar2": 1.32559025288,
        "max": 10.5528793335,
        "mean": 3.10031366348,
        "median": 2.87420082092,
        "min": 0.045235671103,
        "var": 2.0449886322
    },
    "barkbands_spread": {
        "dmean": 2.47352719307,
        "dmean2": 3.98647975922,
        "dvar": 12.5717182159,
        "dvar2": 30.7383728027,
        "max": 32.0082359314,
        "mean": 5.50698661804,
        "median": 3.91923642159,
        "min": 0.294578909874,
        "var": 31.3191432953
    },
    "dissonance": {
        "dmean": 0.029700325802,
        "dmean2": 0.0485796555877,
        "dvar": 0.000710821535904,
        "dvar2": 0.00160020764451,
        "max": 0.49995225668,
        "mean": 0.440684229136,
        "median": 0.451243489981,
        "min": 0.180087134242,
        "var": 0.00164459005464
    },
    "dynamic_complexity": 3.94386696815,
    "erbbands_crest": {
        "dmean": 2.54546952248,
        "dmean2": 4.14025115967,
        "dvar": 6.41085624695,
        "dvar2": 16.9568271637,
        "max": 21.5573692322,
        "mean": 10.732583046,
        "median": 9.90228652954,
        "min": 3.22134327888,
        "var": 19.2099494934
    },
    "erbbands_flatness_db": {
        "dmean": 0.0234129838645,
        "dmean2": 0.0328855328262,
        "dvar": 0.000512841623276,
        "dvar2": 0.00102572352625,
        "max": 0.336648315191,
        "mean": 0.202778384089,
        "median": 0.197469845414,
        "min": 0.0838088691235,
        "var": 0.00328652909957
    },
    "erbbands_kurtosis": {
        "dmean": 2.56874370575,
        "dmean2": 3.80373573303,
        "dvar": 15.4612789154,
        "dvar2": 31.9417762756,
        "max": 65.0264663696,
        "mean": 6.2452878952,
        "median": 1.46409749985,
        "min": -1.6061899662,
        "var": 142.518829346
    },
    "erbbands_skewness": {
        "dmean": 0.447893083096,
        "dmean2": 0.686808466911,
        "dvar": 0.185607612133,
        "dvar2": 0.391316443682,
        "max": 6.21845722198,
        "mean": 1.64744675159,
        "median": 1.27094209194,
        "min": -0.811023294926,
        "var": 1.76962065697
    },
    "erbbands_spread": {
        "dmean": 7.62584495544,
        "dmean2": 11.8730487823,
        "dvar": 69.5923614502,
        "dvar2": 171.873046875,
        "max": 72.9024658203,
        "mean": 25.2478923798,
        "median": 24.6824092865,
        "min": 2.47080516815,
        "var": 205.875701904
    },
    "hfc": {
        "dmean": 3.30737257004,
        "dmean2": 4.90836572647,
        "dvar": 41.2341804504,
        "dvar2": 93.321472168,
        "max": 66.3218002319,
        "mean": 7.05694961548,
        "median": 4.47852897644,
        "min": 0.060057900846,
        "var": 83.1190872192
    },
    "melbands_crest": {
        "dmean": 3.04704880714,
        "dmean2": 4.85439109802,
        "dvar": 8.44265270233,
        "dvar2": 23.3608970642,
        "max": 33.372013092,
        "mean": 17.6429176331,
        "median": 17.9032363892,
        "min": 6.00808572769,
        "var": 29.4857082367
    },
    "melbands_flatness_db": {
        "dmean": 0.0409947708249,
        "dmean2": 0.0616175271571,
        "dvar": 0.0018241860671,
        "dvar2": 0.00363223766908,
        "max": 0.669475615025,
        "mean": 0.383567124605,
        "median": 0.346160262823,
        "min": 0.140338882804,
        "var": 0.0186203215271
    },
    "melbands_kurtosis": {
        "dmean": 12.4477815628,
        "dmean2": 19.3763904572,
        "dvar": 249.586105347,
        "dvar2": 555.756286621,
        "max": 146.961730957,
        "mean": 31.5218029022,
        "median": 24.0273265839,
        "min": 0.10955953598,
        "var": 694.287353516
    },
    "melbands_skewness": {
        "dmean": 0.886040985584,
        "dmean2": 1.37634336948,
        "dvar": 0.698586761951,
        "dvar2": 1.6676633358,
        "max": 8.13126468658,
        "mean": 3.38575148582,
        "median": 3.11362671852,
        "min": -0.0989836603403,
        "var": 2.41439723969
    },
    "melbands_spread": {
        "dmean": 2.26449728012,
        "dmean2": 3.69677186012,
        "dvar": 11.5308294296,
        "dvar2": 28.9729652405,
        "max": 31.7481155396,
        "mean": 5.32586479187,
        "median": 3.93709802628,
        "min": 0.363089621067,
        "var": 28.3539524078
    },
    "pitch_salience": {
        "dmean": 0.0756536796689,
        "dmean2": 0.124387867749,
        "dvar": 0.00493354117498,
        "dvar2": 0.012947075069,
        "max": 0.855790674686,
        "mean": 0.518550217152,
        "median": 0.527709305286,
        "min": 0.155318573117,
        "var": 0.0200477130711
    },
    "silence_rate_20dB": {
        "dmean": 0,
        "dmean2": 0,
        "dvar": 0,
        "dvar2": 0,
        "max": 1,
        "mean": 1,
        "median": 1,
        "min": 1,
        "var": 0
    },
    "silence_rate_30dB": {
        "dmean": 0.0151515156031,
        "dmean2": 0.0303490143269,
        "dvar": 0.0149220479652,
        "dvar2": 0.0415677204728,
        "max": 1,
        "mean": 0.990922868252,
        "median": 1,
        "min": 0,
        "var": 0.0089948149398
    },
    "silence_rate_60dB": {
        "dmean": 0.0545454546809,
        "dmean2": 0.109256446362,
        "dvar": 0.0515704229474,
        "dvar2": 0.106423944235,
        "max": 1,
        "mean": 0.128593042493,
        "median": 0,
        "min": 0,
        "var": 0.112057000399
    },
    "spectral_centroid": {
        "dmean": 138.557739258,
        "dmean2": 224.311859131,
        "dvar": 42205.8867188,
        "dvar2": 102922.84375,
        "max": 2213.56738281,
        "mean": 430.721832275,
        "median": 365.827789307,
        "min": 120.689781189,
        "var": 99036.7734375
    },
    "spectral_complexity": {
        "dmean": 2.70757579803,
        "dmean2": 4.03490114212,
        "dvar": 13.3251285553,
        "dvar2": 27.3872261047,
        "max": 44,
        "mean": 7.82299566269,
        "median": 6,
        "min": 0,
        "var": 37.3681640625
    },
    "spectral_decrease": {
        "dmean": 2.94781177246e-09,
        "dmean2": 4.45609993349e-09,
        "dvar": 1.87159026905e-17,
        "dvar2": 4.33918302917e-17,
        "max": -2.52648926086e-11,
        "mean": -8.50183923262e-09,
        "median": -7.39644523406e-09,
        "min": -4.00736794859e-08,
        "var": 5.34903622297e-17
    },
    "spectral_energy": {
        "dmean": 0.0114011690021,
        "dmean2": 0.0172185339034,
        "dvar": 0.000281565153273,
        "dvar2": 0.000651571492199,
        "max": 0.153745099902,
        "mean": 0.032727882266,
        "median": 0.0284792333841,
        "min": 0.000100803088571,
        "var": 0.00079501507571
    },
    "spectral_energyband_high": {
        "dmean": 5.68890136492e-05,
        "dmean2": 9.52363043325e-05,
        "dvar": 2.20424460906e-08,
        "dvar2": 5.79180756688e-08,
        "max": 0.00127281004097,
        "mean": 5.07453405589e-05,
        "median": 7.10138374416e-06,
        "min": 2.80220291415e-07,
        "var": 1.81786834474e-08
    },
    "spectral_energyband_low": {
        "dmean": 0.00716207176447,
        "dmean2": 0.0111696664244,
        "dvar": 0.000142261982546,
        "dvar2": 0.000353989918949,
        "max": 0.12716203928,
        "mean": 0.0226438865066,
        "median": 0.00995538197458,
        "min": 2.36733776546e-05,
        "var": 0.000580766180065
    },
    "spectral_energyband_middle_high": {
        "dmean": 0.000612126721535,
        "dmean2": 0.000976742012426,
        "dvar": 3.38883660334e-06,
        "dvar2": 8.95026914804e-06,
        "max": 0.0219868980348,
        "mean": 0.000787014258094,
        "median": 0.000139485258842,
        "min": 2.31094395531e-06,
        "var": 3.51763605977e-06
    },
    "spectral_energyband_middle_low": {
        "dmean": 0.00609638961032,
        "dmean2": 0.00914212595671,
        "dvar": 0.000127607097966,
        "dvar2": 0.000271220138529,
        "max": 0.11519356817,
        "mean": 0.0112059749663,
        "median": 0.00390663743019,
        "min": 3.4479144233e-05,
        "var": 0.000346755841747
    },
    "spectral_entropy": {
        "dmean": 0.313459783792,
        "dmean2": 0.453246980906,
        "dvar": 0.0931975319982,
        "dvar2": 0.198971316218,
        "max": 7.88051652908,
        "mean": 6.4860291481,
        "median": 6.69500732422,
        "min": 4.37800455093,
        "var": 0.784629762173
    },
    "spectral_flux": {
        "dmean": 0.0271197631955,
        "dmean2": 0.0445227771997,
        "dvar": 0.00128371501341,
        "dvar2": 0.00290131708607,
        "max": 0.326703250408,
        "mean": 0.0674730464816,
        "median": 0.0480141490698,
        "min": 0.00736214127392,
        "var": 0.00291761406697
    },
    "spectral_kurtosis": {
        "dmean": 7.20848655701,
        "dmean2": 11.7614536285,
        "dvar": 70.8953094482,
        "dvar2": 176.404205322,
        "max": 80.8513183594,
        "mean": 17.416229248,
        "median": 11.5663137436,
        "min": 0.470144987106,
        "var": 230.371139526
    },
    "spectral_rms": {
        "dmean": 0.0010284523014,
        "dmean2": 0.00150600308552,
        "dvar": 1.5652494767e-06,
        "dvar2": 3.1916952139e-06,
        "max": 0.0122472532094,
        "mean": 0.00498142233118,
        "median": 0.005271111615,
        "min": 0.000313599244691,
        "var": 7.11510847395e-06
    },
    "spectral_rolloff": {
        "dmean": 95.1049499512,
        "dmean2": 166.547210693,
        "dvar": 33268.5546875,
        "dvar2": 82511.2890625,
        "max": 1959.52148438,
        "mean": 345.835479736,
        "median": 236.865234375,
        "min": 64.599609375,
        "var": 75811.6484375
    },
    "spectral_skewness": {
        "dmean": 0.685445785522,
        "dmean2": 1.08565247059,
        "dvar": 0.440126210451,
        "dvar2": 1.04169285297,
        "max": 7.61105251312,
        "mean": 3.05258750916,
        "median": 2.63825106621,
        "min": 0.718992769718,
        "var": 2.04308819771
    },
    "spectral_spread": {
        "dmean": 528977.5,
        "dmean2": 770024.9375,
        "dvar": 392276312064,
        "dvar2": 492137152512,
        "max": 18183476,
        "mean": 3123662,
        "median": 3079098.75,
        "min": 1116089.25,
        "var": 1.19903538381e+12
    },
    "spectral_strongpeak": {
        "dmean": 0.235482230783,
        "dmean2": 0.384505331516,
        "dvar": 0.133079856634,
        "dvar2": 0.302078425884,
        "max": 4.26904249191,
        "mean": 0.524917900562,
        "median": 0.373827904463,
        "min": 0.00610395381227,
        "var": 0.275639504194
    },
    "zerocrossingrate": {
        "dmean": 0.00410156231374,
        "dmean2": 0.00525921117514,
        "dvar": 2.4430853955e-05,
        "dvar2": 3.62947430403e-05,
        "max": 0.08203125,
        "mean": 0.0187430568039,
        "median": 0.01611328125,
        "min": 0.0009765625,
        "var": 0.000189052138012
    },
    "barkbands": {
        "dmean": [0.000204319847398, 0.00367036578245, 0.0036421075929, 0.00196666968986, 0.00215146155097, 0.00182146788575, 0.000837462604977, 0.0008417138597, 0.000557720020879, 0.00016284645244, 0.000137156806886, 8.25355236884e-05, 0.000109034292109, 6.61557569401e-05, 7.94858278823e-05, 3.25597320625e-05, 3.13728924084e-05, 3.36671691912e-05, 2.19542034756e-05, 4.75303349958e-05, 1.90025220945e-05, 8.37086736283e-06, 7.09105279384e-06, 4.00467297368e-06, 6.75203125411e-07, 1.9244733096e-07, 1.34310255362e-07],
        "dmean2": [0.000321684288792, 0.00614740652964, 0.0051460522227, 0.00313021009788, 0.00364460959099, 0.0027483664453, 0.0013164767297, 0.00136084971018, 0.00082162884064, 0.00028092370485, 0.000218308996409, 0.000140361458762, 0.000183226977242, 0.000105927698314, 0.000128942760057, 5.28841883352e-05, 5.29731260031e-05, 5.59355285077e-05, 3.71240421373e-05, 8.26885589049e-05, 3.34387805196e-05, 1.47442633534e-05, 1.22949631987e-05, 6.9309257924e-06, 1.21046014101e-06, 3.23097509636e-07, 1.98616504576e-07],
        "dvar": [1.99189486239e-07, 4.34415924246e-05, 3.30610855599e-05, 2.34347844525e-05, 2.38508491748e-05, 1.90736154764e-05, 3.90401237382e-06, 9.26234133658e-06, 2.02903288482e-06, 3.92636735569e-07, 1.88956732927e-07, 9.73981855168e-08, 2.04485473887e-07, 2.89206436577e-08, 4.94691150266e-08, 6.73565381248e-09, 9.23429155364e-09, 7.66634755678e-09, 4.44561987223e-09, 2.19985647476e-08, 3.10834735728e-09, 7.61566532059e-10, 4.3756012702e-10, 1.1703824021e-10, 1.21318727633e-11, 4.2273915488e-13, 8.42066894729e-14],
        "dvar2": [4.2544849066e-07, 0.000115520968393, 7.80581176514e-05, 5.67319875699e-05, 5.84232366236e-05, 4.19173047703e-05, 8.88426802703e-06, 2.27072432608e-05, 3.63567278328e-06, 1.12043881018e-06, 5.0201998647e-07, 2.71969469168e-07, 5.70493000396e-07, 6.0888098119e-08, 1.30021931e-07, 1.69012572826e-08, 2.45304274671e-08, 1.94125764352e-08, 1.21309673418e-08, 5.83969352874e-08, 8.15049894243e-09, 2.09940664853e-09, 1.15280951452e-09, 2.89432033895e-10, 3.54887785825e-11, 1.16846235378e-12, 1.75903765837e-13],
        "max": [0.00734807411209, 0.0765530467033, 0.0597833581269, 0.0764662921429, 0.0524339228868, 0.0567623302341, 0.0227447804064, 0.0429558046162, 0.0188326574862, 0.00917579885572, 0.00829835794866, 0.00489564845338, 0.00733754690737, 0.00195301766507, 0.00331166060641, 0.000997407827526, 0.00135820964351, 0.0014209211804, 0.000647117733024, 0.00206708419137, 0.000615964003373, 0.00030258204788, 0.000235889936448, 0.00011720994371, 5.10701247549e-05, 7.49148239265e-06, 5.76302181798e-06],
        "mean": [0.000756324152462, 0.0079530980438, 0.0120025388896, 0.00286521646194, 0.00299483467825, 0.00250423885882, 0.00115271739196, 0.000895536271855, 0.000731527747121, 0.000142317716382, 0.000158271039254, 8.65168403834e-05, 0.000108290616481, 8.42153822305e-05, 9.61025289143e-05, 3.82405887649e-05, 2.99513449136e-05, 3.342738637e-05, 2.01241728064e-05, 4.01943361794e-05, 1.5691119188e-05, 6.75221917845e-06, 6.400050097e-06, 3.65725441043e-06, 7.09137850663e-07, 5.07990478127e-07, 5.45602233615e-07],
        "median": [0.000235021623666, 0.00282664899714, 0.00353020313196, 0.00136584986467, 0.000587446091231, 0.000215833832044, 0.000246495241299, 0.000104425802419, 6.67896092637e-05, 1.40838019433e-05, 2.0772256903e-05, 1.38390023494e-05, 1.39044295793e-05, 1.29124573505e-05, 1.75617769855e-05, 6.88155341777e-06, 3.51104654328e-06, 3.3301566873e-06, 1.91123672266e-06, 2.1801058665e-06, 1.78377899829e-06, 9.25560129872e-07, 7.29902296825e-07, 5.19970683399e-07, 2.48452863616e-07, 2.53671061046e-07, 2.30021925063e-07],
        "min": [1.75074319486e-07, 3.4888907976e-06, 6.30711554095e-07, 4.63704822096e-07, 3.12966949423e-06, 1.94893709704e-06, 3.29082558892e-06, 1.69621750956e-06, 1.53287476223e-06, 2.28512007538e-07, 1.94635831008e-07, 1.21143031606e-07, 1.15144331403e-07, 6.82341365632e-08, 1.18205200295e-07, 7.0912250294e-08, 6.22023179631e-08, 9.69022462272e-09, 3.01689269122e-08, 2.32913990317e-08, 3.20312274482e-08, 2.62538613072e-08, 3.45690658321e-08, 3.01954479198e-08, 1.09817630545e-08, 1.30950779109e-08, 8.71697114491e-09],
        "var": [1.3529855778e-06, 0.000104534505226, 0.00023071745818, 2.74737085419e-05, 4.26833576057e-05, 4.26284423156e-05, 7.2042857937e-06, 8.88711383595e-06, 4.01845727538e-06, 2.75026877716e-07, 2.34671162502e-07, 7.25224040821e-08, 1.47799454453e-07, 4.29096402854e-08, 5.18066727295e-08, 8.15576317592e-09, 7.70423280727e-09, 7.70206121103e-09, 3.42476313975e-09, 1.74024350486e-08, 2.44799958082e-09, 5.0587889433e-10, 3.42880029924e-10, 1.06862865779e-10, 6.79165924888e-12, 5.37902025439e-13, 7.53189177694e-13]
    },
    "erbbands": {
        "dmean": [0.109163656831, 0.879102647305, 3.23366141319, 6.503221035, 4.08302497864, 10.1213922501, 14.5344667435, 12.3989276886, 8.37712192535, 16.1137046814, 22.8102722168, 11.5547218323, 6.77933979034, 5.59880304337, 3.98943424225, 3.69923138618, 5.0422501564, 3.40827226639, 3.69017219543, 3.36496019363, 1.83281326294, 1.69666624069, 1.83641767502, 1.3494079113, 1.55885910988, 2.14522600174, 1.15326941013, 0.461033582687, 0.346365272999, 0.227555572987, 0.192554086447, 0.142900332808, 0.0380776971579, 0.0115278847516, 0.00268433429301, 0.00122218462639, 0.000276336504612, 9.47160006035e-05, 2.6816411264e-05, 1.30782591441e-05],
        "dmean2": [0.187510296702, 1.46371126175, 4.45969152451, 10.165681839, 6.88338661194, 16.8915576935, 22.4221343994, 19.7117443085, 13.2415676117, 25.0642757416, 36.2883071899, 17.3914451599, 11.3259801865, 9.12146091461, 6.5861954689, 6.22544002533, 8.38882350922, 5.37720632553, 5.7909116745, 5.47363042831, 3.02014541626, 2.80016136169, 3.07388210297, 2.24434876442, 2.67210960388, 3.76258444786, 2.00234556198, 0.793713927269, 0.610864460468, 0.399457037449, 0.328124403954, 0.241989597678, 0.0666325613856, 0.0206859987229, 0.00462611066177, 0.00209270347841, 0.000450530380476, 0.000151281798026, 4.0965674998e-05, 1.96668952412e-05],
        "dvar": [0.0418088361621, 2.42166590691, 22.0827331543, 240.196258545, 68.9113235474, 655.326049805, 1558.1953125, 912.051818848, 376.884643555, 1739.29394531, 6882.39111328, 784.616455078, 443.762451172, 394.593444824, 143.407516479, 168.567489624, 352.140991211, 97.606338501, 91.3710098267, 83.7697753906, 28.1925506592, 21.757188797, 23.3001174927, 14.5569677353, 20.4529590607, 41.7718200684, 9.7040977478, 1.74499583244, 1.32810103893, 0.499460071325, 0.326912105083, 0.133950859308, 0.0200457405299, 0.00338046834804, 0.000108629501483, 2.0871479137e-05, 6.23541097866e-07, 3.93798416098e-08, 2.83856649297e-09, 3.4380825964e-10],
        "dvar2": [0.120324291289, 6.36908864975, 49.5460853577, 600.079833984, 167.213592529, 1641.81469727, 3405.93823242, 1982.67431641, 887.095581055, 3838.0480957, 15928.9257812, 1446.78503418, 1221.03735352, 1053.15478516, 392.147491455, 461.041259766, 956.208435059, 211.075332642, 228.270385742, 216.315963745, 72.6674957275, 55.6793251038, 59.713760376, 37.6352043152, 55.2122840881, 111.952033997, 25.1297340393, 4.63060331345, 3.67838835716, 1.38389253616, 0.845042765141, 0.314662605524, 0.0564167387784, 0.00988238118589, 0.000309449329507, 5.74592377234e-05, 1.6972553567e-06, 9.68151923075e-08, 6.59205534603e-09, 8.09561362392e-10],
        "max": [2.51382112503, 15.3047084808, 53.3174171448, 246.90562439, 115.732475281, 322.668518066, 607.693481445, 437.275390625, 212.215637207, 425.681030273, 1142.78881836, 284.168640137, 305.347900391, 285.081878662, 135.915161133, 170.638336182, 299.955566406, 126.772163391, 115.298439026, 131.146194458, 78.3321151733, 60.8883476257, 75.4810333252, 59.512966156, 45.191860199, 78.271194458, 33.8266906738, 14.7222003937, 13.2152109146, 8.0747756958, 5.9784154892, 4.54156827927, 1.86974775791, 0.851793050766, 0.124791234732, 0.0561197735369, 0.0089661385864, 0.00318573578261, 0.00108604528941, 0.000168238766491],
        "mean": [0.215809121728, 1.93330276012, 10.8251562119, 14.3981876373, 6.41215229034, 13.0316085815, 20.7370281219, 16.1684970856, 11.231713295, 22.590259552, 24.5834083557, 15.3599157333, 6.70833730698, 5.95082855225, 4.45081710815, 3.9588303566, 5.24953317642, 4.30850791931, 4.53535556793, 3.97440624237, 2.08904385567, 1.69036102295, 1.83881878853, 1.34725010395, 1.39335942268, 1.78731846809, 0.956114411354, 0.380820900202, 0.273302257061, 0.19132900238, 0.174469083548, 0.130025401711, 0.032727830112, 0.0105073414743, 0.0037951238919, 0.00211474508978, 0.00090745149646, 0.000353311334038, 0.000106803861854, 4.26051010436e-05],
        "median": [0.0871055200696, 0.66084843874, 3.37640070915, 7.72662830353, 2.79769015312, 1.99126923084, 2.05905842781, 1.88932156563, 2.4564344883, 3.87043738365, 2.27335858345, 1.75627863407, 0.808781921864, 0.560211539268, 0.839958548546, 0.631126880646, 0.71058678627, 0.654206871986, 0.82761567831, 0.635167479515, 0.354561388493, 0.210006475449, 0.193125814199, 0.136282533407, 0.103052966297, 0.099844314158, 0.10580034554, 0.0397567413747, 0.0330903977156, 0.0311494600028, 0.0236137155443, 0.0139465359971, 0.00604526512325, 0.00277767027728, 0.00169727311004, 0.00100667076185, 0.000469202554086, 0.00017972655769, 5.10714162374e-05, 4.03099038522e-05],
        "min": [9.73664136836e-05, 0.00144105160143, 0.0042961044237, 0.0154174296185, 0.0139417452738, 0.00964660011232, 0.0152719682083, 0.0285022351891, 0.0716027319431, 0.0660786181688, 0.0486054122448, 0.048159301281, 0.0231770314276, 0.00574502255768, 0.00816724169999, 0.00760620320216, 0.00639266567305, 0.00410766014829, 0.00580151611939, 0.00502507807687, 0.00352850882336, 0.00375062227249, 0.00193000247236, 0.00091449986212, 0.00147307966836, 0.00133689888753, 0.00195308064576, 0.000563929381315, 0.000940711062867, 0.000895671255421, 0.00119003816508, 0.000445553770987, 0.000384901999496, 0.000126849714434, 0.000104207756522, 5.37896812602e-05, 2.58290892816e-05, 8.99722999748e-06, 2.37264976022e-06, 1.17508568565e-06],
        "var": [0.0829971060157, 6.66208553314, 177.710144043, 356.883605957, 124.648742676, 1028.3626709, 3032.53149414, 1971.26306152, 696.531433105, 2992.02001953, 7462.53857422, 1507.80444336, 385.69152832, 407.324707031, 134.471862793, 135.842071533, 280.936065674, 124.93674469, 110.172279358, 95.3315505981, 28.9512748718, 19.9754734039, 22.726732254, 13.3839530945, 16.4630832672, 32.2705879211, 7.99286937714, 1.34211289883, 0.872085571289, 0.332409292459, 0.267191469669, 0.138107478619, 0.0128202904016, 0.00189156830311, 7.1484108048e-05, 1.6551473891e-05, 1.47267405737e-06, 2.27516224527e-07, 2.32738788242e-08, 1.0307481535e-09]
    },
    "gfcc": {
        "mean": [-114.579315186, 149.408721924, -69.3625869751, 26.2494239807, -37.9590415955, 2.50954937935, -23.0700912476, -3.84240269661, -7.87411594391, -0.64203774929, -12.3944969177, -10.2227115631, -14.7331380844],
        "cov": [[4796.38085938, 247.659255981, -2334.87890625, 159.581726074, -816.346862793, -346.144165039, -284.524108887, -192.337936401, -128.178665161, -259.07699585, 263.710266113, -72.1841659546, 260.381500244], [247.659255981, 789.885375977, 29.0483074188, -53.2640380859, 116.435844421, -10.255068779, 33.0579414368, -91.3587036133, 53.8023796082, -108.503540039, 43.7660102844, -77.7420730591, -4.39578580856], [-2334.87890625, 29.0483074188, 2414.3684082, 146.448699951, 674.109619141, 430.592193604, 323.518768311, 241.004379272, 224.618560791, 123.988624573, -128.400177002, 25.4188766479, -222.982925415], [159.581726074, -53.2640380859, 146.448699951, 324.526306152, 22.2855682373, 101.726844788, 70.9540176392, 28.5929813385, 37.5572814941, -38.4145812988, 4.71802043915, -15.0936231613, -11.966501236], [-816.346862793, 116.435844421, 674.109619141, 22.2855682373, 471.622497559, 196.430496216, 130.587203979, 54.3636054993, 82.7446517944, 48.9222221375, -65.3552780151, 12.4514703751, -76.8670425415], [-346.144165039, -10.255068779, 430.592193604, 101.726844788, 196.430496216, 235.424331665, 110.575782776, 61.3782730103, 58.2396011353, 23.36302948, -27.8970527649, 7.81974363327, -36.4608001709], [-284.524108887, 33.0579414368, 323.518768311, 70.9540176392, 130.587203979, 110.575782776, 148.954315186, 70.6217651367, 43.3805046082, 1.36547970772, -20.9371547699, 0.865817427635, -31.7381801605], [-192.337936401, -91.3587036133, 241.004379272, 28.5929813385, 54.3636054993, 61.3782730103, 70.6217651367, 106.179473877, 36.6056442261, 27.3130950928, -17.8040409088, 18.5208835602, -18.2645111084], [-128.178665161, 53.8023796082, 224.618560791, 37.5572814941, 82.7446517944, 58.2396011353, 43.3805046082, 36.6056442261, 74.7858657837, 12.6144046783, -5.38793420792, -9.19507026672, -26.4434661865], [-259.07699585, -108.503540039, 123.988624573, -38.4145812988, 48.9222221375, 23.36302948, 1.36547970772, 27.3130950928, 12.6144046783, 90.8863372803, -8.27379226685, 16.863658905, -16.6720046997], [263.710266113, 43.7660102844, -128.400177002, 4.71802043915, -65.3552780151, -27.8970527649, -20.9371547699, -17.8040409088, -5.38793420792, -8.27379226685, 60.331035614, -2.36801671982, 11.4397583008], [-72.1841659546, -77.7420730591, 25.4188766479, -15.0936231613, 12.4514703751, 7.81974363327, 0.865817427635, 18.5208835602, -9.19507026672, 16.863658905, -2.36801671982, 50.7777709961, 9.81717967987], [260.381500244, -4.39578580856, -222.982925415, -11.966501236, -76.8670425415, -36.4608001709, -31.7381801605, -18.2645111084, -26.4434661865, -16.6720046997, 11.4397583008, 9.81717967987, 61.4053153992]],
        "icov": [[0.000622180930804, -0.000152798224008, 0.000511978403665, -0.000388837332139, 0.000199844376766, -0.000264340487774, 0.000486004515551, -0.000690655841026, -0.000501010275912, 0.000696771079674, -0.0012638499029, 0.000240502311499, -0.000556428392883], [-0.000152798224008, 0.00317087047733, -0.000324060762068, 0.00158258585725, -0.00138209818397, 0.000694250164088, -0.00174491957296, 0.00309541239403, -0.00284210569225, 0.00344740622677, -0.0026874486357, 0.00291684828699, -0.00154609372839], [0.000511978403665, -0.000324060762068, 0.00156988832168, -0.000436572998296, -0.000302144122543, -0.000794286956079, 0.000147800164996, -0.00150729960296, -0.00124380609486, 0.000165473102243, -0.000174841610715, -0.000583396293223, 0.00183487462346], [-0.000388837332139, 0.00158258585725, -0.000436572998296, 0.00524424668401, 0.000156458365382, -0.00161071226466, -0.002067418769, 0.00187569961417, -0.00226448732428, 0.00323931244202, -0.00117555982433, 0.00171075202525, -0.000222630958888], [0.000199844376766, -0.00138209818397, -0.000302144122543, 0.000156458365382, 0.00593798980117, -0.00257697864436, -0.00140912644565, 0.00181558879558, -0.00140735460445, -0.00210827286355, 0.00378205813468, -0.00315916049294, 0.00232368451543], [-0.000264340487774, 0.000694250164088, -0.000794286956079, -0.00161071226466, -0.00257697864436, 0.00978689733893, -0.00354190799408, 0.000765650591347, -0.00135740614496, -0.000980904907919, -8.47257761052e-05, -5.01784270455e-05, -0.00187228596769], [0.000486004515551, -0.00174491957296, 0.000147800164996, -0.002067418769, -0.00140912644565, -0.00354190799408, 0.0170054137707, -0.0104190064594, 0.0024122542236, 0.00245585152879, -0.000386901578167, 0.00106885330752, 0.00137825496495], [-0.000690655841026, 0.00309541239403, -0.00150729960296, 0.00187569961417, 0.00181558879558, 0.000765650591347, -0.0104190064594, 0.0235832277685, -0.00856506731361, -0.00154363724869, 0.00218895426951, -0.00458676042035, -0.00138298072852], [-0.000501010275912, -0.00284210569225, -0.00124380609486, -0.00226448732428, -0.00140735460445, -0.00135740614496, 0.0024122542236, -0.00856506731361, 0.0271409377456, -0.00451992591843, -0.000652925868053, 0.00433149561286, 0.00298439944163], [0.000696771079674, 0.00344740622677, 0.000165473102243, 0.00323931244202, -0.00210827286355, -0.000980904907919, 0.00245585152879, -0.00154363724869, -0.00451992591843, 0.0202206894755, -0.00551902875304, 0.000427326129284, 0.00061649386771], [-0.0012638499029, -0.0026874486357, -0.000174841610715, -0.00117555982433, 0.00378205813468, -8.47257761052e-05, -0.000386901578167, 0.00218895426951, -0.000652925868053, -0.00551902875304, 0.0266206860542, -0.00561864115298, 0.00359722645953], [0.000240502311499, 0.00291684828699, -0.000583396293223, 0.00171075202525, -0.00315916049294, -5.01784270455e-05, 0.00106885330752, -0.00458676042035, 0.00433149561286, 0.000427326129284, -0.00561864115298, 0.0298870503902, -0.00914251618087], [-0.000556428392883, -0.00154609372839, 0.00183487462346, -0.000222630958888, 0.00232368451543, -0.00187228596769, 0.00137825496495, -0.00138298072852, 0.00298439944163, 0.00061649386771, 0.00359722645953, -0.00914251618087, 0.0294958334416]]
    },
    "melbands": {
        "dmean": [0.000979783711955, 0.00143697659951, 0.000996287097223, 0.000479411974084, 0.000456174631836, 0.000284378736978, 0.000147359474795, 0.000164022727404, 0.000194357635337, 6.57684722682e-05, 3.30040020344e-05, 2.19491303142e-05, 1.52908251039e-05, 9.6592511909e-06, 1.23984154925e-05, 8.73154840519e-06, 6.30036629445e-06, 5.95446817897e-06, 5.57072098673e-06, 3.0529643027e-06, 2.20056085709e-06, 1.84388875368e-06, 1.54767235472e-06, 1.74905005679e-06, 1.04324669792e-06, 7.80177401793e-07, 1.80772804015e-06, 1.36310859489e-06, 7.57821737807e-07, 4.8859232038e-07, 1.99941553092e-07, 1.98968010068e-07, 1.54407217678e-07, 1.24781479371e-07, 1.08230253204e-07, 1.29233214352e-07, 6.94860418093e-08, 2.80020024945e-08, 1.65667994878e-08, 7.44006012354e-09],
        "dmean2": [0.00164299830794, 0.00208882056177, 0.00156177859753, 0.000812123296782, 0.000717409071513, 0.000449060316896, 0.000228741759202, 0.000254528247751, 0.000306598376483, 0.00010226728773, 5.6111763115e-05, 3.63492436009e-05, 2.47275947913e-05, 1.67596099345e-05, 2.06021504709e-05, 1.43125553222e-05, 9.97418374027e-06, 9.41636608331e-06, 9.11563165573e-06, 4.9237114581e-06, 3.69138047063e-06, 3.09759366246e-06, 2.56475186688e-06, 2.93434504783e-06, 1.71980866526e-06, 1.35146012781e-06, 3.14615431307e-06, 2.3964880711e-06, 1.31175545448e-06, 8.65933031946e-07, 3.41472059517e-07, 3.50265992211e-07, 2.73617132507e-07, 2.22076906198e-07, 1.81492083584e-07, 2.16018634092e-07, 1.18798645588e-07, 4.94111773719e-08, 2.99624680622e-08, 1.33339304043e-08],
        "dvar": [3.13125224238e-06, 4.77064395454e-06, 5.00218857269e-06, 1.14123315598e-06, 1.33664036639e-06, 4.52041717836e-07, 1.18319363196e-07, 1.9999041001e-07, 4.94597657053e-07, 2.44815439032e-08, 1.12098064164e-08, 6.36164276813e-09, 1.94354021765e-09, 1.51563039896e-09, 2.38549247022e-09, 9.95066362641e-10, 3.0961283537e-10, 2.16112072682e-10, 2.95169166886e-10, 5.94784707597e-11, 5.06598200889e-11, 3.28132104821e-11, 1.22647673267e-11, 2.40247335914e-11, 8.94112648503e-12, 6.56517245082e-12, 3.66195095081e-11, 1.64536544112e-11, 3.79533253783e-12, 2.70607104433e-12, 3.22370195859e-13, 4.25268110657e-13, 2.66808656332e-13, 1.68658652582e-13, 1.28880453944e-13, 1.14828976948e-13, 3.20886776894e-14, 1.06941323134e-14, 8.82448072405e-15, 1.20284523037e-15],
        "dvar2": [8.64419507707e-06, 1.11945319077e-05, 1.24539265016e-05, 2.92594131679e-06, 2.89381682705e-06, 9.87906219052e-07, 2.71102834404e-07, 4.45458141485e-07, 1.10878067971e-06, 4.92085554527e-08, 3.08948813199e-08, 1.71752905231e-08, 5.25862375866e-09, 4.32364899439e-09, 6.4808549638e-09, 2.62412291896e-09, 6.4836153113e-10, 5.31662547321e-10, 8.03369870628e-10, 1.49400200544e-10, 1.31553296034e-10, 8.54003187611e-11, 3.06427661023e-11, 6.25878307514e-11, 2.31678148888e-11, 1.83389293335e-11, 9.75207831155e-11, 4.44498327035e-11, 9.83198678722e-12, 7.2667536051e-12, 8.62194376224e-13, 1.17772631925e-12, 7.3947846544e-13, 4.70556373814e-13, 3.45824036725e-13, 2.82712004848e-13, 7.4869608126e-14, 3.02371077124e-14, 2.60063323009e-14, 3.50112365484e-15],
        "max": [0.0220188461244, 0.0217230543494, 0.0341660454869, 0.0120380828157, 0.0179986860603, 0.00957569293678, 0.0041441982612, 0.00528286211193, 0.00882552191615, 0.00144965341315, 0.00154640711844, 0.00105104246177, 0.000699058582541, 0.000616445031483, 0.000888006645255, 0.000436331931269, 0.000205694857868, 0.000177132038516, 0.000288260082016, 7.6309654105e-05, 0.000104724837001, 7.76474116719e-05, 3.90932582377e-05, 8.06494499557e-05, 4.60840201413e-05, 2.80298063444e-05, 9.27620349103e-05, 4.29161409556e-05, 1.78623104148e-05, 1.99129826797e-05, 6.88612408339e-06, 7.4664803833e-06, 5.46902492715e-06, 4.69724409413e-06, 4.45412524641e-06, 3.53009613718e-06, 2.2101637569e-06, 1.2952813222e-06, 1.48697859004e-06, 4.56007001048e-07],
        "mean": [0.00206934148446, 0.0048071728088, 0.00230951816775, 0.000633197487332, 0.000698673538864, 0.000383107049856, 0.000199898830033, 0.000224899486057, 0.000209686229937, 8.7143984274e-05, 3.09498864226e-05, 2.27029649977e-05, 1.77532056114e-05, 9.55437099037e-06, 1.27949151647e-05, 9.52614300331e-06, 7.8574885265e-06, 7.07402250555e-06, 6.63333594275e-06, 3.50109280589e-06, 2.29426996157e-06, 1.76177968569e-06, 1.55074098984e-06, 1.72890736394e-06, 1.01235218608e-06, 6.85414420332e-07, 1.54467761604e-06, 1.09726056507e-06, 6.25262487119e-07, 3.86268766306e-07, 1.67419031527e-07, 1.55416671532e-07, 1.20414568983e-07, 1.04114342037e-07, 9.297918524e-08, 1.16756687873e-07, 6.25279099609e-08, 2.30888819175e-08, 1.31913040491e-08, 7.15542203267e-09],
        "median": [0.000869182345923, 0.00160275225062, 0.0012592774583, 0.00015113966947, 8.28060728963e-05, 4.24887693953e-05, 4.23777964897e-05, 3.76657881134e-05, 1.57819558808e-05, 1.02318508652e-05, 3.43737883668e-06, 2.01302532332e-06, 2.94615620078e-06, 1.61080004091e-06, 1.59557748702e-06, 1.31588319618e-06, 1.14202316581e-06, 1.24908524413e-06, 1.0884969015e-06, 5.82971608765e-07, 3.56510383881e-07, 2.15280863358e-07, 1.87382681816e-07, 1.67359345937e-07, 9.4982652854e-08, 7.40045678072e-08, 7.48096127268e-08, 5.92892988038e-08, 6.55101288771e-08, 4.29737490037e-08, 1.55948658431e-08, 1.73577916485e-08, 1.81606001348e-08, 1.61500306461e-08, 1.24874528495e-08, 1.14056950551e-08, 7.2363679493e-09, 4.02538313793e-09, 2.70545674752e-09, 2.15671014381e-09],
        "min": [8.51683353176e-07, 3.25003975377e-06, 2.84699012809e-06, 6.86821124418e-07, 5.67182610212e-07, 6.51333095902e-07, 1.11737017505e-06, 6.41575866211e-07, 3.97276835429e-07, 2.37607537201e-07, 1.05690091345e-07, 1.84159727468e-08, 2.62180588351e-08, 2.09790922412e-08, 1.12871942903e-08, 1.08795035203e-08, 6.11639761061e-09, 5.78211656332e-09, 8.31899527043e-09, 5.95223736966e-09, 3.78273989909e-09, 3.543883631e-09, 2.25693486122e-09, 4.61558957721e-10, 6.06730943264e-10, 1.0150783547e-09, 5.22289933524e-10, 9.50970746594e-10, 1.48997292282e-09, 4.51445131278e-10, 2.8156049714e-10, 4.94918495075e-10, 5.59778112752e-10, 4.76022055107e-10, 8.08076050518e-10, 2.49072373837e-10, 2.98367164309e-10, 2.23115262377e-10, 1.07359593438e-10, 7.85698520134e-11],
        "var": [6.69284690957e-06, 3.18120946758e-05, 8.09353059594e-06, 1.84362511391e-06, 2.85430974145e-06, 1.02537512703e-06, 2.26782589152e-07, 3.09018645339e-07, 5.74850105295e-07, 4.44284609102e-08, 9.28728383087e-09, 6.1345564184e-09, 2.26158713978e-09, 1.02373676203e-09, 1.90216664642e-09, 8.47845904595e-10, 4.2513600973e-10, 2.78856715497e-10, 2.83093770648e-10, 7.30463467491e-11, 4.57698913492e-11, 2.73452770844e-11, 1.33139931371e-11, 2.27576568701e-11, 8.02878943884e-12, 4.56362248338e-12, 2.88277353377e-11, 1.23414733294e-11, 3.15999873837e-12, 1.9607386461e-12, 2.49892175095e-13, 2.81223964472e-13, 1.72772183387e-13, 1.09650366586e-13, 9.46429349821e-14, 1.10794098234e-13, 3.30508630718e-14, 6.65862001902e-15, 4.75749353243e-15, 6.93380905925e-16]
    },
    "mfcc": {
        "mean": [-776.367553711, 186.460540771, 27.446975708, 35.4023551941, 9.85638141632, 14.5200834274, -2.73871612549, 2.53206825256, -0.678631663322, 11.6331596375, 0.287297129631, 4.68843364716, -1.0217499733],
        "cov": [[7148.28710938, -582.445251465, -2087.57641602, -180.328704834, -936.981506348, -528.249938965, -444.72567749, -236.799499512, -610.253295898, -58.3250694275, -476.551055908, -119.926849365, -269.825164795], [-582.445251465, 824.871582031, 207.218612671, -43.2813339233, 198.772094727, 80.7973175049, 50.8429794312, 31.2136325836, 51.5258827209, -26.9861412048, 88.7044906616, 32.0906524658, 16.3524265289], [-2087.57641602, 207.218612671, 1331.10217285, 213.332809448, 401.773284912, 258.377746582, 206.463562012, 229.648483276, 278.370849609, 43.2449188232, 237.208999634, 104.732780457, 125.218193054], [-180.328704834, -43.2813339233, 213.332809448, 189.027206421, 81.6384048462, 58.767868042, 43.0436210632, 71.9012374878, 51.9028816223, 13.7493553162, 28.3658561707, 38.2372016907, 12.8003063202], [-936.981506348, 198.772094727, 401.773284912, 81.6384048462, 338.57333374, 196.677459717, 108.088317871, 97.1567001343, 150.157241821, -0.84474414587, 117.748985291, 55.9168434143, 55.8448524475], [-528.249938965, 80.7973175049, 258.377746582, 58.767868042, 196.677459717, 205.35357666, 104.736114502, 84.9618225098, 112.650413513, 2.16399741173, 75.9353485107, 45.3714447021, 34.3059997559], [-444.72567749, 50.8429794312, 206.463562012, 43.0436210632, 108.088317871, 104.736114502, 129.123916626, 84.2023086548, 90.7100067139, 10.0898618698, 47.3553161621, 36.3564910889, 33.4261817932], [-236.799499512, 31.2136325836, 229.648483276, 71.9012374878, 97.1567001343, 84.9618225098, 84.2023086548, 148.534408569, 97.3470687866, 7.44637060165, 42.628238678, 43.0588188171, 28.8264980316], [-610.253295898, 51.5258827209, 278.370849609, 51.9028816223, 150.157241821, 112.650413513, 90.7100067139, 97.3470687866, 173.119247437, 8.61290454865, 66.6800689697, 46.3363265991, 42.6903076172], [-58.3250694275, -26.9861412048, 43.2449188232, 13.7493553162, -0.84474414587, 2.16399741173, 10.0898618698, 7.44637060165, 8.61290454865, 63.536819458, 19.984172821, 3.54091119766, 8.4912147522], [-476.551055908, 88.7044906616, 237.208999634, 28.3658561707, 117.748985291, 75.9353485107, 47.3553161621, 42.628238678, 66.6800689697, 19.984172821, 112.449707031, 30.8462657928, 25.9380741119], [-119.926849365, 32.0906524658, 104.732780457, 38.2372016907, 55.9168434143, 45.3714447021, 36.3564910889, 43.0588188171, 46.3363265991, 3.54091119766, 30.8462657928, 69.2942123413, 15.9327802658], [-269.825164795, 16.3524265289, 125.218193054, 12.8003063202, 55.8448524475, 34.3059997559, 33.4261817932, 28.8264980316, 42.6903076172, 8.4912147522, 25.9380741119, 15.9327802658, 54.5873336792]],
