{
"lowlevel": {
    "average_loudness": 0.988296329975,
    "barkbands_crest": {
        "dmean": 1.58873021603,
        "dmean2": 2.52572321892,
        "dvar": 1.7509958744,
        "dvar2": 3.63654351234,
        "max": 16.9685344696,
        "mean": 9.47866344452,
        "median": 8.90847015381,
        "min": 4.81666040421,
        "var": 7.91742420197
    },
    "barkbands_flatness_db": {
        "dmean": 0.011906966567,
        "dmean2": 0.0169749390334,
        "dvar": 8.98878570297e-05,
        "dvar2": 0.000215459687752,
        "max": 0.231501996517,
        "mean": 0.166413262486,
        "median": 0.161313891411,
        "min": 0.103904575109,
        "var": 0.000859539664816
    },
    "barkbands_kurtosis": {
        "dmean": 0.837250232697,
        "dmean2": 1.3993679285,
        "dvar": 0.895907759666,
        "dvar2": 2.45731329918,
        "max": 4.3194642067,
        "mean": -0.243092775345,
        "median": -0.528381824493,
        "min": -1.65918946266,
        "var": 1.27768218517
    },
    "barkbands_skewness": {
        "dmean": 0.325069069862,
        "dmean2": 0.504094958305,
        "dvar": 0.0706222578883,
        "dvar2": 0.183775216341,
        "max": 1.44895291328,
        "mean": -0.50499111414,
        "median": -0.516588449478,
        "min": -2.32048726082,
        "var": 0.447094082832
    },
    "barkbands_spread": {
        "dmean": 3.3825776577,
        "dmean2": 5.54192399979,
        "dvar": 8.51069927216,
        "dvar2": 19.1143856049,
        "max": 33.3041763306,
        "mean": 20.0019683838,
        "median": 19.8687744141,
        "min": 10.3155031204,
        "var": 21.5056743622
    },
    "dissonance": {
        "dmean": 0.0331452563405,
        "dmean2": 0.0564891248941,
        "dvar": 0.000682462414261,
        "dvar2": 0.00173710810486,
        "max": 0.495292156935,
        "mean": 0.436377227306,
        "median": 0.441468894482,
        "min": 0.338248610497,
        "var": 0.00119293562602
    },
    "dynamic_complexity": 1.08319914341,
    "erbbands_crest": {
        "dmean": 1.61105835438,
        "dmean2": 2.26836252213,
        "dvar": 1.81930279732,
        "dvar2": 3.85565066338,
        "max": 23.6342735291,
        "mean": 13.5932760239,
        "median": 13.5658178329,
        "min": 6.62233018875,
        "var": 17.7439136505
    },
    "erbbands_flatness_db": {
        "dmean": 0.0114954626188,
        "dmean2": 0.0170161370188,
        "dvar": 7.07293729647e-05,
        "dvar2": 0.000162884985912,
        "max": 0.340089887381,
        "mean": 0.264872312546,
        "median": 0.259054541588,
        "min": 0.205794841051,
        "var": 0.000780953210779
    },
    "erbbands_kurtosis": {
        "dmean": 1.09850502014,
        "dmean2": 1.4914753437,
        "dvar": 1.25985920429,
        "dvar2": 1.92769658566,
        "max": 19.8223400116,
        "mean": 3.05542325974,
        "median": 2.50545549393,
        "min": -0.767396211624,
        "var": 9.67449951172
    },
    "erbbands_skewness": {
        "dmean": 0.327221184969,
        "dmean2": 0.459878951311,
        "dvar": 0.0661844685674,
        "dvar2": 0.127592250705,
        "max": 0.387525677681,
        "mean": -1.06739413738,
        "median": -0.932497382164,
        "min": -3.90503787994,
        "var": 0.594020187855
    },
    "erbbands_spread": {
        "dmean": 2.35478258133,
        "dmean2": 3.39621853828,
        "dvar": 4.40183734894,
        "dvar2": 9.17412185669,
        "max": 37.707649231,
        "mean": 13.100982666,
        "median": 12.2023324966,
        "min": 3.7934346199,
        "var": 33.2077026367
    },
    "hfc": {
        "dmean": 3.89666438103,
        "dmean2": 5.11928892136,
        "dvar": 20.792432785,
        "dvar2": 42.4462051392,
        "max": 85.8890533447,
        "mean": 28.5333480835,
        "median": 25.2539024353,
        "min": 11.0458621979,
        "var": 181.177566528
    },
    "melbands_crest": {
        "dmean": 1.92923772335,
        "dmean2": 3.0463540554,
        "dvar": 2.57610797882,
        "dvar2": 6.56865310669,
        "max": 20.286989212,
        "mean": 9.66773223877,
        "median": 8.99085330963,
        "min": 5.23109722137,
        "var": 10.8785829544
    },
    "melbands_flatness_db": {
        "dmean": 0.0150453206152,
        "dmean2": 0.0220829416066,
        "dvar": 0.000134221932967,
        "dvar2": 0.000256641273154,
        "max": 0.302156925201,
        "mean": 0.210685953498,
        "median": 0.207127779722,
        "min": 0.147119089961,
        "var": 0.001054261229
    },
    "melbands_kurtosis": {
        "dmean": 0.571900010109,
        "dmean2": 0.915298759937,
        "dvar": 0.533830761909,
        "dvar2": 1.01958537102,
        "max": 6.54459953308,
        "mean": -0.657408893108,
        "median": -1.02696943283,
        "min": -1.80903828144,
        "var": 1.7674446106
    },
    "melbands_skewness": {
        "dmean": 0.389565259218,
        "dmean2": 0.602200031281,
        "dvar": 0.0859494879842,
        "dvar2": 0.186798840761,
        "max": 2.72560477257,
        "mean": 0.267909944057,
        "median": 0.211757391691,
        "min": -0.968202054501,
        "var": 0.51279270649
    },
    "melbands_spread": {
        "dmean": 5.31220722198,
        "dmean2": 8.88762378693,
        "dvar": 21.9078388214,
        "dvar2": 49.9747047424,
        "max": 67.7157897949,
        "mean": 43.6124458313,
        "median": 42.6030502319,
        "min": 18.2211322784,
        "var": 111.571891785
    },
    "pitch_salience": {
        "dmean": 0.0466615818441,
        "dmean2": 0.0655687153339,
        "dvar": 0.00114806776401,
        "dvar2": 0.00251715118065,
        "max": 0.704080343246,
        "mean": 0.527254760265,
        "median": 0.541124284267,
        "min": 0.323201030493,
        "var": 0.00643850071356
    },
    "silence_rate_20dB": {
        "dmean": 0,
        "dmean2": 0,
        "dvar": 0,
        "dvar2": 0,
        "max": 1,
        "mean": 1,
        "median": 1,
        "min": 1,
        "var": 0
    },
    "silence_rate_30dB": {
        "dmean": 0,
        "dmean2": 0,
        "dvar": 0,
        "dvar2": 0,
        "max": 1,
        "mean": 1,
        "median": 1,
        "min": 1,
        "var": 0
    },
    "silence_rate_60dB": {
        "dmean": 0,
        "dmean2": 0,
        "dvar": 0,
        "dvar2": 0,
        "max": 0,
        "mean": 0,
        "median": 0,
        "min": 0,
        "var": 0
    },
    "spectral_centroid": {
        "dmean": 116.929016113,
        "dmean2": 182.432754517,
        "dvar": 8779.67285156,
        "dvar2": 19122.0703125,
        "max": 2073.22167969,
        "mean": 1593.05541992,
        "median": 1621.04589844,
        "min": 786.326782227,
        "var": 80506.8359375
    },
    "spectral_complexity": {
        "dmean": 1.25581395626,
        "dmean2": 2.1171875,
        "dvar": 1.12060523033,
        "dvar2": 2.66595458984,
        "max": 26,
        "mean": 13.9692306519,
        "median": 13,
        "min": 10,
        "var": 7.44520759583
    },
    "spectral_decrease": {
        "dmean": 9.9394426023e-10,
        "dmean2": 1.42900413724e-09,
        "dvar": 7.28760802115e-19,
        "dvar2": 1.31416820555e-18,
        "max": -2.03603045534e-09,
        "mean": -5.51482193245e-09,
        "median": -4.91544271952e-09,
        "min": -1.36540636575e-08,
        "var": 5.06388514553e-18
    },
    "spectral_energy": {
        "dmean": 0.0040373345837,
        "dmean2": 0.00573743553832,
        "dvar": 1.18025254778e-05,
        "dvar2": 2.12321010622e-05,
        "max": 0.0542974770069,
        "mean": 0.0234022438526,
        "median": 0.0213005654514,
        "min": 0.00868637021631,
        "var": 8.70017101988e-05
    },
    "spectral_energyband_high": {
        "dmean": 3.01376658172e-05,
        "dmean2": 5.25984214619e-05,
        "dvar": 6.56390886089e-10,
        "dvar2": 1.80258730165e-09,
        "max": 0.000245429546339,
        "mean": 0.000118184711027,
        "median": 0.000111077752081,
        "min": 5.13742124895e-05,
        "var": 1.67996105915e-09
    },
    "spectral_energyband_low": {
        "dmean": 0.000700538803358,
        "dmean2": 0.00113223993685,
        "dvar": 4.01190987986e-07,
        "dvar2": 8.51370657529e-07,
        "max": 0.00467512616888,
        "mean": 0.00131300115027,
        "median": 0.00104828900658,
        "min": 0.000290960102575,
        "var": 8.11962650005e-07
    },
    "spectral_energyband_middle_high": {
        "dmean": 0.00221588322893,
        "dmean2": 0.0029113732744,
        "dvar": 5.34835044164e-06,
        "dvar2": 1.19576625366e-05,
        "max": 0.0427386946976,
        "mean": 0.0157314520329,
        "median": 0.0141884787008,
        "min": 0.00552344694734,
        "var": 4.41241136286e-05
    },
    "spectral_energyband_middle_low": {
        "dmean": 0.00284992693923,
        "dmean2": 0.00429308321327,
        "dvar": 8.42756799102e-06,
        "dvar2": 1.65254550666e-05,
        "max": 0.0411129593849,
        "mean": 0.00642512924969,
        "median": 0.00425934931263,
        "min": 0.000526142597664,
        "var": 4.58724316559e-05
    },
    "spectral_entropy": {
        "dmean": 0.117828145623,
        "dmean2": 0.178460791707,
        "dvar": 0.0102968886495,
        "dvar2": 0.0246101394296,
        "max": 7.80517053604,
        "mean": 6.87329053879,
        "median": 6.89828109741,
        "min": 6.2908372879,
        "var": 0.0704209879041
    },
    "spectral_flux": {
        "dmean": 0.0126121034846,
        "dmean2": 0.0216244868934,
        "dvar": 8.98287908058e-05,
        "dvar2": 0.000264945701929,
        "max": 0.0932006984949,
        "mean": 0.0485696084797,
        "median": 0.0468937084079,
        "min": 0.0216751992702,
        "var": 0.000167834339663
    },
    "spectral_kurtosis": {
        "dmean": 4.77871799469,
        "dmean2": 8.9663476944,
        "dvar": 13.9394893646,
        "dvar2": 44.437335968,
        "max": 29.4750213623,
        "mean": 10.5007066727,
        "median": 9.79821205139,
        "min": 4.40441226959,
        "var": 20.496421814
    },
    "spectral_rms": {
        "dmean": 0.000410000880947,
        "dmean2": 0.000580694701057,
        "dvar": 1.01551670184e-07,
        "dvar2": 1.77250399247e-07,
        "max": 0.00727826543152,
        "mean": 0.00469129346311,
        "median": 0.00455861352384,
        "min": 0.00291110086255,
        "var": 8.23232767289e-07
    },
    "spectral_rolloff": {
        "dmean": 75.4496765137,
        "dmean2": 126.675796509,
        "dvar": 18792.46875,
        "dvar2": 35744.0078125,
        "max": 2368.65234375,
        "mean": 2040.35339355,
        "median": 2153.3203125,
        "min": 1141.25976562,
        "var": 52538.8359375
    },
    "spectral_skewness": {
        "dmean": 0.426463484764,
        "dmean2": 0.782486021519,
        "dvar": 0.117613472044,
        "dvar2": 0.334417462349,
        "max": 3.64623951912,
        "mean": 2.00457191467,
        "median": 1.92983078957,
        "min": 1.36729168892,
        "var": 0.173098802567
    },
    "spectral_spread": {
        "dmean": 248552.46875,
        "dmean2": 391193.3125,
        "dvar": 361633939456,
        "dvar2": 385181089792,
        "max": 9065477,
        "mean": 2549216,
        "median": 2493472.5,
        "min": 1890189.25,
        "var": 401067343872
    },
    "spectral_strongpeak": {
        "dmean": 1.17895877361,
        "dmean2": 1.90982437134,
        "dvar": 1.72440695763,
        "dvar2": 4.03883075714,
        "max": 13.9168968201,
        "mean": 4.09971427917,
        "median": 3.23262166977,
        "min": 0.28483992815,
        "var": 10.2945413589
    },
    "zerocrossingrate": {
        "dmean": 0.00487902760506,
        "dmean2": 0.00580215454102,
        "dvar": 2.60393644567e-05,
        "dvar2": 2.96220823657e-05,
        "max": 0.09228515625,
        "mean": 0.0676382184029,
        "median": 0.068359375,
        "min": 0.029296875,
        "var": 0.000200118302018
    },
    "barkbands": {
        "dmean": [5.20743706147e-05, 0.000523899565451, 0.000224527524551, 0.000660397752654, 0.00239429227076, 3.39251382684e-05, 1.67171747307e-05, 0.000175474066054, 9.13588301046e-05, 7.25156787666e-05, 0.000998763134703, 0.000740110175684, 8.59016945469e-05, 6.3460545789e-05, 0.00067249283893, 0.00108670641202, 0.000446331483545, 6.76198251313e-05, 3.27747147821e-05, 1.92602383322e-05, 1.55024281412e-05, 5.27096881342e-06, 6.16672468823e-06, 7.6595028986e-07, 3.41447815799e-07, 1.09469873166e-07, 1.310577602e-07],
        "dmean2": [8.80287770997e-05, 0.000807397591416, 0.000392575951992, 0.00118821929209, 0.00358761101961, 5.28503333044e-05, 2.87176480924e-05, 0.000242794703809, 0.000128295112518, 0.000115525734145, 0.00131445820443, 0.00109674269333, 0.000132212386234, 7.63688003644e-05, 0.000883975531906, 0.0013911005808, 0.000778659712523, 0.000116067712952, 4.99140260217e-05, 3.04441637127e-05, 2.6913907277e-05, 8.63133391249e-06, 1.13632868306e-05, 1.17502850117e-06, 5.20902801782e-07, 1.71351189238e-07, 2.2533473043e-07],
        "dvar": [2.68434074968e-09, 3.07694051571e-07, 4.57632687301e-08, 4.43170364406e-07, 6.16654506302e-06, 2.14998374659e-09, 6.16256490282e-10, 3.69645611897e-08, 6.24322638032e-08, 5.06299269176e-09, 7.50709830299e-07, 8.19309434519e-07, 9.56032408794e-09, 2.61842387772e-08, 5.4233140645e-07, 3.36774951393e-06, 2.82733367385e-07, 1.7792585183e-08, 8.43280001384e-10, 3.15952097818e-10, 1.71628253276e-10, 2.35772200374e-11, 4.51073241259e-11, 6.43014070809e-13, 1.02822664391e-13, 2.200170791e-14, 1.55207437343e-14],
        "dvar2": [5.92527404919e-09, 6.29570536148e-07, 1.16512545389e-07, 1.13174394301e-06, 1.14601079986e-05, 6.10104144982e-09, 1.74624537053e-09, 8.361468673e-08, 8.9972729711e-08, 1.3088606643e-08, 1.5147790009e-06, 1.87750470104e-06, 2.35815509342e-08, 2.72352131958e-08, 9.08560934931e-07, 6.42629129288e-06, 8.07479125342e-07, 5.72796778897e-08, 1.82266102211e-09, 8.30543134267e-10, 5.20970155904e-10, 6.49228310001e-11, 1.36550090679e-10, 1.48838569507e-12, 1.90864468327e-13, 2.77033645048e-14, 3.00489207085e-14],
        "max": [0.000303461885778, 0.00389906601049, 0.00159401772544, 0.00587050104514, 0.0341235883534, 0.000609768845607, 0.000319653161569, 0.00253589404747, 0.00295055727474, 0.000785350159276, 0.00980593077838, 0.00951800588518, 0.00132044404745, 0.0030453177169, 0.00651337020099, 0.029776128009, 0.00398157257587, 0.00129139539786, 0.000311527983285, 0.000157647882588, 0.000137497059768, 4.57459500467e-05, 4.07943080063e-05, 8.33880312712e-06, 3.60721378456e-06, 1.80055906185e-06, 2.27341934078e-06],
        "mean": [7.38398739486e-05, 0.000820336397737, 0.000317063735565, 0.00100860535167, 0.0043997708708, 9.90792250377e-05, 4.0974773583e-05, 0.000453241751529, 0.000204887372092, 0.000246591022005, 0.00358715490438, 0.00251987902448, 0.000262937770458, 0.000183827971341, 0.00296812364832, 0.00503945769742, 0.000774685759097, 0.000168679704075, 9.59938188316e-05, 6.02331383561e-05, 4.76338391309e-05, 1.43917832247e-05, 9.09039772523e-06, 2.29716806643e-06, 1.27413818518e-06, 2.34943641431e-07, 1.25238614146e-06],
        "median": [5.78477993258e-05, 0.00052268395666, 0.000263491674559, 0.000649038003758, 0.00234660436399, 3.84110608138e-05, 1.60293038789e-05, 0.000240268564085, 5.29920071131e-05, 0.000225365511142, 0.00286906119436, 0.00188174960203, 0.000212845799979, 4.3976768211e-05, 0.00271967286244, 0.0029307147488, 0.0005934931105, 0.000112348461698, 8.70599760674e-05, 5.59017353225e-05, 4.54180080851e-05, 1.21708926599e-05, 7.39805091143e-06, 1.96874862013e-06, 1.07765572466e-06, 1.89458788213e-07, 1.23379550132e-06],
        "min": [7.2597322287e-07, 6.16980032646e-05, 5.08728517161e-05, 2.9129525501e-05, 0.000125477687106, 5.2947725635e-06, 1.61714694968e-06, 7.90610738477e-06, 6.02513182457e-06, 1.65949604707e-05, 0.000250763696386, 5.22224327142e-05, 2.3071609121e-06, 4.22809125666e-06, 0.000427701947046, 0.000133434979944, 0.000100582074083, 1.53101354954e-05, 6.88036743668e-06, 1.23239815366e-05, 8.61863736645e-06, 4.06356502936e-06, 1.21876144021e-06, 6.99358054135e-07, 5.74319585667e-07, 5.96741784875e-08, 9.2424278364e-07],
        "var": [3.97907351513e-09, 6.03255671194e-07, 6.07137167208e-08, 1.25534438666e-06, 3.40495353157e-05, 1.41137110887e-08, 3.17420489893e-09, 3.25336145579e-07, 2.67716359303e-07, 2.93611375213e-08, 5.15768078913e-06, 5.24164124727e-06, 5.59573685166e-08, 2.5466638931e-07, 2.95757399726e-06, 3.26121407852e-05, 4.51968730886e-07, 3.25427649273e-08, 3.74070907583e-09, 7.70717822896e-10, 4.39006053732e-10, 6.55782927961e-11, 4.73280442614e-11, 1.48512430652e-12, 3.5045057134e-13, 3.64179681149e-14, 2.27656520073e-14]
    },
    "erbbands": {
        "dmean": [0.0190639346838, 0.110346078873, 0.262508630753, 0.863963782787, 10.1567707062, 4.06115150452, 0.223429739475, 0.337312787771, 0.388728827238, 0.367412000895, 4.86729812622, 2.77988481522, 2.84285283089, 14.6694278717, 26.4006233215, 36.6144828796, 5.2885890007, 2.86181640625, 34.0357437134, 25.5735530853, 64.0589752197, 14.885846138, 4.37698316574, 2.27661442757, 0.494961857796, 0.925878584385, 0.834239721298, 0.414925843477, 0.177003055811, 0.130030855536, 0.191966176033, 0.0439431481063, 0.0104265194386, 0.00510829966515, 0.00248274533078, 0.000819134002086, 0.000106680527097, 4.072878437e-05, 1.99921469175e-05, 5.79188008487e-06],
        "dmean2": [0.0284251812845, 0.173031061888, 0.458996593952, 1.47965872288, 15.2279872894, 6.55832338333, 0.371267408133, 0.549145162106, 0.642369449139, 0.531049966812, 6.6004076004, 3.76643013954, 4.19440174103, 18.3099994659, 37.929775238, 54.0142326355, 7.6575922966, 3.58479714394, 44.0281143188, 33.8881797791, 83.6322937012, 25.0704784393, 7.26665878296, 3.43593382835, 0.752282083035, 1.47752964497, 1.45241987705, 0.714911043644, 0.29091489315, 0.233475938439, 0.350657969713, 0.077305033803, 0.0159693453461, 0.00744939735159, 0.00374795868993, 0.00133126648143, 0.000163636126672, 6.54905161355e-05, 3.438251224e-05, 8.47737192089e-06],
        "dvar": [0.000458651833469, 0.0123722041026, 0.0506654828787, 0.753504395485, 114.298339844, 14.6524791718, 0.0371959358454, 0.221721068025, 0.279712557793, 0.140286266804, 27.7729988098, 60.7785644531, 7.35621738434, 161.286575317, 518.786499023, 2023.94812012, 28.52186203, 26.5902919769, 1452.89648438, 823.268493652, 10367.2851562, 199.254806519, 71.6492462158, 3.92532896996, 0.353532344103, 0.692403674126, 0.541925132275, 0.134897738695, 0.025820620358, 0.0186789482832, 0.0467365905643, 0.00181199726649, 0.000130148066091, 1.99411024369e-05, 4.08585219702e-06, 6.87135525368e-07, 8.2683307312e-08, 8.0908595379e-09, 4.11424061486e-10, 2.08043079292e-11],
        "dvar2": [0.00102374015842, 0.0257131047547, 0.134168624878, 1.71934700012, 199.643157959, 36.7315139771, 0.0958249121904, 0.629951655865, 0.764065146446, 0.297113835812, 64.3064727783, 89.6432571411, 16.8797492981, 326.294708252, 991.315979004, 4588.65576172, 65.5069885254, 27.8747901917, 2340.64306641, 1495.64819336, 19966.84375, 520.489807129, 235.342575073, 9.13210773468, 0.496096074581, 1.82428348064, 1.62958681583, 0.343256860971, 0.0730806589127, 0.0581394135952, 0.144605860114, 0.00510502466932, 0.000222408241825, 4.6631837904e-05, 7.61966293794e-06, 1.36112043947e-06, 9.37919253374e-08, 8.09897038323e-09, 8.08243194594e-10, 4.62940137613e-11],
        "max": [0.134441182017, 0.817985653877, 1.42664968967, 9.44690990448, 148.383544922, 45.7812538147, 1.78652584553, 5.80251932144, 6.02950334549, 4.21508359909, 69.2555007935, 89.9910125732, 38.3792686462, 152.24772644, 251.563842773, 481.130187988, 86.1045150757, 98.6786880493, 366.938903809, 413.405609131, 1667.28283691, 130.07975769, 82.214881897, 21.3204154968, 10.1818237305, 6.71901798248, 6.73841333389, 3.46842098236, 1.79573655128, 0.905711889267, 1.30883276463, 0.279315084219, 0.126707702875, 0.0520774126053, 0.0271195415407, 0.00843846332282, 0.00319762621075, 0.00116367940791, 0.000324621214531, 9.23894185689e-05],
        "mean": [0.0263572633266, 0.175012275577, 0.416842281818, 1.74664247036, 18.8005313873, 6.87587881088, 0.471564561129, 0.910420835018, 1.11094164848, 1.07082569599, 12.6379966736, 6.97548437119, 11.1171979904, 57.3549919128, 97.9723968506, 129.55519104, 21.7227172852, 13.0457344055, 145.364898682, 113.688789368, 300.925323486, 40.5632896423, 13.1537055969, 7.04006671906, 1.92437207699, 2.9832265377, 2.43517374992, 1.40137660503, 0.518750488758, 0.240871757269, 0.272550821304, 0.0826169550419, 0.0318329147995, 0.0165005736053, 0.00838672462851, 0.00198222883046, 0.000270230520982, 0.00022753358644, 0.000150526975631, 5.4009622545e-05],
        "median": [0.0157761294395, 0.124895997345, 0.355345666409, 1.24039053917, 10.0620956421, 4.32312202454, 0.352039933205, 0.390438973904, 0.300887048244, 0.717093467712, 7.48214244843, 2.10160017014, 9.98042964935, 46.5994415283, 81.6656494141, 98.4524841309, 18.7750778198, 9.43074035645, 118.480033875, 90.5735168457, 176.960235596, 36.1620597839, 10.4858951569, 6.34844112396, 1.50453948975, 2.72792482376, 2.26505994797, 1.26742053032, 0.464288294315, 0.201668679714, 0.215928703547, 0.0700387135148, 0.0257117189467, 0.0141055118293, 0.00712147075683, 0.00164370145649, 0.000209974736208, 0.00021677929908, 0.000148385151988, 5.22129048477e-05],
        "min": [0.00123721489217, 0.0158459320664, 0.0977061614394, 0.135765790939, 0.208334311843, 0.269106209278, 0.0840733125806, 0.0485368594527, 0.0460061281919, 0.0408915318549, 0.300345718861, 0.208590045571, 0.743933916092, 4.6882276535, 20.2802467346, 3.83826541901, 1.03222489357, 2.46827983856, 9.09455108643, 18.8564357758, 29.6818618774, 9.94743156433, 2.29545092583, 1.00969040394, 0.542465984821, 0.707008004189, 0.844029247761, 0.262509912252, 0.153511747718, 0.061813313514, 0.0372588038445, 0.0159715227783, 0.0113937323913, 0.00678127398714, 0.00379801518284, 0.000287265604129, 0.000118742638733, 0.000153611123096, 0.000115314600407, 3.55011106876e-05],
        "var": [0.000840281310957, 0.0240945201367, 0.0708868056536, 2.97995352745, 659.192565918, 58.7601394653, 0.12612657249, 1.11891663074, 2.14870333672, 1.05702900887, 240.672302246, 241.061294556, 68.6882095337, 1249.82275391, 2912.17675781, 13177.3105469, 253.112136841, 239.720840454, 8892.87207031, 6521.15087891, 100899.226562, 523.187866211, 118.706077576, 17.1710891724, 2.8933672905, 1.63135683537, 1.26551103592, 0.428386002779, 0.0553500987589, 0.0225248150527, 0.047471690923, 0.00225455127656, 0.000355791911716, 6.77137941238e-05, 1.66883964994e-05, 1.55919860845e-06, 9.25336891555e-08, 8.99581298341e-09, 5.82159043194e-10, 1.4059342579e-10]
    },
    "gfcc": {
        "mean": [-27.6280078888, 112.855407715, -170.150680542, 21.4958229065, -10.9123058319, 22.4373683929, -21.3972854614, -10.3417663574, -17.454996109, -26.183801651, -28.0330543518, -7.13276720047, 6.88215351105],
        "cov": [[153.246841431, 64.9911956787, 8.69276237488, -10.4197177887, -67.4381332397, -42.83385849, -12.6984033585, 21.5966091156, 20.0613079071, 11.6728982925, 5.47410058975, -17.254693985, -26.1476421356], [64.9911956787, 119.503257751, 26.6088676453, -16.6297626495, -14.4796848297, -33.0861968994, 13.6237401962, -24.6251468658, -19.9869613647, -20.1473579407, -10.1599988937, -28.222454071, -16.9150695801], [8.69276237488, 26.6088676453, 68.9571762085, 27.8798179626, -0.941400527954, 8.6586933136, -11.7722797394, -17.4898910522, -8.57224082947, -11.0855102539, -11.6323900223, -5.95657062531, -14.5746059418], [-10.4197177887, -16.6297626495, 27.8798179626, 66.6203079224, 38.4354438782, 23.1687602997, -15.6613330841, -22.5502986908, -0.404189705849, -15.0703248978, -5.32107448578, 4.6291809082, 10.470085144], [-67.4381332397, -14.4796848297, -0.941400527954, 38.4354438782, 135.132888794, 47.1345596313, -11.849152565, -16.6279258728, -2.22925543785, -31.1534042358, -46.0913200378, -11.6582098007, 36.4393997192], [-42.83385849, -33.0861968994, 8.6586933136, 23.1687602997, 47.1345596313, 73.2641525269, 19.0676517487, 0.872897863388, 14.4281816483, -6.37125301361, -12.4743843079, -2.52736258507, 8.2380399704], [-12.6984033585, 13.6237401962, -11.7722797394, -15.6613330841, -11.849152565, 19.0676517487, 59.9108200073, 29.4154548645, 17.2650585175, 11.8181095123, 7.15305709839, 4.19621419907, 0.240420907736], [21.5966091156, -24.6251468658, -17.4898910522, -22.5502986908, -16.6279258728, 0.872897863388, 29.4154548645, 131.816680908, 97.2954101562, 38.0939407349, -6.27308130264, 0.0500871539116, 6.32492494583], [20.0613079071, -19.9869613647, -8.57224082947, -0.404189705849, -2.22925543785, 14.4281816483, 17.2650585175, 97.2954101562, 120.951431274, 47.6142425537, -12.3764476776, -7.83947372437, -0.147952437401], [11.6728982925, -20.1473579407, -11.0855102539, -15.0703248978, -31.1534042358, -6.37125301361, 11.8181095123, 38.0939407349, 47.6142425537, 104.061355591, 56.3909187317, 11.699889183, -18.4742660522], [5.47410058975, -10.1599988937, -11.6323900223, -5.32107448578, -46.0913200378, -12.4743843079, 7.15305709839, -6.27308130264, -12.3764476776, 56.3909187317, 91.9159927368, 38.2798881531, -14.569196701], [-17.254693985, -28.222454071, -5.95657062531, 4.6291809082, -11.6582098007, -2.52736258507, 4.19621419907, 0.0500871539116, -7.83947372437, 11.699889183, 38.2798881531, 54.5682411194, 17.6243610382], [-26.1476421356, -16.9150695801, -14.5746059418, 10.470085144, 36.4393997192, 8.2380399704, 0.240420907736, 6.32492494583, -0.147952437401, -18.4742660522, -14.569196701, 17.6243610382, 48.6409225464]],
        "icov": [[0.0291304178536, -0.039273198694, 0.0295285638422, -0.0259706303477, 0.0267160814255, -0.0244302172214, 0.0357444360852, -0.0228309538215, 0.0147810429335, -0.015850238502, 0.0225792359561, -0.0175334624946, 0.0104964496568], [-0.039273198694, 0.0838381797075, -0.0638626590371, 0.0500599034131, -0.0463990494609, 0.0603342950344, -0.0721766874194, 0.0462381206453, -0.0352803468704, 0.0362494699657, -0.0499148145318, 0.0471912287176, -0.0213715434074], [0.0295285638422, -0.0638626590371, 0.0724529847503, -0.0508122481406, 0.0393635369837, -0.0492322482169, 0.0572908818722, -0.0373938456178, 0.0324740447104, -0.03087448515, 0.0482769310474, -0.0411755219102, 0.0274921953678], [-0.0259706303477, 0.0500599034131, -0.0508122481406, 0.0613713599741, -0.0354999229312, 0.0316788218915, -0.0389500036836, 0.0358236320317, -0.032191645354, 0.028750339523, -0.0403895191848, 0.0276154633611, -0.0195061657578], [0.0267160814255, -0.0463990494609, 0.0393635369837, -0.0354999229312, 0.0453330874443, -0.040910333395, 0.0449872948229, -0.0261096917093, 0.0223891213536, -0.0236532036215, 0.0348260551691, -0.0209711268544, 0.00291685201228], [-0.0244302172214, 0.0603342950344, -0.0492322482169, 0.0316788218915, -0.040910333395, 0.0694472193718, -0.0626932159066, 0.0364182777703, -0.0317697934806, 0.0287971366197, -0.0385740734637, 0.0351032540202, -0.012693952769], [0.0357444360852, -0.0721766874194, 0.0572908818722, -0.0389500036836, 0.0449872948229, -0.0626932159066, 0.0875481963158, -0.0458345152438, 0.0327749140561, -0.0312377661467, 0.0421277545393, -0.0402673222125, 0.0175526961684], [-0.0228309538215, 0.0462381206453, -0.0373938456178, 0.0358236320317, -0.0261096917093, 0.0364182777703, -0.0458345152438, 0.0504874177277, -0.0402970649302, 0.0224947184324, -0.0298641715199, 0.0252209939063, -0.0177180953324], [0.0147810429335, -0.0352803468704, 0.0324740447104, -0.032191645354, 0.0223891213536, -0.0317697934806, 0.0327749140561, -0.0402970649302, 0.0483555458486, -0.0305120013654, 0.0357658751309, -0.0224009640515, 0.013410244137], [-0.015850238502, 0.0362494699657, -0.03087448515, 0.028750339523, -0.0236532036215, 0.0287971366197, -0.0312377661467, 0.0224947184324, -0.0305120013654, 0.042561173439, -0.0436490178108, 0.0262133646756, -0.00778212025762], [0.0225792359561, -0.0499148145318, 0.0482769310474, -0.0403895191848, 0.0348260551691, -0.0385740734637, 0.0421277545393, -0.0298641715199, 0.0357658751309, -0.0436490178108, 0.0720817893744, -0.0520122200251, 0.0260241478682], [-0.0175334624946, 0.0471912287176, -0.0411755219102, 0.0276154633611, -0.0209711268544, 0.0351032540202, -0.0402673222125, 0.0252209939063, -0.0224009640515, 0.0262133646756, -0.0520122200251, 0.0697030052543, -0.035558629781], [0.0104964496568, -0.0213715434074, 0.0274921953678, -0.0195061657578, 0.00291685201228, -0.012693952769, 0.0175526961684, -0.0177180953324, 0.013410244137, -0.00778212025762, 0.0260241478682, -0.035558629781, 0.0511517859995]]
    },
    "melbands": {
        "dmean": [0.000154987792484, 0.000128391999169, 0.000429416453699, 0.000596254423726, 1.41569389598e-05, 7.62861282055e-06, 5.23938570041e-06, 7.3781525316e-06, 3.7118425098e-05, 1.67466332641e-05, 1.39017010952e-05, 5.28878772457e-05, 0.00013457784371, 9.01827879716e-05, 3.52958595613e-05, 1.02519970824e-05, 5.01585509483e-06, 4.91747305205e-05, 3.53038267349e-05, 6.7026099714e-05, 6.90000888426e-05, 2.0994219085e-05, 5.79011839363e-06, 1.97547524294e-06, 2.28243993661e-06, 4.49172432582e-07, 5.67873996715e-07, 7.18545209111e-07, 6.92492449161e-07, 4.78704805573e-07, 2.06226076216e-07, 1.2447303277e-07, 6.13734485455e-08, 8.41383211991e-08, 1.17627472207e-07, 8.07771627365e-08, 1.34894495574e-08, 8.0962223592e-09, 6.815513931e-09, 4.4863210924e-09],
        "dmean2": [0.000231390120462, 0.000219389534323, 0.000676721450873, 0.000903909502085, 2.50561934081e-05, 1.19752221508e-05, 8.55141115608e-06, 9.7881329566e-06, 5.09050223627e-05, 2.2870804969e-05, 2.09118898056e-05, 6.51595182717e-05, 0.000183618059964, 0.000135400448926, 5.0430855481e-05, 1.58866605489e-05, 5.76319462198e-06, 6.33745730738e-05, 4.74887528981e-05, 8.57237100718e-05, 9.44164348766e-05, 3.60130907211e-05, 9.29945417738e-06, 3.33694515575e-06, 3.47538161805e-06, 6.96168399372e-07, 8.8404408416e-07, 1.14673593998e-06, 1.22589119655e-06, 8.06813318377e-07, 3.5037672319e-07, 2.05690838584e-07, 1.04994064998e-07, 1.54862846102e-07, 2.15977124185e-07, 1.45885124425e-07, 2.25608083326e-08, 1.24339685215e-08, 1.12949365416e-08, 6.98081015216e-09],
        "dvar": [2.90100103939e-08, 1.28240840169e-08, 2.02333168886e-07, 3.74235725076e-07, 2.37139946568e-10, 1.12389264562e-10, 5.58966241349e-11, 4.86923973364e-11, 1.64629210264e-09, 2.51436249599e-09, 1.64550581494e-10, 2.10317629978e-09, 1.35397826284e-08, 1.20347323218e-08, 1.86114479384e-09, 1.39769418261e-10, 1.59503521502e-10, 2.91907609196e-09, 1.72159198009e-09, 1.13953522174e-08, 9.473826168e-09, 5.57733137452e-10, 6.65589666715e-11, 1.49003656635e-11, 3.72899324266e-12, 4.41662304602e-13, 2.83473196088e-13, 4.60466029455e-13, 4.18134656673e-13, 2.43738731455e-13, 2.99301971824e-14, 1.20245974568e-14, 8.00447321001e-15, 7.54585823215e-15, 1.87897115402e-14, 8.0306134938e-15, 2.1355356285e-16, 9.3165934727e-17, 4.1831999267e-17, 1.66055349917e-17],
        "dvar2": [6.34343777506e-08, 3.11269481301e-08, 4.02717432735e-07, 7.38739174722e-07, 5.90863025174e-10, 3.16452031246e-10, 1.51101395285e-10, 9.05162542142e-11, 3.91186238957e-09, 3.58465035433e-09, 4.24880186589e-10, 4.26436130851e-09, 2.70005813263e-08, 2.81360765797e-08, 4.07554923143e-09, 3.58721718996e-10, 1.48818582457e-10, 4.68346605942e-09, 3.03640490529e-09, 2.17267128733e-08, 1.89476967449e-08, 1.53548807003e-09, 2.25036503321e-10, 4.61085544745e-11, 8.89651026459e-12, 6.95207563392e-13, 6.18135425658e-13, 1.32663856029e-12, 1.2403180696e-12, 6.91315060752e-13, 6.93987917263e-14, 3.4725538688e-14, 2.20877359642e-14, 2.35609820635e-14, 5.83928589618e-14, 2.37128178015e-14, 5.44356787921e-16, 1.59520020891e-16, 9.50711632883e-17, 4.12129406053e-17],
        "max": [0.00110754964408, 0.000759462476708, 0.00586561113596, 0.00828808732331, 0.000141475276905, 0.000135234135087, 9.35529460548e-05, 0.000103795282484, 0.000514167419169, 0.000587852962781, 0.000170716928551, 0.000555079197511, 0.00127417815384, 0.00112129247282, 0.000505529518705, 0.00015325853019, 0.000230458244914, 0.000534350285307, 0.000425685284426, 0.00172595214099, 0.00159083749168, 0.000198693247512, 7.16254071449e-05, 4.49661129096e-05, 1.54241024575e-05, 1.04592390926e-05, 4.78638321511e-06, 4.91209630127e-06, 4.34656521975e-06, 4.60884257336e-06, 1.86893191767e-06, 9.88985334516e-07, 9.04973546767e-07, 5.07186825871e-07, 8.26784287256e-07, 4.88034061163e-07, 1.29310265606e-07, 1.03434068421e-07, 5.8961138194e-08, 4.03276096961e-08],
        "mean": [0.000233136423049, 0.000215372056118, 0.000828169519082, 0.00108512153383, 2.12499271584e-05, 2.1581803594e-05, 1.5636360331e-05, 2.2227244699e-05, 9.34818017413e-05, 4.1314826376e-05, 4.82225732412e-05, 0.00020781935018, 0.000466039578896, 0.000296254554996, 0.000136636721436, 3.06096007989e-05, 1.47672935782e-05, 0.000209662146517, 0.000141896161949, 0.000313852680847, 0.000300539773889, 3.90403911297e-05, 1.69028262462e-05, 6.03737044003e-06, 6.29348460279e-06, 1.22348717468e-06, 1.43148633924e-06, 2.0467603008e-06, 1.61388368269e-06, 1.31601689191e-06, 6.29697069598e-07, 3.31201675863e-07, 1.47183811805e-07, 1.29494992507e-07, 1.68881769014e-07, 1.08188778825e-07, 3.22346664916e-08, 2.20960618691e-08, 1.75502066213e-08, 1.2843105246e-08],
        "median": [0.000139965195558, 0.000174973218236, 0.000509516627062, 0.00060218165163, 1.44931727846e-05, 8.83074790181e-06, 3.97636176785e-06, 1.28790325107e-05, 5.34964638064e-05, 1.10928867798e-05, 4.24377321906e-05, 0.000169502163772, 0.000380673038308, 0.00021939817816, 9.91172128124e-05, 2.48112410191e-05, 4.28133125752e-06, 0.000169824023033, 0.000130910339067, 0.000211654623854, 0.000181484036148, 3.05710127577e-05, 1.42601656989e-05, 4.2069700612e-06, 5.83120800002e-06, 6.70690610605e-07, 1.17387730825e-06, 1.91232584257e-06, 1.424092261e-06, 1.15926377475e-06, 5.43168198419e-07, 2.90929307312e-07, 1.32619348392e-07, 9.89662538586e-08, 1.33947338554e-07, 8.51590229445e-08, 2.690767964e-08, 1.65647211503e-08, 1.5118487795e-08, 1.06431876645e-08],
        "min": [1.6179996237e-05, 4.21849035774e-05, 3.2602911233e-05, 3.52728457074e-05, 7.85736574471e-07, 1.08393282972e-06, 3.58859608696e-07, 3.44812832509e-07, 2.36229993789e-06, 9.53165852025e-07, 2.06755316867e-06, 1.57522736117e-05, 3.22976775351e-05, 7.1883914643e-06, 6.79014374327e-06, 2.37500756839e-07, 4.15975620172e-07, 9.75134844339e-06, 2.54181704804e-05, 9.56539497565e-06, 3.23163149005e-05, 5.54647022e-06, 1.9637582227e-06, 7.9890168081e-07, 4.35650008512e-07, 1.96979101474e-07, 2.38284115994e-07, 4.20998219397e-07, 4.37350138327e-07, 2.13628524648e-07, 7.96310075657e-08, 6.714230949e-08, 5.25957020159e-08, 1.99785912258e-08, 2.36323298708e-08, 1.53278527648e-08, 7.4368804448e-09, 6.80885436921e-09, 6.31585184152e-09, 4.66479743721e-09],
        "var": [5.57665131851e-08, 2.01222292162e-08, 1.05087781321e-06, 1.97891472453e-06, 4.92813068131e-10, 6.86792289706e-10, 4.47716058671e-10, 6.24245211078e-10, 1.29905117774e-08, 1.06076205597e-08, 1.31767574629e-09, 1.66207652086e-08, 8.77271943978e-08, 7.25165065774e-08, 1.3954654321e-08, 7.58089924169e-10, 1.46649925536e-09, 1.88337985207e-08, 6.81766332278e-09, 1.08314139879e-07, 9.12435993428e-08, 1.02915798106e-09, 1.06372945174e-10, 3.70954517104e-11, 1.47053636629e-11, 3.06679703334e-12, 8.49059483745e-13, 9.60989751317e-13, 7.3390376892e-13, 5.65282738153e-13, 1.13692109655e-13, 3.13576001645e-14, 8.29082625036e-15, 8.52035608544e-15, 1.92420068052e-14, 7.60697504743e-15, 3.34018866541e-16, 2.36065461892e-16, 9.21931703266e-17, 4.87775834077e-17]
    },
    "mfcc": {
        "mean": [-661.501831055, 144.390167236, -66.6380691528, 14.6539793015, 17.575428009, 28.7749481201, 3.58908963203, 20.1169643402, 21.4313755035, -7.42964410782, -29.7471199036, -3.58411574364, 4.19762229919],
        "cov": [[185.935668945, 42.434967041, 26.2993450165, 7.15369272232, -66.590385437, -59.0475311279, -28.601316452, -17.1964111328, -52.1406326294, 19.8150520325, 56.0548629761, -15.5396900177, -36.1302947998], [42.434967041, 118.328613281, -0.221825122833, 4.31452894211, -34.6425323486, -18.7183189392, 12.3018836975, -13.5509881973, -9.2654094696, 2.34329485893, 22.5435619354, -25.7390193939, -40.6774902344], [26.2993450165, -0.221825122833, 85.3123703003, 13.5817155838, -13.9580364227, -8.09492301941, -23.5743751526, 11.4506607056, -7.43062877655, 6.85579252243, 18.8015327454, 15.4754447937, -12.8689813614], [7.15369272232, 4.31452894211, 13.5817155838, 53.8524551392, 20.1711101532, -2.60278320312, -14.3511190414, 1.37675595284, 5.90240049362, -5.72908115387, -21.9370269775, -14.0796413422, 7.88847064972], [-66.590385437, -34.6425323486, -13.9580364227, 20.1711101532, 121.953208923, 45.902797699, -3.39771604538, 16.307554245, 45.2713394165, 8.33224105835, -44.7909355164, -26.5488452911, 14.8258972168], [-59.0475311279, -18.7183189392, -8.09492301941, -2.60278320312, 45.902797699, 118.646690369, 42.1374588013, -8.19310951233, -19.8350334167, -17.1691875458, -31.3881568909, 1.88523375988, 15.2467479706], [-28.601316452, 12.3018836975, -23.5743751526, -14.3511190414, -3.39771604538, 42.1374588013, 78.2038879395, -14.9969415665, -40.1025733948, -39.3495788574, -6.22246217728, 5.57497739792, -1.8657990694], [-17.1964111328, -13.5509881973, 11.4506607056, 1.37675595284, 16.307554245, -8.19310951233, -14.9969415665, 83.0907058716, 64.4090652466, 26.1940612793, -27.1933288574, -23.176990509, -2.02963972092], [-52.1406326294, -9.2654094696, -7.43062877655, 5.90240049362, 45.2713394165, -19.8350334167, -40.1025733948, 64.4090652466, 139.103683472, 63.8138694763, -22.9926013947, -27.478931427, 2.02437186241], [19.8150520325, 2.34329485893, 6.85579252243, -5.72908115387, 8.33224105835, -17.1691875458, -39.3495788574, 26.1940612793, 63.8138694763, 93.3421020508, 37.6977958679, -17.3869953156, -17.2644309998], [56.0548629761, 22.5435619354, 18.8015327454, -21.9370269775, -44.7909355164, -31.3881568909, -6.22246217728, -27.1933288574, -22.9926013947, 37.6977958679, 112.409675598, 43.5366973877, -18.3842601776], [-15.5396900177, -25.7390193939, 15.4754447937, -14.0796413422, -26.5488452911, 1.88523375988, 5.57497739792, -23.176990509, -27.478931427, -17.3869953156, 43.5366973877, 101.119293213, 43.19556427], [-36.1302947998, -40.6774902344, -12.8689813614, 7.88847064972, 14.8258972168, 15.2467479706, -1.8657990694, -2.02963972092, 2.02437186241, -17.2644309998, -18.3842601776, 43.19556427, 73.9297103882]],
