{
"lowlevel": {
    "average_loudness": 0.986406266689,
    "barkbands_crest": {
        "dmean": 1.5813190937,
        "dmean2": 2.70172572136,
        "dvar": 1.78753638268,
        "dvar2": 4.95177745819,
        "max": 17.272518158,
        "mean": 7.02584171295,
        "median": 6.26390600204,
        "min": 2.49918889999,
        "var": 7.7533864975
    },
    "barkbands_flatness_db": {
        "dmean": 0.00965138431638,
        "dmean2": 0.0161024332047,
        "dvar": 6.05205095781e-05,
        "dvar2": 0.000154081411893,
        "max": 0.181722715497,
        "mean": 0.145646244287,
        "median": 0.142911046743,
        "min": 0.0884231626987,
        "var": 0.000256663246546
    },
    "barkbands_kurtosis": {
        "dmean": 0.262449532747,
        "dmean2": 0.440358310938,
        "dvar": 0.0559313446283,
        "dvar2": 0.172638341784,
        "max": 0.675436973572,
        "mean": -1.03898787498,
        "median": -1.13686025143,
        "min": -1.66017496586,
        "var": 0.155839234591
    },
    "barkbands_skewness": {
        "dmean": 0.295920759439,
        "dmean2": 0.487275868654,
        "dvar": 0.0456431433558,
        "dvar2": 0.140222340822,
        "max": 1.04007160664,
        "mean": 0.0323874615133,
        "median": 0.0370258204639,
        "min": -0.771299540997,
        "var": 0.121503032744
    },
    "barkbands_spread": {
        "dmean": 3.65059876442,
        "dmean2": 6.11414337158,
        "dvar": 7.57631921768,
        "dvar2": 19.4597434998,
        "max": 46.7216072083,
        "mean": 27.8146057129,
        "median": 27.3516597748,
        "min": 14.0952854156,
        "var": 35.0996017456
    },
    "dissonance": {
        "dmean": 0.0103220855817,
        "dmean2": 0.0173643156886,
        "dvar": 0.00013847889204,
        "dvar2": 0.000272777862847,
        "max": 0.498486220837,
        "mean": 0.483481019735,
        "median": 0.488197565079,
        "min": 0.356313318014,
        "var": 0.000212451355765
    },
    "dynamic_complexity": 0.603626608849,
    "erbbands_crest": {
        "dmean": 1.568177104,
        "dmean2": 2.66220569611,
        "dvar": 1.90505087376,
        "dvar2": 5.28370523453,
        "max": 19.0024032593,
        "mean": 8.17493247986,
        "median": 7.1216173172,
        "min": 4.52164554596,
        "var": 8.68438625336
    },
    "erbbands_flatness_db": {
        "dmean": 0.0101681863889,
        "dmean2": 0.0162692144513,
        "dvar": 5.46952214791e-05,
        "dvar2": 0.000129587919218,
        "max": 0.276041001081,
        "mean": 0.238013789058,
        "median": 0.236272156239,
        "min": 0.166822448373,
        "var": 0.000238416105276
    },
    "erbbands_kurtosis": {
        "dmean": 0.651035428047,
        "dmean2": 1.05992877483,
        "dvar": 0.467617481947,
        "dvar2": 1.14785289764,
        "max": 6.44619655609,
        "mean": 0.157463148236,
        "median": -0.0595474243164,
        "min": -1.40040373802,
        "var": 1.38816404343
    },
    "erbbands_skewness": {
        "dmean": 0.253123909235,
        "dmean2": 0.426470249891,
        "dvar": 0.0395937748253,
        "dvar2": 0.0948654413223,
        "max": 0.798451542854,
        "mean": -0.6110496521,
        "median": -0.673863172531,
        "min": -2.21504402161,
        "var": 0.245776861906
    },
    "erbbands_spread": {
        "dmean": 3.45905184746,
        "dmean2": 5.7048201561,
        "dvar": 7.71383905411,
        "dvar2": 21.4933834076,
        "max": 37.2230377197,
        "mean": 23.8853549957,
        "median": 23.7721118927,
        "min": 12.2723484039,
        "var": 18.6567630768
    },
    "hfc": {
        "dmean": 6.61767721176,
        "dmean2": 10.9946784973,
        "dvar": 40.1818771362,
        "dvar2": 105.774337769,
        "max": 71.0912017822,
        "mean": 37.8132553101,
        "median": 37.7230987549,
        "min": 0.629002332687,
        "var": 79.6711349487
    },
    "melbands_crest": {
        "dmean": 2.45399093628,
        "dmean2": 4.09760189056,
        "dvar": 3.82405996323,
        "dvar2": 9.12366485596,
        "max": 25.1528015137,
        "mean": 10.6822443008,
        "median": 9.77574920654,
        "min": 3.91958069801,
        "var": 17.6872940063
    },
    "melbands_flatness_db": {
        "dmean": 0.0136983599514,
        "dmean2": 0.0229635890573,
        "dvar": 0.000109149586933,
        "dvar2": 0.000278614257695,
        "max": 0.242959693074,
        "mean": 0.178557947278,
        "median": 0.179401800036,
        "min": 0.131005257368,
        "var": 0.000376862211851
    },
    "melbands_kurtosis": {
        "dmean": 0.762426197529,
        "dmean2": 1.29112660885,
        "dvar": 0.538823068142,
        "dvar2": 1.40646779537,
        "max": 6.16319274902,
        "mean": -0.0304161291569,
        "median": -0.188962936401,
        "min": -1.43495476246,
        "var": 1.02754068375
    },
    "melbands_skewness": {
        "dmean": 0.337733864784,
        "dmean2": 0.5565944314,
        "dvar": 0.0679477453232,
        "dvar2": 0.190548688173,
        "max": 2.63331580162,
        "mean": 0.85828346014,
        "median": 0.831180870533,
        "min": 0.0581310726702,
        "var": 0.16856302321
    },
    "melbands_spread": {
        "dmean": 7.06979417801,
        "dmean2": 11.8126239777,
        "dvar": 31.8184490204,
        "dvar2": 90.3505706787,
        "max": 75.5306549072,
        "mean": 46.8021736145,
        "median": 46.5392379761,
        "min": 23.0242233276,
        "var": 106.928291321
    },
    "pitch_salience": {
        "dmean": 0.0471763797104,
        "dmean2": 0.0775483772159,
        "dvar": 0.00132505374495,
        "dvar2": 0.00345168961212,
        "max": 0.822911560535,
        "mean": 0.586717665195,
        "median": 0.588416159153,
        "min": 0.398497492075,
        "var": 0.0052028875798
    },
    "silence_rate_20dB": {
        "dmean": 0,
        "dmean2": 0,
        "dvar": 0,
        "dvar2": 0,
        "max": 1,
        "mean": 1,
        "median": 1,
        "min": 1,
        "var": 0
    },
    "silence_rate_30dB": {
        "dmean": 0,
        "dmean2": 0,
        "dvar": 0,
        "dvar2": 0,
        "max": 1,
        "mean": 1,
        "median": 1,
        "min": 1,
        "var": 0
    },
    "silence_rate_60dB": {
        "dmean": 0,
        "dmean2": 0,
        "dvar": 0,
        "dvar2": 0,
        "max": 0,
        "mean": 0,
        "median": 0,
        "min": 0,
        "var": 0
    },
    "spectral_centroid": {
        "dmean": 171.132827759,
        "dmean2": 277.453094482,
        "dvar": 20366.5722656,
        "dvar2": 57028.1445312,
        "max": 2670.58251953,
        "mean": 2024.3807373,
        "median": 2010.7331543,
        "min": 1406.7746582,
        "var": 66434.3984375
    },
    "spectral_complexity": {
        "dmean": 3.80833339691,
        "dmean2": 6.4518828392,
        "dvar": 13.1882543564,
        "dvar2": 25.4861850739,
        "max": 51,
        "mean": 37.3153533936,
        "median": 37,
        "min": 1,
        "var": 26.0997142792
    },
    "spectral_decrease": {
        "dmean": 1.0752696511e-09,
        "dmean2": 1.77441472626e-09,
        "dvar": 9.05876818273e-19,
        "dvar2": 2.36914536321e-18,
        "max": -1.46973530568e-10,
        "mean": -7.04073466196e-09,
        "median": -7.13747327907e-09,
        "min": -1.07915445469e-08,
        "var": 1.84814234567e-18
    },
    "spectral_energy": {
        "dmean": 0.00447368854657,
        "dmean2": 0.00734859798104,
        "dvar": 1.56970909302e-05,
        "dvar2": 4.13033558289e-05,
        "max": 0.0451164618134,
        "mean": 0.0300030801445,
        "median": 0.0304155834019,
        "min": 0.000611764553469,
        "var": 3.20062281389e-05
    },
    "spectral_energyband_high": {
        "dmean": 0.000121475080959,
        "dmean2": 0.00020692536782,
        "dvar": 1.30246631258e-08,
        "dvar2": 3.63019942995e-08,
        "max": 0.00111903587822,
        "mean": 0.000415680930018,
        "median": 0.000363147206372,
        "min": 1.19164496937e-05,
        "var": 3.35424132913e-08
    },
    "spectral_energyband_low": {
        "dmean": 0.00195237423759,
        "dmean2": 0.00329074310139,
        "dvar": 4.23575875175e-06,
        "dvar2": 1.06820489236e-05,
        "max": 0.0162459984422,
        "mean": 0.00337996846065,
        "median": 0.00270752958022,
        "min": 0.000206577722565,
        "var": 6.88942100169e-06
    },
    "spectral_energyband_middle_high": {
        "dmean": 0.00302751874551,
        "dmean2": 0.00501945614815,
        "dvar": 7.04947342456e-06,
        "dvar2": 1.85811568372e-05,
        "max": 0.0284808222204,
        "mean": 0.0143543453887,
        "median": 0.0142939472571,
        "min": 0.000231166035519,
        "var": 1.85419521586e-05
    },
    "spectral_energyband_middle_low": {
        "dmean": 0.00321565126069,
        "dmean2": 0.0055038286373,
        "dvar": 7.10587482899e-06,
        "dvar2": 2.09143490792e-05,
        "max": 0.0254391226918,
        "mean": 0.0121328495443,
        "median": 0.0119330873713,
        "min": 0.000179475275218,
        "var": 2.25311814575e-05
    },
    "spectral_entropy": {
        "dmean": 0.0569795779884,
        "dmean2": 0.0939570665359,
        "dvar": 0.00418716762215,
        "dvar2": 0.00506188021973,
        "max": 8.69398784637,
        "mean": 7.52613639832,
        "median": 7.52322244644,
        "min": 7.31205463409,
        "var": 0.0106959976256
    },
    "spectral_flux": {
        "dmean": 0.0115953776985,
        "dmean2": 0.0179494172335,
        "dvar": 9.26564171095e-05,
        "dvar2": 0.000236437947024,
        "max": 0.145989239216,
        "mean": 0.0906750708818,
        "median": 0.0891891494393,
        "min": 0.0593688674271,
        "var": 0.000275817496004
    },
    "spectral_kurtosis": {
        "dmean": 2.9395172596,
        "dmean2": 5.11142921448,
        "dvar": 7.6436252594,
        "dvar2": 23.5895061493,
        "max": 21.0859565735,
        "mean": 5.19341659546,
        "median": 4.46997928619,
        "min": 0.627428293228,
        "var": 9.44810199738
    },
    "spectral_rms": {
        "dmean": 0.000415731250541,
        "dmean2": 0.000674381328281,
        "dvar": 1.73918394353e-07,
        "dvar2": 3.8259290136e-07,
        "max": 0.00663446029648,
        "mean": 0.00537898205221,
        "median": 0.00544736068696,
        "min": 0.000772556464653,
        "var": 3.37841498776e-07
    },
    "spectral_rolloff": {
        "dmean": 236.147476196,
        "dmean2": 406.157623291,
        "dvar": 50737.546875,
        "dvar2": 133292.078125,
        "max": 3380.71289062,
        "mean": 2438.16577148,
        "median": 2411.71875,
        "min": 1636.5234375,
        "var": 107093.304688
    },
    "spectral_skewness": {
        "dmean": 0.277568668127,
        "dmean2": 0.480360537767,
        "dvar": 0.0896731466055,
        "dvar2": 0.26838696003,
        "max": 3.74624705315,
        "mean": 0.850307941437,
        "median": 0.782920777798,
        "min": 0.319104462862,
        "var": 0.121215730906
    },
    "spectral_spread": {
        "dmean": 222440.984375,
        "dmean2": 317608.53125,
        "dvar": 1.02909843866e+12,
        "dvar2": 610309832704,
        "max": 21265514,
        "mean": 2190784.25,
        "median": 2085124.5,
        "min": 1729488.25,
        "var": 1.59683969024e+12
    },
    "spectral_strongpeak": {
        "dmean": 1.11925494671,
        "dmean2": 1.96704626083,
        "dvar": 2.04191088676,
        "dvar2": 4.64522027969,
        "max": 7.08777856827,
        "mean": 2.00593280792,
        "median": 1.8324161768,
        "min": 0,
        "var": 2.74134039879
    },
    "zerocrossingrate": {
        "dmean": 0.00486653624102,
        "dmean2": 0.00631496775895,
        "dvar": 2.55244322034e-05,
        "dvar2": 3.09235183522e-05,
        "max": 0.09765625,
        "mean": 0.0725168585777,
        "median": 0.0732421875,
        "min": 0.017578125,
        "var": 0.000116055634862
    },
    "barkbands": {
        "dmean": [2.374970245e-05, 0.00157100823708, 0.000745095894672, 0.000431805296103, 0.00221999059431, 0.000381797755836, 0.000918151228689, 0.000261587701971, 0.00150549295358, 0.000291452830425, 0.000470660917927, 0.000426052574767, 9.35313946684e-05, 0.00140483537689, 0.000636587210465, 0.000880409555975, 0.00116820598487, 0.000442668708274, 0.00066438887734, 0.000165390680195, 7.55595465307e-05, 1.20573731692e-05, 7.53028643885e-07, 4.9509009159e-07, 2.42048457721e-07, 8.70477521175e-08, 1.6280758075e-08],
        "dmean2": [4.00685312343e-05, 0.0026071392931, 0.00126515724696, 0.000750401231926, 0.00396651821211, 0.000680339056998, 0.00158468296286, 0.000449111073976, 0.00225715665147, 0.000490357459057, 0.000807900622021, 0.000683604972437, 0.000160258685355, 0.00221010437235, 0.00101647526026, 0.00155746133532, 0.00200769817457, 0.00075513671618, 0.00113885116298, 0.000278439518297, 0.000126914252178, 1.95767042896e-05, 1.23592076307e-06, 8.0616393916e-07, 3.55161176913e-07, 1.419291209e-07, 2.21184937033e-08],
        "dvar": [2.02639172109e-09, 2.60275169239e-06, 6.62220315917e-07, 4.13312648107e-07, 3.75886611437e-06, 2.63737689465e-07, 3.22802861774e-06, 1.57695723146e-07, 1.59191529292e-06, 1.41172137091e-07, 5.03915202898e-07, 2.81013484482e-07, 1.03132666851e-08, 1.64897494415e-06, 2.88797423309e-07, 8.22859817617e-07, 7.90067929302e-07, 1.93393645986e-07, 7.11312281965e-07, 1.98336298496e-08, 4.55117765696e-09, 1.77744027829e-10, 6.3082254264e-13, 2.98352895124e-13, 1.77948340742e-13, 2.4106561067e-14, 1.32744470865e-14],
        "dvar2": [2.94950175395e-09, 6.79127697367e-06, 1.89138961559e-06, 1.06160780433e-06, 1.00271217889e-05, 7.42973554679e-07, 9.37865024753e-06, 3.98824226977e-07, 3.73308807866e-06, 3.85342701748e-07, 1.34134120344e-06, 6.3058229216e-07, 2.92559541037e-08, 3.85979865314e-06, 8.17315367385e-07, 2.45749538408e-06, 2.13666135096e-06, 5.44062800145e-07, 1.86760132692e-06, 5.55117161127e-08, 1.26966108738e-08, 4.38754949039e-10, 1.6061664802e-12, 8.316399327e-13, 2.5959155615e-13, 5.56789789513e-14, 1.356314302e-14],
        "max": [0.000773437786847, 0.0132741015404, 0.00511724874377, 0.00599208520725, 0.0124007379636, 0.00389533303678, 0.0188672877848, 0.00408339127898, 0.0217817611992, 0.00387215567753, 0.00691594276577, 0.00697689782828, 0.000779899652116, 0.0118428673595, 0.00530375307426, 0.00698839919642, 0.00607630284503, 0.00437218649313, 0.00685498444363, 0.00119029555935, 0.000666022475343, 0.000158768001711, 7.37035543352e-06, 5.32197782377e-06, 6.97362293067e-06, 1.72623470007e-06, 1.82941118965e-06],
        "mean": [3.13779710268e-05, 0.00207392405719, 0.00105982250534, 0.000552481098566, 0.00389505852945, 0.000561656604987, 0.00122553179972, 0.000422352546593, 0.00536002125591, 0.000502904993482, 0.000798885128461, 0.000947829626966, 0.000184917487786, 0.00322672608308, 0.00169151532464, 0.00182287511416, 0.00241189403459, 0.00113804696593, 0.00136339478195, 0.00044837538735, 0.000245182280196, 3.36310076818e-05, 2.16326930058e-06, 1.45758258441e-06, 8.04969317869e-07, 2.61232116827e-07, 5.01427024346e-08],
        "median": [2.09874961001e-05, 0.00153398152906, 0.000729174120352, 0.000324255554006, 0.00322989141569, 0.000383337639505, 0.000460751034552, 0.000176745932549, 0.00378246954642, 0.000313802680466, 0.000485957978526, 0.000649010529742, 0.000157840666361, 0.00258104503155, 0.00144406827167, 0.00161580264103, 0.00210877531208, 0.00100926286541, 0.00114487833343, 0.000411546061514, 0.000207353485166, 2.98612540064e-05, 1.95040524886e-06, 1.33003482006e-06, 5.00448550156e-07, 2.27124203889e-07, 3.88436305343e-08],
        "min": [4.564068945e-07, 8.21295543574e-05, 4.68317848572e-05, 2.33841674344e-05, 2.75914717349e-05, 2.24831110245e-05, 2.55153499893e-05, 1.77285892278e-05, 1.7729920728e-05, 1.08945835109e-06, 1.79697860858e-06, 5.96698055233e-06, 7.30081501388e-06, 4.46003250545e-05, 2.22077287617e-05, 0.000104534512502, 2.30291989283e-05, 5.43123223906e-06, 7.51920060793e-06, 1.21789998957e-05, 5.72449653191e-06, 7.86270220487e-07, 3.04103849658e-07, 2.43601135708e-07, 1.58048393928e-07, 9.76329772584e-08, 1.70595964022e-08],
        "var": [3.05052227922e-09, 3.61781735592e-06, 9.80995423561e-07, 5.08243033437e-07, 7.7819395301e-06, 3.13902091875e-07, 4.34971707364e-06, 3.3559865642e-07, 2.3506116122e-05, 3.07397641564e-07, 1.06192055682e-06, 1.10272696929e-06, 1.57202926232e-08, 5.94760967942e-06, 9.9382418739e-07, 1.1699822835e-06, 1.38977497954e-06, 3.93716533154e-07, 7.96600943431e-07, 3.67819943392e-08, 1.6920683521e-08, 3.35635463866e-10, 9.99926378677e-13, 4.43685913747e-13, 9.08124270227e-13, 2.53470543708e-14, 1.35928399951e-14]
    },
    "erbbands": {
        "dmean": [0.0244600661099, 0.419337630272, 0.856721878052, 1.04600226879, 6.34203243256, 8.39479923248, 3.77615118027, 3.77656435966, 4.62705421448, 18.9046459198, 6.70999336243, 44.6281089783, 10.9751033783, 15.4189100266, 15.3997631073, 18.0267028809, 4.20616054535, 43.7549247742, 38.3124160767, 38.8548736572, 44.1633453369, 65.6044235229, 21.1119441986, 38.7681846619, 17.4198284149, 8.14621543884, 3.00539183617, 2.59373688698, 0.51825851202, 0.0837426409125, 0.0226475298405, 0.0139285931364, 0.00551893701777, 0.00480844685808, 0.000916181190405, 0.000651735870633, 8.5906322056e-05, 1.85520675586e-05, 4.08897585658e-06, 5.5048512877e-06],
        "dmean2": [0.0409265719354, 0.69526642561, 1.44062757492, 1.77630317211, 10.9877357483, 14.9881353378, 6.60106134415, 6.77756309509, 7.86881446838, 33.4371910095, 11.2154464722, 66.3735733032, 17.627325058, 27.3254776001, 25.1559047699, 28.8757781982, 6.96834516525, 69.0689086914, 62.0195426941, 67.1869506836, 79.2237625122, 110.807884216, 35.9858283997, 66.2751083374, 29.8858909607, 13.7666788101, 4.99759960175, 4.33963871002, 0.843231737614, 0.134626016021, 0.0372577011585, 0.0230772253126, 0.00864211842418, 0.00706533109769, 0.00150584580842, 0.00109608448111, 0.000135542475618, 2.75150378002e-05, 6.1434006966e-06, 9.15303007787e-06],
        "dvar": [0.000606877554674, 0.19301533699, 0.976333200932, 2.13725233078, 32.7517204285, 57.972492218, 22.9470386505, 22.8794193268, 50.4542198181, 1484.54223633, 74.1982192993, 1463.12768555, 100.389205933, 634.674377441, 440.030212402, 546.165161133, 15.3462162018, 1906.70837402, 1096.65112305, 1949.66882324, 1806.80480957, 2613.37182617, 329.701965332, 2398.8059082, 463.33404541, 51.6366043091, 7.05975961685, 7.90554285049, 0.417921960354, 0.0122867217287, 0.000582713226322, 0.00019072406576, 6.17777841398e-05, 8.81369633134e-05, 1.02295007309e-06, 1.06789036636e-06, 4.95879568518e-08, 4.75509898124e-09, 2.54237353392e-10, 2.43601319672e-11],
        "dvar2": [0.00160910352133, 0.504731297493, 2.64317774773, 5.71894407272, 94.7405700684, 166.339523315, 66.937171936, 63.1573295593, 139.681289673, 4314.21728516, 188.866119385, 3459.4777832, 292.229827881, 1806.6114502, 1140.90661621, 1195.01538086, 42.7856025696, 4557.50585938, 2646.38525391, 5548.13037109, 4727.12939453, 6829.02783203, 1001.75585938, 6623.87695312, 1198.02453613, 144.221099854, 21.6241321564, 21.9436683655, 1.05719029903, 0.0266358591616, 0.00149882957339, 0.000533219834324, 0.00015036635159, 0.000131493274239, 2.14364149542e-06, 2.9855491448e-06, 6.85075747242e-08, 4.95699747916e-09, 2.74360895114e-10, 6.56785736908e-11],
        "max": [0.187787368894, 3.55743551254, 6.27933120728, 13.1785449982, 41.4763641357, 63.5239562988, 38.7463264465, 36.307220459, 74.7850646973, 392.700286865, 63.8769798279, 665.950378418, 109.331634521, 231.893081665, 215.269882202, 313.342193604, 36.4486923218, 365.590148926, 322.172576904, 369.278594971, 325.9425354, 370.798309326, 212.866027832, 443.516174316, 200.539703369, 61.0349693298, 22.8304080963, 34.0756454468, 7.73664188385, 1.60603904724, 0.236263751984, 0.142961531878, 0.0719054192305, 0.155694037676, 0.0123653840274, 0.0106783946976, 0.00350816990249, 0.0011100951815, 0.000266290095169, 5.58911160624e-05],
        "mean": [0.0328320898116, 0.550771176815, 1.36948478222, 1.59502601624, 9.05202865601, 13.6259784698, 5.45286989212, 5.32466888428, 7.80812740326, 24.3488883972, 17.3200969696, 156.294113159, 35.484954834, 26.1972293854, 29.8173923492, 40.9276313782, 12.0801591873, 105.005218506, 120.5727005, 93.7447738647, 107.042907715, 134.408340454, 65.857093811, 86.8243942261, 43.8521842957, 21.6143779755, 9.12147712708, 8.99175071716, 1.64866089821, 0.247159227729, 0.0690958797932, 0.0440627001226, 0.0159902013838, 0.0144615862519, 0.00307129090652, 0.00180361128878, 0.00031025937642, 5.3357656725e-05, 2.47421012318e-05, 3.87492545997e-05],
        "median": [0.0234145782888, 0.429202735424, 0.991368710995, 1.24086999893, 6.93063926697, 10.1565637589, 3.65736031532, 3.82186770439, 3.90802240372, 8.38288593292, 13.8300952911, 103.652816772, 27.8782196045, 17.6475296021, 20.8217601776, 27.8149528503, 10.6598424911, 87.6551818848, 104.743682861, 81.7585296631, 93.0001449585, 115.415672302, 61.7907943726, 72.5409851074, 38.2531776428, 19.4779548645, 8.22452449799, 6.93316745758, 1.42421853542, 0.226196572185, 0.0611649081111, 0.0406867004931, 0.0134446220472, 0.00725855398923, 0.00271620415151, 0.00157703412697, 0.000274310616078, 4.54225664726e-05, 2.37778294832e-05, 3.98327028961e-05],
        "min": [0.00147265428677, 0.0195986907929, 0.0644029155374, 0.14318446815, 0.153500854969, 0.0607813075185, 0.0976879447699, 0.199124038219, 0.240946188569, 0.653717398643, 0.685247004032, 0.429930180311, 0.0855196639895, 0.0323625393212, 0.132215097547, 0.248090535402, 0.30507299304, 1.44580066204, 2.05763673782, 2.58331775665, 5.272315979, 1.46847915649, 0.378348916769, 0.23191305995, 0.66711717844, 0.497488290071, 0.25163012743, 0.198494151235, 0.0391055047512, 0.0103142205626, 0.00810876954347, 0.00528499297798, 0.00351277599111, 0.00198873854242, 0.000760200433433, 0.000463930424303, 0.000111932124128, 1.61983280123e-05, 1.23936333694e-05, 3.22747200698e-06],
        "var": [0.000955061928835, 0.260787516832, 1.40954363346, 2.46181249619, 54.3578529358, 120.904541016, 27.0918731689, 28.0888576508, 90.1836013794, 1934.21069336, 175.208557129, 22564.0996094, 607.273132324, 931.821472168, 933.944396973, 2228.35473633, 36.4934959412, 5829.35009766, 3948.58007812, 2587.3347168, 2855.80297852, 4648.89794922, 779.593444824, 2695.92871094, 551.370605469, 89.7274551392, 15.354101181, 31.2843074799, 0.773998022079, 0.0231769960374, 0.000966706487816, 0.000307616923237, 0.000110027183837, 0.000459386181319, 2.31770809478e-06, 1.01692523913e-06, 5.61200579341e-08, 5.10332531789e-09, 2.58001536801e-10, 4.55032990454e-11]
    },
    "gfcc": {
        "mean": [3.2439353466, 139.846191406, -188.999359131, 42.9155311584, -28.3854789734, -16.3807792664, -17.7618293762, 3.96736526489, -15.8543100357, -5.49240970612, -23.0884170532, -14.9340219498, -0.456954598427],
        "cov": [[226.826583862, 28.9225578308, -61.0548248291, -5.8788766861, -33.3736419678, -15.0119066238, -3.10154509544, -1.14460813999, -22.0737228394, -11.3695640564, 23.6978206635, 22.5201587677, 20.4500331879], [28.9225578308, 129.763473511, 25.2690048218, -19.2594585419, -13.1785154343, -22.4857177734, 9.60193157196, 9.40561294556, 30.999956131, 4.31282567978, 12.0643348694, -13.035908699, -8.77984428406], [-61.0548248291, 25.2690048218, 92.6598358154, 41.2035102844, 24.0793266296, 3.50993847847, -11.7276554108, 12.029291153, 10.6838130951, 6.42276573181, -1.02962398529, -1.36129212379, 2.98652029037], [-5.8788766861, -19.2594585419, 41.2035102844, 86.9949569702, 50.0701179504, 12.9662790298, -4.33810949326, -9.10007572174, -13.0923061371, -9.31111049652, -8.17946815491, 11.498916626, 9.62614631653], [-33.3736419678, -13.1785154343, 24.0793266296, 50.0701179504, 75.0860748291, 33.9861221313, 10.2050485611, 2.75273823738, 2.36427330971, 4.73888397217, -7.18303394318, -4.00820732117, -2.28191924095], [-15.0119066238, -22.4857177734, 3.50993847847, 12.9662790298, 33.9861221313, 57.471824646, 25.4203929901, 21.552942276, 2.31933522224, -3.06128954887, -3.0120844841, -7.82087993622, 4.80243062973], [-3.10154509544, 9.60193157196, -11.7276554108, -4.33810949326, 10.2050485611, 25.4203929901, 61.7613067627, 44.499584198, 38.3063850403, 5.22904920578, -12.7361555099, -15.4717035294, -18.4960231781], [-1.14460813999, 9.40561294556, 12.029291153, -9.10007572174, 2.75273823738, 21.552942276, 44.499584198, 91.3046340942, 59.5941085815, 13.9056606293, 0.93184441328, -18.6780071259, -8.88444137573], [-22.0737228394, 30.999956131, 10.6838130951, -13.0923061371, 2.36427330971, 2.31933522224, 38.3063850403, 59.5941085815, 81.1257095337, 32.1859054565, -1.80087971687, -21.9793777466, -25.7450580597], [-11.3695640564, 4.31282567978, 6.42276573181, -9.31111049652, 4.73888397217, -3.06128954887, 5.22904920578, 13.9056606293, 32.1859054565, 47.630821228, 21.2946586609, 2.36636185646, -12.177822113], [23.6978206635, 12.0643348694, -1.02962398529, -8.17946815491, -7.18303394318, -3.0120844841, -12.7361555099, 0.93184441328, -1.80087971687, 21.2946586609, 41.5055274963, 22.3531074524, 7.87382459641], [22.5201587677, -13.035908699, -1.36129212379, 11.498916626, -4.00820732117, -7.82087993622, -15.4717035294, -18.6780071259, -21.9793777466, 2.36636185646, 22.3531074524, 47.598865509, 20.9442062378], [20.4500331879, -8.77984428406, 2.98652029037, 9.62614631653, -2.28191924095, 4.80243062973, -18.4960231781, -8.88444137573, -25.7450580597, -12.177822113, 7.87382459641, 20.9442062378, 37.9211044312]],
        "icov": [[0.00998158287257, -0.00826158281416, 0.0130676291883, -0.0102670527995, 0.00702338386327, -0.00349495373666, 0.00581964431331, -0.00891966652125, 0.00788386631757, -0.00600432418287, 0.00316351605579, -0.00354130123742, 0.000618736201432], [-0.00826158281416, 0.0264462716877, -0.0223886370659, 0.0171479601413, -0.0126395439729, 0.0191186722368, -0.0230136234313, 0.0216239597648, -0.0209544654936, 0.0239645112306, -0.0287395622581, 0.0170709397644, -0.0113432472572], [0.0130676291883, -0.0223886370659, 0.0410832539201, -0.0276382751763, 0.0140576977283, -0.0160726904869, 0.0283337906003, -0.0249701142311, 0.0157078523189, -0.0217852983624, 0.0219538267702, -0.0120826289058, 0.00818377919495], [-0.0102670527995, 0.0171479601413, -0.0276382751763, 0.0427976325154, -0.0293146986514, 0.0169903114438, -0.0175746772438, 0.0162905659527, -0.0128893712536, 0.0209144242108, -0.0114874280989, 0.00149400997907, -0.00832570716739], [0.00702338386327, -0.0126395439729, 0.0140576977283, -0.0293146986514, 0.0430656597018, -0.0284424163401, 0.0145847983658, -0.00832607783377, 0.00926879886538, -0.0208053514361, 0.0165810398757, -0.00593209266663, 0.010421751067], [-0.00349495373666, 0.0191186722368, -0.0160726904869, 0.0169903114438, -0.0284424163401, 0.0556549988687, -0.0377759933472, 0.0099621610716, -0.00340010039508, 0.0197577029467, -0.0317706093192, 0.0236370079219, -0.0240085590631], [0.00581964431331, -0.0230136234313, 0.0283337906003, -0.0175746772438, 0.0145847983658, -0.0377759933472, 0.0695523098111, -0.0333073250949, 0.00698773749173, -0.0200846176594, 0.0427957475185, -0.0289222598076, 0.0309276711196], [-0.00891966652125, 0.0216239597648, -0.0249701142311, 0.0162905659527, -0.00832607783377, 0.0099621610716, -0.0333073250949, 0.0527045875788, -0.0409536771476, 0.0290693659335, -0.0351009555161, 0.021739654243, -0.0211997441947], [0.00788386631757, -0.0209544654936, 0.0157078523189, -0.0128893712536, 0.00926879886538, -0.00340010039508, 0.00698773749173, -0.0409536771476, 0.0664599612355, -0.0450468920171, 0.0313215665519, -0.00857762712985, 0.0166215784848], [-0.00600432418287, 0.0239645112306, -0.0217852983624, 0.0209144242108, -0.0208053514361, 0.0197577029467, -0.0200846176594, 0.0290693659335, -0.0450468920171, 0.0753982290626, -0.0561827607453, 0.0135889723897, -0.00375614129007], [0.00316351605579, -0.0287395622581, 0.0219538267702, -0.0114874280989, 0.0165810398757, -0.0317706093192, 0.0427957475185, -0.0351009555161, 0.0313215665519, -0.0561827607453, 0.0942232608795, -0.0450118370354, 0.0190167035908], [-0.00354130123742, 0.0170709397644, -0.0120826289058, 0.00149400997907, -0.00593209266663, 0.0236370079219, -0.0289222598076, 0.021739654243, -0.00857762712985, 0.0135889723897, -0.0450118370354, 0.0591930896044, -0.0307357814163], [0.000618736201432, -0.0113432472572, 0.00818377919495, -0.00832570716739, 0.010421751067, -0.0240085590631, 0.0309276711196, -0.0211997441947, 0.0166215784848, -0.00375614129007, 0.0190167035908, -0.0307357814163, 0.0617707408965]]
    },
    "melbands": {
        "dmean": [0.000339757243637, 0.000466515688458, 0.000282991793938, 0.000561508873943, 0.000162228025147, 7.87431781646e-05, 0.000108371998067, 0.000170827057445, 6.76301860949e-05, 0.000284034933429, 4.47233323939e-05, 6.09578128206e-05, 6.39972204226e-05, 5.8626083046e-05, 1.56112600962e-05, 1.67412690644e-05, 0.000105361366877, 8.73734607012e-05, 5.75621743337e-05, 6.26848195679e-05, 5.81264030188e-05, 7.22758268239e-05, 3.91415487684e-05, 2.26301144721e-05, 3.63494800695e-05, 2.2124766474e-05, 8.62547130964e-06, 5.10478867e-06, 1.48963476931e-06, 2.86178647002e-06, 1.15501791242e-06, 3.4685473338e-07, 1.47711247678e-07, 1.99686702729e-08, 1.53594132968e-08, 1.00088124455e-08, 9.22954068727e-09, 4.16043199891e-09, 4.31509805665e-09, 3.80149955959e-09],
        "dmean2": [0.000564046669751, 0.000777034671046, 0.000485514930915, 0.00100948836189, 0.000281218381133, 0.000141637967317, 0.000185721059097, 0.000302477768855, 0.000113966714707, 0.000419602874899, 7.57391317165e-05, 0.000107731029857, 0.000107067986391, 9.38345619943e-05, 2.61155873886e-05, 2.86551457975e-05, 0.000165162287885, 0.000139299329021, 9.19499361771e-05, 0.000110868058982, 0.000103660429886, 0.000122629106045, 6.76135532558e-05, 3.8233531086e-05, 6.29550340818e-05, 3.75358540623e-05, 1.45811745824e-05, 8.72229702509e-06, 2.49344930126e-06, 4.84842212245e-06, 1.89818467788e-06, 5.66781807265e-07, 2.44453730147e-07, 3.42895596361e-08, 2.59054555585e-08, 1.68232379139e-08, 1.55018717862e-08, 6.67708732749e-09, 6.4654126497e-09, 5.68137936696e-09],
        "dvar": [1.20328252251e-07, 2.7953669246e-07, 8.93060203566e-08, 2.53482824064e-07, 3.64094958627e-08, 1.03055812772e-08, 3.49149793522e-08, 1.20928532965e-07, 7.92505350233e-09, 5.93069096055e-08, 2.43157272095e-09, 9.47433420606e-09, 9.28184817894e-09, 5.2373687609e-09, 3.18651133258e-10, 5.14574938215e-10, 1.02884332165e-08, 6.49729336999e-09, 2.54581711268e-09, 4.59500393291e-09, 2.74985256787e-09, 2.98920732611e-09, 1.24192989226e-09, 5.0978171684e-10, 2.32163177571e-09, 9.01217933613e-10, 4.78260521464e-11, 2.13732642695e-11, 1.57810721955e-12, 6.3986893041e-12, 1.31432776988e-12, 1.51063677626e-13, 6.02440257511e-14, 4.72381539656e-16, 2.5385966535e-16, 1.04095518483e-16, 8.52293418903e-17, 2.88774078885e-17, 4.15494244436e-17, 6.45491979193e-17],
        "dvar2": [3.12407735237e-07, 7.32301657536e-07, 2.46795963221e-07, 6.74238833653e-07, 1.07692798679e-07, 2.84807004647e-08, 9.94902009666e-08, 3.49344787764e-07, 1.9883307445e-08, 1.37734446071e-07, 6.92407020608e-09, 2.69941651254e-08, 2.4567752277e-08, 1.16062270905e-08, 7.33635430183e-10, 1.41404521425e-09, 2.35286208294e-08, 1.57509933985e-08, 6.89770640605e-09, 1.36937003958e-08, 7.16890413699e-09, 8.17865686287e-09, 3.56195761775e-09, 1.41366807149e-09, 6.38340713621e-09, 2.40975572829e-09, 1.28879476535e-10, 5.95483523602e-11, 4.89749863927e-12, 1.80804156369e-11, 3.66070238358e-12, 3.64154127859e-13, 1.35191906498e-13, 1.14641928356e-15, 6.87895997014e-16, 2.62982104313e-16, 2.45233614164e-16, 7.05305210763e-17, 7.84641823849e-17, 9.94202142513e-17],
        "max": [0.00287259975448, 0.00368017307483, 0.00242510461248, 0.00327862496488, 0.00145576253999, 0.000779173278715, 0.00200784392655, 0.00355276209302, 0.000698112184182, 0.00435056071728, 0.000524700037204, 0.000884802546352, 0.00100763363298, 0.000961192999966, 0.000227645548875, 0.000232975289691, 0.000918710720725, 0.000741240684874, 0.000522370217368, 0.000538159045391, 0.00036314924364, 0.000363688712241, 0.000333691365086, 0.000219107227167, 0.000449866929557, 0.000281641841866, 5.67235038034e-05, 3.9581060264e-05, 1.103543309e-05, 2.48723463301e-05, 1.52663742483e-05, 4.30077716373e-06, 3.26769668391e-06, 2.68365710099e-07, 1.53560208105e-07, 8.79299477674e-08, 9.06728132577e-08, 5.16616758262e-08, 8.02404898081e-08, 1.31678717707e-07],
        "mean": [0.000448532460723, 0.000762151030358, 0.000430744607002, 0.000962950754911, 0.000251645775279, 0.000108921856736, 0.000162534837727, 0.000230370817007, 0.000143520795973, 0.00101528642699, 0.000124003563542, 9.81995472102e-05, 0.000105093582533, 0.000129713502247, 3.48095054505e-05, 3.03970555251e-05, 0.000247166521149, 0.000234021543292, 0.000157674992806, 0.000110594832222, 0.000127914507175, 0.000142381948535, 8.64574467414e-05, 5.35995641258e-05, 7.54849024815e-05, 4.08567284467e-05, 2.25048406719e-05, 1.16492255984e-05, 4.23838673669e-06, 7.71148552303e-06, 3.80528922506e-06, 9.28953966195e-07, 3.28007956796e-07, 5.45718243927e-08, 3.77481157443e-08, 3.16249071375e-08, 2.4259477982e-08, 1.10150608634e-08, 1.06714264092e-08, 1.13664384571e-08],
        "median": [0.000313719036058, 0.000587000162341, 0.000338100187946, 0.000772743776906, 0.000177724170499, 7.46158621041e-05, 7.11774046067e-05, 8.31794823171e-05, 0.000102293648524, 0.000650986330584, 0.000100511511846, 6.40321959509e-05, 6.32289375062e-05, 8.6457854195e-05, 2.52434219874e-05, 2.28703338507e-05, 0.000203167001018, 0.000187104131328, 0.000133330322569, 8.78880528035e-05, 0.000108681961137, 0.000124783400679, 7.98821129138e-05, 4.63777178084e-05, 6.29451387795e-05, 3.30162547471e-05, 2.0406621843e-05, 1.02098128991e-05, 3.83712495022e-06, 6.61017838866e-06, 2.81514189737e-06, 8.06592936442e-07, 2.85585855408e-07, 4.76892871859e-08, 3.38821877222e-08, 2.77339822219e-08, 2.21176783555e-08, 9.29438570552e-09, 6.08373662558e-09, 5.59648682952e-09],
        "min": [2.26268875849e-05, 3.78096447093e-05, 2.33950995607e-05, 7.79341735324e-06, 2.8703125281e-06, 4.40731400886e-06, 4.14887745137e-06, 7.38254402677e-06, 5.42731731912e-06, 2.36892606154e-06, 3.39644202541e-07, 1.06969871183e-07, 3.31297968614e-07, 6.72657336054e-07, 4.61825322873e-07, 8.69150426297e-07, 3.17963304042e-06, 4.05377841162e-06, 1.59171918312e-06, 6.27710232948e-06, 5.65021628063e-06, 1.5854668618e-06, 4.81871381908e-07, 2.4423397349e-07, 1.65595594126e-07, 2.9103119914e-07, 6.35710762253e-07, 2.74518583865e-07, 1.61722880421e-07, 1.24766700083e-07, 1.03907382254e-07, 1.9578791921e-08, 8.89178863872e-09, 4.96194818567e-09, 4.53054616045e-09, 4.58129578718e-09, 2.69520294971e-09, 2.28007523972e-09, 1.91439264441e-09, 1.07730036003e-09],
        "var": [1.76138073016e-07, 4.07674150438e-07, 1.18292859952e-07, 5.41028668977e-07, 4.7396031988e-08, 1.23709051891e-08, 5.29774197844e-08, 1.60934959581e-07, 1.61951181354e-08, 9.79443711913e-07, 6.91238799533e-09, 1.40479246014e-08, 1.90980031789e-08, 2.0926130162e-08, 1.11427145288e-09, 8.10108813365e-10, 3.53628770711e-08, 2.22065068556e-08, 9.36462729584e-09, 6.03104721719e-09, 4.20391099709e-09, 5.3229136654e-09, 1.80265458116e-09, 1.04220965191e-09, 2.38757169591e-09, 9.79714642746e-10, 9.47910847038e-11, 3.36912199528e-11, 3.1057535016e-12, 1.81991054171e-11, 6.1336252917e-12, 2.87353040668e-13, 8.24720405358e-14, 8.04706552061e-16, 3.74909435009e-16, 1.91895499489e-16, 1.13008925596e-16, 4.71046834107e-17, 1.59562809289e-16, 3.22143094044e-16]
    },
    "mfcc": {
        "mean": [-617.913269043, 158.456100464, -82.3125839233, 55.9217605591, -1.96580600739, 1.10723733902, 0.0914941206574, 0.296174287796, 14.3171253204, 4.56488656998, -0.686116576195, -6.6461315155, -14.5012874603],
        "cov": [[292.678314209, 9.40126609802, -47.2044067383, -20.9444980621, -39.8978271484, -35.1438217163, 9.39644908905, -0.73067933321, -18.5508670807, -42.3890151978, -13.2590961456, -14.1951723099, 11.5846195221], [9.40126609802, 133.695587158, 19.5541362762, -10.9667959213, -26.3184700012, -24.4470100403, -25.7483825684, -7.538834095, 2.08177614212, 22.6364765167, 21.7372493744, 10.421795845, 13.8242454529], [-47.2044067383, 19.5541362762, 79.0079879761, 11.9635753632, 23.29829216, -16.7887706757, -0.23578517139, -5.14959859848, 11.1041440964, -5.08714008331, 0.657886743546, -3.56122303009, 25.2217102051], [-20.9444980621, -10.9667959213, 11.9635753632, 82.1735916138, 28.8201694489, 29.5016212463, -6.21507406235, 9.34006118774, -4.56663990021, 3.87916946411, -8.09829330444, 1.09942626953, -15.3716640472], [-39.8978271484, -26.3184700012, 23.29829216, 28.8201694489, 77.1238555908, 22.4379692078, 23.6932125092, -0.825437784195, 8.06567668915, -5.37426662445, -5.99359941483, -11.3300676346, 4.71558189392], [-35.1438217163, -24.4470100403, -16.7887706757, 29.5016212463, 22.4379692078, 69.4589004517, 15.1581449509, 8.75965023041, -11.3371524811, 2.59027910233, -10.8802433014, -2.18968224525, -26.0265007019], [9.39644908905, -25.7483825684, -0.23578517139, -6.21507406235, 23.6932125092, 15.1581449509, 49.6692695618, 13.747174263, 9.07046699524, -12.8837575912, -5.09855127335, -5.94191884995, 2.08208441734], [-0.73067933321, -7.538834095, -5.14959859848, 9.34006118774, -0.825437784195, 8.75965023041, 13.747174263, 56.6727485657, 30.5053634644, 24.0608253479, 11.7709293365, 6.04335546494, -6.20300769806], [-18.5508670807, 2.08177614212, 11.1041440964, -4.56663990021, 8.06567668915, -11.3371524811, 9.07046699524, 30.5053634644, 58.4719772339, 38.8763465881, 25.344669342, 5.49039268494, 1.6039274931], [-42.3890151978, 22.6364765167, -5.08714008331, 3.87916946411, -5.37426662445, 2.59027910233, -12.8837575912, 24.0608253479, 38.8763465881, 85.3736190796, 47.660697937, 16.7269039154, -14.4769306183], [-13.2590961456, 21.7372493744, 0.657886743546, -8.09829330444, -5.99359941483, -10.8802433014, -5.09855127335, 11.7709293365, 25.344669342, 47.660697937, 56.4721031189, 17.1515140533, 1.19222033024], [-14.1951723099, 10.421795845, -3.56122303009, 1.09942626953, -11.3300676346, -2.18968224525, -5.94191884995, 6.04335546494, 5.49039268494, 16.7269039154, 17.1515140533, 45.8783073425, 19.1514091492], [11.5846195221, 13.8242454529, 25.2217102051, -15.3716640472, 4.71558189392, -26.0265007019, 2.08208441734, -6.20300769806, 1.6039274931, -14.4769306183, 1.19222033024, 19.1514091492, 70.0835800171]],
