{
"lowlevel": {
    "average_loudness": 0.976830005646,
    "barkbands_crest": {
        "dmean": 3.84555506706,
        "dmean2": 6.33502483368,
        "dvar": 9.71811580658,
        "dvar2": 26.3869991302,
        "max": 24.4220924377,
        "mean": 10.3830070496,
        "median": 9.7566280365,
        "min": 3.35412240028,
        "var": 15.3794174194
    },
    "barkbands_flatness_db": {
        "dmean": 0.0402014888823,
        "dmean2": 0.0672093480825,
        "dvar": 0.00108729931526,
        "dvar2": 0.00283472263254,
        "max": 0.41243571043,
        "mean": 0.208115488291,
        "median": 0.20180273056,
        "min": 0.110103562474,
        "var": 0.00169707927853
    },
    "barkbands_kurtosis": {
        "dmean": 1.2717679739,
        "dmean2": 2.20549368858,
        "dvar": 3.99782633781,
        "dvar2": 10.2826862335,
        "max": 15.8947925568,
        "mean": 0.31006410718,
        "median": -0.134798049927,
        "min": -1.76699066162,
        "var": 3.6202018261
    },
    "barkbands_skewness": {
        "dmean": 0.494848698378,
        "dmean2": 0.823253691196,
        "dvar": 0.210224241018,
        "dvar2": 0.507982611656,
        "max": 2.98817515373,
        "mean": 0.10840216279,
        "median": 0.123231507838,
        "min": -2.04846000671,
        "var": 0.35546836257
    },
    "barkbands_spread": {
        "dmean": 2.41596508026,
        "dmean2": 4.10173225403,
        "dvar": 4.20588159561,
        "dvar2": 10.9857578278,
        "max": 18.2632732391,
        "mean": 8.81767559052,
        "median": 8.66602706909,
        "min": 1.59216320515,
        "var": 6.93058824539
    },
    "dissonance": {
        "dmean": 0.0323129110038,
        "dmean2": 0.0580052509904,
        "dvar": 0.000982559286058,
        "dvar2": 0.00269456044771,
        "max": 0.499999970198,
        "mean": 0.465777009726,
        "median": 0.474577605724,
        "min": 0.328277856112,
        "var": 0.00110638153274
    },
    "dynamic_complexity": 1.69996988773,
    "erbbands_crest": {
        "dmean": 4.34931612015,
        "dmean2": 7.43221664429,
        "dvar": 16.482717514,
        "dvar2": 40.3257446289,
        "max": 32.1070137024,
        "mean": 12.053360939,
        "median": 10.9139842987,
        "min": 3.98086714745,
        "var": 24.0657024384
    },
    "erbbands_flatness_db": {
        "dmean": 0.036837220192,
        "dmean2": 0.0622434802353,
        "dvar": 0.000892503827345,
        "dvar2": 0.00240381853655,
        "max": 0.469188690186,
        "mean": 0.317294865847,
        "median": 0.312680482864,
        "min": 0.204812705517,
        "var": 0.0013563168468
    },
    "erbbands_kurtosis": {
        "dmean": 1.11516916752,
        "dmean2": 1.93105864525,
        "dvar": 3.03530669212,
        "dvar2": 8.03188228607,
        "max": 13.7663917542,
        "mean": 0.152761369944,
        "median": -0.292620658875,
        "min": -1.71850430965,
        "var": 2.75604867935
    },
    "erbbands_skewness": {
        "dmean": 0.463675320148,
        "dmean2": 0.756716370583,
        "dvar": 0.191222310066,
        "dvar2": 0.492497980595,
        "max": 2.61750769615,
        "mean": 0.0371780283749,
        "median": 0.0334870629013,
        "min": -1.52402234077,
        "var": 0.298104405403
    },
    "erbbands_spread": {
        "dmean": 3.32571291924,
        "dmean2": 5.68760871887,
        "dvar": 8.41777324677,
        "dvar2": 22.9011039734,
        "max": 25.7680053711,
        "mean": 12.2787084579,
        "median": 11.9486083984,
        "min": 2.11573863029,
        "var": 13.6004972458
    },
    "hfc": {
        "dmean": 28.5522174835,
        "dmean2": 50.4802284241,
        "dvar": 572.161254883,
        "dvar2": 1437.22045898,
        "max": 148.859313965,
        "mean": 28.3204517365,
        "median": 19.3357143402,
        "min": 0.58973801136,
        "var": 745.70513916
    },
    "melbands_crest": {
        "dmean": 4.43927621841,
        "dmean2": 7.63689947128,
        "dvar": 14.3553552628,
        "dvar2": 36.8756599426,
        "max": 32.0948753357,
        "mean": 12.5518312454,
        "median": 11.7506837845,
        "min": 4.32166624069,
        "var": 21.6803855896
    },
    "melbands_flatness_db": {
        "dmean": 0.0408821739256,
        "dmean2": 0.0681537166238,
        "dvar": 0.00108736706898,
        "dvar2": 0.00304764159955,
        "max": 0.409414768219,
        "mean": 0.200068682432,
        "median": 0.193826138973,
        "min": 0.101796932518,
        "var": 0.00185572367627
    },
    "melbands_kurtosis": {
        "dmean": 1.3503305912,
        "dmean2": 2.30747413635,
        "dvar": 4.14557409286,
        "dvar2": 10.5842027664,
        "max": 15.8519668579,
        "mean": 0.759490907192,
        "median": 0.328043818474,
        "min": -1.63102149963,
        "var": 4.05645942688
    },
    "melbands_skewness": {
        "dmean": 0.505642950535,
        "dmean2": 0.842963457108,
        "dvar": 0.19735597074,
        "dvar2": 0.491889148951,
        "max": 3.01072883606,
        "mean": 0.409791558981,
        "median": 0.399346321821,
        "min": -1.450101614,
        "var": 0.35341244936
    },
    "melbands_spread": {
        "dmean": 5.46285438538,
        "dmean2": 8.95563602448,
        "dvar": 17.9237747192,
        "dvar2": 46.6330680847,
        "max": 39.8654098511,
        "mean": 19.590965271,
        "median": 19.3972358704,
        "min": 2.73508834839,
        "var": 36.0283355713
    },
    "pitch_salience": {
        "dmean": 0.097767457366,
        "dmean2": 0.162564188242,
        "dvar": 0.0053084040992,
        "dvar2": 0.0155622027814,
        "max": 0.914013981819,
        "mean": 0.607089817524,
        "median": 0.616938769817,
        "min": 0.302642285824,
        "var": 0.00846819020808
    },
    "silence_rate_20dB": {
        "dmean": 0,
        "dmean2": 0,
        "dvar": 0,
        "dvar2": 0,
        "max": 1,
        "mean": 1,
        "median": 1,
        "min": 1,
        "var": 0
    },
    "silence_rate_30dB": {
        "dmean": 0,
        "dmean2": 0,
        "dvar": 0,
        "dvar2": 0,
        "max": 1,
        "mean": 1,
        "median": 1,
        "min": 1,
        "var": 0
    },
    "silence_rate_60dB": {
        "dmean": 0.13533835113,
        "dmean2": 0.271356791258,
        "dvar": 0.117022424936,
        "dvar2": 0.273097783327,
        "max": 1,
        "mean": 0.104999996722,
        "median": 0,
        "min": 0,
        "var": 0.0939747542143
    },
    "spectral_centroid": {
        "dmean": 362.364074707,
        "dmean2": 588.999389648,
        "dvar": 77143.4375,
        "dvar2": 213078.328125,
        "max": 3222.30517578,
        "mean": 2083.44848633,
        "median": 2094.03417969,
        "min": 762.424743652,
        "var": 212300.296875
    },
    "spectral_complexity": {
        "dmean": 7.96491241455,
        "dmean2": 13.1532659531,
        "dvar": 32.1591415405,
        "dvar2": 81.4513931274,
        "max": 37,
        "mean": 14.3575000763,
        "median": 14,
        "min": 1,
        "var": 60.7846717834
    },
    "spectral_decrease": {
        "dmean": 3.59605945022e-09,
        "dmean2": 6.3906222536e-09,
        "dvar": 7.92131729228e-18,
        "dvar2": 1.93959758486e-17,
        "max": -9.72474739624e-11,
        "mean": -3.68706443155e-09,
        "median": -2.61814614433e-09,
        "min": -1.29120403258e-08,
        "var": 1.08413641163e-17
    },
    "spectral_energy": {
        "dmean": 0.0161001030356,
        "dmean2": 0.0286177825183,
        "dvar": 0.000158076072694,
        "dvar2": 0.000385597115383,
        "max": 0.0586049444973,
        "mean": 0.016484560445,
        "median": 0.0118993073702,
        "min": 0.00042078376282,
        "var": 0.000217129694647
    },
    "spectral_energyband_high": {
        "dmean": 0.000366470310837,
        "dmean2": 0.000669047003612,
        "dvar": 4.2307192416e-07,
        "dvar2": 1.21408834275e-06,
        "max": 0.00470500346273,
        "mean": 0.000284017471131,
        "median": 0.00011240823369,
        "min": 2.24781911129e-06,
        "var": 2.99522099567e-07
    },
    "spectral_energyband_low": {
        "dmean": 1.43022552948e-05,
        "dmean2": 2.4775379643e-05,
        "dvar": 4.58981019857e-10,
        "dvar2": 1.2620025025e-09,
        "max": 0.00027965742629,
        "mean": 1.48303015521e-05,
        "median": 9.7313313745e-06,
        "min": 2.00925569516e-07,
        "var": 3.8342978792e-10
    },
    "spectral_energyband_middle_high": {
        "dmean": 0.0141987595707,
        "dmean2": 0.0253108255565,
        "dvar": 0.000136055241455,
        "dvar2": 0.000334799289703,
        "max": 0.0568813420832,
        "mean": 0.0142364287749,
        "median": 0.00932674854994,
        "min": 0.000266263552476,
        "var": 0.000180347939022
    },
    "spectral_energyband_middle_low": {
        "dmean": 0.00252863019705,
        "dmean2": 0.00446093967184,
        "dvar": 2.61397999566e-05,
        "dvar2": 6.86470666551e-05,
        "max": 0.0465905070305,
        "mean": 0.00197548069991,
        "median": 0.000407107814681,
        "min": 4.53961274616e-06,
        "var": 2.15015952563e-05
    },
    "spectral_entropy": {
        "dmean": 0.307015031576,
        "dmean2": 0.517016232014,
        "dvar": 0.0906173959374,
        "dvar2": 0.228365525603,
        "max": 8.25760269165,
        "mean": 7.22878646851,
        "median": 7.30754852295,
        "min": 5.49214076996,
        "var": 0.107449196279
    },
    "spectral_flux": {
        "dmean": 0.0443277657032,
        "dmean2": 0.0720133259892,
        "dvar": 0.00138460320886,
        "dvar2": 0.00298983999528,
        "max": 0.24862895906,
        "mean": 0.114167124033,
        "median": 0.117325305939,
        "min": 0.0133773898706,
        "var": 0.00245681172237
    },
    "spectral_kurtosis": {
        "dmean": 8.31353378296,
        "dmean2": 15.4667615891,
        "dvar": 50.97315979,
        "dvar2": 162.826019287,
        "max": 37.9174919128,
        "mean": 11.6155319214,
        "median": 9.47781562805,
        "min": 2.32565450668,
        "var": 50.5050964355
    },
    "spectral_rms": {
        "dmean": 0.00212392373942,
        "dmean2": 0.00371168577112,
        "dvar": 2.23027996071e-06,
        "dvar2": 5.50363574803e-06,
        "max": 0.00756145175546,
        "mean": 0.00353573728353,
        "median": 0.00340718496591,
        "min": 0.00064071896486,
        "var": 3.58106967724e-06
    },
    "spectral_rolloff": {
        "dmean": 437.139923096,
        "dmean2": 754.743713379,
        "dvar": 172816.0625,
        "dvar2": 449441,
        "max": 4780.37109375,
        "mean": 2382.86547852,
        "median": 2325.5859375,
        "min": 710.595703125,
        "var": 314659.25
    },
    "spectral_skewness": {
        "dmean": 0.71171939373,
        "dmean2": 1.3240737915,
        "dvar": 0.394953876734,
        "dvar2": 1.26614534855,
        "max": 4.47675514221,
        "mean": 1.88147461414,
        "median": 1.70266723633,
        "min": 0.801776528358,
        "var": 0.399306297302
    },
    "spectral_spread": {
        "dmean": 362194.5,
        "dmean2": 614676.25,
        "dvar": 985646366720,
        "dvar2": 1.06786186854e+12,
        "max": 21488628,
        "mean": 2054426.75,
        "median": 1962291.25,
        "min": 1334346.125,
        "var": 1.0385515479e+12
    },
    "spectral_strongpeak": {
        "dmean": 1.67116093636,
        "dmean2": 2.80213475227,
        "dvar": 3.58953166008,
        "dvar2": 9.49106693268,
        "max": 13.2735919952,
        "mean": 2.05751419067,
        "median": 1.35027229786,
        "min": 0.108861468732,
        "var": 4.12392950058
    },
    "zerocrossingrate": {
        "dmean": 0.00683960877359,
        "dmean2": 0.00940738804638,
        "dvar": 3.26203044096e-05,
        "dvar2": 4.92183353344e-05,
        "max": 0.1162109375,
        "mean": 0.0744738802314,
        "median": 0.07470703125,
        "min": 0.03466796875,
        "var": 0.000193767366
    },
    "barkbands": {
        "dmean": [9.37492131925e-07, 1.15304010251e-05, 2.55749341704e-06, 3.19636001223e-06, 2.98272716464e-05, 2.60943488684e-05, 0.000387035892345, 0.000422800978413, 0.00171707745176, 0.00109131238423, 0.00255439453758, 0.00249132839963, 0.00140338938218, 0.00204596715048, 0.00281535927206, 0.00167718867306, 0.0026467742864, 0.000896593905054, 0.00102491688449, 0.000305171386572, 0.000175912296982, 4.97569781146e-05, 1.83542651939e-05, 6.39473455522e-06, 2.24099926527e-06, 8.68341885507e-07, 2.10143753065e-07],
        "dmean2": [1.62257617831e-06, 2.00435952138e-05, 4.56917814518e-06, 5.90380113863e-06, 5.51575431018e-05, 4.43117933173e-05, 0.000707442872226, 0.000739716691896, 0.00304870121181, 0.00194580084644, 0.00468949507922, 0.00448449701071, 0.00254670041613, 0.00360878510401, 0.00516987033188, 0.00307549117133, 0.00485317222774, 0.00161741580814, 0.0018687879201, 0.000551868113689, 0.000324055523379, 9.35829957598e-05, 3.36900448019e-05, 1.18556872621e-05, 4.13002044297e-06, 1.61462594406e-06, 3.80255329446e-07],
        "dvar": [1.6395357294e-12, 3.39162392615e-10, 1.01511828457e-11, 2.58806778092e-11, 3.38276118228e-09, 8.48065706549e-09, 2.81764528154e-06, 1.23442180211e-06, 2.14925912587e-05, 2.6638278996e-06, 1.59213741426e-05, 2.75082857115e-05, 6.27811277809e-06, 1.53047985805e-05, 1.36428161568e-05, 6.85013856128e-06, 2.67928298854e-05, 2.613183824e-06, 4.16079774368e-06, 2.02854209874e-07, 1.53235149014e-07, 2.0427943781e-08, 6.84607592838e-10, 7.04775127147e-11, 1.58347935458e-11, 1.92122619896e-12, 1.64262660006e-13],
        "dvar2": [4.11467778252e-12, 9.28327248406e-10, 2.92092877663e-11, 7.30354457468e-11, 9.71680247375e-09, 2.15439044382e-08, 8.13974020275e-06, 3.05675553136e-06, 5.56883060199e-05, 7.06777291271e-06, 4.57976566395e-05, 7.63393254601e-05, 1.70895382325e-05, 3.92609799746e-05, 3.75915988116e-05, 1.90970877156e-05, 6.80054799886e-05, 6.9570537562e-06, 1.22278161143e-05, 5.05395860273e-07, 4.38294989635e-07, 6.19444975314e-08, 2.00128624783e-09, 2.03960057177e-10, 4.72773903359e-11, 5.57555997899e-12, 3.58975544602e-13],
        "max": [1.7183356249e-05, 0.000234141771216, 2.67568102572e-05, 3.47440000041e-05, 0.000616582576185, 0.000880693842191, 0.0226064920425, 0.0109953824431, 0.0458023287356, 0.0111595820636, 0.0210337731987, 0.0436146110296, 0.0187990292907, 0.0335769169033, 0.0253237895668, 0.017967812717, 0.0430798083544, 0.0138222128153, 0.0135013563558, 0.00384796760045, 0.00415039807558, 0.00181709928438, 0.00019526865799, 5.50736112928e-05, 4.47856655228e-05, 1.22206574815e-05, 5.11992357133e-06],
        "mean": [9.71804979599e-07, 1.11288800326e-05, 2.18469017454e-06, 2.19418370762e-06, 2.11741662497e-05, 2.09688587347e-05, 0.000275971164228, 0.000355445896275, 0.00125028181355, 0.000865811831318, 0.00191669899505, 0.0017471939791, 0.00104731251486, 0.0016515069874, 0.00225611496717, 0.0012608388206, 0.0019321970176, 0.000707322731614, 0.00071673077764, 0.000252745841863, 0.000133531910251, 3.57993521902e-05, 1.34351876113e-05, 4.6475279305e-06, 1.6011210846e-06, 6.2041988258e-07, 1.55554928938e-07],
        "median": [5.90573449699e-07, 6.37721495877e-06, 1.14252952699e-06, 6.15409817328e-07, 6.1437694967e-06, 3.56650593858e-06, 3.39747930411e-05, 3.53766445187e-05, 0.00014584249584, 0.000183099909918, 0.000511559774168, 0.000207561912248, 0.00015154168068, 0.000390627013985, 0.000594116863795, 0.000413983070757, 0.000472975429147, 0.000200297508854, 0.000128811894683, 8.29690834507e-05, 4.64601034764e-05, 1.18334401122e-05, 4.47504726253e-06, 1.66971017279e-06, 4.77318792491e-07, 1.26420943047e-07, 2.6775836659e-08],
        "min": [5.87796566975e-09, 1.00001528835e-07, 5.64133051384e-09, 5.92238080799e-09, 1.12071475655e-07, 2.27065708458e-08, 1.75719449658e-07, 1.12389145102e-07, 1.30770479245e-06, 7.08207778644e-07, 6.34127218291e-06, 3.03902311316e-06, 2.76073023997e-06, 4.21014919993e-06, 8.41646942717e-06, 1.27641824292e-05, 7.8287348515e-06, 3.19325977216e-06, 1.65742881109e-06, 1.07366395241e-06, 1.18865136756e-06, 1.72517360397e-07, 7.39782848314e-08, 2.03067180848e-08, 6.47129549947e-09, 8.75721273275e-09, 3.86353793402e-09],
        "var": [1.90156375889e-12, 2.69136296582e-10, 9.00013483879e-12, 1.73228948547e-11, 2.26975127582e-09, 6.85219170293e-09, 1.6630593791e-06, 1.09075017463e-06, 1.69362756424e-05, 2.4984326501e-06, 1.20297445392e-05, 1.97579338419e-05, 4.85159353047e-06, 1.40933479997e-05, 1.17163244795e-05, 5.02325110574e-06, 2.13202110899e-05, 2.09341919799e-06, 2.80842300526e-06, 2.0026125469e-07, 9.9705587786e-08, 1.17916929554e-08, 5.24386978284e-10, 5.34709637678e-11, 1.05809527806e-11, 1.3528850349e-12, 1.34459663455e-13]
    },
    "erbbands": {
        "dmean": [0.000347979454091, 0.00257170479745, 0.00371115398593, 0.00651387218386, 0.0402748622, 0.119364142418, 0.176399841905, 0.30120408535, 3.3915746212, 11.703371048, 8.44554615021, 42.2169380188, 20.0276908875, 81.584236145, 75.082824707, 108.013954163, 57.3011322021, 64.6607894897, 136.113708496, 144.323699951, 77.6850662231, 150.86857605, 73.3520965576, 46.0269126892, 41.8455657959, 14.4401388168, 8.39321041107, 5.91484308243, 2.30079388618, 1.021697402, 0.482520878315, 0.187061876059, 0.0801449865103, 0.0294676087797, 0.0139932688326, 0.00504971016198, 0.00139400176704, 0.000315786688589, 5.07976947119e-05, 2.26663250942e-05],
        "dmean2": [0.000598291284405, 0.00451331213117, 0.00660204421729, 0.0118183791637, 0.0738026797771, 0.223461061716, 0.323766320944, 0.512162566185, 6.27187776566, 20.5590896606, 14.7924976349, 74.5981140137, 35.21434021, 148.121582031, 137.346801758, 193.730178833, 104.261482239, 113.862869263, 245.69821167, 262.565704346, 140.108551025, 277.145172119, 131.29776001, 83.1586914062, 76.941444397, 25.997341156, 15.3161478043, 10.9511766434, 4.35523557663, 1.89695072174, 0.885815083981, 0.345243662596, 0.148330718279, 0.0542204342782, 0.0257955025882, 0.00939122028649, 0.00261171883903, 0.000583198387176, 9.10795133677e-05, 4.01103679906e-05],
        "dvar": [3.44679875752e-07, 1.5458341295e-05, 2.18818786379e-05, 9.32081093197e-05, 0.00464104488492, 0.0535104908049, 0.314473032951, 1.80117869377, 414.697998047, 943.570251465, 294.589202881, 14428.9951172, 1753.32263184, 9580.57617188, 9317.14550781, 57582.0351562, 7511.12597656, 9937.86230469, 49929.1484375, 38450.7226562, 13446.5625, 104292.390625, 12542.0126953, 6607.37109375, 9633.32519531, 406.967376709, 174.633071899, 491.984069824, 58.2153511047, 4.50327157974, 0.427834182978, 0.0536968111992, 0.016977827996, 0.00219345907681, 0.000841767061502, 7.51999541535e-05, 4.32285696661e-06, 2.11627025237e-07, 5.61937785193e-09, 3.25288879166e-10],
        "dvar2": [9.01632802197e-07, 4.324978363e-05, 6.38751298538e-05, 0.000262167857727, 0.0127107426524, 0.15300925076, 0.901605665684, 4.95489501953, 1201.26135254, 2417.9831543, 773.947875977, 37220.8828125, 4555.57958984, 26121.5273438, 26195.359375, 159228.265625, 19988.5273438, 25531.0175781, 123993.0625, 106634.046875, 38042.0585938, 262482.90625, 32743.1601562, 20480.9609375, 27636.5957031, 1073.75646973, 511.171081543, 1403.13781738, 173.181427002, 12.9305915833, 1.26033699512, 0.157558992505, 0.0486690476537, 0.00652276584879, 0.00248272623867, 0.000220008325414, 1.23646377688e-05, 5.58931333217e-07, 1.39745459649e-08, 7.94581567209e-10],
        "max": [0.00788351148367, 0.0471121929586, 0.0444027669728, 0.0633580833673, 0.556326448917, 2.37845540047, 6.95827436447, 14.9054098129, 283.672668457, 278.376739502, 138.074249268, 1327.68676758, 397.326629639, 476.814025879, 511.623199463, 2060.07495117, 545.229797363, 904.451782227, 1809.29736328, 1345.07678223, 859.70111084, 2810.21533203, 936.610473633, 773.470275879, 803.25378418, 176.176086426, 113.337684631, 259.000976562, 95.7682342529, 17.1682949066, 5.26566362381, 1.54457855225, 1.18873858452, 0.474766671658, 0.330686211586, 0.0804963335395, 0.0146599588916, 0.00334594259039, 0.000724312209059, 0.000107216445031],
        "mean": [0.000340797589161, 0.00235904287547, 0.00330594042316, 0.00483050569892, 0.0295886285603, 0.0836621671915, 0.127752348781, 0.234701901674, 2.25887322426, 9.54479694366, 6.60748052597, 30.8250656128, 16.3211688995, 66.0692214966, 59.7818756104, 76.0705947876, 44.0023384094, 56.6885604858, 117.542381287, 114.691101074, 63.513343811, 110.253738403, 58.9912147522, 35.5703353882, 30.3031864166, 11.7743349075, 6.7298283577, 4.14199209213, 1.56434893608, 0.730433225632, 0.360866695642, 0.142928928137, 0.0569318756461, 0.0212812572718, 0.00977359432727, 0.00354866404086, 0.00100967567414, 0.000237753789406, 4.03881640523e-05, 2.29477882385e-05],
        "median": [0.000205707663554, 0.00115631986409, 0.00179517001379, 0.00198253523558, 0.00819547194988, 0.0215052533895, 0.034807190299, 0.0347277224064, 0.280612945557, 1.09470999241, 0.933490931988, 3.2810754776, 4.55121421814, 20.1474494934, 19.6949882507, 11.7662830353, 8.50688552856, 18.6827201843, 34.9906921387, 40.7944564819, 29.7074737549, 28.3148918152, 20.093536377, 12.5282831192, 8.78910636902, 4.07287311554, 2.87567901611, 1.15004730225, 0.445982724428, 0.229019373655, 0.127507999539, 0.051641471684, 0.0199565775692, 0.00740235112607, 0.0022208513692, 0.000695585273206, 0.000220168803935, 5.6598604715e-05, 1.56453934324e-05, 1.6491228962e-05],
        "min": [1.41848624935e-06, 2.23907954933e-05, 1.49321085701e-05, 3.6228018871e-05, 0.000129199630464, 0.000205458389246, 0.000349961832399, 0.000288859591819, 0.00191518582869, 0.00572521938011, 0.00312927924097, 0.0362183451653, 0.0612995922565, 0.246945083141, 0.472073346376, 0.296238154173, 0.241820648313, 0.231675118208, 0.979510009289, 1.31187999249, 0.708041369915, 0.504080355167, 0.257335811853, 0.162647277117, 0.163441956043, 0.0762149766088, 0.050734333694, 0.0121466293931, 0.00690761161968, 0.00285495305434, 0.0023277590517, 0.000733314373065, 0.00011369267304, 5.89905248489e-05, 5.6636185036e-05, 3.05515495711e-05, 1.66595164046e-05, 4.72049896416e-06, 7.61193177823e-07, 6.07144556852e-07],
        "var": [2.89137801701e-07, 1.20360882647e-05, 1.87679033843e-05, 6.62965176161e-05, 0.00390928378329, 0.0358689315617, 0.190068528056, 1.22141909599, 236.423065186, 786.561767578, 237.916091919, 11709.0996094, 1400.23291016, 9002.42773438, 7843.66113281, 40772.2617188, 6268.06445312, 8780.52734375, 52661.9960938, 31510.5019531, 10235.5976562, 82047.1328125, 10613.9150391, 4820.41796875, 6082.4375, 377.315582275, 128.641891479, 292.851165771, 32.3304786682, 3.20536708832, 0.332561761141, 0.0438110530376, 0.0116236340255, 0.0015061533777, 0.000550690980162, 5.10346617375e-05, 3.17287572216e-06, 1.68884895402e-07, 4.66093474927e-09, 4.34949243289e-10]
    },
    "gfcc": {
        "mean": [-103.681686401, 52.993637085, -234.454238892, -0.208902969956, -41.3465614319, 4.7717256546, -12.9146976471, 10.6100635529, -8.08511257172, -2.22975730896, -9.52548503876, 0.0529256910086, -2.09884548187],
        "cov": [[4600.59423828, -871.404052734, 93.637588501, 303.505859375, -18.3987140656, 216.062042236, -309.939758301, -87.4715499878, -334.49319458, -241.9425354, -129.440582275, -145.027069092, -18.8721656799], [-871.404052734, 990.118286133, 12.4621143341, -455.529602051, -185.552398682, -251.279388428, 9.51251029968, -26.7726535797, 227.797927856, 114.890792847, 132.665115356, -23.6356563568, 6.83371448517], [93.637588501, 12.4621143341, 201.58656311, 43.874130249, -41.3819999695, 16.094165802, -50.3463401794, -12.6271314621, -48.794216156, 8.10434246063, -20.1516208649, 33.2682342529, -15.4635648727], [303.505859375, -455.529602051, 43.874130249, 388.841033936, 153.653060913, 147.268753052, 21.8336620331, -3.07352209091, -134.348922729, -68.9637985229, -62.0295677185, 20.3618106842, -5.2735953331], [-18.3987140656, -185.552398682, -41.3819999695, 153.653060913, 203.55039978, 117.38066864, 88.9861068726, 43.9328536987, -40.7082557678, -60.58776474, -35.7666664124, 17.9137191772, 25.3486862183], [216.062042236, -251.279388428, 16.094165802, 147.268753052, 117.38066864, 185.147827148, 67.741355896, 27.3984184265, -80.6175231934, -56.2813186646, -47.1712913513, -0.511590123177, 15.051566124], [-309.939758301, 9.51251029968, -50.3463401794, 21.8336620331, 88.9861068726, 67.741355896, 144.786987305, 58.1122589111, 22.6221885681, -18.3856124878, -15.9867601395, 3.85117673874, 28.1153926849], [-87.4715499878, -26.7726535797, -12.6271314621, -3.07352209091, 43.9328536987, 27.3984184265, 58.1122589111, 108.724769592, 44.1152496338, -11.7541475296, -29.6498889923, 2.58405685425, 31.1930904388], [-334.49319458, 227.797927856, -48.794216156, -134.348922729, -40.7082557678, -80.6175231934, 22.6221885681, 44.1152496338, 175.543609619, 95.4535064697, 30.3134822845, -24.8596248627, -6.58709478378], [-241.9425354, 114.890792847, 8.10434246063, -68.9637985229, -60.58776474, -56.2813186646, -18.3856124878, -11.7541475296, 95.4535064697, 156.244369507, 63.02684021, -6.93882274628, -56.6364021301], [-129.440582275, 132.665115356, -20.1516208649, -62.0295677185, -35.7666664124, -47.1712913513, -15.9867601395, -29.6498889923, 30.3134822845, 63.02684021, 131.770614624, 38.3461456299, -38.1288909912], [-145.027069092, -23.6356563568, 33.2682342529, 20.3618106842, 17.9137191772, -0.511590123177, 3.85117673874, 2.58405685425, -24.8596248627, -6.93882274628, 38.3461456299, 118.960327148, 23.0376796722], [-18.8721656799, 6.83371448517, -15.4635648727, -5.2735953331, 25.3486862183, 15.051566124, 28.1153926849, 31.1930904388, -6.58709478378, -56.6364021301, -38.1288909912, 23.0376796722, 122.270973206]],
        "icov": [[0.000400608143536, 0.000342023471603, -0.000169410530361, 0.000166722835274, 8.83598986547e-05, -0.000484127085656, 0.000997688039206, -5.76770216867e-05, -9.32899929467e-05, 0.000661184662022, -0.000484998279717, 0.000729808176402, -0.000132447908982], [0.000342023471603, 0.00565946707502, -0.00529131572694, 0.00433032913134, -0.00153415917885, 0.00415149936453, -0.00393356848508, 0.0041281003505, -0.00435508787632, 0.00339259440079, -0.00492889992893, 0.00383233674802, -0.00200982578099], [-0.000169410530361, -0.00529131572694, 0.0126786800101, -0.00456787040457, 0.00426476728171, -0.00595225906, 0.00620663817972, -0.00528157735243, 0.00596762355417, -0.0050557940267, 0.00744441896677, -0.00680976640433, 0.00302899279632], [0.000166722835274, 0.00433032913134, -0.00456787040457, 0.00894646253437, -0.00498134596273, 0.0020509629976, -0.00209042523056, 0.00338827492669, -0.000425285776146, 0.00103552697692, -0.00204543280415, 0.00231542950496, -0.000628961191978], [8.83598986547e-05, -0.00153415917885, 0.00426476728171, -0.00498134596273, 0.0134885953739, -0.00564804626629, -0.0018036365509, -0.0024021260906, -0.00074483116623, 0.00183227192611, 0.00139574916102, -0.00321303983219, 0.0011995510431], [-0.000484127085656, 0.00415149936453, -0.00595225906, 0.0020509629976, -0.00564804626629, 0.0178593862802, -0.00969651062042, 0.00152273755521, 0.00259588682093, -0.000264583562966, -0.00294097908773, 0.00460412586108, -0.00192476657685], [0.000997688039206, -0.00393356848508, 0.00620663817972, -0.00209042523056, -0.0018036365509, -0.00969651062042, 0.0202049016953, -0.00709089776501, 0.0011188123608, -0.000755523040425, 0.0027126846835, -0.00204134616069, 0.000740053132176], [-5.76770216867e-05, 0.0041281003505, -0.00528157735243, 0.00338827492669, -0.0024021260906, 0.00152273755521, -0.00709089776501, 0.0193442348391, -0.0106537146494, 0.00485312473029, -0.000795684929471, 0.000611232884694, -0.00244463421404], [-9.32899929467e-05, -0.00435508787632, 0.00596762355417, -0.000425285776146, -0.00074483116623, 0.00259588682093, 0.0011188123608, -0.0106537146494, 0.022393329069, -0.0129796573892, 0.00437022186816, 0.000303568987874, -0.000239323853748], [0.000661184662022, 0.00339259440079, -0.0050557940267, 0.00103552697692, 0.00183227192611, -0.000264583562966, -0.000755523040425, 0.00485312473029, -0.0129796573892, 0.0187045112252, -0.00746575510129, 0.00255091115832, 0.00306204147637], [-0.000484998279717, -0.00492889992893, 0.00744441896677, -0.00204543280415, 0.00139574916102, -0.00294097908773, 0.0027126846835, -0.000795684929471, 0.00437022186816, -0.00746575510129, 0.0187792014331, -0.0101897502318, 0.00525905424729], [0.000729808176402, 0.00383233674802, -0.00680976640433, 0.00231542950496, -0.00321303983219, 0.00460412586108, -0.00204134616069, 0.000611232884694, 0.000303568987874, 0.00255091115832, -0.0101897502318, 0.0166985206306, -0.00557597260922], [-0.000132447908982, -0.00200982578099, 0.00302899279632, -0.000628961191978, 0.0011995510431, -0.00192476657685, 0.000740053132176, -0.00244463421404, -0.000239323853748, 0.00306204147637, 0.00525905424729, -0.00557597260922, 0.0131641672924]]
    },
    "melbands": {
        "dmean": [3.1714821489e-06, 2.45630053541e-06, 1.78966445219e-06, 5.84664803682e-06, 6.04300612395e-06, 6.84537189954e-06, 5.84718000027e-05, 0.000129116087919, 9.04495900613e-05, 0.000271322205663, 9.21634491533e-05, 0.000318801874528, 0.000316452613333, 0.000287632778054, 0.000148162434925, 0.000156503621838, 0.000120240634715, 0.000246976356721, 0.000236069317907, 0.000161500851391, 7.29986495571e-05, 0.000140041855047, 0.000123108213302, 4.64765580546e-05, 3.67572138202e-05, 4.59115653939e-05, 1.445671478e-05, 8.30859607959e-06, 7.13016515874e-06, 3.09930283038e-06, 3.26030567521e-06, 1.23647282635e-06, 7.92241110048e-07, 5.10556617428e-07, 3.11174687795e-07, 1.72215166572e-07, 9.23690919308e-08, 6.46064108878e-08, 2.94433917247e-08, 2.31743211287e-08],
        "dmean2": [5.48560228708e-06, 4.34804906035e-06, 3.26648660121e-06, 1.07586820377e-05, 1.11081080831e-05, 1.17417794172e-05, 0.000108245541924, 0.000226610136451, 0.000160322291777, 0.00047823463683, 0.000163512610015, 0.000579437299166, 0.000581573462114, 0.000520676490851, 0.000266078131972, 0.000285890389932, 0.000211505786865, 0.0004436110612, 0.00043381031719, 0.000292849203106, 0.000131746171974, 0.000258254876826, 0.000224314484512, 8.28695410746e-05, 6.66610430926e-05, 8.39033164084e-05, 2.66310635197e-05, 1.51895246745e-05, 1.30278431243e-05, 5.71437476538e-06, 6.1013092818e-06, 2.35548554883e-06, 1.49410880113e-06, 9.49457273691e-07, 5.71855139242e-07, 3.15561464959e-07, 1.71525599058e-07, 1.19764038686e-07, 5.42921476665e-08, 4.27351345422e-08],
        "dvar": [2.73351584423e-11, 1.11716625534e-11, 7.60179679621e-12, 1.05945315021e-10, 3.13880921254e-10, 9.73205960264e-10, 1.06220376495e-07, 1.12631092009e-07, 5.83838932755e-08, 5.94928906139e-07, 4.11838954051e-08, 1.47823172369e-07, 2.36027489109e-07, 3.58983356818e-07, 9.33477366516e-08, 8.31889792607e-08, 4.37566285427e-08, 2.2119091625e-07, 1.18651030334e-07, 4.80584390061e-08, 1.31429160888e-08, 9.23667400343e-08, 4.44446612846e-08, 7.20737913795e-09, 6.13578166053e-09, 1.23127117391e-08, 6.92975676841e-10, 2.12919792908e-10, 1.79717310478e-10, 6.20142479035e-11, 2.02340047495e-10, 1.67859059985e-11, 8.73167510518e-12, 1.30331737156e-12, 2.10710802647e-13, 6.21290060956e-14, 1.5215547599e-14, 1.41636944618e-14, 2.12969811566e-15, 1.51956726062e-15],
        "dvar2": [7.34871330454e-11, 3.1901314923e-11, 2.1602023989e-11, 2.95145602403e-10, 8.9909901746e-10, 2.64188426691e-09, 3.07842611846e-07, 2.84563498099e-07, 1.58202510647e-07, 1.52279415033e-06, 1.06997326554e-07, 3.96587012119e-07, 6.77652622016e-07, 9.88385295386e-07, 2.59373734934e-07, 2.27461868008e-07, 1.14848148769e-07, 5.46722844774e-07, 3.33498860527e-07, 1.3193265147e-07, 3.75706790123e-08, 2.29307545396e-07, 1.17379137521e-07, 1.90884836826e-08, 1.92220497297e-08, 3.52034064122e-08, 1.95342564346e-09, 5.81114323328e-10, 5.22230925171e-10, 1.72460962178e-10, 5.79027215064e-10, 4.97693726509e-11, 2.64163586838e-11, 3.57395406672e-12, 6.2482912724e-13, 1.81485428357e-13, 4.5119280084e-14, 4.07131502177e-14, 6.27428305437e-15, 4.51501086952e-15],
        "max": [6.89711450832e-05, 3.77126161766e-05, 2.02680530492e-05, 8.79194049048e-05, 0.000222186077735, 0.000315673649311, 0.00454765325412, 0.00317837647162, 0.00206108763814, 0.00893185287714, 0.00200349558145, 0.00205275439657, 0.00264974590391, 0.00536076072603, 0.00199471972883, 0.00211204891093, 0.0022904316429, 0.00380168878473, 0.00257029989734, 0.00122283468954, 0.000800203997642, 0.00268679391593, 0.00150356022641, 0.00066343328217, 0.000754625303671, 0.000907430425286, 0.000267758849077, 0.000130684435135, 0.000118435338663, 7.75999214966e-05, 0.000169681952684, 4.61571580672e-05, 4.09484746342e-05, 1.04324881249e-05, 3.51079256689e-06, 1.75769173438e-06, 8.15327496184e-07, 1.05579965748e-06, 3.94369465084e-07, 3.97559489329e-07],
        "mean": [3.13507121064e-06, 2.27796385843e-06, 1.31063541176e-06, 4.20969399784e-06, 4.36773279944e-06, 5.17034459335e-06, 3.93223308492e-05, 0.000105912338768, 6.50411675451e-05, 0.000198406021809, 7.4867530202e-05, 0.000258061219938, 0.000242295325734, 0.000204812196898, 0.000106363062514, 0.000114329726784, 0.000100805133116, 0.000203201168915, 0.000178864240297, 0.000123850259115, 5.80460946367e-05, 0.000102384939964, 9.10950257094e-05, 3.65198648069e-05, 2.65315102297e-05, 3.14970566251e-05, 1.10779683382e-05, 6.41204860585e-06, 5.3840280998e-06, 2.35554125538e-06, 2.17349884224e-06, 8.34367313018e-07, 5.51974608243e-07, 3.53990941449e-07, 2.24371802915e-07, 1.28712997594e-07, 6.72063649176e-08, 4.46697612233e-08, 2.14862705405e-08, 1.63186761881e-08],
        "median": [1.85427938959e-06, 1.20305162454e-06, 4.84740780848e-07, 1.20065328701e-06, 1.21824859889e-06, 7.64557171351e-07, 5.06457308802e-06, 1.23395657283e-05, 7.47468857298e-06, 2.1817148081e-05, 1.88194626389e-05, 7.29542371118e-05, 7.29910098016e-05, 2.8070389817e-05, 1.78458158189e-05, 1.6342903109e-05, 2.83830868284e-05, 3.81283462048e-05, 4.40215917479e-05, 3.5811928683e-05, 1.88872108993e-05, 2.35700535995e-05, 2.21953305299e-05, 8.91870968189e-06, 7.0461883297e-06, 5.75013746129e-06, 3.09230563289e-06, 2.06046661333e-06, 1.74254500962e-06, 7.16563931746e-07, 4.92705225952e-07, 2.22667139838e-07, 1.67216995806e-07, 9.06815174062e-08, 6.51539409091e-08, 4.2988226312e-08, 2.22793552496e-08, 1.44396192781e-08, 8.31350277508e-09, 4.9493982246e-09],
        "min": [2.50883935848e-08, 1.55794310785e-08, 6.14765616191e-09, 1.88358377784e-08, 1.61103059781e-08, 6.57216503441e-09, 3.01704083938e-08, 4.38557385962e-08, 1.81229200535e-08, 2.24443823527e-07, 2.30826486813e-07, 4.01407419304e-07, 9.7126280707e-07, 3.55668333896e-07, 2.24536449878e-07, 2.92863802542e-07, 2.61863391415e-07, 4.36797648717e-07, 6.40113967165e-07, 1.17116087495e-06, 1.94315447288e-07, 4.26483808269e-07, 3.74043054308e-07, 1.44882889686e-07, 8.3205627277e-08, 6.37830552819e-08, 4.61852778244e-08, 3.61293253093e-08, 2.16058246849e-08, 1.05185584687e-08, 5.08211961403e-09, 3.90333454448e-09, 2.36500308226e-09, 1.33704103344e-09, 1.30067923099e-09, 4.7361897737e-10, 3.03295361048e-10, 6.66270441596e-11, 5.00781291435e-11, 4.54259789506e-11],
        "var": [2.21371913856e-11, 9.20770144158e-12, 5.29532580978e-12, 8.63663654482e-11, 1.90015753132e-10, 6.64041488463e-10, 6.07351040571e-08, 9.64376170032e-08, 4.09397458156e-08, 4.91169657835e-07, 3.19970148155e-08, 1.41866735248e-07, 1.80517176318e-07, 2.63501021891e-07, 6.44521591653e-08, 6.23743758865e-08, 3.66084158543e-08, 2.24104553581e-07, 9.22005014559e-08, 3.88703043086e-08, 1.02427968329e-08, 7.35517744488e-08, 3.51147413369e-08, 5.88424731163e-09, 4.15977163826e-09, 7.86708209688e-09, 4.97008878497e-10, 1.65415917075e-10, 1.21586449242e-10, 4.25042188945e-11, 1.17751405848e-10, 9.50237631636e-12, 4.75338041497e-12, 8.93467428948e-13, 1.52395199867e-13, 4.80042438092e-14, 1.1369491164e-14, 9.16379958162e-15, 1.48136247481e-15, 1.01056917486e-15]
    },
    "mfcc": {
        "mean": [-717.547973633, 90.4043655396, -114.589668274, -4.54201984406, -18.3686218262, -1.45537805557, -1.01633071899, 11.8423957825, 8.12849998474, 8.31649684906, -2.35999441147, 1.77923583984, 3.58736562729],
        "cov": [[4430.92529297, -757.081237793, 57.0022125244, 81.0655212402, 140.859069824, 142.343948364, -6.81202030182, 53.2169189453, -206.872375488, -49.931022644, -203.022720337, -180.122940063, -250.749786377], [-757.081237793, 972.70526123, 50.6370658875, -250.953689575, -181.190750122, -228.671676636, -190.705703735, -172.533203125, 2.82351136208, 19.4918746948, 94.790725708, 164.372390747, 116.047088623], [57.0022125244, 50.6370658875, 196.925628662, 4.48582410812, -13.1763954163, -20.7914924622, -36.6879959106, -50.7255935669, -42.0771636963, -32.590297699, -4.00891876221, 10.951965332, -12.5894584656], [81.0655212402, -250.953689575, 4.48582410812, 183.111022949, 73.2681427002, 85.0904541016, 59.2541694641, 49.9013900757, -1.30551016331, -11.8259563446, -11.993768692, -56.2417259216, -43.7730865479], [140.859069824, -181.190750122, -13.1763954163, 73.2681427002, 114.2840271, 62.3191871643, 63.009727478, 71.3613357544, 5.37462568283, -0.996041893959, -39.6974906921, -49.5385284424, -24.099029541], [142.343948364, -228.671676636, -20.7914924622, 85.0904541016, 62.3191871643, 164.255599976, 103.847518921, 50.1706161499, -6.26971721649, -18.0488510132, 0.429085940123, -26.6053390503, -49.233631134], [-6.81202030182, -190.705703735, -36.6879959106, 59.2541694641, 63.009727478, 103.847518921, 176.161651611, 112.71006012, 7.94106912613, -16.6748523712, -30.0026111603, -52.8345222473, -35.5112075806], [53.2169189453, -172.533203125, -50.7255935669, 49.9013900757, 71.3613357544, 50.1706161499, 112.71006012, 210.288909912, 62.8747367859, -0.111028835177, -92.5251312256, -91.4150543213, -21.3885364532], [-206.872375488, 2.82351136208, -42.0771636963, -1.30551016331, 5.37462568283, -6.26971721649, 7.94106912613, 62.8747367859, 183.954376221, 68.2963867188, -32.9021339417, -39.5564727783, 0.296968340874], [-49.931022644, 19.4918746948, -32.590297699, -11.8259563446, -0.996041893959, -18.0488510132, -16.6748523712, -0.111028835177, 68.2963867188, 159.873626709, 21.0890846252, -81.6123123169, -50.5173988342], [-203.022720337, 94.790725708, -4.00891876221, -11.993768692, -39.6974906921, 0.429085940123, -30.0026111603, -92.5251312256, -32.9021339417, 21.0890846252, 215.561935425, 133.758895874, -18.4004993439], [-180.122940063, 164.372390747, 10.951965332, -56.2417259216, -49.5385284424, -26.6053390503, -52.8345222473, -91.4150543213, -39.5564727783, -81.6123123169, 133.758895874, 257.875732422, 108.374717712], [-250.749786377, 116.047088623, -12.5894584656, -43.7730865479, -24.099029541, -49.233631134, -35.5112075806, -21.3885364532, 0.296968340874, -50.5173988342, -18.4004993439, 108.374717712, 188.667816162]],
