{
"lowlevel": {
    "average_loudness": 0.987600624561,
    "barkbands_crest": {
        "dmean": 2.75231981277,
        "dmean2": 4.67156791687,
        "dvar": 4.74290180206,
        "dvar2": 13.3221731186,
        "max": 17.1436710358,
        "mean": 7.87929677963,
        "median": 7.22188711166,
        "min": 3.04253053665,
        "var": 8.3686466217
    },
    "barkbands_flatness_db": {
        "dmean": 0.0161988418549,
        "dmean2": 0.0270599257201,
        "dvar": 0.000164258890436,
        "dvar2": 0.000496524269693,
        "max": 0.212918967009,
        "mean": 0.150014027953,
        "median": 0.148305401206,
        "min": 0.0871269330382,
        "var": 0.000287213828415
    },
    "barkbands_kurtosis": {
        "dmean": 0.806652009487,
        "dmean2": 1.37289464474,
        "dvar": 0.962681949139,
        "dvar2": 2.7934114933,
        "max": 6.55741119385,
        "mean": -0.6633284688,
        "median": -0.934040784836,
        "min": -1.67077708244,
        "var": 1.05943548679
    },
    "barkbands_skewness": {
        "dmean": 0.42632612586,
        "dmean2": 0.704777598381,
        "dvar": 0.109519071877,
        "dvar2": 0.323203325272,
        "max": 2.69541692734,
        "mean": 0.79985076189,
        "median": 0.784720361233,
        "min": -0.306817978621,
        "var": 0.222130268812
    },
    "barkbands_spread": {
        "dmean": 5.55801820755,
        "dmean2": 9.37324428558,
        "dvar": 16.379322052,
        "dvar2": 48.2707252502,
        "max": 48.4373931885,
        "mean": 35.3732833862,
        "median": 35.6149101257,
        "min": 14.6835823059,
        "var": 37.4167861938
    },
    "dissonance": {
        "dmean": 0.00636876327917,
        "dmean2": 0.0107920505106,
        "dvar": 4.23820820288e-05,
        "dvar2": 8.69275609148e-05,
        "max": 0.499541819096,
        "mean": 0.488977611065,
        "median": 0.490223318338,
        "min": 0.416525155306,
        "var": 5.86054156884e-05
    },
    "dynamic_complexity": 0.725217819214,
    "erbbands_crest": {
        "dmean": 1.57656896114,
        "dmean2": 2.729129076,
        "dvar": 2.17066049576,
        "dvar2": 6.31964063644,
        "max": 14.5757274628,
        "mean": 6.52062129974,
        "median": 6.21273612976,
        "min": 3.75844979286,
        "var": 2.43727302551
    },
    "erbbands_flatness_db": {
        "dmean": 0.00933769438416,
        "dmean2": 0.0151774706319,
        "dvar": 5.88655857428e-05,
        "dvar2": 0.00013097980991,
        "max": 0.238843843341,
        "mean": 0.20822545886,
        "median": 0.208400174975,
        "min": 0.123535968363,
        "var": 0.000136378614116
    },
    "erbbands_kurtosis": {
        "dmean": 0.841465055943,
        "dmean2": 1.425547719,
        "dvar": 0.501860678196,
        "dvar2": 1.48511338234,
        "max": 5.56142807007,
        "mean": 0.539561331272,
        "median": 0.468712806702,
        "min": -1.21500432491,
        "var": 0.856432795525
    },
    "erbbands_skewness": {
        "dmean": 0.23900732398,
        "dmean2": 0.391900002956,
        "dvar": 0.0370971746743,
        "dvar2": 0.11785069108,
        "max": -0.0997645482421,
        "mean": -1.02110993862,
        "median": -1.01610732079,
        "min": -1.94355130196,
        "var": 0.0612883269787
    },
    "erbbands_spread": {
        "dmean": 7.41121959686,
        "dmean2": 12.3782367706,
        "dvar": 26.6744976044,
        "dvar2": 78.4612197876,
        "max": 57.5516014099,
        "mean": 34.1282043457,
        "median": 33.1259040833,
        "min": 17.1482257843,
        "var": 62.490020752
    },
    "hfc": {
        "dmean": 5.90215301514,
        "dmean2": 8.91826915741,
        "dvar": 29.242893219,
        "dvar2": 72.1808013916,
        "max": 64.0378112793,
        "mean": 30.8982830048,
        "median": 30.488861084,
        "min": 0.935605883598,
        "var": 91.9463043213
    },
    "melbands_crest": {
        "dmean": 3.58366703987,
        "dmean2": 6.14960670471,
        "dvar": 7.42295789719,
        "dvar2": 22.1720485687,
        "max": 24.0365695953,
        "mean": 12.8707227707,
        "median": 12.3144397736,
        "min": 4.87863636017,
        "var": 11.6752538681
    },
    "melbands_flatness_db": {
        "dmean": 0.0234962664545,
        "dmean2": 0.0398732163012,
        "dvar": 0.000343309046002,
        "dvar2": 0.000988638959825,
        "max": 0.29299557209,
        "mean": 0.201359659433,
        "median": 0.199681699276,
        "min": 0.140469789505,
        "var": 0.000660955905914
    },
    "melbands_kurtosis": {
        "dmean": 3.26812839508,
        "dmean2": 5.6082201004,
        "dvar": 11.3235673904,
        "dvar2": 32.246131897,
        "max": 27.9482898712,
        "mean": 4.63644075394,
        "median": 4.01634883881,
        "min": -0.792795658112,
        "var": 14.9505500793
    },
    "melbands_skewness": {
        "dmean": 0.61038339138,
        "dmean2": 1.02699923515,
        "dvar": 0.246536284685,
        "dvar2": 0.71751254797,
        "max": 4.9438290596,
        "mean": 2.22563815117,
        "median": 2.20265865326,
        "min": 0.668921172619,
        "var": 0.44954764843
    },
    "melbands_spread": {
        "dmean": 10.2812538147,
        "dmean2": 16.99518013,
        "dvar": 58.5225334167,
        "dvar2": 171.471862793,
        "max": 69.4664840698,
        "mean": 36.9587135315,
        "median": 35.507484436,
        "min": 9.41937065125,
        "var": 130.463104248
    },
    "pitch_salience": {
        "dmean": 0.0590860359371,
        "dmean2": 0.0979864001274,
        "dvar": 0.00232146610506,
        "dvar2": 0.00680354237556,
        "max": 0.839165687561,
        "mean": 0.617756187916,
        "median": 0.619490504265,
        "min": 0.341795742512,
        "var": 0.00442376406863
    },
    "silence_rate_20dB": {
        "dmean": 0,
        "dmean2": 0,
        "dvar": 0,
        "dvar2": 0,
        "max": 1,
        "mean": 1,
        "median": 1,
        "min": 1,
        "var": 0
    },
    "silence_rate_30dB": {
        "dmean": 0,
        "dmean2": 0,
        "dvar": 0,
        "dvar2": 0,
        "max": 1,
        "mean": 1,
        "median": 1,
        "min": 1,
        "var": 0
    },
    "silence_rate_60dB": {
        "dmean": 0,
        "dmean2": 0,
        "dvar": 0,
        "dvar2": 0,
        "max": 0,
        "mean": 0,
        "median": 0,
        "min": 0,
        "var": 0
    },
    "spectral_centroid": {
        "dmean": 259.313354492,
        "dmean2": 437.311553955,
        "dvar": 39053.6328125,
        "dvar2": 109909.125,
        "max": 2741.60375977,
        "mean": 2061.76269531,
        "median": 2085.66308594,
        "min": 1216.80053711,
        "var": 97890.6640625
    },
    "spectral_complexity": {
        "dmean": 4.01249980927,
        "dmean2": 6.34728050232,
        "dvar": 15.8623371124,
        "dvar2": 29.1053447723,
        "max": 53,
        "mean": 39.195022583,
        "median": 40,
        "min": 2,
        "var": 33.7088432312
    },
    "spectral_decrease": {
        "dmean": 2.14378226282e-09,
        "dmean2": 3.60864538251e-09,
        "dvar": 2.43204914007e-18,
        "dvar2": 7.20103323029e-18,
        "max": -3.39069161637e-10,
        "mean": -8.21527734729e-09,
        "median": -8.21856627198e-09,
        "min": -1.44073384334e-08,
        "var": 4.1077892617e-18
    },
    "spectral_energy": {
        "dmean": 0.00835354719311,
        "dmean2": 0.0140357771888,
        "dvar": 3.66536187357e-05,
        "dvar2": 0.000107160471089,
        "max": 0.0576661080122,
        "mean": 0.0338088832796,
        "median": 0.0335563756526,
        "min": 0.00136458908673,
        "var": 6.50286747259e-05
    },
    "spectral_energyband_high": {
        "dmean": 0.000317314901622,
        "dmean2": 0.000474990432849,
        "dvar": 8.62933902113e-08,
        "dvar2": 2.21470941142e-07,
        "max": 0.00335814245045,
        "mean": 0.00091520434944,
        "median": 0.000815373321529,
        "min": 2.4256280085e-05,
        "var": 2.84381087567e-07
    },
    "spectral_energyband_low": {
        "dmean": 0.00573722133413,
        "dmean2": 0.0101283974946,
        "dvar": 2.17331435124e-05,
        "dvar2": 5.50208860659e-05,
        "max": 0.0434435643256,
        "mean": 0.0109015731141,
        "median": 0.00954436138272,
        "min": 0.00051888555754,
        "var": 4.28274215665e-05
    },
    "spectral_energyband_middle_high": {
        "dmean": 0.00242928718217,
        "dmean2": 0.00383573607542,
        "dvar": 4.18289846493e-06,
        "dvar2": 1.01348741737e-05,
        "max": 0.0248216520995,
        "mean": 0.0104164080694,
        "median": 0.00968500133604,
        "min": 0.000227207958233,
        "var": 1.46216279973e-05
    },
    "spectral_energyband_middle_low": {
        "dmean": 0.00593138998374,
        "dmean2": 0.00983897875994,
        "dvar": 2.18870027311e-05,
        "dvar2": 6.43211096758e-05,
        "max": 0.040913682431,
        "mean": 0.0131493713707,
        "median": 0.0115906717256,
        "min": 0.000705597165506,
        "var": 4.06168292102e-05
    },
    "spectral_entropy": {
        "dmean": 0.0654793530703,
        "dmean2": 0.111248582602,
        "dvar": 0.00238874228671,
        "dvar2": 0.00721938861534,
        "max": 7.85494852066,
        "mean": 7.60050773621,
        "median": 7.61058807373,
        "min": 7.41311883926,
        "var": 0.0044253882952
    },
    "spectral_flux": {
        "dmean": 0.0171152669936,
        "dmean2": 0.0284157264978,
        "dvar": 0.00018628804537,
        "dvar2": 0.000466040830361,
        "max": 0.164390176535,
        "mean": 0.108533680439,
        "median": 0.106126077473,
        "min": 0.0624020807445,
        "var": 0.000339477875968
    },
    "spectral_kurtosis": {
        "dmean": 2.45390701294,
        "dmean2": 4.48717498779,
        "dvar": 3.62104249001,
        "dvar2": 10.0629863739,
        "max": 17.7932987213,
        "mean": 3.69475865364,
        "median": 3.18720531464,
        "min": 0.180712938309,
        "var": 5.68063354492
    },
    "spectral_rms": {
        "dmean": 0.000726548139937,
        "dmean2": 0.00121626397595,
        "dvar": 3.26035916487e-07,
        "dvar2": 8.54262339089e-07,
        "max": 0.00750064104795,
        "mean": 0.00569616490975,
        "median": 0.00572170689702,
        "min": 0.00115382252261,
        "var": 5.37972653092e-07
    },
    "spectral_rolloff": {
        "dmean": 369.56362915,
        "dmean2": 609.596862793,
        "dvar": 131906.46875,
        "dvar2": 371756.15625,
        "max": 3402.24609375,
        "mean": 2279.03491211,
        "median": 2347.11914062,
        "min": 215.33203125,
        "var": 215067.515625
    },
    "spectral_skewness": {
        "dmean": 0.256532967091,
        "dmean2": 0.451478838921,
        "dvar": 0.047142457217,
        "dvar2": 0.111811362207,
        "max": 3.10259652138,
        "mean": 0.642795741558,
        "median": 0.589842557907,
        "min": 0.131194770336,
        "var": 0.0922687277198
    },
    "spectral_spread": {
        "dmean": 160187.28125,
        "dmean2": 261281.234375,
        "dvar": 41312194560,
        "dvar2": 52958187520,
        "max": 5620811,
        "mean": 2422027.5,
        "median": 2402350.5,
        "min": 2053025.625,
        "var": 67950551040
    },
    "spectral_strongpeak": {
        "dmean": 0.247789278626,
        "dmean2": 0.423238813877,
        "dvar": 0.0431264489889,
        "dvar2": 0.118630170822,
        "max": 1.28671014309,
        "mean": 0.390649735928,
        "median": 0.338376432657,
        "min": 0.0183740630746,
        "var": 0.0590213574469
    },
    "zerocrossingrate": {
        "dmean": 0.0071818032302,
        "dmean2": 0.00925282761455,
        "dvar": 2.9950924727e-05,
        "dvar2": 5.29622448084e-05,
        "max": 0.0888671875,
        "mean": 0.0634502246976,
        "median": 0.06396484375,
        "min": 0.0146484375,
        "var": 0.000141986980452
    },
    "barkbands": {
        "dmean": [2.97327096632e-05, 0.0049529611133, 0.00194240745623, 0.00310262735002, 0.00405199546367, 0.000686033046804, 0.000656270480249, 0.000242467824137, 0.000430848100223, 0.000413211586419, 0.000349322450347, 0.000515417254064, 5.32928934263e-05, 0.000550022232346, 0.000411236862419, 0.000894551980309, 0.000984144979157, 0.000314846634865, 0.000451251224149, 0.000343738181982, 0.000150559440954, 1.76838129846e-05, 7.01436590589e-07, 1.77050458205e-06, 1.90007952483e-07, 1.11691328186e-07, 9.42931244197e-09],
        "dmean2": [5.40408218512e-05, 0.00878760963678, 0.00341739971191, 0.00534837599844, 0.00683536147699, 0.00117568194401, 0.00117436016444, 0.000419169547968, 0.000737868074793, 0.00071954872692, 0.000596745114308, 0.000868522794917, 9.25633721636e-05, 0.000943300488871, 0.000717592600267, 0.0015749897575, 0.00164107792079, 0.000524771865457, 0.000729616207536, 0.000558766245376, 0.000242083187914, 2.91091473628e-05, 1.13238706945e-06, 2.83491749542e-06, 3.04287766539e-07, 1.82870635967e-07, 1.47798360217e-08],
        "dvar": [1.00374664136e-09, 1.75921686605e-05, 4.44606575911e-06, 7.87361568655e-06, 1.31788819999e-05, 5.39914879027e-07, 5.85658710861e-07, 6.39205381958e-08, 2.57012686689e-07, 2.2810451128e-07, 1.21425216548e-07, 3.03739312812e-07, 2.2268131783e-09, 3.48871424194e-07, 1.86017857118e-07, 6.61997034967e-07, 1.18505818136e-06, 9.62181943009e-08, 1.37767102615e-07, 9.54520018581e-08, 2.72981317551e-08, 2.96172447678e-10, 6.44292833061e-13, 5.00729319119e-12, 3.67602134713e-14, 7.07384183781e-14, 4.27702849266e-15],
        "dvar2": [3.06270320216e-09, 4.50062434538e-05, 1.27070297822e-05, 2.26221054618e-05, 3.63737308362e-05, 1.44892760545e-06, 1.8156523538e-06, 1.55775737198e-07, 6.66471692057e-07, 6.0617287545e-07, 3.09997801651e-07, 8.47983585572e-07, 6.13129635951e-09, 9.80212917057e-07, 4.40255007561e-07, 1.89252784821e-06, 3.57371754944e-06, 2.43099009367e-07, 3.46674227103e-07, 2.50734444762e-07, 7.00164548562e-08, 7.83504705559e-10, 1.61388773439e-12, 1.27309308928e-11, 8.95318162056e-14, 2.00494568864e-13, 6.18807839375e-15],
        "max": [0.000217640874325, 0.0366151630878, 0.0194811504334, 0.0199219174683, 0.0287085007876, 0.00625746324658, 0.00465646153316, 0.00253356294706, 0.00561018288136, 0.00337102985941, 0.00323553639464, 0.00456738192588, 0.000340070255334, 0.00449396949261, 0.00407557981089, 0.00795171130449, 0.011403455399, 0.00278699002229, 0.0038312447723, 0.00282605690882, 0.00146766379476, 0.000130288361106, 8.29457712825e-06, 1.82271360245e-05, 1.83887675576e-06, 3.44586283063e-06, 7.77329262291e-07],
        "mean": [2.99037383229e-05, 0.00671311048791, 0.00267662038095, 0.00410041166469, 0.00602104887366, 0.00104915932752, 0.000748602789827, 0.000385002786061, 0.000714384601451, 0.00065489456756, 0.000565024383832, 0.000896536570508, 9.68334643403e-05, 0.00109061936382, 0.000817524327431, 0.00187197478954, 0.00210322369821, 0.000736321671866, 0.00113327882718, 0.000978041323833, 0.000376101990696, 4.37529997726e-05, 1.643882797e-06, 4.08838104704e-06, 5.72876501792e-07, 2.31592281352e-07, 2.20450555588e-08],
        "median": [2.03498766496e-05, 0.00544861843809, 0.00201510917395, 0.00298560992815, 0.00425042025745, 0.000796122243628, 0.000472765357699, 0.000276635139016, 0.000583387212828, 0.000475009961519, 0.00046078642481, 0.00074386340566, 8.4312443505e-05, 0.000866802874953, 0.000709033047315, 0.0016764550237, 0.00190467655193, 0.000635241623968, 0.00102584762499, 0.000906023080461, 0.000311081210384, 3.67952488887e-05, 1.34971844545e-06, 3.0726237128e-06, 5.13362806487e-07, 1.39921652931e-07, 1.30191057934e-08],
        "min": [2.53250220794e-07, 0.000164458877407, 0.000193453277461, 9.29951638682e-05, 0.000179742244654, 7.09052183083e-05, 4.98383160448e-05, 3.00595565932e-05, 5.68659488636e-05, 1.25214219224e-05, 9.83955214906e-06, 1.82892472367e-05, 1.2355673789e-05, 1.30301987156e-05, 9.73712576524e-06, 3.41606064467e-05, 5.96997742832e-05, 1.04247328636e-05, 4.23940145993e-05, 2.10708185477e-05, 6.40874714009e-06, 1.87556520359e-06, 3.65180454764e-07, 6.39242557554e-07, 1.70256910792e-07, 4.51062405205e-08, 4.37959046806e-09],
        "var": [9.53996215358e-10, 3.0660059565e-05, 5.29928411197e-06, 1.18096031656e-05, 2.2861369871e-05, 9.1221323828e-07, 6.14214116013e-07, 1.03204925495e-07, 3.0872570278e-07, 3.42165890288e-07, 1.70407076894e-07, 4.07649110912e-07, 3.42365469308e-09, 6.67964741297e-07, 2.71560281817e-07, 9.69180632637e-07, 1.52699601585e-06, 1.56004389851e-07, 3.59561681762e-07, 3.18747424899e-07, 4.96496674884e-08, 5.43702249889e-10, 1.12114712045e-12, 1.02078658026e-11, 8.30121968344e-14, 1.15112184108e-13, 6.15331023236e-15]
    },
    "erbbands": {
        "dmean": [0.104326091707, 1.25434613228, 2.24169945717, 5.05830049515, 15.8722963333, 12.2254304886, 5.20060443878, 6.1705160141, 3.94550323486, 12.2619743347, 6.03524589539, 10.8535013199, 8.32486915588, 14.5563497543, 15.2955541611, 20.3503856659, 3.00801253319, 17.3973045349, 23.4711112976, 28.6802940369, 55.2901763916, 47.2333984375, 16.6255817413, 25.7525310516, 15.9765043259, 20.6160964966, 6.78529405594, 4.3346118927, 0.730544626713, 0.0866040959954, 0.0245266966522, 0.0482335090637, 0.011256496422, 0.00366161693819, 0.000597478123382, 0.00080722355051, 0.000108534681203, 1.24758980746e-05, 4.94180130772e-06, 9.34097988647e-06],
        "dmean2": [0.180378496647, 2.23857688904, 3.96849107742, 8.70938777924, 27.1296749115, 21.3343086243, 8.65773773193, 10.7377109528, 6.76953792572, 22.2066421509, 9.74059391022, 18.2139453888, 14.7101421356, 25.2523994446, 26.2238273621, 34.1035232544, 4.74360370636, 29.2168464661, 40.3619613647, 48.2267150879, 94.3217926025, 80.1786804199, 27.4526939392, 42.2044525146, 25.9808979034, 33.0832176208, 10.8503904343, 7.13413286209, 1.20408070087, 0.143146559596, 0.0376473106444, 0.0774224475026, 0.0175696779042, 0.00597972422838, 0.000951197114773, 0.00135998462792, 0.00016803960898, 2.00601425604e-05, 8.07195465313e-06, 1.58027669386e-05],
        "dvar": [0.00809406861663, 1.14634692669, 5.85199213028, 24.6500015259, 211.000473022, 158.968170166, 32.2726287842, 48.8065414429, 24.2357845306, 197.175628662, 50.5304718018, 203.245605469, 78.5935134888, 308.068023682, 186.211273193, 485.326171875, 6.78154802322, 562.705993652, 539.87298584, 750.746276855, 2414.98266602, 3282.90991211, 243.183853149, 508.118011475, 278.523803711, 341.278289795, 50.9572486877, 23.0635318756, 0.463804364204, 0.00670298747718, 0.000713164103217, 0.0038399095647, 0.000188058387721, 1.24194893942e-05, 9.71009626483e-07, 4.95920676258e-06, 3.35023599973e-08, 1.78903158954e-09, 7.84470197135e-11, 4.72009549501e-11],
        "dvar2": [0.0199812278152, 2.96385836601, 16.4870929718, 69.4243927002, 572.688232422, 439.466247559, 91.4793395996, 138.098098755, 65.6904754639, 635.573791504, 137.115188599, 526.793273926, 219.506484985, 812.692016602, 496.916107178, 1364.61096191, 18.2733440399, 1701.79711914, 1343.57019043, 2134.21264648, 7391.94921875, 9653.77441406, 649.04284668, 1304.04650879, 707.601013184, 893.377685547, 123.035797119, 57.4026298523, 1.17516708374, 0.015881896019, 0.00163646053988, 0.00909745506942, 0.000472745654406, 3.19682694681e-05, 2.14834426515e-06, 1.4585288227e-05, 7.23610469322e-08, 2.7776569933e-09, 1.30579561053e-10, 1.32934580011e-10],
        "max": [0.835907816887, 8.85090637207, 22.1024932861, 36.4340286255, 125.984603882, 74.2152786255, 40.6928901672, 52.3425827026, 40.04920578, 82.97706604, 66.0349121094, 160.168762207, 65.2153930664, 163.729187012, 107.65738678, 186.503372192, 24.2760334015, 236.353530884, 219.472915649, 237.544296265, 480.996490479, 634.608886719, 160.215316772, 235.777999878, 192.280899048, 186.419769287, 68.4213104248, 39.5914611816, 5.56591939926, 0.790398001671, 0.27669864893, 0.549449145794, 0.126023411751, 0.0403403677046, 0.0112844156101, 0.0287866331637, 0.00179135077633, 0.000490414910018, 0.000120133088785, 6.75725677866e-05],
        "mean": [0.141455546021, 1.69042551517, 3.48876857758, 8.02099514008, 22.9675559998, 17.0456161499, 8.79740524292, 8.47273445129, 5.80003023148, 14.5464935303, 10.2898740768, 17.5249614716, 14.8374185562, 24.4238681793, 28.838891983, 34.4605255127, 7.46094942093, 35.9525108337, 52.2817420959, 63.1848335266, 117.963943481, 109.372924805, 45.2750015259, 63.1227035522, 45.8790283203, 54.1395072937, 18.1052761078, 11.0757961273, 2.12131285667, 0.260451883078, 0.0699460431933, 0.120948977768, 0.0299408715218, 0.0109121622518, 0.00193344289437, 0.00155500404071, 0.000290562515147, 2.76292084891e-05, 2.28199824051e-05, 4.15871290897e-05],
        "median": [0.107988245785, 1.34205579758, 2.81811475754, 6.07950925827, 18.2336044312, 12.0519399643, 6.5586681366, 5.85488891602, 4.17402076721, 10.1000061035, 7.76531791687, 13.8300676346, 11.9771327972, 17.7890319824, 24.6462745667, 28.6461524963, 6.72869777679, 28.0862102509, 43.1460609436, 58.8570251465, 104.298316956, 100.857765198, 41.0866165161, 54.4393157959, 42.0779037476, 47.7807426453, 15.7907209396, 9.38267421722, 1.90358543396, 0.239872008562, 0.0565276518464, 0.0886292159557, 0.026178246364, 0.00998493842781, 0.0015575743746, 0.000890761963092, 0.000208629091503, 1.8062941308e-05, 2.17932611122e-05, 4.10849388572e-05],
        "min": [0.0034203287214, 0.0436836704612, 0.228878512979, 0.531260192394, 0.636430323124, 0.570018410683, 0.53212761879, 0.583823025227, 0.669426262379, 1.51506960392, 1.03551661968, 1.32113826275, 0.826890051365, 0.153624296188, 0.766782522202, 0.554253458977, 0.54701924324, 0.633109807968, 0.538098692894, 0.671803772449, 2.96202778816, 2.71887993813, 0.853941500187, 1.54151821136, 1.73980009556, 1.24718904495, 0.438457161188, 0.14536523819, 0.0662300512195, 0.0416022464633, 0.019317606464, 0.0160778611898, 0.00783961266279, 0.00308563816361, 0.000629259040579, 0.00032970160828, 6.8999681389e-05, 7.46853811506e-06, 1.08669873953e-05, 1.11493200166e-05],
        "var": [0.0158616211265, 1.92054247856, 7.5861992836, 35.9713592529, 315.864990234, 206.582794189, 44.3868675232, 63.8645896912, 32.2126998901, 194.925521851, 70.3254928589, 243.338592529, 109.89276886, 450.7159729, 302.904754639, 661.741882324, 16.5190162659, 761.68737793, 1051.25549316, 1176.96240234, 3467.61230469, 3895.85717773, 446.041809082, 1154.96203613, 561.329406738, 1231.41442871, 98.5848083496, 44.8461456299, 1.10571205616, 0.0143629666418, 0.00182992580812, 0.00926706846803, 0.000304632470943, 2.7137755751e-05, 1.94391191144e-06, 6.9381267167e-06, 7.2606184176e-08, 2.54495202689e-09, 1.22731672048e-10, 8.74041672372e-11]
    },
    "gfcc": {
        "mean": [6.62211847305, 149.181304932, -172.823501587, 66.5964050293, -26.4590053558, -12.4512557983, -15.6591043472, -1.23328948021, -20.5393333435, -9.57122135162, -15.6829004288, -13.9305763245, 6.60364866257],
        "cov": [[272.77911377, -29.9489364624, -71.7955093384, -5.63427114487, -25.4485149384, 20.4083271027, -5.11967515945, 4.9804186821, -5.24887132645, 5.51593780518, 4.25242042542, 10.2752437592, 6.39192152023], [-29.9489364624, 77.2575759888, 15.6269626617, 12.5350923538, 10.9804039001, -8.53769779205, 9.62884044647, -11.5726261139, 9.03225326538, -7.39201784134, 15.2058362961, -3.71450018883, 9.99105834961], [-71.7955093384, 15.6269626617, 83.1817474365, 3.70233154297, 26.0916118622, 10.1961650848, 5.7902598381, 14.9236125946, 10.2136487961, 9.08243942261, 0.747440934181, 7.52373933792, -6.92941045761], [-5.63427114487, 12.5350923538, 3.70233154297, 66.7359161377, 13.055557251, -3.90404224396, 19.348947525, -8.44871044159, 8.92092514038, -4.16064405441, 9.19960975647, -7.12821674347, 14.2743139267], [-25.4485149384, 10.9804039001, 26.0916118622, 13.055557251, 60.1931381226, 33.608921051, 17.4884319305, 13.9194793701, 5.24912309647, 7.72826099396, -6.17274475098, 3.75719571114, 3.4543466568], [20.4083271027, -8.53769779205, 10.1961650848, -3.90404224396, 33.608921051, 61.3432807922, 21.6454124451, 20.9824542999, 7.12746095657, 8.95934009552, -4.87565135956, 6.23100423813, -0.284903019667], [-5.11967515945, 9.62884044647, 5.7902598381, 19.348947525, 17.4884319305, 21.6454124451, 45.4377861023, 24.5673332214, 13.6858377457, 10.6153898239, 1.93571698666, -1.25575077534, 6.23661231995], [4.9804186821, -11.5726261139, 14.9236125946, -8.44871044159, 13.9194793701, 20.9824542999, 24.5673332214, 54.0941925049, 27.4081821442, 24.393327713, 0.668507158756, 5.64831113815, -4.12880086899], [-5.24887132645, 9.03225326538, 10.2136487961, 8.92092514038, 5.24912309647, 7.12746095657, 13.6858377457, 27.4081821442, 39.3875350952, 25.4276828766, 13.2831859589, 1.81361734867, -1.83813023567], [5.51593780518, -7.39201784134, 9.08243942261, -4.16064405441, 7.72826099396, 8.95934009552, 10.6153898239, 24.393327713, 25.4276828766, 50.5744552612, 21.1390991211, 13.5119037628, -1.67186784744], [4.25242042542, 15.2058362961, 0.747440934181, 9.19960975647, -6.17274475098, -4.87565135956, 1.93571698666, 0.668507158756, 13.2831859589, 21.1390991211, 40.4434890747, 15.1502952576, 4.32257604599], [10.2752437592, -3.71450018883, 7.52373933792, -7.12821674347, 3.75719571114, 6.23100423813, -1.25575077534, 5.64831113815, 1.81361734867, 13.5119037628, 15.1502952576, 35.6877784729, 13.4523649216], [6.39192152023, 9.99105834961, -6.92941045761, 14.2743139267, 3.4543466568, -0.284903019667, 6.23661231995, -4.12880086899, -1.83813023567, -1.67186784744, 4.32257604599, 13.4523649216, 32.583820343]],
        "icov": [[0.00616422249004, -0.0025558238849, 0.00602750945836, -0.00471613323316, 0.00484208203852, -0.00590782053769, 0.00513905193657, -0.00532514322549, 0.00469748862088, -0.00303924758919, 0.00229329825379, -0.00350514403544, 0.00195089448243], [-0.0025558238849, 0.0316211804748, -0.00939964223653, 0.0185351185501, -0.0160343181342, 0.0130811901763, -0.0195105858147, 0.0220625773072, -0.0243989750743, 0.0188259892166, -0.0213055536151, 0.0134035320953, -0.0140868639573], [0.00602750945836, -0.00939964223653, 0.0232410021126, -0.00992598198354, 0.000280456646578, -0.00537649495527, 0.00968298781663, -0.0119043989107, 0.00706945965067, -0.00549946213141, 0.00783539377153, -0.012511423789, 0.0117947151884], [-0.00471613323316, 0.0185351185501, -0.00992598198354, 0.0425089895725, -0.0200335234404, 0.0168295037001, -0.0285560376942, 0.0284320786595, -0.0288542024791, 0.0186723805964, -0.0211297143251, 0.0182779431343, -0.0195647440851], [0.00484208203852, -0.0160343181342, 0.000280456646578, -0.0200335234404, 0.0421829409897, -0.025010291487, 0.0126706846058, -0.0149607546628, 0.0189380124211, -0.0167202595621, 0.0183883011341, -0.00877707730979, 0.00518569536507], [-0.00590782053769, 0.0130811901763, -0.00537649495527, 0.0168295037001, -0.025010291487, 0.0392019674182, -0.0223848018795, 0.0109807765111, -0.0147515311837, 0.0112843746319, -0.00755769666284, 0.0014692194527, -0.00255517661572], [0.00513905193657, -0.0195105858147, 0.00968298781663, -0.0285560376942, 0.0126706846058, -0.0223848018795, 0.060287900269, -0.039009783417, 0.0244331602007, -0.01580828242, 0.0103947017342, -0.000382114754757, 0.00086810963694], [-0.00532514322549, 0.0220625773072, -0.0119043989107, 0.0284320786595, -0.0149607546628, 0.0109807765111, -0.039009783417, 0.0687615349889, -0.0481696426868, 0.00835440959781, -0.00293075595982, 0.00205886177719, -0.0055958009325], [0.00469748862088, -0.0243989750743, 0.00706945965067, -0.0288542024791, 0.0189380124211, -0.0147515311837, 0.0244331602007, -0.0481696426868, 0.0812961608171, -0.0326199457049, 0.00504342839122, 0.000256723462371, 0.0099240988493], [-0.00303924758919, 0.0188259892166, -0.00549946213141, 0.0186723805964, -0.0167202595621, 0.0112843746319, -0.01580828242, 0.00835440959781, -0.0326199457049, 0.0531264208257, -0.0283901561052, 0.000838082050905, -0.00426429277286], [0.00229329825379, -0.0213055536151, 0.00783539377153, -0.0211297143251, 0.0183883011341, -0.00755769666284, 0.0103947017342, -0.00293075595982, 0.00504342839122, -0.0283901561052, 0.0613482706249, -0.0300091188401, 0.0157080795616], [-0.00350514403544, 0.0134035320953, -0.012511423789, 0.0182779431343, -0.00877707730979, 0.0014692194527, -0.000382114754757, 0.00205886177719, 0.000256723462371, 0.000838082050905, -0.0300091188401, 0.0624821595848, -0.0345703624189], [0.00195089448243, -0.0140868639573, 0.0117947151884, -0.0195647440851, 0.00518569536507, -0.00255517661572, 0.00086810963694, -0.0055958009325, 0.0099240988493, -0.00426429277286, 0.0157080795616, -0.0345703624189, 0.0567884147167]]
    },
    "melbands": {
        "dmean": [0.00122844253201, 0.00120725668967, 0.00119944964536, 0.00107483542524, 0.000205031959922, 0.000131013657665, 8.54022582644e-05, 0.000112114226795, 5.70187185076e-05, 6.65268598823e-05, 4.30951549788e-05, 6.20860155323e-05, 5.41667250218e-05, 7.11097673047e-05, 1.892741966e-05, 9.9182861959e-06, 3.90940222132e-05, 4.66758574476e-05, 3.35255172104e-05, 5.18703709531e-05, 7.22443146515e-05, 5.85444322496e-05, 2.87596521957e-05, 1.34641468321e-05, 2.48439155257e-05, 1.55304060172e-05, 1.25721981021e-05, 1.45641970448e-05, 3.4571598917e-06, 5.41147937838e-06, 1.81748112027e-06, 4.94900746162e-07, 1.61479377425e-07, 1.57960293734e-08, 1.02819779357e-08, 3.42564838718e-08, 2.81946075376e-08, 9.34517263573e-09, 5.26641041887e-09, 2.70848077299e-09],
        "dmean2": [0.00214762613177, 0.00214793533087, 0.00202750507742, 0.00183108577039, 0.000342685263604, 0.0002256611333, 0.000150972831761, 0.000202109251404, 9.38966622925e-05, 0.000111997032946, 7.62460767874e-05, 0.000108047155663, 9.26375505514e-05, 0.000120247372251, 3.19118116749e-05, 1.69629747688e-05, 6.56741613057e-05, 7.95033120085e-05, 5.76612401346e-05, 8.98819198483e-05, 0.00012330111349, 9.99955154839e-05, 4.8394966143e-05, 2.24056238949e-05, 4.09379281336e-05, 2.64193495241e-05, 2.09650006582e-05, 2.33294213103e-05, 5.67673760088e-06, 8.80214247445e-06, 3.01172235595e-06, 8.17667796582e-07, 2.70456723683e-07, 2.67258837283e-08, 1.69312563969e-08, 5.60072415112e-08, 4.54543105377e-08, 1.49894336943e-08, 8.5582660958e-09, 4.51973924953e-09],
        "dvar": [1.03910974758e-06, 1.3833966932e-06, 1.14076908631e-06, 9.46410409597e-07, 4.63326088607e-08, 2.08220534148e-08, 1.1027170288e-08, 1.62942725979e-08, 4.68376493146e-09, 6.72093847243e-09, 2.26476970511e-09, 5.97928284662e-09, 2.83408208013e-09, 5.73178526864e-09, 4.11149420065e-10, 1.34970867816e-10, 2.48659270952e-09, 2.08039008243e-09, 1.31772204259e-09, 1.98357641423e-09, 4.13865119953e-09, 4.99165420109e-09, 7.91020915436e-10, 1.90496771135e-10, 4.50454257228e-10, 2.70206385045e-10, 1.55679885649e-10, 1.90457039029e-10, 1.48570634961e-11, 4.36849376118e-11, 3.64323805499e-12, 1.9271961956e-13, 2.57257204498e-14, 2.36409780785e-16, 1.36035913314e-16, 3.21448812901e-15, 1.21806196551e-15, 1.30902615721e-16, 3.90624827709e-17, 5.54674355631e-18],
        "dvar2": [2.6289494599e-06, 3.77143192054e-06, 3.41149984706e-06, 2.63098650066e-06, 1.24532633095e-07, 5.82397206017e-08, 3.14452144323e-08, 5.19991765202e-08, 1.26543007184e-08, 1.72079985816e-08, 6.36038999247e-09, 1.61610334004e-08, 7.28817095563e-09, 1.63451456814e-08, 9.85208359339e-10, 3.77506498284e-10, 7.49517781173e-09, 5.32728350322e-09, 3.29451199654e-09, 5.92048055026e-09, 1.24466685847e-08, 1.51066963383e-08, 2.20049001243e-09, 4.5504022772e-10, 1.20377008361e-09, 6.79967304684e-10, 4.08789613271e-10, 4.9166781757e-10, 3.38158598345e-11, 1.13516682165e-10, 9.3937886983e-12, 5.28379965649e-13, 6.30685485933e-14, 6.33067183762e-16, 3.24183675823e-16, 7.47039183172e-15, 3.10355709434e-15, 3.28960676948e-16, 9.76929817229e-17, 1.50189099326e-17],
        "max": [0.00949681550264, 0.00889215711504, 0.00642764335498, 0.00700528081506, 0.00143527809996, 0.00110107124783, 0.000783834373578, 0.000775397173129, 0.000604904838838, 0.000887110771146, 0.000349007168552, 0.000671908317599, 0.000480952905491, 0.000645021500532, 0.000194009131519, 0.00012254001922, 0.000458101188997, 0.00038382250932, 0.000403352838475, 0.000409933301853, 0.000572845514398, 0.00075232272502, 0.000213177248952, 0.000115658491268, 0.000212750892388, 0.000158741444466, 0.000119369979075, 0.000138871255331, 3.55293159373e-05, 6.90375818522e-05, 1.3774526451e-05, 3.70384941561e-06, 1.5340566506e-06, 1.35505672461e-07, 1.1353185414e-07, 4.92513777317e-07, 2.99534633541e-07, 1.00170808537e-07, 7.10762719791e-08, 2.1993633581e-08],
        "mean": [0.00164108152967, 0.00201019458473, 0.00191402866039, 0.00158623268362, 0.000352179224137, 0.000185591881745, 0.000111937340989, 0.000140715492307, 8.90563969733e-05, 0.000108200736577, 7.10954482201e-05, 9.81492557912e-05, 8.90352603165e-05, 0.000118803487567, 3.32495947077e-05, 1.58229813678e-05, 7.81020717113e-05, 9.45294377743e-05, 6.70390872983e-05, 0.000105241189885, 0.000148067090777, 0.000122309516883, 6.1987353547e-05, 3.34590258717e-05, 5.48744610569e-05, 3.60204066965e-05, 3.43428218912e-05, 3.50395202986e-05, 8.07523701951e-06, 1.22495957839e-05, 4.2619544729e-06, 1.21304719869e-06, 3.933974142e-07, 3.78888849184e-08, 2.4647833996e-08, 7.64585053048e-08, 6.74716247318e-08, 2.04216981103e-08, 1.32902142624e-08, 7.42533723397e-09],
        "median": [0.00136464927346, 0.00163873215206, 0.00151841482148, 0.00115913816262, 0.000273790006759, 0.000129165448016, 7.39784009056e-05, 0.000101973382698, 6.56192423776e-05, 8.63887107698e-05, 5.52370875084e-05, 6.87874562573e-05, 7.44602148188e-05, 9.56045259954e-05, 2.66407059826e-05, 1.27159164549e-05, 6.14614837104e-05, 7.74137442932e-05, 5.89045412198e-05, 9.49125824263e-05, 0.000131339125801, 0.000109614091343, 5.52161582164e-05, 2.99521452689e-05, 4.76935747429e-05, 3.26543013216e-05, 3.01900417981e-05, 2.84349371213e-05, 6.39830568616e-06, 9.96951166599e-06, 3.52276515514e-06, 1.06471611616e-06, 3.48846100451e-07, 3.36806529333e-08, 2.13103206192e-08, 4.05535587333e-08, 5.39105613484e-08, 1.68676113077e-08, 1.14546390151e-08, 6.66998456467e-09],
        "min": [3.85454950447e-05, 0.000100832359749, 9.63495258475e-05, 4.36638583778e-05, 1.98723228095e-05, 1.36871631184e-05, 9.91845263343e-06, 1.56918158609e-05, 8.8738361228e-06, 8.1882080849e-06, 3.89606520912e-06, 4.58730312403e-07, 1.95448137674e-06, 2.3153784241e-06, 1.07653283976e-06, 1.31245656121e-06, 1.15420402835e-06, 9.26582742977e-07, 7.67982385241e-07, 1.08720792014e-06, 4.23071287514e-06, 3.16798991662e-06, 1.71998658516e-06, 3.13741509217e-07, 1.31561716898e-06, 1.75785476131e-06, 7.19132003724e-07, 8.69649852575e-07, 2.42194346356e-07, 1.9858065059e-07, 5.12971496391e-08, 3.72871866716e-08, 3.40184200809e-08, 1.06291100366e-08, 6.16883655269e-09, 9.73598979215e-09, 8.67732818932e-09, 4.63364147052e-09, 4.77430228685e-09, 1.69839675657e-09],
        "var": [1.96389396478e-06, 2.11222004509e-06, 1.5805824205e-06, 1.53859866714e-06, 6.30996339623e-08, 3.02171621058e-08, 1.31312711815e-08, 1.68498957009e-08, 6.22505336167e-09, 8.39634406447e-09, 3.02853742085e-09, 8.29400015334e-09, 4.01880839718e-09, 7.28568672059e-09, 7.0231465088e-10, 1.53726628649e-10, 3.79849129928e-09, 4.09788158962e-09, 1.82764370305e-09, 3.29519034281e-09, 5.72322811365e-09, 5.64221558363e-09, 1.14885301272e-09, 3.20274112786e-10, 9.69520685956e-10, 4.60912391587e-10, 3.75359715532e-10, 6.70844990669e-10, 2.77518511643e-11, 6.57844820284e-11, 7.57126826512e-12, 3.98709196084e-13, 4.64683833404e-14, 3.95219961596e-16, 2.26579831083e-16, 8.40351043147e-15, 2.37001936224e-15, 1.88544478331e-16, 6.37625293044e-17, 1.25570053627e-17]
    },
    "mfcc": {
        "mean": [-614.32043457, 157.318847656, -63.320186615, 71.1080932617, 4.32622909546, 6.25095129013, 10.8596525192, -0.74069583416, 14.2044763565, -0.996695876122, -13.1185045242, 1.15232670307, -7.83491849899],
        "cov": [[343.688903809, -51.2623519897, -63.2447090149, -24.9145469666, -28.7745399475, -2.91306042671, 0.120964556932, -6.60152196884, -3.02637028694, -9.55552577972, -8.32392692566, 6.57871580124, -19.7564983368], [-51.2623519897, 69.2084655762, 16.3790092468, -4.23545455933, 10.5710802078, 1.82522666454, 1.20124661922, 3.68046450615, -0.312300503254, -0.701708555222, 4.11518669128, -0.929777026176, 14.9527244568], [-63.2447090149, 16.3790092468, 52.8782234192, 11.7668905258, 6.3340473175, -1.10333263874, -3.49820876122, 5.18690299988, -2.66510844231, 5.12956523895, 2.23635435104, 11.1229553223, 7.67942619324], [-24.9145469666, -4.23545455933, 11.7668905258, 69.6097412109, 1.15067350864, 0.435063630342, 2.41551947594, -4.41388034821, 2.28596949577, 0.918360292912, -3.67270970345, 0.0929933562875, 7.96771097183], [-28.7745399475, 10.5710802078, 6.3340473175, 1.15067350864, 42.7955474854, 19.1471042633, 7.85257387161, 10.1467552185, 8.17470359802, 5.14273309708, 4.24752044678, -0.213046714664, -0.193512991071], [-2.91306042671, 1.82522666454, -1.10333263874, 0.435063630342, 19.1471042633, 42.2274551392, 20.4906406403, 8.07354450226, 10.0427131653, -0.411436885595, 1.09286057949, -0.655490100384, -2.67836141586], [0.120964556932, 1.20124661922, -3.49820876122, 2.41551947594, 7.85257387161, 20.4906406403, 36.7946243286, 15.7330684662, 14.6359434128, 3.94010949135, 2.97333097458, 0.641392290592, -2.89375448227], [-6.60152196884, 3.68046450615, 5.18690299988, -4.41388034821, 10.1467552185, 8.07354450226, 15.7330684662, 35.0909957886, 19.735710144, 5.96206521988, 5.45636510849, 1.05876648426, -1.66606962681], [-3.02637028694, -0.312300503254, -2.66510844231, 2.28596949577, 8.17470359802, 10.0427131653, 14.6359434128, 19.735710144, 49.4767951965, 15.7280626297, 9.72176456451, -0.659264028072, -0.436370223761], [-9.55552577972, -0.701708555222, 5.12956523895, 0.918360292912, 5.14273309708, -0.411436885595, 3.94010949135, 5.96206521988, 15.7280626297, 40.9387626648, 22.6399784088, 9.13126945496, 2.55285191536], [-8.32392692566, 4.11518669128, 2.23635435104, -3.67270970345, 4.24752044678, 1.09286057949, 2.97333097458, 5.45636510849, 9.72176456451, 22.6399784088, 44.9610023499, 15.8926076889, 13.6385593414], [6.57871580124, -0.929777026176, 11.1229553223, 0.0929933562875, -0.213046714664, -0.655490100384, 0.641392290592, 1.05876648426, -0.659264028072, 9.13126945496, 15.8926076889, 37.8268280029, 12.4988594055], [-19.7564983368, 14.9527244568, 7.67942619324, 7.96771097183, -0.193512991071, -2.67836141586, -2.89375448227, -1.66606962681, -0.436370223761, 2.55285191536, 13.6385593414, 12.4988594055, 54.2434844971]],
