{
"lowlevel": {
    "average_loudness": 0.97936218977,
    "barkbands_crest": {
        "dmean": 3.52212905884,
        "dmean2": 6.35760068893,
        "dvar": 7.05081653595,
        "dvar2": 21.3948631287,
        "max": 21.9511795044,
        "mean": 9.9175567627,
        "median": 8.99240875244,
        "min": 3.36380434036,
        "var": 16.5818519592
    },
    "barkbands_flatness_db": {
        "dmean": 0.0203039981425,
        "dmean2": 0.0356557480991,
        "dvar": 0.000219324429054,
        "dvar2": 0.000682155136019,
        "max": 0.253771901131,
        "mean": 0.166425362229,
        "median": 0.161849737167,
        "min": 0.108802229166,
        "var": 0.000662983453367
    },
    "barkbands_kurtosis": {
        "dmean": 1.06950712204,
        "dmean2": 1.92311751842,
        "dvar": 2.02421307564,
        "dvar2": 6.32188796997,
        "max": 8.9959936142,
        "mean": -0.327769100666,
        "median": -0.765137672424,
        "min": -1.70909273624,
        "var": 2.2506146431
    },
    "barkbands_skewness": {
        "dmean": 0.559104382992,
        "dmean2": 0.98944413662,
        "dvar": 0.19097314775,
        "dvar2": 0.595451712608,
        "max": 1.3553467989,
        "mean": -0.406586587429,
        "median": -0.259962409735,
        "min": -2.9485347271,
        "var": 0.503779530525
    },
    "barkbands_spread": {
        "dmean": 7.74986028671,
        "dmean2": 13.9929695129,
        "dvar": 32.1239624023,
        "dvar2": 106.352928162,
        "max": 42.6731033325,
        "mean": 23.5431480408,
        "median": 22.4226818085,
        "min": 7.68517589569,
        "var": 51.9008407593
    },
    "dissonance": {
        "dmean": 0.0178894773126,
        "dmean2": 0.0320959836245,
        "dvar": 0.000215868683881,
        "dvar2": 0.000567811715882,
        "max": 0.499513596296,
        "mean": 0.476579815149,
        "median": 0.478918075562,
        "min": 0.336498886347,
        "var": 0.000256928178715
    },
    "dynamic_complexity": 0.700857758522,
    "erbbands_crest": {
        "dmean": 3.58477449417,
        "dmean2": 6.1959900856,
        "dvar": 8.68587303162,
        "dvar2": 25.9966068268,
        "max": 30.2998886108,
        "mean": 13.0101861954,
        "median": 10.931060791,
        "min": 5.21769571304,
        "var": 37.6691207886
    },
    "erbbands_flatness_db": {
        "dmean": 0.0193236749619,
        "dmean2": 0.0328001268208,
        "dvar": 0.000222731308895,
        "dvar2": 0.00064127962105,
        "max": 0.362817078829,
        "mean": 0.267892956734,
        "median": 0.260536074638,
        "min": 0.18750526011,
        "var": 0.00102758174762
    },
    "erbbands_kurtosis": {
        "dmean": 3.63282442093,
        "dmean2": 6.84378528595,
        "dvar": 20.9248256683,
        "dvar2": 69.0214157104,
        "max": 33.3332710266,
        "mean": 1.85569274426,
        "median": 0.0776777267456,
        "min": -1.52554821968,
        "var": 22.185585022
    },
    "erbbands_skewness": {
        "dmean": 0.942489624023,
        "dmean2": 1.72842288017,
        "dvar": 0.407241553068,
        "dvar2": 1.36316776276,
        "max": 1.21580302715,
        "mean": -0.997200131416,
        "median": -0.894446372986,
        "min": -4.63109254837,
        "var": 0.868560314178
    },
    "erbbands_spread": {
        "dmean": 5.19989061356,
        "dmean2": 9.03736114502,
        "dvar": 13.9477777481,
        "dvar2": 42.3041267395,
        "max": 35.601146698,
        "mean": 18.9311752319,
        "median": 19.9957313538,
        "min": 3.13358902931,
        "var": 46.0882415771
    },
    "hfc": {
        "dmean": 10.3715200424,
        "dmean2": 16.5583381653,
        "dvar": 59.6348724365,
        "dvar2": 175.806518555,
        "max": 79.042427063,
        "mean": 33.6871833801,
        "median": 30.5857429504,
        "min": 0.443041652441,
        "var": 185.521026611
    },
    "melbands_crest": {
        "dmean": 3.36349201202,
        "dmean2": 5.81814908981,
        "dvar": 7.05250644684,
        "dvar2": 19.3200569153,
        "max": 23.4197673798,
        "mean": 10.7108154297,
        "median": 10.2504930496,
        "min": 4.02510643005,
        "var": 10.6940746307
    },
    "melbands_flatness_db": {
        "dmean": 0.0197716169059,
        "dmean2": 0.035140696913,
        "dvar": 0.000183581520105,
        "dvar2": 0.000551176839508,
        "max": 0.24560174346,
        "mean": 0.1881660074,
        "median": 0.186757415533,
        "min": 0.142903536558,
        "var": 0.000364626757801
    },
    "melbands_kurtosis": {
        "dmean": 0.939593672752,
        "dmean2": 1.6462675333,
        "dvar": 0.610964894295,
        "dvar2": 1.65384840965,
        "max": 5.66666221619,
        "mean": -0.416070073843,
        "median": -0.635325908661,
        "min": -1.80816328526,
        "var": 0.981567800045
    },
    "melbands_skewness": {
        "dmean": 0.427800834179,
        "dmean2": 0.711129069328,
        "dvar": 0.112665832043,
        "dvar2": 0.343878030777,
        "max": 2.27149653435,
        "mean": 0.423106282949,
        "median": 0.500777006149,
        "min": -1.51301598549,
        "var": 0.371305882931
    },
    "melbands_spread": {
        "dmean": 17.1599235535,
        "dmean2": 31.606010437,
        "dvar": 141.552276611,
        "dvar2": 463.233398438,
        "max": 83.8502044678,
        "mean": 49.442653656,
        "median": 48.110496521,
        "min": 14.7765874863,
        "var": 185.279174805
    },
    "pitch_salience": {
        "dmean": 0.0586474053562,
        "dmean2": 0.0994679406285,
        "dvar": 0.00202627037652,
        "dvar2": 0.0059594293125,
        "max": 0.831003785133,
        "mean": 0.541198909283,
        "median": 0.552857160568,
        "min": 0.274878501892,
        "var": 0.00678965542465
    },
    "silence_rate_20dB": {
        "dmean": 0,
        "dmean2": 0,
        "dvar": 0,
        "dvar2": 0,
        "max": 1,
        "mean": 1,
        "median": 1,
        "min": 1,
        "var": 0
    },
    "silence_rate_30dB": {
        "dmean": 0,
        "dmean2": 0,
        "dvar": 0,
        "dvar2": 0,
        "max": 1,
        "mean": 1,
        "median": 1,
        "min": 1,
        "var": 0
    },
    "silence_rate_60dB": {
        "dmean": 0,
        "dmean2": 0,
        "dvar": 0,
        "dvar2": 0,
        "max": 0,
        "mean": 0,
        "median": 0,
        "min": 0,
        "var": 0
    },
    "spectral_centroid": {
        "dmean": 326.085205078,
        "dmean2": 594.217590332,
        "dvar": 53330.1796875,
        "dvar2": 174526.03125,
        "max": 2663.71313477,
        "mean": 2055.39599609,
        "median": 2079.25488281,
        "min": 1218.27612305,
        "var": 72444.5859375
    },
    "spectral_complexity": {
        "dmean": 3.54871797562,
        "dmean2": 5.67352199554,
        "dvar": 7.68864822388,
        "dvar2": 18.8008899689,
        "max": 38,
        "mean": 27.0741691589,
        "median": 27,
        "min": 1,
        "var": 20.007276535
    },
    "spectral_decrease": {
        "dmean": 1.6794047264e-09,
        "dmean2": 2.95533486572e-09,
        "dvar": 1.3909045102e-18,
        "dvar2": 3.71653159119e-18,
        "max": -1.04162685421e-10,
        "mean": -5.26023180569e-09,
        "median": -5.16593301469e-09,
        "min": -9.24480936249e-09,
        "var": 2.39182851676e-18
    },
    "spectral_energy": {
        "dmean": 0.00708421273157,
        "dmean2": 0.0122716445476,
        "dvar": 2.42267051362e-05,
        "dvar2": 6.53604874969e-05,
        "max": 0.0407428778708,
        "mean": 0.0229088179767,
        "median": 0.0226743631065,
        "min": 0.000433319830336,
        "var": 4.65067569166e-05
    },
    "spectral_energyband_high": {
        "dmean": 9.32781767915e-05,
        "dmean2": 0.000147666156408,
        "dvar": 2.1925369964e-08,
        "dvar2": 4.34789768633e-08,
        "max": 0.00214988156222,
        "mean": 0.00025007178192,
        "median": 0.000198457826627,
        "min": 7.55087376092e-06,
        "var": 4.35289138068e-08
    },
    "spectral_energyband_low": {
        "dmean": 0.00073293101741,
        "dmean2": 0.00125556765124,
        "dvar": 4.1956590735e-07,
        "dvar2": 1.16368869385e-06,
        "max": 0.00555593660101,
        "mean": 0.00150363682769,
        "median": 0.00132408947684,
        "min": 9.30893565965e-06,
        "var": 7.50471883748e-07
    },
    "spectral_energyband_middle_high": {
        "dmean": 0.00457961764187,
        "dmean2": 0.00731195695698,
        "dvar": 1.28661295093e-05,
        "dvar2": 3.69729459635e-05,
        "max": 0.0339556373656,
        "mean": 0.0132082998753,
        "median": 0.0116444220766,
        "min": 0.000135854803375,
        "var": 4.01638899348e-05
    },
    "spectral_energyband_middle_low": {
        "dmean": 0.00505035789683,
        "dmean2": 0.00920856930315,
        "dvar": 1.22653618746e-05,
        "dvar2": 3.77523247153e-05,
        "max": 0.0220982972533,
        "mean": 0.00809384509921,
        "median": 0.00753532908857,
        "min": 0.000291622476652,
        "var": 1.81239338417e-05
    },
    "spectral_entropy": {
        "dmean": 0.108720257878,
        "dmean2": 0.184111073613,
        "dvar": 0.00748157454655,
        "dvar2": 0.0235181041062,
        "max": 8.14574718475,
        "mean": 7.3406329155,
        "median": 7.37077951431,
        "min": 6.77392244339,
        "var": 0.0245776679367
    },
    "spectral_flux": {
        "dmean": 0.0164201688021,
        "dmean2": 0.0251132380217,
        "dvar": 0.000143166034832,
        "dvar2": 0.000341377133736,
        "max": 0.1509475559,
        "mean": 0.0939249768853,
        "median": 0.0930107459426,
        "min": 0.0545266605914,
        "var": 0.000299969775369
    },
    "spectral_kurtosis": {
        "dmean": 4.79154109955,
        "dmean2": 8.79171943665,
        "dvar": 15.4624090195,
        "dvar2": 47.5467987061,
        "max": 33.3586921692,
        "mean": 8.61894321442,
        "median": 7.7518157959,
        "min": 2.27099704742,
        "var": 21.1686935425
    },
    "spectral_rms": {
        "dmean": 0.000747189682443,
        "dmean2": 0.00128882168792,
        "dvar": 2.92031501203e-07,
        "dvar2": 7.5599155025e-07,
        "max": 0.00630469247699,
        "mean": 0.00467068236321,
        "median": 0.00470333173871,
        "min": 0.000650193076581,
        "var": 5.34776006589e-07
    },
    "spectral_rolloff": {
        "dmean": 270.82131958,
        "dmean2": 490.89050293,
        "dvar": 60557.890625,
        "dvar2": 184113.796875,
        "max": 3165.38085938,
        "mean": 2458.03344727,
        "median": 2476.31835938,
        "min": 1141.25976562,
        "var": 71318.9609375
    },
    "spectral_skewness": {
        "dmean": 0.410563141108,
        "dmean2": 0.74932795763,
        "dvar": 0.119157187641,
        "dvar2": 0.375785768032,
        "max": 3.86439538002,
        "mean": 1.24753117561,
        "median": 1.1541159153,
        "min": 0.426614105701,
        "var": 0.161399424076
    },
    "spectral_spread": {
        "dmean": 237974.703125,
        "dmean2": 382672.9375,
        "dvar": 469912518656,
        "dvar2": 403419496448,
        "max": 17272914,
        "mean": 1967783.5,
        "median": 1944887.5,
        "min": 1233515.125,
        "var": 658779209728
    },
    "spectral_strongpeak": {
        "dmean": 1.43974411488,
        "dmean2": 2.36763381958,
        "dvar": 1.78023326397,
        "dvar2": 4.77948904037,
        "max": 14.9870166779,
        "mean": 3.1886985302,
        "median": 1.82569122314,
        "min": 0.0487390458584,
        "var": 10.6097860336
    },
    "zerocrossingrate": {
        "dmean": 0.00576171884313,
        "dmean2": 0.00918069202453,
        "dvar": 2.93990742648e-05,
        "dvar2": 5.25059367646e-05,
        "max": 0.10791015625,
        "mean": 0.0753501653671,
        "median": 0.0732421875,
        "min": 0.013671875,
        "var": 0.000160023759236
    },
    "barkbands": {
        "dmean": [1.54660992848e-05, 0.000670659472235, 0.000116602714115, 0.00017114484217, 0.00177854998037, 1.90686660062e-05, 5.40103828826e-05, 7.58061869419e-05, 0.00504779675975, 0.000619163445663, 0.000248024094617, 0.000973216549028, 8.46998736961e-05, 0.000400422664825, 0.000465571181849, 0.00288298167288, 0.00129033706617, 0.000593751145061, 0.000478424160974, 8.86198540684e-05, 4.98148438055e-05, 3.81213931178e-06, 1.26149154767e-06, 8.62772708388e-07, 2.87230079721e-07, 7.44828696497e-08, 1.71348588651e-08],
        "dmean2": [2.51336714427e-05, 0.00117146281991, 0.00018351097242, 0.000304350367514, 0.00308736367151, 3.29887516273e-05, 9.4516282843e-05, 0.000140207033837, 0.00951115693897, 0.00109300750773, 0.000404300255468, 0.00170749344397, 0.000139548807056, 0.000671710877214, 0.000757937785238, 0.00493530463427, 0.00223122397438, 0.00104592111893, 0.000865093781613, 0.000136168062454, 8.01089117886e-05, 6.37090761302e-06, 2.25267785936e-06, 1.37310314585e-06, 4.74304556519e-07, 1.27304218722e-07, 2.86830470486e-08],
        "dvar": [2.02380501246e-10, 3.38917232057e-07, 1.2145354944e-08, 2.30217640507e-08, 3.06746369461e-06, 5.28976140668e-10, 1.18528449278e-08, 5.16787990179e-09, 1.25719334392e-05, 3.38270751854e-07, 5.13462339313e-07, 8.57953523337e-07, 8.32781950066e-08, 5.62438742691e-07, 5.7657700836e-07, 1.13821388368e-05, 1.47931916672e-06, 4.16265777403e-07, 2.40042879796e-07, 1.85476274339e-08, 2.61976951244e-09, 1.13478965807e-11, 2.02509992282e-12, 5.00128204909e-13, 8.14397784236e-14, 5.39781910033e-15, 5.49360476238e-16],
        "dvar2": [5.28367960495e-10, 9.37352695018e-07, 2.81450098782e-08, 6.50421299042e-08, 9.24563300941e-06, 1.51475865184e-09, 2.89867703174e-08, 1.35109159416e-08, 3.68386899936e-05, 7.62052650316e-07, 1.30597152292e-06, 2.19762682718e-06, 2.07315636658e-07, 1.49028494434e-06, 1.30503360651e-06, 3.60714839189e-05, 3.95847246182e-06, 1.14800570827e-06, 6.64107574266e-07, 3.8613748643e-08, 6.68151445282e-09, 3.05067152095e-11, 5.19906990723e-12, 1.14899604588e-12, 2.14873407153e-13, 1.46609883522e-14, 1.29335588887e-15],
        "max": [0.000112377609184, 0.00518877338618, 0.00139958178625, 0.00100513594225, 0.0153155168518, 0.000222730421228, 0.00117518054321, 0.000504122872371, 0.0201233234257, 0.0063796620816, 0.0106645198539, 0.0103234248236, 0.00473786378279, 0.00724428985268, 0.0079382173717, 0.0296736061573, 0.0097713470459, 0.00527479406446, 0.00357393082231, 0.00199978100136, 0.000510989339091, 3.33944699378e-05, 1.83456577361e-05, 6.91422656018e-06, 3.91048479287e-06, 8.95404298262e-07, 5.56928227979e-07],
        "mean": [2.45762075792e-05, 0.00101074296981, 0.000394224131014, 0.000218361310544, 0.00230606761761, 2.53159469139e-05, 7.26791331545e-05, 6.86118437443e-05, 0.00519670872018, 0.000767385645304, 0.000256015802734, 0.00109544722363, 0.000101625773823, 0.000592645199504, 0.00082152732648, 0.00571580557153, 0.00209381547756, 0.00105605425779, 0.000740384217352, 0.000201378847123, 0.00013077892072, 1.18524767458e-05, 2.43422914536e-06, 3.11835174216e-06, 9.52302116275e-07, 2.088707447e-07, 9.4716014587e-08],
        "median": [2.01738712349e-05, 0.000838333508, 0.000356426404323, 0.000167238787981, 0.00169293838553, 1.78312311618e-05, 3.99930104322e-05, 4.29117426393e-05, 0.00427118642256, 0.000510303711053, 0.000103714563011, 0.000767967896536, 4.10560824093e-05, 0.000374589057174, 0.000579411513172, 0.00275491317734, 0.00170846574474, 0.000842726440169, 0.00060622044839, 0.000165530713275, 0.00011416120833, 1.0979808394e-05, 1.96890528059e-06, 2.95211475532e-06, 8.86160592017e-07, 1.89073048773e-07, 9.21311311686e-08],
        "min": [5.99085012709e-07, 5.64329820918e-06, 2.8182562346e-06, 3.85168959838e-07, 6.66462756271e-06, 1.00064482922e-06, 2.23105689656e-06, 7.59382999149e-07, 0.000133927707793, 3.99788805225e-05, 9.79055675998e-06, 1.76709272637e-05, 2.34187336901e-06, 6.17972273176e-06, 9.68365111476e-06, 2.41163324972e-05, 1.1926181287e-05, 2.69569068223e-06, 2.58252430285e-06, 1.32443528855e-06, 4.05781020163e-06, 5.29206488409e-07, 3.36100782761e-07, 4.56549315686e-07, 2.86353753154e-07, 3.65435575134e-08, 2.31086989544e-08],
        "var": [3.12252196322e-10, 5.06805008627e-07, 5.39754161366e-08, 2.79413150395e-08, 4.15347130911e-06, 7.07592318072e-10, 1.74012519949e-08, 5.32776667228e-09, 1.42005419548e-05, 7.14944974334e-07, 4.45671247462e-07, 1.23437939692e-06, 9.49296392605e-08, 7.36901540677e-07, 8.2534950252e-07, 3.97317453462e-05, 1.95731900021e-06, 5.25716927768e-07, 2.77665009207e-07, 3.18605692939e-08, 5.70237723707e-09, 2.50013690306e-11, 3.11858351643e-12, 1.43957480485e-12, 1.65653921786e-13, 9.71719077002e-15, 2.08928342088e-15]
    },
    "erbbands": {
        "dmean": [0.0226014088839, 0.147258296609, 0.183376476169, 0.335826605558, 4.65973138809, 5.7511267662, 0.408864170313, 0.184494957328, 0.353041261435, 1.26598167419, 24.3801441193, 138.468704224, 19.4356441498, 17.4516277313, 23.4737148285, 27.8327579498, 4.04962587357, 14.4090566635, 24.4066104889, 55.3624992371, 167.965713501, 77.5691146851, 38.8930892944, 35.6791992188, 8.077917099, 4.05558729172, 2.89158892632, 1.26161181927, 0.176598727703, 0.0589210987091, 0.0307032149285, 0.0202592220157, 0.0128265600652, 0.00553582096472, 0.00063775718445, 0.000420786673203, 0.000118661620945, 5.51035918761e-06, 4.55153440271e-06, 8.70374697115e-06],
        "dmean2": [0.0424474515021, 0.242761179805, 0.276433765888, 0.602381706238, 8.06461048126, 10.1818275452, 0.718635380268, 0.322828292847, 0.594556927681, 2.20683574677, 45.6416893005, 260.833099365, 33.5121307373, 31.5530433655, 42.3771476746, 48.1762924194, 6.70259857178, 23.2721595764, 40.0764389038, 94.6069259644, 287.810058594, 134.465270996, 67.0354156494, 64.2227249146, 13.3387517929, 6.26246166229, 4.64640522003, 1.97581040859, 0.294687122107, 0.102027080953, 0.0544385686517, 0.0327575989068, 0.0206579025835, 0.00916037987918, 0.00106955436058, 0.00071360275615, 0.000206053620786, 8.81220603333e-06, 7.35271623853e-06, 1.47434266182e-05],
        "dvar": [0.000284231442492, 0.0177920423448, 0.0287740193307, 0.0858235508204, 21.1118221283, 35.446723938, 0.173543512821, 0.0601455830038, 0.21208961308, 5.7637219429, 280.572723389, 9567.12792969, 312.096710205, 273.285369873, 922.332946777, 898.047363281, 69.8605804443, 968.376037598, 1668.89697266, 2981.57714844, 45281.3398438, 5495.0703125, 1664.50305176, 1498.43664551, 70.5876464844, 29.987279892, 15.4219284058, 2.10324072838, 0.0253340061754, 0.00360877090134, 0.000982029363513, 0.000278165127384, 0.000124905607663, 3.18982783938e-05, 3.10711442353e-07, 1.45152895925e-07, 1.30068400495e-08, 2.11524367466e-10, 1.90501642239e-11, 3.71387226528e-11],
        "dvar2": [0.0009460838628, 0.0447722822428, 0.0653323754668, 0.282492160797, 64.3358154297, 104.769683838, 0.528449296951, 0.173635795712, 0.528049468994, 13.8914079666, 878.848754883, 27548.6035156, 606.583679199, 772.465759277, 2379.89550781, 2185.51293945, 179.455871582, 2508.06958008, 3761.88305664, 7761.015625, 146216.109375, 14908.8955078, 4554.54296875, 4163.31152344, 188.465423584, 64.2517776489, 36.3055305481, 3.923848629, 0.0619675852358, 0.0100644463673, 0.00263093179092, 0.000699733267538, 0.000320141756674, 8.29013297334e-05, 7.31935870135e-07, 4.07127799917e-07, 3.37100836134e-08, 4.62479304852e-10, 4.78498698997e-11, 9.96780435969e-11],
        "max": [0.143727973104, 1.16419363022, 1.93798780441, 2.25034213066, 43.9348678589, 42.2349014282, 3.15050363541, 2.67154097557, 4.79946804047, 24.0629749298, 85.556602478, 571.702514648, 286.625457764, 181.700241089, 414.284515381, 354.906341553, 118.16078949, 440.074737549, 430.063232422, 443.885864258, 1784.21777344, 659.504455566, 289.125366211, 284.915588379, 101.574127197, 71.9854660034, 50.4316596985, 22.8066539764, 1.8499635458, 0.577056825161, 0.289631217718, 0.173380285501, 0.112790711224, 0.0777887329459, 0.00621589645743, 0.00552332401276, 0.00118317105807, 0.000316925463267, 9.18466612347e-05, 5.4708612879e-05],
        "mean": [0.0263925436884, 0.236772164702, 0.549486219883, 0.595890343189, 6.39837551117, 6.91536951065, 0.616095602512, 0.256838679314, 0.540360450745, 1.80564320087, 23.7099666595, 142.766357422, 26.2915000916, 20.8439655304, 27.9292373657, 32.0962638855, 5.69072198868, 21.5403118134, 42.973903656, 106.413375854, 322.956451416, 138.824554443, 68.994644165, 55.0892677307, 18.8630237579, 9.65812397003, 6.80433797836, 3.44777703285, 0.589884221554, 0.139368608594, 0.0676610395312, 0.0689495354891, 0.044500540942, 0.0184448994696, 0.00266148010269, 0.00142916257028, 0.000249545351835, 2.90104453597e-05, 2.53989837802e-05, 3.1505645893e-05],
        "median": [0.0221048481762, 0.189191237092, 0.514354050159, 0.532392501831, 4.91936922073, 4.616355896, 0.497686058283, 0.187009349465, 0.386726111174, 1.09465038776, 19.8994731903, 118.573280334, 17.7427272797, 15.0626544952, 20.8220386505, 21.7310428619, 3.14423131943, 13.0671796799, 29.935716629, 78.1504058838, 145.048797607, 118.759094238, 54.9781074524, 42.9751815796, 16.258813858, 8.20890808105, 5.28719711304, 2.79060721397, 0.556375026703, 0.121505014598, 0.0595947466791, 0.0661328434944, 0.0423475243151, 0.0172336027026, 0.00247762980871, 0.00136887549888, 0.000222536706133, 2.6831176001e-05, 2.51306537393e-05, 3.09952738462e-05],
        "min": [0.000155322341016, 0.00128622096963, 0.00339365773834, 0.00224937801249, 0.00715082138777, 0.0270299073309, 0.0390320494771, 0.0280070286244, 0.0443023256958, 0.110649921, 1.33874344826, 3.38116621971, 1.34921908379, 1.0650280714, 0.796955347061, 0.487914770842, 0.123619757593, 0.194127649069, 0.526423752308, 0.643159687519, 1.48100066185, 0.659540534019, 0.151226967573, 0.174289390445, 0.105587698519, 0.0626447796822, 0.115685202181, 0.155531346798, 0.021576333791, 0.0183865018189, 0.0117780342698, 0.0102966632694, 0.00755273876712, 0.0053837839514, 0.000762184499763, 0.00034733247594, 4.4274427637e-05, 1.31359092848e-05, 1.23382824313e-05, 7.38094058761e-06],
        "var": [0.000351274153218, 0.030229287222, 0.104312233627, 0.112175107002, 28.6295127869, 46.5086669922, 0.211048588157, 0.0699713900685, 0.334071040154, 8.44027709961, 314.739776611, 10971.6113281, 1061.60290527, 345.060852051, 991.46484375, 1291.18212891, 84.0461273193, 1235.73876953, 2451.44628906, 6691.61425781, 139280.15625, 6631.25195312, 1966.20812988, 1656.85107422, 127.511367798, 46.3392410278, 29.0686683655, 6.82691860199, 0.0537399314344, 0.0050855865702, 0.00148085819092, 0.000782657705713, 0.000315236131428, 6.26741311862e-05, 9.58809891927e-07, 3.42586275792e-07, 1.99383283217e-08, 4.34945635064e-10, 4.20297928405e-11, 7.78991454675e-11]
    },
    "gfcc": {
        "mean": [-26.2877235413, 120.167236328, -189.22567749, 43.1571884155, -20.9938793182, 0.012745084241, -14.9179592133, 21.7969303131, -13.9035654068, -25.4078979492, -31.6226177216, -21.9276313782, 5.77686405182],
        "cov": [[268.566375732, 80.12525177, -11.0636577606, -6.17547559738, -26.0184173584, 20.1988716125, 25.774892807, 7.00899982452, -36.2522926331, -11.1702489853, 24.544178009, -8.78459644318, -22.201883316], [80.12525177, 88.3249588013, 17.1749858856, -34.0627746582, -21.4911212921, 10.3730583191, 14.8048448563, 1.39739632607, -15.8430700302, -9.1974363327, 8.3135843277, -6.62192773819, -7.85992527008], [-11.0636577606, 17.1749858856, 125.15410614, 45.1928367615, -35.2635917664, -3.60532665253, -19.6889190674, 12.2512712479, -13.4487018585, -4.05296421051, 0.142466768622, 23.0672454834, -8.41747570038], [-6.17547559738, -34.0627746582, 45.1928367615, 137.866317749, 42.2396278381, -27.4891624451, -47.2462997437, -18.7004489899, -1.4192636013, 4.48344039917, 7.61128234863, 9.19262218475, 9.96054649353], [-26.0184173584, -21.4911212921, -35.2635917664, 42.2396278381, 80.0287399292, -1.44163501263, -24.7697639465, -25.5781383514, 7.1285033226, 3.97807741165, 1.55849182606, -2.71923208237, 11.2132997513], [20.1988716125, 10.3730583191, -3.60532665253, -27.4891624451, -1.44163501263, 51.8061485291, 36.7753677368, 11.1310558319, -6.84544944763, -2.23945116997, 7.72596406937, 2.12941670418, -8.82602024078], [25.774892807, 14.8048448563, -19.6889190674, -47.2462997437, -24.7697639465, 36.7753677368, 65.3271179199, 33.0988044739, 3.65929484367, -0.708769321442, 1.52067482471, -1.92134010792, -3.70231175423], [7.00899982452, 1.39739632607, 12.2512712479, -18.7004489899, -25.5781383514, 11.1310558319, 33.0988044739, 53.1836547852, 19.3967552185, 1.59743273258, 3.4174451828, 5.09030628204, -10.0512132645], [-36.2522926331, -15.8430700302, -13.4487018585, -1.4192636013, 7.1285033226, -6.84544944763, 3.65929484367, 19.3967552185, 53.0032806396, 20.631280899, -7.27479171753, -3.74629950523, 13.6368455887], [-11.1702489853, -9.1974363327, -4.05296421051, 4.48344039917, 3.97807741165, -2.23945116997, -0.708769321442, 1.59743273258, 20.631280899, 44.2740020752, 17.6278400421, 0.178745597601, -3.0264248848], [24.544178009, 8.3135843277, 0.142466768622, 7.61128234863, 1.55849182606, 7.72596406937, 1.52067482471, 3.4174451828, -7.27479171753, 17.6278400421, 43.5866203308, 14.3004617691, -16.942035675], [-8.78459644318, -6.62192773819, 23.0672454834, 9.19262218475, -2.71923208237, 2.12941670418, -1.92134010792, 5.09030628204, -3.74629950523, 0.178745597601, 14.3004617691, 35.5226020813, 0.879139304161], [-22.201883316, -7.85992527008, -8.41747570038, 9.96054649353, 11.2132997513, -8.82602024078, -3.70231175423, -10.0512132645, 13.6368455887, -3.0264248848, -16.942035675, 0.879139304161, 43.6707687378]],
        "icov": [[0.00788225512952, -0.00947164092213, 0.0081905182451, -0.00683133956045, 0.0060950932093, -0.00544831994921, 0.00428419746459, -0.0054304022342, 0.0056349565275, -0.00270296330564, 0.00265852222219, -0.00205159583129, 0.00101232854649], [-0.00947164092213, 0.0309390202165, -0.021468706429, 0.0169512778521, -0.0116067295894, 0.0136231165379, -0.0155834602192, 0.0144610702991, -0.00860866066068, 0.012548841536, -0.0189054030925, 0.0150879882276, -0.00359071767889], [0.0081905182451, -0.021468706429, 0.0377332903445, -0.022177901119, 0.0246119331568, -0.0242245048285, 0.0292108692229, -0.0222290940583, 0.0147194461897, -0.0148733695969, 0.0236713197082, -0.020608888939, 0.00274727214128], [-0.00683133956045, 0.0169512778521, -0.022177901119, 0.0258735921234, -0.0194464977831, 0.0161390826106, -0.00887690018862, 0.00800128094852, -0.00511029921472, 0.00763766700402, -0.0160819850862, 0.0111290207133, -0.00559210218489], [0.0060950932093, -0.0116067295894, 0.0246119331568, -0.0194464977831, 0.037487924099, -0.0240881815553, 0.0227372124791, -0.00387945678085, 0.000651758164167, -0.00486650364473, 0.00973793771118, -0.00933763105422, 0.000154726527398], [-0.00544831994921, 0.0136231165379, -0.0242245048285, 0.0161390826106, -0.0240881815553, 0.0562449321151, -0.0464441031218, 0.0209544021636, -0.00740274274722, 0.0120901660994, -0.0179987847805, 0.00827746558934, 0.00576978502795], [0.00428419746459, -0.0155834602192, 0.0292108692229, -0.00887690018862, 0.0227372124791, -0.0464441031218, 0.0744136348367, -0.0449820384383, 0.0196898486465, -0.0176727250218, 0.0189496409148, -0.00868562422693, -0.0120876180008], [-0.0054304022342, 0.0144610702991, -0.0222290940583, 0.00800128094852, -0.00387945678085, 0.0209544021636, -0.0449820384383, 0.0662529841065, -0.0386143960059, 0.0236956886947, -0.0187951475382, 0.00319760874845, 0.016742805019], [0.0056349565275, -0.00860866066068, 0.0147194461897, -0.00511029921472, 0.000651758164167, -0.00740274274722, 0.0196898486465, -0.0386143960059, 0.0539701059461, -0.0312908925116, 0.0198803432286, -0.00314269796945, -0.0148091893643], [-0.00270296330564, 0.012548841536, -0.0148733695969, 0.00763766700402, -0.00486650364473, 0.0120901660994, -0.0176727250218, 0.0236956886947, -0.0312908925116, 0.0507219657302, -0.0343158617616, 0.0140739334747, 0.00361409806646], [0.00265852222219, -0.0189054030925, 0.0236713197082, -0.0160819850862, 0.00973793771118, -0.0179987847805, 0.0189496409148, -0.0187951475382, 0.0198803432286, -0.0343158617616, 0.065103136003, -0.032836008817, 0.0146538792178], [-0.00205159583129, 0.0150879882276, -0.020608888939, 0.0111290207133, -0.00933763105422, 0.00827746558934, -0.00868562422693, 0.00319760874845, -0.00314269796945, 0.0140739334747, -0.032836008817, 0.0519485250115, -0.0125957876444], [0.00101232854649, -0.00359071767889, 0.00274727214128, -0.00559210218489, 0.000154726527398, 0.00576978502795, -0.0120876180008, 0.016742805019, -0.0148091893643, 0.00361409806646, 0.0146538792178, -0.0125957876444, 0.0393404886127]]
    },
    "melbands": {
        "dmean": [0.000192150531802, 0.000131821725518, 0.000123207311844, 0.00049120222684, 3.69256777049e-05, 3.80768278774e-06, 7.10630592948e-06, 1.10540613605e-05, 0.000396280287532, 0.000765852280892, 7.42659249227e-05, 7.55640721763e-05, 5.52075362066e-05, 0.000137405237183, 1.68210535776e-05, 1.13366986625e-05, 3.00731844618e-05, 4.29455540143e-05, 4.03373705922e-05, 0.000136553499033, 0.000195670494577, 7.34057903173e-05, 8.14523446024e-05, 1.98838915821e-05, 3.39680773322e-05, 7.53783479013e-06, 3.64623406313e-06, 2.98065947391e-06, 2.43641852649e-06, 1.37438291858e-06, 4.91611444886e-07, 1.19082343986e-07, 4.66746712391e-08, 3.44208075376e-08, 2.30328183193e-08, 1.17413003764e-08, 1.54658437168e-08, 1.25907799742e-08, 6.46909015245e-09, 4.61766314075e-09],
        "dmean2": [0.000351283961209, 0.00019690253248, 0.000211814869544, 0.000854214362334, 6.62178863422e-05, 6.62216370984e-06, 1.22138117149e-05, 1.91853050637e-05, 0.000743193028029, 0.00144211458974, 0.000123261124827, 0.000137154303957, 9.50942776399e-05, 0.000245093629928, 2.79656578641e-05, 1.83492284123e-05, 4.8615194828e-05, 7.09041123628e-05, 6.80864104652e-05, 0.00023170041095, 0.000334583543008, 0.000128394633066, 0.000142400502227, 3.32339550368e-05, 6.17898840574e-05, 1.27907060232e-05, 5.88932289247e-06, 4.72489091408e-06, 3.86767442251e-06, 2.22155858864e-06, 7.85501015343e-07, 2.04091577416e-07, 7.9577226586e-08, 6.14588699932e-08, 4.11351734897e-08, 1.98928589157e-08, 2.48771776512e-08, 2.06451762352e-08, 1.06057331806e-08, 7.63097851575e-09],
        "dvar": [2.36071926452e-08, 1.39098839114e-08, 1.245097625e-08, 2.36400751419e-07, 1.74736813907e-09, 2.48258844038e-11, 1.3111331465e-10, 5.0608139901e-10, 7.71514407916e-08, 2.91452323609e-07, 7.46425055098e-09, 5.28526911125e-09, 1.37702729219e-08, 1.93403177917e-08, 1.70149605516e-09, 1.57774771026e-09, 3.70130059935e-09, 4.75135619737e-09, 2.84870216305e-09, 2.44761491075e-08, 5.77768481946e-08, 5.2609063772e-09, 7.25317716999e-09, 5.82767556434e-10, 1.42424272376e-09, 8.14575906727e-11, 1.21628601288e-11, 2.62396805673e-11, 1.77746862368e-11, 1.88820942389e-12, 3.41467170295e-13, 1.11170431584e-14, 1.81076755288e-15, 1.67864788317e-15, 6.30152066934e-16, 1.16160801367e-16, 1.803009684e-16, 1.28063612745e-16, 3.18391313805e-17, 2.14367991646e-17],
        "dvar2": [7.26963449438e-08, 3.23721351947e-08, 3.75819269038e-08, 7.10950473604e-07, 5.47249623395e-09, 7.18861428717e-11, 3.2165672903e-10, 1.23368937288e-09, 2.37370414879e-07, 8.38617438603e-07, 1.38465656718e-08, 1.45247964767e-08, 3.5421816591e-08, 5.0184674194e-08, 3.92441679153e-09, 4.04227362694e-09, 9.67176028155e-09, 1.13547971026e-08, 6.84623646663e-09, 7.09821534883e-08, 1.8978627736e-07, 1.40926648129e-08, 2.01183016912e-08, 1.58257795757e-09, 4.0063699025e-09, 2.20384252514e-10, 3.19827289652e-11, 5.38592850874e-11, 4.20879719965e-11, 4.35507662919e-12, 6.25561939489e-13, 2.98828446525e-14, 4.67654809937e-15, 4.51148890652e-15, 1.69062471728e-15, 3.27866151561e-16, 4.29330269549e-16, 3.28085771323e-16, 8.58381600561e-17, 5.80534345957e-17],
        "max": [0.00142780388705, 0.00105418637395, 0.00106631231029, 0.00418270146474, 0.000281180575257, 5.3288473282e-05, 0.000127082515974, 0.000219780718908, 0.00145251699723, 0.00315090478398, 0.0013561147498, 0.00079147645738, 0.00174295110628, 0.00155929569155, 0.000562664528843, 0.000656263553537, 0.000749783124775, 0.000630447641015, 0.000505242089275, 0.00170621788129, 0.00189867219888, 0.000685189734213, 0.000554278143682, 0.000272832257906, 0.000276893260889, 0.000129423831822, 3.47889726982e-05, 7.06413338776e-05, 5.59935433557e-05, 1.59719766089e-05, 9.59813132795e-06, 1.02337173757e-06, 4.11124204902e-07, 5.21013987509e-07, 2.48620807497e-07, 9.22084666399e-08, 1.21908854567e-07, 1.09749109356e-07, 5.41721583147e-08, 6.37971524498e-08],
        "mean": [0.00026204410824, 0.00029641049332, 0.000218136003241, 0.000617980782408, 4.38860406575e-05, 4.94026107845e-06, 1.01810983324e-05, 1.36482158268e-05, 0.000377316464437, 0.000800863024779, 9.70731780399e-05, 8.65936017362e-05, 6.33185554761e-05, 0.000152585838805, 1.8356307919e-05, 1.41904110933e-05, 4.27123595728e-05, 6.85822160449e-05, 7.09623927833e-05, 0.000272543955361, 0.000360888545401, 0.000120916178275, 0.000112578884, 4.0336199163e-05, 4.74508560728e-05, 1.6564517864e-05, 8.37510015117e-06, 5.86355099585e-06, 4.87704801344e-06, 3.34528112944e-06, 1.29275542804e-06, 3.2819690432e-07, 1.23364273463e-07, 5.62175763719e-08, 4.03304412089e-08, 3.3575187075e-08, 4.60491733634e-08, 3.66716257361e-08, 1.98745766511e-08, 1.33977708927e-08],
        "median": [0.000224428862566, 0.0002612270182, 0.000185261538718, 0.000440807692939, 3.10927644023e-05, 3.50583491127e-06, 6.42556960884e-06, 6.62295269649e-06, 0.000309974886477, 0.000665539351758, 4.97010842082e-05, 6.24432941549e-05, 3.94185481127e-05, 0.000108043641376, 7.4444569691e-06, 6.62278171149e-06, 2.55689265032e-05, 4.6917655709e-05, 5.23560702277e-05, 0.000146770034917, 0.000177732828888, 9.99750482151e-05, 8.40496068122e-05, 3.25241817336e-05, 3.44022955687e-05, 1.36917551572e-05, 7.31497812012e-06, 4.25389862357e-06, 3.07195909954e-06, 2.81009579339e-06, 1.02206502106e-06, 2.96299162983e-07, 1.15274488621e-07, 4.21095975867e-08, 3.28620757273e-08, 3.18968922386e-08, 4.16480148147e-08, 3.3117661502e-08, 1.78635701786e-08, 1.26587149651e-08],
        "min": [1.52994505243e-06, 1.81149823675e-06, 4.61026957055e-07, 1.22393805668e-06, 1.3946969375e-06, 3.93440586777e-07, 5.87024658216e-07, 6.39909899292e-07, 1.41105883813e-05, 1.94378771994e-05, 2.33574246522e-06, 3.30383113578e-06, 2.33628725255e-06, 2.51724509326e-06, 2.59893283783e-07, 2.61615383579e-07, 3.41500623335e-07, 9.03466286672e-07, 6.57183420572e-07, 1.42367184708e-06, 1.59485693985e-06, 7.6158568163e-07, 1.75126146473e-07, 1.55276154601e-07, 1.37504287068e-07, 1.0443338283e-07, 4.22689652169e-08, 3.97828578969e-08, 5.37620152841e-08, 1.27337969502e-07, 6.41235047283e-08, 7.53458451186e-09, 1.3696120682e-08, 7.74893305078e-09, 5.27198906752e-09, 7.29683957701e-09, 5.86259929491e-09, 5.67081315239e-09, 4.33659019805e-09, 3.59697716057e-09],
        "var": [3.35606564761e-08, 3.3844393954e-08, 2.0029611747e-08, 3.16730762506e-07, 1.85904014405e-09, 3.00401648001e-11, 1.98565969223e-10, 6.96383783971e-10, 8.46726138093e-08, 3.36166522175e-07, 2.44085391898e-08, 6.61076304809e-09, 1.20553593774e-08, 2.42123547878e-08, 1.77593584283e-09, 1.6390040436e-09, 4.80246686863e-09, 6.85568801728e-09, 4.17498213778e-09, 1.06078012152e-07, 1.62954194138e-07, 6.82496281712e-09, 7.31444060875e-09, 9.18654319282e-10, 1.42326017638e-09, 1.36127886741e-10, 1.98565695136e-11, 4.03018798889e-11, 3.05897356057e-11, 4.51520635117e-12, 1.05627702765e-12, 2.24325596889e-14, 3.27662583074e-15, 2.39013025375e-15, 8.72687510584e-16, 2.65137776694e-16, 4.37609196045e-16, 2.99999111704e-16, 7.03590829313e-17, 3.99789658024e-17]
    },
    "mfcc": {
        "mean": [-648.18927002, 136.022857666, -79.8366851807, 43.215877533, 12.4044008255, -6.48406362534, 10.0803918839, 21.0375919342, 32.4849052429, 6.97071456909, -11.2531261444, -4.94767713547, -17.6060390472],
        "cov": [[315.300109863, 56.3913993835, -20.3559799194, -17.2731761932, -25.5327625275, -2.55686187744, 48.3604354858, 10.8471050262, -34.5682601929, -2.41313815117, 32.2877922058, -4.63145399094, -22.0569763184], [56.3913993835, 102.777687073, 2.53747224808, -59.8302688599, -33.9836044312, -9.42531585693, 20.2631092072, 5.80096006393, -1.66956782341, -4.05761289597, 9.92618846893, -2.62802696228, -7.03329658508], [-20.3559799194, 2.53747224808, 153.895629883, 31.8559970856, -15.137796402, -20.9161224365, -11.2920274734, 20.5657997131, -12.0353136063, -6.81488275528, -5.21864509583, -2.07181835175, 9.7017250061], [-17.2731761932, -59.8302688599, 31.8559970856, 121.613739014, 64.6632385254, 1.79811882973, -32.193523407, -27.4415988922, -13.8398742676, -8.44072151184, -9.83366966248, -2.36520671844, 1.17296755314], [-25.5327625275, -33.9836044312, -15.137796402, 64.6632385254, 85.2544708252, 22.8485584259, -21.4347858429, -24.234128952, -20.4463024139, -6.58963489532, 0.463256299496, -7.79137945175, -2.40288972855], [-2.55686187744, -9.42531585693, -20.9161224365, 1.79811882973, 22.8485584259, 48.7254943848, 14.6888055801, -8.5626039505, -4.16587400436, -2.52650284767, -2.9587085247, -3.88031792641, -3.52734279633], [48.3604354858, 20.2631092072, -11.2920274734, -32.193523407, -21.4347858429, 14.6888055801, 58.8507270813, 22.6986274719, -8.63679599762, -2.29094696045, 11.5500020981, -4.12991857529, -15.4304504395], [10.8471050262, 5.80096006393, 20.5657997131, -27.4415988922, -24.234128952, -8.5626039505, 22.6986274719, 68.7684173584, 9.70020580292, 1.19535040855, -0.399713099003, -9.13440799713, 1.09539854527], [-34.5682601929, -1.66956782341, -12.0353136063, -13.8398742676, -20.4463024139, -4.16587400436, -8.63679599762, 9.70020580292, 73.5637969971, 17.7880706787, -35.1717529297, 11.055065155, 14.3214082718], [-2.41313815117, -4.05761289597, -6.81488275528, -8.44072151184, -6.58963489532, -2.52650284767, -2.29094696045, 1.19535040855, 17.7880706787, 37.9622840881, 11.5793609619, 1.79704248905, 2.21964931488], [32.2877922058, 9.92618846893, -5.21864509583, -9.83366966248, 0.463256299496, -2.9587085247, 11.5500020981, -0.399713099003, -35.1717529297, 11.5793609619, 69.4137115479, 8.81055259705, -8.87742805481], [-4.63145399094, -2.62802696228, -2.07181835175, -2.36520671844, -7.79137945175, -3.88031792641, -4.12991857529, -9.13440799713, 11.055065155, 1.79704248905, 8.81055259705, 41.6044654846, 19.7258987427], [-22.0569763184, -7.03329658508, 9.7017250061, 1.17296755314, -2.40288972855, -3.52734279633, -15.4304504395, 1.09539854527, 14.3214082718, 2.21964931488, -8.87742805481, 19.7258987427, 43.0441894531]],
