{
"lowlevel": {
    "average_loudness": 0.985940873623,
    "barkbands_crest": {
        "dmean": 2.14849948883,
        "dmean2": 3.55930423737,
        "dvar": 3.76206851006,
        "dvar2": 10.6629400253,
        "max": 16.7438812256,
        "mean": 7.06169939041,
        "median": 6.19583463669,
        "min": 2.84934234619,
        "var": 8.63809776306
    },
    "barkbands_flatness_db": {
        "dmean": 0.0131227010861,
        "dmean2": 0.0204832926393,
        "dvar": 0.000115980634291,
        "dvar2": 0.00029955842183,
        "max": 0.204726859927,
        "mean": 0.118286408484,
        "median": 0.110960200429,
        "min": 0.0589092411101,
        "var": 0.000700460921507
    },
    "barkbands_kurtosis": {
        "dmean": 1.02318072319,
        "dmean2": 1.64085459709,
        "dvar": 1.19517171383,
        "dvar2": 3.0133330822,
        "max": 11.688375473,
        "mean": 0.574451088905,
        "median": 0.241931915283,
        "min": -1.86386668682,
        "var": 3.17709851265
    },
    "barkbands_skewness": {
        "dmean": 0.374662816525,
        "dmean2": 0.596271455288,
        "dvar": 0.118521429598,
        "dvar2": 0.273444205523,
        "max": 1.8267942667,
        "mean": -0.775652706623,
        "median": -0.904805660248,
        "min": -2.83162379265,
        "var": 0.543928563595
    },
    "barkbands_spread": {
        "dmean": 5.49351501465,
        "dmean2": 9.0345954895,
        "dvar": 34.0638999939,
        "dvar2": 86.3871917725,
        "max": 57.8684234619,
        "mean": 25.0112571716,
        "median": 21.1868858337,
        "min": 7.91303825378,
        "var": 154.577651978
    },
    "dissonance": {
        "dmean": 0.00573633750901,
        "dmean2": 0.00944384280592,
        "dvar": 5.68877221667e-05,
        "dvar2": 0.000104566264781,
        "max": 0.499912828207,
        "mean": 0.491640210152,
        "median": 0.493827849627,
        "min": 0.404526859522,
        "var": 7.58621172281e-05
    },
    "dynamic_complexity": 1.16517055035,
    "erbbands_crest": {
        "dmean": 2.67248439789,
        "dmean2": 4.64845514297,
        "dvar": 4.71428823471,
        "dvar2": 13.6757183075,
        "max": 19.4292068481,
        "mean": 8.85247421265,
        "median": 8.3492231369,
        "min": 4.44748449326,
        "var": 7.97652864456
    },
    "erbbands_flatness_db": {
        "dmean": 0.013693687506,
        "dmean2": 0.0202552024275,
        "dvar": 0.000133267210913,
        "dvar2": 0.000318198173773,
        "max": 0.31728374958,
        "mean": 0.221087053418,
        "median": 0.214688673615,
        "min": 0.156005486846,
        "var": 0.00122547592036
    },
    "erbbands_kurtosis": {
        "dmean": 1.49501276016,
        "dmean2": 2.45060348511,
        "dvar": 2.61838459969,
        "dvar2": 6.52394199371,
        "max": 12.2727088928,
        "mean": 2.15109777451,
        "median": 1.87735414505,
        "min": -1.13521873951,
        "var": 3.89229106903
    },
    "erbbands_skewness": {
        "dmean": 0.324161976576,
        "dmean2": 0.51155602932,
        "dvar": 0.0632720589638,
        "dvar2": 0.165408104658,
        "max": 0.248601019382,
        "mean": -0.926346898079,
        "median": -0.89141535759,
        "min": -2.28069329262,
        "var": 0.194635003805
    },
    "erbbands_spread": {
        "dmean": 3.60762143135,
        "dmean2": 5.73090076447,
        "dvar": 9.34460353851,
        "dvar2": 22.7019081116,
        "max": 34.7628860474,
        "mean": 15.8911676407,
        "median": 14.9904518127,
        "min": 4.48112297058,
        "var": 34.9052619934
    },
    "hfc": {
        "dmean": 6.88748311996,
        "dmean2": 10.5846967697,
        "dvar": 27.0815486908,
        "dvar2": 62.9806480408,
        "max": 59.2947158813,
        "mean": 36.6138191223,
        "median": 38.7145843506,
        "min": 0.894946813583,
        "var": 159.7159729
    },
    "melbands_crest": {
        "dmean": 2.71398639679,
        "dmean2": 4.52072811127,
        "dvar": 7.86488628387,
        "dvar2": 20.9692363739,
        "max": 25.6401081085,
        "mean": 8.40882778168,
        "median": 6.55230522156,
        "min": 2.92994785309,
        "var": 22.9908428192
    },
    "melbands_flatness_db": {
        "dmean": 0.0158306322992,
        "dmean2": 0.0261621512473,
        "dvar": 0.000268778851023,
        "dvar2": 0.000678980897646,
        "max": 0.245375677943,
        "mean": 0.119605667889,
        "median": 0.106817014515,
        "min": 0.0714057758451,
        "var": 0.00121681578457
    },
    "melbands_kurtosis": {
        "dmean": 0.940254867077,
        "dmean2": 1.49093592167,
        "dvar": 2.73151516914,
        "dvar2": 7.19808244705,
        "max": 18.0074996948,
        "mean": 0.0147904707119,
        "median": -0.769051551819,
        "min": -1.67809271812,
        "var": 6.1954665184
    },
    "melbands_skewness": {
        "dmean": 0.424639195204,
        "dmean2": 0.661379814148,
        "dvar": 0.193129613996,
        "dvar2": 0.469574153423,
        "max": 4.27719449997,
        "mean": 0.151472210884,
        "median": -0.113979056478,
        "min": -1.80230307579,
        "var": 1.03424704075
    },
    "melbands_spread": {
        "dmean": 10.9576425552,
        "dmean2": 17.9939651489,
        "dvar": 85.1788482666,
        "dvar2": 217.907592773,
        "max": 96.9878005981,
        "mean": 57.5522041321,
        "median": 58.5136795044,
        "min": 18.3439273834,
        "var": 240.145614624
    },
    "pitch_salience": {
        "dmean": 0.0594433732331,
        "dmean2": 0.10116328299,
        "dvar": 0.00319282547571,
        "dvar2": 0.00787631515414,
        "max": 0.899066746235,
        "mean": 0.658416450024,
        "median": 0.687371194363,
        "min": 0.24459579587,
        "var": 0.0094806374982
    },
    "silence_rate_20dB": {
        "dmean": 0,
        "dmean2": 0,
        "dvar": 0,
        "dvar2": 0,
        "max": 1,
        "mean": 1,
        "median": 1,
        "min": 1,
        "var": 0
    },
    "silence_rate_30dB": {
        "dmean": 0,
        "dmean2": 0,
        "dvar": 0,
        "dvar2": 0,
        "max": 1,
        "mean": 1,
        "median": 1,
        "min": 1,
        "var": 0
    },
    "silence_rate_60dB": {
        "dmean": 0.00833333376795,
        "dmean2": 0.016736401245,
        "dvar": 0.00826389435679,
        "dvar2": 0.0164562985301,
        "max": 1,
        "mean": 0.0082987556234,
        "median": 0,
        "min": 0,
        "var": 0.00822988897562
    },
    "spectral_centroid": {
        "dmean": 179.241760254,
        "dmean2": 306.993133545,
        "dvar": 18721.3828125,
        "dvar2": 49930.6367188,
        "max": 3176.58935547,
        "mean": 2698.10522461,
        "median": 2723.11743164,
        "min": 1554.47070312,
        "var": 51201.9257812
    },
    "spectral_complexity": {
        "dmean": 4.30416679382,
        "dmean2": 6.6694560051,
        "dvar": 17.869977951,
        "dvar2": 32.8907203674,
        "max": 53,
        "mean": 39.7012443542,
        "median": 41,
        "min": 0,
        "var": 71.9522323608
    },
    "spectral_decrease": {
        "dmean": 7.48627548841e-10,
        "dmean2": 1.25400212436e-09,
        "dvar": 4.06223590837e-19,
        "dvar2": 1.0475474214e-18,
        "max": -9.20616430311e-11,
        "mean": -4.113509533e-09,
        "median": -4.29994972961e-09,
        "min": -6.47808651166e-09,
        "var": 1.21297030902e-18
    },
    "spectral_energy": {
        "dmean": 0.0032500103116,
        "dmean2": 0.00537994364277,
        "dvar": 7.16970998837e-06,
        "dvar2": 1.79270900844e-05,
        "max": 0.0279442537576,
        "mean": 0.0188463237137,
        "median": 0.0197163149714,
        "min": 0.000428636441939,
        "var": 2.40347108047e-05
    },
    "spectral_energyband_high": {
        "dmean": 0.00029826266109,
        "dmean2": 0.000482202362036,
        "dvar": 8.45951575457e-08,
        "dvar2": 2.22592760224e-07,
        "max": 0.00273246574216,
        "mean": 0.000954130140599,
        "median": 0.00095756794326,
        "min": 1.34200572575e-05,
        "var": 2.50241782851e-07
    },
    "spectral_energyband_low": {
        "dmean": 0.00140535400715,
        "dmean2": 0.00242699240334,
        "dvar": 5.37053665539e-06,
        "dvar2": 1.44785235534e-05,
        "max": 0.0196350496262,
        "mean": 0.00241280929185,
        "median": 0.000743973068893,
        "min": 7.1136500992e-06,
        "var": 1.47793189171e-05
    },
    "spectral_energyband_middle_high": {
        "dmean": 0.00263927038759,
        "dmean2": 0.00427398644388,
        "dvar": 4.36003529103e-06,
        "dvar2": 1.02038893601e-05,
        "max": 0.0228245537728,
        "mean": 0.0133083453402,
        "median": 0.0141499657184,
        "min": 0.000377903605113,
        "var": 2.32591628446e-05
    },
    "spectral_energyband_middle_low": {
        "dmean": 0.000997596071102,
        "dmean2": 0.00154125795234,
        "dvar": 7.57600503221e-07,
        "dvar2": 2.05834703593e-06,
        "max": 0.00876679178327,
        "mean": 0.00232350057922,
        "median": 0.0020129350014,
        "min": 2.97268798022e-05,
        "var": 1.90444768577e-06
    },
    "spectral_entropy": {
        "dmean": 0.066752769053,
        "dmean2": 0.103252477944,
        "dvar": 0.00289305881597,
        "dvar2": 0.00652312906459,
        "max": 8.15967750549,
        "mean": 7.68319034576,
        "median": 7.71550321579,
        "min": 7.26871204376,
        "var": 0.0142254848033
    },
    "spectral_flux": {
        "dmean": 0.0103266825899,
        "dmean2": 0.016502270475,
        "dvar": 7.15169517207e-05,
        "dvar2": 0.000153586981469,
        "max": 0.128694429994,
        "mean": 0.0915058553219,
        "median": 0.0940455421805,
        "min": 0.0330231748521,
        "var": 0.000256369472481
    },
    "spectral_kurtosis": {
        "dmean": 2.69289565086,
        "dmean2": 4.80003976822,
        "dvar": 8.92116069794,
        "dvar2": 28.1486663818,
        "max": 23.9408397675,
        "mean": 6.63917827606,
        "median": 5.92756557465,
        "min": 2.48097085953,
        "var": 10.3125162125
    },
    "spectral_rms": {
        "dmean": 0.000385679566534,
        "dmean2": 0.000624667969532,
        "dvar": 1.3471125726e-07,
        "dvar2": 2.69335032499e-07,
        "max": 0.00522136827931,
        "mean": 0.00423557125032,
        "median": 0.00438582152128,
        "min": 0.000646669825073,
        "var": 4.46593276138e-07
    },
    "spectral_rolloff": {
        "dmean": 335.738616943,
        "dmean2": 568.782836914,
        "dvar": 72689.328125,
        "dvar2": 207883.421875,
        "max": 3940.57617188,
        "mean": 3160.64550781,
        "median": 3208.44726562,
        "min": 1227.39257812,
        "var": 171952.53125
    },
    "spectral_skewness": {
        "dmean": 0.27494341135,
        "dmean2": 0.480148464441,
        "dvar": 0.081189610064,
        "dvar2": 0.238396555185,
        "max": 3.36502957344,
        "mean": 1.1542545557,
        "median": 1.12544131279,
        "min": 0.481474578381,
        "var": 0.128066495061
    },
    "spectral_spread": {
        "dmean": 186210.09375,
        "dmean2": 276238.4375,
        "dvar": 146663325696,
        "dvar2": 96333545472,
        "max": 9621367,
        "mean": 2310809.25,
        "median": 2332124.75,
        "min": 1480828.625,
        "var": 326731399168
    },
    "spectral_strongpeak": {
        "dmean": 1.17993092537,
        "dmean2": 1.98670053482,
        "dvar": 1.46445572376,
        "dvar2": 3.81132030487,
        "max": 8.16686534882,
        "mean": 1.98163974285,
        "median": 1.72971951962,
        "min": 0.0254646725953,
        "var": 2.75000095367
    },
    "zerocrossingrate": {
        "dmean": 0.00655924482271,
        "dmean2": 0.00771647831425,
        "dvar": 4.99118577864e-05,
        "dvar2": 4.63746764581e-05,
        "max": 0.126953125,
        "mean": 0.100119940937,
        "median": 0.10498046875,
        "min": 0.02734375,
        "var": 0.000281193963019
    },
    "barkbands": {
        "dmean": [7.24132723917e-06, 0.00110785360448, 0.000555696839001, 0.000170431143488, 0.000297612161376, 0.000242813359364, 0.000274622347206, 0.000220513378736, 0.000492040126119, 0.000266603048658, 0.000162963886396, 0.000504697323777, 0.000146579332068, 0.00101353554055, 0.000897858873941, 0.00131059484556, 0.0012668374693, 0.000726405763999, 0.000719649891835, 0.00058466027258, 0.000184624965186, 3.55109441443e-05, 2.95747827295e-06, 7.05058664607e-06, 2.50737866736e-06, 1.17208958272e-06, 1.24444412108e-07],
        "dmean2": [1.16766032079e-05, 0.00188335112762, 0.000982102705166, 0.000289317191346, 0.000514059851412, 0.000410301581724, 0.000467703182949, 0.000382826343412, 0.000824200978968, 0.000442251592176, 0.000276033068076, 0.000854202429764, 0.000246931391302, 0.00167091726325, 0.00147832767107, 0.00216902047396, 0.00214282958768, 0.00119125982746, 0.00118805305101, 0.00103193207178, 0.000292406504741, 5.74337718717e-05, 4.60092996946e-06, 1.14694557851e-05, 4.01551051255e-06, 1.80607196398e-06, 2.11961975083e-07],
        "dvar": [1.69817701567e-10, 4.33964078184e-06, 7.31014495159e-07, 9.22502465528e-08, 9.43933571307e-08, 9.12156110644e-08, 8.41201384105e-08, 8.8947643917e-08, 3.03977316207e-07, 1.20208625276e-07, 3.27329026106e-08, 3.78574469551e-07, 4.74493155878e-08, 1.79262428901e-06, 1.12729560442e-06, 1.85299711575e-06, 1.51772076151e-06, 9.75891339294e-07, 4.0203201479e-07, 3.36797711498e-07, 3.26677316309e-08, 1.01667785302e-09, 1.09670597256e-11, 5.43994883861e-11, 8.36608039789e-12, 1.68696133451e-12, 3.93065232598e-14],
        "dvar2": [4.0882042196e-10, 1.23882837215e-05, 2.17597357732e-06, 2.44777368152e-07, 2.72642495247e-07, 2.30866845641e-07, 2.12951448475e-07, 2.5551617e-07, 8.19377362404e-07, 2.98711057667e-07, 7.75361570504e-08, 1.12972793431e-06, 1.19131804865e-07, 4.61259787699e-06, 2.71583030553e-06, 5.60704711461e-06, 4.55792542198e-06, 2.68268763648e-06, 1.14151271191e-06, 9.7216445738e-07, 8.70964100841e-08, 2.67373279073e-09, 2.74536539335e-11, 1.42971912087e-10, 1.95170685169e-11, 3.81315725523e-12, 9.69422364106e-14],
        "max": [0.000120633783808, 0.0144465286285, 0.00578821636736, 0.00331581011415, 0.00187758891843, 0.00227499078028, 0.0020542065613, 0.00233024847694, 0.00441621150821, 0.00297148479149, 0.0014080008259, 0.00637754797935, 0.00226292363368, 0.0100437002257, 0.00874705053866, 0.0128450915217, 0.0103448079899, 0.0092306593433, 0.0047872341238, 0.00401112064719, 0.00177803437691, 0.000302633707179, 4.04814709327e-05, 7.22811964806e-05, 3.51209710061e-05, 1.63575223269e-05, 1.68256667621e-06],
        "mean": [8.4606499513e-06, 0.00168966781348, 0.000627301982604, 0.000189298283658, 0.000394053669879, 0.000359039346222, 0.000369618501281, 0.000265179434791, 0.000649825145956, 0.000403571641073, 0.000250010140007, 0.000791020109318, 0.000229078810662, 0.00149108155165, 0.00163612456527, 0.00235731666908, 0.00239684642293, 0.00139584357385, 0.00167906272691, 0.00100812339224, 0.000506121490616, 0.00010502817895, 7.9710926002e-06, 2.38795819314e-05, 8.09600533103e-06, 4.51843880001e-06, 1.95207718434e-07],
        "median": [3.35427603204e-06, 0.000382350757718, 0.00021516259585, 0.000105877021269, 0.000290452619083, 0.000240083507379, 0.000246426265221, 0.000161439558724, 0.000408497173339, 0.000281821470708, 0.00019586601411, 0.000459275295725, 0.000152096385136, 0.000995617359877, 0.00115657853894, 0.00183562585153, 0.0019275599625, 0.00107786338776, 0.001567934989, 0.000848273746669, 0.000505168864038, 9.68652020674e-05, 6.83808048052e-06, 2.42705373239e-05, 8.01849364507e-06, 4.69527776659e-06, 1.4344394117e-07],
        "min": [9.32495751726e-08, 2.06338927455e-06, 2.81607412944e-07, 7.90757439972e-07, 1.61570858381e-06, 2.98018971989e-06, 9.68903623288e-06, 3.2122866287e-06, 9.06240802578e-06, 9.10006201593e-06, 1.1557029211e-05, 1.91270446521e-05, 2.91558444587e-06, 3.52584283974e-05, 9.60534089245e-05, 6.34253883618e-05, 3.07200461975e-05, 2.5039897082e-05, 2.88581504719e-05, 7.02294073562e-06, 5.83143946642e-06, 1.53685891746e-06, 1.41458542657e-07, 1.00360061595e-07, 2.69590803015e-08, 5.98171467914e-09, 2.94935897927e-09],
        "var": [2.42118658456e-10, 9.47929493123e-06, 1.05050264665e-06, 8.34304501041e-08, 1.14279174568e-07, 1.48840243241e-07, 1.28849066527e-07, 9.20873048926e-08, 4.86353201268e-07, 1.67715626276e-07, 4.61959714926e-08, 7.22611673609e-07, 6.74550761914e-08, 2.23078609451e-06, 2.47933417086e-06, 3.18544857691e-06, 2.35133893511e-06, 1.55631050802e-06, 7.88102852312e-07, 4.57796119235e-07, 8.20838508275e-08, 3.98016020142e-09, 3.65420194104e-11, 2.31448610277e-10, 3.32739322206e-11, 9.60350462348e-12, 5.31770062554e-14]
    },
    "erbbands": {
        "dmean": [0.0227900855243, 0.296477794647, 0.674059867859, 0.444454967976, 0.897153437138, 1.082218647, 1.16365194321, 2.61314344406, 2.01889276505, 6.11063575745, 5.7474360466, 12.2299222946, 6.97042989731, 8.67562484741, 8.84643173218, 19.3694725037, 4.79626750946, 29.2663879395, 56.6345825195, 62.9341392517, 68.5875015259, 73.7113189697, 31.0197792053, 47.805809021, 32.1314239502, 25.5545864105, 8.49266719818, 5.23159360886, 1.61148452759, 0.258360445499, 0.0945179536939, 0.173129558563, 0.0934527739882, 0.0413581505418, 0.00945600867271, 0.00637894310057, 0.00200059404597, 0.000243051938014, 1.25919323182e-05, 4.41564270659e-06],
        "dmean2": [0.037951529026, 0.506062448025, 1.17563724518, 0.770631432533, 1.54808735847, 1.88851046562, 1.87752723694, 4.5344452858, 3.38751888275, 10.14133358, 10.0576448441, 20.2731513977, 12.0491495132, 14.4938421249, 14.6827001572, 32.7221832275, 7.40738487244, 46.6486549377, 93.9630279541, 111.469543457, 112.699317932, 124.412620544, 48.1586036682, 78.28465271, 52.5221862793, 44.0237770081, 13.9087114334, 8.79320716858, 2.6594979763, 0.395771831274, 0.14582374692, 0.289821594954, 0.149020403624, 0.0669205784798, 0.014219680801, 0.0100029604509, 0.0030970342923, 0.000390006927773, 1.99321748369e-05, 7.16017393643e-06],
        "dvar": [0.00181317632087, 0.2901276052, 1.17402505875, 0.348504960537, 1.26976335049, 1.15250062943, 2.09263443947, 12.2137479782, 3.92263317108, 45.7605743408, 69.7508544922, 238.946685791, 117.135772705, 217.365524292, 87.5736541748, 594.967712402, 29.4354839325, 878.799682617, 4012.73095703, 6842.13623047, 4972.73876953, 3992.92822266, 1208.06677246, 2794.42358398, 738.632141113, 707.001647949, 93.0991592407, 25.4907855988, 2.20503401756, 0.0533571615815, 0.00952479522675, 0.0340611003339, 0.00941699650139, 0.0016628683079, 0.000250966666499, 4.9226473493e-05, 5.41770259588e-06, 1.1136094713e-07, 5.36446775889e-10, 1.16719862941e-11],
        "dvar2": [0.00524708954617, 0.812183916569, 3.37157821655, 0.912108182907, 3.64830160141, 3.11814641953, 5.28283929825, 33.5746917725, 9.94182109833, 116.049064636, 195.43788147, 652.821899414, 326.160980225, 542.68359375, 219.284835815, 1748.9642334, 66.9861602783, 2241.10595703, 9781.79394531, 20669.2226562, 14085.4199219, 11867.0683594, 2776.42285156, 7762.3203125, 2076.81396484, 2088.05297852, 237.08631897, 68.2232666016, 5.98042440414, 0.138878464699, 0.0251630228013, 0.0916359350085, 0.0249807909131, 0.00386607809924, 0.000583794491831, 0.000115741000627, 1.23566160255e-05, 3.18965561519e-07, 1.27296284624e-09, 2.87189525633e-11],
        "max": [0.290971308947, 3.93348526955, 9.14391326904, 5.97667741776, 9.99394130707, 6.62806987762, 14.3575668335, 25.5811634064, 14.2177658081, 50.6728210449, 82.0797195435, 129.0730896, 116.473831177, 125.956199646, 114.012870789, 186.560089111, 59.1333656311, 200.339614868, 448.749267578, 677.972290039, 557.140808105, 471.463470459, 481.893096924, 481.467926025, 190.537521362, 168.606719971, 97.1517944336, 55.3020248413, 15.2103662491, 2.62557506561, 1.09227645397, 1.77127480507, 0.933023869991, 0.466168165207, 0.194052070379, 0.0771703645587, 0.0284208562225, 0.00367675814778, 0.000275343365502, 4.07834886573e-05],
        "mean": [0.0310836620629, 0.435246318579, 0.885733783245, 0.592437505722, 1.03968322277, 1.39969062805, 1.69153082371, 3.34871101379, 3.13463807106, 8.05764389038, 7.32859945297, 15.8127231598, 10.6761398315, 13.0313119888, 17.384809494, 29.4932384491, 11.4838590622, 49.4222755432, 94.48878479, 106.234222412, 133.477935791, 137.510391235, 78.3245849609, 95.2138519287, 73.0897521973, 47.6215591431, 22.0353450775, 15.2320261002, 4.85147619247, 0.84502851963, 0.273547887802, 0.534332931042, 0.320676058531, 0.147117808461, 0.0267481859773, 0.0239112582058, 0.00729530537501, 0.00059233274078, 3.59793484677e-05, 2.7276979381e-05],
        "median": [0.00851347390562, 0.0958133488894, 0.245272219181, 0.355627387762, 0.690448045731, 1.04695308208, 1.2002364397, 2.02982735634, 2.32248091698, 5.46303319931, 4.72652435303, 9.36953544617, 7.94901895523, 8.64341163635, 13.4149618149, 17.6847667694, 8.49625301361, 34.8302726746, 68.9755172729, 74.6176986694, 107.787895203, 117.565574646, 65.7630691528, 82.1774368286, 69.6184005737, 41.6481628418, 21.0820541382, 15.0591716766, 4.66413450241, 0.811925113201, 0.251315414906, 0.523832559586, 0.339445263147, 0.15774512291, 0.022767746821, 0.0250242259353, 0.00777535606176, 0.000544737908058, 3.30366601702e-05, 2.84195957647e-05],
        "min": [8.00092020654e-05, 0.000744102871977, 0.000637718825601, 0.00194436381571, 0.00515218265355, 0.00514483824372, 0.00922043714672, 0.0322289392352, 0.114299505949, 0.148981690407, 0.087041683495, 0.212387427688, 0.163438081741, 0.801882743835, 0.969764351845, 0.710694551468, 0.199866041541, 0.884721934795, 4.18079471588, 4.38110685349, 3.68584632874, 1.71041429043, 1.48930156231, 1.47277283669, 1.14735913277, 0.399599164724, 0.223998725414, 0.245921894908, 0.07385610044, 0.0155361145735, 0.00512912170961, 0.0030331981834, 0.00144924665801, 0.000599292630795, 0.000115313283459, 5.53833160666e-05, 1.04601704152e-05, 3.08294283968e-06, 3.79136758966e-06, 1.02204705854e-06],
        "var": [0.00318752601743, 0.647998392582, 2.30172252655, 0.486182808876, 1.32553696632, 1.49231112003, 3.12656092644, 15.6144552231, 6.93616056442, 64.1073608398, 70.1731796265, 340.706542969, 117.941986084, 277.720855713, 250.771148682, 918.131835938, 87.0858612061, 1660.77087402, 6674.63330078, 10819.9492188, 8481.57910156, 6891.06591797, 3556.01000977, 3866.57836914, 1485.98999023, 994.337402344, 169.458251953, 72.760887146, 8.19923591614, 0.270816475153, 0.0357370190322, 0.122436255217, 0.041494011879, 0.00914884544909, 0.000621865037829, 0.000269601878244, 2.59222015302e-05, 2.53377123727e-07, 7.61154528295e-10, 5.28486837625e-11]
    },
    "gfcc": {
        "mean": [3.08023047447, 77.3366394043, -184.731414795, 47.9750022888, -36.3990783691, -3.2151248455, -29.963602066, 15.0706186295, -20.7677745819, 6.48906564713, -17.5092926025, -5.95417022705, -2.53536748886],
        "cov": [[1522.53710938, -415.345428467, 477.245056152, 162.33102417, -95.6262969971, 197.692245483, -155.837173462, 120.99332428, -195.02734375, 100.09249115, -80.5508728027, 119.362670898, -72.4188690186], [-415.345428467, 428.461517334, -24.0607910156, 1.71816396713, 54.7164115906, -52.004737854, 137.678024292, -0.783220529556, 93.2305145264, -33.6695632935, 46.4437217712, -53.6091461182, 19.3100795746], [477.245056152, -24.0607910156, 458.117797852, 193.949890137, 53.799697876, 144.826461792, 13.567861557, 144.069763184, -27.3921527863, 60.9256706238, -37.8490524292, 65.2614440918, -18.0639095306], [162.33102417, 1.71816396713, 193.949890137, 167.555160522, 89.2936477661, 73.8798980713, 26.605430603, 68.503364563, 1.08134973049, 19.8750267029, -6.82646512985, 18.8943138123, 4.90376901627], [-95.6262969971, 54.7164115906, 53.799697876, 89.2936477661, 114.935943604, 55.6892662048, 44.7994613647, 23.5921859741, 24.5512390137, -5.30716657639, 7.1021270752, 0.378137588501, 12.4865846634], [197.692245483, -52.004737854, 144.826461792, 73.8798980713, 55.6892662048, 128.289352417, 19.314414978, 49.6317329407, -22.2088489532, 12.923707962, -24.298204422, 24.7847270966, -7.06130838394], [-155.837173462, 137.678024292, 13.567861557, 26.605430603, 44.7994613647, 19.314414978, 103.07068634, 45.532661438, 40.4715194702, -15.7625179291, 15.912894249, -9.50681781769, 10.7083501816], [120.99332428, -0.783220529556, 144.069763184, 68.503364563, 23.5921859741, 49.6317329407, 45.532661438, 109.327407837, 21.1031723022, 14.2594099045, -11.7026052475, 22.8950920105, -1.33358204365], [-195.02734375, 93.2305145264, -27.3921527863, 1.08134973049, 24.5512390137, -22.2088489532, 40.4715194702, 21.1031723022, 76.9006729126, 7.18461179733, 6.66965961456, -20.5761108398, 21.7245540619], [100.09249115, -33.6695632935, 60.9256706238, 19.8750267029, -5.30716657639, 12.923707962, -15.7625179291, 14.2594099045, 7.18461179733, 54.9324569702, 12.2357177734, 12.0911874771, -1.65202963352], [-80.5508728027, 46.4437217712, -37.8490524292, -6.82646512985, 7.1021270752, -24.298204422, 15.912894249, -11.7026052475, 6.66965961456, 12.2357177734, 56.7648658752, 13.0077381134, -3.65837407112], [119.362670898, -53.6091461182, 65.2614440918, 18.8943138123, 0.378137588501, 24.7847270966, -9.50681781769, 22.8950920105, -20.5761108398, 12.0911874771, 13.0077381134, 59.4734916687, 3.20770859718], [-72.4188690186, 19.3100795746, -18.0639095306, 4.90376901627, 12.4865846634, -7.06130838394, 10.7083501816, -1.33358204365, 21.7245540619, -1.65202963352, -3.65837407112, 3.20770859718, 38.6225204468]],
        "icov": [[0.00314656132832, -0.0017230407102, 0.00192837696522, -0.00451748771593, 0.00518656428903, -0.00375138688833, 0.00425656605512, -0.00402650749311, 0.00594166666269, -0.00453663477674, 0.00331935612485, -0.00261998130009, 0.00155089388136], [-0.0017230407102, 0.0142106432468, -0.0129127837718, 0.00811145547777, -0.00355048803613, 0.00734234973788, -0.0169663131237, 0.0152499610558, -0.014388483949, 0.0148151293397, -0.0145978499204, 0.0116211120039, -0.00330496649258], [0.00192837696522, -0.0129127837718, 0.0223943218589, -0.0173523481935, 0.00741105340421, -0.0092639606446, 0.0132739590481, -0.0177647098899, 0.0145711665973, -0.0211935304105, 0.0213186722249, -0.0175809822977, 0.00874239299446], [-0.00451748771593, 0.00811145547777, -0.0173523481935, 0.0363891273737, -0.0279707554728, 0.0128200678155, -0.00832872185856, 0.0029852676671, -0.0036690349225, 0.0101058026776, -0.0146400369704, 0.0167247895151, -0.0117426170036], [0.00518656428903, -0.00355048803613, 0.00741105340421, -0.0279707554728, 0.0423039905727, -0.0224286615849, 0.00622226204723, 0.00197617313825, -0.00565725751221, 0.00366391218267, -0.00303300097585, -0.00572378979996, 0.00261028809473], [-0.00375138688833, 0.00734234973788, -0.0092639606446, 0.0128200678155, -0.0224286615849, 0.031046167016, -0.0191569887102, 0.00774781312793, 0.00144531950355, -0.00190812326036, 0.00730234384537, 0.000604946224485, 0.00158758368343], [0.00425656605512, -0.0169663131237, 0.0132739590481, -0.00832872185856, 0.00622226204723, -0.0191569887102, 0.0497187189758, -0.0325256921351, 0.0126718115062, -0.0028952723369, -0.00261557521299, -0.0015797317028, -0.0040604560636], [-0.00402650749311, 0.0152499610558, -0.0177647098899, 0.0029852676671, 0.00197617313825, 0.00774781312793, -0.0325256921351, 0.048055741936, -0.0322403535247, 0.0178942941129, -0.00725723803043, -8.61301450641e-05, 0.00581267941743], [0.00594166666269, -0.014388483949, 0.0145711665973, -0.0036690349225, -0.00565725751221, 0.00144531950355, 0.0126718115062, -0.0322403535247, 0.0585008598864, -0.0354805402458, 0.0213847178966, -0.00258094072342, -0.0091013116762], [-0.00453663477674, 0.0148151293397, -0.0211935304105, 0.0101058026776, 0.00366391218267, -0.00190812326036, -0.0028952723369, 0.0178942941129, -0.0354805402458, 0.0598277188838, -0.0425483472645, 0.0213595964015, -0.0105096036568], [0.00331935612485, -0.0145978499204, 0.0213186722249, -0.0146400369704, -0.00303300097585, 0.00730234384537, -0.00261557521299, -0.00725723803043, 0.0213847178966, -0.0425483472645, 0.0666024535894, -0.0390150807798, 0.0238427463919], [-0.00261998130009, 0.0116211120039, -0.0175809822977, 0.0167247895151, -0.00572378979996, 0.000604946224485, -0.0015797317028, -8.61301450641e-05, -0.00258094072342, 0.0213595964015, -0.0390150807798, 0.0506949611008, -0.0242134034634], [0.00155089388136, -0.00330496649258, 0.00874239299446, -0.0117426170036, 0.00261028809473, 0.00158758368343, -0.0040604560636, 0.00581267941743, -0.0091013116762, -0.0105096036568, 0.0238427463919, -0.0242134034634, 0.0457438379526]]
    },
    "melbands": {
        "dmean": [0.000258954183664, 0.000348743022187, 8.68492206791e-05, 7.43796335883e-05, 3.829533307e-05, 5.24102506461e-05, 4.02488112741e-05, 6.02952313784e-05, 5.95573110331e-05, 7.37825830583e-05, 3.4684278944e-05, 3.69708213839e-05, 2.54336719081e-05, 6.63575556246e-05, 1.8914035536e-05, 2.128810047e-05, 6.29423157079e-05, 0.000110681728984, 7.27029837435e-05, 9.22879044083e-05, 8.875347703e-05, 8.22525908006e-05, 4.67106146971e-05, 3.52679126081e-05, 4.40752555733e-05, 2.6099038223e-05, 3.00888241327e-05, 1.4843459212e-05, 4.21876529799e-06, 7.26361577108e-06, 2.30522914535e-06, 1.07856612885e-06, 4.91088655963e-07, 6.87515750997e-08, 4.99723071812e-08, 8.36325995124e-08, 1.29695678197e-07, 8.46619485628e-08, 6.05715939628e-08, 3.42827526367e-08],
        "dmean2": [0.00043510471005, 0.000593668257352, 0.000148090810399, 0.000128936560941, 6.17924451944e-05, 9.09471855266e-05, 6.82414029143e-05, 0.000100293240394, 0.000102805737697, 0.000122010125779, 6.03759290243e-05, 6.21125509497e-05, 4.21251788794e-05, 0.000112526868179, 3.04683253489e-05, 3.56158197974e-05, 0.000101680336229, 0.000191513361642, 0.000117496114399, 0.000159853589139, 0.000146949649206, 0.0001390894613, 7.4953539297e-05, 5.93933073105e-05, 7.24950732547e-05, 4.39001050836e-05, 5.32173144165e-05, 2.53970792983e-05, 7.02035777067e-06, 1.18674179248e-05, 3.93091977458e-06, 1.81677739874e-06, 7.90679393958e-07, 1.10935744146e-07, 8.12399818528e-08, 1.36751850732e-07, 2.1905542269e-07, 1.41341971016e-07, 9.90652395672e-08, 5.44380043266e-08],
        "dvar": [2.42537595341e-07, 3.2652079085e-07, 1.24010011149e-08, 6.52819931446e-09, 1.81846238068e-09, 4.85203610623e-09, 1.60192203946e-09, 4.62180604899e-09, 7.02296309996e-09, 8.2256939038e-09, 2.94765500897e-09, 3.85444876017e-09, 6.74157007996e-10, 7.26592164213e-09, 6.70937472247e-10, 8.08590805423e-10, 4.69353444998e-09, 1.98257872341e-08, 8.90025653177e-09, 1.01844284117e-08, 8.03433319874e-09, 6.3623146751e-09, 1.55450308181e-09, 2.76030220903e-09, 2.27673147002e-09, 5.89844340038e-10, 9.56448920064e-10, 2.39173236771e-10, 2.10378155868e-11, 5.83477779981e-11, 5.87488955053e-12, 9.90811816273e-13, 2.02364682086e-13, 6.72117340218e-15, 3.79075238335e-15, 6.6228095836e-15, 2.04093554258e-14, 8.41736111422e-15, 3.76891629749e-15, 1.27466727155e-15],
        "dvar2": [7.04769888671e-07, 8.90435728707e-07, 3.36195391526e-08, 1.89847071397e-08, 4.46664971676e-09, 1.29772868007e-08, 4.08464329027e-09, 1.17554579404e-08, 1.94509137685e-08, 2.24439649088e-08, 8.2351556685e-09, 9.72521529974e-09, 1.63109614704e-09, 2.17004796355e-08, 1.6298833394e-09, 2.12043915759e-09, 1.23098216065e-08, 4.72415564445e-08, 1.97301552873e-08, 3.19104813684e-08, 2.19169287163e-08, 1.97406535563e-08, 3.72980979435e-09, 7.86327625235e-09, 6.27141627518e-09, 1.62870972265e-09, 2.61702459703e-09, 6.99146740502e-10, 5.48976246406e-11, 1.57661494971e-10, 1.66517528932e-11, 2.67147393616e-12, 5.51535271447e-13, 1.79552570322e-14, 1.0406442655e-14, 1.78546430706e-14, 5.55102262713e-14, 2.30041070286e-14, 1.04978807087e-14, 3.17660119231e-15],
        "max": [0.00349608366378, 0.00516271870583, 0.001218163874, 0.000552750658244, 0.000391349953134, 0.000511756923515, 0.000302536849631, 0.000499649380799, 0.000777310749982, 0.000811723526567, 0.000567852053791, 0.000529105192982, 0.000207294055144, 0.000913962780032, 0.00028964568628, 0.000240397203015, 0.000498509907629, 0.000896704266779, 0.00084784795763, 0.00088366784621, 0.000674879644066, 0.000673704140354, 0.000442096672487, 0.000505253090523, 0.000401938246796, 0.00021849499899, 0.000214507221244, 0.000111338638817, 4.43955032097e-05, 7.40667237551e-05, 2.21516438614e-05, 8.89964849193e-06, 4.39722225565e-06, 1.05576805254e-06, 6.32916169252e-07, 8.46371960961e-07, 1.3632035234e-06, 9.20414606753e-07, 5.86706050854e-07, 3.49680078671e-07],
        "mean": [0.000388666958315, 0.000526677526068, 0.000118827752885, 9.39274395932e-05, 5.91507741774e-05, 7.12318578735e-05, 5.83526125411e-05, 8.10401397757e-05, 7.13770132279e-05, 9.55158393481e-05, 5.08856574015e-05, 5.30217585037e-05, 4.50728075521e-05, 9.94216825347e-05, 3.22091473208e-05, 3.50103582605e-05, 9.77911331574e-05, 0.000162141295732, 0.00012761115795, 0.000142102231621, 0.000161383140949, 0.000143215773278, 9.79552642093e-05, 6.18846752332e-05, 8.11919016996e-05, 5.48484240426e-05, 5.10420140927e-05, 2.56268704106e-05, 1.013653673e-05, 1.67735870491e-05, 5.99868963036e-06, 2.91201376967e-06, 1.236232265e-06, 1.75986770046e-07, 1.15824342117e-07, 2.39862629314e-07, 3.64616568049e-07, 2.4350774197e-07, 1.72111995766e-07, 1.07126297166e-07],
        "median": [9.0952096798e-05, 0.00013789300283, 7.24429773982e-05, 6.59250945318e-05, 4.50919069408e-05, 4.32595406892e-05, 4.07102888857e-05, 5.4438420193e-05, 4.23993478762e-05, 5.97311263846e-05, 3.7627738493e-05, 3.38334502885e-05, 3.57332864951e-05, 5.76896527491e-05, 1.94724889298e-05, 2.30168752751e-05, 6.87198407832e-05, 0.000103422265965, 8.25724782771e-05, 0.000111175701022, 0.000127116218209, 0.000118959826068, 8.46479961183e-05, 4.59118127765e-05, 7.05879210727e-05, 5.03809460497e-05, 4.33218119724e-05, 2.16033276956e-05, 9.48910565057e-06, 1.6133486497e-05, 5.80571531827e-06, 2.75717911791e-06, 1.12297698251e-06, 1.49251178527e-07, 9.53456691377e-08, 2.34223520579e-07, 3.37397153771e-07, 2.46932131631e-07, 1.7502500782e-07, 1.04188536909e-07],
        "min": [6.11014115748e-07, 5.57293560632e-07, 4.4253198439e-07, 3.83888789202e-07, 2.96171634773e-07, 7.10160918516e-07, 1.90573291547e-06, 1.42940291425e-06, 8.0544600678e-07, 1.3416067759e-06, 7.13311237632e-07, 2.98968529933e-06, 2.09298423215e-06, 2.4976725399e-06, 7.67552478464e-07, 2.22343558676e-07, 1.74175124812e-06, 6.50055062579e-06, 7.20887737771e-06, 3.89641490983e-06, 4.67454674435e-06, 1.71494968981e-06, 1.02497779153e-06, 1.19277774502e-06, 1.14643648885e-06, 1.00203146758e-06, 2.33907769598e-07, 2.48999185715e-07, 1.20095251077e-07, 1.55419940029e-07, 1.52441387513e-07, 3.4421088202e-08, 1.43963312382e-08, 1.78290737729e-09, 1.6621349852e-09, 1.82561488149e-09, 1.28411858924e-09, 1.04592701167e-09, 7.31213978256e-10, 3.63753027699e-10],
        "var": [4.8771710226e-07, 8.23718210086e-07, 1.75685865855e-08, 7.44404138331e-09, 2.99311397889e-09, 6.60824950316e-09, 2.69508126927e-09, 6.29086693849e-09, 7.42487271665e-09, 1.18789191816e-08, 2.90048451923e-09, 4.80568473904e-09, 1.45712042432e-09, 1.27582246989e-08, 1.33973698802e-09, 1.19881149452e-09, 7.22505566486e-09, 2.65542308142e-08, 2.05069117243e-08, 1.4637759449e-08, 1.33758177867e-08, 9.16951314878e-09, 4.43127712302e-09, 3.21490523092e-09, 3.08046721464e-09, 9.57018464476e-10, 1.19850585012e-09, 3.39425487716e-10, 3.80025837188e-11, 1.10610673398e-10, 1.27821069701e-11, 3.24321147195e-12, 6.62351467076e-13, 1.89329769988e-14, 8.87019593925e-15, 2.40495794666e-14, 6.24516443334e-14, 2.65526821044e-14, 1.329266253e-14, 5.4709570072e-15]
    },
    "mfcc": {
        "mean": [-616.648193359, 99.0373764038, -71.9408493042, 43.0774154663, 5.1900434494, -4.64347934723, 5.0682387352, -4.71479463577, 13.1083536148, 2.76325702667, -1.34278702736, 2.95285558701, -5.37387895584],
        "cov": [[1322.28051758, -387.338348389, 379.761657715, -27.0237464905, 88.6902008057, 5.06506538391, 76.1748428345, -25.5009708405, -31.2437171936, -42.8249588013, -61.4913787842, -9.10387325287, -5.51088047028], [-387.338348389, 352.099151611, -56.1000823975, 44.9244194031, -58.9997901917, -2.87899112701, 5.5501666069, 32.7885704041, 22.7740287781, 28.6303386688, 51.3492355347, 33.3473091125, -10.7170705795], [379.761657715, -56.1000823975, 374.363861084, 90.0412979126, 102.952056885, 32.801071167, 79.4706192017, 62.0518379211, 64.4790725708, 32.2704124451, 5.29995679855, 7.63857030869, 23.7606830597], [-27.0237464905, 44.9244194031, 90.0412979126, 126.345237732, 64.1622161865, 14.0755472183, 45.333480835, 39.7009925842, 43.2775726318, 25.5259304047, 11.6631822586, 22.2710475922, 19.6901569366], [88.6902008057, -58.9997901917, 102.952056885, 64.1622161865, 114.773490906, 56.1763420105, 42.2075386047, 32.5736885071, 32.7217140198, 16.3864536285, -4.07198429108, -1.55923950672, 12.6127967834], [5.06506538391, -2.87899112701, 32.801071167, 14.0755472183, 56.1763420105, 81.7719802856, 37.8204574585, 18.7084999084, 13.8226213455, 7.73583745956, 1.23656845093, -3.77674007416, -2.85016727448], [76.1748428345, 5.5501666069, 79.4706192017, 45.333480835, 42.2075386047, 37.8204574585, 88.6586914062, 55.0470466614, 18.3895797729, 6.38371753693, 9.14354038239, 19.7853107452, 9.91384506226], [-25.5009708405, 32.7885704041, 62.0518379211, 39.7009925842, 32.5736885071, 18.7084999084, 55.0470466614, 103.732658386, 49.9947433472, 9.92044067383, 10.9508457184, 14.8111724854, 16.177904129], [-31.2437171936, 22.7740287781, 64.4790725708, 43.2775726318, 32.7217140198, 13.8226213455, 18.3895797729, 49.9947433472, 90.7927246094, 44.3880271912, -4.88912773132, -5.942070961, 16.6850738525], [-42.8249588013, 28.6303386688, 32.2704124451, 25.5259304047, 16.3864536285, 7.73583745956, 6.38371753693, 9.92044067383, 44.3880271912, 66.274520874, 16.1490459442, -11.4649658203, 0.556873440742], [-61.4913787842, 51.3492355347, 5.29995679855, 11.6631822586, -4.07198429108, 1.23656845093, 9.14354038239, 10.9508457184, -4.88912773132, 16.1490459442, 51.8495025635, 20.6732997894, -7.71117210388], [-9.10387325287, 33.3473091125, 7.63857030869, 22.2710475922, -1.55923950672, -3.77674007416, 19.7853107452, 14.8111724854, -5.942070961, -11.4649658203, 20.6732997894, 53.8029403687, 15.0162620544], [-5.51088047028, -10.7170705795, 23.7606830597, 19.6901569366, 12.6127967834, -2.85016727448, 9.91384506226, 16.177904129, 16.6850738525, 0.556873440742, -7.71117210388, 15.0162620544, 48.9601631165]],
