{
"lowlevel": {
    "average_loudness": 0.984482944012,
    "barkbands_crest": {
        "dmean": 1.20460915565,
        "dmean2": 2.02208018303,
        "dvar": 1.12942755222,
        "dvar2": 3.21242284775,
        "max": 10.861623764,
        "mean": 6.08567905426,
        "median": 5.82470083237,
        "min": 4.04760599136,
        "var": 1.52741992474
    },
    "barkbands_flatness_db": {
        "dmean": 0.00862681027502,
        "dmean2": 0.0148681253195,
        "dvar": 4.75671258755e-05,
        "dvar2": 0.000105516206531,
        "max": 0.176559507847,
        "mean": 0.145433872938,
        "median": 0.145091757178,
        "min": 0.0927487760782,
        "var": 0.000110591332486
    },
    "barkbands_kurtosis": {
        "dmean": 0.700451612473,
        "dmean2": 1.17507576942,
        "dvar": 0.447357147932,
        "dvar2": 1.13245689869,
        "max": 3.61251497269,
        "mean": -0.394461244345,
        "median": -0.725086927414,
        "min": -1.75143456459,
        "var": 1.24211263657
    },
    "barkbands_skewness": {
        "dmean": 0.294145077467,
        "dmean2": 0.491700679064,
        "dvar": 0.0636354759336,
        "dvar2": 0.184318974614,
        "max": 0.475509017706,
        "mean": -0.924149572849,
        "median": -0.888819158077,
        "min": -1.98215734959,
        "var": 0.170400634408
    },
    "barkbands_spread": {
        "dmean": 4.8829126358,
        "dmean2": 8.46843910217,
        "dvar": 16.8336868286,
        "dvar2": 49.0253486633,
        "max": 50.6565895081,
        "mean": 29.7494354248,
        "median": 30.1888694763,
        "min": 15.5735292435,
        "var": 43.0082206726
    },
    "dissonance": {
        "dmean": 0.00387055403553,
        "dmean2": 0.00632626097649,
        "dvar": 7.45504949009e-05,
        "dvar2": 8.93736578291e-05,
        "max": 0.499336749315,
        "mean": 0.494138389826,
        "median": 0.4955047369,
        "min": 0.382541269064,
        "var": 7.9509576608e-05
    },
    "dynamic_complexity": 0.286153316498,
    "erbbands_crest": {
        "dmean": 1.64283585548,
        "dmean2": 2.77947616577,
        "dvar": 2.10211205482,
        "dvar2": 6.15364646912,
        "max": 15.5890550613,
        "mean": 9.02238464355,
        "median": 8.79661464691,
        "min": 5.25801181793,
        "var": 2.7397749424
    },
    "erbbands_flatness_db": {
        "dmean": 0.00934946723282,
        "dmean2": 0.0153487725183,
        "dvar": 5.44024987903e-05,
        "dvar2": 0.000150773441419,
        "max": 0.286082208157,
        "mean": 0.249936074018,
        "median": 0.2494866997,
        "min": 0.205309838057,
        "var": 0.000119403055578
    },
    "erbbands_kurtosis": {
        "dmean": 1.60492575169,
        "dmean2": 2.73194527626,
        "dvar": 1.72352445126,
        "dvar2": 5.04203748703,
        "max": 12.7596502304,
        "mean": 5.83855819702,
        "median": 5.50947952271,
        "min": 1.59772777557,
        "var": 4.23336839676
    },
    "erbbands_skewness": {
        "dmean": 0.259870409966,
        "dmean2": 0.438565462828,
        "dvar": 0.0400981120765,
        "dvar2": 0.111954733729,
        "max": -0.326069563627,
        "mean": -2.00232887268,
        "median": -1.98285007477,
        "min": -2.81213593483,
        "var": 0.114278286695
    },
    "erbbands_spread": {
        "dmean": 2.37928509712,
        "dmean2": 3.99287343025,
        "dvar": 6.4046998024,
        "dvar2": 18.892665863,
        "max": 31.6492671967,
        "mean": 14.0961427689,
        "median": 13.6339025497,
        "min": 7.38658094406,
        "var": 12.2255725861
    },
    "hfc": {
        "dmean": 4.74784183502,
        "dmean2": 7.75632810593,
        "dvar": 19.8245067596,
        "dvar2": 34.3572425842,
        "max": 53.4347038269,
        "mean": 37.9965133667,
        "median": 38.1400375366,
        "min": 0.803233921528,
        "var": 38.2007713318
    },
    "melbands_crest": {
        "dmean": 2.39693450928,
        "dmean2": 4.2354183197,
        "dvar": 3.28399443626,
        "dvar2": 8.24165058136,
        "max": 18.5566215515,
        "mean": 9.49070549011,
        "median": 9.16351127625,
        "min": 4.04926538467,
        "var": 12.1818981171
    },
    "melbands_flatness_db": {
        "dmean": 0.0108573967591,
        "dmean2": 0.0188708640635,
        "dvar": 0.000100810269942,
        "dvar2": 0.0002967476903,
        "max": 0.213881447911,
        "mean": 0.14366568625,
        "median": 0.14283028245,
        "min": 0.112132921815,
        "var": 0.000213884952245
    },
    "melbands_kurtosis": {
        "dmean": 0.289385765791,
        "dmean2": 0.523019731045,
        "dvar": 0.217852950096,
        "dvar2": 0.64960950613,
        "max": 2.4042096138,
        "mean": -1.4033395052,
        "median": -1.50984930992,
        "min": -1.76823866367,
        "var": 0.153082296252
    },
    "melbands_skewness": {
        "dmean": 0.321902871132,
        "dmean2": 0.55631762743,
        "dvar": 0.084783822298,
        "dvar2": 0.240545392036,
        "max": 2.0107614994,
        "mean": 0.224703520536,
        "median": 0.256451547146,
        "min": -0.795574486256,
        "var": 0.197089090943
    },
    "melbands_spread": {
        "dmean": 6.23029565811,
        "dmean2": 10.424451828,
        "dvar": 34.1835975647,
        "dvar2": 94.038482666,
        "max": 96.1510620117,
        "mean": 79.4991989136,
        "median": 79.9021148682,
        "min": 47.2933387756,
        "var": 56.1001472473
    },
    "pitch_salience": {
        "dmean": 0.0450993590057,
        "dmean2": 0.0759754478931,
        "dvar": 0.00157212931663,
        "dvar2": 0.00431812228635,
        "max": 0.867592632771,
        "mean": 0.664353191853,
        "median": 0.667955219746,
        "min": 0.428167670965,
        "var": 0.00304937618785
    },
    "silence_rate_20dB": {
        "dmean": 0,
        "dmean2": 0,
        "dvar": 0,
        "dvar2": 0,
        "max": 1,
        "mean": 1,
        "median": 1,
        "min": 1,
        "var": 0
    },
    "silence_rate_30dB": {
        "dmean": 0,
        "dmean2": 0,
        "dvar": 0,
        "dvar2": 0,
        "max": 1,
        "mean": 1,
        "median": 1,
        "min": 1,
        "var": 0
    },
    "silence_rate_60dB": {
        "dmean": 0,
        "dmean2": 0,
        "dvar": 0,
        "dvar2": 0,
        "max": 0,
        "mean": 0,
        "median": 0,
        "min": 0,
        "var": 0
    },
    "spectral_centroid": {
        "dmean": 104.528396606,
        "dmean2": 182.50553894,
        "dvar": 8224.34960938,
        "dvar2": 21734.6992188,
        "max": 2974.98730469,
        "mean": 2725.06640625,
        "median": 2729.76831055,
        "min": 2297.10595703,
        "var": 14604.5058594
    },
    "spectral_complexity": {
        "dmean": 4.02222204208,
        "dmean2": 6.64804458618,
        "dvar": 18.4661693573,
        "dvar2": 36.0604820251,
        "max": 49,
        "mean": 37.6906089783,
        "median": 38,
        "min": 0,
        "var": 20.8987464905
    },
    "spectral_decrease": {
        "dmean": 4.50482151582e-10,
        "dmean2": 7.46542383467e-10,
        "dvar": 2.58504022687e-19,
        "dvar2": 5.33590586812e-19,
        "max": -1.21948701137e-10,
        "mean": -4.04454825187e-09,
        "median": -4.07543820913e-09,
        "min": -5.6499955825e-09,
        "var": 3.20201485872e-19
    },
    "spectral_energy": {
        "dmean": 0.00198552501388,
        "dmean2": 0.00324487080798,
        "dvar": 4.97436712976e-06,
        "dvar2": 9.60192573984e-06,
        "max": 0.024011651054,
        "mean": 0.018711457029,
        "median": 0.0188606716692,
        "min": 0.000533116457518,
        "var": 6.38968776911e-06
    },
    "spectral_energyband_high": {
        "dmean": 0.000129677559016,
        "dmean2": 0.000218967470573,
        "dvar": 1.59657922438e-08,
        "dvar2": 3.8690121329e-08,
        "max": 0.00118943571579,
        "mean": 0.000464229407953,
        "median": 0.000471549545182,
        "min": 1.27462626551e-05,
        "var": 2.45706370805e-08
    },
    "spectral_energyband_low": {
        "dmean": 0.000494482635986,
        "dmean2": 0.000911147391889,
        "dvar": 5.19197556059e-07,
        "dvar2": 1.8908679067e-06,
        "max": 0.00597965298221,
        "mean": 0.000789561250713,
        "median": 0.000549277174287,
        "min": 2.98420018225e-05,
        "var": 6.22247910087e-07
    },
    "spectral_energyband_middle_high": {
        "dmean": 0.00163281161804,
        "dmean2": 0.00262599484995,
        "dvar": 2.84066936729e-06,
        "dvar2": 4.4101475396e-06,
        "max": 0.0195559170097,
        "mean": 0.0134074371308,
        "median": 0.0133853787556,
        "min": 0.000389684311813,
        "var": 4.91739547215e-06
    },
    "spectral_energyband_middle_low": {
        "dmean": 0.00120028236415,
        "dmean2": 0.00205631088465,
        "dvar": 1.91575327335e-06,
        "dvar2": 5.49145761397e-06,
        "max": 0.0139569304883,
        "mean": 0.00420257914811,
        "median": 0.0040016528219,
        "min": 0.000107674801257,
        "var": 3.70862062482e-06
    },
    "spectral_entropy": {
        "dmean": 0.0592393986881,
        "dmean2": 0.0963761284947,
        "dvar": 0.00268339808099,
        "dvar2": 0.00517965480685,
        "max": 8.1742811203,
        "mean": 7.48274564743,
        "median": 7.48052358627,
        "min": 7.34911441803,
        "var": 0.00572692602873
    },
    "spectral_flux": {
        "dmean": 0.00787265412509,
        "dmean2": 0.0125910714269,
        "dvar": 3.53952782461e-05,
        "dvar2": 8.1851700088e-05,
        "max": 0.127321913838,
        "mean": 0.0787791013718,
        "median": 0.0785257518291,
        "min": 0.0563605651259,
        "var": 7.62393901823e-05
    },
    "spectral_kurtosis": {
        "dmean": 4.58044624329,
        "dmean2": 8.24981212616,
        "dvar": 12.2657365799,
        "dvar2": 37.6841506958,
        "max": 22.1434745789,
        "mean": 9.9802904129,
        "median": 9.5028181076,
        "min": 3.09639453888,
        "var": 17.7241725922
    },
    "spectral_rms": {
        "dmean": 0.000236474603298,
        "dmean2": 0.00038018572377,
        "dvar": 1.15354730212e-07,
        "dvar2": 1.6825688931e-07,
        "max": 0.00484004151076,
        "mean": 0.00425676628947,
        "median": 0.00428959866986,
        "min": 0.000721189077012,
        "var": 1.35019035952e-07
    },
    "spectral_rolloff": {
        "dmean": 113.88671875,
        "dmean2": 195.843856812,
        "dvar": 10821.6914062,
        "dvar2": 22762.6992188,
        "max": 3552.97851562,
        "mean": 3239.49755859,
        "median": 3251.51367188,
        "min": 2325.5859375,
        "var": 16448.1484375
    },
    "spectral_skewness": {
        "dmean": 0.412347882986,
        "dmean2": 0.728049278259,
        "dvar": 0.106393203139,
        "dvar2": 0.313963860273,
        "max": 3.44985413551,
        "mean": 1.09747803211,
        "median": 1.01575553417,
        "min": 0.376661747694,
        "var": 0.184275865555
    },
    "spectral_spread": {
        "dmean": 151192.796875,
        "dmean2": 230114.609375,
        "dvar": 145159110656,
        "dvar2": 106403987456,
        "max": 7887319.5,
        "mean": 1829058.125,
        "median": 1803376.5,
        "min": 1527315.125,
        "var": 225390821376
    },
    "spectral_strongpeak": {
        "dmean": 1.0432459116,
        "dmean2": 1.88861811161,
        "dvar": 1.9134529829,
        "dvar2": 5.03902673721,
        "max": 6.99954748154,
        "mean": 1.19978606701,
        "median": 0.48460367322,
        "min": 0.0382523424923,
        "var": 1.95294487476
    },
    "zerocrossingrate": {
        "dmean": 0.00461968313903,
        "dmean2": 0.00624127080664,
        "dvar": 4.06063045375e-05,
        "dvar2": 3.40345868608e-05,
        "max": 0.12451171875,
        "mean": 0.101206406951,
        "median": 0.10205078125,
        "min": 0.02099609375,
        "var": 0.000108186359284
    },
    "barkbands": {
        "dmean": [2.10126995626e-06, 0.000382983474992, 0.000176839937922, 0.000307610083837, 0.00108462385833, 7.35546127544e-05, 6.84245678713e-05, 3.69151603081e-05, 0.000210858575883, 9.00461236597e-05, 0.000105551313027, 0.000214164872887, 5.0908576668e-05, 0.000345771462889, 0.000369093060726, 0.000956385803875, 0.00118546502199, 0.000867159687914, 0.000841509026941, 0.000315472279908, 6.6951601184e-05, 8.43650377647e-06, 7.09257903964e-07, 2.34493154494e-06, 6.4033235958e-07, 2.31816883911e-07, 1.78237584691e-08],
        "dmean2": [3.36551488545e-06, 0.000706360966433, 0.000325856963173, 0.000527826778125, 0.00190175499301, 0.000130471948069, 0.000117524876259, 6.41674632789e-05, 0.000353901443304, 0.000158415437909, 0.000185982586117, 0.000365420477465, 8.94701079233e-05, 0.000537430052646, 0.000604048429523, 0.00164681917522, 0.00190333859064, 0.0014863909455, 0.00139747618232, 0.000541346846148, 0.000112678702862, 1.40622723848e-05, 1.22836922856e-06, 3.9027886487e-06, 1.06686604795e-06, 3.76640997501e-07, 3.03783309619e-08],
        "dvar": [3.62767693489e-12, 4.53230796893e-07, 3.88500041026e-08, 1.89517123772e-07, 1.24341579522e-06, 5.45284972731e-09, 3.89309962046e-09, 1.06896436147e-09, 3.25423528125e-08, 5.49075984679e-09, 8.59424620359e-09, 4.65192897536e-08, 1.44833034454e-09, 2.66900059387e-07, 8.57422506328e-08, 5.29564545104e-07, 9.26581265048e-07, 4.31311008242e-07, 4.47115041879e-07, 5.65981146394e-08, 3.52979445672e-09, 1.07135848804e-10, 3.04387374681e-13, 4.53219926866e-12, 3.35227207321e-13, 7.53768859938e-14, 2.58406008815e-16],
        "dvar2": [9.53915679086e-12, 1.67076575508e-06, 1.25923662608e-07, 5.94817947785e-07, 3.36294147019e-06, 1.49685916995e-08, 1.15096403519e-08, 3.03447378336e-09, 8.15459841874e-08, 1.39344589201e-08, 2.34240946639e-08, 1.21530590036e-07, 4.44912418018e-09, 5.52044866708e-07, 2.32195048966e-07, 1.79622077212e-06, 2.37178005591e-06, 1.27876467104e-06, 1.20106835766e-06, 1.76655760242e-07, 9.34662214291e-09, 2.13324538589e-10, 9.09394792543e-13, 1.07317505577e-11, 8.2102976761e-13, 1.66964776423e-13, 7.90983241887e-16],
        "max": [1.54707122419e-05, 0.005255789496, 0.00107358908281, 0.0038338447921, 0.0096594709903, 0.000575235055294, 0.000544936978258, 0.000243716145633, 0.00196159747429, 0.000677181757055, 0.000598920392804, 0.00150834326632, 0.000243354137638, 0.0052810870111, 0.00236640428193, 0.00533554563299, 0.00790379755199, 0.00453662034124, 0.0057798079215, 0.00171155901626, 0.000494171574246, 0.000111189379822, 4.36695790995e-06, 2.12562881643e-05, 4.41262272943e-06, 3.05827211378e-06, 9.8463992515e-08],
        "mean": [3.09232450491e-06, 0.000474661297631, 0.000192322069779, 0.00043382923468, 0.00274527887814, 0.000105383944174, 0.000110704582767, 6.06212161074e-05, 0.000716390786693, 0.000166246740264, 0.000170503670233, 0.000339201564202, 0.000100726443634, 0.000699850090314, 0.000848044001032, 0.0023367733229, 0.00327233131975, 0.00206446344964, 0.00282257329673, 0.000805702467915, 0.000202120936592, 2.58538075286e-05, 2.25634630624e-06, 9.68175208982e-06, 2.04008119908e-06, 7.9383761431e-07, 2.31998225075e-08],
        "median": [2.20556012209e-06, 0.000267628551228, 0.000111310917418, 0.000299418490613, 0.00243679620326, 8.52199300425e-05, 9.51812544372e-05, 5.4078635003e-05, 0.000634206575342, 0.000137872295454, 0.000138746210723, 0.000277602142887, 9.39825404203e-05, 0.00060552515788, 0.000798652181402, 0.00220957421698, 0.00317898206413, 0.00187223870307, 0.00278171151876, 0.000770969607402, 0.000201487317099, 2.46328363573e-05, 2.22280118578e-06, 9.28155532165e-06, 1.98731936507e-06, 7.77451077738e-07, 1.7452222778e-08],
        "min": [4.24344364092e-08, 1.03248930827e-05, 1.03137863334e-05, 9.72933776211e-06, 4.93577681482e-05, 1.29225636556e-05, 7.56680765335e-06, 2.22689482143e-06, 7.58869464335e-06, 1.08538770291e-05, 7.11865413905e-06, 4.0630759031e-05, 1.28475912788e-05, 8.48230847623e-05, 2.67081522907e-05, 4.72394676763e-05, 1.12090701805e-05, 1.95084212464e-05, 2.59628395725e-05, 1.60654799402e-05, 5.76747925152e-06, 2.08570986615e-06, 6.97395634575e-08, 2.8892995374e-07, 1.78388759764e-07, 9.32240951101e-08, 2.3908048874e-09],
        "var": [7.7022251424e-12, 4.74614495261e-07, 4.3479278844e-08, 1.85808715969e-07, 2.67033055934e-06, 6.00321836686e-09, 5.52395551523e-09, 1.49898360391e-09, 1.99959529823e-07, 1.09758921951e-08, 1.29121051629e-08, 6.05044547797e-08, 2.08584194361e-09, 2.63578101567e-07, 1.40061530374e-07, 7.96427286787e-07, 1.57565420977e-06, 6.58152316646e-07, 7.956653576e-07, 9.75938192482e-08, 6.31212326851e-09, 1.04731820438e-10, 4.9110552864e-13, 8.23986538723e-12, 6.16117291734e-13, 7.96450172523e-14, 3.81774134121e-16]
    },
    "erbbands": {
        "dmean": [0.00627775443718, 0.102514341474, 0.214194953442, 0.495990544558, 4.11722135544, 2.52107453346, 0.567000627518, 0.704477608204, 0.526286542416, 1.31007575989, 1.11447632313, 6.15086317062, 2.10830688477, 4.11816167831, 4.90245914459, 8.22544193268, 2.10774731636, 12.0066785812, 17.6920375824, 25.557258606, 57.3656997681, 69.9195632935, 33.9993362427, 50.5657997131, 28.6049728394, 13.3816003799, 3.01771640778, 2.10904145241, 0.378158837557, 0.0628193318844, 0.0228229835629, 0.0597280934453, 0.0341095514596, 0.013180562295, 0.00118785502855, 0.00119608629029, 0.000409102154663, 4.0008671931e-05, 2.3196651e-06, 2.78793277175e-06],
        "dmean2": [0.0106490626931, 0.1901165694, 0.402212649584, 0.843269109726, 6.81302595139, 4.58315706253, 1.00390315056, 1.2359162569, 0.892008006573, 2.22455573082, 1.9424571991, 10.0213823318, 3.69307875633, 7.30139684677, 8.5464925766, 14.1477804184, 3.5117149353, 18.8282375336, 30.1673107147, 41.0641517639, 97.9753265381, 116.901229858, 56.9958686829, 82.3828048706, 50.3522720337, 22.7657814026, 4.93003749847, 3.68037462234, 0.624061048031, 0.102031730115, 0.0385212786496, 0.100557081401, 0.0562874227762, 0.0219185147434, 0.00202849251218, 0.00194658164401, 0.000686868268531, 6.62539605401e-05, 3.84089844374e-06, 4.47936508863e-06],
        "dvar": [0.000102008518297, 0.0317332148552, 0.0700596570969, 0.34788531065, 24.1318092346, 4.88733530045, 0.512507796288, 0.42640003562, 0.207816511393, 1.16402518749, 1.39462220669, 26.7527198792, 2.96548461914, 18.7432518005, 22.1543121338, 63.9422454834, 10.4830646515, 607.445068359, 216.246520996, 433.451904297, 1659.75134277, 3988.65551758, 671.571533203, 1791.92407227, 528.28302002, 102.193870544, 6.86549472809, 3.5868601799, 0.220440879464, 0.00968666560948, 0.000324899796396, 0.00280162319541, 0.000816368614323, 0.000148252234794, 1.26841644033e-06, 2.21747063733e-06, 1.99537069534e-07, 1.27629917746e-09, 5.74273571405e-12, 9.29474466144e-12],
        "dvar2": [0.000349362177076, 0.117932200432, 0.234134286642, 1.0711363554, 73.8509979248, 13.410410881, 1.56337738037, 1.2043030262, 0.600762546062, 3.39376878738, 3.89549970627, 69.587348938, 7.91052103043, 49.5666847229, 64.8969650269, 161.944641113, 23.2054271698, 1253.59289551, 518.860168457, 1128.39929199, 5634.85351562, 10214.0058594, 1806.22814941, 4800.55273438, 1546.09863281, 301.462188721, 16.8578739166, 9.59201049805, 0.494933396578, 0.0227648690343, 0.000882135180291, 0.00720911100507, 0.00195544445887, 0.000372634123778, 2.6735474421e-06, 4.82931500301e-06, 4.61142718677e-07, 3.46251272099e-09, 1.18326928117e-11, 1.71558323103e-11],
        "max": [0.110198229551, 1.29943180084, 1.47470271587, 5.32379817963, 46.9320144653, 16.7257785797, 6.70195817947, 4.84428501129, 3.5159740448, 8.68012523651, 9.89803218842, 57.5459785461, 14.9005699158, 30.4046001434, 33.9434013367, 49.2593231201, 36.2260932922, 273.274047852, 129.034927368, 175.420608521, 292.586914062, 492.692565918, 205.793563843, 326.664825439, 182.832992554, 74.0165710449, 22.073223114, 14.0433425903, 4.97678089142, 1.06305027008, 0.145661264658, 0.50796943903, 0.239300593734, 0.0941299274564, 0.0104973642156, 0.016879113391, 0.00454950658605, 0.000241199915763, 2.51097426371e-05, 3.45714252035e-05],
        "mean": [0.0102845225483, 0.118633911014, 0.260880559683, 0.920196771622, 9.60410785675, 5.65312767029, 1.11989378929, 0.996908724308, 1.10121202469, 1.8796916008, 2.43147349358, 20.4778499603, 6.41265296936, 7.0947766304, 9.67899608612, 13.048327446, 5.50774049759, 23.7242984772, 43.8341674805, 71.3683395386, 144.094665527, 186.652023315, 111.063179016, 176.549407959, 92.1114349365, 38.2124824524, 11.1117916107, 5.46935224533, 1.21524727345, 0.20011651516, 0.085816450417, 0.219227865338, 0.124157011509, 0.0429648682475, 0.00445740344003, 0.0040012197569, 0.00139323552139, 8.52678567753e-05, 1.77554466063e-05, 2.6637544579e-05],
        "median": [0.00560149038211, 0.0685096234083, 0.156746163964, 0.776363611221, 8.69793796539, 4.85672950745, 0.796426475048, 0.804692983627, 0.949739933014, 1.60432255268, 2.14399909973, 17.1687660217, 6.17372560501, 5.39989233017, 7.93175268173, 10.1731758118, 5.00310468674, 20.1622085571, 40.7897186279, 69.3147125244, 138.757354736, 174.737060547, 106.996147156, 173.048294067, 89.6252746582, 37.7759208679, 11.2748622894, 5.11071205139, 1.17238807678, 0.189027264714, 0.0828862413764, 0.211962044239, 0.122530460358, 0.0426532514393, 0.00450485758483, 0.00386918033473, 0.00134590920061, 7.36207075533e-05, 1.76928206201e-05, 2.67993382295e-05],
        "min": [0.000333253759891, 0.00228811707348, 0.0100626191124, 0.0337345376611, 0.0946898758411, 0.184763506055, 0.160135820508, 0.101299732924, 0.0852602794766, 0.141956761479, 0.10930365324, 0.150905385613, 0.390464961529, 0.201461181045, 0.94012260437, 1.94974839687, 1.34677791595, 6.05724477768, 1.03342592716, 2.94512486458, 1.73923301697, 0.599811971188, 0.836414396763, 1.37787950039, 1.25640785694, 0.70663434267, 0.336301445961, 0.147768437862, 0.0772521570325, 0.0310574080795, 0.00292421574704, 0.00503240758553, 0.00540997367352, 0.00278134853579, 0.000512968108524, 0.000500784430187, 0.000135461610625, 8.0697464e-06, 7.34318916784e-07, 7.21184619579e-07],
        "var": [0.000216343149077, 0.0300394203514, 0.0757518708706, 0.40282073617, 41.1265830994, 10.229388237, 1.15834844112, 0.518255710602, 0.432213008404, 1.77196669579, 1.78556001186, 181.114776611, 7.58746051788, 28.2257156372, 32.404132843, 86.5536422729, 8.7284822464, 489.574035645, 353.409484863, 783.681030273, 2655.63891602, 5575.97851562, 1134.69555664, 3140.5793457, 928.612487793, 179.882507324, 14.7171506882, 5.26740407944, 0.20765145123, 0.00754562346265, 0.000530585704837, 0.00445704348385, 0.0017151228385, 0.000264453788986, 2.26968950301e-06, 2.19495041165e-06, 2.3800821225e-07, 2.22763385516e-09, 8.62590120859e-12, 1.2996996708e-11]
    },
    "gfcc": {
        "mean": [-14.6683750153, 94.2488327026, -188.800247192, 58.5740509033, -24.240480423, -13.9928178787, -34.6745758057, 13.1415567398, -31.9460887909, -17.3028392792, -21.946138382, -17.825592041, -1.53952932358],
        "cov": [[219.883468628, -0.243974477053, 4.74400615692, 27.3393344879, 8.24226379395, -9.46402740479, 14.3234615326, 32.4775352478, 11.832701683, -8.04009914398, 3.27738308907, -0.470292150974, 7.41793489456], [-0.243974477053, 88.0318222046, 27.3263626099, 2.02658176422, 18.8748397827, 23.23869133, 21.8583641052, 7.47383213043, 22.4656105042, 7.33220672607, 16.8342819214, 22.7926654816, 9.53884601593], [4.74400615692, 27.3263626099, 48.6963768005, 30.0559654236, 21.2414741516, 14.5318212509, 13.7120771408, 15.8877954483, 4.84682416916, 7.73370695114, 7.26976776123, 6.18080663681, 5.92677021027], [27.3393344879, 2.02658176422, 30.0559654236, 41.4939498901, 25.5613765717, 7.6065788269, 9.33824443817, 16.7261867523, 5.6600933075, 1.61809289455, 3.89892029762, -0.748666703701, 9.43064403534], [8.24226379395, 18.8748397827, 21.2414741516, 25.5613765717, 39.1332626343, 21.6245918274, 9.0443277359, 10.7459459305, 10.3799715042, 6.4398598671, 15.2138643265, 12.7098255157, 9.65140342712], [-9.46402740479, 23.23869133, 14.5318212509, 7.6065788269, 21.6245918274, 33.2474975586, 18.902589798, 9.63374137878, 11.3343305588, 16.1517772675, 17.7681217194, 16.5187034607, 7.03265380859], [14.3234615326, 21.8583641052, 13.7120771408, 9.33824443817, 9.0443277359, 18.902589798, 30.4607982635, 26.2034511566, 16.2504043579, 9.40932941437, 8.78928852081, 8.67111110687, 6.40109729767], [32.4775352478, 7.47383213043, 15.8877954483, 16.7261867523, 10.7459459305, 9.63374137878, 26.2034511566, 50.1684303284, 28.1652297974, 10.5616388321, 11.2723579407, 2.29070854187, 9.58862686157], [11.832701683, 22.4656105042, 4.84682416916, 5.6600933075, 10.3799715042, 11.3343305588, 16.2504043579, 28.1652297974, 39.5487213135, 20.3613452911, 16.2079181671, 12.990404129, 8.62803268433], [-8.04009914398, 7.33220672607, 7.73370695114, 1.61809289455, 6.4398598671, 16.1517772675, 9.40932941437, 10.5616388321, 20.3613452911, 39.0673332214, 26.6815567017, 17.9283714294, 5.98109006882], [3.27738308907, 16.8342819214, 7.26976776123, 3.89892029762, 15.2138643265, 17.7681217194, 8.78928852081, 11.2723579407, 16.2079181671, 26.6815567017, 40.1962738037, 28.8609962463, 9.50658226013], [-0.470292150974, 22.7926654816, 6.18080663681, -0.748666703701, 12.7098255157, 16.5187034607, 8.67111110687, 2.29070854187, 12.990404129, 17.9283714294, 28.8609962463, 39.0670585632, 13.0348501205], [7.41793489456, 9.53884601593, 5.92677021027, 9.43064403534, 9.65140342712, 7.03265380859, 6.40109729767, 9.58862686157, 8.62803268433, 5.98109006882, 9.50658226013, 13.0348501205, 20.1367530823]],
        "icov": [[0.00625540222973, -0.00333392014727, 0.00716365734115, -0.00955079961568, 0.00156898726709, 0.00345913483761, 0.000437603885075, -0.00675499951467, 0.004267310258, -0.000641717691906, 0.000876634847373, -0.0037976638414, 0.0031633938197], [-0.00333392014727, 0.0481679067016, -0.0534537248313, 0.051329523325, -0.0189887434244, 0.0125918705016, -0.0487078018486, 0.0535353086889, -0.0515844002366, 0.0353135764599, -0.0298933684826, 0.0204272009432, -0.0226975232363], [0.00716365734115, -0.0534537248313, 0.108117736876, -0.094763673842, 0.0232952795923, -0.0232549607754, 0.0530528500676, -0.0724430158734, 0.0698901563883, -0.0480725243688, 0.0452119261026, -0.0405317172408, 0.0390535108745], [-0.00955079961568, 0.051329523325, -0.094763673842, 0.148614630103, -0.0774874687195, 0.0494859628379, -0.07066655159, 0.0603072009981, -0.0491476915777, 0.0283155068755, -0.0352856069803, 0.0512311793864, -0.0527590513229], [0.00156898726709, -0.0189887434244, 0.0232952795923, -0.0774874687195, 0.109033994377, -0.0774079784751, 0.0614479444921, -0.0253293178976, 0.000756474619266, 0.0172551777214, -0.00355146033689, -0.0191013179719, 0.0137454103678], [0.00345913483761, 0.0125918705016, -0.0232549607754, 0.0494859628379, -0.0774079784751, 0.13012316823, -0.0963971465826, 0.0406042858958, -0.00354260625318, -0.0180185548961, -0.0179414786398, 0.013978519477, -0.0143144289032], [0.000437603885075, -0.0487078018486, 0.0530528500676, -0.07066655159, 0.0614479444921, -0.0963971465826, 0.175660192966, -0.1118587479, 0.0501974262297, -0.0269478224218, 0.0548529028893, -0.0493764542043, 0.034594219178], [-0.00675499951467, 0.0535353086889, -0.0724430158734, 0.0603072009981, -0.0253293178976, 0.0406042858958, -0.1118587479, 0.138693720102, -0.0953329652548, 0.0508045069873, -0.0660329014063, 0.0612652823329, -0.0450451225042], [0.004267310258, -0.0515844002366, 0.0698901563883, -0.0491476915777, 0.000756474619266, -0.00354260625318, 0.0501974262297, -0.0953329652548, 0.122899882495, -0.0700107365847, 0.0505749881268, -0.0410866960883, 0.0264788940549], [-0.000641717691906, 0.0353135764599, -0.0480725243688, 0.0283155068755, 0.0172551777214, -0.0180185548961, -0.0269478224218, 0.0508045069873, -0.0700107365847, 0.0972532108426, -0.0668838396668, 0.026502026245, -0.0176749415696], [0.000876634847373, -0.0298933684826, 0.0452119261026, -0.0352856069803, -0.00355146033689, -0.0179414786398, 0.0548529028893, -0.0660329014063, 0.0505749881268, -0.0668838396668, 0.117711812258, -0.0725770890713, 0.0286351852119], [-0.0037976638414, 0.0204272009432, -0.0405317172408, 0.0512311793864, -0.0191013179719, 0.013978519477, -0.0493764542043, 0.0612652823329, -0.0410866960883, 0.026502026245, -0.0725770890713, 0.100754253566, -0.0507683753967], [0.0031633938197, -0.0226975232363, 0.0390535108745, -0.0527590513229, 0.0137454103678, -0.0143144289032, 0.034594219178, -0.0450451225042, 0.0264788940549, -0.0176749415696, 0.0286351852119, -0.0507683753967, 0.0945737808943]]
    },
    "melbands": {
        "dmean": [8.55921025504e-05, 0.000112689485832, 0.000176388421096, 0.00028220997774, 2.25423118536e-05, 1.46422953549e-05, 9.86571649264e-06, 1.24264834085e-05, 1.11489644041e-05, 3.96941177314e-05, 1.00316210592e-05, 1.6425829017e-05, 1.57753602252e-05, 2.95901209029e-05, 6.69505470796e-06, 9.03020736587e-06, 2.61507029791e-05, 3.12572483381e-05, 3.01407544612e-05, 5.0105722039e-05, 8.13743754406e-05, 7.24400451872e-05, 5.75044250581e-05, 4.14040187025e-05, 4.73631189379e-05, 3.08871458401e-05, 1.77212659764e-05, 7.56223698772e-06, 1.83094334716e-06, 2.37624817601e-06, 8.63751779434e-07, 2.40250358274e-07, 1.04886737518e-07, 1.41698439649e-08, 1.17276375278e-08, 2.73493725444e-08, 4.48963426436e-08, 3.03751086506e-08, 1.93242168933e-08, 9.54363699179e-09],
        "dmean2": [0.000155763322255, 0.000209892576095, 0.00030494882958, 0.00049854622921, 3.95140486944e-05, 2.55957256741e-05, 1.69597333297e-05, 2.13005205296e-05, 1.94599524548e-05, 6.47321576253e-05, 1.77590918611e-05, 2.91676824418e-05, 2.80553686025e-05, 5.1331026043e-05, 1.11650979306e-05, 1.50829691847e-05, 4.12025910919e-05, 5.33462552994e-05, 4.7580775572e-05, 8.65753681865e-05, 0.000139976778883, 0.00011932165944, 9.54541101237e-05, 7.14147899998e-05, 7.84010553616e-05, 5.21835791005e-05, 3.11108269671e-05, 1.25615206343e-05, 3.01132558889e-06, 4.0240843191e-06, 1.52716540924e-06, 4.03944142136e-07, 1.76581835376e-07, 2.3919916714e-08, 2.09320454303e-08, 4.66634588747e-08, 7.54812177206e-08, 5.05375012949e-08, 3.24824789288e-08, 1.64347948584e-08],
        "dvar": [2.25595435666e-08, 2.68141935322e-08, 6.0509513844e-08, 8.3635718795e-08, 6.48833209382e-10, 1.87875104363e-10, 7.83433387608e-11, 9.80273709428e-11, 1.39307509972e-10, 1.12865694568e-09, 6.96137730793e-11, 2.97191604659e-10, 1.88499688081e-10, 9.10334418958e-10, 4.15979403701e-11, 3.65533298075e-10, 2.0503465592e-09, 8.41298253285e-10, 5.89120141559e-10, 1.43445633149e-09, 3.27093552244e-09, 3.82707954216e-09, 1.79858483662e-09, 1.16647158599e-09, 1.61983337854e-09, 4.76257755455e-10, 2.19983198324e-10, 3.97554975051e-11, 2.30364035139e-12, 5.37478655332e-12, 6.90146995542e-13, 7.2032569525e-14, 2.91068913221e-14, 3.42931823668e-16, 9.26817826057e-17, 5.70761504804e-16, 1.50844857675e-15, 6.83212540091e-16, 3.03932256255e-16, 7.80502082668e-17],
        "dvar2": [8.18362693167e-08, 9.67717284084e-08, 1.85379633422e-07, 2.26131106729e-07, 2.04355843358e-09, 5.3102072739e-10, 2.25724938741e-10, 2.77171258167e-10, 3.94198479414e-10, 2.89295876144e-09, 1.94581253887e-10, 7.70486952018e-10, 5.01325536639e-10, 2.46814435556e-09, 9.73881947308e-11, 8.50520431861e-10, 4.12931733251e-09, 2.05507610929e-09, 1.63786328944e-09, 4.265185094e-09, 1.1262397237e-08, 9.28332699601e-09, 5.53600276731e-09, 3.46922490735e-09, 4.16812762083e-09, 1.39302480662e-09, 6.77645772829e-10, 1.09784049906e-10, 5.67300156504e-12, 1.48071745837e-11, 1.83302266595e-12, 1.54375495135e-13, 6.90939953906e-14, 8.6618700917e-16, 2.83469766664e-16, 1.46714354448e-15, 3.85576470315e-15, 1.71927603024e-15, 8.05805259673e-16, 1.91178989025e-16],
        "max": [0.00130760599859, 0.00109523942228, 0.00236211065203, 0.00244569615461, 0.000264084257651, 0.00010600839596, 7.40118921385e-05, 7.65629592934e-05, 8.93328979146e-05, 0.000382527010515, 5.78919352847e-05, 0.000119740900118, 9.78961907094e-05, 0.000189193713595, 5.25111354364e-05, 0.000203860749025, 0.000498138135299, 0.000241871064645, 0.000205110467505, 0.000313516997267, 0.00042569253128, 0.000498067296576, 0.000310661969706, 0.000236158652115, 0.000300331972539, 0.000167576843523, 0.000103445607238, 4.70630329801e-05, 1.23496438391e-05, 1.86382876564e-05, 5.47390482097e-06, 2.683092589e-06, 1.7537270196e-06, 1.81132861599e-07, 6.87944847755e-08, 2.24625367196e-07, 3.34776530053e-07, 2.04246632052e-07, 1.50520463649e-07, 6.48419131721e-08],
        "mean": [0.000116163559142, 0.000143877347, 0.000373153859982, 0.000701662909705, 4.24866484536e-05, 2.12056856981e-05, 1.86956385733e-05, 1.81597097253e-05, 1.99159530894e-05, 0.000134683388751, 2.53696925938e-05, 2.72444030998e-05, 2.76440823654e-05, 4.56935158581e-05, 1.2566040823e-05, 1.62591677508e-05, 4.86409880978e-05, 7.2461880336e-05, 7.25586651242e-05, 0.00012105100177, 0.000179295078851, 0.000188920632354, 0.000137248440296, 9.78035168373e-05, 0.000155006302521, 8.31578217912e-05, 4.56876186945e-05, 1.94724107132e-05, 5.72123599341e-06, 6.45809313937e-06, 1.96286850951e-06, 6.95960636676e-07, 2.86973943275e-07, 3.78319029437e-08, 3.26517302085e-08, 9.06045869442e-08, 1.53689285298e-07, 9.88119452927e-08, 5.62778375013e-08, 2.82305379073e-08],
        "median": [6.40595535515e-05, 8.88837530511e-05, 0.000331046670908, 0.000622583786026, 3.08029775624e-05, 1.76884605025e-05, 1.66450154211e-05, 1.57255344675e-05, 1.72617656062e-05, 0.000114266134915, 2.40944555117e-05, 2.12240374822e-05, 2.31492977036e-05, 3.48932080669e-05, 1.01731957329e-05, 1.44843170347e-05, 4.18849413109e-05, 6.60393416183e-05, 6.91120003466e-05, 0.00011635467672, 0.000167203135788, 0.000173788765096, 0.000134754242026, 9.09204245545e-05, 0.000148693638039, 7.90171689005e-05, 4.46952908533e-05, 1.89798101928e-05, 5.69634448766e-06, 6.03459420745e-06, 1.75893569576e-06, 6.62108107008e-07, 2.69376528195e-07, 3.58202072448e-08, 3.17153947549e-08, 8.804521201e-08, 1.46781772514e-07, 9.76496821181e-08, 5.56105632654e-08, 2.76579061875e-08],
        "min": [3.14188309858e-06, 4.53563825431e-06, 7.32596117814e-06, 1.03270085674e-05, 6.79290178596e-06, 1.70492262441e-06, 1.42907106238e-06, 1.1535627209e-06, 7.84290477895e-07, 1.08529025056e-06, 1.99580199478e-06, 7.82771792274e-07, 1.79809558176e-06, 4.33102650277e-06, 2.23634197027e-06, 1.94183644453e-06, 8.55309644976e-06, 1.17675597266e-06, 2.29977740673e-06, 4.22315133619e-06, 1.76690980425e-06, 6.05103650742e-07, 5.64889262478e-07, 9.21630089579e-07, 1.12146176434e-06, 1.1070230812e-06, 7.67697827087e-07, 3.71457332449e-07, 2.34753201767e-07, 1.35781732524e-07, 7.02922662299e-08, 3.98212876007e-08, 4.41779128835e-08, 5.43986145018e-09, 8.89039786234e-10, 2.14970019563e-09, 3.42454731239e-09, 3.25289173375e-09, 5.30051957881e-09, 1.29252586412e-09],
        "var": [2.90503177069e-08, 2.85201657846e-08, 6.82665231011e-08, 1.85892957916e-07, 1.78851788935e-09, 2.27920696205e-10, 1.33061950347e-10, 1.54871129809e-10, 1.64282892845e-10, 7.83528175674e-09, 1.15221381047e-10, 4.51711446026e-10, 3.02261188301e-10, 1.14393938766e-09, 5.7063284653e-11, 2.44746417577e-10, 1.8689516601e-09, 1.21484566851e-09, 1.07049147324e-09, 2.30809948931e-09, 5.27210630707e-09, 6.03294347812e-09, 2.8222362225e-09, 1.55511892252e-09, 2.7457627283e-09, 8.93952911696e-10, 3.35634631199e-10, 6.1456270628e-11, 4.95301542836e-12, 7.90899550712e-12, 8.12972844426e-13, 7.27197165332e-14, 2.1687084298e-14, 2.79674529665e-16, 1.30027590982e-16, 8.04510728632e-16, 2.58773033485e-15, 1.28387642552e-15, 5.00800447949e-16, 1.32329998586e-16]
    },
    "mfcc": {
        "mean": [-632.948303223, 109.368133545, -80.9407348633, 58.3260383606, 19.4843826294, -13.8440961838, 12.6645288467, 2.17940211296, 8.98711013794, 0.174234673381, -12.387014389, -6.36082553864, -18.9311771393],
        "cov": [[227.211456299, -17.1815738678, -5.81190776825, 24.4295654297, 6.13118267059, -25.7879905701, 6.10422372818, 16.526266098, 17.0260715485, 7.26953125, -2.1804831028, 11.5940446854, -4.43486595154], [-17.1815738678, 80.5213470459, 15.0275678635, -5.40319252014, 3.01791524887, 24.6894035339, -1.02058053017, 20.6278190613, -1.23100435734, 4.6361489296, 5.91390705109, 8.45575904846, 19.501083374], [-5.81190776825, 15.0275678635, 35.4950408936, 19.1975860596, 9.23178672791, 3.98342418671, 14.4504261017, 6.69746780396, 10.5078544617, 5.00212907791, 8.19547653198, 5.91773700714, 3.82098245621], [24.4295654297, -5.40319252014, 19.1975860596, 38.2938308716, 20.8537197113, -4.13027334213, 11.0064687729, 8.87428855896, 15.4008464813, 5.87727451324, 0.720498502254, 4.05340051651, -2.86603975296], [6.13118267059, 3.01791524887, 9.23178672791, 20.8537197113, 39.0647659302, 8.21718406677, 11.4318523407, 7.9025812149, 5.87308597565, 6.92780637741, 0.0368684567511, 7.56241178513, 6.50855016708], [-25.7879905701, 24.6894035339, 3.98342418671, -4.13027334213, 8.21718406677, 40.9660224915, 5.2843170166, 1.79851853848, -8.32397460938, -1.56968164444, 1.65251791477, -0.059429295361, 10.446644783], [6.10422372818, -1.02058053017, 14.4504261017, 11.0064687729, 11.4318523407, 5.2843170166, 33.1100311279, 7.73021841049, 8.33671188354, 2.70800447464, 4.56390285492, 5.99060821533, 4.47239255905], [16.526266098, 20.6278190613, 6.69746780396, 8.87428855896, 7.9025812149, 1.79851853848, 7.73021841049, 36.4887657166, 13.7203502655, 9.08815670013, 2.87959265709, 5.64354228973, 5.64339065552], [17.0260715485, -1.23100435734, 10.5078544617, 15.4008464813, 5.87308597565, -8.32397460938, 8.33671188354, 13.7203502655, 31.8345050812, 15.6813344955, 5.09747171402, 6.90080213547, -2.29741764069], [7.26953125, 4.6361489296, 5.00212907791, 5.87727451324, 6.92780637741, -1.56968164444, 2.70800447464, 9.08815670013, 15.6813344955, 30.2090740204, 13.0322532654, 5.20615434647, 0.522685229778], [-2.1804831028, 5.91390705109, 8.19547653198, 0.720498502254, 0.0368684567511, 1.65251791477, 4.56390285492, 2.87959265709, 5.09747171402, 13.0322532654, 28.9039497375, 9.98754310608, 5.47582912445], [11.5940446854, 8.45575904846, 5.91773700714, 4.05340051651, 7.56241178513, -0.059429295361, 5.99060821533, 5.64354228973, 6.90080213547, 5.20615434647, 9.98754310608, 31.2591171265, 21.775510788], [-4.43486595154, 19.501083374, 3.82098245621, -2.86603975296, 6.50855016708, 10.446644783, 4.47239255905, 5.64339065552, -2.29741764069, 0.522685229778, 5.47582912445, 21.775510788, 37.9785957336]],
