{
"lowlevel": {
    "average_loudness": 0.98511749506,
    "barkbands_crest": {
        "dmean": 2.15034508705,
        "dmean2": 3.71542477608,
        "dvar": 3.85532665253,
        "dvar2": 10.4582834244,
        "max": 16.2004318237,
        "mean": 6.5573759079,
        "median": 5.71274328232,
        "min": 2.96608781815,
        "var": 7.60737991333
    },
    "barkbands_flatness_db": {
        "dmean": 0.0137319881469,
        "dmean2": 0.0222564022988,
        "dvar": 0.000115096634545,
        "dvar2": 0.000305649678921,
        "max": 0.206997692585,
        "mean": 0.142011836171,
        "median": 0.139931261539,
        "min": 0.0996429622173,
        "var": 0.000355676049367
    },
    "barkbands_kurtosis": {
        "dmean": 0.565966486931,
        "dmean2": 0.976505815983,
        "dvar": 0.487221777439,
        "dvar2": 1.28959810734,
        "max": 2.93699121475,
        "mean": -0.957894861698,
        "median": -1.25530362129,
        "min": -1.73694360256,
        "var": 0.642717480659
    },
    "barkbands_skewness": {
        "dmean": 0.435644865036,
        "dmean2": 0.719739019871,
        "dvar": 0.114163048565,
        "dvar2": 0.318011552095,
        "max": 1.94588541985,
        "mean": 0.112377248704,
        "median": 0.0399767868221,
        "min": -1.58086645603,
        "var": 0.415433168411
    },
    "barkbands_spread": {
        "dmean": 4.30125951767,
        "dmean2": 6.99487733841,
        "dvar": 13.340760231,
        "dvar2": 33.2981109619,
        "max": 46.2619285583,
        "mean": 32.6591529846,
        "median": 33.3596305847,
        "min": 15.1239547729,
        "var": 48.0654602051
    },
    "dissonance": {
        "dmean": 0.00728054577485,
        "dmean2": 0.0118901627138,
        "dvar": 0.000104639089841,
        "dvar2": 0.000131783046527,
        "max": 0.499338924885,
        "mean": 0.488235086203,
        "median": 0.489728361368,
        "min": 0.349439173937,
        "var": 0.000143346274854
    },
    "dynamic_complexity": 0.693001568317,
    "erbbands_crest": {
        "dmean": 1.73138070107,
        "dmean2": 3.02124047279,
        "dvar": 2.14240074158,
        "dvar2": 6.48618412018,
        "max": 12.1626186371,
        "mean": 6.94738149643,
        "median": 6.57821083069,
        "min": 3.92536258698,
        "var": 3.31420993805
    },
    "erbbands_flatness_db": {
        "dmean": 0.00842553842813,
        "dmean2": 0.0143875759095,
        "dvar": 4.36140799138e-05,
        "dvar2": 0.000113572728878,
        "max": 0.262376278639,
        "mean": 0.226712763309,
        "median": 0.226622149348,
        "min": 0.192858025432,
        "var": 0.000145323676406
    },
    "erbbands_kurtosis": {
        "dmean": 0.914040029049,
        "dmean2": 1.57276630402,
        "dvar": 0.581222474575,
        "dvar2": 1.76603114605,
        "max": 4.21472072601,
        "mean": 0.735882163048,
        "median": 0.682846307755,
        "min": -1.49192941189,
        "var": 1.28785550594
    },
    "erbbands_skewness": {
        "dmean": 0.268603354692,
        "dmean2": 0.456707954407,
        "dvar": 0.0393991284072,
        "dvar2": 0.124000802636,
        "max": 0.0289878845215,
        "mean": -0.995567679405,
        "median": -1.00749075413,
        "min": -1.96145474911,
        "var": 0.130756154656
    },
    "erbbands_spread": {
        "dmean": 6.44537067413,
        "dmean2": 10.7968549728,
        "dvar": 33.9342422485,
        "dvar2": 95.8668365479,
        "max": 60.0216255188,
        "mean": 28.5675563812,
        "median": 26.3323421478,
        "min": 10.8897132874,
        "var": 103.287414551
    },
    "hfc": {
        "dmean": 5.28178834915,
        "dmean2": 7.89956617355,
        "dvar": 23.5971546173,
        "dvar2": 50.2624931335,
        "max": 64.4512786865,
        "mean": 29.2654247284,
        "median": 27.8345832825,
        "min": 0.300162345171,
        "var": 112.506851196
    },
    "melbands_crest": {
        "dmean": 3.01056528091,
        "dmean2": 5.12120819092,
        "dvar": 5.52096796036,
        "dvar2": 13.2633457184,
        "max": 20.5416278839,
        "mean": 9.99562931061,
        "median": 9.56573677063,
        "min": 3.2194852829,
        "var": 16.020652771
    },
    "melbands_flatness_db": {
        "dmean": 0.0210896227509,
        "dmean2": 0.0341289006174,
        "dvar": 0.000277991493931,
        "dvar2": 0.000719777715858,
        "max": 0.258955299854,
        "mean": 0.166159644723,
        "median": 0.162181392312,
        "min": 0.0913359373808,
        "var": 0.00119916489348
    },
    "melbands_kurtosis": {
        "dmean": 1.84882223606,
        "dmean2": 3.15089344978,
        "dvar": 5.92207050323,
        "dvar2": 16.0797710419,
        "max": 14.6676139832,
        "mean": 1.26132726669,
        "median": 0.0263822078705,
        "min": -1.43070471287,
        "var": 10.3642015457
    },
    "melbands_skewness": {
        "dmean": 0.545301735401,
        "dmean2": 0.897200942039,
        "dvar": 0.211521059275,
        "dvar2": 0.554622650146,
        "max": 3.7325258255,
        "mean": 1.24757194519,
        "median": 1.15761840343,
        "min": -0.726340770721,
        "var": 0.798634827137
    },
    "melbands_spread": {
        "dmean": 11.0160312653,
        "dmean2": 18.501739502,
        "dvar": 69.017326355,
        "dvar2": 209.139801025,
        "max": 81.1929397583,
        "mean": 52.1986694336,
        "median": 52.3361473083,
        "min": 16.2948951721,
        "var": 235.78717041
    },
    "pitch_salience": {
        "dmean": 0.0608031973243,
        "dmean2": 0.101711787283,
        "dvar": 0.00334100751206,
        "dvar2": 0.00810127519071,
        "max": 0.881280183792,
        "mean": 0.623257637024,
        "median": 0.638953328133,
        "min": 0.302282392979,
        "var": 0.00687797693536
    },
    "silence_rate_20dB": {
        "dmean": 0,
        "dmean2": 0,
        "dvar": 0,
        "dvar2": 0,
        "max": 1,
        "mean": 1,
        "median": 1,
        "min": 1,
        "var": 0
    },
    "silence_rate_30dB": {
        "dmean": 0,
        "dmean2": 0,
        "dvar": 0,
        "dvar2": 0,
        "max": 1,
        "mean": 1,
        "median": 1,
        "min": 1,
        "var": 0
    },
    "silence_rate_60dB": {
        "dmean": 0.00555555569008,
        "dmean2": 0.00558659201488,
        "dvar": 0.0055246911943,
        "dvar2": 0.00555538246408,
        "max": 1,
        "mean": 0.00552486209199,
        "median": 0,
        "min": 0,
        "var": 0.00549433752894
    },
    "spectral_centroid": {
        "dmean": 233.163497925,
        "dmean2": 388.570831299,
        "dvar": 39332.8085938,
        "dvar2": 103740.640625,
        "max": 2987.25219727,
        "mean": 2337.66430664,
        "median": 2383.2734375,
        "min": 1305.05090332,
        "var": 125547.765625
    },
    "spectral_complexity": {
        "dmean": 3.55555558205,
        "dmean2": 5.83240222931,
        "dvar": 10.7469129562,
        "dvar2": 20.8210659027,
        "max": 49,
        "mean": 36.8618774414,
        "median": 37,
        "min": 0,
        "var": 38.6715354919
    },
    "spectral_decrease": {
        "dmean": 8.92598384095e-10,
        "dmean2": 1.49372281211e-09,
        "dvar": 5.63803255288e-19,
        "dvar2": 1.52358500424e-18,
        "max": -4.78156993167e-11,
        "mean": -4.80626960453e-09,
        "median": -4.86551332557e-09,
        "min": -7.48191109068e-09,
        "var": 1.09149097785e-18
    },
    "spectral_energy": {
        "dmean": 0.00355607480742,
        "dmean2": 0.00586945516989,
        "dvar": 8.9515133368e-06,
        "dvar2": 2.35825391428e-05,
        "max": 0.0318333059549,
        "mean": 0.0207944177091,
        "median": 0.0210484489799,
        "min": 0.000207692894037,
        "var": 1.98235265998e-05
    },
    "spectral_energyband_high": {
        "dmean": 0.000432542117778,
        "dmean2": 0.000677002419252,
        "dvar": 1.81011500899e-07,
        "dvar2": 4.56177701835e-07,
        "max": 0.00398178584874,
        "mean": 0.00116440956481,
        "median": 0.000995124224573,
        "min": 8.35126502352e-06,
        "var": 4.92252354434e-07
    },
    "spectral_energyband_low": {
        "dmean": 0.00114670593757,
        "dmean2": 0.00191056681797,
        "dvar": 1.61724585723e-06,
        "dvar2": 4.17621504312e-06,
        "max": 0.0115507543087,
        "mean": 0.00197474542074,
        "median": 0.00149648194201,
        "min": 1.49182887981e-05,
        "var": 3.09001052301e-06
    },
    "spectral_energyband_middle_high": {
        "dmean": 0.0021386614535,
        "dmean2": 0.00327410316095,
        "dvar": 4.4796788643e-06,
        "dvar2": 8.82528274815e-06,
        "max": 0.0239609610289,
        "mean": 0.00999743770808,
        "median": 0.00868522655219,
        "min": 0.000106199666334,
        "var": 2.36563319049e-05
    },
    "spectral_energyband_middle_low": {
        "dmean": 0.00326493475586,
        "dmean2": 0.00550198601559,
        "dvar": 8.42992540129e-06,
        "dvar2": 2.37761796598e-05,
        "max": 0.0235074535012,
        "mean": 0.00803810730577,
        "median": 0.00722837494686,
        "min": 8.38778651087e-05,
        "var": 1.87103905773e-05
    },
    "spectral_entropy": {
        "dmean": 0.0588474236429,
        "dmean2": 0.0968950912356,
        "dvar": 0.00327330664732,
        "dvar2": 0.00760773289949,
        "max": 7.92383384705,
        "mean": 7.57189083099,
        "median": 7.58102369308,
        "min": 7.27486371994,
        "var": 0.00850309524685
    },
    "spectral_flux": {
        "dmean": 0.0103390663862,
        "dmean2": 0.016758620739,
        "dvar": 8.09893390397e-05,
        "dvar2": 0.000214476487599,
        "max": 0.129282608628,
        "mean": 0.0868543833494,
        "median": 0.0852822512388,
        "min": 0.0576257482171,
        "var": 0.000231977217481
    },
    "spectral_kurtosis": {
        "dmean": 3.47452926636,
        "dmean2": 6.19824075699,
        "dvar": 5.78926944733,
        "dvar2": 18.1772289276,
        "max": 17.9570655823,
        "mean": 5.22523880005,
        "median": 4.78317737579,
        "min": 0.0756623744965,
        "var": 10.4649066925
    },
    "spectral_rms": {
        "dmean": 0.000400001881644,
        "dmean2": 0.000654776988085,
        "dvar": 1.4954601113e-07,
        "dvar2": 3.4737132637e-07,
        "max": 0.00557287037373,
        "mean": 0.00446998234838,
        "median": 0.00453156372532,
        "min": 0.000450141320471,
        "var": 3.06479336132e-07
    },
    "spectral_rolloff": {
        "dmean": 366.901916504,
        "dmean2": 622.538330078,
        "dvar": 111130.242188,
        "dvar2": 267137.4375,
        "max": 4048.2421875,
        "mean": 2846.18994141,
        "median": 2885.44921875,
        "min": 775.1953125,
        "var": 305552.5
    },
    "spectral_skewness": {
        "dmean": 0.334369033575,
        "dmean2": 0.573275148869,
        "dvar": 0.0645155161619,
        "dvar2": 0.179385229945,
        "max": 3.53798627853,
        "mean": 0.764903008938,
        "median": 0.720498800278,
        "min": 0.170160874724,
        "var": 0.162874922156
    },
    "spectral_spread": {
        "dmean": 162468.046875,
        "dmean2": 253139.171875,
        "dvar": 111597486080,
        "dvar2": 90979901440,
        "max": 7785068,
        "mean": 2268774.75,
        "median": 2216074.5,
        "min": 1811647.625,
        "var": 207669313536
    },
    "spectral_strongpeak": {
        "dmean": 0.773356735706,
        "dmean2": 1.42103898525,
        "dvar": 2.16439151764,
        "dvar2": 5.73438262939,
        "max": 8.94871234894,
        "mean": 0.986796915531,
        "median": 0.45368117094,
        "min": 0.00469998363405,
        "var": 2.2595539093
    },
    "zerocrossingrate": {
        "dmean": 0.00677083339542,
        "dmean2": 0.00841534975916,
        "dvar": 3.09451497742e-05,
        "dvar2": 3.90582172258e-05,
        "max": 0.11376953125,
        "mean": 0.0820150673389,
        "median": 0.08447265625,
        "min": 0.01953125,
        "var": 0.000261377659626
    },
    "barkbands": {
        "dmean": [5.03218052472e-06, 0.000852530181874, 0.000422157725552, 0.0010171890026, 0.0024179155007, 0.000290489784675, 0.000677555857692, 0.000148554536281, 0.000499919289723, 0.000430270156357, 0.00038944586413, 0.000405887811212, 7.68702666392e-05, 0.000651678652503, 0.000475846638437, 0.000796957174316, 0.000880018691532, 0.000289353600238, 0.000540491717402, 0.000398473144742, 0.000128661471535, 1.75570003194e-05, 8.35423861645e-07, 2.2788485694e-06, 4.37675765852e-07, 2.12156194834e-07, 1.16766365466e-08],
        "dmean2": [8.34345064504e-06, 0.00140204338823, 0.000757968460675, 0.00180487008765, 0.00412804214284, 0.000494688516483, 0.00122548395302, 0.000257349311141, 0.000841520435642, 0.000710436492227, 0.000689553387929, 0.000664262566715, 0.000136575923534, 0.00108031684067, 0.000761434086598, 0.00136480969377, 0.00148746324703, 0.000481132388813, 0.000845815695357, 0.000646554632112, 0.000213546009036, 2.80346412183e-05, 1.26513305077e-06, 3.28061923938e-06, 6.18410126663e-07, 2.77683454897e-07, 1.98090237546e-08],
        "dvar": [5.20372148149e-11, 1.27926750793e-06, 3.70843594055e-07, 9.30715202685e-07, 5.53413929083e-06, 1.61794915243e-07, 6.46463945486e-07, 2.17347206899e-08, 2.5895135991e-07, 7.19572142316e-07, 3.66705705801e-07, 3.00449414681e-07, 2.94749327168e-08, 7.66367747929e-07, 3.14983140015e-07, 6.66630455726e-07, 5.7744972537e-07, 8.72871694924e-08, 5.28403063527e-07, 1.92453526893e-07, 2.06088159871e-08, 5.37806743584e-10, 2.84834590809e-12, 1.27672560024e-11, 1.01983785999e-12, 4.13483402248e-13, 1.576117086e-15],
        "dvar2": [1.23066071223e-10, 3.05651997223e-06, 1.13833175419e-06, 2.74422586699e-06, 1.53192449943e-05, 4.32674454487e-07, 1.82897929335e-06, 6.11817583263e-08, 5.95266499204e-07, 2.04581465368e-06, 9.65478420767e-07, 7.76966260219e-07, 9.04979557959e-08, 2.02558294404e-06, 7.85877659837e-07, 2.02699698093e-06, 1.69619272583e-06, 2.78064192116e-07, 1.23662732676e-06, 4.71354780984e-07, 5.1386862765e-08, 1.2782891412e-09, 6.34837538441e-12, 2.21745642681e-11, 1.39653479753e-12, 8.13311494974e-13, 3.91545850308e-15],
        "max": [8.75185651239e-05, 0.0106585044414, 0.00510659161955, 0.00607633730397, 0.0175617858768, 0.00373661564663, 0.00757120037451, 0.00115000200458, 0.00389920314774, 0.00753961410373, 0.00603923667222, 0.00519814388826, 0.00161581556313, 0.0085455738008, 0.00531704118475, 0.00678940210491, 0.00672660488635, 0.0026402361691, 0.00743516208604, 0.00407098373398, 0.00164536759257, 0.000238046864979, 1.68922015291e-05, 3.88392909372e-05, 9.63353795669e-06, 6.90377100909e-06, 3.16094514119e-07],
        "mean": [6.53372262605e-06, 0.0012125534704, 0.000483462703414, 0.00152700056788, 0.00391666358337, 0.000424182828283, 0.000939733581617, 0.00022165144037, 0.000831031182315, 0.000680278695654, 0.000563480309211, 0.000638846482616, 0.000122566561913, 0.00112264265772, 0.000933626084588, 0.00177920737769, 0.00190280470997, 0.00076874071965, 0.00126753759105, 0.00112725561485, 0.000278533581877, 3.82489670301e-05, 1.716827569e-06, 4.84719839733e-06, 9.07221931357e-07, 3.75699386268e-07, 1.64245204104e-08],
        "median": [4.0912982513e-06, 0.000842098903377, 0.000343167048413, 0.00109004648402, 0.00290676928125, 0.000249465432717, 0.000610716233496, 0.000154625187861, 0.000620203965809, 0.00037524086656, 0.00039714272134, 0.000467348494567, 8.95537377801e-05, 0.000771819439251, 0.000721336342394, 0.00157396483701, 0.00169614877086, 0.000745879195165, 0.00100708950777, 0.00096532527823, 0.000230424921028, 2.66557271971e-05, 1.0674175428e-06, 2.99347834698e-06, 4.0349198116e-07, 1.32755786808e-07, 8.28936919106e-09],
        "min": [6.84671590534e-08, 4.61888521386e-06, 6.06116918789e-06, 8.75597834238e-06, 3.82234611607e-05, 2.08704877878e-05, 7.1279491749e-06, 2.28873886954e-06, 4.57929536424e-06, 3.15273200613e-06, 1.47217815538e-06, 1.9675310341e-06, 1.01316527434e-06, 7.42200563764e-06, 1.54792778631e-05, 2.35984316532e-05, 3.80977216992e-05, 8.34241200209e-06, 3.67582902072e-06, 8.36875460664e-06, 1.76820674369e-06, 3.24161220533e-07, 5.05216810609e-08, 4.19267891516e-08, 3.14227435183e-08, 2.39503279431e-08, 3.89959442515e-09],
        "var": [7.8732333153e-11, 1.97940721591e-06, 3.38921694265e-07, 1.91636581803e-06, 1.12825764518e-05, 2.74876242656e-07, 9.1782948175e-07, 3.65234029687e-08, 5.04590445871e-07, 9.42730878251e-07, 3.85562145766e-07, 4.3032900976e-07, 2.20298428388e-08, 1.28909061914e-06, 5.89523097005e-07, 1.11401379854e-06, 1.0816431768e-06, 1.42930844049e-07, 9.76731030278e-07, 5.5913324104e-07, 4.54700099795e-08, 1.12065712266e-09, 5.19540009972e-12, 3.11152666133e-11, 2.50800660621e-12, 6.88380830203e-13, 1.39431681634e-15]
    },
    "erbbands": {
        "dmean": [0.0171442721039, 0.218438491225, 0.462353676558, 1.50167560577, 9.49835586548, 6.6276473999, 2.1156244278, 2.8378264904, 4.87955188751, 10.9521636963, 5.3350982666, 12.1208782196, 10.3800945282, 13.5088405609, 15.5239877701, 14.814655304, 2.92069339752, 18.3211650848, 32.6063270569, 33.4321784973, 39.9996871948, 50.0478744507, 14.1757822037, 28.7366161346, 17.9724769592, 27.3489017487, 6.19885206223, 3.54753756523, 0.742753684521, 0.0975861772895, 0.0262208990753, 0.0608723126352, 0.0243910867721, 0.00858771149069, 0.00113814335782, 0.00115194439422, 0.000344378175214, 2.76455120911e-05, 2.81270149571e-06, 4.2877368287e-06],
        "dmean2": [0.026658821851, 0.36090862751, 0.792984783649, 2.71823215485, 16.167591095, 11.0745716095, 3.46258163452, 4.83626413345, 8.26469707489, 19.8900489807, 9.37996673584, 20.4985122681, 17.5223331451, 23.3044147491, 27.0560932159, 24.6247768402, 4.83348369598, 31.9476604462, 52.3213806152, 56.6734199524, 67.0030517578, 86.399307251, 24.5584526062, 47.9267425537, 29.8038635254, 43.7918014526, 10.2456693649, 5.60928678513, 1.17893087864, 0.155279576778, 0.0391854532063, 0.0925601199269, 0.0326143242419, 0.0119439875707, 0.00148161547258, 0.00157136586495, 0.000455799046904, 3.98234224122e-05, 4.08110236094e-06, 6.91714603818e-06],
        "dvar": [0.000552917597815, 0.0800018906593, 0.355740278959, 2.22712135315, 104.063301086, 30.3685951233, 3.45766639709, 18.7721157074, 35.9014167786, 152.399093628, 32.7071266174, 180.11026001, 428.306671143, 456.858123779, 511.485229492, 417.655303955, 22.4818763733, 664.652099609, 1558.18383789, 1431.21679688, 1349.5814209, 2251.61499023, 164.476028442, 852.078735352, 754.970031738, 965.332580566, 40.7019729614, 15.973818779, 0.88376557827, 0.0185379516333, 0.00220807222649, 0.00702728424221, 0.00198930525221, 0.000350256974343, 7.231143627e-06, 1.16339497254e-05, 1.03547074559e-06, 9.71479074963e-09, 1.2398450322e-11, 1.28949073641e-11],
        "dvar2": [0.00116693333257, 0.196591645479, 1.03599345684, 6.75431632996, 292.946411133, 83.9587249756, 9.13716030121, 47.9858169556, 75.1014022827, 496.334899902, 94.7574768066, 447.235595703, 1224.15002441, 1292.68798828, 1384.23291016, 1055.46582031, 60.9227905273, 1922.74707031, 3586.84277344, 3872.85473633, 4027.85229492, 6291.63916016, 436.604919434, 2017.5020752, 1803.74255371, 2344.31323242, 104.782409668, 39.4205703735, 2.06180715561, 0.0377557352185, 0.00415279343724, 0.0128682609648, 0.00318289664574, 0.000478097150335, 9.71230292635e-06, 2.27864111366e-05, 1.93968639906e-06, 2.1623188573e-08, 2.27887535231e-11, 3.18405406208e-11],
        "max": [0.237035438418, 2.56636381149, 4.854783535, 8.98765182495, 75.6343841553, 39.2442970276, 13.7119817734, 46.5275115967, 61.2938079834, 93.1376571655, 35.3112449646, 97.5592651367, 204.559753418, 223.147644043, 198.723754883, 215.369338989, 56.0794830322, 228.680282593, 423.55581665, 316.553771973, 322.235015869, 412.755157471, 121.359634399, 255.527618408, 291.117462158, 275.839996338, 81.4375228882, 37.0458602905, 9.47148036957, 1.30032682419, 0.532056510448, 0.827920198441, 0.496888905764, 0.191416561604, 0.0298201702535, 0.0366820208728, 0.0105008194223, 0.00101059372537, 5.34407045052e-05, 4.33488930867e-05],
        "mean": [0.0284509137273, 0.297749429941, 0.624616980553, 2.42922019958, 15.1049509048, 9.47429180145, 3.55125331879, 4.04914093018, 7.86646938324, 14.2941513062, 8.6636800766, 18.5855979919, 17.2660675049, 22.7954425812, 26.5997276306, 24.2525196075, 7.49596166611, 37.3389205933, 62.0346870422, 67.863067627, 100.201194763, 105.623313904, 48.4561691284, 71.1000900269, 44.6255989075, 70.0201339722, 16.4104061127, 8.1334400177, 1.78698205948, 0.250767737627, 0.063924536109, 0.129389792681, 0.0504401139915, 0.0177636705339, 0.0026068969164, 0.00216327561066, 0.000587570015341, 4.16068614868e-05, 1.6027061065e-05, 2.73086625384e-05],
        "median": [0.020334161818, 0.196209460497, 0.435853093863, 1.83868062496, 9.20954418182, 8.20350170135, 2.93245911598, 2.24844741821, 5.57810306549, 9.98860359192, 6.78333759308, 13.9679002762, 9.62838172913, 14.9287862778, 19.7182331085, 17.2627735138, 5.47460317612, 23.9323253632, 44.8340415955, 57.3802909851, 91.0832977295, 89.7505340576, 48.0946464539, 59.4373703003, 37.4455032349, 54.3534355164, 15.0793781281, 6.24266910553, 1.20302248001, 0.170834183693, 0.0427813455462, 0.0897744223475, 0.0248953606933, 0.00817657727748, 0.00122427509632, 0.000820798159111, 0.000204993018997, 1.60861982295e-05, 1.5090382476e-05, 2.72743309324e-05],
        "min": [0.000109936554509, 0.00116934499238, 0.00587093550712, 0.0200258381665, 0.0589438825846, 0.143353790045, 0.21935787797, 0.140444651246, 0.0818976387382, 0.107564710081, 0.0448102392256, 0.0870841890574, 0.167424097657, 0.0342320613563, 0.11267208308, 0.047544170171, 0.0430043898523, 0.246294185519, 0.735685646534, 1.34800004959, 1.18087363243, 1.91749083996, 0.688819527626, 0.111958391964, 0.229510575533, 0.504432976246, 0.139302998781, 0.0457901731133, 0.0118633881211, 0.00672828219831, 0.00136490585282, 0.000525279669091, 0.000931608665269, 0.000436854548752, 0.000201877031941, 0.000101628225821, 4.18343479396e-05, 4.2601604946e-06, 3.71808891941e-06, 6.23861410531e-07],
        "var": [0.00112162623554, 0.117491640151, 0.424316078424, 3.57148933411, 227.661865234, 51.8929443359, 5.35241365433, 32.2406616211, 72.5264358521, 164.595092773, 50.3260002136, 270.558624268, 568.354858398, 719.85949707, 627.838256836, 617.588806152, 44.5386810303, 1468.5723877, 3298.85742188, 2021.30041504, 3103.31445312, 3788.85913086, 448.043334961, 1995.86950684, 1057.45654297, 2592.98095703, 86.9238739014, 34.4641609192, 1.99917006493, 0.0546741746366, 0.00558541482314, 0.0164038036019, 0.00531977927312, 0.000882164866198, 1.93544929061e-05, 2.00331724045e-05, 1.7714896785e-06, 1.14006288854e-08, 3.09886734329e-11, 3.62431300249e-11]
    },
    "gfcc": {
        "mean": [-11.2186613083, 132.722564697, -187.489425659, 56.3935546875, -34.2632904053, -18.3571300507, -21.4809341431, 1.45191025734, -22.5286083221, -8.37755012512, -16.4743671417, -16.6932010651, 4.76952886581],
        "cov": [[608.60748291, -200.246810913, -133.454650879, -78.3122253418, -54.5845336914, 128.6199646, -1.52493488789, 66.6064910889, 3.67562699318, 42.9998970032, 18.8798141479, 43.1644058228, -28.5197544098], [-200.246810913, 335.546966553, 111.578430176, 99.6552047729, 33.6303329468, -104.239250183, 46.1241531372, -47.2752838135, 20.326051712, -40.9879570007, 17.472442627, -53.7675514221, 30.9819965363], [-133.454650879, 111.578430176, 119.80947113, 62.8602638245, 38.7496185303, -38.7358970642, -16.9871006012, -28.391330719, -5.93382024765, -4.25619363785, 5.24103784561, -14.6554393768, 5.60068845749], [-78.3122253418, 99.6552047729, 62.8602638245, 107.034843445, 55.7646064758, -37.0383529663, 15.5275163651, -27.3062667847, -8.36821269989, -15.2159290314, 7.60940122604, -28.2682323456, 15.2931900024], [-54.5845336914, 33.6303329468, 38.7496185303, 55.7646064758, 72.6010131836, 11.9655447006, 14.8712682724, -3.88167071342, -7.07173919678, 2.45436811447, 2.75759744644, -4.08717823029, 5.85651731491], [128.6199646, -104.239250183, -38.7358970642, -37.0383529663, 11.9655447006, 97.3164596558, 19.0466880798, 36.0034790039, 9.95904922485, 28.3557262421, -3.30023598671, 31.4660263062, -9.08425807953], [-1.52493488789, 46.1241531372, -16.9871006012, 15.5275163651, 14.8712682724, 19.0466880798, 71.7945709229, 26.7057418823, 20.3464393616, -0.210263490677, -5.73183250427, -9.3056602478, 9.89123630524], [66.6064910889, -47.2752838135, -28.391330719, -27.3062667847, -3.88167071342, 36.0034790039, 26.7057418823, 61.5715065002, 32.5795211792, 28.0820941925, 9.35656356812, 16.9399662018, -0.751903355122], [3.67562699318, 20.326051712, -5.93382024765, -8.36821269989, -7.07173919678, 9.95904922485, 20.3464393616, 32.5795211792, 51.4378089905, 31.3003368378, 14.8317975998, 8.53021144867, 4.26769542694], [42.9998970032, -40.9879570007, -4.25619363785, -15.2159290314, 2.45436811447, 28.3557262421, -0.210263490677, 28.0820941925, 31.3003368378, 65.9895477295, 32.6887435913, 26.8835468292, -3.81644773483], [18.8798141479, 17.472442627, 5.24103784561, 7.60940122604, 2.75759744644, -3.30023598671, -5.73183250427, 9.35656356812, 14.8317975998, 32.6887435913, 53.8014640808, 22.5033969879, 3.74011158943], [43.1644058228, -53.7675514221, -14.6554393768, -28.2682323456, -4.08717823029, 31.4660263062, -9.3056602478, 16.9399662018, 8.53021144867, 26.8835468292, 22.5033969879, 45.9053497314, 4.45592832565], [-28.5197544098, 30.9819965363, 5.60068845749, 15.2931900024, 5.85651731491, -9.08425807953, 9.89123630524, -0.751903355122, 4.26769542694, -3.81644773483, 3.74011158943, 4.45592832565, 28.8986759186]],
        "icov": [[0.00542667647824, -0.00711853755638, 0.00935690756887, -0.0104758925736, 0.0103372158483, -0.0124634979293, 0.011073185131, -0.0117890127003, 0.0112832123414, -0.00616993615404, 0.00397366238758, -0.00165226822719, 0.00386748416349], [-0.00711853755638, 0.0351752825081, -0.0323896557093, 0.0282569266856, -0.0218837931752, 0.0287158805877, -0.0413089841604, 0.0401303656399, -0.0406105257571, 0.0289618931711, -0.0309128984809, 0.0171976033598, -0.01359667629], [0.00935690756887, -0.0323896557093, 0.0472717918456, -0.0355819985271, 0.0184665005654, -0.026465665549, 0.0449427515268, -0.0373914055526, 0.03576041013, -0.0287366062403, 0.0299877431244, -0.0168183892965, 0.0148461423814], [-0.0104758925736, 0.0282569266856, -0.0355819985271, 0.063673183322, -0.045465875417, 0.035300783813, -0.0425795353949, 0.045094139874, -0.0378427281976, 0.0264202337712, -0.0347189940512, 0.028006086126, -0.0221218448132], [0.0103372158483, -0.0218837931752, 0.0184665005654, -0.045465875417, 0.0579593256116, -0.0384125635028, 0.0270896982402, -0.0349863506854, 0.0389068461955, -0.02273552306, 0.0190563239157, -0.0118622304872, 0.0107561387122], [-0.0124634979293, 0.0287158805877, -0.026465665549, 0.035300783813, -0.0384125635028, 0.0615749806166, -0.0450162068009, 0.0341926477849, -0.0346078276634, 0.0164709035307, -0.00972424633801, -0.00682624103501, -0.00360298343003], [0.011073185131, -0.0413089841604, 0.0449427515268, -0.0425795353949, 0.0270896982402, -0.0450162068009, 0.0775802433491, -0.0589080154896, 0.0411833822727, -0.0289693977684, 0.0347462967038, -0.00845217611641, 0.00820961780846], [-0.0117890127003, 0.0401303656399, -0.0373914055526, 0.045094139874, -0.0349863506854, 0.0341926477849, -0.0589080154896, 0.0870666205883, -0.0653977319598, 0.0312856249511, -0.0358515419066, 0.0161650571972, -0.015071503818], [0.0112832123414, -0.0406105257571, 0.03576041013, -0.0378427281976, 0.0389068461955, -0.0346078276634, 0.0411833822727, -0.0653977319598, 0.0932851806283, -0.0520942732692, 0.0342310480773, -0.0150144919753, 0.0104370908812], [-0.00616993615404, 0.0289618931711, -0.0287366062403, 0.0264202337712, -0.02273552306, 0.0164709035307, -0.0289693977684, 0.0312856249511, -0.0520942732692, 0.0630367323756, -0.0423386394978, 0.010100777261, -0.00509648257867], [0.00397366238758, -0.0309128984809, 0.0299877431244, -0.0347189940512, 0.0190563239157, -0.00972424633801, 0.0347462967038, -0.0358515419066, 0.0342310480773, -0.0423386394978, 0.0696306526661, -0.0404111258686, 0.0164531115443], [-0.00165226822719, 0.0171976033598, -0.0168183892965, 0.028006086126, -0.0118622304872, -0.00682624103501, -0.00845217611641, 0.0161650571972, -0.0150144919753, 0.010100777261, -0.0404111258686, 0.0709188953042, -0.030211424455], [0.00386748416349, -0.01359667629, 0.0148461423814, -0.0221218448132, 0.0107561387122, -0.00360298343003, 0.00820961780846, -0.015071503818, 0.0104370908812, -0.00509648257867, 0.0164531115443, -0.030211424455, 0.0556270480156]]
    },
    "melbands": {
        "dmean": [0.000205984397326, 0.00023419217905, 0.000498792214785, 0.00061688729329, 9.36001451919e-05, 5.89867777308e-05, 9.88607425825e-05, 9.87627936411e-05, 5.93702498008e-05, 7.1949820267e-05, 5.28722739546e-05, 5.67614879401e-05, 6.00943712925e-05, 5.45937400602e-05, 1.47016680785e-05, 1.27075136334e-05, 3.99201453547e-05, 6.50935180602e-05, 3.35898293997e-05, 5.5441432778e-05, 5.04776617163e-05, 5.76214406465e-05, 2.78717034234e-05, 1.49108000187e-05, 2.67556551989e-05, 2.26510273933e-05, 8.8255483206e-06, 2.18836230488e-05, 3.40189058079e-06, 4.65429548058e-06, 1.50606126681e-06, 4.97246332998e-07, 1.76606931745e-07, 2.0616038654e-08, 1.45651890548e-08, 2.24596661269e-08, 4.82188688977e-08, 2.03079615346e-08, 1.01776791439e-08, 6.54454179738e-09],
        "dmean2": [0.000331175047904, 0.00039410291356, 0.000878530496266, 0.00105004385114, 0.000154898021719, 0.000100198980363, 0.000173916385393, 0.000179122929694, 0.00010557245696, 0.00011998284026, 8.79822182469e-05, 9.58909076871e-05, 0.000106640683953, 8.98286234587e-05, 2.31740832533e-05, 2.22083072003e-05, 6.87131396262e-05, 0.000100666809885, 5.43768401258e-05, 9.41087128012e-05, 8.40536595206e-05, 9.88246538327e-05, 4.7247918701e-05, 2.49627719313e-05, 4.45841869805e-05, 3.86062929465e-05, 1.51030226334e-05, 3.49222646037e-05, 5.67650340599e-06, 7.69979760662e-06, 2.47985872193e-06, 8.06569744327e-07, 2.9770055221e-07, 3.19901864998e-08, 2.36710775425e-08, 3.24752065239e-08, 7.30366664925e-08, 2.85400805211e-08, 1.43353231508e-08, 8.97068908046e-09],
        "dvar": [7.54536202408e-08, 7.4618313306e-08, 2.73049010957e-07, 3.63395287195e-07, 6.69437172363e-09, 7.80118103449e-09, 1.48683323431e-08, 1.21215624205e-08, 4.36932134917e-09, 5.75793634994e-09, 1.15908180831e-08, 8.89951934369e-09, 9.1860448137e-09, 4.74896122427e-09, 4.85538997896e-10, 6.91122159502e-10, 2.98736169135e-09, 6.43963282698e-09, 1.45060852219e-09, 3.77049902411e-09, 1.93759475131e-09, 2.84741674683e-09, 5.05185837607e-10, 2.27863589108e-10, 7.21895654365e-10, 1.49977141817e-09, 6.26604601539e-11, 6.46827813533e-10, 1.3463757019e-11, 2.87162862933e-11, 3.99173142457e-12, 4.13999130117e-13, 5.27109653397e-14, 1.25288772514e-15, 8.24548722367e-16, 1.23856852729e-15, 4.49631473479e-15, 1.54136004192e-15, 4.78969179585e-16, 2.00704893603e-16],
        "dvar2": [1.73792940927e-07, 1.86644754763e-07, 7.69708947246e-07, 9.97628831101e-07, 1.75326295704e-08, 2.03584260561e-08, 3.56107285882e-08, 3.94630070844e-08, 1.15344445106e-08, 1.42711620299e-08, 3.25177751392e-08, 2.39219968279e-08, 2.42894220293e-08, 1.29728903175e-08, 1.08559994327e-09, 1.95291516292e-09, 8.6379623454e-09, 1.63399622721e-08, 3.50924844739e-09, 1.13581650751e-08, 5.54153389842e-09, 7.97742050196e-09, 1.62041424723e-09, 7.0581585021e-10, 1.78789927308e-09, 3.74502429068e-09, 1.73404179904e-10, 1.54290125121e-09, 3.86096016269e-11, 7.05010008706e-11, 9.53577321272e-12, 1.00175857193e-12, 1.26401412124e-13, 2.48177244238e-15, 1.93457941757e-15, 1.98506978101e-15, 9.74335477073e-15, 2.67413955393e-15, 6.72825533877e-16, 3.00910889732e-16],
        "max": [0.00268383300863, 0.00203659175895, 0.0037150119897, 0.00455821491778, 0.000582347507589, 0.000901208026335, 0.00123436376452, 0.000832551042549, 0.000433825975051, 0.000549623044208, 0.00101315439679, 0.000950278656092, 0.000905591994524, 0.000640024140012, 0.000217659151531, 0.000278590159724, 0.000417191127781, 0.000889955088496, 0.000296789163258, 0.000454003922641, 0.000373745628167, 0.000455002940726, 0.000165408229805, 0.000131655557198, 0.000222754504648, 0.000377408432541, 6.37099292362e-05, 0.000221689522732, 3.23147287418e-05, 6.08653681411e-05, 1.65779765666e-05, 6.42864688416e-06, 2.15056661546e-06, 3.96964566107e-07, 3.10003201776e-07, 3.39876038424e-07, 5.84604208598e-07, 4.35230134599e-07, 1.99720517458e-07, 1.46569661297e-07],
        "mean": [0.000309244875098, 0.000348680623574, 0.00085309392307, 0.00098058662843, 0.000156210851856, 8.29878117656e-05, 0.000149576677359, 0.000131204637, 8.83853135747e-05, 0.00011335786985, 8.45147224027e-05, 9.12969262572e-05, 8.8334621978e-05, 8.40686698211e-05, 2.59645767073e-05, 2.06241711567e-05, 7.67406309023e-05, 0.000109447595605, 7.33702181606e-05, 0.000104043043393, 0.000121345001389, 0.00011169937352, 6.66603373247e-05, 3.66033455066e-05, 6.20728314971e-05, 4.06422986998e-05, 2.57194114965e-05, 5.22464761161e-05, 6.29683700026e-06, 9.17813213164e-06, 3.10332438858e-06, 1.04423543235e-06, 3.7165321487e-07, 4.22709476311e-08, 2.72330353823e-08, 5.02822672388e-08, 9.14024411713e-08, 3.75933630892e-08, 2.19212772379e-08, 1.20988747909e-08],
        "median": [0.00022166717099, 0.000246693758527, 0.000599294435233, 0.000703367928509, 0.000132886823849, 4.4986645662e-05, 0.000108300737338, 9.52206319198e-05, 5.98262849962e-05, 8.80777006387e-05, 4.44794786745e-05, 5.77169812459e-05, 6.10818096902e-05, 6.23173327767e-05, 1.75284494617e-05, 1.2936917301e-05, 4.91416576551e-05, 7.78012181399e-05, 6.00428866164e-05, 8.64665416884e-05, 0.000111170600576, 9.21561804716e-05, 6.06843932474e-05, 3.38463032676e-05, 5.20690191479e-05, 2.94574929285e-05, 2.39283199335e-05, 4.0191145672e-05, 5.29533326699e-06, 7.20881644156e-06, 2.18552281694e-06, 7.13118652129e-07, 2.46790506253e-07, 2.6013914578e-08, 1.72803318321e-08, 3.302742968e-08, 6.0468181573e-08, 1.74616427984e-08, 9.63221769013e-09, 5.48417311563e-09],
        "min": [1.14253350603e-06, 2.57542069448e-06, 4.37208427684e-06, 7.13255212759e-06, 7.74501404521e-06, 3.23853555528e-06, 1.33412618197e-06, 1.02648107259e-06, 3.04438430021e-07, 6.61951503389e-07, 8.36580341002e-07, 1.21590872482e-07, 2.90877437692e-07, 2.94680944535e-07, 3.11429779742e-08, 1.39143651268e-07, 4.81534470964e-07, 1.17195440907e-06, 1.22156541238e-06, 2.18493551074e-06, 1.30496789552e-06, 2.22791754823e-06, 1.30655553221e-06, 1.67758543057e-07, 6.12102439845e-08, 1.89108760651e-07, 1.54090642468e-07, 3.83556283623e-07, 9.32270225462e-08, 3.80524021182e-08, 2.02570191732e-08, 5.16367881787e-09, 7.59080354129e-09, 1.97600735774e-09, 8.02466315619e-10, 3.76346981357e-10, 2.63142840851e-10, 6.44993614074e-10, 5.95411053794e-10, 3.03658792555e-10],
        "var": [1.31157321448e-07, 1.21640098882e-07, 5.8749890286e-07, 7.34594266305e-07, 1.00676187387e-08, 1.3360049067e-08, 2.56183927405e-08, 1.32719932822e-08, 6.82534384566e-09, 9.41094047135e-09, 1.51237760093e-08, 1.34992061973e-08, 9.53907619561e-09, 6.7763039624e-09, 8.43108360904e-10, 7.69655394972e-10, 6.17844797546e-09, 1.22064198749e-08, 2.6209789894e-09, 4.8247912332e-09, 4.78546358096e-09, 4.76854999931e-09, 1.06558584179e-09, 3.859540465e-10, 1.62995272834e-09, 1.77449466232e-09, 1.47462139721e-10, 1.72591407832e-09, 2.09100774889e-11, 5.90325288652e-11, 6.30913593938e-12, 8.1233587565e-13, 1.30208222134e-13, 2.7216113037e-15, 1.38314847518e-15, 3.33024640443e-15, 8.74395076066e-15, 3.50776608721e-15, 1.3967148725e-15, 4.42380929684e-16]
    },
    "mfcc": {
        "mean": [-628.793701172, 145.000289917, -74.3573913574, 61.2561035156, -0.475590318441, -4.35548496246, 6.61927127838, -4.92591667175, 11.4591932297, 0.662727892399, -12.9718284607, -0.441502988338, -9.88276767731],
        "cov": [[708.381652832, -203.918380737, -108.337394714, -188.322677612, -57.3364753723, 12.2906045914, 21.8560409546, 41.7138442993, 3.5492978096, 10.8471460342, 72.1546936035, 18.782585144, -6.37422561646], [-203.918380737, 245.223114014, 70.1117858887, 138.659393311, 1.82240843773, -9.2346534729, -1.85253500938, -11.8685598373, 2.45068287849, 5.97463798523, -31.7103023529, 10.3887739182, 6.15601682663], [-108.337394714, 70.1117858887, 78.1536102295, 54.7873382568, 25.6262779236, 0.308156847954, -12.5128746033, -18.9575977325, -13.3364295959, -1.19731283188, -9.72848510742, -4.93488264084, 0.569659411907], [-188.322677612, 138.659393311, 54.7873382568, 177.48765564, 40.8602409363, 1.64815473557, 13.6510324478, -19.9718475342, -8.45500087738, 1.3253480196, -42.8472061157, 5.0953373909, -1.97906005383], [-57.3364753723, 1.82240843773, 25.6262779236, 40.8602409363, 71.1693115234, 21.2501296997, 8.02415084839, -8.5304517746, -20.206445694, -0.597634315491, 1.29948818684, -12.2319955826, 5.76660966873], [12.2906045914, -9.2346534729, 0.308156847954, 1.64815473557, 21.2501296997, 54.0496520996, 19.5433597565, 8.07510280609, 6.35836458206, 0.520942568779, 10.9969892502, -10.6043596268, -0.0207175780088], [21.8560409546, -1.85253500938, -12.5128746033, 13.6510324478, 8.02415084839, 19.5433597565, 43.7287445068, 17.9976081848, 9.4092464447, 2.37768745422, 0.779106676579, -3.01190805435, 3.13330960274], [41.7138442993, -11.8685598373, -18.9575977325, -19.9718475342, -8.5304517746, 8.07510280609, 17.9976081848, 45.2663497925, 25.5296230316, 9.58029174805, 8.54297637939, -5.03911209106, 0.594651758671], [3.5492978096, 2.45068287849, -13.3364295959, -8.45500087738, -20.206445694, 6.35836458206, 9.4092464447, 25.5296230316, 60.8701438904, 19.5632400513, 5.10442686081, 1.79475724697, -4.16140174866], [10.8471460342, 5.97463798523, -1.19731283188, 1.3253480196, -0.597634315491, 0.520942568779, 2.37768745422, 9.58029174805, 19.5632400513, 43.5068244934, 22.6833362579, 6.33927154541, 7.1026802063], [72.1546936035, -31.7103023529, -9.72848510742, -42.8472061157, 1.29948818684, 10.9969892502, 0.779106676579, 8.54297637939, 5.10442686081, 22.6833362579, 58.0293197632, 10.4615259171, 15.1665687561], [18.782585144, 10.3887739182, -4.93488264084, 5.0953373909, -12.2319955826, -10.6043596268, -3.01190805435, -5.03911209106, 1.79475724697, 6.33927154541, 10.4615259171, 51.0855369568, 21.7622375488], [-6.37422561646, 6.15601682663, 0.569659411907, -1.97906005383, 5.76660966873, -0.0207175780088, 3.13330960274, 0.594651758671, -4.16140174866, 7.1026802063, 15.1665687561, 21.7622375488, 50.3841629028]],
