{
"lowlevel": {
    "average_loudness": 0.98518460989,
    "barkbands_crest": {
        "dmean": 4.05985689163,
        "dmean2": 6.75522899628,
        "dvar": 11.7399511337,
        "dvar2": 27.9254493713,
        "max": 25.7207717896,
        "mean": 16.7003231049,
        "median": 16.7471675873,
        "min": 3.57310891151,
        "var": 23.3678264618
    },
    "barkbands_flatness_db": {
        "dmean": 0.0436844676733,
        "dmean2": 0.0671286433935,
        "dvar": 0.0011974076042,
        "dvar2": 0.00252641853876,
        "max": 0.388295829296,
        "mean": 0.24593552947,
        "median": 0.239308983088,
        "min": 0.116821654141,
        "var": 0.00398007594049
    },
    "barkbands_kurtosis": {
        "dmean": 12.9148368835,
        "dmean2": 20.1348266602,
        "dvar": 223.533935547,
        "dvar2": 518.54473877,
        "max": 98.4977111816,
        "mean": 18.2478218079,
        "median": 7.70885467529,
        "min": -1.84814274311,
        "var": 526.408996582
    },
    "barkbands_skewness": {
        "dmean": 1.41754329205,
        "dmean2": 2.16271615028,
        "dvar": 1.499147892,
        "dvar2": 3.14328289032,
        "max": 9.01962566376,
        "mean": 3.44398188591,
        "median": 2.96746110916,
        "min": -0.818960487843,
        "var": 5.04641723633
    },
    "barkbands_spread": {
        "dmean": 10.1669912338,
        "dmean2": 16.0043525696,
        "dvar": 95.0473556519,
        "dvar2": 194.821411133,
        "max": 60.2140846252,
        "mean": 21.3232002258,
        "median": 16.9601135254,
        "min": 1.23573434353,
        "var": 280.602386475
    },
    "dissonance": {
        "dmean": 0.0071104131639,
        "dmean2": 0.0114935906604,
        "dvar": 8.81074010977e-05,
        "dvar2": 0.000181212963071,
        "max": 0.499975323677,
        "mean": 0.489120662212,
        "median": 0.492217570543,
        "min": 0.367411673069,
        "var": 0.000136727641802
    },
    "dynamic_complexity": 0.853505074978,
    "erbbands_crest": {
        "dmean": 2.12548446655,
        "dmean2": 3.55007410049,
        "dvar": 3.36298942566,
        "dvar2": 8.49835968018,
        "max": 17.9208011627,
        "mean": 7.58810901642,
        "median": 6.99731397629,
        "min": 3.62023139,
        "var": 5.60321950912
    },
    "erbbands_flatness_db": {
        "dmean": 0.0127852382138,
        "dmean2": 0.0206558331847,
        "dvar": 0.000110446257167,
        "dvar2": 0.000251814519288,
        "max": 0.257180392742,
        "mean": 0.207093343139,
        "median": 0.206411138177,
        "min": 0.0893733799458,
        "var": 0.000368103239452
    },
    "erbbands_kurtosis": {
        "dmean": 1.74238240719,
        "dmean2": 2.8247885704,
        "dvar": 2.84503769875,
        "dvar2": 7.11480951309,
        "max": 11.0678243637,
        "mean": 1.58002662659,
        "median": 0.845001220703,
        "min": -1.79842340946,
        "var": 8.42092514038
    },
    "erbbands_skewness": {
        "dmean": 0.558040678501,
        "dmean2": 0.847924232483,
        "dvar": 0.237927317619,
        "dvar2": 0.506796658039,
        "max": 1.89329993725,
        "mean": -1.00404584408,
        "median": -1.22593104839,
        "min": -2.84639549255,
        "var": 1.015640378
    },
    "erbbands_spread": {
        "dmean": 15.0209980011,
        "dmean2": 24.1967506409,
        "dvar": 191.253311157,
        "dvar2": 384.81338501,
        "max": 97.7331542969,
        "mean": 48.2782707214,
        "median": 43.9143943787,
        "min": 9.84745788574,
        "var": 551.257995605
    },
    "hfc": {
        "dmean": 4.94015693665,
        "dmean2": 7.64155817032,
        "dvar": 28.9308776855,
        "dvar2": 61.0160179138,
        "max": 84.7465057373,
        "mean": 20.9933547974,
        "median": 17.1223621368,
        "min": 0.309605389833,
        "var": 147.07232666
    },
    "melbands_crest": {
        "dmean": 3.82527589798,
        "dmean2": 6.19671964645,
        "dvar": 8.43055057526,
        "dvar2": 21.1668453217,
        "max": 31.0764713287,
        "mean": 22.6081562042,
        "median": 22.8632087708,
        "min": 8.11655235291,
        "var": 18.4782238007
    },
    "melbands_flatness_db": {
        "dmean": 0.0518872700632,
        "dmean2": 0.0792855247855,
        "dvar": 0.0017608886119,
        "dvar2": 0.00365854380652,
        "max": 0.493177115917,
        "mean": 0.321102619171,
        "median": 0.318413078785,
        "min": 0.126257687807,
        "var": 0.00606814259663
    },
    "melbands_kurtosis": {
        "dmean": 38.1040992737,
        "dmean2": 59.2634124756,
        "dvar": 1613.66662598,
        "dvar2": 3633.38354492,
        "max": 239.300170898,
        "mean": 64.9167480469,
        "median": 40.1164512634,
        "min": -1.3899064064,
        "var": 3800.40722656
    },
    "melbands_skewness": {
        "dmean": 2.11273956299,
        "dmean2": 3.27201485634,
        "dvar": 3.20876765251,
        "dvar2": 6.60180997849,
        "max": 13.1909122467,
        "mean": 6.43947553635,
        "median": 6.1574716568,
        "min": 0.355120390654,
        "var": 9.50671100616
    },
    "melbands_spread": {
        "dmean": 10.4689083099,
        "dmean2": 16.8627319336,
        "dvar": 179.178787231,
        "dvar2": 425.057678223,
        "max": 93.2900848389,
        "mean": 15.8411388397,
        "median": 8.90813827515,
        "min": 0.85911667347,
        "var": 313.582458496
    },
    "pitch_salience": {
        "dmean": 0.112149819732,
        "dmean2": 0.189215153456,
        "dvar": 0.00938047748059,
        "dvar2": 0.022862881422,
        "max": 0.696664810181,
        "mean": 0.307611137629,
        "median": 0.273901462555,
        "min": 0.108238555491,
        "var": 0.0150652881712
    },
    "silence_rate_20dB": {
        "dmean": 0,
        "dmean2": 0,
        "dvar": 0,
        "dvar2": 0,
        "max": 1,
        "mean": 1,
        "median": 1,
        "min": 1,
        "var": 0
    },
    "silence_rate_30dB": {
        "dmean": 0.0920634940267,
        "dmean2": 0.182829886675,
        "dvar": 0.083588115871,
        "dvar2": 0.222534865141,
        "max": 1,
        "mean": 0.925515055656,
        "median": 1,
        "min": 0,
        "var": 0.0689368993044
    },
    "silence_rate_60dB": {
        "dmean": 0,
        "dmean2": 0,
        "dvar": 0,
        "dvar2": 0,
        "max": 0,
        "mean": 0,
        "median": 0,
        "min": 0,
        "var": 0
    },
    "spectral_centroid": {
        "dmean": 418.890686035,
        "dmean2": 624.11932373,
        "dvar": 159793.5,
        "dvar2": 303962.0625,
        "max": 3109.9753418,
        "mean": 1858.65991211,
        "median": 2033.7401123,
        "min": 253.098403931,
        "var": 693909.125
    },
    "spectral_complexity": {
        "dmean": 5.74761915207,
        "dmean2": 8.46899795532,
        "dvar": 22.4870796204,
        "dvar2": 40.0073547363,
        "max": 51,
        "mean": 25.698890686,
        "median": 28,
        "min": 1,
        "var": 131.478302002
    },
    "spectral_decrease": {
        "dmean": 7.53970397227e-09,
        "dmean2": 1.24469572427e-08,
        "dvar": 3.35835990441e-17,
        "dvar2": 7.66131639322e-17,
        "max": -5.50125500709e-10,
        "mean": -1.69175766729e-08,
        "median": -1.6741484643e-08,
        "min": -3.59223655266e-08,
        "var": 6.89618226754e-17
    },
    "spectral_energy": {
        "dmean": 0.0286002811044,
        "dmean2": 0.0472255796194,
        "dvar": 0.000478547095554,
        "dvar2": 0.0010996410856,
        "max": 0.137071460485,
        "mean": 0.0657549351454,
        "median": 0.0649616643786,
        "min": 0.00210438622162,
        "var": 0.000974793045316
    },
    "spectral_energyband_high": {
        "dmean": 0.000176304005436,
        "dmean2": 0.000271237717243,
        "dvar": 4.41819949515e-08,
        "dvar2": 1.09368585299e-07,
        "max": 0.00281957956031,
        "mean": 0.000463655043859,
        "median": 0.000353035138687,
        "min": 3.32606532538e-06,
        "var": 1.65501319316e-07
    },
    "spectral_energyband_low": {
        "dmean": 0.0286399051547,
        "dmean2": 0.0473765768111,
        "dvar": 0.000496529741213,
        "dvar2": 0.00111562409438,
        "max": 0.129240095615,
        "mean": 0.0567389018834,
        "median": 0.054875459522,
        "min": 0.00173103855923,
        "var": 0.00102238473482
    },
    "spectral_energyband_middle_high": {
        "dmean": 0.00195124163292,
        "dmean2": 0.00292342971079,
        "dvar": 4.51805044577e-06,
        "dvar2": 9.28079771256e-06,
        "max": 0.0258876755834,
        "mean": 0.00535588292405,
        "median": 0.00426883623004,
        "min": 5.63724097447e-05,
        "var": 2.09939626075e-05
    },
    "spectral_energyband_middle_low": {
        "dmean": 0.00194244994782,
        "dmean2": 0.00316518777981,
        "dvar": 4.12924327975e-06,
        "dvar2": 1.00506740637e-05,
        "max": 0.0203486699611,
        "mean": 0.00374326319434,
        "median": 0.00298068649136,
        "min": 0.000219361900236,
        "var": 8.40368102217e-06
    },
    "spectral_entropy": {
        "dmean": 0.131385311484,
        "dmean2": 0.206714525819,
        "dvar": 0.0183081366122,
        "dvar2": 0.0384993813932,
        "max": 7.75672912598,
        "mean": 7.46161222458,
        "median": 7.54343986511,
        "min": 6.44925546646,
        "var": 0.0521580278873
    },
    "spectral_flux": {
        "dmean": 0.0492315217853,
        "dmean2": 0.0860280841589,
        "dvar": 0.00161795271561,
        "dvar2": 0.00468496466056,
        "max": 0.305318534374,
        "mean": 0.12869644165,
        "median": 0.119392670691,
        "min": 0.0336087048054,
        "var": 0.00222290004604
    },
    "spectral_kurtosis": {
        "dmean": 2.6917347908,
        "dmean2": 4.83903503418,
        "dvar": 4.66792821884,
        "dvar2": 14.1942129135,
        "max": 20.2067584991,
        "mean": 3.67961668968,
        "median": 3.18976020813,
        "min": -0.326525688171,
        "var": 6.54029989243
    },
    "spectral_rms": {
        "dmean": 0.00183572736569,
        "dmean2": 0.00299909687601,
        "dvar": 2.00769068215e-06,
        "dvar2": 4.66778692498e-06,
        "max": 0.0115640936419,
        "mean": 0.0077511514537,
        "median": 0.00796098168939,
        "min": 0.00143285014201,
        "var": 4.07079733122e-06
    },
    "spectral_rolloff": {
        "dmean": 647.636108398,
        "dmean2": 1125.95861816,
        "dvar": 783301.5625,
        "dvar2": 1739565.625,
        "max": 3746.77734375,
        "mean": 862.827636719,
        "median": 129.19921875,
        "min": 64.599609375,
        "var": 1200934.875
    },
    "spectral_skewness": {
        "dmean": 0.312975466251,
        "dmean2": 0.549360871315,
        "dvar": 0.0714083462954,
        "dvar2": 0.190879747272,
        "max": 3.40438175201,
        "mean": 0.592139899731,
        "median": 0.5388225317,
        "min": -0.0761628821492,
        "var": 0.148185268044
    },
    "spectral_spread": {
        "dmean": 252494.75,
        "dmean2": 389516.6875,
        "dvar": 96794140672,
        "dvar2": 117736931328,
        "max": 9684242,
        "mean": 2578674.5,
        "median": 2542143.75,
        "min": 1786733.875,
        "var": 228628545536
    },
    "spectral_strongpeak": {
        "dmean": 0.26514172554,
        "dmean2": 0.425715655088,
        "dvar": 0.0511336363852,
        "dvar2": 0.116230502725,
        "max": 1.73754143715,
        "mean": 0.608498394489,
        "median": 0.553158044815,
        "min": 0,
        "var": 0.113387651742
    },
    "zerocrossingrate": {
        "dmean": 0.0111793158576,
        "dmean2": 0.01380772423,
        "dvar": 9.34083000175e-05,
        "dvar2": 0.000143548633787,
        "max": 0.1103515625,
        "mean": 0.0351709537208,
        "median": 0.02978515625,
        "min": 0.00341796875,
        "var": 0.00047813548008
    },
    "barkbands": {
        "dmean": [0.000210510101169, 0.0245766025037, 0.010430063121, 0.000780391099397, 0.00135822314769, 0.000224432136747, 0.00010745137115, 5.08521952725e-05, 0.000209620091482, 0.000235194063862, 0.000148578561493, 0.000169182094396, 2.69504234893e-05, 0.000235133164097, 0.000266048125923, 0.000428040395491, 0.000691149441991, 0.000274859950878, 0.000395792420022, 0.000271057098871, 0.000108915162855, 2.10715988942e-05, 6.5859597953e-07, 1.20325103126e-06, 2.14589107372e-07, 9.64169259987e-08, 3.40186936398e-08],
        "dmean2": [0.00034591142321, 0.0410858988762, 0.0166863054037, 0.00133550015744, 0.00225639110431, 0.000370236375602, 0.000185381941264, 8.56227125041e-05, 0.000345235399436, 0.00038614575169, 0.000253193662502, 0.000286588154268, 4.44867400802e-05, 0.000403922487749, 0.00043884725892, 0.000698837335221, 0.00113431015052, 0.000453044573078, 0.000655440846458, 0.000419718620833, 0.000173152657226, 3.32223389705e-05, 1.0303081126e-06, 1.84726354746e-06, 3.13988749667e-07, 1.41233371664e-07, 3.96380741563e-08],
        "dvar": [8.80188153474e-08, 0.000422102864832, 0.000127966093714, 8.70728854352e-07, 2.67379027719e-06, 1.62037693485e-07, 7.20281079225e-08, 4.54299220465e-09, 1.60905074154e-07, 1.8049526318e-07, 5.7911645257e-08, 5.3654424903e-08, 1.39101019592e-09, 1.43521859286e-07, 1.59467020922e-07, 3.30319295472e-07, 6.77962532336e-07, 1.45443763699e-07, 2.5003095061e-07, 8.05590687492e-08, 1.50029819679e-08, 5.67147495634e-10, 8.50383240387e-13, 2.28824359634e-12, 7.50859227225e-13, 4.32099641441e-13, 4.22935449683e-13],
        "dvar2": [2.14996703107e-07, 0.00100809172727, 0.000293901510304, 2.26906900025e-06, 6.69978953738e-06, 3.33990357149e-07, 1.8425882331e-07, 1.20644880752e-08, 4.30208189073e-07, 4.71779486588e-07, 1.51457371089e-07, 1.40548991112e-07, 3.42649997265e-09, 4.15007804122e-07, 3.98947349822e-07, 8.52640425819e-07, 1.80424478913e-06, 3.83993125297e-07, 6.68929715175e-07, 1.8611831365e-07, 3.68761199354e-08, 1.44172518368e-09, 1.49168134442e-12, 4.76576894268e-12, 1.2013501088e-12, 5.3365081451e-13, 4.24295608413e-13],
        "max": [0.00227512116544, 0.121341899037, 0.0876675024629, 0.00820618774742, 0.0126869734377, 0.00529929343611, 0.00515226833522, 0.000642609316856, 0.00578809902072, 0.00619773380458, 0.00280731939711, 0.00176669680513, 0.00043353633373, 0.00325039378367, 0.00493426062167, 0.00703246239573, 0.00782587379217, 0.00524874590337, 0.0059335087426, 0.0037045464851, 0.00136065750849, 0.00027494909591, 1.69889790413e-05, 1.76511475729e-05, 1.56665500981e-05, 1.52635657287e-05, 1.63336626429e-05],
        "mean": [0.000258898944594, 0.0415733493865, 0.0144164636731, 0.000915600860026, 0.00200109463185, 0.000275964557659, 0.000126003622427, 6.53125243844e-05, 0.000255668302998, 0.000300428131595, 0.000177189067472, 0.00024124031188, 3.84065242542e-05, 0.000330919632688, 0.000379202625481, 0.00075833813753, 0.00123726238962, 0.000564935733564, 0.00088657590095, 0.000652056885883, 0.000247085146839, 4.77439571114e-05, 1.67891778347e-06, 2.96400889965e-06, 4.22979525183e-07, 1.36228990755e-07, 4.46874359739e-08],
        "median": [0.000131932116346, 0.0362410694361, 0.00848459545523, 0.000586264475714, 0.00130850297865, 9.55891955527e-05, 5.61214510526e-05, 3.87216059607e-05, 0.0001319606381, 0.000143864104757, 9.47228909354e-05, 0.000143602723256, 2.32196653087e-05, 0.000186367164133, 0.000236927866354, 0.000543358677533, 0.000853707373608, 0.000403176440159, 0.0006054455298, 0.000465186458314, 0.000189682104974, 3.47916320607e-05, 1.25276176277e-06, 2.22844028031e-06, 2.85882748585e-07, 6.94324384654e-08, 1.28277068967e-08],
        "min": [2.44792062176e-07, 0.000980620388873, 5.37162304681e-05, 1.54712033691e-05, 3.33114367095e-05, 4.10205757362e-06, 2.76717332781e-06, 1.3622905044e-06, 3.59537148142e-06, 4.35759329775e-06, 3.73184661839e-06, 9.6520329862e-07, 9.4643007742e-07, 5.73911029278e-06, 3.72598606191e-06, 1.34995107146e-05, 3.85257226299e-06, 5.15722058481e-06, 5.93765753365e-06, 2.61721993411e-06, 8.85524116256e-07, 2.13895646084e-07, 1.03001390528e-07, 1.27805662942e-07, 2.4105716534e-08, 4.85293227825e-09, 5.22249621326e-09],
        "var": [1.21999136127e-07, 0.00074009882519, 0.000265682028839, 9.86883947007e-07, 4.42206464868e-06, 2.73255636785e-07, 7.44606083458e-08, 6.130621788e-09, 1.73319548935e-07, 2.09895020475e-07, 6.11949744211e-08, 7.28428730667e-08, 1.83136994458e-09, 1.85609067671e-07, 2.17483361098e-07, 5.85459190461e-07, 1.52951997734e-06, 3.25870985307e-07, 7.69317068716e-07, 3.83837488016e-07, 4.72752823555e-08, 2.01424654733e-09, 2.25025640482e-12, 6.85624690702e-12, 8.44973776278e-13, 4.31898494833e-13, 4.22518817893e-13]
    },
    "erbbands": {
        "dmean": [0.522833168507, 6.28000402451, 13.6398887634, 4.01834821701, 4.01034021378, 5.2158446312, 2.81878852844, 1.55035996437, 0.782590031624, 2.24020576477, 1.56978154182, 4.8293504715, 6.81229925156, 6.06857395172, 6.12537574768, 7.06762599945, 1.36783897877, 6.46981668472, 14.7734546661, 25.0377845764, 23.4873008728, 36.7698249817, 14.0092258453, 21.909538269, 16.5278110504, 14.2263946533, 4.72993803024, 3.20735359192, 0.859479129314, 0.100599974394, 0.0208127889782, 0.0290446206927, 0.0153925605118, 0.00471458025277, 0.000917242141441, 0.000531912897713, 0.000154418201419, 2.81482516584e-05, 1.65613491845e-05, 3.09937931888e-05],
        "dmean2": [0.862947642803, 10.4878454208, 21.8051719666, 6.6010260582, 6.98897981644, 8.64054775238, 4.55286645889, 2.57174634933, 1.29046261311, 3.85879230499, 2.60205125809, 8.09525108337, 11.0558547974, 10.2692575455, 10.2385225296, 11.9893531799, 2.14308047295, 11.0109233856, 25.2040042877, 41.676158905, 37.9845161438, 60.5461845398, 22.4920539856, 36.5629272461, 26.4280319214, 22.100944519, 7.50336837769, 4.99973011017, 1.30252230167, 0.154553800821, 0.0313358791173, 0.0453170798719, 0.0246801208705, 0.00717493752018, 0.00132100901101, 0.000805006595328, 0.000227384618483, 3.53081486537e-05, 2.514856169e-05, 5.10831450811e-05],
        "dvar": [0.295041143894, 26.2761058807, 176.986526489, 20.6093158722, 24.9580039978, 46.9461746216, 18.2348594666, 7.22966480255, 3.06852984428, 29.2836494446, 4.35376214981, 117.585914612, 117.758430481, 145.165359497, 84.3371810913, 99.5201263428, 3.03559446335, 96.3875274658, 552.701721191, 1609.64746094, 870.719543457, 1994.85510254, 345.911376953, 745.688964844, 357.928924561, 239.08026123, 31.5844211578, 12.7726268768, 0.893376231194, 0.0120540680364, 0.000755839573685, 0.00120178994257, 0.000571106444113, 0.00013266489259, 3.22115411109e-05, 9.01237763173e-06, 1.33200535402e-06, 1.64478777265e-07, 8.38731928354e-09, 5.84057913144e-10],
        "dvar2": [0.632970094681, 64.466796875, 397.827056885, 46.835308075, 67.7313613892, 115.577453613, 40.657913208, 15.0425043106, 8.08843898773, 77.5658187866, 10.971531868, 325.67868042, 281.710632324, 390.759124756, 218.006652832, 259.217254639, 7.41790676117, 260.75769043, 1585.12365723, 4034.83032227, 2321.87768555, 5539.40283203, 929.827880859, 1947.92248535, 863.961364746, 573.487548828, 77.7890777588, 30.7113723755, 2.16554307938, 0.0274192187935, 0.00131500675343, 0.00263086589985, 0.00114259531256, 0.000236455845879, 4.6328863391e-05, 1.39809371831e-05, 1.46908894294e-06, 1.688431297e-07, 8.61313953493e-09, 1.30169397483e-09],
        "max": [4.02159261703, 27.1465167999, 103.103561401, 40.5593452454, 42.9498062134, 56.0605697632, 35.1848182678, 35.9243354797, 33.7981491089, 97.735496521, 19.7488536835, 155.498046875, 110.665328979, 173.85005188, 96.5506210327, 75.6130142212, 25.5088882446, 103.485679626, 192.860031128, 388.02255249, 319.767181396, 485.874145508, 280.569458008, 358.63684082, 238.138534546, 211.189865112, 72.8634109497, 38.824924469, 12.165933609, 1.48185741901, 0.477762162685, 0.423945397139, 0.257204264402, 0.178448289633, 0.112151496112, 0.0612200535834, 0.0281386896968, 0.0101025756449, 0.00233305967413, 0.000286895636236],
        "mean": [0.792577266693, 10.5672893524, 21.4821033478, 6.39838027954, 5.24963712692, 7.11063337326, 3.90035200119, 1.94507491589, 1.0767480135, 2.53495192528, 2.14590740204, 5.6285367012, 8.57141208649, 7.87551689148, 8.23795700073, 10.035036087, 2.53153848648, 10.0010824203, 21.2099304199, 35.3127632141, 45.6033401489, 66.3801193237, 32.1955604553, 46.5837554932, 39.2924346924, 34.0241508484, 11.3350639343, 7.54733562469, 2.14901351929, 0.273323237896, 0.0599963665009, 0.0754970312119, 0.0330077260733, 0.0095519926399, 0.00149951991625, 0.000796868756879, 0.000233720318647, 3.6793651816e-05, 3.79468037863e-05, 7.44141580071e-05],
        "median": [0.537291646004, 9.63994503021, 14.33938694, 4.62188863754, 3.63331389427, 3.98080992699, 1.24263584614, 0.784789562225, 0.570908665657, 1.14072728157, 1.27963364124, 2.81742835045, 3.81678962708, 4.14219856262, 5.14592409134, 5.88818502426, 1.80761098862, 6.71516418457, 11.4776945114, 21.0930118561, 33.242099762, 45.9314346313, 24.0394077301, 31.6763248444, 28.1966152191, 24.7642745972, 8.51181221008, 5.64736652374, 1.61360025406, 0.215982660651, 0.0457240305841, 0.0572580806911, 0.0246915686876, 0.00668440992013, 0.00078347325325, 0.000420419237344, 0.0001246156462, 1.13930318548e-05, 3.34841424774e-05, 7.24930578144e-05],
        "min": [0.0105495397002, 0.206456154585, 0.387704133987, 0.235280901194, 0.144953936338, 0.0815551951528, 0.0392478816211, 0.0363106690347, 0.0288272798061, 0.0607326254249, 0.0717636942863, 0.0865049436688, 0.111247830093, 0.132425755262, 0.27593678236, 0.0528047718108, 0.0336439758539, 0.17568358779, 0.209176674485, 0.431670516729, 0.7446398139, 0.252560049295, 0.278368353844, 0.361527353525, 0.217990592122, 0.135103493929, 0.0493060871959, 0.0278498511761, 0.00841847248375, 0.00592024251819, 0.00385379721411, 0.00261787162162, 0.00151953054592, 0.000589324568864, 0.000115253715194, 6.81230594637e-05, 2.09427889786e-05, 3.414899993e-06, 6.85943086864e-06, 5.1587062444e-06],
        "var": [0.541707634926, 47.4991416931, 411.26449585, 38.6334609985, 28.2931632996, 79.1038894653, 35.486530304, 11.6561203003, 3.57838606834, 28.0559902191, 6.50678157806, 109.657081604, 163.670471191, 146.79145813, 100.411369324, 135.686416626, 5.90823173523, 127.446411133, 721.155639648, 2136.89428711, 1882.46630859, 4369.18896484, 927.651367188, 2195.20532227, 1388.46850586, 1101.70825195, 100.169044495, 44.7412452698, 3.91793274879, 0.0531504116952, 0.00261726346798, 0.00404573604465, 0.00111756299157, 0.000183045965969, 3.37196288456e-05, 8.78629816725e-06, 1.33739467856e-06, 1.6486244192e-07, 8.59271409581e-09, 1.16603571243e-09]
    },
    "gfcc": {
        "mean": [-34.2566337585, 139.895782471, -148.746658325, 90.7989959717, -5.19822263718, 0.936831116676, 2.9312543869, 6.67898178101, -9.48223209381, -12.7541131973, -10.3842496872, -14.0499210358, 9.61936664581],
        "cov": [[812.835510254, -305.120727539, -460.793762207, -61.1081962585, -84.0204544067, 160.725387573, 47.9817695618, 139.877807617, -13.1342449188, 32.5351409912, -82.1445007324, -18.8552055359, -31.0218162537], [-305.120727539, 477.782653809, 444.601379395, -100.846382141, -24.0804462433, -207.985641479, -87.2891693115, -131.47164917, 13.7146511078, -20.9985218048, 63.7055664062, 20.2763004303, 39.4815216064], [-460.793762207, 444.601379395, 638.391540527, -33.9174118042, 44.6150436401, -230.109893799, -115.440475464, -150.829483032, 3.90434837341, -5.38194894791, 84.1557922363, 36.2023086548, 41.4562797546], [-61.1081962585, -100.846382141, -33.9174118042, 153.872085571, 71.0773468018, 22.0967292786, 17.6238307953, -19.6572570801, -5.21655368805, -20.0503921509, 14.9393396378, -6.92122936249, 4.49925661087], [-84.0204544067, -24.0804462433, 44.6150436401, 71.0773468018, 103.50994873, 34.1854515076, 11.9802827835, -24.4427490234, -3.51207995415, -5.51164102554, 16.8474063873, 9.40123844147, 16.4312610626], [160.725387573, -207.985641479, -230.109893799, 22.0967292786, 34.1854515076, 149.637924194, 72.5059356689, 64.6784591675, -6.75302410126, 2.41363692284, -34.9776573181, -11.4151344299, -9.66785049438], [47.9817695618, -87.2891693115, -115.440475464, 17.6238307953, 11.9802827835, 72.5059356689, 89.458480835, 51.7526893616, 13.3931722641, -8.64272117615, -12.6190748215, -10.2093791962, -3.16619896889], [139.877807617, -131.47164917, -150.829483032, -19.6572570801, -24.4427490234, 64.6784591675, 51.7526893616, 90.0580444336, 18.0872783661, 11.353978157, -31.4516487122, -11.185541153, -15.0638360977], [-13.1342449188, 13.7146511078, 3.90434837341, -5.21655368805, -3.51207995415, -6.75302410126, 13.3931722641, 18.0872783661, 41.9286499023, 12.7396192551, 7.27181768417, -2.55990195274, 1.77956080437], [32.5351409912, -20.9985218048, -5.38194894791, -20.0503921509, -5.51164102554, 2.41363692284, -8.64272117615, 11.353978157, 12.7396192551, 39.8174667358, 10.2841615677, 8.0252904892, -2.78987693787], [-82.1445007324, 63.7055664062, 84.1557922363, 14.9393396378, 16.8474063873, -34.9776573181, -12.6190748215, -31.4516487122, 7.27181768417, 10.2841615677, 51.1030426025, 23.4556026459, 13.9388999939], [-18.8552055359, 20.2763004303, 36.2023086548, -6.92122936249, 9.40123844147, -11.4151344299, -10.2093791962, -11.185541153, -2.55990195274, 8.0252904892, 23.4556026459, 41.6532478333, 20.7044448853], [-31.0218162537, 39.4815216064, 41.4562797546, 4.49925661087, 16.4312610626, -9.66785049438, -3.16619896889, -15.0638360977, 1.77956080437, -2.78987693787, 13.9388999939, 20.7044448853, 34.0606956482]],
        "icov": [[0.00271736155264, -0.00188033015002, 0.00184287002776, -0.00113161408808, 0.00118654663675, -0.00205694045871, 0.00230871955864, -0.00345146190375, 0.00222495873459, -0.00267704832368, 0.0013155604247, -0.000769374251831, -0.000313336204272], [-0.00188033015002, 0.035778619349, -0.00745998788625, 0.0316908247769, -0.00716024776921, 0.0262415688485, -0.0140570821241, 0.0310709979385, -0.0160655081272, 0.0250206943601, -0.0151751944795, 0.0183930806816, -0.0170358754694], [0.00184287002776, -0.00745998788625, 0.00981554947793, -0.00106816866901, -0.00803685840219, 0.00681277085096, 0.00208067032509, -0.00555482693017, 0.00541349919513, -0.00577356526628, 0.00158267840743, -0.00189132418018, 0.00181378750131], [-0.00113161408808, 0.0316908247769, -0.00106816866901, 0.0430321022868, -0.0204455088824, 0.0316896662116, -0.0134240454063, 0.0272701364011, -0.0121695613489, 0.0273051336408, -0.0201433077455, 0.0221874583513, -0.0148499533534], [0.00118654663675, -0.00716024776921, -0.00803685840219, -0.0204455088824, 0.0361376143992, -0.0315981656313, 0.00579884834588, 0.000486093980726, -0.00232260790654, -0.00674027577043, 0.00396268628538, -0.00835075974464, -0.000761141476687], [-0.00205694045871, 0.0262415688485, 0.00681277085096, 0.0316896662116, -0.0315981656313, 0.0623650029302, -0.0260524079204, 0.0181145705283, 0.00115346431267, 0.0101770181209, -0.00441834516823, 0.0154119310901, -0.0130216581747], [0.00230871955864, -0.0140570821241, 0.00208067032509, -0.0134240454063, 0.00579884834588, -0.0260524079204, 0.0370892882347, -0.0268307272345, -0.00116248021368, 0.00485404860228, -0.00621300283819, -0.00176260585431, 0.00309944781475], [-0.00345146190375, 0.0310709979385, -0.00555482693017, 0.0272701364011, 0.000486093980726, 0.0181145705283, -0.0268307272345, 0.0658813565969, -0.028149927035, 0.0129445716739, 0.00369127746671, 0.00579543272033, -0.0069532552734], [0.00222495873459, -0.0160655081272, 0.00541349919513, -0.0121695613489, -0.00232260790654, 0.00115346431267, -0.00116248021368, -0.028149927035, 0.0483448132873, -0.0245420541614, -0.00125702877995, 0.00463947048411, -0.00228433869779], [-0.00267704832368, 0.0250206943601, -0.00577356526628, 0.0273051336408, -0.00674027577043, 0.0101770181209, 0.00485404860228, 0.0129445716739, -0.0245420541614, 0.0622740425169, -0.0278659742326, 0.00901306979358, -0.00339622888714], [0.0013155604247, -0.0151751944795, 0.00158267840743, -0.0201433077455, 0.00396268628538, -0.00441834516823, -0.00621300283819, 0.00369127746671, -0.00125702877995, -0.0278659742326, 0.0578090623021, -0.032144702971, 0.0110776340589], [-0.000769374251831, 0.0183930806816, -0.00189132418018, 0.0221874583513, -0.00835075974464, 0.0154119310901, -0.00176260585431, 0.00579543272033, 0.00463947048411, 0.00901306979358, -0.032144702971, 0.0616506040096, -0.0356724970043], [-0.000313336204272, -0.0170358754694, 0.00181378750131, -0.0148499533534, -0.000761141476687, -0.0130216581747, 0.00309944781475, -0.0069532552734, -0.00228433869779, -0.00339622888714, 0.0110776340589, -0.0356724970043, 0.0594511665404]]
    },
    "melbands": {
        "dmean": [0.00590925989673, 0.00699899857864, 0.000716021633707, 0.0003495735873, 0.000118995056255, 3.50814916601e-05, 1.49609259097e-05, 2.09781137528e-05, 1.6952988517e-05, 3.07402115141e-05, 3.43162209901e-05, 2.6135605367e-05, 2.28613189392e-05, 2.19666326302e-05, 8.09338689578e-06, 4.50657671536e-06, 1.29798518174e-05, 2.85143978545e-05, 2.03569798032e-05, 3.32010386046e-05, 3.35504264513e-05, 4.24303398177e-05, 2.0564028091e-05, 1.40469119287e-05, 2.03756444535e-05, 1.48684021042e-05, 1.24101215988e-05, 8.49892694532e-06, 2.32756201513e-06, 3.94671405957e-06, 1.41163013723e-06, 6.07665128882e-07, 1.81718817771e-07, 2.03513259578e-08, 1.14591163225e-08, 1.83650197272e-08, 1.84292190397e-08, 1.12417160025e-08, 9.87268311547e-09, 2.94833957248e-09],
        "dmean2": [0.00990894623101, 0.0114986570552, 0.00117726007011, 0.000591864925809, 0.000192091232748, 5.7486766309e-05, 2.47786920227e-05, 3.60378762707e-05, 2.8646478313e-05, 5.13559643878e-05, 5.58488609386e-05, 4.46490121249e-05, 3.90637833334e-05, 3.70749476133e-05, 1.37427323352e-05, 7.53579433876e-06, 2.20443453145e-05, 4.88874393341e-05, 3.3580679883e-05, 5.47178533452e-05, 5.58084066142e-05, 6.99808588251e-05, 3.41657905665e-05, 2.3080920073e-05, 3.43311003235e-05, 2.45368501055e-05, 1.94601161638e-05, 1.34009014801e-05, 3.77122114514e-06, 6.46378157398e-06, 2.26012434723e-06, 9.58040004662e-07, 2.93324745826e-07, 3.33551888332e-08, 1.79530559308e-08, 2.87067507543e-08, 2.93373876303e-08, 1.80201915612e-08, 1.62436695206e-08, 4.37688774113e-09],
        "dvar": [2.91040523734e-05, 3.30778348143e-05, 5.84261329095e-07, 1.93346110677e-07, 2.72298930071e-08, 3.88534271423e-09, 1.12257136919e-09, 2.33296804097e-09, 6.15842099538e-10, 4.47216974564e-09, 2.88769408385e-09, 2.83303625004e-09, 1.36414957108e-09, 8.84551987212e-10, 1.39267639088e-10, 3.71498422302e-11, 3.93577836988e-10, 2.22693108398e-09, 1.0011149687e-09, 2.29330465729e-09, 1.92655025266e-09, 2.6279467491e-09, 6.53430809461e-10, 4.18284684667e-10, 6.44503173053e-10, 3.26142002294e-10, 1.73967840134e-10, 9.33831970085e-11, 8.55471769812e-12, 2.11759793728e-11, 2.53492084094e-12, 5.02342254165e-13, 4.65186801568e-14, 6.54364768429e-16, 2.51519816242e-16, 4.95248941073e-16, 5.03564739972e-16, 2.19366194102e-16, 3.75324984079e-16, 1.23894344525e-16],
        "dvar2": [6.58020289848e-05, 7.16008507879e-05, 1.29272132199e-06, 4.96754523738e-07, 6.03303504931e-08, 8.01871369305e-09, 2.92761126452e-09, 6.16850526214e-09, 1.58288171459e-09, 1.21777512518e-08, 6.94614232799e-09, 7.70663177718e-09, 3.61266616622e-09, 2.31150099061e-09, 3.73582054181e-10, 9.73665870152e-11, 1.07483877354e-09, 6.50598730445e-09, 2.46399167736e-09, 5.7460272096e-09, 5.29911403646e-09, 7.15134174101e-09, 1.82920101288e-09, 1.12255427176e-09, 1.74178738099e-09, 8.5911977532e-10, 4.05407124537e-10, 2.36206665338e-10, 2.13670105914e-11, 5.41988780245e-11, 6.35250185788e-12, 1.27891523326e-12, 1.18531283421e-13, 1.59846477976e-15, 4.90544149507e-16, 1.10956911519e-15, 1.15066588324e-15, 4.48786748696e-16, 7.90585824616e-16, 2.40519849343e-16],
        "max": [0.0354629978538, 0.0417673662305, 0.00626492733136, 0.00347412400879, 0.00129772699438, 0.0008853408508, 0.000635389471427, 0.000859791529365, 0.000236028106883, 0.000971142027993, 0.000535992381629, 0.000776019005571, 0.000416270078858, 0.000217483437154, 9.87449748209e-05, 5.16187210451e-05, 0.00020537605451, 0.000387709471397, 0.00036163078039, 0.000569493917283, 0.000449199869763, 0.000513158505782, 0.000260912580416, 0.000307343958411, 0.000306593661662, 0.000206648284802, 0.000180551520316, 0.000138107468956, 3.98749325541e-05, 4.42800701421e-05, 1.79949474841e-05, 8.35168339108e-06, 3.15875354318e-06, 3.16531924227e-07, 2.75100234148e-07, 2.64549356643e-07, 2.62267235485e-07, 1.80852680387e-07, 1.67470503243e-07, 2.17075736941e-07],
        "mean": [0.00958084035665, 0.0127590941265, 0.0011840891093, 0.000481335562654, 0.00017088194727, 4.32843589806e-05, 1.94403673959e-05, 2.4232418582e-05, 2.14172432607e-05, 3.64679690392e-05, 4.30142463301e-05, 3.23116437357e-05, 2.73601253866e-05, 2.96532016364e-05, 1.21336988741e-05, 6.54088125884e-06, 1.91923863895e-05, 3.74504452338e-05, 3.05947360175e-05, 5.02208022226e-05, 5.80499472562e-05, 7.36230867915e-05, 3.95899514842e-05, 2.71123699349e-05, 3.97778894694e-05, 3.06095753331e-05, 2.87511411443e-05, 1.94163312699e-05, 5.21286938238e-06, 7.99954614195e-06, 3.10892664857e-06, 1.35981144922e-06, 4.12111148762e-07, 4.3594450716e-08, 2.70449049822e-08, 4.30375770577e-08, 4.59276989773e-08, 2.40716229172e-08, 1.57829926906e-08, 5.64077362597e-09],
        "median": [0.00789680611342, 0.0109289512038, 0.000864822999574, 0.000305662571918, 5.92152500758e-05, 1.67952766787e-05, 9.95041773422e-06, 1.12708776214e-05, 1.23579065985e-05, 1.78858681465e-05, 1.93916966964e-05, 1.6608471924e-05, 1.50462619786e-05, 1.6920203052e-05, 7.45301895222e-06, 4.27462100561e-06, 1.28018509713e-05, 1.83139673027e-05, 2.01442489924e-05, 3.10511532007e-05, 4.09987806052e-05, 4.91159153171e-05, 2.90021052933e-05, 1.87094647117e-05, 2.61424502241e-05, 2.04104126169e-05, 2.08639812627e-05, 1.44010218719e-05, 3.7893175886e-06, 6.13827205598e-06, 2.33197556554e-06, 9.94531546894e-07, 3.17196111155e-07, 3.17486765766e-08, 1.98221901115e-08, 3.2331879396e-08, 3.53699789457e-08, 1.84259381086e-08, 9.27100884951e-09, 3.78848064031e-09],
        "min": [0.00027256750036, 0.000265355629381, 3.31638038915e-05, 4.89697504236e-06, 2.00529348149e-06, 7.60460295623e-07, 4.92706078603e-07, 4.718471871e-07, 4.92282765663e-07, 5.15317083227e-07, 5.52500409867e-07, 4.05533967296e-07, 6.53944596252e-07, 1.78976165444e-07, 5.15649709598e-08, 1.1467973593e-07, 3.92264183802e-07, 4.26619152449e-07, 3.39196560617e-07, 6.70221083965e-07, 9.04427338355e-07, 2.19529923129e-07, 2.17441439077e-07, 2.81792921442e-07, 3.04219526015e-07, 1.77516795929e-07, 1.21364351457e-07, 8.49899919331e-08, 2.93381319239e-08, 3.02962206433e-08, 1.04615462959e-08, 5.11509368195e-09, 2.78762990469e-09, 2.47948084287e-09, 1.49929257898e-09, 1.85411486164e-09, 1.33353739162e-09, 9.47660505624e-10, 6.32807917178e-10, 3.03421093806e-10],
        "var": [4.95423519169e-05, 8.1695317931e-05, 1.18085949907e-06, 2.74623602081e-07, 5.79278491841e-08, 6.33225250013e-09, 1.28910482289e-09, 2.29871588431e-09, 7.83169862295e-10, 4.35142855082e-09, 4.04186550895e-09, 2.72713318594e-09, 1.40605393995e-09, 1.14314813171e-09, 1.98567690068e-10, 5.05592998024e-11, 4.92987983769e-10, 2.68973820994e-09, 1.3897989426e-09, 3.52548545912e-09, 3.49033579816e-09, 5.61972823832e-09, 1.41052525215e-09, 8.25987278574e-10, 1.69241276549e-09, 9.50050038639e-10, 7.29711180369e-10, 3.76425834947e-10, 2.21514247917e-11, 5.27346395718e-11, 8.0715599135e-12, 1.73235948156e-12, 1.41270540188e-13, 1.47553054708e-15, 6.10752736041e-16, 1.4637736239e-15, 1.50037137645e-15, 4.75979470919e-16, 5.32841957338e-16, 1.41178819437e-16]
    },
    "mfcc": {
        "mean": [-659.837890625, 142.784912109, -47.2035064697, 88.7269592285, 18.3820838928, 20.0939807892, 24.3858451843, 16.6945056915, 23.879655838, 7.0712480545, -4.96088075638, 2.89707899094, -5.427069664],
        "cov": [[1218.47387695, -540.342956543, -517.158081055, -262.049194336, -153.217407227, -3.95913004875, 76.845664978, 102.492202759, 129.793609619, 93.6766357422, 42.1673164368, 9.29680728912, -38.7965660095], [-540.342956543, 648.403625488, 422.727325439, 76.1699676514, 33.8418540955, -80.2819519043, -120.151367188, -122.347732544, -97.2199325562, -87.6775283813, -36.9008789062, -10.6649179459, 24.2502231598], [-517.158081055, 422.727325439, 388.029724121, 134.913238525, 64.0179901123, -51.2012557983, -86.3279876709, -96.2281951904, -90.4990921021, -67.4790802002, -23.8989028931, -8.4094991684, 20.0270214081], [-262.049194336, 76.1699676514, 134.913238525, 163.788543701, 73.0673446655, 15.8008308411, -15.6311197281, -27.8048553467, -49.1404342651, -33.1997680664, -16.1556301117, -0.499565094709, 10.7040424347], [-153.217407227, 33.8418540955, 64.0179901123, 73.0673446655, 96.259765625, 40.6755943298, 0.634306490421, -20.3550853729, -26.8930625916, -22.4183921814, -14.0945997238, -2.41870474815, 12.049030304], [-3.95913004875, -80.2819519043, -51.2012557983, 15.8008308411, 40.6755943298, 77.8936767578, 44.4644889832, 20.6256332397, 4.94605207443, 0.504821658134, -4.64074707031, -0.600743055344, 3.29597330093], [76.845664978, -120.151367188, -86.3279876709, -15.6311197281, 0.634306490421, 44.4644889832, 72.2872619629, 46.1252708435, 26.6113414764, 15.1340742111, 3.97732019424, 0.125649660826, -4.23592090607], [102.492202759, -122.347732544, -96.2281951904, -27.8048553467, -20.3550853729, 20.6256332397, 46.1252708435, 72.6327667236, 44.2543983459, 22.5205173492, 4.91985321045, 1.88287174702, -3.80492973328], [129.793609619, -97.2199325562, -90.4990921021, -49.1404342651, -26.8930625916, 4.94605207443, 26.6113414764, 44.2543983459, 69.877204895, 35.2253875732, 9.9214220047, 0.930750072002, -8.30117607117], [93.6766357422, -87.6775283813, -67.4790802002, -33.1997680664, -22.4183921814, 0.504821658134, 15.1340742111, 22.5205173492, 35.2253875732, 52.8718757629, 23.0451641083, -1.0309368372, -14.283159256], [42.1673164368, -36.9008789062, -23.8989028931, -16.1556301117, -14.0945997238, -4.64074707031, 3.97732019424, 4.91985321045, 9.9214220047, 23.0451641083, 37.9718971252, 10.1299057007, -6.90411615372], [9.29680728912, -10.6649179459, -8.4094991684, -0.499565094709, -2.41870474815, -0.600743055344, 0.125649660826, 1.88287174702, 0.930750072002, -1.0309368372, 10.1299057007, 36.4376068115, 17.2614002228], [-38.7965660095, 24.2502231598, 20.0270214081, 10.7040424347, 12.049030304, 3.29597330093, -4.23592090607, -3.80492973328, -8.30117607117, -14.283159256, -6.90411615372, 17.2614002228, 42.5298309326]],
