{
"lowlevel": {
    "average_loudness": 0.986670076847,
    "barkbands_crest": {
        "dmean": 3.55758810043,
        "dmean2": 6.27203464508,
        "dvar": 7.83591175079,
        "dvar2": 23.0785961151,
        "max": 20.9419898987,
        "mean": 11.4107952118,
        "median": 10.9996089935,
        "min": 3.84534788132,
        "var": 12.6088600159
    },
    "barkbands_flatness_db": {
        "dmean": 0.0228999592364,
        "dmean2": 0.040287822485,
        "dvar": 0.00033933026134,
        "dvar2": 0.00106890150346,
        "max": 0.271276652813,
        "mean": 0.18469825387,
        "median": 0.178631395102,
        "min": 0.114565879107,
        "var": 0.000650134577882
    },
    "barkbands_kurtosis": {
        "dmean": 0.925982654095,
        "dmean2": 1.61859536171,
        "dvar": 1.22243583202,
        "dvar2": 3.00944328308,
        "max": 3.3400387764,
        "mean": -1.02064800262,
        "median": -1.46521735191,
        "min": -1.91057288647,
        "var": 1.20981061459
    },
    "barkbands_skewness": {
        "dmean": 0.699531853199,
        "dmean2": 1.14743757248,
        "dvar": 0.35607162118,
        "dvar2": 0.97258490324,
        "max": 2.17346763611,
        "mean": -0.013725486584,
        "median": -0.0247635245323,
        "min": -2.14773392677,
        "var": 0.701644182205
    },
    "barkbands_spread": {
        "dmean": 6.55697202682,
        "dmean2": 10.8867616653,
        "dvar": 30.0039768219,
        "dvar2": 76.337348938,
        "max": 50.9646224976,
        "mean": 34.6665840149,
        "median": 35.4440765381,
        "min": 13.8938922882,
        "var": 54.355255127
    },
    "dissonance": {
        "dmean": 0.00635659508407,
        "dmean2": 0.0102527402341,
        "dvar": 3.01530963043e-05,
        "dvar2": 6.90104425303e-05,
        "max": 0.498861193657,
        "mean": 0.486996650696,
        "median": 0.488093316555,
        "min": 0.439738452435,
        "var": 4.66946112283e-05
    },
    "dynamic_complexity": 0.616111934185,
    "erbbands_crest": {
        "dmean": 5.27300310135,
        "dmean2": 9.16042041779,
        "dvar": 14.970459938,
        "dvar2": 45.0700836182,
        "max": 29.1071014404,
        "mean": 17.5461463928,
        "median": 17.4278278351,
        "min": 7.20846843719,
        "var": 23.8234844208
    },
    "erbbands_flatness_db": {
        "dmean": 0.0243685767055,
        "dmean2": 0.0427944920957,
        "dvar": 0.000433835317381,
        "dvar2": 0.00119353504851,
        "max": 0.333768725395,
        "mean": 0.262146472931,
        "median": 0.260185539722,
        "min": 0.142091706395,
        "var": 0.000612773059402
    },
    "erbbands_kurtosis": {
        "dmean": 4.69881343842,
        "dmean2": 8.26496505737,
        "dvar": 24.9784641266,
        "dvar2": 73.2569732666,
        "max": 28.0274200439,
        "mean": 5.47574853897,
        "median": 4.54103660583,
        "min": -1.65024268627,
        "var": 25.0863609314
    },
    "erbbands_skewness": {
        "dmean": 0.738842725754,
        "dmean2": 1.27185761929,
        "dvar": 0.401664793491,
        "dvar2": 1.20320880413,
        "max": -0.398919701576,
        "mean": -2.20147538185,
        "median": -2.18479990959,
        "min": -4.70487594604,
        "var": 0.52627414465
    },
    "erbbands_spread": {
        "dmean": 10.018986702,
        "dmean2": 16.6184825897,
        "dvar": 80.0446624756,
        "dvar2": 206.16494751,
        "max": 63.536239624,
        "mean": 23.6679458618,
        "median": 21.7752952576,
        "min": 5.60964345932,
        "var": 140.391433716
    },
    "hfc": {
        "dmean": 12.4957542419,
        "dmean2": 21.7174434662,
        "dvar": 102.883491516,
        "dvar2": 335.42767334,
        "max": 69.7937011719,
        "mean": 32.2196311951,
        "median": 31.5448856354,
        "min": 0.474670886993,
        "var": 145.128372192
    },
    "melbands_crest": {
        "dmean": 5.10250473022,
        "dmean2": 8.94116592407,
        "dvar": 14.7715406418,
        "dvar2": 39.2778968811,
        "max": 28.2984924316,
        "mean": 15.0151844025,
        "median": 14.3389062881,
        "min": 3.9250690937,
        "var": 31.3006191254
    },
    "melbands_flatness_db": {
        "dmean": 0.0279596541077,
        "dmean2": 0.0476094521582,
        "dvar": 0.000576971040573,
        "dvar2": 0.00166508380789,
        "max": 0.309341341257,
        "mean": 0.204160228372,
        "median": 0.199272692204,
        "min": 0.133480936289,
        "var": 0.00138118152972
    },
    "melbands_kurtosis": {
        "dmean": 2.68047451973,
        "dmean2": 4.51073932648,
        "dvar": 13.6613788605,
        "dvar2": 34.5807189941,
        "max": 21.2855892181,
        "mean": 1.41495966911,
        "median": -0.206107616425,
        "min": -1.8606017828,
        "var": 16.9453868866
    },
    "melbands_skewness": {
        "dmean": 0.841110110283,
        "dmean2": 1.37374615669,
        "dvar": 0.549174308777,
        "dvar2": 1.4640392065,
        "max": 4.66093540192,
        "mean": 1.36632716656,
        "median": 1.24610841274,
        "min": -0.820293188095,
        "var": 1.12484765053
    },
    "melbands_spread": {
        "dmean": 15.4710426331,
        "dmean2": 26.6747817993,
        "dvar": 189.890945435,
        "dvar2": 493.078796387,
        "max": 91.3679885864,
        "mean": 58.3992347717,
        "median": 61.6362113953,
        "min": 13.5485305786,
        "var": 355.280426025
    },
    "pitch_salience": {
        "dmean": 0.0867693200707,
        "dmean2": 0.148640275002,
        "dvar": 0.0040173525922,
        "dvar2": 0.0123305507004,
        "max": 0.858764886856,
        "mean": 0.558093369007,
        "median": 0.567818760872,
        "min": 0.327747225761,
        "var": 0.00734147755429
    },
    "silence_rate_20dB": {
        "dmean": 0,
        "dmean2": 0,
        "dvar": 0,
        "dvar2": 0,
        "max": 1,
        "mean": 1,
        "median": 1,
        "min": 1,
        "var": 0
    },
    "silence_rate_30dB": {
        "dmean": 0,
        "dmean2": 0,
        "dvar": 0,
        "dvar2": 0,
        "max": 1,
        "mean": 1,
        "median": 1,
        "min": 1,
        "var": 0
    },
    "silence_rate_60dB": {
        "dmean": 0,
        "dmean2": 0,
        "dvar": 0,
        "dvar2": 0,
        "max": 0,
        "mean": 0,
        "median": 0,
        "min": 0,
        "var": 0
    },
    "spectral_centroid": {
        "dmean": 240.040878296,
        "dmean2": 407.989868164,
        "dvar": 47126.5429688,
        "dvar2": 129332.070312,
        "max": 2698.85229492,
        "mean": 2257.09545898,
        "median": 2329.38061523,
        "min": 1142.50817871,
        "var": 96041.0078125
    },
    "spectral_complexity": {
        "dmean": 3.71428561211,
        "dmean2": 6.10047864914,
        "dvar": 8.95646190643,
        "dvar2": 20.3009033203,
        "max": 41,
        "mean": 26.4597148895,
        "median": 27,
        "min": 1,
        "var": 30.466424942
    },
    "spectral_decrease": {
        "dmean": 1.6758763266e-09,
        "dmean2": 3.04887204372e-09,
        "dvar": 1.91667095069e-18,
        "dvar2": 6.00563192729e-18,
        "max": -1.64274802095e-10,
        "mean": -5.20733633991e-09,
        "median": -5.28861443527e-09,
        "min": -1.12842721833e-08,
        "var": 2.2854140057e-18
    },
    "spectral_energy": {
        "dmean": 0.00706958305091,
        "dmean2": 0.0130307525396,
        "dvar": 3.38193676725e-05,
        "dvar2": 0.000103557707916,
        "max": 0.0460238978267,
        "mean": 0.0225760992616,
        "median": 0.0224417075515,
        "min": 0.000663064362016,
        "var": 3.81683566957e-05
    },
    "spectral_energyband_high": {
        "dmean": 9.67367159319e-05,
        "dmean2": 0.00015863351291,
        "dvar": 6.04525229875e-09,
        "dvar2": 1.63070730252e-08,
        "max": 0.000811477773823,
        "mean": 0.000363018800272,
        "median": 0.000339888792951,
        "min": 1.37601746246e-05,
        "var": 1.98373744098e-08
    },
    "spectral_energyband_low": {
        "dmean": 0.00180966057815,
        "dmean2": 0.0027779142838,
        "dvar": 7.445074516e-06,
        "dvar2": 1.69343256857e-05,
        "max": 0.0230292677879,
        "mean": 0.00260287290439,
        "median": 0.00091265712399,
        "min": 5.40830005775e-05,
        "var": 1.25178394228e-05
    },
    "spectral_energyband_middle_high": {
        "dmean": 0.00474198162556,
        "dmean2": 0.00825062487274,
        "dvar": 1.62641772476e-05,
        "dvar2": 5.09870842507e-05,
        "max": 0.0266249924898,
        "mean": 0.0111584123224,
        "median": 0.0108504611999,
        "min": 0.000109643158794,
        "var": 2.19991634367e-05
    },
    "spectral_energyband_middle_low": {
        "dmean": 0.00485128583387,
        "dmean2": 0.00862035807222,
        "dvar": 2.30795067182e-05,
        "dvar2": 6.9731635449e-05,
        "max": 0.033820591867,
        "mean": 0.00862523447722,
        "median": 0.00719901407138,
        "min": 0.000394833245082,
        "var": 3.21612969856e-05
    },
    "spectral_entropy": {
        "dmean": 0.146664142609,
        "dmean2": 0.261689513922,
        "dvar": 0.0157714951783,
        "dvar2": 0.0464722067118,
        "max": 8.20136928558,
        "mean": 7.31856393814,
        "median": 7.33367490768,
        "min": 6.91807985306,
        "var": 0.0213753208518
    },
    "spectral_flux": {
        "dmean": 0.0186577402055,
        "dmean2": 0.0289533305913,
        "dvar": 0.000249453994911,
        "dvar2": 0.000697594077792,
        "max": 0.156845539808,
        "mean": 0.0895091071725,
        "median": 0.0880762860179,
        "min": 0.0519577376544,
        "var": 0.000380246725399
    },
    "spectral_kurtosis": {
        "dmean": 4.03482627869,
        "dmean2": 7.08777427673,
        "dvar": 10.8600902557,
        "dvar2": 34.3974647522,
        "max": 26.9635848999,
        "mean": 6.05188989639,
        "median": 5.39720344543,
        "min": 0.472187519073,
        "var": 14.009478569
    },
    "spectral_rms": {
        "dmean": 0.000747878337279,
        "dmean2": 0.00137250963598,
        "dvar": 3.96680945869e-07,
        "dvar2": 1.11920405743e-06,
        "max": 0.00670084822923,
        "mean": 0.00464438926429,
        "median": 0.00467913970351,
        "min": 0.000804295996204,
        "var": 4.55100632735e-07
    },
    "spectral_rolloff": {
        "dmean": 179.238204956,
        "dmean2": 325.779724121,
        "dvar": 157858.140625,
        "dvar2": 417949.125,
        "max": 3294.58007812,
        "mean": 2604.19262695,
        "median": 2648.58398438,
        "min": 344.53125,
        "var": 112118.28125
    },
    "spectral_skewness": {
        "dmean": 0.394872307777,
        "dmean2": 0.689632058144,
        "dvar": 0.114941552281,
        "dvar2": 0.356250464916,
        "max": 3.63000702858,
        "mean": 0.716000676155,
        "median": 0.638149797916,
        "min": 0.117525435984,
        "var": 0.172401577234
    },
    "spectral_spread": {
        "dmean": 252873.90625,
        "dmean2": 397849.6875,
        "dvar": 447145213952,
        "dvar2": 348847898624,
        "max": 13264192,
        "mean": 2204104.75,
        "median": 2134610,
        "min": 1674792.75,
        "var": 638250123264
    },
    "spectral_strongpeak": {
        "dmean": 2.33827328682,
        "dmean2": 4.10523462296,
        "dvar": 7.70006084442,
        "dvar2": 19.520740509,
        "max": 13.7707490921,
        "mean": 2.35505127907,
        "median": 0.772419273853,
        "min": 0.0109346685931,
        "var": 8.9484910965
    },
    "zerocrossingrate": {
        "dmean": 0.00922386534512,
        "dmean2": 0.0116299716756,
        "dvar": 5.75320736971e-05,
        "dvar2": 8.60350191942e-05,
        "max": 0.11279296875,
        "mean": 0.0837298184633,
        "median": 0.08642578125,
        "min": 0.01953125,
        "var": 0.000277086073766
    },
    "barkbands": {
        "dmean": [1.03875763671e-05, 0.00125134910922, 0.0007026141393, 0.000391404115362, 0.00481027970091, 0.000393649359467, 0.000171400984982, 8.62822344061e-05, 0.000170786472154, 0.000255074788583, 7.39977986086e-05, 5.44456015632e-05, 1.70939929376e-05, 6.35404940112e-05, 8.24146845844e-05, 0.000658005825244, 0.00439900625497, 0.000444045697805, 0.000299978506519, 0.000146560560097, 7.66866724007e-05, 1.25253054648e-05, 3.63818855931e-07, 9.45969929944e-07, 2.06433597327e-07, 5.96661422492e-08, 2.82867551604e-09],
        "dmean2": [1.65007932083e-05, 0.00200765719637, 0.00111123232637, 0.000651104957797, 0.00865347031504, 0.000709883170202, 0.000301059393678, 0.000142925302498, 0.000301336200209, 0.00042933205259, 0.000130964574055, 9.78577445494e-05, 2.93665307254e-05, 0.000110406639578, 0.000140353804454, 0.00114972400479, 0.00787196215242, 0.000744197401218, 0.000522581627592, 0.000242696303758, 0.000126517887111, 2.11944570765e-05, 6.06809408055e-07, 1.63979007084e-06, 3.56130414048e-07, 1.10739144077e-07, 5.03093700033e-09],
        "dvar": [7.49320772098e-10, 4.44062197857e-06, 1.42522856095e-06, 1.85911915196e-07, 2.29935758398e-05, 1.40937856941e-07, 3.41685968408e-08, 1.4036578122e-08, 3.8409933012e-08, 4.69482799303e-08, 9.8074401933e-09, 2.93623592107e-09, 2.01043182102e-10, 3.47283912738e-09, 5.48649747856e-09, 4.51827531833e-07, 1.55310062837e-05, 1.87195126955e-07, 7.20032176105e-08, 1.30672885845e-08, 3.9221546011e-09, 1.03548739028e-10, 8.2909712624e-14, 7.81036802074e-13, 3.01972971639e-14, 3.49221265648e-15, 2.78528441147e-16],
        "dvar2": [1.66696478843e-09, 1.1097828974e-05, 2.56927091868e-06, 4.56744544408e-07, 6.89776788931e-05, 3.9681248154e-07, 1.07241838521e-07, 4.1614260482e-08, 1.19861653047e-07, 1.37563986868e-07, 2.70879674247e-08, 8.20774204158e-09, 5.74896796834e-10, 1.06081419204e-08, 1.6166218586e-08, 1.34673939556e-06, 4.72172250738e-05, 4.88362957185e-07, 2.05025415312e-07, 3.74529598446e-08, 1.13253513234e-08, 2.82923157124e-10, 2.20195010229e-13, 2.4188984149e-12, 9.4777877495e-14, 1.04609365197e-14, 5.60087195603e-16],
        "max": [0.000224799237913, 0.0152113614604, 0.00945036485791, 0.00363155454397, 0.0329421460629, 0.00249587465078, 0.00135528575629, 0.00126517529134, 0.00157270545606, 0.00153690064326, 0.000932380440645, 0.000422729906859, 8.50344367791e-05, 0.000504622294102, 0.000484344200231, 0.00507992925122, 0.0231226980686, 0.00339101720601, 0.00206617359072, 0.00109056406654, 0.000574984005652, 9.37927179621e-05, 2.51013921115e-06, 7.24134952179e-06, 1.09632389922e-06, 3.82096004614e-07, 2.43788207399e-07],
        "mean": [1.26693030325e-05, 0.00157706683967, 0.000858488667291, 0.000520122470334, 0.00670192856342, 0.000687172345351, 0.000296315265587, 0.00015484879259, 0.000240864086663, 0.000444225443061, 0.000113598427561, 8.60837608343e-05, 3.00794526993e-05, 0.000128712927108, 0.000176670422661, 0.00110353645869, 0.00709145655856, 0.000889229238965, 0.000788197910879, 0.000407308893045, 0.000229006909649, 3.41215018125e-05, 1.19014464417e-06, 2.68192366093e-06, 4.276521679e-07, 1.0898245506e-07, 7.0377326189e-09],
        "median": [2.91566584565e-06, 0.000412715045968, 0.000255330116488, 0.000377895048587, 0.00504839466885, 0.000569120340515, 0.000218814631808, 7.41323019611e-05, 0.000188395089936, 0.000362426944776, 7.1268339525e-05, 7.01685858076e-05, 2.58378622675e-05, 0.000117656876682, 0.000155116169481, 0.00088647211669, 0.00631573423743, 0.000740842369851, 0.000724749756046, 0.00038236900582, 0.000207249948289, 3.288699736e-05, 1.15956686386e-06, 2.52342488238e-06, 3.70944945871e-07, 9.74218181682e-08, 4.26142454657e-09],
        "min": [2.95022619667e-08, 9.26180746319e-06, 1.02119329313e-05, 6.99531256032e-06, 0.000166459823959, 1.55912439368e-05, 1.08824406198e-05, 4.2231504267e-06, 1.92204265659e-06, 3.89937395084e-06, 6.89006492394e-06, 1.404179784e-06, 6.99421889294e-07, 1.92814900402e-06, 5.53626841793e-06, 1.00666272829e-06, 4.16467883042e-05, 2.54219630733e-05, 1.64728098753e-05, 8.96249639482e-06, 7.56068902774e-06, 6.33364948044e-07, 4.52982447996e-07, 2.78617164895e-07, 1.11896447663e-07, 2.70911559852e-08, 2.11005013462e-09],
        "var": [9.2067459212e-10, 7.00734653947e-06, 2.29902980209e-06, 2.49756396897e-07, 3.17539379466e-05, 2.20869111445e-07, 5.49158336582e-08, 3.32200507103e-08, 4.01103150693e-08, 9.11332165288e-08, 1.31603572484e-08, 3.58849261417e-09, 3.32943395076e-10, 4.6963446465e-09, 7.72028663221e-09, 6.27822942079e-07, 1.71328174474e-05, 2.59959705318e-07, 1.3842841895e-07, 3.45655131184e-08, 1.00202770525e-08, 2.12867251603e-10, 1.76009001211e-13, 1.10141160515e-12, 4.18667819868e-14, 3.57160717221e-15, 5.2428337762e-16]
    },
    "erbbands": {
        "dmean": [0.0227161459625, 0.326962500811, 0.862858951092, 0.932807981968, 13.8359279633, 15.070438385, 2.45731663704, 3.15931582451, 1.16546881199, 4.12476110458, 1.78585684299, 3.76648592949, 2.48254871368, 8.51805973053, 2.56341409683, 2.02795338631, 0.737855374813, 2.5630903244, 3.29445767403, 9.57125473022, 46.5710716248, 269.725891113, 62.2827949524, 16.3868923187, 12.8294820786, 7.41345787048, 3.38688731194, 2.42915248871, 0.484764784575, 0.0592192187905, 0.012677368708, 0.0250341929495, 0.010918231681, 0.00396943371743, 0.00043696956709, 0.000338442652719, 9.54129500315e-05, 5.57157136427e-06, 4.99592306369e-06, 9.13588337426e-06],
        "dmean2": [0.0342049784958, 0.523202002048, 1.36525475979, 1.54451918602, 24.784488678, 27.8614730835, 4.3996925354, 5.6037569046, 2.00108480453, 7.07193994522, 3.187469244, 6.59692335129, 4.28760004044, 14.1427736282, 4.38105964661, 3.6683011055, 1.23204052448, 4.59485864639, 5.4945268631, 16.6957492828, 81.236869812, 488.659515381, 107.656455994, 28.3316764832, 21.9330844879, 12.1994419098, 5.73994588852, 4.13884830475, 0.81106865406, 0.0968044474721, 0.0215042605996, 0.0429489277303, 0.0185788590461, 0.0069354926236, 0.000764613796491, 0.000615269585978, 0.000176988120074, 9.92839341052e-06, 9.03255931917e-06, 1.67690741364e-05],
        "dvar": [0.00180583505426, 0.302058517933, 2.2038371563, 0.892690241337, 188.201675415, 203.902770996, 4.2416305542, 9.5171251297, 1.0768840313, 27.9024963379, 2.70776224136, 21.7814369202, 3.76586961746, 56.8837623596, 9.10154247284, 4.2991566658, 0.413278639317, 4.17513847351, 10.0217018127, 78.3715057373, 1760.46655273, 67526.7734375, 2756.5090332, 189.628921509, 144.216491699, 35.4365882874, 7.68370580673, 4.39058160782, 0.161436066031, 0.00252768560313, 0.000103449405287, 0.000541713263374, 9.70529290498e-05, 1.17532572403e-05, 1.23813379105e-07, 9.52037240154e-08, 9.64185797869e-09, 1.2954692874e-10, 1.78770036968e-11, 5.33485339238e-11],
        "dvar2": [0.00414289254695, 0.759889662266, 4.39092445374, 2.15523743629, 541.161621094, 631.755249023, 12.3236494064, 26.8097686768, 3.37147116661, 83.4596328735, 7.96719455719, 68.2920455933, 10.9968986511, 154.981109619, 24.0121936798, 11.6928396225, 1.23917019367, 12.4424085617, 24.4050750732, 223.757904053, 5124.11962891, 205821.96875, 7477.68798828, 512.342285156, 421.87588501, 95.5690155029, 22.5511226654, 12.1320915222, 0.430859684944, 0.00653973035514, 0.00027846582816, 0.00166122592054, 0.000294784957077, 3.55617848982e-05, 3.86409482189e-07, 2.99843406992e-07, 2.83834200587e-08, 2.89893276051e-10, 5.45851142064e-11, 1.66877553442e-10],
        "max": [0.461365610361, 3.98916292191, 14.0479822159, 6.89934015274, 88.5482788086, 94.5422515869, 15.5065336227, 20.4063186646, 7.42391681671, 41.8170623779, 12.434677124, 39.0348854065, 13.6495132446, 57.4128303528, 31.3042011261, 16.320230484, 4.41520881653, 16.1249923706, 24.3146152496, 53.9444885254, 336.670776367, 1462.27539062, 342.123352051, 110.851325989, 100.286170959, 61.9696617126, 25.4205551147, 18.0303707123, 4.24428701401, 0.432341754436, 0.0916304290295, 0.18973004818, 0.073520720005, 0.0238225050271, 0.00267189531587, 0.00190049200319, 0.000675474235322, 0.000170978339156, 4.98692279507e-05, 5.51454322704e-05],
        "mean": [0.0355395153165, 0.392781347036, 1.05708861351, 1.54631888866, 18.3672199249, 19.6785469055, 5.15156555176, 5.08834934235, 2.42092466354, 7.12895822525, 3.00027251244, 5.31441354752, 4.89697360992, 16.0065517426, 4.91805267334, 3.35787677765, 1.61083936691, 4.98661565781, 7.73281002045, 19.954126358, 88.6732254028, 408.347686768, 123.413536072, 43.1401824951, 34.1940727234, 21.2891464233, 9.65578556061, 6.79710578918, 1.58019900322, 0.209359377623, 0.0455825515091, 0.070654720068, 0.0287604220212, 0.00912963226438, 0.000975028960966, 0.0006594141596, 0.000172938322066, 1.4097330677e-05, 1.61869920703e-05, 2.95350437227e-05],
        "median": [0.00696887820959, 0.101364478469, 0.369010955095, 1.22405195236, 13.5342407227, 15.3967752457, 4.59616231918, 4.04988050461, 2.05027031898, 4.67369270325, 2.54698753357, 3.93522620201, 4.31090068817, 13.6969833374, 3.64424157143, 2.77562022209, 1.42493700981, 4.61322498322, 6.94505405426, 16.6937065125, 79.7989654541, 341.092498779, 106.219306946, 40.7421989441, 30.4270572662, 19.5392398834, 8.680809021, 6.32642745972, 1.51063537598, 0.199262693524, 0.0439000912011, 0.0669515058398, 0.027342248708, 0.00800183508545, 0.000879721832462, 0.000604103435762, 0.000152586304466, 1.20478089229e-05, 1.56718160724e-05, 2.8626904168e-05],
        "min": [0.000216858577915, 0.00271857250482, 0.0217191204429, 0.203449144959, 0.509131133556, 0.548255801201, 0.401809841394, 0.245189681649, 0.262412726879, 0.409828752279, 0.1224007532, 0.0422300845385, 0.108114659786, 0.193197369576, 0.21671038866, 0.047411583364, 0.03455324471, 0.0790215060115, 0.176079705358, 0.243422731757, 0.147862046957, 2.1676337719, 2.07706928253, 1.06151139736, 0.522128105164, 0.48926782608, 0.380860418081, 0.192788988352, 0.0303126741201, 0.018866809085, 0.0118857994676, 0.00731037324294, 0.00442105671391, 0.00212888605893, 0.000293284276268, 0.000165465433383, 4.52844906249e-05, 4.49256776847e-06, 7.6384321801e-06, 4.03730155085e-06],
        "var": [0.00478701572865, 0.411507338285, 3.20402240753, 1.47186136246, 266.75604248, 257.872467041, 7.80614328384, 14.1405487061, 2.30173277855, 53.4917030334, 3.92140984535, 21.5736751556, 6.87914419174, 123.65171051, 15.5323619843, 5.36301088333, 0.736335933208, 7.27283191681, 14.7014913559, 112.200614929, 2621.55664062, 67768.1640625, 4083.12646484, 355.175048828, 277.993011475, 100.185592651, 19.3724346161, 8.61649703979, 0.388922989368, 0.0060145650059, 0.000236091334955, 0.000794766994659, 0.000137900002301, 1.650255399e-05, 1.87640154081e-07, 1.06743144102e-07, 9.59072288254e-09, 2.2146404155e-10, 2.22412782636e-11, 5.91039162057e-11]
    },
    "gfcc": {
        "mean": [-34.7906951904, 128.136032104, -175.447296143, 73.4334793091, -34.8102264404, -34.1098251343, -30.4129333496, 2.06432533264, -20.7857074738, -26.9827728271, -19.3598556519, -5.42118358612, 10.394194603],
        "cov": [[253.135894775, -9.98151016235, -98.9834289551, -18.7830963135, -32.4002380371, -2.58010077477, -1.30911314487, 14.9359750748, 1.57976424694, 0.450093001127, -2.4690964222, -2.27675890923, -1.03266131878], [-9.98151016235, 168.373245239, 111.760269165, 92.5285415649, 76.4696884155, 59.4481964111, 65.2175827026, 14.7476205826, 40.2394256592, 17.7331619263, 23.9747562408, -9.29721736908, 15.400680542], [-98.9834289551, 111.760269165, 202.725128174, 118.378746033, 122.206703186, 61.97032547, 38.7585754395, 12.8474292755, 19.848690033, 5.42426252365, 11.388510704, 9.61939907074, 3.61856102943], [-18.7830963135, 92.5285415649, 118.378746033, 123.157905579, 110.368560791, 66.6042556763, 46.019821167, 18.6784210205, 33.1635780334, 15.3441581726, 22.862985611, 8.17101955414, 10.376115799], [-32.4002380371, 76.4696884155, 122.206703186, 110.368560791, 130.299362183, 74.6534194946, 41.8190460205, 24.0967502594, 31.1273994446, 9.49580669403, 19.5424613953, 18.3542480469, 12.1617860794], [-2.58010077477, 59.4481964111, 61.97032547, 66.6042556763, 74.6534194946, 74.9973526001, 57.2368621826, 37.4070701599, 36.3825645447, 27.5225067139, 28.2727622986, 15.4614419937, 8.44912338257], [-1.30911314487, 65.2175827026, 38.7585754395, 46.019821167, 41.8190460205, 57.2368621826, 69.893447876, 43.1229782104, 40.4443397522, 32.9068145752, 29.278503418, 11.0843353271, 6.99481201172], [14.9359750748, 14.7476205826, 12.8474292755, 18.6784210205, 24.0967502594, 37.4070701599, 43.1229782104, 56.3746414185, 41.0769004822, 31.5617103577, 25.8265743256, 18.6656951904, 4.76950407028], [1.57976424694, 40.2394256592, 19.848690033, 33.1635780334, 31.1273994446, 36.3825645447, 40.4443397522, 41.0769004822, 53.2009468079, 38.1477088928, 29.335313797, 13.4286909103, 7.22923231125], [0.450093001127, 17.7331619263, 5.42426252365, 15.3441581726, 9.49580669403, 27.5225067139, 32.9068145752, 31.5617103577, 38.1477088928, 57.4579811096, 39.2621078491, 11.9959888458, -2.73339438438], [-2.4690964222, 23.9747562408, 11.388510704, 22.862985611, 19.5424613953, 28.2727622986, 29.278503418, 25.8265743256, 29.335313797, 39.2621078491, 46.6879081726, 19.199634552, 3.84916710854], [-2.27675890923, -9.29721736908, 9.61939907074, 8.17101955414, 18.3542480469, 15.4614419937, 11.0843353271, 18.6656951904, 13.4286909103, 11.9959888458, 19.199634552, 33.9694595337, 13.1812896729], [-1.03266131878, 15.400680542, 3.61856102943, 10.376115799, 12.1617860794, 8.44912338257, 6.99481201172, 4.76950407028, 7.22923231125, -2.73339438438, 3.84916710854, 13.1812896729, 29.6128578186]],
        "icov": [[0.010477992706, -0.0146969379857, 0.0164012797177, -0.012634777464, 0.00390953943133, -0.00651778187603, 0.0179296452552, -0.0196400284767, 0.0165219996125, -0.00699331797659, 0.0127256056294, -0.0140911350027, 0.00955310277641], [-0.0146969379857, 0.0527128688991, -0.0376425348222, 0.0195260308683, -0.00383111275733, 0.0127414036542, -0.0547178536654, 0.0519415549934, -0.0484800748527, 0.0255710333586, -0.0368966199458, 0.0475609786808, -0.0298506412655], [0.0164012797177, -0.0376425348222, 0.0465359352529, -0.028565293178, -0.00534056778997, -0.00451925816014, 0.0362568236887, -0.0421612523496, 0.0430688075721, -0.0219347830862, 0.0329283922911, -0.0371758416295, 0.0259090941399], [-0.012634777464, 0.0195260308683, -0.028565293178, 0.0661153793335, -0.0385841839015, 0.0123363025486, -0.0352675169706, 0.0386765226722, -0.0326683036983, 0.0117874005809, -0.0286493618041, 0.034210793674, -0.018284406513], [0.00390953943133, -0.00383111275733, -0.00534056778997, -0.0385841839015, 0.0697311833501, -0.049913957715, 0.0327924340963, -0.00835612323135, -0.00580752315, 0.013135895133, 0.00788688473403, -0.0202339179814, 0.00611592177302], [-0.00651778187603, 0.0127414036542, -0.00451925816014, 0.0123363025486, -0.049913957715, 0.0953232496977, -0.0634499192238, 0.00677991099656, 0.00132827041671, -0.00739218713716, -0.0125159937888, 0.0147132780403, -0.00935574062169], [0.0179296452552, -0.0547178536654, 0.0362568236887, -0.0352675169706, 0.0327924340963, -0.0634499192238, 0.124006725848, -0.0761483460665, 0.042929507792, -0.0233883243054, 0.0339168794453, -0.0409016683698, 0.0257768314332], [-0.0196400284767, 0.0519415549934, -0.0421612523496, 0.0386765226722, -0.00835612323135, 0.00677991099656, -0.0761483460665, 0.118650652468, -0.0862147584558, 0.02816802077, -0.0341668613255, 0.027831338346, -0.0200238805264], [0.0165219996125, -0.0484800748527, 0.0430688075721, -0.0326683036983, -0.00580752315, 0.00132827041671, 0.042929507792, -0.0862147584558, 0.122526288033, -0.0563856065273, 0.0376373454928, -0.035673096776, 0.0135949570686], [-0.00699331797659, 0.0255710333586, -0.0219347830862, 0.0117874005809, 0.013135895133, -0.00739218713716, -0.0233883243054, 0.02816802077, -0.0563856065273, 0.079134427011, -0.0572685487568, 0.0250035021454, 9.35714197112e-05], [0.0127256056294, -0.0368966199458, 0.0329283922911, -0.0286493618041, 0.00788688473403, -0.0125159937888, 0.0339168794453, -0.0341668613255, 0.0376373454928, -0.0572685487568, 0.0965616106987, -0.0609089955688, 0.0235569309443], [-0.0140911350027, 0.0475609786808, -0.0371758416295, 0.034210793674, -0.0202339179814, 0.0147132780403, -0.0409016683698, 0.027831338346, -0.035673096776, 0.0250035021454, -0.0609089955688, 0.105795331299, -0.0515379942954], [0.00955310277641, -0.0298506412655, 0.0259090941399, -0.018284406513, 0.00611592177302, -0.00935574062169, 0.0257768314332, -0.0200238805264, 0.0135949570686, 9.35714197112e-05, 0.0235569309443, -0.0515379942954, 0.0667297020555]]
    },
    "melbands": {
        "dmean": [0.000281446176814, 0.000437136681285, 0.000404690421419, 0.00130603113212, 0.000112258829176, 6.97078430676e-05, 2.32997499552e-05, 4.08389023505e-05, 2.11514761759e-05, 2.09161607927e-05, 1.44954719872e-05, 3.88206572097e-05, 1.04330028989e-05, 7.61917499403e-06, 1.72855709479e-06, 2.40004374064e-06, 5.29318867848e-06, 6.25041866442e-06, 6.95983499099e-06, 1.8573296984e-05, 6.42857412458e-05, 0.00025732271024, 0.000191902989172, 1.49018060256e-05, 1.46108432091e-05, 1.28760575535e-05, 6.79908544043e-06, 4.35414722233e-06, 1.88230944786e-06, 3.04379295812e-06, 1.0597320852e-06, 3.5160806533e-07, 1.07153979911e-07, 1.25702941389e-08, 6.39077635256e-09, 1.54480392922e-08, 1.5635032824e-08, 9.50102307939e-09, 5.25962562392e-09, 3.07081005069e-09],
        "dmean2": [0.000444140518084, 0.000687961350195, 0.000708341482095, 0.00235270243138, 0.000205518663279, 0.000125046950416, 4.12118533859e-05, 6.9485984568e-05, 3.78432887373e-05, 3.65595442418e-05, 2.52987338172e-05, 6.44923347863e-05, 1.81986179086e-05, 1.38759251058e-05, 2.97881206279e-06, 4.14926716985e-06, 9.47217813518e-06, 1.07323876364e-05, 1.19165251817e-05, 3.19924329233e-05, 0.000112721681944, 0.0004684854066, 0.000333555799443, 2.59540283878e-05, 2.53936723311e-05, 2.2266387532e-05, 1.12925299618e-05, 7.26204780221e-06, 3.39687812811e-06, 5.15573765369e-06, 1.82871178822e-06, 5.86640112488e-07, 1.76514589612e-07, 2.13757100909e-08, 1.1180966375e-08, 2.64733479582e-08, 2.73882392321e-08, 1.63246287599e-08, 9.11390429792e-09, 5.47636558323e-09],
        "dvar": [2.31584209587e-07, 5.2673050277e-07, 1.28240642994e-07, 1.6915806782e-06, 8.04278954547e-09, 4.73203343176e-09, 4.939065823e-10, 2.78851164381e-09, 4.22526708066e-10, 7.07479019812e-10, 1.25845278642e-10, 1.15323928185e-09, 1.97779848055e-10, 5.83357182005e-11, 2.59332074044e-12, 4.0398049489e-12, 1.72497831991e-11, 4.01910657533e-11, 4.00714565696e-11, 3.13883447012e-10, 3.93486487837e-09, 6.67627659823e-08, 2.4599845716e-08, 2.25582358349e-10, 1.64002450509e-10, 1.48736689631e-10, 3.00283305166e-11, 1.28337930561e-11, 2.93602056729e-12, 7.47229274983e-12, 9.67167101615e-13, 7.98601703972e-14, 8.25723122961e-15, 1.80395041996e-16, 3.01660593299e-17, 1.90760594454e-16, 2.00901180254e-16, 7.84253313658e-17, 1.80449400998e-17, 7.04838614723e-18],
        "dvar2": [5.53796951408e-07, 1.17003730793e-06, 3.66757660686e-07, 5.06998730998e-06, 2.35584405317e-08, 1.31791688673e-08, 1.54049961676e-09, 8.43420799868e-09, 1.27275257e-09, 2.2239876607e-09, 3.68267055739e-10, 3.21047011198e-09, 5.28696475488e-10, 1.5639441131e-10, 7.04768014781e-12, 1.19952927799e-11, 5.20358235667e-11, 1.01942364272e-10, 1.20183835106e-10, 8.8239404672e-10, 1.09506217427e-08, 2.02350094014e-07, 7.24992545997e-08, 5.79894132713e-10, 4.50942949648e-10, 4.82380468902e-10, 7.50615888889e-11, 3.49091797136e-11, 8.29663941715e-12, 2.19635455656e-11, 2.66382055303e-12, 2.25961095538e-13, 2.29108097375e-14, 4.66999227612e-16, 8.66475000372e-17, 5.58140608011e-16, 5.96047926439e-16, 2.32436587457e-16, 5.21086198821e-17, 2.08490923025e-17],
        "max": [0.00434175413102, 0.00691436557099, 0.00227406946942, 0.00896653346717, 0.00062292435905, 0.000459907780169, 0.000158466980793, 0.000443780649221, 0.000157283313456, 0.00023401431099, 8.20613349788e-05, 0.000253977166722, 0.000135805690661, 6.11244322499e-05, 1.52571828949e-05, 1.59492665261e-05, 3.14932040055e-05, 4.71126950288e-05, 3.65269224858e-05, 0.000132039436721, 0.000495453365147, 0.00139916094486, 0.000883523956873, 0.000133503388497, 9.68313179328e-05, 8.29732016427e-05, 5.19244786119e-05, 3.72670183424e-05, 1.4286845726e-05, 2.17073884414e-05, 8.08407639852e-06, 2.92691947834e-06, 7.2903912951e-07, 1.2626287571e-07, 4.24801172016e-08, 1.07153411477e-07, 1.15804255074e-07, 6.1561834741e-08, 2.94718898175e-08, 1.65624651771e-08],
        "mean": [0.000386738218367, 0.00054953963263, 0.000589920207858, 0.0017902784748, 0.000217920722207, 0.000116723618703, 4.36204427388e-05, 7.0796442742e-05, 3.02114112856e-05, 2.98862560157e-05, 2.64308837359e-05, 6.99895826983e-05, 1.65625660884e-05, 1.18045800264e-05, 3.21101811096e-06, 4.60302226202e-06, 9.59200133366e-06, 1.2450691429e-05, 1.458605675e-05, 3.55886113539e-05, 0.000108940897917, 0.000379199249437, 0.00032085381099, 3.06013025693e-05, 3.35790718964e-05, 2.8654381822e-05, 2.00414888241e-05, 1.16037663247e-05, 4.56631232737e-06, 7.45383431422e-06, 2.65755988949e-06, 9.53931476033e-07, 3.14336432439e-07, 3.2764848612e-08, 1.80199855038e-08, 3.8657201884e-08, 4.38504663691e-08, 2.25934542186e-08, 1.20803695935e-08, 5.89524118411e-09],
        "median": [9.76867740974e-05, 0.000179923154064, 0.000509671401232, 0.00134903599974, 0.000190534075955, 9.38194134505e-05, 3.41229861078e-05, 4.66411329398e-05, 2.42481037276e-05, 2.28634089581e-05, 2.26839074458e-05, 5.89864393987e-05, 1.04555974758e-05, 9.76638511929e-06, 2.85353917207e-06, 3.99997134082e-06, 8.50875949254e-06, 1.07081032183e-05, 1.30899798023e-05, 2.89656072709e-05, 9.23945117393e-05, 0.000310411007376, 0.000285124144284, 2.71496610367e-05, 3.1777213735e-05, 2.51221099461e-05, 1.87403657037e-05, 1.07099422166e-05, 4.08350115322e-06, 6.65177367409e-06, 2.3965735636e-06, 8.87852138476e-07, 2.9362243481e-07, 2.92063084828e-08, 1.68918443677e-08, 3.57726790412e-08, 4.09480627184e-08, 2.07106438666e-08, 1.06886410833e-08, 5.36855981892e-09],
        "min": [2.32448246607e-06, 4.03877174904e-06, 3.38773570547e-05, 4.07005718444e-05, 1.56877158588e-05, 2.63329297923e-06, 2.63221136265e-06, 3.85008343073e-06, 6.53887070712e-07, 2.69738393399e-07, 5.40872690635e-07, 7.40373934605e-07, 8.90548278676e-07, 2.1506392045e-07, 8.73852386007e-08, 5.7618130711e-08, 1.66437331472e-07, 2.35517489955e-07, 4.52856681932e-07, 1.39962494927e-07, 1.21212252679e-07, 1.64664083968e-06, 3.5016282709e-06, 8.52082280289e-07, 8.98791086001e-07, 4.28927307894e-07, 2.97685204487e-07, 3.10183565944e-07, 2.36823893829e-07, 2.27221534033e-07, 6.06118035762e-08, 1.35253372946e-08, 1.29758364054e-08, 9.62836388396e-09, 5.8895248678e-09, 6.29733065693e-09, 3.85491460975e-09, 2.95858071375e-09, 2.97788216308e-09, 1.33365951616e-09],
        "var": [4.70218424198e-07, 7.13094379989e-07, 1.98755643055e-07, 2.32400202549e-06, 1.38378828396e-08, 7.09412484312e-09, 9.20808207461e-10, 5.54897905403e-09, 4.95298302372e-10, 6.79395373293e-10, 2.23370821839e-10, 2.44514253289e-09, 2.85417439683e-10, 7.20683235311e-11, 3.78974412615e-12, 7.0338001916e-12, 2.96374765008e-11, 5.0269656493e-11, 5.45271709729e-11, 5.00308683371e-10, 5.34648236794e-09, 6.48908340395e-08, 3.33240279815e-08, 3.02911778993e-10, 2.6154314825e-10, 2.44982006903e-10, 7.77932163132e-11, 3.33833134747e-11, 5.59678041759e-12, 1.35330895795e-11, 1.45504918878e-12, 1.75113504426e-13, 1.60958587767e-14, 2.51621804303e-16, 4.8665973582e-17, 2.83433635415e-16, 3.07900340915e-16, 1.0149987866e-16, 2.95510273835e-17, 8.92072104427e-18]
    },
    "mfcc": {
        "mean": [-653.74597168, 133.829391479, -60.3766326904, 82.4158782959, 6.19821596146, -15.5969257355, -4.52592515945, 5.81299114227, 12.7432470322, -16.8904037476, -18.5398654938, 0.33704406023, -16.369562149],
        "cov": [[345.111114502, -40.5813064575, -106.580421448, -55.3678207397, -63.4801101685, -47.3399925232, -22.3911895752, -17.7979927063, 2.94319534302, -9.68074703217, -2.88250231743, 6.81262207031, 9.67167663574], [-40.5813064575, 101.476661682, 65.2434234619, 52.0534515381, 38.3133125305, 47.7142219543, 31.3396949768, 25.2074222565, 21.4871921539, 33.1823654175, 16.4361686707, 1.30811297894, 9.35139465332], [-106.580421448, 65.2434234619, 101.606513977, 70.5576095581, 66.0747451782, 54.5868034363, 35.5080833435, 30.1721305847, 14.7654075623, 20.9852046967, 14.2502441406, 6.00769853592, 4.37881755829], [-55.3678207397, 52.0534515381, 70.5576095581, 86.0630264282, 75.1052627563, 61.7317352295, 34.8335952759, 29.3209266663, 19.0350646973, 20.7875347137, 14.2957811356, 9.91878414154, 7.30601167679], [-63.4801101685, 38.3133125305, 66.0747451782, 75.1052627563, 108.494430542, 68.1999282837, 38.0822372437, 38.7670822144, 22.5148696899, 9.63182830811, 12.9815864563, 11.4481506348, 2.2348856926], [-47.3399925232, 47.7142219543, 54.5868034363, 61.7317352295, 68.1999282837, 77.1121063232, 45.139591217, 33.4137992859, 20.9561729431, 21.8465213776, 19.577999115, 15.5627689362, 13.2636547089], [-22.3911895752, 31.3396949768, 35.5080833435, 34.8335952759, 38.0822372437, 45.139591217, 49.54845047, 31.7847080231, 16.5608253479, 21.4113883972, 20.201839447, 14.9085550308, 14.1402711868], [-17.7979927063, 25.2074222565, 30.1721305847, 29.3209266663, 38.7670822144, 33.4137992859, 31.7847080231, 50.5377960205, 30.5849285126, 14.4015312195, 18.5180606842, 14.2193870544, 10.641119957], [2.94319534302, 21.4871921539, 14.7654075623, 19.0350646973, 22.5148696899, 20.9561729431, 16.5608253479, 30.5849285126, 43.7940330505, 21.2406387329, 14.7559499741, 9.39670085907, 7.01949453354], [-9.68074703217, 33.1823654175, 20.9852046967, 20.7875347137, 9.63182830811, 21.8465213776, 21.4113883972, 14.4015312195, 21.2406387329, 53.4391975403, 32.6121482849, 17.2580184937, 21.4434432983], [-2.88250231743, 16.4361686707, 14.2502441406, 14.2957811356, 12.9815864563, 19.577999115, 20.201839447, 18.5180606842, 14.7559499741, 32.6121482849, 47.7971343994, 30.592622757, 24.6011295319], [6.81262207031, 1.30811297894, 6.00769853592, 9.91878414154, 11.4481506348, 15.5627689362, 14.9085550308, 14.2193870544, 9.39670085907, 17.2580184937, 30.592622757, 44.4143333435, 30.1313858032], [9.67167663574, 9.35139465332, 4.37881755829, 7.30601167679, 2.2348856926, 13.2636547089, 14.1402711868, 10.641119957, 7.01949453354, 21.4434432983, 24.6011295319, 30.1313858032, 50.2572593689]],
