{
"lowlevel": {
    "average_loudness": 0.988910675049,
    "barkbands_crest": {
        "dmean": 1.20635855198,
        "dmean2": 2.08674645424,
        "dvar": 0.92446064949,
        "dvar2": 2.77633070946,
        "max": 9.99223613739,
        "mean": 5.42150688171,
        "median": 5.20775127411,
        "min": 3.24824523926,
        "var": 1.41142094135
    },
    "barkbands_flatness_db": {
        "dmean": 0.00829407386482,
        "dmean2": 0.0142030371353,
        "dvar": 4.02479017794e-05,
        "dvar2": 0.000105545266706,
        "max": 0.157811179757,
        "mean": 0.130794674158,
        "median": 0.130687594414,
        "min": 0.0824932977557,
        "var": 7.07951985532e-05
    },
    "barkbands_kurtosis": {
        "dmean": 0.610489189625,
        "dmean2": 1.0601798296,
        "dvar": 0.251657694578,
        "dvar2": 0.731409132481,
        "max": 3.97283840179,
        "mean": 0.012463664636,
        "median": -0.092036485672,
        "min": -1.51774013042,
        "var": 0.762105166912
    },
    "barkbands_skewness": {
        "dmean": 0.215349167585,
        "dmean2": 0.370193511248,
        "dvar": 0.0248171743006,
        "dvar2": 0.0747319832444,
        "max": -0.202564045787,
        "mean": -1.0540086031,
        "median": -1.05429041386,
        "min": -2.01579284668,
        "var": 0.0995419323444
    },
    "barkbands_spread": {
        "dmean": 4.24323034286,
        "dmean2": 7.31273412704,
        "dvar": 9.72439289093,
        "dvar2": 28.4372901917,
        "max": 45.3470916748,
        "mean": 28.5085887909,
        "median": 28.3378124237,
        "min": 13.3380098343,
        "var": 21.4560203552
    },
    "dissonance": {
        "dmean": 0.00240246206522,
        "dmean2": 0.00409336434677,
        "dvar": 5.02574584971e-06,
        "dvar2": 1.41035070556e-05,
        "max": 0.499338984489,
        "mean": 0.495397388935,
        "median": 0.495949447155,
        "min": 0.480449229479,
        "var": 7.51910192776e-06
    },
    "dynamic_complexity": 0.184677883983,
    "erbbands_crest": {
        "dmean": 1.43160784245,
        "dmean2": 2.47623825073,
        "dvar": 1.33224606514,
        "dvar2": 3.99081420898,
        "max": 14.9814119339,
        "mean": 7.79306221008,
        "median": 7.56752967834,
        "min": 5.14911079407,
        "var": 1.89129364491
    },
    "erbbands_flatness_db": {
        "dmean": 0.00834571756423,
        "dmean2": 0.014150920324,
        "dvar": 4.02150908485e-05,
        "dvar2": 0.000112084162538,
        "max": 0.26311519742,
        "mean": 0.235796838999,
        "median": 0.235507190228,
        "min": 0.194188997149,
        "var": 8.78673090483e-05
    },
    "erbbands_kurtosis": {
        "dmean": 1.09759771824,
        "dmean2": 1.90847337246,
        "dvar": 0.897490441799,
        "dvar2": 2.48381400108,
        "max": 11.7225198746,
        "mean": 2.94613552094,
        "median": 2.6645450592,
        "min": -0.15563082695,
        "var": 2.59592866898
    },
    "erbbands_skewness": {
        "dmean": 0.230976372957,
        "dmean2": 0.402076691389,
        "dvar": 0.0324019752443,
        "dvar2": 0.0936806499958,
        "max": -0.829400420189,
        "mean": -1.51134872437,
        "median": -1.48325419426,
        "min": -2.90115833282,
        "var": 0.0807457491755
    },
    "erbbands_spread": {
        "dmean": 2.11803627014,
        "dmean2": 3.58502817154,
        "dvar": 2.75762939453,
        "dvar2": 8.24794769287,
        "max": 26.4850158691,
        "mean": 15.3655967712,
        "median": 15.0176963806,
        "min": 8.45069789886,
        "var": 10.7428350449
    },
    "hfc": {
        "dmean": 4.62746667862,
        "dmean2": 7.87064695358,
        "dvar": 12.4006271362,
        "dvar2": 36.184551239,
        "max": 52.4668769836,
        "mean": 40.7358779907,
        "median": 40.8794784546,
        "min": 19.3246974945,
        "var": 20.5617370605
    },
    "melbands_crest": {
        "dmean": 1.35130083561,
        "dmean2": 2.41708040237,
        "dvar": 1.48272073269,
        "dvar2": 4.71002244949,
        "max": 12.8525562286,
        "mean": 5.48390293121,
        "median": 5.11378240585,
        "min": 3.07884120941,
        "var": 2.90227222443
    },
    "melbands_flatness_db": {
        "dmean": 0.0065990369767,
        "dmean2": 0.0117223486304,
        "dvar": 2.68928524747e-05,
        "dvar2": 8.15463354229e-05,
        "max": 0.148076966405,
        "mean": 0.12003364414,
        "median": 0.119667939842,
        "min": 0.100901097059,
        "var": 6.18846097495e-05
    },
    "melbands_kurtosis": {
        "dmean": 0.145285561681,
        "dmean2": 0.255558341742,
        "dvar": 0.0193496476859,
        "dvar2": 0.056136790663,
        "max": -0.240619182587,
        "mean": -1.41413640976,
        "median": -1.4411970377,
        "min": -1.78703737259,
        "var": 0.0304787699133
    },
    "melbands_skewness": {
        "dmean": 0.223964735866,
        "dmean2": 0.389168649912,
        "dvar": 0.0264706909657,
        "dvar2": 0.0812558308244,
        "max": 0.906336247921,
        "mean": 0.0541233867407,
        "median": 0.0399801433086,
        "min": -0.878208100796,
        "var": 0.0855160057545
    },
    "melbands_spread": {
        "dmean": 6.37023925781,
        "dmean2": 10.7524452209,
        "dvar": 25.763967514,
        "dvar2": 75.3700332642,
        "max": 109.48072052,
        "mean": 81.3486633301,
        "median": 81.0731201172,
        "min": 54.1588935852,
        "var": 58.7720527649
    },
    "pitch_salience": {
        "dmean": 0.0362673699856,
        "dmean2": 0.0634558573365,
        "dvar": 0.000712349195965,
        "dvar2": 0.00194827478845,
        "max": 0.799782991409,
        "mean": 0.694886744022,
        "median": 0.696535348892,
        "min": 0.552382171154,
        "var": 0.00140492327046
    },
    "silence_rate_20dB": {
        "dmean": 0,
        "dmean2": 0,
        "dvar": 0,
        "dvar2": 0,
        "max": 1,
        "mean": 1,
        "median": 1,
        "min": 1,
        "var": 0
    },
    "silence_rate_30dB": {
        "dmean": 0,
        "dmean2": 0,
        "dvar": 0,
        "dvar2": 0,
        "max": 1,
        "mean": 1,
        "median": 1,
        "min": 1,
        "var": 0
    },
    "silence_rate_60dB": {
        "dmean": 0,
        "dmean2": 0,
        "dvar": 0,
        "dvar2": 0,
        "max": 0,
        "mean": 0,
        "median": 0,
        "min": 0,
        "var": 0
    },
    "spectral_centroid": {
        "dmean": 80.4762115479,
        "dmean2": 137.093582153,
        "dvar": 3453.97949219,
        "dvar2": 10957.1279297,
        "max": 3131.98022461,
        "mean": 2858.42553711,
        "median": 2863.25585938,
        "min": 2555.35449219,
        "var": 8530.88183594
    },
    "spectral_complexity": {
        "dmean": 3.35765385628,
        "dmean2": 5.73209190369,
        "dvar": 7.42860078812,
        "dvar2": 19.9410991669,
        "max": 53,
        "mean": 41.3957138062,
        "median": 41,
        "min": 23,
        "var": 11.3848400116
    },
    "spectral_decrease": {
        "dmean": 3.74652281421e-10,
        "dmean2": 6.42474518031e-10,
        "dvar": 8.81940615339e-20,
        "dvar2": 2.53330059654e-19,
        "max": -2.04458228126e-09,
        "mean": -4.02010158496e-09,
        "median": -4.02074018524e-09,
        "min": -5.00304553341e-09,
        "var": 1.45391623413e-19
    },
    "spectral_energy": {
        "dmean": 0.00176035182085,
        "dmean2": 0.00301144039258,
        "dvar": 1.95921575141e-06,
        "dvar2": 5.60179842068e-06,
        "max": 0.023627595976,
        "mean": 0.0188676603138,
        "median": 0.0188050456345,
        "min": 0.00950232706964,
        "var": 2.98281406685e-06
    },
    "spectral_energyband_high": {
        "dmean": 0.000184543911018,
        "dmean2": 0.000317886442645,
        "dvar": 2.22856701981e-08,
        "dvar2": 6.2663268352e-08,
        "max": 0.00145360745955,
        "mean": 0.000734440865926,
        "median": 0.000713312125299,
        "min": 0.000335979013471,
        "var": 3.2267717387e-08
    },
    "spectral_energyband_low": {
        "dmean": 0.000484432181111,
        "dmean2": 0.000817804830149,
        "dvar": 1.57866153927e-07,
        "dvar2": 4.62973133608e-07,
        "max": 0.00311102368869,
        "mean": 0.00121613615192,
        "median": 0.00115202646703,
        "min": 0.00013117796334,
        "var": 2.81323508489e-07
    },
    "spectral_energyband_middle_high": {
        "dmean": 0.00162340095267,
        "dmean2": 0.00275460584089,
        "dvar": 1.58155899044e-06,
        "dvar2": 4.4946386879e-06,
        "max": 0.0205264426768,
        "mean": 0.0141698131338,
        "median": 0.0141773484647,
        "min": 0.00668335566297,
        "var": 3.19746186506e-06
    },
    "spectral_energyband_middle_low": {
        "dmean": 0.000713369983714,
        "dmean2": 0.00123749009799,
        "dvar": 3.80990428539e-07,
        "dvar2": 1.15646923859e-06,
        "max": 0.00715988781303,
        "mean": 0.00292406277731,
        "median": 0.00259430031292,
        "min": 0.000762702955399,
        "var": 1.87765010651e-06
    },
    "spectral_entropy": {
        "dmean": 0.052170291543,
        "dmean2": 0.0881837904453,
        "dvar": 0.00242336210795,
        "dvar2": 0.00525475339964,
        "max": 8.26578235626,
        "mean": 7.55659198761,
        "median": 7.55468177795,
        "min": 7.39820623398,
        "var": 0.00344175565988
    },
    "spectral_flux": {
        "dmean": 0.00636342167854,
        "dmean2": 0.0104349059984,
        "dvar": 2.27946438827e-05,
        "dvar2": 5.95657729718e-05,
        "max": 0.104587048292,
        "mean": 0.0788526758552,
        "median": 0.0789547264576,
        "min": 0.0619932301342,
        "var": 4.7216166422e-05
    },
    "spectral_kurtosis": {
        "dmean": 3.3810312748,
        "dmean2": 6.06275606155,
        "dvar": 7.09675312042,
        "dvar2": 22.9841976166,
        "max": 18.701215744,
        "mean": 7.64537668228,
        "median": 7.07177400589,
        "min": 2.53867864609,
        "var": 9.58408737183
    },
    "spectral_rms": {
        "dmean": 0.000201370610739,
        "dmean2": 0.00034457174479,
        "dvar": 2.66316444453e-08,
        "dvar2": 7.42752206406e-08,
        "max": 0.00480117835104,
        "mean": 0.00428572576493,
        "median": 0.00428326800466,
        "min": 0.00304475985467,
        "var": 4.0009602742e-08
    },
    "spectral_rolloff": {
        "dmean": 114.997711182,
        "dmean2": 200.09211731,
        "dvar": 7846.67822266,
        "dvar2": 21698.8125,
        "max": 3725.24414062,
        "mean": 3369.45654297,
        "median": 3359.1796875,
        "min": 2993.11523438,
        "var": 12702.5800781
    },
    "spectral_skewness": {
        "dmean": 0.311797559261,
        "dmean2": 0.55867421627,
        "dvar": 0.065720371902,
        "dvar2": 0.205027759075,
        "max": 2.87421703339,
        "mean": 0.922748327255,
        "median": 0.867152392864,
        "min": 0.339775830507,
        "var": 0.0861126407981
    },
    "spectral_spread": {
        "dmean": 124707.835938,
        "dmean2": 206048.546875,
        "dvar": 174771634176,
        "dvar2": 194480111616,
        "max": 12668923,
        "mean": 1911096.375,
        "median": 1885976.25,
        "min": 1541895.375,
        "var": 179059392512
    },
    "spectral_strongpeak": {
        "dmean": 1.54604935646,
        "dmean2": 2.74271035194,
        "dvar": 2.15429830551,
        "dvar2": 5.98013925552,
        "max": 10.539056778,
        "mean": 2.32090520859,
        "median": 2.13455438614,
        "min": 0.0485441051424,
        "var": 3.22895789146
    },
    "zerocrossingrate": {
        "dmean": 0.00363451684825,
        "dmean2": 0.00511226290837,
        "dvar": 1.55475336214e-05,
        "dvar2": 2.20888687181e-05,
        "max": 0.12939453125,
        "mean": 0.109617047012,
        "median": 0.10986328125,
        "min": 0.0537109375,
        "var": 4.39429313701e-05
    },
    "barkbands": {
        "dmean": [2.81765505861e-06, 0.000434807821875, 9.24524283619e-05, 0.000159703136887, 0.000502289447468, 0.000177316978807, 0.000135852460517, 5.2657622291e-05, 0.000295524427202, 0.000287681614282, 0.000139109062729, 0.00017998641124, 3.69413610315e-05, 0.000341215491062, 0.000392571586417, 0.000767341349274, 0.00115690333769, 0.000837195839267, 0.000899049686268, 0.000367067405023, 0.000110107001092, 1.48213375724e-05, 8.13599285721e-07, 2.55111262959e-06, 8.00861243988e-07, 2.73600022638e-07, 2.9239274113e-08],
        "dmean2": [4.94877212986e-06, 0.000731893640477, 0.000162229844136, 0.00027641170891, 0.000918704085052, 0.000299344392261, 0.000241588102654, 9.36897049542e-05, 0.00049552123528, 0.000481833907543, 0.000238519627601, 0.00030860415427, 6.42207669443e-05, 0.000597884820309, 0.000665376428515, 0.00130653043743, 0.00196266942658, 0.00141116033774, 0.00155091809575, 0.000632332696114, 0.000187848112546, 2.56803214143e-05, 1.37582946991e-06, 4.38724464402e-06, 1.40378381275e-06, 4.641541409e-07, 4.58319284746e-08],
        "dvar": [2.17067891439e-11, 1.30006412746e-07, 6.80341472048e-09, 3.32788303581e-08, 2.71911204663e-07, 4.61102303007e-08, 2.54815795131e-08, 2.51369458582e-09, 8.00384611921e-08, 6.1073016866e-08, 1.46312340021e-08, 2.79867578001e-08, 1.03850272826e-09, 8.99287826428e-08, 9.14626312465e-08, 3.61403749594e-07, 8.82492315668e-07, 4.37033349954e-07, 5.41238421192e-07, 9.10811266408e-08, 7.58013385393e-09, 1.39505296204e-10, 4.07862301875e-13, 4.18852669562e-12, 4.65972095978e-13, 7.31560740263e-14, 3.38165808561e-14],
        "dvar2": [4.12547322692e-11, 3.67717063909e-07, 1.94054745606e-08, 8.58940794046e-08, 8.99339454463e-07, 1.26351437757e-07, 8.25938215598e-08, 7.47664330447e-09, 2.16387036289e-07, 1.69800884464e-07, 3.83764771072e-08, 8.07028399663e-08, 2.91969626254e-09, 2.79484908106e-07, 2.55978278574e-07, 1.06878167117e-06, 2.54454721471e-06, 1.28105614294e-06, 1.63976119438e-06, 2.42379826432e-07, 2.23119709375e-08, 3.9353986736e-10, 1.13208346777e-12, 1.21588789384e-11, 1.38516747985e-12, 1.55641775509e-13, 3.51134018509e-14],
        "max": [7.1095637395e-05, 0.00292316055857, 0.000665435160045, 0.00219447212294, 0.00454881414771, 0.00420292513445, 0.00218998431228, 0.000716537353583, 0.00387304276228, 0.00266512692906, 0.00131508801132, 0.00131302129012, 0.000271845201496, 0.00230629788712, 0.00278949830681, 0.00466825813055, 0.00790797546506, 0.00606175325811, 0.00702295964584, 0.00285480823368, 0.000701170996763, 0.000111987399578, 6.74056855132e-06, 2.30453624681e-05, 6.57222290101e-06, 5.6297426454e-06, 4.86867656946e-06],
        "mean": [2.99041494145e-06, 0.00101870694198, 0.000118644493341, 0.00021097928402, 0.000941820908338, 0.000461745308712, 0.000233677303186, 8.81920568645e-05, 0.00075509515591, 0.000948781613261, 0.000342828541761, 0.000308822258376, 7.64752694522e-05, 0.000624258071184, 0.000886892259587, 0.0019042994827, 0.00307073770091, 0.00237814383581, 0.00297339167446, 0.00109952955972, 0.000354319781763, 4.90114580316e-05, 2.84324937638e-06, 1.14252961794e-05, 3.00748774862e-06, 1.01700220512e-06, 3.53248310603e-08],
        "median": [1.89957893326e-06, 0.000949008739553, 9.89124018815e-05, 0.000141589407576, 0.000637393095531, 0.000288082752377, 0.000173697611899, 7.1790345828e-05, 0.00052841019351, 0.000890280469321, 0.000301002670312, 0.000257066451013, 6.93085021339e-05, 0.000541870249435, 0.000828180112876, 0.00180163187906, 0.00284674670547, 0.00228204578161, 0.002890185453, 0.00107861170545, 0.000344647385646, 4.67897480121e-05, 2.75419506579e-06, 1.11806439236e-05, 2.92947242997e-06, 9.84799612525e-07, 2.29539693919e-08],
        "min": [7.14048269401e-08, 1.66569425346e-05, 1.99418172997e-06, 1.99836722459e-06, 6.73908289173e-05, 1.78903137567e-05, 5.64074161957e-06, 4.74007811135e-06, 4.49225590273e-05, 3.82921680284e-05, 2.24905488722e-05, 2.07846624107e-05, 8.69440373208e-06, 9.35337375267e-05, 0.000155754707521, 0.000425181322498, 0.000631408242043, 0.000764015945606, 0.00103380298242, 0.000401281635277, 0.000131427994347, 1.56335700012e-05, 1.229290433e-06, 5.58450665267e-06, 1.32500247219e-06, 4.06354985216e-07, 2.57526133751e-09],
        "var": [2.22703296776e-11, 2.52796041877e-07, 8.27355073341e-09, 5.34745261405e-08, 6.50142510494e-07, 2.34175928426e-07, 4.66422562795e-08, 3.89240817356e-09, 3.86324330748e-07, 2.84146949525e-07, 4.59242386341e-08, 3.72323576414e-08, 1.46797918266e-09, 1.22279217862e-07, 1.55388548251e-07, 5.59723332572e-07, 1.52310224166e-06, 6.0091093701e-07, 7.34226432542e-07, 1.31069256781e-07, 1.0822120089e-08, 2.11054007604e-10, 5.95003972308e-13, 6.05536887993e-12, 5.7487294005e-13, 9.77399517116e-14, 3.39270441168e-14]
    },
    "erbbands": {
        "dmean": [0.0084175998345, 0.111609771848, 0.148656561971, 0.285888791084, 1.6378980875, 1.53876614571, 0.710832357407, 1.89249050617, 1.19953000546, 2.17846345901, 1.84742856026, 7.82295942307, 7.64112663269, 10.7484998703, 4.85190486908, 6.59574079514, 1.44514644146, 9.28332805634, 16.7132282257, 37.0658836365, 39.5495491028, 53.6403846741, 45.5108070374, 49.8490753174, 36.1059951782, 15.4525775909, 5.24457979202, 2.9254796505, 0.565026938915, 0.0837556868792, 0.0267682541162, 0.0640812665224, 0.0367849245667, 0.0150597374886, 0.00154599302914, 0.00150266278069, 0.000456683628727, 4.98289118696e-05, 3.15809325002e-06, 2.66852521236e-06],
        "dmean2": [0.0140980221331, 0.189031809568, 0.264410048723, 0.493291258812, 2.94713377953, 2.86238741875, 1.18859994411, 3.2513654232, 2.20350146294, 3.85017991066, 3.33061933517, 13.5142326355, 12.3186740875, 18.0176753998, 8.04689502716, 11.2692117691, 2.53997898102, 16.4233112335, 28.9720077515, 63.1399307251, 68.2691192627, 91.1196746826, 77.8410110474, 84.7096176147, 63.4449310303, 26.5506267548, 8.8725605011, 5.05539560318, 0.968963861465, 0.143215075135, 0.0452236607671, 0.110403336585, 0.0638624057174, 0.0264223441482, 0.00261257891543, 0.00256590964273, 0.000759518821724, 8.29660930322e-05, 4.73073259855e-06, 4.50884590464e-06],
        "dvar": [5.79996667511e-05, 0.00861746817827, 0.0143954204395, 0.0961014702916, 3.23340821266, 2.12910103798, 0.593457818031, 5.17578077316, 1.3654307127, 6.86453104019, 3.04595422745, 66.1547317505, 56.1101112366, 100.138565063, 17.2981109619, 39.6966018677, 1.51655113697, 67.8212814331, 199.341873169, 1073.81506348, 1049.14111328, 1679.24694824, 1237.03649902, 1733.6496582, 993.855773926, 176.686004639, 16.4821033478, 5.45198631287, 0.204805329442, 0.00484910793602, 0.000443057942903, 0.00265253195539, 0.00088130927179, 0.000162399781402, 3.16649038723e-06, 1.95054894903e-06, 2.14741731952e-07, 1.4031460438e-08, 6.5675015426e-10, 7.59376936332e-12],
        "dvar2": [0.00014930756879, 0.0246687419713, 0.0438531599939, 0.255715698004, 10.3030061722, 6.96554470062, 1.6538592577, 14.4117956161, 4.59357833862, 20.8768253326, 9.4274892807, 179.357406616, 150.985366821, 305.458526611, 44.772605896, 115.674636841, 4.53404903412, 204.0831604, 598.033203125, 2992.6628418, 3069.74365234, 5061.91748047, 3550.38476562, 4830.98583984, 2997.21240234, 465.34564209, 48.5191078186, 16.7165908813, 0.595776617527, 0.0134306745604, 0.00123940850608, 0.00769925955683, 0.00259150518104, 0.000506954384036, 6.07690253673e-06, 4.70595614388e-06, 4.44830874358e-07, 1.74745569126e-08, 6.64717836329e-10, 1.46367050424e-11],
        "max": [0.0959677770734, 0.73664188385, 0.880709111691, 3.79319262505, 18.6012001038, 9.52753829956, 14.2589855194, 41.9879722595, 12.7622098923, 34.4977798462, 23.091588974, 111.878204346, 121.540634155, 127.018768311, 50.0638084412, 57.5744094849, 11.4473867416, 69.9560775757, 129.291015625, 278.166687012, 265.905639648, 383.025665283, 286.380523682, 443.551300049, 303.107177734, 139.245666504, 38.536605835, 22.4800338745, 4.69619035721, 0.672422289848, 0.215427666903, 0.4873457551, 0.331157237291, 0.132459446788, 0.041743259877, 0.0248334798962, 0.00994807202369, 0.00308541976847, 0.000697591050994, 8.20885543362e-05],
        "mean": [0.0168950278312, 0.265450328588, 0.258600205183, 0.453104585409, 3.01915454865, 2.43235778809, 1.72956609726, 4.85289669037, 2.42861962318, 3.57066583633, 3.29169535637, 16.0497093201, 25.4420928955, 30.16472435, 13.5916309357, 11.9223489761, 4.13065290451, 20.4484272003, 41.7154884338, 77.0637359619, 108.144523621, 156.007843018, 141.239807129, 171.737365723, 117.357131958, 51.4681930542, 18.2077617645, 9.62906551361, 2.25835895538, 0.344067007303, 0.108431525528, 0.250832736492, 0.153987616301, 0.0615807846189, 0.00670555187389, 0.00540918298066, 0.00167411833536, 0.000108390246169, 2.01109141926e-05, 2.75330676232e-05],
        "median": [0.0155469449237, 0.250409305096, 0.23565196991, 0.358913868666, 1.92381834984, 1.86915826797, 1.31912505627, 3.05632066727, 1.93905222416, 2.63155531883, 2.70906591415, 11.760925293, 19.0876483917, 24.3934783936, 12.6827545166, 10.1682224274, 3.97077655792, 18.3196563721, 39.0990524292, 69.5601806641, 103.765136719, 147.165863037, 138.315246582, 166.210205078, 112.862792969, 49.3980789185, 17.6661834717, 9.2845249176, 2.19921112061, 0.336094111204, 0.106184959412, 0.244136273861, 0.14907592535, 0.0597895532846, 0.0065583139658, 0.00520455278456, 0.00161056406796, 9.64349455899e-05, 1.90341434063e-05, 2.74392532447e-05],
        "min": [0.000699033436831, 0.00572470575571, 0.0175840947777, 0.0275310259312, 0.116927020252, 0.176177307963, 0.111582025886, 0.211626708508, 0.25425478816, 0.24239730835, 0.362615913153, 0.889728486538, 1.5257358551, 2.38695168495, 2.59365940094, 1.0605533123, 0.983872234821, 4.35493898392, 8.33314800262, 17.2561531067, 36.0496063232, 43.5559577942, 40.9704971313, 51.809677124, 31.3873691559, 17.4935855865, 7.96217393875, 3.31120753288, 0.936552405357, 0.144772291183, 0.057194121182, 0.10289631784, 0.0804002955556, 0.0304578784853, 0.00348112965003, 0.00214966316707, 0.000689241511282, 3.56912350981e-05, 1.35483287522e-05, 1.49073930515e-05],
        "var": [9.28144654608e-05, 0.0170426983386, 0.019176594913, 0.149150684476, 8.39741325378, 3.32979559898, 1.97484076023, 26.7856140137, 2.9971871376, 12.9107189178, 4.83623456955, 171.85736084, 400.820922852, 474.895172119, 45.235786438, 52.6281738281, 2.31356620789, 100.50655365, 272.972747803, 1342.90722656, 1456.83459473, 2834.80908203, 1912.19030762, 2589.36743164, 1250.68249512, 248.600006104, 24.1555461884, 7.74620342255, 0.321236133575, 0.00700947642326, 0.000637072953396, 0.00372426374815, 0.00125317694619, 0.000207128934562, 3.70330440091e-06, 2.60173737843e-06, 2.93373375371e-07, 1.47497747349e-08, 6.61186050355e-10, 1.02065769031e-11]
    },
    "gfcc": {
        "mean": [-0.303892284632, 93.5732803345, -187.743682861, 57.9824333191, -33.3095207214, -11.8388738632, -24.6885719299, 21.9573421478, -25.6120700836, -7.90687704086, -15.3821554184, -6.20334196091, 8.58620071411],
        "cov": [[32.08177948, 21.1936664581, 11.4555940628, -2.6307182312, -7.86849451065, -3.11967396736, 0.876367151737, -1.80775272846, -2.16392087936, 0.771897554398, -0.343776494265, 3.27801775932, 3.76014041901], [21.1936664581, 50.028087616, 22.2522335052, 1.90461850166, -13.2895498276, -13.052731514, -8.30720424652, -8.85273647308, -3.94127678871, -5.24364376068, -2.68142676353, -0.711867570877, 5.76434087753], [11.4555940628, 22.2522335052, 31.2654647827, 12.7925338745, -1.44026017189, -11.8636455536, -9.40713691711, -5.96158218384, -6.54860258102, -5.84061717987, -5.07105541229, -2.66219449043, -2.67830705643], [-2.6307182312, 1.90461850166, 12.7925338745, 26.9054393768, 15.5432128906, 4.3979010582, -0.140801772475, -2.52353310585, -1.59158539772, -1.24132287502, 0.0988539904356, -2.98629355431, -2.31788897514], [-7.86849451065, -13.2895498276, -1.44026017189, 15.5432128906, 33.3950958252, 23.6334514618, 8.97750473022, 1.00109827518, -1.37277185917, -0.604415953159, 3.9656431675, 1.1423406601, -2.55989384651], [-3.11967396736, -13.052731514, -11.8636455536, 4.3979010582, 23.6334514618, 38.9512863159, 26.1517543793, 10.3509588242, 1.92006719112, 1.82321405411, 5.96772861481, 6.26707220078, 3.08168363571], [0.876367151737, -8.30720424652, -9.40713691711, -0.140801772475, 8.97750473022, 26.1517543793, 34.7930793762, 19.724199295, 4.77263307571, 2.40997171402, 2.28674125671, 7.18625450134, 4.58574104309], [-1.80775272846, -8.85273647308, -5.96158218384, -2.52353310585, 1.00109827518, 10.3509588242, 19.724199295, 29.1286411285, 15.8304138184, 6.70059394836, 4.05424022675, 2.54741406441, 2.08302593231], [-2.16392087936, -3.94127678871, -6.54860258102, -1.59158539772, -1.37277185917, 1.92006719112, 4.77263307571, 15.8304138184, 30.14021492, 22.06016922, 9.35809421539, 2.70476794243, -0.743097603321], [0.771897554398, -5.24364376068, -5.84061717987, -1.24132287502, -0.604415953159, 1.82321405411, 2.40997171402, 6.70059394836, 22.06016922, 39.3595466614, 24.9625015259, 12.3773918152, 0.895653367043], [-0.343776494265, -2.68142676353, -5.07105541229, 0.0988539904356, 3.9656431675, 5.96772861481, 2.28674125671, 4.05424022675, 9.35809421539, 24.9625015259, 39.3645324707, 25.0270557404, 8.68940258026], [3.27801775932, -0.711867570877, -2.66219449043, -2.98629355431, 1.1423406601, 6.26707220078, 7.18625450134, 2.54741406441, 2.70476794243, 12.3773918152, 25.0270557404, 36.972858429, 21.8810977936], [3.76014041901, 5.76434087753, -2.67830705643, -2.31788897514, -2.55989384651, 3.08168363571, 4.58574104309, 2.08302593231, -0.743097603321, 0.895653367043, 8.68940258026, 21.8810977936, 33.0234489441]],
        "icov": [[0.0503425635397, -0.016471285373, -0.0151713686064, 0.0104237413034, 0.00635870685801, -0.00816913414747, -0.00466090487316, 0.000297726946883, 0.00619210256264, -0.0102197285742, 0.00556251360103, -0.00372349866666, -5.21354704688e-05], [-0.016471285373, 0.0495878085494, -0.034639660269, 0.00509739294648, 0.0162598136812, -0.00248624919914, -0.0133913950995, 0.0267885606736, -0.021708747372, 0.0168994106352, -0.0186771731824, 0.0192703213543, -0.0163703002036], [-0.0151713686064, -0.034639660269, 0.0950901433825, -0.0445370040834, -0.0104390894994, 0.0192102454603, 0.0231434702873, -0.0334380678833, 0.0286077354103, -0.0107798306271, 0.0236353613436, -0.0290819481015, 0.0226399954408], [0.0104237413034, 0.00509739294648, -0.0445370040834, 0.0832556039095, -0.0423652864993, 0.0154764102772, -0.0224195141345, 0.019040511921, -0.0133973378688, 0.00293388427235, -0.0139008779079, 0.0221531633288, -0.014062997885], [0.00635870685801, 0.0162598136812, -0.0104390894994, -0.0423652864993, 0.103381797671, -0.0745743811131, 0.028478404507, 0.0028613966424, -0.0013340220321, 0.00612997543067, -0.00330147054046, -0.00472595868632, 0.00725931394845], [-0.00816913414747, -0.00248624919914, 0.0192102454603, 0.0154764102772, -0.0745743811131, 0.122912667692, -0.0804352760315, 0.0217643082142, -0.00875321961939, 0.00907006766647, -0.0160016603768, 0.0117770079523, -0.00748152052984], [-0.00466090487316, -0.0133913950995, 0.0231434702873, -0.0224195141345, 0.028478404507, -0.0804352760315, 0.130489572883, -0.0817206352949, 0.040037356317, -0.0241919085383, 0.0380962006748, -0.0370576232672, 0.0160067360848], [0.000297726946883, 0.0267885606736, -0.0334380678833, 0.019040511921, 0.0028613966424, 0.0217643082142, -0.0817206352949, 0.119566217065, -0.0731993764639, 0.0371571220458, -0.0357576683164, 0.0313071273267, -0.0180784538388], [0.00619210256264, -0.021708747372, 0.0286077354103, -0.0133973378688, -0.0013340220321, -0.00875321961939, 0.040037356317, -0.0731993764639, 0.108404740691, -0.0653098896146, 0.0316388010979, -0.0144063951448, 0.00966619048268], [-0.0102197285742, 0.0168994106352, -0.0107798306271, 0.00293388427235, 0.00612997543067, 0.00907006766647, -0.0241919085383, 0.0371571220458, -0.0653098896146, 0.0870199427009, -0.0519471764565, 0.0117873586714, 0.000218639426748], [0.00556251360103, -0.0186771731824, 0.0236353613436, -0.0139008779079, -0.00330147054046, -0.0160016603768, 0.0380962006748, -0.0357576683164, 0.0316388010979, -0.0519471764565, 0.0913346558809, -0.0612457841635, 0.0204397831112], [-0.00372349866666, 0.0192703213543, -0.0290819481015, 0.0221531633288, -0.00472595868632, 0.0117770079523, -0.0370576232672, 0.0313071273267, -0.0144063951448, 0.0117873586714, -0.0612457841635, 0.100768081844, -0.0533341988921], [-5.21354704688e-05, -0.0163703002036, 0.0226399954408, -0.014062997885, 0.00725931394845, -0.00748152052984, 0.0160067360848, -0.0180784538388, 0.00966619048268, 0.000218639426748, 0.0204397831112, -0.0533341988921, 0.0643446668983]]
    },
    "melbands": {
        "dmean": [0.000102595346107, 0.000104271501186, 7.8220749856e-05, 0.000132658082293, 2.71262852038e-05, 3.85454659408e-05, 2.13365528907e-05, 2.00067916012e-05, 1.96837845579e-05, 5.06136493641e-05, 3.83300866815e-05, 4.47756319772e-05, 1.79809794645e-05, 2.59290536633e-05, 5.02645525557e-06, 5.33231514055e-06, 2.21169357246e-05, 3.19715909427e-05, 3.5301400203e-05, 5.23198905285e-05, 5.39224893146e-05, 5.2552393754e-05, 8.13875449239e-05, 4.57869027741e-05, 4.69470796816e-05, 3.73607326765e-05, 2.23050665227e-05, 9.42935821513e-06, 2.96245912068e-06, 4.35537594967e-06, 1.16924104532e-06, 4.09366691656e-07, 1.62580178653e-07, 2.2037818681e-08, 1.40906859514e-08, 3.26533147188e-08, 4.93727085882e-08, 3.3675867428e-08, 2.09654906769e-08, 1.21979111256e-08],
        "dmean2": [0.000170638260897, 0.000182365794899, 0.000135822367156, 0.00024354220659, 4.62915413664e-05, 6.56347692711e-05, 3.88192529499e-05, 3.53129544237e-05, 3.57536555384e-05, 8.58890198288e-05, 6.16492761765e-05, 7.49237224227e-05, 3.0175629945e-05, 4.4640753913e-05, 8.6448080765e-06, 9.2783193395e-06, 3.9021273551e-05, 5.52794554096e-05, 6.11144787399e-05, 8.86136549525e-05, 9.3295435363e-05, 9.06493150978e-05, 0.000137770402944, 7.66235680203e-05, 7.96471867943e-05, 6.60445221001e-05, 3.83498554584e-05, 1.62249143614e-05, 5.03780984218e-06, 7.50277058614e-06, 2.01478542294e-06, 7.09863115844e-07, 2.78515017271e-07, 3.87274177172e-08, 2.40513298166e-08, 5.55493002707e-08, 8.56862669707e-08, 5.85339172687e-08, 3.66844403743e-08, 2.16500311012e-08],
        "dvar": [7.39776950809e-09, 7.28486604373e-09, 6.61905019683e-09, 1.83208825888e-08, 7.49650286291e-10, 2.13129536242e-09, 5.26296173309e-10, 5.55486212583e-10, 3.43740785835e-10, 2.67611555138e-09, 1.38735578581e-09, 1.73843028861e-09, 2.56524884668e-10, 5.94855054104e-10, 1.98550811209e-11, 2.0712379728e-11, 3.88203885704e-10, 7.25963233972e-10, 8.36764324497e-10, 1.9710744148e-09, 2.0523920341e-09, 1.79740922146e-09, 4.76824046913e-09, 1.34889022174e-09, 1.55063106799e-09, 9.7528063403e-10, 3.13155390508e-10, 6.53282775098e-11, 5.35592056816e-12, 1.3526825493e-11, 8.51970674998e-13, 1.05775705848e-13, 1.67090598085e-14, 3.35847716553e-16, 1.24913020758e-16, 6.76441041073e-16, 1.65816736765e-15, 7.50882690461e-16, 3.29508707265e-16, 1.09327012341e-16],
        "dvar2": [2.00105052528e-08, 2.21485834118e-08, 1.93814866378e-08, 6.03851049163e-08, 2.21762586072e-09, 5.91175419729e-09, 1.73766190326e-09, 1.69789804438e-09, 1.08620545891e-09, 7.18896320251e-09, 3.71838071445e-09, 5.20544007898e-09, 6.44617026424e-10, 1.68424185709e-09, 5.96277471843e-11, 6.15565237672e-11, 1.18358678414e-09, 2.24959850748e-09, 2.30995289563e-09, 5.66580915518e-09, 5.97469629326e-09, 5.13147124792e-09, 1.36868942846e-08, 3.87367693477e-09, 4.39190905865e-09, 3.01525027169e-09, 9.029671455e-10, 1.73180789154e-10, 1.56821482883e-11, 3.98135552304e-11, 2.55537084548e-12, 2.98616762828e-13, 4.71623506579e-14, 9.12918240386e-16, 3.39345777337e-16, 1.96737378043e-15, 4.74273144222e-15, 2.18984380766e-15, 9.78678278521e-16, 3.27893441904e-16],
        "max": [0.000759117654525, 0.000655926123727, 0.000863063614815, 0.00115811883006, 0.000483277515741, 0.000875441473909, 0.000293444143608, 0.000302588246996, 0.000212588871364, 0.000711945118383, 0.000591506948695, 0.000524095317814, 0.000178172704182, 0.000194679858396, 4.45722289442e-05, 4.030238415e-05, 0.000154550260049, 0.000264729518676, 0.000253256701399, 0.000382133381208, 0.000355196592864, 0.000397862459067, 0.000593601551373, 0.000312458811095, 0.000409422209486, 0.000265208043857, 0.000171131294337, 6.72667156323e-05, 2.145014696e-05, 2.90192256216e-05, 8.28611518955e-06, 3.01551722259e-06, 1.39089229378e-06, 1.90838690628e-07, 1.08346810634e-07, 2.61297685711e-07, 3.6212111354e-07, 2.58698179323e-07, 1.77577646809e-07, 9.54968299993e-08],
        "mean": [0.000236383872107, 0.000228030592552, 0.000141203112435, 0.000238486682065, 6.36679615127e-05, 0.000100983714219, 3.91963112634e-05, 3.30497132381e-05, 3.03633278236e-05, 0.000113292815513, 0.000121730729006, 0.00012483644241, 4.70419072371e-05, 4.32727720181e-05, 1.09366656034e-05, 1.11908329927e-05, 4.35019355791e-05, 6.74696930218e-05, 7.90866106399e-05, 0.00011307670502, 0.000130950589664, 0.000146380698425, 0.000175502762431, 0.000113596288429, 0.000144342237036, 0.000100892721093, 6.37236298644e-05, 2.60698052443e-05, 9.13278108783e-06, 1.15243919936e-05, 3.49419315171e-06, 1.33099638333e-06, 5.04825209191e-07, 6.09865224988e-08, 4.18052685802e-08, 1.06382564979e-07, 1.73378282398e-07, 1.19449651947e-07, 7.7456526526e-08, 4.20769694642e-08],
        "median": [0.000219591136556, 0.000216785541852, 0.000104549631942, 0.000163342512678, 5.07486656716e-05, 6.37217817712e-05, 3.10609902954e-05, 2.44081056735e-05, 2.39625187533e-05, 7.96259846538e-05, 8.83742104634e-05, 0.000100079851109, 4.20750802732e-05, 3.63924918929e-05, 9.92663990473e-06, 1.02752273961e-05, 3.83236183552e-05, 6.18291669525e-05, 7.40630639484e-05, 0.000104290564195, 0.000123421050375, 0.000138580217026, 0.000152474618517, 0.000107005049358, 0.000138791569043, 9.5883544418e-05, 5.99844606768e-05, 2.46953568421e-05, 8.69411906024e-06, 1.09746251837e-05, 3.35317372446e-06, 1.2786069874e-06, 4.83323844946e-07, 5.70845699599e-08, 3.97013586451e-08, 1.01963806287e-07, 1.67544229157e-07, 1.15121949307e-07, 7.44707477907e-08, 4.07854940931e-08],
        "min": [4.60741284769e-06, 1.39060994115e-05, 7.82844927016e-06, 1.71417923411e-05, 4.15877184423e-06, 4.48115724794e-06, 3.16488876706e-06, 1.30327646275e-06, 2.53318103205e-06, 6.24828498985e-06, 5.68959467273e-06, 8.11690460978e-06, 6.88926184012e-06, 3.07932782562e-06, 1.12047553102e-06, 9.96391349872e-07, 7.55477776693e-06, 1.12227735372e-05, 1.16891851576e-05, 2.3988141038e-05, 3.6685669329e-05, 4.13852794736e-05, 2.95042445941e-05, 2.50571720244e-05, 3.91386565752e-05, 2.64857389993e-05, 1.8291770175e-05, 8.50878132042e-06, 3.06001766148e-06, 3.25743349094e-06, 1.22972801364e-06, 4.36551857774e-07, 1.88031037851e-07, 2.31486740887e-08, 1.37297826441e-08, 4.05733935338e-08, 6.51099441029e-08, 5.47942029527e-08, 3.65411914061e-08, 1.56912989269e-08],
        "var": [1.41999265679e-08, 1.20478516052e-08, 1.42985880913e-08, 4.38414637927e-08, 2.25218665939e-09, 1.09972582152e-08, 9.59133994449e-10, 1.03506392346e-09, 4.98368235569e-10, 8.65106031256e-09, 9.9072252624e-09, 8.52644621574e-09, 7.73338004745e-10, 7.85908504941e-10, 2.89800024256e-11, 2.87283877243e-11, 5.61768298546e-10, 9.96723148461e-10, 1.25295729347e-09, 2.61135135737e-09, 2.64750776857e-09, 2.75562084262e-09, 7.90687515462e-09, 1.96120519824e-09, 2.34594077497e-09, 1.19488763328e-09, 4.712769619e-10, 9.10931330367e-11, 7.95445567053e-12, 1.71194759757e-11, 1.25966945208e-12, 1.61737309201e-13, 2.51160396869e-14, 4.41600203535e-16, 1.81665988464e-16, 9.43018509079e-16, 2.25306168816e-15, 1.03444925711e-15, 4.11665768011e-16, 1.35808379088e-16]
    },
    "mfcc": {
        "mean": [-616.875732422, 108.860656738, -74.5292892456, 57.7337036133, 7.72054338455, -16.268705368, 14.1628818512, 4.91421127319, 16.1436386108, 1.0373108387, -9.6179265976, -5.44746732712, -11.6555213928],
        "cov": [[30.0012073517, 15.7775268555, 7.62262773514, -2.93656778336, -8.46083545685, -0.484757006168, -0.759328842163, -1.21482300758, 0.966131687164, -0.240793213248, -0.0754522010684, -1.03890287876, 1.96784484386], [15.7775268555, 42.3006858826, 21.942565918, 3.67553734779, -7.57690811157, -7.17554807663, -9.53847122192, -7.30656814575, -5.2644367218, -5.66525125504, -5.09482240677, -7.11859798431, -6.55492639542], [7.62262773514, 21.942565918, 31.6318511963, 15.7332773209, -1.92438447475, -9.72396183014, -9.53730010986, -5.84128093719, -5.81968545914, -3.8156182766, -4.08846330643, -8.2864522934, -6.94102811813], [-2.93656778336, 3.67553734779, 15.7332773209, 27.383682251, 9.61043357849, -1.29413831234, -5.31260251999, -6.01459884644, -3.85068035126, -2.68985271454, -1.41225218773, -3.31726551056, -3.03423905373], [-8.46083545685, -7.57690811157, -1.92438447475, 9.61043357849, 28.7240943909, 10.6968698502, 4.04559469223, -0.490103542805, -5.28652763367, 0.799206972122, -1.15149223804, 0.873707175255, 0.0344203859568], [-0.484757006168, -7.17554807663, -9.72396183014, -1.29413831234, 10.6968698502, 31.7201423645, 16.1482429504, 6.30018901825, 1.6811798811, -0.432886600494, -1.1321079731, 2.79364585876, 4.8487496376], [-0.759328842163, -9.53847122192, -9.53730010986, -5.31260251999, 4.04559469223, 16.1482429504, 38.005443573, 19.6697025299, 5.89428901672, -4.1317191124, -3.48780488968, 2.33692240715, 4.3785738945], [-1.21482300758, -7.30656814575, -5.84128093719, -6.01459884644, -0.490103542805, 6.30018901825, 19.6697025299, 34.1499786377, 15.2750835419, 0.407408237457, -4.66299057007, -2.75631308556, -1.08748185635], [0.966131687164, -5.2644367218, -5.81968545914, -3.85068035126, -5.28652763367, 1.6811798811, 5.89428901672, 15.2750835419, 29.5880050659, 11.0234775543, 1.03799247742, -3.30860114098, -2.84743261337], [-0.240793213248, -5.66525125504, -3.8156182766, -2.68985271454, 0.799206972122, -0.432886600494, -4.1317191124, 0.407408237457, 11.0234775543, 28.7016048431, 13.1323137283, 1.55404984951, -1.38009595871], [-0.0754522010684, -5.09482240677, -4.08846330643, -1.41225218773, -1.15149223804, -1.1321079731, -3.48780488968, -4.66299057007, 1.03799247742, 13.1323137283, 31.4324207306, 16.6668376923, 5.33421802521], [-1.03890287876, -7.11859798431, -8.2864522934, -3.31726551056, 0.873707175255, 2.79364585876, 2.33692240715, -2.75631308556, -3.30860114098, 1.55404984951, 16.6668376923, 35.729801178, 20.1110496521], [1.96784484386, -6.55492639542, -6.94102811813, -3.03423905373, 0.0344203859568, 4.8487496376, 4.3785738945, -1.08748185635, -2.84743261337, -1.38009595871, 5.33421802521, 20.1110496521, 37.4119567871]],
