{
"lowlevel": {
    "average_loudness": 0.985847294331,
    "barkbands_crest": {
        "dmean": 2.74112582207,
        "dmean2": 4.66175127029,
        "dvar": 6.00477600098,
        "dvar2": 14.9869804382,
        "max": 20.4250469208,
        "mean": 8.01125812531,
        "median": 7.02312660217,
        "min": 3.46757531166,
        "var": 11.6893939972
    },
    "barkbands_flatness_db": {
        "dmean": 0.0168252103031,
        "dmean2": 0.0277247596532,
        "dvar": 0.000243959206273,
        "dvar2": 0.000620165839791,
        "max": 0.234545215964,
        "mean": 0.138048827648,
        "median": 0.136484533548,
        "min": 0.0777818635106,
        "var": 0.000841216533445
    },
    "barkbands_kurtosis": {
        "dmean": 1.68611264229,
        "dmean2": 2.91070795059,
        "dvar": 3.5553393364,
        "dvar2": 8.84992313385,
        "max": 12.2695121765,
        "mean": 0.656720638275,
        "median": 0.00330328941345,
        "min": -1.85865831375,
        "var": 6.10884714127
    },
    "barkbands_skewness": {
        "dmean": 0.618348062038,
        "dmean2": 1.01171553135,
        "dvar": 0.326976358891,
        "dvar2": 0.819876909256,
        "max": 3.1577630043,
        "mean": -0.653979420662,
        "median": -0.815195500851,
        "min": -3.27152729034,
        "var": 1.09484279156
    },
    "barkbands_spread": {
        "dmean": 8.39393234253,
        "dmean2": 13.751367569,
        "dvar": 56.5612792969,
        "dvar2": 152.348602295,
        "max": 53.8931694031,
        "mean": 30.3450374603,
        "median": 29.5255069733,
        "min": 7.56143426895,
        "var": 164.214935303
    },
    "dissonance": {
        "dmean": 0.00532288104296,
        "dmean2": 0.00867180805653,
        "dvar": 9.14143674891e-05,
        "dvar2": 0.000140318938065,
        "max": 0.499484658241,
        "mean": 0.492825984955,
        "median": 0.494688510895,
        "min": 0.367108672857,
        "var": 0.000100664285128
    },
    "dynamic_complexity": 1.3371360302,
    "erbbands_crest": {
        "dmean": 2.67993307114,
        "dmean2": 4.43462276459,
        "dvar": 5.664457798,
        "dvar2": 15.0639324188,
        "max": 21.3457489014,
        "mean": 9.39873218536,
        "median": 8.66868782043,
        "min": 4.78519201279,
        "var": 8.92854213715
    },
    "erbbands_flatness_db": {
        "dmean": 0.01506440714,
        "dmean2": 0.0229246001691,
        "dvar": 0.00014155099052,
        "dvar2": 0.000350177404471,
        "max": 0.288464397192,
        "mean": 0.23316347599,
        "median": 0.232088327408,
        "min": 0.177984416485,
        "var": 0.0005573820672
    },
    "erbbands_kurtosis": {
        "dmean": 2.14008069038,
        "dmean2": 3.34253144264,
        "dvar": 4.85807800293,
        "dvar2": 11.292930603,
        "max": 18.3432559967,
        "mean": 4.14591217041,
        "median": 3.54618501663,
        "min": -0.973839998245,
        "var": 9.24781417847
    },
    "erbbands_skewness": {
        "dmean": 0.422208279371,
        "dmean2": 0.669354319572,
        "dvar": 0.148747429252,
        "dvar2": 0.345546543598,
        "max": 0.441588371992,
        "mean": -1.19499516487,
        "median": -1.12866616249,
        "min": -2.67557644844,
        "var": 0.375762403011
    },
    "erbbands_spread": {
        "dmean": 4.42972803116,
        "dmean2": 7.22514104843,
        "dvar": 31.1984958649,
        "dvar2": 83.0003967285,
        "max": 59.266960144,
        "mean": 14.4966115952,
        "median": 12.3861522675,
        "min": 4.02142858505,
        "var": 62.7962036133
    },
    "hfc": {
        "dmean": 7.83271980286,
        "dmean2": 11.7825431824,
        "dvar": 58.6015777588,
        "dvar2": 123.751251221,
        "max": 118.934394836,
        "mean": 35.6555137634,
        "median": 37.2646560669,
        "min": 0.612935841084,
        "var": 307.843780518
    },
    "melbands_crest": {
        "dmean": 3.90559649467,
        "dmean2": 6.30052709579,
        "dvar": 13.0193443298,
        "dvar2": 30.0154705048,
        "max": 28.9131469727,
        "mean": 11.3467493057,
        "median": 10.0926733017,
        "min": 3.18456792831,
        "var": 38.6737670898
    },
    "melbands_flatness_db": {
        "dmean": 0.024008564651,
        "dmean2": 0.0390916541219,
        "dvar": 0.000650179514196,
        "dvar2": 0.00159991718829,
        "max": 0.299431055784,
        "mean": 0.148909270763,
        "median": 0.132424771786,
        "min": 0.0814363509417,
        "var": 0.00253703445196
    },
    "melbands_kurtosis": {
        "dmean": 2.51849246025,
        "dmean2": 4.45345211029,
        "dvar": 29.192533493,
        "dvar2": 83.2512817383,
        "max": 38.1789131165,
        "mean": 1.07634592056,
        "median": -0.893481254578,
        "min": -1.78204023838,
        "var": 33.077495575
    },
    "melbands_skewness": {
        "dmean": 0.765889585018,
        "dmean2": 1.25310003757,
        "dvar": 0.631532728672,
        "dvar2": 1.63709509373,
        "max": 5.98589944839,
        "mean": 0.54040145874,
        "median": 0.215042591095,
        "min": -1.69682729244,
        "var": 2.00423955917
    },
    "melbands_spread": {
        "dmean": 14.005449295,
        "dmean2": 21.867729187,
        "dvar": 152.378601074,
        "dvar2": 414.947052002,
        "max": 109.004234314,
        "mean": 63.8438835144,
        "median": 66.5364761353,
        "min": 7.6150841713,
        "var": 423.321655273
    },
    "pitch_salience": {
        "dmean": 0.0831473991275,
        "dmean2": 0.133155688643,
        "dvar": 0.00455451849848,
        "dvar2": 0.012467992492,
        "max": 0.81027585268,
        "mean": 0.599975705147,
        "median": 0.638685107231,
        "min": 0.212091773748,
        "var": 0.0157684441656
    },
    "silence_rate_20dB": {
        "dmean": 0,
        "dmean2": 0,
        "dvar": 0,
        "dvar2": 0,
        "max": 1,
        "mean": 1,
        "median": 1,
        "min": 1,
        "var": 0
    },
    "silence_rate_30dB": {
        "dmean": 0,
        "dmean2": 0,
        "dvar": 0,
        "dvar2": 0,
        "max": 1,
        "mean": 1,
        "median": 1,
        "min": 1,
        "var": 0
    },
    "silence_rate_60dB": {
        "dmean": 0,
        "dmean2": 0,
        "dvar": 0,
        "dvar2": 0,
        "max": 0,
        "mean": 0,
        "median": 0,
        "min": 0,
        "var": 0
    },
    "spectral_centroid": {
        "dmean": 171.689941406,
        "dmean2": 268.620147705,
        "dvar": 30780.7148438,
        "dvar2": 68079.0546875,
        "max": 4411.1328125,
        "mean": 2648.48876953,
        "median": 2642.75927734,
        "min": 1299.41333008,
        "var": 110754.953125
    },
    "spectral_complexity": {
        "dmean": 4.29583311081,
        "dmean2": 6.94142246246,
        "dvar": 15.3249778748,
        "dvar2": 27.7120304108,
        "max": 53,
        "mean": 35.0788383484,
        "median": 35,
        "min": 1,
        "var": 73.0186767578
    },
    "spectral_decrease": {
        "dmean": 9.88992998607e-10,
        "dmean2": 1.6580893325e-09,
        "dvar": 7.07410288228e-19,
        "dvar2": 1.86451928102e-18,
        "max": -1.67701519338e-10,
        "mean": -4.29590674145e-09,
        "median": -4.46653025676e-09,
        "min": -6.78781608698e-09,
        "var": 1.32153673044e-18
    },
    "spectral_energy": {
        "dmean": 0.00415346957743,
        "dmean2": 0.00689893495291,
        "dvar": 1.1553153854e-05,
        "dvar2": 2.88280534733e-05,
        "max": 0.0295253861696,
        "mean": 0.0194477979094,
        "median": 0.0202460307628,
        "min": 0.000688540108968,
        "var": 2.73651985481e-05
    },
    "spectral_energyband_high": {
        "dmean": 0.000523728260305,
        "dmean2": 0.00078126572771,
        "dvar": 1.63230708949e-06,
        "dvar2": 2.77878007182e-06,
        "max": 0.0217825043947,
        "mean": 0.00124878401402,
        "median": 0.000630864233244,
        "min": 6.10978986515e-06,
        "var": 5.40370638191e-06
    },
    "spectral_energyband_low": {
        "dmean": 0.00289678853005,
        "dmean2": 0.00499420147389,
        "dvar": 1.29276777443e-05,
        "dvar2": 3.61314196198e-05,
        "max": 0.0226712152362,
        "mean": 0.0042439349927,
        "median": 0.00256082694978,
        "min": 7.00551609043e-05,
        "var": 2.11924962059e-05
    },
    "spectral_energyband_middle_high": {
        "dmean": 0.0028609810397,
        "dmean2": 0.0043659703806,
        "dvar": 6.40535745333e-06,
        "dvar2": 1.44789100887e-05,
        "max": 0.0254747066647,
        "mean": 0.0125801637769,
        "median": 0.0131903607398,
        "min": 0.000238032123889,
        "var": 3.01300151477e-05
    },
    "spectral_energyband_middle_low": {
        "dmean": 0.000773014617153,
        "dmean2": 0.00127770740073,
        "dvar": 5.79098866638e-07,
        "dvar2": 1.41685302424e-06,
        "max": 0.00803735665977,
        "mean": 0.00169224664569,
        "median": 0.00137267762329,
        "min": 7.99152985564e-05,
        "var": 1.38806228733e-06
    },
    "spectral_entropy": {
        "dmean": 0.0714504718781,
        "dmean2": 0.108097925782,
        "dvar": 0.00529719050974,
        "dvar2": 0.00886509101838,
        "max": 8.39336299896,
        "mean": 7.61930561066,
        "median": 7.61340379715,
        "min": 7.18466377258,
        "var": 0.0129520250484
    },
    "spectral_flux": {
        "dmean": 0.0142824361101,
        "dmean2": 0.0237018950284,
        "dvar": 0.000142582357512,
        "dvar2": 0.000403358484618,
        "max": 0.137232527137,
        "mean": 0.0918872058392,
        "median": 0.0936519950628,
        "min": 0.0370679572225,
        "var": 0.000350022048224
    },
    "spectral_kurtosis": {
        "dmean": 3.51937103271,
        "dmean2": 6.4768910408,
        "dvar": 10.6453533173,
        "dvar2": 32.6736831665,
        "max": 27.2292690277,
        "mean": 7.18827056885,
        "median": 6.52781581879,
        "min": 0.911014080048,
        "var": 11.9419651031
    },
    "spectral_rms": {
        "dmean": 0.00048357527703,
        "dmean2": 0.000788670731708,
        "dvar": 1.86348501074e-07,
        "dvar2": 4.10892653235e-07,
        "max": 0.00536705274135,
        "mean": 0.00430566910654,
        "median": 0.00444434769452,
        "min": 0.000819601351395,
        "var": 4.34673751215e-07
    },
    "spectral_rolloff": {
        "dmean": 418.372253418,
        "dmean2": 726.182373047,
        "dvar": 289155.5625,
        "dvar2": 776519.75,
        "max": 4844.97070312,
        "mean": 2940.66699219,
        "median": 2993.11523438,
        "min": 150.732421875,
        "var": 602477
    },
    "spectral_skewness": {
        "dmean": 0.365150302649,
        "dmean2": 0.667195916176,
        "dvar": 0.107982411981,
        "dvar2": 0.332051604986,
        "max": 4.07671356201,
        "mean": 1.12804567814,
        "median": 1.14329469204,
        "min": 0.261187285185,
        "var": 0.174743533134
    },
    "spectral_spread": {
        "dmean": 242957.59375,
        "dmean2": 334051.96875,
        "dvar": 549428723712,
        "dvar2": 368028090368,
        "max": 15652503,
        "mean": 2214223.25,
        "median": 2157701.25,
        "min": 1537683.5,
        "var": 859224735744
    },
    "spectral_strongpeak": {
        "dmean": 1.44694364071,
        "dmean2": 2.51452922821,
        "dvar": 3.59561395645,
        "dvar2": 7.74414920807,
        "max": 25.5367431641,
        "mean": 2.0462334156,
        "median": 0.767215967178,
        "min": 0,
        "var": 9.01427650452
    },
    "zerocrossingrate": {
        "dmean": 0.00836995430291,
        "dmean2": 0.00948573183268,
        "dvar": 6.88127474859e-05,
        "dvar2": 8.06577590993e-05,
        "max": 0.20556640625,
        "mean": 0.0960718691349,
        "median": 0.09912109375,
        "min": 0.01513671875,
        "var": 0.000673522241414
    },
    "barkbands": {
        "dmean": [1.11309909698e-05, 0.00204155500978, 0.00112345756497, 0.000356025848305, 0.000259936525254, 0.000165780045791, 0.000130905638798, 9.42322294577e-05, 0.00019490091654, 0.000194291438675, 0.000267781142611, 0.000284002424451, 0.000129167703562, 0.000999628799036, 0.000762210809626, 0.00167365639936, 0.0014444377739, 0.000619591446593, 0.000599625927862, 0.000292022858048, 0.000449120358098, 3.09843926516e-05, 1.6872767219e-06, 4.79137224829e-06, 1.82013184258e-06, 8.49648984058e-07, 4.82672497526e-08],
        "dmean2": [1.82834046427e-05, 0.00347926910035, 0.00191499933135, 0.000609803071711, 0.000446720718173, 0.000282451335806, 0.000214765968849, 0.000160179901286, 0.000328880822053, 0.000327485700836, 0.000450009043561, 0.000474191823741, 0.000224242612603, 0.00163201254327, 0.00125680747442, 0.00286226789467, 0.00238540582359, 0.00102210999466, 0.000942512473557, 0.00048118957784, 0.000663290673401, 4.65890079795e-05, 2.75956449514e-06, 7.50397384763e-06, 2.6245893423e-06, 1.29092484258e-06, 7.74801875991e-08],
        "dvar": [3.2217389867e-10, 6.71210227665e-06, 3.80227606911e-06, 2.74818717116e-07, 7.21469035625e-08, 1.3070129512e-07, 3.3458835702e-08, 2.00904217706e-08, 1.16308214615e-07, 1.08921192066e-07, 1.91482953937e-07, 1.10662881525e-07, 2.47727847125e-08, 1.87620764791e-06, 1.08875610749e-06, 3.10256700686e-06, 2.43981367021e-06, 5.88537034218e-07, 5.24070571828e-07, 1.18522628156e-07, 1.64375228451e-06, 1.16973797315e-09, 4.65273913147e-12, 3.4140777011e-11, 7.52495548512e-12, 1.83968357041e-12, 5.83156476735e-15],
        "dvar2": [7.85426557126e-10, 1.97315530386e-05, 1.0545348232e-05, 7.02755983184e-07, 1.89108106952e-07, 3.5135334997e-07, 8.42590068828e-08, 4.42614158658e-08, 3.42342701742e-07, 2.77760733525e-07, 5.17751516327e-07, 2.444113818e-07, 6.42227675485e-08, 4.86979979542e-06, 2.80365043182e-06, 8.05824765848e-06, 7.0540922934e-06, 1.60539650551e-06, 1.24036193938e-06, 3.01564114125e-07, 2.83795066025e-06, 2.1482877699e-09, 1.13879773667e-11, 7.72157407458e-11, 1.7717610365e-11, 4.24215914133e-12, 1.52786803527e-14],
        "max": [0.000162611075211, 0.0150090474635, 0.0164103992283, 0.00592046417296, 0.00177993765101, 0.00441982178017, 0.0024506598711, 0.00160007050727, 0.00352986669168, 0.00329412240535, 0.00353848841041, 0.00220230245031, 0.00141051807441, 0.0137238372117, 0.0106616262347, 0.012563415803, 0.0112464213744, 0.00630034925416, 0.00912998989224, 0.00346891605295, 0.0214202292264, 0.000562439439818, 2.70818873105e-05, 6.49336361676e-05, 3.34026481141e-05, 1.60764611792e-05, 6.53300674003e-07],
        "mean": [1.30596563395e-05, 0.0026899331715, 0.00127362448256, 0.000439256662503, 0.000375623174477, 0.000227523109061, 0.000188726378838, 0.00012454087846, 0.000262592162471, 0.000283970293822, 0.000333638949087, 0.000423661404056, 0.000208116063732, 0.00143570103683, 0.00137357797939, 0.00311245908961, 0.00242976658046, 0.00121061177924, 0.00139239174314, 0.000615713361185, 0.000924691790715, 8.09644116089e-05, 4.91392029289e-06, 1.53191685968e-05, 4.89867579745e-06, 2.44813986683e-06, 8.87210021006e-08],
        "median": [5.24496090293e-06, 0.00125813204795, 0.000404644582886, 0.00021421443671, 0.000294241152005, 0.000109337510366, 0.000123319783597, 7.94903826318e-05, 0.000176034125616, 0.000174437707756, 0.000198215057026, 0.000283313449472, 0.000139449795824, 0.000983109814115, 0.00101520307362, 0.00275257718749, 0.00200735591352, 0.00101224007085, 0.00119675090536, 0.000491698505357, 0.000348381960066, 5.44692302356e-05, 3.33537354891e-06, 7.94613970356e-06, 2.35892184719e-06, 1.02934870938e-06, 1.37525120181e-08],
        "min": [4.01875439593e-08, 4.89668991577e-06, 1.34770552904e-05, 1.58752277457e-06, 7.56863710194e-06, 5.98479846303e-06, 1.61052093972e-06, 2.26440533879e-06, 1.58133525474e-06, 1.48485901263e-06, 1.66285644809e-06, 1.32606021452e-06, 2.29986994782e-06, 2.0708914235e-05, 4.63169853901e-05, 3.57416902261e-05, 4.89292178827e-05, 4.27163868153e-05, 8.90070623427e-06, 6.96810820955e-06, 2.5210313197e-06, 6.40648977424e-07, 2.8976609201e-07, 1.68826559843e-07, 7.73776349661e-08, 2.30996057837e-08, 1.81956449907e-09],
        "var": [4.38516667423e-10, 1.02651183624e-05, 5.23786138729e-06, 4.32399872352e-07, 1.02185097717e-07, 2.23857938408e-07, 5.46147731484e-08, 2.92046085093e-08, 1.03130837203e-07, 1.39382919428e-07, 1.90211622453e-07, 1.76283677433e-07, 4.00592874428e-08, 2.2464405447e-06, 1.71437784502e-06, 5.03824594489e-06, 3.07785148834e-06, 7.62912918617e-07, 1.04756566088e-06, 2.1935636596e-07, 5.11292955707e-06, 5.70227198793e-09, 1.81824659495e-11, 2.06847983186e-10, 2.9815386271e-11, 8.17737023928e-12, 1.51235750675e-14]
    },
    "erbbands": {
        "dmean": [0.0319085046649, 0.547617137432, 1.4334384203, 1.06217515469, 1.01066148281, 0.976740717888, 0.810703992844, 1.60589754581, 1.03270900249, 2.98033070564, 2.49637103081, 4.28374671936, 4.70994281769, 6.15645122528, 12.1571416855, 11.5309772491, 4.43099975586, 29.8901405334, 44.8428230286, 59.5866966248, 82.4684371948, 81.2436523438, 33.9550704956, 39.8657226562, 20.9395637512, 14.0261716843, 17.5532226562, 10.9758806229, 1.36228525639, 0.182561919093, 0.0541796609759, 0.123628810048, 0.0608901381493, 0.0292969290167, 0.00692545762286, 0.00501301465556, 0.00133959308732, 0.000108052365249, 5.74290152144e-06, 5.45295324628e-06],
        "dmean2": [0.0514065772295, 0.951473295689, 2.42200136185, 1.81157064438, 1.76258277893, 1.6156014204, 1.43946444988, 2.63367486, 1.82728552818, 5.02799749374, 4.31569433212, 7.16895103455, 7.89931344986, 10.3558855057, 20.4212360382, 19.4245204926, 7.15090274811, 49.5627288818, 71.4718933105, 100.332862854, 139.491973877, 135.256057739, 55.3093070984, 66.1323928833, 32.9850006104, 22.6911430359, 25.203294754, 16.0609970093, 1.94339501858, 0.279788225889, 0.0865072607994, 0.196142539382, 0.0976532325149, 0.0419792197645, 0.0102009912953, 0.00759085640311, 0.00205093692057, 0.00016969020362, 8.39954464027e-06, 8.77098591445e-06],
        "dvar": [0.00167016661726, 0.507502198219, 4.95204973221, 2.06479382515, 1.1135917902, 1.12733697891, 1.29013895988, 12.9070148468, 3.55040764809, 15.9925069809, 28.1730308533, 46.7643089294, 51.8644523621, 101.374588013, 412.782409668, 201.008956909, 23.4447631836, 1786.21166992, 3062.09716797, 3917.68188477, 7429.31689453, 8582.61328125, 1871.92541504, 2497.82641602, 703.675109863, 259.321563721, 2045.58459473, 896.41015625, 2.56024169922, 0.0383686088026, 0.00452165864408, 0.0203111600131, 0.00562211126089, 0.00154958991334, 0.000308502436383, 6.0026999563e-05, 4.24116933573e-06, 2.57152237282e-08, 4.40419541115e-11, 2.0002327919e-11],
        "dvar2": [0.00438955426216, 1.47693943977, 13.6967144012, 5.66223573685, 2.96142578125, 2.85505867004, 3.75484490395, 34.1580810547, 8.84965801239, 41.4414825439, 78.0204925537, 128.838607788, 132.757339478, 255.129776001, 1125.48046875, 444.231750488, 52.9807815552, 4661.34619141, 7272.96191406, 10444.6757812, 19067.6289062, 24361.1289062, 4799.67382812, 6862.31494141, 1780.01513672, 683.606323242, 4178.69628906, 1228.60998535, 3.72763085365, 0.0904095694423, 0.0110418889672, 0.04973243922, 0.0120719997212, 0.00320262322202, 0.000873976445291, 0.000136566828587, 1.02064723251e-05, 5.57742723117e-08, 9.69050464872e-11, 4.63067466316e-11],
        "max": [0.323237299919, 4.13613176346, 18.1780452728, 13.3406505585, 7.60867404938, 9.80314731598, 12.804731369, 45.4258003235, 23.9380092621, 44.2376785278, 60.5584945679, 60.2245254517, 75.0788497925, 91.1778182983, 167.944229126, 97.7829437256, 39.1078720093, 383.217559814, 678.83807373, 508.987335205, 692.100097656, 659.027770996, 382.662109375, 534.390441895, 267.755249023, 152.593551636, 691.904724121, 551.338317871, 25.8602638245, 1.89025902748, 0.900820732117, 1.51678919792, 0.796595096588, 0.487189620733, 0.239601790905, 0.0867487937212, 0.0225581694394, 0.0015327258734, 8.3688973973e-05, 6.05460518273e-05],
        "mean": [0.0470589771867, 0.706544995308, 1.71584284306, 1.38749051094, 1.31731021404, 1.30301141739, 1.09891653061, 2.08074998856, 1.69467937946, 4.04341650009, 3.50877332687, 5.85872888565, 7.23598718643, 9.37226486206, 16.6691989899, 17.0501346588, 9.78925323486, 46.4292945862, 86.6852416992, 109.646652222, 162.864944458, 141.43132019, 75.911315918, 81.9608078003, 52.0945167542, 30.2632846832, 33.8722724915, 25.0717639923, 4.04901266098, 0.563921332359, 0.178389310837, 0.35217499733, 0.199776485562, 0.0889435783029, 0.0157862324268, 0.0134215708822, 0.0037681479007, 0.000289596995572, 2.43856011366e-05, 2.74144622381e-05],
        "median": [0.0246800314635, 0.335803568363, 0.56251758337, 0.735092997551, 0.881077587605, 0.921049892902, 0.753741383553, 0.90803951025, 1.08729350567, 2.91150641441, 2.07340621948, 3.88902235031, 4.70979356766, 6.46035194397, 10.6552820206, 11.2529907227, 7.20882749557, 32.3530235291, 71.7965698242, 88.9202575684, 150.298034668, 113.762695312, 64.2028503418, 69.6347503662, 44.0508422852, 25.0156288147, 14.7757949829, 10.6285705566, 2.7392282486, 0.384949833155, 0.115961372852, 0.192342966795, 0.100215554237, 0.0435225367546, 0.00648813974112, 0.00515877548605, 0.00174419512041, 7.91635247879e-05, 1.89051661437e-05, 2.81883658317e-05],
        "min": [0.000127576524392, 0.00321091827936, 0.0149116944522, 0.0204419586807, 0.0295685771853, 0.0307690426707, 0.0534210056067, 0.0412194319069, 0.0128193106502, 0.0501342527568, 0.0469566620886, 0.039350643754, 0.0228333249688, 0.066139087081, 0.0628628656268, 0.0624528825283, 0.114015951753, 0.502260088921, 2.28342866898, 3.47671413422, 1.5102865696, 3.11556959152, 2.58447647095, 0.711214482784, 0.380608677864, 0.393785059452, 0.109155006707, 0.0915430784225, 0.0311366971582, 0.0130857210606, 0.0082320747897, 0.00414250325412, 0.00251868227497, 0.00109199481085, 0.000229640907492, 0.000147474274854, 3.54954245267e-05, 2.83411804958e-06, 4.04549109589e-06, 1.98191082745e-06],
        "var": [0.00315671181306, 0.741465508938, 7.68952417374, 3.08409643173, 1.51850926876, 1.68204021454, 1.42203176022, 23.5419044495, 7.34138345718, 22.7219314575, 32.3952674866, 47.02501297, 66.3777389526, 129.001037598, 405.900299072, 309.321655273, 56.053314209, 2234.17749023, 6104.30566406, 7262.46484375, 12428.9667969, 10249.8164062, 2671.16137695, 3723.00170898, 1310.37866211, 511.863006592, 5238.84130859, 3412.4140625, 16.0022239685, 0.191525921226, 0.0224098414183, 0.107496775687, 0.036359064281, 0.00830929726362, 0.000583007698879, 0.000249181583058, 1.96318287635e-05, 1.303415047e-07, 2.36127978281e-10, 7.20904655416e-11]
    },
    "gfcc": {
        "mean": [-11.7233276367, 91.208190918, -183.624145508, 62.8576278687, -21.7647399902, 2.98000025749, -24.4853630066, 11.6509246826, -17.1045131683, 1.58687269688, -17.9773406982, -9.00848197937, 0.756374239922],
        "cov": [[1068.69592285, -589.768615723, -41.336605072, -195.256210327, -238.530838013, 21.6827602386, -216.960830688, 26.9417304993, -151.394638062, 113.452949524, -127.466171265, 120.518951416, 17.5430183411], [-589.768615723, 849.192016602, 93.4109802246, 211.284225464, 216.614578247, -4.06947422028, 239.777023315, -17.4065227509, 137.559005737, -132.873687744, 134.621582031, -129.617172241, -5.48779296875], [-41.336605072, 93.4109802246, 215.027893066, 82.8596191406, 50.3796424866, 43.7679481506, 25.5933208466, 25.0349788666, 5.31786203384, -6.17700529099, -38.1799430847, 4.9883556366, 11.2167234421], [-195.256210327, 211.284225464, 82.8596191406, 190.974090576, 127.972236633, 12.6528615952, 92.8424987793, -1.49307370186, 52.8295669556, -28.2385349274, 38.1966362, -30.9980583191, 24.6450862885], [-238.530838013, 216.614578247, 50.3796424866, 127.972236633, 164.616882324, 49.7407951355, 88.3359298706, 17.9149570465, 60.8344116211, -37.3056144714, 48.7116622925, -32.574256897, 2.45187735558], [21.6827602386, -4.06947422028, 43.7679481506, 12.6528615952, 49.7407951355, 80.3179473877, 34.5308494568, 29.8864917755, 4.94064760208, 9.81937026978, -2.42895364761, 7.46977329254, 2.29524469376], [-216.960830688, 239.777023315, 25.5933208466, 92.8424987793, 88.3359298706, 34.5308494568, 145.49899292, 23.1348400116, 56.5604896545, -27.6237983704, 48.2425384521, -38.9365463257, 11.9748811722], [26.9417304993, -17.4065227509, 25.0349788666, -1.49307370186, 17.9149570465, 29.8864917755, 23.1348400116, 68.5020828247, 19.8921031952, 4.69553232193, -2.02094221115, 15.7063465118, 2.74302959442], [-151.394638062, 137.559005737, 5.31786203384, 52.8295669556, 60.8344116211, 4.94064760208, 56.5604896545, 19.8921031952, 76.7144241333, 1.91826224327, 32.2291183472, -21.8567733765, 7.65795993805], [113.452949524, -132.873687744, -6.17700529099, -28.2385349274, -37.3056144714, 9.81937026978, -27.6237983704, 4.69553232193, 1.91826224327, 67.3669281006, -1.55883073807, 25.8609657288, 8.33071041107], [-127.466171265, 134.621582031, -38.1799430847, 38.1966362, 48.7116622925, -2.42895364761, 48.2425384521, -2.02094221115, 32.2291183472, -1.55883073807, 87.1734848022, -3.93498539925, -3.87973856926], [120.518951416, -129.617172241, 4.9883556366, -30.9980583191, -32.574256897, 7.46977329254, -38.9365463257, 15.7063465118, -21.8567733765, 25.8609657288, -3.93498539925, 65.4862976074, 23.3720912933], [17.5430183411, -5.48779296875, 11.2167234421, 24.6450862885, 2.45187735558, 2.29524469376, 11.9748811722, 2.74302959442, 7.65795993805, 8.33071041107, -3.87973856926, 23.3720912933, 44.9569511414]],
        "icov": [[0.00354305538349, -0.00340369925834, 0.0047803055495, -0.0050259642303, 0.00459604850039, -0.00517370691523, 0.00550047494471, -0.00547045562416, 0.00680107297376, -0.00728765223175, 0.00610100338235, -0.00343882082961, 0.001152814948], [-0.00340369925834, 0.0150600755587, -0.0149609977379, 0.0103487288579, -0.00221447693184, 0.00540648074821, -0.0100900596008, 0.0119080459699, -0.0186956115067, 0.0260644890368, -0.0243541691452, 0.0169389564544, -0.00952116958797], [0.0047803055495, -0.0149609977379, 0.0243827495724, -0.0183811392635, 0.00599006703123, -0.0112668452784, 0.0111656365916, -0.01384453848, 0.0187726542354, -0.0258628372103, 0.0309132263064, -0.0213208924979, 0.0137672396377], [-0.0050259642303, 0.0103487288579, -0.0183811392635, 0.0333768725395, -0.0262743495405, 0.0234845001251, -0.0179630536586, 0.0130065763369, -0.00806662254035, 0.0109704528004, -0.017290070653, 0.0151300113648, -0.0162780042738], [0.00459604850039, -0.00221447693184, 0.00599006703123, -0.0262743495405, 0.0479913987219, -0.0378050468862, 0.0183852501214, -0.00534062692896, -0.0137758841738, 0.0164966937155, -0.00827690027654, 0.00192328949925, 0.0031620725058], [-0.00517370691523, 0.00540648074821, -0.0112668452784, 0.0234845001251, -0.0378050468862, 0.0508137382567, -0.025607092306, 0.00302673317492, 0.00844756606966, -0.0105837741867, 0.00227829557844, -0.00125087064225, 8.87150017661e-05], [0.00550047494471, -0.0100900596008, 0.0111656365916, -0.0179630536586, 0.0183852501214, -0.025607092306, 0.0367801487446, -0.0183270424604, 0.00773362116888, -0.00741627905518, 0.00159235694446, 0.00748114800081, -0.00838560238481], [-0.00547045562416, 0.0119080459699, -0.01384453848, 0.0130065763369, -0.00534062692896, 0.00302673317492, -0.0183270424604, 0.0386981666088, -0.0295537244529, 0.0249541550875, -0.0126806767657, -0.00427862675861, 0.00410968530923], [0.00680107297376, -0.0186956115067, 0.0187726542354, -0.00806662254035, -0.0137758841738, 0.00844756606966, 0.00773362116888, -0.0295537244529, 0.0637066438794, -0.051925200969, 0.0287237353623, -0.007388449274, -4.43532735517e-05], [-0.00728765223175, 0.0260644890368, -0.0258628372103, 0.0109704528004, 0.0164966937155, -0.0105837741867, -0.00741627905518, 0.0249541550875, -0.051925200969, 0.0792394578457, -0.0508586280048, 0.0255555100739, -0.0169555023313], [0.00610100338235, -0.0243541691452, 0.0309132263064, -0.017290070653, -0.00827690027654, 0.00227829557844, 0.00159235694446, -0.0126806767657, 0.0287237353623, -0.0508586280048, 0.0703855454922, -0.0481408387423, 0.0327295847237], [-0.00343882082961, 0.0169389564544, -0.0213208924979, 0.0151300113648, 0.00192328949925, -0.00125087064225, 0.00748114800081, -0.00427862675861, -0.007388449274, 0.0255555100739, -0.0481408387423, 0.0715034008026, -0.0461421906948], [0.001152814948, -0.00952116958797, 0.0137672396377, -0.0162780042738, 0.0031620725058, 8.87150017661e-05, -0.00838560238481, 0.00410968530923, -4.43532735517e-05, -0.0169555023313, 0.0327295847237, -0.0461421906948, 0.057888161391]]
    },
    "melbands": {
        "dmean": [0.000438084156485, 0.000731887936126, 0.000186601057067, 6.66714986437e-05, 2.8740902053e-05, 3.38920835929e-05, 2.03007384698e-05, 2.8931430279e-05, 2.55624836427e-05, 2.63890269707e-05, 2.43921895162e-05, 2.5970466595e-05, 4.18653835368e-05, 3.72194444935e-05, 1.56267014972e-05, 1.97369881789e-05, 6.74738475936e-05, 9.32074981392e-05, 6.1048034695e-05, 0.000107490013761, 0.000107706269773, 8.63666427904e-05, 6.34196621832e-05, 3.03398246615e-05, 3.62168830179e-05, 1.86453617061e-05, 1.52027623699e-05, 8.87035639607e-06, 5.42293992112e-06, 2.12266295421e-05, 2.74033732239e-06, 9.31317458708e-07, 3.32641860723e-07, 3.91124714838e-08, 2.67266795362e-08, 6.07940435771e-08, 8.79956942867e-08, 5.48661809319e-08, 3.76536739566e-08, 2.46107862978e-08],
        "dmean2": [0.000729415914975, 0.00125973473769, 0.000320045801345, 0.000114305628813, 4.97023611388e-05, 5.61421038583e-05, 3.48172579834e-05, 4.86073658976e-05, 4.44436118414e-05, 4.41270713054e-05, 4.10152752011e-05, 4.37899579993e-05, 7.05945785739e-05, 6.12926814938e-05, 2.60541019088e-05, 3.36825032718e-05, 0.000109725995571, 0.000148898077896, 9.8135897133e-05, 0.000183914569789, 0.000186453689821, 0.000144265824929, 0.000103002530523, 5.08887860633e-05, 6.11431169091e-05, 3.04860532196e-05, 2.50833745667e-05, 1.43770257637e-05, 8.26708128443e-06, 3.20519429806e-05, 4.51266441814e-06, 1.41332611747e-06, 5.20970900197e-07, 6.39302442096e-08, 4.39135732222e-08, 1.00312966822e-07, 1.42304614315e-07, 8.99633434415e-08, 5.93566298335e-08, 3.73050674796e-08],
        "dvar": [2.92525953682e-07, 1.04205048501e-06, 5.55718777662e-08, 4.53417525748e-09, 1.26020005542e-09, 5.81547077161e-09, 1.02510389066e-09, 1.45146683561e-09, 3.47165141079e-09, 1.53449819518e-09, 1.47735657041e-09, 2.00928451655e-09, 4.70810634923e-09, 1.60824420448e-09, 6.50253850765e-10, 5.87593806944e-10, 9.86555814819e-09, 1.27013981555e-08, 4.74906913794e-09, 1.5215674054e-08, 1.41247529228e-08, 9.87349313419e-09, 5.91024340579e-09, 1.63113400564e-09, 2.21526330613e-09, 4.55105619857e-10, 3.41844191842e-10, 1.17574255887e-10, 1.26923582755e-10, 4.60598625907e-09, 2.26432188971e-11, 1.30015605487e-12, 1.32729696917e-13, 2.43741078583e-15, 1.16302864674e-15, 4.6458499313e-15, 1.10489434035e-14, 4.64332153795e-15, 2.57947176361e-15, 1.34620661549e-15],
        "dvar2": [8.38447874685e-07, 2.91594051305e-06, 1.53521114044e-07, 1.16922809212e-08, 3.54083340426e-09, 1.53955195259e-08, 2.65334576532e-09, 3.7980871781e-09, 1.02069739327e-08, 4.1907362025e-09, 3.77640629878e-09, 5.15780662624e-09, 1.26796102506e-08, 3.88436971477e-09, 1.61917124153e-09, 1.64840796568e-09, 2.60010395436e-08, 3.11910319795e-08, 1.24918404509e-08, 4.05421580751e-08, 3.41849961671e-08, 2.87382633246e-08, 1.5834945799e-08, 4.78106754187e-09, 6.03250915887e-09, 1.09195019693e-09, 8.77680927935e-10, 3.28001931171e-10, 2.81476564279e-10, 7.91705279113e-09, 4.78452485964e-11, 2.08100875941e-12, 3.44986002656e-13, 6.59949584876e-15, 2.891328966e-15, 1.16815745242e-14, 2.66207513661e-14, 1.10827239245e-14, 5.82741091777e-15, 3.03377343795e-15],
        "max": [0.00335151259787, 0.00717473495752, 0.00207803095691, 0.000442435703008, 0.000385518680559, 0.000977760180831, 0.000358666409738, 0.000395041861339, 0.00068835838465, 0.000326156441588, 0.000380297744414, 0.000412317313021, 0.000532987876795, 0.000283038301859, 0.000219569730689, 0.000200793583645, 0.000859045423567, 0.00113893102389, 0.000665104598738, 0.00103869987652, 0.00103602558374, 0.000721849675756, 0.000681647565216, 0.000369165907614, 0.000506078184117, 0.000192811698071, 0.000159922827152, 9.99985277303e-05, 0.000178300091648, 0.00112062366679, 6.39201534796e-05, 2.00948070415e-05, 2.8720080536e-06, 4.85242935611e-07, 3.75652405182e-07, 7.77122750151e-07, 1.04303637727e-06, 6.28646148471e-07, 5.38000278993e-07, 4.26016811161e-07],
        "mean": [0.000604794244282, 0.000945561798289, 0.000244071314228, 9.62625854299e-05, 4.11810724472e-05, 4.48602113465e-05, 3.13133168675e-05, 3.96366740461e-05, 3.29770628014e-05, 3.61818601959e-05, 3.63331455446e-05, 3.65100277122e-05, 5.29208009539e-05, 5.31184668944e-05, 2.32932379731e-05, 3.12571755785e-05, 9.45896244957e-05, 0.000152461943799, 0.000110505352495, 0.000180720060598, 0.000190187449334, 0.000140910546179, 0.000108023021312, 5.39654174645e-05, 6.96450588293e-05, 4.25350444857e-05, 3.04100340145e-05, 1.66611098393e-05, 1.10388591565e-05, 3.88481239497e-05, 6.08898699284e-06, 2.3132415663e-06, 8.03767306934e-07, 1.00917766588e-07, 7.20090866935e-08, 1.62735020126e-07, 2.3787254122e-07, 1.54227592475e-07, 1.0335166678e-07, 6.41337152274e-08],
        "median": [0.000284829438897, 0.000386671599699, 0.0001492962474, 7.3763236287e-05, 2.92097447527e-05, 1.8928290956e-05, 2.15650034079e-05, 2.89090712613e-05, 1.94685853785e-05, 2.46216150117e-05, 2.36869927903e-05, 2.28208991757e-05, 3.09399401885e-05, 3.475639096e-05, 1.34208776217e-05, 2.18415116251e-05, 6.50045112707e-05, 0.000104551574623, 8.24349481263e-05, 0.000147015816765, 0.000162684547831, 0.000113058762508, 8.57585400809e-05, 4.37257913291e-05, 5.8300429373e-05, 3.36240082106e-05, 2.42478781729e-05, 1.31999149744e-05, 6.48950617688e-06, 1.18714533528e-05, 4.00548560719e-06, 1.57006763857e-06, 5.35369338195e-07, 7.00545186305e-08, 4.85274291862e-08, 1.01880260672e-07, 1.27611329503e-07, 7.99659076733e-08, 5.78746970348e-08, 3.13888897097e-08],
        "min": [1.37350355089e-06, 7.28633767721e-06, 4.5484630391e-06, 1.96089808924e-06, 2.05227615879e-06, 9.36303649723e-07, 2.34441046132e-07, 5.54900680072e-07, 3.82508233088e-07, 2.19192017425e-07, 1.1573916936e-07, 2.7180274742e-07, 2.2779494202e-07, 1.55222011244e-07, 1.60365189572e-07, 2.43030456204e-07, 9.70214387053e-07, 3.52120173375e-06, 3.58708643944e-06, 4.19527123086e-06, 1.40439829011e-06, 3.03351953335e-06, 3.4439801766e-06, 1.49270442762e-06, 4.54855950238e-07, 3.30668825654e-07, 2.57904503087e-07, 2.36202538417e-07, 5.58614061674e-08, 6.1205895463e-08, 4.68557708189e-08, 1.48551881907e-08, 1.32552981924e-08, 5.5964215484e-09, 4.27267732306e-09, 2.92814461567e-09, 2.31696550834e-09, 1.8455325046e-09, 1.35529232281e-09, 7.36928518208e-10],
        "var": [4.91509410949e-07, 1.64442940331e-06, 8.19715424427e-08, 6.65790800269e-09, 1.63161573141e-09, 1.0724421351e-08, 2.00718197618e-09, 2.07383776818e-09, 3.45183837069e-09, 1.5910068818e-09, 1.82968273865e-09, 2.3858537368e-09, 4.65929561599e-09, 2.58311017021e-09, 7.74738162512e-10, 8.66235694286e-10, 1.11438440697e-08, 2.23293099566e-08, 9.07048303134e-09, 2.28342962316e-08, 2.05223038563e-08, 1.11480460419e-08, 7.39950500872e-09, 1.77858738848e-09, 3.05246627974e-09, 9.47063427681e-10, 5.45564371457e-10, 1.98060318146e-10, 3.19138077076e-10, 1.32959607768e-08, 5.35862326734e-11, 6.11425667041e-12, 4.1744659487e-13, 7.06718000838e-15, 3.91671422942e-15, 2.15534597684e-14, 5.22417802377e-14, 2.29341505774e-14, 1.14985942317e-14, 4.74165655741e-15]
    },
    "mfcc": {
        "mean": [-630.365722656, 106.538635254, -74.1259078979, 53.8611602783, 16.2709789276, 6.4727191925, 9.70206165314, 0.515419125557, 18.4706802368, 2.97745108604, -2.51105737686, 4.18955612183, -7.62305879593],
        "cov": [[1051.06066895, -443.737762451, -33.1766929626, -255.885513306, -96.6698150635, -111.299819946, -88.7839889526, -140.774978638, -26.7541389465, -81.7676849365, -82.5010528564, -38.6982574463, -46.1151733398], [-443.737762451, 537.132568359, 49.8618659973, 188.14390564, 36.4417610168, 80.9991073608, 86.8860702515, 119.708374023, 4.92694139481, 76.1169967651, 59.0310249329, 15.7555532455, 41.225402832], [-33.1766929626, 49.8618659973, 161.348251343, 47.5344085693, 24.7887802124, 26.8564662933, 11.0636301041, 17.4781894684, 38.1111946106, 6.19981336594, -17.6687488556, -15.6823158264, -3.40123438835], [-255.885513306, 188.14390564, 47.5344085693, 214.355667114, 66.8196563721, 62.6330184937, 56.221824646, 55.0233306885, 27.304063797, 31.1725387573, 23.44688797, 26.9365463257, 7.37070560455], [-96.6698150635, 36.4417610168, 24.7887802124, 66.8196563721, 98.5561599731, 44.4765129089, 20.6285057068, 39.0055618286, 18.1795978546, 17.2030849457, 14.357380867, 2.18298888206, 8.65338516235], [-111.299819946, 80.9991073608, 26.8564662933, 62.6330184937, 44.4765129089, 83.7478179932, 49.7037506104, 25.6138477325, 18.1493492126, 27.7283878326, 16.7944164276, 7.71402549744, 4.77695226669], [-88.7839889526, 86.8860702515, 11.0636301041, 56.221824646, 20.6285057068, 49.7037506104, 85.1501693726, 53.7566719055, 11.5605554581, 27.0835342407, 17.292093277, 15.5783100128, 14.3377008438], [-140.774978638, 119.708374023, 17.4781894684, 55.0233306885, 39.0055618286, 25.6138477325, 53.7566719055, 93.1369857788, 29.3997421265, 24.9456920624, 17.7675037384, 10.3037290573, 27.6424121857], [-26.7541389465, 4.92694139481, 38.1111946106, 27.304063797, 18.1795978546, 18.1493492126, 11.5605554581, 29.3997421265, 80.2948379517, 19.2752075195, -7.04435634613, 8.49185371399, -1.73449075222], [-81.7676849365, 76.1169967651, 6.19981336594, 31.1725387573, 17.2030849457, 27.7283878326, 27.0835342407, 24.9456920624, 19.2752075195, 69.2641296387, 35.3010597229, -2.19028258324, 11.5005941391], [-82.5010528564, 59.0310249329, -17.6687488556, 23.44688797, 14.357380867, 16.7944164276, 17.292093277, 17.7675037384, -7.04435634613, 35.3010597229, 59.2972831726, 14.6345663071, 5.87590742111], [-38.6982574463, 15.7555532455, -15.6823158264, 26.9365463257, 2.18298888206, 7.71402549744, 15.5783100128, 10.3037290573, 8.49185371399, -2.19028258324, 14.6345663071, 48.8933944702, 11.7567138672], [-46.1151733398, 41.225402832, -3.40123438835, 7.37070560455, 8.65338516235, 4.77695226669, 14.3377008438, 27.6424121857, -1.73449075222, 11.5005941391, 5.87590742111, 11.7567138672, 52.7343597412]],
