{
"lowlevel": {
    "average_loudness": 0.986401319504,
    "barkbands_crest": {
        "dmean": 3.13906621933,
        "dmean2": 5.52230548859,
        "dvar": 6.23662900925,
        "dvar2": 18.5859928131,
        "max": 21.4670906067,
        "mean": 9.01778697968,
        "median": 8.48510742188,
        "min": 3.56601691246,
        "var": 8.45215415955
    },
    "barkbands_flatness_db": {
        "dmean": 0.0209399610758,
        "dmean2": 0.0377974100411,
        "dvar": 0.000211684353417,
        "dvar2": 0.00062884046929,
        "max": 0.239568546414,
        "mean": 0.171252369881,
        "median": 0.171665236354,
        "min": 0.114746518433,
        "var": 0.000384090613807
    },
    "barkbands_kurtosis": {
        "dmean": 0.627768874168,
        "dmean2": 1.11908090115,
        "dvar": 0.4210036695,
        "dvar2": 1.1681958437,
        "max": 4.72057771683,
        "mean": -0.780777275562,
        "median": -0.928414821625,
        "min": -1.7560788393,
        "var": 0.488692730665
    },
    "barkbands_skewness": {
        "dmean": 0.497517675161,
        "dmean2": 0.873191177845,
        "dvar": 0.133756190538,
        "dvar2": 0.388753026724,
        "max": 2.49300575256,
        "mean": -0.217107787728,
        "median": -0.22018443048,
        "min": -2.21138477325,
        "var": 0.282558560371
    },
    "barkbands_spread": {
        "dmean": 7.10886240005,
        "dmean2": 12.9546747208,
        "dvar": 23.1780319214,
        "dvar2": 72.3828964233,
        "max": 46.1068725586,
        "mean": 24.3285503387,
        "median": 23.4565296173,
        "min": 11.789814949,
        "var": 35.079826355
    },
    "dissonance": {
        "dmean": 0.0169486477971,
        "dmean2": 0.02928481251,
        "dvar": 0.000208786630537,
        "dvar2": 0.000441845477326,
        "max": 0.499119579792,
        "mean": 0.473355144262,
        "median": 0.473494797945,
        "min": 0.274112254381,
        "var": 0.000286325463094
    },
    "dynamic_complexity": 0.633745074272,
    "erbbands_crest": {
        "dmean": 3.07096338272,
        "dmean2": 5.28106927872,
        "dvar": 6.68625402451,
        "dvar2": 18.7584819794,
        "max": 26.8706550598,
        "mean": 10.9504013062,
        "median": 10.2201967239,
        "min": 5.47035217285,
        "var": 12.7697057724
    },
    "erbbands_flatness_db": {
        "dmean": 0.0163686554879,
        "dmean2": 0.0280576497316,
        "dvar": 0.000149364641402,
        "dvar2": 0.000421573553467,
        "max": 0.339630424976,
        "mean": 0.266036957502,
        "median": 0.264449685812,
        "min": 0.199012890458,
        "var": 0.000346126937075
    },
    "erbbands_kurtosis": {
        "dmean": 2.45870494843,
        "dmean2": 4.53824329376,
        "dvar": 5.56319141388,
        "dvar2": 17.6003570557,
        "max": 16.0842590332,
        "mean": 0.6348528862,
        "median": -0.106734991074,
        "min": -1.57252514362,
        "var": 5.56785440445
    },
    "erbbands_skewness": {
        "dmean": 0.818909168243,
        "dmean2": 1.50768816471,
        "dvar": 0.273967772722,
        "dvar2": 0.834985017776,
        "max": 1.07620167732,
        "mean": -0.85798227787,
        "median": -0.848411381245,
        "min": -3.4096262455,
        "var": 0.481885373592
    },
    "erbbands_spread": {
        "dmean": 5.18577051163,
        "dmean2": 9.06778907776,
        "dvar": 13.2947158813,
        "dvar2": 42.8144569397,
        "max": 42.0928611755,
        "mean": 20.0713596344,
        "median": 20.3780250549,
        "min": 5.41819095612,
        "var": 26.4944267273
    },
    "hfc": {
        "dmean": 9.55789852142,
        "dmean2": 15.4199790955,
        "dvar": 62.8114280701,
        "dvar2": 148.82194519,
        "max": 83.251914978,
        "mean": 32.5597724915,
        "median": 31.7316150665,
        "min": 1.15627968311,
        "var": 128.130844116
    },
    "melbands_crest": {
        "dmean": 3.56343078613,
        "dmean2": 6.11321687698,
        "dvar": 6.73078727722,
        "dvar2": 21.0378875732,
        "max": 26.6056213379,
        "mean": 10.6419010162,
        "median": 10.1873044968,
        "min": 4.40252065659,
        "var": 11.694773674
    },
    "melbands_flatness_db": {
        "dmean": 0.0229177158326,
        "dmean2": 0.0408201366663,
        "dvar": 0.000260586501099,
        "dvar2": 0.000751615094487,
        "max": 0.325544655323,
        "mean": 0.195507273078,
        "median": 0.193343892694,
        "min": 0.1453859061,
        "var": 0.000569588388316
    },
    "melbands_kurtosis": {
        "dmean": 1.10427880287,
        "dmean2": 1.96204173565,
        "dvar": 3.1041893959,
        "dvar2": 8.16456031799,
        "max": 25.0934848785,
        "mean": -0.306990027428,
        "median": -0.712416172028,
        "min": -1.82198548317,
        "var": 3.12256860733
    },
    "melbands_skewness": {
        "dmean": 0.40705704689,
        "dmean2": 0.674382925034,
        "dvar": 0.133726015687,
        "dvar2": 0.383454859257,
        "max": 4.92234563828,
        "mean": 0.605359137058,
        "median": 0.583235085011,
        "min": -1.02718734741,
        "var": 0.288325101137
    },
    "melbands_spread": {
        "dmean": 16.9446868896,
        "dmean2": 30.5256023407,
        "dvar": 105.973587036,
        "dvar2": 360.590362549,
        "max": 82.0750656128,
        "mean": 47.9072113037,
        "median": 48.3650512695,
        "min": 11.3406295776,
        "var": 179.312774658
    },
    "pitch_salience": {
        "dmean": 0.0569110959768,
        "dmean2": 0.0986048877239,
        "dvar": 0.00195877742954,
        "dvar2": 0.00502924295142,
        "max": 0.79803186655,
        "mean": 0.551927447319,
        "median": 0.559517979622,
        "min": 0.282302975655,
        "var": 0.00377124454826
    },
    "silence_rate_20dB": {
        "dmean": 0,
        "dmean2": 0,
        "dvar": 0,
        "dvar2": 0,
        "max": 1,
        "mean": 1,
        "median": 1,
        "min": 1,
        "var": 0
    },
    "silence_rate_30dB": {
        "dmean": 0,
        "dmean2": 0,
        "dvar": 0,
        "dvar2": 0,
        "max": 1,
        "mean": 1,
        "median": 1,
        "min": 1,
        "var": 0
    },
    "silence_rate_60dB": {
        "dmean": 0,
        "dmean2": 0,
        "dvar": 0,
        "dvar2": 0,
        "max": 0,
        "mean": 0,
        "median": 0,
        "min": 0,
        "var": 0
    },
    "spectral_centroid": {
        "dmean": 318.959381104,
        "dmean2": 581.472839355,
        "dvar": 46689.828125,
        "dvar2": 138617.078125,
        "max": 2544.86376953,
        "mean": 1978.47619629,
        "median": 1999.77258301,
        "min": 1184.51916504,
        "var": 77895.1484375
    },
    "spectral_complexity": {
        "dmean": 3.25777769089,
        "dmean2": 5.39866352081,
        "dvar": 8.12910461426,
        "dvar2": 17.7185592651,
        "max": 37,
        "mean": 27.0199565887,
        "median": 27,
        "min": 2,
        "var": 14.8976163864
    },
    "spectral_decrease": {
        "dmean": 1.93523375103e-09,
        "dmean2": 3.44669626173e-09,
        "dvar": 1.76591025302e-18,
        "dvar2": 5.01720775716e-18,
        "max": -1.59633334329e-10,
        "mean": -5.60534596517e-09,
        "median": -5.54940848829e-09,
        "min": -9.83257031351e-09,
        "var": 2.73091880117e-18
    },
    "spectral_energy": {
        "dmean": 0.00797310844064,
        "dmean2": 0.0140966391191,
        "dvar": 3.11437834171e-05,
        "dvar2": 8.63661043695e-05,
        "max": 0.0406638793647,
        "mean": 0.0241090618074,
        "median": 0.0238906219602,
        "min": 0.000707371451426,
        "var": 4.86106073367e-05
    },
    "spectral_energyband_high": {
        "dmean": 5.97068028583e-05,
        "dmean2": 0.000100586621556,
        "dvar": 3.13043124756e-09,
        "dvar2": 8.27018098448e-09,
        "max": 0.000550707918592,
        "mean": 0.000147143466165,
        "median": 0.000130012238515,
        "min": 1.00511042547e-05,
        "var": 4.6634069939e-09
    },
    "spectral_energyband_low": {
        "dmean": 0.00105425145011,
        "dmean2": 0.00175067107193,
        "dvar": 2.8591125556e-06,
        "dvar2": 6.43240036879e-06,
        "max": 0.0266509409994,
        "mean": 0.00202121189795,
        "median": 0.00146932387725,
        "min": 1.73538064701e-05,
        "var": 8.03350121714e-06
    },
    "spectral_energyband_middle_high": {
        "dmean": 0.00391168147326,
        "dmean2": 0.00630529271439,
        "dvar": 1.17041981866e-05,
        "dvar2": 2.73200312222e-05,
        "max": 0.0343388058245,
        "mean": 0.0124069182202,
        "median": 0.0120630990714,
        "min": 0.000380044744816,
        "var": 2.38899974647e-05
    },
    "spectral_energyband_middle_low": {
        "dmean": 0.00632805889472,
        "dmean2": 0.011581171304,
        "dvar": 1.87843797903e-05,
        "dvar2": 6.14714954281e-05,
        "max": 0.0282899774611,
        "mean": 0.00964361988008,
        "median": 0.00871182512492,
        "min": 0.000306106609059,
        "var": 2.59269672824e-05
    },
    "spectral_entropy": {
        "dmean": 0.0971001163125,
        "dmean2": 0.166041448712,
        "dvar": 0.00579839758575,
        "dvar2": 0.0142772682011,
        "max": 8.29619979858,
        "mean": 7.32201480865,
        "median": 7.32352304459,
        "min": 6.98496627808,
        "var": 0.0119156893343
    },
    "spectral_flux": {
        "dmean": 0.0163953006268,
        "dmean2": 0.0261678211391,
        "dvar": 0.000130590196932,
        "dvar2": 0.000357088574674,
        "max": 0.168123871088,
        "mean": 0.0950525850058,
        "median": 0.0936181396246,
        "min": 0.0536491237581,
        "var": 0.000256498227827
    },
    "spectral_kurtosis": {
        "dmean": 4.87242126465,
        "dmean2": 8.75513362885,
        "dvar": 14.7522506714,
        "dvar2": 46.42578125,
        "max": 26.1644172668,
        "mean": 9.64249324799,
        "median": 8.97967147827,
        "min": 2.60267925262,
        "var": 20.6639614105
    },
    "spectral_rms": {
        "dmean": 0.000818516302388,
        "dmean2": 0.0014412489254,
        "dvar": 3.50291514906e-07,
        "dvar2": 9.36421258757e-07,
        "max": 0.00629857741296,
        "mean": 0.00479451287538,
        "median": 0.00482782814652,
        "min": 0.00083073368296,
        "var": 5.33675461156e-07
    },
    "spectral_rolloff": {
        "dmean": 250.646255493,
        "dmean2": 443.564666748,
        "dvar": 73351.6640625,
        "dvar2": 189744.890625,
        "max": 3143.84765625,
        "mean": 2428.19091797,
        "median": 2519.38476562,
        "min": 150.732421875,
        "var": 88081.46875
    },
    "spectral_skewness": {
        "dmean": 0.432448744774,
        "dmean2": 0.784279406071,
        "dvar": 0.128706559539,
        "dvar2": 0.391192138195,
        "max": 4.2413687706,
        "mean": 1.32825744152,
        "median": 1.25153517723,
        "min": 0.644472539425,
        "var": 0.16425986588
    },
    "spectral_spread": {
        "dmean": 211834.15625,
        "dmean2": 323975.625,
        "dvar": 523227594752,
        "dvar2": 347701182464,
        "max": 20269430,
        "mean": 1904862.625,
        "median": 1843766.875,
        "min": 1399081.25,
        "var": 811702747136
    },
    "spectral_strongpeak": {
        "dmean": 1.42644536495,
        "dmean2": 2.48769760132,
        "dvar": 2.08232712746,
        "dvar2": 5.07637500763,
        "max": 14.1497354507,
        "mean": 2.24988436699,
        "median": 1.84227764606,
        "min": 0.0608061403036,
        "var": 4.08905887604
    },
    "zerocrossingrate": {
        "dmean": 0.00626302091405,
        "dmean2": 0.00925450678915,
        "dvar": 2.53340567724e-05,
        "dvar2": 4.40453259216e-05,
        "max": 0.10498046875,
        "mean": 0.0706535354257,
        "median": 0.07080078125,
        "min": 0.01953125,
        "var": 0.00014414274483
    },
    "barkbands": {
        "dmean": [1.70034018083e-05, 0.000971392903011, 0.000133167166496, 0.000151771790115, 0.00181816495024, 1.6322313968e-05, 6.7789296736e-05, 8.91380041139e-05, 0.0060336207971, 0.000472022860777, 7.81919588917e-05, 0.000913809868507, 5.84314402658e-05, 0.000435573398136, 0.000712664972525, 0.00176421750803, 0.00177951424848, 0.00056817184668, 0.000349494453985, 8.83077736944e-05, 2.78504485323e-05, 3.39754433298e-06, 8.22202935069e-07, 7.73932356424e-07, 2.47912197437e-07, 6.41096136178e-08, 1.64031455085e-08],
        "dmean2": [2.77078215731e-05, 0.00162140186876, 0.000208854471566, 0.000256049650488, 0.00318843824789, 2.85832993541e-05, 0.000119014635857, 0.000165009580087, 0.0112030673772, 0.000805385177955, 0.000141985699884, 0.00162621890195, 9.98145042104e-05, 0.000726588303223, 0.00122168508824, 0.00298312772065, 0.0028573628515, 0.00092483824119, 0.000600042170845, 0.000156471855007, 4.61467061541e-05, 5.52961591893e-06, 1.49442053043e-06, 1.29196826038e-06, 4.02346188366e-07, 1.06183868809e-07, 2.70918363299e-08],
        "dvar": [3.12721681883e-10, 2.56150110545e-06, 1.88546138702e-08, 2.30127099599e-08, 3.38962513524e-06, 4.29498520083e-10, 5.18530463012e-09, 7.74962671812e-09, 1.42546159623e-05, 1.62000873161e-07, 5.51119327952e-09, 7.63469188314e-07, 6.98085189654e-09, 5.8292431504e-07, 7.40894336104e-07, 2.42569467446e-06, 3.35042113875e-06, 2.64346510903e-07, 1.2316004927e-07, 8.64439453352e-09, 8.77603822946e-10, 7.39465173122e-12, 6.01625303395e-13, 4.83970882034e-13, 4.51344080925e-14, 3.71639559608e-15, 7.86403652379e-16],
        "dvar2": [7.62049645608e-10, 5.61404294785e-06, 5.20315914798e-08, 6.11755979207e-08, 1.0244504665e-05, 9.18582987453e-10, 1.41674805221e-08, 2.15204352116e-08, 4.54910186818e-05, 4.34796618265e-07, 1.44664085155e-08, 2.11327210309e-06, 1.91102458302e-08, 1.49134871208e-06, 2.00363592739e-06, 6.57399641568e-06, 8.00647740107e-06, 6.62717638988e-07, 3.37424040708e-07, 2.40783801786e-08, 2.21445795034e-09, 2.09369761112e-11, 1.64023048616e-12, 1.28936228014e-12, 1.20581916305e-13, 9.62636173302e-15, 1.77200774873e-15],
        "max": [0.000141683543916, 0.0247791744769, 0.00152520043775, 0.00123567460105, 0.0168914087117, 0.00025076061138, 0.000693447131198, 0.000708177394699, 0.0209429189563, 0.00260368501768, 0.000672063964885, 0.00835719425231, 0.00101531087421, 0.010201876983, 0.00694969529286, 0.0128319999203, 0.0226726997644, 0.00356726069003, 0.00297784991562, 0.000849261996336, 0.000485746044433, 2.45756218646e-05, 5.68802715861e-06, 7.13658255336e-06, 2.26198403652e-06, 7.80438938364e-07, 6.27857673408e-07],
        "mean": [2.34986273426e-05, 0.00156805443112, 0.000353856245056, 0.000200870301342, 0.00276209763251, 2.21448335651e-05, 9.04533226276e-05, 8.47089249874e-05, 0.00640731304884, 0.000686919898726, 9.51401452767e-05, 0.00107731937896, 9.55575087573e-05, 0.000692767207511, 0.00129303417634, 0.0032916192431, 0.00339768710546, 0.00110781076364, 0.000606715562753, 0.000162407188327, 7.41641561035e-05, 9.56060648605e-06, 1.72244176611e-06, 2.54346605288e-06, 8.71057807217e-07, 1.82380432534e-07, 8.50546300057e-08],
        "median": [1.75720961124e-05, 0.00102405680809, 0.000329609814798, 0.000137275535963, 0.00224405876361, 1.64055545611e-05, 6.48896530038e-05, 5.40606270079e-05, 0.00566146662459, 0.000607378839049, 6.57174387015e-05, 0.000751672661863, 6.00063685852e-05, 0.000400490214815, 0.000997293856926, 0.00280425790697, 0.00242880918086, 0.000934598268941, 0.000498591631185, 0.000139651936479, 6.4839492552e-05, 9.17632587516e-06, 1.51303049734e-06, 2.3954360131e-06, 8.27662859137e-07, 1.68433260228e-07, 7.91778731468e-08],
        "min": [6.05310049195e-07, 4.74771695735e-06, 7.71650957176e-06, 7.90087415226e-06, 6.25349275651e-06, 5.04716240357e-07, 4.98534927829e-06, 3.47731656802e-06, 0.000223826078582, 1.98670186364e-05, 7.65574441175e-06, 9.93391131487e-06, 4.9618729463e-06, 6.22655261395e-06, 1.55634234034e-06, 5.32560170541e-06, 0.000265627750196, 3.1879877497e-05, 1.23953759612e-05, 2.91611172543e-06, 4.79104073747e-06, 5.57089549602e-07, 5.53963673156e-07, 5.30007184807e-07, 2.46184413299e-07, 2.85753589679e-08, 3.7137489528e-08],
        "var": [4.47384351787e-10, 7.52124606151e-06, 4.27363993083e-08, 3.89842824688e-08, 5.35143817615e-06, 4.80606443531e-10, 7.10184133723e-09, 7.78661490841e-09, 1.92216175492e-05, 2.04833327189e-07, 7.76987008066e-09, 1.22449421269e-06, 1.22800525304e-08, 9.60107286119e-07, 1.24261850942e-06, 3.70932957594e-06, 8.76257672644e-06, 3.95740471504e-07, 1.36940343509e-07, 8.42884961827e-09, 1.61337843085e-09, 1.48064494693e-11, 6.90449216897e-13, 8.33836309461e-13, 1.09869707462e-13, 7.09512913103e-15, 1.73338251694e-15]
    },
    "erbbands": {
        "dmean": [0.0306220762432, 0.216891363263, 0.232028514147, 0.294627577066, 4.05699014664, 7.33892393112, 0.726561903954, 0.140773192048, 0.699313461781, 1.02598392963, 30.5349025726, 161.889160156, 15.0070400238, 14.0308961868, 17.9965229034, 25.792640686, 3.8012573719, 15.6610994339, 35.1999015808, 64.8717727661, 83.8802566528, 106.657463074, 37.5813026428, 26.2720222473, 8.52911758423, 4.52255964279, 1.40306568146, 0.927378296852, 0.158229261637, 0.0388676375151, 0.0225401092321, 0.0192490722984, 0.00998910982162, 0.00470825796947, 0.000599534250796, 0.000357671175152, 0.000102147947473, 6.34122170595e-06, 4.77842968394e-06, 9.53286053118e-06],
        "dmean2": [0.0538524314761, 0.35068821907, 0.351901561022, 0.518752157688, 7.22407054901, 12.8787441254, 1.28213202953, 0.242892622948, 1.21652150154, 1.79517662525, 56.6021842957, 301.846069336, 27.2090911865, 24.4011611938, 33.1141777039, 45.0607376099, 6.37443161011, 26.0658340454, 58.7618484497, 110.940170288, 143.649780273, 173.475402832, 60.474697113, 44.1545982361, 14.6682062149, 8.15113830566, 2.36079096794, 1.51035273075, 0.254935532808, 0.0674757137895, 0.0401559472084, 0.0322846099734, 0.0160577967763, 0.00764273572713, 0.000956260133535, 0.000587779679336, 0.000168030222994, 1.02051617432e-05, 7.86881992099e-06, 1.64965549629e-05],
        "dvar": [0.00191155693028, 0.136758163571, 0.0700607001781, 0.0796531066298, 16.0518016815, 59.1147994995, 0.683592736721, 0.027319105342, 0.600554823875, 1.04583311081, 378.197296143, 10608.2431641, 95.7872619629, 154.010620117, 251.587753296, 805.217407227, 34.326084137, 1299.52087402, 2124.82714844, 3745.79003906, 5622.68994141, 15322.3320312, 1179.38525391, 781.98046875, 76.5116043091, 22.5410194397, 1.59228694439, 1.45284831524, 0.0145851718262, 0.00142274552491, 0.000425646547228, 0.000345210370142, 7.9378252849e-05, 1.61315620062e-05, 3.26695584363e-07, 1.06719767246e-07, 1.20176508744e-08, 3.55173196409e-10, 2.58893080585e-11, 4.7483926513e-11],
        "dvar2": [0.00464080739766, 0.286336064339, 0.174833312631, 0.221420928836, 46.9230918884, 180.04826355, 1.92525732517, 0.0576864555478, 1.68891251087, 2.71420645714, 1217.0267334, 32758.4882812, 278.996795654, 408.867828369, 732.46887207, 2076.08935547, 93.3123092651, 3464.2421875, 5193.55712891, 9710.54882812, 14726.6123047, 35934.6054688, 2992.98193359, 2128.43334961, 214.610122681, 61.6037597656, 4.15938901901, 3.71770215034, 0.0414093509316, 0.00392024824396, 0.00115336850286, 0.000967750500422, 0.000216035055928, 4.2668889364e-05, 8.01129544925e-07, 2.79379776202e-07, 3.14500034904e-08, 7.57238549642e-10, 6.43945383128e-11, 1.29029870122e-10],
        "max": [0.661606907845, 6.02481079102, 3.59823536873, 2.97878289223, 28.6867294312, 73.4713363647, 6.56478786469, 2.01645588875, 8.65055561066, 9.20715618134, 121.197753906, 563.213867188, 51.2069969177, 90.0314712524, 143.238983154, 277.008483887, 69.2215576172, 584.48059082, 424.409393311, 356.548736572, 662.7734375, 1563.81176758, 326.933624268, 211.005813599, 80.3617858887, 37.0260391235, 9.72078037262, 21.7857627869, 1.11510670185, 0.349371492863, 0.173463866115, 0.18131005764, 0.0902554094791, 0.0428274050355, 0.0075677880086, 0.00435354234651, 0.00128764577676, 0.000358483928721, 0.000106497769593, 5.58560604986e-05],
        "mean": [0.0405423641205, 0.368115216494, 0.540096640587, 0.571019947529, 6.39641904831, 9.84817314148, 1.12658822536, 0.234329432249, 0.921263098717, 1.86569869518, 34.2723579407, 169.453536987, 19.1898784637, 21.3926887512, 21.0681362152, 32.2787055969, 7.10723781586, 24.446395874, 69.0447235107, 111.755897522, 168.009094238, 204.695724487, 79.1163101196, 48.7452316284, 17.5853404999, 8.11010932922, 3.28299355507, 2.36962747574, 0.475571453571, 0.0998522117734, 0.0539309456944, 0.0592101663351, 0.0345802344382, 0.0167538244277, 0.00235945149325, 0.00126861094031, 0.000214667728869, 2.67942450591e-05, 2.46199761023e-05, 3.23495951307e-05],
        "median": [0.0240123867989, 0.241416707635, 0.467656940222, 0.464159429073, 4.68193912506, 7.39822006226, 0.805189728737, 0.191630959511, 0.631738126278, 1.54828619957, 31.2816410065, 149.652770996, 16.4229888916, 18.6614055634, 16.3046646118, 20.6045665741, 4.69925546646, 14.9758367538, 49.0723953247, 89.6349029541, 149.361801147, 139.878890991, 69.0362091064, 40.5697517395, 15.4585561752, 6.79816293716, 3.01052308083, 1.95352303982, 0.455023497343, 0.093721523881, 0.0475916713476, 0.0554640926421, 0.0324130393565, 0.0159336589277, 0.00220602494664, 0.00121579470579, 0.000187121127965, 2.37933909375e-05, 2.42853802774e-05, 3.18209786201e-05],
        "min": [0.000111104011012, 0.0012393144425, 0.00726883718744, 0.0202279444784, 0.0269798915833, 0.0169704072177, 0.0166072435677, 0.0283559840173, 0.0595342852175, 0.183076173067, 1.58441340923, 5.34484148026, 1.37329232693, 0.826376438141, 0.90598064661, 0.325643181801, 0.299078881741, 0.50398349762, 0.0585215575993, 0.257380515337, 1.39201235771, 16.4684467316, 3.04598855972, 1.69938886166, 0.324057519436, 0.138437598944, 0.170628458261, 0.16849590838, 0.0252264048904, 0.0202130302787, 0.0177789777517, 0.0120449084789, 0.00885489862412, 0.00508624501526, 0.000606861081906, 0.000224798161071, 3.62034297723e-05, 1.12670459202e-05, 1.09838647404e-05, 8.78255377756e-06],
        "var": [0.00546207930893, 0.403132557869, 0.132848232985, 0.155832633376, 30.3148784637, 84.8393249512, 1.02253735065, 0.0348955094814, 0.785781502724, 1.5809854269, 512.847045898, 13930.5146484, 124.159759521, 191.915679932, 286.129882812, 1486.82543945, 73.6153945923, 1245.65551758, 4142.88134766, 4721.59912109, 9357.84375, 38064.6445312, 2014.73083496, 905.237731934, 88.0672836304, 21.5287513733, 2.26554346085, 2.89944982529, 0.0333465747535, 0.00175104546361, 0.000572891556658, 0.000514866493177, 0.000145596713992, 4.00630342483e-05, 7.78246885602e-07, 2.23748088501e-07, 1.89474995693e-08, 6.11137584983e-10, 4.85856355148e-11, 7.74765945843e-11]
    },
    "gfcc": {
        "mean": [-25.3146915436, 127.982048035, -189.280441284, 38.6811256409, -19.4154777527, -2.20623660088, -18.8654785156, 22.3800201416, -11.3612985611, -24.2291870117, -28.7202186584, -22.2371253967, 4.44618463516],
        "cov": [[216.713912964, 30.7439403534, -42.1312065125, -15.949546814, -3.59596180916, 3.39997291565, -1.18214869499, -10.223780632, -10.1486568451, -7.61118650436, 0.342306554317, -9.20052719116, 0.686298310757], [30.7439403534, 89.178024292, 23.1422138214, -18.0360126495, -6.08002376556, -1.64015734196, 7.05119943619, -2.6932682991, 6.77855157852, -10.9718904495, 1.45251989365, -9.24113845825, 13.8767986298], [-42.1312065125, 23.1422138214, 96.4206771851, 40.4406394958, -10.6550216675, -8.35351371765, -4.42930173874, 12.2472019196, 3.57630777359, 2.74470019341, -4.85980701447, 6.91266870499, 0.458734810352], [-15.949546814, -18.0360126495, 40.4406394958, 99.8593826294, 36.3009490967, -1.07300794125, -15.5131702423, -6.12053203583, 0.98756313324, 7.82703399658, 2.8572883606, 1.2358956337, 7.47087335587], [-3.59596180916, -6.08002376556, -10.6550216675, 36.3009490967, 65.3211212158, 29.6740989685, 2.18004226685, -3.98363995552, 7.54120016098, 7.31537389755, 8.70752811432, 2.0919277668, 4.05984687805], [3.39997291565, -1.64015734196, -8.35351371765, -1.07300794125, 29.6740989685, 60.4327163696, 31.3317432404, 6.61548709869, 8.75020313263, 20.6358375549, 18.6320896149, -0.317707926035, -6.94612693787], [-1.18214869499, 7.05119943619, -4.42930173874, -15.5131702423, 2.18004226685, 31.3317432404, 55.6638832092, 41.3467636108, 22.7790241241, 9.72760677338, 9.46402168274, 5.40079212189, -2.21446537971], [-10.223780632, -2.6932682991, 12.2472019196, -6.12053203583, -3.98363995552, 6.61548709869, 41.3467636108, 65.744720459, 40.3171539307, 9.66288280487, 4.69728517532, 10.4618368149, 0.748127937317], [-10.1486568451, 6.77855157852, 3.57630777359, 0.98756313324, 7.54120016098, 8.75020313263, 22.7790241241, 40.3171539307, 53.5229454041, 22.3555107117, 5.03239583969, -1.05020105839, 3.7394900322], [-7.61118650436, -10.9718904495, 2.74470019341, 7.82703399658, 7.31537389755, 20.6358375549, 9.72760677338, 9.66288280487, 22.3555107117, 48.9360580444, 24.8309307098, -0.119624346495, -8.08249568939], [0.342306554317, 1.45251989365, -4.85980701447, 2.8572883606, 8.70752811432, 18.6320896149, 9.46402168274, 4.69728517532, 5.03239583969, 24.8309307098, 37.257232666, 10.7975387573, -4.12030696869], [-9.20052719116, -9.24113845825, 6.91266870499, 1.2358956337, 2.0919277668, -0.317707926035, 5.40079212189, 10.4618368149, -1.05020105839, -0.119624346495, 10.7975387573, 35.4096412659, 9.24038982391], [0.686298310757, 13.8767986298, 0.458734810352, 7.47087335587, 4.05984687805, -6.94612693787, -2.21446537971, 0.748127937317, 3.7394900322, -8.08249568939, -4.12030696869, 9.24038982391, 27.604801178]],
        "icov": [[0.00706403516233, -0.00885456521064, 0.00956828054041, -0.00585259404033, 0.00501235807315, -0.00574232731014, 0.00726921157911, -0.00801460444927, 0.00560996867716, -0.00363225373439, 0.00627420516685, -0.0042536710389, 0.00485559785739], [-0.00885456521064, 0.0424563884735, -0.0332381613553, 0.0244817435741, -0.0162950120866, 0.0201424323022, -0.0295777190477, 0.0333155691624, -0.0223674587905, 0.02189694345, -0.0331609360874, 0.026931874454, -0.0275299865752], [0.00956828054041, -0.0332381613553, 0.0443188175559, -0.0298559237272, 0.0238448102027, -0.0232911389321, 0.0301616154611, -0.0333927050233, 0.0184893608093, -0.0169950611889, 0.0305575691164, -0.0250402726233, 0.0232336875051], [-0.00585259404033, 0.0244817435741, -0.0298559237272, 0.0354139730334, -0.0264798123389, 0.0203242320567, -0.0169384367764, 0.018578434363, -0.00821156520396, 0.00664945971221, -0.0209170188755, 0.0198938455433, -0.0208253283054], [0.00501235807315, -0.0162950120866, 0.0238448102027, -0.0264798123389, 0.0448682419956, -0.0344725959003, 0.0248610582203, -0.0139314904809, -0.00169991399162, 0.001519271289, 0.0128172421828, -0.0158342886716, 0.00982441660017], [-0.00574232731014, 0.0201424323022, -0.0232911389321, 0.0203242320567, -0.0344725959003, 0.0645813271403, -0.0556086972356, 0.0372366160154, -0.00853348523378, -0.00233713234775, -0.0230620205402, 0.0164883006364, -0.00773577392101], [0.00726921157911, -0.0295777190477, 0.0301616154611, -0.0169384367764, 0.0248610582203, -0.0556086972356, 0.0925177261233, -0.0703448802233, 0.0230622179806, -0.0092375446111, 0.0229409597814, -0.0162874888629, 0.0134974420071], [-0.00801460444927, 0.0333155691624, -0.0333927050233, 0.018578434363, -0.0139314904809, 0.0372366160154, -0.0703448802233, 0.0957228988409, -0.0576392710209, 0.0260817315429, -0.0286809038371, 0.00542829651386, -0.0084933694452], [0.00560996867716, -0.0223674587905, 0.0184893608093, -0.00821156520396, -0.00169991399162, -0.00853348523378, 0.0230622179806, -0.0576392710209, 0.0709190964699, -0.0393153429031, 0.0260604787618, 0.000613795826212, -0.002899447456], [-0.00363225373439, 0.02189694345, -0.0169950611889, 0.00664945971221, 0.001519271289, -0.00233713234775, -0.0092375446111, 0.0260817315429, -0.0393153429031, 0.0621779039502, -0.0443752072752, 0.014733591117, -0.00271800812334], [0.00627420516685, -0.0331609360874, 0.0305575691164, -0.0209170188755, 0.0128172421828, -0.0230620205402, 0.0229409597814, -0.0286809038371, 0.0260604787618, -0.0443752072752, 0.0799592509866, -0.0385050475597, 0.0248973499984], [-0.0042536710389, 0.026931874454, -0.0250402726233, 0.0198938455433, -0.0158342886716, 0.0164883006364, -0.0162874888629, 0.00542829651386, 0.000613795826212, 0.014733591117, -0.0385050475597, 0.0613796673715, -0.0354393720627], [0.00485559785739, -0.0275299865752, 0.0232336875051, -0.0208253283054, 0.00982441660017, -0.00773577392101, 0.0134974420071, -0.0084933694452, -0.002899447456, -0.00271800812334, 0.0248973499984, -0.0354393720627, 0.0682916641235]]
    },
    "melbands": {
        "dmean": [0.000273794168606, 0.000181707786396, 0.000102306490589, 0.000503134040628, 6.51973241474e-05, 2.91081369141e-06, 1.2067795069e-05, 9.10070411919e-06, 0.000500558700878, 0.000888135982677, 4.78438632854e-05, 6.23900559731e-05, 3.16486875818e-05, 0.000123771998915, 1.75677141669e-05, 9.36552078201e-06, 3.25358814734e-05, 5.89437404415e-05, 5.66206654184e-05, 0.000111322500743, 0.0001067280391, 0.000110226850666, 8.421203529e-05, 1.99002788577e-05, 2.45353785431e-05, 6.44164265395e-06, 5.3137937357e-06, 2.81901952803e-06, 7.90335207057e-07, 9.40587085552e-07, 3.96932790636e-07, 1.0258593619e-07, 4.19382502059e-08, 1.96083522752e-08, 1.59780135789e-08, 1.05023048036e-08, 1.45861616119e-08, 9.20491771694e-09, 5.6863123099e-09, 3.83597820175e-09],
        "dmean2": [0.000472019455628, 0.000279449246591, 0.000174766333657, 0.00088342645904, 0.000115917537187, 5.07755885337e-06, 2.1120205929e-05, 1.60714171216e-05, 0.000928830471821, 0.00165521085728, 8.50893629831e-05, 0.0001080607326, 5.8358455135e-05, 0.00022182163957, 2.86343129119e-05, 1.57063041115e-05, 5.41808476555e-05, 9.49891764321e-05, 9.61046898738e-05, 0.000187945639482, 0.000181017108844, 0.000182434989256, 0.000138156465255, 3.24828542944e-05, 4.21173172072e-05, 1.09173179226e-05, 9.60175748332e-06, 5.17163562108e-06, 1.328554049e-06, 1.58231625846e-06, 6.47424485578e-07, 1.67243456417e-07, 6.9157813698e-08, 3.59636125324e-08, 2.8806434571e-08, 1.7358257054e-08, 2.46870186515e-08, 1.53915085122e-08, 9.48432798964e-09, 6.32408569956e-09],
        "dvar": [1.87186202538e-07, 7.02676743458e-08, 9.78712844102e-09, 2.62303274212e-07, 4.73956696112e-09, 1.36262346892e-11, 1.79128836764e-10, 1.00537224379e-10, 9.84283801131e-08, 3.20454574876e-07, 1.69881841927e-09, 3.14515657962e-09, 7.32997107455e-10, 1.4905527479e-08, 1.94370342044e-09, 2.19471732454e-10, 5.82558179474e-09, 6.13231199154e-09, 4.13551992651e-09, 1.10942286469e-08, 9.5335082051e-09, 1.86532140845e-08, 6.59831700389e-09, 3.59844709585e-10, 7.12163550354e-10, 4.43294637109e-11, 3.75990211188e-11, 9.72248757197e-12, 5.2706298527e-13, 1.09005328635e-12, 2.61354468883e-13, 6.52555368411e-15, 1.17586617221e-15, 4.46519294436e-16, 2.38370926755e-16, 9.05779843753e-17, 2.0269956355e-16, 6.48144317283e-17, 2.68725206071e-17, 1.03314229851e-17],
        "dvar2": [4.17916027118e-07, 1.55606201702e-07, 2.74744813566e-08, 7.88093416304e-07, 1.38542564088e-08, 2.8243681699e-11, 4.9892040499e-10, 2.61865945594e-10, 3.15113197757e-07, 9.9308897461e-07, 4.2406145262e-09, 8.3287261532e-09, 2.14380246888e-09, 4.11125604671e-08, 4.80377781997e-09, 6.04574335039e-10, 1.54723753809e-08, 1.43188545465e-08, 1.10770805861e-08, 2.95260793592e-08, 2.59492232146e-08, 4.40215579545e-08, 1.68238365461e-08, 8.88638773677e-10, 1.94425853195e-09, 1.12884791792e-10, 1.08149780798e-10, 2.63581795279e-11, 1.46261930518e-12, 2.64727931416e-12, 6.97556270558e-13, 1.86558142659e-14, 3.48473737896e-15, 1.24407392381e-15, 6.73560282019e-16, 2.49787898563e-16, 5.65679730637e-16, 1.77652044911e-16, 7.33053546894e-17, 2.60803859827e-17],
        "max": [0.00643936917186, 0.00423498172313, 0.000976160285063, 0.00471542170271, 0.000582126318477, 4.48909886472e-05, 0.000145518148202, 8.34905076772e-05, 0.00175027700607, 0.00306312926114, 0.000214269268326, 0.000401128199883, 0.000233693121118, 0.0012412823271, 0.000659306999296, 0.000163939170307, 0.00122534460388, 0.00070780859096, 0.000731191597879, 0.000747038051486, 0.000829655793495, 0.00169487239327, 0.000695261405781, 0.00018222622748, 0.000202592476853, 7.49877144699e-05, 5.27420343133e-05, 2.13033472392e-05, 5.65058689972e-06, 1.68504502653e-05, 8.55548387335e-06, 7.30125407244e-07, 2.75202722833e-07, 1.69032645658e-07, 1.15965207215e-07, 8.15914091845e-08, 1.28469054061e-07, 6.9685953008e-08, 6.19261655288e-08, 3.4370412294e-08],
        "mean": [0.000417861563619, 0.000356738630217, 0.000194949432625, 0.000741440278944, 8.31366050988e-05, 4.01241322834e-06, 1.56384339789e-05, 1.27341281768e-05, 0.000548175652511, 0.000929843285121, 5.95888086536e-05, 9.27276050788e-05, 3.79729171982e-05, 0.000140255317092, 2.75198381132e-05, 1.39029098136e-05, 4.69615042675e-05, 0.00010952327284, 0.000104138314782, 0.000183751122677, 0.000195871747565, 0.000204958865652, 0.000143460652907, 4.12230037909e-05, 4.06433755415e-05, 1.43539455166e-05, 8.88682552613e-06, 4.46922649644e-06, 1.61666469012e-06, 2.34859589909e-06, 9.32874968385e-07, 2.68726978447e-07, 1.04436772119e-07, 3.32507923417e-08, 3.01037772488e-08, 3.07657792575e-08, 3.88346421687e-08, 2.65522182019e-08, 1.84436643735e-08, 1.21734275993e-08],
        "median": [0.000260572880507, 0.000268398172921, 0.000148278908455, 0.000591969641391, 5.6869997934e-05, 2.97361862067e-06, 1.09314541987e-05, 8.92222124094e-06, 0.00048256572336, 0.000818567350507, 4.81967144879e-05, 8.16371029941e-05, 2.88124065264e-05, 9.8949574749e-05, 1.12092520794e-05, 8.9236527856e-06, 2.60500764853e-05, 6.93682814017e-05, 8.38401247165e-05, 0.000144361445564, 0.000171136241988, 0.000131851935294, 0.000110636210593, 3.51310045517e-05, 3.19340942951e-05, 1.2578658243e-05, 7.2453399298e-06, 3.58493457497e-06, 1.41296425227e-06, 2.05319588531e-06, 7.6747625144e-07, 2.51742051205e-07, 9.64948725368e-08, 2.88091097644e-08, 2.61062886864e-08, 2.84538348438e-08, 3.55121692053e-08, 2.44521149995e-08, 1.72769070161e-08, 1.15619291918e-08],
        "min": [1.20762445022e-06, 3.11598341796e-06, 3.78301979254e-06, 1.6201984181e-06, 5.7564460576e-07, 1.44269748148e-07, 7.15149951702e-07, 1.15601073958e-06, 2.13945568248e-05, 3.25219298247e-05, 3.85547991755e-06, 3.0373937534e-06, 3.06890115098e-06, 1.3234321159e-06, 5.38145229712e-07, 1.0320045476e-06, 8.69304358275e-07, 5.56693287024e-08, 1.5808167575e-07, 3.94346869825e-07, 1.02835645066e-06, 1.79349790415e-05, 7.53651465857e-06, 1.46597949424e-06, 1.38243433412e-06, 3.80244642884e-07, 5.87153223819e-08, 9.69935811668e-08, 9.3005738222e-08, 1.61370209639e-07, 6.6794534348e-08, 1.25989885191e-08, 8.29905744126e-09, 8.21132317697e-09, 8.53323012251e-09, 8.31413338176e-09, 6.97356705714e-09, 6.25947338406e-09, 5.39366773467e-09, 2.55928434001e-09],
        "var": [5.79899449349e-07, 1.64702498751e-07, 2.48774494338e-08, 4.09733303286e-07, 6.67969057844e-09, 1.60904085195e-11, 2.33250169179e-10, 1.30276053834e-10, 1.38312245213e-07, 4.16246706436e-07, 1.82380166525e-09, 3.89673493473e-09, 8.437798793e-10, 2.01126528765e-08, 4.91573626249e-09, 2.90360513411e-10, 5.85094950267e-09, 1.3556153533e-08, 6.89899959383e-09, 1.6127902569e-08, 1.54235735295e-08, 4.65092035995e-08, 1.07018385265e-08, 6.24615859035e-10, 7.66449903544e-10, 6.12880302064e-11, 3.38563656277e-11, 8.64749851587e-12, 6.70948160312e-13, 1.8237486174e-12, 5.44399865899e-13, 1.32665629038e-14, 1.92909720858e-15, 4.02089266449e-16, 2.63547948791e-16, 1.58414616425e-16, 2.78910982402e-16, 1.04649339064e-16, 4.92878909799e-17, 2.47726134343e-17]
    },
    "mfcc": {
        "mean": [-648.030212402, 144.819946289, -81.5942993164, 40.7107009888, 16.2637386322, -9.27117347717, 7.10301208496, 20.1437950134, 30.2206325531, 7.98737621307, -7.20061445236, -5.19523334503, -18.5383148193],
        "cov": [[259.400512695, 15.3712654114, -52.5698318481, -22.5634555817, -7.93737411499, 5.1429438591, 7.53123188019, -10.6887073517, -9.70167922974, -6.39667510986, -2.73470520973, -8.22992038727, -6.69787216187], [15.3712654114, 85.5567169189, 9.83598804474, -26.0643768311, -11.4084596634, -9.15654754639, -1.25788474083, 7.72034072876, 5.62282705307, 1.55057549477, -5.46417951584, -6.12653875351, -1.51187050343], [-52.5698318481, 9.83598804474, 97.9354400635, 37.6089363098, -5.9407749176, -10.7920064926, -10.1595830917, 1.6823605299, -2.44172501564, 8.4805727005, -1.41797745228, -2.37932944298, 10.893746376], [-22.5634555817, -26.0643768311, 37.6089363098, 81.41746521, 31.6044559479, -2.80453109741, -14.3515329361, -4.39847612381, 1.55861413479, 5.80383634567, -8.15684604645, -10.6434116364, -0.121788531542], [-7.93737411499, -11.4084596634, -5.9407749176, 31.6044559479, 58.1581459045, 28.0287723541, 1.24834656715, -7.85484409332, -0.493559092283, 2.86637806892, 3.68530750275, -4.04742336273, -8.39796257019], [5.1429438591, -9.15654754639, -10.7920064926, -2.80453109741, 28.0287723541, 56.8979377747, 23.9218482971, -10.3283634186, -6.64459133148, 3.05836486816, 12.4666652679, 0.008889160119, -3.91079139709], [7.53123188019, -1.25788474083, -10.1595830917, -14.3515329361, 1.24834656715, 23.9218482971, 46.1315116882, 15.3608169556, -0.338209301233, -0.618022799492, 10.3117656708, 8.52099323273, 1.17292773724], [-10.6887073517, 7.72034072876, 1.6823605299, -4.39847612381, -7.85484409332, -10.3283634186, 15.3608169556, 55.9530563354, 28.7235584259, 0.342949956656, 0.270801067352, 9.19338035583, 5.20528173447], [-9.70167922974, 5.62282705307, -2.44172501564, 1.55861413479, -0.493559092283, -6.64459133148, -0.338209301233, 28.7235584259, 50.4701156616, 14.2339706421, 0.115039534867, 7.98962116241, -0.512478291988], [-6.39667510986, 1.55057549477, 8.4805727005, 5.80383634567, 2.86637806892, 3.05836486816, -0.618022799492, 0.342949956656, 14.2339706421, 57.793094635, 24.1699752808, -2.67892146111, 8.56392192841], [-2.73470520973, -5.46417951584, -1.41797745228, -8.15684604645, 3.68530750275, 12.4666652679, 10.3117656708, 0.270801067352, 0.115039534867, 24.1699752808, 50.8295288086, 24.1428146362, 5.05350542068], [-8.22992038727, -6.12653875351, -2.37932944298, -10.6434116364, -4.04742336273, 0.008889160119, 8.52099323273, 9.19338035583, 7.98962116241, -2.67892146111, 24.1428146362, 46.7652740479, 15.4699172974], [-6.69787216187, -1.51187050343, 10.893746376, -0.121788531542, -8.39796257019, -3.91079139709, 1.17292773724, 5.20528173447, -0.512478291988, 8.56392192841, 5.05350542068, 15.4699172974, 44.3935775757]],
