{
"lowlevel": {
    "average_loudness": 0.981640100479,
    "barkbands_crest": {
        "dmean": 2.73047018051,
        "dmean2": 4.62710380554,
        "dvar": 6.22904825211,
        "dvar2": 16.0949020386,
        "max": 26.3550186157,
        "mean": 9.31656646729,
        "median": 7.90814828873,
        "min": 2.95484519005,
        "var": 22.3753890991
    },
    "barkbands_flatness_db": {
        "dmean": 0.0204428043216,
        "dmean2": 0.0328076966107,
        "dvar": 0.000440154981334,
        "dvar2": 0.00104626454413,
        "max": 0.35433369875,
        "mean": 0.165444731712,
        "median": 0.154441937804,
        "min": 0.0798526704311,
        "var": 0.00246442621574
    },
    "barkbands_kurtosis": {
        "dmean": 3.12212395668,
        "dmean2": 5.42205715179,
        "dvar": 62.9786376953,
        "dvar2": 174.656158447,
        "max": 117.638450623,
        "mean": 2.2340669632,
        "median": -0.369156360626,
        "min": -1.92779278755,
        "var": 82.9319610596
    },
    "barkbands_skewness": {
        "dmean": 0.715842008591,
        "dmean2": 1.1814852953,
        "dvar": 0.615161716938,
        "dvar2": 1.52728366852,
        "max": 7.64029216766,
        "mean": 0.298930943012,
        "median": 0.109092324972,
        "min": -7.34960794449,
        "var": 2.77328157425
    },
    "barkbands_spread": {
        "dmean": 6.59436941147,
        "dmean2": 10.7079029083,
        "dvar": 33.953540802,
        "dvar2": 90.1268463135,
        "max": 51.7644844055,
        "mean": 26.8254432678,
        "median": 27.4309196472,
        "min": 1.16128480434,
        "var": 136.136505127
    },
    "dissonance": {
        "dmean": 0.00878476258367,
        "dmean2": 0.0152022643015,
        "dvar": 0.000101116012956,
        "dvar2": 0.000257650244748,
        "max": 0.499978333712,
        "mean": 0.487248450518,
        "median": 0.489845454693,
        "min": 0.40129506588,
        "var": 0.000128362124087
    },
    "dynamic_complexity": 2.22701334953,
    "erbbands_crest": {
        "dmean": 2.95567536354,
        "dmean2": 4.93921852112,
        "dvar": 8.18236446381,
        "dvar2": 23.0479431152,
        "max": 34.8330421448,
        "mean": 10.0274915695,
        "median": 8.86629199982,
        "min": 3.29746317863,
        "var": 19.4946041107
    },
    "erbbands_flatness_db": {
        "dmean": 0.0173076484352,
        "dmean2": 0.0270892921835,
        "dvar": 0.000228473771131,
        "dvar2": 0.000535268045496,
        "max": 0.447134613991,
        "mean": 0.237230032682,
        "median": 0.235746964812,
        "min": 0.153815984726,
        "var": 0.001423004549
    },
    "erbbands_kurtosis": {
        "dmean": 2.70735859871,
        "dmean2": 4.27504682541,
        "dvar": 53.3079795837,
        "dvar2": 106.599006653,
        "max": 159.056289673,
        "mean": 3.54297041893,
        "median": 1.88732481003,
        "min": -1.9040774107,
        "var": 99.1126022339
    },
    "erbbands_skewness": {
        "dmean": 0.495503813028,
        "dmean2": 0.792974412441,
        "dvar": 0.190978839993,
        "dvar2": 0.512449085712,
        "max": 4.77829504013,
        "mean": -0.966214716434,
        "median": -0.992034852505,
        "min": -4.67051506042,
        "var": 1.01367104053
    },
    "erbbands_spread": {
        "dmean": 7.19093084335,
        "dmean2": 12.0184574127,
        "dvar": 57.9156227112,
        "dvar2": 147.978546143,
        "max": 73.4030151367,
        "mean": 24.5474090576,
        "median": 19.1260890961,
        "min": 0.400826722383,
        "var": 271.903198242
    },
    "hfc": {
        "dmean": 6.75749397278,
        "dmean2": 10.8801898956,
        "dvar": 61.6357498169,
        "dvar2": 153.127578735,
        "max": 72.1647949219,
        "mean": 23.3566131592,
        "median": 18.4756183624,
        "min": 0.733464241028,
        "var": 326.582275391
    },
    "melbands_crest": {
        "dmean": 3.8642077446,
        "dmean2": 6.45709133148,
        "dvar": 10.5386323929,
        "dvar2": 27.5863723755,
        "max": 34.6393165588,
        "mean": 12.7862606049,
        "median": 11.5908231735,
        "min": 3.66726279259,
        "var": 38.5638427734
    },
    "melbands_flatness_db": {
        "dmean": 0.0293030440807,
        "dmean2": 0.0469012446702,
        "dvar": 0.000772602681536,
        "dvar2": 0.00180891959462,
        "max": 0.427998900414,
        "mean": 0.204903632402,
        "median": 0.194100677967,
        "min": 0.0821627229452,
        "var": 0.00524825463071
    },
    "melbands_kurtosis": {
        "dmean": 6.89647817612,
        "dmean2": 11.6841459274,
        "dvar": 262.365783691,
        "dvar2": 770.79699707,
        "max": 184.745147705,
        "mean": 7.45013999939,
        "median": 0.546869277954,
        "min": -1.88665223122,
        "var": 366.305053711
    },
    "melbands_skewness": {
        "dmean": 0.927654266357,
        "dmean2": 1.51793920994,
        "dvar": 1.0152361393,
        "dvar2": 2.70926737785,
        "max": 12.276517868,
        "mean": 1.60536122322,
        "median": 1.20262205601,
        "min": -6.24678754807,
        "var": 4.82480478287
    },
    "melbands_spread": {
        "dmean": 12.0216226578,
        "dmean2": 19.990940094,
        "dvar": 138.878753662,
        "dvar2": 346.299499512,
        "max": 112.983978271,
        "mean": 44.8435134888,
        "median": 45.9637908936,
        "min": 1.54226708412,
        "var": 567.357299805
    },
    "pitch_salience": {
        "dmean": 0.0843594297767,
        "dmean2": 0.142190605402,
        "dvar": 0.00586655037478,
        "dvar2": 0.0157616361976,
        "max": 0.827390193939,
        "mean": 0.568109035492,
        "median": 0.59337747097,
        "min": 0.0902740582824,
        "var": 0.0179695431143
    },
    "silence_rate_20dB": {
        "dmean": 0,
        "dmean2": 0,
        "dvar": 0,
        "dvar2": 0,
        "max": 1,
        "mean": 1,
        "median": 1,
        "min": 1,
        "var": 0
    },
    "silence_rate_30dB": {
        "dmean": 0,
        "dmean2": 0,
        "dvar": 0,
        "dvar2": 0,
        "max": 1,
        "mean": 1,
        "median": 1,
        "min": 1,
        "var": 0
    },
    "silence_rate_60dB": {
        "dmean": 0.00740740727633,
        "dmean2": 0.0148423006758,
        "dvar": 0.00735251931474,
        "dvar2": 0.0183325838298,
        "max": 1,
        "mean": 0.014787430875,
        "median": 0,
        "min": 0,
        "var": 0.0145688345656
    },
    "spectral_centroid": {
        "dmean": 258.813323975,
        "dmean2": 414.279754639,
        "dvar": 63750.0429688,
        "dvar2": 157064.1875,
        "max": 3567.31933594,
        "mean": 1977.19384766,
        "median": 2177.90307617,
        "min": 289.984558105,
        "var": 411103.5625
    },
    "spectral_complexity": {
        "dmean": 4.57777786255,
        "dmean2": 6.96474933624,
        "dvar": 17.4106292725,
        "dvar2": 32.7797889709,
        "max": 52,
        "mean": 24.6284656525,
        "median": 25,
        "min": 1,
        "var": 146.18536377
    },
    "spectral_decrease": {
        "dmean": 1.12281506315e-09,
        "dmean2": 1.83984782964e-09,
        "dvar": 9.25118590284e-19,
        "dvar2": 2.46191180775e-18,
        "max": -1.34844108102e-10,
        "mean": -4.10910461213e-09,
        "median": -4.34930891302e-09,
        "min": -8.63745786006e-09,
        "var": 2.96179711104e-18
    },
    "spectral_energy": {
        "dmean": 0.00468064146116,
        "dmean2": 0.00766117172316,
        "dvar": 1.52751072164e-05,
        "dvar2": 3.97553376388e-05,
        "max": 0.0341554433107,
        "mean": 0.0176271982491,
        "median": 0.0181743204594,
        "min": 0.000585444911849,
        "var": 5.82604006922e-05
    },
    "spectral_energyband_high": {
        "dmean": 0.000170445957338,
        "dmean2": 0.000258518877672,
        "dvar": 8.1160642651e-08,
        "dvar2": 1.77547363478e-07,
        "max": 0.00323887425475,
        "mean": 0.000398180767661,
        "median": 0.000196922526811,
        "min": 4.75256365462e-06,
        "var": 2.48668953873e-07
    },
    "spectral_energyband_low": {
        "dmean": 0.00219787680544,
        "dmean2": 0.00363464746624,
        "dvar": 6.94675554769e-06,
        "dvar2": 1.72243526322e-05,
        "max": 0.0237214080989,
        "mean": 0.00382133061066,
        "median": 0.00251798145473,
        "min": 9.5398958365e-05,
        "var": 1.44037685459e-05
    },
    "spectral_energyband_middle_high": {
        "dmean": 0.00285536469892,
        "dmean2": 0.00456484220922,
        "dvar": 9.96247308649e-06,
        "dvar2": 2.47451207542e-05,
        "max": 0.0312172714621,
        "mean": 0.00938037224114,
        "median": 0.00733696110547,
        "min": 0.000227607029956,
        "var": 5.97886573814e-05
    },
    "spectral_energyband_middle_low": {
        "dmean": 0.00260142958723,
        "dmean2": 0.00439159153029,
        "dvar": 1.19993483167e-05,
        "dvar2": 3.48466055584e-05,
        "max": 0.0322592183948,
        "mean": 0.00484096165746,
        "median": 0.00317143648863,
        "min": 1.22961155284e-05,
        "var": 2.53447306022e-05
    },
    "spectral_entropy": {
        "dmean": 0.118512220681,
        "dmean2": 0.186916962266,
        "dvar": 0.0179041642696,
        "dvar2": 0.0437185801566,
        "max": 7.98342132568,
        "mean": 7.41647624969,
        "median": 7.47134065628,
        "min": 5.52634954453,
        "var": 0.0845084115863
    },
    "spectral_flux": {
        "dmean": 0.0171537864953,
        "dmean2": 0.0282225552946,
        "dvar": 0.000312848947942,
        "dvar2": 0.000775169755798,
        "max": 0.206291928887,
        "mean": 0.0799442380667,
        "median": 0.078560732305,
        "min": 0.0162426903844,
        "var": 0.000718727183994
    },
    "spectral_kurtosis": {
        "dmean": 3.70976519585,
        "dmean2": 6.58137655258,
        "dvar": 11.6160917282,
        "dvar2": 33.4745521545,
        "max": 29.4966239929,
        "mean": 6.58962917328,
        "median": 5.70203971863,
        "min": -0.170863628387,
        "var": 15.7524442673
    },
    "spectral_rms": {
        "dmean": 0.00058494071709,
        "dmean2": 0.000956526957452,
        "dvar": 2.52745564921e-07,
        "dvar2": 6.30766749055e-07,
        "max": 0.00577255431563,
        "mean": 0.00402303365991,
        "median": 0.00421082461253,
        "min": 0.000755755056161,
        "var": 1.01246530448e-06
    },
    "spectral_rolloff": {
        "dmean": 376.990386963,
        "dmean2": 657.581176758,
        "dvar": 248572.03125,
        "dvar2": 633895,
        "max": 4823.4375,
        "mean": 2101.61645508,
        "median": 2390.18554688,
        "min": 107.666015625,
        "var": 854435.1875
    },
    "spectral_skewness": {
        "dmean": 0.368696063757,
        "dmean2": 0.643583595753,
        "dvar": 0.106039665639,
        "dvar2": 0.295848429203,
        "max": 3.7409350872,
        "mean": 1.11333405972,
        "median": 1.07860028744,
        "min": -0.0320180766284,
        "var": 0.188954815269
    },
    "spectral_spread": {
        "dmean": 222628.4375,
        "dmean2": 354222.78125,
        "dvar": 97471356928,
        "dvar2": 124385198080,
        "max": 9314495,
        "mean": 2226739.25,
        "median": 2204731.25,
        "min": 1169925.625,
        "var": 228359438336
    },
    "spectral_strongpeak": {
        "dmean": 1.09315776825,
        "dmean2": 1.92346942425,
        "dvar": 2.45282506943,
        "dvar2": 6.46447944641,
        "max": 16.4818115234,
        "mean": 1.67129576206,
        "median": 0.449613273144,
        "min": 0,
        "var": 5.44411993027
    },
    "zerocrossingrate": {
        "dmean": 0.00740831159055,
        "dmean2": 0.00917225889862,
        "dvar": 4.66713499918e-05,
        "dvar2": 6.13143129158e-05,
        "max": 0.15185546875,
        "mean": 0.0688503608108,
        "median": 0.0732421875,
        "min": 0.009765625,
        "var": 0.000716993177775
    },
    "barkbands": {
        "dmean": [1.42962062455e-05, 0.00139983813278, 0.000826734001748, 0.0011614097748, 0.00152555399109, 0.000255075487075, 0.000188582256669, 0.000128950559883, 0.00027768407017, 0.000272650562692, 0.00024605327053, 0.000309437571559, 0.000101537574665, 0.000730957021005, 0.000644037674647, 0.00129957753234, 0.0010220403783, 0.000388044049032, 0.000424162892159, 0.000155007044668, 0.000119825344882, 1.99086225621e-05, 1.57864667472e-06, 3.43129045177e-06, 1.05984702259e-06, 4.79870607251e-07, 2.76966201085e-08],
        "dmean2": [2.31391968555e-05, 0.00221376447007, 0.00142127776053, 0.00193753582425, 0.00268450984731, 0.000432788510807, 0.000326651032083, 0.000221086767851, 0.000472100742627, 0.000464698823635, 0.000421330682002, 0.000542624504305, 0.000167896592757, 0.00120064371731, 0.00109294033609, 0.00214284495451, 0.00167390692513, 0.000645269406959, 0.000727464386728, 0.000257680250797, 0.00018647449906, 3.31089831889e-05, 2.23492202167e-06, 5.24810366187e-06, 1.59459773386e-06, 7.38821938739e-07, 4.33908091679e-08],
        "dvar": [1.05832886899e-09, 3.19810578731e-06, 1.57711770044e-06, 2.79969481198e-06, 7.38668586564e-06, 4.45025563067e-07, 1.26957800717e-07, 3.62112295704e-08, 1.83498073625e-07, 1.90104273656e-07, 1.34695540055e-07, 2.35106327295e-07, 2.74920353149e-08, 3.13577015731e-06, 8.64086700858e-07, 5.25484711034e-06, 1.96392943508e-06, 3.65503694866e-07, 4.95445021897e-07, 8.38585307861e-08, 5.31817683225e-08, 1.55917656564e-09, 1.15230854372e-11, 5.63490643035e-11, 5.01772885395e-12, 1.04297039755e-12, 5.02372996379e-15],
        "dvar2": [2.29053509493e-09, 7.79124638939e-06, 3.89403021472e-06, 6.74582997817e-06, 2.27905784413e-05, 1.13323551432e-06, 3.92443325836e-07, 1.01174236988e-07, 4.85004306938e-07, 5.01618274029e-07, 3.83104747925e-07, 6.62685465613e-07, 7.04201568169e-08, 6.21646222498e-06, 2.27143050324e-06, 1.16674254969e-05, 5.12186124979e-06, 9.31423130623e-07, 1.35699485782e-06, 2.27221946147e-07, 1.08420195488e-07, 4.00216970675e-09, 2.34178544611e-11, 1.32661867602e-10, 8.79423096845e-12, 2.43658565546e-12, 1.12125071597e-14],
        "max": [0.000463792646769, 0.019933257252, 0.0125140789896, 0.0212451759726, 0.0273254550993, 0.00897428486496, 0.00389653118327, 0.00168383703567, 0.00459869112819, 0.00356088601984, 0.00330805918202, 0.00604981416836, 0.00260085915215, 0.0304383300245, 0.00862444192171, 0.031063593924, 0.0115485256538, 0.00756758172065, 0.00590876396745, 0.00326349260285, 0.00295303203166, 0.000546656898223, 5.05159441673e-05, 8.26881077955e-05, 4.88337609568e-05, 1.12718716991e-05, 1.00214117538e-06],
        "mean": [1.59934497788e-05, 0.00203674589284, 0.00100194534753, 0.00159018835984, 0.00203520525247, 0.000315696262987, 0.000226845542784, 0.000169900245965, 0.000407728395658, 0.000396312621888, 0.000369304325432, 0.000485436408781, 0.000209442398045, 0.00121082633268, 0.00124314741697, 0.00225412892178, 0.00172571465373, 0.000681236735545, 0.000682935351506, 0.000270435324637, 0.000245715171332, 3.84415361623e-05, 2.81641632682e-06, 7.05394541001e-06, 2.93597145173e-06, 1.04437378923e-06, 4.87454485665e-08],
        "median": [7.85288921179e-06, 0.00108365644701, 0.000445406913059, 0.000691747292876, 0.000713061657734, 0.000191575003555, 0.000119985845231, 9.59504250204e-05, 0.000218427085201, 0.000199028523639, 0.000175437569851, 0.00018226087559, 6.22344159638e-05, 0.000513213337399, 0.000506055890583, 0.00104586430825, 0.0010538729839, 0.000424916681368, 0.000399129959987, 0.000127661187435, 0.000118569980259, 1.03856873466e-05, 6.52022265513e-07, 1.10533653697e-06, 2.74658702892e-07, 8.19150400844e-08, 1.21568648481e-08],
        "min": [4.4225789253e-08, 1.22435158119e-05, 6.23753749096e-06, 3.4628242247e-06, 1.31882006826e-06, 1.20242475532e-06, 4.67568270324e-07, 3.05349487917e-07, 8.74353816016e-07, 5.87659371831e-07, 1.8401520947e-06, 2.37628682953e-06, 8.18743615127e-07, 9.01986550161e-06, 1.02396224975e-05, 2.27065647778e-05, 1.12365623863e-05, 6.48442528473e-06, 1.38484028867e-05, 4.2200945245e-06, 1.83857912361e-06, 2.19216289565e-07, 2.74910814113e-08, 4.64268161693e-08, 1.52380543739e-08, 4.11191525274e-09, 1.70377245645e-09],
        "var": [1.10255393704e-09, 6.81772780808e-06, 2.35153129324e-06, 6.05974082646e-06, 1.4625964468e-05, 4.2403110001e-07, 1.2723917564e-07, 5.31061772335e-08, 2.84483860469e-07, 2.88925008363e-07, 2.39990868067e-07, 5.38525966931e-07, 1.58798400207e-07, 6.86672319716e-06, 2.81663210444e-06, 1.24759581013e-05, 3.87880072594e-06, 7.45245472444e-07, 7.00968257661e-07, 1.38715279263e-07, 1.27027007579e-07, 4.14043821451e-09, 3.17802485716e-11, 1.82473300359e-10, 3.88838475307e-11, 5.00055118841e-12, 1.26592182578e-14]
    },
    "erbbands": {
        "dmean": [0.0280786398798, 0.365329027176, 0.926500558853, 2.25603151321, 6.52238988876, 3.66530561447, 1.31659817696, 2.45283055305, 1.30964636803, 3.97145462036, 3.74742698669, 6.07227516174, 6.7100481987, 7.73572301865, 11.2981729507, 11.4782323837, 4.39723300934, 22.5189971924, 39.8730621338, 41.4149169922, 69.1268997192, 57.4829521179, 21.5635490417, 26.3013916016, 14.0945568085, 7.10436725616, 4.72305774689, 3.84463071823, 0.85039716959, 0.150689512491, 0.0482166856527, 0.0823198705912, 0.0452770479023, 0.0208249948919, 0.00301008252427, 0.0024485422764, 0.000809099525213, 6.26262117294e-05, 5.17161242897e-06, 5.86652731727e-06],
        "dmean2": [0.044243671, 0.582598268986, 1.59307265282, 3.74689245224, 11.3976106644, 6.41809558868, 2.25080370903, 4.1795706749, 2.16591739655, 6.96286439896, 6.46539735794, 10.4154491425, 11.3574123383, 12.7688083649, 19.1094741821, 19.8179550171, 7.5024561882, 35.7382278442, 66.4773025513, 68.5350341797, 111.203727722, 94.5294418335, 35.6632232666, 44.4750442505, 24.0524501801, 11.5498437881, 7.64121198654, 6.02696609497, 1.40356063843, 0.238649562001, 0.0695845261216, 0.129513472319, 0.0698161646724, 0.0305954795331, 0.0044721676968, 0.00384929100983, 0.00125166960061, 8.99896404007e-05, 8.21041521704e-06, 9.60035777098e-06],
        "dvar": [0.00155069387984, 0.21766705811, 1.94961345196, 11.7294645309, 146.230270386, 27.8089466095, 7.68652772903, 43.8006095886, 5.34631967545, 58.9596099854, 32.6299591064, 106.95488739, 112.842971802, 160.951858521, 275.083709717, 389.96282959, 48.1730079651, 1781.44873047, 5752.55126953, 3470.07910156, 19000.9101562, 5646.74609375, 1095.59313965, 1412.01855469, 661.303955078, 147.992218018, 66.6672363281, 70.5421295166, 3.07982611656, 0.0782664045691, 0.00946858897805, 0.0342667475343, 0.00907388608903, 0.00191945547704, 6.05559725955e-05, 2.86148151645e-05, 3.07862569571e-06, 2.05564507638e-08, 7.7711344304e-11, 2.41703913828e-11],
        "dvar2": [0.0033772776369, 0.548868119717, 4.85727548599, 27.9475879669, 445.897094727, 85.2006225586, 19.6097602844, 112.235671997, 16.3112773895, 177.143554688, 91.0982437134, 280.324615479, 298.613067627, 432.6121521, 779.044250488, 1111.04321289, 152.229949951, 4029.42382812, 12964.8085938, 8709.97753906, 38035.9570312, 14503.0771484, 2752.45629883, 3719.81005859, 1841.12414551, 380.875244141, 152.322616577, 132.376205444, 8.09489250183, 0.171928972006, 0.0201454758644, 0.0763513743877, 0.0212295390666, 0.00330378231592, 0.000135966998641, 6.56017946312e-05, 7.12536757419e-06, 3.97060837543e-08, 1.69927169558e-10, 6.10028694226e-11],
        "max": [0.535798072815, 4.88564586639, 13.6270599365, 50.9383010864, 111.51134491, 49.1156387329, 28.636926651, 87.3146514893, 30.186378479, 72.7909088135, 52.4547233582, 122.250389099, 89.6329269409, 127.844924927, 152.445144653, 277.066253662, 92.9415283203, 591.683837891, 1042.34875488, 650.093566895, 2116.30053711, 658.403503418, 442.844726562, 328.469299316, 216.117126465, 115.632919312, 118.784912109, 128.48324585, 27.5510482788, 4.31359243393, 1.5863404274, 2.42664074898, 1.04224538803, 0.98324650526, 0.128341272473, 0.0617322474718, 0.0208709128201, 0.00185764266644, 0.000152590801008, 4.93547559017e-05],
        "mean": [0.0431373566389, 0.513440847397, 1.2162913084, 3.49794840813, 8.61672401428, 4.7201666832, 1.83740413189, 2.94152522087, 1.96555972099, 4.78421258926, 5.64174175262, 8.72107887268, 9.81219673157, 13.3082733154, 17.5927658081, 19.1317996979, 9.96272659302, 42.9941368103, 76.8444976807, 80.6775360107, 123.855171204, 101.029953003, 42.9378318787, 43.4110641479, 23.9378242493, 13.0003271103, 9.91086959839, 7.58070087433, 1.80398344994, 0.31525734067, 0.0926961898804, 0.159520998597, 0.0965636074543, 0.0585195161402, 0.00675028050318, 0.00541691994295, 0.00172363349702, 0.000127387844259, 1.70073799381e-05, 2.29666493397e-05],
        "median": [0.0225254669785, 0.273503422737, 0.659645080566, 1.66890561581, 2.95533180237, 2.20677161217, 1.19164502621, 1.78241086006, 1.26329112053, 2.4951710701, 3.04968762398, 4.91089105606, 5.29517173767, 6.91388654709, 8.85327911377, 7.03859138489, 3.93148851395, 17.0197696686, 37.0686836243, 44.944065094, 60.5022735596, 64.1469345093, 29.3744354248, 25.8491172791, 14.0079469681, 6.15732479095, 4.48965644836, 3.23387289047, 0.573310315609, 0.0849067121744, 0.0236850120127, 0.0248169023544, 0.0174264665693, 0.00548300798982, 0.000781651528087, 0.000542190624401, 0.000127174338559, 1.16084984256e-05, 1.24783173305e-05, 2.29989746003e-05],
        "min": [0.000427593302447, 0.00320097384974, 0.0125104878098, 0.0129477344453, 0.00600418727845, 0.00380337610841, 0.00379761517979, 0.0136246941984, 0.00929171405733, 0.0036093252711, 0.019270716235, 0.021388463676, 0.0216448064893, 0.0280633773655, 0.152089193463, 0.109247498214, 0.0613206103444, 0.380151331425, 0.812867045403, 0.869888067245, 1.34794747829, 1.28901576996, 1.12089598179, 0.881158053875, 0.499461531639, 0.20456905663, 0.0857725515962, 0.0269358512014, 0.00996773503721, 0.00170646747574, 0.000910090573598, 0.00121011631563, 0.00056738400599, 0.000281696673483, 5.85249545111e-05, 4.49228318757e-05, 7.21608103049e-06, 1.05031108433e-06, 1.74365993644e-06, 1.02316710127e-06],
        "var": [0.00383413257077, 0.419192612171, 2.77931308746, 28.3670864105, 262.870941162, 46.521522522, 7.96858930588, 39.3910255432, 6.53315448761, 56.6173667908, 54.7558174133, 144.776443481, 175.552047729, 291.607086182, 516.270629883, 949.888366699, 238.421401978, 5006.82373047, 14096.7294922, 9109.54394531, 45548.8984375, 12634.1445312, 2374.73950195, 2599.32275391, 945.979919434, 295.078094482, 204.277114868, 152.960418701, 8.03497982025, 0.295303285122, 0.0293596517295, 0.101984336972, 0.0308432132006, 0.0160764697939, 0.000191987797734, 0.000130590458866, 1.40806478157e-05, 9.17261573363e-08, 2.6115884455e-10, 1.13911963195e-10]
    },
    "gfcc": {
        "mean": [-46.4869194031, 129.310119629, -174.667037964, 55.6460075378, -18.1008110046, -4.45076227188, -24.0465164185, 4.63857936859, -16.9043254852, -7.93872308731, -18.5239543915, -13.4142389297, 3.47369599342],
        "cov": [[2568.06567383, -1029.5579834, -562.969604492, -186.957168579, -440.390045166, 202.289093018, -140.671463013, 113.405311584, -140.424453735, 232.594039917, -72.5151901245, 193.092803955, 7.42702150345], [-1029.5579834, 1460.37646484, 239.123779297, -41.3630332947, 146.795425415, -323.959289551, 202.846618652, -140.194519043, 32.3493347168, -281.309265137, 77.7138824463, -179.319442749, 17.3187618256], [-562.969604492, 239.123779297, 397.055541992, 114.675224304, 43.9433822632, -52.3791694641, 1.11260044575, -1.44768166542, 0.0270701814443, -56.8632469177, -12.4985628128, -33.8925666809, -20.4374217987], [-186.957168579, -41.3630332947, 114.675224304, 165.849609375, 81.4659042358, -8.60722637177, -10.1340236664, 20.3000793457, 23.0780067444, 2.34107351303, 10.949801445, 4.29898691177, 9.49949264526], [-440.390045166, 146.795425415, 43.9433822632, 81.4659042358, 248.963027954, -13.3923597336, 32.4464607239, -26.9055118561, 60.8391189575, -39.4204216003, 20.6878013611, -33.2383537292, 9.62199878693], [202.289093018, -323.959289551, -52.3791694641, -8.60722637177, -13.3923597336, 199.872756958, 21.3495578766, 53.2124671936, 19.9083099365, 105.885070801, -1.31151211262, 35.8412780762, 1.76061153412], [-140.671463013, 202.846618652, 1.11260044575, -10.1340236664, 32.4464607239, 21.3495578766, 144.300491333, 19.8817138672, 23.4175777435, -7.05187129974, 23.2031269073, -15.4974393845, 10.2099170685], [113.405311584, -140.194519043, -1.44768166542, 20.3000793457, -26.9055118561, 53.2124671936, 19.8817138672, 140.85093689, 45.1084403992, 39.6539115906, -0.800982892513, 39.3320922852, 4.18510770798], [-140.424453735, 32.3493347168, 0.0270701814443, 23.0780067444, 60.8391189575, 19.9083099365, 23.4175777435, 45.1084403992, 101.140045166, 35.8579826355, 11.5624017715, -3.15703988075, 13.2129497528], [232.594039917, -281.309265137, -56.8632469177, 2.34107351303, -39.4204216003, 105.885070801, -7.05187129974, 39.6539115906, 35.8579826355, 145.189498901, 18.6631031036, 36.1707077026, 1.99577844143], [-72.5151901245, 77.7138824463, -12.4985628128, 10.949801445, 20.6878013611, -1.31151211262, 23.2031269073, -0.800982892513, 11.5624017715, 18.6631031036, 61.8265686035, 11.2213029861, 6.74320268631], [193.092803955, -179.319442749, -33.8925666809, 4.29898691177, -33.2383537292, 35.8412780762, -15.4974393845, 39.3320922852, -3.15703988075, 36.1707077026, 11.2213029861, 90.3156509399, 17.3202915192], [7.42702150345, 17.3187618256, -20.4374217987, 9.49949264526, 9.62199878693, 1.76061153412, 10.2099170685, 4.18510770798, 13.2129497528, 1.99577844143, 6.74320268631, 17.3202915192, 47.8512382507]],
        "icov": [[0.00137244863436, -0.00084218691336, 0.00214455602691, -0.000968931533862, 0.00103720498737, -0.000607144145761, 0.00120814552065, -0.00112770474516, 0.00251306127757, -0.00243763113394, 0.00298984604888, -0.0018389885081, 0.000506781972945], [-0.00084218691336, 0.00683984858915, -0.00464771315455, 0.00473969941959, 0.000475611741422, 0.00538622075692, -0.0071372333914, 0.00365918315947, -0.00701925670728, 0.00904723443091, -0.0109349694103, 0.00683657871559, -0.00373456790112], [0.00214455602691, -0.00464771315455, 0.00882942136377, -0.00682571902871, 0.00184573442675, -0.00359355984256, 0.0048071751371, -0.00306425755844, 0.00617480650544, -0.00623036082834, 0.0100080296397, -0.00531429704279, 0.00454686349258], [-0.000968931533862, 0.00473969941959, -0.00682571902871, 0.0142443506047, -0.00439083948731, 0.00514576071873, -0.00328592676669, -0.000214368003071, -0.00296807941049, 0.00355533952825, -0.00895443744957, 0.00479135522619, -0.00569584360346], [0.00103720498737, 0.000475611741422, 0.00184573442675, -0.00439083948731, 0.00937676522881, -0.00220559956506, -0.000854438578244, 0.003502686508, -0.00594422221184, 0.00482585001737, -0.00152871885803, 0.00013957520423, 0.00100347283296], [-0.000607144145761, 0.00538622075692, -0.00359355984256, 0.00514576071873, -0.00220559956506, 0.014585708268, -0.00782561395317, 0.000242353125941, -0.00191775208805, -0.00167483370751, -0.00468066381291, 0.00412861257792, -0.00309157837182], [0.00120814552065, -0.0071372333914, 0.0048071751371, -0.00328592676669, -0.000854438578244, -0.00782561395317, 0.0168011710048, -0.00605926243588, 0.00707228993997, -0.00748185161501, 0.00725811440498, -0.00441495887935, 0.00144044647459], [-0.00112770474516, 0.00365918315947, -0.00306425755844, -0.000214368003071, 0.003502686508, 0.000242353125941, -0.00605926243588, 0.0151048963889, -0.0126441335306, 0.00811772979796, -0.0052020791918, -0.0011551316129, 0.00114697637036], [0.00251306127757, -0.00701925670728, 0.00617480650544, -0.00296807941049, -0.00594422221184, -0.00191775208805, 0.00707228993997, -0.0126441335306, 0.029720986262, -0.0196814797819, 0.0139735005796, -0.00405657850206, -0.00164704443887], [-0.00243763113394, 0.00904723443091, -0.00623036082834, 0.00355533952825, 0.00482585001737, -0.00167483370751, -0.00748185161501, 0.00811772979796, -0.0196814797819, 0.0314622372389, -0.0219269823283, 0.00811014696956, -0.00200856500305], [0.00298984604888, -0.0109349694103, 0.0100080296397, -0.00895443744957, -0.00152871885803, -0.00468066381291, 0.00725811440498, -0.0052020791918, 0.0139735005796, -0.0219269823283, 0.0409224182367, -0.0160891972482, 0.00604464486241], [-0.0018389885081, 0.00683657871559, -0.00531429704279, 0.00479135522619, 0.00013957520423, 0.00412861257792, -0.00441495887935, -0.0011551316129, -0.00405657850206, 0.00811014696956, -0.0160891972482, 0.0251565426588, -0.0106033338234], [0.000506781972945, -0.00373456790112, 0.00454686349258, -0.00569584360346, 0.00100347283296, -0.00309157837182, 0.00144044647459, 0.00114697637036, -0.00164704443887, -0.00200856500305, 0.00604464486241, -0.0106033338234, 0.028272876516]]
    },
    "melbands": {
        "dmean": [0.000326517125359, 0.000471079227282, 0.000511842779815, 0.000394061993575, 5.39840766578e-05, 5.1500803238e-05, 2.59611060756e-05, 3.8147194573e-05, 3.82615944545e-05, 3.71421629097e-05, 3.4621116356e-05, 3.29036156472e-05, 3.80398778361e-05, 3.63955805369e-05, 1.98388370336e-05, 1.482157586e-05, 5.022777259e-05, 7.38383532735e-05, 4.77845860587e-05, 7.10694002919e-05, 8.97374993656e-05, 6.23537489446e-05, 3.70006819139e-05, 1.76605135493e-05, 2.35836669162e-05, 1.37401957545e-05, 8.0591889855e-06, 4.23389337811e-06, 2.40810754804e-06, 4.5198389671e-06, 1.55462851126e-06, 5.80415246532e-07, 2.29432686183e-07, 4.14819609773e-08, 2.67569930656e-08, 3.52920714874e-08, 6.15438864315e-08, 3.79624403024e-08, 2.54698679925e-08, 1.71165215335e-08],
        "dmean2": [0.000512192142196, 0.000799980363809, 0.000864849775098, 0.000689008506015, 9.30881506065e-05, 8.76438934938e-05, 4.39521063527e-05, 6.64537292323e-05, 6.60373843857e-05, 6.3441148086e-05, 5.88403454458e-05, 5.3926531109e-05, 6.47621927783e-05, 6.27151239314e-05, 3.56582713721e-05, 2.47145217145e-05, 7.89445839473e-05, 0.000124043595861, 7.87936878623e-05, 0.000115489463496, 0.000144270656165, 0.000101308767626, 5.98871229158e-05, 2.91150263365e-05, 3.98345619033e-05, 2.39804012381e-05, 1.33533385451e-05, 7.07291792423e-06, 4.01253646487e-06, 7.18002365829e-06, 2.3823383799e-06, 9.75442731033e-07, 3.77976306254e-07, 6.29560901189e-08, 4.03797919546e-08, 5.55240191602e-08, 9.87339419112e-08, 6.13102457692e-08, 3.63870356068e-08, 2.61660435541e-08],
        "dvar": [1.78193573674e-07, 4.40282605041e-07, 5.14611599556e-07, 4.63647154447e-07, 9.42413880267e-09, 1.91083469048e-08, 2.18081130932e-09, 5.30231281104e-09, 3.49505535624e-09, 3.87793708256e-09, 3.00619507065e-09, 3.16222381613e-09, 3.35355698766e-09, 3.26429527853e-09, 2.27356755644e-09, 6.57765453216e-10, 9.80547909535e-09, 2.69799311781e-08, 4.32976277054e-09, 1.06954685108e-08, 3.84686842381e-08, 6.61505961119e-09, 2.64261124094e-09, 7.12440106909e-10, 1.16550979978e-09, 7.33362870431e-10, 2.81280054804e-10, 5.33683756909e-11, 1.73855947e-11, 1.19005000299e-10, 9.28891078639e-12, 1.85071988117e-12, 1.92558398697e-13, 9.05755200389e-15, 4.13324634393e-15, 4.46051149914e-15, 2.38281565838e-14, 6.74693379169e-15, 2.65349439639e-15, 1.29720830059e-15],
        "dvar2": [4.08671809282e-07, 1.11334406938e-06, 1.3569440398e-06, 1.41442831136e-06, 2.38433539579e-08, 4.86941367228e-08, 6.7351426658e-09, 1.58540771622e-08, 9.79455894168e-09, 1.00183417118e-08, 7.89956455804e-09, 8.49489367738e-09, 9.58089874104e-09, 8.22437407066e-09, 7.9126500907e-09, 1.84932735792e-09, 2.09501642701e-08, 5.68542439794e-08, 1.07165547547e-08, 2.61556536429e-08, 7.95072239157e-08, 1.70874692174e-08, 7.18639769914e-09, 1.84775872381e-09, 3.06176883846e-09, 2.04807881765e-09, 8.13154599211e-10, 1.29798657933e-10, 4.04482454475e-11, 2.70605537978e-10, 1.84903290595e-11, 4.88689774411e-12, 4.81728047209e-13, 1.69788821539e-14, 8.9465856056e-15, 1.02156340841e-14, 5.11077250941e-14, 1.67315688621e-14, 5.505491811e-15, 2.49182206478e-15],
        "max": [0.00534030655399, 0.00702680647373, 0.00744597008452, 0.00694230291992, 0.00109908904415, 0.00184530077968, 0.00059880776098, 0.000650036265142, 0.000527549709659, 0.000693878799211, 0.000480172457173, 0.000543163274415, 0.000490757636726, 0.000792954291683, 0.000604190921877, 0.000284787587589, 0.0015714665642, 0.00252465857193, 0.000751580984797, 0.000919164565857, 0.00296637252904, 0.000665466650389, 0.000415671296651, 0.000346318964148, 0.000298470025882, 0.000263135618297, 0.000222986884182, 7.31316904421e-05, 7.05285710865e-05, 0.000156266847625, 5.05361858814e-05, 2.15319632844e-05, 5.16125146532e-06, 1.42286887694e-06, 1.09296581741e-06, 7.7876592286e-07, 2.35970105678e-06, 8.04340743343e-07, 7.51806283006e-07, 8.10978406207e-07],
        "mean": [0.000495956686791, 0.000662529433612, 0.000762493524235, 0.000539278727956, 7.34898203518e-05, 6.24650274403e-05, 3.58173019777e-05, 4.68884318252e-05, 5.50871191081e-05, 5.33086749783e-05, 4.91189712193e-05, 5.33860329597e-05, 5.57193961868e-05, 5.71934760956e-05, 3.14337376039e-05, 2.77785311482e-05, 8.82226449903e-05, 0.000130803426146, 9.11618335522e-05, 0.000128856074298, 0.000147095139255, 0.00010319212015, 6.31842049188e-05, 2.96110993077e-05, 3.70155721612e-05, 2.12525028473e-05, 1.29564450617e-05, 7.26339840185e-06, 4.7440862545e-06, 7.86647615314e-06, 2.97073211186e-06, 1.06524703369e-06, 4.20612025209e-07, 7.30814022631e-08, 4.38537206549e-08, 6.59704610939e-08, 1.12706331379e-07, 7.0836350119e-08, 5.93196922694e-08, 4.31140882995e-08],
        "median": [0.000258302636212, 0.000375441100914, 0.000362131861039, 0.000209353485843, 4.66781420982e-05, 3.81807949452e-05, 2.17065880861e-05, 2.54232290899e-05, 2.76504306385e-05, 2.87181337626e-05, 2.51855162787e-05, 2.46334475378e-05, 2.7112704629e-05, 2.58624404523e-05, 8.00632733444e-06, 1.04938008008e-05, 3.32739618898e-05, 6.17140467511e-05, 4.52706590295e-05, 6.11363429925e-05, 6.64573744871e-05, 5.93485274294e-05, 3.88287953683e-05, 1.74682936631e-05, 2.0576904717e-05, 1.16718874779e-05, 6.23481309958e-06, 3.07547429657e-06, 1.90689434021e-06, 3.61900879398e-06, 1.14492229386e-06, 2.72637009857e-07, 1.06551951262e-07, 1.64960951565e-08, 1.07692370577e-08, 1.25160308784e-08, 1.58638275849e-08, 1.12590727852e-08, 7.84446996249e-09, 3.6006286841e-09],
        "min": [4.01636589231e-06, 1.02525445982e-05, 3.08395738102e-06, 2.81292670934e-07, 1.70868347027e-07, 3.13028323262e-07, 1.28556081336e-07, 2.54004035583e-08, 1.33829402671e-07, 1.38529429705e-07, 9.62314885555e-08, 8.57824460354e-08, 3.22728936908e-07, 2.72125816991e-07, 8.11425096003e-08, 7.31841467427e-08, 7.40552081879e-07, 1.12082784653e-06, 7.33380602469e-07, 1.02978083305e-06, 9.39320557336e-07, 7.19490287793e-07, 6.11204939105e-07, 4.60295353832e-07, 6.318801411e-07, 3.00624890315e-07, 2.16992830815e-07, 1.06658013976e-07, 3.91484746842e-08, 5.2095913361e-08, 6.01159655389e-09, 6.25362650553e-09, 2.46963871575e-09, 4.2132672351e-10, 4.7688047955e-10, 6.15589912378e-10, 6.95725643762e-10, 3.91688737e-10, 3.09096193085e-10, 1.66948690983e-10],
        "var": [4.3545460926e-07, 6.45256420739e-07, 1.05472145151e-06, 9.28871713768e-07, 1.0739729106e-08, 1.76172445521e-08, 2.44318654197e-09, 5.2010808993e-09, 5.62550672711e-09, 5.26003907098e-09, 4.68657868069e-09, 5.30232080465e-09, 5.67587710165e-09, 6.87541668043e-09, 4.32251701099e-09, 2.07102290872e-09, 2.59820520654e-08, 5.87745390135e-08, 1.26023520508e-08, 2.81408052416e-08, 8.17006053921e-08, 1.4341980048e-08, 5.26026378012e-09, 1.49123857707e-09, 1.98682048591e-09, 8.62993343453e-10, 3.4771471813e-10, 1.04349646979e-10, 5.9430051158e-11, 1.77856035455e-10, 2.28058006507e-11, 3.70838559513e-12, 5.06071692798e-13, 2.46216689073e-14, 8.65459047879e-15, 1.47281597589e-14, 6.29195656622e-14, 1.83440129677e-14, 1.27919423914e-14, 9.79021263337e-15]
    },
    "mfcc": {
        "mean": [-669.784423828, 144.706512451, -68.4633865356, 55.3107757568, 17.4661846161, 4.80175876617, 7.87649536133, 0.94800055027, 17.7303886414, -1.10496163368, -5.56374931335, -0.771630644798, -10.0007953644],
        "cov": [[3062.30102539, -1013.06262207, -406.991363525, -470.035064697, -351.331359863, -64.1352233887, -59.4871749878, -128.382324219, -9.24620246887, -59.6359367371, 1.08364510536, 1.69840097427, 24.4421787262], [-1013.06262207, 1270.74560547, 74.6968460083, 233.960540771, -23.7277259827, -72.7615432739, 54.6529350281, 63.5910453796, -41.8654785156, -43.8987159729, -21.6000099182, -19.0856933594, -45.4170875549], [-406.991363525, 74.6968460083, 342.501495361, 80.7711334229, 19.9093074799, -28.2686233521, 5.64887523651, 5.73231172562, 15.6233291626, -35.1144790649, 26.8797454834, -26.4723339081, 21.4394035339], [-470.035064697, 233.960540771, 80.7711334229, 246.048675537, 98.5745773315, -30.0348510742, 3.50390028954, 34.4350166321, -9.07940578461, -8.40218448639, -23.8023700714, 1.88310790062, -4.70265865326], [-351.331359863, -23.7277259827, 19.9093074799, 98.5745773315, 182.678100586, 37.0391349792, -19.8556003571, 18.9676513672, -0.176042959094, 40.2117004395, -8.75749015808, -4.92059087753, 0.00276828347705], [-64.1352233887, -72.7615432739, -28.2686233521, -30.0348510742, 37.0391349792, 130.527893066, 31.6308956146, -13.3814582825, 11.3344478607, 35.7032432556, 2.9204158783, 23.4560699463, -7.27361297607], [-59.4871749878, 54.6529350281, 5.64887523651, 3.50390028954, -19.8556003571, 31.6308956146, 91.7618789673, 22.5890827179, 3.6714193821, 5.32256603241, 8.21334457397, 11.0550546646, -17.2907600403], [-128.382324219, 63.5910453796, 5.73231172562, 34.4350166321, 18.9676513672, -13.3814582825, 22.5890827179, 101.856681824, 25.8657608032, 13.170083046, -2.95798802376, -0.527832210064, 20.1136264801], [-9.24620246887, -41.8654785156, 15.6233291626, -9.07940578461, -0.176042959094, 11.3344478607, 3.6714193821, 25.8657608032, 89.5692672729, 31.7975215912, 16.9942741394, 14.9682531357, 16.1514835358], [-59.6359367371, -43.8987159729, -35.1144790649, -8.40218448639, 40.2117004395, 35.7032432556, 5.32256603241, 13.170083046, 31.7975215912, 106.863296509, 23.1449966431, 20.3874130249, 1.32413303852], [1.08364510536, -21.6000099182, 26.8797454834, -23.8023700714, -8.75749015808, 2.9204158783, 8.21334457397, -2.95798802376, 16.9942741394, 23.1449966431, 86.1149978638, 4.27055931091, 5.30445432663], [1.69840097427, -19.0856933594, -26.4723339081, 1.88310790062, -4.92059087753, 23.4560699463, 11.0550546646, -0.527832210064, 14.9682531357, 20.3874130249, 4.27055931091, 82.9339141846, 20.866060257], [24.4421787262, -45.4170875549, 21.4394035339, -4.70265865326, 0.00276828347705, -7.27361297607, -17.2907600403, 20.1136264801, 16.1514835358, 1.32413303852, 5.30445432663, 20.866060257, 94.1379394531]],
