{
"lowlevel": {
    "average_loudness": 0.989693343639,
    "barkbands_crest": {
        "dmean": 3.49467658997,
        "dmean2": 6.40526485443,
        "dvar": 6.20164346695,
        "dvar2": 18.4934883118,
        "max": 16.5449790955,
        "mean": 8.04110527039,
        "median": 7.69467878342,
        "min": 3.90437054634,
        "var": 7.70054578781
    },
    "barkbands_flatness_db": {
        "dmean": 0.0170581564307,
        "dmean2": 0.0300399661064,
        "dvar": 0.000130198342958,
        "dvar2": 0.000407115061535,
        "max": 0.197498217225,
        "mean": 0.157399222255,
        "median": 0.156082198024,
        "min": 0.125997170806,
        "var": 0.000230662582908
    },
    "barkbands_kurtosis": {
        "dmean": 0.640653848648,
        "dmean2": 1.12319839001,
        "dvar": 0.491111695766,
        "dvar2": 1.52265417576,
        "max": 3.23717880249,
        "mean": -0.600258350372,
        "median": -0.795820474625,
        "min": -1.65248167515,
        "var": 0.553583681583
    },
    "barkbands_skewness": {
        "dmean": 0.546522676945,
        "dmean2": 0.972181856632,
        "dvar": 0.131936863065,
        "dvar2": 0.418473154306,
        "max": 0.682991147041,
        "mean": -0.437942892313,
        "median": -0.404021948576,
        "min": -1.82771503925,
        "var": 0.237714827061
    },
    "barkbands_spread": {
        "dmean": 6.28957796097,
        "dmean2": 11.4514665604,
        "dvar": 18.6564540863,
        "dvar2": 58.9147109985,
        "max": 39.0205955505,
        "mean": 22.7046089172,
        "median": 22.6090068817,
        "min": 13.3888940811,
        "var": 24.6317844391
    },
    "dissonance": {
        "dmean": 0.0166917294264,
        "dmean2": 0.0286167636514,
        "dvar": 0.000338734680554,
        "dvar2": 0.00054097227985,
        "max": 0.497078806162,
        "mean": 0.475106328726,
        "median": 0.476927101612,
        "min": 0.25148665905,
        "var": 0.000392067828216
    },
    "dynamic_complexity": 0.531012058258,
    "erbbands_crest": {
        "dmean": 2.77475142479,
        "dmean2": 4.88768434525,
        "dvar": 5.17608118057,
        "dvar2": 13.0821409225,
        "max": 24.6941013336,
        "mean": 9.85300731659,
        "median": 9.27844905853,
        "min": 5.64291095734,
        "var": 8.28858089447
    },
    "erbbands_flatness_db": {
        "dmean": 0.0153242265806,
        "dmean2": 0.0254635810852,
        "dvar": 0.000110310378659,
        "dvar2": 0.000317812315188,
        "max": 0.319448292255,
        "mean": 0.265320062637,
        "median": 0.26389759779,
        "min": 0.227644905448,
        "var": 0.000275515776593
    },
    "erbbands_kurtosis": {
        "dmean": 2.59993290901,
        "dmean2": 4.79225635529,
        "dvar": 4.26422929764,
        "dvar2": 12.9649620056,
        "max": 10.5424079895,
        "mean": 0.72315132618,
        "median": 0.212298154831,
        "min": -1.5700571537,
        "var": 4.40696620941
    },
    "erbbands_skewness": {
        "dmean": 0.816950678825,
        "dmean2": 1.48915719986,
        "dvar": 0.266374289989,
        "dvar2": 0.891531646252,
        "max": 0.597806751728,
        "mean": -0.890981674194,
        "median": -0.876359760761,
        "min": -2.81875872612,
        "var": 0.368826597929
    },
    "erbbands_spread": {
        "dmean": 5.10199689865,
        "dmean2": 9.12471389771,
        "dvar": 13.0017528534,
        "dvar2": 38.9912147522,
        "max": 31.5659503937,
        "mean": 18.6268119812,
        "median": 19.1442508698,
        "min": 7.00165271759,
        "var": 22.6659679413
    },
    "hfc": {
        "dmean": 9.01623725891,
        "dmean2": 14.042881012,
        "dvar": 55.1586265564,
        "dvar2": 118.298416138,
        "max": 76.2691192627,
        "mean": 34.804977417,
        "median": 34.2744178772,
        "min": 1.2461874485,
        "var": 106.557250977
    },
    "melbands_crest": {
        "dmean": 3.81506705284,
        "dmean2": 6.73738527298,
        "dvar": 7.58154249191,
        "dvar2": 22.552778244,
        "max": 18.5317134857,
        "mean": 9.26217460632,
        "median": 8.69160747528,
        "min": 3.97503423691,
        "var": 10.4751787186
    },
    "melbands_flatness_db": {
        "dmean": 0.0176347158849,
        "dmean2": 0.0317134931684,
        "dvar": 0.000154164910782,
        "dvar2": 0.000479483540403,
        "max": 0.219987422228,
        "mean": 0.177850484848,
        "median": 0.177967056632,
        "min": 0.140341982245,
        "var": 0.000226473624934
    },
    "melbands_kurtosis": {
        "dmean": 0.808733105659,
        "dmean2": 1.46692764759,
        "dvar": 0.372954666615,
        "dvar2": 1.10202240944,
        "max": 2.24626874924,
        "mean": -0.746190965176,
        "median": -0.928235530853,
        "min": -1.70618259907,
        "var": 0.468269795179
    },
    "melbands_skewness": {
        "dmean": 0.380312353373,
        "dmean2": 0.637231588364,
        "dvar": 0.0701035186648,
        "dvar2": 0.219742774963,
        "max": 1.42004477978,
        "mean": 0.354358881712,
        "median": 0.401814192533,
        "min": -0.855601549149,
        "var": 0.161560967565
    },
    "melbands_spread": {
        "dmean": 17.9343032837,
        "dmean2": 33.2076873779,
        "dvar": 127.487731934,
        "dvar2": 409.181488037,
        "max": 78.2354507446,
        "mean": 50.6350212097,
        "median": 50.7472763062,
        "min": 22.7845020294,
        "var": 159.710174561
    },
    "pitch_salience": {
        "dmean": 0.0614353008568,
        "dmean2": 0.105159036815,
        "dvar": 0.00236348132603,
        "dvar2": 0.00708271563053,
        "max": 0.843087136745,
        "mean": 0.575653612614,
        "median": 0.57609796524,
        "min": 0.409863263369,
        "var": 0.00402095913887
    },
    "silence_rate_20dB": {
        "dmean": 0,
        "dmean2": 0,
        "dvar": 0,
        "dvar2": 0,
        "max": 1,
        "mean": 1,
        "median": 1,
        "min": 1,
        "var": 0
    },
    "silence_rate_30dB": {
        "dmean": 0,
        "dmean2": 0,
        "dvar": 0,
        "dvar2": 0,
        "max": 1,
        "mean": 1,
        "median": 1,
        "min": 1,
        "var": 0
    },
    "silence_rate_60dB": {
        "dmean": 0,
        "dmean2": 0,
        "dvar": 0,
        "dvar2": 0,
        "max": 0,
        "mean": 0,
        "median": 0,
        "min": 0,
        "var": 0
    },
    "spectral_centroid": {
        "dmean": 298.549530029,
        "dmean2": 546.169128418,
        "dvar": 30544.5078125,
        "dvar2": 99912.1171875,
        "max": 2710.84716797,
        "mean": 2119.46020508,
        "median": 2137.31079102,
        "min": 1540.44055176,
        "var": 54718.8164062
    },
    "spectral_complexity": {
        "dmean": 3.18571424484,
        "dmean2": 5.1961722374,
        "dvar": 13.6464681625,
        "dvar2": 23.468711853,
        "max": 42,
        "mean": 30.5118484497,
        "median": 31,
        "min": 1,
        "var": 16.9228420258
    },
    "spectral_decrease": {
        "dmean": 1.54920165585e-09,
        "dmean2": 2.74368172626e-09,
        "dvar": 1.13393185732e-18,
        "dvar2": 2.9977405902e-18,
        "max": -1.25254320804e-10,
        "mean": -5.26070120799e-09,
        "median": -5.25295673626e-09,
        "min": -8.52687698227e-09,
        "var": 1.89058022661e-18
    },
    "spectral_energy": {
        "dmean": 0.00643271999434,
        "dmean2": 0.0112745221704,
        "dvar": 2.06901368074e-05,
        "dvar2": 5.17798289366e-05,
        "max": 0.0383405424654,
        "mean": 0.0230119619519,
        "median": 0.0229345280677,
        "min": 0.000585771165788,
        "var": 3.50012051058e-05
    },
    "spectral_energyband_high": {
        "dmean": 6.16709658061e-05,
        "dmean2": 9.86272134469e-05,
        "dvar": 3.20449600189e-09,
        "dvar2": 8.02964450486e-09,
        "max": 0.000506555661559,
        "mean": 0.000187882847968,
        "median": 0.000179062699317,
        "min": 7.74391082814e-06,
        "var": 5.03490538151e-09
    },
    "spectral_energyband_low": {
        "dmean": 0.000615302065853,
        "dmean2": 0.0010485528037,
        "dvar": 2.2439782299e-07,
        "dvar2": 6.25188704362e-07,
        "max": 0.00324189546518,
        "mean": 0.00130574812647,
        "median": 0.00120998895727,
        "min": 1.66720237758e-05,
        "var": 3.56370321697e-07
    },
    "spectral_energyband_middle_high": {
        "dmean": 0.00375985493883,
        "dmean2": 0.00568114127964,
        "dvar": 9.87147268461e-06,
        "dvar2": 2.21479913307e-05,
        "max": 0.0313782095909,
        "mean": 0.0136744882911,
        "median": 0.0126451263204,
        "min": 0.000498935871292,
        "var": 2.05795713555e-05
    },
    "spectral_energyband_middle_low": {
        "dmean": 0.00514648808166,
        "dmean2": 0.00962296966463,
        "dvar": 1.25080123325e-05,
        "dvar2": 3.5934997868e-05,
        "max": 0.0240523088723,
        "mean": 0.00796558149159,
        "median": 0.00722607085481,
        "min": 6.62462261971e-05,
        "var": 1.78770860657e-05
    },
    "spectral_entropy": {
        "dmean": 0.0858552455902,
        "dmean2": 0.14208227396,
        "dvar": 0.00337322242558,
        "dvar2": 0.0099365497008,
        "max": 7.58107042313,
        "mean": 7.36773300171,
        "median": 7.3713092804,
        "min": 6.97478914261,
        "var": 0.00899997446686
    },
    "spectral_flux": {
        "dmean": 0.014827940613,
        "dmean2": 0.0230493657291,
        "dvar": 0.000107250365545,
        "dvar2": 0.000222012109589,
        "max": 0.135616615415,
        "mean": 0.0949876531959,
        "median": 0.0942984223366,
        "min": 0.05958583951,
        "var": 0.000231302255997
    },
    "spectral_kurtosis": {
        "dmean": 4.6587677002,
        "dmean2": 8.28705596924,
        "dvar": 14.3729839325,
        "dvar2": 41.4074630737,
        "max": 36.4038162231,
        "mean": 9.55368995667,
        "median": 8.58831119537,
        "min": 2.89775943756,
        "var": 24.5902462006
    },
    "spectral_rms": {
        "dmean": 0.000675092509482,
        "dmean2": 0.00117266923189,
        "dvar": 2.56895845041e-07,
        "dvar2": 5.76350487336e-07,
        "max": 0.00611599581316,
        "mean": 0.0046927514486,
        "median": 0.00473023764789,
        "min": 0.000755965651479,
        "var": 4.28773603289e-07
    },
    "spectral_rolloff": {
        "dmean": 208.15423584,
        "dmean2": 388.627838135,
        "dvar": 29849.1542969,
        "dvar2": 91612.140625,
        "max": 3186.9140625,
        "mean": 2576.94335938,
        "median": 2583.984375,
        "min": 2045.65429688,
        "var": 31948.6699219
    },
    "spectral_skewness": {
        "dmean": 0.39912879467,
        "dmean2": 0.702630519867,
        "dvar": 0.118876256049,
        "dvar2": 0.302547395229,
        "max": 4.47670221329,
        "mean": 1.28097808361,
        "median": 1.18628001213,
        "min": 0.559934079647,
        "var": 0.202777594328
    },
    "spectral_spread": {
        "dmean": 177226.140625,
        "dmean2": 298987.90625,
        "dvar": 24061247488,
        "dvar2": 58147782656,
        "max": 3075818.25,
        "mean": 1814262.875,
        "median": 1817662,
        "min": 1315715.375,
        "var": 39336542208
    },
    "spectral_strongpeak": {
        "dmean": 1.42941212654,
        "dmean2": 2.44700312614,
        "dvar": 2.24811840057,
        "dvar2": 4.59240818024,
        "max": 15.130115509,
        "mean": 2.29032349586,
        "median": 1.83805882931,
        "min": 0.136743590236,
        "var": 3.52335596085
    },
    "zerocrossingrate": {
        "dmean": 0.00599423376843,
        "dmean2": 0.00924930814654,
        "dvar": 3.87078071071e-05,
        "dvar2": 5.60720436624e-05,
        "max": 0.1015625,
        "mean": 0.0790599063039,
        "median": 0.07861328125,
        "min": 0.0234375,
        "var": 8.66447880981e-05
    },
    "barkbands": {
        "dmean": [1.23716936287e-05, 0.000539530126844, 0.000122370372992, 0.000185523691471, 0.00113358325325, 0.000142527438584, 2.42802889261e-05, 8.37568004499e-05, 0.00554619869217, 0.000485298369313, 0.000357272510882, 0.000768715632148, 9.93440189632e-05, 0.000464213750092, 0.00112805352546, 0.00149759394117, 0.00182301783934, 0.000602404412348, 0.000524426926859, 6.18114718236e-05, 4.31337975897e-05, 4.24340851168e-06, 6.61432068227e-07, 5.83078417549e-07, 2.20587907052e-07, 5.65136559771e-08, 1.36192630507e-08],
        "dmean2": [2.0261903046e-05, 0.000927003682591, 0.000194641004782, 0.000316178717185, 0.00199469318613, 0.000224402625463, 4.19483294536e-05, 0.00015276481281, 0.0103832241148, 0.000856754544657, 0.000603296095505, 0.00141866516788, 0.000167685459019, 0.000772457686253, 0.00193021865562, 0.00245632929727, 0.00307952822186, 0.00101167359389, 0.000920075690374, 0.000102161640825, 6.88107757014e-05, 6.79703316564e-06, 1.16878834433e-06, 9.51703498231e-07, 3.56657039902e-07, 9.51230987312e-08, 2.19965645698e-08],
        "dvar": [1.33757713239e-10, 1.59235042929e-07, 1.15520570887e-08, 2.01066931993e-08, 1.11144311177e-06, 1.8985490513e-08, 9.59856305549e-10, 1.03327781886e-08, 1.28428400785e-05, 2.77012560446e-07, 2.10823301927e-07, 4.14949113292e-07, 2.10647606025e-08, 4.699996623e-07, 2.23093502427e-06, 1.70092994267e-06, 4.337081009e-06, 2.64970509534e-07, 2.37352892896e-07, 3.42477024518e-09, 1.41799971765e-09, 1.08705518545e-11, 4.31602968426e-13, 2.1945340239e-13, 3.16033583038e-14, 1.98937694355e-15, 1.22235179034e-16],
        "dvar2": [3.43697043048e-10, 4.45061232313e-07, 2.95846316334e-08, 5.17368121677e-08, 3.24103029925e-06, 4.08158022935e-08, 2.70733324648e-09, 2.63518327159e-08, 3.94781527575e-05, 7.86108728335e-07, 5.54852022105e-07, 1.16166313546e-06, 6.1844666277e-08, 1.24303255689e-06, 5.97037478656e-06, 4.67764130008e-06, 8.73642511579e-06, 8.29198540941e-07, 6.4763185037e-07, 7.98803068136e-09, 3.89422272207e-09, 2.8768300242e-11, 1.13254089266e-12, 5.42830212204e-13, 9.18170365584e-14, 4.8929857697e-15, 2.96163243593e-16],
        "max": [8.35821192595e-05, 0.0022370070219, 0.00114726624452, 0.000909524038434, 0.00701526273042, 0.00215361989103, 0.000215674794163, 0.000583963934332, 0.0217600055039, 0.00532677304, 0.0036563698668, 0.00452622165903, 0.00111449626274, 0.00596920214593, 0.0141140613705, 0.00973243825138, 0.0221342407167, 0.00404527178034, 0.00375697133131, 0.000425026344601, 0.000343958410667, 3.01806885545e-05, 6.32323326499e-06, 4.38706092609e-06, 1.71920032699e-06, 3.76079896114e-07, 1.38363290603e-07],
        "mean": [1.73069802258e-05, 0.000817531428766, 0.000378876924515, 0.000223832917982, 0.00151810899843, 0.0004505867837, 3.32422860083e-05, 7.55489018047e-05, 0.00560321612284, 0.000610259419773, 0.000495035317726, 0.000963912985753, 0.000152916472871, 0.000728830811568, 0.00218328437768, 0.00287123234011, 0.00347778759897, 0.00116231595166, 0.000958608521614, 0.000160229799803, 0.000111673965876, 1.29003174152e-05, 1.50712958202e-06, 2.28405360758e-06, 7.06101673131e-07, 1.76674049612e-07, 7.52520250558e-08],
        "median": [1.28023948491e-05, 0.000729755847715, 0.000354704738129, 0.000179666400072, 0.00119938189164, 0.000338107347488, 2.4974335247e-05, 4.00579847337e-05, 0.00425659306347, 0.000446491176262, 0.000360769365216, 0.000781414157245, 0.000111494460725, 0.000579501735047, 0.00165641435888, 0.0025457132142, 0.00287416414358, 0.00104705872945, 0.000819092732854, 0.000143085824675, 0.000102187259472, 1.21466509881e-05, 1.3804971104e-06, 2.21121672439e-06, 6.52023857128e-07, 1.6645076073e-07, 7.41488861422e-08],
        "min": [1.91890961787e-07, 7.97525535745e-06, 6.22945162831e-06, 1.79124856459e-06, 2.8642448342e-06, 1.33755440856e-06, 2.59869420915e-06, 2.25518715524e-06, 4.12827794207e-05, 6.67915492158e-06, 2.23438473768e-05, 6.82878726366e-06, 7.42639531381e-06, 9.21136052057e-06, 2.68955191132e-05, 0.000183978030691, 0.00012027171033, 6.04144443059e-05, 4.41389311163e-05, 1.2311548744e-05, 1.89337549727e-06, 6.02065824751e-07, 2.35759003431e-08, 5.36616084901e-08, 2.15952251637e-08, 9.54176471168e-09, 6.2788898525e-09],
        "var": [1.94996838121e-10, 2.19230528842e-07, 4.45979821961e-08, 3.08328829135e-08, 1.66986569639e-06, 1.29643751734e-07, 9.38366717662e-10, 8.93381546518e-09, 1.69204558915e-05, 3.35672154961e-07, 2.81015985593e-07, 4.57692010514e-07, 2.33438104402e-08, 4.74997108313e-07, 4.38314782514e-06, 2.40128588302e-06, 7.08746574674e-06, 3.99292758857e-07, 2.8615949077e-07, 4.96768626235e-09, 2.82677059538e-09, 2.50826217435e-11, 4.87613963963e-13, 5.18466237824e-13, 6.20440520792e-14, 4.462988647e-15, 3.56659924872e-16]
    },
    "erbbands": {
        "dmean": [0.0170886125416, 0.120866417885, 0.168705150485, 0.365110486746, 2.8779759407, 4.49183082581, 0.922672152519, 0.933781802654, 0.2283821702, 0.770459055901, 27.8786010742, 150.788421631, 13.9965715408, 16.0968418121, 21.3542022705, 21.6871395111, 4.33684682846, 14.5564556122, 44.4538078308, 67.5988922119, 81.1058883667, 96.1480255127, 43.8365020752, 38.1731338501, 8.71710395813, 3.33651828766, 1.40726995468, 1.68316495419, 0.197549372911, 0.039952211082, 0.0193901471794, 0.0156731344759, 0.00790610164404, 0.00424676528201, 0.000511197489686, 0.000323455198668, 8.44801397761e-05, 3.89554952562e-06, 3.73147372557e-06, 7.78815683589e-06],
        "dmean2": [0.0324230454862, 0.196406558156, 0.269972532988, 0.645132780075, 5.01230287552, 8.16180801392, 1.56825506687, 1.48124742508, 0.401521235704, 1.3896355629, 52.4158287048, 280.82699585, 25.9140033722, 28.469833374, 37.1275482178, 39.6433296204, 7.34546232224, 24.2264690399, 76.4554519653, 116.080566406, 130.839736938, 161.295028687, 73.723991394, 67.44896698, 14.5612831116, 5.51456451416, 2.26996850967, 2.77254033089, 0.303668916225, 0.0664133429527, 0.0339046195149, 0.0262016803026, 0.0125568564981, 0.00693125696853, 0.000855893245898, 0.000533274142072, 0.000140355987241, 5.96275503995e-06, 5.9384474298e-06, 1.33306921271e-05],
        "dvar": [0.000153092230903, 0.00854131951928, 0.0217414945364, 0.0763102918863, 6.83497047424, 19.9675693512, 0.658803403378, 0.937285959721, 0.0627663582563, 0.485744297504, 335.838256836, 9554.74804688, 100.427856445, 284.203399658, 452.29498291, 425.313110352, 32.5925865173, 354.36819458, 5960.72509766, 3505.56494141, 4848.30126953, 15638.8623047, 1849.03955078, 1413.87963867, 62.1582794189, 11.1722211838, 1.8484762907, 2.43513298035, 0.024292724207, 0.00109819264617, 0.00050534401089, 0.000167410325957, 3.96156756324e-05, 1.14280537673e-05, 1.80194916766e-07, 7.00757780692e-08, 4.57975879442e-09, 9.26130526435e-12, 8.8703931353e-12, 3.28393597038e-11],
        "dvar2": [0.000469773338409, 0.0216887593269, 0.0473688803613, 0.204846009612, 20.4843292236, 59.8406715393, 1.52353954315, 1.8708987236, 0.17969994247, 1.38224434853, 1009.82623291, 29817.3320312, 291.761108398, 771.864929199, 1282.10681152, 1199.78063965, 88.164680481, 940.853027344, 15581.7451172, 9703.43359375, 13664.4033203, 28828.8730469, 4996.36132812, 3949.95751953, 163.38079834, 28.1427154541, 4.72825288773, 6.33297395706, 0.0659283697605, 0.00291089597158, 0.00135228969157, 0.000463336094981, 9.78367970674e-05, 3.32021227223e-05, 4.37242022144e-07, 1.88720989058e-07, 1.08837987511e-08, 2.01491219542e-11, 1.66947237284e-11, 7.51884526862e-11],
        "max": [0.0666534602642, 0.533619701862, 1.33377218246, 1.81150829792, 19.9443836212, 27.5173625946, 11.3571624756, 13.9857282639, 2.0638449192, 5.59718179703, 109.775726318, 632.129821777, 72.0580444336, 135.889755249, 168.48739624, 196.808334351, 44.6432342529, 166.592437744, 781.120666504, 436.008209229, 516.391052246, 1442.41174316, 384.195007324, 282.070770264, 66.5273208618, 25.1122646332, 11.3828048706, 14.9615621567, 1.57487499714, 0.295704394579, 0.24511513114, 0.11423265934, 0.0636789575219, 0.032821174711, 0.00420348811895, 0.0028605281841, 0.000524297589436, 5.19374334544e-05, 3.89484230254e-05, 5.48331991013e-05],
        "mean": [0.0196995921433, 0.198344096541, 0.516366124153, 0.563105225563, 3.78167152405, 5.39536714554, 3.0300681591, 2.74129056931, 0.419427275658, 1.10491847992, 26.525434494, 156.23765564, 17.1651248932, 23.2463436127, 34.6682128906, 30.0615539551, 8.57564163208, 25.788898468, 87.3770141602, 134.056137085, 156.474563599, 194.300018311, 96.9953842163, 67.6305160522, 24.1221427917, 8.38485336304, 3.92013669014, 4.06225967407, 0.64690798521, 0.131427258253, 0.0489724986255, 0.0528704561293, 0.0308077558875, 0.0136497905478, 0.00202999194153, 0.00123108574189, 0.000206480704946, 2.36708710872e-05, 2.34714225371e-05, 3.14213284582e-05],
        "median": [0.0171769931912, 0.169994980097, 0.497878909111, 0.486739307642, 2.9203414917, 3.60696387291, 2.60747599602, 2.00095033646, 0.363787978888, 0.915975034237, 19.5850105286, 119.571281433, 14.9376144409, 18.4112205505, 30.6827049255, 26.0508270264, 6.48419618607, 21.1864929199, 53.0377616882, 121.800735474, 131.480316162, 159.900787354, 83.4550857544, 55.6715583801, 23.0015602112, 7.52851247787, 3.63493824005, 3.50714635849, 0.614421248436, 0.125337600708, 0.0449769087136, 0.0500000454485, 0.0297398474067, 0.0127029744908, 0.00200034375302, 0.00119272642769, 0.000193477768335, 2.29554061661e-05, 2.35187308135e-05, 3.05579051201e-05],
        "min": [0.000206917145988, 0.00189897418022, 0.00668012723327, 0.00836018100381, 0.00472563738003, 0.0107542751357, 0.0200368203223, 0.00669300975278, 0.0204935949296, 0.103478997946, 0.431535214186, 0.961918711662, 0.457900285721, 0.314609855413, 1.10188400745, 0.324957460165, 0.340295732021, 0.531156718731, 1.00357365608, 2.86941385269, 10.9456014633, 7.69025850296, 4.93642568588, 2.00270223618, 1.57457566261, 0.707906424999, 0.114489138126, 0.0610102675855, 0.0248141027987, 0.00258592399769, 0.000810750352684, 0.000618391728494, 0.00113859737758, 0.000447854516096, 6.59808356431e-05, 4.41163901996e-05, 1.7166530597e-05, 3.7196411995e-06, 1.30114165131e-06, 9.26666643863e-07],
        "var": [0.000167960039107, 0.0128737669438, 0.0740058794618, 0.122425302863, 9.75951576233, 25.0860443115, 3.69339847565, 5.50156450272, 0.0717057883739, 0.59551513195, 419.227386475, 12794.6660156, 125.714599609, 354.287475586, 609.754821777, 484.838867188, 46.0116271973, 408.366119385, 12648.3242188, 4858.98388672, 7026.45605469, 24601.2851562, 3302.68896484, 1654.29772949, 86.2929611206, 13.9231081009, 2.63036561012, 5.1003575325, 0.0548291392624, 0.00219330168329, 0.000538527267054, 0.000343141349731, 9.16612552828e-05, 2.22554408538e-05, 3.68443608068e-07, 1.56677458563e-07, 9.48985157123e-09, 3.03871511287e-11, 2.1234645986e-11, 5.88964849113e-11]
    },
    "gfcc": {
        "mean": [-21.2479248047, 127.935760498, -195.454879761, 39.3810462952, -21.4016170502, -6.67915916443, -20.9338474274, 14.4550294876, -15.4554958344, -21.947265625, -24.2651901245, -14.0226068497, 9.27874565125],
        "cov": [[322.259490967, 52.7066574097, 21.261089325, 1.0315656662, -22.4601554871, 4.98112678528, -7.08567810059, -19.0220661163, -7.8279004097, -13.3508415222, -13.5632972717, -9.59819698334, 5.91985082626], [52.7066574097, 49.6348648071, 20.4461746216, -14.8143539429, -13.554312706, 4.53243923187, 6.86309909821, -3.7448387146, 2.68702578545, -0.804054617882, -6.8587012291, -11.1277513504, 1.09358370304], [21.261089325, 20.4461746216, 67.2813568115, 38.2168159485, -5.28150653839, 6.02884244919, -10.9409246445, -3.1867043972, -7.82914638519, -6.99077939987, -13.6393022537, 1.28966760635, -2.84696602821], [1.0315656662, -14.8143539429, 38.2168159485, 89.2437133789, 27.6684970856, -10.9621477127, -30.940946579, -25.8235778809, -18.4639797211, -4.25113201141, 8.00017356873, 18.2873077393, 10.3371973038], [-22.4601554871, -13.554312706, -5.28150653839, 27.6684970856, 49.9299201965, 10.7255582809, -13.8086462021, -10.5446138382, -3.85057759285, 5.02795696259, 8.93823623657, 5.27526140213, 1.13077259064], [4.98112678528, 4.53243923187, 6.02884244919, -10.9621477127, 10.7255582809, 40.4118995667, 17.0552406311, 7.189057827, -1.21479380131, -3.36134409904, -7.32404327393, -14.8109455109, -6.75081539154], [-7.08567810059, 6.86309909821, -10.9409246445, -30.940946579, -13.8086462021, 17.0552406311, 47.5002403259, 37.1387786865, 15.4459123611, -0.382972121239, -6.38063812256, -6.79739236832, -5.6129283905], [-19.0220661163, -3.7448387146, -3.1867043972, -25.8235778809, -10.5446138382, 7.189057827, 37.1387786865, 56.1256332397, 29.349029541, 1.49703633785, -2.42894434929, -0.140957728028, -4.82199573517], [-7.8279004097, 2.68702578545, -7.82914638519, -18.4639797211, -3.85057759285, -1.21479380131, 15.4459123611, 29.349029541, 35.9481430054, 16.0129852295, 2.0704035759, 2.41584825516, 3.37479329109], [-13.3508415222, -0.804054617882, -6.99077939987, -4.25113201141, 5.02795696259, -3.36134409904, -0.382972121239, 1.49703633785, 16.0129852295, 36.7636604309, 14.7262849808, 5.88916778564, 5.02748537064], [-13.5632972717, -6.8587012291, -13.6393022537, 8.00017356873, 8.93823623657, -7.32404327393, -6.38063812256, -2.42894434929, 2.0704035759, 14.7262849808, 31.4182453156, 16.7705192566, 8.63149642944], [-9.59819698334, -11.1277513504, 1.28966760635, 18.2873077393, 5.27526140213, -14.8109455109, -6.79739236832, -0.140957728028, 2.41584825516, 5.88916778564, 16.7705192566, 36.0878639221, 13.5850925446], [5.91985082626, 1.09358370304, -2.84696602821, 10.3371973038, 1.13077259064, -6.75081539154, -5.6129283905, -4.82199573517, 3.37479329109, 5.02748537064, 8.63149642944, 13.5850925446, 22.0895900726]],
        "icov": [[0.00478077167645, -0.0117261577398, 0.0108448127285, -0.00785563327372, 0.00726945511997, -0.00826186593622, 0.0102202640846, -0.00761868525296, 0.00330508570187, -0.00235330872238, 0.00660485355183, -0.00541707500815, 0.00319132092409], [-0.0117261577398, 0.109555780888, -0.111029282212, 0.0745011419058, -0.0512239746749, 0.0677031651139, -0.0985778495669, 0.0966621264815, -0.0492188483477, 0.0374746620655, -0.0632734671235, 0.0568623356521, -0.0433456674218], [0.0108448127285, -0.111029282212, 0.155831441283, -0.102603763342, 0.0782249197364, -0.095661200583, 0.125815659761, -0.118092671037, 0.056167639792, -0.0500823259354, 0.0878651365638, -0.0694467350841, 0.054834663868], [-0.00785563327372, 0.0745011419058, -0.102603763342, 0.0873549804091, -0.0610116422176, 0.0661886706948, -0.0758266896009, 0.0747851207852, -0.0279171131551, 0.0331369824708, -0.0541644692421, 0.0397594757378, -0.0418414063752], [0.00726945511997, -0.0512239746749, 0.0782249197364, -0.0610116422176, 0.0752084329724, -0.0674196556211, 0.0729723647237, -0.0552890859544, 0.0194594245404, -0.0257303714752, 0.0365733504295, -0.0373146124184, 0.0327804908156], [-0.00826186593622, 0.0677031651139, -0.095661200583, 0.0661886706948, -0.0674196556211, 0.10422808677, -0.0989971160889, 0.0740106627345, -0.0263139419258, 0.0303780827671, -0.0510632432997, 0.0569563470781, -0.0361043252051], [0.0102202640846, -0.0985778495669, 0.125815659761, -0.0758266896009, 0.0729723647237, -0.0989971160889, 0.169149801135, -0.141031816602, 0.0623700618744, -0.0483811236918, 0.0762048438191, -0.060954220593, 0.0412379652262], [-0.00761868525296, 0.0966621264815, -0.118092671037, 0.0747851207852, -0.0552890859544, 0.0740106627345, -0.141031816602, 0.168317720294, -0.100302509964, 0.0614576674998, -0.0761574357748, 0.0481983907521, -0.0251524746418], [0.00330508570187, -0.0492188483477, 0.056167639792, -0.0279171131551, 0.0194594245404, -0.0263139419258, 0.0623700618744, -0.100302509964, 0.110246114433, -0.0558106414974, 0.0476487912238, -0.0245186090469, -0.000911578827072], [-0.00235330872238, 0.0374746620655, -0.0500823259354, 0.0331369824708, -0.0257303714752, 0.0303780827671, -0.0483811236918, 0.0614576674998, -0.0558106414974, 0.0674461126328, -0.0511870644987, 0.0249253865331, -0.0136147141457], [0.00660485355183, -0.0632734671235, 0.0878651365638, -0.0541644692421, 0.0365733504295, -0.0510632432997, 0.0762048438191, -0.0761574357748, 0.0476487912238, -0.0511870644987, 0.105855882168, -0.0579921007156, 0.0219673868269], [-0.00541707500815, 0.0568623356521, -0.0694467350841, 0.0397594757378, -0.0373146124184, 0.0569563470781, -0.060954220593, 0.0481983907521, -0.0245186090469, 0.0249253865331, -0.0579921007156, 0.0857239961624, -0.0465571880341], [0.00319132092409, -0.0433456674218, 0.054834663868, -0.0418414063752, 0.0327804908156, -0.0361043252051, 0.0412379652262, -0.0251524746418, -0.000911578827072, -0.0136147141457, 0.0219673868269, -0.0465571880341, 0.0887712910771]]
    },
    "melbands": {
        "dmean": [0.000148409279063, 0.000112710717076, 9.99502590275e-05, 0.000312837189995, 4.87691468152e-05, 2.27231375902e-05, 4.0118789002e-06, 5.417723969e-06, 0.000450904015452, 0.000831088225823, 4.12551635236e-05, 6.87164647388e-05, 6.25355824013e-05, 0.000107063060568, 1.65250312421e-05, 1.02824960777e-05, 3.07824629999e-05, 7.15420173947e-05, 8.52177181514e-05, 8.55962789501e-05, 0.000113874564704, 9.24482228584e-05, 0.000104294122139, 2.17221077037e-05, 3.70038505935e-05, 9.07855701371e-06, 3.54614985554e-06, 2.21467121264e-06, 6.86894736646e-07, 1.53821861204e-06, 6.82953952946e-07, 1.22425703353e-07, 6.41365716092e-08, 1.58139563666e-08, 1.5203527326e-08, 8.92555185317e-09, 1.12491838067e-08, 7.69521335542e-09, 4.39284608689e-09, 3.75019792997e-09],
        "dmean2": [0.000272879435215, 0.000173023538082, 0.000178174392204, 0.000553910038434, 8.50511205499e-05, 3.57598764822e-05, 7.00288455846e-06, 9.50414869294e-06, 0.000847349059768, 0.0015475298278, 7.57985544624e-05, 0.000121191194921, 0.000104440907307, 0.000198112262296, 2.73828172794e-05, 1.67841753864e-05, 5.12706792506e-05, 0.00012232818699, 0.000147982005728, 0.000145244441228, 0.000185660479474, 0.000152716631419, 0.000179677343112, 3.51804483216e-05, 6.53728711768e-05, 1.54891004058e-05, 5.88116654399e-06, 3.71388819076e-06, 1.13495582355e-06, 2.45220076067e-06, 1.1342228845e-06, 1.96610486114e-07, 1.1214545026e-07, 2.81427041671e-08, 2.73221889557e-08, 1.44996032958e-08, 1.87676274521e-08, 1.28160930757e-08, 7.14284542624e-09, 6.24448448505e-09],
        "dvar": [1.18001706184e-08, 8.4599216521e-09, 8.26144574972e-09, 8.78014247974e-08, 1.44965484061e-09, 5.26325760752e-10, 2.16274793213e-11, 4.53274570655e-11, 8.48831476219e-08, 2.91496434102e-07, 1.83087733863e-09, 5.76496494986e-09, 5.6421347594e-09, 8.14525069615e-09, 5.21908016804e-10, 1.28675403666e-10, 1.88992199668e-09, 1.49813388362e-08, 8.44468051042e-09, 6.40541975017e-09, 9.96565852063e-09, 1.38117615123e-08, 1.22062440155e-08, 4.17764850491e-10, 1.37235911524e-09, 6.20737072854e-11, 8.92932776331e-12, 5.44190040253e-12, 4.04286033904e-13, 1.95359245274e-12, 3.85291733414e-13, 9.76402830387e-15, 2.66536852776e-15, 1.89530186453e-16, 3.21665129233e-16, 5.32583413766e-17, 9.25508961631e-17, 3.8028116576e-17, 1.09438675106e-17, 9.68943653113e-18],
        "dvar2": [3.40557448908e-08, 1.9815198371e-08, 2.20857305777e-08, 2.54185408721e-07, 4.59325244506e-09, 1.06853281778e-09, 6.2377783494e-11, 1.19832421763e-10, 2.57525158531e-07, 9.09647269509e-07, 4.74494932234e-09, 1.57550914537e-08, 1.56933950279e-08, 2.27726619784e-08, 1.25973842469e-09, 3.5103894791e-10, 4.94790564076e-09, 3.97452630807e-08, 2.36726158676e-08, 1.74635186312e-08, 2.8460018342e-08, 2.63426596092e-08, 3.0377485416e-08, 1.09646680624e-09, 3.90254184524e-09, 1.68342215168e-10, 2.10903378095e-11, 1.45322373926e-11, 1.01886782431e-12, 5.53834799202e-12, 9.84060272505e-13, 2.64829424937e-14, 7.19228042195e-15, 5.16985977022e-16, 8.93798906822e-16, 1.64442473454e-16, 2.63647660451e-16, 9.60506642476e-17, 2.98375859087e-17, 2.85183420195e-17],
        "max": [0.000579615414608, 0.000698082032613, 0.000739444920328, 0.00195511197671, 0.000359805708285, 0.00034592524753, 3.21868137689e-05, 5.17503140145e-05, 0.0016148184659, 0.00347383716144, 0.000416943512391, 0.000664092192892, 0.000609907147009, 0.000633208604995, 0.000191977043869, 9.42129045143e-05, 0.000384711282095, 0.00111614307389, 0.000837798172142, 0.000564183690585, 0.00072823202936, 0.00134338927455, 0.000902143423446, 0.000237242158619, 0.000276262871921, 6.4519685111e-05, 2.25411076826e-05, 1.7421109078e-05, 4.77102321383e-06, 1.21170360217e-05, 5.98326596446e-06, 8.31780255339e-07, 4.08074185998e-07, 8.7248956504e-08, 1.70221809981e-07, 7.25470812313e-08, 7.51459481307e-08, 5.50406724642e-08, 3.19046478126e-08, 2.68062496644e-08],
        "mean": [0.000204860814847, 0.000267656578217, 0.000156876718393, 0.000412034190958, 0.000111080509669, 6.90351225785e-05, 5.44990098206e-06, 7.26036296328e-06, 0.000429890438681, 0.00086067977827, 4.79625050502e-05, 9.32456823648e-05, 9.62704871199e-05, 0.00013545191905, 2.61062796199e-05, 1.72592754097e-05, 4.85290802317e-05, 0.000128714949824, 0.000168588347151, 0.000161128657055, 0.000191373765119, 0.000173286898644, 0.000189014303032, 4.47398451797e-05, 5.83571636525e-05, 2.2037564122e-05, 8.85009012563e-06, 4.56737598142e-06, 1.74182855517e-06, 3.69735926142e-06, 1.59060823535e-06, 3.31381755814e-07, 1.70312787873e-07, 3.33089538174e-08, 2.7249107859e-08, 2.65507811292e-08, 3.47048967342e-08, 2.37103972012e-08, 1.56244173155e-08, 9.84958337114e-09],
        "median": [0.000186702542123, 0.000248866446782, 0.000132130197017, 0.000317705329508, 0.000104129423562, 5.20042231074e-05, 4.23456231147e-06, 4.70951363241e-06, 0.000319287762977, 0.000658617820591, 3.51302041963e-05, 7.04149133526e-05, 7.39356473787e-05, 0.000108559928776, 1.8669416022e-05, 1.27806415549e-05, 3.87750624213e-05, 7.1692164056e-05, 0.000140344112879, 0.00014957645908, 0.00015697949857, 0.000144898236613, 0.000146133694216, 3.85831044696e-05, 4.61894924229e-05, 1.97427070816e-05, 8.25765346235e-06, 4.04611000704e-06, 1.59894602803e-06, 3.37518417837e-06, 1.3719280787e-06, 3.04682572505e-07, 1.57123295708e-07, 3.0180320465e-08, 2.36397266207e-08, 2.5207180343e-08, 3.20882591609e-08, 2.26733813946e-08, 1.45306193744e-08, 9.06681396629e-09],
        "min": [2.11021983887e-06, 3.25998439621e-06, 1.34783442718e-06, 4.70073018732e-07, 6.97694758856e-07, 1.72663121134e-07, 3.59169803232e-07, 6.36013339772e-07, 4.3952645683e-06, 5.95101664658e-06, 2.07752327697e-06, 9.40861639265e-07, 3.97719031753e-06, 1.12697432542e-06, 7.90605668044e-07, 7.46873865864e-07, 9.49070397382e-07, 1.36501603265e-06, 1.97784584088e-06, 6.95123026162e-06, 1.33607718453e-05, 5.93490631218e-06, 9.45083502302e-06, 1.29455702336e-06, 1.66314021044e-06, 1.5796573507e-06, 6.75938906625e-07, 4.09957152669e-07, 4.73056545047e-08, 4.76305963559e-08, 3.3252650411e-08, 1.62223088296e-08, 4.23615675871e-09, 3.99653726779e-10, 4.49174447636e-10, 2.84246903792e-10, 3.83971132667e-10, 8.52224846248e-10, 7.29754812134e-10, 2.45864023585e-10],
        "var": [1.45467522472e-08, 1.85336137548e-08, 1.06704858283e-08, 1.28592517967e-07, 3.98595245699e-09, 3.35443006705e-09, 2.13290305556e-11, 5.23571498656e-11, 1.10164158684e-07, 3.87236980259e-07, 2.20412044172e-09, 7.0484498238e-09, 7.50345208189e-09, 8.85131878903e-09, 6.96257329569e-10, 1.89314619536e-10, 1.9678187968e-09, 3.00452249746e-08, 1.43028469068e-08, 8.56641246827e-09, 1.40117917269e-08, 2.14721804781e-08, 1.95912654988e-08, 8.31006763402e-10, 1.55796497925e-09, 9.51451764597e-11, 1.34588815787e-11, 5.82770854143e-12, 5.95949288182e-13, 3.63772640483e-12, 8.21395685843e-13, 1.88070113411e-14, 5.63755991759e-15, 2.23336991914e-16, 2.8676581009e-16, 1.118386437e-16, 1.66543525445e-16, 7.54545618267e-17, 2.47562236776e-17, 1.5735124266e-17]
    },
    "mfcc": {
        "mean": [-641.737609863, 144.681686401, -87.1529998779, 42.681854248, 12.8453836441, -5.71196842194, 5.96882247925, 14.6857976913, 22.8814792633, -1.22873556614, -9.74292755127, -8.18236160278, -18.3095226288],
        "cov": [[308.918182373, 38.6044769287, 8.96653079987, 2.90891075134, -9.15009117126, 14.6904230118, -2.28652739525, -10.3503952026, -5.24625730515, -14.1016016006, -10.8328590393, -9.0261516571, -23.2309875488], [38.6044769287, 57.4636116028, 5.88983345032, -27.8832168579, -18.7287368774, -2.2184484005, 0.839334368706, -4.74411392212, 12.8530912399, 10.1721525192, 5.95925855637, 3.27028203011, -5.16166305542], [8.96653079987, 5.88983345032, 76.6731109619, 23.4630527496, 2.15240430832, 6.64658260345, -3.83486437798, 4.92855405807, 2.76119351387, -2.72115135193, -9.51749324799, -5.26657533646, -3.27263975143], [2.90891075134, -27.8832168579, 23.4630527496, 74.2627716064, 30.9909896851, 7.23370885849, -12.7669248581, -11.9086637497, -17.8807067871, -24.0257549286, -7.86116123199, -1.66019713879, 4.13652896881], [-9.15009117126, -18.7287368774, 2.15240430832, 30.9909896851, 55.6592292786, 22.7553272247, -4.05727386475, -12.5005502701, -20.307641983, -8.34290122986, -1.4025247097, -7.97673940659, -1.95810711384], [14.6904230118, -2.2184484005, 6.64658260345, 7.23370885849, 22.7553272247, 38.2317771912, 8.33889865875, -11.7763881683, -12.361571312, -3.41518878937, -2.60394668579, -10.5512161255, -12.3626489639], [-2.28652739525, 0.839334368706, -3.83486437798, -12.7669248581, -4.05727386475, 8.33889865875, 32.2202987671, 14.8129968643, 1.28659772873, 6.72402477264, 1.46486961842, -1.76791965961, -8.20119380951], [-10.3503952026, -4.74411392212, 4.92855405807, -11.9086637497, -12.5005502701, -11.7763881683, 14.8129968643, 50.1144523621, 22.4061985016, 5.22229099274, -2.30495333672, 6.51958417892, 0.0141258826479], [-5.24625730515, 12.8530912399, 2.76119351387, -17.8807067871, -20.307641983, -12.361571312, 1.28659772873, 22.4061985016, 44.9164047241, 16.4015865326, 3.16225266457, 6.83945322037, 1.78767478466], [-14.1016016006, 10.1721525192, -2.72115135193, -24.0257549286, -8.34290122986, -3.41518878937, 6.72402477264, 5.22229099274, 16.4015865326, 43.5328369141, 12.2752141953, -3.78492951393, -1.51932895184], [-10.8328590393, 5.95925855637, -9.51749324799, -7.86116123199, -1.4025247097, -2.60394668579, 1.46486961842, -2.30495333672, 3.16225266457, 12.2752141953, 27.0075397491, 8.25940132141, -0.889340937138], [-9.0261516571, 3.27028203011, -5.26657533646, -1.66019713879, -7.97673940659, -10.5512161255, -1.76791965961, 6.51958417892, 6.83945322037, -3.78492951393, 8.25940132141, 29.9818820953, 13.7627716064], [-23.2309875488, -5.16166305542, -3.27263975143, 4.13652896881, -1.95810711384, -12.3626489639, -8.20119380951, 0.0141258826479, 1.78767478466, -1.51932895184, -0.889340937138, 13.7627716064, 39.2456626892]],
