{
"lowlevel": {
    "average_loudness": 0.987032413483,
    "barkbands_crest": {
        "dmean": 1.83490169048,
        "dmean2": 3.1169321537,
        "dvar": 2.06001353264,
        "dvar2": 5.51098632812,
        "max": 19.7160243988,
        "mean": 7.02940416336,
        "median": 6.3428401947,
        "min": 3.14928841591,
        "var": 6.74082517624
    },
    "barkbands_flatness_db": {
        "dmean": 0.0118633136153,
        "dmean2": 0.0198103394359,
        "dvar": 9.38286611927e-05,
        "dvar2": 0.000215581516386,
        "max": 0.227898165584,
        "mean": 0.141385599971,
        "median": 0.138290479779,
        "min": 0.0689752027392,
        "var": 0.000344566738931
    },
    "barkbands_kurtosis": {
        "dmean": 1.15361642838,
        "dmean2": 1.9939994812,
        "dvar": 1.54436933994,
        "dvar2": 3.71996760368,
        "max": 12.8370866776,
        "mean": -0.378620803356,
        "median": -0.879735589027,
        "min": -1.83375275135,
        "var": 2.99494934082
    },
    "barkbands_skewness": {
        "dmean": 0.549951255322,
        "dmean2": 0.934922337532,
        "dvar": 0.149432882667,
        "dvar2": 0.398637890816,
        "max": 3.53601670265,
        "mean": -0.503671228886,
        "median": -0.663938701153,
        "min": -2.06381416321,
        "var": 0.775191426277
    },
    "barkbands_spread": {
        "dmean": 8.7813835144,
        "dmean2": 15.0997819901,
        "dvar": 44.4792251587,
        "dvar2": 138.502593994,
        "max": 55.9001312256,
        "mean": 36.7308769226,
        "median": 37.7012634277,
        "min": 9.91966533661,
        "var": 103.128913879
    },
    "dissonance": {
        "dmean": 0.00437780236825,
        "dmean2": 0.00764212524518,
        "dvar": 1.95774373424e-05,
        "dvar2": 5.16297404829e-05,
        "max": 0.499768674374,
        "mean": 0.493977159262,
        "median": 0.495207190514,
        "min": 0.46804702282,
        "var": 2.41408852162e-05
    },
    "dynamic_complexity": 0.746815025806,
    "erbbands_crest": {
        "dmean": 2.10179972649,
        "dmean2": 3.65110754967,
        "dvar": 3.0458509922,
        "dvar2": 8.81352615356,
        "max": 15.4347057343,
        "mean": 8.71614170074,
        "median": 8.35951423645,
        "min": 5.1108379364,
        "var": 4.00411176682
    },
    "erbbands_flatness_db": {
        "dmean": 0.0141619136557,
        "dmean2": 0.0251732934266,
        "dvar": 0.000111155030027,
        "dvar2": 0.000278869672911,
        "max": 0.279914289713,
        "mean": 0.240328073502,
        "median": 0.241943314672,
        "min": 0.173475876451,
        "var": 0.000321076222463
    },
    "erbbands_kurtosis": {
        "dmean": 1.71210682392,
        "dmean2": 2.77938580513,
        "dvar": 1.80357134342,
        "dvar2": 4.91969347,
        "max": 12.2038326263,
        "mean": 4.72301626205,
        "median": 4.70324420929,
        "min": -1.49182367325,
        "var": 5.51709985733
    },
    "erbbands_skewness": {
        "dmean": 0.329648375511,
        "dmean2": 0.55332159996,
        "dvar": 0.0723749697208,
        "dvar2": 0.189137026668,
        "max": -0.180370122194,
        "mean": -1.42597973347,
        "median": -1.43000721931,
        "min": -2.57513904572,
        "var": 0.177137106657
    },
    "erbbands_spread": {
        "dmean": 4.08487081528,
        "dmean2": 6.77654933929,
        "dvar": 18.7766723633,
        "dvar2": 37.1076507568,
        "max": 68.4326171875,
        "mean": 15.3826990128,
        "median": 12.7583837509,
        "min": 7.23228549957,
        "var": 83.4319610596
    },
    "hfc": {
        "dmean": 7.86535978317,
        "dmean2": 13.2931098938,
        "dvar": 37.0780677795,
        "dvar2": 94.4481277466,
        "max": 71.8127365112,
        "mean": 36.8857727051,
        "median": 37.7712059021,
        "min": 5.68370103836,
        "var": 146.524261475
    },
    "melbands_crest": {
        "dmean": 3.7338385582,
        "dmean2": 6.36862707138,
        "dvar": 7.9656867981,
        "dvar2": 24.7611198425,
        "max": 30.6138191223,
        "mean": 11.5239553452,
        "median": 10.8269939423,
        "min": 3.39256310463,
        "var": 28.3348560333
    },
    "melbands_flatness_db": {
        "dmean": 0.0203665848821,
        "dmean2": 0.0340098924935,
        "dvar": 0.000308345159283,
        "dvar2": 0.000823674432468,
        "max": 0.311643064022,
        "mean": 0.157281696796,
        "median": 0.147476643324,
        "min": 0.099261008203,
        "var": 0.00136540015228
    },
    "melbands_kurtosis": {
        "dmean": 1.66062355042,
        "dmean2": 2.72356295586,
        "dvar": 10.9173488617,
        "dvar2": 20.1522407532,
        "max": 46.8620529175,
        "mean": 0.413948208094,
        "median": -1.15096271038,
        "min": -1.75531411171,
        "var": 29.3473796844
    },
    "melbands_skewness": {
        "dmean": 0.67873197794,
        "dmean2": 1.15094590187,
        "dvar": 0.256432801485,
        "dvar2": 0.665421307087,
        "max": 6.20834684372,
        "mean": 0.785819530487,
        "median": 0.526975870132,
        "min": -0.901938557625,
        "var": 1.22879624367
    },
    "melbands_spread": {
        "dmean": 12.7269363403,
        "dmean2": 21.711977005,
        "dvar": 95.580947876,
        "dvar2": 282.684082031,
        "max": 100.038581848,
        "mean": 73.2941055298,
        "median": 79.0367431641,
        "min": 6.19204807281,
        "var": 383.567779541
    },
    "pitch_salience": {
        "dmean": 0.059334307909,
        "dmean2": 0.101770676672,
        "dvar": 0.00200319755822,
        "dvar2": 0.00546692311764,
        "max": 0.761932909489,
        "mean": 0.629497468472,
        "median": 0.640800118446,
        "min": 0.308413505554,
        "var": 0.00590491341427
    },
    "silence_rate_20dB": {
        "dmean": 0,
        "dmean2": 0,
        "dvar": 0,
        "dvar2": 0,
        "max": 1,
        "mean": 1,
        "median": 1,
        "min": 1,
        "var": 0
    },
    "silence_rate_30dB": {
        "dmean": 0,
        "dmean2": 0,
        "dvar": 0,
        "dvar2": 0,
        "max": 1,
        "mean": 1,
        "median": 1,
        "min": 1,
        "var": 0
    },
    "silence_rate_60dB": {
        "dmean": 0,
        "dmean2": 0,
        "dvar": 0,
        "dvar2": 0,
        "max": 0,
        "mean": 0,
        "median": 0,
        "min": 0,
        "var": 0
    },
    "spectral_centroid": {
        "dmean": 137.857330322,
        "dmean2": 221.517990112,
        "dvar": 16739.5371094,
        "dvar2": 35617.6484375,
        "max": 3066.15673828,
        "mean": 2615.5612793,
        "median": 2694.15136719,
        "min": 910.195861816,
        "var": 105948.460938
    },
    "spectral_complexity": {
        "dmean": 3.75080895424,
        "dmean2": 6.00324678421,
        "dvar": 10.2453393936,
        "dvar2": 22.8214225769,
        "max": 52,
        "mean": 38.845161438,
        "median": 40,
        "min": 10,
        "var": 42.6405525208
    },
    "spectral_decrease": {
        "dmean": 8.82545869718e-10,
        "dmean2": 1.51582257857e-09,
        "dvar": 4.6511378397e-19,
        "dvar2": 1.3683555667e-18,
        "max": -1.29503763269e-09,
        "mean": -4.87212403755e-09,
        "median": -4.94093566061e-09,
        "min": -7.76073871833e-09,
        "var": 1.03041930265e-18
    },
    "spectral_energy": {
        "dmean": 0.00372135126963,
        "dmean2": 0.00638119736686,
        "dvar": 8.24763083074e-06,
        "dvar2": 2.33734917856e-05,
        "max": 0.0351536683738,
        "mean": 0.0217341613024,
        "median": 0.0220736153424,
        "min": 0.00576634658501,
        "var": 1.83458087122e-05
    },
    "spectral_energyband_high": {
        "dmean": 0.0002157453564,
        "dmean2": 0.000363447179552,
        "dvar": 3.49972033575e-08,
        "dvar2": 1.01575594158e-07,
        "max": 0.0018710285658,
        "mean": 0.000849778531119,
        "median": 0.000856869388372,
        "min": 6.49166977382e-05,
        "var": 1.14369512971e-07
    },
    "spectral_energyband_low": {
        "dmean": 0.00275528198108,
        "dmean2": 0.00482338899747,
        "dvar": 6.38810888631e-06,
        "dvar2": 1.90100727195e-05,
        "max": 0.0216313730925,
        "mean": 0.00553589407355,
        "median": 0.00435145013034,
        "min": 0.000500645430293,
        "var": 1.66126646945e-05
    },
    "spectral_energyband_middle_high": {
        "dmean": 0.0034087151289,
        "dmean2": 0.00583666097373,
        "dvar": 7.1312115324e-06,
        "dvar2": 1.89304319065e-05,
        "max": 0.0281438771635,
        "mean": 0.0135632744059,
        "median": 0.0137458676472,
        "min": 0.00128759164363,
        "var": 2.34507424466e-05
    },
    "spectral_energyband_middle_low": {
        "dmean": 0.00115554244258,
        "dmean2": 0.00184358051047,
        "dvar": 2.30014666158e-06,
        "dvar2": 5.03997034684e-06,
        "max": 0.0237135477364,
        "mean": 0.00281373620965,
        "median": 0.00177820399404,
        "min": 0.000418531446485,
        "var": 8.6360178102e-06
    },
    "spectral_entropy": {
        "dmean": 0.0578212179244,
        "dmean2": 0.0995867848396,
        "dvar": 0.00227318960242,
        "dvar2": 0.00564960343763,
        "max": 8.03403663635,
        "mean": 7.61796712875,
        "median": 7.62125778198,
        "min": 7.38518190384,
        "var": 0.00425802264363
    },
    "spectral_flux": {
        "dmean": 0.0097418166697,
        "dmean2": 0.0159597359598,
        "dvar": 7.48902166379e-05,
        "dvar2": 0.000179969138117,
        "max": 0.144505470991,
        "mean": 0.0893289968371,
        "median": 0.0911244452,
        "min": 0.0386159457266,
        "var": 0.000219413588638
    },
    "spectral_kurtosis": {
        "dmean": 3.12011599541,
        "dmean2": 5.41856479645,
        "dvar": 5.32607889175,
        "dvar2": 14.7270145416,
        "max": 17.3344154358,
        "mean": 5.8645029068,
        "median": 5.44091653824,
        "min": 1.11817121506,
        "var": 8.68086242676
    },
    "spectral_rms": {
        "dmean": 0.000399358803406,
        "dmean2": 0.000684204802383,
        "dvar": 9.93835271856e-08,
        "dvar2": 2.70901182375e-07,
        "max": 0.00585630116984,
        "mean": 0.00457995897159,
        "median": 0.00464060669765,
        "min": 0.00237185670994,
        "var": 2.28047341011e-07
    },
    "spectral_rolloff": {
        "dmean": 256.865325928,
        "dmean2": 430.803863525,
        "dvar": 81274.984375,
        "dvar2": 172024.890625,
        "max": 3746.77734375,
        "mean": 2930.25170898,
        "median": 3057.71484375,
        "min": 172.265625,
        "var": 313852.34375
    },
    "spectral_skewness": {
        "dmean": 0.305860906839,
        "dmean2": 0.521823644638,
        "dvar": 0.0688576549292,
        "dvar2": 0.1524387151,
        "max": 3.57874035835,
        "mean": 0.789548695087,
        "median": 0.753555417061,
        "min": 0.267709970474,
        "var": 0.103318467736
    },
    "spectral_spread": {
        "dmean": 167207.203125,
        "dmean2": 269982.34375,
        "dvar": 101910052864,
        "dvar2": 119496007680,
        "max": 7339445,
        "mean": 2022948.75,
        "median": 1968995.875,
        "min": 1585413.25,
        "var": 138884202496
    },
    "spectral_strongpeak": {
        "dmean": 1.05782210827,
        "dmean2": 1.99903154373,
        "dvar": 1.84518444538,
        "dvar2": 5.07618904114,
        "max": 5.45592546463,
        "mean": 0.975680232048,
        "median": 0.270017594099,
        "min": 0.0228765830398,
        "var": 1.7572927475
    },
    "zerocrossingrate": {
        "dmean": 0.00609324453399,
        "dmean2": 0.00767299113795,
        "dvar": 4.21878285124e-05,
        "dvar2": 4.72369756608e-05,
        "max": 0.12060546875,
        "mean": 0.094337515533,
        "median": 0.1005859375,
        "min": 0.0205078125,
        "var": 0.000376765994588
    },
    "barkbands": {
        "dmean": [1.8274766262e-05, 0.00204693409614, 0.00109404081013, 0.000771485792939, 0.000463538948679, 0.00011428992002, 9.7433119663e-05, 7.11471147952e-05, 0.000109663313197, 0.00025755452225, 0.000240994340857, 0.000379643286578, 9.78549724096e-05, 0.000536050298251, 0.000562062545214, 0.00161148968618, 0.00144966866355, 0.000600925646722, 0.000642294471618, 0.000294489960652, 0.000157268383191, 3.63749204553e-05, 8.48131094244e-07, 2.36896676142e-06, 3.23727192608e-07, 1.28288732526e-07, 1.36664146666e-08],
        "dmean2": [2.9014012398e-05, 0.00358031061478, 0.00197461782955, 0.00119895872194, 0.000768597587012, 0.000201987088076, 0.000170067010913, 0.000120230659377, 0.000182593052159, 0.000436926900875, 0.000417770264903, 0.000652710266877, 0.0001719341235, 0.00091216067085, 0.00100638356525, 0.00285207130946, 0.00245626270771, 0.00103920698166, 0.00108369684312, 0.000491171551403, 0.000264912698185, 6.3395833422e-05, 1.41172631629e-06, 3.88783200833e-06, 5.47964873476e-07, 2.13415887629e-07, 2.10965360736e-08],
        "dvar": [8.71980043726e-10, 4.03885314881e-06, 1.66100062415e-06, 1.56284443165e-06, 5.11319058205e-07, 6.23719955684e-08, 1.29439259311e-08, 5.92330673399e-09, 2.65576520775e-08, 6.90565613581e-08, 9.33566610684e-08, 5.46069259144e-07, 1.63979070322e-08, 7.14474083452e-07, 2.31609760704e-07, 1.61550599387e-06, 1.66816937508e-06, 3.11816705789e-07, 3.08236593582e-07, 6.67836062007e-08, 1.72145089294e-08, 1.05776898351e-09, 5.11134320633e-13, 4.54821813892e-12, 3.98241037586e-13, 3.93564168885e-14, 2.72226775424e-15],
        "dvar2": [2.03891858952e-09, 1.05474045995e-05, 5.5672144299e-06, 3.24394886775e-06, 1.06476443307e-06, 1.92125838794e-07, 3.52215216992e-08, 1.66775482313e-08, 4.62639313525e-08, 1.82155105222e-07, 2.7285287274e-07, 1.34668096052e-06, 4.89100564494e-08, 1.8672931219e-06, 6.95566996001e-07, 5.00381929669e-06, 4.57148962596e-06, 8.95782534371e-07, 8.69611142207e-07, 1.65646568462e-07, 5.1018762548e-08, 3.03591130013e-09, 1.43900787553e-12, 1.14691719663e-11, 9.19726317675e-13, 8.64218771416e-14, 2.95750743841e-15],
        "max": [0.000461300485767, 0.0165284629911, 0.0101773906499, 0.0220899954438, 0.00828733574599, 0.00391775509343, 0.00111359416042, 0.000706257240381, 0.00186283444054, 0.00244088866748, 0.00352371740155, 0.00820927135646, 0.00149207329378, 0.0100803645328, 0.00352874561213, 0.00913425721228, 0.0093167219311, 0.00440674461424, 0.00464740162715, 0.00280281133018, 0.00127536989748, 0.000281590851955, 6.76355239193e-06, 2.03083272936e-05, 8.28287465993e-06, 2.27322470892e-06, 9.06851198579e-07],
        "mean": [2.32575785049e-05, 0.00277399388142, 0.00177037040703, 0.00140292698052, 0.000742020609323, 0.000155541201821, 0.000142504606629, 0.000113923364552, 0.000182751435204, 0.000451363244792, 0.000319998216582, 0.000585997710004, 0.000141826429171, 0.000922351900954, 0.00112667831127, 0.00330482749268, 0.00312755000778, 0.00140894285869, 0.00159412925132, 0.000851313991006, 0.000476779969176, 0.000104771941551, 2.64407708528e-06, 6.51931804896e-06, 8.49879143061e-07, 3.16486193697e-07, 2.39719799566e-08],
        "median": [1.14806980491e-05, 0.00172898219898, 0.00120867602527, 0.000444583856734, 0.000441178417532, 8.4579718532e-05, 0.000106888852315, 9.17614233913e-05, 0.000120235366921, 0.000388813670725, 0.000237185537117, 0.000413319969084, 0.000105951970909, 0.000713576911949, 0.00102191476617, 0.00315487431362, 0.0028523793444, 0.00130738923326, 0.00148104433902, 0.000818410189822, 0.000467475038022, 0.000102199315734, 2.65282187684e-06, 6.1295818341e-06, 7.5977789038e-07, 2.7270988312e-07, 1.7609682601e-08],
        "min": [2.50509231137e-07, 8.34722595755e-05, 2.41763736994e-05, 7.28819668439e-06, 3.47200693795e-05, 4.53505572295e-06, 1.37110564538e-05, 1.11133085738e-05, 1.29447371364e-05, 3.95806200686e-05, 2.12926734093e-05, 2.32335569308e-05, 5.23470316693e-06, 8.69649229571e-05, 9.06229761313e-05, 0.000159294344485, 0.000193524174392, 7.35565990908e-05, 0.000108323438326, 4.20496944571e-05, 3.7756490201e-05, 5.29529916093e-06, 2.78886631122e-07, 5.09611822963e-07, 9.81867529504e-08, 2.48143212644e-08, 1.81226011975e-09],
        "var": [1.37767819375e-09, 7.43516875445e-06, 3.16444152304e-06, 7.63477328292e-06, 9.01784460439e-07, 8.70498411132e-08, 1.61349262839e-08, 7.88179654876e-09, 4.9376396305e-08, 1.2081687828e-07, 1.05490791213e-07, 5.64031665817e-07, 1.65941997921e-08, 8.96538153938e-07, 3.96730428065e-07, 2.83559074887e-06, 2.95520408145e-06, 5.57204600682e-07, 6.23309801995e-07, 1.67917164617e-07, 4.54282016449e-08, 2.16730211555e-09, 1.30829049851e-12, 1.00883641718e-11, 4.62912043767e-13, 5.55840943205e-14, 2.88072326647e-15]
    },
    "erbbands": {
        "dmean": [0.0434274598956, 0.52354067564, 1.15095555782, 2.09828281403, 2.1309671402, 1.34488403797, 0.851858496666, 1.07548284531, 0.742371857166, 2.54147028923, 1.43026041985, 2.22234201431, 6.06957149506, 6.76262903214, 11.8639974594, 13.188539505, 3.40530729294, 17.8028278351, 33.9781188965, 56.9778518677, 81.53855896, 80.0303115845, 27.1334381104, 39.857635498, 21.7714157104, 14.5032644272, 6.0929646492, 4.56212806702, 1.45229399204, 0.207103326917, 0.0298180095851, 0.0664939507842, 0.0214242711663, 0.00627476396039, 0.000685051782057, 0.000795052503236, 0.000174968037754, 1.94738076971e-05, 3.22892060467e-06, 4.79454593005e-06],
        "dmean2": [0.0675039961934, 0.939570426941, 2.1236679554, 3.29804778099, 3.49912977219, 2.23557972908, 1.44724822044, 1.95421016216, 1.30791282654, 4.25063753128, 2.45805263519, 3.60317230225, 10.5012836456, 11.2405509949, 20.2206363678, 22.2272624969, 5.56819438934, 30.4464759827, 59.5916061401, 99.0089416504, 144.33265686, 137.46736145, 46.2694511414, 67.8751296997, 36.9901504517, 24.1500225067, 10.218334198, 7.94795036316, 2.50235295296, 0.346853196621, 0.0497875362635, 0.110233359039, 0.0357291139662, 0.0106338365003, 0.00115606328472, 0.00133788806852, 0.000296287093079, 3.19840801239e-05, 5.10576273882e-06, 8.22607580631e-06],
        "dvar": [0.00244365609251, 0.255262315273, 1.7175681591, 7.36604976654, 9.12877559662, 4.09587001801, 1.0615824461, 9.48623657227, 0.761321127415, 7.93572759628, 2.86727499962, 7.57097864151, 51.3949165344, 83.5813522339, 281.812713623, 535.883544922, 27.0510501862, 1621.93566895, 973.861633301, 2056.23046875, 4491.8984375, 5907.31298828, 548.973327637, 1298.85803223, 373.561218262, 170.954177856, 24.6443557739, 18.3989505768, 1.59942770004, 0.0470879673958, 0.000693262845743, 0.00371782062575, 0.000670987355988, 0.000150858439156, 1.85379610684e-06, 1.26050679228e-06, 9.04765116161e-08, 1.24836752047e-09, 4.90486505578e-11, 1.32567602729e-11],
        "dvar2": [0.00461405934766, 0.72187691927, 5.73974561691, 15.6385164261, 21.1082077026, 9.85097122192, 3.06833386421, 29.8884239197, 2.42761898041, 20.3638114929, 8.14761161804, 13.800567627, 127.53704834, 205.634658813, 740.738708496, 1360.43237305, 79.2385025024, 4424.84277344, 2915.71459961, 6201.02490234, 13516.2617188, 15946.4541016, 1476.3692627, 3813.95166016, 973.783691406, 454.819000244, 71.1013183594, 48.7539138794, 4.56887388229, 0.129363387823, 0.00182941404637, 0.009531410411, 0.00157284294255, 0.000358561810572, 3.80284245693e-06, 2.78934362541e-06, 1.93406137328e-07, 1.76095638071e-09, 5.91389645588e-11, 3.76485925768e-11],
        "max": [0.635991275311, 3.18244695663, 8.94675064087, 48.1845970154, 26.8740692139, 21.766292572, 8.4767999649, 45.9185256958, 8.07775878906, 20.3506851196, 19.2001991272, 32.2457733154, 87.345664978, 108.872138977, 155.120910645, 264.862518311, 63.0271720886, 554.156066895, 330.888397217, 333.193054199, 487.157897949, 554.236816406, 199.62210083, 263.548614502, 183.052841187, 144.224578857, 50.0339050293, 41.9852867126, 11.3073577881, 2.42053580284, 0.26808732748, 0.518957316875, 0.347177624702, 0.166289269924, 0.017873423174, 0.0131191331893, 0.00334534514695, 0.000579329556786, 0.000134354559123, 5.00358692079e-05],
        "mean": [0.067751981318, 0.672298431396, 1.76134133339, 4.26576852798, 3.40032958984, 1.98947322369, 1.32538318634, 1.3536491394, 1.26725888252, 3.46061038971, 2.47029781342, 3.88676786423, 9.01305770874, 13.4370985031, 19.7344608307, 20.8406505585, 6.86090612411, 32.1657714844, 64.7861938477, 110.468460083, 178.668289185, 172.729919434, 80.8440628052, 99.145614624, 61.5011672974, 42.3226661682, 20.1609210968, 14.5611200333, 4.63342952728, 0.655760467052, 0.106855869293, 0.178418114781, 0.0615371651947, 0.0176126491278, 0.00197574589401, 0.0020675722044, 0.000399452226702, 3.83838596463e-05, 1.8609687686e-05, 2.97897768178e-05],
        "median": [0.0389473512769, 0.452795803547, 1.20276618004, 2.37096071243, 2.03669047356, 1.16128766537, 0.895447075367, 0.672115564346, 0.966574013233, 2.32064580917, 2.00777626038, 2.5850019455, 7.17809867859, 11.0050296783, 14.786280632, 14.4489946365, 5.43846225739, 24.7875442505, 54.1968917847, 95.6725082397, 170.411010742, 149.190673828, 78.2140197754, 94.6065063477, 58.4524536133, 40.6398429871, 19.9472541809, 14.0482730865, 4.53351926804, 0.643721163273, 0.107251882553, 0.166831865907, 0.0588013157248, 0.0161375701427, 0.00172594748437, 0.00183628534433, 0.000329672067892, 3.04740278807e-05, 1.85053304449e-05, 3.03570413962e-05],
        "min": [0.00231541553512, 0.0281610060483, 0.0974431708455, 0.0763543397188, 0.0991431549191, 0.121082365513, 0.043453887105, 0.049245018512, 0.125117942691, 0.300142586231, 0.281253993511, 0.35942697525, 0.51296544075, 1.40773057938, 1.89042150974, 1.53802108765, 0.600089430809, 2.32508230209, 6.78460788727, 5.83709907532, 11.9904603958, 10.3593454361, 5.21690988541, 5.91872024536, 4.08354234695, 2.38685965538, 1.77076530457, 0.992755591869, 0.283618122339, 0.0341832786798, 0.0100573068485, 0.0110526410863, 0.00594563130289, 0.00194076774642, 0.000208219629712, 0.000159654387971, 4.24252539233e-05, 2.83897111331e-06, 6.73448994348e-06, 1.13346495709e-05],
        "var": [0.00710830371827, 0.3853302598, 2.77167701721, 40.1891517639, 15.7822971344, 6.76966285706, 1.81646692753, 10.8777780533, 1.13383376598, 9.97090816498, 3.62457036972, 17.053855896, 65.2392501831, 145.174942017, 342.145782471, 558.31072998, 37.785785675, 1606.88195801, 1733.63269043, 3742.77954102, 7308.03564453, 9407.47460938, 1407.83874512, 2348.29711914, 860.995056152, 402.380889893, 75.1332092285, 41.3381652832, 3.87055468559, 0.0851713344455, 0.00186673784629, 0.00826944597065, 0.00107018009294, 0.000174810294993, 2.55464192378e-06, 1.90494654362e-06, 1.21639487816e-07, 1.52755630367e-09, 6.20696202769e-11, 3.35669131379e-11]
    },
    "gfcc": {
        "mean": [-11.0076494217, 109.419883728, -189.465896606, 75.8488616943, -18.0101890564, 0.907600522041, -13.954202652, 4.73607969284, -14.7560358047, -9.59069156647, -18.4473838806, -10.0026655197, 2.59585762024],
        "cov": [[287.309631348, -91.603263855, -105.191192627, -53.7873497009, -60.2042694092, -6.15685224533, -13.2444314957, 12.8960866928, -4.97966146469, 25.3406429291, 18.0690631866, 41.927192688, 13.9827947617], [-91.603263855, 180.147384644, 129.301696777, 15.0834245682, 18.4190979004, -9.47636699677, -1.12378549576, -22.7556190491, -17.1126289368, -16.3984546661, 0.925663352013, -25.6110057831, -7.4704709053], [-105.191192627, 129.301696777, 158.926925659, 43.8907966614, 37.9409675598, -0.256897598505, -9.18955039978, -15.1463899612, -15.2223176956, -8.39394569397, -2.73583602905, -19.7099266052, -12.5852823257], [-53.7873497009, 15.0834245682, 43.8907966614, 82.149269104, 44.7583351135, 8.01996707916, 15.5292463303, -0.583638012409, 10.6675424576, -9.06500339508, -4.54338216782, -10.2165670395, -0.0239888168871], [-60.2042694092, 18.4190979004, 37.9409675598, 44.7583351135, 60.6191902161, 25.9700126648, 17.8274364471, 3.12126708031, 7.50687932968, -1.92331242561, -1.92097425461, -7.4353890419, -2.27786254883], [-6.15685224533, -9.47636699677, -0.256897598505, 8.01996707916, 25.9700126648, 41.926158905, 26.6184234619, 12.8014087677, 7.28562736511, 7.52071142197, 5.81663608551, 3.69864702225, 3.02603936195], [-13.2444314957, -1.12378549576, -9.18955039978, 15.5292463303, 17.8274364471, 26.6184234619, 50.7151832581, 24.562871933, 19.4520053864, 6.17110347748, 6.68060159683, 2.87358283997, 3.76058626175], [12.8960866928, -22.7556190491, -15.1463899612, -0.583638012409, 3.12126708031, 12.8014087677, 24.562871933, 38.3550720215, 27.3773193359, 15.3289012909, 7.49185562134, 5.81700611115, 3.07458853722], [-4.97966146469, -17.1126289368, -15.2223176956, 10.6675424576, 7.50687932968, 7.28562736511, 19.4520053864, 27.3773193359, 43.5567626953, 22.9890213013, 10.3995685577, 5.71773910522, 3.69883704185], [25.3406429291, -16.3984546661, -8.39394569397, -9.06500339508, -1.92331242561, 7.52071142197, 6.17110347748, 15.3289012909, 22.9890213013, 43.5815620422, 26.3948326111, 15.2679262161, 2.22430562973], [18.0690631866, 0.925663352013, -2.73583602905, -4.54338216782, -1.92097425461, 5.81663608551, 6.68060159683, 7.49185562134, 10.3995685577, 26.3948326111, 36.1036567688, 20.2699165344, 7.18121576309], [41.927192688, -25.6110057831, -19.7099266052, -10.2165670395, -7.4353890419, 3.69864702225, 2.87358283997, 5.81700611115, 5.71773910522, 15.2679262161, 20.2699165344, 36.3387489319, 19.634519577], [13.9827947617, -7.4704709053, -12.5852823257, -0.0239888168871, -2.27786254883, 3.02603936195, 3.76058626175, 3.07458853722, 3.69883704185, 2.22430562973, 7.18121576309, 19.634519577, 33.4309883118]],
        "icov": [[0.00741389160976, -0.00385181512684, 0.00720679247752, -0.00520764570683, 0.00621793698519, -0.00421209912747, 0.00581850623712, -0.00805179495364, 0.0085919816047, -0.00689644971862, 0.00509549956769, -0.00957776978612, 0.00367742194794], [-0.00385181512684, 0.0304433591664, -0.029357213527, 0.0195180736482, -0.0051183658652, 0.0135925682262, -0.0220387093723, 0.0243986900896, -0.0168755948544, 0.018072815612, -0.0220880284905, 0.0255976524204, -0.0135922208428], [0.00720679247752, -0.029357213527, 0.0395672805607, -0.0236475914717, 0.00235966895707, -0.011908415705, 0.0250820089132, -0.0276657883078, 0.025419190526, -0.0217239651829, 0.0191607307643, -0.0234902221709, 0.0145788146183], [-0.00520764570683, 0.0195180736482, -0.0236475914717, 0.0404867604375, -0.0238663535565, 0.0191596094519, -0.0223949551582, 0.0247163306922, -0.0243997648358, 0.0212436709553, -0.0176495816559, 0.0208898335695, -0.012639417313], [0.00621793698519, -0.0051183658652, 0.00235966895707, -0.0238663535565, 0.0505083166063, -0.0314887724817, 0.00864165555686, -0.00364700285718, 0.00199272786267, -0.005707252305, 0.00837698020041, -0.00875491742045, 0.00628345273435], [-0.00421209912747, 0.0135925682262, -0.011908415705, 0.0191596094519, -0.0314887724817, 0.0615765303373, -0.0334724485874, 0.00706659071147, 0.00332866935059, -0.000560829823371, -0.00908213667572, 0.0122821787372, -0.00986752007157], [0.00581850623712, -0.0220387093723, 0.0250820089132, -0.0223949551582, 0.00864165555686, -0.0334724485874, 0.0618669465184, -0.0390903800726, 0.00903580151498, -0.00389441056177, 0.00756862713024, -0.0181362498552, 0.0106074558571], [-0.00805179495364, 0.0243986900896, -0.0276657883078, 0.0247163306922, -0.00364700285718, 0.00706659071147, -0.0390903800726, 0.0863389223814, -0.0515859164298, 0.016692660749, -0.0148402443156, 0.0214682221413, -0.0108326589689], [0.0085919816047, -0.0168755948544, 0.025419190526, -0.0243997648358, 0.00199272786267, 0.00332866935059, 0.00903580151498, -0.0515859164298, 0.0800522267818, -0.045125644654, 0.0210505984724, -0.0148618482053, 0.00410144263878], [-0.00689644971862, 0.018072815612, -0.0217239651829, 0.0212436709553, -0.005707252305, -0.000560829823371, -0.00389441056177, 0.016692660749, -0.045125644654, 0.0783101767302, -0.0511714778841, 0.0143183339387, -0.000309985742206], [0.00509549956769, -0.0220880284905, 0.0191607307643, -0.0176495816559, 0.00837698020041, -0.00908213667572, 0.00756862713024, -0.0148402443156, 0.0210505984724, -0.0511714778841, 0.0837350189686, -0.0469998605549, 0.0127322273329], [-0.00957776978612, 0.0255976524204, -0.0234902221709, 0.0208898335695, -0.00875491742045, 0.0122821787372, -0.0181362498552, 0.0214682221413, -0.0148618482053, 0.0143183339387, -0.0469998605549, 0.0905447304249, -0.0431352555752], [0.00367742194794, -0.0135922208428, 0.0145788146183, -0.012639417313, 0.00628345273435, -0.00986752007157, 0.0106074558571, -0.0108326589689, 0.00410144263878, -0.000309985742206, 0.0127322273329, -0.0431352555752, 0.0541063435376]]
    },
    "melbands": {
        "dmean": [0.000502105685882, 0.000591973715927, 0.00034604978282, 0.000129037478473, 3.12969859806e-05, 2.2169224394e-05, 1.36556427606e-05, 2.50932462222e-05, 1.39032790685e-05, 1.43449478855e-05, 3.26274712279e-05, 3.05466091959e-05, 3.92471192754e-05, 5.12210826855e-05, 1.17461340778e-05, 1.68704682437e-05, 3.57838180207e-05, 6.24471358606e-05, 4.90000165883e-05, 0.000102567573776, 0.000106783190859, 8.95897537703e-05, 5.28701748408e-05, 2.84624293272e-05, 3.7635632907e-05, 2.18484583456e-05, 1.44410942085e-05, 9.38087578106e-06, 2.99202565657e-06, 7.02243733031e-06, 1.86113061318e-06, 1.01053433355e-06, 4.14687917782e-07, 3.36030225867e-08, 1.52477657167e-08, 3.93754326922e-08, 3.83328639941e-08, 2.00273611028e-08, 9.51041290165e-09, 4.38688463333e-09],
        "dmean2": [0.000846039154567, 0.00108308834024, 0.000547953764908, 0.000210009995499, 5.36493826075e-05, 4.00082462875e-05, 2.4148992452e-05, 4.15849572164e-05, 2.37952244788e-05, 2.34130075114e-05, 5.63239882467e-05, 5.10926474817e-05, 6.73234317219e-05, 8.76021222211e-05, 2.04588486667e-05, 2.88058745355e-05, 6.15702883806e-05, 0.000109130094643, 8.47768023959e-05, 0.000178757225513, 0.000187995858141, 0.000154101202497, 8.82537133293e-05, 4.94031410199e-05, 6.40213766019e-05, 3.79198791052e-05, 2.36927426158e-05, 1.59155770234e-05, 4.97747487316e-06, 1.19676715258e-05, 3.20291883327e-06, 1.73213788912e-06, 7.12024302629e-07, 5.6103679924e-08, 2.53870773292e-08, 6.79641800616e-08, 6.42591828637e-08, 3.33210898873e-08, 1.61017137401e-08, 7.41670636017e-09],
        "dvar": [2.60208082636e-07, 3.50273012373e-07, 2.00213492008e-07, 3.5643115126e-08, 1.49082046708e-09, 3.55717877376e-09, 2.69377797846e-10, 7.6034467611e-10, 2.76305589519e-10, 3.69037966852e-10, 1.3118723885e-09, 1.56078816538e-09, 2.54013765577e-09, 1.13460343343e-08, 2.54572085634e-10, 1.03405040086e-09, 5.88166493287e-09, 3.83379372693e-09, 1.52825663235e-09, 6.86963730345e-09, 8.49973780248e-09, 6.3427858521e-09, 2.43376541142e-09, 6.86182610732e-10, 1.18520382397e-09, 3.66958130549e-10, 1.87028864618e-10, 6.8119100638e-11, 6.17964707184e-12, 3.57191151656e-11, 2.90818476072e-12, 7.27413680505e-13, 2.34864780619e-13, 9.46217752521e-16, 1.71945067784e-16, 1.4523082918e-15, 1.23530649753e-15, 4.3687844484e-16, 2.73810758799e-16, 6.41446933648e-17],
        "dvar2": [6.11885525359e-07, 1.14512215532e-06, 4.53438588011e-07, 7.64300338574e-08, 4.16164969153e-09, 1.1086822127e-08, 8.2088696951e-10, 1.96150362619e-09, 7.47070239004e-10, 6.31938057438e-10, 3.30526206405e-09, 3.78956865887e-09, 7.25111792832e-09, 2.86575723152e-08, 6.37757957556e-10, 3.01352831578e-09, 1.58755426583e-08, 1.08108313412e-08, 4.52935156048e-09, 2.14377244845e-08, 2.52910190568e-08, 1.68741749462e-08, 7.07438108094e-09, 1.93465377052e-09, 3.53793883079e-09, 9.61929202958e-10, 4.7227077804e-10, 1.9727958156e-10, 1.77745075602e-11, 1.04808987877e-10, 8.13861131266e-12, 2.15020644519e-12, 6.5371444152e-13, 2.7388477889e-15, 4.68292805741e-16, 3.6461854586e-15, 3.03896236179e-15, 1.08524899933e-15, 6.35844604796e-16, 1.54426017685e-16],
        "max": [0.0051792874001, 0.00397427659482, 0.0075202761218, 0.00216133520007, 0.00035859158379, 0.000909351918381, 0.000149404848344, 0.000209057499887, 0.000165320729138, 0.00022025241924, 0.000422003096901, 0.000457275426015, 0.000569567317143, 0.00124295742717, 0.000162972035469, 0.00034349336056, 0.00105457287282, 0.000699596945196, 0.000294427940389, 0.000532035541255, 0.000664833933115, 0.000554213998839, 0.000363434024621, 0.000210957237869, 0.000244273047429, 0.000201502756681, 0.000124128884636, 7.70731130615e-05, 2.33609498537e-05, 5.36497464054e-05, 1.44187906699e-05, 7.06503533365e-06, 5.52423034605e-06, 2.25216908234e-07, 1.24407989688e-07, 2.99325193964e-07, 2.82318723066e-07, 2.50096860555e-07, 2.20915694626e-07, 1.09259978842e-07],
        "mean": [0.00071131560253, 0.000945137697272, 0.000696326780599, 0.000200213195058, 4.90284837724e-05, 2.84519701381e-05, 2.2045975129e-05, 3.53025679942e-05, 2.21292975766e-05, 2.41610523517e-05, 4.81575661979e-05, 5.65630398341e-05, 5.64760011912e-05, 7.88401957834e-05, 1.89293805306e-05, 2.38799420913e-05, 6.21167710051e-05, 0.000108287880721, 9.6063966339e-05, 0.000189769285498, 0.00021848671895, 0.000185165263247, 0.000107094281702, 6.54558025417e-05, 8.46389375511e-05, 5.05871175847e-05, 3.94244816562e-05, 2.37606218434e-05, 8.76781723491e-06, 1.67584857991e-05, 5.51243374503e-06, 2.88351748168e-06, 1.07500511604e-06, 8.97804852684e-08, 3.91187739979e-08, 9.58880050916e-08, 1.08558943168e-07, 4.93465783791e-08, 2.31464643008e-08, 1.09933466774e-08],
        "median": [0.000426643819083, 0.000745274184737, 0.000407604558859, 0.000128215790028, 3.35707736667e-05, 1.44776113302e-05, 1.68935075635e-05, 2.47044154094e-05, 1.70360472111e-05, 1.52860957314e-05, 3.79800840165e-05, 4.85015807499e-05, 4.12178924307e-05, 5.59820909984e-05, 1.33269359139e-05, 1.73856024048e-05, 4.89029844175e-05, 8.83666725713e-05, 8.76980921021e-05, 0.000166118523339, 0.000202248309506, 0.000160404219059, 9.64097271208e-05, 6.04183369433e-05, 7.91021302575e-05, 4.50566949439e-05, 3.76568932552e-05, 2.25090370805e-05, 8.54626705404e-06, 1.56691894517e-05, 5.40831433682e-06, 2.74832041214e-06, 1.02316062112e-06, 8.70379324169e-08, 3.78726419115e-08, 8.53261425959e-08, 1.02570737681e-07, 4.71537795477e-08, 1.99628491515e-08, 9.8441725882e-09],
        "min": [1.70202292793e-05, 5.8034027461e-05, 2.35419702221e-05, 6.35481637801e-06, 1.32637603656e-06, 9.25229016957e-07, 2.0790760118e-06, 2.50136395152e-06, 2.31782746596e-06, 1.75775358002e-06, 2.35702736973e-06, 4.89523017677e-06, 4.35988340541e-06, 5.12567248734e-06, 2.2958909085e-06, 8.3116708538e-07, 4.45120258519e-06, 9.58898908721e-06, 6.41611950414e-06, 1.04331829789e-05, 1.42520666486e-05, 1.09617549242e-05, 6.03010721534e-06, 3.877846666e-06, 4.95825588587e-06, 3.57926523975e-06, 2.20547758545e-06, 1.2045488802e-06, 8.41440396471e-07, 1.22304470551e-06, 3.40203285987e-07, 1.715700364e-07, 5.25252765726e-08, 5.21012477606e-09, 3.8330045804e-09, 5.62222046696e-09, 7.26048154931e-09, 3.41474049037e-09, 3.13488146553e-09, 1.10349751559e-09],
        "var": [6.01081922014e-07, 5.66843141314e-07, 8.93118169643e-07, 6.06027015237e-08, 2.49787901474e-09, 4.34990576892e-09, 3.51941475962e-10, 9.70625357866e-10, 3.61948915284e-10, 7.92424237339e-10, 1.69726943611e-09, 2.70892819287e-09, 3.02686453679e-09, 1.10126165964e-08, 3.5699276868e-10, 9.97107507672e-10, 5.97390226176e-09, 6.333974234e-09, 2.79711942497e-09, 1.17782894549e-08, 1.24711556637e-08, 1.08996012216e-08, 4.11193168404e-09, 1.25369770121e-09, 1.93908733515e-09, 7.62993612735e-10, 3.90205090461e-10, 1.41876205229e-10, 1.59838062924e-11, 7.42677655485e-11, 6.02048532555e-12, 1.6866346644e-12, 3.06232713883e-13, 1.8682192566e-15, 3.4369902376e-16, 2.85994766586e-15, 2.72042545758e-15, 7.09145353743e-16, 3.40205833416e-16, 7.50872671649e-17]
    },
    "mfcc": {
        "mean": [-624.774475098, 115.200180054, -78.9741744995, 67.5605010986, 11.9497938156, 13.9904308319, 11.3694829941, 9.42644119263, 19.728553772, 0.690099000931, -7.43927097321, 1.22397065163, -6.82257032394],
        "cov": [[369.642150879, -121.146705627, -106.801765442, -71.4800415039, -70.0076980591, -36.4604148865, -24.7127170563, -2.8375658989, -14.4559030533, -7.26120281219, 5.13251829147, 0.198002532125, -2.21488237381], [-121.146705627, 174.734817505, 99.5085678101, 15.1282176971, 19.9135189056, 3.22474241257, 14.1299066544, -18.6239337921, -15.4564619064, -14.7116832733, 5.30651044846, -6.48120594025, -6.01055622101], [-106.801765442, 99.5085678101, 108.398132324, 40.3410186768, 30.9380722046, 8.72040653229, 10.1084098816, -10.8760938644, -9.9854259491, -8.32772731781, 1.79905641079, -5.19727897644, 1.1391171217], [-71.4800415039, 15.1282176971, 40.3410186768, 77.9551696777, 35.4025764465, 18.4188289642, 7.62326955795, 9.3499212265, 8.50361537933, 4.41415023804, -1.91391706467, -0.148395821452, 6.04820728302], [-70.0076980591, 19.9135189056, 30.9380722046, 35.4025764465, 54.1785926819, 24.0315036774, 10.9169387817, 0.805618584156, 4.53937911987, -0.0749175399542, 0.318202644587, 0.356625914574, 1.78475511074], [-36.4604148865, 3.22474241257, 8.72040653229, 18.4188289642, 24.0315036774, 41.5780792236, 21.8833770752, 9.18081855774, 5.73259353638, 3.36224150658, 2.69775247574, 5.13718795776, 3.73777985573], [-24.7127170563, 14.1299066544, 10.1084098816, 7.62326955795, 10.9169387817, 21.8833770752, 39.0871772766, 13.8376455307, 4.87330675125, 3.68657231331, 5.20880556107, 3.06644797325, 1.61324059963], [-2.8375658989, -18.6239337921, -10.8760938644, 9.3499212265, 0.805618584156, 9.18081855774, 13.8376455307, 37.2224502563, 21.8306388855, 9.38245105743, -0.480886459351, 3.29984712601, 3.04090690613], [-14.4559030533, -15.4564619064, -9.9854259491, 8.50361537933, 4.53937911987, 5.73259353638, 4.87330675125, 21.8306388855, 40.1497306824, 18.2538471222, 2.82564973831, 3.22871518135, 4.99598312378], [-7.26120281219, -14.7116832733, -8.32772731781, 4.41415023804, -0.0749175399542, 3.36224150658, 3.68657231331, 9.38245105743, 18.2538471222, 35.6710166931, 15.4423246384, 7.20038414001, 5.52429294586], [5.13251829147, 5.30651044846, 1.79905641079, -1.91391706467, 0.318202644587, 2.69775247574, 5.20880556107, -0.480886459351, 2.82564973831, 15.4423246384, 39.5300102234, 17.9981899261, 5.99049901962], [0.198002532125, -6.48120594025, -5.19727897644, -0.148395821452, 0.356625914574, 5.13718795776, 3.06644797325, 3.29984712601, 3.22871518135, 7.20038414001, 17.9981899261, 33.3100128174, 14.645740509], [-2.21488237381, -6.01055622101, 1.1391171217, 6.04820728302, 1.78475511074, 3.73777985573, 1.61324059963, 3.04090690613, 4.99598312378, 5.52429294586, 5.99049901962, 14.645740509, 27.750087738]],
