{
"lowlevel": {
    "average_loudness": 0.984595477581,
    "barkbands_crest": {
        "dmean": 2.50410866737,
        "dmean2": 4.11864280701,
        "dvar": 4.47822093964,
        "dvar2": 12.1271982193,
        "max": 22.4545879364,
        "mean": 9.93146514893,
        "median": 8.97864246368,
        "min": 2.86305499077,
        "var": 20.7537288666
    },
    "barkbands_flatness_db": {
        "dmean": 0.0137829845771,
        "dmean2": 0.0226142387837,
        "dvar": 0.000127526567667,
        "dvar2": 0.000343467632774,
        "max": 0.238594457507,
        "mean": 0.147619858384,
        "median": 0.14530903101,
        "min": 0.0974499955773,
        "var": 0.00082231144188
    },
    "barkbands_kurtosis": {
        "dmean": 0.941783487797,
        "dmean2": 1.54042863846,
        "dvar": 1.72315311432,
        "dvar2": 4.34153223038,
        "max": 12.2315587997,
        "mean": -0.450408399105,
        "median": -1.23160135746,
        "min": -1.8949457407,
        "var": 3.68574380875
    },
    "barkbands_skewness": {
        "dmean": 0.485191702843,
        "dmean2": 0.785830259323,
        "dvar": 0.150971502066,
        "dvar2": 0.391876399517,
        "max": 1.81045222282,
        "mean": -0.515575349331,
        "median": -0.397865623236,
        "min": -3.38139128685,
        "var": 0.822373270988
    },
    "barkbands_spread": {
        "dmean": 6.20495223999,
        "dmean2": 10.2530927658,
        "dvar": 31.0889320374,
        "dvar2": 80.5247039795,
        "max": 58.1856002808,
        "mean": 36.5760688782,
        "median": 37.6960945129,
        "min": 8.08078575134,
        "var": 95.9791717529
    },
    "dissonance": {
        "dmean": 0.0055994251743,
        "dmean2": 0.00964219681919,
        "dvar": 4.05799655709e-05,
        "dvar2": 7.80996779213e-05,
        "max": 0.499969869852,
        "mean": 0.490686058998,
        "median": 0.49151545763,
        "min": 0.376537442207,
        "var": 5.25991199538e-05
    },
    "dynamic_complexity": 1.07591605186,
    "erbbands_crest": {
        "dmean": 2.12774753571,
        "dmean2": 3.46232247353,
        "dvar": 3.27614736557,
        "dvar2": 8.91130828857,
        "max": 21.4220504761,
        "mean": 11.3165025711,
        "median": 10.7939004898,
        "min": 3.25520133972,
        "var": 17.0545768738
    },
    "erbbands_flatness_db": {
        "dmean": 0.0125876935199,
        "dmean2": 0.019883884117,
        "dvar": 9.10685193958e-05,
        "dvar2": 0.000219375244342,
        "max": 0.337927669287,
        "mean": 0.238674834371,
        "median": 0.231585159898,
        "min": 0.169213280082,
        "var": 0.00116677349433
    },
    "erbbands_kurtosis": {
        "dmean": 2.56909012794,
        "dmean2": 3.92551779747,
        "dvar": 8.55385875702,
        "dvar2": 16.6604652405,
        "max": 52.8035545349,
        "mean": 7.33705186844,
        "median": 5.28813552856,
        "min": -1.17941212654,
        "var": 52.2634887695
    },
    "erbbands_skewness": {
        "dmean": 0.363024771214,
        "dmean2": 0.577376246452,
        "dvar": 0.093201726675,
        "dvar2": 0.223905026913,
        "max": 0.194318622351,
        "mean": -1.81200122833,
        "median": -1.62671792507,
        "min": -4.87459659576,
        "var": 0.641247332096
    },
    "erbbands_spread": {
        "dmean": 3.81129097939,
        "dmean2": 5.95233106613,
        "dvar": 15.1320266724,
        "dvar2": 41.4457206726,
        "max": 52.8104515076,
        "mean": 15.3606987,
        "median": 13.9069948196,
        "min": 2.33068919182,
        "var": 72.5712890625
    },
    "hfc": {
        "dmean": 5.65053272247,
        "dmean2": 8.87685966492,
        "dvar": 24.7853736877,
        "dvar2": 53.5691566467,
        "max": 70.0686340332,
        "mean": 31.5947036743,
        "median": 29.2778205872,
        "min": 0.248754367232,
        "var": 157.423614502
    },
    "melbands_crest": {
        "dmean": 3.342015028,
        "dmean2": 5.70332145691,
        "dvar": 8.51239490509,
        "dvar2": 22.7570972443,
        "max": 26.4105491638,
        "mean": 11.6077461243,
        "median": 10.6284656525,
        "min": 4.20271253586,
        "var": 18.0470638275
    },
    "melbands_flatness_db": {
        "dmean": 0.0198359172791,
        "dmean2": 0.03291740641,
        "dvar": 0.000299910199828,
        "dvar2": 0.00083795574028,
        "max": 0.259890973568,
        "mean": 0.172448590398,
        "median": 0.171355292201,
        "min": 0.107543349266,
        "var": 0.000966098625213
    },
    "melbands_kurtosis": {
        "dmean": 1.28990280628,
        "dmean2": 2.20905947685,
        "dvar": 3.17553138733,
        "dvar2": 8.64925956726,
        "max": 16.0986480713,
        "mean": -0.0249815285206,
        "median": -0.831118106842,
        "min": -1.89853739738,
        "var": 5.29194307327
    },
    "melbands_skewness": {
        "dmean": 0.543757140636,
        "dmean2": 0.892188847065,
        "dvar": 0.202844768763,
        "dvar2": 0.537352979183,
        "max": 3.98076677322,
        "mean": 0.770263671875,
        "median": 0.763240695,
        "min": -1.77617204189,
        "var": 0.903992295265
    },
    "melbands_spread": {
        "dmean": 11.4655256271,
        "dmean2": 19.1468715668,
        "dvar": 92.4974441528,
        "dvar2": 247.820953369,
        "max": 100.029930115,
        "mean": 66.6549835205,
        "median": 69.1536941528,
        "min": 17.2704429626,
        "var": 290.494598389
    },
    "pitch_salience": {
        "dmean": 0.0588591210544,
        "dmean2": 0.0965734645724,
        "dvar": 0.00239341589622,
        "dvar2": 0.00656574591994,
        "max": 0.80086928606,
        "mean": 0.525695264339,
        "median": 0.529308080673,
        "min": 0.259374827147,
        "var": 0.00975718256086
    },
    "silence_rate_20dB": {
        "dmean": 0,
        "dmean2": 0,
        "dvar": 0,
        "dvar2": 0,
        "max": 1,
        "mean": 1,
        "median": 1,
        "min": 1,
        "var": 0
    },
    "silence_rate_30dB": {
        "dmean": 0,
        "dmean2": 0,
        "dvar": 0,
        "dvar2": 0,
        "max": 1,
        "mean": 1,
        "median": 1,
        "min": 1,
        "var": 0
    },
    "silence_rate_60dB": {
        "dmean": 0,
        "dmean2": 0,
        "dvar": 0,
        "dvar2": 0,
        "max": 0,
        "mean": 0,
        "median": 0,
        "min": 0,
        "var": 0
    },
    "spectral_centroid": {
        "dmean": 127.381965637,
        "dmean2": 202.03767395,
        "dvar": 16460.6875,
        "dvar2": 44553.5390625,
        "max": 3029.71166992,
        "mean": 2404.6171875,
        "median": 2396.08496094,
        "min": 1259.44714355,
        "var": 46041.4296875
    },
    "spectral_complexity": {
        "dmean": 3.65555548668,
        "dmean2": 5.84419727325,
        "dvar": 8.57182979584,
        "dvar2": 21.8899002075,
        "max": 50,
        "mean": 30.058637619,
        "median": 30,
        "min": 0,
        "var": 52.0552749634
    },
    "spectral_decrease": {
        "dmean": 9.33073063258e-10,
        "dmean2": 1.60402979787e-09,
        "dvar": 5.54221453566e-19,
        "dvar2": 1.55650668922e-18,
        "max": -9.94759136175e-11,
        "mean": -4.57645699115e-09,
        "median": -4.58475080123e-09,
        "min": -7.08891390033e-09,
        "var": 1.05344439199e-18
    },
    "spectral_energy": {
        "dmean": 0.0038637816906,
        "dmean2": 0.00656477874145,
        "dvar": 8.99702808965e-06,
        "dvar2": 2.50886696449e-05,
        "max": 0.0321451574564,
        "mean": 0.0201383326203,
        "median": 0.0201488342136,
        "min": 0.000398008414777,
        "var": 2.14842912101e-05
    },
    "spectral_energyband_high": {
        "dmean": 0.000116541872558,
        "dmean2": 0.000195610511582,
        "dvar": 1.59995909854e-08,
        "dvar2": 4.22231813957e-08,
        "max": 0.00176406360697,
        "mean": 0.000468725978862,
        "median": 0.000383718463127,
        "min": 4.41575457444e-06,
        "var": 6.58139001075e-08
    },
    "spectral_energyband_low": {
        "dmean": 0.00264846207574,
        "dmean2": 0.00458335736766,
        "dvar": 6.78177548252e-06,
        "dvar2": 1.92801144294e-05,
        "max": 0.0190072543919,
        "mean": 0.00470960559323,
        "median": 0.00381154450588,
        "min": 0.000128082378069,
        "var": 1.12114039439e-05
    },
    "spectral_energyband_middle_high": {
        "dmean": 0.00234445976093,
        "dmean2": 0.00368311512284,
        "dvar": 4.23887740908e-06,
        "dvar2": 9.2183408924e-06,
        "max": 0.0287545304745,
        "mean": 0.0122846513987,
        "median": 0.0111654344946,
        "min": 8.79090221133e-05,
        "var": 2.9209862987e-05
    },
    "spectral_energyband_middle_low": {
        "dmean": 0.00121532846242,
        "dmean2": 0.00199053063989,
        "dvar": 1.79857295279e-06,
        "dvar2": 4.64234881292e-06,
        "max": 0.0132688162848,
        "mean": 0.00290647125803,
        "median": 0.0023486353457,
        "min": 0.000168591242982,
        "var": 3.96244240619e-06
    },
    "spectral_entropy": {
        "dmean": 0.0707892179489,
        "dmean2": 0.110231071711,
        "dvar": 0.00379837932996,
        "dvar2": 0.00845804996789,
        "max": 8.44254207611,
        "mean": 7.50063371658,
        "median": 7.55488586426,
        "min": 6.78071737289,
        "var": 0.0381179489195
    },
    "spectral_flux": {
        "dmean": 0.0120225800201,
        "dmean2": 0.0201175268739,
        "dvar": 9.64585124166e-05,
        "dvar2": 0.000254202546785,
        "max": 0.129078909755,
        "mean": 0.0737605839968,
        "median": 0.0730960965157,
        "min": 0.0334841050208,
        "var": 0.000263304187683
    },
    "spectral_kurtosis": {
        "dmean": 3.29176616669,
        "dmean2": 5.81547021866,
        "dvar": 7.60893011093,
        "dvar2": 24.3423671722,
        "max": 22.3685455322,
        "mean": 6.32402896881,
        "median": 5.53025627136,
        "min": 1.03340339661,
        "var": 12.1813030243
    },
    "spectral_rms": {
        "dmean": 0.000435586756794,
        "dmean2": 0.000736880290788,
        "dvar": 1.28725346826e-07,
        "dvar2": 3.32560603056e-07,
        "max": 0.00560010084882,
        "mean": 0.00439949566498,
        "median": 0.00443366682157,
        "min": 0.000623137922958,
        "var": 2.91590140478e-07
    },
    "spectral_rolloff": {
        "dmean": 178.827957153,
        "dmean2": 305.504119873,
        "dvar": 62786.296875,
        "dvar2": 176497.59375,
        "max": 3574.51171875,
        "mean": 2567.55810547,
        "median": 2411.71875,
        "min": 1012.06054688,
        "var": 112543.882812
    },
    "spectral_skewness": {
        "dmean": 0.312010347843,
        "dmean2": 0.552147209644,
        "dvar": 0.0706944391131,
        "dvar2": 0.217203065753,
        "max": 3.40632557869,
        "mean": 0.969110131264,
        "median": 0.912345767021,
        "min": 0.279954135418,
        "var": 0.128259643912
    },
    "spectral_spread": {
        "dmean": 162537.75,
        "dmean2": 258934.921875,
        "dvar": 234861346816,
        "dvar2": 182230286336,
        "max": 16348106,
        "mean": 2218458.75,
        "median": 2170404,
        "min": 1671528.5,
        "var": 367154593792
    },
    "spectral_strongpeak": {
        "dmean": 1.63484799862,
        "dmean2": 2.81539678574,
        "dvar": 5.24101114273,
        "dvar2": 12.2600307465,
        "max": 15.282951355,
        "mean": 3.94985127449,
        "median": 0.531097888947,
        "min": 0,
        "var": 20.8507213593
    },
    "zerocrossingrate": {
        "dmean": 0.00565166166052,
        "dmean2": 0.00718526449054,
        "dvar": 2.64622067334e-05,
        "dvar2": 3.67528627976e-05,
        "max": 0.11279296875,
        "mean": 0.0873535946012,
        "median": 0.08984375,
        "min": 0.01708984375,
        "var": 0.000230153207667
    },
    "barkbands": {
        "dmean": [3.21957195411e-05, 0.00213824491948, 0.00100155733526, 0.000394093454815, 0.000786091433838, 0.000208359371754, 0.000395282724639, 0.000107193016447, 9.80554250418e-05, 0.000145416925079, 0.000132832967211, 0.000176496323547, 8.83896937012e-05, 0.000413856148953, 0.000647419132292, 0.000523694965523, 0.00207781838253, 0.000252561294474, 0.000274753983831, 0.00014502472186, 8.42426961754e-05, 1.9135823095e-05, 6.52125436318e-07, 1.4325672737e-06, 3.57059292355e-07, 1.4869557674e-07, 9.72095914875e-09],
        "dmean2": [5.15633364557e-05, 0.00375601486303, 0.00169280124828, 0.000669071334414, 0.0013162830146, 0.000364630279364, 0.000697259500157, 0.000177774651092, 0.000170681494637, 0.0002459876996, 0.000220219255425, 0.000296991871437, 0.000147019469296, 0.000682935351506, 0.00102721771691, 0.000899111910257, 0.00327187986113, 0.00042347953422, 0.000457226560684, 0.000247072894126, 0.000138978022733, 3.21275365422e-05, 1.07568325802e-06, 2.2995393465e-06, 5.81316783155e-07, 2.35745773125e-07, 1.63988005397e-08],
        "dvar": [1.37148215007e-09, 5.4670854297e-06, 1.5112126448e-06, 2.95605872225e-07, 1.02870671981e-06, 1.04166396397e-07, 4.21367190029e-07, 3.36185550509e-08, 1.88593816119e-08, 5.5236686336e-08, 4.71261216717e-08, 3.72174149277e-08, 1.04206527851e-08, 2.19849567884e-07, 4.41858787781e-07, 3.65636651622e-07, 4.91280115966e-06, 5.79262149358e-08, 7.02538827113e-08, 2.14800639498e-08, 9.4022176711e-09, 3.55503987359e-10, 4.15490883886e-13, 2.36277642417e-12, 1.91868480197e-13, 4.76890289682e-14, 2.44338459157e-16],
        "dvar2": [3.66988817113e-09, 1.5821397028e-05, 4.03809463023e-06, 7.5254240528e-07, 2.74476383311e-06, 3.05830923253e-07, 1.22774997635e-06, 8.57192858916e-08, 4.97444681002e-08, 1.50621431771e-07, 1.30445684476e-07, 9.34541333208e-08, 2.54169414404e-08, 5.28868724814e-07, 1.06591949134e-06, 1.05070955669e-06, 1.07827418105e-05, 1.56485484126e-07, 2.00374927317e-07, 6.14570438984e-08, 2.66964192974e-08, 1.01420372101e-09, 1.11679415715e-12, 5.78891275194e-12, 4.38049336388e-13, 1.00546239628e-13, 5.22854750676e-16],
        "max": [0.00034896429861, 0.0139128267765, 0.0102413631976, 0.00516323093325, 0.0108838798478, 0.00279006012715, 0.00546979112551, 0.00246907677501, 0.00196240958758, 0.00390771683306, 0.00290382630192, 0.00206867768429, 0.000839327578433, 0.00484889326617, 0.00900421757251, 0.00639651250094, 0.025549730286, 0.00326407444663, 0.00307320640422, 0.00173975166399, 0.00148876279127, 0.000189826241694, 1.04474229374e-05, 2.73060868494e-05, 8.8940751084e-06, 4.64774075226e-06, 2.79794022617e-07],
        "mean": [6.06941539445e-05, 0.00310949003324, 0.0013390412787, 0.00048409315059, 0.00120028213132, 0.000273111014394, 0.000598574988544, 0.000156551483087, 0.000155141751748, 0.00022793665994, 0.000210567130125, 0.000316059798934, 0.000121862416563, 0.000710571650416, 0.0014941332629, 0.00104689074215, 0.00647478830069, 0.000630183028989, 0.000781126320362, 0.000425383041147, 0.000259768392425, 5.3137064242e-05, 2.13741964217e-06, 5.22742266185e-06, 1.13964881621e-06, 4.45512938541e-07, 1.49015040307e-08],
        "median": [4.46702033514e-05, 0.00210912222974, 0.000783370574936, 0.000261386478087, 0.000743249547668, 0.000176539862878, 0.000386746774893, 8.22417714517e-05, 0.000116742601676, 0.00014462089166, 0.00012075612176, 0.000236436302657, 8.24134476716e-05, 0.000540976703633, 0.00106355710886, 0.000837097584736, 0.00440991157666, 0.00053338392172, 0.000658140692394, 0.000349477515556, 0.000210217302083, 4.38782190031e-05, 1.81847144631e-06, 4.42908640252e-06, 8.81220557858e-07, 3.29654795905e-07, 9.6748902223e-09],
        "min": [4.26851528346e-07, 6.69877335895e-05, 2.69432530331e-06, 6.3205106926e-06, 2.92622662528e-05, 4.53994243799e-06, 1.2643379705e-05, 4.63820560981e-06, 8.45403792482e-06, 1.18182506412e-05, 6.48825425742e-06, 1.23695444927e-05, 1.80383403858e-06, 7.26030384612e-06, 7.90595186118e-06, 1.26757768157e-05, 6.98985786585e-06, 4.49249637313e-06, 6.52066364637e-06, 2.80646099782e-06, 2.89898434858e-06, 3.93723979641e-07, 5.07947532924e-08, 6.10613355434e-08, 2.72676121682e-08, 1.48721568394e-08, 1.83031356737e-09],
        "var": [2.87437940116e-09, 7.80750269769e-06, 2.23356028073e-06, 3.84756930316e-07, 1.63214849636e-06, 1.00651085688e-07, 4.81747520098e-07, 4.34342197764e-08, 2.37830075633e-08, 7.10511116608e-08, 7.08657523774e-08, 7.47928794453e-08, 1.41004257159e-08, 3.5822770883e-07, 1.65043195466e-06, 6.17308273831e-07, 3.12342417601e-05, 1.37735497674e-07, 2.06721139762e-07, 6.65575541348e-08, 2.55980463493e-08, 9.88329307283e-10, 1.39741592863e-12, 9.48257618261e-12, 7.97272621186e-13, 1.70921816197e-13, 3.3264140568e-16]
    },
    "erbbands": {
        "dmean": [0.0582782849669, 0.507645249367, 1.19145154953, 0.961979389191, 2.47618770599, 2.70247793198, 2.02766132355, 1.46419548988, 2.66205835342, 6.58538007736, 2.77987837791, 2.16386151314, 2.56037211418, 4.65533351898, 5.62087345123, 7.10587882996, 3.48785543442, 17.7972927094, 37.9281311035, 20.9874248505, 59.8674163818, 77.2866134644, 12.3221874237, 18.2504768372, 8.61829853058, 7.32087421417, 3.55318069458, 2.62201833725, 0.765429079533, 0.0973875075579, 0.0218794588, 0.036346103996, 0.0202861838043, 0.00708217220381, 0.000896849436685, 0.00083675107453, 0.000241782909143, 2.00003905775e-05, 2.63779202214e-06, 4.77970615975e-06],
        "dmean2": [0.101889520884, 0.890977144241, 2.01387310028, 1.63000833988, 4.08929204941, 4.61668634415, 3.49842143059, 2.48953795433, 4.62577915192, 11.5355110168, 4.66389894485, 3.75622153282, 4.36410522461, 7.74402427673, 9.3761806488, 11.9579706192, 5.7571144104, 30.0112056732, 59.6128768921, 35.8076171875, 94.2636566162, 123.551757812, 20.0870895386, 30.7594032288, 14.5552158356, 12.4369869232, 5.95425415039, 4.38301706314, 1.28594374657, 0.16097009182, 0.0355643257499, 0.0588477775455, 0.0318257510662, 0.011643464677, 0.00137786369305, 0.00132314057555, 0.000384647137253, 3.18644924846e-05, 4.26279029853e-06, 7.99443205324e-06],
        "dvar": [0.00414159474894, 0.33230099082, 1.89427292347, 1.28467440605, 11.3060588837, 12.7876663208, 8.27167320251, 4.71238660812, 18.2188625336, 120.732032776, 28.9165019989, 7.40594005585, 13.2672948837, 47.0046463013, 62.0522193909, 68.8468093872, 16.3455867767, 563.537414551, 1778.3815918, 616.39453125, 3145.56274414, 6052.58935547, 182.620483398, 269.405944824, 66.7953643799, 54.2146835327, 12.7342567444, 14.7632875443, 0.612417399883, 0.00890696421266, 0.000540511624422, 0.00149951921776, 0.000505068397615, 6.60946898279e-05, 1.43954150644e-06, 1.41056329994e-06, 1.22012480119e-07, 7.14665771007e-10, 5.29874668448e-12, 1.32434393313e-11],
        "dvar2": [0.0116963693872, 0.956823468208, 5.08007049561, 3.50381588936, 28.0678215027, 36.2733001709, 24.3677406311, 13.9071006775, 51.0806884766, 362.544250488, 71.6119918823, 19.1681118011, 37.6089820862, 121.392364502, 173.524932861, 174.6434021, 37.1689453125, 1391.25341797, 4092.16699219, 1689.69677734, 7188.26220703, 13710.2529297, 472.439941406, 764.316711426, 181.304260254, 155.519042969, 36.3117103577, 41.2330741882, 1.68683457375, 0.025215908885, 0.00149316294119, 0.0040246322751, 0.00130297522992, 0.000147495768033, 2.91001038022e-06, 3.1322842915e-06, 2.46502850132e-07, 1.64453362039e-09, 1.1414298326e-11, 3.61233508384e-11],
        "max": [0.519147992134, 3.61239099503, 13.6982688904, 11.9618835449, 37.2128944397, 31.7518959045, 22.0471534729, 20.5385818481, 36.8353157043, 100.488418579, 69.261138916, 32.7709541321, 51.3278579712, 103.602508545, 95.2183227539, 97.0023956299, 35.2379798889, 212.732711792, 578.925720215, 277.955749512, 652.979370117, 874.978637695, 232.38319397, 196.8334198, 96.1831130981, 85.3753585815, 45.0836410522, 68.6401290894, 8.68007946014, 1.38462054729, 0.340231627226, 0.61831343174, 0.388105750084, 0.153379753232, 0.0290399193764, 0.0245943013579, 0.00734284799546, 0.00040307251038, 4.35425827163e-05, 4.54075816378e-05],
        "mean": [0.0801334157586, 0.730363726616, 1.67961847782, 1.44633197784, 3.3462100029, 4.01778793335, 2.69011831284, 2.05322694778, 4.26393699646, 10.0142993927, 4.16568946838, 3.54002165794, 4.46144247055, 8.0431842804, 10.5568971634, 12.5735654831, 6.27128219604, 30.5761165619, 94.4428100586, 48.524230957, 186.623657227, 244.531280518, 41.9565467834, 49.4674301147, 28.4837341309, 21.4874649048, 11.0925455093, 7.99663305283, 2.40152263641, 0.33229932189, 0.0785999372602, 0.118867322803, 0.0682893395424, 0.0236959978938, 0.00324094621465, 0.00251041376032, 0.00070667930413, 4.67492318421e-05, 1.57018093887e-05, 2.67808263743e-05],
        "median": [0.057259362191, 0.497188270092, 1.01293694973, 1.04219162464, 2.01561689377, 2.3450088501, 1.53929948807, 1.40781605244, 2.77600169182, 5.93465328217, 2.54009437561, 2.76034426689, 2.94580245018, 5.28976345062, 7.19831466675, 9.28712558746, 4.70644044876, 22.5573883057, 60.9623718262, 39.120891571, 140.191375732, 185.197784424, 36.9056167603, 42.6404800415, 24.96342659, 17.3962078094, 9.17676353455, 6.19227647781, 1.9863704443, 0.280984729528, 0.0658720806241, 0.0958470031619, 0.0559249855578, 0.0188523139805, 0.00264373398386, 0.00190441939048, 0.00052258069627, 3.49982256012e-05, 1.54413646669e-05, 2.6545360015e-05],
        "min": [0.00167967251036, 0.0134179899469, 0.0151623021811, 0.0450081415474, 0.0485606603324, 0.102264657617, 0.113037362695, 0.0753450617194, 0.189757063985, 0.327326744795, 0.25780454278, 0.244592741132, 0.472294986248, 0.290747791529, 0.32870259881, 0.482925236225, 0.100269444287, 0.426560133696, 0.411914974451, 0.411768257618, 0.677957117558, 0.359455734491, 0.231227681041, 0.474270343781, 0.16316254437, 0.103142626584, 0.141627654433, 0.0773839876056, 0.0158919114619, 0.00302452268079, 0.00130056089256, 0.000772336439695, 0.00129120599013, 0.000476059765788, 9.65661020018e-05, 6.96363276802e-05, 2.48222768278e-05, 3.86665351471e-06, 7.8355384403e-07, 5.1850690852e-07],
        "var": [0.00610822159797, 0.461945593357, 2.99736404419, 1.83721792698, 15.6051311493, 23.754196167, 9.83804512024, 4.84765911102, 23.1295166016, 143.264709473, 32.2867698669, 10.8792266846, 20.6111354828, 74.8783493042, 103.842582703, 124.289634705, 26.0972042084, 714.852600098, 7359.50244141, 1144.75708008, 17923.3574219, 34128.1835938, 487.687744141, 745.410888672, 213.046234131, 169.841262817, 39.8918151855, 30.1269435883, 1.96154046059, 0.0325381197035, 0.00186566729099, 0.00511310808361, 0.0017967231106, 0.000287586211925, 6.0379848037e-06, 4.83681606056e-06, 4.43961027941e-07, 1.95259830527e-09, 1.69360619279e-11, 4.21670927342e-11]
    },
    "gfcc": {
        "mean": [-17.7990055084, 115.662414551, -176.758483887, 67.9129943848, -20.0990257263, -4.9636964798, -27.8720188141, 6.71485090256, -10.8446617126, 1.03146076202, -13.8575181961, -6.63899993896, 3.30574226379],
        "cov": [[350.096191406, -25.5248661041, -5.83937120438, -59.6694564819, -102.756141663, 19.5025138855, -1.78046000004, 13.2322835922, -57.1682434082, 38.5340652466, 12.9236507416, 12.5051784515, -20.9725608826], [-25.5248661041, 207.768051147, 68.1695709229, -21.1349925995, -14.3922576904, -18.4895839691, 28.2612037659, -20.1320419312, -24.2636947632, -31.6468315125, 2.85959196091, -18.4066562653, -4.48810529709], [-5.83937120438, 68.1695709229, 94.876449585, 23.0894126892, 16.399559021, 16.4098377228, 9.86007595062, 7.11625909805, -14.6436786652, -12.4092407227, -15.6250667572, -13.5901708603, -11.6740722656], [-59.6694564819, -21.1349925995, 23.0894126892, 93.6337356567, 65.7306976318, 11.1261224747, 8.79416847229, -3.71812677383, 20.6557273865, -5.46312379837, 4.41580533981, -4.38225698471, 5.86047649384], [-102.756141663, -14.3922576904, 16.399559021, 65.7306976318, 120.156959534, 31.2777347565, -0.836475074291, 4.03127908707, 43.778678894, -14.9937467575, -12.4981279373, -12.2670574188, 5.51200437546], [19.5025138855, -18.4895839691, 16.4098377228, 11.1261224747, 31.2777347565, 58.6403388977, 23.3709983826, 15.8192043304, -1.48152005672, 15.2309246063, 2.06334781647, -6.2136964798, -13.3079843521], [-1.78046000004, 28.2612037659, 9.86007595062, 8.79416847229, -0.836475074291, 23.3709983826, 53.17628479, 25.1155509949, 4.32878780365, 10.8845977783, 16.0207996368, 2.18010663986, -7.39593553543], [13.2322835922, -20.1320419312, 7.11625909805, -3.71812677383, 4.03127908707, 15.8192043304, 25.1155509949, 50.9857254028, 28.6321544647, 14.8082695007, 1.53799808025, 4.94693136215, -3.58754038811], [-57.1682434082, -24.2636947632, -14.6436786652, 20.6557273865, 43.778678894, -1.48152005672, 4.32878780365, 28.6321544647, 71.8262329102, 17.5820331573, 4.81388759613, 2.88708996773, 8.88926315308], [38.5340652466, -31.6468315125, -12.4092407227, -5.46312379837, -14.9937467575, 15.2309246063, 10.8845977783, 14.8082695007, 17.5820331573, 52.9578132629, 31.6134757996, 11.6274194717, -4.60872840881], [12.9236507416, 2.85959196091, -15.6250667572, 4.41580533981, -12.4981279373, 2.06334781647, 16.0207996368, 1.53799808025, 4.81388759613, 31.6134757996, 49.8786811829, 24.4320411682, 5.99015903473], [12.5051784515, -18.4066562653, -13.5901708603, -4.38225698471, -12.2670574188, -6.2136964798, 2.18010663986, 4.94693136215, 2.88708996773, 11.6274194717, 24.4320411682, 35.4794769287, 18.8720092773], [-20.9725608826, -4.48810529709, -11.6740722656, 5.86047649384, 5.51200437546, -13.3079843521, -7.39593553543, -3.58754038811, 8.88926315308, -4.60872840881, 5.99015903473, 18.8720092773, 36.9409408569]],
        "icov": [[0.00602894974872, -0.00498725194484, 0.00583644676954, -0.0058738803491, 0.00608958257362, -0.00722321355715, 0.00985288526863, -0.00885100755841, 0.00611145654693, -0.00642410805449, 0.00597105408087, -0.0057851197198, 0.00291058444418], [-0.00498725194484, 0.0357183106244, -0.0369308255613, 0.0340833216906, -0.0109912902117, 0.0235062185675, -0.0414510928094, 0.035698890686, -0.017937194556, 0.0286989174783, -0.0382486246526, 0.0337891466916, -0.0134565960616], [0.00583644676954, -0.0369308255613, 0.0527515895665, -0.0397803001106, 0.0100401919335, -0.0242509935051, 0.0427095852792, -0.0436209030449, 0.0265790242702, -0.0307185277343, 0.0432040020823, -0.0334678180516, 0.0157519038767], [-0.0058738803491, 0.0340833216906, -0.0397803001106, 0.0545983761549, -0.026577277109, 0.031172638759, -0.0475829988718, 0.0390112549067, -0.015330100432, 0.0233452077955, -0.0398286990821, 0.0342257991433, -0.0153943831101], [0.00608958257362, -0.0109912902117, 0.0100401919335, -0.026577277109, 0.0477407835424, -0.0446230992675, 0.0289811454713, -0.00442256219685, -0.0239112284034, 0.0180903915316, 0.00346729136072, -0.00778285739943, 0.0031095740851], [-0.00722321355715, 0.0235062185675, -0.0242509935051, 0.031172638759, -0.0446230992675, 0.073789589107, -0.0501088052988, 0.0142414895818, 0.018724264577, -0.0162108726799, -0.00958761014044, 0.0208925306797, -0.00490920431912], [0.00985288526863, -0.0414510928094, 0.0427095852792, -0.0475829988718, 0.0289811454713, -0.0501088052988, 0.0933472514153, -0.0640119463205, 0.018960500136, -0.0150639228523, 0.0182006619871, -0.0280501656234, 0.0166367813945], [-0.00885100755841, 0.035698890686, -0.0436209030449, 0.0390112549067, -0.00442256219685, 0.0142414895818, -0.0640119463205, 0.0905389562249, -0.0497336611152, 0.0290876142681, -0.0208206195384, 0.0148775139824, -0.00752218673006], [0.00611145654693, -0.017937194556, 0.0265790242702, -0.015330100432, -0.0239112284034, 0.018724264577, 0.018960500136, -0.0497336611152, 0.0666996315122, -0.0488995648921, 0.0277715716511, -0.0111544486135, 0.000445616809884], [-0.00642410805449, 0.0286989174783, -0.0307185277343, 0.0233452077955, 0.0180903915316, -0.0162108726799, -0.0150639228523, 0.0290876142681, -0.0488995648921, 0.0922221690416, -0.0729303508997, 0.0353260599077, -0.00525051821023], [0.00597105408087, -0.0382486246526, 0.0432040020823, -0.0398286990821, 0.00346729136072, -0.00958761014044, 0.0182006619871, -0.0208206195384, 0.0277715716511, -0.0729303508997, 0.111868776381, -0.0756187140942, 0.021075239405], [-0.0057851197198, 0.0337891466916, -0.0334678180516, 0.0342257991433, -0.00778285739943, 0.0208925306797, -0.0280501656234, 0.0148775139824, -0.0111544486135, 0.0353260599077, -0.0756187140942, 0.105131335557, -0.0450237579644], [0.00291058444418, -0.0134565960616, 0.0157519038767, -0.0153943831101, 0.0031095740851, -0.00490920431912, 0.0166367813945, -0.00752218673006, 0.000445616809884, -0.00525051821023, 0.021075239405, -0.0450237579644, 0.053697258234]]
    },
    "melbands": {
        "dmean": [0.000555522216018, 0.000598176266067, 0.000191998828086, 0.00019814526604, 7.34599379939e-05, 3.36672128469e-05, 5.56668528588e-05, 5.9760928707e-05, 2.50095672527e-05, 1.2166162378e-05, 1.40805877891e-05, 2.04215866688e-05, 2.03031304409e-05, 2.43707036134e-05, 7.59759223001e-06, 1.67746857187e-05, 3.40929545928e-05, 6.62645616103e-05, 2.55962913798e-05, 3.30588154611e-05, 0.000104009799543, 0.000117143907119, 2.51635992754e-05, 1.26770019051e-05, 1.72140262293e-05, 8.57254417497e-06, 7.19990975995e-06, 4.78400124848e-06, 1.82074973054e-06, 3.23674794345e-06, 1.21249127005e-06, 5.57034468329e-07, 2.00238332582e-07, 2.00662242378e-08, 1.19210330496e-08, 2.14007300769e-08, 2.55947227856e-08, 1.64695084237e-08, 1.25400259066e-08, 5.26791499311e-09],
        "dmean2": [0.000971399073023, 0.00102854915895, 0.000316718331305, 0.000331480958266, 0.000125859194668, 5.75305748498e-05, 9.75815710262e-05, 0.00010433949501, 4.20008145738e-05, 2.11413425859e-05, 2.40466397372e-05, 3.39853686455e-05, 3.42370985891e-05, 4.09453969041e-05, 1.28246956592e-05, 2.86398480966e-05, 5.75052981731e-05, 0.000104636703327, 4.20816249971e-05, 5.66439048271e-05, 0.000160797440913, 0.000185944736586, 4.18683630414e-05, 2.10764737858e-05, 2.91539672617e-05, 1.42153821798e-05, 1.20699587569e-05, 8.13242877484e-06, 3.14834824167e-06, 5.43690066479e-06, 2.10060943573e-06, 9.44294072269e-07, 3.31599409265e-07, 3.46803510354e-08, 2.01819716494e-08, 3.61665080106e-08, 4.27428190619e-08, 2.6389949781e-08, 2.06062455987e-08, 8.76420269691e-09],
        "dvar": [3.51392657194e-07, 4.1486927671e-07, 4.71161811788e-08, 6.67347137551e-08, 9.91690640717e-09, 2.53898457814e-09, 8.09567524129e-09, 9.46996792095e-09, 2.15975437534e-09, 2.15865991748e-10, 4.39435460242e-10, 9.94972326751e-10, 1.06018105406e-09, 6.8928396324e-10, 9.66071250774e-11, 5.33342647824e-10, 2.00891570046e-09, 5.16751219592e-09, 6.06386829638e-10, 1.3023300216e-09, 1.05413855422e-08, 1.55558446124e-08, 1.06862241278e-09, 1.49605119959e-10, 2.47603354486e-10, 6.20523285533e-11, 5.00542836346e-11, 2.16934976927e-11, 4.03985352115e-12, 1.38211039835e-11, 2.6784698591e-12, 3.23834546418e-13, 4.92438968563e-14, 4.12178222944e-16, 1.56848134868e-16, 5.7463525117e-16, 7.74743767404e-16, 3.13733830353e-16, 2.20908058763e-16, 4.27618594634e-17],
        "dvar2": [1.00807585568e-06, 1.15066654871e-06, 1.18715320241e-07, 1.73585789298e-07, 2.99339326659e-08, 7.5103248065e-09, 2.30015135827e-08, 2.85183592297e-08, 5.42209166454e-09, 5.6781512825e-10, 1.24878274388e-09, 2.62222421554e-09, 2.95200885958e-09, 1.72309766455e-09, 2.40287623132e-10, 1.19288579015e-09, 5.07132646987e-09, 1.16543832362e-08, 1.60397162219e-09, 3.71387143261e-09, 2.32219381502e-08, 3.40885684125e-08, 2.8274094177e-09, 3.96992633211e-10, 7.05107527921e-10, 1.63088847982e-10, 1.4711912244e-10, 6.4759135554e-11, 1.11631476632e-11, 3.78361578179e-11, 7.56095620141e-12, 9.1524758692e-13, 1.40637528749e-13, 1.21270850553e-15, 4.3160722646e-16, 1.59819203515e-15, 2.02085755831e-15, 8.16321067834e-16, 5.99992294177e-16, 9.97643677082e-17],
        "max": [0.00431582145393, 0.00601062132046, 0.001896310132, 0.00274560903199, 0.000943203514908, 0.000472044397611, 0.000795616011601, 0.000925157335587, 0.000562371336855, 0.000177740701474, 0.000307776645059, 0.000495648302604, 0.000426413287641, 0.000244515598752, 0.000116425580927, 0.000208669211133, 0.000443192577222, 0.000986883416772, 0.000233558486798, 0.000354535644874, 0.00124330015387, 0.00141954724677, 0.00039142445894, 0.000144062170875, 0.000188517820789, 7.20548196114e-05, 8.06795142125e-05, 4.81553543068e-05, 2.34324543271e-05, 5.0437029131e-05, 2.75260390481e-05, 5.76222828386e-06, 2.91690935228e-06, 2.39016401338e-07, 1.49252770143e-07, 3.48789171767e-07, 4.61339084268e-07, 3.11713876044e-07, 1.66384438671e-07, 1.2523769044e-07],
        "mean": [0.000803695409559, 0.000928495079279, 0.000311401439831, 0.00029388605617, 0.000105666993477, 4.51671039627e-05, 8.66668415256e-05, 9.30724927457e-05, 3.39537218679e-05, 1.99255173357e-05, 2.29763900279e-05, 3.28230526065e-05, 3.29589602188e-05, 4.2867504817e-05, 1.35015898195e-05, 2.27351793001e-05, 5.12969454576e-05, 0.000161302508786, 6.21272265562e-05, 6.24196982244e-05, 0.000316019140882, 0.000357522105332, 5.28099153598e-05, 2.94691453746e-05, 4.26316037192e-05, 2.36895721173e-05, 1.85650769708e-05, 1.25925926113e-05, 5.05500474901e-06, 8.65549645823e-06, 3.23419021697e-06, 1.48343906403e-06, 5.24941015101e-07, 5.33727764207e-08, 3.36793526401e-08, 6.06235914802e-08, 7.6745664046e-08, 5.11185831442e-08, 3.39014292194e-08, 1.53910288958e-08],
        "median": [0.000578275939915, 0.000687934923917, 0.000229286786634, 0.000172491214471, 6.22463485342e-05, 2.9919003282e-05, 5.47537929378e-05, 5.59603104193e-05, 2.07092016353e-05, 1.52049642566e-05, 1.49804918692e-05, 2.05296710192e-05, 1.90315786313e-05, 3.14930293825e-05, 1.02519770735e-05, 1.43960951391e-05, 3.49575457221e-05, 0.000102489808341, 5.4042069678e-05, 4.82706636831e-05, 0.000224103452638, 0.000236495776335, 3.83205915568e-05, 2.46748240897e-05, 3.62968530681e-05, 2.067526475e-05, 1.54888366524e-05, 1.02412977867e-05, 4.14178020947e-06, 7.00296959621e-06, 2.51865731116e-06, 1.19147864552e-06, 4.45949780215e-07, 4.54380284509e-08, 2.80351173387e-08, 4.90438729628e-08, 6.43089563823e-08, 4.29715463213e-08, 2.70604161301e-08, 1.17549010525e-08],
        "min": [2.21960617637e-05, 1.87712230399e-05, 7.88490433479e-06, 4.84448355564e-06, 3.25616611008e-06, 1.08576011826e-06, 2.94665233014e-06, 3.39374741998e-06, 1.16822070595e-06, 1.02370506738e-06, 2.01151692636e-06, 1.08014342004e-06, 9.32637988171e-07, 1.58571970132e-06, 4.40888157982e-07, 3.29887058115e-07, 8.07890330634e-07, 5.89086539549e-07, 5.09675089688e-07, 8.53884500884e-07, 7.49250261833e-07, 3.88481794289e-07, 2.04250639513e-07, 2.42892809865e-07, 4.31844227933e-07, 1.38198359423e-07, 1.16600411104e-07, 5.39394875432e-08, 8.13245719655e-08, 8.76946657513e-08, 2.9378623978e-08, 1.04047099825e-08, 2.70851785444e-09, 1.24158805459e-09, 8.38611569076e-10, 3.52743612098e-10, 5.30935295728e-10, 1.0830533137e-09, 5.18908083169e-10, 3.94018734307e-10],
        "var": [5.41424356015e-07, 6.57019654682e-07, 7.91059733274e-08, 1.06459445703e-07, 1.38537039618e-08, 2.57106758106e-09, 9.7536068111e-09, 1.16496146063e-08, 2.31636554382e-09, 3.29499483254e-10, 6.25741791715e-10, 1.41020806144e-09, 1.56361201764e-09, 1.41475964277e-09, 1.55207027785e-10, 6.30107521715e-10, 2.7046795914e-09, 2.23592806492e-08, 1.34174393818e-09, 2.5858863939e-09, 6.92824571047e-08, 9.55258485646e-08, 2.10192063754e-09, 3.23807675118e-10, 6.29275243025e-10, 1.73571240714e-10, 1.33924787926e-10, 6.15007003657e-11, 9.41233202489e-12, 3.24151955278e-11, 5.37098750891e-12, 8.32437851289e-13, 1.08950093955e-13, 9.59139451889e-16, 4.08822304877e-16, 1.41586056996e-15, 2.32325954366e-15, 1.02361496456e-15, 5.82892975373e-16, 1.58909389545e-16]
    },
    "mfcc": {
        "mean": [-638.392028809, 126.211578369, -66.8236618042, 64.1001663208, 18.0905361176, 6.43641376495, 2.60722899437, -1.79131877422, 16.8859767914, -1.032325387, -3.47116971016, 7.99793720245, -2.68566870689],
        "cov": [[393.880004883, -31.128156662, 4.35327005386, -75.2769012451, -91.4246673584, -29.0915336609, 26.3858203888, -33.9690856934, -50.6346588135, -4.04858255386, 26.2973213196, -21.6489143372, -8.69466209412], [-31.128156662, 201.430892944, 52.383972168, -10.7100887299, -28.6625442505, -10.8560791016, 14.6778459549, 8.41033363342, -14.6951341629, -3.02306246758, -5.86740446091, -26.0583248138, -14.7636203766], [4.35327005386, 52.383972168, 76.7196502686, 7.79348325729, -3.44840025902, -0.679837107658, 17.6529045105, 5.14338350296, -1.64247584343, 3.91709303856, 0.218166097999, -15.4686164856, -12.5673284531], [-75.2769012451, -10.7100887299, 7.79348325729, 80.9123306274, 42.7242507935, 19.807849884, -2.77012896538, 12.9762678146, 10.6853256226, -0.936772227287, -9.00810909271, 12.8782691956, 8.1912317276], [-91.4246673584, -28.6625442505, -3.44840025902, 42.7242507935, 94.0477523804, 36.6875419617, -6.63083744049, 14.9251289368, 28.7328834534, 9.21404457092, -5.43959569931, 10.367726326, -1.31430184841], [-29.0915336609, -10.8560791016, -0.679837107658, 19.807849884, 36.6875419617, 52.4391784668, 23.7355804443, 4.46901798248, 0.929843366146, 7.39202022552, 8.42905807495, 6.60782432556, -1.74331891537], [26.3858203888, 14.6778459549, 17.6529045105, -2.77012896538, -6.63083744049, 23.7355804443, 55.1056976318, 14.2735443115, -10.1157426834, 5.54985046387, 12.771440506, -2.01861310005, -5.13113689423], [-33.9690856934, 8.41033363342, 5.14338350296, 12.9762678146, 14.9251289368, 4.46901798248, 14.2735443115, 40.7081642151, 24.0036087036, 5.85823106766, 1.18221914768, 8.82738780975, 6.55756855011], [-50.6346588135, -14.6951341629, -1.64247584343, 10.6853256226, 28.7328834534, 0.929843366146, -10.1157426834, 24.0036087036, 54.6874504089, 19.212305069, -1.07239770889, 9.28475189209, 7.15970897675], [-4.04858255386, -3.02306246758, 3.91709303856, -0.936772227287, 9.21404457092, 7.39202022552, 5.54985046387, 5.85823106766, 19.212305069, 39.4241676331, 22.0522670746, 4.80110692978, 1.29111361504], [26.2973213196, -5.86740446091, 0.218166097999, -9.00810909271, -5.43959569931, 8.42905807495, 12.771440506, 1.18221914768, -1.07239770889, 22.0522670746, 45.4829597473, 18.3715229034, 3.64664316177], [-21.6489143372, -26.0583248138, -15.4686164856, 12.8782691956, 10.367726326, 6.60782432556, -2.01861310005, 8.82738780975, 9.28475189209, 4.80110692978, 18.3715229034, 51.3638496399, 28.3073787689], [-8.69466209412, -14.7636203766, -12.5673284531, 8.1912317276, -1.31430184841, -1.74331891537, -5.13113689423, 6.55756855011, 7.15970897675, 1.29111361504, 3.64664316177, 28.3073787689, 42.659286499]],
