{
"lowlevel": {
    "average_loudness": 0.98558473587,
    "barkbands_crest": {
        "dmean": 2.95799612999,
        "dmean2": 5.06250762939,
        "dvar": 4.61714696884,
        "dvar2": 13.693857193,
        "max": 21.4785461426,
        "mean": 8.58554840088,
        "median": 7.88909578323,
        "min": 3.89134907722,
        "var": 8.52845954895
    },
    "barkbands_flatness_db": {
        "dmean": 0.019920989871,
        "dmean2": 0.0347276106477,
        "dvar": 0.000206203447306,
        "dvar2": 0.000541463319678,
        "max": 0.249688118696,
        "mean": 0.178437545896,
        "median": 0.17862740159,
        "min": 0.105800412595,
        "var": 0.000402546458645
    },
    "barkbands_kurtosis": {
        "dmean": 0.816929519176,
        "dmean2": 1.399528265,
        "dvar": 0.914047002792,
        "dvar2": 2.25497055054,
        "max": 9.34942913055,
        "mean": -0.150903820992,
        "median": -0.511723518372,
        "min": -1.48862826824,
        "var": 1.41923522949
    },
    "barkbands_skewness": {
        "dmean": 0.440222382545,
        "dmean2": 0.752457678318,
        "dvar": 0.116634577513,
        "dvar2": 0.332446247339,
        "max": 1.25824391842,
        "mean": -0.568325161934,
        "median": -0.537237644196,
        "min": -2.30047821999,
        "var": 0.268484741449
    },
    "barkbands_spread": {
        "dmean": 4.84723949432,
        "dmean2": 8.54838275909,
        "dvar": 12.4895858765,
        "dvar2": 36.6300010681,
        "max": 34.8463096619,
        "mean": 19.4545345306,
        "median": 19.0088634491,
        "min": 6.22384548187,
        "var": 25.2506999969
    },
    "dissonance": {
        "dmean": 0.0166067685932,
        "dmean2": 0.0283051691949,
        "dvar": 0.000360484817065,
        "dvar2": 0.000624061853159,
        "max": 0.49829646945,
        "mean": 0.47110542655,
        "median": 0.47357583046,
        "min": 0.217458218336,
        "var": 0.000462884228909
    },
    "dynamic_complexity": 0.611791074276,
    "erbbands_crest": {
        "dmean": 2.95414066315,
        "dmean2": 4.92710399628,
        "dvar": 6.2395863533,
        "dvar2": 15.7596206665,
        "max": 26.1529064178,
        "mean": 10.1410045624,
        "median": 9.44495296478,
        "min": 5.19454956055,
        "var": 10.7600469589
    },
    "erbbands_flatness_db": {
        "dmean": 0.0195740573108,
        "dmean2": 0.0328257009387,
        "dvar": 0.000202165116207,
        "dvar2": 0.000533785088919,
        "max": 0.349917411804,
        "mean": 0.283451408148,
        "median": 0.283679783344,
        "min": 0.152680009604,
        "var": 0.000517703476362
    },
    "erbbands_kurtosis": {
        "dmean": 1.53934001923,
        "dmean2": 2.75016593933,
        "dvar": 1.69571983814,
        "dvar2": 5.09258413315,
        "max": 6.98952484131,
        "mean": 0.442454069853,
        "median": 0.025741815567,
        "min": -1.52353489399,
        "var": 2.49504470825
    },
    "erbbands_skewness": {
        "dmean": 0.472689539194,
        "dmean2": 0.832793235779,
        "dvar": 0.107484981418,
        "dvar2": 0.312880635262,
        "max": 0.568067669868,
        "mean": -0.738458156586,
        "median": -0.729467213154,
        "min": -1.95193898678,
        "var": 0.201281860471
    },
    "erbbands_spread": {
        "dmean": 4.00878238678,
        "dmean2": 6.90313434601,
        "dvar": 8.75340938568,
        "dvar2": 22.9173164368,
        "max": 42.8094177246,
        "mean": 16.4017429352,
        "median": 16.1706447601,
        "min": 4.40277147293,
        "var": 24.74817276
    },
    "hfc": {
        "dmean": 10.7396383286,
        "dmean2": 18.108751297,
        "dvar": 68.3460998535,
        "dvar2": 145.841079712,
        "max": 80.8144760132,
        "mean": 36.6200180054,
        "median": 36.0637016296,
        "min": 0.864542126656,
        "var": 179.625686646
    },
    "melbands_crest": {
        "dmean": 3.1029279232,
        "dmean2": 5.39265012741,
        "dvar": 5.37730836868,
        "dvar2": 16.4331226349,
        "max": 18.1010761261,
        "mean": 9.01313972473,
        "median": 8.36383247375,
        "min": 3.85011792183,
        "var": 9.70508861542
    },
    "melbands_flatness_db": {
        "dmean": 0.0185052007437,
        "dmean2": 0.032485794276,
        "dvar": 0.00016525274259,
        "dvar2": 0.000485912751174,
        "max": 0.242694482207,
        "mean": 0.193392291665,
        "median": 0.191780135036,
        "min": 0.141322895885,
        "var": 0.000354406307451
    },
    "melbands_kurtosis": {
        "dmean": 0.597530424595,
        "dmean2": 1.02468883991,
        "dvar": 0.314136177301,
        "dvar2": 0.672497630119,
        "max": 5.94295215607,
        "mean": -0.62839114666,
        "median": -0.819047212601,
        "min": -1.60166251659,
        "var": 0.614566683769
    },
    "melbands_skewness": {
        "dmean": 0.355413675308,
        "dmean2": 0.590026259422,
        "dvar": 0.0800852701068,
        "dvar2": 0.194741085172,
        "max": 2.47493696213,
        "mean": 0.139478802681,
        "median": 0.180875509977,
        "min": -1.77703821659,
        "var": 0.2490901649
    },
    "melbands_spread": {
        "dmean": 11.4483356476,
        "dmean2": 20.9668540955,
        "dvar": 68.0553665161,
        "dvar2": 197.988739014,
        "max": 75.154548645,
        "mean": 44.5822715759,
        "median": 44.328742981,
        "min": 20.1764240265,
        "var": 115.316345215
    },
    "pitch_salience": {
        "dmean": 0.0554974041879,
        "dmean2": 0.0917565897107,
        "dvar": 0.00223097484559,
        "dvar2": 0.00546690681949,
        "max": 0.846180617809,
        "mean": 0.548002541065,
        "median": 0.549289226532,
        "min": 0.289739012718,
        "var": 0.0047294171527
    },
    "silence_rate_20dB": {
        "dmean": 0,
        "dmean2": 0,
        "dvar": 0,
        "dvar2": 0,
        "max": 1,
        "mean": 1,
        "median": 1,
        "min": 1,
        "var": 0
    },
    "silence_rate_30dB": {
        "dmean": 0,
        "dmean2": 0,
        "dvar": 0,
        "dvar2": 0,
        "max": 1,
        "mean": 1,
        "median": 1,
        "min": 1,
        "var": 0
    },
    "silence_rate_60dB": {
        "dmean": 0.00370370363817,
        "dmean2": 0.00371747207828,
        "dvar": 0.00368997780606,
        "dvar2": 0.00370366103016,
        "max": 1,
        "mean": 0.00369003694504,
        "median": 0,
        "min": 0,
        "var": 0.00367639376782
    },
    "spectral_centroid": {
        "dmean": 200.730056763,
        "dmean2": 351.706573486,
        "dvar": 22790.7929688,
        "dvar2": 66741.953125,
        "max": 2508.91699219,
        "mean": 2015.9552002,
        "median": 2028.12780762,
        "min": 1298.00048828,
        "var": 56743.7382812
    },
    "spectral_complexity": {
        "dmean": 3.18518519402,
        "dmean2": 5.18215608597,
        "dvar": 8.20274448395,
        "dvar2": 17.1675624847,
        "max": 49,
        "mean": 26.5202960968,
        "median": 26,
        "min": 0,
        "var": 27.7034645081
    },
    "spectral_decrease": {
        "dmean": 1.59917112885e-09,
        "dmean2": 2.7633964006e-09,
        "dvar": 1.21092572534e-18,
        "dvar2": 3.11700804041e-18,
        "max": -1.2121081916e-10,
        "mean": -5.5491899964e-09,
        "median": -5.60436230757e-09,
        "min": -1.02616484199e-08,
        "var": 2.60197395817e-18
    },
    "spectral_energy": {
        "dmean": 0.00690948730335,
        "dmean2": 0.011873094365,
        "dvar": 2.30889563682e-05,
        "dvar2": 5.80611012992e-05,
        "max": 0.045497611165,
        "mean": 0.0242654085159,
        "median": 0.0243050511926,
        "min": 0.000535891100299,
        "var": 5.13738414156e-05
    },
    "spectral_energyband_high": {
        "dmean": 6.19861966697e-05,
        "dmean2": 0.000105805658677,
        "dvar": 5.31122523739e-09,
        "dvar2": 1.4034556628e-08,
        "max": 0.00086179911159,
        "mean": 0.00014273209672,
        "median": 0.00010522226512,
        "min": 3.19748869515e-06,
        "var": 1.25543975216e-08
    },
    "spectral_energyband_low": {
        "dmean": 0.000577910803258,
        "dmean2": 0.000984637765214,
        "dvar": 2.58691784438e-07,
        "dvar2": 6.99139491189e-07,
        "max": 0.00482305139303,
        "mean": 0.00117404689081,
        "median": 0.00104589143302,
        "min": 1.30092976178e-05,
        "var": 4.03636875035e-07
    },
    "spectral_energyband_middle_high": {
        "dmean": 0.00512132700533,
        "dmean2": 0.0085366871208,
        "dvar": 1.70630846696e-05,
        "dvar2": 3.44612453773e-05,
        "max": 0.042030852288,
        "mean": 0.0156955737621,
        "median": 0.0142569728196,
        "min": 0.000451405328931,
        "var": 4.87047436764e-05
    },
    "spectral_energyband_middle_low": {
        "dmean": 0.00381541438401,
        "dmean2": 0.00698023475707,
        "dvar": 8.91432318895e-06,
        "dvar2": 2.63705715042e-05,
        "max": 0.022247986868,
        "mean": 0.00735420919955,
        "median": 0.00656489981338,
        "min": 7.15531568858e-05,
        "var": 1.45228586916e-05
    },
    "spectral_entropy": {
        "dmean": 0.106827236712,
        "dmean2": 0.178387418389,
        "dvar": 0.00730871083215,
        "dvar2": 0.0166495144367,
        "max": 8.03342056274,
        "mean": 7.27070093155,
        "median": 7.27172851562,
        "min": 6.91253423691,
        "var": 0.0163933020085
    },
    "spectral_flux": {
        "dmean": 0.016874698922,
        "dmean2": 0.0279296915978,
        "dvar": 0.000231182537391,
        "dvar2": 0.000703157798853,
        "max": 0.195906743407,
        "mean": 0.0935656428337,
        "median": 0.0924539044499,
        "min": 0.0461979061365,
        "var": 0.000392247660784
    },
    "spectral_kurtosis": {
        "dmean": 6.04021549225,
        "dmean2": 10.6527996063,
        "dvar": 21.5161399841,
        "dvar2": 72.5093231201,
        "max": 34.1853370667,
        "mean": 11.5181941986,
        "median": 10.0993309021,
        "min": 3.15316390991,
        "var": 29.6999759674
    },
    "spectral_rms": {
        "dmean": 0.000712160486728,
        "dmean2": 0.00121309747919,
        "dvar": 2.67059306225e-07,
        "dvar2": 6.19585705408e-07,
        "max": 0.00666242558509,
        "mean": 0.00480275833979,
        "median": 0.0048695220612,
        "min": 0.000723063305486,
        "var": 6.07089873483e-07
    },
    "spectral_rolloff": {
        "dmean": 201.056243896,
        "dmean2": 354.297241211,
        "dvar": 36353.0039062,
        "dvar2": 102758.539062,
        "max": 3165.38085938,
        "mean": 2426.57739258,
        "median": 2476.31835938,
        "min": 1679.58984375,
        "var": 49550.3242188
    },
    "spectral_skewness": {
        "dmean": 0.502466619015,
        "dmean2": 0.89600276947,
        "dvar": 0.149443566799,
        "dvar2": 0.473387002945,
        "max": 4.22303295135,
        "mean": 1.46946811676,
        "median": 1.36450660229,
        "min": 0.698953509331,
        "var": 0.235770180821
    },
    "spectral_spread": {
        "dmean": 206958.984375,
        "dmean2": 325525.625,
        "dvar": 135318544384,
        "dvar2": 116257341440,
        "max": 8689559,
        "mean": 1748628.25,
        "median": 1702695.75,
        "min": 1328851.75,
        "var": 228077273088
    },
    "spectral_strongpeak": {
        "dmean": 1.52795064449,
        "dmean2": 2.59492206573,
        "dvar": 2.31580066681,
        "dvar2": 6.06113862991,
        "max": 11.2705907822,
        "mean": 2.76214671135,
        "median": 2.28122925758,
        "min": 0.0553737618029,
        "var": 3.37917280197
    },
    "zerocrossingrate": {
        "dmean": 0.0050021703355,
        "dmean2": 0.00699022691697,
        "dvar": 2.04561929422e-05,
        "dvar2": 2.90464286081e-05,
        "max": 0.09814453125,
        "mean": 0.0755304396152,
        "median": 0.07568359375,
        "min": 0.0205078125,
        "var": 0.000104154911241
    },
    "barkbands": {
        "dmean": [7.00328473613e-06, 0.000505751057062, 0.000119593314594, 0.000105799306766, 0.000937856792007, 3.82071193599e-05, 7.07725557731e-05, 6.87000647304e-05, 0.00382251432166, 0.000629235699307, 0.000111823355837, 0.00060165632749, 0.000271403725492, 0.00188248418272, 0.00131921679713, 0.00224593910389, 0.00162245496176, 0.000479004898807, 0.000316965189995, 0.000107782703708, 2.51144447247e-05, 2.40787676375e-06, 6.66768414703e-07, 4.95042911552e-07, 1.3927953546e-07, 5.34405231178e-08, 1.33737376729e-08],
        "dmean2": [1.14933054647e-05, 0.000856884056702, 0.000205468095373, 0.000183834068594, 0.00163604260888, 6.48948916933e-05, 0.000117230549222, 0.00012152139243, 0.00705860322341, 0.00111190287862, 0.000190866107005, 0.00107589620166, 0.000463683478301, 0.00282923015766, 0.00209920364432, 0.00387055147439, 0.00267825555056, 0.000785068725236, 0.000545020448044, 0.000179759517778, 4.24667487096e-05, 4.17653245677e-06, 1.20603556297e-06, 8.33273588796e-07, 2.18807898023e-07, 8.62179305727e-08, 1.88592252925e-08],
        "dvar": [4.57106817675e-11, 1.89514835824e-07, 1.49161483165e-08, 1.01239345796e-08, 1.01123123386e-06, 9.159642822e-09, 2.15883204646e-08, 8.51014725356e-09, 7.39544293538e-06, 5.39922609732e-07, 3.1339116191e-08, 2.70353012866e-07, 1.33304880023e-07, 9.89000000118e-06, 3.76390880774e-06, 3.97126905227e-06, 2.46849413088e-06, 2.19764288545e-07, 1.08027940371e-07, 1.21376526607e-08, 8.06874456138e-10, 4.13874967284e-12, 3.65108442611e-13, 1.52041939694e-13, 1.77258161355e-14, 1.21869889194e-14, 5.50832767731e-15],
        "dvar2": [1.18808685112e-10, 5.17278522238e-07, 3.95133845643e-08, 2.64943516015e-08, 2.91377750727e-06, 2.53441871934e-08, 4.68547050048e-08, 2.2190569382e-08, 2.29763936659e-05, 1.4045158423e-06, 7.64819745314e-08, 8.38991184082e-07, 3.4450192743e-07, 2.00398790184e-05, 7.670550076e-06, 1.12635098048e-05, 6.63089349473e-06, 6.09282096775e-07, 2.6782504392e-07, 2.89837700507e-08, 2.236359542e-09, 1.07717168518e-11, 1.06643231572e-12, 4.0540216583e-13, 4.04528264998e-14, 2.51623080146e-14, 5.61796719849e-15],
        "max": [4.3734387873e-05, 0.00354846334085, 0.00119060580619, 0.000763387419283, 0.00771142123267, 0.00119308533613, 0.00236442731693, 0.000825540279038, 0.0197346825153, 0.00564663950354, 0.00175389600918, 0.00376881565899, 0.00283352518454, 0.0361935086548, 0.0192971844226, 0.0164800807834, 0.0156958885491, 0.00408979319036, 0.00315510039218, 0.00119024224114, 0.000355490919901, 1.53878645506e-05, 4.04991169489e-06, 3.49046422343e-06, 1.44021430515e-06, 1.24926702938e-06, 1.24685561786e-06],
        "mean": [8.96986421139e-06, 0.000868671631906, 0.000249326607445, 0.000126830491354, 0.00122621189803, 5.21970250702e-05, 0.000103027865407, 8.22676447569e-05, 0.00563614023849, 0.0010141072562, 0.000152395223267, 0.000736252462957, 0.000429361505667, 0.00281143910252, 0.00230610719882, 0.00339178927243, 0.00311874086037, 0.000981537159532, 0.000677080475725, 0.000221994123422, 6.07577676419e-05, 6.84407768858e-06, 1.16567923669e-06, 1.54893223225e-06, 5.07076208578e-07, 1.26688632918e-07, 5.52451204783e-08],
        "median": [7.40644554753e-06, 0.00081201561261, 0.000216328568058, 8.85867702891e-05, 0.000845938222483, 2.69950269285e-05, 6.72455644235e-05, 4.7726000048e-05, 0.00503716943786, 0.000688320375048, 7.88360557635e-05, 0.000528736272827, 0.000201973351068, 0.00128189008683, 0.00144011620432, 0.00290256505832, 0.0022403288167, 0.000869134266395, 0.000495674205013, 0.000142968594446, 4.70024642709e-05, 6.60674095343e-06, 9.80144591267e-07, 1.46615684571e-06, 4.78979245599e-07, 1.08971548229e-07, 4.83924331718e-08],
        "min": [1.93397596604e-07, 6.93867787049e-06, 2.22096014113e-06, 3.60099329555e-06, 3.37432720698e-05, 2.62193452727e-06, 3.41595182363e-06, 1.25396354633e-06, 1.02512385638e-05, 4.11071778217e-05, 5.58980718779e-06, 1.04617165562e-05, 1.30390417326e-05, 2.32198235608e-05, 3.73858965759e-05, 0.000120491218695, 5.31178229721e-05, 1.46146867337e-05, 9.70543351286e-06, 3.76998855245e-06, 2.47678281085e-06, 1.36296876008e-07, 3.9119058215e-08, 7.41591534847e-08, 1.49792303006e-08, 2.1115738047e-09, 2.40097097759e-09],
        "var": [5.52011734933e-11, 2.71768897164e-07, 3.27870957051e-08, 1.29380852698e-08, 1.25281974306e-06, 1.03134132345e-08, 3.37536896211e-08, 1.21317480506e-08, 1.25896085592e-05, 9.41656992381e-07, 4.59969164979e-08, 3.67480282648e-07, 2.98026321843e-07, 1.65620094776e-05, 7.64979813539e-06, 5.50221193407e-06, 5.29460430698e-06, 3.50215856315e-07, 3.05274198809e-07, 4.34987796893e-08, 1.97210980879e-09, 6.76403204281e-12, 4.00943872287e-13, 3.19002582596e-13, 3.76301027556e-14, 1.16927587472e-14, 5.45636432358e-15]
    },
    "erbbands": {
        "dmean": [0.0151892751455, 0.118301443756, 0.174450516701, 0.203227803111, 1.99858832359, 4.09033823013, 0.785496354103, 0.281148225069, 0.610922396183, 1.47147965431, 19.9135990143, 102.442947388, 13.4473819733, 19.78074646, 12.9212207794, 16.7016296387, 11.1665124893, 79.8457870483, 85.9739379883, 87.4391708374, 94.6263885498, 76.9718856812, 35.53465271, 20.1513633728, 10.6664743423, 5.07800531387, 1.10828852654, 0.837458372116, 0.11480025202, 0.0328910499811, 0.0190359354019, 0.0127483606339, 0.00636179512367, 0.00269194226712, 0.000463625066914, 0.000309797964292, 7.98148248577e-05, 8.23483696877e-06, 4.81354391013e-06, 8.76150352269e-06],
        "dmean2": [0.0279836468399, 0.193702191114, 0.279728591442, 0.356473654509, 3.4938955307, 7.10465574265, 1.38851606846, 0.481817305088, 1.04721426964, 2.48600387573, 36.6438980103, 189.242080688, 24.1794967651, 34.6022644043, 23.412405014, 29.5219249725, 18.0679149628, 126.768714905, 133.52772522, 152.972396851, 162.733413696, 128.629760742, 59.8059501648, 34.2783584595, 18.3765125275, 8.66010093689, 1.89495241642, 1.39154410362, 0.195641011, 0.057305753231, 0.0343775898218, 0.0216259770095, 0.0104643469676, 0.00435274885967, 0.000713047920726, 0.000500951195136, 0.000126590326545, 1.1333177099e-05, 7.71459235693e-06, 1.49937604874e-05],
        "dvar": [0.000114829235827, 0.0113301947713, 0.0282276663929, 0.0380965396762, 4.00027561188, 20.3969707489, 1.90019619465, 0.388824313879, 0.579560101032, 12.6628093719, 190.58430481, 5448.49316406, 300.715820312, 539.003845215, 138.918319702, 230.342407227, 196.892623901, 14046.4267578, 20562.6367188, 8346.48730469, 7230.45947266, 5526.0078125, 1172.17675781, 465.822174072, 136.965164185, 25.4477005005, 0.937295675278, 1.35531151295, 0.00927753932774, 0.00081438064808, 0.000289857969619, 0.00010875985754, 2.75389393209e-05, 5.32091326022e-06, 4.86813689804e-07, 2.83029805814e-07, 2.87943233701e-08, 2.45237585794e-09, 1.07902797808e-10, 3.85970595762e-11],
        "dvar2": [0.000349515437847, 0.0287217646837, 0.0754550024867, 0.100889958441, 11.9225091934, 57.970287323, 4.84023666382, 1.02187585831, 1.57917761803, 27.3036231995, 621.434020996, 16526.8125, 745.212036133, 1333.25085449, 408.84866333, 661.900024414, 505.405914307, 32806.109375, 41377.8789062, 22869.703125, 19357.0800781, 14888.0810547, 3103.7668457, 1250.54199219, 334.316223145, 66.6853256226, 2.60264635086, 3.49252676964, 0.0235629864037, 0.00223214621656, 0.000834750419017, 0.000304952496663, 6.95459384588e-05, 1.467643051e-05, 8.18280625481e-07, 6.61127216972e-07, 4.84320956673e-08, 2.95101876269e-09, 1.17584497694e-10, 9.14621711701e-11],
        "max": [0.0677956491709, 0.923033118248, 1.88096785545, 1.82196235657, 14.1585073471, 32.0535202026, 16.3184185028, 7.96627569199, 10.2369155884, 49.4493751526, 97.04322052, 535.052124023, 236.768234253, 174.649963379, 75.1748199463, 101.740196228, 112.19644165, 1067.00927734, 1340.61132812, 781.94934082, 821.719909668, 562.550109863, 276.02746582, 191.205200195, 133.910491943, 57.9953956604, 8.67383480072, 15.0986175537, 0.943812191486, 0.204912260175, 0.13397590816, 0.0874189436436, 0.0485304445028, 0.0271397139877, 0.00986884627491, 0.00610157242045, 0.00224668346345, 0.000775225227699, 0.000174057480763, 5.9819118178e-05],
        "mean": [0.0203438363969, 0.212372660637, 0.365946650505, 0.33082780242, 2.54107904434, 4.76569652557, 1.09393393993, 0.423398941755, 0.934349119663, 2.34935712814, 31.4544906616, 145.719924927, 21.1709747314, 33.7141990662, 17.8715629578, 22.7158203125, 21.1575241089, 128.620681763, 151.510818481, 135.752990723, 172.544998169, 158.727630615, 75.5099487305, 45.6162643433, 22.4112586975, 10.3795757294, 2.79196763039, 2.05834341049, 0.351042926311, 0.0707628503442, 0.0366731584072, 0.0365151055157, 0.0208530910313, 0.00964751187712, 0.00154725066386, 0.00086219899822, 0.000163174016052, 2.32652655541e-05, 2.19905141421e-05, 3.24466345774e-05],
        "median": [0.0185680650175, 0.189961716533, 0.298545509577, 0.280626326799, 1.74774932861, 3.44935202599, 0.751342356205, 0.226768761873, 0.684093475342, 1.41116690636, 28.2228488922, 130.908370972, 17.5961780548, 20.5991954803, 13.5916013718, 16.5155696869, 13.7592000961, 73.5340194702, 85.0791397095, 107.768966675, 151.163452148, 126.984786987, 65.5622711182, 33.2754249573, 15.8175678253, 6.81391572952, 2.26413083076, 1.40537941456, 0.32307139039, 0.0635147467256, 0.0319025926292, 0.0339410454035, 0.0194565746933, 0.009028528817, 0.00140672747511, 0.000777278735768, 0.000136963761179, 1.88411268027e-05, 2.20721613005e-05, 3.25941618939e-05],
        "min": [0.000278916180832, 0.00127846293617, 0.0026325986255, 0.00915782805532, 0.0508776120842, 0.133012622595, 0.107432819903, 0.0517481043935, 0.0496331602335, 0.0203998275101, 0.0551647283137, 0.235950067639, 0.771574318409, 1.44104635715, 1.16360414028, 0.369082957506, 0.700977087021, 0.960006713867, 2.33375120163, 3.3243303299, 5.57777118683, 3.25918722153, 1.13191366196, 0.540117919445, 0.545889675617, 0.163890942931, 0.1114891693, 0.055085029453, 0.00858891755342, 0.00155692303088, 0.0012165607186, 0.00180717918556, 0.000877362384927, 0.000264537899056, 4.55824665551e-05, 1.43850938912e-05, 2.97482279166e-06, 1.16370688374e-06, 7.89117166278e-07, 7.32787327706e-07],
        "var": [0.000158704220667, 0.0170304980129, 0.0629635602236, 0.0516328960657, 5.50603437424, 22.6449699402, 2.16151857376, 0.496148318052, 0.978999733925, 19.4813289642, 348.625946045, 9017.56933594, 382.334289551, 1248.89624023, 184.965240479, 341.146179199, 452.323120117, 22953.8574219, 40720.484375, 9612.66015625, 11221.234375, 9697.22460938, 1908.21508789, 1154.09423828, 388.640411377, 85.1134185791, 2.56797885895, 3.6625392437, 0.0224590953439, 0.00103766657412, 0.000340974569554, 0.000191544371773, 6.09493108641e-05, 1.32496898004e-05, 6.84668293616e-07, 2.72731966788e-07, 3.10995353914e-08, 2.4113566699e-09, 1.10713806178e-10, 8.75140931944e-11]
    },
    "gfcc": {
        "mean": [-32.2370643616, 130.742202759, -202.241241455, 30.2094516754, -14.5289859772, -1.97768318653, -18.0181236267, 17.6391906738, -8.48543548584, -16.063709259, -23.2968769073, -24.5318870544, 3.41079497337],
        "cov": [[309.353942871, 8.66865253448, -52.4211120605, 6.10483646393, 23.0679187775, 8.10633277893, 34.3877105713, -2.78778386116, -16.4075126648, 9.37597846985, 1.77778589725, -19.2948207855, -11.5083818436], [8.66865253448, 91.7551651001, 38.2437705994, -26.0050487518, -21.7400608063, -17.1057224274, -18.0560092926, -4.87530660629, 7.73801183701, -12.789773941, 0.825235784054, -5.04554605484, -0.357532203197], [-52.4211120605, 38.2437705994, 156.591674805, 31.4607601166, -47.8810043335, -15.4022769928, -52.3709182739, 15.5001478195, 5.24829530716, -17.6436748505, -22.5322494507, 23.5654640198, -3.93582391739], [6.10483646393, -26.0050487518, 31.4607601166, 96.185760498, 16.4742031097, 0.584144055843, -5.74080610275, -5.97409677505, -14.3732852936, -5.90800619125, -5.77579212189, 7.20681142807, 9.79269218445], [23.0679187775, -21.7400608063, -47.8810043335, 16.4742031097, 64.2382125854, 26.902299881, 20.7988300323, -10.8158407211, -4.01207065582, 6.56032180786, 4.67900323868, -4.49882316589, 5.26891183853], [8.10633277893, -17.1057224274, -15.4022769928, 0.584144055843, 26.902299881, 53.676651001, 28.2651386261, 2.98543310165, -0.367185860872, 6.79303503036, 2.14036726952, -3.50890278816, -5.99070692062], [34.3877105713, -18.0560092926, -52.3709182739, -5.74080610275, 20.7988300323, 28.2651386261, 62.313621521, 25.4233398438, 6.16112327576, 4.2327914238, -0.702340900898, -9.63512420654, 1.10904657841], [-2.78778386116, -4.87530660629, 15.5001478195, -5.97409677505, -10.8158407211, 2.98543310165, 25.4233398438, 67.482383728, 41.4712867737, -8.2438287735, -18.7718200684, 1.12583065033, -1.05861437321], [-16.4075126648, 7.73801183701, 5.24829530716, -14.3732852936, -4.01207065582, -0.367185860872, 6.16112327576, 41.4712867737, 60.0314826965, 7.00749206543, -11.5551919937, -6.1889257431, -2.50765156746], [9.37597846985, -12.789773941, -17.6436748505, -5.90800619125, 6.56032180786, 6.79303503036, 4.2327914238, -8.2438287735, 7.00749206543, 42.720249176, 23.1426029205, -4.20563983917, -8.99377536774], [1.77778589725, 0.825235784054, -22.5322494507, -5.77579212189, 4.67900323868, 2.14036726952, -0.702340900898, -18.7718200684, -11.5551919937, 23.1426029205, 36.8307151794, 7.0024266243, -4.02385234833], [-19.2948207855, -5.04554605484, 23.5654640198, 7.20681142807, -4.49882316589, -3.50890278816, -9.63512420654, 1.12583065033, -6.1889257431, -4.20563983917, 7.0024266243, 39.1776542664, 11.9521608353], [-11.5083818436, -0.357532203197, -3.93582391739, 9.79269218445, 5.26891183853, -5.99070692062, 1.10904657841, -1.05861437321, -2.50765156746, -8.99377536774, -4.02385234833, 11.9521608353, 29.2001266479]],
        "icov": [[0.00424393918365, -0.00347546557896, 0.00313466833904, -0.00192360789515, -0.000341905048117, 0.000164859244251, -0.000153380373376, -0.00254807621241, 0.0039659217, -0.00404649088159, 0.00461070192978, -0.00143219495658, 0.00302249984816], [-0.00347546557896, 0.027538402006, -0.0195826552808, 0.011985627003, -0.00378480530344, 0.00957600586116, -0.0131910704076, 0.0170071907341, -0.0167993437499, 0.0224452782422, -0.0252737440169, 0.0148135805503, -0.00800220388919], [0.00313466833904, -0.0195826552808, 0.03459623456, -0.0154684139416, 0.0145960049704, -0.0166201461107, 0.0288857985288, -0.0221144780517, 0.0162591766566, -0.0194900482893, 0.0294573120773, -0.0188808962703, 0.0100848991424], [-0.00192360789515, 0.011985627003, -0.0154684139416, 0.0200435239822, -0.0102464258671, 0.00765621475875, -0.00847698003054, 0.00692416774109, -0.00307830795646, 0.00856078229845, -0.01106074173, 0.0082787014544, -0.00796602945775], [-0.000341905048117, -0.00378480530344, 0.0145960049704, -0.0102464258671, 0.0330969765782, -0.0171860512346, 0.00599329965189, 0.00236709648743, -0.00207975599915, -0.00409334013239, 0.00819620769471, -0.00534095941111, -0.00254097371362], [0.000164859244251, 0.00957600586116, -0.0166201461107, 0.00765621475875, -0.0171860512346, 0.0400079190731, -0.0284435525537, 0.0146957673132, -0.00799016468227, 0.00700656464323, -0.00906153209507, 0.00297753349878, 0.00730101764202], [-0.000153380373376, -0.0131910704076, 0.0288857985288, -0.00847698003054, 0.00599329965189, -0.0284435525537, 0.0631566420197, -0.0436010435224, 0.0257722996175, -0.0182949639857, 0.0159425977618, -0.00193749263417, -0.00481367763132], [-0.00254807621241, 0.0170071907341, -0.0221144780517, 0.00692416774109, 0.00236709648743, 0.0146957673132, -0.0436010435224, 0.0656913146377, -0.0450041592121, 0.0255498923361, -0.010654640384, -0.00166352803353, 0.0037438236177], [0.0039659217, -0.0167993437499, 0.0162591766566, -0.00307830795646, -0.00207975599915, -0.00799016468227, 0.0257722996175, -0.0450041592121, 0.0545313358307, -0.0324383117259, 0.0258219093084, -0.00218463945203, -0.000148725244799], [-0.00404649088159, 0.0224452782422, -0.0194900482893, 0.00856078229845, -0.00409334013239, 0.00700656464323, -0.0182949639857, 0.0255498923361, -0.0324383117259, 0.0663263201714, -0.0532558374107, 0.0174404289573, 0.000144815217936], [0.00461070192978, -0.0252737440169, 0.0294573120773, -0.01106074173, 0.00819620769471, -0.00906153209507, 0.0159425977618, -0.010654640384, 0.0258219093084, -0.0532558374107, 0.0882209464908, -0.0349443368614, 0.0171327404678], [-0.00143219495658, 0.0148135805503, -0.0188808962703, 0.0082787014544, -0.00534095941111, 0.00297753349878, -0.00193749263417, -0.00166352803353, -0.00218463945203, 0.0174404289573, -0.0349443368614, 0.0510807484388, -0.0246561076492], [0.00302249984816, -0.00800220388919, 0.0100848991424, -0.00796602945775, -0.00254097371362, 0.00730101764202, -0.00481367763132, 0.0037438236177, -0.000148725244799, 0.000144815217936, 0.0171327404678, -0.0246561076492, 0.0541304312646]]
    },
    "melbands": {
        "dmean": [0.00013568327995, 0.000112324014481, 6.16687830188e-05, 0.000255236867815, 4.92406288686e-05, 6.11330960965e-06, 1.10389810288e-05, 1.35757754833e-05, 0.000322803214658, 0.000560061947908, 5.85581983614e-05, 8.73140525073e-05, 2.71775479632e-05, 8.121485007e-05, 1.15116581583e-05, 6.47872293484e-05, 0.00015984554193, 0.000155968140461, 8.54297395563e-05, 0.000148268474732, 0.000114372116514, 8.28095435281e-05, 8.25880779303e-05, 1.73693733814e-05, 1.89784277609e-05, 9.38853281696e-06, 6.71192174195e-06, 3.23089466292e-06, 5.96154563937e-07, 9.25872200241e-07, 3.20623144034e-07, 7.56029905347e-08, 3.06710781217e-08, 1.62316720065e-08, 1.40562574913e-08, 7.11774195139e-09, 8.8427594136e-09, 5.6996678488e-09, 3.39003136673e-09, 2.25278862231e-09],
        "dmean2": [0.000241296220338, 0.0001805426582, 0.000106667699583, 0.000445889338152, 8.63329842105e-05, 1.05389681266e-05, 1.85951867024e-05, 2.27441541938e-05, 0.000594346551225, 0.00103595352266, 0.00010338647553, 0.000153701606905, 4.8598372814e-05, 0.000146658043377, 1.99053611141e-05, 0.000103108686744, 0.000250763638178, 0.000243921589572, 0.000139015493914, 0.000256574421655, 0.000197329456569, 0.000138303556014, 0.000140351956361, 2.85485930362e-05, 3.28781679855e-05, 1.62031465152e-05, 1.15884895422e-05, 5.56217946723e-06, 1.01958585219e-06, 1.55373641064e-06, 5.23002313457e-07, 1.28720103021e-07, 5.09011357508e-08, 2.98216349393e-08, 2.56762611173e-08, 1.21682353083e-08, 1.4924300018e-08, 9.62408996941e-09, 5.46236833543e-09, 3.66719254963e-09],
        "dvar": [1.16076623868e-08, 1.19119194508e-08, 2.92273139024e-09, 7.56853353323e-08, 3.78183351302e-09, 1.87875548452e-10, 2.75616113266e-10, 1.18301046736e-09, 5.11946289805e-08, 1.6476717235e-07, 6.85893652985e-09, 1.06638493591e-08, 8.84427253656e-10, 5.4929696347e-09, 3.03723241002e-10, 8.38927505242e-09, 5.77895100662e-08, 8.41597866952e-08, 8.28230550809e-09, 2.13882174194e-08, 1.05535926664e-08, 6.89940371501e-09, 7.58598339701e-09, 2.88713719598e-10, 4.45126546733e-10, 1.40910769164e-10, 5.86805604108e-11, 1.64089922206e-11, 2.51163320827e-13, 1.38959893939e-12, 1.59294479734e-13, 3.81119891167e-15, 5.67755543693e-16, 2.68090348259e-16, 1.83984516164e-16, 3.46077677565e-17, 5.3198695037e-17, 2.24913700732e-17, 1.13254335195e-17, 3.25621261134e-18],
        "dvar2": [3.32876375353e-08, 2.90296604533e-08, 8.22740453543e-09, 2.18545608277e-07, 9.33156130145e-09, 4.97869190319e-10, 6.68827049299e-10, 2.62919819249e-09, 1.64382015555e-07, 4.98597671594e-07, 1.69586407139e-08, 2.64313992915e-08, 2.37853425844e-09, 1.6920305157e-08, 8.74989969368e-10, 2.08468993179e-08, 1.27903973635e-07, 1.72405648868e-07, 2.01013143908e-08, 6.01217564622e-08, 2.67662336739e-08, 1.84509509893e-08, 2.05118411145e-08, 7.53023254862e-10, 1.18255849557e-09, 3.61978585994e-10, 1.36171310339e-10, 4.49091111521e-11, 7.24853066025e-13, 3.97297602803e-12, 3.76539728217e-13, 1.04655155798e-14, 1.68575745421e-15, 7.34758571277e-16, 5.42361919451e-16, 9.14317141768e-17, 1.49056411135e-16, 5.72769105238e-17, 3.2370118468e-17, 9.26881436247e-18],
        "max": [0.000794576248154, 0.00111422257032, 0.000476675835671, 0.00213896064088, 0.000497222121339, 0.000173617576365, 0.000259327964159, 0.000447520258604, 0.00165825639851, 0.00288932654075, 0.00107983569615, 0.000735599780455, 0.000284834881313, 0.000496283057146, 0.000169310034835, 0.000742470438126, 0.00195745145902, 0.00295682647265, 0.000939589808695, 0.00116854836233, 0.00092688226141, 0.000645113934297, 0.000623674946837, 0.000139008785482, 0.000190488790395, 0.000126132668811, 7.50574181438e-05, 4.69369042548e-05, 4.34971116192e-06, 1.37005672514e-05, 5.39401662536e-06, 4.20732874318e-07, 1.92007078681e-07, 1.02403305391e-07, 9.16793183592e-08, 6.26045775221e-08, 5.51619869782e-08, 3.73179425139e-08, 4.52285568997e-08, 2.00551824037e-08],
        "mean": [0.000222953254706, 0.000225297262659, 9.52823829721e-05, 0.000317237601848, 6.3306390075e-05, 8.69715768204e-06, 1.63372315001e-05, 1.82218172995e-05, 0.000505718460772, 0.000794922118075, 7.66469820519e-05, 0.000145004290971, 3.85074745282e-05, 9.70052133198e-05, 1.82794210559e-05, 0.000103936428786, 0.000244250666583, 0.000247085321462, 0.000157057860633, 0.000202335082577, 0.000209053498111, 0.00015844090376, 0.000139603798743, 3.4866425267e-05, 3.80061610485e-05, 1.83923257282e-05, 1.2289150618e-05, 5.5700647863e-06, 1.26463805827e-06, 1.95405254999e-06, 8.01333499112e-07, 1.91264277305e-07, 7.43170005535e-08, 2.32320633842e-08, 2.10161363867e-08, 1.95914484635e-08, 2.33988650677e-08, 1.59269006872e-08, 1.08140278954e-08, 7.0191172874e-09],
        "median": [0.00021207278769, 0.000194788066437, 7.72878993303e-05, 0.000218867222429, 4.45457772003e-05, 4.6767281674e-06, 1.17597146527e-05, 8.78466289578e-06, 0.000441951735411, 0.000721339252777, 5.37506020919e-05, 8.84634428076e-05, 3.03035449178e-05, 6.74972106935e-05, 9.65992785495e-06, 5.05300558871e-05, 0.000124706624774, 0.000116594295832, 0.000118107862363, 0.000155665024067, 0.000173323511262, 0.000117946598039, 0.000106980871351, 2.77602284768e-05, 2.71701719612e-05, 1.29328391267e-05, 7.7885488281e-06, 3.43390547641e-06, 1.09321126729e-06, 1.49257573412e-06, 5.24091035459e-07, 1.76836408627e-07, 7.03705822502e-08, 1.85970705502e-08, 1.74991026114e-08, 1.79604171535e-08, 2.18322764312e-08, 1.4857489461e-08, 9.81490533292e-09, 6.53913101445e-09],
        "min": [2.4148164357e-06, 1.4853395669e-06, 2.47934576691e-06, 6.82068639435e-06, 4.72292595077e-06, 6.20606158463e-07, 7.16371857834e-07, 1.86762036947e-07, 5.57223472697e-07, 1.5523202137e-06, 4.07860898122e-06, 4.87855959364e-06, 2.4014061637e-06, 1.72102022589e-06, 9.73553937911e-07, 1.097015911e-06, 1.43033889799e-06, 3.42245789398e-06, 2.66604342869e-06, 8.4855419118e-06, 5.10423160449e-06, 3.10357972921e-06, 2.21373079512e-06, 6.66040136821e-07, 3.66394687035e-07, 4.7638553724e-07, 2.72838150295e-07, 6.2739715645e-08, 4.3566060981e-08, 9.60439479059e-08, 1.36317970245e-08, 4.03053501685e-09, 2.07261807716e-09, 5.34454480672e-10, 8.62610260999e-10, 3.59777513337e-10, 1.57584989502e-09, 7.68600461054e-10, 2.51113685401e-10, 2.04422354044e-10],
        "var": [1.6784534651e-08, 2.03600301063e-08, 4.95011098778e-09, 9.04739607677e-08, 4.86783013898e-09, 2.39836567273e-10, 4.5347114952e-10, 1.7672211472e-09, 9.61942774325e-08, 2.6505989581e-07, 8.99171315183e-09, 2.36812010002e-08, 1.18437504248e-09, 6.82782852479e-09, 5.13189768458e-10, 1.71212750644e-08, 9.64867723496e-08, 1.46302838289e-07, 1.58291744157e-08, 2.70373732292e-08, 1.96374223549e-08, 1.35893776232e-08, 1.12175939648e-08, 6.42652264737e-10, 9.77824599069e-10, 3.13409992403e-10, 1.40632491763e-10, 3.3517140452e-11, 4.33846724822e-13, 2.51015137495e-12, 5.86697628414e-13, 6.31736357359e-15, 9.53908705803e-16, 2.50488130113e-16, 1.77069471532e-16, 6.68644963061e-17, 8.96093691129e-17, 4.08366065138e-17, 2.4474092223e-17, 7.37672225649e-18]
    },
    "mfcc": {
        "mean": [-652.595336914, 151.667831421, -96.3586196899, 34.2247161865, 15.482881546, -5.10086679459, 6.28854513168, 11.8702259064, 25.5375366211, 13.4826059341, -1.3938587904, -4.75165557861, -19.9878387451],
        "cov": [[349.547515869, 2.11801147461, -105.548706055, 9.74669551849, -23.9945526123, 25.4903850555, 50.2098083496, -12.6231784821, -9.95631313324, 17.4570999146, 20.7970314026, -4.25460338593, -19.1511974335], [2.11801147461, 103.68221283, 25.2186870575, -31.6571464539, -8.21217823029, -22.4368343353, -22.817527771, -12.1136493683, -8.24105644226, -7.55791664124, 0.821496665478, -2.06225967407, -2.05888986588], [-105.548706055, 25.2186870575, 191.193222046, 32.238117218, 14.135310173, -33.2814483643, -60.997795105, 11.0915908813, -0.225898191333, -16.6993789673, -22.1705112457, 2.54901075363, 20.8834495544], [9.74669551849, -31.6571464539, 32.238117218, 73.2569580078, 17.7840919495, -2.1274087429, -5.42307424545, -0.164483308792, 1.0108217001, -4.00685119629, -13.4734249115, -4.90991163254, -0.805810570717], [-23.9945526123, -8.21217823029, 14.135310173, 17.7840919495, 43.2711486816, 13.8076581955, -8.19523429871, 3.08291006088, 3.30633497238, -6.36120176315, -5.01438093185, -0.214998930693, -4.34519100189], [25.4903850555, -22.4368343353, -33.2814483643, -2.1274087429, 13.8076581955, 56.5753364563, 33.6885910034, -9.31498336792, -13.5749082565, -0.337667495012, 9.09188365936, -2.21801614761, -12.4300012589], [50.2098083496, -22.817527771, -60.997795105, -5.42307424545, -8.19523429871, 33.6885910034, 71.4539794922, 4.14865589142, -6.10925912857, 0.536089122295, 8.18293190002, -1.94863939285, -18.4112243652], [-12.6231784821, -12.1136493683, 11.0915908813, -0.164483308792, 3.08291006088, -9.31498336792, 4.14865589142, 60.5525054932, 46.1454582214, -3.4393723011, -8.35113525391, 10.3413696289, 3.38111877441], [-9.95631313324, -8.24105644226, -0.225898191333, 1.0108217001, 3.30633497238, -13.5749082565, -6.10925912857, 46.1454582214, 81.8664398193, 14.472495079, -12.3272542953, 16.146396637, 4.97201490402], [17.4570999146, -7.55791664124, -16.6993789673, -4.00685119629, -6.36120176315, -0.337667495012, 0.536089122295, -3.4393723011, 14.472495079, 54.6295547485, 16.5944442749, -4.76952219009, 0.846488773823], [20.7970314026, 0.821496665478, -22.1705112457, -13.4734249115, -5.01438093185, 9.09188365936, 8.18293190002, -8.35113525391, -12.3272542953, 16.5944442749, 49.1218109131, 13.2094717026, -11.2966709137], [-4.25460338593, -2.06225967407, 2.54901075363, -4.90991163254, -0.214998930693, -2.21801614761, -1.94863939285, 10.3413696289, 16.146396637, -4.76952219009, 13.2094717026, 41.9704437256, 13.7706756592], [-19.1511974335, -2.05888986588, 20.8834495544, -0.805810570717, -4.34519100189, -12.4300012589, -18.4112243652, 3.38111877441, 4.97201490402, 0.846488773823, -11.2966709137, 13.7706756592, 50.0181045532]],
