{
"lowlevel": {
    "average_loudness": 0.970645546913,
    "barkbands_crest": {
        "dmean": 2.16634488106,
        "dmean2": 3.42626237869,
        "dvar": 2.26086735725,
        "dvar2": 6.81082820892,
        "max": 15.2727251053,
        "mean": 7.75273942947,
        "median": 7.4642701149,
        "min": 3.0365049839,
        "var": 4.50465345383
    },
    "barkbands_flatness_db": {
        "dmean": 0.0129497591406,
        "dmean2": 0.0205784589052,
        "dvar": 0.000146282603964,
        "dvar2": 0.000265890033916,
        "max": 0.193203911185,
        "mean": 0.157000362873,
        "median": 0.156969234347,
        "min": 0.0744827464223,
        "var": 0.000270967604592
    },
    "barkbands_kurtosis": {
        "dmean": 0.374986320734,
        "dmean2": 0.61029458046,
        "dvar": 0.111429959536,
        "dvar2": 0.295487493277,
        "max": 0.275755643845,
        "mean": -1.10994255543,
        "median": -1.23443186283,
        "min": -1.66667497158,
        "var": 0.169171452522
    },
    "barkbands_skewness": {
        "dmean": 0.298895955086,
        "dmean2": 0.484406173229,
        "dvar": 0.0519734397531,
        "dvar2": 0.131930530071,
        "max": 1.36768352985,
        "mean": 0.537414729595,
        "median": 0.561671972275,
        "min": -0.606392383575,
        "var": 0.110202610493
    },
    "barkbands_spread": {
        "dmean": 3.54438447952,
        "dmean2": 5.62986373901,
        "dvar": 9.26105117798,
        "dvar2": 21.2715072632,
        "max": 46.9306297302,
        "mean": 34.1597366333,
        "median": 33.6957855225,
        "min": 24.7458610535,
        "var": 21.6888256073
    },
    "dissonance": {
        "dmean": 0.00627707177773,
        "dmean2": 0.0102110588923,
        "dvar": 5.1540111599e-05,
        "dvar2": 8.92592506716e-05,
        "max": 0.492043793201,
        "mean": 0.481828033924,
        "median": 0.48357373476,
        "min": 0.430330604315,
        "var": 7.02540055499e-05
    },
    "dynamic_complexity": 0.252233505249,
    "erbbands_crest": {
        "dmean": 1.35831952095,
        "dmean2": 2.25161194801,
        "dvar": 1.07003378868,
        "dvar2": 3.49030780792,
        "max": 9.71148109436,
        "mean": 6.12794971466,
        "median": 6.16746473312,
        "min": 3.45836567879,
        "var": 1.67667579651
    },
    "erbbands_flatness_db": {
        "dmean": 0.00878821592778,
        "dmean2": 0.0133194765076,
        "dvar": 8.40603315737e-05,
        "dvar2": 0.000112248875666,
        "max": 0.255797922611,
        "mean": 0.225028574467,
        "median": 0.225240275264,
        "min": 0.161763936281,
        "var": 0.0001399544999
    },
    "erbbands_kurtosis": {
        "dmean": 0.744369328022,
        "dmean2": 1.1985129118,
        "dvar": 0.282440513372,
        "dvar2": 0.85524559021,
        "max": 2.57649230957,
        "mean": -0.0732539743185,
        "median": -0.248267650604,
        "min": -1.39734971523,
        "var": 0.741461455822
    },
    "erbbands_skewness": {
        "dmean": 0.256183087826,
        "dmean2": 0.41396984458,
        "dvar": 0.0335299037397,
        "dvar2": 0.100824214518,
        "max": -0.190991610289,
        "mean": -0.900325894356,
        "median": -0.9226744771,
        "min": -1.56109058857,
        "var": 0.0855498462915
    },
    "erbbands_spread": {
        "dmean": 6.26733207703,
        "dmean2": 10.2521190643,
        "dvar": 21.1118144989,
        "dvar2": 51.5672073364,
        "max": 54.7752761841,
        "mean": 36.2040252686,
        "median": 35.9299240112,
        "min": 19.5754261017,
        "var": 49.5072174072
    },
    "hfc": {
        "dmean": 5.88609981537,
        "dmean2": 8.62488365173,
        "dvar": 23.8586425781,
        "dvar2": 44.2158050537,
        "max": 58.7492408752,
        "mean": 34.1224746704,
        "median": 34.1552848816,
        "min": 0.759798467159,
        "var": 59.8864402771
    },
    "melbands_crest": {
        "dmean": 2.59863305092,
        "dmean2": 4.19466304779,
        "dvar": 3.67904233932,
        "dvar2": 10.1955327988,
        "max": 23.1505718231,
        "mean": 11.908905983,
        "median": 11.5253286362,
        "min": 6.32488870621,
        "var": 7.61756849289
    },
    "melbands_flatness_db": {
        "dmean": 0.0143431806937,
        "dmean2": 0.0227105561644,
        "dvar": 0.000130186293973,
        "dvar2": 0.0002992428781,
        "max": 0.244165286422,
        "mean": 0.198154389858,
        "median": 0.197282090783,
        "min": 0.138208299875,
        "var": 0.00030321237864
    },
    "melbands_kurtosis": {
        "dmean": 1.55651128292,
        "dmean2": 2.51398491859,
        "dvar": 1.57938814163,
        "dvar2": 3.95484566689,
        "max": 8.94240856171,
        "mean": 2.29488897324,
        "median": 2.07328939438,
        "min": -1.27063846588,
        "var": 3.08064556122
    },
    "melbands_skewness": {
        "dmean": 0.365248411894,
        "dmean2": 0.579909145832,
        "dvar": 0.0795966312289,
        "dvar2": 0.199895188212,
        "max": 3.07378840446,
        "mean": 1.7448900938,
        "median": 1.74253976345,
        "min": 0.504051089287,
        "var": 0.173420011997
    },
    "melbands_spread": {
        "dmean": 8.37344169617,
        "dmean2": 13.8961896896,
        "dvar": 45.2855110168,
        "dvar2": 112.627975464,
        "max": 77.8116455078,
        "mean": 41.7298851013,
        "median": 39.9029769897,
        "min": 24.734210968,
        "var": 90.7891387939
    },
    "pitch_salience": {
        "dmean": 0.0471922084689,
        "dmean2": 0.0752175301313,
        "dvar": 0.0018165896181,
        "dvar2": 0.00389681314118,
        "max": 0.835467278957,
        "mean": 0.612525343895,
        "median": 0.610375881195,
        "min": 0.492581278086,
        "var": 0.00314155849628
    },
    "silence_rate_20dB": {
        "dmean": 0,
        "dmean2": 0,
        "dvar": 0,
        "dvar2": 0,
        "max": 1,
        "mean": 1,
        "median": 1,
        "min": 1,
        "var": 0
    },
    "silence_rate_30dB": {
        "dmean": 0,
        "dmean2": 0,
        "dvar": 0,
        "dvar2": 0,
        "max": 1,
        "mean": 1,
        "median": 1,
        "min": 1,
        "var": 0
    },
    "silence_rate_60dB": {
        "dmean": 0,
        "dmean2": 0,
        "dvar": 0,
        "dvar2": 0,
        "max": 0,
        "mean": 0,
        "median": 0,
        "min": 0,
        "var": 0
    },
    "spectral_centroid": {
        "dmean": 195.870330811,
        "dmean2": 316.849822998,
        "dvar": 29934.0058594,
        "dvar2": 71329.3828125,
        "max": 2716.45800781,
        "mean": 2042.27209473,
        "median": 1992.41027832,
        "min": 1595.76147461,
        "var": 52679.6328125
    },
    "spectral_complexity": {
        "dmean": 3.55555558205,
        "dmean2": 4.9887638092,
        "dvar": 21.491355896,
        "dvar2": 31.0448226929,
        "max": 48,
        "mean": 36.5714302063,
        "median": 37,
        "min": 0,
        "var": 27.8053359985
    },
    "spectral_decrease": {
        "dmean": 1.31422506211e-09,
        "dmean2": 2.04949457405e-09,
        "dvar": 1.3555944446e-18,
        "dvar2": 2.68994234157e-18,
        "max": -1.25064653078e-10,
        "mean": -7.49625872487e-09,
        "median": -7.7273369925e-09,
        "min": -1.04876773932e-08,
        "var": 2.30654268009e-18
    },
    "spectral_energy": {
        "dmean": 0.00525901932269,
        "dmean2": 0.00814805645496,
        "dvar": 2.23539555009e-05,
        "dvar2": 4.31813823525e-05,
        "max": 0.0427847802639,
        "mean": 0.0313875563443,
        "median": 0.0323139838874,
        "min": 0.000540939159691,
        "var": 3.84016857424e-05
    },
    "spectral_energyband_high": {
        "dmean": 0.000185565222637,
        "dmean2": 0.000277794781141,
        "dvar": 3.27021325575e-08,
        "dvar2": 7.07485341422e-08,
        "max": 0.001464352943,
        "mean": 0.000586884852964,
        "median": 0.000565503607504,
        "min": 2.95235568046e-05,
        "var": 6.86497330094e-08
    },
    "spectral_energyband_low": {
        "dmean": 0.001537046046,
        "dmean2": 0.00230119843036,
        "dvar": 1.48443564285e-06,
        "dvar2": 3.81142626793e-06,
        "max": 0.0111253308132,
        "mean": 0.00440861145034,
        "median": 0.0042329900898,
        "min": 0.000122683908558,
        "var": 4.98216331835e-06
    },
    "spectral_energyband_middle_high": {
        "dmean": 0.00236092088744,
        "dmean2": 0.0035300378222,
        "dvar": 3.46908996107e-06,
        "dvar2": 7.82808365329e-06,
        "max": 0.0197355356067,
        "mean": 0.011366753839,
        "median": 0.0112006505951,
        "min": 0.00023288934608,
        "var": 9.32359489525e-06
    },
    "spectral_energyband_middle_low": {
        "dmean": 0.00462402449921,
        "dmean2": 0.00712561467662,
        "dvar": 1.31591386889e-05,
        "dvar2": 3.05547800963e-05,
        "max": 0.028206191957,
        "mean": 0.0154348397627,
        "median": 0.0157821141183,
        "min": 0.000160216877703,
        "var": 2.46615400101e-05
    },
    "spectral_entropy": {
        "dmean": 0.0577810667455,
        "dmean2": 0.0898323953152,
        "dvar": 0.00380044966005,
        "dvar2": 0.00506655778736,
        "max": 8.06977462769,
        "mean": 7.48745775223,
        "median": 7.48217582703,
        "min": 7.31521892548,
        "var": 0.00709315063432
    },
    "spectral_flux": {
        "dmean": 0.010912751779,
        "dmean2": 0.018217055127,
        "dvar": 0.000138500123285,
        "dvar2": 0.000241174275288,
        "max": 0.16766422987,
        "mean": 0.0863535478711,
        "median": 0.0840122178197,
        "min": 0.0653252527118,
        "var": 0.000201372371521
    },
    "spectral_kurtosis": {
        "dmean": 3.32516551018,
        "dmean2": 6.28060626984,
        "dvar": 6.88956546783,
        "dvar2": 18.9670829773,
        "max": 16.4799594879,
        "mean": 5.07137298584,
        "median": 4.55867767334,
        "min": 0.659772634506,
        "var": 9.85269451141
    },
    "spectral_rms": {
        "dmean": 0.000494279956911,
        "dmean2": 0.000757998612244,
        "dvar": 3.51255067699e-07,
        "dvar2": 5.21807464793e-07,
        "max": 0.00646074675024,
        "mean": 0.00549003761262,
        "median": 0.00561478734016,
        "min": 0.000726460944861,
        "var": 4.81477854919e-07
    },
    "spectral_rolloff": {
        "dmean": 230.883789062,
        "dmean2": 362.919158936,
        "dvar": 38361.9765625,
        "dvar2": 96336.2890625,
        "max": 3337.64648438,
        "mean": 2502.58496094,
        "median": 2497.8515625,
        "min": 1959.52148438,
        "var": 72749.7265625
    },
    "spectral_skewness": {
        "dmean": 0.347675830126,
        "dmean2": 0.618217349052,
        "dvar": 0.0778435245156,
        "dvar2": 0.172741323709,
        "max": 3.30348610878,
        "mean": 0.691863715649,
        "median": 0.600324869156,
        "min": 0.148777171969,
        "var": 0.166280016303
    },
    "spectral_spread": {
        "dmean": 201547.859375,
        "dmean2": 294051.25,
        "dvar": 159455346688,
        "dvar2": 100169441280,
        "max": 7001834.5,
        "mean": 2288665.25,
        "median": 2232602.25,
        "min": 1798936.875,
        "var": 280760844288
    },
    "spectral_strongpeak": {
        "dmean": 0.358005344868,
        "dmean2": 0.574342429638,
        "dvar": 0.095088660717,
        "dvar2": 0.197150737047,
        "max": 2.34899067879,
        "mean": 1.00976920128,
        "median": 1.03465104103,
        "min": 0,
        "var": 0.207389369607
    },
    "zerocrossingrate": {
        "dmean": 0.00620659720153,
        "dmean2": 0.00776312313974,
        "dvar": 4.63922624476e-05,
        "dvar2": 5.19272725796e-05,
        "max": 0.08984375,
        "mean": 0.0699208006263,
        "median": 0.07080078125,
        "min": 0.01806640625,
        "var": 0.000105083468952
    },
    "barkbands": {
        "dmean": [2.39867513301e-05, 0.00139569223393, 0.000338504672982, 0.000365956366295, 0.00337430066429, 0.00361649296246, 0.000262303918134, 0.000150925843627, 0.000490558799356, 0.000233240425587, 0.000155475820065, 0.000473288295325, 3.9230879338e-05, 0.000816161045805, 0.000494008010719, 0.000813007180113, 0.000971025205217, 0.000462143216282, 0.000425879523391, 0.000274223537417, 0.00014670183009, 2.75500151474e-05, 8.62773276822e-07, 3.52614364374e-07, 1.35195691087e-07, 8.83693616061e-08, 4.73019348135e-08],
        "dmean2": [4.29204519605e-05, 0.00216015498154, 0.000588215363678, 0.000607736292295, 0.00510094733909, 0.00592648377642, 0.000428471976193, 0.000261256645899, 0.000771479506511, 0.0003816006938, 0.000257864390733, 0.000698850373738, 6.36355325696e-05, 0.00129023613408, 0.000814379774965, 0.0014408325078, 0.00175808253698, 0.000731382053345, 0.000655562209431, 0.000439643947175, 0.000212936312892, 4.73931650049e-05, 1.53657879309e-06, 5.10506822593e-07, 1.94974830947e-07, 1.23183951928e-07, 5.21895771044e-08],
        "dvar": [1.08011311006e-09, 1.53177302309e-06, 1.68853290461e-07, 4.2069450501e-07, 6.46375428914e-06, 7.29726116333e-06, 7.2479025448e-08, 1.72150880218e-08, 2.19341686147e-07, 1.18427642803e-07, 3.63890713118e-08, 2.0125916933e-07, 1.28318078385e-09, 6.41587121208e-07, 1.74437673195e-07, 4.90318655011e-07, 5.06019489421e-07, 1.17243132536e-07, 1.44423864867e-07, 4.78148294292e-08, 2.24814513672e-08, 1.09972309037e-09, 6.5258676284e-13, 2.92623726899e-13, 1.18361036575e-13, 1.15995266777e-13, 1.42871500221e-13],
        "dvar2": [3.23970894556e-09, 3.75788658857e-06, 5.0222797654e-07, 1.08596339032e-06, 1.36303033287e-05, 1.98134039238e-05, 2.19215181119e-07, 4.22450767701e-08, 5.08638379415e-07, 2.64689845153e-07, 9.92291120383e-08, 4.54838101405e-07, 3.09073788785e-09, 1.66392646861e-06, 5.19984951097e-07, 1.30365913265e-06, 1.30402372633e-06, 3.28838723362e-07, 3.8978399175e-07, 1.17453119231e-07, 4.4659714149e-08, 2.77930078951e-09, 1.63805926288e-12, 4.570496542e-13, 1.39917781137e-13, 1.22231475701e-13, 1.44578468121e-13],
        "max": [0.000212209415622, 0.0102722235024, 0.00241691153497, 0.00543427374214, 0.0242015607655, 0.0173706505448, 0.00150245416444, 0.000876115518622, 0.00391721958295, 0.00230822036974, 0.00119833415374, 0.00391149474308, 0.000372822862118, 0.0069196363911, 0.00273384200409, 0.00404009129852, 0.00509827304631, 0.00273757171817, 0.00415689498186, 0.00190517154988, 0.00112933549099, 0.000219820387429, 6.22778634352e-06, 5.90399622524e-06, 4.11221571994e-06, 3.45429089066e-06, 3.63488697985e-06],
        "mean": [2.95185291179e-05, 0.00362652889453, 0.000393445108784, 0.000544365029782, 0.00663203932345, 0.00649963086471, 0.000309681083309, 0.000330006936565, 0.00101692776661, 0.000320475053741, 0.000243090908043, 0.000843945425004, 8.31248908071e-05, 0.00168136961292, 0.000967847474385, 0.00182438292541, 0.00223487406038, 0.00113150430843, 0.00129302463029, 0.000939744291827, 0.0003918693983, 4.65702432848e-05, 1.8271089175e-06, 1.06887625861e-06, 4.18663489654e-07, 2.57623497646e-07, 7.23951032455e-08],
        "median": [2.13009188883e-05, 0.00350928166881, 0.000256195024122, 0.00014661870955, 0.00634983880445, 0.00572007149458, 0.000204952288186, 0.000310846313369, 0.000831775832921, 0.000187178404303, 0.000177763489773, 0.000712852925062, 7.17717193766e-05, 0.00118024880067, 0.000861235137563, 0.00163601688109, 0.00214334577322, 0.00113190000411, 0.00118837482296, 0.000924415537156, 0.000336608762154, 3.27702000504e-05, 1.62961600836e-06, 9.60251895776e-07, 3.34740690278e-07, 2.10599125694e-07, 3.03286640246e-08],
        "min": [1.2194914234e-07, 6.08319787716e-05, 1.81367704499e-05, 4.49875551567e-06, 5.66463531868e-05, 4.31459666288e-05, 8.02855993243e-06, 6.10495590081e-06, 1.45044095916e-05, 3.80965730074e-06, 1.81672221515e-05, 2.23684091907e-05, 6.10561392023e-06, 1.00153438325e-05, 1.03891907202e-05, 2.94899891742e-05, 2.9128845199e-05, 1.51543017637e-05, 5.91629795963e-05, 2.46684594458e-05, 2.35513598454e-05, 1.22297205962e-06, 1.69885851165e-07, 1.98866743517e-07, 1.31716817009e-07, 8.10192659628e-08, 1.41481857341e-08],
        "var": [9.89758275338e-10, 4.97635028296e-06, 1.88248790778e-07, 7.84495853168e-07, 1.55369198183e-05, 1.85829921975e-05, 9.59274970569e-08, 2.60885162362e-08, 3.95731461822e-07, 1.63939432696e-07, 3.52086111377e-08, 3.5633661355e-07, 3.3012883538e-09, 1.99503551812e-06, 2.37518122503e-07, 6.93621586834e-07, 9.60448119258e-07, 2.36290503608e-07, 2.72039471838e-07, 9.84729169318e-08, 5.16149398777e-08, 1.39400502253e-09, 8.32923573862e-13, 3.9559550297e-13, 1.81299514789e-13, 1.18637643654e-13, 1.4127055374e-13]
    },
    "erbbands": {
        "dmean": [0.0448805168271, 0.295767456293, 0.366639822721, 0.882603764534, 5.43663692474, 17.4942092896, 12.3534030914, 34.1840019226, 2.67551279068, 4.05012893677, 6.00920772552, 13.1867733002, 8.53465652466, 6.19390201569, 8.38533306122, 19.2819843292, 1.96615886688, 23.6904697418, 27.8701000214, 37.657371521, 43.2237472534, 49.5702972412, 20.2064037323, 30.198846817, 14.9609413147, 15.1263523102, 4.66970396042, 4.23117589951, 0.944512188435, 0.0915589258075, 0.027052283287, 0.0104812597856, 0.00430923979729, 0.00165545591153, 0.00085173122352, 0.000531070749275, 0.000135495778522, 3.44647596648e-05, 8.87085843715e-06, 6.40685948383e-06],
        "dmean2": [0.0676829069853, 0.470080524683, 0.595635592937, 1.43806791306, 9.33191871643, 25.7178535461, 20.9415740967, 54.7491340637, 4.39345407486, 6.65574645996, 10.6012763977, 21.7024173737, 13.8424386978, 11.4332637787, 13.2026157379, 28.9627418518, 3.01529383659, 36.6112174988, 47.406703949, 64.7421569824, 76.313079834, 85.9475479126, 35.0823745728, 45.9368095398, 24.3856601715, 24.8728141785, 6.73525285721, 6.10273456573, 1.56663525105, 0.155895978212, 0.0487774088979, 0.0166425239295, 0.00619239732623, 0.00235144048929, 0.00125853135251, 0.000782256771345, 0.000174388231244, 4.14244241256e-05, 1.06106590465e-05, 9.85676160781e-06],
        "dvar": [0.00220392085612, 0.0633827671409, 0.114107437432, 2.78232288361, 17.1681804657, 170.759262085, 83.3962097168, 639.253356934, 5.52412033081, 16.1998634338, 34.6934280396, 155.316635132, 259.843322754, 36.9921264648, 108.718139648, 337.788574219, 3.33998537064, 495.401733398, 591.54119873, 1051.92687988, 1537.6307373, 1547.00732422, 257.515350342, 680.607543945, 126.597702026, 142.561218262, 20.9664554596, 17.2021389008, 1.60143721104, 0.0119246058166, 0.000640604645014, 0.000153031680384, 5.91051284573e-05, 1.45767489812e-05, 7.98745986685e-06, 1.76856042344e-06, 4.27679367476e-07, 5.57362156428e-08, 2.80748002623e-09, 4.08853749467e-11],
        "dvar2": [0.00589615153149, 0.138378620148, 0.346975982189, 7.3826007843, 42.2252388, 341.547088623, 219.593688965, 1721.49108887, 14.886390686, 43.9455337524, 89.9144439697, 403.579193115, 550.912475586, 106.918777466, 277.571380615, 758.739807129, 6.1379108429, 1224.31079102, 1736.90539551, 2898.21142578, 3986.45019531, 4633.68603516, 696.451782227, 1871.58618164, 309.768218994, 361.161224365, 41.3048667908, 37.1444358826, 3.84720230103, 0.0266553480178, 0.00175109924749, 0.000290818832582, 8.80169391166e-05, 2.00068934646e-05, 7.73323790781e-06, 1.92345032701e-06, 4.48265694786e-07, 5.65957201104e-08, 2.86207857414e-09, 6.74258426869e-11],
        "max": [0.405744671822, 1.90036785603, 2.28189539909, 14.2256383896, 29.5259532928, 126.099121094, 51.3014335632, 185.847869873, 18.6529197693, 25.4464225769, 38.1281547546, 86.9896774292, 95.8673171997, 35.0361213684, 76.4038238525, 155.077301025, 19.7127685547, 207.39881897, 181.891906738, 193.114974976, 287.883178711, 305.082641602, 119.091331482, 240.23878479, 115.986404419, 95.113899231, 39.3020095825, 28.7810173035, 7.69610691071, 0.704320967197, 0.171518370509, 0.134744748473, 0.0823436900973, 0.0454895347357, 0.0290311798453, 0.0139634311199, 0.00659308489412, 0.0022823496256, 0.000532602251042, 7.67452656874e-05],
        "mean": [0.108741648495, 0.800336062908, 0.607538044453, 1.53137648106, 10.3558883667, 31.7568817139, 19.8027496338, 69.1447753906, 6.36542034149, 5.55091953278, 15.1280355453, 22.1699352264, 11.7895612717, 10.0729618073, 15.6240797043, 33.6373138428, 6.31991863251, 54.8102416992, 63.9977874756, 78.3589706421, 107.836700439, 117.12663269, 61.2330245972, 79.0379104614, 53.9189338684, 48.7346115112, 15.7029695511, 11.0037155151, 2.01750802994, 0.253107011318, 0.060673519969, 0.0322554372251, 0.0128388367593, 0.00520192738622, 0.00214746035635, 0.00177293398883, 0.000333896285156, 5.5949207308e-05, 2.86870435957e-05, 4.02313708037e-05],
        "median": [0.102804042399, 0.81316870451, 0.532843053341, 0.62917971611, 9.72678470612, 28.9385623932, 16.854265213, 62.452545166, 5.40806865692, 3.96413397789, 14.9695072174, 18.3126506805, 5.88010454178, 8.02975273132, 13.6442270279, 24.7338180542, 5.79368257523, 44.0054855347, 56.8439407349, 68.7686462402, 99.9970550537, 109.766036987, 60.4639663696, 74.0013580322, 52.9625549316, 48.7704315186, 14.7154865265, 9.60259532928, 1.60075998306, 0.225563615561, 0.0552177838981, 0.0296302400529, 0.0113125778735, 0.00407818891108, 0.00182077405043, 0.00156828970648, 0.000251668679994, 2.77703638858e-05, 2.35218485614e-05, 4.09696476709e-05],
        "min": [0.00197008950636, 0.0129963746294, 0.037815336138, 0.0770368725061, 0.179121598601, 0.183360040188, 0.177264109254, 0.405670553446, 0.200337469578, 0.0611605793238, 0.239284947515, 0.3437538445, 0.0772116854787, 0.387049347162, 1.33579015732, 0.686470627785, 0.252039849758, 0.481328636408, 0.630298256874, 0.786255002022, 1.71142482758, 1.43640828133, 0.976439237595, 2.54973053932, 2.23900055885, 1.35792911053, 1.0536955595, 0.482460021973, 0.0735783651471, 0.0129934214056, 0.00487499358132, 0.00445741508156, 0.00311245047487, 0.0016107885167, 0.000742910546251, 0.000415252550738, 0.000105409621028, 1.1553596778e-05, 1.22931814985e-05, 2.32262050304e-06],
        "var": [0.00517162401229, 0.230665311217, 0.161119937897, 4.78306245804, 35.23695755, 391.413452148, 154.020202637, 1957.29858398, 14.016462326, 23.4488620758, 37.9922981262, 209.428009033, 331.456054688, 48.7009773254, 114.497749329, 592.856933594, 10.1414241791, 1925.66894531, 1202.97924805, 1443.87072754, 2331.08374023, 2600.48339844, 501.285186768, 1128.92150879, 290.518707275, 270.943237305, 52.7937698364, 34.845741272, 1.82621645927, 0.0137384589761, 0.000807496951893, 0.000233003767789, 8.05187373771e-05, 2.43252961809e-05, 8.36885283206e-06, 1.92718971448e-06, 4.42721471927e-07, 5.52376597796e-08, 2.83670997803e-09, 6.93989241074e-11]
    },
    "gfcc": {
        "mean": [0.554011762142, 145.717971802, -179.575653076, 59.8075294495, -27.6308708191, -30.7011528015, -23.4858055115, -7.35207891464, -20.085351944, 1.78999459743, -11.2938308716, -0.891564011574, 11.430308342],
        "cov": [[400.68460083, 61.4019584656, -79.6156387329, -1.41024708748, -23.8602790833, -14.0009899139, -15.148563385, -14.1612262726, 34.1035957336, 10.2754001617, 5.49861717224, 5.27024412155, 32.7222862244], [61.4019584656, 98.3057403564, -9.08012866974, 20.3440895081, 7.60166358948, -6.31986236572, 12.2174940109, -3.71417498589, 14.2429323196, -8.96043395996, -4.08586072922, -12.2778482437, 9.18974494934], [-79.6156387329, -9.08012866974, 91.2186431885, 30.2430286407, 22.1420211792, -1.9397226572, -7.9330663681, 16.7497081757, 2.86682534218, -1.33396923542, -2.97435164452, 9.86680793762, -11.3666648865], [-1.41024708748, 20.3440895081, 30.2430286407, 59.4166717529, 28.8285217285, -1.97766959667, 3.76261997223, 8.70655059814, 16.0505142212, -3.0923936367, -3.16547417641, 9.57346630096, 4.79213237762], [-23.8602790833, 7.60166358948, 22.1420211792, 28.8285217285, 66.902885437, 32.5665168762, 16.7040615082, 19.7844982147, 6.38976049423, -7.90452671051, -8.50168514252, -2.58803296089, -11.374253273], [-14.0009899139, -6.31986236572, -1.9397226572, -1.97766959667, 32.5665168762, 47.0082893372, 30.9984474182, 15.120762825, -1.23231089115, -4.3473906517, -5.45251750946, -0.586397886276, -5.07129716873], [-15.148563385, 12.2174940109, -7.9330663681, 3.76261997223, 16.7040615082, 30.9984474182, 47.7208213806, 24.5362739563, 5.0101981163, -7.02455568314, -10.4889974594, 1.97648262978, 6.7874455452], [-14.1612262726, -3.71417498589, 16.7497081757, 8.70655059814, 19.7844982147, 15.120762825, 24.5362739563, 47.5377044678, 18.888425827, 0.742982745171, -0.390020638704, 6.15387630463, 8.27859592438], [34.1035957336, 14.2429323196, 2.86682534218, 16.0505142212, 6.38976049423, -1.23231089115, 5.0101981163, 18.888425827, 37.8646965027, 21.8545799255, 6.41581439972, 10.7721786499, 11.2510843277], [10.2754001617, -8.96043395996, -1.33396923542, -3.0923936367, -7.90452671051, -4.3473906517, -7.02455568314, 0.742982745171, 21.8545799255, 39.8961448669, 24.4237117767, 16.8168735504, 11.064283371], [5.49861717224, -4.08586072922, -2.97435164452, -3.16547417641, -8.50168514252, -5.45251750946, -10.4889974594, -0.390020638704, 6.41581439972, 24.4237117767, 37.3185806274, 20.8499202728, 16.5493354797], [5.27024412155, -12.2778482437, 9.86680793762, 9.57346630096, -2.58803296089, -0.586397886276, 1.97648262978, 6.15387630463, 10.7721786499, 16.8168735504, 20.8499202728, 37.8422317505, 24.4009132385], [32.7222862244, 9.18974494934, -11.3666648865, 4.79213237762, -11.374253273, -5.07129716873, 6.7874455452, 8.27859592438, 11.2510843277, 11.064283371, 16.5493354797, 24.4009132385, 43.589679718]],
        "icov": [[0.00457198498771, -0.00394891807809, 0.00521608395502, -0.00130596803501, 0.0028257383965, -0.00573939783499, 0.00931319501251, -0.00313481548801, -0.00213188445196, -6.27261397312e-05, 0.00472889188677, -0.00435827579349, -0.000670547131449], [-0.00394891807809, 0.0289764720947, -0.0116692883894, 0.00522407563403, -0.0122045576572, 0.0217036679387, -0.0354668051004, 0.0312333870679, -0.0324589647353, 0.0275400299579, -0.0292762834579, 0.0282704457641, -0.0111533161253], [0.00521608395502, -0.0116692883894, 0.0293539427221, -0.0150350853801, 0.00678348261863, -0.0122719872743, 0.0304772164673, -0.029010862112, 0.0221173129976, -0.0175103619695, 0.0225192047656, -0.0239935852587, 0.0125757846981], [-0.00130596803501, 0.00522407563403, -0.0150350853801, 0.0442277118564, -0.026234889403, 0.0260646436363, -0.023471346125, 0.0260282941163, -0.0337232090533, 0.0260102897882, -0.013389470987, 4.16117472923e-05, -0.00684328377247], [0.0028257383965, -0.0122045576572, 0.00678348261863, -0.026234889403, 0.0497243665159, -0.0472023971379, 0.0331345126033, -0.0266747009009, 0.0143564585596, -0.0101991128176, 0.0142385270447, -0.00854213349521, 0.0107540860772], [-0.00573939783499, 0.0217036679387, -0.0122719872743, 0.0260646436363, -0.0472023971379, 0.0926159918308, -0.0750692859292, 0.0327372401953, -0.0172432102263, 0.0160247310996, -0.0297511853278, 0.0147862462327, 0.00099855964072], [0.00931319501251, -0.0354668051004, 0.0304772164673, -0.023471346125, 0.0331345126033, -0.0750692859292, 0.117262102664, -0.0689047798514, 0.0451523140073, -0.0371573865414, 0.0622520744801, -0.041163790971, 0.00293879909441], [-0.00313481548801, 0.0312333870679, -0.029010862112, 0.0260282941163, -0.0266747009009, 0.0327372401953, -0.0689047798514, 0.0929968878627, -0.0790163949132, 0.0586925595999, -0.0525144338608, 0.0369392000139, -0.0199854485691], [-0.00213188445196, -0.0324589647353, 0.0221173129976, -0.0337232090533, 0.0143564585596, -0.0172432102263, 0.0451523140073, -0.0790163949132, 0.137945815921, -0.1030151546, 0.0653651282191, -0.0336204245687, 0.0121806068346], [-6.27261397312e-05, 0.0275400299579, -0.0175103619695, 0.0260102897882, -0.0101991128176, 0.0160247310996, -0.0371573865414, 0.0586925595999, -0.1030151546, 0.12091100961, -0.0760625973344, 0.0201435163617, -0.00584170361981], [0.00472889188677, -0.0292762834579, 0.0225192047656, -0.013389470987, 0.0142385270447, -0.0297511853278, 0.0622520744801, -0.0525144338608, 0.0653651282191, -0.0760625973344, 0.105722852051, -0.0506297014654, 0.00113880285062], [-0.00435827579349, 0.0282704457641, -0.0239935852587, 4.16117472923e-05, -0.00854213349521, 0.0147862462327, -0.041163790971, 0.0369392000139, -0.0336204245687, 0.0201435163617, -0.0506297014654, 0.0916185230017, -0.0385639369488], [-0.000670547131449, -0.0111533161253, 0.0125757846981, -0.00684328377247, 0.0107540860772, 0.00099855964072, 0.00293879909441, -0.0199854485691, 0.0121806068346, -0.00584170361981, 0.00113880285062, -0.0385639369488, 0.0555820316076]]
    },
    "melbands": {
        "dmean": [0.000405097467592, 0.000235975778196, 0.000184494201676, 0.000939400924835, 0.000406684819609, 0.000731734908186, 3.95088900405e-05, 3.57888529834e-05, 6.48039422231e-05, 8.00207417342e-05, 4.21021213697e-05, 2.55258310062e-05, 2.42636197072e-05, 6.78674405208e-05, 1.25984852275e-05, 6.57992222841e-06, 5.92178876104e-05, 5.97661564825e-05, 4.93335646752e-05, 5.74282785237e-05, 6.30453869235e-05, 5.97868274781e-05, 3.06011643261e-05, 2.47840580414e-05, 2.86491067527e-05, 1.28931596919e-05, 1.1902753613e-05, 8.96347137314e-06, 1.44267994528e-06, 7.83394170867e-06, 1.23804466057e-06, 7.59145052598e-07, 1.39706031632e-07, 2.32594707938e-08, 1.89357542979e-08, 9.32805654941e-09, 6.26325924458e-09, 3.46540840468e-09, 2.69382383067e-09, 1.16930887195e-09],
        "dmean2": [0.000612244359218, 0.000378097698558, 0.000315586599754, 0.00142730434891, 0.000670519832056, 0.00118219805881, 6.6057422373e-05, 5.90224699408e-05, 0.000112788875413, 0.000126590923173, 6.94395712344e-05, 4.64682780148e-05, 3.89876804547e-05, 0.000101326746517, 1.88158337551e-05, 1.08653148345e-05, 9.04045809875e-05, 9.85753140412e-05, 8.00572743174e-05, 9.70502442215e-05, 0.000114507347462, 0.000106434839836, 5.231446994e-05, 4.11639593949e-05, 4.45910336566e-05, 2.10137313843e-05, 1.87336700037e-05, 1.49255392898e-05, 2.33052242038e-06, 1.14008307719e-05, 1.95703228201e-06, 1.28041631342e-06, 2.37717287632e-07, 3.87144929448e-08, 3.45502755295e-08, 1.59212802942e-08, 9.98192639656e-09, 5.30374499874e-09, 3.94377153157e-09, 1.70585645609e-09],
        "dvar": [1.43690243704e-07, 3.08984944297e-08, 7.81536044769e-08, 5.01389195051e-07, 8.49419024007e-08, 2.93240361771e-07, 1.90898008512e-09, 1.3274625843e-09, 4.78338257892e-09, 5.35058841677e-09, 6.29326635249e-09, 6.9703320893e-10, 9.19505638297e-10, 4.22376444931e-09, 1.56527360518e-10, 3.12326865759e-11, 3.26095417336e-09, 3.00149038956e-09, 1.52155510413e-09, 2.53826937247e-09, 3.27442339909e-09, 1.88457871531e-09, 7.0801076113e-10, 3.18125470411e-10, 6.40181130329e-10, 9.21017220823e-11, 1.16182112542e-10, 4.81631193261e-11, 1.55940028685e-12, 6.9221517407e-11, 2.07119586239e-12, 9.54065385722e-13, 4.11209593123e-14, 7.43495398491e-16, 3.32448388048e-16, 8.39363725661e-17, 5.92607146258e-17, 3.71220427853e-17, 1.36598248892e-17, 1.04139913266e-17],
        "dvar2": [3.69680037693e-07, 7.8953270588e-08, 2.16407656239e-07, 1.04683635982e-06, 2.2344829631e-07, 7.95794278474e-07, 5.58919310834e-09, 3.52015749883e-09, 1.31819914984e-08, 1.39725724324e-08, 1.31412480897e-08, 2.06622674526e-09, 2.53722043375e-09, 9.7320942416e-09, 3.61451646391e-10, 6.87846515857e-11, 8.17086664995e-09, 8.7396569981e-09, 4.62243088251e-09, 7.70884422963e-09, 8.06503397399e-09, 5.11356024191e-09, 2.18744133917e-09, 8.2816176139e-10, 1.80951342799e-09, 2.07870401447e-10, 2.86595108756e-10, 1.29347824118e-10, 3.53793470215e-12, 1.49069395716e-10, 5.38752419413e-12, 2.29631960148e-12, 1.01874034924e-13, 1.67692438288e-15, 9.54941133086e-16, 2.16567081083e-16, 1.14411770975e-16, 5.66844639168e-17, 2.35212595667e-17, 1.28019451226e-17],
        "max": [0.00327999284491, 0.0012822819408, 0.00232746871188, 0.00676737911999, 0.0017195714172, 0.00378942466341, 0.000294772733469, 0.000219488720177, 0.000481529568788, 0.000498354726005, 0.00046055362327, 0.000156803769642, 0.000182263189345, 0.000563180015888, 0.000108090964204, 4.49922954431e-05, 0.000505734293256, 0.000449789484264, 0.000246482988587, 0.000339609396178, 0.000404929043725, 0.000301731808577, 0.000199179936317, 0.000153498884174, 0.000218530665734, 9.48418819462e-05, 8.89377406565e-05, 5.0631351769e-05, 8.81043433765e-06, 5.77724349569e-05, 1.1595048818e-05, 6.128183486e-06, 1.33317576001e-06, 2.4175696467e-07, 1.07945481886e-07, 7.82378961617e-08, 7.83567273288e-08, 5.85495811833e-08, 4.89747549182e-08, 3.43718546958e-08],
        "mean": [0.00104471575469, 0.000571778509766, 0.000289188261377, 0.00186920980923, 0.000807826581877, 0.00141194299795, 6.93305919413e-05, 4.79256086692e-05, 0.000155303889187, 0.000133002715302, 5.48230855202e-05, 3.97542462451e-05, 3.73571128875e-05, 0.000116364419227, 2.508349462e-05, 1.40468828249e-05, 0.00012847490143, 0.000122808138258, 9.46505679167e-05, 0.000107877785922, 0.000136505725095, 0.000130256768898, 7.2086979344e-05, 5.46748160559e-05, 6.70451117912e-05, 4.06760955229e-05, 4.38597708126e-05, 2.6170971978e-05, 4.6127584028e-06, 1.70755138242e-05, 2.75453544418e-06, 1.28549731926e-06, 3.15788980743e-07, 5.23031360444e-08, 3.34601075735e-08, 2.34842225666e-08, 1.72238596718e-08, 8.35859292891e-09, 8.50569215061e-09, 2.67645061669e-09],
        "median": [0.0010263598524, 0.00057008798467, 0.000169590755831, 0.00179470342118, 0.000752565392759, 0.00126704690047, 5.68641808059e-05, 3.36952216458e-05, 0.000151964733959, 0.000108283093141, 2.39638175117e-05, 3.15601828333e-05, 2.92263139272e-05, 9.93607682176e-05, 2.08955334529e-05, 1.28562514874e-05, 9.29404559429e-05, 0.000104797203676, 8.26949544717e-05, 9.59107856033e-05, 0.000127474078909, 0.000126964849187, 7.03098485246e-05, 5.25334580743e-05, 6.16154939053e-05, 3.95338865928e-05, 4.18954550696e-05, 2.59233638644e-05, 4.53745633422e-06, 1.33341600304e-05, 2.25118515118e-06, 9.02243982637e-07, 2.69859981472e-07, 4.60421993864e-08, 2.7712099282e-08, 2.12173230096e-08, 1.52965000666e-08, 7.29795157639e-09, 5.96902527406e-09, 2.09497286185e-09],
        "min": [1.84449309018e-05, 1.92974403035e-05, 1.63736476679e-05, 1.4326409655e-05, 6.22635343461e-06, 8.82495805854e-06, 2.73109776572e-06, 6.11935035977e-07, 2.40998178924e-06, 1.94882636606e-06, 2.93555501685e-07, 1.29387728975e-06, 4.15444901591e-06, 3.21776337842e-06, 5.3496307828e-07, 8.02485033091e-07, 8.46005605126e-07, 1.02702654203e-06, 7.6162990581e-07, 1.94103290596e-06, 1.83615998139e-06, 1.50764446971e-06, 1.01332057056e-06, 9.63951720223e-07, 2.20396714212e-06, 2.25052235692e-06, 1.1859086726e-06, 7.04591059275e-07, 3.97726068968e-07, 9.55376890488e-07, 6.64868835543e-08, 3.45246284894e-08, 2.01953547219e-08, 3.41188455266e-09, 2.6913140605e-09, 2.53166709818e-09, 2.772662544e-09, 2.14160555956e-09, 1.77016390435e-09, 7.99067922941e-10],
        "var": [4.32656236171e-07, 8.39795148977e-08, 1.18338071786e-07, 1.23184042877e-06, 1.54115141981e-07, 8.39485437609e-07, 2.6629014549e-09, 1.9522161665e-09, 4.63571492304e-09, 8.57247428598e-09, 8.02355248908e-09, 8.66744231942e-10, 9.19505471764e-10, 7.05703362414e-09, 2.951727196e-10, 7.11472963877e-11, 1.20711494134e-08, 7.1770567267e-09, 2.45394593534e-09, 3.03429348314e-09, 4.7952735116e-09, 3.53451135027e-09, 1.02940367341e-09, 6.61000754132e-10, 9.60003854189e-10, 2.25246848951e-10, 2.11900899605e-10, 8.51615791775e-11, 2.73669802098e-12, 1.46733222794e-10, 3.03862425673e-12, 1.13379238723e-12, 3.69188119203e-14, 8.75145864895e-16, 3.72513522909e-16, 1.17594034054e-16, 8.20373313158e-17, 3.96410592134e-17, 5.16551627791e-17, 1.22128651406e-17]
    },
    "mfcc": {
        "mean": [-623.220397949, 160.042358398, -76.3476867676, 78.1474533081, -0.284747481346, 2.77593564987, -2.32660889626, -8.55535507202, 3.2900557518, -3.66524600983, -10.553899765, -4.09943771362, -7.02356290817],
        "cov": [[473.809936523, 43.5994338989, -68.3842468262, -8.61748027802, -27.825258255, -0.557501554489, -49.1608085632, -14.7140960693, 7.9300122261, 8.86774730682, 9.60167694092, -15.7535667419, -24.0038490295], [43.5994338989, 64.0059890747, -6.32276630402, 9.80174446106, -7.01939296722, 5.36876916885, -1.93650853634, 5.67366456985, 9.05267047882, 14.5273532867, -2.92340636253, -9.88590049744, -4.65433740616], [-68.3842468262, -6.32276630402, 62.51745224, 20.4909591675, 8.7524023056, -13.3169689178, -7.68581819534, -0.589031755924, -1.2735478878, -5.56850337982, -2.00808191299, 4.20654249191, 15.57127285], [-8.61748027802, 9.80174446106, 20.4909591675, 68.972984314, 26.2120094299, 8.67414188385, -11.9807634354, 15.2236995697, 12.2022228241, 1.01383042336, -4.64883518219, 8.86571979523, 8.12539958954], [-27.825258255, -7.01939296722, 8.7524023056, 26.2120094299, 52.2637901306, 13.1351356506, 8.04641819, 13.4889001846, -1.88409471512, 8.04654598236, -4.27985286713, 9.25021362305, 2.25775241852], [-0.557501554489, 5.36876916885, -13.3169689178, 8.67414188385, 13.1351356506, 48.695892334, 12.9193572998, 17.1277294159, 2.33699893951, 8.71320152283, -1.15908801556, -0.282839328051, 0.475340098143], [-49.1608085632, -1.93650853634, -7.68581819534, -11.9807634354, 8.04641819, 12.9193572998, 46.935634613, 24.9347877502, 6.4095492363, 2.32471370697, -7.61800193787, 1.23761355877, -1.87596380711], [-14.7140960693, 5.67366456985, -0.589031755924, 15.2236995697, 13.4889001846, 17.1277294159, 24.9347877502, 55.0155448914, 23.4278182983, 16.1889858246, -4.74906539917, 0.647891700268, 3.39916920662], [7.9300122261, 9.05267047882, -1.2735478878, 12.2022228241, -1.88409471512, 2.33699893951, 6.4095492363, 23.4278182983, 39.315700531, 14.4691123962, 1.87497878075, 1.59762895107, -2.53605866432], [8.86774730682, 14.5273532867, -5.56850337982, 1.01383042336, 8.04654598236, 8.71320152283, 2.32471370697, 16.1889858246, 14.4691123962, 46.4943847656, 11.6197919846, -2.34154105186, -3.86167740822], [9.60167694092, -2.92340636253, -2.00808191299, -4.64883518219, -4.27985286713, -1.15908801556, -7.61800193787, -4.74906539917, 1.87497878075, 11.6197919846, 24.2607746124, 1.63607513905, -1.15533125401], [-15.7535667419, -9.88590049744, 4.20654249191, 8.86571979523, 9.25021362305, -0.282839328051, 1.23761355877, 0.647891700268, 1.59762895107, -2.34154105186, 1.63607513905, 26.3724422455, 15.4705753326], [-24.0038490295, -4.65433740616, 15.57127285, 8.12539958954, 2.25775241852, 0.475340098143, -1.87596380711, 3.39916920662, -2.53605866432, -3.86167740822, -1.15533125401, 15.4705753326, 33.8189430237]],
