{
"lowlevel": {
    "average_loudness": 0.984184086323,
    "barkbands_crest": {
        "dmean": 1.9200450182,
        "dmean2": 3.09987282753,
        "dvar": 3.6576128006,
        "dvar2": 8.10273456573,
        "max": 19.8383922577,
        "mean": 6.58418703079,
        "median": 5.85792636871,
        "min": 2.57004475594,
        "var": 8.22222709656
    },
    "barkbands_flatness_db": {
        "dmean": 0.011233263649,
        "dmean2": 0.0183394346386,
        "dvar": 0.000105482991785,
        "dvar2": 0.000223505587201,
        "max": 0.201045021415,
        "mean": 0.135782063007,
        "median": 0.134409159422,
        "min": 0.0742382854223,
        "var": 0.000245663890382
    },
    "barkbands_kurtosis": {
        "dmean": 0.776431381702,
        "dmean2": 1.24856877327,
        "dvar": 0.972982168198,
        "dvar2": 2.3377597332,
        "max": 8.90900611877,
        "mean": -0.049221355468,
        "median": -0.485337257385,
        "min": -1.76007819176,
        "var": 2.56303048134
    },
    "barkbands_skewness": {
        "dmean": 0.355770379305,
        "dmean2": 0.531461715698,
        "dvar": 0.103020437062,
        "dvar2": 0.188057586551,
        "max": 1.51380741596,
        "mean": -0.603742718697,
        "median": -0.5777952075,
        "min": -2.93628239632,
        "var": 0.505092859268
    },
    "barkbands_spread": {
        "dmean": 5.14428901672,
        "dmean2": 8.46719455719,
        "dvar": 18.9899768829,
        "dvar2": 47.5730667114,
        "max": 53.9608306885,
        "mean": 27.4382362366,
        "median": 25.740530014,
        "min": 8.62994003296,
        "var": 86.6240768433
    },
    "dissonance": {
        "dmean": 0.0077086109668,
        "dmean2": 0.0128564024344,
        "dvar": 8.53041492519e-05,
        "dvar2": 0.000168648359249,
        "max": 0.499968588352,
        "mean": 0.488547116518,
        "median": 0.491653382778,
        "min": 0.363766789436,
        "var": 0.000128921994474
    },
    "dynamic_complexity": 0.68974930048,
    "erbbands_crest": {
        "dmean": 2.09258508682,
        "dmean2": 3.43674850464,
        "dvar": 4.07737922668,
        "dvar2": 9.66831588745,
        "max": 26.6840953827,
        "mean": 7.92899656296,
        "median": 7.15320253372,
        "min": 4.04365301132,
        "var": 8.88181114197
    },
    "erbbands_flatness_db": {
        "dmean": 0.0116429077461,
        "dmean2": 0.0187803059816,
        "dvar": 0.000102809048258,
        "dvar2": 0.000238396387431,
        "max": 0.314558804035,
        "mean": 0.2373367697,
        "median": 0.237528309226,
        "min": 0.181064218283,
        "var": 0.000374866649508
    },
    "erbbands_kurtosis": {
        "dmean": 1.17417430878,
        "dmean2": 1.81264567375,
        "dvar": 1.7283822298,
        "dvar2": 3.55520057678,
        "max": 20.5521793365,
        "mean": 1.99197685719,
        "median": 1.58019638062,
        "min": -1.4404771328,
        "var": 6.54131317139
    },
    "erbbands_skewness": {
        "dmean": 0.300003260374,
        "dmean2": 0.465368360281,
        "dvar": 0.062896899879,
        "dvar2": 0.147219508886,
        "max": 0.473677903414,
        "mean": -0.929109752178,
        "median": -0.978726327419,
        "min": -2.23649358749,
        "var": 0.275038063526
    },
    "erbbands_spread": {
        "dmean": 3.80555224419,
        "dmean2": 5.76997327805,
        "dvar": 13.3867731094,
        "dvar2": 25.7128734589,
        "max": 50.6067619324,
        "mean": 17.8328819275,
        "median": 16.8329639435,
        "min": 3.41755986214,
        "var": 47.6482048035
    },
    "hfc": {
        "dmean": 5.74177026749,
        "dmean2": 8.87268543243,
        "dvar": 25.3372268677,
        "dvar2": 57.0750999451,
        "max": 66.5472640991,
        "mean": 37.9769363403,
        "median": 38.5271224976,
        "min": 1.07416260242,
        "var": 102.102149963
    },
    "melbands_crest": {
        "dmean": 2.66434812546,
        "dmean2": 4.0784239769,
        "dvar": 8.28707027435,
        "dvar2": 14.6834249496,
        "max": 28.8540973663,
        "mean": 8.8528137207,
        "median": 7.345911026,
        "min": 3.11163902283,
        "var": 22.1137714386
    },
    "melbands_flatness_db": {
        "dmean": 0.0144403856248,
        "dmean2": 0.02207884565,
        "dvar": 0.000193906555069,
        "dvar2": 0.000398408039473,
        "max": 0.247824013233,
        "mean": 0.139443844557,
        "median": 0.13368371129,
        "min": 0.0997024402022,
        "var": 0.000630806665868
    },
    "melbands_kurtosis": {
        "dmean": 0.802987098694,
        "dmean2": 1.22775816917,
        "dvar": 1.47834408283,
        "dvar2": 3.19909119606,
        "max": 11.1206579208,
        "mean": -0.371479690075,
        "median": -0.799018621445,
        "min": -1.71709001064,
        "var": 2.58543848991
    },
    "melbands_skewness": {
        "dmean": 0.410083472729,
        "dmean2": 0.623295366764,
        "dvar": 0.153705537319,
        "dvar2": 0.289376229048,
        "max": 3.39051628113,
        "mean": 0.338548064232,
        "median": 0.224976465106,
        "min": -1.57351899147,
        "var": 0.66490727663
    },
    "melbands_spread": {
        "dmean": 10.0384759903,
        "dmean2": 15.8550853729,
        "dvar": 73.5520706177,
        "dvar2": 177.928512573,
        "max": 100.45085144,
        "mean": 60.4866027832,
        "median": 60.5092735291,
        "min": 21.7677650452,
        "var": 222.010253906
    },
    "pitch_salience": {
        "dmean": 0.0537179112434,
        "dmean2": 0.0852318480611,
        "dvar": 0.00205800170079,
        "dvar2": 0.00458397949114,
        "max": 0.856031298637,
        "mean": 0.647402763367,
        "median": 0.654732584953,
        "min": 0.301289796829,
        "var": 0.00561863183975
    },
    "silence_rate_20dB": {
        "dmean": 0,
        "dmean2": 0,
        "dvar": 0,
        "dvar2": 0,
        "max": 1,
        "mean": 1,
        "median": 1,
        "min": 1,
        "var": 0
    },
    "silence_rate_30dB": {
        "dmean": 0,
        "dmean2": 0,
        "dvar": 0,
        "dvar2": 0,
        "max": 1,
        "mean": 1,
        "median": 1,
        "min": 1,
        "var": 0
    },
    "silence_rate_60dB": {
        "dmean": 0,
        "dmean2": 0,
        "dvar": 0,
        "dvar2": 0,
        "max": 0,
        "mean": 0,
        "median": 0,
        "min": 0,
        "var": 0
    },
    "spectral_centroid": {
        "dmean": 158.181945801,
        "dmean2": 237.512084961,
        "dvar": 19598.2402344,
        "dvar2": 40656.9765625,
        "max": 3173.484375,
        "mean": 2508.91308594,
        "median": 2531.41577148,
        "min": 1378.20202637,
        "var": 72424.0625
    },
    "spectral_complexity": {
        "dmean": 3.93611121178,
        "dmean2": 6.47075223923,
        "dvar": 12.4709157944,
        "dvar2": 24.6335353851,
        "max": 53,
        "mean": 39.8116340637,
        "median": 40,
        "min": 0,
        "var": 31.5877742767
    },
    "spectral_decrease": {
        "dmean": 7.09694025769e-10,
        "dmean2": 1.13160847359e-09,
        "dvar": 3.64142328137e-19,
        "dvar2": 8.16886091336e-19,
        "max": -1.28455426851e-10,
        "mean": -4.92884932868e-09,
        "median": -4.93763252507e-09,
        "min": -8.42255332145e-09,
        "var": 9.63175826099e-19
    },
    "spectral_energy": {
        "dmean": 0.00299569196068,
        "dmean2": 0.00480024237186,
        "dvar": 6.17527166469e-06,
        "dvar2": 1.39758712976e-05,
        "max": 0.0339448936284,
        "mean": 0.0220472291112,
        "median": 0.0223214142025,
        "min": 0.000582249893341,
        "var": 1.70658677234e-05
    },
    "spectral_energyband_high": {
        "dmean": 0.000186394696357,
        "dmean2": 0.00030686048558,
        "dvar": 2.91748776249e-08,
        "dvar2": 7.06584160071e-08,
        "max": 0.00167551788036,
        "mean": 0.000727723177988,
        "median": 0.000683832273353,
        "min": 1.73665557668e-05,
        "var": 7.10968635076e-08
    },
    "spectral_energyband_low": {
        "dmean": 0.00112135778181,
        "dmean2": 0.00193684699479,
        "dvar": 1.73541582171e-06,
        "dvar2": 4.25437474405e-06,
        "max": 0.0158731956035,
        "mean": 0.00213793199509,
        "median": 0.00136482983362,
        "min": 4.37487506133e-05,
        "var": 5.01642216477e-06
    },
    "spectral_energyband_middle_high": {
        "dmean": 0.00247738906182,
        "dmean2": 0.00377276842482,
        "dvar": 4.35192532677e-06,
        "dvar2": 9.81235280051e-06,
        "max": 0.0256189424545,
        "mean": 0.0152540784329,
        "median": 0.0154609763995,
        "min": 0.000402908801334,
        "var": 2.2642499971e-05
    },
    "spectral_energyband_middle_low": {
        "dmean": 0.00196233741008,
        "dmean2": 0.00291715515777,
        "dvar": 5.53822019356e-06,
        "dvar2": 9.47178887145e-06,
        "max": 0.0255619138479,
        "mean": 0.00463652797043,
        "median": 0.00333517952822,
        "min": 0.000127504972625,
        "var": 1.3872809177e-05
    },
    "spectral_entropy": {
        "dmean": 0.0573096498847,
        "dmean2": 0.0943349152803,
        "dvar": 0.00302673666738,
        "dvar2": 0.00700139719993,
        "max": 8.22482204437,
        "mean": 7.61089611053,
        "median": 7.61561346054,
        "min": 7.21549510956,
        "var": 0.00643750373274
    },
    "spectral_flux": {
        "dmean": 0.0112140262499,
        "dmean2": 0.0181918591261,
        "dvar": 8.86856068973e-05,
        "dvar2": 0.000253516744124,
        "max": 0.139304891229,
        "mean": 0.0848459154367,
        "median": 0.0840171873569,
        "min": 0.0491797737777,
        "var": 0.000206085882382
    },
    "spectral_kurtosis": {
        "dmean": 3.27310395241,
        "dmean2": 5.83608961105,
        "dvar": 6.54378986359,
        "dvar2": 20.1336212158,
        "max": 20.6646671295,
        "mean": 6.01286506653,
        "median": 5.45259571075,
        "min": 0.771236896515,
        "var": 9.68894386292
    },
    "spectral_rms": {
        "dmean": 0.000324028456816,
        "dmean2": 0.000517041538842,
        "dvar": 9.57063690521e-08,
        "dvar2": 1.81609550509e-07,
        "max": 0.00575473438948,
        "mean": 0.00461291382089,
        "median": 0.00466658221558,
        "min": 0.000753690022975,
        "var": 2.30507879451e-07
    },
    "spectral_rolloff": {
        "dmean": 240.992446899,
        "dmean2": 388.377380371,
        "dvar": 44917.3085938,
        "dvar2": 102542.09375,
        "max": 3897.50976562,
        "mean": 2936.38916016,
        "median": 3014.6484375,
        "min": 1636.5234375,
        "var": 130584.851562
    },
    "spectral_skewness": {
        "dmean": 0.313496738672,
        "dmean2": 0.554826557636,
        "dvar": 0.0634639412165,
        "dvar2": 0.172988831997,
        "max": 3.12013196945,
        "mean": 0.895688533783,
        "median": 0.86447250843,
        "min": 0.104294016957,
        "var": 0.131434455514
    },
    "spectral_spread": {
        "dmean": 162571.671875,
        "dmean2": 254830.46875,
        "dvar": 96965746688,
        "dvar2": 76204646400,
        "max": 8990510,
        "mean": 2099992.5,
        "median": 2075795,
        "min": 1597902.125,
        "var": 175909306368
    },
    "spectral_strongpeak": {
        "dmean": 1.26422560215,
        "dmean2": 2.18718600273,
        "dvar": 2.07032465935,
        "dvar2": 5.32466983795,
        "max": 10.1981458664,
        "mean": 2.11646008492,
        "median": 1.80282568932,
        "min": 0.0531917028129,
        "var": 3.81279158592
    },
    "zerocrossingrate": {
        "dmean": 0.0068359375,
        "dmean2": 0.00746295042336,
        "dvar": 4.1108662117e-05,
        "dvar2": 4.79434056615e-05,
        "max": 0.12255859375,
        "mean": 0.0916751399636,
        "median": 0.09326171875,
        "min": 0.025390625,
        "var": 0.000220298563363
    },
    "barkbands": {
        "dmean": [6.31786861049e-06, 0.000824808841571, 0.000224172195885, 0.000968965003267, 0.00103225035127, 0.000143940516864, 0.000217136839638, 9.06585191842e-05, 0.000531593861524, 0.000427278835559, 0.000604511122219, 0.000683739373926, 0.000140809788718, 0.000614917371422, 0.000671576766763, 0.00091598596191, 0.00140051357448, 0.000526085146703, 0.000619974685833, 0.000359905970981, 0.000140812509926, 2.52030586125e-05, 1.01301179711e-06, 2.02204091693e-06, 4.62195430373e-07, 2.40392978412e-07, 2.31025119035e-08],
        "dmean2": [9.75565944827e-06, 0.00148221605923, 0.000384996033972, 0.00140405865386, 0.00166630011518, 0.000238570326474, 0.000356218079105, 0.000149393235915, 0.000860824831761, 0.000668882217724, 0.000978159485385, 0.00120190344751, 0.000250838667853, 0.00103890255559, 0.00109578575939, 0.00152019923553, 0.00222649262287, 0.000879406929016, 0.00101726909634, 0.000592070340645, 0.000229808574659, 4.24163590651e-05, 1.70782118403e-06, 3.28500277647e-06, 7.26609869162e-07, 3.94964928319e-07, 3.01747284936e-08],
        "dvar": [1.15118276023e-10, 9.64684204519e-07, 3.14555563818e-07, 2.19160142478e-06, 2.82531868834e-06, 3.10174250728e-08, 6.39547295123e-08, 1.74619874116e-08, 1.15403588552e-06, 4.44209376838e-07, 5.8264532754e-07, 1.15770558295e-06, 1.89267268524e-08, 4.82808445668e-07, 5.64993854368e-07, 8.24334392746e-07, 1.94297558664e-06, 2.4863365411e-07, 4.95055644478e-07, 1.54981833589e-07, 1.3151170819e-08, 4.66525040821e-10, 8.10550411512e-13, 3.51187004824e-12, 3.1930640315e-13, 2.28259224673e-13, 6.13907525076e-14],
        "dvar2": [1.88003709822e-10, 2.57227679867e-06, 8.86665475264e-07, 3.90149079976e-06, 5.02039301864e-06, 7.51663549181e-08, 1.73343281062e-07, 4.4218456452e-08, 2.75672528005e-06, 1.08376571006e-06, 1.41813518439e-06, 3.54024632543e-06, 5.07288220319e-08, 1.40595386711e-06, 1.38180701015e-06, 1.92931929632e-06, 4.06082699556e-06, 6.63539765355e-07, 1.3900845488e-06, 3.69217076468e-07, 3.26487636926e-08, 1.25802912532e-09, 2.15758530833e-12, 8.53648575438e-12, 7.29694028725e-13, 5.38542192612e-13, 6.1815265092e-14],
        "max": [0.000166536512552, 0.0114072840661, 0.00878077931702, 0.0173353925347, 0.0245279651135, 0.00151381234173, 0.00231063528918, 0.00164995226078, 0.013403124176, 0.00654235621914, 0.00842521339655, 0.00970591325313, 0.00130605930462, 0.00742479786277, 0.0128482049331, 0.0116718057543, 0.0164972636849, 0.0053845634684, 0.0104005457833, 0.00400990480557, 0.00107076589484, 0.000193398358533, 8.87022906682e-06, 2.11704609683e-05, 7.25525023881e-06, 6.67238964525e-06, 4.71802013635e-06],
        "mean": [1.05192539195e-05, 0.00127263984177, 0.000273997255135, 0.0013507475378, 0.00147364893928, 0.000219121342525, 0.000417973147705, 0.000148648614413, 0.000754828273784, 0.000654370931443, 0.00150261609815, 0.0010929540731, 0.000275656435406, 0.00130810227711, 0.00178190099541, 0.00209152768366, 0.00317239901051, 0.00131865695585, 0.00153086171485, 0.000891249277629, 0.000419200427132, 7.34851200832e-05, 3.03922161038e-06, 6.94231175657e-06, 1.44821433423e-06, 6.76155764268e-07, 3.07318046566e-08],
        "median": [6.51861591905e-06, 0.000826807343401, 0.000140161690069, 0.000400375341997, 0.000800948124379, 0.000171663312358, 0.000273678102531, 0.00010633085185, 0.00043522901251, 0.000338938552886, 0.000624904525466, 0.000713994668331, 0.000235073835938, 0.00104534428101, 0.00125849945471, 0.00173333985731, 0.00265009584837, 0.00120753585361, 0.00137398182414, 0.000747773738112, 0.000385044986615, 6.94729678798e-05, 2.79729670183e-06, 5.87861268286e-06, 9.91240426629e-07, 3.63785801483e-07, 1.10166595846e-08],
        "min": [8.44159409041e-09, 5.69422718399e-06, 4.78228821521e-06, 7.22422055333e-06, 3.70860070689e-05, 5.35093113285e-06, 9.27925520955e-06, 4.28022576671e-06, 1.6242136553e-05, 8.33265676192e-06, 2.21496738959e-05, 1.10435121314e-05, 7.57399584472e-06, 1.79259895958e-05, 1.2572223568e-05, 6.54134564684e-05, 2.36793857766e-05, 6.17078258074e-05, 3.79460398108e-05, 5.1974420785e-05, 8.13793758425e-06, 5.24950519321e-06, 3.38439718917e-07, 2.6842175771e-07, 1.60177719977e-07, 3.8631306154e-08, 3.31200089576e-09],
        "var": [1.85106499573e-10, 2.09050654121e-06, 3.03509466448e-07, 5.00098258271e-06, 5.13335999131e-06, 4.3191111132e-08, 1.74570033096e-07, 2.5102059098e-08, 1.38192115173e-06, 8.94055574463e-07, 3.55850647793e-06, 1.43500915328e-06, 3.62812109245e-08, 1.11893780286e-06, 3.20563299283e-06, 1.85036037692e-06, 4.70966460853e-06, 3.98419018666e-07, 6.99641020674e-07, 3.0358381764e-07, 3.44101138694e-08, 9.13790099144e-10, 1.77280152364e-12, 1.36364591494e-11, 1.35698234333e-12, 5.32016704996e-13, 6.1449868631e-14]
    },
    "erbbands": {
        "dmean": [0.0184853933752, 0.206324890256, 0.250695496798, 1.64419150352, 4.49962043762, 2.70413732529, 1.2684981823, 1.28155589104, 1.48742508888, 3.91761445999, 3.01290869713, 13.0529918671, 14.1264419556, 12.8409948349, 23.7204837799, 26.3659591675, 6.42485427856, 18.1325035095, 33.2709159851, 39.6256484985, 50.9287109375, 79.6524581909, 27.7701396942, 34.7009468079, 20.9783687592, 17.5542201996, 6.1922249794, 4.06099462509, 0.926600575447, 0.135700583458, 0.032129585743, 0.0529756881297, 0.0230135899037, 0.00873867422342, 0.00121169711929, 0.00122672272846, 0.000385369523428, 4.98448389408e-05, 4.47416596216e-06, 3.90355171476e-06],
        "dmean2": [0.0308833885938, 0.377346038818, 0.444870084524, 2.36625647545, 6.98954868317, 4.33982038498, 2.11307406425, 2.10036921501, 2.35652065277, 6.54437255859, 4.79018497467, 21.8282985687, 22.3263454437, 19.9578704834, 38.3838386536, 46.5891914368, 11.2965679169, 30.0395107269, 55.0212669373, 65.8320617676, 80.8574142456, 129.834289551, 46.355430603, 55.832195282, 35.0600585938, 28.46484375, 10.4412584305, 6.63206577301, 1.51662158966, 0.225152939558, 0.0542273186147, 0.086736522615, 0.0378027372062, 0.0138020860031, 0.00177732820157, 0.00195945892483, 0.000639462727122, 8.2545717305e-05, 6.1228793129e-06, 6.23934374744e-06],
        "dvar": [0.000547642237507, 0.0569846108556, 0.235009491444, 6.25857830048, 50.4443092346, 19.8984394073, 2.52158975601, 2.18054294586, 2.55933475494, 29.0022106171, 26.6464271545, 786.94140625, 778.348083496, 266.037719727, 990.920898438, 1350.52905273, 37.9656562805, 371.643096924, 1430.63757324, 1619.25524902, 2954.80126953, 5997.53173828, 799.52154541, 1640.95690918, 356.039916992, 372.505950928, 27.1885356903, 12.346531868, 0.61913818121, 0.0126779712737, 0.000749350525439, 0.00253186863847, 0.000539729313459, 0.000102410653199, 5.44470321984e-06, 3.64886727766e-06, 6.01503927555e-07, 6.45743156724e-08, 1.18610765654e-09, 1.45455470585e-11],
        "dvar2": [0.00117531372234, 0.161004111171, 0.671460688114, 10.7998447418, 104.034721375, 35.3071365356, 5.45344924927, 5.45405817032, 6.06626749039, 88.6312866211, 54.8638267517, 2039.97375488, 1638.05078125, 680.074890137, 2558.94604492, 3834.99365234, 103.150604248, 1016.71136475, 3496.11987305, 3940.18725586, 6801.75146484, 14239.9375, 2064.4152832, 4547.08154297, 967.918029785, 907.043701172, 71.7578582764, 31.1543560028, 1.60058104992, 0.0343357399106, 0.00194228428882, 0.00586063601077, 0.00140845100395, 0.000257305393461, 8.99009864952e-06, 7.91335605754e-06, 1.3430949366e-06, 1.48213814555e-07, 1.20453924612e-09, 2.69088414745e-11],
        "max": [0.320924401283, 2.55213189125, 7.6839299202, 27.4365024567, 64.8773956299, 76.4668502808, 18.1406211853, 15.3635749817, 18.5391597748, 62.2858276367, 63.5514030457, 370.206756592, 346.853393555, 178.833755493, 303.851593018, 348.266540527, 50.0582885742, 226.473617554, 628.417419434, 481.222808838, 743.26348877, 757.604125977, 364.062072754, 608.979125977, 194.243270874, 205.890625, 51.2440986633, 33.9334411621, 7.79128265381, 1.07651698589, 0.257586300373, 0.554943978786, 0.253068476915, 0.133639529347, 0.034724932164, 0.0230155922472, 0.0106722339988, 0.00312109850347, 0.000673583534081, 7.85069278209e-05],
        "mean": [0.0367095060647, 0.284550279379, 0.358186423779, 2.53837513924, 6.17119121552, 3.7446641922, 2.10666513443, 1.88828837872, 3.28322315216, 6.89357948303, 5.11781311035, 17.8901462555, 22.3955841064, 31.7585964203, 52.5152206421, 46.6213226318, 16.0003547668, 46.1312561035, 93.6761474609, 99.113571167, 131.817367554, 172.082473755, 81.43384552, 92.1731872559, 60.34715271, 42.7835769653, 18.282125473, 12.6399774551, 3.28124117851, 0.466765522957, 0.11171977967, 0.175184071064, 0.0790595188737, 0.0284597631544, 0.00409348076209, 0.00374763668515, 0.00101943966001, 7.6172502304e-05, 2.0530560505e-05, 3.02820153593e-05],
        "median": [0.0241186115891, 0.179786637425, 0.22943174839, 0.885367572308, 2.98399305344, 2.27084517479, 1.27102947235, 1.4044213295, 2.08594799042, 5.0666718483, 3.39706397057, 10.326587677, 11.4108667374, 18.4691467285, 29.5487537384, 26.5311756134, 13.9217996597, 37.317401886, 68.1893539429, 82.4703140259, 111.580329895, 146.802627563, 77.8773422241, 83.2306518555, 56.1140289307, 35.5421218872, 16.7753982544, 11.753455162, 3.21446561813, 0.451263606548, 0.106191731989, 0.156889289618, 0.0626629367471, 0.0199300330132, 0.00283880415373, 0.0021532739047, 0.0005454304046, 3.4847198549e-05, 1.85119752132e-05, 3.0610095564e-05],
        "min": [0.000199573143618, 0.00444531114772, 0.0131551111117, 0.0325566530228, 0.0535129643977, 0.0910657197237, 0.0914783850312, 0.0648222267628, 0.131213709712, 0.238801255822, 0.174905896187, 0.463936388493, 0.322813391685, 0.519719779491, 0.738610029221, 0.442218273878, 0.443690508604, 1.03725278378, 2.16542077065, 0.762414693832, 4.34617424011, 1.62763261795, 2.43353533745, 2.83557534218, 2.45186781883, 2.49192142487, 0.428781569004, 0.271017581224, 0.182768896222, 0.0325281061232, 0.011373241432, 0.00710282009095, 0.00335279828869, 0.00249602692202, 0.00043553049909, 0.000262601679424, 6.26004257356e-05, 5.54389725949e-06, 7.19473200661e-06, 2.2336598704e-06],
        "var": [0.00170122797135, 0.107518956065, 0.251017034054, 16.5263843536, 83.5138473511, 34.5425376892, 6.96644306183, 3.21999812126, 10.5208892822, 42.165184021, 40.7823143005, 774.5546875, 1624.60473633, 1075.30041504, 2936.22363281, 2565.22558594, 90.1159439087, 985.768432617, 7693.38525391, 4474.79248047, 6805.25048828, 11835.3798828, 1396.58886719, 2424.04199219, 722.667541504, 716.188293457, 62.7749900818, 28.159954071, 1.47315502167, 0.0273930486292, 0.00193138909526, 0.0082697942853, 0.0021677298937, 0.000480053713545, 1.32387403937e-05, 1.20212444017e-05, 1.2879810356e-06, 5.83048986869e-08, 1.20725496267e-09, 3.53050644275e-11]
    },
    "gfcc": {
        "mean": [-2.17369055748, 108.842567444, -196.007202148, 55.2337265015, -30.1201343536, -3.29049658775, -18.7395801544, 4.99940681458, -21.7227478027, -7.11662960052, -16.255563736, -8.75808334351, 2.86394166946],
        "cov": [[282.805969238, -28.5565395355, -17.7058029175, -73.7262573242, -45.4747810364, 12.6020860672, -41.6279563904, 9.41273021698, -50.1578979492, -0.309886336327, -20.6267738342, 12.2119483948, 4.48225593567], [-28.5565395355, 287.188903809, 56.3643608093, 60.5988502502, -22.2706699371, -15.152715683, 89.9979248047, -37.6043739319, 13.9822473526, -50.8317718506, 35.3920211792, -34.5538101196, 0.403122037649], [-17.7058029175, 56.3643608093, 138.211486816, 67.2299194336, 26.9350643158, -17.4300804138, -24.4117240906, -2.41704177856, -0.52509200573, 5.00541257858, -20.4819793701, -17.0421161652, -19.916809082], [-73.7262573242, 60.5988502502, 67.2299194336, 156.992095947, 52.6578445435, -23.9370174408, 17.3661823273, -8.49985122681, 53.3599510193, 26.7044811249, 29.3395671844, -15.8449325562, -3.80444979668], [-45.4747810364, -22.2706699371, 26.9350643158, 52.6578445435, 74.3714599609, 29.9363479614, -2.83845853806, 3.31669521332, 13.6070404053, 11.4058570862, -5.80115222931, -1.98747467995, -4.51913166046], [12.6020860672, -15.152715683, -17.4300804138, -23.9370174408, 29.9363479614, 66.9322891235, 28.4783992767, 9.58833312988, -17.1720657349, -10.756029129, -8.86633014679, 6.67439079285, 5.11708593369], [-41.6279563904, 89.9979248047, -24.4117240906, 17.3661823273, -2.83845853806, 28.4783992767, 112.312225342, 26.0291233063, 24.1596336365, -14.6375894547, 36.1977920532, 6.41432285309, 12.6870975494], [9.41273021698, -37.6043739319, -2.41704177856, -8.49985122681, 3.31669521332, 9.58833312988, 26.0291233063, 73.1672744751, 39.3129386902, 28.7335891724, 5.13138771057, 11.9534721375, 1.87354004383], [-50.1578979492, 13.9822473526, -0.52509200573, 53.3599510193, 13.6070404053, -17.1720657349, 24.1596336365, 39.3129386902, 92.1470565796, 53.6909332275, 40.2337150574, 6.08128643036, 6.41036128998], [-0.309886336327, -50.8317718506, 5.00541257858, 26.7044811249, 11.4058570862, -10.756029129, -14.6375894547, 28.7335891724, 53.6909332275, 78.3049468994, 37.6368637085, 22.6469020844, 6.85770463943], [-20.6267738342, 35.3920211792, -20.4819793701, 29.3395671844, -5.80115222931, -8.86633014679, 36.1977920532, 5.13138771057, 40.2337150574, 37.6368637085, 76.0347595215, 33.0616264343, 18.3389930725], [12.2119483948, -34.5538101196, -17.0421161652, -15.8449325562, -1.98747467995, 6.67439079285, 6.41432285309, 11.9534721375, 6.08128643036, 22.6469020844, 33.0616264343, 59.724029541, 31.3523597717], [4.48225593567, 0.403122037649, -19.916809082, -3.80444979668, -4.51913166046, 5.11708593369, 12.6870975494, 1.87354004383, 6.41036128998, 6.85770463943, 18.3389930725, 31.3523597717, 44.0666503906]],
        "icov": [[0.00694655580446, -0.00512788584456, 0.00465786270797, -0.00416339281946, 0.00690809544176, -0.00655901152641, 0.0087645817548, -0.00823201145977, 0.00793340615928, -0.00536611862481, 0.00298728956841, -0.0036727595143, 0.00143368833233], [-0.00512788584456, 0.0207247249782, -0.0173546820879, 0.00803853478283, -0.000878223101608, 0.00501554831862, -0.0180021319538, 0.0180176775903, -0.016333533451, 0.0176031515002, -0.0160503741354, 0.0161656308919, -0.00825862586498], [0.00465786270797, -0.0173546820879, 0.0269546117634, -0.0149041945115, 0.00198266282678, -0.00304976548068, 0.0163633041084, -0.0180556103587, 0.0183281432837, -0.016572618857, 0.0186834484339, -0.0168662816286, 0.0113323582336], [-0.00416339281946, 0.00803853478283, -0.0149041945115, 0.0289184320718, -0.0240523777902, 0.0199862457812, -0.0177387744188, 0.0160052385181, -0.0126966396347, 0.00411941157654, -0.0121994577348, 0.0159714818001, -0.00933091156185], [0.00690809544176, -0.000878223101608, 0.00198266282678, -0.0240523777902, 0.0511934012175, -0.0384694822133, 0.0180353038013, -0.00570906884968, -0.00275638885796, 0.00121463194955, 0.00691588921472, -0.010621923022, 0.00778334820643], [-0.00655901152641, 0.00501554831862, -0.00304976548068, 0.0199862457812, -0.0384694822133, 0.0524741634727, -0.0285698957741, 0.00863651558757, 0.00558441691101, -0.00518361199647, 0.00184198911302, 0.00684653827921, -0.00685526849702], [0.0087645817548, -0.0180021319538, 0.0163633041084, -0.0177387744188, 0.0180353038013, -0.0285698957741, 0.0488043986261, -0.0326045900583, 0.0107059981674, 0.00603975914419, -0.00672407727689, -0.00916874222457, 0.00446403725073], [-0.00823201145977, 0.0180176775903, -0.0180556103587, 0.0160052385181, -0.00570906884968, 0.00863651558757, -0.0326045900583, 0.0508102588356, -0.031241344288, 0.00285348994657, 0.00493828440085, 0.00305808754638, -0.000598119397182], [0.00793340615928, -0.016333533451, 0.0183281432837, -0.0126966396347, -0.00275638885796, 0.00558441691101, 0.0107059981674, -0.031241344288, 0.053375467658, -0.0314265564084, 0.00479621114209, -0.00073191471165, -0.000504275143612], [-0.00536611862481, 0.0176031515002, -0.016572618857, 0.00411941157654, 0.00121463194955, -0.00518361199647, 0.00603975914419, 0.00285348994657, -0.0314265564084, 0.058944657445, -0.0349051691592, 0.00980851147324, -0.00493725622073], [0.00298728956841, -0.0160503741354, 0.0186834484339, -0.0121994577348, 0.00691588921472, 0.00184198911302, -0.00672407727689, 0.00493828440085, 0.00479621114209, -0.0349051691592, 0.0622731409967, -0.0376909635961, 0.015090004541], [-0.0036727595143, 0.0161656308919, -0.0168662816286, 0.0159714818001, -0.010621923022, 0.00684653827921, -0.00916874222457, 0.00305808754638, -0.00073191471165, 0.00980851147324, -0.0376909635961, 0.0607944205403, -0.0343811325729], [0.00143368833233, -0.00825862586498, 0.0113323582336, -0.00933091156185, 0.00778334820643, -0.00685526849702, 0.00446403725073, -0.000598119397182, -0.000504275143612, -0.00493725622073, 0.015090004541, -0.0343811325729, 0.0462964959443]]
    },
    "melbands": {
        "dmean": [0.000212958024349, 0.000171921303263, 0.000370337307686, 0.000274825957604, 5.07999466208e-05, 2.72594152193e-05, 3.11513213092e-05, 3.66519889212e-05, 3.61023157893e-05, 8.28043484944e-05, 7.15107744327e-05, 5.20314497408e-05, 8.96353158168e-05, 8.92115422175e-05, 2.38657921727e-05, 1.74358392542e-05, 4.28342973464e-05, 5.970822167e-05, 4.88892146677e-05, 5.92324322497e-05, 7.0880218118e-05, 8.55430116644e-05, 5.0331800594e-05, 2.53708385571e-05, 3.27095403918e-05, 1.99432215595e-05, 1.70072326e-05, 1.01063433249e-05, 3.01325667351e-06, 5.53477002541e-06, 1.78469258572e-06, 6.78413584865e-07, 2.43212696205e-07, 3.24338564894e-08, 1.81904322716e-08, 3.04316181143e-08, 3.6594510533e-08, 2.05535322095e-08, 1.1488827667e-08, 6.89050505542e-09],
        "dmean2": [0.000375628849724, 0.000313555909088, 0.000557826773729, 0.000434358429629, 8.39924323373e-05, 4.45141886303e-05, 4.97061955684e-05, 6.14070449956e-05, 5.78761682846e-05, 0.000137071314384, 0.000112609486678, 8.25383103802e-05, 0.00014524658036, 0.000156597045134, 4.21169097535e-05, 3.01160362142e-05, 7.05488200765e-05, 0.000100842560641, 7.84305229899e-05, 9.81163466349e-05, 0.000113664282253, 0.000139019917697, 8.32391233416e-05, 4.22847988375e-05, 5.34011014679e-05, 3.35317345161e-05, 2.86714839604e-05, 1.66112713487e-05, 5.10961444888e-06, 9.25001404539e-06, 2.98324357573e-06, 1.13372323085e-06, 4.0033810933e-07, 5.5333966742e-08, 3.06040490727e-08, 4.94598708656e-08, 5.94935798404e-08, 3.37740004852e-08, 1.87831012965e-08, 1.07927276005e-08],
        "dvar": [6.6934745746e-08, 5.36001607543e-08, 2.88036346774e-07, 2.04952570471e-07, 3.5303717727e-09, 9.89492487946e-10, 1.1390411947e-09, 2.56022647527e-09, 5.35438093863e-09, 2.66534492255e-08, 1.92592164439e-08, 4.72118166783e-09, 1.2427723739e-08, 1.94019200705e-08, 1.14290643616e-09, 2.7008464909e-10, 2.2733284144e-09, 4.44863568205e-09, 2.49694709353e-09, 2.81290102322e-09, 5.89584292499e-09, 7.59292895225e-09, 2.4779402974e-09, 5.94815474653e-10, 1.53009160897e-09, 4.32405722339e-10, 3.47438466886e-10, 1.2180596809e-10, 6.31325373923e-12, 2.34346621969e-11, 2.29863046999e-12, 3.2185907585e-13, 4.10101165809e-14, 6.85808325497e-16, 2.43523931099e-16, 7.27701516277e-16, 1.17947495609e-15, 4.43946881845e-16, 1.46068145071e-16, 6.64761912568e-17],
        "dvar2": [1.66964440496e-07, 1.59822192813e-07, 5.12604913183e-07, 3.49641936737e-07, 8.45110292857e-09, 2.4821751321e-09, 2.79331957564e-09, 7.73290764755e-09, 1.1715686199e-08, 6.72865638762e-08, 4.15830463396e-08, 1.20698144812e-08, 2.99043954044e-08, 5.81971484337e-08, 3.02419489451e-09, 7.20367543394e-10, 6.35674801686e-09, 1.14759952652e-08, 6.42869046885e-09, 7.0195080859e-09, 1.33373676547e-08, 1.6610263387e-08, 6.35606944854e-09, 1.57697466197e-09, 4.20275458879e-09, 1.23431465049e-09, 7.97535648633e-10, 3.09584274882e-10, 1.78251042399e-11, 5.83356626893e-11, 5.92044902686e-12, 8.65008531383e-13, 1.16963513527e-13, 1.93556684623e-15, 6.79481412897e-16, 1.85757755816e-15, 2.81838142979e-15, 1.13737318344e-15, 3.90632987019e-16, 1.63452953683e-16],
        "max": [0.00318834534846, 0.00310914544389, 0.00566105917096, 0.00687480717897, 0.000757051457185, 0.000318793929182, 0.000378444645321, 0.000607861613389, 0.00105683365837, 0.0020279653836, 0.00168512819801, 0.000685145962052, 0.00122949643992, 0.00121078907978, 0.000346474902472, 0.000136467322591, 0.000556815066375, 0.000910523813218, 0.000642732717097, 0.000463767675683, 0.000932371302042, 0.00112844200339, 0.000542827358004, 0.000260111060925, 0.000584193738177, 0.000233855520491, 0.000170585510205, 0.000114517053589, 2.33249938901e-05, 3.87952677556e-05, 1.35637928906e-05, 5.14676230523e-06, 1.71614749434e-06, 2.10130238543e-07, 1.36325127187e-07, 2.77967302509e-07, 3.50753481371e-07, 2.04641452228e-07, 1.35298321879e-07, 1.01828327104e-07],
        "mean": [0.000355316529749, 0.000246911367867, 0.000562737346627, 0.000388742104406, 8.20752466097e-05, 3.95877068513e-05, 6.54481773381e-05, 6.72064488754e-05, 5.11033467774e-05, 0.000115360591735, 0.000108473199361, 0.000120258890092, 0.000211309656152, 0.000139856609167, 4.96459033457e-05, 3.66220556316e-05, 9.74841532297e-05, 0.000155350178829, 0.000128848289023, 0.000133486755658, 0.000163140502991, 0.000183782845852, 0.000110874505481, 6.11317736912e-05, 7.87534227129e-05, 4.81962742924e-05, 4.31491607742e-05, 2.29376673815e-05, 8.47458341013e-06, 1.38055465868e-05, 5.02030252392e-06, 2.00538556783e-06, 6.97516725268e-07, 7.99228203618e-08, 4.6941025289e-08, 9.05139927454e-08, 1.12315895251e-07, 6.18900131144e-08, 3.49969333513e-08, 1.96047889034e-08],
        "median": [0.000229202647461, 0.000167259378941, 0.000236578984186, 0.000211630598642, 5.11628677486e-05, 2.97792867059e-05, 4.18274757976e-05, 4.98056251672e-05, 2.93645898637e-05, 6.92245594109e-05, 5.30524011992e-05, 6.91642708261e-05, 9.72175766947e-05, 9.1204776254e-05, 2.92569857265e-05, 3.08667767968e-05, 7.6729535067e-05, 0.000118118943647, 0.00010856379231, 0.000112374560558, 0.000133171692141, 0.000149466242874, 0.000100922792626, 5.59122236155e-05, 6.9809400884e-05, 4.3942083721e-05, 3.66298954759e-05, 1.89275760931e-05, 7.81593462307e-06, 1.21945304272e-05, 4.60411683889e-06, 1.88169553894e-06, 6.50619597309e-07, 7.24176913991e-08, 4.28215791715e-08, 8.16959584427e-08, 9.97374698386e-08, 4.96806400463e-08, 2.57162025008e-08, 1.28763550933e-08],
        "min": [1.575894089e-06, 7.86638611316e-06, 6.1392383941e-06, 6.37822859062e-06, 3.19414766636e-06, 1.098464395e-06, 1.94312724489e-06, 2.10037978832e-06, 1.33278740577e-06, 2.83500457954e-06, 1.34028050525e-06, 1.87898001514e-06, 2.91557330456e-06, 1.33839148475e-06, 7.17101841019e-07, 1.0950768683e-06, 1.40382860536e-06, 2.4678815862e-06, 7.50969775254e-07, 1.89297963971e-06, 5.73039915253e-06, 1.6510025489e-06, 1.43467241287e-06, 2.88324190478e-06, 2.22591893362e-06, 1.48030210312e-06, 2.65231756202e-06, 1.20056745345e-06, 1.81352973527e-07, 2.56899255646e-07, 1.37600181915e-07, 1.33974069172e-07, 4.52496919934e-08, 6.26388363401e-09, 5.72460967518e-09, 6.43605213568e-09, 3.37410521745e-09, 2.21426965652e-09, 2.25806173759e-09, 1.65027125298e-09],
        "var": [1.64357246035e-07, 7.72217987333e-08, 6.47914134788e-07, 3.77335084067e-07, 9.55310408557e-09, 1.43083345172e-09, 4.36047864483e-09, 3.70574437802e-09, 6.91217483251e-09, 2.89479888949e-08, 4.03093487478e-08, 1.56433284104e-08, 6.23387990117e-08, 2.2979696368e-08, 2.65335686755e-09, 6.04467254028e-10, 5.87936987984e-09, 1.9017702968e-08, 9.47448786093e-09, 7.53268292186e-09, 1.26688153301e-08, 1.71353935485e-08, 4.2146321988e-09, 9.43480071847e-10, 2.10080153273e-09, 6.33370800251e-10, 6.68259503289e-10, 2.12222212026e-10, 1.44903481575e-11, 4.85772290448e-11, 4.85946352602e-12, 6.67643999981e-13, 8.27114933618e-14, 1.15861571097e-15, 4.66874819648e-16, 2.06778763051e-15, 3.79331974022e-15, 1.42405540197e-15, 6.33423361116e-16, 2.77559514865e-16]
    },
    "mfcc": {
        "mean": [-616.05090332, 121.542015076, -82.097618103, 51.4542160034, 1.73686242104, 4.17483568192, 10.2346343994, 2.95146942139, 13.1982383728, -1.78603172302, -7.90930891037, 0.311553925276, -8.99797725677],
        "cov": [[305.595733643, -1.93321335316, -30.4210720062, -86.7831726074, -35.5625457764, -31.8709335327, 7.87482786179, -11.0405979156, -13.9032497406, -16.4977912903, -20.7740898132, -27.4441890717, -13.8165998459], [-1.93321335316, 185.298110962, 60.184463501, 17.0263175964, -53.9485473633, 12.3397912979, 29.8552837372, 29.8898868561, -14.7577457428, -2.04823303223, -8.66252613068, -10.6666555405, -14.1337537766], [-30.4210720062, 60.184463501, 103.647666931, 66.4544296265, 17.3497714996, -0.652008473873, -8.29069423676, -10.8810787201, -3.23533082008, 6.35128831863, 5.73707151413, -5.56262969971, -14.6503009796], [-86.7831726074, 17.0263175964, 66.4544296265, 170.241439819, 37.3283119202, 20.9944858551, -21.0546855927, -13.8085260391, 0.964525461197, 31.1946563721, 39.7558822632, 32.7508735657, 7.97373199463], [-35.5625457764, -53.9485473633, 17.3497714996, 37.3283119202, 99.9425964355, 21.7714920044, -22.7344455719, -26.1751823425, 11.0459327698, 7.19119119644, 7.90197563171, 1.94082474709, -6.26032114029], [-31.8709335327, 12.3397912979, -0.652008473873, 20.9944858551, 21.7714920044, 62.0870399475, 25.968788147, 8.82367515564, -2.16554689407, -6.37391233444, -5.03801488876, 0.446966946125, 4.88413333893], [7.87482786179, 29.8552837372, -8.29069423676, -21.0546855927, -22.7344455719, 25.968788147, 68.0420684814, 39.4304656982, 4.92380285263, -13.7355928421, -9.08163070679, -9.17497730255, 3.95641231537], [-11.0405979156, 29.8898868561, -10.8810787201, -13.8085260391, -26.1751823425, 8.82367515564, 39.4304656982, 61.7591018677, 21.955871582, -1.45166063309, -0.976484060287, 6.10988092422, 10.7167072296], [-13.9032497406, -14.7577457428, -3.23533082008, 0.964525461197, 11.0459327698, -2.16554689407, 4.92380285263, 21.955871582, 52.0828132629, 18.4329433441, 9.92677116394, 4.93158912659, 3.55850696564], [-16.4977912903, -2.04823303223, 6.35128831863, 31.1946563721, 7.19119119644, -6.37391233444, -13.7355928421, -1.45166063309, 18.4329433441, 64.645614624, 42.0752716064, 18.3038845062, -2.59101462364], [-20.7740898132, -8.66252613068, 5.73707151413, 39.7558822632, 7.90197563171, -5.03801488876, -9.08163070679, -0.976484060287, 9.92677116394, 42.0752716064, 60.9634819031, 29.6059322357, 5.98183250427], [-27.4441890717, -10.6666555405, -5.56262969971, 32.7508735657, 1.94082474709, 0.446966946125, -9.17497730255, 6.10988092422, 4.93158912659, 18.3038845062, 29.6059322357, 58.0416984558, 34.1200485229], [-13.8165998459, -14.1337537766, -14.6503009796, 7.97373199463, -6.26032114029, 4.88413333893, 3.95641231537, 10.7167072296, 3.55850696564, -2.59101462364, 5.98183250427, 34.1200485229, 56.2257957458]],
