{
"lowlevel": {
    "average_loudness": 0.987843930721,
    "barkbands_crest": {
        "dmean": 2.45351362228,
        "dmean2": 4.31224346161,
        "dvar": 3.87756991386,
        "dvar2": 11.1500082016,
        "max": 15.5381708145,
        "mean": 8.23890209198,
        "median": 7.96335554123,
        "min": 3.53565454483,
        "var": 6.92061376572
    },
    "barkbands_flatness_db": {
        "dmean": 0.0166037157178,
        "dmean2": 0.0270923953503,
        "dvar": 0.000190478051081,
        "dvar2": 0.00051859638188,
        "max": 0.214803665876,
        "mean": 0.161940768361,
        "median": 0.160620778799,
        "min": 0.080176435411,
        "var": 0.000381824735086
    },
    "barkbands_kurtosis": {
        "dmean": 0.663822233677,
        "dmean2": 1.14440798759,
        "dvar": 0.681445121765,
        "dvar2": 1.86204755306,
        "max": 4.1105427742,
        "mean": -1.09570920467,
        "median": -1.469222188,
        "min": -1.88934218884,
        "var": 0.950622141361
    },
    "barkbands_skewness": {
        "dmean": 0.570337593555,
        "dmean2": 0.904972434044,
        "dvar": 0.196086794138,
        "dvar2": 0.463551610708,
        "max": 2.08055233955,
        "mean": 0.00819903239608,
        "median": 0.0377881936729,
        "min": -2.12022686005,
        "var": 0.52030903101
    },
    "barkbands_spread": {
        "dmean": 6.43268728256,
        "dmean2": 10.6150283813,
        "dvar": 30.0528030396,
        "dvar2": 87.9694671631,
        "max": 58.7836112976,
        "mean": 40.6904144287,
        "median": 42.2552719116,
        "min": 12.9329242706,
        "var": 63.0080032349
    },
    "dissonance": {
        "dmean": 0.00689076352865,
        "dmean2": 0.0119255455211,
        "dvar": 5.2091483667e-05,
        "dvar2": 0.000156260808581,
        "max": 0.499224245548,
        "mean": 0.490078121424,
        "median": 0.491693228483,
        "min": 0.450635403395,
        "var": 5.05148491357e-05
    },
    "dynamic_complexity": 0.642901003361,
    "erbbands_crest": {
        "dmean": 2.76066207886,
        "dmean2": 4.69773006439,
        "dvar": 6.01196718216,
        "dvar2": 15.7158975601,
        "max": 23.0686759949,
        "mean": 10.6571016312,
        "median": 10.1701965332,
        "min": 4.86857700348,
        "var": 12.7600250244
    },
    "erbbands_flatness_db": {
        "dmean": 0.0140944868326,
        "dmean2": 0.0230213422328,
        "dvar": 0.000130340762553,
        "dvar2": 0.00029512878973,
        "max": 0.309770435095,
        "mean": 0.24775159359,
        "median": 0.246763959527,
        "min": 0.173535093665,
        "var": 0.000357566925231
    },
    "erbbands_kurtosis": {
        "dmean": 1.98272943497,
        "dmean2": 3.23146653175,
        "dvar": 4.2819852829,
        "dvar2": 10.7299537659,
        "max": 18.3407993317,
        "mean": 5.56293058395,
        "median": 5.45121002197,
        "min": -0.483636856079,
        "var": 8.3356256485
    },
    "erbbands_skewness": {
        "dmean": 0.395878732204,
        "dmean2": 0.648255944252,
        "dvar": 0.116242691875,
        "dvar2": 0.303894370794,
        "max": -0.401558309793,
        "mean": -1.62032306194,
        "median": -1.578358531,
        "min": -3.36381793022,
        "var": 0.22771281004
    },
    "erbbands_spread": {
        "dmean": 3.9703643322,
        "dmean2": 6.33899641037,
        "dvar": 10.2315177917,
        "dvar2": 21.8409957886,
        "max": 41.6280975342,
        "mean": 15.0728206635,
        "median": 14.135181427,
        "min": 6.14416456223,
        "var": 30.6317462921
    },
    "hfc": {
        "dmean": 7.49810171127,
        "dmean2": 11.3506307602,
        "dvar": 52.4189109802,
        "dvar2": 124.674621582,
        "max": 85.4955062866,
        "mean": 32.4800720215,
        "median": 30.810508728,
        "min": 0.528022825718,
        "var": 131.652069092
    },
    "melbands_crest": {
        "dmean": 4.59993982315,
        "dmean2": 7.63095521927,
        "dvar": 13.8259906769,
        "dvar2": 35.7776832581,
        "max": 26.7311115265,
        "mean": 16.7266750336,
        "median": 16.7580757141,
        "min": 5.14282798767,
        "var": 27.2526187897
    },
    "melbands_flatness_db": {
        "dmean": 0.0284516420215,
        "dmean2": 0.0456414446235,
        "dvar": 0.000487133220304,
        "dvar2": 0.0012378700776,
        "max": 0.288303047419,
        "mean": 0.199793726206,
        "median": 0.198698282242,
        "min": 0.123608916998,
        "var": 0.00110166997183
    },
    "melbands_kurtosis": {
        "dmean": 2.41370844841,
        "dmean2": 4.14918994904,
        "dvar": 7.51566791534,
        "dvar2": 17.0234279633,
        "max": 19.1542549133,
        "mean": 1.30308437347,
        "median": 0.15499329567,
        "min": -1.70928215981,
        "var": 12.1630373001
    },
    "melbands_skewness": {
        "dmean": 0.765515387058,
        "dmean2": 1.2236521244,
        "dvar": 0.37288582325,
        "dvar2": 0.900134503841,
        "max": 4.34671068192,
        "mean": 1.37040579319,
        "median": 1.34367012978,
        "min": -0.978293180466,
        "var": 0.918084621429
    },
    "melbands_spread": {
        "dmean": 14.505188942,
        "dmean2": 24.3150901794,
        "dvar": 133.511199951,
        "dvar2": 294.67199707,
        "max": 100.605041504,
        "mean": 57.3365592957,
        "median": 59.1621170044,
        "min": 14.3283615112,
        "var": 292.493286133
    },
    "pitch_salience": {
        "dmean": 0.0745044201612,
        "dmean2": 0.121804215014,
        "dvar": 0.00324308080599,
        "dvar2": 0.00865860376507,
        "max": 0.747065007687,
        "mean": 0.473212867975,
        "median": 0.469905793667,
        "min": 0.257680177689,
        "var": 0.00693836715072
    },
    "silence_rate_20dB": {
        "dmean": 0,
        "dmean2": 0,
        "dvar": 0,
        "dvar2": 0,
        "max": 1,
        "mean": 1,
        "median": 1,
        "min": 1,
        "var": 0
    },
    "silence_rate_30dB": {
        "dmean": 0,
        "dmean2": 0,
        "dvar": 0,
        "dvar2": 0,
        "max": 1,
        "mean": 1,
        "median": 1,
        "min": 1,
        "var": 0
    },
    "silence_rate_60dB": {
        "dmean": 0,
        "dmean2": 0,
        "dvar": 0,
        "dvar2": 0,
        "max": 0,
        "mean": 0,
        "median": 0,
        "min": 0,
        "var": 0
    },
    "spectral_centroid": {
        "dmean": 128.162368774,
        "dmean2": 201.613418579,
        "dvar": 11657.2177734,
        "dvar2": 27790.6640625,
        "max": 2962.30810547,
        "mean": 2420.02270508,
        "median": 2428.37890625,
        "min": 1856.80078125,
        "var": 32773.6445312
    },
    "spectral_complexity": {
        "dmean": 4.11666679382,
        "dmean2": 6.61087846756,
        "dvar": 13.3280601501,
        "dvar2": 24.5389671326,
        "max": 43,
        "mean": 32.3112030029,
        "median": 32,
        "min": 1,
        "var": 25.7828350067
    },
    "spectral_decrease": {
        "dmean": 1.475736644e-09,
        "dmean2": 2.51884557656e-09,
        "dvar": 1.35777054999e-18,
        "dvar2": 3.55474416236e-18,
        "max": -8.04559058265e-11,
        "mean": -6.12258510557e-09,
        "median": -6.15291906314e-09,
        "min": -9.81576331327e-09,
        "var": 2.10592243022e-18
    },
    "spectral_energy": {
        "dmean": 0.00583756295964,
        "dmean2": 0.00990245398134,
        "dvar": 2.10965099541e-05,
        "dvar2": 5.50750810362e-05,
        "max": 0.0390939898789,
        "mean": 0.0260540768504,
        "median": 0.0261501893401,
        "min": 0.000351552909706,
        "var": 3.43902647728e-05
    },
    "spectral_energyband_high": {
        "dmean": 0.000119284472021,
        "dmean2": 0.000183224547072,
        "dvar": 1.18473755251e-08,
        "dvar2": 2.809775701e-08,
        "max": 0.00116128195077,
        "mean": 0.000443385099061,
        "median": 0.000418581737904,
        "min": 1.23338832054e-05,
        "var": 3.347862787e-08
    },
    "spectral_energyband_low": {
        "dmean": 0.00572358909994,
        "dmean2": 0.00957581680268,
        "dvar": 2.11748701986e-05,
        "dvar2": 5.76145685045e-05,
        "max": 0.0286487489939,
        "mean": 0.0106418421492,
        "median": 0.0100253820419,
        "min": 0.000122328463476,
        "var": 3.72752256226e-05
    },
    "spectral_energyband_middle_high": {
        "dmean": 0.00333704217337,
        "dmean2": 0.00511033274233,
        "dvar": 8.8336500994e-06,
        "dvar2": 1.98884645215e-05,
        "max": 0.0312783941627,
        "mean": 0.0129888821393,
        "median": 0.0127598615363,
        "min": 0.000194227308384,
        "var": 2.51017499977e-05
    },
    "spectral_energyband_middle_low": {
        "dmean": 0.0010418103775,
        "dmean2": 0.00172225211281,
        "dvar": 8.1611335645e-07,
        "dvar2": 2.3008867629e-06,
        "max": 0.00871694460511,
        "mean": 0.00221105874516,
        "median": 0.00194646918681,
        "min": 3.60351987183e-05,
        "var": 1.78608388524e-06
    },
    "spectral_entropy": {
        "dmean": 0.0697135180235,
        "dmean2": 0.107988849282,
        "dvar": 0.00287282606587,
        "dvar2": 0.00723630934954,
        "max": 7.97340679169,
        "mean": 7.52386760712,
        "median": 7.5254573822,
        "min": 7.18110656738,
        "var": 0.00868528522551
    },
    "spectral_flux": {
        "dmean": 0.019300384447,
        "dmean2": 0.0315041355789,
        "dvar": 0.000210860933294,
        "dvar2": 0.000540636188816,
        "max": 0.159677013755,
        "mean": 0.0913916230202,
        "median": 0.0883410945535,
        "min": 0.0516040809453,
        "var": 0.000378612516215
    },
    "spectral_kurtosis": {
        "dmean": 3.51025223732,
        "dmean2": 6.27442932129,
        "dvar": 7.87374544144,
        "dvar2": 23.9291648865,
        "max": 22.1473751068,
        "mean": 6.23072099686,
        "median": 5.55683994293,
        "min": 0.915026664734,
        "var": 12.1962404251
    },
    "spectral_rms": {
        "dmean": 0.000580460240599,
        "dmean2": 0.000980259734206,
        "dvar": 2.60940936414e-07,
        "dvar2": 6.06802132097e-07,
        "max": 0.00617579789832,
        "mean": 0.00500232866034,
        "median": 0.00505097815767,
        "min": 0.000585643632803,
        "var": 3.95316135382e-07
    },
    "spectral_rolloff": {
        "dmean": 249.515945435,
        "dmean2": 426.069000244,
        "dvar": 71615.484375,
        "dvar2": 169827.03125,
        "max": 3488.37890625,
        "mean": 2513.84448242,
        "median": 2540.91796875,
        "min": 624.462890625,
        "var": 125185.578125
    },
    "spectral_skewness": {
        "dmean": 0.326664716005,
        "dmean2": 0.572448909283,
        "dvar": 0.0809417590499,
        "dvar2": 0.201039507985,
        "max": 3.50541257858,
        "mean": 0.858636081219,
        "median": 0.822527885437,
        "min": 0.228609889746,
        "var": 0.132208406925
    },
    "spectral_spread": {
        "dmean": 152694,
        "dmean2": 245908.109375,
        "dvar": 36983697408,
        "dvar2": 59092439040,
        "max": 4716047,
        "mean": 2040840.75,
        "median": 2021930.125,
        "min": 1629178.25,
        "var": 54347579392
    },
    "spectral_strongpeak": {
        "dmean": 1.18873858452,
        "dmean2": 2.11014127731,
        "dvar": 3.88075232506,
        "dvar2": 9.8120098114,
        "max": 10.6558771133,
        "mean": 1.34323310852,
        "median": 0.405442684889,
        "min": 0.00885529629886,
        "var": 4.85902023315
    },
    "zerocrossingrate": {
        "dmean": 0.00895589217544,
        "dmean2": 0.0114286411554,
        "dvar": 5.38627027709e-05,
        "dvar2": 7.09606101736e-05,
        "max": 0.1064453125,
        "mean": 0.0742592737079,
        "median": 0.0751953125,
        "min": 0.0185546875,
        "var": 0.000221252805204
    },
    "barkbands": {
        "dmean": [2.7906799005e-05, 0.00390430167317, 0.00258181290701, 0.000292914919555, 0.000621500716079, 8.21399589768e-05, 0.000109295317088, 0.000176230314537, 0.000315767683787, 0.000177117239218, 0.000136161470436, 0.000259935855865, 0.000233414029935, 0.00165779632516, 0.00110681762453, 0.000917962228414, 0.00137383234687, 0.000625905930065, 0.000484278367367, 0.000142329983646, 8.49621210364e-05, 1.71959418367e-05, 7.85073893894e-07, 1.41966688716e-06, 3.59403173888e-07, 1.50478328464e-07, 7.48266959505e-09],
        "dmean2": [4.26137521572e-05, 0.00672024069354, 0.00430473126471, 0.00052423129091, 0.00109726795927, 0.000137752766022, 0.000188688703929, 0.000299183913739, 0.000521113339346, 0.000288401643047, 0.000235912695643, 0.000455568660982, 0.000369656801922, 0.00252333120443, 0.00193164683878, 0.00144661834929, 0.00224406202324, 0.000978927128017, 0.000809089746326, 0.000228055912885, 0.000140195450513, 2.87738257612e-05, 1.26978113713e-06, 2.323892204e-06, 5.91552122842e-07, 2.55577077724e-07, 1.0291442365e-08],
        "dvar": [3.86885457004e-09, 1.04064920379e-05, 4.45697060059e-06, 1.15035291515e-07, 5.40993653431e-07, 1.59108388686e-08, 2.680906519e-08, 4.07254887591e-08, 2.66060652621e-07, 3.03452516448e-08, 3.45945458946e-08, 1.97382661327e-07, 7.31571319079e-08, 2.68673670689e-06, 2.33826108342e-06, 1.64496054822e-06, 3.60093827112e-06, 4.68512382668e-07, 5.19442380664e-07, 1.76336936164e-08, 5.73548541993e-09, 3.24074433955e-10, 4.33141153153e-12, 5.90825869132e-12, 1.79040593115e-12, 5.25375533009e-13, 4.32762431169e-15],
        "dvar2": [5.25000487528e-09, 2.85761616396e-05, 1.15322736747e-05, 2.81713056438e-07, 1.51858409936e-06, 3.95890147331e-08, 7.16168386816e-08, 1.08149038169e-07, 7.46871933188e-07, 7.30113711711e-08, 9.76773435468e-08, 5.41973463442e-07, 1.81483798656e-07, 5.73413853999e-06, 6.35833384877e-06, 3.84056602343e-06, 1.04094251583e-05, 1.1696091633e-06, 1.32066156766e-06, 4.23802930527e-08, 1.33718760509e-08, 8.37516778152e-10, 9.48941966672e-12, 1.14727446293e-11, 3.57862480968e-12, 1.47681758315e-12, 4.66947156261e-15],
        "max": [0.0007738682325, 0.022498127073, 0.0147194564342, 0.00242575001903, 0.00564745627344, 0.000981591409072, 0.00144077348523, 0.00238737417385, 0.00538545195013, 0.0013310421491, 0.00154120312072, 0.0036205407232, 0.00230615399778, 0.0161729473621, 0.0120732625946, 0.0113453296944, 0.0205431953073, 0.00892041996121, 0.00947098992765, 0.00121387222316, 0.000790754158515, 0.000168095284607, 2.8364955142e-05, 3.13495875162e-05, 1.67078760569e-05, 8.62684191816e-06, 9.99013650471e-07],
        "mean": [4.85948985443e-05, 0.00674468325451, 0.00366124045104, 0.00034205801785, 0.000811353267636, 0.000105468512629, 0.000145766331116, 0.000257774372585, 0.000482572533656, 0.000302131520584, 0.000214506246266, 0.000316912832204, 0.000352300819941, 0.00255502597429, 0.00205666315742, 0.00153415335808, 0.00282642594539, 0.00145347381476, 0.00111512490548, 0.000421725737397, 0.000254440383287, 4.49792751169e-05, 1.89227546343e-06, 3.93468053517e-06, 6.88432294282e-07, 1.99772046017e-07, 1.41792719788e-08],
        "median": [2.29423967539e-05, 0.00626408308744, 0.00314227421768, 0.000189699363546, 0.00053706712788, 6.7020082497e-05, 9.20382444747e-05, 0.000175418535946, 0.000322895706631, 0.000225989177125, 0.000159380768309, 0.000190612583538, 0.000230201520026, 0.00190493336413, 0.00148727756459, 0.00116029719356, 0.0020575679373, 0.00109868322033, 0.000977310002781, 0.000401750614401, 0.000243760136073, 3.93705086026e-05, 1.68461747307e-06, 3.4325046272e-06, 4.55412020983e-07, 1.1108461706e-07, 7.04361902137e-09],
        "min": [2.63397453182e-07, 5.27426527697e-05, 4.2207986553e-05, 1.07250671135e-05, 3.67938196177e-06, 5.05633488501e-06, 3.31720048052e-06, 8.1554389908e-07, 7.25845495708e-07, 7.42380871088e-06, 6.70455074214e-06, 3.94250901081e-06, 4.50314973932e-06, 1.0862486306e-05, 1.32316290546e-05, 5.19355962751e-05, 6.65229235892e-05, 7.95051528257e-06, 1.30683438329e-05, 1.16141582112e-05, 5.68532004763e-06, 1.37247127441e-06, 3.99447031896e-07, 3.85427682659e-07, 1.15053047978e-07, 3.55334748292e-08, 2.54520560183e-09],
        "var": [5.86127102409e-09, 1.74576307472e-05, 7.47086323827e-06, 1.39391346465e-07, 7.25771997168e-07, 1.6396780822e-08, 3.12039247774e-08, 7.76100108624e-08, 3.6892814137e-07, 5.40114157843e-08, 3.9519580497e-08, 1.63841917811e-07, 1.32771987182e-07, 5.80930372962e-06, 3.32751415044e-06, 1.80540985184e-06, 5.67564802623e-06, 1.26991619709e-06, 5.78249512273e-07, 3.83249947333e-08, 1.20868977049e-08, 5.12145603704e-10, 4.47556748606e-12, 8.21982672899e-12, 1.89494427094e-12, 3.23374871802e-13, 4.5601009744e-15]
    },
    "erbbands": {
        "dmean": [0.0531897135079, 1.08505702019, 3.49762511253, 0.999634027481, 1.99278640747, 1.80535888672, 0.789295196533, 0.522466659546, 0.514563202858, 3.32163739204, 6.40419435501, 5.08244848251, 5.75369739532, 3.75479960442, 6.96048545837, 9.79515457153, 6.00837373734, 40.7108917236, 85.0043182373, 47.408744812, 43.9603614807, 89.8811264038, 33.6658782959, 30.9428272247, 15.4481773376, 6.20382881165, 3.62009477615, 2.65694952011, 0.75792068243, 0.0983550474048, 0.0245403759181, 0.0379086062312, 0.01772499457, 0.00679173506796, 0.000768014404457, 0.000749983591959, 0.000249832490226, 1.02664089354e-05, 3.9846618165e-06, 6.7587598096e-06],
        "dmean2": [0.0922450572252, 1.84549486637, 5.81911420822, 1.6589165926, 3.4451854229, 3.22364211082, 1.30720734596, 0.89277279377, 0.894694566727, 5.60156393051, 10.2859144211, 8.30097007751, 9.63215446472, 6.12060642242, 12.2587089539, 16.9403114319, 9.62352561951, 63.858795166, 132.813690186, 76.8863525391, 70.697227478, 147.910110474, 53.1309776306, 52.4901695251, 24.8759403229, 10.1238508224, 5.65275430679, 4.34286499023, 1.2449606657, 0.152687773108, 0.0397579446435, 0.0608644038439, 0.0287108290941, 0.0111090941355, 0.00122803053819, 0.00125489442144, 0.000425883103162, 1.55814996106e-05, 6.3377724473e-06, 1.14595859486e-05],
        "dvar": [0.00281319394708, 0.814440488815, 8.07748889923, 1.15533196926, 5.4525885582, 3.7076792717, 1.54240489006, 0.661685168743, 0.359276205301, 22.0392723083, 116.431930542, 48.2906227112, 42.0206069946, 15.2701759338, 103.740470886, 263.090515137, 40.157585144, 1879.11096191, 7944.80664062, 3519.62231445, 3877.78564453, 16089.1943359, 1096.68908691, 3211.65209961, 231.080429077, 33.7416496277, 9.05688858032, 5.34512996674, 0.586108028889, 0.0123551627621, 0.00350302108563, 0.0038985433057, 0.0015713624889, 0.000576562306378, 7.19401987226e-06, 8.97780682863e-06, 1.753659717e-06, 2.22511808978e-09, 8.26140336696e-11, 3.03541670965e-11],
        "dvar2": [0.00789931137115, 2.20051145554, 20.9066734314, 2.93627929688, 14.9938306808, 10.5263404846, 3.99059581757, 1.51042628288, 0.972610890865, 61.0245323181, 321.230895996, 126.412216187, 117.235359192, 34.6869239807, 292.794189453, 718.915710449, 94.9894104004, 4546.80908203, 20495.7890625, 7139.36181641, 10584.0976562, 46299.4375, 2592.640625, 8314.36914062, 572.331665039, 72.1030044556, 23.6296825409, 13.2622346878, 1.54619038105, 0.0267501547933, 0.00727386260405, 0.00947045627981, 0.00299139856361, 0.00114387099165, 1.39789162859e-05, 2.48168144026e-05, 4.88644991492e-06, 3.00415003984e-09, 1.0584601251e-10, 7.86448892121e-11],
        "max": [0.344292104244, 6.05422925949, 17.3137054443, 11.1953172684, 16.8066043854, 14.4681053162, 9.75769710541, 8.0019903183, 4.82054424286, 36.1420783997, 131.698883057, 82.0094451904, 59.2815093994, 28.6712265015, 79.2479629517, 119.799674988, 47.2332572937, 392.155517578, 817.364624023, 626.376586914, 567.650390625, 1373.52734375, 441.920257568, 742.762756348, 158.053939819, 53.6889953613, 32.5793800354, 22.4863071442, 7.47360229492, 1.42277598381, 0.79747313261, 0.835775077343, 0.495868444443, 0.298394560814, 0.0315423682332, 0.0360842943192, 0.0159128978848, 0.000608576112427, 0.000149867046275, 5.36853622179e-05],
        "mean": [0.0806311368942, 1.85655403137, 5.43971061707, 1.66628730297, 2.66811656952, 2.23215222359, 1.01463890076, 0.720826983452, 0.827206075191, 4.35241889954, 9.19318389893, 8.43681049347, 9.49741840363, 7.16903162003, 10.8849143982, 12.5368518829, 12.1558704376, 71.3588180542, 166.604736328, 89.1947937012, 84.7572097778, 184.271759033, 90.6817703247, 64.3296356201, 42.087184906, 19.9497089386, 11.0771160126, 7.50019073486, 2.06089234352, 0.28876209259, 0.0687125697732, 0.104389972985, 0.0427978858352, 0.0141337905079, 0.00158774480224, 0.00113169569522, 0.000315304525429, 2.06702243304e-05, 1.85665594472e-05, 3.33182615577e-05],
        "median": [0.0634814202785, 1.78065896034, 4.64420890808, 1.34266066551, 1.82830858231, 1.62584865093, 0.617776989937, 0.486846387386, 0.616363704205, 2.82641625404, 5.81693029404, 5.81144809723, 7.4762878418, 6.07839632034, 8.17183017731, 8.07440280914, 9.51938343048, 59.7044792175, 127.065559387, 75.5558395386, 67.359916687, 135.149688721, 76.0085372925, 57.2717475891, 38.8001174927, 18.8799781799, 10.0956411362, 6.95291090012, 1.83278131485, 0.26639187336, 0.060975279659, 0.0916899815202, 0.0346517674625, 0.00997682940215, 0.00105545902625, 0.000699805095792, 0.00016440069885, 1.27410694404e-05, 1.76417561306e-05, 3.3221916965e-05],
        "min": [0.00118545815349, 0.0133314076811, 0.0538804642856, 0.0745301991701, 0.0342387706041, 0.00760640017688, 0.0180599987507, 0.0522358976305, 0.0576150678098, 0.0444707870483, 0.0104131521657, 0.0172621123493, 0.11748046428, 0.271223425865, 0.268091887236, 0.191325709224, 0.221495911479, 0.338247656822, 0.532261371613, 1.63838756084, 3.18490505219, 3.96794056892, 0.815131664276, 0.523902654648, 0.693115055561, 0.503089368343, 0.245121076703, 0.184326902032, 0.0666211694479, 0.0221037883312, 0.0106779905036, 0.0104797501117, 0.00492119742557, 0.00274300388992, 0.000335275137331, 0.000241350382566, 5.46934279555e-05, 4.75627894048e-06, 8.28299471323e-06, 3.95707093048e-06],
        "var": [0.00389975425787, 1.39393520355, 13.885228157, 1.6018576622, 7.71394491196, 4.46790361404, 1.52249062061, 0.83555495739, 0.476596653461, 26.460231781, 184.905975342, 86.3934326172, 60.2552986145, 25.9959411621, 101.646324158, 231.27204895, 78.2113113403, 3132.83789062, 18266.4179688, 4640.40820312, 3803.82177734, 24830.921875, 3480.8527832, 2996.8527832, 417.335845947, 78.3550872803, 21.7500209808, 11.4965429306, 1.01156365871, 0.0224626660347, 0.00392426177859, 0.00465176720172, 0.00194520899095, 0.000623119529337, 7.84548683441e-06, 5.89233377468e-06, 1.09356687972e-06, 2.3577642061e-09, 9.42604119758e-11, 5.13011438885e-11]
    },
    "gfcc": {
        "mean": [-19.8559684753, 125.000099182, -186.999069214, 72.6991195679, -9.34466457367, 4.84355115891, -11.7057600021, 8.71448326111, -5.47583293915, -5.80721282959, -15.8772964478, -21.7951927185, -2.08657097816],
        "cov": [[299.455566406, -10.3476524353, -65.1980895996, -23.5705127716, -31.686372757, -2.43165659904, -49.1733551025, -15.175201416, -26.9555492401, 7.90749931335, -1.41203916073, -6.16944265366, -4.89861869812], [-10.3476524353, 187.394561768, 33.2057266235, 0.0272074379027, -6.61689949036, -19.4938049316, 45.5548057556, -0.551392555237, 33.0357818604, -16.2572307587, 3.39970326424, -29.0766601562, 9.66053199768], [-65.1980895996, 33.2057266235, 95.0774307251, 26.4045944214, 26.1535224915, 3.32444119453, 11.3374414444, 10.5544338226, -0.546324431896, 1.61711299419, 0.57673317194, 10.2680273056, 3.40135097504], [-23.5705127716, 0.0272074379027, 26.4045944214, 80.0422134399, 37.2426490784, 11.3297185898, 21.8758411407, -12.8014335632, -5.50682783127, -16.4226493835, 5.12822532654, -1.68160820007, 5.14828968048], [-31.686372757, -6.61689949036, 26.1535224915, 37.2426490784, 71.9241714478, 35.0522994995, 8.69920730591, -11.2744865417, -5.52896022797, -2.43354249001, 2.26130032539, 2.77827048302, 3.93855690956], [-2.43165659904, -19.4938049316, 3.32444119453, 11.3297185898, 35.0522994995, 56.4596366882, 22.9992790222, -5.8421087265, -14.2104597092, 4.03572940826, 7.40436697006, 2.48564100266, -0.235716208816], [-49.1733551025, 45.5548057556, 11.3374414444, 21.8758411407, 8.69920730591, 22.9992790222, 74.6238098145, 23.1765499115, 14.5399990082, -12.3450908661, 7.13676691055, -6.16937589645, -1.2666400671], [-15.175201416, -0.551392555237, 10.5544338226, -12.8014335632, -11.2744865417, -5.8421087265, 23.1765499115, 56.9205245972, 30.0601177216, 5.73227548599, -4.69632673264, 0.00190200807992, -8.10295391083], [-26.9555492401, 33.0357818604, -0.546324431896, -5.50682783127, -5.52896022797, -14.2104597092, 14.5399990082, 30.0601177216, 62.07579422, 22.1365604401, 0.902654051781, -17.8648090363, -6.97887325287], [7.90749931335, -16.2572307587, 1.61711299419, -16.4226493835, -2.43354249001, 4.03572940826, -12.3450908661, 5.73227548599, 22.1365604401, 53.455242157, 20.1344947815, 0.566572844982, -6.22538661957], [-1.41203916073, 3.39970326424, 0.57673317194, 5.12822532654, 2.26130032539, 7.40436697006, 7.13676691055, -4.69632673264, 0.902654051781, 20.1344947815, 34.3740692139, 16.8864269257, 1.74592638016], [-6.16944265366, -29.0766601562, 10.2680273056, -1.68160820007, 2.77827048302, 2.48564100266, -6.16937589645, 0.00190200807992, -17.8648090363, 0.566572844982, 16.8864269257, 45.9282569885, 16.6277351379], [-4.89861869812, 9.66053199768, 3.40135097504, 5.14828968048, 3.93855690956, -0.235716208816, -1.2666400671, -8.10295391083, -6.97887325287, -6.22538661957, 1.74592638016, 16.6277351379, 30.8792381287]],
        "icov": [[0.00710957031697, -0.007718144916, 0.00899539235979, -0.00786710064858, 0.00428405450657, -0.00732219079509, 0.0110346488655, -0.00854981597513, 0.0082735773176, -0.00704904273152, 0.00612409319729, -0.00512569863349, 0.00433258991688], [-0.007718144916, 0.0272338017821, -0.0216702707112, 0.0223800800741, -0.00718741398305, 0.0180449821055, -0.0239464323968, 0.0202163942158, -0.0188746936619, 0.0231761522591, -0.0271288864315, 0.0271058883518, -0.0183669608086], [0.00899539235979, -0.0216702707112, 0.0334420241416, -0.0224691182375, 0.000664179737214, -0.00946984626353, 0.0175228063017, -0.0214759297669, 0.0212771389633, -0.0255274605006, 0.0263277366757, -0.0243059117347, 0.0144572034478], [-0.00786710064858, 0.0223800800741, -0.0224691182375, 0.0417233854532, -0.0181781500578, 0.0216124411672, -0.0267232265323, 0.0221842415631, -0.0161753371358, 0.0264759790152, -0.0305644553155, 0.0265649110079, -0.0164166726172], [0.00428405450657, -0.00718741398305, 0.000664179737214, -0.0181781500578, 0.0360103175044, -0.030144456774, 0.0172442700714, -0.00206729420461, -0.00469305366278, -0.00122515577823, 0.00936016440392, -0.00999997928739, 0.00477537373081], [-0.00732219079509, 0.0180449821055, -0.00946984626353, 0.0216124411672, -0.030144456774, 0.0587869621813, -0.0392162241042, 0.0149987749755, 0.00674850819632, -0.00244546774775, -0.0126198697835, 0.0178620237857, -0.0106189139187], [0.0110346488655, -0.0239464323968, 0.0175228063017, -0.0267232265323, 0.0172442700714, -0.0392162241042, 0.058904517442, -0.0342116542161, 0.00853081513196, 0.000871879863553, 0.000706458173227, -0.0102607263252, 0.0102963652462], [-0.00854981597513, 0.0202163942158, -0.0214759297669, 0.0221842415631, -0.00206729420461, 0.0149987749755, -0.0342116542161, 0.0561393834651, -0.0339724905789, 0.0139544866979, -0.000150311083416, -0.00160554703325, 0.000700563774444], [0.0082735773176, -0.0188746936619, 0.0212771389633, -0.0161753371358, -0.00469305366278, 0.00674850819632, 0.00853081513196, -0.0339724905789, 0.0576720125973, -0.0374463312328, 0.0168830193579, 6.29823625786e-05, 0.00415229005739], [-0.00704904273152, 0.0231761522591, -0.0255274605006, 0.0264759790152, -0.00122515577823, -0.00244546774775, 0.000871879863553, 0.0139544866979, -0.0374463312328, 0.0702596753836, -0.059042301029, 0.0322334989905, -0.0144531745464], [0.00612409319729, -0.0271288864315, 0.0263277366757, -0.0305644553155, 0.00936016440392, -0.0126198697835, 0.000706458173227, -0.000150311083416, 0.0168830193579, -0.059042301029, 0.102516889572, -0.0649209991097, 0.0314284302294], [-0.00512569863349, 0.0271058883518, -0.0243059117347, 0.0265649110079, -0.00999997928739, 0.0178620237857, -0.0102607263252, -0.00160554703325, 6.29823625786e-05, 0.0322334989905, -0.0649209991097, 0.0826203748584, -0.0447810404003], [0.00433258991688, -0.0183669608086, 0.0144572034478, -0.0164166726172, 0.00477537373081, -0.0106189139187, 0.0102963652462, 0.000700563774444, 0.00415229005739, -0.0144531745464, 0.0314284302294, -0.0447810404003, 0.0602393969893]]
    },
    "melbands": {
        "dmean": [0.000762546376791, 0.0016717647668, 0.000186153454706, 0.000162052179803, 2.81511456706e-05, 1.22549472508e-05, 1.18497036965e-05, 3.36728408001e-05, 6.73441682011e-05, 3.0209443139e-05, 3.00725987472e-05, 1.74402357516e-05, 2.23387414735e-05, 3.5392378777e-05, 1.06070965558e-05, 3.19982391375e-05, 9.11970710149e-05, 0.00017162685981, 6.80384764564e-05, 6.73236354487e-05, 5.58900792385e-05, 9.87002495094e-05, 6.15884055151e-05, 2.30330952036e-05, 2.84586985799e-05, 1.56684145622e-05, 8.44669193611e-06, 3.77504284188e-06, 2.01094985641e-06, 3.44099976246e-06, 1.1546337646e-06, 5.28869293248e-07, 1.84233243772e-07, 1.99613499063e-08, 1.32522428586e-08, 2.1599761979e-08, 2.5770956924e-08, 1.49211292211e-08, 9.11467168407e-09, 5.16681897267e-09],
        "dmean2": [0.00132823572494, 0.00278261397034, 0.000302637810819, 0.000287854956696, 4.79319169244e-05, 2.07122611755e-05, 2.03734725801e-05, 5.71220989514e-05, 0.000108892469143, 5.01633221575e-05, 5.04276686115e-05, 2.86925751425e-05, 3.86321735277e-05, 6.32161682006e-05, 1.66774079844e-05, 5.17498228874e-05, 0.000142854929436, 0.000256972241914, 0.000114400492748, 0.000108050109702, 9.08944421099e-05, 0.000163284508744, 9.82164710877e-05, 3.68288456229e-05, 4.8700338084e-05, 2.52084864769e-05, 1.38473005791e-05, 5.99134227741e-06, 3.17472904499e-06, 5.78645312999e-06, 1.89875606793e-06, 8.95503376341e-07, 3.0080471447e-07, 3.34510090738e-08, 2.21770086739e-08, 3.51692754919e-08, 4.26927293518e-08, 2.43137527889e-08, 1.47603804734e-08, 8.26151502764e-09],
        "dvar": [4.07906441069e-07, 1.85990336377e-06, 2.98532363274e-08, 3.75201132385e-08, 1.34064004342e-09, 3.42877309878e-10, 2.30290966852e-10, 2.14851447744e-09, 1.39902764928e-08, 1.64107594181e-09, 1.09963904649e-09, 3.23993776252e-10, 9.03022934207e-10, 4.23643387037e-09, 1.14241775762e-10, 1.33261546242e-09, 9.60898738356e-09, 2.62939359175e-08, 8.33745428253e-09, 9.87696857635e-09, 4.96546359585e-09, 1.73910965628e-08, 4.41526681882e-09, 8.4150925117e-10, 2.87181878278e-09, 2.18435089461e-10, 5.58874439782e-11, 1.29606299651e-11, 2.99390308552e-12, 1.0839837708e-11, 1.01436979476e-12, 3.05585716237e-13, 3.27279334547e-14, 1.17409703802e-15, 1.27922462645e-15, 1.19442000541e-15, 1.9281656841e-15, 7.6018808854e-16, 1.00917569979e-15, 3.00353250885e-16],
        "dvar2": [1.15828606795e-06, 4.91035871164e-06, 7.92433922925e-08, 1.0493216962e-07, 3.46865292045e-09, 8.06846645052e-10, 6.21264761858e-10, 5.84120396496e-09, 3.83944112059e-08, 4.4052543835e-09, 3.04121061667e-09, 7.56989859685e-10, 2.61956878411e-09, 1.14706422139e-08, 2.75181488707e-10, 3.37063732481e-09, 2.15192006436e-08, 6.38699191313e-08, 2.10885566787e-08, 2.1745080403e-08, 1.4199110332e-08, 4.97574781377e-08, 1.18498872936e-08, 2.23818408251e-09, 7.36893612796e-09, 5.60614166201e-10, 1.42917858104e-10, 3.24663664009e-11, 8.65516252418e-12, 2.8544725611e-11, 2.61292680201e-12, 8.12818454037e-13, 7.8873824247e-14, 2.38423681026e-15, 2.64766257455e-15, 2.72819952597e-15, 4.95094823428e-15, 1.42601088341e-15, 2.0155767314e-15, 6.449308331e-16],
        "max": [0.00452978070825, 0.00822280533612, 0.00179636711255, 0.00147790845949, 0.000284797919448, 0.000169348160853, 0.000133253110107, 0.00034386527841, 0.00140585110057, 0.000425027799793, 0.000295189092867, 0.000125419217511, 0.000249124190304, 0.000532060454134, 9.90239277598e-05, 0.000243059344939, 0.000982966390438, 0.0015207080869, 0.000870977935847, 0.000980743556283, 0.000524931354448, 0.00137079041451, 0.000639230827801, 0.000342490093317, 0.000697749841493, 0.000136568836751, 6.20663995505e-05, 3.06152287521e-05, 1.60506151587e-05, 2.91126216325e-05, 9.03468753677e-06, 4.86795124743e-06, 1.76307639776e-06, 4.53489690244e-07, 4.77811511246e-07, 4.50398800922e-07, 5.62670891213e-07, 3.31043651158e-07, 4.01452865617e-07, 2.2579328629e-07],
        "mean": [0.00127505732235, 0.00285386410542, 0.000338814163115, 0.000209114092286, 3.83591504942e-05, 1.65483033925e-05, 1.71390911419e-05, 4.3872059905e-05, 9.1586378403e-05, 5.01535978401e-05, 4.87857905682e-05, 3.04982731905e-05, 3.38026766258e-05, 3.79749108106e-05, 1.95383036043e-05, 4.69293445349e-05, 0.000148734019604, 0.000316148769343, 0.000126338331029, 0.000100093988294, 9.38145603868e-05, 0.000187446916243, 0.000142087228596, 4.97210712638e-05, 5.33154670848e-05, 3.62084028893e-05, 2.27348209592e-05, 1.05684521259e-05, 5.28694999957e-06, 8.46081911732e-06, 2.91076503345e-06, 1.26388397348e-06, 4.43464188038e-07, 4.67587852881e-08, 2.84968155739e-08, 5.72952600919e-08, 6.47013465027e-08, 3.30295222284e-08, 1.85724786661e-08, 9.27447008081e-09],
        "median": [0.00116515136324, 0.00258049299009, 0.000283585017314, 0.000141438256833, 2.67095001618e-05, 1.11181461762e-05, 1.18475691124e-05, 2.76687169389e-05, 5.38860549568e-05, 3.69781519112e-05, 3.83087099181e-05, 2.42087589868e-05, 2.52725367318e-05, 2.0275812858e-05, 1.41638029163e-05, 3.026936065e-05, 0.000121318204037, 0.000236623629462, 0.000101470206573, 7.11567990948e-05, 7.32917033019e-05, 0.000128649015096, 0.000118983938592, 4.16555267293e-05, 4.54708533653e-05, 3.30731309077e-05, 2.10945454455e-05, 9.54951610765e-06, 4.85629834657e-06, 7.80089976615e-06, 2.72761553788e-06, 1.09946984139e-06, 4.04322122449e-07, 4.06126048347e-08, 2.41869262396e-08, 5.11465927389e-08, 5.67935565243e-08, 2.68731490394e-08, 1.32394895047e-08, 6.2882032914e-09],
        "min": [1.2894770407e-05, 2.5365547117e-05, 1.19621863632e-05, 1.22888718579e-06, 5.21331855907e-07, 1.00040858797e-06, 8.65133017669e-07, 4.20187291184e-07, 5.9559098986e-08, 1.11324219176e-07, 6.41301255655e-07, 1.13331202556e-06, 9.46731745444e-07, 4.66846671543e-07, 5.9440219502e-07, 3.39615667144e-07, 7.46472778701e-07, 9.49648892856e-07, 1.14750218927e-06, 3.1112126635e-06, 3.71426108359e-06, 4.44244278697e-06, 1.57348222274e-06, 3.0987075661e-07, 4.21288461894e-07, 5.7223502381e-07, 5.1512142818e-07, 2.68259782388e-07, 1.4663139325e-07, 1.38043731113e-07, 8.99819880829e-08, 3.81701426022e-08, 1.93589038133e-08, 8.91498519451e-09, 5.64570967754e-09, 7.25588833461e-09, 5.43777600726e-09, 3.50206752486e-09, 2.46511455693e-09, 1.17347553896e-09],
        "var": [6.39285929083e-07, 3.2470768474e-06, 4.62672780088e-08, 4.86802420596e-08, 1.45149070541e-09, 4.07780281764e-10, 2.8576160882e-10, 2.60386312512e-09, 2.11178381448e-08, 2.7420152815e-09, 1.63763869132e-09, 5.53317669461e-10, 9.95752147404e-10, 3.18211212935e-09, 2.97635388558e-10, 2.15868012354e-09, 1.72041740854e-08, 7.14637096166e-08, 9.37247079946e-09, 1.08468256599e-08, 5.53686607674e-09, 2.94284934199e-08, 1.07447002407e-08, 1.52209866933e-09, 2.59513233125e-09, 3.83871101572e-10, 1.08514447428e-10, 2.87333282167e-11, 5.76822400608e-12, 1.79836128628e-11, 1.91479514536e-12, 4.58814681126e-13, 5.56671475951e-14, 1.50498389436e-15, 1.36568202053e-15, 1.46108948237e-15, 2.05107694101e-15, 1.0038638503e-15, 1.07961072452e-15, 3.0250119409e-16]
    },
    "mfcc": {
        "mean": [-635.411071777, 131.369522095, -78.4911727905, 64.9276199341, 19.2645149231, 15.6562700272, 12.8057012558, 7.83433103561, 22.1014957428, 13.2747430801, 6.07888031006, 4.04689359665, -15.8710432053],
        "cov": [[360.073791504, -28.3486938477, -55.6068115234, -41.2248306274, -14.5312395096, -17.2101821899, -14.3222208023, -35.425945282, -31.3479404449, -12.4480829239, 14.172211647, -18.9202327728, -37.1010627747], [-28.3486938477, 167.093200684, 31.556432724, 0.31469103694, -24.9332103729, -14.3670358658, -5.91972780228, 3.34226846695, 19.4564495087, 19.6870288849, 5.04111433029, 7.09409952164, -1.90706586838], [-55.6068115234, 31.556432724, 61.8128623962, 25.8425693512, 1.09403574467, -2.87465405464, 5.08224010468, 8.8631772995, 3.80629754066, 3.51597046852, -2.33045458794, -1.92299211025, 9.10433959961], [-41.2248306274, 0.31469103694, 25.8425693512, 75.3261184692, 18.5020980835, 13.2465009689, 9.05083084106, 16.034570694, 7.82630634308, -3.19192290306, -11.7480974197, 6.39296293259, 13.7496013641], [-14.5312395096, -24.9332103729, 1.09403574467, 18.5020980835, 64.4607543945, 31.8769702911, 7.31849861145, -6.02766227722, -3.48820757866, -4.63089084625, -6.01170063019, -8.40544986725, -0.982878804207], [-17.2101821899, -14.3670358658, -2.87465405464, 13.2465009689, 31.8769702911, 72.1426620483, 40.2178535461, 1.26308453083, -8.67679691315, -5.57155179977, -6.24503564835, -3.69244027138, 4.55700397491], [-14.3222208023, -5.91972780228, 5.08224010468, 9.05083084106, 7.31849861145, 40.2178535461, 63.6907577515, 27.8801021576, -2.17575573921, -10.9687519073, -6.97810077667, -1.01002156734, 7.01000547409], [-35.425945282, 3.34226846695, 8.8631772995, 16.034570694, -6.02766227722, 1.26308453083, 27.8801021576, 56.8291282654, 24.0301208496, -7.5487985611, -10.0952272415, 11.0561027527, 10.4209413528], [-31.3479404449, 19.4564495087, 3.80629754066, 7.82630634308, -3.48820757866, -8.67679691315, -2.17575573921, 24.0301208496, 47.9663581848, 20.0143814087, 5.44810533524, 10.3822183609, 1.41218066216], [-12.4480829239, 19.6870288849, 3.51597046852, -3.19192290306, -4.63089084625, -5.57155179977, -10.9687519073, -7.5487985611, 20.0143814087, 49.6399002075, 29.625459671, 0.291344076395, -11.0902118683], [14.172211647, 5.04111433029, -2.33045458794, -11.7480974197, -6.01170063019, -6.24503564835, -6.97810077667, -10.0952272415, 5.44810533524, 29.625459671, 48.6008262634, 14.0563373566, -11.8550262451], [-18.9202327728, 7.09409952164, -1.92299211025, 6.39296293259, -8.40544986725, -3.69244027138, -1.01002156734, 11.0561027527, 10.3822183609, 0.291344076395, 14.0563373566, 50.971408844, 30.1412124634], [-37.1010627747, -1.90706586838, 9.10433959961, 13.7496013641, -0.982878804207, 4.55700397491, 7.01000547409, 10.4209413528, 1.41218066216, -11.0902118683, -11.8550262451, 30.1412124634, 68.359046936]],
