{
"lowlevel": {
    "average_loudness": 0.989556193352,
    "barkbands_crest": {
        "dmean": 3.55651736259,
        "dmean2": 6.53052663803,
        "dvar": 4.98916769028,
        "dvar2": 18.8675670624,
        "max": 14.6479129791,
        "mean": 8.13866424561,
        "median": 8.09753131866,
        "min": 3.97883939743,
        "var": 6.93800735474
    },
    "barkbands_flatness_db": {
        "dmean": 0.0153738576919,
        "dmean2": 0.0275810211897,
        "dvar": 0.000142550779856,
        "dvar2": 0.000354804098606,
        "max": 0.190322548151,
        "mean": 0.147964119911,
        "median": 0.147844448686,
        "min": 0.0869347527623,
        "var": 0.000228593897191
    },
    "barkbands_kurtosis": {
        "dmean": 0.439172744751,
        "dmean2": 0.81095713377,
        "dvar": 0.171027809381,
        "dvar2": 0.495909959078,
        "max": 0.622627019882,
        "mean": -1.38011837006,
        "median": -1.52028048038,
        "min": -1.82938981056,
        "var": 0.191777035594
    },
    "barkbands_skewness": {
        "dmean": 0.503049015999,
        "dmean2": 0.906058728695,
        "dvar": 0.103489801288,
        "dvar2": 0.333998352289,
        "max": 1.50688230991,
        "mean": 0.124442145228,
        "median": 0.0822478160262,
        "min": -1.36275446415,
        "var": 0.310760617256
    },
    "barkbands_spread": {
        "dmean": 6.10069036484,
        "dmean2": 11.0257158279,
        "dvar": 17.9685173035,
        "dvar2": 57.5757293701,
        "max": 58.6697387695,
        "mean": 48.1772994995,
        "median": 48.2810592651,
        "min": 29.3891639709,
        "var": 30.2527389526
    },
    "dissonance": {
        "dmean": 0.0049107298255,
        "dmean2": 0.00846945028752,
        "dvar": 2.82973978756e-05,
        "dvar2": 5.64507390663e-05,
        "max": 0.499690592289,
        "mean": 0.49343585968,
        "median": 0.494277566671,
        "min": 0.447459250689,
        "var": 3.48535540979e-05
    },
    "dynamic_complexity": 0.792543292046,
    "erbbands_crest": {
        "dmean": 1.91058325768,
        "dmean2": 3.32500386238,
        "dvar": 2.65134215355,
        "dvar2": 7.36777067184,
        "max": 15.0060777664,
        "mean": 7.84048843384,
        "median": 7.69746875763,
        "min": 4.73737096786,
        "var": 3.28644752502
    },
    "erbbands_flatness_db": {
        "dmean": 0.0116628920659,
        "dmean2": 0.0204768329859,
        "dvar": 7.36369838705e-05,
        "dvar2": 0.000197732413653,
        "max": 0.264655947685,
        "mean": 0.229721128941,
        "median": 0.232974693179,
        "min": 0.189391389489,
        "var": 0.000215394014958
    },
    "erbbands_kurtosis": {
        "dmean": 1.50710809231,
        "dmean2": 2.7167134285,
        "dvar": 1.25707006454,
        "dvar2": 4.13213014603,
        "max": 9.05603122711,
        "mean": 3.99237251282,
        "median": 3.67631721497,
        "min": 1.05334615707,
        "var": 2.99097299576
    },
    "erbbands_skewness": {
        "dmean": 0.248442322016,
        "dmean2": 0.457370102406,
        "dvar": 0.0362433120608,
        "dvar2": 0.113445527852,
        "max": -1.06401491165,
        "mean": -1.63918423653,
        "median": -1.61664390564,
        "min": -2.36719465256,
        "var": 0.0914743095636
    },
    "erbbands_spread": {
        "dmean": 3.60602331161,
        "dmean2": 6.29164648056,
        "dvar": 11.0414924622,
        "dvar2": 32.5325546265,
        "max": 37.5732688904,
        "mean": 19.2978916168,
        "median": 18.1249809265,
        "min": 9.11066818237,
        "var": 29.0795955658
    },
    "hfc": {
        "dmean": 5.33041191101,
        "dmean2": 8.14437866211,
        "dvar": 34.9280738831,
        "dvar2": 63.9613952637,
        "max": 59.6750717163,
        "mean": 30.1058311462,
        "median": 28.0076332092,
        "min": 1.09510242939,
        "var": 117.027061462
    },
    "melbands_crest": {
        "dmean": 3.37785291672,
        "dmean2": 5.90226888657,
        "dvar": 5.93717098236,
        "dvar2": 18.3512763977,
        "max": 22.7789363861,
        "mean": 14.3031215668,
        "median": 14.2583427429,
        "min": 5.54466772079,
        "var": 11.6684741974
    },
    "melbands_flatness_db": {
        "dmean": 0.026265008375,
        "dmean2": 0.0484570153058,
        "dvar": 0.000288025097689,
        "dvar2": 0.00082838331582,
        "max": 0.245070248842,
        "mean": 0.178699687123,
        "median": 0.176429077983,
        "min": 0.132406339049,
        "var": 0.000722865515854
    },
    "melbands_kurtosis": {
        "dmean": 2.38905382156,
        "dmean2": 4.31932687759,
        "dvar": 3.84744763374,
        "dvar2": 11.6589031219,
        "max": 12.6653966904,
        "mean": 1.72109472752,
        "median": 0.829598426819,
        "min": -1.63354814053,
        "var": 8.13606548309
    },
    "melbands_skewness": {
        "dmean": 0.689905405045,
        "dmean2": 1.24123394489,
        "dvar": 0.189179673791,
        "dvar2": 0.613604545593,
        "max": 3.61943364143,
        "mean": 1.61530864239,
        "median": 1.54745090008,
        "min": -0.136028289795,
        "var": 0.566923856735
    },
    "melbands_spread": {
        "dmean": 16.2032928467,
        "dmean2": 29.4939689636,
        "dvar": 122.528709412,
        "dvar2": 390.733673096,
        "max": 95.2036972046,
        "mean": 62.4017105103,
        "median": 63.7263031006,
        "min": 22.698890686,
        "var": 360.305877686
    },
    "pitch_salience": {
        "dmean": 0.0861560329795,
        "dmean2": 0.153584316373,
        "dvar": 0.00343150645494,
        "dvar2": 0.0107656074688,
        "max": 0.746995091438,
        "mean": 0.547648489475,
        "median": 0.543980419636,
        "min": 0.356215387583,
        "var": 0.00558555778116
    },
    "silence_rate_20dB": {
        "dmean": 0,
        "dmean2": 0,
        "dvar": 0,
        "dvar2": 0,
        "max": 1,
        "mean": 1,
        "median": 1,
        "min": 1,
        "var": 0
    },
    "silence_rate_30dB": {
        "dmean": 0,
        "dmean2": 0,
        "dvar": 0,
        "dvar2": 0,
        "max": 1,
        "mean": 1,
        "median": 1,
        "min": 1,
        "var": 0
    },
    "silence_rate_60dB": {
        "dmean": 0,
        "dmean2": 0,
        "dvar": 0,
        "dvar2": 0,
        "max": 0,
        "mean": 0,
        "median": 0,
        "min": 0,
        "var": 0
    },
    "spectral_centroid": {
        "dmean": 123.710487366,
        "dmean2": 205.303771973,
        "dvar": 11889.0322266,
        "dvar2": 36940.9023438,
        "max": 3079.60644531,
        "mean": 2734.13134766,
        "median": 2763.86425781,
        "min": 2209.53369141,
        "var": 31119.359375
    },
    "spectral_complexity": {
        "dmean": 4.19166660309,
        "dmean2": 6.80672264099,
        "dvar": 19.4049243927,
        "dvar2": 31.5172615051,
        "max": 50,
        "mean": 38.2727279663,
        "median": 39,
        "min": 1,
        "var": 40.8925590515
    },
    "spectral_decrease": {
        "dmean": 1.36321220978e-09,
        "dmean2": 2.430014856e-09,
        "dvar": 9.09931244045e-19,
        "dvar2": 2.28160194385e-18,
        "max": -1.58249538473e-10,
        "mean": -5.0420956299e-09,
        "median": -5.1664059697e-09,
        "min": -7.57953699804e-09,
        "var": 1.6118662687e-18
    },
    "spectral_energy": {
        "dmean": 0.00533377425745,
        "dmean2": 0.00933495629579,
        "dvar": 1.4775218915e-05,
        "dvar2": 3.47700988641e-05,
        "max": 0.0331666693091,
        "mean": 0.0217606965452,
        "median": 0.0221444498748,
        "min": 0.000696598959621,
        "var": 2.88236551569e-05
    },
    "spectral_energyband_high": {
        "dmean": 0.0002065916633,
        "dmean2": 0.000347296794644,
        "dvar": 4.72125059048e-08,
        "dvar2": 1.07846844344e-07,
        "max": 0.00179879076313,
        "mean": 0.000835775223095,
        "median": 0.000786143122241,
        "min": 3.1465664506e-05,
        "var": 1.05751695401e-07
    },
    "spectral_energyband_low": {
        "dmean": 0.0050976392813,
        "dmean2": 0.00932500232011,
        "dvar": 1.06137640614e-05,
        "dvar2": 3.63889266737e-05,
        "max": 0.0189731474966,
        "mean": 0.00877576693892,
        "median": 0.00831213593483,
        "min": 0.000200786656933,
        "var": 1.71619540197e-05
    },
    "spectral_energyband_middle_high": {
        "dmean": 0.00180828198791,
        "dmean2": 0.00284922658466,
        "dvar": 4.45571322416e-06,
        "dvar2": 8.77013462741e-06,
        "max": 0.0186649523675,
        "mean": 0.00963752809912,
        "median": 0.00895483419299,
        "min": 0.000358391785994,
        "var": 1.39085095725e-05
    },
    "spectral_energyband_middle_low": {
        "dmean": 0.00106294685975,
        "dmean2": 0.0017840876244,
        "dvar": 7.97024654275e-07,
        "dvar2": 1.84098200862e-06,
        "max": 0.00705050304532,
        "mean": 0.00282861525193,
        "median": 0.00263146101497,
        "min": 8.6902800831e-05,
        "var": 1.74653496288e-06
    },
    "spectral_entropy": {
        "dmean": 0.0637596622109,
        "dmean2": 0.0977894067764,
        "dvar": 0.0090898592025,
        "dvar2": 0.00861964374781,
        "max": 8.84326267242,
        "mean": 7.63990783691,
        "median": 7.62924718857,
        "min": 7.47264814377,
        "var": 0.0153165636584
    },
    "spectral_flux": {
        "dmean": 0.0102560278028,
        "dmean2": 0.0153712565079,
        "dvar": 9.28739318624e-05,
        "dvar2": 0.00021546681819,
        "max": 0.136294007301,
        "mean": 0.080781146884,
        "median": 0.0807543098927,
        "min": 0.0527715943754,
        "var": 0.000200582639081
    },
    "spectral_kurtosis": {
        "dmean": 3.84270524979,
        "dmean2": 7.00272512436,
        "dvar": 8.71620845795,
        "dvar2": 26.959608078,
        "max": 19.3726902008,
        "mean": 5.54593038559,
        "median": 5.16944122314,
        "min": 0.54509305954,
        "var": 11.4596452713
    },
    "spectral_rms": {
        "dmean": 0.00058687251294,
        "dmean2": 0.00101301423274,
        "dvar": 2.64113054982e-07,
        "dvar2": 4.71980484917e-07,
        "max": 0.00568838510662,
        "mean": 0.00455996207893,
        "median": 0.0046480470337,
        "min": 0.000824383867439,
        "var": 4.3669211891e-07
    },
    "spectral_rolloff": {
        "dmean": 289.442108154,
        "dmean2": 530.911193848,
        "dvar": 72131.3828125,
        "dvar2": 209453.75,
        "max": 3596.04492188,
        "mean": 3023.90283203,
        "median": 3165.38085938,
        "min": 2045.65429688,
        "var": 120286.96875
    },
    "spectral_skewness": {
        "dmean": 0.39876678586,
        "dmean2": 0.733314216137,
        "dvar": 0.155732348561,
        "dvar2": 0.457986593246,
        "max": 3.67790746689,
        "mean": 0.615332961082,
        "median": 0.549139976501,
        "min": 0.0130178788677,
        "var": 0.19812195003
    },
    "spectral_spread": {
        "dmean": 309907.8125,
        "dmean2": 384750.0625,
        "dvar": 1.87872011878e+12,
        "dvar2": 1.01114590003e+12,
        "max": 21001122,
        "mean": 2312857.75,
        "median": 2081621.125,
        "min": 1785394,
        "var": 3.09439627264e+12
    },
    "spectral_strongpeak": {
        "dmean": 0.258953034878,
        "dmean2": 0.490460634232,
        "dvar": 0.679187715054,
        "dvar2": 2.0215549469,
        "max": 5.72098779678,
        "mean": 0.306408286095,
        "median": 0.225000038743,
        "min": 0,
        "var": 0.357705563307
    },
    "zerocrossingrate": {
        "dmean": 0.00633544940501,
        "dmean2": 0.00890805572271,
        "dvar": 3.97263393097e-05,
        "dvar2": 4.68501202704e-05,
        "max": 0.10791015625,
        "mean": 0.084444411099,
        "median": 0.08740234375,
        "min": 0.02392578125,
        "var": 0.000192339954083
    },
    "barkbands": {
        "dmean": [1.64795255841e-05, 0.00458379741758, 0.00118416745681, 0.000306149682729, 0.000696726492606, 0.000168244019733, 5.55738697585e-05, 5.13882587256e-05, 0.000440731557319, 8.90850496944e-05, 8.92732932698e-05, 0.000163107033586, 6.11451323493e-05, 0.000341292121448, 0.000304790737573, 0.000681490288116, 0.000964766193647, 0.000414392270613, 0.000634530209936, 0.00031418717117, 0.000144765712321, 2.40740537265e-05, 7.96980828e-07, 1.65591336554e-06, 1.68217425767e-07, 4.4620517059e-08, 5.05442443455e-09],
        "dmean2": [2.74277717836e-05, 0.00843098387122, 0.0020361081697, 0.00052829447668, 0.00119186984375, 0.000302208034554, 9.77970266831e-05, 8.7193940999e-05, 0.000786586897448, 0.000157209928147, 0.000154062159709, 0.000268768839305, 0.0001037665279, 0.000512954720762, 0.000519142020494, 0.00116558419541, 0.00166676961817, 0.000678997137584, 0.00106743688229, 0.00053808290977, 0.000240534049226, 3.80676392524e-05, 1.30847320179e-06, 2.81570783045e-06, 2.93139862606e-07, 7.67405694546e-08, 8.0328037555e-09],
        "dvar": [3.1912017473e-10, 9.21240916796e-06, 1.77968718162e-06, 1.21364806205e-07, 4.09247405742e-07, 2.60745256497e-08, 3.15679549168e-09, 2.12707496061e-09, 1.06771601338e-07, 7.48679518381e-09, 8.16376655166e-09, 3.14887316222e-08, 4.14206224875e-09, 8.91439810857e-08, 9.11787694235e-08, 3.04278643171e-07, 1.37592485316e-06, 9.48965634961e-08, 2.54045971815e-07, 1.2224842294e-07, 1.90260109889e-08, 5.16291120967e-10, 5.44407238474e-13, 1.90255363547e-12, 7.9463454046e-14, 1.99170903701e-14, 3.40222350558e-16],
        "dvar2": [7.19091564072e-10, 3.47092172888e-05, 4.9122877499e-06, 3.15010197482e-07, 1.08666790766e-06, 7.98887356268e-08, 9.88492843135e-09, 5.73252689762e-09, 3.02574562738e-07, 2.17978666228e-08, 2.1799136718e-08, 8.94103777682e-08, 1.03882022984e-08, 2.04632385703e-07, 2.95668598937e-07, 8.93988271855e-07, 2.84853149424e-06, 2.431341386e-07, 6.27802876352e-07, 3.33159277943e-07, 5.03829653553e-08, 1.26582933024e-09, 1.42840698037e-12, 4.01696688065e-12, 1.63763845692e-13, 5.35024227612e-14, 5.28801504301e-16],
        "max": [0.000110898821731, 0.0159130915999, 0.0107230665162, 0.00354872085154, 0.00416944362223, 0.00104174693115, 0.00043469897355, 0.000485293770907, 0.00413946527988, 0.000564078101888, 0.000709924206603, 0.00140292278957, 0.000576699094381, 0.00296117807738, 0.00268314382993, 0.0043903645128, 0.00878035463393, 0.00220842356794, 0.00479746051133, 0.00280127674341, 0.00103599554859, 0.000179006543476, 6.54349332763e-06, 1.14607946671e-05, 2.71153362519e-06, 1.30107878249e-06, 1.70483374973e-07],
        "mean": [2.07479170058e-05, 0.00620753271505, 0.00227780267596, 0.000480693212012, 0.00100951245986, 0.000248823547736, 8.5158222646e-05, 0.000124609316117, 0.000830914766993, 0.000141353710205, 0.000133007299155, 0.000359907280654, 0.000130239670398, 0.000775522203185, 0.000646996428259, 0.00143674865831, 0.00239467760548, 0.0011439176742, 0.00188199232798, 0.000879919796716, 0.00046363112051, 7.85217634984e-05, 2.66580309471e-06, 5.26661324329e-06, 4.65243914505e-07, 8.56147153172e-08, 1.78704482323e-08],
        "median": [1.48927074406e-05, 0.00619945302606, 0.00167534360662, 0.000357671931852, 0.000728523591533, 0.000202302122489, 7.0411231718e-05, 8.94352197065e-05, 0.000687386840582, 0.000116052120575, 0.000110651126306, 0.000286271708319, 0.000121028555441, 0.000490762642585, 0.000537029700354, 0.00129596784245, 0.00207912432961, 0.00111038051546, 0.00176320492756, 0.000788338598795, 0.000431890919572, 7.18730370863e-05, 2.46879358201e-06, 5.08025595991e-06, 4.11428516145e-07, 6.31905265891e-08, 1.43132448116e-08],
        "min": [4.34594255694e-07, 0.000114237693197, 4.13450761698e-05, 1.22657456814e-05, 6.72730766382e-06, 1.35724940264e-06, 1.69766030922e-06, 3.87385034628e-06, 4.42080927314e-05, 1.51633503265e-05, 1.00587158158e-05, 7.17974580766e-06, 7.68176141719e-06, 1.55426459969e-05, 4.65230659756e-05, 2.31655267271e-05, 7.53315616748e-05, 7.01706085238e-05, 6.27101180726e-05, 2.29659926845e-05, 2.18480745389e-05, 3.80329038308e-06, 5.57096257126e-07, 3.65347744946e-07, 1.73998643049e-07, 2.12235242714e-08, 6.15237194523e-09],
        "var": [4.28250407358e-10, 1.10922555905e-05, 3.83063979825e-06, 2.27178020396e-07, 7.38391406685e-07, 3.70745532052e-08, 4.07802458469e-09, 1.04234452181e-08, 4.5731303544e-07, 9.16364673031e-09, 1.00336121633e-08, 6.94698556458e-08, 6.54242704456e-09, 4.03559397455e-07, 1.69623348256e-07, 6.12928488408e-07, 2.30021623793e-06, 2.33982078157e-07, 7.85180873208e-07, 1.89706611309e-07, 3.78514926069e-08, 1.00598529507e-09, 1.20338277104e-12, 4.68664733758e-12, 8.6809987638e-14, 1.42651342805e-14, 4.29415105193e-16]
    },
    "erbbands": {
        "dmean": [0.0836506411433, 1.18566298485, 1.57052397728, 0.919268548489, 2.39845108986, 1.93502628803, 0.884936630726, 1.72403717041, 0.412152647972, 1.72673022747, 1.36789882183, 7.22866010666, 7.25936794281, 2.55019927025, 3.46614003181, 7.76478433609, 2.01850867271, 6.96300172806, 19.179391861, 24.5465087891, 43.1802024841, 52.7064361572, 20.9289073944, 38.7305755615, 22.274477005, 16.367565155, 6.4279999733, 4.49045610428, 0.97479557991, 0.152763843536, 0.0257599856704, 0.0515971966088, 0.0125591475517, 0.00320244743489, 0.000332739204168, 0.000252828758676, 6.92068788339e-05, 4.97752171214e-06, 3.02048238154e-06, 6.03872786087e-06],
        "dmean2": [0.158337473869, 2.18570566177, 2.72235321999, 1.57686841488, 4.06879520416, 3.4704785347, 1.58668875694, 3.13342666626, 0.704381644726, 3.01701164246, 2.2813565731, 12.9149560928, 13.3517827988, 4.47263288498, 5.91265392303, 12.9172096252, 3.43628454208, 11.9011640549, 29.1621570587, 41.9399757385, 74.5396957397, 89.3383865356, 31.7607746124, 66.9218597412, 37.893119812, 27.3144950867, 10.2616004944, 7.65377664566, 1.57856309414, 0.243161037564, 0.0426845103502, 0.0871099457145, 0.0204191282392, 0.00553373992443, 0.000555398291908, 0.000420151103754, 0.000122022356663, 7.85350130172e-06, 4.92447134093e-06, 1.03705697256e-05],
        "dvar": [0.00397234456614, 0.60699981451, 2.19774413109, 1.47079265118, 5.30876970291, 3.11836218834, 0.651422202587, 2.99678516388, 0.102585621178, 3.46471190453, 2.58841490746, 27.4412460327, 57.3195075989, 5.82202672958, 12.3817834854, 72.6332626343, 3.58283233643, 42.8345680237, 295.483337402, 513.55871582, 1395.55285645, 3781.83935547, 281.127044678, 1368.32312012, 457.508911133, 326.514007568, 33.0508956909, 15.0645151138, 0.911240756512, 0.0154873449355, 0.000500976457261, 0.00179448642302, 0.000146166683408, 2.75472430076e-05, 3.30863400677e-07, 5.1512409982e-07, 5.80131960248e-08, 1.98153896069e-10, 1.02568951596e-11, 2.31129681366e-11],
        "dvar2": [0.0126443393528, 2.26844644547, 6.40460205078, 3.55973625183, 13.6531333923, 8.7405796051, 1.6752794981, 9.93943691254, 0.298431843519, 10.9875993729, 6.70281028748, 87.09324646, 145.398223877, 15.3686161041, 36.2480392456, 204.984939575, 8.60445690155, 98.4036178589, 662.944091797, 1589.55847168, 4000.71948242, 7737.2890625, 667.814941406, 3514.26049805, 1156.26489258, 905.520812988, 84.5908584595, 39.743927002, 2.39690876007, 0.0445636101067, 0.0011362148216, 0.00412991736084, 0.000306246714899, 5.47205454495e-05, 7.24200219793e-07, 1.33411333536e-06, 1.57124347311e-07, 3.69326069727e-10, 2.37246524509e-11, 4.84795918687e-11],
        "max": [0.314712673426, 4.13448381424, 10.8251857758, 14.5198392868, 14.4198846817, 11.6857833862, 6.2335152626, 9.53486347198, 2.38308095932, 14.4617986679, 15.1361513138, 51.9890556335, 96.9646453857, 20.4320373535, 28.0427532196, 67.4793167114, 14.5125923157, 46.4465675354, 182.68196106, 208.442428589, 251.478088379, 534.770751953, 136.007553101, 350.433624268, 173.432479858, 150.382003784, 46.9019546509, 26.8009471893, 7.73631620407, 1.02717685699, 0.20999519527, 0.340650647879, 0.116362325847, 0.0532670728862, 0.00515832845122, 0.00690864725038, 0.00216917856596, 0.000107170970296, 3.86841820728e-05, 4.46033955086e-05],
        "mean": [0.0990757644176, 1.62620770931, 2.99558877945, 2.32957553864, 3.49477577209, 2.56705975533, 1.51949346066, 2.34532427788, 0.850852012634, 2.99346876144, 2.69700574875, 12.8045558929, 16.1567440033, 4.36738157272, 6.79540729523, 16.0642414093, 5.59732580185, 18.0386886597, 50.8837203979, 49.9809837341, 97.8940505981, 129.216491699, 68.6472625732, 102.129493713, 70.402053833, 44.2039718628, 21.0819587708, 13.4559879303, 3.55768966675, 0.504315376282, 0.0997544229031, 0.154694646597, 0.0445837080479, 0.010473633185, 0.00110518361907, 0.000586482929066, 0.000128739804495, 1.61221341841e-05, 1.72507243406e-05, 2.8848862712e-05],
        "median": [0.0832404121757, 1.65043532848, 2.35872650146, 2.04812955856, 2.69599199295, 1.81766819954, 1.18241810799, 1.87513363361, 0.7820327878, 1.97239160538, 2.22475171089, 10.6092472076, 12.4400901794, 3.7601377964, 5.84197807312, 13.0980920792, 5.21056556702, 16.0428104401, 35.4357070923, 43.7632255554, 84.6023864746, 110.80896759, 70.5175628662, 89.1089859009, 66.6878509521, 37.6570053101, 20.3181152344, 12.9159765244, 3.35948038101, 0.459548860788, 0.094824552536, 0.149795770645, 0.0414945110679, 0.00963557325304, 0.000996658927761, 0.000466574711027, 9.63003840297e-05, 1.30869993882e-05, 1.69737777469e-05, 2.89738945867e-05],
        "min": [0.00429554004222, 0.022163067013, 0.049270413816, 0.0474095717072, 0.0296826753765, 0.0220305807889, 0.00796590559185, 0.0144962370396, 0.0235669352114, 0.0250951349735, 0.188291788101, 0.893586814404, 1.16063916683, 0.401219785213, 0.473256379366, 0.289508700371, 0.346496999264, 0.85055822134, 1.35195875168, 2.30514001846, 2.57266259193, 3.49967336655, 3.18559575081, 4.19289207458, 2.58583426476, 1.02460205555, 0.857537209988, 0.71658873558, 0.18878300488, 0.0401262044907, 0.0138866035268, 0.0109371710569, 0.00471059791744, 0.00226845801808, 0.000467492558528, 0.00020831443544, 2.28763328778e-05, 6.40851067146e-06, 8.82714721229e-06, 2.62032676801e-06],
        "var": [0.00433168560266, 0.742846846581, 4.05371761322, 4.17870903015, 8.76114368439, 4.79269313812, 1.19226169586, 3.6893529892, 0.17802362144, 8.36759471893, 3.7076985836, 90.0151290894, 169.069213867, 7.80283260345, 15.9465703964, 157.429611206, 6.69030570984, 82.3136138916, 1536.32275391, 922.730224609, 2742.83154297, 6586.01025391, 748.049438477, 2971.48046875, 946.134216309, 529.82043457, 83.5894470215, 27.5875835419, 1.71155655384, 0.0385275185108, 0.00150445185136, 0.00424252776429, 0.000322067702655, 3.40981641784e-05, 3.76094163812e-07, 4.0931604417e-07, 3.93209198535e-08, 2.27463783919e-10, 2.02336845195e-11, 4.99417764088e-11]
    },
    "gfcc": {
        "mean": [-17.6204223633, 124.813346863, -184.1953125, 85.7930908203, -22.0772266388, -3.19745373726, -6.87931776047, 6.28435087204, -8.53532123566, -11.876168251, -12.4175386429, -16.7593975067, 4.96626091003],
        "cov": [[382.877593994, 41.7536392212, -74.4437103271, 30.2532482147, -19.8744468689, -17.6118469238, -23.5589199066, -19.2396335602, 8.50275611877, -0.331403613091, 45.8073730469, 15.8034620285, 34.8519935608], [41.7536392212, 135.891159058, 47.9614524841, 22.8292274475, -23.8089923859, -27.0588741302, -6.21949672699, -24.5186882019, 4.04579973221, -18.2419567108, 3.61673998833, -19.8045425415, 0.267670184374], [-74.4437103271, 47.9614524841, 72.7126922607, 11.1437749863, 2.3802793026, -9.48494338989, -1.45652282238, -3.69970560074, -5.90164804459, -7.67932033539, -12.1455688477, -5.63439655304, -11.4664793015], [30.2532482147, 22.8292274475, 11.1437749863, 56.2782325745, 18.4770870209, 1.33299183846, -0.81791549921, -16.9116477966, 6.24371957779, -7.59732151031, 9.94333934784, -12.318862915, 1.10576224327], [-19.8744468689, -23.8089923859, 2.3802793026, 18.4770870209, 41.5243034363, 24.0995292664, 5.28690052032, -0.485348880291, 2.90856385231, 6.57154035568, -1.43873608112, -3.7348716259, -2.99190878868], [-17.6118469238, -27.0588741302, -9.48494338989, 1.33299183846, 24.0995292664, 38.2897834778, 19.4208068848, 9.01930427551, 6.97673797607, 8.89644432068, -1.96824491024, -5.3131480217, 0.979846000671], [-23.5589199066, -6.21949672699, -1.45652282238, -0.81791549921, 5.28690052032, 19.4208068848, 32.6858062744, 19.6963443756, 8.26658439636, 0.486269563437, -5.02464532852, -7.20208263397, 1.96058702469], [-19.2396335602, -24.5186882019, -3.69970560074, -16.9116477966, -0.485348880291, 9.01930427551, 19.6963443756, 35.7403182983, 13.9393014908, 7.13812351227, -3.9968316555, 1.9931551218, 3.82132434845], [8.50275611877, 4.04579973221, -5.90164804459, 6.24371957779, 2.90856385231, 6.97673797607, 8.26658439636, 13.9393014908, 29.0629043579, 12.684006691, 7.61944007874, -4.66278028488, 3.02715063095], [-0.331403613091, -18.2419567108, -7.67932033539, -7.59732151031, 6.57154035568, 8.89644432068, 0.486269563437, 7.13812351227, 12.684006691, 29.8037052155, 18.1669025421, 7.61304187775, -2.07683610916], [45.8073730469, 3.61673998833, -12.1455688477, 9.94333934784, -1.43873608112, -1.96824491024, -5.02464532852, -3.9968316555, 7.61944007874, 18.1669025421, 39.0602607727, 18.4137859344, 6.20101451874], [15.8034620285, -19.8045425415, -5.63439655304, -12.318862915, -3.7348716259, -5.3131480217, -7.20208263397, 1.9931551218, -4.66278028488, 7.61304187775, 18.4137859344, 37.8352165222, 15.2214288712], [34.8519935608, 0.267670184374, -11.4664793015, 1.10576224327, -2.99190878868, 0.979846000671, 1.96058702469, 3.82132434845, 3.02715063095, -2.07683610916, 6.20101451874, 15.2214288712, 30.3972129822]],
        "icov": [[0.00690733641386, -0.010566463694, 0.015204639174, -0.0125910155475, 0.00383456167765, -0.00603140471503, 0.0112077305093, -0.0139592802152, 0.00967759266496, -0.00687546655536, 0.00585656659678, -0.00883615668863, 0.00176724989433], [-0.010566463694, 0.0512267164886, -0.052605368197, 0.0455751381814, -0.00631165178493, 0.028082234785, -0.0358525626361, 0.0617408491671, -0.0447301082313, 0.0416797362268, -0.0482127331197, 0.0512318611145, -0.0253303032368], [0.015204639174, -0.052605368197, 0.0763914734125, -0.059612300247, 0.00980884488672, -0.0224617961794, 0.0367030501366, -0.0660025924444, 0.0493940263987, -0.047116894275, 0.0583040900528, -0.0589758716524, 0.0311349760741], [-0.0125910155475, 0.0455751381814, -0.059612300247, 0.106842167675, -0.049011528492, 0.0451739877462, -0.0493709482253, 0.0846384689212, -0.0655046701431, 0.0753270238638, -0.0842160061002, 0.0742776021361, -0.0344193093479], [0.00383456167765, -0.00631165178493, 0.00980884488672, -0.049011528492, 0.0730874314904, -0.0521567948163, 0.0284037925303, -0.0239501111209, 0.0198584329337, -0.0301575157791, 0.0330738052726, -0.025784233585, 0.0133222732693], [-0.00603140471503, 0.028082234785, -0.0224617961794, 0.0451739877462, -0.0521567948163, 0.0979252308607, -0.0679103434086, 0.0536922812462, -0.0302245132625, 0.0119708096609, -0.0283685270697, 0.0387079715729, -0.0238762889057], [0.0112077305093, -0.0358525626361, 0.0367030501366, -0.0493709482253, 0.0284037925303, -0.0679103434086, 0.110615670681, -0.0912550985813, 0.0403500758111, -0.0164716392756, 0.0260107219219, -0.0251638554037, 0.014579674229], [-0.0139592802152, 0.0617408491671, -0.0660025924444, 0.0846384689212, -0.0239501111209, 0.0536922812462, -0.0912550985813, 0.152687191963, -0.0904778763652, 0.0501129254699, -0.0508578643203, 0.0526129677892, -0.0334488898516], [0.00967759266496, -0.0447301082313, 0.0493940263987, -0.0655046701431, 0.0198584329337, -0.0302245132625, 0.0403500758111, -0.0904778763652, 0.1137137115, -0.0721348002553, 0.0427824370563, -0.0280064027756, 0.0110577717423], [-0.00687546655536, 0.0416797362268, -0.047116894275, 0.0753270238638, -0.0301575157791, 0.0119708096609, -0.0164716392756, 0.0501129254699, -0.0721348002553, 0.133772566915, -0.0977039411664, 0.0513065606356, -0.0110260816291], [0.00585656659678, -0.0482127331197, 0.0583040900528, -0.0842160061002, 0.0330738052726, -0.0283685270697, 0.0260107219219, -0.0508578643203, 0.0427824370563, -0.0977039411664, 0.137307181954, -0.0962479189038, 0.0369020476937], [-0.00883615668863, 0.0512318611145, -0.0589758716524, 0.0742776021361, -0.025784233585, 0.0387079715729, -0.0251638554037, 0.0526129677892, -0.0280064027756, 0.0513065606356, -0.0962479189038, 0.125200271606, -0.0608108080924], [0.00176724989433, -0.0253303032368, 0.0311349760741, -0.0344193093479, 0.0133222732693, -0.0238762889057, 0.014579674229, -0.0334488898516, 0.0110577717423, -0.0110260816291, 0.0369020476937, -0.0608108080924, 0.0705054402351]]
    },
    "melbands": {
        "dmean": [0.00110488710925, 0.0010572070023, 0.00018647206889, 0.000185702723684, 3.12053525704e-05, 3.46930501109e-05, 6.96954202795e-06, 1.75077602762e-05, 1.5274843463e-05, 5.91694697505e-05, 3.77426949854e-05, 1.07352134364e-05, 1.30411845021e-05, 1.83172942343e-05, 1.05123735921e-05, 8.02766317065e-06, 1.31710257847e-05, 4.09951244364e-05, 2.33485243371e-05, 4.06866492995e-05, 5.7165420003e-05, 6.37756165816e-05, 4.09724161727e-05, 2.31184531003e-05, 3.68997061742e-05, 2.35614170379e-05, 1.71835181391e-05, 1.03977754407e-05, 3.20441563417e-06, 5.71971486352e-06, 1.91675530914e-06, 7.06079447355e-07, 2.82899407011e-07, 3.32056906416e-08, 1.29037953656e-08, 3.17869215394e-08, 3.29018803313e-08, 1.23647740935e-08, 4.96326046928e-09, 2.54699927815e-09],
        "dmean2": [0.0020678138826, 0.00189371802844, 0.00031533872243, 0.000319491839036, 5.6178883824e-05, 6.30536305835e-05, 1.21666953419e-05, 3.0068347769e-05, 2.56480270764e-05, 0.000105774153781, 6.91676104907e-05, 1.92052521015e-05, 2.2131640435e-05, 3.11491639877e-05, 1.73938678927e-05, 1.37668730531e-05, 2.24940595217e-05, 6.14907694398e-05, 3.96215582441e-05, 6.66471751174e-05, 9.97447496047e-05, 0.000111217676022, 6.29558999208e-05, 3.83788647014e-05, 6.38199780951e-05, 4.0014852857e-05, 2.92780587188e-05, 1.72866111825e-05, 5.27741576661e-06, 9.56659641815e-06, 3.27327984451e-06, 1.16929163596e-06, 4.69552333016e-07, 5.67949243191e-08, 2.17888054266e-08, 5.42791092073e-08, 5.71184166631e-08, 2.00272385342e-08, 8.35292457424e-09, 4.49378001477e-09],
        "dvar": [5.78152423714e-07, 5.41267183962e-07, 4.13927025988e-08, 2.92647985844e-08, 8.24738999317e-10, 1.22821575133e-09, 3.93560253831e-11, 3.52926160518e-10, 3.7594233282e-10, 1.80258097338e-09, 1.42429368299e-09, 1.16192132305e-10, 1.71470865284e-10, 3.59241525416e-10, 1.56702137377e-10, 7.1784876654e-11, 1.53818222048e-10, 1.35577626903e-09, 5.48313283666e-10, 7.75896069616e-10, 2.50925569212e-09, 5.41025757528e-09, 1.12335463154e-09, 3.54122481339e-10, 1.31864641428e-09, 4.03428401796e-10, 2.92094431975e-10, 1.22788834656e-10, 7.47228581094e-12, 3.15759050851e-11, 2.69267464229e-12, 4.78770289473e-13, 5.26853375109e-14, 1.02344301687e-15, 1.46454789142e-16, 6.29372584864e-16, 7.52212743946e-16, 1.05247853868e-16, 3.92101576713e-17, 1.53387260816e-17],
        "dvar2": [2.06103823075e-06, 1.7616760033e-06, 1.02625101306e-07, 7.78027668957e-08, 2.27035434897e-09, 3.95706845069e-09, 1.14352423364e-10, 1.13313447514e-09, 1.02642183641e-09, 5.77278980174e-09, 3.60709040415e-09, 3.05375780218e-10, 4.8593118418e-10, 1.04384367816e-09, 4.05068145692e-10, 1.8396238699e-10, 3.62961938283e-10, 2.92933988177e-09, 1.73574121742e-09, 2.66629651691e-09, 7.46754125203e-09, 1.10927391717e-08, 2.87247403641e-09, 9.20810372396e-10, 3.4999854126e-09, 1.02822361736e-09, 8.09845079885e-10, 3.47539025336e-10, 1.63777880147e-11, 8.37153679711e-11, 6.84953179245e-12, 1.29736954686e-12, 1.68801902794e-13, 2.7470731141e-15, 3.7462234378e-16, 1.3820962485e-15, 1.743612875e-15, 2.51584084867e-16, 7.98443630154e-17, 3.32642974015e-17],
        "max": [0.00368023384362, 0.00467012170702, 0.0023401665967, 0.00108514190651, 0.000190197431948, 0.000187035664567, 5.0740007282e-05, 0.000149358660565, 0.000155418281793, 0.000479988288134, 0.000488115998451, 8.4473642346e-05, 0.000102484205854, 0.00015078629076, 9.11171446205e-05, 7.42484626244e-05, 8.02126596682e-05, 0.000386020052247, 0.000220734000322, 0.000246972107561, 0.000297397520626, 0.000591577321757, 0.000274464458926, 0.000140467498568, 0.000330376351485, 0.00016052123101, 0.000134444082505, 9.34690833674e-05, 2.44653037953e-05, 4.0382888983e-05, 1.12830975922e-05, 5.5395084928e-06, 1.88898400211e-06, 2.16665554831e-07, 1.00545101134e-07, 1.75372861122e-07, 2.19273943003e-07, 8.48339141157e-08, 6.6664583187e-08, 3.57597187417e-08],
        "mean": [0.0013626414584, 0.00192842725664, 0.000439912109869, 0.000253757170867, 5.59938162041e-05, 4.89975282107e-05, 1.35982199936e-05, 3.19745522575e-05, 2.39433520619e-05, 0.000104735219793, 8.28588599688e-05, 1.60473355209e-05, 2.02321843972e-05, 3.89306114812e-05, 2.30483838095e-05, 1.64777829923e-05, 3.00119481835e-05, 9.6473369922e-05, 4.68412763439e-05, 8.04304654594e-05, 0.000121270626551, 0.000139836585731, 8.95397315617e-05, 5.51610974071e-05, 8.84627370397e-05, 6.01902102062e-05, 4.18657873524e-05, 2.49748773058e-05, 1.00465967989e-05, 1.51853491843e-05, 5.25583436684e-06, 2.16675334741e-06, 7.63502157497e-07, 8.1090014703e-08, 4.00270572243e-08, 8.47535090998e-08, 9.39845676839e-08, 3.50436124563e-08, 1.40091449552e-08, 6.35730046383e-09],
        "median": [0.0012272875756, 0.00168811273761, 0.000356373959221, 0.000173547377926, 4.39182767877e-05, 4.03098056267e-05, 1.24848047562e-05, 2.09866884688e-05, 1.76654793904e-05, 8.5126121121e-05, 6.35967226117e-05, 1.36674825626e-05, 1.68342321558e-05, 3.06943366013e-05, 1.90438786376e-05, 1.5883029846e-05, 2.64371665253e-05, 6.31135480944e-05, 3.96324612666e-05, 8.07143296697e-05, 0.000103775753814, 0.000110138185846, 8.24991075206e-05, 5.19011337019e-05, 7.49728787923e-05, 5.73104443902e-05, 3.95026690967e-05, 2.21098671318e-05, 9.5232790045e-06, 1.37614870255e-05, 4.97741257277e-06, 2.01686543733e-06, 7.2889980629e-07, 6.64081412083e-08, 3.6894302724e-08, 7.96908778966e-08, 8.78767636436e-08, 3.32264278313e-08, 1.25395605011e-08, 5.51794432369e-09],
        "min": [3.85617204302e-05, 2.76974824374e-05, 7.86488544691e-06, 1.84816553883e-06, 3.93651561126e-07, 3.09898950945e-07, 3.6444649254e-07, 2.87547834432e-07, 1.78044695076e-06, 6.43543035039e-06, 5.79155175728e-06, 1.60872968991e-06, 1.54518329509e-06, 9.81012362899e-07, 4.52985631227e-07, 1.06601714833e-06, 1.59568730851e-06, 1.66565837389e-06, 3.70469274458e-06, 2.13111979974e-06, 3.65145183423e-06, 4.67765448775e-06, 1.76583648681e-06, 3.85127032132e-06, 3.46637375515e-06, 1.72723184733e-06, 1.54548433784e-06, 4.38037233152e-07, 3.89777142118e-07, 6.72066789775e-07, 3.22665243857e-07, 9.66972990568e-08, 5.34057171819e-08, 1.22245245038e-08, 6.64464261391e-09, 8.67205951494e-09, 6.30675200952e-09, 3.57843932264e-09, 1.90985582904e-09, 1.91135884897e-09],
        "var": [6.46622879685e-07, 9.5177364301e-07, 1.11815460002e-07, 4.94311507282e-08, 1.42580092177e-09, 1.55198021101e-09, 5.40457123499e-11, 9.66733249008e-10, 4.1330841527e-10, 6.96752611162e-09, 4.43356551472e-09, 1.37236569331e-10, 2.06270542313e-10, 8.16727185882e-10, 2.85782758569e-10, 1.00503501355e-10, 2.33846164654e-10, 6.85477452578e-09, 9.38270794393e-10, 1.9343087132e-09, 4.52156712072e-09, 9.73161462525e-09, 2.49489739979e-09, 7.11736003467e-10, 2.66053357123e-09, 8.66750227146e-10, 4.47120868108e-10, 1.94001301135e-10, 1.9198621859e-11, 5.17729747962e-11, 4.6249349836e-12, 7.94127513314e-13, 9.77584915687e-14, 1.79247333529e-15, 3.29145091902e-16, 1.48005147956e-15, 1.60563946646e-15, 2.35298950014e-16, 5.61595483349e-17, 1.72540098504e-17]
    },
    "mfcc": {
        "mean": [-629.621765137, 122.708610535, -69.1577682495, 78.1757278442, 7.71568012238, 12.0822353363, 13.2559709549, 11.7037401199, 18.6812210083, 8.14819812775, -2.52915787697, 3.54151201248, -12.6687746048],
        "cov": [[474.819976807, -9.02100467682, -53.3172073364, 15.1969461441, -2.39134573936, -7.46404218674, -14.1014881134, -21.5505046844, -31.319519043, -17.676990509, -21.5062217712, 27.6608200073, 25.5994625092], [-9.02100467682, 100.408981323, 51.6460418701, 13.6277217865, -11.483836174, -10.1339874268, -12.59674263, -11.689248085, -3.90366864204, -6.95198583603, 2.43243408203, -6.10680389404, -5.52003383636], [-53.3172073364, 51.6460418701, 58.8701553345, 21.6636180878, -2.71740841866, -3.01205682755, -4.42870044708, -1.31048333645, -0.963721454144, -4.20135545731, 3.5029194355, -5.68743419647, -6.54228448868], [15.1969461441, 13.6277217865, 21.6636180878, 45.798084259, 15.0666704178, 6.83784294128, -2.30846452713, -4.34485673904, -7.85070753098, -5.15373182297, -0.291658401489, 1.49485194683, -3.15231990814], [-2.39134573936, -11.483836174, -2.71740841866, 15.0666704178, 33.8602638245, 18.5388660431, 1.75558161736, -2.935328722, -1.36466705799, -0.355706483126, 2.26674771309, 0.133951038122, 3.31207942963], [-7.46404218674, -10.1339874268, -3.01205682755, 6.83784294128, 18.5388660431, 37.0481300354, 12.2526388168, 0.655228853226, 0.0551844611764, 4.25869703293, 4.81071662903, -0.917792975903, 1.97572445869], [-14.1014881134, -12.59674263, -4.42870044708, -2.30846452713, 1.75558161736, 12.2526388168, 27.4769649506, 10.189081192, 5.31634569168, 5.13294887543, 2.4450442791, -3.01459121704, -1.3499789238], [-21.5505046844, -11.689248085, -1.31048333645, -4.34485673904, -2.935328722, 0.655228853226, 10.189081192, 24.2835502625, 16.1275081635, 4.54773807526, -2.8435292244, -3.32043361664, -4.41978645325], [-31.319519043, -3.90366864204, -0.963721454144, -7.85070753098, -1.36466705799, 0.0551844611764, 5.31634569168, 16.1275081635, 35.9980125427, 20.6410770416, -3.10316610336, -8.78548908234, -8.63759231567], [-17.676990509, -6.95198583603, -4.20135545731, -5.15373182297, -0.355706483126, 4.25869703293, 5.13294887543, 4.54773807526, 20.6410770416, 38.3658905029, 12.5507488251, 1.63037610054, -4.19027519226], [-21.5062217712, 2.43243408203, 3.5029194355, -0.291658401489, 2.26674771309, 4.81071662903, 2.4450442791, -2.8435292244, -3.10316610336, 12.5507488251, 28.5543861389, 13.1928501129, -2.95490169525], [27.6608200073, -6.10680389404, -5.68743419647, 1.49485194683, 0.133951038122, -0.917792975903, -3.01459121704, -3.32043361664, -8.78548908234, 1.63037610054, 13.1928501129, 33.751537323, 14.2782068253], [25.5994625092, -5.52003383636, -6.54228448868, -3.15231990814, 3.31207942963, 1.97572445869, -1.3499789238, -4.41978645325, -8.63759231567, -4.19027519226, -2.95490169525, 14.2782068253, 33.4146995544]],
