{
"lowlevel": {
    "average_loudness": 0.981719136238,
    "barkbands_crest": {
        "dmean": 2.30875253677,
        "dmean2": 4.02341985703,
        "dvar": 4.75158262253,
        "dvar2": 13.0298538208,
        "max": 15.9383354187,
        "mean": 6.51327133179,
        "median": 5.94843292236,
        "min": 2.99682974815,
        "var": 5.98166465759
    },
    "barkbands_flatness_db": {
        "dmean": 0.0153476288542,
        "dmean2": 0.0241360235959,
        "dvar": 0.000238479842665,
        "dvar2": 0.000639382167719,
        "max": 0.213872000575,
        "mean": 0.130538240075,
        "median": 0.128367871046,
        "min": 0.0720493122935,
        "var": 0.000575874175411
    },
    "barkbands_kurtosis": {
        "dmean": 1.30116271973,
        "dmean2": 2.15744137764,
        "dvar": 4.06848621368,
        "dvar2": 11.1016263962,
        "max": 19.9374141693,
        "mean": 0.241353034973,
        "median": -0.370150566101,
        "min": -1.75079238415,
        "var": 5.00281858444
    },
    "barkbands_skewness": {
        "dmean": 0.528424561024,
        "dmean2": 0.79594296217,
        "dvar": 0.202139168978,
        "dvar2": 0.50712364912,
        "max": 2.31829977036,
        "mean": -0.572528243065,
        "median": -0.673532068729,
        "min": -4.22216272354,
        "var": 0.701185941696
    },
    "barkbands_spread": {
        "dmean": 7.00556278229,
        "dmean2": 11.3433914185,
        "dvar": 34.1362075806,
        "dvar2": 103.18976593,
        "max": 60.6477432251,
        "mean": 27.9099082947,
        "median": 27.2138233185,
        "min": 6.29941892624,
        "var": 119.401382446
    },
    "dissonance": {
        "dmean": 0.00766221107915,
        "dmean2": 0.0126947741956,
        "dvar": 7.30492465664e-05,
        "dvar2": 0.000154070105054,
        "max": 0.499550104141,
        "mean": 0.489000767469,
        "median": 0.492001712322,
        "min": 0.398498952389,
        "var": 0.000127115592477
    },
    "dynamic_complexity": 1.10735762119,
    "erbbands_crest": {
        "dmean": 2.76439356804,
        "dmean2": 4.89165019989,
        "dvar": 7.40241718292,
        "dvar2": 20.6084709167,
        "max": 21.1482696533,
        "mean": 8.58493900299,
        "median": 8.07312774658,
        "min": 4.13728141785,
        "var": 8.85112476349
    },
    "erbbands_flatness_db": {
        "dmean": 0.0153183126822,
        "dmean2": 0.024160835892,
        "dvar": 0.000202967887162,
        "dvar2": 0.000522105547134,
        "max": 0.321807265282,
        "mean": 0.228196293116,
        "median": 0.223083674908,
        "min": 0.170654222369,
        "var": 0.000671834684908
    },
    "erbbands_kurtosis": {
        "dmean": 1.66166448593,
        "dmean2": 2.62917518616,
        "dvar": 4.49243927002,
        "dvar2": 13.2477989197,
        "max": 18.8457431793,
        "mean": 1.96098232269,
        "median": 1.51911878586,
        "min": -1.32921266556,
        "var": 6.1402258873
    },
    "erbbands_skewness": {
        "dmean": 0.382156074047,
        "dmean2": 0.629302740097,
        "dvar": 0.106204338372,
        "dvar2": 0.3143029809,
        "max": 0.295125573874,
        "mean": -0.884171009064,
        "median": -0.875267922878,
        "min": -2.26576018333,
        "var": 0.261516541243
    },
    "erbbands_spread": {
        "dmean": 5.17331981659,
        "dmean2": 7.93980169296,
        "dvar": 28.9216957092,
        "dvar2": 71.1296081543,
        "max": 54.0550918579,
        "mean": 18.2046451569,
        "median": 15.7266540527,
        "min": 2.44081664085,
        "var": 75.3466720581
    },
    "hfc": {
        "dmean": 8.33334827423,
        "dmean2": 12.737487793,
        "dvar": 52.2146530151,
        "dvar2": 120.195487976,
        "max": 70.1768951416,
        "mean": 29.6059265137,
        "median": 30.5872097015,
        "min": 0.228216633201,
        "var": 189.814315796
    },
    "melbands_crest": {
        "dmean": 3.25875210762,
        "dmean2": 5.51142692566,
        "dvar": 8.5769739151,
        "dvar2": 22.7713108063,
        "max": 22.0131702423,
        "mean": 8.76387405396,
        "median": 7.73777627945,
        "min": 3.39462041855,
        "var": 13.9805116653
    },
    "melbands_flatness_db": {
        "dmean": 0.0213675275445,
        "dmean2": 0.0325494371355,
        "dvar": 0.000402363279136,
        "dvar2": 0.000908338581212,
        "max": 0.272534579039,
        "mean": 0.140754878521,
        "median": 0.129403069615,
        "min": 0.0815000906587,
        "var": 0.00158016337082
    },
    "melbands_kurtosis": {
        "dmean": 1.47749435902,
        "dmean2": 2.49106407166,
        "dvar": 6.47952795029,
        "dvar2": 17.592754364,
        "max": 18.6770305634,
        "mean": 0.145560964942,
        "median": -0.672805786133,
        "min": -1.73521220684,
        "var": 6.83459806442
    },
    "melbands_skewness": {
        "dmean": 0.591017603874,
        "dmean2": 0.911603212357,
        "dvar": 0.294768512249,
        "dvar2": 0.76268029213,
        "max": 4.01425790787,
        "mean": 0.424472421408,
        "median": 0.262129187584,
        "min": -2.07702374458,
        "var": 0.994703769684
    },
    "melbands_spread": {
        "dmean": 13.5625553131,
        "dmean2": 20.7189731598,
        "dvar": 102.237869263,
        "dvar2": 248.045394897,
        "max": 114.466796875,
        "mean": 59.8240585327,
        "median": 59.8416481018,
        "min": 11.9688920975,
        "var": 400.578765869
    },
    "pitch_salience": {
        "dmean": 0.0555736906826,
        "dmean2": 0.0908159315586,
        "dvar": 0.00188275414985,
        "dvar2": 0.0047716726549,
        "max": 0.812837660313,
        "mean": 0.639528691769,
        "median": 0.65367680788,
        "min": 0.441812694073,
        "var": 0.00604862254113
    },
    "silence_rate_20dB": {
        "dmean": 0,
        "dmean2": 0,
        "dvar": 0,
        "dvar2": 0,
        "max": 1,
        "mean": 1,
        "median": 1,
        "min": 1,
        "var": 0
    },
    "silence_rate_30dB": {
        "dmean": 0,
        "dmean2": 0,
        "dvar": 0,
        "dvar2": 0,
        "max": 1,
        "mean": 1,
        "median": 1,
        "min": 1,
        "var": 0
    },
    "silence_rate_60dB": {
        "dmean": 0.0111111113802,
        "dmean2": 0.0223463680595,
        "dvar": 0.0109876729548,
        "dvar2": 0.02184696123,
        "max": 1,
        "mean": 0.011049724184,
        "median": 0,
        "min": 0,
        "var": 0.0109276156873
    },
    "spectral_centroid": {
        "dmean": 199.088302612,
        "dmean2": 298.553222656,
        "dvar": 33598.46875,
        "dvar2": 67406.0859375,
        "max": 3424.2175293,
        "mean": 2496.23095703,
        "median": 2589.17114258,
        "min": 1114.59521484,
        "var": 177851.828125
    },
    "spectral_complexity": {
        "dmean": 5.1555557251,
        "dmean2": 7.70391082764,
        "dvar": 18.0646820068,
        "dvar2": 36.2977981567,
        "max": 51,
        "mean": 33.1712722778,
        "median": 34,
        "min": 0,
        "var": 87.4679107666
    },
    "spectral_decrease": {
        "dmean": 8.12244771442e-10,
        "dmean2": 1.30596078396e-09,
        "dvar": 4.94367698417e-19,
        "dvar2": 1.00635155215e-18,
        "max": -4.77386602471e-11,
        "mean": -3.67533492529e-09,
        "median": -3.85143028581e-09,
        "min": -5.71147040773e-09,
        "var": 1.33737961732e-18
    },
    "spectral_energy": {
        "dmean": 0.00366510427557,
        "dmean2": 0.00588862132281,
        "dvar": 9.39024721447e-06,
        "dvar2": 1.87670339074e-05,
        "max": 0.0265240836889,
        "mean": 0.0165569093078,
        "median": 0.0172235611826,
        "min": 0.000200876806048,
        "var": 2.8169266443e-05
    },
    "spectral_energyband_high": {
        "dmean": 0.000262283865595,
        "dmean2": 0.000398732721806,
        "dvar": 9.56719432565e-08,
        "dvar2": 2.37693299709e-07,
        "max": 0.00335241900757,
        "mean": 0.00072918611113,
        "median": 0.000648984278087,
        "min": 1.96573887479e-06,
        "var": 2.78893622863e-07
    },
    "spectral_energyband_low": {
        "dmean": 0.00153288955335,
        "dmean2": 0.00258759129792,
        "dvar": 3.08224980472e-06,
        "dvar2": 7.64604828873e-06,
        "max": 0.0108306491747,
        "mean": 0.00213045021519,
        "median": 0.00149851688184,
        "min": 4.44755132776e-05,
        "var": 4.30292175224e-06
    },
    "spectral_energyband_middle_high": {
        "dmean": 0.00321897654794,
        "dmean2": 0.00477384729311,
        "dvar": 6.8370718509e-06,
        "dvar2": 1.52386264745e-05,
        "max": 0.0233191773295,
        "mean": 0.0110809812322,
        "median": 0.0117346905172,
        "min": 9.49166278588e-05,
        "var": 2.95665922749e-05
    },
    "spectral_energyband_middle_low": {
        "dmean": 0.00130717246793,
        "dmean2": 0.00198235572316,
        "dvar": 1.52890231675e-06,
        "dvar2": 3.27201382788e-06,
        "max": 0.010934910737,
        "mean": 0.00286237406544,
        "median": 0.00212943856604,
        "min": 5.73809375055e-05,
        "var": 4.90499724037e-06
    },
    "spectral_entropy": {
        "dmean": 0.0936446264386,
        "dmean2": 0.156494557858,
        "dvar": 0.00914528220892,
        "dvar2": 0.0251774117351,
        "max": 7.84313058853,
        "mean": 7.598341465,
        "median": 7.62853860855,
        "min": 7.00242185593,
        "var": 0.0177273452282
    },
    "spectral_flux": {
        "dmean": 0.0122316908091,
        "dmean2": 0.0210015401244,
        "dvar": 0.000125608028611,
        "dvar2": 0.000301550957374,
        "max": 0.133168712258,
        "mean": 0.0857072845101,
        "median": 0.0887911766768,
        "min": 0.0300671868026,
        "var": 0.000334782642312
    },
    "spectral_kurtosis": {
        "dmean": 2.60198116302,
        "dmean2": 4.04277181625,
        "dvar": 6.07167577744,
        "dvar2": 16.4140892029,
        "max": 24.4041309357,
        "mean": 6.75080776215,
        "median": 6.41680431366,
        "min": 1.45235300064,
        "var": 10.5104970932
    },
    "spectral_rms": {
        "dmean": 0.000471034494694,
        "dmean2": 0.000748638354708,
        "dvar": 1.974555488e-07,
        "dvar2": 3.48053731614e-07,
        "max": 0.00508695933968,
        "mean": 0.00395064149052,
        "median": 0.00409920420498,
        "min": 0.000442693330115,
        "var": 5.45512079952e-07
    },
    "spectral_rolloff": {
        "dmean": 318.571807861,
        "dmean2": 476.497253418,
        "dvar": 92435.40625,
        "dvar2": 196589.609375,
        "max": 4974.16992188,
        "mean": 2908.52832031,
        "median": 2971.58203125,
        "min": 645.99609375,
        "var": 420928.34375
    },
    "spectral_skewness": {
        "dmean": 0.268761247396,
        "dmean2": 0.431073457003,
        "dvar": 0.0672830790281,
        "dvar2": 0.154003664851,
        "max": 3.52985835075,
        "mean": 1.12066316605,
        "median": 1.10862851143,
        "min": 0.317379504442,
        "var": 0.146223321557
    },
    "spectral_spread": {
        "dmean": 195789.984375,
        "dmean2": 315307.65625,
        "dvar": 37265117184,
        "dvar2": 83768967168,
        "max": 3718233.25,
        "mean": 2218883.5,
        "median": 2189067.75,
        "min": 1327195.25,
        "var": 78791057408
    },
    "spectral_strongpeak": {
        "dmean": 1.29768669605,
        "dmean2": 2.26204633713,
        "dvar": 2.41172599792,
        "dvar2": 5.71383047104,
        "max": 8.40548706055,
        "mean": 1.79416310787,
        "median": 1.26689839363,
        "min": 0,
        "var": 3.74575090408
    },
    "zerocrossingrate": {
        "dmean": 0.00855305977166,
        "dmean2": 0.0103848418221,
        "dvar": 5.7295885199e-05,
        "dvar2": 7.62927884352e-05,
        "max": 0.1376953125,
        "mean": 0.0928139016032,
        "median": 0.09619140625,
        "min": 0.0126953125,
        "var": 0.000514459563419
    },
    "barkbands": {
        "dmean": [8.13566930447e-06, 0.00107185298111, 0.000626885739621, 0.000374921830371, 0.000612066825852, 0.000240393084823, 0.000132713612402, 0.000149868094013, 0.00044968619477, 0.000249376316788, 0.000310483359499, 0.000431371590821, 0.000186612000107, 0.00101120385807, 0.000547069706954, 0.00120970397256, 0.00101066019852, 0.000826243252959, 0.000831995799672, 0.000234883045778, 0.000173012711457, 3.86212377634e-05, 2.00263889383e-06, 5.76145885134e-06, 1.73820137661e-06, 9.30267901822e-07, 4.56938771265e-08],
        "dmean2": [1.31835186039e-05, 0.00185966910794, 0.00104170001578, 0.000632815004792, 0.00102644204162, 0.000399913522415, 0.000226561518502, 0.000244415248744, 0.000702137127519, 0.000404690159485, 0.000522176502272, 0.000748927588575, 0.000277557963273, 0.00167953199707, 0.000887959089596, 0.00209612539038, 0.00156564370263, 0.00134386657737, 0.00143240671605, 0.000389513035771, 0.000279466883512, 6.05953318882e-05, 3.13548366648e-06, 8.55328835314e-06, 2.80272229247e-06, 1.38287566642e-06, 7.42448875712e-08],
        "dvar": [2.47455750335e-10, 2.15602517528e-06, 4.98157930906e-07, 3.70819833506e-07, 5.88942668855e-07, 9.23604588365e-08, 2.84950321117e-08, 5.6402281956e-08, 4.38294847527e-07, 7.94494638967e-08, 2.52661948252e-07, 2.26164431183e-07, 6.84660435013e-08, 1.32321372348e-06, 3.16607241757e-07, 2.25000439968e-06, 1.1964954183e-06, 1.39623398354e-06, 1.43063778069e-06, 7.18015726875e-08, 4.57992221925e-08, 6.92392232438e-09, 9.06993403993e-12, 3.90298418584e-11, 4.71271676197e-12, 1.70284435424e-12, 4.18338307111e-15],
        "dvar2": [6.57612964083e-10, 5.23544986208e-06, 1.36545986607e-06, 7.33670674435e-07, 1.49023412632e-06, 2.51132291851e-07, 7.79758053682e-08, 1.16960173102e-07, 8.46777311381e-07, 1.69399086758e-07, 5.92843264258e-07, 6.3373482817e-07, 1.30920369656e-07, 3.12271708935e-06, 7.36227093512e-07, 6.44353804091e-06, 3.02320904666e-06, 3.9511196519e-06, 4.00482167606e-06, 2.17504563693e-07, 1.10081465721e-07, 1.77446359828e-08, 2.17764920679e-11, 7.57444940103e-11, 1.11632578181e-11, 3.25552844231e-12, 9.14882996835e-15],
        "max": [0.000140441101394, 0.0094813844189, 0.00419212691486, 0.00592978298664, 0.00528628239408, 0.002226654673, 0.0012279705843, 0.001991011668, 0.00727568473667, 0.00216603185982, 0.00395666016266, 0.00311363162473, 0.00328790186904, 0.0107275657356, 0.00363141810521, 0.0110689429566, 0.00785572361201, 0.0101947877556, 0.00787070952356, 0.00288752024062, 0.00215901690535, 0.000969717919361, 3.11719704769e-05, 5.70964366489e-05, 2.4356357244e-05, 1.04993659988e-05, 4.13402091226e-07],
        "mean": [8.21259345685e-06, 0.0012916601263, 0.000652432208881, 0.000411378452554, 0.000829660450108, 0.000327036657836, 0.000187359240954, 0.00021549325902, 0.000766878132708, 0.000415026326664, 0.000416123453761, 0.000599649210926, 0.000329697446432, 0.00147424743045, 0.0010054652812, 0.00204533920623, 0.00177795242053, 0.00140129122883, 0.00135448167566, 0.000496853725053, 0.000460339389974, 6.83285616105e-05, 4.07008474212e-06, 1.2054499166e-05, 3.92020956497e-06, 1.90594187188e-06, 6.18822326715e-08],
        "median": [4.27778013545e-06, 0.000742952164728, 0.000253051810432, 0.000166985788383, 0.000436541129602, 0.000194060296053, 0.000116600334877, 8.64715620992e-05, 0.000321475788951, 0.000256090046605, 0.000204755080631, 0.000408058665926, 0.000151003347128, 0.000920061778743, 0.000816215644591, 0.00158111320343, 0.00139784219209, 0.00104192923754, 0.000961205747444, 0.000397302792408, 0.000389957160223, 5.30756951775e-05, 2.93718744615e-06, 9.11263941816e-06, 2.98062877846e-06, 8.92849698175e-07, 1.16579492726e-08],
        "min": [3.07896982576e-07, 2.3194388632e-05, 1.50160144585e-06, 2.03479885386e-06, 5.30015267941e-06, 1.30487194383e-06, 3.96215318688e-06, 1.83126303455e-06, 8.09675748314e-06, 9.74825070443e-06, 1.43532884067e-06, 6.89029718615e-07, 3.41760323863e-06, 5.03620822201e-06, 4.71457906315e-06, 2.65371818386e-05, 1.44928135342e-05, 2.17822253035e-06, 1.53623454935e-06, 1.25925794237e-06, 7.80151140134e-07, 2.28099082733e-07, 3.69586317106e-08, 4.04959799027e-08, 3.08534531257e-08, 7.3640040732e-09, 2.01996375182e-09],
        "var": [1.77339615215e-10, 2.50272000812e-06, 6.38816118226e-07, 5.44457805063e-07, 9.79981564342e-07, 1.47576074028e-07, 4.21584758215e-08, 1.22189860008e-07, 1.51886399635e-06, 1.77631591214e-07, 3.33191678692e-07, 3.27135524003e-07, 2.8554049436e-07, 2.26398060477e-06, 5.95094036271e-07, 2.76888727058e-06, 1.9879530555e-06, 1.61998900694e-06, 1.93333335119e-06, 1.61383326258e-07, 1.50390704334e-07, 7.32207761089e-09, 1.89688143665e-11, 1.32599153879e-10, 1.33279940903e-11, 5.19243632466e-12, 8.78701476273e-15]
    },
    "erbbands": {
        "dmean": [0.0211354326457, 0.275721490383, 0.722891569138, 0.879412412643, 2.0477502346, 2.11928200722, 1.23787856102, 2.27077388763, 0.812928855419, 3.55120038986, 5.08393764496, 10.2872562408, 7.7595281601, 8.12045288086, 15.8138656616, 14.2007732391, 7.45636034012, 37.4634437561, 41.2057571411, 37.5539360046, 67.2732467651, 54.3244628906, 37.5293960571, 59.8930931091, 23.1807594299, 12.4710140228, 5.80255270004, 6.85400676727, 1.49877285957, 0.19901637733, 0.0639952421188, 0.135370314121, 0.0767615064979, 0.0318384468555, 0.00463115423918, 0.00491642719135, 0.00157770595979, 0.00012136623991, 6.64763956593e-06, 5.25257382833e-06],
        "dmean2": [0.0347883999348, 0.484756946564, 1.21748256683, 1.47420048714, 3.30871844292, 3.62825798988, 2.08166384697, 3.87219262123, 1.36777949333, 5.62062978745, 7.80784416199, 15.3976097107, 13.2216835022, 13.2880725861, 27.0701618195, 23.8233833313, 11.0596876144, 61.4391860962, 68.484664917, 62.066947937, 118.170310974, 83.9160003662, 60.1292076111, 100.231872559, 37.0365600586, 20.3250598907, 9.23960590363, 10.8161296844, 2.28881859779, 0.297778606415, 0.0967495962977, 0.200462430716, 0.109584592283, 0.0510192587972, 0.00678361998871, 0.00702390121296, 0.0023680080194, 0.000186312550795, 1.02358953882e-05, 8.24403377919e-06],
        "dvar": [0.000817022460978, 0.145679086447, 0.727329492569, 1.64189898968, 8.93614196777, 6.73420190811, 1.95332610607, 10.2509727478, 0.871626198292, 19.0397434235, 52.169960022, 285.993164062, 106.638023376, 84.9626922607, 545.860717773, 219.366989136, 102.346786499, 3052.06176758, 1582.0637207, 1463.67297363, 7186.52441406, 3683.50683594, 1949.53283691, 10592.5703125, 1266.93310547, 268.33215332, 32.8997535706, 109.513809204, 5.76160669327, 0.0587534308434, 0.00704467156902, 0.021134397015, 0.00765832141042, 0.0014301056508, 5.20930734638e-05, 4.29530628026e-05, 4.95640051668e-06, 2.63377408771e-08, 4.86481584183e-11, 1.80525924071e-11],
        "dvar2": [0.00194795127027, 0.357996553183, 1.96176040173, 3.38764595985, 23.1557159424, 17.5369052887, 4.89160871506, 28.2373256683, 2.39681625366, 42.0402412415, 122.468238831, 541.569335938, 252.74105835, 177.282501221, 1448.30480957, 629.607910156, 188.459411621, 7364.17480469, 3874.87988281, 3648.62670898, 20763.6152344, 8989.13378906, 5348.55908203, 31299.7929688, 3417.44335938, 813.999816895, 79.5756530762, 260.294464111, 13.8737974167, 0.134619787335, 0.01647788845, 0.0451390855014, 0.0161493029445, 0.00322071858682, 0.00010319455032, 8.17770778667e-05, 1.02500516732e-05, 4.99616241711e-08, 1.090289109e-10, 3.86616502701e-11],
        "max": [0.208720818162, 2.3254840374, 5.58200454712, 13.9773378372, 22.8592948914, 18.9018592834, 10.784198761, 25.2543830872, 7.25912666321, 39.7676620483, 61.2813186646, 193.54397583, 88.4012527466, 61.5855102539, 193.963943481, 118.001274109, 153.73626709, 635.702636719, 268.844085693, 242.632522583, 663.722717285, 457.203765869, 358.846984863, 876.344299316, 407.760620117, 193.182022095, 57.6851043701, 109.612991333, 29.1607379913, 2.91672039032, 0.674127519131, 1.267588377, 0.785131692886, 0.381873041391, 0.0974937528372, 0.0501777604222, 0.0185389444232, 0.0012813602807, 6.88396539772e-05, 3.92165311496e-05],
        "mean": [0.0259583797306, 0.331077009439, 0.810627698898, 1.04206848145, 2.56897068024, 2.67933607101, 1.8753991127, 2.9039580822, 1.37419986725, 5.45762252808, 7.10329914093, 18.3710594177, 12.0009078979, 13.6623764038, 23.4709873199, 21.0037097931, 16.941280365, 55.6148796082, 71.9197006226, 67.6417922974, 116.656738281, 102.506797791, 74.0923690796, 92.2070770264, 43.4427947998, 25.4824886322, 14.9472970963, 17.5301322937, 3.27495837212, 0.456498295069, 0.144974425435, 0.276290893555, 0.160521149635, 0.0765890702605, 0.0100098671392, 0.00996282882988, 0.0030935627874, 0.000211954305996, 1.96616929315e-05, 2.30529221881e-05],
        "median": [0.0133538758382, 0.199371024966, 0.387945055962, 0.487794548273, 1.21852231026, 1.45511364937, 1.19856667519, 1.71656107903, 0.943922936916, 2.9341840744, 3.01518177986, 7.35331106186, 8.42412567139, 9.22428894043, 17.0519046783, 15.0458126068, 8.73726844788, 31.6482009888, 53.9783325195, 59.9059371948, 89.0633468628, 80.6805877686, 62.633014679, 62.0228271484, 34.3259010315, 19.8489131927, 13.7744350433, 13.2916812897, 2.9256272316, 0.38690829277, 0.110440604389, 0.226670727134, 0.112761244178, 0.0589551068842, 0.00623367540538, 0.00481674214825, 0.00137083826121, 5.54390499019e-05, 1.54019544425e-05, 2.34106482822e-05],
        "min": [0.00031827352359, 0.00455702235922, 0.0099675282836, 0.0167143158615, 0.0199981629848, 0.0162547994405, 0.0100813945755, 0.0124367959797, 0.0512822009623, 0.0869230479002, 0.0908568575978, 0.200623005629, 0.314448088408, 0.222621634603, 0.0493136048317, 0.0329916961491, 0.162702351809, 0.278540164232, 0.273312389851, 0.814566850662, 1.88763618469, 0.746001243591, 0.131515309215, 0.103099994361, 0.077125787735, 0.0629052370787, 0.0282446276397, 0.0368376076221, 0.0108039248735, 0.00248800241388, 0.000978543888777, 0.000913685944397, 0.000624267733656, 0.000377579766791, 0.000193077517906, 5.37932864972e-05, 1.04245309558e-05, 1.08313020064e-06, 1.08724429992e-06, 6.53346489798e-07],
        "var": [0.00108904857188, 0.162684649229, 0.89091026783, 2.53912258148, 14.0975465775, 10.8533678055, 3.52967453003, 13.4209470749, 1.360049963, 51.3903083801, 99.1195526123, 1095.67785645, 188.658920288, 162.602905273, 596.186767578, 346.256164551, 645.224853516, 4790.37451172, 3029.99853516, 2372.84594727, 9104.27539062, 6045.12158203, 3193.30224609, 11306.7314453, 1674.53881836, 518.344116211, 109.618591309, 350.496429443, 8.96590137482, 0.152321234345, 0.0183912478387, 0.0679338350892, 0.0253191050142, 0.00443065585569, 0.000134274247102, 0.000137213981361, 1.43977104017e-05, 8.25302208796e-08, 1.66838973192e-10, 6.20129433915e-11]
    },
    "gfcc": {
        "mean": [-16.2685203552, 99.6651077271, -184.946517944, 54.7505950928, -29.2695560455, 0.0453554950655, -24.4976997375, 10.0260181427, -21.4097156525, -0.870816707611, -18.0047512054, -8.30783939362, 2.42301535606],
        "cov": [[1492.34838867, -617.182495117, -30.9364738464, -95.4681854248, -109.676826477, 119.171463013, -148.748474121, 82.4895324707, -168.978378296, 85.9034957886, 11.9297046661, 155.649887085, -125.759979248], [-617.182495117, 960.528747559, 141.826797485, -1.57186174393, 36.8806037903, -157.204605103, 143.059020996, -57.197227478, 152.032699585, -134.063827515, -53.0940475464, -174.483154297, 73.7015151978], [-30.9364738464, 141.826797485, 264.739471436, 91.375793457, 10.7187891006, -28.6890354156, -15.6641454697, 22.6761074066, -7.28412294388, -7.5491399765, -20.5849952698, 29.9975662231, -6.80013608932], [-95.4681854248, -1.57186174393, 91.375793457, 191.338592529, 47.7399559021, -9.81666564941, 3.19019985199, -11.598405838, 2.28527593613, 29.5533657074, 33.6539344788, 20.7035179138, 43.2892570496], [-109.676826477, 36.8806037903, 10.7187891006, 47.7399559021, 102.603538513, 35.2906608582, 11.2301921844, -8.76605319977, 11.3576726913, -23.6860618591, -2.04342746735, -19.0567264557, -7.29195690155], [119.171463013, -157.204605103, -28.6890354156, -9.81666564941, 35.2906608582, 107.5443573, -4.30655813217, 3.35531687737, -36.1066360474, 22.6833286285, 14.6166286469, 19.5293445587, -31.6619472504], [-148.748474121, 143.059020996, -15.6641454697, 3.19019985199, 11.2301921844, -4.30655813217, 77.9882583618, 9.23296260834, 34.6529273987, -14.1547269821, 2.92009949684, -30.9887161255, 28.3319625854], [82.4895324707, -57.197227478, 22.6761074066, -11.598405838, -8.76605319977, 3.35531687737, 9.23296260834, 65.4611434937, 17.060552597, 7.21976327896, -3.80282998085, 23.8227729797, -2.94174456596], [-168.978378296, 152.032699585, -7.28412294388, 2.28527593613, 11.3576726913, -36.1066360474, 34.6529273987, 17.060552597, 84.2871551514, 0.577937543392, -9.2106590271, -37.7727127075, 25.5067520142], [85.9034957886, -134.063827515, -7.5491399765, 29.5533657074, -23.6860618591, 22.6833286285, -14.1547269821, 7.21976327896, 0.577937543392, 84.9276809692, 42.0773391724, 36.363658905, 7.75071668625], [11.9297046661, -53.0940475464, -20.5849952698, 33.6539344788, -2.04342746735, 14.6166286469, 2.92009949684, -3.80282998085, -9.2106590271, 42.0773391724, 64.5973815918, 31.7762889862, 15.1187162399], [155.649887085, -174.483154297, 29.9975662231, 20.7035179138, -19.0567264557, 19.5293445587, -30.9887161255, 23.8227729797, -37.7727127075, 36.363658905, 31.7762889862, 88.6976242065, 11.1901111603], [-125.759979248, 73.7015151978, -6.80013608932, 43.2892570496, -7.29195690155, -31.6619472504, 28.3319625854, -2.94174456596, 25.5067520142, 7.75071668625, 15.1187162399, 11.1901111603, 85.8463897705]],
        "icov": [[0.00201694807038, -0.00314326072112, 0.00431860983372, -0.00246952637099, 0.00130195124075, -0.00175371824298, 0.00455603422597, -0.00708208978176, 0.00671429326758, -0.00455161882564, 0.00457069929689, -0.00374490395188, 0.00305731361732], [-0.00314326072112, 0.0178807713091, -0.021057471633, 0.0126545131207, -0.0015045828186, 0.00695324037224, -0.0184092279524, 0.0272456873208, -0.0263074245304, 0.0213546715677, -0.0212413724512, 0.0183343589306, -0.0113196549937], [0.00431860983372, -0.021057471633, 0.0315443649888, -0.0194710437208, 0.00272381259128, -0.00628745928407, 0.0208723917603, -0.0339031592011, 0.031513210386, -0.0247088894248, 0.030011150986, -0.0261769536883, 0.0175787489861], [-0.00246952637099, 0.0126545131207, -0.0194710437208, 0.0218749064952, -0.0106344176456, 0.00944509357214, -0.013003998436, 0.0196960885078, -0.0134972855449, 0.00763964606449, -0.0188721343875, 0.016280239448, -0.0149860773236], [0.00130195124075, -0.0015045828186, 0.00272381259128, -0.0106344176456, 0.0253105610609, -0.0158647671342, 0.00544687313959, -5.48087446077e-05, -0.00983048975468, 0.0138991102576, -0.00121282890905, -0.00298436102457, 0.00554503826424], [-0.00175371824298, 0.00695324037224, -0.00628745928407, 0.00944509357214, -0.0158647671342, 0.0268700253218, -0.0151357958093, 0.00830968189985, 0.00340495281853, -0.00601562391967, -0.00446144677699, 0.00539057841524, -0.000342336745234], [0.00455603422597, -0.0184092279524, 0.0208723917603, -0.013003998436, 0.00544687313959, -0.0151357958093, 0.0462328717113, -0.0385630615056, 0.0247411374003, -0.0148227559403, 0.0120299784467, -0.005108976271, 0.0015249948483], [-0.00708208978176, 0.0272456873208, -0.0339031592011, 0.0196960885078, -5.48087446077e-05, 0.00830968189985, -0.0385630615056, 0.0742640420794, -0.0585512258112, 0.0362950339913, -0.027037627995, 0.00880641117692, -0.0103180147707], [0.00671429326758, -0.0263074245304, 0.031513210386, -0.0134972855449, -0.00983048975468, 0.00340495281853, 0.0247411374003, -0.0585512258112, 0.0775722637773, -0.0497979819775, 0.0347977653146, -0.00962690263987, 0.00854743365198], [-0.00455161882564, 0.0213546715677, -0.0247088894248, 0.00763964606449, 0.0138991102576, -0.00601562391967, -0.0148227559403, 0.0362950339913, -0.0497979819775, 0.0594154968858, -0.0399316586554, 0.016124734655, -0.0113511784002], [0.00457069929689, -0.0212413724512, 0.030011150986, -0.0188721343875, -0.00121282890905, -0.00446144677699, 0.0120299784467, -0.027037627995, 0.0347977653146, -0.0399316586554, 0.0599051229656, -0.0358523353934, 0.0175700373948], [-0.00374490395188, 0.0183343589306, -0.0261769536883, 0.016280239448, -0.00298436102457, 0.00539057841524, -0.005108976271, 0.00880641117692, -0.00962690263987, 0.016124734655, -0.0358523353934, 0.0586170479655, -0.0277093164623], [0.00305731361732, -0.0113196549937, 0.0175787489861, -0.0149860773236, 0.00554503826424, -0.000342336745234, 0.0015249948483, -0.0103180147707, 0.00854743365198, -0.0113511784002, 0.0175700373948, -0.0277093164623, 0.0332858487964]]
    },
    "melbands": {
        "dmean": [0.000252854602877, 0.000357064971467, 0.00017782865325, 0.000159385352163, 4.77560788568e-05, 4.76929417346e-05, 1.62329160958e-05, 3.56368109351e-05, 5.61001143069e-05, 6.240397488e-05, 3.92308975279e-05, 3.4071461414e-05, 4.95646709169e-05, 6.01671126788e-05, 1.41707778312e-05, 3.04939567286e-05, 7.67972233007e-05, 8.24009548523e-05, 4.27701816079e-05, 6.33078598185e-05, 8.72711461852e-05, 5.97180442128e-05, 4.49223480246e-05, 4.30020227213e-05, 5.53299105377e-05, 2.22613252845e-05, 1.25773913169e-05, 7.86948203313e-06, 2.62893036052e-06, 6.44691090201e-06, 3.12459314955e-06, 1.06421975943e-06, 3.35572394761e-07, 4.97971086588e-08, 3.04370217918e-08, 6.40167030497e-08, 9.41401054888e-08, 6.67064625759e-08, 3.68545762797e-08, 2.52118734778e-08],
        "dmean2": [0.000422508514021, 0.000603616586886, 0.000305693858536, 0.00026015623007, 7.97911488917e-05, 8.09289704193e-05, 2.79257455986e-05, 5.67642673559e-05, 8.57989070937e-05, 9.49960231083e-05, 6.61112644593e-05, 5.63566754863e-05, 8.46561524668e-05, 0.000105697596155, 2.18915047299e-05, 4.87714314659e-05, 0.00012721940584, 0.000140682735946, 7.01772369212e-05, 0.000108581931272, 0.000151994507178, 9.17822544579e-05, 6.97232680977e-05, 7.2047165304e-05, 9.34882627917e-05, 3.5824632505e-05, 2.11058359127e-05, 1.3251906239e-05, 4.21929689765e-06, 1.048852846e-05, 4.92059871249e-06, 1.65924609519e-06, 5.12779593009e-07, 7.81152493801e-08, 4.85706515008e-08, 9.72814007127e-08, 1.4459034503e-07, 9.78581766731e-08, 5.80753152235e-08, 4.09975378091e-08],
        "dvar": [1.17543734746e-07, 1.89160161312e-07, 6.12154380519e-08, 4.00923880761e-08, 3.33622307558e-09, 4.24770529861e-09, 4.30765700887e-10, 2.03586481007e-09, 6.75016043061e-09, 9.14091558002e-09, 2.60051180589e-09, 1.51130230552e-09, 6.27201757197e-09, 4.42882530649e-09, 2.16242967976e-10, 1.80348902479e-09, 1.2374558267e-08, 7.17959025565e-09, 1.78216874591e-09, 6.21284801383e-09, 1.33775897027e-08, 4.50337767077e-09, 1.84988946383e-09, 4.59339277725e-09, 9.11648712076e-09, 1.09555498007e-09, 1.76968786847e-10, 1.71344771704e-10, 7.50661859061e-12, 5.32378342799e-11, 2.40145386216e-11, 5.01023441485e-12, 1.33965118187e-13, 7.62806786188e-15, 1.68968779296e-15, 6.56968875934e-15, 1.10913628135e-14, 6.29241972384e-15, 2.11397167844e-15, 8.74218363817e-16],
        "dvar2": [2.86326866217e-07, 5.10584129643e-07, 1.2759763024e-07, 1.04297264159e-07, 8.96614160695e-09, 1.15683977953e-08, 1.19951104605e-09, 4.33594715687e-09, 1.55863375539e-08, 1.79135390965e-08, 6.25588647551e-09, 3.2498748137e-09, 1.51786654357e-08, 1.21940590958e-08, 5.18440346209e-10, 4.62924631961e-09, 2.93342239388e-08, 1.80340826716e-08, 4.40354552822e-09, 1.62275153315e-08, 3.91148340384e-08, 1.13822311576e-08, 4.43041026088e-09, 1.31347572818e-08, 2.69757087779e-08, 2.68748090448e-09, 5.25452736877e-10, 4.97977381553e-10, 1.75762165239e-11, 1.35249964006e-10, 5.60747524803e-11, 1.22534152963e-11, 3.33193135625e-13, 1.99972806733e-14, 4.10006636932e-15, 1.58612882485e-14, 2.36550332138e-14, 1.40345719123e-14, 5.00672111869e-15, 2.03724002254e-15],
        "max": [0.00241147261113, 0.00306392810307, 0.00214819586836, 0.00134185003117, 0.000502893817611, 0.000496051507071, 0.000161414267495, 0.000433331821114, 0.000678046897519, 0.00104906316847, 0.000422935961979, 0.000253509468166, 0.000634310534224, 0.000429677951615, 0.000148666687892, 0.000451771600638, 0.00123970245477, 0.000534486956894, 0.000356155796908, 0.000606956833508, 0.000976488227025, 0.000522904039826, 0.000358212797437, 0.000572389981244, 0.000797140586656, 0.000360739213647, 0.00010402478074, 0.000157804970513, 2.68593030341e-05, 6.45250256639e-05, 5.12695405632e-05, 2.70208856818e-05, 3.34956598635e-06, 1.04977948467e-06, 3.75509188189e-07, 6.93154277087e-07, 9.08043205072e-07, 7.03969135429e-07, 4.17274236497e-07, 2.87997124815e-07],
        "mean": [0.000307684909785, 0.000441506301286, 0.000226796764764, 0.000211187842069, 7.27531150915e-05, 6.25896573183e-05, 2.54375245277e-05, 5.5188411352e-05, 7.82795614214e-05, 0.000108753389213, 5.71883829252e-05, 5.32311933057e-05, 7.13092813385e-05, 8.18553598947e-05, 2.35283514485e-05, 5.47330673726e-05, 0.00010806658247, 0.000127626306494, 7.50119434088e-05, 0.000107455991383, 0.000142558696098, 0.000102510428405, 8.44086971483e-05, 6.49978464935e-05, 7.92663558968e-05, 3.88925109291e-05, 2.29807810683e-05, 1.45890262502e-05, 6.23403457212e-06, 1.47878008647e-05, 7.53363701733e-06, 1.88039643945e-06, 6.38343522041e-07, 8.63864997314e-08, 5.95852824858e-08, 1.29061234588e-07, 1.85267083452e-07, 1.23176079114e-07, 8.47991046271e-08, 5.56924355521e-08],
        "median": [0.000178233342012, 0.000257592531852, 0.0001137955187, 0.000100369135907, 4.26643018727e-05, 3.61379170499e-05, 1.74169490492e-05, 2.78129300568e-05, 2.63683286903e-05, 4.43962453573e-05, 3.29129979946e-05, 3.37891142408e-05, 4.12377085013e-05, 5.54903926968e-05, 1.64840985235e-05, 2.30566274695e-05, 6.0019272496e-05, 9.1028996394e-05, 6.23340383754e-05, 8.27620533528e-05, 0.000106613428215, 7.70994811319e-05, 6.94497866789e-05, 4.61859999632e-05, 5.22261580045e-05, 2.99028506561e-05, 1.95045049622e-05, 1.0209922948e-05, 5.65652544537e-06, 1.22152341646e-05, 5.34598211743e-06, 1.40316956276e-06, 5.1573294968e-07, 5.42291935801e-08, 4.41427197018e-08, 9.98046729705e-08, 1.54899950644e-07, 8.71867982255e-08, 6.05401453413e-08, 4.31540421175e-08],
        "min": [4.71408748126e-06, 6.14453028902e-06, 3.04832656184e-06, 1.35738753215e-06, 4.04913123475e-07, 2.73896830549e-07, 9.02363012756e-07, 8.03526575055e-07, 9.64563469097e-07, 1.31480680921e-06, 1.3918811419e-06, 9.80367985903e-07, 1.50755994355e-07, 8.19027548005e-08, 1.60968625096e-07, 4.98917017921e-07, 4.82696350446e-07, 4.21301450615e-07, 4.0488643549e-07, 1.88947763036e-06, 2.23888855544e-06, 8.7067428467e-07, 1.56689466735e-07, 8.59768505279e-08, 8.21147807528e-08, 5.80306327436e-08, 4.09069080831e-08, 4.45838814755e-08, 1.75987526774e-08, 2.12723261228e-08, 1.78715158228e-08, 6.45886988337e-09, 2.39334951857e-09, 9.95701743278e-10, 5.20078480282e-10, 5.7272336873e-10, 5.59094937014e-10, 4.39283664999e-10, 3.81371378921e-10, 2.9465146989e-10],
        "var": [1.4506834134e-07, 2.28418741699e-07, 1.01768861782e-07, 6.78888838479e-08, 5.48887291174e-09, 5.95831917138e-09, 5.52733858683e-10, 5.72324543313e-09, 1.5135920961e-08, 3.31919451924e-08, 4.67890526323e-09, 2.70552247272e-09, 7.7431288048e-09, 6.2675260537e-09, 4.742140014e-10, 7.05796399103e-09, 1.80730221899e-08, 1.15338760764e-08, 3.27049076709e-09, 7.84373810347e-09, 1.52860550884e-08, 7.10610059684e-09, 4.2559822333e-09, 4.59655602469e-09, 9.38096977876e-09, 1.59195145955e-09, 2.948496447e-10, 2.50968357207e-10, 2.23611042877e-11, 1.47136094975e-10, 7.59122487093e-11, 5.831145896e-12, 3.21275531135e-13, 1.11051152405e-14, 3.76774019224e-15, 1.5733682735e-14, 3.13785422071e-14, 1.65008591101e-14, 6.27784101627e-15, 2.43485761677e-15]
    },
    "mfcc": {
        "mean": [-635.080322266, 115.835006714, -72.4725036621, 48.4865875244, 9.48649406433, 1.64625370502, 10.6905965805, -1.32764720917, 17.1227111816, -2.34052610397, -1.7846249342, 1.42775833607, -11.9351854324],
        "cov": [[1517.82189941, -544.067443848, -68.638671875, -203.384552002, -36.4406852722, -24.2697925568, 17.7608528137, 9.23411846161, -172.466415405, 7.85347747803, -27.4844646454, -12.5377893448, 3.91867280006], [-544.067443848, 786.62298584, 101.753318787, 107.875198364, -49.513168335, -28.3830051422, -60.7962303162, 32.1157798767, 119.713386536, 42.8541030884, -7.20200109482, -34.8666000366, -20.5224628448], [-68.638671875, 101.753318787, 212.401367188, 98.7494430542, 23.0673007965, -17.5883255005, -4.89261674881, 9.42420387268, 4.72703838348, -16.8605766296, -5.87499809265, -12.3743114471, 16.543510437], [-203.384552002, 107.875198364, 98.7494430542, 197.838668823, 43.1286659241, -9.25955677032, 4.2783164978, -15.7428197861, 44.1718292236, -27.029417038, 3.42333483696, 2.76136445999, 9.49276256561], [-36.4406852722, -49.513168335, 23.0673007965, 43.1286659241, 98.7072372437, 39.991771698, 11.3173885345, 18.0212669373, -10.053935051, 0.10001847893, 5.23943328857, -3.43549966812, -2.93448662758], [-24.2697925568, -28.3830051422, -17.5883255005, -9.25955677032, 39.991771698, 85.4338302612, 38.5157852173, -4.68916368484, -18.9399223328, 2.73972725868, 7.11747932434, 9.91778659821, -6.62998199463], [17.7608528137, -60.7962303162, -4.89261674881, 4.2783164978, 11.3173885345, 38.5157852173, 70.3668365479, 7.26423406601, -17.1872158051, -9.54033374786, 6.87455368042, 6.45948219299, 1.77484464645], [9.23411846161, 32.1157798767, 9.42420387268, -15.7428197861, 18.0212669373, -4.68916368484, 7.26423406601, 78.0411300659, 7.14688158035, 11.4648704529, -3.11621260643, -20.2069683075, -9.29153728485], [-172.466415405, 119.713386536, 4.72703838348, 44.1718292236, -10.053935051, -18.9399223328, -17.1872158051, 7.14688158035, 93.6547393799, 16.6543178558, -5.11011791229, 3.1584405899, 9.45969581604], [7.85347747803, 42.8541030884, -16.8605766296, -27.029417038, 0.10001847893, 2.73972725868, -9.54033374786, 11.4648704529, 16.6543178558, 54.9017524719, 14.3169555664, -7.21624612808, -11.9920654297], [-27.4844646454, -7.20200109482, -5.87499809265, 3.42333483696, 5.23943328857, 7.11747932434, 6.87455368042, -3.11621260643, -5.11011791229, 14.3169555664, 58.2553749084, 22.5935325623, -9.00207138062], [-12.5377893448, -34.8666000366, -12.3743114471, 2.76136445999, -3.43549966812, 9.91778659821, 6.45948219299, -20.2069683075, 3.1584405899, -7.21624612808, 22.5935325623, 53.2723693848, 20.6735286713], [3.91867280006, -20.5224628448, 16.543510437, 9.49276256561, -2.93448662758, -6.62998199463, 1.77484464645, -9.29153728485, 9.45969581604, -11.9920654297, -9.00207138062, 20.6735286713, 51.3655128479]],
