{
"lowlevel": {
    "average_loudness": 0.979410469532,
    "barkbands_crest": {
        "dmean": 2.54562282562,
        "dmean2": 4.23453140259,
        "dvar": 5.43063831329,
        "dvar2": 11.3955936432,
        "max": 22.560213089,
        "mean": 8.1038942337,
        "median": 7.23104095459,
        "min": 3.157102108,
        "var": 12.0859527588
    },
    "barkbands_flatness_db": {
        "dmean": 0.0162745621055,
        "dmean2": 0.0253674332052,
        "dvar": 0.000160215960932,
        "dvar2": 0.000399342359742,
        "max": 0.187741041183,
        "mean": 0.128534495831,
        "median": 0.126689210534,
        "min": 0.0676622390747,
        "var": 0.000511103658937
    },
    "barkbands_kurtosis": {
        "dmean": 1.69293045998,
        "dmean2": 2.62893176079,
        "dvar": 3.96118044853,
        "dvar2": 10.4364871979,
        "max": 18.1978816986,
        "mean": 1.27037990093,
        "median": 0.494222521782,
        "min": -1.78037297726,
        "var": 9.9430809021
    },
    "barkbands_skewness": {
        "dmean": 0.46643948555,
        "dmean2": 0.749020934105,
        "dvar": 0.123602598906,
        "dvar2": 0.329858243465,
        "max": 1.29756546021,
        "mean": -0.952771186829,
        "median": -1.13760066032,
        "min": -3.06186914444,
        "var": 0.914058864117
    },
    "barkbands_spread": {
        "dmean": 6.44681692123,
        "dmean2": 10.0538711548,
        "dvar": 21.814496994,
        "dvar2": 66.0776519775,
        "max": 51.4902420044,
        "mean": 27.1029415131,
        "median": 25.8163089752,
        "min": 4.38250494003,
        "var": 139.814712524
    },
    "dissonance": {
        "dmean": 0.0047026607208,
        "dmean2": 0.00808014813811,
        "dvar": 1.96707278519e-05,
        "dvar2": 4.93004881719e-05,
        "max": 0.499961584806,
        "mean": 0.493502944708,
        "median": 0.494595050812,
        "min": 0.456674367189,
        "var": 3.01126710838e-05
    },
    "dynamic_complexity": 1.26658880711,
    "erbbands_crest": {
        "dmean": 3.02497768402,
        "dmean2": 5.05916309357,
        "dvar": 10.0168800354,
        "dvar2": 21.6554737091,
        "max": 30.5059318542,
        "mean": 10.4997215271,
        "median": 9.28765392303,
        "min": 4.95617294312,
        "var": 19.2195491791
    },
    "erbbands_flatness_db": {
        "dmean": 0.0166653487831,
        "dmean2": 0.025580804795,
        "dvar": 0.000164630953805,
        "dvar2": 0.000429449894,
        "max": 0.306918829679,
        "mean": 0.227635577321,
        "median": 0.226380199194,
        "min": 0.16318680346,
        "var": 0.000434373185271
    },
    "erbbands_kurtosis": {
        "dmean": 2.40442681313,
        "dmean2": 3.96151471138,
        "dvar": 5.29633426666,
        "dvar2": 13.4208621979,
        "max": 23.4562034607,
        "mean": 4.44935750961,
        "median": 3.87034273148,
        "min": -0.590922117233,
        "var": 10.824297905
    },
    "erbbands_skewness": {
        "dmean": 0.44191724062,
        "dmean2": 0.737909495831,
        "dvar": 0.143889635801,
        "dvar2": 0.321028620005,
        "max": 1.79415810108,
        "mean": -1.22502553463,
        "median": -1.36224770546,
        "min": -2.77066516876,
        "var": 0.479841440916
    },
    "erbbands_spread": {
        "dmean": 3.84631705284,
        "dmean2": 6.47152328491,
        "dvar": 13.6681528091,
        "dvar2": 38.0866661072,
        "max": 39.7637405396,
        "mean": 14.8276500702,
        "median": 12.7257461548,
        "min": 2.60157823563,
        "var": 57.2033958435
    },
    "hfc": {
        "dmean": 6.44074630737,
        "dmean2": 10.3287973404,
        "dvar": 29.2299365997,
        "dvar2": 67.8527069092,
        "max": 59.0647163391,
        "mean": 32.85521698,
        "median": 35.1680221558,
        "min": 6.25709867477,
        "var": 190.659225464
    },
    "melbands_crest": {
        "dmean": 3.07346510887,
        "dmean2": 4.9745721817,
        "dvar": 8.35258579254,
        "dvar2": 19.7611236572,
        "max": 29.751077652,
        "mean": 9.66785144806,
        "median": 8.73003864288,
        "min": 3.9882144928,
        "var": 18.3394680023
    },
    "melbands_flatness_db": {
        "dmean": 0.0180614795536,
        "dmean2": 0.0279301721603,
        "dvar": 0.000246793264523,
        "dvar2": 0.000698321731761,
        "max": 0.256826281548,
        "mean": 0.132020935416,
        "median": 0.118963956833,
        "min": 0.0789590701461,
        "var": 0.00154743343592
    },
    "melbands_kurtosis": {
        "dmean": 1.31893360615,
        "dmean2": 2.30213999748,
        "dvar": 2.59619021416,
        "dvar2": 7.76941919327,
        "max": 9.46311855316,
        "mean": 0.0131902238354,
        "median": -0.708473920822,
        "min": -1.75763857365,
        "var": 3.98633360863
    },
    "melbands_skewness": {
        "dmean": 0.51404440403,
        "dmean2": 0.820433616638,
        "dvar": 0.157916203141,
        "dvar2": 0.480814129114,
        "max": 3.23668622971,
        "mean": 0.156223937869,
        "median": -0.117738597095,
        "min": -2.5186111927,
        "var": 1.21419620514
    },
    "melbands_spread": {
        "dmean": 14.4363765717,
        "dmean2": 24.6295890808,
        "dvar": 123.442512512,
        "dvar2": 324.699493408,
        "max": 110.119926453,
        "mean": 64.1114578247,
        "median": 65.2410430908,
        "min": 21.0872154236,
        "var": 292.583679199
    },
    "pitch_salience": {
        "dmean": 0.0669707283378,
        "dmean2": 0.110493980348,
        "dvar": 0.00376867246814,
        "dvar2": 0.00867403578013,
        "max": 0.815743148327,
        "mean": 0.639202654362,
        "median": 0.657439291477,
        "min": 0.279302299023,
        "var": 0.00798896420747
    },
    "silence_rate_20dB": {
        "dmean": 0,
        "dmean2": 0,
        "dvar": 0,
        "dvar2": 0,
        "max": 1,
        "mean": 1,
        "median": 1,
        "min": 1,
        "var": 0
    },
    "silence_rate_30dB": {
        "dmean": 0,
        "dmean2": 0,
        "dvar": 0,
        "dvar2": 0,
        "max": 1,
        "mean": 1,
        "median": 1,
        "min": 1,
        "var": 0
    },
    "silence_rate_60dB": {
        "dmean": 0,
        "dmean2": 0,
        "dvar": 0,
        "dvar2": 0,
        "max": 0,
        "mean": 0,
        "median": 0,
        "min": 0,
        "var": 0
    },
    "spectral_centroid": {
        "dmean": 153.007995605,
        "dmean2": 239.912811279,
        "dvar": 15592.8447266,
        "dvar2": 41754.859375,
        "max": 3227.28686523,
        "mean": 2634.85546875,
        "median": 2667.98510742,
        "min": 1850.55603027,
        "var": 65108.4453125
    },
    "spectral_complexity": {
        "dmean": 5.00913238525,
        "dmean2": 7.77064228058,
        "dvar": 16.1277694702,
        "dvar2": 31.7088565826,
        "max": 51,
        "mean": 33.8363647461,
        "median": 34,
        "min": 11,
        "var": 56.8368644714
    },
    "spectral_decrease": {
        "dmean": 5.76964587218e-10,
        "dmean2": 9.81243752918e-10,
        "dvar": 2.53693036846e-19,
        "dvar2": 7.01841294754e-19,
        "max": -1.62060065367e-09,
        "mean": -3.52617424149e-09,
        "median": -3.64224872484e-09,
        "min": -5.27354337976e-09,
        "var": 5.43263947088e-19
    },
    "spectral_energy": {
        "dmean": 0.00261666649021,
        "dmean2": 0.00441856682301,
        "dvar": 5.00532269143e-06,
        "dvar2": 1.32310933623e-05,
        "max": 0.0234689898789,
        "mean": 0.0162886679173,
        "median": 0.0169203858823,
        "min": 0.00691204564646,
        "var": 1.44698824442e-05
    },
    "spectral_energyband_high": {
        "dmean": 0.000292613956844,
        "dmean2": 0.000450984458439,
        "dvar": 8.88010447397e-08,
        "dvar2": 2.12168643543e-07,
        "max": 0.00312587618828,
        "mean": 0.000853598408867,
        "median": 0.000727032136638,
        "min": 9.89189866232e-05,
        "var": 3.60405806532e-07
    },
    "spectral_energyband_low": {
        "dmean": 0.00110683345702,
        "dmean2": 0.00182720867451,
        "dvar": 1.5929899746e-06,
        "dvar2": 5.23279413756e-06,
        "max": 0.00965029280633,
        "mean": 0.00178502569906,
        "median": 0.00111232115887,
        "min": 8.04738301667e-05,
        "var": 3.00594115288e-06
    },
    "spectral_energyband_middle_high": {
        "dmean": 0.00233539543115,
        "dmean2": 0.00376386963762,
        "dvar": 3.4282722936e-06,
        "dvar2": 8.70514941198e-06,
        "max": 0.0207373425364,
        "mean": 0.0116815185174,
        "median": 0.012335870415,
        "min": 0.00225676200353,
        "var": 2.40175704675e-05
    },
    "spectral_energyband_middle_low": {
        "dmean": 0.00103947869502,
        "dmean2": 0.00164182472508,
        "dvar": 8.21978005661e-07,
        "dvar2": 2.014368647e-06,
        "max": 0.00977038126439,
        "mean": 0.00230944319628,
        "median": 0.00187545851804,
        "min": 0.00018962509057,
        "var": 2.99129374071e-06
    },
    "spectral_entropy": {
        "dmean": 0.097940325737,
        "dmean2": 0.149898841977,
        "dvar": 0.00584797514603,
        "dvar2": 0.0145794898272,
        "max": 8.22656440735,
        "mean": 7.60933732986,
        "median": 7.6078042984,
        "min": 7.26965713501,
        "var": 0.0135622154921
    },
    "spectral_flux": {
        "dmean": 0.0107507146895,
        "dmean2": 0.0181451663375,
        "dvar": 0.000114432143164,
        "dvar2": 0.000306148314849,
        "max": 0.125593334436,
        "mean": 0.0834630280733,
        "median": 0.0845080241561,
        "min": 0.043492410332,
        "var": 0.000224199451623
    },
    "spectral_kurtosis": {
        "dmean": 2.82316946983,
        "dmean2": 5.00941801071,
        "dvar": 4.96235561371,
        "dvar2": 14.5836687088,
        "max": 16.9464187622,
        "mean": 7.06240701675,
        "median": 6.81158399582,
        "min": 1.2493891716,
        "var": 9.53816699982
    },
    "spectral_rms": {
        "dmean": 0.000332428258844,
        "dmean2": 0.000559836975299,
        "dvar": 8.74846577403e-08,
        "dvar2": 2.37728713159e-07,
        "max": 0.00478503666818,
        "mean": 0.00395643478259,
        "median": 0.00406296551228,
        "min": 0.00259681721218,
        "var": 2.37989326024e-07
    },
    "spectral_rolloff": {
        "dmean": 248.565963745,
        "dmean2": 410.908721924,
        "dvar": 66457.1171875,
        "dvar2": 173608.421875,
        "max": 4091.30859375,
        "mean": 3023.94628906,
        "median": 3046.94824219,
        "min": 1507.32421875,
        "var": 147289.640625
    },
    "spectral_skewness": {
        "dmean": 0.284322619438,
        "dmean2": 0.494107425213,
        "dvar": 0.0597131028771,
        "dvar2": 0.154852077365,
        "max": 2.84706234932,
        "mean": 1.20244967937,
        "median": 1.23956441879,
        "min": 0.196494325995,
        "var": 0.211604103446
    },
    "spectral_spread": {
        "dmean": 259786.375,
        "dmean2": 388813.09375,
        "dvar": 503849582592,
        "dvar2": 541755637760,
        "max": 12789863,
        "mean": 2326788.75,
        "median": 2229621.75,
        "min": 1672945.125,
        "var": 573914546176
    },
    "spectral_strongpeak": {
        "dmean": 1.55000531673,
        "dmean2": 2.52303981781,
        "dvar": 2.78930068016,
        "dvar2": 6.97588777542,
        "max": 10.7759609222,
        "mean": 2.73688435555,
        "median": 2.65221428871,
        "min": 0.0568759813905,
        "var": 6.45650625229
    },
    "zerocrossingrate": {
        "dmean": 0.00660628918558,
        "dmean2": 0.00791105255485,
        "dvar": 4.07625593652e-05,
        "dvar2": 4.62959869765e-05,
        "max": 0.1396484375,
        "mean": 0.101833276451,
        "median": 0.106689453125,
        "min": 0.04443359375,
        "var": 0.000413793110056
    },
    "barkbands": {
        "dmean": [6.61577450956e-06, 0.000764259079006, 0.000370580382878, 0.000468957063276, 0.000546906376258, 0.000276116596069, 0.000142930337461, 6.64695398882e-05, 0.000216912289034, 0.000157137503265, 0.000135794922244, 0.000169745500898, 0.000154883557116, 0.000709167856257, 0.000485960714286, 0.0012979360763, 0.00133007450495, 0.00114034477156, 0.000636192504317, 0.000227645316045, 0.000211983046029, 2.80096937786e-05, 4.11791870647e-06, 1.07571268018e-05, 4.35253969044e-06, 2.36172172663e-06, 1.48218305185e-07],
        "dmean2": [1.03088696051e-05, 0.00129226373974, 0.000653838797007, 0.000803800416179, 0.00089028844377, 0.000451975211035, 0.000255662715062, 0.000113526075438, 0.00035304078483, 0.000269133422989, 0.000233044615015, 0.000290481722914, 0.000258624611888, 0.00110320805106, 0.00083890161477, 0.00212517334148, 0.00212414679118, 0.00185052677989, 0.0010432790732, 0.000377946067601, 0.000333783653332, 4.67147328891e-05, 6.47954129818e-06, 1.63058866747e-05, 7.05022875991e-06, 3.79609673473e-06, 2.18460442625e-07],
        "dvar": [8.87178872033e-11, 1.01847376754e-06, 2.09457354572e-07, 2.80621520687e-07, 5.7000823972e-07, 1.2846852826e-07, 8.23708603548e-08, 7.23278548165e-09, 1.04820280455e-07, 4.53795898636e-08, 4.1673658302e-08, 6.19479223474e-08, 1.54404105501e-07, 1.26488862406e-06, 3.98629993015e-07, 2.6638140298e-06, 1.59551655088e-06, 2.11912401937e-06, 5.01353895288e-07, 5.73812712901e-08, 5.15837861315e-08, 6.21176055038e-10, 4.79382956942e-11, 2.57158905281e-10, 1.0065923095e-10, 2.21324451821e-11, 1.08847250603e-13],
        "dvar2": [1.98989269506e-10, 3.32646368406e-06, 6.11755922364e-07, 6.92013941261e-07, 1.28919782583e-06, 2.99610150023e-07, 2.30504127785e-07, 1.94349940585e-08, 2.88599551368e-07, 1.08142216959e-07, 1.05049686283e-07, 1.65640969385e-07, 3.18819445511e-07, 2.58611225945e-06, 1.10683879484e-06, 6.53295137454e-06, 4.33335253547e-06, 4.42784221377e-06, 1.30993362291e-06, 1.42135718306e-07, 1.24204603935e-07, 1.82564241502e-09, 1.14507243965e-10, 6.12824901935e-10, 2.69730182634e-10, 5.4150607609e-11, 1.64115154301e-13],
        "max": [8.12860962469e-05, 0.00728905107826, 0.00314395129681, 0.00438153697178, 0.008634313941, 0.00237686140463, 0.00267972936854, 0.000654644391034, 0.00249619735405, 0.001664374955, 0.00248445384204, 0.00227975053713, 0.00390713103116, 0.0140784652904, 0.00563614163548, 0.0145176295191, 0.0136430282146, 0.0128272632137, 0.00564184645191, 0.00218805810437, 0.00237287348136, 0.000191985454876, 6.65120023768e-05, 0.000186295394087, 0.00010047093383, 4.09391468565e-05, 3.97087069359e-06],
        "mean": [8.26390441944e-06, 0.00103190075606, 0.000438815972302, 0.00054954609368, 0.000849034229759, 0.000334088981617, 0.000153699875227, 8.80157313077e-05, 0.000288892188109, 0.000222771705012, 0.0001914024906, 0.000266684161033, 0.000234631690546, 0.00146098982077, 0.000753771397285, 0.00207024323754, 0.00273888837546, 0.00215574493632, 0.00129533943255, 0.00051579385763, 0.000515185005497, 7.75885782787e-05, 8.45470003696e-06, 2.56869498116e-05, 8.21187313704e-06, 4.82477344121e-06, 2.00300348752e-07],
        "median": [3.66064773516e-06, 0.000544997514226, 0.000231210709899, 0.000335644639563, 0.000414442329202, 0.000172714906512, 8.36889230413e-05, 5.8683064708e-05, 0.000157251226483, 0.000145591708133, 0.000117481497, 0.000167629725183, 9.7198630101e-05, 0.000586493755691, 0.000572327990085, 0.00152892782353, 0.00199744454585, 0.00151093048044, 0.00101071526296, 0.000433902489021, 0.000404709717259, 7.52582855057e-05, 6.91585319146e-06, 2.23121114686e-05, 6.88721956976e-06, 4.28966995969e-06, 1.21023674637e-07],
        "min": [8.68518768016e-08, 1.90738010133e-05, 3.04928971673e-06, 5.76726461077e-06, 5.14013481734e-05, 1.07081677925e-05, 7.64542073739e-06, 4.09403583035e-06, 1.0748854038e-05, 1.21245457194e-05, 8.82291715243e-06, 4.76068453281e-06, 5.41183453606e-06, 3.76650386897e-05, 5.40229266335e-05, 5.59489308216e-05, 0.000144057630678, 0.000102808640804, 0.000138181057991, 8.81395026227e-05, 5.68356190342e-05, 9.94748188532e-06, 4.02299406232e-07, 5.36477557489e-07, 1.0370371939e-07, 1.88539885926e-08, 1.59918656095e-09],
        "var": [1.4905067458e-10, 1.70228656771e-06, 2.75993357945e-07, 3.95056645175e-07, 1.40946235661e-06, 1.70602390881e-07, 6.41562394321e-08, 8.38705638273e-09, 1.3421229994e-07, 6.53436416087e-08, 5.04861255024e-08, 9.55784997814e-08, 2.84859396515e-07, 5.59024874747e-06, 4.52894994396e-07, 3.92982428821e-06, 5.04686204295e-06, 4.60174987893e-06, 8.93780168099e-07, 1.31389157332e-07, 1.76087453951e-07, 2.11654693771e-09, 7.70539604344e-11, 6.49524767304e-10, 1.03993154366e-10, 3.29544273814e-11, 1.26661498672e-13]
    },
    "erbbands": {
        "dmean": [0.0146570578218, 0.199237331748, 0.419410556555, 1.00465631485, 1.54600739479, 2.43729996681, 1.85295343399, 2.47060775757, 1.11076843739, 2.57456493378, 2.34245276451, 4.84875774384, 3.52821111679, 5.10826587677, 6.27991628647, 6.0606098175, 5.99069309235, 32.512676239, 25.6162109375, 40.34582901, 67.7701339722, 68.2447052002, 50.9968299866, 52.0891227722, 16.9297237396, 11.1406888962, 9.88243675232, 5.01758766174, 1.25094091892, 0.257533878088, 0.133908197284, 0.224554345012, 0.172196954489, 0.0689357891679, 0.0199375078082, 0.0155601119623, 0.00270815729164, 0.000285503512714, 1.7713276975e-05, 4.17285127696e-06],
        "dmean2": [0.0225320532918, 0.342138558626, 0.734402418137, 1.74254858494, 2.64169168472, 4.03652429581, 3.09466266632, 3.91676878929, 1.96322226524, 4.53414440155, 3.91229104996, 8.28387641907, 5.92705869675, 8.50277042389, 10.6286535263, 10.3959922791, 9.29884052277, 50.4084510803, 42.5990028381, 66.4814682007, 110.480995178, 111.586158752, 80.237449646, 81.2073287964, 28.064491272, 18.5845413208, 16.079334259, 7.74889278412, 2.09033799171, 0.413853645325, 0.208810523152, 0.351035386324, 0.279901623726, 0.114686109126, 0.0312628820539, 0.0249462835491, 0.00432304199785, 0.00045180687448, 2.5934425139e-05, 6.71658426654e-06],
        "dvar": [0.00030338083161, 0.0749247670174, 0.369612574577, 1.33183908463, 3.74600768089, 15.7168035507, 5.80600166321, 11.3331680298, 3.25182008743, 27.4610786438, 11.4829101562, 62.4474601746, 26.8950157166, 48.7682991028, 70.5704421997, 90.7033157349, 154.33442688, 4344.86962891, 973.263977051, 2950.65527344, 9476.97851562, 4236.38623047, 2954.80249023, 3050.18383789, 430.486114502, 147.487701416, 134.769668579, 32.4386520386, 1.3268198967, 0.0813881829381, 0.0465860292315, 0.0854306817055, 0.107131168246, 0.0257319901139, 0.00214110920206, 0.00122304854449, 1.3950565517e-05, 2.23379686304e-07, 2.5449167218e-09, 2.29819392683e-11],
        "dvar2": [0.000676878320519, 0.250283151865, 1.08809030056, 3.16541171074, 10.4655561447, 38.8108901978, 15.86398983, 26.8660049438, 9.20455932617, 76.6786270142, 29.9015827179, 180.051803589, 70.3972549438, 121.843215942, 187.110137939, 257.294372559, 296.368927002, 8449.21777344, 2507.38867188, 6931.55810547, 22463.3144531, 11787.046875, 6316.57177734, 6744.85595703, 1144.4543457, 398.892059326, 336.817169189, 71.3628921509, 3.78821825981, 0.198689833283, 0.11068726331, 0.212517857552, 0.262250751257, 0.070873811841, 0.00523661356419, 0.00298886862583, 3.34037795255e-05, 4.88277237309e-07, 4.04354461025e-09, 4.07935143998e-11],
        "max": [0.169270172715, 1.76377081871, 4.37494087219, 10.8246278763, 18.2004508972, 46.5819244385, 16.2290802002, 22.6278839111, 13.7091627121, 49.7069892883, 29.7241802216, 61.2751464844, 50.6859169006, 61.8989181519, 98.1794891357, 89.2639846802, 153.259231567, 782.696350098, 240.005081177, 494.53503418, 970.920837402, 610.454589844, 440.781982422, 445.687164307, 249.525970459, 114.185928345, 115.045951843, 53.789604187, 9.73512744904, 2.59798383713, 2.06760501862, 2.67845034599, 3.72578048706, 1.63235712051, 0.36632886529, 0.310247093439, 0.0302335880697, 0.00373265100643, 0.000570170639548, 6.73195609124e-05],
        "mean": [0.0229609720409, 0.253973484039, 0.563337028027, 1.28283214569, 2.20619702339, 3.24246001244, 2.39668774605, 2.89738607407, 1.35819649696, 2.92115426064, 3.43545937538, 6.25974750519, 5.37487697601, 7.5682926178, 9.84321022034, 10.3163900375, 12.3413743973, 69.1875839233, 45.4379005432, 69.7058181763, 120.053672791, 146.882965088, 116.613243103, 106.925216675, 42.0647239685, 25.8426799774, 22.7177238464, 13.5446386337, 3.53911733627, 0.735508143902, 0.289124071598, 0.525314807892, 0.381666570902, 0.14717759192, 0.0304736457765, 0.0273701082915, 0.00696093589067, 0.000594352313783, 3.75030977011e-05, 2.43090325966e-05],
        "median": [0.0115184905007, 0.132162153721, 0.300842583179, 0.842334270477, 1.34674298763, 1.28599953651, 1.43859946728, 1.46905827522, 0.831822037697, 1.68026971817, 2.15388441086, 3.38570547104, 3.66527867317, 5.13230705261, 7.04896259308, 6.82580184937, 4.59217262268, 21.1249504089, 33.0971221924, 53.8767967224, 98.4820556641, 116.280853271, 94.5734558105, 80.8366546631, 37.7430725098, 21.0154647827, 17.286403656, 11.1031360626, 3.44864273071, 0.693345844746, 0.253044635057, 0.482083439827, 0.322483479977, 0.138464033604, 0.0205308385193, 0.0216553173959, 0.007012846414, 0.000531436118763, 2.99523744616e-05, 2.55705926975e-05],
        "min": [0.00043026599451, 0.00493742944673, 0.0119859250262, 0.0348845161498, 0.0563971027732, 0.128131583333, 0.0686256587505, 0.0862807333469, 0.097286991775, 0.146449923515, 0.215349376202, 0.192299321294, 0.346965610981, 0.467822164297, 0.78520578146, 0.274657666683, 0.800865411758, 1.68607592583, 8.75355815887, 3.45901727676, 4.41412115097, 7.59407329559, 9.29428195953, 10.1332368851, 6.65330410004, 3.88736534119, 2.50520014763, 1.71177017689, 0.489754617214, 0.0692211315036, 0.0134224863723, 0.0170869547874, 0.0049267844297, 0.00200616428629, 0.000235095649259, 0.00012451094517, 2.93290249829e-05, 2.58514432971e-06, 4.59926013718e-06, 8.79228718986e-06],
        "var": [0.000961763842497, 0.105804368854, 0.501359403133, 1.90909266472, 6.78088474274, 26.5111274719, 7.15958738327, 14.8669319153, 2.75403237343, 21.9110908508, 15.5624637604, 67.4820556641, 34.8857879639, 70.6072387695, 101.491531372, 147.678009033, 524.761657715, 18322.1816406, 1364.23498535, 4047.39233398, 13475.7705078, 12124.4033203, 7601.67480469, 7052.89697266, 715.121032715, 313.144958496, 357.158050537, 109.575378418, 4.28682804108, 0.267858028412, 0.0813795924187, 0.223376840353, 0.192486152053, 0.0280212052166, 0.00235250289552, 0.00152450578753, 3.94762755604e-05, 4.09091711617e-07, 2.73689160224e-09, 5.64714421059e-11]
    },
    "gfcc": {
        "mean": [-10.1978559494, 81.1451416016, -176.213439941, 62.7458610535, -28.0915756226, -3.27567982674, -34.0895690918, 9.87195587158, -23.7697525024, -2.648239851, -19.235918045, -5.55795240402, -1.33138716221],
        "cov": [[767.547546387, -763.775085449, 49.6193885803, -202.067245483, -136.396469116, 93.7068710327, -201.841384888, 103.529541016, -216.616699219, 102.781196594, -49.8089256287, 167.195343018, -69.3052520752], [-763.775085449, 1536.07568359, -41.61328125, 250.590652466, 98.4494934082, -232.269042969, 328.021759033, -124.18396759, 318.860443115, -205.160232544, 43.7231330872, -269.290679932, 142.831680298], [49.6193885803, -41.61328125, 83.0653915405, 15.7719326019, 4.86328649521, 13.2390937805, -19.1651687622, -2.22746133804, -21.4994411469, 20.2800521851, 1.96735465527, 17.1096286774, -6.47604417801], [-202.067245483, 250.590652466, 15.7719326019, 123.398529053, 59.514377594, -32.565776825, 61.0334701538, -21.301530838, 60.9631881714, -48.7600822449, 15.263422966, -52.0280838013, 27.7383365631], [-136.396469116, 98.4494934082, 4.86328649521, 59.514377594, 88.4756164551, 29.5997390747, 43.966583252, -13.6992101669, 38.7433280945, -5.72299718857, 14.8207826614, -26.1449985504, -1.65047502518], [93.7068710327, -232.269042969, 13.2390937805, -32.565776825, 29.5997390747, 120.739593506, -5.59421300888, 11.0516138077, -45.5340690613, 59.6972579956, 8.85468292236, 27.9085483551, -45.403678894], [-201.841384888, 328.021759033, -19.1651687622, 61.0334701538, 43.966583252, -5.59421300888, 138.499389648, -4.26727437973, 79.3807449341, -40.7992477417, 13.8336763382, -63.3723640442, 27.295249939], [103.529541016, -124.18396759, -2.22746133804, -21.301530838, -13.6992101669, 11.0516138077, -4.26727437973, 93.2055587769, 6.10709190369, -2.89410924911, -22.3621234894, 34.3956718445, 11.1574773788], [-216.616699219, 318.860443115, -21.4994411469, 60.9631881714, 38.7433280945, -45.5340690613, 79.3807449341, 6.10709190369, 122.009414673, -27.8461742401, 7.81603240967, -60.6433639526, 38.8020782471], [102.781196594, -205.160232544, 20.2800521851, -48.7600822449, -5.72299718857, 59.6972579956, -40.7992477417, -2.89410924911, -27.8461742401, 100.601966858, 27.469335556, 34.9987487793, -40.1478347778], [-49.8089256287, 43.7231330872, 1.96735465527, 15.263422966, 14.8207826614, 8.85468292236, 13.8336763382, -22.3621234894, 7.81603240967, 27.469335556, 53.1280670166, 5.87668848038, -5.77227258682], [167.195343018, -269.290679932, 17.1096286774, -52.0280838013, -26.1449985504, 27.9085483551, -63.3723640442, 34.3956718445, -60.6433639526, 34.9987487793, 5.87668848038, 100.713554382, 10.5357341766], [-69.3052520752, 142.831680298, -6.47604417801, 27.7383365631, -1.65047502518, -45.403678894, 27.295249939, 11.1574773788, 38.8020782471, -40.1478347778, -5.77227258682, 10.5357341766, 76.0833511353]],
        "icov": [[0.00834303814918, -0.00431939959526, 0.000727626669686, 0.000958539720159, 0.00391742959619, -0.00371368112974, 0.00707173533738, -0.0121598616242, 0.0146670602262, -0.0077032414265, 0.00605395110324, -0.00342553621158, 0.0019247502787], [-0.00431939959526, 0.0102596711367, -0.00591929443181, 0.00388587452471, -0.00240938854404, 0.00796946696937, -0.0120221702382, 0.0132856424898, -0.0165235958993, 0.0117137273774, -0.0106510594487, 0.00986903347075, -0.00561399804428], [0.000727626669686, -0.00591929443181, 0.0210760403425, -0.0125129558146, 0.00143047305755, -0.00272778584622, 0.0052921064198, -0.00563813978806, 0.0120903030038, -0.0145011041313, 0.0118582686409, -0.00947301834822, 0.00385595671833], [0.000958539720159, 0.00388587452471, -0.0125129558146, 0.0301557984203, -0.0141567736864, 0.00589814316481, -0.00181624246761, -9.2725522336e-06, -0.00314827123657, 0.0136362463236, -0.0163448676467, 0.0153332017362, -0.00917754508555], [0.00391742959619, -0.00240938854404, 0.00143047305755, -0.0141567736864, 0.0332802534103, -0.0185615457594, 0.00463912542909, 0.00138136616442, -0.00791073404253, 0.00240919925272, 0.00489942310378, -0.0110323950648, 0.00835799146444], [-0.00371368112974, 0.00796946696937, -0.00272778584622, 0.00589814316481, -0.0185615457594, 0.0348547510803, -0.0204353928566, 0.00508353719488, 0.0025351876393, -0.00717235961929, -0.00211663264781, 0.00603599986061, 0.000182583738933], [0.00707173533738, -0.0120221702382, 0.0052921064198, -0.00181624246761, 0.00463912542909, -0.0204353928566, 0.0355704054236, -0.0203817524016, 0.0144148059189, -0.00477852253243, 0.00118782301433, 0.000931696326006, -0.00165481888689], [-0.0121598616242, 0.0132856424898, -0.00563813978806, -9.2725522336e-06, 0.00138136616442, 0.00508353719488, -0.0203817524016, 0.045629080385, -0.0437215976417, 0.0229721758515, -0.00323952757753, -0.00716178072616, 0.00235569640063], [0.0146670602262, -0.0165235958993, 0.0120903030038, -0.00314827123657, -0.00791073404253, 0.0025351876393, 0.0144148059189, -0.0437215976417, 0.0743578895926, -0.0404490754008, 0.0154278185219, 0.00801843032241, -0.0100675132126], [-0.0077032414265, 0.0117137273774, -0.0145011041313, 0.0136362463236, 0.00240919925272, -0.00717235961929, -0.00477852253243, 0.0229721758515, -0.0404490754008, 0.0509599596262, -0.0293319690973, 0.00465212436393, 0.00355446827598], [0.00605395110324, -0.0106510594487, 0.0118582686409, -0.0163448676467, 0.00489942310378, -0.00211663264781, 0.00118782301433, -0.00323952757753, 0.0154278185219, -0.0293319690973, 0.0528800971806, -0.030580246821, 0.016270801425], [-0.00342553621158, 0.00986903347075, -0.00947301834822, 0.0153332017362, -0.0110323950648, 0.00603599986061, 0.000931696326006, -0.00716178072616, 0.00801843032241, 0.00465212436393, -0.030580246821, 0.058798301965, -0.0360620133579], [0.0019247502787, -0.00561399804428, 0.00385595671833, -0.00917754508555, 0.00835799146444, 0.000182583738933, -0.00165481888689, 0.00235569640063, -0.0100675132126, 0.00355446827598, 0.016270801425, -0.0360620133579, 0.0428867414594]]
    },
    "melbands": {
        "dmean": [0.000174978471478, 0.000223550276132, 0.000172581305378, 0.000142421209603, 6.71744492138e-05, 5.25238465343e-05, 2.17133820115e-05, 2.36925152421e-05, 2.68692019745e-05, 2.79636788036e-05, 1.80029765033e-05, 2.15958207264e-05, 2.21129557758e-05, 2.370249058e-05, 6.53121696814e-06, 3.63202234439e-05, 5.97297221248e-05, 4.75351480418e-05, 3.86921456084e-05, 6.54842951917e-05, 9.60595280048e-05, 6.94247792126e-05, 7.3436916864e-05, 6.09835296927e-05, 4.69112274004e-05, 1.65444107552e-05, 1.10312885226e-05, 7.54647908252e-06, 5.06024980496e-06, 7.71370650909e-06, 1.92331594917e-06, 8.12467135347e-07, 4.35347175198e-07, 7.88894780612e-08, 7.34168068561e-08, 1.03773707849e-07, 1.65036823319e-07, 1.48409995404e-07, 9.33800023972e-08, 5.53596244401e-08],
        "dmean2": [0.000287301721983, 0.000385039544199, 0.000289853429422, 0.000236163687077, 0.000109656473796, 8.3566759713e-05, 3.87326472264e-05, 4.21245786129e-05, 4.43989665655e-05, 4.77259345644e-05, 3.05489193124e-05, 3.59244513675e-05, 3.82802427339e-05, 4.06323779316e-05, 1.04840082713e-05, 5.68102041143e-05, 9.42983242567e-05, 7.85009251558e-05, 6.40746657155e-05, 0.000105995750346, 0.00015985200298, 0.000112235880806, 0.000121960452816, 9.77917516138e-05, 7.31610707589e-05, 2.81019401882e-05, 1.71976462298e-05, 1.2671103832e-05, 8.26821542432e-06, 1.22837427625e-05, 3.03904471366e-06, 1.3907496168e-06, 7.18573858194e-07, 1.22545344539e-07, 1.1532351607e-07, 1.59030790314e-07, 2.68407774229e-07, 2.42682176577e-07, 1.47291530084e-07, 9.43089375482e-08],
        "dvar": [4.65630023427e-08, 1.06601397931e-07, 3.55720395362e-08, 4.12927114724e-08, 7.79259323735e-09, 4.90822937849e-09, 1.50761414464e-09, 2.26514740298e-09, 1.66147828828e-09, 1.96772353966e-09, 7.195148366e-10, 8.98484842082e-10, 1.02547104142e-09, 1.34239352967e-09, 5.84619852528e-11, 6.88680135141e-09, 1.34274094066e-08, 3.41175887542e-09, 1.96660732144e-09, 5.71459368714e-09, 2.25550049748e-08, 4.11939860001e-09, 8.54137649497e-09, 7.58461382588e-09, 2.42792475014e-09, 3.35969196907e-10, 1.6284538995e-10, 7.20837972645e-11, 4.1777539761e-11, 9.09300065799e-11, 4.84869262796e-12, 5.90000541912e-13, 2.4952511845e-13, 1.15923904251e-14, 1.61338736154e-14, 1.59557171756e-14, 5.71628790309e-14, 7.10428759007e-14, 2.49448001182e-14, 2.05661225897e-14],
        "dvar2": [1.35232511411e-07, 3.38553036272e-07, 8.99988421565e-08, 9.73434524099e-08, 2.17888196374e-08, 1.15656950683e-08, 4.26818491661e-09, 6.31280894225e-09, 4.40605329999e-09, 5.58189805488e-09, 1.87681736818e-09, 2.211982153e-09, 2.63190469418e-09, 3.64283558874e-09, 1.69424030361e-10, 1.29033175256e-08, 2.68057203101e-08, 8.70987726387e-09, 5.01018471155e-09, 1.41397702436e-08, 5.44625997634e-08, 1.14572902277e-08, 2.02182945941e-08, 1.57269361978e-08, 5.7770841444e-09, 9.10071962235e-10, 3.99749150448e-10, 2.11564585295e-10, 1.01545140352e-10, 2.02165131857e-10, 1.21934433037e-11, 1.69168140867e-12, 6.98329198287e-13, 2.75164277214e-14, 3.68138171043e-14, 4.0489594506e-14, 1.43537308775e-13, 1.73877785e-13, 6.35095342744e-14, 5.82038621943e-14],
        "max": [0.00184381869622, 0.00211554509588, 0.00167510425672, 0.00233259866945, 0.000638754514512, 0.00048007685109, 0.000324138556607, 0.000441549840616, 0.000343735911883, 0.00034426318598, 0.000243361646426, 0.000263381080003, 0.000386250059819, 0.00034130338463, 6.76727286191e-05, 0.00100325141102, 0.00137476995587, 0.000468122627353, 0.000418426352553, 0.000645570107736, 0.0014185559703, 0.00051006040303, 0.000848370662425, 0.000841936969664, 0.000364830048056, 0.000151925880346, 0.000146876991494, 7.20530442777e-05, 6.923021283e-05, 0.000107886153273, 2.02539104066e-05, 5.55629412702e-06, 6.1257978814e-06, 9.10118046704e-07, 1.13825035442e-06, 1.27560349483e-06, 2.27093096328e-06, 3.18570369018e-06, 1.32917398332e-06, 1.41515909036e-06],
        "mean": [0.000253071135376, 0.000315470679197, 0.000239724147832, 0.00021175488655, 9.46820509853e-05, 6.21850340394e-05, 2.44181792368e-05, 2.76555874734e-05, 3.60547346645e-05, 3.73882539861e-05, 2.66174465651e-05, 3.05649045913e-05, 3.0608731322e-05, 3.54470175807e-05, 1.11944973469e-05, 6.62556994939e-05, 0.000126462604385, 7.30823012418e-05, 6.54398027109e-05, 0.00011164155876, 0.000151334141265, 0.000143494660733, 0.000135503491038, 0.000108614272904, 8.75568002812e-05, 3.48515968653e-05, 2.35139159486e-05, 1.50172772919e-05, 1.10665723696e-05, 1.69662489498e-05, 4.73969066661e-06, 2.011298875e-06, 1.04499213194e-06, 1.62066797316e-07, 1.31474394038e-07, 2.38794825691e-07, 3.60249060805e-07, 3.00559094057e-07, 1.84654822988e-07, 1.03896105941e-07],
        "median": [0.000133552588522, 0.00016376390704, 0.000156787136802, 0.000101808538602, 5.57299463253e-05, 3.19509053952e-05, 1.3708100596e-05, 1.65120036399e-05, 2.11566439248e-05, 2.0629435312e-05, 1.7813692466e-05, 2.05876640393e-05, 1.96294167836e-05, 2.10853831959e-05, 7.81163907959e-06, 1.51620097313e-05, 4.15771210101e-05, 5.1914681535e-05, 5.22517002537e-05, 8.47859919304e-05, 0.000105844846985, 0.00010981997184, 9.10029411898e-05, 7.54128122935e-05, 6.47823617328e-05, 2.9331922633e-05, 1.8632692445e-05, 1.14054746518e-05, 8.12135203887e-06, 1.21397652038e-05, 4.40514486399e-06, 1.89737897927e-06, 9.13190149276e-07, 1.36194671541e-07, 9.92228450514e-08, 2.20055795808e-07, 3.22530866015e-07, 2.44135520688e-07, 1.65395718454e-07, 9.58222727832e-08],
        "min": [5.62254535907e-06, 9.0678640845e-06, 5.91854131926e-06, 9.78323078016e-06, 5.16787349625e-06, 1.8932362309e-06, 1.32366176331e-06, 1.27049929688e-06, 1.64936045621e-06, 1.18259197279e-06, 1.5606725583e-06, 1.6567748844e-06, 1.70097325736e-06, 6.74501620779e-07, 5.29494172952e-07, 6.48688171623e-07, 2.44031093644e-06, 6.65343941364e-06, 3.45458488482e-06, 2.33223227042e-06, 5.85169664191e-06, 7.03427758708e-06, 8.96290021046e-06, 6.84364749759e-06, 8.23048685561e-06, 4.168725809e-06, 4.31484568253e-06, 1.91778281078e-06, 1.08519270725e-06, 1.91260141946e-06, 6.37959772121e-07, 2.63229253505e-07, 7.78516451305e-08, 7.37688843344e-09, 4.66937111199e-09, 9.15283049352e-09, 8.83154704923e-09, 3.28815019657e-09, 2.9956179759e-09, 1.14256648587e-09],
        "var": [1.03349016456e-07, 1.47360537994e-07, 5.60573312214e-08, 8.95450398275e-08, 1.11102522737e-08, 6.57297727358e-09, 1.18857668152e-09, 1.81532122667e-09, 2.17897255794e-09, 2.20216023195e-09, 9.0592489066e-10, 1.27387522753e-09, 1.26361709984e-09, 1.84862858355e-09, 1.20213936028e-10, 2.34233628049e-08, 5.66103324218e-08, 4.81281281495e-09, 2.89204482584e-09, 9.02230024025e-09, 2.80602474589e-08, 1.20347127819e-08, 1.74070002856e-08, 1.49530112736e-08, 4.98261698567e-09, 5.41667599663e-10, 3.15370285442e-10, 1.29127875059e-10, 9.55462445273e-11, 2.62827204445e-10, 1.09900309339e-11, 1.45620646617e-12, 7.01673636729e-13, 2.11809956645e-14, 2.44369784553e-14, 4.13706747896e-14, 1.22655913746e-13, 1.29992926688e-13, 4.07913923451e-14, 1.78623629288e-14]
    },
    "mfcc": {
        "mean": [-631.295898438, 97.2898101807, -65.702331543, 55.6064414978, 16.4126873016, -0.335447371006, 5.16897344589, -0.210206732154, 11.4136552811, -3.134349823, -4.69248056412, 0.961045920849, -14.3529253006],
        "cov": [[675.618103027, -491.536407471, 21.2796554565, -255.852005005, -10.3507156372, -113.649406433, 18.920873642, -33.3632850647, -64.9916687012, -111.421890259, -69.161277771, 19.188949585, 35.8297538757], [-491.536407471, 966.110473633, -10.4839258194, 325.745483398, -88.9771499634, 51.2161979675, -55.2835388184, 54.9108085632, 111.449478149, 150.021362305, 20.1687717438, -60.6082878113, -13.1610364914], [21.2796554565, -10.4839258194, 72.3536071777, 9.91341400146, -1.63446426392, 3.84682941437, 2.77925944328, -14.7786083221, -18.3176288605, -7.4290266037, -0.696692228317, -2.68062067032, -5.15773773193], [-255.852005005, 325.745483398, 9.91341400146, 201.046981812, 3.96856164932, 17.4847488403, -22.7007980347, 33.0564231873, 42.8266792297, 50.8267593384, -1.00864481926, -25.678024292, -12.3774309158], [-10.3507156372, -88.9771499634, -1.63446426392, 3.96856164932, 72.4029541016, 21.1845817566, 4.96928453445, 1.23552632332, -7.69987440109, -5.34057950974, 8.26950550079, 3.15850353241, 2.42525672913], [-113.649406433, 51.2161979675, 3.84682941437, 17.4847488403, 21.1845817566, 102.666542053, 38.0277748108, -15.4123754501, -16.4280014038, 26.8767566681, 51.5292549133, 3.56415820122, -24.9291915894], [18.920873642, -55.2835388184, 2.77925944328, -22.7007980347, 4.96928453445, 38.0277748108, 68.1704940796, 14.4649372101, -12.2061424255, -3.40780997276, 20.8754787445, 12.6295614243, -12.8500013351], [-33.3632850647, 54.9108085632, -14.7786083221, 33.0564231873, 1.23552632332, -15.4123754501, 14.4649372101, 71.888130188, 49.5302581787, 10.2476921082, -24.4661865234, 2.55341911316, 15.7380561829], [-64.9916687012, 111.449478149, -18.3176288605, 42.8266792297, -7.69987440109, -16.4280014038, -12.2061424255, 49.5302581787, 91.3443222046, 34.8983612061, -28.6525402069, 0.121962964535, 25.5954914093], [-111.421890259, 150.021362305, -7.4290266037, 50.8267593384, -5.34057950974, 26.8767566681, -3.40780997276, 10.2476921082, 34.8983612061, 76.9778213501, 37.0101280212, -4.56557369232, -4.75884628296], [-69.161277771, 20.1687717438, -0.696692228317, -1.00864481926, 8.26950550079, 51.5292549133, 20.8754787445, -24.4661865234, -28.6525402069, 37.0101280212, 98.6492996216, 15.0611515045, -36.1348495483], [19.188949585, -60.6082878113, -2.68062067032, -25.678024292, 3.15850353241, 3.56415820122, 12.6295614243, 2.55341911316, 0.121962964535, -4.56557369232, 15.0611515045, 41.1161613464, 13.0084524155], [35.8297538757, -13.1610364914, -5.15773773193, -12.3774309158, 2.42525672913, -24.9291915894, -12.8500013351, 15.7380561829, 25.5954914093, -4.75884628296, -36.1348495483, 13.0084524155, 63.61120224]],
