{
"lowlevel": {
    "average_loudness": 0.97700792551,
    "barkbands_crest": {
        "dmean": 2.34272384644,
        "dmean2": 3.8417198658,
        "dvar": 4.50496101379,
        "dvar2": 10.3114566803,
        "max": 22.5457630157,
        "mean": 7.89883518219,
        "median": 6.67201757431,
        "min": 3.28188872337,
        "var": 15.3504142761
    },
    "barkbands_flatness_db": {
        "dmean": 0.0131052993238,
        "dmean2": 0.0211402922869,
        "dvar": 0.000144744990394,
        "dvar2": 0.000315838551614,
        "max": 0.219308570027,
        "mean": 0.131189003587,
        "median": 0.123386330903,
        "min": 0.0687344893813,
        "var": 0.000615864933934
    },
    "barkbands_kurtosis": {
        "dmean": 1.04801154137,
        "dmean2": 1.65029847622,
        "dvar": 2.83482980728,
        "dvar2": 7.32721424103,
        "max": 26.8416481018,
        "mean": 0.0190033856779,
        "median": -0.698582410812,
        "min": -1.86451399326,
        "var": 7.76356554031
    },
    "barkbands_skewness": {
        "dmean": 0.463260620832,
        "dmean2": 0.688347280025,
        "dvar": 0.173410415649,
        "dvar2": 0.35868948698,
        "max": 2.04197216034,
        "mean": -0.589434981346,
        "median": -0.726885139942,
        "min": -4.65576267242,
        "var": 0.857581853867
    },
    "barkbands_spread": {
        "dmean": 6.81913852692,
        "dmean2": 10.7897825241,
        "dvar": 31.5266494751,
        "dvar2": 71.0322799683,
        "max": 56.8811340332,
        "mean": 35.4831428528,
        "median": 36.4355354309,
        "min": 3.69975543022,
        "var": 142.200531006
    },
    "dissonance": {
        "dmean": 0.00490392465144,
        "dmean2": 0.00830934382975,
        "dvar": 3.65509004041e-05,
        "dvar2": 6.37211560388e-05,
        "max": 0.499998867512,
        "mean": 0.492238402367,
        "median": 0.493165761232,
        "min": 0.360285550356,
        "var": 4.53900574939e-05
    },
    "dynamic_complexity": 1.0490167141,
    "erbbands_crest": {
        "dmean": 2.02083468437,
        "dmean2": 3.40602016449,
        "dvar": 2.63642954826,
        "dvar2": 7.16737747192,
        "max": 19.492395401,
        "mean": 8.70456981659,
        "median": 8.07736873627,
        "min": 4.22191762924,
        "var": 7.16358566284
    },
    "erbbands_flatness_db": {
        "dmean": 0.011810711585,
        "dmean2": 0.0188359264284,
        "dvar": 8.43962407089e-05,
        "dvar2": 0.000199992849957,
        "max": 0.331661969423,
        "mean": 0.229685395956,
        "median": 0.225515201688,
        "min": 0.171865835786,
        "var": 0.000641234510113
    },
    "erbbands_kurtosis": {
        "dmean": 1.64161753654,
        "dmean2": 2.6668112278,
        "dvar": 3.45990896225,
        "dvar2": 7.45379543304,
        "max": 28.5189533234,
        "mean": 3.81346273422,
        "median": 3.25412130356,
        "min": -0.52676820755,
        "var": 8.78007698059
    },
    "erbbands_skewness": {
        "dmean": 0.298264414072,
        "dmean2": 0.476046860218,
        "dvar": 0.0613968335092,
        "dvar2": 0.14684548974,
        "max": 0.289707839489,
        "mean": -1.28861141205,
        "median": -1.24975395203,
        "min": -3.81866335869,
        "var": 0.156756430864
    },
    "erbbands_spread": {
        "dmean": 3.47426581383,
        "dmean2": 5.57365894318,
        "dvar": 12.8598918915,
        "dvar2": 30.7558498383,
        "max": 54.479133606,
        "mean": 15.8364782333,
        "median": 15.2512102127,
        "min": 2.51344299316,
        "var": 37.7089195251
    },
    "hfc": {
        "dmean": 6.04277515411,
        "dmean2": 8.97443199158,
        "dvar": 30.6772632599,
        "dvar2": 68.5267181396,
        "max": 74.135345459,
        "mean": 35.2526855469,
        "median": 34.9219436646,
        "min": 0.576981604099,
        "var": 170.02961731
    },
    "melbands_crest": {
        "dmean": 3.52663779259,
        "dmean2": 5.39501142502,
        "dvar": 10.3352298737,
        "dvar2": 21.7543563843,
        "max": 29.7305545807,
        "mean": 11.2761440277,
        "median": 9.78310012817,
        "min": 3.21173238754,
        "var": 34.6700019836
    },
    "melbands_flatness_db": {
        "dmean": 0.0208917763084,
        "dmean2": 0.0319996327162,
        "dvar": 0.000429566018283,
        "dvar2": 0.000860522966832,
        "max": 0.279312580824,
        "mean": 0.147197976708,
        "median": 0.136083856225,
        "min": 0.0893495157361,
        "var": 0.00144383963197
    },
    "melbands_kurtosis": {
        "dmean": 1.54103040695,
        "dmean2": 2.42103290558,
        "dvar": 5.48104667664,
        "dvar2": 12.7161111832,
        "max": 22.1640167236,
        "mean": 0.376556277275,
        "median": -1.06584751606,
        "min": -1.8556984663,
        "var": 10.0405988693
    },
    "melbands_skewness": {
        "dmean": 0.576273739338,
        "dmean2": 0.849384605885,
        "dvar": 0.291979968548,
        "dvar2": 0.58321505785,
        "max": 4.75895023346,
        "mean": 0.658861279488,
        "median": 0.403605818748,
        "min": -2.79931569099,
        "var": 1.32524609566
    },
    "melbands_spread": {
        "dmean": 13.1648216248,
        "dmean2": 20.9414482117,
        "dvar": 134.842895508,
        "dvar2": 303.485748291,
        "max": 102.555679321,
        "mean": 68.2376785278,
        "median": 73.7115859985,
        "min": 16.9067802429,
        "var": 380.45111084
    },
    "pitch_salience": {
        "dmean": 0.0657836198807,
        "dmean2": 0.102612055838,
        "dvar": 0.00360466307029,
        "dvar2": 0.00793043617159,
        "max": 0.789032042027,
        "mean": 0.587863862514,
        "median": 0.613981723785,
        "min": 0.18244291842,
        "var": 0.0106555074453
    },
    "silence_rate_20dB": {
        "dmean": 0,
        "dmean2": 0,
        "dvar": 0,
        "dvar2": 0,
        "max": 1,
        "mean": 1,
        "median": 1,
        "min": 1,
        "var": 0
    },
    "silence_rate_30dB": {
        "dmean": 0,
        "dmean2": 0,
        "dvar": 0,
        "dvar2": 0,
        "max": 1,
        "mean": 1,
        "median": 1,
        "min": 1,
        "var": 0
    },
    "silence_rate_60dB": {
        "dmean": 0,
        "dmean2": 0,
        "dvar": 0,
        "dvar2": 0,
        "max": 0,
        "mean": 0,
        "median": 0,
        "min": 0,
        "var": 0
    },
    "spectral_centroid": {
        "dmean": 131.142471313,
        "dmean2": 208.921035767,
        "dvar": 14053.6923828,
        "dvar2": 32813.0351562,
        "max": 3068.29174805,
        "mean": 2686.17675781,
        "median": 2720.55859375,
        "min": 1670.12438965,
        "var": 40427.1992188
    },
    "spectral_complexity": {
        "dmean": 3.91190481186,
        "dmean2": 6.27890348434,
        "dvar": 10.7708044052,
        "dvar2": 23.6933460236,
        "max": 52,
        "mean": 37.6349601746,
        "median": 39,
        "min": 1,
        "var": 48.4244232178
    },
    "spectral_decrease": {
        "dmean": 8.27996782249e-10,
        "dmean2": 1.3500125462e-09,
        "dvar": 4.9448831169e-19,
        "dvar2": 1.22957089334e-18,
        "max": -1.58616855761e-10,
        "mean": -4.53434712e-09,
        "median": -4.62655602718e-09,
        "min": -7.97329402502e-09,
        "var": 1.12449972359e-18
    },
    "spectral_energy": {
        "dmean": 0.00342218857259,
        "dmean2": 0.00553207099438,
        "dvar": 7.94423158368e-06,
        "dvar2": 2.0129211407e-05,
        "max": 0.0343414060771,
        "mean": 0.020311191678,
        "median": 0.0207177307457,
        "min": 0.000650990637951,
        "var": 2.16680000449e-05
    },
    "spectral_energyband_high": {
        "dmean": 0.000281705521047,
        "dmean2": 0.000461019022623,
        "dvar": 7.11359859906e-08,
        "dvar2": 1.9225828396e-07,
        "max": 0.00293141533621,
        "mean": 0.00093844474759,
        "median": 0.000884414999746,
        "min": 1.88737740245e-05,
        "var": 1.88502426113e-07
    },
    "spectral_energyband_low": {
        "dmean": 0.00253873015754,
        "dmean2": 0.00397760747001,
        "dvar": 8.20965760795e-06,
        "dvar2": 1.82228777703e-05,
        "max": 0.0243194568902,
        "mean": 0.00459506548941,
        "median": 0.00298869074322,
        "min": 5.6353459513e-05,
        "var": 1.87333844224e-05
    },
    "spectral_energyband_middle_high": {
        "dmean": 0.00244779256172,
        "dmean2": 0.00367946573533,
        "dvar": 5.07772438141e-06,
        "dvar2": 1.18048155855e-05,
        "max": 0.0306048449129,
        "mean": 0.0127249015495,
        "median": 0.012314485386,
        "min": 0.000195201617316,
        "var": 2.93863649858e-05
    },
    "spectral_energyband_middle_low": {
        "dmean": 0.000943697232287,
        "dmean2": 0.00152851257008,
        "dvar": 1.71991166553e-06,
        "dvar2": 4.14699024986e-06,
        "max": 0.0141200684011,
        "mean": 0.00229259999469,
        "median": 0.00185282807797,
        "min": 0.000149454732309,
        "var": 3.26886424773e-06
    },
    "spectral_entropy": {
        "dmean": 0.0566191114485,
        "dmean2": 0.0940880030394,
        "dvar": 0.00237699365243,
        "dvar2": 0.00575861334801,
        "max": 7.93637704849,
        "mean": 7.62131261826,
        "median": 7.65232086182,
        "min": 7.02484703064,
        "var": 0.0158954691142
    },
    "spectral_flux": {
        "dmean": 0.0119247054681,
        "dmean2": 0.0199767649174,
        "dvar": 0.000122809287859,
        "dvar2": 0.0003360673727,
        "max": 0.127868503332,
        "mean": 0.081286855042,
        "median": 0.0813616514206,
        "min": 0.0403413958848,
        "var": 0.000206410812098
    },
    "spectral_kurtosis": {
        "dmean": 2.84988284111,
        "dmean2": 5.02369356155,
        "dvar": 4.97256088257,
        "dvar2": 15.8963537216,
        "max": 19.1517524719,
        "mean": 5.64565753937,
        "median": 5.17362689972,
        "min": 0.971534013748,
        "var": 7.85228252411
    },
    "spectral_rms": {
        "dmean": 0.000382263096981,
        "dmean2": 0.000611479161307,
        "dvar": 1.08244698538e-07,
        "dvar2": 2.52127506428e-07,
        "max": 0.00578824756667,
        "mean": 0.00441856402904,
        "median": 0.00449582282454,
        "min": 0.00079693965381,
        "var": 2.92097752208e-07
    },
    "spectral_rolloff": {
        "dmean": 289.211212158,
        "dmean2": 476.014068604,
        "dvar": 80655.921875,
        "dvar2": 190985.609375,
        "max": 3919.04296875,
        "mean": 3001.12866211,
        "median": 3143.84765625,
        "min": 624.462890625,
        "var": 213995.90625
    },
    "spectral_skewness": {
        "dmean": 0.275793164968,
        "dmean2": 0.483371078968,
        "dvar": 0.0494335629046,
        "dvar2": 0.148338258266,
        "max": 3.09674453735,
        "mean": 0.822397828102,
        "median": 0.771182954311,
        "min": 0.251595675945,
        "var": 0.0952970683575
    },
    "spectral_spread": {
        "dmean": 143285.75,
        "dmean2": 235169.03125,
        "dvar": 19356784640,
        "dvar2": 39309185024,
        "max": 5427953.5,
        "mean": 2133390,
        "median": 2106891.25,
        "min": 1658404.875,
        "var": 50708844544
    },
    "spectral_strongpeak": {
        "dmean": 1.30278301239,
        "dmean2": 2.26733326912,
        "dvar": 3.26461529732,
        "dvar2": 8.45020961761,
        "max": 15.1932487488,
        "mean": 2.10477256775,
        "median": 0.374336332083,
        "min": 0.0117660481483,
        "var": 9.0726518631
    },
    "zerocrossingrate": {
        "dmean": 0.0074462890625,
        "dmean2": 0.00861795991659,
        "dvar": 5.01597205584e-05,
        "dvar2": 6.00834318902e-05,
        "max": 0.12841796875,
        "mean": 0.0955016613007,
        "median": 0.10107421875,
        "min": 0.01171875,
        "var": 0.000295750825899
    },
    "barkbands": {
        "dmean": [3.41211416526e-05, 0.00188214890659, 0.00104903313331, 0.000378315162379, 0.000458480441011, 0.000176457426278, 0.000242361958954, 7.57705711294e-05, 0.000117908115499, 0.000183441792615, 0.000189087935723, 0.000327228073729, 0.000103120895801, 0.000453911721706, 0.000895743374713, 0.000737892754842, 0.00174167496152, 0.00038569237222, 0.000451862375485, 0.000345991196809, 0.000193891159142, 3.23578533425e-05, 1.06233937913e-06, 2.30389491662e-06, 5.98429835463e-07, 2.02284425654e-07, 2.29091732251e-08],
        "dmean2": [4.94295636599e-05, 0.0030567983631, 0.00166985741816, 0.000635583768599, 0.000755760236643, 0.000310589937726, 0.000396004819777, 0.000128952015075, 0.000203573945328, 0.000313436321449, 0.000317927799188, 0.0005528323818, 0.000174913162482, 0.000785482290667, 0.00149392103776, 0.00125202082563, 0.00290986243635, 0.000656481715851, 0.000755346904043, 0.000573496043216, 0.000318658567267, 5.36232910235e-05, 1.72374723206e-06, 3.67758229913e-06, 8.74654006111e-07, 3.07713804659e-07, 3.9022832965e-08],
        "dvar": [1.93177029928e-09, 5.4974257182e-06, 2.3252785013e-06, 5.64670074255e-07, 6.16743591308e-07, 6.98265694155e-08, 7.1689768788e-08, 7.67578089977e-09, 2.80980891887e-08, 6.57790550918e-08, 5.19555207745e-08, 1.15721420002e-07, 3.3133272126e-08, 2.22921528348e-07, 7.289817745e-07, 4.85079567625e-07, 4.32957358498e-06, 1.16983962073e-07, 1.69531006122e-07, 9.61392316867e-08, 3.47522153277e-08, 9.17988074445e-10, 1.17002685752e-12, 6.26067774012e-12, 8.85792307559e-12, 2.81595141085e-13, 1.47215579842e-14],
        "dvar2": [3.73995501235e-09, 1.33298326546e-05, 4.85556893182e-06, 1.51098049628e-06, 1.36020082664e-06, 2.24098286594e-07, 1.81122175036e-07, 2.10181436699e-08, 7.47712363136e-08, 1.58494927405e-07, 1.3995273207e-07, 2.97589508591e-07, 9.62634771895e-08, 5.60003343253e-07, 1.92127777154e-06, 1.35088805564e-06, 1.07343284981e-05, 3.47017561353e-07, 4.71365581234e-07, 2.57192766639e-07, 9.35763750931e-08, 2.54707455127e-09, 2.84228608531e-12, 1.51514321922e-11, 1.63269536779e-11, 6.69677529576e-13, 3.86090593903e-14],
        "max": [0.000605142908171, 0.0240403600037, 0.0132106309757, 0.00780167616904, 0.00963013898581, 0.00369841745123, 0.0035105641, 0.000903000007384, 0.00261045712978, 0.00398826831952, 0.00260134972632, 0.00420014886186, 0.00228319410235, 0.00903842411935, 0.00829676631838, 0.00671142479405, 0.0250116605312, 0.0033973173704, 0.00415659463033, 0.0029139383696, 0.00187259097584, 0.0003892230161, 2.27488726523e-05, 7.1953596489e-05, 7.89466284914e-05, 1.20467466331e-05, 2.83253348243e-06],
        "mean": [7.43791970308e-05, 0.00307554239407, 0.00125591096003, 0.000430319691077, 0.000673865026329, 0.000268304138444, 0.000545706832781, 0.000130802902277, 0.000184662916581, 0.000296559650451, 0.000297922844766, 0.000554093858227, 0.000168488797499, 0.000822387868538, 0.00171627709642, 0.00168176705483, 0.00425172457471, 0.000960015808232, 0.00128835148644, 0.00100197352003, 0.000527639465872, 9.10368398763e-05, 3.42029466083e-06, 7.94928018877e-06, 1.47683465457e-06, 5.91652792536e-07, 3.25349809316e-08],
        "median": [5.69889234612e-05, 0.00184851814993, 0.000512381258886, 0.000162389071193, 0.000389708118746, 0.000176623478183, 0.00036251716665, 0.000102061690995, 0.000119827083836, 0.000223386188736, 0.000201481365366, 0.00042353477329, 9.44333733059e-05, 0.000678738055285, 0.001333294902, 0.00146079214755, 0.00297348760068, 0.000867789029144, 0.00115395523608, 0.000920159742236, 0.000475055567222, 8.26059040264e-05, 3.09195092996e-06, 7.35967478249e-06, 1.13059047635e-06, 4.80258222524e-07, 2.32371668574e-08],
        "min": [4.38190454588e-07, 3.0258710467e-05, 2.75000161309e-06, 1.89713910004e-06, 2.07253397093e-05, 5.84771487411e-06, 4.55008375866e-06, 1.59961530244e-06, 4.31325588579e-06, 6.6858133323e-06, 1.23548916235e-05, 6.60193336444e-06, 7.75927583163e-06, 9.89074578683e-06, 2.12109148379e-06, 7.72701969254e-05, 4.2516796384e-05, 1.18225698316e-05, 1.70493894984e-05, 6.70579129292e-06, 1.16412002171e-05, 1.65841083799e-06, 1.63672510212e-07, 2.16260787056e-07, 5.52309238344e-08, 5.17968459235e-08, 2.82423062714e-09],
        "var": [4.83139928065e-09, 1.18303496492e-05, 3.58931333722e-06, 6.69455403113e-07, 1.0361728755e-06, 1.08060376647e-07, 3.0447233712e-07, 1.19934213672e-08, 4.80658250979e-08, 9.14699711529e-08, 8.89399274229e-08, 2.24673755156e-07, 5.01586150392e-08, 4.23630922342e-07, 1.67308974142e-06, 9.84420239547e-07, 1.61184616445e-05, 2.28471776609e-07, 4.65730948918e-07, 2.46058192488e-07, 7.5934011079e-08, 2.06141481662e-09, 3.49672981542e-12, 2.08939445606e-11, 1.30791783653e-11, 6.89580825167e-13, 1.08556801311e-14]
    },
    "erbbands": {
        "dmean": [0.0508377403021, 0.457134753466, 1.2359701395, 0.995358288288, 1.97402596474, 1.1891412735, 1.40080177784, 1.35185098648, 1.60661935806, 4.46760177612, 1.9367030859, 2.52304601669, 3.1675632, 6.2107167244, 8.15235519409, 13.6913690567, 3.16964173317, 14.2638931274, 40.6997261047, 53.4350852966, 50.5314483643, 74.1055450439, 19.7677345276, 27.6096534729, 15.4969043732, 18.2919940948, 8.33064079285, 5.89551401138, 1.31266725063, 0.183828607202, 0.0378434322774, 0.0486896596849, 0.0402241423726, 0.0114454310387, 0.00342421839014, 0.000978152500466, 0.000334550335538, 7.00152522768e-05, 4.72919782624e-06, 4.28661269325e-06],
        "dmean2": [0.0806983783841, 0.746008217335, 1.94756305218, 1.64059662819, 3.26323366165, 1.99225151539, 2.48328089714, 2.34227895737, 2.66430521011, 7.15729999542, 3.33044409752, 4.33574819565, 5.43769788742, 10.6245365143, 13.5155410767, 23.1436481476, 5.2586145401, 23.6339759827, 68.098197937, 90.4008483887, 82.3732681274, 124.610298157, 33.1640052795, 46.297618866, 25.5260982513, 30.1908988953, 13.7297973633, 9.65344905853, 2.14343547821, 0.303937077522, 0.0603113546968, 0.0792830958962, 0.0655752271414, 0.0179240163416, 0.00486461305991, 0.00148373853881, 0.000503855233546, 0.000120844306366, 7.55117525841e-06, 6.81829351379e-06],
        "dvar": [0.0043480489403, 0.33456453681, 2.95012927055, 2.71440219879, 14.9465656281, 3.49194908142, 2.51154732704, 4.79713916779, 3.40814971924, 25.5603656769, 4.52766752243, 16.1833000183, 38.6659393311, 46.7812652588, 84.0437774658, 209.008163452, 15.0098752975, 247.176544189, 1798.16625977, 3468.65234375, 2826.0715332, 6046.55615234, 315.221832275, 598.789123535, 214.993865967, 248.964508057, 61.8326301575, 34.2422981262, 1.6193498373, 0.0312973596156, 0.00145060347859, 0.00356202782132, 0.00172635610215, 0.000527348893229, 0.000851935881656, 4.60905948785e-06, 5.99141458224e-07, 2.91131755148e-07, 7.69599939332e-10, 1.22282106316e-11],
        "dvar2": [0.00968445278704, 0.814492702484, 6.03197050095, 6.9765458107, 34.5643234253, 8.50755786896, 7.67868804932, 15.7324075699, 8.59501934052, 64.9340591431, 12.4479637146, 44.2438430786, 83.892074585, 123.262550354, 219.166473389, 562.946533203, 39.6860466003, 598.016723633, 4259.38134766, 9829.64550781, 7065.71337891, 15776.734375, 934.989807129, 1666.74108887, 578.498718262, 673.36138916, 160.496047974, 95.2986907959, 4.40325737, 0.0836277157068, 0.00363739975728, 0.0084561612457, 0.00452678790316, 0.00115340668708, 0.00150847458281, 6.46255512038e-06, 9.20088893963e-07, 9.74457861957e-07, 2.07450656653e-09, 3.08301613405e-11],
        "max": [0.749250769615, 5.18460083008, 16.5067882538, 15.5414581299, 42.9917945862, 22.8865680695, 17.9149932861, 33.0533638, 25.3739395142, 80.2616577148, 22.0582637787, 57.33385849, 138.025665283, 96.5129241943, 107.799789429, 161.134216309, 60.9676856995, 328.160522461, 625.784973145, 573.509277344, 663.003601074, 864.609069824, 190.788574219, 270.145996094, 151.752441406, 141.027114868, 84.4220962524, 58.5445518494, 16.2333641052, 2.63601946831, 0.822936058044, 1.82763469219, 0.79344534874, 0.406010270119, 0.822491288185, 0.0568233057857, 0.0243453774601, 0.00964206922799, 0.000636037322693, 4.64849726995e-05],
        "mean": [0.0865079984069, 0.690099179745, 1.59281742573, 1.30980312824, 2.43769574165, 1.7781624794, 2.15160560608, 2.03146362305, 3.68427658081, 9.68051338196, 3.5546309948, 4.02815294266, 5.37151098251, 10.8368444443, 15.9054393768, 22.7523612976, 7.71204566956, 30.9731445312, 82.9178543091, 100.943725586, 141.674987793, 188.815750122, 61.1164550781, 77.4882202148, 50.0339813232, 51.9271316528, 22.951883316, 16.0995121002, 4.13355350494, 0.577853798866, 0.127207741141, 0.161356493831, 0.113323651254, 0.0327888764441, 0.00667568389326, 0.00319120916538, 0.000978478812613, 9.84696016531e-05, 1.92937332031e-05, 2.79901832982e-05],
        "median": [0.0551484301686, 0.372917026281, 0.762331008911, 0.591506898403, 1.07797956467, 1.07274675369, 1.5952681303, 1.29442489147, 2.51550483704, 6.43615198135, 2.88324022293, 2.62932085991, 3.88003802299, 8.69536590576, 12.282705307, 17.7015171051, 6.10037279129, 25.1913394928, 61.3996086121, 76.8173446655, 115.650802612, 151.759536743, 56.9764289856, 70.0609664917, 45.6466789246, 48.1858253479, 20.6528720856, 14.6386537552, 3.89252376556, 0.543297410011, 0.113202996552, 0.146468028426, 0.102796301246, 0.0279471855611, 0.00417301664129, 0.00262338924222, 0.000811538426206, 5.98403385084e-05, 1.8024498786e-05, 2.85310416075e-05],
        "min": [0.00107320386451, 0.00446267379448, 0.00870962906629, 0.0304950587451, 0.0499923527241, 0.0508729442954, 0.072016350925, 0.055688790977, 0.0773314014077, 0.0670395642519, 0.0516072586179, 0.0963500738144, 0.141316860914, 0.353098005056, 0.424497574568, 0.316069245338, 0.332807153463, 0.529584109783, 0.272678464651, 0.503980100155, 5.55603933334, 2.1101372242, 0.725796341896, 1.20828139782, 0.371468514204, 0.397767424583, 0.588932931423, 0.247571229935, 0.0689844563603, 0.0105965146795, 0.00618925597519, 0.00597839895636, 0.00212240871042, 0.000838120758999, 0.000376505107852, 0.000206593642361, 9.76960218395e-05, 1.1473161976e-05, 6.07140509601e-06, 1.48325227656e-06],
        "var": [0.0102385748178, 0.667862355709, 4.95903968811, 3.54159617424, 21.5440864563, 5.18391418457, 4.5536942482, 6.23261213303, 12.3259725571, 99.7203140259, 7.38994503021, 24.122428894, 52.5993385315, 73.2434997559, 167.008789062, 357.163208008, 36.8328781128, 586.562255859, 5639.18652344, 6348.95898438, 10407.03125, 18573.7636719, 765.174072266, 1458.6607666, 603.543518066, 663.245605469, 141.196243286, 70.4484710693, 3.82677221298, 0.0762965977192, 0.00452095456421, 0.0117297312245, 0.00428701331839, 0.00112408981659, 0.001164760557, 1.7586757167e-05, 1.84026168881e-06, 1.87459775702e-07, 5.63922630814e-10, 4.28162574839e-11]
    },
    "gfcc": {
        "mean": [-6.42302799225, 101.949806213, -185.040588379, 68.5998687744, -25.1568412781, -2.54524850845, -21.1560077667, 8.13030052185, -13.6629104614, 4.63089704514, -11.8101520538, -4.93756723404, 4.38777208328],
        "cov": [[332.503875732, -20.1049423218, -53.2579116821, -50.6164054871, -92.0035629272, -42.1287078857, -29.8419151306, -7.76016283035, -20.0486679077, 32.3908882141, 16.083694458, 14.7591028214, 1.43983435631], [-20.1049423218, 172.58039856, 122.152755737, 77.301940918, 29.2929763794, 10.8954925537, 41.619228363, -8.94006538391, -12.1442432404, -22.9892959595, -6.62295150757, -24.7344093323, -14.6333227158], [-53.2579116821, 122.152755737, 159.550796509, 97.7567520142, 59.5408401489, 31.7727546692, 40.4670143127, 6.66782283783, -10.1233930588, -20.2842674255, -22.577375412, -23.960313797, -19.8264732361], [-50.6164054871, 77.301940918, 97.7567520142, 96.9978866577, 58.3676490784, 27.944360733, 35.7226753235, 3.81754493713, 2.65423035622, -12.9097518921, -9.81320095062, -16.8200073242, -9.78269958496], [-92.0035629272, 29.2929763794, 59.5408401489, 58.3676490784, 97.7361297607, 51.9727973938, 24.4489040375, 7.87659835815, 10.5074205399, -15.2574071884, -10.6923952103, -13.4438619614, -7.27688360214], [-42.1287078857, 10.8954925537, 31.7727546692, 27.944360733, 51.9727973938, 66.0016860962, 40.2097358704, 16.7773532867, 5.25114870071, -1.36093127728, -2.90961313248, -6.02137851715, -3.25821566582], [-29.8419151306, 41.619228363, 40.4670143127, 35.7226753235, 24.4489040375, 40.2097358704, 67.307762146, 29.8389339447, 9.56331062317, 4.63250875473, 4.88295602798, 0.602138638496, -0.178236573935], [-7.76016283035, -8.94006538391, 6.66782283783, 3.81754493713, 7.87659835815, 16.7773532867, 29.8389339447, 44.5770378113, 27.4452590942, 16.7075576782, 9.43695640564, 5.93987035751, 4.27367019653], [-20.0486679077, -12.1442432404, -10.1233930588, 2.65423035622, 10.5074205399, 5.25114870071, 9.56331062317, 27.4452590942, 48.8224411011, 28.8352489471, 17.510187149, 7.60503673553, 6.02090501785], [32.3908882141, -22.9892959595, -20.2842674255, -12.9097518921, -15.2574071884, -1.36093127728, 4.63250875473, 16.7075576782, 28.8352489471, 54.7316856384, 34.0761795044, 18.5538749695, 7.96687602997], [16.083694458, -6.62295150757, -22.577375412, -9.81320095062, -10.6923952103, -2.90961313248, 4.88295602798, 9.43695640564, 17.510187149, 34.0761795044, 47.0836715698, 28.284154892, 13.6908597946], [14.7591028214, -24.7344093323, -23.960313797, -16.8200073242, -13.4438619614, -6.02137851715, 0.602138638496, 5.93987035751, 7.60503673553, 18.5538749695, 28.284154892, 39.4643173218, 22.3999462128], [1.43983435631, -14.6333227158, -19.8264732361, -9.78269958496, -7.27688360214, -3.25821566582, -0.178236573935, 4.27367019653, 6.02090501785, 7.96687602997, 13.6908597946, 22.3999462128, 34.0866203308]],
        "icov": [[0.00519952410832, -0.00415522325784, 0.00467906007543, -0.00357109773904, 0.00434993486851, -0.00308004813269, 0.00623822910711, -0.00633432110772, 0.00664768414572, -0.00685415742919, 0.00495471665636, -0.00436680857092, 0.00246159313247], [-0.00415522325784, 0.0329106673598, -0.0304193459451, 0.0116037623957, 0.000596068333834, 0.0136133795604, -0.0287356283516, 0.0303263887763, -0.0187883172184, 0.0231695827097, -0.0320901833475, 0.0285149998963, -0.0105293421075], [0.00467906007543, -0.0304193459451, 0.0482904165983, -0.0303578879684, -0.00141424522735, -0.0115678766742, 0.0266971588135, -0.0354833230376, 0.0274598728865, -0.026192991063, 0.0361826904118, -0.0293610412627, 0.0153330108151], [-0.00357109773904, 0.0116037623957, -0.0303578879684, 0.0467359386384, -0.0158390328288, 0.0154367433861, -0.0274929795414, 0.0259104371071, -0.0175187010318, 0.0127367665991, -0.0188417248428, 0.0201087575406, -0.00993961188942], [0.00434993486851, 0.000596068333834, -0.00141424522735, -0.0158390328288, 0.0375445187092, -0.0277032256126, 0.0149414520711, -0.000650721136481, -0.0096531054005, 0.00902496092021, -0.0019588090945, -0.00280149467289, 0.00245404732414], [-0.00308004813269, 0.0136133795604, -0.0115678766742, 0.0154367433861, -0.0277032256126, 0.0519530773163, -0.0371216721833, 0.0124825239182, 0.000752671039663, 0.00113025284372, -0.0104593178257, 0.0167910624295, -0.00626149121672], [0.00623822910711, -0.0287356283516, 0.0266971588135, -0.0274929795414, 0.0149414520711, -0.0371216721833, 0.0702748894691, -0.0523876510561, 0.0244935229421, -0.0184914618731, 0.0235801301897, -0.0288328733295, 0.0110874492675], [-0.00633432110772, 0.0303263887763, -0.0354833230376, 0.0259104371071, -0.000650721136481, 0.0124825239182, -0.0523876510561, 0.0865305438638, -0.0504757873714, 0.0239935200661, -0.0262504518032, 0.0245612375438, -0.0122736254707], [0.00664768414572, -0.0187883172184, 0.0274598728865, -0.0175187010318, -0.0096531054005, 0.000752671039663, 0.0244935229421, -0.0504757873714, 0.0687848553061, -0.039921656251, 0.0190470721573, -0.0115021308884, 0.00415458157659], [-0.00685415742919, 0.0231695827097, -0.026192991063, 0.0127367665991, 0.00902496092021, 0.00113025284372, -0.0184914618731, 0.0239935200661, -0.039921656251, 0.0685712844133, -0.0514239668846, 0.0216584149748, -0.00496738450602], [0.00495471665636, -0.0320901833475, 0.0361826904118, -0.0188417248428, -0.0019588090945, -0.0104593178257, 0.0235801301897, -0.0262504518032, 0.0190470721573, -0.0514239668846, 0.0927081853151, -0.0613817758858, 0.0154045652598], [-0.00436680857092, 0.0285149998963, -0.0293610412627, 0.0201087575406, -0.00280149467289, 0.0167910624295, -0.0288328733295, 0.0245612375438, -0.0115021308884, 0.0216584149748, -0.0613817758858, 0.0930122882128, -0.040603376925], [0.00246159313247, -0.0105293421075, 0.0153330108151, -0.00993961188942, 0.00245404732414, -0.00626149121672, 0.0110874492675, -0.0122736254707, 0.00415458157659, -0.00496738450602, 0.0154045652598, -0.040603376925, 0.0532231666148]]
    },
    "melbands": {
        "dmean": [0.000486577133415, 0.000601444917265, 0.000204898577067, 0.000114473965368, 4.54562141385e-05, 3.00969659293e-05, 3.32558520313e-05, 4.11302862631e-05, 1.96935670829e-05, 1.42348399095e-05, 1.68688384292e-05, 2.64220598183e-05, 2.97169935948e-05, 4.39952273155e-05, 1.32933173518e-05, 1.53397995746e-05, 2.83334520645e-05, 7.11974280421e-05, 5.23515773239e-05, 6.65283296257e-05, 8.14429367892e-05, 0.000102749792859, 3.82612852263e-05, 1.94780568563e-05, 2.58698128164e-05, 1.57644699357e-05, 1.44861860463e-05, 1.1394374269e-05, 3.95719280277e-06, 7.6949609138e-06, 2.38667985286e-06, 8.83130041984e-07, 3.81192194254e-07, 3.25116928934e-08, 2.07692121279e-08, 3.0908566373e-08, 3.38321015647e-08, 2.53704062203e-08, 2.94732949158e-08, 7.62355245598e-09],
        "dmean2": [0.000787359371316, 0.000936003751121, 0.000330903945724, 0.000186410616152, 7.94798615971e-05, 5.24106835655e-05, 5.52001802134e-05, 6.59477518639e-05, 3.41642007697e-05, 2.43687827606e-05, 2.88794781227e-05, 4.56260022474e-05, 4.98548724863e-05, 7.38528833608e-05, 2.27133768931e-05, 2.57787705777e-05, 4.73441541544e-05, 0.00011952969362, 8.926330338e-05, 0.000111555862532, 0.000133169451146, 0.000173537744558, 6.47695778753e-05, 3.3644544601e-05, 4.36727677879e-05, 2.64866812358e-05, 2.41987127083e-05, 1.88864905795e-05, 6.47526485409e-06, 1.29678319354e-05, 3.94957351091e-06, 1.46428703829e-06, 6.46375212909e-07, 5.49945795569e-08, 3.41142936122e-08, 5.09991870956e-08, 5.56152919273e-08, 4.08112761363e-08, 4.94033400855e-08, 1.20661365344e-08],
        "dvar": [3.77359157255e-07, 5.70593215343e-07, 1.10282329047e-07, 4.26094857175e-08, 2.34327601767e-09, 2.3379427283e-09, 1.43091583027e-09, 2.17714779538e-09, 4.98057650677e-10, 4.99485952599e-10, 1.02028574478e-09, 9.3323659911e-10, 1.33378308398e-09, 2.12479811523e-09, 2.63904592623e-10, 4.68393546171e-10, 1.03994035605e-09, 5.53941603698e-09, 2.74324207794e-09, 4.35676295041e-09, 9.68534230594e-09, 1.45954519581e-08, 1.48774259578e-09, 3.0223246128e-10, 5.47317080546e-10, 2.21340099027e-10, 1.68988587013e-10, 9.57983831151e-11, 1.50049608155e-11, 5.7982445234e-11, 5.11130807818e-12, 7.10141797797e-13, 1.45847242161e-13, 1.49631842968e-15, 4.97166358968e-16, 8.97549039316e-16, 2.14790847699e-15, 6.90904075708e-16, 9.14393665901e-16, 7.6400132499e-16],
        "dvar2": [8.75999717209e-07, 1.23433994759e-06, 2.78905531559e-07, 9.34752080184e-08, 7.06647318438e-09, 7.63625074285e-09, 3.63755692234e-09, 5.57117152411e-09, 1.37418976198e-09, 1.33115984902e-09, 2.22251639315e-09, 2.43761988372e-09, 3.58142271395e-09, 5.31779420498e-09, 7.79103059845e-10, 1.31212007926e-09, 2.46877518428e-09, 1.29835280305e-08, 7.69447172644e-09, 1.24413794822e-08, 2.39429844839e-08, 3.76656039691e-08, 4.46914327767e-09, 8.78090156142e-10, 1.51100809642e-09, 6.34862051818e-10, 4.67419658534e-10, 2.59591875773e-10, 3.98422753123e-11, 1.6176393558e-10, 1.33154719889e-11, 1.96734360573e-12, 3.94913675329e-13, 4.22124544385e-15, 1.28492791104e-15, 2.16140298239e-15, 5.43037227056e-15, 1.74562351946e-15, 2.48697555402e-15, 1.76223298852e-15],
        "max": [0.0070828506723, 0.00680289790034, 0.00299169053324, 0.00248221168295, 0.000474685803056, 0.000723539618775, 0.000488910533022, 0.000722437922377, 0.000296344573144, 0.000314112141496, 0.000688535394147, 0.000445353391115, 0.000434418063378, 0.000635064789094, 0.000236879524891, 0.000294054567348, 0.000752371037379, 0.00112490123138, 0.000529114564415, 0.000621332845185, 0.00123043346684, 0.00138013751712, 0.000391614972614, 0.000177392750629, 0.000246310577495, 0.000142833901918, 0.000131772249006, 8.72002492542e-05, 4.31629487139e-05, 8.39731073938e-05, 2.10739453905e-05, 1.03323636722e-05, 4.45669820692e-06, 6.95976439147e-07, 4.0157911485e-07, 6.01651549914e-07, 1.37899735364e-06, 6.50381082323e-07, 3.45995061934e-07, 5.14154464781e-07],
        "mean": [0.000811529520433, 0.000878197257407, 0.000275273545412, 0.000160121926456, 7.32244734536e-05, 4.45431360276e-05, 7.5450661825e-05, 8.9494526037e-05, 3.10408722726e-05, 2.31791400438e-05, 2.71561166301e-05, 4.31586486229e-05, 4.92589824717e-05, 7.24369892851e-05, 2.21550671995e-05, 2.80891381408e-05, 5.51480588911e-05, 0.000136839051265, 0.000105931474536, 0.000129749052576, 0.000202043811441, 0.000237253814703, 8.73272729223e-05, 4.40523544967e-05, 6.69523724355e-05, 4.00398894271e-05, 3.95046190533e-05, 3.08396811306e-05, 1.04319879028e-05, 1.77647616511e-05, 6.37988432572e-06, 2.45038904723e-06, 9.32858199576e-07, 8.53336530326e-08, 5.53539614145e-08, 8.98152165973e-08, 1.00007667925e-07, 7.64750964777e-08, 6.40711590449e-08, 1.80580261855e-08],
        "median": [0.000508782279212, 0.000458638707642, 0.000133493114845, 8.3495520812e-05, 5.70964584767e-05, 2.82843502646e-05, 5.06568212586e-05, 6.07615002082e-05, 2.25700332521e-05, 1.52179718498e-05, 1.94713629753e-05, 3.3611246181e-05, 3.39192083629e-05, 5.32977173862e-05, 1.83159409062e-05, 1.80226161319e-05, 4.41349948233e-05, 9.84411672107e-05, 8.71661832207e-05, 0.000104827180621, 0.000144572739373, 0.000167080477695, 7.35853682272e-05, 3.93171285396e-05, 5.91857424297e-05, 3.60065569112e-05, 3.66059866792e-05, 2.84890811599e-05, 9.25525000639e-06, 1.55803772941e-05, 5.81822223467e-06, 2.22882113121e-06, 8.39272672692e-07, 7.61023315476e-08, 4.76298289698e-08, 8.06520219498e-08, 9.03901451466e-08, 6.99248801084e-08, 5.47520215832e-08, 1.40733789067e-08],
        "min": [9.86763097899e-06, 6.9909215199e-06, 5.45797547602e-06, 3.81145355277e-06, 3.20347407978e-06, 1.18443836072e-06, 9.58258738137e-07, 5.96895631588e-07, 4.57547741917e-07, 6.23126197752e-07, 7.0019677878e-07, 1.35720210892e-06, 1.64945799952e-06, 6.57152270378e-07, 8.87491523827e-07, 8.40004929614e-07, 9.76608589554e-07, 5.04313106831e-07, 1.12113973216e-07, 1.72963484601e-06, 7.82309598435e-06, 2.28161366067e-06, 1.06794561816e-06, 4.45349598976e-07, 1.10490577754e-06, 3.99730055278e-07, 1.14841242294e-07, 3.05132886069e-07, 3.07574168801e-07, 3.67542298818e-07, 8.39266434127e-08, 4.62149571945e-08, 1.03612016744e-08, 3.22750826065e-09, 3.08493364187e-09, 3.79227893532e-09, 3.4896594503e-09, 1.41136002885e-09, 1.09077458177e-09, 5.65594793223e-10],
        "var": [8.77338550254e-07, 1.06790344034e-06, 1.57298984504e-07, 7.13632672955e-08, 4.00122690536e-09, 3.12877657116e-09, 5.46980150062e-09, 8.00246624522e-09, 8.32898361391e-10, 7.74758368571e-10, 1.39968447943e-09, 1.35878064356e-09, 2.31218177937e-09, 4.49395498592e-09, 3.04965303011e-10, 9.76520420082e-10, 2.38439401556e-09, 1.81092616458e-08, 4.8781472195e-09, 9.18148757023e-09, 3.77614810532e-08, 4.83172648558e-08, 3.05311198545e-09, 5.5194776527e-10, 1.22360410693e-09, 5.06256647714e-10, 4.0697242798e-10, 2.43271874867e-10, 3.19335044519e-11, 1.0338518236e-10, 1.12438574076e-11, 1.51601160011e-12, 2.55623620144e-13, 2.69872468523e-15, 1.11159437097e-15, 2.83567911313e-15, 5.44159461008e-15, 2.0393484993e-15, 1.68856272145e-15, 1.05878758418e-15]
    },
    "mfcc": {
        "mean": [-622.832397461, 112.202651978, -73.3804473877, 62.6503715515, 9.90047264099, 7.62277984619, 7.69199085236, -2.09990286827, 16.8889579773, 0.356378048658, -3.81924128532, 8.37694740295, -0.085521787405],
        "cov": [[397.044494629, -32.8577575684, -49.3031005859, -60.8260612488, -89.0564117432, -60.3562164307, -42.618850708, -64.6410217285, -46.3135147095, -11.7643051147, 1.84112799168, -3.87797188759, 0.7641248703], [-32.8577575684, 114.47492218, 73.8388595581, 54.1288070679, 15.5448188782, 27.3934669495, 29.9362506866, 17.0626773834, 1.86590468884, 7.53087759018, 0.36854866147, -6.70436239243, -7.31631278992], [-49.3031005859, 73.8388595581, 100.718078613, 67.3062438965, 25.931854248, 33.8887939453, 32.7460289001, 24.9194355011, 13.104716301, 10.2763195038, 3.44448685646, -7.09619045258, -9.48086357117], [-60.8260612488, 54.1288070679, 67.3062438965, 90.0835266113, 38.3535346985, 32.4716835022, 24.1666221619, 20.829996109, 11.8763790131, 9.66878890991, 2.71287703514, -4.0363907814, -5.2397646904], [-89.0564117432, 15.5448188782, 25.931854248, 38.3535346985, 77.0091247559, 38.8205375671, 17.8312549591, 20.630191803, 16.6778469086, 5.49957370758, 1.53868103027, 0.910384237766, -2.18768358231], [-60.3562164307, 27.3934669495, 33.8887939453, 32.4716835022, 38.8205375671, 64.1369476318, 41.7605438232, 24.774892807, 13.937912941, 9.8520488739, 6.02092170715, -0.34413293004, -4.09249687195], [-42.618850708, 29.9362506866, 32.7460289001, 24.1666221619, 17.8312549591, 41.7605438232, 61.8810501099, 35.368057251, 15.7083044052, 9.28195858002, 5.46995973587, 2.16442775726, -3.48415565491], [-64.6410217285, 17.0626773834, 24.9194355011, 20.829996109, 20.630191803, 24.774892807, 35.368057251, 54.7628211975, 26.78150177, 10.5121717453, 2.5971429348, -0.206690385938, -1.07909560204], [-46.3135147095, 1.86590468884, 13.104716301, 11.8763790131, 16.6778469086, 13.937912941, 15.7083044052, 26.78150177, 43.8450584412, 20.0688018799, 6.84151029587, 3.30290699005, 1.51932704449], [-11.7643051147, 7.53087759018, 10.2763195038, 9.66878890991, 5.49957370758, 9.8520488739, 9.28195858002, 10.5121717453, 20.0688018799, 38.6598701477, 20.3664226532, 4.68321228027, 2.24762892723], [1.84112799168, 0.36854866147, 3.44448685646, 2.71287703514, 1.53868103027, 6.02092170715, 5.46995973587, 2.5971429348, 6.84151029587, 20.3664226532, 39.3706207275, 19.8386974335, 7.88585948944], [-3.87797188759, -6.70436239243, -7.09619045258, -4.0363907814, 0.910384237766, -0.34413293004, 2.16442775726, -0.206690385938, 3.30290699005, 4.68321228027, 19.8386974335, 37.851348877, 20.4142627716], [0.7641248703, -7.31631278992, -9.48086357117, -5.2397646904, -2.18768358231, -4.09249687195, -3.48415565491, -1.07909560204, 1.51932704449, 2.24762892723, 7.88585948944, 20.4142627716, 36.4695625305]],
