{
"lowlevel": {
    "average_loudness": 0.987329244614,
    "barkbands_crest": {
        "dmean": 3.45106649399,
        "dmean2": 5.88513326645,
        "dvar": 6.59161376953,
        "dvar2": 18.5724506378,
        "max": 20.9406929016,
        "mean": 10.2781639099,
        "median": 9.78049373627,
        "min": 3.74034619331,
        "var": 13.71230793
    },
    "barkbands_flatness_db": {
        "dmean": 0.0201788470149,
        "dmean2": 0.0330208614469,
        "dvar": 0.000227746655582,
        "dvar2": 0.000598655198701,
        "max": 0.245995298028,
        "mean": 0.178757101297,
        "median": 0.179242432117,
        "min": 0.0640151798725,
        "var": 0.000560781918466
    },
    "barkbands_kurtosis": {
        "dmean": 1.2188693285,
        "dmean2": 2.11348867416,
        "dvar": 2.05680990219,
        "dvar2": 5.48474693298,
        "max": 8.07718753815,
        "mean": -0.443000555038,
        "median": -0.909531831741,
        "min": -1.82147169113,
        "var": 2.39278674126
    },
    "barkbands_skewness": {
        "dmean": 0.586104691029,
        "dmean2": 0.970975160599,
        "dvar": 0.214178726077,
        "dvar2": 0.57705271244,
        "max": 3.04101109505,
        "mean": 0.838452875614,
        "median": 0.900903046131,
        "min": -2.25887060165,
        "var": 0.534636497498
    },
    "barkbands_spread": {
        "dmean": 7.65367650986,
        "dmean2": 13.0813760757,
        "dvar": 35.7930488586,
        "dvar2": 97.4231872559,
        "max": 54.4917984009,
        "mean": 37.3348770142,
        "median": 38.1410369873,
        "min": 13.7549800873,
        "var": 62.2241477966
    },
    "dissonance": {
        "dmean": 0.0045405048877,
        "dmean2": 0.00748462928459,
        "dvar": 1.44297173392e-05,
        "dvar2": 3.99405107601e-05,
        "max": 0.499883800745,
        "mean": 0.491214722395,
        "median": 0.491977095604,
        "min": 0.470693677664,
        "var": 1.90485734493e-05
    },
    "dynamic_complexity": 0.955520629883,
    "erbbands_crest": {
        "dmean": 2.48243379593,
        "dmean2": 4.25664949417,
        "dvar": 4.41566514969,
        "dvar2": 12.7407112122,
        "max": 18.1065235138,
        "mean": 8.64468669891,
        "median": 8.06440639496,
        "min": 4.45078802109,
        "var": 6.8972158432
    },
    "erbbands_flatness_db": {
        "dmean": 0.0136699499562,
        "dmean2": 0.0235024355352,
        "dvar": 0.000110496468551,
        "dvar2": 0.000273209385341,
        "max": 0.276812940836,
        "mean": 0.23218049109,
        "median": 0.231729671359,
        "min": 0.170732975006,
        "var": 0.000259824475506
    },
    "erbbands_kurtosis": {
        "dmean": 2.22616648674,
        "dmean2": 3.84788990021,
        "dvar": 3.17300009727,
        "dvar2": 8.68276309967,
        "max": 12.0104179382,
        "mean": 2.93500375748,
        "median": 2.44016885757,
        "min": -1.70216822624,
        "var": 7.21386480331
    },
    "erbbands_skewness": {
        "dmean": 0.408487379551,
        "dmean2": 0.723689079285,
        "dvar": 0.0984123721719,
        "dvar2": 0.268214434385,
        "max": 0.167557373643,
        "mean": -1.70168328285,
        "median": -1.72544777393,
        "min": -2.69330811501,
        "var": 0.2179364115
    },
    "erbbands_spread": {
        "dmean": 11.1014127731,
        "dmean2": 19.0294361115,
        "dvar": 80.3576126099,
        "dvar2": 216.900665283,
        "max": 75.4036331177,
        "mean": 33.2961997986,
        "median": 32.2425804138,
        "min": 8.04737091064,
        "var": 180.393875122
    },
    "hfc": {
        "dmean": 6.32758140564,
        "dmean2": 10.2744855881,
        "dvar": 45.824848175,
        "dvar2": 92.5943374634,
        "max": 106.024093628,
        "mean": 28.3691062927,
        "median": 26.1718921661,
        "min": 9.11177635193,
        "var": 206.848831177
    },
    "melbands_crest": {
        "dmean": 3.83257603645,
        "dmean2": 6.55537080765,
        "dvar": 7.60018110275,
        "dvar2": 21.4882545471,
        "max": 26.7710056305,
        "mean": 15.6079368591,
        "median": 15.5140619278,
        "min": 4.69145154953,
        "var": 16.783870697
    },
    "melbands_flatness_db": {
        "dmean": 0.0286424476653,
        "dmean2": 0.0477723740041,
        "dvar": 0.000486624863697,
        "dvar2": 0.00122636370361,
        "max": 0.323783069849,
        "mean": 0.224287390709,
        "median": 0.226932004094,
        "min": 0.0883295610547,
        "var": 0.00126384757459
    },
    "melbands_kurtosis": {
        "dmean": 5.25636386871,
        "dmean2": 8.76394271851,
        "dvar": 30.6070785522,
        "dvar2": 81.250793457,
        "max": 38.5395927429,
        "mean": 6.84105491638,
        "median": 5.63918685913,
        "min": -1.75139391422,
        "var": 44.8445777893
    },
    "melbands_skewness": {
        "dmean": 0.875411450863,
        "dmean2": 1.4347692728,
        "dvar": 0.488419532776,
        "dvar2": 1.32142663002,
        "max": 6.04294967651,
        "mean": 2.60377955437,
        "median": 2.64915823936,
        "min": -0.979194998741,
        "var": 1.14384579659
    },
    "melbands_spread": {
        "dmean": 14.3175239563,
        "dmean2": 23.8713588715,
        "dvar": 137.793533325,
        "dvar2": 358.711883545,
        "max": 102.505851746,
        "mean": 38.8705787659,
        "median": 34.9105834961,
        "min": 8.51696968079,
        "var": 309.107818604
    },
    "pitch_salience": {
        "dmean": 0.074140354991,
        "dmean2": 0.126401752234,
        "dvar": 0.00288980011828,
        "dvar2": 0.00798642262816,
        "max": 0.796763122082,
        "mean": 0.531633079052,
        "median": 0.542674183846,
        "min": 0.311747997999,
        "var": 0.00662682252005
    },
    "silence_rate_20dB": {
        "dmean": 0,
        "dmean2": 0,
        "dvar": 0,
        "dvar2": 0,
        "max": 1,
        "mean": 1,
        "median": 1,
        "min": 1,
        "var": 0
    },
    "silence_rate_30dB": {
        "dmean": 0,
        "dmean2": 0,
        "dvar": 0,
        "dvar2": 0,
        "max": 1,
        "mean": 1,
        "median": 1,
        "min": 1,
        "var": 0
    },
    "silence_rate_60dB": {
        "dmean": 0,
        "dmean2": 0,
        "dvar": 0,
        "dvar2": 0,
        "max": 0,
        "mean": 0,
        "median": 0,
        "min": 0,
        "var": 0
    },
    "spectral_centroid": {
        "dmean": 303.630615234,
        "dmean2": 526.239624023,
        "dvar": 64562.890625,
        "dvar2": 170644.296875,
        "max": 3023.02368164,
        "mean": 2174.90332031,
        "median": 2190.84692383,
        "min": 1028.03173828,
        "var": 123105.101562
    },
    "spectral_complexity": {
        "dmean": 4.34482765198,
        "dmean2": 7.23529434204,
        "dvar": 11.7914457321,
        "dvar2": 29.3010349274,
        "max": 56,
        "mean": 32.144329071,
        "median": 32,
        "min": 16,
        "var": 34.4259338379
    },
    "spectral_decrease": {
        "dmean": 1.98352512193e-09,
        "dmean2": 3.31861005343e-09,
        "dvar": 2.08398518679e-18,
        "dvar2": 5.72526567611e-18,
        "max": -2.483424133e-09,
        "mean": -7.01142610637e-09,
        "median": -6.91122936658e-09,
        "min": -1.27913954984e-08,
        "var": 3.72533527445e-18
    },
    "spectral_energy": {
        "dmean": 0.00773010076955,
        "dmean2": 0.012831392698,
        "dvar": 3.06666806864e-05,
        "dvar2": 8.42038425617e-05,
        "max": 0.052062664181,
        "mean": 0.0290358830243,
        "median": 0.02894571051,
        "min": 0.0106688719243,
        "var": 6.18717022007e-05
    },
    "spectral_energyband_high": {
        "dmean": 0.000161138057592,
        "dmean2": 0.000267734169029,
        "dvar": 3.72770188051e-08,
        "dvar2": 9.5799741473e-08,
        "max": 0.00250277225859,
        "mean": 0.000583449669648,
        "median": 0.000548018433619,
        "min": 0.000148186954902,
        "var": 7.35680529829e-08
    },
    "spectral_energyband_low": {
        "dmean": 0.00535018602386,
        "dmean2": 0.00906236842275,
        "dvar": 1.98401903617e-05,
        "dvar2": 5.48904463358e-05,
        "max": 0.0367926098406,
        "mean": 0.00862312689424,
        "median": 0.00703467614949,
        "min": 0.000629519752692,
        "var": 3.96410396206e-05
    },
    "spectral_energyband_middle_high": {
        "dmean": 0.00256063882262,
        "dmean2": 0.00418792152777,
        "dvar": 7.21705328033e-06,
        "dvar2": 1.57194026542e-05,
        "max": 0.040769636631,
        "mean": 0.00898998044431,
        "median": 0.00799024663866,
        "min": 0.00171312957536,
        "var": 2.92912500299e-05
    },
    "spectral_energyband_middle_low": {
        "dmean": 0.00599867943674,
        "dmean2": 0.0104652857408,
        "dvar": 2.82473065454e-05,
        "dvar2": 7.93963481556e-05,
        "max": 0.0387942269444,
        "mean": 0.0118251712993,
        "median": 0.0106347994879,
        "min": 0.00119190604892,
        "var": 5.55920159968e-05
    },
    "spectral_entropy": {
        "dmean": 0.0855334252119,
        "dmean2": 0.143387764692,
        "dvar": 0.00576899340376,
        "dvar2": 0.0128068011254,
        "max": 8.18619728088,
        "mean": 7.49289894104,
        "median": 7.48950529099,
        "min": 7.22983598709,
        "var": 0.00961412675679
    },
    "spectral_flux": {
        "dmean": 0.0172013230622,
        "dmean2": 0.0282788164914,
        "dvar": 0.000173163964064,
        "dvar2": 0.000470309983939,
        "max": 0.171706214547,
        "mean": 0.0984363555908,
        "median": 0.0957400798798,
        "min": 0.056694354862,
        "var": 0.000418932846515
    },
    "spectral_kurtosis": {
        "dmean": 2.98174095154,
        "dmean2": 5.34119939804,
        "dvar": 5.21678638458,
        "dvar2": 17.3604698181,
        "max": 11.7904405594,
        "mean": 4.54138803482,
        "median": 4.21309280396,
        "min": 0.392714500427,
        "var": 7.69075870514
    },
    "spectral_rms": {
        "dmean": 0.000724319717847,
        "dmean2": 0.00120648508891,
        "dvar": 2.7974402883e-07,
        "dvar2": 7.53164101752e-07,
        "max": 0.00712690968066,
        "mean": 0.00527164526284,
        "median": 0.005314105656,
        "min": 0.00322624482214,
        "var": 5.37417520263e-07
    },
    "spectral_rolloff": {
        "dmean": 504.173858643,
        "dmean2": 886.809875488,
        "dvar": 337456.6875,
        "dvar2": 909473.9375,
        "max": 3380.71289062,
        "mean": 2432.36328125,
        "median": 2540.91796875,
        "min": 172.265625,
        "var": 409744.5625
    },
    "spectral_skewness": {
        "dmean": 0.324965000153,
        "dmean2": 0.575480937958,
        "dvar": 0.0708720758557,
        "dvar2": 0.206687152386,
        "max": 2.52121853828,
        "mean": 0.527781903744,
        "median": 0.451625227928,
        "min": -0.0357941873372,
        "var": 0.107463240623
    },
    "spectral_spread": {
        "dmean": 245380.53125,
        "dmean2": 397291.90625,
        "dvar": 574041948160,
        "dvar2": 631700717568,
        "max": 15333434,
        "mean": 2332484,
        "median": 2285437.75,
        "min": 1711920.375,
        "var": 632136073216
    },
    "spectral_strongpeak": {
        "dmean": 0.449389696121,
        "dmean2": 0.794463992119,
        "dvar": 0.893731355667,
        "dvar2": 2.45336604118,
        "max": 11.2733821869,
        "mean": 0.694062888622,
        "median": 0.493778437376,
        "min": 0.0573789514601,
        "var": 1.10483455658
    },
    "zerocrossingrate": {
        "dmean": 0.00773168122396,
        "dmean2": 0.0101305684075,
        "dvar": 3.6094992538e-05,
        "dvar2": 6.42777449684e-05,
        "max": 0.1201171875,
        "mean": 0.0667938515544,
        "median": 0.06494140625,
        "min": 0.029296875,
        "var": 0.000206122815143
    },
    "barkbands": {
        "dmean": [2.79655414488e-05, 0.00407641194761, 0.00191675382666, 0.00241126585752, 0.00473566446453, 0.000115536473459, 0.000140946256579, 6.46308035357e-05, 9.93620124063e-05, 0.000130491724121, 8.9392742666e-05, 0.000111774868856, 3.34400356223e-05, 0.000395369308535, 0.000284907029709, 0.00144688354339, 0.00104166846722, 0.000579107610974, 0.000616157660261, 0.000257253821474, 0.000115834431199, 1.92943716684e-05, 7.61875242006e-07, 1.9238252662e-06, 3.91996849203e-07, 1.92100316099e-07, 6.82495695514e-08],
        "dmean2": [4.95080203109e-05, 0.00687826052308, 0.00321692880243, 0.00404108921066, 0.00821415614337, 0.000205783449928, 0.000254170998232, 0.000111375084089, 0.000169943683431, 0.000228440345381, 0.000154607056174, 0.000194997875951, 5.88275397604e-05, 0.000690010143444, 0.000444609031547, 0.00249885953963, 0.0017593735829, 0.000979519682005, 0.000984074431472, 0.000429376697866, 0.000192228573724, 3.29371177941e-05, 1.22994595131e-06, 3.02676403408e-06, 5.69227836422e-07, 2.67680150046e-07, 7.37820968766e-08],
        "dvar": [1.20767451595e-09, 1.43390843732e-05, 4.48439459433e-06, 5.22063783137e-06, 2.16472380998e-05, 5.06916535414e-08, 3.77140771946e-08, 1.11491207377e-08, 3.39397736582e-08, 1.95964648952e-08, 1.38948603734e-08, 3.2695822938e-08, 1.5291404809e-09, 1.76107349148e-07, 4.03790352266e-07, 2.63375409304e-06, 8.97987263215e-07, 5.91780633385e-07, 6.67410517963e-07, 9.26587873096e-08, 1.4928984271e-08, 4.43497488734e-10, 1.95714603378e-12, 2.08361314313e-11, 1.63928083347e-12, 9.10861447032e-13, 7.69935439189e-13],
        "dvar2": [3.33970384681e-09, 4.13330490119e-05, 1.12934149001e-05, 1.27296170831e-05, 6.28458583378e-05, 1.49563902596e-07, 1.069797122e-07, 3.2561132457e-08, 8.73389254252e-08, 5.10354851713e-08, 3.89417493807e-08, 7.66555317e-08, 3.62955687727e-09, 4.4584595571e-07, 8.17414388621e-07, 7.32849775886e-06, 2.55475333688e-06, 1.45868523305e-06, 1.55315535721e-06, 2.54612388062e-07, 3.83276628213e-08, 1.21946619469e-09, 3.361473426e-12, 4.3205133915e-11, 3.04067144727e-12, 1.12565750991e-12, 7.76048821559e-13],
        "max": [0.000205400705454, 0.031177924946, 0.0202035922557, 0.0179375372827, 0.0342066250741, 0.00257911346853, 0.00128558091819, 0.000887195754331, 0.00241889432073, 0.00106668262742, 0.000880786566995, 0.00187818158884, 0.000422660261393, 0.00289880484343, 0.0104843582958, 0.0109534533694, 0.0092913871631, 0.013381017372, 0.0127363586798, 0.00297471345402, 0.00150990276597, 0.000261561683146, 1.84510063264e-05, 7.96810272732e-05, 1.73144508153e-05, 1.46365364344e-05, 1.46659940583e-05],
        "mean": [2.81390348391e-05, 0.00521492492408, 0.00241986429319, 0.00321985827759, 0.00800931174308, 0.000162277501659, 0.000170143932337, 8.89296497917e-05, 0.000147154001752, 0.000213158637052, 0.000107238905912, 0.000168924481841, 5.18852793903e-05, 0.000651720154565, 0.000563935667742, 0.00205298606306, 0.001961131813, 0.00123505445663, 0.00156903627794, 0.000610084505752, 0.000328243942931, 5.3906966059e-05, 2.18038394451e-06, 4.65824905405e-06, 7.51128425236e-07, 3.12550724857e-07, 7.69953700797e-08],
        "median": [1.6054511434e-05, 0.00358169828542, 0.00158699997701, 0.00238733063452, 0.00545669067651, 0.000102155230707, 0.000118207179185, 6.4315063355e-05, 0.000103385624243, 0.000142133081681, 7.21150499885e-05, 0.000107882340671, 3.7128724216e-05, 0.000471823994303, 0.000360979494872, 0.00145182653796, 0.00169650721364, 0.000944045837969, 0.00130405102391, 0.000541659770533, 0.000294620258501, 4.80774724565e-05, 1.66467896179e-06, 3.18727302329e-06, 3.51456293401e-07, 6.94215884778e-08, 1.02567137006e-08],
        "min": [1.29024698481e-07, 0.0001254388917, 4.97399960295e-05, 4.60397204733e-05, 0.00018750516756, 4.58924569102e-06, 1.06038733065e-05, 7.53021231503e-06, 1.52782213263e-05, 2.10036250792e-05, 9.91148681351e-06, 9.83383051789e-06, 3.58431339009e-06, 5.69367402932e-05, 5.08585617354e-05, 0.000156493464601, 0.000267040071776, 0.000191204700968, 0.000250268116361, 0.000147175160237, 6.26446126262e-05, 1.39128924275e-05, 3.88413326391e-07, 8.12016367036e-07, 8.72036238775e-08, 2.87060881732e-08, 4.33899138841e-09],
        "var": [1.27483290591e-09, 2.43370704993e-05, 7.50550043449e-06, 8.47138744575e-06, 4.82925497636e-05, 6.1625563319e-08, 3.54700198102e-08, 9.15794817757e-09, 3.65079415587e-08, 3.55763205562e-08, 1.34278232977e-08, 4.07580955653e-08, 2.39870234786e-09, 2.78504842299e-07, 9.43238660511e-07, 3.25869973494e-06, 1.47551270402e-06, 1.45329124734e-06, 1.71524231973e-06, 1.44617885667e-07, 2.92057560358e-08, 8.49836256922e-10, 5.04775084578e-12, 5.75785669144e-11, 3.52648422616e-12, 1.68769870041e-12, 7.68768566601e-13]
    },
    "erbbands": {
        "dmean": [0.073388800025, 1.06374406815, 2.29773044586, 4.04653501511, 19.8769874573, 10.8484115601, 1.36411452293, 1.19225394726, 0.853424549103, 3.09478783607, 1.69712221622, 1.95328140259, 2.31526684761, 4.39460945129, 4.59881019592, 3.88298416138, 1.62571799755, 10.3505067825, 20.8265457153, 49.5506210327, 56.0709724426, 63.1818695068, 23.467464447, 40.0613822937, 20.5667743683, 11.4326343536, 4.81054449081, 3.52388954163, 0.869997918606, 0.112396329641, 0.0241112485528, 0.0487480014563, 0.0214255079627, 0.00745317945257, 0.00123099621851, 0.000975417089649, 0.000321008003084, 5.84788758715e-05, 1.28932715597e-05, 9.33083811105e-06],
        "dmean2": [0.123679190874, 1.81175172329, 3.84171628952, 6.63821125031, 34.7307472229, 18.7215270996, 2.24584817886, 2.08893108368, 1.48797166348, 5.41975355148, 2.96330595016, 3.42761921883, 3.98580551147, 7.36096572876, 7.79102993011, 6.83534574509, 2.86299180984, 17.7469844818, 34.7575111389, 83.1124725342, 95.9767074585, 107.570106506, 38.361995697, 66.048576355, 33.5474395752, 19.5416221619, 8.20579814911, 5.83794307709, 1.50363945961, 0.189400404692, 0.0376646481454, 0.0786104351282, 0.0329728461802, 0.0109243504703, 0.00159473321401, 0.00147027056664, 0.000438360293629, 6.94299451425e-05, 1.55233883561e-05, 1.50525929712e-05],
        "dvar": [0.00635189795867, 0.950672209263, 4.60328245163, 17.2574043274, 302.537872314, 179.361907959, 6.1830663681, 4.46526813507, 0.974927306175, 25.2675685883, 12.3444805145, 11.6614665985, 10.2501058578, 23.7511177063, 37.6157035828, 36.3813934326, 3.95378804207, 169.732086182, 675.34765625, 5768.80371094, 4486.79199219, 3912.00683594, 601.68359375, 2136.14916992, 798.102783203, 171.355743408, 27.0518074036, 12.4350500107, 0.987525701523, 0.0176795572042, 0.00193218223285, 0.0107503701001, 0.00391669664532, 0.000533646729309, 4.38021379523e-05, 1.98607704078e-05, 2.60734714175e-06, 3.20875074067e-07, 1.54488208892e-08, 1.4620089861e-10],
        "dvar2": [0.0161590110511, 2.72759628296, 11.8079957962, 41.9193000793, 931.018188477, 454.716217041, 17.0924510956, 13.3077096939, 2.43349885941, 74.5154037476, 34.2581367493, 30.2690372467, 25.8455505371, 58.9081764221, 102.459907532, 88.3324050903, 10.2670536041, 403.022460938, 1542.91320801, 13615.8886719, 12724.1113281, 10741.5605469, 1395.40576172, 4120.47167969, 1855.4744873, 457.742370605, 69.3505172729, 31.6620559692, 2.75866317749, 0.0463619381189, 0.00343395140953, 0.0246591567993, 0.00755804032087, 0.00104976259172, 5.48061107111e-05, 2.98682989524e-05, 3.03742967844e-06, 3.34367058485e-07, 1.55628132603e-08, 2.09947573215e-10],
        "max": [0.550717711449, 8.17619609833, 20.1162891388, 40.5355682373, 118.632156372, 143.426803589, 26.790807724, 23.0082607269, 8.57913208008, 37.7486381531, 46.8308868408, 43.3634300232, 36.2380752563, 49.188457489, 49.3322601318, 65.9147262573, 22.3953170776, 144.949768066, 365.108856201, 959.53137207, 685.395874023, 599.062194824, 417.216094971, 849.80090332, 399.83682251, 133.49118042, 59.2373275757, 45.6348991394, 13.4508142471, 1.73936116695, 0.537902355194, 1.76743590832, 0.977721691132, 0.396302998066, 0.107994824648, 0.0608264915645, 0.0250740740448, 0.00945607945323, 0.00210636528209, 0.00022877502488],
        "mean": [0.105443924665, 1.33463335037, 3.15760803223, 6.33601427078, 31.7081260681, 17.4578952789, 2.08886098862, 1.53757953644, 1.31741189957, 3.51182770729, 2.51126718521, 3.03304076195, 3.67925000191, 7.12068271637, 6.62882900238, 6.03268194199, 3.01135706902, 18.346408844, 41.8593101501, 66.3222579956, 102.030075073, 119.370155334, 64.6782302856, 99.2259750366, 55.9392166138, 29.2529468536, 14.3868160248, 9.79363536835, 2.52953672409, 0.337603241205, 0.0780353695154, 0.121296033263, 0.0513229593635, 0.0154967196286, 0.00209462107159, 0.00169169262517, 0.000491519691423, 7.18905212125e-05, 2.80280055449e-05, 3.68901455658e-05],
        "median": [0.0616936758161, 0.931266069412, 2.44519901276, 4.79934024811, 25.7791862488, 11.7717285156, 1.44715571404, 0.948529362679, 0.946996867657, 2.2153263092, 1.77179312706, 2.13801598549, 2.77384901047, 4.74056148529, 4.68933391571, 3.93016433716, 2.25234007835, 12.7472505569, 30.8443393707, 39.0831108093, 80.8440246582, 98.1819152832, 55.235748291, 76.4267959595, 47.7854804993, 26.0202522278, 13.0731925964, 8.60227775574, 2.31923866272, 0.304821312428, 0.0609923414886, 0.0884561687708, 0.0310572814196, 0.00786291342229, 0.000789079000242, 0.00046825708705, 9.9678778497e-05, 1.08982967504e-05, 1.82956355275e-05, 3.56395103154e-05],
        "min": [0.00194695440587, 0.0310193393379, 0.127085015178, 0.251994103193, 0.875203073025, 0.32870477438, 0.16997256875, 0.0767957940698, 0.139935210347, 0.149894461036, 0.287169605494, 0.323054969311, 0.331736892462, 0.770492017269, 0.489980131388, 0.340147703886, 0.432326346636, 1.75943017006, 2.4530980587, 8.15554523468, 15.0865020752, 17.5426845551, 12.6393041611, 14.7098007202, 12.6809835434, 7.34940242767, 2.99711441994, 1.93392372131, 0.613344848156, 0.103115282953, 0.0235625375062, 0.0191088821739, 0.008515721187, 0.00246877432801, 0.000295326492051, 0.000204915821087, 4.10991269746e-05, 3.91276034861e-06, 8.40196844365e-06, 1.41284199344e-05],
        "var": [0.0124500403181, 1.53463697433, 8.36996650696, 29.3396987915, 590.576660156, 333.777801514, 7.79344844818, 4.61800146103, 1.44964170456, 20.3999900818, 10.4008693695, 12.7163743973, 12.9662008286, 47.6258964539, 41.2931213379, 46.0621032715, 7.09101819992, 395.616363525, 1726.6217041, 7967.89501953, 6206.70263672, 5896.02685547, 1776.21826172, 9621.61523438, 1785.60559082, 267.061340332, 51.2843666077, 25.99036026, 1.83992600441, 0.0374440401793, 0.00537188025191, 0.0263809114695, 0.0112533159554, 0.00140053872019, 5.91653806623e-05, 3.92094516428e-05, 4.56998168374e-06, 3.3328325344e-07, 1.55938177926e-08, 2.2599011551e-10]
    },
    "gfcc": {
        "mean": [-22.4997997284, 130.77986145, -170.61328125, 91.2467880249, -14.8676805496, -11.8367710114, -19.7992305756, -3.38033056259, -17.4748878479, -19.373128891, -18.7761230469, -19.2083969116, 3.61027526855],
        "cov": [[397.565246582, -154.09552002, -54.8112030029, -132.15675354, -66.1157302856, -3.10744762421, -75.5322341919, 29.6871929169, -47.3348503113, 56.187713623, -3.99885463715, 39.2402381897, -6.72065067291], [-154.09552002, 180.566329956, 39.7115821838, 76.3457794189, 35.7332839966, 5.28438425064, 59.9561080933, -18.3944072723, 36.0050735474, -34.1836738586, 12.1977577209, -21.4578475952, 13.3690805435], [-54.8112030029, 39.7115821838, 93.9906768799, 32.6085472107, 10.2009162903, -6.8464550972, 8.32298469543, 5.58403873444, 7.79478311539, 6.3906006813, 9.58332252502, 3.00400733948, 0.118157014251], [-132.15675354, 76.3457794189, 32.6085472107, 103.75743866, 49.2867889404, 10.5427942276, 35.9992370605, -13.7651805878, 27.44672966, -22.8176898956, 9.04029178619, -16.8738117218, 8.46603393555], [-66.1157302856, 35.7332839966, 10.2009162903, 49.2867889404, 85.8960571289, 44.5683631897, 31.8233070374, 13.1224145889, 35.6002693176, 5.64487123489, 14.6370382309, -1.91607260704, 7.52174806595], [-3.10744762421, 5.28438425064, -6.8464550972, 10.5427942276, 44.5683631897, 57.360080719, 35.0089416504, 23.9894218445, 19.2407913208, 16.1613140106, 17.5905265808, 6.030189991, 3.28896832466], [-75.5322341919, 59.9561080933, 8.32298469543, 35.9992370605, 31.8233070374, 35.0089416504, 63.9734649658, 18.9384288788, 23.9312801361, -7.36819601059, 13.4976816177, -3.35076856613, 4.41184568405], [29.6871929169, -18.3944072723, 5.58403873444, -13.7651805878, 13.1224145889, 23.9894218445, 18.9384288788, 59.2429351807, 28.5586605072, 32.2934150696, 17.5807266235, 18.3648529053, -0.340530753136], [-47.3348503113, 36.0050735474, 7.79478311539, 27.44672966, 35.6002693176, 19.2407913208, 23.9312801361, 28.5586605072, 58.8776664734, 27.406337738, 19.3019371033, 1.0428237915, 2.57493114471], [56.187713623, -34.1836738586, 6.3906006813, -22.8176898956, 5.64487123489, 16.1613140106, -7.36819601059, 32.2934150696, 27.406337738, 72.0419998169, 32.5985603333, 22.0211696625, -6.56651639938], [-3.99885463715, 12.1977577209, 9.58332252502, 9.04029178619, 14.6370382309, 17.5905265808, 13.4976816177, 17.5807266235, 19.3019371033, 32.5985603333, 40.6430587769, 17.3013820648, -0.0432476177812], [39.2402381897, -21.4578475952, 3.00400733948, -16.8738117218, -1.91607260704, 6.030189991, -3.35076856613, 18.3648529053, 1.0428237915, 22.0211696625, 17.3013820648, 39.060131073, 17.2987613678], [-6.72065067291, 13.3690805435, 0.118157014251, 8.46603393555, 7.52174806595, 3.28896832466, 4.41184568405, -0.340530753136, 2.57493114471, -6.56651639938, -0.0432476177812, 17.2987613678, 35.8801231384]],
        "icov": [[0.00657613109797, -0.00137243408244, 0.00236295699142, 0.00167515000794, 0.00259294267744, -0.00554301729426, 0.00783688481897, -0.00511927576736, 0.00570135796443, -0.00412703957409, 0.00251916004345, -0.00166921142954, -6.42334998702e-05], [-0.00137243408244, 0.0195434372872, -0.0070368940942, 0.0039120898582, -0.00187004590407, 0.0094634713605, -0.0188583452255, 0.013936095871, -0.0155861983076, 0.010814063251, -0.0130437780172, 0.00790611561388, -0.00719309551641], [0.00236295699142, -0.0070368940942, 0.0172017216682, -0.00742509169504, -0.000968901324086, 0.00292110536247, 0.00580846425146, -0.0102762039751, 0.0123511701822, -0.00994801521301, 0.00565416552126, -0.00469008507207, 0.00344455242157], [0.00167515000794, 0.0039120898582, -0.00742509169504, 0.0293231178075, -0.0115538351238, 0.00838766992092, -0.0101561518386, 0.0110162263736, -0.0109023973346, 0.0104763610289, -0.0138555737212, 0.00935119111091, -0.00685717444867], [0.00259294267744, -0.00187004590407, -0.000968901324086, -0.0115538351238, 0.0364108160138, -0.0331186503172, 0.0150007596239, -0.000279376574326, -0.0114821428433, 0.00353232747875, 0.0044457600452, -0.00434571737424, 0.00103852315806], [-0.00554301729426, 0.0094634713605, 0.00292110536247, 0.00838766992092, -0.0331186503172, 0.0686300620437, -0.041838824749, 0.00125581445172, 0.00717863626778, -0.00763657595962, -0.0122532406822, 0.0107966810465, -0.00787771120667], [0.00783688481897, -0.0188583452255, 0.00580846425146, -0.0101561518386, 0.0150007596239, -0.041838824749, 0.0674699395895, -0.0273254662752, 0.00837001856416, 0.00620375946164, 0.00244951620698, -0.00459302263334, 0.00575891649351], [-0.00511927576736, 0.013936095871, -0.0102762039751, 0.0110162263736, -0.000279376574326, 0.00125581445172, -0.0273254662752, 0.0528846867383, -0.0332433693111, 0.00657504517585, -0.00305415689945, -0.0126481791958, 0.00477168802172], [0.00570135796443, -0.0155861983076, 0.0123511701822, -0.0109023973346, -0.0114821428433, 0.00717863626778, 0.00837001856416, -0.0332433693111, 0.0647673085332, -0.0341148041189, 0.00933948531747, 0.0108931651339, -0.0063205640763], [-0.00412703957409, 0.010814063251, -0.00994801521301, 0.0104763610289, 0.00353232747875, -0.00763657595962, 0.00620375946164, 0.00657504517585, -0.0341148041189, 0.055396206677, -0.0327457264066, -0.0046620904468, 0.00681222509593], [0.00251916004345, -0.0130437780172, 0.00565416552126, -0.0138555737212, 0.0044457600452, -0.0122532406822, 0.00244951620698, -0.00305415689945, 0.00933948531747, -0.0327457264066, 0.0708370059729, -0.0335065051913, 0.0180203337222], [-0.00166921142954, 0.00790611561388, -0.00469008507207, 0.00935119111091, -0.00434571737424, 0.0107966810465, -0.00459302263334, -0.0126481791958, 0.0108931651339, -0.0046620904468, -0.0335065051913, 0.0761205852032, -0.0434585660696], [-6.42334998702e-05, -0.00719309551641, 0.00344455242157, -0.00685717444867, 0.00103852315806, -0.00787771120667, 0.00575891649351, 0.00477168802172, -0.0063205640763, 0.00681222509593, 0.0180203337222, -0.0434585660696, 0.0546614974737]]
    },
    "melbands": {
        "dmean": [0.000924141728319, 0.00123736076057, 0.00116739317309, 0.0011831515003, 8.59381470946e-05, 2.42953992711e-05, 1.76431894943e-05, 2.89122290269e-05, 1.66743739101e-05, 1.18678090075e-05, 1.23280387925e-05, 1.9082941435e-05, 1.42135804708e-05, 1.56803835125e-05, 4.18182662543e-06, 7.24782057659e-06, 2.12737741094e-05, 4.25623657065e-05, 3.03299038933e-05, 8.40510838316e-05, 7.2390139394e-05, 6.57890632283e-05, 3.86618157791e-05, 2.88219871436e-05, 3.68112778233e-05, 2.1076781195e-05, 1.33982921398e-05, 6.98272106092e-06, 2.46222452915e-06, 4.67640347779e-06, 1.45885326219e-06, 5.98837232246e-07, 2.18620954229e-07, 2.34526744691e-08, 1.17491802953e-08, 2.60055283974e-08, 3.32085718924e-08, 1.81569319579e-08, 9.41997946313e-09, 5.51487566725e-09],
        "dmean2": [0.00154953508172, 0.00209485576488, 0.0019564111717, 0.00203647930175, 0.000143759229104, 4.2843643314e-05, 3.18321035593e-05, 5.03489063703e-05, 2.89409035759e-05, 2.05362739507e-05, 2.11739097722e-05, 3.21300103678e-05, 2.48095529969e-05, 2.73931673291e-05, 7.42456904845e-06, 1.28218871396e-05, 3.66344247595e-05, 7.13164627086e-05, 5.15230094607e-05, 0.000143976649269, 0.000122797006043, 0.000112448535219, 6.37735793134e-05, 4.8773639719e-05, 6.0626778577e-05, 3.46181768691e-05, 2.24274826905e-05, 1.18393018056e-05, 4.16466264141e-06, 7.8946359281e-06, 2.48640162681e-06, 1.02892317955e-06, 3.78144193292e-07, 3.71740966898e-08, 1.89651316873e-08, 4.11808400713e-08, 5.48457848026e-08, 2.79185456975e-08, 1.46056224892e-08, 8.06772426643e-09],
        "dvar": [8.27368978662e-07, 1.08106644348e-06, 8.41115934236e-07, 1.42131898428e-06, 2.4399838594e-08, 1.93590032893e-09, 4.72701489063e-10, 2.35139552274e-09, 1.42002587467e-09, 3.68159364106e-10, 2.68630839795e-10, 4.38088371135e-10, 3.67144425972e-10, 6.77201961174e-10, 3.05145839152e-11, 6.90169033035e-11, 7.22566839695e-10, 2.58064591918e-09, 2.25732099679e-09, 1.34477726732e-08, 8.41933367468e-09, 3.94628818512e-09, 1.21769472283e-09, 1.29095800716e-09, 1.73038328111e-09, 9.50158951518e-10, 2.67276117905e-10, 5.10588481217e-11, 6.44718002943e-12, 2.40935743578e-11, 2.00471800618e-12, 4.85518146954e-13, 5.49258717935e-14, 1.58547108259e-15, 3.54026922956e-16, 2.03988424764e-15, 6.39768389632e-15, 2.56808382915e-15, 8.03149599625e-16, 3.39039045531e-16],
        "dvar2": [2.24656764658e-06, 3.02613739223e-06, 2.28493900067e-06, 4.0376448851e-06, 6.84856971134e-08, 5.74416869625e-09, 1.24169752258e-09, 6.94117696654e-09, 3.91192145344e-09, 9.43017219868e-10, 6.79171052731e-10, 1.09051900843e-09, 1.01377950479e-09, 1.59846480496e-09, 8.06251454488e-11, 1.94433455447e-10, 1.70478431372e-09, 6.25466567428e-09, 4.61928939544e-09, 3.4512076752e-08, 2.36460184766e-08, 1.1099261954e-08, 3.34980465588e-09, 3.15643577942e-09, 3.3778504438e-09, 2.17077822384e-09, 6.25072826832e-10, 1.46397449718e-10, 1.7100553612e-11, 6.03618752204e-11, 5.43213781248e-12, 1.38093724823e-12, 1.66285347579e-13, 3.32797021515e-15, 5.68608558811e-16, 4.53212093505e-15, 1.50950707148e-14, 5.48143649882e-15, 1.36117379355e-15, 7.33086369421e-16],
        "max": [0.00699283415452, 0.00800867006183, 0.00720544625074, 0.00934359617531, 0.00160671502817, 0.000488609250169, 0.000157807924552, 0.000367526197806, 0.000509921112098, 0.000234536186326, 0.000175253750058, 0.000192689985852, 0.00014732706768, 0.000281315878965, 6.19881975581e-05, 7.20950847608e-05, 0.000299342354992, 0.000675270683132, 0.000700234086253, 0.00118598435074, 0.000851681281347, 0.000580712105148, 0.000410735083278, 0.000605450652074, 0.000758190639317, 0.000489712692797, 0.000157269358169, 6.49966386845e-05, 2.43008762482e-05, 5.44972099306e-05, 1.60864801728e-05, 8.51254571899e-06, 2.92613776764e-06, 4.42875688123e-07, 2.47223482575e-07, 6.30623389952e-07, 1.35502716603e-06, 7.98476833097e-07, 4.27413255011e-07, 2.95720582244e-07],
        "mean": [0.0012475537369, 0.00172028341331, 0.00186195934657, 0.00213307351805, 0.000106278712337, 3.14511889883e-05, 2.5134664611e-05, 3.3132309909e-05, 2.33358077821e-05, 1.84578766493e-05, 1.88843805518e-05, 3.00811170746e-05, 1.86593078979e-05, 2.28063199756e-05, 6.72698615745e-06, 1.04334549178e-05, 3.42095081578e-05, 7.5673822721e-05, 4.87508186779e-05, 0.000113888054329, 0.000123157136841, 0.000120693723147, 7.93093786342e-05, 5.87104805163e-05, 8.60615182319e-05, 4.92419421789e-05, 3.13043274218e-05, 1.58361835929e-05, 6.86106159264e-06, 1.08161839307e-05, 3.81818017559e-06, 1.54276926878e-06, 5.12709902978e-07, 5.57731034689e-08, 3.17648414239e-08, 6.59779928469e-08, 7.50389048676e-08, 4.01763280422e-08, 2.08310080296e-08, 9.97929294755e-09],
        "median": [0.000797585933469, 0.00142168474849, 0.00159056065604, 0.00157582794782, 6.42892773612e-05, 1.8908027414e-05, 1.82870317076e-05, 2.14612355194e-05, 1.64024513651e-05, 1.28588771986e-05, 1.433243051e-05, 1.95310822164e-05, 1.36310663947e-05, 1.40885513247e-05, 5.14457406098e-06, 7.10736276233e-06, 2.33919236052e-05, 5.41630070074e-05, 3.27315647155e-05, 6.94522168487e-05, 9.63882630458e-05, 9.97975439532e-05, 6.74676848575e-05, 4.58629474451e-05, 6.66232590447e-05, 3.93669070036e-05, 2.644356573e-05, 1.37354563776e-05, 6.26247083346e-06, 9.3222297437e-06, 3.39963639817e-06, 1.38881421208e-06, 4.45866220389e-07, 4.38766782906e-08, 2.44433486785e-08, 4.97362684371e-08, 5.25017256336e-08, 2.44341560318e-08, 1.04697992498e-08, 4.73389150102e-09],
        "min": [3.07221489493e-05, 4.73170912301e-05, 5.87546819588e-05, 4.52311869594e-05, 3.43809233527e-06, 1.15981799809e-06, 2.40974236476e-06, 1.52147219978e-06, 1.98682323571e-06, 2.05156106858e-06, 1.7379484234e-06, 2.84669886241e-06, 1.50121479692e-06, 1.3434473658e-06, 4.82358927911e-07, 6.22224376912e-07, 3.27938869304e-06, 3.44527279594e-06, 4.34336106991e-06, 1.34817728394e-05, 1.5939687728e-05, 1.5594810975e-05, 1.56734840857e-05, 8.29998498375e-06, 1.07171163108e-05, 9.7912743513e-06, 6.42363738734e-06, 4.18251693191e-06, 1.23954657738e-06, 2.16200669456e-06, 7.71821646595e-07, 3.85304645079e-07, 1.36766402647e-07, 1.20513181656e-08, 7.58601359507e-09, 1.16951888174e-08, 1.20762075895e-08, 4.90131135678e-09, 3.33991234669e-09, 1.29629362799e-09],
        "var": [1.55316035944e-06, 1.93066398424e-06, 1.46915510868e-06, 3.18948787026e-06, 2.98429583268e-08, 2.10372541609e-09, 5.57911050691e-10, 1.87055881895e-09, 1.18133092197e-09, 4.4721984449e-10, 3.30960731043e-10, 8.82438122574e-10, 3.58330337624e-10, 8.09043276817e-10, 3.8405022218e-11, 1.15091249031e-10, 1.46618517327e-09, 5.5423785561e-09, 4.2553525148e-09, 1.62905724466e-08, 1.05873931844e-08, 6.02222360868e-09, 2.32424857138e-09, 2.94736191009e-09, 7.59879625889e-09, 1.97307836736e-09, 5.15129772172e-10, 7.67913024835e-11, 1.21013607121e-11, 3.97544011599e-11, 3.94774490875e-12, 7.92938251951e-13, 9.24939581848e-14, 2.31911543497e-15, 9.04923202276e-16, 5.50477479761e-15, 1.27088704821e-14, 6.62912717883e-15, 2.62353081764e-15, 6.67902525448e-16]
    },
    "mfcc": {
        "mean": [-640.143615723, 129.270309448, -61.9079742432, 88.5935058594, 20.0250244141, 11.1551094055, 9.70763492584, 6.37896203995, 14.4863061905, -0.0510982573032, -9.8784532547, -3.82553887367, -15.3918619156],
        "cov": [[402.303375244, -88.3731689453, -60.2557029724, -128.761016846, -32.9830055237, -62.0320129395, -22.395652771, -50.1256561279, -33.3312110901, -10.424571991, -0.968860268593, -23.7595844269, -0.551022350788], [-88.3731689453, 105.543930054, 28.8231105804, 34.8303604126, 1.84896540642, 20.868139267, 9.697722435, 16.8700046539, 16.8662033081, 1.10566782951, 1.34945356846, 19.1602973938, 12.9327659607], [-60.2557029724, 28.8231105804, 77.2403030396, 36.350856781, -5.80814981461, -7.12644195557, -0.703706622124, -3.14097857475, -3.20062589645, -4.55353403091, -3.09381246567, 9.51738262177, -1.2881923914], [-128.761016846, 34.8303604126, 36.350856781, 93.7746276855, 21.967880249, 27.6436309814, 3.71784615517, 18.3631267548, 13.1101007462, -1.03319275379, -6.93349742889, 9.48548412323, -1.5269305706], [-32.9830055237, 1.84896540642, -5.80814981461, 21.967880249, 58.6477165222, 26.5329799652, 7.12059211731, 11.0061788559, 12.9039897919, 15.855796814, 13.5066871643, 10.4896354675, 9.12682437897], [-62.0320129395, 20.868139267, -7.12644195557, 27.6436309814, 26.5329799652, 58.3649635315, 24.2721557617, 16.2083969116, 11.6353158951, 9.20834445953, 5.89656925201, 7.03588485718, 4.14155101776], [-22.395652771, 9.697722435, -0.703706622124, 3.71784615517, 7.12059211731, 24.2721557617, 45.7886734009, 24.6894817352, 7.74118804932, 4.16736412048, 7.75300693512, 7.53032398224, 2.3454246521], [-50.1256561279, 16.8700046539, -3.14097857475, 18.3631267548, 11.0061788559, 16.2083969116, 24.6894817352, 50.4472465515, 26.2134666443, 6.88113975525, 0.996616959572, 4.91483020782, 3.69088101387], [-33.3312110901, 16.8662033081, -3.20062589645, 13.1101007462, 12.9039897919, 11.6353158951, 7.74118804932, 26.2134666443, 41.747051239, 15.577123642, 0.784915924072, 5.73495149612, 11.3838758469], [-10.424571991, 1.10566782951, -4.55353403091, -1.03319275379, 15.855796814, 9.20834445953, 4.16736412048, 6.88113975525, 15.577123642, 39.5390968323, 25.7347488403, 7.89486455917, 10.3301210403], [-0.968860268593, 1.34945356846, -3.09381246567, -6.93349742889, 13.5066871643, 5.89656925201, 7.75300693512, 0.996616959572, 0.784915924072, 25.7347488403, 51.5134315491, 25.4023075104, 10.7950601578], [-23.7595844269, 19.1602973938, 9.51738262177, 9.48548412323, 10.4896354675, 7.03588485718, 7.53032398224, 4.91483020782, 5.73495149612, 7.89486455917, 25.4023075104, 46.6604232788, 24.6118869781], [-0.551022350788, 12.9327659607, -1.2881923914, -1.5269305706, 9.12682437897, 4.14155101776, 2.3454246521, 3.69088101387, 11.3838758469, 10.3301210403, 10.7950601578, 24.6118869781, 50.5327262878]],
