{
"lowlevel": {
    "average_loudness": 0.988968372345,
    "barkbands_crest": {
        "dmean": 1.67628633976,
        "dmean2": 2.9965364933,
        "dvar": 1.94888281822,
        "dvar2": 5.46940469742,
        "max": 11.6031284332,
        "mean": 5.87659978867,
        "median": 5.56606817245,
        "min": 3.1500647068,
        "var": 2.43590450287
    },
    "barkbands_flatness_db": {
        "dmean": 0.0100342547521,
        "dmean2": 0.0174874216318,
        "dvar": 5.96296413278e-05,
        "dvar2": 0.000159925024491,
        "max": 0.169178038836,
        "mean": 0.133076518774,
        "median": 0.133030593395,
        "min": 0.0771241262555,
        "var": 0.000102304642496
    },
    "barkbands_kurtosis": {
        "dmean": 0.938352227211,
        "dmean2": 1.6363799572,
        "dvar": 0.655275464058,
        "dvar2": 1.69437360764,
        "max": 4.29054689407,
        "mean": 0.570013701916,
        "median": 0.587243795395,
        "min": -1.74600875378,
        "var": 1.57286632061
    },
    "barkbands_skewness": {
        "dmean": 0.314467698336,
        "dmean2": 0.514886200428,
        "dvar": 0.0664225965738,
        "dvar2": 0.159221827984,
        "max": 0.521075308323,
        "mean": -1.06229257584,
        "median": -1.15724790096,
        "min": -1.90534961224,
        "var": 0.211373880506
    },
    "barkbands_spread": {
        "dmean": 4.90118741989,
        "dmean2": 8.34248638153,
        "dvar": 15.5314826965,
        "dvar2": 40.056892395,
        "max": 43.4482574463,
        "mean": 23.8496723175,
        "median": 22.3994350433,
        "min": 12.086274147,
        "var": 41.6957550049
    },
    "dissonance": {
        "dmean": 0.00487436586991,
        "dmean2": 0.00812749285251,
        "dvar": 4.47991224064e-05,
        "dvar2": 6.77546122461e-05,
        "max": 0.499962240458,
        "mean": 0.49205699563,
        "median": 0.493759006262,
        "min": 0.384432584047,
        "var": 6.16303295828e-05
    },
    "dynamic_complexity": 0.320278018713,
    "erbbands_crest": {
        "dmean": 1.96016860008,
        "dmean2": 3.40843009949,
        "dvar": 2.51411533356,
        "dvar2": 7.47007322311,
        "max": 14.7496652603,
        "mean": 7.76923942566,
        "median": 7.45307397842,
        "min": 4.09356498718,
        "var": 3.15017437935
    },
    "erbbands_flatness_db": {
        "dmean": 0.0114268362522,
        "dmean2": 0.0196547601372,
        "dvar": 8.44725800562e-05,
        "dvar2": 0.00021871914214,
        "max": 0.284830987453,
        "mean": 0.249488145113,
        "median": 0.250955671072,
        "min": 0.168015092611,
        "var": 0.000187893630937
    },
    "erbbands_kurtosis": {
        "dmean": 1.16874599457,
        "dmean2": 1.93120706081,
        "dvar": 0.775506854057,
        "dvar2": 2.30169963837,
        "max": 6.23283672333,
        "mean": 2.32429003716,
        "median": 2.32204723358,
        "min": -1.11168456078,
        "var": 1.69759559631
    },
    "erbbands_skewness": {
        "dmean": 0.268177479506,
        "dmean2": 0.451408326626,
        "dvar": 0.0455336906016,
        "dvar2": 0.12926235795,
        "max": 0.299493253231,
        "mean": -1.10778713226,
        "median": -1.11316180229,
        "min": -2.09338712692,
        "var": 0.0979225188494
    },
    "erbbands_spread": {
        "dmean": 3.20690345764,
        "dmean2": 5.35647392273,
        "dvar": 6.76183271408,
        "dvar2": 16.6580963135,
        "max": 32.3906517029,
        "mean": 15.1229763031,
        "median": 14.2268314362,
        "min": 8.69537448883,
        "var": 17.7780971527
    },
    "hfc": {
        "dmean": 6.81753349304,
        "dmean2": 11.6204490662,
        "dvar": 26.3411884308,
        "dvar2": 77.1816329956,
        "max": 60.1073532104,
        "mean": 42.10546875,
        "median": 42.7791519165,
        "min": 0.856125712395,
        "var": 55.6193847656
    },
    "melbands_crest": {
        "dmean": 1.92397141457,
        "dmean2": 3.13271546364,
        "dvar": 4.3170170784,
        "dvar2": 8.67068481445,
        "max": 22.1809959412,
        "mean": 6.2706489563,
        "median": 5.21093511581,
        "min": 2.75005555153,
        "var": 9.82885551453
    },
    "melbands_flatness_db": {
        "dmean": 0.00970940012485,
        "dmean2": 0.0159915480763,
        "dvar": 7.50727340346e-05,
        "dvar2": 0.000152036547661,
        "max": 0.193398013711,
        "mean": 0.119400061667,
        "median": 0.116070277989,
        "min": 0.0956012383103,
        "var": 0.000214492072701
    },
    "melbands_kurtosis": {
        "dmean": 0.361950784922,
        "dmean2": 0.596174299717,
        "dvar": 0.135619938374,
        "dvar2": 0.289615631104,
        "max": 1.69480848312,
        "mean": -1.01931655407,
        "median": -1.13058686256,
        "min": -1.64266479015,
        "var": 0.232907727361
    },
    "melbands_skewness": {
        "dmean": 0.324374765158,
        "dmean2": 0.53232884407,
        "dvar": 0.0731904953718,
        "dvar2": 0.164200514555,
        "max": 1.79246842861,
        "mean": -0.0971592217684,
        "median": -0.192991778255,
        "min": -0.977543413639,
        "var": 0.233700752258
    },
    "melbands_spread": {
        "dmean": 9.546210289,
        "dmean2": 16.1816825867,
        "dvar": 46.0955810547,
        "dvar2": 117.031196594,
        "max": 94.4487228394,
        "mean": 68.8176651001,
        "median": 69.3877639771,
        "min": 33.915019989,
        "var": 120.725395203
    },
    "pitch_salience": {
        "dmean": 0.038742184639,
        "dmean2": 0.063929118216,
        "dvar": 0.00110996246804,
        "dvar2": 0.00258307904005,
        "max": 0.837344288826,
        "mean": 0.688011050224,
        "median": 0.69206058979,
        "min": 0.469070464373,
        "var": 0.00234461924993
    },
    "silence_rate_20dB": {
        "dmean": 0,
        "dmean2": 0,
        "dvar": 0,
        "dvar2": 0,
        "max": 1,
        "mean": 1,
        "median": 1,
        "min": 1,
        "var": 0
    },
    "silence_rate_30dB": {
        "dmean": 0,
        "dmean2": 0,
        "dvar": 0,
        "dvar2": 0,
        "max": 1,
        "mean": 1,
        "median": 1,
        "min": 1,
        "var": 0
    },
    "silence_rate_60dB": {
        "dmean": 0,
        "dmean2": 0,
        "dvar": 0,
        "dvar2": 0,
        "max": 0,
        "mean": 0,
        "median": 0,
        "min": 0,
        "var": 0
    },
    "spectral_centroid": {
        "dmean": 127.250213623,
        "dmean2": 210.944290161,
        "dvar": 11337.109375,
        "dvar2": 24969.9101562,
        "max": 3132.1081543,
        "mean": 2767.69921875,
        "median": 2804.61816406,
        "min": 1728.50195312,
        "var": 34495.859375
    },
    "spectral_complexity": {
        "dmean": 3.79523801804,
        "dmean2": 6.39856815338,
        "dvar": 11.215218544,
        "dvar2": 23.6860122681,
        "max": 54,
        "mean": 42.2470321655,
        "median": 43,
        "min": 1,
        "var": 20.0387439728
    },
    "spectral_decrease": {
        "dmean": 6.88973156304e-10,
        "dmean2": 1.18109433345e-09,
        "dvar": 2.91786022374e-19,
        "dvar2": 7.29301726537e-19,
        "max": -1.83554602073e-10,
        "mean": -4.27166391148e-09,
        "median": -4.32132862827e-09,
        "min": -6.96153490409e-09,
        "var": 5.20675505715e-19
    },
    "spectral_energy": {
        "dmean": 0.00311551685445,
        "dmean2": 0.00538242701441,
        "dvar": 5.81146559853e-06,
        "dvar2": 1.50716095959e-05,
        "max": 0.0291804000735,
        "mean": 0.0199413280934,
        "median": 0.0202505961061,
        "min": 0.000770432117861,
        "var": 9.84494454315e-06
    },
    "spectral_energyband_high": {
        "dmean": 0.000271104538115,
        "dmean2": 0.000457673770143,
        "dvar": 5.00137851134e-08,
        "dvar2": 1.36717588362e-07,
        "max": 0.00210668542422,
        "mean": 0.00111315981485,
        "median": 0.00109841523226,
        "min": 1.97267982003e-05,
        "var": 1.03487920455e-07
    },
    "spectral_energyband_low": {
        "dmean": 0.000485442113131,
        "dmean2": 0.000816106854472,
        "dvar": 2.37666228031e-07,
        "dvar2": 5.30996658199e-07,
        "max": 0.00515393167734,
        "mean": 0.00103901070543,
        "median": 0.000853447068948,
        "min": 0.000168462720467,
        "var": 4.71110098488e-07
    },
    "spectral_energyband_middle_high": {
        "dmean": 0.0029136154335,
        "dmean2": 0.00513234175742,
        "dvar": 4.96938537253e-06,
        "dvar2": 1.4573696717e-05,
        "max": 0.0234710555524,
        "mean": 0.0151461996138,
        "median": 0.0153564885259,
        "min": 0.000296882411931,
        "var": 8.5873361968e-06
    },
    "spectral_energyband_middle_low": {
        "dmean": 0.00113143806811,
        "dmean2": 0.00172179215588,
        "dvar": 2.00885597224e-06,
        "dvar2": 3.68488576896e-06,
        "max": 0.0170900318772,
        "mean": 0.00296535319649,
        "median": 0.0022778599523,
        "min": 0.000235561063164,
        "var": 5.07991717313e-06
    },
    "spectral_entropy": {
        "dmean": 0.0549867637455,
        "dmean2": 0.0962049141526,
        "dvar": 0.0015484088799,
        "dvar2": 0.00443101394922,
        "max": 7.90265750885,
        "mean": 7.62965774536,
        "median": 7.63442516327,
        "min": 7.47928094864,
        "var": 0.00270410394296
    },
    "spectral_flux": {
        "dmean": 0.00893021840602,
        "dmean2": 0.0145193478093,
        "dvar": 5.78073777433e-05,
        "dvar2": 0.000156037684064,
        "max": 0.123850271106,
        "mean": 0.0877401828766,
        "median": 0.0871449559927,
        "min": 0.0552628301084,
        "var": 8.758205513e-05
    },
    "spectral_kurtosis": {
        "dmean": 3.23617815971,
        "dmean2": 5.7434129715,
        "dvar": 5.98117685318,
        "dvar2": 18.6323318481,
        "max": 15.6367931366,
        "mean": 6.0491733551,
        "median": 5.90078926086,
        "min": 1.34935569763,
        "var": 8.90432929993
    },
    "spectral_rms": {
        "dmean": 0.000352042319719,
        "dmean2": 0.000607130990829,
        "dvar": 9.3726427508e-08,
        "dvar2": 2.16140989551e-07,
        "max": 0.00533560523763,
        "mean": 0.00439450424165,
        "median": 0.00444484874606,
        "min": 0.000866972375661,
        "var": 1.43298777289e-07
    },
    "spectral_rolloff": {
        "dmean": 221.074188232,
        "dmean2": 367.297607422,
        "dvar": 27708.2675781,
        "dvar2": 81771.9921875,
        "max": 3919.04296875,
        "mean": 3328.49072266,
        "median": 3337.64648438,
        "min": 2217.91992188,
        "var": 71863.4921875
    },
    "spectral_skewness": {
        "dmean": 0.303502589464,
        "dmean2": 0.53284317255,
        "dvar": 0.0542962513864,
        "dvar2": 0.158690080047,
        "max": 2.56481361389,
        "mean": 0.785539925098,
        "median": 0.766881465912,
        "min": 0.212798759341,
        "var": 0.0878261178732
    },
    "spectral_spread": {
        "dmean": 156274.3125,
        "dmean2": 267594.53125,
        "dvar": 16922381312,
        "dvar2": 38535524352,
        "max": 3721593.5,
        "mean": 1950579.375,
        "median": 1919609.25,
        "min": 1616666.125,
        "var": 36994789376
    },
    "spectral_strongpeak": {
        "dmean": 1.42989301682,
        "dmean2": 2.54780459404,
        "dvar": 1.60288023949,
        "dvar2": 4.43893289566,
        "max": 8.19291400909,
        "mean": 2.11586427689,
        "median": 2.0278377533,
        "min": 0,
        "var": 2.07999372482
    },
    "zerocrossingrate": {
        "dmean": 0.00480375764892,
        "dmean2": 0.00583956390619,
        "dvar": 2.25708445214e-05,
        "dvar2": 2.55217601079e-05,
        "max": 0.1298828125,
        "mean": 0.109837763011,
        "median": 0.1123046875,
        "min": 0.01953125,
        "var": 0.000133598703542
    },
    "barkbands": {
        "dmean": [4.54641440228e-06, 0.000340718805091, 0.000145497106132, 0.000413521105656, 0.000550030905288, 0.000103110964119, 0.000175331777427, 0.000258429121459, 0.000274187157629, 0.000382168625947, 0.000255955819739, 0.000497129221912, 0.000104724873381, 0.000486517616082, 0.000679389515426, 0.00137031916529, 0.00167954445351, 0.000606923422311, 0.000740362331271, 0.000452005217085, 0.000203919931664, 3.55262236553e-05, 1.02421222437e-06, 2.66035090135e-06, 2.71086548764e-07, 9.60799582117e-08, 2.8767157545e-08],
        "dmean2": [8.12194048194e-06, 0.000621684477665, 0.000240985827986, 0.000616750097834, 0.000874989898875, 0.000174636981683, 0.0002990787616, 0.000406711711548, 0.000422420154791, 0.000653160503134, 0.000445028155809, 0.000832607562188, 0.000178489019163, 0.000841046508867, 0.0012295844499, 0.00235174247064, 0.00297577073798, 0.00104851450305, 0.00125804939307, 0.000765652861446, 0.000350465037627, 6.00630592089e-05, 1.75382956513e-06, 4.53451002613e-06, 4.45664880999e-07, 1.44476985042e-07, 3.07119201182e-08],
        "dvar": [1.64530750135e-11, 9.21766059037e-08, 2.65226773877e-08, 7.64622086535e-07, 8.33310309645e-07, 1.14362226356e-08, 4.13103755648e-08, 5.28422958723e-08, 1.77253582478e-07, 1.29235331769e-07, 2.5480804311e-07, 4.26750631277e-07, 1.72763616746e-08, 2.02708974939e-07, 4.00335039785e-07, 1.20815172977e-06, 1.83165423095e-06, 2.59040348283e-07, 4.21139077389e-07, 1.42605799169e-07, 3.09293461953e-08, 8.62511562172e-10, 9.06835479104e-13, 7.87503482563e-12, 3.37085584055e-13, 2.72105851306e-13, 2.83803904856e-13],
        "dvar2": [4.09250480726e-11, 2.34763092521e-07, 6.70707649419e-08, 1.46239676724e-06, 1.55007580815e-06, 3.03486658026e-08, 1.14295438891e-07, 1.46246037502e-07, 3.64918975038e-07, 3.28394492044e-07, 6.74827390412e-07, 9.77899162535e-07, 4.44588827975e-08, 4.96387315252e-07, 1.20780418911e-06, 3.86089868698e-06, 5.61125943932e-06, 7.37834284337e-07, 1.26641111819e-06, 4.28124252494e-07, 8.33885351881e-08, 2.48066855946e-09, 2.49414312987e-12, 2.0317417887e-11, 4.09504759746e-13, 2.84107156204e-13, 2.84565204517e-13],
        "max": [4.18836534664e-05, 0.00343526760116, 0.00158307701349, 0.0117065608501, 0.0106693003327, 0.00100164685864, 0.00262410473078, 0.0022346007172, 0.004752792418, 0.00427022622898, 0.00588422548026, 0.00861888471991, 0.00145877723116, 0.00654981192201, 0.00505711743608, 0.00790068786591, 0.00941768661141, 0.00450110482052, 0.00565155828372, 0.00317077129148, 0.00150192098226, 0.000256225612247, 1.18277484944e-05, 2.79552259599e-05, 1.21597086036e-05, 1.08840558823e-05, 1.09413249447e-05],
        "mean": [7.15689247954e-06, 0.000593207310885, 0.000201924558496, 0.00059426605003, 0.00079068436753, 0.000141760552651, 0.000267072580755, 0.000635345641058, 0.000427312741522, 0.000659227662254, 0.000341012724675, 0.000922534090932, 0.000149116647663, 0.000885842717253, 0.00127556349616, 0.00299342675135, 0.00350657245144, 0.00155005522538, 0.00204455875792, 0.00120016653091, 0.000632529205177, 0.000109214837721, 3.54291842086e-06, 8.1203161244e-06, 8.39566951072e-07, 2.47986037039e-07, 4.05675208981e-08],
        "median": [6.1123218984e-06, 0.000516249390785, 0.000140720730997, 0.000127480889205, 0.000437227281509, 0.000102255435195, 0.000207336241147, 0.000549019663595, 0.000221518595936, 0.000561981170904, 0.000232009639149, 0.000758767127991, 0.000109014108602, 0.000746933626942, 0.00115999649279, 0.00276541593485, 0.00332535291091, 0.00152785144746, 0.001920634415, 0.00114310893696, 0.000595013203565, 0.000105798644654, 3.48216963175e-06, 7.28154600438e-06, 7.87071144259e-07, 2.04627724543e-07, 1.38627571644e-08],
        "min": [1.05880012313e-07, 4.64073673356e-05, 5.64865649721e-06, 2.46216518462e-06, 3.45398002537e-05, 1.0600962014e-05, 9.08611400519e-06, 2.9850930332e-06, 8.86974976311e-06, 3.65190908269e-06, 1.43917259265e-05, 1.35090058393e-05, 7.61629689805e-06, 2.87313068839e-05, 3.13223426929e-05, 1.90265745914e-05, 0.000117021612823, 2.20697565965e-05, 2.57999035966e-05, 2.21032842092e-05, 7.30044030206e-06, 2.9081595585e-06, 3.16907460274e-07, 2.52826936276e-07, 1.12912047712e-07, 9.62416777384e-08, 5.64020696814e-09],
        "var": [2.35665636311e-11, 1.42905818734e-07, 4.8425622623e-08, 1.46309321281e-06, 1.52481322857e-06, 1.65401203844e-08, 5.60736239663e-08, 1.76422076947e-07, 4.01872426892e-07, 2.19639304078e-07, 2.39202591956e-07, 5.79372112952e-07, 2.03699066503e-08, 4.48413857157e-07, 4.29990052453e-07, 1.69345128143e-06, 2.3042457542e-06, 3.90027594221e-07, 5.92960361701e-07, 2.29737537438e-07, 4.99582597513e-08, 1.36439881615e-09, 1.46321984477e-12, 1.25042823318e-11, 3.75786641388e-13, 2.80090837676e-13, 2.82995794767e-13]
    },
    "erbbands": {
        "dmean": [0.00689678173512, 0.0893688350916, 0.161978319287, 0.741261720657, 2.19267845154, 1.48976719379, 1.0089019537, 0.875779509544, 0.645601332188, 7.71120595932, 3.06579589844, 6.57989931107, 8.18829536438, 10.2386703491, 13.6194000244, 17.479057312, 3.56426310539, 14.0314483643, 37.1708335876, 62.6264228821, 61.420085907, 86.3211212158, 27.8032245636, 43.7114677429, 28.42304039, 23.4034767151, 8.01774501801, 6.25467920303, 1.47681772709, 0.210524618626, 0.0346220918, 0.0836326777935, 0.0188932679594, 0.00542673561722, 0.000741978408769, 0.000536532141268, 0.000146444828715, 2.01325292437e-05, 6.13881866229e-06, 4.61192257717e-06],
        "dmean2": [0.0111726345494, 0.166330486536, 0.280930459499, 1.10028803349, 3.42030382156, 2.37271761894, 1.70071005821, 1.52563583851, 1.0602850914, 12.7434940338, 5.02292346954, 10.749130249, 13.6796073914, 18.0104293823, 23.7512302399, 29.5037765503, 5.76021623611, 23.4234333038, 66.3254776001, 111.681312561, 105.294898987, 155.148605347, 48.3097419739, 73.7483520508, 47.8957939148, 39.5653839111, 13.5380649567, 10.8421506882, 2.5214278698, 0.367644667625, 0.0589603148401, 0.140145495534, 0.0318848192692, 0.00898709148169, 0.00114820932504, 0.000834007805679, 0.000213747058297, 2.28073604376e-05, 7.88841589383e-06, 7.75343687565e-06],
        "dvar": [4.95925160067e-05, 0.00588585529476, 0.0264027751982, 1.99545276165, 13.6874752045, 10.0033502579, 1.41225242615, 0.683041214943, 0.515823662281, 63.6982269287, 13.0363492966, 111.642372131, 162.672027588, 99.2489318848, 390.796142578, 525.433166504, 37.5029220581, 228.925506592, 1075.51611328, 2961.48364258, 2507.78662109, 5659.09716797, 547.535583496, 1464.69628906, 593.362548828, 423.397033691, 39.5874900818, 29.5537090302, 1.59198415279, 0.028453970328, 0.000817345862743, 0.00799051858485, 0.000279671105091, 5.57564926567e-05, 1.48305634866e-05, 4.68778443974e-06, 8.91179013252e-07, 1.10701193989e-07, 5.67530422657e-09, 5.72366112839e-11],
        "dvar2": [0.000105077866465, 0.0160128772259, 0.0675832405686, 4.00055551529, 23.4187850952, 18.7022476196, 3.60661864281, 1.95096933842, 1.48152458668, 176.631835938, 31.8670597076, 250.386917114, 275.275848389, 247.560852051, 1026.14355469, 1123.8626709, 88.2980880737, 412.069152832, 3095.88208008, 8805.30761719, 7388.26953125, 16521.5566406, 1562.20153809, 4354.25585938, 1725.0645752, 1278.71411133, 111.964981079, 79.6073226929, 4.26834392548, 0.0795342102647, 0.00223652087152, 0.0208239480853, 0.000702815304976, 8.69286595844e-05, 1.51722042574e-05, 5.02242437506e-06, 9.2836330623e-07, 1.10943915388e-07, 5.69129099404e-09, 7.46592093703e-11],
        "max": [0.0824751928449, 0.889040052891, 1.37273108959, 19.0697555542, 46.039981842, 52.4591712952, 8.10381603241, 6.38349294662, 8.1442232132, 97.9375076294, 46.6060447693, 98.848815918, 229.127502441, 87.5104370117, 247.47756958, 342.58984375, 91.0419692993, 310.643920898, 314.454101562, 378.837860107, 441.106414795, 555.366638184, 203.572952271, 344.783294678, 188.660461426, 170.999328613, 55.7847595215, 46.2052688599, 12.4629049301, 1.52866446972, 0.334619402885, 0.899074792862, 0.205876350403, 0.147256851196, 0.0807723328471, 0.0454334355891, 0.0195972025394, 0.00684813736007, 0.00156378909014, 0.000172244079295],
        "mean": [0.0181770734489, 0.130161985755, 0.238446682692, 1.12731719017, 3.01992106438, 2.17324829102, 1.38916504383, 1.15998649597, 1.35928857327, 16.0770359039, 7.23931598663, 9.9233007431, 13.3992729187, 18.6317329407, 24.7501544952, 32.8123664856, 7.91465902328, 29.9283008575, 71.8073120117, 116.186035156, 166.433059692, 183.708877563, 88.9221801758, 117.612434387, 83.4328231812, 61.2323722839, 26.5396823883, 19.4319076538, 5.17416238785, 0.756847262383, 0.139683827758, 0.226546883583, 0.0728489309549, 0.0190673861653, 0.00228641065769, 0.00153959740419, 0.000352292583557, 3.73537295673e-05, 2.19872981688e-05, 2.92397835437e-05],
        "median": [0.0169267095625, 0.108107611537, 0.189504221082, 0.361665546894, 1.30499613285, 1.01198840141, 0.901123225689, 0.83930426836, 1.13440167904, 13.791015625, 6.00928163528, 5.31326246262, 8.99503421783, 15.6250686646, 19.7923412323, 26.6855964661, 6.54398441315, 25.6169719696, 64.7904815674, 103.939231873, 160.711395264, 170.127197266, 87.079498291, 107.971832275, 78.7658004761, 57.0676612854, 25.2705841064, 18.4714450836, 5.03270149231, 0.742416799068, 0.133796721697, 0.197664901614, 0.0705559253693, 0.0180790666491, 0.00201460439712, 0.00131515716203, 0.000283181434497, 2.01948350878e-05, 1.84047912626e-05, 2.93052871712e-05],
        "min": [0.00119385577273, 0.010997697711, 0.0151096209884, 0.0208937749267, 0.0503704473376, 0.0693824738264, 0.0568995513022, 0.0890579670668, 0.115562684834, 0.0757034420967, 0.126345142722, 0.204916745424, 0.115792222321, 0.249034702778, 0.713441431522, 0.454245269299, 0.276367157698, 1.02255094051, 2.60001969337, 1.01938819885, 1.4484282732, 7.04618120193, 1.57036972046, 2.32404780388, 0.687473535538, 1.0912630558, 0.264917016029, 0.353798240423, 0.108339250088, 0.0275315586478, 0.00931171420962, 0.00701607996598, 0.00313867069781, 0.00144565291703, 0.000794391322415, 0.000450236228062, 0.00012504478218, 9.23966581468e-06, 1.0596836546e-05, 2.63065339823e-06],
        "var": [9.64271021076e-05, 0.00838289316744, 0.0391250289977, 3.7268781662, 28.744644165, 16.8677539825, 2.01912736893, 0.932309269905, 0.820661067963, 139.082473755, 26.3176212311, 201.161026001, 329.195251465, 156.0677948, 445.87411499, 776.74609375, 47.1555557251, 730.05645752, 1347.79382324, 3697.59472656, 3643.15258789, 6427.28271484, 887.252624512, 2081.74145508, 917.286376953, 620.547668457, 76.5147323608, 46.0230102539, 2.6792075634, 0.0486567094922, 0.00182029569987, 0.0135534992442, 0.000440054485807, 7.05769271008e-05, 1.50681653395e-05, 4.97660312249e-06, 9.02437761852e-07, 1.10501751749e-07, 5.66662361479e-09, 6.66986119113e-11]
    },
    "gfcc": {
        "mean": [-7.88305616379, 101.539962769, -206.842086792, 63.0423088074, -36.6427078247, -7.72358989716, -15.4368457794, 6.37606334686, -11.670633316, -7.01316738129, -13.8079986572, -11.429107666, 3.83098649979],
        "cov": [[133.734909058, 34.566444397, 0.434214562178, -7.30772304535, -16.0555057526, -4.09400463104, -5.67950963974, -7.0077624321, -10.4370069504, -12.6264190674, -14.2829046249, -14.0561237335, 0.136238023639], [34.566444397, 102.358016968, 48.0908279419, 0.57327735424, -4.94342327118, -6.16053009033, -8.45292186737, -25.8023757935, -28.8806056976, -36.5391654968, -27.7640075684, -22.6781768799, -9.28548431396], [0.434214562178, 48.0908279419, 79.486618042, 25.7272453308, 17.5781974792, -7.74227571487, -22.5361213684, -27.0270996094, -33.6510925293, -26.2054290771, -26.9615020752, -10.2553129196, -10.344792366], [-7.30772304535, 0.57327735424, 25.7272453308, 69.7651290894, 29.1950683594, -2.13073706627, -8.23423862457, -15.9110918045, -5.53416109085, -5.58069181442, 2.84478664398, -0.207828655839, 0.675264418125], [-16.0555057526, -4.94342327118, 17.5781974792, 29.1950683594, 52.5345993042, 20.5280189514, -3.07763361931, -7.65941429138, -10.6765985489, -5.47457122803, -6.7366361618, 2.73329973221, 1.90947365761], [-4.09400463104, -6.16053009033, -7.74227571487, -2.13073706627, 20.5280189514, 38.8062019348, 20.7060222626, 7.14487361908, -2.55766010284, -3.45163321495, -2.6039557457, -2.00882983208, 0.587668061256], [-5.67950963974, -8.45292186737, -22.5361213684, -8.23423862457, -3.07763361931, 20.7060222626, 44.7675514221, 31.0503540039, 16.0892066956, 5.0122961998, 2.54665350914, -0.802162945271, 0.796621978283], [-7.0077624321, -25.8023757935, -27.0270996094, -15.9110918045, -7.65941429138, 7.14487361908, 31.0503540039, 47.5634498596, 34.9370346069, 17.4839172363, 7.97420930862, 2.26644873619, 0.830106317997], [-10.4370069504, -28.8806056976, -33.6510925293, -5.53416109085, -10.6765985489, -2.55766010284, 16.0892066956, 34.9370346069, 51.8536872864, 33.4941139221, 22.9364299774, 6.76746988297, 0.927486002445], [-12.6264190674, -36.5391654968, -26.2054290771, -5.58069181442, -5.47457122803, -3.45163321495, 5.0122961998, 17.4839172363, 33.4941139221, 47.7926063538, 32.5187301636, 15.962020874, 4.97600030899], [-14.2829046249, -27.7640075684, -26.9615020752, 2.84478664398, -6.7366361618, -2.6039557457, 2.54665350914, 7.97420930862, 22.9364299774, 32.5187301636, 45.5049285889, 21.7163314819, 6.50788164139], [-14.0561237335, -22.6781768799, -10.2553129196, -0.207828655839, 2.73329973221, -2.00882983208, -0.802162945271, 2.26644873619, 6.76746988297, 15.962020874, 21.7163314819, 33.2642555237, 20.1320171356], [0.136238023639, -9.28548431396, -10.344792366, 0.675264418125, 1.90947365761, 0.587668061256, 0.796621978283, 0.830106317997, 0.927486002445, 4.97600030899, 6.50788164139, 20.1320171356, 32.1869125366]],
        "icov": [[0.00963275041431, -0.00532391993329, 0.00509802671149, -0.00371125037782, 0.00505445245653, -0.00382007635199, 0.00659930100664, -0.00588624784723, 0.00540830986574, -0.00429023988545, 0.00448204530403, 0.000384375540307, -0.000741156458389], [-0.00532391993329, 0.028197478503, -0.0214437413961, 0.0139760877937, -0.00512367859483, 0.0103745944798, -0.0212522912771, 0.0263320785016, -0.0185287743807, 0.0202883053571, -0.014372125268, 0.0190838947892, -0.0106997629628], [0.00509802671149, -0.0214437413961, 0.0433319509029, -0.0205770749599, 0.004090170376, -0.00561766466126, 0.0246110036969, -0.0249301660806, 0.0279418341815, -0.0190049204975, 0.0265719108284, -0.0232327468693, 0.019336219877], [-0.00371125037782, 0.0139760877937, -0.0205770749599, 0.0382775440812, -0.0265000853688, 0.0220685862005, -0.0266677755862, 0.0320659093559, -0.025239219889, 0.0213493686169, -0.0251510180533, 0.0221408773214, -0.0137031031772], [0.00505445245653, -0.00512367859483, 0.004090170376, -0.0265000853688, 0.0525645464659, -0.0398228317499, 0.0275277383626, -0.0197923742235, 0.0140184378251, -0.0148067120463, 0.0216603633016, -0.0193506926298, 0.00741780782118], [-0.00382007635199, 0.0103745944798, -0.00561766466126, 0.0220685862005, -0.0398228317499, 0.0694958940148, -0.0474805086851, 0.0257324054837, -0.00709328847006, 0.0138773694634, -0.0181285832077, 0.0202610287815, -0.00860257167369], [0.00659930100664, -0.0212522912771, 0.0246110036969, -0.0266677755862, 0.0275277383626, -0.0474805086851, 0.0889304578304, -0.0713502541184, 0.031591437757, -0.0165755208582, 0.0177667625248, -0.0193368475884, 0.0113379992545], [-0.00588624784723, 0.0263320785016, -0.0249301660806, 0.0320659093559, -0.0197923742235, 0.0257324054837, -0.0713502541184, 0.114998802543, -0.072258464992, 0.0256302244961, -0.0083970958367, 0.0169627200812, -0.0123515175655], [0.00540830986574, -0.0185287743807, 0.0279418341815, -0.025239219889, 0.0140184378251, -0.00709328847006, 0.031591437757, -0.072258464992, 0.0939504206181, -0.046968601644, 0.00923325307667, -0.00764556741342, 0.0119904763997], [-0.00429023988545, 0.0202883053571, -0.0190049204975, 0.0213493686169, -0.0148067120463, 0.0138773694634, -0.0165755208582, 0.0256302244961, -0.046968601644, 0.0783271640539, -0.0434333533049, 0.0127273006365, -0.01024519559], [0.00448204530403, -0.014372125268, 0.0265719108284, -0.0251510180533, 0.0216603633016, -0.0181285832077, 0.0177667625248, -0.0083970958367, 0.00923325307667, -0.0434333533049, 0.082182072103, -0.0523500815034, 0.0263012088835], [0.000384375540307, 0.0190838947892, -0.0232327468693, 0.0221408773214, -0.0193506926298, 0.0202610287815, -0.0193368475884, 0.0169627200812, -0.00764556741342, 0.0127273006365, -0.0523500815034, 0.100815191865, -0.0558281801641], [-0.000741156458389, -0.0106997629628, 0.019336219877, -0.0137031031772, 0.00741780782118, -0.00860257167369, 0.0113379992545, -0.0123515175655, 0.0119904763997, -0.01024519559, 0.0263012088835, -0.0558281801641, 0.0650814548135]]
    },
    "melbands": {
        "dmean": [8.38094347273e-05, 8.73330645845e-05, 0.000166472469573, 0.00014103196736, 3.67948268831e-05, 1.84737073141e-05, 1.50263849719e-05, 8.22347792564e-05, 2.99132098007e-05, 3.83204751415e-05, 4.44364923169e-05, 4.67177196697e-05, 4.00247445214e-05, 6.70280423947e-05, 1.86539036804e-05, 1.43708248288e-05, 2.95843492495e-05, 6.73699032632e-05, 4.88924051751e-05, 0.000102054567833, 8.34374659462e-05, 0.00010163992556, 5.6402393966e-05, 3.13827804348e-05, 4.12825756939e-05, 2.75772472378e-05, 2.08654819289e-05, 1.44827854456e-05, 3.76617208531e-06, 8.97236259334e-06, 2.59099601863e-06, 1.00773559097e-06, 4.11958552604e-07, 4.62776590382e-08, 1.76955978759e-08, 5.3610339279e-08, 4.5989569486e-08, 1.73382943558e-08, 9.43912503715e-09, 4.25917390245e-09],
        "dmean2": [0.00014970076154, 0.000157888702233, 0.000249588425504, 0.000223425711738, 6.02593318035e-05, 3.20463368553e-05, 2.50520661211e-05, 0.000133971552714, 4.93661427754e-05, 6.11900686636e-05, 7.49068567529e-05, 8.19191991468e-05, 6.98957956047e-05, 0.00011388650455, 3.00099454762e-05, 2.46561066888e-05, 4.91484424856e-05, 0.000120237382362, 8.71260563144e-05, 0.000180545423063, 0.000142270102515, 0.000182068892173, 9.71334739006e-05, 5.35377148481e-05, 6.96790739312e-05, 4.70931008749e-05, 3.5964876588e-05, 2.44537168328e-05, 6.4248297349e-06, 1.56567530212e-05, 4.57956184619e-06, 1.69704890141e-06, 7.23039875083e-07, 8.00808450663e-08, 3.04905043436e-08, 8.95946925539e-08, 7.76692914428e-08, 2.92146999925e-08, 1.59329367477e-08, 7.31928606612e-09],
        "dvar": [6.03208016869e-09, 6.66032340391e-09, 9.55592582841e-08, 5.57778463417e-08, 2.65730082383e-09, 3.19183401931e-10, 3.04444414123e-10, 6.78019818068e-09, 1.82582793329e-09, 3.75392250618e-09, 3.99630950554e-09, 1.79690617941e-09, 5.50713874503e-09, 7.62620189221e-09, 1.07848019404e-09, 3.20713872126e-10, 1.02499486676e-09, 3.54362761357e-09, 1.74257619445e-09, 7.65404806202e-09, 5.13318987316e-09, 7.20802262322e-09, 2.23102869512e-09, 6.62853993916e-10, 1.35498523512e-09, 5.50382184272e-10, 2.89054780112e-10, 1.5714539392e-10, 8.78031067991e-12, 6.75013170359e-11, 5.58910556725e-12, 7.17987681028e-13, 1.276695763e-13, 1.42788144979e-15, 2.32423379037e-16, 3.50572516133e-15, 1.849224331e-15, 2.33635350836e-16, 8.13436775065e-17, 4.25680510458e-17],
        "dvar2": [1.40839793161e-08, 1.86108568556e-08, 1.76881101766e-07, 1.06280104717e-07, 6.20000362161e-09, 8.86397955036e-10, 8.50184589396e-10, 1.88947524293e-08, 4.23353574419e-09, 8.09591949036e-09, 6.98515201236e-09, 4.55189796966e-09, 1.46526923928e-08, 1.82024155748e-08, 2.3776121072e-09, 8.70422456334e-10, 1.83729276237e-09, 1.00794590452e-08, 5.43277334231e-09, 2.27468692771e-08, 1.50006087551e-08, 2.20353335578e-08, 6.41482245101e-09, 1.90524906962e-09, 4.04817646071e-09, 1.50692014422e-09, 8.64499805076e-10, 4.79469686177e-10, 2.58086017835e-11, 1.7899147442e-10, 1.49348519662e-11, 2.00090616818e-12, 3.71716085646e-13, 4.17792309673e-15, 6.32195692738e-16, 9.70399992593e-15, 4.80663457238e-15, 6.336511071e-16, 1.93846904581e-16, 6.28826738304e-17],
        "max": [0.000821963069029, 0.000812829646748, 0.00392305990681, 0.0026409139391, 0.000734206580091, 0.000133148932946, 0.000194391483092, 0.000982498750091, 0.000600220344495, 0.000559129926842, 0.00110812101047, 0.000352880830178, 0.000891147181392, 0.000961560930591, 0.000638772093225, 0.000211504637264, 0.000662266858853, 0.000554109923542, 0.000279387837509, 0.000582661072258, 0.000654455448966, 0.000583330576774, 0.000364837527741, 0.000219454886974, 0.000322921172483, 0.000176039829967, 0.000124231446534, 0.000101436577097, 2.44664661295e-05, 6.28497946309e-05, 2.05797823583e-05, 7.70278529671e-06, 3.19471450894e-06, 3.10601564024e-07, 1.86789989698e-07, 6.108184607e-07, 4.54812635553e-07, 1.59052419235e-07, 1.18720265618e-07, 1.2680139605e-07],
        "mean": [0.00016762111045, 0.000137490598718, 0.000260391185293, 0.000201904942514, 5.37616724614e-05, 2.46808704105e-05, 2.59691223619e-05, 0.00017890521849, 5.76471720706e-05, 5.89298397244e-05, 7.10390668246e-05, 8.05684903753e-05, 6.18847116129e-05, 0.000121415083413, 3.26225599565e-05, 2.17442320718e-05, 5.69262047065e-05, 0.000120070639241, 0.00010100309737, 0.000187407596968, 0.000206412631087, 0.000200984679395, 0.000116037263069, 7.33481356292e-05, 0.000100048346212, 6.78612632328e-05, 5.45299990335e-05, 3.50629306922e-05, 1.16067722047e-05, 2.17174310819e-05, 7.5124085015e-06, 3.02275202557e-06, 1.18997866139e-06, 1.18230673252e-07, 5.20203329302e-08, 1.31455038854e-07, 1.29543508365e-07, 5.65541640185e-08, 2.69641819983e-08, 1.16146807727e-08],
        "median": [0.000151793967234, 0.000114605973067, 9.19469675864e-05, 0.00010563863907, 3.03463548335e-05, 1.74808992597e-05, 2.08281780942e-05, 0.000154535155161, 4.40719486505e-05, 2.98173235933e-05, 5.01430295117e-05, 6.75335541018e-05, 4.57054229628e-05, 9.80224067462e-05, 2.61595814663e-05, 1.66203462868e-05, 4.75561319035e-05, 0.000109563938167, 9.14268093766e-05, 0.000167661521118, 0.000198758643819, 0.000183586249477, 0.000105978040665, 6.96827628417e-05, 9.15814453037e-05, 6.23367741355e-05, 5.1136034017e-05, 3.23973836203e-05, 1.12720526886e-05, 1.94283074961e-05, 7.09609594196e-06, 2.90814455184e-06, 1.13625196718e-06, 1.11743354125e-07, 5.00116570379e-08, 1.08611196481e-07, 1.16391284166e-07, 5.45538121344e-08, 2.47821176913e-08, 1.07089679346e-08],
        "min": [1.36311809911e-05, 1.46151678564e-05, 3.13408395414e-06, 5.19311834069e-06, 1.61644788932e-06, 1.789009616e-06, 1.82875055543e-06, 6.25421648692e-07, 1.24522443912e-06, 1.22352389553e-06, 5.34977687039e-07, 8.64464993811e-07, 2.25629514716e-06, 1.95042343876e-06, 3.84156436439e-07, 1.04316814031e-06, 1.7573262312e-06, 4.69499582323e-06, 1.32798777486e-06, 1.41607961268e-06, 1.5524351511e-06, 7.96543372417e-06, 2.9875702694e-06, 1.07636628854e-06, 2.12587451642e-06, 3.30823525019e-07, 7.64272442666e-07, 7.02640477357e-07, 1.37653529464e-07, 1.67168309417e-07, 2.27837361422e-07, 6.37216786004e-08, 2.85059922334e-08, 8.89639206747e-09, 4.90885820881e-09, 5.45531886331e-09, 3.43738415509e-09, 2.23747997907e-09, 1.52560275524e-09, 1.13804676793e-09],
        "var": [1.01171693245e-08, 9.33242638723e-09, 1.9690887143e-07, 1.02965003634e-07, 4.39179226319e-09, 4.44864145521e-10, 4.40775249633e-10, 1.65179319112e-08, 3.09234526874e-09, 7.64697549727e-09, 8.08409872377e-09, 2.87744628125e-09, 5.48852918669e-09, 9.92700943669e-09, 1.40864042653e-09, 3.92949089933e-10, 3.16266213218e-09, 4.43624692537e-09, 2.1674093631e-09, 9.52463796722e-09, 7.05502634091e-09, 8.2536351087e-09, 3.32190674968e-09, 9.9713826085e-10, 1.82825998785e-09, 8.32731827938e-10, 4.71318761797e-10, 2.27329322033e-10, 1.57387089472e-11, 9.35142518976e-11, 7.72886615819e-12, 1.15700981781e-12, 1.8190990706e-13, 2.12076001224e-15, 3.63106348527e-16, 6.06080703474e-15, 3.37363418485e-15, 3.43725149433e-16, 1.11859793054e-16, 4.88422027572e-17]
    },
    "mfcc": {
        "mean": [-615.601074219, 107.917549133, -86.9933853149, 56.6669464111, -4.39179563522, 1.68219745159, 4.1810297966, 4.22842550278, 15.8349027634, 1.85835933685, -6.5599322319, 4.28192138672, -4.9866938591],
        "cov": [[150.243118286, 12.7387628555, -7.36848258972, -11.5619115829, -19.3121051788, -10.7933197021, -4.97384262085, -5.72983217239, 2.7110414505, 3.90617203712, -0.24531660974, -4.87757349014, -8.11521720886], [12.7387628555, 100.057563782, 40.3622703552, -8.99946689606, -2.95350933075, 0.0294212698936, 2.06163573265, -0.821956813335, -4.56527137756, -14.2144737244, -12.9079971313, -29.3305969238, -33.8949050903], [-7.36848258972, 40.3622703552, 58.4965248108, 23.8157234192, 8.2507686615, 2.46066665649, -3.27260732651, -5.01326847076, -13.3238582611, -13.6497001648, -13.9927349091, -17.6201133728, -19.6482372284], [-11.5619115829, -8.99946689606, 23.8157234192, 64.2980041504, 29.1343746185, 10.5638380051, -3.09040880203, -6.11446142197, -9.10495948792, -11.4098796844, -5.59827280045, -5.68076658249, -1.33106589317], [-19.3121051788, -2.95350933075, 8.2507686615, 29.1343746185, 55.0349006653, 26.5409622192, 4.81658983231, -4.98327827454, -9.0518655777, -11.0083999634, -7.72919416428, -11.8457889557, -9.3770866394], [-10.7933197021, 0.0294212698936, 2.46066665649, 10.5638380051, 26.5409622192, 39.0199317932, 18.0454807281, 0.74071508646, -6.27321386337, -8.09106063843, -7.38942193985, -7.22163486481, -8.88821029663], [-4.97384262085, 2.06163573265, -3.27260732651, -3.09040880203, 4.81658983231, 18.0454807281, 35.7879104614, 15.2227458954, 6.5912899971, -2.42515730858, -4.61870098114, -6.02666902542, -4.1808347702], [-5.72983217239, -0.821956813335, -5.01326847076, -6.11446142197, -4.98327827454, 0.74071508646, 15.2227458954, 35.0652580261, 20.3759555817, 7.73292446136, -0.418472737074, -1.73695361614, 0.709301233292], [2.7110414505, -4.56527137756, -13.3238582611, -9.10495948792, -9.0518655777, -6.27321386337, 6.5912899971, 20.3759555817, 40.9236869812, 16.1572647095, 3.64492511749, -3.52080750465, 4.13441038132], [3.90617203712, -14.2144737244, -13.6497001648, -11.4098796844, -11.0083999634, -8.09106063843, -2.42515730858, 7.73292446136, 16.1572647095, 37.406627655, 15.6270256042, 12.6092176437, 10.8095178604], [-0.24531660974, -12.9079971313, -13.9927349091, -5.59827280045, -7.72919416428, -7.38942193985, -4.61870098114, -0.418472737074, 3.64492511749, 15.6270256042, 36.7126121521, 23.1028995514, 10.0017175674], [-4.87757349014, -29.3305969238, -17.6201133728, -5.68076658249, -11.8457889557, -7.22163486481, -6.02666902542, -1.73695361614, -3.52080750465, 12.6092176437, 23.1028995514, 48.2528533936, 24.2687969208], [-8.11521720886, -33.8949050903, -19.6482372284, -1.33106589317, -9.3770866394, -8.88821029663, -4.1808347702, 0.709301233292, 4.13441038132, 10.8095178604, 10.0017175674, 24.2687969208, 41.545375824]],
