{
"lowlevel": {
    "average_loudness": 0.976138949394,
    "barkbands_crest": {
        "dmean": 2.9857506752,
        "dmean2": 5.02249336243,
        "dvar": 5.28594303131,
        "dvar2": 15.0878000259,
        "max": 19.6998939514,
        "mean": 8.73688030243,
        "median": 7.95296096802,
        "min": 3.65683269501,
        "var": 11.4902172089
    },
    "barkbands_flatness_db": {
        "dmean": 0.0169518962502,
        "dmean2": 0.0283984281123,
        "dvar": 0.000144058431033,
        "dvar2": 0.000424224039307,
        "max": 0.217856928706,
        "mean": 0.1669228971,
        "median": 0.165648639202,
        "min": 0.122670605779,
        "var": 0.000406919862144
    },
    "barkbands_kurtosis": {
        "dmean": 1.28285765648,
        "dmean2": 2.3173251152,
        "dvar": 2.33263969421,
        "dvar2": 6.73000240326,
        "max": 11.7796201706,
        "mean": 0.319960951805,
        "median": -0.35799908638,
        "min": -1.77841091156,
        "var": 3.66005301476
    },
    "barkbands_skewness": {
        "dmean": 0.565833330154,
        "dmean2": 1.00053620338,
        "dvar": 0.175102517009,
        "dvar2": 0.522391140461,
        "max": 1.65230858326,
        "mean": -0.809615373611,
        "median": -0.803464591503,
        "min": -2.93982052803,
        "var": 0.519474029541
    },
    "barkbands_spread": {
        "dmean": 5.92837429047,
        "dmean2": 10.0479030609,
        "dvar": 20.8413410187,
        "dvar2": 61.6046257019,
        "max": 48.4162559509,
        "mean": 22.8584079742,
        "median": 21.6379470825,
        "min": 7.04724788666,
        "var": 68.1019210815
    },
    "dissonance": {
        "dmean": 0.0144371101633,
        "dmean2": 0.0258313138038,
        "dvar": 0.000144888181239,
        "dvar2": 0.000373732269509,
        "max": 0.499554216862,
        "mean": 0.48291477561,
        "median": 0.486135095358,
        "min": 0.410212486982,
        "var": 0.000191883853404
    },
    "dynamic_complexity": 1.20276963711,
    "erbbands_crest": {
        "dmean": 3.24044084549,
        "dmean2": 5.38574552536,
        "dvar": 9.06422996521,
        "dvar2": 26.3097553253,
        "max": 26.6433601379,
        "mean": 11.3874397278,
        "median": 10.1534090042,
        "min": 5.23800754547,
        "var": 19.9957275391
    },
    "erbbands_flatness_db": {
        "dmean": 0.0159610323608,
        "dmean2": 0.0262012761086,
        "dvar": 0.000158165479661,
        "dvar2": 0.000387130945455,
        "max": 0.349770694971,
        "mean": 0.278480261564,
        "median": 0.27664783597,
        "min": 0.206504687667,
        "var": 0.000730129831936
    },
    "erbbands_kurtosis": {
        "dmean": 3.20140337944,
        "dmean2": 5.98730516434,
        "dvar": 10.7720584869,
        "dvar2": 33.5463867188,
        "max": 17.3560752869,
        "mean": 2.27655887604,
        "median": 1.74572873116,
        "min": -1.55091810226,
        "var": 9.88875389099
    },
    "erbbands_skewness": {
        "dmean": 0.653427660465,
        "dmean2": 1.17732608318,
        "dvar": 0.304308503866,
        "dvar2": 0.989431977272,
        "max": 0.573428988457,
        "mean": -1.05066263676,
        "median": -1.02092289925,
        "min": -3.30661082268,
        "var": 0.457743227482
    },
    "erbbands_spread": {
        "dmean": 4.99564695358,
        "dmean2": 9.08020687103,
        "dvar": 11.9236965179,
        "dvar2": 35.2735404968,
        "max": 29.702009201,
        "mean": 14.1143531799,
        "median": 13.4983119965,
        "min": 3.53577542305,
        "var": 27.3136520386
    },
    "hfc": {
        "dmean": 9.83783531189,
        "dmean2": 16.5065288544,
        "dvar": 68.7900772095,
        "dvar2": 165.383270264,
        "max": 71.7189788818,
        "mean": 33.7884521484,
        "median": 32.3139228821,
        "min": 5.43550682068,
        "var": 182.234558105
    },
    "melbands_crest": {
        "dmean": 3.68586087227,
        "dmean2": 6.4362206459,
        "dvar": 8.508893013,
        "dvar2": 22.2027683258,
        "max": 20.5574150085,
        "mean": 9.53475570679,
        "median": 8.82034301758,
        "min": 3.87402224541,
        "var": 14.6596126556
    },
    "melbands_flatness_db": {
        "dmean": 0.0185927953571,
        "dmean2": 0.0310836546123,
        "dvar": 0.000201176255359,
        "dvar2": 0.000590097741224,
        "max": 0.295524805784,
        "mean": 0.185834363103,
        "median": 0.183694511652,
        "min": 0.137180760503,
        "var": 0.000509130186401
    },
    "melbands_kurtosis": {
        "dmean": 0.82422375679,
        "dmean2": 1.45091962814,
        "dvar": 1.19492781162,
        "dvar2": 3.57040762901,
        "max": 10.7196807861,
        "mean": -0.564522922039,
        "median": -1.03446960449,
        "min": -1.82862281799,
        "var": 2.0429186821
    },
    "melbands_skewness": {
        "dmean": 0.434077739716,
        "dmean2": 0.744226157665,
        "dvar": 0.120571985841,
        "dvar2": 0.309460997581,
        "max": 3.31664872169,
        "mean": 0.0840118378401,
        "median": 0.0678631439805,
        "min": -1.84765434265,
        "var": 0.579590559006
    },
    "melbands_spread": {
        "dmean": 14.3353834152,
        "dmean2": 25.4758872986,
        "dvar": 109.131072998,
        "dvar2": 363.84854126,
        "max": 83.8791122437,
        "mean": 53.0935897827,
        "median": 54.2560348511,
        "min": 17.3088035583,
        "var": 186.863388062
    },
    "pitch_salience": {
        "dmean": 0.0641584992409,
        "dmean2": 0.105407014489,
        "dvar": 0.00257114507258,
        "dvar2": 0.00662294356152,
        "max": 0.760871827602,
        "mean": 0.567854762077,
        "median": 0.569952666759,
        "min": 0.366878032684,
        "var": 0.00501448148862
    },
    "silence_rate_20dB": {
        "dmean": 0,
        "dmean2": 0,
        "dvar": 0,
        "dvar2": 0,
        "max": 1,
        "mean": 1,
        "median": 1,
        "min": 1,
        "var": 0
    },
    "silence_rate_30dB": {
        "dmean": 0,
        "dmean2": 0,
        "dvar": 0,
        "dvar2": 0,
        "max": 1,
        "mean": 1,
        "median": 1,
        "min": 1,
        "var": 0
    },
    "silence_rate_60dB": {
        "dmean": 0,
        "dmean2": 0,
        "dvar": 0,
        "dvar2": 0,
        "max": 0,
        "mean": 0,
        "median": 0,
        "min": 0,
        "var": 0
    },
    "spectral_centroid": {
        "dmean": 212.859680176,
        "dmean2": 383.293212891,
        "dvar": 31043.8828125,
        "dvar2": 92750.0234375,
        "max": 2746.64770508,
        "mean": 2211.67041016,
        "median": 2218.76660156,
        "min": 1456.40100098,
        "var": 43786.4492188
    },
    "spectral_complexity": {
        "dmean": 3.73544979095,
        "dmean2": 6.34042549133,
        "dvar": 10.0570049286,
        "dvar2": 27.7032413483,
        "max": 47,
        "mean": 27.4947376251,
        "median": 27,
        "min": 11,
        "var": 31.6499710083
    },
    "spectral_decrease": {
        "dmean": 1.4241597901e-09,
        "dmean2": 2.49277598563e-09,
        "dvar": 1.07780289647e-18,
        "dvar2": 2.88538568157e-18,
        "max": -1.12833486998e-09,
        "mean": -4.78092898604e-09,
        "median": -4.59354065896e-09,
        "min": -1.06946371758e-08,
        "var": 3.00868646445e-18
    },
    "spectral_energy": {
        "dmean": 0.00616594031453,
        "dmean2": 0.0107120666653,
        "dvar": 2.06123149837e-05,
        "dvar2": 5.46166193089e-05,
        "max": 0.0455063730478,
        "mean": 0.0211089942604,
        "median": 0.0203586835414,
        "min": 0.00475159334019,
        "var": 5.75466874579e-05
    },
    "spectral_energyband_high": {
        "dmean": 5.7014527556e-05,
        "dmean2": 9.89204563666e-05,
        "dvar": 1.16773781755e-08,
        "dvar2": 3.22077724491e-08,
        "max": 0.000971774745267,
        "mean": 0.000124608064652,
        "median": 9.34378113016e-05,
        "min": 1.06475845314e-05,
        "var": 1.56514587957e-08
    },
    "spectral_energyband_low": {
        "dmean": 0.00108339299913,
        "dmean2": 0.00180299044587,
        "dvar": 2.85286591861e-06,
        "dvar2": 6.64799244987e-06,
        "max": 0.0187751464546,
        "mean": 0.00220164796337,
        "median": 0.00122928665951,
        "min": 0.000284385372652,
        "var": 9.46727595874e-06
    },
    "spectral_energyband_middle_high": {
        "dmean": 0.00439806003124,
        "dmean2": 0.00729071348906,
        "dvar": 1.34743331728e-05,
        "dvar2": 3.36248558597e-05,
        "max": 0.0306841637939,
        "mean": 0.0148293683305,
        "median": 0.013843877241,
        "min": 0.00208409246989,
        "var": 4.19639000029e-05
    },
    "spectral_energyband_middle_low": {
        "dmean": 0.00321665522642,
        "dmean2": 0.00600359914824,
        "dvar": 6.05775449003e-06,
        "dvar2": 1.86691977433e-05,
        "max": 0.0148480692878,
        "mean": 0.00417649047449,
        "median": 0.00347939506173,
        "min": 0.000362887367373,
        "var": 6.92636604072e-06
    },
    "spectral_entropy": {
        "dmean": 0.0998905599117,
        "dmean2": 0.161610931158,
        "dvar": 0.00770802097395,
        "dvar2": 0.0196621287614,
        "max": 7.77338266373,
        "mean": 7.32103872299,
        "median": 7.32227325439,
        "min": 6.95862865448,
        "var": 0.0205095261335
    },
    "spectral_flux": {
        "dmean": 0.014919757843,
        "dmean2": 0.0240844786167,
        "dvar": 0.000155927817104,
        "dvar2": 0.000352194736479,
        "max": 0.145972549915,
        "mean": 0.0936089903116,
        "median": 0.0927566811442,
        "min": 0.0467379167676,
        "var": 0.000352504459443
    },
    "spectral_kurtosis": {
        "dmean": 5.26564884186,
        "dmean2": 9.20575141907,
        "dvar": 17.4633808136,
        "dvar2": 48.5686225891,
        "max": 30.1993484497,
        "mean": 11.1141862869,
        "median": 10.3619918823,
        "min": 2.0331196785,
        "var": 29.1630935669
    },
    "spectral_rms": {
        "dmean": 0.000688401458319,
        "dmean2": 0.00119522109162,
        "dvar": 2.62645045268e-07,
        "dvar2": 7.22752815818e-07,
        "max": 0.00666306680068,
        "mean": 0.00446134805679,
        "median": 0.00445669377223,
        "min": 0.00215306784958,
        "var": 6.90508272783e-07
    },
    "spectral_rolloff": {
        "dmean": 231.396453857,
        "dmean2": 406.038238525,
        "dvar": 63359.1640625,
        "dvar2": 182065.765625,
        "max": 3251.51367188,
        "mean": 2534.3449707,
        "median": 2562.45117188,
        "min": 1141.25976562,
        "var": 84873.4921875
    },
    "spectral_skewness": {
        "dmean": 0.460696548223,
        "dmean2": 0.800109267235,
        "dvar": 0.144804582,
        "dvar2": 0.38114580512,
        "max": 3.53257012367,
        "mean": 1.3865762949,
        "median": 1.26874661446,
        "min": 0.505691885948,
        "var": 0.240658089519
    },
    "spectral_spread": {
        "dmean": 206987,
        "dmean2": 310473.4375,
        "dvar": 344218566656,
        "dvar2": 390470959104,
        "max": 9599770,
        "mean": 1733961.75,
        "median": 1670206,
        "min": 1248364.375,
        "var": 372951941120
    },
    "spectral_strongpeak": {
        "dmean": 1.9298582077,
        "dmean2": 3.35414028168,
        "dvar": 3.59616494179,
        "dvar2": 9.75453853607,
        "max": 12.552696228,
        "mean": 2.97316980362,
        "median": 2.29936289787,
        "min": 0.046397164464,
        "var": 6.19990825653
    },
    "zerocrossingrate": {
        "dmean": 0.00565269496292,
        "dmean2": 0.0076644574292,
        "dvar": 3.26874942402e-05,
        "dvar2": 4.70518134534e-05,
        "max": 0.10595703125,
        "mean": 0.0809416100383,
        "median": 0.081298828125,
        "min": 0.03271484375,
        "var": 0.000136392729473
    },
    "barkbands": {
        "dmean": [1.778090882e-05, 0.000960546371061, 0.000271153578069, 0.000304548244458, 0.000582348904572, 8.76168051036e-05, 6.69067740091e-05, 0.00010522226512, 0.00308009749278, 0.000413342524553, 0.000123715566588, 0.000852495199069, 0.000298132043099, 0.00135949393734, 0.00138725643046, 0.00100029900204, 0.00220870506018, 0.000528096919879, 0.000467198435217, 8.79536382854e-05, 3.37505080097e-05, 4.68387952424e-06, 7.18321814475e-07, 6.75759508795e-07, 1.9228139081e-07, 8.01057922217e-08, 1.11205311626e-08],
        "dmean2": [2.67370578513e-05, 0.00158589938655, 0.000474992353702, 0.000524888455402, 0.00104043178726, 0.000149368977873, 0.000118018739158, 0.000188135149074, 0.00588789954782, 0.000693745096214, 0.000212058686884, 0.00157985603437, 0.00049639417557, 0.00227054674178, 0.00228836503811, 0.0016260194825, 0.00369969382882, 0.000873812125064, 0.000792397477198, 0.000144689547596, 5.73615943722e-05, 8.06488151284e-06, 1.34623155645e-06, 1.12551811071e-06, 3.25402311319e-07, 1.45554267306e-07, 1.60604383126e-08],
        "dvar": [5.91503956926e-10, 2.55480949818e-06, 2.22736403543e-07, 5.14121268225e-07, 3.43041449469e-07, 2.71809668106e-08, 1.71704499508e-08, 2.44384334991e-08, 6.98154735801e-06, 2.64963659902e-07, 4.67702356843e-08, 5.78802030304e-07, 2.34366453356e-07, 4.42166538051e-06, 3.03320621242e-06, 1.50516837039e-06, 7.34895866117e-06, 2.06469920272e-07, 2.93151117603e-07, 2.18233058291e-08, 2.84847856413e-09, 8.52575995913e-11, 6.97383286102e-13, 1.12945015753e-12, 5.74332316189e-14, 3.69830644516e-14, 1.90590724643e-16],
        "dvar2": [1.31141852933e-09, 5.12479482495e-06, 7.34110528811e-07, 1.55805514623e-06, 9.91373553916e-07, 7.43932773162e-08, 5.29655785897e-08, 6.81791263446e-08, 2.17569813685e-05, 6.58913961615e-07, 1.36956700203e-07, 1.55315797201e-06, 6.032215083e-07, 1.12516081572e-05, 8.15527528175e-06, 3.87686213799e-06, 1.9624543711e-05, 4.65979326236e-07, 8.37721302105e-07, 5.98677729613e-08, 8.15454725966e-09, 2.23037532887e-10, 1.92902746728e-12, 2.90819235013e-12, 1.63119816049e-13, 1.10163594013e-13, 2.89558874763e-16],
        "max": [0.000280037347693, 0.0159809496254, 0.00482600647956, 0.00653142854571, 0.00331626553088, 0.00119903148152, 0.000886770547368, 0.00140352617018, 0.0133991073817, 0.00498806964606, 0.00187432183884, 0.00460447696969, 0.00396653963253, 0.0209661796689, 0.0196675807238, 0.0107545172796, 0.0178090948611, 0.00361528201029, 0.00402438687161, 0.00121101504192, 0.000434597022831, 0.000100135133835, 5.70699012314e-06, 1.44613222801e-05, 2.21528034672e-06, 1.80688869023e-06, 2.27789314522e-07],
        "mean": [2.44575348916e-05, 0.00156522379257, 0.000433865963714, 0.0003525975917, 0.000815206847619, 0.000104915387055, 8.55308244354e-05, 0.000129916210426, 0.00259660021402, 0.000627515779343, 0.000183189753443, 0.000933961477131, 0.000437299109763, 0.0023251848761, 0.00228753010742, 0.00193139153998, 0.0040720817633, 0.00114244490396, 0.000821893161628, 0.00015863122826, 6.52875460219e-05, 1.02933763628e-05, 1.24090604459e-06, 1.92066772797e-06, 6.31845239241e-07, 1.58142427154e-07, 5.42522933245e-08],
        "median": [1.61467651196e-05, 0.000798668770585, 0.000282340392005, 9.054801194e-05, 0.000590553507209, 2.69190531981e-05, 2.70703440037e-05, 6.59859069856e-05, 0.00171571294777, 0.000492067949381, 7.8194832895e-05, 0.00066364731174, 0.000175404929905, 0.000952204456553, 0.0015330449678, 0.00137845007703, 0.00291168317199, 0.00105116073973, 0.000699583208188, 0.000106913590571, 4.99560628668e-05, 7.17875036571e-06, 1.0819014733e-06, 1.80218899004e-06, 5.91588161569e-07, 1.37092797559e-07, 5.47738352452e-08],
        "min": [2.15305590245e-07, 6.79330187268e-05, 1.66505997186e-05, 1.64816674442e-06, 3.4497523302e-05, 1.79266532996e-06, 3.14126305057e-06, 2.10201005757e-06, 8.91516683623e-05, 3.01251748169e-05, 1.36174485306e-05, 5.21939946339e-05, 1.32423747345e-05, 8.35167156765e-05, 0.000124858634081, 0.000105107552372, 0.000253738951869, 8.500853437e-05, 6.39451754978e-05, 1.47475175254e-05, 3.53499217454e-06, 5.7499102013e-07, 6.58722427715e-08, 1.30514223429e-07, 5.85945407749e-08, 7.4725923227e-09, 5.77183500994e-09],
        "var": [8.45938985528e-10, 6.38857773083e-06, 3.33414618581e-07, 6.50383697121e-07, 4.72440376598e-07, 3.43323343088e-08, 2.1754125612e-08, 3.26805924544e-08, 6.45229920337e-06, 3.23721366158e-07, 7.9740480885e-08, 6.88411262217e-07, 3.93212587824e-07, 1.41198688652e-05, 7.87050339568e-06, 2.67855398306e-06, 1.33016683321e-05, 4.0196766804e-07, 3.15647724847e-07, 3.08894776424e-08, 3.73910946649e-09, 1.37775096887e-10, 6.52340703157e-13, 1.6898383734e-12, 8.96544259188e-14, 2.72805171872e-14, 6.27243832249e-16]
    },
    "erbbands": {
        "dmean": [0.027864350006, 0.230591893196, 0.343550264835, 0.594628691673, 1.64964723587, 2.61075329781, 0.557971775532, 0.840602278709, 0.470930218697, 1.79129040241, 11.8347969055, 89.8787078857, 13.5303430557, 14.5952033997, 13.1998558044, 29.1921520233, 10.5781965256, 66.3641586304, 77.0856781006, 42.8829421997, 57.7199745178, 117.915222168, 35.0838546753, 31.3259773254, 12.6779899597, 3.74757480621, 1.44786918163, 0.976031661034, 0.195020586252, 0.0491543486714, 0.0200280789286, 0.0153323141858, 0.00981772784144, 0.00406627729535, 0.000478635716718, 0.00046387250768, 0.00011503744463, 6.34405068922e-06, 4.08315554523e-06, 7.86664622865e-06],
        "dmean2": [0.0463139042258, 0.369479984045, 0.57056003809, 1.01874804497, 2.88977408409, 4.7533326149, 0.937344253063, 1.39188432693, 0.808175742626, 3.1324596405, 22.1048641205, 172.118927002, 25.0159358978, 24.5171756744, 24.1250476837, 54.0390777588, 16.7891292572, 113.439193726, 125.602592468, 71.9806365967, 92.5686721802, 193.207702637, 59.0045394897, 52.1376495361, 22.1322307587, 6.10560274124, 2.44471359253, 1.74780404568, 0.32607588172, 0.0868538916111, 0.0371425114572, 0.0259084552526, 0.0167308226228, 0.00688702100888, 0.000832593883388, 0.000835307349917, 0.000206759475986, 1.05785475171e-05, 6.9526417974e-06, 1.35442933242e-05],
        "dvar": [0.00209211744368, 0.144312992692, 0.237943679094, 1.75023877621, 5.16578960419, 6.17784690857, 0.478073835373, 2.93894219398, 0.771363973618, 10.6574802399, 97.3589935303, 6067.34179688, 114.283592224, 382.59942627, 199.677276611, 708.109313965, 204.718399048, 12191.359375, 10722.1660156, 2473.55273438, 4430.98632812, 24560.15625, 966.421875, 850.252502441, 297.752197266, 43.701461792, 5.20879173279, 3.01777482033, 0.131723538041, 0.00422971881926, 0.000613896991126, 0.000507961609401, 0.000309837254463, 2.72041434073e-05, 5.69722203636e-07, 1.07987978026e-06, 8.10878333368e-08, 2.24707710772e-10, 1.0564027951e-11, 3.5108662505e-11],
        "dvar2": [0.00322725553997, 0.326968312263, 0.835736691952, 4.88472127914, 14.1676063538, 19.1018981934, 1.34914517403, 7.72732782364, 2.27927422523, 31.7792491913, 305.876678467, 18810.8242188, 340.263519287, 962.110229492, 555.143920898, 1822.76794434, 489.05871582, 30114.9199219, 29180.9941406, 6483.13427734, 11036.3867188, 67891.15625, 2520.06591797, 2155.11108398, 863.326965332, 123.582687378, 13.7750244141, 8.62018585205, 0.329235821962, 0.0111412927508, 0.00171760388184, 0.00126739672851, 0.000859719584696, 7.56815206842e-05, 1.54857275447e-06, 3.25317364513e-06, 2.38982977407e-07, 5.06353903251e-10, 2.5346762883e-11, 9.13398176539e-11],
        "max": [0.521850347519, 3.59687185287, 4.794506073, 12.5974493027, 19.8773574829, 15.1369781494, 4.99736833572, 12.2652177811, 6.80466794968, 22.1562995911, 60.3087654114, 401.400695801, 64.9503555298, 180.934967041, 134.890670776, 181.160232544, 197.0052948, 1166.9152832, 1164.64904785, 461.546508789, 595.514160156, 1093.50366211, 258.478759766, 197.586227417, 128.905883789, 52.2581596375, 19.4048843384, 14.122168541, 3.52741146088, 0.648285269737, 0.170621916652, 0.280926644802, 0.21936288476, 0.0586173385382, 0.00707704341039, 0.00949927046895, 0.00276020378806, 0.000132218847284, 3.89213018934e-05, 5.79176848987e-05],
        "mean": [0.0434919372201, 0.358093738556, 0.576117932796, 0.865252435207, 2.03386640549, 3.27601838112, 0.878771841526, 1.01040244102, 0.720392167568, 2.20021700859, 11.7374782562, 74.5167999268, 15.3639497757, 21.5455665588, 17.4509601593, 35.0607147217, 22.5607376099, 122.476524353, 139.738037109, 81.6148071289, 127.512420654, 208.014144897, 82.3303527832, 63.7723426819, 23.3868122101, 7.46777153015, 2.99188518524, 1.89789736271, 0.46784132719, 0.0973101556301, 0.038404032588, 0.0438752323389, 0.0263982899487, 0.0125796291977, 0.00163541419897, 0.00102093198802, 0.000205788950552, 2.19790690608e-05, 2.02696664928e-05, 2.87647144432e-05],
        "median": [0.0208255685866, 0.189471155405, 0.394139498472, 0.292769432068, 1.11142635345, 2.4752831459, 0.630905270576, 0.204661220312, 0.295070767403, 0.741093575954, 8.68568611145, 48.8835144043, 12.3689870834, 15.0402851105, 11.9121007919, 25.4049320221, 11.9904413223, 47.0681419373, 91.0795516968, 61.2978057861, 97.5098571777, 151.691772461, 73.0613250732, 55.7689704895, 19.4110069275, 5.32432365417, 2.33508014679, 1.41700720787, 0.336045384407, 0.0731898322701, 0.0336936637759, 0.0414848215878, 0.0248024724424, 0.0115969572216, 0.0015382997226, 0.00089176860638, 0.000170441664523, 1.99113565031e-05, 2.0392202714e-05, 2.78755233012e-05],
        "min": [0.000740452378523, 0.0240011811256, 0.0392546132207, 0.0353777334094, 0.116817064583, 0.107731565833, 0.0585374012589, 0.0316810831428, 0.0336564555764, 0.117381595075, 0.694480121136, 1.78176772594, 0.797419726849, 1.39564394951, 1.73558521271, 1.71708297729, 0.974108397961, 3.41926980019, 6.83964967728, 4.67101764679, 12.7488031387, 13.0270662308, 7.64770889282, 4.54098892212, 2.38459849358, 0.947935461998, 0.218333825469, 0.104396775365, 0.0290331784636, 0.00538966432214, 0.0023869627621, 0.00290277809836, 0.00193654838949, 0.00104224332608, 0.000150811916683, 7.60163384257e-05, 1.25787128127e-05, 2.66222491518e-06, 4.51227015219e-06, 6.25933034826e-06],
        "var": [0.00614645471796, 0.318583577871, 0.405967593193, 2.83755111694, 6.48458194733, 7.90461540222, 0.744712293148, 3.75079083443, 1.03744828701, 13.7463712692, 101.479881287, 5543.31640625, 128.574615479, 464.344604492, 303.468139648, 965.526306152, 927.157958984, 43169.0195312, 28369.5234375, 4476.18701172, 8446.39453125, 38055.4765625, 2179.25610352, 1300.42370605, 300.889129639, 61.442691803, 7.37743282318, 3.76137280464, 0.252077758312, 0.00630925223231, 0.000585484376643, 0.000814681930933, 0.000346105807694, 4.0692732e-05, 6.98736869253e-07, 7.93331594195e-07, 6.32830108316e-08, 2.24937124482e-10, 2.9090271858e-11, 9.66130300761e-11]
    },
    "gfcc": {
        "mean": [-36.508972168, 125.686088562, -198.717788696, 38.3397521973, -9.10851192474, 2.80434012413, -18.0695896149, 16.615240097, -13.4879045486, -17.3306827545, -18.1098213196, -19.1470680237, 1.18509578705],
        "cov": [[460.754455566, -3.53258728981, -31.0858802795, 1.31668829918, -52.7678604126, -20.2160015106, -9.05369663239, -42.3528404236, -10.6641025543, 47.5982551575, 13.6768913269, 33.5213508606, 9.47601127625], [-3.53258728981, 222.929031372, 80.8049316406, 10.9088001251, 5.07209539413, -44.3630638123, 16.4243946075, -27.3983669281, 16.562959671, 27.5539646149, 51.9174766541, 30.3938655853, 0.606764376163], [-31.0858802795, 80.8049316406, 129.742996216, 79.6867370605, 1.55069065094, -9.311627388, -6.35599184036, -11.0208091736, -3.6213850975, 19.817237854, 8.15550422668, 34.6426315308, 9.77600860596], [1.31668829918, 10.9088001251, 79.6867370605, 124.193786621, 28.2540874481, -6.55095481873, -26.3827667236, -40.6181030273, -9.13849067688, 23.7857513428, 8.06865215302, 20.7195777893, 15.0082178116], [-52.7678604126, 5.07209539413, 1.55069065094, 28.2540874481, 82.8001174927, 40.2344894409, -3.92084741592, -23.5579299927, 1.97575843334, 18.9883785248, 21.472026825, -8.83078765869, 0.298423856497], [-20.2160015106, -44.3630638123, -9.311627388, -6.55095481873, 40.2344894409, 125.04284668, 52.2474327087, -4.45135211945, -9.3747959137, 26.5243701935, 2.95303916931, -31.6206855774, -9.94921016693], [-9.05369663239, 16.4243946075, -6.35599184036, -26.3827667236, -3.92084741592, 52.2474327087, 69.7816162109, 29.9945049286, 6.04561662674, 6.64605474472, 1.50212681293, -10.0317792892, -8.44784450531], [-42.3528404236, -27.3983669281, -11.0208091736, -40.6181030273, -23.5579299927, -4.45135211945, 29.9945049286, 93.3268356323, 27.3546943665, -38.9927024841, -31.5589733124, -0.525848865509, 2.77438473701], [-10.6641025543, 16.562959671, -3.6213850975, -9.13849067688, 1.97575843334, -9.3747959137, 6.04561662674, 27.3546943665, 39.6516685486, 4.92114543915, -1.5706012249, 2.45235037804, 7.05190134048], [47.5982551575, 27.5539646149, 19.817237854, 23.7857513428, 18.9883785248, 26.5243701935, 6.64605474472, -38.9927024841, 4.92114543915, 75.446647644, 48.3929100037, 10.6272506714, -5.91915607452], [13.6768913269, 51.9174766541, 8.15550422668, 8.06865215302, 21.472026825, 2.95303916931, 1.50212681293, -31.5589733124, -1.5706012249, 48.3929100037, 69.6108856201, 21.7672290802, -8.04454803467], [33.5213508606, 30.3938655853, 34.6426315308, 20.7195777893, -8.83078765869, -31.6206855774, -10.0317792892, -0.525848865509, 2.45235037804, 10.6272506714, 21.7672290802, 55.6984291077, 18.4256858826], [9.47601127625, 0.606764376163, 9.77600860596, 15.0082178116, 0.298423856497, -9.94921016693, -8.44784450531, 2.77438473701, 7.05190134048, -5.91915607452, -8.04454803467, 18.4256858826, 32.7732810974]],
        "icov": [[0.00369703117758, -0.00332998693921, 0.00660565774888, -0.00314269214869, 0.00388716883026, -0.00284849177115, 0.00331652164459, -0.00172968290281, 0.00314434082247, -0.00578302983195, 0.00525515014306, -0.00520607223734, 0.00105845904909], [-0.00332998693921, 0.029420029372, -0.0346205309033, 0.0205396544188, -0.0122940549627, 0.0249588340521, -0.0316515304148, 0.026606246829, -0.0213496536016, 0.0182172190398, -0.0231485906988, 0.0157893430442, -0.00805796310306], [0.00660565774888, -0.0346205309033, 0.0589412674308, -0.0354495495558, 0.018381100148, -0.0301749482751, 0.0355454683304, -0.0324848406017, 0.0262979473919, -0.0266572330147, 0.0319622345269, -0.0299256853759, 0.0141647504643], [-0.00314269214869, 0.0205396544188, -0.0354495495558, 0.0342255011201, -0.01605274342, 0.0201071090996, -0.0202904921025, 0.0225391723216, -0.0120331160724, 0.00884930044413, -0.011302688159, 0.0123154800385, -0.0109694106504], [0.00388716883026, -0.0122940549627, 0.018381100148, -0.01605274342, 0.0304831583053, -0.0230626538396, 0.0209579262882, -0.00762912351638, -0.000758138019592, -0.00116273364983, -0.00134370184969, -0.00572267500684, 0.00258185900748], [-0.00284849177115, 0.0249588340521, -0.0301749482751, 0.0201071090996, -0.0230626538396, 0.0458442568779, -0.0435089208186, 0.0201578643173, -0.00434074830264, 0.00159679399803, -0.0114387171343, 0.0227733105421, -0.0130285928026], [0.00331652164459, -0.0316515304148, 0.0355454683304, -0.0202904921025, 0.0209579262882, -0.0435089208186, 0.0668640583754, -0.0388455092907, 0.0199497491121, -0.01868009381, 0.0175781305879, -0.0170278698206, 0.0116622131318], [-0.00172968290281, 0.026606246829, -0.0324848406017, 0.0225391723216, -0.00762912351638, 0.0201578643173, -0.0388455092907, 0.0553822591901, -0.0411153398454, 0.0312711559236, -0.0147995054722, 0.00388171919622, -0.000456879002741], [0.00314434082247, -0.0213496536016, 0.0262979473919, -0.0120331160724, -0.000758138019592, -0.00434074830264, 0.0199497491121, -0.0411153398454, 0.0663747861981, -0.0376547276974, 0.0224401894957, -0.00286740902811, -0.00949831679463], [-0.00578302983195, 0.0182172190398, -0.0266572330147, 0.00884930044413, -0.00116273364983, 0.00159679399803, -0.01868009381, 0.0312711559236, -0.0376547276974, 0.0590502731502, -0.0404183454812, 0.0102138966322, 0.00137076713145], [0.00525515014306, -0.0231485906988, 0.0319622345269, -0.011302688159, -0.00134370184969, -0.0114387171343, 0.0175781305879, -0.0147995054722, 0.0224401894957, -0.0404183454812, 0.0636988282204, -0.0346220768988, 0.0198468063027], [-0.00520607223734, 0.0157893430442, -0.0299256853759, 0.0123154800385, -0.00572267500684, 0.0227733105421, -0.0170278698206, 0.00388171919622, -0.00286740902811, 0.0102138966322, -0.0346220768988, 0.0576974451542, -0.031727578491], [0.00105845904909, -0.00805796310306, 0.0141647504643, -0.0109694106504, 0.00258185900748, -0.0130285928026, 0.0116622131318, -0.000456879002741, -0.00949831679463, 0.00137076713145, 0.0198468063027, -0.031727578491, 0.0552207529545]]
    },
    "melbands": {
        "dmean": [0.000259624124737, 0.000218382207095, 0.00012462453742, 0.000162642740179, 3.25214750774e-05, 1.74423148565e-05, 8.9911663963e-06, 1.72564668901e-05, 0.000180112067028, 0.000520217057783, 4.67098834633e-05, 6.20599166723e-05, 2.51025903708e-05, 0.000120699551189, 2.10211310332e-05, 6.03006337769e-05, 0.000124846977997, 0.000119073229143, 7.64495343901e-05, 7.09393279976e-05, 8.54828977026e-05, 0.000127016319311, 8.20673303679e-05, 2.62457833742e-05, 2.91138876491e-05, 1.23757017718e-05, 5.93849335928e-06, 2.02151045414e-06, 7.21211563359e-07, 1.27927000904e-06, 3.61261470516e-07, 1.26993185745e-07, 4.8681155107e-08, 2.13230677559e-08, 1.40299434293e-08, 1.00990211749e-08, 1.07148956374e-08, 8.18900947053e-09, 5.45109202221e-09, 3.20387072428e-09],
        "dmean2": [0.000437202077592, 0.000358131452231, 0.000215281746932, 0.000292034732411, 5.57563798793e-05, 2.91374071821e-05, 1.58218063007e-05, 3.05223547912e-05, 0.000339744176017, 0.000995444366708, 8.52141020005e-05, 0.000104107100924, 4.50283223472e-05, 0.000223496259423, 3.70344350813e-05, 9.71544286585e-05, 0.0002142333542, 0.000193813393707, 0.000127231745864, 0.000117631578178, 0.000139187744935, 0.000212067723623, 0.000139705021866, 4.42558630311e-05, 4.89386620757e-05, 2.18940058403e-05, 1.02011345007e-05, 3.38174345416e-06, 1.23900906601e-06, 2.24775749302e-06, 6.43233647679e-07, 2.15600479692e-07, 7.6603789978e-08, 3.99587491984e-08, 2.64805954941e-08, 1.79389658683e-08, 1.75503203081e-08, 1.41627616301e-08, 9.47822975661e-09, 5.4184097209e-09],
        "dvar": [2.01973051617e-07, 9.34805086672e-08, 6.70383073498e-08, 2.73303424336e-08, 8.693450404e-10, 1.21920473717e-09, 3.122836989e-10, 1.07322317699e-09, 2.39862725238e-08, 1.98421133746e-07, 1.90257698485e-09, 7.33751193138e-09, 1.41624278971e-09, 1.21951844179e-08, 9.04097685606e-10, 9.2120435724e-09, 4.37655245378e-08, 2.61158081827e-08, 8.31260393852e-09, 9.6955385942e-09, 8.81785577889e-09, 2.61574140126e-08, 8.7434806062e-09, 6.433539812e-10, 7.59819152041e-10, 3.46326883838e-10, 7.39960037688e-11, 1.26897502922e-11, 1.18789364196e-12, 4.01150163434e-12, 4.70470721842e-13, 5.44394072194e-14, 7.17695251373e-15, 6.03532733078e-16, 3.0276425076e-16, 2.85842041251e-16, 1.67486418699e-16, 1.48150390284e-16, 1.343255288e-16, 1.21609190254e-17],
        "dvar2": [3.56907861487e-07, 2.83316666128e-07, 1.871815698e-07, 7.9574881795e-08, 2.53865795052e-09, 3.23526494483e-09, 9.3800112122e-10, 3.12553849469e-09, 7.54644133849e-08, 6.16606371295e-07, 4.92504215188e-09, 1.84079649301e-08, 4.14843048802e-09, 3.30592797582e-08, 2.31582331089e-09, 2.15620516997e-08, 1.09034210993e-07, 7.16585972782e-08, 2.1804453354e-08, 2.47401601428e-08, 2.14668638421e-08, 6.88595065412e-08, 2.50604568208e-08, 1.5663527142e-09, 1.90637239328e-09, 1.00054164953e-09, 2.18103646255e-10, 3.42631617523e-11, 2.95949289381e-12, 1.20334324102e-11, 1.19916381512e-12, 1.36896909282e-13, 1.83302808696e-14, 1.72296475284e-15, 8.48146266184e-16, 8.380752562e-16, 3.73396713575e-16, 4.06080459227e-16, 3.76793209814e-16, 3.53573522101e-17],
        "max": [0.00473219621927, 0.00261602597311, 0.00239611510187, 0.000988837331533, 0.000193747429876, 0.000255802791798, 0.000133635039674, 0.000229715849855, 0.000748397491407, 0.00231757480651, 0.000293685268844, 0.000803540751804, 0.000367623346392, 0.000689330161549, 0.000272340228548, 0.00132697215304, 0.00201282603666, 0.00168191944249, 0.000877973274328, 0.000984030077234, 0.000695713621099, 0.00117890338879, 0.000669958710205, 0.000257671461441, 0.000180713963346, 0.000154801324243, 6.90929082339e-05, 2.95443114737e-05, 8.97204517969e-06, 1.46521924762e-05, 6.32678802504e-06, 2.23710321734e-06, 8.23726395538e-07, 1.42855412832e-07, 1.30718689206e-07, 1.57494199016e-07, 1.70299969682e-07, 1.49318324816e-07, 1.34135859753e-07, 2.68564903649e-08],
        "mean": [0.000427736144047, 0.000362716265954, 0.000173143140273, 0.000218134417082, 4.81185161334e-05, 2.07843095268e-05, 1.29754544105e-05, 2.16297739826e-05, 0.000162354743225, 0.000432523229392, 5.58322135475e-05, 9.02683095774e-05, 3.63427971024e-05, 0.000124681027955, 3.18970523949e-05, 0.000114184746053, 0.000220670102863, 0.000211029211641, 0.000132406392368, 0.000116525952762, 0.00016428490926, 0.000219460736844, 0.000142163698911, 5.18049600942e-05, 5.34679747943e-05, 2.12284830923e-05, 9.73158239503e-06, 3.59482419299e-06, 1.40480210575e-06, 2.1511768864e-06, 7.20410866961e-07, 2.79502131662e-07, 1.08915649832e-07, 2.9796654033e-08, 2.10540971324e-08, 2.21770974917e-08, 2.90101915823e-08, 2.03168912805e-08, 1.39205527105e-08, 9.04966768189e-09],
        "median": [0.000209163612453, 0.000225406547543, 7.05233469489e-05, 0.000155722576892, 3.69609479094e-05, 4.14288615502e-06, 4.9213517741e-06, 6.26176188234e-06, 0.00011240997992, 0.000284852809273, 4.08907071687e-05, 6.26686378382e-05, 2.12769809877e-05, 8.58851853991e-05, 2.02367773454e-05, 3.7441495806e-05, 8.53673700476e-05, 0.000132034387207, 8.89201182872e-05, 7.55114742788e-05, 0.000122823810671, 0.00015183929645, 0.000106655948912, 4.34013163613e-05, 4.52629028587e-05, 1.70986204466e-05, 7.11590246283e-06, 2.37877543441e-06, 1.09238339974e-06, 1.61495017892e-06, 5.00119426761e-07, 1.98905809157e-07, 7.87658436252e-08, 2.33829240415e-08, 1.71166547602e-08, 1.91417974804e-08, 2.80107705919e-08, 1.86754149922e-08, 1.25348167401e-08, 8.20538836876e-09],
        "min": [1.13966398203e-05, 3.88756889151e-05, 6.25694019618e-06, 9.59493081609e-06, 3.44532054442e-06, 3.61230547696e-07, 4.83095675463e-07, 4.15070871895e-07, 7.86628152127e-06, 1.16476348921e-05, 2.40963186116e-06, 4.68417601951e-06, 3.22547771248e-06, 6.78474816596e-06, 1.50336688876e-06, 1.20914239687e-06, 6.03896751272e-06, 9.6966205092e-06, 6.27892131888e-06, 4.36383925262e-06, 1.64828634297e-05, 1.21482762552e-05, 1.27388011606e-05, 2.87274883704e-06, 3.36844482263e-06, 2.21044388127e-06, 1.09716427232e-06, 4.56573957308e-07, 1.19087985695e-07, 7.9289023347e-08, 5.20591498798e-08, 1.31167352535e-08, 6.87730583593e-09, 1.39535449861e-09, 1.11463993591e-09, 1.54731716329e-09, 1.75958914106e-09, 1.26165533576e-09, 1.1009289036e-09, 7.67638619337e-10],
        "var": [5.43488965832e-07, 1.95619122678e-07, 1.01702333666e-07, 3.73731161574e-08, 1.42498945976e-09, 1.54853563306e-09, 3.96180421802e-10, 1.41522105146e-09, 2.31077113e-08, 1.82803418625e-07, 2.11856687748e-09, 8.76771988345e-09, 2.33088481849e-09, 1.35649820265e-08, 1.27134369698e-09, 4.22492512087e-08, 1.40417199646e-07, 6.50386056122e-08, 1.8462971596e-08, 1.54740877889e-08, 1.83261583686e-08, 4.54152058182e-08, 1.23758665538e-08, 1.29766863921e-09, 1.10833109357e-09, 3.00827501798e-10, 8.98708260588e-11, 1.84753289056e-11, 1.69459400939e-12, 4.34069316949e-12, 7.04861950057e-13, 9.78121460237e-14, 1.42578379387e-14, 5.52859251706e-16, 2.44607736225e-16, 2.86012824269e-16, 3.53835678798e-16, 1.86323782936e-16, 1.19169038879e-16, 1.94052750131e-17]
    },
    "mfcc": {
        "mean": [-655.970153809, 144.951248169, -94.741645813, 37.8821563721, 21.1503505707, -1.07728695869, 12.1561803818, 15.1062450409, 19.5609664917, 6.82320356369, 1.94954645634, -3.16487193108, -19.2598400116],
        "cov": [[510.979827881, -22.1988182068, -25.9466590881, -3.96057701111, -61.1451339722, 19.4381065369, -21.0866165161, -58.8960037231, -27.5333118439, -15.7937545776, -18.6616001129, -0.287542283535, 34.0695953369], [-22.1988182068, 227.753616333, 38.777469635, 25.9619922638, -21.2208251953, -16.3714828491, -2.63687086105, -22.2971286774, -23.8986873627, -33.8060302734, 9.08693695068, 54.0948257446, 53.8319740295], [-25.9466590881, 38.777469635, 124.457069397, 68.0621795654, -6.04452848434, 11.087471962, -4.97999715805, -5.84131908417, 0.478108882904, -19.8111438751, -22.3373947144, 10.4089288712, 44.2249565125], [-3.96057701111, 25.9619922638, 68.0621795654, 122.660484314, 28.4880542755, 0.0211578849703, -32.5410270691, -29.1043167114, -18.2835197449, -31.7001781464, -32.3496131897, 2.37656712532, 51.5408363342], [-61.1451339722, -21.2208251953, -6.04452848434, 28.4880542755, 77.9615325928, 31.1006145477, -1.99394619465, -10.8738307953, -9.73071575165, 11.1293296814, -2.96997404099, -13.4408922195, -5.29966878891], [19.4381065369, -16.3714828491, 11.087471962, 0.0211578849703, 31.1006145477, 137.227127075, 54.4742927551, -48.5430412292, -28.2125682831, 37.5587425232, 17.062122345, -8.66157817841, -9.68096733093], [-21.0866165161, -2.63687086105, -4.97999715805, -32.5410270691, -1.99394619465, 54.4742927551, 73.3278274536, 8.62637615204, -3.94480657578, 22.6423091888, 23.236946106, 7.4407377243, -15.4089164734], [-58.8960037231, -22.2971286774, -5.84131908417, -29.1043167114, -10.8738307953, -48.5430412292, 8.62637615204, 88.5106430054, 52.4911994934, 1.27838945389, -2.88425469398, -9.45561981201, -15.4082183838], [-27.5333118439, -23.8986873627, 0.478108882904, -18.2835197449, -9.73071575165, -28.2125682831, -3.94480657578, 52.4911994934, 77.7501678467, 14.1645240784, -12.1146697998, -11.200170517, -7.60848093033], [-15.7937545776, -33.8060302734, -19.8111438751, -31.7001781464, 11.1293296814, 37.5587425232, 22.6423091888, 1.27838945389, 14.1645240784, 57.9116897583, 23.187297821, -14.1127481461, -25.4447345734], [-18.6616001129, 9.08693695068, -22.3373947144, -32.3496131897, -2.96997404099, 17.062122345, 23.236946106, -2.88425469398, -12.1146697998, 23.187297821, 51.9103431702, 19.5312595367, -18.983997345], [-0.287542283535, 54.0948257446, 10.4089288712, 2.37656712532, -13.4408922195, -8.66157817841, 7.4407377243, -9.45561981201, -11.200170517, -14.1127481461, 19.5312595367, 58.0422401428, 30.2757282257], [34.0695953369, 53.8319740295, 44.2249565125, 51.5408363342, -5.29966878891, -9.68096733093, -15.4089164734, -15.4082183838, -7.60848093033, -25.4447345734, -18.983997345, 30.2757282257, 82.0933532715]],
