{
"lowlevel": {
    "average_loudness": 0.988685727119,
    "barkbands_crest": {
        "dmean": 2.69801640511,
        "dmean2": 4.58190155029,
        "dvar": 4.11496543884,
        "dvar2": 12.1820278168,
        "max": 20.4563007355,
        "mean": 8.23166847229,
        "median": 7.49545478821,
        "min": 3.63513731956,
        "var": 8.32181835175
    },
    "barkbands_flatness_db": {
        "dmean": 0.0177546981722,
        "dmean2": 0.0277574639767,
        "dvar": 0.00018022194854,
        "dvar2": 0.000475009263027,
        "max": 0.24655584991,
        "mean": 0.177811652422,
        "median": 0.175295293331,
        "min": 0.0988259986043,
        "var": 0.000498672830872
    },
    "barkbands_kurtosis": {
        "dmean": 1.39469671249,
        "dmean2": 2.181224823,
        "dvar": 2.054261446,
        "dvar2": 5.47171878815,
        "max": 12.2639780045,
        "mean": 1.21896803379,
        "median": 0.690275430679,
        "min": -1.49014508724,
        "var": 3.96146082878
    },
    "barkbands_skewness": {
        "dmean": 0.400992572308,
        "dmean2": 0.65674507618,
        "dvar": 0.0862561017275,
        "dvar2": 0.218487218022,
        "max": 0.161512374878,
        "mean": -1.09053325653,
        "median": -1.04488301277,
        "min": -2.6036067009,
        "var": 0.241468071938
    },
    "barkbands_spread": {
        "dmean": 6.12270689011,
        "dmean2": 10.3822412491,
        "dvar": 22.3039741516,
        "dvar2": 65.4732894897,
        "max": 37.7215270996,
        "mean": 17.7211837769,
        "median": 16.776758194,
        "min": 5.02081108093,
        "var": 43.6786270142
    },
    "dissonance": {
        "dmean": 0.0138794938102,
        "dmean2": 0.0242014285177,
        "dvar": 0.000157366259373,
        "dvar2": 0.000408809399232,
        "max": 0.499544322491,
        "mean": 0.483647167683,
        "median": 0.487065315247,
        "min": 0.427534550428,
        "var": 0.000179997819941
    },
    "dynamic_complexity": 0.775605499744,
    "erbbands_crest": {
        "dmean": 3.03869581223,
        "dmean2": 5.10973596573,
        "dvar": 7.83272695541,
        "dvar2": 21.0914344788,
        "max": 29.2714233398,
        "mean": 10.8859100342,
        "median": 9.35115432739,
        "min": 5.58143949509,
        "var": 19.5701637268
    },
    "erbbands_flatness_db": {
        "dmean": 0.0199473816901,
        "dmean2": 0.0309950318187,
        "dvar": 0.000202557013836,
        "dvar2": 0.000530295132194,
        "max": 0.371531456709,
        "mean": 0.292869061232,
        "median": 0.290859460831,
        "min": 0.197790488601,
        "var": 0.000710193358827
    },
    "erbbands_kurtosis": {
        "dmean": 1.97912621498,
        "dmean2": 3.51015782356,
        "dvar": 3.56822156906,
        "dvar2": 9.99277496338,
        "max": 14.3432388306,
        "mean": 1.72478365898,
        "median": 0.893962144852,
        "min": -1.34269809723,
        "var": 6.11698293686
    },
    "erbbands_skewness": {
        "dmean": 0.445035785437,
        "dmean2": 0.795027077198,
        "dvar": 0.118009954691,
        "dvar2": 0.389480024576,
        "max": 0.192490279675,
        "mean": -0.855365157127,
        "median": -0.798445343971,
        "min": -2.11686444283,
        "var": 0.20450386405
    },
    "erbbands_spread": {
        "dmean": 3.01604986191,
        "dmean2": 4.78381061554,
        "dvar": 4.58255195618,
        "dvar2": 11.0183572769,
        "max": 26.6005859375,
        "mean": 12.0623464584,
        "median": 11.7095718384,
        "min": 3.05334734917,
        "var": 18.0607452393
    },
    "hfc": {
        "dmean": 12.1336917877,
        "dmean2": 19.0719623566,
        "dvar": 90.7375030518,
        "dvar2": 201.438873291,
        "max": 85.1707839966,
        "mean": 38.6358680725,
        "median": 38.4510765076,
        "min": 15.4401016235,
        "var": 209.538040161
    },
    "melbands_crest": {
        "dmean": 2.71495246887,
        "dmean2": 4.58989429474,
        "dvar": 5.33626556396,
        "dvar2": 16.2025737762,
        "max": 17.5215435028,
        "mean": 8.8944644928,
        "median": 8.20749855042,
        "min": 3.80047941208,
        "var": 8.72651004791
    },
    "melbands_flatness_db": {
        "dmean": 0.0158646982163,
        "dmean2": 0.0264741443098,
        "dvar": 0.000121440927614,
        "dvar2": 0.000360146950698,
        "max": 0.230990186334,
        "mean": 0.183617264032,
        "median": 0.182403415442,
        "min": 0.151175737381,
        "var": 0.000267754367087
    },
    "melbands_kurtosis": {
        "dmean": 0.764385998249,
        "dmean2": 1.35314893723,
        "dvar": 0.627374827862,
        "dvar2": 1.76405715942,
        "max": 4.46552848816,
        "mean": -0.532518148422,
        "median": -0.756668806076,
        "min": -1.6366328001,
        "var": 0.904257655144
    },
    "melbands_skewness": {
        "dmean": 0.390113890171,
        "dmean2": 0.609578073025,
        "dvar": 0.0935055613518,
        "dvar2": 0.262328058481,
        "max": 0.978382766247,
        "mean": -0.373806744814,
        "median": -0.354544878006,
        "min": -2.09242582321,
        "var": 0.253512859344
    },
    "melbands_spread": {
        "dmean": 14.5307712555,
        "dmean2": 26.6939926147,
        "dvar": 110.356872559,
        "dvar2": 334.007446289,
        "max": 79.0990982056,
        "mean": 48.241065979,
        "median": 48.0595092773,
        "min": 19.4620132446,
        "var": 168.061553955
    },
    "pitch_salience": {
        "dmean": 0.0584080889821,
        "dmean2": 0.0978460386395,
        "dvar": 0.00213623582385,
        "dvar2": 0.00571880815551,
        "max": 0.749286055565,
        "mean": 0.595718979836,
        "median": 0.593679189682,
        "min": 0.36438831687,
        "var": 0.00429223757237
    },
    "silence_rate_20dB": {
        "dmean": 0,
        "dmean2": 0,
        "dvar": 0,
        "dvar2": 0,
        "max": 1,
        "mean": 1,
        "median": 1,
        "min": 1,
        "var": 0
    },
    "silence_rate_30dB": {
        "dmean": 0,
        "dmean2": 0,
        "dvar": 0,
        "dvar2": 0,
        "max": 1,
        "mean": 1,
        "median": 1,
        "min": 1,
        "var": 0
    },
    "silence_rate_60dB": {
        "dmean": 0,
        "dmean2": 0,
        "dvar": 0,
        "dvar2": 0,
        "max": 0,
        "mean": 0,
        "median": 0,
        "min": 0,
        "var": 0
    },
    "spectral_centroid": {
        "dmean": 224.593109131,
        "dmean2": 400.198944092,
        "dvar": 24134.0371094,
        "dvar2": 85095.484375,
        "max": 2805.57373047,
        "mean": 2224.05664062,
        "median": 2213.87719727,
        "min": 1860.29296875,
        "var": 31916.3535156
    },
    "spectral_complexity": {
        "dmean": 3.43396234512,
        "dmean2": 5.24683523178,
        "dvar": 6.48463392258,
        "dvar2": 17.3884487152,
        "max": 40,
        "mean": 27.6812496185,
        "median": 28,
        "min": 17,
        "var": 17.017156601
    },
    "spectral_decrease": {
        "dmean": 1.5950007981e-09,
        "dmean2": 2.60468357993e-09,
        "dvar": 1.43249804653e-18,
        "dvar2": 3.84305465614e-18,
        "max": -1.89663507122e-09,
        "mean": -5.06672614975e-09,
        "median": -4.89977747264e-09,
        "min": -9.37570554527e-09,
        "var": 2.78329897948e-18
    },
    "spectral_energy": {
        "dmean": 0.0069819604978,
        "dmean2": 0.0113256406039,
        "dvar": 2.88069004455e-05,
        "dvar2": 7.42185875424e-05,
        "max": 0.0429240055382,
        "mean": 0.0226273331791,
        "median": 0.0220089815557,
        "min": 0.00867317896336,
        "var": 5.68062059756e-05
    },
    "spectral_energyband_high": {
        "dmean": 4.2635929276e-05,
        "dmean2": 6.98843068676e-05,
        "dvar": 1.80507619962e-09,
        "dvar2": 4.61056037793e-09,
        "max": 0.000317410944263,
        "mean": 0.000110564207716,
        "median": 9.46393702179e-05,
        "min": 4.0335511585e-05,
        "var": 2.55452770048e-09
    },
    "spectral_energyband_low": {
        "dmean": 0.000772230676375,
        "dmean2": 0.00133875582833,
        "dvar": 4.53756399565e-07,
        "dvar2": 1.06666391275e-06,
        "max": 0.00438091345131,
        "mean": 0.00121454580221,
        "median": 0.00102800654713,
        "min": 0.000144652411109,
        "var": 6.77141144934e-07
    },
    "spectral_energyband_middle_high": {
        "dmean": 0.00607969984412,
        "dmean2": 0.00966310221702,
        "dvar": 2.30690166063e-05,
        "dvar2": 5.44297909073e-05,
        "max": 0.040625821799,
        "mean": 0.0177973695099,
        "median": 0.0173917841166,
        "min": 0.00578366639093,
        "var": 5.66644994251e-05
    },
    "spectral_energyband_middle_low": {
        "dmean": 0.00184051145334,
        "dmean2": 0.00347019266337,
        "dvar": 2.61581612904e-06,
        "dvar2": 7.43228883948e-06,
        "max": 0.012286237441,
        "mean": 0.00360811385326,
        "median": 0.00314506981522,
        "min": 0.000714552414138,
        "var": 3.31881710736e-06
    },
    "spectral_entropy": {
        "dmean": 0.102727010846,
        "dmean2": 0.152656137943,
        "dvar": 0.00630746269599,
        "dvar2": 0.014858065173,
        "max": 7.81521129608,
        "mean": 7.30519247055,
        "median": 7.31240081787,
        "min": 6.90299892426,
        "var": 0.0159107036889
    },
    "spectral_flux": {
        "dmean": 0.0178486872464,
        "dmean2": 0.0295881796628,
        "dvar": 0.000194123276742,
        "dvar2": 0.000451495521702,
        "max": 0.138525977731,
        "mean": 0.0930769592524,
        "median": 0.0917157232761,
        "min": 0.0523162856698,
        "var": 0.000325635861373
    },
    "spectral_kurtosis": {
        "dmean": 6.86521530151,
        "dmean2": 12.5620079041,
        "dvar": 26.3728752136,
        "dvar2": 86.2536239624,
        "max": 27.216802597,
        "mean": 11.7169208527,
        "median": 10.0866146088,
        "min": 3.11247253418,
        "var": 33.7916488647
    },
    "spectral_rms": {
        "dmean": 0.000739803072065,
        "dmean2": 0.00119907141197,
        "dvar": 3.30860132181e-07,
        "dvar2": 8.62436309035e-07,
        "max": 0.00647125020623,
        "mean": 0.00463127577677,
        "median": 0.00463380804285,
        "min": 0.00290888943709,
        "var": 6.26725693564e-07
    },
    "spectral_rolloff": {
        "dmean": 288.734466553,
        "dmean2": 516.932983398,
        "dvar": 56313.484375,
        "dvar2": 173964.703125,
        "max": 3208.44726562,
        "mean": 2532.97802734,
        "median": 2562.45117188,
        "min": 1765.72265625,
        "var": 74296.5859375
    },
    "spectral_skewness": {
        "dmean": 0.541328549385,
        "dmean2": 0.976510167122,
        "dvar": 0.201099857688,
        "dvar2": 0.573861837387,
        "max": 3.58413553238,
        "mean": 1.46537947655,
        "median": 1.33040380478,
        "min": 0.619964659214,
        "var": 0.24706697464
    },
    "spectral_spread": {
        "dmean": 227003.21875,
        "dmean2": 347715.21875,
        "dvar": 434740887552,
        "dvar2": 443776401408,
        "max": 9886450,
        "mean": 1663406.5,
        "median": 1603305.75,
        "min": 1170326.25,
        "var": 458220699648
    },
    "spectral_strongpeak": {
        "dmean": 1.82551431656,
        "dmean2": 2.97463202477,
        "dvar": 2.4992711544,
        "dvar2": 5.49574613571,
        "max": 14.4185085297,
        "mean": 3.63759851456,
        "median": 3.38709712029,
        "min": 0.0635392665863,
        "var": 5.58222150803
    },
    "zerocrossingrate": {
        "dmean": 0.00497801182792,
        "dmean2": 0.00729949586093,
        "dvar": 3.03930646623e-05,
        "dvar2": 3.70900597773e-05,
        "max": 0.099609375,
        "mean": 0.0818206816912,
        "median": 0.082275390625,
        "min": 0.0322265625,
        "var": 6.92982139299e-05
    },
    "barkbands": {
        "dmean": [1.2825244994e-05, 0.000692528556101, 0.000139023948577, 4.66331148345e-05, 0.000471019273391, 1.55159414135e-05, 4.41347801825e-05, 5.46475821466e-05, 0.00185130978934, 0.000383316830266, 0.000133238601848, 0.00120973505545, 0.000148126026033, 0.00286361714825, 0.00228122784756, 0.00139168987516, 0.00153829331975, 0.000737706315704, 0.00049780192785, 9.12442774279e-05, 2.47959505941e-05, 4.22849552706e-06, 5.86963324167e-07, 5.05367097503e-07, 2.67595197556e-07, 8.17557790356e-08, 5.07827415674e-08],
        "dmean2": [1.89410293387e-05, 0.00120528263506, 0.000219968671445, 8.06544339866e-05, 0.000866738671903, 2.73354926321e-05, 7.81609342084e-05, 0.000100515237136, 0.00352824106812, 0.000708912673872, 0.000225927913561, 0.00223635579459, 0.000254191661952, 0.00508620357141, 0.00340641895309, 0.00220381841063, 0.00259351334535, 0.00123822304886, 0.000864281959366, 0.000140792471939, 4.25179132435e-05, 7.27459973859e-06, 9.93192657006e-07, 8.27373071388e-07, 4.14238826352e-07, 1.08684027111e-07, 5.66650477651e-08],
        "dvar": [1.19803345022e-09, 3.36145774327e-07, 3.3278595879e-08, 4.28008339881e-09, 1.89979274978e-07, 3.42070038961e-10, 6.97207624967e-09, 4.09129885526e-09, 2.55022359852e-06, 1.56645711513e-07, 4.12419893792e-08, 1.59382125275e-06, 4.09187173034e-08, 7.01284807292e-06, 1.03494203358e-05, 2.14843157664e-06, 2.66267147708e-06, 6.55826056573e-07, 3.82959541412e-07, 9.96462556913e-09, 7.77851894007e-10, 1.55545663155e-11, 3.37896648595e-13, 2.88690376942e-13, 1.6742874719e-13, 1.44499958331e-13, 1.60309604675e-13],
        "dvar2": [1.41121203612e-09, 8.01074463652e-07, 6.11430124309e-08, 1.20283889515e-08, 6.13357713064e-07, 9.77013914216e-10, 1.98937808449e-08, 1.08146673838e-08, 7.30736337573e-06, 4.05492897926e-07, 1.1047741566e-07, 3.79923017135e-06, 9.82169297004e-08, 1.92956667888e-05, 2.29448505706e-05, 4.83866188006e-06, 5.61973729418e-06, 1.78988818789e-06, 1.05161018382e-06, 2.69005706599e-08, 1.99692329339e-09, 4.28749744041e-11, 7.19431729902e-13, 7.27231805591e-13, 2.25945970917e-13, 1.4953880148e-13, 1.61684982894e-13],
        "max": [0.000424486235715, 0.00415370240808, 0.00166906998493, 0.000961103709415, 0.00232652225532, 0.000127174527734, 0.000705555197783, 0.00039136086707, 0.0112972259521, 0.00372513919137, 0.00196740636602, 0.0126898800954, 0.00124690146185, 0.0180858615786, 0.0325210615993, 0.00951217208058, 0.0129426913336, 0.00700912345201, 0.0050732512027, 0.000897024001461, 0.000227666692808, 3.21571569657e-05, 5.73444322072e-06, 4.97134124089e-06, 4.98327199239e-06, 4.55739973404e-06, 4.70170789413e-06],
        "mean": [1.50781752382e-05, 0.000898740545381, 0.000249022821663, 8.59793508425e-05, 0.000508797471412, 2.03904510272e-05, 5.42329034943e-05, 6.75559931551e-05, 0.00274048233405, 0.000464182492578, 0.000187350990018, 0.00166643841658, 0.000217032880755, 0.00402776850387, 0.00369763071649, 0.0024085463956, 0.00279439543374, 0.00138716225047, 0.000895274162758, 0.000174530170625, 5.31811274413e-05, 9.636402865e-06, 1.24374867028e-06, 1.71808244431e-06, 7.47224362385e-07, 1.49002360672e-07, 9.00580161556e-08],
        "median": [9.29656198423e-06, 0.000734623754397, 0.000178164569661, 5.31507794221e-05, 0.000362073886208, 1.62814758369e-05, 3.45590960933e-05, 4.27317972935e-05, 0.0023885932751, 0.00026725884527, 0.000113180140033, 0.000981716206297, 0.000121432967717, 0.00321978470311, 0.00141188688576, 0.00174117740244, 0.00195983354934, 0.00123443035409, 0.000712479348294, 0.000130796528538, 4.48692153441e-05, 8.52243647387e-06, 1.08342135263e-06, 1.64442792538e-06, 6.44549743356e-07, 1.00585843654e-07, 4.85867488464e-08],
        "min": [8.27632860023e-08, 8.26251271064e-05, 9.91829256236e-06, 5.1893048294e-06, 2.83110039163e-05, 1.1820357031e-06, 2.4773446512e-06, 5.54070084036e-06, 0.000325759552652, 3.39383914252e-05, 1.44302512126e-05, 0.000120350756333, 1.07477144411e-05, 0.00019159517251, 0.00012144617358, 0.00032082607504, 0.000328194000758, 0.000328433146933, 0.00026966718724, 4.9136870075e-05, 1.71555384441e-05, 2.93412517749e-06, 3.53501917516e-07, 6.31593820799e-07, 2.39235191657e-07, 3.53026479161e-08, 2.41219080266e-08],
        "var": [1.20517373858e-09, 4.53550057955e-07, 6.19823623538e-08, 1.57590669403e-08, 1.81367084906e-07, 3.13997772228e-10, 5.137579695e-09, 4.98648722314e-09, 3.00003011944e-06, 2.57064556308e-07, 5.22616403487e-08, 4.1701500777e-06, 6.9083128551e-08, 8.94089862413e-06, 2.6547428206e-05, 3.55771658178e-06, 5.47750596525e-06, 7.97719167167e-07, 3.82434933499e-07, 1.74905459005e-08, 8.55485626783e-10, 2.04635856871e-11, 5.0685096311e-13, 4.76068078188e-13, 2.24362656275e-13, 1.46419565383e-13, 1.59806318027e-13]
    },
    "erbbands": {
        "dmean": [0.0183588191867, 0.1624045223, 0.216048210859, 0.130183890462, 0.668073475361, 2.43344712257, 0.320632338524, 0.137976780534, 0.249330073595, 1.04838788509, 5.21875190735, 52.6799621582, 18.3260192871, 9.94374084473, 15.3448619843, 49.718914032, 8.80189323425, 68.6510009766, 133.074859619, 108.144134521, 84.2260894775, 74.7531967163, 36.0609169006, 48.3166427612, 12.2710294724, 3.77790236473, 1.00103855133, 0.846287786961, 0.190840616822, 0.0528755560517, 0.0165388081223, 0.0118922460824, 0.00777004659176, 0.00515557825565, 0.000745417608414, 0.000406722683692, 0.000132228291477, 2.93632529065e-05, 1.03669144664e-05, 9.25570930121e-06],
        "dmean2": [0.0322552137077, 0.280409038067, 0.353434860706, 0.209622368217, 1.25114989281, 4.41689109802, 0.565168380737, 0.239201650023, 0.427456915379, 1.88948893547, 9.75061607361, 99.7218475342, 34.1974449158, 17.0744800568, 27.9384021759, 91.2327423096, 15.3498210907, 123.219154358, 227.717269897, 162.435638428, 133.727844238, 126.987709045, 61.3785858154, 80.0744934082, 20.3516426086, 5.97240304947, 1.64540565014, 1.44993162155, 0.32318893075, 0.085676677525, 0.0278616286814, 0.0193146429956, 0.0130802299827, 0.00829453859478, 0.00103460962418, 0.000564778863918, 0.000171981038875, 3.15337820211e-05, 1.30148146127e-05, 1.45578742377e-05],
        "dvar": [0.000251318357186, 0.0202082786709, 0.0577441565692, 0.0296175163239, 0.395337343216, 4.80441045761, 0.0679135322571, 0.0228290464729, 0.14215375483, 3.54429149628, 19.7122516632, 2057.73510742, 253.631195068, 126.909370422, 407.397094727, 2353.35253906, 73.4412384033, 4198.37646484, 19250.328125, 37334.71875, 6134.46191406, 4829.23339844, 1082.18505859, 2975.03271484, 182.277252197, 19.2310333252, 1.1017100811, 1.07938981056, 0.0281483568251, 0.0107800597325, 0.000279985135421, 0.000145152778714, 7.26603975636e-05, 3.11701915052e-05, 8.0975542005e-06, 2.39462042373e-06, 4.86059491323e-07, 6.20041404886e-08, 3.17121040538e-09, 6.95062965517e-11],
        "dvar2": [0.000684960919898, 0.0477263703942, 0.123024575412, 0.0849478915334, 1.23780179024, 15.4118156433, 0.201108232141, 0.0648107677698, 0.350049585104, 10.6283388138, 58.589138031, 5960.95898438, 722.067810059, 338.637573242, 944.114807129, 5763.62207031, 174.207885742, 11153.0263672, 40752.609375, 82629.8359375, 15014.6201172, 11306.4169922, 2857.90527344, 8489.05761719, 489.880828857, 43.468120575, 2.82137513161, 2.91543984413, 0.0854798480868, 0.0274477247149, 0.000563727749977, 0.000337021308951, 0.000182620278792, 5.75250960537e-05, 8.65918354975e-06, 2.58842715084e-06, 4.90633340178e-07, 6.22967917252e-08, 3.15294612641e-09, 1.36249317384e-10],
        "max": [0.130830660462, 0.891973257065, 2.08563995361, 2.61644244194, 3.2754304409, 12.5971660614, 1.57108712196, 1.0381270647, 2.99406814575, 13.7488117218, 25.7558364868, 330.084259033, 87.8344726562, 121.707824707, 182.387359619, 442.285308838, 59.5681610107, 472.128692627, 1156.8659668, 2222.53857422, 500.948547363, 406.995330811, 200.895446777, 533.829956055, 108.969978333, 49.6807899475, 8.75269603729, 9.88688373566, 1.17248737812, 1.19944918156, 0.164985388517, 0.116349838674, 0.0763313695788, 0.0574030578136, 0.0349150151014, 0.0188356619328, 0.00828562211245, 0.00291593326256, 0.000680027296767, 8.63110180944e-05],
        "mean": [0.0214779675007, 0.216878265142, 0.360350608826, 0.278043806553, 0.801739811897, 2.45588922501, 0.460507154465, 0.193299278617, 0.365052610636, 1.36672997475, 6.70027542114, 76.5336685181, 23.9824390411, 15.8413591385, 22.126958847, 66.3834381104, 15.0198879242, 105.719726562, 241.828155518, 168.218917847, 165.383087158, 134.636413574, 71.7228851318, 81.9566345215, 26.1561584473, 8.58285331726, 2.39943647385, 1.74166071415, 0.448440372944, 0.10969401896, 0.0386770442128, 0.0404708012938, 0.0234807655215, 0.0148250777274, 0.00192650989629, 0.000964140635915, 0.000203172210604, 4.42421078333e-05, 2.66434308287e-05, 3.15342185786e-05],
        "median": [0.0181636065245, 0.184894561768, 0.268921673298, 0.197812050581, 0.598517537117, 1.73162019253, 0.405971646309, 0.153608754277, 0.248401552439, 1.02168154716, 5.1482591629, 65.7944564819, 19.6162567139, 9.48680686951, 12.1980609894, 41.0531997681, 11.4871730804, 87.2912597656, 182.293823242, 67.668182373, 131.731109619, 106.23903656, 63.6806793213, 70.0415496826, 22.1083850861, 6.63230371475, 2.07881975174, 1.50148916245, 0.391287326813, 0.0953935310245, 0.0339921303093, 0.0368621386588, 0.0215468965471, 0.0129058333114, 0.00155374768656, 0.00076417287346, 0.00011634133989, 1.785677523e-05, 2.06843251362e-05, 3.11321928166e-05],
        "min": [0.000633363611996, 0.0195516254753, 0.026237603277, 0.0369768403471, 0.0782336890697, 0.105697825551, 0.0485135838389, 0.0173078719527, 0.0540791898966, 0.112605318427, 1.1405659914, 9.38902664185, 2.32109928131, 1.3942322731, 2.22588229179, 4.83094167709, 1.39992451668, 5.56747484207, 6.8565955162, 11.8114023209, 25.9781780243, 27.7846164703, 15.8654174805, 21.37251091, 5.27745294571, 2.24503040314, 0.728949069977, 0.577387869358, 0.148510068655, 0.0293816588819, 0.0116720004007, 0.0149091845378, 0.00827676430345, 0.00452050706372, 0.000736771791708, 0.000332141324179, 4.20945289079e-05, 1.12567349788e-05, 1.1525437003e-05, 1.28963192765e-05],
        "var": [0.000311206793413, 0.0262266099453, 0.09912853688, 0.100747868419, 0.385786384344, 4.84234714508, 0.0857628062367, 0.0243410244584, 0.137314975262, 2.56381845474, 21.8956508636, 2477.02001953, 274.262298584, 292.185913086, 1032.75488281, 5582.17480469, 142.992141724, 5173.12597656, 46201.9960938, 88227.8515625, 12333.1181641, 7176.69140625, 1368.55529785, 3298.40942383, 239.809814453, 40.3105545044, 1.40459990501, 1.16457939148, 0.0406122729182, 0.0112512400374, 0.000441923592007, 0.000269651238341, 0.000101274534245, 5.46495357412e-05, 8.33586091176e-06, 2.44795933213e-06, 4.90722698032e-07, 6.17164772621e-08, 3.17564752272e-09, 1.17416035228e-10]
    },
    "gfcc": {
        "mean": [-38.0077705383, 118.060775757, -208.755157471, 34.4130401611, -7.66139125824, 7.33199071884, -15.0114269257, 17.1554908752, -10.8834762573, -15.3228883743, -17.7412471771, -22.8783893585, 2.07900857925],
        "cov": [[182.615997314, 24.5510292053, -0.358460813761, -24.3288574219, -13.290851593, 1.32935011387, 6.67851734161, -1.97491073608, -13.0841913223, 5.28983592987, 18.4323825836, 9.11869335175, 0.780600130558], [24.5510292053, 88.3931732178, 9.07936286926, -3.53793382645, -14.547791481, 7.48391962051, 12.6442403793, -4.4742231369, -8.02548885345, -5.61705350876, 17.0612869263, -3.97998118401, 0.34883376956], [-0.358460813761, 9.07936286926, 139.731292725, 49.138381958, -8.95798969269, 8.17422580719, -22.3233737946, 25.2052326202, -17.3674468994, -10.5894641876, -16.7610931396, 14.1515884399, -25.3244743347], [-24.3288574219, -3.53793382645, 49.138381958, 96.8660354614, 14.57239151, -14.2495565414, -20.6911220551, -0.292770057917, -5.3622636795, -13.8633518219, -18.4245796204, -0.74911659956, 8.86268997192], [-13.290851593, -14.547791481, -8.95798969269, 14.57239151, 63.1554527283, 8.38375091553, -8.32993125916, -11.7484817505, 11.5426244736, 11.7719764709, -10.5524644852, -7.51584434509, 11.6766347885], [1.32935011387, 7.48391962051, 8.17422580719, -14.2495565414, 8.38375091553, 53.1326713562, 30.8627681732, 15.2145614624, 6.99394321442, 9.5690946579, 5.49411296844, 3.8865582943, -5.96926307678], [6.67851734161, 12.6442403793, -22.3233737946, -20.6911220551, -8.32993125916, 30.8627681732, 57.1905632019, 25.1161117554, 12.3626174927, 9.72250938416, 17.5063076019, 6.68090724945, -5.60043907166], [-1.97491073608, -4.4742231369, 25.2052326202, -0.292770057917, -11.7484817505, 15.2145614624, 25.1161117554, 62.8965377808, 20.4839229584, -6.42111158371, 2.90159201622, 8.83002471924, -13.2339820862], [-13.0841913223, -8.02548885345, -17.3674468994, -5.3622636795, 11.5426244736, 6.99394321442, 12.3626174927, 20.4839229584, 41.008644104, 13.7617759705, -0.634788393974, -0.226131126285, 1.89571392536], [5.28983592987, -5.61705350876, -10.5894641876, -13.8633518219, 11.7719764709, 9.5690946579, 9.72250938416, -6.42111158371, 13.7617759705, 41.2465171814, 13.7949323654, -5.81275224686, -0.410745620728], [18.4323825836, 17.0612869263, -16.7610931396, -18.4245796204, -10.5524644852, 5.49411296844, 17.5063076019, 2.90159201622, -0.634788393974, 13.7949323654, 40.717250824, 13.7399024963, -4.00866413116], [9.11869335175, -3.97998118401, 14.1515884399, -0.74911659956, -7.51584434509, 3.8865582943, 6.68090724945, 8.83002471924, -0.226131126285, -5.81275224686, 13.7399024963, 36.3056755066, 0.970910251141], [0.780600130558, 0.34883376956, -25.3244743347, 8.86268997192, 11.6766347885, -5.96926307678, -5.60043907166, -13.2339820862, 1.89571392536, -0.410745620728, -4.00866413116, 0.970910251141, 34.3664207458]],
        "icov": [[0.00629750546068, -0.00176763150375, 5.85988309467e-05, 0.00156181538478, 2.76631726592e-05, 0.000726930156816, 0.000377808464691, -0.00149989710189, 0.00319047737867, -0.00226050592028, -0.000215800871956, -0.00177490105852, -0.00106188387144], [-0.00176763150375, 0.0205369088799, -0.0122265992686, 0.00304852914996, 0.00197892333381, 0.000220714675379, -0.0109082274139, 0.0127087812871, -0.0106125809252, 0.017460167408, -0.0200852937996, 0.01741174981, -0.00952259730548], [5.85988309467e-05, -0.0122265992686, 0.0310846399516, -0.0130364987999, 0.00282207876444, -0.0109177371487, 0.0228786692023, -0.0221705324948, 0.0216281302273, -0.0238763317466, 0.0246422104537, -0.0243759062141, 0.0208111330867], [0.00156181538478, 0.00304852914996, -0.0130364987999, 0.0190125461668, -0.00509614683688, 0.00777069106698, -0.00711378222331, 0.00509443087503, -0.00506296753883, 0.00984525680542, -0.0054677054286, 0.00751096522436, -0.011145349592], [2.76631726592e-05, 0.00197892333381, 0.00282207876444, -0.00509614683688, 0.0241998489946, -0.00991552043706, 0.00682315696031, 0.00356223876588, -0.00595449469984, -0.00553880305961, 0.0036305366084, 0.000747749814764, -0.00342322397046], [0.000726930156816, 0.000220714675379, -0.0109177371487, 0.00777069106698, -0.00991552043706, 0.0371823869646, -0.0249611698091, 0.00299744377844, -0.000984122394584, 0.000859730527736, 0.000159627888934, 0.00224371743388, -0.00313426461071], [0.000377808464691, -0.0109082274139, 0.0228786692023, -0.00711378222331, 0.00682315696031, -0.0249611698091, 0.0531222522259, -0.0253428071737, 0.0117750130594, -0.0195121634752, 0.00814292393625, -0.0163242202252, 0.011568069458], [-0.00149989710189, 0.0127087812871, -0.0221705324948, 0.00509443087503, 0.00356223876588, 0.00299744377844, -0.0253428071737, 0.0476813800633, -0.0345332249999, 0.0301721151918, -0.0202110800892, 0.0163920465857, -0.00475944392383], [0.00319047737867, -0.0106125809252, 0.0216281302273, -0.00506296753883, -0.00595449469984, -0.000984122394584, 0.0117750130594, -0.0345332249999, 0.0593001171947, -0.0357472263277, 0.0264779720455, -0.0209762509912, 0.00773427821696], [-0.00226050592028, 0.017460167408, -0.0238763317466, 0.00984525680542, -0.00553880305961, 0.000859730527736, -0.0195121634752, 0.0301721151918, -0.0357472263277, 0.0654670521617, -0.0423378124833, 0.0336327701807, -0.0129232471809], [-0.000215800871956, -0.0200852937996, 0.0246422104537, -0.0054677054286, 0.0036305366084, 0.000159627888934, 0.00814292393625, -0.0202110800892, 0.0264779720455, -0.0423378124833, 0.0702640488744, -0.0414410792291, 0.0195158980787], [-0.00177490105852, 0.01741174981, -0.0243759062141, 0.00751096522436, 0.000747749814764, 0.00224371743388, -0.0163242202252, 0.0163920465857, -0.0209762509912, 0.0336327701807, -0.0414410792291, 0.0599916763604, -0.0212178546935], [-0.00106188387144, -0.00952259730548, 0.0208111330867, -0.011145349592, -0.00342322397046, -0.00313426461071, 0.011568069458, -0.00475944392383, 0.00773427821696, -0.0129232471809, 0.0195158980787, -0.0212178546935, 0.0503946878016]]
    },
    "melbands": {
        "dmean": [0.000181756622624, 0.000147849015775, 2.29747329286e-05, 0.000127635910758, 2.70643286058e-05, 2.87523084808e-06, 5.54291727894e-06, 1.03487464003e-05, 7.63884672779e-05, 0.000334470678354, 8.10636993265e-05, 4.04506536142e-05, 2.43973408942e-05, 0.000165439851116, 3.93811751564e-05, 1.96111759578e-05, 0.000174610686372, 0.000280690495856, 0.000157054004376, 0.000118445525004, 0.000111162225949, 7.90893682279e-05, 6.03912958468e-05, 3.27928864863e-05, 4.31048902101e-05, 1.28674382722e-05, 5.70463043914e-06, 2.01586044568e-06, 5.32979413492e-07, 9.07317769361e-07, 3.36826076364e-07, 1.23377091654e-07, 5.57845538651e-08, 2.20122728933e-08, 1.1544093681e-08, 7.54168016925e-09, 8.61711413336e-09, 6.6616325789e-09, 4.99971530843e-09, 4.14479739419e-09],
        "dmean2": [0.00031607830897, 0.000248500087764, 3.5932425817e-05, 0.000236127481912, 4.81696661154e-05, 5.06766900799e-06, 9.70421297097e-06, 1.84579512279e-05, 0.000145962359966, 0.000630084483419, 0.000151538086357, 7.00315431459e-05, 4.24080099037e-05, 0.000303693290334, 7.00422096997e-05, 3.321659824e-05, 0.000313178810757, 0.000488827237859, 0.000233614846366, 0.000180893330253, 0.000180848539458, 0.000130817978061, 0.000106487903395, 5.52593701286e-05, 7.21140022506e-05, 2.2392896426e-05, 8.97127665667e-06, 3.1903909985e-06, 8.90288845312e-07, 1.58543821271e-06, 5.76536251629e-07, 2.0976425219e-07, 9.78117142836e-08, 3.58750824603e-08, 1.99922283173e-08, 1.19081349226e-08, 1.46693306391e-08, 1.131270988e-08, 8.40467606622e-09, 6.58708954049e-09],
        "dvar": [2.29256578166e-08, 2.0246803345e-08, 6.87132517552e-10, 1.40827847162e-08, 5.63666724407e-10, 1.11801522901e-11, 8.4248531762e-11, 3.05702962944e-10, 4.64312766013e-09, 8.016802866e-08, 5.79657744026e-09, 2.22048290865e-09, 1.42868716857e-09, 3.06426137797e-08, 1.14845888355e-09, 7.79421971409e-10, 2.62201176326e-08, 7.47003952029e-08, 6.45258566578e-08, 2.71397997409e-08, 1.17185701143e-08, 6.08766281829e-09, 3.0813107621e-09, 1.40434264218e-09, 2.42379161186e-09, 2.22094190261e-10, 4.43715862664e-11, 6.44132403665e-12, 2.25122614235e-13, 1.23248991308e-12, 1.60819003513e-13, 1.12925839605e-14, 4.26527506348e-15, 2.04072281026e-15, 1.38338360623e-16, 6.73953675884e-17, 7.05212301836e-17, 4.5771390686e-17, 3.20530435956e-17, 2.08384448336e-17],
        "dvar2": [5.74987488733e-08, 4.79900172934e-08, 1.94684957044e-09, 4.54288624496e-08, 1.71423475415e-09, 3.10579166551e-11, 2.22582813292e-10, 9.21681342358e-10, 1.32762210114e-08, 2.32770460684e-07, 1.58971982245e-08, 5.6537490245e-09, 3.34685701375e-09, 7.24890369952e-08, 3.07380898512e-09, 1.81091974749e-09, 6.91577071166e-08, 1.73832418682e-07, 1.47230920788e-07, 6.00758411906e-08, 2.78189684622e-08, 1.3032887658e-08, 7.53573381473e-09, 3.80383147203e-09, 6.83854661787e-09, 6.21681706114e-10, 1.17734752503e-10, 1.55913112282e-11, 6.10040772238e-13, 3.07134374357e-12, 4.40179929182e-13, 3.55985958756e-14, 1.008852832e-14, 5.31066915094e-15, 3.35307097775e-16, 1.30666915568e-16, 1.90177557853e-16, 1.21661248038e-16, 6.95329809622e-17, 3.8543635386e-17],
        "max": [0.00122399104293, 0.00103184417821, 0.000379219563911, 0.000620670849457, 0.000146860882523, 2.25823969231e-05, 7.78930334491e-05, 0.000123995181639, 0.000393519352656, 0.00207737158053, 0.000393575639464, 0.000538671505637, 0.000365416373825, 0.00184166734107, 0.000318677106407, 0.000185028344276, 0.00119566672947, 0.00195244257338, 0.00219173938967, 0.00178175594192, 0.000852140539791, 0.000570870703086, 0.000333239295287, 0.000330431532348, 0.000472611107398, 0.000116165079817, 5.65441550862e-05, 2.72908564511e-05, 3.66665904039e-06, 8.29399596114e-06, 3.93229174733e-06, 8.09501727872e-07, 6.43185501303e-07, 5.15207148055e-07, 9.49770964098e-08, 9.01262353636e-08, 6.89145949195e-08, 6.12350135043e-08, 5.59050299387e-08, 4.58437305895e-08],
        "mean": [0.000231664045714, 0.000227551354328, 5.30853103555e-05, 0.000130777130835, 3.37865894835e-05, 3.80569372282e-06, 7.38272001399e-06, 1.32983095682e-05, 7.32117478037e-05, 0.000494832056575, 9.73588248598e-05, 6.27437111689e-05, 3.63647195627e-05, 0.000222663657041, 5.50423937966e-05, 2.92089880531e-05, 0.000245180388447, 0.000460965704406, 0.00023505972058, 0.000174336586497, 0.000208592362469, 0.000141261756653, 9.86432423815e-05, 5.96742538619e-05, 7.02840043232e-05, 2.41885845753e-05, 1.10773935376e-05, 4.12757026425e-06, 1.09867266929e-06, 1.69818065388e-06, 7.06871560396e-07, 2.60728484136e-07, 1.12544249475e-07, 3.61357663792e-08, 2.03932835063e-08, 2.16140083609e-08, 2.60183359302e-08, 1.77743721963e-08, 1.35099993415e-08, 1.14073710478e-08],
        "median": [0.00018765317509, 0.000183745651157, 4.11886794609e-05, 8.92413809197e-05, 2.60298438661e-05, 3.01676573145e-06, 4.64319828097e-06, 9.75507009571e-06, 4.79699119751e-05, 0.000418398587499, 7.73651263444e-05, 3.55753909389e-05, 2.00230642804e-05, 0.000126138940686, 3.95527495129e-05, 1.57644681167e-05, 0.00019931816496, 0.000334868964273, 9.82729543466e-05, 8.428034198e-05, 0.000159300761879, 0.000103677535662, 8.39690255816e-05, 4.95985295856e-05, 6.03982334724e-05, 2.00992108148e-05, 8.77272213984e-06, 3.11652684104e-06, 9.46825537085e-07, 1.30431976686e-06, 6.00394173489e-07, 2.26449216711e-07, 9.57763433007e-08, 2.53897454172e-08, 1.68522831245e-08, 2.00825240881e-08, 2.39973729776e-08, 1.59306861036e-08, 1.26133432587e-08, 1.02755031151e-08],
        "min": [1.32004661282e-05, 1.72421368916e-05, 8.55321377458e-06, 8.49185016705e-06, 2.18347486225e-06, 2.42205430823e-07, 6.89261355546e-07, 1.31802357828e-06, 7.29758494344e-06, 5.94572084083e-05, 6.89062562742e-06, 4.75039632875e-06, 3.54996222995e-06, 1.60984218383e-05, 3.84827671951e-06, 9.45379781569e-07, 1.29334075609e-05, 1.41505961437e-05, 9.74968497758e-06, 1.43247152664e-05, 2.81783213723e-05, 1.81913928827e-05, 1.20467639135e-05, 1.1818636267e-05, 1.58230504894e-05, 3.7156057715e-06, 2.50585185313e-06, 1.06568063529e-06, 3.24245235106e-07, 5.00240105339e-07, 2.05281835974e-07, 7.56236886446e-08, 2.47550566712e-08, 5.80591086319e-09, 5.00371744039e-09, 6.47074438476e-09, 9.27828658348e-09, 5.49304290942e-09, 4.79807571452e-09, 3.25453930472e-09],
        "var": [3.11627239569e-08, 2.94123942979e-08, 2.36080266447e-09, 1.32056001689e-08, 6.40017039366e-10, 1.10483748886e-11, 7.24471108104e-11, 2.39429170934e-10, 4.3464782884e-09, 1.00329941688e-07, 5.83703529955e-09, 5.35604405272e-09, 3.17997961297e-09, 7.96579087137e-08, 2.34504371477e-09, 1.28108723629e-09, 3.41422250472e-08, 1.57868356609e-07, 1.30124277575e-07, 6.01407705858e-08, 2.6036380163e-08, 1.22123378077e-08, 3.70908925795e-09, 1.65801750107e-09, 2.64455324306e-09, 2.4293234091e-10, 6.55341614308e-11, 1.17371459774e-11, 3.08252962001e-13, 1.23813708851e-12, 1.86739431427e-13, 1.63869196261e-14, 5.05847949045e-15, 2.10751326398e-15, 1.75797889789e-16, 1.13851988076e-16, 1.13621648054e-16, 6.19619026946e-17, 4.57710498876e-17, 3.56637002043e-17]
    },
    "mfcc": {
        "mean": [-655.064880371, 138.32800293, -103.035362244, 32.1880760193, 19.6399860382, 0.966472148895, 14.1158542633, 14.8033781052, 20.7202148438, 11.4740047455, 5.18103218079, -7.59967660904, -17.9266624451],
        "cov": [[201.91343689, 32.4945068359, -25.5044269562, -26.7851314545, -31.0358142853, -8.8911895752, 13.3236227036, -8.97381877899, -12.7522497177, -5.09364080429, 7.60177516937, -2.01348114014, 4.02638244629], [32.4945068359, 83.8079376221, 4.18082761765, -33.1088256836, -18.0564861298, -3.64583683014, 13.0891447067, -5.84194421768, -8.23213195801, -1.4721249342, 7.97082901001, 14.517539978, 0.65952706337], [-25.5044269562, 4.18082761765, 134.793441772, 31.0168685913, 9.97507190704, -13.0897350311, 5.25705623627, 34.7928619385, -16.8182106018, -11.7527036667, 12.5507745743, 6.84924697876, -21.9791030884], [-26.7851314545, -33.1088256836, 31.0168685913, 88.3173675537, 37.417175293, -0.828968942165, -12.6710395813, -5.29847764969, 1.10912764072, -11.0076408386, -13.1243228912, -15.8474597931, -10.3611297607], [-31.0358142853, -18.0564861298, 9.97507190704, 37.417175293, 68.0305252075, 10.3787975311, -14.1256065369, -10.7748813629, 14.639582634, -4.29858207703, -10.9145812988, -9.70816326141, -8.97122955322], [-8.8911895752, -3.64583683014, -13.0897350311, -0.828968942165, 10.3787975311, 50.5967178345, 9.17502117157, -16.2525367737, 8.35456466675, 5.37277603149, -6.41209363937, -4.59491062164, 14.6389064789], [13.3236227036, 13.0891447067, 5.25705623627, -12.6710395813, -14.1256065369, 9.17502117157, 42.4166221619, 9.76124572754, -2.78564071655, 4.4483165741, 12.1572751999, 5.43128347397, -7.84534072876], [-8.97381877899, -5.84194421768, 34.7928619385, -5.29847764969, -10.7748813629, -16.2525367737, 9.76124572754, 77.619392395, 5.35731506348, -2.3421561718, 15.4613656998, 11.3249492645, -7.72249031067], [-12.7522497177, -8.23213195801, -16.8182106018, 1.10912764072, 14.639582634, 8.35456466675, -2.78564071655, 5.35731506348, 45.5229797363, 12.8909816742, -5.05891180038, 0.359402418137, -0.740722179413], [-5.09364080429, -1.4721249342, -11.7527036667, -11.0076408386, -4.29858207703, 5.37277603149, 4.4483165741, -2.3421561718, 12.8909816742, 40.3306846619, 14.8310213089, -1.78087627888, 6.07730340958], [7.60177516937, 7.97082901001, 12.5507745743, -13.1243228912, -10.9145812988, -6.41209363937, 12.1572751999, 15.4613656998, -5.05891180038, 14.8310213089, 43.1002426147, 19.7944259644, -3.67857003212], [-2.01348114014, 14.517539978, 6.84924697876, -15.8474597931, -9.70816326141, -4.59491062164, 5.43128347397, 11.3249492645, 0.359402418137, -1.78087627888, 19.7944259644, 41.969417572, 10.2508249283], [4.02638244629, 0.65952706337, -21.9791030884, -10.3611297607, -8.97122955322, 14.6389064789, -7.84534072876, -7.72249031067, -0.740722179413, 6.07730340958, -3.67857003212, 10.2508249283, 48.4273490906]],
