{
"lowlevel": {
    "average_loudness": 0.984776437283,
    "barkbands_crest": {
        "dmean": 1.42171800137,
        "dmean2": 2.33562970161,
        "dvar": 2.18802905083,
        "dvar2": 5.6120800972,
        "max": 12.7360773087,
        "mean": 5.84933900833,
        "median": 5.53709793091,
        "min": 3.4135825634,
        "var": 2.68944883347
    },
    "barkbands_flatness_db": {
        "dmean": 0.010146564804,
        "dmean2": 0.016191508621,
        "dvar": 7.94324660092e-05,
        "dvar2": 0.000159473202075,
        "max": 0.184394821525,
        "mean": 0.147211506963,
        "median": 0.145587995648,
        "min": 0.0724601969123,
        "var": 0.000180226008524
    },
    "barkbands_kurtosis": {
        "dmean": 0.389878004789,
        "dmean2": 0.635210335255,
        "dvar": 0.202545270324,
        "dvar2": 0.523888528347,
        "max": 2.43286275864,
        "mean": -0.970356404781,
        "median": -1.31375694275,
        "min": -1.73302865028,
        "var": 0.693863391876
    },
    "barkbands_skewness": {
        "dmean": 0.31256955862,
        "dmean2": 0.48723167181,
        "dvar": 0.0611973814666,
        "dvar2": 0.191228926182,
        "max": 1.26089060307,
        "mean": -0.365914434195,
        "median": -0.307485222816,
        "min": -1.62630522251,
        "var": 0.284574747086
    },
    "barkbands_spread": {
        "dmean": 3.53487944603,
        "dmean2": 5.66572284698,
        "dvar": 10.2058420181,
        "dvar2": 21.129617691,
        "max": 46.2705955505,
        "mean": 34.2485198975,
        "median": 35.4284667969,
        "min": 14.4932832718,
        "var": 51.9752845764
    },
    "dissonance": {
        "dmean": 0.00630552554503,
        "dmean2": 0.0106673054397,
        "dvar": 6.25344837317e-05,
        "dvar2": 0.000130165019073,
        "max": 0.499127864838,
        "mean": 0.489492475986,
        "median": 0.491609126329,
        "min": 0.417803943157,
        "var": 6.48236309644e-05
    },
    "dynamic_complexity": 0.624971210957,
    "erbbands_crest": {
        "dmean": 1.61264920235,
        "dmean2": 2.63778662682,
        "dvar": 1.46285891533,
        "dvar2": 4.31148195267,
        "max": 13.2144842148,
        "mean": 7.48687982559,
        "median": 7.22672319412,
        "min": 4.7946844101,
        "var": 2.79620957375
    },
    "erbbands_flatness_db": {
        "dmean": 0.0106381252408,
        "dmean2": 0.0170903299004,
        "dvar": 8.7666696345e-05,
        "dvar2": 0.000188050922588,
        "max": 0.280424594879,
        "mean": 0.240509793162,
        "median": 0.239553496242,
        "min": 0.14749071002,
        "var": 0.000325328088365
    },
    "erbbands_kurtosis": {
        "dmean": 1.25597393513,
        "dmean2": 2.05111646652,
        "dvar": 0.978036403656,
        "dvar2": 2.82501101494,
        "max": 8.20098972321,
        "mean": 2.53719592094,
        "median": 2.44518709183,
        "min": -1.1977596283,
        "var": 2.52688574791
    },
    "erbbands_skewness": {
        "dmean": 0.25229126215,
        "dmean2": 0.39604601264,
        "dvar": 0.0419594198465,
        "dvar2": 0.0974408388138,
        "max": 0.186277508736,
        "mean": -1.31798636913,
        "median": -1.3333722353,
        "min": -2.24927711487,
        "var": 0.144260063767
    },
    "erbbands_spread": {
        "dmean": 4.27838659286,
        "dmean2": 6.98530435562,
        "dvar": 14.2963476181,
        "dvar2": 40.7738380432,
        "max": 38.945854187,
        "mean": 19.2606430054,
        "median": 18.4845905304,
        "min": 8.58847522736,
        "var": 39.5748786926
    },
    "hfc": {
        "dmean": 5.18621397018,
        "dmean2": 7.810983181,
        "dvar": 20.787689209,
        "dvar2": 43.4217910767,
        "max": 65.7552566528,
        "mean": 36.6240844727,
        "median": 36.1107940674,
        "min": 0.933766126633,
        "var": 88.7852783203
    },
    "melbands_crest": {
        "dmean": 2.43792200089,
        "dmean2": 4.01981782913,
        "dvar": 5.57577228546,
        "dvar2": 13.6727657318,
        "max": 20.8422088623,
        "mean": 9.5341501236,
        "median": 9.3428850174,
        "min": 3.25188660622,
        "var": 12.0290880203
    },
    "melbands_flatness_db": {
        "dmean": 0.0123054701835,
        "dmean2": 0.0189281739295,
        "dvar": 9.80500262813e-05,
        "dvar2": 0.000260105880443,
        "max": 0.233570516109,
        "mean": 0.16600137949,
        "median": 0.16555018723,
        "min": 0.122952856123,
        "var": 0.000370988826035
    },
    "melbands_kurtosis": {
        "dmean": 0.739931046963,
        "dmean2": 1.12160110474,
        "dvar": 0.809044063091,
        "dvar2": 2.01894927025,
        "max": 9.734623909,
        "mean": -0.473319709301,
        "median": -0.86630153656,
        "min": -1.62852549553,
        "var": 1.76034212112
    },
    "melbands_skewness": {
        "dmean": 0.359196603298,
        "dmean2": 0.552034080029,
        "dvar": 0.0855143144727,
        "dvar2": 0.249241009355,
        "max": 3.17494702339,
        "mean": 0.725421190262,
        "median": 0.710799992085,
        "min": -0.749627590179,
        "var": 0.403578668833
    },
    "melbands_spread": {
        "dmean": 8.81840610504,
        "dmean2": 13.2255983353,
        "dvar": 48.7298545837,
        "dvar2": 141.190689087,
        "max": 87.7030487061,
        "mean": 63.4724082947,
        "median": 63.7854957581,
        "min": 28.519859314,
        "var": 128.162872314
    },
    "pitch_salience": {
        "dmean": 0.0419145449996,
        "dmean2": 0.0659954324365,
        "dvar": 0.00110647652764,
        "dvar2": 0.00277377432212,
        "max": 0.864956617355,
        "mean": 0.635498404503,
        "median": 0.634819984436,
        "min": 0.504478633404,
        "var": 0.00275403051637
    },
    "silence_rate_20dB": {
        "dmean": 0,
        "dmean2": 0,
        "dvar": 0,
        "dvar2": 0,
        "max": 1,
        "mean": 1,
        "median": 1,
        "min": 1,
        "var": 0
    },
    "silence_rate_30dB": {
        "dmean": 0,
        "dmean2": 0,
        "dvar": 0,
        "dvar2": 0,
        "max": 1,
        "mean": 1,
        "median": 1,
        "min": 1,
        "var": 0
    },
    "silence_rate_60dB": {
        "dmean": 0,
        "dmean2": 0,
        "dvar": 0,
        "dvar2": 0,
        "max": 0,
        "mean": 0,
        "median": 0,
        "min": 0,
        "var": 0
    },
    "spectral_centroid": {
        "dmean": 144.194015503,
        "dmean2": 227.338821411,
        "dvar": 13727.7041016,
        "dvar2": 38731.5820312,
        "max": 2759.12329102,
        "mean": 2388.05200195,
        "median": 2402.4375,
        "min": 1861.43774414,
        "var": 33591.9765625
    },
    "spectral_complexity": {
        "dmean": 3.27777767181,
        "dmean2": 5.34636878967,
        "dvar": 13.2117300034,
        "dvar2": 18.6398105621,
        "max": 46,
        "mean": 37.6685066223,
        "median": 38,
        "min": 1,
        "var": 22.1663551331
    },
    "spectral_decrease": {
        "dmean": 6.62876697977e-10,
        "dmean2": 1.07367315039e-09,
        "dvar": 4.30608384157e-19,
        "dvar2": 8.0426962244e-19,
        "max": -1.81462567195e-10,
        "mean": -5.41504174834e-09,
        "median": -5.50816192657e-09,
        "min": -7.19134973792e-09,
        "var": 6.93274081752e-19
    },
    "spectral_energy": {
        "dmean": 0.00278288335539,
        "dmean2": 0.00443877512589,
        "dvar": 7.49348873796e-06,
        "dvar2": 1.35954896905e-05,
        "max": 0.0324837341905,
        "mean": 0.0237595066428,
        "median": 0.0240185502917,
        "min": 0.00076957733836,
        "var": 1.35485515784e-05
    },
    "spectral_energyband_high": {
        "dmean": 0.000164227851201,
        "dmean2": 0.000232273538131,
        "dvar": 3.28540501471e-08,
        "dvar2": 7.06956555518e-08,
        "max": 0.00235473550856,
        "mean": 0.000536038074642,
        "median": 0.000441829528427,
        "min": 2.21424597839e-05,
        "var": 1.12063688107e-07
    },
    "spectral_energyband_low": {
        "dmean": 0.00102388043888,
        "dmean2": 0.00145064399112,
        "dvar": 8.79791343777e-07,
        "dvar2": 1.86309614492e-06,
        "max": 0.0130590526387,
        "mean": 0.00335804675706,
        "median": 0.00300655816682,
        "min": 0.000113373309432,
        "var": 4.24507516072e-06
    },
    "spectral_energyband_middle_high": {
        "dmean": 0.00226924428716,
        "dmean2": 0.00346732931212,
        "dvar": 3.69938720723e-06,
        "dvar2": 8.22788751975e-06,
        "max": 0.0292916502804,
        "mean": 0.0142144905403,
        "median": 0.0134615907446,
        "min": 0.000323677959386,
        "var": 1.90200298675e-05
    },
    "spectral_energyband_middle_low": {
        "dmean": 0.00224340776913,
        "dmean2": 0.00360217969865,
        "dvar": 4.00823864766e-06,
        "dvar2": 1.17080526252e-05,
        "max": 0.0154246157035,
        "mean": 0.00604108534753,
        "median": 0.00590724684298,
        "min": 0.000337656179909,
        "var": 7.47416288505e-06
    },
    "spectral_entropy": {
        "dmean": 0.0524727888405,
        "dmean2": 0.0791542306542,
        "dvar": 0.0058650043793,
        "dvar2": 0.00532128103077,
        "max": 8.72763252258,
        "mean": 7.53486680984,
        "median": 7.5319981575,
        "min": 7.38022518158,
        "var": 0.011352730915
    },
    "spectral_flux": {
        "dmean": 0.00988522730768,
        "dmean2": 0.0160717982799,
        "dvar": 6.4878971898e-05,
        "dvar2": 0.000150640596985,
        "max": 0.141245931387,
        "mean": 0.0837256386876,
        "median": 0.0838314518332,
        "min": 0.0534777753055,
        "var": 0.000143529628986
    },
    "spectral_kurtosis": {
        "dmean": 3.97517895699,
        "dmean2": 6.94100189209,
        "dvar": 11.333398819,
        "dvar2": 35.3950195312,
        "max": 21.5489196777,
        "mean": 6.71955537796,
        "median": 5.78882884979,
        "min": 1.03064012527,
        "var": 14.6954450607
    },
    "spectral_rms": {
        "dmean": 0.000293678720482,
        "dmean2": 0.000462101917947,
        "dvar": 1.36563301112e-07,
        "dvar2": 1.99683938717e-07,
        "max": 0.00562951574102,
        "mean": 0.00479388097301,
        "median": 0.00484073674306,
        "min": 0.000866491289344,
        "var": 1.98703048682e-07
    },
    "spectral_rolloff": {
        "dmean": 180.998535156,
        "dmean2": 289.916381836,
        "dvar": 20101.5,
        "dvar2": 52472.15625,
        "max": 3273.046875,
        "mean": 2745.18676758,
        "median": 2713.18359375,
        "min": 2088.72070312,
        "var": 59020.96875
    },
    "spectral_skewness": {
        "dmean": 0.356196522713,
        "dmean2": 0.632781386375,
        "dvar": 0.133791059256,
        "dvar2": 0.381396472454,
        "max": 3.87238001823,
        "mean": 0.875335276127,
        "median": 0.813562989235,
        "min": 0.297152757645,
        "var": 0.160738036036
    },
    "spectral_spread": {
        "dmean": 251982.140625,
        "dmean2": 321864.96875,
        "dvar": 1.42857954918e+12,
        "dvar2": 830624759808,
        "max": 21741252,
        "mean": 2073488.75,
        "median": 1923366.875,
        "min": 1470746.375,
        "var": 2.29271823974e+12
    },
    "spectral_strongpeak": {
        "dmean": 0.928629875183,
        "dmean2": 1.67142677307,
        "dvar": 1.72421395779,
        "dvar2": 4.50348567963,
        "max": 6.83687162399,
        "mean": 1.21753180027,
        "median": 0.546714067459,
        "min": 0.00829477421939,
        "var": 2.55759549141
    },
    "zerocrossingrate": {
        "dmean": 0.00506727444008,
        "dmean2": 0.00620308145881,
        "dvar": 2.85391233774e-05,
        "dvar2": 3.50958980562e-05,
        "max": 0.10498046875,
        "mean": 0.0848368406296,
        "median": 0.08544921875,
        "min": 0.02099609375,
        "var": 0.000125745820696
    },
    "barkbands": {
        "dmean": [1.8241131329e-05, 0.000922244216781, 0.000194574473426, 0.000270676828222, 0.00189839373343, 0.00068123586243, 0.00020420938381, 0.000122685363749, 0.000533269776497, 0.000270069140242, 0.00017970148474, 0.000431895925431, 6.53219030937e-05, 0.000951962778345, 0.000702197256032, 0.00102961855009, 0.00113789807074, 0.00052529363893, 0.000492269988172, 0.000186408971786, 0.000152355845785, 2.02927240025e-05, 8.03662430826e-07, 6.54070731798e-07, 2.71869623703e-07, 5.86057780083e-08, 8.68485905414e-09],
        "dmean2": [3.06404290313e-05, 0.00132685538847, 0.000349586858647, 0.000428880302934, 0.00302467704751, 0.00116387160961, 0.000345344189554, 0.000204007679713, 0.000867186230607, 0.000447481666924, 0.000315841316478, 0.000724168028682, 0.000113445908937, 0.00149351486471, 0.00117936299648, 0.00170795759186, 0.00183774274774, 0.000893444812391, 0.000808363605756, 0.000299548148178, 0.000219227964408, 3.3412976336e-05, 1.21828281863e-06, 1.04220100638e-06, 4.41806889739e-07, 9.24976646388e-08, 1.32989512736e-08],
        "dvar": [2.12840212122e-09, 7.91330137417e-07, 1.61786601893e-07, 2.36901669837e-07, 3.81007384931e-06, 4.237705582e-07, 1.14791795625e-07, 2.9472056795e-08, 3.25752921526e-07, 4.45185662556e-07, 2.6413077947e-08, 1.96038286049e-07, 3.84911791329e-09, 1.06848233372e-06, 3.69897321661e-07, 7.26447751731e-07, 9.82483697953e-07, 2.53045783438e-07, 1.82054549214e-07, 2.48226488253e-08, 3.22231272776e-08, 1.07713871156e-09, 6.17838896363e-13, 4.51240282119e-13, 6.16491314378e-14, 6.7846771563e-15, 2.11438016008e-15],
        "dvar2": [3.71574793157e-09, 1.65028245647e-06, 4.38761020405e-07, 4.38971113681e-07, 1.06457900984e-05, 1.19368951346e-06, 2.46650387226e-07, 7.46229744664e-08, 8.08071206393e-07, 1.13388045975e-06, 7.45857562379e-08, 4.65492917101e-07, 1.06073470008e-08, 2.73962223218e-06, 1.02492344922e-06, 2.29331863011e-06, 2.84898328573e-06, 6.387455187e-07, 4.95743904594e-07, 6.28677696568e-08, 7.64376153484e-08, 2.41582887028e-09, 1.42942916618e-12, 1.15024472152e-12, 1.8315905704e-13, 1.45751313986e-14, 3.02465999871e-15],
        "max": [0.000499420799315, 0.010437797755, 0.0036290185526, 0.00374198053032, 0.0128860687837, 0.00552237173542, 0.00391927314922, 0.00158241810277, 0.00475245667621, 0.00772737432271, 0.00111829931848, 0.00329536711797, 0.000467867299449, 0.0119491526857, 0.00535677652806, 0.00787239987403, 0.00751229934394, 0.00423314981163, 0.00352889392525, 0.00149744085502, 0.00222444231622, 0.000364630279364, 1.02958520074e-05, 7.53235099182e-06, 2.14269448406e-06, 1.05612969037e-06, 5.0535822993e-07],
        "mean": [2.13434122998e-05, 0.00279244687408, 0.000247198127909, 0.000501538452227, 0.00297928228974, 0.00105895509478, 0.000257543346379, 0.000181098133908, 0.000878700870089, 0.000419017946115, 0.000309578550514, 0.000844155729283, 0.000124549755128, 0.00206495029852, 0.00166733423248, 0.00258805253543, 0.00294057629071, 0.00145562563557, 0.00141526455991, 0.000587470887695, 0.000375301664462, 4.44973120466e-05, 2.13214389078e-06, 2.04015782401e-06, 6.46370608592e-07, 2.13318841702e-07, 2.54168863734e-08],
        "median": [1.03902930277e-05, 0.00263794651255, 0.000155105793965, 0.000145665253513, 0.00228428049013, 0.000821732683107, 0.000147898768773, 0.000130698696012, 0.000649685272947, 0.000205990610993, 0.000255115621258, 0.000667938729748, 0.000109573098598, 0.0015949922381, 0.00152486911975, 0.00236250716262, 0.00272788992152, 0.0013476787135, 0.00129556050524, 0.000542341556866, 0.000263409456238, 3.44313484675e-05, 1.74645003881e-06, 1.66893767073e-06, 5.760143722e-07, 1.59546743816e-07, 1.80805415084e-08],
        "min": [8.57057557369e-07, 3.72997965314e-05, 2.42398482442e-06, 1.48506080677e-06, 0.000130519722006, 3.25234541378e-05, 1.47757027662e-05, 1.11991857921e-05, 1.4746128727e-05, 3.9921210373e-06, 6.05401010034e-06, 3.91800931538e-05, 1.30135822474e-05, 3.32146337314e-05, 4.31930129707e-05, 5.0766608183e-05, 4.75052111142e-05, 4.72776700917e-05, 2.91220967483e-05, 1.23102427096e-05, 1.70014645846e-05, 1.17471302019e-06, 5.88829607295e-07, 4.31409915791e-07, 1.63040553502e-07, 7.86356650906e-08, 7.44892592053e-09],
        "var": [2.1765873548e-09, 2.91531068797e-06, 1.30865203118e-07, 6.6305085511e-07, 5.89249293625e-06, 6.68985251195e-07, 1.78260194161e-07, 3.59410279316e-08, 5.90919853494e-07, 7.4304256259e-07, 4.94111098703e-08, 4.18590389017e-07, 5.17428588864e-09, 2.80727249446e-06, 7.45928105061e-07, 1.53371820488e-06, 1.9200715542e-06, 5.89941805629e-07, 4.24998461312e-07, 4.91841234407e-08, 9.82308350217e-08, 1.56725443734e-09, 1.913837578e-12, 1.85457660513e-12, 1.24019975604e-13, 2.12265778956e-14, 2.98380315274e-15]
    },
    "erbbands": {
        "dmean": [0.0294095147401, 0.209159195423, 0.217499688268, 0.618271708488, 2.97870254517, 9.66232872009, 2.64731264114, 6.35600948334, 1.31829762459, 3.96218323708, 4.15327739716, 14.6865291595, 9.22495079041, 6.15316963196, 8.93773365021, 17.9034633636, 2.41829872131, 29.4336891174, 32.6373977661, 46.0083999634, 53.1293144226, 67.7652816772, 26.4613819122, 32.3669509888, 13.5055990219, 9.33771038055, 5.04977416992, 3.95664095879, 0.813106298447, 0.17567461729, 0.0231471806765, 0.0189264193177, 0.00761584518477, 0.00349439447746, 0.000511172111146, 0.000393739435822, 8.29424534459e-05, 1.0364238733e-05, 2.62593107436e-06, 3.53409109266e-06],
        "dmean2": [0.0437569096684, 0.297055006027, 0.363794118166, 0.979223847389, 5.07694768906, 14.9032402039, 4.49765920639, 10.7400655746, 2.17396354675, 6.58564710617, 6.86865854263, 24.5494804382, 15.4571142197, 10.8152656555, 15.3092098236, 29.1175670624, 3.86940693855, 45.5601158142, 50.8251609802, 76.0715332031, 88.219833374, 109.494590759, 44.1285476685, 55.0614967346, 21.7619552612, 14.8686151505, 7.25581455231, 5.94218349457, 1.35341596603, 0.292500704527, 0.0370146483183, 0.031487558037, 0.0126301785931, 0.00573416380212, 0.000834899547044, 0.000618201389443, 0.000133984300192, 1.67192065419e-05, 3.97816438635e-06, 5.60653461434e-06],
        "dvar": [0.00120486610103, 0.0319345220923, 0.118919163942, 1.13566160202, 8.54191684723, 102.771743774, 8.9823589325, 33.1358909607, 2.6304526329, 37.0835838318, 46.371799469, 229.144668579, 739.212158203, 88.467086792, 65.4860534668, 328.295410156, 5.69863033295, 997.503112793, 901.872924805, 1298.75537109, 2131.93652344, 2985.63793945, 553.753967285, 941.591918945, 141.930892944, 60.0286140442, 30.9756679535, 21.3212928772, 1.42042553425, 0.0794193744659, 0.000422370358137, 0.000447353057098, 6.5205305873e-05, 1.22090013974e-05, 2.62395644768e-07, 2.1160944641e-07, 1.62635860335e-08, 8.34906088709e-10, 4.17122690555e-11, 1.15601356612e-11],
        "dvar2": [0.00297013111413, 0.0635975971818, 0.308843404055, 2.45167827606, 26.5386314392, 275.003997803, 24.4602451324, 91.1292648315, 5.86070013046, 79.3027267456, 126.529853821, 553.139770508, 1948.73376465, 246.017242432, 178.959381104, 820.467590332, 13.4506483078, 2501.89501953, 2416.53710938, 3577.88696289, 6404.49804688, 8799.62207031, 1361.09790039, 2580.76782227, 353.529907227, 151.422271729, 74.9662628174, 46.9489250183, 2.92610311508, 0.239370271564, 0.00117877870798, 0.00114906171802, 0.000153076340212, 3.335288784e-05, 5.58639953852e-07, 4.98576639529e-07, 3.26789617588e-08, 1.2514983494e-09, 7.36615976549e-11, 2.22432749303e-11],
        "max": [0.319812893867, 2.27077293396, 3.29437422752, 8.13384914398, 17.2232170105, 69.8357620239, 28.9459896088, 39.2803268433, 20.4638252258, 65.4548416138, 64.4621353149, 115.912261963, 300.128509521, 112.437362671, 56.4949493408, 139.645095825, 20.7798614502, 367.321044922, 315.263793945, 258.66809082, 412.382781982, 481.199554443, 215.226257324, 266.82925415, 113.7813797, 78.280632019, 73.6096801758, 52.5812263489, 12.7067337036, 2.50204086304, 0.19615124166, 0.23163241148, 0.0971292704344, 0.0366331487894, 0.0056459736079, 0.00618880894035, 0.00149314303417, 0.000321671745041, 8.12031285022e-05, 4.53873362858e-05],
        "mean": [0.0835211351514, 0.616394996643, 0.407787561417, 1.21969902515, 5.05440616608, 13.8938312531, 4.63691329956, 10.8276157379, 2.38245654106, 5.37348842621, 7.41702127457, 21.9472465515, 14.7466640472, 10.7787590027, 19.3430995941, 33.4146461487, 8.00637817383, 67.27759552, 96.2769851685, 112.194946289, 146.225082397, 164.637496948, 83.9416427612, 94.3658905029, 48.6016044617, 29.920835495, 14.6297531128, 9.80965423584, 1.98712432384, 0.392088025808, 0.0700103417039, 0.0568006262183, 0.0254127234221, 0.00992560852319, 0.00177737686317, 0.00142094178591, 0.000295122270472, 3.0181990951e-05, 1.96245036932e-05, 3.17849626299e-05],
        "median": [0.0747131258249, 0.588215112686, 0.352172613144, 0.411528110504, 4.04949855804, 10.199716568, 3.49032402039, 9.2578420639, 1.78508341312, 3.04668354988, 5.13622903824, 16.1610183716, 7.83163881302, 7.88189125061, 17.5768299103, 26.2115898132, 7.40133428574, 51.0301742554, 86.0632324219, 104.205078125, 137.5909729, 152.10723877, 78.312210083, 86.2684173584, 45.1081771851, 28.7316455841, 10.8423843384, 7.12142133713, 1.60958206654, 0.310152560472, 0.0598570294678, 0.04683823511, 0.0215559583157, 0.00826385151595, 0.00157419929747, 0.00111333746463, 0.000229142911849, 2.43924769165e-05, 1.88197136595e-05, 3.18875208905e-05],
        "min": [0.000834021251649, 0.00959473196417, 0.0426359698176, 0.0509644672275, 0.171773374081, 0.606244921684, 0.37769895792, 0.224650770426, 0.253998249769, 0.210893124342, 0.457138001919, 0.338962674141, 0.12527038157, 0.259254097939, 0.47570592165, 1.61047208309, 0.676501691341, 1.47666752338, 1.96955907345, 2.04169774055, 3.06226348877, 2.82049369812, 3.03103089333, 1.67277288437, 0.907199203968, 0.661659181118, 0.801813960075, 0.329343944788, 0.0555241368711, 0.0247060395777, 0.0148127553985, 0.0121834538877, 0.00586234591901, 0.00179513462353, 0.000665908679366, 0.000522469345015, 0.000103177873825, 8.75147088664e-06, 1.25879023471e-05, 6.54020686852e-06],
        "var": [0.00285542011261, 0.142116308212, 0.13015525043, 3.10180330276, 14.5159320831, 147.09552002, 13.5346918106, 59.3451156616, 5.4468870163, 56.5308609009, 56.76612854, 368.667785645, 904.991027832, 136.353347778, 122.044158936, 704.907653809, 13.2355699539, 2714.32299805, 2558.84814453, 2705.43310547, 4283.22021484, 6667.45458984, 1648.22802734, 2051.53100586, 355.837982178, 125.369369507, 100.644371033, 62.0956420898, 2.2831902504, 0.0993315204978, 0.00107561063487, 0.00138796283863, 0.000240486173425, 3.36965858878e-05, 6.78859066738e-07, 7.75987928137e-07, 4.44746319772e-08, 1.16883758228e-09, 5.57137287693e-11, 2.35206455007e-11]
    },
    "gfcc": {
        "mean": [-6.80506038666, 131.221481323, -191.268630981, 59.8232917786, -21.6578731537, -14.8254203796, -22.0528583527, -0.304553538561, -14.9759569168, -2.99188542366, -12.3015041351, -4.55420684814, 9.86962795258],
        "cov": [[186.541015625, 14.4563655853, -48.4405708313, -3.11600208282, -29.9772624969, 3.76056003571, -2.84856081009, 16.3655128479, 8.05351924896, -3.39494466782, 10.7099971771, 6.87430953979, 7.37330055237], [14.4563655853, 97.5168533325, 36.2092514038, 28.1567440033, 1.19931232929, -14.4374523163, 24.8677253723, -19.2369747162, -6.68046665192, -3.8072218895, -13.9503698349, -15.0199899673, 9.54998779297], [-48.4405708313, 36.2092514038, 120.12638855, 51.0553321838, 6.0382399559, 0.804877221584, 5.08189439774, -8.91672229767, -15.7247991562, 4.71478557587, -29.7279586792, -13.8334064484, -23.1484642029], [-3.11600208282, 28.1567440033, 51.0553321838, 94.7591552734, 20.3381328583, 1.17539811134, 16.1577911377, -25.1386470795, -7.10533189774, 3.39102506638, -22.9275093079, -15.2962970734, -6.35767841339], [-29.9772624969, 1.19931232929, 6.0382399559, 20.3381328583, 53.9969787598, 11.7864484787, 0.00986553542316, -7.44228029251, -12.1914157867, 1.84788060188, 2.45257735252, -5.91113758087, -8.36521053314], [3.76056003571, -14.4374523163, 0.804877221584, 1.17539811134, 11.7864484787, 56.3451652527, 30.9608268738, 12.2776679993, 5.32225322723, 4.08913612366, -4.05643033981, -0.881738781929, -11.3793087006], [-2.84856081009, 24.8677253723, 5.08189439774, 16.1577911377, 0.00986553542316, 30.9608268738, 74.7202224731, 17.0786342621, 9.51965236664, 3.66331100464, -27.619890213, -5.36477327347, 9.37635803223], [16.3655128479, -19.2369747162, -8.91672229767, -25.1386470795, -7.44228029251, 12.2776679993, 17.0786342621, 73.8871231079, 32.9743843079, -3.30726242065, 5.31134557724, -0.893625020981, -10.2066612244], [8.05351924896, -6.68046665192, -15.7247991562, -7.10533189774, -12.1914157867, 5.32225322723, 9.51965236664, 32.9743843079, 46.7321662903, 17.4858989716, 8.87588787079, 1.53746962547, -3.6642100811], [-3.39494466782, -3.8072218895, 4.71478557587, 3.39102506638, 1.84788060188, 4.08913612366, 3.66331100464, -3.30726242065, 17.4858989716, 36.5279464722, 8.19698429108, 2.26402759552, -3.44231748581], [10.7099971771, -13.9503698349, -29.7279586792, -22.9275093079, 2.45257735252, -4.05643033981, -27.619890213, 5.31134557724, 8.87588787079, 8.19698429108, 52.298789978, 21.8801860809, -0.846083581448], [6.87430953979, -15.0199899673, -13.8334064484, -15.2962970734, -5.91113758087, -0.881738781929, -5.36477327347, -0.893625020981, 1.53746962547, 2.26402759552, 21.8801860809, 39.190700531, 13.7579698563], [7.37330055237, 9.54998779297, -23.1484642029, -6.35767841339, -8.36521053314, -11.3793087006, 9.37635803223, -10.2066612244, -3.6642100811, -3.44231748581, -0.846083581448, 13.7579698563, 40.3788719177]],
        "icov": [[0.0145988827571, -0.0161274950951, 0.0191465448588, -0.0133841251954, 0.0154872778803, -0.0135730523616, 0.0190117359161, -0.0201915260404, 0.0198503416032, -0.0156073626131, 0.011798074469, -0.0110284704715, 0.00435801967978], [-0.0161274950951, 0.0415143668652, -0.0335361659527, 0.0188007932156, -0.0201620515436, 0.0273798722774, -0.0406204387546, 0.0366789065301, -0.033355820924, 0.0305485557765, -0.0290357042104, 0.026717459783, -0.011030386202], [0.0191465448588, -0.0335361659527, 0.0481292158365, -0.0282491333783, 0.0255039129406, -0.0231133233756, 0.037769973278, -0.0403009839356, 0.0434346236289, -0.0362740829587, 0.0331293828785, -0.0271603353322, 0.0181890148669], [-0.0133841251954, 0.0188007932156, -0.0282491333783, 0.0334841683507, -0.0229975227267, 0.0178115870804, -0.0274236928672, 0.0326656550169, -0.031779576093, 0.0230385866016, -0.0139046004042, 0.015892226249, -0.00467097572982], [0.0154872778803, -0.0201620515436, 0.0255039129406, -0.0229975227267, 0.043016474694, -0.0221047475934, 0.0248652659357, -0.0284899082035, 0.0366923958063, -0.0251187216491, 0.0101448316127, -0.00993404351175, 0.00743286916986], [-0.0135730523616, 0.0273798722774, -0.0231133233756, 0.0178115870804, -0.0221047475934, 0.0494624525309, -0.0445575304329, 0.0281266514212, -0.0251069087535, 0.0221813637763, -0.0213596131653, 0.0131380371749, 0.00706163747236], [0.0190117359161, -0.0406204387546, 0.037769973278, -0.0274236928672, 0.0248652659357, -0.0445575304329, 0.0727032646537, -0.0489828772843, 0.0377064310014, -0.0394373834133, 0.0449449904263, -0.0280590094626, -0.00263732858002], [-0.0201915260404, 0.0366789065301, -0.0403009839356, 0.0326656550169, -0.0284899082035, 0.0281266514212, -0.0489828772843, 0.0705205053091, -0.0638324692845, 0.0495750904083, -0.0319631770253, 0.0258145015687, -0.00275580771267], [0.0198503416032, -0.033355820924, 0.0434346236289, -0.031779576093, 0.0366923958063, -0.0251069087535, 0.0377064310014, -0.0638324692845, 0.0923361629248, -0.05999488011, 0.0235692057759, -0.0218373462558, 0.0109947947785], [-0.0156073626131, 0.0305485557765, -0.0362740829587, 0.0230385866016, -0.0251187216491, 0.0221813637763, -0.0394373834133, 0.0495750904083, -0.05999488011, 0.0729931667447, -0.0324693657458, 0.0214531160891, -0.0060182181187], [0.011798074469, -0.0290357042104, 0.0331293828785, -0.0139046004042, 0.0101448316127, -0.0213596131653, 0.0449449904263, -0.0319631770253, 0.0235692057759, -0.0324693657458, 0.0647729411721, -0.0404394418001, 0.0135888438672], [-0.0110284704715, 0.026717459783, -0.0271603353322, 0.015892226249, -0.00993404351175, 0.0131380371749, -0.0280590094626, 0.0258145015687, -0.0218373462558, 0.0214531160891, -0.0404394418001, 0.0605874396861, -0.0243317466229], [0.00435801967978, -0.011030386202, 0.0181890148669, -0.00467097572982, 0.00743286916986, 0.00706163747236, -0.00263732858002, -0.00275580771267, 0.0109947947785, -0.0060182181187, 0.0135888438672, -0.0243317466229, 0.0487759187818]]
    },
    "melbands": {
        "dmean": [0.000264194968622, 0.000165482386365, 0.00012260148651, 0.000520176196005, 0.000126592552988, 0.000136343747727, 2.73667956208e-05, 3.75874769816e-05, 4.72905594506e-05, 8.90495430212e-05, 4.47133861599e-05, 2.57984866039e-05, 2.72670549748e-05, 6.10833085375e-05, 1.28902984216e-05, 1.03746524474e-05, 7.10722815711e-05, 6.67405547574e-05, 6.70652443659e-05, 7.18289957149e-05, 7.04138001311e-05, 7.37806403777e-05, 4.45487894467e-05, 2.85960268229e-05, 3.05157045659e-05, 1.36055905386e-05, 9.97046208795e-06, 5.28432701685e-06, 1.49170580244e-06, 8.15312250779e-06, 7.63615730648e-07, 5.53099027911e-07, 3.24524052076e-07, 4.10040392751e-08, 1.341130762e-08, 1.38506042191e-08, 1.23812649022e-08, 5.9361227045e-09, 7.42503702966e-09, 1.90489113372e-09],
        "dmean2": [0.000378827011446, 0.0002442895493, 0.000198786554392, 0.000835026265122, 0.000200070426217, 0.000231814614381, 4.54370419902e-05, 6.2353334215e-05, 8.05853123893e-05, 0.000145574609633, 7.42518532206e-05, 4.41306692665e-05, 4.72665087727e-05, 0.000101507510408, 2.14172341657e-05, 1.81795749086e-05, 0.000111082663352, 0.000105254686787, 0.000112157053081, 0.000120712320495, 0.000120706296002, 0.000120766970213, 7.21641627024e-05, 4.75782690046e-05, 5.19667228218e-05, 2.22846065299e-05, 1.60695126397e-05, 8.64760841068e-06, 2.54601195593e-06, 1.22771079987e-05, 1.26870565964e-06, 9.2687690767e-07, 5.44450927009e-07, 6.88723318376e-08, 2.25203695692e-08, 2.29278427355e-08, 2.02819911976e-08, 9.96103466377e-09, 1.22207914899e-08, 3.18629433949e-09],
        "dvar": [7.37805621043e-08, 2.45739943949e-08, 2.99541760285e-08, 2.82432267795e-07, 1.80923755977e-08, 1.56417812036e-08, 1.60728064191e-09, 3.07246006415e-09, 5.84473891507e-09, 7.96522225954e-09, 1.77606143126e-08, 1.81179415915e-09, 6.20855256095e-10, 3.92830834528e-09, 1.76409775676e-10, 1.2120165982e-10, 6.10342754115e-09, 4.53550308421e-09, 3.1927738231e-09, 3.20422599565e-09, 3.94943899806e-09, 3.70288555374e-09, 1.44962397641e-09, 6.98333169069e-10, 7.85029652395e-10, 1.62530711112e-10, 7.36516680977e-11, 1.80662273336e-11, 2.78554826774e-12, 1.02648625711e-10, 6.40723314248e-13, 7.67479233377e-13, 2.67767443418e-13, 7.92616924921e-15, 1.80332652726e-16, 1.9735025932e-16, 1.72055115893e-16, 3.61995544226e-17, 4.39289153547e-17, 5.49756187863e-18],
        "dvar2": [1.65122870044e-07, 5.50674315036e-08, 6.54592469118e-08, 7.69584517002e-07, 5.19188922965e-08, 4.3447897724e-08, 3.43687722726e-09, 6.55447918163e-09, 1.52958339328e-08, 1.98330774026e-08, 4.68328344994e-08, 4.91562435201e-09, 1.66285207825e-09, 9.63572333035e-09, 4.37601954673e-10, 3.355291045e-10, 1.48208094686e-08, 1.18050351716e-08, 8.69668159709e-09, 9.22447274121e-09, 1.0633975478e-08, 1.08813580368e-08, 4.08335720792e-09, 1.71448100161e-09, 2.19660489797e-09, 4.04262068265e-10, 1.95835639372e-10, 4.54926513127e-11, 7.432051502e-12, 2.40739511659e-10, 1.5841202048e-12, 1.73296847792e-12, 7.21920841249e-13, 2.14486733225e-14, 4.92971745934e-16, 4.93011450603e-16, 4.67945681051e-16, 8.75713284325e-17, 1.16236888749e-16, 1.48888787947e-17],
        "max": [0.00304856547154, 0.00147638830822, 0.00137274560984, 0.00336589408107, 0.000993737368844, 0.000899838050827, 0.000491531915031, 0.000571188167669, 0.000689856242388, 0.000673608970828, 0.00149009597953, 0.000533955346327, 0.000192110033822, 0.000444032833911, 0.000115642833407, 7.5487063441e-05, 0.000899423728697, 0.000752142688725, 0.000464357290184, 0.000444486737251, 0.000468359794468, 0.000502460810822, 0.000309281254886, 0.000198091787752, 0.000231863450608, 0.000110552849947, 7.86307136877e-05, 4.02677615057e-05, 1.31879269247e-05, 0.00011355089373, 8.87324586074e-06, 9.59267890721e-06, 5.07622780788e-06, 1.02434330529e-06, 1.27531222915e-07, 1.44397361623e-07, 1.3270111765e-07, 6.86713903519e-08, 5.81282577627e-08, 2.76203930838e-08],
        "mean": [0.000805640651379, 0.000420019408921, 0.000228657459957, 0.000824698829092, 0.00022886460647, 0.000222870992729, 4.02599180234e-05, 5.14340681548e-05, 7.8050972661e-05, 0.000135498048621, 6.89477092237e-05, 4.16685797973e-05, 5.0252667279e-05, 0.000115080620162, 2.74000176432e-05, 1.97423214559e-05, 0.000155016445206, 0.00017129178741, 0.000155683839694, 0.000152018750669, 0.000176362096681, 0.000173409964191, 0.000109071283077, 6.81300007273e-05, 8.0537989561e-05, 4.16029179178e-05, 2.99509738397e-05, 1.56419991981e-05, 4.17260616814e-06, 1.70435541804e-05, 1.85478450021e-06, 1.10879568638e-06, 5.99153281655e-07, 7.28124902594e-08, 3.22222213356e-08, 3.6641623069e-08, 3.30755050015e-08, 1.67307998566e-08, 1.75323346951e-08, 4.85906070935e-09],
        "median": [0.00073246716056, 0.00038575817598, 0.000102180136309, 0.000651012756862, 0.000192438354134, 0.000187333105714, 2.52606005233e-05, 2.92133627227e-05, 4.9077476433e-05, 9.97472088784e-05, 3.36013799824e-05, 2.88932133117e-05, 4.40027724835e-05, 9.02396059246e-05, 2.27562450164e-05, 1.75271725311e-05, 0.000114385380584, 0.000137401919346, 0.000140112868394, 0.000140513700899, 0.000159632254508, 0.000159720380907, 9.49905370362e-05, 6.01877800364e-05, 7.36647853046e-05, 3.77497053705e-05, 2.81925695162e-05, 1.45841622725e-05, 3.79971311304e-06, 1.13729811346e-05, 1.63704135048e-06, 8.14486497802e-07, 4.40749545305e-07, 4.82550923664e-08, 2.68842335061e-08, 2.84332077882e-08, 2.67339341775e-08, 1.31313351304e-08, 1.59389479393e-08, 3.64593977231e-09],
        "min": [9.02836291061e-06, 2.04498282983e-05, 9.02458396013e-06, 3.00811589113e-05, 1.66779500432e-05, 5.22585241924e-06, 3.18662887366e-06, 2.48855917562e-06, 3.85587372875e-06, 1.9377607714e-06, 5.43692010524e-07, 9.80802269623e-07, 1.00579018181e-06, 4.42043301518e-06, 1.46101604059e-06, 1.3843510942e-06, 2.94478718388e-06, 2.97027463603e-06, 3.47627383235e-06, 2.63634206021e-06, 3.44478962688e-06, 1.96568680622e-06, 5.45365855942e-06, 9.97006281978e-07, 1.43759984894e-06, 8.31732108963e-07, 5.82838708851e-07, 3.34182686856e-07, 3.44875587643e-07, 6.26899293366e-07, 6.18729458779e-08, 3.13600381219e-08, 1.68117306742e-08, 1.2039895303e-08, 7.84222464745e-09, 7.72878028243e-09, 6.07884631521e-09, 3.66743169167e-09, 1.44014267178e-09, 4.14100698176e-10],
        "var": [2.45667820309e-07, 7.15009065289e-08, 8.61606253011e-08, 4.49457530749e-07, 2.66190802733e-08, 2.65624713336e-08, 2.93187540912e-09, 4.82860462725e-09, 7.61441754094e-09, 1.32904913741e-08, 2.29269048191e-08, 2.74618061624e-09, 1.16453258148e-09, 7.90357024272e-09, 3.70131453264e-10, 1.43311001954e-10, 1.64319295948e-08, 1.19221867934e-08, 7.0023089549e-09, 6.12874817563e-09, 7.08438019359e-09, 7.30050642161e-09, 3.49051942905e-09, 1.53599244435e-09, 1.60918744996e-09, 3.59501012293e-10, 1.33064698149e-10, 3.87359450071e-11, 3.76811862962e-12, 2.76155043277e-10, 1.04346034851e-12, 1.04479164036e-12, 2.98390272994e-13, 8.17180202765e-15, 3.38074222065e-16, 5.1798902285e-16, 5.72795230911e-16, 1.5568945997e-16, 8.95644565144e-17, 1.64680724632e-17]
    },
    "mfcc": {
        "mean": [-624.675415039, 144.323974609, -84.4822692871, 65.211555481, 8.86845970154, 5.31579828262, 1.39928364754, -0.74115562439, 9.69724273682, -0.18034774065, -5.68247747421, -3.48130679131, -7.8867855072],
        "cov": [[253.280944824, -20.1913967133, -46.8670310974, -36.46824646, -17.2760829926, -31.6992778778, -13.5633535385, 15.0354290009, -7.22911787033, 1.66628718376, 8.55991458893, -5.46144866943, 7.31387662888], [-20.1913967133, 85.7606964111, 20.4110183716, 25.5995044708, -18.3515300751, 11.8960151672, 9.26901245117, -5.23617982864, 6.11789464951, 7.27600049973, -14.7373132706, -3.30394005775, -5.59463310242], [-46.8670310974, 20.4110183716, 100.540985107, 40.0662384033, -3.09566378593, 12.6103572845, -0.517186760902, -1.1769374609, 7.87437486649, 1.66113495827, -0.3672298491, 6.78522253036, 3.68276119232], [-36.46824646, 25.5995044708, 40.0662384033, 100.014938354, 11.8269147873, 31.7942485809, 7.02667236328, -14.9027748108, 13.4501819611, -8.73442554474, -7.62948608398, -0.27218568325, -6.76617288589], [-17.2760829926, -18.3515300751, -3.09566378593, 11.8269147873, 57.5820541382, -2.85629940033, -0.0468261130154, -13.3877916336, -25.289806366, -7.08721590042, 3.84922242165, 3.64898920059, 9.8749256134], [-31.6992778778, 11.8960151672, 12.6103572845, 31.7942485809, -2.85629940033, 82.9421691895, 24.4035568237, -8.10699176788, 11.1277227402, -7.25142431259, 4.59496831894, -8.67708015442, -11.5687761307], [-13.5633535385, 9.26901245117, -0.517186760902, 7.02667236328, -0.0468261130154, 24.4035568237, 42.8496589661, 11.1770458221, 10.4990768433, -2.37481498718, -9.59983158112, 4.96432447433, -7.60683727264], [15.0354290009, -5.23617982864, -1.1769374609, -14.9027748108, -13.3877916336, -8.10699176788, 11.1770458221, 56.6212348938, 16.1884670258, 16.4143772125, -2.15096402168, 4.81376838684, 9.77928161621], [-7.22911787033, 6.11789464951, 7.87437486649, 13.4501819611, -25.289806366, 11.1277227402, 10.4990768433, 16.1884670258, 63.0695953369, 18.3135871887, 3.35770153999, 2.32332205772, -12.396853447], [1.66628718376, 7.27600049973, 1.66113495827, -8.73442554474, -7.08721590042, -7.25142431259, -2.37481498718, 16.4143772125, 18.3135871887, 47.8122138977, 14.1387548447, 10.3249483109, -1.17837977409], [8.55991458893, -14.7373132706, -0.3672298491, -7.62948608398, 3.84922242165, 4.59496831894, -9.59983158112, -2.15096402168, 3.35770153999, 14.1387548447, 41.6292114258, 10.9746360779, 12.7395477295], [-5.46144866943, -3.30394005775, 6.78522253036, -0.27218568325, 3.64898920059, -8.67708015442, 4.96432447433, 4.81376838684, 2.32332205772, 10.3249483109, 10.9746360779, 34.331653595, 15.0926933289], [7.31387662888, -5.59463310242, 3.68276119232, -6.76617288589, 9.8749256134, -11.5687761307, -7.60683727264, 9.77928161621, -12.396853447, -1.17837977409, 12.7395477295, 15.0926933289, 46.4145088196]],
