{
"lowlevel": {
    "average_loudness": 0.988244593143,
    "barkbands_crest": {
        "dmean": 2.05741405487,
        "dmean2": 3.31870508194,
        "dvar": 2.86685729027,
        "dvar2": 6.47526025772,
        "max": 17.480802536,
        "mean": 8.51541233063,
        "median": 7.97961044312,
        "min": 3.26686787605,
        "var": 10.0952444077
    },
    "barkbands_flatness_db": {
        "dmean": 0.0110761374235,
        "dmean2": 0.0168891493231,
        "dvar": 8.25452734716e-05,
        "dvar2": 0.000192830790184,
        "max": 0.210813775659,
        "mean": 0.151788681746,
        "median": 0.150839611888,
        "min": 0.0657729357481,
        "var": 0.000361684156815
    },
    "barkbands_kurtosis": {
        "dmean": 0.410391032696,
        "dmean2": 0.642746567726,
        "dvar": 0.207551598549,
        "dvar2": 0.496185928583,
        "max": 3.73466110229,
        "mean": -0.947309195995,
        "median": -1.15017688274,
        "min": -1.7453738451,
        "var": 0.471149742603
    },
    "barkbands_skewness": {
        "dmean": 0.29170268774,
        "dmean2": 0.442294567823,
        "dvar": 0.0539239235222,
        "dvar2": 0.117533564568,
        "max": 1.5489667654,
        "mean": -0.0467738322914,
        "median": -0.0714467391372,
        "min": -1.5418163538,
        "var": 0.310091048479
    },
    "barkbands_spread": {
        "dmean": 3.65435552597,
        "dmean2": 6.05859518051,
        "dvar": 10.1520366669,
        "dvar2": 25.2194442749,
        "max": 45.0490455627,
        "mean": 26.8061504364,
        "median": 26.9619026184,
        "min": 10.5468931198,
        "var": 26.8448295593
    },
    "dissonance": {
        "dmean": 0.00820193160325,
        "dmean2": 0.0136855980381,
        "dvar": 0.000111053537694,
        "dvar2": 0.000206727869227,
        "max": 0.49902138114,
        "mean": 0.483940601349,
        "median": 0.486769407988,
        "min": 0.35523340106,
        "var": 0.000140637464938
    },
    "dynamic_complexity": 0.530228674412,
    "erbbands_crest": {
        "dmean": 1.67623889446,
        "dmean2": 2.88269543648,
        "dvar": 1.95134663582,
        "dvar2": 5.01957798004,
        "max": 14.4415283203,
        "mean": 7.76423883438,
        "median": 7.34502840042,
        "min": 4.18665218353,
        "var": 4.59765768051
    },
    "erbbands_flatness_db": {
        "dmean": 0.0100623462349,
        "dmean2": 0.0163450855762,
        "dvar": 6.28465350019e-05,
        "dvar2": 0.000143412893522,
        "max": 0.294082701206,
        "mean": 0.240827336907,
        "median": 0.240206778049,
        "min": 0.172034159303,
        "var": 0.000240569119342
    },
    "erbbands_kurtosis": {
        "dmean": 0.859126150608,
        "dmean2": 1.35201370716,
        "dvar": 0.516422331333,
        "dvar2": 1.32642960548,
        "max": 5.71866226196,
        "mean": 1.05079960823,
        "median": 0.84109210968,
        "min": -1.40085470676,
        "var": 2.11056303978
    },
    "erbbands_skewness": {
        "dmean": 0.270621925592,
        "dmean2": 0.418332159519,
        "dvar": 0.0491518191993,
        "dvar2": 0.119442559779,
        "max": 0.289923548698,
        "mean": -0.89109069109,
        "median": -0.90696811676,
        "min": -1.73088145256,
        "var": 0.128007933497
    },
    "erbbands_spread": {
        "dmean": 4.3856883049,
        "dmean2": 6.76031208038,
        "dvar": 12.9327421188,
        "dvar2": 29.995306015,
        "max": 49.6722145081,
        "mean": 24.6333560944,
        "median": 23.1938915253,
        "min": 7.28133821487,
        "var": 72.855796814
    },
    "hfc": {
        "dmean": 6.12611246109,
        "dmean2": 9.57468414307,
        "dvar": 42.0856399536,
        "dvar2": 87.8022079468,
        "max": 90.7554016113,
        "mean": 40.2992286682,
        "median": 39.807926178,
        "min": 1.28639924526,
        "var": 116.089881897
    },
    "melbands_crest": {
        "dmean": 3.12232160568,
        "dmean2": 4.94855070114,
        "dvar": 7.72162342072,
        "dvar2": 17.3618183136,
        "max": 27.7615776062,
        "mean": 12.4278783798,
        "median": 11.4182672501,
        "min": 3.66782689095,
        "var": 30.5529556274
    },
    "melbands_flatness_db": {
        "dmean": 0.0127840284258,
        "dmean2": 0.0181781835854,
        "dvar": 0.00010645675502,
        "dvar2": 0.000250050856266,
        "max": 0.252041041851,
        "mean": 0.176260665059,
        "median": 0.175578728318,
        "min": 0.0961475744843,
        "var": 0.000617808604147
    },
    "melbands_kurtosis": {
        "dmean": 0.817304551601,
        "dmean2": 1.25300383568,
        "dvar": 0.879531562328,
        "dvar2": 2.04282736778,
        "max": 8.49607276917,
        "mean": 0.0436849594116,
        "median": -0.57643699646,
        "min": -1.59631538391,
        "var": 2.70209646225
    },
    "melbands_skewness": {
        "dmean": 0.362011998892,
        "dmean2": 0.552224993706,
        "dvar": 0.0814563259482,
        "dvar2": 0.179291501641,
        "max": 3.04602527618,
        "mean": 0.8773650527,
        "median": 0.779901385307,
        "min": -1.01311028004,
        "var": 0.488341718912
    },
    "melbands_spread": {
        "dmean": 7.14489841461,
        "dmean2": 11.1829662323,
        "dvar": 40.8597412109,
        "dvar2": 102.388160706,
        "max": 96.4672241211,
        "mean": 48.2821426392,
        "median": 48.4847068787,
        "min": 19.5248184204,
        "var": 139.944519043
    },
    "pitch_salience": {
        "dmean": 0.0462929271162,
        "dmean2": 0.072251804173,
        "dvar": 0.00138390017673,
        "dvar2": 0.00315775861964,
        "max": 0.830417752266,
        "mean": 0.554658234119,
        "median": 0.552977383137,
        "min": 0.369890630245,
        "var": 0.00458463514224
    },
    "silence_rate_20dB": {
        "dmean": 0,
        "dmean2": 0,
        "dvar": 0,
        "dvar2": 0,
        "max": 1,
        "mean": 1,
        "median": 1,
        "min": 1,
        "var": 0
    },
    "silence_rate_30dB": {
        "dmean": 0,
        "dmean2": 0,
        "dvar": 0,
        "dvar2": 0,
        "max": 1,
        "mean": 1,
        "median": 1,
        "min": 1,
        "var": 0
    },
    "silence_rate_60dB": {
        "dmean": 0,
        "dmean2": 0,
        "dvar": 0,
        "dvar2": 0,
        "max": 0,
        "mean": 0,
        "median": 0,
        "min": 0,
        "var": 0
    },
    "spectral_centroid": {
        "dmean": 187.497207642,
        "dmean2": 280.664276123,
        "dvar": 23388.8945312,
        "dvar2": 56865.8203125,
        "max": 3308.546875,
        "mean": 2011.52075195,
        "median": 1993.96789551,
        "min": 1137.47631836,
        "var": 119703.945312
    },
    "spectral_complexity": {
        "dmean": 3.75333333015,
        "dmean2": 6.21404695511,
        "dvar": 11.739156723,
        "dvar2": 24.6699142456,
        "max": 47,
        "mean": 35.9568099976,
        "median": 36,
        "min": 2,
        "var": 23.1576004028
    },
    "spectral_decrease": {
        "dmean": 9.91207560475e-10,
        "dmean2": 1.589076426e-09,
        "dvar": 7.52140545141e-19,
        "dvar2": 1.69341645433e-18,
        "max": -2.04269545723e-10,
        "mean": -6.95557167418e-09,
        "median": -6.98838853452e-09,
        "min": -9.90762760722e-09,
        "var": 1.52153638805e-18
    },
    "spectral_energy": {
        "dmean": 0.00411516381428,
        "dmean2": 0.00656662974507,
        "dvar": 1.35112550197e-05,
        "dvar2": 3.03544475173e-05,
        "max": 0.0406966097653,
        "mean": 0.0299071576446,
        "median": 0.0300586540252,
        "min": 0.00088763947133,
        "var": 2.59892403847e-05
    },
    "spectral_energyband_high": {
        "dmean": 0.000352698203642,
        "dmean2": 0.000546696479432,
        "dvar": 5.05579237142e-07,
        "dvar2": 1.27286307361e-06,
        "max": 0.0080356169492,
        "mean": 0.000842487614136,
        "median": 0.00044890816207,
        "min": 2.81941429421e-05,
        "var": 1.45627132042e-06
    },
    "spectral_energyband_low": {
        "dmean": 0.000799675879534,
        "dmean2": 0.00150525406934,
        "dvar": 5.21680021848e-07,
        "dvar2": 1.70423425061e-06,
        "max": 0.00498959841207,
        "mean": 0.00123780220747,
        "median": 0.000974723137915,
        "min": 4.52583226433e-05,
        "var": 7.6370372426e-07
    },
    "spectral_energyband_middle_high": {
        "dmean": 0.00301133724861,
        "dmean2": 0.00470946123824,
        "dvar": 6.67105950924e-06,
        "dvar2": 1.60408289958e-05,
        "max": 0.0329187810421,
        "mean": 0.0160545501858,
        "median": 0.0157051514834,
        "min": 0.000484282441903,
        "var": 2.7038877306e-05
    },
    "spectral_energyband_middle_low": {
        "dmean": 0.00320707145147,
        "dmean2": 0.00508786411956,
        "dvar": 7.27826272851e-06,
        "dvar2": 1.66370482475e-05,
        "max": 0.0273509472609,
        "mean": 0.011909593828,
        "median": 0.0115596009418,
        "min": 0.000348787201801,
        "var": 2.92638505925e-05
    },
    "spectral_entropy": {
        "dmean": 0.0583268105984,
        "dmean2": 0.089919872582,
        "dvar": 0.00409452896565,
        "dvar2": 0.00665946071967,
        "max": 8.44504165649,
        "mean": 7.48481845856,
        "median": 7.48270225525,
        "min": 7.13781929016,
        "var": 0.0104799512774
    },
    "spectral_flux": {
        "dmean": 0.0108312899247,
        "dmean2": 0.017698764801,
        "dvar": 9.2751266493e-05,
        "dvar2": 0.000202645329409,
        "max": 0.167533755302,
        "mean": 0.0859475135803,
        "median": 0.0830345228314,
        "min": 0.0561889670789,
        "var": 0.000292848882964
    },
    "spectral_kurtosis": {
        "dmean": 3.39222097397,
        "dmean2": 6.02990722656,
        "dvar": 8.06927967072,
        "dvar2": 22.2721118927,
        "max": 24.0793914795,
        "mean": 5.64441871643,
        "median": 4.85124444962,
        "min": 1.00260162354,
        "var": 11.0896568298
    },
    "spectral_rms": {
        "dmean": 0.000382274971344,
        "dmean2": 0.000606555724517,
        "dvar": 1.61351493944e-07,
        "dvar2": 3.02743501379e-07,
        "max": 0.00630111154169,
        "mean": 0.00537717249244,
        "median": 0.00541530409828,
        "min": 0.000930585665628,
        "var": 2.63730896677e-07
    },
    "spectral_rolloff": {
        "dmean": 284.66885376,
        "dmean2": 471.714141846,
        "dvar": 127365.570312,
        "dvar2": 354609.40625,
        "max": 4909.5703125,
        "mean": 2485.54589844,
        "median": 2390.18554688,
        "min": 1614.99023438,
        "var": 316625.90625
    },
    "spectral_skewness": {
        "dmean": 0.323163837194,
        "dmean2": 0.565583467484,
        "dvar": 0.0817666575313,
        "dvar2": 0.222757965326,
        "max": 3.56343150139,
        "mean": 0.919967591763,
        "median": 0.839637696743,
        "min": 0.288869559765,
        "var": 0.128031879663
    },
    "spectral_spread": {
        "dmean": 185480.03125,
        "dmean2": 266111.34375,
        "dvar": 399379202048,
        "dvar2": 283341750272,
        "max": 15009791,
        "mean": 2249609.5,
        "median": 2188567,
        "min": 1780668.125,
        "var": 595108757504
    },
    "spectral_strongpeak": {
        "dmean": 1.22552728653,
        "dmean2": 2.06847667694,
        "dvar": 3.6615884304,
        "dvar2": 8.39947605133,
        "max": 13.8154067993,
        "mean": 2.69078159332,
        "median": 1.11590826511,
        "min": 0.0177873056382,
        "var": 7.48896074295
    },
    "zerocrossingrate": {
        "dmean": 0.00605143234134,
        "dmean2": 0.0073552466929,
        "dvar": 3.89731649193e-05,
        "dvar2": 4.39613504568e-05,
        "max": 0.13720703125,
        "mean": 0.0761296972632,
        "median": 0.07568359375,
        "min": 0.0234375,
        "var": 0.000218776243855
    },
    "barkbands": {
        "dmean": [2.31840404012e-05, 0.000610836374108, 0.000317327096127, 0.000115157214168, 0.00286623113789, 0.00108301872388, 0.000282160792267, 0.000253825593973, 0.00110412319191, 0.000406499399105, 0.000226058531553, 0.000699328025803, 9.87768580671e-05, 0.00188185158186, 0.000760984199587, 0.0011120182462, 0.000881252868567, 0.000374289782485, 0.000427542487159, 0.000202109236852, 0.000316934194416, 2.62288813246e-05, 1.05545427687e-06, 1.02680724012e-06, 7.25265635992e-07, 1.09888361521e-07, 5.78870711365e-08],
        "dmean2": [4.16744878748e-05, 0.00113904348109, 0.000606747576967, 0.000197639805265, 0.00440090289339, 0.00144982046913, 0.00041872044676, 0.000429921521572, 0.00188112573233, 0.000653633149341, 0.000392898888094, 0.00107897608541, 0.00015389957116, 0.00284799933434, 0.00119448581245, 0.0018523123581, 0.00148988701403, 0.000620411359705, 0.000703050347511, 0.000338318728609, 0.000498795998283, 4.30301843153e-05, 1.65488484072e-06, 1.5896438299e-06, 1.00611305243e-06, 1.49382699988e-07, 6.13197954635e-08],
        "dvar": [4.65586957876e-10, 3.51756995087e-07, 1.02585111961e-07, 1.87153172959e-08, 6.88423870088e-06, 1.67537757534e-06, 4.25513661639e-07, 2.44349394052e-07, 1.53067321662e-06, 1.0983434322e-06, 1.65272922459e-07, 5.8013938542e-07, 2.07790975537e-08, 3.20328422276e-06, 7.34831246518e-07, 1.53459598096e-06, 6.63726211769e-07, 9.77808056746e-08, 1.30036880819e-07, 3.49376954034e-08, 4.77206754113e-07, 6.07349415205e-09, 2.96277195486e-12, 2.42496626078e-12, 1.51293550171e-12, 7.82158517641e-13, 8.10860005442e-13],
        "dvar2": [1.4066874332e-09, 1.08571612145e-06, 3.76405296265e-07, 5.07028161678e-08, 1.51028534674e-05, 3.07201798933e-06, 7.67827657455e-07, 6.454852155e-07, 3.53627046934e-06, 2.63949618784e-06, 4.07376546718e-07, 1.42026044614e-06, 4.52534258955e-08, 6.85140003043e-06, 1.74688568677e-06, 4.45866589871e-06, 1.74912850071e-06, 2.52752471397e-07, 3.53147328269e-07, 9.34494295279e-08, 1.2130091136e-06, 1.54880250847e-08, 4.54398411259e-12, 5.52292543296e-12, 2.05022760921e-12, 7.84234439541e-13, 8.11918240973e-13],
        "max": [0.000205176009331, 0.00323719345033, 0.00203674170189, 0.00131684378721, 0.0261294730008, 0.00949585344642, 0.00890389177948, 0.0062365969643, 0.0103277405724, 0.0104898782447, 0.00537735968828, 0.00749234762043, 0.00271214963868, 0.0213317684829, 0.00764947012067, 0.0119149945676, 0.00738542573527, 0.00264753703959, 0.00287284003571, 0.00192427204456, 0.00717541296035, 0.00109568145126, 2.71853550657e-05, 1.69098384504e-05, 2.00868926186e-05, 1.57193644554e-05, 1.57005943038e-05],
        "mean": [4.70826707897e-05, 0.000822694681119, 0.000320085906424, 0.000143108060001, 0.0072275782004, 0.00202208990231, 0.000358895893442, 0.000332871888531, 0.0016336934641, 0.00050221348647, 0.000347064429661, 0.00120480603073, 0.000237189611653, 0.00525172101334, 0.00185570877511, 0.00226359744556, 0.00210619298741, 0.000902586791199, 0.00111594656482, 0.000500662834384, 0.000655763375107, 4.79145201098e-05, 2.55286749962e-06, 2.36328469327e-06, 2.41309930971e-06, 3.12425754601e-07, 8.25572143981e-08],
        "median": [3.62571518053e-05, 0.000595105637331, 0.000218108965782, 9.36899305088e-05, 0.00635323207825, 0.00125779665541, 0.000134805450216, 0.000208526747883, 0.00108900130726, 0.000249024276854, 0.000232712220168, 0.000759539951105, 0.000127246312331, 0.00408352632076, 0.00148527731653, 0.00188926595729, 0.00184937973972, 0.000805929943454, 0.00103117874824, 0.000458358816104, 0.000264416827122, 2.97195638268e-05, 2.13085127143e-06, 1.5478927935e-06, 1.63218805938e-06, 2.4444878477e-07, 2.80408425368e-08],
        "min": [3.00807050735e-06, 1.05874405563e-05, 8.86443558556e-06, 3.43661213265e-07, 0.000141728320159, 3.5179346014e-05, 4.96836673847e-06, 1.92426359718e-05, 5.31748155481e-05, 2.0224486434e-05, 8.5577066784e-06, 3.04470868286e-05, 7.8017155829e-06, 3.48926041625e-05, 5.74001096538e-05, 0.000164527446032, 9.04298358364e-05, 4.07540283049e-05, 2.01746406674e-05, 7.67668643675e-06, 2.24351533689e-05, 3.67877896679e-06, 8.33457391991e-08, 5.21236529494e-08, 6.99842104268e-08, 9.39796684918e-09, 4.22493551255e-09],
        "var": [1.25969690234e-09, 4.65493343427e-07, 1.00176094975e-07, 2.30381225208e-08, 2.59124062723e-05, 4.11799919675e-06, 7.93272249666e-07, 2.93622804293e-07, 2.22877702072e-06, 1.14717101951e-06, 2.49602607028e-07, 1.62768981227e-06, 1.19477732596e-07, 1.76316334546e-05, 1.79380924692e-06, 2.05510036722e-06, 1.06222614704e-06, 1.79468642614e-07, 2.1721554333e-07, 5.26313392868e-08, 1.38480220357e-06, 7.98254085055e-09, 4.04044376082e-12, 4.88001045823e-12, 5.09298072465e-12, 8.01981473852e-13, 8.13197870587e-13]
    },
    "erbbands": {
        "dmean": [0.0212785005569, 0.141446098685, 0.373742192984, 0.288243561983, 4.08449316025, 14.8748645782, 3.90802001953, 10.9287281036, 2.38738632202, 5.08877515793, 7.55064678192, 31.2655830383, 13.1982288361, 9.90640926361, 12.1878442764, 27.1039981842, 5.15878725052, 53.9874305725, 54.3942298889, 45.4108848572, 52.7771339417, 50.3410263062, 19.159318924, 29.1040496826, 11.6515789032, 9.65055847168, 8.65131378174, 11.1614589691, 1.19195866585, 0.185433402658, 0.0352626517415, 0.0246753096581, 0.014570239, 0.0137995667756, 0.00129040249158, 0.000631325354334, 0.000162308875588, 4.39051946159e-05, 1.00712559288e-05, 5.73283068661e-06],
        "dmean2": [0.0408440940082, 0.2600697577, 0.718896090984, 0.505135178566, 6.83446311951, 21.6307353973, 5.40535306931, 14.8462972641, 3.37438440323, 7.63188409805, 12.394903183, 53.8886680603, 21.3368053436, 17.2439002991, 19.9096164703, 41.6769294739, 7.89829778671, 78.8324432373, 87.2750778198, 73.2630233765, 88.6339111328, 85.4645004272, 31.0897293091, 48.9411239624, 18.7503910065, 16.4620456696, 14.414147377, 18.3771934509, 1.92992937565, 0.305006235838, 0.057346496731, 0.0389062017202, 0.021482411772, 0.0196053870022, 0.00181664037518, 0.00091583043104, 0.000209320176509, 5.12018850714e-05, 1.18199595818e-05, 8.90775481821e-06],
        "dvar": [0.000389371067286, 0.0191740207374, 0.143173977733, 0.0677379071712, 16.5186386108, 178.488204956, 14.3698263168, 172.878311157, 26.6236438751, 120.27507782, 153.751281738, 1155.81567383, 1244.93530273, 485.412445068, 218.306594849, 903.530700684, 46.7223701477, 2514.44824219, 2495.93041992, 2434.70776367, 2997.90136719, 2415.09130859, 295.654846191, 688.586181641, 98.1409301758, 84.0447540283, 512.525268555, 632.912536621, 9.71726703644, 0.353092819452, 0.00247813155875, 0.00167534791399, 0.000536360370461, 0.000343184074154, 4.37890084868e-05, 1.22935380205e-05, 2.67171776613e-06, 3.25670754364e-07, 1.59767417074e-08, 1.53277654458e-10],
        "dvar2": [0.00130533648189, 0.0585967302322, 0.525583148003, 0.201001882553, 49.9763793945, 331.930603027, 28.2092685699, 320.581481934, 43.1273841858, 245.628479004, 387.347137451, 2769.30004883, 2679.39746094, 1095.71606445, 603.333618164, 2146.34863281, 105.209365845, 5001.05517578, 5884.00732422, 6905.93505859, 8384.61328125, 6377.73046875, 685.275085449, 1953.78674316, 237.679244995, 222.063781738, 1410.01550293, 1578.77734375, 24.4511547089, 0.969446778297, 0.00430675037205, 0.00389852840453, 0.00114913238212, 0.000607687456068, 4.38624119852e-05, 1.24737589431e-05, 2.66792062575e-06, 3.24904590343e-07, 1.60431170571e-08, 1.85189669155e-10],
        "max": [0.10282061249, 0.782540202141, 2.27603960037, 2.41072750092, 34.500919342, 131.972320557, 35.5444946289, 95.5545654297, 74.2490234375, 132.174957275, 202.022369385, 272.683624268, 378.947753906, 264.345611572, 163.017196655, 337.03036499, 134.018493652, 665.520141602, 552.699890137, 512.254455566, 495.525848389, 426.58795166, 186.509643555, 203.580078125, 101.342933655, 97.3059616089, 246.036361694, 320.32635498, 44.4045639038, 8.15117454529, 0.746445834637, 0.440857052803, 0.268865615129, 0.263239145279, 0.122707352042, 0.0635458007455, 0.0288113430142, 0.00996330939233, 0.0022239969112, 0.000241081957938],
        "mean": [0.0252469964325, 0.177590817213, 0.388383239508, 0.519402742386, 8.39516448975, 38.8293304443, 10.0098571777, 21.1820697784, 4.22703838348, 6.49068832397, 14.1808423996, 41.9245491028, 18.7820854187, 15.4923496246, 22.6676597595, 47.6323547363, 16.0954303741, 163.60319519, 170.361938477, 109.914894104, 122.816627502, 120.234352112, 54.4313011169, 70.6877365112, 38.1426734924, 24.6066684723, 17.5134811401, 24.0535240173, 2.63266134262, 0.37843516469, 0.0860943496227, 0.0601154342294, 0.0375186763704, 0.0447571128607, 0.00428541004658, 0.00206313678063, 0.000387133448385, 6.63045138936e-05, 3.04221848637e-05, 3.96845971409e-05],
        "median": [0.0168557949364, 0.118142344058, 0.296346396208, 0.448754668236, 6.79678726196, 34.3202018738, 8.30188179016, 13.4329900742, 2.53164315224, 2.71987247467, 9.90156555176, 27.6532421112, 10.2524013519, 9.12270069122, 16.9687995911, 28.1921768188, 11.1910762787, 125.283843994, 140.954925537, 98.1121902466, 105.587623596, 104.104095459, 49.4051742554, 65.1138153076, 35.9774932861, 22.5833454132, 9.42410564423, 9.64854049683, 1.53419828415, 0.247485667467, 0.0737326070666, 0.0444776602089, 0.0216998327523, 0.0308081340045, 0.00370517210104, 0.00175191171002, 0.000272975186817, 2.99399580399e-05, 2.2842137696e-05, 3.91387729906e-05],
        "min": [0.00037257373333, 0.00236549112014, 0.0147937620059, 0.0757425799966, 0.300478905439, 0.529249370098, 0.484566241503, 0.336038947105, 0.0866793096066, 0.230670467019, 0.571146249771, 1.07691192627, 1.69518971443, 0.36438074708, 0.883001029491, 0.973147213459, 0.434007018805, 1.26907444, 1.92455482483, 5.51097583771, 9.83268642426, 4.30008077621, 1.74280273914, 2.2395169735, 0.622860610485, 0.438421070576, 0.631194472313, 0.805219888687, 0.183006122708, 0.0155158862472, 0.00339696020819, 0.00126159435604, 0.00115312170237, 0.00123631919269, 0.000157049129484, 5.44966751477e-05, 1.65212932188e-05, 4.0895215534e-06, 1.3021463019e-06, 1.21183018109e-06],
        "var": [0.000480109563796, 0.0245250873268, 0.129408463836, 0.0897842943668, 40.2033729553, 748.052490234, 46.0935783386, 433.941894531, 55.4093704224, 178.532775879, 294.147186279, 1578.7923584, 1437.58105469, 641.747131348, 354.513793945, 2770.32617188, 295.222351074, 16267.9316406, 10877.9414062, 4002.0871582, 4573.85986328, 3647.33764648, 576.098205566, 989.821655273, 195.116531372, 126.19078064, 789.53314209, 1822.73791504, 14.3607912064, 0.432807505131, 0.00366794434376, 0.00261612865143, 0.00151888525579, 0.00162357755471, 4.92308936373e-05, 1.31054475787e-05, 2.70650980383e-06, 3.26712239485e-07, 1.60554964879e-08, 1.77155942693e-10]
    },
    "gfcc": {
        "mean": [1.44018042088, 127.930961609, -191.46697998, 46.7085266113, -32.4187736511, -16.6618709564, -33.4573898315, -9.33188915253, -23.7522945404, -2.56326031685, -16.9006843567, -11.7556095123, 11.7694358826],
        "cov": [[224.27192688, -40.4920158386, -15.2760124207, 12.5991077423, -15.9612789154, 43.3067855835, 37.2092590332, 21.538892746, 11.8112154007, 25.12018013, 9.52961540222, 16.1369838715, 1.89040160179], [-40.4920158386, 137.997589111, 33.1645050049, -22.1352214813, 23.5610561371, -37.8762016296, -13.9466362, 6.81920480728, 3.10447001457, -8.43039703369, 23.1347064972, 8.17834186554, -15.1913814545], [-15.2760124207, 33.1645050049, 69.8955307007, 28.1252441406, -2.17091727257, -25.1793937683, -37.6684684753, 5.97469902039, 5.52421140671, -5.17186927795, 8.63958072662, 4.54496431351, 2.27310562134], [12.5991077423, -22.1352214813, 28.1252441406, 84.8464584351, 10.5006685257, -6.2940955162, -17.0511436462, -19.7638969421, -3.88768029213, 0.515473008156, -6.31991291046, 4.53667259216, 16.0154018402], [-15.9612789154, 23.5610561371, -2.17091727257, 10.5006685257, 112.838134766, 37.6489486694, 26.2091236115, -6.43430900574, -6.06494855881, 20.3075866699, 13.1041107178, 12.532708168, -30.3176212311], [43.3067855835, -37.8762016296, -25.1793937683, -6.2940955162, 37.6489486694, 86.9771118164, 62.404712677, 11.7349901199, 7.22648859024, 16.3226661682, -3.31372070312, 8.50679206848, -14.207028389], [37.2092590332, -13.9466362, -37.6684684753, -17.0511436462, 26.2091236115, 62.404712677, 110.338699341, 33.2724342346, 8.57504844666, 14.4429883957, -20.5207710266, 18.8174209595, -15.987654686], [21.538892746, 6.81920480728, 5.97469902039, -19.7638969421, -6.43430900574, 11.7349901199, 33.2724342346, 84.3762130737, 35.856300354, 14.1913642883, 1.36154532433, -0.475924015045, -4.74270200729], [11.8112154007, 3.10447001457, 5.52421140671, -3.88768029213, -6.06494855881, 7.22648859024, 8.57504844666, 35.856300354, 44.9924926758, 24.2669181824, 1.58801794052, -4.29630327225, -10.8730278015], [25.12018013, -8.43039703369, -5.17186927795, 0.515473008156, 20.3075866699, 16.3226661682, 14.4429883957, 14.1913642883, 24.2669181824, 53.4547767639, 20.6408653259, 5.48670959473, -15.3699789047], [9.52961540222, 23.1347064972, 8.63958072662, -6.31991291046, 13.1041107178, -3.31372070312, -20.5207710266, 1.36154532433, 1.58801794052, 20.6408653259, 52.017829895, 20.1533164978, -8.83597278595], [16.1369838715, 8.17834186554, 4.54496431351, 4.53667259216, 12.532708168, 8.50679206848, 18.8174209595, -0.475924015045, -4.29630327225, 5.48670959473, 20.1533164978, 52.3746910095, -1.56494760513], [1.89040160179, -15.1913814545, 2.27310562134, 16.0154018402, -30.3176212311, -14.207028389, -15.987654686, -4.74270200729, -10.8730278015, -15.3699789047, -8.83597278595, -1.56494760513, 46.6321868896]],
        "icov": [[0.0060472143814, -0.000408983352827, 0.00138865690678, -0.00257348967716, 0.00335239409469, -0.00384592008777, 0.000355119002052, -0.00199762289412, 0.00225270469673, -0.00280805444345, -0.000703900528606, -0.00124680669978, 0.000788688776083], [-0.000408983352827, 0.017465993762, -0.0108389640227, 0.00794908218086, -0.00846896227449, 0.014473374933, -0.0126284947619, 0.00658377539366, -0.0111624626443, 0.011345366016, -0.013531960547, 0.00495121721178, -0.00251297582872], [0.00138865690678, -0.0108389640227, 0.0322287902236, -0.0139190610498, 0.00495552876964, -0.00849225185812, 0.0190995559096, -0.01288165804, 0.00639639887959, -0.00378016708419, 0.0099457455799, -0.00980046857148, 0.00729581108317], [-0.00257348967716, 0.00794908218086, -0.0139190610498, 0.0231163147837, -0.00867917388678, 0.00747207785025, -0.00556955859065, 0.00968281831592, -0.00857482571155, 0.00177645450458, -0.00014054129133, 0.000566892966162, -0.0102791097015], [0.00335239409469, -0.00846896227449, 0.00495552876964, -0.00867917388678, 0.0204852242023, -0.0139699596912, 0.00629811873659, -0.00533176865429, 0.0145931355655, -0.0111971870065, 0.00512535497546, -0.00360370753333, 0.0110858865082], [-0.00384592008777, 0.014473374933, -0.00849225185812, 0.00747207785025, -0.0139699596912, 0.0372793897986, -0.0255369544029, 0.0109745236114, -0.0167290214449, 0.0127770965919, -0.0168978944421, 0.00921244546771, -0.00522731430829], [0.000355119002052, -0.0126284947619, 0.0190995559096, -0.00556955859065, 0.00629811873659, -0.0255369544029, 0.0445148795843, -0.0207867994905, 0.0200252719223, -0.0180565658957, 0.0334244929254, -0.02186364308, 0.0106329824775], [-0.00199762289412, 0.00658377539366, -0.01288165804, 0.00968281831592, -0.00533176865429, 0.0109745236114, -0.0207867994905, 0.0309040676802, -0.0277802776545, 0.0113954562694, -0.0151079501957, 0.00915541499853, -0.00985516607761], [0.00225270469673, -0.0111624626443, 0.00639639887959, -0.00857482571155, 0.0145931355655, -0.0167290214449, 0.0200252719223, -0.0277802776545, 0.0641723871231, -0.0334241092205, 0.0227766633034, -0.00652457727119, 0.0153796039522], [-0.00280805444345, 0.011345366016, -0.00378016708419, 0.00177645450458, -0.0111971870065, 0.0127770965919, -0.0180565658957, 0.0113954562694, -0.0334241092205, 0.0487872548401, -0.0300952754915, 0.0101274931803, -0.00211048265919], [-0.000703900528606, -0.013531960547, 0.0099457455799, -0.00014054129133, 0.00512535497546, -0.0168978944421, 0.0334244929254, -0.0151079501957, 0.0227766633034, -0.0300952754915, 0.0577575303614, -0.0260910503566, 0.00875042472035], [-0.00124680669978, 0.00495121721178, -0.00980046857148, 0.000566892966162, -0.00360370753333, 0.00921244546771, -0.02186364308, 0.00915541499853, -0.00652457727119, 0.0101274931803, -0.0260910503566, 0.0350711047649, -0.00610453868285], [0.000788688776083, -0.00251297582872, 0.00729581108317, -0.0102791097015, 0.0110858865082, -0.00522731430829, 0.0106329824775, -0.00985516607761, 0.0153796039522, -0.00211048265919, 0.00875042472035, -0.00610453868285, 0.0363700054586]]
    },
    "melbands": {
        "dmean": [0.000173271429958, 0.000181215102202, 8.53259116411e-05, 0.000784774427302, 0.000196577573661, 0.00022813990654, 4.39676405222e-05, 5.04422860104e-05, 8.36758772493e-05, 0.00019437604351, 6.09430790064e-05, 4.24518329964e-05, 3.52925708285e-05, 0.000101184305095, 1.59584578796e-05, 1.43362349263e-05, 0.000137704191729, 0.000127673280076, 7.48402235331e-05, 6.42954692012e-05, 7.42863194318e-05, 5.57969578949e-05, 3.0842529668e-05, 1.73188454937e-05, 2.79712621705e-05, 1.12569459816e-05, 9.60058878263e-06, 5.62701552553e-06, 2.49970980803e-06, 1.40630518217e-05, 4.37629842054e-06, 7.39476774925e-07, 2.97651183701e-07, 3.85818275106e-08, 2.08112229672e-08, 1.60271866889e-08, 1.65722706669e-08, 1.0331978828e-08, 1.50549368527e-08, 1.06483692974e-08],
        "dmean2": [0.000320915190969, 0.000340050988598, 0.000149684259668, 0.00120355049148, 0.000285464746412, 0.0003074358101, 6.29221394775e-05, 7.73977299104e-05, 0.000132435190608, 0.00033375795465, 9.75468719844e-05, 7.28331506252e-05, 5.90182717133e-05, 0.000156020498252, 2.58330437646e-05, 2.29087490879e-05, 0.000202098119189, 0.000201906237635, 0.000118725496577, 0.000106532199425, 0.000126783823362, 9.39645251492e-05, 5.11364123668e-05, 2.87258189928e-05, 4.74465887237e-05, 1.84108012036e-05, 1.58619386639e-05, 9.5920113381e-06, 4.25776215707e-06, 2.27555028687e-05, 7.35343019187e-06, 1.19350931982e-06, 5.01730596625e-07, 5.95734164222e-08, 3.45910642352e-08, 2.58740779913e-08, 2.63533816991e-08, 1.59808628553e-08, 2.05746211179e-08, 1.60694053619e-08],
        "dvar": [2.76794374088e-08, 3.03425089498e-08, 6.84808654228e-09, 5.1807711543e-07, 3.05284153512e-08, 7.48997237565e-08, 1.09065334541e-08, 1.23778978178e-08, 1.63138604847e-08, 4.28210356063e-08, 3.10365528833e-08, 9.04687968983e-09, 3.24596571843e-09, 1.22435386274e-08, 3.39364564228e-10, 4.01896710356e-10, 1.67141607221e-08, 1.37997027139e-08, 6.50435838523e-09, 7.00493707484e-09, 6.44633102453e-09, 2.85091883434e-09, 7.51188222736e-10, 2.24605570254e-10, 6.60806520614e-10, 8.59925741725e-11, 8.47399858617e-11, 2.87370335861e-11, 2.43254652532e-11, 1.14252418637e-09, 1.04634544085e-10, 3.98806682123e-12, 1.3502991043e-12, 5.61615370095e-15, 7.87630526663e-16, 6.49511799037e-16, 8.82368832473e-16, 3.5506048844e-16, 4.33500795084e-16, 2.1361362278e-16],
        "dvar2": [9.13194213581e-08, 1.08558502632e-07, 2.10553032787e-08, 1.19205867577e-06, 5.57770150067e-08, 1.38276774919e-07, 1.85154718224e-08, 2.62243240456e-08, 4.17620569237e-08, 1.02253750356e-07, 6.72275248803e-08, 2.13839115304e-08, 8.31582447347e-09, 3.00089126881e-08, 7.9089812477e-10, 8.9212703891e-10, 3.35423528952e-08, 3.2085974766e-08, 1.47528158578e-08, 2.06256931534e-08, 1.75308123573e-08, 7.78794362333e-09, 1.93934268644e-09, 5.93129989568e-10, 1.86232895771e-09, 2.29868818424e-10, 2.29672822427e-10, 7.62832991219e-11, 6.55837537056e-11, 2.96086599683e-09, 2.86097590063e-10, 9.72932151511e-12, 3.6710890404e-12, 1.31521804217e-14, 1.35144456136e-15, 1.22956859046e-15, 2.17466307142e-15, 8.12611169404e-16, 7.15549769857e-16, 4.08393759145e-16],
        "max": [0.000907953770366, 0.00110571854748, 0.000708413426764, 0.00733904121444, 0.00179642578587, 0.00199580239132, 0.0015028398484, 0.00144053914119, 0.00185746105853, 0.00148389674723, 0.00192233722191, 0.00116654590238, 0.000789756362792, 0.00103433046024, 0.000241828733124, 0.000363257044228, 0.00166523118969, 0.00131208682433, 0.000756300461944, 0.00094696728047, 0.000725684978534, 0.000492369057611, 0.000242586422246, 0.000154456763994, 0.000196409644559, 8.55888210936e-05, 7.94621009845e-05, 6.22578154434e-05, 5.23274211446e-05, 0.000361841695849, 0.000118453215691, 2.86788417725e-05, 1.50398473124e-05, 8.70078508797e-07, 4.28687968679e-07, 3.37934920935e-07, 2.95170877962e-07, 2.41498639753e-07, 2.84757845748e-07, 2.27339484127e-07],
        "mean": [0.000228974429774, 0.000217831839109, 0.000128146712086, 0.00193626445252, 0.000600567494985, 0.000433006789535, 6.43281673547e-05, 6.23219675617e-05, 0.000146236925502, 0.000259137275862, 8.2672588178e-05, 6.07487527304e-05, 5.36016050319e-05, 0.000171791718458, 3.28787755279e-05, 3.41132617905e-05, 0.000399681332055, 0.000360162463039, 0.000184007789358, 0.000118857067719, 0.000155183501192, 0.000127763749333, 7.20898678992e-05, 4.18415402237e-05, 6.19400525466e-05, 3.12696865876e-05, 2.4117063731e-05, 1.33405974339e-05, 4.75891192764e-06, 2.63544552581e-05, 7.91246657172e-06, 1.31679905735e-06, 5.01564272781e-07, 7.41267314197e-08, 4.39511183004e-08, 3.88474497015e-08, 3.50968853979e-08, 2.12352428974e-08, 4.52540227514e-08, 3.03993950013e-08],
        "median": [0.000171976193087, 0.000173441381776, 0.000109001659439, 0.00166030274704, 0.000539728731383, 0.000272142089671, 3.01935197058e-05, 2.65137659881e-05, 0.000100908175227, 0.000168110098457, 3.98871561629e-05, 3.43922401953e-05, 3.85363709938e-05, 0.000110141801997, 2.13651346712e-05, 2.13508719753e-05, 0.000297199439956, 0.00028370169457, 0.000150111081894, 9.68444728642e-05, 0.000125882244902, 0.000110079046863, 6.44571846351e-05, 3.84516642953e-05, 5.60215448786e-05, 2.95133213513e-05, 2.17844426516e-05, 1.20595914268e-05, 3.67067195839e-06, 9.48572323978e-06, 3.79538437301e-06, 7.85615384302e-07, 3.00357243077e-07, 5.48404628375e-08, 3.58425076286e-08, 3.03157641213e-08, 2.49792453388e-08, 1.20013776694e-08, 2.65831765489e-08, 2.13054072162e-08],
        "min": [3.55400220542e-06, 6.04366414336e-06, 1.51786516653e-05, 3.33722200594e-05, 1.75427921931e-05, 6.65716743242e-06, 1.1834979432e-06, 2.92174581773e-06, 4.70631312055e-06, 7.64495143812e-06, 4.64603681394e-06, 1.45282035646e-06, 1.94469657799e-06, 3.9663627831e-06, 1.16527189675e-06, 8.54823611007e-07, 2.75632078228e-06, 2.72658849099e-06, 5.90335594097e-06, 7.30143301553e-06, 1.40426018334e-05, 5.52302526557e-06, 1.0029951909e-06, 2.08450342143e-06, 1.88504986909e-06, 3.48803411043e-07, 4.09761042874e-07, 2.25119066499e-07, 2.56667675558e-07, 7.97976781541e-07, 2.82992203893e-07, 1.27026069663e-07, 2.02782448611e-08, 1.76046843769e-09, 1.63469016101e-09, 1.29511201763e-09, 5.42516698232e-10, 6.86579515463e-10, 1.28256916199e-09, 8.33988489379e-10],
        "var": [3.6629177913e-08, 3.34302896476e-08, 8.31154878256e-09, 1.96665723706e-06, 1.22079796938e-07, 1.86580066952e-07, 2.18162057308e-08, 1.70436962321e-08, 3.16459392025e-08, 5.97475207087e-08, 3.54841063199e-08, 1.11774545175e-08, 4.45330883281e-09, 3.33613670023e-08, 1.22927990009e-09, 2.14582351887e-09, 1.04721337379e-07, 6.46821192163e-08, 1.74932921482e-08, 9.43698896805e-09, 9.85691794853e-09, 4.19502521609e-09, 1.42364020572e-09, 3.90495108471e-10, 8.96230367697e-10, 1.75037623285e-10, 1.20288570771e-10, 4.35048004566e-11, 2.58155961885e-11, 2.76695000245e-09, 1.71201358645e-10, 5.43302555722e-12, 1.70411211184e-12, 6.46238366097e-15, 1.11461097293e-15, 1.00509257746e-15, 1.22140552219e-15, 7.26738810393e-16, 2.24251146928e-15, 7.89463347143e-16]
    },
    "mfcc": {
        "mean": [-618.157836914, 142.931060791, -79.6980667114, 52.1684379578, 5.10213518143, 1.88506901264, -1.45346677303, -15.9591665268, 8.46790027618, -7.09857177734, -5.92245197296, -12.2471055984, -15.7158384323],
        "cov": [[251.732208252, -57.5376968384, 2.93269968033, -24.4765338898, -26.8238277435, 11.3377599716, 24.6386070251, 11.6906890869, 31.8555660248, -5.1431684494, 23.6204147339, 30.2492580414, 8.81976509094], [-57.5376968384, 151.528610229, -22.2654724121, 14.6019124985, 0.39411047101, -2.49390411377, -8.85461044312, 25.092716217, -42.9641456604, 27.6723442078, 10.5486345291, -9.18393135071, 21.4188766479], [2.93269968033, -22.2654724121, 96.0355911255, 9.83309650421, 10.2782249451, -51.4175605774, -33.5620117188, -23.8393936157, 10.8495340347, -24.695602417, -4.86726379395, -12.4841365814, 12.9842367172], [-24.4765338898, 14.6019124985, 9.83309650421, 81.2898483276, 28.7015914917, 6.53322982788, -12.6766824722, -9.56176567078, -16.5601634979, -7.58696222305, -11.709851265, -3.66976284981, 3.93439817429], [-26.8238277435, 0.39411047101, 10.2782249451, 28.7015914917, 74.9642791748, 5.80187225342, -7.09004211426, -19.4543304443, -24.6487312317, 4.8098988533, 2.71851205826, -14.8154525757, 7.49399662018], [11.3377599716, -2.49390411377, -51.4175605774, 6.53322982788, 5.80187225342, 117.391235352, 34.7926139832, 31.5561141968, -22.3024253845, 13.883805275, 8.75730800629, 4.89252662659, -17.2971458435], [24.6386070251, -8.85461044312, -33.5620117188, -12.6766824722, -7.09004211426, 34.7926139832, 63.7865943909, 25.2055797577, 15.214972496, -0.735538542271, 2.74175572395, 16.7276344299, -8.63239955902], [11.6906890869, 25.092716217, -23.8393936157, -9.56176567078, -19.4543304443, 31.5561141968, 25.2055797577, 77.1863327026, 6.88735675812, 20.8485164642, 7.38395261765, 6.8244395256, 3.72294259071], [31.8555660248, -42.9641456604, 10.8495340347, -16.5601634979, -24.6487312317, -22.3024253845, 15.214972496, 6.88735675812, 90.3039932251, 3.76995563507, 6.88463783264, 7.08022546768, -12.2849149704], [-5.1431684494, 27.6723442078, -24.695602417, -7.58696222305, 4.8098988533, 13.883805275, -0.735538542271, 20.8485164642, 3.76995563507, 71.2066574097, 26.8751144409, 1.59633815289, -9.4673614502], [23.6204147339, 10.5486345291, -4.86726379395, -11.709851265, 2.71851205826, 8.75730800629, 2.74175572395, 7.38395261765, 6.88463783264, 26.8751144409, 77.2093276978, 11.0002222061, 14.7894220352], [30.2492580414, -9.18393135071, -12.4841365814, -3.66976284981, -14.8154525757, 4.89252662659, 16.7276344299, 6.8244395256, 7.08022546768, 1.59633815289, 11.0002222061, 57.9389762878, 9.02143859863], [8.81976509094, 21.4188766479, 12.9842367172, 3.93439817429, 7.49399662018, -17.2971458435, -8.63239955902, 3.72294259071, -12.2849149704, -9.4673614502, 14.7894220352, 9.02143859863, 56.7454223633]],
