{
"lowlevel": {
    "average_loudness": 0.987864136696,
    "barkbands_crest": {
        "dmean": 1.93654155731,
        "dmean2": 3.31668710709,
        "dvar": 2.93823599815,
        "dvar2": 8.73326969147,
        "max": 14.8910274506,
        "mean": 6.16706085205,
        "median": 5.63094329834,
        "min": 2.78672981262,
        "var": 4.7334356308
    },
    "barkbands_flatness_db": {
        "dmean": 0.00840019248426,
        "dmean2": 0.0142980217934,
        "dvar": 5.25486466358e-05,
        "dvar2": 0.000127329491079,
        "max": 0.179738044739,
        "mean": 0.133745461702,
        "median": 0.13328512013,
        "min": 0.0872998759151,
        "var": 0.000165907316841
    },
    "barkbands_kurtosis": {
        "dmean": 0.521881043911,
        "dmean2": 0.824748635292,
        "dvar": 0.517050266266,
        "dvar2": 1.09789335728,
        "max": 4.48606538773,
        "mean": -0.9018253088,
        "median": -1.25713980198,
        "min": -1.81396770477,
        "var": 0.894241571426
    },
    "barkbands_skewness": {
        "dmean": 0.335572898388,
        "dmean2": 0.561006724834,
        "dvar": 0.0835259854794,
        "dvar2": 0.20191116631,
        "max": 2.25088882446,
        "mean": -0.345012396574,
        "median": -0.366953521967,
        "min": -1.68775773048,
        "var": 0.272580116987
    },
    "barkbands_spread": {
        "dmean": 5.6792383194,
        "dmean2": 9.50550937653,
        "dvar": 20.0961837769,
        "dvar2": 55.9221458435,
        "max": 57.4718971252,
        "mean": 34.4847221375,
        "median": 34.9162788391,
        "min": 9.43758201599,
        "var": 91.7703552246
    },
    "dissonance": {
        "dmean": 0.00534423440695,
        "dmean2": 0.00893069431186,
        "dvar": 5.9964851971e-05,
        "dvar2": 9.06035638764e-05,
        "max": 0.499675750732,
        "mean": 0.489619582891,
        "median": 0.490506738424,
        "min": 0.394046097994,
        "var": 6.82499157847e-05
    },
    "dynamic_complexity": 0.819334924221,
    "erbbands_crest": {
        "dmean": 2.20848727226,
        "dmean2": 3.59538507462,
        "dvar": 4.11670017242,
        "dvar2": 10.8032951355,
        "max": 21.041349411,
        "mean": 7.87080955505,
        "median": 7.31164979935,
        "min": 4.18886327744,
        "var": 6.21476697922
    },
    "erbbands_flatness_db": {
        "dmean": 0.0107473339885,
        "dmean2": 0.0172140840441,
        "dvar": 8.49838688737e-05,
        "dvar2": 0.000201643400942,
        "max": 0.277352035046,
        "mean": 0.228669643402,
        "median": 0.229851871729,
        "min": 0.152571454644,
        "var": 0.000230718374951
    },
    "erbbands_kurtosis": {
        "dmean": 0.99991863966,
        "dmean2": 1.60739088058,
        "dvar": 0.770792424679,
        "dvar2": 1.91300654411,
        "max": 6.32458686829,
        "mean": 1.95944333076,
        "median": 1.84777164459,
        "min": -0.818583488464,
        "var": 1.80838191509
    },
    "erbbands_skewness": {
        "dmean": 0.250761061907,
        "dmean2": 0.39534714818,
        "dvar": 0.0423009209335,
        "dvar2": 0.103539399803,
        "max": 0.676873087883,
        "mean": -1.15331304073,
        "median": -1.16657781601,
        "min": -2.32877326012,
        "var": 0.168344184756
    },
    "erbbands_spread": {
        "dmean": 3.89697647095,
        "dmean2": 6.22556591034,
        "dvar": 16.92121315,
        "dvar2": 36.8724784851,
        "max": 57.8464355469,
        "mean": 20.3565330505,
        "median": 19.0887546539,
        "min": 8.30825996399,
        "var": 42.7915534973
    },
    "hfc": {
        "dmean": 5.43324661255,
        "dmean2": 8.95312595367,
        "dvar": 31.4416065216,
        "dvar2": 55.6323890686,
        "max": 65.7611999512,
        "mean": 35.975315094,
        "median": 36.3273544312,
        "min": 1.74162960052,
        "var": 102.910240173
    },
    "melbands_crest": {
        "dmean": 2.90127325058,
        "dmean2": 5.20159196854,
        "dvar": 5.722448349,
        "dvar2": 15.2768087387,
        "max": 26.6986885071,
        "mean": 9.20816326141,
        "median": 8.24449062347,
        "min": 3.44903063774,
        "var": 17.2819499969
    },
    "melbands_flatness_db": {
        "dmean": 0.0146228885278,
        "dmean2": 0.0252095796168,
        "dvar": 0.000140590127558,
        "dvar2": 0.000404701888328,
        "max": 0.242568552494,
        "mean": 0.143635764718,
        "median": 0.14293025434,
        "min": 0.0897103101015,
        "var": 0.000574752804823
    },
    "melbands_kurtosis": {
        "dmean": 0.907276690006,
        "dmean2": 1.50780379772,
        "dvar": 2.5302836895,
        "dvar2": 3.94027805328,
        "max": 21.6347522736,
        "mean": -0.288421154022,
        "median": -0.83951830864,
        "min": -1.58236837387,
        "var": 4.33829450607
    },
    "melbands_skewness": {
        "dmean": 0.424149572849,
        "dmean2": 0.702430129051,
        "dvar": 0.134560585022,
        "dvar2": 0.32856926322,
        "max": 4.50699663162,
        "mean": 0.721670746803,
        "median": 0.673753142357,
        "min": -1.09454798698,
        "var": 0.496314555407
    },
    "melbands_spread": {
        "dmean": 8.93917560577,
        "dmean2": 15.2714891434,
        "dvar": 61.7017669678,
        "dvar2": 166.233779907,
        "max": 94.8770141602,
        "mean": 64.0430221558,
        "median": 64.5000686646,
        "min": 13.6539430618,
        "var": 186.997558594
    },
    "pitch_salience": {
        "dmean": 0.0480153672397,
        "dmean2": 0.079919859767,
        "dvar": 0.00150003167801,
        "dvar2": 0.00414862902835,
        "max": 0.856763422489,
        "mean": 0.628667831421,
        "median": 0.634298086166,
        "min": 0.433860361576,
        "var": 0.00391384307295
    },
    "silence_rate_20dB": {
        "dmean": 0,
        "dmean2": 0,
        "dvar": 0,
        "dvar2": 0,
        "max": 1,
        "mean": 1,
        "median": 1,
        "min": 1,
        "var": 0
    },
    "silence_rate_30dB": {
        "dmean": 0,
        "dmean2": 0,
        "dvar": 0,
        "dvar2": 0,
        "max": 1,
        "mean": 1,
        "median": 1,
        "min": 1,
        "var": 0
    },
    "silence_rate_60dB": {
        "dmean": 0,
        "dmean2": 0,
        "dvar": 0,
        "dvar2": 0,
        "max": 0,
        "mean": 0,
        "median": 0,
        "min": 0,
        "var": 0
    },
    "spectral_centroid": {
        "dmean": 150.176437378,
        "dmean2": 254.570068359,
        "dvar": 15997.5224609,
        "dvar2": 36893.2773438,
        "max": 3011.86108398,
        "mean": 2520.6940918,
        "median": 2550.83129883,
        "min": 1549.93566895,
        "var": 72882.03125
    },
    "spectral_complexity": {
        "dmean": 3.74761915207,
        "dmean2": 6.11483240128,
        "dvar": 15.8553714752,
        "dvar2": 30.5322685242,
        "max": 53,
        "mean": 39.8151664734,
        "median": 40,
        "min": 1,
        "var": 34.0464172363
    },
    "spectral_decrease": {
        "dmean": 7.80988329563e-10,
        "dmean2": 1.32927790997e-09,
        "dvar": 4.14350252615e-19,
        "dvar2": 9.64844249395e-19,
        "max": -1.64194602359e-10,
        "mean": -4.98473040622e-09,
        "median": -4.97522201215e-09,
        "min": -7.61207363809e-09,
        "var": 9.16014020077e-19
    },
    "spectral_energy": {
        "dmean": 0.00321712438017,
        "dmean2": 0.00542906066403,
        "dvar": 7.4971221693e-06,
        "dvar2": 1.6266858438e-05,
        "max": 0.0323686525226,
        "mean": 0.0220765713602,
        "median": 0.0222438443452,
        "min": 0.000777679437306,
        "var": 1.76412231667e-05
    },
    "spectral_energyband_high": {
        "dmean": 0.000240636596573,
        "dmean2": 0.000406194682,
        "dvar": 5.30970289958e-08,
        "dvar2": 1.25023220221e-07,
        "max": 0.00236654002219,
        "mean": 0.000877216516528,
        "median": 0.000830713368487,
        "min": 3.78515032935e-05,
        "var": 1.4020362471e-07
    },
    "spectral_energyband_low": {
        "dmean": 0.00193414662499,
        "dmean2": 0.00355171761476,
        "dvar": 2.98979898616e-06,
        "dvar2": 1.00664274214e-05,
        "max": 0.0144535619766,
        "mean": 0.00350451120175,
        "median": 0.00308971130289,
        "min": 1.99073438125e-05,
        "var": 5.90762647334e-06
    },
    "spectral_energyband_middle_high": {
        "dmean": 0.00221948116086,
        "dmean2": 0.00361691648141,
        "dvar": 5.08808125232e-06,
        "dvar2": 9.09882510314e-06,
        "max": 0.0253958515823,
        "mean": 0.0132856750861,
        "median": 0.0127505995333,
        "min": 0.000669489672873,
        "var": 2.16047519643e-05
    },
    "spectral_energyband_middle_low": {
        "dmean": 0.0016976390034,
        "dmean2": 0.00284785428084,
        "dvar": 2.44494162871e-06,
        "dvar2": 6.29679152553e-06,
        "max": 0.0159654319286,
        "mean": 0.00502116139978,
        "median": 0.00450027408078,
        "min": 5.21392648807e-05,
        "var": 5.05454727318e-06
    },
    "spectral_entropy": {
        "dmean": 0.0478597469628,
        "dmean2": 0.0762960091233,
        "dvar": 0.00185077101924,
        "dvar2": 0.00411361269653,
        "max": 8.09624195099,
        "mean": 7.63939809799,
        "median": 7.64138364792,
        "min": 7.4393992424,
        "var": 0.00458450475708
    },
    "spectral_flux": {
        "dmean": 0.0096976775676,
        "dmean2": 0.0149371437728,
        "dvar": 7.8360826592e-05,
        "dvar2": 0.00016420436441,
        "max": 0.13680523634,
        "mean": 0.0846471190453,
        "median": 0.0837858915329,
        "min": 0.048727389425,
        "var": 0.000201921153348
    },
    "spectral_kurtosis": {
        "dmean": 2.57841873169,
        "dmean2": 4.63815975189,
        "dvar": 4.37348651886,
        "dvar2": 12.9380903244,
        "max": 15.4248161316,
        "mean": 4.65722417831,
        "median": 4.1073679924,
        "min": 0.664585351944,
        "var": 7.41725444794
    },
    "spectral_rms": {
        "dmean": 0.000348295550793,
        "dmean2": 0.000580536259804,
        "dvar": 1.29115520053e-07,
        "dvar2": 2.2424619317e-07,
        "max": 0.00561953475699,
        "mean": 0.00461480440572,
        "median": 0.00465846667066,
        "min": 0.00087104056729,
        "var": 2.41697193815e-07
    },
    "spectral_rolloff": {
        "dmean": 244.24798584,
        "dmean2": 410.264007568,
        "dvar": 52491.3398438,
        "dvar2": 115792,
        "max": 3725.24414062,
        "mean": 2954.94580078,
        "median": 3036.18164062,
        "min": 452.197265625,
        "var": 165643.4375
    },
    "spectral_skewness": {
        "dmean": 0.250629454851,
        "dmean2": 0.444040983915,
        "dvar": 0.0485616736114,
        "dvar2": 0.125950708985,
        "max": 3.13582921028,
        "mean": 0.699345469475,
        "median": 0.652662217617,
        "min": 0.106365323067,
        "var": 0.134693682194
    },
    "spectral_spread": {
        "dmean": 152820.71875,
        "dmean2": 240788.5,
        "dvar": 38162944000,
        "dvar2": 45570330624,
        "max": 5497017.5,
        "mean": 2187216.5,
        "median": 2174194.25,
        "min": 1720507.375,
        "var": 91228536832
    },
    "spectral_strongpeak": {
        "dmean": 1.23406660557,
        "dmean2": 2.24173069,
        "dvar": 2.05667161942,
        "dvar2": 5.81808662415,
        "max": 6.62074327469,
        "mean": 1.80598413944,
        "median": 0.811631321907,
        "min": 0.0565435737371,
        "var": 3.74202799797
    },
    "zerocrossingrate": {
        "dmean": 0.00587797630578,
        "dmean2": 0.00728683825582,
        "dvar": 3.87165964639e-05,
        "dvar2": 3.15953548125e-05,
        "max": 0.11962890625,
        "mean": 0.0909684151411,
        "median": 0.09228515625,
        "min": 0.0185546875,
        "var": 0.000210911704926
    },
    "barkbands": {
        "dmean": [9.31163776841e-06, 0.00152863375843, 0.000594767858274, 0.000539515400305, 0.0010656499071, 0.000271339085884, 0.000489548780024, 0.000119462652947, 0.000388651940739, 0.000236131847487, 0.000421561591793, 0.000382754282327, 0.000103256570583, 0.000824341317639, 0.000494591600727, 0.00109945214354, 0.0011930182809, 0.000505825388245, 0.000686172104906, 0.00030270483694, 0.000168229889823, 2.87618895527e-05, 1.15826560432e-06, 3.02225976156e-06, 5.59236525532e-07, 2.18744304448e-07, 1.29034258833e-08],
        "dmean2": [1.39779085657e-05, 0.0027755680494, 0.00105170556344, 0.000916550518014, 0.00187755096704, 0.000433168985182, 0.000766591459978, 0.000202408802579, 0.000630551599897, 0.000412661378505, 0.000600959465373, 0.000660829769913, 0.000172076732269, 0.00134624505881, 0.000807279022411, 0.00182737968862, 0.00201318250038, 0.00081383268116, 0.00118979893159, 0.000519532419275, 0.000281036482193, 4.5861081162e-05, 1.81384905318e-06, 4.14329269915e-06, 8.01190253696e-07, 2.8733697377e-07, 2.17958486814e-08],
        "dvar": [1.20958645877e-10, 2.56265388998e-06, 6.17247280843e-07, 6.26594498954e-07, 1.3952410427e-06, 1.02621420695e-07, 2.67304159252e-07, 3.81801541494e-08, 1.29962174356e-07, 1.47808449924e-07, 1.22342294162e-06, 5.21073673099e-07, 1.88549105218e-08, 1.00156171357e-06, 1.69944669892e-07, 2.33314062825e-06, 1.39838869018e-06, 1.71659536363e-07, 5.72832220769e-07, 7.66600081192e-08, 2.26885870092e-08, 8.88203843807e-10, 2.1450207062e-12, 4.54038924513e-11, 2.01530502356e-12, 5.59751843401e-13, 2.05187442253e-15],
        "dvar2": [2.21520024546e-10, 8.49944262882e-06, 1.83746237781e-06, 1.57550664426e-06, 3.65529012925e-06, 1.80482189194e-07, 6.75932653849e-07, 1.05236772185e-07, 3.49656204435e-07, 4.17394772967e-07, 2.17667184188e-06, 1.35065931772e-06, 4.62372646837e-08, 2.69020870292e-06, 4.600557304e-07, 6.41205269858e-06, 3.46044157595e-06, 4.58629500599e-07, 1.62255241776e-06, 2.25372858154e-07, 6.06325798458e-08, 1.9041737076e-09, 4.17899048699e-12, 6.07048231127e-11, 3.14292992673e-12, 8.70564579626e-13, 4.87294158204e-15],
        "max": [0.000118994197692, 0.0128826256841, 0.00526565033942, 0.00920603517443, 0.0104329409078, 0.00372847216204, 0.00503312656656, 0.00204194453545, 0.00232243863866, 0.00374439940788, 0.0174871776253, 0.00705527653918, 0.00144482101314, 0.0108331004158, 0.00382125191391, 0.0130483629182, 0.0101469792426, 0.00365454005077, 0.00747041171417, 0.00246951729059, 0.00136035925243, 0.000336527067702, 1.53771852638e-05, 0.000115943628771, 1.58555121743e-05, 9.48798970057e-06, 4.0861274897e-07],
        "mean": [1.55519974214e-05, 0.00216867402196, 0.000761259696446, 0.000882587744854, 0.00153171876445, 0.000564393063542, 0.00110888539348, 0.000189581958693, 0.00067102786852, 0.000317716418067, 0.000717614486348, 0.000710055988748, 0.000188103367691, 0.0020042899996, 0.00129543535877, 0.00213019922376, 0.00236711604521, 0.00128523004241, 0.00179852510337, 0.000774928368628, 0.00049166259123, 8.85198605829e-05, 3.36482798957e-06, 8.24229664431e-06, 1.37441179504e-06, 5.23036703726e-07, 2.19826983283e-08],
        "median": [1.12665238703e-05, 0.00160140567459, 0.000392941612517, 0.000385025254218, 0.00107767852023, 0.000461015180917, 0.000699287804309, 9.41703183344e-05, 0.000520742847584, 0.000177490219357, 0.000356821139576, 0.000330960378051, 0.000129112610011, 0.00130052026361, 0.00110603997018, 0.00152145279571, 0.00192893005442, 0.00116001395509, 0.00163309276104, 0.000735021661967, 0.000453659275081, 8.15704916022e-05, 2.83954432234e-06, 5.3993221627e-06, 6.1594704448e-07, 1.27899980384e-07, 1.26014754187e-08],
        "min": [3.81463053145e-07, 8.29933196655e-06, 6.71696307109e-06, 4.47231877843e-06, 7.20089883544e-06, 1.65212277352e-05, 6.2314020397e-06, 3.27020552504e-06, 1.23460595205e-05, 1.37950257795e-06, 3.49720721715e-05, 2.84807847493e-05, 1.36680901051e-05, 1.07773039417e-05, 2.27579148486e-05, 9.97930183075e-05, 7.22743352526e-05, 7.66537414165e-05, 6.41621809336e-05, 1.84592336154e-05, 1.71491301444e-05, 8.44496207719e-06, 7.81622702561e-07, 1.56711553245e-06, 1.54249221396e-07, 2.71395936835e-08, 3.40829720002e-09],
        "var": [2.35072183941e-10, 3.97719895773e-06, 8.76658418747e-07, 2.20777610593e-06, 2.15651493818e-06, 2.6207462156e-07, 1.1964461919e-06, 7.21905593082e-08, 2.14863419501e-07, 1.71860136788e-07, 2.76378750641e-06, 1.12259738216e-06, 3.58909204579e-08, 4.11969222114e-06, 6.23435198577e-07, 3.2801690395e-06, 2.10498956221e-06, 4.42198256678e-07, 8.26169241464e-07, 1.46900788422e-07, 5.07901205538e-08, 1.99570093784e-09, 4.55561716822e-12, 1.49845233444e-10, 6.21248582092e-12, 1.48714287412e-12, 2.19364126812e-15]
    },
    "erbbands": {
        "dmean": [0.0327451713383, 0.387183874846, 0.663399517536, 1.18722379208, 3.18252158165, 3.31994009018, 1.89705479145, 2.51106595993, 3.89508771896, 7.34103775024, 2.89695549011, 10.9747543335, 5.0354385376, 9.53222560883, 18.1694335938, 13.9139471054, 4.5744342804, 29.7151107788, 24.4618625641, 37.0172462463, 57.9845924377, 69.0285644531, 26.189332962, 36.817035675, 24.8793754578, 14.6043424606, 6.68079566956, 5.7002081871, 1.12895894051, 0.194481030107, 0.0355551838875, 0.0699230954051, 0.0383147150278, 0.010800938122, 0.00143153581303, 0.0012204303639, 0.000346568616806, 2.92068107228e-05, 3.25838686877e-06, 4.08270261687e-06],
        "dmean2": [0.0570140555501, 0.712421119213, 1.18938553333, 1.94647228718, 5.54137849808, 5.95024633408, 3.14348578453, 4.08900880814, 5.89430761337, 12.3328514099, 5.04384756088, 17.4392967224, 8.47863101959, 15.5965099335, 26.2278118134, 23.6286087036, 7.54324054718, 47.9738464355, 40.6794929504, 65.1071472168, 95.8607406616, 116.752616882, 41.7745513916, 63.4564552307, 41.6627349854, 24.7290000916, 11.3237810135, 9.3543214798, 1.84888255596, 0.30436822772, 0.0538893230259, 0.0932501256466, 0.0598211698234, 0.0151927731931, 0.00183503283188, 0.00155753327999, 0.00046833048691, 4.44998840976e-05, 5.20211597177e-06, 6.75329647493e-06],
        "dvar": [0.00135980406776, 0.154582262039, 0.437489211559, 2.97507786751, 13.6630868912, 15.9105796814, 3.912784338, 10.4930830002, 18.900144577, 56.9668540955, 12.0291805267, 107.399017334, 43.3094291687, 200.43927002, 1835.38342285, 597.896911621, 33.1257171631, 1840.27661133, 572.695739746, 1716.40197754, 6082.10839844, 5852.58984375, 482.562835693, 1141.29638672, 961.680419922, 152.782363892, 35.1172447205, 30.1938705444, 1.54404175282, 0.0691865459085, 0.00212636613287, 0.0124980509281, 0.0136476289481, 0.00078652787488, 1.63040476764e-05, 1.63955119206e-05, 1.36392054628e-06, 7.29187332738e-09, 2.91382577788e-11, 1.2862506199e-11],
        "dvar2": [0.00385138113052, 0.528294920921, 1.32675993443, 7.38081455231, 36.764125824, 44.0164070129, 10.1087169647, 17.6440391541, 44.1005210876, 151.236572266, 39.2284317017, 285.997650146, 118.588485718, 491.849182129, 3430.92236328, 1442.59851074, 73.4472198486, 4699.07470703, 1510.0255127, 4954.48974609, 15077.9414062, 15355.0087891, 1327.17565918, 3021.99633789, 2798.43212891, 453.631011963, 88.5181121826, 83.1248016357, 3.24659109116, 0.138918012381, 0.00298608234152, 0.0138286063448, 0.0236726924777, 0.00103078631219, 2.3197810151e-05, 2.39781584241e-05, 2.05491733141e-06, 1.87870359269e-08, 6.36684385769e-11, 2.75912070968e-11],
        "max": [0.340094655752, 2.98223376274, 5.01473617554, 20.8217926025, 34.7546348572, 27.5467472076, 13.519288063, 38.5688667297, 44.1909141541, 61.859249115, 35.3038101196, 72.9126663208, 43.8354606628, 145.525238037, 661.808898926, 248.21144104, 70.7258605957, 443.712646484, 286.750061035, 377.356292725, 750.400146484, 699.710876465, 214.348022461, 275.665161133, 380.791687012, 117.702110291, 55.9593963623, 49.2676582336, 12.4833688736, 3.16798782349, 0.541751742363, 1.83028233051, 1.80691754818, 0.348361194134, 0.0529874898493, 0.0520594455302, 0.0144386198372, 0.000819403736386, 6.76302079228e-05, 4.39689356426e-05],
        "mean": [0.0613216385245, 0.494663953781, 0.866540133953, 2.33570575714, 4.5303311348, 4.69765424728, 3.4452984333, 5.51298236847, 9.59987735748, 15.0695867538, 5.59537220001, 17.6018409729, 9.12340641022, 16.348077774, 32.1838951111, 27.1454715729, 11.2486906052, 71.8838882446, 77.9372253418, 85.4658126831, 126.429855347, 134.646118164, 74.6509857178, 98.8886566162, 69.4228897095, 37.8005180359, 20.4058132172, 15.7788934708, 4.03296756744, 0.611050784588, 0.123647615314, 0.200299561024, 0.0974458903074, 0.0288503952324, 0.00355343427509, 0.0029855419416, 0.000817861524411, 4.94610721944e-05, 1.88631656783e-05, 2.99793391605e-05],
        "median": [0.0482746325433, 0.35836160183, 0.583550989628, 1.01256763935, 3.40015935898, 3.20949983597, 2.93614959717, 4.11441230774, 5.83952713013, 10.9476623535, 3.93309092522, 13.1883506775, 6.30890512466, 11.3033065796, 13.2902870178, 12.4298820496, 8.30897903442, 44.6313591003, 62.7342910767, 77.1180343628, 97.4457702637, 104.084030151, 68.3377304077, 91.0136795044, 61.8667182922, 36.0764579773, 18.9484519958, 14.2646064758, 3.75587654114, 0.540404736996, 0.106046758592, 0.149617284536, 0.0525708571076, 0.0136883286759, 0.00143137178384, 0.000905907305423, 0.000171286737896, 1.6239911929e-05, 1.76763005584e-05, 2.97973328998e-05],
        "min": [0.000256403291132, 0.00185291992966, 0.00692211929709, 0.0149966301396, 0.0237440951169, 0.0205355510116, 0.066832266748, 0.15075545013, 0.113010302186, 0.0554216317832, 0.137692540884, 0.296296387911, 0.100833937526, 0.234857410192, 1.28761780262, 1.21805739403, 0.608893573284, 0.578189432621, 0.87724173069, 5.62605381012, 8.98558712006, 3.94973111153, 3.73127222061, 3.29855918884, 3.63556051254, 0.906205415726, 0.514102876186, 0.782719612122, 0.400375634432, 0.0888072326779, 0.0218791514635, 0.0422456078231, 0.0158894881606, 0.00329854269512, 0.000468923215521, 0.000221331560169, 4.81054084958e-05, 5.58683905183e-06, 1.02110689113e-05, 4.64523873234e-06],
        "var": [0.00333290011622, 0.203923806548, 0.752629697323, 12.517127037, 19.1506977081, 20.4370689392, 5.86599159241, 28.6267490387, 87.4728012085, 156.378067017, 23.465057373, 178.719909668, 66.6353149414, 336.013824463, 4140.82421875, 1513.72070312, 95.3569946289, 5792.02880859, 3068.36010742, 2320.73291016, 9146.79296875, 7801.61767578, 1366.14904785, 2076.29760742, 1472.6661377, 322.214080811, 90.9287872314, 56.7188987732, 3.41814184189, 0.164740145206, 0.00628521107137, 0.0466251000762, 0.0363475382328, 0.00271735084243, 4.70115046483e-05, 4.31822118117e-05, 3.95063489123e-06, 1.25545804863e-08, 5.17954290569e-11, 3.25587785899e-11]
    },
    "gfcc": {
        "mean": [-0.831627011299, 121.833068848, -190.16065979, 65.2137451172, -35.4058532715, -11.276304245, -22.0865783691, 1.41521668434, -11.5863571167, -2.16354966164, -9.21884918213, -10.746919632, 3.74042677879],
        "cov": [[341.445800781, -75.1845092773, -38.2994155884, -97.1217041016, -31.3577594757, 56.7662239075, -38.0242729187, 19.9205188751, -55.1799354553, 31.5806159973, -9.44913864136, 34.6520614624, -1.73363733292], [-75.1845092773, 326.641113281, 51.8971710205, 110.661338806, 48.2723731995, -48.4137191772, 56.7817192078, -52.6180076599, 52.8419685364, -32.3173179626, 8.39721298218, -77.1554412842, 2.51949501038], [-38.2994155884, 51.8971710205, 104.287193298, 35.7244338989, 31.5811252594, 7.33270835876, 0.633775532246, 5.19699144363, -9.27022647858, -9.07485771179, -12.0186758041, 1.63837492466, -9.0359544754], [-97.1217041016, 110.661338806, 35.7244338989, 187.084396362, 18.1463947296, -77.4846420288, 45.9261856079, 1.34342074394, 92.5433654785, -1.59874582291, 50.8548164368, -13.3375492096, 34.2413406372], [-31.3577594757, 48.2723731995, 31.5811252594, 18.1463947296, 62.835308075, 33.770778656, 14.9181404114, -7.3592042923, -10.5038061142, -11.9638137817, -16.1566619873, -14.1952428818, -9.08555698395], [56.7662239075, -48.4137191772, 7.33270835876, -77.4846420288, 33.770778656, 95.5022888184, 6.84124946594, 9.93470191956, -59.0851783752, -6.03237485886, -33.4569549561, 9.69881629944, -19.2646541595], [-38.0242729187, 56.7817192078, 0.633775532246, 45.9261856079, 14.9181404114, 6.84124946594, 66.8164367676, 20.0000972748, 26.7338123322, -11.5752334595, 12.1790409088, -5.19647216797, 11.0464010239], [19.9205188751, -52.6180076599, 5.19699144363, 1.34342074394, -7.3592042923, 9.93470191956, 20.0000972748, 57.095413208, 23.2065811157, 12.622300148, 7.52208423615, 24.209230423, 10.0354747772], [-55.1799354553, 52.8419685364, -9.27022647858, 92.5433654785, -10.5038061142, -59.0851783752, 26.7338123322, 23.2065811157, 104.243286133, 31.1966724396, 43.8950004578, -9.48689079285, 25.884344101], [31.5806159973, -32.3173179626, -9.07485771179, -1.59874582291, -11.9638137817, -6.03237485886, -11.5752334595, 12.622300148, 31.1966724396, 49.2559165955, 24.7626342773, 12.4494037628, 5.99623346329], [-9.44913864136, 8.39721298218, -12.0186758041, 50.8548164368, -16.1566619873, -33.4569549561, 12.1790409088, 7.52208423615, 43.8950004578, 24.7626342773, 59.1425819397, 27.792350769, 28.1107730865], [34.6520614624, -77.1554412842, 1.63837492466, -13.3375492096, -14.1952428818, 9.69881629944, -5.19647216797, 24.209230423, -9.48689079285, 12.4494037628, 27.792350769, 69.9763870239, 32.0188713074], [-1.73363733292, 2.51949501038, -9.0359544754, 34.2413406372, -9.08555698395, -19.2646541595, 11.0464010239, 10.0354747772, 25.884344101, 5.99623346329, 28.1107730865, 32.0188713074, 46.7580757141]],
        "icov": [[0.0090134581551, -0.0103417551145, 0.0121459662914, -0.011948350817, 0.0112302452326, -0.0115083344281, 0.0145350880921, -0.0170429814607, 0.0161047782749, -0.0139815900475, 0.00716907251626, -0.0071963542141, 0.00314874388278], [-0.0103417551145, 0.0264988373965, -0.02636378631, 0.0243857875466, -0.0201325658709, 0.0199171900749, -0.0302247796208, 0.0345022641122, -0.0266635082662, 0.0234117973596, -0.0189079511911, 0.0250686220825, -0.0147754773498], [0.0121459662914, -0.02636378631, 0.0432693846524, -0.034214168787, 0.015390210785, -0.0194573607296, 0.0336180701852, -0.0397238098085, 0.0341670364141, -0.0284089818597, 0.026348810643, -0.0308968499303, 0.0208911430091], [-0.011948350817, 0.0243857875466, -0.034214168787, 0.0506789423525, -0.0324389338493, 0.0343139022589, -0.0370068065822, 0.0361091680825, -0.0390171222389, 0.0331263020635, -0.0306087099016, 0.0263213552535, -0.018925787881], [0.0112302452326, -0.0201325658709, 0.015390210785, -0.0324389338493, 0.0566016249359, -0.0443498417735, 0.0266708079726, -0.018320960924, 0.0170337539166, -0.0175746940076, 0.02017153427, -0.0154408114031, 0.00985843222588], [-0.0115083344281, 0.0199171900749, -0.0194573607296, 0.0343139022589, -0.0443498417735, 0.0668045803905, -0.0444522537291, 0.0195231698453, -0.00323832663707, 0.00327550317161, -0.006429719273, 0.0114247063175, -0.00775578292087], [0.0145350880921, -0.0302247796208, 0.0336180701852, -0.0370068065822, 0.0266708079726, -0.0444522537291, 0.0733714923263, -0.0553053095937, 0.0269345343113, -0.00897818244994, 0.00475055351853, -0.0132544636726, 0.00962985306978], [-0.0170429814607, 0.0345022641122, -0.0397238098085, 0.0361091680825, -0.018320960924, 0.0195231698453, -0.0553053095937, 0.0925362184644, -0.0666257068515, 0.033104006201, -0.00355318305083, 0.000200537600904, -0.00428562518209], [0.0161047782749, -0.0266635082662, 0.0341670364141, -0.0390171222389, 0.0170337539166, -0.00323832663707, 0.0269345343113, -0.0666257068515, 0.0938647761941, -0.0600124448538, 0.00807512924075, 0.00648586452007, -0.00644064089283], [-0.0139815900475, 0.0234117973596, -0.0284089818597, 0.0331263020635, -0.0175746940076, 0.00327550317161, -0.00897818244994, 0.033104006201, -0.0600124448538, 0.0804469585419, -0.0414827875793, 0.0194635167718, -0.00406156620011], [0.00716907251626, -0.0189079511911, 0.026348810643, -0.0306087099016, 0.02017153427, -0.006429719273, 0.00475055351853, -0.00355318305083, 0.00807512924075, -0.0414827875793, 0.0826047211885, -0.0580667629838, 0.0206529535353], [-0.0071963542141, 0.0250686220825, -0.0308968499303, 0.0263213552535, -0.0154408114031, 0.0114247063175, -0.0132544636726, 0.000200537600904, 0.00648586452007, 0.0194635167718, -0.0580667629838, 0.0915342643857, -0.0559262372553], [0.00314874388278, -0.0147754773498, 0.0208911430091, -0.018925787881, 0.00985843222588, -0.00775578292087, 0.00962985306978, -0.00428562518209, -0.00644064089283, -0.00406156620011, 0.0206529535353, -0.0559262372553, 0.0675280466676]]
    },
    "melbands": {
        "dmean": [0.000384458166081, 0.000400628254283, 0.000227458105655, 0.000274104939308, 7.37146838219e-05, 5.28347591171e-05, 7.78495450504e-05, 6.8669571192e-05, 3.1099843909e-05, 6.69532673783e-05, 2.5173792892e-05, 3.7343466829e-05, 6.59686484141e-05, 5.3397656302e-05, 1.37506403917e-05, 1.84328619071e-05, 6.61591475364e-05, 5.26132098457e-05, 4.16037037212e-05, 7.26911894162e-05, 6.80715529597e-05, 7.62845011195e-05, 4.25227372034e-05, 2.24543455261e-05, 3.45211556123e-05, 2.56138919212e-05, 1.42050512295e-05, 9.4266688393e-06, 3.58923512067e-06, 6.48394416203e-06, 2.56403404819e-06, 7.92546927642e-07, 3.60795098686e-07, 4.02557347456e-08, 1.94908071904e-08, 3.66845469557e-08, 5.07945046024e-08, 3.67757735376e-08, 1.49547414452e-08, 8.31035684712e-09],
        "dmean2": [0.000690308341291, 0.000726207566913, 0.000378708617063, 0.000484641670482, 0.000123792502563, 8.56231781654e-05, 0.000119266915135, 0.000115032766189, 5.43481473869e-05, 0.000106461549876, 4.29322499258e-05, 6.37122793705e-05, 9.43167397054e-05, 9.29322559386e-05, 2.20889323828e-05, 3.06401234411e-05, 0.000106267514639, 8.61239896039e-05, 6.54496107018e-05, 0.000127355233417, 0.000113592774142, 0.000129713647766, 7.09011437721e-05, 3.70552406821e-05, 6.06142857578e-05, 4.31305998063e-05, 2.40766385105e-05, 1.60555373441e-05, 6.38962364974e-06, 1.06270281321e-05, 4.24360996476e-06, 1.2831786762e-06, 5.87503791394e-07, 6.59634409317e-08, 3.15950892116e-08, 5.66219640064e-08, 6.81273775172e-08, 5.74926879437e-08, 2.04906314138e-08, 1.17951204359e-08],
        "dvar": [1.746868179e-07, 1.04569942039e-07, 7.87733469565e-08, 9.16815992014e-08, 6.64488775115e-09, 4.53935644629e-09, 7.40112415798e-09, 5.39060929228e-09, 1.37681432921e-09, 4.02029476376e-09, 1.20668852688e-09, 3.20633564144e-09, 3.26678204488e-08, 1.14729052925e-08, 2.77627254519e-10, 1.09685760474e-09, 7.4888699686e-09, 2.5230089129e-09, 1.1982349557e-09, 1.03922515038e-08, 5.88020743209e-09, 6.87886103634e-09, 1.5209978832e-09, 3.69369479447e-10, 1.08587661085e-09, 9.97725013718e-10, 1.51059317832e-10, 7.3438567727e-11, 1.3092194863e-11, 3.1707168141e-11, 5.50457509435e-12, 6.62151702826e-13, 1.99880395438e-13, 2.22315740171e-15, 4.95189437008e-16, 2.48644531139e-15, 9.53227161917e-15, 1.33142017309e-14, 1.87162305849e-15, 4.14529533466e-16],
        "dvar2": [5.53084987587e-07, 3.62883525895e-07, 2.02840752195e-07, 2.41103606413e-07, 1.80417600859e-08, 7.6803647886e-09, 1.7785207973e-08, 1.4434461626e-08, 4.5615600186e-09, 1.04360786679e-08, 3.2778637582e-09, 8.77489725326e-09, 5.79069983075e-08, 3.08121350656e-08, 5.78239900406e-10, 2.21970730685e-09, 1.93306721741e-08, 6.72981625982e-09, 3.13914161332e-09, 2.85984338433e-08, 1.35097586451e-08, 1.7322793866e-08, 4.31581792526e-09, 8.54655013427e-10, 2.86768919722e-09, 3.00310598611e-09, 4.14184880837e-10, 2.1714047227e-10, 3.30188584807e-11, 9.02668079172e-11, 1.33241213202e-11, 1.54740098773e-12, 4.39612186714e-13, 4.47717348425e-15, 9.73066579366e-16, 5.11435655992e-15, 1.35082349562e-14, 2.66417340663e-14, 3.02819043204e-15, 6.32719000281e-16],
        "max": [0.00357625982724, 0.00192897650413, 0.00316945440136, 0.00281314691529, 0.000537782732863, 0.000798164808657, 0.000871975382324, 0.000560431508347, 0.000351169175701, 0.000463853706606, 0.000218795030378, 0.000555759936105, 0.00285033555701, 0.00105999584775, 0.000176109868335, 0.000423694611527, 0.000836085120682, 0.000687236548401, 0.000331535586156, 0.000717255927157, 0.000758118694648, 0.00074420630699, 0.000306604459183, 0.000170565486769, 0.000251257151831, 0.000369013549061, 9.77432137006e-05, 7.57967645768e-05, 3.25216497004e-05, 4.49608414783e-05, 2.05331143661e-05, 7.67764231568e-06, 5.6136400417e-06, 5.60710191166e-07, 2.35837717355e-07, 4.79916081986e-07, 1.68189933447e-06, 1.82104645319e-06, 5.47608692614e-07, 2.21269601752e-07],
        "mean": [0.000597354723141, 0.000525696901605, 0.000437900976976, 0.000377612479497, 0.00013317837147, 0.00011251126125, 0.000186048753676, 0.000141872209497, 5.08417615492e-05, 0.000109603883175, 4.09431086155e-05, 5.94840930717e-05, 0.000111222849227, 9.50150279095e-05, 2.84216348518e-05, 3.18677302857e-05, 0.000160106035764, 0.000143378114444, 0.000111411085527, 0.000131508320919, 0.000145727812196, 0.000141208976856, 9.30079477257e-05, 5.85572961427e-05, 8.48637428135e-05, 5.99160339334e-05, 3.76347998099e-05, 2.14543506445e-05, 9.76686624199e-06, 1.61215539265e-05, 6.42706527287e-06, 2.40572785515e-06, 9.31818647132e-07, 1.00247390833e-07, 5.09877509103e-08, 9.68034754578e-08, 1.32359872396e-07, 7.91559031654e-08, 3.76387880863e-08, 1.9149924313e-08],
        "median": [0.000454311724752, 0.000406449078582, 0.000237928674323, 0.000258656131336, 0.000110169123218, 8.14351442386e-05, 0.000113666334073, 0.000102091173176, 3.5365264921e-05, 8.1259473518e-05, 2.51720521192e-05, 4.16178590967e-05, 4.70053128083e-05, 4.31571461377e-05, 1.69446448126e-05, 1.81962332135e-05, 0.000101203026134, 9.97670649667e-05, 9.48253000388e-05, 0.000100216639112, 0.000117411167594, 0.000110032087832, 7.98986875452e-05, 5.44580398127e-05, 7.8198594565e-05, 5.59897453059e-05, 3.38728641509e-05, 1.98169036594e-05, 8.95853190741e-06, 1.44011009979e-05, 5.93794402448e-06, 2.21222171604e-06, 8.14434145013e-07, 8.34084659118e-08, 4.25412025606e-08, 7.87346863262e-08, 9.53069374532e-08, 4.13904217567e-08, 1.86670270352e-08, 8.25271762039e-09],
        "min": [2.47650950769e-06, 3.28875239575e-06, 2.90570164907e-06, 1.6006823671e-06, 1.9916697056e-06, 3.33300386046e-06, 1.62982837537e-06, 5.20760238487e-07, 1.4138493043e-06, 1.78913603577e-06, 4.19424850406e-07, 4.5399440296e-07, 4.073711807e-06, 3.01247291645e-06, 1.41880946103e-06, 1.40399254178e-06, 9.39545770962e-07, 1.16158560104e-06, 2.11464021049e-06, 6.75848468745e-06, 1.15706643555e-05, 3.28421174345e-06, 4.00478575102e-06, 3.56816349267e-06, 2.38810071096e-06, 2.87509737973e-06, 1.48190486016e-06, 4.35926409637e-07, 3.04451475586e-07, 4.01422511231e-07, 4.1792853267e-07, 1.85465509617e-07, 1.42863910924e-07, 1.67529847772e-08, 7.62103269381e-09, 1.15723448602e-08, 2.37984618678e-08, 1.25575265741e-08, 4.75850869819e-09, 1.83451942526e-09],
        "var": [3.14336517704e-07, 1.6631958033e-07, 2.87213794081e-07, 1.34510599992e-07, 9.06070329876e-09, 1.21114522855e-08, 3.50880888789e-08, 1.33888589104e-08, 2.44993159093e-09, 7.01287694582e-09, 1.82311332697e-09, 4.00277588852e-09, 7.25553590541e-08, 2.20295159892e-08, 9.53104040136e-10, 2.37104336165e-09, 2.87067063454e-08, 1.55954662517e-08, 4.3013659301e-09, 1.31173019113e-08, 1.00253654267e-08, 9.33708488304e-09, 2.87759349682e-09, 8.98437380048e-10, 1.74620506943e-09, 1.37031630487e-09, 3.32973426609e-10, 1.24597332452e-10, 2.58541799081e-11, 6.61794993806e-11, 1.06638742975e-11, 1.32043995963e-12, 4.37863775186e-13, 4.84841870767e-15, 1.21898883132e-15, 4.94904410422e-15, 3.09431808247e-14, 2.92023078895e-14, 5.06321694573e-15, 1.26175605422e-15]
    },
    "mfcc": {
        "mean": [-613.626403809, 127.198043823, -72.0386886597, 62.7475090027, 2.03773665428, 3.12024974823, 0.907584071159, -3.77552032471, 10.1511726379, 1.70568716526, -2.85483717918, 3.09313106537, -7.39639425278],
        "cov": [[359.790802002, -43.6585273743, -41.233039856, -99.5978393555, -25.2924175262, -17.5926170349, 8.54539012909, -23.0717658997, -8.64294528961, -12.2259197235, 3.78962540627, 1.09486496449, 7.74705505371], [-43.6585273743, 222.689041138, 24.3975925446, 37.1174354553, 15.178150177, 46.7471618652, 19.3711338043, -0.619577765465, 3.6385102272, 22.1583423615, 3.14125347137, -28.3202838898, -40.4253807068], [-41.233039856, 24.3975925446, 71.4931335449, 54.7802391052, 14.2097215652, -3.22480273247, -3.37694215775, 9.25092220306, 0.505938708782, 3.06323027611, -2.04945850372, 3.78965306282, 4.70780754089], [-99.5978393555, 37.1174354553, 54.7802391052, 245.29045105, 8.10285949707, -9.46385288239, -51.3381195068, 8.66264247894, 7.43331193924, 49.4997520447, 23.6191940308, 23.032459259, -9.27038097382], [-25.2924175262, 15.178150177, 14.2097215652, 8.10285949707, 49.4916343689, 19.9836521149, 5.48335361481, -0.959899008274, 2.94198393822, -1.46066462994, -0.439368605614, -6.97321128845, -2.8427977562], [-17.5926170349, 46.7471618652, -3.22480273247, -9.46385288239, 19.9836521149, 49.349861145, 28.3427867889, 2.95710277557, 2.49911761284, -0.29659190774, -0.9845225811, -11.4956598282, -11.38530159], [8.54539012909, 19.3711338043, -3.37694215775, -51.3381195068, 5.48335361481, 28.3427867889, 63.477809906, 29.9125537872, 5.97192955017, -19.7176036835, -15.8363256454, -7.12528038025, 4.16043758392], [-23.0717658997, -0.619577765465, 9.25092220306, 8.66264247894, -0.959899008274, 2.95710277557, 29.9125537872, 51.8815956116, 20.1539802551, -3.72336578369, -11.2194595337, 5.28701972961, 10.5843343735], [-8.64294528961, 3.6385102272, 0.505938708782, 7.43331193924, 2.94198393822, 2.49911761284, 5.97192955017, 20.1539802551, 35.8978271484, 18.2350101471, 2.843313694, 1.12199521065, 3.3156311512], [-12.2259197235, 22.1583423615, 3.06323027611, 49.4997520447, -1.46066462994, -0.29659190774, -19.7176036835, -3.72336578369, 18.2350101471, 59.9182434082, 32.6215324402, 1.92207205296, -14.4752922058], [3.78962540627, 3.14125347137, -2.04945850372, 23.6191940308, -0.439368605614, -0.9845225811, -15.8363256454, -11.2194595337, 2.843313694, 32.6215324402, 43.4405288696, 10.932888031, -10.3873138428], [1.09486496449, -28.3202838898, 3.78965306282, 23.032459259, -6.97321128845, -11.4956598282, -7.12528038025, 5.28701972961, 1.12199521065, 1.92207205296, 10.932888031, 36.006313324, 22.5086402893], [7.74705505371, -40.4253807068, 4.70780754089, -9.27038097382, -2.8427977562, -11.38530159, 4.16043758392, 10.5843343735, 3.3156311512, -14.4752922058, -10.3873138428, 22.5086402893, 53.4440956116]],
