{
"lowlevel": {
    "average_loudness": 0.981745541096,
    "barkbands_crest": {
        "dmean": 2.3701198101,
        "dmean2": 4.00527906418,
        "dvar": 5.4736495018,
        "dvar2": 13.7342357635,
        "max": 21.1802330017,
        "mean": 7.61332607269,
        "median": 6.69327783585,
        "min": 3.1779460907,
        "var": 10.5523586273
    },
    "barkbands_flatness_db": {
        "dmean": 0.0145596712828,
        "dmean2": 0.0234679300338,
        "dvar": 0.000202055700356,
        "dvar2": 0.000469201069791,
        "max": 0.241756752133,
        "mean": 0.138339713216,
        "median": 0.136376976967,
        "min": 0.0791372060776,
        "var": 0.000809259654488
    },
    "barkbands_kurtosis": {
        "dmean": 1.60207629204,
        "dmean2": 2.69713783264,
        "dvar": 5.31004190445,
        "dvar2": 13.6010942459,
        "max": 22.6878089905,
        "mean": 1.19490623474,
        "median": 0.367021560669,
        "min": -1.86929094791,
        "var": 8.43077373505
    },
    "barkbands_skewness": {
        "dmean": 0.503951013088,
        "dmean2": 0.784934639931,
        "dvar": 0.250580370426,
        "dvar2": 0.57373636961,
        "max": 2.57931375504,
        "mean": -0.754196763039,
        "median": -0.997377991676,
        "min": -3.97858190536,
        "var": 1.28234004974
    },
    "barkbands_spread": {
        "dmean": 7.02053976059,
        "dmean2": 11.6656532288,
        "dvar": 47.595489502,
        "dvar2": 122.061714172,
        "max": 61.7053337097,
        "mean": 27.2732086182,
        "median": 24.7067718506,
        "min": 5.18366527557,
        "var": 158.444259644
    },
    "dissonance": {
        "dmean": 0.00515378173441,
        "dmean2": 0.0084266923368,
        "dvar": 3.52766583092e-05,
        "dvar2": 9.22581602936e-05,
        "max": 0.5,
        "mean": 0.49255374074,
        "median": 0.494750142097,
        "min": 0.440976679325,
        "var": 4.87205434183e-05
    },
    "dynamic_complexity": 1.45964956284,
    "erbbands_crest": {
        "dmean": 2.5307469368,
        "dmean2": 4.23839044571,
        "dvar": 6.13539171219,
        "dvar2": 15.5138998032,
        "max": 25.3297634125,
        "mean": 9.10236740112,
        "median": 8.21422576904,
        "min": 4.40530014038,
        "var": 10.5856533051
    },
    "erbbands_flatness_db": {
        "dmean": 0.0137144476175,
        "dmean2": 0.0216169375926,
        "dvar": 0.000179837472388,
        "dvar2": 0.00041632191278,
        "max": 0.35034635663,
        "mean": 0.236453592777,
        "median": 0.234060421586,
        "min": 0.170268818736,
        "var": 0.00085457629757
    },
    "erbbands_kurtosis": {
        "dmean": 1.98827314377,
        "dmean2": 3.28139591217,
        "dvar": 4.73699855804,
        "dvar2": 12.1600570679,
        "max": 17.3169879913,
        "mean": 3.71670389175,
        "median": 3.46876597404,
        "min": -1.38282418251,
        "var": 10.6982841492
    },
    "erbbands_skewness": {
        "dmean": 0.399140119553,
        "dmean2": 0.612751185894,
        "dvar": 0.125694394112,
        "dvar2": 0.306537240744,
        "max": 0.743130028248,
        "mean": -1.16406714916,
        "median": -1.19120538235,
        "min": -2.8565299511,
        "var": 0.41884508729
    },
    "erbbands_spread": {
        "dmean": 4.10683250427,
        "dmean2": 6.22294902802,
        "dvar": 22.2823371887,
        "dvar2": 47.8529205322,
        "max": 56.2356376648,
        "mean": 16.3271331787,
        "median": 12.7935371399,
        "min": 2.47563505173,
        "var": 91.3770294189
    },
    "hfc": {
        "dmean": 6.21784305573,
        "dmean2": 9.35284328461,
        "dvar": 35.7761192322,
        "dvar2": 82.1286849976,
        "max": 77.5590133667,
        "mean": 30.74467659,
        "median": 32.0839958191,
        "min": 4.45303678513,
        "var": 225.259918213
    },
    "melbands_crest": {
        "dmean": 3.06265521049,
        "dmean2": 5.01750135422,
        "dvar": 8.87646770477,
        "dvar2": 21.0788860321,
        "max": 27.941280365,
        "mean": 9.5478219986,
        "median": 7.53344106674,
        "min": 2.93283557892,
        "var": 30.2610054016
    },
    "melbands_flatness_db": {
        "dmean": 0.0190360546112,
        "dmean2": 0.0297773033381,
        "dvar": 0.000441658718046,
        "dvar2": 0.000964374339674,
        "max": 0.310138165951,
        "mean": 0.140051051974,
        "median": 0.117990702391,
        "min": 0.0707346126437,
        "var": 0.00253453664482
    },
    "melbands_kurtosis": {
        "dmean": 1.73470628262,
        "dmean2": 2.8169863224,
        "dvar": 7.96741008759,
        "dvar2": 16.8713359833,
        "max": 28.075296402,
        "mean": 1.12276697159,
        "median": -0.675565004349,
        "min": -1.76718449593,
        "var": 23.1291809082
    },
    "melbands_skewness": {
        "dmean": 0.576670229435,
        "dmean2": 0.896513342857,
        "dvar": 0.357257843018,
        "dvar2": 0.779786586761,
        "max": 5.1808848381,
        "mean": 0.408378064632,
        "median": -0.0163865610957,
        "min": -2.54639625549,
        "var": 2.04472374916
    },
    "melbands_spread": {
        "dmean": 14.3720369339,
        "dmean2": 23.2274990082,
        "dvar": 145.915405273,
        "dvar2": 374.57131958,
        "max": 115.733337402,
        "mean": 61.6623420715,
        "median": 63.0944824219,
        "min": 10.5835208893,
        "var": 505.656768799
    },
    "pitch_salience": {
        "dmean": 0.0657999068499,
        "dmean2": 0.108227036893,
        "dvar": 0.00384296569973,
        "dvar2": 0.00934296287596,
        "max": 0.825010716915,
        "mean": 0.649689555168,
        "median": 0.678254663944,
        "min": 0.174697160721,
        "var": 0.013609463349
    },
    "silence_rate_20dB": {
        "dmean": 0,
        "dmean2": 0,
        "dvar": 0,
        "dvar2": 0,
        "max": 1,
        "mean": 1,
        "median": 1,
        "min": 1,
        "var": 0
    },
    "silence_rate_30dB": {
        "dmean": 0,
        "dmean2": 0,
        "dvar": 0,
        "dvar2": 0,
        "max": 1,
        "mean": 1,
        "median": 1,
        "min": 1,
        "var": 0
    },
    "silence_rate_60dB": {
        "dmean": 0,
        "dmean2": 0,
        "dvar": 0,
        "dvar2": 0,
        "max": 0,
        "mean": 0,
        "median": 0,
        "min": 0,
        "var": 0
    },
    "spectral_centroid": {
        "dmean": 167.383560181,
        "dmean2": 258.676452637,
        "dvar": 26534.9589844,
        "dvar2": 58415.0703125,
        "max": 3204.3449707,
        "mean": 2675.54296875,
        "median": 2757.60107422,
        "min": 1293.54150391,
        "var": 130396.5625
    },
    "spectral_complexity": {
        "dmean": 4.4227643013,
        "dmean2": 6.92934799194,
        "dvar": 14.05975914,
        "dvar2": 26.0276165009,
        "max": 53,
        "mean": 34.2135124207,
        "median": 36,
        "min": 8,
        "var": 88.5517120361
    },
    "spectral_decrease": {
        "dmean": 6.8254391028e-10,
        "dmean2": 1.13003006952e-09,
        "dvar": 3.5840324565e-19,
        "dvar2": 9.74101848015e-19,
        "max": -9.41554501033e-10,
        "mean": -3.50330209287e-09,
        "median": -3.44194983626e-09,
        "min": -6.25746121585e-09,
        "var": 1.2656207686e-18
    },
    "spectral_energy": {
        "dmean": 0.00299677392468,
        "dmean2": 0.00488762604073,
        "dvar": 6.41794122203e-06,
        "dvar2": 1.72086456587e-05,
        "max": 0.0300616603345,
        "mean": 0.0160108804703,
        "median": 0.0162819270045,
        "min": 0.00467495247722,
        "var": 2.67366358457e-05
    },
    "spectral_energyband_high": {
        "dmean": 0.000265111069893,
        "dmean2": 0.000414863228798,
        "dvar": 9.39222886132e-08,
        "dvar2": 2.21950699597e-07,
        "max": 0.00413048965856,
        "mean": 0.000823993119411,
        "median": 0.000787725672126,
        "min": 6.38489436824e-05,
        "var": 2.65738577809e-07
    },
    "spectral_energyband_low": {
        "dmean": 0.0014698918676,
        "dmean2": 0.00245936098509,
        "dvar": 4.36643040302e-06,
        "dvar2": 1.21406274047e-05,
        "max": 0.0177150610834,
        "mean": 0.00253384234384,
        "median": 0.0011920274701,
        "min": 9.45948413573e-05,
        "var": 1.09456086648e-05
    },
    "spectral_energyband_middle_high": {
        "dmean": 0.0023269134108,
        "dmean2": 0.0035484302789,
        "dvar": 5.40192513654e-06,
        "dvar2": 1.23130448628e-05,
        "max": 0.0281403716654,
        "mean": 0.0108217624947,
        "median": 0.0111248102039,
        "min": 0.00141493871342,
        "var": 3.09649985866e-05
    },
    "spectral_energyband_middle_low": {
        "dmean": 0.000953952316195,
        "dmean2": 0.00151986372657,
        "dvar": 1.79630455932e-06,
        "dvar2": 4.04050979341e-06,
        "max": 0.0151467975229,
        "mean": 0.00211583520286,
        "median": 0.00136598967947,
        "min": 8.57862323755e-05,
        "var": 4.68340431325e-06
    },
    "spectral_entropy": {
        "dmean": 0.0693105235696,
        "dmean2": 0.113340519369,
        "dvar": 0.00457471236587,
        "dvar2": 0.0104828672484,
        "max": 7.85512399673,
        "mean": 7.62150478363,
        "median": 7.6225361824,
        "min": 7.2042760849,
        "var": 0.00883162673563
    },
    "spectral_flux": {
        "dmean": 0.0124055193737,
        "dmean2": 0.0196235626936,
        "dvar": 0.000132900269818,
        "dvar2": 0.000352604314685,
        "max": 0.148344963789,
        "mean": 0.082355260849,
        "median": 0.0821335315704,
        "min": 0.0326578691602,
        "var": 0.000416106544435
    },
    "spectral_kurtosis": {
        "dmean": 3.14493513107,
        "dmean2": 5.53428936005,
        "dvar": 8.19897937775,
        "dvar2": 25.4251441956,
        "max": 19.3183078766,
        "mean": 6.57029676437,
        "median": 5.9226398468,
        "min": 0.97869348526,
        "var": 11.7512207031
    },
    "spectral_rms": {
        "dmean": 0.000380731158657,
        "dmean2": 0.000621095416136,
        "dvar": 1.10009104048e-07,
        "dvar2": 2.9804988344e-07,
        "max": 0.00541557464749,
        "mean": 0.00389521871693,
        "median": 0.00398557493463,
        "min": 0.00213563325815,
        "var": 4.47637830803e-07
    },
    "spectral_rolloff": {
        "dmean": 328.425109863,
        "dmean2": 531.308105469,
        "dvar": 128361.84375,
        "dvar2": 303113.25,
        "max": 4457.37304688,
        "mean": 3023.90209961,
        "median": 3186.9140625,
        "min": 107.666015625,
        "var": 444147.375
    },
    "spectral_skewness": {
        "dmean": 0.306806892157,
        "dmean2": 0.535886228085,
        "dvar": 0.0895646438003,
        "dvar2": 0.230027154088,
        "max": 3.51463365555,
        "mean": 0.97380900383,
        "median": 0.96783387661,
        "min": -0.00129780522548,
        "var": 0.191390290856
    },
    "spectral_spread": {
        "dmean": 164396.046875,
        "dmean2": 260284.328125,
        "dvar": 65964642304,
        "dvar2": 101209161728,
        "max": 6262199.5,
        "mean": 2117861.25,
        "median": 2098723,
        "min": 1433143.5,
        "var": 145846026240
    },
    "spectral_strongpeak": {
        "dmean": 1.11751937866,
        "dmean2": 1.9485886097,
        "dvar": 1.46822428703,
        "dvar2": 3.96903920174,
        "max": 11.2543649673,
        "mean": 1.67944633961,
        "median": 1.4533649683,
        "min": 0.033024892211,
        "var": 2.52014636993
    },
    "zerocrossingrate": {
        "dmean": 0.00741155352443,
        "dmean2": 0.00874394923449,
        "dvar": 6.05726563663e-05,
        "dvar2": 6.94840127835e-05,
        "max": 0.13427734375,
        "mean": 0.0995908975601,
        "median": 0.10693359375,
        "min": 0.02294921875,
        "var": 0.000627317873295
    },
    "barkbands": {
        "dmean": [6.95883727531e-06, 0.00109453720506, 0.000560222950298, 0.000345860520611, 0.000352743809344, 0.000127779494505, 0.000175399138243, 9.59407698247e-05, 0.000354625983164, 0.000334328622557, 0.000186203469639, 0.000249374483246, 8.44488458824e-05, 0.00070847623283, 0.000488518504426, 0.00100740045309, 0.00140098668635, 0.000682790996507, 0.000675012124702, 0.000273062614724, 0.000177108522621, 3.18988968502e-05, 1.92390666598e-06, 4.00089948016e-06, 1.57435454184e-06, 7.23934363123e-07, 6.11866539657e-08],
        "dmean2": [1.11846275104e-05, 0.00183661503252, 0.000931137590669, 0.000589989766013, 0.000601202482358, 0.000209936042666, 0.0002957136021, 0.000161709773238, 0.000578124658205, 0.000549588003196, 0.000321515835822, 0.000429656851338, 0.000137803028338, 0.00120871537365, 0.000769253238104, 0.00163858232554, 0.00230605341494, 0.00114853796549, 0.00111873459537, 0.000463170494186, 0.000290082331048, 5.27438751305e-05, 2.96358552987e-06, 6.01646888754e-06, 2.35783386415e-06, 1.00668501091e-06, 8.84401458734e-08],
        "dvar": [1.84942880455e-10, 3.07657865051e-06, 6.86732221311e-07, 4.44422823875e-07, 5.0834950116e-07, 2.39166695337e-08, 5.65743398795e-08, 2.09633839177e-08, 4.82287873638e-07, 5.14404291607e-07, 8.07061084629e-08, 1.61146942901e-07, 2.0345950702e-08, 1.63407412401e-06, 5.36316690614e-07, 1.43247461892e-06, 3.66839276467e-06, 7.04395063167e-07, 6.44235512937e-07, 8.92006113418e-08, 5.46835252635e-08, 1.44557632531e-09, 6.66492468854e-12, 2.9564045656e-11, 4.12744534731e-12, 1.54377357252e-12, 4.17632169624e-14],
        "dvar2": [4.12860634569e-10, 8.18682292447e-06, 1.65329277024e-06, 1.11471240416e-06, 1.24465100271e-06, 5.62892452649e-08, 1.43572293609e-07, 5.42271294535e-08, 1.05628259917e-06, 1.29732950427e-06, 1.98278016228e-07, 4.50846499689e-07, 5.00989081331e-08, 4.24060772275e-06, 1.21974153444e-06, 3.70110569747e-06, 8.75035038916e-06, 1.81193411208e-06, 1.81490463547e-06, 2.30799955148e-07, 1.26633381115e-07, 3.6603988729e-09, 1.45043768662e-11, 6.05562960887e-11, 8.15369907009e-12, 2.97836061369e-12, 6.0524969639e-14],
        "max": [0.000167901074747, 0.0151369366795, 0.00682786246762, 0.00555440038443, 0.00929541699588, 0.00169516296592, 0.00214719679207, 0.00165577407461, 0.00743635743856, 0.00793648324907, 0.00244038226083, 0.00394831551239, 0.0013736539986, 0.0118497507647, 0.00758230080828, 0.010214779526, 0.0207664184272, 0.00866118166596, 0.00736894225702, 0.00313915335573, 0.00344724138267, 0.000373615388526, 3.12280935759e-05, 6.02444706601e-05, 2.47369898716e-05, 1.56087917276e-05, 3.52970869244e-06],
        "mean": [7.95498635853e-06, 0.00158775900491, 0.000753294851165, 0.000392160873162, 0.00050324422773, 0.0001896488684, 0.000222970105824, 0.000134123023599, 0.000481155060697, 0.00050842872588, 0.000249864155194, 0.000344014522852, 0.000130626314785, 0.000970424734987, 0.000849915668368, 0.00191503518727, 0.00261059589684, 0.00136934733018, 0.00151803472545, 0.000689000880811, 0.000468095764518, 8.92678945092e-05, 5.34745140612e-06, 1.30722446556e-05, 5.41480176253e-06, 2.00802060135e-06, 9.38646991244e-08],
        "median": [3.35236200044e-06, 0.000606415385846, 0.000300841493299, 0.000184628879651, 0.000201433082111, 0.00010348529031, 0.000123396981508, 8.45564063638e-05, 0.000168017053511, 0.000154636989464, 0.0001223278814, 0.000193073152332, 5.99660088483e-05, 0.000506895710714, 0.000555554404855, 0.00149338878691, 0.0018677841872, 0.00114411581308, 0.00137497344986, 0.00060083786957, 0.000434753135778, 8.42345834826e-05, 3.57206499757e-06, 7.05455840944e-06, 3.47687546309e-06, 1.44762125842e-07, 1.76166281562e-08],
        "min": [1.41311957691e-08, 1.72124018718e-05, 8.16256397229e-06, 5.5077896377e-07, 8.6025620476e-06, 3.25011524183e-06, 2.23660413212e-06, 1.39925111853e-06, 1.78033940301e-06, 5.48254320165e-06, 5.58112287763e-06, 1.09848160719e-05, 1.55438442562e-06, 4.3052212277e-05, 3.05839093926e-05, 6.01809369982e-05, 0.000222819595365, 0.000102797268482, 0.000169054925209, 5.35344552191e-05, 3.64624283975e-05, 5.37092228114e-06, 2.32606069517e-07, 5.68407187984e-07, 5.86068900077e-08, 2.12451425341e-08, 1.35561528669e-09],
        "var": [2.49728071555e-10, 6.23055575488e-06, 1.28095382479e-06, 5.02171076278e-07, 8.94133791007e-07, 5.54763452953e-08, 8.65264766503e-08, 2.85132113476e-08, 9.216929584e-07, 8.70377448337e-07, 1.19370369589e-07, 1.77080394792e-07, 3.67671475487e-08, 1.79589403615e-06, 9.3045042604e-07, 2.62100684267e-06, 6.01087549512e-06, 1.31626779876e-06, 1.12710358735e-06, 2.01897435659e-07, 1.12485402326e-07, 3.64064334235e-09, 2.66036064706e-11, 1.82197465448e-10, 3.31105837192e-11, 9.50621525941e-12, 6.10453324717e-14]
    },
    "erbbands": {
        "dmean": [0.0198438428342, 0.29078951478, 0.716528773308, 0.775009036064, 1.31787896156, 1.21111536026, 0.88213378191, 1.10250556469, 1.10375833511, 3.6725320816, 2.99404478073, 6.95279741287, 9.84526634216, 8.80136871338, 7.98794126511, 8.87355422974, 3.34384131432, 22.4357089996, 34.0128974915, 36.8972854614, 53.4759063721, 76.4712982178, 35.8149871826, 42.0367431641, 22.3999824524, 13.8559751511, 7.30069112778, 5.2815823555, 1.33722507954, 0.213408693671, 0.0623059868813, 0.103508234024, 0.0540408194065, 0.0306081660092, 0.00407806178555, 0.00395967112854, 0.00117234012578, 0.000121276898426, 6.87242027197e-06, 4.19659136242e-06],
        "dmean2": [0.0329013727605, 0.493321120739, 1.17551660538, 1.33866047859, 2.22426915169, 2.05439639091, 1.56523060799, 1.71394085884, 1.88524019718, 6.21844673157, 4.93221759796, 11.1782627106, 15.9733810425, 14.8447446823, 13.4897994995, 15.4749584198, 5.29995679855, 38.3311386108, 56.8141441345, 59.4051933289, 86.2012939453, 126.699172974, 56.3132896423, 70.9315414429, 37.4045982361, 23.4753875732, 12.1291446686, 8.47390460968, 2.13941049576, 0.341940075159, 0.0945612639189, 0.156805738807, 0.0799770355225, 0.0455522574484, 0.00576158706099, 0.00566937634721, 0.00169689406175, 0.000173313528649, 9.44860221352e-06, 6.64013487039e-06],
        "dvar": [0.000904268119484, 0.223492637277, 1.09303438663, 1.69768261909, 5.86725234985, 7.08420848846, 1.99925005436, 2.32441663742, 2.40280485153, 21.774433136, 42.7081832886, 177.793609619, 449.092529297, 346.948028564, 153.90234375, 211.461593628, 24.9412631989, 1293.05029297, 3929.43359375, 3108.78320312, 3897.99731445, 12359.765625, 1881.59838867, 2135.60522461, 664.79119873, 249.617034912, 77.8580856323, 50.011177063, 2.47877836227, 0.0580422207713, 0.00655382033437, 0.015597990714, 0.00650601787493, 0.0014959735563, 5.01803478983e-05, 4.43691023975e-05, 4.19961133957e-06, 6.52901803733e-08, 6.25505092167e-10, 1.47816446583e-11],
        "dvar2": [0.00219725514762, 0.597116827965, 2.65251922607, 4.39129924774, 14.9005613327, 16.7301368713, 5.26621675491, 5.20523452759, 5.95017528534, 57.7107429504, 111.011360168, 348.529632568, 942.992797852, 926.946594238, 414.602752686, 577.978149414, 60.0302467346, 3460.87573242, 9712.76464844, 7409.03271484, 9314.75390625, 31049.5019531, 4580.05517578, 6028.39208984, 1799.11425781, 651.932556152, 197.609573364, 109.580299377, 6.11001396179, 0.145827233791, 0.0140451919287, 0.0323523655534, 0.0140880867839, 0.00284645869397, 9.58161690505e-05, 8.75060432008e-05, 8.48983563628e-06, 1.16867923339e-07, 6.6366956375e-10, 3.25463510309e-11],
        "max": [0.309865474701, 3.98190712929, 10.4470787048, 11.2093229294, 33.7920837402, 34.5275917053, 15.4513607025, 19.7206878662, 11.2428359985, 38.5252571106, 72.8579940796, 162.4112854, 316.66885376, 172.014450073, 103.888015747, 142.679550171, 56.4244689941, 309.124786377, 598.885314941, 556.474609375, 510.41506958, 1373.53771973, 516.659240723, 402.709503174, 273.804992676, 180.003723145, 100.889358521, 107.547325134, 13.9583997726, 3.13885354996, 0.934739649296, 1.34835600853, 0.943550884724, 0.559677183628, 0.103940360248, 0.0881598815322, 0.0265896748751, 0.00357913831249, 0.000500669586472, 6.6100168624e-05],
        "mean": [0.0277130305767, 0.416011571884, 1.00511050224, 1.02433025837, 1.71008014679, 1.64042341709, 1.25377774239, 1.62489116192, 1.66480410099, 4.92218160629, 4.16707801819, 10.01288414, 15.793129921, 12.9637336731, 11.9432401657, 12.7924985886, 6.68850374222, 32.2777328491, 54.8863754272, 69.1197280884, 113.212921143, 143.11882019, 81.5980072021, 90.6229705811, 56.8431816101, 34.081741333, 19.4533748627, 14.5238609314, 4.08090543747, 0.623706698418, 0.184570521116, 0.311866134405, 0.169143632054, 0.110367633402, 0.0121504552662, 0.0107237882912, 0.00314253708348, 0.000266294955509, 2.27299569815e-05, 2.30284058489e-05],
        "median": [0.0103780310601, 0.157379418612, 0.380296230316, 0.544411659241, 0.804718077183, 0.560069620609, 0.717636704445, 0.72765648365, 0.996682286263, 3.04935789108, 2.00248599052, 3.75637841225, 3.8702275753, 5.19909763336, 6.99422073364, 7.40742683411, 3.87445092201, 19.5175418854, 32.8323898315, 52.0621490479, 95.5733337402, 109.434356689, 70.1281585693, 81.4064788818, 53.2293395996, 29.723651886, 17.9602203369, 13.1264133453, 3.88189792633, 0.556956231594, 0.133286118507, 0.192101478577, 0.0786495506763, 0.076725050807, 0.00469127716497, 0.00108385237399, 0.000209612306207, 1.88363246707e-05, 1.51110925799e-05, 2.30182340601e-05],
        "min": [0.000486886128783, 0.0042131585069, 0.0168555844575, 0.0294541046023, 0.0196059439331, 0.0215281229466, 0.0391084961593, 0.0187347065657, 0.0428116545081, 0.0619135648012, 0.0671903863549, 0.071407020092, 0.148451536894, 0.314984053373, 0.341167122126, 0.381193041801, 0.29053735733, 1.32656669617, 1.616492033, 3.78228139877, 6.28623580933, 11.1014413834, 7.61967372894, 8.80790328979, 3.69055938721, 2.71405792236, 1.85808682442, 0.878713726997, 0.244669646025, 0.0400716885924, 0.00881828274578, 0.0140005396679, 0.00570107251406, 0.00125618418679, 0.000158663606271, 0.000126196769997, 2.9068243748e-05, 2.31879971579e-06, 3.758091907e-06, 6.78564447298e-06],
        "var": [0.0016469884431, 0.450121164322, 2.45185399055, 2.14172196388, 8.98944282532, 12.3638353348, 2.75039100647, 5.89943408966, 3.9190762043, 31.3136978149, 57.6320457458, 386.518615723, 1090.86352539, 466.63104248, 191.637359619, 236.460678101, 59.5242919922, 1509.55090332, 5130.05273438, 4724.31347656, 8075.18847656, 17470.7441406, 4394.59472656, 4023.37792969, 1370.34118652, 519.804016113, 169.064544678, 109.186897278, 7.0444021225, 0.20288489759, 0.0264419149607, 0.0894241929054, 0.0367258116603, 0.0139221707359, 0.000234225575696, 0.000260058353888, 2.37057010963e-05, 2.40240041194e-07, 9.40034827757e-10, 6.8158208244e-11]
    },
    "gfcc": {
        "mean": [-23.5209350586, 90.1311264038, -186.868911743, 67.6249923706, -30.3323669434, -1.90410006046, -22.8218040466, 12.5296640396, -16.0602626801, -3.09285712242, -15.4767436981, -11.0934925079, 1.69332551956],
        "cov": [[1242.92651367, -558.071105957, 32.8500938416, -491.54385376, -270.407928467, 6.64664840698, -262.620117188, 147.535980225, -174.107009888, 95.9230499268, -196.77722168, 162.677520752, -45.407207489], [-558.071105957, 799.601196289, 224.608230591, 185.188919067, 116.884132385, 5.09130907059, 220.292175293, -73.6869049072, 39.8513336182, -118.177345276, 74.077507019, -74.3372879028, 41.0319366455], [32.8500938416, 224.608230591, 259.108184814, 1.09977972507, 51.3587875366, 20.9165325165, 17.7268314362, 2.69990491867, -54.899559021, -24.2546386719, -39.8224601746, 45.500213623, -8.56799316406], [-491.54385376, 185.188919067, 1.09977972507, 369.225006104, 168.126693726, -7.6039276123, 108.984802246, -87.1952667236, 96.1942214966, -22.4683246613, 121.289115906, -65.2066345215, 18.2711238861], [-270.407928467, 116.884132385, 51.3587875366, 168.126693726, 198.910232544, 72.3020324707, 84.7197875977, -62.4224243164, 30.1368160248, -2.19834709167, 54.1342735291, -11.9827365875, -17.8291778564], [6.64664840698, 5.09130907059, 20.9165325165, -7.6039276123, 72.3020324707, 106.80695343, 51.1806182861, -5.83034229279, -14.9314603806, 16.5790843964, 6.85711765289, 9.9287853241, -11.88093853], [-262.620117188, 220.292175293, 17.7268314362, 108.984802246, 84.7197875977, 51.1806182861, 165.889434814, -14.8718242645, 47.4652709961, -28.172586441, 53.1561317444, -35.5283622742, -2.78331661224], [147.535980225, -73.6869049072, 2.69990491867, -87.1952667236, -62.4224243164, -5.83034229279, -14.8718242645, 82.9091949463, 2.77713465691, 5.45189189911, -40.9216270447, 18.3880348206, 7.81494998932], [-174.107009888, 39.8513336182, -54.899559021, 96.1942214966, 30.1368160248, -14.9314603806, 47.4652709961, 2.77713465691, 96.5182571411, 15.8812551498, 45.5398635864, -31.7832717896, 11.6823816299], [95.9230499268, -118.177345276, -24.2546386719, -22.4683246613, -2.19834709167, 16.5790843964, -28.172586441, 5.45189189911, 15.8812551498, 68.3503112793, 15.0034646988, 19.9850158691, -12.9938335419], [-196.77722168, 74.077507019, -39.8224601746, 121.289115906, 54.1342735291, 6.85711765289, 53.1561317444, -40.9216270447, 45.5398635864, 15.0034646988, 102.495117188, -8.52733707428, 9.97337627411], [162.677520752, -74.3372879028, 45.500213623, -65.2066345215, -11.9827365875, 9.9287853241, -35.5283622742, 18.3880348206, -31.7832717896, 19.9850158691, -8.52733707428, 77.4965667725, 3.6026506424], [-45.407207489, 41.0319366455, -8.56799316406, 18.2711238861, -17.8291778564, -11.88093853, -2.78331661224, 7.81494998932, 11.6823816299, -12.9938335419, 9.97337627411, 3.6026506424, 58.3869895935]],
        "icov": [[0.00383534166031, -0.000128500760184, 0.000677409407217, -0.000561753346119, 0.00365031114779, -0.00248413532972, 0.00185488257557, -0.00195028400049, 0.00253526796587, -0.00341095845215, 0.00360305490904, -0.00465906132013, 0.00271252100356], [-0.000128500760184, 0.0130595164374, -0.0170865338296, 0.0105323987082, -0.000491967890412, 0.0042340089567, -0.00994645711035, 0.0114185269922, -0.00947085861117, 0.0130857490003, -0.0145430173725, 0.0154103655368, -0.0100315818563], [0.000677409407217, -0.0170865338296, 0.0294133797288, -0.0157960187644, -0.00143725180533, -0.00300858309492, 0.00972339231521, -0.0162884220481, 0.0179405342788, -0.018885742873, 0.0245896093547, -0.0255556069314, 0.0129704289138], [-0.000561753346119, 0.0105323987082, -0.0157960187644, 0.0205678530037, -0.00924763642251, 0.0093802344054, -0.0080027570948, 0.0112574500963, -0.0117041226476, 0.012647267431, -0.0201561078429, 0.0191682446748, -0.011979659088], [0.00365031114779, -0.000491967890412, -0.00143725180533, -0.00924763642251, 0.0247555337846, -0.0180801264942, 0.00363135291263, 0.0065370160155, -0.00587791576982, 0.00169184920378, 0.00704676983878, -0.0113547323272, 0.0100955460221], [-0.00248413532972, 0.0042340089567, -0.00300858309492, 0.0093802344054, -0.0180801264942, 0.031621530652, -0.016613477841, 0.000128718238557, 0.0104956123978, -0.00912013743073, -0.00522581022233, 0.0110850995407, -0.0121008986607], [0.00185488257557, -0.00994645711035, 0.00972339231521, -0.0080027570948, 0.00363135291263, -0.016613477841, 0.0269763991237, -0.0123903341591, -0.00241648266092, 0.00288886856288, 0.00268035917543, -0.00998674705625, 0.0143210850656], [-0.00195028400049, 0.0114185269922, -0.0162884220481, 0.0112574500963, 0.0065370160155, 0.000128718238557, -0.0123903341591, 0.0380052365363, -0.0223021674901, 0.0140809165314, -0.0039191422984, 0.00769576104358, -0.011318847537], [0.00253526796587, -0.00947085861117, 0.0179405342788, -0.0117041226476, -0.00587791576982, 0.0104956123978, -0.00241648266092, -0.0223021674901, 0.0431564450264, -0.0299665275961, 0.0118666961789, -0.00617956602946, 0.0011837297352], [-0.00341095845215, 0.0130857490003, -0.018885742873, 0.012647267431, 0.00169184920378, -0.00912013743073, 0.00288886856288, 0.0140809165314, -0.0299665275961, 0.0511784702539, -0.0275879409164, 0.0123472707346, -0.000328052730765], [0.00360305490904, -0.0145430173725, 0.0245896093547, -0.0201561078429, 0.00704676983878, -0.00522581022233, 0.00268035917543, -0.0039191422984, 0.0118666961789, -0.0275879409164, 0.0494213476777, -0.0320240147412, 0.00969906523824], [-0.00465906132013, 0.0154103655368, -0.0255556069314, 0.0191682446748, -0.0113547323272, 0.0110850995407, -0.00998674705625, 0.00769576104358, -0.00617956602946, 0.0123472707346, -0.0320240147412, 0.0507335700095, -0.02059529908], [0.00271252100356, -0.0100315818563, 0.0129704289138, -0.011979659088, 0.0100955460221, -0.0121008986607, 0.0143210850656, -0.011318847537, 0.0011837297352, -0.000328052730765, 0.00969906523824, -0.02059529908, 0.0340608581901]]
    },
    "melbands": {
        "dmean": [0.000247664458584, 0.000368619104847, 0.000145469806739, 9.2266323918e-05, 3.12686825055e-05, 2.37521908275e-05, 2.31622198044e-05, 3.48249777744e-05, 3.35685617756e-05, 4.53144602943e-05, 4.98876688653e-05, 3.82932521461e-05, 2.69606898655e-05, 3.30074108206e-05, 1.03438687802e-05, 1.61229108926e-05, 4.70886880066e-05, 6.69789151289e-05, 3.85954226658e-05, 6.1177634052e-05, 7.54657885409e-05, 8.65585316205e-05, 5.36956176802e-05, 3.41644190485e-05, 3.82531870855e-05, 2.27514301514e-05, 1.40855281643e-05, 8.86113048182e-06, 3.54625740329e-06, 6.94701338944e-06, 2.1880246095e-06, 9.26939719648e-07, 3.7477715864e-07, 5.31589314789e-08, 3.32867671204e-08, 6.13586408349e-08, 7.11258678621e-08, 4.48638850514e-08, 3.42106858398e-08, 2.49367158034e-08],
        "dmean2": [0.000411101907957, 0.000609222741332, 0.000243168586167, 0.000154156208737, 5.42816706002e-05, 3.71161077055e-05, 3.94981689169e-05, 5.87995709793e-05, 5.49362230231e-05, 7.23395278328e-05, 8.05503077572e-05, 6.56172051094e-05, 4.68073812954e-05, 5.68629693589e-05, 1.71595074789e-05, 2.71358549071e-05, 8.08654294815e-05, 0.000112936504593, 6.27890185569e-05, 0.000101237739727, 0.000122615587316, 0.000144993668073, 8.32806254039e-05, 5.71495220356e-05, 6.493973342e-05, 3.84928716812e-05, 2.44070542976e-05, 1.51828107846e-05, 5.9613380472e-06, 1.13613214126e-05, 3.51541189048e-06, 1.52532334141e-06, 6.18655008111e-07, 8.65879670187e-08, 5.24288594761e-08, 9.33432602324e-08, 1.09484624033e-07, 6.81742733377e-08, 5.40663300796e-08, 3.75740292213e-08],
        "dvar": [1.43281326359e-07, 2.97771322266e-07, 5.85313912893e-08, 3.42632517913e-08, 3.24807847285e-09, 9.81315473325e-10, 1.04514386035e-09, 1.91235516311e-09, 5.75380010304e-09, 7.28608240408e-09, 1.1446140924e-08, 7.00982871749e-09, 1.62633262413e-09, 3.00539415576e-09, 2.62485810865e-10, 6.53219867086e-10, 6.14787198927e-09, 1.76513310635e-08, 3.75225273075e-09, 7.12596781582e-09, 8.20606782526e-09, 1.62539190995e-08, 3.17137760497e-09, 2.03661132403e-09, 1.92889015871e-09, 9.82251058268e-10, 2.16084788951e-10, 1.21888776849e-10, 1.74045725748e-11, 9.44190767238e-11, 6.14588588355e-12, 1.18438332058e-12, 1.78988442991e-13, 5.55745558825e-15, 2.01832980023e-15, 4.87505408221e-15, 9.07240811475e-15, 4.51721950793e-15, 2.32977957977e-15, 1.03985353907e-15],
        "dvar2": [3.70181538756e-07, 7.86022326338e-07, 1.47490425206e-07, 8.18002448e-08, 8.51558468185e-09, 2.25082974481e-09, 2.59167154404e-09, 5.09123632142e-09, 1.46043728222e-08, 1.49365604329e-08, 2.4734307047e-08, 1.89317734822e-08, 4.24010959676e-09, 8.3295077502e-09, 7.04123148676e-10, 1.73329395281e-09, 1.65477143099e-08, 4.49390391566e-08, 8.8317868574e-09, 1.74500538463e-08, 1.94316687185e-08, 3.92718035869e-08, 7.82125386678e-09, 5.56647661298e-09, 5.52972512224e-09, 2.802575505e-09, 5.53296741757e-10, 3.25885790575e-10, 4.75536172939e-11, 2.1955588736e-10, 1.47194929856e-11, 2.95476837442e-12, 4.84398816631e-13, 1.43969105843e-14, 4.69283103723e-15, 1.09710985346e-14, 2.06542919432e-14, 9.73068654597e-15, 5.71774598561e-15, 2.05315047766e-15],
        "max": [0.00337971188128, 0.00529525335878, 0.0022959029302, 0.00254766549915, 0.000749198312405, 0.000379585457267, 0.000264652626356, 0.000370844587451, 0.000900748360436, 0.000927712128032, 0.00153010408394, 0.000809218036011, 0.000318616512232, 0.000523464987054, 0.000152451932081, 0.000207292949199, 0.000606299436186, 0.0013152245665, 0.000675938092172, 0.000855962862261, 0.000800967041869, 0.00142003991641, 0.000583642395213, 0.000495530723128, 0.000366709486116, 0.000352700968506, 0.000122142548207, 0.000124576035887, 3.9266760723e-05, 0.000153759698151, 2.66021124844e-05, 9.81675475487e-06, 3.41099757861e-06, 9.33705734951e-07, 4.93028778692e-07, 6.76212494e-07, 1.0230243106e-06, 7.20938203358e-07, 5.08701759827e-07, 4.89073784138e-07],
        "mean": [0.000355738564394, 0.000556576880626, 0.000204599520657, 0.000128777581267, 4.72553183499e-05, 3.50303052983e-05, 3.25646578858e-05, 4.8321147915e-05, 4.24321224273e-05, 6.49700232316e-05, 7.87660101196e-05, 5.29421813553e-05, 3.74475166609e-05, 4.26877450082e-05, 1.7111262423e-05, 2.22369271796e-05, 6.46593325655e-05, 9.60676843533e-05, 6.99908923707e-05, 0.000109492306365, 0.000141329393955, 0.000151177198859, 0.000103688318632, 6.40744983684e-05, 7.67353267292e-05, 4.81932038383e-05, 3.29723625327e-05, 1.91944327526e-05, 9.00392751646e-06, 1.53835244419e-05, 5.85473526371e-06, 2.50707262239e-06, 9.05338765733e-07, 1.21003822073e-07, 7.8750559851e-08, 1.55403014901e-07, 2.04517604629e-07, 1.2708321151e-07, 1.00868966513e-07, 8.45782750503e-08],
        "median": [0.000138749383041, 0.000224665534915, 0.000114382870379, 5.13595186931e-05, 2.54098777077e-05, 1.60126674018e-05, 1.93122577912e-05, 3.21510451613e-05, 1.75134955498e-05, 2.23412935156e-05, 1.85145217984e-05, 1.90135433513e-05, 2.00820359169e-05, 2.53621692536e-05, 8.28889187687e-06, 1.2034412066e-05, 3.69639092241e-05, 5.10111931362e-05, 4.91337705171e-05, 8.07675678516e-05, 0.000113957066787, 0.000108045518573, 8.19132474135e-05, 4.97728542541e-05, 6.70504159643e-05, 4.32416964031e-05, 2.93687226076e-05, 1.60340423463e-05, 7.95234882389e-06, 1.33954290504e-05, 5.31388877789e-06, 2.28499152399e-06, 8.08745880931e-07, 8.9486306365e-08, 5.3489024765e-08, 1.0604563272e-07, 1.17770412089e-07, 5.07860207222e-08, 5.42900053802e-08, 5.87829234178e-08],
        "min": [5.44429121874e-06, 4.56228826806e-06, 5.81491849516e-06, 1.99613714358e-06, 1.06347386009e-06, 4.74314106214e-07, 6.62574564103e-07, 6.26404869308e-07, 7.26114478766e-07, 2.4117338171e-07, 7.26138750906e-07, 1.13855571726e-06, 7.69103166931e-07, 1.66534698565e-06, 4.43859534016e-07, 7.73479200689e-07, 2.03073750527e-06, 2.25816575039e-06, 3.15327702083e-06, 2.9027007713e-06, 7.15280020813e-06, 1.29364270833e-05, 7.79367292125e-06, 4.79601567349e-06, 6.21966501058e-06, 2.7406542813e-06, 1.87751641079e-06, 1.51614187871e-06, 6.04345245847e-07, 9.91313868326e-07, 2.52068190321e-07, 1.48462660832e-07, 5.42633102896e-08, 5.61693092038e-09, 3.51899576145e-09, 5.7981153212e-09, 9.06606523188e-09, 4.43986225562e-09, 1.83098369799e-09, 7.16006531842e-10],
        "var": [2.84837454956e-07, 7.1615897923e-07, 8.30413497965e-08, 6.24291089935e-08, 4.78005501847e-09, 2.45308240387e-09, 1.6734410524e-09, 2.80690626298e-09, 8.27065260722e-09, 1.55182302564e-08, 2.70235194222e-08, 8.81475958892e-09, 2.13477369115e-09, 3.08063730081e-09, 5.62039859098e-10, 9.00521712754e-10, 6.65637589492e-09, 2.00537613182e-08, 5.70118308119e-09, 1.1034637204e-08, 1.46958640812e-08, 2.31101520143e-08, 7.00367408513e-09, 3.22517457185e-09, 3.19684745342e-09, 1.33778654821e-09, 4.65871397015e-10, 1.98792884931e-10, 3.6593419267e-11, 1.58333887668e-10, 1.55701476018e-11, 2.92668602027e-12, 4.3069695488e-13, 1.47001670141e-14, 5.71653176388e-15, 2.0141191571e-14, 4.33302516317e-14, 2.27434343331e-14, 1.10800998164e-14, 9.26539864255e-15]
    },
    "mfcc": {
        "mean": [-637.833435059, 99.7004623413, -71.2654876709, 58.2009544373, 9.72711849213, 0.822190761566, 8.50016403198, 2.02071332932, 17.6436405182, 0.804873883724, -0.913116872311, 2.7310488224, -7.29256010056],
        "cov": [[1101.26477051, -352.905853271, -24.5288791656, -430.286071777, -115.139144897, -240.160171509, -138.647171021, -90.9164581299, -0.280414193869, -56.0598526001, -49.7450828552, -75.3373260498, -47.6351509094], [-352.905853271, 610.235290527, 203.861557007, 87.4277954102, -19.8143291473, 73.4602813721, 100.694107056, 99.118522644, 17.4085941315, 4.44163417816, -33.6939048767, -12.0415830612, -32.9582099915], [-24.5288791656, 203.861557007, 168.728103638, 27.6903743744, -0.680101692677, -8.75317668915, 17.4061088562, 30.5045051575, 8.56377983093, -17.0111064911, -34.5798187256, -22.1098098755, -14.7319231033], [-430.286071777, 87.4277954102, 27.6903743744, 324.064880371, 81.6218109131, 116.134887695, 43.1905555725, 31.1918144226, -21.5632266998, 30.1714935303, 23.3524150848, 51.2525253296, 34.0107879639], [-115.139144897, -19.8143291473, -0.680101692677, 81.6218109131, 110.519592285, 78.3545532227, 19.6210136414, -1.38261532784, -12.7094974518, -2.35675954819, 1.97786307335, 13.9639835358, 14.0109472275], [-240.160171509, 73.4602813721, -8.75317668915, 116.134887695, 78.3545532227, 195.785858154, 95.8770675659, 33.9133262634, -29.4431266785, 27.4560127258, 28.3656997681, 49.3210754395, 14.15366745], [-138.647171021, 100.694107056, 17.4061088562, 43.1905555725, 19.6210136414, 95.8770675659, 106.317985535, 47.8842201233, -6.13790512085, 4.37157201767, 13.1839342117, 20.2349433899, 3.92186546326], [-90.9164581299, 99.118522644, 30.5045051575, 31.1918144226, -1.38261532784, 33.9133262634, 47.8842201233, 79.6455535889, 19.419046402, 9.28890609741, -6.31096458435, 13.9550981522, -3.56784200668], [-0.280414193869, 17.4085941315, 8.56377983093, -21.5632266998, -12.7094974518, -29.4431266785, -6.13790512085, 19.419046402, 70.0486450195, 17.3442058563, 1.68524122238, -17.9032268524, -4.32436037064], [-56.0598526001, 4.44163417816, -17.0111064911, 30.1714935303, -2.35675954819, 27.4560127258, 4.37157201767, 9.28890609741, 17.3442058563, 58.5899009705, 26.6876182556, 9.59967708588, -4.1403131485], [-49.7450828552, -33.6939048767, -34.5798187256, 23.3524150848, 1.97786307335, 28.3656997681, 13.1839342117, -6.31096458435, 1.68524122238, 26.6876182556, 58.9061660767, 30.1171512604, 11.9231119156], [-75.3373260498, -12.0415830612, -22.1098098755, 51.2525253296, 13.9639835358, 49.3210754395, 20.2349433899, 13.9550981522, -17.9032268524, 9.59967708588, 30.1171512604, 72.5739517212, 29.7602500916], [-47.6351509094, -32.9582099915, -14.7319231033, 34.0107879639, 14.0109472275, 14.15366745, 3.92186546326, -3.56784200668, -4.32436037064, -4.1403131485, 11.9231119156, 29.7602500916, 58.8116950989]],
