{
"lowlevel": {
    "average_loudness": 0.988211274147,
    "barkbands_crest": {
        "dmean": 2.40118193626,
        "dmean2": 4.15406370163,
        "dvar": 4.55196762085,
        "dvar2": 12.4675254822,
        "max": 16.8507289886,
        "mean": 7.07018375397,
        "median": 6.38639688492,
        "min": 2.74428796768,
        "var": 7.6996922493
    },
    "barkbands_flatness_db": {
        "dmean": 0.0153570314869,
        "dmean2": 0.0255192033947,
        "dvar": 0.000205462012673,
        "dvar2": 0.000572647666559,
        "max": 0.208701610565,
        "mean": 0.145444020629,
        "median": 0.143640354276,
        "min": 0.0643389597535,
        "var": 0.000399453449063
    },
    "barkbands_kurtosis": {
        "dmean": 0.55755764246,
        "dmean2": 0.957683861256,
        "dvar": 0.335983932018,
        "dvar2": 0.880454659462,
        "max": 2.35828351974,
        "mean": -1.11646640301,
        "median": -1.40547847748,
        "min": -1.83347785473,
        "var": 0.616734862328
    },
    "barkbands_skewness": {
        "dmean": 0.549335181713,
        "dmean2": 0.928004026413,
        "dvar": 0.214945137501,
        "dvar2": 0.577112197876,
        "max": 1.84214115143,
        "mean": -0.106904827058,
        "median": -0.174427270889,
        "min": -1.6947221756,
        "var": 0.488999634981
    },
    "barkbands_spread": {
        "dmean": 6.02849912643,
        "dmean2": 10.1884632111,
        "dvar": 23.5539588928,
        "dvar2": 62.3163795471,
        "max": 60.3928756714,
        "mean": 40.3736686707,
        "median": 41.7728729248,
        "min": 16.5467720032,
        "var": 51.6310844421
    },
    "dissonance": {
        "dmean": 0.00439025834203,
        "dmean2": 0.00740444846451,
        "dvar": 2.74569010799e-05,
        "dvar2": 4.39718205598e-05,
        "max": 0.499741375446,
        "mean": 0.492596536875,
        "median": 0.49348410964,
        "min": 0.418402642012,
        "var": 3.51769886038e-05
    },
    "dynamic_complexity": 0.585220575333,
    "erbbands_crest": {
        "dmean": 2.25610637665,
        "dmean2": 4.0074634552,
        "dvar": 3.37651920319,
        "dvar2": 10.3759336472,
        "max": 15.8645982742,
        "mean": 7.96939468384,
        "median": 7.42693901062,
        "min": 4.1552028656,
        "var": 4.21346664429
    },
    "erbbands_flatness_db": {
        "dmean": 0.0115965781733,
        "dmean2": 0.0198062360287,
        "dvar": 0.000117700496048,
        "dvar2": 0.000236181542277,
        "max": 0.278768181801,
        "mean": 0.233052685857,
        "median": 0.233426898718,
        "min": 0.151656284928,
        "var": 0.000253878562944
    },
    "erbbands_kurtosis": {
        "dmean": 1.76620078087,
        "dmean2": 2.90313363075,
        "dvar": 2.13339924812,
        "dvar2": 5.44449090958,
        "max": 10.149977684,
        "mean": 3.41971755028,
        "median": 2.99576330185,
        "min": -1.01925683022,
        "var": 4.75989723206
    },
    "erbbands_skewness": {
        "dmean": 0.314858704805,
        "dmean2": 0.520524978638,
        "dvar": 0.0578065477312,
        "dvar2": 0.155679613352,
        "max": -0.105009898543,
        "mean": -1.65026855469,
        "median": -1.66669631004,
        "min": -2.60016059875,
        "var": 0.158930510283
    },
    "erbbands_spread": {
        "dmean": 7.58989238739,
        "dmean2": 12.74360466,
        "dvar": 51.5487518311,
        "dvar2": 142.732757568,
        "max": 63.3018913269,
        "mean": 24.3525257111,
        "median": 22.291217804,
        "min": 9.96648788452,
        "var": 105.006912231
    },
    "hfc": {
        "dmean": 6.41244077682,
        "dmean2": 10.0459251404,
        "dvar": 28.6499614716,
        "dvar2": 62.406124115,
        "max": 68.0852127075,
        "mean": 34.5048065186,
        "median": 34.0309486389,
        "min": 0.659033060074,
        "var": 106.155532837
    },
    "melbands_crest": {
        "dmean": 4.66649532318,
        "dmean2": 7.99565124512,
        "dvar": 13.391374588,
        "dvar2": 37.4941940308,
        "max": 27.1340522766,
        "mean": 13.2592496872,
        "median": 13.0203733444,
        "min": 3.156488657,
        "var": 32.2428283691
    },
    "melbands_flatness_db": {
        "dmean": 0.026603680104,
        "dmean2": 0.0451003573835,
        "dvar": 0.000580159539822,
        "dvar2": 0.00155477609951,
        "max": 0.249618798494,
        "mean": 0.160990923643,
        "median": 0.154840767384,
        "min": 0.0970491245389,
        "var": 0.00114401942119
    },
    "melbands_kurtosis": {
        "dmean": 2.24650859833,
        "dmean2": 3.89125943184,
        "dvar": 6.97865056992,
        "dvar2": 19.4056415558,
        "max": 16.312582016,
        "mean": 0.961246550083,
        "median": -0.291807413101,
        "min": -1.71433281898,
        "var": 8.93974304199
    },
    "melbands_skewness": {
        "dmean": 0.717497587204,
        "dmean2": 1.22438549995,
        "dvar": 0.394156008959,
        "dvar2": 1.07004392147,
        "max": 4.0623922348,
        "mean": 1.27858829498,
        "median": 1.14869999886,
        "min": -0.592916965485,
        "var": 0.824250102043
    },
    "melbands_spread": {
        "dmean": 16.9581813812,
        "dmean2": 28.2160778046,
        "dvar": 188.626251221,
        "dvar2": 496.895233154,
        "max": 110.504951477,
        "mean": 67.0124206543,
        "median": 69.5296173096,
        "min": 18.319021225,
        "var": 420.967559814
    },
    "pitch_salience": {
        "dmean": 0.0770459622145,
        "dmean2": 0.132730290294,
        "dvar": 0.00474742008373,
        "dvar2": 0.0134354643524,
        "max": 0.855259299278,
        "mean": 0.601042866707,
        "median": 0.615709662437,
        "min": 0.318307489157,
        "var": 0.0081982081756
    },
    "silence_rate_20dB": {
        "dmean": 0,
        "dmean2": 0,
        "dvar": 0,
        "dvar2": 0,
        "max": 1,
        "mean": 1,
        "median": 1,
        "min": 1,
        "var": 0
    },
    "silence_rate_30dB": {
        "dmean": 0,
        "dmean2": 0,
        "dvar": 0,
        "dvar2": 0,
        "max": 1,
        "mean": 1,
        "median": 1,
        "min": 1,
        "var": 0
    },
    "silence_rate_60dB": {
        "dmean": 0,
        "dmean2": 0,
        "dvar": 0,
        "dvar2": 0,
        "max": 0,
        "mean": 0,
        "median": 0,
        "min": 0,
        "var": 0
    },
    "spectral_centroid": {
        "dmean": 241.218673706,
        "dmean2": 406.755432129,
        "dvar": 43960.7460938,
        "dvar2": 120579.039062,
        "max": 3329.75512695,
        "mean": 2677.01977539,
        "median": 2735.51196289,
        "min": 1640.23413086,
        "var": 88701.5859375
    },
    "spectral_complexity": {
        "dmean": 4.36333322525,
        "dmean2": 6.96655511856,
        "dvar": 15.5846481323,
        "dvar2": 27.7580089569,
        "max": 52,
        "mean": 39.6544837952,
        "median": 40,
        "min": 0,
        "var": 35.0899200439
    },
    "spectral_decrease": {
        "dmean": 1.18338527866e-09,
        "dmean2": 1.95987892582e-09,
        "dvar": 9.65557589275e-19,
        "dvar2": 2.82012071765e-18,
        "max": -1.12954257059e-10,
        "mean": -4.86325069105e-09,
        "median": -4.88106355334e-09,
        "min": -8.87198581268e-09,
        "var": 1.56201374754e-18
    },
    "spectral_energy": {
        "dmean": 0.00466072512791,
        "dmean2": 0.00773130124435,
        "dvar": 1.43947763718e-05,
        "dvar2": 4.04116544814e-05,
        "max": 0.0351733081043,
        "mean": 0.0214847121388,
        "median": 0.0217957217246,
        "min": 0.000486091768835,
        "var": 2.50401608355e-05
    },
    "spectral_energyband_high": {
        "dmean": 0.000313757569529,
        "dmean2": 0.000498235516716,
        "dvar": 8.20811294489e-08,
        "dvar2": 2.23065768523e-07,
        "max": 0.0027708823327,
        "mean": 0.00109679566231,
        "median": 0.0010430746479,
        "min": 2.15513664443e-05,
        "var": 2.05319111046e-07
    },
    "spectral_energyband_low": {
        "dmean": 0.00208195927553,
        "dmean2": 0.00364450225607,
        "dvar": 7.73852571001e-06,
        "dvar2": 2.13429084397e-05,
        "max": 0.0268489960581,
        "mean": 0.00347475032322,
        "median": 0.00264193094335,
        "min": 4.60016126453e-05,
        "var": 1.10182818389e-05
    },
    "spectral_energyband_middle_high": {
        "dmean": 0.00238594645634,
        "dmean2": 0.00382541259751,
        "dvar": 4.45359137302e-06,
        "dvar2": 1.01756750155e-05,
        "max": 0.0258522704244,
        "mean": 0.0106443054974,
        "median": 0.0102531425655,
        "min": 0.000224218107178,
        "var": 1.49934703586e-05
    },
    "spectral_energyband_middle_low": {
        "dmean": 0.00371346599422,
        "dmean2": 0.00633451296017,
        "dvar": 1.34974516186e-05,
        "dvar2": 3.80326018785e-05,
        "max": 0.0220117028803,
        "mean": 0.00743186287582,
        "median": 0.00622855359688,
        "min": 0.000198561087018,
        "var": 2.50100893027e-05
    },
    "spectral_entropy": {
        "dmean": 0.057045802474,
        "dmean2": 0.0960660353303,
        "dvar": 0.00250540184788,
        "dvar2": 0.00623999722302,
        "max": 8.08313560486,
        "mean": 7.5965013504,
        "median": 7.59349536896,
        "min": 7.36081027985,
        "var": 0.00512834312394
    },
    "spectral_flux": {
        "dmean": 0.0124237285927,
        "dmean2": 0.0201300643384,
        "dvar": 0.000118081072287,
        "dvar2": 0.000303959182929,
        "max": 0.147580966353,
        "mean": 0.0897689759731,
        "median": 0.0880529731512,
        "min": 0.0509614124894,
        "var": 0.000206372817047
    },
    "spectral_kurtosis": {
        "dmean": 3.07182168961,
        "dmean2": 5.57497119904,
        "dvar": 6.96501207352,
        "dvar2": 22.3562850952,
        "max": 19.0163230896,
        "mean": 4.92863178253,
        "median": 4.3633480072,
        "min": 0.438146352768,
        "var": 9.54941654205
    },
    "spectral_rms": {
        "dmean": 0.000510685669724,
        "dmean2": 0.000840261229314,
        "dvar": 1.96993070745e-07,
        "dvar2": 4.84194004002e-07,
        "max": 0.00585793703794,
        "mean": 0.00454062549397,
        "median": 0.00461130356416,
        "min": 0.000688647851348,
        "var": 3.43420936133e-07
    },
    "spectral_rolloff": {
        "dmean": 336.133239746,
        "dmean2": 586.725830078,
        "dvar": 95625.1015625,
        "dvar2": 240461.109375,
        "max": 3940.57617188,
        "mean": 3293.29248047,
        "median": 3359.1796875,
        "min": 1507.32421875,
        "var": 189034.4375
    },
    "spectral_skewness": {
        "dmean": 0.313265055418,
        "dmean2": 0.55301207304,
        "dvar": 0.0752544999123,
        "dvar2": 0.22926799953,
        "max": 3.2919588089,
        "mean": 0.508217871189,
        "median": 0.426591902971,
        "min": -0.0922676846385,
        "var": 0.143681138754
    },
    "spectral_spread": {
        "dmean": 190505.1875,
        "dmean2": 314447.71875,
        "dvar": 57357721600,
        "dvar2": 95358025728,
        "max": 5726265.5,
        "mean": 2187127,
        "median": 2171315.25,
        "min": 1699742,
        "var": 88761196544
    },
    "spectral_strongpeak": {
        "dmean": 0.707992196083,
        "dmean2": 1.31238210201,
        "dvar": 1.31912410259,
        "dvar2": 3.72692918777,
        "max": 7.08323097229,
        "mean": 0.781191408634,
        "median": 0.411207705736,
        "min": 0.0105704208836,
        "var": 1.20638799667
    },
    "zerocrossingrate": {
        "dmean": 0.00923990923911,
        "dmean2": 0.0118297971785,
        "dvar": 6.16369216004e-05,
        "dvar2": 8.07597316452e-05,
        "max": 0.13671875,
        "mean": 0.0956252589822,
        "median": 0.09716796875,
        "min": 0.02490234375,
        "var": 0.000276108010439
    },
    "barkbands": {
        "dmean": [7.55353357818e-06, 0.00112601136789, 0.000666979176458, 0.00252080569044, 0.00196539075114, 0.000222921968088, 0.000363800179912, 0.00012994366989, 0.000224170114961, 0.000170205166796, 0.000161917501828, 0.000333684351062, 8.56349070091e-05, 0.000314528064337, 0.000280732376268, 0.000874129706062, 0.00129036605358, 0.000478314352222, 0.000719595875125, 0.00050246133469, 0.000207420947845, 3.38695244864e-05, 1.07305174879e-06, 1.82122937531e-06, 3.13600338586e-07, 1.3180611802e-07, 2.44040521125e-08],
        "dmean2": [1.16876390166e-05, 0.0019688764587, 0.00118038745131, 0.00429914006963, 0.00336060882546, 0.000374880386516, 0.00061050063232, 0.000216931497562, 0.000386474042898, 0.000288891314995, 0.000272951525403, 0.000555576465558, 0.000146500868141, 0.000527512573171, 0.000473001535283, 0.00153024040628, 0.00226140231825, 0.000816588872112, 0.00122025958262, 0.000814622733742, 0.00035118215601, 5.53722420591e-05, 1.72570901213e-06, 2.7877017601e-06, 5.00576902596e-07, 1.83073282756e-07, 2.81547887226e-08],
        "dvar": [1.78377229654e-10, 4.37688322563e-06, 1.83470274351e-06, 6.97799941918e-06, 4.74081844004e-06, 2.36654742025e-07, 2.66365702828e-07, 1.81899917351e-08, 7.42414840715e-08, 1.18156712858e-07, 8.12762408486e-08, 1.318879157e-07, 1.25726815625e-08, 1.83292343081e-07, 1.61152485134e-07, 1.01087607618e-06, 1.28000453969e-06, 1.57094376618e-07, 3.78402972956e-07, 1.74017799282e-07, 4.46881571747e-08, 7.4575029485e-10, 1.10226411332e-12, 3.73415534605e-12, 3.78221623942e-13, 1.80412772937e-13, 9.38538052071e-14],
        "dvar2": [3.3147823375e-10, 1.03178063e-05, 5.24693223269e-06, 2.04217030841e-05, 1.2528960724e-05, 5.23946539488e-07, 7.29140310796e-07, 4.80962825122e-08, 1.83312351965e-07, 3.40976953339e-07, 2.10878866369e-07, 3.52012477833e-07, 3.1639356024e-08, 4.05423236316e-07, 4.37143370391e-07, 2.97879705613e-06, 3.622824579e-06, 3.71697808532e-07, 1.0095060361e-06, 4.69119441959e-07, 1.30315882529e-07, 1.85404125386e-09, 2.70810110448e-12, 7.04331037937e-12, 6.78599700304e-13, 2.50061554579e-13, 9.43129783797e-14],
        "max": [0.000177793612238, 0.0205091759562, 0.0154217872769, 0.0157852880657, 0.0175878871232, 0.00492723891512, 0.00476347841322, 0.00117667787708, 0.00277845747769, 0.00292221666314, 0.00330977700651, 0.00329052610323, 0.00106082239654, 0.00638987030834, 0.00428836792707, 0.0105525664985, 0.00889392010868, 0.00497672846541, 0.00555718131363, 0.00378350890242, 0.00188897119369, 0.000293114339001, 9.73197984422e-06, 2.76384052995e-05, 9.08878064365e-06, 5.44505473954e-06, 5.32104149897e-06],
        "mean": [9.76866067504e-06, 0.00157557660714, 0.000771468796302, 0.00331392535008, 0.00268467911519, 0.000384035956813, 0.00050010351697, 0.000195796688786, 0.000324003049172, 0.000191123268451, 0.000206306751352, 0.000492452993058, 0.000128447893076, 0.000551661709324, 0.000556912214961, 0.00159712298773, 0.00265973131172, 0.00124734092969, 0.00191987212747, 0.00148627569433, 0.00058022729354, 9.78492971626e-05, 2.92757226816e-06, 5.94241691942e-06, 8.72014652487e-07, 2.81221588239e-07, 3.47957609392e-08],
        "median": [3.37895016855e-06, 0.000731326523237, 0.000500669470057, 0.00195810175501, 0.00163965520915, 0.000138585935929, 0.000307056150632, 0.00014422921231, 0.000222510454478, 0.000102415127913, 0.000124191894429, 0.000359830271918, 9.35883290367e-05, 0.000361952144885, 0.000412979861721, 0.00135121517815, 0.00233289017342, 0.00118608109187, 0.00182608456817, 0.00136027310509, 0.000519621942658, 8.67324488354e-05, 2.63715969595e-06, 5.28389546162e-06, 6.44917065529e-07, 1.2385353898e-07, 1.2717022102e-08],
        "min": [3.5388996622e-08, 2.10553116631e-05, 5.6896597016e-06, 1.29564696181e-05, 2.99547646136e-05, 1.72109666892e-05, 1.05663184513e-05, 8.32401383377e-06, 1.96658456844e-05, 8.49580465001e-06, 1.27990115288e-05, 1.99261830858e-05, 3.61376532965e-06, 2.46071213041e-05, 1.32048808155e-05, 1.3041625607e-05, 4.50968764198e-05, 3.76550706278e-05, 1.95298580365e-05, 2.0566087187e-05, 7.4272556958e-06, 2.53882490142e-06, 4.7533657721e-07, 3.34559928206e-07, 1.53162275751e-07, 3.29487264139e-08, 2.91545343423e-09],
        "var": [3.302705609e-10, 7.52373262003e-06, 1.34085735226e-06, 1.1184343748e-05, 7.34890090826e-06, 4.53576774362e-07, 4.00692982794e-07, 2.97275271066e-08, 1.09892063449e-07, 1.06032807423e-07, 8.85293829356e-08, 2.22936591854e-07, 1.69788325621e-08, 3.29860341708e-07, 2.72601369034e-07, 1.32474553993e-06, 2.27771488426e-06, 3.2158524732e-07, 6.39770291855e-07, 4.30022680575e-07, 8.24501853458e-08, 1.95341831599e-09, 2.00058481066e-12, 1.16801308209e-11, 1.06398505458e-12, 3.96073717443e-13, 9.37516665862e-14]
    },
    "erbbands": {
        "dmean": [0.0222105849534, 0.295686781406, 0.733893632889, 4.09028911591, 9.66038799286, 4.75492620468, 1.53579068184, 1.87717199326, 2.85879468918, 6.32741975784, 3.00363302231, 5.36500597, 2.72868657112, 6.12986469269, 7.39318609238, 13.4824399948, 4.20044565201, 11.2972917557, 16.3618164062, 26.6145362854, 52.2711181641, 73.2191696167, 25.988325119, 38.7143211365, 27.3832187653, 26.1179561615, 9.11271286011, 5.75469636917, 1.36198925972, 0.181345164776, 0.0325013995171, 0.0522500947118, 0.020485939458, 0.00607221480459, 0.00073898001574, 0.000688837957568, 0.000224390707444, 2.47349853453e-05, 5.3538924476e-06, 5.62412196814e-06],
        "dmean2": [0.0353773087263, 0.519566655159, 1.30414271355, 6.96979188919, 16.5972747803, 8.19232940674, 2.63364911079, 3.08879137039, 4.48240327835, 10.8800153732, 4.98543357849, 9.18056488037, 4.59275054932, 10.986161232, 12.2703399658, 22.7990531921, 7.11407995224, 18.7729587555, 26.7898254395, 46.6241760254, 91.2270812988, 127.746788025, 44.1855354309, 66.6681976318, 45.4750022888, 43.0842018127, 14.835269928, 9.6363992691, 2.21858072281, 0.297721773386, 0.0506285913289, 0.0829668268561, 0.0302482619882, 0.00949338730425, 0.001013532863, 0.00100095884409, 0.000307036010781, 3.13765194733e-05, 6.96694314684e-06, 9.19037574931e-06],
        "dvar": [0.00185813545249, 0.291895776987, 2.1054418087, 15.9794502258, 106.872322083, 35.8573379517, 7.96525478363, 22.871963501, 14.2548322678, 84.4912796021, 9.63424015045, 39.9480705261, 20.5684432983, 169.738189697, 141.942169189, 229.541305542, 25.4580936432, 411.605285645, 575.36932373, 965.431274414, 3415.19824219, 4234.92675781, 484.904266357, 1209.76330566, 526.508361816, 545.668579102, 73.4446029663, 35.0262451172, 1.30396997929, 0.0267645958811, 0.00094927160535, 0.0027195638977, 0.000746870064177, 0.000112906483992, 5.97542020842e-06, 3.95974439016e-06, 5.34209164016e-07, 3.89264940281e-08, 1.82149473282e-09, 3.06017849949e-11],
        "dvar2": [0.00353767513297, 0.729416131973, 6.07212114334, 45.3982887268, 299.495727539, 94.2683868408, 22.0190200806, 50.2137184143, 34.7306976318, 247.515075684, 21.9402942657, 100.814971924, 59.3618240356, 485.029846191, 369.371063232, 619.379821777, 62.5795021057, 868.726928711, 1542.390625, 2848.13867188, 10405.4228516, 11601.1318359, 1215.70227051, 3403.3581543, 1223.98095703, 1426.19152832, 225.388168335, 97.0447845459, 3.06887626648, 0.0698520839214, 0.00214831694029, 0.00635490659624, 0.00120265595615, 0.000194201391423, 6.70685585646e-06, 6.00762768954e-06, 6.77017339967e-07, 4.03364168733e-08, 1.84316040208e-09, 6.13857159548e-11],
        "max": [0.494419336319, 4.8613576889, 16.5741062164, 25.2039794922, 52.975933075, 51.4155960083, 35.1958122253, 47.5102348328, 37.225528717, 97.952545166, 28.1469402313, 58.1836013794, 41.897808075, 120.76600647, 153.276412964, 125.762405396, 45.8365211487, 303.962524414, 317.317443848, 280.952972412, 586.115234375, 518.047180176, 231.320465088, 301.33770752, 179.549163818, 213.412689209, 78.9432296753, 61.8374633789, 12.280506134, 1.46354269981, 0.355944037437, 0.67655479908, 0.492502659559, 0.182382419705, 0.0361960045993, 0.0234939046204, 0.0102080199867, 0.00336202303879, 0.000752924068365, 8.24088638183e-05],
        "mean": [0.0330404266715, 0.398459017277, 0.981118559837, 5.60887622833, 14.2336130142, 6.27921247482, 2.63812565804, 3.05988526344, 4.08257770538, 9.01488685608, 5.0969285965, 7.71389055252, 4.05380535126, 7.14266633987, 11.964553833, 19.8282489777, 7.54142618179, 20.5958786011, 31.9480991364, 48.8431472778, 102.121063232, 149.507385254, 75.9843978882, 99.8618545532, 84.7199783325, 77.3780593872, 27.7377357483, 16.9332256317, 4.51513528824, 0.57798987627, 0.109416306019, 0.155853062868, 0.0651034861803, 0.0191297717392, 0.00213793665171, 0.00153475021943, 0.000474555796245, 4.43026292487e-05, 2.05138912861e-05, 2.96187408821e-05],
        "median": [0.012299079448, 0.184551000595, 0.63375300169, 3.69305515289, 9.57100486755, 4.04653453827, 1.39198303223, 1.17921364307, 2.16214203835, 6.03987646103, 3.89241790771, 5.25402355194, 2.70921230316, 3.85565924644, 8.87585544586, 13.7843732834, 5.61462926865, 13.1676177979, 22.8215713501, 38.2755241394, 88.8692092896, 130.251602173, 71.5181808472, 91.7612686157, 82.4433746338, 70.1544494629, 25.6401958466, 15.2733840942, 4.14086723328, 0.536823809147, 0.102518871427, 0.138394549489, 0.0551032535732, 0.0144753465429, 0.00136906735133, 0.000779986963607, 0.000193657586351, 1.8034956156e-05, 1.78305708687e-05, 3.00347692246e-05],
        "min": [0.000598407990765, 0.00540780834854, 0.00840281229466, 0.0337075069547, 0.177008986473, 0.176823332906, 0.177459672093, 0.206586495042, 0.127232313156, 0.105618946254, 0.301931113005, 0.423706829548, 0.252380222082, 0.456692546606, 0.695416748524, 0.713349938393, 0.329002201557, 0.864506304264, 0.936103284359, 0.817363202572, 1.17501950264, 2.29601836205, 1.6975594759, 1.43329191208, 1.13582718372, 1.00705587864, 0.386351495981, 0.304973751307, 0.114981174469, 0.0289516709745, 0.0111590595916, 0.00721389474347, 0.00519261555746, 0.00228955014609, 0.000472404120956, 0.000216969667235, 5.80459854973e-05, 7.99177996669e-06, 7.78654521127e-06, 2.55906411439e-06],
        "var": [0.00416166335344, 0.453007996082, 1.66763067245, 26.212020874, 180.549850464, 47.9496459961, 13.6290035248, 32.3697814941, 26.0253696442, 111.632385254, 16.0831336975, 61.2097434998, 22.384595871, 143.897613525, 183.017669678, 377.070800781, 42.784034729, 650.58190918, 911.610900879, 1397.28649902, 4477.43359375, 7309.31884766, 1031.09960938, 1999.36010742, 1051.75183105, 1253.08325195, 156.947692871, 63.7946739197, 3.44011735916, 0.0510500967503, 0.00212198984809, 0.00610823603347, 0.00245978264138, 0.000390447472455, 1.20705344671e-05, 9.59421322477e-06, 1.12399175123e-06, 4.18972376792e-08, 1.80659209814e-09, 4.63807187101e-11]
    },
    "gfcc": {
        "mean": [-12.2064313889, 114.532249451, -185.32925415, 79.5764465332, -33.4032936096, -17.4450340271, -20.7269573212, -2.72677922249, -20.9189434052, -11.4315109253, -15.0119915009, -17.7728767395, -3.34183835983],
        "cov": [[348.76473999, -17.4941749573, -43.0444335938, -86.6996383667, 7.14858627319, 70.9527053833, 2.2305188179, 57.8474884033, 18.8310585022, 82.1791687012, 33.9989776611, 70.0045928955, 33.2774772644], [-17.4941749573, 156.015914917, 49.7336463928, 22.9249210358, -16.7160701752, -32.9582443237, 5.40490722656, -20.6179409027, -1.53582513332, -46.0999641418, -8.66453933716, -34.7493209839, -3.22599816322], [-43.0444335938, 49.7336463928, 100.649879456, 23.9656505585, 25.3988952637, 7.8924331665, 1.8490254879, 2.74977874756, -6.56520557404, -11.2791967392, -11.4592666626, -8.91760444641, -8.73331737518], [-86.6996383667, 22.9249210358, 23.9656505585, 125.951225281, 26.2563228607, -31.7602214813, 7.34516525269, -34.4198455811, 3.67568278313, -38.0250320435, -2.29659414291, -38.0160636902, -11.5497655869], [7.14858627319, -16.7160701752, 25.3988952637, 26.2563228607, 88.3810882568, 75.8064193726, 32.8685760498, 30.9791736603, 14.8318061829, 26.5327301025, 13.9691743851, 27.6542053223, 14.7184696198], [70.9527053833, -32.9582443237, 7.8924331665, -31.7602214813, 75.8064193726, 123.284072876, 51.0268516541, 62.9144859314, 22.2364788055, 58.8377876282, 24.8562049866, 57.4944725037, 29.3541603088], [2.2305188179, 5.40490722656, 1.8490254879, 7.34516525269, 32.8685760498, 51.0268516541, 54.4922790527, 34.9789466858, 17.337053299, 13.0522441864, 10.5540304184, 16.8662052155, 11.3782901764], [57.8474884033, -20.6179409027, 2.74977874756, -34.4198455811, 30.9791736603, 62.9144859314, 34.9789466858, 73.4206390381, 39.0681037903, 48.7439689636, 16.8616409302, 36.1463241577, 14.5559444427], [18.8310585022, -1.53582513332, -6.56520557404, 3.67568278313, 14.8318061829, 22.2364788055, 17.337053299, 39.0681037903, 51.9391517639, 40.9814453125, 23.3210353851, 17.4085979462, 8.93089199066], [82.1791687012, -46.0999641418, -11.2791967392, -38.0250320435, 26.5327301025, 58.8377876282, 13.0522441864, 48.7439689636, 40.9814453125, 94.8517837524, 52.5347976685, 62.5692062378, 23.0647506714], [33.9989776611, -8.66453933716, -11.4592666626, -2.29659414291, 13.9691743851, 24.8562049866, 10.5540304184, 16.8616409302, 23.3210353851, 52.5347976685, 62.701751709, 54.9693222046, 23.7629489899], [70.0045928955, -34.7493209839, -8.91760444641, -38.0160636902, 27.6542053223, 57.4944725037, 16.8662052155, 36.1463241577, 17.4085979462, 62.5692062378, 54.9693222046, 95.3036193848, 49.3205566406], [33.2774772644, -3.22599816322, -8.73331737518, -11.5497655869, 14.7184696198, 29.3541603088, 11.3782901764, 14.5559444427, 8.93089199066, 23.0647506714, 23.7629489899, 49.3205566406, 51.6162796021]],
        "icov": [[0.00603272113949, -0.00558052258566, 0.00604418292642, -0.00406538229436, 0.0028216575738, -0.00394705263898, 0.00686443131417, -0.00772463623434, 0.00825556740165, -0.00851474981755, 0.00634835800156, -0.0049381442368, 0.00215238658711], [-0.00558052258566, 0.0215885266662, -0.0170222707093, 0.0137744583189, -0.00238429848105, 0.00419973116368, -0.0134055353701, 0.0156817361712, -0.0210470575839, 0.0232245177031, -0.0230000130832, 0.0184042546898, -0.0117597440258], [0.00604418292642, -0.0170222707093, 0.0262793321162, -0.0141907222569, -0.00106390169822, -0.00330571434461, 0.0146361878142, -0.0190279372036, 0.021944468841, -0.0187739152461, 0.0203157607466, -0.0161878038198, 0.0113403871655], [-0.00406538229436, 0.0137744583189, -0.0141907222569, 0.0353924185038, -0.0228129904717, 0.0174533650279, -0.0207247268409, 0.0258174352348, -0.0271613039076, 0.0222210194916, -0.0259967260063, 0.0220782645047, -0.0114901475608], [0.0028216575738, -0.00238429848105, -0.00106390169822, -0.0228129904717, 0.0488451384008, -0.0385906510055, 0.0135953556746, -0.00616081245244, 0.00348161556758, -0.00200299406424, 0.00772676616907, -0.00976399891078, 0.00557090248913], [-0.00394705263898, 0.00419973116368, -0.00330571434461, 0.0174533650279, -0.0385906510055, 0.0594450980425, -0.0321082361042, -0.00297074019909, 0.00797913130373, -0.0128372209147, 0.00193395093083, 0.00357951479964, -0.00868818257004], [0.00686443131417, -0.0134055353701, 0.0146361878142, -0.0207247268409, 0.0135953556746, -0.0321082361042, 0.0607142932713, -0.0331250615418, 0.0135296816006, 0.00252045178786, 0.0026612628717, -0.00855694618076, 0.0064002466388], [-0.00772463623434, 0.0156817361712, -0.0190279372036, 0.0258174352348, -0.00616081245244, -0.00297074019909, -0.0331250615418, 0.0780631229281, -0.057428766042, 0.0153841432184, -0.00137969560456, 0.000868748466019, 0.000119274671306], [0.00825556740165, -0.0210470575839, 0.021944468841, -0.0271613039076, 0.00348161556758, 0.00797913130373, 0.0135296816006, -0.057428766042, 0.0870293900371, -0.0487511791289, 0.0142499404028, -0.000927114044316, -0.000268742936896], [-0.00851474981755, 0.0232245177031, -0.0187739152461, 0.0222210194916, -0.00200299406424, -0.0128372209147, 0.00252045178786, 0.0153841432184, -0.0487511791289, 0.0776869654655, -0.050687354058, 0.0128044662997, -0.00346446875483], [0.00634835800156, -0.0230000130832, 0.0203157607466, -0.0259967260063, 0.00772676616907, 0.00193395093083, 0.0026612628717, -0.00137969560456, 0.0142499404028, -0.050687354058, 0.0875065550208, -0.0561104267836, 0.0221021194011], [-0.0049381442368, 0.0184042546898, -0.0161878038198, 0.0220782645047, -0.00976399891078, 0.00357951479964, -0.00855694618076, 0.000868748466019, -0.000927114044316, 0.0128044662997, -0.0561104267836, 0.0771474391222, -0.0445203594863], [0.00215238658711, -0.0117597440258, 0.0113403871655, -0.0114901475608, 0.00557090248913, -0.00868818257004, 0.0064002466388, 0.000119274671306, -0.000268742936896, -0.00346446875483, 0.0221021194011, -0.0445203594863, 0.0524662286043]]
    },
    "melbands": {
        "dmean": [0.000264104368398, 0.000379504781449, 0.00091863272246, 0.000525610230397, 6.54090981698e-05, 4.0903702029e-05, 5.57798884984e-05, 5.99353079451e-05, 3.22131782013e-05, 2.99267630908e-05, 1.41919963426e-05, 2.60439228441e-05, 2.49941076618e-05, 4.24363315688e-05, 1.68271362782e-05, 1.27854991661e-05, 2.33666814893e-05, 3.08271737595e-05, 2.27791915677e-05, 4.9923073675e-05, 7.05516795279e-05, 8.17440304672e-05, 4.50986262877e-05, 2.31337344303e-05, 3.75356466975e-05, 2.66683782684e-05, 2.15098698391e-05, 1.62285250553e-05, 5.07532558913e-06, 8.39921904117e-06, 2.2639699182e-06, 9.71903773461e-07, 3.85808363035e-07, 3.31144995869e-08, 1.66045790451e-08, 3.22218554061e-08, 3.45161552673e-08, 1.73545640081e-08, 1.20682450699e-08, 4.19273726848e-09],
        "dmean2": [0.000445410551038, 0.000663377868477, 0.0015501693124, 0.000900448882021, 0.000108698237455, 6.74557086313e-05, 8.95459888852e-05, 0.00010163107072, 5.30487195647e-05, 5.18947344972e-05, 2.38684297074e-05, 4.63075339212e-05, 4.11565306422e-05, 7.09847154212e-05, 2.87941493298e-05, 2.23811766773e-05, 3.91332760046e-05, 5.09662204422e-05, 3.91555004171e-05, 8.66057016538e-05, 0.000121761826449, 0.000141553056892, 7.69285616116e-05, 3.91316098103e-05, 6.48604545859e-05, 4.51178639196e-05, 3.60773265129e-05, 2.67998657364e-05, 8.36058279674e-06, 1.45361527757e-05, 3.66325116374e-06, 1.58050011123e-06, 6.8011820531e-07, 5.5999091586e-08, 2.64242281389e-08, 5.18397627047e-08, 5.41148494904e-08, 2.64380197734e-08, 1.86808719604e-08, 6.8408874121e-09],
        "dvar": [2.60228858906e-07, 4.65499084612e-07, 8.30105761906e-07, 3.43123389257e-07, 1.01078319048e-08, 9.87595871749e-09, 5.68805091916e-09, 7.11624137395e-09, 1.28011878875e-09, 1.21981746926e-09, 5.7985061197e-10, 3.05406522294e-09, 2.09148187658e-09, 2.25802687659e-09, 4.31569308068e-10, 3.74394681923e-10, 1.66856395367e-09, 1.76482706227e-09, 7.41472827581e-10, 3.20272719456e-09, 4.69376271184e-09, 4.95959184832e-09, 1.69153069329e-09, 3.6995401187e-10, 1.15224996211e-09, 5.25748666824e-10, 3.54566681571e-10, 2.21117082977e-10, 2.03490106709e-11, 7.99668248286e-11, 4.30416943406e-12, 5.62884699788e-13, 1.37380124637e-13, 8.511613329e-16, 2.39847146364e-16, 9.2025587505e-16, 1.15748968654e-15, 4.79465329134e-16, 3.12705400006e-16, 6.44373432481e-17],
        "dvar2": [5.6138128457e-07, 1.37858273774e-06, 2.4626206141e-06, 8.96512460713e-07, 2.68523816516e-08, 2.16185025437e-08, 1.45597800483e-08, 2.07664125895e-08, 2.95447644127e-09, 3.04788128069e-09, 1.66484148689e-09, 8.78546213556e-09, 5.36651212357e-09, 5.86155701754e-09, 1.12335085678e-09, 8.12934553007e-10, 3.6377070245e-09, 4.62352067743e-09, 2.09890993474e-09, 9.32185262315e-09, 1.44030867233e-08, 1.43970515509e-08, 4.37361968864e-09, 9.05692354447e-10, 3.33078897796e-09, 1.3179903835e-09, 9.443380522e-10, 5.85337278647e-10, 6.09915590255e-11, 2.35757552369e-10, 1.15575413823e-11, 1.32491467884e-12, 3.56894174587e-13, 2.09595888754e-15, 5.64533006845e-16, 2.42619924598e-15, 2.555861779e-15, 7.80071022307e-16, 6.61863339353e-16, 1.36617586721e-16],
        "max": [0.00543999439105, 0.0072730188258, 0.00539511209354, 0.00476563163102, 0.00146116223186, 0.00100349332206, 0.000690777378622, 0.000921547645703, 0.0003760374384, 0.000313024997013, 0.000206226832233, 0.000479690905195, 0.000559284409974, 0.000500155321788, 0.000221888185479, 0.00022993341554, 0.000614154967479, 0.000540798821021, 0.000229407858569, 0.000603689986747, 0.000596957106609, 0.000577579019591, 0.000376125884941, 0.000174438449903, 0.000281298678601, 0.000181843395694, 0.000165656281752, 0.000122596902656, 3.49020556314e-05, 7.56167355576e-05, 2.17596862058e-05, 8.69978430273e-06, 2.72454758488e-06, 2.68733828079e-07, 1.37245535825e-07, 3.10939384462e-07, 4.49328410923e-07, 3.74955902771e-07, 2.89429010536e-07, 1.18392911475e-07],
        "mean": [0.000381656107493, 0.000510131532792, 0.00134387915023, 0.000781192211434, 0.000104299870145, 6.82049212628e-05, 7.75418448029e-05, 8.73057069839e-05, 4.80624330521e-05, 4.38678907813e-05, 1.95522534341e-05, 2.85085443466e-05, 3.4451350075e-05, 6.02615946264e-05, 2.50288121606e-05, 1.96942692128e-05, 3.98857846449e-05, 5.35332401341e-05, 4.49375038443e-05, 8.69155992405e-05, 0.000126915198052, 0.000158695867867, 0.000100473334896, 5.72864264541e-05, 8.5355633928e-05, 6.50719593978e-05, 6.27331610303e-05, 4.51481100754e-05, 1.32193490572e-05, 1.96951859834e-05, 6.31803368378e-06, 2.7500516353e-06, 9.41488110584e-07, 7.99816106678e-08, 4.45124967996e-08, 8.46800958243e-08, 9.73574429963e-08, 4.99322716507e-08, 2.86248891257e-08, 1.13983151806e-08],
        "median": [0.000170948522282, 0.00029924249975, 0.000870798132382, 0.000540421111509, 6.74513285048e-05, 2.42157166213e-05, 4.45839395979e-05, 5.85696907365e-05, 3.53891591658e-05, 3.07817717839e-05, 1.18639945867e-05, 1.54989720613e-05, 2.1599487809e-05, 4.04986058129e-05, 1.78909976967e-05, 1.41862210512e-05, 2.5293615181e-05, 3.77939577447e-05, 3.49917463609e-05, 6.77522766637e-05, 0.00010980348452, 0.000134786139824, 9.08715228434e-05, 5.22797890881e-05, 7.58727328503e-05, 6.14096497884e-05, 5.90187992202e-05, 4.0790928324e-05, 1.21394941743e-05, 1.73232001544e-05, 5.81985932513e-06, 2.45533351517e-06, 8.59428496369e-07, 7.39874863598e-08, 4.04009874444e-08, 7.67263514945e-08, 8.76369625757e-08, 4.10990352862e-08, 2.13195665566e-08, 8.14115175274e-09],
        "min": [4.81284450871e-06, 5.34832361154e-06, 9.57326119533e-06, 1.17636318464e-05, 4.70221766591e-06, 2.16067178371e-06, 1.91973731489e-06, 1.10925316221e-06, 2.99727389574e-06, 2.21307254833e-06, 1.16990622701e-06, 1.41003215504e-06, 1.9052092739e-06, 2.68607323051e-06, 8.34406819195e-07, 6.59586305574e-07, 1.89922798199e-06, 1.77545416591e-06, 1.13905775834e-06, 9.67455207501e-07, 1.52566440192e-06, 2.61415107161e-06, 1.99751070795e-06, 1.56409430474e-06, 1.08117126274e-06, 8.1723413814e-07, 7.37909545023e-07, 6.86197040523e-07, 2.54446348436e-07, 1.81936627541e-07, 1.57453769134e-07, 6.53273986018e-08, 3.11906056538e-08, 1.16380256543e-08, 6.03474159533e-09, 4.91161111782e-09, 4.51166437543e-09, 3.05534242351e-09, 3.54806184433e-09, 1.54419854681e-09],
        "var": [4.91579555728e-07, 5.009763413e-07, 1.45816682107e-06, 5.61928516163e-07, 1.66742459839e-08, 1.57411559343e-08, 9.81201164763e-09, 9.85478454396e-09, 2.01165306635e-09, 1.8809467317e-09, 6.15362039103e-10, 2.55736209986e-09, 2.32950858603e-09, 3.88747212199e-09, 5.86757809007e-10, 4.95197882699e-10, 2.53314302867e-09, 2.71713873623e-09, 1.28136445898e-09, 5.20692688966e-09, 6.41346264985e-09, 8.54151416263e-09, 3.02585556611e-09, 7.27114979338e-10, 1.76210535052e-09, 8.4131152045e-10, 7.28152871332e-10, 4.72695438347e-10, 3.88266398199e-11, 1.26176194493e-10, 8.61155938225e-12, 1.56610314994e-12, 1.92500570063e-13, 1.49245945345e-15, 4.51194757486e-16, 1.77431104307e-15, 2.75032550886e-15, 1.5764243472e-15, 7.20295166065e-16, 2.00910921133e-16]
    },
    "mfcc": {
        "mean": [-624.990112305, 115.978378296, -68.6949539185, 77.5860900879, 2.38665819168, 2.3856742382, 6.86886739731, -2.73158955574, 7.82383823395, -3.44744372368, -7.64432382584, 4.51830434799, -8.68108558655],
        "cov": [[363.15145874, 2.58177256584, -62.0449485779, -95.7917861938, -6.08784198761, -0.859158337116, 7.97805929184, -10.8768262863, 18.927778244, 5.13595056534, 23.7737255096, 34.0401039124, 34.3377342224], [2.58177256584, 130.978622437, 49.4594841003, -14.6853809357, -4.95827960968, -10.0664739609, 3.31258130074, 11.0763654709, 9.22170829773, -0.360021352768, -3.83732795715, -10.5974903107, -1.9415692091], [-62.0449485779, 49.4594841003, 75.8884735107, 38.3975372314, 5.43593120575, -5.64314651489, -5.16338014603, 2.77609038353, -5.79056787491, -0.0898159816861, -7.4772605896, -11.888094902, -5.83016967773], [-95.7917861938, -14.6853809357, 38.3975372314, 135.156265259, 9.63576793671, -0.651254653931, -17.4149341583, -7.62064123154, -22.5368118286, -10.3372211456, -19.90209198, -5.85479164124, -13.3370027542], [-6.08784198761, -4.95827960968, 5.43593120575, 9.63576793671, 61.9311790466, 37.1927490234, 23.5064430237, 15.4383411407, 15.0869989395, 13.5770730972, 14.6554784775, 5.56695604324, 10.7065601349], [-0.859158337116, -10.0664739609, -5.64314651489, -0.651254653931, 37.1927490234, 57.283821106, 39.0544395447, 19.1404380798, 13.7488136292, 9.17169570923, 11.795042038, 5.61019277573, 9.97358322144], [7.97805929184, 3.31258130074, -5.16338014603, -17.4149341583, 23.5064430237, 39.0544395447, 56.2338485718, 31.9553489685, 19.9203243256, 8.20496273041, 11.7957811356, 3.26212596893, 5.05415344238], [-10.8768262863, 11.0763654709, 2.77609038353, -7.62064123154, 15.4383411407, 19.1404380798, 31.9553489685, 50.5044212341, 31.4243755341, 13.0345201492, 9.6402759552, -1.4436852932, 3.20427465439], [18.927778244, 9.22170829773, -5.79056787491, -22.5368118286, 15.0869989395, 13.7488136292, 19.9203243256, 31.4243755341, 51.1507110596, 29.0610179901, 14.9071111679, 0.613507866859, 2.44396781921], [5.13595056534, -0.360021352768, -0.0898159816861, -10.3372211456, 13.5770730972, 9.17169570923, 8.20496273041, 13.0345201492, 29.0610179901, 45.8070716858, 27.8648834229, 5.78824710846, 2.25560903549], [23.7737255096, -3.83732795715, -7.4772605896, -19.90209198, 14.6554784775, 11.795042038, 11.7957811356, 9.6402759552, 14.9071111679, 27.8648834229, 45.8543319702, 27.9184074402, 16.5232486725], [34.0401039124, -10.5974903107, -11.888094902, -5.85479164124, 5.56695604324, 5.61019277573, 3.26212596893, -1.4436852932, 0.613507866859, 5.78824710846, 27.9184074402, 57.5274353027, 35.0360412598], [34.3377342224, -1.9415692091, -5.83016967773, -13.3370027542, 10.7065601349, 9.97358322144, 5.05415344238, 3.20427465439, 2.44396781921, 2.25560903549, 16.5232486725, 35.0360412598, 51.8690109253]],
