{
"lowlevel": {
    "average_loudness": 0.986977458,
    "barkbands_crest": {
        "dmean": 3.15021538734,
        "dmean2": 4.93780851364,
        "dvar": 6.41132974625,
        "dvar2": 15.069029808,
        "max": 24.957698822,
        "mean": 10.5513839722,
        "median": 9.55275821686,
        "min": 3.66598916054,
        "var": 21.5740661621
    },
    "barkbands_flatness_db": {
        "dmean": 0.0200177598745,
        "dmean2": 0.0294269882143,
        "dvar": 0.000277171260677,
        "dvar2": 0.000519934226759,
        "max": 0.341649860144,
        "mean": 0.16927947104,
        "median": 0.161581814289,
        "min": 0.0657455325127,
        "var": 0.00144325487781
    },
    "barkbands_kurtosis": {
        "dmean": 1.82843637466,
        "dmean2": 2.70437788963,
        "dvar": 13.6682024002,
        "dvar2": 26.7485103607,
        "max": 58.2528038025,
        "mean": 0.969621777534,
        "median": -1.2150799036,
        "min": -1.87096643448,
        "var": 42.9944458008
    },
    "barkbands_skewness": {
        "dmean": 0.638894855976,
        "dmean2": 0.938894629478,
        "dvar": 0.273055493832,
        "dvar2": 0.508906781673,
        "max": 6.72354984283,
        "mean": 0.736062884331,
        "median": 0.460376024246,
        "min": -1.55213296413,
        "var": 1.90118122101
    },
    "barkbands_spread": {
        "dmean": 6.6123957634,
        "dmean2": 10.2574090958,
        "dvar": 31.1158084869,
        "dvar2": 59.0044937134,
        "max": 54.5597877502,
        "mean": 35.7943534851,
        "median": 38.0467414856,
        "min": 2.41120481491,
        "var": 128.009887695
    },
    "dissonance": {
        "dmean": 0.00595694966614,
        "dmean2": 0.0100448653102,
        "dvar": 4.52744243375e-05,
        "dvar2": 8.02770809969e-05,
        "max": 0.499789059162,
        "mean": 0.489295214415,
        "median": 0.490696340799,
        "min": 0.420853316784,
        "var": 6.28371708444e-05
    },
    "dynamic_complexity": 1.80094015598,
    "erbbands_crest": {
        "dmean": 3.90394711494,
        "dmean2": 6.77918577194,
        "dvar": 10.4207811356,
        "dvar2": 29.458530426,
        "max": 25.7590332031,
        "mean": 11.5893449783,
        "median": 11.3197956085,
        "min": 4.09976673126,
        "var": 17.8852577209
    },
    "erbbands_flatness_db": {
        "dmean": 0.0169449616224,
        "dmean2": 0.028672169894,
        "dvar": 0.000218426706851,
        "dvar2": 0.000536548439413,
        "max": 0.291761606932,
        "mean": 0.223199024796,
        "median": 0.225064411759,
        "min": 0.145461067557,
        "var": 0.000781518290751
    },
    "erbbands_kurtosis": {
        "dmean": 2.85504102707,
        "dmean2": 4.75078392029,
        "dvar": 8.35350227356,
        "dvar2": 23.0010623932,
        "max": 24.4243907928,
        "mean": 3.63358449936,
        "median": 2.96945619583,
        "min": -1.57720899582,
        "var": 12.4767827988
    },
    "erbbands_skewness": {
        "dmean": 0.53496837616,
        "dmean2": 0.877477645874,
        "dvar": 0.166574954987,
        "dvar2": 0.485822618008,
        "max": 0.542794585228,
        "mean": -1.76702141762,
        "median": -1.75307106972,
        "min": -3.99535179138,
        "var": 0.414887368679
    },
    "erbbands_spread": {
        "dmean": 8.37682437897,
        "dmean2": 13.0115385056,
        "dvar": 45.2159843445,
        "dvar2": 93.6896057129,
        "max": 76.1929931641,
        "mean": 28.3611984253,
        "median": 24.1358413696,
        "min": 5.9000082016,
        "var": 218.312744141
    },
    "hfc": {
        "dmean": 7.92085552216,
        "dmean2": 12.6203975677,
        "dvar": 70.3696975708,
        "dvar2": 173.669662476,
        "max": 71.0214691162,
        "mean": 24.5260715485,
        "median": 22.1091136932,
        "min": 0.455755680799,
        "var": 225.463577271
    },
    "melbands_crest": {
        "dmean": 3.93257761002,
        "dmean2": 5.96083068848,
        "dvar": 8.3556728363,
        "dvar2": 22.2835330963,
        "max": 26.6595516205,
        "mean": 14.9100036621,
        "median": 14.4184875488,
        "min": 3.89929890633,
        "var": 27.2092056274
    },
    "melbands_flatness_db": {
        "dmean": 0.0276563484222,
        "dmean2": 0.0391395241022,
        "dvar": 0.000461127900053,
        "dvar2": 0.000857359031215,
        "max": 0.440576642752,
        "mean": 0.213196471334,
        "median": 0.198678731918,
        "min": 0.112072005868,
        "var": 0.00331201404333
    },
    "melbands_kurtosis": {
        "dmean": 5.6881108284,
        "dmean2": 8.06528568268,
        "dvar": 82.9698181152,
        "dvar2": 131.314971924,
        "max": 134.900299072,
        "mean": 9.61361122131,
        "median": 2.40913581848,
        "min": -1.83399486542,
        "var": 421.262329102
    },
    "melbands_skewness": {
        "dmean": 0.855245888233,
        "dmean2": 1.22369551659,
        "dvar": 0.497438848019,
        "dvar2": 0.867764472961,
        "max": 10.4607076645,
        "mean": 2.42007112503,
        "median": 1.97288274765,
        "min": -0.292357653379,
        "var": 3.8280441761
    },
    "melbands_spread": {
        "dmean": 14.2210016251,
        "dmean2": 22.6606369019,
        "dvar": 171.637985229,
        "dvar2": 394.477905273,
        "max": 109.243522644,
        "mean": 47.2591934204,
        "median": 48.4008903503,
        "min": 1.53775537014,
        "var": 623.677734375
    },
    "pitch_salience": {
        "dmean": 0.0745160356164,
        "dmean2": 0.121121779084,
        "dvar": 0.00353904138319,
        "dvar2": 0.00796996988356,
        "max": 0.838582038879,
        "mean": 0.572403550148,
        "median": 0.59231543541,
        "min": 0.201867625117,
        "var": 0.0109439175576
    },
    "silence_rate_20dB": {
        "dmean": 0,
        "dmean2": 0,
        "dvar": 0,
        "dvar2": 0,
        "max": 1,
        "mean": 1,
        "median": 1,
        "min": 1,
        "var": 0
    },
    "silence_rate_30dB": {
        "dmean": 0,
        "dmean2": 0,
        "dvar": 0,
        "dvar2": 0,
        "max": 1,
        "mean": 1,
        "median": 1,
        "min": 1,
        "var": 0
    },
    "silence_rate_60dB": {
        "dmean": 0.00476190494373,
        "dmean2": 0.0047846888192,
        "dvar": 0.00473922863603,
        "dvar2": 0.00476179551333,
        "max": 1,
        "mean": 0.00473933666945,
        "median": 0,
        "min": 0,
        "var": 0.00471687503159
    },
    "spectral_centroid": {
        "dmean": 248.793823242,
        "dmean2": 406.128845215,
        "dvar": 48856.8320312,
        "dvar2": 101662.421875,
        "max": 3146.93457031,
        "mean": 2264.25854492,
        "median": 2372.57470703,
        "min": 585.59362793,
        "var": 180601.890625
    },
    "spectral_complexity": {
        "dmean": 4.77142858505,
        "dmean2": 7.87081336975,
        "dvar": 17.3953742981,
        "dvar2": 38.1986198425,
        "max": 47,
        "mean": 27.0094795227,
        "median": 28,
        "min": 0,
        "var": 85.9240875244
    },
    "spectral_decrease": {
        "dmean": 1.19288823264e-09,
        "dmean2": 1.88181825678e-09,
        "dvar": 7.10119459831e-19,
        "dvar2": 2.08422548275e-18,
        "max": -5.37010817758e-11,
        "mean": -5.20246912217e-09,
        "median": -5.08366859719e-09,
        "min": -9.7862482562e-09,
        "var": 2.15750396565e-18
    },
    "spectral_energy": {
        "dmean": 0.00485010445118,
        "dmean2": 0.00770879117772,
        "dvar": 1.23050995171e-05,
        "dvar2": 3.68353903468e-05,
        "max": 0.0374472811818,
        "mean": 0.0218598879874,
        "median": 0.0216126292944,
        "min": 0.000244018898229,
        "var": 3.56180316885e-05
    },
    "spectral_energyband_high": {
        "dmean": 0.000149420840899,
        "dmean2": 0.000227673750487,
        "dvar": 3.15241059923e-08,
        "dvar2": 8.08693556564e-08,
        "max": 0.001949590398,
        "mean": 0.000400431250455,
        "median": 0.000374026509235,
        "min": 1.12042362161e-05,
        "var": 8.15083112116e-08
    },
    "spectral_energyband_low": {
        "dmean": 0.00366417877376,
        "dmean2": 0.0053806793876,
        "dvar": 1.07648320409e-05,
        "dvar2": 2.48125961662e-05,
        "max": 0.0329931937158,
        "mean": 0.00882986187935,
        "median": 0.00745748821646,
        "min": 5.20950125065e-05,
        "var": 4.90249658469e-05
    },
    "spectral_energyband_middle_high": {
        "dmean": 0.00294073391706,
        "dmean2": 0.00466748699546,
        "dvar": 9.63548700383e-06,
        "dvar2": 2.28467106353e-05,
        "max": 0.0281450748444,
        "mean": 0.00839979015291,
        "median": 0.00732721341774,
        "min": 0.000123202669783,
        "var": 3.17525373248e-05
    },
    "spectral_energyband_middle_low": {
        "dmean": 0.00271708145738,
        "dmean2": 0.00441953632981,
        "dvar": 5.6687599681e-06,
        "dvar2": 1.43157867569e-05,
        "max": 0.0210057776421,
        "mean": 0.00581318046898,
        "median": 0.00490249367431,
        "min": 6.55294861645e-05,
        "var": 1.26594559333e-05
    },
    "spectral_entropy": {
        "dmean": 0.108299739659,
        "dmean2": 0.180289149284,
        "dvar": 0.00878295302391,
        "dvar2": 0.0221980568022,
        "max": 8.44361209869,
        "mean": 7.49610757828,
        "median": 7.49553537369,
        "min": 7.12253475189,
        "var": 0.0175685286522
    },
    "spectral_flux": {
        "dmean": 0.0155770722777,
        "dmean2": 0.025644229725,
        "dvar": 0.000141695622005,
        "dvar2": 0.00036135269329,
        "max": 0.135122492909,
        "mean": 0.0832553431392,
        "median": 0.0838348194957,
        "min": 0.0289907399565,
        "var": 0.000512998725753
    },
    "spectral_kurtosis": {
        "dmean": 3.06182169914,
        "dmean2": 5.36548042297,
        "dvar": 6.41099691391,
        "dvar2": 20.1600933075,
        "max": 23.5399188995,
        "mean": 5.20436906815,
        "median": 4.86512374878,
        "min": 0.33321762085,
        "var": 9.01219558716
    },
    "spectral_rms": {
        "dmean": 0.000528712582309,
        "dmean2": 0.00083333888324,
        "dvar": 1.65298075672e-07,
        "dvar2": 4.41091486891e-07,
        "max": 0.00604433054104,
        "mean": 0.00456671183929,
        "median": 0.00459189433604,
        "min": 0.000487921322929,
        "var": 4.71853155659e-07
    },
    "spectral_rolloff": {
        "dmean": 356.528137207,
        "dmean2": 580.675231934,
        "dvar": 252589.8125,
        "dvar2": 455254.78125,
        "max": 3509.91210938,
        "mean": 2274.66162109,
        "median": 2648.58398438,
        "min": 86.1328125,
        "var": 919676.6875
    },
    "spectral_skewness": {
        "dmean": 0.314279288054,
        "dmean2": 0.558461844921,
        "dvar": 0.0920884162188,
        "dvar2": 0.257635861635,
        "max": 3.63674807549,
        "mean": 0.720635592937,
        "median": 0.649193584919,
        "min": 0.0897134542465,
        "var": 0.140410766006
    },
    "spectral_spread": {
        "dmean": 246313.53125,
        "dmean2": 354588.1875,
        "dvar": 520416428032,
        "dvar2": 345950486528,
        "max": 14879095,
        "mean": 2369774.25,
        "median": 2258302.25,
        "min": 1751754.25,
        "var": 851547258880
    },
    "spectral_strongpeak": {
        "dmean": 1.09817326069,
        "dmean2": 1.96829915047,
        "dvar": 3.3862631321,
        "dvar2": 8.18671798706,
        "max": 9.10941028595,
        "mean": 1.08256173134,
        "median": 0.319907665253,
        "min": 0.00900430511683,
        "var": 3.45339798927
    },
    "zerocrossingrate": {
        "dmean": 0.010077195242,
        "dmean2": 0.0114640966058,
        "dvar": 7.34403001843e-05,
        "dvar2": 9.49523746385e-05,
        "max": 0.1259765625,
        "mean": 0.0693613961339,
        "median": 0.07275390625,
        "min": 0.0029296875,
        "var": 0.000684365688358
    },
    "barkbands": {
        "dmean": [3.13886266667e-05, 0.00295351631939, 0.00108265830204, 0.00134229531977, 0.00195424887352, 0.000349941896275, 0.000150783991558, 8.75205005286e-05, 0.000131127846544, 0.000256165396422, 0.000175446140929, 0.000172728759935, 2.51038782153e-05, 0.00016133756435, 0.000219570443733, 0.000635411997791, 0.00211649364792, 0.000535084400326, 0.00068607396679, 0.000144135774462, 0.000108902844659, 1.67795569723e-05, 1.12146994979e-06, 2.51744086199e-06, 7.42423480915e-07, 3.45721389294e-07, 2.03439736168e-08],
        "dmean2": [5.21126967215e-05, 0.00424932828173, 0.00181117549073, 0.00208042492159, 0.00332343019545, 0.000621389597654, 0.000255688093603, 0.000138151939609, 0.000231435740716, 0.000425557489507, 0.000293488701573, 0.000295139965601, 4.021517816e-05, 0.000279306026641, 0.000371702917619, 0.00108485319652, 0.00360430427827, 0.000913850904908, 0.00110448140185, 0.000236040985328, 0.000176112473127, 2.74248377536e-05, 1.68662643318e-06, 4.15643899032e-06, 1.20595609587e-06, 5.56337283797e-07, 3.08222354306e-08],
        "dvar": [1.72934666587e-09, 1.15122056741e-05, 1.60134698035e-06, 2.34765411733e-06, 4.39512587036e-06, 2.08081459618e-07, 2.65663384624e-08, 1.33774555877e-08, 2.75612066503e-08, 1.00059430963e-07, 5.5297039836e-08, 1.17223720508e-07, 9.70299063319e-10, 6.62591332912e-08, 1.28547782197e-07, 5.76127035856e-07, 6.9293382694e-06, 3.16924200661e-07, 1.40566362461e-06, 2.62436561371e-08, 1.93772073942e-08, 4.29275059943e-10, 6.62551914374e-12, 2.37450458601e-11, 2.46077875958e-12, 6.62056509875e-13, 1.58388198526e-14],
        "dvar2": [4.53308057757e-09, 2.24135565077e-05, 4.24637346441e-06, 5.20868252352e-06, 1.20425120258e-05, 4.78417064187e-07, 5.94136722043e-08, 3.06086640478e-08, 7.7807925436e-08, 2.65285706291e-07, 1.06897161345e-07, 3.35005779561e-07, 2.32410823919e-09, 1.5023533706e-07, 3.65651175116e-07, 1.420252147e-06, 1.96731689357e-05, 9.01033615719e-07, 3.77642595595e-06, 7.79005731033e-08, 4.95946821388e-08, 8.78722039577e-10, 1.50132285076e-11, 5.37050647009e-11, 6.30326563514e-12, 1.58425833216e-12, 1.94313423858e-14],
        "max": [0.000334900367307, 0.0314317271113, 0.00763396266848, 0.0177943333983, 0.0137824481353, 0.00379665987566, 0.00126642803662, 0.00102920620702, 0.00115945271682, 0.00246975943446, 0.00236011552624, 0.00348042673431, 0.000257348117884, 0.00295793171972, 0.00312232761644, 0.00673548225313, 0.0157889034599, 0.00364523730241, 0.0112745016813, 0.00128598546144, 0.00153364159632, 0.000212708691834, 3.11729672831e-05, 5.15926076332e-05, 1.49278794197e-05, 7.72839575802e-06, 1.62736614584e-06],
        "mean": [4.6180193749e-05, 0.00579580990598, 0.00142964941915, 0.00237493077293, 0.00238614180125, 0.000459540722659, 0.000240170556935, 0.000127626553876, 0.000189923302969, 0.000384604063584, 0.00025420167367, 0.000243417176534, 4.22462217102e-05, 0.000256750674453, 0.0003186968097, 0.00111387018114, 0.00349368597381, 0.000908151967451, 0.0011513667414, 0.000353447598172, 0.000239308399614, 4.19451971538e-05, 2.17449428419e-06, 4.48885111837e-06, 1.08492758955e-06, 4.72300371257e-07, 2.77391620784e-08],
        "median": [2.52035733865e-05, 0.00339181069285, 0.00090359634487, 0.00144996494055, 0.00157700886484, 0.000329204631271, 0.00016607948055, 7.27109581931e-05, 0.000133625406306, 0.000238171356614, 0.000154652050696, 0.000130185304442, 2.94538185699e-05, 0.000158854934853, 0.000193128274987, 0.000876091537066, 0.00267879012972, 0.000714270630851, 0.000717902206816, 0.000301745516481, 0.00020463031251, 3.5831835703e-05, 1.22868561903e-06, 2.56895100392e-06, 3.84554027733e-07, 1.04713457461e-07, 4.57749704807e-09],
        "min": [4.14072985677e-07, 8.90481260285e-06, 2.18059030885e-05, 2.63921247097e-05, 1.86696051969e-05, 9.73957230599e-06, 6.53986262478e-06, 2.37449967244e-06, 1.18378193292e-06, 1.69513043602e-07, 3.17664841987e-07, 1.84715517548e-07, 2.95588097288e-06, 1.37993847602e-05, 6.8737986112e-06, 3.31008013745e-05, 1.89805159607e-05, 1.02635776784e-05, 3.04210625472e-05, 1.19706701298e-05, 3.75274566977e-06, 1.22111669043e-06, 9.29862196131e-08, 2.14134132648e-07, 2.24678444738e-08, 1.25997452471e-08, 1.63773206108e-09],
        "var": [3.01793634527e-09, 4.34526336903e-05, 2.21976506509e-06, 7.50054095988e-06, 5.53401287107e-06, 2.66472426347e-07, 4.70168863842e-08, 2.17776108258e-08, 3.18492112683e-08, 1.6396511171e-07, 9.55142454018e-08, 1.40157553119e-07, 1.98354510594e-09, 1.06309450132e-07, 1.53688446858e-07, 1.03454260625e-06, 1.04043374449e-05, 5.0993116929e-07, 1.90011542145e-06, 5.19248253283e-08, 3.52044651208e-08, 1.09937792203e-09, 1.51972375656e-11, 4.49025469584e-11, 4.07879719583e-12, 1.26126724082e-12, 1.91920996239e-14]
    },
    "erbbands": {
        "dmean": [0.0856388285756, 0.679122269154, 1.04191708565, 3.16650652885, 6.00649023056, 6.67936563492, 2.16355419159, 2.99518632889, 0.961232662201, 3.95720458031, 1.31846046448, 3.19979143143, 3.0279686451, 10.2309112549, 6.81273698807, 6.74410104752, 1.41365098953, 5.06024885178, 12.849105835, 15.4868125916, 39.4460411072, 116.410186768, 43.7261123657, 34.0832557678, 22.4737510681, 7.46775007248, 4.24104976654, 3.48206543922, 0.739779889584, 0.116917446256, 0.03262873739, 0.0604599677026, 0.0309508163482, 0.0140862660483, 0.00169242091943, 0.00186852214392, 0.000542767054867, 3.68704932043e-05, 5.34293712917e-06, 6.08159052717e-06],
        "dmean2": [0.121149592102, 1.01298701763, 1.77424824238, 4.98138523102, 10.6938667297, 11.3771934509, 3.74608111382, 5.31106948853, 1.54150104523, 6.33111858368, 2.18603205681, 5.6576385498, 4.82552957535, 16.1158084869, 11.2479314804, 11.710849762, 2.27355527878, 8.8126001358, 20.8255500793, 26.0731258392, 67.7184448242, 199.435012817, 74.4914321899, 55.6272506714, 35.1440086365, 11.9147033691, 6.5850110054, 5.84088945389, 1.1808205843, 0.189426898956, 0.0503434576094, 0.0993906334043, 0.0507235042751, 0.0231447052211, 0.00252917315811, 0.00298089906573, 0.000890015158802, 5.82190587011e-05, 8.0326508396e-06, 9.72523321252e-06],
        "dvar": [0.0126444762573, 0.565212011337, 1.610476017, 12.506978035, 45.6636161804, 57.3181114197, 7.2624707222, 12.2464981079, 0.778787612915, 21.267578125, 1.92835581303, 17.2083110809, 11.7353744507, 191.124313354, 86.7844924927, 177.257781982, 3.10734772682, 42.3360710144, 480.389434814, 803.80291748, 2285.46655273, 21999.1230469, 2746.99707031, 3438.2331543, 1170.1217041, 68.6294326782, 20.3923912048, 32.2115821838, 0.808905959129, 0.0282943490893, 0.00476438039914, 0.0134241273627, 0.00353389768861, 0.000863981666043, 9.6160438261e-06, 1.79733178811e-05, 1.78208642865e-06, 1.06901261177e-08, 2.99113789293e-10, 2.13899835344e-11],
        "dvar2": [0.0236515179276, 1.16452479362, 4.18358564377, 26.2152996063, 127.422607422, 159.443649292, 16.8402805328, 29.3415775299, 1.70079314709, 46.2529029846, 4.80980300903, 49.4884643555, 34.1361083984, 510.318084717, 194.624237061, 499.088317871, 6.5724864006, 116.030860901, 1185.63317871, 2367.85253906, 5768.12841797, 62139.9765625, 7573.74267578, 9820.57617188, 2752.27416992, 196.337249756, 55.0946617126, 82.5642166138, 1.81133913994, 0.0645020380616, 0.0115027204156, 0.0278208069503, 0.00848756264895, 0.0021995131392, 1.87548448594e-05, 4.36731097579e-05, 4.20810101787e-06, 1.79768306907e-08, 3.86540216502e-10, 6.6690000744e-11],
        "max": [1.1419916153, 6.98205518723, 7.9162106514, 44.8570137024, 53.4820137024, 50.5710449219, 21.814371109, 27.4074363708, 7.45005226135, 41.0419158936, 13.3021621704, 28.244260788, 27.3596687317, 132.63822937, 96.4444122314, 127.420837402, 19.6080665588, 58.1299858093, 219.335952759, 263.113525391, 378.420532227, 922.209716797, 399.697174072, 569.392700195, 313.981994629, 65.5081481934, 42.3962211609, 66.358757019, 9.52823734283, 1.87381136417, 0.944077789783, 1.23638629913, 0.584726214409, 0.273221194744, 0.0302097965032, 0.0427106395364, 0.0125804478303, 0.0010294681415, 0.000234773746342, 4.77303256048e-05],
        "mean": [0.171328768134, 1.2902264595, 1.64028799534, 6.02406692505, 8.1201543808, 7.95396661758, 3.28591990471, 3.81417512894, 1.81934869289, 6.00778341293, 2.31128358841, 4.36044931412, 5.16675519943, 15.863904953, 10.6849775314, 9.39527130127, 2.63568472862, 8.51576137543, 18.4737167358, 26.541229248, 76.4812545776, 191.45161438, 81.9664382935, 61.7658996582, 42.1311149597, 18.8218898773, 10.196141243, 7.2124505043, 1.905123353, 0.287735044956, 0.0701326355338, 0.112335510552, 0.0530735626817, 0.0210331883281, 0.00278336554766, 0.00257691578008, 0.000739651557524, 5.11441976414e-05, 1.74565630005e-05, 2.78141469607e-05],
        "median": [0.0970107242465, 0.778452813625, 1.21199989319, 3.83322548866, 6.16438865662, 5.48346328735, 2.40112900734, 2.76903176308, 1.4662617445, 3.86208629608, 1.90548729897, 3.02531147003, 4.06332445145, 10.0085926056, 7.13343286514, 5.01729059219, 1.78442180157, 5.70999908447, 10.0716753006, 18.3602218628, 61.0832557678, 145.594863892, 67.3228302002, 44.8639831543, 26.9484596252, 16.3087291718, 9.02833938599, 6.14869308472, 1.70087683201, 0.230363205075, 0.0480587892234, 0.0696301609278, 0.0274120364338, 0.00853067263961, 0.000974989729002, 0.00065347366035, 0.000165249512065, 1.18872403618e-05, 1.41684186019e-05, 2.71151602647e-05],
        "min": [0.000122279918287, 0.00282545667142, 0.0245070420206, 0.0706623271108, 0.0733612179756, 0.0584263429046, 0.0617873184383, 0.0876788273454, 0.105771258473, 0.076989762485, 0.0516467392445, 0.026776406914, 0.00841642916203, 0.00923594459891, 0.0104152532294, 0.0107516823336, 0.104294151068, 0.533890962601, 0.740449368954, 0.453852832317, 1.48547959328, 1.10075318813, 0.719682097435, 0.818230450153, 1.08382225037, 0.437191545963, 0.241348385811, 0.162112787366, 0.0619964636862, 0.00564449187368, 0.00338142854162, 0.00543985143304, 0.00192726601381, 0.000473516003694, 0.000107908184873, 8.26463510748e-05, 1.68016595126e-05, 1.19625542538e-06, 4.5033762035e-06, 8.61493299453e-06],
        "var": [0.0411782711744, 2.09406042099, 2.03583335876, 43.5999526978, 49.8105545044, 64.0795059204, 9.63381481171, 16.0468902588, 1.88256299496, 40.7019767761, 3.36555695534, 18.935710907, 20.7946949005, 303.593322754, 149.163192749, 221.201446533, 7.72270345688, 68.3521957397, 705.581237793, 844.346435547, 4258.17285156, 31380.2597656, 4828.01123047, 4224.05371094, 2159.2878418, 152.075408936, 51.0919876099, 43.8815689087, 2.1424331665, 0.0768182873726, 0.0096497964114, 0.0272098146379, 0.00683050509542, 0.00143274269067, 2.50638440775e-05, 3.43063802575e-05, 3.22095297633e-06, 1.77324270823e-08, 3.67982144756e-10, 5.70464127325e-11]
    },
    "gfcc": {
        "mean": [-30.7535572052, 131.153091431, -164.544235229, 78.4304351807, -22.5123558044, -13.4326400757, -19.2148094177, 7.21948719025, -18.8307876587, -16.0732421875, -14.5552682877, -5.28436613083, 6.47372341156],
        "cov": [[1007.18408203, -295.054138184, -279.529571533, -155.868865967, -202.222747803, -14.889087677, -153.228713989, 48.3396949768, -146.29901123, 0.235382959247, -66.5075836182, 67.7010803223, -29.7036304474], [-295.054138184, 407.479248047, 65.3175430298, 65.9926605225, 59.8720626831, -35.090221405, 115.660522461, -18.687953949, 82.4178085327, -50.3744544983, 52.7155380249, -28.3449783325, 65.1070709229], [-279.529571533, 65.3175430298, 306.413421631, 82.1854476929, 139.007141113, 102.732772827, 24.6954612732, 6.27947044373, 38.6903915405, 85.4889526367, 36.6481285095, -5.51025295258, -22.8410625458], [-155.868865967, 65.9926605225, 82.1854476929, 104.968955994, 80.7624816895, 41.4437980652, 52.1993865967, 5.79740476608, 36.1372337341, 10.7690162659, 19.6016483307, -14.2782373428, 4.87627410889], [-202.222747803, 59.8720626831, 139.007141113, 80.7624816895, 141.958572388, 95.5855560303, 55.0474700928, 6.08285856247, 31.8543186188, 40.4192695618, 25.6927547455, -11.8143415451, -8.42706298828], [-14.889087677, -35.090221405, 102.732772827, 41.4437980652, 95.5855560303, 155.332427979, 47.0150680542, 25.7869529724, -1.75223433971, 69.8790206909, 20.0671291351, 2.77848100662, -26.522441864], [-153.228713989, 115.660522461, 24.6954612732, 52.1993865967, 55.0474700928, 47.0150680542, 117.047225952, 28.9095973969, 40.05701828, -5.8363866806, 25.5427818298, -11.9459562302, 14.2588119507], [48.3396949768, -18.687953949, 6.27947044373, 5.79740476608, 6.08285856247, 25.7869529724, 28.9095973969, 57.02784729, 17.1147556305, 8.64058303833, 1.96096074581, 20.2774887085, 7.33729314804], [-146.29901123, 82.4178085327, 38.6903915405, 36.1372337341, 31.8543186188, -1.75223433971, 40.05701828, 17.1147556305, 69.3465652466, 11.0752048492, 22.4157505035, 0.332909792662, 23.941619873], [0.235382959247, -50.3744544983, 85.4889526367, 10.7690162659, 40.4192695618, 69.8790206909, -5.8363866806, 8.64058303833, 11.0752048492, 94.4315032959, 30.1144294739, 3.27880811691, -23.5708141327], [-66.5075836182, 52.7155380249, 36.6481285095, 19.6016483307, 25.6927547455, 20.0671291351, 25.5427818298, 1.96096074581, 22.4157505035, 30.1144294739, 48.7156486511, 11.0324211121, 10.5377264023], [67.7010803223, -28.3449783325, -5.51025295258, -14.2782373428, -11.8143415451, 2.77848100662, -11.9459562302, 20.2774887085, 0.332909792662, 3.27880811691, 11.0324211121, 52.2083206177, 24.3135738373], [-29.7036304474, 65.1070709229, -22.8410625458, 4.87627410889, -8.42706298828, -26.522441864, 14.2588119507, 7.33729314804, 23.941619873, -23.5708141327, 10.5377264023, 24.3135738373, 54.9923400879]],
        "icov": [[0.00542990677059, -0.00434016669169, 0.00595112843439, -0.0032572967466, 0.00425937585533, -0.00410193763673, 0.00839894637465, -0.00974243599921, 0.00881974771619, -0.00613115075976, 0.00448370631784, -0.00503370165825, 0.00352714047767], [-0.00434016669169, 0.0123579651117, -0.00830242689699, 0.00549324415624, -0.00374554516748, 0.00454773101956, -0.0123476199806, 0.0117681911215, -0.0103587293997, 0.0118126673624, -0.0119275385514, 0.0113642401993, -0.0108258882537], [0.00595112843439, -0.00830242689699, 0.0153527455404, -0.00632272241637, -0.00132733408827, -0.00424815202132, 0.0131545178592, -0.0122319385409, 0.00948222074658, -0.0131210610271, 0.00817395653576, -0.0097818588838, 0.00895668379962], [-0.0032572967466, 0.00549324415624, -0.00632272241637, 0.0235255975276, -0.0115700392053, 0.00299100694247, -0.00879932474345, 0.006419995334, -0.0100709572434, 0.00937946327031, -0.00789079349488, 0.00975419208407, -0.00627649761736], [0.00425937585533, -0.00374554516748, -0.00132733408827, -0.0115700392053, 0.0309664551169, -0.0168736111373, 0.00594448763877, -0.00189327052794, 0.000627242319752, 0.00025908567477, 0.0026280223392, -0.00290052127093, 0.00314510636963], [-0.00410193763673, 0.00454773101956, -0.00424815202132, 0.00299100694247, -0.0168736111373, 0.0294991843402, -0.0188831090927, 0.0040268311277, 0.00645670155063, -0.0122646894306, 0.00340818264522, -0.00253344350494, -0.00122997397557], [0.00839894637465, -0.0123476199806, 0.0131545178592, -0.00879932474345, 0.00594448763877, -0.0188831090927, 0.0429964214563, -0.0299947429448, 0.00793951377273, 0.00164872792084, -0.00506022805348, 0.00287833251059, 0.00700381537899], [-0.00974243599921, 0.0117681911215, -0.0122319385409, 0.006419995334, -0.00189327052794, 0.0040268311277, -0.0299947429448, 0.054020293057, -0.0272252000868, 0.00931504648179, 0.00292135612108, -0.0083255879581, -0.00365654518828], [0.00881974771619, -0.0103587293997, 0.00948222074658, -0.0100709572434, 0.000627242319752, 0.00645670155063, 0.00793951377273, -0.0272252000868, 0.0505036115646, -0.0249581895769, 0.00855798553675, -0.00454735616222, -0.00567097216845], [-0.00613115075976, 0.0118126673624, -0.0131210610271, 0.00937946327031, 0.00025908567477, -0.0122646894306, 0.00164872792084, 0.00931504648179, -0.0249581895769, 0.0489816516638, -0.034036565572, 0.0175169110298, -0.000486566917971], [0.00448370631784, -0.0119275385514, 0.00817395653576, -0.00789079349488, 0.0026280223392, 0.00340818264522, -0.00506022805348, 0.00292135612108, 0.00855798553675, -0.034036565572, 0.0584964603186, -0.0289472471923, 0.00688125984743], [-0.00503370165825, 0.0113642401993, -0.0097818588838, 0.00975419208407, -0.00290052127093, -0.00253344350494, 0.00287833251059, -0.0083255879581, -0.00454735616222, 0.0175169110298, -0.0289472471923, 0.057089228183, -0.0326089076698], [0.00352714047767, -0.0108258882537, 0.00895668379962, -0.00627649761736, 0.00314510636963, -0.00122997397557, 0.00700381537899, -0.00365654518828, -0.00567097216845, -0.000486566917971, 0.00688125984743, -0.0326089076698, 0.0511029660702]]
    },
    "melbands": {
        "dmean": [0.000821837922558, 0.000621101818979, 0.000544304435607, 0.000526753952727, 9.3962851679e-05, 6.54551113257e-05, 1.96711025637e-05, 3.88961016142e-05, 1.3883275642e-05, 1.88263002201e-05, 1.57449558174e-05, 4.39637442469e-05, 2.60955239355e-05, 2.29873512581e-05, 7.69712642068e-06, 3.8999824028e-06, 1.02646445157e-05, 2.31665508181e-05, 1.47657556226e-05, 2.91549731628e-05, 5.28579039383e-05, 0.000106315725134, 0.000112388981506, 1.84893306141e-05, 3.10787800117e-05, 2.56031380559e-05, 7.94280822447e-06, 4.46987041869e-06, 2.16064722736e-06, 3.88359330827e-06, 1.62518279012e-06, 4.67958443551e-07, 2.04688447525e-07, 2.85044237103e-08, 1.58244155557e-08, 3.23388640311e-08, 4.17833518895e-08, 2.48594478336e-08, 1.82199357823e-08, 9.51544532057e-09],
        "dmean2": [0.00115258223377, 0.00100750185084, 0.000886360183358, 0.000898119236808, 0.000164298617165, 0.000116004746815, 3.21947081829e-05, 6.18813865003e-05, 2.41723082581e-05, 3.3127504139e-05, 2.54221558862e-05, 7.05715283402e-05, 4.28973507951e-05, 4.00189092034e-05, 1.25379192468e-05, 6.66695177642e-06, 1.77580168383e-05, 3.77758115064e-05, 2.51169094554e-05, 4.85778800794e-05, 9.14214760996e-05, 0.000183023890713, 0.000195408967556, 3.14507706207e-05, 5.17015832884e-05, 4.03100821131e-05, 1.3449740436e-05, 7.17557031749e-06, 3.36169887305e-06, 6.41115275357e-06, 2.80395738628e-06, 7.47859758121e-07, 3.42024634392e-07, 4.48500436789e-08, 2.4451196623e-08, 5.12237363637e-08, 6.78423788258e-08, 4.09155127556e-08, 3.05257294997e-08, 1.51536756476e-08],
        "dvar": [9.87194084701e-07, 3.58006559509e-07, 3.07963489377e-07, 3.10385587454e-07, 9.8118562164e-09, 6.15441519969e-09, 3.48713197207e-10, 2.12204254169e-09, 2.18945583885e-10, 6.26930729553e-10, 3.5484051808e-10, 3.46073436575e-09, 1.21551457788e-09, 2.32316965665e-09, 2.31233796e-10, 2.39432796506e-11, 1.6924524282e-10, 1.59959723245e-09, 6.07287165e-10, 1.97804084223e-09, 4.16827328209e-09, 1.79511996379e-08, 2.25197887005e-08, 3.98746757835e-10, 3.13779735528e-09, 1.95915728085e-09, 1.24914467658e-10, 2.32414608392e-11, 4.84835522424e-12, 2.20419984348e-11, 8.19313280415e-12, 3.19029199759e-13, 7.99493392496e-14, 5.58294026854e-15, 1.2841518171e-15, 3.71547148313e-15, 6.98027273393e-15, 2.23435094211e-15, 1.72667782765e-15, 3.17239302675e-16],
        "dvar2": [1.84346185961e-06, 9.2944054586e-07, 6.78563822021e-07, 8.57452164382e-07, 2.43035938041e-08, 1.45647396366e-08, 8.07832967187e-10, 4.60481830444e-09, 5.82196013621e-10, 1.79813697265e-09, 1.00877362019e-09, 9.26274701385e-09, 2.51121656802e-09, 7.1001347024e-09, 4.93259599832e-10, 7.04745220514e-11, 4.53788256971e-10, 3.78822484493e-09, 1.76343439851e-09, 4.92343810166e-09, 1.10514815077e-08, 5.09564763718e-08, 6.12837709468e-08, 1.12785680795e-09, 9.1078140585e-09, 5.05227770731e-09, 3.34659078227e-10, 6.69737598713e-11, 1.19547817826e-11, 5.7562465211e-11, 2.24633610324e-11, 7.31847904761e-13, 2.11731470572e-13, 1.2005527357e-14, 3.20109780866e-15, 8.85373893612e-15, 1.53439154422e-14, 5.50629352769e-15, 4.711695308e-15, 7.51961651617e-16],
        "max": [0.00970397423953, 0.00404003728181, 0.00655176863074, 0.00334280543029, 0.000661872036289, 0.000617089157458, 0.000144654448377, 0.000420836295234, 0.000109898450319, 0.000186186050996, 0.000150630585267, 0.000541890738532, 0.000360555481166, 0.000479326292407, 0.000150875770487, 5.02691182191e-05, 0.000107708634459, 0.000423670280725, 0.000197001543711, 0.000419772404712, 0.000484143762151, 0.000837822735775, 0.00100572570227, 0.000137951326906, 0.000541396904737, 0.000391044392018, 0.000107020998257, 3.36364500981e-05, 2.08878373087e-05, 4.54603941762e-05, 3.19181854138e-05, 5.57767225473e-06, 2.46068611887e-06, 1.18396098969e-06, 4.62146431346e-07, 7.7886568306e-07, 9.61050091064e-07, 4.88877503813e-07, 3.51578677282e-07, 1.87543506058e-07],
        "mean": [0.00164305884391, 0.00115378282499, 0.00103606842458, 0.0006548925885, 0.000138824514579, 8.33336307551e-05, 3.39875405189e-05, 5.90200797888e-05, 2.09059126064e-05, 2.59401294898e-05, 2.64819573204e-05, 6.58328208374e-05, 3.70808229491e-05, 3.11470321321e-05, 1.06524921648e-05, 6.17358318777e-06, 1.62094383995e-05, 3.18044512824e-05, 2.27157652262e-05, 4.86665921926e-05, 9.56774456427e-05, 0.000174214190338, 0.000178029120434, 3.29977046931e-05, 5.1954670198e-05, 4.05150567531e-05, 1.82693856914e-05, 1.03301563286e-05, 5.13991199114e-06, 7.34150626158e-06, 3.01731665786e-06, 1.15511465992e-06, 4.18097016563e-07, 5.75791361257e-08, 3.00379348062e-08, 5.66502897925e-08, 7.25969258042e-08, 4.13868868065e-08, 2.56945451582e-08, 1.41887621652e-08],
        "median": [0.00091507617617, 0.000977064133622, 0.000733716238756, 0.000445656944066, 0.000105987382994, 6.1646773247e-05, 2.77044855466e-05, 3.86872598028e-05, 1.59222017828e-05, 1.78853861144e-05, 2.09162462852e-05, 4.17219853261e-05, 2.34582457779e-05, 1.79035469046e-05, 5.23882454218e-06, 4.04984984925e-06, 1.07583236968e-05, 1.65898618434e-05, 1.50400574057e-05, 3.40040569426e-05, 7.34761779313e-05, 0.000129656604258, 0.000117633397167, 2.86228278128e-05, 3.73607254005e-05, 2.45766150329e-05, 1.45642625284e-05, 8.63124296302e-06, 4.32135402662e-06, 6.08578784522e-06, 2.40692565967e-06, 9.98119617179e-07, 3.29545400746e-07, 3.1850145632e-08, 1.89695121833e-08, 3.52984628194e-08, 4.40783232136e-08, 2.19192237694e-08, 1.03892885406e-08, 5.7726596836e-09],
        "min": [1.80462006938e-06, 9.88069405139e-06, 1.24969201352e-05, 4.59280181531e-06, 2.26663223657e-06, 1.95271832126e-06, 1.5896084733e-06, 7.46872274249e-07, 4.03196452226e-07, 1.4604398757e-07, 3.6016960081e-08, 3.32880318865e-08, 4.03088549206e-08, 2.03085086525e-08, 3.00281826071e-08, 3.88564131981e-07, 1.03093168491e-06, 1.39172334457e-06, 3.23828999171e-07, 1.02372246147e-06, 1.19868900583e-06, 1.08100346097e-06, 8.07689900739e-07, 5.23758899362e-07, 5.83698920309e-07, 8.63892694269e-07, 6.10931806477e-07, 1.74987889068e-07, 1.10434370981e-07, 6.25870271165e-08, 1.05322421007e-07, 4.205100268e-08, 4.7917301238e-09, 1.44557243953e-09, 1.62209656818e-09, 2.21582507898e-09, 4.17817602738e-09, 1.14980214239e-09, 6.19121254264e-10, 2.39034847471e-10],
        "var": [3.68439782505e-06, 8.81375342487e-07, 9.35331172514e-07, 3.89436479509e-07, 1.26976038572e-08, 8.01981769882e-09, 7.27288229641e-10, 4.05088762534e-09, 3.045662611e-10, 6.87137124977e-10, 5.93194660059e-10, 5.37264011058e-09, 2.05973527123e-09, 2.23452900627e-09, 3.76800757262e-10, 4.13204609417e-11, 2.61909577359e-10, 2.37231723155e-09, 6.87294610113e-10, 3.0026106046e-09, 7.25158733061e-09, 2.48724987273e-08, 3.27631397568e-08, 6.25173135482e-10, 3.46876127821e-09, 2.79826339877e-09, 2.0263492273e-10, 4.76748848732e-11, 1.34995764567e-11, 3.53161458411e-11, 9.82621536222e-12, 7.9114595734e-13, 1.43640199561e-13, 1.25647512143e-14, 2.33819421683e-15, 7.00740319923e-15, 1.243386006e-14, 4.18432666581e-15, 2.18606011148e-15, 6.53646272732e-16]
    },
    "mfcc": {
        "mean": [-652.829528809, 136.496124268, -55.2712478638, 79.5870132446, 13.2494421005, 0.163894176483, 9.35197257996, 10.2340126038, 15.4331741333, -8.53509044647, -10.0855760574, 2.44119858742, -8.81293106079],
        "cov": [[1202.41674805, -277.121643066, -233.041244507, -216.529556274, -160.504226685, -185.035644531, -66.5020294189, -41.6961212158, -52.4007797241, -119.227027893, -91.559135437, -41.2137260437, -12.5857448578], [-277.121643066, 300.541168213, 56.3207511902, 82.4930496216, 3.42632770538, 24.3687438965, 20.0744876862, 31.526386261, 29.8070316315, 15.2849216461, 14.6308059692, 19.1617832184, -0.301772207022], [-233.041244507, 56.3207511902, 157.094314575, 41.5739707947, 85.150970459, 69.4900360107, 26.6943912506, -0.371249526739, 0.544547259808, 46.5663719177, 40.6732330322, 9.98093414307, 31.6007881165], [-216.529556274, 82.4930496216, 41.5739707947, 109.571548462, 29.0625171661, 22.1475448608, 8.76797962189, 22.5796146393, 24.476890564, 18.5859775543, 12.3094148636, 18.4116001129, -7.65755653381], [-160.504226685, 3.42632770538, 85.150970459, 29.0625171661, 122.371208191, 89.2641372681, 36.4387168884, -3.42006254196, 3.20915699005, 38.9213829041, 32.039264679, 6.67586612701, 22.9846382141], [-185.035644531, 24.3687438965, 69.4900360107, 22.1475448608, 89.2641372681, 138.714706421, 75.8435058594, 5.66708517075, 3.69306659698, 59.7370262146, 48.257522583, 6.93625259399, 27.07421875], [-66.5020294189, 20.0744876862, 26.6943912506, 8.76797962189, 36.4387168884, 75.8435058594, 92.6533355713, 28.998292923, 9.97770214081, 36.8136024475, 34.0847091675, 4.88226890564, 13.3012580872], [-41.6961212158, 31.526386261, -0.371249526739, 22.5796146393, -3.42006254196, 5.66708517075, 28.998292923, 71.7811965942, 39.998878479, -0.22457203269, -1.75348162651, 13.0254974365, -0.374677449465], [-52.4007797241, 29.8070316315, 0.544547259808, 24.476890564, 3.20915699005, 3.69306659698, 9.97770214081, 39.998878479, 56.5432510376, 11.6462173462, 0.156403750181, 15.0334434509, -3.20435214043], [-119.227027893, 15.2849216461, 46.5663719177, 18.5859775543, 38.9213829041, 59.7370262146, 36.8136024475, -0.22457203269, 11.6462173462, 65.8045196533, 44.0495223999, 5.77616548538, 13.1198072433], [-91.559135437, 14.6308059692, 40.6732330322, 12.3094148636, 32.039264679, 48.257522583, 34.0847091675, -1.75348162651, 0.156403750181, 44.0495223999, 58.8962059021, 17.5547218323, 12.838973999], [-41.2137260437, 19.1617832184, 9.98093414307, 18.4116001129, 6.67586612701, 6.93625259399, 4.88226890564, 13.0254974365, 15.0334434509, 5.77616548538, 17.5547218323, 37.2295379639, 9.50796318054], [-12.5857448578, -0.301772207022, 31.6007881165, -7.65755653381, 22.9846382141, 27.07421875, 13.3012580872, -0.374677449465, -3.20435214043, 13.1198072433, 12.838973999, 9.50796318054, 43.6553840637]],
