{
"lowlevel": {
    "average_loudness": 0.984029591084,
    "barkbands_crest": {
        "dmean": 3.74813818932,
        "dmean2": 6.51775789261,
        "dvar": 6.89154720306,
        "dvar2": 21.9660263062,
        "max": 22.9964313507,
        "mean": 13.1532421112,
        "median": 12.3705434799,
        "min": 4.37331914902,
        "var": 22.1691303253
    },
    "barkbands_flatness_db": {
        "dmean": 0.0245281457901,
        "dmean2": 0.0423354208469,
        "dvar": 0.000328534661094,
        "dvar2": 0.00097510550404,
        "max": 0.281170219183,
        "mean": 0.19443102181,
        "median": 0.190716460347,
        "min": 0.0844692513347,
        "var": 0.00106534943916
    },
    "barkbands_kurtosis": {
        "dmean": 1.55400931835,
        "dmean2": 2.81503582001,
        "dvar": 3.10527849197,
        "dvar2": 9.12089633942,
        "max": 10.1969366074,
        "mean": 0.187041595578,
        "median": -0.51033782959,
        "min": -1.67726635933,
        "var": 3.72742509842
    },
    "barkbands_skewness": {
        "dmean": 0.648221254349,
        "dmean2": 1.15220141411,
        "dvar": 0.268243849277,
        "dvar2": 0.802591919899,
        "max": 1.1022721529,
        "mean": -0.80302041769,
        "median": -0.76366776228,
        "min": -3.24512648582,
        "var": 0.733179211617
    },
    "barkbands_spread": {
        "dmean": 6.62113046646,
        "dmean2": 11.7643461227,
        "dvar": 24.6373119354,
        "dvar2": 76.7419128418,
        "max": 47.6916885376,
        "mean": 22.89585495,
        "median": 21.2925739288,
        "min": 8.84932327271,
        "var": 53.3062400818
    },
    "dissonance": {
        "dmean": 0.0178026035428,
        "dmean2": 0.0309962369502,
        "dvar": 0.000194592110347,
        "dvar2": 0.000548366573639,
        "max": 0.498210430145,
        "mean": 0.473935782909,
        "median": 0.475884109735,
        "min": 0.367199957371,
        "var": 0.000258548447164
    },
    "dynamic_complexity": 0.958234667778,
    "erbbands_crest": {
        "dmean": 3.09374761581,
        "dmean2": 5.31377649307,
        "dvar": 5.87248516083,
        "dvar2": 16.3740215302,
        "max": 26.3049087524,
        "mean": 15.1241455078,
        "median": 14.6043796539,
        "min": 5.0949010849,
        "var": 25.8024368286
    },
    "erbbands_flatness_db": {
        "dmean": 0.0239745937288,
        "dmean2": 0.0412894710898,
        "dvar": 0.00031281603151,
        "dvar2": 0.000849658157676,
        "max": 0.377578794956,
        "mean": 0.290597945452,
        "median": 0.293713182211,
        "min": 0.171722069383,
        "var": 0.00139356288128
    },
    "erbbands_kurtosis": {
        "dmean": 5.26483631134,
        "dmean2": 9.78684806824,
        "dvar": 39.1316795349,
        "dvar2": 119.515861511,
        "max": 33.4480018616,
        "mean": 3.63894820213,
        "median": 1.13995933533,
        "min": -1.49136734009,
        "var": 42.9757843018
    },
    "erbbands_skewness": {
        "dmean": 1.01736497879,
        "dmean2": 1.8561142683,
        "dvar": 0.547470748425,
        "dvar2": 1.66430699825,
        "max": 0.620330154896,
        "mean": -1.4932205677,
        "median": -1.37737524509,
        "min": -5.02226781845,
        "var": 1.23978984356
    },
    "erbbands_spread": {
        "dmean": 5.88255500793,
        "dmean2": 10.3673648834,
        "dvar": 18.4218978882,
        "dvar2": 54.462726593,
        "max": 50.793762207,
        "mean": 17.5410728455,
        "median": 16.3422107697,
        "min": 3.0459458828,
        "var": 79.663772583
    },
    "hfc": {
        "dmean": 11.5750579834,
        "dmean2": 19.8669281006,
        "dvar": 91.7314147949,
        "dvar2": 279.722351074,
        "max": 75.4718856812,
        "mean": 31.131105423,
        "median": 29.359910965,
        "min": 0.346687495708,
        "var": 212.522964478
    },
    "melbands_crest": {
        "dmean": 2.9218173027,
        "dmean2": 5.08319234848,
        "dvar": 4.79426002502,
        "dvar2": 14.2368078232,
        "max": 20.5741348267,
        "mean": 10.9433050156,
        "median": 10.4148235321,
        "min": 4.72375059128,
        "var": 8.52218341827
    },
    "melbands_flatness_db": {
        "dmean": 0.0183614417911,
        "dmean2": 0.0315133295953,
        "dvar": 0.000177771871677,
        "dvar2": 0.000515332561918,
        "max": 0.276579260826,
        "mean": 0.208434641361,
        "median": 0.207775250077,
        "min": 0.15011779964,
        "var": 0.000493047293276
    },
    "melbands_kurtosis": {
        "dmean": 0.705032646656,
        "dmean2": 1.22786390781,
        "dvar": 0.477684646845,
        "dvar2": 1.35152566433,
        "max": 5.27386474609,
        "mean": -0.688808321953,
        "median": -1.05497729778,
        "min": -1.87839686871,
        "var": 1.02179765701
    },
    "melbands_skewness": {
        "dmean": 0.479267299175,
        "dmean2": 0.828845202923,
        "dvar": 0.131541445851,
        "dvar2": 0.389130443335,
        "max": 2.40026044846,
        "mean": 0.162033617496,
        "median": 0.117019802332,
        "min": -1.6459403038,
        "var": 0.49856030941
    },
    "melbands_spread": {
        "dmean": 15.3182954788,
        "dmean2": 27.5944328308,
        "dvar": 91.9101104736,
        "dvar2": 297.512634277,
        "max": 99.4697189331,
        "mean": 54.6949005127,
        "median": 54.042552948,
        "min": 25.2314910889,
        "var": 186.054016113
    },
    "pitch_salience": {
        "dmean": 0.0694411322474,
        "dmean2": 0.117160990834,
        "dvar": 0.00261098286137,
        "dvar2": 0.00743406126276,
        "max": 0.799441099167,
        "mean": 0.442759841681,
        "median": 0.440854609013,
        "min": 0.205687448382,
        "var": 0.00858790427446
    },
    "silence_rate_20dB": {
        "dmean": 0,
        "dmean2": 0,
        "dvar": 0,
        "dvar2": 0,
        "max": 1,
        "mean": 1,
        "median": 1,
        "min": 1,
        "var": 0
    },
    "silence_rate_30dB": {
        "dmean": 0,
        "dmean2": 0,
        "dvar": 0,
        "dvar2": 0,
        "max": 1,
        "mean": 1,
        "median": 1,
        "min": 1,
        "var": 0
    },
    "silence_rate_60dB": {
        "dmean": 0.00277777784504,
        "dmean2": 0.00278551527299,
        "dvar": 0.00277006183751,
        "dvar2": 0.00277775619179,
        "max": 1,
        "mean": 0.0027700830251,
        "median": 0,
        "min": 0,
        "var": 0.00276240985841
    },
    "spectral_centroid": {
        "dmean": 218.591186523,
        "dmean2": 396.524810791,
        "dvar": 28609.6308594,
        "dvar2": 91118.6796875,
        "max": 3435.43896484,
        "mean": 2180.37719727,
        "median": 2207.84106445,
        "min": 1415.05358887,
        "var": 86367.3984375
    },
    "spectral_complexity": {
        "dmean": 2.76666665077,
        "dmean2": 4.68523693085,
        "dvar": 6.5788860321,
        "dvar2": 14.7449350357,
        "max": 29,
        "mean": 18.576177597,
        "median": 18,
        "min": 0,
        "var": 14.7927131653
    },
    "spectral_decrease": {
        "dmean": 1.28633648178e-09,
        "dmean2": 2.2239607933e-09,
        "dvar": 8.01689749507e-19,
        "dvar2": 2.4305715887e-18,
        "max": -6.38729624747e-11,
        "mean": -3.9688718978e-09,
        "median": -4.02896693785e-09,
        "min": -7.4686248297e-09,
        "var": 1.56835201899e-18
    },
    "spectral_energy": {
        "dmean": 0.0058090086095,
        "dmean2": 0.00997857097536,
        "dvar": 1.70596595126e-05,
        "dvar2": 5.23838389199e-05,
        "max": 0.0350337922573,
        "mean": 0.0178030878305,
        "median": 0.01779037714,
        "min": 0.000272517296253,
        "var": 3.50876071025e-05
    },
    "spectral_energyband_high": {
        "dmean": 0.000118610128993,
        "dmean2": 0.00019036665617,
        "dvar": 6.35163317497e-08,
        "dvar2": 1.61536419796e-07,
        "max": 0.00405024597421,
        "mean": 0.000397658906877,
        "median": 0.000136520262458,
        "min": 4.15872591475e-06,
        "var": 5.73482566324e-07
    },
    "spectral_energyband_low": {
        "dmean": 0.000459291739389,
        "dmean2": 0.000785675656516,
        "dvar": 2.55487435652e-07,
        "dvar2": 6.38937308395e-07,
        "max": 0.00621963944286,
        "mean": 0.000913822324947,
        "median": 0.000768726400565,
        "min": 3.32491945301e-05,
        "var": 3.7275322029e-07
    },
    "spectral_energyband_middle_high": {
        "dmean": 0.00477721123025,
        "dmean2": 0.00818946864456,
        "dvar": 1.63148833963e-05,
        "dvar2": 5.09825913468e-05,
        "max": 0.0303757693619,
        "mean": 0.011640612036,
        "median": 0.0107448156923,
        "min": 0.000140102987643,
        "var": 3.89996930608e-05
    },
    "spectral_energyband_middle_low": {
        "dmean": 0.00269263307564,
        "dmean2": 0.00487077282742,
        "dvar": 3.41041277352e-06,
        "dvar2": 1.05980589069e-05,
        "max": 0.0130583168939,
        "mean": 0.00494860112667,
        "median": 0.00452350080013,
        "min": 9.59428653005e-05,
        "var": 5.94909261054e-06
    },
    "spectral_entropy": {
        "dmean": 0.172251433134,
        "dmean2": 0.295913815498,
        "dvar": 0.0203761160374,
        "dvar2": 0.0546580664814,
        "max": 8.17390537262,
        "mean": 7.09668302536,
        "median": 7.12325334549,
        "min": 6.23809862137,
        "var": 0.0688560977578
    },
    "spectral_flux": {
        "dmean": 0.013126084581,
        "dmean2": 0.0218166578561,
        "dvar": 0.000116422568681,
        "dvar2": 0.000335904333042,
        "max": 0.11656820029,
        "mean": 0.0712894648314,
        "median": 0.0705819427967,
        "min": 0.0352323912084,
        "var": 0.000170716870343
    },
    "spectral_kurtosis": {
        "dmean": 5.33378601074,
        "dmean2": 9.42541790009,
        "dvar": 20.1007518768,
        "dvar2": 61.513759613,
        "max": 29.9983558655,
        "mean": 10.1873092651,
        "median": 9.17970085144,
        "min": 0.908263921738,
        "var": 30.0008335114
    },
    "spectral_rms": {
        "dmean": 0.000693212845363,
        "dmean2": 0.00118176522665,
        "dvar": 2.43964052515e-07,
        "dvar2": 6.91538559749e-07,
        "max": 0.00584630714729,
        "mean": 0.00410438794643,
        "median": 0.00416610902175,
        "min": 0.000515626335982,
        "var": 5.228620239e-07
    },
    "spectral_rolloff": {
        "dmean": 130.873931885,
        "dmean2": 250.840637207,
        "dvar": 106733.789062,
        "dvar2": 335982.15625,
        "max": 4888.03710938,
        "mean": 2551.23999023,
        "median": 2411.71875,
        "min": 1550.390625,
        "var": 307824.65625
    },
    "spectral_skewness": {
        "dmean": 0.460792124271,
        "dmean2": 0.809628725052,
        "dvar": 0.147355973721,
        "dvar2": 0.454990655184,
        "max": 4.04431390762,
        "mean": 1.38866448402,
        "median": 1.28580236435,
        "min": 0.381339371204,
        "var": 0.242921859026
    },
    "spectral_spread": {
        "dmean": 240221.59375,
        "dmean2": 383846.59375,
        "dvar": 261307662336,
        "dvar2": 225093664768,
        "max": 13059582,
        "mean": 1973036.875,
        "median": 1901799,
        "min": 1384593.125,
        "var": 422966984704
    },
    "spectral_strongpeak": {
        "dmean": 2.16341900826,
        "dmean2": 3.62400507927,
        "dvar": 4.61658668518,
        "dvar2": 11.3294038773,
        "max": 24.4896450043,
        "mean": 5.96900081635,
        "median": 6.48944664001,
        "min": 0.0138882203028,
        "var": 17.1044006348
    },
    "zerocrossingrate": {
        "dmean": 0.00554606132209,
        "dmean2": 0.00782202091068,
        "dvar": 3.30572547682e-05,
        "dvar2": 5.23131675436e-05,
        "max": 0.140625,
        "mean": 0.090743213892,
        "median": 0.095703125,
        "min": 0.01904296875,
        "var": 0.00032495718915
    },
    "barkbands": {
        "dmean": [1.17162835522e-05, 0.00041065417463, 9.18729128898e-05, 0.000103173180833, 0.000645570806228, 1.27233888634e-05, 1.60460094776e-05, 5.83315668337e-05, 0.0027999652084, 0.000456823996501, 8.81128726178e-05, 0.000553378893528, 1.4370527424e-05, 0.00014010349696, 0.000232139107538, 0.00062952627195, 0.00430403463542, 0.000237803076743, 0.000149226543726, 3.36462435371e-05, 0.000111883317004, 1.98636689674e-06, 5.74869829961e-07, 4.13710552039e-07, 1.76292488163e-07, 3.5214576144e-08, 1.07692343931e-08],
        "dmean2": [1.86333072634e-05, 0.000704372068867, 0.00014559327974, 0.000152192194946, 0.00109486479778, 2.32136644627e-05, 2.7718479032e-05, 0.000110156157461, 0.00508028361946, 0.000851094780955, 0.000146815975313, 0.00102347368374, 2.45360697591e-05, 0.000229367477004, 0.00038074812619, 0.00106850161683, 0.00750980945304, 0.000406036095228, 0.000255657971138, 5.67225833947e-05, 0.000179967741133, 3.28042528963e-06, 1.00306965578e-06, 6.8537764264e-07, 2.98563037404e-07, 5.70656659704e-08, 1.67968021714e-08],
        "dvar": [1.77389283817e-10, 2.01316751713e-07, 7.03253766332e-09, 1.23891812365e-08, 5.32099988959e-07, 2.18861248569e-10, 6.14534534371e-10, 3.77919251449e-09, 3.266908152e-06, 1.2438790975e-07, 3.09540659771e-08, 2.51343465152e-07, 3.58775370524e-10, 9.72409921474e-08, 9.28933303612e-08, 4.20223130959e-07, 1.82113835763e-05, 7.31954798994e-08, 4.18797405644e-08, 1.01535180264e-09, 6.28535801184e-08, 2.78046227535e-12, 4.10466230233e-13, 1.41803439108e-13, 2.73368499604e-14, 1.06172488268e-15, 6.76917179468e-16],
        "dvar2": [3.77574166377e-10, 5.05296270603e-07, 1.97681728764e-08, 2.75843223818e-08, 1.54308293077e-06, 5.87049020506e-10, 1.55275903246e-09, 1.0153770269e-08, 1.10653427328e-05, 3.56210165364e-07, 5.59871899952e-08, 6.98922349329e-07, 9.33396249181e-10, 2.21174360604e-07, 2.37518122503e-07, 1.0186330428e-06, 5.66583912587e-05, 1.9175135435e-07, 1.17352996654e-07, 2.55179966047e-09, 1.59829127711e-07, 7.12781916823e-12, 1.05885862144e-12, 3.98003163629e-13, 6.99902511165e-14, 2.03541466654e-15, 9.16042309654e-16],
        "max": [0.000128148167278, 0.00541263259947, 0.000972114736214, 0.00110263738316, 0.00674594007432, 0.000123345438624, 0.000199475849513, 0.000418817973696, 0.0100974412635, 0.00220817816444, 0.0027119552251, 0.00334221823141, 0.000185188036994, 0.00416596466675, 0.0029942386318, 0.00525217270479, 0.0283005330712, 0.00217970414087, 0.00177030346822, 0.000302068947349, 0.00400054873899, 1.6850844986e-05, 7.01214912624e-06, 4.06111439588e-06, 2.20146171159e-06, 4.83803205498e-07, 4.83316853206e-07],
        "mean": [1.70146377059e-05, 0.000579600455239, 0.000242946887738, 0.000138989038533, 0.00128506473266, 1.44925334098e-05, 2.05567521334e-05, 4.29575411545e-05, 0.00339485006407, 0.00039985429612, 0.000100167140772, 0.000496998778544, 2.29331653827e-05, 0.000201887902222, 0.000369364686776, 0.00106904970016, 0.00827999878675, 0.000392538611777, 0.000286488211714, 7.63607604313e-05, 0.00036163823097, 5.88221973885e-06, 1.26919326249e-06, 1.4560728232e-06, 5.85148143273e-07, 1.13278929348e-07, 5.20552205785e-08],
        "median": [1.21786215459e-05, 0.000448450737167, 0.000224231727771, 8.78801438375e-05, 0.000960547477007, 9.83466907201e-06, 1.21194543681e-05, 1.96266410057e-05, 0.00307380896993, 0.000260088243522, 4.02085570386e-05, 0.000328669644659, 1.79210655915e-05, 0.000132916145958, 0.00027949892683, 0.000865963462275, 0.00710957031697, 0.000312842574203, 0.000236945255892, 7.03898767824e-05, 0.00010024367657, 5.51287257622e-06, 1.03169213617e-06, 1.38038979003e-06, 5.26142514445e-07, 1.01909179762e-07, 4.78595580944e-08],
        "min": [1.38339487421e-07, 1.40375213959e-05, 5.27240445081e-06, 3.06086963064e-06, 5.0247163017e-05, 1.26884015117e-06, 5.6382987168e-07, 9.29095790525e-07, 2.09635527426e-06, 5.38309950571e-06, 1.90928767552e-06, 2.75507068181e-06, 1.49683955897e-06, 2.10299776882e-06, 1.65022538567e-05, 4.43014941993e-05, 3.41941486113e-05, 1.16199998956e-05, 5.53559766558e-06, 1.07212645162e-06, 1.94569452105e-06, 5.76530510443e-07, 2.85754083507e-07, 2.51363331927e-07, 1.48531981381e-07, 2.55401477744e-08, 1.93197458032e-08],
        "var": [2.55849758046e-10, 2.7382716894e-07, 1.83958146494e-08, 2.36532518016e-08, 1.26531858768e-06, 2.37515784818e-10, 7.32842453388e-10, 3.29316041103e-09, 4.58944396087e-06, 1.45859360146e-07, 6.17524662516e-08, 2.63350614205e-07, 4.25321000641e-10, 1.08360254103e-07, 1.22639320921e-07, 5.8798889313e-07, 4.36536283814e-05, 8.50927577289e-08, 3.69474548734e-08, 1.52338774928e-09, 5.70305417114e-07, 6.28354009449e-12, 7.01054394658e-13, 2.96967284747e-13, 7.64761382476e-14, 3.25439206291e-15, 8.97196250094e-16]
    },
    "erbbands": {
        "dmean": [0.0139918047935, 0.0877350196242, 0.127488672733, 0.226318374276, 1.83713841438, 2.75245690346, 0.223402634263, 0.109514564276, 0.119466625154, 0.505003809929, 15.5989627838, 72.881149292, 10.9769020081, 12.24883461, 13.4695558548, 13.7301015854, 0.980571210384, 4.08942461014, 10.460067749, 25.2166957855, 99.2556533813, 166.747344971, 17.6773719788, 11.4672107697, 3.72448420525, 1.71579670906, 2.50693917274, 4.09249687195, 0.185835599899, 0.0247084069997, 0.0174286104739, 0.0108039844781, 0.00561159104109, 0.00311337108724, 0.000356033240678, 0.000194881664356, 6.19029960944e-05, 5.71523105464e-06, 4.3528571041e-06, 7.75501575845e-06],
        "dmean2": [0.0254384446889, 0.145907253027, 0.201762035489, 0.342987835407, 3.26062011719, 4.65704536438, 0.39364606142, 0.201110124588, 0.203831896186, 0.881379961967, 28.5483322144, 131.868789673, 20.1990642548, 22.6590633392, 24.6191616058, 25.2685852051, 1.70520067215, 6.68407392502, 17.5104789734, 42.5098152161, 171.819442749, 289.140533447, 30.4696521759, 20.1041488647, 6.21433782578, 2.87640333176, 4.15616416931, 6.54769849777, 0.29539167881, 0.0402748174965, 0.0300303325057, 0.0174598880112, 0.00903793238103, 0.00519491545856, 0.000606174813583, 0.000321226601955, 0.000100607816421, 8.74795659911e-06, 7.33319575374e-06, 1.33049115902e-05],
        "dvar": [0.000188206584426, 0.00996851082891, 0.0141747370362, 0.0581653527915, 3.83210325241, 7.1286907196, 0.0406800620258, 0.0166064333171, 0.0220770221204, 0.544185161591, 111.234024048, 2178.95288086, 67.904914856, 96.2663726807, 140.27822876, 182.076889038, 1.33764314651, 62.1591835022, 331.835540771, 833.626586914, 7568.54150391, 26684.75, 329.827178955, 365.262542725, 17.2437438965, 2.81492710114, 23.6310787201, 99.9860229492, 0.117553338408, 0.00053243880393, 0.000462121504825, 9.17556681088e-05, 2.85871465167e-05, 7.04084141034e-06, 1.17049232529e-07, 2.86957781981e-08, 4.36963754069e-09, 2.51675902341e-10, 1.78649126742e-11, 3.37822304852e-11],
        "dvar2": [0.000517651496921, 0.0235715899616, 0.0379400625825, 0.128342211246, 11.858086586, 21.5877189636, 0.115727216005, 0.0447864942253, 0.055324587971, 1.34053778648, 372.215698242, 7342.15527344, 181.405517578, 273.191040039, 359.364868164, 495.175170898, 3.26425981522, 134.927505493, 741.404052734, 2209.36206055, 24452.453125, 80643.15625, 860.771850586, 1036.03857422, 45.3121871948, 7.12545108795, 58.2426071167, 257.176971436, 0.288168251514, 0.00152934656944, 0.00124689447694, 0.000226873889915, 8.06922762422e-05, 1.80281876965e-05, 2.93448096045e-07, 6.04979746299e-08, 8.86545770129e-09, 3.16315140747e-10, 4.09549547054e-11, 1.03171970967e-10],
        "max": [0.137499243021, 1.24969160557, 1.37040114403, 2.43150305748, 18.9331798553, 22.9886608124, 1.61644351482, 0.933173954487, 1.81835746765, 6.24985599518, 62.7726364136, 267.004394531, 67.0757446289, 88.6994476318, 102.905326843, 114.743392944, 12.3187198639, 123.27835083, 231.071426392, 284.115264893, 566.576721191, 1264.39404297, 126.929664612, 191.744827271, 37.2115364075, 15.4334077835, 76.4581375122, 159.477340698, 4.84840965271, 0.314325690269, 0.275046348572, 0.129822507501, 0.0577274560928, 0.0383457317948, 0.00381470797583, 0.0019668948371, 0.000973023183178, 0.000293281656923, 7.3109906225e-05, 4.97229048051e-05],
        "mean": [0.0156051339582, 0.134076446295, 0.33054459095, 0.398572206497, 3.02422785759, 4.48709869385, 0.374203026295, 0.13582457602, 0.198767974973, 0.729215741158, 18.166841507, 89.4460067749, 11.7416238785, 11.7586507797, 13.7570915222, 12.5746736526, 1.643704772, 6.63756752014, 17.3255958557, 40.3843955994, 202.896987915, 343.315979004, 35.1824645996, 20.777431488, 8.71127128601, 3.97759819031, 7.901907444, 13.2372264862, 0.640124201775, 0.0752722620964, 0.0434029400349, 0.0355223156512, 0.0208980701864, 0.010834784247, 0.00142301048618, 0.000765435164794, 0.00015371167683, 2.12508275581e-05, 1.83820211532e-05, 2.49571330642e-05],
        "median": [0.0122188935056, 0.105677336454, 0.296795874834, 0.300771832466, 2.24895358086, 3.2819507122, 0.319375544786, 0.0940733104944, 0.155560046434, 0.479740053415, 14.8970890045, 79.9771652222, 8.34310054779, 7.78910732269, 9.06091022491, 7.93096256256, 1.32237827778, 4.78369569778, 12.1517734528, 30.8719577789, 188.875015259, 291.621459961, 31.2168521881, 15.8850059509, 7.78824853897, 3.58140277863, 3.22656702995, 3.02556705475, 0.341611236334, 0.05866715312, 0.0339086130261, 0.0321330949664, 0.0196202415973, 0.00983831938356, 0.00133839680348, 0.000734383414965, 0.000129024527268, 1.77478978003e-05, 1.78230657184e-05, 2.45589562837e-05],
        "min": [0.000640873389784, 0.00236331042834, 0.00554129993543, 0.0266388934106, 0.1304654181, 0.133230388165, 0.0340074561536, 0.00922302622348, 0.0113076251, 0.0221210140735, 0.0895094051957, 0.0462382659316, 0.0468446016312, 0.289440065622, 0.51121622324, 0.0983721092343, 0.0746793448925, 0.0778814256191, 0.2849599123, 2.33216810226, 1.84253263474, 1.77435517311, 0.622476637363, 0.57753777504, 0.200732722878, 0.0611990652978, 0.10584487766, 0.0418413132429, 0.0184492897242, 0.0100129619241, 0.00749449292198, 0.0065347016789, 0.00373938190751, 0.00216626026668, 0.000473327818327, 0.00023831478029, 1.70770344994e-05, 4.46946251031e-06, 6.05061131864e-06, 2.77546450889e-06],
        "var": [0.000229610988754, 0.0142829651013, 0.0343517027795, 0.109359286726, 7.13738489151, 16.0977039337, 0.0686708465219, 0.0161310993135, 0.0301505085081, 0.784822583199, 149.861541748, 3166.90258789, 87.9750747681, 125.63192749, 204.272155762, 190.328216553, 1.85072588921, 79.150932312, 397.958282471, 1005.72912598, 16271.1630859, 70922.5625, 357.707702637, 289.385162354, 21.6746082306, 4.23425912857, 169.960037231, 909.953491211, 0.844163715839, 0.00259857415222, 0.000943540770095, 0.000211478065467, 6.17144978605e-05, 2.29303132073e-05, 2.58119968066e-07, 8.19765944016e-08, 1.37346765072e-08, 3.70367431168e-10, 3.03438593696e-11, 6.97087942925e-11]
    },
    "gfcc": {
        "mean": [-57.2447052002, 116.587203979, -186.984848022, 46.7487411499, -20.9275054932, -5.08499002457, -13.2668886185, 22.4606647491, -8.88801956177, -28.5202941895, -38.9341201782, -18.9079170227, 9.67899417877],
        "cov": [[287.234771729, 40.4273643494, -31.5385475159, -9.31660175323, -78.7785949707, 18.9187259674, 63.6139335632, -29.1031799316, -35.4953079224, 23.2971954346, -18.2065734863, -11.6551198959, 1.81350791454], [40.4273643494, 110.438606262, -3.65606760979, -71.2061462402, -17.1380596161, 30.6653003693, 8.422539711, 11.2404184341, -22.4193572998, -14.9263629913, 27.1304035187, -16.9062004089, -1.27480185032], [-31.5385475159, -3.65606760979, 108.686027527, 80.4585418701, 0.85837328434, -4.16755056381, -26.1195411682, -13.478811264, -11.7438964844, 9.30855941772, -0.406133532524, 9.29879188538, -2.15562820435], [-9.31660175323, -71.2061462402, 80.4585418701, 178.737838745, 25.2849941254, -32.9735145569, -20.7700958252, -40.759098053, 9.0396270752, 23.5744037628, -21.6268291473, 12.6451244354, 9.97052764893], [-78.7785949707, -17.1380596161, 0.85837328434, 25.2849941254, 94.9051742554, -9.21051120758, -42.6613082886, 19.2113285065, 32.8165817261, -19.465631485, 4.83243513107, 5.45712709427, 7.12932538986], [18.9187259674, 30.6653003693, -4.16755056381, -32.9735145569, -9.21051120758, 66.5620956421, 38.0680847168, 8.58915901184, -11.550617218, 15.8074865341, 17.5480861664, -5.89300537109, -6.65349197388], [63.6139335632, 8.422539711, -26.1195411682, -20.7700958252, -42.6613082886, 38.0680847168, 86.2956466675, 4.37369632721, -6.61512517929, 21.2352333069, -5.44739055634, 5.49630260468, 1.27784693241], [-29.1031799316, 11.2404184341, -13.478811264, -40.759098053, 19.2113285065, 8.58915901184, 4.37369632721, 62.3814163208, 30.607049942, -10.1658382416, 11.7567882538, -8.0663356781, -6.00309228897], [-35.4953079224, -22.4193572998, -11.7438964844, 9.0396270752, 32.8165817261, -11.550617218, -6.61512517929, 30.607049942, 55.3901100159, 5.67421627045, -4.33649349213, 1.51493227482, 3.10206341743], [23.2971954346, -14.9263629913, 9.30855941772, 23.5744037628, -19.465631485, 15.8074865341, 21.2352333069, -10.1658382416, 5.67421627045, 47.2746238708, 6.54621601105, 4.81044769287, -1.22144806385], [-18.2065734863, 27.1304035187, -0.406133532524, -21.6268291473, 4.83243513107, 17.5480861664, -5.44739055634, 11.7567882538, -4.33649349213, 6.54621601105, 40.4553947449, 5.41564655304, -1.99108207226], [-11.6551198959, -16.9062004089, 9.29879188538, 12.6451244354, 5.45712709427, -5.89300537109, 5.49630260468, -8.0663356781, 1.51493227482, 4.81044769287, 5.41564655304, 34.4795532227, 14.1421194077], [1.81350791454, -1.27480185032, -2.15562820435, 9.97052764893, 7.12932538986, -6.65349197388, 1.27784693241, -6.00309228897, 3.10206341743, -1.22144806385, -1.99108207226, 14.1421194077, 27.477640152]],
        "icov": [[0.00686213746667, -0.0069186729379, 0.0071259601973, -0.00561011489481, 0.00454539153725, -0.00153608829714, 0.00186296447646, -0.00406063580886, 0.00464771874249, -0.00469054095447, 0.00831331685185, -0.00466354051605, 0.00156517955475], [-0.0069186729379, 0.0339944176376, -0.0231583248824, 0.0209503918886, -0.00733305187896, 0.00474948622286, -0.015333564952, 0.0178434215486, -0.00948122423142, 0.0163312852383, -0.0320449620485, 0.0313795767725, -0.0163970645517], [0.0071259601973, -0.0231583248824, 0.0416585281491, -0.0302235856652, 0.0166707132012, -0.0173426382244, 0.0276801828295, -0.0269892327487, 0.0173123497516, -0.0116991903633, 0.0292878095061, -0.0352036878467, 0.014748188667], [-0.00561011489481, 0.0209503918886, -0.0302235856652, 0.0325980186462, -0.0172427408397, 0.016460493207, -0.0205391291529, 0.0250425171107, -0.0113739194348, 0.00214045518078, -0.0204597599804, 0.0277248416096, -0.0123441964388], [0.00454539153725, -0.00733305187896, 0.0166707132012, -0.0172427408397, 0.0337894558907, -0.0202689096332, 0.0229328069836, -0.0112926438451, -0.00891708489507, 0.0104559538886, 0.00890608876944, -0.0183254312724, 0.00126427551731], [-0.00153608829714, 0.00474948622286, -0.0173426382244, 0.016460493207, -0.0202689096332, 0.0442121215165, -0.030412344262, 0.00986526161432, 0.00568322464824, -0.0102558508515, -0.0199618861079, 0.023569477722, -0.00215213210322], [0.00186296447646, -0.015333564952, 0.0276801828295, -0.0205391291529, 0.0229328069836, -0.030412344262, 0.0489855632186, -0.0267700105906, 0.00924980919808, -0.0109083624557, 0.0332779884338, -0.0367657504976, 0.0071539292112], [-0.00406063580886, 0.0178434215486, -0.0269892327487, 0.0250425171107, -0.0112926438451, 0.00986526161432, -0.0267700105906, 0.0585283637047, -0.0378537327051, 0.0232379753143, -0.0367455258965, 0.0332384034991, -0.00522114289925], [0.00464771874249, -0.00948122423142, 0.0173123497516, -0.0113739194348, -0.00891708489507, 0.00568322464824, 0.00924980919808, -0.0378537327051, 0.0566437207162, -0.0298108700663, 0.0263039972633, -0.0145622594282, 0.00140929757617], [-0.00469054095447, 0.0163312852383, -0.0116991903633, 0.00214045518078, 0.0104559538886, -0.0102558508515, -0.0109083624557, 0.0232379753143, -0.0298108700663, 0.0539852380753, -0.030810566619, 0.0124558368698, -0.00311745074578], [0.00831331685185, -0.0320449620485, 0.0292878095061, -0.0204597599804, 0.00890608876944, -0.0199618861079, 0.0332779884338, -0.0367455258965, 0.0263039972633, -0.030810566619, 0.0771101340652, -0.0479091890156, 0.0168726015836], [-0.00466354051605, 0.0313795767725, -0.0352036878467, 0.0277248416096, -0.0183254312724, 0.023569477722, -0.0367657504976, 0.0332384034991, -0.0145622594282, 0.0124558368698, -0.0479091890156, 0.0839378833771, -0.0360998660326], [0.00156517955475, -0.0163970645517, 0.014748188667, -0.0123441964388, 0.00126427551731, -0.00215213210322, 0.0071539292112, -0.00522114289925, 0.00140929757617, -0.00311745074578, 0.0168726015836, -0.0360998660326, 0.05834762007]]
    },
    "melbands": {
        "dmean": [0.000119640091725, 7.98979235697e-05, 6.68311622576e-05, 0.000179316790309, 2.27278869716e-05, 2.36849405155e-06, 2.18875106839e-06, 4.03536660087e-06, 0.00024935984402, 0.000398345611757, 4.66082747153e-05, 5.53648606001e-05, 2.80227995972e-05, 7.5737509178e-05, 4.08545201935e-06, 2.49842264566e-06, 8.34923685034e-06, 1.81979467015e-05, 2.02062037715e-05, 4.01182915084e-05, 0.000180503193405, 0.00025785699836, 3.50721529685e-05, 7.71065333538e-06, 1.05915323729e-05, 3.16577325066e-06, 2.14208921534e-06, 1.01384011941e-06, 3.94325184061e-07, 5.11306598128e-06, 1.21281482279e-06, 6.13863022636e-08, 2.23867555604e-08, 1.184300924e-08, 1.11563140948e-08, 8.47390602132e-09, 7.53777040785e-09, 4.88908336038e-09, 4.17984669099e-09, 2.31028574049e-09],
        "dmean2": [0.000212167171412, 0.000129569190904, 0.000113845555461, 0.000300988263916, 4.09760832554e-05, 4.34873982158e-06, 3.80090477847e-06, 6.93724041412e-06, 0.000456280569779, 0.000720356008969, 8.76595804584e-05, 0.000102801313915, 4.90419588459e-05, 0.000140066986205, 7.26851203581e-06, 4.22948460255e-06, 1.36902281156e-05, 3.02217758872e-05, 3.37770798069e-05, 6.6113032517e-05, 0.000314142380375, 0.000447889178758, 6.20104619884e-05, 1.32624372782e-05, 1.87333280337e-05, 5.26848771187e-06, 3.58456600225e-06, 1.6893012571e-06, 6.39906261313e-07, 8.38073538034e-06, 1.89679519735e-06, 1.01002463282e-07, 3.54175639927e-08, 2.10626023289e-08, 1.95672189562e-08, 1.39213209849e-08, 1.25587877875e-08, 8.1666211571e-09, 7.01240576717e-09, 3.88599508128e-09],
        "dvar": [1.53505705924e-08, 7.22783655149e-09, 3.93694277179e-09, 3.9869526347e-08, 4.58884374943e-10, 7.52592346082e-12, 8.82832348892e-12, 6.07947581166e-11, 2.82440240085e-08, 6.52685656632e-08, 1.60214708167e-09, 1.99658778399e-09, 9.63017887656e-10, 4.82067363805e-09, 3.0504071491e-11, 1.90706877373e-11, 2.55161891616e-10, 1.17280440914e-09, 6.83588463612e-10, 1.92425919643e-09, 2.89766308725e-08, 6.99838693663e-08, 1.75572034689e-09, 1.21022331045e-10, 3.26750682067e-10, 1.26185997415e-11, 4.8459170704e-12, 1.13736505023e-12, 2.71198075932e-13, 1.26750235308e-10, 1.13475097374e-11, 2.75117656521e-15, 3.7499818818e-16, 1.17029949815e-16, 1.61605773349e-16, 1.3254624345e-16, 4.81821854203e-17, 2.38368901817e-17, 1.49733207003e-17, 3.84497950543e-18],
        "dvar2": [3.98321802209e-08, 1.7160719068e-08, 1.19048078062e-08, 1.15168276693e-07, 1.39778111308e-09, 2.01356136625e-11, 2.16613983695e-11, 1.48014281387e-10, 9.46084384168e-08, 2.19297490389e-07, 3.92739263333e-09, 5.68210500873e-09, 1.97137950408e-09, 1.33817676939e-08, 7.83412640315e-11, 4.41818283348e-11, 5.82400516702e-10, 2.73123412775e-09, 1.73702907613e-09, 4.95894880714e-09, 9.38061148759e-08, 2.13161968077e-07, 4.67832350637e-09, 3.19664988924e-10, 9.31434041007e-10, 3.29917898556e-11, 1.30056798664e-11, 3.05480467311e-12, 7.50631924239e-13, 3.1922600674e-10, 2.87160104723e-11, 7.4835953813e-15, 1.05652081813e-15, 3.55718288933e-16, 4.64938608209e-16, 2.09836888157e-16, 1.43093352126e-16, 6.75257709576e-17, 3.41305639523e-17, 1.03885315346e-17],
        "max": [0.00141481810715, 0.00108710373752, 0.000467963516712, 0.00184393813834, 0.000157936054165, 2.13773146243e-05, 3.32012641593e-05, 6.66426858515e-05, 0.000978327705525, 0.00146493362263, 0.000282151362626, 0.000381031568395, 0.000440718693426, 0.000470569735626, 6.44761094009e-05, 5.89984774706e-05, 0.000219801484491, 0.00043574773008, 0.000230362013099, 0.000422815035563, 0.00107193051372, 0.00194253691006, 0.000245615490712, 0.000114127222332, 0.000177032547072, 3.23067324643e-05, 1.97974568437e-05, 1.05161780084e-05, 5.86431906413e-06, 0.000174380911631, 4.90955899295e-05, 4.55870093674e-07, 2.09397001072e-07, 8.21023320441e-08, 1.43267811836e-07, 2.29838008181e-07, 6.2388366473e-08, 4.90139200338e-08, 5.5712600755e-08, 2.44259883431e-08],
        "mean": [0.000151267202455, 0.000173922788235, 0.000102962781966, 0.000360298261512, 2.8084641599e-05, 2.69054248747e-06, 3.25494238496e-06, 4.48100581707e-06, 0.000289992749458, 0.000490841048304, 4.07953630202e-05, 5.10615063831e-05, 3.06368528982e-05, 6.77487332723e-05, 4.71843986816e-06, 3.70361908608e-06, 1.28503061205e-05, 2.73928999377e-05, 3.15978795697e-05, 6.12948279013e-05, 0.000350083544618, 0.000511369318701, 4.66989295091e-05, 1.4692572222e-05, 1.74108245119e-05, 7.21602009435e-06, 4.27901204603e-06, 2.09112204175e-06, 9.8489215361e-07, 1.60342187883e-05, 3.69144754586e-06, 1.67017176977e-07, 6.14865385273e-08, 1.99033500792e-08, 2.29534489193e-08, 2.2408841005e-08, 2.19051337069e-08, 1.53018220317e-08, 1.28917720943e-08, 7.4312009879e-09],
        "median": [0.000115425107651, 0.000153135508299, 8.07381948107e-05, 0.000263832218479, 2.06459062611e-05, 1.8093678591e-06, 2.25861890613e-06, 1.82661517556e-06, 0.000241739253397, 0.0004322869936, 2.33080318139e-05, 3.35953191097e-05, 1.83512493095e-05, 4.44237193733e-05, 2.89212675852e-06, 2.7624203085e-06, 9.07787398319e-06, 1.93270625459e-05, 2.3328109819e-05, 4.62217540189e-05, 0.000322486128425, 0.000436938600615, 3.41953164025e-05, 1.21959983517e-05, 1.28540032165e-05, 6.31127613815e-06, 3.80211122319e-06, 1.84635791811e-06, 8.75299861036e-07, 4.16889406551e-06, 6.89433477419e-07, 1.55026654625e-07, 5.56950858766e-08, 1.69571041653e-08, 1.8229227905e-08, 1.91079738698e-08, 2.00601242284e-08, 1.42662832658e-08, 1.14864757705e-08, 6.906701433e-09],
        "min": [5.42589714314e-06, 2.87842863145e-06, 7.79560286901e-06, 1.20828681247e-05, 1.19985816127e-06, 1.79121045107e-07, 1.47348785617e-07, 1.1161923652e-07, 7.56628423915e-07, 2.45675408905e-07, 2.08253879919e-07, 6.36032609691e-07, 1.2595867247e-06, 4.87394856918e-07, 1.72374669205e-07, 1.15416725066e-07, 1.4259948955e-07, 3.07274234501e-07, 1.61389084496e-06, 3.84173699786e-06, 1.89958223018e-06, 1.979028184e-06, 9.21423634281e-07, 5.85124837471e-07, 4.56612497146e-07, 2.27367735306e-07, 4.58883100407e-08, 3.40171588675e-08, 6.28167668992e-08, 4.55433948332e-08, 2.13517541425e-08, 1.24111911859e-08, 6.56606147231e-09, 3.78863607153e-09, 4.14306988716e-09, 4.50528903073e-09, 3.99724431333e-09, 2.93541302376e-09, 2.11433892616e-09, 1.56185742117e-09],
        "var": [2.04495442802e-08, 1.24857759687e-08, 5.8058073904e-09, 9.96561198008e-08, 5.91448001686e-10, 7.67330990414e-12, 1.10699444403e-11, 7.85493337041e-11, 3.76854565332e-08, 9.46869960217e-08, 1.85813431308e-09, 2.47568832101e-09, 1.85812032427e-09, 5.04994712713e-09, 3.62908800233e-11, 2.14461226555e-11, 3.07361719409e-10, 1.30488719829e-09, 8.31768098841e-10, 2.50600251661e-09, 6.15083948219e-08, 1.79966491487e-07, 1.64633262578e-09, 1.34476263458e-10, 2.49499670923e-10, 1.6100612163e-11, 6.22987035223e-12, 1.54638769238e-12, 3.13216520862e-13, 1.12439602074e-09, 8.35120930742e-11, 5.42188076526e-15, 8.25821336431e-16, 1.42951685865e-16, 2.56719592687e-16, 3.04686009699e-16, 8.31778744142e-17, 4.11434971385e-17, 4.81645168424e-17, 1.03248427633e-17]
    },
    "mfcc": {
        "mean": [-684.158813477, 133.744186401, -78.3189163208, 46.8228874207, 13.6982383728, -7.81718397141, 5.51576375961, 24.1178722382, 41.5124435425, 0.987083733082, -15.2354202271, -0.68890273571, -20.8522357941],
        "cov": [[334.375030518, 48.3067970276, -19.1295604706, -48.210975647, -103.12071228, 8.29988861084, 46.1599769592, -17.5420818329, 5.23163986206, 13.0003414154, 10.1352577209, -28.9737415314, -36.0495300293], [48.3067970276, 115.233833313, -16.6407718658, -82.0730667114, -39.5566368103, -15.8442020416, 25.8271465302, 14.6085853577, -5.0050611496, 9.04076099396, -16.7382965088, -19.6083755493, 30.5160541534], [-19.1295604706, -16.6407718658, 115.814910889, 56.4174041748, 3.06040644646, 13.6749753952, 4.31459760666, -16.4765586853, -21.1221103668, -4.29868650436, 6.82017564774, -8.93748950958, -15.2857675552], [-48.210975647, -82.0730667114, 56.4174041748, 138.095932007, 65.472328186, 11.969414711, -36.9859275818, -27.1546058655, -9.37373256683, -21.1946716309, 12.825586319, 23.6313972473, -37.4770927429], [-103.12071228, -39.5566368103, 3.06040644646, 65.472328186, 118.05872345, 3.71362376213, -44.6764640808, -1.3755209446, -11.8009767532, 6.54873323441, -3.52465748787, 0.802356123924, 9.65260124207], [8.29988861084, -15.8442020416, 13.6749753952, 11.969414711, 3.71362376213, 53.1160545349, 19.7619762421, -8.54525947571, -2.5832862854, 0.370521664619, 9.07998561859, -3.85235381126, -20.6172275543], [46.1599769592, 25.8271465302, 4.31459760666, -36.9859275818, -44.6764640808, 19.7619762421, 64.7328262329, 15.0853776932, -1.27608859539, 3.60530734062, -0.768156886101, -15.4212608337, -2.26539230347], [-17.5420818329, 14.6085853577, -16.4765586853, -27.1546058655, -1.3755209446, -8.54525947571, 15.0853776932, 48.3212852478, 14.0448856354, 9.30008602142, -8.53712654114, -5.81623125076, 21.6623001099], [5.23163986206, -5.0050611496, -21.1221103668, -9.37373256683, -11.8009767532, -2.5832862854, -1.27608859539, 14.0448856354, 56.8397445679, 3.63834404945, -7.89930963516, 19.499912262, 6.41868066788], [13.0003414154, 9.04076099396, -4.29868650436, -21.1946716309, 6.54873323441, 0.370521664619, 3.60530734062, 9.30008602142, 3.63834404945, 57.2051200867, 14.1239099503, -27.1859130859, 16.3784866333], [10.1352577209, -16.7382965088, 6.82017564774, 12.825586319, -3.52465748787, 9.07998561859, -0.768156886101, -8.53712654114, -7.89930963516, 14.1239099503, 40.4105834961, 10.2612199783, -10.4189682007], [-28.9737415314, -19.6083755493, -8.93748950958, 23.6313972473, 0.802356123924, -3.85235381126, -15.4212608337, -5.81623125076, 19.499912262, -27.1859130859, 10.2612199783, 75.716468811, 5.08175706863], [-36.0495300293, 30.5160541534, -15.2857675552, -37.4770927429, 9.65260124207, -20.6172275543, -2.26539230347, 21.6623001099, 6.41868066788, 16.3784866333, -10.4189682007, 5.08175706863, 62.7857818604]],
