{
"lowlevel": {
    "average_loudness": 0.985401928425,
    "barkbands_crest": {
        "dmean": 3.854211092,
        "dmean2": 6.9603729248,
        "dvar": 7.27975988388,
        "dvar2": 22.1539020538,
        "max": 24.4007587433,
        "mean": 10.6777219772,
        "median": 10.2041530609,
        "min": 4.09896087646,
        "var": 13.5085887909
    },
    "barkbands_flatness_db": {
        "dmean": 0.0213295556605,
        "dmean2": 0.0378996804357,
        "dvar": 0.000236485007918,
        "dvar2": 0.000652927265037,
        "max": 0.300434738398,
        "mean": 0.175201788545,
        "median": 0.175394296646,
        "min": 0.0821853503585,
        "var": 0.000567831157241
    },
    "barkbands_kurtosis": {
        "dmean": 1.02296686172,
        "dmean2": 1.83652186394,
        "dvar": 1.35019421577,
        "dvar2": 3.48953795433,
        "max": 18.7238674164,
        "mean": -0.315781652927,
        "median": -0.672655344009,
        "min": -1.7366707325,
        "var": 1.85143315792
    },
    "barkbands_skewness": {
        "dmean": 0.39821049571,
        "dmean2": 0.660985767841,
        "dvar": 0.134086966515,
        "dvar2": 0.384571045637,
        "max": 4.37971639633,
        "mean": 0.398896038532,
        "median": 0.355598300695,
        "min": -1.18386745453,
        "var": 0.293780505657
    },
    "barkbands_spread": {
        "dmean": 7.32268047333,
        "dmean2": 13.2850399017,
        "dvar": 23.9179611206,
        "dvar2": 72.9312896729,
        "max": 42.4638328552,
        "mean": 21.7397556305,
        "median": 21.263250351,
        "min": 8.05276203156,
        "var": 41.1458816528
    },
    "dissonance": {
        "dmean": 0.0210149586201,
        "dmean2": 0.0366386733949,
        "dvar": 0.000222824179218,
        "dvar2": 0.000649143301416,
        "max": 0.500000059605,
        "mean": 0.462140649557,
        "median": 0.463833093643,
        "min": 0.368263542652,
        "var": 0.000364291772712
    },
    "dynamic_complexity": 0.689809858799,
    "erbbands_crest": {
        "dmean": 3.81925082207,
        "dmean2": 6.83077096939,
        "dvar": 7.9021859169,
        "dvar2": 22.5886154175,
        "max": 23.9874343872,
        "mean": 11.3243532181,
        "median": 10.7168989182,
        "min": 3.24669623375,
        "var": 14.0121469498
    },
    "erbbands_flatness_db": {
        "dmean": 0.0195146407932,
        "dmean2": 0.034484218806,
        "dvar": 0.000216476808419,
        "dvar2": 0.000561356253456,
        "max": 0.30619212985,
        "mean": 0.2525793612,
        "median": 0.254638373852,
        "min": 0.117522962391,
        "var": 0.00059716089163
    },
    "erbbands_kurtosis": {
        "dmean": 0.828251421452,
        "dmean2": 1.51122653484,
        "dvar": 1.05721724033,
        "dvar2": 3.03096175194,
        "max": 5.50860500336,
        "mean": -0.627518773079,
        "median": -0.948536872864,
        "min": -1.61533522606,
        "var": 0.987223148346
    },
    "erbbands_skewness": {
        "dmean": 0.695275783539,
        "dmean2": 1.26898527145,
        "dvar": 0.218352407217,
        "dvar2": 0.620715141296,
        "max": 1.56752896309,
        "mean": -0.217409744859,
        "median": -0.196826264262,
        "min": -2.17398095131,
        "var": 0.386838525534
    },
    "erbbands_spread": {
        "dmean": 5.52519655228,
        "dmean2": 9.80466938019,
        "dvar": 24.5828323364,
        "dvar2": 76.1158447266,
        "max": 55.8546867371,
        "mean": 25.7522945404,
        "median": 24.9504432678,
        "min": 10.9364452362,
        "var": 35.646156311
    },
    "hfc": {
        "dmean": 10.7192811966,
        "dmean2": 17.1170406342,
        "dvar": 101.967521667,
        "dvar2": 261.513092041,
        "max": 106.465362549,
        "mean": 31.4747962952,
        "median": 29.7711753845,
        "min": 0.66930937767,
        "var": 158.311386108
    },
    "melbands_crest": {
        "dmean": 3.57028841972,
        "dmean2": 6.20430755615,
        "dvar": 6.30933380127,
        "dvar2": 19.0493392944,
        "max": 26.629617691,
        "mean": 12.4322118759,
        "median": 11.957660675,
        "min": 4.84457492828,
        "var": 12.7122631073
    },
    "melbands_flatness_db": {
        "dmean": 0.0198440719396,
        "dmean2": 0.0333412736654,
        "dvar": 0.000311277108267,
        "dvar2": 0.000894432596397,
        "max": 0.388949483633,
        "mean": 0.212609112263,
        "median": 0.211751267314,
        "min": 0.122507460415,
        "var": 0.00074962322833
    },
    "melbands_kurtosis": {
        "dmean": 1.88214313984,
        "dmean2": 3.2192337513,
        "dvar": 10.6199378967,
        "dvar2": 29.5694141388,
        "max": 68.1838150024,
        "mean": 1.6014496088,
        "median": 0.879207611084,
        "min": -1.57275927067,
        "var": 14.7449035645
    },
    "melbands_skewness": {
        "dmean": 0.442711770535,
        "dmean2": 0.75422757864,
        "dvar": 0.20261593163,
        "dvar2": 0.594945013523,
        "max": 7.73744440079,
        "mean": 1.11752295494,
        "median": 0.966894567013,
        "min": -0.4096775949,
        "var": 0.456062823534
    },
    "melbands_spread": {
        "dmean": 12.0252084732,
        "dmean2": 21.2613353729,
        "dvar": 93.1726760864,
        "dvar2": 288.178619385,
        "max": 79.5316848755,
        "mean": 34.1034126282,
        "median": 33.2483100891,
        "min": 4.55498552322,
        "var": 146.806976318
    },
    "pitch_salience": {
        "dmean": 0.0622629113495,
        "dmean2": 0.108572468162,
        "dvar": 0.00234297243878,
        "dvar2": 0.00666133966297,
        "max": 0.849038541317,
        "mean": 0.531205296516,
        "median": 0.535386383533,
        "min": 0.207775995135,
        "var": 0.00564764393494
    },
    "silence_rate_20dB": {
        "dmean": 0,
        "dmean2": 0,
        "dvar": 0,
        "dvar2": 0,
        "max": 1,
        "mean": 1,
        "median": 1,
        "min": 1,
        "var": 0
    },
    "silence_rate_30dB": {
        "dmean": 0,
        "dmean2": 0,
        "dvar": 0,
        "dvar2": 0,
        "max": 1,
        "mean": 1,
        "median": 1,
        "min": 1,
        "var": 0
    },
    "silence_rate_60dB": {
        "dmean": 0,
        "dmean2": 0,
        "dvar": 0,
        "dvar2": 0,
        "max": 0,
        "mean": 0,
        "median": 0,
        "min": 0,
        "var": 0
    },
    "spectral_centroid": {
        "dmean": 286.217956543,
        "dmean2": 490.340881348,
        "dvar": 53406.3398438,
        "dvar2": 151320.171875,
        "max": 2684.53710938,
        "mean": 1651.5489502,
        "median": 1667.5324707,
        "min": 655.320983887,
        "var": 108559.28125
    },
    "spectral_complexity": {
        "dmean": 3.61527776718,
        "dmean2": 5.83171081543,
        "dvar": 9.1478099823,
        "dvar2": 19.925775528,
        "max": 48,
        "mean": 26.4424419403,
        "median": 26,
        "min": 3,
        "var": 28.2493724823
    },
    "spectral_decrease": {
        "dmean": 1.9533625828e-09,
        "dmean2": 3.18826587353e-09,
        "dvar": 1.95998853822e-18,
        "dvar2": 5.17786360291e-18,
        "max": -2.72875527729e-10,
        "mean": -7.28014626361e-09,
        "median": -7.18409642886e-09,
        "min": -1.73479346444e-08,
        "var": 5.00284252505e-18
    },
    "spectral_energy": {
        "dmean": 0.008056611754,
        "dmean2": 0.0131489122286,
        "dvar": 3.46305168932e-05,
        "dvar2": 8.7314452685e-05,
        "max": 0.0707552433014,
        "mean": 0.030331723392,
        "median": 0.0301294047385,
        "min": 0.00109060539398,
        "var": 8.40247375891e-05
    },
    "spectral_energyband_high": {
        "dmean": 8.24268645374e-05,
        "dmean2": 0.000142593620694,
        "dvar": 3.39666961224e-08,
        "dvar2": 1.01701978394e-07,
        "max": 0.00240231771022,
        "mean": 0.000177654452273,
        "median": 0.000144912948599,
        "min": 1.06470688479e-05,
        "var": 3.12393027002e-08
    },
    "spectral_energyband_low": {
        "dmean": 0.00169710069895,
        "dmean2": 0.00270346202888,
        "dvar": 5.61171054869e-06,
        "dvar2": 1.24591852e-05,
        "max": 0.0567273423076,
        "mean": 0.00321413180791,
        "median": 0.00205519213341,
        "min": 0.000275447877357,
        "var": 2.10378493648e-05
    },
    "spectral_energyband_middle_high": {
        "dmean": 0.00436715688556,
        "dmean2": 0.00701354024932,
        "dvar": 1.71167230292e-05,
        "dvar2": 4.24972422479e-05,
        "max": 0.0372111983597,
        "mean": 0.0105884578079,
        "median": 0.00960813555866,
        "min": 0.000179539740202,
        "var": 2.63412894128e-05
    },
    "spectral_energyband_middle_low": {
        "dmean": 0.00608360487968,
        "dmean2": 0.0105303805321,
        "dvar": 1.94167441805e-05,
        "dvar2": 5.76022212044e-05,
        "max": 0.040324639529,
        "mean": 0.0166968572885,
        "median": 0.0163992717862,
        "min": 0.000639310572296,
        "var": 4.57420755993e-05
    },
    "spectral_entropy": {
        "dmean": 0.105712346733,
        "dmean2": 0.185940593481,
        "dvar": 0.00625658081844,
        "dvar2": 0.0161500833929,
        "max": 8.13819885254,
        "mean": 7.31657743454,
        "median": 7.31255626678,
        "min": 6.97685241699,
        "var": 0.0141028789803
    },
    "spectral_flux": {
        "dmean": 0.0159830749035,
        "dmean2": 0.0267015304416,
        "dvar": 0.000186171761015,
        "dvar2": 0.000470856175525,
        "max": 0.209843814373,
        "mean": 0.0988093242049,
        "median": 0.0968533679843,
        "min": 0.0470346733928,
        "var": 0.000414281385019
    },
    "spectral_kurtosis": {
        "dmean": 4.28750181198,
        "dmean2": 7.72966194153,
        "dvar": 11.8866167068,
        "dvar2": 37.4629135132,
        "max": 28.9961948395,
        "mean": 7.56490802765,
        "median": 6.67541599274,
        "min": 1.70431232452,
        "var": 15.0899734497
    },
    "spectral_rms": {
        "dmean": 0.000740026007406,
        "dmean2": 0.00120641780086,
        "dvar": 3.00645439211e-07,
        "dvar2": 7.50499623337e-07,
        "max": 0.00830839946866,
        "mean": 0.00537663279101,
        "median": 0.00542167341337,
        "min": 0.00103150634095,
        "var": 6.83758514697e-07
    },
    "spectral_rolloff": {
        "dmean": 429.676574707,
        "dmean2": 758.274108887,
        "dvar": 195700.5625,
        "dvar2": 505094.40625,
        "max": 3337.64648438,
        "mean": 2088.54345703,
        "median": 2217.91992188,
        "min": 86.1328125,
        "var": 314694.65625
    },
    "spectral_skewness": {
        "dmean": 0.376293212175,
        "dmean2": 0.672322571278,
        "dvar": 0.0944445580244,
        "dvar2": 0.292445987463,
        "max": 4.0407743454,
        "mean": 1.24249589443,
        "median": 1.16550195217,
        "min": 0.429683983326,
        "var": 0.133692860603
    },
    "spectral_spread": {
        "dmean": 208711.59375,
        "dmean2": 326417.5625,
        "dvar": 223988908032,
        "dvar2": 201087107072,
        "max": 16175953,
        "mean": 2122110.75,
        "median": 2089693.375,
        "min": 1564396.625,
        "var": 326379012096
    },
    "spectral_strongpeak": {
        "dmean": 1.18647956848,
        "dmean2": 2.1333220005,
        "dvar": 0.812099277973,
        "dvar2": 2.48293590546,
        "max": 6.60799026489,
        "mean": 2.06371760368,
        "median": 2.25033593178,
        "min": 0,
        "var": 1.43931925297
    },
    "zerocrossingrate": {
        "dmean": 0.00524427648634,
        "dmean2": 0.00754085555673,
        "dvar": 2.08457404369e-05,
        "dvar2": 3.68323380826e-05,
        "max": 0.08837890625,
        "mean": 0.0561001971364,
        "median": 0.05615234375,
        "min": 0.01025390625,
        "var": 0.000100710291008
    },
    "barkbands": {
        "dmean": [2.82619985228e-05, 0.00131148227956, 0.000465191493277, 0.000569106196053, 0.00317899417132, 0.00014124091831, 0.00022318122501, 0.000188110250747, 0.00653368094936, 0.00127815280575, 0.000198173482204, 0.000909608381335, 3.88116932299e-05, 0.00023317533487, 0.000632482639048, 0.00178063381463, 0.00151829142123, 0.000591580523178, 0.000350350775989, 0.000114214722998, 4.28210223617e-05, 7.68287100072e-06, 1.46050979311e-06, 1.42797671288e-06, 4.61900128812e-07, 1.78385306526e-07, 2.41807196488e-08],
        "dmean2": [4.53446482425e-05, 0.00206966139376, 0.000770341372117, 0.000968116393778, 0.00555878458545, 0.000244939757977, 0.000389366352465, 0.0003536172444, 0.0118410736322, 0.0023780586198, 0.000351620139554, 0.00168033619411, 6.6312844865e-05, 0.000392212445149, 0.00105374492705, 0.00304056634195, 0.00256258226, 0.00104379758704, 0.000579267158173, 0.000195939748664, 7.46768564568e-05, 1.37002680276e-05, 2.68363100986e-06, 2.55881855082e-06, 8.22588049232e-07, 3.21959447547e-07, 3.81508442615e-08],
        "dvar": [7.79153297437e-10, 3.18818456435e-06, 1.27744021938e-06, 2.96838538816e-06, 9.50024787016e-06, 1.26568750147e-07, 3.45193370777e-07, 5.20546095117e-08, 1.95025513676e-05, 9.34039974254e-07, 2.63714497351e-07, 7.15338615009e-07, 3.35046279609e-09, 3.74637124878e-07, 4.3877324174e-07, 3.15592228617e-06, 3.02510329675e-06, 5.52938843157e-07, 3.93439563595e-07, 5.46454224093e-08, 1.12884981363e-08, 4.09718231564e-10, 2.8303206133e-12, 1.36127810413e-11, 1.2679335663e-12, 3.46030414608e-13, 9.01037904499e-15],
        "dvar2": [1.79492964936e-09, 5.00146052218e-06, 3.79268681172e-06, 9.35079333431e-06, 2.77104027191e-05, 3.46242813976e-07, 1.00989825569e-06, 1.63568117273e-07, 6.17760160821e-05, 2.60965884991e-06, 7.00273290022e-07, 2.093310286e-06, 8.36541858007e-09, 8.83773225269e-07, 1.15233399356e-06, 8.46251350595e-06, 8.3469776655e-06, 1.52688198796e-06, 1.04081516383e-06, 1.66705746096e-07, 3.35863141743e-08, 1.24327781403e-09, 8.16287922673e-12, 4.26198659698e-11, 4.04543889707e-12, 1.08742106032e-12, 1.17133399537e-14],
        "max": [0.000247472838964, 0.0560958869755, 0.0137642081827, 0.0176657885313, 0.0289279296994, 0.00386743084528, 0.00756342895329, 0.00228735548444, 0.0333994328976, 0.00717914337292, 0.00720127206296, 0.00517878588289, 0.000743060256355, 0.0112414704636, 0.00610199943185, 0.0127072082832, 0.0148233370855, 0.00673656910658, 0.00859332643449, 0.00290538393892, 0.00166322675068, 0.000211500955629, 1.35636537379e-05, 4.98476911162e-05, 1.61912248586e-05, 7.27603719497e-06, 2.35988409258e-06],
        "mean": [3.85046223528e-05, 0.00214922521263, 0.000751974002924, 0.000680786790326, 0.00488957390189, 0.000199940128368, 0.000309212540742, 0.00016842779587, 0.0103131569922, 0.00121659867, 0.00019811274251, 0.000929910980631, 5.61562555959e-05, 0.000353136856575, 0.00106228841469, 0.00285584130324, 0.00226945686154, 0.00091991777299, 0.000659721205011, 0.000200952679734, 8.61860171426e-05, 1.53601286002e-05, 2.37428298533e-06, 3.43118699675e-06, 1.10947053145e-06, 2.87633838525e-07, 1.09468075493e-07],
        "median": [2.69969023066e-05, 0.00144890788943, 0.000439105206169, 0.000158270573593, 0.00350947841071, 4.84623815282e-05, 6.49486464681e-05, 7.37977752578e-05, 0.00992510467768, 0.00089842901798, 7.99280896899e-05, 0.000704749370925, 3.66201493307e-05, 0.000220228277612, 0.000872295815498, 0.00240811309777, 0.00171436858363, 0.000694911286701, 0.000528194825165, 0.000163739940035, 6.63668834022e-05, 1.19036021715e-05, 1.97326562557e-06, 2.95660333904e-06, 9.38111838877e-07, 2.10876592632e-07, 1.03014215824e-07],
        "min": [1.18913675351e-07, 8.60181753524e-05, 2.12514514715e-05, 2.96991152027e-06, 0.000143070341437, 1.6372268874e-06, 3.87820227843e-06, 2.15864292841e-06, 0.000129336593091, 1.46148158819e-05, 5.40357996215e-06, 2.61973182205e-05, 1.8399948658e-06, 2.06681470445e-05, 5.06911892444e-05, 1.29159125208e-05, 1.93216164917e-05, 1.05652798084e-05, 5.4293541325e-06, 6.39413929093e-06, 2.03208833227e-06, 1.39624376061e-06, 2.33518989035e-07, 3.33573865419e-07, 8.07114943768e-08, 2.44492373014e-08, 7.10191372377e-09],
        "var": [1.25965327058e-09, 1.69206268765e-05, 1.37839322178e-06, 3.20572462442e-06, 1.86235192814e-05, 2.15442824469e-07, 5.53521431357e-07, 6.52734115647e-08, 3.91960202251e-05, 1.07236871827e-06, 2.23925439968e-07, 6.40055134227e-07, 5.2630961811e-09, 4.12701751884e-07, 5.53714244234e-07, 3.76791695089e-06, 3.34505352839e-06, 5.71568534724e-07, 4.53208201634e-07, 4.32939302186e-08, 9.73050173769e-09, 3.71747604921e-10, 2.58429800996e-12, 9.76536126268e-12, 8.7058631788e-13, 2.2829288915e-13, 1.18979245266e-14]
    },
    "erbbands": {
        "dmean": [0.0414712354541, 0.290686845779, 0.556801140308, 1.16681563854, 8.05294322968, 12.4685726166, 2.12830090523, 1.15878927708, 1.42131471634, 4.87420129776, 36.843952179, 167.377838135, 24.6754550934, 36.108745575, 25.7388725281, 22.0761642456, 2.12038516998, 8.01570415497, 27.2354469299, 71.6097259521, 93.3645172119, 79.8772735596, 44.9576530457, 22.880979538, 12.5135984421, 5.78446388245, 1.96230554581, 1.33485651016, 0.333238065243, 0.0731274262071, 0.0387904793024, 0.0334295146167, 0.0205186437815, 0.00904535595328, 0.00120558717754, 0.000960315461271, 0.00028166451375, 1.42629023685e-05, 5.67241750105e-06, 9.74883369054e-06],
        "dmean2": [0.0694787502289, 0.447183489799, 0.904277324677, 1.995195508, 14.2283554077, 22.2232208252, 3.77870202065, 2.03206467628, 2.37425065041, 8.76152896881, 66.9125671387, 301.32434082, 45.2056770325, 66.7063293457, 47.0832366943, 41.0857162476, 3.70877051353, 13.4106903076, 44.844203949, 121.831787109, 161.907211304, 133.953979492, 79.5095672607, 39.1623497009, 21.1536006927, 9.89712715149, 3.38127589226, 2.31276917458, 0.583860397339, 0.129378840327, 0.0709159076214, 0.059503082186, 0.0367125049233, 0.0162690281868, 0.00215162150562, 0.00173552276101, 0.000509157776833, 2.39709006564e-05, 8.54674635775e-06, 1.56570404215e-05],
        "dvar": [0.00271122157574, 0.169329538941, 1.28054857254, 10.76521492, 79.01927948, 144.092269897, 22.1464939117, 8.85391807556, 9.03831005096, 181.167068481, 592.045654297, 13100.0625, 379.392486572, 761.484741211, 690.268920898, 470.519256592, 7.90374803543, 298.648468018, 934.403808594, 5938.72363281, 8567.95117188, 8714.36914062, 2635.00268555, 1728.90222168, 482.10256958, 119.322441101, 22.7903289795, 9.44965648651, 0.694880902767, 0.0165166333318, 0.00231109140441, 0.00561861740425, 0.00322813889943, 0.000594421173446, 8.77327329363e-06, 1.08443528006e-05, 8.10160031506e-07, 4.60121585277e-09, 2.04957356642e-10, 5.58893764602e-11],
        "dvar2": [0.00462247198448, 0.263727754354, 3.74701809883, 33.9533195496, 224.709991455, 434.416564941, 65.9687271118, 25.0362854004, 24.0066165924, 573.807739258, 1956.59790039, 41433.1445312, 1062.43725586, 2179.61328125, 1908.97460938, 1330.79602051, 18.2245464325, 733.29095459, 2480.59863281, 16276.2910156, 22145.4902344, 23309.6503906, 7233.65722656, 4437.51904297, 1383.66345215, 357.741699219, 69.4212188721, 28.0246944427, 2.08467268944, 0.0468579381704, 0.00672939699143, 0.0178194586188, 0.00993324350566, 0.00186844263226, 2.73117111647e-05, 3.41134909831e-05, 2.54721044257e-06, 7.15618320157e-09, 2.71913880301e-10, 1.34488933878e-10],
        "max": [1.60401463509, 12.5884742737, 15.1197156906, 32.7757987976, 98.1738052368, 101.186531067, 51.1238670349, 32.2699813843, 39.0021514893, 149.83821106, 161.195053101, 908.840332031, 187.707580566, 239.93572998, 279.869628906, 173.033996582, 49.3456115723, 307.060668945, 341.984100342, 632.055114746, 813.73638916, 964.54309082, 377.78225708, 509.997253418, 315.360198975, 135.077545166, 64.1026153564, 44.22706604, 8.88910484314, 1.65371716022, 0.493564158678, 0.908066391945, 0.801875293255, 0.384687662125, 0.0394133478403, 0.0381129235029, 0.0121781304479, 0.00151317054406, 0.000360053672921, 8.51880031405e-05],
        "mean": [0.0563094653189, 0.507521390915, 0.974356591702, 1.6817984581, 11.9266967773, 16.7665672302, 3.02319407463, 1.60414683819, 2.37035703659, 6.62620687485, 56.6794013977, 271.99432373, 31.4918270111, 35.8933792114, 27.7823925018, 23.1437625885, 3.4981315136, 13.2796907425, 47.3596687317, 104.791633606, 139.684173584, 127.775222778, 68.301612854, 41.7062492371, 23.3234977722, 10.1990461349, 3.92866253853, 2.63793039322, 0.701732933521, 0.147515162826, 0.0710437893867, 0.0784094855189, 0.0474960766733, 0.0214944016188, 0.00308667100035, 0.00189114687964, 0.000359528989065, 3.59355071851e-05, 2.98677605315e-05, 3.92011570511e-05],
        "median": [0.0341954231262, 0.33329808712, 0.63673132658, 0.617149949074, 8.18230247498, 12.0913009644, 1.289503932, 0.456703275442, 0.779592812061, 2.09862613678, 52.4622497559, 255.796600342, 25.1929607391, 28.4295520782, 20.486246109, 17.3892707825, 2.58457922935, 9.28454589844, 39.3615646362, 82.8320236206, 113.282569885, 100.475746155, 51.8348770142, 31.2502250671, 19.3265609741, 8.12812519073, 3.16324257851, 1.92242372036, 0.55098003149, 0.121814452112, 0.0614676550031, 0.0679697096348, 0.0408770032227, 0.0180265568197, 0.0027227178216, 0.00148872553837, 0.000230761637795, 2.80427157122e-05, 2.88936880679e-05, 3.87641994166e-05],
        "min": [0.00157506961841, 0.0246122907847, 0.057322088629, 0.0725358501077, 0.251142352819, 0.477346092463, 0.0599911510944, 0.0526396892965, 0.0881576165557, 0.276643782854, 1.5971044302, 3.12574529648, 0.901215970516, 0.412050098181, 0.855804443359, 0.932018637657, 0.179453089833, 0.689070880413, 1.62532937527, 2.79275178909, 0.621137797832, 0.929060876369, 0.818008482456, 0.363454639912, 0.234582215548, 0.27852717042, 0.122735075653, 0.0560594722629, 0.0546321645379, 0.015905264765, 0.00948770623654, 0.0070271557197, 0.00416276836768, 0.00168301281519, 0.000286530266749, 0.000199170302949, 2.49647437158e-05, 4.0321610868e-06, 8.50359083415e-06, 1.27845123643e-05],
        "var": [0.0143346572295, 0.852983057499, 1.49401414394, 12.5305280685, 134.054336548, 241.180938721, 32.8669128418, 12.3015117645, 21.5616092682, 225.953125, 1003.87359619, 28195.453125, 458.907989502, 882.66003418, 663.147216797, 415.817016602, 14.0187864304, 347.208496094, 1189.42211914, 6563.35986328, 10091.7041016, 9845.23535156, 2703.3190918, 2132.94335938, 465.274475098, 99.5684127808, 19.3655319214, 8.78054046631, 0.647379994392, 0.0166516080499, 0.00211760518141, 0.00425533996895, 0.00219445396215, 0.000395931012463, 5.78248364036e-06, 6.8613089752e-06, 5.50686991119e-07, 4.86894657925e-09, 2.58065208092e-10, 1.2415438122e-10]
    },
    "gfcc": {
        "mean": [-14.8188142776, 135.019058228, -177.590301514, 38.3757324219, -28.7335929871, -6.54058694839, -17.9037246704, 23.5588665009, -11.4089241028, -25.1983547211, -30.2974853516, -21.8154029846, 6.82430744171],
        "cov": [[347.46194458, -19.8897800446, -10.9935112, 52.2058334351, -15.585773468, -26.8005027771, -43.1683006287, -52.3027191162, -63.7118453979, 12.0376901627, 12.5522022247, 39.6393852234, -8.94864463806], [-19.8897800446, 216.902175903, 106.511894226, -17.2909564972, -30.8412265778, -49.0109977722, -7.44091796875, -58.8145904541, -20.8653907776, 18.5779705048, 51.177570343, 17.1302452087, 0.414068341255], [-10.9935112, 106.511894226, 163.181350708, 58.8293952942, -14.9075632095, -39.079246521, -45.1479568481, -50.7813034058, -23.4569282532, 24.1849956512, 28.7931671143, 20.4715480804, -14.3220376968], [52.2058334351, -17.2909564972, 58.8293952942, 121.287757874, 33.1138687134, -18.8594093323, -46.7043190002, -24.6135749817, -11.6391763687, 11.5811090469, 10.5716352463, 7.55569982529, -6.58153152466], [-15.585773468, -30.8412265778, -14.9075632095, 33.1138687134, 66.5337371826, 35.5630874634, 9.71460819244, 15.2015609741, 13.6161184311, 0.263501226902, -7.33399105072, -4.6232585907, 8.60362052917], [-26.8005027771, -49.0109977722, -39.079246521, -18.8594093323, 35.5630874634, 82.7303237915, 56.3313331604, 36.5743637085, 14.3674936295, -5.73520183563, -14.5251626968, -5.18798160553, 14.0008935928], [-43.1683006287, -7.44091796875, -45.1479568481, -46.7043190002, 9.71460819244, 56.3313331604, 90.2886047363, 56.8538131714, 21.336353302, -8.41707897186, -6.58724784851, -7.67080259323, 12.7456760406], [-52.3027191162, -58.8145904541, -50.7813034058, -24.6135749817, 15.2015609741, 36.5743637085, 56.8538131714, 84.1301116943, 48.606338501, -10.7968626022, -17.0670089722, -15.3383626938, 8.58196163177], [-63.7118453979, -20.8653907776, -23.4569282532, -11.6391763687, 13.6161184311, 14.3674936295, 21.336353302, 48.606338501, 62.1174926758, 6.13390922546, -6.93885850906, -15.1762113571, 4.01805782318], [12.0376901627, 18.5779705048, 24.1849956512, 11.5811090469, 0.263501226902, -5.73520183563, -8.41707897186, -10.7968626022, 6.13390922546, 47.0528526306, 30.116268158, 14.6959638596, -6.8369345665], [12.5522022247, 51.177570343, 28.7931671143, 10.5716352463, -7.33399105072, -14.5251626968, -6.58724784851, -17.0670089722, -6.93885850906, 30.116268158, 46.7591781616, 21.1307029724, -3.19047951698], [39.6393852234, 17.1302452087, 20.4715480804, 7.55569982529, -4.6232585907, -5.18798160553, -7.67080259323, -15.3383626938, -15.1762113571, 14.6959638596, 21.1307029724, 34.8959960938, 3.2260017395], [-8.94864463806, 0.414068341255, -14.3220376968, -6.58153152466, 8.60362052917, 14.0008935928, 12.7456760406, 8.58196163177, 4.01805782318, -6.8369345665, -3.19047951698, 3.2260017395, 28.3502445221]],
        "icov": [[0.00544696301222, -0.00346747087315, 0.00576021056622, -0.00548607343808, 0.00386509508826, -0.00228930776939, 0.00312779913656, -0.00328547507524, 0.00605601398274, -0.00434040371329, 0.00605232873932, -0.00669483980164, 0.00249018194154], [-0.00346747087315, 0.0303100012243, -0.0221858620644, 0.0173248201609, -0.0129828061908, 0.0223145354539, -0.0275083854795, 0.0314361453056, -0.0173362568021, 0.0170989595354, -0.0297711472958, 0.0120039843023, -0.0110878814012], [0.00576021056622, -0.0221858620644, 0.028356384486, -0.020038863644, 0.0144513240084, -0.0154943903908, 0.0183238666505, -0.0176091827452, 0.0129888607189, -0.0148925576359, 0.0222912374884, -0.014636204578, 0.0109158465639], [-0.00548607343808, 0.0173248201609, -0.020038863644, 0.0294978432357, -0.021037273109, 0.0145498216152, -0.00693936832249, 0.0115992324427, -0.00746391620487, 0.0108353495598, -0.0211256537586, 0.0116272317246, -0.00648225052282], [0.00386509508826, -0.0129828061908, 0.0144513240084, -0.021037273109, 0.0375832654536, -0.0245772805065, 0.0142446877435, -0.0112918857485, 0.00343806063756, -0.00882870983332, 0.0141182765365, -0.0058949100785, 0.00121563521679], [-0.00228930776939, 0.0223145354539, -0.0154943903908, 0.0145498216152, -0.0245772805065, 0.0491382442415, -0.0390546023846, 0.0248995926231, -0.010002582334, 0.00623956741765, -0.0109311742708, 0.00466434797272, -0.0111246071756], [0.00312779913656, -0.0275083854795, 0.0183238666505, -0.00693936832249, 0.0142446877435, -0.0390546023846, 0.0641023665667, -0.0523582845926, 0.0258399434388, -0.0133350966498, 0.0145430900156, -0.0046752197668, 0.00632021762431], [-0.00328547507524, 0.0314361453056, -0.0176091827452, 0.0115992324427, -0.0112918857485, 0.0248995926231, -0.0523582845926, 0.0787969455123, -0.0476938635111, 0.0255307368934, -0.02442958951, 0.00542731303722, -0.00733305560425], [0.00605601398274, -0.0173362568021, 0.0129888607189, -0.00746391620487, 0.00343806063756, -0.010002582334, 0.0258399434388, -0.0476938635111, 0.0556419752538, -0.0276174768806, 0.0192864127457, 0.00337509228848, 0.00095069501549], [-0.00434040371329, 0.0170989595354, -0.0148925576359, 0.0108353495598, -0.00882870983332, 0.00623956741765, -0.0133350966498, 0.0255307368934, -0.0276174768806, 0.056609030813, -0.0436985492706, 0.00123964843806, 0.00374400126748], [0.00605232873932, -0.0297711472958, 0.0222912374884, -0.0211256537586, 0.0141182765365, -0.0109311742708, 0.0145430900156, -0.02442958951, 0.0192864127457, -0.0436985492706, 0.0812289863825, -0.0313903838396, 0.0101142404601], [-0.00669483980164, 0.0120039843023, -0.014636204578, 0.0116272317246, -0.0058949100785, 0.00466434797272, -0.0046752197668, 0.00542731303722, 0.00337509228848, 0.00123964843806, -0.0313903838396, 0.0592789277434, -0.0174961928278], [0.00249018194154, -0.0110878814012, 0.0109158465639, -0.00648225052282, 0.00121563521679, -0.0111246071756, 0.00632021762431, -0.00733305560425, 0.00095069501549, 0.00374400126748, 0.0101142404601, -0.0174961928278, 0.0486313477159]]
    },
    "melbands": {
        "dmean": [0.000369794957805, 0.000303901731968, 0.000328904454364, 0.000863669381943, 0.000132741886773, 2.48542964982e-05, 2.94855126413e-05, 4.49480867246e-05, 0.000611262454186, 0.000902303727344, 0.000113257723569, 0.000165060264408, 5.61537308386e-05, 0.000122725556139, 8.79780509422e-06, 4.85173677589e-06, 1.6559033611e-05, 4.30259060522e-05, 5.34925675311e-05, 0.000108551153971, 0.000118183088489, 7.67202291172e-05, 9.85092265182e-05, 1.72602176463e-05, 2.03017807507e-05, 1.06170491563e-05, 7.05704951542e-06, 3.41722875419e-06, 9.81129005595e-07, 1.53001053604e-06, 5.7530792219e-07, 2.25595812253e-07, 7.39391126103e-08, 3.46305633059e-08, 2.58311914081e-08, 1.96603071601e-08, 2.30736052487e-08, 1.73455436681e-08, 1.14402745055e-08, 7.03743507913e-09],
        "dmean2": [0.000600248633418, 0.000472796236863, 0.00056470540585, 0.00151898746844, 0.000239175802562, 4.35237052443e-05, 5.03880037286e-05, 8.10573037597e-05, 0.00111587613355, 0.00162106449716, 0.000211991879041, 0.000305298308376, 0.000101156379969, 0.000227612006711, 1.56232999871e-05, 8.02226895757e-06, 2.80541244138e-05, 7.10680542397e-05, 9.04169064597e-05, 0.0001842854399, 0.00020627140475, 0.000128614177811, 0.00017352544819, 3.03735087073e-05, 3.48085341102e-05, 1.78981827048e-05, 1.21012153613e-05, 5.81601625527e-06, 1.71667682025e-06, 2.63846118287e-06, 9.95771074486e-07, 3.9844087496e-07, 1.28847148062e-07, 6.27528748964e-08, 4.73867096673e-08, 3.49803315203e-08, 4.07822113857e-08, 3.09106482632e-08, 2.06039931783e-08, 1.26713191051e-08],
        "dvar": [2.51682990893e-07, 2.16920952312e-07, 4.92426238452e-07, 6.82110339767e-07, 4.51793660261e-08, 4.05746369836e-09, 4.66600535987e-09, 1.61522475395e-08, 1.65831011145e-07, 3.84196624736e-07, 1.00783639212e-08, 1.59776725184e-08, 6.4632645902e-09, 1.32974458111e-08, 2.5356386435e-10, 5.71781441638e-11, 1.74041414613e-09, 3.04510061611e-09, 3.43462147612e-09, 1.29636239521e-08, 1.37043265624e-08, 9.98543114861e-09, 1.13241691579e-08, 9.05678865237e-10, 1.38494049562e-09, 4.20963097714e-10, 1.55865043094e-10, 4.31226859776e-11, 5.93340047234e-12, 1.52727362007e-11, 1.7187763799e-12, 3.17563033161e-13, 2.84756484885e-14, 1.6554022286e-15, 8.24389321354e-16, 1.93499933416e-15, 1.99376711531e-15, 1.73984379014e-15, 1.18512053656e-15, 2.96526991304e-16],
        "dvar2": [3.89560852909e-07, 5.5870111737e-07, 1.55920258749e-06, 1.98022348741e-06, 1.3252022768e-07, 1.1306542369e-08, 1.28367521057e-08, 5.19464649074e-08, 5.3429636182e-07, 1.2177846429e-06, 2.69265942876e-08, 4.58182114471e-08, 1.71959015915e-08, 3.87599499163e-08, 5.37399569289e-10, 1.55643206656e-10, 4.01039867981e-09, 8.10053446543e-09, 9.07890207458e-09, 3.55084921466e-08, 3.54223317345e-08, 2.73593379063e-08, 3.04897085357e-08, 2.53812704187e-09, 3.51948203914e-09, 1.16049347909e-09, 4.80058492958e-10, 1.27627394764e-10, 1.83823130329e-11, 4.46875592086e-11, 5.26186169289e-12, 9.62810452025e-13, 7.8056694951e-14, 4.77441132148e-15, 2.32629890964e-15, 6.11904902019e-15, 6.30295808425e-15, 5.27436574234e-15, 3.7300887307e-15, 9.25285980207e-16],
        "max": [0.0160314291716, 0.00721838977188, 0.00795773603022, 0.00724629778415, 0.0023073295597, 0.000674563401844, 0.000929218134843, 0.00143470033072, 0.00277857715264, 0.00490569835529, 0.000912663526833, 0.00108461233322, 0.00106314884033, 0.000725997088011, 0.00033414165955, 0.000111929963168, 0.000788704142906, 0.000738619302865, 0.000534107210115, 0.000875478493981, 0.000977972056717, 0.0010286278557, 0.000756558438297, 0.000316117540933, 0.000476065208204, 0.000338076642947, 0.000179679860594, 9.87089879345e-05, 3.38272548106e-05, 6.36839613435e-05, 1.70405910467e-05, 6.01182864557e-06, 2.19244952859e-06, 3.61818337069e-07, 2.07247026651e-07, 4.72640550697e-07, 5.6702862139e-07, 5.48584750959e-07, 5.08223251927e-07, 2.76063445881e-07],
        "mean": [0.000573979574256, 0.000566181552131, 0.00046313754865, 0.00132482137997, 0.000166380108567, 3.40500409948e-05, 4.52501190011e-05, 5.46803312318e-05, 0.000909242546186, 0.00147864955943, 0.000104574952275, 0.00015857895778, 6.13109295955e-05, 0.000125036123791, 1.01218847703e-05, 7.86174950917e-06, 2.49480726779e-05, 7.07684375811e-05, 8.82259191712e-05, 0.000165305202245, 0.000160936775501, 0.000116222559882, 0.000128424406284, 3.03562519548e-05, 3.46526830981e-05, 1.93721753021e-05, 1.19640708363e-05, 5.44687873116e-06, 1.84253872249e-06, 2.80240578832e-06, 1.0304540865e-06, 4.31041343063e-07, 1.5285134225e-07, 5.0591513201e-08, 3.98124058165e-08, 4.04468885051e-08, 5.14385725126e-08, 3.69497286101e-08, 2.42448034982e-08, 1.55796602286e-08],
        "median": [0.000366935477359, 0.000379967794288, 0.000222008646233, 0.000971948204096, 8.82248641574e-05, 8.88145495992e-06, 1.23743384393e-05, 9.35676507652e-06, 0.000862453016452, 0.00139469234273, 6.60111181787e-05, 0.000119968251965, 4.20149481215e-05, 9.43251943681e-05, 5.75885951548e-06, 5.55120095669e-06, 1.62764663401e-05, 5.74039004277e-05, 7.0116664574e-05, 0.000135019450681, 0.000124766273075, 8.81007144926e-05, 9.47926382651e-05, 2.32320981013e-05, 2.5099976483e-05, 1.54581048264e-05, 9.61555997492e-06, 4.17423234467e-06, 1.47375772031e-06, 2.09554195862e-06, 7.45915428979e-07, 3.37260871675e-07, 1.22910350342e-07, 4.03661104542e-08, 3.30828022754e-08, 3.41766828171e-08, 4.40585594674e-08, 3.15936539153e-08, 2.02773815516e-08, 1.30721833358e-08],
        "min": [1.90265272977e-05, 3.27590896632e-05, 1.23112977235e-05, 4.02344303438e-05, 1.43104318795e-06, 4.64562219804e-07, 1.04847174498e-06, 6.95217750035e-07, 1.64653392858e-05, 1.83889915206e-05, 3.82867119697e-06, 1.50182631842e-06, 2.55578515862e-06, 3.2257391922e-06, 4.04472757509e-07, 1.55111678168e-07, 1.45696981235e-06, 2.40424355979e-06, 4.20417518399e-06, 2.05083165383e-06, 5.69890630686e-07, 9.95786194835e-07, 9.47898911363e-07, 4.98027702633e-07, 2.81084680864e-07, 1.78428038566e-07, 2.54328995197e-07, 1.55306850047e-07, 8.72529568596e-08, 4.70419969645e-08, 2.33849313247e-08, 3.13891064252e-08, 1.36258186956e-08, 2.52999043937e-09, 4.4742702876e-09, 4.40375647059e-09, 4.07525746482e-09, 3.02501068639e-09, 2.36051200808e-09, 1.10808173748e-09],
        "var": [1.38567429531e-06, 4.80059554775e-07, 6.19206900865e-07, 1.33134960834e-06, 6.70242741307e-08, 5.9250431228e-09, 9.51805212424e-09, 2.04206394017e-08, 2.9538134072e-07, 8.2157464476e-07, 1.06894120222e-08, 1.83816695198e-08, 5.86665915847e-09, 1.16494227598e-08, 3.37814248796e-10, 8.45735356747e-11, 1.95098337485e-09, 3.5982392621e-09, 4.15864587211e-09, 1.46015954883e-08, 1.58764112967e-08, 1.03403454688e-08, 1.15619736007e-08, 9.7385433051e-10, 1.69732539135e-09, 4.00238758802e-10, 1.24702026483e-10, 3.45043611738e-11, 4.70945071135e-12, 1.25170655091e-11, 1.49098441926e-12, 2.80124691889e-13, 2.99512815266e-14, 1.53405459451e-15, 7.6636724683e-16, 1.32748485801e-15, 1.68262692631e-15, 1.25656215407e-15, 7.40081643955e-16, 1.98928255231e-16]
    },
    "mfcc": {
        "mean": [-640.583984375, 150.948242188, -67.1434173584, 43.40102005, 9.91348934174, -13.3131027222, 4.6426115036, 19.8320560455, 30.6568603516, 8.92344093323, -11.132273674, -10.1428203583, -16.3237781525],
        "cov": [[406.727661133, -49.3674468994, -31.5352478027, 33.9201431274, -11.9128265381, 4.91453647614, 6.15959453583, -42.1128044128, -48.5803070068, -68.1522521973, -14.0426673889, 8.35373210907, -0.840055346489], [-49.3674468994, 249.502349854, 94.6011276245, -3.7851524353, -51.9994239807, -13.7724742889, -3.6780860424, -54.3786277771, -54.3158836365, -36.0844955444, -9.71401596069, 37.0399971008, 47.5433921814], [-31.5352478027, 94.6011276245, 154.50062561, 65.7499923706, 1.15435433388, -2.57407999039, -28.0145378113, -50.534324646, -63.6319274902, -29.4931812286, 4.55902433395, 14.5173025131, 14.7345972061], [33.9201431274, -3.7851524353, 65.7499923706, 115.104141235, 48.3278770447, 1.06194090843, -27.9420986176, -41.896282196, -50.9679374695, -19.4546527863, 9.58990573883, 4.78189516068, -4.40157079697], [-11.9128265381, -51.9994239807, 1.15435433388, 48.3278770447, 80.1788101196, 24.9893341064, -13.5526218414, -5.55088615417, -1.83129227161, 9.3275346756, 7.51287841797, -8.2716588974, -17.7213191986], [4.91453647614, -13.7724742889, -2.57407999039, 1.06194090843, 24.9893341064, 51.9534873962, 23.5301532745, 1.91023695469, 4.87195920944, -2.31543374062, 1.1135532856, -4.4317522049, -6.93040275574], [6.15959453583, -3.6780860424, -28.0145378113, -27.9420986176, -13.5526218414, 23.5301532745, 71.6072616577, 34.7600975037, 29.8997612, 0.901286005974, -4.43579959869, -0.700711369514, -2.26437544823], [-42.1128044128, -54.3786277771, -50.534324646, -41.896282196, -5.55088615417, 1.91023695469, 34.7600975037, 89.5033874512, 71.2884140015, 32.9131584167, -1.18409895897, -18.5258960724, -13.7752437592], [-48.5803070068, -54.3158836365, -63.6319274902, -50.9679374695, -1.83129227161, 4.87195920944, 29.8997612, 71.2884140015, 93.9311523438, 42.4574661255, -2.7379629612, -16.1684703827, -11.4045543671], [-68.1522521973, -36.0844955444, -29.4931812286, -19.4546527863, 9.3275346756, -2.31543374062, 0.901286005974, 32.9131584167, 42.4574661255, 61.5480155945, 17.462677002, -7.85104656219, -3.84342885017], [-14.0426673889, -9.71401596069, 4.55902433395, 9.58990573883, 7.51287841797, 1.1135532856, -4.43579959869, -1.18409895897, -2.7379629612, 17.462677002, 38.0760040283, 15.5244836807, 2.43651795387], [8.35373210907, 37.0399971008, 14.5173025131, 4.78189516068, -8.2716588974, -4.4317522049, -0.700711369514, -18.5258960724, -16.1684703827, -7.85104656219, 15.5244836807, 41.7855873108, 24.7279262543], [-0.840055346489, 47.5433921814, 14.7345972061, -4.40157079697, -17.7213191986, -6.93040275574, -2.26437544823, -13.7752437592, -11.4045543671, -3.84342885017, 2.43651795387, 24.7279262543, 43.8423728943]],
