{
"lowlevel": {
    "average_loudness": 0.989131212234,
    "barkbands_crest": {
        "dmean": 3.64569783211,
        "dmean2": 5.76718568802,
        "dvar": 8.55056762695,
        "dvar2": 23.6285552979,
        "max": 21.4924144745,
        "mean": 12.984380722,
        "median": 13.1308727264,
        "min": 3.89754533768,
        "var": 19.3679924011
    },
    "barkbands_flatness_db": {
        "dmean": 0.0241728015244,
        "dmean2": 0.0393923856318,
        "dvar": 0.000347285269527,
        "dvar2": 0.000860171858221,
        "max": 0.253764361143,
        "mean": 0.189515009522,
        "median": 0.189199432731,
        "min": 0.0911843553185,
        "var": 0.000717832357623
    },
    "barkbands_kurtosis": {
        "dmean": 1.12260377407,
        "dmean2": 1.83574724197,
        "dvar": 1.24664855003,
        "dvar2": 3.52618932724,
        "max": 4.49987411499,
        "mean": -0.640368759632,
        "median": -1.13180804253,
        "min": -1.85906994343,
        "var": 1.68355584145
    },
    "barkbands_skewness": {
        "dmean": 0.644473969936,
        "dmean2": 1.02198755741,
        "dvar": 0.239140957594,
        "dvar2": 0.655307292938,
        "max": 2.46383237839,
        "mean": 0.814888238907,
        "median": 0.787993013859,
        "min": -1.15198755264,
        "var": 0.473783701658
    },
    "barkbands_spread": {
        "dmean": 6.61541795731,
        "dmean2": 10.789601326,
        "dvar": 26.4451503754,
        "dvar2": 75.7408828735,
        "max": 46.5051002502,
        "mean": 34.6263084412,
        "median": 36.0585784912,
        "min": 16.4890213013,
        "var": 48.0171470642
    },
    "dissonance": {
        "dmean": 0.00371454074048,
        "dmean2": 0.00609275093302,
        "dvar": 1.41659293149e-05,
        "dvar2": 2.40707668127e-05,
        "max": 0.498649209738,
        "mean": 0.491366803646,
        "median": 0.492048323154,
        "min": 0.452487528324,
        "var": 2.14414358197e-05
    },
    "dynamic_complexity": 0.42115187645,
    "erbbands_crest": {
        "dmean": 1.78967773914,
        "dmean2": 3.0611884594,
        "dvar": 2.26996850967,
        "dvar2": 6.53786420822,
        "max": 15.7815284729,
        "mean": 7.70222711563,
        "median": 7.3304567337,
        "min": 4.9622926712,
        "var": 3.10532402992
    },
    "erbbands_flatness_db": {
        "dmean": 0.00923278648406,
        "dmean2": 0.0143178254366,
        "dvar": 5.10427307745e-05,
        "dvar2": 0.000122731347801,
        "max": 0.27174270153,
        "mean": 0.245829105377,
        "median": 0.245398104191,
        "min": 0.19755461812,
        "var": 0.000106573694211
    },
    "erbbands_kurtosis": {
        "dmean": 2.05493879318,
        "dmean2": 3.30524802208,
        "dvar": 2.90637612343,
        "dvar2": 7.50951576233,
        "max": 9.51305007935,
        "mean": 1.73633086681,
        "median": 1.41264724731,
        "min": -1.61962175369,
        "var": 5.20602273941
    },
    "erbbands_skewness": {
        "dmean": 0.440383434296,
        "dmean2": 0.691044807434,
        "dvar": 0.112257994711,
        "dvar2": 0.326993048191,
        "max": -0.388933867216,
        "mean": -1.51000237465,
        "median": -1.57503819466,
        "min": -2.61452651024,
        "var": 0.221498534083
    },
    "erbbands_spread": {
        "dmean": 13.9602651596,
        "dmean2": 22.1185398102,
        "dvar": 106.507301331,
        "dvar2": 315.940765381,
        "max": 74.6144104004,
        "mean": 40.4398269653,
        "median": 38.412651062,
        "min": 11.9251470566,
        "var": 216.718490601
    },
    "hfc": {
        "dmean": 4.89025688171,
        "dmean2": 7.33632898331,
        "dvar": 13.5039110184,
        "dvar2": 31.1489849091,
        "max": 46.9624214172,
        "mean": 30.2046318054,
        "median": 30.4597854614,
        "min": 0.561060070992,
        "var": 37.8431358337
    },
    "melbands_crest": {
        "dmean": 3.49679398537,
        "dmean2": 5.56252861023,
        "dvar": 7.02922296524,
        "dvar2": 17.9261741638,
        "max": 27.7935714722,
        "mean": 19.857749939,
        "median": 19.6698265076,
        "min": 7.28344631195,
        "var": 15.562456131
    },
    "melbands_flatness_db": {
        "dmean": 0.0341112613678,
        "dmean2": 0.0555403456092,
        "dvar": 0.000636886921711,
        "dvar2": 0.00165105983615,
        "max": 0.303421199322,
        "mean": 0.221249908209,
        "median": 0.22477799654,
        "min": 0.119814842939,
        "var": 0.00130614021327
    },
    "melbands_kurtosis": {
        "dmean": 5.33679628372,
        "dmean2": 8.58346939087,
        "dvar": 21.4303340912,
        "dvar2": 62.1963882446,
        "max": 26.0117969513,
        "mean": 5.97386074066,
        "median": 4.41652488708,
        "min": -1.71443104744,
        "var": 34.093536377
    },
    "melbands_skewness": {
        "dmean": 0.972444534302,
        "dmean2": 1.54704988003,
        "dvar": 0.525770962238,
        "dvar2": 1.50690865517,
        "max": 5.11237335205,
        "mean": 2.51593375206,
        "median": 2.42244267464,
        "min": 0.0748126879334,
        "var": 1.03942763805
    },
    "melbands_spread": {
        "dmean": 16.5569114685,
        "dmean2": 27.1739253998,
        "dvar": 185.152709961,
        "dvar2": 463.675750732,
        "max": 93.4610595703,
        "mean": 40.729473114,
        "median": 38.7270812988,
        "min": 11.8761901855,
        "var": 321.390167236
    },
    "pitch_salience": {
        "dmean": 0.107998482883,
        "dmean2": 0.178087711334,
        "dvar": 0.00622579688206,
        "dvar2": 0.0153997689486,
        "max": 0.814615547657,
        "mean": 0.399708747864,
        "median": 0.387083470821,
        "min": 0.185165524483,
        "var": 0.0129206478596
    },
    "silence_rate_20dB": {
        "dmean": 0,
        "dmean2": 0,
        "dvar": 0,
        "dvar2": 0,
        "max": 1,
        "mean": 1,
        "median": 1,
        "min": 1,
        "var": 0
    },
    "silence_rate_30dB": {
        "dmean": 0,
        "dmean2": 0,
        "dvar": 0,
        "dvar2": 0,
        "max": 1,
        "mean": 1,
        "median": 1,
        "min": 1,
        "var": 0
    },
    "silence_rate_60dB": {
        "dmean": 0,
        "dmean2": 0,
        "dvar": 0,
        "dvar2": 0,
        "max": 0,
        "mean": 0,
        "median": 0,
        "min": 0,
        "var": 0
    },
    "spectral_centroid": {
        "dmean": 366.054748535,
        "dmean2": 584.080505371,
        "dvar": 79251.09375,
        "dvar2": 215146.71875,
        "max": 2939.18725586,
        "mean": 2057.48266602,
        "median": 2070.44213867,
        "min": 1132.80480957,
        "var": 153789.5
    },
    "spectral_complexity": {
        "dmean": 3.99523806572,
        "dmean2": 6.22488021851,
        "dvar": 12.6904392242,
        "dvar2": 24.5475120544,
        "max": 45,
        "mean": 34.2748832703,
        "median": 34,
        "min": 0,
        "var": 27.1471881866
    },
    "spectral_decrease": {
        "dmean": 2.37467934205e-09,
        "dmean2": 3.86942922148e-09,
        "dvar": 2.96039173118e-18,
        "dvar2": 8.62882968562e-18,
        "max": -6.06510605627e-11,
        "mean": -7.1487491482e-09,
        "median": -7.03143721026e-09,
        "min": -1.22373258193e-08,
        "var": 4.95572714454e-18
    },
    "spectral_energy": {
        "dmean": 0.00909964554012,
        "dmean2": 0.0148106804118,
        "dvar": 4.29905157944e-05,
        "dvar2": 0.000125677295728,
        "max": 0.0489780791104,
        "mean": 0.029720665887,
        "median": 0.0293277781457,
        "min": 0.000279800849967,
        "var": 7.21305332263e-05
    },
    "spectral_energyband_high": {
        "dmean": 0.000206231663469,
        "dmean2": 0.000340954837156,
        "dvar": 2.79509695389e-08,
        "dvar2": 7.25475288732e-08,
        "max": 0.00158263160847,
        "mean": 0.000752333202399,
        "median": 0.000725875084754,
        "min": 1.26552513393e-05,
        "var": 5.62953346162e-08
    },
    "spectral_energyband_low": {
        "dmean": 0.000675980758388,
        "dmean2": 0.001117309439,
        "dvar": 3.06797062422e-07,
        "dvar2": 7.59515842219e-07,
        "max": 0.0048562255688,
        "mean": 0.00144823733717,
        "median": 0.00127428141423,
        "min": 6.84390670358e-06,
        "var": 9.6179405773e-07
    },
    "spectral_energyband_middle_high": {
        "dmean": 0.00189000845421,
        "dmean2": 0.00286419736221,
        "dvar": 2.18284480979e-06,
        "dvar2": 4.78779611512e-06,
        "max": 0.0177617985755,
        "mean": 0.00876497849822,
        "median": 0.00851257890463,
        "min": 0.000193647225387,
        "var": 6.00218163527e-06
    },
    "spectral_energyband_middle_low": {
        "dmean": 0.00946696475148,
        "dmean2": 0.0153863895684,
        "dvar": 4.76091772725e-05,
        "dvar2": 0.000139777373988,
        "max": 0.0421084389091,
        "mean": 0.0196877513081,
        "median": 0.0188895128667,
        "min": 6.99765223544e-05,
        "var": 8.29698692542e-05
    },
    "spectral_entropy": {
        "dmean": 0.0836176127195,
        "dmean2": 0.131240591407,
        "dvar": 0.00962257571518,
        "dvar2": 0.0134874656796,
        "max": 8.86549758911,
        "mean": 7.45759630203,
        "median": 7.45601034164,
        "min": 7.20865297318,
        "var": 0.0165739282966
    },
    "spectral_flux": {
        "dmean": 0.0160674043,
        "dmean2": 0.025781635195,
        "dvar": 0.000190032485989,
        "dvar2": 0.000484020652948,
        "max": 0.157216534019,
        "mean": 0.0876674503088,
        "median": 0.0848450213671,
        "min": 0.0568922311068,
        "var": 0.000298440689221
    },
    "spectral_kurtosis": {
        "dmean": 3.25509357452,
        "dmean2": 5.6600060463,
        "dvar": 6.16643571854,
        "dvar2": 19.5444087982,
        "max": 16.4567470551,
        "mean": 4.49563884735,
        "median": 3.93603944778,
        "min": 0.313233613968,
        "var": 8.46347522736
    },
    "spectral_rms": {
        "dmean": 0.000844918133225,
        "dmean2": 0.00136376079172,
        "dvar": 4.26322031899e-07,
        "dvar2": 1.12536645247e-06,
        "max": 0.00691256020218,
        "mean": 0.00531997159123,
        "median": 0.00534906238317,
        "min": 0.000522471498698,
        "var": 6.93660012985e-07
    },
    "spectral_rolloff": {
        "dmean": 510.131958008,
        "dmean2": 843.916137695,
        "dvar": 295339,
        "dvar2": 809961.3125,
        "max": 3531.4453125,
        "mean": 2625.21386719,
        "median": 2605.51757812,
        "min": 215.33203125,
        "var": 378872.6875
    },
    "spectral_skewness": {
        "dmean": 0.344157785177,
        "dmean2": 0.602128326893,
        "dvar": 0.0963416323066,
        "dvar2": 0.281213968992,
        "max": 3.32487916946,
        "mean": 0.475204527378,
        "median": 0.391021877527,
        "min": 0.0286446828395,
        "var": 0.133106887341
    },
    "spectral_spread": {
        "dmean": 272925.84375,
        "dmean2": 349436.53125,
        "dvar": 1.25534758502e+12,
        "dvar2": 655038545920,
        "max": 22931128,
        "mean": 2414617.5,
        "median": 2292501.5,
        "min": 1797355.625,
        "var": 2.1563694121e+12
    },
    "spectral_strongpeak": {
        "dmean": 0.338499099016,
        "dmean2": 0.545987486839,
        "dvar": 0.0663972198963,
        "dvar2": 0.188360407948,
        "max": 1.80968379974,
        "mean": 0.825545310974,
        "median": 0.779789745808,
        "min": 0.00741443969309,
        "var": 0.142581224442
    },
    "zerocrossingrate": {
        "dmean": 0.0102701820433,
        "dmean2": 0.0132092926651,
        "dvar": 5.33407728653e-05,
        "dvar2": 9.23312327359e-05,
        "max": 0.10791015625,
        "mean": 0.0669847801328,
        "median": 0.06689453125,
        "min": 0.0224609375,
        "var": 0.000227064621868
    },
    "barkbands": {
        "dmean": [3.84894337913e-06, 0.00030218475149, 0.000145034762681, 0.00263142865151, 0.00799089111388, 0.000118145922897, 9.69659886323e-05, 4.15600879933e-05, 6.11297800788e-05, 7.16461217962e-05, 7.09745290806e-05, 6.56906486256e-05, 3.30772636516e-05, 0.000322984007653, 0.000206463053473, 0.000870840507559, 0.000901414314285, 0.00048606004566, 0.000593349162955, 0.000292679556878, 0.000145715923281, 2.29546076298e-05, 7.2757450198e-07, 1.25390386074e-06, 1.65310339639e-07, 4.21251229454e-08, 1.50644936525e-08],
        "dmean2": [5.78207163926e-06, 0.000520796282217, 0.00023473535839, 0.00416149990633, 0.0130380513147, 0.000204315932933, 0.000161260511959, 7.05349884811e-05, 0.000105325554614, 0.000115591348731, 0.00012436704128, 0.000112780311611, 5.49441647308e-05, 0.000541283283383, 0.000345097563695, 0.00136354553979, 0.00149921362754, 0.000816512620077, 0.000969200744294, 0.000508178025484, 0.000248371885391, 3.79257289751e-05, 1.19787193853e-06, 2.16726607505e-06, 2.66693973572e-07, 6.43312958459e-08, 1.69854779131e-08],
        "dvar": [2.71325392709e-11, 9.92383135667e-08, 2.53258605198e-08, 4.00667613576e-06, 3.9641319745e-05, 1.64373101796e-08, 9.23384746443e-09, 1.56593649159e-09, 2.86392709548e-09, 5.50988010772e-09, 5.51012657724e-09, 4.25665147574e-09, 7.55123741314e-10, 1.09739225707e-07, 3.46849198252e-08, 6.58220471905e-07, 6.75770593261e-07, 1.90197852135e-07, 2.76420877299e-07, 6.17531981106e-08, 1.23799264173e-08, 3.32739752418e-10, 3.26106546281e-13, 1.16092324556e-12, 4.62397894768e-14, 2.94725046234e-14, 3.16053844066e-14],
        "dvar2": [3.99644518867e-11, 2.73899843251e-07, 6.03136527388e-08, 1.07243586172e-05, 0.000111605302664, 4.0310474958e-08, 2.42263880068e-08, 4.21754453583e-09, 8.19681567066e-09, 1.43295952881e-08, 1.46467868944e-08, 1.02817843128e-08, 2.01977767844e-09, 2.98780832964e-07, 9.74534088982e-08, 1.46882746321e-06, 1.89337981737e-06, 5.11241125878e-07, 7.941965805e-07, 1.69100758285e-07, 3.39443211317e-08, 8.92485862991e-10, 8.90138548808e-13, 3.00886269025e-12, 7.64285688773e-14, 3.32408457856e-14, 3.1856878653e-14],
        "max": [6.31699367659e-05, 0.00237526954152, 0.00168039300479, 0.0149851096794, 0.0389873497188, 0.000921342289075, 0.000767497986089, 0.000334483804181, 0.000419441494159, 0.000631743634585, 0.00052372389473, 0.000632222334389, 0.000218327186303, 0.00230037979782, 0.00166094419546, 0.00631303573027, 0.00658393278718, 0.00348247028887, 0.00478803645819, 0.00210722023621, 0.000965825049207, 0.000162783340784, 4.54321252619e-06, 9.24004507397e-06, 2.9267971513e-06, 2.51635356108e-06, 2.59480248133e-06],
        "mean": [5.47168610865e-06, 0.00036975738476, 0.000171102816239, 0.00404308829457, 0.0150974858552, 0.000192676801817, 0.000164056429639, 6.95581693435e-05, 9.95031077764e-05, 0.000125719932839, 0.000103479425889, 0.000110405890155, 5.89495393797e-05, 0.000568429881241, 0.000429107691161, 0.00191880110651, 0.00192855321802, 0.00128751725424, 0.0016896573361, 0.000793571874965, 0.000416806055, 6.97321811458e-05, 2.34499179896e-06, 4.32004799222e-06, 4.7874465281e-07, 9.89395303463e-08, 2.62210964053e-08],
        "median": [3.83653514291e-06, 0.000270202115644, 0.000113268382847, 0.00338060245849, 0.0134634524584, 0.000151561282109, 0.000134907648317, 5.70461270399e-05, 8.56888509588e-05, 9.74343638518e-05, 8.38853011373e-05, 9.34936178965e-05, 5.04098534293e-05, 0.000410076696426, 0.000375028408598, 0.0016471054405, 0.00175663281698, 0.00118444894906, 0.00163280102424, 0.00076601956971, 0.000402063422371, 6.61394878989e-05, 2.28668113778e-06, 4.08110372518e-06, 4.35914131458e-07, 8.23437673603e-08, 1.2618641243e-08],
        "min": [1.38904354685e-07, 1.56372720994e-06, 8.06378352536e-07, 1.11867702799e-05, 3.4108714317e-05, 1.66768077179e-05, 4.5936612878e-06, 3.02901781879e-07, 8.79992285263e-07, 1.50237997332e-06, 6.18972535449e-06, 7.80139362178e-06, 8.68814993282e-07, 2.14756400965e-05, 2.13461935346e-05, 1.68413407664e-05, 5.02972688992e-05, 2.13111561607e-05, 4.02062323701e-05, 1.0029416444e-05, 6.44563624519e-06, 9.18908312997e-07, 2.95503411962e-07, 2.14041094182e-07, 1.43706529343e-07, 3.52732847375e-08, 6.65577770675e-09],
        "var": [3.46020261055e-11, 1.23535158991e-07, 3.87284231351e-08, 8.9693658083e-06, 7.38588132663e-05, 2.16842206413e-08, 1.51365533441e-08, 2.67588506908e-09, 4.06484668147e-09, 1.04285442504e-08, 6.70942501557e-09, 5.70869573835e-09, 1.27889032697e-09, 2.0905763165e-07, 5.42015037297e-08, 1.29818397454e-06, 9.91864681055e-07, 3.1097459896e-07, 4.25392585157e-07, 1.01332574332e-07, 2.32003305456e-08, 6.4757410545e-10, 5.47263894358e-13, 1.88060699825e-12, 6.01213889328e-14, 2.97634706052e-14, 3.15829922436e-14]
    },
    "erbbands": {
        "dmean": [0.00706316158175, 0.0766355842352, 0.176506265998, 3.35583233833, 34.6410560608, 14.9818792343, 0.806963682175, 1.28769052029, 0.953668236732, 1.77627706528, 1.29430472851, 1.1473814249, 1.59676516056, 1.9503865242, 3.49961256981, 2.31655859947, 1.14334654808, 6.08898115158, 19.2191143036, 30.1919708252, 42.3701171875, 54.5941886902, 23.7322483063, 35.2554664612, 24.058423996, 14.3969564438, 6.12586975098, 4.36203956604, 0.962136089802, 0.119702778757, 0.0239527858794, 0.0390534549952, 0.0100711220875, 0.00297448015772, 0.000378914322937, 0.000236417123233, 6.11571813351e-05, 1.00973065855e-05, 5.91451589571e-06, 9.87266321317e-06],
        "dmean2": [0.0120630972087, 0.132617130876, 0.279872387648, 5.30996608734, 58.4436225891, 24.1952095032, 1.34532213211, 2.26123142242, 1.57760512829, 2.94394922256, 2.19160866737, 1.94376468658, 2.68792676926, 3.12637519836, 6.05749702454, 3.88213825226, 1.87608647346, 9.95268821716, 32.4986877441, 51.5027694702, 67.0595169067, 91.1190185547, 39.5129585266, 59.3021507263, 41.8343734741, 24.8135738373, 10.0780763626, 7.33596038818, 1.61572134495, 0.204159855843, 0.0385904125869, 0.0662295296788, 0.0169586166739, 0.00478373002261, 0.000578479608521, 0.00037667300785, 8.96930287126e-05, 1.16456321848e-05, 8.59953161125e-06, 1.61327043315e-05],
        "dvar": [5.55051010451e-05, 0.00618967879564, 0.0342468768358, 6.27273511887, 654.520996094, 155.258529663, 0.439772844315, 2.10896348953, 0.670080304146, 3.09825468063, 1.7239408493, 1.3166590929, 3.16999769211, 4.01979875565, 12.3940315247, 6.97510290146, 1.07272362709, 29.6724014282, 379.692260742, 1068.66003418, 1555.68334961, 2919.64941406, 387.264404297, 1053.51989746, 390.14855957, 158.112121582, 20.792016983, 11.3861646652, 0.576127111912, 0.0106180971488, 0.000340042402968, 0.00113959470764, 6.52012022329e-05, 9.20505226532e-06, 1.67991436228e-06, 5.27593442712e-07, 9.40531919014e-08, 1.23057306567e-08, 6.06188821362e-10, 5.01334355973e-11],
        "dvar2": [0.000142042685184, 0.0172497332096, 0.0739911645651, 16.8596076965, 1902.34020996, 382.615234375, 1.1887717247, 5.20517158508, 1.8494604826, 7.92876243591, 5.00165891647, 3.69243907928, 9.27231311798, 9.20059013367, 33.819190979, 16.4868469238, 2.4649887085, 73.5251922607, 1018.26074219, 2639.671875, 3959.15405273, 8200.48632812, 949.046447754, 2817.87451172, 1015.46380615, 452.891448975, 59.1825332642, 32.7402687073, 1.53434872627, 0.0274147354066, 0.00093929853756, 0.00303693604656, 0.00017911363102, 1.85288645298e-05, 1.85979524758e-06, 6.70709027872e-07, 9.88182264905e-08, 1.24226637865e-08, 6.28714469375e-10, 1.48243764486e-10],
        "max": [0.0541584230959, 0.570134341717, 2.19621086121, 21.1018505096, 138.47756958, 77.8519821167, 4.43299770355, 10.3303890228, 6.30642652512, 13.1547193527, 9.97593593597, 10.3899030685, 13.8822937012, 18.6847476959, 24.8566684723, 27.9450302124, 10.4410114288, 53.6778717041, 141.83555603, 231.437057495, 333.427947998, 410.963134766, 196.728622437, 259.292724609, 155.282516479, 95.7134780884, 40.1958274841, 27.7657165527, 6.86885356903, 0.93904209137, 0.178183615208, 0.27858838439, 0.0712546408176, 0.0358849056065, 0.0194146502763, 0.0104682678357, 0.00454657804221, 0.00162297033239, 0.000376467185561, 5.76224265387e-05],
        "mean": [0.00901449192315, 0.0916621759534, 0.313256114721, 6.71708774567, 59.9476852417, 28.3110427856, 1.858735919, 1.96447062492, 1.99321305752, 2.53550720215, 2.14784860611, 2.00228118896, 2.71648311615, 3.86631155014, 5.92997741699, 4.10634040833, 2.67349457741, 12.7969732285, 38.0949134827, 55.1800727844, 99.5958786011, 116.472091675, 72.5710220337, 95.2189178467, 66.005645752, 38.8421401978, 18.5897789001, 12.4229211807, 3.28872656822, 0.432246088982, 0.0868066027761, 0.124732024968, 0.0399385839701, 0.0103818299249, 0.0011229008669, 0.000640421814751, 0.000146929742186, 2.1379588361e-05, 2.17122560571e-05, 3.7337460526e-05],
        "median": [0.00732351886109, 0.064993686974, 0.250257134438, 5.84093141556, 56.565952301, 23.8976325989, 1.69282698631, 1.53813922405, 1.73236966133, 1.88138496876, 1.60198330879, 1.68244743347, 2.36870074272, 2.9530146122, 4.86718177795, 3.25765728951, 2.4081287384, 10.9307403564, 30.4962024689, 42.8996963501, 87.694732666, 105.711982727, 66.9775466919, 89.4284591675, 61.6358909607, 36.5997810364, 17.9182186127, 11.7052030563, 3.05263257027, 0.411562293768, 0.0863316133618, 0.113685362041, 0.0383076220751, 0.0096601434052, 0.000997408409603, 0.000555428210646, 0.00011983049626, 1.29540694616e-05, 1.99771948246e-05, 3.72248869098e-05],
        "min": [7.27452279534e-05, 0.000267035095021, 0.000874407123774, 0.0189906675369, 0.0918248221278, 0.11399756372, 0.102095067501, 0.161963045597, 0.100729547441, 0.0256609246135, 0.0068946313113, 0.0175683069974, 0.0542311109602, 0.0493088960648, 0.407690346241, 0.242246896029, 0.0533514618874, 0.510169565678, 1.86608827114, 0.739549219608, 1.18417561054, 2.47951555252, 1.31805217266, 1.54867517948, 2.15595054626, 0.544681191444, 0.2856746912, 0.185680896044, 0.0410672873259, 0.0119854183868, 0.00762772466987, 0.0066234706901, 0.00254218024202, 0.00165366113652, 0.000465475633973, 0.000267586437985, 5.33666789124e-05, 6.68355323796e-06, 1.15313196147e-05, 2.32152001445e-06],
        "var": [6.52750168229e-05, 0.00800325162709, 0.0617325864732, 16.4390659332, 1049.11853027, 292.130950928, 0.647620618343, 2.54602313042, 1.17572367191, 4.71956825256, 2.62261533737, 1.81297826767, 3.50699210167, 10.1178045273, 16.3799724579, 9.08040904999, 1.94331920147, 61.3753623962, 718.304382324, 1463.77319336, 2745.8293457, 3913.27929688, 791.488769531, 1525.80505371, 639.672668457, 243.729232788, 40.0705566406, 23.0301246643, 1.252592206, 0.0212299637496, 0.000655301497318, 0.00184458249714, 0.000124629907077, 1.48541439557e-05, 1.72077068328e-06, 5.32636420303e-07, 9.47587253108e-08, 1.22764820532e-08, 6.13799455706e-10, 8.17054757185e-11]
    },
    "gfcc": {
        "mean": [-27.0086078644, 116.863960266, -180.776184082, 86.0565185547, -28.8805561066, -26.8171482086, -33.765209198, -17.1584873199, -26.9509220123, -26.113035202, -22.6071090698, -22.1536369324, 2.04690933228],
        "cov": [[257.902069092, 70.0847167969, -42.1352043152, 21.1910152435, -14.6970052719, 16.663476944, 24.3832492828, 19.9691143036, 34.7527503967, 6.23433303833, -2.56639122963, -22.2656154633, 0.464521288872], [70.0847167969, 74.5067672729, 4.74376344681, 22.4589824677, 2.9071187973, 2.88240647316, 13.3260822296, -0.357929170132, 16.5594062805, -10.0023002625, 2.02119255066, -11.0998096466, 9.23838424683], [-42.1352043152, 4.74376344681, 64.6101531982, 20.0919876099, 17.577922821, -8.95718479156, -6.41568994522, -9.6102104187, -12.1542472839, -7.388194561, -0.213329926133, 2.23400115967, 0.0496928617358], [21.1910152435, 22.4589824677, 20.0919876099, 60.3793144226, 14.387260437, 0.333794534206, 10.1316137314, -2.27713608742, 6.08884525299, -6.09430980682, 2.75333166122, -8.01912307739, 4.93213605881], [-14.6970052719, 2.9071187973, 17.577922821, 14.387260437, 41.9566192627, 19.8811988831, 1.45397341251, 1.64686512947, 1.0771625042, 2.94834566116, -1.27960324287, 6.96030139923, 6.7400598526], [16.663476944, 2.88240647316, -8.95718479156, 0.333794534206, 19.8811988831, 38.8528175354, 17.8517284393, 13.6041431427, 10.8981122971, 13.1723566055, 3.73484587669, 5.97308826447, 4.72733592987], [24.3832492828, 13.3260822296, -6.41568994522, 10.1316137314, 1.45397341251, 17.8517284393, 31.0124530792, 19.7936687469, 10.239783287, 5.54871177673, 2.43337368965, 0.244857639074, 1.41588079929], [19.9691143036, -0.357929170132, -9.6102104187, -2.27713608742, 1.64686512947, 13.6041431427, 19.7936687469, 36.7988204956, 19.509054184, 13.5737447739, 2.26128005981, 4.98114585876, -0.0552245564759], [34.7527503967, 16.5594062805, -12.1542472839, 6.08884525299, 1.0771625042, 10.8981122971, 10.239783287, 19.509054184, 32.5408439636, 18.4514217377, 3.23955774307, 0.150885596871, 3.09748506546], [6.23433303833, -10.0023002625, -7.388194561, -6.09430980682, 2.94834566116, 13.1723566055, 5.54871177673, 13.5737447739, 18.4514217377, 41.7320365906, 16.7992343903, 10.7764101028, -2.53312778473], [-2.56639122963, 2.02119255066, -0.213329926133, 2.75333166122, -1.27960324287, 3.73484587669, 2.43337368965, 2.26128005981, 3.23955774307, 16.7992343903, 23.5901660919, 13.069726944, -0.720467865467], [-22.2656154633, -11.0998096466, 2.23400115967, -8.01912307739, 6.96030139923, 5.97308826447, 0.244857639074, 4.98114585876, 0.150885596871, 10.7764101028, 13.069726944, 30.4976520538, 9.72910404205], [0.464521288872, 9.23838424683, 0.0496928617358, 4.93213605881, 6.7400598526, 4.72733592987, 1.41588079929, -0.0552245564759, 3.09748506546, -2.53312778473, -0.720467865467, 9.72910404205, 21.2612228394]],
        "icov": [[0.00791250634938, -0.010255147703, 0.00532315345481, -0.00553384190425, 0.00611629616469, -0.0058318125084, 0.00625939806923, -0.00552673591301, 0.00501135364175, -0.00592551520094, 0.0083996001631, -0.00210157549009, 0.00429123826325], [-0.010255147703, 0.0467064678669, -0.012551589869, 0.0156775042415, -0.0178560893983, 0.016837451607, -0.032510522753, 0.0256639905274, -0.0430553033948, 0.0327497832477, -0.0417535603046, 0.0250235628337, -0.0222208146006], [0.00532315345481, -0.012551589869, 0.0284195672721, -0.0116121117026, -0.00735527090728, 0.00589323556051, 0.00710162939504, -0.00705953128636, 0.0175231415778, -0.010161367245, 0.0117693031207, -0.00863335747272, 0.00908090919256], [-0.00553384190425, 0.0156775042415, -0.0116121117026, 0.0395467318594, -0.0247380323708, 0.021508378908, -0.0323473028839, 0.0194152314216, -0.0283336918801, 0.0204091984779, -0.0346067026258, 0.024414755404, -0.0163589306176], [0.00611629616469, -0.0178560893983, -0.00735527090728, -0.0247380323708, 0.06593003124, -0.0496854186058, 0.0384445376694, -0.0169840771705, 0.0222071651369, -0.0165287405252, 0.0356671139598, -0.0227442979813, 0.00733525352553], [-0.0058318125084, 0.016837451607, 0.00589323556051, 0.021508378908, -0.0496854186058, 0.0787660032511, -0.0541348978877, 0.0177110061049, -0.0207571871579, 0.00335519388318, -0.0235821697861, 0.0140765877441, -0.0141200497746], [0.00625939806923, -0.032510522753, 0.00710162939504, -0.0323473028839, 0.0384445376694, -0.0541348978877, 0.106031082571, -0.0582212433219, 0.0435863099992, -0.0191464833915, 0.0298383701593, -0.0165227483958, 0.0140546457842], [-0.00552673591301, 0.0256639905274, -0.00705953128636, 0.0194152314216, -0.0169840771705, 0.0177110061049, -0.0582212433219, 0.080143801868, -0.0567208193243, 0.0169257670641, -0.014259159565, -0.000955471361522, 0.000247560004937], [0.00501135364175, -0.0430553033948, 0.0175231415778, -0.0283336918801, 0.0222071651369, -0.0207571871579, 0.0435863099992, -0.0567208193243, 0.115263305604, -0.0612507499754, 0.0486246719956, -0.0137119693682, 0.00348836486228], [-0.00592551520094, 0.0327497832477, -0.010161367245, 0.0204091984779, -0.0165287405252, 0.00335519388318, -0.0191464833915, 0.0169257670641, -0.0612507499754, 0.0797036960721, -0.0636042803526, 0.0147115336731, -0.00346655026078], [0.0083996001631, -0.0417535603046, 0.0117693031207, -0.0346067026258, 0.0356671139598, -0.0235821697861, 0.0298383701593, -0.014259159565, 0.0486246719956, -0.0636042803526, 0.131870552897, -0.0669612064958, 0.0383200012147], [-0.00210157549009, 0.0250235628337, -0.00863335747272, 0.024414755404, -0.0227442979813, 0.0140765877441, -0.0165227483958, -0.000955471361522, -0.0137119693682, 0.0147115336731, -0.0669612064958, 0.0899658799171, -0.0509794913232], [0.00429123826325, -0.0222208146006, 0.00908090919256, -0.0163589306176, 0.00733525352553, -0.0141200497746, 0.0140546457842, 0.000247560004937, 0.00348836486228, -0.00346655026078, 0.0383200012147, -0.0509794913232, 0.0839535519481]]
    },
    "melbands": {
        "dmean": [7.27931110305e-05, 8.69562281878e-05, 0.001627548947, 0.00199265615083, 5.54348516744e-05, 2.65431663138e-05, 1.60753806995e-05, 1.63865988725e-05, 1.26355416796e-05, 6.81413303028e-06, 8.4041566879e-06, 8.72470354807e-06, 1.15187476695e-05, 8.85916961124e-06, 3.81341078537e-06, 4.58914382762e-06, 1.20563508972e-05, 3.97432741011e-05, 1.96479504666e-05, 5.2739847888e-05, 5.81043823331e-05, 5.68316172576e-05, 3.726502473e-05, 2.43150007009e-05, 3.33756470354e-05, 2.29493762163e-05, 1.53738965309e-05, 9.00100349099e-06, 3.07318464365e-06, 5.72675389776e-06, 1.82641826996e-06, 6.71863176649e-07, 2.46397064529e-07, 2.46935627501e-08, 1.35043940475e-08, 2.30501946419e-08, 2.55524454928e-08, 9.0962242183e-09, 4.55264048682e-09, 2.30287899861e-09],
        "dmean2": [0.000124850339489, 0.000149098574184, 0.00266624940559, 0.00321174226701, 9.73437054199e-05, 4.60619521618e-05, 2.66812730843e-05, 2.73494988505e-05, 2.13272469409e-05, 1.16511273518e-05, 1.4044805539e-05, 1.38298237289e-05, 2.00627109734e-05, 1.51222229761e-05, 6.30022123005e-06, 7.63514890423e-06, 2.05046781048e-05, 6.67552521918e-05, 3.30460607074e-05, 8.55431135278e-05, 9.12277173484e-05, 9.38133089221e-05, 6.33650124655e-05, 4.08328924095e-05, 5.63057037652e-05, 3.90679633711e-05, 2.61562381638e-05, 1.56180776685e-05, 5.21956417288e-06, 9.81134598987e-06, 3.01874933939e-06, 1.12977772915e-06, 4.21351018076e-07, 4.20374952625e-08, 2.22679261697e-08, 3.88686416386e-08, 4.42080860807e-08, 1.534406735e-08, 7.70947305995e-09, 3.70052499754e-09],
        "dvar": [6.16419004729e-09, 9.52785050856e-09, 1.10040718937e-06, 2.49282948062e-06, 2.72576694549e-09, 8.71105076961e-10, 2.26421034699e-10, 2.5907434531e-10, 1.64042820994e-10, 4.11963831104e-11, 9.18558215601e-11, 7.68659094708e-11, 1.33009742109e-10, 7.61514948322e-11, 1.39309353983e-11, 2.45185295678e-11, 1.16500142866e-10, 1.74618242088e-09, 3.51129875176e-10, 2.72930211764e-09, 2.9193272244e-09, 3.08165959417e-09, 1.00931740743e-09, 5.2369675263e-10, 9.46682288117e-10, 3.48227890967e-10, 1.90945204093e-10, 6.66028482366e-11, 5.85575858636e-12, 1.84195627501e-11, 1.92407960224e-12, 2.77285871131e-13, 4.43622122002e-14, 4.46801515226e-16, 1.1122913732e-16, 3.45507571451e-16, 5.22900490455e-16, 5.78120897627e-17, 1.38948839767e-17, 7.12666473014e-18],
        "dvar2": [1.64696096761e-08, 2.29585026545e-08, 3.5050607039e-06, 6.83457847117e-06, 7.43834371875e-09, 2.14113704544e-09, 6.09846062538e-10, 6.6318833758e-10, 4.77011263822e-10, 1.15991063976e-10, 2.68107008816e-10, 1.77905315479e-10, 3.67304436866e-10, 1.90436347247e-10, 3.13991749268e-11, 5.66716049089e-11, 2.84997969668e-10, 4.73864636419e-09, 9.25815979436e-10, 6.71610855818e-09, 7.91234100461e-09, 8.91369822398e-09, 2.67435229517e-09, 1.43938339026e-09, 2.5647666213e-09, 9.11227315825e-10, 5.32761612604e-10, 1.92132171284e-10, 1.52327820496e-11, 5.08052870607e-11, 5.88560797321e-12, 7.47225794694e-13, 1.29823005102e-13, 1.26980307898e-15, 3.26504625508e-16, 8.64257626935e-16, 1.45805890436e-15, 1.64247351474e-16, 3.89424787164e-17, 1.4324549711e-17],
        "max": [0.000604351924267, 0.000987906358205, 0.00742602860555, 0.0100554237142, 0.000332024879754, 0.000211163962376, 0.00012132638949, 0.000121084820421, 8.92602620297e-05, 5.7907327573e-05, 7.7675031207e-05, 8.16553438199e-05, 8.08596378192e-05, 7.80837071943e-05, 3.82278303732e-05, 5.29754106537e-05, 9.49488094193e-05, 0.000296798592899, 0.00013136981579, 0.000377306656446, 0.000435794354416, 0.000413435773226, 0.000236640727962, 0.000195971355424, 0.000241535672103, 0.000139420793857, 0.000124597339891, 5.79115949222e-05, 2.0329718609e-05, 3.35265867761e-05, 1.26748072944e-05, 4.43439148512e-06, 1.711215873e-06, 1.64157768268e-07, 7.92626835278e-08, 1.51506498014e-07, 1.77704876592e-07, 6.1341516755e-08, 3.106093871e-08, 2.99987199526e-08],
        "mean": [9.3341426691e-05, 0.000112498390081, 0.00266049965285, 0.00395148294047, 7.81025664764e-05, 4.08686682931e-05, 3.37117817253e-05, 2.30819605349e-05, 1.99707392312e-05, 1.17902500278e-05, 1.39954381666e-05, 1.58991788339e-05, 1.76109897438e-05, 1.48615017679e-05, 6.81377377987e-06, 7.82402912591e-06, 2.28819935728e-05, 7.0807938755e-05, 3.9912534703e-05, 9.91639317363e-05, 0.000122785975691, 0.000117452582344, 8.65957772476e-05, 6.05206514592e-05, 8.16507381387e-05, 5.58177562198e-05, 3.89399428968e-05, 2.16589032789e-05, 9.04285479919e-06, 1.35011723614e-05, 4.94479672852e-06, 1.99863984562e-06, 6.81855283347e-07, 6.38429327182e-08, 3.46125865747e-08, 7.14289640769e-08, 7.50052251419e-08, 3.15126733597e-08, 1.34584938749e-08, 6.54323351057e-09],
        "median": [7.23098492017e-05, 7.60787588661e-05, 0.0025090011768, 0.0034270316828, 6.35526957922e-05, 3.17434678436e-05, 2.91733631457e-05, 1.7377162294e-05, 1.47372447827e-05, 1.01140039988e-05, 1.19608748719e-05, 1.23360832731e-05, 1.45128333315e-05, 1.25030146592e-05, 5.53289646632e-06, 6.35725109532e-06, 1.95925276785e-05, 5.2646297263e-05, 3.45037515217e-05, 8.10176643427e-05, 0.00010433474381, 0.000103848957224, 7.71170598455e-05, 5.67861497984e-05, 7.5540265243e-05, 5.12531260028e-05, 3.66051426681e-05, 2.04469797609e-05, 8.69785253599e-06, 1.23230474856e-05, 4.78008314531e-06, 1.87136197383e-06, 6.42231839265e-07, 6.02132246286e-08, 3.29634097795e-08, 6.74628140018e-08, 7.04308504851e-08, 3.09832230982e-08, 1.25061685452e-08, 5.9457616608e-09],
        "min": [6.38124276975e-07, 3.39924383752e-07, 5.32914873475e-06, 8.15905696072e-06, 3.75042122869e-06, 3.58487227459e-06, 1.39138580835e-06, 1.99218163743e-07, 5.30888115691e-08, 1.24642014043e-07, 2.75857246379e-07, 1.32519190288e-07, 1.12100565275e-06, 1.11990789264e-06, 2.25146990829e-07, 7.26236422111e-08, 1.03371780824e-06, 3.46443380295e-06, 1.06995219085e-06, 1.05794731553e-06, 1.52634925144e-06, 2.57365195466e-06, 1.94078143068e-06, 1.06431684799e-06, 1.12347049708e-06, 1.95750703824e-06, 6.90237925483e-07, 2.88070282295e-07, 1.36025917641e-07, 2.44489058332e-07, 6.35194083998e-08, 2.4572182511e-08, 1.06974065162e-08, 4.68551197841e-09, 3.75293573995e-09, 5.70539659961e-09, 3.29014016032e-09, 1.55448176553e-09, 1.89665505523e-09, 1.21367371708e-09],
        "var": [7.31206162286e-09, 1.43443488199e-08, 1.94513927454e-06, 4.70991244583e-06, 2.87309753766e-09, 1.11114539791e-09, 3.81063625099e-10, 3.89188736793e-10, 2.40823999631e-10, 5.87689757969e-11, 1.00192534824e-10, 1.9378239291e-10, 1.65737326641e-10, 9.8929447967e-11, 2.33857447296e-11, 3.31237190454e-11, 1.97632674115e-10, 3.1758748964e-09, 5.0892967618e-10, 4.23975343722e-09, 5.12583042678e-09, 4.17036449818e-09, 1.58337987166e-09, 7.65295660177e-10, 1.30425070743e-09, 5.60480273304e-10, 2.74777756104e-10, 9.13306791306e-11, 1.02689011808e-11, 3.24745265401e-11, 3.99797079123e-12, 5.5435170343e-13, 7.55747596665e-14, 6.61554066448e-16, 1.79806804084e-16, 6.20304514829e-16, 7.14184511565e-16, 9.9384883713e-17, 2.32134855131e-17, 9.65508785619e-18]
    },
    "mfcc": {
        "mean": [-641.715515137, 115.245834351, -67.7739639282, 85.9825897217, 11.3449316025, 3.20904898643, -0.82568949461, -4.84173870087, 3.23163223267, -9.74213218689, -18.7034683228, -9.97343349457, -20.1376113892],
        "cov": [[327.727355957, 37.208190918, -22.3203964233, 0.638681173325, -24.7923927307, 2.49101042747, -2.9195330143, 9.07392406464, 34.8190727234, 28.5523509979, 27.7780685425, 14.5837545395, 5.31645727158], [37.208190918, 49.3193359375, 7.65565347672, -0.939860880375, 3.47902488708, 3.18088245392, -0.363224804401, 5.01785707474, 9.61264038086, 3.03883528709, 1.20897114277, 3.38913917542, 4.75241565704], [-22.3203964233, 7.65565347672, 41.4764328003, 26.4360961914, 6.549700737, 1.35362255573, 2.10839557648, 0.223333388567, -5.72058200836, -1.00872254372, -1.15362644196, 0.0301647279412, -3.7787258625], [0.638681173325, -0.939860880375, 26.4360961914, 55.7700805664, 13.3508462906, 3.63975048065, 3.92240262032, 2.38735294342, 1.78931593895, -1.52867078781, -2.47449636459, 3.72224760056, -1.25943565369], [-24.7923927307, 3.47902488708, 6.549700737, 13.3508462906, 39.2307662964, 17.1532096863, 3.6170425415, 2.96138954163, 4.87961006165, -2.08795595169, -2.05687999725, 0.909581661224, 1.62332367897], [2.49101042747, 3.18088245392, 1.35362255573, 3.63975048065, 17.1532096863, 33.4326019287, 11.9369602203, 2.52723193169, 4.54747438431, 4.96235752106, 4.10393762589, 3.36669611931, 0.94555157423], [-2.9195330143, -0.363224804401, 2.10839557648, 3.92240262032, 3.6170425415, 11.9369602203, 29.1492023468, 12.2845954895, 3.76744031906, 3.45510292053, 5.32495880127, 3.04000091553, -2.18475437164], [9.07392406464, 5.01785707474, 0.223333388567, 2.38735294342, 2.96138954163, 2.52723193169, 12.2845954895, 29.9506072998, 16.2177772522, 5.31820106506, 0.166982918978, 1.98565483093, 1.49782598019], [34.8190727234, 9.61264038086, -5.72058200836, 1.78931593895, 4.87961006165, 4.54747438431, 3.76744031906, 16.2177772522, 39.3226280212, 17.2777309418, 3.40042948723, 2.9166367054, 6.50331354141], [28.5523509979, 3.03883528709, -1.00872254372, -1.52867078781, -2.08795595169, 4.96235752106, 3.45510292053, 5.31820106506, 17.2777309418, 32.2178382874, 16.6973571777, 5.6366109848, 2.50114130974], [27.7780685425, 1.20897114277, -1.15362644196, -2.47449636459, -2.05687999725, 4.10393762589, 5.32495880127, 0.166982918978, 3.40042948723, 16.6973571777, 35.1422348022, 15.1562957764, 3.08728265762], [14.5837545395, 3.38913917542, 0.0301647279412, 3.72224760056, 0.909581661224, 3.36669611931, 3.04000091553, 1.98565483093, 2.9166367054, 5.6366109848, 15.1562957764, 28.7179012299, 10.4200525284], [5.31645727158, 4.75241565704, -3.7787258625, -1.25943565369, 1.62332367897, 0.94555157423, -2.18475437164, 1.49782598019, 6.50331354141, 2.50114130974, 3.08728265762, 10.4200525284, 30.9763317108]],
