{
"lowlevel": {
    "average_loudness": 0.985180497169,
    "barkbands_crest": {
        "dmean": 1.86399662495,
        "dmean2": 2.99199604988,
        "dvar": 2.45186877251,
        "dvar2": 6.2979593277,
        "max": 17.5332508087,
        "mean": 6.88838624954,
        "median": 6.52454137802,
        "min": 2.80905723572,
        "var": 5.4343585968
    },
    "barkbands_flatness_db": {
        "dmean": 0.0107759255916,
        "dmean2": 0.0175547841936,
        "dvar": 7.60101320338e-05,
        "dvar2": 0.000195041968254,
        "max": 0.195022091269,
        "mean": 0.13931004703,
        "median": 0.13898652792,
        "min": 0.0815635100007,
        "var": 0.000213595616515
    },
    "barkbands_kurtosis": {
        "dmean": 0.409592211246,
        "dmean2": 0.683467626572,
        "dvar": 0.244920626283,
        "dvar2": 0.587743341923,
        "max": 3.67856407166,
        "mean": -0.946534752846,
        "median": -1.16327524185,
        "min": -1.74370646477,
        "var": 0.454505801201
    },
    "barkbands_skewness": {
        "dmean": 0.321043521166,
        "dmean2": 0.509695589542,
        "dvar": 0.0676530525088,
        "dvar2": 0.177926018834,
        "max": 2.05335187912,
        "mean": 0.0677122995257,
        "median": 0.0488526597619,
        "min": -1.29595041275,
        "var": 0.314904212952
    },
    "barkbands_spread": {
        "dmean": 4.14922046661,
        "dmean2": 6.96336889267,
        "dvar": 11.3428840637,
        "dvar2": 30.0850830078,
        "max": 49.2224731445,
        "mean": 31.1189308167,
        "median": 31.0997142792,
        "min": 12.0421972275,
        "var": 36.4604530334
    },
    "dissonance": {
        "dmean": 0.00771721825004,
        "dmean2": 0.0131868198514,
        "dvar": 4.24271020165e-05,
        "dvar2": 0.000125500708236,
        "max": 0.499999970198,
        "mean": 0.487108826637,
        "median": 0.488552033901,
        "min": 0.443674236536,
        "var": 6.89179214532e-05
    },
    "dynamic_complexity": 0.808064460754,
    "erbbands_crest": {
        "dmean": 1.37195217609,
        "dmean2": 2.25775384903,
        "dvar": 1.20406603813,
        "dvar2": 2.88404226303,
        "max": 14.6611022949,
        "mean": 7.2086687088,
        "median": 6.77170848846,
        "min": 3.52557873726,
        "var": 4.46298217773
    },
    "erbbands_flatness_db": {
        "dmean": 0.00892519298941,
        "dmean2": 0.01406782493,
        "dvar": 4.68483958684e-05,
        "dvar2": 0.000117772942758,
        "max": 0.283014684916,
        "mean": 0.225882157683,
        "median": 0.225712567568,
        "min": 0.180063411593,
        "var": 0.000346795539372
    },
    "erbbands_kurtosis": {
        "dmean": 0.839187562466,
        "dmean2": 1.36799180508,
        "dvar": 0.493011146784,
        "dvar2": 1.24261641502,
        "max": 5.46217727661,
        "mean": 0.998451828957,
        "median": 0.898175597191,
        "min": -1.31592452526,
        "var": 1.57713544369
    },
    "erbbands_skewness": {
        "dmean": 0.233788758516,
        "dmean2": 0.371388345957,
        "dvar": 0.0348076969385,
        "dvar2": 0.0893699303269,
        "max": 0.429351836443,
        "mean": -0.797091782093,
        "median": -0.828472495079,
        "min": -1.7798678875,
        "var": 0.110738046467
    },
    "erbbands_spread": {
        "dmean": 4.85265493393,
        "dmean2": 7.77776193619,
        "dvar": 16.6315917969,
        "dvar2": 41.9999580383,
        "max": 52.1534690857,
        "mean": 24.9120883942,
        "median": 23.6948814392,
        "min": 9.75061035156,
        "var": 59.6467208862
    },
    "hfc": {
        "dmean": 5.17898130417,
        "dmean2": 7.82246017456,
        "dvar": 18.33934021,
        "dvar2": 42.4340744019,
        "max": 73.9201660156,
        "mean": 35.0488471985,
        "median": 34.0773620605,
        "min": 9.74494552612,
        "var": 150.315048218
    },
    "melbands_crest": {
        "dmean": 3.1936352253,
        "dmean2": 5.26159381866,
        "dvar": 7.23683643341,
        "dvar2": 19.2043590546,
        "max": 25.7802047729,
        "mean": 10.0376186371,
        "median": 9.23762702942,
        "min": 3.26001024246,
        "var": 12.4833450317
    },
    "melbands_flatness_db": {
        "dmean": 0.0159771069884,
        "dmean2": 0.0257352106273,
        "dvar": 0.000168163998751,
        "dvar2": 0.000467864796519,
        "max": 0.264401257038,
        "mean": 0.177827104926,
        "median": 0.17548134923,
        "min": 0.118260040879,
        "var": 0.000587757327594
    },
    "melbands_kurtosis": {
        "dmean": 1.14391255379,
        "dmean2": 1.85486328602,
        "dvar": 2.01781535149,
        "dvar2": 4.93195867538,
        "max": 17.7623882294,
        "mean": 0.567500054836,
        "median": -0.2018648386,
        "min": -1.53863453865,
        "var": 5.01876401901
    },
    "melbands_skewness": {
        "dmean": 0.408281326294,
        "dmean2": 0.647797822952,
        "dvar": 0.114138379693,
        "dvar2": 0.303350836039,
        "max": 3.99917840958,
        "mean": 1.06336450577,
        "median": 1.00311040878,
        "min": -0.825582027435,
        "var": 0.48932570219
    },
    "melbands_spread": {
        "dmean": 8.15639781952,
        "dmean2": 13.112663269,
        "dvar": 41.8061637878,
        "dvar2": 114.51852417,
        "max": 93.1563339233,
        "mean": 49.9307403564,
        "median": 50.6479530334,
        "min": 12.7589292526,
        "var": 169.998718262
    },
    "pitch_salience": {
        "dmean": 0.0506663620472,
        "dmean2": 0.0837128832936,
        "dvar": 0.00152537447866,
        "dvar2": 0.0042892806232,
        "max": 0.766486942768,
        "mean": 0.57759219408,
        "median": 0.578064262867,
        "min": 0.388313263655,
        "var": 0.00398935703561
    },
    "silence_rate_20dB": {
        "dmean": 0,
        "dmean2": 0,
        "dvar": 0,
        "dvar2": 0,
        "max": 1,
        "mean": 1,
        "median": 1,
        "min": 1,
        "var": 0
    },
    "silence_rate_30dB": {
        "dmean": 0,
        "dmean2": 0,
        "dvar": 0,
        "dvar2": 0,
        "max": 1,
        "mean": 1,
        "median": 1,
        "min": 1,
        "var": 0
    },
    "silence_rate_60dB": {
        "dmean": 0,
        "dmean2": 0,
        "dvar": 0,
        "dvar2": 0,
        "max": 0,
        "mean": 0,
        "median": 0,
        "min": 0,
        "var": 0
    },
    "spectral_centroid": {
        "dmean": 191.301101685,
        "dmean2": 309.050323486,
        "dvar": 24174.9042969,
        "dvar2": 60610.3085938,
        "max": 3001.28833008,
        "mean": 2096.69750977,
        "median": 2126.03198242,
        "min": 1044.40771484,
        "var": 126192.140625
    },
    "spectral_complexity": {
        "dmean": 3.38767647743,
        "dmean2": 5.51285362244,
        "dvar": 6.82276630402,
        "dvar2": 16.828245163,
        "max": 52,
        "mean": 36.1961555481,
        "median": 37,
        "min": 17,
        "var": 27.9833259583
    },
    "spectral_decrease": {
        "dmean": 1.06329467453e-09,
        "dmean2": 1.78178005683e-09,
        "dvar": 7.8516004423e-19,
        "dvar2": 2.12554212038e-18,
        "max": -2.3250421588e-09,
        "mean": -6.3960099439e-09,
        "median": -6.46805320415e-09,
        "min": -1.03049293543e-08,
        "var": 1.40713751613e-18
    },
    "spectral_energy": {
        "dmean": 0.00427069049329,
        "dmean2": 0.00714324321598,
        "dvar": 1.22247556646e-05,
        "dvar2": 3.23447529809e-05,
        "max": 0.0414803214371,
        "mean": 0.0273190028965,
        "median": 0.0275477282703,
        "min": 0.0100546916947,
        "var": 2.60315136984e-05
    },
    "spectral_energyband_high": {
        "dmean": 0.000305444613332,
        "dmean2": 0.000450964114862,
        "dvar": 1.4337078369e-07,
        "dvar2": 2.8869169455e-07,
        "max": 0.00617811689153,
        "mean": 0.000900643586647,
        "median": 0.000691744033247,
        "min": 6.67048807372e-05,
        "var": 5.41476083527e-07
    },
    "spectral_energyband_low": {
        "dmean": 0.00240299920551,
        "dmean2": 0.00419516861439,
        "dvar": 6.80086532157e-06,
        "dvar2": 1.98238431039e-05,
        "max": 0.0233645867556,
        "mean": 0.00444234255701,
        "median": 0.00353432493284,
        "min": 0.000177687325049,
        "var": 1.13933547254e-05
    },
    "spectral_energyband_middle_high": {
        "dmean": 0.00235700281337,
        "dmean2": 0.00354804191738,
        "dvar": 3.50620553036e-06,
        "dvar2": 8.26391806186e-06,
        "max": 0.0300907175988,
        "mean": 0.0135549372062,
        "median": 0.0131032951176,
        "min": 0.0032081392128,
        "var": 2.78122624877e-05
    },
    "spectral_energyband_middle_low": {
        "dmean": 0.0033045001328,
        "dmean2": 0.00550300115719,
        "dvar": 8.35322407511e-06,
        "dvar2": 2.28098451771e-05,
        "max": 0.0253518652171,
        "mean": 0.00903190672398,
        "median": 0.00858746375889,
        "min": 0.00169965613168,
        "var": 1.4234063201e-05
    },
    "spectral_entropy": {
        "dmean": 0.0506696105003,
        "dmean2": 0.0846730023623,
        "dvar": 0.00155116990209,
        "dvar2": 0.00406542886049,
        "max": 7.78452968597,
        "mean": 7.53960704803,
        "median": 7.54310417175,
        "min": 7.30426263809,
        "var": 0.00445893593132
    },
    "spectral_flux": {
        "dmean": 0.0124970329925,
        "dmean2": 0.0209558084607,
        "dvar": 8.5147570644e-05,
        "dvar2": 0.000251286430284,
        "max": 0.142877817154,
        "mean": 0.0880073457956,
        "median": 0.087213486433,
        "min": 0.0538696944714,
        "var": 0.000197283909074
    },
    "spectral_kurtosis": {
        "dmean": 3.21642708778,
        "dmean2": 5.82438755035,
        "dvar": 6.92604780197,
        "dvar2": 21.0530910492,
        "max": 25.0347175598,
        "mean": 4.74568033218,
        "median": 4.1787147522,
        "min": 0.334443569183,
        "var": 8.87892818451
    },
    "spectral_rms": {
        "dmean": 0.000410813488998,
        "dmean2": 0.000686974031851,
        "dvar": 1.17934206401e-07,
        "dvar2": 3.11137085873e-07,
        "max": 0.00636149430647,
        "mean": 0.00513846706599,
        "median": 0.00518419034779,
        "min": 0.00313200498931,
        "var": 2.48849005402e-07
    },
    "spectral_rolloff": {
        "dmean": 263.484436035,
        "dmean2": 430.885162354,
        "dvar": 59312.984375,
        "dvar2": 136438.421875,
        "max": 4780.37109375,
        "mean": 2394.82104492,
        "median": 2390.18554688,
        "min": 495.263671875,
        "var": 249555.265625
    },
    "spectral_skewness": {
        "dmean": 0.312085986137,
        "dmean2": 0.560993432999,
        "dvar": 0.0714980363846,
        "dvar2": 0.203053474426,
        "max": 4.00730752945,
        "mean": 0.836129128933,
        "median": 0.794259905815,
        "min": 0.227699026465,
        "var": 0.0975402668118
    },
    "spectral_spread": {
        "dmean": 146158.1875,
        "dmean2": 237790.96875,
        "dvar": 21253269504,
        "dvar2": 41478934528,
        "max": 5041968,
        "mean": 2285684.25,
        "median": 2281924.5,
        "min": 1700250.125,
        "var": 60678000640
    },
    "spectral_strongpeak": {
        "dmean": 1.27690565586,
        "dmean2": 2.20681858063,
        "dvar": 2.67448306084,
        "dvar2": 6.10019922256,
        "max": 11.6744880676,
        "mean": 2.41722512245,
        "median": 0.92511844635,
        "min": 0.0440816618502,
        "var": 6.32945156097
    },
    "zerocrossingrate": {
        "dmean": 0.00545508554205,
        "dmean2": 0.00728781754151,
        "dvar": 2.31510803133e-05,
        "dvar2": 3.56965174433e-05,
        "max": 0.12060546875,
        "mean": 0.0760836079717,
        "median": 0.076171875,
        "min": 0.037109375,
        "var": 0.000193055311684
    },
    "barkbands": {
        "dmean": [4.41552838311e-05, 0.00170772871934, 0.000966895546298, 0.000669183384161, 0.0026796690654, 0.00094640936004, 0.00031685794238, 0.000155975969392, 0.000975593458861, 0.00030072403024, 0.000218990709982, 0.000543737318367, 9.62772464845e-05, 0.00147268536966, 0.000583681743592, 0.000708688690793, 0.000768207537476, 0.000319691811455, 0.000356052623829, 0.000200322407181, 0.000287310482236, 2.06142303796e-05, 7.84876704074e-07, 9.62175704444e-07, 4.28878166758e-07, 7.04625620074e-08, 9.70178515303e-09],
        "dmean2": [7.35387002351e-05, 0.00298134121113, 0.00168229814153, 0.00114475225564, 0.00439063180238, 0.00155653653201, 0.000544645881746, 0.000257965060882, 0.00167874770705, 0.000493430125061, 0.000366245745681, 0.000893804768566, 0.000157963295351, 0.00220213294961, 0.000916414952371, 0.00121478468645, 0.00130883045495, 0.000545644958038, 0.00060547090834, 0.000332923402311, 0.000423121295171, 3.29076174239e-05, 1.28485760342e-06, 1.45012836583e-06, 6.88024442752e-07, 1.13452202299e-07, 1.32482878001e-08],
        "dvar": [2.16660844821e-09, 3.06953370455e-06, 1.95764482669e-06, 9.57961447057e-07, 6.43570911052e-06, 1.19877017823e-06, 3.0337963608e-07, 1.1594717364e-07, 1.2759129504e-06, 2.88625898293e-07, 5.26364907216e-08, 3.5001443166e-07, 9.84255876801e-09, 1.96640485228e-06, 3.62095391893e-07, 4.09081053476e-07, 5.47811737306e-07, 9.45842941746e-08, 1.44612968711e-07, 3.64660266428e-08, 1.43721180734e-07, 1.47004086681e-09, 1.10457118712e-12, 2.08352714422e-12, 3.96343765099e-13, 1.51191298386e-14, 1.42438229316e-14],
        "dvar2": [5.17807885458e-09, 8.86064026417e-06, 5.54464577363e-06, 2.57409169535e-06, 1.67493490153e-05, 2.92140202873e-06, 8.72013742992e-07, 2.29274945696e-07, 3.39338475897e-06, 5.19579373304e-07, 1.39481386441e-07, 9.32780608309e-07, 2.59458516894e-08, 4.21962613473e-06, 7.61137528116e-07, 1.15839134196e-06, 1.51655331138e-06, 2.77616038602e-07, 4.22060566052e-07, 9.69494493575e-08, 2.91830360766e-07, 3.31472493897e-09, 2.6552807262e-12, 4.13634838187e-12, 9.27354113639e-13, 2.30317745127e-14, 1.43116058961e-14],
        "max": [0.000650569272693, 0.0164548195899, 0.0120269963518, 0.00892779696733, 0.0223729945719, 0.0129640214145, 0.00543068535626, 0.00605125911534, 0.0110157812014, 0.00954259280115, 0.00210978602991, 0.00755726592615, 0.00159809994511, 0.0160146318376, 0.0106955347583, 0.0061043179594, 0.00936659611762, 0.00274700205773, 0.00428455928341, 0.00246928771958, 0.00602908013389, 0.000450077379355, 2.17906072066e-05, 2.5377732527e-05, 1.09007642095e-05, 3.37679716722e-06, 3.36894163411e-06],
        "mean": [0.000128209998365, 0.00256968126632, 0.00121924141422, 0.000970977707766, 0.00415939372033, 0.0016711401986, 0.00038801410119, 0.000229086072068, 0.00143762340304, 0.000499567366205, 0.000391736306483, 0.000926026550587, 0.000264781963779, 0.00423635775223, 0.00171528791543, 0.00162290642038, 0.00177591212559, 0.000796641164925, 0.000925476255361, 0.000606845656876, 0.000736346177291, 4.20104297518e-05, 1.99804071599e-06, 2.09152540265e-06, 1.41302189149e-06, 2.75150995321e-07, 3.22363646887e-08],
        "median": [7.74467189331e-05, 0.00199007056653, 0.000688404252287, 0.000559918000363, 0.00335562648252, 0.00108332675882, 0.000201300281333, 0.000118480653327, 0.00106503861025, 0.000278729829006, 0.00031505752122, 0.000677829608321, 0.000174720626092, 0.0032919277437, 0.00128080998547, 0.00137926405296, 0.00150426407345, 0.00069993105717, 0.000809323741123, 0.000543751521036, 0.000511272461154, 2.78502720903e-05, 1.73950638782e-06, 1.44255795931e-06, 1.12555960641e-06, 2.40507063154e-07, 2.62259796102e-08],
        "min": [5.76557752652e-08, 4.37739181507e-05, 6.91360901328e-06, 7.12096880306e-06, 0.000147551298141, 4.15656104451e-05, 9.37900313147e-06, 9.50981575443e-06, 7.87324825069e-05, 3.03946453641e-05, 3.76142634195e-05, 6.18243066128e-05, 2.21158661589e-05, 0.000142701261211, 9.80832555797e-05, 0.000323002022924, 0.000208953453694, 7.60402181186e-05, 0.000102921439975, 3.04367877106e-05, 3.82242797059e-05, 4.60804540126e-06, 4.21390268457e-07, 2.4584224434e-07, 1.71503785396e-07, 5.8583086826e-08, 5.82332315702e-09],
        "var": [1.50228771645e-08, 4.74594389743e-06, 2.62151752395e-06, 1.37032805014e-06, 1.01629038909e-05, 2.99194880427e-06, 3.33340750558e-07, 1.87067314528e-07, 1.66980976246e-06, 6.60103239625e-07, 8.59846736034e-08, 6.3168528186e-07, 6.1704156451e-08, 1.16443452498e-05, 2.23309098146e-06, 8.50835192523e-07, 1.33911817102e-06, 2.29528154705e-07, 3.02702517274e-07, 1.28608618866e-07, 5.03726880652e-07, 2.36104868989e-09, 1.81103547957e-12, 4.89191196232e-12, 1.18559903648e-12, 3.01953896457e-14, 1.44119725241e-14]
    },
    "erbbands": {
        "dmean": [0.0538321174681, 0.385254561901, 0.986299932003, 1.59593582153, 4.91354465485, 12.8655014038, 4.78067111969, 9.37880992889, 2.53071761131, 5.31579875946, 6.66664552689, 26.9038314819, 10.3393821716, 8.29576206207, 11.1383857727, 19.4977226257, 4.47633934021, 43.8908157349, 40.0669136047, 34.1284065247, 35.6531028748, 39.7838668823, 15.5866346359, 23.0536270142, 11.0517101288, 10.0537080765, 9.08759307861, 8.00855350494, 0.854957997799, 0.108617894351, 0.0253010522574, 0.0232130885124, 0.0134426476434, 0.0058642718941, 0.000847823510412, 0.000532677571755, 7.22666591173e-05, 1.21757411762e-05, 3.25323503603e-06, 5.15406236445e-06],
        "dmean2": [0.0943628624082, 0.669313788414, 1.73635494709, 2.6734418869, 8.5421705246, 20.4144535065, 7.82725429535, 15.2698526382, 4.22259807587, 8.85437011719, 11.023144722, 46.3770637512, 16.6625347137, 14.1458902359, 18.27917099, 32.3773422241, 7.27331018448, 64.0471420288, 61.9561042786, 56.2960853577, 59.9247283936, 68.1780014038, 26.2848052979, 38.9028320312, 18.7088088989, 16.5850639343, 13.6343603134, 11.8365077972, 1.32693493366, 0.168150350451, 0.0421288385987, 0.0361486971378, 0.0203396491706, 0.00916059408337, 0.00141624803655, 0.000883816857822, 0.000112464374979, 1.8528835426e-05, 4.84744259666e-06, 8.469284694e-06],
        "dvar": [0.00277267186902, 0.185881718993, 1.89560163021, 5.14702272415, 25.9806976318, 165.501693726, 22.5456180573, 120.756462097, 14.065577507, 98.455329895, 156.483428955, 936.024047852, 391.268585205, 133.502319336, 107.370689392, 464.184143066, 21.1648674011, 1640.96691895, 1296.18933105, 1120.97351074, 1040.59155273, 1490.92907715, 243.148010254, 509.09475708, 130.193862915, 98.7835388184, 140.366836548, 107.748085022, 1.90296792984, 0.018737623468, 0.00101388385519, 0.00157889549155, 0.000374554860173, 7.62803392718e-05, 4.1278522076e-06, 4.77302421587e-07, 4.35539675436e-08, 5.4520925552e-09, 2.76740352856e-10, 1.70229368796e-11],
        "dvar2": [0.00830365624279, 0.540959894657, 5.6358795166, 13.2818565369, 74.2522964478, 403.367858887, 57.398853302, 299.134552002, 42.1662368774, 254.721038818, 332.761901855, 2559.11425781, 784.395080566, 316.099487305, 265.407348633, 1237.3449707, 55.2539253235, 3371.13452148, 3025.11791992, 3012.68969727, 2982.93994141, 4064.94287109, 666.863464355, 1471.92773438, 367.269836426, 260.631347656, 311.888092041, 226.366928101, 4.12277650833, 0.0427108034492, 0.00260970392264, 0.00329962465912, 0.000707261147909, 0.000171520441654, 7.29118255549e-06, 1.04935008949e-06, 4.86617253159e-08, 5.58953816565e-09, 2.82873585666e-10, 4.32514336846e-11],
        "max": [0.396517157555, 3.9867477417, 10.7289972305, 27.627286911, 46.6537971497, 107.099822998, 46.8173828125, 125.426597595, 49.4374656677, 140.708435059, 212.48916626, 254.446166992, 296.147460938, 186.809356689, 103.430053711, 265.749084473, 83.2054519653, 495.893493652, 540.424560547, 428.374023438, 339.530792236, 414.87121582, 263.278930664, 222.669494629, 141.298675537, 135.939743042, 165.548370361, 165.725967407, 17.4773139954, 1.52555990219, 0.433923572302, 0.533996999264, 0.403219848871, 0.174276903272, 0.0435872375965, 0.0152292447165, 0.00597551744431, 0.00209922040813, 0.000484626507387, 6.75991395838e-05],
        "mean": [0.0849782824516, 0.53075760603, 1.31875371933, 2.68138480186, 7.53265523911, 18.4985408783, 9.94074726105, 15.4841899872, 4.38131475449, 6.8231086731, 9.8612909317, 37.6951751709, 18.4455337524, 15.340681076, 23.9685249329, 33.5194511414, 16.0821399689, 135.120376587, 141.723052979, 92.8568115234, 92.0742874146, 94.8908538818, 47.4766273499, 58.2681083679, 35.4712944031, 31.1779499054, 22.9969120026, 21.6330604553, 2.2152531147, 0.293743222952, 0.0681099072099, 0.053484916687, 0.033498134464, 0.0202951170504, 0.00298053608276, 0.00200284714811, 0.000302334170556, 3.44686704921e-05, 2.1578376618e-05, 3.54676085408e-05],
        "median": [0.0591938942671, 0.375064611435, 0.801823854446, 1.67571902275, 6.07368278503, 13.6464767456, 7.46364831924, 9.49962902069, 3.08228731155, 3.08848690987, 6.28106784821, 27.6251869202, 10.6290073395, 11.8823223114, 20.3781471252, 25.0914306641, 12.1059169769, 107.391815186, 125.679405212, 76.5068511963, 80.7483520508, 82.2778015137, 40.8412246704, 50.3389968872, 32.1443901062, 28.5385704041, 16.9801063538, 15.5434093475, 1.65711426735, 0.239947840571, 0.0595099776983, 0.0384728610516, 0.0240831617266, 0.0162516292185, 0.00268263462931, 0.00175143126398, 0.000271900004009, 2.92136246571e-05, 2.0916970243e-05, 3.55997981387e-05],
        "min": [0.000699404627085, 0.0141148958355, 0.0445637144148, 0.0648088678718, 0.163123905659, 0.46972873807, 0.338751196861, 0.32227692008, 0.278591752052, 0.258646070957, 0.530636966228, 1.58361887932, 0.971799433231, 1.51438653469, 2.66465783119, 2.57938814163, 2.70892214775, 5.14625597, 11.1921052933, 6.03577041626, 18.7792491913, 11.8716611862, 5.30332326889, 7.14427852631, 2.72282838821, 1.6668817997, 1.29929375648, 1.09232640266, 0.31481423974, 0.0585497021675, 0.0127177033573, 0.00725850462914, 0.00378699414432, 0.00191381399054, 0.000531999859959, 0.000396161805838, 6.80810408085e-05, 7.31610498406e-06, 7.87126919022e-06, 1.3353963368e-05],
        "var": [0.00583337806165, 0.256004929543, 2.59339761734, 8.43788337708, 35.7914962769, 263.510406494, 67.8968887329, 271.697265625, 19.1237812042, 131.998123169, 206.720748901, 1217.94958496, 812.147460938, 201.528289795, 229.5128479, 781.361633301, 150.458557129, 11006.5527344, 7446.53027344, 3898.84814453, 2479.02026367, 3335.87597656, 806.285644531, 1196.04199219, 387.445739746, 340.853515625, 415.021911621, 401.057128906, 3.74403357506, 0.0394285358489, 0.0017141822027, 0.00294158863835, 0.00102120963857, 0.000254420476267, 6.41800124868e-06, 1.2897068018e-06, 5.59375195053e-08, 5.67592906009e-09, 2.97604024757e-10, 5.02212785247e-11]
    },
    "gfcc": {
        "mean": [2.07257533073, 137.010375977, -183.855331421, 54.5014457703, -27.0007019043, -10.7063112259, -22.2830047607, -7.19231700897, -22.5430793762, 1.18168771267, -17.6508560181, -11.8515377045, 10.3986330032],
        "cov": [[154.087554932, -63.4414558411, -47.9762535095, 6.25592136383, -25.2812728882, -0.30923551321, 1.14404881001, 8.90094947815, 1.0554356575, 6.04342508316, -0.488567501307, -12.4043245316, -1.44989788532], [-63.4414558411, 193.161209106, 129.502197266, -11.8680677414, 0.447324424982, -2.44585061073, 13.6156959534, 4.74771213531, 16.8057327271, -0.238648831844, 12.5499477386, 15.1619653702, -8.7290019989], [-47.9762535095, 129.502197266, 148.333023071, 18.2773017883, 1.22218060493, 24.3943157196, 0.332633644342, 13.5413455963, 9.6312789917, 4.27263832092, 15.1672124863, 23.2610111237, 4.15306615829], [6.25592136383, -11.8680677414, 18.2773017883, 77.355506897, 31.4033241272, 6.06591463089, 10.7098417282, -14.6952857971, -1.37928831577, 10.1579608917, 7.47862672806, 10.7067289352, 9.66321754456], [-25.2812728882, 0.447324424982, 1.22218060493, 31.4033241272, 81.2307357788, 18.8500862122, 6.24921703339, -7.35099315643, -9.25065994263, 9.35782051086, 10.874835968, 5.4880194664, -9.08972358704], [-0.30923551321, -2.44585061073, 24.3943157196, 6.06591463089, 18.8500862122, 66.3294906616, 21.4281196594, 16.3962726593, 6.68863964081, 4.43205213547, 8.2189540863, 2.96942186356, 0.662594377995], [1.14404881001, 13.6156959534, 0.332633644342, 10.7098417282, 6.24921703339, 21.4281196594, 66.2196655273, 28.7355709076, 11.329252243, 4.22234201431, -14.0784749985, 7.10527086258, 0.631304383278], [8.90094947815, 4.74771213531, 13.5413455963, -14.6952857971, -7.35099315643, 16.3962726593, 28.7355709076, 81.8370437622, 23.4649791718, -2.58747148514, 3.5624704361, -1.20723116398, -2.9065349102], [1.0554356575, 16.8057327271, 9.6312789917, -1.37928831577, -9.25065994263, 6.68863964081, 11.329252243, 23.4649791718, 46.5010528564, 22.0327301025, 3.82767772675, -3.88161349297, -5.82275056839], [6.04342508316, -0.238648831844, 4.27263832092, 10.1579608917, 9.35782051086, 4.43205213547, 4.22234201431, -2.58747148514, 22.0327301025, 54.9778709412, 23.9531917572, 12.9529447556, 6.94410324097], [-0.488567501307, 12.5499477386, 15.1672124863, 7.47862672806, 10.874835968, 8.2189540863, -14.0784749985, 3.5624704361, 3.82767772675, 23.9531917572, 56.303440094, 27.9331855774, 8.10657024384], [-12.4043245316, 15.1619653702, 23.2610111237, 10.7067289352, 5.4880194664, 2.96942186356, 7.10527086258, -1.20723116398, -3.88161349297, 12.9529447556, 27.9331855774, 61.5200462341, 28.5727596283], [-1.44989788532, -8.7290019989, 4.15306615829, 9.66321754456, -9.08972358704, 0.662594377995, 0.631304383278, -2.9065349102, -5.82275056839, 6.94410324097, 8.10657024384, 28.5727596283, 53.3850440979]],
        "icov": [[0.00917229428887, -0.00185028440319, 0.00593664497137, -0.00569163402542, 0.00631192792207, -0.00391921075061, 0.00343805970624, -0.00407822662964, 0.00422137975693, -0.00417669955641, 0.00148175796494, -0.000435608701082, 0.00238749594428], [-0.00185028440319, 0.0444805473089, -0.0492585301399, 0.0314981564879, -0.017550451681, 0.0318172648549, -0.0389427356422, 0.0260143335909, -0.0240733567625, 0.0219983384013, -0.0285007897764, 0.0164853539318, -0.00613554334268], [0.00593664497137, -0.0492585301399, 0.0647509694099, -0.0398110412061, 0.02358408086, -0.0401783697307, 0.0472206361592, -0.0319839306176, 0.0268439222127, -0.0254233218729, 0.0330087989569, -0.0230787061155, 0.0100650088862], [-0.00569163402542, 0.0314981564879, -0.0398110412061, 0.0434008538723, -0.0229062326252, 0.0265944115818, -0.0348386354744, 0.0256373826414, -0.0215115081519, 0.0184959191829, -0.0239959768951, 0.0147043718025, -0.0111640794203], [0.00631192792207, -0.017550451681, 0.02358408086, -0.0229062326252, 0.0291610173881, -0.0198573879898, 0.0176698341966, -0.0133977811784, 0.0187592282891, -0.0154682472348, 0.0114624500275, -0.0092156175524, 0.0111364535987], [-0.00391921075061, 0.0318172648549, -0.0401783697307, 0.0265944115818, -0.0198573879898, 0.0447523705661, -0.0371437445283, 0.0198399350047, -0.0202394109219, 0.0193609949201, -0.0272821485996, 0.0173894297332, -0.00889955461025], [0.00343805970624, -0.0389427356422, 0.0472206361592, -0.0348386354744, 0.0176698341966, -0.0371437445283, 0.0632646679878, -0.0344538576901, 0.0223597101867, -0.0266799386591, 0.0419526621699, -0.0263157710433, 0.0108274957165], [-0.00407822662964, 0.0260143335909, -0.0319839306176, 0.0256373826414, -0.0133977811784, 0.0198399350047, -0.0344538576901, 0.0372920781374, -0.0263147037476, 0.0227743964642, -0.0256985835731, 0.0140707772225, -0.00756042636931], [0.00422137975693, -0.0240733567625, 0.0268439222127, -0.0215115081519, 0.0187592282891, -0.0202394109219, 0.0223597101867, -0.0263147037476, 0.0530082844198, -0.0328017510474, 0.0199946761131, -0.00715608615428, 0.0105743091553], [-0.00417669955641, 0.0219983384013, -0.0254233218729, 0.0184959191829, -0.0154682472348, 0.0193609949201, -0.0266799386591, 0.0227743964642, -0.0328017510474, 0.046395689249, -0.0297123808414, 0.0103221982718, -0.00983068440109], [0.00148175796494, -0.0285007897764, 0.0330087989569, -0.0239959768951, 0.0114624500275, -0.0272821485996, 0.0419526621699, -0.0256985835731, 0.0199946761131, -0.0297123808414, 0.0564944669604, -0.0290873721242, 0.0105858175084], [-0.000435608701082, 0.0164853539318, -0.0230787061155, 0.0147043718025, -0.0092156175524, 0.0173894297332, -0.0263157710433, 0.0140707772225, -0.00715608615428, 0.0103221982718, -0.0290873721242, 0.0406842753291, -0.0183715093881], [0.00238749594428, -0.00613554334268, 0.0100650088862, -0.0111640794203, 0.0111364535987, -0.00889955461025, 0.0108274957165, -0.00756042636931, 0.0105743091553, -0.00983068440109, 0.0105858175084, -0.0183715093881, 0.03115564771]]
    },
    "melbands": {
        "dmean": [0.000472064246424, 0.000481159600895, 0.000293420918752, 0.000718567171134, 0.000208777841181, 0.000195591492229, 4.73892469017e-05, 4.8470312322e-05, 7.71183040342e-05, 0.000162930431543, 4.92579783895e-05, 3.55397860403e-05, 3.41784216289e-05, 7.80793998274e-05, 1.23379522847e-05, 1.35176651384e-05, 0.000110445726023, 9.39984820434e-05, 5.76044876652e-05, 4.8292127758e-05, 4.90935199196e-05, 4.59131224488e-05, 2.72820052487e-05, 1.61506068252e-05, 2.17703636736e-05, 1.0666531125e-05, 9.59592125582e-06, 5.75691319682e-06, 2.13098360291e-06, 1.55059151439e-05, 1.84962277672e-06, 6.15531348558e-07, 1.67606401646e-07, 2.54686334245e-08, 1.56355906e-08, 1.3354174655e-08, 1.60960915707e-08, 8.88505891083e-09, 1.2991908882e-08, 3.68513597415e-09],
        "dmean2": [0.000821034191176, 0.000850744894706, 0.000495031767059, 0.00117292045616, 0.000339116231771, 0.000319123122608, 8.00319903647e-05, 7.99556291895e-05, 0.000129133331939, 0.000278636201983, 7.91773709352e-05, 6.08486334386e-05, 5.65268237551e-05, 0.000128740444779, 2.11420829146e-05, 2.24205850827e-05, 0.0001611422922, 0.000144335295772, 9.00784289115e-05, 8.22176152724e-05, 8.25897077448e-05, 7.84953299444e-05, 4.62554708065e-05, 2.75750680885e-05, 3.69057270291e-05, 1.804182466e-05, 1.62160122272e-05, 9.42426231632e-06, 3.65688561033e-06, 2.30089171964e-05, 3.03689034808e-06, 9.89429622678e-07, 2.69522246299e-07, 4.1350141089e-08, 2.71010467401e-08, 2.1680824247e-08, 2.4843027191e-08, 1.3191159276e-08, 2.06440304851e-08, 5.94946092392e-09],
        "dvar": [2.14152322542e-07, 3.82688313039e-07, 1.50140706978e-07, 4.73010317137e-07, 3.6597388231e-08, 5.21442196089e-08, 5.76986014522e-09, 8.15775269558e-09, 1.86410122893e-08, 3.27369420461e-08, 9.87495862859e-09, 3.02243297057e-09, 1.14361387027e-09, 7.45735118102e-09, 1.39071809624e-10, 1.94570401457e-10, 1.06435829039e-08, 7.72589991982e-09, 3.63947005866e-09, 2.20172968746e-09, 1.99165328674e-09, 1.96122318386e-09, 1.02394959178e-09, 2.3152493811e-10, 4.68853622593e-10, 1.32846011969e-10, 9.0758907334e-11, 3.11689354882e-11, 9.73437302987e-12, 4.40060710094e-10, 4.47538403905e-12, 1.3713677546e-12, 5.73473289255e-14, 1.19171733503e-15, 3.60514851225e-16, 5.81653713231e-16, 8.10049000618e-16, 2.19300588753e-16, 2.52236114948e-16, 4.45333263022e-17],
        "dvar2": [6.28031386896e-07, 1.15899183584e-06, 4.00112242005e-07, 1.22100425415e-06, 9.55532826197e-08, 1.28330327698e-07, 1.72793086506e-08, 2.09194528367e-08, 4.29761790599e-08, 8.97229455177e-08, 1.95058671437e-08, 6.99514934865e-09, 3.02902969374e-09, 1.98214387126e-08, 3.66912278338e-10, 5.14943365726e-10, 2.19571614224e-08, 1.76045578115e-08, 7.64759455762e-09, 6.59420562599e-09, 5.68302738202e-09, 5.50274625866e-09, 2.71935518548e-09, 6.62656263195e-10, 1.35992272998e-09, 3.87622517417e-10, 2.51881654423e-10, 8.35948810174e-11, 2.80719787693e-11, 9.14635533977e-10, 1.18843910407e-11, 3.08748079186e-12, 1.35009286194e-13, 3.01801142535e-15, 9.42517065574e-16, 1.48009340769e-15, 1.58061324276e-15, 3.98982905464e-16, 5.81247825631e-16, 1.11217556792e-16],
        "max": [0.00420099962503, 0.00539464177564, 0.00434388313442, 0.00627308059484, 0.00164288212545, 0.00265897414647, 0.000930945505388, 0.00129517936148, 0.00201409915462, 0.00155879464, 0.00145811354741, 0.000983014353551, 0.000313851458486, 0.00112556293607, 0.000116566297947, 0.000203499788768, 0.00123801617883, 0.00113018392585, 0.0010618311353, 0.000453418062534, 0.000460662646219, 0.000485728494823, 0.000660787685774, 0.000149012106704, 0.000202068884391, 0.000133355788421, 0.000112446192361, 7.47007798054e-05, 4.85828022647e-05, 0.000328413530951, 2.60109700321e-05, 1.43976430991e-05, 2.33612877309e-06, 5.66965809412e-07, 2.68472433618e-07, 4.3164300223e-07, 3.85982843909e-07, 3.28475408651e-07, 2.38513393924e-07, 1.29382016212e-07],
        "mean": [0.000727870676201, 0.00070761074312, 0.000521488778759, 0.00106272601988, 0.000428821746027, 0.000328150548739, 7.01105091139e-05, 6.44280298729e-05, 0.000102723017335, 0.000234558377997, 8.25901224744e-05, 6.00720341026e-05, 6.46505723125e-05, 0.000130147149321, 2.61820259766e-05, 3.66332787962e-05, 0.000326165172737, 0.000291256030323, 0.000168621743796, 9.34583440539e-05, 0.000112952206109, 0.000102749465441, 6.21428553131e-05, 3.70135203411e-05, 5.02552065882e-05, 2.7415848308e-05, 2.74851208815e-05, 1.69406594068e-05, 4.55593226434e-06, 3.49342808477e-05, 4.17144610765e-06, 1.17423894608e-06, 3.62140866628e-07, 5.89149351526e-08, 3.45392265899e-08, 3.07227203677e-08, 3.27901936714e-08, 1.77899579512e-08, 3.67168340176e-08, 9.13636366562e-09],
        "median": [0.000565941561945, 0.000467124569695, 0.000356885866495, 0.000826293602586, 0.000351679569576, 0.000205213000299, 4.19348580181e-05, 2.86616559606e-05, 6.50633519399e-05, 0.000171040301211, 4.21715267294e-05, 4.46071935585e-05, 5.34172577318e-05, 9.55345167313e-05, 2.24350769713e-05, 2.46627896558e-05, 0.000252903788351, 0.000247532210778, 0.000121466058772, 7.61129631428e-05, 9.60749312071e-05, 8.89046423254e-05, 5.00563037349e-05, 3.1730189221e-05, 4.32713495684e-05, 2.3932181648e-05, 2.44559632847e-05, 1.5017606529e-05, 3.91844787373e-06, 2.27362870646e-05, 3.13246846417e-06, 7.47560932268e-07, 2.77195567833e-07, 4.66045833036e-08, 2.9510417221e-08, 2.4460844017e-08, 2.20204707801e-08, 1.11211315712e-08, 2.74392295552e-08, 7.00420255129e-09],
        "min": [1.04142382042e-05, 2.79087944364e-05, 1.11963145173e-05, 4.23065393989e-05, 1.12624229587e-05, 5.91600792177e-06, 2.9727295896e-06, 1.6786643755e-06, 5.12869837621e-06, 1.08304111563e-05, 3.34077162734e-06, 4.86075396111e-06, 6.34126490695e-06, 9.33639967116e-06, 2.4855751235e-06, 3.82842108593e-06, 7.16765771358e-06, 1.43057859532e-05, 8.86110228748e-06, 6.39429799776e-06, 1.87801524589e-05, 1.04053160612e-05, 6.40913594907e-06, 3.077267138e-06, 5.73467605136e-06, 2.62243770521e-06, 1.12644283945e-06, 7.94589539055e-07, 3.89643446397e-07, 1.11448048301e-06, 4.46204865057e-07, 1.14027614018e-07, 4.87150870754e-08, 1.03720942946e-08, 5.27642995962e-09, 5.11421527349e-09, 3.46864204026e-09, 2.10052086835e-09, 2.66049071662e-09, 1.05678488183e-09],
        "var": [3.70604283262e-07, 5.40013331829e-07, 2.76300170299e-07, 7.40779114494e-07, 9.2091667625e-08, 1.22141671e-07, 7.0137629038e-09, 1.17958505186e-08, 2.21852065607e-08, 4.51305588456e-08, 2.05769890016e-08, 4.16255119262e-09, 1.97005367575e-09, 1.30581234714e-08, 2.58162130562e-10, 1.07123621085e-09, 7.01139057924e-08, 4.14328944487e-08, 2.29976553356e-08, 3.78145337265e-09, 4.35972413726e-09, 4.08134104291e-09, 2.95371660464e-09, 5.23643628458e-10, 9.776833787e-10, 2.700680235e-10, 2.7197097352e-10, 1.03415151442e-10, 1.10544169304e-11, 1.3694273493e-09, 1.07288032625e-11, 2.19337699045e-12, 9.51731505021e-14, 1.88071743949e-15, 5.36439094507e-16, 6.84700724039e-16, 1.66225917206e-15, 5.33083732305e-16, 9.50035118256e-16, 7.39311730711e-17]
    },
    "mfcc": {
        "mean": [-620.190612793, 151.893035889, -75.2398910522, 58.7353858948, 4.47489356995, 10.0345373154, 5.79652452469, -11.2913789749, 12.2864122391, -2.36582136154, -5.86723327637, -6.47196149826, -14.5672693253],
        "cov": [[208.73928833, -112.797737122, -58.744228363, -15.9816894531, -22.5068531036, -24.0905303955, -2.6737601757, -12.3790807724, 2.472687006, 13.2745056152, 5.15104389191, 7.03280687332, -7.36155986786], [-112.797737122, 201.91192627, 97.7957839966, 3.55749487877, -5.04540157318, -2.38687992096, -6.0928273201, 17.8269386292, 1.13076591492, -5.05821037292, 1.47253251076, 16.0466060638, 21.2000141144], [-58.744228363, 97.7957839966, 157.648071289, -9.93551635742, 9.86049938202, -2.38453555107, -1.26610386372, 12.2587099075, 13.5570640564, -18.460231781, 3.77587509155, 19.5170955658, 23.8041877747], [-15.9816894531, 3.55749487877, -9.93551635742, 82.3316574097, 14.7466201782, 19.352098465, 5.06302547455, -5.52589941025, -4.89116621017, -8.69645595551, -3.36998152733, 2.52285122871, 8.15633106232], [-22.5068531036, -5.04540157318, 9.86049938202, 14.7466201782, 65.2087249756, 20.2035655975, 12.7464208603, -8.40042877197, -16.5593757629, 1.23651325703, 2.71988010406, 0.253741383553, 7.38550853729], [-24.0905303955, -2.38687992096, -2.38453555107, 19.352098465, 20.2035655975, 74.7600402832, 13.5586986542, -2.87963080406, -5.50393390656, -9.7529668808, 7.56944799423, -3.26686286926, -6.32972192764], [-2.6737601757, -6.0928273201, -1.26610386372, 5.06302547455, 12.7464208603, 13.5586986542, 55.8982582092, 20.8244972229, 10.4250793457, -8.42322158813, 1.7666926384, 7.87544775009, 9.72328948975], [-12.3790807724, 17.8269386292, 12.2587099075, -5.52589941025, -8.40042877197, -2.87963080406, 20.8244972229, 61.7038955688, 19.8441753387, 4.63694810867, -0.254683554173, 0.777486503124, 11.645740509], [2.472687006, 1.13076591492, 13.5570640564, -4.89116621017, -16.5593757629, -5.50393390656, 10.4250793457, 19.8441753387, 64.0968704224, 8.1430311203, 11.8133049011, 3.77643013, -2.28644967079], [13.2745056152, -5.05821037292, -18.460231781, -8.69645595551, 1.23651325703, -9.7529668808, -8.42322158813, 4.63694810867, 8.1430311203, 59.2020988464, 13.8022232056, 3.26456642151, -12.5406255722], [5.15104389191, 1.47253251076, 3.77587509155, -3.36998152733, 2.71988010406, 7.56944799423, 1.7666926384, -0.254683554173, 11.8133049011, 13.8022232056, 55.4155654907, 12.340385437, 11.9723424911], [7.03280687332, 16.0466060638, 19.5170955658, 2.52285122871, 0.253741383553, -3.26686286926, 7.87544775009, 0.777486503124, 3.77643013, 3.26456642151, 12.340385437, 52.4207763672, 16.8958587646], [-7.36155986786, 21.2000141144, 23.8041877747, 8.15633106232, 7.38550853729, -6.32972192764, 9.72328948975, 11.645740509, -2.28644967079, -12.5406255722, 11.9723424911, 16.8958587646, 62.6928520203]],
