{
"lowlevel": {
    "average_loudness": 0.987914383411,
    "barkbands_crest": {
        "dmean": 2.16711783409,
        "dmean2": 3.61053347588,
        "dvar": 3.77256774902,
        "dvar2": 9.42026519775,
        "max": 22.6054706573,
        "mean": 7.23270750046,
        "median": 6.42869472504,
        "min": 2.91478562355,
        "var": 8.44368839264
    },
    "barkbands_flatness_db": {
        "dmean": 0.0128940586001,
        "dmean2": 0.0207147784531,
        "dvar": 0.000122088138596,
        "dvar2": 0.000279903790215,
        "max": 0.234432697296,
        "mean": 0.144893184304,
        "median": 0.141782537103,
        "min": 0.0705006867647,
        "var": 0.000362164777471
    },
    "barkbands_kurtosis": {
        "dmean": 1.25252425671,
        "dmean2": 1.96612977982,
        "dvar": 1.54082131386,
        "dvar2": 3.31463456154,
        "max": 8.827876091,
        "mean": 0.496440142393,
        "median": -0.225938558578,
        "min": -1.83876395226,
        "var": 4.71662139893
    },
    "barkbands_skewness": {
        "dmean": 0.499483436346,
        "dmean2": 0.746856927872,
        "dvar": 0.20371671021,
        "dvar2": 0.367549180984,
        "max": 2.08789730072,
        "mean": -0.73380446434,
        "median": -0.91767936945,
        "min": -2.6910598278,
        "var": 0.931094229221
    },
    "barkbands_spread": {
        "dmean": 8.11123657227,
        "dmean2": 12.7138051987,
        "dvar": 59.3249359131,
        "dvar2": 111.63835144,
        "max": 60.4823684692,
        "mean": 33.101726532,
        "median": 34.0428886414,
        "min": 6.55543613434,
        "var": 193.47114563
    },
    "dissonance": {
        "dmean": 0.00378538970836,
        "dmean2": 0.00658079376444,
        "dvar": 1.42161843542e-05,
        "dvar2": 3.67773063772e-05,
        "max": 0.499967753887,
        "mean": 0.494790405035,
        "median": 0.495753526688,
        "min": 0.438923954964,
        "var": 1.82507683348e-05
    },
    "dynamic_complexity": 0.845643937588,
    "erbbands_crest": {
        "dmean": 2.00543045998,
        "dmean2": 3.51252245903,
        "dvar": 2.49524712563,
        "dvar2": 7.15193462372,
        "max": 16.2767868042,
        "mean": 8.12609481812,
        "median": 7.8710231781,
        "min": 4.40968036652,
        "var": 3.70959639549
    },
    "erbbands_flatness_db": {
        "dmean": 0.0131214605644,
        "dmean2": 0.0210892986506,
        "dvar": 0.000100333869341,
        "dvar2": 0.000251974648563,
        "max": 0.301324099302,
        "mean": 0.242825299501,
        "median": 0.242961913347,
        "min": 0.155506208539,
        "var": 0.000387459993362
    },
    "erbbands_kurtosis": {
        "dmean": 1.64517974854,
        "dmean2": 2.73518514633,
        "dvar": 1.9777623415,
        "dvar2": 5.1295542717,
        "max": 13.9487342834,
        "mean": 4.08633947372,
        "median": 3.84663391113,
        "min": -0.128900766373,
        "var": 4.16039228439
    },
    "erbbands_skewness": {
        "dmean": 0.33222258091,
        "dmean2": 0.527211725712,
        "dvar": 0.0733964517713,
        "dvar2": 0.169634640217,
        "max": 0.152700290084,
        "mean": -1.33826422691,
        "median": -1.30506658554,
        "min": -2.56635737419,
        "var": 0.239080235362
    },
    "erbbands_spread": {
        "dmean": 3.91928625107,
        "dmean2": 6.28888893127,
        "dvar": 18.6574306488,
        "dvar2": 43.9611549377,
        "max": 50.5126914978,
        "mean": 15.0647420883,
        "median": 12.833193779,
        "min": 5.85049819946,
        "var": 46.6821594238
    },
    "hfc": {
        "dmean": 6.51711797714,
        "dmean2": 10.2756233215,
        "dvar": 27.4748096466,
        "dvar2": 65.9333267212,
        "max": 71.7613830566,
        "mean": 35.5513763428,
        "median": 36.4017295837,
        "min": 0.374036550522,
        "var": 141.946029663
    },
    "melbands_crest": {
        "dmean": 3.30608725548,
        "dmean2": 5.2161822319,
        "dvar": 11.2045431137,
        "dvar2": 23.0141277313,
        "max": 29.5237751007,
        "mean": 10.5160188675,
        "median": 8.73918151855,
        "min": 2.92512989044,
        "var": 33.6934890747
    },
    "melbands_flatness_db": {
        "dmean": 0.0208841860294,
        "dmean2": 0.0309360362589,
        "dvar": 0.000439963303506,
        "dvar2": 0.000786706106737,
        "max": 0.297198593616,
        "mean": 0.149139896035,
        "median": 0.135001152754,
        "min": 0.0944091081619,
        "var": 0.00178231799509
    },
    "melbands_kurtosis": {
        "dmean": 1.58566534519,
        "dmean2": 2.59545254707,
        "dvar": 5.22362947464,
        "dvar2": 10.8196277618,
        "max": 22.8392963409,
        "mean": 0.562902271748,
        "median": -0.681843280792,
        "min": -1.80480504036,
        "var": 12.7554893494
    },
    "melbands_skewness": {
        "dmean": 0.635484278202,
        "dmean2": 0.942240893841,
        "dvar": 0.348577469587,
        "dvar2": 0.61963647604,
        "max": 4.82213354111,
        "mean": 0.540622055531,
        "median": 0.303256005049,
        "min": -1.51924645901,
        "var": 1.63420331478
    },
    "melbands_spread": {
        "dmean": 15.5820188522,
        "dmean2": 25.7008666992,
        "dvar": 171.132156372,
        "dvar2": 422.551208496,
        "max": 113.637641907,
        "mean": 68.9981460571,
        "median": 71.6645507812,
        "min": 15.5150270462,
        "var": 410.882171631
    },
    "pitch_salience": {
        "dmean": 0.0608007051051,
        "dmean2": 0.0948095023632,
        "dvar": 0.0031595886685,
        "dvar2": 0.00678107934073,
        "max": 0.83535271883,
        "mean": 0.620358347893,
        "median": 0.650398552418,
        "min": 0.201483041048,
        "var": 0.0111290011555
    },
    "silence_rate_20dB": {
        "dmean": 0,
        "dmean2": 0,
        "dvar": 0,
        "dvar2": 0,
        "max": 1,
        "mean": 1,
        "median": 1,
        "min": 1,
        "var": 0
    },
    "silence_rate_30dB": {
        "dmean": 0,
        "dmean2": 0,
        "dvar": 0,
        "dvar2": 0,
        "max": 1,
        "mean": 1,
        "median": 1,
        "min": 1,
        "var": 0
    },
    "silence_rate_60dB": {
        "dmean": 0.000813008111436,
        "dmean2": 0.000813669641502,
        "dvar": 0.000812347163446,
        "dvar2": 0.000813007587567,
        "max": 1,
        "mean": 0.000812347687315,
        "median": 0,
        "min": 0,
        "var": 0.000811687787063
    },
    "spectral_centroid": {
        "dmean": 153.64263916,
        "dmean2": 244.20765686,
        "dvar": 18376.3359375,
        "dvar2": 44287.3867188,
        "max": 3280.1574707,
        "mean": 2813.78662109,
        "median": 2865.40380859,
        "min": 1701.35070801,
        "var": 62387.5039062
    },
    "spectral_complexity": {
        "dmean": 3.75040650368,
        "dmean2": 6.01383256912,
        "dvar": 9.48484325409,
        "dvar2": 21.580827713,
        "max": 51,
        "mean": 37.7944755554,
        "median": 39,
        "min": 0,
        "var": 37.7977104187
    },
    "spectral_decrease": {
        "dmean": 7.98750232622e-10,
        "dmean2": 1.2785927872e-09,
        "dvar": 4.21944210078e-19,
        "dvar2": 1.01826667528e-18,
        "max": -5.03494641813e-11,
        "mean": -4.16196543895e-09,
        "median": -4.14835099605e-09,
        "min": -7.1387193934e-09,
        "var": 9.85060957156e-19
    },
    "spectral_energy": {
        "dmean": 0.00332464510575,
        "dmean2": 0.00537883909419,
        "dvar": 6.68422262606e-06,
        "dvar2": 1.67157795659e-05,
        "max": 0.0303195305169,
        "mean": 0.0189328249544,
        "median": 0.0192542336881,
        "min": 0.000223956929403,
        "var": 1.61870211741e-05
    },
    "spectral_energyband_high": {
        "dmean": 0.00028563849628,
        "dmean2": 0.000469894410344,
        "dvar": 7.05232210407e-08,
        "dvar2": 1.79930410127e-07,
        "max": 0.00328910560347,
        "mean": 0.00104071758687,
        "median": 0.00096579932142,
        "min": 8.05727540865e-06,
        "var": 2.38263467622e-07
    },
    "spectral_energyband_low": {
        "dmean": 0.00208663055673,
        "dmean2": 0.00317265582271,
        "dvar": 6.47531533104e-06,
        "dvar2": 1.29500867843e-05,
        "max": 0.0228271372616,
        "mean": 0.00390738341957,
        "median": 0.00211374787614,
        "min": 3.57532408088e-05,
        "var": 1.89926249732e-05
    },
    "spectral_energyband_middle_high": {
        "dmean": 0.00263936631382,
        "dmean2": 0.00425697397441,
        "dvar": 4.36929622083e-06,
        "dvar2": 1.1458228073e-05,
        "max": 0.0238869190216,
        "mean": 0.0121415294707,
        "median": 0.0123177226633,
        "min": 0.000137295442983,
        "var": 1.92820571101e-05
    },
    "spectral_energyband_middle_low": {
        "dmean": 0.00121546909213,
        "dmean2": 0.00191950390581,
        "dvar": 3.21932134284e-06,
        "dvar2": 7.35862658985e-06,
        "max": 0.0187386572361,
        "mean": 0.00222936854698,
        "median": 0.00127354939468,
        "min": 4.10640532209e-05,
        "var": 5.78121216677e-06
    },
    "spectral_entropy": {
        "dmean": 0.0572638735175,
        "dmean2": 0.0962984859943,
        "dvar": 0.00214374344796,
        "dvar2": 0.00551281496882,
        "max": 8.32005882263,
        "mean": 7.60344171524,
        "median": 7.60627603531,
        "min": 7.38533830643,
        "var": 0.00395328970626
    },
    "spectral_flux": {
        "dmean": 0.0116599351168,
        "dmean2": 0.0190868172795,
        "dvar": 0.000109040425741,
        "dvar2": 0.00029901767266,
        "max": 0.138269111514,
        "mean": 0.0824884921312,
        "median": 0.0825973004103,
        "min": 0.0378780178726,
        "var": 0.000194449414266
    },
    "spectral_kurtosis": {
        "dmean": 3.25289773941,
        "dmean2": 5.84649991989,
        "dvar": 7.20325374603,
        "dvar2": 21.8464221954,
        "max": 25.6858673096,
        "mean": 6.08791017532,
        "median": 5.43793487549,
        "min": 0.718855142593,
        "var": 10.3890399933
    },
    "spectral_rms": {
        "dmean": 0.000385188643122,
        "dmean2": 0.000619714090135,
        "dvar": 9.58194377176e-08,
        "dvar2": 2.29149961228e-07,
        "max": 0.0054387524724,
        "mean": 0.00427029328421,
        "median": 0.00433412240818,
        "min": 0.000467434030725,
        "var": 2.35643952351e-07
    },
    "spectral_rolloff": {
        "dmean": 315.102203369,
        "dmean2": 505.372802734,
        "dvar": 80532.8984375,
        "dvar2": 180857.578125,
        "max": 4026.70898438,
        "mean": 3292.21899414,
        "median": 3402.24609375,
        "min": 624.462890625,
        "var": 273329.125
    },
    "spectral_skewness": {
        "dmean": 0.318866997957,
        "dmean2": 0.568901896477,
        "dvar": 0.0694463700056,
        "dvar2": 0.207298964262,
        "max": 3.39170384407,
        "mean": 0.747339725494,
        "median": 0.70013999939,
        "min": 0.113557562232,
        "var": 0.1127788499
    },
    "spectral_spread": {
        "dmean": 161849.796875,
        "dmean2": 256512.359375,
        "dvar": 60503265280,
        "dvar2": 69485518848,
        "max": 10827004,
        "mean": 2011580.25,
        "median": 1976247.125,
        "min": 1489614.875,
        "var": 112791027712
    },
    "spectral_strongpeak": {
        "dmean": 1.25763309002,
        "dmean2": 2.17778229713,
        "dvar": 2.25166916847,
        "dvar2": 5.50245475769,
        "max": 8.9405670166,
        "mean": 1.74593567848,
        "median": 0.581012427807,
        "min": 0,
        "var": 3.48795032501
    },
    "zerocrossingrate": {
        "dmean": 0.00812492053956,
        "dmean2": 0.00944301765412,
        "dvar": 5.90897179791e-05,
        "dvar2": 6.45983673166e-05,
        "max": 0.1357421875,
        "mean": 0.103249467909,
        "median": 0.10888671875,
        "min": 0.01904296875,
        "var": 0.000435760302935
    },
    "barkbands": {
        "dmean": [8.55805410538e-06, 0.00146250834223, 0.00086363061564, 0.000638164172415, 0.000687113031745, 8.17372274469e-05, 5.98017322773e-05, 6.21174403932e-05, 9.2268550361e-05, 0.000189943399164, 0.000169190272572, 0.000242320646066, 4.95410131407e-05, 0.000457769521745, 0.000627481320407, 0.00102831306867, 0.00153579865582, 0.000471752544399, 0.000572260410991, 0.000480713439174, 0.000185495402548, 3.67855245713e-05, 1.07707387542e-06, 1.74151000465e-06, 3.060475251e-07, 1.20073153198e-07, 2.49845566458e-08],
        "dmean2": [1.32103905344e-05, 0.0022692384664, 0.00134118332062, 0.00101707817521, 0.00110345962457, 0.000142144825077, 0.000103482365375, 0.000109168031486, 0.000162553027621, 0.000335744727636, 0.000291304982966, 0.000416840077378, 8.5100706201e-05, 0.000792229897343, 0.00107563741039, 0.00178052275442, 0.00261795939878, 0.00080644863192, 0.000958576856647, 0.000786399410572, 0.00031221457175, 6.18714475422e-05, 1.77896038167e-06, 2.77278945759e-06, 5.06906417286e-07, 1.92490190898e-07, 3.69623798235e-08],
        "dvar": [5.63949109633e-10, 4.01279658035e-06, 1.58207831191e-06, 1.29327929699e-06, 1.32600757752e-06, 2.75002332017e-08, 6.87881396289e-09, 5.21996001979e-09, 2.97438749186e-08, 3.90275012307e-08, 3.48705313513e-08, 9.24540941583e-08, 2.66574051722e-09, 2.06098135891e-07, 3.26099609538e-07, 9.15481848551e-07, 2.05328547054e-06, 2.11962657204e-07, 2.35114697489e-07, 1.80786614123e-07, 3.20919468777e-08, 1.1128716837e-09, 1.11641197589e-12, 2.61562277913e-12, 1.42420363697e-13, 8.2308332784e-14, 8.40067896973e-14],
        "dvar2": [1.07501774149e-09, 8.41286146169e-06, 3.21862989949e-06, 2.95969471154e-06, 3.16912496601e-06, 6.72555486858e-08, 1.87886168845e-08, 1.55008308411e-08, 8.70988756674e-08, 1.11883672105e-07, 9.84157537687e-08, 2.58947011389e-07, 7.59638574266e-09, 5.82661471071e-07, 8.49672346703e-07, 2.81860025098e-06, 5.85796715313e-06, 6.50693891657e-07, 6.34421098766e-07, 4.96190295962e-07, 8.42384366706e-08, 3.16371884246e-09, 2.80334176012e-12, 6.79346075921e-12, 2.66650281499e-13, 1.00046483413e-13, 8.45114654798e-14],
        "max": [0.000513832143042, 0.0223055835813, 0.0142253376544, 0.0130996806547, 0.0125930979848, 0.00387695804238, 0.00144922197796, 0.00106647715438, 0.00254683452658, 0.00249300245196, 0.00249388278462, 0.0051096836105, 0.000790449732449, 0.00699040386826, 0.00544708734378, 0.00800112821162, 0.0121560022235, 0.00501801166683, 0.00440366007388, 0.00458003487438, 0.00204351870343, 0.00032907910645, 1.68758997461e-05, 1.95367647393e-05, 1.03127595139e-05, 9.68373478827e-06, 1.01744399217e-05],
        "mean": [1.23973277368e-05, 0.00237853499129, 0.00120123883244, 0.000759685412049, 0.000963003432844, 0.000119312542665, 8.63150853547e-05, 9.64248829405e-05, 0.000131818291266, 0.00030011907802, 0.000255729886703, 0.000380241865059, 8.67929775268e-05, 0.000775132793933, 0.00123357051052, 0.00209138635546, 0.00326489284635, 0.0011292003328, 0.00151945056859, 0.00146924552973, 0.000561941240449, 0.000105208877358, 3.31924320562e-06, 6.47822253086e-06, 9.7625854778e-07, 3.89778904264e-07, 4.0077413388e-08],
        "median": [3.39220218848e-06, 0.00109186396003, 0.000444165925728, 0.000211743099499, 0.000412520632381, 7.30386746e-05, 5.46357805433e-05, 7.16044742148e-05, 8.87258502189e-05, 0.000236270978348, 0.000193828484043, 0.000271475175396, 6.98864023434e-05, 0.000649197259918, 0.00105560256634, 0.00178917008452, 0.00292376126163, 0.00103802618105, 0.00141545850784, 0.00135617563501, 0.000505648204125, 9.676519403e-05, 3.05598541672e-06, 6.0310499066e-06, 8.95388666322e-07, 3.48975817133e-07, 2.49023184296e-08],
        "min": [3.07331005089e-09, 1.03940656118e-05, 4.64796630695e-06, 3.97817984776e-06, 9.16485441849e-06, 8.11844870441e-07, 1.66189727224e-06, 1.66208542396e-06, 3.85881912734e-06, 1.66607867413e-06, 5.81181484449e-06, 6.23122059551e-06, 6.7344863055e-06, 9.16352291824e-06, 2.41771740548e-05, 1.32440281959e-05, 1.80096139957e-05, 2.35830302699e-05, 1.18675216072e-05, 1.53794335347e-05, 4.0697714212e-06, 1.40402300985e-06, 6.82393661577e-08, 8.50468637736e-08, 1.57142139301e-08, 1.02239834376e-08, 3.48405282402e-09],
        "var": [1.21330001601e-09, 1.02005733424e-05, 3.65981600225e-06, 1.91125332094e-06, 2.09323025047e-06, 3.7951526366e-08, 1.16643583681e-08, 8.71748362385e-09, 3.38790115961e-08, 5.86092916421e-08, 5.14163502885e-08, 1.33243219125e-07, 4.18491863385e-09, 3.00558582467e-07, 5.7869073089e-07, 1.66742279362e-06, 3.635590474e-06, 3.48455330368e-07, 5.23927610629e-07, 5.42856355423e-07, 8.37723632685e-08, 2.39322983653e-09, 2.58643020196e-12, 8.64698070091e-12, 2.69337368164e-13, 1.06541525277e-13, 8.41011423914e-14]
    },
    "erbbands": {
        "dmean": [0.026143681258, 0.384945511818, 1.04658007622, 1.30565083027, 2.96889328957, 1.75211465359, 1.04681921005, 0.589672148228, 0.389038234949, 1.49299550056, 1.63372600079, 1.93766140938, 4.45990800858, 4.97339200974, 7.06943750381, 10.119635582, 2.17677259445, 12.6298151016, 32.7189331055, 48.8459205627, 55.4089508057, 71.8741073608, 21.4192829132, 34.9509658813, 20.542678833, 24.6666793823, 7.99774122238, 5.73739957809, 1.55049800873, 0.184684857726, 0.0314360894263, 0.0496313646436, 0.0219661239535, 0.00626559648663, 0.00101739051752, 0.000624500855338, 0.000254206563113, 3.47035784216e-05, 3.70819702766e-06, 4.32577280662e-06],
        "dmean2": [0.0398137979209, 0.598790645599, 1.61415529251, 2.05426335335, 4.82039690018, 2.79766154289, 1.76562821865, 1.00900793076, 0.659428358078, 2.54804754257, 2.94954800606, 3.38089990616, 7.9929432869, 8.57591247559, 12.2458486557, 17.2801399231, 3.66222667694, 21.676202774, 56.1632118225, 84.9648895264, 94.3172607422, 121.775161743, 36.0151481628, 59.9079551697, 33.6678733826, 40.421421051, 13.2056474686, 9.5936384201, 2.6067032814, 0.311431229115, 0.0509906597435, 0.0810138434172, 0.0356232412159, 0.0103517435491, 0.00163542537484, 0.00101870670915, 0.000409095344367, 5.52577475901e-05, 5.21782249052e-06, 7.00957798472e-06],
        "dvar": [0.00176933046896, 0.273959189653, 2.15750932693, 4.4859752655, 26.5167388916, 9.56060695648, 1.35158264637, 2.67727661133, 0.224368333817, 5.14275074005, 4.09527540207, 16.7212276459, 26.6099872589, 34.2651519775, 52.4808425903, 171.302597046, 5.68175363541, 283.501342773, 945.635559082, 2577.40820312, 2321.40625, 3769.19311523, 345.096740723, 1099.16625977, 322.142791748, 489.569763184, 57.1977500916, 33.0451469421, 2.0488152504, 0.0325514189899, 0.000937930424698, 0.00210876646452, 0.000439433730207, 3.85074490623e-05, 5.02996817886e-06, 1.43933959862e-06, 3.03050171624e-07, 3.23033546579e-08, 1.67133196172e-09, 2.20932196149e-11],
        "dvar2": [0.00331917777658, 0.581634223461, 4.26829147339, 10.3993835449, 61.8539199829, 22.5158672333, 3.41124892235, 6.72671031952, 0.587954640388, 15.0598726273, 12.8048276901, 48.9162559509, 86.209312439, 95.5536575317, 145.411483765, 479.674621582, 17.3030643463, 837.859008789, 2582.0222168, 7573.39892578, 6614.23925781, 11116.4628906, 972.726074219, 3133.46313477, 880.43737793, 1338.60229492, 147.745574951, 92.1867980957, 5.86173200607, 0.0885977596045, 0.0022491409909, 0.00550648383796, 0.00114549847785, 9.07168723643e-05, 6.46001853966e-06, 1.98343286684e-06, 3.92356611201e-07, 3.39154127005e-08, 1.67772895576e-09, 3.79112297111e-11],
        "max": [0.717833340168, 5.2810921669, 16.5720710754, 28.8046798706, 63.1675949097, 42.1976737976, 13.030620575, 39.8461532593, 7.17065191269, 42.2375488281, 31.6779956818, 76.390411377, 41.133972168, 79.1558990479, 125.029891968, 216.28565979, 53.1922035217, 386.770446777, 260.619262695, 505.418945312, 462.599029541, 540.178588867, 188.15397644, 323.594329834, 186.050033569, 220.639648438, 88.3783111572, 73.5191421509, 15.3937206268, 2.14481735229, 0.481934726238, 0.57180339098, 0.239530101418, 0.118742287159, 0.0732840821147, 0.0388740710914, 0.0179707389325, 0.00625930400565, 0.00145215704106, 0.000154721725266],
        "mean": [0.0416731536388, 0.623160660267, 1.59307861328, 1.80758094788, 3.86978411674, 2.4540169239, 1.52480304241, 0.852488815784, 0.673835515976, 2.2189874649, 2.48402881622, 2.93914937973, 6.40149593353, 9.18152999878, 12.6480340958, 15.4989509583, 4.92582464218, 24.4731502533, 67.1712493896, 88.5581054688, 135.57484436, 163.290267944, 66.070350647, 87.1777801514, 66.987487793, 75.9345779419, 25.6133899689, 17.2098197937, 4.79936885834, 0.619378626347, 0.118385121226, 0.165765091777, 0.0754489600658, 0.0209383256733, 0.00332777760923, 0.00199544755742, 0.000751146406401, 7.60389011703e-05, 1.88418289326e-05, 2.68433923338e-05],
        "median": [0.0178652256727, 0.280001163483, 0.674759805202, 0.728813588619, 1.35914349556, 1.09908127785, 1.07761859894, 0.47947242856, 0.457759588957, 1.29090845585, 1.86712276936, 1.96320211887, 4.69925642014, 7.28894996643, 10.2918014526, 10.5956640244, 4.28081703186, 21.0722522736, 59.4069595337, 73.667755127, 127.529693604, 150.079620361, 63.404094696, 79.5963821411, 63.5223617554, 69.3714752197, 23.4934978485, 15.5407743454, 4.52204990387, 0.584847152233, 0.109460733831, 0.152415126562, 0.0673640519381, 0.018971754238, 0.00289905141108, 0.00178242463153, 0.000667491345666, 6.04311026109e-05, 1.77066867764e-05, 2.74079993687e-05],
        "min": [0.000191594212083, 0.00239440239966, 0.00547456508502, 0.022251656279, 0.0217990744859, 0.0381557792425, 0.0186033658683, 0.00450852699578, 0.0171823687851, 0.0304869860411, 0.0872401595116, 0.0938572958112, 0.0551699362695, 0.164903968573, 0.376139521599, 0.27068027854, 0.313543140888, 0.283698499203, 0.984810829163, 1.28264808655, 0.738550543785, 0.918507158756, 0.712301552296, 1.52084493637, 0.539554178715, 0.676807820797, 0.191035434604, 0.162877097726, 0.0539043657482, 0.00983996409923, 0.00252353562973, 0.00154934183229, 0.00135294988286, 0.000346478074789, 8.13050573925e-05, 3.24071625073e-05, 2.62567446043e-05, 4.03627018386e-06, 7.32674379833e-07, 3.55419302878e-07],
        "var": [0.0043810242787, 0.694268286228, 5.52015781403, 7.5595831871, 41.0991630554, 15.4173088074, 2.03734540939, 3.30171203613, 0.468168318272, 8.375831604, 5.65321063995, 18.7892284393, 32.068195343, 55.1929893494, 93.5278167725, 238.0287323, 10.3829879761, 346.433074951, 1661.96008301, 3396.27758789, 4566.91210938, 7467.91210938, 845.664123535, 1913.10229492, 872.714355469, 1461.51501465, 167.327163696, 78.1534500122, 4.58582305908, 0.0785611197352, 0.00277980021201, 0.00593723775819, 0.00135064637288, 0.000103728372778, 7.079524039e-06, 2.04004550142e-06, 4.13394104726e-07, 3.3427419055e-08, 1.68825642355e-09, 4.30845636945e-11]
    },
    "gfcc": {
        "mean": [-17.7016639709, 94.1726150513, -190.189041138, 76.2289657593, -20.0222015381, -2.26012468338, -15.8234424591, 4.04503583908, -19.7016906738, -6.47930717468, -20.4599399567, -10.1234340668, 4.54363870621],
        "cov": [[277.301513672, -32.5421485901, -61.2056388855, -63.0570678711, -62.6323242188, -23.6550884247, -30.1783657074, -12.7345609665, -23.7548389435, 6.56098413467, -1.57761991024, 13.1340169907, 6.15865707397], [-32.5421485901, 277.366577148, 203.636856079, 102.932624817, 72.9689483643, 12.0347661972, 12.9896697998, -14.7324724197, -2.86809754372, -48.9106483459, -26.4582977295, -49.3484840393, -22.6316509247], [-61.2056388855, 203.636856079, 234.930358887, 136.753677368, 104.768188477, 45.2843322754, 30.5908756256, -5.5072426796, -9.30462169647, -29.3684768677, -20.76080513, -33.4281768799, -18.3087234497], [-63.0570678711, 102.932624817, 136.753677368, 128.596221924, 88.9068603516, 35.3293037415, 28.4912624359, -3.29231619835, 1.73758459091, -18.0227413177, -8.79359149933, -23.1195812225, -7.18581676483], [-62.6323242188, 72.9689483643, 104.768188477, 88.9068603516, 103.587684631, 57.6739654541, 39.2517929077, 12.363615036, 8.80573272705, -5.1519408226, -2.45783734322, -10.6998100281, -4.55460453033], [-23.6550884247, 12.0347661972, 45.2843322754, 35.3293037415, 57.6739654541, 73.1887435913, 49.5336494446, 24.8680400848, 8.9530544281, 16.9411048889, 12.6324014664, 7.01214361191, 2.49615359306], [-30.1783657074, 12.9896697998, 30.5908756256, 28.4912624359, 39.2517929077, 49.5336494446, 61.5575523376, 38.5224227905, 22.9263687134, 18.9779701233, 13.1070547104, 5.25061559677, 1.18624293804], [-12.7345609665, -14.7324724197, -5.5072426796, -3.29231619835, 12.363615036, 24.8680400848, 38.5224227905, 53.4267158508, 39.6627464294, 28.3503684998, 18.9110870361, 11.6034927368, 6.06959009171], [-23.7548389435, -2.86809754372, -9.30462169647, 1.73758459091, 8.80573272705, 8.9530544281, 22.9263687134, 39.6627464294, 56.2672653198, 33.12707901, 20.0316238403, 7.432721138, 5.15200376511], [6.56098413467, -48.9106483459, -29.3684768677, -18.0227413177, -5.1519408226, 16.9411048889, 18.9779701233, 28.3503684998, 33.12707901, 57.1333770752, 37.4111175537, 26.1077289581, 11.2199621201], [-1.57761991024, -26.4582977295, -20.76080513, -8.79359149933, -2.45783734322, 12.6324014664, 13.1070547104, 18.9110870361, 20.0316238403, 37.4111175537, 47.267326355, 31.853471756, 14.915225029], [13.1340169907, -49.3484840393, -33.4281768799, -23.1195812225, -10.6998100281, 7.01214361191, 5.25061559677, 11.6034927368, 7.432721138, 26.1077289581, 31.853471756, 46.8847770691, 25.8428974152], [6.15865707397, -22.6316509247, -18.3087234497, -7.18581676483, -4.55460453033, 2.49615359306, 1.18624293804, 6.06959009171, 5.15200376511, 11.2199621201, 14.915225029, 25.8428974152, 34.9342918396]],
        "icov": [[0.00502062914893, -0.0031249797903, 0.00318568991497, -0.00200057402253, 0.00326807773672, -0.00267975009046, 0.00403460301459, -0.00431359978393, 0.00576572259888, -0.00551256351173, 0.0047251326032, -0.00315068988129, 0.000812046811916], [-0.0031249797903, 0.0221763849258, -0.0245934724808, 0.0150546142831, -0.0033418238163, 0.00752716045827, -0.0118258884177, 0.0165459979326, -0.0202408283949, 0.0232556425035, -0.0207334198058, 0.0176605749875, -0.00701813586056], [0.00318568991497, -0.0245934724808, 0.0398712083697, -0.0282223764807, 0.000871381314937, -0.00954522844404, 0.0151674747467, -0.0217647682875, 0.0259179025888, -0.0255336388946, 0.0247511193156, -0.0197782125324, 0.0111008659005], [-0.00200057402253, 0.0150546142831, -0.0282223764807, 0.0470422804356, -0.0236590728164, 0.0162566807121, -0.0217639617622, 0.0263846479356, -0.0197023451328, 0.0199231151491, -0.0245122164488, 0.0238187462091, -0.0137481139973], [0.00326807773672, -0.0033418238163, 0.000871381314937, -0.0236590728164, 0.0473225787282, -0.0311963148415, 0.0107449768111, -0.00487770326436, -0.00522628892213, 0.0026555901859, 0.0088756121695, -0.00930199585855, 0.00474007241428], [-0.00267975009046, 0.00752716045827, -0.00954522844404, 0.0162566807121, -0.0311963148415, 0.058442287147, -0.037270180881, 0.0066510331817, 0.0096247587353, -0.00592826586217, -0.00958423968405, 0.00804574321955, -0.00581832742319], [0.00403460301459, -0.0118258884177, 0.0151674747467, -0.0217639617622, 0.0107449768111, -0.037270180881, 0.0721215233207, -0.0478440187871, 0.0160954333842, -0.0129122436047, 0.0142967980355, -0.0120961200446, 0.00964494422078], [-0.00431359978393, 0.0165459979326, -0.0217647682875, 0.0263846479356, -0.00487770326436, 0.0066510331817, -0.0478440187871, 0.089256003499, -0.0563956536353, 0.0225670039654, -0.0187695790082, 0.0111939888448, -0.00869215466082], [0.00576572259888, -0.0202408283949, 0.0259179025888, -0.0197023451328, -0.00522628892213, 0.0096247587353, 0.0160954333842, -0.0563956536353, 0.0783042609692, -0.047530837357, 0.0185532979667, -0.00452154595405, 0.00242524663918], [-0.00551256351173, 0.0232556425035, -0.0255336388946, 0.0199231151491, 0.0026555901859, -0.00592826586217, -0.0129122436047, 0.0225670039654, -0.047530837357, 0.0817168653011, -0.0509940385818, 0.0135851996019, -0.00347216567025], [0.0047251326032, -0.0207334198058, 0.0247511193156, -0.0245122164488, 0.0088756121695, -0.00958423968405, 0.0142967980355, -0.0187695790082, 0.0185532979667, -0.0509940385818, 0.0850868076086, -0.0506302118301, 0.0130504705012], [-0.00315068988129, 0.0176605749875, -0.0197782125324, 0.0238187462091, -0.00930199585855, 0.00804574321955, -0.0120961200446, 0.0111939888448, -0.00452154595405, 0.0135851996019, -0.0506302118301, 0.0837587490678, -0.0408322922885], [0.000812046811916, -0.00701813586056, 0.0111008659005, -0.0137481139973, 0.00474007241428, -0.00581832742319, 0.00964494422078, -0.00869215466082, 0.00242524663918, -0.00347216567025, 0.0130504705012, -0.0408322922885, 0.0545333512127]]
    },
    "melbands": {
        "dmean": [0.000327845104039, 0.000517740729265, 0.000277595536318, 0.000179571608896, 3.92447436752e-05, 1.30952248583e-05, 7.72542171035e-06, 1.4946632291e-05, 1.5751711544e-05, 1.16362216431e-05, 2.38323082158e-05, 2.19778594328e-05, 2.61890218098e-05, 3.25187720591e-05, 9.23142488318e-06, 9.92711284198e-06, 2.71581357083e-05, 5.73615907342e-05, 4.69843471365e-05, 7.2440605436e-05, 8.08659096947e-05, 9.44027051446e-05, 3.6013443605e-05, 2.38319462369e-05, 3.29497888742e-05, 2.02123974304e-05, 2.03643212444e-05, 1.47732780533e-05, 4.16763214162e-06, 7.32285161575e-06, 2.50846369454e-06, 1.07690641471e-06, 4.05054294106e-07, 3.24704636512e-08, 1.59209303519e-08, 3.69791237631e-08, 3.13935935026e-08, 1.82140382776e-08, 1.27762573854e-08, 4.14526013515e-09],
        "dmean2": [0.000506814161781, 0.000802589871455, 0.000434867397416, 0.000285875168629, 6.47094348096e-05, 2.25255807891e-05, 1.31672959469e-05, 2.5279190595e-05, 2.83698263956e-05, 2.02829232876e-05, 4.25781363447e-05, 3.80341843993e-05, 4.52421372756e-05, 5.58854044357e-05, 1.58099282999e-05, 1.6976160623e-05, 4.68763901154e-05, 9.94175279629e-05, 8.07820470072e-05, 0.000125532198581, 0.000137271214044, 0.000160202704137, 6.09864327998e-05, 4.10485117754e-05, 5.67545466765e-05, 3.37731580657e-05, 3.38774189004e-05, 2.42453243118e-05, 6.8751969593e-06, 1.24201369545e-05, 4.19742309532e-06, 1.8226571683e-06, 6.87308727265e-07, 5.51080745481e-08, 2.62768775627e-08, 6.24305798169e-08, 5.12066513636e-08, 2.9609719121e-08, 2.16320614754e-08, 6.95508273196e-09],
        "dvar": [2.15197559328e-07, 4.64315519366e-07, 1.82695089279e-07, 9.10175828039e-08, 2.23783103159e-09, 1.14071307955e-09, 9.45195796631e-11, 5.05831265762e-10, 4.37951730436e-10, 6.35213326383e-10, 6.90423329619e-10, 6.92439328098e-10, 8.04280586575e-10, 1.67744151902e-09, 1.36969907638e-10, 1.93839680418e-10, 1.08845565894e-09, 2.88689894212e-09, 1.86493331888e-09, 5.25850962774e-09, 5.04000352564e-09, 7.58501528253e-09, 1.04548669722e-09, 5.51150347583e-10, 9.86085324506e-10, 3.16096260278e-10, 3.26175281229e-10, 1.79879028339e-10, 1.58193440986e-11, 5.23217372206e-11, 6.2658285678e-12, 9.39765084328e-13, 1.67949286206e-13, 9.66202012604e-16, 2.66239131283e-16, 1.3894463769e-15, 7.96469791924e-16, 2.48930807099e-16, 1.96612334805e-16, 1.9797590234e-17],
        "dvar2": [4.34458769405e-07, 9.24886080611e-07, 4.15107336948e-07, 2.16202096226e-07, 5.52554979549e-09, 2.83946355317e-09, 2.48540799053e-10, 1.49023737794e-09, 1.36731403977e-09, 1.83871595727e-09, 2.22152918283e-09, 1.94368343642e-09, 2.22733897992e-09, 4.73158268122e-09, 3.77520098516e-10, 5.96922289375e-10, 3.1569076242e-09, 8.12021916374e-09, 5.47774403614e-09, 1.57018860136e-08, 1.43603662295e-08, 2.20745643986e-08, 2.97716584718e-09, 1.70775782404e-09, 2.80694800736e-09, 9.06158537095e-10, 8.7480922506e-10, 5.02342833997e-10, 4.13749694228e-11, 1.42755210431e-10, 1.76217443415e-11, 2.72994582669e-12, 4.80444134997e-13, 2.55141866768e-15, 6.60141850767e-16, 3.69196420126e-15, 2.15348513015e-15, 6.63900294772e-16, 5.3267959171e-16, 4.34566812517e-17],
        "max": [0.00628401339054, 0.00698647880927, 0.00455051567405, 0.00320111308247, 0.00061352760531, 0.00081714958651, 0.000168219630723, 0.000425035570515, 0.000309964525513, 0.000470051134471, 0.000203721501748, 0.000355225696694, 0.000391045847209, 0.00065368716605, 0.000205233547604, 0.000303824752336, 0.000707213301212, 0.000414829351939, 0.000370902533177, 0.000703461002558, 0.000667790882289, 0.000767714635003, 0.000311483308906, 0.000259766675299, 0.000303201813949, 0.000197324770852, 0.000196140594198, 0.000143180630403, 4.18128292949e-05, 6.89941589371e-05, 3.07035261358e-05, 8.66714526637e-06, 4.83671328766e-06, 4.02368584673e-07, 2.85886216034e-07, 4.04022387102e-07, 3.35319782607e-07, 1.79905171649e-07, 1.43169799571e-07, 9.33081309995e-08],
        "mean": [0.000530102523044, 0.000861491367687, 0.000395024631871, 0.000245001865551, 5.82585998927e-05, 1.87757832464e-05, 1.23550062199e-05, 2.32204492931e-05, 2.23805145652e-05, 1.74286906258e-05, 3.35817385348e-05, 3.78788099624e-05, 4.09537242376e-05, 5.03071387357e-05, 1.45783815242e-05, 1.6168156435e-05, 4.7412719141e-05, 0.000110543238407, 9.09440714167e-05, 0.000133923706017, 0.000177062262082, 0.000193215804757, 8.44440437504e-05, 5.22948248545e-05, 7.47681842768e-05, 4.92657563882e-05, 6.01024112257e-05, 4.3792406359e-05, 1.16818846436e-05, 1.87593959708e-05, 6.91408513376e-06, 2.91877063319e-06, 1.01424200238e-06, 8.41886347303e-08, 4.56020714523e-08, 9.90123467659e-08, 9.92828219637e-08, 5.689353344e-08, 3.36139187596e-08, 1.23719674505e-08],
        "median": [0.000247931253398, 0.00040674637421, 0.000166765326867, 9.30242167669e-05, 4.06689832744e-05, 1.07662654045e-05, 8.33783633425e-06, 1.42782264447e-05, 1.63907570823e-05, 1.15802777145e-05, 2.45907940553e-05, 2.94957753795e-05, 3.1186707929e-05, 3.62535465683e-05, 1.02602643892e-05, 1.30773150886e-05, 4.02722507715e-05, 9.62407284533e-05, 7.84704752732e-05, 0.000111878340249, 0.00016152059834, 0.000170543688, 7.8316697909e-05, 4.75137130707e-05, 6.75260889693e-05, 4.48361206509e-05, 5.52837154828e-05, 3.96332179662e-05, 1.04811570054e-05, 1.63435779541e-05, 6.27005010756e-06, 2.71345606961e-06, 9.11530833037e-07, 7.6408895211e-08, 4.08183602474e-08, 8.77852670556e-08, 9.25670633478e-08, 5.22968797156e-08, 2.72035922677e-08, 1.13866915896e-08],
        "min": [2.57062310993e-06, 2.48417745752e-06, 3.36322409566e-06, 2.59358989751e-06, 8.07583774076e-07, 1.11557646676e-07, 2.88387695946e-07, 3.30671667825e-07, 8.33106867049e-07, 5.36673894658e-07, 2.43720847948e-07, 5.59825195978e-07, 1.37506924602e-06, 7.19133709026e-07, 6.7088257083e-07, 5.79336585815e-07, 5.0092546644e-07, 1.49094955759e-06, 1.96739892999e-06, 1.22997255403e-06, 9.08740048544e-07, 1.06785273601e-06, 3.66217790315e-07, 1.23546453779e-06, 1.29425313844e-06, 2.6752161375e-07, 6.83014718561e-07, 3.50146251549e-07, 1.0560853525e-07, 1.20021866223e-07, 8.67587246489e-08, 3.01697760108e-08, 1.75681478254e-08, 1.37540223655e-09, 1.46112699717e-09, 8.87696138818e-10, 9.70202251871e-10, 9.46150158221e-10, 6.84974355014e-10, 2.10571782233e-10],
        "var": [5.52573339974e-07, 1.2555703961e-06, 3.06545530293e-07, 1.46572631365e-07, 3.36279981639e-09, 1.46129974787e-09, 1.8414136882e-10, 8.40126357371e-10, 5.50890499884e-10, 7.02099489658e-10, 8.60213178466e-10, 1.04309072491e-09, 1.23144749953e-09, 2.34282260259e-09, 2.01303876346e-10, 2.07562411703e-10, 1.40745048949e-09, 4.79364326011e-09, 2.89658630415e-09, 7.89226195508e-09, 9.0209111292e-09, 1.32827278065e-08, 1.95345495335e-09, 8.27905521916e-10, 1.58763291402e-09, 6.3389388183e-10, 8.95382101795e-10, 5.11444053775e-10, 4.05864161723e-11, 1.12662469631e-10, 1.28797875143e-11, 1.89522659719e-12, 2.89016071275e-13, 1.9214377014e-15, 5.61621066391e-16, 2.87186563118e-15, 2.12078118806e-15, 6.9596234471e-16, 4.61096943217e-16, 4.06455112487e-17]
    },
    "mfcc": {
        "mean": [-631.75378418, 102.467720032, -80.2212982178, 69.4585800171, 9.9257106781, 12.2529497147, 12.867939949, 4.09948539734, 19.398431778, 1.55435168743, -10.4980964661, -0.778384923935, -7.70975065231],
        "cov": [[328.054656982, -60.3435707092, -82.1193161011, -88.4562759399, -79.4817657471, -55.0315170288, -42.1199645996, -41.8435096741, -33.4538612366, -23.2139110565, -16.2499046326, -7.8143029213, -8.4986743927], [-60.3435707092, 202.281906128, 132.882476807, 79.7908706665, 64.215927124, 31.7721061707, 22.0809059143, 23.4979686737, 13.7448949814, 5.80312204361, 4.45004463196, -17.586561203, -17.6096954346], [-82.1193161011, 132.882476807, 152.312316895, 100.588340759, 72.4841537476, 50.7295455933, 40.1671295166, 24.3953857422, 15.4249839783, 6.39717769623, 0.871996700764, -7.11662530899, -11.9504823685], [-88.4562759399, 79.7908706665, 100.588340759, 119.705871582, 75.3977279663, 45.3188781738, 28.7570381165, 23.2647666931, 17.157169342, 9.50080394745, 0.583033084869, -9.35791492462, -10.0403556824], [-79.4817657471, 64.215927124, 72.4841537476, 75.3977279663, 87.3783111572, 53.7740478516, 34.5426330566, 24.7658119202, 18.1942691803, 8.90800857544, 3.513422966, -1.60515260696, -3.52972316742], [-55.0315170288, 31.7721061707, 50.7295455933, 45.3188781738, 53.7740478516, 71.6078948975, 51.255065918, 23.7432937622, 14.4268083572, 8.45033836365, 5.28754472733, 8.02028083801, 1.15653765202], [-42.1199645996, 22.0809059143, 40.1671295166, 28.7570381165, 34.5426330566, 51.255065918, 68.0290222168, 31.7434616089, 16.358089447, 10.2750167847, 7.1853094101, 14.2772197723, 5.5007982254], [-41.8435096741, 23.4979686737, 24.3953857422, 23.2647666931, 24.7658119202, 23.7432937622, 31.7434616089, 44.6896934509, 26.0542182922, 13.8450775146, 9.28115272522, 7.38616371155, 6.57776975632], [-33.4538612366, 13.7448949814, 15.4249839783, 17.157169342, 18.1942691803, 14.4268083572, 16.358089447, 26.0542182922, 44.6281547546, 26.4851512909, 12.247086525, 7.72313499451, 5.01309251785], [-23.2139110565, 5.80312204361, 6.39717769623, 9.50080394745, 8.90800857544, 8.45033836365, 10.2750167847, 13.8450775146, 26.4851512909, 43.5024604797, 24.6553325653, 12.7665987015, 7.90934467316], [-16.2499046326, 4.45004463196, 0.871996700764, 0.583033084869, 3.513422966, 5.28754472733, 7.1853094101, 9.28115272522, 12.247086525, 24.6553325653, 38.96434021, 21.7838859558, 12.713300705], [-7.8143029213, -17.586561203, -7.11662530899, -9.35791492462, -1.60515260696, 8.02028083801, 14.2772197723, 7.38616371155, 7.72313499451, 12.7665987015, 21.7838859558, 48.0656585693, 29.1524620056], [-8.4986743927, -17.6096954346, -11.9504823685, -10.0403556824, -3.52972316742, 1.15653765202, 5.5007982254, 6.57776975632, 5.01309251785, 7.90934467316, 12.713300705, 29.1524620056, 41.8337211609]],
