{
"lowlevel": {
    "average_loudness": 0.980702221394,
    "barkbands_crest": {
        "dmean": 3.09807801247,
        "dmean2": 5.40397024155,
        "dvar": 6.393034935,
        "dvar2": 16.7854423523,
        "max": 22.6698265076,
        "mean": 10.5544710159,
        "median": 9.68394088745,
        "min": 3.09073138237,
        "var": 16.4827308655
    },
    "barkbands_flatness_db": {
        "dmean": 0.0234440900385,
        "dmean2": 0.0397535972297,
        "dvar": 0.000381837511668,
        "dvar2": 0.000848449359182,
        "max": 0.29878666997,
        "mean": 0.190427988768,
        "median": 0.189322814345,
        "min": 0.0771938785911,
        "var": 0.00185596966185
    },
    "barkbands_kurtosis": {
        "dmean": 3.04733133316,
        "dmean2": 5.32664489746,
        "dvar": 16.5512199402,
        "dvar2": 45.4687919617,
        "max": 31.7332229614,
        "mean": 2.5724105835,
        "median": 0.268461942673,
        "min": -1.81450212002,
        "var": 31.9625167847
    },
    "barkbands_skewness": {
        "dmean": 0.706807851791,
        "dmean2": 1.19788098335,
        "dvar": 0.334566920996,
        "dvar2": 0.852027773857,
        "max": 5.20607280731,
        "mean": 1.3486789465,
        "median": 1.26217293739,
        "min": -2.10322332382,
        "var": 1.77148747444
    },
    "barkbands_spread": {
        "dmean": 7.73971891403,
        "dmean2": 13.4033603668,
        "dvar": 34.6245384216,
        "dvar2": 93.7068939209,
        "max": 52.9342498779,
        "mean": 26.6375865936,
        "median": 27.3515338898,
        "min": 3.46088933945,
        "var": 150.116867065
    },
    "dissonance": {
        "dmean": 0.00677170278504,
        "dmean2": 0.0121269645169,
        "dvar": 3.73982220481e-05,
        "dvar2": 0.000105265688035,
        "max": 0.499999344349,
        "mean": 0.487480580807,
        "median": 0.489358723164,
        "min": 0.450557440519,
        "var": 6.30396025372e-05
    },
    "dynamic_complexity": 1.63115644455,
    "erbbands_crest": {
        "dmean": 3.12483310699,
        "dmean2": 5.45532178879,
        "dvar": 8.28989505768,
        "dvar2": 24.5890655518,
        "max": 26.2267074585,
        "mean": 9.20558452606,
        "median": 8.31581115723,
        "min": 4.07499933243,
        "var": 12.1154537201
    },
    "erbbands_flatness_db": {
        "dmean": 0.0143962409347,
        "dmean2": 0.0243335422128,
        "dvar": 0.000166176483617,
        "dvar2": 0.000402379257139,
        "max": 0.31828224659,
        "mean": 0.227418854833,
        "median": 0.227696508169,
        "min": 0.158701583743,
        "var": 0.000626073451713
    },
    "erbbands_kurtosis": {
        "dmean": 1.75833165646,
        "dmean2": 3.0088865757,
        "dvar": 3.14863944054,
        "dvar2": 9.33301258087,
        "max": 9.40741920471,
        "mean": 1.22189927101,
        "median": 0.648785591125,
        "min": -1.82310986519,
        "var": 6.66591405869
    },
    "erbbands_skewness": {
        "dmean": 0.556432783604,
        "dmean2": 0.949324309826,
        "dvar": 0.18431660533,
        "dvar2": 0.55022329092,
        "max": 1.19003248215,
        "mean": -1.06617116928,
        "median": -1.18109178543,
        "min": -2.96168661118,
        "var": 0.588450670242
    },
    "erbbands_spread": {
        "dmean": 10.8235826492,
        "dmean2": 18.9337272644,
        "dvar": 82.7093353271,
        "dvar2": 231.102859497,
        "max": 75.734588623,
        "mean": 38.7788352966,
        "median": 38.1395988464,
        "min": 5.31636667252,
        "var": 301.572357178
    },
    "hfc": {
        "dmean": 5.77168321609,
        "dmean2": 9.05111026764,
        "dvar": 50.4726028442,
        "dvar2": 99.8069458008,
        "max": 105.072944641,
        "mean": 19.8850040436,
        "median": 14.7962942123,
        "min": 1.89940786362,
        "var": 328.455932617
    },
    "melbands_crest": {
        "dmean": 3.54166841507,
        "dmean2": 5.99590539932,
        "dvar": 8.8370218277,
        "dvar2": 25.2321949005,
        "max": 25.879573822,
        "mean": 15.0981559753,
        "median": 15.1334323883,
        "min": 3.00339388847,
        "var": 19.3938560486
    },
    "melbands_flatness_db": {
        "dmean": 0.0303343068808,
        "dmean2": 0.0508146435022,
        "dvar": 0.000664316001348,
        "dvar2": 0.00140341348015,
        "max": 0.400105804205,
        "mean": 0.253293931484,
        "median": 0.253980845213,
        "min": 0.0700375512242,
        "var": 0.00445721903816
    },
    "melbands_kurtosis": {
        "dmean": 9.41824054718,
        "dmean2": 16.4741649628,
        "dvar": 132.598434448,
        "dvar2": 360.654876709,
        "max": 96.5365524292,
        "mean": 14.2963380814,
        "median": 8.6533241272,
        "min": -1.51397609711,
        "var": 289.29876709
    },
    "melbands_skewness": {
        "dmean": 1.02042281628,
        "dmean2": 1.73744797707,
        "dvar": 0.679968893528,
        "dvar2": 1.71113073826,
        "max": 8.5880947113,
        "mean": 3.15585446358,
        "median": 3.06597566605,
        "min": -1.44838202,
        "var": 3.40717506409
    },
    "melbands_spread": {
        "dmean": 11.622756958,
        "dmean2": 19.5595798492,
        "dvar": 125.183784485,
        "dvar2": 342.469299316,
        "max": 80.0300369263,
        "mean": 29.0337734222,
        "median": 25.2467575073,
        "min": 2.5235414505,
        "var": 382.142700195
    },
    "pitch_salience": {
        "dmean": 0.0744828060269,
        "dmean2": 0.126579403877,
        "dvar": 0.00460947304964,
        "dvar2": 0.0131646320224,
        "max": 0.768332064152,
        "mean": 0.541792988777,
        "median": 0.558788299561,
        "min": 0.225987717509,
        "var": 0.0110722277313
    },
    "silence_rate_20dB": {
        "dmean": 0,
        "dmean2": 0,
        "dvar": 0,
        "dvar2": 0,
        "max": 1,
        "mean": 1,
        "median": 1,
        "min": 1,
        "var": 0
    },
    "silence_rate_30dB": {
        "dmean": 0,
        "dmean2": 0,
        "dvar": 0,
        "dvar2": 0,
        "max": 1,
        "mean": 1,
        "median": 1,
        "min": 1,
        "var": 0
    },
    "silence_rate_60dB": {
        "dmean": 0,
        "dmean2": 0,
        "dvar": 0,
        "dvar2": 0,
        "max": 0,
        "mean": 0,
        "median": 0,
        "min": 0,
        "var": 0
    },
    "spectral_centroid": {
        "dmean": 345.562347412,
        "dmean2": 586.954589844,
        "dvar": 81229.5,
        "dvar2": 231941.453125,
        "max": 2997.98950195,
        "mean": 1680.66662598,
        "median": 1746.85302734,
        "min": 338.743591309,
        "var": 426196.6875
    },
    "spectral_complexity": {
        "dmean": 3.99230766296,
        "dmean2": 6.38996124268,
        "dvar": 12.369143486,
        "dvar2": 23.3575706482,
        "max": 57,
        "mean": 23.5402297974,
        "median": 26,
        "min": 2,
        "var": 133.267578125
    },
    "spectral_decrease": {
        "dmean": 1.82658532744e-09,
        "dmean2": 3.09010705912e-09,
        "dvar": 1.84366915971e-18,
        "dvar2": 5.60522439843e-18,
        "max": -1.16809339978e-09,
        "mean": -5.65593216706e-09,
        "median": -5.70566482949e-09,
        "min": -1.14263620787e-08,
        "var": 3.52061510388e-18
    },
    "spectral_energy": {
        "dmean": 0.00709617836401,
        "dmean2": 0.0120128728449,
        "dvar": 2.85824353341e-05,
        "dvar2": 8.36124527268e-05,
        "max": 0.0455020070076,
        "mean": 0.023150395602,
        "median": 0.023194283247,
        "min": 0.00473032984883,
        "var": 6.42836821498e-05
    },
    "spectral_energyband_high": {
        "dmean": 0.00013448719983,
        "dmean2": 0.000221164096729,
        "dvar": 7.49601269945e-08,
        "dvar2": 2.01228459673e-07,
        "max": 0.00360748381354,
        "mean": 0.000325243658153,
        "median": 0.00014508611639,
        "min": 8.16456577013e-06,
        "var": 3.44301810173e-07
    },
    "spectral_energyband_low": {
        "dmean": 0.00381384883076,
        "dmean2": 0.00619925837964,
        "dvar": 1.20135982797e-05,
        "dvar2": 3.28870264639e-05,
        "max": 0.0233094990253,
        "mean": 0.00719292089343,
        "median": 0.00628102850169,
        "min": 9.45060310187e-05,
        "var": 2.10079124372e-05
    },
    "spectral_energyband_middle_high": {
        "dmean": 0.00225459923968,
        "dmean2": 0.00358789111488,
        "dvar": 8.80027891981e-06,
        "dvar2": 1.87433797691e-05,
        "max": 0.0340608730912,
        "mean": 0.00684449309483,
        "median": 0.00462940288708,
        "min": 0.000382802099921,
        "var": 4.94926862302e-05
    },
    "spectral_energyband_middle_low": {
        "dmean": 0.00610809633508,
        "dmean2": 0.0106711061671,
        "dvar": 3.39889520546e-05,
        "dvar2": 0.000106122148281,
        "max": 0.0357773266733,
        "mean": 0.00996347423643,
        "median": 0.0086206747219,
        "min": 0.000751963467337,
        "var": 4.82290597574e-05
    },
    "spectral_entropy": {
        "dmean": 0.123370729387,
        "dmean2": 0.207106545568,
        "dvar": 0.012757265009,
        "dvar2": 0.0328528024256,
        "max": 7.89305925369,
        "mean": 7.35269498825,
        "median": 7.40134620667,
        "min": 6.60927963257,
        "var": 0.0536299645901
    },
    "spectral_flux": {
        "dmean": 0.0185607150197,
        "dmean2": 0.0303940288723,
        "dvar": 0.000244981667493,
        "dvar2": 0.000629707647022,
        "max": 0.177723586559,
        "mean": 0.0910277217627,
        "median": 0.0885211154819,
        "min": 0.0322750657797,
        "var": 0.000771471939515
    },
    "spectral_kurtosis": {
        "dmean": 3.71301531792,
        "dmean2": 6.55830955505,
        "dvar": 10.1753559113,
        "dvar2": 31.429889679,
        "max": 19.7097549438,
        "mean": 5.86054944992,
        "median": 4.97378635406,
        "min": 0.239906787872,
        "var": 13.5256547928
    },
    "spectral_rms": {
        "dmean": 0.000757481320761,
        "dmean2": 0.00126845983323,
        "dvar": 3.37179415055e-07,
        "dvar2": 9.69431994235e-07,
        "max": 0.00666274735704,
        "mean": 0.00467358995229,
        "median": 0.00475694937631,
        "min": 0.00214824476279,
        "var": 7.43315467844e-07
    },
    "spectral_rolloff": {
        "dmean": 506.195861816,
        "dmean2": 889.92791748,
        "dvar": 318538.46875,
        "dvar2": 808145.8125,
        "max": 3789.84375,
        "mean": 1669.44116211,
        "median": 2024.12109375,
        "min": 107.666015625,
        "var": 1162183.5
    },
    "spectral_skewness": {
        "dmean": 0.358107358217,
        "dmean2": 0.635877370834,
        "dvar": 0.101112127304,
        "dvar2": 0.28682872653,
        "max": 2.89086890221,
        "mean": 0.94234418869,
        "median": 0.934904456139,
        "min": 0.139585152268,
        "var": 0.197372213006
    },
    "spectral_spread": {
        "dmean": 225313.453125,
        "dmean2": 394447.34375,
        "dvar": 43455459328,
        "dvar2": 110441185280,
        "max": 3966185.5,
        "mean": 2340486.5,
        "median": 2339912.75,
        "min": 1560888.75,
        "var": 99009880064
    },
    "spectral_strongpeak": {
        "dmean": 0.438706636429,
        "dmean2": 0.747966170311,
        "dvar": 0.53105443716,
        "dvar2": 1.45696222782,
        "max": 6.69380378723,
        "mean": 0.704240143299,
        "median": 0.47407963872,
        "min": 0.0573677532375,
        "var": 0.852115690708
    },
    "zerocrossingrate": {
        "dmean": 0.00757023738697,
        "dmean2": 0.00973923131824,
        "dvar": 4.39946634287e-05,
        "dvar2": 5.90350609855e-05,
        "max": 0.12890625,
        "mean": 0.0518214218318,
        "median": 0.0498046875,
        "min": 0.009765625,
        "var": 0.000535228231456
    },
    "barkbands": {
        "dmean": [1.86648303497e-05, 0.00255650980398, 0.00187983724754, 0.00284443004057, 0.00418221857399, 0.000173510896275, 0.000170589293703, 6.84753758833e-05, 0.000135748385219, 0.000196157750906, 0.000107480045699, 0.000168733298779, 6.66551713948e-05, 0.000576057645958, 0.000454008753877, 0.000814334431197, 0.00082791474415, 0.000501980015542, 0.000559082836844, 0.000164093100466, 7.22584300092e-05, 1.37570941661e-05, 2.12676309275e-06, 2.38893017013e-06, 1.01974399058e-06, 4.84774545839e-07, 4.53663631106e-08],
        "dmean2": [3.16238474625e-05, 0.0041529815644, 0.00335344229825, 0.00484581198543, 0.0073924548924, 0.000289616698865, 0.000297358783428, 0.000112708134111, 0.000214248895645, 0.000334364158334, 0.000176971778274, 0.000291258125799, 0.000111537068733, 0.000984185491689, 0.000767556717619, 0.0014284098288, 0.00143134081736, 0.000884459528606, 0.000944385887124, 0.000273625133559, 0.000118765026855, 1.97228164325e-05, 3.25128962686e-06, 3.72012527805e-06, 1.7218942503e-06, 5.9761873672e-07, 7.21709341178e-08],
        "dvar": [7.48180351007e-10, 7.08359584678e-06, 4.17167348132e-06, 9.71486588242e-06, 1.63270888152e-05, 3.99284481034e-08, 5.05882731261e-08, 1.38695686047e-08, 8.7249404146e-08, 2.71405014018e-07, 3.01502218747e-08, 1.11781638168e-07, 1.23805081742e-08, 1.39122687415e-06, 8.72578596045e-07, 2.09233553505e-06, 1.39773680985e-06, 6.53110134863e-07, 9.87314479062e-07, 1.16919544269e-07, 1.84855899477e-08, 9.74971436918e-10, 1.12030391908e-10, 5.60987471754e-11, 1.78822633784e-11, 3.09384440809e-12, 7.01924412691e-14],
        "dvar2": [1.81096493357e-09, 1.89101010619e-05, 1.11973258754e-05, 2.79858322756e-05, 5.19079549122e-05, 1.1163677982e-07, 1.48175942627e-07, 3.56466465234e-08, 2.10495826991e-07, 7.80254140409e-07, 7.01844342643e-08, 3.02611255165e-07, 3.02921527862e-08, 3.05306980408e-06, 2.30505474974e-06, 5.9237536334e-06, 3.85646853829e-06, 1.7233746803e-06, 2.86016575046e-06, 3.48292275021e-07, 4.42273879742e-08, 1.92520577258e-09, 3.03289421355e-10, 9.03622038306e-11, 4.37761910055e-11, 4.41338502202e-12, 1.89245158173e-13],
        "max": [0.000216209562495, 0.0197235830128, 0.0113199679181, 0.0241595320404, 0.0250952318311, 0.00202208012342, 0.00176971009932, 0.00133289012592, 0.00410804990679, 0.00544546125457, 0.00166150426958, 0.0040672570467, 0.00107208266854, 0.0124876182526, 0.00912851281464, 0.0129091246054, 0.0109131308272, 0.00844662077725, 0.0124251898378, 0.00400076806545, 0.00167931173928, 0.00054273288697, 0.000166287296452, 0.000128739571664, 6.12320363871e-05, 3.15825236612e-05, 3.74810088033e-06],
        "mean": [2.45989285759e-05, 0.00366430496797, 0.00236353464425, 0.00338006275706, 0.00574067840353, 0.000262519984972, 0.000204753363505, 9.68817985267e-05, 0.000218045563088, 0.000240418157773, 0.000156095251441, 0.000232138903812, 0.000108050953713, 0.000928932975512, 0.00071455584839, 0.00138775689993, 0.00125228101388, 0.0007941343938, 0.000865783251356, 0.000294735829812, 0.000175695735379, 3.2333220588e-05, 3.38889117302e-06, 5.63590720049e-06, 2.02991350307e-06, 1.02240301203e-06, 5.84544181947e-08],
        "median": [1.58061375259e-05, 0.00254845526069, 0.00169397809077, 0.0023178292904, 0.00428279070184, 0.000194094478502, 0.000119369047752, 5.36580155313e-05, 6.74898910802e-05, 9.60029938142e-05, 9.03828477021e-05, 0.000122334691696, 6.04188826401e-05, 0.000386676198104, 0.000369729503291, 0.000747416343074, 0.000807156262454, 0.000444372562924, 0.000505272881128, 0.000118901894893, 7.46577206883e-05, 9.4869546956e-06, 6.05114507835e-07, 1.12778047878e-06, 2.18138850983e-07, 6.341075931e-08, 7.39359684587e-09],
        "min": [7.34587715101e-08, 2.70272939815e-05, 6.15251974523e-06, 5.24758797837e-05, 1.15280345199e-05, 6.64147955831e-06, 1.24475207031e-06, 3.82083089789e-06, 9.26238226384e-06, 5.93563936491e-06, 2.63813899437e-06, 1.75412296812e-05, 5.06903597852e-06, 2.32586062339e-05, 2.62177345576e-05, 2.01120801648e-05, 2.51297478826e-05, 8.41056498757e-06, 1.23959889606e-05, 5.81454060011e-06, 3.7281722598e-06, 6.31867692391e-07, 5.84150257055e-08, 7.17474506473e-08, 1.49609906686e-08, 5.93710813845e-09, 3.06948466644e-09],
        "var": [8.60285787052e-10, 1.21647653941e-05, 4.73728232464e-06, 1.20806926134e-05, 2.643069638e-05, 5.57829764603e-08, 6.0515866096e-08, 2.03487537931e-08, 1.95947620796e-07, 2.35615601696e-07, 5.32193134006e-08, 1.4809351967e-07, 2.33449757303e-08, 2.87195371129e-06, 1.16048533982e-06, 3.59900855074e-06, 1.99415694624e-06, 1.14006900276e-06, 1.48448111759e-06, 2.51833512266e-07, 7.55297833166e-08, 5.01010122278e-09, 2.02099850743e-10, 3.46039252808e-10, 6.755919435e-11, 1.69166711889e-11, 7.84808212883e-14]
    },
    "erbbands": {
        "dmean": [0.0545230023563, 0.657945632935, 1.96871638298, 4.58364534378, 18.9828834534, 8.60027694702, 1.33076810837, 1.69541478157, 1.10695004463, 3.65653681755, 1.33749175072, 3.27376008034, 4.40776062012, 5.73142385483, 5.06465291977, 5.79706478119, 2.76974463463, 17.5908145905, 28.7105560303, 35.2230949402, 36.6377220154, 45.6086349487, 24.0873355865, 36.5879173279, 16.5079116821, 8.14524269104, 2.94445371628, 2.41387033463, 0.60487639904, 0.124388873577, 0.0596121288836, 0.0611175522208, 0.0338190719485, 0.0152690289542, 0.00425591645762, 0.00285746366717, 0.000657882133964, 9.90594489849e-05, 6.58319322611e-06, 8.18754324428e-06],
        "dmean2": [0.0944163352251, 1.05444228649, 3.37023353577, 7.84641551971, 33.1022224426, 15.4022388458, 2.38619971275, 2.87194061279, 1.93219268322, 6.35081529617, 2.24033880234, 5.24611759186, 7.17325878143, 9.72289848328, 8.60748577118, 9.94906997681, 4.48866891861, 29.0218982697, 48.7596511841, 61.548500061, 63.0810432434, 79.4322738647, 42.3558959961, 64.1749649048, 27.6211452484, 13.4960098267, 4.93673229218, 3.96038031578, 0.895557582378, 0.171555563807, 0.0917940661311, 0.0799995884299, 0.0518199168146, 0.0263077244163, 0.00688527990133, 0.00357554620132, 0.000981929013506, 0.000152180888108, 1.03142347143e-05, 1.36292992465e-05],
        "dvar": [0.00435084290802, 0.425788700581, 4.27363538742, 25.2071170807, 362.427398682, 95.767868042, 3.32699918747, 4.32322072983, 1.97089886665, 27.6093387604, 5.8974647522, 58.3634643555, 96.8848953247, 270.328765869, 80.2512435913, 126.532905579, 21.2677440643, 1330.08825684, 3548.40332031, 4433.7109375, 3794.93115234, 4022.49121094, 1232.02294922, 3927.78198242, 664.034362793, 333.003326416, 28.4419059753, 20.8720932007, 1.8089979887, 0.131909996271, 0.0808550938964, 0.0327240712941, 0.0122456252575, 0.00348714319989, 0.000355471827788, 0.00011062923295, 6.45554700895e-06, 2.4400119969e-07, 2.38643882433e-10, 3.65261293434e-11],
        "dvar2": [0.010232752189, 1.18030810356, 11.8205242157, 70.4439086914, 1146.47839355, 302.021789551, 10.5225038528, 11.7324829102, 5.83983516693, 81.1059646606, 16.4110164642, 132.003890991, 243.098617554, 768.974304199, 189.984985352, 338.145965576, 44.5934677124, 3049.08178711, 8844.60253906, 11519.2939453, 10505.4042969, 10962.78125, 3289.93383789, 11752.4472656, 1649.26745605, 995.576293945, 74.3679962158, 48.2684783936, 3.94975757599, 0.247377544641, 0.217079684138, 0.0545741654932, 0.0242384765297, 0.00787245295942, 0.000800347945187, 0.00018576970615, 9.61007572187e-06, 5.84663496284e-07, 5.85256954011e-10, 1.04704724058e-10],
        "max": [0.537394344807, 4.52542066574, 13.0374259949, 47.075881958, 104.310752869, 60.9151115417, 17.8510246277, 21.3200855255, 11.5625591278, 50.9727172852, 26.8355083466, 102.94002533, 93.1046218872, 184.747238159, 97.1166534424, 140.034332275, 49.1840133667, 480.134735107, 532.968200684, 562.044006348, 535.298217773, 497.024902344, 361.485839844, 636.871337891, 308.494384766, 211.081970215, 67.9878768921, 52.3343696594, 20.2914829254, 6.48330211639, 4.57273435593, 3.17318868637, 1.82746458054, 0.933290719986, 0.27996057272, 0.187031209469, 0.039991773665, 0.00805851165205, 0.000270101096248, 6.77634889144e-05],
        "mean": [0.0794320702553, 0.928919374943, 2.77952051163, 6.76863002777, 25.0372524261, 11.8303394318, 2.25291204453, 2.49677348137, 1.66208434105, 4.5051407814, 2.22514605522, 4.87239837646, 5.86500120163, 7.61173534393, 8.39838886261, 8.38065052032, 5.50308227539, 31.3442211151, 47.6556777954, 58.9396972656, 69.2889862061, 71.8127059937, 42.3448219299, 54.8884735107, 30.6222476959, 14.7974205017, 7.03457641602, 5.70473146439, 1.48960781097, 0.280917316675, 0.10195158422, 0.132043153048, 0.0771404206753, 0.033967256546, 0.00774058885872, 0.00566005706787, 0.00155021867249, 0.000154955720063, 1.88776593859e-05, 2.83283116005e-05],
        "median": [0.050096321851, 0.655641853809, 2.18884658813, 5.34435749054, 18.5758419037, 8.71746349335, 1.64869403839, 1.88873422146, 1.2275249958, 2.56001925468, 1.10063302517, 1.47799670696, 2.30398249626, 3.03356075287, 5.29824495316, 4.6035451889, 3.06450223923, 13.6182527542, 20.9399852753, 32.2058753967, 41.5335655212, 48.735786438, 26.9231281281, 34.341293335, 17.3378143311, 6.26292896271, 3.03550481796, 2.59926509857, 0.525358438492, 0.0749715641141, 0.0217508729547, 0.0269658230245, 0.0132336616516, 0.00442238198593, 0.000541767687537, 0.000417771778302, 9.40157842706e-05, 7.52843197915e-06, 1.40350421134e-05, 2.78784918919e-05],
        "min": [0.000613344309386, 0.00979286711663, 0.0120008420199, 0.108510755002, 0.243366971612, 0.0824753493071, 0.0567436739802, 0.0936106666923, 0.0631957650185, 0.0890204533935, 0.180023923516, 0.21908518672, 0.0920081585646, 0.194389030337, 0.586102664471, 0.7552344203, 0.343945354223, 1.19541585445, 2.29196572304, 1.27395701408, 1.08934926987, 2.07578825951, 0.724149286747, 1.38193273544, 0.717767059803, 0.304867982864, 0.128898948431, 0.115128621459, 0.030119208619, 0.00601617572829, 0.00243374332786, 0.00181569426786, 0.000783360388596, 0.000323927873978, 7.56356530474e-05, 4.92651670356e-05, 1.0642844245e-05, 1.78566460818e-06, 4.23341725764e-06, 6.31142847851e-06],
        "var": [0.00658873934299, 0.752861082554, 5.33926153183, 34.5052833557, 508.720367432, 126.263496399, 5.61762571335, 5.57567167282, 2.38529467583, 35.3278388977, 10.467218399, 118.32334137, 122.179527283, 264.896331787, 139.676467896, 181.899673462, 58.4760551453, 3260.99194336, 6116.45507812, 7826.20117188, 7402.27392578, 6047.66992188, 2684.96582031, 5086.38330078, 1779.19628906, 683.397827148, 126.591117859, 85.6054611206, 9.44441986084, 0.648316919804, 0.156107351184, 0.18975225091, 0.0689466521144, 0.0164413787425, 0.00116114434786, 0.000523908471223, 3.80793462682e-05, 5.21510003182e-07, 6.35252128678e-10, 1.23478421932e-10]
    },
    "gfcc": {
        "mean": [-48.455619812, 146.0887146, -162.582382202, 70.4036102295, -8.92151832581, -9.43868637085, -24.1451320648, -4.71638202667, -19.2772827148, -13.6688575745, -15.9308233261, -15.3452386856, 0.707418203354],
        "cov": [[1859.51184082, -957.029418945, -438.745452881, -76.9423446655, -424.872375488, 49.1913604736, -103.214500427, 231.284301758, -81.7751235962, 135.948959351, -146.117614746, 56.3786201477, -3.70573735237], [-957.029418945, 797.514404297, 229.048095703, 95.1612930298, 280.223052979, -134.777160645, 104.830871582, -180.611312866, 26.1567974091, -161.9506073, 68.5235671997, -83.3741226196, 11.6593923569], [-438.745452881, 229.048095703, 300.74609375, 23.2857913971, 66.7482910156, 15.1724128723, -6.59834718704, -30.1214389801, -6.34185266495, -42.5557098389, 27.9425983429, 27.1037998199, 7.51668977737], [-76.9423446655, 95.1612930298, 23.2857913971, 183.120574951, 48.7450942993, -40.6657218933, 39.8140220642, -39.1044311523, 0.448107689619, -44.2381591797, 22.3506011963, -24.090675354, 14.6294794083], [-424.872375488, 280.223052979, 66.7482910156, 48.7450942993, 190.66998291, -10.8073616028, 41.3882827759, -65.6060256958, 27.3471107483, -50.2051277161, 31.4559078217, -26.1315307617, -0.433605104685], [49.1913604736, -134.777160645, 15.1724128723, -40.6657218933, -10.8073616028, 135.100097656, -0.144371852279, 64.1373443604, 33.8316726685, 60.51927948, 8.45544815063, 39.5881156921, 8.26527690887], [-103.214500427, 104.830871582, -6.59834718704, 39.8140220642, 41.3882827759, -0.144371852279, 84.0257339478, 11.6094551086, 22.6752548218, -7.84757375717, 27.9941596985, -12.0107831955, 11.1352357864], [231.284301758, -180.611312866, -30.1214389801, -39.1044311523, -65.6060256958, 64.1373443604, 11.6094551086, 130.39414978, 32.3457260132, 55.9601249695, 2.37991142273, 38.3835525513, 4.08289051056], [-81.7751235962, 26.1567974091, -6.34185266495, 0.448107689619, 27.3471107483, 33.8316726685, 22.6752548218, 32.3457260132, 71.1643218994, 38.1800918579, 28.5645446777, -0.649926543236, 6.00659418106], [135.948959351, -161.9506073, -42.5557098389, -44.2381591797, -50.2051277161, 60.51927948, -7.84757375717, 55.9601249695, 38.1800918579, 104.100067139, 28.0250434875, 21.0897636414, -6.00947475433], [-146.117614746, 68.5235671997, 27.9425983429, 22.3506011963, 31.4559078217, 8.45544815063, 27.9941596985, 2.37991142273, 28.5645446777, 28.0250434875, 70.3114471436, 5.76843309402, -4.90768480301], [56.3786201477, -83.3741226196, 27.1037998199, -24.090675354, -26.1315307617, 39.5881156921, -12.0107831955, 38.3835525513, -0.649926543236, 21.0897636414, 5.76843309402, 54.1964530945, 9.34524250031], [-3.70573735237, 11.6593923569, 7.51668977737, 14.6294794083, -0.433605104685, 8.26527690887, 11.1352357864, 4.08289051056, 6.00659418106, -6.00947475433, -4.90768480301, 9.34524250031, 37.5924987793]],
        "icov": [[0.00289470679127, -9.50229077716e-05, 0.00306251458824, -0.002048302209, 0.00261885393411, -5.04231538798e-05, 0.00174965045881, -0.0038524332922, 0.00369536550716, -0.0021328732837, 0.00322096701711, -0.000668947526719, 9.64052960626e-05], [-9.50229077716e-05, 0.0161904878914, -0.0089971255511, 0.00799227692187, -0.00763347512111, 0.00888706650585, -0.012487122789, 0.0102258231491, -0.0123650543392, 0.0148792350665, -0.00994737166911, 0.00884837564081, -0.00493997475132], [0.00306251458824, -0.0089971255511, 0.0128921475261, -0.0065447287634, 0.00612764852121, -0.00643758988008, 0.0105358548462, -0.00909136142582, 0.0106289712712, -0.00668377475813, 0.00542261451483, -0.00821491517127, 0.00239749439061], [-0.002048302209, 0.00799227692187, -0.0065447287634, 0.0130195431411, -0.00520878657699, 0.00486542517319, -0.00898548401892, 0.00828160904348, -0.00867442507297, 0.0118164559826, -0.0106943706051, 0.0069764200598, -0.00566194253042], [0.00261885393411, -0.00763347512111, 0.00612764852121, -0.00520878657699, 0.0179491024464, -0.00768141681328, 0.00385672482662, -0.00160071917344, 0.000885212677531, -0.000935762713198, 0.00431577255949, -0.00467642070726, 0.0057897916995], [-5.04231538798e-05, 0.00888706650585, -0.00643758988008, 0.00486542517319, -0.00768141681328, 0.0197849515826, -0.00793814100325, 0.00238979351707, -0.00820098537952, -0.000608901842497, -0.000196707958821, -0.00163103651721, -0.00412154197693], [0.00174965045881, -0.012487122789, 0.0105358548462, -0.00898548401892, 0.00385672482662, -0.00793814100325, 0.032071724534, -0.0175819285214, 0.0123864356428, -0.00758260628209, -0.000812465674244, 0.000775082036853, -0.00385508127511], [-0.0038524332922, 0.0102258231491, -0.00909136142582, 0.00828160904348, -0.00160071917344, 0.00238979351707, -0.0175819285214, 0.030520061031, -0.0219049397856, 0.0114725390449, -0.00574969546869, -0.00454068975523, 0.00210507330485], [0.00369536550716, -0.0123650543392, 0.0106289712712, -0.00867442507297, 0.000885212677531, -0.00820098537952, 0.0123864356428, -0.0219049397856, 0.0446176640689, -0.024248348549, 0.00561636174098, 0.00287619698793, -0.00501397717744], [-0.0021328732837, 0.0148792350665, -0.00668377475813, 0.0118164559826, -0.000935762713198, -0.000608901842497, -0.00758260628209, 0.0114725390449, -0.024248348549, 0.0448918119073, -0.0258120559156, 0.00914755277336, -0.00155703455675], [0.00322096701711, -0.00994737166911, 0.00542261451483, -0.0106943706051, 0.00431577255949, -0.000196707958821, -0.000812465674244, -0.00574969546869, 0.00561636174098, -0.0258120559156, 0.0406256318092, -0.0162417124957, 0.011755997315], [-0.000668947526719, 0.00884837564081, -0.00821491517127, 0.0069764200598, -0.00467642070726, -0.00163103651721, 0.000775082036853, -0.00454068975523, 0.00287619698793, 0.00914755277336, -0.0162417124957, 0.0431085750461, -0.0151484962553], [9.64052960626e-05, -0.00493997475132, 0.00239749439061, -0.00566194253042, 0.0057897916995, -0.00412154197693, -0.00385508127511, 0.00210507330485, -0.00501397717744, -0.00155703455675, 0.011755997315, -0.0151484962553, 0.0376057513058]]
    },
    "melbands": {
        "dmean": [0.000619881378952, 0.000908201909624, 0.00119075796101, 0.00107906118501, 7.13733170414e-05, 3.53295181412e-05, 2.26766114793e-05, 3.46385895682e-05, 1.41734190038e-05, 1.94980020751e-05, 2.26684969675e-05, 2.505311204e-05, 1.67237849382e-05, 2.18382247112e-05, 6.7048663368e-06, 1.24924845295e-05, 3.86879655707e-05, 5.45442053408e-05, 3.6690471461e-05, 5.5196131143e-05, 4.4570024329e-05, 4.90862221341e-05, 3.32722302119e-05, 2.53770558629e-05, 3.27872548951e-05, 1.69546710822e-05, 8.45780778036e-06, 5.01396243635e-06, 1.49240872815e-06, 2.78319066638e-06, 1.02173771666e-06, 3.96848150785e-07, 1.71696868279e-07, 4.35230980145e-08, 3.08480423428e-08, 4.01778841308e-08, 4.03330879806e-08, 2.85430097335e-08, 1.87060908985e-08, 1.23055521328e-08],
        "dmean2": [0.00104676291812, 0.00147145055234, 0.00203115749173, 0.00191055645701, 0.000127945066197, 5.95418132434e-05, 3.95152492274e-05, 6.00969469815e-05, 2.40148347075e-05, 3.18190759572e-05, 3.67372485925e-05, 4.3258540245e-05, 2.79133055301e-05, 3.75264826289e-05, 1.12508651e-05, 2.11430869967e-05, 6.33784220554e-05, 9.22670296859e-05, 5.92990036239e-05, 9.82867204584e-05, 7.65283984947e-05, 8.43345842441e-05, 5.7765366364e-05, 4.46507510787e-05, 5.78128274356e-05, 2.73916011793e-05, 1.42877806866e-05, 8.36486196931e-06, 2.50003154179e-06, 4.48728042102e-06, 1.65673054653e-06, 5.98920792072e-07, 2.37310587181e-07, 5.90819411173e-08, 4.92495395576e-08, 6.12153954194e-08, 5.61944943911e-08, 4.57628637207e-08, 3.25076960905e-08, 2.07803640961e-08],
        "dvar": [4.82706013827e-07, 7.01509407008e-07, 1.57993963512e-06, 1.09433608486e-06, 1.35577904459e-08, 1.83584503155e-09, 8.2828710557e-10, 2.56338328342e-09, 1.07007280814e-09, 1.8637023036e-09, 2.46484788136e-09, 5.61394886134e-09, 8.45752856637e-10, 1.73645364754e-09, 2.63922106392e-10, 5.01738262049e-10, 6.18900619642e-09, 1.3076560279e-08, 5.17802911659e-09, 1.16239897707e-08, 5.11547071369e-09, 4.55503323948e-09, 2.22867790889e-09, 2.11740003309e-09, 3.2307492237e-09, 7.98536126112e-10, 2.40241826432e-10, 1.42204872877e-10, 8.80980184637e-12, 2.98010609245e-11, 4.61202603885e-12, 8.19889945866e-13, 1.47389479094e-13, 3.44310083916e-14, 2.7232668296e-14, 1.75945006177e-14, 1.51545087107e-14, 9.10751763041e-15, 4.85778943316e-15, 2.64302273982e-15],
        "dvar2": [1.22961807847e-06, 1.99327291739e-06, 4.68724965685e-06, 3.4036231682e-06, 4.28484767667e-08, 5.01768271377e-09, 2.43411890644e-09, 7.41654915259e-09, 2.95568347575e-09, 4.20789225686e-09, 6.26511287294e-09, 1.60604081145e-08, 1.92354354667e-09, 4.68195393566e-09, 7.82711340186e-10, 1.09957520866e-09, 1.42164866546e-08, 3.0910427995e-08, 1.28120456466e-08, 3.27258717903e-08, 1.41785241325e-08, 1.23259225049e-08, 6.74895961339e-09, 5.51195400433e-09, 9.79943415302e-09, 2.13458584142e-09, 6.83430034787e-10, 4.33953317724e-10, 2.36921524066e-11, 7.20258783171e-11, 1.05292163877e-11, 1.894157357e-12, 2.73512549415e-13, 7.95728568215e-14, 7.29713124236e-14, 4.44411522827e-14, 2.30486541853e-14, 2.02586716527e-14, 1.13393943893e-14, 6.13128610518e-15],
        "max": [0.00553573714569, 0.00567576196045, 0.00871955417097, 0.00654358044267, 0.00112750893459, 0.000443525059381, 0.000245766277658, 0.000506793148816, 0.000397828524001, 0.000558639934752, 0.000461901159724, 0.000833580386825, 0.000283505447442, 0.000519624911249, 0.000188878286281, 0.000292677606922, 0.000914727279451, 0.00116244365927, 0.000652049202472, 0.000990252243355, 0.000612688018009, 0.000504652736709, 0.000513943319675, 0.000509012665134, 0.000554055441171, 0.00037869089283, 0.000164907047292, 0.000130823827931, 3.84768536605e-05, 6.8179833761e-05, 2.48602336796e-05, 1.31108481582e-05, 6.42843497189e-06, 3.17657327287e-06, 2.62675280283e-06, 1.91427466234e-06, 2.11606652556e-06, 1.52202858317e-06, 9.6928192761e-07, 8.10718972843e-07],
        "mean": [0.000886128575075, 0.00138736783992, 0.00178635516204, 0.00152578309644, 0.00010200287943, 5.17580992891e-05, 3.11414842145e-05, 4.39152972831e-05, 2.07227258215e-05, 3.06355905195e-05, 2.93953980872e-05, 3.12298616336e-05, 2.54317656072e-05, 2.9851542422e-05, 1.03231986941e-05, 1.96907676582e-05, 6.41819133307e-05, 8.48470226629e-05, 5.96003374085e-05, 9.00920567801e-05, 7.96046806499e-05, 7.40179166314e-05, 5.03849078086e-05, 3.83020342269e-05, 4.66135825263e-05, 2.75434103969e-05, 1.51792983161e-05, 8.20902914711e-06, 3.13155578624e-06, 5.98889073444e-06, 2.25690223488e-06, 8.83563075149e-07, 3.56675457169e-07, 7.74324036001e-08, 4.85080562385e-08, 6.84634215986e-08, 8.72130883067e-08, 5.87325139634e-08, 3.98270252333e-08, 2.48350158216e-08],
        "median": [0.000624454580247, 0.00116414763033, 0.00153597816825, 0.00124336709268, 6.3207524363e-05, 3.95570168621e-05, 2.12590421143e-05, 2.49993045145e-05, 8.76783451531e-06, 8.82362110133e-06, 1.13732658065e-05, 1.17900281111e-05, 1.53781966219e-05, 1.6774973119e-05, 5.55548740522e-06, 8.92119624041e-06, 2.78074676316e-05, 3.50522605004e-05, 3.19751779898e-05, 4.88713012601e-05, 4.97586916026e-05, 4.60082846985e-05, 3.07789669023e-05, 1.91972158063e-05, 2.9127990274e-05, 1.37341294248e-05, 6.55878284306e-06, 2.7574762953e-06, 1.27549299123e-06, 2.54251767728e-06, 9.95492769107e-07, 2.69311129841e-07, 9.99397400392e-08, 1.41131293319e-08, 9.79166081549e-09, 1.36812765561e-08, 1.74830105948e-08, 1.02068220542e-08, 6.15721917896e-09, 2.8573263755e-09],
        "min": [6.68797838443e-06, 9.90418539004e-06, 2.36851028603e-05, 9.18616660783e-06, 2.77387925962e-06, 1.58012562679e-06, 7.11078087079e-07, 8.31419299629e-07, 1.23582344713e-06, 1.27165628783e-06, 3.85981309137e-07, 6.26034477591e-07, 7.56424469728e-07, 2.25106055041e-06, 1.08183155589e-06, 6.66843277486e-07, 2.11283941098e-06, 3.07043956127e-06, 1.69042687048e-06, 1.37848769555e-06, 1.08759240902e-06, 1.47832565744e-06, 8.7712817276e-07, 3.75922383e-07, 9.99377220978e-07, 4.62094448039e-07, 3.03205212049e-07, 1.07354551915e-07, 4.75779273756e-08, 1.06927558363e-07, 3.69598645023e-08, 1.35430964221e-08, 6.24908436109e-09, 1.35077848906e-09, 9.9629926531e-10, 1.02887398601e-09, 9.02771024602e-10, 4.74124406402e-10, 3.24033577748e-10, 2.26750798693e-10],
        "var": [7.52400467263e-07, 1.10819769361e-06, 2.07893936022e-06, 1.74899082594e-06, 2.0833503811e-08, 2.37279351722e-09, 9.94317850278e-10, 3.42130124231e-09, 1.36732924982e-09, 4.34231051116e-09, 3.05626990382e-09, 5.05471975387e-09, 1.46098799725e-09, 2.12576178882e-09, 3.90702081798e-10, 1.18420317996e-09, 1.42869271968e-08, 2.23886136297e-08, 8.38949798521e-09, 1.81150507927e-08, 1.00696295746e-08, 6.79287337491e-09, 3.5231855211e-09, 3.26048232857e-09, 3.84567444556e-09, 1.66894509324e-09, 5.44890965681e-10, 2.58588095381e-10, 3.04113088878e-11, 8.74103706083e-11, 1.66848982547e-11, 3.56428905487e-12, 7.51531703622e-13, 9.72865180342e-14, 4.38542702586e-14, 5.33903331973e-14, 8.54936035703e-14, 3.9921970623e-14, 2.07410823271e-14, 9.73368843074e-15]
    },
    "mfcc": {
        "mean": [-673.84197998, 155.695831299, -61.075252533, 72.4568862915, 25.1698112488, 11.9198265076, 9.41299533844, 1.68061316013, 10.5720729828, -3.18291187286, -5.56767416, -3.80264353752, -12.3462982178],
        "cov": [[2248.18334961, -1013.70458984, -284.817108154, -211.60005188, -335.536743164, -247.292114258, -97.0028762817, -52.7019309998, 72.3265304565, 92.8530807495, -73.3660049438, -13.3780374527, -36.7913551331], [-1013.70458984, 709.044921875, 73.2262191772, 160.851074219, 146.624038696, 83.8315353394, 57.7371139526, 30.0418167114, -37.90209198, -59.9035224915, 11.9068040848, -30.4207286835, 3.71715283394], [-284.817108154, 73.2262191772, 234.699996948, 4.66545677185, 37.8377494812, 21.1155509949, 12.7021942139, 23.6090679169, -10.7083864212, -29.8713035583, -13.8698797226, 22.4570159912, 19.7502689362], [-211.60005188, 160.851074219, 4.66545677185, 243.257232666, 38.7741127014, 16.0754108429, 36.4064788818, 7.93653774261, -29.2246570587, -34.2821159363, -26.79621315, -16.5620269775, -8.97494029999], [-335.536743164, 146.624038696, 37.8377494812, 38.7741127014, 118.088859558, 59.980140686, 6.50122642517, 18.0810489655, -6.90711688995, -13.2659797668, 12.356713295, -0.801498413086, -3.93416285515], [-247.292114258, 83.8315353394, 21.1155509949, 16.0754108429, 59.980140686, 99.2550811768, 15.4611749649, 1.66524517536, -4.87327384949, -2.62562465668, 10.5756158829, 6.91590452194, 10.1441345215], [-97.0028762817, 57.7371139526, 12.7021942139, 36.4064788818, 6.50122642517, 15.4611749649, 58.3393249512, 21.863702774, -0.192958921194, -5.35947704315, 2.48163342476, 6.87250852585, 5.71073675156], [-52.7019309998, 30.0418167114, 23.6090679169, 7.93653774261, 18.0810489655, 1.66524517536, 21.863702774, 65.8931274414, 23.4497146606, -5.28402423859, 0.943927586079, 7.4888381958, 2.00551605225], [72.3265304565, -37.90209198, -10.7083864212, -29.2246570587, -6.90711688995, -4.87327384949, -0.192958921194, 23.4497146606, 69.2303924561, 20.1356601715, -2.48178815842, 12.7430791855, -6.5322303772], [92.8530807495, -59.9035224915, -29.8713035583, -34.2821159363, -13.2659797668, -2.62562465668, -5.35947704315, -5.28402423859, 20.1356601715, 73.0377349854, 31.9441070557, 7.63174200058, 15.5209083557], [-73.3660049438, 11.9068040848, -13.8698797226, -26.79621315, 12.356713295, 10.5756158829, 2.48163342476, 0.943927586079, -2.48178815842, 31.9441070557, 68.5903091431, 27.3918266296, 11.6088228226], [-13.3780374527, -30.4207286835, 22.4570159912, -16.5620269775, -0.801498413086, 6.91590452194, 6.87250852585, 7.4888381958, 12.7430791855, 7.63174200058, 27.3918266296, 60.6751174927, 17.5489845276], [-36.7913551331, 3.71715283394, 19.7502689362, -8.97494029999, -3.93416285515, 10.1441345215, 5.71073675156, 2.00551605225, -6.5322303772, 15.5209083557, 11.6088228226, 17.5489845276, 56.888584137]],
