{
"lowlevel": {
    "average_loudness": 0.985845327377,
    "barkbands_crest": {
        "dmean": 1.8754940033,
        "dmean2": 3.29016160965,
        "dvar": 2.71130943298,
        "dvar2": 7.66701030731,
        "max": 20.6997909546,
        "mean": 10.6118860245,
        "median": 10.4151153564,
        "min": 3.07583975792,
        "var": 15.7412986755
    },
    "barkbands_flatness_db": {
        "dmean": 0.0103024560958,
        "dmean2": 0.0177493877709,
        "dvar": 7.45167126297e-05,
        "dvar2": 0.000210437559872,
        "max": 0.233033686876,
        "mean": 0.164809912443,
        "median": 0.165747404099,
        "min": 0.0846493393183,
        "var": 0.000377572956495
    },
    "barkbands_kurtosis": {
        "dmean": 0.485172450542,
        "dmean2": 0.836053133011,
        "dvar": 0.308686703444,
        "dvar2": 0.79530018568,
        "max": 5.11534309387,
        "mean": -0.689306497574,
        "median": -0.984586000443,
        "min": -1.73170030117,
        "var": 0.950522065163
    },
    "barkbands_skewness": {
        "dmean": 0.293734610081,
        "dmean2": 0.506733238697,
        "dvar": 0.0594195909798,
        "dvar2": 0.165880188346,
        "max": 2.43373847008,
        "mean": 0.653818011284,
        "median": 0.665252029896,
        "min": -0.884799659252,
        "var": 0.352309376001
    },
    "barkbands_spread": {
        "dmean": 3.36113095284,
        "dmean2": 5.92311096191,
        "dvar": 7.71705675125,
        "dvar2": 22.3496608734,
        "max": 47.9754371643,
        "mean": 31.9498386383,
        "median": 31.5088882446,
        "min": 14.0155296326,
        "var": 38.1719322205
    },
    "dissonance": {
        "dmean": 0.0070253033191,
        "dmean2": 0.0123289478943,
        "dvar": 4.16255679738e-05,
        "dvar2": 0.000114633359772,
        "max": 0.498782455921,
        "mean": 0.486519128084,
        "median": 0.488752216101,
        "min": 0.431191951036,
        "var": 7.02026445651e-05
    },
    "dynamic_complexity": 0.548668563366,
    "erbbands_crest": {
        "dmean": 1.82117462158,
        "dmean2": 2.99703669548,
        "dvar": 3.64698123932,
        "dvar2": 10.525343895,
        "max": 24.371011734,
        "mean": 7.7698841095,
        "median": 7.11344337463,
        "min": 3.5274002552,
        "var": 9.51033306122
    },
    "erbbands_flatness_db": {
        "dmean": 0.00804046262056,
        "dmean2": 0.0132993767038,
        "dvar": 4.31827356806e-05,
        "dvar2": 0.000120204946143,
        "max": 0.292165875435,
        "mean": 0.225682079792,
        "median": 0.223910361528,
        "min": 0.1863348037,
        "var": 0.000190651917364
    },
    "erbbands_kurtosis": {
        "dmean": 0.676733076572,
        "dmean2": 1.17009532452,
        "dvar": 0.622545182705,
        "dvar2": 1.66258883476,
        "max": 8.17471313477,
        "mean": 0.570141851902,
        "median": 0.0283854007721,
        "min": -1.55251216888,
        "var": 3.15339636803
    },
    "erbbands_skewness": {
        "dmean": 0.191411927342,
        "dmean2": 0.325948983431,
        "dvar": 0.0249801911414,
        "dvar2": 0.065036252141,
        "max": 0.0935050025582,
        "mean": -0.934387326241,
        "median": -0.921148300171,
        "min": -2.44733691216,
        "var": 0.202444836497
    },
    "erbbands_spread": {
        "dmean": 5.11256170273,
        "dmean2": 8.91819190979,
        "dvar": 21.2284832001,
        "dvar2": 59.7691612244,
        "max": 64.0666275024,
        "mean": 35.1069755554,
        "median": 35.217880249,
        "min": 11.5889549255,
        "var": 120.198005676
    },
    "hfc": {
        "dmean": 4.63970088959,
        "dmean2": 7.44945859909,
        "dvar": 17.6839122772,
        "dvar2": 40.4068756104,
        "max": 65.9374465942,
        "mean": 33.0644569397,
        "median": 31.5827713013,
        "min": 1.53296065331,
        "var": 83.5827941895
    },
    "melbands_crest": {
        "dmean": 2.43375396729,
        "dmean2": 4.31025600433,
        "dvar": 4.17566871643,
        "dvar2": 11.7667160034,
        "max": 27.2651233673,
        "mean": 15.7624883652,
        "median": 15.9413566589,
        "min": 5.47249364853,
        "var": 22.6883907318
    },
    "melbands_flatness_db": {
        "dmean": 0.013096052222,
        "dmean2": 0.0222344137728,
        "dvar": 0.000131499706185,
        "dvar2": 0.000364658335457,
        "max": 0.273443251848,
        "mean": 0.196559220552,
        "median": 0.197961226106,
        "min": 0.122930712998,
        "var": 0.00069655344123
    },
    "melbands_kurtosis": {
        "dmean": 1.77923023701,
        "dmean2": 3.04004263878,
        "dvar": 3.61839127541,
        "dvar2": 9.47320556641,
        "max": 20.2728404999,
        "mean": 3.46191740036,
        "median": 2.76507139206,
        "min": -1.57488381863,
        "var": 13.269985199
    },
    "melbands_skewness": {
        "dmean": 0.382871776819,
        "dmean2": 0.655347466469,
        "dvar": 0.112766452134,
        "dvar2": 0.310690194368,
        "max": 4.24033546448,
        "mean": 1.92997777462,
        "median": 1.9089550972,
        "min": 0.197059422731,
        "var": 0.580344676971
    },
    "melbands_spread": {
        "dmean": 7.23959493637,
        "dmean2": 12.5648298264,
        "dvar": 37.3772125244,
        "dvar2": 106.317276001,
        "max": 81.4524612427,
        "mean": 40.6032218933,
        "median": 38.2566299438,
        "min": 12.1721496582,
        "var": 215.841064453
    },
    "pitch_salience": {
        "dmean": 0.0427714474499,
        "dmean2": 0.0730718076229,
        "dvar": 0.00149509473704,
        "dvar2": 0.0039488854818,
        "max": 0.846563160419,
        "mean": 0.523228406906,
        "median": 0.525663971901,
        "min": 0.265010297298,
        "var": 0.00723153399304
    },
    "silence_rate_20dB": {
        "dmean": 0,
        "dmean2": 0,
        "dvar": 0,
        "dvar2": 0,
        "max": 1,
        "mean": 1,
        "median": 1,
        "min": 1,
        "var": 0
    },
    "silence_rate_30dB": {
        "dmean": 0,
        "dmean2": 0,
        "dvar": 0,
        "dvar2": 0,
        "max": 1,
        "mean": 1,
        "median": 1,
        "min": 1,
        "var": 0
    },
    "silence_rate_60dB": {
        "dmean": 0,
        "dmean2": 0,
        "dvar": 0,
        "dvar2": 0,
        "max": 0,
        "mean": 0,
        "median": 0,
        "min": 0,
        "var": 0
    },
    "spectral_centroid": {
        "dmean": 200.317703247,
        "dmean2": 353.94833374,
        "dvar": 25574.5488281,
        "dvar2": 73781.265625,
        "max": 2842.08984375,
        "mean": 1969.17175293,
        "median": 1979.54589844,
        "min": 1023.45367432,
        "var": 118353.765625
    },
    "spectral_complexity": {
        "dmean": 3.69148945808,
        "dmean2": 6.19616222382,
        "dvar": 9.82610034943,
        "dvar2": 22.2557411194,
        "max": 51,
        "mean": 38.2526550293,
        "median": 39,
        "min": 1,
        "var": 25.6113071442
    },
    "spectral_decrease": {
        "dmean": 1.07851994002e-09,
        "dmean2": 1.84282666904e-09,
        "dvar": 8.61693896431e-19,
        "dvar2": 2.19686576869e-18,
        "max": -2.00902489089e-10,
        "mean": -7.69702790393e-09,
        "median": -7.62803509247e-09,
        "min": -1.22690364535e-08,
        "var": 1.95468693088e-18
    },
    "spectral_energy": {
        "dmean": 0.00427702534944,
        "dmean2": 0.0072487401776,
        "dvar": 1.31555461849e-05,
        "dvar2": 3.27720335918e-05,
        "max": 0.0484488941729,
        "mean": 0.0320493727922,
        "median": 0.0318977385759,
        "min": 0.000897297402844,
        "var": 2.9686401831e-05
    },
    "spectral_energyband_high": {
        "dmean": 0.00018875412934,
        "dmean2": 0.000318618403981,
        "dvar": 2.5213546806e-08,
        "dvar2": 6.82037111233e-08,
        "max": 0.00153243821114,
        "mean": 0.000700653879903,
        "median": 0.000654843635857,
        "min": 2.0020044758e-05,
        "var": 6.36406056742e-08
    },
    "spectral_energyband_low": {
        "dmean": 0.00103343848605,
        "dmean2": 0.00159651786089,
        "dvar": 1.03966965526e-06,
        "dvar2": 2.65981043412e-06,
        "max": 0.0146713815629,
        "mean": 0.00364697282203,
        "median": 0.00320201320574,
        "min": 4.92541948915e-05,
        "var": 6.0756124185e-06
    },
    "spectral_energyband_middle_high": {
        "dmean": 0.00182200816926,
        "dmean2": 0.00298655754887,
        "dvar": 3.19805008075e-06,
        "dvar2": 7.15589112588e-06,
        "max": 0.0254446640611,
        "mean": 0.0105435159057,
        "median": 0.00956892315298,
        "min": 0.000536510138772,
        "var": 1.65871151694e-05
    },
    "spectral_energyband_middle_low": {
        "dmean": 0.00395718542859,
        "dmean2": 0.00702395429835,
        "dvar": 1.28997444335e-05,
        "dvar2": 3.48640278389e-05,
        "max": 0.0421876721084,
        "mean": 0.0176292080432,
        "median": 0.0173366367817,
        "min": 0.000302423606627,
        "var": 5.68746399949e-05
    },
    "spectral_entropy": {
        "dmean": 0.0528135597706,
        "dmean2": 0.0896737128496,
        "dvar": 0.00311971758492,
        "dvar2": 0.00544321909547,
        "max": 8.71212768555,
        "mean": 7.54684305191,
        "median": 7.54250717163,
        "min": 7.24790382385,
        "var": 0.00831366889179
    },
    "spectral_flux": {
        "dmean": 0.00879449117929,
        "dmean2": 0.0140961874276,
        "dvar": 7.65332370065e-05,
        "dvar2": 0.00017382967053,
        "max": 0.14449635148,
        "mean": 0.0736678913236,
        "median": 0.0715758576989,
        "min": 0.0459515452385,
        "var": 0.000215983949602
    },
    "spectral_kurtosis": {
        "dmean": 3.04448914528,
        "dmean2": 5.63567304611,
        "dvar": 5.77682828903,
        "dvar2": 18.5175304413,
        "max": 17.4855155945,
        "mean": 4.53675413132,
        "median": 4.1972193718,
        "min": 0.35914516449,
        "var": 7.1026597023
    },
    "spectral_rms": {
        "dmean": 0.000380497134756,
        "dmean2": 0.000641194987111,
        "dvar": 1.25474812762e-07,
        "dvar2": 2.7237285849e-07,
        "max": 0.00687511544675,
        "mean": 0.0055685210973,
        "median": 0.00557850720361,
        "min": 0.000935634598136,
        "var": 2.59223838839e-07
    },
    "spectral_rolloff": {
        "dmean": 319.470306396,
        "dmean2": 564.270935059,
        "dvar": 84622.8671875,
        "dvar2": 233536.5625,
        "max": 3402.24609375,
        "mean": 2358.82275391,
        "median": 2390.18554688,
        "min": 667.529296875,
        "var": 229871.34375
    },
    "spectral_skewness": {
        "dmean": 0.313698291779,
        "dmean2": 0.573701679707,
        "dvar": 0.0732250064611,
        "dvar2": 0.233184918761,
        "max": 3.51975870132,
        "mean": 0.676883757114,
        "median": 0.636885643005,
        "min": 0.11761597544,
        "var": 0.0933873131871
    },
    "spectral_spread": {
        "dmean": 184086.203125,
        "dmean2": 291125.34375,
        "dvar": 384286785536,
        "dvar2": 203327062016,
        "max": 19637808,
        "mean": 2425492,
        "median": 2377275.75,
        "min": 1903136.125,
        "var": 712307441664
    },
    "spectral_strongpeak": {
        "dmean": 0.492654472589,
        "dmean2": 0.900027930737,
        "dvar": 1.45877063274,
        "dvar2": 3.82808423042,
        "max": 8.37780857086,
        "mean": 1.08333444595,
        "median": 0.917293608189,
        "min": 0.0188295505941,
        "var": 1.19285440445
    },
    "zerocrossingrate": {
        "dmean": 0.0045430934988,
        "dmean2": 0.00616962602362,
        "dvar": 1.90417758859e-05,
        "dvar2": 3.03094784613e-05,
        "max": 0.09619140625,
        "mean": 0.0659988299012,
        "median": 0.0654296875,
        "min": 0.02294921875,
        "var": 0.000187144440133
    },
    "barkbands": {
        "dmean": [7.28395662009e-06, 0.000837950210553, 0.000262097280938, 0.000825978757348, 0.00346683058888, 0.00025608309079, 0.000132058979943, 7.38224407542e-05, 0.000625098997261, 7.5517615187e-05, 0.000101013079984, 0.000256782455835, 0.000118371521239, 0.000414125242969, 0.000812882382888, 0.000854255806189, 0.000723070756067, 0.00046614772873, 0.000480111368233, 0.000283029105049, 0.000135140915518, 2.14682040678e-05, 7.5983524539e-07, 1.29876866595e-06, 1.38637375358e-07, 4.91970517658e-08, 3.64983776535e-09],
        "dmean2": [1.22194624055e-05, 0.00127681146841, 0.000440124160377, 0.00139578501694, 0.00611159112304, 0.000421953067416, 0.000233616563492, 0.000121794590086, 0.000987933715805, 0.0001251395297, 0.000169505758095, 0.00042757022311, 0.000194297055714, 0.000672236434184, 0.0013033952564, 0.00146844680421, 0.00126641569659, 0.000801142130513, 0.000835440587252, 0.000485767930513, 0.000231378275203, 3.5318909795e-05, 1.28862131987e-06, 2.20365109271e-06, 2.30347993124e-07, 8.18525052182e-08, 6.34123997756e-09],
        "dvar": [5.46185839612e-11, 7.08325558207e-07, 1.55432275051e-07, 1.0760332998e-06, 1.15829616334e-05, 1.58185002874e-07, 1.62070641352e-08, 8.50548964593e-09, 3.5991828895e-07, 1.10980122869e-08, 1.1345032469e-08, 7.36182883543e-08, 1.89917894744e-08, 1.78444039989e-07, 7.02894965343e-07, 1.07212588318e-06, 5.16484874424e-07, 1.89473212231e-07, 1.84266525594e-07, 7.11570180556e-08, 1.39490170525e-08, 3.1256769395e-10, 4.3343947138e-13, 1.21331146085e-12, 1.35567792615e-14, 3.52599487151e-15, 5.7466824575e-17],
        "dvar2": [1.34157573939e-10, 1.84037253348e-06, 3.93809472143e-07, 2.48950846071e-06, 3.23782987834e-05, 4.20300324322e-07, 4.86044804404e-08, 2.25333387505e-08, 9.67148821474e-07, 2.56302339352e-08, 3.11874011061e-08, 1.84335235076e-07, 5.02924883961e-08, 4.01556292218e-07, 1.71489398326e-06, 3.20991398439e-06, 1.42629403399e-06, 5.43633802863e-07, 5.18394585924e-07, 1.93149645611e-07, 3.82278813049e-08, 8.82559136883e-10, 1.21468167556e-12, 3.222692729e-12, 3.59937943437e-14, 9.85035874889e-15, 1.16618490326e-16],
        "max": [7.93262952357e-05, 0.0143667403609, 0.00596843566746, 0.0166496969759, 0.0371438227594, 0.00442977389321, 0.000977832241915, 0.00105798814911, 0.00967100076377, 0.00185816781595, 0.00123598671053, 0.00250234478153, 0.00142263469752, 0.00693451007828, 0.00859867595136, 0.0110190315172, 0.00602750387043, 0.00383029715158, 0.00401832535863, 0.00276243221015, 0.00110864732414, 0.000190463339095, 5.60068383493e-06, 1.26241138787e-05, 1.46249340105e-06, 9.96043809209e-07, 1.63309067602e-07],
        "mean": [1.00318402474e-05, 0.0027037167456, 0.000490918988362, 0.00141560891643, 0.0124642821029, 0.000511244230438, 0.000215145075344, 0.000179162641871, 0.00281585240737, 0.000125031496282, 0.000193499639863, 0.000524431583472, 0.000287779141217, 0.0010909846751, 0.00185765547212, 0.00183527194895, 0.00155839277431, 0.00116261723451, 0.00136485334951, 0.00075574539369, 0.000412053952459, 6.72723544994e-05, 2.44004127126e-06, 4.69821452498e-06, 5.54039615963e-07, 1.69773016978e-07, 1.4380749036e-08],
        "median": [7.59370959713e-06, 0.00241260975599, 0.000205023505259, 0.00102607894223, 0.0116278156638, 0.000202942028409, 0.000175443390617, 0.000128505576868, 0.00216885586269, 9.87829989754e-05, 0.000152865672135, 0.0004173485504, 0.000209952268051, 0.000733035209123, 0.00135016615968, 0.0013137209462, 0.00134008342866, 0.00102887640242, 0.00126723689027, 0.000671867688652, 0.00038498363574, 6.32577357464e-05, 2.28758358389e-06, 4.40598341811e-06, 5.29481042122e-07, 1.50080893491e-07, 1.32117827789e-08],
        "min": [9.98064564328e-08, 2.04898933589e-05, 1.1073971109e-05, 3.18321690429e-05, 0.000164297787705, 8.76832382346e-06, 1.41599111885e-05, 1.02425610748e-05, 1.16415058073e-05, 2.4286568987e-06, 9.53363178269e-06, 2.00160648092e-05, 1.50934592966e-05, 5.38253552804e-05, 4.72268584417e-05, 2.41935413214e-05, 0.000158831520821, 0.000111473505967, 5.02371258335e-05, 4.48157006758e-05, 8.54617246659e-06, 3.21717743645e-06, 4.6606467663e-07, 5.25759503489e-07, 1.46545971802e-07, 4.96361032276e-08, 5.61591706472e-09],
        "var": [8.06276781451e-11, 4.15590147895e-06, 7.8858914776e-07, 2.17003162106e-06, 4.86910284963e-05, 4.80975984374e-07, 2.3921753467e-08, 2.42384974314e-08, 5.76592174184e-06, 1.62288316119e-08, 1.92033642321e-08, 1.55783951072e-07, 5.99721943217e-08, 1.09382619939e-06, 2.30828800341e-06, 2.32172283177e-06, 7.20623233974e-07, 2.97016640616e-07, 3.43207886999e-07, 1.34391044071e-07, 2.82272516472e-08, 7.52822748584e-10, 8.27995549728e-13, 2.91788620176e-12, 3.92352301906e-14, 9.76622296624e-15, 1.06963677921e-16]
    },
    "erbbands": {
        "dmean": [0.0202752836049, 0.204566583037, 0.291447967291, 1.39714515209, 12.0334663391, 9.30526065826, 1.55998444557, 2.46967458725, 0.902886211872, 2.29473567009, 2.44364595413, 18.9295253754, 3.54084873199, 3.07403945923, 4.33546924591, 10.7930736542, 6.05113506317, 11.8618297577, 18.7512149811, 68.2910614014, 27.1686935425, 42.0028076172, 23.314704895, 27.5837078094, 18.4334278107, 13.3520746231, 5.41501188278, 4.33785152435, 0.887768983841, 0.1349427104, 0.0246568825096, 0.0413851551712, 0.0103181218728, 0.00260129314847, 0.000355050200596, 0.000300459883874, 6.62150196149e-05, 5.21182028024e-06, 2.4206190119e-06, 4.98569988849e-06],
        "dmean2": [0.0300845690072, 0.314941644669, 0.464946597815, 2.33214092255, 20.5862846375, 16.8451423645, 2.65567135811, 3.94959378242, 1.52045345306, 4.04084730148, 4.08857631683, 29.8568477631, 5.60111951828, 5.04964780807, 7.36919927597, 17.8425998688, 9.75828552246, 18.7751922607, 29.8941726685, 111.443618774, 45.453212738, 73.9839782715, 40.0419197083, 48.1487236023, 32.0511169434, 22.7252426147, 9.52483940125, 7.37205171585, 1.49888312817, 0.226925134659, 0.042234506458, 0.069902934134, 0.0174402911216, 0.00429673679173, 0.000586938171182, 0.000493145547807, 0.000111953209853, 8.82732274476e-06, 3.95303095502e-06, 8.32721434563e-06],
        "dvar": [0.000381393183488, 0.0432632602751, 0.197363555431, 2.56633281708, 149.685852051, 69.8728485107, 5.29140710831, 17.1348342896, 0.767482280731, 4.7334985733, 7.14274740219, 338.279541016, 11.8320970535, 12.7920646667, 18.8237743378, 123.678344727, 37.3115158081, 149.953567505, 294.172851562, 9152.91210938, 560.085388184, 1867.06738281, 440.14251709, 636.166931152, 265.241699219, 157.046203613, 22.8279247284, 13.6812868118, 0.602601706982, 0.0134566733614, 0.000504108204041, 0.00117797276471, 8.66747141117e-05, 4.64288586954e-06, 1.11617254106e-07, 9.48061114059e-08, 8.13538569844e-09, 4.31491335717e-11, 4.42312766274e-12, 1.7120860285e-11],
        "dvar2": [0.000831357785501, 0.11560831964, 0.513710677624, 6.01439523697, 431.033477783, 208.779922485, 13.3290119171, 44.849822998, 1.96758174896, 14.1648511887, 20.8821220398, 908.195617676, 30.7205276489, 34.4826583862, 51.3003883362, 314.603637695, 90.1593017578, 328.312194824, 620.397216797, 25549.3535156, 1448.99511719, 5292.23632812, 1157.25244141, 1776.13745117, 743.360046387, 425.195922852, 60.6504859924, 36.9196548462, 1.65791380405, 0.0393248088658, 0.0013481057249, 0.00320906378329, 0.000225748066441, 1.18004345495e-05, 2.90535638214e-07, 2.73954213981e-07, 2.20306279886e-08, 1.09089307032e-10, 1.13872557217e-11, 4.14809228633e-11],
        "max": [0.41952008009, 3.26445293427, 7.07981824875, 25.8611774445, 122.660926819, 91.8238525391, 34.4739227295, 47.6468887329, 10.0588445663, 18.8452758789, 28.7935390472, 292.250610352, 53.1275863647, 55.7229499817, 48.2457923889, 104.058753967, 80.4816360474, 204.311386108, 188.650085449, 1000.95056152, 260.547698975, 358.889984131, 200.394470215, 233.175506592, 159.073303223, 131.170806885, 50.4102897644, 36.7597846985, 7.99480009079, 1.10371732712, 0.220316946507, 0.381769180298, 0.0955056026578, 0.0231432579458, 0.00565783912316, 0.00477026263252, 0.00166492792778, 0.000113284731924, 4.17787632614e-05, 5.55003825866e-05],
        "mean": [0.0698957368731, 0.639605522156, 0.691016197205, 3.4313211441, 43.1307983398, 25.4078788757, 3.62060284615, 4.8357052803, 2.02720665932, 4.43009901047, 7.69951677322, 84.2363815308, 15.6374578476, 6.29720640182, 9.20791244507, 22.5933742523, 16.6423835754, 35.4129676819, 65.6087875366, 143.690887451, 75.2722549438, 88.9388656616, 67.4598312378, 76.1784210205, 56.5700073242, 36.2553634644, 17.0687942505, 12.7340297699, 3.09269785881, 0.456909239292, 0.0929271951318, 0.133026853204, 0.0426053330302, 0.0113678090274, 0.0015884191962, 0.00108237704262, 0.000234476552578, 1.90572172869e-05, 2.12082977669e-05, 3.991443009e-05],
        "median": [0.0597279705107, 0.574848175049, 0.433592051268, 2.84728097916, 41.1902008057, 23.5349884033, 2.38956069946, 1.68820261955, 1.54298174381, 3.8339278698, 7.25210952759, 65.9141769409, 12.8693008423, 5.33121538162, 7.68778514862, 18.3997764587, 13.578751564, 24.579870224, 57.7074546814, 85.6532440186, 65.5207977295, 75.7883911133, 62.2730865479, 69.2789001465, 52.9502639771, 32.3159828186, 16.0539894104, 12.2042732239, 2.93457436562, 0.433247417212, 0.0888223052025, 0.125524610281, 0.0409596562386, 0.0108606750146, 0.0014356119791, 0.000976963085122, 0.000207897668588, 1.69439608726e-05, 2.13550247281e-05, 3.97975381929e-05],
        "min": [0.000620791455731, 0.00454560434446, 0.0152706736699, 0.0641299113631, 0.294962584972, 0.626983523369, 0.232651814818, 0.0921682938933, 0.147567257285, 0.498237729073, 0.764272511005, 0.332635223866, 0.106570333242, 0.255189269781, 0.55953836441, 0.837932825089, 0.686512410641, 2.39493584633, 2.33648467064, 2.32376885414, 2.58111834526, 7.44308328629, 7.00739479065, 3.30383038521, 2.87976169586, 2.08363604546, 0.51261806488, 0.218231320381, 0.144648090005, 0.0398588478565, 0.0149194831029, 0.0166233237833, 0.00399975525215, 0.00252349767834, 0.000602276646532, 0.000355491909431, 7.92493738118e-05, 6.79063350617e-06, 1.05577491922e-05, 3.29829344992e-06],
        "var": [0.00284299906343, 0.23671258986, 0.818428277969, 6.19484949112, 595.747009277, 215.824584961, 14.888092041, 51.028968811, 2.57995939255, 7.24906253815, 17.4698429108, 5314.23730469, 139.935256958, 19.4118404388, 33.494304657, 245.811386108, 123.187896729, 987.043212891, 1350.44372559, 23022.0078125, 1525.64953613, 2363.25, 844.520446777, 1103.57592773, 505.904602051, 311.103790283, 43.7569084167, 28.3658485413, 1.37499094009, 0.0308766402304, 0.00103478413075, 0.00271252798848, 0.000202676310437, 1.332444117e-05, 5.10052643676e-07, 2.98086689554e-07, 2.01652561316e-08, 8.59047138979e-11, 1.11128363456e-11, 4.02646041509e-11]
    },
    "gfcc": {
        "mean": [-0.934825718403, 133.706817627, -181.437438965, 69.3165740967, -29.3142604828, -11.388923645, -19.5166664124, -5.35234594345, -18.6974163055, -14.3862848282, -21.5741100311, -22.9398956299, 1.29555642605],
        "cov": [[159.971847534, -10.8027248383, -49.0653190613, -11.9203481674, -13.9700841904, 9.79517745972, -0.574943363667, 10.9774742126, 17.5724468231, 31.1957740784, 13.3932952881, 12.8661403656, 5.46517419815], [-10.8027248383, 100.163825989, 54.1744270325, 9.67465877533, -9.22829723358, -10.0281209946, 17.3055915833, 4.34731340408, 12.7051210403, -0.0877934247255, 27.9225273132, 12.4897861481, 19.167219162], [-49.0653190613, 54.1744270325, 63.0449638367, 26.2005310059, 6.04902362823, -7.2791595459, 2.56070184708, -3.76836800575, 2.22946310043, 0.503156721592, 19.2662029266, 11.3562774658, 7.78850460052], [-11.9203481674, 9.67465877533, 26.2005310059, 60.486656189, 37.3760643005, 8.64869403839, -12.174200058, -17.5301609039, 9.52930736542, 21.2615261078, 35.0611152649, 21.2277355194, 9.21656513214], [-13.9700841904, -9.22829723358, 6.04902362823, 37.3760643005, 58.9736213684, 21.3188858032, -21.2220020294, -17.1251335144, 7.88431978226, 27.1027946472, 24.9163970947, 18.8720970154, 7.06688165665], [9.79517745972, -10.0281209946, -7.2791595459, 8.64869403839, 21.3188858032, 36.6595191956, 12.6898450851, 2.02800130844, 3.06527972221, 12.0180244446, 7.34642410278, 1.11879861355, -3.86505389214], [-0.574943363667, 17.3055915833, 2.56070184708, -12.174200058, -21.2220020294, 12.6898450851, 50.7432441711, 30.3742542267, -1.05216515064, -20.106218338, -19.0231742859, -19.1326770782, -7.55548858643], [10.9774742126, 4.34731340408, -3.76836800575, -17.5301609039, -17.1251335144, 2.02800130844, 30.3742542267, 48.8415145874, 21.2904109955, -2.58501672745, -16.8087120056, -11.0166339874, -4.0360121727], [17.5724468231, 12.7051210403, 2.22946310043, 9.52930736542, 7.88431978226, 3.06527972221, -1.05216515064, 21.2904109955, 42.5545349121, 27.5002937317, 12.1302890778, 10.1053066254, 8.40009593964], [31.1957740784, -0.0877934247255, 0.503156721592, 21.2615261078, 27.1027946472, 12.0180244446, -20.106218338, -2.58501672745, 27.5002937317, 64.6771240234, 47.467754364, 34.5266265869, 9.68531322479], [13.3932952881, 27.9225273132, 19.2662029266, 35.0611152649, 24.9163970947, 7.34642410278, -19.0231742859, -16.8087120056, 12.1302890778, 47.467754364, 72.3573303223, 47.0236587524, 13.1887550354], [12.8661403656, 12.4897861481, 11.3562774658, 21.2277355194, 18.8720970154, 1.11879861355, -19.1326770782, -11.0166339874, 10.1053066254, 34.5266265869, 47.0236587524, 50.3590126038, 17.4085941315], [5.46517419815, 19.167219162, 7.78850460052, 9.21656513214, 7.06688165665, -3.86505389214, -7.55548858643, -4.0360121727, 8.40009593964, 9.68531322479, 13.1887550354, 17.4085941315, 26.090221405]],
        "icov": [[0.0166696235538, -0.0202150959522, 0.0293528530747, -0.0192404631525, 0.0185821168125, -0.0143927428871, 0.0178436711431, -0.0133619913831, 0.0129943490028, -0.0147831970826, 0.0154146552086, -0.00910750124604, 0.00491746934131], [-0.0202150959522, 0.0819195583463, -0.077426828444, 0.0599998757243, -0.0353321582079, 0.0394497439265, -0.0665571242571, 0.0476867817342, -0.0540861673653, 0.038361761719, -0.065156519413, 0.0323624275625, -0.0359964743257], [0.0293528530747, -0.077426828444, 0.106128059328, -0.0698105618358, 0.0396739579737, -0.0306172259152, 0.0558713003993, -0.0460376814008, 0.049945820123, -0.0357255041599, 0.0537008680403, -0.0313354283571, 0.0284325797111], [-0.0192404631525, 0.0599998757243, -0.0698105618358, 0.0918192863464, -0.0577893219888, 0.041134275496, -0.0650556981564, 0.0538957417011, -0.0555557571352, 0.0367132537067, -0.0627063363791, 0.0272393915802, -0.0226188488305], [0.0185821168125, -0.0353321582079, 0.0396739579737, -0.0577893219888, 0.0805855467916, -0.0600506179035, 0.0625981092453, -0.0319055728614, 0.0302533842623, -0.0269762501121, 0.0382726751268, -0.0180465299636, 0.00607206299901], [-0.0143927428871, 0.0394497439265, -0.0306172259152, 0.041134275496, -0.0600506179035, 0.0920920073986, -0.0802514106035, 0.0425505340099, -0.0312110539526, 0.00925593823195, -0.0356511995196, 0.0177889633924, -0.00534250121564], [0.0178436711431, -0.0665571242571, 0.0558713003993, -0.0650556981564, 0.0625981092453, -0.0802514106035, 0.132436573505, -0.088477447629, 0.0638162344694, -0.0181506946683, 0.0476566888392, -0.0156613420695, 0.0198331866413], [-0.0133619913831, 0.0476867817342, -0.0460376814008, 0.0538957417011, -0.0319055728614, 0.0425505340099, -0.088477447629, 0.10250647366, -0.0741098895669, 0.0188891068101, -0.0267350506037, 0.00863429903984, -0.00774742150679], [0.0129943490028, -0.0540861673653, 0.049945820123, -0.0555557571352, 0.0302533842623, -0.0312110539526, 0.0638162344694, -0.0741098895669, 0.0998416393995, -0.0499756857753, 0.0476435162127, -0.0130179282278, 0.00693500740454], [-0.0147831970826, 0.038361761719, -0.0357255041599, 0.0367132537067, -0.0269762501121, 0.00925593823195, -0.0181506946683, 0.0188891068101, -0.0499756857753, 0.0758257210255, -0.0585125423968, 0.0102437874302, -0.0103610875085], [0.0154146552086, -0.065156519413, 0.0537008680403, -0.0627063363791, 0.0382726751268, -0.0356511995196, 0.0476566888392, -0.0267350506037, 0.0476435162127, -0.0585125423968, 0.113407149911, -0.0623338222504, 0.0354218780994], [-0.00910750124604, 0.0323624275625, -0.0313354283571, 0.0272393915802, -0.0180465299636, 0.0177889633924, -0.0156613420695, 0.00863429903984, -0.0130179282278, 0.0102437874302, -0.0623338222504, 0.0792539566755, -0.0387950353324], [0.00491746934131, -0.0359964743257, 0.0284325797111, -0.0226188488305, 0.00607206299901, -0.00534250121564, 0.0198331866413, -0.00774742150679, 0.00693500740454, -0.0103610875085, 0.0354218780994, -0.0387950353324, 0.0749480649829]]
    },
    "melbands": {
        "dmean": [0.000216482891119, 0.000180473303772, 0.00048708266695, 0.000930742768105, 6.36960103293e-05, 5.13455452165e-05, 1.86695451703e-05, 2.18528857658e-05, 2.64135560428e-05, 0.000120263262943, 1.34267693284e-05, 1.24379248518e-05, 1.53973760462e-05, 2.4708935598e-05, 2.86515969492e-05, 9.39653909882e-06, 2.94557557936e-05, 3.18867932947e-05, 7.86072851042e-05, 8.00706911832e-05, 3.46342712874e-05, 4.41991687694e-05, 3.24039647239e-05, 2.39379551203e-05, 2.61721143033e-05, 1.80467213795e-05, 1.48179678945e-05, 8.16570627649e-06, 2.69168731393e-06, 5.74489467908e-06, 1.76564435606e-06, 6.14331042925e-07, 2.66458386022e-07, 2.7442588646e-08, 1.3824653422e-08, 2.67266013765e-08, 2.58662549157e-08, 1.02470600893e-08, 4.13853440406e-09, 2.10287876001e-09],
        "dmean2": [0.000325101485942, 0.000282041612081, 0.000833371654153, 0.00164495711215, 0.000112316236482, 8.24533271953e-05, 3.2015312172e-05, 3.77501492039e-05, 4.51982123195e-05, 0.000187075071153, 2.15319887502e-05, 2.02708870347e-05, 2.59640328295e-05, 4.18883319071e-05, 4.7277273552e-05, 1.53269666043e-05, 4.65079974674e-05, 5.29168682988e-05, 0.000125643098727, 0.000134737711051, 5.91424177401e-05, 7.79995825724e-05, 5.52874043933e-05, 4.13322632085e-05, 4.64355689473e-05, 3.11297626467e-05, 2.55405248026e-05, 1.38227496791e-05, 4.66326355308e-06, 9.87400380836e-06, 3.05557750835e-06, 1.03657919226e-06, 4.49161376537e-07, 4.84894187025e-08, 2.44783944225e-08, 4.48945733922e-08, 4.44377725728e-08, 1.75889098841e-08, 6.9174967976e-09, 3.50803164295e-09],
        "dvar": [4.52987798383e-08, 5.01868875347e-08, 2.71811188668e-07, 7.89686225744e-07, 6.28512619727e-09, 7.07108105402e-09, 3.02564889809e-10, 4.10961986663e-10, 7.96238130985e-10, 1.33218858167e-08, 2.16648476936e-10, 2.46619724642e-10, 2.58042059942e-10, 7.72664987547e-10, 7.55754181458e-10, 8.03417748996e-11, 9.46671185886e-10, 9.53691681183e-10, 6.79576306339e-09, 1.18797807147e-08, 8.70906069483e-10, 1.96538030295e-09, 8.86129836175e-10, 5.27032806286e-10, 5.9217919457e-10, 2.90692470095e-10, 1.95531868474e-10, 5.17727805072e-11, 5.92628463664e-12, 2.54007526818e-11, 2.356104244e-12, 2.73279500158e-13, 5.59020603245e-14, 5.81273024861e-16, 1.6629856087e-16, 6.13883528633e-16, 4.38962675286e-16, 8.55348031469e-17, 1.27655450397e-17, 3.06677605015e-18],
        "dvar2": [1.10588374014e-07, 1.33804718416e-07, 7.49044090753e-07, 2.24203267862e-06, 1.42148124382e-08, 1.86073574326e-08, 8.46522518749e-10, 1.20714349627e-09, 2.37429365058e-09, 3.51050530867e-08, 5.45265166352e-10, 6.46947218019e-10, 7.24396653773e-10, 2.08613926134e-09, 1.86903359456e-09, 2.02366595703e-10, 2.10995465544e-09, 2.08465977813e-09, 1.73023835259e-08, 3.37995977873e-08, 2.10674322432e-09, 5.53882939514e-09, 2.5021076322e-09, 1.4749690358e-09, 1.64194402519e-09, 8.0696566096e-10, 5.89445714461e-10, 1.42441961004e-10, 1.67008646496e-11, 7.11356390459e-11, 6.20101539561e-12, 7.65253962628e-13, 1.58359816146e-13, 1.63963386325e-15, 4.73425878341e-16, 1.71052300352e-15, 1.2002834851e-15, 2.34722358805e-16, 3.36291336825e-17, 8.85958495238e-18],
        "max": [0.0041180299595, 0.00330735789612, 0.00584483332932, 0.00993064977229, 0.00117815867998, 0.000969562679529, 0.000174823027919, 0.000167870835867, 0.000257118663285, 0.00190855609253, 0.000204843090614, 0.000257376144873, 0.00018373070634, 0.000315586803481, 0.000285498565063, 0.000110362292617, 0.000517456268426, 0.000437322625658, 0.000785225071013, 0.00116970133968, 0.000293133110972, 0.000350323389284, 0.000234735096456, 0.00017404530081, 0.000223366863793, 0.000168851285707, 0.000126335275127, 7.03633122612e-05, 2.20928559429e-05, 4.42565033154e-05, 1.52898319357e-05, 5.16608724865e-06, 2.44104035119e-06, 2.14759580786e-07, 1.07646592085e-07, 2.34377964148e-07, 2.19336143914e-07, 8.3584708932e-08, 3.42103447792e-08, 1.65455968926e-08],
        "mean": [0.000738549104426, 0.000528206466697, 0.0015087632928, 0.0032244483009, 0.000128134852275, 0.00010082263907, 3.58221768693e-05, 4.68770049338e-05, 5.90966228629e-05, 0.000550577649847, 4.93893421663e-05, 2.24269424507e-05, 2.85885344056e-05, 4.58490030724e-05, 6.13208394498e-05, 2.50960492849e-05, 8.02931390353e-05, 0.000101001096482, 0.000180742281373, 0.00015635912132, 7.90512567619e-05, 8.90640221769e-05, 7.54700886318e-05, 5.57731837034e-05, 6.39121353743e-05, 4.57095738966e-05, 3.73518050765e-05, 1.96566525119e-05, 7.6108817666e-06, 1.40984211612e-05, 4.87778606839e-06, 1.83577651569e-06, 6.9846629458e-07, 7.39190042509e-08, 3.86431828758e-08, 7.50328439381e-08, 7.9785323237e-08, 3.33171250588e-08, 1.50749670524e-08, 7.10123826408e-09],
        "median": [0.000662170001306, 0.000420517229941, 0.00136425346136, 0.00299101672135, 8.92341049621e-05, 3.50243572029e-05, 2.85890710074e-05, 4.20517098974e-05, 5.04957642988e-05, 0.000426527491072, 3.99713571824e-05, 1.87907189684e-05, 2.30371188081e-05, 3.7893994886e-05, 4.7322431783e-05, 2.10662437894e-05, 5.12114274898e-05, 8.15598614281e-05, 0.000130949963932, 9.06649438548e-05, 7.00224627508e-05, 7.51840125304e-05, 6.85532868374e-05, 4.98297558806e-05, 5.74939404032e-05, 4.21974764322e-05, 3.36975936079e-05, 1.74186061486e-05, 7.02499437466e-06, 1.25967153508e-05, 4.65124958282e-06, 1.72238253526e-06, 6.41314841232e-07, 6.88352841394e-08, 3.61573668783e-08, 6.88431001095e-08, 7.51864561721e-08, 3.0996254452e-08, 1.47747840629e-08, 6.63813981561e-09],
        "min": [5.82665643378e-06, 7.30635292712e-06, 1.65417895914e-05, 3.34544638463e-05, 6.53858796795e-06, 1.65943140473e-06, 2.4827256766e-06, 4.12676854467e-06, 5.9092826632e-06, 1.19753917716e-06, 3.63881298426e-07, 8.91158947525e-07, 1.83607608051e-06, 2.33248260884e-06, 1.21471634884e-06, 1.98678662855e-06, 4.85939744976e-06, 3.80105893782e-06, 4.04823549616e-06, 1.6722788132e-06, 3.89168781112e-06, 6.92344701747e-06, 9.61120440479e-06, 4.9730037972e-06, 2.22594781008e-06, 2.55561099038e-06, 2.11494193536e-06, 1.04513082988e-06, 3.17872917321e-07, 1.54262821184e-07, 1.27725925836e-07, 7.80913325116e-08, 5.48551426505e-08, 1.14537597184e-08, 7.23901338873e-09, 1.13443476835e-08, 8.71789396228e-09, 2.91530999341e-09, 1.87463933266e-09, 1.73652892066e-09],
        "var": [3.10751488541e-07, 2.13373496649e-07, 6.44910755909e-07, 3.33076377501e-06, 1.93980049801e-08, 2.1343174339e-08, 6.90955070937e-10, 7.36985139582e-10, 1.3887739847e-09, 2.29997823453e-07, 1.29879018651e-09, 3.42889494576e-10, 4.23218737833e-10, 1.09222009215e-09, 1.83837078893e-09, 2.86615231548e-10, 6.3299365749e-09, 4.61046933964e-09, 2.22930971461e-08, 2.86129946403e-08, 1.77207049035e-09, 2.58400190134e-09, 1.40051259478e-09, 7.78111020061e-10, 9.37751765129e-10, 4.51704840199e-10, 3.21713156115e-10, 1.04752685692e-10, 9.75700076289e-12, 4.71434800919e-11, 4.47226760833e-12, 5.81459414038e-13, 1.04473999168e-13, 9.53662113336e-16, 2.53436704741e-16, 1.07540584121e-15, 9.89136594321e-16, 1.57783087188e-16, 2.87537013736e-17, 6.76106992454e-18]
    },
    "mfcc": {
        "mean": [-617.740783691, 137.453201294, -67.7827606201, 69.606048584, 5.99488115311, 10.4001045227, 6.10878753662, -0.479680538177, 11.2375173569, 4.23262882233, -5.93711185455, -4.83039712906, -20.3141994476],
        "cov": [[201.112518311, -22.8676757812, -43.7967910767, -24.8596611023, -13.8344764709, 1.31989955902, -13.265173912, -15.124835968, 1.64032948017, 8.88055419922, 7.90960645676, 13.7271108627, 20.5963554382], [-22.8676757812, 85.8318405151, 48.135925293, 13.0128993988, -7.90638113022, -11.6265687943, 2.442486763, 4.18360805511, -2.61873960495, -1.37946534157, -0.15781609714, 4.73438739777, 3.51755619049], [-43.7967910767, 48.135925293, 63.6338043213, 28.8266048431, -4.79279947281, -4.75426769257, 4.67849159241, 6.86592721939, -8.54025650024, -3.84693956375, 2.00535964966, 9.1299571991, 3.33136582375], [-24.8596611023, 13.0128993988, 28.8266048431, 49.1888046265, 28.2345581055, 8.88323497772, -3.04279661179, -7.67113733292, -11.4309711456, -8.62145137787, -2.66605949402, 11.6967811584, 22.0459442139], [-13.8344764709, -7.90638113022, -4.79279947281, 28.2345581055, 69.8055648804, 32.7774543762, -11.4435501099, -23.7922477722, -15.8113794327, -5.78485059738, -1.3730802536, 11.8517694473, 31.2933273315], [1.31989955902, -11.6265687943, -4.75426769257, 8.88323497772, 32.7774543762, 45.8869514465, 10.7749643326, -10.9000396729, -12.0383720398, -3.61644053459, 1.50114405155, 7.33095932007, 13.2521457672], [-13.265173912, 2.442486763, 4.67849159241, -3.04279661179, -11.4435501099, 10.7749643326, 39.3791542053, 17.0513706207, 0.697328865528, 0.246739551425, 3.67920541763, 1.73101019859, -12.206580162], [-15.124835968, 4.18360805511, 6.86592721939, -7.67113733292, -23.7922477722, -10.9000396729, 17.0513706207, 42.7613754272, 21.1123256683, 8.08918952942, 4.86489963531, -5.01767873764, -22.4027481079], [1.64032948017, -2.61873960495, -8.54025650024, -11.4309711456, -15.8113794327, -12.0383720398, 0.697328865528, 21.1123256683, 44.5613746643, 23.2106266022, 4.51196050644, -12.5462522507, -18.8643341064], [8.88055419922, -1.37946534157, -3.84693956375, -8.62145137787, -5.78485059738, -3.61644053459, 0.246739551425, 8.08918952942, 23.2106266022, 39.0788421631, 16.7998352051, -5.59053039551, -12.6890954971], [7.90960645676, -0.15781609714, 2.00535964966, -2.66605949402, -1.3730802536, 1.50114405155, 3.67920541763, 4.86489963531, 4.51196050644, 16.7998352051, 33.1113166809, 11.6275148392, -1.88649654388], [13.7271108627, 4.73438739777, 9.1299571991, 11.6967811584, 11.8517694473, 7.33095932007, 1.73101019859, -5.01767873764, -12.5462522507, -5.59053039551, 11.6275148392, 37.4377822876, 26.8838119507], [20.5963554382, 3.51755619049, 3.33136582375, 22.0459442139, 31.2933273315, 13.2521457672, -12.206580162, -22.4027481079, -18.8643341064, -12.6890954971, -1.88649654388, 26.8838119507, 61.1604232788]],
