{
"lowlevel": {
    "average_loudness": 0.989765286446,
    "barkbands_crest": {
        "dmean": 2.70512461662,
        "dmean2": 4.28024435043,
        "dvar": 5.79355049133,
        "dvar2": 11.479300499,
        "max": 25.3547916412,
        "mean": 9.40148162842,
        "median": 7.70411729813,
        "min": 2.82397985458,
        "var": 32.2994537354
    },
    "barkbands_flatness_db": {
        "dmean": 0.015305028297,
        "dmean2": 0.0207392368466,
        "dvar": 0.000296919781249,
        "dvar2": 0.000356676639058,
        "max": 0.323111921549,
        "mean": 0.151954755187,
        "median": 0.138218060136,
        "min": 0.102608129382,
        "var": 0.00201245490462
    },
    "barkbands_kurtosis": {
        "dmean": 2.25337910652,
        "dmean2": 3.03456115723,
        "dvar": 33.82264328,
        "dvar2": 51.1157035828,
        "max": 70.965423584,
        "mean": 1.54122841358,
        "median": -1.17417562008,
        "min": -1.80652809143,
        "var": 87.4610366821
    },
    "barkbands_skewness": {
        "dmean": 0.585027039051,
        "dmean2": 0.774914085865,
        "dvar": 0.377438396215,
        "dvar2": 0.501549959183,
        "max": 7.90547609329,
        "mean": 0.51424241066,
        "median": 0.0474884994328,
        "min": -1.73333847523,
        "var": 2.59025001526
    },
    "barkbands_spread": {
        "dmean": 7.31561803818,
        "dmean2": 11.5032463074,
        "dvar": 41.6933517456,
        "dvar2": 79.3803253174,
        "max": 57.6493721008,
        "mean": 36.0558738708,
        "median": 37.4253349304,
        "min": 2.49759459496,
        "var": 158.693130493
    },
    "dissonance": {
        "dmean": 0.0062430226244,
        "dmean2": 0.0110557405278,
        "dvar": 2.94068850053e-05,
        "dvar2": 8.92303723958e-05,
        "max": 0.5,
        "mean": 0.490604013205,
        "median": 0.492071688175,
        "min": 0.467662662268,
        "var": 3.75878662453e-05
    },
    "dynamic_complexity": 1.87883079052,
    "erbbands_crest": {
        "dmean": 2.302942276,
        "dmean2": 3.94346261024,
        "dvar": 3.77986764908,
        "dvar2": 11.2952051163,
        "max": 16.6281909943,
        "mean": 7.79750156403,
        "median": 7.35422515869,
        "min": 3.95812606812,
        "var": 5.67304801941
    },
    "erbbands_flatness_db": {
        "dmean": 0.0108401682228,
        "dmean2": 0.0175820179284,
        "dvar": 8.81824962562e-05,
        "dvar2": 0.000228779070312,
        "max": 0.2728125453,
        "mean": 0.218207001686,
        "median": 0.222337707877,
        "min": 0.165070384741,
        "var": 0.000343210384017
    },
    "erbbands_kurtosis": {
        "dmean": 1.45728361607,
        "dmean2": 2.47949409485,
        "dvar": 1.90484011173,
        "dvar2": 5.56168079376,
        "max": 7.98592948914,
        "mean": 2.08154344559,
        "median": 1.74754810333,
        "min": -1.62803673744,
        "var": 3.6425614357
    },
    "erbbands_skewness": {
        "dmean": 0.383720576763,
        "dmean2": 0.642919242382,
        "dvar": 0.080531463027,
        "dvar2": 0.256218850613,
        "max": -0.0250150505453,
        "mean": -1.25562298298,
        "median": -1.26848757267,
        "min": -2.23504734039,
        "var": 0.174014598131
    },
    "erbbands_spread": {
        "dmean": 6.28822898865,
        "dmean2": 9.58727550507,
        "dvar": 42.843536377,
        "dvar2": 82.9750900269,
        "max": 81.009803772,
        "mean": 25.6088352203,
        "median": 21.3193569183,
        "min": 8.94004154205,
        "var": 174.775009155
    },
    "hfc": {
        "dmean": 7.02211475372,
        "dmean2": 10.8979787827,
        "dvar": 66.5773468018,
        "dvar2": 179.509414673,
        "max": 75.381187439,
        "mean": 26.9579143524,
        "median": 27.690114975,
        "min": 3.38081169128,
        "var": 225.101654053
    },
    "melbands_crest": {
        "dmean": 3.82843923569,
        "dmean2": 5.99069213867,
        "dvar": 10.0237360001,
        "dvar2": 21.7734165192,
        "max": 29.5800056458,
        "mean": 14.4064731598,
        "median": 13.8456707001,
        "min": 4.05206346512,
        "var": 45.7009468079
    },
    "melbands_flatness_db": {
        "dmean": 0.0245176758617,
        "dmean2": 0.0325192995369,
        "dvar": 0.000529866665602,
        "dvar2": 0.000712826556992,
        "max": 0.421594589949,
        "mean": 0.184251740575,
        "median": 0.16598662734,
        "min": 0.084642380476,
        "var": 0.00469035701826
    },
    "melbands_kurtosis": {
        "dmean": 6.41453266144,
        "dmean2": 8.53264141083,
        "dvar": 257.636230469,
        "dvar2": 343.505096436,
        "max": 180.975021362,
        "mean": 9.99243545532,
        "median": 0.396063089371,
        "min": -1.65300965309,
        "var": 870.398498535
    },
    "melbands_skewness": {
        "dmean": 0.793947219849,
        "dmean2": 1.03139531612,
        "dvar": 0.773819863796,
        "dvar2": 0.878853142262,
        "max": 11.3111228943,
        "mean": 2.03217744827,
        "median": 1.3497068882,
        "min": -0.593151271343,
        "var": 5.69863176346
    },
    "melbands_spread": {
        "dmean": 11.1008110046,
        "dmean2": 17.6005191803,
        "dvar": 112.022636414,
        "dvar2": 294.532165527,
        "max": 96.4975585938,
        "mean": 52.5825843811,
        "median": 58.8410263062,
        "min": 1.52135694027,
        "var": 517.528808594
    },
    "pitch_salience": {
        "dmean": 0.0678856596351,
        "dmean2": 0.105400070548,
        "dvar": 0.00404654582962,
        "dvar2": 0.00862225610763,
        "max": 0.782121062279,
        "mean": 0.557590782642,
        "median": 0.585588932037,
        "min": 0.146387174726,
        "var": 0.0171107817441
    },
    "silence_rate_20dB": {
        "dmean": 0,
        "dmean2": 0,
        "dvar": 0,
        "dvar2": 0,
        "max": 1,
        "mean": 1,
        "median": 1,
        "min": 1,
        "var": 0
    },
    "silence_rate_30dB": {
        "dmean": 0,
        "dmean2": 0,
        "dvar": 0,
        "dvar2": 0,
        "max": 1,
        "mean": 1,
        "median": 1,
        "min": 1,
        "var": 0
    },
    "silence_rate_60dB": {
        "dmean": 0,
        "dmean2": 0,
        "dvar": 0,
        "dvar2": 0,
        "max": 0,
        "mean": 0,
        "median": 0,
        "min": 0,
        "var": 0
    },
    "spectral_centroid": {
        "dmean": 219.911300659,
        "dmean2": 330.152954102,
        "dvar": 44716.671875,
        "dvar2": 106526.210938,
        "max": 3037.52514648,
        "mean": 2439.28442383,
        "median": 2532.64111328,
        "min": 860.005859375,
        "var": 171147.046875
    },
    "spectral_complexity": {
        "dmean": 4.59411764145,
        "dmean2": 7.06508874893,
        "dvar": 16.0999908447,
        "dvar2": 30.2620487213,
        "max": 51,
        "mean": 32.8304100037,
        "median": 37,
        "min": 2,
        "var": 133.626235962
    },
    "spectral_decrease": {
        "dmean": 9.38095823244e-10,
        "dmean2": 1.39426936663e-09,
        "dvar": 6.26810895016e-19,
        "dvar2": 1.1695460152e-18,
        "max": -1.0421185026e-09,
        "mean": -5.02534103219e-09,
        "median": -5.02439156946e-09,
        "min": -1.01011554676e-08,
        "var": 2.71220880289e-18
    },
    "spectral_energy": {
        "dmean": 0.00390386162326,
        "dmean2": 0.00591544713825,
        "dvar": 1.02881440398e-05,
        "dvar2": 2.13856365008e-05,
        "max": 0.038553584367,
        "mean": 0.021411947906,
        "median": 0.0219994969666,
        "min": 0.00439566746354,
        "var": 4.36468726548e-05
    },
    "spectral_energyband_high": {
        "dmean": 0.000246008188697,
        "dmean2": 0.00040137176984,
        "dvar": 9.05832138187e-08,
        "dvar2": 2.38277365838e-07,
        "max": 0.00278209079988,
        "mean": 0.000652772549074,
        "median": 0.000590710609686,
        "min": 2.24007417273e-05,
        "var": 2.04768227263e-07
    },
    "spectral_energyband_low": {
        "dmean": 0.00305662374012,
        "dmean2": 0.00415405724198,
        "dvar": 9.28469398787e-06,
        "dvar2": 1.29918289531e-05,
        "max": 0.0361222140491,
        "mean": 0.00793801899999,
        "median": 0.00585330324247,
        "min": 0.000247435003985,
        "var": 5.43605456187e-05
    },
    "spectral_energyband_middle_high": {
        "dmean": 0.00274474755861,
        "dmean2": 0.00415916461498,
        "dvar": 8.02284375823e-06,
        "dvar2": 2.06365912163e-05,
        "max": 0.0262721441686,
        "mean": 0.00962038245052,
        "median": 0.00988648179919,
        "min": 0.000381854508305,
        "var": 3.30747461703e-05
    },
    "spectral_energyband_middle_low": {
        "dmean": 0.00203931075521,
        "dmean2": 0.00328515376896,
        "dvar": 4.9233176469e-06,
        "dvar2": 1.15428365461e-05,
        "max": 0.0217029191554,
        "mean": 0.00472430791706,
        "median": 0.00383203756064,
        "min": 0.000411873741541,
        "var": 1.19616088341e-05
    },
    "spectral_entropy": {
        "dmean": 0.0569000057876,
        "dmean2": 0.0894157513976,
        "dvar": 0.00484378403053,
        "dvar2": 0.00800083484501,
        "max": 8.38693809509,
        "mean": 7.6314291954,
        "median": 7.63504076004,
        "min": 7.41535663605,
        "var": 0.00781557988375
    },
    "spectral_flux": {
        "dmean": 0.0123382890597,
        "dmean2": 0.0196254998446,
        "dvar": 0.000116257062473,
        "dvar2": 0.000295299978461,
        "max": 0.139706879854,
        "mean": 0.0785066559911,
        "median": 0.0796092674136,
        "min": 0.0312715880573,
        "var": 0.000501633156091
    },
    "spectral_kurtosis": {
        "dmean": 2.4828414917,
        "dmean2": 4.52772569656,
        "dvar": 4.04368066788,
        "dvar2": 12.9911937714,
        "max": 11.3561172485,
        "mean": 4.44630527496,
        "median": 4.17095041275,
        "min": 0.484187602997,
        "var": 5.19950056076
    },
    "spectral_rms": {
        "dmean": 0.000422509852797,
        "dmean2": 0.000630181282759,
        "dvar": 1.17832172464e-07,
        "dvar2": 2.31236711556e-07,
        "max": 0.00613296451047,
        "mean": 0.00450591603294,
        "median": 0.00463280966505,
        "min": 0.00207085884176,
        "var": 5.86420071613e-07
    },
    "spectral_rolloff": {
        "dmean": 349.597808838,
        "dmean2": 597.323425293,
        "dvar": 221765.53125,
        "dvar2": 388438.09375,
        "max": 3811.37695312,
        "mean": 2549.48071289,
        "median": 2799.31640625,
        "min": 86.1328125,
        "var": 925348.875
    },
    "spectral_skewness": {
        "dmean": 0.271866619587,
        "dmean2": 0.469027787447,
        "dvar": 0.0454856492579,
        "dvar2": 0.128156095743,
        "max": 2.3227148056,
        "mean": 0.681198596954,
        "median": 0.646359801292,
        "min": 0.0629664510489,
        "var": 0.100703030825
    },
    "spectral_spread": {
        "dmean": 261389.78125,
        "dmean2": 381530.21875,
        "dvar": 1.41276859597e+12,
        "dvar2": 1.37632690995e+12,
        "max": 18036054,
        "mean": 2336858.5,
        "median": 2195846,
        "min": 1824389.625,
        "var": 1.50334511514e+12
    },
    "spectral_strongpeak": {
        "dmean": 0.668551385403,
        "dmean2": 1.16666138172,
        "dvar": 1.42645895481,
        "dvar2": 3.83323144913,
        "max": 7.00033950806,
        "mean": 0.760985195637,
        "median": 0.276658803225,
        "min": 0.0710470378399,
        "var": 1.40593397617
    },
    "zerocrossingrate": {
        "dmean": 0.00920266564935,
        "dmean2": 0.0102914664894,
        "dvar": 6.51584123261e-05,
        "dvar2": 7.91408747318e-05,
        "max": 0.1162109375,
        "mean": 0.0764602720737,
        "median": 0.08447265625,
        "min": 0.00390625,
        "var": 0.000734732777346
    },
    "barkbands": {
        "dmean": [3.40998267347e-05, 0.00274479878135, 0.000415496469941, 0.00147134694271, 0.000626104185358, 0.000140174073749, 0.000294397526886, 6.75473565934e-05, 0.000312041694997, 0.000347020948539, 0.000255638849922, 0.000535448547453, 9.7915311926e-05, 0.000516033556778, 0.000384865532396, 0.000591769698076, 0.00136593205389, 0.000474356202176, 0.000735790410545, 0.000239496541326, 0.000181922805496, 3.36544617312e-05, 1.30804357923e-06, 4.04452248404e-06, 9.94535980681e-07, 5.53245570245e-07, 3.60134819744e-08],
        "dmean2": [5.53566278541e-05, 0.00370979192667, 0.0007091172738, 0.00230365199968, 0.00107224122621, 0.000232117745327, 0.000468234735308, 0.000114850940008, 0.000539837754332, 0.000591795891523, 0.00043125776574, 0.000878840975929, 0.000160359355505, 0.000835029524751, 0.000659768818878, 0.000989907654002, 0.00223152362742, 0.000800876819994, 0.00124279689044, 0.000383372564102, 0.000302104337607, 5.40086803085e-05, 2.09940230889e-06, 6.32062028671e-06, 1.58031514275e-06, 9.42537951687e-07, 4.90736660197e-08],
        "dvar": [2.92731527907e-09, 9.46146155911e-06, 3.38883097584e-07, 4.16272041548e-06, 7.86361169958e-07, 5.01220398519e-08, 1.1998656646e-07, 8.90473206283e-09, 1.55459829898e-07, 2.03028164947e-07, 1.46078463104e-07, 8.0016263837e-07, 3.03490139686e-08, 4.54621357449e-07, 2.34356662077e-07, 3.87642614896e-07, 2.99948669635e-06, 3.10710532858e-07, 9.07278717932e-07, 5.6306888041e-08, 3.61994061393e-08, 1.86952209269e-09, 3.46072216023e-12, 6.18313317213e-11, 5.36127045536e-12, 2.33658101548e-12, 4.00910892212e-14],
        "dvar2": [6.16396444997e-09, 1.24144207803e-05, 7.83718519415e-07, 9.22700564843e-06, 2.43957765633e-06, 1.36793531169e-07, 2.8939200547e-07, 2.46308200502e-08, 4.70250085982e-07, 5.16286831953e-07, 3.76291808379e-07, 1.9626604626e-06, 7.39234877756e-08, 1.14353213121e-06, 5.52740686999e-07, 1.09849190721e-06, 8.37508650875e-06, 9.48013450852e-07, 2.58528848462e-06, 1.58002904982e-07, 9.60000292594e-08, 4.31402646939e-09, 7.79628271663e-12, 1.5097796624e-10, 1.15197920647e-11, 5.46818753472e-12, 4.53208502085e-14],
        "max": [0.000534709426574, 0.0355934351683, 0.00371930422261, 0.0194814298302, 0.0070308605209, 0.00234458013438, 0.00425817584619, 0.00109104323201, 0.00280891428702, 0.00350992381573, 0.0039616106078, 0.00981441885233, 0.00185717688873, 0.00495999818668, 0.00351740070619, 0.00444150809199, 0.0132219037041, 0.00411475496367, 0.00637098122388, 0.00238588033244, 0.00147596106399, 0.000305161549477, 1.69962786458e-05, 6.00959065196e-05, 1.73047483258e-05, 1.27160055854e-05, 2.50982293437e-06],
        "mean": [4.98028712173e-05, 0.0058235200122, 0.000591375690419, 0.00228782556951, 0.000964195642155, 0.00017813660088, 0.000674133538269, 0.000146386635606, 0.000414368958445, 0.000480463146232, 0.000378523516702, 0.000680060591549, 0.000159081784659, 0.000872454955243, 0.000701971410308, 0.00119771750178, 0.00236479821615, 0.000968765642028, 0.00142148893792, 0.000600885250606, 0.000372095586499, 7.2193419328e-05, 2.81188590634e-06, 6.81203846398e-06, 1.41409873322e-06, 6.44559463581e-07, 3.91228880403e-08],
        "median": [2.44628663495e-05, 0.00360965076834, 0.0003132125712, 0.000966393738054, 0.000637750374153, 0.00011209207878, 0.000309919385472, 6.63328246446e-05, 0.000255359278526, 0.000246399693424, 0.000286631984636, 0.000395315903006, 0.000105540711957, 0.000609197420999, 0.00054026779253, 0.00115090224426, 0.0018960199086, 0.000828299438581, 0.00118664267939, 0.000538252294064, 0.000321518833516, 5.90286108491e-05, 2.16466605707e-06, 4.25162215834e-06, 4.53371370668e-07, 9.05915413796e-08, 1.05544275542e-08],
        "min": [5.61883666705e-07, 3.62290738849e-05, 5.32405510967e-06, 3.58020624844e-05, 5.2244264225e-05, 4.36275331595e-06, 8.200121556e-06, 3.77323362954e-06, 9.30872829485e-06, 8.5917818069e-06, 1.26907953018e-05, 2.2584481485e-05, 4.45320210929e-06, 2.08357123483e-05, 2.05203195947e-05, 5.87308641116e-05, 3.4582313674e-05, 3.60424019163e-05, 4.26609294664e-05, 2.5488612664e-05, 1.48464550875e-05, 2.86178647002e-06, 1.47178710108e-07, 2.87168433033e-07, 3.48940787376e-08, 8.09071476482e-09, 1.73478953425e-09],
        "var": [5.66296920468e-09, 5.28550190211e-05, 5.69900294067e-07, 9.89672298601e-06, 1.10377845886e-06, 4.99927494957e-08, 8.12077985302e-07, 3.88328587064e-08, 2.25017586786e-07, 4.09280318081e-07, 1.92563106793e-07, 9.62126136983e-07, 4.15534024967e-08, 6.89492082984e-07, 3.72092273437e-07, 6.84053986788e-07, 4.40138273916e-06, 5.264560059e-07, 1.27336659261e-06, 1.81918025532e-07, 7.20534956145e-08, 3.46025696984e-09, 6.7034741473e-12, 8.21032131171e-11, 7.90408016815e-12, 2.60686242558e-12, 3.92372088596e-14]
    },
    "erbbands": {
        "dmean": [0.0890379101038, 0.594446897507, 0.403384566307, 2.98648571968, 3.55651497841, 1.68006014824, 0.837293565273, 1.23604214191, 2.22378063202, 4.3491601944, 1.81493866444, 8.69930458069, 5.45761346817, 13.7152471542, 11.5414295197, 20.7666282654, 4.18698740005, 14.5934143066, 27.0584583282, 20.8907699585, 36.4083480835, 76.9679260254, 26.5881443024, 34.3717918396, 29.7907447815, 11.9254875183, 6.89393043518, 5.82903051376, 1.44237482548, 0.2356595397, 0.0479610338807, 0.0962074622512, 0.052368607372, 0.0198958572, 0.00251397886313, 0.00305582978763, 0.000879303086549, 6.30850117886e-05, 6.7006781137e-06, 5.04578065375e-06],
        "dmean2": [0.11331217736, 0.831199944019, 0.659847676754, 4.6017780304, 6.10706663132, 2.9344933033, 1.406498909, 2.09520459175, 3.38196563721, 7.13642644882, 3.03402113914, 15.0434799194, 8.7578125, 23.6511077881, 18.4314422607, 34.452545166, 6.15666818619, 23.5787200928, 43.808216095, 35.5407752991, 59.453666687, 127.451972961, 45.6210479736, 57.252040863, 50.9918823242, 19.733335495, 11.4423446655, 9.50344657898, 2.32222747803, 0.373774349689, 0.0749351605773, 0.150614693761, 0.0793842375278, 0.0316988378763, 0.0038242531009, 0.00500737130642, 0.00148341909517, 9.54833230935e-05, 9.3918561106e-06, 7.80495247454e-06],
        "dvar": [0.0118970060721, 0.403607398272, 0.23036198318, 18.7189178467, 14.2667350769, 4.80690431595, 1.33720076084, 2.99080657959, 7.2631778717, 27.519361496, 4.66929292679, 138.943130493, 52.4661827087, 336.666748047, 286.037506104, 1206.54785156, 29.4456863403, 354.259277344, 1254.32861328, 600.921264648, 1408.82727051, 10044.6015625, 962.626098633, 2338.45019531, 1733.64501953, 167.492019653, 53.0539703369, 43.7027244568, 3.6916680336, 0.124458707869, 0.00502302171662, 0.0332419686019, 0.00996125489473, 0.00205809972249, 2.90855241474e-05, 6.15517783444e-05, 5.94045013713e-06, 3.46472930346e-08, 7.51765816265e-10, 2.04144895433e-11],
        "dvar2": [0.0150022432208, 0.5842872262, 0.614502966404, 37.249004364, 38.5843467712, 13.9694070816, 3.65978240967, 7.92884874344, 16.9472885132, 73.1493988037, 11.873913765, 415.154174805, 141.151702881, 931.091918945, 719.214172363, 2888.32348633, 52.0798568726, 902.254821777, 3027.78979492, 1534.671875, 4316.6015625, 28188.2226562, 2725.83276367, 6507.13378906, 4983.22119141, 479.70098877, 137.961395264, 117.424835205, 8.63744926453, 0.27938079834, 0.0113477036357, 0.0850686952472, 0.0232551712543, 0.00427445210516, 5.67780043639e-05, 0.000144544392242, 1.3899411897e-05, 6.26924290259e-08, 7.76506636768e-10, 4.22764670494e-11],
        "max": [1.21160340309, 7.59630346298, 4.09897041321, 45.2576637268, 23.7334918976, 16.5111846924, 12.019657135, 16.3886604309, 36.3426780701, 49.0513458252, 20.4528484344, 85.2791824341, 84.9737930298, 120.267745972, 167.753387451, 378.011566162, 57.6434822083, 161.628173828, 249.87046814, 199.677505493, 289.825073242, 723.695617676, 262.335327148, 445.62689209, 321.901153564, 113.161132812, 59.7057723999, 51.1927223206, 14.8116579056, 2.41741132736, 0.564180195332, 1.36586582661, 0.773802101612, 0.341528922319, 0.0415146797895, 0.0646703019738, 0.0199102498591, 0.00159739225637, 0.00036948476918, 5.57791681786e-05],
        "mean": [0.185660272837, 1.2390652895, 0.834840714931, 5.22158765793, 5.22460794449, 2.56964373589, 1.22354412079, 1.69001615047, 5.66864681244, 9.4211359024, 3.81984877586, 11.2900018692, 8.71219921112, 19.3967876434, 18.2987422943, 26.6825256348, 8.94759654999, 28.3801593781, 48.169303894, 43.1425590515, 80.817527771, 132.421081543, 60.731388092, 71.6655960083, 58.6691551208, 29.2477359772, 15.3091564178, 11.7743835449, 3.26703453064, 0.506252527237, 0.104530580342, 0.171313554049, 0.0792231410742, 0.0282228346914, 0.00393699621782, 0.00357564748265, 0.00100017199293, 7.0716108894e-05, 1.92023871932e-05, 2.79480191239e-05],
        "median": [0.109895676374, 0.800525069237, 0.61520844698, 2.20182561874, 3.81010556221, 1.69137716293, 0.984465897083, 1.01049089432, 2.5182788372, 4.945333004, 2.48998141289, 6.89315509796, 4.45967197418, 12.4424028397, 13.4724788666, 15.0913915634, 7.02880430222, 20.5745048523, 34.8639717102, 37.0522689819, 79.8502502441, 100.729896545, 52.6944046021, 64.9717636108, 52.7194976807, 25.785905838, 14.3815851212, 9.67024898529, 2.68043088913, 0.408463180065, 0.0832915604115, 0.121828325093, 0.0391701571643, 0.0101418532431, 0.00112931441981, 0.000616878038272, 0.000125605700305, 1.35518985189e-05, 1.63035801961e-05, 2.8859167287e-05],
        "min": [0.000561907247175, 0.0143475905061, 0.0296328961849, 0.137644201517, 0.183884054422, 0.151057317853, 0.0665135756135, 0.0493645891547, 0.069098085165, 0.124460913241, 0.156175643206, 0.258010804653, 0.139012679458, 0.40136501193, 0.601379513741, 0.885478496552, 0.323204368353, 0.917605161667, 2.78512883186, 2.14341783524, 3.24927997589, 2.1179523468, 1.95572030544, 1.82565867901, 2.3643116951, 1.09876334667, 0.432616531849, 0.62127238512, 0.152414426208, 0.0223307423294, 0.00587010150775, 0.00706129102036, 0.00254887598567, 0.000642500235699, 0.000106170416984, 6.40948055661e-05, 1.65230758284e-05, 1.56512703597e-06, 3.13803820973e-06, 5.61964498047e-06],
        "var": [0.0592373237014, 2.29477739334, 0.448239505291, 52.5767211914, 23.5199394226, 6.9861330986, 1.34450924397, 3.57264709473, 59.9277687073, 113.702339172, 14.5800819397, 201.234939575, 131.625061035, 510.78527832, 413.524078369, 1477.9609375, 77.9764862061, 650.899291992, 1935.4675293, 1028.1295166, 2824.02441406, 14283.3759766, 1862.41333008, 3004.8269043, 2395.13598633, 436.777954102, 114.583206177, 79.4553222656, 6.69323396683, 0.202579349279, 0.00968524534255, 0.0432164818048, 0.0141060287133, 0.0029856164474, 5.73113211431e-05, 7.15735586709e-05, 6.67520225761e-06, 3.78432680748e-08, 8.05383093549e-10, 7.53067816439e-11]
    },
    "gfcc": {
        "mean": [-20.9976520538, 124.467643738, -180.226669312, 72.0873794556, -25.1729259491, -2.37032842636, -12.3234605789, 5.88426876068, -12.7384538651, -6.76888084412, -10.3881626129, -11.5606164932, 1.45829749107],
        "cov": [[1434.64880371, -459.024627686, -382.419525146, -330.340545654, -314.074554443, 11.2468233109, -187.311599731, 58.4121742249, -215.943862915, 1.11659300327, -130.512390137, 96.512512207, -91.0035400391], [-459.024627686, 463.513641357, 96.2400665283, 110.10723877, 60.8209037781, -69.2541427612, 117.792533875, -46.7162780762, 119.473815918, -45.6125907898, 85.6270141602, -70.8792724609, 49.7696533203], [-382.419525146, 96.2400665283, 328.555389404, 111.271461487, 201.078933716, 92.5463027954, 36.2960853577, 4.78727149963, 4.22238779068, 21.1979503632, 13.273806572, 10.8713331223, 10.8899116516], [-330.340545654, 110.10723877, 111.271461487, 158.868621826, 113.175697327, 13.102517128, 49.1542205811, -15.7657661438, 66.0382156372, 16.1595249176, 43.6224250793, -26.0213871002, 33.3050117493], [-314.074554443, 60.8209037781, 201.078933716, 113.175697327, 180.773956299, 86.8503112793, 40.7078208923, 2.8208258152, 16.5994720459, 16.8384113312, 17.0457744598, 0.940078020096, 16.8528938293], [11.2468233109, -69.2541427612, 92.5463027954, 13.102517128, 86.8503112793, 117.041000366, 10.3744487762, 23.434797287, -45.0277061462, 13.6578140259, -17.4747695923, 30.03399086, -4.57024145126], [-187.311599731, 117.792533875, 36.2960853577, 49.1542205811, 40.7078208923, 10.3744487762, 88.2664642334, 14.3727941513, 58.4294242859, -2.01195907593, 37.9846534729, -12.0726490021, 32.0545654297], [58.4121742249, -46.7162780762, 4.78727149963, -15.7657661438, 2.8208258152, 23.434797287, 14.3727941513, 54.1192893982, 18.1511058807, 27.5510349274, 3.80950450897, 24.0691871643, 4.21522665024], [-215.943862915, 119.473815918, 4.22238779068, 66.0382156372, 16.5994720459, -45.0277061462, 58.4294242859, 18.1511058807, 121.835624695, 34.5793762207, 61.0126152039, -20.2755680084, 36.9441337585], [1.11659300327, -45.6125907898, 21.1979503632, 16.1595249176, 16.8384113312, 13.6578140259, -2.01195907593, 27.5510349274, 34.5793762207, 63.8923377991, 30.3337135315, 22.7378921509, 9.73406791687], [-130.512390137, 85.6270141602, 13.273806572, 43.6224250793, 17.0457744598, -17.4747695923, 37.9846534729, 3.80950450897, 61.0126152039, 30.3337135315, 68.5927734375, 7.47656965256, 29.4020881653], [96.512512207, -70.8792724609, 10.8713331223, -26.0213871002, 0.940078020096, 30.03399086, -12.0726490021, 24.0691871643, -20.2755680084, 22.7378921509, 7.47656965256, 54.7582931519, 9.21194171906], [-91.0035400391, 49.7696533203, 10.8899116516, 33.3050117493, 16.8528938293, -4.57024145126, 32.0545654297, 4.21522665024, 36.9441337585, 9.73406791687, 29.4020881653, 9.21194171906, 46.4024581909]],
        "icov": [[0.0032917780336, -0.00161041109823, 0.00277856271714, -0.000399214157369, 0.00355279515497, -0.00209361803718, 0.00240057101473, -0.0040440550074, 0.00480935443193, -0.00396046601236, 0.00291981967166, -0.00231473636813, 0.00064119749004], [-0.00161041109823, 0.0105951223522, -0.00653005531058, 0.00329298735596, -2.24284958676e-05, 0.00111746287439, -0.00384463835508, 0.00574188958853, -0.00847046636045, 0.0145866377279, -0.0138715878129, 0.00852071680129, -0.0023188854102], [0.00277856271714, -0.00653005531058, 0.0158430691808, -0.00089520891197, -0.0129948742688, 0.00396774057299, 7.34569839551e-05, -0.00510931620374, 0.0106650125235, -0.0132983950898, 0.0111193349585, -0.00933301262558, 0.0040071438998], [-0.000399214157369, 0.00329298735596, -0.00089520891197, 0.0231121238321, -0.0144186578691, 0.00194252096117, -0.000103840626252, 0.00803565047681, -0.00750995287672, 0.00189339276403, -0.00780069362372, 0.0105113079771, -0.00748550379649], [0.00355279515497, -2.24284958676e-05, -0.0129948742688, -0.0144186578691, 0.0466167517006, -0.0268972329795, 0.00755722261965, -0.00106637051795, -0.00554974982515, 0.00525773968548, -0.00149427645374, 0.00155064812861, -0.000358620280167], [-0.00209361803718, 0.00111746287439, 0.00396774057299, 0.00194252096117, -0.0268972329795, 0.042708568275, -0.0214465111494, -0.00535151967779, 0.0227345060557, -0.0158503297716, 0.00873015262187, -0.00670905318111, 0.00267130089924], [0.00240057101473, -0.00384463835508, 7.34569839551e-05, -0.000103840626252, 0.00755722261965, -0.0214465111494, 0.045684017241, -0.0198094435036, -0.0112559786066, 0.0217609293759, -0.0176929309964, 0.0124719729647, -0.0125953136012], [-0.0040440550074, 0.00574188958853, -0.00510931620374, 0.00803565047681, -0.00106637051795, -0.00535151967779, -0.0198094435036, 0.0583890601993, -0.0301172304899, -0.00573314959183, 0.0152669530362, -0.0200679562986, 0.00907360203564], [0.00480935443193, -0.00847046636045, 0.0106650125235, -0.00750995287672, -0.00554974982515, 0.0227345060557, -0.0112559786066, -0.0301172304899, 0.0627953484654, -0.0356372818351, -0.000228830860578, 0.0128076514229, -0.00874679349363], [-0.00396046601236, 0.0145866377279, -0.0132983950898, 0.00189339276403, 0.00525773968548, -0.0158503297716, 0.0217609293759, -0.00573314959183, -0.0356372818351, 0.0715429261327, -0.0416423007846, 0.00836436450481, -0.00154182943515], [0.00291981967166, -0.0138715878129, 0.0111193349585, -0.00780069362372, -0.00149427645374, 0.00873015262187, -0.0176929309964, 0.0152669530362, -0.000228830860578, -0.0416423007846, 0.0716012716293, -0.0381288453937, 0.00694996956736], [-0.00231473636813, 0.00852071680129, -0.00933301262558, 0.0105113079771, 0.00155064812861, -0.00670905318111, 0.0124719729647, -0.0200679562986, 0.0128076514229, 0.00836436450481, -0.0381288453937, 0.0666403248906, -0.0280709154904], [0.00064119749004, -0.0023188854102, 0.0040071438998, -0.00748550379649, -0.000358620280167, 0.00267130089924, -0.0125953136012, 0.00907360203564, -0.00874679349363, -0.00154182943515, 0.00694996956736, -0.0280709154904, 0.0464537031949]]
    },
    "melbands": {
        "dmean": [0.000806209340226, 0.000369306711946, 0.000517447537277, 0.00018725064001, 3.04356053675e-05, 2.66709521384e-05, 4.52664135082e-05, 3.98482370656e-05, 2.15649306483e-05, 5.19207605976e-05, 2.83286190097e-05, 5.74520636292e-05, 3.75865747628e-05, 7.39168244763e-05, 2.02795217774e-05, 1.15184993774e-05, 3.20831604768e-05, 5.35269864486e-05, 2.74364065262e-05, 3.88957196265e-05, 4.67104291602e-05, 8.50439682836e-05, 5.03830597154e-05, 1.64320317708e-05, 3.17039011861e-05, 2.98725826724e-05, 1.34291703944e-05, 7.44630460758e-06, 3.27231373376e-06, 6.59976558381e-06, 2.53372900261e-06, 8.84051019057e-07, 4.65295016738e-07, 3.8974018679e-08, 2.20896740899e-08, 4.56292426065e-08, 6.64951400609e-08, 4.192555636e-08, 2.4994877279e-08, 1.41638203388e-08],
        "dmean2": [0.00105222675484, 0.000568668183405, 0.000823041715194, 0.000319208658766, 5.10411991854e-05, 4.4769658416e-05, 7.00307937223e-05, 6.57351120026e-05, 3.74408518837e-05, 8.92592797754e-05, 4.57735695818e-05, 9.92565910565e-05, 6.31295479252e-05, 0.000124763988424, 3.16731493513e-05, 1.9326365873e-05, 5.23390845046e-05, 8.81021696841e-05, 4.6480090532e-05, 6.49121939205e-05, 7.52010528231e-05, 0.000138062998303, 8.55422695167e-05, 2.88121700578e-05, 5.30168763362e-05, 5.23332637385e-05, 2.24040231842e-05, 1.24650559883e-05, 5.5341706684e-06, 1.14409904199e-05, 4.12620556745e-06, 1.40387112424e-06, 7.43171028716e-07, 6.42737063572e-08, 3.63710306317e-08, 6.90255248514e-08, 1.03979679977e-07, 6.37103596546e-08, 3.86911445105e-08, 2.26193943575e-08],
        "dvar": [8.7721446107e-07, 1.2509370606e-07, 4.80794881241e-07, 5.6808573845e-08, 1.28998645099e-09, 1.55255197587e-09, 2.98516700248e-09, 2.39822361969e-09, 7.10186964792e-10, 4.81462825164e-09, 1.53832369065e-09, 6.05364869344e-09, 3.94784338553e-09, 1.64365996369e-08, 6.83623879727e-10, 5.93274374072e-10, 1.72478475946e-09, 5.16933384986e-09, 1.39811417998e-09, 1.38028755092e-09, 2.41036879345e-09, 1.09579492147e-08, 4.50161241616e-09, 3.20027226941e-10, 2.24197660437e-09, 1.70999114868e-09, 1.60121096937e-10, 8.73710548355e-11, 1.23274385491e-11, 5.00222883948e-11, 7.33982059159e-12, 1.12058431111e-12, 5.81612069703e-13, 1.96152120629e-15, 9.32734470308e-16, 5.97642010682e-15, 1.46154264499e-14, 6.20274815736e-15, 2.7751547974e-15, 1.17243092422e-15],
        "dvar2": [1.10777853024e-06, 2.46608237831e-07, 9.97954543891e-07, 1.7940605801e-07, 3.55426088561e-09, 4.17513179585e-09, 6.92826107596e-09, 6.42836717191e-09, 2.0343078333e-09, 1.40213716193e-08, 4.13180023529e-09, 1.64280198334e-08, 9.89245574345e-09, 4.08260696361e-08, 1.55793411505e-09, 1.55662793766e-09, 4.28435020794e-09, 1.29302524243e-08, 3.58270924039e-09, 3.73449671187e-09, 7.59532259309e-09, 3.02553821996e-08, 1.23605889968e-08, 9.86633108546e-10, 6.25628748807e-09, 4.90404339359e-09, 4.64447091897e-10, 2.6079574611e-10, 3.04381173044e-11, 1.25989857436e-10, 1.99938000184e-11, 2.77303527363e-12, 1.34220163196e-12, 4.25028046273e-15, 2.17857615188e-15, 1.53018297631e-14, 3.79934155155e-14, 1.49172581704e-14, 6.1540670563e-15, 2.42866093549e-15],
        "max": [0.0105570666492, 0.00418271776289, 0.00690663140267, 0.00186213711277, 0.000341729319189, 0.000391226552892, 0.000724149227608, 0.000452270265669, 0.000161715812283, 0.000493667030241, 0.000453987566289, 0.000538317370228, 0.000655885261949, 0.00135907588992, 0.000277573359199, 0.0002697200689, 0.000384820392355, 0.000510266050696, 0.00033512772643, 0.000232672391576, 0.000386158848414, 0.000766665441915, 0.000506661366671, 0.000169117731275, 0.000442736898549, 0.000311537965899, 9.28753070184e-05, 7.09727537469e-05, 2.86906342808e-05, 4.5246873924e-05, 2.28148255701e-05, 8.01899295766e-06, 5.43362057215e-06, 3.97656009454e-07, 2.42973328568e-07, 6.21761842012e-07, 8.67567166551e-07, 5.84709141549e-07, 3.97859309942e-07, 2.59886661524e-07],
        "mean": [0.00171235168818, 0.000836002640426, 0.000873681157827, 0.000286966242129, 4.750662265e-05, 3.40283877449e-05, 0.000111783207103, 9.21478567761e-05, 3.39033249475e-05, 6.87192296027e-05, 4.24448044214e-05, 7.93602594058e-05, 5.57197890885e-05, 8.85536355781e-05, 3.0416649679e-05, 1.9691133275e-05, 5.95650235482e-05, 8.70233343448e-05, 5.36071602255e-05, 6.9065587013e-05, 0.000100442237454, 0.000141471682582, 8.99863152881e-05, 3.8673846575e-05, 6.11701470916e-05, 4.97181426908e-05, 3.19355567626e-05, 1.5789135432e-05, 7.03142677594e-06, 1.22980300148e-05, 4.75121623822e-06, 1.919204351e-06, 8.29036423511e-07, 7.67625678577e-08, 4.23898498525e-08, 8.55406128153e-08, 1.09473454302e-07, 6.15529458514e-08, 3.50338815736e-08, 1.9269879914e-08],
        "median": [0.00105184945278, 0.000623589206953, 0.000445115903858, 0.000209384772461, 4.02913101425e-05, 2.05152991839e-05, 4.94237610837e-05, 5.11673279107e-05, 2.11205660889e-05, 4.01718680223e-05, 2.18179666263e-05, 4.71759849461e-05, 3.9778471546e-05, 4.78040819871e-05, 1.66794307006e-05, 1.44583709698e-05, 4.15418835473e-05, 5.8715850173e-05, 4.55227600469e-05, 6.13529846305e-05, 9.58747623372e-05, 0.000107388288598, 7.34606437618e-05, 3.58198958565e-05, 5.26699150214e-05, 4.20022406615e-05, 2.90740281343e-05, 1.25131900859e-05, 6.09176368016e-06, 9.77782383416e-06, 3.79500170311e-06, 1.69082113644e-06, 6.33656611626e-07, 6.39750936671e-08, 3.18414627998e-08, 6.41254587208e-08, 7.50926716364e-08, 3.02414520092e-08, 1.37903635178e-08, 6.48999654018e-09],
        "min": [8.34722231957e-06, 2.5569304853e-05, 2.19756784645e-05, 1.43809811561e-05, 2.76227683571e-06, 8.05240574664e-07, 1.31998297093e-06, 1.11550298243e-06, 9.40760855883e-07, 1.38782229442e-06, 6.09231221915e-07, 1.53344694809e-06, 1.73740056653e-06, 1.53828136717e-06, 6.55066401123e-07, 7.60321768212e-07, 1.23788674955e-06, 5.44053136764e-06, 2.05094715966e-06, 2.79282176052e-06, 3.8139157823e-06, 1.97669874069e-06, 2.11863266486e-06, 1.62026117323e-06, 1.37920221732e-06, 1.91991375686e-06, 1.44731598084e-06, 4.96496170399e-07, 1.64138000969e-07, 4.56959497797e-07, 1.97712438421e-07, 8.54878408063e-08, 2.56887560113e-08, 2.83090928477e-09, 2.02893946089e-09, 3.68396979589e-09, 4.05229760858e-09, 1.7384750306e-09, 8.65182481213e-10, 2.6213264892e-10],
        "var": [4.77640605823e-06, 6.63428465941e-07, 1.21273171771e-06, 7.82088989126e-08, 1.54917711992e-09, 1.70960290369e-09, 2.36020500921e-08, 1.00754498078e-08, 1.15022669167e-09, 7.39819361328e-09, 3.67148311753e-09, 9.36848731925e-09, 4.82188511342e-09, 1.80203123534e-08, 1.39469313876e-09, 6.92169599414e-10, 3.19439297236e-09, 7.18805504007e-09, 2.02527838944e-09, 2.72459632633e-09, 4.56561499718e-09, 1.6923202395e-08, 6.23079543516e-09, 6.95333568501e-10, 2.57163224049e-09, 2.13146678085e-09, 4.69498329103e-10, 1.58712626375e-10, 2.53951217694e-11, 8.65261612359e-11, 1.39895204795e-11, 2.20924580713e-12, 8.01503340694e-13, 3.85183658786e-15, 1.66143130324e-15, 8.52013500984e-15, 1.93041739413e-14, 8.45436713665e-15, 3.89779913668e-15, 1.65563918607e-15]
    },
    "mfcc": {
        "mean": [-637.093811035, 129.402542114, -66.8566131592, 66.7362060547, 7.05950975418, 9.44168281555, 11.4760942459, 6.843770504, 15.0962514877, 2.39779043198, -1.78057253361, 5.72954082489, -6.28010511398],
        "cov": [[1654.47631836, -370.535980225, -307.144775391, -402.455108643, -283.280670166, -230.857162476, -103.687049866, -67.5944519043, -76.367225647, -143.810806274, -80.3406219482, -51.672832489, -24.9693412781], [-370.535980225, 315.709503174, 91.5969467163, 109.319442749, 14.4205780029, 30.251077652, 18.9097614288, 31.3890762329, 7.49945211411, 28.2641029358, 15.3331842422, 22.1472434998, 12.5569152832], [-307.144775391, 91.5969467163, 140.230743408, 73.1671447754, 101.683433533, 69.4770889282, 53.2284736633, 21.8592739105, 16.7839508057, 10.2583837509, 17.7957496643, 0.181168496609, 15.1251506805], [-402.455108643, 109.319442749, 73.1671447754, 180.13218689, 70.3687591553, 56.067111969, 3.89960551262, 3.91038179398, 18.9708213806, 64.864074707, 35.1670417786, 19.2753810883, 1.58221936226], [-283.280670166, 14.4205780029, 101.683433533, 70.3687591553, 156.159500122, 95.8668289185, 60.6921920776, 15.1494598389, 17.7969493866, 11.2628641129, 17.988243103, -1.93511497974, 7.13297843933], [-230.857162476, 30.251077652, 69.4770889282, 56.067111969, 95.8668289185, 100.174560547, 62.9022521973, 21.8179950714, 11.8005838394, 12.9672393799, 8.10228633881, -0.961993038654, 1.04700410366], [-103.687049866, 18.9097614288, 53.2284736633, 3.89960551262, 60.6921920776, 62.9022521973, 79.2575531006, 34.0174942017, 11.673500061, -7.43227767944, -1.86894536018, -4.77812147141, 6.30052471161], [-67.5944519043, 31.3890762329, 21.8592739105, 3.91038179398, 15.1494598389, 21.8179950714, 34.0174942017, 47.2149391174, 20.9066104889, 1.42244136333, 1.27348089218, 3.40892553329, 3.13963222504], [-76.367225647, 7.49945211411, 16.7839508057, 18.9708213806, 17.7969493866, 11.8005838394, 11.673500061, 20.9066104889, 45.3671760559, 26.0557613373, 13.075252533, 3.98372483253, 2.30437994003], [-143.810806274, 28.2641029358, 10.2583837509, 64.864074707, 11.2628641129, 12.9672393799, -7.43227767944, 1.42244136333, 26.0557613373, 76.0710830688, 33.7566490173, 13.1618766785, 3.90120840073], [-80.3406219482, 15.3331842422, 17.7957496643, 35.1670417786, 17.988243103, 8.10228633881, -1.86894536018, 1.27348089218, 13.075252533, 33.7566490173, 40.6698570251, 21.2579021454, 11.1921606064], [-51.672832489, 22.1472434998, 0.181168496609, 19.2753810883, -1.93511497974, -0.961993038654, -4.77812147141, 3.40892553329, 3.98372483253, 13.1618766785, 21.2579021454, 41.3259468079, 14.5544538498], [-24.9693412781, 12.5569152832, 15.1251506805, 1.58221936226, 7.13297843933, 1.04700410366, 6.30052471161, 3.13963222504, 2.30437994003, 3.90120840073, 11.1921606064, 14.5544538498, 38.7700805664]],
