{
"lowlevel": {
    "average_loudness": 0.977859795094,
    "barkbands_crest": {
        "dmean": 3.01280879974,
        "dmean2": 5.05709552765,
        "dvar": 8.2712726593,
        "dvar2": 20.8939285278,
        "max": 23.3422241211,
        "mean": 8.13185119629,
        "median": 6.38058853149,
        "min": 2.78115153313,
        "var": 21.0196151733
    },
    "barkbands_flatness_db": {
        "dmean": 0.0203881114721,
        "dmean2": 0.0322053916752,
        "dvar": 0.000383734906791,
        "dvar2": 0.00103156396654,
        "max": 0.295624941587,
        "mean": 0.138279363513,
        "median": 0.129107251763,
        "min": 0.0903290584683,
        "var": 0.00109984644223
    },
    "barkbands_kurtosis": {
        "dmean": 1.74767923355,
        "dmean2": 3.01852607727,
        "dvar": 7.41988420486,
        "dvar2": 18.9673995972,
        "max": 30.3565673828,
        "mean": 0.214223310351,
        "median": -0.616807579994,
        "min": -1.82576167583,
        "var": 10.6140232086
    },
    "barkbands_skewness": {
        "dmean": 0.699150681496,
        "dmean2": 1.08607602119,
        "dvar": 0.349929839373,
        "dvar2": 0.909961760044,
        "max": 5.01086473465,
        "mean": -0.15947714448,
        "median": -0.351270735264,
        "min": -2.35375618935,
        "var": 1.31114554405
    },
    "barkbands_spread": {
        "dmean": 9.26086521149,
        "dmean2": 15.8056163788,
        "dvar": 59.0600013733,
        "dvar2": 167.529281616,
        "max": 58.9832000732,
        "mean": 32.0291175842,
        "median": 32.453994751,
        "min": 4.36771726608,
        "var": 140.333938599
    },
    "dissonance": {
        "dmean": 0.00624120002612,
        "dmean2": 0.0105749033391,
        "dvar": 5.72913668293e-05,
        "dvar2": 0.000178064816282,
        "max": 0.499563723803,
        "mean": 0.490954637527,
        "median": 0.493122935295,
        "min": 0.428252756596,
        "var": 7.04118574504e-05
    },
    "dynamic_complexity": 1.82096862793,
    "erbbands_crest": {
        "dmean": 2.59972524643,
        "dmean2": 4.43308544159,
        "dvar": 6.33011198044,
        "dvar2": 17.7059173584,
        "max": 19.5605583191,
        "mean": 8.08394432068,
        "median": 7.29882049561,
        "min": 4.01951408386,
        "var": 8.02364826202
    },
    "erbbands_flatness_db": {
        "dmean": 0.01484626811,
        "dmean2": 0.0240021236241,
        "dvar": 0.000145223937579,
        "dvar2": 0.000387497071642,
        "max": 0.292163938284,
        "mean": 0.224207684398,
        "median": 0.224497705698,
        "min": 0.168671995401,
        "var": 0.000401603523642
    },
    "erbbands_kurtosis": {
        "dmean": 1.84974300861,
        "dmean2": 3.12373304367,
        "dvar": 3.86835193634,
        "dvar2": 10.5678443909,
        "max": 17.5848731995,
        "mean": 2.54887700081,
        "median": 2.00842618942,
        "min": -1.3972632885,
        "var": 6.36499500275
    },
    "erbbands_skewness": {
        "dmean": 0.435921937227,
        "dmean2": 0.706798613071,
        "dvar": 0.121790975332,
        "dvar2": 0.319626480341,
        "max": 1.03278684616,
        "mean": -1.08375430107,
        "median": -1.09429121017,
        "min": -3.00792360306,
        "var": 0.333269268274
    },
    "erbbands_spread": {
        "dmean": 5.94883871078,
        "dmean2": 9.74936008453,
        "dvar": 38.2142601013,
        "dvar2": 106.55304718,
        "max": 64.1725616455,
        "mean": 19.5596065521,
        "median": 16.7752094269,
        "min": 5.50304031372,
        "var": 101.720970154
    },
    "hfc": {
        "dmean": 10.995929718,
        "dmean2": 17.6011562347,
        "dvar": 95.5651168823,
        "dvar2": 292.908782959,
        "max": 68.8303604126,
        "mean": 28.7395801544,
        "median": 27.9043807983,
        "min": 4.39115667343,
        "var": 238.133026123
    },
    "melbands_crest": {
        "dmean": 4.34662246704,
        "dmean2": 7.09856319427,
        "dvar": 15.402338028,
        "dvar2": 36.684513092,
        "max": 30.4577388763,
        "mean": 12.150551796,
        "median": 10.1893310547,
        "min": 2.97305393219,
        "var": 45.5833435059
    },
    "melbands_flatness_db": {
        "dmean": 0.0321394316852,
        "dmean2": 0.049931678921,
        "dvar": 0.000756754656322,
        "dvar2": 0.001867527375,
        "max": 0.380825698376,
        "mean": 0.159212559462,
        "median": 0.143812343478,
        "min": 0.0902282968163,
        "var": 0.00304128718562
    },
    "melbands_kurtosis": {
        "dmean": 4.01411962509,
        "dmean2": 6.68417930603,
        "dvar": 63.0600814819,
        "dvar2": 164.501754761,
        "max": 81.9854049683,
        "mean": 2.58249855042,
        "median": -0.687417149544,
        "min": -1.75714850426,
        "var": 96.8083572388
    },
    "melbands_skewness": {
        "dmean": 0.905064046383,
        "dmean2": 1.41775166988,
        "dvar": 0.684041142464,
        "dvar2": 1.76309740543,
        "max": 7.60193157196,
        "mean": 1.04769098759,
        "median": 0.746333956718,
        "min": -1.21722269058,
        "var": 2.29151082039
    },
    "melbands_spread": {
        "dmean": 16.4755821228,
        "dmean2": 26.3855648041,
        "dvar": 185.178710938,
        "dvar2": 509.781005859,
        "max": 106.563270569,
        "mean": 58.497428894,
        "median": 60.9908828735,
        "min": 2.72106409073,
        "var": 499.179473877
    },
    "pitch_salience": {
        "dmean": 0.0858320221305,
        "dmean2": 0.136184051633,
        "dvar": 0.00605303794146,
        "dvar2": 0.0157353468239,
        "max": 0.775795757771,
        "mean": 0.599710762501,
        "median": 0.631150722504,
        "min": 0.190686866641,
        "var": 0.018556272611
    },
    "silence_rate_20dB": {
        "dmean": 0,
        "dmean2": 0,
        "dvar": 0,
        "dvar2": 0,
        "max": 1,
        "mean": 1,
        "median": 1,
        "min": 1,
        "var": 0
    },
    "silence_rate_30dB": {
        "dmean": 0,
        "dmean2": 0,
        "dvar": 0,
        "dvar2": 0,
        "max": 1,
        "mean": 1,
        "median": 1,
        "min": 1,
        "var": 0
    },
    "silence_rate_60dB": {
        "dmean": 0,
        "dmean2": 0,
        "dvar": 0,
        "dvar2": 0,
        "max": 0,
        "mean": 0,
        "median": 0,
        "min": 0,
        "var": 0
    },
    "spectral_centroid": {
        "dmean": 241.393096924,
        "dmean2": 383.294219971,
        "dvar": 40246.4804688,
        "dvar2": 112091.796875,
        "max": 3158.42578125,
        "mean": 2489.64624023,
        "median": 2559.46484375,
        "min": 635.352478027,
        "var": 169031.1875
    },
    "spectral_complexity": {
        "dmean": 5.6803650856,
        "dmean2": 9.18807315826,
        "dvar": 21.5781955719,
        "dvar2": 43.1893920898,
        "max": 51,
        "mean": 33.7636375427,
        "median": 36,
        "min": 6,
        "var": 90.7714233398
    },
    "spectral_decrease": {
        "dmean": 1.23190901924e-09,
        "dmean2": 2.03770622598e-09,
        "dvar": 9.05487629794e-19,
        "dvar2": 2.84652721794e-18,
        "max": -8.04591782089e-10,
        "mean": -4.28949853415e-09,
        "median": -4.58417748206e-09,
        "min": -7.70472929901e-09,
        "var": 2.11966665648e-18
    },
    "spectral_energy": {
        "dmean": 0.00540099060163,
        "dmean2": 0.00889268983155,
        "dvar": 1.6228752429e-05,
        "dvar2": 5.31491023139e-05,
        "max": 0.0309281684458,
        "mean": 0.0187963154167,
        "median": 0.020049283281,
        "min": 0.00368053885177,
        "var": 3.95961797039e-05
    },
    "spectral_energyband_high": {
        "dmean": 0.000276822043816,
        "dmean2": 0.000476728135254,
        "dvar": 7.51855466774e-08,
        "dvar2": 2.15163439066e-07,
        "max": 0.00197429372929,
        "mean": 0.000582239590585,
        "median": 0.000517092179507,
        "min": 4.5412194595e-05,
        "var": 1.2112846548e-07
    },
    "spectral_energyband_low": {
        "dmean": 0.0030232379213,
        "dmean2": 0.00479207467288,
        "dvar": 1.0767378626e-05,
        "dvar2": 2.54483657045e-05,
        "max": 0.0267697684467,
        "mean": 0.00480884779245,
        "median": 0.002992591355,
        "min": 0.000135197115014,
        "var": 2.84366269625e-05
    },
    "spectral_energyband_middle_high": {
        "dmean": 0.00426736520603,
        "dmean2": 0.00698382267728,
        "dvar": 1.39770736496e-05,
        "dvar2": 4.03002122766e-05,
        "max": 0.0262070968747,
        "mean": 0.0109614972025,
        "median": 0.0104540484026,
        "min": 0.000502422859427,
        "var": 4.0201266529e-05
    },
    "spectral_energyband_middle_low": {
        "dmean": 0.00168115634006,
        "dmean2": 0.0029244851321,
        "dvar": 5.74799969399e-06,
        "dvar2": 1.6337935449e-05,
        "max": 0.0214985217899,
        "mean": 0.0030668543186,
        "median": 0.00216004461981,
        "min": 0.000271965749562,
        "var": 8.57016038935e-06
    },
    "spectral_entropy": {
        "dmean": 0.0763044804335,
        "dmean2": 0.12342004478,
        "dvar": 0.00415109377354,
        "dvar2": 0.0109960641712,
        "max": 7.90361166,
        "mean": 7.63789987564,
        "median": 7.65214443207,
        "min": 7.19777297974,
        "var": 0.00931745022535
    },
    "spectral_flux": {
        "dmean": 0.0139565058053,
        "dmean2": 0.0227014031261,
        "dvar": 0.000150487932842,
        "dvar2": 0.000375445961254,
        "max": 0.142515748739,
        "mean": 0.0901247188449,
        "median": 0.0923559516668,
        "min": 0.0407801307738,
        "var": 0.000390942353988
    },
    "spectral_kurtosis": {
        "dmean": 3.23771834373,
        "dmean2": 5.78101301193,
        "dvar": 6.78445625305,
        "dvar2": 21.4750442505,
        "max": 19.1095542908,
        "mean": 5.87507915497,
        "median": 5.57997083664,
        "min": 0.258097648621,
        "var": 9.08598232269
    },
    "spectral_rms": {
        "dmean": 0.000634306285065,
        "dmean2": 0.00103065359872,
        "dvar": 2.27592849456e-07,
        "dvar2": 7.35714706934e-07,
        "max": 0.00549307046458,
        "mean": 0.00420915475115,
        "median": 0.00442269910127,
        "min": 0.00189493258949,
        "var": 6.2089873154e-07
    },
    "spectral_rolloff": {
        "dmean": 464.38949585,
        "dmean2": 767.787414551,
        "dvar": 255717.046875,
        "dvar2": 674430.0625,
        "max": 3962.109375,
        "mean": 2736.87158203,
        "median": 2993.11523438,
        "min": 86.1328125,
        "var": 584024.375
    },
    "spectral_skewness": {
        "dmean": 0.344435691833,
        "dmean2": 0.610723316669,
        "dvar": 0.0992369353771,
        "dvar2": 0.253727912903,
        "max": 3.54388380051,
        "mean": 0.948929965496,
        "median": 0.969210386276,
        "min": 0.116231456399,
        "var": 0.148409277201
    },
    "spectral_spread": {
        "dmean": 196704.328125,
        "dmean2": 315716.78125,
        "dvar": 92307382272,
        "dvar2": 145874173952,
        "max": 6369179.5,
        "mean": 2207861,
        "median": 2140458.75,
        "min": 1653708.75,
        "var": 128503037952
    },
    "spectral_strongpeak": {
        "dmean": 1.06418645382,
        "dmean2": 1.92883300781,
        "dvar": 1.73963963985,
        "dvar2": 4.63397455215,
        "max": 5.84379005432,
        "mean": 1.13779342175,
        "median": 0.412415742874,
        "min": 0.0409155786037,
        "var": 1.80816876888
    },
    "zerocrossingrate": {
        "dmean": 0.0105125391856,
        "dmean2": 0.01338517759,
        "dvar": 8.55722028064e-05,
        "dvar2": 0.00012881483417,
        "max": 0.1279296875,
        "mean": 0.0838978141546,
        "median": 0.090087890625,
        "min": 0.01318359375,
        "var": 0.000552552402951
    },
    "barkbands": {
        "dmean": [1.67246307683e-05, 0.00201754737645, 0.000971573812421, 0.000908255809918, 0.000481613737065, 0.000227068143431, 0.000215514854062, 0.000174867251189, 0.000452312000562, 0.000465410033939, 0.000487871904625, 0.000316062039929, 0.000176785542862, 0.000954782764893, 0.000555432168767, 0.00130078219809, 0.00107459933497, 0.000730265630409, 0.000857065198943, 0.000275957660051, 0.000168121128809, 3.57303106284e-05, 2.19594676309e-06, 6.88522823111e-06, 2.20697756959e-06, 1.31564888761e-06, 5.31706589868e-08],
        "dmean2": [2.80504664261e-05, 0.00318571762182, 0.00160567648709, 0.00151269999333, 0.000838548643515, 0.000362082268111, 0.000366201216821, 0.000276847538771, 0.000800379842985, 0.000783693220001, 0.000880577310454, 0.000540718494449, 0.000296260346659, 0.00160457345191, 0.0009217246552, 0.00220314739272, 0.00184368086047, 0.00125060684513, 0.00145645975135, 0.000457524874946, 0.000283643137664, 5.81705462537e-05, 3.57316184818e-06, 1.14263684736e-05, 3.72088857148e-06, 2.21208574658e-06, 8.37647178287e-08],
        "dvar": [7.31746108151e-10, 7.662653843e-06, 2.52947234003e-06, 2.16945227294e-06, 8.82569281657e-07, 1.15797391231e-07, 1.20486333799e-07, 4.81123493046e-07, 2.49828963206e-06, 3.19446797903e-07, 1.23994266232e-06, 1.53785762791e-07, 5.08783131181e-08, 1.62624087352e-06, 3.57307754939e-07, 2.62501657744e-06, 1.95087500288e-06, 6.36936249521e-07, 8.50283868203e-07, 7.69150290125e-08, 3.29814788813e-08, 1.17630793994e-09, 7.14954311032e-12, 8.02709287928e-11, 8.87227617763e-12, 3.36369408889e-12, 2.13400261004e-14],
        "dvar2": [1.74729353208e-09, 1.7922873667e-05, 5.57091834708e-06, 4.951280971e-06, 2.66510824076e-06, 2.49973879818e-07, 2.93859102385e-07, 1.01252783224e-06, 7.25740437701e-06, 8.86833390723e-07, 3.58386682819e-06, 4.11959661051e-07, 1.30971898216e-07, 4.52353469882e-06, 8.81767505234e-07, 6.92525009072e-06, 5.29708950125e-06, 1.7613451746e-06, 2.40500207838e-06, 2.17855088636e-07, 9.20392082548e-08, 3.27910143483e-09, 1.97813675162e-11, 2.41740516493e-10, 2.49069272151e-11, 9.76564402261e-12, 2.82311846155e-14],
        "max": [0.000217191365664, 0.0252667050809, 0.017557322979, 0.014242165722, 0.00990148633718, 0.00337640964426, 0.00374616286717, 0.00941576156765, 0.0190104227513, 0.0038376415614, 0.0120118632913, 0.00313187926076, 0.00184599321801, 0.0104490630329, 0.00495183747262, 0.0154760796577, 0.0116849308833, 0.00461488682777, 0.00682542100549, 0.00212782924064, 0.00145356275607, 0.000274041376542, 1.95273969439e-05, 4.88122968818e-05, 1.86862998817e-05, 1.01605965028e-05, 1.91175081454e-06],
        "mean": [1.72149520949e-05, 0.0030347246211, 0.00122245564125, 0.000980894314125, 0.000610347953625, 0.000304878602037, 0.000262141780695, 0.000213702733163, 0.000548882002477, 0.000606138433795, 0.000537107291166, 0.000424700847361, 0.000215136344195, 0.00130068371072, 0.000951282854658, 0.00217977841385, 0.00184452882968, 0.00114316481631, 0.0014734105207, 0.000515413528774, 0.000326751905959, 6.50403599138e-05, 3.52024107997e-06, 1.00183406175e-05, 2.8552412914e-06, 1.50163464241e-06, 5.79416301605e-08],
        "median": [6.82712243361e-06, 0.00118605839089, 0.000411139451899, 0.000323982327245, 0.000364956562407, 0.000172204847331, 0.000151205807924, 8.61383159645e-05, 0.000259339343756, 0.000369412184227, 0.000291177479085, 0.000274517486105, 0.000140001822729, 0.000798422959633, 0.000661077559926, 0.00156044820324, 0.00141860870644, 0.000914280244615, 0.0011863654945, 0.000426915241405, 0.000271319702733, 5.37850210094e-05, 2.10643429455e-06, 5.50825734535e-06, 1.11880206077e-06, 4.63002635342e-07, 8.797725215e-09],
        "min": [1.20929882996e-07, 2.94453166134e-05, 7.27215910956e-06, 7.30889451006e-06, 2.27152631851e-05, 7.90345529822e-06, 1.24480038721e-05, 2.26155134442e-06, 1.49045617945e-05, 2.02472838282e-05, 8.14730719867e-06, 1.39189114634e-05, 6.54823588775e-06, 3.59624355042e-05, 2.9663051464e-05, 5.31318291905e-05, 4.74399384984e-05, 3.37415076501e-05, 6.66571286274e-05, 4.31738699262e-05, 1.9641023755e-05, 1.51892049871e-06, 1.42336091358e-07, 1.9818178032e-07, 4.60843239125e-08, 1.14921636651e-08, 1.96092941884e-09],
        "var": [7.67726493489e-10, 1.93657051568e-05, 6.20742002866e-06, 3.00499664263e-06, 7.6775540947e-07, 1.68496768538e-07, 1.35828983616e-07, 5.52366770989e-07, 2.54008068623e-06, 4.51062703632e-07, 9.4208360224e-07, 2.05143905418e-07, 6.37597850073e-08, 2.21214418161e-06, 7.65124241298e-07, 4.14478563471e-06, 2.22869311983e-06, 8.52227685755e-07, 1.31024887651e-06, 1.27923996729e-07, 4.81636632799e-08, 2.09784767335e-09, 1.05918667934e-11, 1.11002956826e-10, 1.24125813794e-11, 4.26901613018e-12, 2.31427883449e-14]
    },
    "erbbands": {
        "dmean": [0.0420086570084, 0.517795324326, 1.15785288811, 2.04605221748, 2.28173780441, 1.63205766678, 1.13992798328, 2.16409301758, 1.50823497772, 4.36763477325, 6.53890037537, 9.71161746979, 10.5838851929, 13.6239910126, 19.2922725677, 11.0836305618, 7.29221200943, 34.2184486389, 40.4384269714, 39.6098403931, 75.5542678833, 56.1413002014, 34.5648193359, 54.271030426, 31.7644252777, 13.6449327469, 6.73414182663, 5.55181312561, 1.52574503422, 0.260824799538, 0.074641905725, 0.158663034439, 0.0945146232843, 0.0424439460039, 0.00587602239102, 0.00691434554756, 0.0020942883566, 0.000134882851853, 9.2627333288e-06, 7.42469956094e-06],
        "dmean2": [0.068267211318, 0.824040412903, 1.88504087925, 3.40434408188, 3.91432905197, 2.94260883331, 1.97136485577, 3.47155785561, 2.49653744698, 7.46140003204, 10.925280571, 16.8409976959, 18.3387699127, 22.6357250214, 34.1111526489, 18.8229389191, 12.0673360825, 56.6949768066, 67.5882873535, 65.4353027344, 126.814300537, 92.2840270996, 56.7371559143, 92.0123901367, 54.3578834534, 22.7252750397, 11.4036645889, 9.5614824295, 2.48356127739, 0.439278244972, 0.123666904867, 0.269866168499, 0.158275187016, 0.072375357151, 0.00970498472452, 0.0115292156115, 0.00357729615644, 0.000224900548346, 1.40491629281e-05, 1.22721176012e-05],
        "dvar": [0.00450492044911, 0.494071513414, 3.38733100891, 10.6934890747, 11.1169576645, 9.34484100342, 1.44370794296, 14.5035228729, 4.98710203171, 38.335319519, 962.203430176, 1159.07922363, 172.072540283, 277.429107666, 1926.21862793, 155.510696411, 72.5673370361, 2177.93481445, 2458.68945312, 1414.81140137, 9271.84863281, 4606.72021484, 1453.2310791, 3515.91259766, 1067.80883789, 187.129714966, 46.2987709045, 37.1532173157, 1.96348690987, 0.0743853002787, 0.00853439606726, 0.0405889749527, 0.0157830901444, 0.00312492228113, 6.27470799373e-05, 9.06668574316e-05, 8.41881501401e-06, 4.05604190234e-08, 4.00805777456e-10, 3.18076676109e-11],
        "dvar2": [0.0099311163649, 1.1685539484, 7.59062099457, 26.4791793823, 28.4472885132, 30.4128665924, 3.77895259857, 30.2461662292, 11.4272451401, 98.7052459717, 2734.1706543, 2915.16748047, 452.484130859, 685.064575195, 5732.98681641, 419.229095459, 200.261901855, 6051.62451172, 6367.36425781, 3711.20532227, 24942.7128906, 12693.9853516, 4035.87109375, 10413.2519531, 3039.84985352, 565.65612793, 129.536865234, 102.851081848, 5.68404769897, 0.193968087435, 0.0237332228571, 0.116948448122, 0.0469600968063, 0.00875057745725, 0.000179368580575, 0.000260937144049, 2.44544844463e-05, 1.06062977068e-07, 5.35305411109e-10, 1.03011245367e-10],
        "max": [0.676480650902, 5.81313562393, 19.9626197815, 28.2568721771, 26.5870666504, 31.0995559692, 7.77352523804, 37.8944969177, 24.0426101685, 57.2625732422, 393.568817139, 463.918487549, 82.5064239502, 157.497573853, 468.520690918, 87.7059020996, 75.876914978, 368.448059082, 387.819610596, 278.476531982, 816.202575684, 530.965148926, 242.74887085, 455.439544678, 193.542434692, 117.716667175, 48.4775390625, 45.068397522, 9.3260717392, 1.85511016846, 0.650383591652, 1.16557526588, 0.746690273285, 0.321894049644, 0.0430200882256, 0.0500325374305, 0.0160153843462, 0.00125644681975, 0.000281189626548, 4.57043861388e-05],
        "mean": [0.0700367465615, 0.747418761253, 1.53462779522, 2.45447683334, 2.81310415268, 1.87275719643, 1.47646021843, 2.77919054031, 2.14744710922, 5.65758705139, 7.10738563538, 12.6350736618, 14.5542192459, 19.3254356384, 23.8425617218, 15.9452781677, 10.3779478073, 47.9817733765, 65.8949508667, 74.4273376465, 118.592811584, 101.973617554, 64.8016204834, 85.9371185303, 53.4122161865, 25.3191604614, 13.1379470825, 10.6674079895, 2.97733068466, 0.459808170795, 0.125536844134, 0.231273055077, 0.131802722812, 0.0555221438408, 0.00778311956674, 0.00793126877397, 0.00238632131368, 0.000160513649462, 1.99206297111e-05, 2.53426806012e-05],
        "median": [0.0267503838986, 0.275486171246, 0.639758348465, 0.970799207687, 1.2498884201, 1.18210053444, 0.951623916626, 1.51531112194, 1.36796855927, 3.25364637375, 2.43175363541, 5.6863079071, 9.08607387543, 13.8865356445, 14.1637897491, 11.3115110397, 8.37105178833, 31.330619812, 42.1568984985, 58.3696212769, 81.7437133789, 83.8126678467, 54.4539642334, 67.2061233521, 43.4071731567, 21.6344661713, 11.1792049408, 8.68183517456, 2.47097587585, 0.35249787569, 0.0787925124168, 0.12278328836, 0.0663595199585, 0.0220174957067, 0.00333817256615, 0.00259278365411, 0.000706321035977, 3.8053978642e-05, 1.52508182509e-05, 2.61653658526e-05],
        "min": [0.00062269292539, 0.00973107945174, 0.0255613345653, 0.054230093956, 0.0647800266743, 0.0487252883613, 0.0549504905939, 0.0685174241662, 0.164962649345, 0.244500309229, 0.0806852281094, 0.368272662163, 0.437376976013, 0.790956318378, 0.448392421007, 0.612919747829, 0.389483749866, 1.43426680565, 2.60875725746, 1.80567550659, 3.17771315575, 3.07080936432, 2.1763048172, 3.11841416359, 2.89114260674, 2.20185208321, 1.20190262794, 0.393130153418, 0.0859294906259, 0.0150776142254, 0.0052246702835, 0.00618364103138, 0.0024742197711, 0.00087660778081, 0.000103089078038, 7.35180656193e-05, 2.04228290386e-05, 1.86717261386e-06, 3.43381475432e-06, 5.29933640792e-06],
        "var": [0.0122572453693, 1.14166390896, 7.81907129288, 14.1027441025, 14.7473945618, 7.16002750397, 2.00135445595, 19.3462333679, 7.01920461655, 47.1445503235, 872.33190918, 1414.3338623, 254.124420166, 435.597564697, 1475.37915039, 239.008880615, 98.6008605957, 2803.984375, 4457.90771484, 3398.01953125, 13014.9179688, 6034.20068359, 2296.82617188, 4844.24853516, 1524.17211914, 287.196929932, 69.8826675415, 55.5170135498, 3.83457589149, 0.119231261313, 0.0124957431108, 0.0553715117276, 0.0215480383486, 0.00447793724015, 9.17813740671e-05, 0.000115329356049, 1.08992981041e-05, 5.51209069499e-08, 4.76253592119e-10, 7.83077422351e-11]
    },
    "gfcc": {
        "mean": [-16.601190567, 107.723243713, -182.648300171, 61.5139808655, -26.7933444977, -0.242063626647, -18.9224014282, 10.6823272705, -17.7462673187, -3.73146057129, -16.041677475, -9.41055011749, 1.57829201221],
        "cov": [[1169.88745117, -612.233154297, -103.130317688, -259.456634521, -7.49506092072, 149.756546021, -278.092193604, 32.6902236938, -261.593780518, 47.2728614807, -105.228149414, 139.428909302, -42.9239273071], [-612.233154297, 730.602050781, 99.887336731, 107.755157471, -13.4788541794, -116.933044434, 202.522903442, -82.2492599487, 151.009490967, -102.18926239, 55.6224365234, -157.119338989, 23.6621990204], [-103.130317688, 99.887336731, 236.314651489, 103.194564819, 99.2683639526, 39.99949646, 31.1827392578, 20.1779098511, 14.9379777908, 23.8075332642, 27.9654216766, 17.730890274, -6.85454893112], [-259.456634521, 107.755157471, 103.194564819, 192.653900146, 74.6954040527, -0.639460861683, 72.2217407227, 4.31650114059, 56.8272857666, 4.93517971039, 49.4792366028, 9.09854793549, 31.7863311768], [-7.49506092072, -13.4788541794, 99.2683639526, 74.6954040527, 127.134811401, 84.3682403564, 26.116891861, 19.2608718872, -10.1727323532, 16.9502792358, 15.7124004364, 28.0582752228, 3.60318851471], [149.756546021, -116.933044434, 39.99949646, -0.639460861683, 84.3682403564, 118.843978882, 5.09566307068, 30.8066387177, -42.1988601685, 29.5281486511, -1.31669306755, 44.8091926575, -3.20103979111], [-278.092193604, 202.522903442, 31.1827392578, 72.2217407227, 26.116891861, 5.09566307068, 146.955932617, 24.4235916138, 82.0823516846, -16.5489559174, 35.4426040649, -33.7796096802, 22.0290184021], [32.6902236938, -82.2492599487, 20.1779098511, 4.31650114059, 19.2608718872, 30.8066387177, 24.4235916138, 77.9562530518, 34.0852661133, 32.3674507141, 2.50233483315, 29.7012367249, 2.18652558327], [-261.593780518, 151.009490967, 14.9379777908, 56.8272857666, -10.1727323532, -42.1988601685, 82.0823516846, 34.0852661133, 130.348434448, 18.4599151611, 30.5497627258, -36.7751197815, 9.20398521423], [47.2728614807, -102.18926239, 23.8075332642, 4.93517971039, 16.9502792358, 29.5281486511, -16.5489559174, 32.3674507141, 18.4599151611, 72.8913345337, 26.8004875183, 35.9360351562, -5.79163217545], [-105.228149414, 55.6224365234, 27.9654216766, 49.4792366028, 15.7124004364, -1.31669306755, 35.4426040649, 2.50233483315, 30.5497627258, 26.8004875183, 64.9617080688, 32.1100654602, 21.3736534119], [139.428909302, -157.119338989, 17.730890274, 9.09854793549, 28.0582752228, 44.8091926575, -33.7796096802, 29.7012367249, -36.7751197815, 35.9360351562, 32.1100654602, 124.598045349, 43.2198295593], [-42.9239273071, 23.6621990204, -6.85454893112, 31.7863311768, 3.60318851471, -3.20103979111, 22.0290184021, 2.18652558327, 9.20398521423, -5.79163217545, 21.3736534119, 43.2198295593, 67.7701339722]],
        "icov": [[0.00414247252047, -0.0019159783842, 0.00178381812293, 0.000637247168925, 0.00166348391213, -0.00470012193546, 0.0067120208405, -0.00634131347761, 0.00562975229695, -0.00167585315648, 0.00170386047103, -0.00103414023761, 0.000100953344372], [-0.0019159783842, 0.0134025821462, -0.00937670376152, 0.00633536325768, -0.00114130438305, 0.00355647248216, -0.0107750799507, 0.0166852641851, -0.0143857002258, 0.0152365751565, -0.0116972187534, 0.0080347629264, -0.00479926588014], [0.00178381812293, -0.00937670376152, 0.0142255537212, -0.00623622257262, -0.00537043903023, 0.000706451246515, 0.00686151627451, -0.0129426512867, 0.0118846716359, -0.0126192020252, 0.00850031059235, -0.0066654086113, 0.00615109223872], [0.000637247168925, 0.00633536325768, -0.00623622257262, 0.0165586508811, -0.0100169116631, 0.00742350192741, -0.00633305637166, 0.00866813585162, -0.00733848568052, 0.00629969546571, -0.00725563568994, 0.00248375348747, -0.00530419778079], [0.00166348391213, -0.00114130438305, -0.00537043903023, -0.0100169116631, 0.0345155075192, -0.0291198473424, 0.00976875238121, -0.00356302573346, -0.00159506732598, 0.00792291294783, -0.00437099812552, 0.00283160572872, -0.000197385219508], [-0.00470012193546, 0.00355647248216, 0.000706451246515, 0.00742350192741, -0.0291198473424, 0.0482058152556, -0.0273341350257, 0.00715152453631, 0.00966257136315, -0.0179885458201, 0.0113042937592, -0.00657797465101, 0.00263069779612], [0.0067120208405, -0.0107750799507, 0.00686151627451, -0.00633305637166, 0.00976875238121, -0.0273341350257, 0.0451952032745, -0.0298575088382, 0.00342981703579, 0.0104709630832, -0.0129799693823, 0.00834080483764, -0.00465684849769], [-0.00634131347761, 0.0166852641851, -0.0129426512867, 0.00866813585162, -0.00356302573346, 0.00715152453631, -0.0298575088382, 0.0581519007683, -0.0337175913155, 0.00723732402548, 0.00596140231937, -0.00863843318075, 0.0019662049599], [0.00562975229695, -0.0143857002258, 0.0118846716359, -0.00733848568052, -0.00159506732598, 0.00966257136315, 0.00342981703579, -0.0337175913155, 0.0493977852166, -0.0323561243713, 0.0114610120654, 0.00126567936968, -0.000148959021317], [-0.00167585315648, 0.0152365751565, -0.0126192020252, 0.00629969546571, 0.00792291294783, -0.0179885458201, 0.0104709630832, 0.00723732402548, -0.0323561243713, 0.0612830296159, -0.0387608036399, 0.0112863304093, -0.000862132932525], [0.00170386047103, -0.0116972187534, 0.00850031059235, -0.00725563568994, -0.00437099812552, 0.0113042937592, -0.0129799693823, 0.00596140231937, 0.0114610120654, -0.0387608036399, 0.0603611730039, -0.0295223407447, 0.00914099998772], [-0.00103414023761, 0.0080347629264, -0.0066654086113, 0.00248375348747, 0.00283160572872, -0.00657797465101, 0.00834080483764, -0.00863843318075, 0.00126567936968, 0.0112863304093, -0.0295223407447, 0.0387713648379, -0.0228158421814], [0.000100953344372, -0.00479926588014, 0.00615109223872, -0.00530419778079, -0.000197385219508, 0.00263069779612, -0.00465684849769, 0.0019662049599, -0.000148959021317, -0.000862132932525, 0.00914099998772, -0.0228158421814, 0.0328046493232]]
    },
    "melbands": {
        "dmean": [0.000473155407235, 0.000622379651759, 0.000357289623935, 0.000133687921334, 4.07127336075e-05, 4.54688779428e-05, 3.04923269141e-05, 4.22332814196e-05, 7.53146450734e-05, 5.69593175896e-05, 5.59294530831e-05, 5.71785967622e-05, 7.55406435928e-05, 4.03816993639e-05, 1.63891036209e-05, 3.19024366036e-05, 6.90920787747e-05, 7.86984019214e-05, 4.26559017797e-05, 7.75497828727e-05, 9.49839231907e-05, 6.17330879322e-05, 4.41200791101e-05, 3.8247435441e-05, 4.78452420793e-05, 3.10949071718e-05, 1.53293567564e-05, 8.01755686552e-06, 3.08221706291e-06, 6.09455719314e-06, 2.41497764364e-06, 9.66484094533e-07, 4.37896829908e-07, 4.99206684879e-08, 3.26571445441e-08, 7.40503836028e-08, 1.11300707317e-07, 7.54946398729e-08, 5.1898673803e-08, 3.13609120894e-08],
        "dmean2": [0.000751232088078, 0.0010069248965, 0.000595953082666, 0.000233574799495, 7.08399384166e-05, 7.20822499716e-05, 5.13745435455e-05, 7.31863838155e-05, 0.000130839369376, 9.23993211472e-05, 9.78589960141e-05, 9.46623331401e-05, 0.000135954134748, 7.07627114025e-05, 2.66623974312e-05, 5.42528287042e-05, 0.000115663009638, 0.000134635032737, 6.80359953549e-05, 0.000133249894134, 0.000158306196681, 0.000103784521343, 7.31411055312e-05, 6.48598215776e-05, 8.14678278402e-05, 5.36570805707e-05, 2.52056524914e-05, 1.35942873385e-05, 5.28050532012e-06, 1.02761068774e-05, 4.23783330916e-06, 1.58491559432e-06, 7.46303499e-07, 8.54651673876e-08, 5.36153805797e-08, 1.27903334146e-07, 1.8574090177e-07, 1.26826250835e-07, 8.78023840301e-08, 5.30949364475e-08],
        "dvar": [4.79560526401e-07, 7.60751163398e-07, 2.71643870065e-07, 6.24058813514e-08, 1.93112548175e-09, 5.81485970486e-09, 2.28559615678e-09, 3.52029605466e-09, 1.19917743291e-07, 3.05392333644e-08, 4.88714224645e-09, 4.63670613016e-09, 3.30281082483e-08, 2.90452639717e-09, 5.19221388107e-10, 2.2898858365e-09, 8.24094925633e-09, 1.15311191706e-08, 1.7116787987e-09, 8.39072100689e-09, 1.27444250708e-08, 6.51292664244e-09, 2.40182962408e-09, 2.03022532119e-09, 2.9102646959e-09, 1.09186548691e-09, 2.5967419881e-10, 7.15595846468e-11, 8.45262575211e-12, 5.30502169971e-11, 6.49436537534e-12, 7.85190272176e-13, 2.07654301198e-13, 3.21227991411e-15, 1.68577513602e-15, 7.97621957903e-15, 2.04904401958e-14, 9.98607121473e-15, 4.58082278842e-15, 1.74557068578e-15],
        "dvar2": [1.07733933419e-06, 1.77749814156e-06, 6.47677268262e-07, 1.87547229302e-07, 5.54678969422e-09, 1.22169350192e-08, 5.34464161817e-09, 8.82284556525e-09, 3.75254586515e-07, 6.93853223765e-08, 1.28286163914e-08, 1.18484191347e-08, 9.74554765776e-08, 7.61494689527e-09, 1.31738786546e-09, 6.48784670432e-09, 2.24412772809e-08, 3.12589705231e-08, 4.28429691723e-09, 2.16309654633e-08, 3.47669164569e-08, 1.81392216803e-08, 6.67705313262e-09, 5.85518655782e-09, 8.55813730993e-09, 3.04665315198e-09, 7.37904959358e-10, 2.2736980354e-10, 2.24366029228e-11, 1.45783329852e-10, 1.78606556628e-11, 2.22258279489e-12, 5.32649716434e-13, 7.64397768173e-15, 4.56809103619e-15, 2.22395073277e-14, 6.10598472283e-14, 2.97666283441e-14, 1.27096565287e-14, 5.05174473149e-15],
        "max": [0.00703652994707, 0.00860573537648, 0.00473954156041, 0.00260837189853, 0.000295126141282, 0.000761423434597, 0.000534391438123, 0.00051653891569, 0.00396841065958, 0.00248832232319, 0.000438617600594, 0.000544361013453, 0.00191633705981, 0.00042669265531, 0.000254195736488, 0.000456904177554, 0.000643276434857, 0.000860999920405, 0.000354797753971, 0.000852734141517, 0.000838797946926, 0.000682204088662, 0.000354699528543, 0.000263092981186, 0.000429092586273, 0.000217298365897, 0.000121381730423, 7.27403603378e-05, 2.16718744923e-05, 6.53804163449e-05, 2.02264764084e-05, 6.4583450694e-06, 2.99409089166e-06, 4.15555462041e-07, 3.04364732528e-07, 5.17321836924e-07, 7.80098332598e-07, 6.05550553701e-07, 3.86098946592e-07, 2.21270838097e-07],
        "mean": [0.000769512960687, 0.000883366330527, 0.000447579426691, 0.000171023246367, 5.48954485566e-05, 5.97793296038e-05, 4.07059342251e-05, 5.54215766897e-05, 7.11909524398e-05, 7.55818327889e-05, 7.35200228519e-05, 7.79546389822e-05, 8.36169347167e-05, 5.42099296581e-05, 2.21653826884e-05, 3.5664987081e-05, 9.58647578955e-05, 0.000115970753541, 7.5905911217e-05, 0.000127128878376, 0.000138206669362, 0.000104319289676, 7.78331668698e-05, 5.51663397346e-05, 7.33734559617e-05, 4.81927017972e-05, 2.67069590336e-05, 1.37505676321e-05, 5.95826350036e-06, 1.06155948743e-05, 4.48824994237e-06, 1.77506501586e-06, 7.02490069671e-07, 8.02598378868e-08, 5.16502822734e-08, 1.0901578662e-07, 1.54673529096e-07, 1.01984774403e-07, 6.65809025691e-08, 3.91444991976e-08],
        "median": [0.000305797497276, 0.000392318266677, 0.00019470488769, 9.7131167422e-05, 3.84852100979e-05, 3.29399044858e-05, 2.49888307735e-05, 3.25673972839e-05, 1.98668421945e-05, 3.5187083995e-05, 4.37925118604e-05, 5.39272587048e-05, 4.58275972051e-05, 3.52859933628e-05, 1.32057466544e-05, 2.12052837014e-05, 6.39918580418e-05, 7.01385142747e-05, 5.69250732951e-05, 9.69415996224e-05, 9.38993180171e-05, 8.04787268862e-05, 6.16566685494e-05, 4.1855215386e-05, 5.77179089305e-05, 3.79148950742e-05, 2.15693289647e-05, 1.15653965622e-05, 4.90251022711e-06, 8.63151763042e-06, 3.76297703042e-06, 1.48290826019e-06, 5.32389435648e-07, 5.3729234395e-08, 3.16108881293e-08, 6.58872494341e-08, 8.23701213903e-08, 5.46323519757e-08, 2.47561295907e-08, 1.53993511276e-08],
        "min": [7.38019889468e-06, 1.8435443053e-05, 1.0264760931e-05, 7.21587275621e-06, 1.82577059604e-06, 1.48502908814e-06, 2.56082626038e-06, 1.91381059267e-06, 5.71930115711e-07, 2.40067424784e-06, 2.00680074158e-06, 1.42293424688e-06, 9.91954152596e-07, 1.5017997157e-06, 7.18012302059e-07, 9.84371695267e-07, 2.33936316363e-06, 4.30165164289e-06, 1.97393342205e-06, 3.07296704705e-06, 3.56442114935e-06, 2.88269529847e-06, 3.00578312817e-06, 1.23702409383e-06, 2.77346680377e-06, 2.10547364077e-06, 1.80383790394e-06, 1.41220073147e-06, 5.84963345318e-07, 5.21269612364e-07, 1.3915632735e-07, 4.38516245538e-08, 2.29609273816e-08, 2.83946355317e-09, 2.32536967459e-09, 4.12408329709e-09, 3.01259817093e-09, 1.90132243283e-09, 1.3031379309e-09, 5.06951036705e-10],
        "var": [1.35893628794e-06, 1.62001754234e-06, 3.93428365442e-07, 5.70226319496e-08, 2.68020072802e-09, 8.17159406807e-09, 2.84478396395e-09, 4.47506032231e-09, 9.48125489231e-08, 4.24931556608e-08, 6.97484825452e-09, 7.17124004623e-09, 2.37519266477e-08, 3.48519790805e-09, 7.19405535143e-10, 2.16643769591e-09, 1.14300258147e-08, 1.69604508216e-08, 4.20790957634e-09, 1.3772239349e-08, 1.79641723719e-08, 7.16864478889e-09, 3.8069356556e-09, 2.31006569429e-09, 3.89494347885e-09, 1.5009473664e-09, 4.02788830067e-10, 9.20952411554e-11, 1.41322491903e-11, 6.39503935917e-11, 1.03687622724e-11, 1.49152044882e-12, 3.05255468255e-13, 5.11329819225e-15, 2.42037610623e-15, 1.0878557644e-14, 2.71538908437e-14, 1.33658419415e-14, 6.44464128534e-15, 2.38498749321e-15]
    },
    "mfcc": {
        "mean": [-634.295227051, 120.023872375, -70.6659622192, 55.7798423767, 8.54710769653, 4.29944324493, 11.2191133499, 4.13533258438, 16.5491695404, 2.09526777267, -2.76062488556, 0.305417001247, -8.99665260315],
        "cov": [[1144.43530273, -425.069976807, -187.525787354, -366.702728271, 74.4875411987, -62.1184539795, 1.29710566998, -69.8390045166, -95.7431945801, -121.865936279, -74.5764770508, -106.194038391, -62.3836593628], [-425.069976807, 493.67489624, 109.532287598, 118.044906616, -84.1681365967, 23.631893158, -1.01616466045, 26.0491580963, 28.1616134644, 56.4622879028, 12.0069236755, 10.7410354614, -4.95569181442], [-187.525787354, 109.532287598, 147.801315308, 102.05871582, 41.4060020447, 30.2177391052, 22.0005817413, 17.7524833679, 11.9717063904, 17.481584549, 25.9613380432, 23.3365936279, 13.5413179398], [-366.702728271, 118.044906616, 102.05871582, 213.700393677, 13.0794487, 33.2725296021, 10.4381322861, 34.1108627319, 32.6451835632, 27.6575984955, 23.9682445526, 38.6833229065, 27.7225151062], [74.4875411987, -84.1681365967, 41.4060020447, 13.0794487, 131.690628052, 54.5441246033, 42.460067749, 10.0872612, -7.51615953445, -14.0801887512, 9.44801235199, 4.41518211365, 2.3435883522], [-62.1184539795, 23.631893158, 30.2177391052, 33.2725296021, 54.5441246033, 87.2086105347, 59.3876342773, 24.6603298187, 0.322098553181, 8.51706600189, 13.6375484467, 4.36295223236, 2.466984272], [1.29710566998, -1.01616466045, 22.0005817413, 10.4381322861, 42.460067749, 59.3876342773, 88.6222686768, 38.7580871582, 0.423795253038, -0.779637753963, 3.34295392036, -3.11295294762, 2.65277910233], [-69.8390045166, 26.0491580963, 17.7524833679, 34.1108627319, 10.0872612, 24.6603298187, 38.7580871582, 74.6868057251, 33.9635124207, 8.94199371338, 5.52412700653, 13.8257884979, 18.1026878357], [-95.7431945801, 28.1616134644, 11.9717063904, 32.6451835632, -7.51615953445, 0.322098553181, 0.423795253038, 33.9635124207, 67.2421035767, 36.3960838318, 10.5807437897, 13.8645172119, 9.97978496552], [-121.865936279, 56.4622879028, 17.481584549, 27.6575984955, -14.0801887512, 8.51706600189, -0.779637753963, 8.94199371338, 36.3960838318, 86.9108276367, 42.2086906433, 13.3710126877, -0.661996901035], [-74.5764770508, 12.0069236755, 25.9613380432, 23.9682445526, 9.44801235199, 13.6375484467, 3.34295392036, 5.52412700653, 10.5807437897, 42.2086906433, 68.5749435425, 36.937335968, 2.58560323715], [-106.194038391, 10.7410354614, 23.3365936279, 38.6833229065, 4.41518211365, 4.36295223236, -3.11295294762, 13.8257884979, 13.8645172119, 13.3710126877, 36.937335968, 60.3335876465, 27.0804290771], [-62.3836593628, -4.95569181442, 13.5413179398, 27.7225151062, 2.3435883522, 2.466984272, 2.65277910233, 18.1026878357, 9.97978496552, -0.661996901035, 2.58560323715, 27.0804290771, 56.618434906]],
