{
"lowlevel": {
    "average_loudness": 0.984740674496,
    "barkbands_crest": {
        "dmean": 2.76073002815,
        "dmean2": 4.81540822983,
        "dvar": 6.06668233871,
        "dvar2": 17.3831996918,
        "max": 19.6631088257,
        "mean": 7.43520689011,
        "median": 6.78013038635,
        "min": 2.8974711895,
        "var": 8.82628917694
    },
    "barkbands_flatness_db": {
        "dmean": 0.0151080414653,
        "dmean2": 0.0258167069405,
        "dvar": 0.000167817488546,
        "dvar2": 0.000483795971377,
        "max": 0.211494609714,
        "mean": 0.140103265643,
        "median": 0.139705553651,
        "min": 0.079957537353,
        "var": 0.0004132760223
    },
    "barkbands_kurtosis": {
        "dmean": 0.70013076067,
        "dmean2": 1.20029616356,
        "dvar": 0.754612505436,
        "dvar2": 1.96735739708,
        "max": 7.93059539795,
        "mean": -0.87710249424,
        "median": -1.2632727623,
        "min": -1.80634713173,
        "var": 1.23538410664
    },
    "barkbands_skewness": {
        "dmean": 0.491050571203,
        "dmean2": 0.81308722496,
        "dvar": 0.163138881326,
        "dvar2": 0.437870174646,
        "max": 1.98444759846,
        "mean": 0.0184185970575,
        "median": 0.0321812741458,
        "min": -2.44352245331,
        "var": 0.585873484612
    },
    "barkbands_spread": {
        "dmean": 5.96187639236,
        "dmean2": 9.73983669281,
        "dvar": 25.0281066895,
        "dvar2": 66.1654586792,
        "max": 57.0540771484,
        "mean": 36.8549461365,
        "median": 37.7670593262,
        "min": 6.8813085556,
        "var": 66.341796875
    },
    "dissonance": {
        "dmean": 0.00516301207244,
        "dmean2": 0.00873912032694,
        "dvar": 2.064488217e-05,
        "dvar2": 6.05605455348e-05,
        "max": 0.500000059605,
        "mean": 0.491885274649,
        "median": 0.493194520473,
        "min": 0.463481009007,
        "var": 3.21962797898e-05
    },
    "dynamic_complexity": 1.10180604458,
    "erbbands_crest": {
        "dmean": 2.29268670082,
        "dmean2": 3.90924525261,
        "dvar": 4.46543169022,
        "dvar2": 12.7370424271,
        "max": 24.0779876709,
        "mean": 8.01277828217,
        "median": 7.3721370697,
        "min": 3.69009256363,
        "var": 6.78218603134
    },
    "erbbands_flatness_db": {
        "dmean": 0.0118520334363,
        "dmean2": 0.01902057603,
        "dvar": 9.04575936147e-05,
        "dvar2": 0.000237330401433,
        "max": 0.293354213238,
        "mean": 0.221513539553,
        "median": 0.221891120076,
        "min": 0.152386158705,
        "var": 0.00035323301563
    },
    "erbbands_kurtosis": {
        "dmean": 1.49872589111,
        "dmean2": 2.43097519875,
        "dvar": 1.91326630116,
        "dvar2": 4.86565208435,
        "max": 15.9413394928,
        "mean": 2.87849617004,
        "median": 2.54460787773,
        "min": -1.31215369701,
        "var": 4.37528371811
    },
    "erbbands_skewness": {
        "dmean": 0.326536118984,
        "dmean2": 0.535919249058,
        "dvar": 0.0717468857765,
        "dvar2": 0.196919649839,
        "max": 0.516456246376,
        "mean": -1.32528138161,
        "median": -1.34304881096,
        "min": -2.91861557961,
        "var": 0.154770001769
    },
    "erbbands_spread": {
        "dmean": 5.8365983963,
        "dmean2": 9.59343719482,
        "dvar": 26.7053852081,
        "dvar2": 74.312538147,
        "max": 61.4230651855,
        "mean": 21.8503017426,
        "median": 21.0349636078,
        "min": 5.17915439606,
        "var": 67.1346588135
    },
    "hfc": {
        "dmean": 6.11345243454,
        "dmean2": 9.59366893768,
        "dvar": 35.7898864746,
        "dvar2": 91.499710083,
        "max": 94.5967483521,
        "mean": 29.5271339417,
        "median": 26.5794277191,
        "min": 6.38486528397,
        "var": 170.103485107
    },
    "melbands_crest": {
        "dmean": 3.95948767662,
        "dmean2": 6.75050067902,
        "dvar": 9.55158042908,
        "dvar2": 26.8583164215,
        "max": 28.9925231934,
        "mean": 11.8473434448,
        "median": 11.4507732391,
        "min": 3.13791131973,
        "var": 20.1816291809
    },
    "melbands_flatness_db": {
        "dmean": 0.0239452961832,
        "dmean2": 0.0401462614536,
        "dvar": 0.000418446725234,
        "dvar2": 0.00117898290046,
        "max": 0.283534198999,
        "mean": 0.1695882231,
        "median": 0.167154878378,
        "min": 0.0842266753316,
        "var": 0.00134625425562
    },
    "melbands_kurtosis": {
        "dmean": 2.18573498726,
        "dmean2": 3.76977062225,
        "dvar": 7.51699638367,
        "dvar2": 21.1614341736,
        "max": 18.639755249,
        "mean": 1.35473608971,
        "median": 0.211283326149,
        "min": -1.74891483784,
        "var": 11.3714704514
    },
    "melbands_skewness": {
        "dmean": 0.655936479568,
        "dmean2": 1.08640289307,
        "dvar": 0.304980188608,
        "dvar2": 0.836059868336,
        "max": 4.22662258148,
        "mean": 1.29006743431,
        "median": 1.25756204128,
        "min": -1.56966209412,
        "var": 0.986445426941
    },
    "melbands_spread": {
        "dmean": 13.192360878,
        "dmean2": 22.2689666748,
        "dvar": 120.480026245,
        "dvar2": 335.193115234,
        "max": 116.960502625,
        "mean": 56.2330970764,
        "median": 57.940826416,
        "min": 15.8727169037,
        "var": 321.837799072
    },
    "pitch_salience": {
        "dmean": 0.0699315443635,
        "dmean2": 0.119353212416,
        "dvar": 0.00388050731272,
        "dvar2": 0.0110284378752,
        "max": 0.795248448849,
        "mean": 0.610825419426,
        "median": 0.621889948845,
        "min": 0.289388984442,
        "var": 0.0066049862653
    },
    "silence_rate_20dB": {
        "dmean": 0,
        "dmean2": 0,
        "dvar": 0,
        "dvar2": 0,
        "max": 1,
        "mean": 1,
        "median": 1,
        "min": 1,
        "var": 0
    },
    "silence_rate_30dB": {
        "dmean": 0,
        "dmean2": 0,
        "dvar": 0,
        "dvar2": 0,
        "max": 1,
        "mean": 1,
        "median": 1,
        "min": 1,
        "var": 0
    },
    "silence_rate_60dB": {
        "dmean": 0,
        "dmean2": 0,
        "dvar": 0,
        "dvar2": 0,
        "max": 0,
        "mean": 0,
        "median": 0,
        "min": 0,
        "var": 0
    },
    "spectral_centroid": {
        "dmean": 219.763504028,
        "dmean2": 369.623657227,
        "dvar": 33034.3867188,
        "dvar2": 93836.7265625,
        "max": 3264.06860352,
        "mean": 2415.24584961,
        "median": 2447.48046875,
        "min": 1257.07250977,
        "var": 83333.265625
    },
    "spectral_complexity": {
        "dmean": 3.76459693909,
        "dmean2": 6.12894248962,
        "dvar": 9.4941778183,
        "dvar2": 24.5001277924,
        "max": 52,
        "mean": 35.4462966919,
        "median": 35,
        "min": 16,
        "var": 35.6563835144
    },
    "spectral_decrease": {
        "dmean": 1.05985908938e-09,
        "dmean2": 1.81609560723e-09,
        "dvar": 7.54009973325e-19,
        "dvar2": 2.26868220986e-18,
        "max": -1.72358260997e-09,
        "mean": -4.93881380237e-09,
        "median": -4.97296248625e-09,
        "min": -8.87497808577e-09,
        "var": 1.18000478347e-18
    },
    "spectral_energy": {
        "dmean": 0.00423290813342,
        "dmean2": 0.00721826171502,
        "dvar": 1.15460725283e-05,
        "dvar2": 3.39488542522e-05,
        "max": 0.0354531593621,
        "mean": 0.0213183853775,
        "median": 0.0214903652668,
        "min": 0.00745670078322,
        "var": 2.22423768719e-05
    },
    "spectral_energyband_high": {
        "dmean": 0.0001826814987,
        "dmean2": 0.000304043089272,
        "dvar": 6.80024214716e-08,
        "dvar2": 1.97131811319e-07,
        "max": 0.00337380054407,
        "mean": 0.000549781543668,
        "median": 0.000429070001701,
        "min": 0.000115847578854,
        "var": 1.54251637241e-07
    },
    "spectral_energyband_low": {
        "dmean": 0.0031389053911,
        "dmean2": 0.00534487562254,
        "dvar": 1.09083712232e-05,
        "dvar2": 3.27366433339e-05,
        "max": 0.0263398885727,
        "mean": 0.00517691578716,
        "median": 0.00401939917356,
        "min": 0.00016353619867,
        "var": 1.75899494934e-05
    },
    "spectral_energyband_middle_high": {
        "dmean": 0.00244983984157,
        "dmean2": 0.00381655013189,
        "dvar": 4.75617025586e-06,
        "dvar2": 1.13462010631e-05,
        "max": 0.0284889936447,
        "mean": 0.010956928134,
        "median": 0.00979542732239,
        "min": 0.00198384141549,
        "var": 2.54448314081e-05
    },
    "spectral_energyband_middle_low": {
        "dmean": 0.0024543129839,
        "dmean2": 0.00410723732784,
        "dvar": 5.95134861214e-06,
        "dvar2": 1.68449314515e-05,
        "max": 0.0282393805683,
        "mean": 0.00524737220258,
        "median": 0.0044141355902,
        "min": 0.000572224555071,
        "var": 1.11062090582e-05
    },
    "spectral_entropy": {
        "dmean": 0.0632072538137,
        "dmean2": 0.104271560907,
        "dvar": 0.00261223502457,
        "dvar2": 0.00691116740927,
        "max": 8.23595333099,
        "mean": 7.60696268082,
        "median": 7.6074051857,
        "min": 7.30512952805,
        "var": 0.0068163392134
    },
    "spectral_flux": {
        "dmean": 0.0126512004063,
        "dmean2": 0.020328361541,
        "dvar": 0.000101434277894,
        "dvar2": 0.000259708962403,
        "max": 0.155736938119,
        "mean": 0.092405423522,
        "median": 0.0926450565457,
        "min": 0.0469113253057,
        "var": 0.000233883794863
    },
    "spectral_kurtosis": {
        "dmean": 2.8066701889,
        "dmean2": 5.03787517548,
        "dvar": 4.93198108673,
        "dvar2": 15.2577075958,
        "max": 15.99269104,
        "mean": 5.2427239418,
        "median": 4.72816419601,
        "min": 0.700512170792,
        "var": 7.37883138657
    },
    "spectral_rms": {
        "dmean": 0.000463178381324,
        "dmean2": 0.000789033540059,
        "dvar": 1.45229734017e-07,
        "dvar2": 4.31794092037e-07,
        "max": 0.00588119449094,
        "mean": 0.00453115208074,
        "median": 0.00457888748497,
        "min": 0.00269718933851,
        "var": 2.67104496743e-07
    },
    "spectral_rolloff": {
        "dmean": 358.261016846,
        "dmean2": 610.620422363,
        "dvar": 106363.164062,
        "dvar2": 288475.375,
        "max": 4048.2421875,
        "mean": 2731.68920898,
        "median": 2670.1171875,
        "min": 581.396484375,
        "var": 239718.21875
    },
    "spectral_skewness": {
        "dmean": 0.286317318678,
        "dmean2": 0.501002848148,
        "dvar": 0.049664016813,
        "dvar2": 0.151553034782,
        "max": 2.74887108803,
        "mean": 0.834055840969,
        "median": 0.801290750504,
        "min": 0.129700124264,
        "var": 0.110823199153
    },
    "spectral_spread": {
        "dmean": 165291.78125,
        "dmean2": 273608.21875,
        "dvar": 144056385536,
        "dvar2": 169447243776,
        "max": 14151460,
        "mean": 2252340.75,
        "median": 2241943,
        "min": 1669176.125,
        "var": 169792487424
    },
    "spectral_strongpeak": {
        "dmean": 0.816497564316,
        "dmean2": 1.45736372471,
        "dvar": 1.9844956398,
        "dvar2": 5.43561840057,
        "max": 10.499663353,
        "mean": 0.875648915768,
        "median": 0.283172726631,
        "min": 0.0409667380154,
        "var": 2.10863566399
    },
    "zerocrossingrate": {
        "dmean": 0.00710836146027,
        "dmean2": 0.00944403000176,
        "dvar": 3.52175047738e-05,
        "dvar2": 5.7230306993e-05,
        "max": 0.1298828125,
        "mean": 0.0806735605001,
        "median": 0.0810546875,
        "min": 0.029296875,
        "var": 0.00029306137003
    },
    "barkbands": {
        "dmean": [2.63240999629e-05, 0.00251421844587, 0.000949400477111, 0.0011340349447, 0.00186806963757, 0.000243232105277, 0.000151273154188, 9.39298479352e-05, 0.000293180724839, 0.000259843916865, 0.00023963287822, 0.000298345636111, 0.000152153297677, 0.00077688874444, 0.000662708829623, 0.00112100981642, 0.000976640265435, 0.000458924070699, 0.000595287769102, 0.000363064667908, 0.000126938190078, 2.08769160963e-05, 1.26733823436e-06, 3.30974944518e-06, 1.04883054064e-06, 5.93856213982e-07, 4.23897823509e-08],
        "dmean2": [4.30934305768e-05, 0.00428162654862, 0.00166567915585, 0.00193985807709, 0.0031977230683, 0.000421942648245, 0.000254972925177, 0.000156629510457, 0.000491101411171, 0.000443639990408, 0.000403363257647, 0.000511532125529, 0.000250626180787, 0.00132043706253, 0.00107334030326, 0.00191021698993, 0.00165679957718, 0.000776116910856, 0.00101764174178, 0.000600476458203, 0.000211581093026, 3.5500866943e-05, 2.09353129321e-06, 5.33650518264e-06, 1.70662247001e-06, 9.29798829929e-07, 6.39026822569e-08],
        "dvar": [2.26881891052e-09, 8.53214987728e-06, 1.79177936843e-06, 2.55572149399e-06, 3.38561062563e-06, 1.16937030725e-07, 1.21593160429e-07, 2.34331842819e-08, 3.1847693549e-07, 1.27254509152e-07, 1.12013509579e-07, 1.26002873913e-07, 3.83444991314e-08, 9.09820585093e-07, 5.49655055693e-07, 2.04037314688e-06, 1.13336659524e-06, 4.85418638618e-07, 1.00949841908e-06, 2.38204279412e-07, 3.68029127173e-08, 8.18579426465e-10, 6.78000884602e-12, 3.48561492169e-11, 5.28152825294e-12, 2.06247215487e-12, 1.8046550582e-13],
        "dvar2": [5.85692161437e-09, 2.5281435228e-05, 5.17029002367e-06, 7.21218475519e-06, 1.02311141745e-05, 3.17984586218e-07, 3.05131294454e-07, 4.69545149429e-08, 8.18039382011e-07, 3.2718418197e-07, 2.98304314583e-07, 2.98600923543e-07, 1.00710501272e-07, 2.3483410132e-06, 1.2278937902e-06, 5.50603272131e-06, 2.99583325614e-06, 1.35035747917e-06, 3.07651680487e-06, 6.20998662271e-07, 1.04548476543e-07, 2.30802643664e-09, 1.88581789073e-11, 9.85482390137e-11, 1.48246779436e-11, 5.41118018449e-12, 1.96028279329e-13],
        "max": [0.000591192918364, 0.0206708684564, 0.0148412724957, 0.0239559095353, 0.0151238320395, 0.00392956426367, 0.00801623892039, 0.00462001655251, 0.0099172135815, 0.00499741313979, 0.00436158711091, 0.00458918325603, 0.00288511253893, 0.017784781754, 0.00905050244182, 0.0184548329562, 0.0118031362072, 0.00882793497294, 0.0164238791913, 0.00717391259968, 0.00227420334704, 0.00033146890928, 4.93079933221e-05, 8.57896739035e-05, 3.01769632642e-05, 1.97684003069e-05, 1.36660082717e-05],
        "mean": [3.02317512251e-05, 0.00342163722962, 0.00117714598309, 0.00132743199356, 0.00273818103597, 0.000318882463034, 0.000192982537556, 0.000130358312163, 0.000429417879786, 0.000397207855713, 0.000333093572408, 0.00046461308375, 0.000242109206738, 0.00135131704155, 0.00121627922636, 0.00209274399094, 0.00199787179008, 0.000917448836844, 0.0012569562532, 0.000903299602214, 0.000308476068312, 5.55007609364e-05, 3.1250401662e-06, 8.45754038892e-06, 2.40424401454e-06, 1.18994682907e-06, 5.61488882056e-08],
        "median": [1.19121104944e-05, 0.00222753873095, 0.00067869387567, 0.000713015382644, 0.00215247576125, 0.000200432405109, 0.00010091321019, 7.47551894165e-05, 0.00025702547282, 0.000274011632428, 0.000219393026782, 0.000335020537023, 0.000172907675733, 0.00104012782685, 0.000920432561543, 0.00151986186393, 0.00157145131379, 0.000646804226562, 0.000979097094387, 0.000686384155415, 0.000227665295824, 3.94946619053e-05, 1.83963607014e-06, 4.18129002355e-06, 7.86307623457e-07, 2.56460225501e-07, 5.97732530139e-09],
        "min": [2.21358913421e-08, 5.26180410816e-05, 1.09773045551e-05, 1.274877377e-05, 6.58627322991e-05, 1.42083281389e-05, 4.53912161902e-06, 3.83340102417e-06, 1.39691437653e-05, 8.85210647539e-06, 2.12229897443e-05, 3.27345478581e-05, 1.10840719572e-05, 0.000111357774585, 0.000101473931863, 0.000223701543291, 0.000197977293283, 9.12890318432e-05, 0.000173417647602, 7.00695018168e-05, 5.18510678376e-05, 8.82853237272e-06, 3.67382341437e-07, 9.49439936448e-07, 1.13634463617e-07, 2.77442335772e-08, 1.74721959123e-09],
        "var": [2.52820830937e-09, 1.20797112686e-05, 2.08584378925e-06, 3.43118063029e-06, 5.03824458065e-06, 1.44728971918e-07, 1.96157373011e-07, 5.98265543772e-08, 4.04430920753e-07, 1.94099456508e-07, 1.40864059972e-07, 1.95362190425e-07, 5.72434757373e-08, 1.40455745168e-06, 1.14252179628e-06, 3.51753942596e-06, 2.20418655772e-06, 7.86803127539e-07, 1.23052291201e-06, 6.03828652856e-07, 6.48128946068e-08, 2.14160467138e-09, 1.44592749232e-11, 1.18181409103e-10, 1.58423916347e-11, 5.53549350454e-12, 1.83869277226e-13]
    },
    "erbbands": {
        "dmean": [0.0551275424659, 0.637613177299, 1.2420219183, 2.10035896301, 5.10281848907, 8.35029792786, 3.30700159073, 1.62932598591, 1.03029561043, 3.09310507774, 3.23121094704, 6.68226957321, 6.61246204376, 7.79074859619, 10.8482599258, 10.9055681229, 5.53433847427, 26.6620044708, 38.2471694946, 48.6882667542, 54.2941589355, 53.4728050232, 23.384349823, 34.5061416626, 24.2472877502, 14.2000303268, 5.01867008209, 3.98848581314, 0.949793219566, 0.151770174503, 0.0406414605677, 0.0798988044262, 0.0447086617351, 0.0193388778716, 0.0036221833434, 0.00321270897985, 0.000929309229832, 8.92019379535e-05, 6.33678564554e-06, 5.28193913851e-06],
        "dmean2": [0.0925109237432, 1.09599900246, 2.17393922806, 3.60391640663, 8.70902919769, 14.6223125458, 5.74909830093, 2.83105802536, 1.72609555721, 5.1863951683, 5.44635248184, 10.9612722397, 11.3090658188, 13.1717510223, 18.0748634338, 18.510187149, 8.87337398529, 44.44896698, 64.018119812, 80.9210357666, 90.671081543, 91.2949295044, 39.0063323975, 58.8277435303, 40.8780555725, 23.3863754272, 8.36839389801, 6.702460289, 1.61339652538, 0.256529539824, 0.0667517483234, 0.131526395679, 0.0723024308681, 0.0315172635019, 0.00570204015821, 0.00503711029887, 0.00147150002886, 0.000140589341754, 9.27149540075e-06, 8.79197523318e-06],
        "dvar": [0.00493610929698, 0.549789726734, 2.65084266663, 7.93578577042, 32.943775177, 86.4125366211, 13.3067741394, 6.55982255936, 2.84494829178, 70.8777999878, 26.288646698, 172.130935669, 156.412475586, 102.321640015, 194.893356323, 174.231140137, 36.4379997253, 891.318237305, 2109.70556641, 4146.23193359, 4865.24365234, 3609.56030273, 1226.49255371, 2440.87890625, 2236.14331055, 349.803222656, 48.7762145996, 46.5993537903, 1.95347797871, 0.056780487299, 0.00623757857829, 0.019061004743, 0.00707220239565, 0.00157990097068, 0.000108367341454, 5.95935052843e-05, 4.96158600072e-06, 1.15996797945e-07, 3.49925932674e-09, 4.53654024068e-11],
        "dvar2": [0.0132602490485, 1.6431428194, 7.68862247467, 23.2856063843, 93.3542480469, 251.793777466, 38.0685119629, 17.5995483398, 6.38819265366, 183.935440063, 71.6200027466, 437.585235596, 412.578979492, 285.313079834, 507.744384766, 404.625244141, 86.3560028076, 2271.26660156, 5322.83349609, 10769.9111328, 12684.03125, 9755.86230469, 3196.06079102, 6736.17138672, 7010.25341797, 957.585144043, 139.240783691, 132.466888428, 5.6903719902, 0.166257709265, 0.0170106068254, 0.0545294061303, 0.019905814901, 0.00447097793221, 0.000297926366329, 0.000163994933246, 1.25214246509e-05, 2.11561527408e-07, 3.61322127773e-09, 7.53653944807e-11],
        "max": [0.500485599041, 5.30036830902, 16.1672039032, 40.6603164673, 51.1395263672, 88.1408538818, 33.937374115, 27.4971866608, 24.6297416687, 228.191375732, 64.5889587402, 243.120742798, 291.815551758, 114.936584473, 197.421325684, 211.267074585, 83.9927902222, 375.08706665, 658.352661133, 811.634887695, 943.306945801, 629.08203125, 544.040588379, 604.22479248, 801.362854004, 305.472747803, 96.190864563, 91.7451019287, 16.6688804626, 3.1220934391, 1.48417985439, 2.07018017769, 1.09113013744, 0.555227577686, 0.140060290694, 0.114176407456, 0.0256303399801, 0.00850715208799, 0.00194961181842, 0.000209457270103],
        "mean": [0.073090955615, 0.8447727561, 1.64534962177, 2.7926876545, 7.00571298599, 10.6652774811, 4.71054553986, 2.22740864754, 1.57240509987, 4.09342670441, 4.56242704391, 9.46573066711, 10.4977493286, 12.1833925247, 17.3798370361, 17.6666660309, 11.439997673, 47.8192749023, 74.895904541, 88.7450485229, 113.823638916, 110.598472595, 54.4484214783, 71.4586029053, 60.7839355469, 36.4978713989, 13.2027826309, 9.63054943085, 2.60153651237, 0.405320823193, 0.111425228417, 0.197391882539, 0.108103498816, 0.0459241569042, 0.00728519726545, 0.00636613601819, 0.00188663997687, 0.000149572340888, 2.07750981644e-05, 2.81420598185e-05],
        "median": [0.0428399294615, 0.545426487923, 0.979355573654, 1.77080368996, 5.05665874481, 7.50396060944, 3.53346204758, 1.40102231503, 0.966677069664, 2.06992292404, 2.77857398987, 5.50293254852, 6.59232521057, 8.74769210815, 12.9321346283, 13.0079364777, 9.03762054443, 36.7862243652, 56.5006256104, 64.2679748535, 87.572479248, 88.147315979, 39.925617218, 56.0621910095, 48.2350158691, 29.3051185608, 10.4683961868, 7.00738525391, 1.86509513855, 0.277336001396, 0.0683811455965, 0.102398127317, 0.0463053248823, 0.0164079070091, 0.00187927158549, 0.00143111567013, 0.000368850276573, 1.86935467354e-05, 1.52057546075e-05, 2.77940562228e-05],
        "min": [0.000581652100664, 0.0175287965685, 0.0561832971871, 0.0709858611226, 0.16916705668, 0.23356308043, 0.133386954665, 0.125424280763, 0.0823342949152, 0.0708382204175, 0.169583499432, 0.328714072704, 0.556979835033, 0.531522274017, 1.29087996483, 1.28909027576, 0.801855742931, 3.0347597599, 5.93690729141, 7.44200468063, 16.7231903076, 14.2740392685, 8.64933681488, 7.4480881691, 8.96030902863, 4.17856311798, 2.45287013054, 1.65929067135, 0.419477045536, 0.0553874671459, 0.0176949538291, 0.0235210638493, 0.010235899128, 0.00264020310715, 0.000359563448001, 0.000201472343178, 3.46883971361e-05, 4.02138539357e-06, 5.40232213098e-06, 9.5936939033e-06],
        "var": [0.00708671519533, 0.759526371956, 3.48284053802, 10.4543561935, 43.0394058228, 106.515647888, 17.4584388733, 7.47740411758, 4.85164499283, 145.745559692, 31.3915843964, 202.296615601, 246.460998535, 133.497024536, 281.869628906, 266.360778809, 80.8993453979, 1649.39453125, 3747.8972168, 6756.52392578, 8927.94726562, 6376.85498047, 2358.79199219, 3359.18432617, 2906.19921875, 704.323486328, 91.569694519, 73.9055404663, 4.55724525452, 0.138173654675, 0.0160815883428, 0.0591888166964, 0.0218553710729, 0.00498803844675, 0.000233338199905, 0.000153901099111, 1.40125393955e-05, 1.72969095047e-07, 3.60722851589e-09, 7.72358010881e-11]
    },
    "gfcc": {
        "mean": [-8.41540050507, 119.682060242, -178.718963623, 67.203086853, -20.8468742371, -1.79224133492, -24.0142536163, 0.924075365067, -24.5542087555, -7.9345831871, -17.4604473114, -13.018286705, 4.97792959213],
        "cov": [[477.491149902, -378.535705566, 23.9621295929, -107.836364746, -97.4725799561, 23.7646007538, -117.222175598, 98.8057403564, -33.8633766174, 71.5820388794, -62.3346786499, 72.0960845947, -58.7827758789], [-378.535705566, 554.606567383, -7.75206279755, 69.8028564453, 49.1112556458, -57.8398780823, 146.85458374, -101.108039856, 39.131690979, -90.9565887451, 71.5566177368, -87.1013870239, 63.0843391418], [23.9621295929, -7.75206279755, 159.751312256, 43.6539077759, 32.4318809509, 28.7448558807, -5.1982011795, 54.8147201538, 12.6839609146, 29.6914997101, -3.91899013519, 29.437292099, -18.2053432465], [-107.836364746, 69.8028564453, 43.6539077759, 94.6770782471, 68.6315078735, 13.0479516983, 32.6379432678, -14.7227783203, 6.51086187363, -8.1090669632, 22.1318721771, -10.0673027039, 13.6289587021], [-97.4725799561, 49.1112556458, 32.4318809509, 68.6315078735, 95.7264862061, 45.6925926208, 33.1713409424, -6.53504419327, 11.0541448593, 0.667162358761, 20.3794250488, -0.256853759289, 15.2366447449], [23.7646007538, -57.8398780823, 28.7448558807, 13.0479516983, 45.6925926208, 74.974281311, 21.2155628204, 29.0289230347, 1.44810855389, 24.7153091431, 2.52337670326, 20.7922153473, -2.27771115303], [-117.222175598, 146.85458374, -5.1982011795, 32.6379432678, 33.1713409424, 21.2155628204, 101.701828003, 6.35274505615, 20.0710391998, -18.7733345032, 31.0296535492, -19.0084152222, 22.1343574524], [98.8057403564, -101.108039856, 54.8147201538, -14.7227783203, -6.53504419327, 29.0289230347, 6.35274505615, 104.75605011, 36.9621200562, 41.199836731, -10.2894163132, 33.6638031006, -19.9039497375], [-33.8633766174, 39.131690979, 12.6839609146, 6.51086187363, 11.0541448593, 1.44810855389, 20.0710391998, 36.9621200562, 67.591583252, 28.8928871155, 9.75071430206, 2.92576885223, 4.71068716049], [71.5820388794, -90.9565887451, 29.6914997101, -8.1090669632, 0.667162358761, 24.7153091431, -18.7733345032, 41.199836731, 28.8928871155, 68.1627960205, 9.53664875031, 28.284538269, -12.5309085846], [-62.3346786499, 71.5566177368, -3.91899013519, 22.1318721771, 20.3794250488, 2.52337670326, 31.0296535492, -10.2894163132, 9.75071430206, 9.53664875031, 50.2272644043, 11.7256479263, 17.5478115082], [72.0960845947, -87.1013870239, 29.437292099, -10.0673027039, -0.256853759289, 20.7922153473, -19.0084152222, 33.6638031006, 2.92576885223, 28.284538269, 11.7256479263, 65.4009628296, 10.0596666336], [-58.7827758789, 63.0843391418, -18.2053432465, 13.6289587021, 15.2366447449, -2.27771115303, 22.1343574524, -19.9039497375, 4.71068716049, -12.5309085846, 17.5478115082, 10.0596666336, 46.7637367249]],
        "icov": [[0.00789295323193, -0.00030904088635, 0.00205743545666, 9.74051217781e-05, 0.00470775645226, -0.00248122191988, 0.00409760931507, -0.00640254374593, 0.00702874688432, -0.00550836697221, 0.00470757205039, -0.00375975179486, 0.00164994387887], [-0.00030904088635, 0.020634546876, -0.0184119082987, 0.0157291293144, -0.00462693348527, 0.0100796269253, -0.0184468962252, 0.0202716812491, -0.0207633022219, 0.0200408920646, -0.0219843555242, 0.0170333497226, -0.00857134629041], [0.00205743545666, -0.0184119082987, 0.0285251513124, -0.0219383295625, 0.00448706047609, -0.00826334767044, 0.0169319212437, -0.0238263420761, 0.0214523579925, -0.0211096443236, 0.0243711844087, -0.0213012974709, 0.0125223416835], [9.74051217781e-05, 0.0157291293144, -0.0219383295625, 0.0458371452987, -0.0290598664433, 0.0212357137352, -0.0192861799151, 0.0168732162565, -0.0110111124814, 0.0118846148252, -0.0192291978747, 0.0166864804924, -0.00826289877295], [0.00470775645226, -0.00462693348527, 0.00448706047609, -0.0290598664433, 0.0502487830818, -0.0373805835843, 0.0170838907361, -0.00426869187504, -0.00507480604574, 0.00610071560368, -0.00376709573902, -4.65760194857e-06, -0.00215977523476], [-0.00248122191988, 0.0100796269253, -0.00826334767044, 0.0212357137352, -0.0373805835843, 0.0551816485822, -0.0324961654842, 0.00980701763183, 0.00635529030114, -0.0138238668442, 0.00906204804778, -0.00522408401594, 0.00167897751089], [0.00409760931507, -0.0184468962252, 0.0169319212437, -0.0192861799151, 0.0170838907361, -0.0324961654842, 0.0526581220329, -0.0339016020298, 0.0127315316349, 0.000993497436866, -0.0058277072385, 0.00413535628468, -0.00397376343608], [-0.00640254374593, 0.0202716812491, -0.0238263420761, 0.0168732162565, -0.00426869187504, 0.00980701763183, -0.0339016020298, 0.0545570999384, -0.0378331132233, 0.0178710166365, -0.0104844998568, 0.00157518358901, 0.0037432492245], [0.00702874688432, -0.0207633022219, 0.0214523579925, -0.0110111124814, -0.00507480604574, 0.00635529030114, 0.0127315316349, -0.0378331132233, 0.060367371887, -0.0451449938118, 0.0306051969528, -0.0145438276231, 0.00170568097383], [-0.00550836697221, 0.0200408920646, -0.0211096443236, 0.0118846148252, 0.00610071560368, -0.0138238668442, 0.000993497436866, 0.0178710166365, -0.0451449938118, 0.068399772048, -0.0486101135612, 0.0214741453528, -0.00466859759763], [0.00470757205039, -0.0219843555242, 0.0243711844087, -0.0192291978747, -0.00376709573902, 0.00906204804778, -0.0058277072385, -0.0104844998568, 0.0306051969528, -0.0486101135612, 0.0784952864051, -0.0442542433739, 0.0145874284208], [-0.00375975179486, 0.0170333497226, -0.0213012974709, 0.0166864804924, -4.65760194857e-06, -0.00522408401594, 0.00413535628468, 0.00157518358901, -0.0145438276231, 0.0214741453528, -0.0442542433739, 0.0604845322669, -0.0315855704248], [0.00164994387887, -0.00857134629041, 0.0125223416835, -0.00826289877295, -0.00215977523476, 0.00167897751089, -0.00397376343608, 0.0037432492245, 0.00170568097383, -0.00466859759763, 0.0145874284208, -0.0315855704248, 0.0464615225792]]
    },
    "melbands": {
        "dmean": [0.000610164599493, 0.000697359268088, 0.000429570412962, 0.00048238033196, 0.000160630574101, 3.71033383999e-05, 2.06825134228e-05, 2.91987944365e-05, 3.5481825762e-05, 3.96789400838e-05, 3.41652703355e-05, 3.29963404511e-05, 3.76943971787e-05, 4.0225651901e-05, 1.48928438648e-05, 2.44318980549e-05, 5.43350397493e-05, 7.37579612178e-05, 5.18721899425e-05, 7.67789097154e-05, 6.86447747285e-05, 6.02905056439e-05, 3.67861102859e-05, 2.25675121328e-05, 3.20393119182e-05, 2.07947250601e-05, 2.06565146073e-05, 7.12305609341e-06, 2.51943060903e-06, 4.75724391436e-06, 1.71019689787e-06, 6.01627505148e-07, 2.84123672145e-07, 3.41736097198e-08, 2.01782963671e-08, 3.9361946591e-08, 5.74270373477e-08, 3.7685769172e-08, 2.39398580959e-08, 1.55889292586e-08],
        "dmean2": [0.0010366034694, 0.00121299154125, 0.000736837391742, 0.000826931500342, 0.00027845351724, 6.42241211608e-05, 3.45429580193e-05, 4.86563149025e-05, 6.03981934546e-05, 6.52762901154e-05, 5.86060741625e-05, 5.63970243093e-05, 6.33920135442e-05, 6.87121209921e-05, 2.48729320447e-05, 4.06925064453e-05, 9.09581212909e-05, 0.000125853446661, 8.42819426907e-05, 0.000131107371999, 0.000115658272989, 0.000102754915133, 6.1586702941e-05, 3.80705423595e-05, 5.47615018149e-05, 3.55711454176e-05, 3.44972322637e-05, 1.20014065033e-05, 4.22757057095e-06, 8.02041540737e-06, 2.88583828478e-06, 1.01858699963e-06, 4.89434626161e-07, 5.59193047422e-08, 3.31430314304e-08, 6.4556068935e-08, 9.6119450177e-08, 6.23765075147e-08, 3.92270216309e-08, 2.59853578655e-08],
        "dvar": [5.35865922302e-07, 6.59038676076e-07, 3.02662812146e-07, 2.40533381657e-07, 2.9585908834e-08, 3.18550297251e-09, 1.32533672925e-09, 5.91470916689e-09, 4.04414990385e-09, 5.56573453991e-09, 4.01493549518e-09, 1.97092253629e-09, 2.90299784211e-09, 2.30871100015e-09, 3.54540119485e-10, 9.77773195743e-10, 3.76259290391e-09, 8.72850414169e-09, 3.9535943408e-09, 1.10106626039e-08, 7.07007963285e-09, 4.49301529315e-09, 2.50241471988e-09, 1.39554989786e-09, 2.04201300313e-09, 2.12510387065e-09, 8.3776935389e-10, 9.38182864729e-11, 1.17788235762e-11, 4.92101324967e-11, 8.41589558459e-12, 6.52768637754e-13, 2.19608782114e-13, 3.16863082403e-15, 1.47547337236e-15, 4.48202063029e-15, 1.09449362279e-14, 5.00427573458e-15, 2.41654878786e-15, 1.03462427529e-15],
        "dvar2": [1.54339829805e-06, 1.92756942852e-06, 8.45968656904e-07, 7.23744790321e-07, 8.34245810211e-08, 8.53368664622e-09, 3.04755398695e-09, 1.50596974891e-08, 1.09830615713e-08, 1.38008546813e-08, 1.07179856101e-08, 5.48341194673e-09, 7.70886909862e-09, 5.5777160668e-09, 8.91371254585e-10, 2.45361908568e-09, 9.44196720809e-09, 2.26963745575e-08, 9.42093603129e-09, 2.99374534052e-08, 1.81637975771e-08, 1.21556240629e-08, 6.55408394223e-09, 3.95315424839e-09, 5.59768231767e-09, 6.73550859531e-09, 2.20485607549e-09, 2.51744874946e-10, 3.29943850019e-11, 1.34569494437e-10, 2.44076234918e-11, 1.82825477847e-12, 6.5629473427e-13, 8.83923942613e-15, 3.96293935845e-15, 1.21836609269e-14, 3.22587788459e-14, 1.4342066895e-14, 6.68457183798e-15, 3.05739697509e-15],
        "max": [0.00508025288582, 0.00688986387104, 0.00794829428196, 0.00425598211586, 0.0019910375122, 0.000589355069678, 0.000728933606297, 0.00212396867573, 0.000998886534944, 0.00131418660749, 0.00142034969758, 0.000471091014333, 0.000747320125811, 0.000583750312217, 0.00026378853363, 0.000406725914218, 0.000896802521311, 0.00150289747398, 0.000679435615893, 0.00142829411197, 0.00129266630393, 0.000778400455602, 0.000745516386814, 0.000659610377625, 0.000508365570568, 0.000775017484557, 0.000423041026806, 0.000154296052642, 4.86094650114e-05, 9.6768453659e-05, 3.75192794309e-05, 9.47212083702e-06, 5.64682386539e-06, 8.06305365586e-07, 6.8253751806e-07, 9.76220235316e-07, 1.38487723689e-06, 9.85877363746e-07, 7.79987146871e-07, 3.96373820877e-07],
        "mean": [0.000826381612569, 0.000983276288025, 0.000606221030466, 0.000688188243657, 0.00022469398391, 4.9751582992e-05, 2.9129541872e-05, 3.96350478695e-05, 4.71251441923e-05, 5.80737905693e-05, 5.24159986526e-05, 4.8841953685e-05, 5.42625821254e-05, 6.03575826972e-05, 2.3986942324e-05, 3.90979585063e-05, 9.32106122491e-05, 0.000130071755848, 9.54270290094e-05, 0.000132017768919, 0.000135149995913, 0.000116780232929, 7.24747951608e-05, 4.23692363256e-05, 6.11111681792e-05, 4.22571283707e-05, 4.86755088787e-05, 1.70098683157e-05, 5.96281552134e-06, 1.00904617284e-05, 3.84545637644e-06, 1.54093788751e-06, 6.09642938798e-07, 7.44552863807e-08, 4.65204976763e-08, 9.39590734106e-08, 1.31942869075e-07, 8.35531750454e-08, 5.34912629746e-08, 3.31960663402e-08],
        "median": [0.000514128303621, 0.000628552632406, 0.000406250357628, 0.000528255186509, 0.00017279558233, 3.10367213388e-05, 1.68900623976e-05, 2.0359409973e-05, 2.75056845567e-05, 3.41988634318e-05, 3.26016488543e-05, 3.47729655914e-05, 3.64121806342e-05, 4.25516191171e-05, 1.69774721144e-05, 2.71687931672e-05, 7.1008791565e-05, 9.59044773481e-05, 7.18297378626e-05, 9.06218847376e-05, 0.000102933678136, 9.16953285923e-05, 5.41413828614e-05, 2.97941551253e-05, 4.69004698971e-05, 3.21377810906e-05, 3.54997537215e-05, 1.2763959603e-05, 4.62614025309e-06, 7.33153046895e-06, 2.65140761257e-06, 1.10849759949e-06, 4.11651200238e-07, 4.60537776803e-08, 2.76856706449e-08, 5.3344408002e-08, 6.60480026227e-08, 3.61966421281e-08, 2.04980175056e-08, 1.08873834392e-08],
        "min": [1.00808938441e-05, 3.05751054839e-05, 1.25209044199e-05, 1.71349165612e-05, 6.86434577801e-06, 2.49701088251e-06, 1.03093452708e-06, 6.10670781498e-07, 1.07978144115e-06, 2.11685710383e-06, 2.29285842579e-06, 1.8996062181e-06, 3.39136749972e-06, 3.81878771805e-06, 1.57535964718e-06, 1.81907671504e-06, 5.5010905271e-06, 8.08389631857e-06, 6.50016863801e-06, 1.28848396344e-05, 1.75015538844e-05, 1.2798805983e-05, 5.37669939149e-06, 5.90878380535e-06, 5.68230780118e-06, 5.69997246203e-06, 3.15982879329e-06, 2.00494491764e-06, 8.5089732238e-07, 1.49607876665e-06, 5.77674086344e-07, 2.30501399301e-07, 7.88506824279e-08, 7.7732229542e-09, 4.98061325516e-09, 1.22686802939e-08, 1.32370105987e-08, 7.14088965736e-09, 3.7342569037e-09, 1.4672645321e-09],
        "var": [7.47043031879e-07, 9.94869310489e-07, 4.3089099222e-07, 3.41385828051e-07, 3.90889844937e-08, 3.78352504882e-09, 2.2958803747e-09, 1.35239384136e-08, 4.16206180631e-09, 7.4620025714e-09, 6.1216991476e-09, 2.41700637282e-09, 3.61830254647e-09, 3.467759635e-09, 5.78199488288e-10, 1.56945612062e-09, 6.68272637228e-09, 1.32124347019e-08, 7.37046335075e-09, 1.72425291822e-08, 1.26379315901e-08, 7.66471064395e-09, 4.21972101705e-09, 1.81357795448e-09, 2.66978084085e-09, 2.15148099336e-09, 2.18061169122e-09, 2.02594455101e-10, 2.17376810996e-11, 8.23093052049e-11, 1.28652184392e-11, 1.65523497686e-12, 3.60941962083e-13, 6.88782967565e-15, 3.2270197697e-15, 1.22339272502e-14, 2.89523586312e-14, 1.3407707392e-14, 6.38505548211e-15, 2.92314182944e-15]
    },
    "mfcc": {
        "mean": [-626.968261719, 129.401275635, -69.0144805908, 61.5347213745, 15.6146249771, 9.95001983643, 13.148730278, -0.614154040813, 12.1351222992, 0.0871168971062, -8.83126831055, -4.85097503662, -12.2617444992],
        "cov": [[439.005432129, -268.362518311, -4.17119693756, -138.406600952, -25.001581192, -90.3701934814, -63.4238357544, -25.5580539703, 0.278610944748, -25.4368724823, 17.0702705383, -1.18792808056, -6.62689781189], [-268.362518311, 375.994506836, 8.42693901062, 91.2658843994, -49.5017166138, 40.4940032959, 44.4194717407, 17.4193592072, -6.58488559723, 19.7051944733, -17.6043701172, 1.48604643345, 0.307116657495], [-4.17119693756, 8.42693901062, 111.109970093, 24.9257678986, 24.8484592438, -14.1535959244, -0.604525566101, 17.0101222992, 16.06341362, 6.02911090851, 18.687166214, 15.0313587189, 17.1554298401], [-138.406600952, 91.2658843994, 24.9257678986, 102.426383972, 26.3612613678, 29.3977375031, 24.6215019226, 11.8350000381, -2.29631328583, 8.66427135468, -4.44817447662, 3.40114021301, 5.80754184723], [-25.001581192, -49.5017166138, 24.8484592438, 26.3612613678, 86.1256332397, 33.7475509644, 5.8936214447, 5.55229663849, 9.84421825409, 3.34946417809, 9.45422840118, 5.40872240067, 10.5587387085], [-90.3701934814, 40.4940032959, -14.1535959244, 29.3977375031, 33.7475509644, 82.5491333008, 45.2529563904, 1.93616819382, -5.58505105972, 3.74267053604, -5.79479122162, -1.44464206696, 1.41840267181], [-63.4238357544, 44.4194717407, -0.604525566101, 24.6215019226, 5.8936214447, 45.2529563904, 79.1080703735, 29.2636547089, -3.14249372482, 5.90573835373, -5.02810955048, 1.64194667339, 7.82406139374], [-25.5580539703, 17.4193592072, 17.0101222992, 11.8350000381, 5.55229663849, 1.93616819382, 29.2636547089, 57.6816482544, 25.9812412262, 5.62253952026, 8.52478027344, 9.27310466766, 10.221739769], [0.278610944748, -6.58488559723, 16.06341362, -2.29631328583, 9.84421825409, -5.58505105972, -3.14249372482, 25.9812412262, 54.5920524597, 25.6882762909, 15.0173559189, 11.8916797638, 9.04440784454], [-25.4368724823, 19.7051944733, 6.02911090851, 8.66427135468, 3.34946417809, 3.74267053604, 5.90573835373, 5.62253952026, 25.6882762909, 49.0291290283, 21.7490596771, 6.73974704742, 7.62068080902], [17.0702705383, -17.6043701172, 18.687166214, -4.44817447662, 9.45422840118, -5.79479122162, -5.02810955048, 8.52478027344, 15.0173559189, 21.7490596771, 54.2601127625, 26.4617576599, 3.87707901001], [-1.18792808056, 1.48604643345, 15.0313587189, 3.40114021301, 5.40872240067, -1.44464206696, 1.64194667339, 9.27310466766, 11.8916797638, 6.73974704742, 26.4617576599, 48.6382865906, 22.414100647], [-6.62689781189, 0.307116657495, 17.1554298401, 5.80754184723, 10.5587387085, 1.41840267181, 7.82406139374, 10.221739769, 9.04440784454, 7.62068080902, 3.87707901001, 22.414100647, 52.8672637939]],
