{
"lowlevel": {
    "average_loudness": 0.99068403244,
    "barkbands_crest": {
        "dmean": 3.83589601517,
        "dmean2": 6.64957475662,
        "dvar": 11.6602945328,
        "dvar2": 34.5360565186,
        "max": 24.1601810455,
        "mean": 9.77834606171,
        "median": 8.1022977829,
        "min": 3.25403046608,
        "var": 30.0997142792
    },
    "barkbands_flatness_db": {
        "dmean": 0.0225157216191,
        "dmean2": 0.0364786349237,
        "dvar": 0.000375526142307,
        "dvar2": 0.00101984571666,
        "max": 0.324187874794,
        "mean": 0.151560887694,
        "median": 0.13256546855,
        "min": 0.083078995347,
        "var": 0.00355639099143
    },
    "barkbands_kurtosis": {
        "dmean": 2.39517879486,
        "dmean2": 4.1925110817,
        "dvar": 30.1068725586,
        "dvar2": 89.9969482422,
        "max": 44.2779502869,
        "mean": 3.04142403603,
        "median": -0.781637072563,
        "min": -1.5814460516,
        "var": 111.918685913
    },
    "barkbands_skewness": {
        "dmean": 0.69588804245,
        "dmean2": 1.14476752281,
        "dvar": 0.489648193121,
        "dvar2": 1.50173783302,
        "max": 6.33234214783,
        "mean": 1.08556735516,
        "median": 0.584374070168,
        "min": -1.04480564594,
        "var": 2.92734956741
    },
    "barkbands_spread": {
        "dmean": 5.21766901016,
        "dmean2": 8.95991325378,
        "dvar": 37.1064567566,
        "dvar2": 104.368789673,
        "max": 48.6875305176,
        "mean": 29.2719097137,
        "median": 30.7445640564,
        "min": 4.2772603035,
        "var": 97.0627212524
    },
    "dissonance": {
        "dmean": 0.00822285469621,
        "dmean2": 0.0132484165952,
        "dvar": 5.53916725039e-05,
        "dvar2": 0.000134822184918,
        "max": 0.498326778412,
        "mean": 0.48617041111,
        "median": 0.488577604294,
        "min": 0.459924697876,
        "var": 8.56465048855e-05
    },
    "dynamic_complexity": 1.8802781105,
    "erbbands_crest": {
        "dmean": 2.09675955772,
        "dmean2": 3.3213737011,
        "dvar": 3.50164484978,
        "dvar2": 7.47145843506,
        "max": 19.7084560394,
        "mean": 7.26964044571,
        "median": 6.30828666687,
        "min": 3.65499067307,
        "var": 9.25593471527
    },
    "erbbands_flatness_db": {
        "dmean": 0.0133857093751,
        "dmean2": 0.0219246894121,
        "dvar": 9.01243765838e-05,
        "dvar2": 0.0002507941972,
        "max": 0.249568715692,
        "mean": 0.191741064191,
        "median": 0.189984887838,
        "min": 0.160712942481,
        "var": 0.000246730138315
    },
    "erbbands_kurtosis": {
        "dmean": 0.907973945141,
        "dmean2": 1.41120803356,
        "dvar": 0.881892502308,
        "dvar2": 2.71039199829,
        "max": 4.42980670929,
        "mean": 0.347719997168,
        "median": 0.168042063713,
        "min": -1.75877761841,
        "var": 1.64037704468
    },
    "erbbands_skewness": {
        "dmean": 0.366105467081,
        "dmean2": 0.590599238873,
        "dvar": 0.0938543155789,
        "dvar2": 0.265365839005,
        "max": 0.364205360413,
        "mean": -0.693981826305,
        "median": -0.696719884872,
        "min": -1.78846931458,
        "var": 0.19491559267
    },
    "erbbands_spread": {
        "dmean": 6.85558891296,
        "dmean2": 11.346578598,
        "dvar": 87.9356307983,
        "dvar2": 285.810424805,
        "max": 89.6701660156,
        "mean": 32.9555549622,
        "median": 28.3305854797,
        "min": 13.2610883713,
        "var": 311.71887207
    },
    "hfc": {
        "dmean": 6.69719648361,
        "dmean2": 9.47832107544,
        "dvar": 38.5107650757,
        "dvar2": 66.7752380371,
        "max": 65.4404830933,
        "mean": 28.4381923676,
        "median": 28.2857170105,
        "min": 2.921241045,
        "var": 235.690963745
    },
    "melbands_crest": {
        "dmean": 4.92870330811,
        "dmean2": 7.86803102493,
        "dvar": 13.4169054031,
        "dvar2": 38.1682434082,
        "max": 27.0894069672,
        "mean": 14.3860855103,
        "median": 13.6747407913,
        "min": 4.10173845291,
        "var": 34.1216926575
    },
    "melbands_flatness_db": {
        "dmean": 0.0343546159565,
        "dmean2": 0.0540020614862,
        "dvar": 0.000755016691983,
        "dvar2": 0.00226295622997,
        "max": 0.406312197447,
        "mean": 0.201442196965,
        "median": 0.173825234175,
        "min": 0.0988958328962,
        "var": 0.0060003423132
    },
    "melbands_kurtosis": {
        "dmean": 8.96589565277,
        "dmean2": 15.4945430756,
        "dvar": 332.91217041,
        "dvar2": 1015.36846924,
        "max": 155.317489624,
        "mean": 16.4344654083,
        "median": 2.0253636837,
        "min": -1.39435648918,
        "var": 1467.95849609
    },
    "melbands_skewness": {
        "dmean": 1.04140758514,
        "dmean2": 1.74945962429,
        "dvar": 1.18529200554,
        "dvar2": 3.67760753632,
        "max": 11.3797445297,
        "mean": 2.66777801514,
        "median": 1.64553761482,
        "min": -0.0256821978837,
        "var": 7.6168847084
    },
    "melbands_spread": {
        "dmean": 12.0478038788,
        "dmean2": 18.9680461884,
        "dvar": 104.99168396,
        "dvar2": 273.641204834,
        "max": 79.1488800049,
        "mean": 36.9241867065,
        "median": 37.1595993042,
        "min": 2.30464076996,
        "var": 402.174499512
    },
    "pitch_salience": {
        "dmean": 0.0991144552827,
        "dmean2": 0.160401970148,
        "dvar": 0.00559916207567,
        "dvar2": 0.0135971130803,
        "max": 0.741082072258,
        "mean": 0.503863453865,
        "median": 0.529840528965,
        "min": 0.143117263913,
        "var": 0.0208141934127
    },
    "silence_rate_20dB": {
        "dmean": 0,
        "dmean2": 0,
        "dvar": 0,
        "dvar2": 0,
        "max": 1,
        "mean": 1,
        "median": 1,
        "min": 1,
        "var": 0
    },
    "silence_rate_30dB": {
        "dmean": 0,
        "dmean2": 0,
        "dvar": 0,
        "dvar2": 0,
        "max": 1,
        "mean": 1,
        "median": 1,
        "min": 1,
        "var": 0
    },
    "silence_rate_60dB": {
        "dmean": 0,
        "dmean2": 0,
        "dvar": 0,
        "dvar2": 0,
        "max": 0,
        "mean": 0,
        "median": 0,
        "min": 0,
        "var": 0
    },
    "spectral_centroid": {
        "dmean": 258.642730713,
        "dmean2": 391.585266113,
        "dvar": 51104.9375,
        "dvar2": 148864.421875,
        "max": 2794.43286133,
        "mean": 2010.50354004,
        "median": 2060.37548828,
        "min": 1058.35961914,
        "var": 159192.09375
    },
    "spectral_complexity": {
        "dmean": 4.94202899933,
        "dmean2": 7.69117641449,
        "dvar": 18.0256252289,
        "dvar2": 32.7428627014,
        "max": 53,
        "mean": 33.1285705566,
        "median": 36,
        "min": 2,
        "var": 173.054916382
    },
    "spectral_decrease": {
        "dmean": 2.09322825739e-09,
        "dmean2": 3.58676710555e-09,
        "dvar": 3.08143741292e-18,
        "dvar2": 9.84364450401e-18,
        "max": -2.25566698653e-09,
        "mean": -7.55567963751e-09,
        "median": -7.88209852942e-09,
        "min": -1.146476869e-08,
        "var": 4.0003054129e-18
    },
    "spectral_energy": {
        "dmean": 0.00792818423361,
        "dmean2": 0.0136205134913,
        "dvar": 4.54314940725e-05,
        "dvar2": 0.000139101481182,
        "max": 0.0454362928867,
        "mean": 0.0310963112861,
        "median": 0.0314221680164,
        "min": 0.00930399727076,
        "var": 6.40198559267e-05
    },
    "spectral_energyband_high": {
        "dmean": 0.00022209949384,
        "dmean2": 0.000321146508213,
        "dvar": 5.29488808354e-08,
        "dvar2": 1.15503418385e-07,
        "max": 0.00186501233838,
        "mean": 0.000567561481148,
        "median": 0.000475165637909,
        "min": 2.66607730737e-05,
        "var": 1.72817252064e-07
    },
    "spectral_energyband_low": {
        "dmean": 0.00866228528321,
        "dmean2": 0.0151170054451,
        "dvar": 5.90658819419e-05,
        "dvar2": 0.000182400923222,
        "max": 0.0357185788453,
        "mean": 0.0135128153488,
        "median": 0.0113756880164,
        "min": 0.00154301838484,
        "var": 8.90457449714e-05
    },
    "spectral_energyband_middle_high": {
        "dmean": 0.00298297055997,
        "dmean2": 0.00455810129642,
        "dvar": 9.59979570325e-06,
        "dvar2": 1.82312251127e-05,
        "max": 0.0269769355655,
        "mean": 0.0111654233187,
        "median": 0.0107005275786,
        "min": 0.000352287344867,
        "var": 4.49113285867e-05
    },
    "spectral_energyband_middle_low": {
        "dmean": 0.00259166606702,
        "dmean2": 0.00369173241779,
        "dvar": 6.66303867547e-06,
        "dvar2": 1.1979042938e-05,
        "max": 0.0235439892858,
        "mean": 0.00620213383809,
        "median": 0.00547736696899,
        "min": 0.000470429251436,
        "var": 1.778400474e-05
    },
    "spectral_entropy": {
        "dmean": 0.0660299733281,
        "dmean2": 0.0946104601026,
        "dvar": 0.00672837113962,
        "dvar2": 0.0106479702517,
        "max": 8.03127384186,
        "mean": 7.66198968887,
        "median": 7.69069051743,
        "min": 7.38357543945,
        "var": 0.0134704802185
    },
    "spectral_flux": {
        "dmean": 0.0211469680071,
        "dmean2": 0.0360854528844,
        "dvar": 0.000293312099529,
        "dvar2": 0.000746946723666,
        "max": 0.154235228896,
        "mean": 0.106606088579,
        "median": 0.111175626516,
        "min": 0.0324138812721,
        "var": 0.000635973818135
    },
    "spectral_kurtosis": {
        "dmean": 2.40734529495,
        "dmean2": 4.51666069031,
        "dvar": 2.76858782768,
        "dvar2": 8.35225009918,
        "max": 9.2844877243,
        "mean": 4.57366752625,
        "median": 4.22289657593,
        "min": 0.739748477936,
        "var": 3.88218259811
    },
    "spectral_rms": {
        "dmean": 0.000729082035832,
        "dmean2": 0.00124081014656,
        "dvar": 4.20749330488e-07,
        "dvar2": 1.31035994855e-06,
        "max": 0.00665793428198,
        "mean": 0.00545609369874,
        "median": 0.00553676532581,
        "min": 0.00301281781867,
        "var": 5.68889902297e-07
    },
    "spectral_rolloff": {
        "dmean": 458.750854492,
        "dmean2": 759.361999512,
        "dvar": 246425.828125,
        "dvar2": 680961.6875,
        "max": 3316.11328125,
        "mean": 1878.31091309,
        "median": 2217.91992188,
        "min": 86.1328125,
        "var": 840837.625
    },
    "spectral_skewness": {
        "dmean": 0.266290873289,
        "dmean2": 0.470401644707,
        "dvar": 0.0647667646408,
        "dvar2": 0.113203018904,
        "max": 2.59636902809,
        "mean": 0.966333031654,
        "median": 0.983659267426,
        "min": 0.175417900085,
        "var": 0.114689469337
    },
    "spectral_spread": {
        "dmean": 305151.15625,
        "dmean2": 401035.5,
        "dvar": 1.9616554025e+12,
        "dvar2": 1.96910999142e+12,
        "max": 14875115,
        "mean": 2773807,
        "median": 2569664.5,
        "min": 2266846.75,
        "var": 2.15152577741e+12
    },
    "spectral_strongpeak": {
        "dmean": 0.691167891026,
        "dmean2": 1.18246591091,
        "dvar": 1.85770070553,
        "dvar2": 3.46490263939,
        "max": 9.87798881531,
        "mean": 1.06092703342,
        "median": 0.390837967396,
        "min": 0.0499540232122,
        "var": 3.86270666122
    },
    "zerocrossingrate": {
        "dmean": 0.00961701758206,
        "dmean2": 0.0110581340268,
        "dvar": 6.56052143313e-05,
        "dvar2": 8.71263255249e-05,
        "max": 0.109375,
        "mean": 0.0581263937056,
        "median": 0.061767578125,
        "min": 0.01318359375,
        "var": 0.000438086892245
    },
    "barkbands": {
        "dmean": [5.26503317815e-05, 0.00718458276242, 0.00340689788572, 0.000420574157033, 0.00131073629018, 0.000699429248925, 0.000896860496141, 0.000234422011999, 0.000658000120893, 0.000573069963139, 0.000497435103171, 0.00119410560001, 9.71442568698e-05, 0.000580050342251, 0.000580246676691, 0.0010631007608, 0.000720009556971, 0.000326033856254, 0.000458957336377, 0.000262462388491, 0.000124762023916, 2.89991876343e-05, 1.71575197783e-06, 4.68924918096e-06, 2.15447812479e-06, 9.39148890211e-07, 1.03002641083e-07],
        "dmean2": [7.32423286536e-05, 0.0131136933342, 0.00569835677743, 0.000716341484804, 0.00207206024788, 0.00121072481852, 0.00112971593626, 0.000428760307841, 0.00120315270033, 0.000843145127874, 0.000872904958669, 0.00201839138754, 0.000164601180586, 0.000951526453719, 0.000892665528227, 0.00152088655159, 0.00121139874682, 0.000571408309042, 0.000772114319261, 0.000429395789979, 0.000187489989912, 4.5564273023e-05, 2.65703943114e-06, 6.15831959294e-06, 3.1718336686e-06, 1.13799387691e-06, 1.41988266478e-07],
        "dvar": [3.23024664795e-08, 5.09403253091e-05, 1.1256878679e-05, 1.65281363707e-07, 1.24382540889e-06, 1.36213088808e-06, 3.52873712473e-06, 1.97530070523e-07, 7.61515252634e-07, 4.91753212373e-07, 4.15981531887e-07, 4.99140605825e-06, 2.73180482679e-08, 1.01564694432e-06, 7.1225525744e-07, 1.67773225712e-06, 5.40277824257e-07, 1.25496541159e-07, 1.94725501501e-07, 1.23741358493e-07, 2.00607939149e-08, 7.50702555674e-10, 3.34152844284e-12, 3.01609986986e-11, 7.80349482948e-12, 1.14273683832e-12, 1.08654276169e-13],
        "dvar2": [3.24519753292e-08, 0.000151759464643, 3.25742585119e-05, 4.38521823298e-07, 3.18742286254e-06, 3.02600096802e-06, 6.35852848063e-06, 5.54796770302e-07, 2.22002222472e-06, 1.09155826067e-06, 1.19920241559e-06, 1.2485188563e-05, 5.85424686506e-08, 2.57731312558e-06, 1.59192245519e-06, 2.25018948186e-06, 1.40031556839e-06, 3.37168472697e-07, 4.36001073467e-07, 2.82407881969e-07, 5.26744017293e-08, 1.56815960217e-09, 6.99034450116e-12, 5.4789520143e-11, 1.40836821372e-11, 1.84408217863e-12, 1.20358909471e-13],
        "max": [0.00152147188783, 0.0330661311746, 0.0186880715191, 0.00225489237346, 0.00756002077833, 0.0068429261446, 0.0173746235669, 0.00289951171726, 0.00532999029383, 0.00517228152603, 0.00378795294091, 0.0189210753888, 0.00122580642346, 0.00717209838331, 0.00495780352503, 0.0140919778496, 0.00434820028022, 0.00218611327, 0.00314731150866, 0.00270115211606, 0.00111249333713, 0.000198170702788, 1.2289406186e-05, 5.21315196238e-05, 2.28128646995e-05, 8.198748219e-06, 2.7360531476e-06],
        "mean": [5.58401661692e-05, 0.00909250788391, 0.00414540106431, 0.00047860777704, 0.00199376093224, 0.000970193766989, 0.00128659326583, 0.000248002848821, 0.000953416980337, 0.00100736122113, 0.000820664106868, 0.00177172629628, 0.000166590485605, 0.000833210593555, 0.000861465057824, 0.00223525846377, 0.00152981304564, 0.000726208323613, 0.00103867519647, 0.000488275196403, 0.000303060427541, 6.70197987347e-05, 3.93098162021e-06, 1.2299537957e-05, 4.23546998718e-06, 2.09240829463e-06, 1.0763654501e-07],
        "median": [2.43183058046e-05, 0.00570322526619, 0.00286300759763, 0.000368868553778, 0.00172651838511, 0.000667177606374, 0.000456819136161, 0.000141796816024, 0.000687681953423, 0.000786075601354, 0.000652899208944, 0.0011521903798, 8.43743036967e-05, 0.000491780170705, 0.00054595497204, 0.00160371058155, 0.00143475178629, 0.000676161376759, 0.00087181845447, 0.000375454954337, 0.000266252434812, 5.53288700758e-05, 3.30193552145e-06, 1.04867904156e-05, 2.84756174551e-06, 1.43986096646e-06, 2.62685926344e-08],
        "min": [3.91861846083e-07, 0.000559677078854, 0.000179682421731, 3.01763320749e-05, 0.000217464432353, 1.60426425282e-05, 1.71988494913e-06, 1.82217399924e-06, 2.53733423961e-06, 8.11677091406e-06, 2.50388552558e-06, 6.58714134261e-06, 3.49483025275e-06, 9.66212246567e-06, 1.76305584318e-05, 4.61892086605e-05, 7.01966273482e-05, 4.46191479568e-05, 6.29247442703e-05, 3.42613748217e-05, 9.33973024075e-06, 2.70074451691e-06, 2.24462425535e-07, 3.97183555378e-07, 5.89240585214e-08, 1.53104089406e-08, 2.68782041069e-09],
        "var": [3.24496234327e-08, 6.97375944583e-05, 1.42895069075e-05, 1.93957987449e-07, 2.20687684305e-06, 1.64438608863e-06, 6.81655001245e-06, 1.55111749223e-07, 9.88053216133e-07, 1.01287048437e-06, 5.58979479592e-07, 6.59795614411e-06, 4.9402391511e-08, 1.44664147683e-06, 9.99584358397e-07, 6.91455670676e-06, 1.1534184523e-06, 2.54286135259e-07, 4.63724688871e-07, 1.89639592918e-07, 4.96260170735e-08, 2.30040031468e-09, 9.31707141993e-12, 1.10980009904e-10, 1.85499168109e-11, 4.26073325926e-12, 1.08867044069e-13]
    },
    "erbbands": {
        "dmean": [0.104990251362, 1.91802358627, 4.24359083176, 1.52998435497, 3.38081598282, 4.71542406082, 2.71772742271, 7.33847856522, 7.55595397949, 18.2082920074, 6.91282176971, 15.0444774628, 13.8851394653, 23.6148452759, 33.4541130066, 31.281791687, 5.55016183853, 20.3323802948, 32.9704208374, 30.8139286041, 56.4136619568, 36.7413406372, 17.0535621643, 24.8152046204, 16.4744300842, 10.6953907013, 5.25475072861, 4.36032009125, 1.17528939247, 0.204329311848, 0.0522737689316, 0.111949145794, 0.0680828988552, 0.037050884217, 0.00451269512996, 0.00528211984783, 0.00134256109595, 0.000163302742294, 1.27902176246e-05, 8.66877871886e-06],
        "dmean2": [0.184877872467, 3.4755218029, 7.19019317627, 2.57218003273, 5.52769136429, 7.65768527985, 4.87429618835, 12.8946533203, 12.8038825989, 26.0189323425, 11.3933238983, 26.4721546173, 21.6503601074, 36.5326156616, 56.4538383484, 52.253238678, 9.38173675537, 34.9149742126, 48.8131408691, 50.9617233276, 80.3389587402, 59.1841125488, 29.08644104, 38.1328697205, 25.6189098358, 17.4965209961, 7.70537614822, 6.71360206604, 1.87116312981, 0.298810184002, 0.0777901411057, 0.154574409127, 0.092501103878, 0.0535680353642, 0.00645173434168, 0.0068389615044, 0.00170316267759, 0.000219350578845, 1.59303672262e-05, 1.49119950947e-05],
        "dvar": [0.0114461220801, 3.57247686386, 14.6341047287, 2.91714739799, 12.7521924973, 19.065984726, 13.2370901108, 159.695343018, 107.265304565, 2261.24487305, 63.8253288269, 423.907226562, 388.739349365, 1156.17407227, 3365.23657227, 1810.43579102, 43.9271965027, 1647.71643066, 1244.19750977, 1226.79162598, 4955.10449219, 1224.40454102, 394.147460938, 493.224304199, 226.545349121, 159.022964478, 29.9142856598, 21.5654983521, 1.31754636765, 0.037829156965, 0.00307170534506, 0.0231738202274, 0.0053793033585, 0.00217604101636, 4.41596275778e-05, 3.67934262613e-05, 2.71108547167e-06, 6.96331241556e-08, 1.98785521377e-09, 5.19034051849e-11],
        "dvar2": [0.0323148854077, 10.6647491455, 41.0655822754, 6.93461227417, 34.4366607666, 38.9836273193, 30.5581741333, 364.442321777, 278.834259033, 4817.62158203, 175.496932983, 1211.73327637, 940.569946289, 2627.77319336, 8565.85449219, 4164.25683594, 101.087463379, 4197.95898438, 2646.04101562, 2875.07763672, 6432.859375, 3172.34326172, 996.00793457, 1254.61987305, 438.856109619, 327.54019165, 70.8320236206, 59.3582611084, 2.46429657936, 0.0896409153938, 0.00626857206225, 0.0403551273048, 0.0110717685893, 0.00410812813789, 6.30617942079e-05, 6.61452795612e-05, 3.85945531889e-06, 1.16601967193e-07, 2.07816630571e-09, 1.56267832008e-10],
        "max": [0.607631862164, 8.41539096832, 19.8494434357, 9.66045188904, 19.9260349274, 26.5080451965, 21.7782058716, 70.2598114014, 64.5576019287, 391.109985352, 41.7075881958, 140.150039673, 150.766036987, 295.277282715, 469.501647949, 356.036468506, 50.3356552124, 322.850952148, 305.309783936, 217.887802124, 783.070129395, 227.51953125, 166.594039917, 206.938537598, 124.945800781, 91.4761276245, 43.5697593689, 36.6724853516, 8.30746746063, 1.53208839893, 0.433860838413, 1.45793890953, 0.581430852413, 0.374402672052, 0.0528880730271, 0.0482439287007, 0.011315937154, 0.00174568069633, 0.000397732655983, 5.92603319092e-05],
        "mean": [0.146592393517, 2.41954922676, 5.79002571106, 2.41271972656, 4.74681568146, 7.17000961304, 3.90414071083, 9.9149646759, 11.4544029236, 21.0188713074, 8.62110900879, 20.8718318939, 24.0813159943, 38.3166313171, 56.6173591614, 53.0323905945, 12.1796627045, 30.0064487457, 49.2075881958, 66.5032958984, 122.30934906, 84.8188476562, 42.2700881958, 59.2459831238, 40.7280540466, 23.0446071625, 12.9891853333, 9.67049884796, 2.99494361877, 0.493245601654, 0.13927796483, 0.278767734766, 0.167876288295, 0.079121440649, 0.0111317289993, 0.0109550012276, 0.00334568624385, 0.000255568942521, 3.14912686008e-05, 3.87632499042e-05],
        "median": [0.118471600115, 1.63306355476, 4.96846485138, 1.81862998009, 3.63908982277, 5.48721599579, 2.58972930908, 6.44432544708, 7.757127285, 6.44937610626, 5.15272045135, 15.2747802734, 17.4018859863, 28.531288147, 38.5664749146, 35.642578125, 8.23180198669, 19.2244129181, 36.0830383301, 59.9387283325, 83.858001709, 77.7252731323, 38.0231552124, 55.3270721436, 39.4316864014, 19.1660728455, 11.4219179153, 8.81427383423, 2.67653226852, 0.388988316059, 0.12064473331, 0.233585089445, 0.133466914296, 0.0554311499, 0.008067375049, 0.0078740734607, 0.00234198244289, 0.000132712782943, 2.47815041803e-05, 4.0967388486e-05],
        "min": [0.0104055982083, 0.0775991305709, 0.308722138405, 0.30331376195, 0.438291966915, 0.688444077969, 0.168598026037, 0.0797877162695, 0.0267903525382, 0.055421769619, 0.0389868281782, 0.0542154349387, 0.189002990723, 0.161283418536, 0.119321659207, 0.299735575914, 0.183897137642, 0.598394036293, 0.961246788502, 1.80264282227, 2.43300580978, 3.97941374779, 1.71026289463, 3.78584647179, 3.34801197052, 1.84127020836, 0.529984116554, 0.246996089816, 0.109987519681, 0.0244270730764, 0.0085007045418, 0.00732361525297, 0.00491208070889, 0.00123521906789, 0.000146756938193, 9.87564344541e-05, 2.92572749458e-05, 2.23142092182e-06, 6.14849977865e-06, 1.15803068184e-05],
        "var": [0.0163581166416, 4.88070678711, 20.4523220062, 3.6842982769, 16.3995018005, 34.0118026733, 15.444893837, 180.534942627, 207.198806763, 2772.57373047, 90.8519973755, 528.631591797, 601.002319336, 2172.60986328, 4564.4609375, 3068.89770508, 117.799385071, 2100.7019043, 2560.66577148, 2932.21508789, 20094.6796875, 3282.04956055, 850.952148438, 1543.4309082, 671.800537109, 313.332794189, 90.2803039551, 54.8241119385, 4.3858923912, 0.132395386696, 0.0105118276551, 0.0636601150036, 0.0211662743241, 0.00573792401701, 0.000114973605378, 0.000119972719403, 1.04348127934e-05, 1.05347133683e-07, 2.08479455921e-09, 9.94369864227e-11]
    },
    "gfcc": {
        "mean": [5.8100028038, 124.885810852, -159.8959198, 58.0173416138, -27.3147697449, 2.86184549332, -17.2122783661, 11.0535020828, -21.7914619446, -3.15007781982, -12.3359565735, -2.61994123459, 4.06912469864],
        "cov": [[2467.41259766, -618.334777832, -436.121429443, -791.168395996, -670.649291992, -40.3313713074, -469.62902832, 334.929138184, -97.7779006958, 290.809875488, -222.058731079, 222.529327393, -56.213432312], [-618.334777832, 434.365386963, 97.1062088013, 149.192687988, 112.055038452, -15.4302425385, 174.744949341, -73.4512176514, 63.2989768982, -129.942642212, 54.8522720337, -86.236907959, 28.6824054718], [-436.121429443, 97.1062088013, 199.392669678, 156.34803772, 155.91607666, 2.51575493813, 71.0576324463, -31.3865909576, 33.4454345703, -42.663066864, 20.2007770538, -31.5092849731, 10.7717866898], [-791.168395996, 149.192687988, 156.34803772, 330.996673584, 257.279693604, 41.7779502869, 157.650695801, -107.780097961, 34.7202339172, -86.0285491943, 73.8935699463, -68.4186935425, 26.7049865723], [-670.649291992, 112.055038452, 155.91607666, 257.279693604, 254.880264282, 45.2293739319, 124.118377686, -92.7976226807, 19.3727416992, -79.0213851929, 52.9111175537, -52.4043426514, 21.5012989044], [-40.3313713074, -15.4302425385, 2.51575493813, 41.7779502869, 45.2293739319, 46.5898361206, 25.4126834869, -8.49119758606, -9.18871879578, -6.34408473969, 10.2454881668, 2.38111805916, 3.65915250778], [-469.62902832, 174.744949341, 71.0576324463, 157.650695801, 124.118377686, 25.4126834869, 138.598831177, -48.0505447388, 33.9268455505, -69.5248794556, 47.4483680725, -53.1664810181, 9.8214006424], [334.929138184, -73.4512176514, -31.3865909576, -107.780097961, -92.7976226807, -8.49119758606, -48.0505447388, 86.5808563232, 16.6573581696, 39.145740509, -42.4475822449, 25.0666122437, -11.9994449615], [-97.7779006958, 63.2989768982, 33.4454345703, 34.7202339172, 19.3727416992, -9.18871879578, 33.9268455505, 16.6573581696, 58.1882896423, 0.186411231756, 10.308142662, -20.8712215424, -3.14189910889], [290.809875488, -129.942642212, -42.663066864, -86.0285491943, -79.0213851929, -6.34408473969, -69.5248794556, 39.145740509, 0.186411231756, 96.0352401733, 9.20349597931, 37.0987319946, -28.647190094], [-222.058731079, 54.8522720337, 20.2007770538, 73.8935699463, 52.9111175537, 10.2454881668, 47.4483680725, -42.4475822449, 10.308142662, 9.20349597931, 78.9697570801, 6.6686797142, -1.22764241695], [222.529327393, -86.236907959, -31.5092849731, -68.4186935425, -52.4043426514, 2.38111805916, -53.1664810181, 25.0666122437, -20.8712215424, 37.0987319946, 6.6686797142, 69.086769104, 14.6471338272], [-56.213432312, 28.6824054718, 10.7717866898, 26.7049865723, 21.5012989044, 3.65915250778, 9.8214006424, -11.9994449615, -3.14189910889, -28.647190094, -1.22764241695, 14.6471338272, 41.8445701599]],
        "icov": [[0.00779669685289, -0.00219578947872, 0.00345756742172, 0.00255500711501, 0.00572421681136, -0.0109343966469, 0.00972683634609, -0.0096308356151, 0.00266219279729, -0.00721536483616, 0.00755195878446, -0.00394843844697, -0.000707630009856], [-0.00219578947872, 0.0147693632171, -0.00789226405323, 0.00762776006013, 0.00667448854074, 0.00134424620774, -0.0108457002789, 0.011757821776, -0.0126143293455, 0.0181612037122, -0.0148671576753, 0.0110895512626, -0.00637138867751], [0.00345756742172, -0.00789226405323, 0.0199240203947, -0.00460342690349, -0.0153591120616, 0.00960407219827, 0.00511147733778, -0.0163465272635, 0.0080484431237, -0.0138000054285, 0.0131521895528, -0.0109374094754, 0.00439958879724], [0.00255500711501, 0.00762776006013, -0.00460342690349, 0.0270172022283, -0.00667120981961, -0.0062681962736, -0.00764888431877, 0.00733416154981, -0.0085840979591, 0.00223578698933, -0.00880681537092, 0.0125246057287, -0.0137351546437], [0.00572421681136, 0.00667448854074, -0.0153591120616, -0.00667120981961, 0.0449160300195, -0.0316578187048, 0.00710556749254, 0.0156792122871, -0.0135511616245, 0.0133961429819, 8.96875353646e-05, -0.000537472602446, 0.002187815262], [-0.0109343966469, 0.00134424620774, 0.00960407219827, -0.0062681962736, -0.0316578187048, 0.0679561942816, -0.0326783694327, -0.00443879049271, 0.0179813224822, -0.00750441011041, 0.000381595426006, -0.00556968292221, 0.000812362763099], [0.00972683634609, -0.0108457002789, 0.00511147733778, -0.00764888431877, 0.00710556749254, -0.0326783694327, 0.0691908895969, -0.0364182218909, 0.00298193865456, 0.0156727004796, -0.0246254149824, 0.0175849143416, 0.000665737432428], [-0.0096308356151, 0.011757821776, -0.0163465272635, 0.00733416154981, 0.0156792122871, -0.00443879049271, -0.0364182218909, 0.0900118947029, -0.0491790175438, 0.00735300127417, 0.0306550227106, -0.0286024622619, 0.0174739994109], [0.00266219279729, -0.0126143293455, 0.0080484431237, -0.0085840979591, -0.0135511616245, 0.0179813224822, 0.00298193865456, -0.0491790175438, 0.0620298050344, -0.0272775050253, -0.00582712749019, 0.0169886350632, -0.0139170996845], [-0.00721536483616, 0.0181612037122, -0.0138000054285, 0.00223578698933, 0.0133961429819, -0.00750441011041, 0.0156727004796, 0.00735300127417, -0.0272775050253, 0.0753910019994, -0.0511603876948, 0.0146513627842, 0.0151225337759], [0.00755195878446, -0.0148671576753, 0.0131521895528, -0.00880681537092, 8.96875353646e-05, 0.000381595426006, -0.0246254149824, 0.0306550227106, -0.00582712749019, -0.0511603876948, 0.092861533165, -0.0645854100585, 0.0269310344011], [-0.00394843844697, 0.0110895512626, -0.0109374094754, 0.0125246057287, -0.000537472602446, -0.00556968292221, 0.0175849143416, -0.0286024622619, 0.0169886350632, 0.0146513627842, -0.0645854100585, 0.0863419547677, -0.0504610911012], [-0.000707630009856, -0.00637138867751, 0.00439958879724, -0.0137351546437, 0.002187815262, 0.000812362763099, 0.000665737432428, 0.0174739994109, -0.0139170996845, 0.0151225337759, 0.0269310344011, -0.0504610911012, 0.0663685724139]]
    },
    "melbands": {
        "dmean": [0.00151756498963, 0.00222419621423, 0.000283964764094, 0.000343360123225, 9.67366650002e-05, 0.000152871376486, 0.000134658374009, 0.000164495926583, 7.31876061764e-05, 9.06220666366e-05, 6.82763929944e-05, 9.71970512182e-05, 8.49545176607e-05, 0.000146660589962, 3.72946633433e-05, 1.34689107654e-05, 4.29217725468e-05, 5.56435807084e-05, 4.97253677167e-05, 6.83510079398e-05, 6.43309322186e-05, 3.92329275201e-05, 2.66756669589e-05, 1.67266680364e-05, 2.37262811424e-05, 1.41564696605e-05, 1.31908655021e-05, 6.18095327809e-06, 2.59665853264e-06, 4.70279292131e-06, 1.80893573543e-06, 7.99197664492e-07, 3.09493884743e-07, 5.44950076176e-08, 2.28062209118e-08, 6.83635903442e-08, 6.91886654636e-08, 5.21523659813e-08, 4.43106458192e-08, 3.01877243203e-08],
        "dmean2": [0.00275945733301, 0.00379301561043, 0.000460471084807, 0.000534525606781, 0.000169502032804, 0.0002658268495, 0.000207531396882, 0.000238387467107, 0.000126629165607, 0.000159528848599, 0.000105132203316, 0.000149196202983, 0.000142734177643, 0.000250899494858, 5.9566431446e-05, 2.24865743803e-05, 7.36200599931e-05, 8.43200905365e-05, 7.32242697268e-05, 0.000107294523332, 9.45551219047e-05, 6.65189290885e-05, 4.24726531492e-05, 2.84858815576e-05, 3.75073577743e-05, 2.17386314034e-05, 2.10215621337e-05, 9.8339669421e-06, 3.91080357076e-06, 7.61949513617e-06, 2.82994892586e-06, 1.31523938762e-06, 4.35044825053e-07, 9.06737511741e-08, 3.93240462415e-08, 9.63401589615e-08, 9.70420188651e-08, 7.71965815716e-08, 6.19500326593e-08, 4.37443183898e-08],
        "dvar": [2.28373869504e-06, 3.73047714675e-06, 8.9929102387e-08, 9.34097315053e-08, 1.43007428122e-08, 6.63158417069e-08, 3.95549477616e-08, 1.87222653381e-07, 8.69263594439e-09, 1.38709594921e-08, 9.42770395085e-09, 1.86021793525e-08, 1.54272008501e-08, 8.02956847679e-08, 2.51702148013e-09, 8.08343503245e-10, 6.4215806006e-09, 4.26657464914e-09, 5.55651435974e-09, 7.14738757068e-09, 4.94362728531e-09, 1.80319847942e-09, 1.48478007667e-09, 2.86240309233e-10, 4.74907224657e-10, 1.91639662472e-10, 3.54139967351e-10, 4.41143857555e-11, 6.19655325315e-12, 2.93672759721e-11, 3.30685348895e-12, 7.04628033438e-13, 7.23832479415e-14, 3.88444058007e-15, 4.83370733356e-16, 5.64791150724e-15, 1.01920035589e-14, 3.24527269444e-15, 3.29707955884e-15, 1.27415026382e-15],
        "dvar2": [6.81295705363e-06, 1.12747620733e-05, 2.18890889414e-07, 2.33891697121e-07, 3.31322027591e-08, 1.50192903448e-07, 7.5476584982e-08, 4.05516374258e-07, 2.6462574354e-08, 3.96820816206e-08, 2.2717289383e-08, 4.11545926227e-08, 3.95551751353e-08, 1.93194068743e-07, 6.00602012568e-09, 2.15377959911e-09, 1.65617990433e-08, 9.12771280781e-09, 1.10532925035e-08, 1.22164838245e-08, 7.56729079399e-09, 4.71400740665e-09, 4.27417568005e-09, 7.89523668665e-10, 1.26062138506e-09, 4.57725884973e-10, 8.7500401369e-10, 9.58123025363e-11, 1.134990886e-11, 7.46208650426e-11, 8.95711196186e-12, 1.50583397748e-12, 2.01123446781e-13, 9.39564859291e-15, 1.11350326559e-15, 1.35096503483e-14, 1.84603800481e-14, 7.11583146329e-15, 6.38880826159e-15, 2.77992571047e-15],
        "max": [0.00792608223855, 0.00778786977753, 0.00171577476431, 0.00211027520709, 0.000685181003064, 0.00140754540917, 0.00168857513927, 0.00353457103483, 0.000449124199804, 0.000818372296635, 0.000744139018934, 0.00118701800238, 0.000906385830604, 0.0024363452103, 0.000405194150517, 0.000217004635488, 0.000624023377895, 0.000540620472748, 0.000503597897477, 0.000788278935943, 0.000777540320996, 0.000253680278547, 0.000307249487378, 0.000107804662548, 0.000192624109332, 0.000111449444375, 0.000149357350892, 5.26420990354e-05, 2.28775534197e-05, 4.27191444032e-05, 1.63752101798e-05, 5.04400850332e-06, 2.1338564693e-06, 3.97116366457e-07, 1.47860546917e-07, 6.21983986093e-07, 9.56790017881e-07, 4.65307380182e-07, 4.09899087117e-07, 2.82332393908e-07],
        "mean": [0.00198507169262, 0.00323376432061, 0.000486021104734, 0.000506017531734, 0.000158828013809, 0.000208103272598, 0.00021199103503, 0.000189754209714, 8.45070389914e-05, 0.000131762368255, 0.000115997994726, 0.000149780040374, 0.000151658721734, 0.000214710249566, 6.46392436465e-05, 2.19828561967e-05, 5.94013363298e-05, 7.93331782916e-05, 7.64681681176e-05, 0.000132817149279, 0.000134869580506, 8.79935978446e-05, 5.59232321393e-05, 3.40522019542e-05, 5.11115322297e-05, 3.30898074026e-05, 2.4638387913e-05, 1.27194234665e-05, 6.47939396003e-06, 9.61380828812e-06, 4.10774600823e-06, 1.84294242445e-06, 7.01529927483e-07, 9.82170007546e-08, 5.45826353004e-08, 1.32704343514e-07, 1.83697864031e-07, 1.26188169247e-07, 9.51517193926e-08, 5.58818733509e-08],
        "median": [0.00134111964144, 0.00262982770801, 0.000379759818316, 0.00040937185986, 0.000120533703011, 0.000141446740599, 0.000117061696074, 5.76508900849e-05, 4.61030504084e-05, 9.82887722785e-05, 8.4436222096e-05, 0.000104077684227, 0.000114639013191, 0.000125146849314, 3.22989435517e-05, 1.35043883347e-05, 3.59204714186e-05, 5.5056058045e-05, 5.07877957716e-05, 9.71995323198e-05, 9.77073941613e-05, 8.18245462142e-05, 5.17562657478e-05, 3.08290618705e-05, 4.5697659516e-05, 2.85681526293e-05, 2.13476814679e-05, 1.00469642348e-05, 5.40316796105e-06, 8.55834059621e-06, 3.59629984814e-06, 1.45580179378e-06, 6.03717353442e-07, 7.82725919635e-08, 4.91614144948e-08, 1.08117312436e-07, 1.60687136486e-07, 1.00167021344e-07, 7.14427130788e-08, 4.23922941195e-08],
        "min": [0.000185281882295, 0.00025268481113, 8.71629308676e-05, 3.53040450136e-05, 7.70910810388e-06, 1.74737670022e-06, 3.76067475827e-07, 6.07812864928e-07, 2.67652524144e-07, 3.29483754058e-07, 9.35845946515e-07, 6.54242057863e-07, 3.63699456329e-07, 5.04626427755e-07, 6.80531627495e-07, 5.35814876912e-07, 9.28409633616e-07, 1.52708537371e-06, 1.85614737802e-06, 2.55582517639e-06, 2.07455036616e-06, 4.28787870987e-06, 2.14030478674e-06, 2.03127524401e-06, 3.02571083921e-06, 2.50651328315e-06, 1.87302691756e-06, 1.02185299511e-06, 2.71151463949e-07, 2.5985033858e-07, 1.09464551201e-07, 6.91158632549e-08, 3.22692699228e-08, 4.15287448874e-09, 2.96979663084e-09, 4.08147426967e-09, 4.52465975798e-09, 3.66089247805e-09, 2.13443662744e-09, 4.81407413933e-10],
        "var": [3.25228552356e-06, 5.50912045583e-06, 1.25901806314e-07, 1.65977994016e-07, 1.87185111855e-08, 7.74519790525e-08, 9.78122258743e-08, 2.24559698836e-07, 9.50765954855e-09, 1.95279472592e-08, 1.45013769881e-08, 3.54920075551e-08, 2.29627623582e-08, 1.14218167369e-07, 6.01775118625e-09, 1.31001443027e-09, 8.02365196506e-09, 8.21639201121e-09, 8.5081577339e-09, 2.42310296272e-08, 1.98349390246e-08, 3.72245412272e-09, 2.02587524534e-09, 5.7060461911e-10, 1.26558052926e-09, 4.90424534316e-10, 4.74543515594e-10, 9.73523900383e-11, 2.47195319769e-11, 5.84265968939e-11, 9.39425707364e-12, 1.78762300101e-12, 2.64742953037e-13, 7.3994223292e-15, 1.49038570503e-15, 1.39609071509e-14, 2.76585310509e-14, 1.1896573509e-14, 8.76263969561e-15, 2.97698559631e-15]
    },
    "mfcc": {
        "mean": [-620.042724609, 139.156021118, -50.4390678406, 55.06508255, 9.45468997955, 5.36964654922, 16.3262424469, 6.42251396179, 15.8770647049, -3.13800907135, -6.54405450821, 3.36364769936, -1.1834332943],
        "cov": [[2616.21264648, -350.718841553, -208.663238525, -834.626586914, -357.114868164, -551.365112305, -378.623809814, -238.625427246, 72.2147750854, -50.6949958801, -62.9215621948, -40.7252120972, 70.0577774048], [-350.718841553, 287.510223389, 56.2166290283, 81.8105163574, -18.9164867401, 28.8131103516, 27.7504997253, 68.1630020142, 7.06616306305, 16.9179573059, 7.73131084442, -4.77953100204, -26.711687088], [-208.663238525, 56.2166290283, 77.9456634521, 78.8926391602, 38.9055709839, 26.6721591949, 19.3825569153, 27.9544372559, 9.31513404846, 12.4565124512, 10.662484169, 1.88767933846, -1.46705114841], [-834.626586914, 81.8105163574, 78.8926391602, 308.164581299, 137.805603027, 191.422744751, 127.472869873, 80.0764465332, -11.6211853027, 21.308385849, 20.0171165466, 16.0377597809, -18.8727874756], [-357.114868164, -18.9164867401, 38.9055709839, 137.805603027, 121.676887512, 104.645965576, 58.8543434143, 32.4199943542, -0.464411348104, 7.72170162201, -3.29467320442, -8.1518239975, -2.12230038643], [-551.365112305, 28.8131103516, 26.6721591949, 191.422744751, 104.645965576, 169.52772522, 110.660995483, 47.5423469543, -24.3581199646, 6.29252481461, 14.5485210419, 13.7077894211, -14.884469986], [-378.623809814, 27.7504997253, 19.3825569153, 127.472869873, 58.8543434143, 110.660995483, 98.131980896, 47.0367240906, -15.1489276886, -2.28132128716, 6.83400630951, 13.1878471375, -10.5371379852], [-238.625427246, 68.1630020142, 27.9544372559, 80.0764465332, 32.4199943542, 47.5423469543, 47.0367240906, 76.6403579712, 27.1359462738, 4.42559480667, -8.97951984406, -0.195958018303, -7.67017316818], [72.2147750854, 7.06616306305, 9.31513404846, -11.6211853027, -0.464411348104, -24.3581199646, -15.1489276886, 27.1359462738, 54.0229644775, 14.7726278305, -17.3026237488, -15.3066711426, -4.851998806], [-50.6949958801, 16.9179573059, 12.4565124512, 21.308385849, 7.72170162201, 6.29252481461, -2.28132128716, 4.42559480667, 14.7726278305, 44.249004364, 26.1889286041, -0.287024468184, -20.4817676544], [-62.9215621948, 7.73131084442, 10.662484169, 20.0171165466, -3.29467320442, 14.5485210419, 6.83400630951, -8.97951984406, -17.3026237488, 26.1889286041, 69.4540481567, 38.4726905823, -6.67837190628], [-40.7252120972, -4.77953100204, 1.88767933846, 16.0377597809, -8.1518239975, 13.7077894211, 13.1878471375, -0.195958018303, -15.3066711426, -0.287024468184, 38.4726905823, 51.6756095886, 15.1247415543], [70.0577774048, -26.711687088, -1.46705114841, -18.8727874756, -2.12230038643, -14.884469986, -10.5371379852, -7.67017316818, -4.851998806, -20.4817676544, -6.67837190628, 15.1247415543, 46.8627433777]],
