{
"lowlevel": {
    "average_loudness": 0.986703574657,
    "barkbands_crest": {
        "dmean": 1.47614216805,
        "dmean2": 2.64979076385,
        "dvar": 1.57603061199,
        "dvar2": 4.90720367432,
        "max": 15.6334896088,
        "mean": 7.20386838913,
        "median": 6.61405229568,
        "min": 3.08511805534,
        "var": 7.90474414825
    },
    "barkbands_flatness_db": {
        "dmean": 0.00860712397844,
        "dmean2": 0.0149783529341,
        "dvar": 5.8378707763e-05,
        "dvar2": 0.000159138799063,
        "max": 0.186401829123,
        "mean": 0.147164747119,
        "median": 0.14556953311,
        "min": 0.0804772526026,
        "var": 0.000207451288588
    },
    "barkbands_kurtosis": {
        "dmean": 0.381238907576,
        "dmean2": 0.665914595127,
        "dvar": 0.21246932447,
        "dvar2": 0.672293663025,
        "max": 2.21193170547,
        "mean": -1.04567158222,
        "median": -1.27933549881,
        "min": -1.75295770168,
        "var": 0.419885724783
    },
    "barkbands_skewness": {
        "dmean": 0.261695772409,
        "dmean2": 0.460771858692,
        "dvar": 0.0451602675021,
        "dvar2": 0.14056687057,
        "max": 1.07395601273,
        "mean": -0.223501771688,
        "median": -0.250537216663,
        "min": -1.66212630272,
        "var": 0.304363757372
    },
    "barkbands_spread": {
        "dmean": 3.54185557365,
        "dmean2": 5.98883724213,
        "dvar": 10.2557640076,
        "dvar2": 28.9175033569,
        "max": 45.6298751831,
        "mean": 33.1108932495,
        "median": 33.7759399414,
        "min": 18.3704910278,
        "var": 22.8606643677
    },
    "dissonance": {
        "dmean": 0.00482809916139,
        "dmean2": 0.00853361468762,
        "dvar": 2.71553271887e-05,
        "dvar2": 7.42798511055e-05,
        "max": 0.499744147062,
        "mean": 0.492325156927,
        "median": 0.494439125061,
        "min": 0.442914545536,
        "var": 4.08422638429e-05
    },
    "dynamic_complexity": 0.295564651489,
    "erbbands_crest": {
        "dmean": 2.32931518555,
        "dmean2": 4.08036088943,
        "dvar": 5.88476467133,
        "dvar2": 15.351899147,
        "max": 21.2119731903,
        "mean": 8.06487083435,
        "median": 7.11437129974,
        "min": 4.19699048996,
        "var": 9.29147338867
    },
    "erbbands_flatness_db": {
        "dmean": 0.00971088372171,
        "dmean2": 0.0168318878859,
        "dvar": 7.3584378697e-05,
        "dvar2": 0.000185218028491,
        "max": 0.289181232452,
        "mean": 0.24011041224,
        "median": 0.238846004009,
        "min": 0.163145139813,
        "var": 0.000142017990584
    },
    "erbbands_kurtosis": {
        "dmean": 0.858772158623,
        "dmean2": 1.44467055798,
        "dvar": 0.744737029076,
        "dvar2": 2.18134641647,
        "max": 8.85455989838,
        "mean": 1.72469115257,
        "median": 1.58173727989,
        "min": -0.99657034874,
        "var": 2.00983905792
    },
    "erbbands_skewness": {
        "dmean": 0.20893932879,
        "dmean2": 0.355237722397,
        "dvar": 0.0291313994676,
        "dvar2": 0.0821076631546,
        "max": -0.271731615067,
        "mean": -1.13565814495,
        "median": -1.1479947567,
        "min": -2.1643846035,
        "var": 0.0893856137991
    },
    "erbbands_spread": {
        "dmean": 3.72904229164,
        "dmean2": 6.48570346832,
        "dvar": 10.6234102249,
        "dvar2": 31.2173175812,
        "max": 42.050075531,
        "mean": 22.9952259064,
        "median": 21.6034889221,
        "min": 9.13045024872,
        "var": 57.752822876
    },
    "hfc": {
        "dmean": 5.06420087814,
        "dmean2": 8.57246303558,
        "dvar": 18.3367500305,
        "dvar2": 47.701915741,
        "max": 58.559753418,
        "mean": 37.7003517151,
        "median": 36.7745895386,
        "min": 0.769554018974,
        "var": 51.4844856262
    },
    "melbands_crest": {
        "dmean": 2.34850096703,
        "dmean2": 4.2619433403,
        "dvar": 3.68158912659,
        "dvar2": 12.03764534,
        "max": 22.4702854156,
        "mean": 12.0198974609,
        "median": 11.7438011169,
        "min": 3.84308290482,
        "var": 22.3427600861
    },
    "melbands_flatness_db": {
        "dmean": 0.0104163689539,
        "dmean2": 0.0184339564294,
        "dvar": 7.96981767053e-05,
        "dvar2": 0.000234608480241,
        "max": 0.21915012598,
        "mean": 0.159518197179,
        "median": 0.157295674086,
        "min": 0.110524639487,
        "var": 0.000581411179155
    },
    "melbands_kurtosis": {
        "dmean": 0.632088303566,
        "dmean2": 1.11057841778,
        "dvar": 0.566112518311,
        "dvar2": 1.734634161,
        "max": 5.22299289703,
        "mean": -0.208009719849,
        "median": -0.759156823158,
        "min": -1.65455186367,
        "var": 1.77232849598
    },
    "melbands_skewness": {
        "dmean": 0.321326285601,
        "dmean2": 0.556018531322,
        "dvar": 0.0688562467694,
        "dvar2": 0.218508094549,
        "max": 2.50524520874,
        "mean": 0.864040613174,
        "median": 0.811374187469,
        "min": -0.537459850311,
        "var": 0.415292650461
    },
    "melbands_spread": {
        "dmean": 7.04949808121,
        "dmean2": 12.4576559067,
        "dvar": 27.6677970886,
        "dvar2": 83.5330123901,
        "max": 97.4918441772,
        "mean": 62.9782028198,
        "median": 64.3046646118,
        "min": 28.7671051025,
        "var": 183.488128662
    },
    "pitch_salience": {
        "dmean": 0.0441146343946,
        "dmean2": 0.0769977867603,
        "dvar": 0.00145917991176,
        "dvar2": 0.00393266882747,
        "max": 0.824798882008,
        "mean": 0.563236534595,
        "median": 0.564083516598,
        "min": 0.341265410185,
        "var": 0.00500695919618
    },
    "silence_rate_20dB": {
        "dmean": 0,
        "dmean2": 0,
        "dvar": 0,
        "dvar2": 0,
        "max": 1,
        "mean": 1,
        "median": 1,
        "min": 1,
        "var": 0
    },
    "silence_rate_30dB": {
        "dmean": 0,
        "dmean2": 0,
        "dvar": 0,
        "dvar2": 0,
        "max": 1,
        "mean": 1,
        "median": 1,
        "min": 1,
        "var": 0
    },
    "silence_rate_60dB": {
        "dmean": 0,
        "dmean2": 0,
        "dvar": 0,
        "dvar2": 0,
        "max": 0,
        "mean": 0,
        "median": 0,
        "min": 0,
        "var": 0
    },
    "spectral_centroid": {
        "dmean": 142.275756836,
        "dmean2": 255.094680786,
        "dvar": 12659.8583984,
        "dvar2": 38954.9726562,
        "max": 2995.92211914,
        "mean": 2459.92895508,
        "median": 2489.83520508,
        "min": 1587.79711914,
        "var": 70764.3359375
    },
    "spectral_complexity": {
        "dmean": 3.88888883591,
        "dmean2": 6.75109148026,
        "dvar": 11.2970237732,
        "dvar2": 27.0734119415,
        "max": 51,
        "mean": 39.4391288757,
        "median": 39,
        "min": 1,
        "var": 21.1854419708
    },
    "spectral_decrease": {
        "dmean": 6.53729403943e-10,
        "dmean2": 1.13316822592e-09,
        "dvar": 3.22008177577e-19,
        "dvar2": 7.71503861004e-19,
        "max": -1.496616997e-10,
        "mean": -5.46598188933e-09,
        "median": -5.46373257748e-09,
        "min": -7.57484741598e-09,
        "var": 6.77215869424e-19
    },
    "spectral_energy": {
        "dmean": 0.00277590169571,
        "dmean2": 0.00474846409634,
        "dvar": 5.60593844057e-06,
        "dvar2": 1.33552321131e-05,
        "max": 0.0318927280605,
        "mean": 0.0240494105965,
        "median": 0.0242568291724,
        "min": 0.000634659547359,
        "var": 1.00922225101e-05
    },
    "spectral_energyband_high": {
        "dmean": 0.000229720317293,
        "dmean2": 0.000384988641599,
        "dvar": 3.16276604906e-08,
        "dvar2": 9.62935047255e-08,
        "max": 0.0018139120657,
        "mean": 0.000878708844539,
        "median": 0.000841521774419,
        "min": 1.51255280798e-05,
        "var": 7.79516184934e-08
    },
    "spectral_energyband_low": {
        "dmean": 0.000569732510485,
        "dmean2": 0.000960015575401,
        "dvar": 2.30744589658e-07,
        "dvar2": 6.47683862098e-07,
        "max": 0.00441870000213,
        "mean": 0.00158738961909,
        "median": 0.00144924514461,
        "min": 4.63080941699e-05,
        "var": 5.6132211057e-07
    },
    "spectral_energyband_middle_high": {
        "dmean": 0.00219296314754,
        "dmean2": 0.0037372817751,
        "dvar": 3.29433328261e-06,
        "dvar2": 8.47430783324e-06,
        "max": 0.0220576059073,
        "mean": 0.0133045818657,
        "median": 0.0129687786102,
        "min": 0.00023774865258,
        "var": 1.0577105968e-05
    },
    "spectral_energyband_middle_low": {
        "dmean": 0.0019799314905,
        "dmean2": 0.00353668816388,
        "dvar": 3.56651798938e-06,
        "dvar2": 9.93747653411e-06,
        "max": 0.0213433913887,
        "mean": 0.00853417348117,
        "median": 0.00753748556599,
        "min": 0.000344056839822,
        "var": 2.11806909647e-05
    },
    "spectral_entropy": {
        "dmean": 0.0514541901648,
        "dmean2": 0.0860315263271,
        "dvar": 0.00191626825836,
        "dvar2": 0.00453181937337,
        "max": 8.17916202545,
        "mean": 7.57386541367,
        "median": 7.57775974274,
        "min": 7.37518978119,
        "var": 0.0047994130291
    },
    "spectral_flux": {
        "dmean": 0.00755215249956,
        "dmean2": 0.0122289229184,
        "dvar": 5.40118926438e-05,
        "dvar2": 0.000111798770376,
        "max": 0.151242285967,
        "mean": 0.0757941156626,
        "median": 0.0752510279417,
        "min": 0.0567249879241,
        "var": 0.000107514839328
    },
    "spectral_kurtosis": {
        "dmean": 2.96193480492,
        "dmean2": 5.20798206329,
        "dvar": 6.34457063675,
        "dvar2": 19.7339630127,
        "max": 23.3359165192,
        "mean": 5.16506385803,
        "median": 4.67369747162,
        "min": 0.906939268112,
        "var": 9.07905769348
    },
    "spectral_rms": {
        "dmean": 0.000285515212454,
        "dmean2": 0.000484760443214,
        "dvar": 8.37470963688e-08,
        "dvar2": 1.6499178912e-07,
        "max": 0.005578069482,
        "mean": 0.00483059510589,
        "median": 0.0048646889627,
        "min": 0.00078687997302,
        "var": 1.28168821334e-07
    },
    "spectral_rolloff": {
        "dmean": 212.657974243,
        "dmean2": 378.194458008,
        "dvar": 31806.875,
        "dvar2": 87455.828125,
        "max": 3552.97851562,
        "mean": 3024.94775391,
        "median": 3100.78125,
        "min": 2002.58789062,
        "var": 95163.765625
    },
    "spectral_skewness": {
        "dmean": 0.292351275682,
        "dmean2": 0.51678031683,
        "dvar": 0.0660477131605,
        "dvar2": 0.197454214096,
        "max": 3.22402429581,
        "mean": 0.659383118153,
        "median": 0.608471393585,
        "min": 0.14690759778,
        "var": 0.106395415962
    },
    "spectral_spread": {
        "dmean": 159092.375,
        "dmean2": 259874.46875,
        "dvar": 141108658176,
        "dvar2": 119856930816,
        "max": 11651956,
        "mean": 2131618.75,
        "median": 2112504.5,
        "min": 1658412.5,
        "var": 233189392384
    },
    "spectral_strongpeak": {
        "dmean": 1.00836849213,
        "dmean2": 1.74091529846,
        "dvar": 2.47578239441,
        "dvar2": 6.26237154007,
        "max": 8.78211021423,
        "mean": 1.47300088406,
        "median": 0.73593890667,
        "min": 0.0209633260965,
        "var": 3.05896425247
    },
    "zerocrossingrate": {
        "dmean": 0.00438708486035,
        "dmean2": 0.00616108579561,
        "dvar": 1.70138955582e-05,
        "dvar2": 2.40178815147e-05,
        "max": 0.12060546875,
        "mean": 0.0893809422851,
        "median": 0.09033203125,
        "min": 0.0126953125,
        "var": 0.000178645306733
    },
    "barkbands": {
        "dmean": [5.55861015528e-06, 0.000517739506904, 0.000191345097846, 0.000469491904369, 0.00183062267024, 4.23552919528e-05, 7.66885714256e-05, 6.90056403982e-05, 0.000456615554867, 7.91346974438e-05, 0.000159913266543, 0.000516050029546, 0.000144403442391, 0.000362647813745, 0.000815984385554, 0.00109330844134, 0.000914709351491, 0.000526846037246, 0.000718390161637, 0.00030219508335, 0.000174291577423, 2.74464382528e-05, 8.72617192726e-07, 1.2787909327e-06, 1.79986457738e-07, 7.71063710658e-08, 4.44579706382e-09],
        "dmean2": [9.50801495492e-06, 0.000873779819813, 0.000354790128767, 0.000814753409941, 0.00336252409033, 7.34685236239e-05, 0.000132124303491, 0.000119214819279, 0.000700993463397, 0.000139977608342, 0.000277840677882, 0.00080549728591, 0.000241687099333, 0.000581159547437, 0.00135175872128, 0.00193082087208, 0.00163408904336, 0.000886976951733, 0.00122645613737, 0.000525686366018, 0.000291317992378, 4.76791210531e-05, 1.52022926159e-06, 2.145130793e-06, 2.99905167367e-07, 1.25907376969e-07, 7.15422476816e-09],
        "dvar": [3.80070974693e-11, 1.89975921217e-07, 3.51111033581e-08, 2.38899730221e-07, 2.61118316303e-06, 2.01948835432e-09, 5.06796560273e-09, 3.98775412691e-09, 1.61355160344e-07, 5.24501064803e-09, 2.81603593777e-08, 2.87414252398e-07, 2.89166965928e-08, 1.48114224885e-07, 6.32410831258e-07, 1.30736293613e-06, 5.27772499481e-07, 1.75962298954e-07, 3.20061786852e-07, 5.95655293978e-08, 2.13168700469e-08, 6.26077245602e-10, 5.05679699503e-13, 1.34027836572e-12, 2.05503559184e-14, 5.7925838876e-15, 4.21996075957e-16],
        "dvar2": [8.65228930169e-11, 5.24427832715e-07, 1.20095990042e-07, 7.24006895325e-07, 7.77763762017e-06, 5.55606893826e-09, 1.3875424365e-08, 1.17302452196e-08, 3.75639416461e-07, 1.61087765349e-08, 8.26177952717e-08, 6.46992532438e-07, 8.57355502148e-08, 3.36699685022e-07, 1.59344040185e-06, 3.81205768463e-06, 1.5981541992e-06, 5.20244952895e-07, 1.00828799532e-06, 1.7305693234e-07, 6.41158095505e-08, 1.75445191708e-09, 1.54751135951e-12, 3.83044507571e-12, 5.89109110886e-14, 1.49579547153e-14, 6.20834810393e-16],
        "max": [7.19442468835e-05, 0.003788983915, 0.00136331561953, 0.00385008007288, 0.0176974255592, 0.000400390446885, 0.000533300510142, 0.000508929835632, 0.006255291868, 0.000610901915934, 0.00208411016501, 0.00924573186785, 0.00162448640913, 0.00719269318506, 0.00688358303159, 0.00832305196673, 0.00632745027542, 0.0034937383607, 0.00564873497933, 0.00198701419868, 0.00155456725042, 0.000209859223105, 7.11283018973e-06, 1.25543438116e-05, 1.80019367235e-06, 8.56144936279e-07, 3.48478607748e-07],
        "mean": [9.41951202549e-06, 0.00112264452036, 0.000228738921578, 0.0008028910961, 0.00573461875319, 6.10656352364e-05, 0.000125189355458, 0.000104607373942, 0.0016795512056, 0.000132695451612, 0.000380554643925, 0.00122792215552, 0.00030269913259, 0.00096804019995, 0.00181818497367, 0.00220654043369, 0.00213187886402, 0.00142419210169, 0.00209384434856, 0.00089302501874, 0.000509915640578, 8.23530717753e-05, 2.87205057248e-06, 5.03225783177e-06, 6.83066218699e-07, 2.53713579923e-07, 1.6438272965e-08],
        "median": [7.18344517736e-06, 0.000967621628661, 0.000176063040271, 0.000596478930674, 0.00523408968002, 4.46834019385e-05, 0.000105307546619, 8.33043741295e-05, 0.00142016413156, 0.000101839606941, 0.000286733731627, 0.000885030021891, 0.000233219499933, 0.000652304384857, 0.00152312009595, 0.0018603107892, 0.00200911913998, 0.00132048001979, 0.00188401550986, 0.000844264635816, 0.000475723762065, 7.71491395426e-05, 2.7651799428e-06, 4.85319287691e-06, 6.49940375297e-07, 2.29963816878e-07, 1.41383011965e-08],
        "min": [4.80828816762e-07, 1.94018211914e-05, 9.36664218898e-06, 7.04750482328e-06, 6.92382600391e-05, 2.67230416284e-06, 8.48113722896e-06, 5.03720139022e-06, 0.00010016473243, 7.95257346908e-06, 6.37861649011e-06, 2.35049697039e-06, 2.46453828368e-06, 8.52070479596e-06, 3.76866082661e-05, 5.16950167366e-05, 6.47532142466e-05, 2.0337784008e-05, 2.3774600777e-05, 1.09022730612e-05, 8.63760396896e-06, 1.92127345144e-06, 2.97887368106e-07, 4.16870136632e-07, 2.18070894675e-07, 8.37272153831e-08, 6.18539885977e-09],
        "var": [6.07471434266e-11, 4.75866897887e-07, 3.54200722086e-08, 4.6618006877e-07, 1.48048111441e-05, 2.68278133042e-09, 6.90063783892e-09, 6.70820510251e-09, 1.26759823615e-06, 9.97216531573e-09, 1.02903477739e-07, 1.29907368773e-06, 6.02259646598e-08, 1.06463505745e-06, 1.27593989419e-06, 1.89910826975e-06, 8.51967456583e-07, 3.07643631459e-07, 8.52953576214e-07, 1.02525284262e-07, 4.05952249594e-08, 1.02614061692e-09, 1.02262133223e-12, 2.40053116274e-12, 5.31217153328e-14, 1.23231105021e-14, 5.86102436149e-16]
    },
    "erbbands": {
        "dmean": [0.0125795044005, 0.126287400723, 0.185226663947, 0.71888589859, 5.97125101089, 5.18761634827, 0.398253768682, 0.363658368587, 0.516876935959, 1.27888333797, 3.49842524529, 12.8304576874, 2.57264757156, 5.01646232605, 6.63219642639, 22.1899471283, 7.2798781395, 10.2962083817, 17.688369751, 90.3827209473, 30.906671524, 51.6180000305, 27.1496906281, 37.5736198425, 25.5609359741, 14.1082611084, 6.68489360809, 5.3509221077, 1.01865112782, 0.147542223334, 0.0252286195755, 0.037966568023, 0.0126418778673, 0.00342283188365, 0.000451260420959, 0.000436493719462, 0.000108477921458, 8.25313600217e-06, 2.07732500712e-06, 3.57459475708e-06],
        "dmean2": [0.0195666402578, 0.217106103897, 0.344447553158, 1.2072378397, 10.7216091156, 9.80278682709, 0.700812458992, 0.626215517521, 0.903506934643, 2.19297599792, 6.2637257576, 19.1451416016, 4.13484716415, 8.49705505371, 11.4335584641, 34.8897628784, 11.4885959625, 16.1049118042, 27.9881668091, 155.264801025, 52.0311508179, 91.1341171265, 46.4262619019, 66.916809082, 42.8479881287, 24.2912902832, 11.4544563293, 9.15671157837, 1.7266459465, 0.250271469355, 0.0433499477804, 0.0641708746552, 0.0214046556503, 0.00580583419651, 0.000771311519202, 0.000734838831704, 0.000177041089046, 1.38939585668e-05, 3.45195712725e-06, 6.03568742008e-06],
        "dvar": [0.000117799354484, 0.011117127724, 0.0357168465853, 0.500501930714, 35.6939086914, 17.2372169495, 0.141151368618, 0.13220192492, 0.188475355506, 1.53509199619, 12.059047699, 139.283599854, 5.16351699829, 26.2783737183, 43.8351898193, 517.168273926, 50.4377670288, 114.295127869, 204.748977661, 10411.5791016, 620.720703125, 1909.04882812, 549.924743652, 925.392150879, 494.556976318, 138.27545166, 37.098777771, 19.4629020691, 0.864954531193, 0.0140984738246, 0.000429012608947, 0.00122537999414, 0.000124750993564, 7.76551496529e-06, 1.62011872362e-07, 1.73844995288e-07, 1.30906006035e-08, 1.75253173085e-10, 9.05130571188e-12, 9.00489492001e-12],
        "dvar2": [0.000282198772766, 0.0323341786861, 0.12236250937, 1.42967891693, 104.059440613, 55.172996521, 0.403262227774, 0.359188169241, 0.490401387215, 4.20189666748, 37.1795768738, 313.879089355, 12.9175262451, 76.4430847168, 130.23789978, 1162.04260254, 135.645629883, 250.630111694, 556.32019043, 28060.1660156, 1787.9777832, 5847.62109375, 1644.76147461, 2739.41577148, 1458.55529785, 420.57522583, 106.724113464, 56.2791862488, 2.41097736359, 0.0400416105986, 0.0012374575017, 0.00347839901224, 0.000363437051419, 2.17950855586e-05, 4.30467281376e-07, 4.38893238197e-07, 3.38108741005e-08, 3.30770161261e-10, 1.84875482978e-11, 2.22160987523e-11],
        "max": [0.122941017151, 0.804894089699, 1.34413778782, 6.56283140182, 65.1449584961, 33.5407295227, 3.66098666191, 3.41050291061, 3.9413228035, 8.87718582153, 24.7021942139, 189.406478882, 30.6545028687, 94.7084121704, 60.9368286133, 371.972381592, 96.9624938965, 215.703201294, 211.713272095, 818.055541992, 207.900192261, 370.770751953, 204.523696899, 292.669647217, 213.532852173, 104.326873779, 57.1327667236, 42.0450210571, 9.87087345123, 1.4601610899, 0.225726172328, 0.348124474287, 0.143893614411, 0.0355741977692, 0.00494345324114, 0.00418474059552, 0.0013441471383, 0.000210939208046, 6.05254499533e-05, 4.05692335335e-05],
        "mean": [0.0351070612669, 0.244849905372, 0.291622549295, 1.75889718533, 20.1707267761, 11.8417062759, 0.926385223866, 0.581842303276, 1.10465562344, 2.09697604179, 6.43668365479, 47.8398475647, 9.7830619812, 12.077627182, 15.7786808014, 55.0245170593, 19.9381542206, 31.1728115082, 56.2890205383, 173.159881592, 88.7295684814, 119.87247467, 80.8202896118, 111.59627533, 80.1754302979, 43.0513839722, 21.666809082, 15.4058160782, 3.72997736931, 0.538946449757, 0.105201765895, 0.141222894192, 0.0492314510047, 0.0140056759119, 0.0019059383776, 0.0015540055465, 0.000350601185346, 2.66187016678e-05, 1.92057741515e-05, 3.23572494381e-05],
        "median": [0.0310846697539, 0.209943085909, 0.243379116058, 1.45803308487, 17.5064315796, 10.7175989151, 0.863925993443, 0.462723314762, 0.929505765438, 1.75439870358, 5.54117774963, 38.5054397583, 8.71371459961, 8.56942558289, 12.7139511108, 40.4320869446, 17.0543174744, 22.2269439697, 49.8330688477, 127.647171021, 84.087020874, 112.000679016, 76.5734100342, 105.185409546, 74.4438781738, 40.270652771, 20.4283008575, 14.3084869385, 3.51558041573, 0.508032500744, 0.102405771613, 0.133701369166, 0.0470810420811, 0.0132512059063, 0.00178469112143, 0.00143221113831, 0.000313926488161, 2.32815655181e-05, 1.9050163246e-05, 3.26810804836e-05],
        "min": [0.000710177468136, 0.00388214620762, 0.0112641975284, 0.0618019476533, 0.145739510655, 0.249287948012, 0.126048609614, 0.0765871182084, 0.130756035447, 0.246526241302, 0.628701806068, 2.37273216248, 1.12962830067, 0.404882013798, 0.167962297797, 0.106567174196, 0.107385098934, 0.231533780694, 1.64966666698, 1.75166583061, 3.6173157692, 3.67778491974, 1.32037746906, 0.95403188467, 1.20107030869, 0.534855484962, 0.376211732626, 0.241655275226, 0.0658416897058, 0.0233385805041, 0.00995346624404, 0.0125028863549, 0.0039966693148, 0.00343263172545, 0.000814401893876, 0.000549775257241, 0.000129630832816, 1.04457958514e-05, 1.24372818391e-05, 4.76768673252e-06],
        "var": [0.000415214366512, 0.0240568332374, 0.0356907248497, 1.3366291523, 196.631668091, 57.5841369629, 0.234654411674, 0.184715539217, 0.53588026762, 2.09350562096, 15.1943740845, 1229.2322998, 27.6060028076, 153.618942261, 99.2472915649, 2206.66870117, 159.109115601, 944.196411133, 893.5078125, 18673.9570312, 1155.50048828, 2861.56103516, 906.693664551, 1868.01281738, 1189.00341797, 228.320175171, 64.2879943848, 36.321937561, 1.703758955, 0.0353626608849, 0.00108258705586, 0.00217269314453, 0.000219170862692, 2.00926915568e-05, 3.44911398997e-07, 3.60694514256e-07, 2.58125449903e-08, 2.84081591584e-10, 1.22297953015e-11, 1.37349845039e-11]
    },
    "gfcc": {
        "mean": [-4.99067306519, 115.112823486, -195.207321167, 66.0540771484, -26.5235233307, -4.35614347458, -13.6430597305, -0.387929350138, -23.2549743652, -15.7463312149, -23.8161029816, -19.7856769562, -0.959561109543],
        "cov": [[96.5047683716, 1.74490332603, -33.0407524109, 4.3328704834, -0.108004301786, 21.9223670959, 20.3191776276, 9.78551292419, 4.99168395996, 17.625629425, 20.3055057526, 10.197845459, -0.648212611675], [1.74490332603, 70.4367446899, 33.7795143127, -3.15273165703, -15.5634880066, -23.4827690125, -12.5906543732, -17.8503799438, -13.0142459869, -23.8345584869, -10.1593170166, -24.2115440369, -6.79637145996], [-33.0407524109, 33.7795143127, 58.6106376648, 11.155752182, -3.81324315071, -24.2476844788, -18.1687240601, -10.5011816025, -14.9130649567, -17.3146381378, -20.2148647308, -15.7403106689, -9.18860244751], [4.3328704834, -3.15273165703, 11.155752182, 40.3073921204, 21.0453300476, 7.12039041519, -1.26871395111, -6.26997232437, 3.53918409348, 1.46549773216, -1.87428164482, 1.19594442844, 4.54509353638], [-0.108004301786, -15.5634880066, -3.81324315071, 21.0453300476, 41.0163002014, 23.4096813202, 3.50495386124, -0.0200368184596, 0.936060667038, 8.19334793091, 7.44235086441, 9.94495391846, 1.41892802715], [21.9223670959, -23.4827690125, -24.2476844788, 7.12039041519, 23.4096813202, 48.4381103516, 25.0788326263, 11.118393898, 8.07723140717, 19.8020973206, 22.4462146759, 20.6339759827, 6.57553720474], [20.3191776276, -12.5906543732, -18.1687240601, -1.26871395111, 3.50495386124, 25.0788326263, 47.6088523865, 36.2037200928, 4.37248516083, 6.41148805618, 13.1046199799, 16.2365055084, 3.483730793], [9.78551292419, -17.8503799438, -10.5011816025, -6.26997232437, -0.0200368184596, 11.118393898, 36.2037200928, 50.3488578796, 15.3816766739, 9.48976230621, 7.95447397232, 13.7934036255, 2.33024144173], [4.99168395996, -13.0142459869, -14.9130649567, 3.53918409348, 0.936060667038, 8.07723140717, 4.37248516083, 15.3816766739, 44.3958244324, 27.1604270935, 3.06177306175, 7.52682590485, 12.1191263199], [17.625629425, -23.8345584869, -17.3146381378, 1.46549773216, 8.19334793091, 19.8020973206, 6.41148805618, 9.48976230621, 27.1604270935, 44.3441772461, 21.8878631592, 16.874174118, 3.66377067566], [20.3055057526, -10.1593170166, -20.2148647308, -1.87428164482, 7.44235086441, 22.4462146759, 13.1046199799, 7.95447397232, 3.06177306175, 21.8878631592, 43.6062011719, 24.3861846924, 0.683139562607], [10.197845459, -24.2115440369, -15.7403106689, 1.19594442844, 9.94495391846, 20.6339759827, 16.2365055084, 13.7934036255, 7.52682590485, 16.874174118, 24.3861846924, 36.9989280701, 10.9775056839], [-0.648212611675, -6.79637145996, -9.18860244751, 4.54509353638, 1.41892802715, 6.57553720474, 3.483730793, 2.33024144173, 12.1191263199, 3.66377067566, 0.683139562607, 10.9775056839, 24.2514019012]],
        "icov": [[0.0269661378115, -0.0275447368622, 0.0357709340751, -0.0252037849277, 0.0161594375968, -0.0131349433213, 0.017021369189, -0.0221440382302, 0.0242500323802, -0.0247591733932, 0.0181902814656, -0.0146452579647, 0.0113157145679], [-0.0275447368622, 0.0704727619886, -0.066315099597, 0.0402640290558, -0.0193319562823, 0.0242135319859, -0.0464348495007, 0.051994998008, -0.0477185174823, 0.0488214418292, -0.048822555691, 0.0420174300671, -0.0185919627547], [0.0357709340751, -0.066315099597, 0.0988606661558, -0.0578561648726, 0.0280830282718, -0.0194603484124, 0.0554315671325, -0.0599154755473, 0.0598736442626, -0.0514254383743, 0.054722648114, -0.0407762937248, 0.0268642231822], [-0.0252037849277, 0.0402640290558, -0.0578561648726, 0.074344098568, -0.0436653494835, 0.0232175067067, -0.044059291482, 0.0484796576202, -0.0438840948045, 0.0342836454511, -0.0313562974334, 0.026751909405, -0.0217889901251], [0.0161594375968, -0.0193319562823, 0.0280830282718, -0.0436653494835, 0.0656508356333, -0.041240401566, 0.0376984812319, -0.0311994701624, 0.0269361510873, -0.0177717506886, 0.0211243182421, -0.0194008219987, 0.0161722693592], [-0.0131349433213, 0.0242135319859, -0.0194603484124, 0.0232175067067, -0.041240401566, 0.075830720365, -0.0585627742112, 0.0421966165304, -0.0215436778963, 0.00572657538578, -0.0266113393009, 0.0127189503983, -0.0141865825281], [0.017021369189, -0.0464348495007, 0.0554315671325, -0.044059291482, 0.0376984812319, -0.0585627742112, 0.12231246382, -0.0979062765837, 0.0538183972239, -0.0262869503349, 0.0368016324937, -0.0316705144942, 0.0125876870006], [-0.0221440382302, 0.051994998008, -0.0599154755473, 0.0484796576202, -0.0311994701624, 0.0421966165304, -0.0979062765837, 0.110184811056, -0.0664314627647, 0.0411026664078, -0.0381881706417, 0.0214039925486, -0.00557116419077], [0.0242500323802, -0.0477185174823, 0.0598736442626, -0.0438840948045, 0.0269361510873, -0.0215436778963, 0.0538183972239, -0.0664314627647, 0.0994989052415, -0.0757932513952, 0.0480550006032, -0.0195780489594, -0.00966082978994], [-0.0247591733932, 0.0488214418292, -0.0514254383743, 0.0342836454511, -0.0177717506886, 0.00572657538578, -0.0262869503349, 0.0411026664078, -0.0757932513952, 0.0987893715501, -0.053674519062, 0.018589168787, 0.00247322162613], [0.0181902814656, -0.048822555691, 0.054722648114, -0.0313562974334, 0.0211243182421, -0.0266113393009, 0.0368016324937, -0.0381881706417, 0.0480550006032, -0.053674519062, 0.0873852819204, -0.0556038357317, 0.0245787501335], [-0.0146452579647, 0.0420174300671, -0.0407762937248, 0.026751909405, -0.0194008219987, 0.0127189503983, -0.0316705144942, 0.0214039925486, -0.0195780489594, 0.018589168787, -0.0556038357317, 0.0885391160846, -0.0404362492263], [0.0113157145679, -0.0185919627547, 0.0268642231822, -0.0217889901251, 0.0161722693592, -0.0141865825281, 0.0125876870006, -0.00557116419077, -0.00966082978994, 0.00247322162613, 0.0245787501335, -0.0404362492263, 0.07428188622]]
    },
    "melbands": {
        "dmean": [0.000135786773171, 0.000104353115603, 0.000251155375736, 0.000495075248182, 2.45969567914e-05, 8.01424448582e-06, 1.05701001303e-05, 1.17472691272e-05, 3.83467086067e-05, 8.11727149994e-05, 9.88667488855e-06, 1.92486495507e-05, 2.27663931582e-05, 5.59092259209e-05, 4.44106044597e-05, 7.03987234374e-06, 2.57114934357e-05, 3.05739849864e-05, 7.95681917225e-05, 0.000106639017758, 4.03123849537e-05, 5.48716743651e-05, 3.98527408834e-05, 2.81991051452e-05, 3.60298727173e-05, 2.82747460005e-05, 1.69541581272e-05, 8.72873351909e-06, 3.43947363035e-06, 7.18955925549e-06, 2.0732388748e-06, 7.84425878919e-07, 2.87043036451e-07, 3.18161887947e-08, 1.56064228207e-08, 2.42874413914e-08, 2.51007392649e-08, 1.27785790838e-08, 5.14794340489e-09, 2.70493649701e-09],
        "dmean2": [0.000223159819143, 0.000181732320925, 0.0004487313563, 0.000913373776712, 4.51494815934e-05, 1.3804230548e-05, 1.84152086149e-05, 1.99529076781e-05, 6.89431471983e-05, 0.000118197785923, 1.65690616996e-05, 3.27209017996e-05, 4.03245430789e-05, 8.96577112144e-05, 7.02472752891e-05, 1.15105885925e-05, 4.03618068958e-05, 4.90970851388e-05, 0.000131982786115, 0.000185352371773, 6.7891429353e-05, 9.70122564468e-05, 6.9588124461e-05, 4.81823153677e-05, 6.41655788058e-05, 4.75770975754e-05, 2.90790922008e-05, 1.5107809304e-05, 5.9690719354e-06, 1.21184066302e-05, 3.64216316484e-06, 1.36863695843e-06, 5.00920464219e-07, 5.41352704886e-08, 2.6863828495e-08, 4.20421102376e-08, 4.24824015965e-08, 2.21341487361e-08, 8.52018899877e-09, 4.6097055062e-09],
        "dvar": [1.32653870111e-08, 8.50351078441e-09, 7.4238016623e-08, 1.80413181283e-07, 5.02414498893e-10, 6.35665409199e-11, 8.89131338e-11, 1.26158680724e-10, 1.59582524972e-09, 5.61323965087e-09, 9.13877029607e-11, 3.87280207903e-10, 6.20468842971e-10, 3.04367753223e-09, 2.87887447215e-09, 4.81663806062e-11, 7.43543948634e-10, 8.22301282621e-10, 5.64311575246e-09, 1.40470621801e-08, 1.15195408767e-09, 2.11036632614e-09, 1.3118743869e-09, 5.58774693182e-10, 8.44027014946e-10, 6.30757168718e-10, 2.07925898721e-10, 5.35112475164e-11, 9.6081875095e-12, 3.62813112886e-11, 3.42491855189e-12, 5.24220911905e-13, 5.61477168199e-14, 8.0817038742e-16, 1.7918884061e-16, 4.35160662023e-16, 5.264404529e-16, 1.25203619233e-16, 1.79335354149e-17, 5.32211314839e-18],
        "dvar2": [3.45287922698e-08, 2.8581109035e-08, 2.20476763957e-07, 5.45593138668e-07, 1.44858081086e-09, 1.7381253381e-10, 2.32509969611e-10, 3.50663387216e-10, 4.90399987285e-09, 1.25105410476e-08, 2.50714005112e-10, 1.13205844698e-09, 1.90192195326e-09, 7.51931850118e-09, 6.28141094694e-09, 1.32736377445e-10, 1.62932700665e-09, 2.10449879745e-09, 1.473775324e-08, 3.88306204968e-08, 3.0944398155e-09, 6.49297060562e-09, 4.11968015257e-09, 1.58967672359e-09, 2.47897369299e-09, 1.92061455628e-09, 5.96886651216e-10, 1.60750440736e-10, 2.78724925085e-11, 1.01647898432e-10, 9.35783395217e-12, 1.49567641258e-12, 1.59359775809e-13, 2.31329208346e-15, 5.44645308519e-16, 1.2394745349e-15, 1.53855001012e-15, 3.62788181776e-16, 5.10078575538e-17, 1.55327330224e-17],
        "max": [0.00113179848995, 0.000682584708557, 0.00256177852862, 0.00453857006505, 0.000202868395718, 7.61674891692e-05, 7.03104524291e-05, 7.97760658315e-05, 0.000286386872176, 0.00124656572007, 9.36530559557e-05, 0.000352279137587, 0.000233301194385, 0.000533181766514, 0.000998390372843, 7.20732641639e-05, 0.000544350419659, 0.000488633231726, 0.000675985764246, 0.000897225108929, 0.000262117624516, 0.000378046737751, 0.000299362494843, 0.000180794741027, 0.000251133198617, 0.000240652894718, 0.000112496600195, 6.28609777777e-05, 3.05778194161e-05, 6.32077571936e-05, 1.81751038326e-05, 6.02606132816e-06, 2.67178916147e-06, 3.02836411947e-07, 1.22842692463e-07, 1.99038410642e-07, 2.19067985086e-07, 1.28182534809e-07, 4.79531649944e-08, 2.66716924102e-08],
        "mean": [0.000326518813381, 0.000203793388209, 0.000743103970308, 0.00149525585584, 3.95307979488e-05, 1.26948725665e-05, 1.95677457668e-05, 1.97908066184e-05, 6.0110080085e-05, 0.000310775008984, 3.19671707985e-05, 4.29396350228e-05, 4.5301290811e-05, 0.000122115539853, 0.000111911394924, 1.94708009076e-05, 7.13466724847e-05, 8.77189013408e-05, 0.000177349720616, 0.000196058972506, 9.57622978603e-05, 0.000121854842291, 9.50921312324e-05, 6.80079174344e-05, 9.52081609285e-05, 7.23607081454e-05, 4.45560872322e-05, 2.34450908465e-05, 9.9428325484e-06, 1.73168718902e-05, 5.87992735746e-06, 2.2512083433e-06, 8.09014636616e-07, 8.73203802598e-08, 4.43291447993e-08, 7.99486699066e-08, 8.50805150776e-08, 3.88311107713e-08, 1.80134893668e-08, 9.03442742839e-09],
        "median": [0.000287574890535, 0.000178619637154, 0.000614444026724, 0.00133739248849, 3.34449650836e-05, 1.00828292489e-05, 1.66920053744e-05, 1.67777543538e-05, 4.62871903437e-05, 0.000251609657425, 2.97681744996e-05, 2.95128920698e-05, 3.48045468854e-05, 9.78638854576e-05, 7.67304882174e-05, 1.57500071509e-05, 4.81225943076e-05, 6.95450144121e-05, 0.000150528838276, 0.000145598271047, 8.76467238413e-05, 0.000113027796033, 8.96496421774e-05, 6.22044317424e-05, 8.85737244971e-05, 6.19614002062e-05, 4.12385597883e-05, 2.16216194531e-05, 9.22913750401e-06, 1.60925046657e-05, 5.43248461327e-06, 2.05148376153e-06, 7.63583443586e-07, 7.86856944046e-08, 4.17220462623e-08, 7.48906217041e-08, 8.06754911764e-08, 3.65127945656e-08, 1.70025593604e-08, 8.40112690526e-09],
        "min": [6.42090526526e-06, 5.52655455976e-06, 1.7068001398e-05, 1.6429075913e-05, 2.35676657212e-06, 7.80563311764e-07, 1.97576059691e-06, 1.51460437792e-06, 6.37832044958e-06, 1.56501118909e-05, 2.95907534564e-06, 1.57487386332e-06, 7.2746394153e-07, 2.9631075904e-07, 3.11293405275e-07, 1.45277823549e-07, 4.23451410825e-07, 2.33140735872e-06, 2.96317102766e-06, 2.49996219281e-06, 4.4493203859e-06, 4.4352018449e-06, 1.52824623001e-06, 8.1470858504e-07, 6.96392248756e-07, 1.16648391213e-06, 5.50482354811e-07, 2.79847284901e-07, 1.69020012208e-07, 3.26412305185e-07, 8.49440908723e-08, 4.19773265037e-08, 2.15854196739e-08, 7.91023246904e-09, 5.58548007845e-09, 5.73572478402e-09, 8.0592839069e-09, 2.54960563772e-09, 2.59416266246e-09, 2.83351697661e-09],
        "var": [3.87066272367e-08, 1.35115678646e-08, 2.51744154411e-07, 9.9971725831e-07, 6.94313939675e-10, 9.65426488753e-11, 1.55926646594e-10, 1.86935994462e-10, 2.00105620962e-09, 5.29445287611e-08, 2.54848836478e-10, 2.16282081134e-09, 1.25983312671e-09, 8.77160477586e-09, 1.27681545337e-08, 1.56293422648e-10, 6.00110139359e-09, 4.53863746586e-09, 1.12888578485e-08, 2.4700705481e-08, 1.92716043124e-09, 3.14166204163e-09, 1.81742232375e-09, 8.65710891862e-10, 1.5819623389e-09, 1.62387336911e-09, 3.1776256626e-10, 8.63565816078e-11, 1.5152148633e-11, 6.39616831721e-11, 5.42933493303e-12, 8.13888832631e-13, 1.07063866778e-13, 1.46508377211e-15, 3.15901493544e-16, 8.41471117164e-16, 8.5310569703e-16, 1.92422830438e-16, 3.83215638614e-17, 1.15836817882e-17]
    },
    "mfcc": {
        "mean": [-619.109619141, 121.003700256, -81.868888855, 63.0799865723, 2.83972859383, 11.0461606979, 13.0633506775, 6.34967088699, 14.3236341476, 2.00558042526, -7.3415813446, -4.18126106262, -16.7266254425],
        "cov": [[137.425369263, -19.6501655579, -36.86668396, -15.4484996796, -12.2055225372, 19.3221206665, 16.9951934814, 5.05409193039, 0.392947256565, 4.9255156517, 16.4305210114, 23.080904007, 19.8733024597], [-19.6501655579, 60.5609130859, 32.3153610229, 5.02238082886, -4.1825003624, -17.0630779266, -6.74443101883, -9.77939605713, -9.45206928253, -6.20292568207, -3.31426262856, -11.2678174973, -15.9835309982], [-36.86668396, 32.3153610229, 51.2959594727, 17.7816181183, -1.0977370739, -14.6478490829, -11.2213258743, -8.70589733124, -5.64532184601, -4.93790102005, -6.82611656189, -9.92313957214, -14.4962472916], [-15.4484996796, 5.02238082886, 17.7816181183, 37.0925865173, 13.3039951324, -1.45394229889, -4.45526409149, -1.56970095634, 2.47084331512, -1.33357000351, -4.37955665588, -7.27120256424, -10.6584758759], [-12.2055225372, -4.1825003624, -1.0977370739, 13.3039951324, 38.4910964966, 20.8008384705, -4.76137256622, -8.65272045135, -4.94941139221, 0.875102996826, -0.42870208621, -3.61315631866, -5.84383630753], [19.3221206665, -17.0630779266, -14.6478490829, -1.45394229889, 20.8008384705, 48.8648643494, 2.40497326851, -6.46368741989, -1.36611330509, 6.07137584686, 2.05343699455, 3.83173465729, 1.09065270424], [16.9951934814, -6.74443101883, -11.2213258743, -4.45526409149, -4.76137256622, 2.40497326851, 54.3744621277, 27.9612808228, -1.86762261391, -10.5242872238, 5.24701166153, 12.6374721527, 13.5070009232], [5.05409193039, -9.77939605713, -8.70589733124, -1.56970095634, -8.65272045135, -6.46368741989, 27.9612808228, 41.3406105042, 14.9656152725, -4.1816983223, -0.803351581097, 8.93567752838, 15.277261734], [0.392947256565, -9.45206928253, -5.64532184601, 2.47084331512, -4.94941139221, -1.36611330509, -1.86762261391, 14.9656152725, 35.1043968201, 14.009976387, -2.10976290703, 0.962437689304, 3.78072500229], [4.9255156517, -6.20292568207, -4.93790102005, -1.33357000351, 0.875102996826, 6.07137584686, -10.5242872238, -4.1816983223, 14.009976387, 32.1067047119, 10.1744413376, 0.259708434343, -3.83417129517], [16.4305210114, -3.31426262856, -6.82611656189, -4.37955665588, -0.42870208621, 2.05343699455, 5.24701166153, -0.803351581097, -2.10976290703, 10.1744413376, 30.1369552612, 15.2204627991, 2.18469643593], [23.080904007, -11.2678174973, -9.92313957214, -7.27120256424, -3.61315631866, 3.83173465729, 12.6374721527, 8.93567752838, 0.962437689304, 0.259708434343, 15.2204627991, 37.552772522, 23.5178432465], [19.8733024597, -15.9835309982, -14.4962472916, -10.6584758759, -5.84383630753, 1.09065270424, 13.5070009232, 15.277261734, 3.78072500229, -3.83417129517, 2.18469643593, 23.5178432465, 44.1674079895]],
