{
"lowlevel": {
    "average_loudness": 0.981642723083,
    "barkbands_crest": {
        "dmean": 2.83309864998,
        "dmean2": 4.89829015732,
        "dvar": 5.02831935883,
        "dvar2": 13.8809909821,
        "max": 24.2008743286,
        "mean": 10.6826791763,
        "median": 9.17727375031,
        "min": 2.99112582207,
        "var": 28.6329097748
    },
    "barkbands_flatness_db": {
        "dmean": 0.0147856939584,
        "dmean2": 0.0253200829029,
        "dvar": 0.000148104780237,
        "dvar2": 0.000420121476054,
        "max": 0.288995265961,
        "mean": 0.167521268129,
        "median": 0.160229533911,
        "min": 0.0803436264396,
        "var": 0.000840565771796
    },
    "barkbands_kurtosis": {
        "dmean": 0.694084405899,
        "dmean2": 1.24905884266,
        "dvar": 0.99710726738,
        "dvar2": 3.42634367943,
        "max": 8.50085926056,
        "mean": -0.818777918816,
        "median": -1.36335170269,
        "min": -1.78676939011,
        "var": 1.98865711689
    },
    "barkbands_skewness": {
        "dmean": 0.45266610384,
        "dmean2": 0.775754988194,
        "dvar": 0.108893848956,
        "dvar2": 0.322158098221,
        "max": 3.13856339455,
        "mean": 0.379414319992,
        "median": 0.233552858233,
        "min": -1.22677576542,
        "var": 0.612893283367
    },
    "barkbands_spread": {
        "dmean": 4.3433713913,
        "dmean2": 7.45295333862,
        "dvar": 11.3157339096,
        "dvar2": 31.0683059692,
        "max": 46.1693115234,
        "mean": 31.5509033203,
        "median": 33.1019439697,
        "min": 11.3104257584,
        "var": 40.8764724731
    },
    "dissonance": {
        "dmean": 0.00617559626698,
        "dmean2": 0.0103400638327,
        "dvar": 5.12015467393e-05,
        "dvar2": 0.000119890115457,
        "max": 0.499429255724,
        "mean": 0.48726823926,
        "median": 0.488991707563,
        "min": 0.392622858286,
        "var": 7.12160253897e-05
    },
    "dynamic_complexity": 0.308902829885,
    "erbbands_crest": {
        "dmean": 1.98857009411,
        "dmean2": 3.46064329147,
        "dvar": 2.81315326691,
        "dvar2": 7.89234781265,
        "max": 18.5243968964,
        "mean": 7.79600334167,
        "median": 7.37114572525,
        "min": 4.10166692734,
        "var": 4.60427570343
    },
    "erbbands_flatness_db": {
        "dmean": 0.010186586529,
        "dmean2": 0.017207480967,
        "dvar": 7.01225217199e-05,
        "dvar2": 0.000151757747517,
        "max": 0.279657304287,
        "mean": 0.23753862083,
        "median": 0.237363740802,
        "min": 0.117902703583,
        "var": 0.00016736087855
    },
    "erbbands_kurtosis": {
        "dmean": 1.22648119926,
        "dmean2": 2.04869484901,
        "dvar": 1.01438832283,
        "dvar2": 2.63191056252,
        "max": 11.0748815536,
        "mean": 1.28930401802,
        "median": 1.1615819931,
        "min": -1.85492789745,
        "var": 3.6872882843
    },
    "erbbands_skewness": {
        "dmean": 0.329050570726,
        "dmean2": 0.547334253788,
        "dvar": 0.0637639462948,
        "dvar2": 0.171098470688,
        "max": 0.927584946156,
        "mean": -1.23635828495,
        "median": -1.31198763847,
        "min": -2.58493280411,
        "var": 0.253767758608
    },
    "erbbands_spread": {
        "dmean": 7.45685482025,
        "dmean2": 12.8718366623,
        "dvar": 34.8422279358,
        "dvar2": 99.0893478394,
        "max": 75.0904006958,
        "mean": 31.355796814,
        "median": 27.9519042969,
        "min": 9.50373077393,
        "var": 175.007843018
    },
    "hfc": {
        "dmean": 4.78867387772,
        "dmean2": 7.5847325325,
        "dvar": 15.1864671707,
        "dvar2": 35.599357605,
        "max": 62.8445587158,
        "mean": 33.0860023499,
        "median": 32.9648933411,
        "min": 0.558506369591,
        "var": 67.5831756592
    },
    "melbands_crest": {
        "dmean": 4.23475980759,
        "dmean2": 7.28544998169,
        "dvar": 11.1827125549,
        "dvar2": 30.0760536194,
        "max": 32.4377593994,
        "mean": 16.781993866,
        "median": 15.5604152679,
        "min": 3.83124041557,
        "var": 56.3369560242
    },
    "melbands_flatness_db": {
        "dmean": 0.0201855432242,
        "dmean2": 0.0348084419966,
        "dvar": 0.000231401907513,
        "dvar2": 0.000676312542055,
        "max": 0.329382151365,
        "mean": 0.193029895425,
        "median": 0.18594712019,
        "min": 0.118695296347,
        "var": 0.00144590926357
    },
    "melbands_kurtosis": {
        "dmean": 2.49803352356,
        "dmean2": 4.4220957756,
        "dvar": 11.4102745056,
        "dvar2": 39.2485046387,
        "max": 36.7883605957,
        "mean": 2.62545275688,
        "median": 0.561287879944,
        "min": -1.75932323933,
        "var": 31.3518123627
    },
    "melbands_skewness": {
        "dmean": 0.58134406805,
        "dmean2": 1.00317800045,
        "dvar": 0.209574192762,
        "dvar2": 0.631308794022,
        "max": 6.03434658051,
        "mean": 1.64543235302,
        "median": 1.38458073139,
        "min": -0.070629812777,
        "var": 1.15746378899
    },
    "melbands_spread": {
        "dmean": 10.7635097504,
        "dmean2": 18.3533039093,
        "dvar": 67.1076278687,
        "dvar2": 186.448043823,
        "max": 89.9475326538,
        "mean": 47.5398597717,
        "median": 48.7909545898,
        "min": 8.3884563446,
        "var": 323.836425781
    },
    "pitch_salience": {
        "dmean": 0.070022366941,
        "dmean2": 0.118202365935,
        "dvar": 0.00291137839667,
        "dvar2": 0.00782071426511,
        "max": 0.786656439304,
        "mean": 0.559096097946,
        "median": 0.608617067337,
        "min": 0.13843382895,
        "var": 0.0203202031553
    },
    "silence_rate_20dB": {
        "dmean": 0,
        "dmean2": 0,
        "dvar": 0,
        "dvar2": 0,
        "max": 1,
        "mean": 1,
        "median": 1,
        "min": 1,
        "var": 0
    },
    "silence_rate_30dB": {
        "dmean": 0,
        "dmean2": 0,
        "dvar": 0,
        "dvar2": 0,
        "max": 1,
        "mean": 1,
        "median": 1,
        "min": 1,
        "var": 0
    },
    "silence_rate_60dB": {
        "dmean": 0,
        "dmean2": 0,
        "dvar": 0,
        "dvar2": 0,
        "max": 0,
        "mean": 0,
        "median": 0,
        "min": 0,
        "var": 0
    },
    "spectral_centroid": {
        "dmean": 232.947402954,
        "dmean2": 399.850402832,
        "dvar": 34218.375,
        "dvar2": 97897.6484375,
        "max": 2894.03710938,
        "mean": 2023.86535645,
        "median": 2104.09790039,
        "min": 850.061523438,
        "var": 166616.65625
    },
    "spectral_complexity": {
        "dmean": 3.37962961197,
        "dmean2": 5.72170686722,
        "dvar": 8.79475498199,
        "dvar2": 20.5459117889,
        "max": 51,
        "mean": 36.8595199585,
        "median": 37,
        "min": 1,
        "var": 23.658657074
    },
    "spectral_decrease": {
        "dmean": 1.40804812254e-09,
        "dmean2": 2.45193065851e-09,
        "dvar": 1.36351056306e-18,
        "dvar2": 4.55680440489e-18,
        "max": -2.00235716896e-10,
        "mean": -6.67742705573e-09,
        "median": -6.43895869956e-09,
        "min": -1.31701494155e-08,
        "var": 2.72750957627e-18
    },
    "spectral_energy": {
        "dmean": 0.00548037840053,
        "dmean2": 0.00947143137455,
        "dvar": 2.00855774892e-05,
        "dvar2": 6.72369860695e-05,
        "max": 0.0517132356763,
        "mean": 0.0282031241804,
        "median": 0.0274389348924,
        "min": 0.000806393043604,
        "var": 3.76673669962e-05
    },
    "spectral_energyband_high": {
        "dmean": 0.000122851706692,
        "dmean2": 0.000200799084269,
        "dvar": 1.41283358346e-08,
        "dvar2": 3.53574485246e-08,
        "max": 0.00152119167615,
        "mean": 0.000441027194029,
        "median": 0.000398031552322,
        "min": 1.09294232971e-05,
        "var": 4.13589695825e-08
    },
    "spectral_energyband_low": {
        "dmean": 0.000949493842199,
        "dmean2": 0.00159832101781,
        "dvar": 9.7406268651e-07,
        "dvar2": 2.4002815735e-06,
        "max": 0.0116036841646,
        "mean": 0.00185483042151,
        "median": 0.00145591166802,
        "min": 0.000125692240545,
        "var": 2.22763424063e-06
    },
    "spectral_energyband_middle_high": {
        "dmean": 0.00214814208448,
        "dmean2": 0.00346106966026,
        "dvar": 3.25787232214e-06,
        "dvar2": 8.10000074125e-06,
        "max": 0.0224125701934,
        "mean": 0.0118070254102,
        "median": 0.0117668546736,
        "min": 0.000183083480806,
        "var": 1.43294582813e-05
    },
    "spectral_energyband_middle_low": {
        "dmean": 0.00560570182279,
        "dmean2": 0.00990515574813,
        "dvar": 2.2870110115e-05,
        "dvar2": 7.357562572e-05,
        "max": 0.047136940062,
        "mean": 0.0144177386537,
        "median": 0.0122688300908,
        "min": 0.000426124082878,
        "var": 6.94928967278e-05
    },
    "spectral_entropy": {
        "dmean": 0.0659116581082,
        "dmean2": 0.112546287477,
        "dvar": 0.00284673576243,
        "dvar2": 0.00868439115584,
        "max": 7.77257585526,
        "mean": 7.47616386414,
        "median": 7.49295186996,
        "min": 7.07327461243,
        "var": 0.00921983644366
    },
    "spectral_flux": {
        "dmean": 0.0113848485053,
        "dmean2": 0.0182158332318,
        "dvar": 9.2745947768e-05,
        "dvar2": 0.000239990244154,
        "max": 0.142621859908,
        "mean": 0.0872927978635,
        "median": 0.0869265198708,
        "min": 0.049333319068,
        "var": 0.000225844894885
    },
    "spectral_kurtosis": {
        "dmean": 3.38825464249,
        "dmean2": 6.0964422226,
        "dvar": 6.49463748932,
        "dvar2": 20.7049827576,
        "max": 15.3711986542,
        "mean": 5.67782449722,
        "median": 5.20057201385,
        "min": 0.644649028778,
        "var": 9.11600494385
    },
    "spectral_rms": {
        "dmean": 0.00050770730013,
        "dmean2": 0.000871458905749,
        "dvar": 1.77321140882e-07,
        "dvar2": 5.30623935902e-07,
        "max": 0.00710295280442,
        "mean": 0.00521346600726,
        "median": 0.00517394347116,
        "min": 0.000886975147296,
        "var": 3.35035622356e-07
    },
    "spectral_rolloff": {
        "dmean": 313.90625,
        "dmean2": 549.755493164,
        "dvar": 109956.898438,
        "dvar2": 360283,
        "max": 3402.24609375,
        "mean": 2493.35253906,
        "median": 2583.984375,
        "min": 236.865234375,
        "var": 307501.46875
    },
    "spectral_skewness": {
        "dmean": 0.31822347641,
        "dmean2": 0.560560166836,
        "dvar": 0.059273481369,
        "dvar2": 0.191773742437,
        "max": 2.33947515488,
        "mean": 0.763016819954,
        "median": 0.719893872738,
        "min": 0.205530688167,
        "var": 0.0885572955012
    },
    "spectral_spread": {
        "dmean": 159931.890625,
        "dmean2": 270343.46875,
        "dvar": 14949920768,
        "dvar2": 41151193088,
        "max": 3130750.75,
        "mean": 2092808,
        "median": 2074749.625,
        "min": 1601719.5,
        "var": 40601690112
    },
    "spectral_strongpeak": {
        "dmean": 0.530080854893,
        "dmean2": 0.923465251923,
        "dvar": 0.796569705009,
        "dvar2": 2.1503944397,
        "max": 6.02134609222,
        "mean": 1.04005408287,
        "median": 0.923476338387,
        "min": 0,
        "var": 0.615876793861
    },
    "zerocrossingrate": {
        "dmean": 0.00602303957567,
        "dmean2": 0.00782065279782,
        "dvar": 2.33307309827e-05,
        "dvar2": 3.59498226317e-05,
        "max": 0.1064453125,
        "mean": 0.0701933652163,
        "median": 0.0732421875,
        "min": 0.01025390625,
        "var": 0.000311899872031
    },
    "barkbands": {
        "dmean": [9.33039063966e-06, 0.000837746774778, 0.000241148081841, 0.000373742921511, 0.00536582339555, 0.00076691294089, 0.000305808818666, 0.000144891484524, 0.000444519537268, 0.000380809331546, 0.000199093934498, 0.000338393670972, 5.11883336003e-05, 0.000527459080331, 0.000426450744271, 0.000967773259617, 0.00120098015759, 0.000500838155858, 0.000485875585582, 0.000192182138562, 9.6225157904e-05, 1.61102780112e-05, 4.90897093641e-07, 9.68075823948e-07, 4.35715179492e-07, 7.07405689582e-08, 4.93151164349e-09],
        "dmean2": [1.57627091539e-05, 0.00141939974856, 0.000426248647273, 0.000616677803919, 0.00945197697729, 0.00136296509299, 0.000527411000803, 0.000248686963459, 0.000744155899156, 0.000586073263548, 0.000343229388818, 0.000573703262489, 8.74113975442e-05, 0.000851213175338, 0.00071989314165, 0.00165478652343, 0.00204110960476, 0.000863757391926, 0.000809803255834, 0.000326777691953, 0.000158002701937, 2.61612822214e-05, 8.26562825296e-07, 1.61799721354e-06, 7.29774001229e-07, 1.17639842756e-07, 8.89013396232e-09],
        "dvar": [2.37544622861e-10, 7.12442215445e-07, 1.00655270785e-07, 3.91669544797e-07, 2.34302187891e-05, 1.68686221969e-06, 2.11941767247e-07, 1.03183538158e-07, 7.73572480739e-07, 1.01116859241e-06, 5.92914624065e-08, 1.07538191685e-07, 2.44019138229e-09, 3.53250072749e-07, 1.70738033489e-07, 8.81922687768e-07, 1.06978495751e-06, 2.10414924595e-07, 2.07007175845e-07, 2.77318736863e-08, 1.10657207841e-08, 4.21527590611e-10, 2.36160619055e-13, 1.41166201992e-12, 4.81885961256e-13, 1.24860389836e-14, 1.07404730624e-15],
        "dvar2": [5.18007137185e-10, 1.8883517896e-06, 2.8450699574e-07, 8.06820935395e-07, 7.50119288568e-05, 5.95977326157e-06, 5.66108496969e-07, 2.78769391571e-07, 1.96389919438e-06, 2.18978289013e-06, 1.49000968008e-07, 2.63124690036e-07, 6.67808830457e-09, 9.0055812052e-07, 4.33469068639e-07, 2.11262954508e-06, 2.95160975838e-06, 5.79719312555e-07, 5.6915780533e-07, 7.91940664158e-08, 2.85011232393e-08, 1.00264541114e-09, 6.53507087854e-13, 3.98086294831e-12, 1.18181105093e-12, 3.76919259964e-14, 2.18330746616e-15],
        "max": [0.00033967368654, 0.00751284137368, 0.00325360661373, 0.0117455348372, 0.0463521331549, 0.0116820000112, 0.00358158582821, 0.00413603242487, 0.0150676993653, 0.0140893654898, 0.00243207183667, 0.00342677463777, 0.000672770955134, 0.00571360113099, 0.00461282301694, 0.0108340838924, 0.00930877961218, 0.00508740358055, 0.00546759879217, 0.0017699773889, 0.00134013721254, 0.000219256369746, 7.33645811124e-06, 2.10624475585e-05, 7.82747883932e-06, 2.5723629733e-06, 7.6590123399e-07],
        "mean": [1.715709368e-05, 0.00127990171313, 0.00033907906618, 0.000543893140275, 0.0111016258597, 0.00130698713474, 0.000377521413611, 0.000192181905732, 0.00068530603312, 0.00061600562185, 0.000325513596181, 0.000605612178333, 0.000102544458059, 0.00109289761167, 0.00098535255529, 0.00231321854517, 0.00276279915124, 0.00134094979148, 0.00137194769923, 0.000528263102751, 0.000271634926321, 3.73574112018e-05, 1.40998906772e-06, 2.72733495876e-06, 1.03980323729e-06, 2.19318494032e-07, 1.48628682695e-08],
        "median": [4.98410827277e-06, 0.000968781183474, 0.000232322039665, 0.000267955212621, 0.00791004486382, 0.000357086129952, 0.000209496676689, 9.36955111683e-05, 0.000486360688228, 0.000225218987907, 0.000230379315326, 0.000463025324279, 8.60653744894e-05, 0.000841934524942, 0.000857103674207, 0.00199032225646, 0.00240588956513, 0.00124767213129, 0.00125601224136, 0.000468730926514, 0.000226123127504, 2.82535220322e-05, 1.20888500987e-06, 2.29721149481e-06, 5.15529848144e-07, 1.53027798433e-07, 1.09123954317e-08],
        "min": [9.36902608828e-08, 1.76242247107e-05, 9.68962376646e-06, 4.70553032983e-07, 0.00020091283659, 7.63051593822e-06, 8.56175029185e-06, 5.67982078792e-06, 1.60664221767e-05, 6.23886717221e-06, 2.13393414015e-05, 8.10004712548e-06, 5.91877778788e-06, 3.52202587237e-05, 2.82084420178e-05, 1.57732029038e-05, 3.29275462718e-05, 1.06104880615e-05, 4.04328829973e-06, 1.49424558913e-05, 2.18061541091e-06, 1.23657480344e-06, 3.0701966125e-07, 5.69858684685e-07, 9.89327872958e-08, 4.04294659972e-08, 4.04345890104e-09],
        "var": [1.66354130471e-09, 1.22305436889e-06, 1.3847147784e-07, 8.88016984391e-07, 8.50637734402e-05, 4.39100267613e-06, 2.22144734607e-07, 1.23002450891e-07, 8.31668444334e-07, 2.44950501838e-06, 9.14271041097e-08, 2.2185348314e-07, 4.28953095266e-09, 8.40673749281e-07, 3.21345368093e-07, 1.70893633822e-06, 2.2213637294e-06, 4.01577892717e-07, 4.08017768905e-07, 5.81631987018e-08, 2.76756466633e-08, 7.7657086317e-10, 6.51048334167e-13, 3.06679247969e-12, 1.47922136779e-12, 7.07923845412e-14, 2.11505482182e-15]
    },
    "erbbands": {
        "dmean": [0.0202584024519, 0.202170848846, 0.267262011766, 0.720782160759, 10.0589036942, 23.6290397644, 3.9929265976, 7.11039543152, 2.34846782684, 5.76696538925, 4.1122841835, 10.1973361969, 12.7151136398, 9.91078567505, 8.93248271942, 13.3494987488, 2.0889518261, 15.8156299591, 21.4488220215, 35.947719574, 52.012928009, 67.0930404663, 25.6118297577, 31.4852752686, 15.5470142365, 8.99816799164, 3.94251894951, 2.47267007828, 0.677823007107, 0.121123112738, 0.0160628091544, 0.0217179302126, 0.0141924386844, 0.00560920219868, 0.000463244272396, 0.000389506225474, 0.000120909593534, 7.61094815971e-06, 2.95744598588e-06, 6.15335238763e-06],
        "dmean2": [0.0334874875844, 0.347135961056, 0.481161266565, 1.17112994194, 17.5956611633, 41.5719223022, 7.19578742981, 12.4999055862, 3.94049167633, 9.98288536072, 6.9682674408, 17.401889801, 20.3099212646, 16.1055278778, 15.0703706741, 22.3227539062, 3.4174311161, 25.2839546204, 35.8951797485, 60.4554367065, 86.8639907837, 114.71572876, 42.9865493774, 52.598865509, 25.8932991028, 15.1194486618, 6.45482492447, 4.09266996384, 1.09992003441, 0.193443864584, 0.0271056462079, 0.0359761789441, 0.02372870408, 0.00934189371765, 0.000778558896855, 0.000654340838082, 0.00020621510339, 1.31189854073e-05, 5.0629537327e-06, 1.05863427962e-05],
        "dvar": [0.000564239104278, 0.040119279176, 0.10710311681, 1.38759768009, 96.9504241943, 444.960662842, 22.9798431396, 135.983428955, 13.0274591446, 95.2684707642, 89.2107315063, 267.821624756, 1583.94470215, 560.839172363, 98.6656036377, 174.912841797, 3.86588144302, 293.999694824, 416.601074219, 1862.51049805, 1977.01525879, 3794.76586914, 434.754760742, 870.361816406, 187.530731201, 61.7833328247, 15.4565954208, 7.21714258194, 0.750071406364, 0.0303571242839, 0.000259167281911, 0.000902159546968, 0.000223271854338, 4.73498439533e-05, 2.17167979599e-07, 3.05755122554e-07, 4.80810946613e-08, 5.09211006694e-10, 2.40727507372e-11, 2.47001065434e-11],
        "dvar2": [0.00142129999585, 0.108029074967, 0.300865679979, 2.36078310013, 302.235839844, 1394.83679199, 83.2003173828, 453.996551514, 34.8081169128, 247.323776245, 199.996047974, 623.361633301, 4229.5, 1669.01501465, 261.149414062, 428.867858887, 10.2630681992, 756.140625, 1061.06884766, 4393.60742188, 5528.66259766, 10627.7060547, 1125.4855957, 2555.32641602, 535.723083496, 170.129486084, 40.2705726624, 18.8510913849, 1.74679899216, 0.0677162706852, 0.000664831663016, 0.00251980964094, 0.000640532467514, 0.000117766270705, 4.68603360559e-07, 8.02998556537e-07, 1.55724848128e-07, 1.10839737388e-09, 5.75411072956e-11, 8.11162942371e-11],
        "max": [0.27609488368, 1.54445755482, 3.119546175, 26.1569824219, 119.136772156, 158.329284668, 39.2314758301, 113.939865112, 39.6021652222, 89.8680267334, 191.764602661, 262.08782959, 529.301147461, 320.628204346, 92.5061569214, 138.960067749, 19.6291542053, 180.408981323, 218.390304565, 683.299316406, 418.109466553, 572.64630127, 224.76524353, 332.032623291, 170.032958984, 89.4764022827, 43.8956451416, 35.5610618591, 9.68722438812, 2.10899949074, 0.241254195571, 0.57902687788, 0.194546446204, 0.0935508832335, 0.0111167486757, 0.0132300546393, 0.00407851673663, 0.000477543770103, 0.000123553472804, 5.86610112805e-05],
        "mean": [0.0331092588603, 0.299695849419, 0.442238509655, 1.64169359207, 25.8703975677, 38.496307373, 7.02958869934, 13.293088913, 3.79188656807, 7.02233982086, 6.23061275482, 16.1330223083, 18.6564350128, 15.2023630142, 17.937921524, 23.50258255, 6.22997283936, 35.6609039307, 55.8704528809, 82.9306335449, 134.148651123, 152.720672607, 79.5772323608, 89.1352539062, 48.0801429749, 25.9068927765, 12.1903743744, 7.00324487686, 1.73123979568, 0.277600437403, 0.0515638254583, 0.0605728290975, 0.0414362922311, 0.0177152063698, 0.00191740191076, 0.00130416557658, 0.000340151193086, 2.55362301687e-05, 1.95283937501e-05, 3.57079152309e-05],
        "median": [0.0235670115799, 0.213848307729, 0.340899169445, 1.15340745449, 15.9725561142, 28.1961345673, 5.03358411789, 3.45577120781, 2.65358114243, 3.97689890862, 3.53143167496, 11.6373758316, 6.8718419075, 8.20720767975, 15.3309345245, 17.3790187836, 5.74078559875, 28.0690536499, 49.6769866943, 71.3053970337, 120.612289429, 134.443832397, 75.2595367432, 83.6868591309, 45.15858078, 23.182308197, 10.5206804276, 5.92406415939, 1.34920978546, 0.21110381186, 0.0451074428856, 0.0503963716328, 0.0344208963215, 0.0117724239826, 0.00155823805835, 0.000935899326578, 0.000227577635087, 1.94160493265e-05, 1.89754337043e-05, 3.49645670212e-05],
        "min": [0.000794253021013, 0.00916924420744, 0.0280382148921, 0.115297935903, 0.69550961256, 0.82556438446, 0.237154006958, 0.134457692504, 0.129673674703, 0.194720000029, 0.152271404862, 0.401437908411, 0.138628512621, 0.52481675148, 0.950986862183, 0.242243155837, 0.273616671562, 1.66710948944, 1.30498588085, 1.30518949032, 0.98794823885, 1.93348574638, 0.79531031847, 0.280151337385, 0.430518805981, 0.668668985367, 0.19159707427, 0.0346729159355, 0.0465115122497, 0.0328588150442, 0.0120602287352, 0.0103217242286, 0.00648822216317, 0.00187495467253, 0.000427607214078, 0.000264539732598, 8.15788807813e-05, 7.41452822695e-06, 1.0341410416e-05, 1.15863595056e-05],
        "var": [0.00099449371919, 0.0691572278738, 0.148848846555, 4.00346899033, 605.15032959, 1004.50372314, 37.9738464355, 459.028839111, 15.2262973785, 90.5522079468, 133.714263916, 348.237884521, 2346.67114258, 775.04901123, 169.449264526, 365.22543335, 8.6765832901, 786.306884766, 954.553466797, 2918.08911133, 4362.61230469, 6974.96630859, 1173.28759766, 1651.76086426, 417.830413818, 137.069091797, 42.198764801, 17.4672412872, 1.48191463947, 0.0503160506487, 0.000772006693296, 0.00190138071775, 0.000677396485116, 0.00024141233007, 1.78916741334e-06, 2.12647682929e-06, 1.67270712836e-07, 1.21076026982e-09, 4.29489291354e-11, 4.16466930386e-11]
    },
    "gfcc": {
        "mean": [-9.66003799438, 133.05632019, -184.607345581, 60.4195480347, -25.92029953, -21.0987148285, -30.0718727112, -4.01535177231, -25.1907920837, -14.6219034195, -16.6753635406, -10.9871616364, 9.48893451691],
        "cov": [[218.966659546, -23.0502243042, -61.5849533081, -25.8599205017, -39.2344436646, 39.2277374268, 14.5665283203, 61.4150466919, 39.371509552, 41.7963409424, 18.6821250916, 40.7588119507, 12.0230064392], [-23.0502243042, 146.879104614, 15.3852920532, -16.6387443542, -2.48344564438, -46.2853355408, 13.5907068253, -26.0763130188, 20.7461605072, 15.5791540146, 38.8242073059, -3.38714170456, -0.0652348250151], [-61.5849533081, 15.3852920532, 87.5254898071, 26.7634620667, 18.3412857056, -9.29273891449, -24.3564853668, -19.7999134064, -21.0637626648, -22.1772918701, -12.2922172546, -9.2974395752, -13.3070030212], [-25.8599205017, -16.6387443542, 26.7634620667, 88.2253875732, 49.4941062927, 4.94568109512, -12.4159584045, -23.4478473663, -8.86364459991, -0.565297782421, 2.39573717117, -11.4802160263, 2.57886099815], [-39.2344436646, -2.48344564438, 18.3412857056, 49.4941062927, 70.2497329712, 18.7033977509, -5.33912086487, -21.1886024475, -12.5100831985, -2.4117000103, 1.9257953167, -9.57576847076, -1.44971203804], [39.2277374268, -46.2853355408, -9.29273891449, 4.94568109512, 18.7033977509, 83.7570953369, 32.9246826172, 33.0565910339, -1.50882911682, -13.6621265411, -17.1840877533, 1.42710113525, 3.26953792572], [14.5665283203, 13.5907068253, -24.3564853668, -12.4159584045, -5.33912086487, 32.9246826172, 57.3862533569, 30.3117675781, 11.8715410233, -2.76021265984, -7.3581943512, -6.31390571594, 5.04376554489], [61.4150466919, -26.0763130188, -19.7999134064, -23.4478473663, -21.1886024475, 33.0565910339, 30.3117675781, 77.3253555298, 33.0531387329, 12.0712327957, -4.75562000275, 6.92713212967, 7.35020256042], [39.371509552, 20.7461605072, -21.0637626648, -8.86364459991, -12.5100831985, -1.50882911682, 11.8715410233, 33.0531387329, 56.7138023376, 45.2855072021, 24.4914665222, 15.5216522217, 5.5086979866], [41.7963409424, 15.5791540146, -22.1772918701, -0.565297782421, -2.4117000103, -13.6621265411, -2.76021265984, 12.0712327957, 45.2855072021, 81.7256164551, 50.2214012146, 32.6909217834, 9.78414058685], [18.6821250916, 38.8242073059, -12.2922172546, 2.39573717117, 1.9257953167, -17.1840877533, -7.3581943512, -4.75562000275, 24.4914665222, 50.2214012146, 66.5162506104, 36.3391647339, 8.33050537109], [40.7588119507, -3.38714170456, -9.2974395752, -11.4802160263, -9.57576847076, 1.42710113525, -6.31390571594, 6.92713212967, 15.5216522217, 32.6909217834, 36.3391647339, 59.0129127502, 15.0785684586], [12.0230064392, -0.0652348250151, -13.3070030212, 2.57886099815, -1.44971203804, 3.26953792572, 5.04376554489, 7.35020256042, 5.5086979866, 9.78414058685, 8.33050537109, 15.0785684586, 42.0788116455]],
        "icov": [[0.0146143352613, -0.0136121939868, 0.0151889231056, -0.0113732833415, 0.0124315945432, -0.0148940403014, 0.0182335972786, -0.015087608248, 0.0114030130208, -0.0106488466263, 0.0130172222853, -0.0111809363589, 0.00575180910528], [-0.0136121939868, 0.0391217805445, -0.0273769702762, 0.0238746944815, -0.0183341763914, 0.0272207781672, -0.0389901772141, 0.0297011397779, -0.0310227703303, 0.0221367813647, -0.0348730236292, 0.0208945535123, -0.0111015122384], [0.0151889231056, -0.0273769702762, 0.0386122092605, -0.0224405992776, 0.0143094081432, -0.0201214756817, 0.0349787175655, -0.0253517180681, 0.0237512998283, -0.0135305728763, 0.0264108832926, -0.019201207906, 0.0131844691932], [-0.0113732833415, 0.0238746944815, -0.0224405992776, 0.0366499461234, -0.0254909228534, 0.0170457679778, -0.0230982918292, 0.0224706828594, -0.0217173341662, 0.0135233690962, -0.0228365622461, 0.0184634514153, -0.0118117472157], [0.0124315945432, -0.0183341763914, 0.0143094081432, -0.0254909228534, 0.0419820547104, -0.0268064234406, 0.0223757717758, -0.0102015500888, 0.0174958780408, -0.0156922675669, 0.0125753674656, -0.00656826468185, 0.00635855086148], [-0.0148940403014, 0.0272207781672, -0.0201214756817, 0.0170457679778, -0.0268064234406, 0.046709895134, -0.039884198457, 0.0123425573111, -0.016895679757, 0.0193939637393, -0.0184336770326, 0.00747799687088, -0.00636612856761], [0.0182335972786, -0.0389901772141, 0.0349787175655, -0.0230982918292, 0.0223757717758, -0.039884198457, 0.0710573717952, -0.0361939296126, 0.0267543457448, -0.0202344432473, 0.03178935498, -0.0151241514832, 0.00921044312418], [-0.015087608248, 0.0297011397779, -0.0253517180681, 0.0224706828594, -0.0102015500888, 0.0123425573111, -0.0361939296126, 0.0543300174177, -0.0414165966213, 0.0189872514457, -0.0223939027637, 0.0176259800792, -0.0123753342777], [0.0114030130208, -0.0310227703303, 0.0237512998283, -0.0217173341662, 0.0174958780408, -0.016895679757, 0.0267543457448, -0.0414165966213, 0.0724544301629, -0.0402338840067, 0.0253897756338, -0.014515674673, 0.01152398251], [-0.0106488466263, 0.0221367813647, -0.0135305728763, 0.0135233690962, -0.0156922675669, 0.0193939637393, -0.0202344432473, 0.0189872514457, -0.0402338840067, 0.0509449988604, -0.0352473892272, 0.00764909153804, -0.00731098279357], [0.0130172222853, -0.0348730236292, 0.0264108832926, -0.0228365622461, 0.0125753674656, -0.0184336770326, 0.03178935498, -0.0223939027637, 0.0253897756338, -0.0352473892272, 0.0695418640971, -0.0357644334435, 0.0118653839454], [-0.0111809363589, 0.0208945535123, -0.019201207906, 0.0184634514153, -0.00656826468185, 0.00747799687088, -0.0151241514832, 0.0176259800792, -0.014515674673, 0.00764909153804, -0.0357644334435, 0.0471241176128, -0.0157343558967], [0.00575180910528, -0.0111015122384, 0.0131844691932, -0.0118117472157, 0.00635855086148, -0.00636612856761, 0.00921044312418, -0.0123753342777, 0.01152398251, -0.00731098279357, 0.0118653839454, -0.0157343558967, 0.032249558717]]
    },
    "melbands": {
        "dmean": [0.000219004723476, 0.000169531675056, 0.000247129501076, 0.00152009737212, 0.000224423012696, 0.00015290567535, 4.56460293208e-05, 5.52006531507e-05, 4.43987737526e-05, 6.40797370579e-05, 6.39094141661e-05, 4.48271603091e-05, 3.03000178974e-05, 4.7789686505e-05, 1.07512278191e-05, 7.63594835007e-06, 3.73419425159e-05, 4.30834043073e-05, 3.80696837965e-05, 5.93897711951e-05, 6.75414630678e-05, 7.37653244869e-05, 4.52014683106e-05, 2.42869573412e-05, 2.96796770272e-05, 1.48080771396e-05, 1.04541322798e-05, 5.20075627719e-06, 1.66862423612e-06, 4.37267271991e-06, 7.94073571342e-07, 4.71783806688e-07, 2.32939910916e-07, 2.03877590366e-08, 9.64256674507e-09, 1.1998398719e-08, 1.4921347713e-08, 1.0228898617e-08, 1.34349296133e-08, 3.1549896029e-09],
        "dmean2": [0.000367308908608, 0.000297602207866, 0.000420754251536, 0.00267585017718, 0.000393697031541, 0.000269784970442, 7.77121967985e-05, 9.48019587668e-05, 7.53851782065e-05, 0.000108048254333, 0.000101473495306, 7.31403124519e-05, 5.24323622813e-05, 8.14698723843e-05, 1.76972589543e-05, 1.29827967612e-05, 6.01938700129e-05, 7.14418565622e-05, 6.56185875414e-05, 9.91336055449e-05, 0.000115789502161, 0.000126628816361, 7.5597941759e-05, 4.18211056967e-05, 4.97888868267e-05, 2.5027371521e-05, 1.77669280674e-05, 8.57483519212e-06, 2.79307232631e-06, 7.18887031326e-06, 1.31670174142e-06, 7.72485236666e-07, 3.79806550654e-07, 3.37525492e-08, 1.67459628386e-08, 1.99838385839e-08, 2.50281519953e-08, 1.72119527519e-08, 2.19654623379e-08, 5.30595345438e-09],
        "dvar": [5.22449852269e-08, 3.26238094317e-08, 8.70520793228e-08, 1.91545655071e-06, 3.51170577062e-08, 6.42691233566e-08, 4.74154404628e-09, 9.12560338406e-09, 1.25788277572e-08, 1.00652588486e-08, 3.80462203964e-08, 1.40128184611e-08, 1.51155543637e-09, 2.13035233898e-09, 1.04043433591e-10, 5.76822721532e-11, 1.76896763904e-09, 1.88580218108e-09, 1.61405522281e-09, 4.27232249578e-09, 3.81693165963e-09, 4.52859616473e-09, 1.46228407161e-09, 5.28600885286e-10, 7.87590104245e-10, 1.89882845558e-10, 9.12805733777e-11, 2.04788373759e-11, 2.39192519957e-12, 2.93200255741e-11, 7.81226862714e-13, 4.02690494882e-13, 1.12247430589e-13, 8.17950653345e-16, 8.24832279881e-17, 2.07176119441e-16, 4.37979878839e-16, 1.30600622005e-16, 3.31153751127e-16, 1.41848471774e-17],
        "dvar2": [1.34987374167e-07, 9.23065357483e-08, 2.20839694975e-07, 6.23067717243e-06, 1.14814028507e-07, 2.19919400024e-07, 1.26950565615e-08, 2.3472113142e-08, 2.94874524798e-08, 2.44503475244e-08, 9.81110659382e-08, 4.32546585216e-08, 3.83907661217e-09, 5.27114263349e-09, 2.58456894775e-10, 1.56709048516e-10, 4.43693393137e-09, 4.81209738723e-09, 3.74636632827e-09, 1.01037542777e-08, 1.05131308104e-08, 1.29307018426e-08, 3.88281318209e-09, 1.41498590622e-09, 2.30756569408e-09, 4.9579340633e-10, 2.68305655471e-10, 6.05519731578e-11, 6.13433609464e-12, 7.4942031747e-11, 2.04541548629e-12, 9.74602776954e-13, 2.64571350939e-13, 1.74329566116e-15, 2.32140364154e-16, 5.55185310058e-16, 1.25155830693e-15, 3.65766958423e-16, 8.39244320486e-16, 3.69065754706e-17],
        "max": [0.00233377842233, 0.00147779216059, 0.00403923913836, 0.0127850910649, 0.00127808528487, 0.00240212772042, 0.000632028328255, 0.000931994756684, 0.00236364942975, 0.00145779631566, 0.00262421160005, 0.0014669180382, 0.000394679489546, 0.000485412252601, 0.000103381185909, 8.16942047095e-05, 0.00044484261889, 0.000483784911921, 0.000458904309198, 0.000955822237302, 0.000567572948057, 0.000626199354883, 0.000409559143009, 0.000244025344728, 0.000290542549919, 0.000159951043315, 9.55846771831e-05, 4.74277367175e-05, 1.8596456357e-05, 6.89547523507e-05, 1.35582113217e-05, 7.23220409782e-06, 3.90874811274e-06, 4.28327979307e-07, 9.72010596456e-08, 2.71245397698e-07, 3.8284511561e-07, 1.70244476294e-07, 2.2195740712e-07, 4.79211870186e-08],
        "mean": [0.000341494567692, 0.000292313459795, 0.000640742771793, 0.00303768413141, 0.000373338058125, 0.000273520126939, 6.35874821455e-05, 6.7839428084e-05, 6.04921042395e-05, 0.000102588477603, 9.24519190448e-05, 6.283759285e-05, 5.15542487847e-05, 8.2186612417e-05, 2.15421077883e-05, 1.53499586304e-05, 7.89346158854e-05, 9.77981762844e-05, 9.04540866031e-05, 0.000132416404085, 0.000162272030138, 0.000159088071086, 0.000107405307062, 6.14840682829e-05, 7.6340722444e-05, 4.05888677051e-05, 2.8042753911e-05, 1.3484426745e-05, 4.97785913467e-06, 1.02405319922e-05, 2.0491675059e-06, 1.03250715711e-06, 4.26705867085e-07, 4.43219008162e-08, 2.3458358811e-08, 3.13839976229e-08, 3.86544307673e-08, 2.62459476374e-08, 3.39724017806e-08, 8.03036126484e-09],
        "median": [0.00025664025452, 0.00022635771893, 0.000368899258319, 0.0021217558533, 0.00030042140861, 6.92279281793e-05, 3.84753620892e-05, 3.83572223654e-05, 3.41453742294e-05, 7.3894741945e-05, 3.20033504977e-05, 3.04718669213e-05, 3.7945836084e-05, 6.32929222775e-05, 1.67424805113e-05, 1.31855140353e-05, 6.03464359301e-05, 8.38298583403e-05, 7.76201995905e-05, 0.000111177592771, 0.000145833575516, 0.000139465060784, 9.52010523179e-05, 5.5061547755e-05, 6.98525691405e-05, 3.81675126846e-05, 2.561135625e-05, 1.20229633467e-05, 4.43592080046e-06, 7.97715529188e-06, 1.73114619884e-06, 7.75759247063e-07, 2.86719739506e-07, 3.36210916885e-08, 2.01504430919e-08, 2.63395776301e-08, 3.16742898576e-08, 2.15760866951e-08, 1.98715710553e-08, 5.46769296506e-09],
        "min": [5.79611332796e-06, 1.04266564449e-05, 2.17175602302e-05, 5.88321745454e-05, 1.31771876113e-05, 1.41657551467e-06, 1.70569433067e-06, 2.49456206802e-06, 1.47207663304e-06, 2.44090597334e-06, 5.9686107079e-07, 1.91827552953e-06, 3.43871988662e-06, 1.26789859678e-06, 2.50879537589e-07, 9.85682163446e-07, 3.49141510014e-06, 2.00526960725e-06, 2.37141171056e-06, 1.34378456096e-06, 9.78702018983e-07, 2.28161979976e-06, 9.29330269628e-07, 5.63823789435e-07, 1.76086459192e-07, 1.55911720867e-07, 6.2351722363e-07, 3.63818088545e-07, 1.36865480727e-07, 4.74617927182e-08, 1.00909085532e-08, 2.9995476325e-08, 2.0288593916e-08, 9.33701382877e-09, 4.09139522262e-09, 5.42456035646e-09, 5.88750959096e-09, 4.36781011359e-09, 2.34213026751e-09, 1.01427899413e-09],
        "var": [8.9702034245e-08, 5.43780274143e-08, 4.13007029465e-07, 6.4964892772e-06, 6.6607221072e-08, 1.97171786454e-07, 5.26712273796e-09, 8.79741968163e-09, 1.57750168484e-08, 1.32177833123e-08, 6.15235720147e-08, 1.68414793222e-08, 2.17656781487e-09, 4.19195966828e-09, 2.43189274274e-10, 8.99350732775e-11, 4.64859661875e-09, 4.15636947082e-09, 2.97340174704e-09, 7.46202477586e-09, 7.14880910024e-09, 8.04471955718e-09, 3.16500403663e-09, 9.42658395786e-10, 1.38764522095e-09, 3.62890856254e-10, 1.73218522859e-10, 4.12206345446e-11, 6.34660986959e-12, 6.41949479685e-11, 1.679985903e-12, 6.98232921134e-13, 1.56836105518e-13, 1.42448505943e-15, 1.85652443151e-16, 4.838674123e-16, 8.41658417325e-16, 3.17707817774e-16, 1.2742152736e-15, 5.15171228784e-17]
    },
    "mfcc": {
        "mean": [-628.047241211, 144.600189209, -76.2305755615, 66.9047546387, 10.9483737946, -2.48289394379, 3.63668751717, -3.75132894516, 8.10935020447, -8.74406337738, -12.7536458969, -7.71347618103, -13.8276929855],
        "cov": [[281.695343018, -35.3932266235, -41.9785652161, -65.6928100586, -37.6618309021, -25.9267959595, -11.1591243744, 20.939201355, 32.7897911072, 9.88151550293, 43.4046821594, 23.4854373932, 38.7610397339], [-35.3932266235, 146.07800293, 7.2627081871, 10.2130346298, -30.8047771454, -10.3566846848, -18.3502044678, -20.993637085, -30.4390869141, 13.7871217728, -3.83240151405, 18.6398696899, 13.2776823044], [-41.9785652161, 7.2627081871, 70.080039978, 6.63360357285, 12.5010643005, -7.15234804153, -2.7316224575, 7.35477113724, -3.5060031414, -12.2056217194, -7.90781593323, -4.95692300797, 0.694339513779], [-65.6928100586, 10.2130346298, 6.63360357285, 94.8552474976, 39.9854507446, 21.9598674774, -4.77489233017, -35.5435218811, -25.5844554901, -1.2798448801, -9.79734706879, 8.20575809479, -4.98802232742], [-37.6618309021, -30.8047771454, 12.5010643005, 39.9854507446, 79.3712997437, 29.7849197388, 11.1024541855, -9.18617343903, -10.1279249191, -9.05249595642, -8.45704650879, 2.1391544342, -0.465477377176], [-25.9267959595, -10.3566846848, -7.15234804153, 21.9598674774, 29.7849197388, 61.9664421082, 19.7766265869, -0.618971168995, -9.68157958984, -4.14840936661, 0.31105312705, -9.56482791901, -5.71164274216], [-11.1591243744, -18.3502044678, -2.7316224575, -4.77489233017, 11.1024541855, 19.7766265869, 54.3636665344, 22.8224830627, 18.602104187, -5.00171661377, -4.31194067001, -8.43414592743, -10.3515796661], [20.939201355, -20.993637085, 7.35477113724, -35.5435218811, -9.18617343903, -0.618971168995, 22.8224830627, 60.4861946106, 31.2625904083, 0.476737737656, 0.560142159462, -11.3651275635, -3.78293633461], [32.7897911072, -30.4390869141, -3.5060031414, -25.5844554901, -10.1279249191, -9.68157958984, 18.602104187, 31.2625904083, 70.6642456055, 18.1899414062, 9.22198486328, -9.86018466949, -9.99496364594], [9.88151550293, 13.7871217728, -12.2056217194, -1.2798448801, -9.05249595642, -4.14840936661, -5.00171661377, 0.476737737656, 18.1899414062, 46.6501121521, 15.4291086197, 9.31116294861, -0.784143745899], [43.4046821594, -3.83240151405, -7.90781593323, -9.79734706879, -8.45704650879, 0.31105312705, -4.31194067001, 0.560142159462, 9.22198486328, 15.4291086197, 39.5163002014, 16.9180088043, 15.7372598648], [23.4854373932, 18.6398696899, -4.95692300797, 8.20575809479, 2.1391544342, -9.56482791901, -8.43414592743, -11.3651275635, -9.86018466949, 9.31116294861, 16.9180088043, 54.2400093079, 29.5458641052], [38.7610397339, 13.2776823044, 0.694339513779, -4.98802232742, -0.465477377176, -5.71164274216, -10.3515796661, -3.78293633461, -9.99496364594, -0.784143745899, 15.7372598648, 29.5458641052, 52.6877937317]],
