{
"lowlevel": {
    "average_loudness": 0.985267519951,
    "barkbands_crest": {
        "dmean": 2.14793872833,
        "dmean2": 3.6685526371,
        "dvar": 3.6504740715,
        "dvar2": 8.51480293274,
        "max": 19.5199012756,
        "mean": 6.44111061096,
        "median": 5.85254573822,
        "min": 2.76279091835,
        "var": 6.46679830551
    },
    "barkbands_flatness_db": {
        "dmean": 0.010713939555,
        "dmean2": 0.0175595823675,
        "dvar": 6.20057980996e-05,
        "dvar2": 0.000158020775416,
        "max": 0.182278975844,
        "mean": 0.135218903422,
        "median": 0.135228931904,
        "min": 0.0774828642607,
        "var": 0.000160749346833
    },
    "barkbands_kurtosis": {
        "dmean": 0.367283880711,
        "dmean2": 0.579574048519,
        "dvar": 0.358077287674,
        "dvar2": 0.512142241001,
        "max": 9.79304122925,
        "mean": -1.11359333992,
        "median": -1.30862832069,
        "min": -1.70629763603,
        "var": 0.715136051178
    },
    "barkbands_skewness": {
        "dmean": 0.34137827158,
        "dmean2": 0.543849349022,
        "dvar": 0.0727282389998,
        "dvar2": 0.179927095771,
        "max": 1.24731385708,
        "mean": 0.0294125676155,
        "median": 0.0715195462108,
        "min": -2.75714468956,
        "var": 0.283538460732
    },
    "barkbands_spread": {
        "dmean": 4.45242595673,
        "dmean2": 7.19357585907,
        "dvar": 10.9347658157,
        "dvar2": 30.2565536499,
        "max": 54.7952194214,
        "mean": 34.2589569092,
        "median": 34.544467926,
        "min": 8.45264530182,
        "var": 49.3344573975
    },
    "dissonance": {
        "dmean": 0.0068297246471,
        "dmean2": 0.011966869235,
        "dvar": 3.48189387296e-05,
        "dvar2": 9.54708957579e-05,
        "max": 0.499773472548,
        "mean": 0.487994521856,
        "median": 0.488628149033,
        "min": 0.450663417578,
        "var": 4.72751271445e-05
    },
    "dynamic_complexity": 0.712579607964,
    "erbbands_crest": {
        "dmean": 2.05605840683,
        "dmean2": 3.33832931519,
        "dvar": 3.68647956848,
        "dvar2": 8.35633277893,
        "max": 24.0118484497,
        "mean": 7.16303730011,
        "median": 6.43701648712,
        "min": 3.70854616165,
        "var": 6.78701400757
    },
    "erbbands_flatness_db": {
        "dmean": 0.00952718406916,
        "dmean2": 0.0152170360088,
        "dvar": 6.05452805758e-05,
        "dvar2": 0.000131941254949,
        "max": 0.275187641382,
        "mean": 0.222093179822,
        "median": 0.221480071545,
        "min": 0.156192153692,
        "var": 0.000227953103604
    },
    "erbbands_kurtosis": {
        "dmean": 0.959063589573,
        "dmean2": 1.5392819643,
        "dvar": 0.750817298889,
        "dvar2": 1.39299380779,
        "max": 10.2632513046,
        "mean": 0.854493737221,
        "median": 0.600278258324,
        "min": -1.58051931858,
        "var": 1.82148659229
    },
    "erbbands_skewness": {
        "dmean": 0.28427824378,
        "dmean2": 0.458972245455,
        "dvar": 0.0445217788219,
        "dvar2": 0.126950591803,
        "max": 0.0260042790323,
        "mean": -1.00483965874,
        "median": -1.01678395271,
        "min": -1.85173666477,
        "var": 0.115300759673
    },
    "erbbands_spread": {
        "dmean": 5.09338331223,
        "dmean2": 8.18753051758,
        "dvar": 15.7182188034,
        "dvar2": 38.7894897461,
        "max": 43.7882804871,
        "mean": 26.2483272552,
        "median": 26.2805175781,
        "min": 4.46593236923,
        "var": 50.6791038513
    },
    "hfc": {
        "dmean": 5.3795003891,
        "dmean2": 8.10979938507,
        "dvar": 20.5184936523,
        "dvar2": 44.2737464905,
        "max": 63.6559791565,
        "mean": 33.3289299011,
        "median": 32.6995620728,
        "min": 10.9777889252,
        "var": 107.408943176
    },
    "melbands_crest": {
        "dmean": 2.95903968811,
        "dmean2": 5.02157497406,
        "dvar": 5.40382623672,
        "dvar2": 15.3076572418,
        "max": 21.5682239532,
        "mean": 9.69598674774,
        "median": 9.33408927917,
        "min": 3.50086641312,
        "var": 12.172750473
    },
    "melbands_flatness_db": {
        "dmean": 0.0162486638874,
        "dmean2": 0.0266866311431,
        "dvar": 0.000165356235811,
        "dvar2": 0.000456084293546,
        "max": 0.244716778398,
        "mean": 0.155733987689,
        "median": 0.154349267483,
        "min": 0.103045001626,
        "var": 0.00051459990209
    },
    "melbands_kurtosis": {
        "dmean": 1.16395843029,
        "dmean2": 1.87521481514,
        "dvar": 1.30228841305,
        "dvar2": 3.29491400719,
        "max": 7.42014598846,
        "mean": 0.526769995689,
        "median": 0.0581651926041,
        "min": -1.57745182514,
        "var": 2.8160905838
    },
    "melbands_skewness": {
        "dmean": 0.421419322491,
        "dmean2": 0.667233169079,
        "dvar": 0.115212671459,
        "dvar2": 0.298525989056,
        "max": 2.8365073204,
        "mean": 1.11119055748,
        "median": 1.11357975006,
        "min": -1.66820180416,
        "var": 0.44648206234
    },
    "melbands_spread": {
        "dmean": 9.17313957214,
        "dmean2": 15.0413513184,
        "dvar": 45.6968460083,
        "dvar2": 124.268112183,
        "max": 85.7910614014,
        "mean": 53.7572212219,
        "median": 54.0279579163,
        "min": 25.5774250031,
        "var": 141.500717163
    },
    "pitch_salience": {
        "dmean": 0.0523157268763,
        "dmean2": 0.0893454998732,
        "dvar": 0.00194636976812,
        "dvar2": 0.00516903214157,
        "max": 0.792822241783,
        "mean": 0.626185357571,
        "median": 0.63319671154,
        "min": 0.394037187099,
        "var": 0.00417959038168
    },
    "silence_rate_20dB": {
        "dmean": 0,
        "dmean2": 0,
        "dvar": 0,
        "dvar2": 0,
        "max": 1,
        "mean": 1,
        "median": 1,
        "min": 1,
        "var": 0
    },
    "silence_rate_30dB": {
        "dmean": 0,
        "dmean2": 0,
        "dvar": 0,
        "dvar2": 0,
        "max": 1,
        "mean": 1,
        "median": 1,
        "min": 1,
        "var": 0
    },
    "silence_rate_60dB": {
        "dmean": 0,
        "dmean2": 0,
        "dvar": 0,
        "dvar2": 0,
        "max": 0,
        "mean": 0,
        "median": 0,
        "min": 0,
        "var": 0
    },
    "spectral_centroid": {
        "dmean": 181.139770508,
        "dmean2": 295.368927002,
        "dvar": 18003.21875,
        "dvar2": 50522.8203125,
        "max": 2918.94116211,
        "mean": 2343.2824707,
        "median": 2363.58984375,
        "min": 1484.29785156,
        "var": 65922.1015625
    },
    "spectral_complexity": {
        "dmean": 4.39482212067,
        "dmean2": 7.2922077179,
        "dvar": 9.792345047,
        "dvar2": 25.9990234375,
        "max": 53,
        "mean": 39.8677406311,
        "median": 40,
        "min": 18,
        "var": 28.037322998
    },
    "spectral_decrease": {
        "dmean": 9.58399026807e-10,
        "dmean2": 1.6194966479e-09,
        "dvar": 5.12613648369e-19,
        "dvar2": 1.47145060196e-18,
        "max": -2.51335108281e-09,
        "mean": -5.48501333242e-09,
        "median": -5.47782441629e-09,
        "min": -8.97151597457e-09,
        "var": 1.18499774904e-18
    },
    "spectral_energy": {
        "dmean": 0.0038593208883,
        "dmean2": 0.00649220729247,
        "dvar": 8.44393343868e-06,
        "dvar2": 2.29955712712e-05,
        "max": 0.0376073792577,
        "mean": 0.0237247273326,
        "median": 0.0237849149853,
        "min": 0.0104816863313,
        "var": 2.18331424549e-05
    },
    "spectral_energyband_high": {
        "dmean": 0.000203930205316,
        "dmean2": 0.000335187185556,
        "dvar": 4.64657823329e-08,
        "dvar2": 1.15386768584e-07,
        "max": 0.00300004915334,
        "mean": 0.00070801214315,
        "median": 0.000637991470285,
        "min": 0.000188146979781,
        "var": 9.35062303142e-08
    },
    "spectral_energyband_low": {
        "dmean": 0.00200657057576,
        "dmean2": 0.00337545783259,
        "dvar": 3.39196685673e-06,
        "dvar2": 9.37675758905e-06,
        "max": 0.0170944090933,
        "mean": 0.00353860366158,
        "median": 0.00268182368018,
        "min": 0.000287546688924,
        "var": 7.44409135223e-06
    },
    "spectral_energyband_middle_high": {
        "dmean": 0.00237127183937,
        "dmean2": 0.00355005380698,
        "dvar": 3.81459176424e-06,
        "dvar2": 8.32791010907e-06,
        "max": 0.0259909518063,
        "mean": 0.0120447808877,
        "median": 0.0114477686584,
        "min": 0.00363125209697,
        "var": 2.0444045731e-05
    },
    "spectral_energyband_middle_low": {
        "dmean": 0.00278326543048,
        "dmean2": 0.00480289990082,
        "dvar": 7.10082986188e-06,
        "dvar2": 2.08229575946e-05,
        "max": 0.0239629242569,
        "mean": 0.00785380322486,
        "median": 0.00718677556142,
        "min": 0.000593619362917,
        "var": 1.31714323288e-05
    },
    "spectral_entropy": {
        "dmean": 0.0551523379982,
        "dmean2": 0.0907444804907,
        "dvar": 0.00199720473029,
        "dvar2": 0.00478563504294,
        "max": 7.94855356216,
        "mean": 7.63010168076,
        "median": 7.63454723358,
        "min": 7.4609670639,
        "var": 0.00374502292834
    },
    "spectral_flux": {
        "dmean": 0.0113513050601,
        "dmean2": 0.0184050761163,
        "dvar": 8.53052479215e-05,
        "dvar2": 0.000197990957531,
        "max": 0.143656045198,
        "mean": 0.0902293771505,
        "median": 0.0872544944286,
        "min": 0.0512077026069,
        "var": 0.000286237132968
    },
    "spectral_kurtosis": {
        "dmean": 2.77126121521,
        "dmean2": 4.93955516815,
        "dvar": 5.2456908226,
        "dvar2": 14.3029470444,
        "max": 16.9256095886,
        "mean": 4.25103187561,
        "median": 3.70182919502,
        "min": 0.349957466125,
        "var": 6.84475564957
    },
    "spectral_rms": {
        "dmean": 0.000393427326344,
        "dmean2": 0.000658519624267,
        "dvar": 8.47290806405e-08,
        "dvar2": 2.27606832937e-07,
        "max": 0.00605723727494,
        "mean": 0.00478676334023,
        "median": 0.00481713563204,
        "min": 0.00319781736471,
        "var": 2.3296043139e-07
    },
    "spectral_rolloff": {
        "dmean": 253.729370117,
        "dmean2": 425.490600586,
        "dvar": 46221.5664062,
        "dvar2": 120144.335938,
        "max": 3552.97851562,
        "mean": 2801.40014648,
        "median": 2777.78320312,
        "min": 1593.45703125,
        "var": 124770.039062
    },
    "spectral_skewness": {
        "dmean": 0.290059387684,
        "dmean2": 0.509256005287,
        "dvar": 0.0703594014049,
        "dvar2": 0.153538763523,
        "max": 3.45515799522,
        "mean": 0.676694512367,
        "median": 0.643403589725,
        "min": 0.0762351155281,
        "var": 0.10645660013
    },
    "spectral_spread": {
        "dmean": 151961.546875,
        "dmean2": 241267.84375,
        "dvar": 90911875072,
        "dvar2": 108310020096,
        "max": 7473409,
        "mean": 2263959.5,
        "median": 2239337.25,
        "min": 1815036.75,
        "var": 119137083392
    },
    "spectral_strongpeak": {
        "dmean": 0.884079217911,
        "dmean2": 1.56834220886,
        "dvar": 1.45941007137,
        "dvar2": 3.66054987907,
        "max": 7.65470600128,
        "mean": 1.05267047882,
        "median": 0.538365483284,
        "min": 0.0584910400212,
        "var": 1.76727020741
    },
    "zerocrossingrate": {
        "dmean": 0.00611220672727,
        "dmean2": 0.0077744522132,
        "dvar": 2.43149661401e-05,
        "dvar2": 4.01844663429e-05,
        "max": 0.109375,
        "mean": 0.0819209963083,
        "median": 0.08154296875,
        "min": 0.041015625,
        "var": 0.000141908429214
    },
    "barkbands": {
        "dmean": [1.27266439449e-05, 0.0016903601354, 0.000638184836134, 0.00063885608688, 0.00192254025023, 0.000297063146718, 0.00126713700593, 0.000244974042289, 0.000489335739985, 0.000369509361917, 0.000384006445529, 0.000564913963899, 0.000134166068165, 0.000702597142663, 0.000402495730668, 0.00119865697343, 0.00115798669867, 0.00046463648323, 0.000538066728041, 0.000295022095088, 0.000135073976708, 2.25846561079e-05, 8.77974684954e-07, 1.73687840288e-06, 3.7016897636e-07, 1.56658259698e-07, 1.91541502659e-08],
        "dmean2": [2.09012978303e-05, 0.00277139502577, 0.00112188979983, 0.00115636270493, 0.00349036208354, 0.000504870375153, 0.00205320725217, 0.000416624476202, 0.0008471320034, 0.000627758272458, 0.000623381929472, 0.000912795192562, 0.000225647600018, 0.00116057891864, 0.00066350022098, 0.00196549878456, 0.00197614217177, 0.000758505309932, 0.000869614246767, 0.000494032574352, 0.000235852843616, 3.84573177143e-05, 1.45116803196e-06, 2.75544971373e-06, 5.27782731297e-07, 2.32886634421e-07, 2.21169678127e-08],
        "dvar": [3.72383013314e-10, 3.62382138519e-06, 4.53953731494e-07, 5.38684844287e-07, 3.62216178473e-06, 1.00776425427e-07, 3.319093139e-06, 3.1874927231e-07, 2.88691211381e-07, 7.9481873172e-07, 3.73834296852e-07, 4.85538066641e-07, 3.02105505057e-08, 5.47565946363e-07, 1.93563977291e-07, 2.7365601909e-06, 1.69745635503e-06, 2.33872569311e-07, 2.05330280778e-07, 8.47753653943e-08, 1.44482443787e-08, 4.19766471582e-10, 8.07077603533e-13, 3.3889924287e-12, 3.22287796494e-13, 1.17045289476e-13, 4.63547454002e-14],
        "dvar2": [6.90461188224e-10, 9.82740766631e-06, 1.30266118958e-06, 1.65940275565e-06, 1.18217058116e-05, 2.65049322934e-07, 8.40631764731e-06, 8.2164280002e-07, 8.29553925996e-07, 2.27110649575e-06, 8.79031574641e-07, 1.19895673834e-06, 8.45580956366e-08, 1.5052623894e-06, 5.26257849742e-07, 6.46958733341e-06, 4.92930712426e-06, 5.93879065036e-07, 5.20672813309e-07, 2.19545100322e-07, 4.07907378985e-08, 1.15629350539e-09, 2.06357934213e-12, 7.21312462884e-12, 6.08023288835e-13, 1.7496808581e-13, 4.65019258451e-14],
        "max": [0.000227318407269, 0.0161838065833, 0.0048127155751, 0.00504724401981, 0.0121800135821, 0.00222725304775, 0.0221989247948, 0.00824633892626, 0.00575978076085, 0.0104531813413, 0.00558995548636, 0.00616475380957, 0.00164439971559, 0.00506536196917, 0.00348113756627, 0.0141176246107, 0.0108127323911, 0.00448848353699, 0.00546332681552, 0.00350453844294, 0.00119681924116, 0.000181679803063, 9.78445223154e-06, 2.07076645893e-05, 5.74294972466e-06, 3.84651184504e-06, 3.71514829567e-06],
        "mean": [1.64803950611e-05, 0.00232239137404, 0.000847519026138, 0.000761690782383, 0.00329079548828, 0.000493763654958, 0.00196547154337, 0.00035825750092, 0.00086135789752, 0.000493315106723, 0.000579738523811, 0.000881461368408, 0.00031924401992, 0.00132800661959, 0.000912803341635, 0.00205161329359, 0.00226959423162, 0.00114463688806, 0.00162860669661, 0.000732631771825, 0.000387053092709, 6.90742454026e-05, 2.54632300312e-06, 5.44395834368e-06, 9.25211907088e-07, 3.04412822061e-07, 2.70827253956e-08],
        "median": [1.1349653505e-05, 0.00140723143704, 0.000595466000959, 0.000459583767224, 0.0024043249432, 0.000371231144527, 0.00120698660612, 0.000163137083291, 0.00058666698169, 0.000287297822069, 0.000372014124878, 0.000581267755479, 0.000211380887777, 0.00109348155092, 0.000765718054026, 0.00141935423017, 0.00188784883358, 0.000986899016425, 0.00149139377754, 0.00065191538306, 0.000356951262802, 6.521611067e-05, 2.24631003221e-06, 4.80718790641e-06, 6.14688701717e-07, 1.24184779793e-07, 1.02961976722e-08],
        "min": [3.46040735622e-07, 4.65493903903e-05, 5.24222105014e-06, 1.46596867125e-05, 0.000115699673188, 8.23093250801e-06, 2.96622856695e-05, 4.9459335969e-06, 6.58485369058e-05, 2.68663843599e-05, 3.61911916116e-05, 4.32105516666e-05, 1.08965687105e-05, 8.92838579603e-05, 0.000106195002445, 0.000124652025988, 0.00043920869939, 0.000231896527112, 0.000282275665086, 0.000139764684718, 0.000102345016785, 1.730060103e-05, 7.29872510874e-07, 1.3364519873e-06, 1.73504886902e-07, 3.8444824213e-08, 3.2604829947e-09],
        "var": [4.47988257601e-10, 6.16844681645e-06, 6.73194847423e-07, 7.00889415839e-07, 6.54935683997e-06, 2.0199239259e-07, 5.63243611396e-06, 5.56713359856e-07, 6.25711891189e-07, 6.00075566126e-07, 4.66437199975e-07, 8.22303263703e-07, 9.03952752651e-08, 1.00174372619e-06, 3.3801032373e-07, 3.79527205041e-06, 2.18261561713e-06, 4.01096457381e-07, 5.98831206844e-07, 1.45293697074e-07, 3.01433260574e-08, 8.22405255008e-10, 1.52997146202e-12, 9.3164261028e-12, 8.18403504688e-13, 2.35720514288e-13, 4.61763568734e-14]
    },
    "erbbands": {
        "dmean": [0.0421387404203, 0.40939900279, 0.65413081646, 1.3555316925, 5.64121055603, 6.24839830399, 2.59312582016, 2.72252559662, 9.64918804169, 19.472984314, 5.05932426453, 13.4983444214, 9.03172111511, 12.4063310623, 16.7443389893, 22.4395885468, 6.11369800568, 23.8875961304, 24.0934867859, 30.8111133575, 63.0713348389, 61.3652648926, 22.9700183868, 34.5264167786, 21.1480388641, 14.0889158249, 5.85847187042, 3.91087794304, 0.969335138798, 0.142048373818, 0.0274517741054, 0.046828251332, 0.0206662118435, 0.0073888595216, 0.00109068048187, 0.000868847942911, 0.000242624708335, 2.01063649001e-05, 4.38640336142e-06, 4.75838942293e-06],
        "dmean2": [0.0670601055026, 0.68370372057, 1.17302191257, 2.44219565392, 10.104010582, 11.4219760895, 4.38571310043, 4.58768510818, 15.1946163177, 32.840763092, 8.60810279846, 23.3832111359, 15.5094327927, 21.045091629, 25.8028087616, 36.2438468933, 9.66190910339, 39.2813568115, 39.3837738037, 51.0943603516, 99.0139923096, 104.681915283, 36.6931228638, 58.501701355, 35.2829856873, 23.2843589783, 9.80206680298, 6.56578350067, 1.64373362064, 0.233818754554, 0.0443778708577, 0.0757301151752, 0.031222678721, 0.0107789458707, 0.00153092341498, 0.00133334344719, 0.000349493173417, 2.59685020865e-05, 5.77049968342e-06, 7.77784680395e-06],
        "dvar": [0.00268532009795, 0.194801449776, 0.500259637833, 2.58322811127, 37.5993461609, 34.2996673584, 10.4740753174, 9.27394485474, 140.590332031, 1198.51000977, 101.314102173, 212.797210693, 951.061401367, 316.405273438, 820.553588867, 737.685974121, 39.792881012, 586.723083496, 633.010925293, 1537.46142578, 7735.08642578, 3951.87060547, 436.738616943, 1183.85253906, 424.494781494, 246.459014893, 30.1331157684, 10.3981809616, 0.742251932621, 0.0205604955554, 0.000783370865975, 0.0018814628711, 0.000607786641922, 0.000141025841003, 4.81740426039e-06, 2.99813086713e-06, 3.03605077079e-07, 1.81497270546e-08, 8.89287032901e-10, 1.74729102714e-11],
        "dvar2": [0.00679936259985, 0.538493990898, 1.41150200367, 7.93206882477, 119.300514221, 108.602043152, 27.0547294617, 25.1228351593, 356.792755127, 3235.92626953, 222.826599121, 622.480041504, 2642.07397461, 887.386962891, 1991.53930664, 1840.37963867, 105.747413635, 1533.42749023, 1731.10241699, 4283.65917969, 17277.2734375, 11100.828125, 1091.15820312, 3032.36401367, 1209.60510254, 606.675598145, 86.5966567993, 28.6885089874, 2.02334618568, 0.0545319579542, 0.00196560984477, 0.00430856272578, 0.00133811531123, 0.000295002071653, 6.89941998644e-06, 4.85501414005e-06, 4.30270887364e-07, 1.84001578418e-08, 8.90702511747e-10, 3.6572786466e-11],
        "max": [0.495356887579, 3.50691795349, 5.85164213181, 11.4280748367, 45.7613525391, 48.7094573975, 26.2135562897, 23.2773113251, 152.149780273, 367.757110596, 166.962844849, 140.301727295, 416.153686523, 179.424819946, 267.197814941, 231.78742981, 74.7780075073, 176.742034912, 206.154785156, 503.936798096, 749.778198242, 482.961120605, 196.030395508, 326.34765625, 170.978927612, 220.670547485, 54.6635971069, 28.070098877, 8.05183124542, 1.60388708115, 0.284992992878, 0.513567209244, 0.279249668121, 0.119643375278, 0.0252552907914, 0.0201180931181, 0.00629322230816, 0.00227465899661, 0.00052778510144, 6.57075142954e-05],
        "mean": [0.060065947473, 0.549082398415, 0.98200494051, 2.02103757858, 9.08461952209, 9.8679265976, 4.6613984108, 4.70274591446, 16.2351284027, 28.0399856567, 9.39611339569, 22.6373786926, 13.6039123535, 20.8322162628, 27.200302124, 35.4948959351, 17.4891662598, 48.9657402039, 55.59948349, 69.1239471436, 125.828765869, 126.021560669, 66.9159469604, 90.9005203247, 62.0955467224, 35.5547409058, 16.8983249664, 11.8251085281, 3.15888762474, 0.478635519743, 0.0931008011103, 0.141986489296, 0.0595369338989, 0.0193547010422, 0.002531404607, 0.00181528006215, 0.000448768842034, 3.54493167833e-05, 1.96685105038e-05, 3.12949123327e-05],
        "median": [0.0360827147961, 0.3428619802, 0.719669640064, 1.43668723106, 5.77164936066, 7.86945438385, 3.08669161797, 3.32249259949, 10.3695468903, 17.0806388855, 6.03291702271, 13.9745006561, 8.66464233398, 14.7196979523, 18.0021400452, 23.355714798, 13.5102844238, 39.6455535889, 47.9538574219, 59.0970458984, 88.8970108032, 105.591873169, 60.6593360901, 82.0801391602, 56.8258666992, 31.1749324799, 14.8926353455, 10.7581939697, 2.94166898727, 0.447361111641, 0.0872505307198, 0.127204865217, 0.0481457710266, 0.0132613135502, 0.00140245631337, 0.000835732673295, 0.000175398075953, 1.54132685566e-05, 1.7459045921e-05, 3.10713840008e-05],
        "min": [0.000841467932332, 0.0123428888619, 0.0314904898405, 0.1029086411, 0.295220434666, 0.282591700554, 0.178809210658, 0.272426337004, 0.576116979122, 0.645192325115, 0.681372106075, 1.44912743568, 0.866608083248, 1.47079467773, 1.31951069832, 2.13079237938, 1.78884041309, 3.38478708267, 5.21615028381, 12.60820961, 10.4440784454, 24.7586174011, 15.2629079819, 14.9142856598, 9.92735385895, 7.10820198059, 3.91670370102, 3.65125346184, 0.738282382488, 0.126684635878, 0.0308243259788, 0.0395133532584, 0.0163163654506, 0.00408946722746, 0.000446584512247, 0.000286614987999, 4.78306938021e-05, 5.65567916055e-06, 8.82641870703e-06, 1.54949266289e-05],
        "var": [0.0049342722632, 0.325142383575, 0.748330891132, 3.62938070297, 68.946762085, 65.9845809937, 21.9696044922, 18.2520751953, 256.280792236, 1661.12792969, 229.441986084, 505.859466553, 670.467224121, 419.972595215, 1082.26025391, 1262.20227051, 193.99407959, 1164.94848633, 1154.19104004, 2178.95654297, 12495.3691406, 5769.47314453, 925.035095215, 2359.046875, 768.62512207, 399.371765137, 61.5119400024, 25.1614093781, 1.59103024006, 0.0417142510414, 0.00161216687411, 0.00520516932011, 0.00168670737185, 0.000330827984726, 9.32570310397e-06, 6.55452595311e-06, 5.77170169436e-07, 1.89252364891e-08, 8.88342788219e-10, 4.16329262731e-11]
    },
    "gfcc": {
        "mean": [1.60036242008, 131.533096313, -187.728256226, 61.2668266296, -37.0108413696, -13.1462316513, -21.6981658936, 0.203736498952, -15.4572944641, -5.10499286652, -9.33930969238, -12.1883811951, 1.41982781887],
        "cov": [[191.503112793, -84.6333007812, -32.7095527649, -87.1361618042, -14.7810163498, 25.8247203827, -30.361618042, 28.6487846375, -36.4151420593, 9.10228347778, -30.7005596161, 16.6061401367, -7.324259758], [-84.6333007812, 225.47479248, 75.362487793, 71.640838623, 1.96697223186, -43.0351486206, 24.8215999603, -46.1018486023, 27.1345310211, -6.37268400192, 39.9902076721, -17.4268722534, 9.1563949585], [-32.7095527649, 75.362487793, 115.739112854, 52.6464996338, 27.2645130157, -6.91808986664, -6.99414634705, -4.89512777328, 7.95814275742, 13.917224884, 8.47079849243, 11.3887739182, 6.1269197464], [-87.1361618042, 71.640838623, 52.6464996338, 149.590316772, 37.9033546448, -11.8291492462, 35.4545707703, -16.7393398285, 42.9515571594, -5.61742067337, 30.8393421173, -13.6264944077, 14.338684082], [-14.7810163498, 1.96697223186, 27.2645130157, 37.9033546448, 65.2567977905, 40.38514328, 8.24886035919, -3.66113996506, -5.37596178055, 1.08069133759, 1.03934979439, 6.20257139206, 3.89347696304], [25.8247203827, -43.0351486206, -6.91808986664, -11.8291492462, 40.38514328, 65.1368484497, 18.6164093018, 11.6294612885, -21.3081054688, 1.60084795952, -8.64752292633, 10.5661230087, -0.750821888447], [-30.361618042, 24.8215999603, -6.99414634705, 35.4545707703, 8.24886035919, 18.6164093018, 62.0461044312, 19.9665107727, 21.7940139771, -7.86585140228, 9.52344894409, -8.55268764496, 5.49423313141], [28.6487846375, -46.1018486023, -4.89512777328, -16.7393398285, -3.66113996506, 11.6294612885, 19.9665107727, 59.72448349, 29.6138820648, 18.3108119965, -2.34844112396, 8.81789112091, 0.877700686455], [-36.4151420593, 27.1345310211, 7.95814275742, 42.9515571594, -5.37596178055, -21.3081054688, 21.7940139771, 29.6138820648, 81.0381393433, 39.2778549194, 32.2015838623, -6.2293009758, 0.875546634197], [9.10228347778, -6.37268400192, 13.917224884, -5.61742067337, 1.08069133759, 1.60084795952, -7.86585140228, 18.3108119965, 39.2778549194, 72.3120040894, 41.0253334045, 17.8071136475, -7.86965322495], [-30.7005596161, 39.9902076721, 8.47079849243, 30.8393421173, 1.03934979439, -8.64752292633, 9.52344894409, -2.34844112396, 32.2015838623, 41.0253334045, 62.8750648499, 23.7890586853, 7.04636859894], [16.6061401367, -17.4268722534, 11.3887739182, -13.6264944077, 6.20257139206, 10.5661230087, -8.55268764496, 8.81789112091, -6.2293009758, 17.8071136475, 23.7890586853, 54.4244804382, 26.2964630127], [-7.324259758, 9.1563949585, 6.1269197464, 14.338684082, 3.89347696304, -0.750821888447, 5.49423313141, 0.877700686455, 0.875546634197, -7.86965322495, 7.04636859894, 26.2964630127, 38.7186203003]],
        "icov": [[0.0105422306806, -0.00450414512306, 0.00608624517918, -0.00405152607709, 0.00575317442417, -0.00700740655884, 0.00944479927421, -0.0114438310266, 0.00775000825524, -0.00689438730478, 0.00815557781607, -0.00404456024989, 0.00148763135076], [-0.00450414512306, 0.0226575974375, -0.0211733281612, 0.0171438846737, -0.00976084172726, 0.0146229760721, -0.021259335801, 0.0249125473201, -0.0128551581874, 0.0146644115448, -0.0242570973933, 0.0171496458352, -0.00945321563631], [0.00608624517918, -0.0211733281612, 0.0347866527736, -0.0233774073422, 0.00315265194513, -0.00469637149945, 0.0188923161477, -0.0253696814179, 0.0186052061617, -0.0239413939416, 0.0326324738562, -0.0242597106844, 0.0120481057093], [-0.00405152607709, 0.0171438846737, -0.0233774073422, 0.0366469025612, -0.022419532761, 0.0178421065211, -0.0239354372025, 0.0261210631579, -0.0211291182786, 0.0219055078924, -0.0306976716965, 0.0225192066282, -0.0140656083822], [0.00575317442417, -0.00976084172726, 0.00315265194513, -0.022419532761, 0.0561621487141, -0.0503628514707, 0.0273610800505, -0.0102656232193, 0.00046494192793, -0.00228066160344, 0.0108936280012, -0.0074968598783, 0.00356133840978], [-0.00700740655884, 0.0146229760721, -0.00469637149945, 0.0178421065211, -0.0503628514707, 0.0779974982142, -0.0480899102986, 0.0145382499322, 0.0133371809497, -0.012257207185, 0.000428971019574, -0.00220224959776, 0.00104810867924], [0.00944479927421, -0.021259335801, 0.0188923161477, -0.0239354372025, 0.0273610800505, -0.0480899102986, 0.0696137994528, -0.0441629886627, 0.00617820862681, 0.00693376874551, -0.00106408097781, 0.00418655946851, -0.00125262804795], [-0.0114438310266, 0.0249125473201, -0.0253696814179, 0.0261210631579, -0.0102656232193, 0.0145382499322, -0.0441629886627, 0.0756891816854, -0.0424991846085, 0.0128470836207, -0.00393496314064, -0.00471115903929, -0.000361850339686], [0.00775000825524, -0.0128551581874, 0.0186052061617, -0.0211291182786, 0.00046494192793, 0.0133371809497, 0.00617820862681, -0.0424991846085, 0.0623321384192, -0.0385301634669, 0.00997531414032, 0.00832503382117, -0.0070250602439], [-0.00689438730478, 0.0146644115448, -0.0239413939416, 0.0219055078924, -0.00228066160344, -0.012257207185, 0.00693376874551, 0.0128470836207, -0.0385301634669, 0.0684581249952, -0.0527186132967, 0.0125198187307, 0.00549738155678], [0.00815557781607, -0.0242570973933, 0.0326324738562, -0.0306976716965, 0.0108936280012, 0.000428971019574, -0.00106408097781, -0.00393496314064, 0.00997531414032, -0.0527186132967, 0.09554823488, -0.0616451576352, 0.0261746738106], [-0.00404456024989, 0.0171496458352, -0.0242597106844, 0.0225192066282, -0.0074968598783, -0.00220224959776, 0.00418655946851, -0.00471115903929, 0.00832503382117, 0.0125198187307, -0.0616451576352, 0.0895382389426, -0.0563338547945], [0.00148763135076, -0.00945321563631, 0.0120481057093, -0.0140656083822, 0.00356133840978, 0.00104810867924, -0.00125262804795, -0.000361850339686, -0.0070250602439, 0.00549738155678, 0.0261746738106, -0.0563338547945, 0.0662677660584]]
    },
    "melbands": {
        "dmean": [0.000448360224254, 0.000377240794478, 0.000298296567053, 0.000510437705088, 9.86504237517e-05, 5.72743847442e-05, 0.000193405459868, 0.000180132527021, 4.70633749501e-05, 8.25693059596e-05, 4.48997598141e-05, 5.02786824654e-05, 5.69375588384e-05, 7.49986284063e-05, 2.57777519437e-05, 1.93793821381e-05, 5.3106850828e-05, 4.93287589052e-05, 3.44208092429e-05, 7.46866498957e-05, 7.32210755814e-05, 7.25364589016e-05, 3.54878575308e-05, 2.27854070545e-05, 3.31388728227e-05, 2.10355137824e-05, 1.43378147186e-05, 8.76086141943e-06, 2.93701668852e-06, 5.15865804118e-06, 1.64692096405e-06, 6.77165701291e-07, 2.73703619769e-07, 2.95742914602e-08, 1.43820617637e-08, 2.83200662921e-08, 3.07581728975e-08, 1.76404952867e-08, 1.04100648102e-08, 5.72328673343e-09],
        "dmean2": [0.000723923032638, 0.000653478724416, 0.000534602499101, 0.000935709045734, 0.000164619617863, 9.57442753133e-05, 0.000307674519718, 0.000302140600979, 8.16147148726e-05, 0.00014225859195, 7.61440169299e-05, 8.52620214573e-05, 9.04422995518e-05, 0.000119581229228, 4.25288526458e-05, 3.14625867759e-05, 8.72749878909e-05, 8.25082461233e-05, 5.65114314668e-05, 0.00012574424909, 0.000114030663099, 0.000124373094877, 5.89289593336e-05, 3.79747034458e-05, 5.63082212466e-05, 3.61162201443e-05, 2.39206165134e-05, 1.46212551044e-05, 4.78521042169e-06, 9.06815694179e-06, 2.75669390248e-06, 1.14415138341e-06, 4.70914727657e-07, 4.84240985088e-08, 2.39579573957e-08, 4.81035868916e-08, 4.83229811721e-08, 2.70607660724e-08, 1.5990618607e-08, 8.47188008635e-09],
        "dvar": [2.79720069329e-07, 1.13307912386e-07, 8.72799859053e-08, 2.66427576889e-07, 1.44166980576e-08, 3.92525834059e-09, 6.27305496437e-08, 1.01193897706e-07, 7.01664504277e-09, 8.78090666845e-09, 2.40936728346e-08, 5.91375037828e-09, 8.95167495685e-09, 9.06387942479e-09, 1.04098130116e-09, 5.35302135951e-10, 2.81296341775e-09, 3.08227199319e-09, 1.54013979348e-09, 9.2826484277e-09, 7.84660691977e-09, 6.95238266957e-09, 9.73917169134e-10, 6.00283267538e-10, 1.06194619764e-09, 4.38783231971e-10, 1.64985025641e-10, 1.33134170355e-10, 8.07263717678e-12, 2.20571338971e-11, 1.88499433076e-12, 3.41329639249e-13, 8.20320035315e-14, 9.48636137464e-16, 2.10595816442e-16, 7.12450317485e-16, 8.40406079112e-16, 3.71103107172e-16, 2.24867712799e-16, 8.78565072205e-17],
        "dvar2": [7.4501895142e-07, 3.3018858403e-07, 2.52264015899e-07, 8.59158944877e-07, 3.70738639788e-08, 1.06341353501e-08, 1.58403864248e-07, 2.78360431594e-07, 1.63120077445e-08, 2.56447982849e-08, 6.70185116292e-08, 1.67760312308e-08, 2.09099173532e-08, 2.2606657879e-08, 2.74727041116e-09, 1.41902301021e-09, 7.48171036236e-09, 7.99321409062e-09, 4.21707779807e-09, 2.28439613892e-08, 1.70776637276e-08, 2.01155945234e-08, 2.61347832264e-09, 1.60117574755e-09, 2.80817369358e-09, 1.20914067647e-09, 4.64423832724e-10, 3.25829335734e-10, 2.15168612094e-11, 6.58000043341e-11, 4.90150324842e-12, 9.74043220213e-13, 2.23391197576e-13, 2.46460795498e-15, 5.36716974253e-16, 1.87854479998e-15, 1.97008894455e-15, 8.89930613231e-16, 4.82060638084e-16, 1.96584859173e-16],
        "max": [0.00468812976032, 0.00232919375412, 0.00231409911066, 0.00334151159041, 0.00129796564579, 0.000481002149172, 0.0032936532516, 0.00324527057819, 0.00126619299408, 0.00100507121533, 0.00209067342803, 0.000804618292022, 0.000929586065467, 0.000878077815287, 0.000266920949798, 0.000228221353609, 0.000368377106497, 0.000400503951823, 0.000370704976376, 0.00080710882321, 0.000761898350902, 0.000705087615643, 0.000249988865107, 0.000217787441215, 0.000308183953166, 0.000167578298715, 0.000103680380562, 0.000167373393197, 2.60426040768e-05, 4.33085297118e-05, 1.11324761747e-05, 5.5057262216e-06, 2.74392414212e-06, 3.50978297092e-07, 1.2267106797e-07, 2.91083381398e-07, 3.54958416438e-07, 2.16596276914e-07, 1.51650965563e-07, 8.86359856622e-08],
        "mean": [0.000618947437033, 0.000599956896622, 0.000511676538736, 0.000800596491899, 0.000199543690542, 9.37258737395e-05, 0.000317008467391, 0.00026191433426, 7.65085060266e-05, 0.000141565746162, 6.21160579612e-05, 8.06232637842e-05, 8.40322754811e-05, 0.000113568756205, 4.21837976319e-05, 4.54604924016e-05, 0.000103371639852, 0.00010106011905, 7.72753264755e-05, 0.000119985095807, 0.000148594961502, 0.000135429902002, 8.28992488096e-05, 5.19231725775e-05, 7.86872042227e-05, 5.25267569174e-05, 3.62993741874e-05, 1.96830405912e-05, 7.99459667178e-06, 1.27520188471e-05, 4.69037468065e-06, 1.88874935247e-06, 7.40622056128e-07, 7.73712969249e-08, 3.73755497662e-08, 7.51234381369e-08, 8.9318994867e-08, 4.61456686196e-08, 2.51932821271e-08, 1.28371056007e-08],
        "median": [0.000365737651009, 0.000454523047665, 0.000387617794331, 0.000562560686376, 0.000138026342029, 6.55937765259e-05, 0.000210299214814, 0.000163871445693, 4.99761699757e-05, 8.57775012264e-05, 3.53485083906e-05, 5.54339421797e-05, 5.10858044436e-05, 7.0112553658e-05, 2.94506753562e-05, 3.05572830257e-05, 8.07938631624e-05, 8.37774932734e-05, 6.59279321553e-05, 8.45480972202e-05, 0.000109811058792, 0.000109399545181, 7.46543082641e-05, 4.37585040345e-05, 7.00171804056e-05, 4.61562194687e-05, 3.30536131514e-05, 1.65273449966e-05, 7.0164214776e-06, 1.16672435979e-05, 4.32633305536e-06, 1.75772083821e-06, 6.63333082684e-07, 6.84588599142e-08, 3.28892184598e-08, 6.7490432798e-08, 7.77923645501e-08, 3.78220903485e-08, 1.70232645758e-08, 8.32728730416e-09],
        "min": [1.17628251246e-05, 1.80292881851e-05, 2.7169171517e-05, 2.92137683573e-05, 7.54596749175e-06, 1.86611987374e-06, 9.33481987886e-06, 7.63945445215e-06, 3.60827971235e-06, 1.00883589766e-05, 3.70174780073e-06, 5.04197214468e-06, 4.29312012784e-06, 5.83351857131e-06, 1.58872558131e-06, 1.20636252632e-06, 6.82707832311e-06, 5.94436505708e-06, 8.54002973938e-06, 7.0880550993e-06, 1.13552086987e-05, 2.52577228821e-05, 1.41064174386e-05, 1.04992750494e-05, 7.93653089204e-06, 6.89832677381e-06, 6.00939483775e-06, 3.95858251068e-06, 2.07136895369e-06, 2.91254082185e-06, 1.54786528128e-06, 4.05442790452e-07, 1.69594798649e-07, 1.9566371634e-08, 1.07893418644e-08, 1.91657054671e-08, 2.28983765282e-08, 1.21426380062e-08, 4.79060968672e-09, 2.06311390194e-09],
        "var": [4.7959758831e-07, 2.34340973293e-07, 1.65789245443e-07, 4.23716670639e-07, 4.53039383785e-08, 7.89969245574e-09, 1.13225496534e-07, 1.36886740165e-07, 1.42562193162e-08, 2.14602398074e-08, 1.69697127461e-08, 7.27140658796e-09, 1.16306582143e-08, 1.47746446189e-08, 1.66890734565e-09, 1.74839243083e-09, 5.78867620504e-09, 5.08473885219e-09, 2.53552334684e-09, 1.28652661857e-08, 1.51328034548e-08, 8.62599680573e-09, 1.79132186862e-09, 9.34045285561e-10, 2.0505999121e-09, 7.42103323237e-10, 2.88038426444e-10, 1.77846334881e-10, 1.63301802636e-11, 3.85877753362e-11, 4.06761907143e-12, 6.60014415083e-13, 1.30563474528e-13, 1.65928259241e-15, 3.34655729438e-16, 1.4464266009e-15, 2.37782794722e-15, 9.62243615883e-16, 5.60336435048e-16, 1.76177188496e-16]
    },
    "mfcc": {
        "mean": [-612.655334473, 137.521377563, -70.1645126343, 61.1036987305, -0.0633969455957, 1.45051944256, 3.36384320259, -3.41415429115, 7.972843647, -0.91927999258, -2.98276495934, 4.10491847992, -7.30251455307],
        "cov": [[196.099517822, -51.1635169983, -59.7808189392, -93.7038803101, -17.7377567291, -28.5915699005, 4.0198969841, -2.59881353378, 7.017537117, -13.456278801, -11.726483345, -14.5184774399, 2.06377887726], [-51.1635169983, 164.048583984, 58.0015602112, 28.3524055481, -3.70510387421, 8.02462863922, -4.73771572113, -20.896938324, -22.7892227173, -14.7733726501, 6.09977340698, 6.25169801712, -8.65995025635], [-59.7808189392, 58.0015602112, 88.2200927734, 67.601852417, 14.880818367, 5.25136137009, -10.0545015335, -5.59429264069, -4.34899950027, 5.00083112717, 6.49105167389, 6.0661277771, 3.4021217823], [-93.7038803101, 28.3524055481, 67.601852417, 151.59085083, 22.6770248413, 24.8642807007, -11.8625297546, 6.86028385162, -2.18213844299, 25.7570915222, 16.2052669525, 13.6993970871, -12.5690698624], [-17.7377567291, -3.70510387421, 14.880818367, 22.6770248413, 61.6143875122, 30.5589351654, 7.69524049759, -1.13388776779, 0.469082593918, -5.11027622223, 0.126676514745, 3.92597913742, 4.359852314], [-28.5915699005, 8.02462863922, 5.25136137009, 24.8642807007, 30.5589351654, 60.6413650513, 30.0177650452, 5.45849275589, -7.360912323, -1.70227086544, 2.70084452629, 3.79929971695, -7.76461935043], [4.0198969841, -4.73771572113, -10.0545015335, -11.8625297546, 7.69524049759, 30.0177650452, 53.4342384338, 25.6285762787, 3.69315004349, -7.74099779129, -7.61848163605, -5.03844022751, -4.07904958725], [-2.59881353378, -20.896938324, -5.59429264069, 6.86028385162, -1.13388776779, 5.45849275589, 25.6285762787, 51.656665802, 28.4232463837, 5.52758836746, -10.6052770615, -9.63550281525, -2.36865758896], [7.017537117, -22.7892227173, -4.34899950027, -2.18213844299, 0.469082593918, -7.360912323, 3.69315004349, 28.4232463837, 46.1494979858, 22.0680942535, 0.00239160540514, -6.23088932037, 0.406835079193], [-13.456278801, -14.7733726501, 5.00083112717, 25.7570915222, -5.11027622223, -1.70227086544, -7.74099779129, 5.52758836746, 22.0680942535, 58.3540344238, 33.5310249329, 7.77324485779, -8.98363876343], [-11.726483345, 6.09977340698, 6.49105167389, 16.2052669525, 0.126676514745, 2.70084452629, -7.61848163605, -10.6052770615, 0.00239160540514, 33.5310249329, 53.0304908752, 28.0975036621, 3.06584501266], [-14.5184774399, 6.25169801712, 6.0661277771, 13.6993970871, 3.92597913742, 3.79929971695, -5.03844022751, -9.63550281525, -6.23088932037, 7.77324485779, 28.0975036621, 48.3189048767, 28.125169754], [2.06377887726, -8.65995025635, 3.4021217823, -12.5690698624, 4.359852314, -7.76461935043, -4.07904958725, -2.36865758896, 0.406835079193, -8.98363876343, 3.06584501266, 28.125169754, 67.5565872192]],
