{
"lowlevel": {
    "average_loudness": 0.987376570702,
    "barkbands_crest": {
        "dmean": 1.26276302338,
        "dmean2": 2.20691204071,
        "dvar": 1.10062146187,
        "dvar2": 2.89126443863,
        "max": 12.9699554443,
        "mean": 5.96275138855,
        "median": 5.74367856979,
        "min": 3.67414689064,
        "var": 1.65829205513
    },
    "barkbands_flatness_db": {
        "dmean": 0.00855195615441,
        "dmean2": 0.0146013246849,
        "dvar": 4.68560137961e-05,
        "dvar2": 0.000127692401293,
        "max": 0.160253614187,
        "mean": 0.134259834886,
        "median": 0.134078890085,
        "min": 0.111327052116,
        "var": 0.000100897319498
    },
    "barkbands_kurtosis": {
        "dmean": 1.15915453434,
        "dmean2": 2.01324081421,
        "dvar": 0.931137859821,
        "dvar2": 2.77001619339,
        "max": 6.16422653198,
        "mean": 0.699960172176,
        "median": 0.397703647614,
        "min": -1.82325363159,
        "var": 1.96614527702
    },
    "barkbands_skewness": {
        "dmean": 0.321806639433,
        "dmean2": 0.550921082497,
        "dvar": 0.0577266290784,
        "dvar2": 0.163891345263,
        "max": 0.219704911113,
        "mean": -1.27818667889,
        "median": -1.24716901779,
        "min": -2.33398723602,
        "var": 0.174404874444
    },
    "barkbands_spread": {
        "dmean": 6.31872653961,
        "dmean2": 10.8477554321,
        "dvar": 22.0377311707,
        "dvar2": 64.8326187134,
        "max": 57.5194549561,
        "mean": 26.5888977051,
        "median": 25.8945484161,
        "min": 10.6366796494,
        "var": 57.9116744995
    },
    "dissonance": {
        "dmean": 0.00305457599461,
        "dmean2": 0.00506060943007,
        "dvar": 1.87465084309e-05,
        "dvar2": 3.17474696203e-05,
        "max": 0.499735951424,
        "mean": 0.495755076408,
        "median": 0.496818572283,
        "min": 0.438238829374,
        "var": 2.26800202654e-05
    },
    "dynamic_complexity": 0.260506480932,
    "erbbands_crest": {
        "dmean": 1.73030674458,
        "dmean2": 3.07226920128,
        "dvar": 1.91171419621,
        "dvar2": 5.00687742233,
        "max": 15.4432001114,
        "mean": 8.61795806885,
        "median": 8.35335350037,
        "min": 5.74407815933,
        "var": 2.80512094498
    },
    "erbbands_flatness_db": {
        "dmean": 0.00997136905789,
        "dmean2": 0.0169767923653,
        "dvar": 6.24301683274e-05,
        "dvar2": 0.000176795976586,
        "max": 0.282201230526,
        "mean": 0.24446888268,
        "median": 0.244325205684,
        "min": 0.205773487687,
        "var": 0.000167065969435
    },
    "erbbands_kurtosis": {
        "dmean": 1.57711338997,
        "dmean2": 2.70638513565,
        "dvar": 1.41363811493,
        "dvar2": 4.26688194275,
        "max": 11.7112140656,
        "mean": 5.20601320267,
        "median": 5.29122924805,
        "min": -0.21652841568,
        "var": 4.42713403702
    },
    "erbbands_skewness": {
        "dmean": 0.273966938257,
        "dmean2": 0.466759741306,
        "dvar": 0.0401624515653,
        "dvar2": 0.129040166736,
        "max": 0.301646947861,
        "mean": -1.7431306839,
        "median": -1.74319934845,
        "min": -2.69037652016,
        "var": 0.115520834923
    },
    "erbbands_spread": {
        "dmean": 2.05963635445,
        "dmean2": 3.51341319084,
        "dvar": 2.49027824402,
        "dvar2": 6.80619859695,
        "max": 25.2111148834,
        "mean": 11.9325752258,
        "median": 11.5794315338,
        "min": 6.04341459274,
        "var": 9.34014606476
    },
    "hfc": {
        "dmean": 4.97863483429,
        "dmean2": 8.19633579254,
        "dvar": 18.6353206635,
        "dvar2": 41.1448326111,
        "max": 53.3073654175,
        "mean": 39.9904060364,
        "median": 40.257106781,
        "min": 0.968690693378,
        "var": 31.5615634918
    },
    "melbands_crest": {
        "dmean": 1.62829637527,
        "dmean2": 2.75068688393,
        "dvar": 2.4905591011,
        "dvar2": 5.34720039368,
        "max": 22.998632431,
        "mean": 6.07643175125,
        "median": 5.6371512413,
        "min": 2.94373607635,
        "var": 4.98293304443
    },
    "melbands_flatness_db": {
        "dmean": 0.00932780746371,
        "dmean2": 0.0157858990133,
        "dvar": 5.62064487895e-05,
        "dvar2": 0.000141108132084,
        "max": 0.200612038374,
        "mean": 0.124668180943,
        "median": 0.123360313475,
        "min": 0.103680975735,
        "var": 0.000124194775708
    },
    "melbands_kurtosis": {
        "dmean": 0.312076508999,
        "dmean2": 0.526973009109,
        "dvar": 0.11932079494,
        "dvar2": 0.316530883312,
        "max": 1.5452132225,
        "mean": -1.3553044796,
        "median": -1.48015546799,
        "min": -1.75095868111,
        "var": 0.172388896346
    },
    "melbands_skewness": {
        "dmean": 0.349313735962,
        "dmean2": 0.594946146011,
        "dvar": 0.0681957677007,
        "dvar2": 0.198855489492,
        "max": 1.80068266392,
        "mean": -0.117954149842,
        "median": -0.121616266668,
        "min": -1.24694764614,
        "var": 0.177330240607
    },
    "melbands_spread": {
        "dmean": 9.47894287109,
        "dmean2": 16.5360183716,
        "dvar": 57.3684196472,
        "dvar2": 174.409698486,
        "max": 103.059059143,
        "mean": 81.1557540894,
        "median": 83.1015090942,
        "min": 34.9377975464,
        "var": 130.398864746
    },
    "pitch_salience": {
        "dmean": 0.0406103394926,
        "dmean2": 0.0677534192801,
        "dvar": 0.000961752375588,
        "dvar2": 0.00241669407114,
        "max": 0.832569777966,
        "mean": 0.713551640511,
        "median": 0.717478454113,
        "min": 0.477292716503,
        "var": 0.00196145754308
    },
    "silence_rate_20dB": {
        "dmean": 0,
        "dmean2": 0,
        "dvar": 0,
        "dvar2": 0,
        "max": 1,
        "mean": 1,
        "median": 1,
        "min": 1,
        "var": 0
    },
    "silence_rate_30dB": {
        "dmean": 0,
        "dmean2": 0,
        "dvar": 0,
        "dvar2": 0,
        "max": 1,
        "mean": 1,
        "median": 1,
        "min": 1,
        "var": 0
    },
    "silence_rate_60dB": {
        "dmean": 0,
        "dmean2": 0,
        "dvar": 0,
        "dvar2": 0,
        "max": 0,
        "mean": 0,
        "median": 0,
        "min": 0,
        "var": 0
    },
    "spectral_centroid": {
        "dmean": 85.9672317505,
        "dmean2": 144.93258667,
        "dvar": 3942.7800293,
        "dvar2": 11459.3769531,
        "max": 3049.04589844,
        "mean": 2840.48120117,
        "median": 2842.81713867,
        "min": 2532.36645508,
        "var": 9305.78613281
    },
    "spectral_complexity": {
        "dmean": 3.95185184479,
        "dmean2": 6.82156133652,
        "dvar": 13.5199022293,
        "dvar2": 28.3176116943,
        "max": 50,
        "mean": 39.5719566345,
        "median": 40,
        "min": 0,
        "var": 18.2005386353
    },
    "spectral_decrease": {
        "dmean": 4.82125672718e-10,
        "dmean2": 8.06366862172e-10,
        "dvar": 1.68040862561e-19,
        "dvar2": 3.64043557602e-19,
        "max": -8.92341478487e-11,
        "mean": -3.86305032407e-09,
        "median": -3.87160659088e-09,
        "min": -4.87901408164e-09,
        "var": 2.40843380566e-19
    },
    "spectral_energy": {
        "dmean": 0.00217805034481,
        "dmean2": 0.00360786030069,
        "dvar": 3.47542913914e-06,
        "dvar2": 7.53148287913e-06,
        "max": 0.0222506653517,
        "mean": 0.0182072967291,
        "median": 0.0182329043746,
        "min": 0.000424654426752,
        "var": 4.90337470183e-06
    },
    "spectral_energyband_high": {
        "dmean": 0.000164034179761,
        "dmean2": 0.000273534940789,
        "dvar": 1.66038134353e-08,
        "dvar2": 4.63179574695e-08,
        "max": 0.00132777437102,
        "mean": 0.000580012914725,
        "median": 0.00055694906041,
        "min": 2.2363206881e-05,
        "var": 2.85530123989e-08
    },
    "spectral_energyband_low": {
        "dmean": 0.000714571389835,
        "dmean2": 0.0012168395333,
        "dvar": 6.62615207148e-07,
        "dvar2": 1.48285118939e-06,
        "max": 0.0100319050252,
        "mean": 0.00123715808149,
        "median": 0.00103884644341,
        "min": 1.99209043785e-05,
        "var": 1.20638640055e-06
    },
    "spectral_energyband_middle_high": {
        "dmean": 0.00185424194206,
        "dmean2": 0.00303932721727,
        "dvar": 2.74190301752e-06,
        "dvar2": 5.97017742621e-06,
        "max": 0.0202538557351,
        "mean": 0.0141230821609,
        "median": 0.014181625098,
        "min": 0.000348790345015,
        "var": 4.45281830252e-06
    },
    "spectral_energyband_middle_low": {
        "dmean": 0.000837771047372,
        "dmean2": 0.00146926974412,
        "dvar": 5.86648866374e-07,
        "dvar2": 1.67878454249e-06,
        "max": 0.00741951726377,
        "mean": 0.00239053461701,
        "median": 0.00217563356273,
        "min": 3.00356205116e-05,
        "var": 1.19031153645e-06
    },
    "spectral_entropy": {
        "dmean": 0.0541174411774,
        "dmean2": 0.0931733474135,
        "dvar": 0.0018642769428,
        "dvar2": 0.00460431771353,
        "max": 7.96246528625,
        "mean": 7.52268695831,
        "median": 7.52061605453,
        "min": 7.36908197403,
        "var": 0.00423089042306
    },
    "spectral_flux": {
        "dmean": 0.00777330482379,
        "dmean2": 0.0129807470366,
        "dvar": 3.96649302274e-05,
        "dvar2": 0.000101065481431,
        "max": 0.120870247483,
        "mean": 0.0831007808447,
        "median": 0.0820383504033,
        "min": 0.0670934617519,
        "var": 6.24957538093e-05
    },
    "spectral_kurtosis": {
        "dmean": 4.37680053711,
        "dmean2": 8.02210330963,
        "dvar": 10.8582296371,
        "dvar2": 32.4581108093,
        "max": 26.1490421295,
        "mean": 9.60230445862,
        "median": 9.04656791687,
        "min": 2.94291830063,
        "var": 16.2020988464
    },
    "spectral_rms": {
        "dmean": 0.000258652347839,
        "dmean2": 0.000424073485192,
        "dvar": 7.75316237878e-08,
        "dvar2": 1.29890935341e-07,
        "max": 0.00465918099508,
        "mean": 0.00420294189826,
        "median": 0.00421760603786,
        "min": 0.00064365909202,
        "var": 9.84903039125e-08
    },
    "spectral_rolloff": {
        "dmean": 111.254882812,
        "dmean2": 188.675643921,
        "dvar": 7019.58105469,
        "dvar2": 20541.0917969,
        "max": 3660.64453125,
        "mean": 3325.01245117,
        "median": 3337.64648438,
        "min": 3036.18164062,
        "var": 11736.9140625
    },
    "spectral_skewness": {
        "dmean": 0.390466272831,
        "dmean2": 0.705467641354,
        "dvar": 0.0954303070903,
        "dvar2": 0.27810895443,
        "max": 3.81505775452,
        "mean": 1.1113948822,
        "median": 1.05907583237,
        "min": 0.460734635592,
        "var": 0.153486505151
    },
    "spectral_spread": {
        "dmean": 129213.1875,
        "dmean2": 209223.5625,
        "dvar": 65885896704,
        "dvar2": 54670991360,
        "max": 6710849,
        "mean": 1809309.75,
        "median": 1779733.125,
        "min": 1421128.625,
        "var": 114458173440
    },
    "spectral_strongpeak": {
        "dmean": 1.54717814922,
        "dmean2": 2.75372362137,
        "dvar": 1.5588965416,
        "dvar2": 4.22609043121,
        "max": 6.55757141113,
        "mean": 1.93983399868,
        "median": 2.13903713226,
        "min": 0.0428365916014,
        "var": 2.24832487106
    },
    "zerocrossingrate": {
        "dmean": 0.00432219309732,
        "dmean2": 0.00564336962998,
        "dvar": 2.95780973829e-05,
        "dvar2": 3.28098140017e-05,
        "max": 0.12451171875,
        "mean": 0.108895726502,
        "median": 0.1103515625,
        "min": 0.025390625,
        "var": 8.25323659228e-05
    },
    "barkbands": {
        "dmean": [4.8131537369e-06, 0.000646305968985, 0.000150083025801, 0.000226686315727, 0.000610924034845, 9.09532172955e-05, 0.00019548277487, 6.72951355227e-05, 0.000229709796258, 0.000142832475831, 0.000104121529148, 0.000222987451707, 5.10414720338e-05, 0.000353371258825, 0.000343496532878, 0.00104730797466, 0.00129528145771, 0.000821164401714, 0.000921627273783, 0.000316671386827, 7.34608838684e-05, 1.27760376927e-05, 9.03901934635e-07, 2.78739707937e-06, 7.52731409648e-07, 2.7470471764e-07, 2.38440769351e-08],
        "dmean2": [7.97661505203e-06, 0.00110852101352, 0.00027314608451, 0.00040077167796, 0.00106717983726, 0.000151849031681, 0.000331708608428, 0.000112610141514, 0.000379489152692, 0.000246944982791, 0.000182398143806, 0.000363851926522, 7.81087655923e-05, 0.000592798634898, 0.00057546060998, 0.00177963078022, 0.00223860144615, 0.0014074674109, 0.00154656206723, 0.000548879208509, 0.00012613311992, 2.127899279e-05, 1.56048804456e-06, 4.66604251415e-06, 1.29237878355e-06, 4.58818703919e-07, 4.08909635041e-08],
        "dvar": [7.86402401531e-11, 6.31412888197e-07, 2.25942837773e-08, 7.2704096965e-08, 3.23305897609e-07, 1.17909149111e-08, 6.76511007214e-08, 3.14275583335e-09, 6.32333723161e-08, 3.25995586081e-08, 9.34283317378e-09, 1.0180166754e-07, 4.78267825343e-09, 1.08019065692e-07, 8.02386708187e-08, 6.71431166666e-07, 9.6995097465e-07, 3.825875865e-07, 5.16637157943e-07, 8.23619146217e-08, 3.84145293353e-09, 1.06342303019e-10, 6.21496777653e-13, 5.00000258211e-12, 4.38664079019e-13, 5.73548844594e-14, 5.67202431179e-16],
        "dvar2": [1.34720568035e-10, 1.50722519265e-06, 6.92359662935e-08, 2.10090504993e-07, 1.03359127479e-06, 2.77672391746e-08, 1.83338414672e-07, 8.88506956898e-09, 1.52092695771e-07, 9.11021871275e-08, 2.45226186024e-08, 2.21862350713e-07, 7.43749506427e-09, 2.92789081868e-07, 2.20381679128e-07, 2.08411211133e-06, 2.66438087237e-06, 1.07895732526e-06, 1.49760705881e-06, 2.24827971351e-07, 1.07789439596e-08, 3.06767861113e-10, 1.91204495813e-12, 1.3876105126e-11, 1.08449750916e-12, 1.43308474354e-13, 1.42935931052e-15],
        "max": [0.000131730659632, 0.00977907516062, 0.00131881784182, 0.00208468874916, 0.00389280170202, 0.00106026697904, 0.0026495908387, 0.000419003859861, 0.00286840135232, 0.00194400036708, 0.000611066294368, 0.00546496314928, 0.00132458820008, 0.00389452977106, 0.00214216439053, 0.00552752660587, 0.00809437967837, 0.00429656915367, 0.00692907394841, 0.00229124259204, 0.000519130087923, 0.000108561253001, 6.46468743071e-06, 2.00898666662e-05, 6.44189003651e-06, 3.84440181733e-06, 2.07299464705e-07],
        "mean": [6.29763144389e-06, 0.000975137285423, 0.000169801423908, 0.000252514320891, 0.000945747247897, 0.000138724746648, 0.000324693362927, 0.000127330989926, 0.000532229838427, 0.00026863385574, 0.000188642370631, 0.000373203511117, 9.79797914624e-05, 0.000765260250773, 0.000811319041532, 0.00253642746247, 0.00329722813331, 0.00218741409481, 0.00296621676534, 0.000944605853874, 0.000243209142354, 3.6363817344e-05, 2.78781953966e-06, 1.19259175335e-05, 2.58974682765e-06, 9.88410533864e-07, 3.1425216207e-08],
        "median": [3.83070027965e-06, 0.000749371713027, 0.000118426032714, 0.000155318659381, 0.000815126346424, 0.000105478124169, 0.00017741897318, 0.000115746108349, 0.000423622404924, 0.000211706050322, 0.000163803051692, 0.000285396497929, 7.62362833484e-05, 0.000654243456665, 0.000766703276895, 0.00246841250919, 0.00304072443396, 0.00205299654044, 0.00289183319546, 0.0009016286931, 0.000226565462071, 3.34342366841e-05, 2.67892005468e-06, 1.13352152766e-05, 2.55816007666e-06, 9.5001672662e-07, 2.56366909923e-08],
        "min": [5.61286555012e-08, 1.22614055726e-05, 2.2167989755e-06, 1.70335533767e-06, 1.0429386748e-05, 2.75852266896e-06, 1.83268173259e-06, 1.86237252819e-06, 1.05314620669e-05, 1.05674587303e-06, 5.84128770242e-07, 7.51528830278e-07, 1.81551513379e-06, 5.96478348598e-05, 4.96856373502e-05, 4.25751386501e-05, 8.68494607857e-05, 3.26771878463e-05, 4.61567906314e-05, 4.55205554317e-05, 3.06594392896e-06, 8.74814816143e-07, 1.29965187057e-07, 2.06604653386e-07, 5.61983206637e-08, 2.51364689063e-08, 2.89644996876e-09],
        "var": [1.30388727593e-10, 1.05125150185e-06, 2.31266064077e-08, 7.98467993945e-08, 4.60129570001e-07, 1.67346367874e-08, 1.88258226785e-07, 6.5481708944e-09, 1.64955523019e-07, 4.51741151153e-08, 1.22608776465e-08, 1.79788415267e-07, 1.24739978347e-08, 2.54505465591e-07, 1.17529040722e-07, 9.23378649986e-07, 1.56296869136e-06, 6.32999615391e-07, 7.95470953108e-07, 1.10308995716e-07, 6.19698115045e-09, 2.43308512227e-10, 7.90295129685e-13, 8.37726936431e-12, 7.0233825266e-13, 1.06584574879e-13, 6.82486156399e-16]
    },
    "erbbands": {
        "dmean": [0.014746516943, 0.159818202257, 0.206206724048, 0.396947801113, 2.1909737587, 1.69196820259, 0.669472038746, 0.82606780529, 1.13638877869, 3.51378083229, 2.00024390221, 6.36800336838, 3.68785619736, 6.23738670349, 4.64779853821, 8.83870697021, 1.82655096054, 11.0634422302, 17.1133956909, 33.3556137085, 54.274356842, 75.2692108154, 35.3139038086, 56.1512985229, 28.3602600098, 15.1528778076, 3.67665457726, 2.16348695755, 0.494802236557, 0.0706247985363, 0.0284649990499, 0.0762706696987, 0.0381480641663, 0.014474359341, 0.0012086299248, 0.001412472222, 0.000498789071571, 4.79208647448e-05, 2.48263290814e-06, 3.06061497213e-06],
        "dmean2": [0.0235410388559, 0.279103189707, 0.365283071995, 0.711203217506, 3.85107374191, 3.00820016861, 1.14815318584, 1.39483129978, 1.99587118626, 5.84236288071, 3.38697886467, 10.70175457, 6.0062584877, 11.0474462509, 7.85624551773, 14.4882526398, 2.7808380127, 18.7986431122, 28.164812088, 57.8730773926, 93.7626571655, 130.21105957, 60.6235275269, 99.7348861694, 46.5520477295, 25.9158725739, 6.10259914398, 3.81971716881, 0.845529615879, 0.123421959579, 0.0489186681807, 0.129308149219, 0.0636542886496, 0.0246794000268, 0.00200920063071, 0.00235270010307, 0.000848170893732, 8.34889287944e-05, 4.11057408201e-06, 5.0316011766e-06],
        "dvar": [0.000566583243199, 0.0324822701514, 0.0323751159012, 0.325219810009, 5.20293712616, 2.0779876709, 0.581031680107, 0.852296710014, 2.34865617752, 18.3998794556, 2.4084687233, 56.3907432556, 16.9327964783, 57.1697235107, 15.8912668228, 167.432144165, 5.02464771271, 147.280227661, 204.078033447, 994.696289062, 1976.33520508, 3667.52197266, 690.044250488, 2492.78564453, 446.473602295, 190.522186279, 7.95391798019, 3.53855347633, 0.190070301294, 0.00385034224018, 0.000632763316389, 0.00335757783614, 0.000944974133745, 0.000159355127835, 1.10911093998e-06, 1.58913576342e-06, 1.675658865e-07, 1.94648164253e-09, 5.0162291855e-12, 6.81468770303e-12],
        "dvar2": [0.00121062074322, 0.0812048763037, 0.0990828946233, 0.97370827198, 16.2416210175, 6.18021249771, 1.34056067467, 2.25726342201, 6.82941246033, 48.6123695374, 6.90405464172, 137.970108032, 43.0209159851, 164.465530396, 37.2591018677, 372.051452637, 9.37995910645, 387.11114502, 452.473724365, 2760.70166016, 5619.61181641, 10058.2792969, 2118.01757812, 7127.03808594, 1194.2911377, 528.867431641, 23.1664581299, 10.1370420456, 0.551800489426, 0.0101299593225, 0.0018946568016, 0.0102111855522, 0.00245389761403, 0.00037538545439, 2.63917354459e-06, 3.85561725125e-06, 4.28395907193e-07, 5.34238786543e-09, 1.2144524969e-11, 1.49196419108e-11],
        "max": [0.357725769281, 1.89917504787, 1.132122159, 6.52688312531, 14.1506509781, 9.37957954407, 8.86291694641, 8.33344745636, 12.9945755005, 46.825138092, 10.4568357468, 79.180770874, 57.384262085, 77.6011962891, 46.774646759, 225.06489563, 46.723739624, 178.477478027, 170.766220093, 276.005859375, 321.644683838, 459.286834717, 203.873580933, 392.238800049, 187.957382202, 127.179206848, 24.8824939728, 14.5675067902, 3.75881576538, 0.953824460506, 0.229696556926, 0.527439236641, 0.294298261404, 0.119805701077, 0.0128287877887, 0.0202213488519, 0.0055724256672, 0.000326165172737, 3.34267278959e-05, 3.24269385601e-05],
        "mean": [0.0235620364547, 0.231099039316, 0.270250618458, 0.531493008137, 3.00252628326, 2.48893356323, 1.16508412361, 1.29018783569, 2.04157042503, 5.88060951233, 4.33524227142, 12.7043046951, 9.13387966156, 9.6865901947, 9.49180984497, 14.9872932434, 5.10642004013, 25.6544208527, 44.9381484985, 76.6865921021, 153.071273804, 184.586334229, 118.254760742, 171.673309326, 105.964683533, 46.0876426697, 13.3111419678, 6.72244405746, 1.68091154099, 0.269546538591, 0.10670555383, 0.268387615681, 0.155373170972, 0.0542268157005, 0.00550988735631, 0.00494814384729, 0.00174374482594, 0.000113115405838, 1.88013909792e-05, 2.65236649284e-05],
        "median": [0.0160739701241, 0.177591711283, 0.214960560203, 0.363696426153, 2.301902771, 2.0510456562, 0.887555778027, 0.926962018013, 1.32050263882, 3.38917517662, 4.16279220581, 9.77599334717, 7.10040330887, 7.80341815948, 8.22180080414, 11.2079820633, 4.18793201447, 21.2354278564, 43.084072113, 72.3697357178, 151.387557983, 169.062957764, 118.531692505, 165.56036377, 105.329536438, 43.4065856934, 12.9555397034, 6.43863391876, 1.55076503754, 0.25901940465, 0.103532709181, 0.258233994246, 0.150288522243, 0.052765276283, 0.00538442423567, 0.00469976617023, 0.00167651369702, 0.00010135271441, 1.85453336599e-05, 2.67496270681e-05],
        "min": [0.000294046942145, 0.00226528686471, 0.00328450114466, 0.00369977438822, 0.0190464090556, 0.0390813723207, 0.0357962399721, 0.0181661918759, 0.0219257157296, 0.0302573852241, 0.0668715238571, 0.237234383821, 0.128540351987, 0.0193813890219, 0.0223975647241, 0.038403429091, 0.0938065499067, 1.45005095005, 4.22547960281, 1.80200994015, 3.17706131935, 4.69196796417, 2.19967007637, 1.98659229279, 2.40961503983, 2.18053174019, 0.361178576946, 0.100441388786, 0.0283806715161, 0.00755853345618, 0.00343189574778, 0.0038032727316, 0.00338697177358, 0.00110671599396, 0.000165115110576, 0.000127960127429, 5.07672266394e-05, 7.21041942597e-06, 1.11806514269e-06, 6.82052757384e-07],
        "var": [0.000995049020275, 0.0524646602571, 0.0419249199331, 0.317039638758, 6.41374874115, 3.12040066719, 0.923093318939, 1.14678072929, 4.66149330139, 57.2850952148, 5.34178876877, 117.33265686, 61.2134819031, 58.9841461182, 34.3599281311, 296.016784668, 18.9408740997, 399.603607178, 418.950927734, 1137.72375488, 2767.82714844, 5323.63916016, 1207.98193359, 3199.64916992, 834.036193848, 251.468231201, 13.2195510864, 5.28688287735, 0.417248249054, 0.0109379505739, 0.000831308600027, 0.00547593599185, 0.00157671316992, 0.000262650573859, 2.61110403699e-06, 3.0137525755e-06, 3.02156223597e-07, 2.81725776041e-09, 7.71684105505e-12, 9.91240423076e-12]
    },
    "gfcc": {
        "mean": [-8.0375328064, 90.77368927, -187.967300415, 59.2980957031, -26.6086425781, -11.2644577026, -29.5425949097, 21.315574646, -22.6782684326, -6.77970933914, -15.1059236526, -11.8606281281, 0.795898318291],
        "cov": [[239.941055298, 49.9997901917, 17.3485221863, -17.5467300415, -32.8310852051, 0.68336635828, 5.60038948059, -0.773529708385, -8.78113746643, -6.20247650146, -2.75606679916, 10.0960817337, -3.59040045738], [49.9997901917, 78.2180938721, 43.3534355164, 9.51860141754, -3.35913038254, -5.70861721039, 6.27655029297, 7.93095970154, 8.37408256531, -1.51496970654, 0.16069996357, 3.57356858253, 2.87350702286], [17.3485221863, 43.3534355164, 58.8106575012, 36.1280708313, 17.0665225983, 2.3718752861, 8.49428844452, 15.3089227676, 7.85252380371, -1.18803405762, -4.10013008118, 3.87366724014, 4.43683481216], [-17.5467300415, 9.51860141754, 36.1280708313, 61.7711524963, 47.0074272156, 16.9823932648, 11.6945610046, 10.5461626053, 4.43187141418, -6.19350671768, 0.124051980674, -0.700456738472, 10.3903408051], [-32.8310852051, -3.35913038254, 17.0665225983, 47.0074272156, 65.0020599365, 33.2720870972, 11.927315712, 2.0930416584, -3.194054842, -6.15671348572, 7.29759216309, 2.63071846962, 9.10756969452], [0.68336635828, -5.70861721039, 2.3718752861, 16.9823932648, 33.2720870972, 47.5430412292, 28.1701259613, 2.41214632988, -1.85977077484, 2.7210726738, 8.42791175842, 8.67554569244, 4.68649530411], [5.60038948059, 6.27655029297, 8.49428844452, 11.6945610046, 11.927315712, 28.1701259613, 41.6392059326, 29.5694980621, 15.9282855988, 6.00797653198, 4.9060177803, 7.46372747421, 4.78785705566], [-0.773529708385, 7.93095970154, 15.3089227676, 10.5461626053, 2.0930416584, 2.41214632988, 29.5694980621, 53.5830421448, 34.6122245789, 8.61550331116, 6.00034093857, 3.87958025932, 6.51863002777], [-8.78113746643, 8.37408256531, 7.85252380371, 4.43187141418, -3.194054842, -1.85977077484, 15.9282855988, 34.6122245789, 41.0531921387, 19.2386474609, 7.58879566193, 4.33155488968, 2.85519599915], [-6.20247650146, -1.51496970654, -1.18803405762, -6.19350671768, -6.15671348572, 2.7210726738, 6.00797653198, 8.61550331116, 19.2386474609, 30.9842815399, 17.6738510132, 8.14976024628, 2.90376710892], [-2.75606679916, 0.16069996357, -4.10013008118, 0.124051980674, 7.29759216309, 8.42791175842, 4.9060177803, 6.00034093857, 7.58879566193, 17.6738510132, 31.8018989563, 16.0284767151, 7.41551685333], [10.0960817337, 3.57356858253, 3.87366724014, -0.700456738472, 2.63071846962, 8.67554569244, 7.46372747421, 3.87958025932, 4.33155488968, 8.14976024628, 16.0284767151, 27.7272949219, 12.7182006836], [-3.59040045738, 2.87350702286, 4.43683481216, 10.3903408051, 9.10756969452, 4.68649530411, 4.78785705566, 6.51863002777, 2.85519599915, 2.90376710892, 7.41551685333, 12.7182006836, 25.2786808014]],
        "icov": [[0.00629188632593, -0.00640084594488, 0.00397379184142, -0.00466120569035, 0.00811235886067, -0.00858687330037, 0.00728498678654, -0.00750253628939, 0.00662387767807, -0.00151423795614, 0.00273353094235, -0.00470406329259, 0.00305435969494], [-0.00640084594488, 0.0481360442936, -0.0559646710753, 0.0350764133036, -0.0122697064653, 0.0272450167686, -0.0432684458792, 0.0502197816968, -0.0413299575448, 0.0354737527668, -0.0341812036932, 0.0266682561487, -0.019158102572], [0.00397379184142, -0.0559646710753, 0.103239521384, -0.0710964053869, 0.0185994226485, -0.0284820459783, 0.0572066418827, -0.0743350312114, 0.0593850538135, -0.0557369664311, 0.0565013848245, -0.0488272160292, 0.0326279252768], [-0.00466120569035, 0.0350764133036, -0.0710964053869, 0.096960388124, -0.0564113035798, 0.0399255156517, -0.0545470193028, 0.0552569143474, -0.0467534326017, 0.0378513671458, -0.0315871834755, 0.0385962128639, -0.0322395637631], [0.00811235886067, -0.0122697064653, 0.0185994226485, -0.0564113035798, 0.0817461237311, -0.0660771504045, 0.0499383695424, -0.029922587797, 0.01422467269, 0.00628152163699, -0.00549514871091, -0.00508741848171, 0.00536855263636], [-0.00858687330037, 0.0272450167686, -0.0284820459783, 0.0399255156517, -0.0660771504045, 0.124943599105, -0.117510020733, 0.0748965591192, -0.0243902504444, 0.00982804223895, -0.0214300397784, 0.010635339655, -0.00958051159978], [0.00728498678654, -0.0432684458792, 0.0572066418827, -0.0545470193028, 0.0499383695424, -0.117510020733, 0.170085161924, -0.12531119585, 0.0568508245051, -0.0429379120469, 0.0497140809894, -0.0396360121667, 0.0260949265212], [-0.00750253628939, 0.0502197816968, -0.0743350312114, 0.0552569143474, -0.029922587797, 0.0748965591192, -0.12531119585, 0.156718865037, -0.111254259944, 0.0737175419927, -0.0645286589861, 0.0498118512332, -0.0382567457855], [0.00662387767807, -0.0413299575448, 0.0593850538135, -0.0467534326017, 0.01422467269, -0.0243902504444, 0.0568508245051, -0.111254259944, 0.133477017283, -0.08942373842, 0.0551710873842, -0.0408402569592, 0.0313104204834], [-0.00151423795614, 0.0354737527668, -0.0557369664311, 0.0378513671458, 0.00628152163699, 0.00982804223895, -0.0429379120469, 0.0737175419927, -0.08942373842, 0.119267560542, -0.0767648667097, 0.0368778221309, -0.0246199648827], [0.00273353094235, -0.0341812036932, 0.0565013848245, -0.0315871834755, -0.00549514871091, -0.0214300397784, 0.0497140809894, -0.0645286589861, 0.0551710873842, -0.0767648667097, 0.104913547635, -0.0592706911266, 0.0221472736448], [-0.00470406329259, 0.0266682561487, -0.0488272160292, 0.0385962128639, -0.00508741848171, 0.010635339655, -0.0396360121667, 0.0498118512332, -0.0408402569592, 0.0368778221309, -0.0592706911266, 0.0938646346331, -0.0459318421781], [0.00305435969494, -0.019158102572, 0.0326279252768, -0.0322395637631, 0.00536855263636, -0.00958051159978, 0.0260949265212, -0.0382567457855, 0.0313104204834, -0.0246199648827, 0.0221472736448, -0.0459318421781, 0.0703640431166]]
    },
    "melbands": {
        "dmean": [0.000162967349752, 0.000140712407301, 0.00011660389282, 0.000159677583724, 2.71563603746e-05, 1.75986151589e-05, 2.54382121057e-05, 3.17449630529e-05, 1.94620261027e-05, 4.05924001825e-05, 1.78859845619e-05, 2.59772787103e-05, 1.50642217704e-05, 3.17651829391e-05, 6.62751199343e-06, 8.46462990012e-06, 2.48954092967e-05, 3.31837618432e-05, 3.19327191391e-05, 6.47263004794e-05, 7.48489619582e-05, 8.50705328048e-05, 6.13105148659e-05, 4.16480033891e-05, 5.36821899004e-05, 3.15507895721e-05, 1.78156715265e-05, 9.76159935817e-06, 2.2456545139e-06, 2.93261223305e-06, 9.0531875685e-07, 3.7183028212e-07, 1.40375632895e-07, 1.6786774637e-08, 1.50967256474e-08, 3.7918681528e-08, 5.78531995643e-08, 3.61107304059e-08, 2.15645563628e-08, 1.13462803597e-08],
        "dmean2": [0.000274670252111, 0.000247585034231, 0.000206152370083, 0.000277307699434, 4.70529048471e-05, 2.94167002721e-05, 4.45011210104e-05, 5.32201156602e-05, 3.32133895427e-05, 6.75586998113e-05, 2.92810655083e-05, 4.59261573269e-05, 2.60736014752e-05, 5.17925291206e-05, 1.1503546375e-05, 1.28968868012e-05, 4.22761586378e-05, 5.55364022148e-05, 5.42043126188e-05, 0.000110221175419, 0.000129317966639, 0.000150298583321, 0.000101083031041, 7.11688044248e-05, 9.60108300205e-05, 5.13810518896e-05, 3.11247786158e-05, 1.66176560015e-05, 3.84864642911e-06, 5.14097291671e-06, 1.54414533426e-06, 6.26044084129e-07, 2.44058441012e-07, 2.86570021046e-08, 2.65076813832e-08, 6.51467786383e-08, 9.97319986595e-08, 6.08287891168e-08, 3.46852537803e-08, 1.91374329717e-08],
        "dvar": [5.03363537518e-08, 1.6879072362e-08, 1.64696238869e-08, 2.12321431547e-08, 6.64033439346e-10, 3.90449866883e-10, 1.21140408815e-09, 1.44825618165e-09, 2.22439081043e-10, 2.28803953561e-09, 4.07288813786e-10, 1.03971031784e-09, 1.97082100639e-10, 2.24185670028e-09, 7.26896806635e-11, 1.48654921706e-10, 6.73059663558e-10, 8.40366609633e-10, 6.28051777252e-10, 2.77427036899e-09, 3.50997808596e-09, 4.68806105047e-09, 1.77737247142e-09, 1.0677478901e-09, 2.40427322495e-09, 6.36673769261e-10, 2.25403917753e-10, 7.75374695006e-11, 2.85342192582e-12, 5.77881666131e-12, 5.93270170404e-13, 9.61075769207e-14, 1.22774376386e-14, 2.4656001482e-16, 1.53036248377e-16, 8.42092733469e-16, 2.2307834511e-15, 8.77957220186e-16, 2.43688599598e-16, 8.94071995538e-17],
        "dvar2": [1.15897726971e-07, 4.3824485374e-08, 5.01285768451e-08, 6.88460914944e-08, 1.7419362619e-09, 1.01629360483e-09, 3.41122219361e-09, 3.83094977963e-09, 6.30334229257e-10, 5.46906697707e-09, 1.06153186241e-09, 2.99948554883e-09, 5.36249433747e-10, 4.9198227714e-09, 1.84663867531e-10, 3.15003911844e-10, 1.82206316701e-09, 1.90332039018e-09, 1.84894677346e-09, 8.3788469496e-09, 9.92260051902e-09, 1.18530509852e-08, 5.66066793439e-09, 3.25479265761e-09, 6.85304257786e-09, 1.77409997804e-09, 6.38246233642e-10, 2.19237225596e-10, 8.13044076509e-12, 1.60188407677e-11, 1.75692468386e-12, 2.99759295077e-13, 3.4816855616e-14, 6.88552341669e-16, 4.39603270422e-16, 2.30523320024e-15, 6.83598236543e-15, 2.35289637945e-15, 6.72579682564e-16, 2.25180188547e-16],
        "max": [0.0030220199842, 0.00112396420445, 0.000909342314117, 0.000996773713268, 0.000243616479565, 0.000168426951859, 0.000308381044306, 0.000407601415645, 9.49047971517e-05, 0.000515654217452, 0.000275460159173, 0.000331231567543, 0.000102038749901, 0.000775461958256, 0.000141490745591, 0.000192187580978, 0.000333792326273, 0.000328732625348, 0.000175915833097, 0.000401131954277, 0.000474536966067, 0.000485830794787, 0.000296127516776, 0.000228696371778, 0.000359708443284, 0.000249404285569, 0.000110875560495, 8.27879557619e-05, 1.38368404805e-05, 1.84779200936e-05, 5.72776662011e-06, 2.68207668341e-06, 1.15318164262e-06, 2.05917430662e-07, 1.03931135698e-07, 2.28230476296e-07, 4.5855884423e-07, 2.54753700801e-07, 1.4437436846e-07, 8.52138626328e-08],
        "mean": [0.000252539553912, 0.000206206343137, 0.000157101661898, 0.000234035716858, 4.76861132483e-05, 2.72245470114e-05, 4.37793678429e-05, 5.4979835113e-05, 3.80808924092e-05, 8.42306981212e-05, 4.17955779994e-05, 3.84837767342e-05, 2.75739857898e-05, 5.03869741806e-05, 1.376054297e-05, 1.58620787261e-05, 5.31788573426e-05, 7.66047596699e-05, 7.13260014891e-05, 0.000137133116368, 0.000189088750631, 0.000189444792341, 0.000142202610732, 0.000101636731415, 0.000148722145241, 9.50269241002e-05, 5.34320934094e-05, 2.41355082835e-05, 6.73711565469e-06, 7.78125286161e-06, 2.49136269304e-06, 9.94777110463e-07, 3.90292683505e-07, 4.99298344891e-08, 4.0255383027e-08, 1.13235472554e-07, 1.85908248795e-07, 1.23428350207e-07, 7.08023222273e-08, 3.57772194093e-08],
        "median": [0.00018757347425, 0.000170143452124, 0.000115939554235, 0.00019494452863, 3.87680447602e-05, 2.00007816602e-05, 2.56889343291e-05, 3.1124563975e-05, 3.62762839359e-05, 6.3926599978e-05, 3.31539886247e-05, 3.00965803035e-05, 2.30890509556e-05, 3.81442841899e-05, 1.09270449684e-05, 1.12978223115e-05, 4.48939390481e-05, 7.00047748978e-05, 6.76956769894e-05, 0.000123244710267, 0.000184315504157, 0.000171856954694, 0.000134470275952, 9.53502749326e-05, 0.000141260752571, 9.30595051614e-05, 5.01588219777e-05, 2.18769619096e-05, 6.4995106186e-06, 7.08292100171e-06, 2.32693560065e-06, 9.0925141194e-07, 3.57193641776e-07, 4.48745289816e-08, 3.79244937676e-08, 1.08413125588e-07, 1.77411450863e-07, 1.17812554379e-07, 7.03774958311e-08, 3.44257387042e-08],
        "min": [3.08383050651e-06, 2.19342064156e-06, 1.02287185655e-06, 2.21015125135e-06, 1.39679627864e-06, 4.25192354214e-07, 3.47237090637e-07, 3.28101663172e-07, 6.51867026136e-07, 1.59383318987e-06, 5.96272059283e-07, 5.55604060537e-08, 6.74911078136e-08, 9.50954159862e-08, 7.72968675733e-08, 2.68161329586e-07, 3.1050585676e-06, 7.81113885751e-06, 3.29362660523e-06, 1.72943452981e-06, 4.58813019577e-06, 5.43836404177e-06, 2.28144222092e-06, 1.83421980182e-06, 1.5430196072e-06, 1.76259288764e-06, 1.8866804794e-06, 1.38328880439e-06, 2.43689413537e-07, 7.79131354989e-08, 4.65873881694e-08, 2.14144542099e-08, 3.17849857545e-09, 3.91370624797e-09, 1.8607767549e-09, 1.50027279489e-09, 2.65348143458e-09, 2.43097497687e-09, 1.95309590723e-09, 6.40949848751e-10],
        "var": [8.50193302426e-08, 2.7788074064e-08, 1.86825968029e-08, 3.06042622356e-08, 1.17942733358e-09, 5.42420608429e-10, 2.79269607439e-09, 4.49819381743e-09, 4.57887588956e-10, 5.15307752025e-09, 1.38728095678e-09, 1.07393338666e-09, 2.64676697226e-10, 3.54000295744e-09, 1.63152338861e-10, 3.74543646098e-10, 1.58691459973e-09, 1.64381352974e-09, 9.01108743179e-10, 3.68971142528e-09, 5.14206277558e-09, 6.69507027595e-09, 3.17091064517e-09, 1.62118340974e-09, 2.89401946851e-09, 1.0271221651e-09, 3.22265797381e-10, 9.85883041871e-11, 4.42911072401e-12, 9.16074507917e-12, 9.08410987491e-13, 1.94009278044e-13, 3.01408000663e-14, 5.25078847437e-16, 1.99532838232e-16, 1.30970478942e-15, 3.15990193775e-15, 1.33485902097e-15, 4.82498236481e-16, 1.50146013142e-16]
    },
    "mfcc": {
        "mean": [-625.010070801, 106.737258911, -78.0114212036, 57.6112976074, 15.9989624023, -15.5852384567, 11.5207681656, 2.67967200279, 13.1573343277, 4.94821453094, -6.44844341278, 0.302406340837, -10.4423189163],
        "cov": [[238.972427368, 39.1631202698, 20.6954193115, -22.4481773376, -32.9530448914, -4.48202753067, -2.49471306801, 3.25979089737, -3.97961378098, -20.1387252808, 0.00141013821121, 1.10299789906, 5.09102153778], [39.1631202698, 67.5050354004, 34.5743255615, 5.31417751312, -8.29483127594, -9.49222183228, -8.24476909637, 2.1872587204, 2.92719626427, -2.74456238747, 1.86990463734, 3.46444344521, 9.74154663086], [20.6954193115, 34.5743255615, 50.2154655457, 25.2737846375, 0.636614263058, -7.19145584106, -3.16354513168, 8.73377227783, 14.5774154663, 3.42442679405, 4.12561273575, 0.893686234951, 8.98938655853], [-22.4481773376, 5.31417751312, 25.2737846375, 54.276473999, 33.8668327332, -0.0257263332605, 6.54820537567, 12.6414108276, 15.6012029648, 8.02249240875, -4.40543079376, -0.0144936740398, 0.168996959925], [-32.9530448914, -8.29483127594, 0.636614263058, 33.8668327332, 56.1978187561, 21.1773357391, 19.788974762, 8.52293014526, 0.771215319633, 3.66558408737, -11.6028299332, -0.416863560677, -1.62760841846], [-4.48202753067, -9.49222183228, -7.19145584106, -0.0257263332605, 21.1773357391, 56.3114356995, 26.8166885376, 5.68926048279, -7.25430679321, -7.81040048599, -2.90812969208, -3.8977868557, -3.08627581596], [-2.49471306801, -8.24476909637, -3.16354513168, 6.54820537567, 19.788974762, 26.8166885376, 43.4280776978, 19.2054100037, 4.12148189545, 0.644344389439, -2.30465626717, 0.330522626638, 1.68266093731], [3.25979089737, 2.1872587204, 8.73377227783, 12.6414108276, 8.52293014526, 5.68926048279, 19.2054100037, 41.6792640686, 21.8225631714, 7.71361494064, 3.21325421333, 6.62304115295, 5.2657251358], [-3.97961378098, 2.92719626427, 14.5774154663, 15.6012029648, 0.771215319633, -7.25430679321, 4.12148189545, 21.8225631714, 40.1371040344, 17.4435138702, 6.53774642944, 2.73977613449, 5.84727954865], [-20.1387252808, -2.74456238747, 3.42442679405, 8.02249240875, 3.66558408737, -7.81040048599, 0.644344389439, 7.71361494064, 17.4435138702, 33.0431137085, 14.373919487, 5.35362482071, 1.0056810379], [0.00141013821121, 1.86990463734, 4.12561273575, -4.40543079376, -11.6028299332, -2.90812969208, -2.30465626717, 3.21325421333, 6.53774642944, 14.373919487, 30.1443729401, 11.1156749725, 4.7804350853], [1.10299789906, 3.46444344521, 0.893686234951, -0.0144936740398, -0.416863560677, -3.8977868557, 0.330522626638, 6.62304115295, 2.73977613449, 5.35362482071, 11.1156749725, 26.9865951538, 15.961643219], [5.09102153778, 9.74154663086, 8.98938655853, 0.168996959925, -1.62760841846, -3.08627581596, 1.68266093731, 5.2657251358, 5.84727954865, 1.0056810379, 4.7804350853, 15.961643219, 33.3840904236]],
