{
"lowlevel": {
    "average_loudness": 0.986219525337,
    "barkbands_crest": {
        "dmean": 3.22991895676,
        "dmean2": 5.5646944046,
        "dvar": 6.43883371353,
        "dvar2": 18.3568115234,
        "max": 19.5380344391,
        "mean": 8.21710681915,
        "median": 7.64547300339,
        "min": 3.19498300552,
        "var": 9.56218719482
    },
    "barkbands_flatness_db": {
        "dmean": 0.0159038007259,
        "dmean2": 0.0255375429988,
        "dvar": 0.000157918562763,
        "dvar2": 0.000397560856072,
        "max": 0.218382820487,
        "mean": 0.154731988907,
        "median": 0.154032215476,
        "min": 0.111003674567,
        "var": 0.000288799492409
    },
    "barkbands_kurtosis": {
        "dmean": 0.656174242496,
        "dmean2": 1.13812756538,
        "dvar": 0.492078304291,
        "dvar2": 1.28208339214,
        "max": 3.32575654984,
        "mean": -0.678147614002,
        "median": -0.879259586334,
        "min": -1.71849644184,
        "var": 0.660341799259
    },
    "barkbands_skewness": {
        "dmean": 0.44262188673,
        "dmean2": 0.726045846939,
        "dvar": 0.124581381679,
        "dvar2": 0.356239110231,
        "max": 1.3279761076,
        "mean": -0.191008701921,
        "median": -0.161446541548,
        "min": -2.03930974007,
        "var": 0.326502144337
    },
    "barkbands_spread": {
        "dmean": 6.51578807831,
        "dmean2": 11.5503311157,
        "dvar": 22.0254955292,
        "dvar2": 71.722984314,
        "max": 38.2670783997,
        "mean": 23.9146404266,
        "median": 23.7040367126,
        "min": 9.07881641388,
        "var": 31.6270828247
    },
    "dissonance": {
        "dmean": 0.0135401701555,
        "dmean2": 0.0236940048635,
        "dvar": 0.00013560098887,
        "dvar2": 0.00038165456499,
        "max": 0.499500304461,
        "mean": 0.472982317209,
        "median": 0.473880380392,
        "min": 0.420623034239,
        "var": 0.000191260594875
    },
    "dynamic_complexity": 0.628414809704,
    "erbbands_crest": {
        "dmean": 3.23084521294,
        "dmean2": 5.50965213776,
        "dvar": 9.69758224487,
        "dvar2": 23.1925144196,
        "max": 25.3496265411,
        "mean": 9.78345298767,
        "median": 8.74351882935,
        "min": 5.03801202774,
        "var": 14.8122787476
    },
    "erbbands_flatness_db": {
        "dmean": 0.0164225585759,
        "dmean2": 0.0268105380237,
        "dvar": 0.000163272576174,
        "dvar2": 0.000419597374275,
        "max": 0.335355132818,
        "mean": 0.253137290478,
        "median": 0.250552624464,
        "min": 0.212119787931,
        "var": 0.000407317391364
    },
    "erbbands_kurtosis": {
        "dmean": 1.68736684322,
        "dmean2": 3.00345516205,
        "dvar": 2.83246684074,
        "dvar2": 8.18647098541,
        "max": 13.3957176208,
        "mean": 0.413220494986,
        "median": -0.321680545807,
        "min": -1.42950725555,
        "var": 4.24406433105
    },
    "erbbands_skewness": {
        "dmean": 0.702163398266,
        "dmean2": 1.24767017365,
        "dvar": 0.267113149166,
        "dvar2": 0.845666468143,
        "max": 1.22503817081,
        "mean": -0.715758502483,
        "median": -0.676007688046,
        "min": -3.09161496162,
        "var": 0.451937228441
    },
    "erbbands_spread": {
        "dmean": 4.66597080231,
        "dmean2": 7.60411596298,
        "dvar": 13.0171070099,
        "dvar2": 39.0092048645,
        "max": 46.4655036926,
        "mean": 22.1064052582,
        "median": 22.5677204132,
        "min": 6.18295621872,
        "var": 37.4997787476
    },
    "hfc": {
        "dmean": 8.45500564575,
        "dmean2": 13.3399753571,
        "dvar": 58.3218574524,
        "dvar2": 126.627853394,
        "max": 93.8846206665,
        "mean": 33.1941375732,
        "median": 31.1424198151,
        "min": 1.052957654,
        "var": 146.438751221
    },
    "melbands_crest": {
        "dmean": 3.35983395576,
        "dmean2": 5.76922178268,
        "dvar": 7.16315555573,
        "dvar2": 19.0307865143,
        "max": 22.4541492462,
        "mean": 9.66923141479,
        "median": 9.21889877319,
        "min": 3.95647835732,
        "var": 10.5828275681
    },
    "melbands_flatness_db": {
        "dmean": 0.0154295563698,
        "dmean2": 0.0241930522025,
        "dvar": 0.000145791636896,
        "dvar2": 0.000391634152038,
        "max": 0.233177810907,
        "mean": 0.175952479243,
        "median": 0.174876764417,
        "min": 0.13054035604,
        "var": 0.000294106634101
    },
    "melbands_kurtosis": {
        "dmean": 0.957123696804,
        "dmean2": 1.63350558281,
        "dvar": 0.909438967705,
        "dvar2": 2.59694170952,
        "max": 6.54730987549,
        "mean": -0.233028933406,
        "median": -0.55638384819,
        "min": -1.75114762783,
        "var": 1.41596055031
    },
    "melbands_skewness": {
        "dmean": 0.344896823168,
        "dmean2": 0.541015982628,
        "dvar": 0.0811315849423,
        "dvar2": 0.206046178937,
        "max": 2.53484153748,
        "mean": 0.605285286903,
        "median": 0.607722938061,
        "min": -0.95876532793,
        "var": 0.263815850019
    },
    "melbands_spread": {
        "dmean": 14.7235279083,
        "dmean2": 26.0390453339,
        "dvar": 104.763038635,
        "dvar2": 340.450775146,
        "max": 86.2200698853,
        "mean": 47.9648361206,
        "median": 47.7824058533,
        "min": 13.4821920395,
        "var": 178.052139282
    },
    "pitch_salience": {
        "dmean": 0.0578457340598,
        "dmean2": 0.0982688516378,
        "dvar": 0.00212223501876,
        "dvar2": 0.00484173325822,
        "max": 0.7647818923,
        "mean": 0.571023881435,
        "median": 0.573724806309,
        "min": 0.372129648924,
        "var": 0.00359633285552
    },
    "silence_rate_20dB": {
        "dmean": 0,
        "dmean2": 0,
        "dvar": 0,
        "dvar2": 0,
        "max": 1,
        "mean": 1,
        "median": 1,
        "min": 1,
        "var": 0
    },
    "silence_rate_30dB": {
        "dmean": 0,
        "dmean2": 0,
        "dvar": 0,
        "dvar2": 0,
        "max": 1,
        "mean": 1,
        "median": 1,
        "min": 1,
        "var": 0
    },
    "silence_rate_60dB": {
        "dmean": 0,
        "dmean2": 0,
        "dvar": 0,
        "dvar2": 0,
        "max": 0,
        "mean": 0,
        "median": 0,
        "min": 0,
        "var": 0
    },
    "spectral_centroid": {
        "dmean": 256.485626221,
        "dmean2": 437.134124756,
        "dvar": 35645.9453125,
        "dvar2": 112273.296875,
        "max": 2671.703125,
        "mean": 2087.81738281,
        "median": 2109.94140625,
        "min": 1265.75085449,
        "var": 79829.734375
    },
    "spectral_complexity": {
        "dmean": 3.26666665077,
        "dmean2": 5.15481185913,
        "dvar": 6.32888841629,
        "dvar2": 15.2270832062,
        "max": 42,
        "mean": 29.8921165466,
        "median": 30,
        "min": 1,
        "var": 19.0257034302
    },
    "spectral_decrease": {
        "dmean": 1.29136668026e-09,
        "dmean2": 2.15645634682e-09,
        "dvar": 1.06469084299e-18,
        "dvar2": 2.35596403335e-18,
        "max": -9.9755474714e-11,
        "mean": -5.29151833462e-09,
        "median": -5.30981170144e-09,
        "min": -9.02965435756e-09,
        "var": 2.05025896526e-18
    },
    "spectral_energy": {
        "dmean": 0.0054429047741,
        "dmean2": 0.00907122436911,
        "dvar": 1.95675766008e-05,
        "dvar2": 4.12277477153e-05,
        "max": 0.0416939035058,
        "mean": 0.0229821614921,
        "median": 0.0228218138218,
        "min": 0.000472006620839,
        "var": 3.89795168303e-05
    },
    "spectral_energyband_high": {
        "dmean": 0.000105555649498,
        "dmean2": 0.00016699351545,
        "dvar": 1.25653185634e-08,
        "dvar2": 2.36735573367e-08,
        "max": 0.00121727469377,
        "mean": 0.000298188329907,
        "median": 0.000263806374278,
        "min": 2.68470921583e-05,
        "var": 2.44996485321e-08
    },
    "spectral_energyband_low": {
        "dmean": 0.000707191298716,
        "dmean2": 0.00120775634423,
        "dvar": 4.6086177008e-07,
        "dvar2": 1.0036033018e-06,
        "max": 0.00713151786476,
        "mean": 0.00141447060741,
        "median": 0.0012043408351,
        "min": 9.80697950581e-06,
        "var": 9.77752506515e-07
    },
    "spectral_energyband_middle_high": {
        "dmean": 0.00368690979667,
        "dmean2": 0.00593873253092,
        "dvar": 1.11973304229e-05,
        "dvar2": 2.50482316915e-05,
        "max": 0.0359191447496,
        "mean": 0.012570171617,
        "median": 0.0114876693115,
        "min": 0.000359339697752,
        "var": 3.07009831886e-05
    },
    "spectral_energyband_middle_low": {
        "dmean": 0.00396306300536,
        "dmean2": 0.00686775846407,
        "dvar": 9.98377163342e-06,
        "dvar2": 2.63182155322e-05,
        "max": 0.0222187880427,
        "mean": 0.00902983918786,
        "median": 0.00836604833603,
        "min": 7.69903854234e-05,
        "var": 1.84147720574e-05
    },
    "spectral_entropy": {
        "dmean": 0.093469299376,
        "dmean2": 0.148432508111,
        "dvar": 0.00587029196322,
        "dvar2": 0.0137438764796,
        "max": 7.83352422714,
        "mean": 7.38589048386,
        "median": 7.4023938179,
        "min": 6.98383045197,
        "var": 0.0126080205664
    },
    "spectral_flux": {
        "dmean": 0.016434468329,
        "dmean2": 0.0258927997202,
        "dvar": 0.000166054320289,
        "dvar2": 0.000469887570944,
        "max": 0.155686631799,
        "mean": 0.091774739325,
        "median": 0.0903156027198,
        "min": 0.0524043142796,
        "var": 0.000335020275088
    },
    "spectral_kurtosis": {
        "dmean": 4.46709775925,
        "dmean2": 7.92956018448,
        "dvar": 12.8093557358,
        "dvar2": 40.9877433777,
        "max": 21.2776756287,
        "mean": 7.75483512878,
        "median": 6.94966602325,
        "min": 1.63550710678,
        "var": 17.3257465363
    },
    "spectral_rms": {
        "dmean": 0.000578800623771,
        "dmean2": 0.000965980638284,
        "dvar": 2.60229285232e-07,
        "dvar2": 4.91232185595e-07,
        "max": 0.00637785065919,
        "mean": 0.00468494277447,
        "median": 0.004718599841,
        "min": 0.000678597309161,
        "var": 4.72932669027e-07
    },
    "spectral_rolloff": {
        "dmean": 226.995864868,
        "dmean2": 407.779418945,
        "dvar": 65868.6171875,
        "dvar2": 183007.765625,
        "max": 3251.51367188,
        "mean": 2567.45507812,
        "median": 2627.05078125,
        "min": 1119.7265625,
        "var": 75648.8984375
    },
    "spectral_skewness": {
        "dmean": 0.402774333954,
        "dmean2": 0.721706628799,
        "dvar": 0.103017084301,
        "dvar2": 0.306286126375,
        "max": 3.32948231697,
        "mean": 1.13994407654,
        "median": 1.09291660786,
        "min": 0.40608048439,
        "var": 0.157263413072
    },
    "spectral_spread": {
        "dmean": 194992.96875,
        "dmean2": 318262.40625,
        "dvar": 49137844224,
        "dvar2": 77408755712,
        "max": 5432034.5,
        "mean": 1996159.25,
        "median": 1961400.875,
        "min": 1425150.125,
        "var": 98059378688
    },
    "spectral_strongpeak": {
        "dmean": 1.28948128223,
        "dmean2": 2.1069111824,
        "dvar": 2.18645429611,
        "dvar2": 4.78824186325,
        "max": 14.7290267944,
        "mean": 2.18803691864,
        "median": 1.74972438812,
        "min": 0.190849229693,
        "var": 3.42908835411
    },
    "zerocrossingrate": {
        "dmean": 0.00601196289062,
        "dmean2": 0.00846626609564,
        "dvar": 3.11310723191e-05,
        "dvar2": 4.69829792564e-05,
        "max": 0.11181640625,
        "mean": 0.0772943124175,
        "median": 0.0771484375,
        "min": 0.0283203125,
        "var": 0.000138859002618
    },
    "barkbands": {
        "dmean": [1.24577009046e-05, 0.000595149816945, 0.000127102466649, 0.000302146509057, 0.00137286144309, 0.000376237847377, 3.88263142668e-05, 7.62634881539e-05, 0.00437422003597, 0.000480299262563, 0.000541316345334, 0.00085227371892, 0.000206287484616, 0.000762938871048, 0.000683295249473, 0.0011658660369, 0.00172919558827, 0.000758052861784, 0.000509586185217, 6.8855653808e-05, 9.04308835743e-05, 8.11750305729e-06, 1.5095655499e-06, 7.28767304281e-07, 2.40924350692e-07, 7.42050190183e-08, 2.35619790345e-08],
        "dmean2": [1.95742959477e-05, 0.00105131941382, 0.000194782725885, 0.00045893189963, 0.00243439502083, 0.000483613228425, 6.42147278995e-05, 0.00013694165682, 0.00789828877896, 0.000857885577716, 0.000882176682353, 0.00156472879462, 0.000302962114802, 0.00126052030828, 0.00114929140545, 0.00197475659661, 0.00292156613432, 0.00130989262834, 0.000861881533638, 0.000108620930405, 0.000142461853102, 1.31090555442e-05, 2.14790429709e-06, 1.15781642762e-06, 4.14646848412e-07, 1.12712399414e-07, 3.16125863264e-08],
        "dvar": [1.27645852221e-10, 3.47217053331e-07, 1.43390606056e-08, 2.41826427327e-07, 1.66647441802e-06, 3.34543017289e-07, 9.77817737891e-09, 5.61745228111e-09, 1.21330986076e-05, 2.58464041281e-07, 8.86440545855e-07, 4.84154782043e-07, 1.18592900833e-07, 1.09784025426e-06, 2.38397228713e-06, 2.30231216847e-06, 4.55973622593e-06, 1.34760011861e-06, 2.63449408067e-07, 3.79450071364e-09, 1.0875220724e-08, 1.13920470279e-10, 1.20063958775e-11, 3.8584632993e-13, 4.8397429727e-14, 2.05810642508e-14, 2.56509714863e-14],
        "dvar2": [2.85334172956e-10, 8.1635278093e-07, 3.4475373667e-08, 3.79254032623e-07, 5.14768998983e-06, 4.88449984459e-07, 2.55428389551e-08, 1.54202286495e-08, 3.40715923812e-05, 6.68987809149e-07, 2.39242103817e-06, 1.3957826468e-06, 2.45568116952e-07, 2.41942848334e-06, 5.43322221347e-06, 6.13957126916e-06, 9.82462097454e-06, 2.58524937635e-06, 6.77935474869e-07, 1.00810764181e-08, 2.12108837161e-08, 2.70773264921e-10, 1.68697660008e-11, 1.07307858346e-12, 1.05475368294e-13, 2.20541934595e-14, 2.5422669002e-14],
        "max": [6.88199943397e-05, 0.00582169089466, 0.00133559550159, 0.00810278579593, 0.00757937924936, 0.0106181176379, 0.00113474344835, 0.000468578538857, 0.0210289247334, 0.00497922906652, 0.00857952889055, 0.00514920428395, 0.00388471363112, 0.00941893551499, 0.0155631797388, 0.0180954709649, 0.0261193308979, 0.0147253675386, 0.0038411708083, 0.000686921703164, 0.00108817103319, 0.000146329228301, 5.23460112163e-05, 5.25556924913e-06, 2.90859065899e-06, 2.42353144131e-06, 2.58091313299e-06],
        "mean": [1.97908084374e-05, 0.000805045361631, 0.000316812453093, 0.000453925749753, 0.00172028027009, 0.00130562006962, 4.49128456239e-05, 7.34262866899e-05, 0.00531600462273, 0.000517811218742, 0.000716719427146, 0.000856385799125, 0.000311115465593, 0.00124397117179, 0.00105960387737, 0.00228973734193, 0.00314403139055, 0.00133623997681, 0.00104177475441, 0.000170821149368, 0.000211449456401, 2.00867634703e-05, 3.05050025418e-06, 2.47185334956e-06, 8.31065904094e-07, 1.93269656279e-07, 8.05034687801e-08],
        "median": [1.63918612088e-05, 0.000678189098835, 0.000274212099612, 0.000192703068024, 0.00123818032444, 0.0005151949008, 2.19160847337e-05, 4.5880133257e-05, 0.00420196307823, 0.000363363884389, 0.000334491749527, 0.000650026835501, 9.56490184763e-05, 0.000791910570115, 0.000579755520448, 0.00183494319208, 0.00237931194715, 0.00105401664041, 0.000879589933902, 0.000146123449667, 0.00018078488938, 1.64160755958e-05, 1.63650463492e-06, 2.34303388424e-06, 7.7072422755e-07, 1.76839563437e-07, 6.95182151844e-08],
        "min": [3.3426837831e-07, 3.37159463015e-06, 3.69165923075e-06, 2.4189407668e-06, 1.16937030725e-06, 1.86250144907e-06, 2.38829488808e-06, 3.37854430654e-06, 4.86847638967e-05, 6.09138260188e-06, 2.57325336861e-06, 1.12897787403e-05, 2.51352798841e-06, 8.65013134899e-06, 1.9366187189e-05, 1.73980351974e-05, 0.000258173211478, 2.23367005674e-05, 7.38859216654e-06, 7.00128066455e-06, 2.24208561121e-05, 1.08391498088e-06, 2.51636151916e-07, 1.66815453895e-07, 7.79265079132e-08, 5.29151265027e-08, 2.48165150651e-08],
        "var": [2.0453655436e-10, 4.3669859906e-07, 3.80234865816e-08, 8.40686595893e-07, 2.37800009018e-06, 4.05540185966e-06, 9.36033917043e-09, 6.4505591979e-09, 1.42610624607e-05, 3.21930656355e-07, 1.06837308067e-06, 5.5848414604e-07, 2.89394449737e-07, 1.69994621046e-06, 3.53846689904e-06, 3.48961475538e-06, 8.37794686959e-06, 1.99373380383e-06, 4.59678602738e-07, 8.11305689297e-09, 2.05466079706e-08, 1.92149851586e-10, 3.6911796536e-11, 6.96799876913e-13, 9.77018691103e-14, 2.78836808786e-14, 2.65342032336e-14]
    },
    "erbbands": {
        "dmean": [0.0200834348798, 0.128234550357, 0.167027056217, 0.636256039143, 3.17380237579, 5.47009944916, 1.93250250816, 2.88700652122, 0.417234808207, 0.890701532364, 21.5905685425, 119.348320007, 13.7679748535, 15.3656024933, 29.4194831848, 22.7063789368, 8.836977005, 21.112531662, 35.5494842529, 50.8328323364, 59.3812904358, 97.4001998901, 53.9485015869, 34.6045303345, 11.5852966309, 3.53504514694, 2.07486414909, 4.12312316895, 0.416671127081, 0.0952516049147, 0.0366082713008, 0.027837280184, 0.0103678489104, 0.0048127793707, 0.000595871533733, 0.000414605514379, 0.000115479691885, 1.217645422e-05, 5.27135716766e-06, 6.79188269714e-06],
        "dmean2": [0.0371509827673, 0.217260748148, 0.253739416599, 0.931546032429, 5.58925962448, 10.0335884094, 2.70200777054, 3.80036592484, 0.680029153824, 1.45342981815, 39.1181755066, 215.466888428, 24.4520721436, 28.1748466492, 50.3985290527, 41.3269309998, 12.9332866669, 34.717300415, 56.3670806885, 87.3222503662, 99.4930267334, 164.199356079, 94.3159942627, 59.0606117249, 18.7516841888, 5.49337339401, 3.31239557266, 6.44097566605, 0.608025312424, 0.161918327212, 0.0537867844105, 0.0386149138212, 0.0171321816742, 0.00820189807564, 0.000949175155256, 0.000632884912193, 0.000180252754944, 1.57550366566e-05, 7.54989059715e-06, 1.12520228868e-05],
        "dvar": [0.00029722385807, 0.0176117420197, 0.0230560097843, 1.01083481312, 7.82653474808, 29.1879787445, 7.26012516022, 19.5416679382, 1.1094943285, 1.76256299019, 307.165435791, 9047.84765625, 153.123184204, 311.733947754, 1335.22253418, 344.950286865, 214.934432983, 583.219055176, 4464.40087891, 5529.84619141, 6869.45068359, 19323.4667969, 6248.40039062, 1246.90039062, 139.480499268, 10.279753685, 3.73941636086, 29.1490821838, 0.393708080053, 0.0200164373964, 0.00476546678692, 0.00336648779921, 8.35424798424e-05, 1.70260536834e-05, 9.07018431917e-07, 3.16129842304e-07, 7.99797987838e-08, 1.01599972879e-08, 4.91822194082e-10, 3.22706236733e-11],
        "dvar2": [0.000810455356259, 0.0391889065504, 0.0524131990969, 1.50692510605, 23.1231460571, 89.7667694092, 11.0888137817, 28.4600067139, 2.91801929474, 4.28394889832, 893.550292969, 25025.1484375, 383.557617188, 861.892578125, 3654.10961914, 949.740722656, 409.76965332, 1250.62060547, 10429.5126953, 14486.0556641, 16386.5527344, 42164.5664062, 11857.5966797, 3420.19262695, 324.582611084, 26.9901180267, 9.66178131104, 50.7048110962, 0.592453122139, 0.0478835627437, 0.00696550309658, 0.00476666772738, 0.00021451349312, 4.29832798545e-05, 1.22170695249e-06, 4.36199741216e-07, 8.39238154526e-08, 1.01988471002e-08, 5.01290786659e-10, 6.45291736712e-11],
        "max": [0.157635703683, 1.32270669937, 1.30327320099, 18.0260219574, 18.7101917267, 30.4007301331, 49.5268630981, 78.6983337402, 12.9520120621, 12.6278562546, 93.8476715088, 588.020690918, 122.438934326, 179.21395874, 340.937683105, 144.870407104, 184.594482422, 188.158538818, 675.281799316, 698.212524414, 1031.3927002, 1774.7845459, 982.942871094, 240.019470215, 108.083137512, 36.5651168823, 22.2265224457, 62.8832435608, 7.61258506775, 1.88752925396, 1.10775184631, 0.876095235348, 0.0780232995749, 0.0380320101976, 0.0166297275573, 0.00917329452932, 0.00463867327198, 0.00159541668836, 0.00036821278627, 6.03108019277e-05],
        "mean": [0.0219522360712, 0.185278519988, 0.41686964035, 1.10456418991, 4.26776313782, 6.27685308456, 6.53814792633, 9.64958381653, 0.823836684227, 1.27815997601, 25.1731624603, 147.515380859, 18.9925994873, 19.3315372467, 39.9889411926, 27.6004219055, 15.6793584824, 39.3650016785, 62.3823280334, 89.996635437, 121.28137207, 177.717514038, 104.812019348, 66.4936752319, 28.9785404205, 9.09680461884, 5.41557645798, 8.85758304596, 1.16282188892, 0.22016941011, 0.0831104442477, 0.0806305706501, 0.0339470282197, 0.0163702275604, 0.00220969505608, 0.00126811943483, 0.000252626952715, 3.16716905218e-05, 2.43100712396e-05, 3.12566662615e-05],
        "median": [0.0185962915421, 0.15614014864, 0.365024805069, 0.550484061241, 3.13557600975, 4.17738771439, 3.14476490021, 3.45806360245, 0.466489166021, 0.891856729984, 19.7122802734, 113.177566528, 14.7035942078, 15.874915123, 28.1146850586, 22.3041248322, 7.05788183212, 26.0018863678, 37.3017120361, 65.5911483765, 95.7483978271, 135.626449585, 81.5060043335, 55.8790092468, 22.8265914917, 7.63773488998, 4.88388061523, 6.92271137238, 0.962306261063, 0.178342953324, 0.0581209026277, 0.0559573024511, 0.0324128717184, 0.0154855549335, 0.00206859502941, 0.00117744598538, 0.000211534497794, 2.30106506933e-05, 2.31302583416e-05, 3.09411479975e-05],
        "min": [0.000110668610432, 0.000756698660553, 0.00362407765351, 0.00713926181197, 0.00652910768986, 0.00245262356475, 0.00575833907351, 0.0184876639396, 0.0523518398404, 0.148179337382, 0.593994736671, 1.21639609337, 0.304582208395, 0.164322063327, 0.105406321585, 0.524495482445, 0.184446051717, 0.370995938778, 1.04103839397, 0.887145638466, 2.98801922798, 12.4540891647, 3.80997610092, 0.644199848175, 0.341562241316, 0.297437250614, 0.176475673914, 1.30164933205, 0.161126688123, 0.00781312957406, 0.00694597279653, 0.00630516977981, 0.00235842959955, 0.00109069678001, 0.000501836300828, 0.000364509469364, 4.33447276009e-05, 1.36275293698e-05, 1.23174768305e-05, 1.89465595213e-06],
        "var": [0.000352885865141, 0.0233042445034, 0.0507990531623, 4.0728302002, 11.9348220825, 35.6035957336, 83.8571853638, 235.891372681, 1.44702684879, 2.18670225143, 343.158477783, 10783.421875, 255.084106445, 293.337646484, 1629.52416992, 440.219146729, 588.35546875, 1239.4465332, 7613.8203125, 8358.24511719, 10562.3925781, 32967.2734375, 9438.0546875, 1710.51574707, 313.334594727, 24.1063461304, 7.26751661301, 55.9506111145, 0.746842801571, 0.0297095160931, 0.0132796345279, 0.0113356281072, 0.000141172189615, 3.35488730343e-05, 1.31037711526e-06, 5.30037027602e-07, 9.96854154778e-08, 1.0326417943e-08, 5.11569731021e-10, 6.58915214058e-11]
    },
    "gfcc": {
        "mean": [-16.8658924103, 126.111877441, -192.755569458, 43.2097244263, -29.1673278809, -7.99542570114, -20.0181083679, 9.47421169281, -16.8534412384, -19.7639122009, -22.5746479034, -12.2097244263, 7.36233997345],
        "cov": [[289.485534668, 85.0039215088, -29.2735652924, 7.26496648788, -3.9569311142, -3.73974871635, -9.06772899628, -43.1053276062, -26.3425865173, -2.28516936302, 31.1293296814, 8.48435211182, 13.8711242676], [85.0039215088, 126.692047119, 7.68264341354, -29.2311954498, -26.3173274994, -27.0881671906, -13.2382936478, -36.1662940979, -19.5166912079, 6.32473134995, 33.9308052063, 6.44710254669, 34.3609428406], [-29.2735652924, 7.68264341354, 98.5360870361, 37.1757011414, -21.176908493, -7.63723945618, -21.6385231018, 7.86108398438, -2.60151934624, 0.834301114082, -13.222287178, 0.400881946087, -3.82184767723], [7.26496648788, -29.2311954498, 37.1757011414, 110.409675598, 43.2549629211, 2.8184633255, -25.1812877655, -9.07258892059, -1.42831015587, -5.55694770813, -8.87291431427, -1.01687705517, -6.44204044342], [-3.9569311142, -26.3173274994, -21.176908493, 43.2549629211, 87.2774734497, 21.9480247498, -6.25384283066, 5.3137845993, 6.43557596207, -2.41797184944, -13.6162509918, -19.3949623108, -5.30203485489], [-3.73974871635, -27.0881671906, -7.63723945618, 2.8184633255, 21.9480247498, 77.3548431396, 51.0577011108, 33.0945663452, 15.7969169617, -14.163485527, -25.0980834961, -32.6753196716, -18.4829406738], [-9.06772899628, -13.2382936478, -21.6385231018, -25.1812877655, -6.25384283066, 51.0577011108, 89.7727966309, 64.8060379028, 17.0479831696, -13.3505678177, -26.504617691, -23.6975822449, -12.2828893661], [-43.1053276062, -36.1662940979, 7.86108398438, -9.07258892059, 5.3137845993, 33.0945663452, 64.8060379028, 97.8902816772, 32.7541236877, -15.150554657, -37.8353042603, -26.1286067963, -13.8540868759], [-26.3425865173, -19.5166912079, -2.60151934624, -1.42831015587, 6.43557596207, 15.7969169617, 17.0479831696, 32.7541236877, 48.2153739929, 13.8224229813, -8.19896316528, -7.84778785706, -6.05848884583], [-2.28516936302, 6.32473134995, 0.834301114082, -5.55694770813, -2.41797184944, -14.163485527, -13.3505678177, -15.150554657, 13.8224229813, 55.3342323303, 27.1569862366, 16.1791419983, 3.67345285416], [31.1293296814, 33.9308052063, -13.222287178, -8.87291431427, -13.6162509918, -25.0980834961, -26.504617691, -37.8353042603, -8.19896316528, 27.1569862366, 70.8248138428, 49.8926429749, 13.2412595749], [8.48435211182, 6.44710254669, 0.400881946087, -1.01687705517, -19.3949623108, -32.6753196716, -23.6975822449, -26.1286067963, -7.84778785706, 16.1791419983, 49.8926429749, 71.9326324463, 20.7663154602], [13.8711242676, 34.3609428406, -3.82184767723, -6.44204044342, -5.30203485489, -18.4829406738, -12.2828893661, -13.8540868759, -6.05848884583, 3.67345285416, 13.2412595749, 20.7663154602, 39.882183075]],
        "icov": [[0.00582393910736, -0.00759101612493, 0.00631562108174, -0.00425791926682, 0.00296160695143, -0.00457881717011, 0.0046506873332, -0.00307536963373, 0.00299771898426, -0.00195608753711, 0.00407046033069, -0.00435873493552, 0.00462140189484], [-0.00759101612493, 0.0355099439621, -0.02322980389, 0.0130826802924, -0.00881004612893, 0.019488086924, -0.0256315357983, 0.0199885759503, -0.0076834470965, 0.0114993164316, -0.030834691599, 0.029514638707, -0.0285138115287], [0.00631562108174, -0.02322980389, 0.0381015092134, -0.0189881958067, 0.0206763166934, -0.0216450747102, 0.0340113826096, -0.0265289209783, 0.013435062021, -0.0146752251312, 0.0261120684445, -0.0202753525227, 0.0176586937159], [-0.00425791926682, 0.0130826802924, -0.0189881958067, 0.0226687397808, -0.0158509016037, 0.00945775490254, -0.0119210984558, 0.0125701865181, -0.00647458899766, 0.00813055038452, -0.00983962137252, 0.00670917518437, -0.0069366665557], [0.00296160695143, -0.00881004612893, 0.0206763166934, -0.0158509016037, 0.0290201492608, -0.0173096265644, 0.0231497175992, -0.016632873565, 0.00783437397331, -0.00909137912095, 0.0102983666584, -0.00365908723325, 0.00368282431737], [-0.00457881717011, 0.019488086924, -0.0216450747102, 0.00945775490254, -0.0173096265644, 0.0447876080871, -0.0412140265107, 0.0247355196625, -0.0155437812209, 0.014858099632, -0.0216935742646, 0.0229971315712, -0.00989136565477], [0.0046506873332, -0.0256315357983, 0.0340113826096, -0.0119210984558, 0.0231497175992, -0.0412140265107, 0.0698265954852, -0.046686090529, 0.0191920958459, -0.0169661045074, 0.0284565240145, -0.0242802146822, 0.01873710379], [-0.00307536963373, 0.0199885759503, -0.0265289209783, 0.0125701865181, -0.016632873565, 0.0247355196625, -0.046686090529, 0.0507199689746, -0.0249077752233, 0.0171032473445, -0.0147915650159, 0.0161470826715, -0.0130266547203], [0.00299771898426, -0.0076834470965, 0.013435062021, -0.00647458899766, 0.00783437397331, -0.0155437812209, 0.0191920958459, -0.0249077752233, 0.0406120456755, -0.0189801435918, 0.0100877508521, -0.00733201857656, 0.00530121289194], [-0.00195608753711, 0.0114993164316, -0.0146752251312, 0.00813055038452, -0.00909137912095, 0.014858099632, -0.0169661045074, 0.0171032473445, -0.0189801435918, 0.034536704421, -0.0229715518653, 0.012718022801, -0.00798657070845], [0.00407046033069, -0.030834691599, 0.0261120684445, -0.00983962137252, 0.0102983666584, -0.0216935742646, 0.0284565240145, -0.0147915650159, 0.0100877508521, -0.0229715518653, 0.0675921440125, -0.0498186126351, 0.0281516090035], [-0.00435873493552, 0.029514638707, -0.0202753525227, 0.00670917518437, -0.00365908723325, 0.0229971315712, -0.0242802146822, 0.0161470826715, -0.00733201857656, 0.012718022801, -0.0498186126351, 0.0598316118121, -0.0333681292832], [0.00462140189484, -0.0285138115287, 0.0176586937159, -0.0069366665557, 0.00368282431737, -0.00989136565477, 0.01873710379, -0.0130266547203, 0.00530121289194, -0.00798657070845, 0.0281516090035, -0.0333681292832, 0.0553245581686]]
    },
    "melbands": {
        "dmean": [0.000171859850525, 0.000114493261208, 0.000132689325255, 0.000381446414394, 7.85102529335e-05, 6.64823528496e-05, 6.45309000902e-06, 7.08504967406e-06, 0.000353401119355, 0.000657637778204, 5.27680131199e-05, 6.39848658466e-05, 9.49651875999e-05, 0.000117984156532, 2.76729533653e-05, 1.61436801136e-05, 4.77161811432e-05, 6.9252353569e-05, 5.09389465151e-05, 7.57194138714e-05, 7.46388177504e-05, 9.13145486265e-05, 0.000110849134217, 2.59447369899e-05, 3.208225462e-05, 1.418607917e-05, 3.92279980588e-06, 2.21552659241e-06, 8.57321538206e-07, 3.0969092677e-06, 1.88904425613e-06, 1.90539751088e-07, 1.72489109218e-07, 2.28371792588e-08, 1.75790297874e-08, 3.71109081243e-08, 1.29321042763e-08, 9.02262531355e-09, 5.87038240241e-09, 3.74507624912e-09],
        "dmean2": [0.000311156414682, 0.000177510664798, 0.000206645359867, 0.00067535683047, 0.00012442789739, 8.58543207869e-05, 1.10109822344e-05, 1.12318521133e-05, 0.000638255558442, 0.00118793465663, 9.15315686143e-05, 0.000117176292406, 0.000156340058311, 0.000218408851651, 4.18665877078e-05, 2.52108475252e-05, 7.98356704763e-05, 0.000110938410216, 8.65499023348e-05, 0.000129653795739, 0.000125479069538, 0.000153736094944, 0.000191557192011, 4.40870935563e-05, 5.55854203412e-05, 2.37051499425e-05, 6.13421298112e-06, 3.61218303624e-06, 1.4564494677e-06, 5.08321591042e-06, 2.82886753666e-06, 3.03334701357e-07, 2.99666879755e-07, 4.11182767834e-08, 3.05874010564e-08, 4.56177353669e-08, 2.09956976249e-08, 1.5321845126e-08, 9.91100801429e-09, 6.43058717387e-09],
        "dvar": [2.53783536408e-08, 1.17018750245e-08, 2.68086282063e-08, 1.31084235022e-07, 6.86323753385e-09, 1.04037498616e-08, 3.43384959356e-10, 1.70710293124e-10, 8.19758554371e-08, 2.73065950296e-07, 3.24089932668e-09, 5.58465229616e-09, 2.3067688204e-08, 1.02503179278e-08, 1.61822433231e-09, 5.17299370006e-10, 3.22670934416e-09, 1.33368400768e-08, 1.44882328357e-08, 1.00017585325e-08, 8.49402326253e-09, 1.88125373057e-08, 1.35353275255e-08, 1.59277968592e-09, 1.16434606401e-09, 2.2536353339e-10, 1.32171062289e-11, 4.23546614448e-12, 8.93437396548e-13, 9.41574162389e-12, 1.32244475787e-11, 4.54287317128e-14, 1.02131654913e-13, 4.47176750822e-16, 2.96203027671e-16, 1.55113755499e-14, 1.12638626614e-16, 6.42156522265e-17, 2.74850428876e-17, 1.06698407716e-17],
        "dvar2": [6.42373336746e-08, 2.60651127348e-08, 4.49463684049e-08, 4.05575150353e-07, 1.23327517088e-08, 1.5088813754e-08, 9.14502473748e-10, 4.03202526922e-10, 2.36631393591e-07, 7.54679717829e-07, 7.80400988276e-09, 1.53604435837e-08, 6.24106277769e-08, 2.9023441428e-08, 3.27778315601e-09, 1.12014963971e-09, 7.05586966632e-09, 3.0143567642e-08, 3.65988057638e-08, 2.94771957954e-08, 2.00356780056e-08, 4.05132176695e-08, 3.11842427436e-08, 2.93827517872e-09, 3.18932924515e-09, 5.16733766887e-10, 3.5302545609e-11, 1.1151781755e-11, 2.15108269738e-12, 2.51847414451e-11, 1.51510748392e-11, 1.07842351043e-13, 2.50745902991e-13, 1.20153095288e-15, 7.92474972786e-16, 2.14311854802e-14, 3.15464530422e-16, 1.73395413183e-16, 7.22080632109e-17, 2.60845930233e-17],
        "max": [0.00158608076163, 0.000995817012154, 0.00281400396489, 0.00213790521957, 0.00150341144763, 0.0018510564696, 0.000225240408326, 0.000135285343276, 0.00162485160399, 0.00320242438465, 0.000552575686015, 0.000799119763542, 0.00140753306914, 0.000741226191167, 0.000392707413994, 0.000219102366827, 0.000466694356874, 0.00109049736056, 0.00140144838952, 0.000961444282439, 0.00101511715911, 0.00179909891449, 0.000816788466182, 0.000527811760549, 0.000222912509344, 0.000128593630507, 4.22077027906e-05, 1.90207338164e-05, 1.07541036414e-05, 2.44985658355e-05, 5.18459710293e-05, 2.46137096838e-06, 4.45367231805e-06, 2.00959206609e-07, 1.51580834995e-07, 1.84871203146e-06, 8.78936390336e-08, 6.49995541835e-08, 4.85620361701e-08, 2.85880012996e-08],
        "mean": [0.000213604202145, 0.000224869363592, 0.000227109660045, 0.000484203425003, 0.000215343083255, 0.000226393894991, 8.01413534646e-06, 8.74867328093e-06, 0.000407825369621, 0.000813944905531, 5.93341246713e-05, 7.31755862944e-05, 0.000130120417452, 0.000117292402138, 4.28112325608e-05, 2.62043613475e-05, 8.45987233333e-05, 0.000114195572678, 8.61680091475e-05, 0.000135787966428, 0.000139472991577, 0.000159396513482, 0.00018971512327, 4.68491998618e-05, 5.64007495996e-05, 3.00613210129e-05, 9.35497519094e-06, 4.85462396682e-06, 2.08600863516e-06, 6.61135754854e-06, 3.9337915041e-06, 4.77151900213e-07, 3.34684045811e-07, 3.9157225018e-08, 3.23063531482e-08, 7.94498973278e-08, 3.78937698997e-08, 2.51263632123e-08, 1.85547435194e-08, 1.1656756449e-08],
        "median": [0.000170073864865, 0.000196277484065, 0.000143842305988, 0.00033403179259, 0.000114763381134, 8.42045046738e-05, 4.41155862063e-06, 4.86857152282e-06, 0.000311368727125, 0.000628522888292, 3.57263379556e-05, 5.76085112698e-05, 7.14174530003e-05, 8.81400774233e-05, 1.73328644451e-05, 1.31753376991e-05, 5.43184760318e-05, 6.7844579462e-05, 5.18235392519e-05, 0.000103013968328, 0.000110764194687, 0.000123585647088, 0.000143818338984, 3.63014696632e-05, 4.52346648672e-05, 2.30034856941e-05, 8.08615823189e-06, 3.94039170715e-06, 1.78146785856e-06, 5.52264555154e-06, 2.8305394153e-06, 4.18513906197e-07, 2.33122094073e-07, 3.32601892694e-08, 2.82931136297e-08, 3.07024983215e-08, 3.56982603478e-08, 2.32630963382e-08, 1.74630354621e-08, 1.09300319906e-08],
        "min": [1.09524364689e-06, 1.62368792189e-06, 1.24563109694e-06, 3.16740397466e-07, 1.61678030963e-07, 4.22599470085e-07, 5.96098402639e-07, 6.28219595455e-07, 6.04005799687e-06, 7.16598833606e-06, 1.27426937979e-06, 6.81043047734e-07, 3.03515065525e-07, 9.71579311226e-07, 1.15356124297e-06, 1.86620198406e-07, 6.89848775437e-07, 1.66419579273e-06, 1.07564301288e-06, 1.1880316606e-06, 4.42355940322e-06, 1.27285411509e-05, 9.8428581623e-06, 8.30279930142e-07, 4.1811259166e-07, 2.78611082649e-07, 2.67576751867e-07, 1.8080318398e-07, 7.34814165071e-08, 2.15227942135e-07, 5.37758069186e-07, 4.32492228697e-08, 2.29236829519e-09, 1.38181233122e-09, 2.27552243715e-09, 7.78825182124e-09, 2.23466067872e-09, 1.62681601523e-09, 1.35096722698e-09, 7.73917541164e-10],
        "var": [3.17806758687e-08, 1.87980688793e-08, 1.00350696641e-07, 1.86382209222e-07, 7.2712559529e-08, 1.27109871073e-07, 3.13483600189e-10, 2.01245561882e-10, 9.36843704835e-08, 3.25023194137e-07, 5.58569857034e-09, 5.02927255397e-09, 2.74590021832e-08, 1.05077759827e-08, 3.75594355617e-09, 1.14501852444e-09, 5.90739634987e-09, 2.28558025839e-08, 1.78696311082e-08, 1.44295624338e-08, 1.32725022084e-08, 3.30118190561e-08, 2.18421440934e-08, 2.53579268694e-09, 1.49328716059e-09, 4.23473978106e-10, 2.89131947551e-11, 8.36098031087e-12, 1.54242569238e-12, 1.70564378593e-11, 2.78393523512e-11, 7.47267306085e-14, 1.393488596e-13, 4.96062092702e-16, 3.62242851377e-16, 4.76901707686e-14, 2.17060993936e-16, 9.85822339687e-17, 4.30501683028e-17, 2.09021625562e-17]
    },
    "mfcc": {
        "mean": [-637.880371094, 140.393569946, -81.1657180786, 45.0594749451, 6.96140766144, -3.34622716904, 5.91493463516, 11.6422872543, 19.5621566772, -5.1524181366, -6.64358139038, -6.72506570816, -22.2540988922],
        "cov": [[333.508666992, 65.082069397, -41.8146476746, 1.39316809177, -7.82318639755, 30.9420433044, 20.4779109955, -25.5862998962, -44.5579910278, -24.6000785828, -4.78708076477, -25.4778347015, 9.47104740143], [65.082069397, 107.917259216, 1.63726878166, -32.8827285767, -33.3199768066, -5.85892486572, 5.00369787216, -29.2901992798, -17.1060562134, -17.6781349182, -7.81596803665, -18.065404892, 3.40260434151], [-41.8146476746, 1.63726878166, 116.133636475, 26.1925315857, -6.16904354095, -13.5450439453, -13.7864789963, 2.61825847626, -3.74714398384, -7.4308013916, -1.98755145073, 10.8067970276, -12.4957513809], [1.39316809177, -32.8827285767, 26.1925315857, 92.6588668823, 49.567237854, 2.85126948357, -21.9903087616, -17.0260810852, -16.4487266541, -19.095539093, 3.19194078445, -5.82635784149, -1.34039747715], [-7.82318639755, -33.3199768066, -6.16904354095, 49.567237854, 85.3399505615, 23.710729599, -18.5591468811, -10.7948102951, -11.5318632126, 10.4047079086, -2.81589221954, -8.20569992065, -5.69478130341], [30.9420433044, -5.85892486572, -13.5450439453, 2.85126948357, 23.710729599, 55.8606529236, 5.38378763199, -20.2137432098, -24.2989559174, -0.891624689102, 5.54217338562, -4.71818447113, -4.29218006134], [20.4779109955, 5.00369787216, -13.7864789963, -21.9903087616, -18.5591468811, 5.38378763199, 53.8612823486, 31.6412849426, 23.1735782623, 12.7556467056, 2.11830353737, 2.27935934067, -5.07906198502], [-25.5862998962, -29.2901992798, 2.61825847626, -17.0260810852, -10.7948102951, -20.2137432098, 31.6412849426, 87.8453521729, 56.1721458435, 26.2408351898, -2.43648099899, 11.9852695465, -7.28394651413], [-44.5579910278, -17.1060562134, -3.74714398384, -16.4487266541, -11.5318632126, -24.2989559174, 23.1735782623, 56.1721458435, 110.406417847, 58.7345161438, -4.97508525848, 11.3609209061, -11.2867612839], [-24.6000785828, -17.6781349182, -7.4308013916, -19.095539093, 10.4047079086, -0.891624689102, 12.7556467056, 26.2408351898, 58.7345161438, 81.113822937, 12.1740694046, 9.55968761444, -8.19002342224], [-4.78708076477, -7.81596803665, -1.98755145073, 3.19194078445, -2.81589221954, 5.54217338562, 2.11830353737, -2.43648099899, -4.97508525848, 12.1740694046, 46.5769081116, 18.2079868317, 0.636377990246], [-25.4778347015, -18.065404892, 10.8067970276, -5.82635784149, -8.20569992065, -4.71818447113, 2.27935934067, 11.9852695465, 11.3609209061, 9.55968761444, 18.2079868317, 59.4557380676, 9.25512599945], [9.47104740143, 3.40260434151, -12.4957513809, -1.34039747715, -5.69478130341, -4.29218006134, -5.07906198502, -7.28394651413, -11.2867612839, -8.19002342224, 0.636377990246, 9.25512599945, 46.061466217]],
