{
"lowlevel": {
    "average_loudness": 0.988265275955,
    "barkbands_crest": {
        "dmean": 1.60373103619,
        "dmean2": 2.7043364048,
        "dvar": 2.38277125359,
        "dvar2": 5.40749359131,
        "max": 15.1509752274,
        "mean": 6.04911327362,
        "median": 5.48745012283,
        "min": 2.66843414307,
        "var": 4.96755075455
    },
    "barkbands_flatness_db": {
        "dmean": 0.01101475209,
        "dmean2": 0.0184337235987,
        "dvar": 0.000104444850876,
        "dvar2": 0.000274335412541,
        "max": 0.203294739127,
        "mean": 0.143870025873,
        "median": 0.142786681652,
        "min": 0.0850658714771,
        "var": 0.000185446580872
    },
    "barkbands_kurtosis": {
        "dmean": 0.416339606047,
        "dmean2": 0.713599085808,
        "dvar": 0.335230261087,
        "dvar2": 0.941428482533,
        "max": 4.24381399155,
        "mean": -1.184268713,
        "median": -1.35950958729,
        "min": -1.75214588642,
        "var": 0.323600441217
    },
    "barkbands_skewness": {
        "dmean": 0.376332849264,
        "dmean2": 0.607294678688,
        "dvar": 0.0957781970501,
        "dvar2": 0.245442286134,
        "max": 2.28027558327,
        "mean": -0.0705165937543,
        "median": -0.0801965817809,
        "min": -1.65932369232,
        "var": 0.269462049007
    },
    "barkbands_spread": {
        "dmean": 4.20678663254,
        "dmean2": 7.24913692474,
        "dvar": 12.8103876114,
        "dvar2": 38.0271682739,
        "max": 44.9881362915,
        "mean": 32.4152984619,
        "median": 32.9243927002,
        "min": 16.1170711517,
        "var": 20.6412696838
    },
    "dissonance": {
        "dmean": 0.00561516545713,
        "dmean2": 0.00941148679703,
        "dvar": 2.74170997727e-05,
        "dvar2": 7.1143702371e-05,
        "max": 0.499999910593,
        "mean": 0.490747570992,
        "median": 0.492084801197,
        "min": 0.457133561373,
        "var": 4.07205225201e-05
    },
    "dynamic_complexity": 0.375547558069,
    "erbbands_crest": {
        "dmean": 1.70916652679,
        "dmean2": 2.91795182228,
        "dvar": 2.039498806,
        "dvar2": 5.41846418381,
        "max": 15.0102319717,
        "mean": 7.46757459641,
        "median": 7.24259090424,
        "min": 4.21316957474,
        "var": 3.86052012444
    },
    "erbbands_flatness_db": {
        "dmean": 0.0098847867921,
        "dmean2": 0.0159206707031,
        "dvar": 6.92026515026e-05,
        "dvar2": 0.000172349566128,
        "max": 0.27577200532,
        "mean": 0.237399846315,
        "median": 0.237982302904,
        "min": 0.189777001739,
        "var": 0.000195915068616
    },
    "erbbands_kurtosis": {
        "dmean": 1.04505705833,
        "dmean2": 1.7485152483,
        "dvar": 0.871318399906,
        "dvar2": 2.27513575554,
        "max": 8.1234664917,
        "mean": 1.75106930733,
        "median": 1.56086349487,
        "min": -1.55862414837,
        "var": 2.41829562187
    },
    "erbbands_skewness": {
        "dmean": 0.255765348673,
        "dmean2": 0.429851561785,
        "dvar": 0.0426977910101,
        "dvar2": 0.112460315228,
        "max": -0.0741470828652,
        "mean": -1.19542074203,
        "median": -1.21715939045,
        "min": -2.24797749519,
        "var": 0.120532765985
    },
    "erbbands_spread": {
        "dmean": 4.78996181488,
        "dmean2": 7.66426467896,
        "dvar": 19.7180690765,
        "dvar2": 48.6507873535,
        "max": 61.502155304,
        "mean": 22.7191505432,
        "median": 21.7579956055,
        "min": 8.52676773071,
        "var": 53.8376998901
    },
    "hfc": {
        "dmean": 5.9635848999,
        "dmean2": 9.37737464905,
        "dvar": 22.7629776001,
        "dvar2": 55.6496810913,
        "max": 69.5525817871,
        "mean": 36.6713562012,
        "median": 36.5609359741,
        "min": 15.1709957123,
        "var": 64.8477020264
    },
    "melbands_crest": {
        "dmean": 3.41629648209,
        "dmean2": 5.65681314468,
        "dvar": 6.45137548447,
        "dvar2": 16.8384590149,
        "max": 24.2198448181,
        "mean": 10.4904642105,
        "median": 9.81686019897,
        "min": 3.64274740219,
        "var": 17.1106147766
    },
    "melbands_flatness_db": {
        "dmean": 0.017627492547,
        "dmean2": 0.0289669092745,
        "dvar": 0.00023182509176,
        "dvar2": 0.000659345590975,
        "max": 0.275618493557,
        "mean": 0.175657734275,
        "median": 0.172360703349,
        "min": 0.128758221865,
        "var": 0.00051574135432
    },
    "melbands_kurtosis": {
        "dmean": 1.13611996174,
        "dmean2": 1.92112469673,
        "dvar": 3.143253088,
        "dvar2": 8.71146392822,
        "max": 19.5753669739,
        "mean": 0.0473617725074,
        "median": -0.498747110367,
        "min": -1.67010974884,
        "var": 3.59664368629
    },
    "melbands_skewness": {
        "dmean": 0.471150785685,
        "dmean2": 0.770490586758,
        "dvar": 0.157726883888,
        "dvar2": 0.42491710186,
        "max": 4.19000339508,
        "mean": 0.995161533356,
        "median": 0.940331637859,
        "min": -0.5008867383,
        "var": 0.39850962162
    },
    "melbands_spread": {
        "dmean": 8.74663448334,
        "dmean2": 14.0887937546,
        "dvar": 56.0109024048,
        "dvar2": 137.390609741,
        "max": 91.7372970581,
        "mean": 55.5355567932,
        "median": 56.1158065796,
        "min": 12.59953022,
        "var": 150.938781738
    },
    "pitch_salience": {
        "dmean": 0.0611539036036,
        "dmean2": 0.104353882372,
        "dvar": 0.00252047809772,
        "dvar2": 0.00688788993284,
        "max": 0.778113305569,
        "mean": 0.627119004726,
        "median": 0.635396361351,
        "min": 0.316194504499,
        "var": 0.00497380411252
    },
    "silence_rate_20dB": {
        "dmean": 0,
        "dmean2": 0,
        "dvar": 0,
        "dvar2": 0,
        "max": 1,
        "mean": 1,
        "median": 1,
        "min": 1,
        "var": 0
    },
    "silence_rate_30dB": {
        "dmean": 0,
        "dmean2": 0,
        "dvar": 0,
        "dvar2": 0,
        "max": 1,
        "mean": 1,
        "median": 1,
        "min": 1,
        "var": 0
    },
    "silence_rate_60dB": {
        "dmean": 0,
        "dmean2": 0,
        "dvar": 0,
        "dvar2": 0,
        "max": 0,
        "mean": 0,
        "median": 0,
        "min": 0,
        "var": 0
    },
    "spectral_centroid": {
        "dmean": 188.359100342,
        "dmean2": 307.432556152,
        "dvar": 28114.515625,
        "dvar2": 73643.8515625,
        "max": 2794.22827148,
        "mean": 2197.43115234,
        "median": 2233.14794922,
        "min": 1117.56018066,
        "var": 66464.6484375
    },
    "spectral_complexity": {
        "dmean": 3.39837408066,
        "dmean2": 5.6875,
        "dvar": 7.65972137451,
        "dvar2": 20.2039737701,
        "max": 48,
        "mean": 38.5135116577,
        "median": 39,
        "min": 17,
        "var": 16.6281833649
    },
    "spectral_decrease": {
        "dmean": 1.12129794339e-09,
        "dmean2": 1.94003746401e-09,
        "dvar": 8.85919535031e-19,
        "dvar2": 2.36336812701e-18,
        "max": -2.61398480639e-09,
        "mean": -6.30119911804e-09,
        "median": -6.34288088719e-09,
        "min": -9.99060389972e-09,
        "var": 1.3129158541e-18
    },
    "spectral_energy": {
        "dmean": 0.00449549779296,
        "dmean2": 0.00774465315044,
        "dvar": 1.37414335768e-05,
        "dvar2": 3.65626328858e-05,
        "max": 0.0418680608273,
        "mean": 0.0271083619446,
        "median": 0.0273110046983,
        "min": 0.0112418001518,
        "var": 2.09707632166e-05
    },
    "spectral_energyband_high": {
        "dmean": 0.000111303641461,
        "dmean2": 0.000179729686351,
        "dvar": 8.05381361602e-09,
        "dvar2": 1.95447800166e-08,
        "max": 0.00121686956845,
        "mean": 0.00041955060442,
        "median": 0.000387098116335,
        "min": 0.000146298130858,
        "var": 2.67031232681e-08
    },
    "spectral_energyband_low": {
        "dmean": 0.00157104583923,
        "dmean2": 0.0028065238148,
        "dvar": 1.69728707533e-06,
        "dvar2": 5.07788672621e-06,
        "max": 0.0136767420918,
        "mean": 0.0030408881139,
        "median": 0.00263253645971,
        "min": 0.000348483561538,
        "var": 3.15926740768e-06
    },
    "spectral_energyband_middle_high": {
        "dmean": 0.00263666594401,
        "dmean2": 0.00407212460414,
        "dvar": 4.28341581937e-06,
        "dvar2": 1.08540016299e-05,
        "max": 0.0280119180679,
        "mean": 0.014501648955,
        "median": 0.0145731605589,
        "min": 0.00383556657471,
        "var": 1.33086778078e-05
    },
    "spectral_energyband_middle_low": {
        "dmean": 0.00396055914462,
        "dmean2": 0.00657142326236,
        "dvar": 1.28534829855e-05,
        "dvar2": 3.37744422723e-05,
        "max": 0.0286430101842,
        "mean": 0.0101296743378,
        "median": 0.00946293771267,
        "min": 0.00149766914546,
        "var": 2.40614263021e-05
    },
    "spectral_entropy": {
        "dmean": 0.0582739822567,
        "dmean2": 0.0949967876077,
        "dvar": 0.00234450749122,
        "dvar2": 0.00558496965095,
        "max": 7.97528600693,
        "mean": 7.54513168335,
        "median": 7.5471572876,
        "min": 7.31470727921,
        "var": 0.00439490424469
    },
    "spectral_flux": {
        "dmean": 0.0113436095417,
        "dmean2": 0.0184186846018,
        "dvar": 9.89679829217e-05,
        "dvar2": 0.00026259230799,
        "max": 0.142347797751,
        "mean": 0.0926940888166,
        "median": 0.0920311361551,
        "min": 0.0534602254629,
        "var": 0.000161236705026
    },
    "spectral_kurtosis": {
        "dmean": 3.19780158997,
        "dmean2": 5.69452190399,
        "dvar": 8.26946258545,
        "dvar2": 24.7050170898,
        "max": 19.0253734589,
        "mean": 5.59942722321,
        "median": 4.7827835083,
        "min": 0.0534417629242,
        "var": 11.2871742249
    },
    "spectral_rms": {
        "dmean": 0.000429070729297,
        "dmean2": 0.000737697351724,
        "dvar": 1.27043392695e-07,
        "dvar2": 3.32756229682e-07,
        "max": 0.00639115693048,
        "mean": 0.00512313190848,
        "median": 0.00516186840832,
        "min": 0.00331173813902,
        "var": 2.00702132247e-07
    },
    "spectral_rolloff": {
        "dmean": 214.981826782,
        "dmean2": 377.70880127,
        "dvar": 54261.5820312,
        "dvar2": 157219.140625,
        "max": 3294.58007812,
        "mean": 2572.57592773,
        "median": 2562.45117188,
        "min": 452.197265625,
        "var": 77143.828125
    },
    "spectral_skewness": {
        "dmean": 0.306224405766,
        "dmean2": 0.540813922882,
        "dvar": 0.0859696269035,
        "dvar2": 0.237021774054,
        "max": 3.1665391922,
        "mean": 0.79583722353,
        "median": 0.752022743225,
        "min": 0.200551971793,
        "var": 0.128079012036
    },
    "spectral_spread": {
        "dmean": 160393.21875,
        "dmean2": 242228,
        "dvar": 192542736384,
        "dvar2": 199951843328,
        "max": 10590992,
        "mean": 2074573.5,
        "median": 2046057.875,
        "min": 1634353.875,
        "var": 232828043264
    },
    "spectral_strongpeak": {
        "dmean": 0.819828987122,
        "dmean2": 1.53379070759,
        "dvar": 1.47558665276,
        "dvar2": 4.03304338455,
        "max": 6.39220952988,
        "mean": 0.875526964664,
        "median": 0.448804855347,
        "min": 0.0594375468791,
        "var": 1.19985699654
    },
    "zerocrossingrate": {
        "dmean": 0.00574292847887,
        "dmean2": 0.00709202000871,
        "dvar": 2.85940859612e-05,
        "dvar2": 4.0809642087e-05,
        "max": 0.1064453125,
        "mean": 0.0766007676721,
        "median": 0.0771484375,
        "min": 0.02978515625,
        "var": 0.000119351985632
    },
    "barkbands": {
        "dmean": [9.98053565127e-06, 0.00120340788271, 0.000335251592332, 0.00220602401532, 0.0026336167939, 0.000363395782188, 0.000398218951887, 0.000210007623537, 0.000485960306833, 0.000361877406249, 0.000331632123562, 0.000490743084811, 6.46161934128e-05, 0.000705102516804, 0.000701924145687, 0.00109539588448, 0.00131874694489, 0.000394450413296, 0.000407788757002, 0.00028687674785, 7.61470437283e-05, 1.47006740008e-05, 7.72486714595e-07, 6.76903425756e-07, 2.12127488908e-07, 1.00054847962e-07, 1.75827974402e-08],
        "dmean2": [1.62538472068e-05, 0.00224769138731, 0.000586158130318, 0.0038456376642, 0.00448074797168, 0.000609147653449, 0.000635618693195, 0.000352349044988, 0.000759859860409, 0.000612271483988, 0.00056562165264, 0.000770769955125, 0.000104881895822, 0.00118631473742, 0.00116131838877, 0.00182448781561, 0.00224923738278, 0.000655477691907, 0.000709047366399, 0.000476907851407, 0.000124516576761, 2.40541467065e-05, 1.33676087444e-06, 1.10560540634e-06, 3.59464110034e-07, 1.53626857013e-07, 2.09058104161e-08],
        "dvar": [7.00153768296e-10, 1.15280363389e-06, 1.09844464191e-07, 4.26865790359e-06, 6.88884983902e-06, 3.14087486686e-07, 3.13749126235e-07, 6.72981741445e-08, 3.71685928258e-07, 1.74329088054e-07, 2.65180801762e-07, 3.03340101482e-07, 4.64463889571e-09, 4.61231735471e-07, 3.48921446403e-07, 9.54710685619e-07, 1.226136078e-06, 1.80333884714e-07, 1.16315014509e-07, 5.61108493002e-08, 4.38062564001e-09, 2.51626275372e-10, 5.69305832945e-13, 5.49113597474e-13, 1.82306982553e-13, 6.29787766534e-14, 5.34864951537e-14],
        "dvar2": [8.15781664443e-10, 3.88100033888e-06, 2.95604195344e-07, 1.15210259537e-05, 1.77768779395e-05, 7.78270191404e-07, 6.51340428703e-07, 1.70073505501e-07, 8.98331222743e-07, 4.96247253068e-07, 7.92454102339e-07, 7.27526582978e-07, 1.1695047597e-08, 1.22366452615e-06, 9.32875423132e-07, 2.53326970778e-06, 3.312419949e-06, 5.48851915028e-07, 3.12194543994e-07, 1.46776187648e-07, 1.0374744619e-08, 5.81946879574e-10, 1.59544838278e-12, 1.48272897866e-12, 4.14720368507e-13, 8.74165987535e-14, 5.40284471621e-14],
        "max": [0.000496958731674, 0.00599026260898, 0.00269691715948, 0.0146502628922, 0.0187785625458, 0.00750900199637, 0.00632078247145, 0.00300371460617, 0.00693675782531, 0.00374813377857, 0.00668027205393, 0.00532195065171, 0.000683454272803, 0.00663360115141, 0.00509134028107, 0.00817098002881, 0.00766298919916, 0.00394469918683, 0.00358651089482, 0.00262989872135, 0.000964028586168, 0.000241620335146, 6.55856592857e-06, 9.90006265056e-06, 5.95043138674e-06, 4.50862626167e-06, 4.46436433776e-06],
        "mean": [1.42681928992e-05, 0.00164769531693, 0.000447872880613, 0.00278786895797, 0.00450979964808, 0.000511937018018, 0.000625069311354, 0.000386000639992, 0.00119412201457, 0.00065855885623, 0.000648218847346, 0.000925460190047, 0.000140345364343, 0.0016941013746, 0.00174522690941, 0.00290692830458, 0.00295533961616, 0.00099054176826, 0.00117527670227, 0.000875507597812, 0.000226205782383, 3.74583905796e-05, 1.78960112862e-06, 1.92203310689e-06, 5.29859903509e-07, 3.1353289387e-07, 3.33260885554e-08],
        "median": [9.82873734756e-06, 0.00133308442309, 0.000333447474986, 0.00206180429086, 0.00356009416282, 0.000325369590428, 0.000344416883308, 0.000288848590571, 0.000876279431395, 0.000530853809323, 0.000514568760991, 0.00070238346234, 0.000112246736535, 0.00143738219049, 0.00158046430442, 0.00255353515968, 0.00261225644499, 0.000851749908179, 0.00107300491072, 0.000802297261544, 0.000200779817533, 3.17690719385e-05, 1.58858813393e-06, 1.30115267893e-06, 3.21929491065e-07, 1.81644367103e-07, 2.00563459174e-08],
        "min": [7.34982705808e-08, 9.40088357311e-05, 1.32934264911e-05, 3.42428902513e-05, 0.000162671596627, 1.86126471817e-05, 3.04421555484e-05, 4.62590651296e-05, 0.000147084385389, 7.05050915712e-05, 2.72501056315e-05, 8.71591328178e-05, 2.15806285269e-05, 0.000130185100716, 0.000134366418933, 0.000333946663886, 0.000605561130214, 0.000190312144696, 0.00025980907958, 0.000216934611672, 5.22943555552e-05, 6.19501815891e-06, 4.73250679534e-07, 3.20559081501e-07, 7.46077759572e-08, 6.11693522501e-08, 6.81028078375e-09],
        "var": [7.70035035735e-10, 1.34783908834e-06, 1.45245962813e-07, 6.59162878947e-06, 1.30313446789e-05, 4.19632840476e-07, 8.06366301731e-07, 1.2380714054e-07, 1.03458160083e-06, 2.43771665964e-07, 2.885189474e-07, 6.41961491965e-07, 9.59114743182e-09, 1.15262025702e-06, 7.24390247342e-07, 2.27621762861e-06, 1.84207192433e-06, 3.36251019917e-07, 3.03032550164e-07, 1.33211017328e-07, 1.22178542838e-08, 5.79726933125e-10, 8.66352020505e-13, 2.85715201498e-12, 4.19024488501e-13, 1.47034673933e-13, 5.33535584148e-14]
    },
    "erbbands": {
        "dmean": [0.0226010009646, 0.311430037022, 0.403985410929, 3.37454414368, 11.6737394333, 7.04751348495, 1.96887457371, 3.55816340446, 3.1622440815, 7.53224420547, 5.21787023544, 12.7513580322, 7.78725910187, 13.1364889145, 13.5873336792, 20.4258728027, 3.13126659393, 20.259552002, 31.4313220978, 46.3561058044, 60.0783882141, 67.8080291748, 19.6431560516, 24.4172172546, 18.8754501343, 10.0279245377, 3.18571615219, 2.42080187798, 0.560379445553, 0.0759523883462, 0.0246063228697, 0.0186762679368, 0.00892051402479, 0.00408577220514, 0.00059965858236, 0.000591176445596, 0.000160045761731, 1.70744042407e-05, 4.31166017734e-06, 5.42056159247e-06],
        "dmean2": [0.0407420359552, 0.584661900997, 0.710352838039, 5.94677209854, 20.164440155, 12.2090530396, 3.39719724655, 6.10903978348, 4.73173713684, 12.445318222, 8.41263580322, 19.8811035156, 13.6630678177, 21.9478759766, 23.4091129303, 32.0351867676, 5.04663133621, 33.2881965637, 51.179725647, 78.3314971924, 100.399787903, 114.550895691, 32.3779335022, 40.8744392395, 31.749124527, 16.6692752838, 5.21758317947, 3.95749568939, 0.893450021744, 0.122275404632, 0.0422521755099, 0.0302574951202, 0.0145737696439, 0.00702174706385, 0.000953091774136, 0.000936612312216, 0.000254212645814, 2.21122754738e-05, 6.03144280831e-06, 9.25746098801e-06],
        "dvar": [0.000389051885577, 0.0782778188586, 0.126979544759, 9.69200992584, 146.28024292, 40.932056427, 4.73532629013, 44.1133804321, 22.186876297, 92.4493789673, 59.2844734192, 210.783889771, 102.409263611, 247.735794067, 342.457427979, 538.668334961, 10.4657783508, 358.479705811, 686.818603516, 1870.06469727, 2876.71875, 3824.84814453, 363.656219482, 503.154205322, 269.992706299, 66.9917907715, 9.0878162384, 5.69745492935, 0.338691055775, 0.00686352420598, 0.000596086785663, 0.000376399460947, 0.000146527745528, 5.26408439327e-05, 3.16676801049e-06, 1.17076763217e-06, 2.31541022799e-07, 2.16712798817e-08, 1.03985009492e-09, 2.29371088095e-11],
        "dvar2": [0.00120952154975, 0.265403658152, 0.363402992487, 24.4299430847, 391.215484619, 106.234298706, 12.3335647583, 113.316795349, 42.2603111267, 220.824996948, 153.237457275, 538.408813477, 307.826385498, 727.627746582, 1030.27685547, 1299.953125, 26.9376811981, 910.758666992, 1767.34606934, 5172.62548828, 7838.54003906, 10291.5234375, 1020.46478271, 1480.71105957, 754.749816895, 179.778900146, 22.2676715851, 12.8679332733, 0.808055818081, 0.0185223612934, 0.00165520526934, 0.00103846285492, 0.000344478234183, 0.000141032927786, 3.97529083784e-06, 1.83802933407e-06, 3.49868258809e-07, 2.22971578978e-08, 1.04886654917e-09, 5.2075142809e-11],
        "max": [0.156697630882, 1.42118287086, 2.27139687538, 29.433298111, 96.3522720337, 55.258644104, 22.9153594971, 92.165687561, 68.074432373, 112.098983765, 81.9541778564, 164.078369141, 118.835426331, 175.354980469, 232.03616333, 252.17024231, 37.6379699707, 204.663406372, 226.497650146, 418.702758789, 536.645690918, 493.844787598, 175.754394531, 230.567459106, 155.869827271, 94.9395751953, 39.2238502502, 36.4913635254, 9.33618164062, 1.11353027821, 0.191095367074, 0.224860429764, 0.153435394168, 0.0761015564203, 0.0345952436328, 0.018223259598, 0.0083582950756, 0.00285189552233, 0.000642706581857, 8.30301360111e-05],
        "mean": [0.0441727936268, 0.380255609751, 0.618440806866, 4.76211452484, 17.7874717712, 11.9524412155, 3.81459665298, 4.67224311829, 5.78121709824, 11.8969697952, 11.6283731461, 29.7185974121, 16.7655334473, 28.4971179962, 26.9190273285, 38.8883399963, 9.25426101685, 54.1628074646, 96.0433044434, 118.718772888, 168.046157837, 158.366775513, 61.3662338257, 66.2392501831, 63.8042755127, 34.1283912659, 10.4390525818, 6.96029806137, 1.68463301659, 0.23123909533, 0.0611709915102, 0.050847966224, 0.0244907941669, 0.00968968588859, 0.0019196276553, 0.00189383770339, 0.000458541559055, 3.82267608074e-05, 2.19202447624e-05, 3.53602481482e-05],
        "median": [0.0404750481248, 0.299056529999, 0.500469267368, 3.51643848419, 13.4968967438, 8.88044452667, 2.8406162262, 2.77620077133, 3.11072683334, 6.9287443161, 8.909116745, 19.5150527954, 14.2649803162, 23.9681129456, 21.8933868408, 29.9200286865, 8.03005027771, 45.4733848572, 90.9860992432, 106.455383301, 152.439544678, 142.016876221, 54.8946418762, 60.4804725647, 58.2348442078, 32.6062927246, 9.46532917023, 6.11223459244, 1.44734597206, 0.198227733374, 0.0542420297861, 0.0399100705981, 0.0147804319859, 0.00517079187557, 0.00141994189471, 0.00122791738249, 0.000248257158091, 2.21979244088e-05, 2.02019073186e-05, 3.5534525523e-05],
        "min": [0.0035473133903, 0.0135516282171, 0.0564993657172, 0.32916161418, 1.08398211002, 0.226438954473, 0.0796918347478, 0.200377345085, 0.336608052254, 0.523875355721, 1.12787544727, 2.62918281555, 2.58050107956, 2.27483677864, 3.05465555191, 3.65710449219, 2.87019300461, 6.53423786163, 11.3836755753, 9.29752254486, 26.2586288452, 34.8803825378, 12.5939416885, 12.1819858551, 17.7362117767, 10.347401619, 3.06590294838, 1.54088318348, 0.356423169374, 0.0404311344028, 0.013589031063, 0.0128515688702, 0.00306256744079, 0.0012169261463, 0.000465699267806, 0.000401119090384, 8.07824035292e-05, 8.32439582155e-06, 8.92513071449e-06, 1.47657228808e-05],
        "var": [0.000784601608757, 0.0814483612776, 0.174724593759, 17.5361557007, 221.714065552, 87.5701675415, 10.2746124268, 51.2109794617, 69.9992523193, 192.880783081, 95.3668212891, 811.042175293, 128.274200439, 366.518249512, 402.287322998, 1121.8692627, 27.0591850281, 1072.79907227, 1624.24682617, 3994.55541992, 6159.71679688, 5268.86376953, 750.032836914, 1293.57275391, 702.280761719, 154.267623901, 20.0102481842, 14.7694044113, 0.943900287151, 0.0162843037397, 0.000944442872424, 0.00125099683646, 0.000729554565623, 0.000155641813762, 4.43584076493e-06, 3.55923202733e-06, 4.56905922874e-07, 2.20952216523e-08, 1.05383113347e-09, 3.61635790758e-11]
    },
    "gfcc": {
        "mean": [-1.39414572716, 140.028427124, -189.997253418, 52.7928199768, -22.4737548828, -16.301776886, -18.956407547, 0.0855294987559, -20.3102283478, -9.92698478699, -22.900686264, -14.2230319977, 1.99645996094],
        "cov": [[125.322853088, -39.0295372009, 21.271402359, -26.1346549988, -35.4925384521, 16.5656719208, -39.3715629578, 11.1411314011, 0.650711655617, 9.12707996368, -7.62886857986, 13.73554039, 8.71415996552], [-39.0295372009, 145.287704468, 5.75267744064, -7.35990619659, -6.68250131607, -58.0905265808, 31.3183441162, -22.2824020386, -3.45291900635, -4.25574207306, 41.3852806091, -1.751999259, -5.93141222], [21.271402359, 5.75267744064, 101.842323303, 19.1305141449, -5.94674110413, 5.47661304474, -42.5592803955, -8.55739974976, -19.1088924408, 0.310748040676, -23.4264297485, 9.52239322662, 8.61207008362], [-26.1346549988, -7.35990619659, 19.1305141449, 68.0476837158, 40.3151893616, 13.9236497879, 20.6018886566, 0.0453396253288, 3.48669075966, -4.30212116241, -11.3834600449, -6.95146560669, 2.0273835659], [-35.4925384521, -6.68250131607, -5.94674110413, 40.3151893616, 63.4052963257, 22.9322471619, 31.4248542786, 5.49976301193, 2.31450748444, -5.22140598297, -9.40153026581, -9.02568149567, -5.0664100647], [16.5656719208, -58.0905265808, 5.47661304474, 13.9236497879, 22.9322471619, 65.5912322998, 4.61541652679, 10.1966867447, 2.48589324951, 4.31083536148, -18.1490211487, 0.597550868988, 8.84278297424], [-39.3715629578, 31.3183441162, -42.5592803955, 20.6018886566, 31.4248542786, 4.61541652679, 88.4801330566, 20.6660423279, 11.2198982239, 1.04019927979, 12.6332530975, -6.99836444855, -13.6978731155], [11.1411314011, -22.2824020386, -8.55739974976, 0.0453396253288, 5.49976301193, 10.1966867447, 20.6660423279, 46.9488639832, 24.6421661377, 9.52095794678, -7.06046628952, -1.43387043476, 0.608394980431], [0.650711655617, -3.45291900635, -19.1088924408, 3.48669075966, 2.31450748444, 2.48589324951, 11.2198982239, 24.6421661377, 44.4795646667, 24.5662689209, 8.3856420517, -2.30016565323, 1.56252944469], [9.12707996368, -4.25574207306, 0.310748040676, -4.30212116241, -5.22140598297, 4.31083536148, 1.04019927979, 9.52095794678, 24.5662689209, 41.0206947327, 15.6056604385, 12.3804931641, 2.94535970688], [-7.62886857986, 41.3852806091, -23.4264297485, -11.3834600449, -9.40153026581, -18.1490211487, 12.6332530975, -7.06046628952, 8.3856420517, 15.6056604385, 49.1748390198, 14.3448123932, 2.05802774429], [13.73554039, -1.751999259, 9.52239322662, -6.95146560669, -9.02568149567, 0.597550868988, -6.99836444855, -1.43387043476, -2.30016565323, 12.3804931641, 14.3448123932, 33.2373733521, 11.703912735], [8.71415996552, -5.93141222, 8.61207008362, 2.0273835659, -5.0664100647, 8.84278297424, -13.6978731155, 0.608394980431, 1.56252944469, 2.94535970688, 2.05802774429, 11.703912735, 28.6885223389]],
        "icov": [[0.0129451742396, -0.00109893153422, 0.000751526386011, -0.000688881496899, 0.00731352157891, -0.00639442214742, 0.00580825144425, -0.00661365035921, 0.00232537672855, -0.000805870979093, 0.00051019055536, -0.0036281789653, 0.003239487065], [-0.00109893153422, 0.0367913432419, -0.0290633328259, 0.0219700802118, -0.0106156570837, 0.0271694883704, -0.031535949558, 0.0268367342651, -0.022150605917, 0.0163063444197, -0.0251177847385, 0.0151988575235, -0.0156297851354], [0.000751526386011, -0.0290633328259, 0.0431663990021, -0.0291378945112, 0.0120434770361, -0.0197976492345, 0.0344939008355, -0.0269352681935, 0.0314022451639, -0.0225860364735, 0.0266450978816, -0.0162262711674, 0.0134507287294], [-0.000688881496899, 0.0219700802118, -0.0291378945112, 0.0463297814131, -0.0241247601807, 0.0175322256982, -0.0283125210553, 0.026455745101, -0.0268440209329, 0.0155513267964, -0.0117651037872, 0.0113645847887, -0.017446257174], [0.00731352157891, -0.0106156570837, 0.0120434770361, -0.0241247601807, 0.0406106188893, -0.0194755028933, 0.00678017409518, -0.0114585282281, 0.00956287421286, -0.00365049648099, 0.00800643116236, -0.00535276252776, 0.0117917321622], [-0.00639442214742, 0.0271694883704, -0.0197976492345, 0.0175322256982, -0.0194755028933, 0.0451010242105, -0.0258327797055, 0.0200997311622, -0.0131628168747, 0.00412563420832, -0.00829844735563, 0.0114953964949, -0.0216389466077], [0.00580825144425, -0.031535949558, 0.0344939008355, -0.0283125210553, 0.00678017409518, -0.0258327797055, 0.0536874681711, -0.0395320951939, 0.0288618095219, -0.0160920917988, 0.012859493494, -0.0139106540009, 0.0238267146051], [-0.00661365035921, 0.0268367342651, -0.0269352681935, 0.026455745101, -0.0114585282281, 0.0200997311622, -0.0395320951939, 0.0656481534243, -0.0469911321998, 0.018660614267, -0.00444352673367, 0.00582716288045, -0.0161278825253], [0.00232537672855, -0.022150605917, 0.0314022451639, -0.0268440209329, 0.00956287421286, -0.0131628168747, 0.0288618095219, -0.0469911321998, 0.0797448754311, -0.047058224678, 0.00951227452606, 0.00752044050023, 0.00444502709433], [-0.000805870979093, 0.0163063444197, -0.0225860364735, 0.0155513267964, -0.00365049648099, 0.00412563420832, -0.0160920917988, 0.018660614267, -0.047058224678, 0.0629169940948, -0.0223942883313, -0.0101687647402, 0.00116031756625], [0.00051019055536, -0.0251177847385, 0.0266450978816, -0.0117651037872, 0.00800643116236, -0.00829844735563, 0.012859493494, -0.00444352673367, 0.00951227452606, -0.0223942883313, 0.0586008243263, -0.0250075440854, 0.00547011429444], [-0.0036281789653, 0.0151988575235, -0.0162262711674, 0.0113645847887, -0.00535276252776, 0.0114953964949, -0.0139106540009, 0.00582716288045, 0.00752044050023, -0.0101687647402, -0.0250075440854, 0.0588045082986, -0.0245035421103], [0.003239487065, -0.0156297851354, 0.0134507287294, -0.017446257174, 0.0117917321622, -0.0216389466077, 0.0238267146051, -0.0161278825253, 0.00444502709433, 0.00116031756625, 0.00547011429444, -0.0245035421103, 0.057550534606]]
    },
    "melbands": {
        "dmean": [0.00029127538437, 0.000272346107522, 0.000852919765748, 0.000681459263433, 8.77110287547e-05, 7.48019374441e-05, 6.09381786489e-05, 7.25434074411e-05, 5.12351507496e-05, 8.0621750385e-05, 4.08737978432e-05, 5.5377746321e-05, 4.7104422265e-05, 6.75816845614e-05, 1.88163085113e-05, 9.59691624303e-06, 5.00399510202e-05, 5.88080874877e-05, 6.49370922474e-05, 7.01653916622e-05, 8.18546395749e-05, 8.14665836515e-05, 3.74029805243e-05, 1.95946104213e-05, 2.26596366701e-05, 1.40283873407e-05, 1.6373296603e-05, 5.51422044737e-06, 1.78757443337e-06, 2.74964850178e-06, 1.12675229502e-06, 3.96980141204e-07, 1.32831530664e-07, 1.67922138417e-08, 1.47276901785e-08, 1.55601895813e-08, 1.1699393454e-08, 7.70096075797e-09, 5.3424260571e-09, 3.13951109554e-09],
        "dmean2": [0.000539950910024, 0.000497765489854, 0.00148236949462, 0.00116012583021, 0.000152099863044, 0.000126560131321, 9.23798070289e-05, 0.000119208925753, 8.1396123278e-05, 0.00012561926269, 7.19426971045e-05, 9.2147020041e-05, 8.22088695713e-05, 0.000107092346298, 2.94418168778e-05, 1.62460601132e-05, 8.23553200462e-05, 9.56511430559e-05, 0.000106620987935, 0.000116295545013, 0.000139030744322, 0.000138522635098, 6.23942760285e-05, 3.34891046805e-05, 3.81759855372e-05, 2.34024864767e-05, 2.70300188276e-05, 9.33468709263e-06, 3.02001217278e-06, 4.4988528316e-06, 1.88200215234e-06, 6.58280157495e-07, 2.18329745394e-07, 2.82900174398e-08, 2.58293830768e-08, 2.56909817864e-08, 1.92587794601e-08, 1.2693012863e-08, 8.95041019078e-09, 5.30267030285e-09],
        "dvar": [6.51299032484e-08, 6.15462596443e-08, 6.70746658216e-07, 4.5588049602e-07, 7.35817673458e-09, 1.7006305697e-08, 8.04190047887e-09, 8.5181710574e-09, 7.39427274965e-09, 8.19344769809e-09, 2.81136114388e-09, 4.30597069112e-09, 6.12071637818e-09, 5.1609032603e-09, 7.24911797256e-10, 9.56585505252e-11, 2.25360996531e-09, 2.57714605212e-09, 2.96993252213e-09, 4.88524243281e-09, 5.38382050053e-09, 4.68154581768e-09, 1.30162791656e-09, 4.96972629715e-10, 4.27508917156e-10, 1.2634351898e-10, 1.95429672445e-10, 2.00984211912e-11, 3.36207776029e-12, 5.11950508028e-12, 1.86190711286e-12, 1.72288724086e-13, 2.99225467809e-14, 2.8410549136e-16, 2.19982264987e-16, 2.39087251931e-16, 1.78890195321e-16, 1.01850384864e-16, 7.8898505146e-17, 3.17478271845e-17],
        "dvar2": [2.19094388854e-07, 1.96675514985e-07, 1.85678834441e-06, 1.15229386211e-06, 1.95949478865e-08, 4.32917950377e-08, 1.52873553816e-08, 2.00316598864e-08, 1.77900059128e-08, 2.12735375982e-08, 8.30373192429e-09, 1.26535972811e-08, 1.83658244168e-08, 1.27155264096e-08, 1.87728210754e-09, 2.59621824039e-10, 5.76834047195e-09, 7.04453739786e-09, 8.52986659083e-09, 1.3353846029e-08, 1.44681440162e-08, 1.30392274755e-08, 3.68579655685e-09, 1.51524215397e-09, 1.25717569688e-09, 3.72502001467e-10, 5.40551270412e-10, 5.42616854227e-11, 8.30399377733e-12, 1.38352072854e-11, 4.07529305441e-12, 4.19983871899e-13, 7.98647714802e-14, 8.13097366316e-16, 6.60075888076e-16, 6.50731420602e-16, 4.83693770546e-16, 2.46045230546e-16, 2.00800767145e-16, 8.87168677018e-17],
        "max": [0.00157091987785, 0.0013517269399, 0.00596462935209, 0.00517058558762, 0.000903880631085, 0.00179203646258, 0.00113480852451, 0.00113944418263, 0.00104924733751, 0.0010778310243, 0.000576505495701, 0.00069607218029, 0.000998088275082, 0.000708511215635, 0.000310033705318, 8.00263151177e-05, 0.000501214235555, 0.000475355831441, 0.000516992935445, 0.00067263818346, 0.000627257744782, 0.000502295501065, 0.00029236995033, 0.000205146789085, 0.000194270600332, 0.000121569129988, 0.000146291349665, 4.13665256929e-05, 1.90082864719e-05, 2.99459079542e-05, 1.91236067622e-05, 5.68333234696e-06, 2.62279286289e-06, 1.55271109747e-07, 1.30263458686e-07, 1.19479182104e-07, 1.55173623284e-07, 1.25746396407e-07, 1.06697441993e-07, 5.9672423447e-08],
        "mean": [0.000442430464318, 0.000372130132746, 0.00125348032452, 0.00120906240772, 0.000170417537447, 9.88075771602e-05, 0.000105489729322, 0.000116351409815, 0.000107645195385, 0.000190006176126, 7.84058065619e-05, 0.00011396699847, 8.22186702862e-05, 0.000125877704704, 3.66025597032e-05, 2.07338525797e-05, 0.000120648459415, 0.000166383790202, 0.000152572931256, 0.000167104590219, 0.000209258359973, 0.000174299813807, 8.81381929503e-05, 4.47702987003e-05, 5.5691711168e-05, 4.0510429244e-05, 5.0705333706e-05, 1.53801247507e-05, 4.97037353853e-06, 7.27097585695e-06, 2.82260202766e-06, 1.02825231352e-06, 3.32819837467e-07, 4.17382466367e-08, 2.97287154893e-08, 3.48713378173e-08, 2.96948297063e-08, 1.84516188995e-08, 1.21446293022e-08, 6.54400533762e-09],
        "median": [0.000372152862838, 0.000294040510198, 0.000955495343078, 0.000944086059462, 0.000128637097077, 5.97539547016e-05, 5.65522386751e-05, 6.6972534114e-05, 7.62093550293e-05, 0.000122428667964, 6.59288634779e-05, 9.63783822954e-05, 6.44562460366e-05, 9.46472137002e-05, 2.69850133918e-05, 1.76930843736e-05, 9.9421806226e-05, 0.000159725110279, 0.000139098468935, 0.000143902943819, 0.000195224070922, 0.000156179114128, 7.93446597527e-05, 3.76609168597e-05, 4.89358062623e-05, 3.70985944755e-05, 4.6828208724e-05, 1.43639681482e-05, 4.33217519458e-06, 6.55300664221e-06, 2.32478691942e-06, 8.6274565092e-07, 2.69657220997e-07, 3.64088634797e-08, 2.47569005296e-08, 2.85839210079e-08, 2.20470965928e-08, 1.09868745213e-08, 6.26797103109e-09, 3.39118688686e-09],
        "min": [2.69262400252e-05, 1.49119887283e-05, 0.000100701567135, 4.31335829489e-05, 3.22254186358e-06, 3.55833526555e-06, 5.11354301125e-06, 5.19843979419e-06, 7.20921661923e-06, 1.24459420476e-05, 9.19944977795e-06, 9.43808845477e-06, 4.90054071633e-06, 1.11933268272e-05, 3.56229065801e-06, 3.10767586598e-06, 1.00410707091e-05, 1.10655792014e-05, 1.13367677841e-05, 1.44352670759e-05, 3.61631064152e-05, 3.41526938428e-05, 1.7555166778e-05, 7.57806265028e-06, 9.89195814327e-06, 1.05218041426e-05, 1.44065361383e-05, 4.34400863014e-06, 1.29566319629e-06, 1.80668689609e-06, 6.02347768108e-07, 2.04278407523e-07, 4.06491587057e-08, 7.83084441736e-09, 5.47871437107e-09, 8.98701468799e-09, 5.07497821545e-09, 2.042938263e-09, 1.27083066292e-09, 8.83103479232e-10],
        "var": [8.90074502991e-08, 6.77999665299e-08, 9.8266571058e-07, 8.7932102133e-07, 2.02679206751e-08, 2.08068122731e-08, 2.43893065743e-08, 1.85373902895e-08, 1.14841567367e-08, 3.44916237793e-08, 3.3093034979e-09, 6.18512085993e-09, 5.64225244304e-09, 1.07435846886e-08, 1.25180410482e-09, 1.53851487106e-10, 6.63060895079e-09, 6.13093265045e-09, 6.30504626287e-09, 1.07543520755e-08, 9.9150776478e-09, 6.71687416798e-09, 1.92624716178e-09, 8.22325540994e-10, 1.00936081715e-09, 3.47800038769e-10, 5.10224473782e-10, 4.09589862027e-11, 6.29674047278e-12, 1.24662450501e-11, 3.81599569652e-12, 4.04962223694e-13, 5.31876314367e-14, 5.50241125805e-16, 2.88756019878e-16, 4.38806847693e-16, 5.64459579677e-16, 4.13357160458e-16, 2.88498336574e-16, 7.29378284171e-17]
    },
    "mfcc": {
        "mean": [-620.557434082, 155.007003784, -84.734703064, 62.3551292419, 3.02653837204, 3.52912831306, 3.75048160553, 0.633734405041, 13.6744365692, 1.74580454826, -11.179356575, -6.240670681, -9.51676273346],
        "cov": [[130.891021729, -42.3397331238, 17.6346149445, -53.7715682983, 2.15705871582, -16.4904193878, -20.6563816071, -10.5869379044, 6.81767654419, -4.6425409317, -4.53457117081, -4.29336547852, 12.029753685], [-42.3397331238, 144.641876221, -4.29767465591, 29.7492427826, -45.4321594238, -19.9451122284, 2.50956654549, -4.39507770538, -48.5361251831, -0.548110902309, 0.038418803364, 20.2908363342, 10.5293607712], [17.6346149445, -4.29767465591, 112.210342407, -14.4083127975, 31.1988506317, -6.33970499039, -23.3706073761, -29.8545284271, 6.5298666954, -25.877117157, -23.9505348206, -18.9704380035, 9.14867115021], [-53.7715682983, 29.7492427826, -14.4083127975, 88.7738189697, -2.0509929657, 13.1365814209, 18.9297466278, 18.3224544525, -3.65824222565, 11.5420188904, 15.3930501938, 4.77877950668, -12.1297521591], [2.15705871582, -45.4321594238, 31.1988506317, -2.0509929657, 65.6802825928, 17.4328746796, -5.52559423447, -6.89126014709, 23.2099971771, -2.02910757065, -9.61956501007, -21.2169628143, -3.5897898674], [-16.4904193878, -19.9451122284, -6.33970499039, 13.1365814209, 17.4328746796, 54.6369743347, 23.8169193268, 8.54184913635, 10.6002483368, 1.46463620663, 4.29892969131, -5.07328176498, -0.825869262218], [-20.6563816071, 2.50956654549, -23.3706073761, 18.9297466278, -5.52559423447, 23.8169193268, 51.2443962097, 25.9495811462, 5.860414505, 4.14527273178, 3.76490449905, 3.47828698158, -6.5955324173], [-10.5869379044, -4.39507770538, -29.8545284271, 18.3224544525, -6.89126014709, 8.54184913635, 25.9495811462, 46.2264137268, 11.1397294998, 13.5312385559, 5.68109416962, 3.50300335884, -6.82388401031], [6.81767654419, -48.5361251831, 6.5298666954, -3.65824222565, 23.2099971771, 10.6002483368, 5.860414505, 11.1397294998, 67.8971862793, 13.3584794998, 9.4863615036, -4.70876693726, -1.2755368948], [-4.6425409317, -0.548110902309, -25.877117157, 11.5420188904, -2.02910757065, 1.46463620663, 4.14527273178, 13.5312385559, 13.3584794998, 42.5912895203, 19.898267746, 4.70130157471, -6.87832117081], [-4.53457117081, 0.038418803364, -23.9505348206, 15.3930501938, -9.61956501007, 4.29892969131, 3.76490449905, 5.68109416962, 9.4863615036, 19.898267746, 40.1325149536, 17.0268440247, 1.79910159111], [-4.29336547852, 20.2908363342, -18.9704380035, 4.77877950668, -21.2169628143, -5.07328176498, 3.47828698158, 3.50300335884, -4.70876693726, 4.70130157471, 17.0268440247, 38.5961151123, 16.2109661102], [12.029753685, 10.5293607712, 9.14867115021, -12.1297521591, -3.5897898674, -0.825869262218, -6.5955324173, -6.82388401031, -1.2755368948, -6.87832117081, 1.79910159111, 16.2109661102, 37.5971031189]],
