{
"lowlevel": {
    "average_loudness": 0.985842823982,
    "barkbands_crest": {
        "dmean": 3.32756257057,
        "dmean2": 5.61733961105,
        "dvar": 7.61956787109,
        "dvar2": 22.7662792206,
        "max": 21.0972537994,
        "mean": 8.21694660187,
        "median": 7.23509788513,
        "min": 2.66656422615,
        "var": 14.1747560501
    },
    "barkbands_flatness_db": {
        "dmean": 0.0184551477432,
        "dmean2": 0.0302544888109,
        "dvar": 0.000200657479581,
        "dvar2": 0.000532644684426,
        "max": 0.251094251871,
        "mean": 0.143789932132,
        "median": 0.138999968767,
        "min": 0.0852335467935,
        "var": 0.000621122831944
    },
    "barkbands_kurtosis": {
        "dmean": 0.937320947647,
        "dmean2": 1.54455590248,
        "dvar": 1.71897375584,
        "dvar2": 4.0943107605,
        "max": 12.6790475845,
        "mean": -0.544749319553,
        "median": -1.07713067532,
        "min": -1.80086708069,
        "var": 2.74229621887
    },
    "barkbands_skewness": {
        "dmean": 0.565707564354,
        "dmean2": 0.929571866989,
        "dvar": 0.197113081813,
        "dvar2": 0.52591997385,
        "max": 2.79354000092,
        "mean": 0.0988269820809,
        "median": 0.186354398727,
        "min": -3.55464267731,
        "var": 0.879811525345
    },
    "barkbands_spread": {
        "dmean": 6.46163511276,
        "dmean2": 10.6215667725,
        "dvar": 27.0130119324,
        "dvar2": 65.1069946289,
        "max": 55.339969635,
        "mean": 37.7989044189,
        "median": 39.1493873596,
        "min": 8.19281005859,
        "var": 89.5220718384
    },
    "dissonance": {
        "dmean": 0.00556828221306,
        "dmean2": 0.00945527758449,
        "dvar": 2.8461605325e-05,
        "dvar2": 7.6061769505e-05,
        "max": 0.499452799559,
        "mean": 0.491240382195,
        "median": 0.491946101189,
        "min": 0.465222418308,
        "var": 3.71973001165e-05
    },
    "dynamic_complexity": 1.25167393684,
    "erbbands_crest": {
        "dmean": 2.21458697319,
        "dmean2": 3.8357322216,
        "dvar": 3.95867848396,
        "dvar2": 10.8234634399,
        "max": 29.3674068451,
        "mean": 8.09683227539,
        "median": 7.37845516205,
        "min": 4.00346660614,
        "var": 9.26657295227
    },
    "erbbands_flatness_db": {
        "dmean": 0.012941214256,
        "dmean2": 0.0204548444599,
        "dvar": 9.56545773079e-05,
        "dvar2": 0.000249480915954,
        "max": 0.354048371315,
        "mean": 0.221769839525,
        "median": 0.214703589678,
        "min": 0.167245820165,
        "var": 0.000755171233322
    },
    "erbbands_kurtosis": {
        "dmean": 1.30311393738,
        "dmean2": 2.06706237793,
        "dvar": 1.50297212601,
        "dvar2": 4.16299390793,
        "max": 15.2886314392,
        "mean": 2.62196397781,
        "median": 2.22810792923,
        "min": -0.912878513336,
        "var": 4.57678937912
    },
    "erbbands_skewness": {
        "dmean": 0.269355803728,
        "dmean2": 0.434286504984,
        "dvar": 0.0599326714873,
        "dvar2": 0.149438232183,
        "max": 0.9638261199,
        "mean": -1.22481787205,
        "median": -1.27337265015,
        "min": -2.39279317856,
        "var": 0.177290797234
    },
    "erbbands_spread": {
        "dmean": 4.84942054749,
        "dmean2": 7.63658332825,
        "dvar": 16.5242919922,
        "dvar2": 46.6183700562,
        "max": 46.0324668884,
        "mean": 21.3709430695,
        "median": 21.0197925568,
        "min": 2.77946805954,
        "var": 63.990940094
    },
    "hfc": {
        "dmean": 5.99552965164,
        "dmean2": 8.85441017151,
        "dvar": 40.1625366211,
        "dvar2": 83.8061676025,
        "max": 87.4869613647,
        "mean": 27.3381118774,
        "median": 23.0842266083,
        "min": 0.616931080818,
        "var": 190.635299683
    },
    "melbands_crest": {
        "dmean": 4.19127178192,
        "dmean2": 6.94116640091,
        "dvar": 9.5145072937,
        "dvar2": 26.569185257,
        "max": 29.2987976074,
        "mean": 13.31620121,
        "median": 13.1778020859,
        "min": 2.79014968872,
        "var": 28.734910965
    },
    "melbands_flatness_db": {
        "dmean": 0.029319902882,
        "dmean2": 0.0494235828519,
        "dvar": 0.000513771199621,
        "dvar2": 0.00140285072848,
        "max": 0.292407691479,
        "mean": 0.178050294518,
        "median": 0.175415799022,
        "min": 0.101997040212,
        "var": 0.00152262591291
    },
    "melbands_kurtosis": {
        "dmean": 3.29322814941,
        "dmean2": 5.70910596848,
        "dvar": 18.2124614716,
        "dvar2": 46.9190750122,
        "max": 33.9765510559,
        "mean": 2.53623771667,
        "median": 1.01577138901,
        "min": -1.66736555099,
        "var": 24.9293804169
    },
    "melbands_skewness": {
        "dmean": 0.77850317955,
        "dmean2": 1.2942084074,
        "dvar": 0.430535167456,
        "dvar2": 1.16201770306,
        "max": 5.58159446716,
        "mean": 1.48150777817,
        "median": 1.52219486237,
        "min": -1.65898025036,
        "var": 1.52478396893
    },
    "melbands_spread": {
        "dmean": 15.6406612396,
        "dmean2": 26.9792060852,
        "dvar": 143.876678467,
        "dvar2": 394.063293457,
        "max": 100.370681763,
        "mean": 53.5162467957,
        "median": 52.5520019531,
        "min": 9.91201972961,
        "var": 397.374206543
    },
    "pitch_salience": {
        "dmean": 0.0870118364692,
        "dmean2": 0.146564558148,
        "dvar": 0.00500124832615,
        "dvar2": 0.0140568753704,
        "max": 0.834198653698,
        "mean": 0.55812895298,
        "median": 0.575179457664,
        "min": 0.220198109746,
        "var": 0.0121506312862
    },
    "silence_rate_20dB": {
        "dmean": 0,
        "dmean2": 0,
        "dvar": 0,
        "dvar2": 0,
        "max": 1,
        "mean": 1,
        "median": 1,
        "min": 1,
        "var": 0
    },
    "silence_rate_30dB": {
        "dmean": 0,
        "dmean2": 0,
        "dvar": 0,
        "dvar2": 0,
        "max": 1,
        "mean": 1,
        "median": 1,
        "min": 1,
        "var": 0
    },
    "silence_rate_60dB": {
        "dmean": 0,
        "dmean2": 0,
        "dvar": 0,
        "dvar2": 0,
        "max": 0,
        "mean": 0,
        "median": 0,
        "min": 0,
        "var": 0
    },
    "spectral_centroid": {
        "dmean": 171.231674194,
        "dmean2": 274.447723389,
        "dvar": 22723.3457031,
        "dvar2": 64153.8125,
        "max": 3061.57641602,
        "mean": 2482.5090332,
        "median": 2514.42407227,
        "min": 1476.37438965,
        "var": 81490.265625
    },
    "spectral_complexity": {
        "dmean": 4.1533331871,
        "dmean2": 6.20735788345,
        "dvar": 13.3298254013,
        "dvar2": 24.7663536072,
        "max": 53,
        "mean": 35.2458457947,
        "median": 35,
        "min": 0,
        "var": 40.6638221741
    },
    "spectral_decrease": {
        "dmean": 1.4326289044e-09,
        "dmean2": 2.48485010346e-09,
        "dvar": 1.3079666257e-18,
        "dvar2": 3.73411662383e-18,
        "max": -7.21078405319e-11,
        "mean": -4.96844698716e-09,
        "median": -4.98899721535e-09,
        "min": -8.43625347358e-09,
        "var": 2.0902179927e-18
    },
    "spectral_energy": {
        "dmean": 0.00566414557397,
        "dmean2": 0.00977197196335,
        "dvar": 2.02799892577e-05,
        "dvar2": 5.5680393416e-05,
        "max": 0.0390654057264,
        "mean": 0.0212317090482,
        "median": 0.0212553478777,
        "min": 0.000328110007104,
        "var": 3.61110396625e-05
    },
    "spectral_energyband_high": {
        "dmean": 0.000162539625308,
        "dmean2": 0.000268434290774,
        "dvar": 2.93169488685e-08,
        "dvar2": 6.58940280118e-08,
        "max": 0.00239655096084,
        "mean": 0.000575709273107,
        "median": 0.000511299353093,
        "min": 1.28038300318e-05,
        "var": 8.08785713957e-08
    },
    "spectral_energyband_low": {
        "dmean": 0.00496671535075,
        "dmean2": 0.00869668275118,
        "dvar": 1.88924277609e-05,
        "dvar2": 5.51904922759e-05,
        "max": 0.0281358137727,
        "mean": 0.00769606279209,
        "median": 0.00599820166826,
        "min": 4.09593085351e-05,
        "var": 3.34521937475e-05
    },
    "spectral_energyband_middle_high": {
        "dmean": 0.00239014904946,
        "dmean2": 0.00358687271364,
        "dvar": 6.41464157525e-06,
        "dvar2": 1.23632853501e-05,
        "max": 0.0364348813891,
        "mean": 0.0100117763504,
        "median": 0.00805270113051,
        "min": 0.000212529848795,
        "var": 3.41780214512e-05
    },
    "spectral_energyband_middle_low": {
        "dmean": 0.001365258242,
        "dmean2": 0.00210386421531,
        "dvar": 2.0698271328e-06,
        "dvar2": 5.01551721754e-06,
        "max": 0.0126896044239,
        "mean": 0.00335567584261,
        "median": 0.00271035335027,
        "min": 7.02003380866e-05,
        "var": 5.59672207601e-06
    },
    "spectral_entropy": {
        "dmean": 0.0675555095077,
        "dmean2": 0.110752753913,
        "dvar": 0.00354244350456,
        "dvar2": 0.00751598877832,
        "max": 8.05415153503,
        "mean": 7.63522958755,
        "median": 7.65519094467,
        "min": 6.8697977066,
        "var": 0.0126243662089
    },
    "spectral_flux": {
        "dmean": 0.0144035303965,
        "dmean2": 0.0237637069076,
        "dvar": 0.000145532336319,
        "dvar2": 0.000408678170061,
        "max": 0.14926199615,
        "mean": 0.0870579108596,
        "median": 0.0867598205805,
        "min": 0.0473173111677,
        "var": 0.000256985105807
    },
    "spectral_kurtosis": {
        "dmean": 2.97724342346,
        "dmean2": 5.36342716217,
        "dvar": 6.81021118164,
        "dvar2": 19.5739707947,
        "max": 26.887046814,
        "mean": 5.07610797882,
        "median": 4.3604092598,
        "min": 1.03036212921,
        "var": 9.95158290863
    },
    "spectral_rms": {
        "dmean": 0.000621103798039,
        "dmean2": 0.00106471031904,
        "dvar": 2.58502979023e-07,
        "dvar2": 6.46901526125e-07,
        "max": 0.00617353944108,
        "mean": 0.00450005289167,
        "median": 0.00455378135666,
        "min": 0.000565780268516,
        "var": 4.63405484652e-07
    },
    "spectral_rolloff": {
        "dmean": 414.227142334,
        "dmean2": 724.711120605,
        "dvar": 194881.234375,
        "dvar2": 490379.0625,
        "max": 3725.24414062,
        "mean": 2629.0534668,
        "median": 2583.984375,
        "min": 129.19921875,
        "var": 349058.15625
    },
    "spectral_skewness": {
        "dmean": 0.292787849903,
        "dmean2": 0.513936042786,
        "dvar": 0.064538449049,
        "dvar2": 0.164484649897,
        "max": 3.54641747475,
        "mean": 0.751734852791,
        "median": 0.708308160305,
        "min": 0.0553442277014,
        "var": 0.134975358844
    },
    "spectral_spread": {
        "dmean": 176431.140625,
        "dmean2": 278265.9375,
        "dvar": 90203471872,
        "dvar2": 98246983680,
        "max": 7567405.5,
        "mean": 2232527.75,
        "median": 2237739.5,
        "min": 1585720.5,
        "var": 155489091584
    },
    "spectral_strongpeak": {
        "dmean": 0.658586084843,
        "dmean2": 1.05248188972,
        "dvar": 2.07156968117,
        "dvar2": 4.04528427124,
        "max": 16.3067016602,
        "mean": 1.04182505608,
        "median": 0.25596767664,
        "min": 0.00269223516807,
        "var": 5.03796243668
    },
    "zerocrossingrate": {
        "dmean": 0.00842773448676,
        "dmean2": 0.010681765154,
        "dvar": 4.67759164167e-05,
        "dvar2": 6.44610554446e-05,
        "max": 0.12158203125,
        "mean": 0.0778200253844,
        "median": 0.0751953125,
        "min": 0.0263671875,
        "var": 0.000365137355402
    },
    "barkbands": {
        "dmean": [2.45538503805e-05, 0.00398639496416, 0.00156573788263, 0.000684125872795, 0.000626688124612, 0.000399582844693, 0.000185151977348, 0.000213579216506, 0.000303104316117, 0.000106903527922, 0.000203862146009, 0.000325510191033, 0.000159502160386, 0.000592265976593, 0.000622817198746, 0.000763500866015, 0.00129492406268, 0.000319583545206, 0.000464660814032, 0.000248457450652, 0.000111128712888, 2.17386132135e-05, 7.89114153577e-07, 1.37348808948e-06, 2.37461932784e-07, 1.21832641753e-07, 8.09692934922e-09],
        "dmean2": [3.86876199627e-05, 0.00699175242335, 0.00270503852516, 0.00113075808622, 0.00103971303906, 0.000695489638019, 0.000327356916387, 0.000323685293552, 0.000474500906421, 0.000188102581888, 0.000338198587997, 0.000507934950292, 0.000248394033406, 0.00100284698419, 0.000904493092094, 0.00129466841463, 0.00205645780079, 0.00054808385903, 0.000764882948715, 0.000414759444539, 0.000185962431715, 3.51185190084e-05, 1.29760314849e-06, 2.15609657062e-06, 3.60700283863e-07, 1.92529071796e-07, 1.26167849501e-08],
        "dvar": [1.00049746266e-09, 1.54831341206e-05, 2.76827540802e-06, 7.64054334468e-07, 8.16075896637e-07, 2.73733519407e-07, 7.58514318022e-08, 8.56969606389e-08, 3.27535786937e-07, 1.40779627955e-08, 1.06995479143e-07, 2.80393919638e-07, 2.38775061945e-08, 3.26602560108e-07, 1.0370297332e-06, 7.51545712774e-07, 5.43160285815e-06, 9.56936005991e-08, 3.77522866302e-07, 6.36460626424e-08, 1.00992902929e-08, 3.54251822321e-10, 5.7479802168e-13, 2.2987742352e-12, 5.98536519826e-14, 2.9831799059e-14, 4.10805023718e-16],
        "dvar2": [2.31489938329e-09, 4.72756510135e-05, 7.67824894865e-06, 1.90242099052e-06, 2.15303657569e-06, 7.5442966363e-07, 2.1121107352e-07, 1.82782585512e-07, 7.73284284605e-07, 4.08421563236e-08, 2.11395473571e-07, 5.84516556046e-07, 5.20759861899e-08, 8.76494937074e-07, 2.05846117751e-06, 1.97295412363e-06, 1.11207282316e-05, 2.51270932949e-07, 8.17803538666e-07, 1.63880670812e-07, 2.84925558702e-08, 8.5819007456e-10, 1.410537377e-12, 5.0725842797e-12, 1.19609007486e-13, 6.23486925608e-14, 4.52183086117e-16],
        "max": [0.000237137399381, 0.0224057752639, 0.0141027234495, 0.00717625254765, 0.00896328222007, 0.00306503428146, 0.00210650963709, 0.00253400206566, 0.00850069429725, 0.00104418606497, 0.00475034629926, 0.00794982351363, 0.00129449903034, 0.00434616487473, 0.0197170637548, 0.00679488619789, 0.0305250100791, 0.0025776643306, 0.00741427531466, 0.00264194235206, 0.000996851711534, 0.000215994848986, 9.64253831626e-06, 2.19164830924e-05, 5.12621136295e-06, 2.98287386613e-06, 3.7308640799e-07],
        "mean": [2.99397124763e-05, 0.00518354447559, 0.00211184099317, 0.000808361975942, 0.000915329204872, 0.000531862082426, 0.00021872803336, 0.000319614104228, 0.000518417393323, 0.000183135649422, 0.000294163473882, 0.000596774800215, 0.000232466598391, 0.00109298562165, 0.00123949279077, 0.00147753430065, 0.00237565650605, 0.000792314996943, 0.00122564344201, 0.000703701050952, 0.000312639313051, 5.92753531237e-05, 2.43751151174e-06, 4.76584909848e-06, 7.55569544708e-07, 3.37921733262e-07, 1.48824170765e-08],
        "median": [1.34467982207e-05, 0.00338067510165, 0.00137942703441, 0.000443718483439, 0.000546153751202, 0.000328948895913, 0.000103257181763, 0.000170629646163, 0.000246776326094, 0.000140100019053, 0.000194750318769, 0.000319294136716, 0.000157258065883, 0.000885499757715, 0.000777414941695, 0.00109375093598, 0.00146569591016, 0.000660305435304, 0.000983627745882, 0.000592664873693, 0.000286999391392, 5.36326151632e-05, 1.99001465262e-06, 3.85601697417e-06, 6.04490537626e-07, 2.2076062578e-07, 1.02699768689e-08],
        "min": [1.19816348843e-07, 1.67702000908e-05, 1.55112647917e-05, 6.2163653638e-06, 1.68750066223e-05, 8.94689401321e-06, 1.714445375e-06, 3.6095843825e-06, 2.53386156146e-06, 2.08854226003e-06, 3.12186239171e-06, 1.90577100057e-06, 6.39759628029e-06, 1.99353726202e-05, 1.62391152116e-05, 4.35707333963e-05, 4.02695550292e-05, 3.23406529787e-05, 2.46412710112e-05, 2.64137779595e-05, 6.34391017229e-06, 1.01621526483e-06, 8.22330576966e-08, 1.22057898011e-07, 7.3415058921e-08, 4.80279318538e-08, 2.6780675455e-09],
        "var": [1.62082358646e-09, 2.12022459891e-05, 4.55412782685e-06, 1.0677966884e-06, 1.40979329899e-06, 3.55386390538e-07, 8.91449687401e-08, 1.6761045174e-07, 8.93452522632e-07, 2.57376999713e-08, 2.01310413672e-07, 7.59526187721e-07, 4.25995558828e-08, 6.14759017026e-07, 3.34421952175e-06, 1.40786255542e-06, 1.04169548649e-05, 2.23042263769e-07, 7.55793735152e-07, 1.75888189347e-07, 2.20043769872e-08, 9.91687842955e-10, 2.2664641431e-12, 1.0678027039e-11, 3.22500110384e-13, 1.94375914561e-13, 5.35121005362e-16]
    },
    "erbbands": {
        "dmean": [0.0747545585036, 1.04022336006, 2.11776542664, 1.51416373253, 2.71888422966, 1.69488954544, 2.57394695282, 2.8772418499, 1.63254928589, 2.88439869881, 7.16167545319, 7.07059717178, 2.42299246788, 4.45034646988, 9.14626407623, 13.1639661789, 5.26764345169, 18.306098938, 49.9394302368, 29.8094539642, 48.552482605, 59.9690284729, 16.9902877808, 28.6872844696, 15.5315914154, 12.8808059692, 4.54259490967, 3.60354161263, 0.849620819092, 0.13144493103, 0.0245139524341, 0.0363349020481, 0.0168386157602, 0.0046225907281, 0.000730621803086, 0.000692315748893, 0.000199651287403, 1.63066997629e-05, 3.24378788719e-06, 6.58303042655e-06],
        "dmean2": [0.130623236299, 1.8293132782, 3.65520739555, 2.47788500786, 4.44875574112, 2.79133987427, 4.36437559128, 5.10683107376, 2.83391451836, 4.99685955048, 10.8403615952, 11.3696336746, 4.18481111526, 7.33904027939, 15.1536340714, 20.1199970245, 8.16489982605, 29.4264965057, 76.6930770874, 48.892036438, 79.7440032959, 96.1139678955, 28.3065166473, 47.6789970398, 24.6390781403, 21.1989364624, 7.53999900818, 6.03408288956, 1.3513430357, 0.212770551443, 0.0378120616078, 0.0570128560066, 0.0269470941275, 0.00690002040938, 0.00119835953228, 0.00112428411376, 0.000327564834151, 2.57230258285e-05, 5.41683220945e-06, 1.11935169116e-05],
        "dvar": [0.00587482051924, 1.03261470795, 4.34837675095, 2.79132390022, 16.2786102295, 5.57782268524, 10.4192724228, 15.5804862976, 7.88194561005, 14.3835401535, 75.2821731567, 162.133712769, 10.2158079147, 19.0045223236, 195.784347534, 448.110321045, 23.6743125916, 370.972015381, 6176.796875, 1952.49975586, 3518.50170898, 7427.96337891, 267.178009033, 1347.01501465, 213.091598511, 173.313781738, 16.5948619843, 10.9215583801, 0.52349793911, 0.0125277582556, 0.000544281152543, 0.0013660248369, 0.000488206162117, 2.43059112108e-05, 6.79085530919e-07, 1.05660626559e-06, 7.69482113583e-08, 5.3048981874e-10, 9.08225925023e-12, 2.74621783647e-11],
        "dvar2": [0.0180415026844, 3.08484745026, 11.7869558334, 7.04975318909, 41.1083526611, 14.9989824295, 27.09882164, 45.6146316528, 21.1621360779, 40.2819862366, 170.398284912, 397.731414795, 26.5908489227, 50.4655227661, 386.081481934, 951.448242188, 51.2460594177, 907.377075195, 12064.0830078, 5003.56347656, 7847.06103516, 16300.9316406, 663.937683105, 3170.69702148, 528.776611328, 441.79196167, 42.5979499817, 30.1010456085, 1.20020341873, 0.02917695418, 0.00125918991398, 0.00300647411495, 0.00122734811157, 4.76424502267e-05, 1.4023219137e-06, 2.29897432291e-06, 1.5976476675e-07, 1.23882060166e-09, 1.9426318193e-11, 7.1878274166e-11],
        "max": [0.455192476511, 6.10391283035, 17.667842865, 14.7795534134, 31.5268001556, 17.4832801819, 23.1885643005, 26.6401100159, 25.7459754944, 28.4583587646, 72.919921875, 180.032501221, 34.1295204163, 35.8417243958, 202.919631958, 318.526397705, 68.5004577637, 197.458404541, 1462.39233398, 433.554107666, 779.96484375, 1008.83911133, 178.928039551, 445.382781982, 151.754150391, 145.004730225, 43.1091766357, 34.449420929, 8.50534057617, 1.23003852367, 0.321497410536, 0.595308482647, 0.313263475895, 0.102971330285, 0.014392087236, 0.0160069726408, 0.00550399674103, 0.000392831134377, 5.19166969752e-05, 5.55313490622e-05],
        "mean": [0.0955758243799, 1.34013342857, 2.91996693611, 2.27730345726, 3.67737436295, 2.48171901703, 3.5670170784, 3.73446655273, 2.05106401443, 4.18925094604, 11.4016132355, 11.8436641693, 4.54614114761, 7.97663879395, 15.941034317, 23.645242691, 10.716255188, 38.1803436279, 91.448890686, 60.4883728027, 98.3533630371, 116.673667908, 48.8579216003, 69.3338851929, 45.7701911926, 36.8087310791, 13.9771289825, 9.58045005798, 2.67139577866, 0.400317966938, 0.0869987383485, 0.122521296144, 0.0547940507531, 0.0157023202628, 0.00235140952282, 0.00186627882067, 0.000569982163142, 3.5359593312e-05, 1.57758131536e-05, 2.74652556982e-05],
        "median": [0.0615772753954, 0.856659352779, 2.04653835297, 1.67578887939, 1.81358587742, 1.58171451092, 2.51247024536, 2.20370149612, 0.978958129883, 2.40781331062, 7.39262485504, 6.42392635345, 3.16473960876, 6.45244693756, 10.0997028351, 13.0831947327, 8.89757823944, 31.8265666962, 58.2551689148, 39.3327064514, 75.3213272095, 81.8559951782, 40.6071662903, 55.1897888184, 40.2249565125, 30.5758800507, 12.5148153305, 8.66454315186, 2.44027757645, 0.344579219818, 0.0725607126951, 0.10060621798, 0.0434146523476, 0.0128000890836, 0.00187572115101, 0.00125561084133, 0.000378788623493, 2.49607364822e-05, 1.50706036948e-05, 2.70119980996e-05],
        "min": [0.000434137065895, 0.00402373075485, 0.0158341843635, 0.0354894734919, 0.0524440929294, 0.0517924763262, 0.0471662096679, 0.06859523803, 0.0646284297109, 0.0925648584962, 0.0512452013791, 0.0550149939954, 0.0972888097167, 0.0501586124301, 0.138846710324, 0.094931691885, 0.307647645473, 0.520141065121, 1.37825262547, 1.52382338047, 2.36499762535, 1.85899317265, 1.63500249386, 1.7778865099, 1.03245687485, 1.44023239613, 0.313666492701, 0.199933722615, 0.0455785691738, 0.0103213423863, 0.00282271555625, 0.00355408363976, 0.0013169280719, 0.00099609256722, 0.000450304913102, 0.000232573991525, 7.58427559049e-05, 6.53395591144e-06, 6.60400337438e-06, 1.16122498639e-06],
        "var": [0.00807032454759, 1.45689189434, 8.05698871613, 4.2902264595, 26.6427822113, 8.60902500153, 13.6882801056, 18.8288574219, 8.49789333344, 23.5868434906, 158.860931396, 401.87097168, 18.3873176575, 36.6237258911, 415.257232666, 1186.34960938, 66.5589752197, 744.142883301, 18153.3007812, 3874.12670898, 7249.70117188, 15041.84375, 957.846252441, 2565.45898438, 634.656860352, 503.216522217, 43.9712562561, 23.3334980011, 1.71321260929, 0.0422259904444, 0.00277105392888, 0.00702217873186, 0.00144477910362, 0.000126861414174, 2.91189849122e-06, 5.33927095603e-06, 5.35640026555e-07, 1.34866184887e-09, 2.69234582545e-11, 6.11920722426e-11]
    },
    "gfcc": {
        "mean": [-14.3615589142, 120.796562195, -180.187957764, 70.6277542114, -20.9005565643, -0.733435809612, -15.5569419861, 5.35955286026, -13.646856308, 0.204448625445, -12.3404273987, -12.4206218719, 0.0457061938941],
        "cov": [[404.218963623, 19.3307189941, -43.3160400391, -61.3151817322, -75.7169799805, -11.3567743301, -39.0023040771, 7.90198230743, -11.1081380844, -2.15318274498, -5.43601751328, 21.7036457062, 12.3255805969], [19.3307189941, 334.405273438, 183.807769775, 19.4820175171, -53.6414146423, -66.4136734009, -24.276638031, -54.7472381592, 1.97627520561, 18.2878131866, 32.3846664429, -32.50182724, -5.7585310936], [-43.3160400391, 183.807769775, 193.774291992, 59.7628250122, 3.74286794662, -21.7201805115, -11.4684152603, -17.4773674011, 4.32862615585, 16.8110637665, 5.73453998566, -21.1846656799, -12.1034908295], [-61.3151817322, 19.4820175171, 59.7628250122, 111.580589294, 56.5858383179, 12.1489391327, 32.9550361633, -7.55337953568, 9.97592258453, -3.63849925995, 5.33849716187, -13.7540693283, 7.6301035881], [-75.7169799805, -53.6414146423, 3.74286794662, 56.5858383179, 94.0654602051, 50.792224884, 34.4430618286, 10.1210565567, 13.104174614, -5.91906690598, -3.28667616844, -6.82541751862, 4.36963272095], [-11.3567743301, -66.4136734009, -21.7201805115, 12.1489391327, 50.792224884, 64.9968719482, 36.2193336487, 19.8499317169, 3.49246835709, -3.91136264801, -3.03101849556, 1.27220058441, -2.08870363235], [-39.0023040771, -24.276638031, -11.4684152603, 32.9550361633, 34.4430618286, 36.2193336487, 77.1697921753, 39.0510482788, 23.3021087646, -0.668312728405, 4.89594936371, -5.41361761093, -1.80768895149], [7.90198230743, -54.7472381592, -17.4773674011, -7.55337953568, 10.1210565567, 19.8499317169, 39.0510482788, 68.51978302, 37.7977676392, 10.0839738846, -6.61475944519, 5.37772893906, -3.35712552071], [-11.1081380844, 1.97627520561, 4.32862615585, 9.97592258453, 13.104174614, 3.49246835709, 23.3021087646, 37.7977676392, 59.8078765869, 32.3823127747, 7.14798259735, -7.48518800735, 1.53159487247], [-2.15318274498, 18.2878131866, 16.8110637665, -3.63849925995, -5.91906690598, -3.91136264801, -0.668312728405, 10.0839738846, 32.3823127747, 50.148475647, 27.3430213928, 6.78556776047, 2.57840657234], [-5.43601751328, 32.3846664429, 5.73453998566, 5.33849716187, -3.28667616844, -3.03101849556, 4.89594936371, -6.61475944519, 7.14798259735, 27.3430213928, 51.8168067932, 24.8029174805, 17.1054019928], [21.7036457062, -32.50182724, -21.1846656799, -13.7540693283, -6.82541751862, 1.27220058441, -5.41361761093, 5.37772893906, -7.48518800735, 6.78556776047, 24.8029174805, 50.3413352966, 28.0376567841], [12.3255805969, -5.7585310936, -12.1034908295, 7.6301035881, 4.36963272095, -2.08870363235, -1.80768895149, -3.35712552071, 1.53159487247, 2.57840657234, 17.1054019928, 28.0376567841, 39.9311408997]],
        "icov": [[0.00431541679427, -0.00475307926536, 0.00556069798768, -0.00461355922744, 0.0047466144897, -0.00682205846533, 0.00644193030894, -0.0062445839867, 0.00261457636952, -0.00248283776455, 0.00419077184051, -0.00285233254544, -0.000292475189781], [-0.00475307926536, 0.0290369130671, -0.0309681296349, 0.0207339450717, 0.00257334392518, 0.0158560331911, -0.020463662222, 0.0282940492034, -0.02032562159, 0.0216820482165, -0.0259322598577, 0.0202251728624, -0.00940671004355], [0.00556069798768, -0.0309681296349, 0.0410813800991, -0.0286042764783, -0.000898227619473, -0.0160197969526, 0.0253344476223, -0.0325730256736, 0.0246513821185, -0.0274931974709, 0.0270673837513, -0.019112361595, 0.0120587926358], [-0.00461355922744, 0.0207339450717, -0.0286042764783, 0.0390206575394, -0.0146164456382, 0.0221871789545, -0.0278725195676, 0.0281684808433, -0.015796855092, 0.0173878390342, -0.0186983663589, 0.0166961364448, -0.012075942941], [0.0047466144897, 0.00257334392518, -0.000898227619473, -0.0146164456382, 0.0409019589424, -0.0306801814586, 0.00834432896227, 0.00368625414558, -0.0148025546223, 0.0110823074356, -0.00230359029956, 0.00205288082361, -0.00456884689629], [-0.00682205846533, 0.0158560331911, -0.0160197969526, 0.0221871789545, -0.0306801814586, 0.0568861700594, -0.0301818754524, 0.0126895904541, 0.00525250798091, -0.000554132682737, -0.00942117907107, 0.00804869830608, -0.00045081571443], [0.00644193030894, -0.020463662222, 0.0253344476223, -0.0278725195676, 0.00834432896227, -0.0301818754524, 0.0535917840898, -0.0419669598341, 0.0112484395504, -0.00285626761615, 0.00116742716637, -0.00229051476344, 0.00533264270052], [-0.0062445839867, 0.0282940492034, -0.0325730256736, 0.0281684808433, 0.00368625414558, 0.0126895904541, -0.0419669598341, 0.0791574120522, -0.0552167482674, 0.0277681294829, -0.00694403704256, -0.00961311906576, 0.00581706175581], [0.00261457636952, -0.02032562159, 0.0246513821185, -0.015796855092, -0.0148025546223, 0.00525250798091, 0.0112484395504, -0.0552167482674, 0.0833607241511, -0.0577371530235, 0.0194578766823, 0.0151073615998, -0.0138981891796], [-0.00248283776455, 0.0216820482165, -0.0274931974709, 0.0173878390342, 0.0110823074356, -0.000554132682737, -0.00285626761615, 0.0277681294829, -0.0577371530235, 0.0800852254033, -0.0478157810867, 0.00771423289552, 0.0053105452098], [0.00419077184051, -0.0259322598577, 0.0270673837513, -0.0186983663589, -0.00230359029956, -0.00942117907107, 0.00116742716637, -0.00694403704256, 0.0194578766823, -0.0478157810867, 0.0737579613924, -0.0418913550675, 0.00613165274262], [-0.00285233254544, 0.0202251728624, -0.019112361595, 0.0166961364448, 0.00205288082361, 0.00804869830608, -0.00229051476344, -0.00961311906576, 0.0151073615998, 0.00771423289552, -0.0418913550675, 0.0776192098856, -0.0435346588492], [-0.000292475189781, -0.00940671004355, 0.0120587926358, -0.012075942941, -0.00456884689629, -0.00045081571443, 0.00533264270052, 0.00581706175581, -0.0138981891796, 0.0053105452098, 0.00613165274262, -0.0435346588492, 0.059077706188]]
    },
    "melbands": {
        "dmean": [0.000916248944122, 0.00117941386998, 0.000295116653433, 0.000163675766089, 7.86045056884e-05, 6.672294694e-05, 3.06913862005e-05, 2.90622101602e-05, 6.68689026497e-05, 3.84726918128e-05, 1.22010296764e-05, 1.75228069565e-05, 3.17971462209e-05, 4.33017085015e-05, 1.48430417539e-05, 2.1764617486e-05, 3.51551680069e-05, 9.56430740189e-05, 3.27242123603e-05, 4.85210148327e-05, 7.05479906173e-05, 7.56547888159e-05, 3.19278660754e-05, 1.58553066285e-05, 2.68593594228e-05, 1.62809483299e-05, 1.13580317702e-05, 7.65984350437e-06, 2.32154775404e-06, 4.21367576564e-06, 1.52448922108e-06, 5.85868235703e-07, 2.61264943902e-07, 2.25308394164e-08, 1.39476741268e-08, 2.45359235151e-08, 2.51282177288e-08, 1.44214107323e-08, 8.26277357646e-09, 3.29599814108e-09],
        "dmean2": [0.0015961000463, 0.00208004703745, 0.000464422337245, 0.000267646333668, 0.000131311200676, 0.000118042211398, 5.37296073162e-05, 4.87290781166e-05, 0.000102706537291, 6.15944445599e-05, 2.14739538933e-05, 2.85709047603e-05, 5.28805067006e-05, 6.7937951826e-05, 2.31399426411e-05, 3.41791383107e-05, 5.75428166485e-05, 0.000149424799019, 5.2712210163e-05, 8.01540300017e-05, 0.000112887122668, 0.000121580706036, 5.16859690833e-05, 2.75608690572e-05, 4.47764032288e-05, 2.6764404538e-05, 1.89244256035e-05, 1.28643678181e-05, 3.82033340429e-06, 7.22274216969e-06, 2.51052256317e-06, 9.37706829518e-07, 4.32191740174e-07, 3.56154252756e-08, 2.26455458829e-08, 4.03324733611e-08, 4.10334166645e-08, 2.33003056849e-08, 1.32336346326e-08, 5.17104892239e-09],
        "dvar": [8.09836762983e-07, 1.17981664971e-06, 1.05777353099e-07, 5.3907836417e-08, 9.23148135712e-09, 8.12992428934e-09, 2.53686072149e-09, 1.39646161301e-09, 7.15127956852e-09, 4.67008876015e-09, 2.61385996181e-10, 2.91472845859e-10, 2.85152057522e-09, 5.80101300329e-09, 6.11793782301e-10, 4.39740271974e-10, 1.42268608005e-09, 2.1652738269e-08, 1.3689290812e-09, 3.80838605096e-09, 1.12590123891e-08, 1.82036554719e-08, 1.32900634942e-09, 2.26515251001e-10, 1.2353820189e-09, 3.25780735722e-10, 1.21399335029e-10, 7.17011866547e-11, 4.01816080409e-12, 1.67167616555e-11, 2.26448438993e-12, 2.53369157252e-13, 5.1052552756e-14, 4.55289155935e-16, 1.83988632215e-16, 5.62419553763e-16, 7.08209752913e-16, 3.77857506713e-16, 7.21148167948e-17, 1.38972315153e-17],
        "dvar2": [2.54877340922e-06, 3.11189705826e-06, 2.80055473922e-07, 1.38424852025e-07, 2.42083615376e-08, 2.33705428343e-08, 6.94362167764e-09, 3.72632014134e-09, 1.68547131807e-08, 1.1410627998e-08, 6.84916512395e-10, 8.46279213373e-10, 5.57283197367e-09, 1.23341372671e-08, 9.10713227054e-10, 1.02555963721e-09, 3.48074769008e-09, 4.23340793532e-08, 3.42246586627e-09, 1.01206927283e-08, 2.38173498701e-08, 3.80866396199e-08, 3.43936101821e-09, 5.96555194132e-10, 2.95681146234e-09, 7.25136062307e-10, 3.33208183267e-10, 1.77434011928e-10, 1.06981619744e-11, 4.94145870056e-11, 6.18440498465e-12, 6.00899701091e-13, 1.31635601399e-13, 1.14582413704e-15, 4.46877854071e-16, 1.2999670869e-15, 1.756367603e-15, 9.84823502553e-16, 1.67277558903e-16, 2.98536232864e-17],
        "max": [0.00491775944829, 0.00794032029808, 0.00252964557149, 0.0022433376871, 0.000819254317321, 0.000578671868425, 0.000430408166721, 0.000282907189103, 0.00101515802089, 0.000976337702014, 0.000171170206158, 0.000135280177346, 0.000782861199696, 0.00118205160834, 0.00042675100849, 0.000186844190466, 0.000361451704521, 0.00269494834356, 0.000336919823894, 0.000572045217268, 0.00147906667553, 0.00164690264501, 0.000336180877639, 0.000120593758766, 0.000419786694692, 0.000194965963601, 0.000106214247353, 0.00010317908891, 2.32530455833e-05, 3.69310982933e-05, 1.34412066473e-05, 6.00537441642e-06, 1.82298299478e-06, 2.82677632413e-07, 1.88120523603e-07, 3.83039548524e-07, 4.04361088613e-07, 2.57455127439e-07, 1.54995021262e-07, 6.75476812262e-08],
        "mean": [0.00119241734501, 0.0016800503945, 0.000461734744022, 0.000234113555052, 0.000115505587019, 8.71698139235e-05, 3.61710590369e-05, 4.58288595837e-05, 0.000109629116196, 6.40676080366e-05, 2.07361499633e-05, 2.97811056953e-05, 4.69368060294e-05, 7.73106585257e-05, 2.70499294857e-05, 3.43119208992e-05, 6.71525704092e-05, 0.000164200886502, 6.743772974e-05, 8.78026694409e-05, 0.000130179905682, 0.000135111433337, 6.6199900175e-05, 3.63896469935e-05, 6.03049666097e-05, 3.88481421396e-05, 3.03768829326e-05, 2.12547274714e-05, 6.52446760796e-06, 1.00266879599e-05, 3.97755320591e-06, 1.60916010827e-06, 6.29640794614e-07, 6.19297253479e-08, 3.65798875634e-08, 6.79372007539e-08, 7.66446817124e-08, 4.20085335406e-08, 2.33378614212e-08, 9.66797220059e-09],
        "median": [0.00080684479326, 0.00121970567852, 0.000332619150868, 0.00013770890655, 8.17369946162e-05, 5.18723027199e-05, 1.57059730554e-05, 2.74271351373e-05, 6.80418816046e-05, 3.28139140038e-05, 1.42933167808e-05, 2.42146561504e-05, 2.96608632198e-05, 4.12489534938e-05, 1.57970080181e-05, 2.58224044956e-05, 5.21272777405e-05, 9.96037779259e-05, 4.58290269307e-05, 5.98933693254e-05, 9.25118802115e-05, 8.47247138154e-05, 4.53781649412e-05, 3.04550849251e-05, 4.71508428745e-05, 3.2090669265e-05, 2.67523391813e-05, 1.77378060471e-05, 5.81011454415e-06, 8.69399627845e-06, 3.73298416889e-06, 1.44122839174e-06, 5.24061590568e-07, 5.12318933943e-08, 2.84786079163e-08, 5.59281652102e-08, 6.13793673665e-08, 3.25813189761e-08, 1.82390369474e-08, 7.69180807936e-09],
        "min": [4.36985601482e-06, 7.44072440284e-06, 5.55841097594e-06, 3.7352056097e-06, 2.31221133618e-06, 1.54624888182e-06, 1.00938814285e-06, 1.31706678985e-06, 3.17280012041e-07, 3.83604088938e-07, 4.84719009819e-07, 1.7483846193e-07, 4.67790982839e-07, 2.59714255435e-07, 4.0053646444e-07, 6.44673377792e-07, 1.0255818097e-06, 2.55173335972e-06, 1.22419498894e-06, 2.77579874819e-06, 3.0440799037e-06, 1.95089864974e-06, 2.04794559977e-06, 1.17609545214e-06, 1.47242747062e-06, 8.91988634066e-07, 9.2020223974e-07, 8.3456768607e-07, 1.52770681439e-07, 2.30506060461e-07, 6.45203925842e-08, 2.26182503837e-08, 1.88406286128e-08, 1.33835564853e-09, 1.31708821627e-09, 2.01869454486e-09, 2.25921281682e-09, 1.04425967873e-09, 5.7062776726e-10, 9.40861166754e-10],
        "var": [1.12899772375e-06, 2.1658404421e-06, 1.86774869348e-07, 9.50159133595e-08, 1.29658292991e-08, 1.00809858239e-08, 2.72577183047e-09, 2.66484256883e-09, 1.72485830063e-08, 1.18838272556e-08, 4.65591509791e-10, 5.35313016137e-10, 5.38509681292e-09, 1.49823495832e-08, 1.92474636229e-09, 8.20041090588e-10, 2.67739785897e-09, 6.21648510446e-08, 3.7267580133e-09, 7.16693815406e-09, 2.14297966039e-08, 3.31118634733e-08, 3.3054614601e-09, 4.70828320775e-10, 2.21766471853e-09, 6.71895927784e-10, 3.26172561183e-10, 1.83481091431e-10, 1.02315543191e-11, 2.80241298917e-11, 4.38030861583e-12, 7.29740107317e-13, 1.25334028637e-13, 1.48689921154e-15, 6.52169311969e-16, 1.96575107707e-15, 3.18336496215e-15, 9.3149600226e-16, 2.71299756096e-16, 5.64074444384e-17]
    },
    "mfcc": {
        "mean": [-632.29309082, 128.38458252, -69.4968185425, 66.3744125366, 10.8362398148, 12.3975124359, 11.6674833298, 1.19734597206, 14.4264202118, 5.67071247101, -0.0489321164787, 5.43028354645, -7.09369087219],
        "cov": [[460.337249756, -17.4253616333, -48.1592750549, -81.4553833008, -51.4537010193, -45.4368019104, -33.3083114624, -6.88995456696, -12.6790685654, -26.5173110962, -18.4384059906, -8.02833461761, -0.65230101347], [-17.4253616333, 286.843566895, 166.300003052, 32.1246910095, -16.0400009155, -24.3134765625, -29.5351295471, -69.8604660034, -35.3026237488, -12.7980861664, 19.2948856354, -0.0348109677434, -2.20813059807], [-48.1592750549, 166.300003052, 164.458221436, 63.2016143799, 11.4757041931, -1.42306137085, -11.9725475311, -38.6295852661, -16.5848331451, 2.16158127785, 16.1876335144, -7.47599363327, -12.3261547089], [-81.4553833008, 32.1246910095, 63.2016143799, 110.446876526, 29.1311912537, 27.9145889282, 14.1678695679, 0.0889402776957, 5.63849163055, 17.7883663177, 4.50052213669, -6.2038526535, -11.8760347366], [-51.4537010193, -16.0400009155, 11.4757041931, 29.1311912537, 61.3942298889, 32.1946716309, 12.8613328934, 8.13734436035, 10.5706758499, 7.9934015274, -2.28008294106, -6.21919441223, -5.82716226578], [-45.4368019104, -24.3134765625, -1.42306137085, 27.9145889282, 32.1946716309, 56.818977356, 34.7506523132, 14.6700353622, 6.95200824738, 7.09905576706, 1.22769892216, -2.58637523651, -3.90586638451], [-33.3083114624, -29.5351295471, -11.9725475311, 14.1678695679, 12.8613328934, 34.7506523132, 55.4235534668, 35.914390564, 7.61745262146, 4.99296092987, 0.0601595379412, 3.63295078278, 2.9818572998], [-6.88995456696, -69.8604660034, -38.6295852661, 0.0889402776957, 8.13734436035, 14.6700353622, 35.914390564, 69.3506851196, 34.84167099, 14.6386394501, -2.24542069435, 5.0730881691, 7.09065580368], [-12.6790685654, -35.3026237488, -16.5848331451, 5.63849163055, 10.5706758499, 6.95200824738, 7.61745262146, 34.84167099, 55.1570968628, 30.1461677551, 10.5811319351, 10.5735397339, 6.61496543884], [-26.5173110962, -12.7980861664, 2.16158127785, 17.7883663177, 7.9934015274, 7.09905576706, 4.99296092987, 14.6386394501, 30.1461677551, 52.1235427856, 30.172712326, 5.74536323547, -2.44504404068], [-18.4384059906, 19.2948856354, 16.1876335144, 4.50052213669, -2.28008294106, 1.22769892216, 0.0601595379412, -2.24542069435, 10.5811319351, 30.172712326, 46.3532714844, 16.3075370789, 3.59571576118], [-8.02833461761, -0.0348109677434, -7.47599363327, -6.2038526535, -6.21919441223, -2.58637523651, 3.63295078278, 5.0730881691, 10.5735397339, 5.74536323547, 16.3075370789, 40.0988388062, 23.3189430237], [-0.65230101347, -2.20813059807, -12.3261547089, -11.8760347366, -5.82716226578, -3.90586638451, 2.9818572998, 7.09065580368, 6.61496543884, -2.44504404068, 3.59571576118, 23.3189430237, 40.3343315125]],
