{
"lowlevel": {
    "average_loudness": 0.986560046673,
    "barkbands_crest": {
        "dmean": 3.51742172241,
        "dmean2": 5.77740716934,
        "dvar": 8.77306461334,
        "dvar2": 21.5340442657,
        "max": 23.9519119263,
        "mean": 10.2576160431,
        "median": 9.20938968658,
        "min": 2.82376456261,
        "var": 20.8116073608
    },
    "barkbands_flatness_db": {
        "dmean": 0.0247839912772,
        "dmean2": 0.0403721220791,
        "dvar": 0.000461912946776,
        "dvar2": 0.00115722767077,
        "max": 0.29419246316,
        "mean": 0.162907838821,
        "median": 0.15871809423,
        "min": 0.0617798641324,
        "var": 0.0010855369037
    },
    "barkbands_kurtosis": {
        "dmean": 2.09408473969,
        "dmean2": 3.57402253151,
        "dvar": 12.0646514893,
        "dvar2": 31.0152511597,
        "max": 39.6970939636,
        "mean": 0.521959066391,
        "median": -0.742169857025,
        "min": -1.8674505949,
        "var": 13.917301178
    },
    "barkbands_skewness": {
        "dmean": 0.732224822044,
        "dmean2": 1.19501137733,
        "dvar": 0.388290941715,
        "dvar2": 1.01403045654,
        "max": 5.97377490997,
        "mean": 1.03806042671,
        "median": 0.930672585964,
        "min": -1.51657927036,
        "var": 0.962022304535
    },
    "barkbands_spread": {
        "dmean": 8.40884876251,
        "dmean2": 14.3872432709,
        "dvar": 47.4869422913,
        "dvar2": 130.73260498,
        "max": 58.0514678955,
        "mean": 34.8534469604,
        "median": 35.9100341797,
        "min": 4.36116218567,
        "var": 97.0133895874
    },
    "dissonance": {
        "dmean": 0.00608567940071,
        "dmean2": 0.0105173317716,
        "dvar": 3.087618461e-05,
        "dvar2": 8.61027656356e-05,
        "max": 0.499969244003,
        "mean": 0.48969873786,
        "median": 0.490891426802,
        "min": 0.445678412914,
        "var": 4.07083280152e-05
    },
    "dynamic_complexity": 1.11798000336,
    "erbbands_crest": {
        "dmean": 2.70258665085,
        "dmean2": 4.70704936981,
        "dvar": 5.87280750275,
        "dvar2": 15.9250125885,
        "max": 22.5478935242,
        "mean": 8.49843502045,
        "median": 7.82602500916,
        "min": 3.84353351593,
        "var": 8.82462406158
    },
    "erbbands_flatness_db": {
        "dmean": 0.0120812086388,
        "dmean2": 0.0197453852743,
        "dvar": 9.22220206121e-05,
        "dvar2": 0.000244276714511,
        "max": 0.279574483633,
        "mean": 0.207992941141,
        "median": 0.208708018064,
        "min": 0.145913630724,
        "var": 0.000337527686497
    },
    "erbbands_kurtosis": {
        "dmean": 1.86857807636,
        "dmean2": 3.26792788506,
        "dvar": 3.19820380211,
        "dvar2": 9.054895401,
        "max": 16.0293426514,
        "mean": 1.91064989567,
        "median": 1.44530344009,
        "min": -1.73916482925,
        "var": 5.02203655243
    },
    "erbbands_skewness": {
        "dmean": 0.416836321354,
        "dmean2": 0.715788066387,
        "dvar": 0.118211321533,
        "dvar2": 0.330911278725,
        "max": 0.761177420616,
        "mean": -1.37687301636,
        "median": -1.36715519428,
        "min": -3.31354641914,
        "var": 0.242190763354
    },
    "erbbands_spread": {
        "dmean": 11.5976171494,
        "dmean2": 20.2752094269,
        "dvar": 96.1926879883,
        "dvar2": 279.717010498,
        "max": 81.0098648071,
        "mean": 33.0372009277,
        "median": 30.9974250793,
        "min": 8.43517494202,
        "var": 161.712936401
    },
    "hfc": {
        "dmean": 8.1526632309,
        "dmean2": 13.0913915634,
        "dvar": 67.9655532837,
        "dvar2": 159.993927002,
        "max": 101.484176636,
        "mean": 24.5861854553,
        "median": 21.436164856,
        "min": 1.55630540848,
        "var": 185.465255737
    },
    "melbands_crest": {
        "dmean": 4.15036392212,
        "dmean2": 6.77420139313,
        "dvar": 10.5557785034,
        "dvar2": 26.9082202911,
        "max": 32.0542678833,
        "mean": 15.7033061981,
        "median": 14.9129829407,
        "min": 5.02872037888,
        "var": 25.0307540894
    },
    "melbands_flatness_db": {
        "dmean": 0.035410054028,
        "dmean2": 0.0569705702364,
        "dvar": 0.000805381045211,
        "dvar2": 0.0020421736408,
        "max": 0.389167815447,
        "mean": 0.21643871069,
        "median": 0.212265506387,
        "min": 0.098006695509,
        "var": 0.00233946181834
    },
    "melbands_kurtosis": {
        "dmean": 8.09200668335,
        "dmean2": 13.5557489395,
        "dvar": 121.311347961,
        "dvar2": 314.140289307,
        "max": 115.630813599,
        "mean": 9.51976394653,
        "median": 5.53091430664,
        "min": -1.66704165936,
        "var": 165.62727356
    },
    "melbands_skewness": {
        "dmean": 1.09614026546,
        "dmean2": 1.78753137589,
        "dvar": 0.896613180637,
        "dvar2": 2.32342720032,
        "max": 9.34834384918,
        "mean": 2.77726960182,
        "median": 2.558355093,
        "min": -0.302838623524,
        "var": 2.14238095284
    },
    "melbands_spread": {
        "dmean": 15.1337270737,
        "dmean2": 25.3750953674,
        "dvar": 156.675720215,
        "dvar2": 419.009979248,
        "max": 98.8935394287,
        "mean": 36.597694397,
        "median": 33.6188583374,
        "min": 2.59659457207,
        "var": 379.60635376
    },
    "pitch_salience": {
        "dmean": 0.0872949436307,
        "dmean2": 0.145873233676,
        "dvar": 0.00487176049501,
        "dvar2": 0.013297976926,
        "max": 0.820216596127,
        "mean": 0.556162118912,
        "median": 0.576145112514,
        "min": 0.180780053139,
        "var": 0.00996212009341
    },
    "silence_rate_20dB": {
        "dmean": 0,
        "dmean2": 0,
        "dvar": 0,
        "dvar2": 0,
        "max": 1,
        "mean": 1,
        "median": 1,
        "min": 1,
        "var": 0
    },
    "silence_rate_30dB": {
        "dmean": 0,
        "dmean2": 0,
        "dvar": 0,
        "dvar2": 0,
        "max": 1,
        "mean": 1,
        "median": 1,
        "min": 1,
        "var": 0
    },
    "silence_rate_60dB": {
        "dmean": 0,
        "dmean2": 0,
        "dvar": 0,
        "dvar2": 0,
        "max": 0,
        "mean": 0,
        "median": 0,
        "min": 0,
        "var": 0
    },
    "spectral_centroid": {
        "dmean": 337.991027832,
        "dmean2": 587.086486816,
        "dvar": 76864.1875,
        "dvar2": 222344.703125,
        "max": 3129.89599609,
        "mean": 2143.6574707,
        "median": 2178.0793457,
        "min": 476.107513428,
        "var": 154750.796875
    },
    "spectral_complexity": {
        "dmean": 5.08508777618,
        "dmean2": 7.96049165726,
        "dvar": 18.258518219,
        "dvar2": 43.3549156189,
        "max": 57,
        "mean": 31.5433826447,
        "median": 32,
        "min": 0,
        "var": 77.129699707
    },
    "spectral_decrease": {
        "dmean": 2.0332973083e-09,
        "dmean2": 3.46294504183e-09,
        "dvar": 2.30716285875e-18,
        "dvar2": 6.52973894008e-18,
        "max": -2.1291601815e-10,
        "mean": -6.80141321041e-09,
        "median": -6.78844003232e-09,
        "min": -1.42908920253e-08,
        "var": 4.03986036261e-18
    },
    "spectral_energy": {
        "dmean": 0.00797404814512,
        "dmean2": 0.0135535290465,
        "dvar": 3.5379511246e-05,
        "dvar2": 0.000100582685263,
        "max": 0.0548731833696,
        "mean": 0.0279001314193,
        "median": 0.0278190132231,
        "min": 0.000944755447563,
        "var": 6.40750658931e-05
    },
    "spectral_energyband_high": {
        "dmean": 0.000218226196012,
        "dmean2": 0.000356235337676,
        "dvar": 6.61689369963e-08,
        "dvar2": 1.62390406899e-07,
        "max": 0.00279581057839,
        "mean": 0.000558537838515,
        "median": 0.000450292194728,
        "min": 3.40889237123e-05,
        "var": 1.50676186195e-07
    },
    "spectral_energyband_low": {
        "dmean": 0.00612555071712,
        "dmean2": 0.00974166207016,
        "dvar": 2.75827151199e-05,
        "dvar2": 7.08640363882e-05,
        "max": 0.0472912378609,
        "mean": 0.0123905232176,
        "median": 0.0105905551463,
        "min": 0.000135534166475,
        "var": 6.56438205624e-05
    },
    "spectral_energyband_middle_high": {
        "dmean": 0.0033858215902,
        "dmean2": 0.00538512459025,
        "dvar": 1.12410780275e-05,
        "dvar2": 2.61966924882e-05,
        "max": 0.0372175984085,
        "mean": 0.0082845762372,
        "median": 0.00712035037577,
        "min": 0.000424522324465,
        "var": 2.87707462121e-05
    },
    "spectral_energyband_middle_low": {
        "dmean": 0.00483471527696,
        "dmean2": 0.0085766473785,
        "dvar": 2.13888197322e-05,
        "dvar2": 6.2390419771e-05,
        "max": 0.0503337457776,
        "mean": 0.00857373140752,
        "median": 0.00711473217234,
        "min": 0.000120756594697,
        "var": 3.38655117957e-05
    },
    "spectral_entropy": {
        "dmean": 0.0783727020025,
        "dmean2": 0.135365694761,
        "dvar": 0.00445867609233,
        "dvar2": 0.0112462127581,
        "max": 8.5780916214,
        "mean": 7.58412456512,
        "median": 7.59095096588,
        "min": 6.93448400497,
        "var": 0.00895260181278
    },
    "spectral_flux": {
        "dmean": 0.0186652410775,
        "dmean2": 0.0304003469646,
        "dvar": 0.000237569242017,
        "dvar2": 0.000646202650387,
        "max": 0.184048742056,
        "mean": 0.0983873158693,
        "median": 0.0970957279205,
        "min": 0.044709995389,
        "var": 0.000458845897811
    },
    "spectral_kurtosis": {
        "dmean": 2.53266406059,
        "dmean2": 4.53805923462,
        "dvar": 4.59942817688,
        "dvar2": 14.5581703186,
        "max": 25.4431800842,
        "mean": 4.18188619614,
        "median": 3.81678581238,
        "min": 0.120466709137,
        "var": 5.75776433945
    },
    "spectral_rms": {
        "dmean": 0.000765571021475,
        "dmean2": 0.00130049057771,
        "dvar": 3.45189761219e-07,
        "dvar2": 9.70422433966e-07,
        "max": 0.00731674861163,
        "mean": 0.00515950564295,
        "median": 0.00520965456963,
        "min": 0.000960058649071,
        "var": 5.99163058723e-07
    },
    "spectral_rolloff": {
        "dmean": 663.525024414,
        "dmean2": 1154.94677734,
        "dvar": 458769.03125,
        "dvar2": 1108554.375,
        "max": 4091.30859375,
        "mean": 2068.09521484,
        "median": 2411.71875,
        "min": 86.1328125,
        "var": 882060.25
    },
    "spectral_skewness": {
        "dmean": 0.272198617458,
        "dmean2": 0.481511861086,
        "dvar": 0.0511262230575,
        "dvar2": 0.155738905072,
        "max": 3.91182088852,
        "mean": 0.664758622646,
        "median": 0.647185325623,
        "min": 0.0284305997193,
        "var": 0.090894125402
    },
    "spectral_spread": {
        "dmean": 200438.203125,
        "dmean2": 333130.03125,
        "dvar": 176141205504,
        "dvar2": 165142691840,
        "max": 17806374,
        "mean": 2443493.25,
        "median": 2417050.25,
        "min": 1743056,
        "var": 258579218432
    },
    "spectral_strongpeak": {
        "dmean": 0.326313942671,
        "dmean2": 0.585109233856,
        "dvar": 0.561053991318,
        "dvar2": 1.65679931641,
        "max": 7.71191978455,
        "mean": 0.441897839308,
        "median": 0.296395748854,
        "min": 0,
        "var": 0.386946946383
    },
    "zerocrossingrate": {
        "dmean": 0.00938999094069,
        "dmean2": 0.0118988007307,
        "dvar": 5.94507582719e-05,
        "dvar2": 8.80427396623e-05,
        "max": 0.1123046875,
        "mean": 0.0603996627033,
        "median": 0.06103515625,
        "min": 0.00244140625,
        "var": 0.000368350214558
    },
    "barkbands": {
        "dmean": [8.1506492279e-05, 0.00505821034312, 0.00185998575762, 0.0028099140618, 0.00285837217234, 0.000469270395115, 0.000217341148527, 8.58792845975e-05, 0.000236840045545, 0.000235445171711, 0.00036029407056, 0.000465828226879, 5.37729247299e-05, 0.000411368877394, 0.000364006118616, 0.000879526371136, 0.00121715746354, 0.000519147608429, 0.000568705785554, 0.000199225236429, 0.000141275886563, 2.64163445536e-05, 1.1729181324e-06, 3.44044724443e-06, 9.04664489099e-07, 5.05385401084e-07, 2.13085602496e-08],
        "dmean2": [0.000133927504066, 0.00788895133883, 0.00325792562217, 0.00478495610878, 0.0052432063967, 0.000789672951214, 0.00037390581565, 0.000144451769302, 0.000417304399889, 0.000398878299166, 0.000614775111899, 0.000782645656727, 9.07064677449e-05, 0.000686104525812, 0.00061717297649, 0.00148319464643, 0.00205483660102, 0.000883395550773, 0.000960054865573, 0.000329154107021, 0.000233434213442, 4.40159965365e-05, 1.8933752699e-06, 5.71774353375e-06, 1.49138713823e-06, 8.48682134347e-07, 3.62586902725e-08],
        "dvar": [1.61192090786e-08, 2.57068768406e-05, 5.69042458665e-06, 9.74191243586e-06, 1.04034870674e-05, 5.3138472822e-07, 9.37485040708e-08, 1.5847938073e-08, 1.29651738234e-07, 1.77111175503e-07, 3.00515495155e-07, 5.56065003821e-07, 4.09895850595e-09, 5.07002539507e-07, 2.64809358441e-07, 1.71985118413e-06, 2.04573325391e-06, 4.01280914275e-07, 5.4061422361e-07, 4.39107523675e-08, 2.82551280151e-08, 1.06128272837e-09, 4.1144540032e-12, 3.81664456983e-11, 2.94669757345e-12, 1.2189281702e-12, 4.4400975816e-15],
        "dvar2": [3.9339351332e-08, 5.95744895691e-05, 1.54364151967e-05, 2.32828879234e-05, 3.55831689376e-05, 1.42622013755e-06, 2.47494284622e-07, 4.39532144014e-08, 3.67164005866e-07, 4.5541096938e-07, 7.31802856535e-07, 1.40952897709e-06, 1.09826796546e-08, 1.26889551666e-06, 6.11478299106e-07, 4.65559833174e-06, 5.3426924751e-06, 1.08240703867e-06, 1.41241446272e-06, 1.12006638631e-07, 7.17236119385e-08, 2.79204237508e-09, 1.01427928556e-11, 9.83962286649e-11, 6.99494455414e-12, 3.10810600347e-12, 9.78114260457e-15],
        "max": [0.00190631649457, 0.0461534298956, 0.0201181117445, 0.0429086014628, 0.0254481621087, 0.00968752149493, 0.00476682931185, 0.00163709139451, 0.00404192460701, 0.00529097253457, 0.00659841112792, 0.00860338937491, 0.000846317270771, 0.0110926665366, 0.00827404111624, 0.0165759213269, 0.0150724193081, 0.00658483244479, 0.00920074526221, 0.00244425958954, 0.00172203045804, 0.000355897529516, 3.30110560753e-05, 6.97239447618e-05, 1.78639566002e-05, 1.18839934657e-05, 1.21280743315e-06],
        "mean": [0.000105343715404, 0.00825627148151, 0.00215274700895, 0.00375334825367, 0.00347778457217, 0.000554779660888, 0.000302647647914, 0.000118962241686, 0.000324251741404, 0.000295249075862, 0.000440689793322, 0.000582786160521, 8.95426346688e-05, 0.000561323016882, 0.00051520956913, 0.00133101211395, 0.00211953814141, 0.000930370646529, 0.00111376075074, 0.000492451363243, 0.00031450210372, 5.74717159907e-05, 2.3308487016e-06, 5.80718233323e-06, 1.34085519221e-06, 6.19602474217e-07, 2.50182949912e-08],
        "median": [4.7007080866e-05, 0.00580791197717, 0.00127868540585, 0.00255070813, 0.00230720452964, 0.000294485216727, 0.000182724150363, 7.43244454497e-05, 0.000204195675906, 0.00015938062279, 0.000214123341721, 0.000288442650344, 6.51510126772e-05, 0.000342006242136, 0.000327485438902, 0.000881644838955, 0.0015852781944, 0.000738435250241, 0.000869900744874, 0.000383362319553, 0.000249608972808, 4.63373253297e-05, 1.63937886555e-06, 3.40976976076e-06, 4.59744967429e-07, 1.1736656802e-07, 8.08623568105e-09],
        "min": [2.6401974651e-07, 7.2755938163e-05, 1.21136536109e-05, 1.06270717879e-05, 3.75329145754e-05, 4.05266291637e-06, 7.49272021494e-06, 5.98294263909e-06, 1.40835072671e-06, 5.74513614993e-06, 6.33794616078e-06, 6.01144165557e-06, 4.02798468713e-06, 1.1275590623e-05, 2.60036795225e-05, 7.37093942007e-05, 4.20690776082e-05, 3.66942367691e-05, 5.70149131818e-05, 2.08609944821e-05, 1.0403889064e-05, 3.52241181645e-06, 1.49788050408e-07, 2.86655705395e-07, 3.67957362357e-08, 1.02646540157e-08, 2.0944299628e-09],
        "var": [2.41957920366e-08, 5.65748123336e-05, 6.2467738644e-06, 1.8064321921e-05, 1.14989625217e-05, 6.24543702088e-07, 1.56189130962e-07, 2.15598383591e-08, 1.4168004725e-07, 1.86908195587e-07, 3.98436100113e-07, 7.26504310933e-07, 6.86501033798e-09, 6.35393860193e-07, 3.7218907778e-07, 2.23015808842e-06, 3.28484338752e-06, 5.33481909315e-07, 8.07410685866e-07, 1.37364679631e-07, 5.29300479002e-08, 1.79202397366e-09, 5.87610819378e-12, 5.38444254461e-11, 5.13809047392e-12, 1.7817544315e-12, 5.2766658603e-15]
    },
    "erbbands": {
        "dmean": [0.148814827204, 1.15846657753, 1.86253988743, 5.5380191803, 13.6521034241, 5.93744897842, 3.02669382095, 3.56508827209, 1.59524571896, 3.77185177803, 2.57462739944, 5.64551210403, 4.10622787476, 9.95682430267, 16.5788345337, 16.4299163818, 2.83057069778, 11.6813087463, 24.7417907715, 26.721534729, 48.4180488586, 66.575012207, 27.224199295, 37.310874939, 18.639913559, 9.8218832016, 5.59247303009, 4.59404325485, 1.11001551151, 0.169442623854, 0.0396185703576, 0.0797518119216, 0.0464436598122, 0.017931945622, 0.00230809673667, 0.00264364620671, 0.000813031103462, 5.29138778802e-05, 6.33647186987e-06, 9.20578440855e-06],
        "dmean2": [0.225434482098, 1.83976662159, 3.26387190819, 9.19957351685, 24.9142341614, 10.9427633286, 5.19246578217, 5.95936393738, 2.66703343391, 6.41377592087, 4.38442373276, 9.86403083801, 7.12264251709, 16.9154281616, 27.7852802277, 27.5396823883, 4.49039840698, 19.4532241821, 41.735408783, 45.4929618835, 81.5643081665, 112.104957581, 45.4444770813, 62.5713424683, 30.9654369354, 16.3402557373, 9.1727104187, 7.62675571442, 1.82265341282, 0.280176222324, 0.0636687204242, 0.132918849587, 0.0765950381756, 0.0295714624226, 0.00373288895935, 0.00442986376584, 0.00137138157152, 8.81593441591e-05, 1.06152192529e-05, 1.55548423209e-05],
        "dvar": [0.0278333704919, 1.2910387516, 6.1108250618, 36.0644035339, 201.849884033, 44.3174819946, 24.131111145, 24.3498878479, 5.16543674469, 31.2253074646, 16.7265529633, 73.7652282715, 46.9875106812, 234.132949829, 562.636962891, 698.163696289, 11.5236911774, 418.082305908, 1497.14819336, 1091.31860352, 5576.50439453, 6520.22363281, 869.096313477, 2471.68652344, 550.284790039, 109.668792725, 48.0199508667, 29.734796524, 1.90079820156, 0.0618710294366, 0.00414902064949, 0.0164806451648, 0.00955477077514, 0.00112358492333, 2.29104207392e-05, 3.30116672558e-05, 3.21601055475e-06, 1.62673945425e-08, 1.72661870912e-10, 4.77455540382e-11],
        "dvar2": [0.0578637383878, 3.20857191086, 16.703792572, 78.8794555664, 659.71862793, 146.254074097, 66.2207794189, 65.353263855, 14.1333770752, 86.3601989746, 46.135925293, 207.127212524, 124.571372986, 583.969482422, 1394.35595703, 1740.57116699, 29.1594810486, 1060.45129395, 3359.38989258, 2833.40161133, 15048.5458984, 17249.1035156, 2366.51000977, 6600.20263672, 1431.68103027, 275.406219482, 120.28351593, 78.177520752, 4.91170215607, 0.15375252068, 0.0100264111534, 0.0414405204356, 0.0256507527083, 0.00270853610709, 5.35749968549e-05, 8.327751857e-05, 8.26646100904e-06, 3.89265437661e-08, 4.68186100999e-10, 1.37567332525e-10],
        "max": [1.47062957287, 9.88321113586, 25.9229717255, 96.647819519, 115.08405304, 50.0946044922, 67.0776367188, 50.6277351379, 29.1512908936, 87.6755447388, 71.8296737671, 99.4334182739, 74.6828689575, 197.161865234, 287.328704834, 397.435241699, 41.6364898682, 273.55859375, 587.604309082, 291.97354126, 887.766601562, 864.020263672, 257.124847412, 634.690856934, 364.593475342, 135.449157715, 91.023651123, 64.8674316406, 14.9357557297, 2.46337175369, 0.965087354183, 1.59064674377, 1.45723044872, 0.332652121782, 0.0620866827667, 0.0670757815242, 0.0198801178485, 0.00134143512696, 0.000251095392741, 7.23402699805e-05],
        "mean": [0.247758179903, 1.81429862976, 2.58013129234, 8.3505449295, 16.4211959839, 7.65151357651, 3.85561585426, 4.30252981186, 2.50313186646, 5.4933052063, 3.76771378517, 7.62601089478, 5.64798593521, 13.2750759125, 21.8133525848, 21.1435203552, 5.45211267471, 17.8297996521, 35.4507980347, 41.7254219055, 79.6296310425, 117.403251648, 57.7180671692, 67.7913513184, 41.0832214355, 24.724319458, 13.3899564743, 9.72915840149, 2.62260532379, 0.369949370623, 0.0830390304327, 0.138932198286, 0.0728943049908, 0.0269498713315, 0.0034711798653, 0.00335891591385, 0.000976022973191, 6.41068327241e-05, 1.96177425096e-05, 3.41772611137e-05],
        "median": [0.15460652113, 1.3067240715, 1.8614128828, 5.77849531174, 11.2692422867, 5.44326972961, 2.16976451874, 2.40590333939, 1.64090764523, 3.45224738121, 2.47129178047, 4.80854129791, 3.4348886013, 7.43419694901, 11.7399148941, 10.9983520508, 4.01772451401, 11.3441171646, 21.220369339, 30.2040901184, 53.5717506409, 86.760887146, 48.0825538635, 52.9375076294, 32.8241958618, 18.9195537567, 10.3442621231, 8.02077579498, 2.11238861084, 0.280114293098, 0.0602547191083, 0.0884515568614, 0.0374717973173, 0.0104034272954, 0.001091859187, 0.000711440166924, 0.00017581883003, 1.38256964419e-05, 1.75176737685e-05, 3.37994824804e-05],
        "min": [0.00266950228252, 0.0122286435217, 0.036658026278, 0.0400945842266, 0.0359238497913, 0.101652607322, 0.0909379646182, 0.0519712492824, 0.0866792201996, 0.167646229267, 0.148968279362, 0.0413564443588, 0.164114192128, 0.28478461504, 0.628993809223, 0.295285761356, 0.213503524661, 0.609102666378, 1.03535830975, 2.45786499977, 3.81906843185, 2.49087667465, 2.56306886673, 2.75633406639, 2.23552513123, 1.06393635273, 0.732644677162, 0.356761455536, 0.153050050139, 0.0234186276793, 0.00517413951457, 0.0060995509848, 0.00264324317686, 0.000937155040447, 0.000112897796498, 6.7111417593e-05, 2.05607811949e-05, 1.8946838054e-06, 5.86335636399e-06, 1.13363093988e-05],
        "var": [0.0654036849737, 2.57733011246, 6.7590637207, 80.1077804565, 234.773742676, 47.03723526, 26.583366394, 30.37550354, 8.08633899689, 49.787727356, 20.630651474, 81.5153884888, 51.8195991516, 292.04309082, 785.118347168, 970.11138916, 25.5330276489, 548.588806152, 2247.71557617, 1433.0045166, 7806.65283203, 10183.2412109, 1485.97058105, 3174.57519531, 966.698059082, 350.990753174, 101.781959534, 49.9313354492, 3.47339677811, 0.0990503132343, 0.0064238961786, 0.0243304893374, 0.0118190273643, 0.00188382249326, 3.97947696911e-05, 4.92755025334e-05, 4.54772180092e-06, 2.25347349669e-08, 1.74555966903e-10, 9.534077694e-11]
    },
    "gfcc": {
        "mean": [-14.3745307922, 133.828598022, -164.435836792, 78.7027435303, -20.4930515289, -5.26330661774, -16.2598743439, 2.81354951859, -19.2833633423, -12.1395149231, -13.4396648407, -9.25483131409, 3.78417444229],
        "cov": [[844.722961426, -314.02947998, -119.496795654, -216.331008911, -122.1848526, 68.5451965332, -125.451080322, 84.1850509644, -123.934761047, 84.1922149658, -73.3940658569, 58.9759063721, -42.5901565552], [-314.02947998, 289.793304443, 26.6665554047, 59.6449966431, 27.8797569275, -56.9274101257, 77.1160430908, -66.5353012085, 57.3460540771, -67.6611251831, 39.9971199036, -48.0297164917, 26.6238231659], [-119.496795654, 26.6665554047, 195.236068726, 39.4600753784, 66.5571899414, 34.1150817871, 0.655241966248, 33.1080436707, 5.77132749557, 24.0052528381, 15.6426486969, 41.1328582764, 20.6763954163], [-216.331008911, 59.6449966431, 39.4600753784, 141.772338867, 48.125957489, -39.2483673096, 35.6626701355, -22.581949234, 51.4244194031, -27.0455703735, 17.9484977722, -30.3479919434, 4.01021385193], [-122.1848526, 27.8797569275, 66.5571899414, 48.125957489, 86.4968032837, 40.1419792175, 25.9584789276, 8.47414207458, 17.5316123962, 3.79239010811, 15.6501283646, 15.6579208374, 16.2796916962], [68.5451965332, -56.9274101257, 34.1150817871, -39.2483673096, 40.1419792175, 100.224411011, 15.673699379, 37.023349762, -21.8053741455, 32.8093528748, 3.83453440666, 40.1949501038, 8.83043003082], [-125.451080322, 77.1160430908, 0.655241966248, 35.6626701355, 25.9584789276, 15.673699379, 80.0067138672, 8.20553398132, 36.9826316833, -14.1813526154, 21.4812164307, -13.5555486679, 9.92719936371], [84.1850509644, -66.5353012085, 33.1080436707, -22.581949234, 8.47414207458, 37.023349762, 8.20553398132, 79.5030212402, 16.692609787, 42.0725784302, -0.657728731632, 28.8783435822, 3.09980750084], [-123.934761047, 57.3460540771, 5.77132749557, 51.4244194031, 17.5316123962, -21.8053741455, 36.9826316833, 16.692609787, 84.4999771118, 14.7786188126, 24.9250831604, -14.2144613266, 5.7635884285], [84.1922149658, -67.6611251831, 24.0052528381, -27.0455703735, 3.79239010811, 32.8093528748, -14.1813526154, 42.0725784302, 14.7786188126, 73.1325149536, 20.2314376831, 33.800819397, -1.95037734509], [-73.3940658569, 39.9971199036, 15.6426486969, 17.9484977722, 15.6501283646, 3.83453440666, 21.4812164307, -0.657728731632, 24.9250831604, 20.2314376831, 51.6711845398, 20.5226707458, 11.0748081207], [58.9759063721, -48.0297164917, 41.1328582764, -30.3479919434, 15.6579208374, 40.1949501038, -13.5555486679, 28.8783435822, -14.2144613266, 33.800819397, 20.5226707458, 73.0252075195, 26.5297603607], [-42.5901565552, 26.6238231659, 20.6763954163, 4.01021385193, 16.2796916962, 8.83043003082, 9.92719936371, 3.09980750084, 5.7635884285, -1.95037734509, 11.0748081207, 26.5297603607, 41.6259422302]],
        "icov": [[0.00454376917332, -0.0015841955319, 0.00368988118134, -0.00105067307595, 0.00372872781008, -0.00264296820387, 0.00412624748424, -0.00542068295181, 0.00482103507966, -0.00415550312027, 0.00413232529536, -0.00278425263241, 0.0022655040957], [-0.0015841955319, 0.0227534510195, -0.0119848288596, 0.0179074537009, -0.0081327939406, 0.01217766013, -0.0164012759924, 0.0174896102399, -0.0141622116789, 0.0158984698355, -0.0165023319423, 0.0138414325193, -0.0104649038985], [0.00368988118134, -0.0119848288596, 0.0168089475483, -0.0118780899793, 0.000533166748937, -0.0061483932659, 0.0120710553601, -0.0155674321577, 0.012583784759, -0.0115015823394, 0.0101329674944, -0.0106429057196, 0.00541801890358], [-0.00105067307595, 0.0179074537009, -0.0118780899793, 0.0324489399791, -0.0177849531174, 0.018881753087, -0.0160591769964, 0.0158793386072, -0.0159763302654, 0.0148344021291, -0.0142225017771, 0.0130942240357, -0.00581143517047], [0.00372872781008, -0.0081327939406, 0.000533166748937, -0.0177849531174, 0.0379753224552, -0.0260887667537, 0.0114799933508, -0.00587763311341, 0.000776330532972, -0.00205742614344, 0.00590525474399, -0.00633974093944, 0.00111323723104], [-0.00264296820387, 0.01217766013, -0.0061483932659, 0.018881753087, -0.0260887667537, 0.043558575213, -0.0284159425646, 0.00871986802667, 0.00554391508922, -0.00613052304834, -0.000768276921008, -0.000548882351723, -0.00266843335703], [0.00412624748424, -0.0164012759924, 0.0120710553601, -0.0160591769964, 0.0114799933508, -0.0284159425646, 0.0490628518164, -0.0259025562555, 0.00114759104326, 0.00696033937857, -0.00653154822066, 0.00305165397003, 0.00198973366059], [-0.00542068295181, 0.0174896102399, -0.0155674321577, 0.0158793386072, -0.00587763311341, 0.00871986802667, -0.0259025562555, 0.0477044843137, -0.0237575937063, 0.00147170177661, 0.00244857301004, -0.00030248137773, -0.00455608963966], [0.00482103507966, -0.0141622116789, 0.012583784759, -0.0159763302654, 0.000776330532972, 0.00554391508922, 0.00114759104326, -0.0237575937063, 0.0453663654625, -0.0281718224287, 0.00757267512381, -0.000893671007361, 0.000248504919], [-0.00415550312027, 0.0158984698355, -0.0115015823394, 0.0148344021291, -0.00205742614344, -0.00613052304834, 0.00696033937857, 0.00147170177661, -0.0281718224287, 0.0568921901286, -0.0338289663196, 0.0085586598143, 0.000311187555781], [0.00413232529536, -0.0165023319423, 0.0101329674944, -0.0142225017771, 0.00590525474399, -0.000768276921008, -0.00653154822066, 0.00244857301004, 0.00757267512381, -0.0338289663196, 0.0610383376479, -0.0335192456841, 0.0128385461867], [-0.00278425263241, 0.0138414325193, -0.0106429057196, 0.0130942240357, -0.00633974093944, -0.000548882351723, 0.00305165397003, -0.00030248137773, -0.000893671007361, 0.0085586598143, -0.0335192456841, 0.0556783601642, -0.0318291671574], [0.0022655040957, -0.0104649038985, 0.00541801890358, -0.00581143517047, 0.00111323723104, -0.00266843335703, 0.00198973366059, -0.00455608963966, 0.000248504919, 0.000311187555781, 0.0128385461867, -0.0318291671574, 0.0477491915226]]
    },
    "melbands": {
        "dmean": [0.00140150811058, 0.00106452626642, 0.00114231335465, 0.000741275900509, 0.000101953497506, 8.0434983829e-05, 3.20600884152e-05, 3.52677707269e-05, 2.93450430036e-05, 3.25943656208e-05, 2.14234478335e-05, 4.05853352277e-05, 5.673162741e-05, 6.28880807199e-05, 1.54397403094e-05, 8.37274183141e-06, 2.43637077801e-05, 4.64201657451e-05, 2.43406429945e-05, 5.5527601944e-05, 5.79948173254e-05, 6.88019790687e-05, 5.22188711329e-05, 2.38023876591e-05, 3.3813805203e-05, 1.90335813386e-05, 9.76210503723e-06, 6.2914054979e-06, 2.89498893835e-06, 5.22150958204e-06, 1.90964237845e-06, 7.26103053239e-07, 3.07569393954e-07, 3.18614183925e-08, 1.77792109923e-08, 4.02708231206e-08, 5.51425287654e-08, 3.83569265239e-08, 2.33948060924e-08, 1.28350370332e-08],
        "dmean2": [0.00215903134085, 0.00176779949106, 0.00195875088684, 0.00135365326423, 0.000175237233634, 0.000134457499371, 5.40197870578e-05, 5.97033213126e-05, 5.04801464558e-05, 5.67696624785e-05, 3.72446593246e-05, 6.91891691531e-05, 9.5915311249e-05, 0.000107534520794, 2.5379782528e-05, 1.41107339005e-05, 4.08070845879e-05, 7.83636569395e-05, 4.12725094066e-05, 9.4869043096e-05, 9.71453700913e-05, 0.00011657950381, 8.79718863871e-05, 4.04749189329e-05, 5.72083699808e-05, 3.19459868479e-05, 1.61019361258e-05, 1.05018143586e-05, 4.73954969493e-06, 8.69556333782e-06, 3.18984143632e-06, 1.20089509892e-06, 5.18842284691e-07, 5.24515897382e-08, 2.86518044845e-08, 6.72693900583e-08, 9.15505040666e-08, 6.37324006902e-08, 3.92609855737e-08, 2.09463273393e-08],
        "dvar": [2.15857676267e-06, 1.17822389711e-06, 1.25475730783e-06, 6.73788065342e-07, 2.09936956708e-08, 1.33577522377e-08, 2.06181960394e-09, 2.69385203033e-09, 2.29704610888e-09, 2.27008678522e-09, 1.34686717335e-09, 4.31250901656e-09, 7.17720638477e-09, 1.1068293837e-08, 5.87375981187e-10, 1.75023495697e-10, 1.96347205161e-09, 5.7193862979e-09, 9.87528947505e-10, 6.34897689977e-09, 7.79449482735e-09, 7.23967685801e-09, 3.69669894695e-09, 8.76677785921e-10, 2.10124873057e-09, 5.99783112065e-10, 1.06836421654e-10, 4.5626020323e-11, 1.95406156533e-11, 3.68048994059e-11, 5.15457338271e-12, 7.34365855886e-13, 2.1989722055e-13, 2.4939627288e-15, 8.3455996359e-16, 4.32918708748e-15, 7.93146066403e-15, 8.49654514226e-15, 1.80095255861e-15, 5.82801813452e-16],
        "dvar2": [4.66879509986e-06, 3.41766735801e-06, 3.17708236253e-06, 2.27474652092e-06, 5.7842171941e-08, 3.57825129527e-08, 5.6177862362e-09, 7.54123608004e-09, 6.51936105101e-09, 6.38761665783e-09, 3.52529561098e-09, 1.0922870608e-08, 1.74621721527e-08, 2.84979524423e-08, 1.34893063386e-09, 4.81674644615e-10, 5.07852870868e-09, 1.32736177605e-08, 2.20824181163e-09, 1.74506613604e-08, 2.06224886057e-08, 1.88685618241e-08, 1.02581161343e-08, 2.38028841082e-09, 5.63365265549e-09, 1.56178281419e-09, 2.88568252627e-10, 1.16261000827e-10, 5.1140612578e-11, 9.6240640457e-11, 1.39496990348e-11, 1.96429764815e-12, 5.70325091407e-13, 6.32249574621e-15, 2.02024070656e-15, 1.12772331824e-14, 1.98727939351e-14, 2.33865847559e-14, 4.63123861296e-15, 1.40048512202e-15],
        "max": [0.0134351868182, 0.0117849530652, 0.0146844331175, 0.00659330328926, 0.00183050031774, 0.00132889288943, 0.000591994088609, 0.000828666670714, 0.000768537225667, 0.000537488842383, 0.000399352953536, 0.000871640164405, 0.00105784484185, 0.00125145120546, 0.000386091036489, 0.000182328178198, 0.00062165746931, 0.00103735958692, 0.00042130361544, 0.00104725325946, 0.00119614542928, 0.000838656735141, 0.00057032762561, 0.000329754577251, 0.000587523332797, 0.000390657951357, 0.000127751482069, 8.32029618323e-05, 7.7997072367e-05, 5.54945654585e-05, 3.04468176182e-05, 8.49252683111e-06, 5.31758360012e-06, 6.06609830811e-07, 4.44274576239e-07, 1.00844260942e-06, 9.31640613544e-07, 1.62627168265e-06, 4.23853549592e-07, 2.3782831704e-07],
        "mean": [0.00232661375776, 0.00171822949778, 0.00170929916203, 0.000953334325459, 0.000137476818054, 9.62380509009e-05, 4.68981779704e-05, 5.26621770405e-05, 3.87448344554e-05, 4.45045807282e-05, 2.79403830064e-05, 5.20688772667e-05, 7.06748760422e-05, 7.5813033618e-05, 2.20264173549e-05, 1.33188941618e-05, 3.50582049577e-05, 6.29950518487e-05, 3.82289763365e-05, 7.7918273746e-05, 9.38518351177e-05, 0.000119102121971, 8.76587582752e-05, 4.20403594035e-05, 5.79525622015e-05, 3.57877725037e-05, 2.26297415793e-05, 1.42822964335e-05, 6.43668136036e-06, 1.03745896922e-05, 3.88647686123e-06, 1.5978113197e-06, 5.72949602429e-07, 5.97911480327e-08, 3.4107472402e-08, 6.86591690169e-08, 9.10427786494e-08, 5.72293146206e-08, 3.3668136723e-08, 1.84085511279e-08],
        "median": [0.00157033652067, 0.00137498800177, 0.00133741344325, 0.000686106039211, 8.85915505933e-05, 5.30635516043e-05, 2.88815372187e-05, 3.3743242966e-05, 2.30190435104e-05, 2.84657526208e-05, 1.63949916896e-05, 2.87615657726e-05, 3.54045114364e-05, 3.60675549018e-05, 1.18162306535e-05, 8.95037101145e-06, 2.20242945943e-05, 3.68399487343e-05, 2.68485400738e-05, 5.09623532707e-05, 6.13549927948e-05, 8.47040719236e-05, 6.88722502673e-05, 3.2589519833e-05, 4.44147990493e-05, 2.74243684544e-05, 1.74234919541e-05, 1.07929781734e-05, 5.02426064486e-06, 8.17655381979e-06, 3.18133879773e-06, 1.30079342853e-06, 4.17162908661e-07, 4.10426395092e-08, 2.46588438557e-08, 4.58560656114e-08, 5.64609123899e-08, 2.91807431552e-08, 1.45352423431e-08, 6.29414609321e-09],
        "min": [2.42838068516e-05, 9.08545735001e-06, 6.68247957947e-06, 5.37784853805e-06, 3.05904336528e-06, 8.63263153406e-07, 1.51467543219e-06, 1.45653632444e-06, 6.92809862812e-07, 1.99543379154e-07, 7.58171381676e-07, 7.62546164879e-07, 1.59697549407e-06, 7.96295864802e-07, 4.75992948168e-07, 6.31684713426e-07, 1.05930962491e-06, 1.55511213507e-06, 1.86559702797e-06, 3.65268965652e-06, 3.96716450268e-06, 2.61501713794e-06, 2.29288775699e-06, 1.63946151588e-06, 2.35620063904e-06, 1.76899823146e-06, 3.76936185376e-07, 3.5752691474e-07, 3.40445666325e-07, 3.17587165455e-07, 1.73371972778e-07, 9.58634274184e-08, 2.76011977718e-08, 4.47893189204e-09, 2.14764828144e-09, 3.54345974785e-09, 3.32056759866e-09, 1.7939442154e-09, 1.23122345652e-09, 5.11261033509e-10],
        "var": [4.95610856888e-06, 1.81795144272e-06, 2.31303715736e-06, 7.76218769261e-07, 2.43273827749e-08, 1.6466403352e-08, 3.33413097131e-09, 4.37270841758e-09, 2.54137799693e-09, 2.58583021662e-09, 1.45645495664e-09, 4.99666086284e-09, 9.68247615418e-09, 1.30285009448e-08, 1.03843489363e-09, 2.25913052154e-10, 2.39574138305e-09, 8.04058508663e-09, 1.45805878482e-09, 7.53532969355e-09, 1.16616023504e-08, 1.13950946456e-08, 5.07757880186e-09, 1.13457132578e-09, 2.56785570585e-09, 8.91629214905e-10, 2.88956913952e-10, 1.282002976e-10, 3.23148417747e-11, 6.34357705254e-11, 8.0759600396e-12, 1.30397830121e-12, 3.01322226719e-13, 3.6446044716e-15, 1.21067054426e-15, 5.55340846483e-15, 1.17484528575e-14, 8.90919503021e-15, 2.641671087e-15, 9.89811361942e-16]
    },
    "mfcc": {
        "mean": [-635.407836914, 138.094940186, -55.2669296265, 75.7431411743, 13.9493494034, 9.48730373383, 13.8890285492, 7.38156461716, 14.223484993, -4.90650081635, -6.91403150558, 3.08525204659, -8.92407989502],
        "cov": [[878.785217285, -215.257110596, -127.292533875, -248.598434448, -80.5898590088, -99.9892425537, -17.6088523865, -67.5599060059, -19.1687431335, -28.1568031311, -19.8041648865, -38.4108886719, -5.42132234573], [-215.257110596, 208.459152222, 33.3074684143, 37.0730438232, -10.7813453674, 21.5722370148, 7.63240146637, 18.5868721008, -1.46141266823, -2.8900001049, -3.95349860191, -0.285758703947, -2.76310825348], [-127.292533875, 33.3074684143, 112.257102966, 35.3068008423, 43.1983299255, 7.92953586578, 12.1057958603, 14.7822008133, 7.18789482117, 3.64382505417, 3.02973008156, -0.373671799898, 17.6061725616], [-248.598434448, 37.0730438232, 35.3068008423, 172.25289917, 22.5397949219, 15.118021965, -21.6951656342, 13.3041963577, 6.83696460724, 14.4179811478, 13.4221582413, 30.3278198242, -9.98106765747], [-80.5898590088, -10.7813453674, 43.1983299255, 22.5397949219, 81.5495986938, 27.6233463287, 14.5446662903, 10.801525116, 11.8808660507, -0.571048617363, 1.30833435059, 1.88858318329, 18.9307136536], [-99.9892425537, 21.5722370148, 7.92953586578, 15.118021965, 27.6233463287, 63.6965789795, 29.0423355103, 16.4461631775, 0.561996340752, 1.38215208054, 4.22621393204, 2.98357915878, 4.84188938141], [-17.6088523865, 7.63240146637, 12.1057958603, -21.6951656342, 14.5446662903, 29.0423355103, 62.7594299316, 26.3336391449, 5.91367197037, -2.60151100159, 0.976498484612, -7.39170360565, 5.27057170868], [-67.5599060059, 18.5868721008, 14.7822008133, 13.3041963577, 10.801525116, 16.4461631775, 26.3336391449, 51.6287956238, 22.8093090057, 5.96848583221, 3.25026845932, 2.50693535805, 5.93659353256], [-19.1687431335, -1.46141266823, 7.18789482117, 6.83696460724, 11.8808660507, 0.561996340752, 5.91367197037, 22.8093090057, 50.6350135803, 21.1353282928, 4.89346790314, 7.93983507156, 6.82712125778], [-28.1568031311, -2.8900001049, 3.64382505417, 14.4179811478, -0.571048617363, 1.38215208054, -2.60151100159, 5.96848583221, 21.1353282928, 50.7946777344, 27.1394042969, 12.6509208679, 3.62162446976], [-19.8041648865, -3.95349860191, 3.02973008156, 13.4221582413, 1.30833435059, 4.22621393204, 0.976498484612, 3.25026845932, 4.89346790314, 27.1394042969, 47.7967224121, 24.0711669922, 7.61352968216], [-38.4108886719, -0.285758703947, -0.373671799898, 30.3278198242, 1.88858318329, 2.98357915878, -7.39170360565, 2.50693535805, 7.93983507156, 12.6509208679, 24.0711669922, 51.3829574585, 22.005399704], [-5.42132234573, -2.76310825348, 17.6061725616, -9.98106765747, 18.9307136536, 4.84188938141, 5.27057170868, 5.93659353256, 6.82712125778, 3.62162446976, 7.61352968216, 22.005399704, 52.4265975952]],
