{
"lowlevel": {
    "average_loudness": 0.987358570099,
    "barkbands_crest": {
        "dmean": 3.49512887001,
        "dmean2": 5.7438044548,
        "dvar": 6.93168449402,
        "dvar2": 17.5540523529,
        "max": 25.1917266846,
        "mean": 13.0575494766,
        "median": 12.9536561966,
        "min": 3.33942198753,
        "var": 20.9515018463
    },
    "barkbands_flatness_db": {
        "dmean": 0.0330083668232,
        "dmean2": 0.0514935962856,
        "dvar": 0.000687576131895,
        "dvar2": 0.00158767146058,
        "max": 0.361364275217,
        "mean": 0.205839380622,
        "median": 0.200953632593,
        "min": 0.0795802175999,
        "var": 0.00278839329258
    },
    "barkbands_kurtosis": {
        "dmean": 7.0691037178,
        "dmean2": 11.144487381,
        "dvar": 90.6029663086,
        "dvar2": 216.450164795,
        "max": 89.5235824585,
        "mean": 8.85633659363,
        "median": 4.13013076782,
        "min": -1.80744373798,
        "var": 197.016204834
    },
    "barkbands_skewness": {
        "dmean": 1.05824148655,
        "dmean2": 1.61252164841,
        "dvar": 0.755445361137,
        "dvar2": 1.65178763866,
        "max": 8.57592201233,
        "mean": 2.48102927208,
        "median": 2.28153586388,
        "min": -1.36183798313,
        "var": 3.21796250343
    },
    "barkbands_spread": {
        "dmean": 8.81663990021,
        "dmean2": 14.375998497,
        "dvar": 59.9691429138,
        "dvar2": 134.339645386,
        "max": 57.8423156738,
        "mean": 24.2095050812,
        "median": 21.4631977081,
        "min": 1.60719490051,
        "var": 207.916641235
    },
    "dissonance": {
        "dmean": 0.00701874913648,
        "dmean2": 0.0118447970599,
        "dvar": 4.86975186504e-05,
        "dvar2": 0.000118852600281,
        "max": 0.499633997679,
        "mean": 0.489490747452,
        "median": 0.491504341364,
        "min": 0.411085695028,
        "var": 7.06303471816e-05
    },
    "dynamic_complexity": 1.02651643753,
    "erbbands_crest": {
        "dmean": 2.05493164062,
        "dmean2": 3.51206588745,
        "dvar": 3.69791698456,
        "dvar2": 9.74579524994,
        "max": 18.6795597076,
        "mean": 6.81977701187,
        "median": 6.32185792923,
        "min": 3.0146522522,
        "var": 5.09275197983
    },
    "erbbands_flatness_db": {
        "dmean": 0.0109362807125,
        "dmean2": 0.0176767874509,
        "dvar": 0.000105314058601,
        "dvar2": 0.000220359317609,
        "max": 0.252773106098,
        "mean": 0.198479428887,
        "median": 0.196450486779,
        "min": 0.0901726707816,
        "var": 0.000261184817646
    },
    "erbbands_kurtosis": {
        "dmean": 1.2135874033,
        "dmean2": 1.92221271992,
        "dvar": 1.39680182934,
        "dvar2": 3.26963019371,
        "max": 8.74837017059,
        "mean": 0.49592089653,
        "median": 0.0135908126831,
        "min": -1.80388998985,
        "var": 3.74373626709
    },
    "erbbands_skewness": {
        "dmean": 0.415850162506,
        "dmean2": 0.650653600693,
        "dvar": 0.112082496285,
        "dvar2": 0.250863015652,
        "max": 1.12480962276,
        "mean": -0.913007438183,
        "median": -1.01176822186,
        "min": -2.33633232117,
        "var": 0.423326432705
    },
    "erbbands_spread": {
        "dmean": 12.620308876,
        "dmean2": 19.7177505493,
        "dvar": 109.351112366,
        "dvar2": 236.039169312,
        "max": 97.8920669556,
        "mean": 48.7260437012,
        "median": 47.8886871338,
        "min": 9.17415428162,
        "var": 404.768554688
    },
    "hfc": {
        "dmean": 4.83150053024,
        "dmean2": 6.86624717712,
        "dvar": 44.4491004944,
        "dvar2": 71.1240310669,
        "max": 128.883605957,
        "mean": 22.6841220856,
        "median": 19.1526050568,
        "min": 0.741173148155,
        "var": 243.283340454
    },
    "melbands_crest": {
        "dmean": 4.40143203735,
        "dmean2": 7.09195899963,
        "dvar": 13.3515911102,
        "dvar2": 33.9183082581,
        "max": 31.0572662354,
        "mean": 20.8809490204,
        "median": 21.0101490021,
        "min": 4.86572170258,
        "var": 33.4806861877
    },
    "melbands_flatness_db": {
        "dmean": 0.0425816215575,
        "dmean2": 0.0650297552347,
        "dvar": 0.00106493290514,
        "dvar2": 0.00247556669638,
        "max": 0.459702908993,
        "mean": 0.273715496063,
        "median": 0.27329865098,
        "min": 0.108410693705,
        "var": 0.00489350827411
    },
    "melbands_kurtosis": {
        "dmean": 22.8533592224,
        "dmean2": 35.137588501,
        "dvar": 633.266174316,
        "dvar2": 1349.30078125,
        "max": 229.797897339,
        "mean": 38.4903488159,
        "median": 24.4737682343,
        "min": -1.66906678677,
        "var": 1831.45996094
    },
    "melbands_skewness": {
        "dmean": 1.61607730389,
        "dmean2": 2.46057128906,
        "dvar": 1.71177792549,
        "dvar2": 3.67803311348,
        "max": 12.9994316101,
        "mean": 5.05385780334,
        "median": 4.74859476089,
        "min": 0.00787859782577,
        "var": 7.36576271057
    },
    "melbands_spread": {
        "dmean": 10.5967798233,
        "dmean2": 16.6487503052,
        "dvar": 147.000030518,
        "dvar2": 347.462005615,
        "max": 110.099388123,
        "mean": 21.0016326904,
        "median": 13.0148038864,
        "min": 1.1173030138,
        "var": 446.070068359
    },
    "pitch_salience": {
        "dmean": 0.108952671289,
        "dmean2": 0.179453507066,
        "dvar": 0.00870078522712,
        "dvar2": 0.0217398200184,
        "max": 0.829596936703,
        "mean": 0.40356656909,
        "median": 0.387443244457,
        "min": 0.0944386124611,
        "var": 0.0241483859718
    },
    "silence_rate_20dB": {
        "dmean": 0,
        "dmean2": 0,
        "dvar": 0,
        "dvar2": 0,
        "max": 1,
        "mean": 1,
        "median": 1,
        "min": 1,
        "var": 0
    },
    "silence_rate_30dB": {
        "dmean": 0,
        "dmean2": 0,
        "dvar": 0,
        "dvar2": 0,
        "max": 1,
        "mean": 1,
        "median": 1,
        "min": 1,
        "var": 0
    },
    "silence_rate_60dB": {
        "dmean": 0,
        "dmean2": 0,
        "dvar": 0,
        "dvar2": 0,
        "max": 0,
        "mean": 0,
        "median": 0,
        "min": 0,
        "var": 0
    },
    "spectral_centroid": {
        "dmean": 383.257659912,
        "dmean2": 596.708435059,
        "dvar": 100772.820312,
        "dvar2": 214381.953125,
        "max": 3265.65112305,
        "mean": 1869.57189941,
        "median": 1934.0300293,
        "min": 372.965576172,
        "var": 426320.28125
    },
    "spectral_complexity": {
        "dmean": 5.01764726639,
        "dmean2": 7.65422391891,
        "dvar": 19.793800354,
        "dvar2": 32.9845657349,
        "max": 60,
        "mean": 30.6183948517,
        "median": 32,
        "min": 1,
        "var": 116.369094849
    },
    "spectral_decrease": {
        "dmean": 4.83301310084e-09,
        "dmean2": 8.05957434125e-09,
        "dvar": 1.45725301869e-17,
        "dvar2": 3.74700310516e-17,
        "max": -3.64863750324e-10,
        "mean": -1.24163674897e-08,
        "median": -1.21084715587e-08,
        "min": -2.51797676043e-08,
        "var": 2.87565237138e-17
    },
    "spectral_energy": {
        "dmean": 0.0183010399342,
        "dmean2": 0.0305709708482,
        "dvar": 0.000210004480323,
        "dvar2": 0.000537807645742,
        "max": 0.0964961573482,
        "mean": 0.0489197038114,
        "median": 0.048086039722,
        "min": 0.00144430738874,
        "var": 0.000408449879615
    },
    "spectral_energyband_high": {
        "dmean": 0.000189864658751,
        "dmean2": 0.000290981202852,
        "dvar": 5.2895444469e-08,
        "dvar2": 1.0933318606e-07,
        "max": 0.00443473039195,
        "mean": 0.000573334924411,
        "median": 0.000444375356892,
        "min": 2.37201038544e-05,
        "var": 2.80027592225e-07
    },
    "spectral_energyband_low": {
        "dmean": 0.0184702984989,
        "dmean2": 0.0307464748621,
        "dvar": 0.000215490465052,
        "dvar2": 0.000545129645616,
        "max": 0.0916069820523,
        "mean": 0.0371946841478,
        "median": 0.0347170680761,
        "min": 0.000620099890511,
        "var": 0.000471869076136
    },
    "spectral_energyband_middle_high": {
        "dmean": 0.00190020375885,
        "dmean2": 0.00269808899611,
        "dvar": 7.39106553738e-06,
        "dvar2": 1.21981784105e-05,
        "max": 0.048637367785,
        "mean": 0.00624017277732,
        "median": 0.00473188376054,
        "min": 0.000196500201127,
        "var": 3.39351281582e-05
    },
    "spectral_energyband_middle_low": {
        "dmean": 0.00342645286582,
        "dmean2": 0.00571953179315,
        "dvar": 2.0754754587e-05,
        "dvar2": 5.52561286895e-05,
        "max": 0.0540923886001,
        "mean": 0.00630389992148,
        "median": 0.00423381663859,
        "min": 0.000536229577847,
        "var": 3.34071010002e-05
    },
    "spectral_entropy": {
        "dmean": 0.0994736477733,
        "dmean2": 0.161116957664,
        "dvar": 0.0085217403248,
        "dvar2": 0.019888035953,
        "max": 8.06490135193,
        "mean": 7.54982423782,
        "median": 7.58159732819,
        "min": 6.92262125015,
        "var": 0.0198442768306
    },
    "spectral_flux": {
        "dmean": 0.0346372202039,
        "dmean2": 0.0589423216879,
        "dvar": 0.00079628021922,
        "dvar2": 0.00216086138971,
        "max": 0.23222745955,
        "mean": 0.117481485009,
        "median": 0.115906886756,
        "min": 0.038895919919,
        "var": 0.00138580205385
    },
    "spectral_kurtosis": {
        "dmean": 2.34562397003,
        "dmean2": 4.24988937378,
        "dvar": 3.42188882828,
        "dvar2": 10.6092453003,
        "max": 17.3996658325,
        "mean": 3.34459924698,
        "median": 2.93119764328,
        "min": -0.139688014984,
        "var": 5.38910770416
    },
    "spectral_rms": {
        "dmean": 0.00132062507328,
        "dmean2": 0.0021814010106,
        "dvar": 1.07820881112e-06,
        "dvar2": 2.71454609901e-06,
        "max": 0.00970271043479,
        "mean": 0.00674519920722,
        "median": 0.00684932200238,
        "min": 0.00118704687338,
        "var": 2.22878043132e-06
    },
    "spectral_rolloff": {
        "dmean": 621.507263184,
        "dmean2": 1075.64440918,
        "dvar": 614933.3125,
        "dvar2": 1354327,
        "max": 3940.57617188,
        "mean": 1093.5567627,
        "median": 322.998046875,
        "min": 86.1328125,
        "var": 1374083.75
    },
    "spectral_skewness": {
        "dmean": 0.271819293499,
        "dmean2": 0.475316554308,
        "dvar": 0.0472377389669,
        "dvar2": 0.139591097832,
        "max": 3.2622961998,
        "mean": 0.581134796143,
        "median": 0.541134417057,
        "min": -0.0316082984209,
        "var": 0.0977513343096
    },
    "spectral_spread": {
        "dmean": 214203.234375,
        "dmean2": 345211.25,
        "dvar": 50260459520,
        "dvar2": 80565510144,
        "max": 6386461,
        "mean": 2624473.5,
        "median": 2635429.25,
        "min": 1781766.25,
        "var": 110675165184
    },
    "spectral_strongpeak": {
        "dmean": 0.303479522467,
        "dmean2": 0.521733939648,
        "dvar": 0.263043820858,
        "dvar2": 0.758192181587,
        "max": 5.75918531418,
        "mean": 0.573479354382,
        "median": 0.511943995953,
        "min": 0,
        "var": 0.204472631216
    },
    "zerocrossingrate": {
        "dmean": 0.00990732200444,
        "dmean2": 0.0119048533961,
        "dvar": 7.39345850889e-05,
        "dvar2": 9.08857036848e-05,
        "max": 0.11083984375,
        "mean": 0.042265471071,
        "median": 0.037109375,
        "min": 0.005859375,
        "var": 0.000535473402124
    },
    "barkbands": {
        "dmean": [6.77021380397e-05, 0.0126770967618, 0.0107374638319, 0.00206532818265, 0.00164706353098, 0.000338221871061, 0.000305626221234, 0.000194554420887, 0.000489847152494, 0.000385446794098, 0.000136187809403, 0.000172153741005, 6.53514434816e-05, 0.000375126721337, 0.000299515842926, 0.000475591834402, 0.000674408103805, 0.00029746061773, 0.000413794332417, 0.000284281471977, 0.000119788383017, 2.5443812774e-05, 6.44990677756e-07, 1.35383868383e-06, 1.62686291105e-07, 7.33471523517e-08, 1.76244494554e-08],
        "dmean2": [0.000109606138722, 0.0213465634733, 0.0174851249903, 0.00366240460426, 0.00286411307752, 0.000584418710787, 0.000514086743351, 0.000331306189764, 0.000840241322294, 0.000634797324892, 0.000233734404901, 0.000293895980576, 0.000109827000415, 0.000622066552751, 0.000497624627315, 0.000728126033209, 0.00112592463847, 0.000497408618685, 0.000675281044096, 0.000444500183221, 0.000188666090253, 4.02975274483e-05, 9.70463020167e-07, 2.10576558857e-06, 2.63446366944e-07, 1.14259492534e-07, 2.54851908466e-08],
        "dvar": [1.04908357557e-08, 0.000119142743642, 9.71764748101e-05, 8.84744440555e-06, 6.56577640257e-06, 2.14035182466e-07, 3.47746038187e-07, 1.96985354251e-07, 2.26749489229e-06, 4.99267798659e-07, 5.01438073286e-08, 8.61225188942e-08, 1.27286439167e-08, 1.41315524615e-06, 6.05256502695e-07, 1.2607415556e-06, 7.00453256286e-07, 1.35754532948e-07, 4.1481905555e-07, 1.00644498957e-07, 1.94609413029e-08, 1.22662857649e-09, 7.12878540921e-13, 3.28474075197e-12, 1.82469382486e-13, 6.58549007427e-14, 3.67299100206e-14],
        "dvar2": [2.35432331408e-08, 0.000334643234964, 0.000238203268964, 2.49493841693e-05, 1.84038926818e-05, 6.01401382028e-07, 9.54706592893e-07, 5.42789450719e-07, 6.47029628453e-06, 1.12809311759e-06, 1.29520628889e-07, 2.59503423194e-07, 3.54618521214e-08, 3.43108354173e-06, 1.57771194154e-06, 1.64541279446e-06, 1.76258743068e-06, 3.68299936326e-07, 1.07096093416e-06, 2.10786012644e-07, 4.31013447155e-08, 3.17886095225e-09, 1.53899126516e-12, 6.03300742696e-12, 3.71657674254e-13, 1.10280274496e-13, 4.45498537149e-14],
        "max": [0.00122923497111, 0.073575809598, 0.0632561519742, 0.0314483009279, 0.0251949075609, 0.00432229600847, 0.00696008373052, 0.00750544760376, 0.0255564358085, 0.00838741846383, 0.00221072649583, 0.00349703640677, 0.00125301163644, 0.0193752087653, 0.0120955277234, 0.0251093413681, 0.0106143169105, 0.00496351905167, 0.00922886375338, 0.00576865533367, 0.00241944706067, 0.000508675526362, 1.3367183783e-05, 3.40075857821e-05, 8.32765636005e-06, 4.40627582066e-06, 3.88998705603e-06],
        "mean": [7.58280511945e-05, 0.0203165821731, 0.0155112771317, 0.00225481181405, 0.00213770661503, 0.000447868049378, 0.000413047149777, 0.000253372912994, 0.000617249344941, 0.000537012529094, 0.000190200167708, 0.000257312902249, 8.93776668818e-05, 0.000493993167765, 0.000441426818725, 0.000858287094161, 0.00132860755548, 0.000636136916, 0.000971489294898, 0.000717048591468, 0.000306331465254, 5.87659596931e-05, 1.81303209956e-06, 3.63382878277e-06, 4.31403265111e-07, 1.44601557395e-07, 3.15569899101e-08],
        "median": [4.00309436372e-05, 0.0164825264364, 0.0110044367611, 0.00109520344995, 0.00119418615941, 0.00027904327726, 0.000163659395184, 0.000117359340948, 0.000303983775666, 0.000307117210468, 0.00012063208851, 0.000181155264727, 5.67524475628e-05, 0.000248902942985, 0.000241359521169, 0.000551972014364, 0.000989679712802, 0.000486779637868, 0.000690005428623, 0.000537924002856, 0.000229137731367, 4.41628071712e-05, 1.39188477988e-06, 2.79014989246e-06, 3.17603195299e-07, 8.47483434541e-08, 1.28548096612e-08],
        "min": [1.88034121607e-07, 0.00029256590642, 6.51396549074e-05, 1.86390643648e-05, 3.49905749317e-05, 1.17986755868e-05, 5.22666232428e-06, 7.4692702583e-06, 1.26811428345e-05, 9.79407741397e-06, 7.66661014495e-06, 2.0297449737e-05, 3.04045533994e-06, 1.18372790894e-05, 1.21786433738e-05, 8.03137572802e-06, 1.77685105882e-05, 6.88094314683e-06, 1.58304828801e-05, 7.63174648455e-06, 6.76882109474e-06, 1.83192003078e-06, 1.41959162647e-07, 3.29987187797e-07, 4.81465143309e-08, 1.2946021144e-08, 4.96924501547e-09],
        "var": [1.19698917445e-08, 0.000223145572818, 0.000187524667126, 1.05117524072e-05, 7.3606688602e-06, 2.71608342928e-07, 4.93876314067e-07, 2.09854491118e-07, 1.75809111624e-06, 6.45216744033e-07, 6.13029840224e-08, 8.49282031368e-08, 1.23601875401e-08, 1.37489917051e-06, 7.33003901132e-07, 3.11277676701e-06, 1.56245982907e-06, 3.52816897475e-07, 1.00587988072e-06, 4.61562649434e-07, 8.59835225242e-08, 3.56914453548e-09, 2.62499657427e-12, 1.27186238971e-11, 4.16826973328e-13, 1.22059697419e-13, 4.42011065336e-14]
    },
    "erbbands": {
        "dmean": [0.188470289111, 3.4260725975, 12.2872371674, 7.11986541748, 6.39764356613, 5.67563819885, 3.10131287575, 2.85991215706, 2.03303599358, 6.61163806915, 5.30825376511, 11.0328922272, 11.3174057007, 8.7829914093, 5.99034738541, 6.16394329071, 2.93539166451, 12.0703687668, 18.4657287598, 22.7758846283, 25.2488880157, 38.770160675, 15.4744052887, 22.8857059479, 16.9093170166, 14.9493846893, 5.34960174561, 3.42026877403, 1.1713488102, 0.12916944921, 0.0217137802392, 0.0324342064559, 0.0187482628971, 0.00464247353375, 0.000498280220199, 0.000398272502935, 0.000116291856102, 1.69403992913e-05, 9.55703217187e-06, 1.97294739337e-05],
        "dmean2": [0.313730567694, 5.78849124908, 20.1218566895, 11.8069972992, 11.0809879303, 9.84720516205, 5.31043052673, 5.02255010605, 3.50519800186, 11.0066642761, 8.85987567902, 18.8098545074, 18.7515296936, 14.8321247101, 10.1450223923, 10.5407648087, 4.78280973434, 19.7742977142, 29.5029258728, 38.2304382324, 38.6217155457, 64.9948425293, 25.3565216064, 36.7653045654, 27.1160430908, 23.2880687714, 8.50218582153, 5.30383872986, 1.83830988407, 0.204998418689, 0.0320127606392, 0.0495765656233, 0.0306986421347, 0.00794006045908, 0.00079536047997, 0.000599946535658, 0.000191387531231, 2.57336359937e-05, 1.53208166012e-05, 3.30164548359e-05],
        "dvar": [0.0348419398069, 8.82707977295, 118.249443054, 65.3665924072, 87.9921417236, 95.2622528076, 23.4139881134, 14.7886629105, 14.2818384171, 139.937591553, 144.568527222, 1263.97644043, 352.130706787, 373.637969971, 107.268157959, 109.60533905, 16.7441711426, 919.353881836, 1811.7434082, 6020.33886719, 3766.45507812, 2273.04052734, 334.497802734, 904.36895752, 716.828125, 280.508178711, 38.6591491699, 19.7686271667, 3.08583045006, 0.0390522629023, 0.000872074335348, 0.00209349673241, 0.000808084208984, 8.0819503637e-05, 2.88175920105e-06, 1.80666961569e-06, 1.75505221023e-07, 1.46195802131e-08, 7.37966021624e-10, 2.45680142896e-10],
        "dvar2": [0.0835006311536, 24.3914432526, 276.617279053, 183.576126099, 257.559875488, 262.660339355, 62.3783340454, 42.5331382751, 40.0780677795, 383.248931885, 276.62991333, 3565.04711914, 880.37701416, 773.983642578, 295.149505615, 321.775146484, 41.4040374756, 2200.64428711, 4432.60107422, 15920.8320312, 8221.88183594, 5749.74414062, 912.008972168, 2137.87597656, 1843.29699707, 629.678405762, 84.1052017212, 45.4458389282, 8.15654659271, 0.0963375717402, 0.00177960004658, 0.00442081736401, 0.00161416933406, 0.00017208828649, 4.99644102092e-06, 2.90130651592e-06, 3.21499356915e-07, 1.90550437651e-08, 9.89538784246e-10, 6.28224916532e-10],
        "max": [1.51304912567, 19.4109172821, 72.841178894, 74.4014434814, 80.9803695679, 106.699234009, 52.4993286133, 26.6646728516, 43.0106506348, 123.044593811, 213.457778931, 607.629638672, 182.515655518, 272.337402344, 115.741004944, 134.68057251, 37.3908462524, 453.261779785, 597.641540527, 1553.89562988, 1408.3112793, 543.866394043, 257.484313965, 429.40838623, 398.376312256, 324.189941406, 119.600700378, 68.9067687988, 28.1977710724, 3.3984143734, 0.473612368107, 0.760195851326, 0.578930318356, 0.158217415214, 0.0288729630411, 0.0274135321379, 0.00669649988413, 0.00242357305251, 0.000556295213755, 0.000114146598207],
        "mean": [0.287767112255, 5.63256835938, 19.5806884766, 10.4225330353, 7.65758895874, 7.22400188446, 4.12029838562, 3.68102288246, 3.0429930687, 9.00393104553, 7.55018615723, 13.7483987808, 15.4819936752, 13.0427923203, 9.12981796265, 9.58460426331, 5.22886419296, 17.0310935974, 28.2027244568, 33.8794517517, 49.8071708679, 75.2058792114, 37.4663238525, 51.3887634277, 42.7560310364, 37.0568847656, 14.3935337067, 8.8823595047, 2.73522043228, 0.334028720856, 0.0670802295208, 0.0890616774559, 0.0421306714416, 0.0110165886581, 0.00129935634322, 0.00084936991334, 0.000238995751715, 2.91096203e-05, 2.89850049739e-05, 5.65422415093e-05],
        "median": [0.212287440896, 4.53895425797, 14.7820615768, 7.22292852402, 4.3168926239, 3.96923327446, 2.4630253315, 2.20790171623, 1.51634061337, 3.40068554878, 3.89944815636, 6.78425836563, 8.69677734375, 6.72798871994, 5.79715871811, 6.89173030853, 3.86005496979, 9.33132743835, 14.8742818832, 19.0668334961, 34.2645835876, 55.9442863464, 28.4833431244, 37.1534957886, 30.1088676453, 28.6632976532, 11.2946329117, 6.92658662796, 2.03806734085, 0.258776634932, 0.0515060648322, 0.0691473782063, 0.0308675654233, 0.00812859553844, 0.000894778815564, 0.000533088168595, 0.000136873131851, 1.24315283756e-05, 2.66980423476e-05, 5.61463784834e-05],
        "min": [0.00703447498381, 0.058066368103, 0.166364595294, 0.179485604167, 0.0571278966963, 0.137426510453, 0.0955871194601, 0.0876026526093, 0.10404843837, 0.120263814926, 0.181132167578, 0.315131545067, 0.422616243362, 0.549172103405, 0.619156658649, 0.671665549278, 0.21762919426, 0.612800002098, 0.599000871181, 1.107899189, 0.371322125196, 1.02692365646, 0.581940591335, 0.580116391182, 0.729977250099, 0.486386239529, 0.322326123714, 0.182224497199, 0.0957192480564, 0.0175152700394, 0.00489149196073, 0.00750426249579, 0.00363591662608, 0.000838198640849, 0.000177941212314, 0.000121804041555, 3.74175979232e-05, 3.69946519641e-06, 8.50629203342e-06, 1.41216705742e-05],
        "var": [0.0625444352627, 16.6909732819, 248.18119812, 96.458404541, 92.1050415039, 105.495506287, 27.2513217926, 19.6464939117, 18.5748653412, 246.201583862, 215.764938354, 980.602294922, 446.509796143, 481.126678467, 131.402069092, 112.309959412, 24.3735160828, 964.510070801, 2914.12524414, 6589.29296875, 6866.20117188, 5040.46923828, 1174.41113281, 2490.99194336, 2036.19494629, 1195.84680176, 194.118179321, 70.9115371704, 8.20123100281, 0.110010847449, 0.00368607556447, 0.00744984019548, 0.00206145807169, 0.000188541278476, 5.0302096497e-06, 3.51009612132e-06, 3.14130573997e-07, 1.8045115624e-08, 9.17489417773e-10, 4.67739125209e-10]
    },
    "gfcc": {
        "mean": [-18.6688289642, 144.966064453, -155.605209351, 82.0108642578, -19.3865852356, -5.29030656815, -1.93614912033, 6.299284935, -10.6466283798, -11.0047626495, -12.1159629822, -17.3710269928, 3.93690848351],
        "cov": [[794.484130859, -152.449172974, -327.49508667, -103.418029785, -181.093231201, -26.3912563324, -79.2023010254, 52.8182220459, -3.15860462189, 57.3071327209, -54.6448822021, -8.36003684998, -30.264415741], [-152.449172974, 337.239715576, 215.368591309, -53.9481887817, 1.79768407345, -66.5490112305, 5.4266667366, -60.3240318298, 3.50724434853, -41.0961647034, 34.9756546021, -15.317448616, 21.5861377716], [-327.49508667, 215.368591309, 334.511535645, 43.1278800964, 105.719718933, -28.1765384674, 15.9938173294, -63.8993606567, -12.8464899063, -46.6240234375, 32.8312416077, -0.764024436474, 20.4899272919], [-103.418029785, -53.9481887817, 43.1278800964, 133.633605957, 82.3731918335, 17.4207820892, 10.4131183624, -18.7624454498, -9.19257545471, -18.8855934143, 6.18543434143, -0.785166203976, 4.51191043854], [-181.093231201, 1.79768407345, 105.719718933, 82.3731918335, 136.256378174, 47.6115570068, 23.0401935577, -28.7616825104, -4.36688518524, -14.8311271667, 11.4336366653, -1.01137197018, 8.38146209717], [-26.3912563324, -66.5490112305, -28.1765384674, 17.4207820892, 47.6115570068, 65.4945602417, 30.6720809937, 16.731212616, 4.65472888947, 7.31454181671, -5.2691321373, -1.04855191708, -1.25977396965], [-79.2023010254, 5.4266667366, 15.9938173294, 10.4131183624, 23.0401935577, 30.6720809937, 65.0040435791, 32.8225250244, 18.1846446991, -7.65296411514, 3.17924594879, -1.99782049656, 3.06984257698], [52.8182220459, -60.3240318298, -63.8993606567, -18.7624454498, -28.7616825104, 16.731212616, 32.8225250244, 68.8582763672, 31.6363964081, 16.0154438019, -9.56205272675, -1.28151166439, -5.61202716827], [-3.15860462189, 3.50724434853, -12.8464899063, -9.19257545471, -4.36688518524, 4.65472888947, 18.1846446991, 31.6363964081, 46.0595550537, 23.7986755371, 6.66463041306, -4.28663444519, -1.01346051693], [57.3071327209, -41.0961647034, -46.6240234375, -18.8855934143, -14.8311271667, 7.31454181671, -7.65296411514, 16.0154438019, 23.7986755371, 48.0992240906, 12.2958984375, 5.94806575775, -3.52699351311], [-54.6448822021, 34.9756546021, 32.8312416077, 6.18543434143, 11.4336366653, -5.2691321373, 3.17924594879, -9.56205272675, 6.66463041306, 12.2958984375, 39.9650650024, 19.6415557861, 12.2499551773], [-8.36003684998, -15.317448616, -0.764024436474, -0.785166203976, -1.01137197018, -1.04855191708, -1.99782049656, -1.28151166439, -4.28663444519, 5.94806575775, 19.6415557861, 40.7054901123, 21.6355571747], [-30.264415741, 21.5861377716, 20.4899272919, 4.51191043854, 8.38146209717, -1.25977396965, 3.06984257698, -5.61202716827, -1.01346051693, -3.52699351311, 12.2499551773, 21.6355571747, 36.8428230286]],
        "icov": [[0.00313391606323, -0.00237983255647, 0.00261170580052, -0.00133041827939, 0.00119681027718, -0.000836696475744, 0.00361301680095, -0.00344255566597, 0.00331125990488, -0.00394916208461, 0.00407208688557, -0.00166267273016, 0.000888301932719], [-0.00237983255647, 0.0211781002581, -0.00828136783093, 0.0140059459955, 0.000880030333064, 0.0103933745995, -0.0111490786076, 0.0200083274394, -0.0172569025308, 0.0190966390073, -0.0190684497356, 0.0179878436029, -0.0102104246616], [0.00261170580052, -0.00828136783093, 0.0127844391391, -0.00142657954711, -0.0103440275416, 0.00741323735565, 0.00101017905399, -0.00588043965399, 0.00727884797379, -0.00455989921466, 0.00473163416609, -0.00487768789753, 0.00274373474531], [-0.00133041827939, 0.0140059459955, -0.00142657954711, 0.0238692443818, -0.0137439137325, 0.0155354617164, -0.00833061523736, 0.0108502870426, -0.00894350931048, 0.016211476177, -0.015193246305, 0.0130059802905, -0.00670399563387], [0.00119681027718, 0.000880030333064, -0.0103440275416, -0.0137439137325, 0.038053881377, -0.0318652912974, 0.00465356232598, 0.0121010588482, -0.0101734111086, 0.00220630900003, 0.000291235686745, -0.00056490721181, -0.000221337861149], [-0.000836696475744, 0.0103933745995, 0.00741323735565, 0.0155354617164, -0.0318652912974, 0.0596960261464, -0.0271908566356, 0.00356745044701, 0.00768971815705, -0.00649616122246, -0.00054477842059, 0.00904101040214, -0.0062412484549], [0.00361301680095, -0.0111490786076, 0.00101017905399, -0.00833061523736, 0.00465356232598, -0.0271908566356, 0.0498188585043, -0.0315365977585, 0.000135196605697, 0.00941461045295, -0.00306782126427, -0.00451912498102, 0.00359414238483], [-0.00344255566597, 0.0200083274394, -0.00588043965399, 0.0108502870426, 0.0121010588482, 0.00356745044701, -0.0315365977585, 0.0656189545989, -0.04053189978, 0.0160550884902, -0.00320683280006, 0.00489121256396, -0.00400104140863], [0.00331125990488, -0.0172569025308, 0.00727884797379, -0.00894350931048, -0.0101734111086, 0.00768971815705, 0.000135196605697, -0.04053189978, 0.0709856897593, -0.0439409017563, 0.010036113672, 0.00220794999041, -0.000617313489784], [-0.00394916208461, 0.0190966390073, -0.00455989921466, 0.016211476177, 0.00220630900003, -0.00649616122246, 0.00941461045295, 0.0160550884902, -0.0439409017563, 0.0718665644526, -0.0396268218756, 0.0120843211189, -0.00119463528972], [0.00407208688557, -0.0190684497356, 0.00473163416609, -0.015193246305, 0.000291235686745, -0.00054477842059, -0.00306782126427, -0.00320683280006, 0.010036113672, -0.0396268218756, 0.0722844675183, -0.039726998657, 0.0092063723132], [-0.00166267273016, 0.0179878436029, -0.00487768789753, 0.0130059802905, -0.00056490721181, 0.00904101040214, -0.00451912498102, 0.00489121256396, 0.00220794999041, 0.0120843211189, -0.039726998657, 0.0671288818121, -0.0342198833823], [0.000888301932719, -0.0102104246616, 0.00274373474531, -0.00670399563387, -0.000221337861149, -0.0062412484549, 0.00359414238483, -0.00400104140863, -0.000617313489784, -0.00119463528972, 0.0092063723132, -0.0342198833823, 0.0489802621305]]
    },
    "melbands": {
        "dmean": [0.00263255136088, 0.00535244960338, 0.00118802580982, 0.000432385568274, 0.000129083113279, 6.15671815467e-05, 4.09942622355e-05, 6.29459682386e-05, 5.74092555325e-05, 6.68036882416e-05, 5.72486896999e-05, 3.92444053432e-05, 2.07657722058e-05, 2.15707132156e-05, 9.80607001111e-06, 9.27910150494e-06, 2.57583487837e-05, 3.49590627593e-05, 2.28420212807e-05, 3.27231755364e-05, 3.22446103382e-05, 4.18264644395e-05, 2.73016812571e-05, 1.35273967317e-05, 2.13690655073e-05, 1.48366434587e-05, 1.33631156132e-05, 9.17734450923e-06, 2.86818931272e-06, 4.33839568359e-06, 1.48968888425e-06, 8.10271785667e-07, 2.45102341978e-07, 2.0971624437e-08, 1.13020135473e-08, 2.01659045018e-08, 2.0316003102e-08, 1.31265522896e-08, 1.26253043575e-08, 2.29437491228e-09],
        "dmean2": [0.0044240639545, 0.00878727808595, 0.00199106545188, 0.000750299950596, 0.000218660396058, 0.000107578016468, 7.04938502167e-05, 0.000104327365989, 9.50047833612e-05, 0.000112972920761, 9.51620750129e-05, 6.5773325332e-05, 3.55045849574e-05, 3.78765762434e-05, 1.61265288625e-05, 1.54445679073e-05, 4.2482115532e-05, 5.83126529818e-05, 3.7779827835e-05, 4.96816610394e-05, 5.12237638759e-05, 7.02782490407e-05, 4.49368853879e-05, 2.24314517254e-05, 3.47816821886e-05, 2.42009773501e-05, 2.15500058403e-05, 1.45868007166e-05, 4.69396263725e-06, 6.9344455369e-06, 2.37310405282e-06, 1.29555553485e-06, 3.95388866536e-07, 3.32145013715e-08, 1.77233197007e-08, 3.13381072203e-08, 3.13652002149e-08, 2.10873789541e-08, 2.24354170797e-08, 3.75111630646e-09],
        "dvar": [5.41920189789e-06, 1.99124260689e-05, 1.63958429766e-06, 4.55325022131e-07, 4.4167222768e-08, 6.79498990408e-09, 5.97980687189e-09, 1.2225018331e-08, 1.88809430313e-08, 4.17398169361e-08, 8.80739126075e-09, 7.13249281858e-09, 1.25788635064e-09, 1.59105506548e-09, 1.52971163514e-10, 3.18171322622e-10, 5.30781907315e-09, 8.25427282081e-09, 4.08613010094e-09, 8.59865600944e-09, 5.04072783514e-09, 2.66979438557e-09, 1.04577857485e-09, 2.34594565995e-10, 8.35315372427e-10, 6.29258756213e-10, 3.05008712731e-10, 1.04104461163e-10, 1.54070142061e-11, 2.49534993363e-11, 4.29459159207e-12, 1.39614069004e-12, 1.49204230243e-13, 8.46782913716e-16, 2.1515093464e-16, 9.54996613744e-16, 7.77100424821e-16, 4.89336174645e-16, 4.40898410268e-16, 2.74130881004e-17],
        "dvar2": [1.48050457938e-05, 4.84627307742e-05, 4.45745081379e-06, 1.29492093492e-06, 1.17961313606e-07, 1.93322193809e-08, 1.6760774102e-08, 3.40848451685e-08, 4.13825702594e-08, 1.17706655089e-07, 2.20875708834e-08, 1.48829553126e-08, 3.39248051873e-09, 4.83436579657e-09, 3.74990649643e-10, 8.36342883836e-10, 1.25074341994e-08, 2.043270797e-08, 1.02891082321e-08, 1.66180704753e-08, 1.22954837423e-08, 6.85924561594e-09, 2.80331957647e-09, 5.70008040768e-10, 2.0140233925e-09, 1.7790907636e-09, 6.80368095196e-10, 2.49247622541e-10, 3.90070406531e-11, 5.60986639087e-11, 1.02479127614e-11, 3.7929711455e-12, 3.81241126992e-13, 1.91620833174e-15, 4.81674761637e-16, 2.28754164658e-15, 1.71606672828e-15, 9.77543148493e-16, 1.10239919305e-15, 6.01390348526e-17],
        "max": [0.0182472579181, 0.0299308728427, 0.011006237939, 0.00658037234098, 0.00215342198499, 0.000635171076283, 0.000932893890422, 0.00110086635686, 0.0024989398662, 0.00347665837035, 0.000925729924347, 0.00116660480853, 0.000394552771468, 0.000486954901135, 0.000125249833218, 0.000184003147297, 0.00118553813081, 0.00146917672828, 0.00117087678518, 0.00212474004366, 0.00152767216787, 0.000523535069078, 0.000471531500807, 0.00020091792976, 0.000388125423342, 0.00036093997187, 0.000325274042552, 0.000191535946215, 6.7407701863e-05, 8.29151977086e-05, 3.06859583361e-05, 1.84159707715e-05, 5.77134824198e-06, 4.5623315259e-07, 2.49240116545e-07, 5.96287407006e-07, 4.77236540064e-07, 4.98777353641e-07, 2.54474571193e-07, 1.12494269899e-07],
        "mean": [0.00413485616446, 0.00959063041955, 0.00186306098476, 0.000552596990019, 0.00017441813543, 8.00808120403e-05, 5.86226888117e-05, 8.73556709848e-05, 7.31185718905e-05, 8.44390960992e-05, 7.71633785916e-05, 5.50267432118e-05, 2.91362994176e-05, 2.91236046905e-05, 1.71301144292e-05, 1.29184854814e-05, 3.45073603967e-05, 4.91733844683e-05, 3.50248265022e-05, 5.15278843523e-05, 6.07972142461e-05, 8.03203365649e-05, 4.98646368214e-05, 2.89632062049e-05, 4.41818046966e-05, 3.25732580677e-05, 3.1209023291e-05, 2.14800384128e-05, 6.7257410592e-06, 1.01774076029e-05, 3.43949000126e-06, 1.73178932528e-06, 5.27491010871e-07, 4.88758828965e-08, 2.88021251293e-08, 5.00701418105e-08, 5.40683622319e-08, 3.02944229702e-08, 2.09277466467e-08, 5.62707658247e-09],
        "median": [0.00336977932602, 0.00818301271647, 0.00138955342118, 0.000316860765452, 0.000100816279883, 4.86215030833e-05, 2.63868787442e-05, 3.38428981195e-05, 3.61181191693e-05, 4.34570756624e-05, 4.34967259935e-05, 2.82921100734e-05, 1.83793890756e-05, 1.91601247934e-05, 1.22856145026e-05, 8.26091491035e-06, 1.78089394467e-05, 2.42365786107e-05, 1.98224879568e-05, 3.0970244552e-05, 4.06580002164e-05, 5.85631023569e-05, 3.53311588697e-05, 2.10289217648e-05, 3.10116993205e-05, 2.31933408941e-05, 2.20186338993e-05, 1.64434004546e-05, 5.12438600708e-06, 7.619437838e-06, 2.62270668827e-06, 1.25749522795e-06, 3.80723804483e-07, 3.76362443433e-08, 2.15304041262e-08, 3.67796175738e-08, 4.19714716315e-08, 2.20599343237e-08, 1.3349744421e-08, 4.17692502808e-09],
        "min": [7.79136607889e-05, 8.48653216963e-05, 3.32085655828e-05, 6.30275371805e-06, 4.22578204962e-06, 1.88954197711e-06, 1.48794617871e-06, 1.22691994875e-06, 1.77073502527e-06, 1.96865789803e-06, 1.63340939707e-06, 1.87608065971e-06, 1.7747330503e-06, 2.48419200943e-06, 8.13051826754e-07, 4.21231419523e-07, 1.11187250695e-06, 7.6733243759e-07, 1.00080967513e-06, 9.22349784105e-07, 2.8844894473e-07, 1.07959215256e-06, 8.08905383565e-07, 3.3454205095e-07, 4.79370953599e-07, 5.63911896734e-07, 3.26568226683e-07, 3.27420167423e-07, 1.45864106571e-07, 2.2259435184e-07, 7.68650565419e-08, 5.23329042323e-08, 2.98812388166e-08, 2.92346435948e-09, 1.82015358341e-09, 2.55758902945e-09, 4.52323645206e-09, 2.40738606827e-09, 7.54048434803e-10, 5.7855686908e-10],
        "var": [9.77128911472e-06, 4.46007179562e-05, 2.63411357082e-06, 4.96498728353e-07, 5.19616527583e-08, 9.10337671911e-09, 7.94725707465e-09, 2.21945839485e-08, 2.38298429878e-08, 3.31924887575e-08, 1.10558318056e-08, 9.0596810054e-09, 1.4657581815e-09, 1.44124778778e-09, 2.72267181023e-10, 2.94255397826e-10, 5.32436938983e-09, 1.13862794748e-08, 5.12569586775e-09, 1.47586884935e-08, 8.65714255838e-09, 5.64934499181e-09, 2.40532327389e-09, 7.71436914349e-10, 1.96155158783e-09, 1.2036306396e-09, 1.01921349138e-09, 3.9773345728e-10, 4.96084943957e-11, 1.00115409019e-10, 1.11486063437e-11, 3.45921121608e-12, 3.21548804293e-13, 2.3504243138e-15, 6.96039848225e-16, 2.62377052796e-15, 2.66961173931e-15, 1.12699332407e-15, 6.94813503336e-16, 6.34669809802e-17]
    },
    "mfcc": {
        "mean": [-641.553771973, 148.043487549, -47.4891929626, 81.9423980713, 8.44440078735, 11.9099063873, 18.1707954407, 10.4651451111, 20.5520324707, 6.31170368195, -2.42107868195, 4.390147686, -8.65194129944],
        "cov": [[1063.4921875, -259.805450439, -285.829406738, -172.591293335, -164.899200439, -129.161804199, -111.272422791, -71.5794067383, 14.995634079, 40.6163749695, 10.4856185913, -15.8787755966, -21.3152103424], [-259.805450439, 385.301300049, 191.023895264, 7.05367183685, 1.22901129723, -13.5568284988, -9.22354984283, -18.7846679688, -33.0958747864, -31.2795581818, -10.2799081802, -0.426655590534, 0.855874836445], [-285.829406738, 191.023895264, 182.03565979, 69.8275222778, 41.8821220398, 12.4242286682, 14.8298082352, 3.4180457592, -21.7134628296, -30.2915821075, -15.7387342453, 3.62202143669, 7.94360351562], [-172.591293335, 7.05367183685, 69.8275222778, 120.858406067, 68.1765136719, 38.9907188416, 26.1507930756, 13.7963905334, -10.8896522522, -20.6925029755, -14.3498477936, 4.73922586441, 3.05589199066], [-164.899200439, 1.22901129723, 41.8821220398, 68.1765136719, 105.554962158, 68.9913787842, 30.9432926178, 5.58681631088, -8.42371845245, -9.50152111053, -6.9854221344, -2.66233301163, -1.92171430588], [-129.161804199, -13.5568284988, 12.4242286682, 38.9907188416, 68.9913787842, 82.3165512085, 40.3682365417, 11.5194196701, -3.76775979996, -3.10299825668, -2.03837752342, -4.57189846039, -3.01759290695], [-111.272422791, -9.22354984283, 14.8298082352, 26.1507930756, 30.9432926178, 40.3682365417, 56.5010070801, 32.9936752319, 8.80412864685, -2.44627022743, -1.07320058346, 1.34808683395, -1.02380204201], [-71.5794067383, -18.7846679688, 3.4180457592, 13.7963905334, 5.58681631088, 11.5194196701, 32.9936752319, 55.8831367493, 26.866853714, 4.72718095779, 1.54164135456, 3.04918789864, 5.8082780838], [14.995634079, -33.0958747864, -21.7134628296, -10.8896522522, -8.42371845245, -3.76775979996, 8.80412864685, 26.866853714, 50.721446991, 27.0461921692, 11.8521060944, 1.80599761009, 1.62611925602], [40.6163749695, -31.2795581818, -30.2915821075, -20.6925029755, -9.50152111053, -3.10299825668, -2.44627022743, 4.72718095779, 27.0461921692, 49.9135246277, 25.5196056366, 0.208745911717, -4.07543134689], [10.4856185913, -10.2799081802, -15.7387342453, -14.3498477936, -6.9854221344, -2.03837752342, -1.07320058346, 1.54164135456, 11.8521060944, 25.5196056366, 42.3594436646, 16.2524108887, -1.04122900963], [-15.8787755966, -0.426655590534, 3.62202143669, 4.73922586441, -2.66233301163, -4.57189846039, 1.34808683395, 3.04918789864, 1.80599761009, 0.208745911717, 16.2524108887, 36.5771064758, 15.8613109589], [-21.3152103424, 0.855874836445, 7.94360351562, 3.05589199066, -1.92171430588, -3.01759290695, -1.02380204201, 5.8082780838, 1.62611925602, -4.07543134689, -1.04122900963, 15.8613109589, 40.1987075806]],
