{
"lowlevel": {
    "average_loudness": 0.989431202412,
    "barkbands_crest": {
        "dmean": 0.953413188457,
        "dmean2": 1.61076509953,
        "dvar": 0.545484006405,
        "dvar2": 1.68765425682,
        "max": 9.38147640228,
        "mean": 5.66895103455,
        "median": 5.56722688675,
        "min": 3.37773323059,
        "var": 1.15526628494
    },
    "barkbands_flatness_db": {
        "dmean": 0.00914175342768,
        "dmean2": 0.0154697913677,
        "dvar": 8.68535789778e-05,
        "dvar2": 0.000195639906451,
        "max": 0.170745536685,
        "mean": 0.141591250896,
        "median": 0.139457136393,
        "min": 0.0808223709464,
        "var": 0.00019857584266
    },
    "barkbands_kurtosis": {
        "dmean": 0.549652934074,
        "dmean2": 0.992659330368,
        "dvar": 0.255339384079,
        "dvar2": 0.787347197533,
        "max": 2.639752388,
        "mean": -0.774308383465,
        "median": -1.01829361916,
        "min": -1.79883420467,
        "var": 0.679471254349
    },
    "barkbands_skewness": {
        "dmean": 0.264795362949,
        "dmean2": 0.474029451609,
        "dvar": 0.0376733653247,
        "dvar2": 0.122840963304,
        "max": 0.0425690338016,
        "mean": -0.817055761814,
        "median": -0.803635656834,
        "min": -1.81319701672,
        "var": 0.130928218365
    },
    "barkbands_spread": {
        "dmean": 4.89616441727,
        "dmean2": 8.92984008789,
        "dvar": 16.9955329895,
        "dvar2": 57.1735153198,
        "max": 50.5038833618,
        "mean": 36.3485221863,
        "median": 36.6320991516,
        "min": 16.7985916138,
        "var": 46.4919700623
    },
    "dissonance": {
        "dmean": 0.00241677765734,
        "dmean2": 0.00429999828339,
        "dvar": 4.40722305939e-06,
        "dvar2": 1.24804591906e-05,
        "max": 0.49933513999,
        "mean": 0.495329469442,
        "median": 0.495806992054,
        "min": 0.486818343401,
        "var": 5.70531392441e-06
    },
    "dynamic_complexity": 0.274517446756,
    "erbbands_crest": {
        "dmean": 1.79997158051,
        "dmean2": 3.10004496574,
        "dvar": 1.93749654293,
        "dvar2": 5.7332367897,
        "max": 14.3791446686,
        "mean": 8.70635986328,
        "median": 8.45167541504,
        "min": 5.71072626114,
        "var": 2.7707734108
    },
    "erbbands_flatness_db": {
        "dmean": 0.00993741117418,
        "dmean2": 0.0169025808573,
        "dvar": 7.25237841834e-05,
        "dvar2": 0.000181618874194,
        "max": 0.271732062101,
        "mean": 0.241843223572,
        "median": 0.241245523095,
        "min": 0.187232553959,
        "var": 0.000195172993699
    },
    "erbbands_kurtosis": {
        "dmean": 1.67622196674,
        "dmean2": 2.95794868469,
        "dvar": 2.09515357018,
        "dvar2": 5.79613351822,
        "max": 12.6920585632,
        "mean": 7.38735055923,
        "median": 7.38721084595,
        "min": 1.67966651917,
        "var": 3.79836916924
    },
    "erbbands_skewness": {
        "dmean": 0.272253274918,
        "dmean2": 0.460639774799,
        "dvar": 0.0403439886868,
        "dvar2": 0.118454575539,
        "max": -1.08219468594,
        "mean": -2.19809913635,
        "median": -2.22738909721,
        "min": -3.01348853111,
        "var": 0.111583732069
    },
    "erbbands_spread": {
        "dmean": 2.17941021919,
        "dmean2": 3.81038832664,
        "dvar": 2.89494848251,
        "dvar2": 8.91781997681,
        "max": 21.5092353821,
        "mean": 13.7866172791,
        "median": 13.3713512421,
        "min": 8.42671203613,
        "var": 7.46756362915
    },
    "hfc": {
        "dmean": 4.86371231079,
        "dmean2": 8.1657371521,
        "dvar": 15.5576791763,
        "dvar2": 41.7666778564,
        "max": 50.6382637024,
        "mean": 38.3765830994,
        "median": 38.549949646,
        "min": 18.0630836487,
        "var": 34.0884895325
    },
    "melbands_crest": {
        "dmean": 2.18795108795,
        "dmean2": 3.98368811607,
        "dvar": 2.78696894646,
        "dvar2": 8.57399463654,
        "max": 17.6076622009,
        "mean": 10.136797905,
        "median": 9.77746582031,
        "min": 3.77512168884,
        "var": 9.6450586319
    },
    "melbands_flatness_db": {
        "dmean": 0.0100736021996,
        "dmean2": 0.0178395733237,
        "dvar": 5.97192956775e-05,
        "dvar2": 0.000180966948392,
        "max": 0.179782301188,
        "mean": 0.143786773086,
        "median": 0.145155489445,
        "min": 0.106925204396,
        "var": 0.000201988266781
    },
    "melbands_kurtosis": {
        "dmean": 0.293918788433,
        "dmean2": 0.519440829754,
        "dvar": 0.0715868249536,
        "dvar2": 0.217057332397,
        "max": 0.465862035751,
        "mean": -1.35114002228,
        "median": -1.46577775478,
        "min": -1.80235660076,
        "var": 0.17116111517
    },
    "melbands_skewness": {
        "dmean": 0.286660909653,
        "dmean2": 0.514578044415,
        "dvar": 0.0448985993862,
        "dvar2": 0.145981520414,
        "max": 1.45485758781,
        "mean": 0.455510944128,
        "median": 0.47046995163,
        "min": -0.660696387291,
        "var": 0.15764285624
    },
    "melbands_spread": {
        "dmean": 5.95333337784,
        "dmean2": 10.4929933548,
        "dvar": 18.8376350403,
        "dvar2": 57.0537414551,
        "max": 102.648338318,
        "mean": 87.8522109985,
        "median": 88.9560012817,
        "min": 63.3164978027,
        "var": 55.3356399536
    },
    "pitch_salience": {
        "dmean": 0.0383411087096,
        "dmean2": 0.0686728358269,
        "dvar": 0.00089736666996,
        "dvar2": 0.0026043553371,
        "max": 0.778896033764,
        "mean": 0.673941731453,
        "median": 0.674103558064,
        "min": 0.557525157928,
        "var": 0.00195963750593
    },
    "silence_rate_20dB": {
        "dmean": 0,
        "dmean2": 0,
        "dvar": 0,
        "dvar2": 0,
        "max": 1,
        "mean": 1,
        "median": 1,
        "min": 1,
        "var": 0
    },
    "silence_rate_30dB": {
        "dmean": 0,
        "dmean2": 0,
        "dvar": 0,
        "dvar2": 0,
        "max": 1,
        "mean": 1,
        "median": 1,
        "min": 1,
        "var": 0
    },
    "silence_rate_60dB": {
        "dmean": 0,
        "dmean2": 0,
        "dvar": 0,
        "dvar2": 0,
        "max": 0,
        "mean": 0,
        "median": 0,
        "min": 0,
        "var": 0
    },
    "spectral_centroid": {
        "dmean": 84.1785736084,
        "dmean2": 145.978408813,
        "dvar": 3431.84228516,
        "dvar2": 10211.0927734,
        "max": 3118.26000977,
        "mean": 2840.32202148,
        "median": 2844.57495117,
        "min": 2588.20117188,
        "var": 9735.9375
    },
    "spectral_complexity": {
        "dmean": 3.51176476479,
        "dmean2": 6,
        "dvar": 7.10869216919,
        "dvar2": 18.2011833191,
        "max": 48,
        "mean": 38.2456130981,
        "median": 39,
        "min": 22,
        "var": 17.9747657776
    },
    "spectral_decrease": {
        "dmean": 4.53081516749e-10,
        "dmean2": 7.70129460204e-10,
        "dvar": 1.18968915558e-19,
        "dvar2": 3.02077855254e-19,
        "max": -1.78315673338e-09,
        "mean": -4.05609767995e-09,
        "median": -4.07732958507e-09,
        "min": -4.92867924251e-09,
        "var": 2.34849242107e-19
    },
    "spectral_energy": {
        "dmean": 0.00205918261781,
        "dmean2": 0.00343754305504,
        "dvar": 2.4667353955e-06,
        "dvar2": 6.34454272586e-06,
        "max": 0.0225680749863,
        "mean": 0.0187895260751,
        "median": 0.0188987292349,
        "min": 0.00865581817925,
        "var": 4.80258631796e-06
    },
    "spectral_energyband_high": {
        "dmean": 0.000177402951522,
        "dmean2": 0.000302880303934,
        "dvar": 1.7901106375e-08,
        "dvar2": 5.15550446778e-08,
        "max": 0.00130315020215,
        "mean": 0.000748591031879,
        "median": 0.000735269393772,
        "min": 0.000215053209104,
        "var": 3.1248735155e-08
    },
    "spectral_energyband_low": {
        "dmean": 0.000677205738612,
        "dmean2": 0.00123249588069,
        "dvar": 6.50163372029e-07,
        "dvar2": 2.12823897527e-06,
        "max": 0.00663231546059,
        "mean": 0.00178694154602,
        "median": 0.00123053987045,
        "min": 0.000286141526885,
        "var": 2.08928372558e-06
    },
    "spectral_energyband_middle_high": {
        "dmean": 0.00180252385326,
        "dmean2": 0.00300848367624,
        "dvar": 1.86112367828e-06,
        "dvar2": 5.26085614183e-06,
        "max": 0.0173526313156,
        "mean": 0.0127913216129,
        "median": 0.0127930333838,
        "min": 0.00633233692497,
        "var": 4.10188386013e-06
    },
    "spectral_energyband_middle_low": {
        "dmean": 0.000907562207431,
        "dmean2": 0.00160314259119,
        "dvar": 5.55666531454e-07,
        "dvar2": 1.57062072503e-06,
        "max": 0.00777118094265,
        "mean": 0.00380323268473,
        "median": 0.00364354904741,
        "min": 0.000344458501786,
        "var": 2.12402073885e-06
    },
    "spectral_entropy": {
        "dmean": 0.058912564069,
        "dmean2": 0.0995038747787,
        "dvar": 0.00518899224699,
        "dvar2": 0.00938397180289,
        "max": 8.29407310486,
        "mean": 7.52716732025,
        "median": 7.52408695221,
        "min": 7.37806940079,
        "var": 0.00774632161483
    },
    "spectral_flux": {
        "dmean": 0.00651917327195,
        "dmean2": 0.0104204434901,
        "dvar": 2.02448409254e-05,
        "dvar2": 5.90264316997e-05,
        "max": 0.0961798503995,
        "mean": 0.0757220387459,
        "median": 0.0750666633248,
        "min": 0.0577394962311,
        "var": 5.04002091475e-05
    },
    "spectral_kurtosis": {
        "dmean": 3.94493865967,
        "dmean2": 7.14796590805,
        "dvar": 9.6241235733,
        "dvar2": 34.4752922058,
        "max": 20.6220111847,
        "mean": 8.58231258392,
        "median": 8.18665599823,
        "min": 2.98481416702,
        "var": 13.9687900543
    },
    "spectral_rms": {
        "dmean": 0.00023645813053,
        "dmean2": 0.00039282781654,
        "dvar": 3.69983901294e-08,
        "dvar2": 8.66944205313e-08,
        "max": 0.00469229510054,
        "mean": 0.00427343603224,
        "median": 0.00429392419755,
        "min": 0.00290597672574,
        "var": 6.89792827302e-08
    },
    "spectral_rolloff": {
        "dmean": 105.639358521,
        "dmean2": 182.331436157,
        "dvar": 8009.35644531,
        "dvar2": 22942.6972656,
        "max": 3703.7109375,
        "mean": 3339.40942383,
        "median": 3337.64648438,
        "min": 3057.71484375,
        "var": 12101.3564453
    },
    "spectral_skewness": {
        "dmean": 0.373358339071,
        "dmean2": 0.669544756413,
        "dvar": 0.0867021009326,
        "dvar2": 0.288329392672,
        "max": 2.86995005608,
        "mean": 0.929282009602,
        "median": 0.871088147163,
        "min": 0.332428097725,
        "var": 0.141019225121
    },
    "spectral_spread": {
        "dmean": 196819.734375,
        "dmean2": 302644.46875,
        "dvar": 647636779008,
        "dvar2": 672896974848,
        "max": 12295060,
        "mean": 1927623.5,
        "median": 1857352.125,
        "min": 1559778.375,
        "var": 653260357632
    },
    "spectral_strongpeak": {
        "dmean": 0.725271999836,
        "dmean2": 1.34280848503,
        "dvar": 1.42354226112,
        "dvar2": 3.94456958771,
        "max": 5.51093292236,
        "mean": 0.793423950672,
        "median": 0.429387927055,
        "min": 0.0573608092964,
        "var": 1.20593559742
    },
    "zerocrossingrate": {
        "dmean": 0.00402688421309,
        "dmean2": 0.00533353351057,
        "dvar": 4.27099985245e-05,
        "dvar2": 5.50760742044e-05,
        "max": 0.12353515625,
        "mean": 0.108161434531,
        "median": 0.109375,
        "min": 0.05517578125,
        "var": 7.07457729732e-05
    },
    "barkbands": {
        "dmean": [3.32566492034e-06, 0.000615638215095, 0.000246480252827, 0.000305792549625, 0.000804807408713, 7.00102755218e-05, 6.69656510581e-05, 2.45911451202e-05, 0.000129714026116, 7.80403643148e-05, 6.36067852611e-05, 0.000183933298104, 3.74550727429e-05, 0.000283249479253, 0.000307988055283, 0.000811523175798, 0.000994114088826, 0.000724105862901, 0.000994725502096, 0.000364113948308, 0.000103238060547, 1.52439197336e-05, 8.06451566859e-07, 2.41416228164e-06, 6.11654513705e-07, 2.78137605392e-07, 6.08800476698e-08],
        "dmean2": [5.63915455132e-06, 0.00119028519839, 0.000432049564552, 0.00048898573732, 0.00145721412264, 0.000123637684737, 0.000114985414257, 4.1557901568e-05, 0.000214904925087, 0.000132940695039, 0.000105732404336, 0.00030662905192, 6.35729375063e-05, 0.000493573083077, 0.000510382989887, 0.00138770823833, 0.00169321289286, 0.00119949912187, 0.00168472796213, 0.000619110709522, 0.000174224071088, 2.56959283433e-05, 1.38164455166e-06, 4.19232128479e-06, 9.80786808213e-07, 4.6612353799e-07, 7.47039266003e-08],
        "dvar": [2.05870320791e-11, 4.55413044165e-07, 1.07881199085e-07, 1.25114524963e-07, 4.53514417131e-07, 6.54603660166e-09, 5.29995070053e-09, 6.22500939684e-10, 1.21739649472e-08, 5.44968870031e-09, 3.6944580728e-09, 2.55207641686e-08, 1.22632271005e-09, 7.4783912396e-08, 5.72026905843e-08, 3.63340944887e-07, 6.09302219345e-07, 3.76856974071e-07, 5.27549389062e-07, 9.26088716824e-08, 6.86530121641e-09, 1.89718463162e-10, 4.11852247185e-13, 3.33044529455e-12, 3.36545570058e-13, 1.36324342114e-13, 1.70081735696e-13],
        "dvar2": [3.12421720439e-11, 1.58666432526e-06, 2.91279519615e-07, 2.38867784219e-07, 1.50942810251e-06, 2.03975236701e-08, 1.74904251082e-08, 1.53001644687e-09, 3.3061663629e-08, 1.50721746195e-08, 9.52068379689e-09, 6.95873865197e-08, 3.84578591195e-09, 2.15920692881e-07, 1.40289699857e-07, 1.09356165012e-06, 1.80020265361e-06, 1.06330492144e-06, 1.46571301229e-06, 2.32530794619e-07, 2.06533297131e-08, 5.85860526758e-10, 1.14434059017e-12, 1.01252686791e-11, 6.93127521524e-13, 2.00287147436e-13, 1.71380569241e-13],
        "max": [4.92874642077e-05, 0.00399757688865, 0.00247949291952, 0.00433058384806, 0.00663385167718, 0.0006209918065, 0.000601652194746, 0.000209385892958, 0.0010169459274, 0.000693824375048, 0.000643383304123, 0.00136728934012, 0.000294662604574, 0.00215019891039, 0.00197427673265, 0.00466620642692, 0.00567771634087, 0.0050723226741, 0.00682450411841, 0.00231343577616, 0.000633435556665, 0.000134082525619, 6.36007007415e-06, 1.74400993274e-05, 8.1995731307e-06, 4.97468909089e-06, 4.96102757097e-06],
        "mean": [4.55538383903e-06, 0.000920477905311, 0.000562375993468, 0.000663209531922, 0.00257265870459, 9.90830958472e-05, 0.000102991478343, 5.14937419211e-05, 0.000268316682195, 0.000149641622556, 0.000128192637931, 0.000341343460605, 7.22288241377e-05, 0.000562741071917, 0.000732718268409, 0.00209060311317, 0.00266109476797, 0.00225209142081, 0.00306699262001, 0.00105488591362, 0.000364616542356, 5.18228844157e-05, 2.64782056547e-06, 9.23893185245e-06, 2.44887587542e-06, 9.91431306829e-07, 6.57395986536e-08],
        "median": [3.54579060513e-06, 0.000652334943879, 0.000313912314596, 0.000485358410515, 0.00239866715856, 6.55823969282e-05, 8.01819041953e-05, 4.45704208687e-05, 0.000255289138295, 0.000127396313474, 9.93183130049e-05, 0.000275002646958, 6.35832257103e-05, 0.00050323974574, 0.000696423230693, 0.00195996789262, 0.00246271397918, 0.00218296144158, 0.00294592464343, 0.001003008103, 0.000348692003172, 5.00474961882e-05, 2.55325676335e-06, 9.17871875572e-06, 2.32877869166e-06, 9.32603256842e-07, 1.69330878208e-08],
        "min": [1.03082463454e-07, 0.000146418024087, 5.30989700565e-06, 3.21503393934e-05, 5.41500558029e-05, 8.35038736113e-06, 1.0493236914e-05, 7.74648185597e-07, 2.51574547292e-05, 2.10247126233e-05, 1.37637098305e-05, 5.19749664818e-05, 6.83879125063e-06, 0.00010795572598, 0.000163717966643, 0.000703779864125, 0.000472409679787, 0.000909409543965, 0.00111508904956, 0.000375822157366, 9.05737397261e-05, 2.19864305109e-05, 1.41593170611e-06, 4.7167154662e-06, 1.01504383565e-06, 3.4720721942e-07, 2.44635089963e-09],
        "var": [2.32721862614e-11, 5.09555718509e-07, 4.19327989221e-07, 4.97793678278e-07, 2.2582071324e-06, 8.31381186117e-09, 7.56758922194e-09, 1.13189002615e-09, 2.76305627267e-08, 8.84376927246e-09, 1.10113971274e-08, 5.4031943364e-08, 2.13406425864e-09, 9.81593046845e-08, 1.01534986641e-07, 6.40284667952e-07, 1.01218904547e-06, 5.21909612416e-07, 1.02979470284e-06, 1.53466658048e-07, 1.15342233542e-08, 3.24938215224e-10, 5.87306028463e-13, 5.34725432336e-12, 7.41760602593e-13, 2.22926061291e-13, 1.69382113587e-13]
    },
    "erbbands": {
        "dmean": [0.0119797242805, 0.158952429891, 0.257619440556, 0.589870512486, 2.56603813171, 2.26784920692, 0.451396673918, 0.598754405975, 0.547347903252, 1.09752118587, 0.552868962288, 3.92413687706, 1.70787227154, 3.02605342865, 3.06674337387, 7.23829698563, 1.19183552265, 6.61393022537, 15.7971439362, 30.3623828888, 42.248714447, 54.9502716064, 37.2055130005, 63.4864082336, 29.6802616119, 14.4042263031, 5.31845140457, 2.84614753723, 0.585575938225, 0.0828588232398, 0.0239290911704, 0.0604447461665, 0.0321243852377, 0.0114927589893, 0.0013412812259, 0.00132984446827, 0.000523516151588, 6.96183706168e-05, 8.16144438431e-06, 3.13311420541e-06],
        "dmean2": [0.0223070215434, 0.305668026209, 0.44786670804, 0.881377696991, 4.57187461853, 4.14179563522, 0.770653545856, 1.08547651768, 0.910607218742, 1.94788432121, 0.97485512495, 6.41497898102, 2.89165282249, 5.32242536545, 5.05961847305, 12.0075073242, 2.00111913681, 11.3110923767, 26.2748737335, 50.556552887, 74.4383926392, 95.356803894, 60.8788948059, 111.503082275, 50.3527488708, 23.880695343, 9.04444026947, 4.96680879593, 0.992239415646, 0.135725080967, 0.0396197922528, 0.101894110441, 0.0569262430072, 0.0186237450689, 0.00196926458739, 0.00219451566227, 0.000874405784998, 9.94284491753e-05, 9.76598312263e-06, 4.93609923069e-06],
        "dvar": [0.000150529303937, 0.0304904151708, 0.120009884238, 0.516327917576, 4.90106868744, 3.23100233078, 0.17732951045, 0.532184898853, 0.302236229181, 1.22112202644, 0.228384852409, 11.0801877975, 2.7309589386, 9.92086696625, 10.1765089035, 43.8175735474, 0.906935930252, 33.1441078186, 193.796615601, 529.47869873, 1093.44360352, 1846.14135742, 747.71105957, 2697.23193359, 524.327087402, 142.10987854, 17.9568653107, 4.18838071823, 0.242219790816, 0.00470366934314, 0.000356100033969, 0.00222397176549, 0.000571893004235, 0.000106822357338, 8.18187618279e-06, 2.64749405687e-06, 4.22353338081e-07, 6.26818206229e-08, 3.30107186031e-09, 1.78198983347e-11],
        "dvar2": [0.000563695444725, 0.106792345643, 0.369271576405, 0.760477721691, 15.0043840408, 11.0070667267, 0.514162003994, 1.63197100163, 0.979620218277, 3.73099017143, 0.603386104107, 30.8421726227, 7.73155021667, 28.7268924713, 27.8337306976, 114.758827209, 2.46834635735, 90.3077926636, 512.824707031, 1505.66101074, 3406.11230469, 5479.13037109, 2213.68554688, 7761.80712891, 1511.82421875, 366.581695557, 55.0899543762, 10.6738414764, 0.680087864399, 0.0143308853731, 0.00102645542938, 0.00726713426411, 0.00158450205345, 0.000265753536951, 8.39760468807e-06, 4.22787252319e-06, 6.82321342538e-07, 6.54382716903e-08, 3.28168225927e-09, 2.09709645482e-11],
        "max": [0.0654178485274, 1.0363188982, 2.69859862328, 9.35909843445, 22.5260543823, 14.4827337265, 3.84039592743, 5.40745925903, 4.84347915649, 8.27384757996, 4.48337221146, 30.8956642151, 12.0929174423, 27.1082286835, 38.9618606567, 57.1772079468, 9.77581310272, 57.1986083984, 100.674385071, 189.070129395, 245.335128784, 350.206268311, 229.234481812, 442.4402771, 197.80090332, 107.398414612, 35.4635772705, 18.5470504761, 5.43689203262, 0.590815067291, 0.194976106286, 0.429289370775, 0.226314753294, 0.119323968887, 0.0423355810344, 0.0216971226037, 0.00851701200008, 0.00311875902116, 0.000710445339791, 8.22683869046e-05],
        "mean": [0.0194725580513, 0.233553752303, 0.603494226933, 1.71015512943, 9.2613735199, 5.45958805084, 0.863161325455, 0.84233546257, 0.959216535091, 1.70549738407, 1.44368064404, 7.61351490021, 4.35489177704, 5.30061149597, 7.56979084015, 13.6921987534, 3.73210072517, 17.9986515045, 37.6606254578, 74.2372131348, 113.331039429, 151.922393799, 119.992835999, 183.602935791, 105.517990112, 49.3157310486, 18.3718357086, 10.2057113647, 2.4246339798, 0.350334078074, 0.0988877490163, 0.205759823322, 0.123521283269, 0.0490595176816, 0.00599256530404, 0.00527088111266, 0.00161683734041, 0.000118891148304, 2.4324772312e-05, 2.75647817034e-05],
        "median": [0.0174698717892, 0.151935636997, 0.407292068005, 1.1873871088, 8.33216381073, 4.96442747116, 0.762294828892, 0.63209092617, 0.694630205631, 1.30289840698, 1.38460755348, 6.84918260574, 3.6026699543, 4.59778261185, 5.95898151398, 11.4935302734, 3.34743332863, 17.0921020508, 35.3161468506, 69.3369979858, 108.61706543, 144.554367065, 117.379180908, 171.292404175, 103.179351807, 47.5586280823, 17.5721206665, 9.56322193146, 2.31193375587, 0.339035123587, 0.096011325717, 0.197013258934, 0.117329262197, 0.0468193665147, 0.0057008699514, 0.00493836589158, 0.00152197154239, 7.80031114118e-05, 1.83457559615e-05, 2.71736553259e-05],
        "min": [0.002760843141, 0.0349216945469, 0.0201726537198, 0.0945292562246, 0.182258024812, 0.24249458313, 0.166854560375, 0.0804257839918, 0.0652484968305, 0.175856605172, 0.375523835421, 0.667679965496, 0.751984596252, 0.866187095642, 1.15389883518, 2.2475130558, 0.983413875103, 3.82031726837, 11.2416028976, 17.0864486694, 41.0624275208, 37.051410675, 44.9200210571, 71.1733016968, 37.4588851929, 19.6918945312, 4.30412197113, 3.19521832466, 0.777879476547, 0.151602387428, 0.0567719377577, 0.102777317166, 0.0604504458606, 0.0226161815226, 0.00250917905942, 0.00193521787878, 0.000604377652053, 2.66839469987e-05, 1.16840155897e-05, 1.76605972229e-05],
        "var": [0.000127281542518, 0.0393631197512, 0.429217010736, 2.6706764698, 26.4666137695, 8.96875572205, 0.247693806887, 0.579562604427, 0.575280189514, 1.61424195766, 0.440857678652, 25.2982463837, 6.61493110657, 11.0475845337, 31.2982311249, 95.3078613281, 2.73579406738, 73.3358840942, 246.298629761, 1074.66601562, 1575.01135254, 2901.60253906, 1272.81738281, 4266.32568359, 981.459777832, 276.274658203, 26.7974491119, 9.07085323334, 0.53118956089, 0.00848853215575, 0.000585379486438, 0.00324783404358, 0.0010416113073, 0.000228365301155, 1.09812071969e-05, 4.97249584441e-06, 6.64283845708e-07, 6.57949286165e-08, 3.32816285642e-09, 2.71869800977e-11]
    },
    "gfcc": {
        "mean": [-10.1574773788, 90.5589599609, -180.641815186, 74.0068664551, -19.5615940094, -9.36595916748, -28.7068424225, 11.9094305038, -31.7503509521, -12.3307552338, -22.3744659424, -14.0484209061, -0.579910874367],
        "cov": [[56.479095459, 28.5513477325, 18.251543045, -5.56244468689, -8.03296375275, 6.7437543869, 7.80135583878, 10.9690580368, 13.5175504684, 21.3809871674, 8.44422531128, 3.91088151932, -12.6973676682], [28.5513477325, 85.0797195435, 20.9455184937, 13.0416889191, -8.77660655975, 13.060833931, 15.6136665344, 5.17718267441, 12.3539524078, 1.90761005878, 1.43364667892, -8.44830131531, -5.59175109863], [18.251543045, 20.9455184937, 51.1895866394, 12.2796173096, 6.18408060074, -0.738209366798, 0.400089114904, 4.84343004227, 8.24679660797, 9.09391403198, 3.16437959671, -0.77323538065, -9.8627948761], [-5.56244468689, 13.0416889191, 12.2796173096, 41.8581581116, 14.5816955566, 6.89183139801, 5.75226640701, -0.78498005867, 0.526732265949, -10.6935043335, -8.82753658295, -9.84872150421, 6.4322924614], [-8.03296375275, -8.77660655975, 6.18408060074, 14.5816955566, 26.0582370758, 12.730764389, 3.79591464996, -4.51696157455, -2.50785064697, -2.97021365166, -3.35353827477, -3.59079170227, 0.343685239553], [6.7437543869, 13.060833931, -0.738209366798, 6.89183139801, 12.730764389, 34.2336578369, 27.9965248108, 4.34350681305, 1.78417766094, 2.37213397026, -1.95273077488, -1.27640175819, -2.21914744377], [7.80135583878, 15.6136665344, 0.400089114904, 5.75226640701, 3.79591464996, 27.9965248108, 41.4340591431, 13.6354951859, 5.71426343918, 0.64119809866, -6.95584011078, -3.15523886681, -2.49816727638], [10.9690580368, 5.17718267441, 4.84343004227, -0.78498005867, -4.51696157455, 4.34350681305, 13.6354951859, 21.2602100372, 12.8126564026, 5.36095237732, -0.844134628773, -1.55179786682, -2.27470588684], [13.5175504684, 12.3539524078, 8.24679660797, 0.526732265949, -2.50785064697, 1.78417766094, 5.71426343918, 12.8126564026, 25.4507007599, 16.6701622009, 2.53987193108, -1.569658041, -5.06199789047], [21.3809871674, 1.90761005878, 9.09391403198, -10.6935043335, -2.97021365166, 2.37213397026, 0.64119809866, 5.36095237732, 16.6701622009, 34.6107635498, 15.8771209717, 11.7339944839, -8.51260757446], [8.44422531128, 1.43364667892, 3.16437959671, -8.82753658295, -3.35353827477, -1.95273077488, -6.95584011078, -0.844134628773, 2.53987193108, 15.8771209717, 26.6707611084, 13.7124929428, -2.84369826317], [3.91088151932, -8.44830131531, -0.77323538065, -9.84872150421, -3.59079170227, -1.27640175819, -3.15523886681, -1.55179786682, -1.569658041, 11.7339944839, 13.7124929428, 26.3280124664, 3.35469889641], [-12.6973676682, -5.59175109863, -9.8627948761, 6.4322924614, 0.343685239553, -2.21914744377, -2.49816727638, -2.27470588684, -5.06199789047, -8.51260757446, -2.84369826317, 3.35469889641, 19.9436416626]],
        "icov": [[0.0353282168508, -0.00946848466992, -0.00472007784992, -4.11226828874e-05, 0.00831861700863, -0.00931340176612, 0.00803993269801, -0.0159049555659, 0.0096036195755, -0.02003268525, 0.00510706752539, -0.0022305927705, 0.0105201229453], [-0.00946848466992, 0.025402892381, -0.00954801775515, -0.00672504631802, 0.022305810824, -0.0149693777785, -0.00335701950826, 0.0173868127167, -0.0177374854684, 0.0148960612714, -0.00919638387859, 0.00712540233508, -0.00259987195022], [-0.00472007784992, -0.00954801775515, 0.0338831543922, -0.00935598649085, -0.0188293009996, 0.0174379330128, -0.00102876289748, -0.0109045142308, 0.00627988902852, -0.00756589602679, 0.00202873162925, -0.00654430733994, 0.014738583006], [-4.11226828874e-05, -0.00672504631802, -0.00935598649085, 0.0448067672551, -0.0245577394962, 0.00556133361533, -0.00569823849946, 0.00346181122586, -0.00748908054084, 0.00935686286539, 0.00123575294856, 0.00797992292792, -0.0193398408592], [0.00831861700863, 0.022305810824, -0.0188293009996, -0.0245577394962, 0.097096323967, -0.0614149905741, 0.0221317242831, 0.018972273916, -0.0105085270479, 0.00393469631672, -0.000376573414542, 0.00748795177788, 0.00428715161979], [-0.00931340176612, -0.0149693777785, 0.0174379330128, 0.00556133361533, -0.0614149905741, 0.117149747908, -0.0732951238751, 0.0101709282026, 0.011341647245, -0.0108589455485, -0.00792613904923, -0.0020954569336, 0.00024217380269], [0.00803993269801, -0.00335701950826, -0.00102876289748, -0.00569823849946, 0.0221317242831, -0.0732951238751, 0.0888903737068, -0.0438200123608, 0.00886285863817, -0.0038963726256, 0.0206589680165, -0.00637550512329, 0.00771063892171], [-0.0159049555659, 0.0173868127167, -0.0109045142308, 0.00346181122586, 0.018972273916, 0.0101709282026, -0.0438200123608, 0.111986033618, -0.0607611946762, 0.0282695870847, -0.0129073448479, 0.00508585060015, -0.00972340255976], [0.0096036195755, -0.0177374854684, 0.00627988902852, -0.00748908054084, -0.0105085270479, 0.011341647245, 0.00886285863817, -0.0607611946762, 0.111135683954, -0.0669405907393, 0.0166388303041, 0.0144183114171, 0.00186777045019], [-0.02003268525, 0.0148960612714, -0.00756589602679, 0.00935686286539, 0.00393469631672, -0.0108589455485, -0.0038963726256, 0.0282695870847, -0.0669405907393, 0.0980947613716, -0.0313512086868, -0.0204081907868, 0.00996538624167], [0.00510706752539, -0.00919638387859, 0.00202873162925, 0.00123575294856, -0.000376573414542, -0.00792613904923, 0.0206589680165, -0.0129073448479, 0.0166388303041, -0.0313512086868, 0.071599625051, -0.0251002572477, 0.00679056998342], [-0.0022305927705, 0.00712540233508, -0.00654430733994, 0.00797992292792, 0.00748795177788, -0.0020954569336, -0.00637550512329, 0.00508585060015, 0.0144183114171, -0.0204081907868, -0.0251002572477, 0.0702221393585, -0.0262554138899], [0.0105201229453, -0.00259987195022, 0.014738583006, -0.0193398408592, 0.00428715161979, 0.00024217380269, 0.00771063892171, -0.00972340255976, 0.00186777045019, 0.00996538624167, 0.00679056998342, -0.0262554138899, 0.0795585438609]]
    },
    "melbands": {
        "dmean": [0.000150423176819, 0.00014375000319, 0.000135094844154, 0.000215487627429, 1.87084824574e-05, 1.30711559905e-05, 1.06206862256e-05, 1.05695180537e-05, 5.47123408978e-06, 2.48722571996e-05, 8.60702948557e-06, 1.28026904349e-05, 8.80184779817e-06, 2.61524892267e-05, 5.77691798753e-06, 4.87567558594e-06, 1.56173173309e-05, 3.0851966585e-05, 2.92885742965e-05, 4.8274789151e-05, 5.79764418944e-05, 5.77495338803e-05, 6.34916941635e-05, 3.7084271753e-05, 6.18948834017e-05, 3.09167990054e-05, 2.26751253649e-05, 8.7579828687e-06, 3.10033692585e-06, 3.83766337109e-06, 1.27881889966e-06, 4.42132858325e-07, 1.66502871934e-07, 2.1277225315e-08, 1.34789495121e-08, 2.72058908735e-08, 4.76315058506e-08, 2.865085591e-08, 1.79154699964e-08, 9.53006296101e-09],
        "dmean2": [0.000290601659799, 0.000262415211182, 0.000217910725041, 0.000393388327211, 3.1627187127e-05, 2.33665250562e-05, 1.76230987563e-05, 1.86324723472e-05, 9.64512673818e-06, 4.07576699217e-05, 1.45910926221e-05, 2.24955892918e-05, 1.45352669279e-05, 4.43153949163e-05, 9.08669699129e-06, 8.05864965514e-06, 2.66899387498e-05, 5.22974005435e-05, 5.07489785377e-05, 7.80365080573e-05, 0.00010238672985, 0.000100947465398, 0.000109770408017, 5.83855216973e-05, 0.000108616019133, 5.29560638824e-05, 3.76292155124e-05, 1.46734801092e-05, 5.32342937731e-06, 6.38509936834e-06, 2.28210205933e-06, 7.28858310595e-07, 2.80465684455e-07, 3.6217972621e-08, 2.30410019952e-08, 4.59477647041e-08, 8.17371557105e-08, 5.07240649483e-08, 2.9725114814e-08, 1.56795110229e-08],
        "dvar": [2.68708717499e-08, 3.28103482161e-08, 1.65990137191e-08, 3.22618944892e-08, 2.54085558149e-10, 2.50695769699e-10, 1.21398432973e-10, 1.08776571084e-10, 2.09773916987e-11, 4.43309916554e-10, 6.74195699268e-11, 1.75184311502e-10, 8.70860605851e-11, 5.61690083334e-10, 3.39391639792e-11, 1.72962980743e-11, 2.14553375066e-10, 8.12475864365e-10, 4.96260810223e-10, 1.2542188399e-09, 2.14605178073e-09, 2.18505924465e-09, 2.52198928408e-09, 8.74083194713e-10, 2.55525889337e-09, 5.68044222771e-10, 3.15728915234e-10, 4.91941244685e-11, 6.04710942778e-12, 1.00133833517e-11, 1.10306642293e-12, 1.6171788843e-13, 1.60256939555e-14, 3.63552311373e-16, 1.21109101671e-16, 4.95025800831e-16, 1.37868916435e-15, 4.97217657401e-16, 2.20239789473e-16, 8.02317747097e-17],
        "dvar2": [9.5346621265e-08, 1.09345585031e-07, 3.10272199044e-08, 1.05799117023e-07, 7.20039528002e-10, 7.83190901021e-10, 4.05027955619e-10, 3.26103727355e-10, 5.66972371829e-11, 1.21657717234e-09, 1.92037857838e-10, 5.07543340689e-10, 2.28572216709e-10, 1.58077062551e-09, 8.14396883264e-11, 5.14889103576e-11, 5.82599024579e-10, 2.31827290698e-09, 1.38707589858e-09, 3.7662726271e-09, 6.80091893912e-09, 6.23156903856e-09, 7.1533095003e-09, 2.56609244964e-09, 7.30251858982e-09, 1.59643598341e-09, 8.87660611681e-10, 1.38931186e-10, 1.88609128315e-11, 2.91310760236e-11, 2.82884197837e-12, 4.97150009961e-13, 5.11660890523e-14, 9.80447200952e-16, 3.24684616402e-16, 1.44639642535e-15, 4.60724894582e-15, 1.40374778706e-15, 6.802977409e-16, 1.80777702365e-16],
        "max": [0.000927903631236, 0.00137143256143, 0.00160796754062, 0.001719689928, 0.000144246791024, 0.000119575131976, 9.50107059907e-05, 7.48708844185e-05, 4.06502113037e-05, 0.000199070156668, 5.98748883931e-05, 0.000116183829959, 9.56061194302e-05, 0.000187434590771, 6.48011409794e-05, 3.73678703909e-05, 0.000132566099637, 0.000197095112526, 0.000171853593201, 0.000338852929417, 0.000345706008375, 0.000378633441869, 0.000368038687157, 0.000254895538092, 0.000421145407017, 0.000183987591299, 0.000135448863148, 5.48655480088e-05, 1.91594808712e-05, 2.55961531366e-05, 8.3480763351e-06, 4.12770032199e-06, 1.10788027996e-06, 1.62127065551e-07, 1.01385964513e-07, 1.91037017316e-07, 2.82684311514e-07, 1.92903698348e-07, 1.27529375504e-07, 9.82963825891e-08],
        "mean": [0.000224575414904, 0.000323633605149, 0.000476443266962, 0.00067210762063, 3.41824670613e-05, 1.82661624422e-05, 1.74620727194e-05, 1.76754620043e-05, 1.19468495541e-05, 4.93104744237e-05, 1.96553701244e-05, 2.08937126445e-05, 1.88832600543e-05, 4.67051504529e-05, 1.26091163111e-05, 1.00282604762e-05, 3.81735299015e-05, 6.12676085439e-05, 7.15370624675e-05, 0.000120116506878, 0.00013639399549, 0.000149084196892, 0.000142516917549, 0.000102833197161, 0.000160147581482, 9.18576624827e-05, 5.72554308746e-05, 2.57538067672e-05, 9.24614596443e-06, 1.16423561849e-05, 3.86888768844e-06, 1.44068383179e-06, 5.14621547154e-07, 6.14670412347e-08, 4.00713595639e-08, 8.85633539838e-08, 1.41227403105e-07, 9.58780361771e-08, 6.15657569369e-08, 3.35480940805e-08],
        "median": [0.00017311819829, 0.000207574572414, 0.000430946063716, 0.000621333310846, 2.98398099403e-05, 1.33254234242e-05, 1.2605692973e-05, 1.36450735226e-05, 1.11424014904e-05, 4.3856096454e-05, 1.57248177857e-05, 1.81815485121e-05, 1.4421252672e-05, 3.97700387111e-05, 9.8899963632e-06, 8.82170024852e-06, 3.50939226337e-05, 5.50618497073e-05, 6.75745613989e-05, 0.000108784384793, 0.000132306333398, 0.000137745199027, 0.000133402747451, 9.71059853327e-05, 0.000147367769387, 8.80636871443e-05, 5.15526007803e-05, 2.5219289455e-05, 8.88479462446e-06, 1.12145307867e-05, 3.75119680029e-06, 1.29666796056e-06, 4.86160786295e-07, 5.66738407315e-08, 3.72858472986e-08, 8.63870894818e-08, 1.37956291724e-07, 9.36730160106e-08, 5.9534940533e-08, 3.26025464403e-08],
        "min": [4.27121995017e-05, 1.76543017005e-05, 4.68864600407e-05, 1.51426111188e-05, 5.82172287977e-06, 1.4075898207e-06, 1.04534842649e-06, 1.32478533033e-06, 2.3085160592e-06, 3.12567362926e-06, 2.63417132373e-06, 3.11908229378e-06, 2.55923896475e-06, 5.78220215175e-06, 2.46679269367e-06, 1.24428856907e-06, 5.12562928634e-06, 1.61401567311e-05, 1.64493776538e-05, 2.74226858892e-05, 3.96304167225e-05, 3.12524643959e-05, 3.24601023749e-05, 3.75040835934e-05, 4.75985434605e-05, 2.07931334444e-05, 1.61760744959e-05, 7.9762085079e-06, 2.26106567425e-06, 2.80975405076e-06, 1.324960067e-06, 3.23688283288e-07, 1.65882610759e-07, 1.58841313436e-08, 1.6480163012e-08, 3.84528497932e-08, 6.63602151008e-08, 4.390726005e-08, 2.47802898201e-08, 1.39982505587e-08],
        "var": [2.44000730731e-08, 9.65514672657e-08, 6.75298252872e-08, 1.4802320436e-07, 4.02505390129e-10, 2.86196594201e-10, 2.07640848959e-10, 1.52548265686e-10, 3.95541412124e-11, 1.04836472836e-09, 1.57989774041e-10, 1.96002339359e-10, 2.36040881285e-10, 1.00440655793e-09, 9.52755721539e-11, 3.40108774477e-11, 4.0366945897e-10, 9.15960640668e-10, 8.66617388962e-10, 3.01041880313e-09, 2.96043189962e-09, 3.37801986383e-09, 3.55269147434e-09, 1.41266132125e-09, 3.98651422984e-09, 1.05840047837e-09, 5.15395559564e-10, 9.25865564771e-11, 8.66075440531e-12, 1.68127543138e-11, 1.85674067267e-12, 2.85384102417e-13, 2.80095635271e-14, 5.16156414129e-16, 1.77616231299e-16, 7.36756722e-16, 1.84130076129e-15, 7.80416982326e-16, 3.91221754326e-16, 1.49898401589e-16]
    },
    "mfcc": {
        "mean": [-629.004455566, 101.619880676, -74.1161117554, 70.8308181763, 20.5141506195, -3.82815861702, 16.5239925385, 2.99442791939, 13.0484466553, -1.49226462841, -8.90706539154, -5.32360219955, -14.8564748764],
        "cov": [[55.7294845581, 25.9779720306, 10.8652095795, -7.79565954208, -12.0695581436, 0.143902033567, -0.603202521801, -3.60860085487, 2.62769985199, 6.98116827011, 12.6001338959, 16.1463432312, 12.953040123], [25.9779720306, 62.5134544373, 28.0418663025, -5.65523672104, -10.3548355103, 2.18069577217, -1.39672577381, -2.48947453499, 2.24179172516, 3.90062189102, 6.45778799057, 18.6542015076, 11.0010223389], [10.8652095795, 28.0418663025, 43.1091384888, 12.6633844376, 1.40350008011, -3.2421746254, -2.68665671349, -0.388768732548, 2.12915301323, 7.12457275391, 4.45544290543, 8.08165740967, 6.86124610901], [-7.79565954208, -5.65523672104, 12.6633844376, 32.2863082886, 13.2625455856, 2.95569038391, -1.34751689434, 2.82777285576, 6.44890928268, 2.31127357483, -4.0201125145, -9.42569351196, -8.71702766418], [-12.0695581436, -10.3548355103, 1.40350008011, 13.2625455856, 29.626914978, 3.68651294708, -1.83422100544, -4.59864664078, -4.32206010818, -0.497591167688, -2.43562960625, -6.43465709686, -5.41178035736], [0.143902033567, 2.18069577217, -3.2421746254, 2.95569038391, 3.68651294708, 37.8813591003, 15.8945293427, 8.69993495941, 6.81584262848, 1.78448653221, 3.81056451797, 1.39731657505, 1.55727934837], [-0.603202521801, -1.39672577381, -2.68665671349, -1.34751689434, -1.83422100544, 15.8945293427, 30.3722991943, 14.8719406128, 6.40779161453, -0.461401551962, -1.23660731316, -2.32329487801, -2.52817082405], [-3.60860085487, -2.48947453499, -0.388768732548, 2.82777285576, -4.59864664078, 8.69993495941, 14.8719406128, 26.0366611481, 14.5068874359, 2.07600140572, -1.25846922398, -5.43394327164, -5.80728530884], [2.62769985199, 2.24179172516, 2.12915301323, 6.44890928268, -4.32206010818, 6.81584262848, 6.40779161453, 14.5068874359, 32.650478363, 13.2208852768, 2.18414545059, -4.01788425446, -5.59699630737], [6.98116827011, 3.90062189102, 7.12457275391, 2.31127357483, -0.497591167688, 1.78448653221, -0.461401551962, 2.07600140572, 13.2208852768, 29.0626544952, 7.47483825684, -4.6688451767, -4.68617630005], [12.6001338959, 6.45778799057, 4.45544290543, -4.0201125145, -2.43562960625, 3.81056451797, -1.23660731316, -1.25846922398, 2.18414545059, 7.47483825684, 24.6422042847, 14.0341510773, 9.46275615692], [16.1463432312, 18.6542015076, 8.08165740967, -9.42569351196, -6.43465709686, 1.39731657505, -2.32329487801, -5.43394327164, -4.01788425446, -4.6688451767, 14.0341510773, 34.0253639221, 18.8399868011], [12.953040123, 11.0010223389, 6.86124610901, -8.71702766418, -5.41178035736, 1.55727934837, -2.52817082405, -5.80728530884, -5.59699630737, -4.68617630005, 9.46275615692, 18.8399868011, 33.4181137085]],
