{
"lowlevel": {
    "average_loudness": 0.979297995567,
    "barkbands_crest": {
        "dmean": 3.02584171295,
        "dmean2": 5.10232496262,
        "dvar": 7.37118053436,
        "dvar2": 17.5121421814,
        "max": 24.6585998535,
        "mean": 8.86699485779,
        "median": 7.40699481964,
        "min": 3.20784854889,
        "var": 19.3615646362
    },
    "barkbands_flatness_db": {
        "dmean": 0.0217365156859,
        "dmean2": 0.0344043038785,
        "dvar": 0.000398996897275,
        "dvar2": 0.000944455037825,
        "max": 0.321116447449,
        "mean": 0.173481911421,
        "median": 0.167139559984,
        "min": 0.0621645823121,
        "var": 0.00103232229594
    },
    "barkbands_kurtosis": {
        "dmean": 1.62327134609,
        "dmean2": 2.59268069267,
        "dvar": 9.18111133575,
        "dvar2": 20.8490257263,
        "max": 41.8897399902,
        "mean": 0.323622405529,
        "median": -0.751899719238,
        "min": -1.87602818012,
        "var": 15.6817483902
    },
    "barkbands_skewness": {
        "dmean": 0.611913919449,
        "dmean2": 0.934975802898,
        "dvar": 0.310495436192,
        "dvar2": 0.729677975178,
        "max": 6.19781351089,
        "mean": -0.0913756638765,
        "median": -0.342053353786,
        "min": -2.93363833427,
        "var": 1.3961288929
    },
    "barkbands_spread": {
        "dmean": 8.05963230133,
        "dmean2": 13.5903015137,
        "dvar": 47.1913490295,
        "dvar2": 126.56943512,
        "max": 61.4197998047,
        "mean": 27.8598270416,
        "median": 27.8970584869,
        "min": 2.89938211441,
        "var": 113.468223572
    },
    "dissonance": {
        "dmean": 0.0123390536755,
        "dmean2": 0.0216910298914,
        "dvar": 0.000114374670375,
        "dvar2": 0.000331357266987,
        "max": 0.499918371439,
        "mean": 0.485014855862,
        "median": 0.488011807203,
        "min": 0.414230525494,
        "var": 0.000146093691001
    },
    "dynamic_complexity": 1.45786702633,
    "erbbands_crest": {
        "dmean": 2.75740075111,
        "dmean2": 4.77253055573,
        "dvar": 6.90114879608,
        "dvar2": 18.9110050201,
        "max": 25.7448730469,
        "mean": 9.4366979599,
        "median": 8.7332239151,
        "min": 3.94820070267,
        "var": 11.5228881836
    },
    "erbbands_flatness_db": {
        "dmean": 0.0189407467842,
        "dmean2": 0.0310263037682,
        "dvar": 0.000231607846217,
        "dvar2": 0.000580107793212,
        "max": 0.351015925407,
        "mean": 0.26107019186,
        "median": 0.260124951601,
        "min": 0.153050690889,
        "var": 0.00103956949897
    },
    "erbbands_kurtosis": {
        "dmean": 2.34971308708,
        "dmean2": 4.08095264435,
        "dvar": 5.78621053696,
        "dvar2": 17.1135845184,
        "max": 18.4065227509,
        "mean": 2.12220668793,
        "median": 1.22614812851,
        "min": -1.81154704094,
        "var": 8.9821805954
    },
    "erbbands_skewness": {
        "dmean": 0.530158400536,
        "dmean2": 0.917502224445,
        "dvar": 0.173591196537,
        "dvar2": 0.526875019073,
        "max": 1.17677724361,
        "mean": -1.07261705399,
        "median": -1.02381646633,
        "min": -3.35136461258,
        "var": 0.360516786575
    },
    "erbbands_spread": {
        "dmean": 5.66118812561,
        "dmean2": 9.08788490295,
        "dvar": 33.7678413391,
        "dvar2": 84.5559997559,
        "max": 81.6522369385,
        "mean": 18.2645301819,
        "median": 16.3296718597,
        "min": 3.39702534676,
        "var": 101.741203308
    },
    "hfc": {
        "dmean": 11.896812439,
        "dmean2": 19.9264850616,
        "dvar": 123.858474731,
        "dvar2": 326.972412109,
        "max": 86.4374923706,
        "mean": 29.3782901764,
        "median": 25.886177063,
        "min": 0.688121438026,
        "var": 282.672454834
    },
    "melbands_crest": {
        "dmean": 3.60805344582,
        "dmean2": 5.86096334457,
        "dvar": 8.7648639679,
        "dvar2": 21.5447673798,
        "max": 29.6674098969,
        "mean": 12.1227369308,
        "median": 10.6510715485,
        "min": 3.79947781563,
        "var": 31.4350757599
    },
    "melbands_flatness_db": {
        "dmean": 0.0286115836352,
        "dmean2": 0.0441456958652,
        "dvar": 0.000829261611216,
        "dvar2": 0.00190815876704,
        "max": 0.416790664196,
        "mean": 0.207887515426,
        "median": 0.193671405315,
        "min": 0.0925936028361,
        "var": 0.00249528232962
    },
    "melbands_kurtosis": {
        "dmean": 3.66061019897,
        "dmean2": 5.69418096542,
        "dvar": 80.572769165,
        "dvar2": 185.282775879,
        "max": 134.304901123,
        "mean": 3.00908231735,
        "median": -0.534325838089,
        "min": -1.83462619781,
        "var": 153.469802856
    },
    "melbands_skewness": {
        "dmean": 0.754314184189,
        "dmean2": 1.17165970802,
        "dvar": 0.60349303484,
        "dvar2": 1.37606823444,
        "max": 10.1451778412,
        "mean": 1.00880229473,
        "median": 0.577836632729,
        "min": -1.7116547823,
        "var": 2.71001458168
    },
    "melbands_spread": {
        "dmean": 14.4875068665,
        "dmean2": 24.6718788147,
        "dvar": 151.544067383,
        "dvar2": 394.658477783,
        "max": 98.6530151367,
        "mean": 48.783164978,
        "median": 50.7649002075,
        "min": 2.10541653633,
        "var": 340.764190674
    },
    "pitch_salience": {
        "dmean": 0.0762050747871,
        "dmean2": 0.126372501254,
        "dvar": 0.00395207898691,
        "dvar2": 0.00976814702153,
        "max": 0.830371439457,
        "mean": 0.555305600166,
        "median": 0.577243387699,
        "min": 0.198002845049,
        "var": 0.0100894188508
    },
    "silence_rate_20dB": {
        "dmean": 0,
        "dmean2": 0,
        "dvar": 0,
        "dvar2": 0,
        "max": 1,
        "mean": 1,
        "median": 1,
        "min": 1,
        "var": 0
    },
    "silence_rate_30dB": {
        "dmean": 0,
        "dmean2": 0,
        "dvar": 0,
        "dvar2": 0,
        "max": 1,
        "mean": 1,
        "median": 1,
        "min": 1,
        "var": 0
    },
    "silence_rate_60dB": {
        "dmean": 0,
        "dmean2": 0,
        "dvar": 0,
        "dvar2": 0,
        "max": 0,
        "mean": 0,
        "median": 0,
        "min": 0,
        "var": 0
    },
    "spectral_centroid": {
        "dmean": 266.081390381,
        "dmean2": 447.366851807,
        "dvar": 55357.2382812,
        "dvar2": 143412.21875,
        "max": 3104.46118164,
        "mean": 2152.00317383,
        "median": 2179.12304688,
        "min": 328.817718506,
        "var": 111109.640625
    },
    "spectral_complexity": {
        "dmean": 4.39523792267,
        "dmean2": 7.11918973923,
        "dvar": 16.7104682922,
        "dvar2": 36.7342605591,
        "max": 49,
        "mean": 27.0107021332,
        "median": 28,
        "min": 0,
        "var": 53.0070915222
    },
    "spectral_decrease": {
        "dmean": 1.67901192949e-09,
        "dmean2": 2.89509460849e-09,
        "dvar": 1.72871369863e-18,
        "dvar2": 4.51338155863e-18,
        "max": -1.24552215763e-10,
        "mean": -5.25914378713e-09,
        "median": -5.18305087738e-09,
        "min": -1.24808785529e-08,
        "var": 4.26437207011e-18
    },
    "spectral_energy": {
        "dmean": 0.00720196124166,
        "dmean2": 0.0123693654314,
        "dvar": 3.17721751344e-05,
        "dvar2": 8.53491292219e-05,
        "max": 0.0485583543777,
        "mean": 0.0225138552487,
        "median": 0.0219082850963,
        "min": 0.000532502948772,
        "var": 7.6579337474e-05
    },
    "spectral_energyband_high": {
        "dmean": 0.00012979679741,
        "dmean2": 0.00022624192934,
        "dvar": 7.21387607427e-08,
        "dvar2": 1.96192090129e-07,
        "max": 0.00316064641811,
        "mean": 0.000167448655702,
        "median": 9.92512505036e-05,
        "min": 5.74691375732e-06,
        "var": 6.34341787986e-08
    },
    "spectral_energyband_low": {
        "dmean": 0.00311148865148,
        "dmean2": 0.00486095109954,
        "dvar": 1.57259255502e-05,
        "dvar2": 3.77446885977e-05,
        "max": 0.0411705821753,
        "mean": 0.00610815128312,
        "median": 0.00338777620345,
        "min": 3.80284545827e-05,
        "var": 4.92490362376e-05
    },
    "spectral_energyband_middle_high": {
        "dmean": 0.0053464686498,
        "dmean2": 0.00901308376342,
        "dvar": 2.30716050282e-05,
        "dvar2": 6.02192194492e-05,
        "max": 0.0396009720862,
        "mean": 0.0126343499869,
        "median": 0.0110338283703,
        "min": 0.000268119008979,
        "var": 6.32244118606e-05
    },
    "spectral_energyband_middle_low": {
        "dmean": 0.00240260106511,
        "dmean2": 0.00421619974077,
        "dvar": 5.39751817996e-06,
        "dvar2": 1.39002195283e-05,
        "max": 0.0237583126873,
        "mean": 0.00442376919091,
        "median": 0.0036180303432,
        "min": 0.000201724353246,
        "var": 1.00723700598e-05
    },
    "spectral_entropy": {
        "dmean": 0.0985486134887,
        "dmean2": 0.158011838794,
        "dvar": 0.00803945492953,
        "dvar2": 0.0182711370289,
        "max": 8.73952484131,
        "mean": 7.37675905228,
        "median": 7.3915977478,
        "min": 6.5567240715,
        "var": 0.021861480549
    },
    "spectral_flux": {
        "dmean": 0.0199721138924,
        "dmean2": 0.0323534198105,
        "dvar": 0.000317505619023,
        "dvar2": 0.00075481593376,
        "max": 0.169366925955,
        "mean": 0.0941161215305,
        "median": 0.0931873545051,
        "min": 0.0264793373644,
        "var": 0.000639155914541
    },
    "spectral_kurtosis": {
        "dmean": 5.01165008545,
        "dmean2": 8.95060920715,
        "dvar": 18.4554958344,
        "dvar2": 58.5358695984,
        "max": 32.2976074219,
        "mean": 9.07346725464,
        "median": 7.90409946442,
        "min": 0.374493837357,
        "var": 26.1341247559
    },
    "spectral_rms": {
        "dmean": 0.000765493779909,
        "dmean2": 0.00130735128187,
        "dvar": 3.5703126855e-07,
        "dvar2": 9.45006604525e-07,
        "max": 0.00688287755474,
        "mean": 0.00458900490776,
        "median": 0.00462319562212,
        "min": 0.000720773939975,
        "var": 9.05794308892e-07
    },
    "spectral_rolloff": {
        "dmean": 383.495635986,
        "dmean2": 639.399963379,
        "dvar": 227522.0625,
        "dvar2": 557498.0625,
        "max": 3531.4453125,
        "mean": 2337.28540039,
        "median": 2519.38476562,
        "min": 86.1328125,
        "var": 450682.4375
    },
    "spectral_skewness": {
        "dmean": 0.427575826645,
        "dmean2": 0.757332861423,
        "dvar": 0.142725557089,
        "dvar2": 0.45723631978,
        "max": 3.49689269066,
        "mean": 1.1880671978,
        "median": 1.10617852211,
        "min": 0.306928753853,
        "var": 0.196891441941
    },
    "spectral_spread": {
        "dmean": 212517.65625,
        "dmean2": 327559.03125,
        "dvar": 364519686144,
        "dvar2": 239401828352,
        "max": 23423142,
        "mean": 1846903,
        "median": 1777611.625,
        "min": 1099174.5,
        "var": 669732569088
    },
    "spectral_strongpeak": {
        "dmean": 1.25483810902,
        "dmean2": 2.1533062458,
        "dvar": 2.69470787048,
        "dvar2": 6.89637947083,
        "max": 13.8688631058,
        "mean": 1.6991866827,
        "median": 0.62418627739,
        "min": 0.0358318127692,
        "var": 4.65038919449
    },
    "zerocrossingrate": {
        "dmean": 0.0071905227378,
        "dmean2": 0.00945426523685,
        "dvar": 4.41025767941e-05,
        "dvar2": 6.76443742123e-05,
        "max": 0.1142578125,
        "mean": 0.0701685100794,
        "median": 0.07421875,
        "min": 0.0126953125,
        "var": 0.000328771187924
    },
    "barkbands": {
        "dmean": [3.42335370078e-05, 0.002837640699, 0.000680765951984, 0.000810045690741, 0.000707266444806, 0.000168766171555, 0.000152201770106, 9.80136173894e-05, 0.00173079641536, 0.000401568919187, 0.000300190527923, 0.000816996383946, 0.000197924673557, 0.00163085164968, 0.00130878179334, 0.00121656642295, 0.00143355329055, 0.000836898572743, 0.00060708419187, 9.64943756117e-05, 8.04178780527e-05, 1.33334833663e-05, 8.91410877557e-07, 1.7394953602e-06, 5.01310012169e-07, 2.86708143449e-07, 1.49916008496e-08],
        "dmean2": [5.76153543079e-05, 0.00448779668659, 0.00119685928803, 0.00128965871409, 0.00130244123284, 0.000292371609248, 0.000268935255008, 0.000170415805769, 0.00322633166797, 0.000692295783665, 0.000514297164045, 0.00149480253458, 0.000343856576364, 0.00287191523239, 0.00221786205657, 0.00203265529126, 0.00241094455123, 0.00144723511767, 0.00103190611117, 0.000163049728144, 0.00014313099382, 2.26580214076e-05, 1.53867540575e-06, 2.94761093755e-06, 8.65797460392e-07, 5.15235853982e-07, 2.22267590999e-08],
        "dvar": [3.28213944911e-09, 1.51387839651e-05, 1.23899417304e-06, 2.45503088081e-06, 1.50386188125e-06, 1.12168386579e-07, 1.84818318871e-07, 6.28160989891e-08, 3.01889258481e-06, 5.65791197005e-07, 3.78609087193e-07, 1.24409871205e-06, 3.56979484195e-07, 4.70791064799e-06, 4.9188720368e-06, 3.13656187245e-06, 2.97618839795e-06, 1.75405580194e-06, 5.76883053327e-07, 2.01188825599e-08, 2.92126305368e-08, 1.96683225262e-09, 8.08942149377e-12, 3.12025683069e-11, 2.90430440114e-12, 1.55750434251e-12, 6.64622284481e-15],
        "dvar2": [9.23836207534e-09, 3.53899486072e-05, 3.40631140716e-06, 5.11042026119e-06, 4.59005832454e-06, 2.84196829625e-07, 5.38268182027e-07, 1.64997260299e-07, 9.81594712357e-06, 1.33462617669e-06, 9.92538957689e-07, 3.54802068614e-06, 9.86497070699e-07, 1.36157614179e-05, 1.38737314046e-05, 7.7195754784e-06, 7.62933223086e-06, 5.01045724377e-06, 1.41748796523e-06, 5.10466762194e-08, 8.41711766952e-08, 4.54369963876e-09, 1.9481629851e-11, 7.58869911355e-11, 6.76944004324e-12, 3.96638841563e-12, 9.39679971069e-15],
        "max": [0.00051999441348, 0.0399317666888, 0.00963054411113, 0.0191667713225, 0.0188978109509, 0.00372593523934, 0.00525304442272, 0.00410487689078, 0.0110156862065, 0.010889573954, 0.00710448343307, 0.00946644786745, 0.0103899845853, 0.0166854057461, 0.0276480298489, 0.0178302973509, 0.023211825639, 0.0148328244686, 0.0121178226545, 0.00194014492445, 0.00126648007426, 0.00107192783616, 6.69811852276e-05, 9.43368213484e-05, 2.85858368443e-05, 1.50536034198e-05, 1.94591098079e-06],
        "mean": [4.25850739703e-05, 0.00451273145154, 0.000772962113842, 0.00117693690117, 0.000832927471492, 0.000169415259734, 0.000166687750607, 0.000130185799208, 0.00186143862084, 0.000567499664612, 0.000306934933178, 0.000899403763469, 0.000300337153021, 0.002095235046, 0.00200345693156, 0.00185086380225, 0.00238038902171, 0.00124554464128, 0.000928662833758, 0.000158617636771, 9.11559764063e-05, 1.5359461031e-05, 1.2071417359e-06, 2.30836417359e-06, 7.36677236546e-07, 2.70783800715e-07, 4.15097289874e-08],
        "median": [2.21411955863e-05, 0.00198968546465, 0.000347716239048, 0.000287596281851, 0.000487415672978, 5.42671186849e-05, 4.26371116191e-05, 5.01516224176e-05, 0.0013028930407, 0.000231147234445, 0.000127160936245, 0.000571206677705, 8.71335287229e-05, 0.00124829728156, 0.000988940824755, 0.00115839182399, 0.0018082857132, 0.000939241494052, 0.000629087036941, 0.000116029783385, 4.78592664876e-05, 7.47674266677e-06, 8.01290468644e-07, 1.30167370571e-06, 4.56294941387e-07, 9.20648446368e-08, 3.07861469651e-08],
        "min": [2.55731379184e-07, 1.54646440933e-05, 4.76009881822e-06, 2.56756675299e-06, 1.81762243301e-05, 8.26918494568e-07, 4.16486898303e-07, 9.403910326e-07, 2.68317780865e-05, 5.36165862286e-06, 1.83276415555e-06, 7.34161039873e-06, 1.32266950459e-06, 2.73259720416e-05, 1.32730929181e-05, 3.67731081496e-05, 2.35900715779e-05, 1.5742440155e-05, 1.16766404972e-05, 3.47387685906e-06, 2.81574079963e-06, 3.88565723597e-07, 4.16377723411e-08, 7.4233710734e-08, 2.56589505199e-08, 3.03302494231e-09, 3.04089553538e-09],
        "var": [3.49957662849e-09, 3.67451175407e-05, 1.21710718304e-06, 5.20840330864e-06, 1.50072116867e-06, 1.17225106067e-07, 1.73717324969e-07, 1.06259882671e-07, 3.15951865559e-06, 1.32464538183e-06, 3.09275691279e-07, 9.99693497761e-07, 7.14071575203e-07, 5.50781851416e-06, 8.11036534287e-06, 5.05169555254e-06, 4.32510751125e-06, 1.53802784553e-06, 1.08365713913e-06, 2.69462407942e-08, 2.17144364711e-08, 2.11972572828e-09, 7.680725847e-12, 3.03206799945e-11, 2.88420285918e-12, 1.31215372769e-12, 7.25599932244e-15]
    },
    "erbbands": {
        "dmean": [0.0801743790507, 0.651625990868, 0.745409786701, 2.03011536598, 2.06271076202, 3.07640504837, 1.31129443645, 1.37570405006, 0.878466844559, 3.24964332581, 6.4605550766, 49.2928199768, 11.5340833664, 14.1312084198, 17.4513263702, 31.7297267914, 7.33628416061, 46.5197410583, 92.4056854248, 54.227142334, 59.3977928162, 79.1274032593, 36.8815994263, 52.6416625977, 15.7819890976, 4.65763759613, 3.12758469582, 2.65397429466, 0.616379737854, 0.117787599564, 0.0270845647901, 0.0411411374807, 0.022724352777, 0.0100916149095, 0.00136336695869, 0.00159012665972, 0.000405949220294, 2.81041066046e-05, 5.94201992499e-06, 9.24032065086e-06],
        "dmean2": [0.12453802675, 1.03101301193, 1.28365457058, 3.20966672897, 3.60239434242, 5.6044626236, 2.29137516022, 2.37869381905, 1.54939579964, 5.68822383881, 11.6668510437, 91.8739547729, 21.2948703766, 24.2358989716, 30.8778209686, 58.0748596191, 12.9790821075, 81.5562973022, 158.562255859, 91.9563064575, 99.7561264038, 132.733718872, 61.0701217651, 88.8276672363, 27.1899051666, 7.84809875488, 5.58054208755, 4.73054456711, 1.05461454391, 0.200253367424, 0.045911937952, 0.0693271160126, 0.0389476008713, 0.0174484401941, 0.00234531215392, 0.00281707174145, 0.00071970501449, 4.52710082754e-05, 9.77167655947e-06, 1.5800467736e-05],
        "dvar": [0.0119455885142, 0.813024044037, 1.24925339222, 13.9819564819, 9.65513515472, 24.5402164459, 6.52294969559, 7.86396837234, 5.06132173538, 87.3405380249, 78.3565139771, 2459.82373047, 169.139328003, 880.317199707, 749.964904785, 1781.23010254, 205.953720093, 5122.99365234, 18039.8066406, 6038.12255859, 6919.69335938, 10354.2587891, 2086.38623047, 5244.9140625, 453.522094727, 52.7153396606, 49.2287712097, 30.3011550903, 3.55453372002, 0.215851426125, 0.00492906570435, 0.0180312227458, 0.00482658389956, 0.00112077442463, 4.14705755247e-05, 4.81300194224e-05, 2.7375431273e-06, 1.88842701476e-08, 1.4466644549e-10, 5.43586183011e-11],
        "dvar2": [0.0258840955794, 1.99298262596, 3.52713012695, 30.0328445435, 28.5457706451, 72.3146896362, 15.5802354813, 20.4991436005, 14.8625421524, 251.929977417, 228.717956543, 8044.95507812, 486.78515625, 2249.05322266, 1946.65588379, 5050.12695312, 567.298034668, 14306.15625, 50314.3359375, 15448.4599609, 17386.8632812, 27912.3769531, 5538.03027344, 13863.1396484, 1207.94677734, 133.953475952, 139.932327271, 87.0852508545, 8.4027557373, 0.524228334427, 0.0108951218426, 0.0454460941255, 0.0113460989669, 0.00257463473827, 9.00295417523e-05, 0.000123225414427, 7.45442912375e-06, 4.01054940369e-08, 2.48534998137e-10, 1.49494430723e-10],
        "max": [1.2979722023, 9.63810634613, 11.6314582825, 45.442489624, 39.6620063782, 74.9785690308, 30.7051620483, 31.2526836395, 29.0289916992, 125.197532654, 128.757476807, 303.683013916, 124.278205872, 396.890258789, 290.846191406, 351.761047363, 194.097625732, 784.89666748, 1695.73168945, 809.464904785, 864.734680176, 1471.65893555, 439.550598145, 922.879211426, 215.154281616, 100.348571777, 78.4411315918, 36.1305122375, 43.8598899841, 10.9426774979, 1.55598473549, 2.000613451, 1.19157981873, 0.561694502831, 0.123788587749, 0.0889183655381, 0.0207436550409, 0.00224459543824, 0.000276852952084, 6.14433956798e-05],
        "mean": [0.131265312433, 1.00473463535, 1.05300164223, 2.94165468216, 2.76355004311, 3.33484196663, 1.52602374554, 1.37422013283, 1.08175396919, 3.69428014755, 7.93291330338, 52.1312904358, 15.4430913925, 20.9045124054, 20.234375, 35.4311523438, 12.7404069901, 70.2169265747, 146.634658813, 83.475189209, 100.462692261, 129.540115356, 68.9859313965, 77.4752883911, 25.8792304993, 7.88028764725, 3.7229912281, 3.0556538105, 0.725873410702, 0.138756617904, 0.0389308743179, 0.0529336594045, 0.0308997668326, 0.0148477777839, 0.00201098271646, 0.00159518816508, 0.000369059853256, 3.3867523598e-05, 1.91303934116e-05, 2.93190023513e-05],
        "median": [0.0543409176171, 0.454711079597, 0.592611253262, 0.819851994514, 1.56411874294, 1.83595955372, 0.700936198235, 0.433979779482, 0.424134045839, 1.14229500294, 4.93550682068, 35.1720504761, 11.2982110977, 8.03552436829, 12.0150136948, 23.0733261108, 6.62548589706, 43.3071517944, 91.1026229858, 53.3104782104, 68.6067047119, 98.3135147095, 54.9406433105, 56.2170639038, 18.3234653473, 5.83916854858, 2.11739969254, 1.53068733215, 0.363181054592, 0.074434004724, 0.025732409209, 0.0299531426281, 0.0177699979395, 0.00928174052387, 0.00113917305134, 0.000610422692262, 0.000121935205243, 1.60413856065e-05, 1.77979745786e-05, 2.86258546112e-05],
        "min": [0.00056851824047, 0.00311151728965, 0.0103385308757, 0.0200748071074, 0.0550972595811, 0.0490821525455, 0.0351802892983, 0.0144504373893, 0.00473450636491, 0.0372578091919, 0.190282687545, 0.60114300251, 0.262609958649, 0.273335009813, 0.40977743268, 0.393708050251, 0.198676407337, 0.887615859509, 1.17070150375, 1.5538213253, 1.6896597147, 1.29614126682, 0.616155445576, 0.78745752573, 0.491823524237, 0.202596232295, 0.113725714386, 0.0816937536001, 0.0204933416098, 0.00414002081379, 0.00148348172661, 0.00183989282232, 0.000859100488015, 0.000512239406817, 8.81370506249e-05, 3.45793232555e-05, 8.60792351887e-06, 1.34632455229e-06, 3.06990500576e-06, 3.96640507461e-06],
        "var": [0.0343504883349, 1.78731191158, 1.52470624447, 29.2449817657, 12.9744615555, 23.4363708496, 8.50884723663, 7.99688148499, 4.64333581924, 83.8988265991, 122.201263428, 2591.49047852, 212.116775513, 1942.50964355, 691.001281738, 1474.19274902, 425.812133789, 7018.5546875, 29247.7949219, 9819.39453125, 11084.8564453, 13239.1455078, 3166.01806641, 6921.0546875, 666.799255371, 69.1319732666, 37.1557006836, 23.4739303589, 3.76127314568, 0.19990183413, 0.00584597885609, 0.0161140505224, 0.00519443815574, 0.00111881049816, 4.32735287177e-05, 4.04613710998e-05, 2.15163481698e-06, 1.93496134671e-08, 1.73371747514e-10, 1.26262292288e-10]
    },
    "gfcc": {
        "mean": [-38.7915496826, 134.149307251, -189.405670166, 47.1620979309, -7.10902643204, 2.93380308151, -14.8067836761, 14.8204126358, -12.0457401276, -13.8948802948, -15.6887054443, -18.4606018066, 2.37745141983],
        "cov": [[887.436584473, -172.960861206, -177.479904175, -56.5287857056, -143.859680176, -59.7116012573, -79.1497421265, -53.8115501404, -90.6809997559, 30.1358547211, -22.7874202728, 62.511089325, -33.4867324829], [-172.960861206, 352.690765381, 154.496353149, 23.3488197327, 58.9038963318, -30.8764781952, 41.1099700928, -21.0376300812, 28.0333423615, -25.3610935211, 38.3817253113, -8.4129076004, 18.0701942444], [-177.479904175, 154.496353149, 411.116455078, 227.114730835, 58.9725074768, 13.6073055267, 2.84813046455, -2.16167545319, 3.07933139801, 21.5874900818, 5.88185548782, 47.1176300049, 4.57318735123], [-56.5287857056, 23.3488197327, 227.114730835, 260.679412842, 105.312843323, 37.6521186829, 18.5535697937, -21.4247131348, 1.86184334755, 32.2767105103, 11.1611270905, 34.4816398621, 18.2057437897], [-143.859680176, 58.9038963318, 58.9725074768, 105.312843323, 176.398574829, 72.9247665405, 52.8509750366, -12.9534235001, 27.023147583, 10.0052700043, 14.7622671127, -10.5654935837, 28.2001209259], [-59.7116012573, -30.8764781952, 13.6073055267, 37.6521186829, 72.9247665405, 110.698310852, 62.1132316589, 15.3845472336, 3.38702225685, 11.6428985596, 7.43751239777, -9.42858028412, 11.0363922119], [-79.1497421265, 41.1099700928, 2.84813046455, 18.5535697937, 52.8509750366, 62.1132316589, 100.619773865, 32.5953826904, 17.7004451752, -3.04354381561, 11.1359119415, -13.4898633957, 5.41928958893], [-53.8115501404, -21.0376300812, -2.16167545319, -21.4247131348, -12.9534235001, 15.3845472336, 32.5953826904, 91.4031448364, 43.2823066711, -6.13664531708, -5.96669244766, -14.1327285767, -12.0015926361], [-90.6809997559, 28.0333423615, 3.07933139801, 1.86184334755, 27.023147583, 3.38702225685, 17.7004451752, 43.2823066711, 84.7633285522, 23.3020477295, 1.06371855736, -14.0512638092, 2.84842634201], [30.1358547211, -25.3610935211, 21.5874900818, 32.2767105103, 10.0052700043, 11.6428985596, -3.04354381561, -6.13664531708, 23.3020477295, 67.8126754761, 19.0884990692, 15.0075349808, 5.33559989929], [-22.7874202728, 38.3817253113, 5.88185548782, 11.1611270905, 14.7622671127, 7.43751239777, 11.1359119415, -5.96669244766, 1.06371855736, 19.0884990692, 52.1731491089, 15.1575546265, 11.5076694489], [62.511089325, -8.4129076004, 47.1176300049, 34.4816398621, -10.5654935837, -9.42858028412, -13.4898633957, -14.1327285767, -14.0512638092, 15.0075349808, 15.1575546265, 60.6672935486, 15.9581069946], [-33.4867324829, 18.0701942444, 4.57318735123, 18.2057437897, 28.2001209259, 11.0363922119, 5.41928958893, -12.0015926361, 2.84842634201, 5.33559989929, 11.5076694489, 15.9581069946, 44.1621780396]],
        "icov": [[0.00239870138466, -0.00179264461622, 0.00329685723409, -0.00229759793729, 0.00145281653386, -0.00109605968464, 0.00163079309277, -0.00137457053643, 0.00311855901964, -0.00313384155743, 0.00335598946549, -0.00388442911208, 0.00263730366714], [-0.00179264461622, 0.0123430592939, -0.0107565466315, 0.00844642519951, -0.00417221523821, 0.00912194233388, -0.00976089201868, 0.00924307666719, -0.00840313173831, 0.00912598706782, -0.0117781208828, 0.00784260500222, -0.00500908168033], [0.00329685723409, -0.0107565466315, 0.0159360412508, -0.0130330380052, 0.00492946989834, -0.00769667094573, 0.009133416228, -0.00895256176591, 0.00827145203948, -0.00838979240507, 0.0115798180923, -0.0110752126202, 0.00731051759794], [-0.00229759793729, 0.00844642519951, -0.0130330380052, 0.0171600729227, -0.00874372851104, 0.00691865803674, -0.00735577102751, 0.00648935651407, -0.0043990383856, 0.00339936395176, -0.00710383942351, 0.00437124678865, -0.00425770645961], [0.00145281653386, -0.00417221523821, 0.00492946989834, -0.00874372851104, 0.0165686700493, -0.010122846812, 0.00143390672747, 0.00350372632965, -0.00422862637788, 0.00106545176823, 0.00188521761447, 0.000277369079413, -0.00181862374302], [-0.00109605968464, 0.00912194233388, -0.00769667094573, 0.00691865803674, -0.010122846812, 0.0264137387276, -0.0156032694504, 0.00139984849375, 0.0023918163497, -0.000929314526729, -0.00581393390894, 0.00736026931554, -0.00564721086994], [0.00163079309277, -0.00976089201868, 0.009133416228, -0.00735577102751, 0.00143390672747, -0.0156032694504, 0.0265621375293, -0.0122706228867, 0.00564432423562, -0.00376511830837, 0.00499932328239, -0.00523862056434, 0.00438773119822], [-0.00137457053643, 0.00924307666719, -0.00895256176591, 0.00648935651407, 0.00350372632965, 0.00139984849375, -0.0122706228867, 0.0291760973632, -0.020751170814, 0.013762338087, -0.00914759468287, 0.00477327266708, 0.000609570764937], [0.00311855901964, -0.00840313173831, 0.00827145203948, -0.0043990383856, -0.00422862637788, 0.0023918163497, 0.00564432423562, -0.020751170814, 0.0335532315075, -0.0209929030389, 0.0124370837584, -0.00254172389396, 0.000580314081162], [-0.00313384155743, 0.00912598706782, -0.00838979240507, 0.00339936395176, 0.00106545176823, -0.000929314526729, -0.00376511830837, 0.013762338087, -0.0209929030389, 0.0333631262183, -0.0179588124156, 0.0034179771319, -0.0021213083528], [0.00335598946549, -0.0117781208828, 0.0115798180923, -0.00710383942351, 0.00188521761447, -0.00581393390894, 0.00499932328239, -0.00914759468287, 0.0124370837584, -0.0179588124156, 0.0375486724079, -0.0145072666928, 0.00306861684658], [-0.00388442911208, 0.00784260500222, -0.0110752126202, 0.00437124678865, 0.000277369079413, 0.00736026931554, -0.00523862056434, 0.00477327266708, -0.00254172389396, 0.0034179771319, -0.0145072666928, 0.0352535657585, -0.0160937607288], [0.00263730366714, -0.00500908168033, 0.00731051759794, -0.00425770645961, -0.00181862374302, -0.00564721086994, 0.00438773119822, 0.000609570764937, 0.000580314081162, -0.0021213083528, 0.00306861684658, -0.0160937607288, 0.035125952214]]
    },
    "melbands": {
        "dmean": [0.000785183859989, 0.000495191372465, 0.000322125357343, 0.000190855178516, 5.71572527406e-05, 3.00701558444e-05, 1.89921920537e-05, 3.06529982481e-05, 9.10093658604e-05, 0.000299614592222, 5.03018018208e-05, 5.84047738812e-05, 4.9764123105e-05, 0.000108923966764, 2.8118276532e-05, 3.09956267301e-05, 0.000104051236121, 0.000175005116034, 7.88365505286e-05, 8.77437923918e-05, 7.07621584297e-05, 8.28243501019e-05, 5.85468987992e-05, 4.15199247072e-05, 4.70372397103e-05, 1.56869209604e-05, 5.63451521884e-06, 2.75671936834e-06, 1.54682470566e-06, 2.77348704003e-06, 1.0442652183e-06, 3.41618999755e-07, 2.01698512114e-07, 2.56769556728e-08, 1.41283820199e-08, 2.01010745826e-08, 2.87926216203e-08, 1.85307360567e-08, 1.08260858056e-08, 7.71702524105e-09],
        "dmean2": [0.00122452422511, 0.000818080909085, 0.000512867933139, 0.000348550995113, 0.000101546589576, 5.18719753018e-05, 3.36232842528e-05, 5.34047758265e-05, 0.000167751364643, 0.000558049825486, 9.16690914892e-05, 9.95841764961e-05, 8.63595923875e-05, 0.000199712114409, 5.14763305546e-05, 5.39339489478e-05, 0.000183643613127, 0.000301615305943, 0.000132420638693, 0.000149141182192, 0.000120746859466, 0.000140322765219, 9.62805206655e-05, 7.12863038643e-05, 7.94236329966e-05, 2.73350087809e-05, 9.62114063441e-06, 4.68570851808e-06, 2.78933930531e-06, 4.96452321386e-06, 1.85791429885e-06, 5.78411629704e-07, 3.48071523604e-07, 4.5358355294e-08, 2.46646809643e-08, 3.44254331708e-08, 4.83209916524e-08, 3.16540571532e-08, 1.9013675967e-08, 1.35305269211e-08],
        "dvar": [1.13866610718e-06, 4.79510561036e-07, 3.33629969873e-07, 1.00680757953e-07, 9.3019512093e-09, 3.68621400071e-09, 2.60950949738e-09, 7.79565656472e-09, 1.32662645314e-08, 8.64020606173e-08, 3.74899578048e-09, 1.63157505284e-08, 9.2627532311e-09, 2.28337739827e-08, 1.37362321517e-09, 7.69588037741e-09, 2.23858300785e-08, 5.54473373882e-08, 1.34118183226e-08, 1.84780528656e-08, 8.17813816667e-09, 1.10070317305e-08, 4.93794072298e-09, 4.55839765934e-09, 4.0418184355e-09, 4.88683704614e-10, 5.46540833424e-11, 2.35827763567e-11, 1.4707953605e-11, 3.51023897449e-11, 4.61639971042e-12, 8.76866938435e-13, 1.18751547224e-12, 6.58356061792e-15, 1.33257277317e-15, 4.0717013535e-15, 8.80596543086e-15, 3.33068537926e-15, 8.392906426e-16, 8.53525084218e-16],
        "dvar2": [2.5492390705e-06, 1.3054742567e-06, 7.25544055058e-07, 3.11185175406e-07, 2.18905018556e-08, 9.50792156118e-09, 7.66346275327e-09, 2.25370335727e-08, 4.1376893023e-08, 2.80498596794e-07, 1.03575024113e-08, 4.09409359747e-08, 2.4028178558e-08, 6.54276419709e-08, 3.80133746702e-09, 2.14044728608e-08, 6.3779133086e-08, 1.54099296878e-07, 3.4761008294e-08, 4.44998669025e-08, 2.06346282283e-08, 2.96546165401e-08, 1.21142944565e-08, 1.31156356886e-08, 1.0418641061e-08, 1.34156541431e-09, 1.36766500902e-10, 6.04816335903e-11, 4.19113008188e-11, 1.01539061881e-10, 1.31195722688e-11, 1.98930867439e-12, 3.11664301138e-12, 1.74246586533e-14, 3.06930604657e-15, 9.9764988954e-15, 2.26873793867e-14, 7.89293675855e-15, 1.97264105482e-15, 1.94950350283e-15],
        "max": [0.011811918579, 0.00782769732177, 0.00666996557266, 0.0050844065845, 0.0013047583634, 0.000694020302035, 0.000618716876488, 0.00115081761032, 0.00112460146192, 0.00193215487525, 0.000606960034929, 0.00171070487704, 0.00110241619404, 0.00127266184427, 0.000256247178186, 0.00109946820885, 0.00132739602122, 0.00258830119856, 0.00144653278403, 0.00152288295794, 0.00076852098573, 0.00135007745121, 0.000918008794542, 0.000758498266805, 0.000873574055731, 0.000222893111641, 9.15987839107e-05, 7.76877132012e-05, 5.27635856997e-05, 4.22534540121e-05, 1.59060200531e-05, 2.18886361836e-05, 2.50640187005e-05, 1.7474986862e-06, 8.50788410389e-07, 1.07863434096e-06, 1.24929897538e-06, 9.71431290964e-07, 4.52336877288e-07, 5.48708214865e-07],
        "mean": [0.0012691084994, 0.000825956929475, 0.000479987793369, 0.000228643417358, 6.85684281052e-05, 2.98204940918e-05, 2.22011149162e-05, 3.5208362533e-05, 9.32611656026e-05, 0.000320680468576, 6.32792216493e-05, 8.56904734974e-05, 5.26274961885e-05, 0.000118466436106, 3.24609645759e-05, 4.75429915241e-05, 0.000142937453347, 0.000258390180534, 0.000126176528283, 0.000121519624372, 0.000115159251436, 0.000132231463795, 9.69571337919e-05, 5.77831560804e-05, 6.63597020321e-05, 2.3797772883e-05, 9.55431733018e-06, 4.04312368119e-06, 1.79479479812e-06, 2.97150086226e-06, 1.22527637814e-06, 4.02449956027e-07, 2.00060682687e-07, 3.08947107897e-08, 1.89221704971e-08, 2.58540033826e-08, 3.51009354915e-08, 2.4194006798e-08, 1.5243282192e-08, 1.10112514662e-08],
        "median": [0.000536411476787, 0.00048260850599, 0.000153231143486, 0.000144366189488, 3.74606170226e-05, 9.57895645115e-06, 7.5426632975e-06, 1.09082939161e-05, 5.10165627929e-05, 0.00022040658223, 4.11994878959e-05, 2.96802554658e-05, 2.49388340308e-05, 7.58833703003e-05, 2.08665933314e-05, 1.31146425701e-05, 8.70712392498e-05, 0.000165302946698, 6.99546653777e-05, 6.57717391732e-05, 7.94590741862e-05, 9.71967165242e-05, 7.22543045413e-05, 4.09651183872e-05, 4.58441390947e-05, 1.66473764693e-05, 7.25489962861e-06, 2.67684458777e-06, 1.02332376173e-06, 1.51151118644e-06, 6.06906667144e-07, 2.03696515655e-07, 8.25824386652e-08, 1.94678690946e-08, 1.27441941444e-08, 1.51080072897e-08, 1.94651672558e-08, 1.38521372151e-08, 9.40363253932e-09, 6.66508315206e-09],
        "min": [5.11295547767e-06, 4.98601821164e-06, 4.65792618343e-06, 5.53861355002e-06, 2.07123116525e-06, 1.20860832453e-07, 4.75756039009e-08, 2.70313819328e-07, 1.27086650537e-06, 3.48829075847e-06, 9.91899923974e-07, 9.84320990938e-07, 6.48075172194e-07, 7.11662266895e-07, 6.46304044949e-07, 2.29968364351e-07, 1.84816349247e-06, 1.6197129753e-06, 1.17096908525e-06, 2.04759385269e-06, 1.59939668265e-06, 1.57055808359e-06, 5.30153954514e-07, 7.33703132028e-07, 6.06383650847e-07, 4.76475094047e-07, 1.52526610009e-07, 1.21661443586e-07, 5.31394306336e-08, 8.52351789149e-08, 3.34301759608e-08, 1.07531805682e-08, 4.36379332669e-09, 8.43527414585e-10, 7.54275919501e-10, 8.19098455729e-10, 1.18669574167e-09, 5.61355517625e-10, 5.11123809943e-10, 3.68090169456e-10],
        "var": [3.05781827592e-06, 8.78176820152e-07, 6.82026666254e-07, 9.37789792488e-08, 1.29415074213e-08, 3.76766617904e-09, 2.38949970921e-09, 7.39504413261e-09, 1.540205119e-08, 9.49062481936e-08, 4.84294071512e-09, 3.69280250823e-08, 7.78069786378e-09, 1.80819501594e-08, 1.27250843196e-09, 1.28524773046e-08, 2.74807625544e-08, 8.43792165028e-08, 2.9561780579e-08, 2.93517636862e-08, 1.27764412383e-08, 1.40851907915e-08, 8.73128680468e-09, 4.06446254431e-09, 5.81737369387e-09, 6.33267716044e-10, 8.80407413639e-11, 2.61323115924e-11, 1.06951695764e-11, 2.48161005634e-11, 3.89538661744e-12, 1.04971836345e-12, 9.02181703909e-13, 5.22368352594e-15, 1.37528282135e-15, 4.02870977274e-15, 7.34550698804e-15, 3.58749581623e-15, 8.81015591461e-16, 8.2148468656e-16]
    },
    "mfcc": {
        "mean": [-659.59161377, 150.710708618, -86.3028945923, 46.84167099, 21.8262062073, 3.10845851898, 14.7145185471, 13.4215688705, 20.0616111755, 6.99908256531, 3.7803800106, -3.71975708008, -16.230014801],
        "cov": [[1033.12658691, -191.45930481, -191.134902954, -112.633583069, -156.559951782, -68.3243331909, -57.7199325562, -83.8651428223, -75.9802093506, -81.5631713867, -48.5648727417, -3.12625432014, -6.47975492477], [-191.45930481, 335.131896973, 65.5009231567, 22.1372241974, 8.99242401123, -12.1092729568, 7.2947716713, 10.25004673, 3.5906252861, -10.0688209534, -7.33278942108, 17.168794632, 26.1548900604], [-191.134902954, 65.5009231567, 334.161071777, 175.649459839, 55.7085037231, 28.9613056183, 7.40609359741, 11.9732027054, 2.32360029221, -32.7488937378, -16.6282558441, 33.0654411316, 49.4680786133], [-112.633583069, 22.1372241974, 175.649459839, 223.013168335, 95.9344940186, 72.8502731323, 18.600610733, -3.51098394394, 15.8031158447, -23.6384315491, -15.1809673309, 21.3318843842, 39.8277435303], [-156.559951782, 8.99242401123, 55.7085037231, 95.9344940186, 130.828613281, 76.2466506958, 25.4898815155, 9.00839519501, 23.9654846191, 16.0474357605, 0.116650953889, 2.39827513695, 13.2795448303], [-68.3243331909, -12.1092729568, 28.9613056183, 72.8502731323, 76.2466506958, 146.62387085, 73.0191879272, -1.62759971619, 16.6646537781, 2.90731167793, 3.29982209206, -1.72641468048, 5.49539232254], [-57.7199325562, 7.2947716713, 7.40609359741, 18.600610733, 25.4898815155, 73.0191879272, 117.490814209, 33.5851478577, 6.88057804108, 6.63421678543, 13.9268712997, -8.99464130402, -12.366271019], [-83.8651428223, 10.25004673, 11.9732027054, -3.51098394394, 9.00839519501, -1.62759971619, 33.5851478577, 87.2793426514, 30.7189693451, 20.2952899933, 13.9464607239, -0.722098052502, -3.72452425957], [-75.9802093506, 3.5906252861, 2.32360029221, 15.8031158447, 23.9654846191, 16.6646537781, 6.88057804108, 30.7189693451, 73.8423614502, 33.2597579956, 12.9375228882, 11.8065729141, 6.48036289215], [-81.5631713867, -10.0688209534, -32.7488937378, -23.6384315491, 16.0474357605, 2.90731167793, 6.63421678543, 20.2952899933, 33.2597579956, 76.2859573364, 38.3686790466, -2.13278079033, -8.37980556488], [-48.5648727417, -7.33278942108, -16.6282558441, -15.1809673309, 0.116650953889, 3.29982209206, 13.9268712997, 13.9464607239, 12.9375228882, 38.3686790466, 65.9033050537, 12.1774015427, -9.91205215454], [-3.12625432014, 17.168794632, 33.0654411316, 21.3318843842, 2.39827513695, -1.72641468048, -8.99464130402, -0.722098052502, 11.8065729141, -2.13278079033, 12.1774015427, 54.0475463867, 27.4706993103], [-6.47975492477, 26.1548900604, 49.4680786133, 39.8277435303, 13.2795448303, 5.49539232254, -12.366271019, -3.72452425957, 6.48036289215, -8.37980556488, -9.91205215454, 27.4706993103, 63.7063293457]],
