{
"lowlevel": {
    "average_loudness": 0.986341416836,
    "barkbands_crest": {
        "dmean": 2.76533699036,
        "dmean2": 4.84298181534,
        "dvar": 6.94343614578,
        "dvar2": 20.3309116364,
        "max": 19.7255325317,
        "mean": 8.84044647217,
        "median": 8.0018415451,
        "min": 3.29896426201,
        "var": 15.1639642715
    },
    "barkbands_flatness_db": {
        "dmean": 0.0186723116785,
        "dmean2": 0.0308837331831,
        "dvar": 0.000276871374808,
        "dvar2": 0.00070603453787,
        "max": 0.252896606922,
        "mean": 0.150113776326,
        "median": 0.152959644794,
        "min": 0.0758943930268,
        "var": 0.00120313966181
    },
    "barkbands_kurtosis": {
        "dmean": 1.2078666687,
        "dmean2": 1.96942818165,
        "dvar": 2.21160674095,
        "dvar2": 5.45874261856,
        "max": 12.0794677734,
        "mean": -0.0506064109504,
        "median": -0.929012298584,
        "min": -1.90923261642,
        "var": 6.12172651291
    },
    "barkbands_skewness": {
        "dmean": 0.585479021072,
        "dmean2": 0.965562462807,
        "dvar": 0.260579884052,
        "dvar2": 0.661166369915,
        "max": 3.56031322479,
        "mean": -0.142756387591,
        "median": -0.280571877956,
        "min": -3.02145195007,
        "var": 1.31094229221
    },
    "barkbands_spread": {
        "dmean": 7.23163509369,
        "dmean2": 12.3862829208,
        "dvar": 38.2228622437,
        "dvar2": 93.3250808716,
        "max": 57.1378517151,
        "mean": 35.8246917725,
        "median": 36.7635955811,
        "min": 7.88650941849,
        "var": 115.625320435
    },
    "dissonance": {
        "dmean": 0.00516576040536,
        "dmean2": 0.00850900355726,
        "dvar": 2.15059772017e-05,
        "dvar2": 5.04109775648e-05,
        "max": 0.499832093716,
        "mean": 0.490439027548,
        "median": 0.491259843111,
        "min": 0.458060264587,
        "var": 4.21965996793e-05
    },
    "dynamic_complexity": 1.69606053829,
    "erbbands_crest": {
        "dmean": 2.25997257233,
        "dmean2": 3.80881547928,
        "dvar": 5.14815425873,
        "dvar2": 12.0456676483,
        "max": 19.6272792816,
        "mean": 8.94750785828,
        "median": 8.39292430878,
        "min": 4.4201335907,
        "var": 8.00458621979
    },
    "erbbands_flatness_db": {
        "dmean": 0.0134036233649,
        "dmean2": 0.0213357452303,
        "dvar": 0.000115553513751,
        "dvar2": 0.000270108255791,
        "max": 0.296363681555,
        "mean": 0.228965401649,
        "median": 0.222390323877,
        "min": 0.177093207836,
        "var": 0.00077246298315
    },
    "erbbands_kurtosis": {
        "dmean": 1.87963593006,
        "dmean2": 3.08873319626,
        "dvar": 3.5602004528,
        "dvar2": 8.35752391815,
        "max": 17.1710186005,
        "mean": 4.04560136795,
        "median": 3.26316547394,
        "min": -1.06938838959,
        "var": 10.2006387711
    },
    "erbbands_skewness": {
        "dmean": 0.352261960506,
        "dmean2": 0.567206025124,
        "dvar": 0.0786738619208,
        "dvar2": 0.201806366444,
        "max": 0.144812643528,
        "mean": -1.39742410183,
        "median": -1.41446971893,
        "min": -2.79212617874,
        "var": 0.240064293146
    },
    "erbbands_spread": {
        "dmean": 4.61359024048,
        "dmean2": 7.45003032684,
        "dvar": 25.006280899,
        "dvar2": 59.7007827759,
        "max": 73.7175292969,
        "mean": 18.1140880585,
        "median": 16.0307331085,
        "min": 3.96118569374,
        "var": 98.8932418823
    },
    "hfc": {
        "dmean": 5.44799804688,
        "dmean2": 7.21756982803,
        "dvar": 25.7363910675,
        "dvar2": 52.0845489502,
        "max": 64.2956314087,
        "mean": 25.1492557526,
        "median": 22.7246379852,
        "min": 3.98315882683,
        "var": 203.83442688
    },
    "melbands_crest": {
        "dmean": 3.62735676765,
        "dmean2": 5.8038110733,
        "dvar": 9.21623039246,
        "dvar2": 24.809551239,
        "max": 27.8689727783,
        "mean": 13.228302002,
        "median": 11.9885969162,
        "min": 3.63999462128,
        "var": 32.8145446777
    },
    "melbands_flatness_db": {
        "dmean": 0.0263659879565,
        "dmean2": 0.0442471280694,
        "dvar": 0.000697490875609,
        "dvar2": 0.00175687682349,
        "max": 0.328215956688,
        "mean": 0.176239997149,
        "median": 0.166223138571,
        "min": 0.0826931148767,
        "var": 0.00267357355915
    },
    "melbands_kurtosis": {
        "dmean": 2.98473477364,
        "dmean2": 5.0750246048,
        "dvar": 25.3527145386,
        "dvar2": 57.6953277588,
        "max": 61.6026382446,
        "mean": 2.63884949684,
        "median": -0.239669084549,
        "min": -1.79912590981,
        "var": 68.6794204712
    },
    "melbands_skewness": {
        "dmean": 0.755116403103,
        "dmean2": 1.26364004612,
        "dvar": 0.498791992664,
        "dvar2": 1.20611107349,
        "max": 7.43868255615,
        "mean": 1.256960392,
        "median": 1.01785862446,
        "min": -1.73608243465,
        "var": 2.28051304817
    },
    "melbands_spread": {
        "dmean": 14.2756052017,
        "dmean2": 23.7494239807,
        "dvar": 178.433105469,
        "dvar2": 493.942962646,
        "max": 113.000679016,
        "mean": 59.6076126099,
        "median": 63.0922164917,
        "min": 6.31465530396,
        "var": 601.226623535
    },
    "pitch_salience": {
        "dmean": 0.07378783077,
        "dmean2": 0.126369923353,
        "dvar": 0.00470321998,
        "dvar2": 0.0124118532985,
        "max": 0.778863489628,
        "mean": 0.538715660572,
        "median": 0.556237459183,
        "min": 0.1937854141,
        "var": 0.0144547196105
    },
    "silence_rate_20dB": {
        "dmean": 0,
        "dmean2": 0,
        "dvar": 0,
        "dvar2": 0,
        "max": 1,
        "mean": 1,
        "median": 1,
        "min": 1,
        "var": 0
    },
    "silence_rate_30dB": {
        "dmean": 0,
        "dmean2": 0,
        "dvar": 0,
        "dvar2": 0,
        "max": 1,
        "mean": 1,
        "median": 1,
        "min": 1,
        "var": 0
    },
    "silence_rate_60dB": {
        "dmean": 0,
        "dmean2": 0,
        "dvar": 0,
        "dvar2": 0,
        "max": 0,
        "mean": 0,
        "median": 0,
        "min": 0,
        "var": 0
    },
    "spectral_centroid": {
        "dmean": 147.875671387,
        "dmean2": 231.854980469,
        "dvar": 18331.7832031,
        "dvar2": 43438.140625,
        "max": 3216.04589844,
        "mean": 2474.99658203,
        "median": 2533.5534668,
        "min": 1424.01757812,
        "var": 104407.203125
    },
    "spectral_complexity": {
        "dmean": 4.57999992371,
        "dmean2": 7.05025148392,
        "dvar": 13.6236095428,
        "dvar2": 28.2085361481,
        "max": 51,
        "mean": 29.2238807678,
        "median": 29,
        "min": 4,
        "var": 88.3031158447
    },
    "spectral_decrease": {
        "dmean": 9.351446284e-10,
        "dmean2": 1.55231882903e-09,
        "dvar": 5.61877527123e-19,
        "dvar2": 1.83395930009e-18,
        "max": -9.71884794865e-10,
        "mean": -3.88839405119e-09,
        "median": -4.13714262848e-09,
        "min": -6.63979182747e-09,
        "var": 1.36764450157e-18
    },
    "spectral_energy": {
        "dmean": 0.00378035893664,
        "dmean2": 0.00617718975991,
        "dvar": 8.69354425959e-06,
        "dvar2": 2.67582072411e-05,
        "max": 0.0286605916917,
        "mean": 0.0169567987323,
        "median": 0.0179184097797,
        "min": 0.00466193491593,
        "var": 2.76610098808e-05
    },
    "spectral_energyband_high": {
        "dmean": 0.000118876851047,
        "dmean2": 0.00018406160234,
        "dvar": 1.67965836795e-08,
        "dvar2": 3.22883053627e-08,
        "max": 0.00146203243639,
        "mean": 0.000423608609708,
        "median": 0.000353622686816,
        "min": 6.47769629722e-05,
        "var": 7.96561323568e-08
    },
    "spectral_energyband_low": {
        "dmean": 0.00312376348302,
        "dmean2": 0.00556183513254,
        "dvar": 9.39548590395e-06,
        "dvar2": 2.88405535684e-05,
        "max": 0.0189164523035,
        "mean": 0.0050846147351,
        "median": 0.00419818051159,
        "min": 8.56929545989e-05,
        "var": 1.50222113007e-05
    },
    "spectral_energyband_middle_high": {
        "dmean": 0.00219730078243,
        "dmean2": 0.00305834785104,
        "dvar": 4.70064014735e-06,
        "dvar2": 8.94094046089e-06,
        "max": 0.0255913101137,
        "mean": 0.00944747403264,
        "median": 0.0088598029688,
        "min": 0.000773623236455,
        "var": 3.11688454531e-05
    },
    "spectral_energyband_middle_low": {
        "dmean": 0.000929016154259,
        "dmean2": 0.00153971405234,
        "dvar": 1.22131586977e-06,
        "dvar2": 3.32669242198e-06,
        "max": 0.0123579232022,
        "mean": 0.00233880453743,
        "median": 0.00161992688663,
        "min": 0.000149594183313,
        "var": 4.61363379145e-06
    },
    "spectral_entropy": {
        "dmean": 0.0779696255922,
        "dmean2": 0.120490461588,
        "dvar": 0.00549065507948,
        "dvar2": 0.0112265860662,
        "max": 8.18218135834,
        "mean": 7.56752681732,
        "median": 7.59417581558,
        "min": 6.65561771393,
        "var": 0.030542159453
    },
    "spectral_flux": {
        "dmean": 0.0128613999113,
        "dmean2": 0.021460166201,
        "dvar": 0.000175813533133,
        "dvar2": 0.000502365699504,
        "max": 0.162600055337,
        "mean": 0.0747392997146,
        "median": 0.072773180902,
        "min": 0.0270826853812,
        "var": 0.000480553251691
    },
    "spectral_kurtosis": {
        "dmean": 2.89089608192,
        "dmean2": 5.05840444565,
        "dvar": 6.90713691711,
        "dvar2": 20.5049362183,
        "max": 19.8800601959,
        "mean": 6.34822511673,
        "median": 5.9674282074,
        "min": 1.25628423691,
        "var": 11.251958847
    },
    "spectral_rms": {
        "dmean": 0.000468423619168,
        "dmean2": 0.000762229261454,
        "dvar": 1.38662329618e-07,
        "dvar2": 4.23349689527e-07,
        "max": 0.00528786843643,
        "mean": 0.00401038629934,
        "median": 0.00418107351288,
        "min": 0.00213265791535,
        "var": 4.60027592908e-07
    },
    "spectral_rolloff": {
        "dmean": 365.741394043,
        "dmean2": 621.216430664,
        "dvar": 192971.3125,
        "dvar2": 502235.375,
        "max": 4155.90820312,
        "mean": 2620.62304688,
        "median": 2713.18359375,
        "min": 107.666015625,
        "var": 520003.03125
    },
    "spectral_skewness": {
        "dmean": 0.286159217358,
        "dmean2": 0.474054545164,
        "dvar": 0.0722170323133,
        "dvar2": 0.178286880255,
        "max": 3.27427792549,
        "mean": 0.966120302677,
        "median": 0.975723803043,
        "min": 0.111247621477,
        "var": 0.176883205771
    },
    "spectral_spread": {
        "dmean": 199245.15625,
        "dmean2": 304910.625,
        "dvar": 267880759296,
        "dvar2": 295213563904,
        "max": 9008366,
        "mean": 2199903.5,
        "median": 2205137.5,
        "min": 1544638.375,
        "var": 304783458304
    },
    "spectral_strongpeak": {
        "dmean": 0.986775875092,
        "dmean2": 1.70547127724,
        "dvar": 2.32255649567,
        "dvar2": 5.27058076859,
        "max": 10.4052257538,
        "mean": 1.82411015034,
        "median": 0.30700340867,
        "min": 0.0566439665854,
        "var": 7.96804666519
    },
    "zerocrossingrate": {
        "dmean": 0.00812744162977,
        "dmean2": 0.00998400244862,
        "dvar": 6.25131069683e-05,
        "dvar2": 5.98528640694e-05,
        "max": 0.12744140625,
        "mean": 0.0818733498454,
        "median": 0.0849609375,
        "min": 0.02197265625,
        "var": 0.000543387955986
    },
    "barkbands": {
        "dmean": [1.02560870801e-05, 0.00267297378741, 0.000910132599529, 0.000592156604398, 0.000336416705977, 9.23494881135e-05, 0.000118486110296, 0.000120028416859, 0.000229556055274, 0.000208948127693, 0.000165497796843, 0.000236576743191, 7.0061214501e-05, 0.000669348693918, 0.000626708962955, 0.000689557869919, 0.000974723370746, 0.000523581518792, 0.000466330937343, 0.000145403158967, 7.94406587374e-05, 2.02798546525e-05, 1.08365475171e-06, 2.86085628431e-06, 1.02646674804e-06, 5.05114428506e-07, 4.79394692832e-08],
        "dmean2": [1.70248986251e-05, 0.00480267824605, 0.00153569737449, 0.000962366117164, 0.0005783328088, 0.000161036994541, 0.000207280943869, 0.000189689628314, 0.000388597138226, 0.000330667331582, 0.000286976341158, 0.000411464308854, 0.000111229848699, 0.00104063481558, 0.00106061936822, 0.00117185513955, 0.00145990645979, 0.000884191074874, 0.000733379391022, 0.000230990495766, 0.00012634806626, 3.31186274707e-05, 1.56488124503e-06, 4.10769825976e-06, 1.53631685862e-06, 7.22363040495e-07, 6.62999255496e-08],
        "dvar": [3.39620054302e-10, 6.89794615027e-06, 1.35431923809e-06, 8.67493270107e-07, 1.27619387058e-07, 1.92374560726e-08, 4.92421179388e-08, 2.19920543998e-08, 9.72920020104e-08, 6.03657781539e-08, 1.07650585335e-07, 2.44177584818e-07, 7.50508277747e-09, 1.57905424203e-06, 7.83188170317e-07, 5.26861867911e-07, 1.49390837123e-06, 9.51314007125e-07, 3.98686580638e-07, 2.64808779349e-08, 5.99021365844e-09, 6.00606564483e-10, 2.78506276201e-12, 1.50165054003e-11, 3.43886204235e-12, 6.88636376655e-13, 5.69287320193e-14],
        "dvar2": [6.49001463682e-10, 2.14435112866e-05, 3.70970064978e-06, 2.32735646932e-06, 3.60786117426e-07, 6.26850891194e-08, 1.33486338427e-07, 4.87681433015e-08, 2.56477278526e-07, 1.34072166702e-07, 2.5024775141e-07, 6.81164976868e-07, 2.05647605611e-08, 3.39572738994e-06, 1.81092264029e-06, 1.29809552618e-06, 2.93817788588e-06, 2.46859917752e-06, 8.67726782872e-07, 7.35940020036e-08, 1.36725502031e-08, 1.37741873463e-09, 5.90620087559e-12, 2.8332775362e-11, 7.61422695728e-12, 1.31623770043e-12, 6.17434570268e-14],
        "max": [0.000206852244446, 0.0168033316731, 0.00948812998831, 0.00714135542512, 0.00290098856203, 0.00135615968611, 0.00217375275679, 0.00136898574419, 0.00329532893375, 0.00281996885315, 0.00259136711247, 0.00491941068321, 0.000606915040407, 0.0153719400987, 0.00879649445415, 0.00512759294361, 0.0138294333592, 0.0114381508902, 0.00666569499299, 0.00149653735571, 0.000759786984418, 0.000245853327215, 2.05194810405e-05, 3.86668652936e-05, 2.12336635741e-05, 8.04815499578e-06, 3.32331205755e-06],
        "mean": [1.11689014375e-05, 0.00350746931508, 0.00128906744067, 0.000756567693315, 0.000540449749678, 0.000141069715028, 0.000174445332959, 0.000229468860198, 0.000353512674337, 0.00040738368989, 0.000211926540942, 0.00029908149736, 0.000119202719361, 0.000913332274649, 0.00102202466223, 0.00129269110039, 0.00284926779568, 0.000929681293201, 0.0012183720246, 0.000390518835047, 0.000232663500356, 5.19989407621e-05, 3.08986795972e-06, 8.594683095e-06, 2.4228456823e-06, 1.27670239181e-06, 6.67529960197e-08],
        "median": [5.0339531299e-06, 0.00260097766295, 0.000728581100702, 0.00020550955378, 0.000322754669469, 8.54466197779e-05, 0.000104611193819, 0.000168503655004, 0.00020709092496, 0.000280231673969, 0.000103031037725, 0.000181200535735, 7.26675498299e-05, 0.000451451604022, 0.000605266424827, 0.0010354827391, 0.00188600376714, 0.000710832071491, 0.000861664826516, 0.000320386578096, 0.000183390278835, 4.0202641685e-05, 1.68931819644e-06, 3.51682569999e-06, 5.33140223524e-07, 1.57990285743e-07, 6.82822420828e-09],
        "min": [4.6620833416e-08, 2.86987451545e-05, 1.41580248965e-05, 4.54248402093e-06, 6.35467040411e-06, 3.4739050534e-06, 1.45596811763e-06, 3.02204625768e-06, 1.23534719023e-05, 1.72963245859e-06, 3.08074550048e-06, 5.95880055698e-06, 3.7317679471e-06, 2.69247884717e-05, 3.26987501467e-05, 7.98907494755e-05, 0.000127216146211, 7.60691036703e-05, 0.000117932875582, 4.84771117044e-05, 2.77851868304e-05, 4.47058437203e-06, 2.21315346494e-07, 4.60059851548e-07, 4.42681269419e-08, 1.09306119711e-08, 1.40457312447e-09],
        "var": [4.78082684552e-10, 9.922818208e-06, 2.20777678805e-06, 1.60218473866e-06, 3.06108233872e-07, 2.92065092111e-08, 4.88306071134e-08, 5.01037220602e-08, 2.16023536836e-07, 1.7575622735e-07, 1.13658529699e-07, 1.95591155716e-07, 1.50744430272e-08, 2.34306980929e-06, 1.28312194647e-06, 1.01840885236e-06, 8.96266556083e-06, 1.01826879018e-06, 1.38236782732e-06, 7.31341671667e-08, 2.44519942072e-08, 1.77208103747e-09, 1.1345523479e-11, 9.72731131754e-11, 1.20112175414e-11, 3.74577842702e-12, 6.10600369637e-14]
    },
    "erbbands": {
        "dmean": [0.0428370125592, 0.708306133747, 1.28877699375, 1.14934039116, 1.73269975185, 1.08746480942, 0.691085517406, 0.782436609268, 0.731551527977, 3.47100973129, 2.96286010742, 5.13992929459, 5.58125114441, 5.84102249146, 7.69420909882, 8.39890575409, 3.20699977875, 18.3844985962, 32.530040741, 40.6093025208, 38.1233062744, 46.5771713257, 27.4278297424, 27.3960819244, 14.2469959259, 6.70891952515, 3.27711462975, 2.70689582825, 0.858150005341, 0.142234310508, 0.0371791943908, 0.0694181546569, 0.039771322161, 0.0192658361048, 0.00269223470241, 0.00263950251974, 0.000873794546351, 8.32063597045e-05, 7.20075104255e-06, 4.73098043585e-06],
        "dmean2": [0.0705438926816, 1.28881692886, 2.26001143456, 1.84059739113, 2.99460887909, 1.8924523592, 1.12810897827, 1.38296508789, 1.21164429188, 5.80221605301, 4.72180557251, 8.77687263489, 8.64361190796, 9.57984542847, 13.2910575867, 14.0536804199, 4.93427038193, 29.1087341309, 49.9285926819, 67.447013855, 61.4819297791, 72.4462509155, 42.6917991638, 42.4893608093, 23.3490943909, 10.3815612793, 5.19814586639, 4.35672664642, 1.37632334232, 0.223225489259, 0.057505056262, 0.103918649256, 0.0596516951919, 0.0290639009327, 0.00376914907247, 0.00394391873851, 0.00124063750263, 0.000112829897262, 9.83168956736e-06, 7.33926117391e-06],
        "dvar": [0.00243790750392, 0.492072552443, 2.15774536133, 2.27111744881, 4.6070933342, 2.43815636635, 0.716550767422, 1.6154037714, 1.02045214176, 37.5736236572, 19.8239631653, 46.0180435181, 48.0027542114, 48.5241661072, 210.176315308, 224.79637146, 15.4054336548, 729.548217773, 2329.72631836, 4224.01171875, 1562.2833252, 4113.54882812, 1403.01550293, 1201.42810059, 218.304351807, 59.8304252625, 10.0692472458, 8.67458343506, 1.17720723152, 0.0279218871146, 0.00334838870913, 0.00871238857508, 0.00324271712452, 0.00127003458329, 3.27403577103e-05, 1.83835418284e-05, 2.13422458728e-06, 3.62495917727e-08, 1.15735943051e-09, 1.74001455605e-11],
        "dvar2": [0.00601360527799, 1.56651329994, 6.202917099, 6.04832220078, 13.4465904236, 6.13473510742, 1.89043772221, 5.29008054733, 2.72696042061, 104.957374573, 48.4044380188, 119.308425903, 111.076972961, 121.714912415, 444.313232422, 600.517028809, 39.0363845825, 1585.59277344, 4968.91748047, 9998.39648438, 3324.76123047, 9723.04492188, 3719.5390625, 2280.60986328, 598.554931641, 164.892318726, 24.3029556274, 19.3089370728, 2.84851789474, 0.0709143802524, 0.00818790867925, 0.0168160200119, 0.00626280065626, 0.00299200182781, 5.58593019377e-05, 3.72537833755e-05, 4.30565705756e-06, 4.91039919837e-08, 1.29988975139e-09, 3.67332622653e-11],
        "max": [0.538324296474, 3.56014084816, 12.4491071701, 10.6986713409, 17.6845493317, 13.4328813553, 8.81121063232, 12.757068634, 9.98774433136, 53.9025497437, 55.0445747375, 68.1556243896, 82.8662033081, 54.9596366882, 120.099594116, 127.71799469, 31.5400257111, 312.216278076, 507.698669434, 720.816223145, 394.108062744, 774.295410156, 374.349365234, 353.823242188, 228.965805054, 74.8797607422, 29.5083560944, 25.4916992188, 11.6516628265, 1.72834825516, 0.62114995718, 1.00742053986, 0.546511411667, 0.422813117504, 0.0602919533849, 0.0426172353327, 0.014362020418, 0.00210741232149, 0.000479985144921, 5.4490090406e-05],
        "mean": [0.0611335076392, 0.914075911045, 1.89686703682, 1.65408957005, 2.55644321442, 1.63413619995, 1.20603203773, 1.11974430084, 1.30501508713, 5.49372768402, 5.13895606995, 8.07710552216, 10.8686923981, 10.0366106033, 11.7424526215, 11.4135112762, 6.58496809006, 31.0942459106, 55.5473365784, 69.5407028198, 112.47845459, 116.180717468, 56.9769210815, 70.6041030884, 40.8408241272, 19.0448303223, 9.76512527466, 7.42306756973, 2.34320425987, 0.37708312273, 0.109524823725, 0.198864340782, 0.110755942762, 0.0466921515763, 0.00706457952037, 0.00668509304523, 0.00204767193645, 0.000168200029293, 1.96608289116e-05, 2.27999898925e-05],
        "median": [0.0420336276293, 0.683251023293, 1.14903831482, 0.943494558334, 1.20593631268, 0.907908141613, 0.683492064476, 0.662212312222, 0.966304898262, 3.94009661674, 2.84717059135, 4.62352180481, 7.35640192032, 6.18099689484, 7.1442694664, 6.80723714828, 4.94085454941, 19.4604892731, 33.9055519104, 48.1597175598, 82.6131286621, 89.0353927612, 49.3405914307, 50.0218200684, 33.8668022156, 16.0040111542, 7.79609155655, 5.75540685654, 1.79557061195, 0.25020352006, 0.0588077865541, 0.0889117568731, 0.0433004796505, 0.0123432949185, 0.00140637287404, 0.00105285528116, 0.000237120228121, 1.35072596095e-05, 1.28753617901e-05, 2.28230455832e-05],
        "min": [0.000658663338982, 0.00691003771499, 0.0225637648255, 0.0281710699201, 0.049723174423, 0.0131416069344, 0.0251161474735, 0.0319623276591, 0.0297315120697, 0.0181358549744, 0.144262716174, 0.272031217813, 0.104464717209, 0.0878835767508, 0.21861410141, 0.267350405455, 0.310481220484, 1.06682181358, 1.54860019684, 2.04085826874, 7.2886133194, 7.36876821518, 5.78348350525, 5.15865278244, 3.67388677597, 2.47895288467, 1.3826777935, 0.906358897686, 0.211646303535, 0.0329185985029, 0.00831778347492, 0.0124757280573, 0.00473756855354, 0.00102107669227, 0.000114470080007, 7.12592955097e-05, 1.93870782823e-05, 1.85289513865e-06, 4.05853552365e-06, 7.08995366949e-06],
        "var": [0.00480437232181, 0.650209784508, 3.73967385292, 3.69636797905, 10.7168560028, 4.13995933533, 2.33473968506, 2.03887867928, 1.73770880699, 41.5470237732, 37.7217025757, 113.778060913, 139.364593506, 110.930297852, 256.977630615, 213.417404175, 35.266658783, 1311.00952148, 4173.61621094, 6259.74462891, 8520.39355469, 10047.7919922, 2178.95703125, 4189.40625, 1114.39929199, 161.683258057, 39.9931144714, 27.5855903625, 3.47288489342, 0.107971988618, 0.0128734661266, 0.0500319600105, 0.0177613887936, 0.00415602745488, 0.000121116390801, 9.99642361421e-05, 1.00239294625e-05, 8.93637945865e-08, 1.24309174065e-09, 6.30985749761e-11]
    },
    "gfcc": {
        "mean": [-29.3399295807, 110.597267151, -179.443511963, 67.8232727051, -19.7787094116, 1.5661200285, -16.7672214508, 14.5803050995, -11.0302991867, -4.37812757492, -17.1671466827, -13.0549125671, -0.645749747753],
        "cov": [[1466.04650879, -545.336303711, 22.9687480927, -475.519256592, -233.9662323, 63.2802696228, -324.687652588, 139.096374512, -236.830703735, 122.303840637, -176.297271729, 134.453964233, -94.4423599243], [-545.336303711, 811.245056152, 106.658798218, 112.907188416, 61.6004180908, -85.58177948, 161.633773804, -95.9233856201, 124.856491089, -94.0955734253, 49.7732315063, -116.695915222, 77.1281280518], [22.9687480927, 106.658798218, 177.319107056, 9.04537200928, -11.7784500122, -5.74381446838, -28.6121559143, -9.54873275757, -28.4768123627, 1.56743717194, -37.1620063782, -9.964884758, 0.187975496054], [-475.519256592, 112.907188416, 9.04537200928, 259.866638184, 118.2915802, -3.82344174385, 103.028488159, -43.582157135, 88.9758987427, -28.4245452881, 67.3893737793, -38.5630760193, 24.065454483], [-233.9662323, 61.6004180908, -11.7784500122, 118.2915802, 110.180870056, 39.1030693054, 82.7810821533, -2.14834976196, 63.6357879639, -3.36358428001, 44.0861663818, -18.841676712, 12.9598484039], [63.2802696228, -85.58177948, -5.74381446838, -3.82344174385, 39.1030693054, 87.4906082153, 36.8548545837, 37.3718719482, 7.675968647, 35.26770401, 1.0697067976, 12.2090339661, -7.65061044693], [-324.687652588, 161.633773804, -28.6121559143, 103.028488159, 82.7810821533, 36.8548545837, 151.981704712, 2.21847295761, 89.591758728, -9.80685520172, 55.0154342651, -37.1393661499, 22.9985179901], [139.096374512, -95.9233856201, -9.54873275757, -43.582157135, -2.14834976196, 37.3718719482, 2.21847295761, 68.4922790527, 5.8596830368, 25.6819114685, -12.6694259644, 15.5003890991, -14.031460762], [-236.830703735, 124.856491089, -28.4768123627, 88.9758987427, 63.6357879639, 7.675968647, 89.591758728, 5.8596830368, 99.2056121826, 6.1888256073, 42.0680122375, -31.6625957489, 16.0589332581], [122.303840637, -94.0955734253, 1.56743717194, -28.4245452881, -3.36358428001, 35.26770401, -9.80685520172, 25.6819114685, 6.1888256073, 62.6796112061, 4.91119813919, 15.674949646, -12.2353124619], [-176.297271729, 49.7732315063, -37.1620063782, 67.3893737793, 44.0861663818, 1.0697067976, 55.0154342651, -12.6694259644, 42.0680122375, 4.91119813919, 69.5242614746, 5.20452594757, 15.1293907166], [134.453964233, -116.695915222, -9.964884758, -38.5630760193, -18.841676712, 12.2090339661, -37.1393661499, 15.5003890991, -31.6625957489, 15.674949646, 5.20452594757, 50.9800300598, 2.19233345985], [-94.4423599243, 77.1281280518, 0.187975496054, 24.065454483, 12.9598484039, -7.65061044693, 22.9985179901, -14.031460762, 16.0589332581, -12.2353124619, 15.1293907166, 2.19233345985, 35.912399292]],
        "icov": [[0.00592779181898, -0.00370285310782, 0.00454744277522, 0.000961911457125, -0.000289510033326, -0.00226998818107, 0.00660674320534, -0.00733993574977, 0.00749872298911, -0.00965070072562, 0.00836238730699, -0.00848833005875, 0.00574914598837], [-0.00370285310782, 0.0101311579347, -0.0107974093407, 0.00694302888587, 0.000748668389861, 0.00137492676731, -0.00567788351327, 0.010835009627, -0.0152166141197, 0.0162221137434, -0.0139236040413, 0.0160699263215, -0.0109839597717], [0.00454744277522, -0.0107974093407, 0.0194532833993, -0.00949101801962, -0.00229344703257, 0.00140614644624, 0.00491741020232, -0.0126148499548, 0.0221268050373, -0.02318508178, 0.0216695349663, -0.0155583228916, 0.00848284736276], [0.000961911457125, 0.00694302888587, -0.00949101801962, 0.0192540381104, -0.00919647887349, 0.00176274019759, -0.00060364761157, 0.010124668479, -0.0141703570262, 0.0114966211841, -0.0102750686929, 0.00757158640772, -0.00307779968716], [-0.000289510033326, 0.000748668389861, -0.00229344703257, -0.00919647887349, 0.0385457836092, -0.0270251072943, 0.00819138530642, 0.0010472103022, -0.0150501318276, 0.0157291386276, -0.0160565692931, 0.00899841170758, -0.00239472021349], [-0.00226998818107, 0.00137492676731, 0.00140614644624, 0.00176274019759, -0.0270251072943, 0.0522334873676, -0.0306080505252, -0.00449560442939, 0.0199855212122, -0.0261730831116, 0.0224050600082, -0.0146087976173, 0.00221304269508], [0.00660674320534, -0.00567788351327, 0.00491741020232, -0.00060364761157, 0.00819138530642, -0.0306080505252, 0.0447619445622, -0.0133124152198, -0.00770230824128, 0.00686452910304, -0.0147885261104, 0.0118036344647, -0.00210379622877], [-0.00733993574977, 0.010835009627, -0.0126148499548, 0.010124668479, 0.0010472103022, -0.00449560442939, -0.0133124152198, 0.0464370474219, -0.0339071303606, 0.0208779014647, -0.00563717680052, 6.69130022288e-05, 0.000688110652845], [0.00749872298911, -0.0152166141197, 0.0221268050373, -0.0141703570262, -0.0150501318276, 0.0199855212122, -0.00770230824128, -0.0339071303606, 0.0728360489011, -0.0499167703092, 0.0238429252058, -0.00867684185505, 0.0040622157976], [-0.00965070072562, 0.0162221137434, -0.02318508178, 0.0114966211841, 0.0157291386276, -0.0261730831116, 0.00686452910304, 0.0208779014647, -0.0499167703092, 0.0719825327396, -0.0454969741404, 0.0294711459428, -0.0110790012404], [0.00836238730699, -0.0139236040413, 0.0216695349663, -0.0102750686929, -0.0160565692931, 0.0224050600082, -0.0147885261104, -0.00563717680052, 0.0238429252058, -0.0454969741404, 0.0759613364935, -0.0577206872404, 0.0218620337546], [-0.00848833005875, 0.0160699263215, -0.0155583228916, 0.00757158640772, 0.00899841170758, -0.0146087976173, 0.0118036344647, 6.69130022288e-05, -0.00867684185505, 0.0294711459428, -0.0577206872404, 0.090167440474, -0.0429871194065], [0.00574914598837, -0.0109839597717, 0.00848284736276, -0.00307779968716, -0.00239472021349, 0.00221304269508, -0.00210379622877, 0.000688110652845, 0.0040622157976, -0.0110790012404, 0.0218620337546, -0.0429871194065, 0.0593474134803]]
    },
    "melbands": {
        "dmean": [0.00058873812668, 0.000758851820137, 0.000223333874601, 8.79604558577e-05, 2.77648068732e-05, 1.71566389326e-05, 1.45218273246e-05, 3.50801456079e-05, 3.10679679387e-05, 3.08903436235e-05, 2.85087062366e-05, 2.54478673014e-05, 2.5747482141e-05, 3.11814219458e-05, 1.01260411611e-05, 8.70338044479e-06, 4.25351427111e-05, 6.51170048513e-05, 4.42075906903e-05, 5.35573199159e-05, 4.94162813993e-05, 5.24795614183e-05, 3.68919718312e-05, 2.6744482966e-05, 2.59066746366e-05, 1.65528799698e-05, 7.67310302763e-06, 4.20393507738e-06, 1.71797694293e-06, 2.8026270229e-06, 1.3413294937e-06, 6.01236138209e-07, 2.3493581125e-07, 3.20828164035e-08, 1.93559692718e-08, 4.18054284523e-08, 4.87707580987e-08, 3.200320009e-08, 2.51320013689e-08, 1.53354111632e-08],
        "dmean2": [0.00103495095391, 0.00135386467446, 0.000358928547939, 0.000154102686793, 4.5803568355e-05, 3.0251159842e-05, 2.4706185286e-05, 5.78619074076e-05, 5.09974270244e-05, 5.24512106495e-05, 4.40260482719e-05, 4.12787194364e-05, 4.3742271373e-05, 5.35297440365e-05, 1.69261420524e-05, 1.39567600854e-05, 6.68836946716e-05, 9.98361501843e-05, 7.36282017897e-05, 9.00178201846e-05, 7.83243085607e-05, 8.25986062409e-05, 5.58042411285e-05, 4.55604276794e-05, 4.02763398597e-05, 2.7974954719e-05, 1.27965631691e-05, 6.69657765684e-06, 2.80461267721e-06, 4.63934657091e-06, 2.1503572043e-06, 9.72738462224e-07, 3.82990748449e-07, 4.93462799511e-08, 3.15527586281e-08, 6.57905090407e-08, 7.32387164248e-08, 4.97307119929e-08, 3.90726704325e-08, 2.38177211287e-08],
        "dvar": [3.63394434544e-07, 5.73036402329e-07, 9.19035016977e-08, 9.50794643018e-09, 1.29814425875e-09, 7.27777726972e-10, 5.46625633646e-10, 3.64317465085e-09, 2.35077113331e-09, 1.51495738177e-09, 1.23188015344e-09, 9.57057433304e-10, 2.47178433277e-09, 4.00430133496e-09, 2.29242527738e-10, 1.79918344112e-10, 4.67482541566e-09, 1.19369216733e-08, 3.88399667983e-09, 4.72985739464e-09, 3.45299078219e-09, 4.89660534342e-09, 2.03768646401e-09, 2.42878961387e-09, 1.08412701039e-09, 4.38263897395e-10, 6.74781480692e-11, 2.5772464024e-11, 2.6069333324e-12, 6.80488955115e-12, 2.57601665693e-12, 5.90155365982e-13, 7.10474702074e-14, 1.76083644295e-15, 8.91169610674e-16, 3.38565929984e-15, 4.91605852367e-15, 2.3102044366e-15, 1.36289941142e-15, 9.71246517321e-16],
        "dvar2": [1.05527249161e-06, 1.81369398433e-06, 2.52626080055e-07, 2.70893902865e-08, 2.84210988077e-09, 2.38625985638e-09, 1.44397593882e-09, 1.00767065803e-08, 5.94368687601e-09, 3.93870669413e-09, 2.73608979917e-09, 2.45773024155e-09, 5.24437560045e-09, 1.122621196e-08, 5.76193481816e-10, 4.49501685873e-10, 9.86443104978e-09, 2.55960621587e-08, 9.72200275839e-09, 1.12253095708e-08, 7.06990510579e-09, 1.06656976584e-08, 5.09812814187e-09, 6.53916565341e-09, 2.11289408192e-09, 1.1813668932e-09, 1.94485219596e-10, 7.05578165339e-11, 6.37525752675e-12, 1.52045754459e-11, 6.00937051856e-12, 1.45688203255e-12, 1.92081675001e-13, 4.0998448702e-15, 2.26819308473e-15, 9.16877420612e-15, 9.37289051169e-15, 4.76343208042e-15, 3.26322344018e-15, 2.44253088824e-15],
        "max": [0.00498466007411, 0.00568187655881, 0.00241026305594, 0.000782654213253, 0.000400516320951, 0.000275453756331, 0.000234807099332, 0.000512393424287, 0.000549849530216, 0.000414431910031, 0.000422543962486, 0.000253856385825, 0.000397659401642, 0.000617221056018, 0.000102376754512, 0.000111658475362, 0.000827476498671, 0.00124435778707, 0.000609294918831, 0.000706691353116, 0.000716911745258, 0.000778160465416, 0.00047182891285, 0.000556390499696, 0.000324408552842, 0.000326914829202, 8.78695500433e-05, 4.19634161517e-05, 1.50902551468e-05, 2.49005297519e-05, 1.32293225761e-05, 7.9559176811e-06, 2.3559764486e-06, 3.96334769448e-07, 2.97320838172e-07, 5.52248877739e-07, 7.80063089678e-07, 4.42005017476e-07, 3.19813779015e-07, 3.72293698092e-07],
        "mean": [0.000790175166912, 0.00111486657988, 0.000349751644535, 0.00014778051991, 4.92703693453e-05, 2.50410885201e-05, 2.45008268394e-05, 5.78431536269e-05, 4.74685621157e-05, 4.98006229463e-05, 5.48061361769e-05, 4.16948314523e-05, 3.50283735315e-05, 4.00210774387e-05, 1.69074883161e-05, 1.47301716424e-05, 6.60299847368e-05, 9.50316389208e-05, 7.35995927243e-05, 9.67503656284e-05, 0.000156836948008, 0.00013927303371, 7.02995967004e-05, 4.60741975985e-05, 6.01427746005e-05, 3.98185038648e-05, 1.94761705643e-05, 1.02913900264e-05, 4.70207987746e-06, 7.4434860835e-06, 3.14687895298e-06, 1.44510909195e-06, 5.48756304397e-07, 7.14900707521e-08, 4.42497771758e-08, 9.79195817763e-08, 1.31761922262e-07, 8.60894999732e-08, 5.48528369393e-08, 3.35731087375e-08],
        "median": [0.000556026119739, 0.000845047237817, 0.000200808790396, 8.08514814707e-05, 2.56987004832e-05, 1.53573055286e-05, 1.68108035723e-05, 4.17534902226e-05, 2.57661704381e-05, 2.94840720017e-05, 3.60359154001e-05, 2.53499056271e-05, 1.93983069039e-05, 2.59950375039e-05, 9.84358212008e-06, 8.8635542852e-06, 3.70832894987e-05, 4.78646761621e-05, 4.84273732582e-05, 6.9661604357e-05, 0.000105237231764, 9.85604565358e-05, 5.65621485293e-05, 3.35421136697e-05, 4.22508092015e-05, 2.72445940936e-05, 1.59508017532e-05, 8.03958209872e-06, 3.85792827728e-06, 6.13126894677e-06, 2.41640668719e-06, 1.06149832391e-06, 3.92689372575e-07, 3.93260073395e-08, 2.53901344394e-08, 4.73712198357e-08, 5.67462556944e-08, 3.40664065845e-08, 1.64823834581e-08, 7.65126983993e-09],
        "min": [7.16040449333e-06, 1.11934186862e-05, 6.50714218864e-06, 1.28203930672e-06, 1.04900050246e-06, 5.97949167513e-07, 3.62061399528e-07, 5.21768654949e-08, 1.35820175728e-06, 1.61660273079e-06, 3.7036366507e-07, 3.19165167184e-07, 5.0223678727e-07, 7.13528550023e-07, 4.56685228301e-07, 5.6306771512e-07, 2.02052729037e-06, 2.24617770073e-06, 2.13151611206e-06, 4.23512710768e-06, 7.14364614396e-06, 6.73397698847e-06, 5.79366451348e-06, 3.58513398169e-06, 3.28518444803e-06, 3.73610964743e-06, 1.62751052812e-06, 1.15162595193e-06, 6.31312900623e-07, 7.10604808773e-07, 3.41159818618e-07, 1.26536860989e-07, 4.49665762403e-08, 4.46432313339e-09, 2.68130939673e-09, 6.72516042854e-09, 7.88189691292e-09, 3.37639161074e-09, 1.27710786391e-09, 5.57743073948e-10],
        "var": [5.7790629171e-07, 9.51041386088e-07, 1.75412864678e-07, 2.43553390789e-08, 4.36904068479e-09, 9.78423120301e-10, 7.30946747574e-10, 4.31165680936e-09, 3.85023213312e-09, 4.10569089837e-09, 3.67621821873e-09, 2.22237317438e-09, 2.93786661665e-09, 3.18674353572e-09, 3.42627037853e-10, 2.58863985803e-10, 7.84302223167e-09, 1.87109545635e-08, 6.24706242291e-09, 8.25881585342e-09, 2.59235264366e-08, 1.83199091452e-08, 3.44945072506e-09, 2.56495491513e-09, 3.37015437779e-09, 1.96142369013e-09, 1.81643866615e-10, 5.43485742521e-11, 9.53724512559e-12, 2.59340118824e-11, 6.02128503308e-12, 1.46950886789e-12, 2.21346365173e-13, 5.52930614232e-15, 2.33116850205e-15, 1.20386116169e-14, 2.3691828325e-14, 1.1082710372e-14, 4.90942879679e-15, 2.49554371579e-15]
    },
    "mfcc": {
        "mean": [-647.893188477, 120.594139099, -69.382270813, 61.6507110596, 15.1507663727, 5.6880106926, 10.6075363159, 8.54258728027, 21.7961883545, 6.626537323, 0.500295162201, 3.66761255264, -8.47074794769],
        "cov": [[1324.78173828, -283.016113281, -11.1013441086, -469.394775391, -49.4163169861, -213.330505371, -85.8480987549, -102.164703369, -50.9177818298, -82.2894821167, -31.1915969849, -90.8593521118, -22.9957084656], [-283.016113281, 605.281738281, 108.857498169, 81.0657501221, -44.428691864, 10.4284248352, -12.4891452789, -10.1857595444, 50.5197525024, 19.5073318481, -11.8201990128, -20.7134914398, -17.3368587494], [-11.1013441086, 108.857498169, 145.091217041, 19.476184845, 7.839158535, -10.7806081772, -13.0026769638, -30.4845066071, -0.64391118288, -8.20783615112, -15.8369455338, -41.0339736938, -29.6322879791], [-469.394775391, 81.0657501221, 19.476184845, 246.747787476, 49.195602417, 86.6331329346, 21.5624408722, 33.8087081909, 15.4704885483, 21.6740112305, 9.16761684418, 46.4800033569, 21.5840568542], [-49.4163169861, -44.428691864, 7.839158535, 49.195602417, 65.3399581909, 32.5015411377, 10.8241243362, 11.0773525238, 5.00244426727, 4.06549739838, 9.7024974823, 9.86406517029, 5.07769489288], [-213.330505371, 10.4284248352, -10.7806081772, 86.6331329346, 32.5015411377, 103.319732666, 45.8217926025, 24.1524543762, 23.9708309174, 35.0795631409, 22.2211799622, 28.722322464, 14.8946065903], [-85.8480987549, -12.4891452789, -13.0026769638, 21.5624408722, 10.8241243362, 45.8217926025, 58.2953453064, 32.9593048096, 11.5290164948, 20.0864334106, 16.6066741943, 18.7859954834, 9.27468299866], [-102.164703369, -10.1857595444, -30.4845066071, 33.8087081909, 11.0773525238, 24.1524543762, 32.9593048096, 64.104637146, 25.5564479828, 16.3094177246, 11.6310367584, 25.3304157257, 14.5351219177], [-50.9177818298, 50.5197525024, -0.64391118288, 15.4704885483, 5.00244426727, 23.9708309174, 11.5290164948, 25.5564479828, 57.7952537537, 39.2458343506, 13.3181505203, 4.96802377701, 1.29192447662], [-82.2894821167, 19.5073318481, -8.20783615112, 21.6740112305, 4.06549739838, 35.0795631409, 20.0864334106, 16.3094177246, 39.2458343506, 70.9254608154, 36.8592414856, 4.67128896713, -1.99116885662], [-31.1915969849, -11.8201990128, -15.8369455338, 9.16761684418, 9.7024974823, 22.2211799622, 16.6066741943, 11.6310367584, 13.3181505203, 36.8592414856, 48.6150283813, 22.7559738159, 5.3932056427], [-90.8593521118, -20.7134914398, -41.0339736938, 46.4800033569, 9.86406517029, 28.722322464, 18.7859954834, 25.3304157257, 4.96802377701, 4.67128896713, 22.7559738159, 65.8840637207, 36.237663269], [-22.9957084656, -17.3368587494, -29.6322879791, 21.5840568542, 5.07769489288, 14.8946065903, 9.27468299866, 14.5351219177, 1.29192447662, -1.99116885662, 5.3932056427, 36.237663269, 53.6964683533]],
