{
"lowlevel": {
    "average_loudness": 0.987423479557,
    "barkbands_crest": {
        "dmean": 1.22744202614,
        "dmean2": 2.11227989197,
        "dvar": 0.779767155647,
        "dvar2": 2.14927649498,
        "max": 9.19039058685,
        "mean": 5.77693891525,
        "median": 5.68924474716,
        "min": 3.29373955727,
        "var": 1.44079458714
    },
    "barkbands_flatness_db": {
        "dmean": 0.00847083050758,
        "dmean2": 0.0133695909753,
        "dvar": 5.11295838805e-05,
        "dvar2": 0.000113070425869,
        "max": 0.167276889086,
        "mean": 0.142277956009,
        "median": 0.143361985683,
        "min": 0.0840227678418,
        "var": 0.000123973586597
    },
    "barkbands_kurtosis": {
        "dmean": 1.15885150433,
        "dmean2": 2.01053619385,
        "dvar": 0.946163535118,
        "dvar2": 3.1904797554,
        "max": 5.10050773621,
        "mean": 0.314122408628,
        "median": 0.232835292816,
        "min": -1.67880165577,
        "var": 1.44732999802
    },
    "barkbands_skewness": {
        "dmean": 0.349350601435,
        "dmean2": 0.582491755486,
        "dvar": 0.0679285898805,
        "dvar2": 0.210767552257,
        "max": -0.190125480294,
        "mean": -1.18063139915,
        "median": -1.19334173203,
        "min": -2.1971886158,
        "var": 0.140735924244
    },
    "barkbands_spread": {
        "dmean": 7.8919262886,
        "dmean2": 14.6685390472,
        "dvar": 35.2467689514,
        "dvar2": 113.040901184,
        "max": 47.9689369202,
        "mean": 30.7084369659,
        "median": 29.9613723755,
        "min": 14.484213829,
        "var": 50.0130157471
    },
    "dissonance": {
        "dmean": 0.0027200949844,
        "dmean2": 0.0042204670608,
        "dvar": 1.23353520394e-05,
        "dvar2": 1.62284395628e-05,
        "max": 0.500000059605,
        "mean": 0.495997905731,
        "median": 0.496979683638,
        "min": 0.461926728487,
        "var": 1.86259785551e-05
    },
    "dynamic_complexity": 0.256497740746,
    "erbbands_crest": {
        "dmean": 1.6269493103,
        "dmean2": 2.83820867538,
        "dvar": 2.08991670609,
        "dvar2": 6.12435483932,
        "max": 14.2897262573,
        "mean": 8.31928634644,
        "median": 8.0879535675,
        "min": 5.54911184311,
        "var": 2.54305768013
    },
    "erbbands_flatness_db": {
        "dmean": 0.0100875562057,
        "dmean2": 0.0165077000856,
        "dvar": 6.32136216154e-05,
        "dvar2": 0.000150424501044,
        "max": 0.290223121643,
        "mean": 0.252707511187,
        "median": 0.25376367569,
        "min": 0.19533520937,
        "var": 0.000154022462084
    },
    "erbbands_kurtosis": {
        "dmean": 1.39405703545,
        "dmean2": 2.33128643036,
        "dvar": 1.60055041313,
        "dvar2": 4.24695444107,
        "max": 10.1906013489,
        "mean": 4.83265209198,
        "median": 4.66554117203,
        "min": 0.365793466568,
        "var": 3.93103718758
    },
    "erbbands_skewness": {
        "dmean": 0.28857126832,
        "dmean2": 0.459143817425,
        "dvar": 0.0472924299538,
        "dvar2": 0.135581538081,
        "max": -0.542896091938,
        "mean": -1.54885649681,
        "median": -1.53432607651,
        "min": -2.51374125481,
        "var": 0.114645168185
    },
    "erbbands_spread": {
        "dmean": 1.98107802868,
        "dmean2": 3.15843439102,
        "dvar": 2.36551260948,
        "dvar2": 4.591609478,
        "max": 22.1685295105,
        "mean": 11.9670829773,
        "median": 11.5089349747,
        "min": 7.17382049561,
        "var": 7.23410749435
    },
    "hfc": {
        "dmean": 5.28594827652,
        "dmean2": 8.13505840302,
        "dvar": 21.0341510773,
        "dvar2": 40.6426887512,
        "max": 53.5731964111,
        "mean": 40.440158844,
        "median": 40.8342132568,
        "min": 0.744056820869,
        "var": 40.4780082703
    },
    "melbands_crest": {
        "dmean": 2.21261715889,
        "dmean2": 3.72482395172,
        "dvar": 3.92947864532,
        "dvar2": 9.39574813843,
        "max": 18.152639389,
        "mean": 6.89264249802,
        "median": 6.23750495911,
        "min": 3.64777684212,
        "var": 6.33345937729
    },
    "melbands_flatness_db": {
        "dmean": 0.0123445037752,
        "dmean2": 0.0227824579924,
        "dvar": 9.54976785579e-05,
        "dvar2": 0.0002564486349,
        "max": 0.176614716649,
        "mean": 0.135122254491,
        "median": 0.134613901377,
        "min": 0.109930418432,
        "var": 0.000136355462018
    },
    "melbands_kurtosis": {
        "dmean": 0.247053161263,
        "dmean2": 0.443424105644,
        "dvar": 0.0783800780773,
        "dvar2": 0.263978153467,
        "max": -0.177634477615,
        "mean": -1.44782412052,
        "median": -1.54676926136,
        "min": -1.7576636076,
        "var": 0.0691645741463
    },
    "melbands_skewness": {
        "dmean": 0.393162220716,
        "dmean2": 0.685711324215,
        "dvar": 0.0873991400003,
        "dvar2": 0.27631264925,
        "max": 1.06883192062,
        "mean": 0.0375715084374,
        "median": -0.00315293250605,
        "min": -1.03737699986,
        "var": 0.154540210962
    },
    "melbands_spread": {
        "dmean": 8.57048511505,
        "dmean2": 16.1334552765,
        "dvar": 63.8633460999,
        "dvar2": 217.85369873,
        "max": 110.311347961,
        "mean": 88.6873550415,
        "median": 89.0405654907,
        "min": 64.7520065308,
        "var": 70.9609527588
    },
    "pitch_salience": {
        "dmean": 0.0403622873127,
        "dmean2": 0.0678997412324,
        "dvar": 0.00104792090133,
        "dvar2": 0.00253799348138,
        "max": 0.845534920692,
        "mean": 0.683063030243,
        "median": 0.682924389839,
        "min": 0.576702773571,
        "var": 0.00175710686017
    },
    "silence_rate_20dB": {
        "dmean": 0,
        "dmean2": 0,
        "dvar": 0,
        "dvar2": 0,
        "max": 1,
        "mean": 1,
        "median": 1,
        "min": 1,
        "var": 0
    },
    "silence_rate_30dB": {
        "dmean": 0,
        "dmean2": 0,
        "dvar": 0,
        "dvar2": 0,
        "max": 1,
        "mean": 1,
        "median": 1,
        "min": 1,
        "var": 0
    },
    "silence_rate_60dB": {
        "dmean": 0,
        "dmean2": 0,
        "dvar": 0,
        "dvar2": 0,
        "max": 0,
        "mean": 0,
        "median": 0,
        "min": 0,
        "var": 0
    },
    "spectral_centroid": {
        "dmean": 95.9645843506,
        "dmean2": 158.000747681,
        "dvar": 4881.94384766,
        "dvar2": 14981.6259766,
        "max": 3185.85864258,
        "mean": 2899.89233398,
        "median": 2916.43969727,
        "min": 2682.76855469,
        "var": 9851.68359375
    },
    "spectral_complexity": {
        "dmean": 3.89166665077,
        "dmean2": 6.24369764328,
        "dvar": 18.8632640839,
        "dvar2": 32.1338768005,
        "max": 49,
        "mean": 39.2066116333,
        "median": 40,
        "min": 0,
        "var": 27.3705368042
    },
    "spectral_decrease": {
        "dmean": 4.9485315845e-10,
        "dmean2": 8.07524602742e-10,
        "dvar": 2.3070925484e-19,
        "dvar2": 4.9788792061e-19,
        "max": -8.46975128921e-11,
        "mean": -3.94949584148e-09,
        "median": -3.98687216574e-09,
        "min": -5.18973441999e-09,
        "var": 3.40543950936e-19
    },
    "spectral_energy": {
        "dmean": 0.00221819290891,
        "dmean2": 0.00352429412305,
        "dvar": 4.6183113227e-06,
        "dvar2": 9.6190469776e-06,
        "max": 0.0231534931809,
        "mean": 0.0185743514448,
        "median": 0.0187005680054,
        "min": 0.000387156411307,
        "var": 7.09804180588e-06
    },
    "spectral_energyband_high": {
        "dmean": 0.000241494417423,
        "dmean2": 0.000432029308286,
        "dvar": 3.55787506123e-08,
        "dvar2": 9.86859802765e-08,
        "max": 0.00160884868819,
        "mean": 0.000830099685118,
        "median": 0.000807998352684,
        "min": 3.07421796606e-05,
        "var": 4.66709728641e-08
    },
    "spectral_energyband_low": {
        "dmean": 0.00111202360131,
        "dmean2": 0.00213727122173,
        "dvar": 6.39958670945e-07,
        "dvar2": 2.21517211685e-06,
        "max": 0.00493171112612,
        "mean": 0.00184723071288,
        "median": 0.00169835437555,
        "min": 7.08866791683e-05,
        "var": 8.02208830919e-07
    },
    "spectral_energyband_middle_high": {
        "dmean": 0.00200959085487,
        "dmean2": 0.00312355626374,
        "dvar": 2.57228975897e-06,
        "dvar2": 5.02341981701e-06,
        "max": 0.0179394949228,
        "mean": 0.0140846259892,
        "median": 0.0141977155581,
        "min": 0.000232211765251,
        "var": 5.41187955605e-06
    },
    "spectral_energyband_middle_low": {
        "dmean": 0.000829065975267,
        "dmean2": 0.00133157579694,
        "dvar": 7.32570015316e-07,
        "dvar2": 1.45575359056e-06,
        "max": 0.00805631093681,
        "mean": 0.00194075354375,
        "median": 0.00158058130182,
        "min": 5.96036043135e-05,
        "var": 1.54481119807e-06
    },
    "spectral_entropy": {
        "dmean": 0.0607760474086,
        "dmean2": 0.0984043627977,
        "dvar": 0.00398405920714,
        "dvar2": 0.00707938335836,
        "max": 8.18659210205,
        "mean": 7.54831314087,
        "median": 7.5487947464,
        "min": 7.34198999405,
        "var": 0.00636215833947
    },
    "spectral_flux": {
        "dmean": 0.00715169589967,
        "dmean2": 0.0114956265315,
        "dvar": 3.26063636749e-05,
        "dvar2": 7.97520624474e-05,
        "max": 0.115805760026,
        "mean": 0.0809533447027,
        "median": 0.0803379788995,
        "min": 0.062758333981,
        "var": 6.35850810795e-05
    },
    "spectral_kurtosis": {
        "dmean": 3.72281050682,
        "dmean2": 6.68313980103,
        "dvar": 10.0791292191,
        "dvar2": 30.833278656,
        "max": 26.0479164124,
        "mean": 7.83743429184,
        "median": 7.35996723175,
        "min": 2.181681633,
        "var": 16.0877227783
    },
    "spectral_rms": {
        "dmean": 0.000267839117441,
        "dmean2": 0.000418137409724,
        "dvar": 1.26394141375e-07,
        "dvar2": 1.86683848824e-07,
        "max": 0.00475276494399,
        "mean": 0.00423701433465,
        "median": 0.0042713531293,
        "min": 0.000614584074356,
        "var": 1.69017852159e-07
    },
    "spectral_rolloff": {
        "dmean": 118.791503906,
        "dmean2": 204.294006348,
        "dvar": 8771.13085938,
        "dvar2": 26370.1953125,
        "max": 3703.7109375,
        "mean": 3394.59423828,
        "median": 3402.24609375,
        "min": 3165.38085938,
        "var": 12223.1855469
    },
    "spectral_skewness": {
        "dmean": 0.341692864895,
        "dmean2": 0.593575298786,
        "dvar": 0.0925931483507,
        "dvar2": 0.272255480289,
        "max": 3.36144375801,
        "mean": 0.85555267334,
        "median": 0.809719920158,
        "min": 0.215158477426,
        "var": 0.199208408594
    },
    "spectral_spread": {
        "dmean": 165856.46875,
        "dmean2": 236537.453125,
        "dvar": 203877826560,
        "dvar2": 139437998080,
        "max": 7687633,
        "mean": 1812319.625,
        "median": 1760455.875,
        "min": 1443263.25,
        "var": 312913690624
    },
    "spectral_strongpeak": {
        "dmean": 1.54013872147,
        "dmean2": 2.64512515068,
        "dvar": 1.76313018799,
        "dvar2": 4.96735715866,
        "max": 6.06819868088,
        "mean": 1.8490626812,
        "median": 1.78090012074,
        "min": 0.00483745103702,
        "var": 2.5333313942
    },
    "zerocrossingrate": {
        "dmean": 0.0052693686448,
        "dmean2": 0.00615070248023,
        "dvar": 6.11301002209e-05,
        "dvar2": 4.39865179942e-05,
        "max": 0.12646484375,
        "mean": 0.11113846302,
        "median": 0.11279296875,
        "min": 0.025390625,
        "var": 0.000135423193569
    },
    "barkbands": {
        "dmean": [4.05042192142e-06, 0.0010109617142, 0.000346240616636, 0.000208284633118, 0.000728822022211, 4.20664509875e-05, 4.8530913773e-05, 4.47041602456e-05, 0.000139791300171, 5.72616008867e-05, 0.000111331457447, 0.000396380550228, 3.5158755054e-05, 0.000347335793776, 0.000464914250188, 0.00085707870312, 0.00120161683299, 0.000776311091613, 0.00100629148073, 0.000366239197319, 0.000148549122969, 2.04748557735e-05, 8.0616592868e-07, 1.77879576313e-06, 4.33521648802e-07, 1.7296299859e-07, 2.7659556423e-08],
        "dmean2": [6.76285480949e-06, 0.00193873979151, 0.000648500979878, 0.000347178371157, 0.00119063351303, 7.28339728084e-05, 8.55459147715e-05, 7.71030754549e-05, 0.000200020076591, 9.90927874227e-05, 0.000174491971848, 0.000610274437349, 5.93794793531e-05, 0.000612174917478, 0.000742265954614, 0.00153702113312, 0.00204390962608, 0.00133113586344, 0.00175204523839, 0.000603693595622, 0.000262249610387, 3.32265844918e-05, 1.43758961713e-06, 3.05389221467e-06, 7.74565535266e-07, 2.92219908715e-07, 3.36529701883e-08],
        "dvar": [2.59726094798e-11, 3.94733376652e-07, 7.3644770282e-08, 3.929521597e-08, 7.99420149633e-07, 1.4109505786e-09, 2.7417992321e-09, 1.5035245271e-09, 1.55721924244e-08, 2.72878941665e-09, 1.09905178292e-08, 1.36925933703e-07, 1.3507562846e-09, 9.79314691563e-08, 2.20882711233e-07, 4.81216034132e-07, 9.50427988755e-07, 2.79864678987e-07, 8.49609023135e-07, 8.69129266334e-08, 1.26360912844e-08, 3.46989742495e-10, 4.49738011589e-13, 1.9720197697e-12, 1.59054017244e-13, 4.07470654169e-14, 4.75084279913e-14],
        "dvar2": [6.59420365534e-11, 1.45015633279e-06, 2.51651954386e-07, 1.04517653199e-07, 1.57867953021e-06, 3.73881503535e-09, 7.31458316139e-09, 3.46645712135e-09, 2.77557337114e-08, 7.95111443352e-09, 2.79264078529e-08, 2.61360384002e-07, 4.1413232843e-09, 2.94067973527e-07, 6.65768709496e-07, 1.35113953093e-06, 2.4696573746e-06, 8.44185422011e-07, 2.41393900069e-06, 2.73241084869e-07, 3.31612852733e-08, 7.45543182745e-10, 1.14260022884e-12, 5.33285915427e-12, 4.52482696494e-13, 9.24964992837e-14, 4.6739034084e-14],
        "max": [3.5767810914e-05, 0.00289486534894, 0.00204948568717, 0.00112153950613, 0.00752319209278, 0.000219102133997, 0.000310221483232, 0.00032386201201, 0.00158531183843, 0.000411018816521, 0.000907773093786, 0.00465105799958, 0.000288857176201, 0.00207664072514, 0.00531705003232, 0.00623295875266, 0.00717267254367, 0.00374861364253, 0.00713377911597, 0.00255005806684, 0.000787990633398, 0.000163632343174, 5.48012758372e-06, 1.244759369e-05, 3.62816513189e-06, 2.514220796e-06, 2.43580666393e-06],
        "mean": [6.63489163344e-06, 0.00114491523709, 0.000594896089751, 0.000253951060586, 0.0011025776621, 5.18602391821e-05, 5.69795593037e-05, 0.000117161267553, 0.000341367791407, 9.19858430279e-05, 0.000204882744583, 0.000948429398704, 8.1938043877e-05, 0.000644025334623, 0.00114208366722, 0.00207750289701, 0.00310033117421, 0.00200409279205, 0.00299012986943, 0.00110897934064, 0.00043042001198, 6.81420497131e-05, 2.55343456956e-06, 6.60941987007e-06, 1.42262388181e-06, 4.57507525198e-07, 3.52785036739e-08],
        "median": [5.54033931621e-06, 0.000953123089857, 0.000544481677935, 0.000159850547789, 0.000747154757846, 3.84877384931e-05, 3.64307779819e-05, 0.000109191110823, 0.000233240498346, 8.49855641718e-05, 0.000152481734403, 0.00083228078438, 7.01030003256e-05, 0.000544811715372, 0.000959701254033, 0.00186705205124, 0.00293082301505, 0.00197240407579, 0.00263962871395, 0.00106769392733, 0.00042271669372, 6.17337864242e-05, 2.56204020843e-06, 6.5027279561e-06, 1.32722755097e-06, 3.92675389094e-07, 9.45992795209e-09],
        "min": [6.65737502459e-07, 3.61322745448e-05, 2.45052215178e-05, 9.27058772504e-06, 2.53764555964e-05, 3.21750553667e-06, 3.20096933137e-06, 1.96818859877e-06, 8.95871016837e-06, 2.63726610683e-06, 2.37791164182e-06, 2.64349255303e-05, 1.71374595084e-05, 1.03275860965e-05, 2.68050025625e-05, 1.25873330035e-05, 2.45182491199e-05, 2.36840587604e-05, 7.40787436371e-05, 2.59560711129e-05, 1.44506066135e-05, 1.4972184772e-06, 1.7140627051e-07, 1.74889962068e-07, 5.48745866524e-08, 5.07790183235e-08, 3.7330920577e-09],
        "var": [2.30789363315e-11, 4.82576467675e-07, 1.33369425726e-07, 5.9959063492e-08, 1.4135737274e-06, 1.71876690658e-09, 2.71144906527e-09, 4.16254719582e-09, 8.8235701412e-08, 3.07970693392e-09, 2.43935218691e-08, 5.50860818294e-07, 2.30324737061e-09, 1.68805925682e-07, 5.21015351751e-07, 1.08315259695e-06, 1.47397554429e-06, 4.93760694553e-07, 1.10974588097e-06, 1.40356107181e-07, 1.63495279537e-08, 6.80483336346e-10, 6.2235877259e-13, 3.6228494163e-12, 3.13421597703e-13, 7.39776214462e-14, 4.81915397345e-14]
    },
    "erbbands": {
        "dmean": [0.019801735878, 0.257380545139, 0.399665921926, 0.433506220579, 2.10926485062, 2.30711841583, 0.318862974644, 0.353886038065, 0.354494959116, 0.86715400219, 1.0495544672, 4.20715761185, 1.3157709837, 2.91115927696, 5.02629756927, 16.2405853271, 3.53389787674, 8.48855400085, 16.7324390411, 41.5748901367, 40.1101150513, 69.3320083618, 36.9668769836, 52.3830032349, 35.9455413818, 16.8666954041, 6.87909412384, 4.12186002731, 0.939255833626, 0.109435267746, 0.028176208958, 0.0464265160263, 0.0209700837731, 0.00838117767125, 0.00102731061634, 0.000905909575522, 0.000282568420516, 2.7229774787e-05, 4.63598053102e-06, 3.17312651532e-06],
        "dmean2": [0.0376712419093, 0.494949102402, 0.758600950241, 0.745623409748, 3.39427375793, 3.78951478004, 0.550084650517, 0.614095032215, 0.609552025795, 1.53790891171, 1.84095823765, 5.89810228348, 2.14100861549, 4.75468015671, 8.17226600647, 25.4590873718, 5.75480985641, 14.8977632523, 27.2473087311, 65.8359298706, 72.3854064941, 115.747695923, 64.4517440796, 89.2714080811, 60.0999832153, 28.3675041199, 11.5877799988, 7.12234210968, 1.46309769154, 0.17837934196, 0.0483400337398, 0.0794730037451, 0.0349076353014, 0.0148988654837, 0.00170441425871, 0.0015328056179, 0.000477824098198, 3.84745071642e-05, 5.74026898903e-06, 4.87613760924e-06],
        "dvar": [0.000150064894115, 0.0267157610506, 0.0955194458365, 0.123809821904, 6.18040704727, 9.21022701263, 0.10690189153, 0.106879711151, 0.126362547278, 0.770590186119, 1.35896146297, 14.617647171, 3.23444724083, 5.2320151329, 21.8412570953, 230.669616699, 12.8579959869, 61.9150466919, 179.865142822, 1670.06774902, 1262.29919434, 3406.07275391, 837.280456543, 2368.96508789, 809.690612793, 207.12310791, 23.2850017548, 9.62394142151, 0.817566096783, 0.00902906339616, 0.000447507685749, 0.001646196004, 0.000267559342319, 6.30656504654e-05, 2.406354497e-06, 8.66971447522e-07, 1.16563924735e-07, 1.71984702035e-08, 9.10670261423e-10, 9.21322653585e-12],
        "dvar2": [0.000539053755347, 0.0974739938974, 0.325296759605, 0.281288743019, 11.7112703323, 21.5185832977, 0.291659384966, 0.297555029392, 0.338679611683, 2.04577875137, 3.17692112923, 26.9686031342, 8.8518037796, 15.1081209183, 59.8936805725, 456.773406982, 21.9289588928, 170.682022095, 515.941040039, 5006.51855469, 3829.92919922, 9794.97363281, 2159.95727539, 6875.3515625, 2612.35058594, 599.916809082, 70.3207397461, 25.94465065, 1.91256344318, 0.0224681515247, 0.00125883787405, 0.00450382521376, 0.000713007815648, 0.000182547257282, 3.36750508723e-06, 2.31351782531e-06, 2.27744791914e-07, 1.64368021416e-08, 8.92386997631e-10, 1.55925931888e-11],
        "max": [0.0659684613347, 0.766068339348, 2.41282534599, 2.24974131584, 20.2064781189, 20.8231697083, 2.16772079468, 1.64890861511, 1.99340283871, 5.73882055283, 9.25448131561, 48.8967170715, 14.7532873154, 18.2063407898, 42.0830345154, 179.785964966, 46.876663208, 61.034942627, 96.3053741455, 380.380493164, 268.152099609, 458.011230469, 235.19909668, 329.429748535, 236.876296997, 128.917373657, 35.2683105469, 21.8504562378, 9.0978307724, 0.953926622868, 0.170826032758, 0.335269391537, 0.18264837563, 0.0661110877991, 0.0216552913189, 0.0108087370172, 0.00442887470126, 0.00154054840095, 0.000354797753971, 4.88872101414e-05],
        "mean": [0.028254237026, 0.276752173901, 0.634998202324, 0.861315369606, 3.59316945076, 2.89076185226, 0.516383528709, 0.429607957602, 0.498135149479, 1.60534060001, 2.9547290802, 9.85456943512, 3.07208156586, 5.31799983978, 11.0704917908, 39.6994094849, 9.68410110474, 20.3935108185, 46.1049385071, 101.674690247, 107.177330017, 175.790786743, 113.990653992, 161.023620605, 113.42565155, 52.0906600952, 20.5648384094, 12.2075424194, 3.27328681946, 0.439001113176, 0.0969834402204, 0.160366520286, 0.0797891765833, 0.0291603952646, 0.00362639501691, 0.00261258054525, 0.000701443525031, 5.42738489457e-05, 2.02127994271e-05, 2.73482546618e-05],
        "median": [0.0269001834095, 0.224316298962, 0.560032904148, 0.747725427151, 2.50921797752, 1.81125879288, 0.457243949175, 0.315373063087, 0.332399606705, 1.42616987228, 2.62930655479, 6.73931789398, 2.58847260475, 4.80567646027, 9.16920757294, 33.9786376953, 8.09530735016, 17.3884162903, 44.1272468567, 79.0596694946, 100.948738098, 166.114364624, 110.807418823, 155.70703125, 110.507461548, 47.9032249451, 20.6289958954, 11.6654129028, 2.99146437645, 0.433022558689, 0.0972223728895, 0.156521722674, 0.0741364583373, 0.0269390959293, 0.00332786538638, 0.00231433170848, 0.00062379182782, 3.4526190575e-05, 1.73250846274e-05, 2.73766945611e-05],
        "min": [0.000951381458435, 0.00847505405545, 0.02704025805, 0.0386081039906, 0.0637197941542, 0.0919858589768, 0.0510280765593, 0.024726331234, 0.0397309027612, 0.109570480883, 0.0352297872305, 0.209766089916, 0.143557861447, 0.0721790120006, 0.226238921285, 1.19884228706, 0.877903103828, 0.611645758152, 0.934705078602, 1.08039402962, 1.13424599171, 1.15836465359, 0.96448379755, 3.0504052639, 3.39779424667, 1.33591377735, 0.997836947441, 0.225083529949, 0.0720643177629, 0.00623478135094, 0.00472760433331, 0.00583982374519, 0.0014376930194, 0.000751510728151, 0.000339414575137, 0.000232907099416, 8.75171535881e-05, 1.66239060491e-05, 6.03556918577e-06, 1.13356361453e-06],
        "var": [0.000197927744011, 0.0322803705931, 0.163409367204, 0.213725700974, 12.9973239899, 12.2331371307, 0.11696691066, 0.120844952762, 0.150480419397, 0.859120190144, 2.71654272079, 82.520401001, 4.04038047791, 9.31471061707, 48.8615837097, 894.61920166, 52.2309875488, 131.461975098, 408.215545654, 4378.53759766, 1605.44299316, 5274.96923828, 1289.93896484, 2826.33862305, 1203.64257812, 296.711639404, 33.7446517944, 13.5350036621, 1.5936075449, 0.0165828689933, 0.000661717203911, 0.00236648414284, 0.000710689113475, 0.000120833959954, 4.06909975936e-06, 1.61398838827e-06, 2.22220151613e-07, 1.89032913767e-08, 9.37064092987e-10, 1.68780805304e-11]
    },
    "gfcc": {
        "mean": [-15.6991176605, 94.0409088135, -193.665542603, 74.5431594849, -16.6907520294, -1.152790308, -16.2576332092, 11.0455684662, -23.8951244354, -8.76653003693, -16.7492485046, -14.7982826233, -3.11644434929],
        "cov": [[300.050506592, 23.6175575256, -33.4310150146, 21.359079361, -8.84253787994, 8.59283256531, -15.064119339, 5.22375583649, 7.50643348694, -14.3604154587, -3.04952502251, -0.0958821624517, 10.5188026428], [23.6175575256, 74.113899231, 2.98853445053, 11.0381479263, -8.03090286255, -3.75137639046, 0.733522772789, -23.8244018555, -0.636165678501, -7.64343118668, 10.0942745209, -1.96261370182, 1.22427582741], [-33.4310150146, 2.98853445053, 57.2651176453, 21.4719009399, 12.0647344589, -13.4985332489, -18.3868713379, -12.8292036057, -10.3072814941, 5.3630399704, -9.18845176697, 0.641239523888, -2.55492424965], [21.359079361, 11.0381479263, 21.4719009399, 47.8229522705, 20.4895553589, -1.21013474464, -11.4124717712, -8.05102920532, 2.77216291428, -5.2725276947, -8.29320526123, -6.54257297516, 6.42857313156], [-8.84253787994, -8.03090286255, 12.0647344589, 20.4895553589, 32.897819519, 13.2703485489, -1.53824019432, -1.51354646683, -1.38077950478, 1.08499503136, 1.84824752808, -3.52011656761, -1.8557305336], [8.59283256531, -3.75137639046, -13.4985332489, -1.21013474464, 13.2703485489, 37.9011001587, 24.9978466034, 9.87349128723, -0.210623174906, 0.0577452965081, 8.24470424652, 3.41289043427, -5.87736082077], [-15.064119339, 0.733522772789, -18.3868713379, -11.4124717712, -1.53824019432, 24.9978466034, 48.3491897583, 28.7544555664, 9.56947422028, -2.08331537247, 5.2631278038, 6.58299016953, 0.104439005256], [5.22375583649, -23.8244018555, -12.8292036057, -8.05102920532, -1.51354646683, 9.87349128723, 28.7544555664, 57.422328949, 27.6042518616, 5.71427059174, 1.07364225388, 5.31889820099, 7.78188896179], [7.50643348694, -0.636165678501, -10.3072814941, 2.77216291428, -1.38077950478, -0.210623174906, 9.56947422028, 27.6042518616, 38.1241340637, 10.1748418808, -2.9325928688, -1.65281653404, 7.56025266647], [-14.3604154587, -7.64343118668, 5.3630399704, -5.2725276947, 1.08499503136, 0.0577452965081, -2.08331537247, 5.71427059174, 10.1748418808, 28.2121715546, 13.7583599091, 3.53549480438, -4.79774570465], [-3.04952502251, 10.0942745209, -9.18845176697, -8.29320526123, 1.84824752808, 8.24470424652, 5.2631278038, 1.07364225388, -2.9325928688, 13.7583599091, 35.2665519714, 13.0260715485, -5.72100305557], [-0.0958821624517, -1.96261370182, 0.641239523888, -6.54257297516, -3.52011656761, 3.41289043427, 6.58299016953, 5.31889820099, -1.65281653404, 3.53549480438, 13.0260715485, 23.5408306122, 3.79933953285], [10.5188026428, 1.22427582741, -2.55492424965, 6.42857313156, -1.8557305336, -5.87736082077, 0.104439005256, 7.78188896179, 7.56025266647, -4.79774570465, -5.72100305557, 3.79933953285, 21.7870903015]],
        "icov": [[0.00539852958173, -0.00456882687286, 0.00685743289068, -0.00509524485096, 0.00267456425354, -0.00495510920882, 0.00896979589015, -0.00696036312729, 0.00446902262047, -0.00218183570541, 0.00528844911605, -0.00428958144039, 0.00139757397119], [-0.00456882687286, 0.0395999662578, -0.0234027765691, -0.00270030484535, 0.0208692420274, 0.0005780334468, -0.0234320107847, 0.0359692834318, -0.0322362557054, 0.0299230087548, -0.041520036757, 0.0224324576557, -0.00980765372515], [0.00685743289068, -0.0234027765691, 0.0569677762687, -0.0196821745485, -0.0210999846458, 0.0145814884454, 0.0173976607621, -0.027131980285, 0.0388257950544, -0.0396313369274, 0.0474706552923, -0.033498827368, 0.0183430295438], [-0.00509524485096, -0.00270030484535, -0.0196821745485, 0.0502937287092, -0.0266875941306, 0.000831861805636, -0.000987497274764, 0.00904979929328, -0.0158308036625, 0.0130639420822, -0.00433284649625, 0.0100247776136, -0.0143283121288], [0.00267456425354, 0.0208692420274, -0.0210999846458, -0.0266875941306, 0.0792601853609, -0.0378351062536, 0.00631221057847, 0.0103595517576, -0.0153358867392, 0.018602674827, -0.0324822366238, 0.0234451759607, -0.00744949700311], [-0.00495510920882, 0.0005780334468, 0.0145814884454, 0.000831861805636, -0.0378351062536, 0.0730919316411, -0.0394165888429, 0.00542733538896, 0.00900418963283, -0.00917470548302, 0.00459890067577, -0.00976712815464, 0.0163356270641], [0.00896979589015, -0.0234320107847, 0.0173976607621, -0.000987497274764, 0.00631221057847, -0.0394165888429, 0.073423422873, -0.0438573025167, 0.0167374052107, -0.00446440745145, 0.0218885913491, -0.0179652590305, 0.00662451796234], [-0.00696036312729, 0.0359692834318, -0.027131980285, 0.00904979929328, 0.0103595517576, 0.00542733538896, -0.0438573025167, 0.0742336735129, -0.0545150302351, 0.0274664871395, -0.0380766279995, 0.018289450556, -0.0166930817068], [0.00446902262047, -0.0322362557054, 0.0388257950544, -0.0158308036625, -0.0153358867392, 0.00900418963283, 0.0167374052107, -0.0545150302351, 0.08968770504, -0.0586482323706, 0.0509412810206, -0.0174577590078, 0.00177579547744], [-0.00218183570541, 0.0299230087548, -0.0396313369274, 0.0130639420822, 0.018602674827, -0.00917470548302, -0.00446440745145, 0.0274664871395, -0.0586482323706, 0.096355818212, -0.0665590986609, 0.0245922822505, -6.00167368248e-06], [0.00528844911605, -0.041520036757, 0.0474706552923, -0.00433284649625, -0.0324822366238, 0.00459890067577, 0.0218885913491, -0.0380766279995, 0.0509412810206, -0.0665590986609, 0.106147237122, -0.0580565668643, 0.0242573749274], [-0.00428958144039, 0.0224324576557, -0.033498827368, 0.0100247776136, 0.0234451759607, -0.00976712815464, -0.0179652590305, 0.018289450556, -0.0174577590078, 0.0245922822505, -0.0580565668643, 0.0862088501453, -0.031965136528], [0.00139757397119, -0.00980765372515, 0.0183430295438, -0.0143283121288, -0.00744949700311, 0.0163356270641, 0.00662451796234, -0.0166930817068, 0.00177579547744, -6.00167368248e-06, 0.0242573749274, -0.031965136528, 0.0731831863523]]
    },
    "melbands": {
        "dmean": [0.000251746707363, 0.000227189142606, 0.000108608575829, 0.000198538866243, 1.76697449206e-05, 7.74160434958e-06, 7.30156034479e-06, 9.28177541937e-06, 9.66328843788e-06, 2.67069190159e-05, 5.96004065301e-06, 1.13757987492e-05, 1.68213537108e-05, 4.15822905779e-05, 3.38242971338e-05, 4.28313614975e-06, 2.07421144296e-05, 3.28295500367e-05, 4.4896863983e-05, 6.23452142463e-05, 5.34139217052e-05, 7.26783837308e-05, 5.83057953918e-05, 3.53762661689e-05, 5.01156355313e-05, 3.91417597712e-05, 2.03682575375e-05, 1.09662187242e-05, 3.75607623937e-06, 5.83631026529e-06, 1.70168175373e-06, 6.38301003164e-07, 2.50718642292e-07, 2.58068606485e-08, 1.5912224427e-08, 2.54011709444e-08, 3.51577753577e-08, 1.96973815036e-08, 1.03708854837e-08, 7.12505654477e-09],
        "dmean2": [0.000483406882267, 0.00043360478594, 0.000177943336894, 0.000327560992446, 3.04642107949e-05, 1.32520217448e-05, 1.27472021632e-05, 1.60164727276e-05, 1.70953844645e-05, 3.72661888832e-05, 1.02585463537e-05, 1.89488218894e-05, 2.69141928584e-05, 6.37256525806e-05, 5.48841817363e-05, 7.173465292e-06, 3.6580280721e-05, 5.7033765188e-05, 7.49924583943e-05, 0.000100591976661, 9.64571809163e-05, 0.00012180282647, 9.49147215579e-05, 6.00988714723e-05, 8.6832078523e-05, 6.69975124765e-05, 3.33746575052e-05, 1.83997144632e-05, 6.37218317934e-06, 1.01383775473e-05, 2.8570827908e-06, 1.03823208519e-06, 4.20099070197e-07, 4.39108056582e-08, 2.83622565433e-08, 4.38389733404e-08, 6.08977330785e-08, 3.33690941545e-08, 1.7715734657e-08, 1.27733397193e-08],
        "dvar": [2.34391510645e-08, 3.01616154275e-08, 8.66719407355e-09, 6.15920683344e-08, 5.51142520511e-10, 4.84590943761e-11, 5.64846537598e-11, 7.30491708789e-11, 1.30480168337e-10, 5.97619065346e-10, 7.43015024507e-11, 7.70687610951e-11, 2.88598034359e-10, 1.14309783861e-09, 1.39882305739e-09, 1.48628193086e-11, 3.89490023567e-10, 7.53659967767e-10, 1.91232896185e-09, 2.53869902878e-09, 2.39942665736e-09, 3.86030540866e-09, 2.3022805884e-09, 7.79060593814e-10, 2.42195463684e-09, 1.31642508006e-09, 2.72298572579e-10, 8.05946698268e-11, 6.5593129886e-12, 2.15865970932e-11, 1.94971035844e-12, 3.40051175152e-13, 5.36043208248e-14, 3.63793265777e-16, 1.50292099856e-16, 6.33835442645e-16, 8.24273648418e-16, 2.17099930981e-16, 8.55439418384e-17, 4.05413328136e-17],
        "dvar2": [8.6416754641e-08, 1.04229236797e-07, 2.20780389526e-08, 1.22763637478e-07, 1.45030842891e-09, 1.36053501798e-10, 1.49004544814e-10, 1.97946353753e-10, 3.17672055328e-10, 1.04772512888e-09, 2.0546644941e-10, 2.25187216096e-10, 7.15939585394e-10, 3.15807957563e-09, 2.35609420862e-09, 4.35473983262e-11, 1.07897457635e-09, 2.27853735879e-09, 5.33167376915e-09, 7.91175658321e-09, 7.00122315678e-09, 1.123478377e-08, 5.50610401717e-09, 2.12033390845e-09, 6.88482337807e-09, 4.17011936094e-09, 7.71012031997e-10, 2.55170329311e-10, 1.9258983297e-11, 5.74799582931e-11, 5.50802372462e-12, 7.41909409342e-13, 1.28725792504e-13, 9.6584329415e-16, 4.31493644636e-16, 1.65440061214e-15, 2.57697492224e-15, 6.18265547706e-16, 2.25346868749e-16, 1.23581590844e-16],
        "max": [0.000705229758751, 0.00122910155915, 0.000667107931804, 0.00207769521512, 0.000191361817997, 3.72236245312e-05, 4.27258128184e-05, 7.20140524209e-05, 8.58380735735e-05, 0.000317846250255, 7.22134136595e-05, 6.89658918418e-05, 0.000148456005263, 0.000310594157781, 0.000459789822344, 2.89006402454e-05, 0.00014850521984, 0.000166393801919, 0.000455968111055, 0.000418852025177, 0.000360644800821, 0.000467040401418, 0.000372878828784, 0.000197966088308, 0.000307016802253, 0.000277041544905, 0.000135699374368, 6.97000723449e-05, 1.91143772099e-05, 2.98211652989e-05, 9.3356375146e-06, 5.03330920765e-06, 2.5337653824e-06, 1.44729852991e-07, 8.56878443756e-08, 1.91227130131e-07, 2.56238337215e-07, 1.48697139934e-07, 8.86229614139e-08, 5.20505523127e-08],
        "mean": [0.000296532874927, 0.000356541218935, 0.00021630358242, 0.000290033116471, 2.53442431131e-05, 9.26926441025e-06, 9.1986175903e-06, 2.03367435461e-05, 2.43967515416e-05, 6.27333356533e-05, 1.19897367767e-05, 1.9145940314e-05, 2.97047263302e-05, 8.73474127729e-05, 7.44491626392e-05, 9.59247699939e-06, 4.43093995273e-05, 6.94417467457e-05, 0.000115407179692, 0.000137464841828, 0.000125559134176, 0.000173406777321, 0.000154568537255, 8.77604834386e-05, 0.000138767485623, 0.000101142999483, 6.03484659223e-05, 2.7194240829e-05, 9.96442668111e-06, 1.40146421472e-05, 4.59260627395e-06, 1.94426866074e-06, 7.1003745461e-07, 6.57330190279e-08, 3.92966015283e-08, 7.95258117137e-08, 1.03575636956e-07, 6.23228544328e-08, 3.62376262331e-08, 2.00523508909e-08],
        "median": [0.000252855679719, 0.00033253300353, 0.00017837822088, 0.00018665753305, 1.92936495296e-05, 6.68671373205e-06, 6.17025489191e-06, 1.84197433555e-05, 2.02880237339e-05, 4.14701753471e-05, 1.02205467556e-05, 1.7067308363e-05, 2.07732518902e-05, 7.3657669418e-05, 6.09960334259e-05, 8.60454383655e-06, 3.40716469509e-05, 6.26742257737e-05, 9.7283445939e-05, 0.000109631837404, 0.000117723102449, 0.000158010647283, 0.000146243590279, 8.35511527839e-05, 0.000130307118525, 9.22190520214e-05, 5.93850600126e-05, 2.56538369285e-05, 9.87748080661e-06, 1.29811305669e-05, 4.39743143943e-06, 1.75902232513e-06, 6.64868935019e-07, 6.32111110122e-08, 3.76493893839e-08, 7.35203471436e-08, 1.03031091214e-07, 5.79012393587e-08, 3.32584910723e-08, 1.88619164732e-08],
        "min": [9.51967558649e-06, 1.35383579618e-05, 7.36077527108e-06, 5.94719222136e-06, 2.29032093557e-06, 5.52386381969e-07, 5.50075810679e-07, 1.06842514924e-06, 2.84307077436e-07, 1.43922113693e-06, 6.96551296642e-07, 2.74709265113e-07, 4.48549542398e-07, 2.22170729103e-06, 3.37620213031e-06, 1.30595924475e-06, 1.13526402856e-06, 1.20618119581e-06, 2.14320925807e-06, 8.41757412218e-07, 1.5700414906e-06, 1.37227766572e-06, 6.53847678223e-07, 1.18022137485e-06, 2.56258613263e-06, 2.99520729641e-06, 1.29695320084e-06, 8.26639166007e-07, 7.23840059891e-07, 2.61891500486e-07, 8.84643114318e-08, 5.32353112703e-08, 5.40695399565e-09, 1.87205650981e-09, 1.94383931174e-09, 4.90248774909e-09, 3.05057623606e-09, 1.04691488811e-09, 6.64416632823e-10, 5.7881965887e-10],
        "var": [2.88789721026e-08, 4.33390638932e-08, 1.73486736088e-08, 1.03706227605e-07, 5.54025270105e-10, 5.73345988741e-11, 6.26238436108e-11, 1.1492488905e-10, 2.49140208464e-10, 3.53244455908e-09, 6.80036721379e-11, 1.31603283826e-10, 5.93183779873e-10, 3.42593486913e-09, 5.76919623185e-09, 2.52273826828e-11, 8.09974143312e-10, 1.21531018582e-09, 4.77316941527e-09, 7.85902720679e-09, 2.83498935438e-09, 5.71410341266e-09, 3.76285580472e-09, 1.17496945506e-09, 2.62460853051e-09, 1.79694237268e-09, 4.19989681921e-10, 1.1469936112e-10, 9.53812983456e-12, 2.69453886287e-11, 2.62967534033e-12, 6.58392286003e-13, 1.06672551109e-13, 5.53048245932e-16, 2.05712684736e-16, 7.43958619634e-16, 1.17117848012e-15, 5.36838576421e-16, 1.95876355818e-16, 6.81658433156e-17]
    },
    "mfcc": {
        "mean": [-630.006530762, 102.010726929, -84.6873092651, 67.7178344727, 14.4349870682, 5.15770721436, 19.4637260437, 7.0114068985, 14.8735561371, 1.22221386433, -2.64289069176, 2.45272898674, -8.03673267365],
        "cov": [[345.506896973, -0.849615454674, -25.3533210754, 0.272299706936, 6.86608982086, -5.03685665131, -13.6487455368, 12.829577446, 13.6806650162, -12.4532270432, -0.324815005064, 0.518050134182, -3.56836271286], [-0.849615454674, 51.4095115662, 12.5175886154, 2.63072490692, -11.06549263, 6.09807491302, -1.72331166267, -8.54063224792, -15.6791248322, -8.68301582336, 0.885289490223, 1.64817368984, -4.95998239517], [-25.3533210754, 12.5175886154, 34.2599639893, 19.4130687714, 8.48509693146, 1.90995383263, -5.43241977692, -10.207118988, -5.6709651947, -3.63504314423, -6.50522089005, -3.28376889229, -2.44927978516], [0.272299706936, 2.63072490692, 19.4130687714, 42.9795303345, 23.2076797485, 4.83251905441, -11.5173454285, -8.99723339081, 0.646882295609, 3.09735107422, -5.2936706543, -13.4630794525, -6.58660459518], [6.86608982086, -11.06549263, 8.48509693146, 23.2076797485, 46.9006309509, 11.3346586227, -5.07922554016, -12.5984516144, -4.60133075714, 6.21082735062, -4.20400190353, -7.15014362335, -0.10619071871], [-5.03685665131, 6.09807491302, 1.90995383263, 4.83251905441, 11.3346586227, 36.7189369202, 9.38025569916, -3.72703480721, -8.67279624939, -3.49736571312, -0.585120022297, -4.65740871429, 1.51892125607], [-13.6487455368, -1.72331166267, -5.43241977692, -11.5173454285, -5.07922554016, 9.38025569916, 41.6667861938, 16.5389022827, -0.331612557173, -8.7555103302, 6.58467197418, 11.4770994186, 8.91145992279], [12.829577446, -8.54063224792, -10.207118988, -8.99723339081, -12.5984516144, -3.72703480721, 16.5389022827, 46.5736923218, 23.1496315002, 2.17238020897, 4.15000772476, 3.04076623917, 8.08914756775], [13.6806650162, -15.6791248322, -5.6709651947, 0.646882295609, -4.60133075714, -8.67279624939, -0.331612557173, 23.1496315002, 42.9728240967, 19.8136253357, 3.37346029282, -3.39728450775, 0.478353142738], [-12.4532270432, -8.68301582336, -3.63504314423, 3.09735107422, 6.21082735062, -3.49736571312, -8.7555103302, 2.17238020897, 19.8136253357, 34.4137992859, 7.23328351974, -6.15687608719, -2.89019155502], [-0.324815005064, 0.885289490223, -6.50522089005, -5.2936706543, -4.20400190353, -0.585120022297, 6.58467197418, 4.15000772476, 3.37346029282, 7.23328351974, 24.0798606873, 11.6276903152, 5.60462617874], [0.518050134182, 1.64817368984, -3.28376889229, -13.4630794525, -7.15014362335, -4.65740871429, 11.4770994186, 3.04076623917, -3.39728450775, -6.15687608719, 11.6276903152, 40.8218460083, 19.3878803253], [-3.56836271286, -4.95998239517, -2.44927978516, -6.58660459518, -0.10619071871, 1.51892125607, 8.91145992279, 8.08914756775, 0.478353142738, -2.89019155502, 5.60462617874, 19.3878803253, 29.9170131683]],
