{
"lowlevel": {
    "average_loudness": 0.988466024399,
    "barkbands_crest": {
        "dmean": 1.76865780354,
        "dmean2": 2.78906297684,
        "dvar": 1.9860676527,
        "dvar2": 4.61534547806,
        "max": 17.1832923889,
        "mean": 7.03371429443,
        "median": 6.60127687454,
        "min": 2.85068011284,
        "var": 5.88415193558
    },
    "barkbands_flatness_db": {
        "dmean": 0.00959691219032,
        "dmean2": 0.015000090003,
        "dvar": 4.73736727145e-05,
        "dvar2": 0.000131219407194,
        "max": 0.187847003341,
        "mean": 0.14420850575,
        "median": 0.14411662519,
        "min": 0.109674371779,
        "var": 0.000209054036532
    },
    "barkbands_kurtosis": {
        "dmean": 0.282205849886,
        "dmean2": 0.485812753439,
        "dvar": 0.096387706697,
        "dvar2": 0.240184262395,
        "max": 1.14135551453,
        "mean": -1.28751981258,
        "median": -1.40272927284,
        "min": -1.73544824123,
        "var": 0.153940245509
    },
    "barkbands_skewness": {
        "dmean": 0.306888014078,
        "dmean2": 0.477065056562,
        "dvar": 0.0494598932564,
        "dvar2": 0.134165331721,
        "max": 1.56036245823,
        "mean": 0.149435460567,
        "median": 0.194171220064,
        "min": -1.46894407272,
        "var": 0.211583480239
    },
    "barkbands_spread": {
        "dmean": 3.8654859066,
        "dmean2": 6.42151641846,
        "dvar": 9.32223129272,
        "dvar2": 24.0090770721,
        "max": 53.3817558289,
        "mean": 38.2953300476,
        "median": 38.1373100281,
        "min": 20.3094959259,
        "var": 34.3483390808
    },
    "dissonance": {
        "dmean": 0.00591178797185,
        "dmean2": 0.00997031573206,
        "dvar": 4.0000948502e-05,
        "dvar2": 8.46688490128e-05,
        "max": 0.496660411358,
        "mean": 0.48675596714,
        "median": 0.487922608852,
        "min": 0.419106423855,
        "var": 5.49589531147e-05
    },
    "dynamic_complexity": 0.495553523302,
    "erbbands_crest": {
        "dmean": 1.55810332298,
        "dmean2": 2.52220392227,
        "dvar": 1.39882147312,
        "dvar2": 3.99845671654,
        "max": 17.0504226685,
        "mean": 6.84704065323,
        "median": 6.39472389221,
        "min": 3.70529007912,
        "var": 5.16297101974
    },
    "erbbands_flatness_db": {
        "dmean": 0.00825069285929,
        "dmean2": 0.0140365818515,
        "dvar": 4.4206099119e-05,
        "dvar2": 0.000118396761536,
        "max": 0.283056527376,
        "mean": 0.224622711539,
        "median": 0.223191559315,
        "min": 0.194653257728,
        "var": 0.000182657735422
    },
    "erbbands_kurtosis": {
        "dmean": 0.833077073097,
        "dmean2": 1.3451551199,
        "dvar": 0.504232347012,
        "dvar2": 1.37924814224,
        "max": 10.3759565353,
        "mean": 1.00683426857,
        "median": 0.670967340469,
        "min": -1.04274737835,
        "var": 2.54096794128
    },
    "erbbands_skewness": {
        "dmean": 0.211475491524,
        "dmean2": 0.341770350933,
        "dvar": 0.026473114267,
        "dvar2": 0.0645771697164,
        "max": -0.107788778841,
        "mean": -1.07644045353,
        "median": -1.06381034851,
        "min": -2.39675855637,
        "var": 0.129922732711
    },
    "erbbands_spread": {
        "dmean": 5.62132835388,
        "dmean2": 9.19104290009,
        "dvar": 16.0835266113,
        "dvar2": 47.0250358582,
        "max": 48.4151687622,
        "mean": 30.0066547394,
        "median": 29.9815120697,
        "min": 8.44783878326,
        "var": 60.8468055725
    },
    "hfc": {
        "dmean": 5.6329627037,
        "dmean2": 8.53949451447,
        "dvar": 25.5805587769,
        "dvar2": 56.7640647888,
        "max": 76.5810775757,
        "mean": 34.8982772827,
        "median": 32.9858665466,
        "min": 0.889283418655,
        "var": 111.226318359
    },
    "melbands_crest": {
        "dmean": 2.88379669189,
        "dmean2": 4.48379802704,
        "dvar": 6.1734828949,
        "dvar2": 14.8594322205,
        "max": 21.8667011261,
        "mean": 11.3868894577,
        "median": 11.2214612961,
        "min": 3.20701646805,
        "var": 15.4545297623
    },
    "melbands_flatness_db": {
        "dmean": 0.0140589652583,
        "dmean2": 0.0211227722466,
        "dvar": 0.00011666444334,
        "dvar2": 0.000290344556561,
        "max": 0.24467498064,
        "mean": 0.172002628446,
        "median": 0.171250909567,
        "min": 0.121844217181,
        "var": 0.000449907442089
    },
    "melbands_kurtosis": {
        "dmean": 1.17831981182,
        "dmean2": 1.84391367435,
        "dvar": 1.01362168789,
        "dvar2": 2.58055853844,
        "max": 12.736620903,
        "mean": 0.986700296402,
        "median": 0.581043958664,
        "min": -1.72296476364,
        "var": 3.42968964577
    },
    "melbands_skewness": {
        "dmean": 0.375683158636,
        "dmean2": 0.582978248596,
        "dvar": 0.0752398297191,
        "dvar2": 0.201610192657,
        "max": 3.54845643044,
        "mean": 1.35960912704,
        "median": 1.35732698441,
        "min": -0.375561982393,
        "var": 0.320669233799
    },
    "melbands_spread": {
        "dmean": 9.5534286499,
        "dmean2": 14.8951749802,
        "dvar": 51.3612289429,
        "dvar2": 133.732818604,
        "max": 101.5418396,
        "mean": 56.0120429993,
        "median": 54.0426025391,
        "min": 22.0478897095,
        "var": 208.433059692
    },
    "pitch_salience": {
        "dmean": 0.0507758148015,
        "dmean2": 0.0828428566456,
        "dvar": 0.00184026395436,
        "dvar2": 0.00459314882755,
        "max": 0.841931819916,
        "mean": 0.605396866798,
        "median": 0.606847465038,
        "min": 0.40068474412,
        "var": 0.00467455992475
    },
    "silence_rate_20dB": {
        "dmean": 0,
        "dmean2": 0,
        "dvar": 0,
        "dvar2": 0,
        "max": 1,
        "mean": 1,
        "median": 1,
        "min": 1,
        "var": 0
    },
    "silence_rate_30dB": {
        "dmean": 0,
        "dmean2": 0,
        "dvar": 0,
        "dvar2": 0,
        "max": 1,
        "mean": 1,
        "median": 1,
        "min": 1,
        "var": 0
    },
    "silence_rate_60dB": {
        "dmean": 0,
        "dmean2": 0,
        "dvar": 0,
        "dvar2": 0,
        "max": 0,
        "mean": 0,
        "median": 0,
        "min": 0,
        "var": 0
    },
    "spectral_centroid": {
        "dmean": 208.169525146,
        "dmean2": 331.996063232,
        "dvar": 29122.7167969,
        "dvar2": 72227.5703125,
        "max": 3619.4753418,
        "mean": 2421.43579102,
        "median": 2395.37963867,
        "min": 1631.07739258,
        "var": 106653.710938
    },
    "spectral_complexity": {
        "dmean": 3.38666677475,
        "dmean2": 5.5117058754,
        "dvar": 10.3638181686,
        "dvar2": 19.9756031036,
        "max": 47,
        "mean": 37.2292366028,
        "median": 37,
        "min": 0,
        "var": 19.2065944672
    },
    "spectral_decrease": {
        "dmean": 8.46066050553e-10,
        "dmean2": 1.38683320383e-09,
        "dvar": 5.11463402028e-19,
        "dvar2": 1.17403253944e-18,
        "max": -1.23741586422e-10,
        "mean": -5.61653568099e-09,
        "median": -5.71559111151e-09,
        "min": -7.50193596133e-09,
        "var": 8.30913213368e-19
    },
    "spectral_energy": {
        "dmean": 0.00342977885157,
        "dmean2": 0.00565036106855,
        "dvar": 8.70412895893e-06,
        "dvar2": 1.90288992599e-05,
        "max": 0.0335375294089,
        "mean": 0.0243634358048,
        "median": 0.0247562918812,
        "min": 0.000547687523067,
        "var": 1.46512929859e-05
    },
    "spectral_energyband_high": {
        "dmean": 0.000643268635031,
        "dmean2": 0.00096192129422,
        "dvar": 5.99827444603e-07,
        "dvar2": 1.42223507282e-06,
        "max": 0.0106793669984,
        "mean": 0.00169986765832,
        "median": 0.00119712739252,
        "min": 1.90905429918e-05,
        "var": 2.58279123955e-06
    },
    "spectral_energyband_low": {
        "dmean": 0.00137974461541,
        "dmean2": 0.00209626299329,
        "dvar": 2.13772796087e-06,
        "dvar2": 4.49612161901e-06,
        "max": 0.0176016651094,
        "mean": 0.00377870746888,
        "median": 0.00252430001274,
        "min": 9.92032655631e-05,
        "var": 1.03436541394e-05
    },
    "spectral_energyband_middle_high": {
        "dmean": 0.00176123296842,
        "dmean2": 0.00284935254604,
        "dvar": 2.29550937547e-06,
        "dvar2": 4.7638200158e-06,
        "max": 0.0256445072591,
        "mean": 0.0105107435957,
        "median": 0.0100094145164,
        "min": 0.000333745527314,
        "var": 1.17017680168e-05
    },
    "spectral_energyband_middle_low": {
        "dmean": 0.00290356460027,
        "dmean2": 0.00468273321167,
        "dvar": 4.71999328511e-06,
        "dvar2": 1.28315259644e-05,
        "max": 0.0203453525901,
        "mean": 0.00884327758104,
        "median": 0.00872235186398,
        "min": 0.000106126288301,
        "var": 1.11648832899e-05
    },
    "spectral_entropy": {
        "dmean": 0.0540978498757,
        "dmean2": 0.089709751308,
        "dvar": 0.00204802490771,
        "dvar2": 0.00462927063927,
        "max": 7.95967388153,
        "mean": 7.53729009628,
        "median": 7.53894710541,
        "min": 7.32614707947,
        "var": 0.00518950494006
    },
    "spectral_flux": {
        "dmean": 0.00978371221572,
        "dmean2": 0.0165496710688,
        "dvar": 6.12780931988e-05,
        "dvar2": 0.000171562322066,
        "max": 0.14415101707,
        "mean": 0.0822488591075,
        "median": 0.0816469416022,
        "min": 0.0566505044699,
        "var": 0.00013436532754
    },
    "spectral_kurtosis": {
        "dmean": 3.34100413322,
        "dmean2": 6.05789232254,
        "dvar": 6.95296812057,
        "dvar2": 20.7416095734,
        "max": 21.0346508026,
        "mean": 4.68193769455,
        "median": 3.82039403915,
        "min": 0.304165363312,
        "var": 11.621931076
    },
    "spectral_rms": {
        "dmean": 0.000353501382051,
        "dmean2": 0.000578645209316,
        "dvar": 1.28962014401e-07,
        "dvar2": 2.36243579366e-07,
        "max": 0.00572009989992,
        "mean": 0.00485581671819,
        "median": 0.00491451704875,
        "min": 0.000730978325009,
        "var": 1.90259711985e-07
    },
    "spectral_rolloff": {
        "dmean": 337.137878418,
        "dmean2": 565.336425781,
        "dvar": 149060.046875,
        "dvar2": 360340.09375,
        "max": 4801.90429688,
        "mean": 3019.79956055,
        "median": 2820.84960938,
        "min": 1744.18945312,
        "var": 464502.90625
    },
    "spectral_skewness": {
        "dmean": 0.339531987906,
        "dmean2": 0.593359827995,
        "dvar": 0.0724703371525,
        "dvar2": 0.223608464003,
        "max": 3.46258687973,
        "mean": 0.676908373833,
        "median": 0.602791190147,
        "min": 0.0940780565143,
        "var": 0.13295340538
    },
    "spectral_spread": {
        "dmean": 174926.4375,
        "dmean2": 292226.9375,
        "dvar": 48838475776,
        "dvar2": 67718152192,
        "max": 5856546,
        "mean": 2289990.5,
        "median": 2286194.25,
        "min": 1655135.5,
        "var": 86744850432
    },
    "spectral_strongpeak": {
        "dmean": 1.42686748505,
        "dmean2": 2.62588310242,
        "dvar": 9.75795269012,
        "dvar2": 25.5462398529,
        "max": 24.2312965393,
        "mean": 1.61734068394,
        "median": 0.642899513245,
        "min": 0.00489025749266,
        "var": 10.2501001358
    },
    "zerocrossingrate": {
        "dmean": 0.00743164075539,
        "dmean2": 0.00931000430137,
        "dvar": 4.24539903179e-05,
        "dvar2": 5.94154080318e-05,
        "max": 0.16015625,
        "mean": 0.0870649293065,
        "median": 0.08544921875,
        "min": 0.0166015625,
        "var": 0.000334012904204
    },
    "barkbands": {
        "dmean": [2.70208693109e-05, 0.00117181183305, 0.000278805528069, 0.000431127264164, 0.00228337757289, 0.00168470002245, 0.000201341303182, 0.000125090286019, 0.00045875494834, 0.000251448596828, 0.000188089179574, 0.000382435013307, 4.84898409923e-05, 0.000523515744135, 0.000453511369415, 0.000723472505342, 0.000962136604358, 0.000357894372428, 0.000398041505832, 0.000226742573432, 0.000626488297712, 2.92439544864e-05, 5.5172716884e-07, 7.69710027271e-07, 4.72889070124e-07, 4.45107630753e-08, 6.19311624206e-09],
        "dmean2": [4.36491973232e-05, 0.00175038434099, 0.000474963308079, 0.000736072135624, 0.00359414657578, 0.00277917878702, 0.000338129233569, 0.00022676694789, 0.00073606177466, 0.000410597596783, 0.000310137082124, 0.000594567332882, 8.39004424051e-05, 0.000848127354402, 0.00073939410504, 0.00124100444373, 0.00165406044107, 0.000600086292252, 0.000671787129249, 0.00039306882536, 0.000949775800109, 4.8245605285e-05, 9.25892834402e-07, 1.23661436646e-06, 7.60577904657e-07, 7.04128311213e-08, 8.96230112346e-09],
        "dvar": [1.2684888695e-09, 1.79321364158e-06, 2.08713586858e-07, 5.841649795e-07, 3.44474733538e-06, 1.67865152889e-06, 6.11273449636e-08, 3.31762066708e-08, 3.55667481244e-07, 1.81795357435e-07, 7.54478506337e-08, 1.68817351209e-07, 1.58207635881e-09, 2.6098260264e-07, 1.6255584967e-07, 4.09950587255e-07, 6.60500290905e-07, 9.67659445905e-08, 9.70307851844e-08, 3.85856289142e-08, 5.98594226631e-07, 1.2244970593e-09, 3.05236033931e-13, 5.67452335121e-13, 2.03005486228e-13, 3.17114672364e-15, 9.99566216879e-16],
        "dvar2": [3.44817574494e-09, 3.55180077349e-06, 5.9263464891e-07, 1.7970440922e-06, 8.90140017873e-06, 4.40420581072e-06, 1.5302858003e-07, 8.51245687272e-08, 7.90277340457e-07, 4.49208073405e-07, 1.57206102358e-07, 3.8658839685e-07, 3.98376709398e-09, 6.93343167768e-07, 3.73372586182e-07, 1.04786272459e-06, 1.7242452941e-06, 2.8749443004e-07, 2.7279418191e-07, 1.06521611087e-07, 1.4166529354e-06, 2.92200508234e-09, 8.21760248824e-13, 1.40885296051e-12, 5.21147740847e-13, 6.44193925024e-15, 1.04007228533e-15],
        "max": [0.000271877623163, 0.0174312572926, 0.00460340781137, 0.00615856517106, 0.0147827966139, 0.0107289459556, 0.00231550447643, 0.00183976697735, 0.00760240154341, 0.00371268368326, 0.00401075417176, 0.00431270571426, 0.000310792704113, 0.00500213960186, 0.00593720981851, 0.00553799886256, 0.0120996218175, 0.0023866253905, 0.00269680260681, 0.00145304528996, 0.010406284593, 0.000266377901426, 4.9549025789e-06, 8.26191717351e-06, 4.27238592238e-06, 1.00482373e-06, 5.7416002619e-07],
        "mean": [4.11198670918e-05, 0.00296148168854, 0.000375915842596, 0.000729369639885, 0.00389840872958, 0.0027467450127, 0.000309652794385, 0.000187112033018, 0.000815497187432, 0.000431950000348, 0.000319744605804, 0.000718372757547, 9.64786668192e-05, 0.00122418673709, 0.00109255407006, 0.00177157740109, 0.00235471478663, 0.000982968951575, 0.00112502172124, 0.000614815449808, 0.00150557933375, 5.51583543711e-05, 1.46081595176e-06, 2.15946533899e-06, 1.25785186356e-06, 1.51607792986e-07, 2.01240872855e-08],
        "median": [2.22334474529e-05, 0.00168483599555, 0.000191301354789, 0.000382755533792, 0.00337849347852, 0.00221506180242, 0.000189666476217, 0.000137450813781, 0.000605983426794, 0.000275274825981, 0.000207623423194, 0.000533633283339, 8.43585439725e-05, 0.00102226284798, 0.000857211824041, 0.00165467278566, 0.00189395528287, 0.000922005798202, 0.00105181941763, 0.000581691099796, 0.000991196371615, 3.82952821383e-05, 1.30062448989e-06, 1.82818462235e-06, 1.06024788238e-06, 1.25649080474e-07, 1.73796941283e-08],
        "min": [3.68391226857e-07, 2.8381102311e-05, 3.92017045669e-06, 1.78362438419e-06, 3.39872967743e-05, 2.42590485868e-05, 2.92517484013e-06, 5.9436652009e-06, 1.82919502549e-05, 3.11870758196e-06, 1.13312989924e-06, 1.33737130454e-05, 1.69563043073e-06, 5.37170708412e-05, 1.67798389157e-05, 8.47802730277e-05, 0.000105431048723, 3.17342055496e-05, 1.03280599433e-05, 1.33187531901e-05, 1.6275624148e-05, 1.57984334237e-06, 1.16325587385e-07, 3.84990173075e-08, 9.5440482184e-09, 4.09875511309e-09, 6.6063177151e-10],
        "var": [2.51475640312e-09, 1.05687895484e-05, 2.84697051711e-07, 9.88572537608e-07, 6.97995255905e-06, 3.64417314813e-06, 1.22605996467e-07, 3.93720753777e-08, 6.20023456577e-07, 2.81298980553e-07, 1.66749771324e-07, 3.8832934024e-07, 2.85980328307e-09, 7.71055624682e-07, 6.75165495068e-07, 7.2873552881e-07, 2.82661676465e-06, 1.71223632606e-07, 1.97611242925e-07, 5.94946953925e-08, 2.54473161476e-06, 2.13855733122e-09, 4.63795939588e-13, 1.47110990924e-12, 6.25978977854e-13, 1.09064606034e-14, 1.06688564267e-15]
    },
    "erbbands": {
        "dmean": [0.0371047891676, 0.259405851364, 0.306896030903, 0.88052457571, 3.90510010719, 10.9474830627, 5.79376316071, 16.0615959167, 1.88571751118, 3.09739899635, 5.44397926331, 11.3854112625, 9.13580036163, 6.21957540512, 8.81721782684, 15.4389858246, 2.21290135384, 15.7401704788, 21.9607696533, 30.644361496, 36.9078063965, 53.263584137, 17.0600814819, 24.8704910278, 13.7784843445, 11.3852682114, 19.3135147095, 16.1123657227, 1.32784986496, 0.173442542553, 0.0191007405519, 0.0193201303482, 0.0112016210333, 0.00526228733361, 0.00044629763579, 0.000290416443022, 6.57771597616e-05, 8.42210920382e-06, 2.68300004791e-06, 4.33594823335e-06],
        "dmean2": [0.0552385635674, 0.393090099096, 0.516704082489, 1.44635021687, 6.43438005447, 16.6649932861, 9.9425573349, 25.9601593018, 3.04720568657, 5.13925600052, 9.64199066162, 18.1691570282, 14.3955993652, 10.4532794952, 13.9275970459, 24.4201908112, 3.63908100128, 25.1656513214, 36.318611145, 51.3064346313, 61.5628967285, 89.9610061646, 28.9025821686, 42.3558425903, 22.8304100037, 19.5602016449, 28.8489437103, 24.3580951691, 2.1268658638, 0.269116640091, 0.031047327444, 0.0310254972428, 0.0171238351613, 0.00794008001685, 0.000735571084078, 0.000473137479275, 0.000102078083728, 1.30388943944e-05, 4.11281007473e-06, 7.06421315044e-06],
        "dvar": [0.00157870573457, 0.0943558216095, 0.145326048136, 2.26456522942, 11.6452856064, 78.8844070435, 19.0631904602, 156.317581177, 4.1628537178, 14.0133218765, 41.9386863708, 231.917221069, 211.768615723, 78.5454788208, 153.146636963, 266.768432617, 3.70606565475, 232.343170166, 350.765197754, 860.673400879, 946.670288086, 2469.05151367, 230.964141846, 439.656158447, 104.830001831, 92.6791229248, 553.095336914, 426.698883057, 2.36630725861, 0.0714344456792, 0.000374266819563, 0.000448871549452, 0.000140321455547, 2.03248146136e-05, 1.45182269762e-07, 1.29981884811e-07, 7.47853068361e-09, 4.40049163775e-10, 1.97798097346e-11, 1.36842273624e-11],
        "dvar2": [0.00359938503243, 0.177885636687, 0.414271205664, 6.7850189209, 34.3560791016, 198.41557312, 52.9264259338, 384.791748047, 9.09362888336, 39.5927314758, 105.852851868, 559.178344727, 494.89364624, 168.320587158, 329.155303955, 593.803955078, 9.75353813171, 570.575805664, 924.717407227, 2222.96118164, 2537.97875977, 6348.07421875, 626.227722168, 1157.03857422, 283.326904297, 267.883880615, 1359.68676758, 1019.54779053, 5.57288980484, 0.137176439166, 0.000881010491867, 0.00107428559568, 0.000393529073335, 4.5810786105e-05, 3.57498663561e-07, 3.1814107615e-07, 1.19762075812e-08, 5.14060793932e-10, 2.56350635164e-11, 2.96485613838e-11],
        "max": [0.476231187582, 3.9831969738, 3.43456530571, 13.8378219604, 29.4843330383, 59.6128730774, 32.1196975708, 110.325325012, 29.1616458893, 38.0617675781, 57.4983634949, 185.307373047, 125.656051636, 108.07283783, 180.049713135, 170.663528442, 19.0908794403, 159.747344971, 193.350448608, 338.120574951, 290.71987915, 794.115478516, 177.273498535, 180.130828857, 101.9348526, 75.916229248, 324.864318848, 286.073425293, 12.8693571091, 3.03880691528, 0.217244938016, 0.234742224216, 0.149999409914, 0.0540719628334, 0.00422425661236, 0.00629088236019, 0.0012407762697, 0.000370789755834, 8.79968283698e-05, 4.81995302835e-05],
        "mean": [0.0846008881927, 0.664329826832, 0.554623186588, 1.73917388916, 7.09794807434, 17.9000854492, 9.23096179962, 28.7153377533, 4.52204847336, 4.88930654526, 8.32497787476, 18.5562820435, 15.0551347733, 11.9129419327, 18.4252262115, 28.2074375153, 6.48472356796, 39.7090644836, 61.3243370056, 77.204460144, 100.404495239, 133.578643799, 58.1682929993, 70.6211624146, 42.6466026306, 31.8557796478, 49.827507019, 37.8970031738, 3.2574057579, 0.390045315027, 0.0600115507841, 0.0548767410219, 0.035171944648, 0.0179183594882, 0.00177655997686, 0.00101074634586, 0.000240091816522, 2.67491959676e-05, 1.96477612917e-05, 3.25634428009e-05],
        "median": [0.0519505925477, 0.355828464031, 0.438743591309, 0.939514040947, 6.02961397171, 15.661075592, 7.97956466675, 24.1918487549, 3.72075462341, 3.40526199341, 6.21157121658, 13.1887464523, 9.32299613953, 8.61132526398, 14.3656263351, 20.9957542419, 5.98315286636, 31.9003505707, 55.1204109192, 67.4669723511, 90.300994873, 106.814903259, 52.4997711182, 65.560874939, 39.9517860413, 30.0605106354, 32.9449539185, 26.7898960114, 2.56832695007, 0.280795514584, 0.0531370341778, 0.0451726913452, 0.0314374119043, 0.0156457666308, 0.00168778048828, 0.000844862661324, 0.000201366026886, 2.29429188039e-05, 1.91012877622e-05, 3.25260189129e-05],
        "min": [0.000492400606163, 0.00662290491164, 0.0326272435486, 0.0559821240604, 0.0746106952429, 0.12031763047, 0.191183045506, 0.189066186547, 0.0658829510212, 0.0605540759861, 0.209626689553, 0.424615472555, 0.19259211421, 0.0637267976999, 0.13100451231, 0.562864542007, 0.164994463325, 1.67084479332, 1.66168606281, 2.57778501511, 5.65444612503, 5.15334367752, 2.08425688744, 0.731243610382, 0.692053079605, 0.658686876297, 0.688581466675, 0.351696819067, 0.0732813477516, 0.0146815292537, 0.00337648624554, 0.0010494516464, 0.000552405195776, 0.000172321539139, 5.40568362339e-05, 2.280591616e-05, 7.49286891732e-06, 5.00365047174e-07, 4.35263814325e-07, 7.4694196428e-07],
        "var": [0.00789693929255, 0.568218827248, 0.215012326837, 5.03572416306, 24.326499939, 149.632858276, 32.328327179, 383.070617676, 12.6037139893, 24.9475917816, 58.9434700012, 363.80645752, 348.061889648, 147.238479614, 337.927337646, 634.854248047, 8.65794563293, 750.557128906, 996.928039551, 1832.68481445, 2092.52148438, 10828.7177734, 677.092163086, 854.527587891, 244.368515015, 159.678573608, 2488.21728516, 1569.40966797, 5.12020969391, 0.129996746778, 0.000791638507508, 0.00110449246131, 0.000315933662932, 9.85270089586e-05, 3.76785436629e-07, 4.56078140587e-07, 2.13974633567e-08, 5.09196962373e-10, 3.13821954534e-11, 2.87421059175e-11]
    },
    "gfcc": {
        "mean": [-2.40024900436, 133.499481201, -185.174346924, 65.4858856201, -33.9760437012, -21.3984012604, -21.9710121155, -7.67465543747, -20.2461833954, -1.29052472115, -13.9489612579, -5.8633723259, 17.6101913452],
        "cov": [[237.377532959, -27.3568878174, -23.5243854523, -11.1758613586, -39.1802139282, 4.46911668777, 8.29692935944, -12.60160923, -14.1755065918, 10.3695831299, -0.303227543831, 1.04926788807, 11.5177192688], [-27.3568878174, 116.977210999, 46.8696861267, -5.89368581772, 11.0005340576, -2.23698353767, 17.3979797363, 30.8880233765, 20.0578136444, -16.1373157501, 13.1883907318, -16.116859436, -4.55008172989], [-23.5243854523, 46.8696861267, 62.6784439087, 35.4016227722, 15.4917182922, 3.09902715683, 3.51749563217, 7.48754549026, 7.62342834473, -0.370688080788, 7.15247535706, -2.42012143135, 2.12840223312], [-11.1758613586, -5.89368581772, 35.4016227722, 77.4473495483, 36.2711791992, 24.6991062164, 14.3780031204, -4.7253446579, 12.5439882278, 8.70346355438, 17.8200454712, 17.6536254883, 19.3142681122], [-39.1802139282, 11.0005340576, 15.4917182922, 36.2711791992, 101.673149109, 44.1621437073, 5.67672967911, 29.8021450043, 18.5140209198, 4.59999084473, 35.1971626282, 29.9931373596, 17.5056858063], [4.46911668777, -2.23698353767, 3.09902715683, 24.6991062164, 44.1621437073, 82.1338195801, 43.1363258362, 30.9223461151, 20.4016666412, 0.486138522625, 30.8523445129, 19.969291687, 27.6177406311], [8.29692935944, 17.3979797363, 3.51749563217, 14.3780031204, 5.67672967911, 43.1363258362, 69.5890197754, 28.3938922882, 16.5173244476, 5.59563350677, 8.6863193512, 9.14001464844, 18.6458034515], [-12.60160923, 30.8880233765, 7.48754549026, -4.7253446579, 29.8021450043, 30.9223461151, 28.3938922882, 69.9311218262, 39.7910232544, -6.62724161148, 18.6212444305, 5.13147115707, 16.1292495728], [-14.1755065918, 20.0578136444, 7.62342834473, 12.5439882278, 18.5140209198, 20.4016666412, 16.5173244476, 39.7910232544, 51.5677223206, 8.12195014954, 15.4898633957, 7.69284105301, 11.5139789581], [10.3695831299, -16.1373157501, -0.370688080788, 8.70346355438, 4.59999084473, 0.486138522625, 5.59563350677, -6.62724161148, 8.12195014954, 45.5429801941, 12.0058898926, 3.59168219566, 1.63694500923], [-0.303227543831, 13.1883907318, 7.15247535706, 17.8200454712, 35.1971626282, 30.8523445129, 8.6863193512, 18.6212444305, 15.4898633957, 12.0058898926, 55.0040435791, 28.2767124176, 18.3032417297], [1.04926788807, -16.116859436, -2.42012143135, 17.6536254883, 29.9931373596, 19.969291687, 9.14001464844, 5.13147115707, 7.69284105301, 3.59168219566, 28.2767124176, 53.2360610962, 21.9502544403], [11.5177192688, -4.55008172989, 2.12840223312, 19.3142681122, 17.5056858063, 27.6177406311, 18.6458034515, 16.1292495728, 11.5139789581, 1.63694500923, 18.3032417297, 21.9502544403, 45.3936538696]],
        "icov": [[0.00515459896997, -0.00181175069883, 0.0033637129236, -0.00247340928763, 0.00413598725572, -0.00273816264234, 0.00234385463409, -0.00268686842173, 0.00380274816416, -0.00317192031071, 0.00103431381285, -0.00158196489792, -0.00103421183303], [-0.00181175069883, 0.043724142015, -0.0425006449223, 0.0358100011945, -0.0204733721912, 0.0256107058376, -0.0343621373177, 0.0260546058416, -0.0300682205707, 0.0301901381463, -0.0308841709048, 0.0253487806767, -0.00449748570099], [0.0033637129236, -0.0425006449223, 0.0674499049783, -0.0513008125126, 0.0218243263662, -0.0211968645453, 0.0344111509621, -0.0346369817853, 0.0339910760522, -0.0285164304078, 0.0267336256802, -0.0200623963028, 0.00753250997514], [-0.00247340928763, 0.0358100011945, -0.0513008125126, 0.0630565658212, -0.0285167694092, 0.0206481665373, -0.0367337912321, 0.0454899258912, -0.0402148514986, 0.0275412071496, -0.0265766549855, 0.0214403998107, -0.0132914474234], [0.00413598725572, -0.0204733721912, 0.0218243263662, -0.0285167694092, 0.0345728397369, -0.0239197872579, 0.028553340584, -0.0297994818538, 0.0241743903607, -0.0203209649771, 0.0142643991858, -0.0209876932204, 0.00708669051528], [-0.00273816264234, 0.0256107058376, -0.0211968645453, 0.0206481665373, -0.0239197872579, 0.047307562083, -0.0382707864046, 0.0201682038605, -0.0223790574819, 0.0254698395729, -0.029166424647, 0.021178163588, -0.00925617013127], [0.00234385463409, -0.0343621373177, 0.0344111509621, -0.0367337912321, 0.028553340584, -0.0382707864046, 0.059166751802, -0.0394359491765, 0.0324991717935, -0.0335230901837, 0.0333260707557, -0.0267512332648, 0.0044228346087], [-0.00268686842173, 0.0260546058416, -0.0346369817853, 0.0454899258912, -0.0297994818538, 0.0201682038605, -0.0394359491765, 0.0721484869719, -0.0551090873778, 0.0346413180232, -0.0280956178904, 0.0263751465827, -0.0133497323841], [0.00380274816416, -0.0300682205707, 0.0339910760522, -0.0402148514986, 0.0241743903607, -0.0223790574819, 0.0324991717935, -0.0551090873778, 0.0692856386304, -0.0349058434367, 0.0240788739175, -0.0232362896204, 0.00727487681434], [-0.00317192031071, 0.0301901381463, -0.0285164304078, 0.0275412071496, -0.0203209649771, 0.0254698395729, -0.0335230901837, 0.0346413180232, -0.0349058434367, 0.0518848747015, -0.0324234738946, 0.023527616635, -0.00406914763153], [0.00103431381285, -0.0308841709048, 0.0267336256802, -0.0265766549855, 0.0142643991858, -0.029166424647, 0.0333260707557, -0.0280956178904, 0.0240788739175, -0.0324234738946, 0.0585602745414, -0.0329214893281, 0.00260315835476], [-0.00158196489792, 0.0253487806767, -0.0200623963028, 0.0214403998107, -0.0209876932204, 0.021178163588, -0.0267512332648, 0.0263751465827, -0.0232362896204, 0.023527616635, -0.0329214893281, 0.049425624311, -0.0139943249524], [-0.00103421183303, -0.00449748570099, 0.00753250997514, -0.0132914474234, 0.00708669051528, -0.00925617013127, 0.0044228346087, -0.0133497323841, 0.00727487681434, -0.00406914763153, 0.00260315835476, -0.0139943249524, 0.036987375468]]
    },
    "melbands": {
        "dmean": [0.00033642584458, 0.000210607802728, 0.000170450788573, 0.000634996569715, 0.000203119459911, 0.000341679842677, 3.22699052049e-05, 2.82042219624e-05, 5.92118558416e-05, 6.84726619511e-05, 4.55829576822e-05, 2.68695002887e-05, 2.76342434518e-05, 5.48481693841e-05, 1.15675620691e-05, 7.89862406236e-06, 3.76601965399e-05, 4.23637102358e-05, 4.17823357566e-05, 4.80472372146e-05, 5.0385526265e-05, 5.77980790695e-05, 3.2894728065e-05, 1.82156363735e-05, 2.34549861489e-05, 1.32956993184e-05, 1.09318234536e-05, 6.43115299681e-06, 4.34811545347e-06, 3.58631332347e-05, 1.95777397494e-06, 8.70028088684e-07, 2.94589597161e-07, 3.3641683217e-08, 1.10626867666e-08, 1.1656905663e-08, 1.22772370048e-08, 8.17681922172e-09, 1.30451747182e-08, 2.69943067899e-09],
        "dmean2": [0.000496162392665, 0.000330698181642, 0.000287687958917, 0.000992190558463, 0.000335343822371, 0.000556681072339, 5.31392906851e-05, 4.67624195153e-05, 0.000103224985651, 0.000107977823063, 7.23140619812e-05, 4.57790920336e-05, 4.5126038458e-05, 8.49761199788e-05, 1.81717259693e-05, 1.33359535539e-05, 6.02854634053e-05, 7.05921047484e-05, 6.90753076924e-05, 7.8897093772e-05, 8.33720405353e-05, 9.86952945823e-05, 5.61081178603e-05, 3.06936926791e-05, 4.03250633099e-05, 2.21850368689e-05, 1.90085993381e-05, 1.10444334496e-05, 7.18832916391e-06, 5.54197358724e-05, 3.26876147483e-06, 1.45528656503e-06, 4.68088870775e-07, 5.04076993479e-08, 1.91210283162e-08, 1.94443430246e-08, 1.9426135367e-08, 1.32225972393e-08, 2.007704758e-08, 4.35085345529e-09],
        "dvar": [1.42251764146e-07, 5.33686943527e-08, 6.50251479328e-08, 2.60566878296e-07, 2.01400780497e-08, 7.01454254681e-08, 1.54753199144e-09, 1.18858323184e-09, 5.14891196346e-09, 7.70301866737e-09, 5.36290656328e-09, 1.62334157228e-09, 1.74995173907e-09, 3.57064178225e-09, 1.62076241317e-10, 4.07839907679e-11, 1.41559541866e-09, 1.37013311807e-09, 1.70269687239e-09, 1.57904656017e-09, 1.72857106406e-09, 2.72822231473e-09, 9.92322335414e-10, 2.53039839082e-10, 3.9865080681e-10, 1.08422867906e-10, 8.74152902841e-11, 3.04354944025e-11, 4.23149675022e-11, 2.01191951987e-09, 1.2323047964e-11, 1.3279616122e-12, 1.77382021289e-13, 4.18912044878e-15, 1.36803166345e-16, 1.71174995721e-16, 1.64330096005e-16, 1.20872183908e-16, 1.29007975071e-16, 7.03090947525e-18],
        "dvar2": [2.94300065207e-07, 1.22167264749e-07, 2.01268903766e-07, 6.7707441076e-07, 5.91254796234e-08, 1.77021718173e-07, 3.61739949106e-09, 3.29561067325e-09, 1.26134116485e-08, 1.82482562394e-08, 1.28077930484e-08, 3.50070483712e-09, 3.4904554802e-09, 8.45890291146e-09, 4.11077449858e-10, 1.16654061411e-10, 3.50218010148e-09, 3.76720787898e-09, 3.83145337679e-09, 4.19261203533e-09, 4.71729855178e-09, 7.00129998421e-09, 2.67434741019e-09, 7.67468422147e-10, 1.03831632181e-09, 3.09553577216e-10, 2.36170777379e-10, 8.8900317663e-11, 1.15971766912e-10, 4.96592944543e-09, 3.61045533748e-11, 3.25105892728e-12, 4.2024906775e-13, 7.01882670907e-15, 3.93716504584e-16, 4.14505895953e-16, 4.05633040542e-16, 3.28503940901e-16, 3.25527123017e-16, 1.85020798109e-17],
        "max": [0.00490211835131, 0.0024421333801, 0.00222398969345, 0.00407747225836, 0.00108208530582, 0.00228267512284, 0.000486192438984, 0.000336154509569, 0.000819606473669, 0.00101163401268, 0.000641577062197, 0.000502193171997, 0.000661618658341, 0.000614653166849, 0.000114007561933, 5.85154302826e-05, 0.000388643966289, 0.000316941761412, 0.000593651784584, 0.000388863700209, 0.000412584136939, 0.000785318610724, 0.000403809797717, 0.00013102174853, 0.000162478216225, 9.89852414932e-05, 7.37677692086e-05, 3.95297138311e-05, 6.57422933728e-05, 0.000555190141313, 4.09803615185e-05, 9.73616897681e-06, 3.58131455869e-06, 9.60631268754e-07, 9.99339775376e-08, 1.24291773318e-07, 1.44054538964e-07, 1.24311526406e-07, 1.21052750046e-07, 2.71886086978e-08],
        "mean": [0.000834915204905, 0.00050066690892, 0.000337244069669, 0.00109516491648, 0.00038966347347, 0.000589372357354, 6.33826566627e-05, 4.48562095698e-05, 8.71723241289e-05, 0.000114749767818, 7.2119939432e-05, 4.66709316242e-05, 5.0860340707e-05, 9.91445267573e-05, 2.26697484322e-05, 1.54761783051e-05, 8.93894612091e-05, 0.000107100917376, 0.000102150748717, 0.000104247817944, 0.000121721546748, 0.00014112397912, 8.14316590549e-05, 4.62967364001e-05, 6.04359956924e-05, 3.49990514223e-05, 2.90956868412e-05, 1.69381928572e-05, 8.80995685293e-06, 7.56076187827e-05, 3.6070916849e-06, 1.62609831023e-06, 5.05786658778e-07, 5.88495510101e-08, 2.46818778749e-08, 3.05403240475e-08, 3.29227063389e-08, 1.95013196702e-08, 3.6618668986e-08, 6.8036647427e-09],
        "median": [0.000495124899317, 0.00031968546682, 0.000214076397242, 0.000945059058722, 0.000359929428669, 0.000492625287734, 4.55008739664e-05, 3.15009456244e-05, 6.21912986389e-05, 8.50970609463e-05, 4.26723709097e-05, 3.29352733388e-05, 3.35534423357e-05, 7.21462783986e-05, 1.79117632797e-05, 1.45820795296e-05, 7.02495235601e-05, 9.4512150099e-05, 7.75320004323e-05, 9.57967204158e-05, 0.000109917898953, 0.000116144568892, 6.63783284836e-05, 4.21086624556e-05, 5.55835176783e-05, 3.21245279338e-05, 2.70438413281e-05, 1.59092669492e-05, 6.31236480331e-06, 4.99683701491e-05, 2.62877824753e-06, 1.08440724489e-06, 3.32122681357e-07, 3.81207740929e-08, 2.18064553081e-08, 2.59071715192e-08, 2.66324278186e-08, 1.62680979798e-08, 3.13452410694e-08, 6.15271611437e-09],
        "min": [5.83797100262e-06, 1.69207596628e-05, 1.02719941424e-05, 6.80506309436e-06, 6.63038645143e-06, 4.23862638854e-06, 9.00130828541e-07, 7.04216233771e-07, 2.08042388294e-06, 2.62713297161e-06, 8.90773264928e-07, 2.48886095733e-07, 2.19452729766e-07, 1.55815189373e-06, 7.12888663656e-07, 2.40780195782e-07, 3.92909259972e-06, 3.533796189e-06, 1.71153305928e-06, 4.99157522427e-06, 7.28311988496e-06, 6.51171285426e-06, 2.39621545006e-06, 1.27744124256e-06, 4.79145796817e-07, 5.05567470555e-07, 6.20994171641e-07, 3.24253420558e-07, 2.34691668766e-07, 6.45224304208e-07, 7.89802285794e-08, 4.57510687113e-08, 1.54440744637e-08, 3.96476274034e-09, 2.06662131852e-09, 8.08747735448e-10, 5.36942268425e-10, 3.56390972289e-10, 3.76753989118e-10, 5.61621929518e-11],
        "var": [8.29126349799e-07, 2.06819677828e-07, 1.35002352408e-07, 5.40418000128e-07, 3.77405697805e-08, 1.64251801493e-07, 3.92064958277e-09, 2.12311057624e-09, 7.4434449715e-09, 1.28028947444e-08, 8.58436433049e-09, 2.87557733181e-09, 4.09742195728e-09, 7.7255837283e-09, 3.05602460005e-10, 7.13025055665e-11, 4.61432891896e-09, 3.47603634765e-09, 7.10957426264e-09, 2.8331859081e-09, 3.61999741294e-09, 1.09989501951e-08, 3.15722403776e-09, 4.51701315241e-10, 7.14114933853e-10, 2.18429357934e-10, 1.3486413375e-10, 5.05273184404e-11, 6.6501970597e-11, 7.1927992451e-09, 1.15835891226e-11, 2.30055688041e-12, 2.64893060828e-13, 7.02376914632e-15, 1.71595997566e-16, 3.19528647443e-16, 4.6406420551e-16, 1.6781116319e-16, 5.22446480795e-16, 1.60341914165e-17]
    },
    "mfcc": {
        "mean": [-622.022216797, 143.987548828, -72.8442687988, 69.8581237793, 1.6555532217, 1.97318446636, 3.52222490311, -11.4990596771, 13.0022802353, -8.89750671387, -10.6814527512, -2.07080698013, -12.0308132172],
        "cov": [[250.500549316, -26.3907833099, -14.1860189438, -32.9605407715, -40.4325485229, -0.518384575844, 3.65190219879, -7.04940748215, 0.940472006798, -11.0677890778, 2.30152106285, -2.86390590668, -5.0638923645], [-26.3907833099, 109.874893188, 20.7539710999, 2.97241473198, -10.7438354492, -25.6561584473, 0.124203696847, 8.53295040131, -2.39257907867, 27.4832420349, 4.33956098557, -4.87183141708, -4.02098083496], [-14.1860189438, 20.7539710999, 70.0125427246, 15.7396326065, -3.66178798676, 0.112394563854, 1.97098898888, 5.60796165466, 7.08122158051, 6.58638477325, 1.06926679611, 1.66684162617, -3.23726797104], [-32.9605407715, 2.97241473198, 15.7396326065, 63.2106246948, 23.7198066711, 13.4674720764, -2.65126109123, -2.81053256989, -4.06748151779, -5.83725070953, -0.724721550941, 4.86539793015, 0.0473168641329], [-40.4325485229, -10.7438354492, -3.66178798676, 23.7198066711, 102.541702271, 21.7245025635, 20.1924247742, 25.3111057281, 1.29446339607, 7.04534196854, 4.65471982956, 13.465054512, 10.7221031189], [-0.518384575844, -25.6561584473, 0.112394563854, 13.4674720764, 21.7245025635, 58.0062561035, 27.2148838043, 12.2490224838, 2.30181455612, -8.77972412109, 5.81851911545, 9.01340675354, 12.0220870972], [3.65190219879, 0.124203696847, 1.97098898888, -2.65126109123, 20.1924247742, 27.2148838043, 67.7715530396, 23.8111019135, 14.9775648117, 5.74222564697, -1.85836970806, 24.1470184326, 8.75583553314], [-7.04940748215, 8.53295040131, 5.60796165466, -2.81053256989, 25.3111057281, 12.2490224838, 23.8111019135, 84.5900497437, 23.3149108887, 19.2912883759, 5.06545639038, -4.88020038605, 8.32361602783], [0.940472006798, -2.39257907867, 7.08122158051, -4.06748151779, 1.29446339607, 2.30181455612, 14.9775648117, 23.3149108887, 55.8157539368, 20.428478241, 7.49080562592, 6.19382476807, -8.14416885376], [-11.0677890778, 27.4832420349, 6.58638477325, -5.83725070953, 7.04534196854, -8.77972412109, 5.74222564697, 19.2912883759, 20.428478241, 55.1148490906, 10.7858495712, 4.55869674683, -7.54167175293], [2.30152106285, 4.33956098557, 1.06926679611, -0.724721550941, 4.65471982956, 5.81851911545, -1.85836970806, 5.06545639038, 7.49080562592, 10.7858495712, 34.1626777649, 5.90335226059, 6.14499282837], [-2.86390590668, -4.87183141708, 1.66684162617, 4.86539793015, 13.465054512, 9.01340675354, 24.1470184326, -4.88020038605, 6.19382476807, 4.55869674683, 5.90335226059, 52.0166358948, 11.3210639954], [-5.0638923645, -4.02098083496, -3.23726797104, 0.0473168641329, 10.7221031189, 12.0220870972, 8.75583553314, 8.32361602783, -8.14416885376, -7.54167175293, 6.14499282837, 11.3210639954, 35.1623039246]],
