{
"lowlevel": {
    "average_loudness": 0.983571648598,
    "barkbands_crest": {
        "dmean": 2.57758164406,
        "dmean2": 4.20506620407,
        "dvar": 5.5853676796,
        "dvar2": 14.9600057602,
        "max": 21.7299213409,
        "mean": 8.04197120667,
        "median": 6.7574224472,
        "min": 2.85267901421,
        "var": 14.2609214783
    },
    "barkbands_flatness_db": {
        "dmean": 0.0177399460226,
        "dmean2": 0.0291221104562,
        "dvar": 0.00031970301643,
        "dvar2": 0.000756179215387,
        "max": 0.305917233229,
        "mean": 0.148683935404,
        "median": 0.1406391114,
        "min": 0.0736545175314,
        "var": 0.000830101431347
    },
    "barkbands_kurtosis": {
        "dmean": 1.42079842091,
        "dmean2": 2.34283900261,
        "dvar": 7.00323104858,
        "dvar2": 17.604801178,
        "max": 37.5733795166,
        "mean": -0.0223209261894,
        "median": -1.02259266376,
        "min": -1.86727046967,
        "var": 11.0828208923
    },
    "barkbands_skewness": {
        "dmean": 0.613154172897,
        "dmean2": 0.916104912758,
        "dvar": 0.290613651276,
        "dvar2": 0.669409573078,
        "max": 5.94967412949,
        "mean": 0.0683576017618,
        "median": -0.0823819711804,
        "min": -2.21858286858,
        "var": 1.44848299026
    },
    "barkbands_spread": {
        "dmean": 8.68604278564,
        "dmean2": 14.0966491699,
        "dvar": 52.9406852722,
        "dvar2": 134.913299561,
        "max": 63.230052948,
        "mean": 40.4881668091,
        "median": 42.2939987183,
        "min": 4.93369245529,
        "var": 145.624313354
    },
    "dissonance": {
        "dmean": 0.00406591081992,
        "dmean2": 0.00684952130541,
        "dvar": 1.46633592522e-05,
        "dvar2": 3.84707564081e-05,
        "max": 0.499999940395,
        "mean": 0.493761360645,
        "median": 0.494980216026,
        "min": 0.466388583183,
        "var": 2.37958411162e-05
    },
    "dynamic_complexity": 1.72693943977,
    "erbbands_crest": {
        "dmean": 2.12668251991,
        "dmean2": 3.68917131424,
        "dvar": 3.68722701073,
        "dvar2": 9.55074596405,
        "max": 20.4647369385,
        "mean": 7.78364133835,
        "median": 7.24674701691,
        "min": 3.26609730721,
        "var": 5.19402074814
    },
    "erbbands_flatness_db": {
        "dmean": 0.0122092580423,
        "dmean2": 0.0191612914205,
        "dvar": 0.000104419974377,
        "dvar2": 0.000245965464273,
        "max": 0.288022369146,
        "mean": 0.227820158005,
        "median": 0.22879190743,
        "min": 0.126107752323,
        "var": 0.000480385439005
    },
    "erbbands_kurtosis": {
        "dmean": 1.68222224712,
        "dmean2": 2.7555782795,
        "dvar": 2.31007599831,
        "dvar2": 6.58779096603,
        "max": 14.4106140137,
        "mean": 3.75597167015,
        "median": 3.75258398056,
        "min": -1.67250883579,
        "var": 7.95140695572
    },
    "erbbands_skewness": {
        "dmean": 0.34869119525,
        "dmean2": 0.575258255005,
        "dvar": 0.0823754891753,
        "dvar2": 0.236999541521,
        "max": 0.121736876667,
        "mean": -1.47036957741,
        "median": -1.50123596191,
        "min": -2.88076019287,
        "var": 0.277340561152
    },
    "erbbands_spread": {
        "dmean": 5.82291936874,
        "dmean2": 8.64540481567,
        "dvar": 49.0956687927,
        "dvar2": 120.745857239,
        "max": 85.6807327271,
        "mean": 21.6954097748,
        "median": 17.5513076782,
        "min": 6.48194074631,
        "var": 177.281005859
    },
    "hfc": {
        "dmean": 5.44588422775,
        "dmean2": 7.85427331924,
        "dvar": 27.2452220917,
        "dvar2": 59.7639312744,
        "max": 59.8496513367,
        "mean": 25.7374248505,
        "median": 23.52709198,
        "min": 2.81066560745,
        "var": 201.455688477
    },
    "melbands_crest": {
        "dmean": 4.12515640259,
        "dmean2": 6.77055692673,
        "dvar": 11.6334314346,
        "dvar2": 26.3554649353,
        "max": 30.3584671021,
        "mean": 13.9726190567,
        "median": 13.2911453247,
        "min": 3.30590486526,
        "var": 35.0150680542
    },
    "melbands_flatness_db": {
        "dmean": 0.0286866277456,
        "dmean2": 0.044188324362,
        "dvar": 0.000644837622531,
        "dvar2": 0.00145537324715,
        "max": 0.392930090427,
        "mean": 0.174017384648,
        "median": 0.161766320467,
        "min": 0.0979326069355,
        "var": 0.00280478200875
    },
    "melbands_kurtosis": {
        "dmean": 4.49719572067,
        "dmean2": 7.22467803955,
        "dvar": 94.4085998535,
        "dvar2": 235.771606445,
        "max": 141.782974243,
        "mean": 4.49039030075,
        "median": 0.137351632118,
        "min": -1.79382538795,
        "var": 159.359848022
    },
    "melbands_skewness": {
        "dmean": 0.851483345032,
        "dmean2": 1.29160892963,
        "dvar": 0.704303920269,
        "dvar2": 1.63024938107,
        "max": 10.7857618332,
        "mean": 1.63586866856,
        "median": 1.27289557457,
        "min": -1.0418227911,
        "var": 2.77411293983
    },
    "melbands_spread": {
        "dmean": 16.473323822,
        "dmean2": 25.747674942,
        "dvar": 199.071655273,
        "dvar2": 444.305053711,
        "max": 116.91493988,
        "mean": 64.3064041138,
        "median": 65.6109237671,
        "min": 2.50117373466,
        "var": 869.526245117
    },
    "pitch_salience": {
        "dmean": 0.0844128504395,
        "dmean2": 0.140079140663,
        "dvar": 0.0061596869491,
        "dvar2": 0.0155432457104,
        "max": 0.789939939976,
        "mean": 0.570632040501,
        "median": 0.601380109787,
        "min": 0.151241704822,
        "var": 0.0152616398409
    },
    "silence_rate_20dB": {
        "dmean": 0,
        "dmean2": 0,
        "dvar": 0,
        "dvar2": 0,
        "max": 1,
        "mean": 1,
        "median": 1,
        "min": 1,
        "var": 0
    },
    "silence_rate_30dB": {
        "dmean": 0,
        "dmean2": 0,
        "dvar": 0,
        "dvar2": 0,
        "max": 1,
        "mean": 1,
        "median": 1,
        "min": 1,
        "var": 0
    },
    "silence_rate_60dB": {
        "dmean": 0.00196463661268,
        "dmean2": 0.00196850392967,
        "dvar": 0.00196077674627,
        "dvar2": 0.00196462892927,
        "max": 1,
        "mean": 0.00196078442968,
        "median": 0,
        "min": 0,
        "var": 0.00195693946443
    },
    "spectral_centroid": {
        "dmean": 183.884231567,
        "dmean2": 280.015716553,
        "dvar": 42981.7421875,
        "dvar2": 100592.445312,
        "max": 3338.04858398,
        "mean": 2708.73168945,
        "median": 2850.19921875,
        "min": 788.474182129,
        "var": 210290.984375
    },
    "spectral_complexity": {
        "dmean": 4.43221998215,
        "dmean2": 6.96259832382,
        "dvar": 13.10983181,
        "dvar2": 25.2722015381,
        "max": 51,
        "mean": 33.7176475525,
        "median": 36,
        "min": 3,
        "var": 101.645751953
    },
    "spectral_decrease": {
        "dmean": 1.02822295123e-09,
        "dmean2": 1.68994029881e-09,
        "dvar": 7.7955465481e-19,
        "dvar2": 2.07685364913e-18,
        "max": -8.57392601361e-10,
        "mean": -3.86979737144e-09,
        "median": -3.98221633446e-09,
        "min": -8.53946335866e-09,
        "var": 1.61952037771e-18
    },
    "spectral_energy": {
        "dmean": 0.00409649824724,
        "dmean2": 0.00673276884481,
        "dvar": 1.17672325359e-05,
        "dvar2": 3.07728478219e-05,
        "max": 0.0328558646142,
        "mean": 0.0169399473816,
        "median": 0.0173793435097,
        "min": 0.00381807750091,
        "var": 2.8533695513e-05
    },
    "spectral_energyband_high": {
        "dmean": 0.000247845571721,
        "dmean2": 0.000408445397625,
        "dvar": 6.23144273959e-08,
        "dvar2": 1.77560664838e-07,
        "max": 0.00271708262153,
        "mean": 0.000834530277643,
        "median": 0.000690342392772,
        "min": 3.98365373258e-05,
        "var": 3.10550433369e-07
    },
    "spectral_energyband_low": {
        "dmean": 0.00351965799928,
        "dmean2": 0.00583902699873,
        "dvar": 1.26426184579e-05,
        "dvar2": 3.26475601469e-05,
        "max": 0.0303077697754,
        "mean": 0.00617515062913,
        "median": 0.00436855759472,
        "min": 0.000342661340255,
        "var": 2.46771342063e-05
    },
    "spectral_energyband_middle_high": {
        "dmean": 0.00203561061062,
        "dmean2": 0.00291796750389,
        "dvar": 3.90780996895e-06,
        "dvar2": 8.339251508e-06,
        "max": 0.022612767294,
        "mean": 0.00818519573659,
        "median": 0.00762743130326,
        "min": 0.000569738796912,
        "var": 2.27792461374e-05
    },
    "spectral_energyband_middle_low": {
        "dmean": 0.00106198107824,
        "dmean2": 0.00169067119714,
        "dvar": 2.20869856093e-06,
        "dvar2": 5.27687552676e-06,
        "max": 0.0124175418168,
        "mean": 0.00211943173781,
        "median": 0.00132840592414,
        "min": 0.000157268761541,
        "var": 4.07245670431e-06
    },
    "spectral_entropy": {
        "dmean": 0.0631985738873,
        "dmean2": 0.105967611074,
        "dvar": 0.00288035697304,
        "dvar2": 0.00737612508237,
        "max": 8.08872509003,
        "mean": 7.62998533249,
        "median": 7.63652896881,
        "min": 7.2884349823,
        "var": 0.00557407131419
    },
    "spectral_flux": {
        "dmean": 0.012706419453,
        "dmean2": 0.0205940678716,
        "dvar": 0.000133606547024,
        "dvar2": 0.000366285355994,
        "max": 0.147418409586,
        "mean": 0.0784835219383,
        "median": 0.079433709383,
        "min": 0.0311578549445,
        "var": 0.00031405754271
    },
    "spectral_kurtosis": {
        "dmean": 2.66548395157,
        "dmean2": 4.72053384781,
        "dvar": 4.94379663467,
        "dvar2": 14.7467927933,
        "max": 16.936756134,
        "mean": 4.73234701157,
        "median": 4.28869342804,
        "min": 0.0535895824432,
        "var": 7.8432636261
    },
    "spectral_rms": {
        "dmean": 0.000503179559018,
        "dmean2": 0.000823110865895,
        "dvar": 1.84740898135e-07,
        "dvar2": 4.73704062642e-07,
        "max": 0.00566166918725,
        "mean": 0.00400772038847,
        "median": 0.00411769933999,
        "min": 0.00193001388106,
        "var": 4.64958816337e-07
    },
    "spectral_rolloff": {
        "dmean": 434.85244751,
        "dmean2": 714.622253418,
        "dvar": 312417.0625,
        "dvar2": 791230.5,
        "max": 3962.109375,
        "mean": 2932.65307617,
        "median": 3219.21386719,
        "min": 107.666015625,
        "var": 920836.5
    },
    "spectral_skewness": {
        "dmean": 0.264901548624,
        "dmean2": 0.465569406748,
        "dvar": 0.0565994679928,
        "dvar2": 0.146072924137,
        "max": 3.17241930962,
        "mean": 0.562836885452,
        "median": 0.533157467842,
        "min": 0.0431897938251,
        "var": 0.0857224538922
    },
    "spectral_spread": {
        "dmean": 169351.953125,
        "dmean2": 257302.015625,
        "dvar": 53294723072,
        "dvar2": 81249468416,
        "max": 6644489,
        "mean": 2144689,
        "median": 2098514.75,
        "min": 1536456.875,
        "var": 128212901888
    },
    "spectral_strongpeak": {
        "dmean": 0.832668364048,
        "dmean2": 1.53478038311,
        "dvar": 2.31678724289,
        "dvar2": 6.47671794891,
        "max": 10.6223115921,
        "mean": 0.701768696308,
        "median": 0.211118638515,
        "min": 0,
        "var": 1.76887154579
    },
    "zerocrossingrate": {
        "dmean": 0.00984140951186,
        "dmean2": 0.0119109870866,
        "dvar": 7.37461741664e-05,
        "dvar2": 9.85989317996e-05,
        "max": 0.13671875,
        "mean": 0.0893947258592,
        "median": 0.091552734375,
        "min": 0.01171875,
        "var": 0.000728977960534
    },
    "barkbands": {
        "dmean": [1.63587283168e-05, 0.00244688731618, 0.00161733210552, 0.00049831677461, 0.000432962086052, 0.000135620270157, 0.00014495709911, 0.000116691859148, 0.000239290457102, 0.000215656909859, 0.000115276212455, 0.000226226286031, 7.24983037799e-05, 0.000271227734629, 0.000296558777336, 0.000616788165644, 0.00095960102044, 0.000412727938965, 0.000530353863724, 0.000347615976352, 0.000172796222614, 2.97462447634e-05, 7.77313061917e-07, 1.55188240569e-06, 1.776840719e-07, 7.67004024738e-08, 1.44982141848e-08],
        "dmean2": [2.61181812675e-05, 0.00412818742916, 0.0026660724543, 0.000843427784275, 0.00070917798439, 0.000230520076002, 0.000255828752415, 0.000194107313291, 0.000391402922105, 0.000356639298843, 0.000201248796657, 0.00038729244261, 0.000119109085063, 0.000467473466415, 0.000492172199301, 0.000988363288343, 0.00157668779138, 0.000699359865393, 0.00087833381258, 0.000570281117689, 0.000289991556201, 5.02853654325e-05, 1.24357109144e-06, 2.45513570007e-06, 2.78661701714e-07, 1.19442148616e-07, 1.81820407619e-08],
        "dvar": [8.71199445918e-10, 7.22487993698e-06, 4.11435848946e-06, 4.83445319333e-07, 6.07438039424e-07, 5.39866924498e-08, 1.15865518069e-07, 8.78394672554e-08, 3.38113125053e-07, 1.42645859569e-07, 3.79978821741e-08, 1.13968496862e-07, 1.16811644801e-08, 1.02951894121e-07, 1.28108851527e-07, 5.41025826806e-07, 1.3212218164e-06, 1.68281886204e-07, 3.73142256649e-07, 1.58195177846e-07, 3.40741834748e-08, 1.012630646e-09, 6.331631725e-13, 2.86961491895e-12, 7.61415670097e-14, 2.46871276134e-14, 2.12560817472e-14],
        "dvar2": [1.47269829665e-09, 1.98498328245e-05, 9.49156856223e-06, 1.34385823003e-06, 1.43144063713e-06, 1.38859022059e-07, 3.33525349561e-07, 2.25133561571e-07, 7.53604354031e-07, 3.65731409602e-07, 1.02278313818e-07, 3.06979330844e-07, 2.68177586804e-08, 2.90468506137e-07, 3.48675285977e-07, 1.39238841257e-06, 3.36373636856e-06, 4.89009607918e-07, 1.03059039702e-06, 4.14007615746e-07, 9.94655593445e-08, 2.81583467654e-09, 1.63981621251e-12, 6.81525755969e-12, 1.42283618698e-13, 4.57309733972e-14, 2.05186955209e-14],
        "max": [0.000417238101363, 0.0208479315042, 0.0236748438329, 0.00572817446664, 0.00866505037993, 0.00334948021919, 0.00341134890914, 0.00488004367799, 0.00930287968367, 0.0044689537026, 0.00345554901287, 0.00363973225467, 0.00162940367591, 0.00345468171872, 0.00315299676731, 0.00871105398983, 0.0129245482385, 0.00328334444202, 0.00731748249382, 0.00446008099243, 0.00197809748352, 0.000294822879368, 9.35104617383e-06, 2.34824910876e-05, 6.07253332419e-06, 3.88810076402e-06, 3.18178308589e-06],
        "mean": [2.03713625524e-05, 0.00365751981735, 0.00218556425534, 0.000609139271546, 0.000583215907682, 0.00018768539303, 0.000151625223225, 0.000168205355294, 0.000328136549797, 0.000313559634378, 0.000167611520737, 0.000314904173138, 0.000111837383884, 0.000449753832072, 0.000536406005267, 0.00120864331257, 0.00204035942443, 0.000943618302699, 0.00139659969136, 0.00101662764791, 0.000457156158518, 8.31973957247e-05, 2.41881502916e-06, 5.11246889801e-06, 5.20987157415e-07, 1.67712713051e-07, 2.32204477868e-08],
        "median": [9.42554470384e-06, 0.0025242283009, 0.0012913296232, 0.00033254706068, 0.000252866651863, 0.000113824273285, 5.5657554185e-05, 8.01484202384e-05, 0.000167795355082, 0.000178515547304, 0.000112483612611, 0.000196671055164, 7.46864243411e-05, 0.000318414531648, 0.00042378337821, 0.000983024132438, 0.00156930496451, 0.000739870010875, 0.00113379035611, 0.000836951774545, 0.000365458545275, 6.739103992e-05, 2.04108937396e-06, 4.27435043093e-06, 4.2135556555e-07, 1.1885695983e-07, 1.16820952911e-08],
        "min": [1.77372712074e-08, 6.10720380791e-05, 1.08278300104e-05, 4.18793933932e-06, 5.78577919441e-06, 1.39264568588e-06, 2.72568604487e-06, 2.15453314922e-06, 1.34659694595e-05, 1.49784700625e-05, 7.6364403867e-06, 1.72531181306e-05, 4.08123923989e-06, 1.43527004184e-05, 2.07315933949e-05, 2.57030897046e-05, 5.45339426026e-05, 3.50273767253e-05, 6.31604489172e-05, 6.52133967378e-05, 1.63287422765e-05, 5.00156193084e-06, 8.88755593564e-08, 3.66245558325e-07, 3.48240334347e-08, 1.20045973162e-08, 2.18610773928e-09],
        "var": [1.46024792258e-09, 1.10895334728e-05, 7.48136108086e-06, 6.00453745392e-07, 9.2646689609e-07, 6.63269190682e-08, 1.02481557462e-07, 9.34844095468e-08, 4.13593141957e-07, 2.11594851862e-07, 5.11295894512e-08, 1.50857800918e-07, 1.58295598851e-08, 1.9843250243e-07, 2.01994154736e-07, 9.95176264951e-07, 2.59705848293e-06, 4.61572028598e-07, 9.83555764833e-07, 5.64300080441e-07, 1.06568769809e-07, 3.25032112336e-09, 2.5536146548e-12, 1.18247885442e-11, 2.71573508039e-13, 7.00480661973e-14, 2.26995410858e-14]
    },
    "erbbands": {
        "dmean": [0.0451161116362, 0.660505354404, 1.9141561985, 1.40177845955, 1.65494656563, 1.52566540241, 0.824029743671, 1.24621975422, 1.03259038925, 3.146515131, 3.35009813309, 5.02389240265, 6.49610805511, 5.82134056091, 5.63739776611, 8.54975795746, 3.67215871811, 9.26557826996, 16.5665931702, 23.4543266296, 31.2583065033, 57.0484886169, 19.656961441, 29.3698768616, 20.9806499481, 18.1995868683, 8.03103065491, 4.45586919785, 1.29702067375, 0.140638232231, 0.0257096793503, 0.0386634618044, 0.0239264983684, 0.00584056694061, 0.000491239479743, 0.000410711829318, 0.000133516368805, 1.61390726134e-05, 3.79251105187e-06, 4.97031305713e-06],
        "dmean2": [0.0715029612184, 1.12397801876, 3.17156052589, 2.25930404663, 2.73446011543, 2.4350938797, 1.32391512394, 2.10969924927, 1.74949669838, 5.5791015625, 5.41649150848, 8.30307197571, 10.8636445999, 9.63253593445, 9.93972206116, 14.5389728546, 5.92865371704, 15.4165067673, 28.1505641937, 39.2326812744, 49.5069465637, 95.4269561768, 31.4157104492, 49.2334899902, 34.9782447815, 29.6694297791, 13.606762886, 7.29779911041, 2.16118860245, 0.234314635396, 0.0404411293566, 0.0625871494412, 0.0393015183508, 0.00952525716275, 0.000698104908224, 0.000645123713184, 0.000205026197364, 2.23655206355e-05, 5.19601235283e-06, 7.99104509497e-06],
        "dvar": [0.00216464791447, 0.517302215099, 5.34533309937, 2.8804500103, 5.93845081329, 10.6867160797, 1.27514350414, 4.56526088715, 6.7468214035, 82.4636077881, 29.8057231903, 133.731018066, 214.835769653, 134.243804932, 73.2204284668, 153.676620483, 30.6573810577, 140.900131226, 454.804443359, 1003.77142334, 1232.89782715, 5118.08886719, 341.812805176, 1089.97485352, 526.876159668, 447.095794678, 77.1120605469, 21.1334400177, 2.15467596054, 0.020149005577, 0.000697587965988, 0.00179424509406, 0.00084572477499, 4.97523142258e-05, 9.94901597551e-07, 6.08936318258e-07, 6.76178331105e-08, 6.99870073007e-09, 4.19124762674e-10, 1.63785235374e-11],
        "dvar2": [0.00559111731127, 1.4284569025, 12.581788063, 7.58717298508, 15.5147800446, 25.5083942413, 3.12519216537, 11.7419967651, 18.8108901978, 238.171691895, 64.6784133911, 308.868804932, 530.975097656, 275.748474121, 190.992828369, 426.690917969, 67.6218414307, 409.434631348, 1194.46289062, 2606.56103516, 3114.73291016, 12912.3818359, 945.984924316, 3073.24365234, 1418.21398926, 1155.28308105, 221.129440308, 61.5343856812, 5.88278579712, 0.0563312768936, 0.00169195770286, 0.00428140442818, 0.00227916333824, 0.000118137068057, 8.18684554815e-07, 1.24446910377e-06, 1.14543901475e-07, 6.15261130932e-09, 4.07231443011e-10, 3.99965373321e-11],
        "max": [0.387802392244, 5.34854507446, 24.9604530334, 12.8373041153, 21.7608585358, 43.5289993286, 14.9191026688, 30.6158847809, 28.4784965515, 125.743133545, 78.203742981, 152.209136963, 259.623321533, 147.550949097, 103.392715454, 127.316970825, 90.3092041016, 143.850494385, 232.874710083, 276.805877686, 397.204467773, 827.765563965, 161.273147583, 391.098876953, 211.093429565, 244.243789673, 89.3837585449, 47.2008666992, 15.5587472916, 1.4059946537, 0.313306629658, 0.608007669449, 0.430547893047, 0.120038859546, 0.0327049829066, 0.0176412016153, 0.00686928955838, 0.00207867939025, 0.000461453077151, 6.3663275796e-05],
        "mean": [0.0652623251081, 0.966665863991, 2.73796892166, 2.07049369812, 2.2675306797, 1.84854233265, 1.20181334019, 1.66140770912, 1.19076764584, 3.53332829475, 4.94193077087, 7.06945133209, 8.86792945862, 9.00025463104, 8.92694759369, 12.2371301651, 6.53594112396, 16.1683330536, 30.5781860352, 43.251121521, 73.5449829102, 116.22114563, 55.1622314453, 75.1333770752, 60.2316131592, 52.962387085, 21.5173988342, 12.9819326401, 3.87167000771, 0.456319153309, 0.0912989974022, 0.122342512012, 0.0607491657138, 0.014811353758, 0.00150961847976, 0.000963260652497, 0.000276167324046, 2.76140290225e-05, 1.51324175022e-05, 2.30399382417e-05],
        "median": [0.0433709174395, 0.663360476494, 1.59768342972, 1.36490392685, 1.04168450832, 0.714161038399, 0.72225767374, 0.917056202888, 0.469545960426, 1.51614046097, 2.54206967354, 3.45407438278, 4.99813079834, 5.13702058792, 5.94567108154, 7.88811969757, 4.58467006683, 11.3158435822, 22.9071464539, 34.8887825012, 61.6786842346, 86.6616439819, 45.9845466614, 64.6400299072, 48.6685180664, 43.9040374756, 17.3472862244, 10.7177696228, 3.13539218903, 0.379332691431, 0.0756854861975, 0.105386406183, 0.0478794723749, 0.011808866635, 0.0011928814929, 0.000710875727236, 0.000190207181731, 1.62983506016e-05, 1.35202044476e-05, 2.34192339121e-05],
        "min": [0.00199386128224, 0.0213931128383, 0.0592917203903, 0.042186498642, 0.0432236418128, 0.0389278754592, 0.0697138309479, 0.0189692955464, 0.0542696975172, 0.0759593397379, 0.183127611876, 0.24548278749, 0.305523127317, 0.456991732121, 0.63876336813, 0.892435610294, 0.293615609407, 0.719702839851, 1.54642343521, 1.12449002266, 3.05938720703, 3.42526245117, 3.15000152588, 2.69721508026, 2.82746767998, 3.35768008232, 0.765355825424, 0.631781995296, 0.241132244468, 0.0334352254868, 0.00523191131651, 0.00892361905426, 0.00395541498438, 0.000960196193773, 0.000117236988444, 8.13500082586e-05, 2.13338971662e-05, 1.88046931271e-06, 3.2190530419e-06, 5.2628006415e-06],
        "var": [0.00400790013373, 0.792173802853, 9.87485027313, 4.42740535736, 10.5029268265, 13.0265111923, 2.14064764977, 5.76783657074, 6.12589550018, 65.6151580811, 50.8249588013, 164.392959595, 241.420013428, 235.437240601, 111.779075623, 216.705245972, 47.3358383179, 269.427001953, 806.41784668, 1486.28686523, 2906.44750977, 9083.06542969, 1330.12023926, 2785.15405273, 1810.1348877, 1568.39465332, 240.974533081, 79.1318511963, 7.03256654739, 0.0887215659022, 0.00343422801234, 0.00657469360158, 0.0020760842599, 0.000146878621308, 3.60236413144e-06, 1.63412300935e-06, 2.12361726426e-07, 1.01548929266e-08, 4.71689853843e-10, 5.74990367819e-11]
    },
    "gfcc": {
        "mean": [-31.357465744, 114.574478149, -182.867767334, 81.3035430908, -24.0112171173, -1.90932047367, -6.79908084869, 8.78052520752, -12.7974805832, -7.58078765869, -13.3666744232, -13.9937849045, 3.13776898384],
        "cov": [[667.044372559, -228.063919067, -250.186355591, -130.122711182, -106.593826294, -24.4001197815, -65.7074050903, 40.3780326843, 1.77528882027, 48.4989624023, -16.5762329102, 13.8476171494, -17.0380897522], [-228.063919067, 422.21206665, 229.964111328, -51.0627670288, -3.19891214371, -43.4514122009, -3.063331604, -65.4394302368, -21.5243339539, -56.5776786804, -5.53099775314, -25.8392696381, 7.25577831268], [-250.186355591, 229.964111328, 241.293258667, 58.3667373657, 63.4252204895, 0.380987972021, 21.2698097229, -37.5398750305, -22.18201828, -44.5198783875, -6.12206172943, -9.43805599213, 7.47378587723], [-130.122711182, -51.0627670288, 58.3667373657, 170.085723877, 89.4877853394, 31.4403915405, 33.967250824, -5.98862314224, 1.34699904919, -17.8689136505, 8.23506355286, -3.31778812408, 8.30455875397], [-106.593826294, -3.19891214371, 63.4252204895, 89.4877853394, 109.833869934, 56.4405822754, 29.1774024963, -5.72437334061, -7.64807891846, -10.1794672012, 6.81234359741, 5.4667725563, 4.98631620407], [-24.4001197815, -43.4514122009, 0.380987972021, 31.4403915405, 56.4405822754, 63.8408737183, 32.7056884766, 13.6057834625, -0.312898933887, 7.21988391876, 5.03799009323, 6.19060230255, 0.938006699085], [-65.7074050903, -3.063331604, 21.2698097229, 33.967250824, 29.1774024963, 32.7056884766, 54.7494163513, 29.7068309784, 18.8205451965, 1.8182002306, 6.01770734787, -2.08715605736, 0.498807996511], [40.3780326843, -65.4394302368, -37.5398750305, -5.98862314224, -5.72437334061, 13.6057834625, 29.7068309784, 65.3322906494, 39.4239349365, 24.2740345001, 5.56672096252, 4.11081027985, 0.408323019743], [1.77528882027, -21.5243339539, -22.18201828, 1.34699904919, -7.64807891846, -0.312898933887, 18.8205451965, 39.4239349365, 52.5480613708, 28.9069385529, 13.0153598785, 0.671711802483, -0.435443103313], [48.4989624023, -56.5776786804, -44.5198783875, -17.8689136505, -10.1794672012, 7.21988391876, 1.8182002306, 24.2740345001, 28.9069385529, 50.1172790527, 22.0784797668, 12.4926366806, -1.47348344326], [-16.5762329102, -5.53099775314, -6.12206172943, 8.23506355286, 6.81234359741, 5.03799009323, 6.01770734787, 5.56672096252, 13.0153598785, 22.0784797668, 39.098110199, 20.3206005096, 7.6709446907], [13.8476171494, -25.8392696381, -9.43805599213, -3.31778812408, 5.4667725563, 6.19060230255, -2.08715605736, 4.11081027985, 0.671711802483, 12.4926366806, 20.3206005096, 38.6737442017, 16.7428703308], [-17.0380897522, 7.25577831268, 7.47378587723, 8.30455875397, 4.98631620407, 0.938006699085, 0.498807996511, 0.408323019743, -0.435443103313, -1.47348344326, 7.6709446907, 16.7428703308, 29.4898109436]],
        "icov": [[0.00318999541923, -0.000411861663451, 0.00256452779286, -8.23845984996e-05, 0.000865529698785, -0.000783428258728, 0.00358106615022, -0.00334711465985, 0.00245481193997, -0.00142891413998, 0.00210734992288, -0.00158316013403, 0.00149751605932], [-0.000411861663451, 0.0156448893249, -0.0137561224401, 0.0138994846493, -0.00254492112435, 0.00465810019523, -0.00645526358858, 0.0144502250478, -0.012563759461, 0.011976422742, -0.0115173850209, 0.0118837570772, -0.0076621263288], [0.00256452779286, -0.0137561224401, 0.0212916936725, -0.0100185424089, -0.00515162060037, 0.00404992746189, 0.000316043151543, -0.010034410283, 0.0124293128029, -0.00890712440014, 0.0115773277357, -0.0105873560533, 0.00590528966859], [-8.23845984996e-05, 0.0138994846493, -0.0100185424089, 0.0254517383873, -0.0161439217627, 0.0126289594918, -0.0125523991883, 0.015388594009, -0.0128328064457, 0.0129502341151, -0.0123541131616, 0.0138437561691, -0.00995721574873], [0.000865529698785, -0.00254492112435, -0.00515162060037, -0.0161439217627, 0.0409737825394, -0.0363027453423, 0.0145271522924, -0.00269276858307, -0.00184764771257, 0.00338224344887, -0.000636039418168, -0.00643538264558, 0.00495712878183], [-0.000783428258728, 0.00465810019523, 0.00404992746189, 0.0126289594918, -0.0363027453423, 0.0627969577909, -0.0356069020927, 0.00476103881374, 0.0141603499651, -0.014012102969, 0.00435854820535, 0.00193746120203, -0.00422911997885], [0.00358106615022, -0.00645526358858, 0.000316043151543, -0.0125523991883, 0.0145271522924, -0.0356069020927, 0.0611945837736, -0.0295821763575, -0.004417644348, 0.0104961739853, -0.00577990477905, 0.000181068156962, 0.00702269328758], [-0.00334711465985, 0.0144502250478, -0.010034410283, 0.015388594009, -0.00269276858307, 0.00476103881374, -0.0295821763575, 0.0589441247284, -0.0367318727076, 0.00746672833338, -0.000394336064346, 0.00411021336913, -0.00969189684838], [0.00245481193997, -0.012563759461, 0.0124293128029, -0.0128328064457, -0.00184764771257, 0.0141603499651, -0.004417644348, -0.0367318727076, 0.0664211809635, -0.0352151840925, 0.00525591429323, 0.000481173861772, 0.00299947685562], [-0.00142891413998, 0.011976422742, -0.00890712440014, 0.0129502341151, 0.00338224344887, -0.014012102969, 0.0104961739853, 0.00746672833338, -0.0352151840925, 0.0633927956223, -0.0314194560051, 0.00445229653269, 0.00272367079742], [0.00210734992288, -0.0115173850209, 0.0115773277357, -0.0123541131616, -0.000636039418168, 0.00435854820535, -0.00577990477905, -0.000394336064346, 0.00525591429323, -0.0314194560051, 0.061359282583, -0.032099340111, 0.00543960975483], [-0.00158316013403, 0.0118837570772, -0.0105873560533, 0.0138437561691, -0.00643538264558, 0.00193746120203, 0.000181068156962, 0.00411021336913, 0.000481173861772, 0.00445229653269, -0.032099340111, 0.0618072412908, -0.0305991843343], [0.00149751605932, -0.0076621263288, 0.00590528966859, -0.00995721574873, 0.00495712878183, -0.00422911997885, 0.00702269328758, -0.00969189684838, 0.00299947685562, 0.00272367079742, 0.00543960975483, -0.0305991843343, 0.0534177422523]]
    },
    "melbands": {
        "dmean": [0.000538416905329, 0.00092922814656, 0.000240728884819, 0.000114764814498, 3.37999808835e-05, 2.6634963433e-05, 2.0432198653e-05, 3.06758702209e-05, 3.2519143133e-05, 3.13027885568e-05, 3.35867916874e-05, 2.55777704297e-05, 1.81921623152e-05, 2.92348668154e-05, 1.0792449757e-05, 9.40456902754e-06, 1.85834778677e-05, 3.01106338156e-05, 2.22230501095e-05, 3.73050716007e-05, 4.17732298956e-05, 6.21481231065e-05, 3.52448732883e-05, 1.92713123397e-05, 2.80062031379e-05, 1.84782202268e-05, 1.56803289428e-05, 1.16730197988e-05, 3.99030250264e-06, 6.59838769934e-06, 1.77114657163e-06, 9.30657449771e-07, 3.0143834806e-07, 2.45921292219e-08, 1.46213441354e-08, 2.42220838942e-08, 2.45650912944e-08, 1.54810138042e-08, 1.80832397945e-08, 2.38822894794e-09],
        "dmean2": [0.000895812408999, 0.0015496351989, 0.000387570093153, 0.00018855331291, 5.37241758138e-05, 4.5207576477e-05, 3.52098068106e-05, 5.41770968994e-05, 5.3685347666e-05, 5.20071771462e-05, 5.660838724e-05, 4.2540319555e-05, 3.19352475344e-05, 5.09457058797e-05, 1.79040744115e-05, 1.5114510461e-05, 3.14860735671e-05, 5.12485785293e-05, 3.55402844434e-05, 6.13490483374e-05, 6.70587251079e-05, 0.00010331474914, 5.89309893257e-05, 3.33004136337e-05, 4.75152410218e-05, 3.08209964714e-05, 2.54585938819e-05, 1.90360260603e-05, 6.84793576511e-06, 1.11696554086e-05, 2.8882091101e-06, 1.59198236815e-06, 5.12772601269e-07, 4.1116880567e-08, 2.37053363605e-08, 3.98304855764e-08, 3.93566779167e-08, 2.52911469545e-08, 3.08375724956e-08, 3.79132281125e-09],
        "dvar": [3.45107025623e-07, 1.05668789274e-06, 8.18775518496e-08, 4.24726209758e-08, 2.84780576898e-09, 2.20900941983e-09, 2.33770691693e-09, 8.56767989887e-09, 2.50095122389e-09, 5.72914826691e-09, 5.66187940976e-09, 2.58838150913e-09, 7.25645488142e-10, 2.01648853171e-09, 2.04559383321e-10, 1.57088828057e-10, 5.46256040401e-10, 1.4981054175e-09, 6.85825340963e-10, 2.06599826136e-09, 1.90682047929e-09, 5.56045520739e-09, 1.60148161399e-09, 3.9172920463e-10, 1.012322004e-09, 4.18476031605e-10, 3.18260723331e-10, 1.77764553078e-10, 1.8911717678e-11, 5.08446722225e-11, 3.42970118451e-12, 1.07202744945e-12, 9.83876608657e-14, 7.56436950194e-16, 2.19428067211e-16, 6.32775275032e-16, 7.1504869693e-16, 3.39336221747e-16, 5.15823371362e-16, 1.45114048483e-17],
        "dvar2": [9.09124196369e-07, 2.67366726803e-06, 2.14976310531e-07, 1.01187808355e-07, 6.72166589055e-09, 5.62404167681e-09, 6.62902932547e-09, 2.46839508833e-08, 5.6476290311e-09, 1.23878125535e-08, 1.44703697913e-08, 5.5906390628e-09, 1.90289850543e-09, 5.61701440915e-09, 5.24537580038e-10, 4.0963363257e-10, 1.59014168499e-09, 4.05123667946e-09, 1.86294801807e-09, 5.49307577202e-09, 4.86591922311e-09, 1.38464457677e-08, 4.44519887566e-09, 1.09003972515e-09, 2.89032087153e-09, 1.11261200253e-09, 9.00776842006e-10, 4.89820295435e-10, 5.57258336698e-11, 1.48393408672e-10, 9.28727060534e-12, 2.91476239846e-12, 2.89290266004e-13, 2.05956124652e-15, 5.92993790329e-16, 1.54065933391e-15, 1.83284398434e-15, 9.2077224751e-16, 1.43660641854e-15, 2.65357555274e-17],
        "max": [0.00478746369481, 0.00944210309535, 0.00223265844397, 0.00232986104675, 0.000569931988139, 0.000707281637006, 0.000417061557528, 0.00132513791323, 0.000531428144313, 0.00101961242035, 0.00127712462563, 0.000619746628217, 0.000383409031201, 0.000476981251268, 0.000153437737026, 0.000163244141731, 0.000260537111899, 0.000448734179372, 0.000261438486632, 0.000405263825087, 0.00047378151794, 0.000831235840451, 0.000401955883717, 0.000166659650858, 0.000366538530216, 0.000184424628969, 0.000182144984137, 0.000137717332109, 3.91551220673e-05, 7.19977106201e-05, 1.92037623492e-05, 1.04041728264e-05, 2.83099143417e-06, 2.76463396176e-07, 1.42758736388e-07, 2.56122490327e-07, 3.85080824117e-07, 2.76335327953e-07, 2.51657638728e-07, 9.44447293705e-08],
        "mean": [0.000824232993182, 0.0014249230735, 0.000387393374695, 0.000152721724589, 4.84320844407e-05, 3.57456156053e-05, 2.23665756494e-05, 3.56909549737e-05, 4.59542679891e-05, 4.41457777924e-05, 4.41658230557e-05, 3.6958092096e-05, 2.64991977019e-05, 3.94022790715e-05, 1.71457813849e-05, 1.6398360458e-05, 3.07281297864e-05, 5.03869414388e-05, 4.3355536036e-05, 6.81766468915e-05, 9.16539065656e-05, 0.00012403987057, 7.48060920159e-05, 4.26025544584e-05, 6.44768588245e-05, 4.6768302127e-05, 4.36027657997e-05, 3.08378148475e-05, 1.00297957033e-05, 1.51613348862e-05, 4.98976078234e-06, 2.45731530413e-06, 7.25268932911e-07, 6.2891615471e-08, 3.86180616374e-08, 6.91029953259e-08, 7.36733412054e-08, 4.21170369691e-08, 3.13880619274e-08, 6.91148160925e-09],
        "median": [0.0005796442274, 0.000915946089663, 0.000260755070485, 6.70230801916e-05, 2.61414552369e-05, 2.01152797672e-05, 8.37876177684e-06, 1.51452013597e-05, 2.3785240046e-05, 2.17882807192e-05, 2.50912926276e-05, 2.00549584406e-05, 1.75241257239e-05, 2.43337326538e-05, 1.1559941413e-05, 1.13599398901e-05, 2.10919133679e-05, 3.49135298165e-05, 3.52242350345e-05, 5.21718866366e-05, 7.79925612733e-05, 9.30471651372e-05, 5.88747352595e-05, 3.47589739249e-05, 5.4092524806e-05, 3.74780429411e-05, 3.50764239556e-05, 2.56083621935e-05, 8.18360604171e-06, 1.18858697533e-05, 4.22005496148e-06, 1.97598455998e-06, 5.9186118051e-07, 5.22777625633e-08, 3.12413099834e-08, 5.88797348655e-08, 6.33985166587e-08, 3.37724159749e-08, 2.27473826442e-08, 5.55947377023e-09],
        "min": [2.04009138542e-05, 5.24217102793e-05, 1.29555510284e-05, 1.83535416909e-06, 2.94697588288e-06, 2.38570123656e-07, 6.16041063495e-07, 6.96012136814e-07, 1.47536059103e-06, 1.87564421594e-06, 1.1366111039e-06, 1.1294334854e-06, 2.0063177999e-06, 2.78639117823e-06, 7.02423676557e-07, 4.67878066956e-07, 1.2351129044e-06, 2.41200200435e-06, 1.68803080669e-06, 1.50513267272e-06, 3.30966418005e-06, 3.41072336596e-06, 3.06909510073e-06, 1.53327960106e-06, 1.97534791369e-06, 1.47267962802e-06, 2.63132187683e-06, 2.04301682061e-06, 3.87621327036e-07, 5.20697710726e-07, 2.57127254599e-07, 1.39353986128e-07, 5.45596883228e-08, 2.56754240091e-09, 1.44296186111e-09, 5.42459188679e-09, 4.53224258123e-09, 2.89042589863e-09, 1.37758082719e-09, 4.94896013059e-10],
        "var": [5.59863906346e-07, 1.91469371202e-06, 1.45278406194e-07, 6.26060909781e-08, 4.44185355164e-09, 2.73498268477e-09, 2.1099664238e-09, 6.71283428844e-09, 3.99329946887e-09, 7.38819228019e-09, 5.97035665351e-09, 4.23391455229e-09, 1.09803244275e-09, 2.47093479011e-09, 3.36254163402e-10, 2.78944922716e-10, 1.0082833457e-09, 2.54385645881e-09, 1.20474408227e-09, 3.48218431867e-09, 4.66478278227e-09, 1.06869402217e-08, 3.06215985901e-09, 9.8560670736e-10, 2.20283191688e-09, 1.15752096796e-09, 1.03972230825e-09, 5.53740275855e-10, 5.48278436541e-11, 1.29592489517e-10, 1.19350033329e-11, 2.99977100451e-12, 2.67746328581e-13, 2.01594561425e-15, 7.32769473219e-16, 2.19650063959e-15, 2.43519579468e-15, 9.18067883068e-16, 8.11817446593e-16, 4.96838590304e-17]
    },
    "mfcc": {
        "mean": [-644.970703125, 116.723739624, -68.8596115112, 74.0021057129, 5.5560002327, 10.0862760544, 16.1164512634, 8.67560863495, 19.9313163757, 4.95255804062, -3.10819816589, 5.54207658768, -8.08997058868],
        "cov": [[832.660095215, -272.990936279, -247.20010376, -160.37210083, -97.9043655396, -101.851791382, -82.9657287598, -52.859462738, -8.90678405762, 14.8416156769, 13.2612285614, 14.1889038086, 12.5659141541], [-272.990936279, 446.735321045, 190.333404541, -18.6197071075, -6.98152399063, -10.7690629959, -11.3914766312, -19.4323616028, -24.9666366577, -33.5716972351, -20.2088890076, -33.9183731079, -27.2476768494], [-247.20010376, 190.333404541, 162.608581543, 66.2606887817, 25.4192333221, 19.2133483887, 17.1229190826, 9.98480892181, -3.14026403427, -16.5784282684, -14.9868993759, -16.2107028961, -13.9102506638], [-160.37210083, -18.6197071075, 66.2606887817, 129.832046509, 59.0420799255, 45.4684829712, 31.6366348267, 27.1186637878, 6.33867311478, -1.61719143391, -9.57653999329, 0.0946173295379, 0.518522202969], [-97.9043655396, -6.98152399063, 25.4192333221, 59.0420799255, 81.119354248, 57.2609291077, 38.3559494019, 19.5330162048, 3.72809529305, -8.22667503357, -6.6311416626, -2.16266798973, 3.65787243843], [-101.851791382, -10.7690629959, 19.2133483887, 45.4684829712, 57.2609291077, 78.9330673218, 47.8016853333, 17.929857254, -0.640927135944, -6.75794219971, -4.51342105865, -2.19804859161, 2.14719295502], [-82.9657287598, -11.3914766312, 17.1229190826, 31.6366348267, 38.3559494019, 47.8016853333, 60.840045929, 29.7932796478, 10.0617408752, -0.53855073452, -1.5957634449, 0.914268434048, 3.469820261], [-52.859462738, -19.4323616028, 9.98480892181, 27.1186637878, 19.5330162048, 17.929857254, 29.7932796478, 47.6298484802, 23.1977615356, 7.50773715973, 2.58281087875, 4.6599316597, 4.5622048378], [-8.90678405762, -24.9666366577, -3.14026403427, 6.33867311478, 3.72809529305, -0.640927135944, 10.0617408752, 23.1977615356, 45.3383369446, 23.4893760681, 8.97174358368, 6.30515241623, 3.97584152222], [14.8416156769, -33.5716972351, -16.5784282684, -1.61719143391, -8.22667503357, -6.75794219971, -0.53855073452, 7.50773715973, 23.4893760681, 44.7181625366, 24.1333808899, 9.09560871124, 5.07725572586], [13.2612285614, -20.2088890076, -14.9868993759, -9.57653999329, -6.6311416626, -4.51342105865, -1.5957634449, 2.58281087875, 8.97174358368, 24.1333808899, 37.8460960388, 19.0998725891, 8.84872341156], [14.1889038086, -33.9183731079, -16.2107028961, 0.0946173295379, -2.16266798973, -2.19804859161, 0.914268434048, 4.6599316597, 6.30515241623, 9.09560871124, 19.0998725891, 37.76014328, 21.3591098785], [12.5659141541, -27.2476768494, -13.9102506638, 0.518522202969, 3.65787243843, 2.14719295502, 3.469820261, 4.5622048378, 3.97584152222, 5.07725572586, 8.84872341156, 21.3591098785, 36.388217926]],
