{
"lowlevel": {
    "average_loudness": 0.987040519714,
    "barkbands_crest": {
        "dmean": 1.83200776577,
        "dmean2": 2.99457716942,
        "dvar": 2.76059579849,
        "dvar2": 7.76797914505,
        "max": 18.316942215,
        "mean": 7.95041465759,
        "median": 7.13871192932,
        "min": 2.77749800682,
        "var": 11.3054990768
    },
    "barkbands_flatness_db": {
        "dmean": 0.0105125010014,
        "dmean2": 0.0179601665586,
        "dvar": 6.69182263664e-05,
        "dvar2": 0.000186247489182,
        "max": 0.199187725782,
        "mean": 0.153391331434,
        "median": 0.152042135596,
        "min": 0.121017374098,
        "var": 0.000230472141993
    },
    "barkbands_kurtosis": {
        "dmean": 0.806396603584,
        "dmean2": 1.34028363228,
        "dvar": 1.07205402851,
        "dvar2": 2.79059767723,
        "max": 10.2691888809,
        "mean": 0.119373768568,
        "median": -0.754816293716,
        "min": -1.77252280712,
        "var": 4.48440217972
    },
    "barkbands_skewness": {
        "dmean": 0.321902900934,
        "dmean2": 0.531240582466,
        "dvar": 0.080984480679,
        "dvar2": 0.219364896417,
        "max": 1.19731354713,
        "mean": -0.829384565353,
        "median": -0.745118975639,
        "min": -2.89398670197,
        "var": 0.5178591609
    },
    "barkbands_spread": {
        "dmean": 3.92885065079,
        "dmean2": 6.54346418381,
        "dvar": 11.24376297,
        "dvar2": 30.3289909363,
        "max": 40.8246498108,
        "mean": 25.854888916,
        "median": 27.2773361206,
        "min": 7.26956224442,
        "var": 64.4532699585
    },
    "dissonance": {
        "dmean": 0.00525511940941,
        "dmean2": 0.00921119283885,
        "dvar": 2.59208336502e-05,
        "dvar2": 7.74855070631e-05,
        "max": 0.499975174665,
        "mean": 0.492269337177,
        "median": 0.493459820747,
        "min": 0.460873216391,
        "var": 3.08030648739e-05
    },
    "dynamic_complexity": 0.445248305798,
    "erbbands_crest": {
        "dmean": 2.44161272049,
        "dmean2": 4.01675796509,
        "dvar": 4.55207300186,
        "dvar2": 12.2917308807,
        "max": 24.1640167236,
        "mean": 10.8906354904,
        "median": 9.62992858887,
        "min": 4.70848083496,
        "var": 20.1390743256
    },
    "erbbands_flatness_db": {
        "dmean": 0.0104309143499,
        "dmean2": 0.0169514752924,
        "dvar": 6.82486061123e-05,
        "dvar2": 0.00018557436124,
        "max": 0.310925394297,
        "mean": 0.259001016617,
        "median": 0.256958544254,
        "min": 0.210084408522,
        "var": 0.000342794373864
    },
    "erbbands_kurtosis": {
        "dmean": 1.72130143642,
        "dmean2": 2.83088326454,
        "dvar": 2.65926504135,
        "dvar2": 7.14353990555,
        "max": 18.4770946503,
        "mean": 4.13911104202,
        "median": 3.58765125275,
        "min": -0.418796062469,
        "var": 8.25436878204
    },
    "erbbands_skewness": {
        "dmean": 0.336090385914,
        "dmean2": 0.561780631542,
        "dvar": 0.0680704042315,
        "dvar2": 0.205611124635,
        "max": -0.260712355375,
        "mean": -1.47051477432,
        "median": -1.460329175,
        "min": -2.92602086067,
        "var": 0.164749398828
    },
    "erbbands_spread": {
        "dmean": 2.99535489082,
        "dmean2": 4.9377989769,
        "dvar": 8.7558889389,
        "dvar2": 25.0112857819,
        "max": 43.687915802,
        "mean": 14.8022603989,
        "median": 14.2380332947,
        "min": 3.72027039528,
        "var": 46.0732650757
    },
    "hfc": {
        "dmean": 5.95772743225,
        "dmean2": 9.82645225525,
        "dvar": 22.7309169769,
        "dvar2": 62.4867706299,
        "max": 70.2462692261,
        "mean": 42.8981208801,
        "median": 42.4266090393,
        "min": 11.6841993332,
        "var": 85.4162750244
    },
    "melbands_crest": {
        "dmean": 2.41734480858,
        "dmean2": 4.13741636276,
        "dvar": 5.15850067139,
        "dvar2": 14.8080158234,
        "max": 26.6880397797,
        "mean": 9.33929920197,
        "median": 8.52618598938,
        "min": 3.1941215992,
        "var": 16.0697364807
    },
    "melbands_flatness_db": {
        "dmean": 0.0127245802432,
        "dmean2": 0.0215215515345,
        "dvar": 0.000136622198625,
        "dvar2": 0.000403060548706,
        "max": 0.250153511763,
        "mean": 0.160539656878,
        "median": 0.156472101808,
        "min": 0.128003612161,
        "var": 0.000430446583778
    },
    "melbands_kurtosis": {
        "dmean": 0.536701977253,
        "dmean2": 0.902920007706,
        "dvar": 0.506578087807,
        "dvar2": 1.28491055965,
        "max": 6.26253795624,
        "mean": -0.816563487053,
        "median": -1.14337408543,
        "min": -1.75624036789,
        "var": 1.08156061172
    },
    "melbands_skewness": {
        "dmean": 0.348972350359,
        "dmean2": 0.574295282364,
        "dvar": 0.0994656160474,
        "dvar2": 0.277808487415,
        "max": 2.7144203186,
        "mean": 0.192029237747,
        "median": 0.242386817932,
        "min": -1.70839893818,
        "var": 0.600545465946
    },
    "melbands_spread": {
        "dmean": 7.64193582535,
        "dmean2": 13.0697193146,
        "dvar": 40.2031784058,
        "dvar2": 113.244697571,
        "max": 85.2980804443,
        "mean": 61.7451324463,
        "median": 62.8333320618,
        "min": 24.761554718,
        "var": 117.885749817
    },
    "pitch_salience": {
        "dmean": 0.0538668334484,
        "dmean2": 0.0899802595377,
        "dvar": 0.00182785862125,
        "dvar2": 0.00489529641345,
        "max": 0.794755458832,
        "mean": 0.602101802826,
        "median": 0.604768276215,
        "min": 0.343024969101,
        "var": 0.00619136542082
    },
    "silence_rate_20dB": {
        "dmean": 0,
        "dmean2": 0,
        "dvar": 0,
        "dvar2": 0,
        "max": 1,
        "mean": 1,
        "median": 1,
        "min": 1,
        "var": 0
    },
    "silence_rate_30dB": {
        "dmean": 0,
        "dmean2": 0,
        "dvar": 0,
        "dvar2": 0,
        "max": 1,
        "mean": 1,
        "median": 1,
        "min": 1,
        "var": 0
    },
    "silence_rate_60dB": {
        "dmean": 0,
        "dmean2": 0,
        "dvar": 0,
        "dvar2": 0,
        "max": 0,
        "mean": 0,
        "median": 0,
        "min": 0,
        "var": 0
    },
    "spectral_centroid": {
        "dmean": 121.695297241,
        "dmean2": 204.422164917,
        "dvar": 13620.3076172,
        "dvar2": 39150.7421875,
        "max": 2769.38500977,
        "mean": 2351.50097656,
        "median": 2366.19848633,
        "min": 1421.62023926,
        "var": 32246.3789062
    },
    "spectral_complexity": {
        "dmean": 3.48780488968,
        "dmean2": 5.87041568756,
        "dvar": 9.00596523285,
        "dvar2": 23.6824817657,
        "max": 51,
        "mean": 37.3357658386,
        "median": 37,
        "min": 15,
        "var": 18.826423645
    },
    "spectral_decrease": {
        "dmean": 7.8402695447e-10,
        "dmean2": 1.36500599712e-09,
        "dvar": 4.26228100922e-19,
        "dvar2": 1.19271172524e-18,
        "max": -2.29071539515e-09,
        "mean": -5.61389956744e-09,
        "median": -5.59004487144e-09,
        "min": -8.1482980363e-09,
        "var": 6.56192143578e-19
    },
    "spectral_energy": {
        "dmean": 0.00335136335343,
        "dmean2": 0.00577518716455,
        "dvar": 7.42345264371e-06,
        "dvar2": 2.08997826121e-05,
        "max": 0.0340665578842,
        "mean": 0.0250791106373,
        "median": 0.0250640101731,
        "min": 0.0102711189538,
        "var": 1.22655410451e-05
    },
    "spectral_energyband_high": {
        "dmean": 9.83588106465e-05,
        "dmean2": 0.000167942867847,
        "dvar": 7.21523374381e-09,
        "dvar2": 1.94878495563e-08,
        "max": 0.000858231447637,
        "mean": 0.000385848019505,
        "median": 0.000362241582479,
        "min": 8.03040311439e-05,
        "var": 1.54333719138e-08
    },
    "spectral_energyband_low": {
        "dmean": 0.000681351986714,
        "dmean2": 0.00115669646766,
        "dvar": 4.59685111309e-07,
        "dvar2": 1.22683366044e-06,
        "max": 0.00688001234084,
        "mean": 0.00147256872151,
        "median": 0.00113829411566,
        "min": 0.0001415736333,
        "var": 1.16987791898e-06
    },
    "spectral_energyband_middle_high": {
        "dmean": 0.00249429210089,
        "dmean2": 0.00402452843264,
        "dvar": 4.05134915127e-06,
        "dvar2": 1.10663640953e-05,
        "max": 0.0298104695976,
        "mean": 0.0178167354316,
        "median": 0.0172906462103,
        "min": 0.00418689893559,
        "var": 2.18127534026e-05
    },
    "spectral_energyband_middle_low": {
        "dmean": 0.00199711695313,
        "dmean2": 0.00346003542654,
        "dvar": 5.26388475919e-06,
        "dvar2": 1.51099184222e-05,
        "max": 0.023888355121,
        "mean": 0.00574914133176,
        "median": 0.00511188944802,
        "min": 0.000658175267745,
        "var": 1.47923765326e-05
    },
    "spectral_entropy": {
        "dmean": 0.061326213181,
        "dmean2": 0.103965498507,
        "dvar": 0.00231677503325,
        "dvar2": 0.00629978813231,
        "max": 7.80019330978,
        "mean": 7.4844121933,
        "median": 7.48867988586,
        "min": 7.19796943665,
        "var": 0.00649046339095
    },
    "spectral_flux": {
        "dmean": 0.00930369272828,
        "dmean2": 0.0153842531145,
        "dvar": 6.03592707193e-05,
        "dvar2": 0.000150183186634,
        "max": 0.130494147539,
        "mean": 0.0826780423522,
        "median": 0.0825302749872,
        "min": 0.0525868795812,
        "var": 0.00012668830459
    },
    "spectral_kurtosis": {
        "dmean": 4.37200593948,
        "dmean2": 7.97125244141,
        "dvar": 13.8626298904,
        "dvar2": 45.4121437073,
        "max": 25.8458385468,
        "mean": 7.89471292496,
        "median": 6.91257476807,
        "min": 1.59627342224,
        "var": 17.7288799286
    },
    "spectral_rms": {
        "dmean": 0.000332834490109,
        "dmean2": 0.000572991906665,
        "dvar": 7.54018074645e-08,
        "dvar2": 2.07967488564e-07,
        "max": 0.00576503807679,
        "mean": 0.00493392907083,
        "median": 0.00494496617466,
        "min": 0.00316553376615,
        "var": 1.23774540839e-07
    },
    "spectral_rolloff": {
        "dmean": 172.843292236,
        "dmean2": 310.362457275,
        "dvar": 26851.1933594,
        "dvar2": 74457.5,
        "max": 3273.046875,
        "mean": 2689.60546875,
        "median": 2583.984375,
        "min": 2002.58789062,
        "var": 60385.7421875
    },
    "spectral_skewness": {
        "dmean": 0.388961076736,
        "dmean2": 0.708042562008,
        "dvar": 0.126260444522,
        "dvar2": 0.382418751717,
        "max": 3.99633216858,
        "mean": 1.04002392292,
        "median": 0.972768306732,
        "min": 0.202817484736,
        "var": 0.18560962379
    },
    "spectral_spread": {
        "dmean": 131441.171875,
        "dmean2": 224253.71875,
        "dvar": 27580192768,
        "dvar2": 48249192448,
        "max": 4674454,
        "mean": 1878788.875,
        "median": 1871739.375,
        "min": 1483224.875,
        "var": 39080165376
    },
    "spectral_strongpeak": {
        "dmean": 1.38513493538,
        "dmean2": 2.41143798828,
        "dvar": 2.84129333496,
        "dvar2": 7.16393232346,
        "max": 11.7717142105,
        "mean": 3.66750669479,
        "median": 2.83231568336,
        "min": 0.0305436681956,
        "var": 11.5052289963
    },
    "zerocrossingrate": {
        "dmean": 0.00434689410031,
        "dmean2": 0.00585101824254,
        "dvar": 1.8753711629e-05,
        "dvar2": 2.51889414358e-05,
        "max": 0.11083984375,
        "mean": 0.0881056562066,
        "median": 0.08935546875,
        "min": 0.02880859375,
        "var": 0.000106548897747
    },
    "barkbands": {
        "dmean": [7.25945574231e-06, 0.00053069612477, 0.000198958790861, 0.000602903775871, 0.00168730365112, 0.000133801353513, 0.000167518053786, 0.0001037953989, 0.000311572803184, 0.000262551679043, 0.000373427785235, 0.000533963262569, 0.000106963794678, 0.000833069207147, 0.000703426543623, 0.00169660593383, 0.00170452857856, 0.000544724753127, 0.000501878617797, 0.000165237666806, 6.61092344671e-05, 1.23411864479e-05, 5.84551401062e-07, 1.14602983103e-06, 2.64951921736e-07, 1.09453274888e-07, 4.81210005177e-09],
        "dmean2": [1.18061425383e-05, 0.000908546091523, 0.000339941499988, 0.00104222213849, 0.00294379098341, 0.000222037517233, 0.000286680529825, 0.000178770598723, 0.000513625564054, 0.000452099164249, 0.000636423763353, 0.000949238426983, 0.00019501047791, 0.00138398318086, 0.00111693877261, 0.00256729801185, 0.0028729296755, 0.000937717151828, 0.000869285722729, 0.000286647526082, 0.00011522416753, 2.10200487345e-05, 1.01439661648e-06, 1.91382468984e-06, 4.42197404027e-07, 1.88749297081e-07, 7.84821629907e-09],
        "dvar": [3.60844160108e-10, 3.31504338646e-07, 5.33345101417e-08, 4.18097386046e-07, 4.20311926064e-06, 6.3495420477e-08, 3.43898420851e-08, 2.06436094885e-08, 1.12887043713e-07, 6.86752201773e-08, 1.72641122731e-07, 3.4959560935e-07, 1.19419540923e-08, 7.09906032625e-07, 3.85961158145e-07, 2.7827923077e-06, 2.65819858214e-06, 2.6555537147e-07, 1.99929246492e-07, 1.81464159255e-08, 3.78776210397e-09, 1.29704635921e-10, 1.93995671307e-13, 8.15161740192e-13, 6.98567451714e-14, 1.23166840632e-14, 6.88606816476e-17],
        "dvar2": [4.44784736819e-10, 9.38703465181e-07, 1.41200175108e-07, 1.16301066555e-06, 1.21163402582e-05, 1.46946078416e-07, 9.48210328033e-08, 5.7988575719e-08, 3.06894861524e-07, 2.09673942209e-07, 4.59228800764e-07, 1.09349571176e-06, 3.59659857452e-08, 1.85199485259e-06, 8.83360939952e-07, 7.37897698855e-06, 7.27032374925e-06, 8.00190036898e-07, 5.78572098675e-07, 4.50904202864e-08, 1.02254880119e-08, 3.75395020624e-10, 5.10929135372e-13, 2.34818197872e-12, 1.98006053827e-13, 3.54189164705e-14, 1.15284492844e-16],
        "max": [0.000360322534107, 0.00522360717878, 0.00168933789246, 0.00472832517698, 0.0214594025165, 0.00246727024205, 0.00154866592493, 0.00137451058254, 0.00311049213633, 0.0025079252664, 0.00358091341332, 0.00494756828994, 0.00128892390057, 0.00869266409427, 0.00997415184975, 0.0204843375832, 0.0160674154758, 0.00422817654908, 0.00413314672187, 0.00133120175451, 0.000691804394592, 0.000159978124429, 5.19763943885e-06, 1.10911914817e-05, 3.35005029228e-06, 1.42531428082e-06, 1.40744020882e-07],
        "mean": [1.20399308798e-05, 0.000917708151974, 0.000248014752287, 0.000838247826323, 0.00337794539519, 0.000206245123991, 0.000226719756029, 0.00016678510292, 0.000819175795186, 0.000434988469351, 0.000691965164151, 0.000826298200991, 0.000210248370422, 0.0018233457813, 0.00187716877554, 0.00497117778286, 0.00391046889126, 0.0013534927275, 0.00143631442916, 0.000494691019412, 0.00019171249005, 3.72603717551e-05, 1.87187492884e-06, 4.09213407693e-06, 8.0344369735e-07, 3.63873283504e-07, 1.10589439828e-08],
        "median": [5.82513530389e-06, 0.00059318181593, 0.000157477217726, 0.000544495705981, 0.00240541691892, 0.000110755696369, 0.000175389417564, 9.4044036814e-05, 0.000625337648671, 0.000336623954354, 0.000524193048477, 0.000579295272473, 0.000161912903422, 0.00125751353335, 0.00155346607789, 0.00322875659913, 0.00328173255548, 0.00121635594405, 0.00129043892957, 0.000452451087767, 0.00017309388204, 3.23024069075e-05, 1.77189633632e-06, 3.67895518139e-06, 6.95216840541e-07, 3.15085515012e-07, 9.21127352171e-09],
        "min": [3.03158088855e-07, 4.94607083965e-05, 5.49802552996e-06, 6.57973259877e-06, 4.0124890802e-05, 6.28261386737e-06, 1.06391726149e-05, 8.20653986011e-06, 4.54219916719e-05, 3.54513249476e-05, 3.88935477531e-05, 5.54713224119e-05, 2.20062356675e-05, 0.000236661478993, 0.000172072221176, 0.000559887092095, 0.000218628090806, 0.000236210005824, 0.000240017616306, 0.000122282479424, 5.12284022989e-05, 3.73329953618e-06, 4.49236353006e-07, 6.14206612681e-07, 1.26229821262e-07, 8.99347227801e-08, 3.6176963647e-09],
        "var": [4.99060404113e-10, 7.57566965603e-07, 7.76051152229e-08, 6.76231309171e-07, 1.12209982035e-05, 9.17109304055e-08, 4.29440589755e-08, 4.4255259013e-08, 3.71705937141e-07, 1.24095649312e-07, 3.57631705583e-07, 5.10025188305e-07, 2.66732982368e-08, 2.57075498666e-06, 1.72126522102e-06, 1.71386345755e-05, 5.49079413759e-06, 4.42933981049e-07, 4.10698021369e-07, 3.71501158725e-08, 6.80152023591e-09, 3.78061471018e-10, 4.73789031012e-13, 3.42642732763e-12, 1.98433066853e-13, 4.16018910673e-14, 7.62620423058e-17]
    },
    "erbbands": {
        "dmean": [0.0112681342289, 0.134949594736, 0.238931074739, 0.962460637093, 6.24945878983, 4.32251501083, 0.753695547581, 1.42466783524, 1.14666247368, 3.24892497063, 2.99617505074, 7.54947900772, 6.39433193207, 11.992436409, 14.2086305618, 24.3930282593, 5.18188142776, 24.2075748444, 34.9720306396, 42.2574920654, 91.8888015747, 101.769515991, 26.8920516968, 35.3716087341, 17.2710418701, 7.43103742599, 2.80818796158, 1.96604239941, 0.498752087355, 0.07536457479, 0.0188163742423, 0.0309469830245, 0.0133940437809, 0.00518131954595, 0.000597871723585, 0.000671647663694, 0.000168607934029, 9.75749480858e-06, 2.29334682444e-06, 4.3219397412e-06],
        "dmean2": [0.0183399934322, 0.234728679061, 0.414490461349, 1.6263153553, 10.6736478806, 7.48867177963, 1.26217186451, 2.32060360909, 1.93853533268, 5.55085039139, 5.26095628738, 12.3524913788, 11.0234384537, 20.9317855835, 23.9960689545, 43.678565979, 9.38049507141, 40.3499488831, 57.7107048035, 69.522026062, 144.261138916, 173.57862854, 45.0688591003, 62.1619529724, 28.9174022675, 12.7434911728, 4.84281873703, 3.31035518646, 0.843780457973, 0.129178032279, 0.0324205867946, 0.0520171411335, 0.0227595381439, 0.00868153851479, 0.000992514425889, 0.00116341246758, 0.000289112504106, 1.55803827511e-05, 3.86547162634e-06, 7.37149957786e-06],
        "dvar": [0.000162884825841, 0.0219223741442, 0.0735340639949, 0.920972049236, 53.8383903503, 36.1384544373, 0.732153475285, 9.15017604828, 1.34494972229, 16.64569664, 22.3589458466, 71.670173645, 64.7238006592, 159.087402344, 230.782318115, 774.91583252, 25.5863513947, 609.49041748, 1070.80554199, 1141.24072266, 8693.56152344, 10765.6621094, 450.82321167, 1061.30517578, 220.047729492, 41.2776145935, 6.51030349731, 3.26172685623, 0.200312271714, 0.00444282358512, 0.000233796934481, 0.000584474299103, 0.000143167402712, 2.61990626313e-05, 2.98740502558e-07, 4.16668285652e-07, 2.83946945956e-08, 9.17332598771e-11, 3.62129185145e-12, 1.18018051928e-11],
        "dvar2": [0.000407440704294, 0.0631349310279, 0.192547112703, 2.61409640312, 156.132766724, 108.50327301, 1.91882395744, 21.2314949036, 3.35631465912, 46.6587944031, 60.2187194824, 185.583953857, 181.626373291, 461.03024292, 615.837280273, 2448.24511719, 78.9622116089, 1541.51257324, 2484.7265625, 2977.53515625, 21714.9628906, 28263.7441406, 1225.93225098, 3307.94262695, 639.036987305, 112.148361206, 19.3515472412, 8.90030670166, 0.563057422638, 0.0132627673447, 0.000656653486658, 0.00167434499599, 0.00041256545228, 7.68627505749e-05, 8.59613010107e-07, 1.20850597796e-06, 7.58516378596e-08, 2.09404008022e-10, 9.09759854256e-12, 3.31115412866e-11],
        "max": [0.144987031817, 1.32398796082, 2.11514854431, 7.05204725266, 77.2440414429, 63.7178001404, 9.11522388458, 31.1886291504, 7.98524665833, 35.22498703, 49.71849823, 83.6466674805, 118.756080627, 123.140129089, 132.79296875, 237.261428833, 68.2594070435, 272.750579834, 572.924926758, 313.933837891, 1164.54443359, 1045.5592041, 190.533676147, 282.249237061, 137.321517944, 62.7122497559, 24.3799057007, 20.8515644073, 5.82381010056, 0.744910001755, 0.204243406653, 0.294145017862, 0.137743547559, 0.0622751377523, 0.0080404356122, 0.00805109832436, 0.001931332401, 0.000101289071608, 2.76952578133e-05, 4.66577766929e-05],
        "mean": [0.0224299374968, 0.219017758965, 0.349855571985, 1.68729293346, 12.0461292267, 7.48684835434, 1.4488581419, 1.99363398552, 1.89606785774, 4.55336904526, 5.34395551682, 20.2781925201, 14.1574745178, 20.7334098816, 28.4927024841, 36.5759353638, 12.8278007507, 61.2195014954, 106.976493835, 130.288970947, 294.947906494, 226.147583008, 83.7282943726, 93.7186279297, 50.5355987549, 23.3601951599, 9.06317806244, 5.78208303452, 1.68031704426, 0.258586496115, 0.0682128146291, 0.104452349246, 0.0470200181007, 0.0160246770829, 0.00222940603271, 0.00211150664836, 0.000552405021153, 3.3178996091e-05, 1.92283314391e-05, 3.37724595738e-05],
        "median": [0.015361815691, 0.139487475157, 0.241472378373, 1.25662350655, 8.85539722443, 5.22598457336, 1.08000576496, 0.993457078934, 1.4499527216, 3.26861548424, 3.19211506844, 14.3308382034, 11.2861251831, 16.6490325928, 23.0763320923, 25.169462204, 10.3870182037, 43.3544158936, 86.3162994385, 120.924224854, 204.185775757, 191.48991394, 79.6762084961, 84.6390686035, 45.7706489563, 21.6146087646, 8.30933475494, 5.26917600632, 1.47999668121, 0.230078235269, 0.0650405213237, 0.0951844602823, 0.0437732674181, 0.0135743794963, 0.00194274180103, 0.0018283870304, 0.00048252241686, 2.95443951472e-05, 1.9236416847e-05, 3.38029603881e-05],
        "min": [0.000975136179477, 0.00801377557218, 0.0240173265338, 0.0209362246096, 0.0979638248682, 0.12070234865, 0.142933830619, 0.111083783209, 0.12953338027, 0.236754730344, 0.455452114344, 1.0569947958, 1.65260112286, 1.66023015976, 3.7924695015, 2.96601891518, 1.78097009659, 10.6297531128, 21.6947784424, 31.2520694733, 41.1280326843, 43.3321685791, 14.8826828003, 12.1777572632, 11.2381334305, 4.92733240128, 2.03865599632, 1.51626968384, 0.212336406112, 0.0617806911469, 0.0198174752295, 0.0197716634721, 0.00713487761095, 0.00216870754957, 0.000509411271196, 0.000531168887392, 0.000126314131194, 9.61282785283e-06, 1.07293135443e-05, 1.42627504829e-05],
        "var": [0.000459800590761, 0.0460219457746, 0.113581746817, 1.91397619247, 135.290206909, 62.7548904419, 1.35767281055, 11.630698204, 2.17217278481, 20.2061767578, 41.5331459045, 280.11416626, 129.202804565, 253.962997437, 436.524383545, 1069.61767578, 63.6105766296, 2334.5456543, 4753.33642578, 3380.15820312, 52965.6796875, 20702.5742188, 1021.26611328, 1840.92529297, 412.95123291, 75.2086410522, 11.0119695663, 6.62673711777, 0.66599547863, 0.0145065700635, 0.000594530778471, 0.00219134939834, 0.000486097240355, 7.41101466701e-05, 1.26541101508e-06, 1.41870498283e-06, 8.80568151729e-08, 2.16722362278e-10, 7.32775298773e-12, 2.2187487958e-11]
    },
    "gfcc": {
        "mean": [-8.72113800049, 117.491867065, -197.998092651, 51.1490974426, -19.1536273956, -7.17866945267, -25.7176990509, 3.33790040016, -21.6982746124, -14.8146095276, -21.6165142059, -13.5416231155, 2.05153560638],
        "cov": [[97.5871124268, 16.5521812439, 7.44043540955, -15.5922956467, -27.2859230042, 11.063158989, 2.92666077614, 11.3219366074, -4.73533391953, 15.5722255707, 15.3766183853, 7.5595946312, 1.90386557579], [16.5521812439, 203.087799072, 71.6188583374, 25.3503742218, -12.0212049484, -61.3064804077, 42.7318916321, 12.6768474579, -21.8060779572, -32.9704933167, 15.7102947235, -35.977142334, -14.1236248016], [7.44043540955, 71.6188583374, 59.2253570557, 29.3857021332, 8.40922451019, -14.8748817444, 4.02694606781, 0.557994008064, -11.7029161453, -12.2373390198, -0.862535119057, -6.56420135498, -3.38365960121], [-15.5922956467, 25.3503742218, 29.3857021332, 49.1941070557, 36.9090194702, 8.16824817657, 12.0769033432, -3.63832592964, -2.78564047813, -11.2898435593, -4.36781358719, -6.96764230728, -0.462702184916], [-27.2859230042, -12.0212049484, 8.40922451019, 36.9090194702, 63.602809906, 41.0941200256, 16.4596939087, -4.02807331085, 6.07082653046, -2.22957015038, -4.51850938797, 7.48748111725, 4.47085094452], [11.063158989, -61.3064804077, -14.8748817444, 8.16824817657, 41.0941200256, 88.3352203369, 22.6912460327, 0.841305553913, 14.5073900223, 23.1373500824, 4.34317159653, 29.9336643219, 18.7771701813], [2.92666077614, 42.7318916321, 4.02694606781, 12.0769033432, 16.4596939087, 22.6912460327, 55.3911209106, 30.6681232452, 11.6017618179, 1.3373363018, 10.9231119156, 1.62932372093, 6.7052936554], [11.3219366074, 12.6768474579, 0.557994008064, -3.63832592964, -4.02807331085, 0.841305553913, 30.6681232452, 60.3389816284, 30.3498973846, 10.1545829773, 16.0812854767, 9.57386875153, 8.75896453857], [-4.73533391953, -21.8060779572, -11.7029161453, -2.78564047813, 6.07082653046, 14.5073900223, 11.6017618179, 30.3498973846, 46.265586853, 27.7534561157, 10.6814651489, 16.9056091309, 11.4238681793], [15.5722255707, -32.9704933167, -12.2373390198, -11.2898435593, -2.22957015038, 23.1373500824, 1.3373363018, 10.1545829773, 27.7534561157, 46.2502670288, 21.7875118256, 24.6772441864, 9.96996021271], [15.3766183853, 15.7102947235, -0.862535119057, -4.36781358719, -4.51850938797, 4.34317159653, 10.9231119156, 16.0812854767, 10.6814651489, 21.7875118256, 37.8103027344, 21.7901706696, 10.1217336655], [7.5595946312, -35.977142334, -6.56420135498, -6.96764230728, 7.48748111725, 29.9336643219, 1.62932372093, 9.57386875153, 16.9056091309, 24.6772441864, 21.7901706696, 54.9148025513, 30.2963733673], [1.90386557579, -14.1236248016, -3.38365960121, -0.462702184916, 4.47085094452, 18.7771701813, 6.7052936554, 8.75896453857, 11.4238681793, 9.96996021271, 10.1217336655, 30.2963733673, 36.1920967102]],
        "icov": [[0.0214591901749, -0.0167629253119, 0.0135905332863, -0.0115965018049, 0.0177278667688, -0.0235407911241, 0.0233616959304, -0.0200035329908, 0.0168374758214, -0.0146830743179, 0.00939133577049, -0.00545641547069, 0.00465954979882], [-0.0167629253119, 0.0739846676588, -0.0843687653542, 0.0470458827913, -0.0207491405308, 0.0566602312028, -0.0911297723651, 0.059126354754, -0.0374025292695, 0.0423981398344, -0.0580747798085, 0.0343131422997, -0.0141472797841], [0.0135905332863, -0.0843687653542, 0.129119321704, -0.0792081654072, 0.0258856024593, -0.0556310899556, 0.102878734469, -0.0724411532283, 0.0525403879583, -0.0519577153027, 0.0708533525467, -0.0464589782059, 0.0183604024351], [-0.0115965018049, 0.0470458827913, -0.0792081654072, 0.0973740369081, -0.0520216152072, 0.0422184988856, -0.0626450031996, 0.0460617393255, -0.0323955304921, 0.0331320129335, -0.0436099804938, 0.0362088494003, -0.0192256178707], [0.0177278667688, -0.0207491405308, 0.0258856024593, -0.0520216152072, 0.068600833416, -0.0440188758075, 0.0254927426577, -0.0152268512174, 0.00418435735628, -0.00171212654095, 0.0142907323316, -0.0183128640056, 0.016534788534], [-0.0235407911241, 0.0566602312028, -0.0556310899556, 0.0422184988856, -0.0440188758075, 0.0818515941501, -0.0848958790302, 0.0516292527318, -0.0236483942717, 0.0153445629403, -0.0287466906011, 0.0146335205063, -0.0160793941468], [0.0233616959304, -0.0911297723651, 0.102878734469, -0.0626450031996, 0.0254927426577, -0.0848958790302, 0.151185303926, -0.0942927226424, 0.0504899732769, -0.045981194824, 0.0580575279891, -0.0283148773015, 0.0119277564809], [-0.0200035329908, 0.059126354754, -0.0724411532283, 0.0460617393255, -0.0152268512174, 0.0516292527318, -0.0942927226424, 0.0953595787287, -0.067753739655, 0.052801232785, -0.0560736581683, 0.023546308279, -0.00975979398936], [0.0168374758214, -0.0374025292695, 0.0525403879583, -0.0323955304921, 0.00418435735628, -0.0236483942717, 0.0504899732769, -0.067753739655, 0.0931498780847, -0.0696016475558, 0.0479906499386, -0.0180636756122, -0.000717628514394], [-0.0146830743179, 0.0423981398344, -0.0519577153027, 0.0331320129335, -0.00171212654095, 0.0153445629403, -0.045981194824, 0.052801232785, -0.0696016475558, 0.0977771356702, -0.065509699285, 0.0138459652662, 0.00263948994689], [0.00939133577049, -0.0580747798085, 0.0708533525467, -0.0436099804938, 0.0142907323316, -0.0287466906011, 0.0580575279891, -0.0560736581683, 0.0479906499386, -0.065509699285, 0.104065082967, -0.04864397645, 0.0133871873841], [-0.00545641547069, 0.0343131422997, -0.0464589782059, 0.0362088494003, -0.0183128640056, 0.0146335205063, -0.0283148773015, 0.023546308279, -0.0180636756122, 0.0138459652662, -0.04864397645, 0.0736133605242, -0.0421158261597], [0.00465954979882, -0.0141472797841, 0.0183604024351, -0.0192256178707, 0.016534788534, -0.0160793941468, 0.0119277564809, -0.00975979398936, -0.000717628514394, 0.00263948994689, 0.0133871873841, -0.0421158261597, 0.0607976056635]]
    },
    "melbands": {
        "dmean": [0.000128842730192, 0.000139556999784, 0.000288626994006, 0.000441555312136, 3.52165734512e-05, 2.89417694148e-05, 2.34854742303e-05, 3.07267073367e-05, 2.9545815778e-05, 5.12172700837e-05, 3.23645726894e-05, 4.89682533953e-05, 5.35038816452e-05, 7.12417750037e-05, 2.08238907362e-05, 1.43184424815e-05, 5.89579758525e-05, 6.96670540492e-05, 5.82323445997e-05, 0.000100121746073, 0.000106061968836, 0.000105725412141, 6.08587361057e-05, 2.70569489658e-05, 3.29793329001e-05, 1.74127162609e-05, 9.75073635345e-06, 4.61372383143e-06, 1.55204725161e-06, 2.62535422735e-06, 8.58807311488e-07, 3.49459639892e-07, 1.28115871689e-07, 1.79428933933e-08, 1.05681285945e-08, 1.76254761897e-08, 2.22576002074e-08, 1.20297301009e-08, 7.40852490466e-09, 3.86365472949e-09],
        "dmean2": [0.000217425389565, 0.000243930277065, 0.000487669254653, 0.000775417604018, 5.86715177633e-05, 4.75497181469e-05, 3.96733048547e-05, 5.24615497852e-05, 5.12389487994e-05, 8.39512504172e-05, 5.61104970984e-05, 8.58847561176e-05, 9.09104201128e-05, 0.000126774757518, 3.70440429833e-05, 2.55751019722e-05, 9.77811359917e-05, 0.000114123016829, 9.48566084844e-05, 0.00015905444161, 0.000170852668816, 0.000179506430868, 0.000102581332612, 4.68059952254e-05, 5.80805790378e-05, 2.98094128084e-05, 1.68871520145e-05, 7.938597264e-06, 2.63848096438e-06, 4.49185654361e-06, 1.47616287904e-06, 5.84562485528e-07, 2.18360327153e-07, 3.15755386282e-08, 1.79815238255e-08, 3.00460456515e-08, 3.72912580815e-08, 2.07611652314e-08, 1.25773587101e-08, 6.57168586216e-09],
        "dvar": [1.97558929216e-08, 2.44213502754e-08, 1.07628167711e-07, 3.03474536167e-07, 1.65674984842e-09, 3.56362739318e-09, 5.48904810493e-10, 1.50893886275e-09, 2.17121365331e-09, 3.17171311437e-09, 1.60127000548e-09, 2.57129517678e-09, 3.94735932829e-09, 6.02503469338e-09, 5.36119204586e-10, 1.99717534177e-10, 3.77198050572e-09, 3.90433196884e-09, 2.78110556806e-09, 9.63385904384e-09, 9.08686992318e-09, 1.05317266019e-08, 2.74574429859e-09, 7.2579342536e-10, 9.59630486186e-10, 2.37572406192e-10, 7.10839234697e-11, 1.80110371062e-11, 1.91318445461e-12, 6.26471617637e-12, 5.73421735442e-13, 1.02767566592e-13, 1.37676184675e-14, 2.84827454599e-16, 6.91158767927e-17, 2.17894289067e-16, 3.06731382508e-16, 1.2656534381e-16, 4.95031597713e-17, 1.64487660677e-17],
        "dvar2": [5.38681241835e-08, 6.75816949069e-08, 3.09461142933e-07, 8.75041450854e-07, 4.46104531093e-09, 8.19958501097e-09, 1.46284573344e-09, 4.22080281837e-09, 5.86899728816e-09, 8.18173440109e-09, 4.50499726412e-09, 7.51501438856e-09, 1.05581792198e-08, 1.8727289941e-08, 1.68744496154e-09, 6.06968753036e-10, 9.51873246891e-09, 1.03426494036e-08, 6.46762954304e-09, 2.39804407443e-08, 2.33444872322e-08, 2.84604553258e-08, 7.10343472932e-09, 2.20823737074e-09, 2.97653590664e-09, 6.56289633749e-10, 1.92588028858e-10, 5.01985050749e-11, 5.88090080106e-12, 1.80498619523e-11, 1.55360956305e-12, 2.97330167215e-13, 3.85312678845e-14, 8.47185360245e-16, 2.02053131827e-16, 6.47205381261e-16, 8.82448665328e-16, 3.60807368759e-16, 1.48505548552e-16, 4.66137550259e-17],
        "max": [0.00139778922312, 0.00122820027173, 0.00309242913499, 0.00570662040263, 0.000382195896236, 0.00060399674112, 0.000164707016665, 0.000330873182975, 0.000518381828442, 0.000555324426387, 0.000583086977713, 0.000491243321449, 0.000540120701771, 0.000631013594102, 0.000209817342693, 0.000146663791384, 0.000674125447404, 0.00084765831707, 0.00100903236307, 0.00114031066187, 0.00116643914953, 0.00101165170781, 0.000537787622306, 0.000223023103899, 0.00024638971081, 0.000131676177261, 8.25427268865e-05, 4.11217406509e-05, 1.2749376765e-05, 2.84278739855e-05, 7.6022115536e-06, 4.29926967627e-06, 1.1185893527e-06, 1.70485364492e-07, 9.79084546771e-08, 1.59975542147e-07, 2.24156707418e-07, 1.12411619568e-07, 7.3729381711e-08, 5.17113463161e-08],
        "mean": [0.000238721826463, 0.00021987616492, 0.000553771504201, 0.000878035207279, 6.00808380113e-05, 4.18328272644e-05, 3.56400087185e-05, 4.46904232376e-05, 4.69824517495e-05, 0.000135910711833, 6.50829460938e-05, 7.84762887633e-05, 9.72719135461e-05, 0.000109866887215, 3.66847634723e-05, 2.86249742203e-05, 0.000137589348014, 0.000183242969797, 0.000148247359903, 0.000284838461084, 0.000323320535244, 0.000228875214816, 0.000131768450956, 6.35547476122e-05, 8.00838679424e-05, 4.4477499614e-05, 2.63058391283e-05, 1.23641739265e-05, 4.51894948128e-06, 6.17514342593e-06, 2.33226114688e-06, 1.0192704849e-06, 3.88751857372e-07, 4.5288533812e-08, 2.86814891837e-08, 5.55742118991e-08, 6.701353783e-08, 3.67955053093e-08, 2.04819432525e-08, 1.06594475469e-08],
        "median": [0.00015631862334, 0.000154074179591, 0.000439390714746, 0.000627893663477, 4.43124226877e-05, 2.18444365601e-05, 2.75025849987e-05, 3.18693710142e-05, 2.53761354543e-05, 9.60403776844e-05, 4.8374015023e-05, 6.21994113317e-05, 7.06371647539e-05, 7.90294143371e-05, 2.73333462246e-05, 2.20281763177e-05, 9.47789885686e-05, 0.000139084047987, 0.000122651399579, 0.000184338452527, 0.000257421605056, 0.00019067330868, 0.000115476577776, 5.67201859667e-05, 7.09794549039e-05, 3.94243797928e-05, 2.42457081185e-05, 1.13178557513e-05, 4.16238117396e-06, 5.58095371161e-06, 2.08123196899e-06, 8.74620695868e-07, 3.3252808862e-07, 4.11459133431e-08, 2.75367799674e-08, 5.23193364188e-08, 5.89462878509e-08, 3.28515987746e-08, 1.75681371672e-08, 8.97011354084e-09],
        "min": [1.02454541775e-05, 9.96549806587e-06, 4.65179346065e-06, 1.03563761513e-05, 3.95646839024e-06, 2.07215157388e-06, 2.05269043363e-06, 2.21207187678e-06, 2.68216990662e-06, 5.56564009457e-06, 7.10599897502e-06, 4.53463735539e-06, 7.0291762313e-06, 8.30160115584e-06, 4.8587380661e-06, 3.45538796864e-06, 1.77327838173e-05, 3.40098740708e-05, 1.57742579177e-05, 3.49931724486e-05, 4.80976887047e-05, 9.84379221336e-06, 2.18929872062e-05, 7.97207212599e-06, 1.00350544017e-05, 8.27024814498e-06, 6.98581970937e-06, 2.10444068216e-06, 9.00461600395e-07, 1.72089698935e-06, 4.88278942612e-07, 9.17872426953e-08, 6.53915108728e-08, 1.03821866659e-08, 7.11236980422e-09, 1.21060326208e-08, 9.86864190367e-09, 5.90358562036e-09, 2.32678498691e-09, 1.34533595375e-09],
        "var": [5.16394109695e-08, 4.07914875211e-08, 2.06749362519e-07, 7.59660110816e-07, 2.67080202399e-09, 4.70767025362e-09, 8.17184375723e-10, 1.88832727233e-09, 3.79806719408e-09, 1.23070567071e-08, 3.18822990231e-09, 3.9857543932e-09, 7.62436069834e-09, 8.26791790587e-09, 8.0727813323e-10, 5.11824582716e-10, 1.49853320863e-08, 1.51140060467e-08, 1.04788684396e-08, 5.83725174863e-08, 4.92514935502e-08, 2.08953689906e-08, 5.75699621308e-09, 1.06031394775e-09, 1.54565638066e-09, 4.12129885774e-10, 1.26568491798e-10, 2.66423359069e-11, 3.12621109555e-12, 9.87851380557e-12, 1.19834123093e-12, 3.00860166858e-13, 4.03336083065e-14, 5.15714686447e-16, 1.32109703845e-16, 5.76880947271e-16, 1.05650027758e-15, 3.36421184328e-16, 1.23712020683e-16, 3.93697902946e-17]
    },
    "mfcc": {
        "mean": [-624.676635742, 132.768814087, -90.3770065308, 51.7439079285, 13.5335226059, 2.01192164421, 6.56982326508, 4.53283548355, 13.713051796, -1.2325284481, -11.0686702728, -4.94118642807, -13.1250839233],
        "cov": [[109.961120605, 1.59721696377, 12.7377996445, -36.2757034302, -23.0388736725, -10.978758812, 8.14227676392, -7.33655071259, 0.553257286549, 1.0355104208, 2.78888702393, 9.15567970276, 18.9383430481], [1.59721696377, 159.912918091, 52.142162323, 59.3189506531, -32.2276496887, -43.9614028931, 27.9471702576, 12.6683759689, -24.1785736084, 17.8172988892, 7.87805366516, -6.05508089066, -25.6785106659], [12.7377996445, 52.142162323, 50.9536056519, 24.7197055817, -4.25349903107, -14.4090127945, 5.65024995804, -1.86556601524, -8.76264953613, 0.85825330019, -2.9315340519, -4.86513710022, -2.7010076046], [-36.2757034302, 59.3189506531, 24.7197055817, 75.9385452271, 12.7611856461, -13.9895162582, 11.5867271423, 9.44572544098, -11.9079017639, 9.58574008942, 4.94196891785, -8.43731403351, -30.724981308], [-23.0388736725, -32.2276496887, -4.25349903107, 12.7611856461, 51.6148719788, 37.9538574219, 3.21908354759, 6.35566759109, 8.91075801849, -8.58267116547, -2.64859700203, 2.75436449051, 2.87462902069], [-10.978758812, -43.9614028931, -14.4090127945, -13.9895162582, 37.9538574219, 91.4042053223, 18.8006381989, 2.29901337624, 17.4053020477, -18.0109119415, -3.85601687431, 7.54390668869, 15.3772659302], [8.14227676392, 27.9471702576, 5.65024995804, 11.5867271423, 3.21908354759, 18.8006381989, 49.7929496765, 22.6826667786, 3.97320437431, 5.78443861008, 1.18410170078, 3.03413152695, -5.66729402542], [-7.33655071259, 12.6683759689, -1.86556601524, 9.44572544098, 6.35566759109, 2.29901337624, 22.6826667786, 45.6770858765, 20.8861713409, 10.4013223648, 1.34243035316, 6.57538747787, 4.66254901886], [0.553257286549, -24.1785736084, -8.76264953613, -11.9079017639, 8.91075801849, 17.4053020477, 3.97320437431, 20.8861713409, 50.8219451904, 6.88852262497, 1.00674319267, 11.6047468185, 23.3269443512], [1.0355104208, 17.8172988892, 0.85825330019, 9.58574008942, -8.58267116547, -18.0109119415, 5.78443861008, 10.4013223648, 6.88852262497, 40.1827468872, 17.3525543213, -2.93971323967, -6.49185705185], [2.78888702393, 7.87805366516, -2.9315340519, 4.94196891785, -2.64859700203, -3.85601687431, 1.18410170078, 1.34243035316, 1.00674319267, 17.3525543213, 36.1220474243, 10.4201116562, -3.99069237709], [9.15567970276, -6.05508089066, -4.86513710022, -8.43731403351, 2.75436449051, 7.54390668869, 3.03413152695, 6.57538747787, 11.6047468185, -2.93971323967, 10.4201116562, 40.9784889221, 27.6379737854], [18.9383430481, -25.6785106659, -2.7010076046, -30.724981308, 2.87462902069, 15.3772659302, -5.66729402542, 4.66254901886, 23.3269443512, -6.49185705185, -3.99069237709, 27.6379737854, 64.6457138062]],
