{
"lowlevel": {
    "average_loudness": 0.98623752594,
    "barkbands_crest": {
        "dmean": 2.08058238029,
        "dmean2": 3.6886806488,
        "dvar": 2.69336509705,
        "dvar2": 7.94613933563,
        "max": 14.7020053864,
        "mean": 6.96178007126,
        "median": 6.73063325882,
        "min": 3.3047785759,
        "var": 4.88796186447
    },
    "barkbands_flatness_db": {
        "dmean": 0.011530793272,
        "dmean2": 0.0186104401946,
        "dvar": 0.000116441697173,
        "dvar2": 0.000314771808917,
        "max": 0.203737080097,
        "mean": 0.144811585546,
        "median": 0.141686782241,
        "min": 0.0932728424668,
        "var": 0.000324772146996
    },
    "barkbands_kurtosis": {
        "dmean": 0.614837229252,
        "dmean2": 1.0452092886,
        "dvar": 0.667362749577,
        "dvar2": 1.95412039757,
        "max": 3.74217891693,
        "mean": -0.647023737431,
        "median": -1.04835557938,
        "min": -1.58295786381,
        "var": 1.2234402895
    },
    "barkbands_skewness": {
        "dmean": 0.3384591043,
        "dmean2": 0.554395675659,
        "dvar": 0.0854844376445,
        "dvar2": 0.226702049375,
        "max": 2.07104301453,
        "mean": 0.560102880001,
        "median": 0.508001208305,
        "min": -0.566965043545,
        "var": 0.346982806921
    },
    "barkbands_spread": {
        "dmean": 3.84127283096,
        "dmean2": 6.8845500946,
        "dvar": 11.6562566757,
        "dvar2": 33.9522590637,
        "max": 37.5473937988,
        "mean": 28.1461544037,
        "median": 29.0969829559,
        "min": 14.7831630707,
        "var": 23.1680583954
    },
    "dissonance": {
        "dmean": 0.00911151152104,
        "dmean2": 0.0144083583727,
        "dvar": 0.000109613225504,
        "dvar2": 0.000179269118235,
        "max": 0.499654024839,
        "mean": 0.485753297806,
        "median": 0.487974256277,
        "min": 0.374887377024,
        "var": 0.000146968784975
    },
    "dynamic_complexity": 0.756024956703,
    "erbbands_crest": {
        "dmean": 1.37502586842,
        "dmean2": 2.34790158272,
        "dvar": 1.39624261856,
        "dvar2": 3.86945843697,
        "max": 15.1482524872,
        "mean": 6.37952947617,
        "median": 5.93721055984,
        "min": 3.92929077148,
        "var": 3.40778803825
    },
    "erbbands_flatness_db": {
        "dmean": 0.00831958372146,
        "dmean2": 0.0126280067489,
        "dvar": 6.48332570563e-05,
        "dvar2": 0.000105219711259,
        "max": 0.253308564425,
        "mean": 0.216021120548,
        "median": 0.215776950121,
        "min": 0.140295520425,
        "var": 0.000219515321078
    },
    "erbbands_kurtosis": {
        "dmean": 0.613167405128,
        "dmean2": 0.981044471264,
        "dvar": 0.271783053875,
        "dvar2": 0.788857638836,
        "max": 3.17571258545,
        "mean": 0.053890157491,
        "median": -0.0632390975952,
        "min": -1.49557352066,
        "var": 0.665423095226
    },
    "erbbands_skewness": {
        "dmean": 0.242052257061,
        "dmean2": 0.400838255882,
        "dvar": 0.0298170000315,
        "dvar2": 0.0901501253247,
        "max": 0.250530540943,
        "mean": -0.730049967766,
        "median": -0.762239634991,
        "min": -1.4071931839,
        "var": 0.102564401925
    },
    "erbbands_spread": {
        "dmean": 4.77400779724,
        "dmean2": 8.08666133881,
        "dvar": 18.5559825897,
        "dvar2": 47.5021438599,
        "max": 51.6046142578,
        "mean": 29.553483963,
        "median": 29.0493278503,
        "min": 16.5547237396,
        "var": 52.2409667969
    },
    "hfc": {
        "dmean": 5.28570556641,
        "dmean2": 7.96490764618,
        "dvar": 34.6188354492,
        "dvar2": 57.2954788208,
        "max": 76.8900375366,
        "mean": 31.4373188019,
        "median": 30.0532474518,
        "min": 0.686077296734,
        "var": 143.890151978
    },
    "melbands_crest": {
        "dmean": 3.2016479969,
        "dmean2": 5.81113195419,
        "dvar": 6.2617316246,
        "dvar2": 16.0072994232,
        "max": 21.9524269104,
        "mean": 11.3894224167,
        "median": 10.6451320648,
        "min": 4.86647176743,
        "var": 12.6713314056
    },
    "melbands_flatness_db": {
        "dmean": 0.0170188657939,
        "dmean2": 0.028354043141,
        "dvar": 0.000242444206378,
        "dvar2": 0.000595906400122,
        "max": 0.285285383463,
        "mean": 0.197740659118,
        "median": 0.191616475582,
        "min": 0.141178041697,
        "var": 0.000956438016146
    },
    "melbands_kurtosis": {
        "dmean": 2.00192928314,
        "dmean2": 3.34763932228,
        "dvar": 6.25506258011,
        "dvar2": 17.7666378021,
        "max": 16.6448898315,
        "mean": 2.60091137886,
        "median": 1.41753292084,
        "min": -1.26412892342,
        "var": 13.9787778854
    },
    "melbands_skewness": {
        "dmean": 0.445923298597,
        "dmean2": 0.734720766544,
        "dvar": 0.164474025369,
        "dvar2": 0.415370762348,
        "max": 3.93038535118,
        "mean": 1.63904905319,
        "median": 1.52668368816,
        "min": 0.0933695882559,
        "var": 0.624033749104
    },
    "melbands_spread": {
        "dmean": 7.30162620544,
        "dmean2": 12.118637085,
        "dvar": 33.8674125671,
        "dvar2": 93.0553588867,
        "max": 62.2821617126,
        "mean": 36.820980072,
        "median": 37.0785903931,
        "min": 12.4815921783,
        "var": 140.416122437
    },
    "pitch_salience": {
        "dmean": 0.0637434273958,
        "dmean2": 0.111368246377,
        "dvar": 0.0024324702099,
        "dvar2": 0.00715307006612,
        "max": 0.781792640686,
        "mean": 0.608008265495,
        "median": 0.609166800976,
        "min": 0.45301014185,
        "var": 0.00368540617637
    },
    "silence_rate_20dB": {
        "dmean": 0,
        "dmean2": 0,
        "dvar": 0,
        "dvar2": 0,
        "max": 1,
        "mean": 1,
        "median": 1,
        "min": 1,
        "var": 0
    },
    "silence_rate_30dB": {
        "dmean": 0,
        "dmean2": 0,
        "dvar": 0,
        "dvar2": 0,
        "max": 1,
        "mean": 1,
        "median": 1,
        "min": 1,
        "var": 0
    },
    "silence_rate_60dB": {
        "dmean": 0,
        "dmean2": 0,
        "dvar": 0,
        "dvar2": 0,
        "max": 0,
        "mean": 0,
        "median": 0,
        "min": 0,
        "var": 0
    },
    "spectral_centroid": {
        "dmean": 209.384994507,
        "dmean2": 357.102050781,
        "dvar": 29315.1972656,
        "dvar2": 84158.28125,
        "max": 2455.88037109,
        "mean": 1733.96911621,
        "median": 1768.83666992,
        "min": 920.472290039,
        "var": 95708.6796875
    },
    "spectral_complexity": {
        "dmean": 3.51333332062,
        "dmean2": 5.52348995209,
        "dvar": 10.6098213196,
        "dvar2": 18.1554870605,
        "max": 46,
        "mean": 36.2119216919,
        "median": 37,
        "min": 1,
        "var": 31.0676803589
    },
    "spectral_decrease": {
        "dmean": 1.61509305929e-09,
        "dmean2": 2.72990297034e-09,
        "dvar": 1.97711738075e-18,
        "dvar2": 4.58471885543e-18,
        "max": -2.66987348896e-10,
        "mean": -8.04947131172e-09,
        "median": -8.08961431176e-09,
        "min": -1.18337730726e-08,
        "var": 2.96278972778e-18
    },
    "spectral_energy": {
        "dmean": 0.00635615829378,
        "dmean2": 0.0106971831992,
        "dvar": 3.08188646159e-05,
        "dvar2": 6.82998506818e-05,
        "max": 0.0509983189404,
        "mean": 0.0332319550216,
        "median": 0.0334025211632,
        "min": 0.00106990267523,
        "var": 4.87270335725e-05
    },
    "spectral_energyband_high": {
        "dmean": 8.46053517307e-05,
        "dmean2": 0.000138993898872,
        "dvar": 8.08675970632e-09,
        "dvar2": 1.65828435428e-08,
        "max": 0.000807144097053,
        "mean": 0.000299517152598,
        "median": 0.000282516179141,
        "min": 1.10776518341e-05,
        "var": 2.01257481791e-08
    },
    "spectral_energyband_low": {
        "dmean": 0.00438592163846,
        "dmean2": 0.00775870075449,
        "dvar": 1.88195972441e-05,
        "dvar2": 4.80120070279e-05,
        "max": 0.027078108862,
        "mean": 0.00800031982362,
        "median": 0.00633331201971,
        "min": 0.000542122928891,
        "var": 3.5128370655e-05
    },
    "spectral_energyband_middle_high": {
        "dmean": 0.00242267246358,
        "dmean2": 0.00363608822227,
        "dvar": 6.61579679218e-06,
        "dvar2": 1.30741600515e-05,
        "max": 0.0320275016129,
        "mean": 0.0122249694541,
        "median": 0.0118005797267,
        "min": 0.000259792432189,
        "var": 2.93220618914e-05
    },
    "spectral_energyband_middle_low": {
        "dmean": 0.00475015537813,
        "dmean2": 0.00806871801615,
        "dvar": 1.36274302349e-05,
        "dvar2": 3.9990653022e-05,
        "max": 0.0264055412263,
        "mean": 0.0135937826708,
        "median": 0.0127867469564,
        "min": 0.000303909444483,
        "var": 2.26986121561e-05
    },
    "spectral_entropy": {
        "dmean": 0.056809425354,
        "dmean2": 0.0940041989088,
        "dvar": 0.00319038284943,
        "dvar2": 0.00735509721562,
        "max": 8.00652694702,
        "mean": 7.53739547729,
        "median": 7.54312229156,
        "min": 7.32938671112,
        "var": 0.00504937628284
    },
    "spectral_flux": {
        "dmean": 0.0144289983436,
        "dmean2": 0.022716274485,
        "dvar": 0.00014892994659,
        "dvar2": 0.000360500795068,
        "max": 0.158518061042,
        "mean": 0.101751714945,
        "median": 0.0995334908366,
        "min": 0.0677562654018,
        "var": 0.000300233630696
    },
    "spectral_kurtosis": {
        "dmean": 2.79071879387,
        "dmean2": 4.92872953415,
        "dvar": 5.92930269241,
        "dvar2": 16.5404987335,
        "max": 21.51080513,
        "mean": 5.00772285461,
        "median": 4.35008811951,
        "min": 1.18898963928,
        "var": 9.40650749207
    },
    "spectral_rms": {
        "dmean": 0.000565205118619,
        "dmean2": 0.000940180791076,
        "dvar": 3.25807462787e-07,
        "dvar2": 6.14004022736e-07,
        "max": 0.00705368397757,
        "mean": 0.0056529068388,
        "median": 0.00570857478306,
        "min": 0.00102166901343,
        "var": 4.66049812076e-07
    },
    "spectral_rolloff": {
        "dmean": 302.326141357,
        "dmean2": 519.109191895,
        "dvar": 94428.984375,
        "dvar2": 243771.484375,
        "max": 3208.44726562,
        "mean": 2019.27319336,
        "median": 2153.3203125,
        "min": 473.73046875,
        "var": 306612.46875
    },
    "spectral_skewness": {
        "dmean": 0.269559592009,
        "dmean2": 0.46102976799,
        "dvar": 0.0566978268325,
        "dvar2": 0.132045388222,
        "max": 3.39496064186,
        "mean": 0.949486911297,
        "median": 0.893295347691,
        "min": 0.48522695899,
        "var": 0.125124871731
    },
    "spectral_spread": {
        "dmean": 149044.34375,
        "dmean2": 212227.96875,
        "dvar": 148618231808,
        "dvar2": 110321704960,
        "max": 7689091.5,
        "mean": 2272646,
        "median": 2230719.25,
        "min": 1833868.875,
        "var": 217983565824
    },
    "spectral_strongpeak": {
        "dmean": 0.684424340725,
        "dmean2": 1.18128156662,
        "dvar": 1.48682653904,
        "dvar2": 3.34891843796,
        "max": 8.32387733459,
        "mean": 1.04276108742,
        "median": 0.422061800957,
        "min": 0.0105105340481,
        "var": 2.1772081852
    },
    "zerocrossingrate": {
        "dmean": 0.00564453145489,
        "dmean2": 0.00745530100539,
        "dvar": 2.27434757107e-05,
        "dvar2": 3.30541806761e-05,
        "max": 0.0859375,
        "mean": 0.0593956969678,
        "median": 0.06103515625,
        "min": 0.013671875,
        "var": 0.000169319260749
    },
    "barkbands": {
        "dmean": [3.79185185011e-05, 0.0026588330511, 0.00225276849233, 0.00114102836233, 0.00396128743887, 0.00104728585575, 0.000825363676995, 0.000304265529849, 0.00114642572589, 0.000237918517087, 0.000389774824725, 0.000580840336625, 0.000122689743876, 0.00125186471269, 0.00065702421125, 0.000714685127605, 0.000834906182718, 0.000272217061138, 0.000407809973694, 0.000133665875182, 5.46462724742e-05, 1.1124275261e-05, 8.07573599104e-07, 5.07998493049e-07, 2.92589163564e-07, 7.8398812775e-08, 1.93453644215e-08],
        "dmean2": [6.55524636386e-05, 0.00471527688205, 0.00383399683051, 0.00188952125609, 0.0068899858743, 0.00184746854939, 0.00142640608829, 0.000509891484398, 0.0015862287255, 0.000414619862568, 0.000642766710371, 0.000959501543548, 0.00020515138749, 0.00188812718261, 0.000997320748866, 0.00123614771292, 0.00141841673758, 0.000436603120761, 0.000660935242195, 0.000229728553677, 8.67114576977e-05, 1.81961931958e-05, 1.34587412504e-06, 8.455938314e-07, 4.45852066377e-07, 1.3034632218e-07, 2.57349732635e-08],
        "dvar": [1.64363200827e-09, 7.48728416511e-06, 4.57898886452e-06, 9.98446466838e-07, 1.14407703222e-05, 1.21766481698e-06, 3.28407622874e-06, 1.11654422597e-07, 1.11456768082e-06, 4.75394301702e-08, 1.59452582693e-07, 3.91633193431e-07, 1.16799157013e-08, 1.99586725103e-06, 3.80480770446e-07, 4.80214396248e-07, 7.35957769393e-07, 9.09980570896e-08, 3.62714899893e-07, 1.40546170257e-08, 3.48306761211e-09, 2.26991120345e-10, 5.44651238173e-13, 2.06208937729e-13, 1.10737889128e-13, 1.78859307736e-14, 1.60725433478e-14],
        "dvar2": [2.95676128026e-09, 2.14288411371e-05, 1.07940886664e-05, 2.7932253488e-06, 3.73735456378e-05, 4.07239167544e-06, 8.48682520882e-06, 3.3595978266e-07, 1.66082008946e-06, 1.13654948564e-07, 4.27862431707e-07, 1.0500815506e-06, 3.18384039133e-08, 5.15802776135e-06, 9.09985544695e-07, 1.32960610699e-06, 2.06018216886e-06, 2.23140233402e-07, 6.01659053245e-07, 3.78330149431e-08, 7.61753504719e-09, 6.17145445858e-10, 1.29559839419e-12, 5.22275582157e-13, 2.28245997406e-13, 3.02323541635e-14, 1.7616669164e-14],
        "max": [0.000422940589488, 0.0191051065922, 0.0151030048728, 0.0103875081986, 0.0214537680149, 0.0062439343892, 0.0186784882098, 0.00221056281589, 0.0142493713647, 0.00159536325373, 0.00274403998628, 0.00643506553024, 0.000746014120523, 0.012280006893, 0.00683476356789, 0.00574731547385, 0.00671348161995, 0.00314254616387, 0.00717373425141, 0.000931153888814, 0.000519671768416, 0.000183561904123, 6.09150310993e-06, 4.42456575911e-06, 4.54573819297e-06, 1.67622147274e-06, 1.56129863171e-06],
        "mean": [5.57625680813e-05, 0.00417928490788, 0.00291732139885, 0.00172991375439, 0.00637172348797, 0.00149753212463, 0.000961525656749, 0.000426377926487, 0.00250514410436, 0.000439156749053, 0.000677818665281, 0.00113804498687, 0.000238066379097, 0.0027759547811, 0.00149365479592, 0.00155766832177, 0.001940010814, 0.000751165964175, 0.00104960077442, 0.000328519759933, 0.000165631528944, 2.68916519417e-05, 2.2331494165e-06, 1.41576140322e-06, 1.32051047785e-06, 2.34579985658e-07, 4.91963305649e-08],
        "median": [4.00592798542e-05, 0.00305555714294, 0.00175580894575, 0.00127369328402, 0.00528430333361, 0.00116948690265, 0.000591074582189, 0.000334458483849, 0.00166682980489, 0.000386780098779, 0.000525783922058, 0.00083069934044, 0.000198901587282, 0.00195236259606, 0.00133717781864, 0.00135321239941, 0.00167575653177, 0.000725875957869, 0.000849327421747, 0.000305251509417, 0.000153129934915, 2.29042434512e-05, 2.01776697395e-06, 1.31134208914e-06, 9.69225197878e-07, 2.19865910367e-07, 3.30507248236e-08],
        "min": [1.24926032186e-06, 0.000233564118389, 2.32047277677e-05, 8.97127538337e-05, 0.000104420367279, 7.78887260822e-06, 2.48447531703e-06, 3.24603638546e-06, 6.10486167716e-05, 3.42645143974e-05, 3.98254960601e-05, 3.2112988265e-05, 4.84954853164e-06, 1.61609023053e-05, 1.59277024068e-05, 4.40023541159e-05, 4.53113680123e-05, 1.33781213663e-05, 4.89510193802e-06, 1.66054032888e-05, 5.95373467149e-06, 6.88792681558e-07, 3.57055483846e-07, 2.27428444077e-07, 2.80364417904e-07, 6.28931928759e-08, 8.85600037748e-09],
        "var": [2.94011459623e-09, 1.1928234926e-05, 9.10354356165e-06, 2.45363162321e-06, 1.49748248077e-05, 1.52674306264e-06, 2.79135588244e-06, 1.52151926613e-07, 5.91755087953e-06, 8.81139996523e-08, 2.29476327718e-07, 1.1414713299e-06, 2.42026256814e-08, 5.57322300665e-06, 8.79518438524e-07, 8.57937095589e-07, 1.37543668188e-06, 1.85347204251e-07, 8.36167998841e-07, 2.85045338444e-08, 8.83826256626e-09, 3.61442736851e-10, 1.48118518319e-12, 4.33864830998e-13, 8.34894057101e-13, 2.43457123493e-14, 1.72265528936e-14]
    },
    "erbbands": {
        "dmean": [0.0433169826865, 0.741791129112, 2.54391741753, 2.78796195984, 7.56878995895, 19.4360027313, 8.45632362366, 9.09083366394, 5.39627790451, 15.7577295303, 6.47957897186, 35.1217536926, 8.322306633, 10.7347106934, 14.5101938248, 23.9694385529, 4.99078035355, 37.2618255615, 39.1038284302, 31.6686649323, 37.0878639221, 46.2473640442, 13.8784313202, 23.4013805389, 14.6484746933, 6.29846763611, 2.19076681137, 2.08679103851, 0.49055531621, 0.0772054046392, 0.0235917363316, 0.0144968284294, 0.00597053905949, 0.00595108466223, 0.000809138466138, 0.000571737764403, 8.27643671073e-05, 1.89487363969e-05, 5.15102146892e-06, 7.174151051e-06],
        "dmean2": [0.0767010971904, 1.31988072395, 4.44591903687, 4.67932319641, 13.4089803696, 34.2504577637, 14.1990089417, 15.9702129364, 9.33161735535, 26.4782886505, 10.5202817917, 49.5778274536, 12.4816551208, 18.1347427368, 24.195608139, 39.2240867615, 8.26528167725, 54.8354377747, 58.4650001526, 51.7750205994, 61.4605789185, 77.4897460938, 21.7442989349, 40.842792511, 22.1672534943, 10.7047271729, 3.62992620468, 3.23232698441, 0.805352151394, 0.124699316919, 0.0393632128835, 0.0239675343037, 0.00919856037945, 0.00914773531258, 0.00130063702818, 0.000987113453448, 0.00012080171291, 2.77279395959e-05, 7.6932610682e-06, 1.21485400086e-05],
        "dvar": [0.00149215210695, 0.576297044754, 5.61442470551, 6.80494785309, 53.7429351807, 253.972763062, 72.3421173096, 74.6339569092, 218.339157104, 531.563964844, 30.3783245087, 1098.41088867, 61.0033912659, 155.15826416, 159.675247192, 691.952148438, 16.4755535126, 1659.89599609, 1643.5871582, 1090.00109863, 1294.88574219, 2105.1484375, 172.345733643, 1297.05078125, 334.854400635, 28.0138645172, 5.23600578308, 4.82134246826, 0.558399438858, 0.00601727794856, 0.00040722405538, 0.000139258205309, 3.76200478058e-05, 4.58115609945e-05, 7.80063373895e-07, 6.34935133803e-07, 4.57330884274e-08, 5.85994497371e-09, 2.9493138487e-10, 3.81137482686e-11],
        "dvar2": [0.00413257163018, 1.62769067287, 13.7499017715, 17.2606086731, 174.401260376, 728.065551758, 234.004241943, 254.313674927, 590.571533203, 1210.95800781, 81.7041625977, 1658.05615234, 130.595169067, 411.274414062, 440.406158447, 1856.26135254, 41.0758018494, 4223.23046875, 3930.04833984, 2813.00244141, 3756.81079102, 5804.77539062, 346.67364502, 3201.12719727, 671.560974121, 75.658164978, 12.1541204453, 11.1457080841, 1.52627038956, 0.0148373451084, 0.00111371953972, 0.000418436218752, 7.64806682128e-05, 9.91291162791e-05, 1.44956675285e-06, 1.56753117153e-06, 4.87067950417e-08, 6.48456666141e-09, 3.25958177116e-10, 8.30205348912e-11],
        "max": [0.262357473373, 5.36090946198, 15.9274053574, 20.4289894104, 41.9491195679, 119.097694397, 59.3146438599, 48.9298782349, 149.063781738, 238.297302246, 41.9885368347, 439.798065186, 86.5618667603, 102.407371521, 88.9733428955, 276.797821045, 38.2056007385, 395.962768555, 343.444732666, 298.053222656, 303.216491699, 346.047576904, 130.433319092, 389.815093994, 255.342483521, 40.8660774231, 22.6017780304, 19.4451637268, 8.7698431015, 0.858148753643, 0.204154148698, 0.0964133217931, 0.0669644251466, 0.0872949361801, 0.0112694334239, 0.00732181966305, 0.00296700885519, 0.00097286287928, 0.000233950675465, 6.72369569656e-05],
        "mean": [0.0626955330372, 1.13087964058, 3.54322385788, 4.69200468063, 10.9753084183, 29.8516216278, 14.3464794159, 12.1385011673, 7.68721485138, 19.0901737213, 12.7495822906, 71.5074539185, 20.3202552795, 21.4022750854, 30.588262558, 47.7948570251, 14.1994867325, 89.7734375, 106.717163086, 76.952041626, 95.1886444092, 106.935112, 46.8745613098, 60.1378631592, 36.0242118835, 16.0635986328, 6.83124780655, 5.53557777405, 1.25731563568, 0.21725256741, 0.0676382407546, 0.0410765893757, 0.017898440361, 0.0262417010963, 0.00333758466877, 0.00168600049801, 0.000280750362435, 4.27323284384e-05, 2.503887481e-05, 4.11027285736e-05],
        "median": [0.0516699589789, 0.807269692421, 2.44805955887, 3.88755321503, 9.09492111206, 24.3693447113, 11.9465808868, 8.71130275726, 5.46100950241, 11.1346282959, 10.7772436142, 46.5465545654, 16.1806602478, 18.0299091339, 25.7487792969, 31.5791511536, 12.7429771423, 62.8632469177, 92.4708786011, 68.6752166748, 88.4200057983, 86.7580413818, 45.2669639587, 49.4539070129, 27.793006897, 14.7690153122, 6.20637273788, 4.49380922318, 1.13818967342, 0.193837508559, 0.0631136521697, 0.0392494089901, 0.0158312693238, 0.0179620608687, 0.00318861287087, 0.00158959289547, 0.000245958159212, 2.94838882837e-05, 2.29338893405e-05, 4.12022745877e-05],
        "min": [0.00438254186884, 0.0555300191045, 0.128473192453, 0.336182355881, 0.361877560616, 0.349989742041, 0.179371461272, 0.0441863872111, 0.0494954809546, 0.0302149392664, 0.179371908307, 1.3472495079, 1.17653942108, 1.74885559082, 1.40139818192, 1.14117312431, 0.296197146177, 0.808895409107, 0.466593325138, 1.5292545557, 2.66723275185, 2.66642069817, 0.855994820595, 0.576706826687, 0.394004791975, 0.73691701889, 0.272432625294, 0.175661697984, 0.0401475802064, 0.0166500434279, 0.0110392840579, 0.00623657507822, 0.00361044122837, 0.00492321653292, 0.0007223378052, 0.000448490987765, 6.70112349326e-05, 6.8412946348e-06, 1.0059541637e-05, 6.64607796352e-06],
        "var": [0.00224684039131, 0.954689562321, 11.5488653183, 12.8897867203, 55.7934684753, 417.491241455, 104.968261719, 99.1079940796, 156.923965454, 703.922546387, 51.2024421692, 5556.83007812, 222.309738159, 195.898269653, 308.704528809, 2199.29467773, 53.1619949341, 5489.11816406, 4229.02099609, 2009.73510742, 2375.94067383, 4384.90087891, 578.377624512, 2089.49633789, 786.72467041, 62.6976661682, 13.1067686081, 11.9974946976, 0.764829397202, 0.0164252240211, 0.00117906043306, 0.000342150597135, 0.000100364231912, 0.000376790732844, 2.52214522334e-06, 8.22794788746e-07, 6.12425168356e-08, 6.77005118632e-09, 3.39619637968e-10, 6.85359408115e-11]
    },
    "gfcc": {
        "mean": [6.34289216995, 152.725784302, -174.363525391, 46.6428337097, -25.9663982391, -12.0588150024, -25.2313480377, -0.500988006592, -21.3315830231, -6.45250558853, -16.7655124664, -13.1831865311, 3.97713899612],
        "cov": [[353.592559814, -50.1568412781, -153.923538208, -9.83894252777, -52.3089904785, -33.7545928955, -33.5647621155, -16.2334728241, 6.70881271362, 21.215927124, -0.956518530846, -8.24674987793, -7.46430158615], [-50.1568412781, 200.751373291, 93.5626602173, 32.0112190247, 18.2524795532, -13.8969755173, 20.3935852051, 0.831145405769, 33.8222389221, 5.41875314713, 29.255657196, -15.1384925842, 4.84002399445], [-153.923538208, 93.5626602173, 156.937850952, 39.9475708008, 38.7226982117, 24.4435577393, 24.4696846008, 15.6044969559, 11.6565303802, -9.63845348358, 1.50187659264, -2.93702721596, 5.95729255676], [-9.83894252777, 32.0112190247, 39.9475708008, 54.2479057312, 24.1028327942, 5.17974042892, -2.58602905273, -4.93034076691, -0.027420450002, -2.88373494148, 3.21228790283, -3.03625822067, 3.9589509964], [-52.3089904785, 18.2524795532, 38.7226982117, 24.1028327942, 52.168888092, 22.1990566254, 9.07288742065, -3.32697343826, -1.8300101757, 2.63228654861, 2.35135984421, -2.21241140366, -5.67554426193], [-33.7545928955, -13.8969755173, 24.4435577393, 5.17974042892, 22.1990566254, 41.4112892151, 18.514377594, 7.03766679764, -1.09224879742, -2.6841609478, -8.12767696381, -4.53430604935, -3.72060823441], [-33.5647621155, 20.3935852051, 24.4696846008, -2.58602905273, 9.07288742065, 18.514377594, 44.7622642517, 27.1498851776, 15.8798694611, -1.51508569717, -1.7634499073, 1.72293293476, -7.95672178268], [-16.2334728241, 0.831145405769, 15.6044969559, -4.93034076691, -3.32697343826, 7.03766679764, 27.1498851776, 49.8479728699, 25.5072746277, 2.3470313549, -9.03077888489, -7.60032081604, -0.903957903385], [6.70881271362, 33.8222389221, 11.6565303802, -0.027420450002, -1.8300101757, -1.09224879742, 15.8798694611, 25.5072746277, 41.3740119934, 18.5057830811, 4.8460392952, -9.79914855957, -8.41931533813], [21.215927124, 5.41875314713, -9.63845348358, -2.88373494148, 2.63228654861, -2.6841609478, -1.51508569717, 2.3470313549, 18.5057830811, 31.0319824219, 17.5905723572, -1.33065104485, -7.1580452919], [-0.956518530846, 29.255657196, 1.50187659264, 3.21228790283, 2.35135984421, -8.12767696381, -1.7634499073, -9.03077888489, 4.8460392952, 17.5905723572, 38.9035072327, 15.5015478134, -2.79391407967], [-8.24674987793, -15.1384925842, -2.93702721596, -3.03625822067, -2.21241140366, -4.53430604935, 1.72293293476, -7.60032081604, -9.79914855957, -1.33065104485, 15.5015478134, 37.6525306702, 9.29075431824], [-7.46430158615, 4.84002399445, 5.95729255676, 3.9589509964, -5.67554426193, -3.72060823441, -7.95672178268, -0.903957903385, -8.41931533813, -7.1580452919, -2.79391407967, 9.29075431824, 26.4009780884]],
        "icov": [[0.00718938931823, -0.00416558329016, 0.00902050361037, -0.0066282292828, 0.00625472515821, -0.0039991135709, 0.00426680454984, -0.00232084933668, 0.00164364639204, -0.00638957461342, 0.00676749274135, -0.00448443926871, 0.00482834875584], [-0.00416558329016, 0.0259552467614, -0.0153606152162, 0.00465555582196, -0.00949850492179, 0.021786602214, -0.0247858185321, 0.0238649304956, -0.0253414120525, 0.021164810285, -0.02965150401, 0.0291290227324, -0.024524256587], [0.00902050361037, -0.0153606152162, 0.0264947116375, -0.0130445854738, 0.00496836844832, -0.0158526413143, 0.0124393906444, -0.0131753934547, 0.00690981512889, -0.00758861890063, 0.0151823954657, -0.0153771275654, 0.010640013963], [-0.0066282292828, 0.00465555582196, -0.0130445854738, 0.0350310243666, -0.0186311844736, 0.00669930782169, 0.000393835944124, 0.00546834385023, -0.00829169061035, 0.014336027205, -0.0120965624228, 0.00907399877906, -0.0110229663551], [0.00625472515821, -0.00949850492179, 0.00496836844832, -0.0186311844736, 0.0442981570959, -0.0220595095307, 0.00571011938155, -0.00437791086733, 0.0163385663182, -0.0222188066691, 0.0145885618404, -0.0117513490841, 0.0180332027376], [-0.0039991135709, 0.021786602214, -0.0158526413143, 0.00669930782169, -0.0220595095307, 0.0610512122512, -0.0393906496465, 0.021266143769, -0.00994215346873, 0.00872717425227, -0.0149380546063, 0.0287180393934, -0.0223254989833], [0.00426680454984, -0.0247858185321, 0.0124393906444, 0.000393835944124, 0.00571011938155, -0.0393906496465, 0.0790730044246, -0.0457836911082, 0.00979713723063, -0.00192903215066, 0.0218136534095, -0.0417729765177, 0.0404340960085], [-0.00232084933668, 0.0238649304956, -0.0131753934547, 0.00546834385023, -0.00437791086733, 0.021266143769, -0.0457836911082, 0.0690238028765, -0.0463278442621, 0.0192510969937, -0.0170552488416, 0.0309954341501, -0.0345243811607], [0.00164364639204, -0.0253414120525, 0.00690981512889, -0.00829169061035, 0.0163385663182, -0.00994215346873, 0.00979713723063, -0.0463278442621, 0.0933917686343, -0.0607735328376, 0.0316800698638, -0.0186515580863, 0.0314939804375], [-0.00638957461342, 0.021164810285, -0.00758861890063, 0.014336027205, -0.0222188066691, 0.00872717425227, -0.00192903215066, 0.0192510969937, -0.0607735328376, 0.0999999120831, -0.0595460161567, 0.0280786380172, -0.0180434882641], [0.00676749274135, -0.02965150401, 0.0151823954657, -0.0120965624228, 0.0145885618404, -0.0149380546063, 0.0218136534095, -0.0170552488416, 0.0316800698638, -0.0595460161567, 0.088989071548, -0.0548537448049, 0.035437759012], [-0.00448443926871, 0.0291290227324, -0.0153771275654, 0.00907399877906, -0.0117513490841, 0.0287180393934, -0.0417729765177, 0.0309954341501, -0.0186515580863, 0.0280786380172, -0.0548537448049, 0.0778375416994, -0.0460381172597], [0.00482834875584, -0.024524256587, 0.010640013963, -0.0110229663551, 0.0180332027376, -0.0223254989833, 0.0404340960085, -0.0345243811607, 0.0314939804375, -0.0180434882641, 0.035437759012, -0.0460381172597, 0.079827748239]]
    },
    "melbands": {
        "dmean": [0.000540406210348, 0.00115621718578, 0.000525238574483, 0.001025630394, 0.000357954093488, 0.000196396955289, 0.000109327374958, 0.000146188438521, 6.37437551632e-05, 0.000220137982978, 3.39574799e-05, 4.36294212705e-05, 5.37983942195e-05, 8.09651392046e-05, 2.00722151931e-05, 1.68259011843e-05, 9.19209924177e-05, 8.81743399077e-05, 6.44868487143e-05, 4.2844501877e-05, 4.92683830089e-05, 5.02278926433e-05, 2.83398039755e-05, 1.49005636558e-05, 2.19534085772e-05, 1.60981744557e-05, 7.39784854886e-06, 3.88522266803e-06, 1.2344486322e-06, 1.96183827939e-06, 9.38561186103e-07, 3.45169894445e-07, 1.30195616066e-07, 2.08020303205e-08, 1.67242539817e-08, 1.01234665095e-08, 9.17821996183e-09, 4.47068071452e-09, 4.77166173241e-09, 5.00068209064e-09],
        "dmean2": [0.000965296931099, 0.00206420640461, 0.000888699840289, 0.00181308493484, 0.000613252224866, 0.000346696615452, 0.000191040919162, 0.000241890826146, 0.000106257415609, 0.000301454769215, 5.51972625544e-05, 7.36236252123e-05, 8.86548587005e-05, 0.000134778791107, 3.3605916542e-05, 2.85025744233e-05, 0.000135535810841, 0.000133690147777, 9.62841440924e-05, 7.45514626033e-05, 8.05593299447e-05, 8.51368167787e-05, 4.65430639451e-05, 2.54636252066e-05, 3.85822240787e-05, 2.45415922109e-05, 1.22027458929e-05, 6.81488245391e-06, 2.14549822886e-06, 3.29059889737e-06, 1.40327085774e-06, 5.81690528634e-07, 2.20758707314e-07, 3.41063390863e-08, 2.81311471895e-08, 1.65758393678e-08, 1.53823087601e-08, 7.02401470321e-09, 7.00111790763e-09, 7.84696574385e-09],
        "dvar": [2.89841011636e-07, 1.33468529384e-06, 1.95434708417e-07, 8.21934293072e-07, 9.53590486574e-08, 3.52341125165e-08, 8.83667539142e-08, 4.24193729032e-08, 2.63411314982e-09, 4.40462706308e-08, 1.20838106188e-09, 2.43921149945e-09, 2.67299049561e-09, 7.60491936092e-09, 4.09968392567e-10, 2.70118760692e-10, 1.05302069286e-08, 8.82556694393e-09, 3.98281407854e-09, 2.19338280871e-09, 2.52034348946e-09, 2.70930300417e-09, 5.6097143597e-10, 2.63903954245e-10, 1.24802601587e-09, 6.79648115565e-10, 4.41948769248e-11, 1.08629667761e-11, 1.53956448284e-12, 4.70827283411e-12, 8.34437499566e-13, 3.56875173944e-13, 1.28258499673e-14, 5.0734933612e-16, 2.13813707844e-16, 6.43451622406e-17, 7.35814741953e-17, 2.12234610128e-17, 2.92887780421e-17, 3.19888411452e-17],
        "dvar2": [7.95524556452e-07, 3.35923095918e-06, 5.40809821814e-07, 2.6645059279e-06, 2.6510195994e-07, 1.20672453363e-07, 2.36758666006e-07, 9.67609921076e-08, 7.12903691635e-09, 6.16014830257e-08, 2.94016500035e-09, 6.56562537671e-09, 7.15974968202e-09, 2.04150669703e-08, 1.08634501395e-09, 6.71921518425e-10, 2.66151811701e-08, 2.26939462777e-08, 9.79355263553e-09, 5.99648952715e-09, 7.323213147e-09, 7.30245330871e-09, 1.47147083407e-09, 6.5251171133e-10, 3.30764726719e-09, 1.30333843718e-09, 1.16928106086e-10, 2.92276931824e-11, 3.88166712315e-12, 1.07789367709e-11, 2.05852067163e-12, 1.00680813513e-12, 3.77210232722e-14, 1.20318404355e-15, 6.01993197756e-16, 1.87551173382e-16, 2.04374610908e-16, 4.5750469634e-17, 5.81356894358e-17, 6.96329242326e-17],
        "max": [0.00347569072619, 0.0069732205011, 0.00359362713061, 0.00541388290003, 0.00201027514413, 0.00108694040682, 0.00299995811656, 0.00212515564635, 0.000368986628018, 0.00284618209116, 0.000275839382084, 0.000396589777665, 0.000348192086676, 0.000900208251551, 0.00019387336215, 0.00013416382717, 0.000918668869417, 0.000773216888774, 0.000678484444506, 0.000445499870693, 0.000326331151882, 0.000397330935812, 0.000176573244971, 0.000157063332153, 0.000369314628188, 0.000363699975424, 4.87375764351e-05, 2.21560949285e-05, 1.1365543287e-05, 1.66562167578e-05, 8.35013997857e-06, 6.70925692248e-06, 1.01076227565e-06, 1.85886975146e-07, 1.2611539546e-07, 7.81996902788e-08, 6.71118414175e-08, 5.38835465136e-08, 6.53255227689e-08, 6.82520848727e-08],
        "mean": [0.000872238480952, 0.0018117048312, 0.000932966533583, 0.00155289273243, 0.00067600980401, 0.000262753426796, 0.0001433094003, 0.000185275974218, 0.000109243715997, 0.00045771402074, 7.73457359173e-05, 8.11849968159e-05, 9.47091539274e-05, 0.000154047927936, 4.63037031295e-05, 3.17548074236e-05, 0.00021058486891, 0.000205890275538, 0.000139528798172, 8.36472463561e-05, 0.000119000251289, 0.000114251866762, 6.47563210805e-05, 3.55035117536e-05, 5.16807776876e-05, 3.44726831827e-05, 1.70281546161e-05, 8.61817989062e-06, 3.22373239214e-06, 5.29668886884e-06, 2.28126259572e-06, 7.39534300465e-07, 2.82554253772e-07, 5.35178230621e-08, 3.91787331466e-08, 2.89608568238e-08, 2.27057483926e-08, 1.1253227683e-08, 1.68962195346e-08, 2.14146194111e-08],
        "median": [0.000620394246653, 0.00124164379667, 0.000820337270852, 0.0013946647523, 0.000571587414015, 0.000203161078389, 9.54102215474e-05, 0.000114723465231, 9.55435461947e-05, 0.000295008678222, 6.60229270579e-05, 7.01817916706e-05, 7.53433632781e-05, 0.000104861377622, 3.43029969372e-05, 2.68227940978e-05, 0.000142866192618, 0.000167626261828, 0.000115585426101, 7.08466759534e-05, 0.000111022869532, 9.43247505347e-05, 5.41161134606e-05, 3.1526946259e-05, 4.12813242292e-05, 2.67737304966e-05, 1.55528541654e-05, 7.51683000999e-06, 2.93913331006e-06, 4.92841445521e-06, 1.96676387532e-06, 6.22241032033e-07, 2.52303038906e-07, 4.64080507356e-08, 3.64433532241e-08, 2.68210413878e-08, 2.09221617808e-08, 9.4514369664e-09, 1.36543736318e-08, 1.43323797275e-08],
        "min": [6.30485155853e-05, 7.08441948518e-05, 6.25480897725e-05, 2.6047711799e-05, 8.14826762507e-06, 1.07587368348e-06, 6.62394768369e-07, 3.47802341594e-07, 1.90274204215e-06, 9.42688166106e-06, 5.63574894841e-06, 6.17803152636e-06, 4.98294230056e-06, 4.00250519306e-06, 1.50503558416e-06, 5.67883944314e-07, 1.60755405432e-06, 6.42729958145e-07, 1.41146551869e-06, 2.56259863818e-06, 3.20183471558e-06, 3.02849093714e-06, 9.52003517796e-07, 8.52388609474e-07, 4.32763329172e-07, 8.76240804359e-08, 7.32021305794e-07, 3.75390726504e-07, 1.42850936413e-07, 1.62566877293e-07, 7.28087314883e-08, 1.92438953661e-08, 1.17942473565e-08, 8.60282867166e-09, 5.80091263913e-09, 4.20547197066e-09, 3.69920472032e-09, 2.36822050859e-09, 2.9587741146e-09, 4.01240951575e-09],
        "var": [4.58197547459e-07, 2.61095374299e-06, 3.9738725377e-07, 9.91611614154e-07, 1.77719684302e-07, 4.66846650227e-08, 6.48700364536e-08, 6.01939476041e-08, 4.44724435056e-09, 2.3750942546e-07, 2.9493492093e-09, 3.07481329287e-09, 4.12887102286e-09, 2.13687449957e-08, 1.22303567274e-09, 4.93764140685e-10, 3.33998961821e-08, 2.19696936199e-08, 8.78204264865e-09, 3.78515263577e-09, 4.00182154081e-09, 5.16145037821e-09, 1.47968937103e-09, 4.77293760071e-10, 1.74768521877e-09, 1.27331445388e-09, 9.80959272145e-11, 1.93779992053e-11, 3.26443884945e-12, 9.79455839351e-12, 2.21360104725e-12, 3.97549777386e-13, 2.89834481285e-14, 1.18623491428e-15, 5.09227790499e-16, 1.94572216246e-16, 1.28466125448e-16, 5.03121854237e-17, 1.36787760934e-16, 2.64214987237e-16]
    },
    "mfcc": {
        "mean": [-616.954650879, 168.401519775, -67.4680023193, 54.5782470703, 8.15791416168, 3.24856114388, 4.82847642899, -4.43310260773, 9.99687957764, -3.21625757217, -2.22496938705, -8.39333534241, -8.42002105713],
        "cov": [[480.637298584, -99.5890655518, -143.088119507, -23.8574714661, -52.9883728027, -30.0175037384, -56.3860549927, -55.0429229736, -30.3136520386, -14.6499643326, 29.4686355591, -21.5397224426, -16.5849246979], [-99.5890655518, 171.856918335, 75.3380355835, 39.8011932373, 11.8456125259, 2.7575237751, 6.78739690781, 5.90519571304, 8.63563919067, 21.0769424438, 10.9787778854, 20.4243984222, 21.1298885345], [-143.088119507, 75.3380355835, 116.250549316, 29.5251197815, 28.0852928162, 9.51068973541, 18.7091426849, 19.0900325775, 23.3320236206, 8.86694049835, -4.69077157974, 12.1982536316, 9.19848060608], [-23.8574714661, 39.8011932373, 29.5251197815, 54.149646759, 22.4321727753, 6.55732488632, 3.33167910576, 2.27489709854, -1.28904950619, -0.290875524282, 1.2669557333, 5.86682844162, 3.4634168148], [-52.9883728027, 11.8456125259, 28.0852928162, 22.4321727753, 49.9668502808, 19.7485084534, 13.0582866669, -6.50341939926, 3.98492217064, 0.152541637421, 0.292151808739, -1.15285813808, -4.12019586563], [-30.0175037384, 2.7575237751, 9.51068973541, 6.55732488632, 19.7485084534, 45.8043670654, 15.4412822723, 5.34391212463, -9.87241744995, 1.45982849598, -0.806848526001, 0.41110393405, -3.05212283134], [-56.3860549927, 6.78739690781, 18.7091426849, 3.33167910576, 13.0582866669, 15.4412822723, 34.4965896606, 17.534362793, 7.44786548615, 1.86801207066, -4.42232751846, -0.297429800034, 2.45961022377], [-55.0429229736, 5.90519571304, 19.0900325775, 2.27489709854, -6.50341939926, 5.34391212463, 17.534362793, 47.4328269958, 17.3671588898, 10.2782716751, -6.37041568756, 6.76930189133, 3.97022390366], [-30.3136520386, 8.63563919067, 23.3320236206, -1.28904950619, 3.98492217064, -9.87241744995, 7.44786548615, 17.3671588898, 52.625831604, 17.4538955688, 4.15378236771, -1.20307576656, -5.49950456619], [-14.6499643326, 21.0769424438, 8.86694049835, -0.290875524282, 0.152541637421, 1.45982849598, 1.86801207066, 10.2782716751, 17.4538955688, 49.2600631714, 18.5523548126, 7.56810617447, 0.417822599411], [29.4686355591, 10.9787778854, -4.69077157974, 1.2669557333, 0.292151808739, -0.806848526001, -4.42232751846, -6.37041568756, 4.15378236771, 18.5523548126, 33.8920860291, 10.2248802185, 2.34935307503], [-21.5397224426, 20.4243984222, 12.1982536316, 5.86682844162, -1.15285813808, 0.41110393405, -0.297429800034, 6.76930189133, -1.20307576656, 7.56810617447, 10.2248802185, 31.4930992126, 17.3552646637], [-16.5849246979, 21.1298885345, 9.19848060608, 3.4634168148, -4.12019586563, -3.05212283134, 2.45961022377, 3.97022390366, -5.49950456619, 0.417822599411, 2.34935307503, 17.3552646637, 37.6303672791]],
