{
"lowlevel": {
    "average_loudness": 0.981045842171,
    "barkbands_crest": {
        "dmean": 4.41749954224,
        "dmean2": 7.30483007431,
        "dvar": 12.2737207413,
        "dvar2": 29.3041782379,
        "max": 25.3375663757,
        "mean": 16.6704406738,
        "median": 16.9459228516,
        "min": 3.30330967903,
        "var": 22.88904953
    },
    "barkbands_flatness_db": {
        "dmean": 0.0406658351421,
        "dmean2": 0.0654938519001,
        "dvar": 0.0010129166767,
        "dvar2": 0.00241451524198,
        "max": 0.348792016506,
        "mean": 0.231233209372,
        "median": 0.227792903781,
        "min": 0.0863245502114,
        "var": 0.00280593894422
    },
    "barkbands_kurtosis": {
        "dmean": 10.6903448105,
        "dmean2": 17.8420181274,
        "dvar": 152.411682129,
        "dvar2": 368.37991333,
        "max": 87.7090530396,
        "mean": 13.2505950928,
        "median": 6.89084386826,
        "min": -1.7339413166,
        "var": 269.107818604
    },
    "barkbands_skewness": {
        "dmean": 1.33538150787,
        "dmean2": 2.17132902145,
        "dvar": 1.24796688557,
        "dvar2": 3.11587619781,
        "max": 8.62600708008,
        "mean": 3.17336153984,
        "median": 2.85326957703,
        "min": -0.636902093887,
        "var": 3.20909953117
    },
    "barkbands_spread": {
        "dmean": 9.12454509735,
        "dmean2": 14.9676008224,
        "dvar": 63.2338027954,
        "dvar2": 164.275619507,
        "max": 53.1910820007,
        "mean": 19.3639163971,
        "median": 16.9940433502,
        "min": 1.79960346222,
        "var": 154.546554565
    },
    "dissonance": {
        "dmean": 0.00669980887324,
        "dmean2": 0.0113424435258,
        "dvar": 3.52358511009e-05,
        "dvar2": 8.80381267052e-05,
        "max": 0.499173045158,
        "mean": 0.489580363035,
        "median": 0.491020977497,
        "min": 0.455003261566,
        "var": 5.40776272828e-05
    },
    "dynamic_complexity": 0.715842366219,
    "erbbands_crest": {
        "dmean": 1.67842710018,
        "dmean2": 2.88258218765,
        "dvar": 1.95908033848,
        "dvar2": 5.5651679039,
        "max": 14.2682390213,
        "mean": 6.45074701309,
        "median": 6.12271595001,
        "min": 3.66337132454,
        "var": 3.16396260262
    },
    "erbbands_flatness_db": {
        "dmean": 0.0111146494746,
        "dmean2": 0.0189143735915,
        "dvar": 7.84966396168e-05,
        "dvar2": 0.000203752046218,
        "max": 0.242331475019,
        "mean": 0.197310492396,
        "median": 0.196085065603,
        "min": 0.139493957162,
        "var": 0.000177712150617
    },
    "erbbands_kurtosis": {
        "dmean": 1.21504855156,
        "dmean2": 2.01495575905,
        "dvar": 1.03191053867,
        "dvar2": 2.83200240135,
        "max": 6.9759311676,
        "mean": 0.414640843868,
        "median": 0.238354921341,
        "min": -1.79048931599,
        "var": 2.41976213455
    },
    "erbbands_skewness": {
        "dmean": 0.436546415091,
        "dmean2": 0.706897735596,
        "dvar": 0.137542828918,
        "dvar2": 0.343884676695,
        "max": 1.27760958672,
        "mean": -0.950709998608,
        "median": -1.0600310564,
        "min": -2.25401711464,
        "var": 0.368719041348
    },
    "erbbands_spread": {
        "dmean": 14.7415628433,
        "dmean2": 24.7265987396,
        "dvar": 140.043777466,
        "dvar2": 361.892913818,
        "max": 94.5112915039,
        "mean": 50.2055282593,
        "median": 46.2836685181,
        "min": 15.5602025986,
        "var": 345.266204834
    },
    "hfc": {
        "dmean": 6.18981361389,
        "dmean2": 10.0423431396,
        "dvar": 27.442199707,
        "dvar2": 67.0066375732,
        "max": 67.8709487915,
        "mean": 25.2547473907,
        "median": 22.0844497681,
        "min": 6.40964651108,
        "var": 119.64238739
    },
    "melbands_crest": {
        "dmean": 3.88007688522,
        "dmean2": 6.2717590332,
        "dvar": 8.17113304138,
        "dvar2": 21.3932533264,
        "max": 30.0777950287,
        "mean": 21.1256923676,
        "median": 21.2763442993,
        "min": 7.20697069168,
        "var": 17.0218982697
    },
    "melbands_flatness_db": {
        "dmean": 0.0482045374811,
        "dmean2": 0.0770201459527,
        "dvar": 0.00140850315802,
        "dvar2": 0.00328699313104,
        "max": 0.452521830797,
        "mean": 0.307058215141,
        "median": 0.30463540554,
        "min": 0.135289683938,
        "var": 0.0042111556977
    },
    "melbands_kurtosis": {
        "dmean": 34.0047721863,
        "dmean2": 57.4834480286,
        "dvar": 1247.11108398,
        "dvar2": 3118.09692383,
        "max": 214.11932373,
        "mean": 51.5762405396,
        "median": 34.749168396,
        "min": -1.30453121662,
        "var": 2180.76025391
    },
    "melbands_skewness": {
        "dmean": 2.08243560791,
        "dmean2": 3.45936775208,
        "dvar": 2.80861997604,
        "dvar2": 7.06780195236,
        "max": 12.3726186752,
        "mean": 6.02433347702,
        "median": 5.68307209015,
        "min": 0.586774230003,
        "var": 6.71579122543
    },
    "melbands_spread": {
        "dmean": 8.49230861664,
        "dmean2": 13.9461460114,
        "dvar": 85.2822952271,
        "dvar2": 202.400497437,
        "max": 85.2481155396,
        "mean": 13.611823082,
        "median": 9.77090263367,
        "min": 1.2896784544,
        "var": 160.678161621
    },
    "pitch_salience": {
        "dmean": 0.125968471169,
        "dmean2": 0.206346899271,
        "dvar": 0.00938287563622,
        "dvar2": 0.0268053077161,
        "max": 0.704681932926,
        "mean": 0.345588982105,
        "median": 0.320362448692,
        "min": 0.135112136602,
        "var": 0.0176019798964
    },
    "silence_rate_20dB": {
        "dmean": 0,
        "dmean2": 0,
        "dvar": 0,
        "dvar2": 0,
        "max": 1,
        "mean": 1,
        "median": 1,
        "min": 1,
        "var": 0
    },
    "silence_rate_30dB": {
        "dmean": 0.222222223878,
        "dmean2": 0.442934781313,
        "dvar": 0.172838926315,
        "dvar2": 0.377177894115,
        "max": 1,
        "mean": 0.78918915987,
        "median": 1,
        "min": 0,
        "var": 0.166369512677
    },
    "silence_rate_60dB": {
        "dmean": 0,
        "dmean2": 0,
        "dvar": 0,
        "dvar2": 0,
        "max": 0,
        "mean": 0,
        "median": 0,
        "min": 0,
        "var": 0
    },
    "spectral_centroid": {
        "dmean": 377.073120117,
        "dmean2": 603.386657715,
        "dvar": 97412.9453125,
        "dvar2": 211764.78125,
        "max": 2821.73193359,
        "mean": 1767.01135254,
        "median": 1890.62548828,
        "min": 373.404602051,
        "var": 334452.8125
    },
    "spectral_complexity": {
        "dmean": 5.70731687546,
        "dmean2": 8.72554302216,
        "dvar": 23.8438568115,
        "dvar2": 47.9382629395,
        "max": 52,
        "mean": 32.1054039001,
        "median": 33,
        "min": 7,
        "var": 107.315986633
    },
    "spectral_decrease": {
        "dmean": 9.22676246518e-09,
        "dmean2": 1.54834260968e-08,
        "dvar": 4.52148404088e-17,
        "dvar2": 1.24379204712e-16,
        "max": -2.67515676278e-09,
        "mean": -2.07076524816e-08,
        "median": -2.04624228672e-08,
        "min": -4.01750419599e-08,
        "var": 7.57897287935e-17
    },
    "spectral_energy": {
        "dmean": 0.0349560938776,
        "dmean2": 0.058703225106,
        "dvar": 0.00064876198303,
        "dvar2": 0.00178812223021,
        "max": 0.154597446322,
        "mean": 0.0804460868239,
        "median": 0.0795053690672,
        "min": 0.0110081490129,
        "var": 0.00107515032869
    },
    "spectral_energyband_high": {
        "dmean": 0.000202616109164,
        "dmean2": 0.000326902576489,
        "dvar": 5.00196790654e-08,
        "dvar2": 1.2401115157e-07,
        "max": 0.00228877435438,
        "mean": 0.000547267321963,
        "median": 0.000444338598754,
        "min": 2.32297807088e-05,
        "var": 1.51215374444e-07
    },
    "spectral_energyband_low": {
        "dmean": 0.0359415262938,
        "dmean2": 0.0600512288511,
        "dvar": 0.000669709930662,
        "dvar2": 0.00184384279419,
        "max": 0.141433507204,
        "mean": 0.0668682157993,
        "median": 0.0659145563841,
        "min": 0.00353184435517,
        "var": 0.00119925278705
    },
    "spectral_energyband_middle_high": {
        "dmean": 0.0024515313562,
        "dmean2": 0.00381686561741,
        "dvar": 5.11864072905e-06,
        "dvar2": 1.22700876091e-05,
        "max": 0.0236005242914,
        "mean": 0.00694612273946,
        "median": 0.00573988910764,
        "min": 0.000549069256522,
        "var": 2.06291733775e-05
    },
    "spectral_energyband_middle_low": {
        "dmean": 0.00355226243846,
        "dmean2": 0.00612291414291,
        "dvar": 1.11248791654e-05,
        "dvar2": 3.2196079701e-05,
        "max": 0.0322143882513,
        "mean": 0.00681753875688,
        "median": 0.00603180192411,
        "min": 0.000692508125212,
        "var": 1.70123657881e-05
    },
    "spectral_entropy": {
        "dmean": 0.0991630554199,
        "dmean2": 0.148538067937,
        "dvar": 0.00786245428026,
        "dvar2": 0.017141090706,
        "max": 7.83468961716,
        "mean": 7.54580354691,
        "median": 7.58604955673,
        "min": 6.89384937286,
        "var": 0.0223157927394
    },
    "spectral_flux": {
        "dmean": 0.0516376048326,
        "dmean2": 0.0910923033953,
        "dvar": 0.00152333918959,
        "dvar2": 0.00435428135097,
        "max": 0.287282854319,
        "mean": 0.149540647864,
        "median": 0.145879387856,
        "min": 0.0521217696369,
        "var": 0.00209664460272
    },
    "spectral_kurtosis": {
        "dmean": 2.53276705742,
        "dmean2": 4.58712100983,
        "dvar": 5.08329963684,
        "dvar2": 16.048822403,
        "max": 19.4133758545,
        "mean": 3.32625555992,
        "median": 2.85971498489,
        "min": 0.0142588615417,
        "var": 6.11261224747
    },
    "spectral_rms": {
        "dmean": 0.00200097775087,
        "dmean2": 0.00334883457981,
        "dvar": 2.17227261601e-06,
        "dvar2": 5.93130516791e-06,
        "max": 0.0122811552137,
        "mean": 0.0086527094245,
        "median": 0.00880716182292,
        "min": 0.00327714160085,
        "var": 3.61460911336e-06
    },
    "spectral_rolloff": {
        "dmean": 606.780700684,
        "dmean2": 1114.40063477,
        "dvar": 614117.1875,
        "dvar2": 1520761.875,
        "max": 3251.51367188,
        "mean": 695.464782715,
        "median": 172.265625,
        "min": 86.1328125,
        "var": 797140.5
    },
    "spectral_skewness": {
        "dmean": 0.299847602844,
        "dmean2": 0.531870722771,
        "dvar": 0.0664654448628,
        "dvar2": 0.199505865574,
        "max": 2.56839990616,
        "mean": 0.600206792355,
        "median": 0.565401554108,
        "min": 0.00599472504109,
        "var": 0.109037853777
    },
    "spectral_spread": {
        "dmean": 240017.625,
        "dmean2": 404395.46875,
        "dvar": 33473716224,
        "dvar2": 94111318016,
        "max": 3504496.25,
        "mean": 2614660.75,
        "median": 2601171,
        "min": 1887901.625,
        "var": 70983745536
    },
    "spectral_strongpeak": {
        "dmean": 0.306562334299,
        "dmean2": 0.495660692453,
        "dvar": 0.0562792643905,
        "dvar2": 0.156665951014,
        "max": 1.98769342899,
        "mean": 0.647063672543,
        "median": 0.606194198132,
        "min": 0.0451164245605,
        "var": 0.10136923939
    },
    "zerocrossingrate": {
        "dmean": 0.00893859006464,
        "dmean2": 0.0113989785314,
        "dvar": 5.2170631534e-05,
        "dvar2": 8.70533622219e-05,
        "max": 0.09033203125,
        "mean": 0.032585516572,
        "median": 0.02978515625,
        "min": 0.00439453125,
        "var": 0.000260851840721
    },
    "barkbands": {
        "dmean": [0.000277658778941, 0.0333855450153, 0.0106420228258, 0.00120691431221, 0.00296393502504, 0.000307809037622, 0.000131528140628, 6.6464599513e-05, 0.000234501290834, 0.000321506144246, 0.000234501349041, 0.000371165544493, 0.000107304149424, 0.000569123018067, 0.000419376709033, 0.000500943220686, 0.000673096685205, 0.000367858825484, 0.000457929330878, 0.00024891650537, 0.000136886606924, 2.09176141652e-05, 6.56054737647e-07, 1.38673556194e-06, 2.91621375936e-07, 1.27496491586e-07, 1.87443376376e-08],
        "dmean2": [0.000455109635368, 0.0559013262391, 0.0177968163043, 0.00213839532807, 0.00507192360237, 0.000559624342714, 0.000229269571719, 0.000116580726171, 0.000413427536841, 0.000570135889575, 0.000409970874898, 0.0006306754658, 0.000185667842743, 0.000954491377342, 0.000755102257244, 0.000832801742945, 0.00112293567508, 0.000612510775682, 0.000776807020884, 0.000403093814384, 0.000218890461838, 3.40590449923e-05, 1.08898257167e-06, 2.37094673139e-06, 4.91530613544e-07, 2.23716384085e-07, 2.23362306428e-08],
        "dvar": [9.05665942241e-08, 0.000597327481955, 0.000114063674118, 2.06263325708e-06, 8.39680524223e-06, 2.28295121474e-07, 3.68107428983e-08, 8.03180721931e-09, 1.47905709014e-07, 1.84944312309e-07, 1.6952664339e-07, 5.15239605647e-07, 1.51575161311e-08, 5.12915505624e-07, 2.55936555504e-07, 2.8869501989e-07, 4.49457161267e-07, 2.12871583471e-07, 1.85259807495e-07, 5.46014788938e-08, 2.15434745598e-08, 4.50114528983e-10, 4.81259509241e-13, 3.82621712092e-12, 1.72487553212e-13, 1.10944707468e-13, 4.20040690869e-14],
        "dvar2": [2.39441618533e-07, 0.00159955385607, 0.000281370274024, 5.99918985245e-06, 2.53795406024e-05, 6.81196013375e-07, 1.03171494459e-07, 2.51097986848e-08, 4.04320530834e-07, 5.04541105784e-07, 4.87833688112e-07, 1.37480765261e-06, 4.20771435472e-08, 1.44024022575e-06, 7.44595240576e-07, 8.19627757664e-07, 1.12092516247e-06, 6.14612986283e-07, 4.87314423481e-07, 1.53735427944e-07, 5.75261083213e-08, 1.07370168312e-09, 1.22431567922e-12, 1.10968864306e-11, 4.74269983095e-13, 2.71349322135e-13, 4.21441412313e-14],
        "max": [0.00248423637822, 0.136449754238, 0.0801073536277, 0.0112089961767, 0.0231796149164, 0.00387645279989, 0.0019998382777, 0.000785590440501, 0.00425688782707, 0.00290157785639, 0.00501586962491, 0.00895249843597, 0.00094477890525, 0.00803242158145, 0.00386147364043, 0.00455847289413, 0.00622714171186, 0.00425303354859, 0.00372229190543, 0.00206338986754, 0.00144634826574, 0.000207051882171, 6.95584503774e-06, 2.31724970945e-05, 3.89736123907e-06, 3.37431947628e-06, 3.61060460818e-06],
        "mean": [0.000293534656521, 0.0515409074724, 0.0143502419814, 0.00140853819903, 0.00442015286535, 0.000374217663193, 0.000155810485012, 8.42217268655e-05, 0.000296624872135, 0.000427353166742, 0.000302766798995, 0.000510744575877, 0.0001522062812, 0.000766505254433, 0.000571037817281, 0.000899525824934, 0.00126717810053, 0.000689581851475, 0.000998839386739, 0.000574115023483, 0.000307880865876, 4.85302516608e-05, 1.75595698693e-06, 3.22286336996e-06, 5.34528737717e-07, 1.59321047022e-07, 2.93087030201e-08],
        "median": [0.000164699828019, 0.0472805015743, 0.00935970433056, 0.0010332185775, 0.00352186942473, 0.000232090140344, 9.28018489503e-05, 5.39759857929e-05, 0.000185274577234, 0.000269809621386, 0.00017417082563, 0.000268371164566, 0.000101481171441, 0.000533288228326, 0.000370649038814, 0.000721740012523, 0.000926654902287, 0.000534343882464, 0.000866402522661, 0.000485681957798, 0.000237960164668, 3.91979338019e-05, 1.51289668793e-06, 2.75870638689e-06, 3.83292388051e-07, 7.90060283862e-08, 1.38831808272e-08],
        "min": [1.14458919143e-06, 0.00162335135974, 0.000180578310392, 7.37931804906e-06, 7.73182764533e-05, 7.24587289369e-06, 8.10166602605e-06, 3.06423658003e-06, 7.97132270236e-06, 1.93251780729e-05, 8.14741451904e-06, 1.79267626663e-05, 7.478333373e-06, 1.91761973838e-05, 2.34274666582e-05, 7.24732090021e-05, 4.27901213698e-05, 4.19607058575e-05, 5.88338516536e-05, 1.67796515598e-05, 1.01163795989e-05, 2.80166614175e-06, 2.02340032729e-07, 2.03171879321e-07, 3.4906122437e-08, 1.16391536409e-08, 6.90608459308e-09],
        "var": [1.16969580688e-07, 0.00101759587415, 0.000201041373657, 1.99751752916e-06, 1.11839408419e-05, 2.12550759215e-07, 3.54498403965e-08, 9.41342559457e-09, 1.46112512311e-07, 2.22458808707e-07, 1.82952533123e-07, 6.58464500702e-07, 2.27163070576e-08, 7.00857810898e-07, 3.155844297e-07, 5.38298365882e-07, 1.1825599131e-06, 3.32103013534e-07, 4.66942651656e-07, 1.63065422498e-07, 5.61503803453e-08, 1.26335009121e-09, 1.29513381356e-12, 5.74717400406e-12, 2.51280306241e-13, 9.4132844965e-14, 4.19846212104e-14]
    },
    "erbbands": {
        "dmean": [0.698083817959, 8.44055175781, 14.0969495773, 5.00994968414, 6.90548467636, 14.1298618317, 4.34128856659, 2.27625346184, 0.929944813251, 2.80183696747, 2.11935973167, 4.95738983154, 6.55994224548, 10.8754873276, 12.4223575592, 12.7388067245, 4.65021181107, 18.2567176819, 32.4215164185, 23.9485301971, 25.185377121, 38.7720718384, 19.5235137939, 27.5515136719, 17.351978302, 12.7207546234, 5.9912276268, 3.84532213211, 0.883678078651, 0.110619336367, 0.0213908683509, 0.0343693196774, 0.0173807553947, 0.00574203021824, 0.000716605223715, 0.000666322652251, 0.000202776078368, 1.62293199537e-05, 1.67944726854e-05, 3.73362418031e-05],
        "dmean2": [1.10347759724, 14.2891483307, 23.7238922119, 8.73691272736, 11.9999456406, 24.2655220032, 7.50066757202, 4.09033060074, 1.61383092403, 4.95601224899, 3.65230965614, 8.7681016922, 11.649356842, 18.4413318634, 21.6538352966, 21.6415691376, 7.39705085754, 30.1021595001, 55.7143440247, 42.3474388123, 42.2951087952, 64.9779281616, 33.3784637451, 48.5270423889, 29.0037784576, 20.8908233643, 9.78727817535, 6.22228622437, 1.40797114372, 0.171445071697, 0.03482407704, 0.057776838541, 0.0307550113648, 0.00989227090031, 0.00118359690532, 0.00118772697169, 0.000354627467459, 2.25071962632e-05, 2.70850850939e-05, 6.29122150713e-05],
        "dvar": [0.341263592243, 40.0733947754, 170.499404907, 31.2109165192, 56.5946502686, 208.445159912, 15.9619951248, 15.4823846817, 2.14711403847, 13.2872724533, 8.92480754852, 84.2344665527, 99.658164978, 233.018066406, 580.495666504, 573.178344727, 24.6538200378, 415.083587646, 1344.32580566, 888.23034668, 718.106811523, 1618.21777344, 557.895996094, 912.833312988, 281.504669189, 147.752380371, 56.1790504456, 16.3651065826, 0.752160131931, 0.0108901895583, 0.000571072392631, 0.00136962381657, 0.0011757252505, 7.09609666956e-05, 2.79816526927e-06, 2.37229187405e-06, 3.33086205728e-07, 1.59175517211e-08, 7.83891007661e-10, 7.424520998e-10],
        "dvar2": [0.832758009434, 108.291648865, 406.51473999, 81.3928985596, 162.637054443, 639.002807617, 43.7488136292, 46.6781845093, 5.99005508423, 37.9594421387, 25.6712245941, 232.410797119, 293.81817627, 602.105957031, 1708.76745605, 1505.53869629, 71.2794494629, 1138.06140137, 3918.06567383, 2559.49194336, 1974.44689941, 4119.75390625, 1517.8260498, 2579.67285156, 763.671386719, 411.561828613, 156.271514893, 40.8935050964, 1.73180234432, 0.0239994134754, 0.00138197967317, 0.0038481852971, 0.00346761872061, 0.000210877857171, 5.2094487728e-06, 6.23806818112e-06, 7.74911541157e-07, 1.64659574864e-08, 9.42306788154e-10, 2.06450145868e-09],
        "max": [3.9124891758, 32.8215332031, 104.341773987, 48.8681907654, 56.7586936951, 108.606590271, 27.9451847076, 40.8485450745, 17.2314395905, 28.3983650208, 26.3302669525, 106.123443604, 86.4244003296, 113.838478088, 266.593170166, 317.822631836, 45.3674697876, 220.684890747, 333.098083496, 286.057983398, 234.70451355, 375.041595459, 227.899856567, 258.227416992, 169.746871948, 121.892272949, 74.0998687744, 36.0300521851, 9.05321407318, 1.28925263882, 0.27005648613, 0.337662428617, 0.445133596659, 0.0749872624874, 0.0245462749153, 0.0142481746152, 0.00628283200786, 0.00222190096974, 0.000516698579304, 0.000170583894942],
        "mean": [1.04462575912, 12.897526741, 22.1011104584, 7.46409797668, 9.30166053772, 18.7443847656, 6.46938657761, 2.83836865425, 1.4004650116, 3.14045929909, 2.93745851517, 6.29430437088, 8.88243579865, 14.5022010803, 17.1677322388, 18.1719818115, 8.22849273682, 26.5631923676, 42.0640792847, 38.3468704224, 49.9886207581, 70.8714447021, 39.7670173645, 54.9754600525, 40.6043586731, 29.1731109619, 14.1446628571, 8.7892074585, 2.24276924133, 0.298642098904, 0.06337787956, 0.0850129872561, 0.0356760881841, 0.0110558029264, 0.00135910313111, 0.00094375439221, 0.000260221335338, 2.46989311563e-05, 4.26628539572e-05, 9.0563975391e-05],
        "median": [0.824819982052, 11.9312887192, 16.3562431335, 5.35255050659, 7.14936256409, 13.4987201691, 4.92725753784, 1.74708628654, 0.984398961067, 1.81246089935, 1.98683524132, 3.76612567902, 6.4086561203, 9.16736507416, 9.60397911072, 9.3721370697, 6.0815076828, 18.6004695892, 29.4030513763, 26.9101219177, 40.3139419556, 52.0976829529, 31.6539497375, 45.5780525208, 33.7922668457, 24.0911636353, 10.9234905243, 6.95152950287, 1.89326095581, 0.258564651012, 0.0541998706758, 0.0722587704659, 0.0288640595973, 0.00801335647702, 0.000893603079021, 0.000536933890544, 0.000128537882119, 1.1957424249e-05, 4.07862680731e-05, 9.01603707462e-05],
        "min": [0.0260925572366, 0.314449638128, 0.740993499756, 0.2589635849, 0.561256945133, 0.158608287573, 0.5062520504, 0.0906869843602, 0.0807726234198, 0.123432345688, 0.212864920497, 0.205367431045, 0.477740198374, 0.711516499519, 1.3287653923, 0.856295883656, 0.476018965244, 0.989140093327, 1.06780040264, 1.78243935108, 3.43278479576, 2.74468851089, 2.9432182312, 3.31912469864, 2.61352157593, 0.697599053383, 0.407330214977, 0.414717525244, 0.121639244258, 0.0244883615524, 0.00640945602208, 0.00517273042351, 0.00246464740485, 0.000648834859021, 0.000219499779632, 0.000115525355795, 3.7146586692e-05, 4.73690533909e-06, 7.5750126598e-06, 1.37492688737e-05],
        "var": [0.642694890499, 64.7894363403, 321.082458496, 42.2595558167, 60.011264801, 269.460845947, 26.2401199341, 14.1219234467, 2.30973744392, 14.3080396652, 10.4012737274, 75.8377609253, 91.2830123901, 296.888946533, 621.607116699, 784.576416016, 54.7037620544, 694.323791504, 1836.57836914, 1291.77209473, 1434.43713379, 3839.80786133, 983.307861328, 1556.87353516, 814.242370605, 425.357086182, 119.48740387, 44.7490234375, 2.50282979012, 0.0393236018717, 0.00164028885774, 0.00331298122182, 0.00111957185436, 9.93701978587e-05, 3.14977410198e-06, 2.09359291148e-06, 2.7664120239e-07, 1.59710715764e-08, 9.18410958395e-10, 1.19825305234e-09]
    },
    "gfcc": {
        "mean": [-10.6676530838, 149.07194519, -152.067626953, 85.8693695068, -6.01718902588, 1.84673047066, -1.53091311455, -1.29031145573, -14.7200555801, -11.8736896515, -7.47292757034, -13.3310661316, 10.7481184006],
        "cov": [[681.029846191, -155.854660034, -277.291107178, -92.2150878906, -104.09602356, 62.0904273987, -68.4609375, 45.5847740173, -59.4085845947, 34.1415290833, -44.2708892822, 37.57371521, -12.2912158966], [-155.854660034, 165.802078247, 153.037597656, -31.1524963379, 24.1410942078, -44.1663665771, 5.59092330933, -23.4623603821, 28.8195533752, 0.0865069106221, 28.1868114471, -5.95690631866, 1.37524795532], [-277.291107178, 153.037597656, 295.053131104, 9.01368236542, 71.7974395752, -59.382019043, 7.52743911743, -20.2291603088, 39.8180618286, 9.5313205719, 42.7719459534, 3.85498571396, 1.4854632616], [-92.2150878906, -31.1524963379, 9.01368236542, 109.209907532, 36.9228057861, -5.20523738861, 18.0155735016, -19.7163619995, 13.1639432907, -22.3168964386, 2.20642781258, -21.9590072632, 12.1057310104], [-104.09602356, 24.1410942078, 71.7974395752, 36.9228057861, 74.3545608521, 11.2650146484, 18.6909828186, -11.6886568069, 16.1066513062, -2.35882759094, 16.0343647003, -5.58832883835, 7.54542350769], [62.0904273987, -44.1663665771, -59.382019043, -5.20523738861, 11.2650146484, 57.2293930054, 28.232093811, 11.6482896805, -8.90037441254, -0.366887122393, -5.16088533401, 1.77302181721, 3.39334464073], [-68.4609375, 5.59092330933, 7.52743911743, 18.0155735016, 18.6909828186, 28.232093811, 76.2894515991, 22.2674274445, 18.4841632843, -12.7310791016, 9.4703836441, -4.90180253983, 10.3030357361], [45.5847740173, -23.4623603821, -20.2291603088, -19.7163619995, -11.6886568069, 11.6482896805, 22.2674274445, 52.4152145386, 14.1926651001, 5.17236709595, 0.884119570255, 11.7332372665, 0.0571068041027], [-59.4085845947, 28.8195533752, 39.8180618286, 13.1639432907, 16.1066513062, -8.90037441254, 18.4841632843, 14.1926651001, 48.9806900024, 13.3224525452, 13.2506818771, -6.63885593414, 6.33438158035], [34.1415290833, 0.0865069106221, 9.5313205719, -22.3168964386, -2.35882759094, -0.366887122393, -12.7310791016, 5.17236709595, 13.3224525452, 42.5528755188, 13.6348648071, 5.00464439392, -3.67259216309], [-44.2708892822, 28.1868114471, 42.7719459534, 2.20642781258, 16.0343647003, -5.16088533401, 9.4703836441, 0.884119570255, 13.2506818771, 13.6348648071, 35.0022621155, 11.4068861008, 4.75119972229], [37.57371521, -5.95690631866, 3.85498571396, -21.9590072632, -5.58832883835, 1.77302181721, -4.90180253983, 11.7332372665, -6.63885593414, 5.00464439392, 11.4068861008, 38.4924125671, 9.3731212616], [-12.2912158966, 1.37524795532, 1.4854632616, 12.1057310104, 7.54542350769, 3.39334464073, 10.3030357361, 0.0571068041027, 6.33438158035, -3.67259216309, 4.75119972229, 9.3731212616, 26.5867137909]],
        "icov": [[0.00401923898607, -0.00208976631984, 0.00252484041266, -0.00160390161909, 0.00217331689782, -0.00470347516239, 0.00454110279679, -0.00407495396212, 0.00229644705541, -0.0038434159942, 0.00252760760486, -0.00299140415154, 0.000312801188556], [-0.00208976631984, 0.0343946702778, -0.00990429148078, 0.0280208364129, -0.00433784769848, 0.0174397006631, -0.00937598757446, 0.0224803835154, -0.0182497072965, 0.022351982072, -0.0196359753609, 0.0163760576397, -0.00718885008246], [0.00252484041266, -0.00990429148078, 0.0139533700421, -0.00323395058513, -0.0100607192144, 0.00819000136107, -0.000928089371882, -0.0047121681273, 0.0043648709543, -0.00836805999279, 0.00419527385384, -0.00826226640493, 0.00451947050169], [-0.00160390161909, 0.0280208364129, -0.00323395058513, 0.0408163070679, -0.0143015040085, 0.0228859521449, -0.0105504933745, 0.0223961416632, -0.0178879257292, 0.0252447258681, -0.0191253498197, 0.0202864911407, -0.0114019187167], [0.00217331689782, -0.00433784769848, -0.0100607192144, -0.0143015040085, 0.0383053347468, -0.0308453403413, 0.0105209872127, -0.000988083775155, -0.003758441424, 0.000603245978709, -0.00396338198334, -0.000683572143316, -0.000778154935688], [-0.00470347516239, 0.0174397006631, 0.00819000136107, 0.0228859521449, -0.0308453403413, 0.0663615390658, -0.0325005762279, 0.0136802773923, 0.00347113423049, -0.000145815705764, -0.00169709592592, 0.005692998413, -0.00365620548837], [0.00454110279679, -0.00937598757446, -0.000928089371882, -0.0105504933745, 0.0105209872127, -0.0325005762279, 0.0400246530771, -0.0209988690913, -0.00247478834353, 0.00814088247716, -0.00790732074529, 0.00490111066028, -0.00546366581693], [-0.00407495396212, 0.0224803835154, -0.0047121681273, 0.0223961416632, -0.000988083775155, 0.0136802773923, -0.0209988690913, 0.0524724647403, -0.028771283105, 0.015545675531, -0.00630582636222, -0.00520129874349, 0.00554107129574], [0.00229644705541, -0.0182497072965, 0.0043648709543, -0.0178879257292, -0.003758441424, 0.00347113423049, -0.00247478834353, -0.028771283105, 0.0543657429516, -0.0304908733815, 0.00782117061317, 0.00522027071565, -0.00885165296495], [-0.0038434159942, 0.022351982072, -0.00836805999279, 0.0252447258681, 0.000603245978709, -0.000145815705764, 0.00814088247716, 0.015545675531, -0.0304908733815, 0.0607821531594, -0.0343561917543, 0.0161534659564, -0.00119541154709], [0.00252760760486, -0.0196359753609, 0.00419527385384, -0.0191253498197, -0.00396338198334, -0.00169709592592, -0.00790732074529, -0.00630582636222, 0.00782117061317, -0.0343561917543, 0.0674721673131, -0.0325150825083, 0.00787368323654], [-0.00299140415154, 0.0163760576397, -0.00826226640493, 0.0202864911407, -0.000683572143316, 0.005692998413, 0.00490111066028, -0.00520129874349, 0.00522027071565, 0.0161534659564, -0.0325150825083, 0.0609653405845, -0.0281212031841], [0.000312801188556, -0.00718885008246, 0.00451947050169, -0.0114019187167, -0.000778154935688, -0.00365620548837, -0.00546366581693, 0.00554107129574, -0.00885165296495, -0.00119541154709, 0.00787368323654, -0.0281212031841, 0.0563121065497]]
    },
    "melbands": {
        "dmean": [0.00805511977524, 0.00806267745793, 0.000893381773494, 0.00077318912372, 0.000240121022216, 5.01920330862e-05, 1.8207820176e-05, 2.63743440883e-05, 2.35457991948e-05, 3.09741517412e-05, 3.45468433807e-05, 4.61367199023e-05, 3.82742291549e-05, 4.89922422275e-05, 1.76095727511e-05, 1.58660095622e-05, 3.63396429748e-05, 6.08845948591e-05, 2.84498510155e-05, 3.4868819057e-05, 3.25534201693e-05, 4.05486025556e-05, 2.96122143482e-05, 1.83933152584e-05, 2.52545487456e-05, 1.56026671903e-05, 1.14184667837e-05, 8.126222383e-06, 3.21857737617e-06, 5.19901959706e-06, 1.57983845384e-06, 6.07419337939e-07, 2.00933342853e-07, 2.15149285054e-08, 1.09308935237e-08, 2.0372777243e-08, 2.22456666421e-08, 1.4555388006e-08, 8.59818083399e-09, 3.98804633761e-09],
        "dmean2": [0.0132015207782, 0.0136907892302, 0.00154819351155, 0.0013245382579, 0.000413339381339, 9.06730274437e-05, 3.18587444781e-05, 4.67792342533e-05, 4.05270620831e-05, 5.46439296158e-05, 6.17627665633e-05, 7.89371551946e-05, 6.74817492836e-05, 8.47846094985e-05, 2.94971414405e-05, 2.65446142294e-05, 6.01077626925e-05, 0.000104330712929, 5.07340919285e-05, 5.99063896516e-05, 5.71707205381e-05, 6.79204968037e-05, 5.06690448674e-05, 3.13068157993e-05, 4.4687261834e-05, 2.58251402556e-05, 1.87860059668e-05, 1.35153522933e-05, 5.35069830221e-06, 8.66301979841e-06, 2.52007112067e-06, 1.00080683296e-06, 3.21272210613e-07, 3.59547129847e-08, 1.77651422462e-08, 3.4167577212e-08, 3.75993742807e-08, 2.57684185101e-08, 1.51847761032e-08, 6.88817980432e-09],
        "dvar": [3.6752619053e-05, 4.18464442191e-05, 8.58825558225e-07, 5.74109549234e-07, 4.5334630272e-08, 7.32240978962e-09, 8.16764600398e-10, 1.16778142711e-09, 1.28390209575e-09, 2.91597768154e-09, 2.66630006962e-09, 4.17198320335e-09, 5.33430366545e-09, 1.08026219081e-08, 5.83689430123e-10, 3.11701303657e-10, 1.76897485549e-09, 5.09992270636e-09, 1.21820953325e-09, 1.77660597345e-09, 1.35642919119e-09, 1.75307701689e-09, 9.26068555174e-10, 5.45983092071e-10, 8.1204504232e-10, 2.3845858621e-10, 1.10005213272e-10, 6.15644132895e-11, 1.71416995182e-11, 2.95409842421e-11, 2.55266966419e-12, 3.94667127755e-13, 4.06153145241e-14, 5.80958405061e-16, 1.41212158124e-16, 4.34087550688e-16, 7.50769452744e-16, 8.89277656707e-16, 1.8412611625e-16, 4.07494282947e-17],
        "dvar2": [9.49389941525e-05, 0.000106212275568, 2.20046786126e-06, 1.7390444782e-06, 1.33395843704e-07, 2.20452562871e-08, 2.27810525999e-09, 3.35212280156e-09, 3.62957774946e-09, 8.01880695178e-09, 7.88447174216e-09, 1.080829648e-08, 1.54886325987e-08, 2.95613702406e-08, 1.47875123258e-09, 8.4404894185e-10, 4.93654095379e-09, 1.46865621886e-08, 3.61545215988e-09, 5.09502129376e-09, 3.67689367842e-09, 4.55954207723e-09, 2.4514412722e-09, 1.5501377959e-09, 2.32663288635e-09, 6.62324362022e-10, 2.9543814617e-10, 1.74537953535e-10, 4.7755278898e-11, 7.87162141025e-11, 6.56321438169e-12, 9.8181716663e-13, 1.05296610461e-13, 1.49313083294e-15, 3.56294138988e-16, 1.19479460573e-15, 2.15416995629e-15, 2.62262682173e-15, 5.51013090458e-16, 1.19126144602e-16],
        "max": [0.0387602224946, 0.0450810790062, 0.00724104419351, 0.00575822545215, 0.00146412872709, 0.00083370791981, 0.000330056151142, 0.000258627696894, 0.000323568965541, 0.00061483780155, 0.00043996371096, 0.000481624127133, 0.00089060497703, 0.00125064235181, 0.00025441829348, 0.000161571195349, 0.000449797837064, 0.000671641086228, 0.000293028511805, 0.00040086224908, 0.000298703467706, 0.00034383815364, 0.000276464328635, 0.000224466333748, 0.000233715138165, 0.000165255187312, 9.56960066105e-05, 7.47313970351e-05, 4.28954008385e-05, 5.04743220517e-05, 1.34421252369e-05, 6.17232763034e-06, 2.31518242799e-06, 2.53594294009e-07, 1.36097781933e-07, 1.95245632995e-07, 2.55950169503e-07, 3.94972914819e-07, 1.56105826932e-07, 6.11944628304e-08],
        "mean": [0.0123026380315, 0.0141188232228, 0.00141418608837, 0.00109213567339, 0.000348830741132, 6.13791999058e-05, 2.50254561251e-05, 3.00976480503e-05, 2.99756120512e-05, 3.94943235733e-05, 4.50914776593e-05, 5.94106240897e-05, 5.086290912e-05, 6.21078361291e-05, 2.63474757958e-05, 2.32380607486e-05, 5.09417586727e-05, 7.54408392822e-05, 4.16467337345e-05, 5.77261125727e-05, 5.96250720264e-05, 7.29171442799e-05, 5.09872370458e-05, 3.29964532284e-05, 4.70814375149e-05, 3.29817376041e-05, 2.62044541159e-05, 1.67968082678e-05, 6.8481854214e-06, 1.00137431218e-05, 3.39568919117e-06, 1.37244808229e-06, 4.50677504205e-07, 4.85534243921e-08, 2.76080207584e-08, 4.67493990186e-08, 5.2674330675e-08, 2.7797522506e-08, 1.50968322288e-08, 7.00243685259e-09],
        "median": [0.0109685827047, 0.0128647554666, 0.00102761364542, 0.000861690030433, 0.000271178083494, 3.62575883628e-05, 1.64379525813e-05, 1.77896108653e-05, 1.94170752366e-05, 2.39868713834e-05, 3.06170877593e-05, 3.67398024537e-05, 2.92882577924e-05, 3.19932660204e-05, 1.51483727677e-05, 1.52931770572e-05, 3.30850452883e-05, 5.1742164942e-05, 2.94509572996e-05, 4.28314160672e-05, 4.83501862618e-05, 5.32520243723e-05, 3.71119240299e-05, 2.63283145614e-05, 3.81563149858e-05, 2.67628747679e-05, 2.18998247874e-05, 1.38809546115e-05, 5.42828820471e-06, 7.54295842853e-06, 2.64022673946e-06, 1.12223563065e-06, 3.87380566735e-07, 4.01257160831e-08, 2.27488285987e-08, 3.84118976626e-08, 4.68212384419e-08, 2.19922373645e-08, 1.11317870477e-08, 4.85593609767e-09],
        "min": [0.000414094276493, 0.000624438456725, 4.86621720484e-05, 3.42844105035e-05, 1.53546006914e-05, 1.14542046958e-06, 1.52245490881e-06, 1.37410938805e-06, 1.9206588604e-06, 1.07245557501e-06, 2.48573928729e-06, 2.25839767154e-06, 2.44494117396e-06, 1.69386441939e-06, 1.53916198542e-06, 1.19801495657e-06, 1.74635624717e-06, 1.59381716003e-06, 1.79766345809e-06, 2.67329073722e-06, 3.49064362126e-06, 2.54079805018e-06, 3.21235347656e-06, 1.83034956081e-06, 2.69717452284e-06, 1.9513342977e-06, 8.94670449725e-07, 3.4539925764e-07, 2.34586394754e-07, 2.52329016348e-07, 2.03841565849e-07, 6.21952906954e-08, 2.44321149978e-08, 4.18794865453e-09, 2.48282039372e-09, 3.18262038945e-09, 2.81945689018e-09, 1.84127024738e-09, 5.06991171267e-10, 3.3182565029e-10],
        "var": [6.6017768404e-05, 7.67144374549e-05, 1.29952206862e-06, 7.53974234158e-07, 7.2644091631e-08, 6.66033805885e-09, 8.20090551024e-10, 1.30887178873e-09, 1.35736732965e-09, 2.75301959007e-09, 2.39945663338e-09, 5.30470023463e-09, 5.62607294086e-09, 1.14315472644e-08, 1.1138892031e-09, 5.88385562494e-10, 2.66976307728e-09, 6.64668631245e-09, 1.60194391086e-09, 2.76691425327e-09, 2.28378316258e-09, 4.11121181543e-09, 1.86989645989e-09, 8.17062140168e-10, 1.21935084252e-09, 5.9735361102e-10, 3.4307076624e-10, 1.52575480028e-10, 3.11750070203e-11, 6.63724283867e-11, 6.81456627238e-12, 1.02220976909e-12, 1.06001348649e-13, 1.1609013235e-15, 3.55704604057e-16, 1.04237865017e-15, 1.40550538042e-15, 7.87133847719e-16, 2.05039756764e-16, 5.21297129878e-17]
    },
    "mfcc": {
        "mean": [-635.358703613, 152.182754517, -49.692741394, 83.4391174316, 18.4653396606, 23.7061042786, 25.0078830719, 10.5494823456, 16.7919635773, 3.21089482307, -4.978764534, 0.79648733139, -9.89899635315],
        "cov": [[909.119506836, -244.959518433, -263.22164917, -190.3621521, -90.1206054688, -44.1486816406, -14.7067775726, -16.9495773315, 4.84278392792, -36.5851173401, -8.3174533844, -2.7714278698, -45.2197227478], [-244.959518433, 245.970397949, 137.15927124, 6.91076087952, 24.7508277893, -15.5172119141, -16.436132431, -19.1412181854, -12.639582634, -9.01235198975, 15.784910202, 19.7649536133, 44.5704994202], [-263.22164917, 137.15927124, 154.17729187, 64.4269790649, 34.8742675781, -6.04258060455, -12.1763381958, -8.43024253845, -8.79983329773, 0.770689606667, 9.57502174377, 10.2456684113, 29.4932231903], [-190.3621521, 6.91076087952, 64.4269790649, 114.018409729, 39.4227523804, 17.6295013428, -3.73648786545, 2.99831604958, -2.34011793137, 13.7359838486, -2.31302404404, -4.23603105545, -2.55085158348], [-90.1206054688, 24.7508277893, 34.8742675781, 39.4227523804, 65.3600845337, 19.8660163879, -3.85198426247, -10.9440002441, -7.11249017715, 1.34385478497, 3.45137000084, -3.25901722908, 5.19156646729], [-44.1486816406, -15.5172119141, -6.04258060455, 17.6295013428, 19.8660163879, 57.5589637756, 21.8558197021, 0.784556925297, 1.69605481625, 8.73788166046, -0.0932275429368, -8.50056743622, -9.64825534821], [-14.7067775726, -16.436132431, -12.1763381958, -3.73648786545, -3.85198426247, 21.8558197021, 50.1534957886, 25.7406730652, 8.20073604584, 2.19582056999, -1.20834207535, 3.78511095047, -0.200730606914], [-16.9495773315, -19.1412181854, -8.43024253845, 2.99831604958, -10.9440002441, 0.784556925297, 25.7406730652, 58.8020744324, 21.6957035065, 1.61863315105, -5.85068273544, 5.09823560715, 3.08166074753], [4.84278392792, -12.639582634, -8.79983329773, -2.34011793137, -7.11249017715, 1.69605481625, 8.20073604584, 21.6957035065, 38.7470626831, 15.8708305359, 3.85244274139, 2.41457223892, -0.262927144766], [-36.5851173401, -9.01235198975, 0.770689606667, 13.7359838486, 1.34385478497, 8.73788166046, 2.19582056999, 1.61863315105, 15.8708305359, 41.7048988342, 15.1713275909, -2.08536458015, -6.05400800705], [-8.3174533844, 15.784910202, 9.57502174377, -2.31302404404, 3.45137000084, -0.0932275429368, -1.20834207535, -5.85068273544, 3.85244274139, 15.1713275909, 33.0354270935, 12.6665010452, 2.25097513199], [-2.7714278698, 19.7649536133, 10.2456684113, -4.23603105545, -3.25901722908, -8.50056743622, 3.78511095047, 5.09823560715, 2.41457223892, -2.08536458015, 12.6665010452, 37.5482521057, 20.6522045135], [-45.2197227478, 44.5704994202, 29.4932231903, -2.55085158348, 5.19156646729, -9.64825534821, -0.200730606914, 3.08166074753, -0.262927144766, -6.05400800705, 2.25097513199, 20.6522045135, 42.5760154724]],
