{
"lowlevel": {
    "average_loudness": 0.988846242428,
    "barkbands_crest": {
        "dmean": 1.56637239456,
        "dmean2": 2.47508120537,
        "dvar": 1.8027266264,
        "dvar2": 4.46793222427,
        "max": 17.7982883453,
        "mean": 8.12741851807,
        "median": 7.34034204483,
        "min": 3.2349588871,
        "var": 10.7844333649
    },
    "barkbands_flatness_db": {
        "dmean": 0.00914479792118,
        "dmean2": 0.0153256533667,
        "dvar": 6.81565215928e-05,
        "dvar2": 0.000128475425299,
        "max": 0.181942015886,
        "mean": 0.141247272491,
        "median": 0.139672324061,
        "min": 0.0523222014308,
        "var": 0.000237272426602
    },
    "barkbands_kurtosis": {
        "dmean": 0.844179451466,
        "dmean2": 1.48384988308,
        "dvar": 0.601337015629,
        "dvar2": 1.91852927208,
        "max": 4.99443531036,
        "mean": -0.00130407395773,
        "median": -0.289451122284,
        "min": -1.48418343067,
        "var": 1.12631356716
    },
    "barkbands_skewness": {
        "dmean": 0.265779733658,
        "dmean2": 0.4364977777,
        "dvar": 0.0364570878446,
        "dvar2": 0.103517822921,
        "max": -0.0647783875465,
        "mean": -0.823149323463,
        "median": -0.797337293625,
        "min": -1.82933485508,
        "var": 0.107141055167
    },
    "barkbands_spread": {
        "dmean": 6.11328840256,
        "dmean2": 10.9507522583,
        "dvar": 23.5953922272,
        "dvar2": 72.6837158203,
        "max": 40.9943771362,
        "mean": 23.5787410736,
        "median": 23.4300136566,
        "min": 11.3623819351,
        "var": 35.808216095
    },
    "dissonance": {
        "dmean": 0.00683048693463,
        "dmean2": 0.0109863616526,
        "dvar": 6.76511626807e-05,
        "dvar2": 0.000118046518764,
        "max": 0.499975711107,
        "mean": 0.489875942469,
        "median": 0.491942644119,
        "min": 0.399706214666,
        "var": 8.6873449618e-05
    },
    "dynamic_complexity": 0.377904087305,
    "erbbands_crest": {
        "dmean": 1.51647436619,
        "dmean2": 2.46145796776,
        "dvar": 1.58593559265,
        "dvar2": 3.37343239784,
        "max": 16.5156803131,
        "mean": 8.92849826813,
        "median": 8.39060115814,
        "min": 5.22135353088,
        "var": 6.49085760117
    },
    "erbbands_flatness_db": {
        "dmean": 0.0113340625539,
        "dmean2": 0.0184311661869,
        "dvar": 8.02616777946e-05,
        "dvar2": 0.000184816148249,
        "max": 0.293469905853,
        "mean": 0.249898448586,
        "median": 0.248682320118,
        "min": 0.159870862961,
        "var": 0.000250517710811
    },
    "erbbands_kurtosis": {
        "dmean": 0.963396072388,
        "dmean2": 1.58809697628,
        "dvar": 0.689932525158,
        "dvar2": 1.42845463753,
        "max": 6.13649463654,
        "mean": 1.64246201515,
        "median": 1.5269446373,
        "min": -0.687504529953,
        "var": 1.68213284016
    },
    "erbbands_skewness": {
        "dmean": 0.244895130396,
        "dmean2": 0.386857926846,
        "dvar": 0.0390595570207,
        "dvar2": 0.0926691517234,
        "max": 0.164311021566,
        "mean": -0.78910535574,
        "median": -0.794027209282,
        "min": -1.83545219898,
        "var": 0.150346428156
    },
    "erbbands_spread": {
        "dmean": 2.50688195229,
        "dmean2": 3.86044716835,
        "dvar": 3.68697953224,
        "dvar2": 10.4373149872,
        "max": 25.5338687897,
        "mean": 14.8050518036,
        "median": 14.6982126236,
        "min": 5.91965913773,
        "var": 13.6955909729
    },
    "hfc": {
        "dmean": 5.79369258881,
        "dmean2": 9.32445144653,
        "dvar": 26.4092197418,
        "dvar2": 55.933971405,
        "max": 62.8391952515,
        "mean": 43.5355415344,
        "median": 44.00623703,
        "min": 1.24310338497,
        "var": 50.3693161011
    },
    "melbands_crest": {
        "dmean": 1.675573349,
        "dmean2": 2.79575133324,
        "dvar": 2.13940119743,
        "dvar2": 6.7561249733,
        "max": 13.6658372879,
        "mean": 7.50564050674,
        "median": 7.16546058655,
        "min": 3.72001767159,
        "var": 4.66252326965
    },
    "melbands_flatness_db": {
        "dmean": 0.0107758659869,
        "dmean2": 0.0177353750914,
        "dvar": 7.01897006365e-05,
        "dvar2": 0.000187083016499,
        "max": 0.198380738497,
        "mean": 0.152198567986,
        "median": 0.150197178125,
        "min": 0.0685225278139,
        "var": 0.000219770008698
    },
    "melbands_kurtosis": {
        "dmean": 0.352282136679,
        "dmean2": 0.610118746758,
        "dvar": 0.151348412037,
        "dvar2": 0.49983805418,
        "max": 0.649543523788,
        "mean": -1.08118379116,
        "median": -1.1823849678,
        "min": -1.61624538898,
        "var": 0.155255407095
    },
    "melbands_skewness": {
        "dmean": 0.330001890659,
        "dmean2": 0.573452174664,
        "dvar": 0.0625177547336,
        "dvar2": 0.192084386945,
        "max": 0.838340699673,
        "mean": -0.00364149315283,
        "median": 0.0539656430483,
        "min": -1.15843081474,
        "var": 0.137655809522
    },
    "melbands_spread": {
        "dmean": 9.52676200867,
        "dmean2": 16.5357704163,
        "dvar": 64.3209838867,
        "dvar2": 186.70135498,
        "max": 83.2036514282,
        "mean": 58.3030357361,
        "median": 58.7981338501,
        "min": 32.0255126953,
        "var": 105.02191925
    },
    "pitch_salience": {
        "dmean": 0.046225387603,
        "dmean2": 0.0771809741855,
        "dvar": 0.00155297038145,
        "dvar2": 0.00415943795815,
        "max": 0.88203895092,
        "mean": 0.573062956333,
        "median": 0.575582146645,
        "min": 0.401086777449,
        "var": 0.00500817736611
    },
    "silence_rate_20dB": {
        "dmean": 0,
        "dmean2": 0,
        "dvar": 0,
        "dvar2": 0,
        "max": 1,
        "mean": 1,
        "median": 1,
        "min": 1,
        "var": 0
    },
    "silence_rate_30dB": {
        "dmean": 0,
        "dmean2": 0,
        "dvar": 0,
        "dvar2": 0,
        "max": 1,
        "mean": 1,
        "median": 1,
        "min": 1,
        "var": 0
    },
    "silence_rate_60dB": {
        "dmean": 0,
        "dmean2": 0,
        "dvar": 0,
        "dvar2": 0,
        "max": 0,
        "mean": 0,
        "median": 0,
        "min": 0,
        "var": 0
    },
    "spectral_centroid": {
        "dmean": 113.926719666,
        "dmean2": 187.360641479,
        "dvar": 7113.78613281,
        "dvar2": 16839.3867188,
        "max": 2769.49804688,
        "mean": 2312.43310547,
        "median": 2321.04321289,
        "min": 1893.54577637,
        "var": 22000.1152344
    },
    "spectral_complexity": {
        "dmean": 3.40000009537,
        "dmean2": 5.60287094116,
        "dvar": 14.4495277405,
        "dvar2": 23.9427680969,
        "max": 49,
        "mean": 37.208530426,
        "median": 37,
        "min": 0,
        "var": 20.781162262
    },
    "spectral_decrease": {
        "dmean": 7.82056419624e-10,
        "dmean2": 1.30577004764e-09,
        "dvar": 4.22260037975e-19,
        "dvar2": 9.2587866587e-19,
        "max": -1.15452078453e-10,
        "mean": -5.91969628871e-09,
        "median": -6.03264593835e-09,
        "min": -8.03976618613e-09,
        "var": 8.63597549213e-19
    },
    "spectral_energy": {
        "dmean": 0.00334752211347,
        "dmean2": 0.00555908214301,
        "dvar": 8.09897574072e-06,
        "dvar2": 1.71459578269e-05,
        "max": 0.0352565944195,
        "mean": 0.0262910611928,
        "median": 0.0267790928483,
        "min": 0.000548495503608,
        "var": 1.63607110153e-05
    },
    "spectral_energyband_high": {
        "dmean": 0.000107614527224,
        "dmean2": 0.000171709471033,
        "dvar": 9.92966420199e-09,
        "dvar2": 2.17522870827e-08,
        "max": 0.00129066652153,
        "mean": 0.000437097420217,
        "median": 0.000419253105065,
        "min": 3.22052510455e-05,
        "var": 1.70309579772e-08
    },
    "spectral_energyband_low": {
        "dmean": 0.00150447047781,
        "dmean2": 0.0027705472894,
        "dvar": 1.84306077244e-06,
        "dvar2": 5.92424930801e-06,
        "max": 0.00767106376588,
        "mean": 0.00204692198895,
        "median": 0.00176445499528,
        "min": 1.61212865351e-05,
        "var": 1.90111461507e-06
    },
    "spectral_energyband_middle_high": {
        "dmean": 0.00291670928709,
        "dmean2": 0.0047029000707,
        "dvar": 5.99551458436e-06,
        "dvar2": 1.25909764392e-05,
        "max": 0.0306997094303,
        "mean": 0.018953718245,
        "median": 0.0186632853001,
        "min": 0.000439537718194,
        "var": 1.65841356647e-05
    },
    "spectral_energyband_middle_low": {
        "dmean": 0.00151548767462,
        "dmean2": 0.002328483155,
        "dvar": 1.46004754242e-06,
        "dvar2": 3.76264324586e-06,
        "max": 0.011016334407,
        "mean": 0.00497380783781,
        "median": 0.00470977695659,
        "min": 6.08221635048e-05,
        "var": 4.12778626924e-06
    },
    "spectral_entropy": {
        "dmean": 0.0597117431462,
        "dmean2": 0.0959959551692,
        "dvar": 0.00788855366409,
        "dvar2": 0.00750139728189,
        "max": 9.05721473694,
        "mean": 7.52676153183,
        "median": 7.52028274536,
        "min": 7.25297498703,
        "var": 0.0174456182867
    },
    "spectral_flux": {
        "dmean": 0.00916226301342,
        "dmean2": 0.0139316515997,
        "dvar": 6.20225619059e-05,
        "dvar2": 0.000137591050589,
        "max": 0.140508756042,
        "mean": 0.0819306522608,
        "median": 0.081932656467,
        "min": 0.057889226824,
        "var": 0.000127381674247
    },
    "spectral_kurtosis": {
        "dmean": 3.73255109787,
        "dmean2": 6.5896654129,
        "dvar": 9.2545747757,
        "dvar2": 27.3506031036,
        "max": 19.8115653992,
        "mean": 6.59282588959,
        "median": 5.97224998474,
        "min": 1.57358932495,
        "var": 11.9049301147
    },
    "spectral_rms": {
        "dmean": 0.000334390904754,
        "dmean2": 0.000549998600036,
        "dvar": 1.30964892264e-07,
        "dvar2": 2.06955945714e-07,
        "max": 0.00586486794055,
        "mean": 0.0050432397984,
        "median": 0.0051113544032,
        "min": 0.000731517327949,
        "var": 2.15534797121e-07
    },
    "spectral_rolloff": {
        "dmean": 176.67477417,
        "dmean2": 301.67098999,
        "dvar": 26699.5175781,
        "dvar2": 73917.890625,
        "max": 3165.38085938,
        "mean": 2594.90405273,
        "median": 2627.05078125,
        "min": 1701.12304688,
        "var": 59695.2929688
    },
    "spectral_skewness": {
        "dmean": 0.353128373623,
        "dmean2": 0.616834819317,
        "dvar": 0.0958498716354,
        "dvar2": 0.278257369995,
        "max": 3.48504209518,
        "mean": 1.00604724884,
        "median": 0.947210490704,
        "min": 0.48734331131,
        "var": 0.128525599837
    },
    "spectral_spread": {
        "dmean": 241393.59375,
        "dmean2": 301979.21875,
        "dvar": 1.75670152397e+12,
        "dvar2": 836297818112,
        "max": 26724166,
        "mean": 2099816,
        "median": 1939517.875,
        "min": 1673582.125,
        "var": 3.10356895334e+12
    },
    "spectral_strongpeak": {
        "dmean": 1.34240543842,
        "dmean2": 2.1938662529,
        "dvar": 2.23137378693,
        "dvar2": 4.7962064743,
        "max": 10.6038293839,
        "mean": 4.95177602768,
        "median": 5.22150564194,
        "min": 0.0772998780012,
        "var": 6.51795578003
    },
    "zerocrossingrate": {
        "dmean": 0.00418991828337,
        "dmean2": 0.00530334189534,
        "dvar": 2.87613693217e-05,
        "dvar2": 3.05323737848e-05,
        "max": 0.1123046875,
        "mean": 0.0860022976995,
        "median": 0.0869140625,
        "min": 0.02294921875,
        "var": 7.34151399229e-05
    },
    "barkbands": {
        "dmean": [3.53344803443e-05, 0.00143879116513, 0.000187419485883, 8.64121029736e-05, 0.000812331913039, 0.000272472330835, 0.000226466407184, 0.000121921133541, 0.00106162927113, 0.000300212239381, 0.000201501141419, 0.000545971561223, 9.97880270006e-05, 0.00203851470724, 0.00073964020703, 0.000820768880658, 0.0013564331457, 0.000496234511957, 0.000464694283437, 0.00014118848776, 6.60402074573e-05, 2.84736379399e-05, 1.33871992603e-06, 5.9442413658e-07, 5.8721576579e-07, 7.67113235156e-08, 1.78720966915e-08],
        "dmean2": [6.57722484902e-05, 0.0026470744051, 0.000352957024006, 0.000152030042955, 0.00139260734431, 0.000499227899127, 0.000362678867532, 0.000199593501748, 0.00160422222689, 0.000504658732098, 0.000351287133526, 0.000867430644576, 0.00016574448091, 0.00316927582026, 0.00122533703689, 0.00141566852108, 0.00228784047067, 0.000808740907814, 0.000783705268987, 0.000237122003455, 0.000110252090963, 4.35916554125e-05, 2.40454505729e-06, 9.57988618211e-07, 8.67860137532e-07, 1.33199435481e-07, 3.3590350057e-08],
        "dvar": [1.08057596204e-09, 1.60371587299e-06, 2.18743476665e-08, 5.63011104404e-09, 6.60461410007e-07, 9.90901725118e-08, 6.53834106856e-08, 3.98814954394e-08, 8.56617248246e-07, 3.36592137273e-07, 3.80042308734e-08, 3.76007989189e-07, 9.12457931435e-09, 3.1033034702e-06, 4.71119193435e-07, 4.90107254336e-07, 1.87761258985e-06, 1.88714992078e-07, 1.64640937328e-07, 1.34209718894e-08, 3.13559045395e-09, 3.4513132352e-09, 1.80945774857e-12, 2.67181703194e-13, 3.77292896361e-13, 2.4283130167e-14, 2.39045623438e-14],
        "dvar2": [3.0474611723e-09, 5.12738961334e-06, 7.50476090161e-08, 1.60152939799e-08, 1.81424491075e-06, 3.0980791621e-07, 1.59805750855e-07, 9.53121954694e-08, 1.61366210705e-06, 5.85874261105e-07, 1.04496592712e-07, 1.01400473795e-06, 2.21306866166e-08, 6.96214874552e-06, 1.19899345918e-06, 1.37387871746e-06, 5.03591945744e-06, 5.73410261495e-07, 4.80715414142e-07, 3.85458029939e-08, 7.66795515972e-09, 6.17080608833e-09, 4.72876338781e-12, 6.35115983243e-13, 8.07647026514e-13, 5.49857502466e-14, 4.90157671667e-14],
        "max": [0.000275988248177, 0.00683084502816, 0.000887101807166, 0.0004027216346, 0.00580458948389, 0.00271114800125, 0.00186511594802, 0.00193698017392, 0.00809739623219, 0.00799183361232, 0.00182156148367, 0.00447952235118, 0.00114255212247, 0.0222931895405, 0.00761944334954, 0.00691441260278, 0.0128433750942, 0.00362629978918, 0.00334232067689, 0.00102553074248, 0.000490651174914, 0.000748786376789, 1.00948509498e-05, 5.24874212715e-06, 9.09461141418e-06, 2.40353369918e-06, 2.29410738939e-06],
        "mean": [6.51103910059e-05, 0.00172099750489, 0.000236252803006, 9.94858783088e-05, 0.00139083189424, 0.000430887914263, 0.000337136589224, 0.000160916664754, 0.00237750308588, 0.00048620835878, 0.000406184990425, 0.000948226836044, 0.000231560828979, 0.0068174758926, 0.00182177359238, 0.0018634252483, 0.00364888785407, 0.00116583320778, 0.00131607381627, 0.000459931587102, 0.000241564048338, 5.67431488889e-05, 3.15996567224e-06, 1.86551358183e-06, 2.66392953563e-06, 3.31025802325e-07, 6.25255864861e-08],
        "median": [4.77124813187e-05, 0.00139624485746, 0.000214062587474, 7.09339947207e-05, 0.00115288235247, 0.000312515010592, 0.000221924070502, 0.000105693339719, 0.00203679315746, 0.000280337670119, 0.000342293060385, 0.000634836964309, 0.000183163705515, 0.00541828759015, 0.00154077704065, 0.00173991767224, 0.0029308416415, 0.00103063625284, 0.00127152062487, 0.000441263167886, 0.000236135092564, 3.77842479793e-05, 2.8865135846e-06, 1.69934060068e-06, 2.44251987169e-06, 2.97416022477e-07, 4.14504413015e-08],
        "min": [1.04620289676e-06, 7.86166310718e-06, 3.96860014007e-06, 3.71062787963e-06, 8.34240472614e-06, 3.19521609526e-06, 8.8809265435e-06, 6.89440139467e-06, 2.69007432507e-05, 6.19117963652e-06, 3.98777274313e-06, 6.05029053986e-05, 1.30660719151e-05, 6.79269214743e-05, 3.53595205524e-05, 4.50865663879e-05, 0.00010643996211, 4.97331566294e-05, 4.81026363559e-05, 9.87725798041e-06, 7.44979524825e-06, 6.73419344821e-06, 8.6513136921e-07, 7.10808365056e-07, 8.12347593637e-07, 1.1341904127e-07, 2.29716317079e-08],
        "var": [2.54936383115e-09, 1.701946303e-06, 2.16294040456e-08, 7.10709668894e-09, 1.0883993582e-06, 1.39777526442e-07, 1.1747414419e-07, 4.61158613518e-08, 2.15262434722e-06, 7.77812147135e-07, 7.68158159303e-08, 6.84701831233e-07, 3.12295682647e-08, 2.56176972471e-05, 1.41582199831e-06, 7.80333550665e-07, 5.61419392398e-06, 2.78013999377e-07, 2.43232250341e-07, 2.63372150755e-08, 5.68677993584e-09, 5.32579313983e-09, 2.28087405733e-12, 4.72308986626e-13, 1.53688964766e-12, 4.74807943884e-14, 4.64175613636e-14]
    },
    "erbbands": {
        "dmean": [0.0464193336666, 0.319407433271, 0.329499840736, 0.155080243945, 1.7788850069, 3.55628490448, 1.50794231892, 2.60014128685, 1.5612552166, 4.08488130569, 5.03895616531, 31.3625183105, 9.43160247803, 9.88254070282, 8.22405433655, 23.1479625702, 4.85259580612, 58.1540489197, 54.8391304016, 39.6583747864, 44.0035247803, 73.8665008545, 28.7123088837, 33.5867080688, 13.1610202789, 6.85967683792, 2.85229229927, 2.47237467766, 1.2180185318, 0.183910265565, 0.0397388972342, 0.0182106886059, 0.00781684461981, 0.0119426203892, 0.00119152618572, 0.000529393670149, 9.91952329059e-05, 1.87796940736e-05, 3.88014859709e-06, 4.41125757789e-06],
        "dmean2": [0.088657207787, 0.583620369434, 0.614950180054, 0.268160670996, 3.16817951202, 5.84874105453, 2.62163496017, 4.73870944977, 2.58174991608, 6.59434461594, 8.1570558548, 47.0843658447, 14.7608575821, 17.9494380951, 14.1071062088, 36.7823143005, 8.18721103668, 89.0818252563, 88.8536376953, 67.6693267822, 75.8580169678, 124.34677124, 48.4823951721, 57.2573204041, 22.6690177917, 11.473405838, 4.97494792938, 4.1532626152, 1.8834207058, 0.286253541708, 0.0697161778808, 0.0305085778236, 0.0117187295109, 0.0176554359496, 0.00207885098644, 0.000921086000744, 0.000173563545104, 3.45270782418e-05, 6.92056346452e-06, 7.38342441764e-06],
        "dvar": [0.00182511471212, 0.077939376235, 0.0719707086682, 0.021109495312, 3.06672382355, 12.3404388428, 3.16206908226, 7.76558065414, 2.46597576141, 33.3697891235, 40.2721672058, 757.157958984, 421.236877441, 84.481842041, 60.9789390564, 714.782226562, 18.9911289215, 2612.07714844, 1957.96447754, 1289.57556152, 1084.45166016, 4483.77441406, 903.948669434, 1050.32287598, 103.875175476, 32.6318435669, 5.07170772552, 4.54501676559, 6.36860799789, 0.08635122329, 0.00159347814042, 0.000240850145929, 6.85499981046e-05, 0.000145893078297, 2.412148433e-06, 4.85789144022e-07, 7.81363880265e-08, 9.20413611993e-09, 4.6779169427e-10, 1.67381750821e-11],
        "dvar2": [0.00618902081624, 0.231852158904, 0.239603891969, 0.05957493186, 8.37799739838, 31.5360774994, 9.65072250366, 23.8203811646, 6.39909172058, 70.7959518433, 79.8436660767, 1414.22497559, 677.812255859, 261.45980835, 161.865966797, 1895.47094727, 49.2118110657, 5374.13525391, 4685.421875, 3549.29418945, 3076.88085938, 11539.5751953, 2449.60400391, 3121.31518555, 300.898223877, 99.6008300781, 13.0461101532, 10.2900619507, 10.4653673172, 0.185632318258, 0.00456094369292, 0.000562916975468, 0.00015115304268, 0.000325945089571, 6.5924559749e-06, 1.22256938084e-06, 1.68342296547e-07, 1.90851583426e-08, 9.95422189121e-10, 4.17432199917e-11],
        "max": [0.202650308609, 1.51441299915, 1.47912096977, 0.889264345169, 10.5313968658, 27.0377845764, 13.3282957077, 22.6116542816, 15.8650684357, 55.7522125244, 68.1377258301, 239.828460693, 290.451385498, 94.241645813, 75.3862609863, 186.436950684, 55.4992408752, 680.573608398, 539.344665527, 390.800048828, 282.240631104, 509.300109863, 311.014953613, 308.001800537, 89.3879394531, 45.0443916321, 22.1644687653, 21.7159919739, 29.6747684479, 2.99253582954, 0.331727176905, 0.143438398838, 0.0838158503175, 0.178922429681, 0.0238301772624, 0.0106482766569, 0.00432548299432, 0.00142926140688, 0.000341186358128, 6.72218884574e-05],
        "mean": [0.0518417060375, 0.369457781315, 0.407229810953, 0.269107222557, 2.38427567482, 6.0677075386, 2.87064981461, 4.20800304413, 2.96481347084, 5.6206407547, 10.7720689774, 65.8466567993, 21.062620163, 17.798500061, 18.8904056549, 40.9620246887, 16.0328159332, 210.633346558, 203.415100098, 100.053871155, 116.977500916, 181.211517334, 90.1052474976, 86.1828536987, 43.3193664551, 21.9746894836, 9.67880439758, 8.35896873474, 2.65551042557, 0.436150848866, 0.0980924963951, 0.0563644245267, 0.0260307379067, 0.0541494525969, 0.00547523144633, 0.00230424152687, 0.00040900753811, 5.1646202337e-05, 2.60020078713e-05, 3.5977573134e-05],
        "median": [0.0416105128825, 0.291223794222, 0.34168407321, 0.229019537568, 1.7013733387, 4.16628885269, 2.37218594551, 2.91315293312, 2.04023933411, 3.4414536953, 7.6866736412, 56.9089775085, 14.6661138535, 14.1709003448, 16.2065391541, 28.0708179474, 14.2550354004, 175.657104492, 179.446731567, 92.0674285889, 106.316802979, 147.949432373, 74.0589065552, 77.4732894897, 41.8773002625, 21.2888145447, 9.21859073639, 7.95766973495, 1.79478907585, 0.298259109259, 0.0899685844779, 0.0528946742415, 0.0230357665569, 0.0484446808696, 0.00517677329481, 0.00214917724952, 0.000348508241586, 3.63838189514e-05, 2.32226320804e-05, 3.64542247553e-05],
        "min": [0.000289934600005, 0.00156261166558, 0.00432910071686, 0.00921640824527, 0.0198490153998, 0.0298203751445, 0.0238669849932, 0.0305514875799, 0.0947271436453, 0.165809497237, 0.187655031681, 0.627567231655, 0.373075604439, 0.192523285747, 0.491661965847, 2.64870619774, 0.776581466198, 2.22018885612, 2.87801742554, 2.42339324951, 2.62518644333, 6.38075828552, 3.06485629082, 2.90570402145, 1.51728641987, 0.564779877663, 0.186748668551, 0.38594403863, 0.290564507246, 0.118971094489, 0.0323844403028, 0.0194506533444, 0.00862134341151, 0.0158373229206, 0.00207594549283, 0.000708034320269, 0.000148461316712, 1.78303998837e-05, 1.47195769387e-05, 1.74359229277e-05],
        "var": [0.00188756175339, 0.0820486694574, 0.0693807080388, 0.0256222803146, 4.04465436935, 27.283033371, 4.72166252136, 13.3411827087, 6.16411066055, 50.2463569641, 82.4690475464, 1823.1965332, 972.525756836, 175.788116455, 119.456344604, 1312.94348145, 67.7032165527, 23607.609375, 11370.1816406, 2474.91015625, 2298.70874023, 11202.8486328, 3014.50439453, 1351.38256836, 188.643127441, 59.8306808472, 9.11527633667, 9.4324798584, 10.0722064972, 0.174596339464, 0.00189725414384, 0.000419321324443, 0.000128789222799, 0.000679603312165, 4.76803279525e-06, 1.10030975975e-06, 1.4649954494e-07, 1.76068670754e-08, 8.86910100917e-10, 2.61971069837e-11]
    },
    "gfcc": {
        "mean": [-0.109116829932, 117.614189148, -197.449981689, 44.253818512, -25.8659534454, -4.63142728806, -22.9704341888, 7.89615392685, -13.9459114075, 2.24128270149, -14.834444046, -10.7031316757, 6.69215250015],
        "cov": [[158.022140503, 86.2811126709, -6.36090707779, 40.869392395, -8.14808368683, -8.73065090179, 1.70941913128, -5.07707309723, -8.49868297577, -6.49657487869, 1.90415048599, 8.27833557129, 10.5440664291], [86.2811126709, 112.318809509, -5.24342441559, 13.3942165375, -8.20056629181, -21.9091186523, 3.59670519829, 3.0584025383, -0.315288335085, -5.20706892014, -2.4790186882, -6.61581468582, 19.105178833], [-6.36090707779, -5.24342441559, 51.1891288757, 21.6159267426, 12.4660177231, 2.54411792755, -5.0820183754, 5.05560922623, -1.4158090353, 1.23985135555, 0.198351308703, 5.21536588669, -9.98351192474], [40.869392395, 13.3942165375, 21.6159267426, 62.7679634094, 18.7797164917, 1.4819303751, -4.21335315704, -5.05759525299, -1.96748030186, -3.25625300407, 2.48385596275, 9.52773284912, 0.327162981033], [-8.14808368683, -8.20056629181, 12.4660177231, 18.7797164917, 65.9189529419, 41.7161827087, 16.3319301605, 0.0296920072287, -4.52391576767, 26.2021827698, 10.3839654922, -7.75085544586, -7.44429349899], [-8.73065090179, -21.9091186523, 2.54411792755, 1.4819303751, 41.7161827087, 66.1259613037, 34.0248184204, 5.27865791321, 4.06471824646, 27.725851059, 13.6679811478, -5.56536436081, -6.27318525314], [1.70941913128, 3.59670519829, -5.0820183754, -4.21335315704, 16.3319301605, 34.0248184204, 51.1198348999, 25.9767208099, 17.0052585602, 14.8066387177, -2.29761791229, 2.39228272438, 3.15822577477], [-5.07707309723, 3.0584025383, 5.05560922623, -5.05759525299, 0.0296920072287, 5.27865791321, 25.9767208099, 56.4617652893, 29.6790428162, 8.12522411346, 3.06406712532, -0.561746180058, 9.02857398987], [-8.49868297577, -0.315288335085, -1.4158090353, -1.96748030186, -4.52391576767, 4.06471824646, 17.0052585602, 29.6790428162, 53.2320365906, 23.0781059265, 3.91086506844, -1.08797252178, -3.65814256668], [-6.49657487869, -5.20706892014, 1.23985135555, -3.25625300407, 26.2021827698, 27.725851059, 14.8066387177, 8.12522411346, 23.0781059265, 57.5550537109, 25.2917690277, -9.75749874115, -4.49478673935], [1.90415048599, -2.4790186882, 0.198351308703, 2.48385596275, 10.3839654922, 13.6679811478, -2.29761791229, 3.06406712532, 3.91086506844, 25.2917690277, 37.2870063782, 8.110206604, 4.79277181625], [8.27833557129, -6.61581468582, 5.21536588669, 9.52773284912, -7.75085544586, -5.56536436081, 2.39228272438, -0.561746180058, -1.08797252178, -9.75749874115, 8.110206604, 35.6750602722, 12.2416582108], [10.5440664291, 19.105178833, -9.98351192474, 0.327162981033, -7.44429349899, -6.27318525314, 3.15822577477, 9.02857398987, -3.65814256668, -4.49478673935, 4.79277181625, 12.2416582108, 34.8011360168]],
        "icov": [[0.0204642992467, -0.0192408878356, 0.012345331721, -0.014954042621, 0.0120277740061, -0.0151498075575, 0.0128664746881, -0.0121528077871, 0.0129535533488, -0.0125146303326, 0.0117142638192, -0.0174794662744, 0.0141524998471], [-0.0192408878356, 0.0328376553953, -0.0149583537132, 0.0102339945734, -0.0127577893436, 0.0276728961617, -0.0274510774761, 0.0196783840656, -0.0152346352115, 0.0171676259488, -0.0210096370429, 0.0310699008405, -0.0243596099317], [0.012345331721, -0.0149583537132, 0.0401546619833, -0.0177091434598, 0.00684321299195, -0.0178867373616, 0.0264052599669, -0.0260569676757, 0.0182177685201, -0.0192350763828, 0.0218737255782, -0.0286029987037, 0.025240207091], [-0.014954042621, 0.0102339945734, -0.0177091434598, 0.0355259440839, -0.0197357479483, 0.0123281059787, -0.00741613609716, 0.0141244968399, -0.0165686812252, 0.0162956248969, -0.0108277872205, 0.00744298053905, -0.0122564127669], [0.0120277740061, -0.0127577893436, 0.00684321299195, -0.0197357479483, 0.0437313318253, -0.0296768378466, 0.013049563393, -0.0145608158782, 0.0212049931288, -0.024070456624, 0.0153427571058, -0.0109990565106, 0.0129828080535], [-0.0151498075575, 0.0276728961617, -0.0178867373616, 0.0123281059787, -0.0296768378466, 0.0718427374959, -0.0598612464964, 0.0311672966927, -0.0150373615324, 0.0207672156394, -0.0408441610634, 0.038117621094, -0.0185819435865], [0.0128664746881, -0.0274510774761, 0.0264052599669, -0.00741613609716, 0.013049563393, -0.0598612464964, 0.0907704532146, -0.0477366000414, 0.0167717672884, -0.0339156351984, 0.0554032549262, -0.0526287220418, 0.0232296399772], [-0.0121528077871, 0.0196783840656, -0.0260569676757, 0.0141244968399, -0.0145608158782, 0.0311672966927, -0.0477366000414, 0.0603293217719, -0.0365835800767, 0.0319682843983, -0.0364081896842, 0.0392613299191, -0.032057762146], [0.0129535533488, -0.0152346352115, 0.0182177685201, -0.0165686812252, 0.0212049931288, -0.0150373615324, 0.0167717672884, -0.0365835800767, 0.0548171363771, -0.0388972088695, 0.0261985119432, -0.0274968072772, 0.0264176744968], [-0.0125146303326, 0.0171676259488, -0.0192350763828, 0.0162956248969, -0.024070456624, 0.0207672156394, -0.0339156351984, 0.0319682843983, -0.0388972088695, 0.0689646601677, -0.0540998727083, 0.04236510396, -0.0205587260425], [0.0117142638192, -0.0210096370429, 0.0218737255782, -0.0108277872205, 0.0153427571058, -0.0408441610634, 0.0554032549262, -0.0364081896842, 0.0261985119432, -0.0540998727083, 0.0859279558063, -0.0538043379784, 0.0175574366003], [-0.0174794662744, 0.0310699008405, -0.0286029987037, 0.00744298053905, -0.0109990565106, 0.038117621094, -0.0526287220418, 0.0392613299191, -0.0274968072772, 0.04236510396, -0.0538043379784, 0.0847036764026, -0.0407318100333], [0.0141524998471, -0.0243596099317, 0.025240207091, -0.0122564127669, 0.0129828080535, -0.0185819435865, 0.0232296399772, -0.032057762146, 0.0264176744968, -0.0205587260425, 0.0175574366003, -0.0407318100333, 0.0628435090184]]
    },
    "melbands": {
        "dmean": [0.00040121958591, 0.000250818789937, 5.71397031308e-05, 0.000216111526242, 6.13938464085e-05, 5.49473588762e-05, 3.19325554301e-05, 3.78902950615e-05, 6.04124725214e-05, 0.000197221670533, 4.35634829046e-05, 4.07370134781e-05, 2.6197929401e-05, 7.74504733272e-05, 1.81873219844e-05, 1.25616788864e-05, 0.000148866034579, 0.000133468594868, 7.26840080461e-05, 5.42455163668e-05, 6.38380006421e-05, 7.39378883736e-05, 6.36378463241e-05, 2.45375886152e-05, 3.16329533234e-05, 1.46342308653e-05, 7.79529818828e-06, 4.33920195064e-06, 1.62144920068e-06, 2.49189884016e-06, 1.16508442716e-06, 9.20251522984e-07, 2.89890891736e-07, 3.75549689124e-08, 2.58637768979e-08, 1.74182197554e-08, 1.15527685196e-08, 5.84430459583e-09, 9.07352148971e-09, 9.80758940727e-09],
        "dmean2": [0.000749824917875, 0.000458728900412, 0.00010060013301, 0.000373168499209, 0.000106114741357, 0.000100784345705, 5.24402312294e-05, 6.24430249445e-05, 9.63889542618e-05, 0.000290688592941, 6.9583657023e-05, 7.42516058381e-05, 4.48124228569e-05, 0.000123171150335, 2.76707924058e-05, 2.14672945731e-05, 0.000228125136346, 0.000215330161154, 0.000116506300401, 9.30024179979e-05, 0.000110765831778, 0.000122917466797, 0.000108990381705, 4.0022234316e-05, 5.40337750863e-05, 2.52785412158e-05, 1.31157967189e-05, 7.34751256459e-06, 2.77431468021e-06, 4.09860240325e-06, 1.94597282643e-06, 1.4218975366e-06, 4.6921206831e-07, 6.36072456928e-08, 4.65108058734e-08, 3.0899496295e-08, 1.88228277409e-08, 9.51094225599e-09, 1.32119541973e-08, 1.47811372031e-08],
        "dvar": [1.32224300842e-07, 5.0926445283e-08, 2.6998583369e-09, 4.73241854593e-08, 4.47818582217e-09, 3.64845575973e-09, 1.10930131747e-09, 3.29669380683e-09, 5.98382232653e-09, 2.91381425654e-08, 1.09928830483e-08, 1.54230528349e-09, 6.96336543982e-10, 7.46912220961e-09, 3.37501027126e-10, 1.12098878791e-10, 1.71962337703e-08, 1.21468302083e-08, 4.14056788856e-09, 3.22561577448e-09, 2.49379006334e-09, 4.38554792481e-09, 6.03921757047e-09, 5.62961177675e-10, 8.99869956328e-10, 1.31349056631e-10, 3.99068278423e-11, 1.26123807578e-11, 1.67504649474e-12, 4.77084821301e-12, 1.29120650803e-12, 4.65091333501e-12, 3.17780659643e-13, 1.76586474816e-15, 7.14833127045e-16, 3.24844520341e-16, 9.87808830471e-17, 3.88024899782e-17, 1.15551480276e-16, 9.89533799833e-17],
        "dvar2": [4.31782240184e-07, 1.56881171165e-07, 7.08246217229e-09, 1.35259227818e-07, 1.12584226386e-08, 1.11893960764e-08, 2.84259060734e-09, 7.02056368596e-09, 1.29511059654e-08, 5.40451772224e-08, 1.807063299e-08, 4.48606618519e-09, 1.96778304762e-09, 2.0200179307e-08, 8.98347951583e-10, 3.19909349011e-10, 3.61774112889e-08, 2.80383876117e-08, 1.0949348983e-08, 9.46085076947e-09, 7.05998681738e-09, 1.18746017463e-08, 1.63892188709e-08, 1.77220804698e-09, 2.68879607468e-09, 3.65046298745e-10, 1.11562377392e-10, 3.73163479284e-11, 4.80622789831e-12, 1.2739251494e-11, 3.34051666537e-12, 8.48496706923e-12, 7.48245107367e-13, 4.17312677267e-15, 1.99752518874e-15, 9.08234571704e-16, 2.40146863678e-16, 8.91433289384e-17, 2.25936112513e-16, 2.25711966419e-16],
        "max": [0.00186409335583, 0.00125992833637, 0.000314572971547, 0.00151569431182, 0.000450036604889, 0.00050638493849, 0.000294244004181, 0.00052914454136, 0.00077925005462, 0.00153455627151, 0.00145853066351, 0.000454227469163, 0.00027437438257, 0.000624635955319, 0.000133190507768, 0.000154918903718, 0.0017124278238, 0.00137161288876, 0.000745415629353, 0.000572791846935, 0.000410169101087, 0.000478395610116, 0.000827050127555, 0.00018852573703, 0.000274676160188, 8.03077346063e-05, 5.2842671721e-05, 2.73202622338e-05, 1.1028389963e-05, 1.80429888132e-05, 1.32524382934e-05, 2.45769060712e-05, 5.35063418283e-06, 4.797483939e-07, 2.21808477363e-07, 1.54813164954e-07, 8.51786055023e-08, 5.43289573329e-08, 1.3108203234e-07, 1.40863718912e-07],
        "mean": [0.00048191062524, 0.000316488411045, 8.64205430844e-05, 0.000336302386131, 0.000134616813739, 8.7409374828e-05, 5.38512067578e-05, 5.24832321389e-05, 0.000115995891974, 0.000414660025854, 8.38615160319e-05, 6.8739442213e-05, 5.23573035025e-05, 0.000130721658934, 3.72865979443e-05, 2.95916670439e-05, 0.000519765657373, 0.000452312320704, 0.000174639935722, 0.000102347265056, 0.000148419756442, 0.000177563400939, 0.000161870470038, 5.30396719114e-05, 7.4329895142e-05, 3.88330190617e-05, 2.34421531786e-05, 1.17257704915e-05, 4.62380148747e-06, 7.61056026022e-06, 3.53336372427e-06, 1.65141295838e-06, 6.25152836164e-07, 8.89391671421e-08, 5.33887778431e-08, 4.16183745244e-08, 3.07280849654e-08, 1.49387400228e-08, 3.18759063589e-08, 4.48441532797e-08],
        "median": [0.000381650344934, 0.00025914091384, 6.76298805047e-05, 0.000249147589784, 0.000112647830974, 6.21974031674e-05, 3.59747427865e-05, 3.16052901326e-05, 7.48930324335e-05, 0.000358703662641, 4.97115179314e-05, 5.34918799531e-05, 4.18160379922e-05, 8.85264671524e-05, 2.82747714664e-05, 2.62162466242e-05, 0.000418749725213, 0.000368953216821, 0.000138089904794, 8.96656274563e-05, 0.000130021100631, 0.000157274436788, 9.1925241577e-05, 4.62608404632e-05, 6.62754973746e-05, 3.78818949685e-05, 2.24384893954e-05, 1.12521647679e-05, 4.50769130111e-06, 7.33731212677e-06, 3.30162606588e-06, 1.02016667825e-06, 4.05229002354e-07, 7.56993969731e-08, 4.76950248185e-08, 3.69623158747e-08, 2.82183538758e-08, 1.32762574268e-08, 2.86025905183e-08, 3.95832486788e-08],
        "min": [2.62259868578e-06, 2.23619713324e-06, 1.88936678569e-06, 1.86228771781e-06, 9.58509076554e-07, 6.87510919306e-07, 1.57351917096e-06, 1.78198956746e-06, 1.73100386291e-06, 4.1525800043e-06, 1.75107356881e-06, 7.16695751635e-07, 7.60846205594e-07, 6.45822638035e-06, 4.29975352745e-06, 1.10073870019e-06, 4.96721122545e-06, 5.72210137761e-06, 2.54941642197e-06, 3.26679264617e-06, 2.97289579976e-06, 6.81258734403e-06, 4.26891756433e-06, 2.15429781747e-06, 2.44052512244e-06, 1.64514165135e-06, 4.84683880586e-07, 3.47651877064e-07, 7.52518829472e-08, 1.77353683739e-07, 2.21699949066e-07, 1.86458265716e-07, 9.848502458e-08, 2.49995100177e-08, 1.71739742427e-08, 1.14829452613e-08, 1.03367838733e-08, 4.20066070816e-09, 8.92790641416e-09, 1.32108350925e-08],
        "var": [1.37826489777e-07, 4.85241073989e-08, 4.2018939439e-09, 7.19868609167e-08, 9.20589027231e-09, 5.85748693993e-09, 2.4160236034e-09, 4.67133354221e-09, 1.28753558926e-08, 7.30098221879e-08, 2.50876901475e-08, 3.1567717329e-09, 1.40758260603e-09, 1.33472290997e-08, 7.82240605623e-10, 3.60346030792e-10, 1.51893104317e-07, 8.54382236071e-08, 1.42661260583e-08, 3.69655372978e-09, 5.05770092474e-09, 8.42206127061e-09, 2.55780268077e-08, 7.25718152239e-10, 1.15052956051e-09, 2.1350213264e-10, 7.37303204601e-11, 2.1330496397e-11, 2.7421767114e-12, 7.73503310014e-12, 2.35953943016e-12, 6.4496832354e-12, 5.54501702801e-13, 3.29468478494e-15, 7.81065174289e-16, 4.19557468101e-16, 1.62899430887e-16, 5.70972932169e-17, 2.91831093584e-16, 4.77346264458e-16]
    },
    "mfcc": {
        "mean": [-617.317687988, 134.633453369, -86.3920669556, 45.8108558655, 6.79457759857, 2.30388879776, 4.03464889526, -3.8154270649, 16.8091888428, 1.81975436211, 7.4851937294, -8.21828174591, -9.69130992889],
        "cov": [[199.398162842, 57.4597091675, 1.28690242767, 36.7368469238, -10.2945098877, -1.33579146862, 0.731910347939, -2.43218183517, -0.0932954326272, -22.3955860138, -9.61691379547, -4.42989397049, 13.3493700027], [57.4597091675, 84.2006225586, -4.41668224335, 8.82883930206, -12.4048881531, -11.4802894592, 1.42982399464, -7.53368186951, 10.2292947769, 6.12633323669, -12.7159738541, -1.08703482151, 3.13904881477], [1.28690242767, -4.41668224335, 45.8300819397, 14.7085533142, 4.97789716721, -10.3886623383, -11.7456855774, 4.99188423157, -3.87944221497, -7.87069559097, 3.69503760338, 4.95705270767, 5.60086250305], [36.7368469238, 8.82883930206, 14.7085533142, 61.7495155334, 16.7061252594, 2.78498363495, -7.20973825455, 3.94571590424, -0.408692270517, -9.32443809509, 0.787356197834, -7.70761537552, -5.66604185104], [-10.2945098877, -12.4048881531, 4.97789716721, 16.7061252594, 49.1601066589, 18.8025531769, 17.2061519623, -6.16854143143, -9.20305538177, 6.32125425339, 10.9552793503, 3.10480880737, -9.57994937897], [-1.33579146862, -11.4802894592, -10.3886623383, 2.78498363495, 18.8025531769, 69.7616882324, 29.462978363, 1.4086381197, -7.59302330017, 13.6430253983, 16.8648071289, -9.42240047455, -5.49339389801], [0.731910347939, 1.42982399464, -11.7456855774, -7.20973825455, 17.2061519623, 29.462978363, 59.7771339417, 4.05463266373, 3.49627733231, 9.81516647339, -0.0902829095721, 3.81914258003, 4.30299472809], [-2.43218183517, -7.53368186951, 4.99188423157, 3.94571590424, -6.16854143143, 1.4086381197, 4.05463266373, 48.4580955505, 18.0804748535, 2.23530554771, -1.58209276199, -1.87074792385, 5.37722444534], [-0.0932954326272, 10.2292947769, -3.87944221497, -0.408692270517, -9.20305538177, -7.59302330017, 3.49627733231, 18.0804748535, 44.5131340027, 22.4074039459, 3.31155610085, 3.77966737747, 6.65012788773], [-22.3955860138, 6.12633323669, -7.87069559097, -9.32443809509, 6.32125425339, 13.6430253983, 9.81516647339, 2.23530554771, 22.4074039459, 69.7439193726, 20.7059898376, 8.45555686951, 2.03053617477], [-9.61691379547, -12.7159738541, 3.69503760338, 0.787356197834, 10.9552793503, 16.8648071289, -0.0902829095721, -1.58209276199, 3.31155610085, 20.7059898376, 47.295791626, 14.1316623688, -4.79736280441], [-4.42989397049, -1.08703482151, 4.95705270767, -7.70761537552, 3.10480880737, -9.42240047455, 3.81914258003, -1.87074792385, 3.77966737747, 8.45555686951, 14.1316623688, 42.1190757751, 13.2960891724], [13.3493700027, 3.13904881477, 5.60086250305, -5.66604185104, -9.57994937897, -5.49339389801, 4.30299472809, 5.37722444534, 6.65012788773, 2.03053617477, -4.79736280441, 13.2960891724, 43.7510757446]],
