{
"lowlevel": {
    "average_loudness": 0.982163071632,
    "barkbands_crest": {
        "dmean": 2.08579230309,
        "dmean2": 3.47372841835,
        "dvar": 3.11037874222,
        "dvar2": 8.30791473389,
        "max": 17.8907375336,
        "mean": 7.21051931381,
        "median": 6.45652723312,
        "min": 2.98833942413,
        "var": 8.11238574982
    },
    "barkbands_flatness_db": {
        "dmean": 0.0157420933247,
        "dmean2": 0.0254739969969,
        "dvar": 0.000133125155116,
        "dvar2": 0.000305944355205,
        "max": 0.212417945266,
        "mean": 0.154167413712,
        "median": 0.15357221663,
        "min": 0.104491494596,
        "var": 0.000371002272004
    },
    "barkbands_kurtosis": {
        "dmean": 0.725654125214,
        "dmean2": 1.27054286003,
        "dvar": 0.951555609703,
        "dvar2": 2.90986967087,
        "max": 5.14719676971,
        "mean": -0.792170286179,
        "median": -1.11416566372,
        "min": -1.70963585377,
        "var": 1.09228658676
    },
    "barkbands_skewness": {
        "dmean": 0.533569216728,
        "dmean2": 0.891291379929,
        "dvar": 0.264720261097,
        "dvar2": 0.735985815525,
        "max": 1.80756962299,
        "mean": -0.348506063223,
        "median": -0.327625840902,
        "min": -2.39549851418,
        "var": 0.408640652895
    },
    "barkbands_spread": {
        "dmean": 5.70017766953,
        "dmean2": 9.72166728973,
        "dvar": 16.4079723358,
        "dvar2": 52.3378982544,
        "max": 38.2687759399,
        "mean": 26.584903717,
        "median": 27.1139392853,
        "min": 11.3397073746,
        "var": 33.4855880737
    },
    "dissonance": {
        "dmean": 0.0127738388255,
        "dmean2": 0.021437028423,
        "dvar": 0.000103499340184,
        "dvar2": 0.000294910074444,
        "max": 0.499789863825,
        "mean": 0.483381509781,
        "median": 0.486233144999,
        "min": 0.435984611511,
        "var": 0.000148630002514
    },
    "dynamic_complexity": 0.66123688221,
    "erbbands_crest": {
        "dmean": 2.97288060188,
        "dmean2": 4.87631940842,
        "dvar": 5.903632164,
        "dvar2": 15.7244825363,
        "max": 21.2128238678,
        "mean": 10.0905952454,
        "median": 9.46332836151,
        "min": 4.74564838409,
        "var": 11.9471702576
    },
    "erbbands_flatness_db": {
        "dmean": 0.0177892968059,
        "dmean2": 0.0286177024245,
        "dvar": 0.000217013526708,
        "dvar2": 0.000468561658636,
        "max": 0.323124885559,
        "mean": 0.255881786346,
        "median": 0.250441282988,
        "min": 0.157531112432,
        "var": 0.000600408762693
    },
    "erbbands_kurtosis": {
        "dmean": 2.32331943512,
        "dmean2": 4.15374612808,
        "dvar": 6.59441375732,
        "dvar2": 20.0924854279,
        "max": 17.5782794952,
        "mean": 1.73825788498,
        "median": 1.12798690796,
        "min": -1.55123102665,
        "var": 6.96397542953
    },
    "erbbands_skewness": {
        "dmean": 0.512906014919,
        "dmean2": 0.892601847649,
        "dvar": 0.154644414783,
        "dvar2": 0.493229925632,
        "max": -0.135535731912,
        "mean": -1.210247159,
        "median": -1.18209075928,
        "min": -2.60204172134,
        "var": 0.257420688868
    },
    "erbbands_spread": {
        "dmean": 5.69451284409,
        "dmean2": 9.85342597961,
        "dvar": 33.5423774719,
        "dvar2": 89.5255889893,
        "max": 48.9776115417,
        "mean": 19.3113803864,
        "median": 18.8294334412,
        "min": 4.4194893837,
        "var": 50.8353538513
    },
    "hfc": {
        "dmean": 9.94143199921,
        "dmean2": 15.7375764847,
        "dvar": 66.4975738525,
        "dvar2": 153.270568848,
        "max": 73.5239334106,
        "mean": 34.7375831604,
        "median": 32.6814231873,
        "min": 3.26191711426,
        "var": 170.572998047
    },
    "melbands_crest": {
        "dmean": 2.67336344719,
        "dmean2": 4.60570144653,
        "dvar": 4.61291980743,
        "dvar2": 13.9036626816,
        "max": 16.5188426971,
        "mean": 7.86959171295,
        "median": 7.22967529297,
        "min": 2.66142582893,
        "var": 7.59387302399
    },
    "melbands_flatness_db": {
        "dmean": 0.0242814626545,
        "dmean2": 0.0405544191599,
        "dvar": 0.000331653136527,
        "dvar2": 0.000957802054472,
        "max": 0.276441037655,
        "mean": 0.183791384101,
        "median": 0.184551686049,
        "min": 0.132389262319,
        "var": 0.000550183583982
    },
    "melbands_kurtosis": {
        "dmean": 0.971880018711,
        "dmean2": 1.74076890945,
        "dvar": 2.34278249741,
        "dvar2": 6.52887487411,
        "max": 11.10896492,
        "mean": -0.446105182171,
        "median": -0.924533843994,
        "min": -1.69920301437,
        "var": 2.66317391396
    },
    "melbands_skewness": {
        "dmean": 0.56577038765,
        "dmean2": 0.951257526875,
        "dvar": 0.319776087999,
        "dvar2": 0.853539943695,
        "max": 3.27813386917,
        "mean": 0.598887383938,
        "median": 0.532010257244,
        "min": -1.12587141991,
        "var": 0.475526094437
    },
    "melbands_spread": {
        "dmean": 11.2729539871,
        "dmean2": 19.5176544189,
        "dvar": 70.5829467773,
        "dvar2": 227.29309082,
        "max": 79.9120101929,
        "mean": 51.5185241699,
        "median": 51.8591156006,
        "min": 15.6307754517,
        "var": 125.350547791
    },
    "pitch_salience": {
        "dmean": 0.0676060467958,
        "dmean2": 0.111629232764,
        "dvar": 0.00299913482741,
        "dvar2": 0.00810639653355,
        "max": 0.776408731937,
        "mean": 0.631353259087,
        "median": 0.631441295147,
        "min": 0.380199164152,
        "var": 0.00541904941201
    },
    "silence_rate_20dB": {
        "dmean": 0,
        "dmean2": 0,
        "dvar": 0,
        "dvar2": 0,
        "max": 1,
        "mean": 1,
        "median": 1,
        "min": 1,
        "var": 0
    },
    "silence_rate_30dB": {
        "dmean": 0,
        "dmean2": 0,
        "dvar": 0,
        "dvar2": 0,
        "max": 1,
        "mean": 1,
        "median": 1,
        "min": 1,
        "var": 0
    },
    "silence_rate_60dB": {
        "dmean": 0,
        "dmean2": 0,
        "dvar": 0,
        "dvar2": 0,
        "max": 0,
        "mean": 0,
        "median": 0,
        "min": 0,
        "var": 0
    },
    "spectral_centroid": {
        "dmean": 248.690200806,
        "dmean2": 421.94744873,
        "dvar": 39626.4765625,
        "dvar2": 111054.546875,
        "max": 2465.41333008,
        "mean": 2004.25024414,
        "median": 2034.31494141,
        "min": 963.953979492,
        "var": 62942.09375
    },
    "spectral_complexity": {
        "dmean": 4.42857122421,
        "dmean2": 6.65467643738,
        "dvar": 10.0306129456,
        "dvar2": 25.7224750519,
        "max": 44,
        "mean": 30.8156032562,
        "median": 32,
        "min": 7,
        "var": 31.2709579468
    },
    "spectral_decrease": {
        "dmean": 1.40788281033e-09,
        "dmean2": 2.32898833552e-09,
        "dvar": 1.27264125725e-18,
        "dvar2": 3.19312664794e-18,
        "max": -9.48063183515e-10,
        "mean": -5.70555780399e-09,
        "median": -5.76190917201e-09,
        "min": -9.31568866491e-09,
        "var": 2.69828859395e-18
    },
    "spectral_energy": {
        "dmean": 0.00600754888728,
        "dmean2": 0.00982064008713,
        "dvar": 2.18467612285e-05,
        "dvar2": 5.37011619599e-05,
        "max": 0.0397481843829,
        "mean": 0.0246848501265,
        "median": 0.0248134043068,
        "min": 0.00387406884693,
        "var": 5.10586614837e-05
    },
    "spectral_energyband_high": {
        "dmean": 0.000133756941068,
        "dmean2": 0.000229298297199,
        "dvar": 3.12595886953e-08,
        "dvar2": 8.54906332393e-08,
        "max": 0.00140907452442,
        "mean": 0.000194039006601,
        "median": 0.000148572638864,
        "min": 1.88550093299e-05,
        "var": 2.85195582705e-08
    },
    "spectral_energyband_low": {
        "dmean": 0.00179541134275,
        "dmean2": 0.00309096253477,
        "dvar": 2.20424931285e-06,
        "dvar2": 6.28230463917e-06,
        "max": 0.00873062945902,
        "mean": 0.00253365631215,
        "median": 0.00203487300314,
        "min": 0.000111299494165,
        "var": 3.17425497087e-06
    },
    "spectral_energyband_middle_high": {
        "dmean": 0.00438639335334,
        "dmean2": 0.00697526335716,
        "dvar": 1.4268051018e-05,
        "dvar2": 3.2866224501e-05,
        "max": 0.0330870375037,
        "mean": 0.0145313469693,
        "median": 0.0136321280152,
        "min": 0.00103393325116,
        "var": 3.35731092491e-05
    },
    "spectral_energyband_middle_low": {
        "dmean": 0.00395302474499,
        "dmean2": 0.00707176979631,
        "dvar": 1.03861184471e-05,
        "dvar2": 3.06019501295e-05,
        "max": 0.0197056606412,
        "mean": 0.00778822088614,
        "median": 0.00749982753769,
        "min": 0.000922860985156,
        "var": 1.30829166665e-05
    },
    "spectral_entropy": {
        "dmean": 0.109396986663,
        "dmean2": 0.177090466022,
        "dvar": 0.00891038682312,
        "dvar2": 0.0203410703689,
        "max": 7.64258766174,
        "mean": 7.40436792374,
        "median": 7.42895793915,
        "min": 7.02171754837,
        "var": 0.0180025007576
    },
    "spectral_flux": {
        "dmean": 0.0140694789588,
        "dmean2": 0.0226538851857,
        "dvar": 0.000151549902512,
        "dvar2": 0.000380766607122,
        "max": 0.162109687924,
        "mean": 0.102924466133,
        "median": 0.101884439588,
        "min": 0.0551284775138,
        "var": 0.000288188544801
    },
    "spectral_kurtosis": {
        "dmean": 5.31089353561,
        "dmean2": 9.73969459534,
        "dvar": 20.5900478363,
        "dvar2": 59.3209152222,
        "max": 22.8103504181,
        "mean": 8.35965824127,
        "median": 6.73635101318,
        "min": 1.85110187531,
        "var": 27.0821800232
    },
    "spectral_rms": {
        "dmean": 0.000608837523032,
        "dmean2": 0.000987334642559,
        "dvar": 2.29325038958e-07,
        "dvar2": 5.3160903235e-07,
        "max": 0.00622725579888,
        "mean": 0.00484965601936,
        "median": 0.00492018274963,
        "min": 0.00194411398843,
        "var": 5.63630976558e-07
    },
    "spectral_rolloff": {
        "dmean": 209.948730469,
        "dmean2": 337.095275879,
        "dvar": 42983.8632812,
        "dvar2": 118439.679688,
        "max": 3143.84765625,
        "mean": 2432.03125,
        "median": 2433.25195312,
        "min": 925.927734375,
        "var": 55903.0507812
    },
    "spectral_skewness": {
        "dmean": 0.470829933882,
        "dmean2": 0.867947816849,
        "dvar": 0.136030569673,
        "dvar2": 0.391136199236,
        "max": 2.47739839554,
        "mean": 1.18097257614,
        "median": 1.07537329197,
        "min": 0.448070734739,
        "var": 0.197021260858
    },
    "spectral_spread": {
        "dmean": 161965.453125,
        "dmean2": 265542.625,
        "dvar": 16799383552,
        "dvar2": 46749274112,
        "max": 2624666.25,
        "mean": 1871871.5,
        "median": 1878530.25,
        "min": 1403761.375,
        "var": 34839285760
    },
    "spectral_strongpeak": {
        "dmean": 1.94453299046,
        "dmean2": 3.30785322189,
        "dvar": 2.8745443821,
        "dvar2": 7.69009876251,
        "max": 10.5667991638,
        "mean": 2.17456173897,
        "median": 1.41511237621,
        "min": 0.0559592284262,
        "var": 5.33417224884
    },
    "zerocrossingrate": {
        "dmean": 0.00583147304133,
        "dmean2": 0.00781601294875,
        "dvar": 3.13682794513e-05,
        "dvar2": 4.35036599811e-05,
        "max": 0.09521484375,
        "mean": 0.0747589766979,
        "median": 0.07568359375,
        "min": 0.02490234375,
        "var": 0.000108579202788
    },
    "barkbands": {
        "dmean": [1.23279114632e-05, 0.00125422119163, 0.000705084297806, 0.000815142062493, 0.00209603062831, 0.000900822982658, 0.000285331596388, 0.000226740987273, 0.00217205402441, 0.000548170588445, 0.000233513565036, 0.000630619062576, 0.000170027880813, 0.000856837548781, 0.00126003823243, 0.00227838149294, 0.0017218652647, 0.000502772571053, 0.000391170498915, 0.00011465348507, 8.40943175717e-05, 1.86738470802e-05, 7.45161173654e-07, 1.20581876217e-06, 3.21108785784e-07, 1.58641725534e-07, 1.53876751341e-08],
        "dmean2": [1.98867510335e-05, 0.00214832276106, 0.00120326480828, 0.00152852479368, 0.00374614167958, 0.00150951661635, 0.000529655604623, 0.000398111325921, 0.00405943114311, 0.000975771050435, 0.000392740243115, 0.00112384289969, 0.000270098156761, 0.00151013070717, 0.00219445046969, 0.00357660697773, 0.0027210151311, 0.000804722192697, 0.000635176838841, 0.000189349157154, 0.000148727805936, 3.35322911269e-05, 1.32634943384e-06, 2.18299169319e-06, 5.70461850202e-07, 2.84044716636e-07, 1.78804864248e-08],
        "dvar": [1.56371054993e-10, 1.48657875343e-06, 3.61066298638e-07, 8.59023373323e-07, 3.67770462617e-06, 1.29321733766e-06, 1.08772724161e-07, 9.02714205608e-08, 4.45142950412e-06, 3.72166653051e-07, 6.52350564678e-08, 4.64311284532e-07, 7.15366041959e-08, 1.29423267481e-06, 3.38439099323e-06, 6.5187787186e-06, 2.97644078273e-06, 2.05316325719e-07, 3.33274499553e-07, 1.18133556271e-08, 1.99205771878e-08, 6.05023420253e-10, 4.45940457955e-13, 3.10966248411e-12, 2.30951705243e-13, 4.9739116363e-14, 1.08022814801e-14],
        "dvar2": [3.50713902364e-10, 4.52870654044e-06, 8.63516049776e-07, 2.6099214665e-06, 1.03003494587e-05, 3.38915947395e-06, 3.18603866845e-07, 2.78363444295e-07, 1.39758103614e-05, 1.02495380361e-06, 1.28875313976e-07, 1.26905399611e-06, 1.86798715163e-07, 3.75384888684e-06, 8.31888974062e-06, 1.52864031406e-05, 7.6409041867e-06, 5.21462993675e-07, 9.1438414529e-07, 2.93997928225e-08, 5.6458180353e-08, 1.64730551422e-09, 1.21773641518e-12, 9.03033550714e-12, 6.66632493564e-13, 1.26781601168e-13, 1.07494427178e-14],
        "max": [8.14430168248e-05, 0.00729020312428, 0.00468112807721, 0.0067248204723, 0.00952528510243, 0.00682487571612, 0.00190044741612, 0.00255610747263, 0.0140067664906, 0.00396482180804, 0.00164908263832, 0.00453340727836, 0.00310558266938, 0.0069307750091, 0.0138734625652, 0.0244090110064, 0.0165152531117, 0.00335475453176, 0.00486176507547, 0.000647046428639, 0.00117947976105, 0.000136671500513, 3.60110925612e-06, 1.11441331683e-05, 3.78192089556e-06, 1.22197832297e-06, 1.24810890156e-06],
        "mean": [1.72478539753e-05, 0.00135636795312, 0.000854323443491, 0.000783350784332, 0.00257378653623, 0.00112516921945, 0.00037001518649, 0.000309692812152, 0.00251449039206, 0.000770240148995, 0.000377159973141, 0.000826225383207, 0.000252386351349, 0.0010830250103, 0.00181910058018, 0.00402857223526, 0.00360480952077, 0.00099556252826, 0.000701786018908, 0.000192925552255, 0.000106345301901, 1.87102323252e-05, 1.0934754755e-06, 1.68909673448e-06, 5.91265632011e-07, 1.88072945662e-07, 4.19291517062e-08],
        "median": [1.31119322759e-05, 0.00094027625164, 0.000595577119384, 0.000483116949908, 0.00202189898118, 0.000711197615601, 0.000276022532489, 0.000193830899661, 0.0016975562321, 0.000585816625971, 0.000247174437391, 0.000603780557867, 0.000133276640554, 0.000675797578879, 0.0011843862012, 0.00295197288506, 0.00301088788547, 0.000880886684172, 0.000538866384886, 0.000165740144439, 7.30659885448e-05, 9.99423082249e-06, 8.7720979991e-07, 1.32067657432e-06, 5.01505780903e-07, 1.21556936961e-07, 2.69966573541e-08],
        "min": [6.95961830388e-07, 6.22020161245e-05, 3.25262135448e-06, 6.19825277681e-06, 0.000165137040312, 9.73796159087e-06, 4.0184104364e-06, 2.57490100921e-05, 0.000115537819511, 6.21899525868e-05, 1.62076994457e-05, 8.7046486442e-05, 4.4843914111e-06, 2.87004404527e-05, 9.8812073702e-05, 5.18823871971e-05, 0.00027928155032, 0.000142134726048, 4.03652957175e-05, 1.26313061628e-05, 5.62948980587e-06, 1.64984521689e-06, 2.04978960028e-07, 2.45901787821e-07, 8.81774013806e-08, 2.2528269028e-08, 9.98472948766e-09],
        "var": [2.31620875257e-10, 1.78731784217e-06, 6.44097383429e-07, 8.03294369689e-07, 4.2930073505e-06, 1.42753549426e-06, 1.03199894852e-07, 1.11539385728e-07, 5.61219349038e-06, 4.23587749765e-07, 1.38009141892e-07, 4.95765561936e-07, 1.35869129281e-07, 1.39150256473e-06, 3.8542098082e-06, 1.33975036078e-05, 6.11501900494e-06, 3.91523059307e-07, 4.20204912643e-07, 1.46879459706e-08, 1.50710537383e-08, 4.9504744748e-10, 5.08616369507e-13, 2.12027986314e-12, 1.62220578767e-13, 3.75748931481e-14, 1.09443289053e-14]
    },
    "erbbands": {
        "dmean": [0.0286275688559, 0.311001449823, 0.750769615173, 1.60836470127, 5.10163450241, 8.35204792023, 6.6429476738, 8.07744693756, 2.27672672272, 5.88100242615, 12.5060777664, 60.5688743591, 11.9456338882, 17.1191711426, 15.5458459854, 20.3478679657, 6.83423995972, 39.893611908, 60.7330932617, 97.0625534058, 84.8029022217, 91.8973999023, 31.0848293304, 29.6334857941, 10.0379047394, 5.13928031921, 3.39803385735, 2.66558718681, 0.82520711422, 0.11090362072, 0.0254352204502, 0.027327472344, 0.0163640938699, 0.00674478569999, 0.000768450379837, 0.000873940996826, 0.000235802493989, 1.36111129905e-05, 5.29336330146e-06, 7.74412546889e-06],
        "dmean2": [0.0499902293086, 0.534595370293, 1.24800884724, 2.95856428146, 9.37826251984, 15.303694725, 11.2398223877, 13.8627157211, 3.95543336868, 10.3949146271, 22.7849578857, 113.58946228, 22.1649284363, 28.1606483459, 26.1394939423, 36.0459899902, 11.3496599197, 69.3710632324, 101.544624329, 154.941940308, 132.180221558, 148.60723877, 49.4230003357, 48.5747642517, 17.3774967194, 8.50923347473, 5.89153671265, 4.69323348999, 1.47422862053, 0.202313810587, 0.0458106771111, 0.0487115904689, 0.0299855861813, 0.0119792772457, 0.00133983069099, 0.00156962976325, 0.000414563168306, 1.9006740331e-05, 7.63090247347e-06, 1.24498856167e-05],
        "dvar": [0.000852088909596, 0.0896187126637, 0.406116336584, 3.62874937057, 25.234167099, 75.1336135864, 56.7284698486, 108.953491211, 5.33408308029, 49.3347473145, 136.039154053, 3583.29052734, 125.292480469, 314.721710205, 199.81262207, 473.70501709, 76.5843200684, 3220.67407227, 7374.03710938, 18753.0175781, 5275.58398438, 7499.26171875, 786.38659668, 1755.13696289, 117.882125854, 24.1988201141, 37.2765045166, 14.0391626358, 1.14267027378, 0.0144567200914, 0.000579810643103, 0.0012552983826, 0.00075457355706, 0.000106833380414, 1.56851183419e-06, 1.48496167185e-06, 1.11715912965e-07, 4.35364100326e-09, 2.06857378449e-10, 3.31360043571e-11],
        "dvar2": [0.00245775957592, 0.269241601229, 0.96927767992, 11.4108486176, 72.9519271851, 204.809371948, 152.656845093, 288.690460205, 16.1565303802, 143.639877319, 457.396972656, 11063.3466797, 351.928314209, 905.043212891, 494.363861084, 1253.01794434, 201.805221558, 9804.52539062, 16861.6503906, 45173.5039062, 13175.1132812, 20904.4765625, 1688.22766113, 4728.88867188, 317.170898438, 59.8420715332, 106.697929382, 39.443862915, 3.19314789772, 0.0425143577158, 0.00160418276209, 0.00366969686002, 0.00217991671525, 0.000313794269459, 3.62029027201e-06, 4.1156649786e-06, 2.58458726421e-07, 4.43185443899e-09, 2.20897258818e-10, 8.15601752802e-11],
        "max": [0.177821055055, 1.72175657749, 4.58122968674, 13.6944046021, 26.0409851074, 49.4771308899, 35.3247070312, 65.5936050415, 13.6931877136, 45.6225662231, 72.1631851196, 403.697906494, 67.1188964844, 126.843536377, 76.0755233765, 152.22492981, 75.064956665, 420.066436768, 696.907165527, 1168.21337891, 639.596862793, 693.172546387, 218.934280396, 382.03805542, 62.9066200256, 34.5942993164, 53.8296318054, 23.0377407074, 5.87926578522, 0.653127849102, 0.13498839736, 0.188006401062, 0.205946445465, 0.0828356444836, 0.00913008209318, 0.00768747553229, 0.00225268257782, 0.000783441995736, 0.000177854730282, 5.24751776538e-05],
        "mean": [0.0312224179506, 0.338454127312, 0.991538167, 1.77378332615, 5.56192779541, 9.71781539917, 8.74558830261, 9.40913581848, 3.65058588982, 8.25567245483, 17.3023166656, 67.6720962524, 16.7918071747, 26.0729694366, 24.9784011841, 28.6076107025, 11.5115261078, 52.7467689514, 92.0876159668, 167.378768921, 190.435623169, 184.230728149, 69.8470687866, 53.5849761963, 19.491268158, 8.98305702209, 4.56315898895, 3.36102819443, 0.861439228058, 0.127493143082, 0.03637958318, 0.0398216210306, 0.0225413367152, 0.0119938710704, 0.00143053859938, 0.00111254001968, 0.000271986267762, 2.43978211074e-05, 2.0880233933e-05, 3.24352986354e-05],
        "median": [0.0200952477753, 0.245431229472, 0.698149085045, 1.31086242199, 3.89743995667, 7.39882946014, 5.56282711029, 6.09668540955, 2.74839186668, 6.15535211563, 13.8797006607, 46.8164825439, 13.7231616974, 19.3204975128, 21.4909114838, 21.0319766998, 7.07814216614, 32.1250190735, 57.2149620056, 123.180656433, 163.079223633, 162.419876099, 63.0025787354, 39.1251029968, 15.9604320526, 7.92743635178, 3.23839020729, 2.30113601685, 0.471428662539, 0.0833962932229, 0.0277563221753, 0.0321641154587, 0.0166323967278, 0.00951624661684, 0.00118424242828, 0.00081304583, 0.000180102797458, 1.7250298697e-05, 1.98162542802e-05, 3.23493477481e-05],
        "min": [0.00110368942842, 0.0165358725935, 0.0356974340975, 0.0505661182106, 0.282721549273, 0.492624849081, 0.181107416749, 0.12914352119, 0.0751437917352, 0.354891806841, 1.65722966194, 2.90916156769, 1.77757561207, 1.8990906477, 2.03659677505, 3.02803230286, 0.839634299278, 1.70151686668, 4.97890520096, 3.79473638535, 4.67532491684, 16.9966411591, 8.56433296204, 4.95311069489, 1.54550468922, 0.781000733376, 0.372531712055, 0.166046753526, 0.0710037872195, 0.0111505640671, 0.00705130118877, 0.00560133345425, 0.00334824318998, 0.00176420423668, 0.000297862949083, 0.000180953196832, 2.18921177293e-05, 4.55396593679e-06, 7.10756603439e-06, 1.21509901874e-05],
        "var": [0.00101068150252, 0.107282333076, 0.695490598679, 3.30426335335, 25.4095458984, 74.9608535767, 68.412361145, 112.852516174, 6.89920473099, 50.700252533, 176.483413696, 4373.51757812, 121.492370605, 483.770111084, 312.961883545, 582.003356934, 149.698440552, 4055.9375, 11307.46875, 31302.8476562, 14058.4169922, 13035.0625, 1476.20751953, 2448.6730957, 143.22517395, 31.2733612061, 26.8223991394, 12.133646965, 0.944553256035, 0.0132416533306, 0.000619994592853, 0.000969527347479, 0.000471331295557, 7.37202426535e-05, 1.26075224216e-06, 1.08335586901e-06, 8.92906868444e-08, 4.27659418989e-09, 2.06091657629e-10, 8.31662239076e-11]
    },
    "gfcc": {
        "mean": [-17.2178878784, 146.587097168, -188.473098755, 38.3419151306, -22.9344882965, -16.3315010071, -29.4448165894, 6.47775506973, -12.8635625839, -13.6511144638, -19.0156478882, -11.6704044342, 8.01499938965],
        "cov": [[456.542480469, -15.7979593277, -47.9475517273, 63.7308654785, -36.9382171631, 22.8980960846, 20.3721237183, -48.3915634155, -26.9151477814, 51.1860084534, -7.70619869232, 6.6930513382, -8.8004989624], [-15.7979593277, 269.939941406, 68.3556365967, -5.47649049759, 26.6953544617, -37.6415748596, 14.2440547943, -43.1100883484, -26.8382053375, -0.209514945745, 62.8550376892, 7.91635751724, 21.521528244], [-47.9475517273, 68.3556365967, 143.854904175, 40.3670120239, 6.07325029373, -13.9635248184, -20.4779701233, 3.92800283432, -5.56673574448, -0.848319768906, 5.57657337189, 14.9732875824, -5.3859167099], [63.7308654785, -5.47649049759, 40.3670120239, 99.3208236694, 9.28050327301, -3.2626645565, -12.4917488098, -18.0845241547, 6.08333826065, 19.6595745087, -3.59570097923, 6.08669376373, 3.52685236931], [-36.9382171631, 26.6953544617, 6.07325029373, 9.28050327301, 56.2455749512, 19.7455425262, 13.2497720718, 3.62909841537, -5.49885368347, -8.63562583923, 9.8895483017, -4.00626850128, 6.9156961441], [22.8980960846, -37.6415748596, -13.9635248184, -3.2626645565, 19.7455425262, 59.339012146, 32.8374023438, 19.3261241913, -3.70378684998, 3.61739897728, -0.859554946423, -0.79632127285, -1.10922074318], [20.3721237183, 14.2440547943, -20.4779701233, -12.4917488098, 13.2497720718, 32.8374023438, 55.2724151611, 23.3727626801, -6.81993913651, 3.81749582291, 13.0650482178, 6.00702381134, 6.51701879501], [-48.3915634155, -43.1100883484, 3.92800283432, -18.0845241547, 3.62909841537, 19.3261241913, 23.3727626801, 86.2428359985, 42.4938735962, -16.3120689392, -16.8224754333, -5.14916276932, 7.51722860336], [-26.9151477814, -26.8382053375, -5.56673574448, 6.08333826065, -5.49885368347, -3.70378684998, -6.81993913651, 42.4938735962, 78.2989273071, 10.5396604538, -21.8523654938, -5.27329444885, 18.2170200348], [51.1860084534, -0.209514945745, -0.848319768906, 19.6595745087, -8.63562583923, 3.61739897728, 3.81749582291, -16.3120689392, 10.5396604538, 60.2470550537, 25.7124061584, 14.8959913254, 4.8776679039], [-7.70619869232, 62.8550376892, 5.57657337189, -3.59570097923, 9.8895483017, -0.859554946423, 13.0650482178, -16.8224754333, -21.8523654938, 25.7124061584, 63.9905281067, 21.0355758667, 6.62749433517], [6.6930513382, 7.91635751724, 14.9732875824, 6.08669376373, -4.00626850128, -0.79632127285, 6.00702381134, -5.14916276932, -5.27329444885, 14.8959913254, 21.0355758667, 36.2916526794, 10.7910871506], [-8.8004989624, 21.521528244, -5.3859167099, 3.52685236931, 6.9156961441, -1.10922074318, 6.51701879501, 7.51722860336, 18.2170200348, 4.8776679039, 6.62749433517, 10.7910871506, 41.4592475891]],
        "icov": [[0.00417502084747, -0.00289136404172, 0.00383341498673, -0.00418671499938, 0.00407491857186, -0.00375069235452, 0.00137266027741, -0.00178240169771, 0.0037605043035, -0.00422917120159, 0.00487107085064, -0.00201735878363, 0.00116024434101], [-0.00289136404172, 0.0163869094104, -0.0136311110109, 0.0073365252465, -0.00572817167267, 0.0144436312839, -0.0192346218973, 0.0162873473018, -0.0106969624758, 0.0103664305061, -0.016763838008, 0.0125852385536, -0.0072181452997], [0.00383341498673, -0.0136311110109, 0.0219334438443, -0.0113690076396, 0.00387327652425, -0.010739967227, 0.020545212552, -0.018386721611, 0.0128350341693, -0.00938938837498, 0.0139267481863, -0.0154680125415, 0.00814174301922], [-0.00418671499938, 0.0073365252465, -0.0113690076396, 0.0200165677816, -0.00919626932591, 0.00753291370347, -0.0067141582258, 0.0102930758148, -0.00762178748846, 0.000559805775993, -0.00381940603256, 0.00434985104948, -0.00419067125767], [0.00407491857186, -0.00572817167267, 0.00387327652425, -0.00919626932591, 0.0315718911588, -0.0165245439857, 0.00275842216797, -0.00145546952263, 0.00246201222762, 0.00454236241058, -0.00273038330488, 0.00385089265183, -0.00293631944805], [-0.00375069235452, 0.0144436312839, -0.010739967227, 0.00753291370347, -0.0165245439857, 0.044666390866, -0.0303794611245, 0.00804723799229, -0.00451883953065, 0.00117809080984, -0.0066934498027, 0.00955734867603, -0.00263282028027], [0.00137266027741, -0.0192346218973, 0.020545212552, -0.0067141582258, 0.00275842216797, -0.0303794611245, 0.0627031698823, -0.0342070572078, 0.0226583965123, -0.0153688369319, 0.0138955628499, -0.0183465164155, 0.00299536366947], [-0.00178240169771, 0.0162873473018, -0.018386721611, 0.0102930758148, -0.00145546952263, 0.00804723799229, -0.0342070572078, 0.0465155094862, -0.0312853008509, 0.0223077647388, -0.0179238077253, 0.0128018083051, -0.00404094485566], [0.0037605043035, -0.0106969624758, 0.0128350341693, -0.00762178748846, 0.00246201222762, -0.00451883953065, 0.0226583965123, -0.0312853008509, 0.0420829467475, -0.0251859128475, 0.0230591036379, -0.00502998940647, -0.00765882525593], [-0.00422917120159, 0.0103664305061, -0.00938938837498, 0.000559805775993, 0.00454236241058, 0.00117809080984, -0.0153688369319, 0.0223077647388, -0.0251859128475, 0.0432477779686, -0.0287472363561, 0.00388778047636, -0.000339435355272], [0.00487107085064, -0.016763838008, 0.0139267481863, -0.00381940603256, -0.00273038330488, -0.0066934498027, 0.0138955628499, -0.0179238077253, 0.0230591036379, -0.0287472363561, 0.0506087616086, -0.0231284946203, 0.00439205672592], [-0.00201735878363, 0.0125852385536, -0.0154680125415, 0.00434985104948, 0.00385089265183, 0.00955734867603, -0.0183465164155, 0.0128018083051, -0.00502998940647, 0.00388778047636, -0.0231284946203, 0.0525741949677, -0.017398737371], [0.00116024434101, -0.0072181452997, 0.00814174301922, -0.00419067125767, -0.00293631944805, -0.00263282028027, 0.00299536366947, -0.00404094485566, -0.00765882525593, -0.000339435355272, 0.00439205672592, -0.017398737371, 0.0374403484166]]
    },
    "melbands": {
        "dmean": [0.000311106210575, 0.000372148468159, 0.000369382469216, 0.000498440873343, 0.00024353954359, 0.000170489671291, 4.19764837716e-05, 5.81654603593e-05, 0.000178223432158, 0.000336438650265, 5.50073273189e-05, 7.5915340858e-05, 4.16978655267e-05, 8.8836728537e-05, 1.40767315315e-05, 3.74106966774e-05, 7.4702562415e-05, 9.34956333367e-05, 8.99245133041e-05, 0.000164784127264, 0.000107677311462, 0.000107805244625, 5.64331057831e-05, 2.23549086513e-05, 2.7389078241e-05, 8.96098572412e-06, 5.98401493335e-06, 2.97973770103e-06, 1.59693956903e-06, 2.92987488137e-06, 1.21152572774e-06, 5.49717810827e-07, 1.56834559562e-07, 2.39851853934e-08, 1.36576483456e-08, 1.44839917837e-08, 1.86452258077e-08, 1.37722251381e-08, 7.5326154203e-09, 5.1066257889e-09],
        "dmean2": [0.000528787146322, 0.000613189768046, 0.000681276782416, 0.000909754249733, 0.000417319359258, 0.000288916606223, 7.52059204387e-05, 0.000101356970845, 0.000329840928316, 0.000630787340924, 0.000102932564914, 0.000126292972709, 6.87322390149e-05, 0.000158201102749, 2.40976914938e-05, 6.41120641376e-05, 0.000130209416966, 0.000159231407451, 0.000158065740834, 0.000264197151409, 0.000177149457159, 0.000171898223925, 9.37716758926e-05, 3.62022547051e-05, 4.51610758319e-05, 1.54911049322e-05, 1.02823942143e-05, 4.97210157846e-06, 2.83027588921e-06, 5.14898601978e-06, 2.1413657123e-06, 9.78703042165e-07, 2.83274999902e-07, 4.41461303069e-08, 2.45439171209e-08, 2.5154657024e-08, 3.36389938127e-08, 2.566009627e-08, 1.34417899034e-08, 9.10164477119e-09],
        "dvar": [9.64861897046e-08, 9.24970819938e-08, 1.61436275903e-07, 2.15003964854e-07, 7.04208105162e-08, 4.83322786238e-08, 2.06486361343e-09, 4.6660000308e-09, 2.76485057071e-08, 1.12605555103e-07, 3.34688965431e-09, 6.53382947746e-09, 1.74545000675e-09, 9.30602528371e-09, 2.39094605226e-10, 3.27399374278e-09, 1.0475948109e-08, 1.83361645867e-08, 1.86746440534e-08, 5.17340268402e-08, 1.1985993531e-08, 1.04950901303e-08, 3.19454773745e-09, 5.66254487744e-10, 1.59742763461e-09, 9.67375415883e-11, 3.88922748173e-11, 9.09442573332e-12, 5.66712085245e-12, 3.03917689626e-11, 3.04394118418e-12, 5.5277950186e-13, 3.38622257675e-14, 7.27794901659e-16, 1.80172537029e-16, 2.52568284212e-16, 6.44164691799e-16, 6.08853476415e-16, 1.07079906724e-16, 6.77777500245e-17],
        "dvar2": [2.91708516897e-07, 2.7048344009e-07, 5.10945483256e-07, 5.85377676998e-07, 1.97683078795e-07, 1.29239467128e-07, 6.21208684493e-09, 1.34012649866e-08, 9.10821995603e-08, 3.47552912672e-07, 9.1711953587e-09, 1.86820603432e-08, 3.61578988972e-09, 2.57756642696e-08, 6.4555999435e-10, 8.85221140834e-09, 3.23761710774e-08, 4.11145499868e-08, 4.72570498289e-08, 1.29436841689e-07, 2.99364906198e-08, 2.94562276792e-08, 6.61107835143e-09, 1.21007559528e-09, 4.30648094962e-09, 2.7293198257e-10, 9.58384691052e-11, 2.22865146476e-11, 1.58110382426e-11, 8.64278162926e-11, 8.84212668362e-12, 1.52536815644e-12, 1.00251546702e-13, 2.12305885966e-15, 5.2427024861e-16, 7.40722265561e-16, 1.88689718012e-15, 1.75640773118e-15, 3.06461681924e-16, 1.98799770921e-16],
        "max": [0.00195073965006, 0.00170385837555, 0.00280068605207, 0.00217694835737, 0.00132046639919, 0.00136657431722, 0.000268464675173, 0.000429128645919, 0.00111905485392, 0.00224103266373, 0.00037190495641, 0.000544860668015, 0.000264122063527, 0.00062495545717, 0.000138317991514, 0.000473326683277, 0.000729656079784, 0.00112876901403, 0.00108979525976, 0.0020278992597, 0.000731831241865, 0.000967000087257, 0.000399007258238, 0.000242660054937, 0.000361396989319, 7.7232500189e-05, 3.53424875357e-05, 2.06423992495e-05, 1.99068053917e-05, 4.704519597e-05, 9.68245512922e-06, 4.09903168475e-06, 1.18443279007e-06, 1.44490428511e-07, 7.74193793518e-08, 9.37880955121e-08, 1.4503493162e-07, 1.88641749332e-07, 7.26774871396e-08, 6.70944544368e-08],
        "mean": [0.000337305973517, 0.000499475456309, 0.000405622209655, 0.000593298580498, 0.00033522429294, 0.000202676761546, 6.2783168687e-05, 8.11544086901e-05, 0.000224750358029, 0.000380627490813, 6.98865187587e-05, 0.000109105771116, 6.78845317452e-05, 0.000113379101094, 2.21931531996e-05, 5.09695455548e-05, 9.38320881687e-05, 0.000136079615913, 0.000153466913616, 0.000276647537248, 0.000223250885028, 0.000203128409339, 0.000110878128908, 4.36571208411e-05, 4.52453787148e-05, 1.70506918948e-05, 9.66647075984e-06, 4.83940448248e-06, 2.18871491597e-06, 3.52056531483e-06, 1.37299355174e-06, 5.33587353857e-07, 1.64512414358e-07, 2.90011712423e-08, 1.85967632405e-08, 2.05256274199e-08, 2.60044021871e-08, 1.72184133618e-08, 1.23829879684e-08, 8.75336869655e-09],
        "median": [0.00023210584186, 0.000392609013943, 0.000281491462374, 0.000466755620437, 0.000226508098422, 0.000132501023472, 4.65141638415e-05, 5.68855029996e-05, 0.000163566583069, 0.000267634633929, 5.63161520404e-05, 7.95234300313e-05, 5.27118099853e-05, 7.99665722298e-05, 1.60918516485e-05, 2.20501751755e-05, 5.78064900765e-05, 7.52403720981e-05, 0.000110342552944, 0.000194471242139, 0.000194861757336, 0.000171505613253, 9.42488768487e-05, 3.37416859111e-05, 3.2622814615e-05, 1.36050693982e-05, 8.41544806462e-06, 4.04349884775e-06, 1.55913437538e-06, 2.4163703074e-06, 8.76925923876e-07, 2.66959261808e-07, 9.734603168e-08, 2.11547135365e-08, 1.44006317981e-08, 1.60220832157e-08, 2.05794297159e-08, 1.20776180168e-08, 1.04893951303e-08, 7.19354975587e-09],
        "min": [1.40385564009e-05, 2.23503593588e-05, 1.21593393487e-05, 4.80419621454e-05, 1.09444072223e-05, 2.05842434298e-06, 9.8439136309e-07, 4.28632301919e-06, 1.52195971168e-05, 1.72860509338e-05, 7.0018390943e-06, 8.24816106615e-06, 3.72329714082e-06, 1.19695378089e-05, 1.73274906956e-06, 1.13605597107e-06, 2.43244858211e-06, 8.31928628031e-06, 5.05667276229e-06, 4.3026111598e-06, 5.43676469533e-06, 1.52941302076e-05, 8.36723847897e-06, 6.11969926467e-06, 2.9218929285e-06, 1.36979997478e-06, 6.57890211642e-07, 3.46018481423e-07, 2.202570073e-07, 1.46384380173e-07, 7.2278027119e-08, 4.14159622153e-08, 1.21740919568e-08, 3.51331963522e-09, 3.11345327297e-09, 3.18655413167e-09, 3.09609826665e-09, 2.33565500274e-09, 1.46678025281e-09, 1.25111299099e-09],
        "var": [1.18241331393e-07, 1.39596707527e-07, 1.51922364466e-07, 2.36784615026e-07, 8.82310189354e-08, 5.07465109933e-08, 2.30934005252e-09, 5.16772846737e-09, 3.71669308663e-08, 1.33608722308e-07, 3.10143200011e-09, 9.36828126186e-09, 3.42763240013e-09, 9.62522150871e-09, 4.59191462632e-10, 5.54348034143e-09, 1.24297194759e-08, 2.941159849e-08, 1.88654656341e-08, 9.36340782687e-08, 2.34089228002e-08, 2.05597903147e-08, 4.94289009723e-09, 1.30418686961e-09, 2.06960115712e-09, 1.39710160107e-10, 4.01501609737e-11, 1.15527708927e-11, 4.53716925142e-12, 2.17722055662e-11, 2.46448803205e-12, 4.38959388586e-13, 3.06907243488e-14, 6.13807454486e-16, 1.84273764681e-16, 2.46851447093e-16, 4.63544497857e-16, 3.67157124778e-16, 7.85903175021e-17, 4.51937936253e-17]
    },
    "mfcc": {
        "mean": [-637.857788086, 165.082855225, -81.3674163818, 47.1683540344, 13.1370267868, -8.57622051239, -3.49878621101, 1.39427673817, 17.3371505737, -3.33679246902, -7.61147594452, -3.40929579735, -10.9357252121],
        "cov": [[548.294433594, -78.2573547363, -48.0337524414, 23.4125900269, -61.6700401306, 68.4137802124, 23.3443183899, -63.00415802, 4.53757858276, -26.4707927704, 20.0618972778, 8.14922618866, -27.2605762482], [-78.2573547363, 262.583496094, 36.5355834961, 11.8917837143, 3.50316858292, -6.49430370331, 49.369052887, -19.6377849579, -44.1845054626, -35.5041503906, -8.10214138031, 24.1905231476, 10.5504550934], [-48.0337524414, 36.5355834961, 122.01385498, 46.7182807922, 18.2526550293, -4.54497385025, -18.5433044434, -2.61251664162, -6.89886474609, -8.28866672516, -3.43552613258, 10.6882219315, 11.740655899], [23.4125900269, 11.8917837143, 46.7182807922, 87.5255813599, 21.1347236633, 11.2165555954, -16.5921020508, -23.8077907562, -3.97643876076, -13.3403434753, -3.28249263763, 2.41885232925, 6.11439037323], [-61.6700401306, 3.50316858292, 18.2526550293, 21.1347236633, 55.0643157959, -0.0686399489641, -7.61083984375, 12.2441415787, 6.49581241608, 9.89504051208, -1.73573100567, -5.99642181396, -1.54759955406], [68.4137802124, -6.49430370331, -4.54497385025, 11.2165555954, -0.0686399489641, 64.4966812134, 25.4860267639, -22.6713218689, -14.3727407455, -9.13418292999, 11.7659683228, -6.92711591721, -13.1803226471], [23.3443183899, 49.369052887, -18.5433044434, -16.5921020508, -7.61083984375, 25.4860267639, 106.643043518, 11.6248464584, -32.4175300598, -12.4827852249, 12.3211021423, 3.12842559814, -15.1993217468], [-63.00415802, -19.6377849579, -2.61251664162, -23.8077907562, 12.2441415787, -22.6713218689, 11.6248464584, 72.3671569824, 31.8066577911, 17.3609466553, -8.4311876297, 8.21038532257, 4.13922405243], [4.53757858276, -44.1845054626, -6.89886474609, -3.97643876076, 6.49581241608, -14.3727407455, -32.4175300598, 31.8066577911, 85.224647522, 32.3734588623, -13.1211709976, 12.1561326981, 16.2278785706], [-26.4707927704, -35.5041503906, -8.28866672516, -13.3403434753, 9.89504051208, -9.13418292999, -12.4827852249, 17.3609466553, 32.3734588623, 51.719707489, 7.31006097794, -9.51702785492, -0.111480616033], [20.0618972778, -8.10214138031, -3.43552613258, -3.28249263763, -1.73573100567, 11.7659683228, 12.3211021423, -8.4311876297, -13.1211709976, 7.31006097794, 48.9369926453, 5.66690635681, -12.5621185303], [8.14922618866, 24.1905231476, 10.6882219315, 2.41885232925, -5.99642181396, -6.92711591721, 3.12842559814, 8.21038532257, 12.1561326981, -9.51702785492, 5.66690635681, 55.5341644287, 22.4591579437], [-27.2605762482, 10.5504550934, 11.740655899, 6.11439037323, -1.54759955406, -13.1803226471, -15.1993217468, 4.13922405243, 16.2278785706, -0.111480616033, -12.5621185303, 22.4591579437, 43.5349731445]],
