{
"lowlevel": {
    "average_loudness": 0.985976934433,
    "barkbands_crest": {
        "dmean": 1.80887961388,
        "dmean2": 3.03673672676,
        "dvar": 2.30780792236,
        "dvar2": 6.6908416748,
        "max": 13.0232601166,
        "mean": 6.10654211044,
        "median": 6.02731180191,
        "min": 2.79593753815,
        "var": 2.9388449192
    },
    "barkbands_flatness_db": {
        "dmean": 0.00964699033648,
        "dmean2": 0.016595793888,
        "dvar": 6.87468636897e-05,
        "dvar2": 0.000153345463332,
        "max": 0.158691063523,
        "mean": 0.129923135042,
        "median": 0.128881275654,
        "min": 0.101065330207,
        "var": 0.000123083140352
    },
    "barkbands_kurtosis": {
        "dmean": 0.285304814577,
        "dmean2": 0.469687193632,
        "dvar": 0.105517432094,
        "dvar2": 0.262532711029,
        "max": 0.786988258362,
        "mean": -1.13313543797,
        "median": -1.23019957542,
        "min": -1.6366481781,
        "var": 0.147858411074
    },
    "barkbands_skewness": {
        "dmean": 0.310227543116,
        "dmean2": 0.50941991806,
        "dvar": 0.0504600442946,
        "dvar2": 0.133522555232,
        "max": 0.95810341835,
        "mean": 0.0224097128958,
        "median": 0.0250392463058,
        "min": -1.39299285412,
        "var": 0.166666194797
    },
    "barkbands_spread": {
        "dmean": 4.08613634109,
        "dmean2": 6.82955265045,
        "dvar": 11.3055992126,
        "dvar2": 31.3569965363,
        "max": 44.5393486023,
        "mean": 29.7796821594,
        "median": 29.8879051208,
        "min": 16.3266830444,
        "var": 28.6928195953
    },
    "dissonance": {
        "dmean": 0.00983104668558,
        "dmean2": 0.0167535487562,
        "dvar": 0.000110287153802,
        "dvar2": 0.000235801257077,
        "max": 0.499919563532,
        "mean": 0.486025214195,
        "median": 0.488310366869,
        "min": 0.393424242735,
        "var": 0.00013478800247
    },
    "dynamic_complexity": 0.47520378232,
    "erbbands_crest": {
        "dmean": 1.45171403885,
        "dmean2": 2.36291575432,
        "dvar": 1.65500950813,
        "dvar2": 4.16470956802,
        "max": 14.3831424713,
        "mean": 6.72222137451,
        "median": 6.52883863449,
        "min": 4.06118679047,
        "var": 2.6565155983
    },
    "erbbands_flatness_db": {
        "dmean": 0.010330109857,
        "dmean2": 0.0163672361523,
        "dvar": 6.93182955729e-05,
        "dvar2": 0.000181707902811,
        "max": 0.265251934528,
        "mean": 0.223632663488,
        "median": 0.223168775439,
        "min": 0.184322297573,
        "var": 0.000214693383896
    },
    "erbbands_kurtosis": {
        "dmean": 0.745540499687,
        "dmean2": 1.21690559387,
        "dvar": 0.455209463835,
        "dvar2": 1.09848165512,
        "max": 7.15921115875,
        "mean": 0.539382398129,
        "median": 0.274553060532,
        "min": -1.30126750469,
        "var": 1.70519638062
    },
    "erbbands_skewness": {
        "dmean": 0.239795938134,
        "dmean2": 0.376907080412,
        "dvar": 0.0338080264628,
        "dvar2": 0.0893023833632,
        "max": 0.127816125751,
        "mean": -0.78100079298,
        "median": -0.782111644745,
        "min": -2.2249083519,
        "var": 0.145611852407
    },
    "erbbands_spread": {
        "dmean": 4.53307819366,
        "dmean2": 7.48597002029,
        "dvar": 11.7305545807,
        "dvar2": 33.7801513672,
        "max": 42.3916358948,
        "mean": 25.6354923248,
        "median": 25.9026851654,
        "min": 10.8444318771,
        "var": 34.5477561951
    },
    "hfc": {
        "dmean": 6.7725982666,
        "dmean2": 9.56795215607,
        "dvar": 55.1491355896,
        "dvar2": 97.5295791626,
        "max": 74.5870285034,
        "mean": 38.546257019,
        "median": 37.1030426025,
        "min": 0.936531424522,
        "var": 103.660469055
    },
    "melbands_crest": {
        "dmean": 2.92603683472,
        "dmean2": 4.96792936325,
        "dvar": 4.71845817566,
        "dvar2": 15.2950105667,
        "max": 16.7935752869,
        "mean": 9.08527469635,
        "median": 9.12316036224,
        "min": 3.90354967117,
        "var": 7.37245035172
    },
    "melbands_flatness_db": {
        "dmean": 0.0140107823536,
        "dmean2": 0.0231625381857,
        "dvar": 0.000115435483167,
        "dvar2": 0.000355680153007,
        "max": 0.193073585629,
        "mean": 0.158675581217,
        "median": 0.160092785954,
        "min": 0.107164882123,
        "var": 0.000259693100816
    },
    "melbands_kurtosis": {
        "dmean": 0.829432427883,
        "dmean2": 1.42154359818,
        "dvar": 0.643870472908,
        "dvar2": 1.82106852531,
        "max": 4.42653799057,
        "mean": 0.0404784530401,
        "median": -0.2273478508,
        "min": -1.64504015446,
        "var": 1.22896182537
    },
    "melbands_skewness": {
        "dmean": 0.377491027117,
        "dmean2": 0.611913561821,
        "dvar": 0.0813667550683,
        "dvar2": 0.249509111047,
        "max": 2.21488857269,
        "mean": 0.951417028904,
        "median": 0.928270876408,
        "min": -0.271292775869,
        "var": 0.228625878692
    },
    "melbands_spread": {
        "dmean": 7.27647638321,
        "dmean2": 11.8254070282,
        "dvar": 31.1799602509,
        "dvar2": 87.8859939575,
        "max": 81.5037231445,
        "mean": 49.9156723022,
        "median": 48.4888381958,
        "min": 25.1037216187,
        "var": 114.386459351
    },
    "pitch_salience": {
        "dmean": 0.0475838296115,
        "dmean2": 0.0751054808497,
        "dvar": 0.00163900549524,
        "dvar2": 0.0036179299932,
        "max": 0.809341192245,
        "mean": 0.62956738472,
        "median": 0.633261203766,
        "min": 0.500855445862,
        "var": 0.00317404256202
    },
    "silence_rate_20dB": {
        "dmean": 0,
        "dmean2": 0,
        "dvar": 0,
        "dvar2": 0,
        "max": 1,
        "mean": 1,
        "median": 1,
        "min": 1,
        "var": 0
    },
    "silence_rate_30dB": {
        "dmean": 0,
        "dmean2": 0,
        "dvar": 0,
        "dvar2": 0,
        "max": 1,
        "mean": 1,
        "median": 1,
        "min": 1,
        "var": 0
    },
    "silence_rate_60dB": {
        "dmean": 0,
        "dmean2": 0,
        "dvar": 0,
        "dvar2": 0,
        "max": 0,
        "mean": 0,
        "median": 0,
        "min": 0,
        "var": 0
    },
    "spectral_centroid": {
        "dmean": 176.85559082,
        "dmean2": 286.566619873,
        "dvar": 21036.1738281,
        "dvar2": 62176.1289062,
        "max": 2651.74316406,
        "mean": 2097.15112305,
        "median": 2077.89599609,
        "min": 1592.05932617,
        "var": 61148.2382812
    },
    "spectral_complexity": {
        "dmean": 3.66000008583,
        "dmean2": 5.6375837326,
        "dvar": 15.9044027328,
        "dvar2": 24.2310657501,
        "max": 50,
        "mean": 39.0132446289,
        "median": 39,
        "min": 0,
        "var": 29.5759677887
    },
    "spectral_decrease": {
        "dmean": 1.04740904838e-09,
        "dmean2": 1.68947489332e-09,
        "dvar": 8.96802026567e-19,
        "dvar2": 1.63993674619e-18,
        "max": -1.26275184753e-10,
        "mean": -6.69749544713e-09,
        "median": -6.78702738455e-09,
        "min": -9.22270437798e-09,
        "var": 1.43446239369e-18
    },
    "spectral_energy": {
        "dmean": 0.00433096522465,
        "dmean2": 0.00679712882265,
        "dvar": 1.6746143956e-05,
        "dvar2": 2.97277892969e-05,
        "max": 0.0411188043654,
        "mean": 0.028774112463,
        "median": 0.0294854883105,
        "min": 0.000561536697205,
        "var": 2.6238425562e-05
    },
    "spectral_energyband_high": {
        "dmean": 0.000252834433923,
        "dmean2": 0.000402730569476,
        "dvar": 8.68525305009e-08,
        "dvar2": 2.2871769545e-07,
        "max": 0.00261042173952,
        "mean": 0.000778084504418,
        "median": 0.000700976699591,
        "min": 1.17993640742e-05,
        "var": 1.76262091145e-07
    },
    "spectral_energyband_low": {
        "dmean": 0.00167593953665,
        "dmean2": 0.00287862122059,
        "dvar": 2.57436749962e-06,
        "dvar2": 7.3768474067e-06,
        "max": 0.0105978809297,
        "mean": 0.00295867747627,
        "median": 0.00240944861434,
        "min": 7.37488080631e-05,
        "var": 3.75516083295e-06
    },
    "spectral_energyband_middle_high": {
        "dmean": 0.00301426043734,
        "dmean2": 0.00442767469212,
        "dvar": 9.63855109148e-06,
        "dvar2": 1.76298217411e-05,
        "max": 0.0302886627614,
        "mean": 0.0144640803337,
        "median": 0.0135916518047,
        "min": 0.00037238423829,
        "var": 1.9160201191e-05
    },
    "spectral_energyband_middle_low": {
        "dmean": 0.00342171592638,
        "dmean2": 0.00596990529448,
        "dvar": 6.28237103228e-06,
        "dvar2": 1.68140613823e-05,
        "max": 0.0225317385048,
        "mean": 0.0112885450944,
        "median": 0.0109532102942,
        "min": 9.50133471633e-05,
        "var": 1.53480796143e-05
    },
    "spectral_entropy": {
        "dmean": 0.0567131154239,
        "dmean2": 0.087403036654,
        "dvar": 0.00328033743426,
        "dvar2": 0.0063734552823,
        "max": 7.95929527283,
        "mean": 7.5927772522,
        "median": 7.59622573853,
        "min": 7.38191795349,
        "var": 0.00466757453978
    },
    "spectral_flux": {
        "dmean": 0.0109352273867,
        "dmean2": 0.0177504196763,
        "dvar": 0.000105955994513,
        "dvar2": 0.000219238339923,
        "max": 0.1699372679,
        "mean": 0.0940305292606,
        "median": 0.0913916900754,
        "min": 0.0669293999672,
        "var": 0.000231011566939
    },
    "spectral_kurtosis": {
        "dmean": 2.68361973763,
        "dmean2": 4.53114080429,
        "dvar": 3.93510460854,
        "dvar2": 11.9607200623,
        "max": 20.1217651367,
        "mean": 4.9461684227,
        "median": 4.47223806381,
        "min": 0.924978017807,
        "var": 9.74215316772
    },
    "spectral_rms": {
        "dmean": 0.000416004215367,
        "dmean2": 0.000645640306175,
        "dvar": 2.48583518214e-07,
        "dvar2": 3.50156483364e-07,
        "max": 0.00633371155709,
        "mean": 0.00526760471985,
        "median": 0.00536342523992,
        "min": 0.000740162620787,
        "var": 3.24630889281e-07
    },
    "spectral_rolloff": {
        "dmean": 186.477539062,
        "dmean2": 312.737213135,
        "dvar": 31572.3691406,
        "dvar2": 83932.640625,
        "max": 3251.51367188,
        "mean": 2536.21264648,
        "median": 2540.91796875,
        "min": 1851.85546875,
        "var": 64674.859375
    },
    "spectral_skewness": {
        "dmean": 0.269801944494,
        "dmean2": 0.443419337273,
        "dvar": 0.0453191921115,
        "dvar2": 0.110642366111,
        "max": 3.47437763214,
        "mean": 0.886608302593,
        "median": 0.839863777161,
        "min": 0.417501926422,
        "var": 0.11328882724
    },
    "spectral_spread": {
        "dmean": 160237.015625,
        "dmean2": 254395.703125,
        "dvar": 58798145536,
        "dvar2": 76587466752,
        "max": 4930652.5,
        "mean": 2282274.5,
        "median": 2269782.75,
        "min": 1888938.25,
        "var": 72361205760
    },
    "spectral_strongpeak": {
        "dmean": 1.26935255527,
        "dmean2": 2.0901389122,
        "dvar": 2.42522549629,
        "dvar2": 5.04060411453,
        "max": 7.75169992447,
        "mean": 1.77385425568,
        "median": 0.812218785286,
        "min": 0,
        "var": 3.79156255722
    },
    "zerocrossingrate": {
        "dmean": 0.00601562485099,
        "dmean2": 0.00811071228236,
        "dvar": 3.63042126992e-05,
        "dvar2": 4.72091669508e-05,
        "max": 0.1025390625,
        "mean": 0.0784677639604,
        "median": 0.078125,
        "min": 0.0263671875,
        "var": 0.0001146202776
    },
    "barkbands": {
        "dmean": [3.3469452319e-05, 0.00127326068468, 0.000686274201144, 0.000721925753169, 0.00260645756498, 0.000810312340036, 0.000294739817036, 0.000249161967076, 0.00146503024735, 0.000398057018174, 0.000396226736484, 0.000566885515582, 0.000114782356832, 0.00149175920524, 0.0005911681219, 0.000909650349058, 0.00132925645448, 0.000396779418224, 0.00044278576388, 0.000184438060387, 0.000209406891372, 3.24396205542e-05, 2.06620825338e-06, 1.04214325347e-06, 7.50471542688e-07, 6.39917203671e-08, 2.11373762937e-08],
        "dmean2": [6.20497012278e-05, 0.00222503766418, 0.00118483288679, 0.00116498372518, 0.00449930410832, 0.00135852373205, 0.000445000972832, 0.000420383963501, 0.00216158200055, 0.000702615187038, 0.000618824153207, 0.000922385894228, 0.000196880719159, 0.00232197740115, 0.000943032093346, 0.00150958681479, 0.00213675689884, 0.000644790765364, 0.000761808129027, 0.000312061718432, 0.000342336745234, 5.2194143791e-05, 3.31542173626e-06, 1.65709514022e-06, 1.18079628919e-06, 9.17777427389e-08, 2.60191868051e-08],
        "dvar": [9.04032348981e-10, 1.78335096734e-06, 4.30710315413e-07, 8.04398666787e-07, 4.64728418592e-06, 6.89851276547e-07, 3.2987085774e-07, 4.48940397746e-07, 2.1036698854e-06, 2.3853510811e-07, 1.22717665363e-07, 3.46863004097e-07, 1.18895515655e-08, 2.34185745285e-06, 3.19033489404e-07, 6.86893656621e-07, 2.95350832857e-06, 1.22933130342e-07, 1.52153745603e-07, 4.88185776248e-08, 7.88914249483e-08, 6.7128644865e-09, 7.06193567165e-12, 1.36064965718e-12, 8.17644075276e-13, 1.84028139949e-14, 2.6443563932e-14],
        "dvar2": [2.79028400385e-09, 5.30363740836e-06, 1.1780089153e-06, 1.99693067771e-06, 1.24086063806e-05, 1.62832327533e-06, 7.01949261384e-07, 9.40334984989e-07, 6.27961799182e-06, 6.38155029264e-07, 3.07766669039e-07, 9.80382310445e-07, 3.24102948923e-08, 5.32811100129e-06, 7.54789027724e-07, 1.59668195465e-06, 5.67726146983e-06, 3.18524428167e-07, 4.32650125504e-07, 1.37983121817e-07, 2.0345468954e-07, 1.81726846904e-08, 1.66403488211e-11, 3.09491993665e-12, 1.75790328474e-12, 1.73792322764e-14, 2.6832819617e-14],
        "max": [0.000187473910046, 0.00734666921198, 0.00490462500602, 0.0072447154671, 0.013440775685, 0.00608534505591, 0.00670908018947, 0.00746628362685, 0.0120595069602, 0.00400765566155, 0.00252332724631, 0.00427282508463, 0.00100714841392, 0.0101259006187, 0.00647743605077, 0.00684268726036, 0.0169978067279, 0.00258831400424, 0.00261246203445, 0.00193183042575, 0.00234930263832, 0.000781539478339, 1.97761710297e-05, 9.27899873204e-06, 1.04090322566e-05, 1.97087001652e-06, 2.02066280508e-06],
        "mean": [5.37066080142e-05, 0.00141197838821, 0.000851158751175, 0.00122510711662, 0.00444699032232, 0.00165851484053, 0.00043176964391, 0.000338297017151, 0.00303125334904, 0.000615752767771, 0.000720627896953, 0.00095320638502, 0.000214607120142, 0.00301429210231, 0.00154602166731, 0.00203630304895, 0.00284357834607, 0.00105363456532, 0.00122273899615, 0.000468830112368, 0.000566868518945, 5.87901740801e-05, 4.21351478508e-06, 2.70844066108e-06, 2.91701257993e-06, 2.41479995111e-07, 5.16196685396e-08],
        "median": [4.18932795583e-05, 0.000972449139226, 0.000624835724011, 0.000882954336703, 0.00380619498901, 0.00130831240676, 0.00023941033578, 0.000110973734991, 0.00233893864788, 0.000491925980896, 0.00060212315293, 0.000707020401023, 0.000172760745045, 0.00223688362166, 0.00131083885208, 0.00179330678657, 0.00250191963278, 0.00100650195964, 0.00111975567415, 0.000438093848061, 0.000462534459075, 3.90015957237e-05, 2.8358729196e-06, 2.094920319e-06, 2.54728115578e-06, 2.16089560467e-07, 3.57084033453e-08],
        "min": [8.3171676124e-07, 4.3084648496e-05, 1.22136680147e-05, 1.02011526906e-05, 5.78665130888e-05, 9.91416891338e-06, 3.46116371475e-06, 5.46017326997e-06, 6.98432040735e-06, 5.58757028557e-06, 2.88128171633e-06, 4.4040798457e-06, 5.87974363953e-06, 7.64828073443e-05, 4.27871163993e-05, 7.32342814445e-05, 7.30874889996e-05, 5.2106257499e-05, 3.12501724693e-05, 7.65808363212e-06, 7.08207835487e-06, 1.88251760846e-06, 5.74323166802e-08, 4.02712849734e-08, 9.4484342128e-08, 9.910180232e-09, 8.07372924072e-09],
        "var": [1.71580050168e-09, 2.23938786803e-06, 5.58417013963e-07, 1.30306023038e-06, 7.90512967797e-06, 1.69533586813e-06, 4.70560451049e-07, 8.52142989061e-07, 5.54039206691e-06, 2.61945814373e-07, 2.26723940955e-07, 6.48000764158e-07, 1.85628490357e-08, 5.30788429387e-06, 9.79996457318e-07, 1.09749748844e-06, 4.15357453676e-06, 1.93277756466e-07, 2.76863431736e-07, 5.60965141005e-08, 1.50140209598e-07, 5.65631363969e-09, 1.45875100194e-11, 3.31530397753e-12, 3.1181136232e-12, 2.67024697167e-14, 2.60839459298e-14]
    },
    "erbbands": {
        "dmean": [0.0339469760656, 0.311142772436, 0.745546758175, 1.569216609, 4.78427600861, 12.0100860596, 5.44447040558, 8.473487854, 2.51624917984, 5.82641744614, 10.2895927429, 39.9961624146, 10.9765510559, 16.9664077759, 15.1059732437, 22.5748176575, 5.20312070847, 45.1001243591, 43.0157546997, 40.0344924927, 49.6769256592, 67.5641174316, 26.1964435577, 27.4747257233, 13.8549203873, 9.03138828278, 4.5884475708, 10.0467977524, 1.40933144093, 0.329817712307, 0.052785333246, 0.0347983241081, 0.00999537669122, 0.0163490455598, 0.00118942989502, 0.000457122776425, 8.23442460387e-05, 1.83372703759e-05, 4.74057878819e-06, 5.24109645994e-06],
        "dmean2": [0.0640229806304, 0.52760052681, 1.29913175106, 2.5838227272, 7.88413047791, 20.6952915192, 8.94025993347, 14.3094997406, 3.97001004219, 9.06530570984, 18.4220199585, 58.30210495, 18.9453792572, 29.3469390869, 23.4659156799, 36.8491287231, 8.7007598877, 68.6493759155, 66.8175888062, 67.2237701416, 81.3171920776, 108.980194092, 40.2122383118, 44.7060623169, 22.3158168793, 15.0757770538, 7.73471832275, 16.2734889984, 2.21493911743, 0.559836566448, 0.0850170254707, 0.0569680742919, 0.0156130082905, 0.0256319884211, 0.00189852993935, 0.000707581057213, 0.000113963920739, 2.45768715104e-05, 6.15967564954e-06, 7.94149036665e-06],
        "dvar": [0.00161464768462, 0.0982323363423, 0.596089661121, 2.89590716362, 18.3471565247, 122.302070618, 42.9960746765, 90.9862594604, 7.40153884888, 162.207473755, 518.039855957, 1290.84338379, 244.383392334, 456.837036133, 155.743209839, 637.725036621, 30.0452899933, 2170.86254883, 1413.42687988, 1622.08947754, 2215.47509766, 6121.13574219, 1878.57348633, 568.684814453, 121.772972107, 106.686042786, 22.1393146515, 215.110855103, 7.75906419754, 1.21062588692, 0.00429425342008, 0.00177657918539, 0.000108196822111, 0.000392885209294, 2.10501934816e-06, 3.23852106021e-07, 6.82748364511e-08, 1.01767518856e-08, 4.83946049901e-10, 2.69200460534e-11],
        "dvar2": [0.00549414753914, 0.281894415617, 1.64294528961, 7.97696733475, 51.0940437317, 297.089294434, 120.39655304, 218.966049194, 15.0936021805, 314.379058838, 1512.66894531, 3315.12133789, 686.548156738, 1197.35998535, 328.500610352, 1827.05957031, 70.9137802124, 4806.7578125, 3448.17138672, 4541.92773438, 5516.92626953, 12508.2714844, 3364.14428711, 1526.55517578, 300.378356934, 304.7684021, 56.9566955566, 538.15246582, 20.1316051483, 3.39097571373, 0.00975422933698, 0.00434364331886, 0.000189369282452, 0.000867237162311, 3.48611888512e-06, 4.18949241521e-07, 6.41093933496e-08, 1.02487893727e-08, 4.7178905227e-10, 4.63630245306e-11],
        "max": [0.240553632379, 2.02949285507, 5.50149679184, 14.0189409256, 29.5049381256, 73.906829834, 46.0708045959, 62.2561225891, 24.5468578339, 149.528182983, 207.987915039, 256.803436279, 124.263816833, 181.599914551, 125.645973206, 174.618469238, 62.0911178589, 355.036407471, 287.699127197, 292.418304443, 395.439208984, 675.42199707, 481.049530029, 186.590545654, 94.9005126953, 95.0298843384, 39.8814888, 120.31162262, 27.1018486023, 10.2554664612, 0.481584370136, 0.315649330616, 0.1190411672, 0.2218336761, 0.0169802960008, 0.00820504594594, 0.00359857850708, 0.00126643432304, 0.000292148033623, 5.61647793802e-05],
        "mean": [0.0343458019197, 0.342434495687, 0.954215764999, 2.86386823654, 7.38663482666, 20.7608203888, 11.133523941, 16.1818294525, 5.33223438263, 7.81135606766, 16.9532527924, 83.8166046143, 23.6426467896, 27.6590213776, 32.1625022888, 38.0303039551, 12.7584753036, 96.2366027832, 113.934150696, 93.6234893799, 125.675949097, 147.292709351, 69.3538360596, 76.4394454956, 42.4664154053, 23.0918979645, 13.9158716202, 25.1621856689, 3.3604118824, 0.564350664616, 0.125501424074, 0.0806862339377, 0.0346234850585, 0.0613272599876, 0.0050233672373, 0.00172878219746, 0.000313705473673, 4.34146422776e-05, 2.50250377576e-05, 3.78514705517e-05],
        "median": [0.0196702759713, 0.230837076902, 0.762036263943, 2.45900678635, 5.46236467361, 17.4397506714, 8.42335319519, 12.500123024, 4.06418704987, 3.9088447094, 7.48634243011, 64.0144729614, 19.3187198639, 22.6713676453, 27.345293045, 27.0285377502, 11.0097513199, 71.8114547729, 100.583869934, 86.1712646484, 115.172744751, 133.960601807, 56.8328361511, 69.6973876953, 39.2207260132, 21.6848430634, 13.125202179, 18.7850914001, 2.70914649963, 0.32832223177, 0.0952717140317, 0.0600755251944, 0.0285678096116, 0.0535528436303, 0.00472635775805, 0.00158508424647, 0.000275212689303, 2.9402295695e-05, 2.319095438e-05, 3.84183767892e-05],
        "min": [0.00123848917428, 0.0080751972273, 0.015376216732, 0.0245240610093, 0.0955824404955, 0.22800642252, 0.168608441949, 0.066623494029, 0.051534473896, 0.0657948553562, 0.150734424591, 0.174068614841, 0.132279217243, 0.177272379398, 0.133177399635, 0.186762213707, 0.340333908796, 2.09853243828, 4.10233163834, 2.23389387131, 3.75931453705, 3.67206120491, 3.39540719986, 2.75584936142, 0.931689023972, 0.331312656403, 0.188164293766, 0.341043263674, 0.0936790257692, 0.0229991339147, 0.001429850352, 0.00121400225908, 0.000516223604791, 0.00183377135545, 0.000252127851127, 5.28622549609e-05, 1.61697407748e-05, 5.7836950873e-06, 1.54187625867e-06, 8.66359130214e-07],
        "var": [0.00155632616952, 0.131173223257, 0.668376266956, 4.69487333298, 29.2572555542, 205.579833984, 69.9841995239, 185.154800415, 19.0563373566, 249.205093384, 956.661193848, 3962.58764648, 293.26940918, 485.143157959, 390.121337891, 1173.68518066, 54.1025657654, 5352.89453125, 3461.05712891, 2196.75439453, 3118.55249023, 8210.92578125, 2567.71606445, 1131.33764648, 304.210968018, 132.768493652, 44.3860664368, 419.801147461, 7.88645744324, 0.910250127316, 0.00914510339499, 0.00291109108366, 0.000468571961392, 0.0014543638099, 5.14576504429e-06, 6.37032940176e-07, 8.28216784043e-08, 1.02860679974e-08, 4.93892982067e-10, 4.26020781152e-11]
    },
    "gfcc": {
        "mean": [11.7114658356, 131.941390991, -187.302520752, 50.2564582825, -36.53465271, -12.0034999847, -26.9020404816, -2.9935760498, -22.7147331238, -8.17944335938, -21.4052143097, -12.1618051529, 10.3878412247],
        "cov": [[372.401367188, 12.8604850769, -14.5195131302, 17.8760280609, -39.0538063049, 15.3184242249, 13.2747592926, -14.3967256546, -9.52178382874, -11.4326314926, 9.79377651215, 5.96832513809, 14.3353013992], [12.8604850769, 121.844139099, 24.7137336731, -38.456401825, -17.693731308, -21.5336608887, 7.36793231964, -2.38405799866, 2.69038748741, 5.34212112427, 14.3528680801, -4.27781391144, 6.54717540741], [-14.5195131302, 24.7137336731, 90.3813323975, 46.9618988037, 27.257768631, 18.9492950439, 0.525838434696, 10.7407302856, -9.8125333786, -9.30596256256, -0.183776795864, 24.4278945923, 14.9025344849], [17.8760280609, -38.456401825, 46.9618988037, 107.394676208, 40.6821861267, 37.8587875366, 3.15095949173, -7.85406064987, -8.37725543976, -9.76751899719, -1.00197148323, 34.2317008972, 16.3760566711], [-39.0538063049, -17.693731308, 27.257768631, 40.6821861267, 67.6368103027, 32.1004638672, 10.7500152588, 11.4424524307, -3.03523683548, 2.61856818199, -4.38797664642, 14.9066925049, 2.63378095627], [15.3184242249, -21.5336608887, 18.9492950439, 37.8587875366, 32.1004638672, 54.3075408936, 21.2186336517, 12.7629203796, 9.48310756683, -0.894449234009, 3.09972929955, 11.1180610657, 3.4216606617], [13.2747592926, 7.36793231964, 0.525838434696, 3.15095949173, 10.7500152588, 21.2186336517, 56.8497123718, 28.4986095428, 14.5342693329, 8.19034385681, -3.23151803017, 14.8941011429, -11.2217102051], [-14.3967256546, -2.38405799866, 10.7407302856, -7.85406064987, 11.4424524307, 12.7629203796, 28.4986095428, 72.2051773071, 45.222240448, 13.2741041183, 2.43748259544, -7.65507507324, -13.2106275558], [-9.52178382874, 2.69038748741, -9.8125333786, -8.37725543976, -3.03523683548, 9.48310756683, 14.5342693329, 45.222240448, 68.8129196167, 23.1941890717, 12.5054035187, -12.849395752, -26.4727306366], [-11.4326314926, 5.34212112427, -9.30596256256, -9.76751899719, 2.61856818199, -0.894449234009, 8.19034385681, 13.2741041183, 23.1941890717, 31.412071228, 12.3719091415, -4.05916309357, -9.58194255829], [9.79377651215, 14.3528680801, -0.183776795864, -1.00197148323, -4.38797664642, 3.09972929955, -3.23151803017, 2.43748259544, 12.5054035187, 12.3719091415, 29.9097881317, 7.37742757797, -1.3882496357], [5.96832513809, -4.27781391144, 24.4278945923, 34.2317008972, 14.9066925049, 11.1180610657, 14.8941011429, -7.65507507324, -12.849395752, -4.05916309357, 7.37742757797, 48.392906189, 17.647813797], [14.3353013992, 6.54717540741, 14.9025344849, 16.3760566711, 2.63378095627, 3.4216606617, -11.2217102051, -13.2106275558, -26.4727306366, -9.58194255829, -1.3882496357, 17.647813797, 49.9879798889]],
        "icov": [[0.00347784976475, -0.00152547145262, 0.00203729467466, -0.00236352859065, 0.00389710441232, -0.00296228681691, -1.83299416676e-05, -0.00126288644969, 0.00198892294429, 0.000247174291871, -0.000401732540922, -7.73521169322e-05, 0.000145766054629], [-0.00152547145262, 0.0262489933521, -0.0222488045692, 0.0128660714254, -0.00980671774596, 0.0228973347694, -0.0296010114253, 0.0233421791345, -0.0178395602852, 0.0118898265064, -0.0243109874427, 0.0215753819793, -0.0175700280815], [0.00203729467466, -0.0222488045692, 0.0369904190302, -0.0163139030337, 0.00825817417353, -0.0219278559089, 0.0310818105936, -0.0294601209462, 0.0212693121284, -0.0087622590363, 0.0206000749022, -0.0251193102449, 0.0159287899733], [-0.00236352859065, 0.0128660714254, -0.0163139030337, 0.0273754037917, -0.0109788095579, 0.00193908903748, -0.00836945045739, 0.0161899942905, -0.0140879815444, 0.006995273754, -0.00578217208385, -0.000898737052921, -0.00822960399091], [0.00389710441232, -0.00980671774596, 0.00825817417353, -0.0109788095579, 0.0369247347116, -0.0275746118277, 0.0196500923485, -0.0196892078966, 0.0201272461563, -0.0188266839832, 0.0190949942917, -0.016098998487, 0.0137154944241], [-0.00296228681691, 0.0228973347694, -0.0219278559089, 0.00193908903748, -0.0275746118277, 0.065194055438, -0.0487173721194, 0.029163941741, -0.0288715977222, 0.0261407028884, -0.0370964556932, 0.0349181890488, -0.0261232089251], [-1.83299416676e-05, -0.0296010114253, 0.0310818105936, -0.00836945045739, 0.0196500923485, -0.0487173721194, 0.0808999612927, -0.048077352345, 0.032146550715, -0.031198464334, 0.0494069941342, -0.0548103116453, 0.0368790104985], [-0.00126288644969, 0.0233421791345, -0.0294601209462, 0.0161899942905, -0.0196892078966, 0.029163941741, -0.048077352345, 0.0610571876168, -0.0444657057524, 0.0200677998364, -0.0256196875125, 0.0330553874373, -0.0269148629159], [0.00198892294429, -0.0178395602852, 0.0212693121284, -0.0140879815444, 0.0201272461563, -0.0288715977222, 0.032146550715, -0.0444657057524, 0.0591287054121, -0.0290370024741, 0.0138232214376, -0.0185425430536, 0.0290993191302], [0.000247174291871, 0.0118898265064, -0.0087622590363, 0.006995273754, -0.0188266839832, 0.0261407028884, -0.031198464334, 0.0200677998364, -0.0290370024741, 0.0657486543059, -0.0373313650489, 0.022196803242, -0.0154527872801], [-0.000401732540922, -0.0243109874427, 0.0206000749022, -0.00578217208385, 0.0190949942917, -0.0370964556932, 0.0494069941342, -0.0256196875125, 0.0138232214376, -0.0373313650489, 0.0811739787459, -0.0453748852015, 0.023344213143], [-7.73521169322e-05, 0.0215753819793, -0.0251193102449, -0.000898737052921, -0.016098998487, 0.0349181890488, -0.0548103116453, 0.0330553874373, -0.0185425430536, 0.022196803242, -0.0453748852015, 0.0703857019544, -0.0318052172661], [0.000145766054629, -0.0175700280815, 0.0159287899733, -0.00822960399091, 0.0137154944241, -0.0261232089251, 0.0368790104985, -0.0269148629159, 0.0290993191302, -0.0154527872801, 0.023344213143, -0.0318052172661, 0.0467682220042]]
    },
    "melbands": {
        "dmean": [0.000322447827784, 0.000372511480236, 0.00030573856202, 0.0006598548498, 0.00024715217296, 0.000170892148162, 4.53939574072e-05, 5.72316093894e-05, 0.000116910101497, 0.000248576368904, 5.02160837641e-05, 6.86747443979e-05, 5.37249143235e-05, 7.94167135609e-05, 1.63498571055e-05, 1.71623323695e-05, 0.000109407679702, 0.000101179371995, 5.81395324843e-05, 5.91920870647e-05, 7.00056189089e-05, 7.31052059564e-05, 5.55437982257e-05, 1.8653621737e-05, 2.60123269982e-05, 1.58726834343e-05, 8.56868155097e-06, 5.64709944229e-06, 1.95080929188e-06, 7.14139696356e-06, 4.46223975814e-06, 8.60469299369e-07, 5.19336651905e-07, 7.12323142693e-08, 3.04854061994e-08, 2.76001408395e-08, 2.11051851551e-08, 8.36174507413e-09, 1.07215596401e-08, 1.40026852335e-08],
        "dmean2": [0.000579432642553, 0.00063036341453, 0.000500206486322, 0.00112894992344, 0.000402704288717, 0.00029012572486, 6.73410540912e-05, 8.62304295879e-05, 0.000209043457289, 0.000349604699295, 8.94234835869e-05, 0.000118432180898, 8.44801179483e-05, 0.000128068073536, 2.78554052784e-05, 2.86191079795e-05, 0.000167122372659, 0.000156463662279, 9.39703240874e-05, 9.94562797132e-05, 0.000117336378025, 0.000119455347885, 8.5168525402e-05, 2.89218351099e-05, 4.29626343248e-05, 2.55549020949e-05, 1.43389597724e-05, 9.41751295613e-06, 3.27084171658e-06, 1.1753914805e-05, 7.17667899153e-06, 1.34030244681e-06, 8.97510460618e-07, 1.16703439801e-07, 4.89276636984e-08, 4.58137314752e-08, 3.38584058568e-08, 1.33175355188e-08, 1.67202784951e-08, 2.18585007872e-08],
        "dvar": [1.27030290287e-07, 1.46876999452e-07, 1.09205124943e-07, 3.2008637163e-07, 6.46499600521e-08, 3.57239962057e-08, 3.4041598429e-09, 1.6269876113e-08, 5.57215997787e-08, 4.69867273978e-08, 6.36020036637e-09, 7.46784056815e-09, 2.0919603827e-09, 6.67910704522e-09, 4.66518601527e-10, 3.69240138465e-10, 1.26367885045e-08, 8.64352056595e-09, 3.42565242839e-09, 3.99831900921e-09, 4.56952742312e-09, 4.83440532051e-09, 1.33628086374e-08, 2.4177096436e-10, 5.01206021131e-10, 1.61275853783e-10, 9.09763653301e-11, 3.41163139406e-11, 3.22003469895e-12, 8.26021265277e-11, 3.93720507585e-11, 2.33917095763e-12, 3.7177622092e-12, 2.12112855627e-14, 1.76657657347e-15, 1.38433707416e-15, 5.88696686309e-16, 9.76120900765e-17, 1.16199791353e-16, 3.03222442645e-16],
        "dvar2": [3.98599667051e-07, 4.10366993719e-07, 2.74797343991e-07, 8.8727892944e-07, 1.73786105506e-07, 8.44952410262e-08, 6.5771041946e-09, 3.09322807368e-08, 1.8008292102e-07, 1.14180934929e-07, 1.84107573631e-08, 1.956054696e-08, 5.01168573308e-09, 1.8084591602e-08, 1.40363498602e-09, 7.96351484755e-10, 2.70992526197e-08, 2.06173442763e-08, 8.5426306029e-09, 1.15738369999e-08, 1.18102621016e-08, 1.17439231673e-08, 2.2706487357e-08, 6.91971535627e-10, 1.40982325814e-09, 4.85365025948e-10, 2.45375025854e-10, 9.88115075873e-11, 7.21821127175e-12, 2.20121351702e-10, 9.63607249549e-11, 5.83579191915e-12, 1.0472092811e-11, 5.37548419677e-14, 3.85466017219e-15, 3.52966485351e-15, 1.38191212471e-15, 1.79967224184e-16, 2.37810138005e-16, 6.82722796228e-16],
        "max": [0.00212008832023, 0.00282548274845, 0.00280053564347, 0.00342727149837, 0.00167228153441, 0.00119648512919, 0.000662609643769, 0.00145849317778, 0.00181990116835, 0.00166949781124, 0.000604612578172, 0.000761917151976, 0.00038481131196, 0.000610567745753, 0.000155556175741, 0.000220738569624, 0.000786257733125, 0.000659882614855, 0.000637241580989, 0.000420294876676, 0.000595539109781, 0.000539396016393, 0.00126056175213, 0.000132810193463, 0.000168223341461, 0.000108616244688, 8.94064360182e-05, 4.96891552757e-05, 1.71439387486e-05, 6.88630752848e-05, 5.61161905352e-05, 1.41916443681e-05, 1.78087757376e-05, 1.20060099107e-06, 3.58195507033e-07, 2.81823957948e-07, 1.86863317708e-07, 1.098254927e-07, 1.29986958086e-07, 1.87917152061e-07],
        "mean": [0.000361352605978, 0.000488902092911, 0.000564967456739, 0.00106830848381, 0.000508170574903, 0.000333975593094, 8.61562875798e-05, 7.47729063733e-05, 0.000171345120179, 0.000528953503817, 9.09666341613e-05, 0.000106384803075, 0.00010015762382, 0.000134288537083, 3.27049383486e-05, 3.20292019751e-05, 0.000224410207011, 0.000222551359911, 0.000144840509165, 0.00011239725427, 0.000158410577569, 0.000153619112098, 0.000107135201688, 4.79876616737e-05, 6.55652547721e-05, 3.83719052479e-05, 2.29005563597e-05, 1.27113016788e-05, 5.28606597072e-06, 1.74395190697e-05, 1.11130848381e-05, 1.62342473686e-06, 7.58500220854e-07, 1.19720809266e-07, 6.70769964017e-08, 5.5116451847e-08, 4.67678837879e-08, 2.15101199075e-08, 3.72835202711e-08, 5.05277242269e-08],
        "median": [0.000225214316742, 0.000384871294955, 0.000452640437288, 0.000918923644349, 0.000425074598752, 0.000255876511801, 5.7994544477e-05, 3.67670581909e-05, 7.65749427956e-05, 0.000402059376938, 6.78126889397e-05, 8.34315142129e-05, 8.34721067804e-05, 9.62689809967e-05, 2.41474172071e-05, 2.73165223916e-05, 0.000166764322785, 0.000188527192222, 0.000119491691294, 9.88440588117e-05, 0.000141088705277, 0.000143790923175, 7.32510889065e-05, 4.50880725111e-05, 5.71862365177e-05, 3.49969595845e-05, 2.09061163332e-05, 1.12985890155e-05, 4.76660852655e-06, 1.39801049954e-05, 8.66924256115e-06, 1.17934973787e-06, 3.829540276e-07, 6.35717043451e-08, 4.72723513667e-08, 4.08885973968e-08, 3.28107070402e-08, 1.49052556964e-08, 3.09673140464e-08, 4.39999965351e-08],
        "min": [1.48604112837e-05, 9.11026745598e-06, 5.83299424761e-06, 1.21414050227e-05, 7.19648096492e-06, 1.51570623075e-06, 7.71138275013e-07, 7.90208503076e-07, 1.32992192903e-06, 1.00639579159e-06, 6.5766073476e-07, 7.51802247123e-07, 3.91877193806e-07, 4.36365439782e-07, 7.51083462092e-07, 4.96402151384e-07, 4.73720865557e-06, 7.98075961939e-06, 2.70658097179e-06, 4.62653997602e-06, 3.77930791728e-06, 2.84539828499e-06, 5.15955343872e-06, 2.51585993283e-06, 2.3223781227e-06, 6.64264803163e-07, 4.66763907525e-07, 1.67632251191e-07, 1.16965729546e-07, 1.78193843681e-07, 1.65258498441e-07, 4.04335978033e-08, 4.37068159442e-08, 2.86303958319e-09, 4.14335760146e-10, 4.83289575026e-10, 7.20755732875e-10, 2.46617420929e-10, 8.17330481073e-10, 1.65757141346e-09],
        "var": [1.50702518908e-07, 1.77492182729e-07, 1.92581438796e-07, 5.09995629727e-07, 1.12482290149e-07, 7.60460494575e-08, 7.62746488192e-09, 2.56112144825e-08, 9.74135048182e-08, 1.58751205959e-07, 6.37201313936e-09, 8.04774646923e-09, 4.2598262695e-09, 1.30888473393e-08, 6.66340538302e-10, 6.78589351377e-10, 3.17368886726e-08, 1.96175786726e-08, 9.57009671509e-09, 4.25941859561e-09, 5.95641269641e-09, 6.81300393879e-09, 1.7721474066e-08, 4.36174152352e-10, 9.44700873085e-10, 3.37688682572e-10, 1.22884522002e-10, 4.49198178654e-11, 6.77445382777e-12, 1.40694747519e-10, 8.48355066752e-11, 2.67028478322e-12, 2.63104360347e-12, 2.55620093099e-14, 3.89151923441e-15, 1.84988692252e-15, 1.20472966692e-15, 3.47250871136e-16, 5.12969293846e-16, 1.06741853227e-15]
    },
    "mfcc": {
        "mean": [-606.073974609, 143.889541626, -72.3462753296, 51.8892211914, 1.95069849491, 1.42038929462, 2.3149523735, -7.58755779266, 15.1493349075, -9.42669773102, -4.8841958046, -11.8688783646, -14.7377119064],
        "cov": [[402.947296143, -21.3407154083, 2.35538291931, -7.85724115372, -37.2021331787, 13.2792387009, 2.47406291962, 2.18057870865, -14.3095817566, -4.16147565842, -21.0001659393, 12.8552398682, 0.82253497839], [-21.3407154083, 149.388916016, 1.67758178711, -28.3182163239, -35.0619773865, -32.4608345032, 3.68402838707, -22.5486965179, 0.852863848209, -2.31447196007, -9.5330247879, 29.0780754089, 9.50600528717], [2.35538291931, 1.67758178711, 77.9374465942, 24.2297744751, 22.2876033783, 10.2703123093, 0.629349708557, 17.9427871704, -5.38972854614, -0.564692974091, -17.4780712128, -9.92803192139, 18.3176822662], [-7.85724115372, -28.3182163239, 24.2297744751, 66.8834991455, 25.701839447, 30.4146118164, 11.4208631516, 19.3284893036, 2.69279122353, -23.1270694733, -0.768646419048, -21.0230388641, 11.4383144379], [-37.2021331787, -35.0619773865, 22.2876033783, 25.701839447, 73.1878356934, 20.8100662231, 9.34562492371, 7.11279964447, 9.06746864319, -0.866843998432, -2.52035021782, -13.0978250504, 1.55957460403], [13.2792387009, -32.4608345032, 10.2703123093, 30.4146118164, 20.8100662231, 69.1736907959, 19.0507678986, 26.0586452484, -6.79840517044, -13.3499898911, -7.56615495682, -9.79004001617, 6.31404352188], [2.47406291962, 3.68402838707, 0.629349708557, 11.4208631516, 9.34562492371, 19.0507678986, 49.2914505005, 8.80502891541, 13.5840473175, -21.5401954651, -11.9167194366, -3.23123216629, 0.337091803551], [2.18057870865, -22.5486965179, 17.9427871704, 19.3284893036, 7.11279964447, 26.0586452484, 8.80502891541, 69.9762115479, 10.1462345123, 20.3887939453, 14.0259084702, -0.227782696486, 26.109834671], [-14.3095817566, 0.852863848209, -5.38972854614, 2.69279122353, 9.06746864319, -6.79840517044, 13.5840473175, 10.1462345123, 50.4938621521, 5.16629171371, 15.4385614395, 0.0182096660137, 1.42203962803], [-4.16147565842, -2.31447196007, -0.564692974091, -23.1270694733, -0.866843998432, -13.3499898911, -21.5401954651, 20.3887939453, 5.16629171371, 74.9508666992, 34.1252174377, 22.3529548645, 8.74573707581], [-21.0001659393, -9.5330247879, -17.4780712128, -0.768646419048, -2.52035021782, -7.56615495682, -11.9167194366, 14.0259084702, 15.4385614395, 34.1252174377, 60.4067649841, 15.7104606628, 15.215473175], [12.8552398682, 29.0780754089, -9.92803192139, -21.0230388641, -13.0978250504, -9.79004001617, -3.23123216629, -0.227782696486, 0.0182096660137, 22.3529548645, 15.7104606628, 55.859916687, 7.51342344284], [0.82253497839, 9.50600528717, 18.3176822662, 11.4383144379, 1.55957460403, 6.31404352188, 0.337091803551, 26.109834671, 1.42203962803, 8.74573707581, 15.215473175, 7.51342344284, 53.9619789124]],
