{
"lowlevel": {
    "average_loudness": 0.983979165554,
    "barkbands_crest": {
        "dmean": 2.2143034935,
        "dmean2": 3.8133559227,
        "dvar": 3.43412852287,
        "dvar2": 9.99632167816,
        "max": 16.4215126038,
        "mean": 7.12253856659,
        "median": 6.64294433594,
        "min": 3.19856786728,
        "var": 6.95721673965
    },
    "barkbands_flatness_db": {
        "dmean": 0.0109901512042,
        "dmean2": 0.0182107370347,
        "dvar": 0.000104538317828,
        "dvar2": 0.000252553465543,
        "max": 0.205460518599,
        "mean": 0.145238831639,
        "median": 0.145111292601,
        "min": 0.0886065885425,
        "var": 0.000218052518903
    },
    "barkbands_kurtosis": {
        "dmean": 0.475152045488,
        "dmean2": 0.805648386478,
        "dvar": 0.342468976974,
        "dvar2": 0.852604389191,
        "max": 2.40119695663,
        "mean": -1.06619620323,
        "median": -1.36847341061,
        "min": -1.81901335716,
        "var": 0.596734285355
    },
    "barkbands_skewness": {
        "dmean": 0.36944270134,
        "dmean2": 0.637987673283,
        "dvar": 0.0943050682545,
        "dvar2": 0.208904027939,
        "max": 1.87904238701,
        "mean": -0.127926647663,
        "median": -0.0736667886376,
        "min": -1.5303311348,
        "var": 0.351882308722
    },
    "barkbands_spread": {
        "dmean": 4.33268499374,
        "dmean2": 6.66546392441,
        "dvar": 11.0574235916,
        "dvar2": 25.7193584442,
        "max": 46.333568573,
        "mean": 33.2186431885,
        "median": 34.2858505249,
        "min": 16.5706043243,
        "var": 36.6766891479
    },
    "dissonance": {
        "dmean": 0.00541509920731,
        "dmean2": 0.00919581111521,
        "dvar": 3.22912928823e-05,
        "dvar2": 8.31457000459e-05,
        "max": 0.499088406563,
        "mean": 0.49092271924,
        "median": 0.492522507906,
        "min": 0.45632776618,
        "var": 4.61870804429e-05
    },
    "dynamic_complexity": 0.496156692505,
    "erbbands_crest": {
        "dmean": 2.32932710648,
        "dmean2": 3.92897629738,
        "dvar": 3.75625443459,
        "dvar2": 10.6058626175,
        "max": 17.4510326385,
        "mean": 7.64473581314,
        "median": 7.20550823212,
        "min": 4.1242556572,
        "var": 6.25332021713
    },
    "erbbands_flatness_db": {
        "dmean": 0.0101966951042,
        "dmean2": 0.0166282616556,
        "dvar": 8.89684379217e-05,
        "dvar2": 0.000164801254869,
        "max": 0.276834815741,
        "mean": 0.236836448312,
        "median": 0.235084027052,
        "min": 0.169429466128,
        "var": 0.00024387940357
    },
    "erbbands_kurtosis": {
        "dmean": 1.09992206097,
        "dmean2": 1.79358911514,
        "dvar": 1.00924170017,
        "dvar2": 2.66559696198,
        "max": 10.2825183868,
        "mean": 1.98625826836,
        "median": 1.6060295105,
        "min": -1.30897641182,
        "var": 3.05280184746
    },
    "erbbands_skewness": {
        "dmean": 0.282888025045,
        "dmean2": 0.444001853466,
        "dvar": 0.0463298261166,
        "dvar2": 0.132059171796,
        "max": -0.141788676381,
        "mean": -1.22743046284,
        "median": -1.21627151966,
        "min": -2.28237962723,
        "var": 0.13990727067
    },
    "erbbands_spread": {
        "dmean": 5.29079389572,
        "dmean2": 9.01119232178,
        "dvar": 20.4066429138,
        "dvar2": 51.6434402466,
        "max": 59.3582649231,
        "mean": 23.9523162842,
        "median": 23.2571811676,
        "min": 9.37317943573,
        "var": 64.3647842407
    },
    "hfc": {
        "dmean": 5.15849351883,
        "dmean2": 8.16967391968,
        "dvar": 18.2553806305,
        "dvar2": 44.5388298035,
        "max": 68.7913589478,
        "mean": 32.5587272644,
        "median": 31.2937412262,
        "min": 0.502448439598,
        "var": 94.7941131592
    },
    "melbands_crest": {
        "dmean": 3.58184981346,
        "dmean2": 6.08111476898,
        "dvar": 7.53632211685,
        "dvar2": 23.1547203064,
        "max": 23.6088466644,
        "mean": 12.1844654083,
        "median": 12.0086965561,
        "min": 3.57847929001,
        "var": 19.3596534729
    },
    "melbands_flatness_db": {
        "dmean": 0.0152685167268,
        "dmean2": 0.0259183235466,
        "dvar": 0.00021567553631,
        "dvar2": 0.000541351502761,
        "max": 0.253751546144,
        "mean": 0.16172260046,
        "median": 0.158539235592,
        "min": 0.108370795846,
        "var": 0.000703296333086
    },
    "melbands_kurtosis": {
        "dmean": 1.16857779026,
        "dmean2": 2.00116920471,
        "dvar": 2.51811218262,
        "dvar2": 6.10875797272,
        "max": 14.7478256226,
        "mean": 0.174133747816,
        "median": -0.405005693436,
        "min": -1.74155879021,
        "var": 4.100066185
    },
    "melbands_skewness": {
        "dmean": 0.465553402901,
        "dmean2": 0.796492338181,
        "dvar": 0.155233204365,
        "dvar2": 0.339243203402,
        "max": 3.84029388428,
        "mean": 0.985802829266,
        "median": 1.00690567493,
        "min": -0.669146716595,
        "var": 0.566044270992
    },
    "melbands_spread": {
        "dmean": 10.0863809586,
        "dmean2": 17.5418491364,
        "dvar": 67.4824523926,
        "dvar2": 154.837509155,
        "max": 99.9620666504,
        "mean": 59.9233856201,
        "median": 59.2547302246,
        "min": 16.8220787048,
        "var": 209.147567749
    },
    "pitch_salience": {
        "dmean": 0.0603131204844,
        "dmean2": 0.100582920015,
        "dvar": 0.00285966764204,
        "dvar2": 0.00741746556014,
        "max": 0.811997711658,
        "mean": 0.590316474438,
        "median": 0.600736498833,
        "min": 0.356138020754,
        "var": 0.00577841233462
    },
    "silence_rate_20dB": {
        "dmean": 0,
        "dmean2": 0,
        "dvar": 0,
        "dvar2": 0,
        "max": 1,
        "mean": 1,
        "median": 1,
        "min": 1,
        "var": 0
    },
    "silence_rate_30dB": {
        "dmean": 0,
        "dmean2": 0,
        "dvar": 0,
        "dvar2": 0,
        "max": 1,
        "mean": 1,
        "median": 1,
        "min": 1,
        "var": 0
    },
    "silence_rate_60dB": {
        "dmean": 0,
        "dmean2": 0,
        "dvar": 0,
        "dvar2": 0,
        "max": 0,
        "mean": 0,
        "median": 0,
        "min": 0,
        "var": 0
    },
    "spectral_centroid": {
        "dmean": 197.687606812,
        "dmean2": 324.546234131,
        "dvar": 24884.3554688,
        "dvar2": 64126.0390625,
        "max": 3377.45605469,
        "mean": 2447.49804688,
        "median": 2457.16113281,
        "min": 1309.47949219,
        "var": 121697.140625
    },
    "spectral_complexity": {
        "dmean": 4.28888893127,
        "dmean2": 6.83240222931,
        "dvar": 12.1387691498,
        "dvar2": 27.4244251251,
        "max": 50,
        "mean": 37.0276260376,
        "median": 38,
        "min": 1,
        "var": 34.7340545654
    },
    "spectral_decrease": {
        "dmean": 7.79651232463e-10,
        "dmean2": 1.33814204162e-09,
        "dvar": 4.95293675414e-19,
        "dvar2": 1.18991678535e-18,
        "max": -1.03371679272e-10,
        "mean": -4.77786521458e-09,
        "median": -4.82976636462e-09,
        "min": -7.7067667803e-09,
        "var": 6.90916255115e-19
    },
    "spectral_energy": {
        "dmean": 0.00314681394957,
        "dmean2": 0.00544149521738,
        "dvar": 8.32094974612e-06,
        "dvar2": 1.92921652342e-05,
        "max": 0.0312421601266,
        "mean": 0.0209859237075,
        "median": 0.0213863831013,
        "min": 0.000435722176917,
        "var": 1.19534261103e-05
    },
    "spectral_energyband_high": {
        "dmean": 0.000188114267075,
        "dmean2": 0.000312088959618,
        "dvar": 1.97063627638e-08,
        "dvar2": 5.77189993578e-08,
        "max": 0.0013763793977,
        "mean": 0.000628957932349,
        "median": 0.000603076652624,
        "min": 4.28535577157e-06,
        "var": 5.90571040959e-08
    },
    "spectral_energyband_low": {
        "dmean": 0.00073688843986,
        "dmean2": 0.00118624302559,
        "dvar": 8.3482706259e-07,
        "dvar2": 1.67222265191e-06,
        "max": 0.0100651187822,
        "mean": 0.00165471830405,
        "median": 0.0012989945244,
        "min": 4.35001020378e-05,
        "var": 2.31687931773e-06
    },
    "spectral_energyband_middle_high": {
        "dmean": 0.00221902527846,
        "dmean2": 0.00351223070174,
        "dvar": 2.91968945021e-06,
        "dvar2": 7.20142452337e-06,
        "max": 0.0235763005912,
        "mean": 0.0116557376459,
        "median": 0.011295856908,
        "min": 0.000177321649971,
        "var": 1.5564090063e-05
    },
    "spectral_energyband_middle_low": {
        "dmean": 0.00273397937417,
        "dmean2": 0.00482356501743,
        "dvar": 6.40299231236e-06,
        "dvar2": 1.55104426085e-05,
        "max": 0.0237016770989,
        "mean": 0.00770444702357,
        "median": 0.00761941727251,
        "min": 0.000215218868107,
        "var": 1.5807843738e-05
    },
    "spectral_entropy": {
        "dmean": 0.0624260008335,
        "dmean2": 0.100927472115,
        "dvar": 0.00312056136318,
        "dvar2": 0.0074101826176,
        "max": 8.05956935883,
        "mean": 7.5685710907,
        "median": 7.57545280457,
        "min": 7.36194515228,
        "var": 0.0069444803521
    },
    "spectral_flux": {
        "dmean": 0.0106630856171,
        "dmean2": 0.0177729073912,
        "dvar": 9.70546680037e-05,
        "dvar2": 0.000237958010985,
        "max": 0.130753934383,
        "mean": 0.0800736919045,
        "median": 0.0782023966312,
        "min": 0.0543102435768,
        "var": 0.000169824576005
    },
    "spectral_kurtosis": {
        "dmean": 3.26083683968,
        "dmean2": 5.84940433502,
        "dvar": 6.51243638992,
        "dvar2": 19.075258255,
        "max": 22.5490627289,
        "mean": 5.32477378845,
        "median": 4.83252859116,
        "min": 0.909558296204,
        "var": 9.81488513947
    },
    "spectral_rms": {
        "dmean": 0.000350530201104,
        "dmean2": 0.000598247046582,
        "dvar": 1.50812411448e-07,
        "dvar2": 2.77673933624e-07,
        "max": 0.00552088348195,
        "mean": 0.00450285803527,
        "median": 0.00456779636443,
        "min": 0.000651992973872,
        "var": 1.98345517788e-07
    },
    "spectral_rolloff": {
        "dmean": 302.780700684,
        "dmean2": 504.767181396,
        "dvar": 79016.8515625,
        "dvar2": 203775.578125,
        "max": 3897.50976562,
        "mean": 3002.98901367,
        "median": 3014.6484375,
        "min": 1162.79296875,
        "var": 247437.828125
    },
    "spectral_skewness": {
        "dmean": 0.32809394598,
        "dmean2": 0.588986635208,
        "dvar": 0.0708031505346,
        "dvar2": 0.182839035988,
        "max": 3.09108877182,
        "mean": 0.721388101578,
        "median": 0.663741350174,
        "min": 0.183146700263,
        "var": 0.145053520799
    },
    "spectral_spread": {
        "dmean": 177556.515625,
        "dmean2": 267042.09375,
        "dvar": 234440605696,
        "dvar2": 172212387840,
        "max": 9929014,
        "mean": 2220021,
        "median": 2182808.75,
        "min": 1720760.125,
        "var": 376271044608
    },
    "spectral_strongpeak": {
        "dmean": 1.17134737968,
        "dmean2": 2.13488030434,
        "dvar": 3.1247086525,
        "dvar2": 8.96538829803,
        "max": 13.2912607193,
        "mean": 1.33149123192,
        "median": 0.587310314178,
        "min": 0.0194853860885,
        "var": 4.0477013588
    },
    "zerocrossingrate": {
        "dmean": 0.00685763871297,
        "dmean2": 0.00858720298856,
        "dvar": 3.43397514371e-05,
        "dvar2": 5.17293774465e-05,
        "max": 0.12744140625,
        "mean": 0.0889535099268,
        "median": 0.08935546875,
        "min": 0.0224609375,
        "var": 0.00027892383514
    },
    "barkbands": {
        "dmean": [1.09004531623e-05, 0.000424653029768, 0.00026163138682, 0.00099729525391, 0.00219878647476, 0.000301359978039, 8.50935539347e-05, 4.52400563518e-05, 0.000311024370603, 0.000275240861811, 0.000294608733384, 0.000405225990107, 0.000119495132822, 0.000509498058818, 0.000830603414215, 0.0008693257696, 0.000949288252741, 0.000360073143383, 0.000405990838772, 0.000587585440371, 0.000124584810692, 1.80663373612e-05, 6.42130260076e-07, 1.13162764137e-06, 2.28466078056e-07, 7.04254716766e-08, 7.03189595441e-09],
        "dmean2": [1.86953111552e-05, 0.0006738184602, 0.00043567531975, 0.00164414918981, 0.00398559262976, 0.000524640781805, 0.000139751064125, 7.58307432989e-05, 0.000487901299493, 0.000463546952233, 0.000498965906445, 0.000670785899274, 0.000212241269764, 0.000870422285516, 0.00137638824526, 0.00145361304749, 0.0015539805172, 0.000621105136815, 0.000670961802825, 0.000936528551392, 0.000211380844121, 3.06072579406e-05, 1.1019262729e-06, 1.82141718597e-06, 3.54603173491e-07, 1.13162684556e-07, 9.99790117362e-09],
        "dvar": [2.63474131401e-10, 4.58074111975e-07, 3.4857225728e-07, 1.3159279888e-06, 5.04557146996e-06, 2.04561573014e-07, 9.76016689691e-09, 2.70618727427e-09, 1.10329253289e-07, 2.06684887871e-07, 4.56982434116e-07, 3.5526488773e-07, 2.71600129054e-08, 2.72254112588e-07, 5.35340916485e-07, 7.79590948241e-07, 6.49594880997e-07, 7.50013597894e-08, 1.39715524483e-07, 4.34221107071e-07, 1.14602132228e-08, 2.33597807764e-10, 2.99591975577e-13, 9.63232531931e-13, 5.2843525996e-14, 7.72195977002e-15, 2.12148655475e-15],
        "dvar2": [6.29012120168e-10, 7.74170985096e-07, 9.81164589575e-07, 2.99477437693e-06, 1.41271621033e-05, 5.78294702791e-07, 2.49224800797e-08, 6.07781247552e-09, 2.32042950188e-07, 5.29483543232e-07, 1.34268771035e-06, 9.63781531027e-07, 6.96322928206e-08, 8.02844454029e-07, 1.34088259074e-06, 1.90368155017e-06, 1.39017595302e-06, 2.35780760249e-07, 3.24387542605e-07, 1.06995707938e-06, 3.39318795284e-08, 6.57914778213e-10, 8.59628611783e-13, 2.13584054956e-12, 1.27658869803e-13, 1.62573930419e-14, 2.14713026547e-15],
        "max": [0.00013718259288, 0.00898491125554, 0.00597964785993, 0.00952856428921, 0.0190016273409, 0.00352700264193, 0.000879901112057, 0.000617239158601, 0.0046592252329, 0.00497697014362, 0.00699041597545, 0.00564200058579, 0.00113572063856, 0.0041253673844, 0.00540350284427, 0.00679123075679, 0.0075171450153, 0.00228592357598, 0.00315722054802, 0.00940233655274, 0.0010462916689, 0.000129872802063, 4.81019606013e-06, 1.18984116853e-05, 3.40679662258e-06, 9.41084465467e-07, 6.28749432963e-07],
        "mean": [1.41910495586e-05, 0.000699544732925, 0.000391516805394, 0.00141224660911, 0.00448952242732, 0.000522756308783, 0.000127014922327, 0.000114178132208, 0.00086634181207, 0.000425086705945, 0.000353992945747, 0.000613814627286, 0.000241979767452, 0.000976684270427, 0.00173557747621, 0.00189538707491, 0.00194365670905, 0.000989750958979, 0.00121878355276, 0.00153580692131, 0.000354583753506, 5.60809457966e-05, 2.23536244448e-06, 4.28053044743e-06, 7.00914483787e-07, 2.22116753434e-07, 1.45653009653e-08],
        "median": [7.31203545001e-06, 0.000499950489029, 0.000194373482373, 0.000732702785172, 0.00392895005643, 0.000269445503363, 8.69787982083e-05, 9.50448957155e-05, 0.00053514452884, 0.000179206865141, 0.000160266077728, 0.000347903522197, 0.000163692631759, 0.000795413507149, 0.00151857093442, 0.00169238494709, 0.001583942445, 0.000916762161069, 0.00113028578926, 0.00128375389613, 0.000339658930898, 5.21484944329e-05, 2.1116300104e-06, 3.94871904064e-06, 5.57703003778e-07, 1.78991825805e-07, 9.33349220134e-09],
        "min": [1.03598303269e-07, 1.27631528812e-05, 7.23059883967e-06, 2.40321696765e-05, 0.00012186019012, 4.60660839963e-06, 8.8604647317e-06, 6.82342442815e-06, 9.67138021224e-06, 4.81998858959e-06, 5.39620805284e-06, 2.66199895123e-05, 1.69500017364e-05, 1.31555962071e-05, 1.1993305634e-05, 6.13698421148e-06, 2.34637300309e-05, 7.77232253313e-06, 3.83154547308e-05, 2.38453703787e-05, 2.39355199483e-06, 5.38688993856e-07, 9.93246942471e-08, 1.50700998347e-07, 6.27258103236e-08, 6.67416557576e-08, 4.16964862637e-09],
        "var": [4.0969222459e-10, 9.05309832433e-07, 3.51392941411e-07, 3.04046534438e-06, 9.53105063672e-06, 3.486783271e-07, 1.51836694329e-08, 8.57576587521e-09, 7.97660391072e-07, 4.65983561071e-07, 4.77375124319e-07, 5.25374048266e-07, 4.62132341283e-08, 4.05060831099e-07, 1.03583533928e-06, 1.30752380301e-06, 1.56259636697e-06, 1.63512993367e-07, 3.06599133637e-07, 1.73287901362e-06, 2.32287931112e-08, 4.97644092601e-10, 8.24456280156e-13, 3.50836417209e-12, 2.44172385219e-13, 2.28823324899e-14, 2.16621667063e-15]
    },
    "erbbands": {
        "dmean": [0.0156700275838, 0.0877411663532, 0.228723838925, 1.6996743679, 8.27869510651, 5.54195070267, 1.26607644558, 3.11147809029, 0.80163115263, 1.42664182186, 1.46086776257, 8.21964454651, 8.6190404892, 6.64711236954, 13.7409439087, 15.44572258, 5.48501873016, 18.4809646606, 30.1433124542, 59.5038375854, 37.5797119141, 51.5037269592, 19.7162036896, 22.9251785278, 19.3882141113, 26.3840274811, 5.32464647293, 3.56948232651, 0.723164260387, 0.10432484746, 0.0208959747106, 0.0339540317655, 0.0110291242599, 0.00424762070179, 0.000548565527424, 0.000417377304984, 0.000106897052319, 9.54391907726e-06, 2.5030803954e-06, 3.79898961e-06],
        "dmean2": [0.0242118109018, 0.139988005161, 0.377335101366, 2.81935858727, 14.7894086838, 10.3627872467, 2.18772268295, 5.41521549225, 1.28720915318, 2.44244599342, 2.2395632267, 12.7107973099, 14.6350183487, 11.3241729736, 23.0346679688, 25.3456859589, 9.26134109497, 32.0390129089, 49.3877944946, 96.3770828247, 62.9028892517, 83.3090591431, 33.6024093628, 37.9008903503, 30.9078273773, 42.8700447083, 9.03370666504, 5.88323450089, 1.2051628828, 0.172057852149, 0.0358972847462, 0.0565871037543, 0.0166061669588, 0.00655448576435, 0.000871188065503, 0.000675485760439, 0.000171976585989, 1.50890018631e-05, 3.96523410018e-06, 6.58743783788e-06],
        "dvar": [0.000567981856875, 0.0178329013288, 0.189569056034, 4.12407493591, 82.4602661133, 26.5920753479, 3.15173125267, 21.6940917969, 0.695470452309, 2.67541480064, 2.28388118744, 76.0030517578, 276.464569092, 81.8966751099, 986.682800293, 514.444335938, 44.4183311462, 602.148925781, 834.466552734, 3856.34619141, 1294.15881348, 1620.01879883, 235.568557739, 404.95690918, 309.043792725, 1273.78173828, 24.1511535645, 9.01518344879, 0.354541152716, 0.0079062525183, 0.000322079169564, 0.00102234829683, 9.47300432017e-05, 1.76731973625e-05, 3.11769923655e-07, 2.09882273339e-07, 2.21404796719e-08, 8.71573924144e-10, 3.67481808872e-11, 1.1969389889e-11],
        "dvar2": [0.00107364042196, 0.0286331567913, 0.508416056633, 9.81871032715, 227.041259766, 79.1336593628, 8.8407831192, 60.6033973694, 1.87546658516, 6.30587053299, 5.54435873032, 151.732788086, 612.071777344, 210.952987671, 2892.72705078, 1403.12353516, 108.029953003, 1722.58007812, 2432.14208984, 9431.8984375, 3200.95532227, 4253.2734375, 715.659973145, 1133.5579834, 748.640563965, 3328.92211914, 70.3073043823, 26.607378006, 0.919284403324, 0.0215280223638, 0.000835831160657, 0.00243070581928, 0.000215815438423, 4.11966866523e-05, 6.19603952146e-07, 4.65917821657e-07, 4.82955613279e-08, 9.65457269686e-10, 4.10190631461e-11, 2.85345896217e-11],
        "max": [0.330221801996, 1.7336461544, 4.72742843628, 17.8163909912, 77.4300765991, 35.1472167969, 13.8696594238, 34.5821380615, 8.59353065491, 12.9655733109, 19.6227836609, 139.863708496, 191.43270874, 91.2292938232, 315.868377686, 201.469528198, 56.0327301025, 202.567855835, 261.229553223, 595.167602539, 328.000427246, 303.044189453, 131.721115112, 174.013000488, 177.754104614, 452.773651123, 43.259513855, 27.4916400909, 6.34464454651, 0.920874357224, 0.158300042152, 0.326022326946, 0.138007178903, 0.0599666200578, 0.00623956974596, 0.0056603779085, 0.00163754774258, 0.000405680650147, 9.60036486504e-05, 4.21477598138e-05],
        "mean": [0.0227762274444, 0.151802867651, 0.392179131508, 2.91805243492, 17.013250351, 9.13583278656, 2.65923476219, 4.97278642654, 1.61881089211, 2.63525080681, 3.78056550026, 24.0556850433, 15.3566560745, 11.3233098984, 19.8415737152, 23.6280937195, 12.5678081512, 34.7493400574, 72.8531799316, 121.23815155, 92.4942626953, 103.296569824, 59.0725669861, 69.2636871338, 64.3027191162, 70.3029251099, 16.2776412964, 10.8101768494, 2.55074000359, 0.381645619869, 0.0824082121253, 0.11651365459, 0.0439967364073, 0.014107644558, 0.00186431698967, 0.00136301922612, 0.000317404104862, 2.4537457648e-05, 1.68444676092e-05, 2.81839984382e-05],
        "median": [0.0159004628658, 0.105737730861, 0.268171548843, 1.89013767242, 15.7150259018, 7.79786062241, 1.85091567039, 2.12604284286, 1.32317221165, 1.98926258087, 3.18274950981, 13.6729192734, 7.98402452469, 5.99723720551, 10.7585325241, 13.9811830521, 9.24860858917, 27.4455490112, 65.0460586548, 101.723510742, 80.5954818726, 86.0593490601, 54.2040290833, 65.1648864746, 58.4048042297, 57.2259407043, 15.0860843658, 10.420009613, 2.39603972435, 0.367094427347, 0.0794077441096, 0.104734294116, 0.0399739854038, 0.0110737718642, 0.00156944664195, 0.00110420281999, 0.000256571540376, 1.99836140382e-05, 1.60525869433e-05, 2.82196178887e-05],
        "min": [0.000519112625625, 0.00186618673615, 0.00667229294777, 0.0727318078279, 0.310116320848, 0.427381783724, 0.131577938795, 0.0507132485509, 0.139708146453, 0.1473390311, 0.157404601574, 0.238917544484, 0.12994030118, 0.210593357682, 0.314658850431, 1.2373701334, 0.886266827583, 0.58304131031, 0.76382368803, 0.438591122627, 0.585349142551, 1.23792386055, 0.506314396858, 0.859051346779, 2.57909917831, 0.855271935463, 0.107199601829, 0.0762488767505, 0.020869653672, 0.0128619177267, 0.00286841439083, 0.00434444565326, 0.00157239194959, 0.000706484890543, 0.000442371412646, 0.000262997171376, 8.05138261057e-05, 6.67215272188e-06, 9.75655439106e-06, 1.62588526109e-06],
        "var": [0.00108124583494, 0.0379827953875, 0.228362426162, 9.83130931854, 141.351654053, 39.7451133728, 6.45308065414, 37.6500282288, 1.65174937248, 4.06413078308, 7.43651533127, 707.546508789, 582.525878906, 175.840179443, 1084.9822998, 756.368469238, 98.4051361084, 660.790039062, 1669.18029785, 6892.73876953, 2557.61645508, 3584.42431641, 532.592956543, 784.546691895, 1244.05993652, 3654.50244141, 50.7960662842, 19.1883640289, 0.906085371971, 0.0209767594934, 0.000973693269771, 0.00262778438628, 0.00049932935508, 8.97484496818e-05, 1.13396754386e-06, 7.23742061837e-07, 5.56895969339e-08, 9.36111965721e-10, 4.36259500747e-11, 2.11827170388e-11]
    },
    "gfcc": {
        "mean": [-13.5776100159, 118.838272095, -192.170257568, 64.6255645752, -29.1082859039, -12.034280777, -23.4258918762, -6.14007282257, -25.6162872314, -13.5423374176, -22.1366233826, -19.8981838226, 3.4907078743],
        "cov": [[275.942779541, -25.8291339874, -86.5952987671, -5.43462181091, -29.8333492279, 21.1127586365, 22.6859378815, 20.7621803284, -2.23403596878, 3.04135203362, -4.85467386246, -7.13942861557, 19.6838531494], [-25.8291339874, 210.286132812, 110.029327393, 33.7884750366, -17.7168560028, -71.2036132812, -47.4530220032, -52.1073989868, 40.5849647522, 9.56510734558, 19.6929855347, 11.0954084396, 14.4524269104], [-86.5952987671, 110.029327393, 116.290298462, 41.3059196472, 9.53222751617, -49.0237236023, -41.4019355774, -36.8453559875, 18.2836704254, 10.7409601212, 11.0033912659, 11.0425634384, -1.0802167654], [-5.43462181091, 33.7884750366, 41.3059196472, 91.6135101318, 42.6963882446, -6.10310173035, -3.1064388752, -12.815322876, 28.3268871307, 11.152545929, 0.163236483932, -14.5430994034, -7.76334619522], [-29.8333492279, -17.7168560028, 9.53222751617, 42.6963882446, 77.2857284546, 50.2110786438, 18.7099895477, 11.5388307571, 7.75177621841, 3.74245977402, 8.92219352722, 8.62111568451, -7.85661697388], [21.1127586365, -71.2036132812, -49.0237236023, -6.10310173035, 50.2110786438, 95.4284286499, 65.983291626, 39.2147750854, -12.077835083, -4.8847527504, 4.2786026001, 10.9719743729, -9.37772274017], [22.6859378815, -47.4530220032, -41.4019355774, -3.1064388752, 18.7099895477, 65.983291626, 87.9164962769, 50.1979217529, -4.14186859131, -4.36255788803, -6.63316726685, -10.0304918289, -14.0588512421], [20.7621803284, -52.1073989868, -36.8453559875, -12.815322876, 11.5388307571, 39.2147750854, 50.1979217529, 55.4999389648, 6.80080986023, -0.399040728807, -7.95637702942, -9.56182289124, -3.57141375542], [-2.23403596878, 40.5849647522, 18.2836704254, 28.3268871307, 7.75177621841, -12.077835083, -4.14186859131, 6.80080986023, 51.3116149902, 24.5592689514, 3.30211019516, -8.24424552917, -0.562755227089], [3.04135203362, 9.56510734558, 10.7409601212, 11.152545929, 3.74245977402, -4.8847527504, -4.36255788803, -0.399040728807, 24.5592689514, 53.057308197, 33.9000968933, 11.0272912979, -0.571833014488], [-4.85467386246, 19.6929855347, 11.0033912659, 0.163236483932, 8.92219352722, 4.2786026001, -6.63316726685, -7.95637702942, 3.30211019516, 33.9000968933, 53.0126724243, 36.0407104492, 5.17672777176], [-7.13942861557, 11.0954084396, 11.0425634384, -14.5430994034, 8.62111568451, 10.9719743729, -10.0304918289, -9.56182289124, -8.24424552917, 11.0272912979, 36.0407104492, 55.0628890991, 17.6722297668], [19.6838531494, 14.4524269104, -1.0802167654, -7.76334619522, -7.85661697388, -9.37772274017, -14.0588512421, -3.57141375542, -0.562755227089, -0.571833014488, 5.17672777176, 17.6722297668, 28.6566486359]],
        "icov": [[0.00908904056996, -0.0101706199348, 0.0145034166053, -0.0130526321009, 0.0111916288733, -0.00993830431253, 0.0115709062666, -0.0132338972762, 0.0126562276855, -0.0108318571001, 0.0103015890345, -0.00635684467852, 0.00183191592805], [-0.0101706199348, 0.0388956405222, -0.0380775667727, 0.025866959244, -0.0121130533516, 0.0172810759395, -0.0336442142725, 0.0446982346475, -0.0462676696479, 0.0374196767807, -0.0400145724416, 0.024842325598, -0.0239122584462], [0.0145034166053, -0.0380775667727, 0.0598237775266, -0.0314036905766, 0.00605548918247, -0.00130062107928, 0.0278456490487, -0.0379661098123, 0.0424588806927, -0.0375729463995, 0.0434794910252, -0.0364708453417, 0.0278737116605], [-0.0130526321009, 0.025866959244, -0.0314036905766, 0.0563333705068, -0.0444539487362, 0.0342526398599, -0.0429907999933, 0.0502050705254, -0.0423142276704, 0.0258702170104, -0.0294023193419, 0.0290305130184, -0.0187213383615], [0.0111916288733, -0.0121130533516, 0.00605548918247, -0.0444539487362, 0.0736073106527, -0.0635560229421, 0.0451860018075, -0.0351936779916, 0.0168682597578, -0.00822843052447, 0.0068653896451, -0.00871494598687, 0.00807226076722], [-0.00993830431253, 0.0172810759395, -0.00130062107928, 0.0342526398599, -0.0635560229421, 0.0896393582225, -0.0613343305886, 0.0319778285921, -0.0189392659813, 0.0144701302052, -0.00827779993415, -0.00942899659276, 0.000372477516066], [0.0115709062666, -0.0336442142725, 0.0278456490487, -0.0429907999933, 0.0451860018075, -0.0613343305886, 0.0861636772752, -0.0739853009582, 0.0468107685447, -0.0305036716163, 0.0297694504261, -0.0162591151893, 0.0287506338209], [-0.0132338972762, 0.0446982346475, -0.0379661098123, 0.0502050705254, -0.0351936779916, 0.0319778285921, -0.0739853009582, 0.1094372347, -0.0694266855717, 0.0415311343968, -0.0428767763078, 0.0365000590682, -0.0384232066572], [0.0126562276855, -0.0462676696479, 0.0424588806927, -0.0423142276704, 0.0168682597578, -0.0189392659813, 0.0468107685447, -0.0694266855717, 0.0939364135265, -0.065572924912, 0.0578473061323, -0.0302087981254, 0.0262333378196], [-0.0108318571001, 0.0374196767807, -0.0375729463995, 0.0258702170104, -0.00822843052447, 0.0144701302052, -0.0305036716163, 0.0415311343968, -0.065572924912, 0.0881418436766, -0.0800386443734, 0.0371915474534, -0.0211549773812], [0.0103015890345, -0.0400145724416, 0.0434794910252, -0.0294023193419, 0.0068653896451, -0.00827779993415, 0.0297694504261, -0.0428767763078, 0.0578473061323, -0.0800386443734, 0.114775165915, -0.0711267143488, 0.0378808416426], [-0.00635684467852, 0.024842325598, -0.0364708453417, 0.0290305130184, -0.00871494598687, -0.00942899659276, -0.0162591151893, 0.0365000590682, -0.0302087981254, 0.0371915474534, -0.0711267143488, 0.084454163909, -0.0496593303978], [0.00183191592805, -0.0239122584462, 0.0278737116605, -0.0187213383615, 0.00807226076722, 0.000372477516066, 0.0287506338209, -0.0384232066572, 0.0262333378196, -0.0211549773812, 0.0378808416426, -0.0496593303978, 0.0772019028664]]
    },
    "melbands": {
        "dmean": [0.00012755075295, 0.000103404505353, 0.000472388288472, 0.000582146109082, 4.71264320367e-05, 6.29357164144e-05, 1.41474920383e-05, 1.3996830603e-05, 1.54043573275e-05, 5.40880864719e-05, 4.24953941547e-05, 2.81786415144e-05, 4.67458339699e-05, 5.31529949512e-05, 1.8959697627e-05, 1.49513971337e-05, 4.11578985222e-05, 4.96904613101e-05, 6.86783096171e-05, 7.46045916458e-05, 5.20642897754e-05, 5.75073172513e-05, 3.17997764796e-05, 1.82818675967e-05, 2.1536143322e-05, 1.58611837833e-05, 3.01693489746e-05, 1.44537762026e-05, 2.50255015999e-06, 4.99700627188e-06, 1.37347319651e-06, 5.14097337145e-07, 1.96237024852e-07, 2.56944385768e-08, 1.16754268475e-08, 2.09680361962e-08, 2.20029665599e-08, 1.01760440074e-08, 5.04194952455e-09, 3.7254861418e-09],
        "dmean2": [0.000198496098164, 0.000166623096447, 0.00079866492888, 0.0010516041657, 8.37675106595e-05, 0.00011018326768, 2.21021455218e-05, 2.40398367168e-05, 2.4977580324e-05, 8.41025248519e-05, 7.2552698839e-05, 4.98841545777e-05, 7.95514642959e-05, 8.87425994733e-05, 2.99060811813e-05, 2.61774257524e-05, 7.10663516656e-05, 8.111322677e-05, 0.000112924026325, 0.000118802025099, 8.91263334779e-05, 9.23068801058e-05, 5.38237582077e-05, 3.11762196361e-05, 3.60680242011e-05, 2.53631114902e-05, 4.65036682726e-05, 2.34455783357e-05, 4.19685375164e-06, 8.61051285028e-06, 2.25867347581e-06, 8.52882465097e-07, 3.32148374582e-07, 4.29904680743e-08, 1.98997192058e-08, 3.49307356373e-08, 3.68085402158e-08, 1.58501958225e-08, 7.62111707076e-09, 6.08516614875e-09],
        "dvar": [4.02751183515e-08, 2.30529693113e-08, 2.38185691614e-07, 3.26800090988e-07, 3.051934927e-09, 9.07582098364e-09, 2.17787413104e-10, 2.33426472596e-10, 2.81814654945e-10, 3.2839115871e-09, 6.9929741997e-09, 1.59686730505e-09, 1.24967973747e-08, 6.53606724299e-09, 6.91719348467e-10, 5.94756188743e-10, 2.38398634167e-09, 2.23676255295e-09, 4.6227315309e-09, 6.14845374614e-09, 2.81911294309e-09, 2.36250241592e-09, 6.76466438421e-10, 2.17002318892e-10, 3.9417416553e-10, 2.5528337777e-10, 8.79162409539e-10, 3.95296545497e-10, 4.73746215868e-12, 2.19254215478e-11, 1.26021664892e-12, 1.84303839009e-13, 2.58156973717e-14, 3.70812204295e-16, 1.095087737e-16, 3.35632252547e-16, 4.6417225515e-16, 7.76082952963e-17, 2.8276586905e-17, 1.37689308392e-17],
        "dvar2": [7.00447557733e-08, 5.29496908541e-08, 6.14623388628e-07, 9.23397692532e-07, 8.63053717381e-09, 2.53646508241e-08, 5.8832216876e-10, 5.4372834013e-10, 7.12022496518e-10, 6.40876285374e-09, 1.55680481839e-08, 4.27989244045e-09, 3.71240176378e-08, 1.84733686126e-08, 1.56473622948e-09, 1.57198676298e-09, 6.88715706687e-09, 6.6900884832e-09, 1.16438627629e-08, 1.44059022489e-08, 7.15424519626e-09, 5.82301762364e-09, 1.97319693918e-09, 7.06044667176e-10, 1.12890141679e-09, 6.0532706625e-10, 2.17929496671e-09, 1.09456610442e-09, 1.34912254979e-11, 6.31840829657e-11, 3.51206585515e-12, 4.99680971513e-13, 7.22192013765e-14, 1.16320535899e-15, 3.17314265091e-16, 1.0565899572e-15, 9.35945360453e-16, 1.9491953946e-16, 6.39066506369e-17, 3.59998432442e-17],
        "max": [0.00274543440901, 0.00177498406265, 0.00342863053083, 0.0048179817386, 0.000400101242121, 0.000721711025108, 0.000154291075887, 0.000122968194773, 0.000171807711013, 0.000924193882383, 0.00094838818768, 0.000404771824833, 0.00113160104956, 0.000789705314673, 0.000259228283539, 0.000165556368302, 0.000407425541198, 0.000482474308228, 0.000539475062396, 0.000794860825408, 0.000412527821027, 0.00042447517626, 0.000223725495744, 0.000121548924653, 0.000160278999829, 0.00015045425971, 0.000414764217567, 0.000227252108743, 2.00613194465e-05, 4.31721564382e-05, 9.98403720587e-06, 3.77636615667e-06, 1.52394693487e-06, 1.50618134853e-07, 8.25118462444e-08, 1.59567633773e-07, 2.46322997555e-07, 1.02824586179e-07, 8.72372538652e-08, 4.14997778364e-08],
        "mean": [0.000203528397833, 0.000193618048797, 0.00086854735855, 0.0011758687906, 8.78555802046e-05, 0.000104056023702, 2.65344297077e-05, 2.93148314086e-05, 3.19678147207e-05, 0.00015796511434, 7.07348372089e-05, 4.37388589489e-05, 5.83181536058e-05, 8.00913985586e-05, 3.56104756065e-05, 2.54497990682e-05, 7.29036255507e-05, 0.0001136741339, 0.000149224171764, 0.000144718098454, 0.000109476844955, 0.000112236433779, 7.06044520484e-05, 4.66430174129e-05, 5.85655288887e-05, 3.99127529818e-05, 7.364188059e-05, 3.54914882337e-05, 6.77808520777e-06, 1.22595138237e-05, 4.00650105803e-06, 1.52888821958e-06, 5.63963567402e-07, 6.4234164654e-08, 3.47542403745e-08, 6.4101868702e-08, 7.13506196348e-08, 3.38083872009e-08, 1.81463999382e-08, 9.30403309951e-09],
        "median": [0.000145944257383, 0.000133970213938, 0.000693813315593, 0.00101700797677, 6.3444575062e-05, 4.52343920188e-05, 2.04918706004e-05, 2.42206788243e-05, 2.70443160844e-05, 8.86553170858e-05, 3.23321073665e-05, 2.3316259103e-05, 2.7180509278e-05, 4.72859319416e-05, 2.00580834644e-05, 1.85217268154e-05, 5.73406505282e-05, 9.36674332479e-05, 0.000126632250613, 0.000116452720249, 8.68327770149e-05, 9.06279892661e-05, 6.29321148153e-05, 4.35760412074e-05, 5.49758151465e-05, 3.52360802935e-05, 5.70352058276e-05, 2.79362593574e-05, 6.1806777012e-06, 1.12633160825e-05, 3.82465441362e-06, 1.41873476878e-06, 5.40823236861e-07, 5.94903220019e-08, 3.3250255882e-08, 5.97329332663e-08, 6.44913455972e-08, 3.0937229667e-08, 1.45144243291e-08, 7.24302706701e-09],
        "min": [5.78240405957e-06, 2.86360250357e-06, 1.9080714992e-05, 2.90994121315e-05, 4.21817230745e-06, 9.64828473116e-07, 1.98457496481e-06, 1.58665318395e-06, 1.35232085086e-06, 1.44857915529e-06, 6.21869503448e-07, 8.39852020817e-07, 7.86544887887e-07, 2.70865803031e-06, 2.9819871088e-06, 1.31289334604e-06, 1.13999442419e-06, 1.27868293021e-06, 8.36404296933e-07, 4.60122180357e-07, 8.03050227205e-07, 1.61012940225e-06, 4.56164116258e-07, 3.82618679851e-07, 6.00517353178e-07, 1.89605452761e-06, 1.81566383617e-06, 2.40773800897e-07, 3.52481919208e-08, 7.39795709137e-08, 3.53546276699e-08, 1.16234906145e-08, 7.68509167415e-09, 5.55870416363e-09, 1.18612231148e-09, 2.38495889704e-09, 2.55953125361e-09, 9.27971921527e-10, 8.58874416032e-10, 5.52288603739e-10],
        "var": [7.99023425202e-08, 4.47681749449e-08, 4.64273426815e-07, 6.25186487468e-07, 5.83408699129e-09, 1.55128105916e-08, 4.65150945539e-10, 4.10102646287e-10, 7.02277291875e-10, 3.07549896661e-08, 1.4781101676e-08, 2.94253421629e-09, 1.2818090589e-08, 9.12554476429e-09, 1.52490087224e-09, 5.71275415862e-10, 3.0276481322e-09, 4.73400030288e-09, 8.57911253149e-09, 1.20853114183e-08, 5.46310241489e-09, 5.41146638611e-09, 1.47129297634e-09, 3.79931169858e-10, 6.51368292637e-10, 4.86103157726e-10, 4.08836209331e-09, 9.14646358652e-10, 1.05087457833e-11, 3.56446122618e-11, 2.71312833311e-12, 3.94380654436e-13, 5.8723865885e-14, 7.82193686873e-16, 2.4109781698e-16, 7.43833576395e-16, 1.16798347185e-15, 2.8812643617e-16, 1.64314889116e-16, 4.33819008156e-17]
    },
    "mfcc": {
        "mean": [-628.068908691, 126.340339661, -78.7891311646, 63.7378540039, 4.63514089584, 6.90270185471, 7.31864881516, -3.94167947769, 9.6463394165, 0.917584657669, -13.3178949356, -8.58897304535, -15.8770046234],
        "cov": [[362.662078857, -67.585319519, -80.3309326172, -40.8190498352, -48.9994773865, -7.95511054993, 24.4074077606, 9.65993404388, 27.1732521057, 17.9621276855, -8.68797683716, -1.35483002663, -6.62561225891], [-67.585319519, 167.456207275, 91.8431243896, 47.1487159729, 10.7996578217, -9.3948841095, -60.2049255371, -40.9462852478, -35.6789665222, -29.9943981171, 1.08474838734, 6.10966110229, -5.40892553329], [-80.3309326172, 91.8431243896, 87.8070602417, 59.8494567871, 14.4594659805, -5.49301481247, -50.2984924316, -36.5786476135, -26.504863739, -15.8802270889, 1.06071221828, -1.52709114552, -8.86861801147], [-40.8190498352, 47.1487159729, 59.8494567871, 109.922515869, 40.8614463806, 12.9012765884, -46.1855125427, -34.8951454163, -9.31196784973, 8.27995014191, 10.8795337677, 5.3169465065, -10.9518699646], [-48.9994773865, 10.7996578217, 14.4594659805, 40.8614463806, 72.0198974609, 25.1708717346, -12.5339412689, -5.11464071274, -4.45510530472, -9.23557567596, 3.45613360405, 13.6524057388, 7.67041635513], [-7.95511054993, -9.3948841095, -5.49301481247, 12.9012765884, 25.1708717346, 50.6640739441, 22.8681049347, 14.6542711258, 2.95464682579, 1.60869812965, 14.3934774399, 15.6945991516, 12.0713758469], [24.4074077606, -60.2049255371, -50.2984924316, -46.1855125427, -12.5339412689, 22.8681049347, 90.5380401611, 53.7837677002, 21.2547092438, 9.35358047485, 8.98443698883, 7.15716743469, 16.2404060364], [9.65993404388, -40.9462852478, -36.5786476135, -34.8951454163, -5.11464071274, 14.6542711258, 53.7837677002, 72.7889404297, 38.2391357422, 7.93045663834, -0.151842013001, -0.368066161871, 5.75801515579], [27.1732521057, -35.6789665222, -26.504863739, -9.31196784973, -4.45510530472, 2.95464682579, 21.2547092438, 38.2391357422, 58.6445579529, 29.3870716095, 4.95800352097, -5.60150909424, -7.4541015625], [17.9621276855, -29.9943981171, -15.8802270889, 8.27995014191, -9.23557567596, 1.60869812965, 9.35358047485, 7.93045663834, 29.3870716095, 61.0887107849, 26.8981399536, -2.23707151413, -10.1790904999], [-8.68797683716, 1.08474838734, 1.06071221828, 10.8795337677, 3.45613360405, 14.3934774399, 8.98443698883, -0.151842013001, 4.95800352097, 26.8981399536, 41.4697494507, 19.5952968597, 2.83201169968], [-1.35483002663, 6.10966110229, -1.52709114552, 5.3169465065, 13.6524057388, 15.6945991516, 7.15716743469, -0.368066161871, -5.60150909424, -2.23707151413, 19.5952968597, 42.4438323975, 25.0308380127], [-6.62561225891, -5.40892553329, -8.86861801147, -10.9518699646, 7.67041635513, 12.0713758469, 16.2404060364, 5.75801515579, -7.4541015625, -10.1790904999, 2.83201169968, 25.0308380127, 45.1117553711]],
