{
"lowlevel": {
    "average_loudness": 0.98821914196,
    "barkbands_crest": {
        "dmean": 1.61272895336,
        "dmean2": 2.71308135986,
        "dvar": 2.31171703339,
        "dvar2": 5.36815547943,
        "max": 19.0709133148,
        "mean": 6.06346797943,
        "median": 5.32357406616,
        "min": 2.95974063873,
        "var": 6.73808288574
    },
    "barkbands_flatness_db": {
        "dmean": 0.00914788898081,
        "dmean2": 0.0149930780753,
        "dvar": 6.23482992523e-05,
        "dvar2": 0.000154864479555,
        "max": 0.189480394125,
        "mean": 0.126118972898,
        "median": 0.123870737851,
        "min": 0.0956295728683,
        "var": 0.000180582603207
    },
    "barkbands_kurtosis": {
        "dmean": 0.520650684834,
        "dmean2": 0.868598461151,
        "dvar": 0.253210395575,
        "dvar2": 0.629509747028,
        "max": 2.46761083603,
        "mean": -0.771210312843,
        "median": -0.972395896912,
        "min": -1.7457754612,
        "var": 0.592531085014
    },
    "barkbands_skewness": {
        "dmean": 0.33523157239,
        "dmean2": 0.52281498909,
        "dvar": 0.0776202753186,
        "dvar2": 0.184787124395,
        "max": 1.65276932716,
        "mean": -0.424806177616,
        "median": -0.532919466496,
        "min": -1.53275108337,
        "var": 0.349452495575
    },
    "barkbands_spread": {
        "dmean": 4.15371608734,
        "dmean2": 6.67062711716,
        "dvar": 11.5217533112,
        "dvar2": 29.4350261688,
        "max": 47.8448371887,
        "mean": 30.638710022,
        "median": 31.1684684753,
        "min": 13.8919687271,
        "var": 38.2481193542
    },
    "dissonance": {
        "dmean": 0.00499839102849,
        "dmean2": 0.00853911414742,
        "dvar": 2.8049105822e-05,
        "dvar2": 6.45180407446e-05,
        "max": 0.499775379896,
        "mean": 0.491948604584,
        "median": 0.492889046669,
        "min": 0.428305089474,
        "var": 3.47846143995e-05
    },
    "dynamic_complexity": 0.416716367006,
    "erbbands_crest": {
        "dmean": 1.73789739609,
        "dmean2": 2.91630554199,
        "dvar": 2.04186367989,
        "dvar2": 5.54680681229,
        "max": 16.4281711578,
        "mean": 7.44065666199,
        "median": 7.11392688751,
        "min": 4.11225128174,
        "var": 3.13792657852
    },
    "erbbands_flatness_db": {
        "dmean": 0.00943191535771,
        "dmean2": 0.0152603071183,
        "dvar": 4.79422415083e-05,
        "dvar2": 0.000127790190163,
        "max": 0.258024215698,
        "mean": 0.222635000944,
        "median": 0.222672566772,
        "min": 0.187794849277,
        "var": 0.000151045474922
    },
    "erbbands_kurtosis": {
        "dmean": 0.98453694582,
        "dmean2": 1.63060367107,
        "dvar": 0.577334702015,
        "dvar2": 1.48430299759,
        "max": 6.96414756775,
        "mean": 2.10331630707,
        "median": 2.0431432724,
        "min": -1.01873612404,
        "var": 1.7118793726
    },
    "erbbands_skewness": {
        "dmean": 0.23735845089,
        "dmean2": 0.390452116728,
        "dvar": 0.033759444952,
        "dvar2": 0.0870683565736,
        "max": -0.182707339525,
        "mean": -1.20834732056,
        "median": -1.22099924088,
        "min": -2.25247240067,
        "var": 0.0942440479994
    },
    "erbbands_spread": {
        "dmean": 3.81260752678,
        "dmean2": 5.97780942917,
        "dvar": 13.4324092865,
        "dvar2": 32.932674408,
        "max": 50.7172279358,
        "mean": 19.4747695923,
        "median": 17.823682785,
        "min": 9.45453262329,
        "var": 50.2457618713
    },
    "hfc": {
        "dmean": 5.17027711868,
        "dmean2": 8.41367340088,
        "dvar": 21.04961586,
        "dvar2": 47.9703559875,
        "max": 68.5939865112,
        "mean": 37.7012290955,
        "median": 38.2810020447,
        "min": 0.53993165493,
        "var": 77.4875717163
    },
    "melbands_crest": {
        "dmean": 2.97636151314,
        "dmean2": 4.97730779648,
        "dvar": 8.13592910767,
        "dvar2": 17.914686203,
        "max": 24.8645648956,
        "mean": 9.32597160339,
        "median": 8.05771064758,
        "min": 2.92518496513,
        "var": 23.1011562347
    },
    "melbands_flatness_db": {
        "dmean": 0.0131971305236,
        "dmean2": 0.0206989850849,
        "dvar": 0.000172326355823,
        "dvar2": 0.000404795573559,
        "max": 0.24014057219,
        "mean": 0.139559537172,
        "median": 0.131141200662,
        "min": 0.097306497395,
        "var": 0.000698854331858
    },
    "melbands_kurtosis": {
        "dmean": 0.696264266968,
        "dmean2": 1.11420190334,
        "dvar": 1.04671788216,
        "dvar2": 2.45605921745,
        "max": 10.42146492,
        "mean": -0.440279275179,
        "median": -1.15039467812,
        "min": -1.64606237411,
        "var": 3.07447361946
    },
    "melbands_skewness": {
        "dmean": 0.393428891897,
        "dmean2": 0.614018857479,
        "dvar": 0.123931162059,
        "dvar2": 0.277288138866,
        "max": 3.33293867111,
        "mean": 0.620497882366,
        "median": 0.455065011978,
        "min": -0.646562218666,
        "var": 0.560240089893
    },
    "melbands_spread": {
        "dmean": 7.73443078995,
        "dmean2": 12.5797452927,
        "dvar": 48.1009216309,
        "dvar2": 117.905006409,
        "max": 85.2836074829,
        "mean": 63.2843322754,
        "median": 66.6465682983,
        "min": 19.0127334595,
        "var": 163.90838623
    },
    "pitch_salience": {
        "dmean": 0.0474696606398,
        "dmean2": 0.0780094265938,
        "dvar": 0.00209600199014,
        "dvar2": 0.00519463000819,
        "max": 0.803664028645,
        "mean": 0.652907252312,
        "median": 0.669190585613,
        "min": 0.281347006559,
        "var": 0.00560042960569
    },
    "silence_rate_20dB": {
        "dmean": 0,
        "dmean2": 0,
        "dvar": 0,
        "dvar2": 0,
        "max": 1,
        "mean": 1,
        "median": 1,
        "min": 1,
        "var": 0
    },
    "silence_rate_30dB": {
        "dmean": 0,
        "dmean2": 0,
        "dvar": 0,
        "dvar2": 0,
        "max": 1,
        "mean": 1,
        "median": 1,
        "min": 1,
        "var": 0
    },
    "silence_rate_60dB": {
        "dmean": 0,
        "dmean2": 0,
        "dvar": 0,
        "dvar2": 0,
        "max": 0,
        "mean": 0,
        "median": 0,
        "min": 0,
        "var": 0
    },
    "spectral_centroid": {
        "dmean": 146.00428772,
        "dmean2": 236.290679932,
        "dvar": 18965.5253906,
        "dvar2": 45190.9140625,
        "max": 3052.32592773,
        "mean": 2434.55371094,
        "median": 2483.91772461,
        "min": 1204.12072754,
        "var": 73157.25
    },
    "spectral_complexity": {
        "dmean": 3.60444450378,
        "dmean2": 6.21826267242,
        "dvar": 10.2346420288,
        "dvar2": 21.645116806,
        "max": 51,
        "mean": 40.5410194397,
        "median": 41,
        "min": 0,
        "var": 19.0109996796
    },
    "spectral_decrease": {
        "dmean": 7.39075467493e-10,
        "dmean2": 1.22821952608e-09,
        "dvar": 4.65892988107e-19,
        "dvar2": 1.14290304466e-18,
        "max": -6.9459119012e-11,
        "mean": -5.23415000231e-09,
        "median": -5.17775866626e-09,
        "min": -9.81292291868e-09,
        "var": 7.68116918287e-19
    },
    "spectral_energy": {
        "dmean": 0.00305833737366,
        "dmean2": 0.00506966328248,
        "dvar": 7.46288242226e-06,
        "dvar2": 1.86133856914e-05,
        "max": 0.0405854023993,
        "mean": 0.0231745075434,
        "median": 0.0232046600431,
        "min": 0.000311126495944,
        "var": 1.21706389109e-05
    },
    "spectral_energyband_high": {
        "dmean": 0.000158865645062,
        "dmean2": 0.000266088463832,
        "dvar": 2.86286674367e-08,
        "dvar2": 7.67234809018e-08,
        "max": 0.00205258070491,
        "mean": 0.000563270121347,
        "median": 0.00053222529823,
        "min": 1.07671776277e-05,
        "var": 4.81678945619e-08
    },
    "spectral_energyband_low": {
        "dmean": 0.000957774580456,
        "dmean2": 0.00161293777637,
        "dvar": 1.03139143448e-06,
        "dvar2": 2.8742226732e-06,
        "max": 0.0101179489866,
        "mean": 0.00213250564411,
        "median": 0.00165937072597,
        "min": 4.83185540361e-05,
        "var": 2.75384331871e-06
    },
    "spectral_energyband_middle_high": {
        "dmean": 0.0021796093788,
        "dmean2": 0.00346245639957,
        "dvar": 3.18065417559e-06,
        "dvar2": 7.59384920457e-06,
        "max": 0.0286352541298,
        "mean": 0.0146429371089,
        "median": 0.015015469864,
        "min": 0.000211222490179,
        "var": 1.39427402246e-05
    },
    "spectral_energyband_middle_low": {
        "dmean": 0.00241441489197,
        "dmean2": 0.00391384260729,
        "dvar": 7.53080803406e-06,
        "dvar2": 1.69741997524e-05,
        "max": 0.0269917342812,
        "mean": 0.00637979293242,
        "median": 0.0051272502169,
        "min": 3.38154823112e-05,
        "var": 1.86120687431e-05
    },
    "spectral_entropy": {
        "dmean": 0.0483617186546,
        "dmean2": 0.0817203745246,
        "dvar": 0.0016952973092,
        "dvar2": 0.00397152733058,
        "max": 8.04375839233,
        "mean": 7.62119722366,
        "median": 7.62580728531,
        "min": 7.39946842194,
        "var": 0.00338189862669
    },
    "spectral_flux": {
        "dmean": 0.00961372256279,
        "dmean2": 0.0160397160798,
        "dvar": 8.8285691163e-05,
        "dvar2": 0.000236774096265,
        "max": 0.12942416966,
        "mean": 0.0811005160213,
        "median": 0.0803916379809,
        "min": 0.0436507426202,
        "var": 0.000178523929208
    },
    "spectral_kurtosis": {
        "dmean": 3.02137637138,
        "dmean2": 5.30632257462,
        "dvar": 6.71203947067,
        "dvar2": 21.2252693176,
        "max": 25.236366272,
        "mean": 6.40894985199,
        "median": 5.85280036926,
        "min": 1.30100250244,
        "var": 9.42867088318
    },
    "spectral_rms": {
        "dmean": 0.000319244340062,
        "dmean2": 0.000525974202901,
        "dvar": 1.00170609585e-07,
        "dvar2": 2.1701885089e-07,
        "max": 0.00629249680787,
        "mean": 0.00473841559142,
        "median": 0.00475801341236,
        "min": 0.000550942902919,
        "var": 1.56687022468e-07
    },
    "spectral_rolloff": {
        "dmean": 211.59954834,
        "dmean2": 358.295196533,
        "dvar": 32109.7148438,
        "dvar2": 83600.0546875,
        "max": 3897.50976562,
        "mean": 2890.3671875,
        "median": 2906.98242188,
        "min": 1679.58984375,
        "var": 103102.734375
    },
    "spectral_skewness": {
        "dmean": 0.291690915823,
        "dmean2": 0.514407157898,
        "dvar": 0.0609671287239,
        "dvar2": 0.175883874297,
        "max": 3.56524848938,
        "mean": 0.999440133572,
        "median": 0.950244069099,
        "min": 0.252057850361,
        "var": 0.10187663883
    },
    "spectral_spread": {
        "dmean": 147444.3125,
        "dmean2": 241172.609375,
        "dvar": 59530240000,
        "dvar2": 71275823104,
        "max": 7227220.5,
        "mean": 2123930.5,
        "median": 2102440.5,
        "min": 1729411.25,
        "var": 84531339264
    },
    "spectral_strongpeak": {
        "dmean": 1.068998456,
        "dmean2": 1.93599843979,
        "dvar": 1.94830906391,
        "dvar2": 5.14990568161,
        "max": 9.46934700012,
        "mean": 1.26812183857,
        "median": 0.537693977356,
        "min": 0,
        "var": 2.12058472633
    },
    "zerocrossingrate": {
        "dmean": 0.0061783855781,
        "dmean2": 0.00756346574053,
        "dvar": 3.4042968764e-05,
        "dvar2": 4.75255728816e-05,
        "max": 0.12255859375,
        "mean": 0.0886019319296,
        "median": 0.091796875,
        "min": 0.025390625,
        "var": 0.000225298615987
    },
    "barkbands": {
        "dmean": [7.83312498243e-06, 0.000672157271765, 0.000296739570331, 0.000894098659046, 0.00184916809667, 0.000132986067911, 0.000175180146471, 0.000123062098282, 0.000327215588186, 0.000382736703614, 0.000271897151833, 0.000517200038303, 8.15919047454e-05, 0.000620675389655, 0.000510630430654, 0.000907033623662, 0.00118403241504, 0.000535886618309, 0.000549394113477, 0.000338180630933, 9.90296248347e-05, 1.96223645617e-05, 1.05566448383e-06, 2.57397505266e-06, 5.78313915867e-07, 3.06842309783e-07, 1.82720860664e-08],
        "dmean2": [1.27907924252e-05, 0.0011628762586, 0.000493511557579, 0.00141533848364, 0.00312403147109, 0.000225279320148, 0.000298586208373, 0.000203295814572, 0.000545646296814, 0.00062888499815, 0.000468338694191, 0.000851597404107, 0.000135932510602, 0.00102973356843, 0.000855383113958, 0.00154743890744, 0.00197052513249, 0.000898248632438, 0.000926946057007, 0.000578613427933, 0.000164940705872, 3.34834985551e-05, 1.75818615844e-06, 4.2459978431e-06, 9.38020548347e-07, 5.04258821366e-07, 2.99271825099e-08],
        "dvar": [1.19293505629e-10, 6.40184566691e-07, 1.27899099311e-07, 1.89292256891e-06, 5.26390749656e-06, 2.41135094114e-08, 3.30252269976e-08, 1.66871512164e-08, 1.20148058613e-07, 2.77380252101e-07, 9.74912239826e-08, 3.12858418283e-07, 6.48045794804e-09, 3.24698248733e-07, 3.19216837852e-07, 5.70001191136e-07, 1.07466871668e-06, 2.34855860981e-07, 2.50197388141e-07, 1.44672583247e-07, 6.75250166893e-09, 3.04209712976e-10, 8.73912650145e-13, 4.9337842839e-12, 1.25993833422e-12, 9.62541542781e-14, 2.02946531887e-15],
        "dvar2": [2.46859310771e-10, 2.02363344215e-06, 3.36624083275e-07, 3.99707869292e-06, 1.18961024782e-05, 6.75383304838e-08, 8.57395860976e-08, 4.60851197204e-08, 2.73405959206e-07, 6.38674464426e-07, 2.50376473332e-07, 7.92829325746e-07, 1.78842025633e-08, 8.59685940213e-07, 8.93386697953e-07, 1.62784635904e-06, 3.11240614792e-06, 6.54890641272e-07, 7.23109280898e-07, 3.70640435676e-07, 1.72518337394e-08, 8.41159863985e-10, 2.50718001048e-12, 1.19013045946e-11, 2.05547818349e-12, 2.09515212254e-13, 2.65147612864e-15],
        "max": [0.000124128768221, 0.00774278445169, 0.00444405432791, 0.0112431645393, 0.0243613440543, 0.00114121008664, 0.00168325565755, 0.00124957726803, 0.00298271770589, 0.00697616441175, 0.00315610086545, 0.00582947442308, 0.000924838124774, 0.00699440296739, 0.00802954193205, 0.00865910947323, 0.00881275814027, 0.00471869856119, 0.0062120212242, 0.00428752787411, 0.000869850802701, 0.000242258800426, 1.09655165943e-05, 3.54644034815e-05, 2.43699541898e-05, 6.67357926432e-06, 8.70844019119e-07],
        "mean": [1.10746414066e-05, 0.00121217779815, 0.000450249121059, 0.00132174417377, 0.00337600475177, 0.000213682083995, 0.000251270394074, 0.000262190587819, 0.000815690029413, 0.000770453596488, 0.000480045651784, 0.000930689973757, 0.000193133499124, 0.00142836140003, 0.00140712317079, 0.00270596216433, 0.00304466136731, 0.00147060223389, 0.00152637565043, 0.000926117470954, 0.00029787819949, 6.05628556514e-05, 4.19372554461e-06, 1.1054487004e-05, 1.91140770767e-06, 1.29287457185e-06, 2.51592826572e-08],
        "median": [7.03340811015e-06, 0.000862859538756, 0.000255999097135, 0.000526409246959, 0.00216874503531, 0.000163532051374, 0.000175984896487, 0.000212662795093, 0.000663082755636, 0.000627500645351, 0.000360814388841, 0.000783796887845, 0.000171697814949, 0.00121092959307, 0.00132540252525, 0.00252025481313, 0.00283919856884, 0.00138106255326, 0.00143743003719, 0.000737105263397, 0.000272356643109, 5.78770050197e-05, 4.09465428675e-06, 1.06474244603e-05, 1.64553455306e-06, 1.27381895254e-06, 1.26419674729e-08],
        "min": [4.4815262612e-08, 2.84853904304e-05, 3.58553688784e-06, 3.13021337206e-06, 4.67516747449e-06, 3.9076289795e-06, 2.1140424451e-06, 3.39151301887e-06, 1.3833760022e-05, 4.1746561692e-06, 2.88635510515e-06, 1.11404242489e-05, 5.17125556598e-07, 6.23978303338e-06, 5.57997700525e-05, 5.74291407247e-05, 3.04650657199e-05, 2.30161076615e-05, 1.95235134015e-05, 3.98676957047e-06, 6.44959345664e-06, 1.23627967241e-06, 1.01384600271e-07, 6.93415245223e-08, 1.91674107697e-08, 8.072919222e-09, 1.13169185134e-09],
        "var": [2.09958037067e-10, 1.36080188895e-06, 2.69730662694e-07, 3.77652418138e-06, 1.31628567033e-05, 3.16470334383e-08, 5.46732437101e-08, 3.74728905683e-08, 3.47696470726e-07, 5.28332748218e-07, 1.63547738907e-07, 5.0724798939e-07, 1.40513281011e-08, 7.51643256081e-07, 3.96530651869e-07, 1.31810190851e-06, 1.79632047548e-06, 4.10094912695e-07, 4.44892805262e-07, 3.85418445603e-07, 1.48605723282e-08, 5.82978165742e-10, 2.53368333258e-12, 1.68198822925e-11, 2.89288254809e-12, 4.15424313872e-13, 2.3833406494e-15]
    },
    "erbbands": {
        "dmean": [0.0162891652435, 0.162676021457, 0.287148475647, 1.5926835537, 6.70557117462, 4.93529987335, 1.38767063618, 1.06333363056, 1.14427423477, 3.7119705677, 2.82629847527, 9.21689319611, 8.35994338989, 11.0635499954, 13.2032270432, 20.6200275421, 3.54507112503, 20.035036087, 25.5053520203, 36.5072784424, 48.1444664001, 67.742805481, 28.6807060242, 33.2139587402, 18.6542129517, 17.0672588348, 4.33389139175, 3.1008040905, 0.781591892242, 0.120339781046, 0.0341918505728, 0.0706238374114, 0.0297208875418, 0.011525564827, 0.00125296262559, 0.00159614114091, 0.000560787215363, 4.08756350225e-05, 2.73705131804e-06, 3.81030736207e-06],
        "dmean2": [0.0262877717614, 0.28772187233, 0.492959648371, 2.47582483292, 11.0067148209, 8.52378845215, 2.29350566864, 1.84830737114, 1.88058924675, 6.27430820465, 4.60488843918, 15.3541736603, 13.1221580505, 18.5848808289, 22.3632640839, 34.0888557434, 5.84121990204, 33.2202301025, 42.7630844116, 61.1541290283, 80.4922943115, 112.009605408, 48.0339202881, 57.1433525085, 31.5708866119, 28.9988307953, 7.28457021713, 5.17150688171, 1.32122290134, 0.203462168574, 0.0557544529438, 0.118155784905, 0.0479311607778, 0.0186727959663, 0.00207079062238, 0.00259762722999, 0.00093814212596, 6.44284300506e-05, 4.21024788011e-06, 6.37644325252e-06],
        "dvar": [0.00032135276706, 0.0419774390757, 0.111942365766, 4.50808143616, 80.6383590698, 30.3124675751, 2.07753944397, 1.74924194813, 1.38089001179, 16.7711334229, 10.2337656021, 87.1257400513, 244.29788208, 180.040802002, 216.42817688, 499.207122803, 13.7853918076, 310.734039307, 418.630859375, 2542.33789062, 1416.82958984, 3908.60498047, 837.638183594, 858.653137207, 294.013702393, 407.530090332, 14.3494663239, 7.11459255219, 0.420583754778, 0.0121499691159, 0.000900034559891, 0.00344862323254, 0.000934921088628, 0.000580674677622, 8.00391626399e-06, 2.45413070843e-06, 3.04857252331e-07, 2.56923016195e-09, 3.21295039185e-11, 1.06416802453e-11],
        "dvar2": [0.000920709979255, 0.133045047522, 0.291459739208, 9.58916282654, 180.735244751, 72.4905166626, 4.92389392853, 4.72520494461, 3.38343286514, 43.7567367554, 26.7048435211, 204.085723877, 505.991882324, 487.300933838, 541.264953613, 1235.88232422, 34.8374023438, 743.802429199, 1159.52563477, 7083.78222656, 4071.859375, 11438.5, 2365.86279297, 2491.79248047, 819.862792969, 1032.45898438, 35.8239212036, 19.4201698303, 1.15096199512, 0.034780073911, 0.00257967994548, 0.00917778071016, 0.00186017516535, 0.00096908287378, 1.43314346133e-05, 5.13783106726e-06, 7.1926695e-07, 5.42600719911e-09, 3.79705954179e-11, 2.66409134336e-11],
        "max": [0.209194228053, 2.11087751389, 4.67946767807, 17.9871349335, 87.881401062, 62.0024909973, 12.3091306686, 11.5273227692, 10.9534454346, 34.2383804321, 34.4200439453, 92.4133148193, 261.386474609, 128.262237549, 149.355926514, 262.64654541, 50.7474136353, 205.941482544, 204.518035889, 854.238830566, 444.22644043, 458.089172363, 361.93347168, 308.389587402, 213.277648926, 224.654205322, 43.6954193115, 23.666519165, 8.87774181366, 1.50158202648, 0.411219000816, 0.856289803982, 0.60668951273, 0.528118371964, 0.0518119968474, 0.0338631905615, 0.0103594483808, 0.000848741503432, 0.000128774117911, 4.99388879689e-05],
        "mean": [0.0320176407695, 0.282059639692, 0.524911999702, 2.56848335266, 12.3868055344, 7.94346475601, 2.68416166306, 1.62831032276, 1.85261249542, 5.86282205582, 7.22161340714, 22.2742481232, 16.4455032349, 25.5461120605, 27.0752887726, 37.4505996704, 11.7952804565, 53.0380172729, 76.7958908081, 100.787307739, 155.708343506, 173.608978271, 88.2877578735, 94.8042373657, 59.7356338501, 44.7419433594, 13.5126056671, 9.19323635101, 2.7144112587, 0.451034337282, 0.154414638877, 0.283275276423, 0.12127674371, 0.0387496687472, 0.00524391280487, 0.00670850509778, 0.00212135724723, 0.000101696459751, 2.02862702281e-05, 3.1285937439e-05],
        "median": [0.0248871296644, 0.190189212561, 0.329774558544, 1.45839691162, 7.37114048004, 5.14425134659, 2.07388973236, 1.2218927145, 1.36491632462, 4.12613773346, 6.27768802643, 18.6269016266, 11.2848777771, 23.4461536407, 21.0174179077, 31.4387969971, 10.9793777466, 47.2178573608, 70.353767395, 90.8690643311, 148.552978516, 159.582046509, 83.0338668823, 91.0682296753, 55.6457595825, 35.274017334, 12.864569664, 8.48125267029, 2.64043569565, 0.438014507294, 0.153951689601, 0.278468340635, 0.112517796457, 0.0333344191313, 0.00470656622201, 0.00650395313278, 0.00202029035427, 8.59641077113e-05, 1.99240930669e-05, 3.1461197068e-05],
        "min": [0.000665471947286, 0.0052146576345, 0.00947198830545, 0.0104708373547, 0.0147434286773, 0.0142752453685, 0.0227562729269, 0.0330295115709, 0.0323801711202, 0.034826643765, 0.128071337938, 0.331082820892, 0.220258072019, 0.0513433776796, 0.310003459454, 0.347629129887, 0.041894312948, 0.194564446807, 1.4791431427, 3.89312171936, 2.12065863609, 1.77882599831, 1.89250349998, 0.804793834686, 0.790618479252, 0.247021645308, 0.27954518795, 0.178400605917, 0.0524753145874, 0.0131089081988, 0.00338883185759, 0.00238599209115, 0.000670325709507, 0.000290410767775, 7.69151374698e-05, 5.81546191825e-05, 9.14084466785e-06, 1.09701977635e-06, 3.82613961847e-07, 4.3769202307e-07],
        "var": [0.000723893695977, 0.0877574980259, 0.319472849369, 8.94135951996, 207.21182251, 57.5812034607, 4.21201372147, 2.12665224075, 2.58472895622, 27.6598968506, 22.5520267487, 267.792236328, 443.343963623, 317.75378418, 382.341766357, 803.856140137, 31.456489563, 834.983459473, 949.239379883, 2970.67895508, 3374.09155273, 6103.14404297, 1282.359375, 1442.30639648, 628.598266602, 960.521179199, 32.5023002625, 13.8995733261, 0.968638777733, 0.0315415784717, 0.00296839582734, 0.0104791689664, 0.00335223902948, 0.00123224174604, 1.73285716301e-05, 1.15006550914e-05, 1.09216807687e-06, 6.36765085105e-09, 4.18837464711e-11, 1.92979018182e-11]
    },
    "gfcc": {
        "mean": [8.99938488007, 106.604103088, -185.807479858, 53.5702133179, -27.8600254059, -2.04594492912, -26.4738864899, 8.23501205444, -26.0413093567, -10.5653982162, -22.7827854156, -10.9647817612, -1.41804111004],
        "cov": [[223.374710083, -34.0402832031, -20.8656692505, -27.4945850372, -19.385383606, 7.37074756622, -0.169402122498, 18.3952522278, -13.5371112823, 14.0416402817, 10.1991300583, 13.2060937881, -3.94937992096], [-34.0402832031, 145.007446289, 73.1945724487, 28.4377784729, 9.58495235443, -17.5763015747, -4.91234636307, -22.9271087646, 4.72647809982, -22.2980613708, -3.17621994019, -31.6805648804, -2.79629588127], [-20.8656692505, 73.1945724487, 94.5621109009, 40.7931594849, 23.5395946503, -9.25401115417, -22.9279327393, -19.0222854614, -13.3382749557, -20.8572902679, -13.0502090454, -19.9179973602, -7.07454013824], [-27.4945850372, 28.4377784729, 40.7931594849, 56.4233665466, 32.4603424072, 2.07802009583, -4.38911771774, -17.2072696686, -5.4229927063, -8.34472751617, -1.41170704365, -9.28370761871, 4.2982006073], [-19.385383606, 9.58495235443, 23.5395946503, 32.4603424072, 43.5402526855, 24.3426189423, 5.24371147156, -4.81015872955, 1.33012759686, -2.5643594265, 0.811748325825, 2.87628054619, 1.39913117886], [7.37074756622, -17.5763015747, -9.25401115417, 2.07802009583, 24.3426189423, 47.8867492676, 27.2336044312, 18.7883739471, 10.2799892426, 11.4045658112, 6.67249345779, 15.741724968, 4.43976211548], [-0.169402122498, -4.91234636307, -22.9279327393, -4.38911771774, 5.24371147156, 27.2336044312, 44.3951911926, 29.034986496, 15.5490493774, 12.2110137939, 7.70256662369, 8.53405380249, 8.67623233795], [18.3952522278, -22.9271087646, -19.0222854614, -17.2072696686, -4.81015872955, 18.7883739471, 29.034986496, 54.715713501, 27.0918712616, 18.7700023651, 7.13440704346, 12.0392093658, 6.65627717972], [-13.5371112823, 4.72647809982, -13.3382749557, -5.4229927063, 1.33012759686, 10.2799892426, 15.5490493774, 27.0918712616, 39.6721878052, 23.6485939026, 11.3146162033, 11.0013237, 4.75434064865], [14.0416402817, -22.2980613708, -20.8572902679, -8.34472751617, -2.5643594265, 11.4045658112, 12.2110137939, 18.7700023651, 23.6485939026, 42.9611167908, 26.8157444, 19.1286182404, 7.48738050461], [10.1991300583, -3.17621994019, -13.0502090454, -1.41170704365, 0.811748325825, 6.67249345779, 7.70256662369, 7.13440704346, 11.3146162033, 26.8157444, 35.4581718445, 22.3374500275, 9.74996757507], [13.2060937881, -31.6805648804, -19.9179973602, -9.28370761871, 2.87628054619, 15.741724968, 8.53405380249, 12.0392093658, 11.0013237, 19.1286182404, 22.3374500275, 42.6900749207, 15.8385047913], [-3.94937992096, -2.79629588127, -7.07454013824, 4.2982006073, 1.39913117886, 4.43976211548, 8.67623233795, 6.65627717972, 4.75434064865, 7.48738050461, 9.74996757507, 15.8385047913, 34.036315918]],
        "icov": [[0.00629600463435, -0.00432473095134, 0.00447776680812, -0.00196570344269, 0.00234928610735, -0.00340256583877, 0.00633770087734, -0.00834054872394, 0.0119372969493, -0.00714442366734, 0.00371688976884, -0.00412671454251, 0.00267681595869], [-0.00432473095134, 0.0439956560731, -0.042593061924, 0.0199626702815, 0.00416974583641, 0.00779594434425, -0.0356654301286, 0.0402063429356, -0.0550234019756, 0.043619543314, -0.0448952019215, 0.0340896248817, -0.0131333898753], [0.00447776680812, -0.042593061924, 0.0615436173975, -0.0312896557152, -0.00786489713937, -0.00810827966779, 0.0461164265871, -0.0453923940659, 0.0549808964133, -0.0377206020057, 0.0422319844365, -0.0285705476999, 0.0140813961625], [-0.00196570344269, 0.0199626702815, -0.0312896557152, 0.0629550740123, -0.0401385575533, 0.0223357025534, -0.0279675293714, 0.0282755680382, -0.0255892071873, 0.0170330405235, -0.0254441928118, 0.0253204479814, -0.0173723157495], [0.00234928610735, 0.00416974583641, -0.00786489713937, -0.0401385575533, 0.0864264965057, -0.0500738173723, 0.00911704543978, 0.00808280985802, -0.0130648333579, 0.0140465619043, -0.00721759954467, -0.00253645493649, 0.00510630011559], [-0.00340256583877, 0.00779594434425, -0.00810827966779, 0.0223357025534, -0.0500738173723, 0.0715256780386, -0.039279576391, 0.00452567124739, -0.00228541577235, -0.00529306614771, 0.00454606954008, -0.00858901441097, 0.00177408929449], [0.00633770087734, -0.0356654301286, 0.0461164265871, -0.0279675293714, 0.00911704543978, -0.039279576391, 0.088996656239, -0.0555608272552, 0.0439613126218, -0.0275288242847, 0.0248713251203, -0.0145129272714, 0.00339491153136], [-0.00834054872394, 0.0402063429356, -0.0453923940659, 0.0282755680382, 0.00808280985802, 0.00452567124739, -0.0555608272552, 0.0837903991342, -0.0748912617564, 0.0378943383694, -0.0338213816285, 0.0282963551581, -0.0151701550931], [0.0119372969493, -0.0550234019756, 0.0549808964133, -0.0255892071873, -0.0130648333579, -0.00228541577235, 0.0439613126218, -0.0748912617564, 0.127882629633, -0.0832000225782, 0.0629766657948, -0.0463431589305, 0.0197635497898], [-0.00714442366734, 0.043619543314, -0.0377206020057, 0.0170330405235, 0.0140465619043, -0.00529306614771, -0.0275288242847, 0.0378943383694, -0.0832000225782, 0.112067051232, -0.086718775332, 0.0380916409194, -0.013432382606], [0.00371688976884, -0.0448952019215, 0.0422319844365, -0.0254441928118, -0.00721759954467, 0.00454606954008, 0.0248713251203, -0.0338213816285, 0.0629766657948, -0.086718775332, 0.118866533041, -0.0615234039724, 0.0135708888993], [-0.00412671454251, 0.0340896248817, -0.0285705476999, 0.0253204479814, -0.00253645493649, -0.00858901441097, -0.0145129272714, 0.0282963551581, -0.0463431589305, 0.0380916409194, -0.0615234039724, 0.0778678059578, -0.0279410909861], [0.00267681595869, -0.0131333898753, 0.0140813961625, -0.0173723157495, 0.00510630011559, 0.00177408929449, 0.00339491153136, -0.0151701550931, 0.0197635497898, -0.013432382606, 0.0135708888993, -0.0279410909861, 0.0447015725076]]
    },
    "melbands": {
        "dmean": [0.000175160181243, 0.000151244094013, 0.000391888112063, 0.000482202041894, 5.76051425014e-05, 2.30256609939e-05, 2.36132982536e-05, 3.64457409887e-05, 2.70165583061e-05, 5.80059349886e-05, 4.37366616097e-05, 4.88498480991e-05, 4.22242519562e-05, 7.16679860489e-05, 1.85752578545e-05, 1.38174709718e-05, 4.61719428131e-05, 4.99340239912e-05, 4.2472856876e-05, 5.92456162849e-05, 6.26166875008e-05, 7.37926166039e-05, 4.62745847472e-05, 2.49757140409e-05, 3.15651777782e-05, 1.86789475265e-05, 1.6524874809e-05, 9.90828993963e-06, 2.27014152188e-06, 3.93414347855e-06, 1.30601904402e-06, 5.59358795726e-07, 2.19464638462e-07, 3.01472518061e-08, 1.84026003325e-08, 4.05373548062e-08, 5.03330497281e-08, 2.5652136415e-08, 1.65873998981e-08, 8.84119621958e-09],
        "dmean2": [0.000295276287943, 0.000262135290541, 0.000612428411841, 0.000815169070847, 9.68117819866e-05, 3.97382682422e-05, 3.97227340727e-05, 6.10577335465e-05, 4.37504859292e-05, 9.62825070019e-05, 6.85534105287e-05, 8.27824624139e-05, 7.22803160897e-05, 0.000118682037282, 3.00710398733e-05, 2.32584261539e-05, 7.61444098316e-05, 8.52275043144e-05, 7.04232006683e-05, 9.85963270068e-05, 0.000106325438537, 0.000122153869597, 8.00552370492e-05, 4.1969033191e-05, 5.49588439753e-05, 3.1653977203e-05, 2.83116260107e-05, 1.67374455486e-05, 3.83723090636e-06, 6.65113338982e-06, 2.20279412133e-06, 9.47162845932e-07, 3.82827266776e-07, 5.0618773173e-08, 3.02667508834e-08, 6.90965507033e-08, 8.34360278645e-08, 4.23922514869e-08, 2.69459690116e-08, 1.46975045467e-08],
        "dvar": [4.01957223062e-08, 3.42696750977e-08, 2.80816493614e-07, 3.58694677516e-07, 4.00386657162e-09, 7.99856014755e-10, 5.74967629063e-10, 1.5672149134e-09, 1.0206099299e-09, 3.60785024078e-09, 6.40926289819e-09, 3.8540850511e-09, 2.22771556757e-09, 6.23899509833e-09, 5.16128417782e-10, 1.74958991739e-10, 1.71503755642e-09, 1.76412173758e-09, 2.40060971102e-09, 3.45072059815e-09, 2.42104625237e-09, 4.21874402079e-09, 2.80730327873e-09, 4.57925725117e-10, 7.88282994435e-10, 3.05071495843e-10, 3.10726000485e-10, 1.3926655662e-10, 3.7021796219e-12, 1.14105912219e-11, 1.47936122987e-12, 2.54956618968e-13, 4.09072935573e-14, 8.65940046126e-16, 2.92228854962e-16, 1.08661272237e-15, 1.67810069988e-15, 5.66498970316e-16, 8.65254267076e-16, 3.5394232554e-16],
        "dvar2": [1.27083694679e-07, 9.83345742611e-08, 6.09315804923e-07, 8.12953601326e-07, 8.51316528383e-09, 2.19105733557e-09, 1.42648326484e-09, 4.08440081756e-09, 2.46426945516e-09, 8.53390424993e-09, 1.32838389177e-08, 1.03922834782e-08, 5.6608775445e-09, 1.64627778076e-08, 1.15545106816e-09, 4.79620343441e-10, 4.2701158165e-09, 4.73511407861e-09, 6.62899335424e-09, 9.33316268714e-09, 6.72958222481e-09, 1.23814070108e-08, 7.93493981632e-09, 1.27669685934e-09, 2.27963092847e-09, 8.78418671135e-10, 8.27597157471e-10, 3.55068446867e-10, 9.81258563987e-12, 2.99225678957e-11, 4.06729467814e-12, 7.23246766296e-13, 1.13663615466e-13, 2.41693588191e-15, 8.52280104604e-16, 3.14869992703e-15, 4.46492327025e-15, 1.3497406487e-15, 1.4965555989e-15, 6.22415850329e-16],
        "max": [0.00174259557389, 0.00237045949325, 0.00427953805774, 0.00656775059178, 0.000569680531044, 0.000239308457822, 0.000204829397262, 0.000322578416672, 0.000392861955334, 0.000592533615418, 0.00130924326368, 0.000554111378733, 0.000495193293318, 0.000757564383093, 0.000396007642848, 0.000168283513631, 0.000504047435243, 0.000477064400911, 0.000715204107109, 0.00094837625511, 0.0004955981276, 0.000471934472444, 0.000693914073054, 0.00018268248823, 0.000292808224913, 0.000188116056961, 0.000191371887922, 0.000119540265587, 1.76060621015e-05, 3.21245024679e-05, 1.29348172777e-05, 6.63359878672e-06, 2.10508414966e-06, 3.80172934911e-07, 1.98013083264e-07, 3.7449251522e-07, 6.10502411291e-07, 4.11760197494e-07, 6.30587010164e-07, 3.86345533343e-07],
        "mean": [0.000322550040437, 0.000309896364342, 0.000724939338397, 0.000867030292284, 0.000109167085611, 3.53020404873e-05, 3.58193865395e-05, 6.16682227701e-05, 6.25683096587e-05, 0.000141771117342, 7.82186325523e-05, 0.00010539257346, 7.74301661295e-05, 0.000121978882817, 3.95757742808e-05, 3.5432036384e-05, 0.000109234599222, 0.000129146807012, 0.000115524198918, 0.000154670138727, 0.000188726218767, 0.000181769617484, 0.000118367534014, 6.46052576485e-05, 8.09034172562e-05, 4.82269715576e-05, 4.48237187811e-05, 2.35179304582e-05, 6.12676967648e-06, 9.76272076514e-06, 3.6782873849e-06, 1.64272762504e-06, 6.61707701965e-07, 8.68959162403e-08, 6.41340420771e-08, 1.43168136901e-07, 1.84596032682e-07, 9.60246424597e-08, 4.97610415096e-08, 2.56912766616e-08],
        "median": [0.000243818067247, 0.000202424911549, 0.00040005648043, 0.000546486640815, 8.29246782814e-05, 2.58446580119e-05, 2.5749886845e-05, 4.498835915e-05, 5.21793081134e-05, 0.000116344126582, 5.16816653544e-05, 9.64483915595e-05, 5.84931949561e-05, 9.98869654723e-05, 3.47599452653e-05, 3.26032022713e-05, 9.3957343779e-05, 0.000114133647003, 0.000106614956167, 0.000140396688948, 0.000182516378118, 0.000170916013303, 0.000113777590741, 6.10613715253e-05, 7.6659489423e-05, 4.4338285079e-05, 3.66921849491e-05, 1.82965577551e-05, 5.76619959247e-06, 8.76755348145e-06, 3.43046599482e-06, 1.57604040396e-06, 6.30717920558e-07, 7.88220617665e-08, 6.0827062498e-08, 1.40541686733e-07, 1.78008789931e-07, 8.9928470004e-08, 4.25508126511e-08, 2.18228528581e-08],
        "min": [8.65353831614e-06, 5.73966235606e-06, 1.98916268346e-06, 1.06710740511e-06, 7.48194963762e-07, 7.49485252527e-07, 4.77205276184e-07, 4.01823569973e-07, 1.27677435557e-06, 2.08574670069e-06, 1.05191247712e-06, 1.79148642587e-07, 6.78512549257e-07, 1.52095174144e-06, 2.30330286399e-07, 6.72768152299e-08, 3.58667904266e-07, 1.62444609941e-06, 5.12322958457e-06, 5.37362893738e-06, 1.56475607582e-06, 1.36186179134e-06, 2.48611331699e-06, 1.01033231203e-06, 5.78961362407e-07, 8.64545881996e-07, 1.66313782302e-07, 1.67401168483e-07, 1.3789720299e-07, 2.05339489412e-07, 7.41332470966e-08, 2.80306640121e-08, 1.88852062877e-08, 2.69840794154e-09, 1.70272496103e-09, 1.57496282682e-09, 1.59955260148e-09, 4.73866945683e-10, 2.73339101353e-10, 2.2941534783e-10],
        "var": [8.20268866164e-08, 1.09665329262e-07, 6.25562449841e-07, 8.76807177974e-07, 7.96179033813e-09, 9.92045001702e-10, 1.03491404335e-09, 2.76670841792e-09, 2.21408091861e-09, 1.12764544369e-08, 1.18280798489e-08, 6.21446494264e-09, 3.92030541363e-09, 9.52336520754e-09, 8.84530337864e-10, 3.7316444379e-10, 4.34090763335e-09, 3.91367827035e-09, 2.91804358454e-09, 6.69030608691e-09, 5.30566079959e-09, 7.10060144016e-09, 3.23361182275e-09, 7.99292632081e-10, 1.23316457046e-09, 5.14713605071e-10, 8.05227606815e-10, 2.83051637684e-10, 7.28967580743e-12, 2.10341327689e-11, 2.43321682247e-12, 4.46746399639e-13, 8.32466691067e-14, 1.76236967846e-15, 6.90205644103e-16, 2.84834987898e-15, 4.94615529835e-15, 1.86928312998e-15, 1.8614861917e-15, 6.85915422225e-16]
    },
    "mfcc": {
        "mean": [-609.081237793, 122.097457886, -75.4040145874, 49.1900291443, 10.3000936508, 1.54553604126, 9.52299118042, 4.52771568298, 11.3677654266, 0.856717050076, -10.2186775208, -2.56564950943, -13.9787511826],
        "cov": [[237.527999878, -33.6076164246, -37.1351699829, -37.9721260071, -33.8928413391, -17.8201656342, 7.46192598343, -0.367859899998, -11.9063415527, 2.60256719589, 1.35432183743, 16.6700019836, 11.2916555405], [-33.6076164246, 108.928939819, 54.6023788452, 23.8894710541, 11.8414773941, -1.62693405151, -3.60527324677, -5.87056875229, -0.47724622488, 0.935271084309, -1.17239058018, -7.18516635895, -13.9356336594], [-37.1351699829, 54.6023788452, 69.5533828735, 34.7204933167, 29.8143024445, -1.57014322281, 0.459612846375, -9.92315196991, -0.743090569973, -7.70720815659, -8.14299297333, -11.4590368271, -10.483089447], [-37.9721260071, 23.8894710541, 34.7204933167, 59.1615409851, 31.220500946, 11.0282440186, 1.29519331455, -10.286655426, -5.33090400696, -1.96101570129, -10.5419549942, -13.1012325287, -9.71969509125], [-33.8928413391, 11.8414773941, 29.8143024445, 31.220500946, 53.2131996155, 23.1583862305, 3.63554525375, 1.24168181419, -1.76520800591, -4.0908613205, -2.96849346161, -7.44711256027, -5.26512432098], [-17.8201656342, -1.62693405151, -1.57014322281, 11.0282440186, 23.1583862305, 48.7079467773, 13.3379745483, 8.25440406799, -1.95124268532, -3.20926904678, 4.87646102905, -0.914939641953, 0.393620222807], [7.46192598343, -3.60527324677, 0.459612846375, 1.29519331455, 3.63554525375, 13.3379745483, 37.2399101257, 12.3018932343, 9.46106147766, 3.90576219559, -1.91602194309, 0.191565811634, 5.98146867752], [-0.367859899998, -5.87056875229, -9.92315196991, -10.286655426, 1.24168181419, 8.25440406799, 12.3018932343, 41.3685684204, 17.2604656219, 6.19565963745, 6.24115133286, 3.23086428642, 1.18152558804], [-11.9063415527, -0.47724622488, -0.743090569973, -5.33090400696, -1.76520800591, -1.95124268532, 9.46106147766, 17.2604656219, 40.183139801, 15.1877222061, 7.75826597214, 0.779698491096, 1.85291385651], [2.60256719589, 0.935271084309, -7.70720815659, -1.96101570129, -4.0908613205, -3.20926904678, 3.90576219559, 6.19565963745, 15.1877222061, 29.9659042358, 11.7181835175, 5.4049243927, 2.99342513084], [1.35432183743, -1.17239058018, -8.14299297333, -10.5419549942, -2.96849346161, 4.87646102905, -1.91602194309, 6.24115133286, 7.75826597214, 11.7181835175, 33.7332191467, 16.908000946, 8.94093322754], [16.6700019836, -7.18516635895, -11.4590368271, -13.1012325287, -7.44711256027, -0.914939641953, 0.191565811634, 3.23086428642, 0.779698491096, 5.4049243927, 16.908000946, 35.7087059021, 20.9129180908], [11.2916555405, -13.9356336594, -10.483089447, -9.71969509125, -5.26512432098, 0.393620222807, 5.98146867752, 1.18152558804, 1.85291385651, 2.99342513084, 8.94093322754, 20.9129180908, 40.388835907]],
