{
"lowlevel": {
    "average_loudness": 0.985617101192,
    "barkbands_crest": {
        "dmean": 3.29471135139,
        "dmean2": 5.4037566185,
        "dvar": 9.67520427704,
        "dvar2": 24.8370895386,
        "max": 22.9777450562,
        "mean": 9.22057056427,
        "median": 7.82414484024,
        "min": 3.08638596535,
        "var": 19.2204437256
    },
    "barkbands_flatness_db": {
        "dmean": 0.0187375470996,
        "dmean2": 0.0295076444745,
        "dvar": 0.000312838936225,
        "dvar2": 0.000784686999395,
        "max": 0.229431197047,
        "mean": 0.144208058715,
        "median": 0.138786092401,
        "min": 0.0937148481607,
        "var": 0.000778245565016
    },
    "barkbands_kurtosis": {
        "dmean": 4.88919353485,
        "dmean2": 7.85317134857,
        "dvar": 52.0133056641,
        "dvar2": 136.581451416,
        "max": 50.3534507751,
        "mean": 7.07449531555,
        "median": 4.08246564865,
        "min": -1.60418081284,
        "var": 76.4349212646
    },
    "barkbands_skewness": {
        "dmean": 0.631140947342,
        "dmean2": 1.01312768459,
        "dvar": 0.48871165514,
        "dvar2": 1.30763733387,
        "max": -0.0184249524027,
        "mean": -2.11659455299,
        "median": -1.91827881336,
        "min": -5.91496276855,
        "var": 1.17414569855
    },
    "barkbands_spread": {
        "dmean": 5.38119745255,
        "dmean2": 8.71729755402,
        "dvar": 31.2818565369,
        "dvar2": 79.4060745239,
        "max": 47.4846115112,
        "mean": 15.3154525757,
        "median": 13.4388532639,
        "min": 2.28499960899,
        "var": 76.7351837158
    },
    "dissonance": {
        "dmean": 0.0029971410986,
        "dmean2": 0.0051052919589,
        "dvar": 1.06614088509e-05,
        "dvar2": 2.46677809628e-05,
        "max": 0.499933809042,
        "mean": 0.495638608932,
        "median": 0.496663808823,
        "min": 0.468083232641,
        "var": 1.57159247465e-05
    },
    "dynamic_complexity": 0.394978642464,
    "erbbands_crest": {
        "dmean": 4.10831975937,
        "dmean2": 6.60107088089,
        "dvar": 11.874420166,
        "dvar2": 31.1337242126,
        "max": 26.9272632599,
        "mean": 11.9787693024,
        "median": 10.4762659073,
        "min": 4.49728536606,
        "var": 28.4602661133
    },
    "erbbands_flatness_db": {
        "dmean": 0.0185845047235,
        "dmean2": 0.0292995180935,
        "dvar": 0.000306072353851,
        "dvar2": 0.000804311246611,
        "max": 0.338380366564,
        "mean": 0.257885575294,
        "median": 0.251418381929,
        "min": 0.198320671916,
        "var": 0.000881548214238
    },
    "erbbands_kurtosis": {
        "dmean": 4.16407012939,
        "dmean2": 7.14883470535,
        "dvar": 31.0143127441,
        "dvar2": 88.0494232178,
        "max": 36.2150115967,
        "mean": 6.40337467194,
        "median": 4.35336446762,
        "min": -0.693282604218,
        "var": 38.501789093
    },
    "erbbands_skewness": {
        "dmean": 0.544100344181,
        "dmean2": 0.879908502102,
        "dvar": 0.278512299061,
        "dvar2": 0.741291105747,
        "max": 0.679727911949,
        "mean": -1.24779319763,
        "median": -1.14669215679,
        "min": -4.115026474,
        "var": 0.587101519108
    },
    "erbbands_spread": {
        "dmean": 2.25390815735,
        "dmean2": 3.67187047005,
        "dvar": 4.46475458145,
        "dvar2": 12.016002655,
        "max": 21.2552528381,
        "mean": 8.76807117462,
        "median": 8.18952560425,
        "min": 1.72065007687,
        "var": 17.476934433
    },
    "hfc": {
        "dmean": 6.17842626572,
        "dmean2": 10.2042942047,
        "dvar": 32.6163749695,
        "dvar2": 95.5098419189,
        "max": 54.4678153992,
        "mean": 30.8858222961,
        "median": 30.4920597076,
        "min": 8.58835887909,
        "var": 59.43542099
    },
    "melbands_crest": {
        "dmean": 3.38582062721,
        "dmean2": 5.46615839005,
        "dvar": 10.3251409531,
        "dvar2": 27.3687801361,
        "max": 21.6068172455,
        "mean": 8.86190223694,
        "median": 7.65835762024,
        "min": 2.94542551041,
        "var": 17.7652759552
    },
    "melbands_flatness_db": {
        "dmean": 0.0150219900534,
        "dmean2": 0.02348020114,
        "dvar": 0.000199757996597,
        "dvar2": 0.000529082259163,
        "max": 0.180387631059,
        "mean": 0.119612254202,
        "median": 0.117082431912,
        "min": 0.0790361315012,
        "var": 0.000389717286453
    },
    "melbands_kurtosis": {
        "dmean": 1.7965195179,
        "dmean2": 2.84195232391,
        "dvar": 6.31003856659,
        "dvar2": 15.7643432617,
        "max": 18.4350185394,
        "mean": 0.975491344929,
        "median": 0.0599226951599,
        "min": -1.77530276775,
        "var": 10.2224817276
    },
    "melbands_skewness": {
        "dmean": 0.517752170563,
        "dmean2": 0.821223258972,
        "dvar": 0.258784383535,
        "dvar2": 0.675508081913,
        "max": 1.20456790924,
        "mean": -1.02593123913,
        "median": -0.932625353336,
        "min": -4.01506710052,
        "var": 0.773912191391
    },
    "melbands_spread": {
        "dmean": 15.878446579,
        "dmean2": 25.4787731171,
        "dvar": 184.919906616,
        "dvar2": 534.460876465,
        "max": 120.804901123,
        "mean": 58.4950447083,
        "median": 56.8648948669,
        "min": 14.6138029099,
        "var": 430.954559326
    },
    "pitch_salience": {
        "dmean": 0.0598857551813,
        "dmean2": 0.100001014769,
        "dvar": 0.00216290121898,
        "dvar2": 0.00634473422542,
        "max": 0.816758871078,
        "mean": 0.691866338253,
        "median": 0.703454256058,
        "min": 0.497940063477,
        "var": 0.0040226103738
    },
    "silence_rate_20dB": {
        "dmean": 0,
        "dmean2": 0,
        "dvar": 0,
        "dvar2": 0,
        "max": 1,
        "mean": 1,
        "median": 1,
        "min": 1,
        "var": 0
    },
    "silence_rate_30dB": {
        "dmean": 0,
        "dmean2": 0,
        "dvar": 0,
        "dvar2": 0,
        "max": 1,
        "mean": 1,
        "median": 1,
        "min": 1,
        "var": 0
    },
    "silence_rate_60dB": {
        "dmean": 0,
        "dmean2": 0,
        "dvar": 0,
        "dvar2": 0,
        "max": 0,
        "mean": 0,
        "median": 0,
        "min": 0,
        "var": 0
    },
    "spectral_centroid": {
        "dmean": 168.534118652,
        "dmean2": 258.495941162,
        "dvar": 27257.2871094,
        "dvar2": 69566.8046875,
        "max": 3660.94775391,
        "mean": 2977.35375977,
        "median": 2973.1081543,
        "min": 2359.32397461,
        "var": 66975.203125
    },
    "spectral_complexity": {
        "dmean": 4.69999980927,
        "dmean2": 7.06177616119,
        "dvar": 16.0022964478,
        "dvar2": 37.1236190796,
        "max": 46,
        "mean": 29.2796936035,
        "median": 29,
        "min": 10,
        "var": 46.4620018005
    },
    "spectral_decrease": {
        "dmean": 3.95796284636e-10,
        "dmean2": 6.7475802723e-10,
        "dvar": 1.02335095384e-19,
        "dvar2": 3.0515677659e-19,
        "max": -1.00898533972e-09,
        "mean": -2.47636400275e-09,
        "median": -2.48999243446e-09,
        "min": -3.52277873539e-09,
        "var": 1.92432712765e-19
    },
    "spectral_energy": {
        "dmean": 0.00195945403539,
        "dmean2": 0.00333530944772,
        "dvar": 2.798340347e-06,
        "dvar2": 8.39634412841e-06,
        "max": 0.018210824579,
        "mean": 0.0121478075162,
        "median": 0.0122409546748,
        "min": 0.00487609580159,
        "var": 4.56540146843e-06
    },
    "spectral_energyband_high": {
        "dmean": 0.000282185443211,
        "dmean2": 0.000452986831078,
        "dvar": 1.27936388594e-07,
        "dvar2": 2.99246039503e-07,
        "max": 0.00448436755687,
        "mean": 0.000632937182672,
        "median": 0.000543901347555,
        "min": 0.000173086300492,
        "var": 1.79265811084e-07
    },
    "spectral_energyband_low": {
        "dmean": 0.000285108166281,
        "dmean2": 0.000475907785585,
        "dvar": 1.69948876305e-07,
        "dvar2": 4.34929205539e-07,
        "max": 0.00310527603142,
        "mean": 0.000431376829511,
        "median": 0.000261431181571,
        "min": 7.50109484215e-06,
        "var": 2.57720444097e-07
    },
    "spectral_energyband_middle_high": {
        "dmean": 0.00202987273224,
        "dmean2": 0.0034371917136,
        "dvar": 3.14204794449e-06,
        "dvar2": 9.61574914982e-06,
        "max": 0.0176726467907,
        "mean": 0.0105512086302,
        "median": 0.0105518875644,
        "min": 0.00311736832373,
        "var": 5.44877502762e-06
    },
    "spectral_energyband_middle_low": {
        "dmean": 0.00028135307366,
        "dmean2": 0.000471115519758,
        "dvar": 1.03593599476e-07,
        "dvar2": 2.77562946849e-07,
        "max": 0.00323294359259,
        "mean": 0.000619363563601,
        "median": 0.00045910308836,
        "min": 3.41434970323e-05,
        "var": 2.730700146e-07
    },
    "spectral_entropy": {
        "dmean": 0.140334308147,
        "dmean2": 0.225952059031,
        "dvar": 0.0222025830299,
        "dvar2": 0.0568125359714,
        "max": 8.04053688049,
        "mean": 7.46584653854,
        "median": 7.52273702621,
        "min": 6.78573179245,
        "var": 0.0469591617584
    },
    "spectral_flux": {
        "dmean": 0.0105676557869,
        "dmean2": 0.0168508663774,
        "dvar": 7.63699281379e-05,
        "dvar2": 0.000209988473216,
        "max": 0.120943769813,
        "mean": 0.0774853527546,
        "median": 0.0758413672447,
        "min": 0.0406324975193,
        "var": 0.000196459295694
    },
    "spectral_kurtosis": {
        "dmean": 3.54167461395,
        "dmean2": 6.04412889481,
        "dvar": 9.88583374023,
        "dvar2": 26.1753387451,
        "max": 29.1395492554,
        "mean": 9.95555782318,
        "median": 9.10541343689,
        "min": 2.61581945419,
        "var": 20.5205001831
    },
    "spectral_rms": {
        "dmean": 0.000283195258817,
        "dmean2": 0.000481258466607,
        "dvar": 6.1785925709e-08,
        "dvar2": 1.83786482921e-07,
        "max": 0.00421505142003,
        "mean": 0.00342817232013,
        "median": 0.00345577695407,
        "min": 0.00218109297566,
        "var": 9.91576669662e-08
    },
    "spectral_rolloff": {
        "dmean": 242.082839966,
        "dmean2": 374.045715332,
        "dvar": 70960.1875,
        "dvar2": 174716.40625,
        "max": 4694.23828125,
        "mean": 3438.30053711,
        "median": 3466.84570312,
        "min": 2217.91992188,
        "var": 125916.890625
    },
    "spectral_skewness": {
        "dmean": 0.353123158216,
        "dmean2": 0.595978975296,
        "dvar": 0.0913031846285,
        "dvar2": 0.217681497335,
        "max": 3.26546525955,
        "mean": 1.42664372921,
        "median": 1.38844704628,
        "min": 0.552987337112,
        "var": 0.208118125796
    },
    "spectral_spread": {
        "dmean": 209172.25,
        "dmean2": 319847.46875,
        "dvar": 388225335296,
        "dvar2": 426590273536,
        "max": 12139805,
        "mean": 1959962.25,
        "median": 1939630,
        "min": 1325148.625,
        "var": 464082042880
    },
    "spectral_strongpeak": {
        "dmean": 1.63324701786,
        "dmean2": 2.80293393135,
        "dvar": 2.38528728485,
        "dvar2": 6.73865890503,
        "max": 11.8261365891,
        "mean": 2.92066502571,
        "median": 2.73947763443,
        "min": 0.0687599405646,
        "var": 3.54320573807
    },
    "zerocrossingrate": {
        "dmean": 0.00620868382975,
        "dmean2": 0.0072506936267,
        "dvar": 4.59312796011e-05,
        "dvar2": 5.22524751432e-05,
        "max": 0.162109375,
        "mean": 0.123175963759,
        "median": 0.12109375,
        "min": 0.0390625,
        "var": 0.000274746649666
    },
    "barkbands": {
        "dmean": [1.58654336246e-06, 0.000187992074643, 0.000128143859911, 8.53940000525e-05, 0.000145961515955, 4.82682517031e-05, 4.35176661995e-05, 3.17066587741e-05, 8.20700224722e-05, 0.000129852443933, 7.20407624613e-05, 0.000145314217662, 6.3196697738e-05, 0.000486584700411, 0.000395435781684, 0.0011111398926, 0.00107262074016, 0.0010928940028, 0.00147173099685, 0.000598001526669, 0.000145797166624, 2.45486935455e-05, 2.03153331313e-06, 4.49344815934e-06, 1.80306449238e-06, 9.43521342833e-07, 5.95230496003e-08],
        "dmean2": [2.58358613792e-06, 0.000319476006553, 0.00021337774524, 0.000144612742588, 0.000259582942817, 7.95301093603e-05, 7.58062742534e-05, 5.70457450522e-05, 0.000135701484396, 0.000215037158341, 0.000123135338072, 0.000249165575951, 0.000105704821181, 0.000792774546426, 0.00065260642441, 0.00180404703133, 0.00177297694609, 0.0017625046894, 0.00248076510616, 0.000984457088634, 0.00022226087458, 3.99758428102e-05, 3.36203675033e-06, 7.27626593289e-06, 3.04041645904e-06, 1.53380483425e-06, 9.80384342597e-08],
        "dvar": [4.67293911899e-12, 7.60042695447e-08, 5.00398584791e-08, 1.69523328708e-08, 2.65721364912e-08, 8.26504731322e-09, 4.0125969214e-09, 3.77670117402e-09, 1.60847086761e-08, 6.53392362437e-08, 8.3979312393e-09, 5.27525081395e-08, 2.5818870597e-08, 5.00492831179e-07, 1.92094134377e-07, 1.65220046711e-06, 1.36083940561e-06, 2.97271435556e-06, 3.60763169738e-06, 7.23667938018e-07, 6.8197572034e-08, 4.05536326742e-10, 1.35903528015e-11, 1.53111707341e-11, 3.60889053017e-12, 7.20973953282e-13, 6.947174498e-15],
        "dvar2": [9.49822599045e-12, 2.05381823548e-07, 1.13836009064e-07, 3.83317448893e-08, 7.42104120377e-08, 1.82068049526e-08, 1.1921313714e-08, 1.19797949338e-08, 4.56373285829e-08, 1.51562232986e-07, 2.42841320386e-08, 1.48545609591e-07, 4.88211746585e-08, 1.32281866172e-06, 4.5082489919e-07, 4.21159666075e-06, 3.32323065777e-06, 7.40874475014e-06, 9.20358979783e-06, 1.91677850125e-06, 1.30051560632e-07, 1.19724519188e-09, 3.74415463911e-11, 3.68416963603e-11, 1.1212030436e-11, 2.03990925714e-12, 1.67283179496e-14],
        "max": [2.21474947466e-05, 0.00215438148007, 0.00203453120776, 0.00113358523231, 0.00159719982184, 0.00122118112631, 0.000583151821047, 0.000638447818346, 0.00145500153303, 0.00298891542479, 0.000895106524695, 0.00159712496679, 0.00201282789931, 0.00748562766239, 0.00388851296157, 0.00986493285745, 0.00979994703084, 0.0118090743199, 0.0117926020175, 0.00554161239415, 0.00410145753995, 0.00018101540627, 4.11287946918e-05, 3.71625137632e-05, 1.94107215066e-05, 7.36845731808e-06, 7.88754618952e-07],
        "mean": [1.76111132077e-06, 0.000231821846683, 0.000153002372826, 9.91803535726e-05, 0.000192675244762, 6.91953973728e-05, 5.36125808139e-05, 4.5542827138e-05, 0.00011627063941, 0.000175193810719, 0.000107380801637, 0.000215698761167, 9.3151575129e-05, 0.000906483095605, 0.000719942559954, 0.00168117892463, 0.00187431275845, 0.00147280702367, 0.00261650956236, 0.000929614005145, 0.000304360175505, 6.12264702795e-05, 4.64241020381e-06, 1.44599052874e-05, 5.05617981617e-06, 2.63207220996e-06, 9.93614222011e-08],
        "median": [8.8289220912e-07, 0.000111707842734, 6.52841117699e-05, 6.09667913523e-05, 0.000139127470902, 4.19901843998e-05, 3.3183285268e-05, 2.77836625173e-05, 5.3879506595e-05, 8.75990954228e-05, 6.85892155161e-05, 0.000136736707645, 5.25495415786e-05, 0.000496116757859, 0.000533992657438, 0.00120581209194, 0.00152686634101, 0.00089840113651, 0.00181191787124, 0.000680521072354, 0.000245471077505, 5.73429606447e-05, 3.87298314308e-06, 1.42999433592e-05, 4.55702593172e-06, 2.51570963883e-06, 8.78168506802e-08],
        "min": [2.88157426809e-08, 2.33131481764e-06, 1.77664958301e-06, 2.6810325835e-06, 6.79581262375e-06, 4.5776623665e-06, 1.18475020372e-06, 1.89710260656e-06, 2.68939879788e-06, 6.73618205838e-06, 6.50717811368e-06, 6.74501961839e-06, 1.73769865341e-06, 1.56857240654e-05, 3.42101920978e-05, 0.000132729808684, 0.000276164617389, 9.30384194362e-05, 0.000363675731933, 0.000141385360621, 6.18733174633e-05, 9.98653194983e-06, 7.66735240632e-07, 1.89299373687e-06, 3.00173127243e-07, 7.09335381543e-08, 1.55288149006e-09],
        "var": [5.8458988518e-12, 9.61099786423e-08, 7.08504401814e-08, 2.01674499323e-08, 3.95853341217e-08, 1.17933378618e-08, 4.23581347775e-09, 4.18871204388e-09, 3.15495682912e-08, 1.01928584684e-07, 1.1638895181e-08, 6.74176732218e-08, 4.05034548123e-08, 1.48501339936e-06, 3.79029728492e-07, 2.49208187597e-06, 1.7622978703e-06, 3.27280349666e-06, 5.04124136569e-06, 7.43652321944e-07, 1.05781744253e-07, 7.83975939722e-10, 1.29913050803e-11, 3.15203592394e-11, 6.49881190529e-12, 1.57287854616e-12, 7.94254663124e-15]
    },
    "erbbands": {
        "dmean": [0.00350084877573, 0.0495022498071, 0.147294908762, 0.180637925863, 0.481049537659, 0.490525245667, 0.310321092606, 0.449021190405, 0.315489768982, 0.828015089035, 1.01001834869, 1.7065500021, 3.14718556404, 3.27883625031, 3.49552321434, 5.57060480118, 2.08417534828, 15.6039571762, 24.8503322601, 41.7743186951, 50.8763847351, 62.7579841614, 36.2876853943, 78.4250335693, 69.3910217285, 26.2337703705, 6.55863904953, 4.12828445435, 0.986574828625, 0.130303114653, 0.0720116794109, 0.114516198635, 0.0623464137316, 0.0341128595173, 0.0051098507829, 0.00499945040792, 0.00155173731036, 0.000138523435453, 6.45590807835e-06, 3.1320735161e-06],
        "dmean2": [0.00559161277488, 0.0850305408239, 0.245059177279, 0.304293632507, 0.844304084778, 0.875515878201, 0.526461064816, 0.758507370949, 0.556661605835, 1.41059184074, 1.72489285469, 2.77900838852, 4.78892564774, 5.63822603226, 5.8483042717, 9.61615467072, 3.35543179512, 26.5120849609, 40.2518577576, 70.9334411621, 82.9538421631, 103.239639282, 57.6557312012, 123.727844238, 116.442970276, 42.6536750793, 10.09233284, 6.45515060425, 1.58728790283, 0.210377648473, 0.117230027914, 0.188704192638, 0.102342367172, 0.0575719252229, 0.00849057268351, 0.00816304981709, 0.00258411397226, 0.000224015311687, 1.01681034721e-05, 5.3221097005e-06],
        "dvar": [2.87188540824e-05, 0.00532114133239, 0.0669173300266, 0.0659295096993, 0.364183336496, 0.318651109934, 0.156288489699, 0.906493663788, 0.320341169834, 0.72926980257, 4.44041728973, 5.94059658051, 51.2658081055, 25.642906189, 17.2782802582, 72.7349777222, 11.2032642365, 673.953735352, 759.112487793, 3897.80737305, 3254.91625977, 5036.84277344, 1351.01074219, 10591.8232422, 7978.38427734, 1513.26025391, 199.294754028, 26.8198280334, 0.605429828167, 0.0130150802433, 0.0176097862422, 0.0115514956415, 0.00293661258183, 0.0010526048718, 9.78925745585e-05, 2.12162631215e-05, 2.38091001847e-06, 1.914309955e-08, 7.62534480003e-11, 7.78950688674e-12],
        "dvar2": [6.67064232402e-05, 0.0147827966139, 0.1536847651, 0.131803736091, 1.01280522346, 0.904419600964, 0.366542190313, 1.94017767906, 0.972771525383, 2.07704257965, 12.5337305069, 14.1302185059, 113.851844788, 60.9474182129, 46.8784103394, 202.647415161, 24.6598739624, 1928.27026367, 1722.34082031, 10170.9697266, 9243.99121094, 12532.5566406, 3298.61206055, 24954.0605469, 20527.3652344, 3768.95214844, 401.161407471, 59.4103355408, 1.80800390244, 0.0355273783207, 0.0476589277387, 0.0248586740345, 0.00850307848305, 0.00314755388536, 0.000268486212008, 6.24855747446e-05, 6.43302337267e-06, 5.55732704299e-08, 1.61704066803e-10, 2.34497855162e-11],
        "max": [0.0543492920697, 0.509754061699, 2.40434265137, 2.55912804604, 4.5910577774, 6.02410364151, 4.80802965164, 12.5150222778, 6.52076625824, 7.16481161118, 23.2853546143, 25.2163200378, 107.133026123, 55.9739723206, 38.2220420837, 71.1430969238, 40.5481872559, 297.664001465, 283.051544189, 508.163513184, 432.559295654, 532.530822754, 266.239837646, 703.234008789, 553.25982666, 317.399841309, 216.855361938, 54.9675827026, 7.54501819611, 0.996003329754, 1.49394857883, 1.05614185333, 0.600647091866, 0.276662915945, 0.13660082221, 0.0381374023855, 0.0127324275672, 0.00139254599344, 0.000104508872028, 2.96129383059e-05],
        "mean": [0.00443635508418, 0.06056297943, 0.185588315129, 0.249241068959, 0.593855857849, 0.597631633282, 0.486147552729, 0.584025144577, 0.451197355986, 1.15219604969, 1.47040593624, 2.47889614105, 4.17203092575, 4.96266889572, 6.13272714615, 8.47417163849, 4.53659439087, 29.6646595001, 48.612159729, 64.1294326782, 88.958442688, 105.936271667, 68.5616912842, 134.127456665, 112.418739319, 45.3843841553, 13.4899549484, 9.92329311371, 2.76665592194, 0.427806437016, 0.168313026428, 0.316726267338, 0.20233643055, 0.0972326025367, 0.0139262462035, 0.0139095839113, 0.00422255787998, 0.000323767453665, 2.17957403947e-05, 1.89267830137e-05],
        "median": [0.00239101261832, 0.0269753225148, 0.0860328674316, 0.159173235297, 0.335493177176, 0.401473283768, 0.320769399405, 0.336755514145, 0.286198586226, 0.803252398968, 0.796256065369, 1.15773773193, 1.82917582989, 3.08829402924, 4.17165851593, 5.15026903152, 3.17529535294, 16.5092105865, 33.9409446716, 45.9949073792, 70.7213745117, 83.7037506104, 56.7999954224, 80.0217514038, 73.401184082, 32.4115447998, 11.1190509796, 8.31958580017, 2.60919475555, 0.40084952116, 0.14350451529, 0.30475383997, 0.194522708654, 0.0899727866054, 0.013190375641, 0.0133377807215, 0.0039260298945, 0.000296137761325, 2.00611575565e-05, 1.88939120562e-05],
        "min": [8.24095041025e-05, 0.000401320343371, 0.00340026663616, 0.0119174458086, 0.0171542130411, 0.0175644345582, 0.0290642883629, 0.0390547811985, 0.0232226643711, 0.0313678458333, 0.0682550817728, 0.0625980719924, 0.147382304072, 0.255034118891, 0.37485191226, 0.250999391079, 0.19260366261, 0.692794263363, 1.57647573948, 5.14799594879, 8.94976615906, 20.0773639679, 7.12295913696, 10.1704015732, 12.9754257202, 10.0944128036, 2.3913693428, 1.88672375679, 0.502008020878, 0.102754168212, 0.0334085561335, 0.0549053400755, 0.0164259932935, 0.00674192747101, 0.00070198852336, 0.000477058609249, 0.00010244857549, 7.14917950972e-06, 6.00982775723e-06, 7.51971401769e-06],
        "var": [4.20427895733e-05, 0.0065747667104, 0.0938452333212, 0.0927738472819, 0.44762930274, 0.419990003109, 0.316646754742, 1.08902013302, 0.364980340004, 1.18073773384, 5.67911195755, 12.8261985779, 76.5553970337, 44.4017601013, 32.8068351746, 102.282859802, 30.9682331085, 1381.41784668, 2250.19848633, 3958.0769043, 5165.51171875, 6052.91845703, 1949.12988281, 19614.6621094, 9311.72363281, 1628.00695801, 266.877929688, 45.955329895, 1.37894260883, 0.0277907010168, 0.0164770148695, 0.0192619916052, 0.00658490741625, 0.00216554990038, 9.53848866629e-05, 4.33141976828e-05, 4.48516402685e-06, 3.61243763791e-08, 1.00132763192e-10, 1.21911508666e-11]
    },
    "gfcc": {
        "mean": [-35.1434326172, 50.727771759, -186.41696167, 61.1132469177, -26.3226718903, -3.53354120255, -33.3569908142, 15.8349628448, -29.4420070648, 0.0454679243267, -19.3472042084, -7.73768043518, -3.22202730179],
        "cov": [[364.155059814, 251.777114868, -37.2288589478, -92.5711593628, -50.4423408508, 84.6807937622, 27.591758728, -61.9716148376, 40.4105262756, 39.3406982422, -42.2956809998, -2.98454380035, 3.57082366943], [251.777114868, 456.211090088, -36.4170951843, -77.1788406372, -21.9678401947, 103.489227295, 60.0643119812, -103.523002625, 56.4772911072, 2.81572914124, -65.6105728149, -39.349937439, 17.3599033356], [-37.2288589478, -36.4170951843, 115.604705811, 83.0280609131, 38.0179252625, -6.02393960953, -9.38868808746, 35.1538696289, -0.166176602244, -2.28024339676, -2.73986721039, 5.7689538002, 1.25734829903], [-92.5711593628, -77.1788406372, 83.0280609131, 117.697227478, 59.947971344, -15.9686145782, 1.99469435215, 41.3750495911, -5.8992767334, -10.1969747543, 10.0054273605, 3.90962076187, 2.36911177635], [-50.4423408508, -21.9678401947, 38.0179252625, 59.947971344, 88.1544647217, 33.3754959106, -6.72120046616, 10.6392097473, 13.9150800705, -1.08439850807, 11.5017385483, 4.94866895676, -7.62810707092], [84.6807937622, 103.489227295, -6.02393960953, -15.9686145782, 33.3754959106, 88.0499038696, 24.1062850952, -28.5194702148, 26.6839141846, 15.3306570053, -11.5143289566, -2.9224460125, -3.5060312748], [27.591758728, 60.0643119812, -9.38868808746, 1.99469435215, -6.72120046616, 24.1062850952, 68.8591537476, 14.1604557037, -4.3846449852, -2.61726522446, 1.04472661018, -4.56259489059, 5.54412937164], [-61.9716148376, -103.523002625, 35.1538696289, 41.3750495911, 10.6392097473, -28.5194702148, 14.1604557037, 82.9253005981, 5.2147936821, -6.4888715744, 21.4975261688, 18.3506507874, 1.67694759369], [40.4105262756, 56.4772911072, -0.166176602244, -5.8992767334, 13.9150800705, 26.6839141846, -4.3846449852, 5.2147936821, 67.4562988281, 24.53956604, -16.6531848907, -0.339822798967, 6.32381772995], [39.3406982422, 2.81572914124, -2.28024339676, -10.1969747543, -1.08439850807, 15.3306570053, -2.61726522446, -6.4888715744, 24.53956604, 42.7789802551, 8.10169315338, 1.4630959034, -0.80340218544], [-42.2956809998, -65.6105728149, -2.73986721039, 10.0054273605, 11.5017385483, -11.5143289566, 1.04472661018, 21.4975261688, -16.6531848907, 8.10169315338, 51.4390792847, 19.537197113, -6.57258272171], [-2.98454380035, -39.349937439, 5.7689538002, 3.90962076187, 4.94866895676, -2.9224460125, -4.56259489059, 18.3506507874, -0.339822798967, 1.4630959034, 19.537197113, 39.3875846863, 12.0770978928], [3.57082366943, 17.3599033356, 1.25734829903, 2.36911177635, -7.62810707092, -3.5060312748, 5.54412937164, 1.67694759369, 6.32381772995, -0.80340218544, -6.57258272171, 12.0770978928, 33.6164665222]],
        "icov": [[0.00874026678503, -0.00613670051098, 0.00288119888864, -0.00153128150851, 0.00557169318199, -0.00684806751087, 0.00584225356579, -0.00760188000277, 0.00816554762423, -0.0119196204469, 0.00814730394632, -0.00771253183484, 0.00474938377738], [-0.00613670051098, 0.0142408963293, -0.0101365614682, 0.00698995916173, -0.00177577149589, 0.00373436510563, -0.0169319361448, 0.0222594644874, -0.0210907794535, 0.020500343293, -0.0107241170481, 0.00893597863615, -0.00599682144821], [0.00288119888864, -0.0101365614682, 0.030622465536, -0.0236641056836, 0.0056571229361, -0.0101620126516, 0.0212452113628, -0.024836640805, 0.0214248411357, -0.0195757094771, 0.0156788341701, -0.00780868390575, 0.00478254724294], [-0.00153128150851, 0.00698995916173, -0.0236641056836, 0.0418227948248, -0.026813250035, 0.0191741660237, -0.0204947087914, 0.0107438033447, -0.0082231303677, 0.00739909522235, -0.00322435586713, 0.00739655876532, -0.00831383652985], [0.00557169318199, -0.00177577149589, 0.0056571229361, -0.026813250035, 0.0463417991996, -0.0312485042959, 0.0162763465196, -0.00263704033569, -0.00602734414861, 0.00747723784298, -0.0103626865894, -0.00176802196074, 0.00662872381508], [-0.00684806751087, 0.00373436510563, -0.0101620126516, 0.0191741660237, -0.0312485042959, 0.0459991134703, -0.0271183531731, 0.0200247410685, -0.0126911327243, 0.00126177514903, 0.00226070173085, -0.00470317760482, 0.00355720287189], [0.00584225356579, -0.0169319361448, 0.0212452113628, -0.0204947087914, 0.0162763465196, -0.0271183531731, 0.0516452565789, -0.0420661941171, 0.0331520438194, -0.0218043513596, 0.00834576226771, 0.00170201901346, -0.00251828599721], [-0.00760188000277, 0.0222594644874, -0.024836640805, 0.0107438033447, -0.00263704033569, 0.0200247410685, -0.0420661941171, 0.0664801299572, -0.0495035201311, 0.0403184406459, -0.026177925989, 0.00150625826791, -0.000787659431808], [0.00816554762423, -0.0210907794535, 0.0214248411357, -0.0082231303677, -0.00602734414861, -0.0126911327243, 0.0331520438194, -0.0495035201311, 0.0669899359345, -0.0527848079801, 0.0356803499162, -0.0116458963603, 0.00140952272341], [-0.0119196204469, 0.020500343293, -0.0195757094771, 0.00739909522235, 0.00747723784298, 0.00126177514903, -0.0218043513596, 0.0403184406459, -0.0527848079801, 0.0755350962281, -0.0415865331888, 0.0197368431836, -0.00918329227716], [0.00814730394632, -0.0107241170481, 0.0156788341701, -0.00322435586713, -0.0103626865894, 0.00226070173085, 0.00834576226771, -0.026177925989, 0.0356803499162, -0.0415865331888, 0.0592024214566, -0.0301086604595, 0.0168132148683], [-0.00771253183484, 0.00893597863615, -0.00780868390575, 0.00739655876532, -0.00176802196074, -0.00470317760482, 0.00170201901346, 0.00150625826791, -0.0116458963603, 0.0197368431836, -0.0301086604595, 0.0564324781299, -0.0287704244256], [0.00474938377738, -0.00599682144821, 0.00478254724294, -0.00831383652985, 0.00662872381508, 0.00355720287189, -0.00251828599721, -0.000787659431808, 0.00140952272341, -0.00918329227716, 0.0168132148683, -0.0287704244256, 0.0482152104378]]
    },
    "melbands": {
        "dmean": [4.25775797339e-05, 7.06679784344e-05, 3.78435615858e-05, 3.80988567485e-05, 1.15369866762e-05, 9.41477992455e-06, 6.33664149063e-06, 7.8914254118e-06, 1.06590887299e-05, 1.05001199699e-05, 1.64288303495e-05, 1.45450940181e-05, 1.13201422209e-05, 2.01238162845e-05, 5.63861431147e-06, 1.07038731585e-05, 3.41788800142e-05, 4.86437020299e-05, 3.63914878108e-05, 7.15463174856e-05, 6.17574405624e-05, 6.83934194967e-05, 5.14714156452e-05, 5.070979023e-05, 7.18411101843e-05, 6.54858449707e-05, 4.38347415184e-05, 1.48382123371e-05, 3.14694329973e-06, 5.4203246691e-06, 1.68901067354e-06, 7.19727097476e-07, 2.18404693442e-07, 3.36648149357e-08, 3.65426835458e-08, 6.56990835068e-08, 8.16600902454e-08, 5.32664614639e-08, 4.45253185433e-08, 2.90215407261e-08],
        "dmean2": [7.07578947186e-05, 0.000115681403258, 6.53796887491e-05, 6.83173784637e-05, 1.94182593987e-05, 1.57322429004e-05, 1.10514447442e-05, 1.34848987727e-05, 1.76236244442e-05, 1.68481274159e-05, 2.49727181654e-05, 2.51308101724e-05, 1.94458916667e-05, 3.41208651662e-05, 9.55369432631e-06, 1.75957884494e-05, 5.77009450353e-05, 7.81139242463e-05, 6.19057973381e-05, 0.000116974842967, 0.000105351769889, 0.000115286995424, 8.36393373902e-05, 8.2342143287e-05, 0.000114349044452, 0.000114622140245, 7.52950509195e-05, 2.50731300184e-05, 5.17913576914e-06, 8.58038492879e-06, 2.70175905825e-06, 1.1717270354e-06, 3.59275730943e-07, 5.37093569619e-08, 6.1444801247e-08, 1.09183829977e-07, 1.33255312562e-07, 8.78524488712e-08, 7.4927015703e-08, 4.98550321026e-08],
        "dvar": [4.14521439396e-09, 1.27679333772e-08, 2.43069187e-09, 2.08762207521e-09, 1.63851709978e-10, 3.77890302383e-10, 1.11212802856e-10, 6.17562528893e-11, 4.3893844115e-10, 2.34306102298e-10, 1.3352402517e-09, 5.81781400832e-10, 2.24358684409e-10, 1.12091591564e-09, 3.99981922583e-11, 3.95178501034e-10, 3.18169446345e-09, 3.23483040354e-09, 1.95757743349e-09, 1.02245101274e-08, 4.53943993506e-09, 6.54802434497e-09, 3.34487038067e-09, 7.60458185312e-09, 9.66029034544e-09, 8.12000600092e-09, 5.32722577162e-09, 5.76227621174e-10, 4.32397902206e-11, 9.44515160528e-11, 5.30734527507e-12, 3.6189367475e-13, 3.58231375336e-14, 8.53051381042e-16, 5.19812261269e-15, 6.37691676604e-15, 4.68165994321e-15, 2.1014696839e-15, 1.46968601975e-15, 9.8449241855e-16],
        "dvar2": [1.05549737839e-08, 3.33692149468e-08, 5.44611200581e-09, 5.86991699691e-09, 4.11606665418e-10, 8.12200084965e-10, 3.41588729524e-10, 1.76517675476e-10, 1.17685139411e-09, 5.9004168218e-10, 2.88040191698e-09, 1.34389310791e-09, 6.35882402289e-10, 3.15152259844e-09, 1.12884854242e-10, 8.77378447672e-10, 9.12953090904e-09, 7.52227879985e-09, 4.92534546481e-09, 2.48102534073e-08, 1.3382260633e-08, 1.67559264241e-08, 8.20806089763e-09, 1.90487252638e-08, 2.24796412596e-08, 2.33289139118e-08, 1.4702672857e-08, 1.49401668814e-09, 9.3194479911e-11, 1.64870603281e-10, 1.35635678036e-11, 1.07824491523e-12, 1.00861837328e-13, 2.19584080092e-15, 1.43861109142e-14, 1.51360704976e-14, 1.09638284508e-14, 5.84649499359e-15, 4.27579267159e-15, 2.8920616495e-15],
        "max": [0.000578007544391, 0.00096611463232, 0.00042459112592, 0.000451752945082, 0.000138560993946, 0.000259934866335, 0.000112525543955, 6.51863811072e-05, 0.000224516508752, 0.000199640446226, 0.000531639379915, 0.000296900019748, 0.000147124825162, 0.000232095117099, 5.55275073566e-05, 0.000210306054214, 0.000595591031015, 0.000669641245622, 0.00035208259942, 0.000695452443324, 0.000548740092199, 0.000660160090774, 0.000344831583789, 0.000616543460637, 0.000619487371296, 0.000562343106139, 0.00053382711485, 0.000207285702345, 8.9409899374e-05, 0.000149879182572, 2.85085679934e-05, 5.84774716117e-06, 1.58239242865e-06, 3.22309830381e-07, 8.18277442249e-07, 8.5434447783e-07, 6.56013014577e-07, 3.96874810349e-07, 3.74866573338e-07, 2.60060176061e-07],
        "mean": [5.32713784196e-05, 9.32299444685e-05, 5.38435961062e-05, 4.70796549052e-05, 1.82188960025e-05, 1.26883596749e-05, 8.31551551528e-06, 1.14114036478e-05, 1.44467039718e-05, 1.5421950593e-05, 2.14879692066e-05, 2.06923414225e-05, 1.7691811081e-05, 2.81896573142e-05, 9.27834116737e-06, 1.76124358404e-05, 6.09164671914e-05, 8.68806455401e-05, 6.01840256422e-05, 0.000105846411316, 0.000102230420453, 0.00010661608394, 8.3183273091e-05, 6.69079017825e-05, 0.000115539354738, 9.18129007914e-05, 6.12998410361e-05, 2.20889796765e-05, 5.86526130064e-06, 1.00490815385e-05, 4.14230225942e-06, 1.69607051248e-06, 6.0164234128e-07, 8.38455704866e-08, 6.97823381302e-08, 1.52075202209e-07, 2.11214626233e-07, 1.51338070964e-07, 1.14853428101e-07, 7.04565223941e-08],
        "median": [2.93187476927e-05, 4.94480009365e-05, 3.51175913238e-05, 2.98767899949e-05, 1.25935366668e-05, 7.65573440731e-06, 5.19185232406e-06, 8.05159652373e-06, 7.10347558197e-06, 6.90397837388e-06, 9.44952716964e-06, 1.11489498522e-05, 1.0844550161e-05, 1.61884236149e-05, 6.41665928924e-06, 7.33704791855e-06, 3.21429979522e-05, 5.1119550335e-05, 4.85079290229e-05, 7.03644618625e-05, 8.11788777355e-05, 8.2642196503e-05, 6.41155129415e-05, 3.95825663873e-05, 6.66713167448e-05, 6.05786226515e-05, 3.88633088733e-05, 1.55499619723e-05, 4.59525381302e-06, 7.53266613174e-06, 3.73404486709e-06, 1.56093221904e-06, 5.53503753054e-07, 7.63414149674e-08, 5.51572973961e-08, 1.40690175954e-07, 1.97103020128e-07, 1.43640775718e-07, 1.06272132427e-07, 6.33315195842e-08],
        "min": [7.28116390292e-07, 1.30206137783e-06, 3.22617029269e-06, 9.86580289464e-07, 1.07142193428e-06, 8.24739913696e-07, 3.60005827815e-07, 3.37729744615e-07, 5.2499336789e-07, 3.48945008e-07, 6.09033918408e-07, 8.09150833447e-07, 1.23337508739e-06, 9.26737186546e-07, 3.82402902233e-07, 4.37803464592e-07, 1.29273598759e-06, 2.17826573135e-06, 3.47385162058e-06, 9.05210163182e-06, 7.93922117737e-06, 1.59449609782e-05, 1.17988820421e-05, 2.08133974411e-06, 7.20412162991e-06, 1.08708291009e-05, 5.00423675476e-06, 3.04074387714e-06, 6.72659723477e-07, 1.76165644916e-06, 6.85205407081e-07, 2.95242415405e-07, 9.00694843153e-08, 1.39520963671e-08, 1.04300621473e-08, 2.53108289883e-08, 2.9869706708e-08, 1.09756603806e-08, 8.90216611538e-09, 4.45466286081e-09],
        "var": [5.40208766608e-09, 1.75434333727e-08, 3.32393601532e-09, 2.79477663234e-09, 3.20246246188e-10, 4.77767880813e-10, 1.19160278866e-10, 1.08642601859e-10, 5.77166481275e-10, 5.59054191829e-10, 2.09115924577e-09, 1.00022545801e-09, 3.16025178249e-10, 1.31445365703e-09, 7.52269149751e-11, 1.01020070087e-09, 6.50061604546e-09, 1.03287538522e-08, 2.54897303265e-09, 1.26265193856e-08, 6.72534605783e-09, 7.14002190705e-09, 4.33936042654e-09, 8.19770828997e-09, 1.68672578127e-08, 8.08494160509e-09, 4.54667414829e-09, 4.8338910652e-10, 5.03101380001e-11, 1.49330409149e-10, 7.07639459183e-12, 6.80935017573e-13, 7.27441246346e-14, 1.82863973631e-15, 4.5822208163e-15, 8.18852245802e-15, 8.66498696118e-15, 4.17644375369e-15, 3.23864042646e-15, 1.49034038877e-15]
    },
    "mfcc": {
        "mean": [-654.830322266, 72.1581954956, -77.3423233032, 52.5034866333, 15.9554653168, -5.17828035355, 11.942492485, -2.01237726212, 10.8683576584, 1.35885691643, -5.31489086151, -4.03276538849, -8.22757339478],
        "cov": [[433.222137451, 259.156616211, -27.6884250641, -126.388420105, -86.6349639893, 103.404136658, -40.8661270142, -25.8188114166, 35.549987793, 5.33001947403, 14.9408893585, 24.6881847382, -52.4641189575], [259.156616211, 360.258392334, -4.72670316696, -90.5244750977, -61.9666442871, 130.001831055, -34.1310386658, -15.1603708267, 52.3594169617, 10.360751152, 2.7896194458, 3.59928131104, -45.459487915], [-27.6884250641, -4.72670316696, 83.6827316284, 47.6664047241, 21.4445266724, -4.04131889343, 1.88043105602, 11.6974306107, 14.7966146469, 13.6205415726, -14.1617555618, -3.40632629395, 19.3690834045], [-126.388420105, -90.5244750977, 47.6664047241, 119.855514526, 48.7067832947, -40.4346084595, 27.7649173737, 23.6234722137, 2.36429810524, 5.30487346649, -14.0113172531, -1.8327293396, 28.3654174805], [-86.6349639893, -61.9666442871, 21.4445266724, 48.7067832947, 113.536338806, 17.3978710175, -10.2275190353, 18.6237392426, -3.72920107841, 10.4075145721, 3.9931499958, 1.20956933498, 24.9965839386], [103.404136658, 130.001831055, -4.04131889343, -40.4346084595, 17.3978710175, 126.137397766, -7.33586502075, -11.7293338776, 22.6261501312, 14.9031667709, 2.7294960022, 13.5726957321, -14.1471252441], [-40.8661270142, -34.1310386658, 1.88043105602, 27.7649173737, -10.2275190353, -7.33586502075, 83.138130188, 24.1220779419, -19.714050293, -8.5507478714, 6.942299366, -0.0658038258553, -3.87356758118], [-25.8188114166, -15.1603708267, 11.6974306107, 23.6234722137, 18.6237392426, -11.7293338776, 24.1220779419, 56.209564209, 12.5098981857, 0.0819876715541, 4.49382543564, 4.43591403961, 10.1406126022], [35.549987793, 52.3594169617, 14.7966146469, 2.36429810524, -3.72920107841, 22.6261501312, -19.714050293, 12.5098981857, 66.4213485718, 14.7719116211, -15.7724323273, 10.8854789734, 12.9086866379], [5.33001947403, 10.360751152, 13.6205415726, 5.30487346649, 10.4075145721, 14.9031667709, -8.5507478714, 0.0819876715541, 14.7719116211, 55.816204071, 7.73942184448, -11.605304718, 13.8718624115], [14.9408893585, 2.7896194458, -14.1617555618, -14.0113172531, 3.9931499958, 2.7294960022, 6.942299366, 4.49382543564, -15.7724323273, 7.73942184448, 53.7096328735, 3.13868737221, -16.4122009277], [24.6881847382, 3.59928131104, -3.40632629395, -1.8327293396, 1.20956933498, 13.5726957321, -0.0658038258553, 4.43591403961, 10.8854789734, -11.605304718, 3.13868737221, 49.6933670044, 10.4694213867], [-52.4641189575, -45.459487915, 19.3690834045, 28.3654174805, 24.9965839386, -14.1471252441, -3.87356758118, 10.1406126022, 12.9086866379, 13.8718624115, -16.4122009277, 10.4694213867, 59.5027732849]],
