{
"lowlevel": {
    "average_loudness": 0.97674715519,
    "barkbands_crest": {
        "dmean": 3.24841380119,
        "dmean2": 5.52508163452,
        "dvar": 6.47673845291,
        "dvar2": 18.2183132172,
        "max": 19.677570343,
        "mean": 8.73756599426,
        "median": 8.09230613708,
        "min": 2.94987916946,
        "var": 11.0798492432
    },
    "barkbands_flatness_db": {
        "dmean": 0.0200770460069,
        "dmean2": 0.0346894972026,
        "dvar": 0.000241887843003,
        "dvar2": 0.00068402645411,
        "max": 0.24372240901,
        "mean": 0.166313901544,
        "median": 0.165201693773,
        "min": 0.0703393220901,
        "var": 0.000410591601394
    },
    "barkbands_kurtosis": {
        "dmean": 0.910474121571,
        "dmean2": 1.59779655933,
        "dvar": 1.00024998188,
        "dvar2": 2.74471974373,
        "max": 7.47761631012,
        "mean": -0.649908006191,
        "median": -1.0471175909,
        "min": -1.79623925686,
        "var": 1.36036503315
    },
    "barkbands_skewness": {
        "dmean": 0.547299146652,
        "dmean2": 0.923184931278,
        "dvar": 0.169200479984,
        "dvar2": 0.467855274677,
        "max": 2.19964957237,
        "mean": -0.24209870398,
        "median": -0.266604214907,
        "min": -2.4964697361,
        "var": 0.534700632095
    },
    "barkbands_spread": {
        "dmean": 8.23109436035,
        "dmean2": 14.5365839005,
        "dvar": 47.2887763977,
        "dvar2": 143.919006348,
        "max": 54.7613945007,
        "mean": 30.2819595337,
        "median": 31.0167541504,
        "min": 8.39268875122,
        "var": 71.3057403564
    },
    "dissonance": {
        "dmean": 0.0136044770479,
        "dmean2": 0.0235113240778,
        "dvar": 0.000149132436491,
        "dvar2": 0.000434619869338,
        "max": 0.499847590923,
        "mean": 0.48343783617,
        "median": 0.486716985703,
        "min": 0.407631456852,
        "var": 0.000171176041476
    },
    "dynamic_complexity": 0.825332462788,
    "erbbands_crest": {
        "dmean": 3.16635394096,
        "dmean2": 5.52964401245,
        "dvar": 5.69552659988,
        "dvar2": 16.81183815,
        "max": 22.8320293427,
        "mean": 9.64737987518,
        "median": 9.03123760223,
        "min": 4.22006130219,
        "var": 9.93773555756
    },
    "erbbands_flatness_db": {
        "dmean": 0.0216063987464,
        "dmean2": 0.037578035146,
        "dvar": 0.000271381111816,
        "dvar2": 0.00083965016529,
        "max": 0.334804236889,
        "mean": 0.257661819458,
        "median": 0.256330311298,
        "min": 0.161157980561,
        "var": 0.00060763489455
    },
    "erbbands_kurtosis": {
        "dmean": 1.4764598608,
        "dmean2": 2.57325410843,
        "dvar": 1.89597201347,
        "dvar2": 5.56541204453,
        "max": 13.0273685455,
        "mean": 1.7249610424,
        "median": 1.42101550102,
        "min": -1.28943324089,
        "var": 2.67711830139
    },
    "erbbands_skewness": {
        "dmean": 0.415366142988,
        "dmean2": 0.748617768288,
        "dvar": 0.108731754124,
        "dvar2": 0.339682757854,
        "max": 0.102496892214,
        "mean": -0.895682156086,
        "median": -0.851189732552,
        "min": -2.40831923485,
        "var": 0.154418081045
    },
    "erbbands_spread": {
        "dmean": 4.55000019073,
        "dmean2": 7.88847589493,
        "dvar": 12.9833755493,
        "dvar2": 38.1993217468,
        "max": 48.7474441528,
        "mean": 15.9450836182,
        "median": 15.188703537,
        "min": 4.5929813385,
        "var": 33.2712287903
    },
    "hfc": {
        "dmean": 12.9856939316,
        "dmean2": 21.7128067017,
        "dvar": 110.349449158,
        "dvar2": 295.104248047,
        "max": 111.392799377,
        "mean": 32.6733131409,
        "median": 29.7454814911,
        "min": 5.46176052094,
        "var": 240.42906189
    },
    "melbands_crest": {
        "dmean": 3.79408335686,
        "dmean2": 6.25498962402,
        "dvar": 8.54811859131,
        "dvar2": 22.6243190765,
        "max": 30.5716781616,
        "mean": 11.6320123672,
        "median": 10.8601970673,
        "min": 3.50548601151,
        "var": 19.7873649597
    },
    "melbands_flatness_db": {
        "dmean": 0.024596856907,
        "dmean2": 0.0404938235879,
        "dvar": 0.000362883263733,
        "dvar2": 0.00089425011538,
        "max": 0.313028812408,
        "mean": 0.206058427691,
        "median": 0.20403367281,
        "min": 0.115737877786,
        "var": 0.000961073848885
    },
    "melbands_kurtosis": {
        "dmean": 1.58772850037,
        "dmean2": 2.74786567688,
        "dvar": 4.34107780457,
        "dvar2": 11.7845106125,
        "max": 20.1569042206,
        "mean": 0.174243614078,
        "median": -0.736954331398,
        "min": -1.69099342823,
        "var": 6.06787729263
    },
    "melbands_skewness": {
        "dmean": 0.7240909338,
        "dmean2": 1.22797381878,
        "dvar": 0.315288484097,
        "dvar2": 0.914532780647,
        "max": 4.39621400833,
        "mean": 0.772008657455,
        "median": 0.666372060776,
        "min": -1.47391223907,
        "var": 0.854329764843
    },
    "melbands_spread": {
        "dmean": 12.0091314316,
        "dmean2": 20.5972442627,
        "dvar": 86.0341567993,
        "dvar2": 238.403015137,
        "max": 95.0161895752,
        "mean": 51.5041160583,
        "median": 52.5215301514,
        "min": 13.6862001419,
        "var": 179.336227417
    },
    "pitch_salience": {
        "dmean": 0.0742397159338,
        "dmean2": 0.120302312076,
        "dvar": 0.00320531474426,
        "dvar2": 0.00829093251377,
        "max": 0.767498373985,
        "mean": 0.537664413452,
        "median": 0.540068507195,
        "min": 0.300869762897,
        "var": 0.00682965107262
    },
    "silence_rate_20dB": {
        "dmean": 0,
        "dmean2": 0,
        "dvar": 0,
        "dvar2": 0,
        "max": 1,
        "mean": 1,
        "median": 1,
        "min": 1,
        "var": 0
    },
    "silence_rate_30dB": {
        "dmean": 0,
        "dmean2": 0,
        "dvar": 0,
        "dvar2": 0,
        "max": 1,
        "mean": 1,
        "median": 1,
        "min": 1,
        "var": 0
    },
    "silence_rate_60dB": {
        "dmean": 0,
        "dmean2": 0,
        "dvar": 0,
        "dvar2": 0,
        "max": 0,
        "mean": 0,
        "median": 0,
        "min": 0,
        "var": 0
    },
    "spectral_centroid": {
        "dmean": 292.497039795,
        "dmean2": 525.082519531,
        "dvar": 45294.625,
        "dvar2": 135278.0625,
        "max": 3015.45141602,
        "mean": 2103.20849609,
        "median": 2091.07446289,
        "min": 1291.84667969,
        "var": 79539.9609375
    },
    "spectral_complexity": {
        "dmean": 3.64787101746,
        "dmean2": 5.82834100723,
        "dvar": 9.01065826416,
        "dvar2": 23.4210281372,
        "max": 51,
        "mean": 29.6954021454,
        "median": 29,
        "min": 16,
        "var": 26.3037643433
    },
    "spectral_decrease": {
        "dmean": 2.12765538521e-09,
        "dmean2": 3.7615848214e-09,
        "dvar": 2.34533910518e-18,
        "dvar2": 6.58065686986e-18,
        "max": -1.75964542937e-09,
        "mean": -6.22774942727e-09,
        "median": -6.14966477741e-09,
        "min": -1.31902098133e-08,
        "var": 3.91969583503e-18
    },
    "spectral_energy": {
        "dmean": 0.00896969996393,
        "dmean2": 0.0158211924136,
        "dvar": 4.24157260568e-05,
        "dvar2": 0.00011843174434,
        "max": 0.0535891726613,
        "mean": 0.0264684706926,
        "median": 0.0258711874485,
        "min": 0.00784996338189,
        "var": 7.11978427717e-05
    },
    "spectral_energyband_high": {
        "dmean": 7.77445384301e-05,
        "dmean2": 0.000125411126646,
        "dvar": 3.90036341003e-08,
        "dvar2": 1.00788071222e-07,
        "max": 0.00301898107864,
        "mean": 0.000148048682604,
        "median": 9.89891996142e-05,
        "min": 1.62102969625e-05,
        "var": 5.08221624784e-08
    },
    "spectral_energyband_low": {
        "dmean": 0.00421737320721,
        "dmean2": 0.00700341863558,
        "dvar": 1.55415582412e-05,
        "dvar2": 4.23164165113e-05,
        "max": 0.0339894965291,
        "mean": 0.00731623684987,
        "median": 0.0057026813738,
        "min": 0.000468854326755,
        "var": 3.1707524613e-05
    },
    "spectral_energyband_middle_high": {
        "dmean": 0.00690368609503,
        "dmean2": 0.0119964936748,
        "dvar": 3.08513226628e-05,
        "dvar2": 8.87875721673e-05,
        "max": 0.0451824180782,
        "mean": 0.0149338841438,
        "median": 0.0137427151203,
        "min": 0.00214184052311,
        "var": 5.59634718229e-05
    },
    "spectral_energyband_middle_low": {
        "dmean": 0.00202312576585,
        "dmean2": 0.00351967662573,
        "dvar": 2.97402993965e-06,
        "dvar2": 7.60562488722e-06,
        "max": 0.0210498552769,
        "mean": 0.00459072599187,
        "median": 0.00397592131048,
        "min": 0.000912008981686,
        "var": 6.37569428363e-06
    },
    "spectral_entropy": {
        "dmean": 0.0897167548537,
        "dmean2": 0.155103415251,
        "dvar": 0.00601902557537,
        "dvar2": 0.015254211612,
        "max": 8.35319805145,
        "mean": 7.40658378601,
        "median": 7.40943861008,
        "min": 6.90091514587,
        "var": 0.00990049540997
    },
    "spectral_flux": {
        "dmean": 0.0186638627201,
        "dmean2": 0.0301295164973,
        "dvar": 0.000219301582547,
        "dvar2": 0.000552614917979,
        "max": 0.171909630299,
        "mean": 0.102675266564,
        "median": 0.101010620594,
        "min": 0.0530709512532,
        "var": 0.000408838910516
    },
    "spectral_kurtosis": {
        "dmean": 4.63855028152,
        "dmean2": 8.35874938965,
        "dvar": 14.3433141708,
        "dvar2": 47.2804908752,
        "max": 26.5525608063,
        "mean": 8.31105995178,
        "median": 7.28141307831,
        "min": 0.644986391068,
        "var": 19.0987052917
    },
    "spectral_rms": {
        "dmean": 0.000880385283381,
        "dmean2": 0.00154636090156,
        "dvar": 4.14054937892e-07,
        "dvar2": 1.19195624393e-06,
        "max": 0.00723063759506,
        "mean": 0.00501493085176,
        "median": 0.00502396095544,
        "min": 0.00276739965193,
        "var": 6.73346562508e-07
    },
    "spectral_rolloff": {
        "dmean": 445.233917236,
        "dmean2": 796.257629395,
        "dvar": 147446.546875,
        "dvar2": 413508.875,
        "max": 3596.04492188,
        "mean": 2240.81396484,
        "median": 2260.98632812,
        "min": 366.064453125,
        "var": 217520.40625
    },
    "spectral_skewness": {
        "dmean": 0.42787027359,
        "dmean2": 0.775522947311,
        "dvar": 0.110765509307,
        "dvar2": 0.361014455557,
        "max": 2.87342047691,
        "mean": 1.16035187244,
        "median": 1.10756182671,
        "min": 0.254836440086,
        "var": 0.159694388509
    },
    "spectral_spread": {
        "dmean": 181579.359375,
        "dmean2": 296713.46875,
        "dvar": 210140299264,
        "dvar2": 238935474176,
        "max": 14996622,
        "mean": 1831647.375,
        "median": 1810376.25,
        "min": 1205816.875,
        "var": 236457492480
    },
    "spectral_strongpeak": {
        "dmean": 1.85678970814,
        "dmean2": 3.31254839897,
        "dvar": 3.73537659645,
        "dvar2": 10.0379362106,
        "max": 14.5192041397,
        "mean": 1.91998910904,
        "median": 0.35687071085,
        "min": 0,
        "var": 5.45846033096
    },
    "zerocrossingrate": {
        "dmean": 0.00613582413644,
        "dmean2": 0.00825409032404,
        "dvar": 3.05942558043e-05,
        "dvar2": 4.32974047726e-05,
        "max": 0.11376953125,
        "mean": 0.067138671875,
        "median": 0.0673828125,
        "min": 0.02294921875,
        "var": 0.000183830459719
    },
    "barkbands": {
        "dmean": [3.92534784623e-05, 0.00388937303796, 0.000905316555873, 0.000519924389664, 0.000700973207131, 0.000177150111995, 0.000195229702513, 9.9440178019e-05, 0.00147470680531, 0.000427148421295, 0.000247809133725, 0.00142290384974, 0.000132889428642, 0.00464311707765, 0.000886534806341, 0.00108199438546, 0.00114247004967, 0.000657630211208, 0.000709930318408, 0.000146925754962, 3.54915719072e-05, 7.34478908271e-06, 6.50459355711e-07, 8.18431203697e-07, 2.34660447518e-07, 1.03592732614e-07, 1.49950789563e-08],
        "dmean2": [6.3222971221e-05, 0.0064712241292, 0.00158225419, 0.000848640920594, 0.00123135116883, 0.000298012600979, 0.000331377377734, 0.000172373547684, 0.00270069460385, 0.000760966911912, 0.00041507332935, 0.00257943733595, 0.000223543625907, 0.00853436160833, 0.00147909589577, 0.00181774608791, 0.00191370490938, 0.00111020705663, 0.00121091131587, 0.000248522614129, 5.9073074226e-05, 1.21258553918e-05, 1.15878947327e-06, 1.32834315991e-06, 3.79914155246e-07, 1.63443118595e-07, 2.10945483303e-08],
        "dvar": [2.39022424076e-09, 1.44453078974e-05, 1.13215378406e-06, 7.84146209298e-07, 9.24371875044e-07, 8.89935094506e-08, 1.2119164694e-07, 3.25901936549e-08, 1.55881457431e-06, 1.79020631208e-07, 1.68391949273e-07, 1.83381598617e-06, 3.97803816554e-08, 1.9925111701e-05, 2.03617150873e-06, 2.36202481574e-06, 2.39770838562e-06, 5.95713970597e-07, 1.15882039609e-06, 6.85409347057e-08, 7.99034793886e-09, 8.39755931459e-10, 6.5466268474e-13, 6.23494311736e-12, 4.06641327598e-13, 2.00138584633e-13, 3.08756587463e-14],
        "dvar2": [5.25818499852e-09, 3.81188401661e-05, 3.03694764625e-06, 1.4787199234e-06, 2.41992734118e-06, 2.35890425415e-07, 3.39410291872e-07, 7.49982405068e-08, 4.80714197693e-06, 4.76200540334e-07, 3.91064787664e-07, 5.24867618878e-06, 1.01233446514e-07, 6.27814442851e-05, 4.96536677019e-06, 6.73704198562e-06, 6.27181589152e-06, 1.60920512826e-06, 2.92863728646e-06, 1.79008964096e-07, 2.00513490256e-08, 2.28624830179e-09, 1.69675189697e-12, 1.48863161381e-11, 9.76116648448e-13, 4.6534900499e-13, 3.12030505329e-14],
        "max": [0.000558279745746, 0.0327309519053, 0.0106132663786, 0.0199608299881, 0.0115189570934, 0.00281359208748, 0.00479914341122, 0.00389043334872, 0.00770808849484, 0.00409055687487, 0.00603293301538, 0.0120260147378, 0.0033805090934, 0.0359384007752, 0.0187314525247, 0.0179714094847, 0.0202247034758, 0.00719191040844, 0.0134131452069, 0.00391253363341, 0.00118920882232, 0.000585344387218, 1.25963961182e-05, 4.34450776083e-05, 1.34972160595e-05, 9.61627119977e-06, 5.21662059327e-06],
        "mean": [5.39447537449e-05, 0.00570932077244, 0.00110399187542, 0.000718153547496, 0.000934945710469, 0.000223822440603, 0.000247703428613, 0.000137186594657, 0.00216267374344, 0.000551338132937, 0.000326034933096, 0.00170501903631, 0.000179296679562, 0.00510836532339, 0.00128996663261, 0.00171188428067, 0.00189781177323, 0.00107689911965, 0.00103401509114, 0.000213975028601, 6.6513690399e-05, 1.18081461551e-05, 1.18673449379e-06, 1.86235740784e-06, 5.68509847199e-07, 1.70018637391e-07, 5.24209333719e-08],
        "median": [3.16286023008e-05, 0.004057535436, 0.000710384105332, 0.000276861275779, 0.000635919626802, 0.000101950274257, 0.000130405998789, 8.02225404186e-05, 0.00184368959162, 0.000395143462811, 0.000172742365976, 0.00128981657326, 0.0001210745977, 0.00365117867477, 0.000729868246708, 0.00109791697469, 0.00138219562359, 0.000808416749351, 0.000717386836186, 0.000144684599945, 4.1750499804e-05, 7.25307563698e-06, 9.77604031505e-07, 1.47475532231e-06, 4.46234025731e-07, 1.15631621611e-07, 4.57312125945e-08],
        "min": [1.24793572809e-07, 0.000128751154989, 1.65551464306e-05, 3.93396749132e-06, 3.87018553738e-05, 3.91466301153e-06, 2.63678543888e-06, 4.46805915999e-06, 0.000142564327689, 3.61926358892e-05, 1.28158362713e-05, 9.58153759711e-05, 7.26188864064e-06, 0.000145335623529, 9.5307972515e-05, 0.000149736239109, 0.000216582819121, 0.000133303168695, 9.66772786342e-05, 2.09648405871e-05, 7.47332296669e-06, 1.53983216933e-06, 1.67035750565e-07, 2.84775751425e-07, 8.31513489175e-08, 2.33211050471e-08, 1.10119726671e-08],
        "var": [4.99913399565e-09, 2.59611697402e-05, 1.53182384111e-06, 2.00772092285e-06, 1.1395935644e-06, 1.14423883701e-07, 1.48560857838e-07, 6.08564789673e-08, 1.9048275135e-06, 2.3308645325e-07, 2.58565393096e-07, 2.06997788155e-06, 5.0409795449e-08, 2.08222772926e-05, 3.45345392816e-06, 3.57895282832e-06, 3.21329594044e-06, 7.69421092173e-07, 1.34637548399e-06, 7.50116626591e-08, 1.18298997265e-08, 8.24327328619e-10, 8.83780407798e-13, 7.30409656369e-12, 4.3886137671e-13, 1.95009291918e-13, 3.10893854877e-14]
    },
    "erbbands": {
        "dmean": [0.104274086654, 0.937811613083, 1.18272018433, 1.36502277851, 1.75245368481, 3.22052931786, 1.19511497021, 1.77318251133, 1.25993812084, 4.05497026443, 4.59201145172, 40.0029220581, 17.8717556, 11.2507724762, 17.7554073334, 61.7272987366, 8.11614608765, 97.6129150391, 177.766052246, 37.9531440735, 59.1864509583, 54.8382263184, 31.8943214417, 54.4510574341, 19.4165306091, 6.93614768982, 1.50998950005, 1.22070407867, 0.319513320923, 0.0684059411287, 0.019025079906, 0.0210970398039, 0.0103041501716, 0.00458456203341, 0.00065029214602, 0.000532431469765, 0.000184773118235, 1.24247562781e-05, 6.36948880128e-06, 1.11873096102e-05],
        "dmean2": [0.167986318469, 1.57244849205, 2.07792782784, 2.24563217163, 3.04062008858, 5.68212080002, 2.0846118927, 2.95603561401, 2.10348296165, 6.87269306183, 8.32506752014, 72.9803848267, 32.9097709656, 19.3852710724, 30.2108402252, 112.200653076, 14.4736661911, 177.891891479, 323.077728271, 63.1398391724, 96.768661499, 91.8344345093, 52.0998878479, 93.0719451904, 32.6792640686, 11.5971698761, 2.42553091049, 2.03929877281, 0.514398932457, 0.115574650466, 0.0329397395253, 0.0342012532055, 0.0167462192476, 0.00753364386037, 0.00102732027881, 0.000846815120894, 0.000302228378132, 1.79346116056e-05, 1.02338390207e-05, 1.94529493456e-05],
        "dvar": [0.0105668324977, 0.830172717571, 1.59709084034, 4.48992729187, 6.55349588394, 15.6190919876, 3.62729811668, 9.44665908813, 4.73020505905, 47.1383895874, 25.5649681091, 1227.76794434, 255.269073486, 149.863265991, 370.430450439, 3473.10961914, 47.1364440918, 8229.19042969, 25836.5195312, 2536.86987305, 7109.40966797, 4589.77587891, 1334.50476074, 5199.96484375, 1273.91235352, 169.732299805, 15.8439807892, 9.45935440063, 1.23510849476, 0.127020686865, 0.00107228849083, 0.00382237555459, 0.000901351275388, 0.000150605526869, 4.64908725917e-06, 5.84571898798e-06, 5.33845309292e-07, 1.35669546708e-08, 6.39849784267e-10, 6.95369109516e-11],
        "dvar2": [0.0267518535256, 2.2407617569, 4.38429641724, 9.08947658539, 17.6855297089, 40.3403396606, 10.2994155884, 24.7815361023, 12.7825260162, 127.63331604, 65.0659713745, 3763.50195312, 734.405029297, 380.485137939, 865.684448242, 10051.1308594, 127.248100281, 26306.171875, 77272.6953125, 6827.14501953, 20391.3359375, 11828.4335938, 3426.15234375, 13893.0449219, 3242.67016602, 439.980529785, 40.1429748535, 23.8419075012, 3.24894237518, 0.368693113327, 0.00281715835445, 0.0094571551308, 0.00210786936805, 0.000358877674444, 9.50855337578e-06, 1.34637894007e-05, 1.27638736558e-06, 1.58003565787e-08, 6.64636512493e-10, 1.87439147536e-10],
        "max": [0.953527390957, 7.78246450424, 10.5321569443, 43.204284668, 23.2915058136, 43.947429657, 20.5645599365, 32.5509605408, 30.1638431549, 95.3552627563, 88.8079452515, 229.584793091, 138.839279175, 126.14276123, 311.228637695, 533.129943848, 82.8426361084, 742.077697754, 1166.89428711, 585.513244629, 974.179016113, 669.525146484, 404.533538818, 869.628601074, 510.305603027, 211.271240234, 65.2823638916, 37.9466285706, 22.06590271, 7.80920028687, 0.638584911823, 1.13139951229, 0.503332614899, 0.256194621325, 0.0400593914092, 0.0528738610446, 0.0151185616851, 0.00326936226338, 0.000755188520998, 8.22569709271e-05],
        "mean": [0.150446385145, 1.31935989857, 1.59231758118, 2.03525161743, 2.30634522438, 4.03772687912, 1.74615645409, 2.13289284706, 1.79945290089, 5.2130613327, 6.7530374527, 57.6163330078, 24.9075031281, 16.1697940826, 26.7116508484, 71.2201919556, 13.0755815506, 118.436096191, 219.850616455, 63.9117698669, 104.326156616, 95.907043457, 58.3996734619, 79.7591018677, 30.165063858, 10.7907867432, 3.0278608799, 2.21910023689, 0.546967506409, 0.111211270094, 0.0376367941499, 0.0446489229798, 0.0242392793298, 0.011087029241, 0.00164899253286, 0.00106069992762, 0.000248405121965, 2.52779009315e-05, 2.22355938604e-05, 3.42129533237e-05],
        "median": [0.100849017501, 0.950750350952, 1.14457714558, 1.02418756485, 1.32382929325, 2.7095208168, 1.03770017624, 0.942933797836, 0.984623610973, 2.67049360275, 5.41428565979, 49.0636444092, 20.3822383881, 11.3228302002, 19.0596084595, 53.3291244507, 10.9033164978, 90.8810653687, 164.98526001, 44.9525985718, 65.8585357666, 72.2717437744, 45.4198760986, 57.7528953552, 20.5646209717, 7.34220075607, 2.04458141327, 1.31962585449, 0.345053464174, 0.0759604126215, 0.0302529297769, 0.0348106957972, 0.0193205960095, 0.00851964764297, 0.00132106221281, 0.000757665839046, 0.000158245922648, 1.78722184501e-05, 2.08994024433e-05, 3.36916637025e-05],
        "min": [0.00202426919714, 0.038063377142, 0.0322579778731, 0.0457253344357, 0.107343912125, 0.167548134923, 0.0452724024653, 0.0383124500513, 0.0450159534812, 0.0621859170496, 0.524432897568, 3.31037521362, 1.83044302464, 1.65943443775, 2.35223031044, 4.19629907608, 1.33077859879, 4.81390666962, 6.80025529861, 5.74010276794, 7.16432189941, 11.5700464249, 8.75012397766, 6.7646112442, 3.59799408913, 0.957236111164, 0.317900776863, 0.223114565015, 0.0861512795091, 0.0120301572606, 0.0050626504235, 0.00720600318164, 0.00394806265831, 0.00156407605391, 0.000237093481701, 0.000171035411768, 2.26523807214e-05, 4.47393813374e-06, 7.3423102549e-06, 1.11301687866e-05],
        "var": [0.0214430056512, 1.39677917957, 2.24398231506, 10.7052259445, 8.48671150208, 19.3812274933, 4.49292230606, 11.7264432907, 6.63107156754, 62.7459945679, 40.9768486023, 1469.98193359, 309.658325195, 221.384674072, 731.70916748, 3777.3996582, 75.7867889404, 9161.66308594, 33712.3789062, 3420.9296875, 12860.2128906, 6845.68408203, 1887.49133301, 5718.06689453, 1467.5144043, 187.231124878, 21.1469078064, 14.0725259781, 1.35724377632, 0.0911067724228, 0.00132635096088, 0.00445441016927, 0.00103009166196, 0.000168242302607, 4.98840608998e-06, 6.10116740063e-06, 4.67345330435e-07, 1.3425499823e-08, 6.54563847569e-10, 1.19059387349e-10]
    },
    "gfcc": {
        "mean": [-23.226732254, 142.857177734, -188.664199829, 41.0388641357, -7.53731632233, 5.18475484848, -12.8015775681, 14.3092746735, -12.1346626282, -8.51488685608, -9.39983558655, -17.9040679932, 1.01254892349],
        "cov": [[319.627868652, -33.9805755615, -45.5361747742, -3.87974119186, -55.3771972656, -39.8923912048, -10.8970584869, -24.8426933289, -19.3553943634, 7.8835568428, -12.2686376572, 32.1200904846, 6.97792005539], [-33.9805755615, 238.503921509, 113.945678711, -11.1128473282, 6.01178121567, -32.4382858276, 12.2408790588, -25.4477996826, 3.83669805527, 2.00323033333, 33.5579605103, 4.31012105942, 0.875099182129], [-45.5361747742, 113.945678711, 158.675170898, 61.1480293274, 3.07141709328, -11.3344573975, -1.98228740692, 0.602224767208, -12.875749588, 2.12612962723, 13.9714775085, 11.2774200439, -7.83834075928], [-3.87974119186, -11.1128473282, 61.1480293274, 121.093818665, 24.8948879242, -18.9526157379, 5.00065279007, 9.13300991058, -9.25996303558, -10.0582685471, 0.961177825928, 13.1528778076, 4.19854307175], [-55.3771972656, 6.01178121567, 3.07141709328, 24.8948879242, 92.9285202026, 48.1174468994, 29.5677661896, 11.8535804749, 14.3911266327, 3.67542028427, 5.66707372665, -13.6956768036, 3.4886329174], [-39.8923912048, -32.4382858276, -11.3344573975, -18.9526157379, 48.1174468994, 91.906867981, 40.4775543213, 16.9392375946, 14.2203817368, 14.1685800552, 3.47901320457, -19.5796108246, -2.83982682228], [-10.8970584869, 12.2408790588, -1.98228740692, 5.00065279007, 29.5677661896, 40.4775543213, 66.6534118652, 25.5939254761, 12.6407623291, 15.0980978012, 17.7525558472, -3.75236129761, -7.97149181366], [-24.8426933289, -25.4477996826, 0.602224767208, 9.13300991058, 11.8535804749, 16.9392375946, 25.5939254761, 51.0028915405, 19.6304512024, 4.57304954529, 9.9703130722, 1.56155872345, -2.22349047661], [-19.3553943634, 3.83669805527, -12.875749588, -9.25996303558, 14.3911266327, 14.2203817368, 12.6407623291, 19.6304512024, 48.3586616516, 22.6728191376, 9.99796104431, -0.801397800446, 4.95373058319], [7.8835568428, 2.00323033333, 2.12612962723, -10.0582685471, 3.67542028427, 14.1685800552, 15.0980978012, 4.57304954529, 22.6728191376, 49.7919883728, 25.2727947235, 5.04132795334, -1.32716166973], [-12.2686376572, 33.5579605103, 13.9714775085, 0.961177825928, 5.66707372665, 3.47901320457, 17.7525558472, 9.9703130722, 9.99796104431, 25.2727947235, 51.2724494934, 17.9514026642, 2.65933394432], [32.1200904846, 4.31012105942, 11.2774200439, 13.1528778076, -13.6956768036, -19.5796108246, -3.75236129761, 1.56155872345, -0.801397800446, 5.04132795334, 17.9514026642, 45.1805915833, 18.1131458282], [6.97792005539, 0.875099182129, -7.83834075928, 4.19854307175, 3.4886329174, -2.83982682228, -7.97149181366, -2.22349047661, 4.95373058319, -1.32716166973, 2.65933394432, 18.1131458282, 40.0240631104]],
        "icov": [[0.00470434594899, -0.00245883688331, 0.00437731714919, -0.00274388259277, 0.00280968495645, -0.00142202666029, 0.000424415135058, -0.000444497447461, 0.00333867757581, -0.004585722927, 0.00458802701905, -0.0049574454315, 0.0014661164023], [-0.00245883688331, 0.0336647108197, -0.0350096598268, 0.0260758288205, -0.0124854454771, 0.0295692235231, -0.0289031062275, 0.0284487716854, -0.0217946879566, 0.0236183088273, -0.0221952795982, 0.0164987687021, -0.0134001094848], [0.00437731714919, -0.0350096598268, 0.0457532331347, -0.0321660451591, 0.0144811030477, -0.0317256115377, 0.0312363505363, -0.0287469308823, 0.0249920673668, -0.0265172198415, 0.0215881112963, -0.0195446424186, 0.0168860405684], [-0.00274388259277, 0.0260758288205, -0.0321660451591, 0.0342734418809, -0.0166635029018, 0.0289789810777, -0.0245452169329, 0.0182253196836, -0.0141948480159, 0.0187886357307, -0.0142912110314, 0.010383175686, -0.0117235267535], [0.00280968495645, -0.0124854454771, 0.0144811030477, -0.0166635029018, 0.0252706538886, -0.0203692391515, 0.00745676411316, -0.00652289483696, 0.00324114575051, -0.00551076978445, 0.00517890276387, -0.002008237876, 0.00182282645255], [-0.00142202666029, 0.0295692235231, -0.0317256115377, 0.0289789810777, -0.0203692391515, 0.0493026562035, -0.0351310148835, 0.0216245185584, -0.0157642643899, 0.0147565826774, -0.0149238212034, 0.0194305852056, -0.0155350808054], [0.000424415135058, -0.0289031062275, 0.0312363505363, -0.0245452169329, 0.00745676411316, -0.0351310148835, 0.0535646565259, -0.0338400118053, 0.0197429973632, -0.0218429397792, 0.0116006564349, -0.0143618462607, 0.0174567941576], [-0.000444497447461, 0.0284487716854, -0.0287469308823, 0.0182253196836, -0.00652289483696, 0.0216245185584, -0.0338400118053, 0.0554609000683, -0.0322359912097, 0.0277256257832, -0.0216012075543, 0.010234573856, -0.00792936142534], [0.00333867757581, -0.0217946879566, 0.0249920673668, -0.0141948480159, 0.00324114575051, -0.0157642643899, 0.0197429973632, -0.0322359912097, 0.0509722605348, -0.0340052619576, 0.0185694340616, -0.00917807966471, 0.0025016835425], [-0.004585722927, 0.0236183088273, -0.0265172198415, 0.0187886357307, -0.00551076978445, 0.0147565826774, -0.0218429397792, 0.0277256257832, -0.0340052619576, 0.055837392807, -0.0329171568155, 0.0126073230058, -0.00562186446041], [0.00458802701905, -0.0221952795982, 0.0215881112963, -0.0142912110314, 0.00517890276387, -0.0149238212034, 0.0116006564349, -0.0216012075543, 0.0185694340616, -0.0329171568155, 0.0513049289584, -0.0259310677648, 0.00994910113513], [-0.0049574454315, 0.0164987687021, -0.0195446424186, 0.010383175686, -0.002008237876, 0.0194305852056, -0.0143618462607, 0.010234573856, -0.00917807966471, 0.0126073230058, -0.0259310677648, 0.0509302206337, -0.0249232556671], [0.0014661164023, -0.0134001094848, 0.0168860405684, -0.0117235267535, 0.00182282645255, -0.0155350808054, 0.0174567941576, -0.00792936142534, 0.0025016835425, -0.00562186446041, 0.00994910113513, -0.0249232556671, 0.0414563789964]]
    },
    "melbands": {
        "dmean": [0.00103809067514, 0.000794286374003, 0.000230038393056, 0.000185523575055, 5.6204127759e-05, 3.6321587686e-05, 2.62211360678e-05, 3.83193837479e-05, 5.92652068008e-05, 0.000261743465671, 8.49967036629e-05, 4.75823908346e-05, 4.13381822e-05, 0.00018389847537, 5.59749823879e-05, 1.90835889953e-05, 0.000248873984674, 0.000409744447097, 4.9251197197e-05, 6.61031735945e-05, 7.19194940757e-05, 5.65273076063e-05, 5.37570485903e-05, 2.97264359688e-05, 4.95826570841e-05, 1.82982566912e-05, 9.46603086049e-06, 3.63205595022e-06, 7.81558526342e-07, 1.2082050489e-06, 5.22949960668e-07, 1.94203224169e-07, 1.09060209752e-07, 1.79079773233e-08, 1.13887885789e-08, 1.12809042108e-08, 1.46831915515e-08, 8.84786999222e-09, 5.23979926115e-09, 3.70743102884e-09],
        "dmean2": [0.00170990882907, 0.00136666907929, 0.000381128978916, 0.000327781250235, 9.79052638286e-05, 6.07899710303e-05, 4.42737946287e-05, 6.46502230666e-05, 0.000109130196506, 0.000476217624964, 0.000156557900482, 8.2875136286e-05, 6.86729836161e-05, 0.000334001728334, 0.000101657125924, 3.19417595165e-05, 0.000455276342109, 0.000749153550714, 8.1309772213e-05, 0.000112873924081, 0.000119256757898, 9.47627049754e-05, 9.06375134946e-05, 5.08801313117e-05, 8.50056603667e-05, 3.08328926621e-05, 1.66752070072e-05, 6.09093649473e-06, 1.29610498334e-06, 2.03661625164e-06, 8.58069995502e-07, 3.21060980468e-07, 1.84753261578e-07, 3.16987893711e-08, 2.05085814997e-08, 1.88837763204e-08, 2.42757653979e-08, 1.43937324282e-08, 8.77102745989e-09, 6.10698336345e-09],
        "dvar": [1.06169602532e-06, 5.76969966914e-07, 1.145729982e-07, 6.0006748015e-08, 5.84051962349e-09, 3.88645204907e-09, 2.1664356975e-09, 4.20734025397e-09, 3.54583051809e-09, 5.18342986311e-08, 6.20944273777e-09, 2.74380873577e-09, 4.36889102673e-09, 3.26416191854e-08, 2.57277821269e-09, 8.77915073971e-10, 5.70482541207e-08, 1.39662674314e-07, 3.99498656378e-09, 8.89253293224e-09, 1.23226184812e-08, 6.15558937156e-09, 4.15028145184e-09, 1.35727573625e-09, 4.51066872742e-09, 1.27071930756e-09, 3.18835347013e-10, 6.40510561256e-11, 5.47807068804e-12, 7.85678987147e-12, 1.96086614827e-12, 3.41368047111e-13, 5.89552386944e-13, 4.41445275915e-16, 1.86975720373e-16, 1.1589487008e-15, 1.5121416404e-15, 5.49522894806e-16, 2.25082753288e-16, 9.43672987614e-17],
        "dvar2": [2.7390572086e-06, 1.61304296853e-06, 2.35986149733e-07, 1.58112285931e-07, 1.57030601855e-08, 1.01838582012e-08, 5.99453198191e-09, 1.12127365171e-08, 9.86999282304e-09, 1.6026788785e-07, 1.75341874353e-08, 6.98166058299e-09, 1.0028677444e-08, 9.19849298953e-08, 7.39938998962e-09, 2.2455455273e-09, 1.81886335326e-07, 4.29728061135e-07, 1.05563398023e-08, 2.40129711671e-08, 3.44824186982e-08, 1.59573261271e-08, 1.06509467912e-08, 3.61964747064e-09, 1.20971872519e-08, 3.3118243703e-09, 8.10335132329e-10, 1.77606207519e-10, 1.44983018646e-11, 2.0036529727e-11, 4.95826687e-12, 8.81251723071e-13, 1.7141847837e-12, 1.20388030464e-15, 4.99530480863e-16, 3.09089331651e-15, 3.64122015146e-15, 1.30967662557e-15, 4.97290608113e-16, 2.4384090671e-16],
        "max": [0.00948885455728, 0.00563403172418, 0.0067047085613, 0.00261265248992, 0.00101533497218, 0.00062909576809, 0.000654778734315, 0.0008827734855, 0.000672263558954, 0.00147029641084, 0.000676595896948, 0.000561975175515, 0.00111054535955, 0.0016181335086, 0.000404129212257, 0.000367484142771, 0.00198398740031, 0.00287783937529, 0.00058279215591, 0.00105791329406, 0.00139416870661, 0.00101765012369, 0.00072782591451, 0.000344719999703, 0.000826682080515, 0.000548674433958, 0.000334454904078, 0.000146912425407, 4.00578610424e-05, 3.31595547323e-05, 1.77728070412e-05, 9.25686617848e-06, 1.66548707057e-05, 3.20160097544e-07, 1.7859851198e-07, 7.2660452588e-07, 6.02695592988e-07, 3.44825878074e-07, 2.87271149091e-07, 2.05693694966e-07],
        "mean": [0.00153369968757, 0.00118289655074, 0.000347249238985, 0.00024051075161, 8.40722204885e-05, 4.3976255256e-05, 3.56036362064e-05, 5.00211099279e-05, 6.73132744851e-05, 0.000379146513296, 0.000112371453724, 6.43016901449e-05, 5.84539666306e-05, 0.000219135719817, 6.49133435218e-05, 2.60443339357e-05, 0.000287086411845, 0.000479101552628, 7.45538127376e-05, 9.86766535789e-05, 0.000125194594148, 9.51908077695e-05, 8.2265913079e-05, 4.76359346067e-05, 6.96597271599e-05, 2.72062206932e-05, 1.33607636599e-05, 5.44774229638e-06, 1.4313545762e-06, 2.12187092075e-06, 9.01417138266e-07, 3.13383850425e-07, 1.44249526102e-07, 2.80470420222e-08, 1.92502476182e-08, 2.31579662113e-08, 2.90797661506e-08, 1.87177864319e-08, 1.20144543203e-08, 8.12665845729e-09],
        "median": [0.00106250098906, 0.000893393240403, 0.000181971263373, 0.000168367434526, 5.67361530557e-05, 1.97243025468e-05, 1.89964230231e-05, 2.64252521447e-05, 4.9639493227e-05, 0.00032189587364, 9.09848604351e-05, 4.42713535449e-05, 3.35514632752e-05, 0.00016412709374, 4.81358583784e-05, 1.74744727701e-05, 0.000206513563171, 0.00035275760456, 4.793026892e-05, 6.30614449619e-05, 7.8574710642e-05, 6.6932028858e-05, 6.22386287432e-05, 3.58378601959e-05, 5.01125614392e-05, 1.82602343557e-05, 8.98439429875e-06, 3.57030216946e-06, 9.43747863857e-07, 1.32083414428e-06, 5.34245941708e-07, 1.99461382522e-07, 7.94604773091e-08, 2.2131748878e-08, 1.56072132995e-08, 1.72872240967e-08, 2.28058318896e-08, 1.48715173509e-08, 9.5066203798e-09, 6.21427886927e-09],
        "min": [3.11118892569e-05, 4.59300426883e-05, 8.67597827892e-06, 9.8987511592e-06, 3.48743856193e-06, 6.74603654716e-07, 5.51250877834e-07, 2.79854532437e-07, 2.26208339882e-06, 1.96405908355e-05, 6.89082344252e-06, 5.21946913068e-06, 2.13485895983e-06, 1.33212333822e-05, 4.58090153188e-06, 1.46819354541e-06, 1.04076470961e-05, 9.92715195025e-06, 5.65050913792e-06, 9.0045896286e-06, 5.18449678566e-06, 1.03622514871e-05, 9.20989987208e-06, 4.85851023768e-06, 5.20947423865e-06, 2.7964047149e-06, 1.27828388941e-06, 3.90200256106e-07, 1.75705409333e-07, 2.08292405546e-07, 1.03870917201e-07, 4.11999216965e-08, 1.15229044084e-08, 2.202050986e-09, 2.02521688308e-09, 3.29447380487e-09, 4.32351798807e-09, 3.22165427669e-09, 1.47804168904e-09, 1.18287535322e-09],
        "var": [1.99778105525e-06, 9.12934524422e-07, 2.68272003723e-07, 7.30760376655e-08, 7.96142707316e-09, 4.88842433199e-09, 2.81495693422e-09, 5.83766635032e-09, 4.19871959423e-09, 6.29781311545e-08, 7.27756122032e-09, 3.78616737962e-09, 7.48682982277e-09, 3.62292880141e-08, 2.89501622674e-09, 1.03673802876e-09, 6.20117646122e-08, 1.64680528769e-07, 6.35281427463e-09, 1.18215899292e-08, 2.00137009188e-08, 8.84719231209e-09, 4.89020779426e-09, 1.66817493152e-09, 4.76689709927e-09, 1.40674860649e-09, 3.18523263321e-10, 5.90257287492e-11, 6.19591010442e-12, 1.15122798447e-11, 2.64306415296e-12, 3.93043047111e-13, 3.89445366147e-13, 6.01861166496e-16, 2.28431974501e-16, 1.24338369783e-15, 1.7811372816e-15, 6.20810511136e-16, 2.58166272021e-16, 9.29563734819e-17]
    },
    "mfcc": {
        "mean": [-645.054931641, 161.432952881, -85.2797164917, 42.1601219177, 18.9221305847, 4.37226963043, 17.6136894226, 11.6264982224, 14.2823410034, 11.090388298, 5.8183054924, -2.17896842957, -13.2442140579],
        "cov": [[372.260406494, -65.2853546143, -54.1922683716, -2.10696220398, -68.2951507568, -24.9858913422, -33.2219848633, -27.7384243011, 2.91868185997, -39.5407218933, -37.7722740173, 4.38822221756, 16.6556987762], [-65.2853546143, 251.507400513, 72.5033111572, -4.11402654648, -10.9261665344, 0.0706797763705, 6.74959468842, -19.0023708344, -18.0969600677, -11.4881868362, 10.3432312012, 32.3194236755, 8.85030078888], [-54.1922683716, 72.5033111572, 143.126174927, 53.0262374878, 2.15634512901, -7.72746086121, 1.14890611172, -5.5754275322, -21.0918178558, -17.5105743408, -2.73633813858, 13.103468895, 9.31391334534], [-2.10696220398, -4.11402654648, 53.0262374878, 127.246551514, 22.4787960052, -9.17755699158, 1.32228684425, 5.28925561905, -9.41210460663, -15.7156486511, -19.0780944824, 1.16675698757, 15.5260887146], [-68.2951507568, -10.9261665344, 2.15634512901, 22.4787960052, 71.4139709473, 22.7983646393, 11.3986768723, 13.8483228683, 10.5267181396, 13.8519859314, 3.13137507439, -15.8584508896, -3.58250880241], [-24.9858913422, 0.0706797763705, -7.72746086121, -9.17755699158, 22.7983646393, 65.4034957886, 31.7628059387, 5.66363048553, 11.5716409683, 20.8702526093, 13.1883840561, -1.67385220528, -1.31637954712], [-33.2219848633, 6.74959468842, 1.14890611172, 1.32228684425, 11.3986768723, 31.7628059387, 71.1513900757, 23.9099063873, -0.925645112991, 21.1643218994, 22.3076705933, 3.21356654167, -2.25578856468], [-27.7384243011, -19.0023708344, -5.5754275322, 5.28925561905, 13.8483228683, 5.66363048553, 23.9099063873, 52.3019714355, 12.5667142868, 10.1179561615, 9.14269256592, -1.97465801239, 2.09169244766], [2.91868185997, -18.0969600677, -21.0918178558, -9.41210460663, 10.5267181396, 11.5716409683, -0.925645112991, 12.5667142868, 47.3003082275, 15.2151508331, -2.78161430359, 0.121148698032, 0.18160559237], [-39.5407218933, -11.4881868362, -17.5105743408, -15.7156486511, 13.8519859314, 20.8702526093, 21.1643218994, 10.1179561615, 15.2151508331, 57.1273727417, 31.8415985107, 0.275791019201, -0.543262183666], [-37.7722740173, 10.3432312012, -2.73633813858, -19.0780944824, 3.13137507439, 13.1883840561, 22.3076705933, 9.14269256592, -2.78161430359, 31.8415985107, 60.2545051575, 13.4992933273, -7.98570632935], [4.38822221756, 32.3194236755, 13.103468895, 1.16675698757, -15.8584508896, -1.67385220528, 3.21356654167, -1.97465801239, 0.121148698032, 0.275791019201, 13.4992933273, 46.9813461304, 18.5663204193], [16.6556987762, 8.85030078888, 9.31391334534, 15.5260887146, -3.58250880241, -1.31637954712, -2.25578856468, 2.09169244766, 0.18160559237, -0.543262183666, -7.98570632935, 18.5663204193, 51.2439308167]],
