{
"lowlevel": {
    "average_loudness": 0.987538993359,
    "barkbands_crest": {
        "dmean": 1.96143066883,
        "dmean2": 3.26451277733,
        "dvar": 4.01223611832,
        "dvar2": 8.79590034485,
        "max": 23.2279014587,
        "mean": 7.22427892685,
        "median": 5.51025342941,
        "min": 3.36561965942,
        "var": 21.0311813354
    },
    "barkbands_flatness_db": {
        "dmean": 0.012843654491,
        "dmean2": 0.020582113415,
        "dvar": 0.000159044153406,
        "dvar2": 0.000326420617057,
        "max": 0.251572221518,
        "mean": 0.147580176592,
        "median": 0.138504907489,
        "min": 0.107277356088,
        "var": 0.000691302702762
    },
    "barkbands_kurtosis": {
        "dmean": 1.68310010433,
        "dmean2": 2.72212791443,
        "dvar": 16.09400177,
        "dvar2": 41.2090835571,
        "max": 38.4268188477,
        "mean": 0.577116429806,
        "median": -0.88152050972,
        "min": -1.85216116905,
        "var": 24.3926563263
    },
    "barkbands_skewness": {
        "dmean": 0.450531870127,
        "dmean2": 0.673124611378,
        "dvar": 0.178790554404,
        "dvar2": 0.367324560881,
        "max": 0.977495312691,
        "mean": -0.867707490921,
        "median": -0.75152438879,
        "min": -5.02209854126,
        "var": 0.941015005112
    },
    "barkbands_spread": {
        "dmean": 6.81061792374,
        "dmean2": 11.7465209961,
        "dvar": 29.4287376404,
        "dvar2": 81.7165756226,
        "max": 55.4128112793,
        "mean": 34.1598815918,
        "median": 35.5983047485,
        "min": 3.54259467125,
        "var": 115.83807373
    },
    "dissonance": {
        "dmean": 0.00417875312269,
        "dmean2": 0.006482725963,
        "dvar": 4.39971190644e-05,
        "dvar2": 6.64562758175e-05,
        "max": 0.499491393566,
        "mean": 0.492376476526,
        "median": 0.493934929371,
        "min": 0.422486662865,
        "var": 5.29720418854e-05
    },
    "dynamic_complexity": 0.643609344959,
    "erbbands_crest": {
        "dmean": 2.07356333733,
        "dmean2": 3.42379307747,
        "dvar": 3.30150532722,
        "dvar2": 8.4979801178,
        "max": 23.8269939423,
        "mean": 9.84228038788,
        "median": 8.2906036377,
        "min": 5.17213869095,
        "var": 17.4860210419
    },
    "erbbands_flatness_db": {
        "dmean": 0.0133986789733,
        "dmean2": 0.020927997306,
        "dvar": 0.000130358341266,
        "dvar2": 0.000253679580055,
        "max": 0.35935151577,
        "mean": 0.247685670853,
        "median": 0.241554930806,
        "min": 0.214260280132,
        "var": 0.000638686062302
    },
    "erbbands_kurtosis": {
        "dmean": 2.49309396744,
        "dmean2": 3.7188179493,
        "dvar": 10.5206108093,
        "dvar2": 20.8402347565,
        "max": 30.5990066528,
        "mean": 5.73510503769,
        "median": 3.76236438751,
        "min": -1.14956903458,
        "var": 33.9766273499
    },
    "erbbands_skewness": {
        "dmean": 0.351377189159,
        "dmean2": 0.570243895054,
        "dvar": 0.118531338871,
        "dvar2": 0.304105937481,
        "max": 0.974047780037,
        "mean": -1.51787960529,
        "median": -1.49500453472,
        "min": -3.30025362968,
        "var": 0.268232256174
    },
    "erbbands_spread": {
        "dmean": 3.6793513298,
        "dmean2": 5.63760995865,
        "dvar": 13.1145486832,
        "dvar2": 27.9600849152,
        "max": 38.8114204407,
        "mean": 15.4960126877,
        "median": 14.8967056274,
        "min": 2.04105305672,
        "var": 44.1434249878
    },
    "hfc": {
        "dmean": 5.4393992424,
        "dmean2": 8.98242759705,
        "dvar": 30.2876358032,
        "dvar2": 61.6754684448,
        "max": 59.0023498535,
        "mean": 36.877658844,
        "median": 38.7361488342,
        "min": 1.83719193935,
        "var": 104.36894989
    },
    "melbands_crest": {
        "dmean": 2.95326018333,
        "dmean2": 4.80753612518,
        "dvar": 6.79418420792,
        "dvar2": 19.8934707642,
        "max": 24.8220024109,
        "mean": 9.67070007324,
        "median": 8.67972564697,
        "min": 3.27910661697,
        "var": 16.5750465393
    },
    "melbands_flatness_db": {
        "dmean": 0.0172041244805,
        "dmean2": 0.0279927290976,
        "dvar": 0.000248744792771,
        "dvar2": 0.000536721316166,
        "max": 0.271503269672,
        "mean": 0.151645392179,
        "median": 0.140227228403,
        "min": 0.102804131806,
        "var": 0.00117212429177
    },
    "melbands_kurtosis": {
        "dmean": 1.02991092205,
        "dmean2": 1.68959641457,
        "dvar": 3.13847231865,
        "dvar2": 8.05249214172,
        "max": 11.8198108673,
        "mean": -0.46505895257,
        "median": -1.21325874329,
        "min": -1.79920327663,
        "var": 3.77097678185
    },
    "melbands_skewness": {
        "dmean": 0.498547017574,
        "dmean2": 0.794410943985,
        "dvar": 0.191491678357,
        "dvar2": 0.391835510731,
        "max": 2.6953766346,
        "mean": 0.375074476004,
        "median": 0.388764947653,
        "min": -3.24646258354,
        "var": 0.888510584831
    },
    "melbands_spread": {
        "dmean": 11.6112012863,
        "dmean2": 18.5201702118,
        "dvar": 107.005264282,
        "dvar2": 255.93170166,
        "max": 107.959472656,
        "mean": 75.7874069214,
        "median": 78.5484008789,
        "min": 19.9931659698,
        "var": 317.643127441
    },
    "pitch_salience": {
        "dmean": 0.0539911016822,
        "dmean2": 0.0916892960668,
        "dvar": 0.00241388729773,
        "dvar2": 0.00667689694092,
        "max": 0.836510002613,
        "mean": 0.637215197086,
        "median": 0.641891956329,
        "min": 0.416427433491,
        "var": 0.00362656358629
    },
    "silence_rate_20dB": {
        "dmean": 0,
        "dmean2": 0,
        "dvar": 0,
        "dvar2": 0,
        "max": 1,
        "mean": 1,
        "median": 1,
        "min": 1,
        "var": 0
    },
    "silence_rate_30dB": {
        "dmean": 0,
        "dmean2": 0,
        "dvar": 0,
        "dvar2": 0,
        "max": 1,
        "mean": 1,
        "median": 1,
        "min": 1,
        "var": 0
    },
    "silence_rate_60dB": {
        "dmean": 0,
        "dmean2": 0,
        "dvar": 0,
        "dvar2": 0,
        "max": 0,
        "mean": 0,
        "median": 0,
        "min": 0,
        "var": 0
    },
    "spectral_centroid": {
        "dmean": 147.880722046,
        "dmean2": 233.222610474,
        "dvar": 19065.7011719,
        "dvar2": 47978.0429688,
        "max": 3158.79199219,
        "mean": 2708.10791016,
        "median": 2736.66796875,
        "min": 1700.1373291,
        "var": 74303.8515625
    },
    "spectral_complexity": {
        "dmean": 3.5,
        "dmean2": 5.41610717773,
        "dvar": 9.98333358765,
        "dvar2": 18.8335552216,
        "max": 48,
        "mean": 35.9139060974,
        "median": 39,
        "min": 1,
        "var": 74.4230499268
    },
    "spectral_decrease": {
        "dmean": 7.04817870734e-10,
        "dmean2": 1.16344822665e-09,
        "dvar": 4.3590179724e-19,
        "dvar2": 1.15185355247e-18,
        "max": -1.67539038198e-10,
        "mean": -4.25197699272e-09,
        "median": -4.30188729084e-09,
        "min": -6.52392806444e-09,
        "var": 7.33753664292e-19
    },
    "spectral_energy": {
        "dmean": 0.00298606720753,
        "dmean2": 0.00495956744999,
        "dvar": 7.75272110332e-06,
        "dvar2": 1.98762991204e-05,
        "max": 0.0271378364414,
        "mean": 0.0193928424269,
        "median": 0.0196565967053,
        "min": 0.00079897075193,
        "var": 1.41098789754e-05
    },
    "spectral_energyband_high": {
        "dmean": 0.000281658984022,
        "dmean2": 0.000455310830148,
        "dvar": 7.95582195678e-08,
        "dvar2": 2.13821621742e-07,
        "max": 0.00289597734809,
        "mean": 0.000927285931539,
        "median": 0.0008803497185,
        "min": 1.40055035445e-05,
        "var": 1.6844194306e-07
    },
    "spectral_energyband_low": {
        "dmean": 0.00135252182372,
        "dmean2": 0.00237023993395,
        "dvar": 1.78037873866e-06,
        "dvar2": 4.86079215989e-06,
        "max": 0.0123070580885,
        "mean": 0.00255668000318,
        "median": 0.00197718385607,
        "min": 3.75728996005e-05,
        "var": 4.22186940341e-06
    },
    "spectral_energyband_middle_high": {
        "dmean": 0.00226756813936,
        "dmean2": 0.00366316153668,
        "dvar": 4.89626472699e-06,
        "dvar2": 1.07069708974e-05,
        "max": 0.0228311792016,
        "mean": 0.0126749966294,
        "median": 0.0128190331161,
        "min": 0.000727608858142,
        "var": 1.45020740092e-05
    },
    "spectral_energyband_middle_low": {
        "dmean": 0.00163835450076,
        "dmean2": 0.00269182142802,
        "dvar": 4.26919086749e-06,
        "dvar2": 1.01768519016e-05,
        "max": 0.0171942804009,
        "mean": 0.00360284931958,
        "median": 0.00304606207646,
        "min": 1.42171738844e-05,
        "var": 6.99081419953e-06
    },
    "spectral_entropy": {
        "dmean": 0.0822839513421,
        "dmean2": 0.127274781466,
        "dvar": 0.00886121951044,
        "dvar2": 0.0108981272206,
        "max": 8.28913974762,
        "mean": 7.53407764435,
        "median": 7.57633113861,
        "min": 6.79946756363,
        "var": 0.0276223868132
    },
    "spectral_flux": {
        "dmean": 0.0111940158531,
        "dmean2": 0.0188962798566,
        "dvar": 9.68562017079e-05,
        "dvar2": 0.000249863049248,
        "max": 0.12977565825,
        "mean": 0.0803718790412,
        "median": 0.0794664993882,
        "min": 0.0500392913818,
        "var": 0.000155033048941
    },
    "spectral_kurtosis": {
        "dmean": 4.23761129379,
        "dmean2": 7.47976160049,
        "dvar": 8.37276172638,
        "dvar2": 25.1475601196,
        "max": 21.5392684937,
        "mean": 6.95365190506,
        "median": 6.1812171936,
        "min": 1.13431739807,
        "var": 14.1017532349
    },
    "spectral_rms": {
        "dmean": 0.000348592264345,
        "dmean2": 0.000572415243369,
        "dvar": 1.46780323007e-07,
        "dvar2": 3.15696581765e-07,
        "max": 0.00514547759667,
        "mean": 0.00432194303721,
        "median": 0.00437917420641,
        "min": 0.00088288373081,
        "var": 2.40650308569e-07
    },
    "spectral_rolloff": {
        "dmean": 202.986328125,
        "dmean2": 336.149169922,
        "dvar": 48478.234375,
        "dvar2": 125396.914062,
        "max": 3897.50976562,
        "mean": 3165.23803711,
        "median": 3273.046875,
        "min": 2325.5859375,
        "var": 208646.25
    },
    "spectral_skewness": {
        "dmean": 0.417521119118,
        "dmean2": 0.728167653084,
        "dvar": 0.108204990625,
        "dvar2": 0.307912051678,
        "max": 3.92814850807,
        "mean": 0.845426082611,
        "median": 0.774452626705,
        "min": 0.164842754602,
        "var": 0.24020729959
    },
    "spectral_spread": {
        "dmean": 267533.15625,
        "dmean2": 351869.09375,
        "dvar": 1.15371239014e+12,
        "dvar2": 547165470720,
        "max": 19108342,
        "mean": 2151195.5,
        "median": 1992731.5,
        "min": 1658098,
        "var": 2.08378449101e+12
    },
    "spectral_strongpeak": {
        "dmean": 1.27625346184,
        "dmean2": 2.27382183075,
        "dvar": 2.83663034439,
        "dvar2": 6.82430553436,
        "max": 10.9701910019,
        "mean": 1.75740277767,
        "median": 0.375100523233,
        "min": 0.0715598464012,
        "var": 5.41439247131
    },
    "zerocrossingrate": {
        "dmean": 0.00630533834919,
        "dmean2": 0.00713742664084,
        "dvar": 5.18097549502e-05,
        "dvar2": 5.00794121763e-05,
        "max": 0.12451171875,
        "mean": 0.10200227797,
        "median": 0.1064453125,
        "min": 0.02880859375,
        "var": 0.000211702325032
    },
    "barkbands": {
        "dmean": [1.01720270322e-05, 0.00122785719577, 0.000162731303135, 0.000580034218729, 0.00111123616807, 0.000169043050846, 0.000103766884422, 7.15901842341e-05, 0.000284545647446, 0.000156922687893, 0.000194437699975, 0.000243903938099, 7.22281110939e-05, 0.000372998940293, 0.000472288316814, 0.000669068656862, 0.00188798154704, 0.000484204356326, 0.000561015040148, 0.000451469328254, 0.000196168155526, 2.49874428846e-05, 1.04742002804e-06, 1.645823545e-06, 2.83444421711e-07, 1.01626142168e-07, 1.56305457466e-08],
        "dmean2": [1.53847904585e-05, 0.00218518031761, 0.00027655865415, 0.00100150238723, 0.00193278957158, 0.00028604385443, 0.000160546667757, 0.000110354674689, 0.000422329263529, 0.000256235565757, 0.000334865413606, 0.000427263497841, 0.000120984150271, 0.000592288153712, 0.00082004442811, 0.00107744371053, 0.00306695024483, 0.000816580897663, 0.000903028296307, 0.00074284884613, 0.000332292431267, 4.13148482039e-05, 1.77297681603e-06, 2.82241558125e-06, 4.73556298175e-07, 1.61759217576e-07, 2.69381530416e-08],
        "dvar": [4.32573116216e-10, 1.27332532429e-06, 4.53746658025e-08, 1.54677286446e-06, 2.56870134763e-06, 8.82178099459e-08, 1.16030625108e-08, 1.05620339141e-08, 1.09618355282e-07, 1.54691008447e-07, 4.3926488047e-07, 9.82542687211e-08, 5.98218408143e-09, 1.68663191857e-07, 2.70477016784e-07, 3.9900550064e-07, 4.65398579763e-06, 2.46375094548e-07, 3.28753003487e-07, 2.35112025848e-07, 6.39305639538e-08, 5.26048926641e-10, 9.16619427929e-13, 2.08762412739e-12, 2.32297444084e-13, 1.37857221027e-14, 3.89312774997e-15],
        "dvar2": [7.82836517832e-10, 3.63938784176e-06, 1.0308197318e-07, 4.04628508477e-06, 6.6127536229e-06, 2.41228775621e-07, 2.97454789688e-08, 2.38070807512e-08, 2.62406643969e-07, 2.99177230545e-07, 1.20048730423e-06, 2.39502128352e-07, 1.63958873145e-08, 4.29131631563e-07, 7.28671068373e-07, 9.25320080114e-07, 1.07874075184e-05, 7.13255076334e-07, 1.01695957255e-06, 6.15124918113e-07, 1.67914649296e-07, 1.15892961894e-09, 2.69652421052e-12, 6.38070802791e-12, 6.34568352725e-13, 3.52601689437e-14, 8.17521895855e-15],
        "max": [0.000182204836165, 0.00832992140204, 0.00246620737016, 0.0104940012097, 0.015576117672, 0.00224857754074, 0.00141758436803, 0.000956523348577, 0.00345195294358, 0.00411508558318, 0.00718731014058, 0.0025194324553, 0.000502023031004, 0.00371105247177, 0.00393045553938, 0.00699240481481, 0.0203843954951, 0.00429816823453, 0.00458914553747, 0.00445930892602, 0.00239561405033, 0.000204157928238, 8.3096401795e-06, 1.40675620059e-05, 4.90609045301e-06, 1.07784080683e-06, 7.01602118625e-07],
        "mean": [1.55966008606e-05, 0.00197256705724, 0.00023729375971, 0.000721970107406, 0.00167981837876, 0.000230853824178, 0.000285211543087, 0.000153871747898, 0.000494409061503, 0.000215877560549, 0.000262441433733, 0.000334842567099, 0.000110170338303, 0.000726217811462, 0.00124574976508, 0.00178833748214, 0.00424210587516, 0.00119093363173, 0.00158901349641, 0.00125280371867, 0.000553531688638, 7.96863023425e-05, 2.95176096188e-06, 5.41657345821e-06, 8.06829632438e-07, 3.49540727029e-07, 3.28295222118e-08],
        "median": [1.06091420093e-05, 0.00158482359257, 0.000143951401697, 0.000180455783266, 0.00112261227332, 0.000116435148811, 0.000115474111226, 7.10970925866e-05, 0.000410788023146, 9.62366175372e-05, 0.000126148588606, 0.000225875541219, 7.92125065345e-05, 0.000484264281113, 0.00109547551256, 0.00152565410826, 0.00317161367275, 0.00113664136734, 0.00162936630659, 0.00122126936913, 0.000525171519257, 7.43742275517e-05, 3.00584088109e-06, 5.34123864782e-06, 6.80439086409e-07, 3.09264578391e-07, 1.55630495158e-08],
        "min": [3.13506092198e-07, 2.06031400012e-05, 1.59107617037e-06, 3.59344630851e-06, 3.78044023819e-06, 3.49587992332e-07, 1.30216596972e-06, 7.73809802013e-07, 2.56743555838e-06, 1.9540852918e-06, 1.97975145966e-06, 4.57066153103e-06, 1.67731138845e-06, 3.27869065586e-06, 2.54316437349e-05, 0.000145643294672, 0.000494061678182, 1.99804235308e-05, 2.5014491257e-05, 5.10421523359e-06, 7.88852958067e-06, 1.54946189923e-06, 4.07553699233e-07, 7.5620204143e-07, 1.95422828142e-07, 7.35298257837e-08, 2.93059909673e-09],
        "var": [4.69568217643e-10, 2.43597332883e-06, 1.06256472066e-07, 1.78389518624e-06, 3.66648714589e-06, 1.0620450297e-07, 1.11206361453e-07, 3.30790825842e-08, 2.08752737763e-07, 2.28743502362e-07, 4.36029296225e-07, 1.31821806804e-07, 9.82127090765e-09, 4.88176169711e-07, 6.48644572721e-07, 1.11066822228e-06, 1.48259105117e-05, 5.1216210295e-07, 8.53716358051e-07, 7.44759802274e-07, 8.33376887499e-08, 1.88819515579e-09, 1.87541085092e-12, 5.42966496417e-12, 3.24676971506e-13, 4.31561965255e-14, 7.24806347075e-15]
    },
    "erbbands": {
        "dmean": [0.0287313722074, 0.303955256939, 0.278081983328, 0.967426657677, 3.6204521656, 3.50698518753, 1.93619549274, 1.01961243153, 0.87508136034, 1.67787599564, 2.09934806824, 8.19495296478, 3.47107839584, 5.10854148865, 8.55945682526, 10.2617330551, 3.40553808212, 11.5455284119, 18.276714325, 32.9609489441, 54.9028434753, 91.2911682129, 22.3643569946, 37.8442764282, 20.6508598328, 20.9990520477, 8.32455539703, 5.62262058258, 1.11864256859, 0.155122861266, 0.0347028970718, 0.0479392148554, 0.0152529412881, 0.00498883984983, 0.000660654273815, 0.000590568582993, 0.000164248165675, 2.37674867094e-05, 2.96615303341e-06, 3.90210061596e-06],
        "dmean2": [0.0490252263844, 0.553590834141, 0.517483472824, 1.71149802208, 6.11605453491, 6.34634971619, 3.29486322403, 1.71763551235, 1.38199830055, 2.69353508949, 3.21625256538, 12.509103775, 5.16823911667, 7.63364076614, 14.6743593216, 17.855255127, 5.68075942993, 18.1540279388, 30.6715183258, 55.9724578857, 86.3354644775, 156.268585205, 38.1904754639, 66.0156097412, 33.4559745789, 35.0107421875, 14.1492586136, 9.05451965332, 1.79961788654, 0.269240528345, 0.0588295944035, 0.081831805408, 0.0260602794588, 0.00807178858668, 0.00106034288183, 0.000951777386945, 0.000258147250861, 3.72737122234e-05, 4.93178959005e-06, 6.54915947962e-06],
        "dvar": [0.00118999113329, 0.066072396934, 0.100368611515, 5.2116651535, 25.0687427521, 30.5200481415, 9.54342937469, 2.41484832764, 1.22982740402, 2.03386807442, 10.0998897552, 88.9417495728, 85.199508667, 132.001037598, 762.010253906, 155.169174194, 14.616230011, 156.966888428, 292.715545654, 1100.67175293, 3989.02197266, 8591.83398438, 390.684204102, 1433.99475098, 467.598388672, 466.140045166, 72.1504058838, 40.8461151123, 1.18889760971, 0.0282756201923, 0.00113122654147, 0.00172459916212, 0.000238923399593, 4.64888871647e-05, 5.94572213686e-07, 3.76553231263e-07, 5.4452442555e-08, 3.4478848665e-09, 7.37812796969e-11, 1.43408618314e-11],
        "dvar2": [0.00303572439589, 0.196884647012, 0.272876292467, 13.6310405731, 53.5893821716, 84.5808944702, 25.50548172, 5.92183589935, 3.46652317047, 4.93269538879, 21.811466217, 221.552597046, 195.787445068, 207.251358032, 2021.65356445, 395.215179443, 36.651725769, 401.132324219, 772.074951172, 3016.38647461, 9706.68066406, 20288.1503906, 1015.53778076, 4420.35644531, 1166.7088623, 1229.43786621, 192.238525391, 104.428657532, 2.76769781113, 0.0743488818407, 0.00314367352985, 0.00545996008441, 0.000649631081615, 0.000127151608467, 1.55647796873e-06, 9.97370761979e-07, 1.36090022806e-07, 7.80011610857e-09, 1.78947454077e-10, 3.86037694866e-11],
        "max": [0.286981463432, 1.77783727646, 3.78921198845, 21.7934246063, 43.9776573181, 44.3175163269, 21.1989841461, 11.0895957947, 12.8585100174, 17.4933662415, 24.2788677216, 92.4368057251, 97.5665740967, 156.656890869, 304.142822266, 84.1265182495, 31.5753765106, 120.055130005, 128.977432251, 393.786407471, 622.242736816, 851.193969727, 148.522735596, 252.568084717, 193.917663574, 171.915618896, 74.7180557251, 63.2539024353, 10.225268364, 1.5775758028, 0.260305523872, 0.304476380348, 0.169306561351, 0.0699089691043, 0.0074111726135, 0.00628163851798, 0.00217719632201, 0.000573299417738, 0.000115723669296, 3.76282041543e-05],
        "mean": [0.0577720552683, 0.435247451067, 0.375303596258, 1.48474216461, 5.02856063843, 4.89871263504, 3.3816010952, 1.48773372173, 2.44975686073, 4.540974617, 3.9009180069, 13.9229097366, 6.00997638702, 9.08229160309, 11.7668590546, 14.0886793137, 6.20038366318, 24.5335121155, 49.2096138, 85.5073928833, 146.201828003, 205.862579346, 72.6351852417, 94.0305252075, 68.0299530029, 57.974067688, 24.0397491455, 15.8050127029, 3.77208137512, 0.512547552586, 0.11267169565, 0.1513736099, 0.0516121722758, 0.015671717003, 0.00242423661985, 0.00216255290434, 0.000494028092362, 5.06860451424e-05, 1.88250996871e-05, 2.7495498216e-05],
        "median": [0.0497370958328, 0.320769399405, 0.234498098493, 0.471547067165, 3.09153795242, 3.14809060097, 1.53194653988, 0.843890368938, 1.17544174194, 3.44188904762, 2.21764707565, 11.3881397247, 3.94626092911, 5.15945386887, 6.05926513672, 9.53423690796, 4.88146591187, 16.8641700745, 41.9201965332, 76.0038757324, 114.421730042, 164.723388672, 73.9059753418, 99.8260574341, 67.5440216064, 55.1148643494, 22.3539104462, 14.20611763, 3.53553724289, 0.533099710941, 0.116290159523, 0.149565458298, 0.0516593307257, 0.0138026839122, 0.00217307801358, 0.00204769778065, 0.000400589458877, 2.6791001801e-05, 1.79535654752e-05, 2.78896095551e-05],
        "min": [0.000823058071546, 0.00384226790629, 0.00837147608399, 0.0109398849308, 0.0127083892003, 0.0124771883711, 0.00639004446566, 0.00296088750474, 0.023400561884, 0.0423341207206, 0.0152049642056, 0.0622652731836, 0.0631212592125, 0.0736019313335, 0.0900715067983, 0.196289286017, 0.0924235284328, 0.0767055526376, 0.503362774849, 2.95673513412, 18.3792381287, 21.1480941772, 1.62006604671, 1.6832716465, 0.800981104374, 0.220284715295, 0.241102918983, 0.249255344272, 0.0631630569696, 0.0421460717916, 0.0192314945161, 0.014201248996, 0.0137662235647, 0.00393437221646, 0.000596983241849, 0.000367584521882, 8.82536187419e-05, 8.32147088659e-06, 8.43810357765e-06, 1.09887187136e-05],
        "var": [0.00186373642646, 0.133574068546, 0.185208514333, 6.88233089447, 38.303024292, 42.4836158752, 17.937707901, 3.408857584, 7.7118768692, 14.4093265533, 17.6216392517, 159.974060059, 103.332778931, 316.057617188, 759.710388184, 219.170089722, 25.2277297974, 541.244750977, 1092.32373047, 2545.74316406, 11739.3720703, 21725.4960938, 1129.10742188, 2989.48632812, 1628.56689453, 1502.36364746, 120.073768616, 65.1112060547, 3.89581465721, 0.0682479292154, 0.00251305755228, 0.00471447827294, 0.000495684682392, 8.71224474395e-05, 1.84462578545e-06, 1.39104952268e-06, 1.20801772141e-07, 6.61115295841e-09, 1.26196886274e-10, 2.68909478018e-11]
    },
    "gfcc": {
        "mean": [-17.5646514893, 105.67792511, -187.23777771, 74.4965286255, -25.5164546967, -11.5245389938, -19.8190422058, 6.18365812302, -13.0289373398, -4.61939811707, -18.2564735413, -8.86956214905, 6.27029037476],
        "cov": [[637.823669434, 193.183319092, -181.191375732, -72.3104934692, -177.40927124, -23.6282577515, 85.2616653442, -36.5899658203, -66.9930953979, 57.8689193726, 117.445457458, -23.709564209, -23.5473575592], [193.183319092, 393.862457275, 44.4077377319, 33.7970924377, -47.0367050171, -54.3342018127, 22.4148025513, -85.5433349609, -66.7413253784, -61.1793174744, 27.297088623, -37.8678703308, 7.24295902252], [-181.191375732, 44.4077377319, 147.248306274, 71.6794433594, 75.7656173706, -11.9327898026, -32.6507949829, -1.21292197704, 17.0191078186, -31.5538024902, -44.30909729, 14.1081495285, 26.2998733521], [-72.3104934692, 33.7970924377, 71.6794433594, 127.359924316, 73.265411377, 5.05046272278, -8.80562496185, -13.9817152023, 10.7758436203, -16.9024600983, -27.4092636108, -15.9323453903, 13.9344091415], [-177.40927124, -47.0367050171, 75.7656173706, 73.265411377, 109.97518158, 32.3011436462, -12.3038167953, 10.5213699341, 27.3373851776, -12.3268013, -49.6707878113, -5.72647285461, 3.46038603783], [-23.6282577515, -54.3342018127, -11.9327898026, 5.05046272278, 32.3011436462, 55.5881576538, 30.7147274017, 18.7673721313, 6.95181560516, 6.87236976624, -12.1808786392, -4.81884050369, -8.11535835266], [85.2616653442, 22.4148025513, -32.6507949829, -8.80562496185, -12.3038167953, 30.7147274017, 66.4043807983, 21.8909950256, -3.32401990891, 10.276014328, 16.8906764984, -5.5391626358, -11.6528253555], [-36.5899658203, -85.5433349609, -1.21292197704, -13.9817152023, 10.5213699341, 18.7673721313, 21.8909950256, 57.1343231201, 39.4925193787, 25.3806533813, -2.40268611908, 17.0034580231, 1.77159321308], [-66.9930953979, -66.7413253784, 17.0191078186, 10.7758436203, 27.3373851776, 6.95181560516, -3.32401990891, 39.4925193787, 60.5436592102, 36.6045684814, -6.37869167328, 9.98528289795, 5.25318574905], [57.8689193726, -61.1793174744, -31.5538024902, -16.9024600983, -12.3268013, 6.87236976624, 10.276014328, 25.3806533813, 36.6045684814, 76.59790802, 38.3171615601, 13.3532571793, -8.48891639709], [117.445457458, 27.297088623, -44.30909729, -27.4092636108, -49.6707878113, -12.1808786392, 16.8906764984, -2.40268611908, -6.37869167328, 38.3171615601, 69.8789138794, 21.0306529999, -5.89231872559], [-23.709564209, -37.8678703308, 14.1081495285, -15.9323453903, -5.72647285461, -4.81884050369, -5.5391626358, 17.0034580231, 9.98528289795, 13.3532571793, 21.0306529999, 49.467754364, 21.2165851593], [-23.5473575592, 7.24295902252, 26.2998733521, 13.9344091415, 3.46038603783, -8.11535835266, -11.6528253555, 1.77159321308, 5.25318574905, -8.48891639709, -5.89231872559, 21.2165851593, 34.8309173584]],
        "icov": [[0.0073229726404, -0.0051242322661, 0.00734638888389, -0.00455436389893, 0.00671785837039, -0.000644952873699, -0.000650251691695, -0.00534193823114, 0.00930918566883, -0.0111026382074, 0.00477625010535, -0.00223118020222, -0.000415160960983], [-0.0051242322661, 0.0172541495413, -0.0167151596397, 0.00829050689936, -0.00365597335622, 0.0107243265957, -0.0200901664793, 0.0266390126199, -0.0153515553102, 0.01658898592, -0.0171334557235, 0.0177274327725, -0.010300392285], [0.00734638888389, -0.0167151596397, 0.035991884768, -0.0125946002081, -0.00561283901334, 0.0027658471372, 0.0139675503597, -0.0230866279453, 0.0155191663653, -0.0157866682857, 0.0228735748678, -0.0260266941041, 0.00688872905448], [-0.00455436389893, 0.00829050689936, -0.0125946002081, 0.0262700729072, -0.0210919640958, 0.00989560782909, -0.0128651326522, 0.0171497911215, -0.0109704202041, 0.0106590120122, -0.0181281492114, 0.0226874481887, -0.0192119926214], [0.00671785837039, -0.00365597335622, -0.00561283901334, -0.0210919640958, 0.0528299920261, -0.0281119383872, 0.00769507605582, 0.0015466689365, -0.00498842634261, -0.00795651134104, 0.0190065484494, -0.0143223758787, 0.0194280017167], [-0.000644952873699, 0.0107243265957, 0.0027658471372, 0.00989560782909, -0.0281119383872, 0.0599216967821, -0.0395206846297, 0.0158785432577, 0.00315197859891, -0.00221058679745, 0.00154638465028, 0.00702908169478, -0.011022740975], [-0.000650251691695, -0.0200901664793, 0.0139675503597, -0.0128651326522, 0.00769507605582, -0.0395206846297, 0.0716877505183, -0.0614208728075, 0.0246434770525, -0.00651431782171, 0.00141408538911, -0.00801188312471, 0.0152884200215], [-0.00534193823114, 0.0266390126199, -0.0230866279453, 0.0171497911215, 0.0015466689365, 0.0158785432577, -0.0614208728075, 0.110899694264, -0.0656604543328, 0.0239082016051, -0.00586426956579, -0.00170093390625, -0.00544927828014], [0.00930918566883, -0.0153515553102, 0.0155191663653, -0.0109704202041, -0.00498842634261, 0.00315197859891, 0.0246434770525, -0.0656604543328, 0.0857326388359, -0.0492221862078, 0.0185150448233, 0.00114489335101, -0.00752101978287], [-0.0111026382074, 0.01658898592, -0.0157866682857, 0.0106590120122, -0.00795651134104, -0.00221058679745, -0.00651431782171, 0.0239082016051, -0.0492221862078, 0.0640352964401, -0.0415429994464, 0.015473225154, 0.000157511036377], [0.00477625010535, -0.0171334557235, 0.0228735748678, -0.0181281492114, 0.0190065484494, 0.00154638465028, 0.00141408538911, -0.00586426956579, 0.0185150448233, -0.0415429994464, 0.0782068893313, -0.0580192618072, 0.0316706262529], [-0.00223118020222, 0.0177274327725, -0.0260266941041, 0.0226874481887, -0.0143223758787, 0.00702908169478, -0.00801188312471, -0.00170093390625, 0.00114489335101, 0.015473225154, -0.0580192618072, 0.090121589601, -0.0552647486329], [-0.000415160960983, -0.010300392285, 0.00688872905448, -0.0192119926214, 0.0194280017167, -0.011022740975, 0.0152884200215, -0.00544927828014, -0.00752101978287, 0.000157511036377, 0.0316706262529, -0.0552647486329, 0.0741432905197]]
    },
    "melbands": {
        "dmean": [0.00031696879887, 0.000233744052821, 0.000238355802139, 0.000289191346383, 7.28158993297e-05, 2.43941485678e-05, 1.67397502082e-05, 1.77138172148e-05, 2.05225824175e-05, 5.07147342432e-05, 1.72657873918e-05, 2.08847650356e-05, 3.04113509628e-05, 3.082571493e-05, 1.30316802824e-05, 8.50378091855e-06, 2.76724440482e-05, 3.15315228363e-05, 4.6031371312e-05, 4.44720499218e-05, 8.79156868905e-05, 0.000116079412692, 4.01820907427e-05, 2.34601629927e-05, 3.61666971003e-05, 1.88993017218e-05, 2.25191524805e-05, 1.25551950987e-05, 3.87041518479e-06, 8.52473658597e-06, 2.06150639315e-06, 7.28165105102e-07, 3.40889613426e-07, 2.79099765521e-08, 2.02369481173e-08, 2.85955774615e-08, 3.24225908344e-08, 1.3187709591e-08, 9.10149822175e-09, 3.35463679058e-09],
        "dmean2": [0.000558783242013, 0.000427955295891, 0.000395294482587, 0.000505047908518, 0.000128360188683, 4.1117415094e-05, 2.59857679339e-05, 2.84809757432e-05, 3.24437241943e-05, 7.62035415391e-05, 2.66525894403e-05, 3.25782348227e-05, 5.24755159859e-05, 5.39678912901e-05, 2.1011897843e-05, 1.47575465235e-05, 4.4025353418e-05, 5.29193239345e-05, 7.7372060332e-05, 7.26218859199e-05, 0.0001407819218, 0.00019547699776, 6.98248841218e-05, 3.97958538088e-05, 6.27956396784e-05, 3.1473213312e-05, 3.63550861948e-05, 2.05767191801e-05, 6.34495017948e-06, 1.44777077367e-05, 3.4819861412e-06, 1.14766419301e-06, 5.69369660752e-07, 4.76204178312e-08, 3.43150823312e-08, 4.8884636783e-08, 5.73961713712e-08, 2.31073311596e-08, 1.54405714881e-08, 5.35833599713e-09],
        "dvar": [1.02613100239e-07, 4.44527010757e-08, 1.90473130601e-07, 1.68395615674e-07, 1.34695543608e-08, 1.43876144332e-09, 3.95110388851e-10, 2.50395870705e-10, 1.06514264075e-09, 3.4269009852e-09, 2.20716289689e-09, 2.6339925796e-09, 1.15320251126e-08, 1.69280900408e-09, 3.87272380831e-10, 8.13263137389e-11, 8.84239181875e-10, 9.95744819932e-10, 2.73404610063e-09, 1.82367732027e-09, 1.23041017375e-08, 1.83680093357e-08, 1.14191911482e-09, 6.20073992152e-10, 1.29051336284e-09, 3.27289750857e-10, 6.33230357039e-10, 1.40528838566e-10, 1.16700963129e-11, 1.69004005235e-10, 3.04023082751e-12, 4.42129433108e-13, 1.55593338777e-13, 5.64072167982e-16, 3.80877020351e-16, 7.34280632937e-16, 7.28232976512e-16, 1.46674329494e-16, 2.41949720367e-16, 1.2230819923e-17],
        "dvar2": [2.77650286762e-07, 1.3494518214e-07, 4.76017163464e-07, 4.26329421543e-07, 3.660431247e-08, 3.69433550418e-09, 1.06524633559e-09, 6.57483234523e-10, 2.43290476654e-09, 8.32056201716e-09, 4.86144902112e-09, 4.56790782977e-09, 3.13660812878e-08, 4.04028144274e-09, 8.7951151917e-10, 2.35678587757e-10, 2.29663532636e-09, 2.52964205139e-09, 7.55160822763e-09, 4.76982853215e-09, 2.95487136981e-08, 4.08497164983e-08, 3.48047568544e-09, 1.73927816594e-09, 4.08042399869e-09, 9.14703812693e-10, 1.7011373421e-09, 3.96164656635e-10, 3.24695131892e-11, 4.53680815138e-10, 8.36986903396e-12, 1.01011440965e-12, 4.61103594543e-13, 1.65338957244e-15, 1.03856160207e-15, 2.34639963675e-15, 2.23845608729e-15, 3.92596832907e-16, 6.72435898721e-16, 3.35772628406e-17],
        "max": [0.00250387680717, 0.00227296398953, 0.00363579392433, 0.00417248765007, 0.0011158118723, 0.000254489423241, 0.000248504045885, 0.00015501800226, 0.000220976493438, 0.000568655203097, 0.000468193349661, 0.00066222413443, 0.00115660845768, 0.000343008112395, 0.00019169668667, 6.25184402452e-05, 0.000279914791463, 0.000254881801084, 0.000395350216422, 0.00054523081053, 0.00110246054828, 0.00130109360907, 0.000236447638599, 0.000219417866901, 0.000236038016737, 0.000124229976791, 0.000215502615902, 9.76044248091e-05, 2.77815033769e-05, 0.000119929529319, 1.32414788823e-05, 5.82683651373e-06, 3.41997861142e-06, 1.74110525109e-07, 1.56769004889e-07, 2.08606635965e-07, 1.95046823137e-07, 1.15395359046e-07, 1.4826311201e-07, 3.57958533925e-08],
        "mean": [0.00055531039834, 0.000328898750013, 0.000348681554897, 0.00039937402471, 0.000130867949338, 3.30458242388e-05, 4.78333640785e-05, 4.93756815558e-05, 3.15938123094e-05, 8.89647053555e-05, 2.662879524e-05, 3.55653974111e-05, 3.86768260796e-05, 4.29279061791e-05, 1.7517575543e-05, 1.48629032992e-05, 5.32130143256e-05, 7.43332566344e-05, 0.000114309383207, 0.000112787754915, 0.000201799339266, 0.000248330208706, 9.68484600889e-05, 5.39820575796e-05, 8.16278188722e-05, 4.96917054988e-05, 5.82499415032e-05, 3.09987153742e-05, 1.03499214674e-05, 1.99745027203e-05, 5.35828212378e-06, 2.24104678637e-06, 8.06180025847e-07, 7.99945283347e-08, 4.75975419079e-08, 8.66918057341e-08, 9.16158384712e-08, 3.90510415116e-08, 2.1546661344e-08, 9.75917213708e-09],
        "median": [0.000450723659014, 0.000223794486374, 0.000149523621076, 0.000267161260126, 6.63193495711e-05, 1.71482934093e-05, 2.03787894861e-05, 3.90249006159e-05, 1.92606948985e-05, 7.16435097274e-05, 1.46478687384e-05, 1.82401799975e-05, 1.77499714482e-05, 2.88813753286e-05, 1.15629245556e-05, 1.13779797175e-05, 3.50054433511e-05, 6.19145866949e-05, 9.46243599174e-05, 9.20268357731e-05, 0.000146130361827, 0.000181208379217, 9.09327645786e-05, 4.92734943691e-05, 8.36056715343e-05, 5.18633205502e-05, 5.46997071069e-05, 2.99052426271e-05, 9.34165018407e-06, 1.73663047462e-05, 5.11630923938e-06, 2.08480332731e-06, 7.60502985031e-07, 7.9602216374e-08, 4.46798864573e-08, 8.8324320302e-08, 9.09503938828e-08, 3.86251279849e-08, 1.82371344692e-08, 8.48542303089e-09],
        "min": [7.28328586774e-06, 4.71872863272e-06, 1.97845656658e-06, 9.35001480684e-07, 2.88098675583e-07, 6.89106229856e-08, 4.09509141264e-07, 4.12912612546e-07, 1.36810683671e-07, 4.03767614898e-07, 3.08217835254e-07, 2.90539503567e-07, 2.71420077524e-07, 4.80317964957e-07, 4.34175433384e-07, 8.27462542929e-08, 1.37481308116e-07, 5.30937597887e-07, 2.45120918407e-06, 4.40964186055e-06, 2.46009476541e-05, 3.14128228638e-05, 1.28359511109e-06, 8.51085587783e-07, 1.47112621107e-06, 7.05017782821e-07, 3.92840064478e-07, 8.12026499375e-08, 7.69839232362e-08, 3.20002214949e-07, 7.01133586745e-08, 3.1398364797e-08, 3.17590007626e-08, 1.09382849445e-08, 6.10845329874e-09, 1.00572536965e-08, 8.31745960994e-09, 9.52805390142e-09, 4.63541249829e-09, 2.1626145319e-09],
        "var": [1.81381182074e-07, 9.1831729776e-08, 2.60732917923e-07, 2.22524562332e-07, 2.90124777536e-08, 1.91326998689e-09, 3.12198644714e-09, 1.40337330645e-09, 1.36930355943e-09, 6.63384680522e-09, 2.67814592725e-09, 5.24096499532e-09, 1.09823252714e-08, 2.34286856582e-09, 4.92996532486e-10, 1.55909951616e-10, 2.91195267899e-09, 3.07579117731e-09, 6.49663300933e-09, 6.22883344903e-09, 3.65588022078e-08, 5.41104903107e-08, 2.73144529217e-09, 1.20140142279e-09, 2.46002995752e-09, 8.6500823171e-10, 1.75615733067e-09, 4.34599051191e-10, 2.94135271695e-11, 2.01704139502e-10, 7.6852847003e-12, 1.59272725217e-12, 2.62616290476e-13, 1.53640193456e-15, 6.508734045e-16, 1.76522650884e-15, 1.73779926437e-15, 2.91049573341e-16, 2.79706902205e-16, 3.1681586561e-17]
    },
    "mfcc": {
        "mean": [-633.343139648, 113.213859558, -75.4511413574, 72.9706039429, 8.34457874298, 4.86959552765, 3.11958098412, 2.10005617142, 17.933139801, 2.86050367355, -8.13195228577, 3.38344979286, -8.25018215179],
        "cov": [[866.871459961, 143.389709473, -118.569137573, -49.856842041, -271.599822998, -9.11461448669, 83.406288147, -60.4622917175, -189.391342163, 98.0870132446, 97.7657546997, -91.3438568115, -69.7781219482], [143.389709473, 272.363891602, 56.4763412476, 45.2282905579, -49.0664367676, -6.152364254, 16.8391647339, -10.577498436, -52.153263092, -32.1223487854, -24.3222484589, -39.2214927673, -31.2993946075], [-118.569137573, 56.4763412476, 83.8552627563, 53.3164825439, 48.1763496399, -3.99706411362, -17.6576213837, 8.75395011902, 29.3045940399, -36.3705787659, -38.3482322693, 15.5539731979, 8.42053890228], [-49.856842041, 45.2282905579, 53.3164825439, 121.343032837, 64.8736953735, 25.4641780853, -3.15747833252, -0.773170769215, 15.1831350327, -13.0918121338, -24.636888504, 4.08712053299, -11.4797887802], [-271.599822998, -49.0664367676, 48.1763496399, 64.8736953735, 142.788360596, 30.7310352325, -31.0249118805, 11.1145334244, 76.2769699097, -27.9682807922, -37.5318069458, 29.0143680573, 7.73216724396], [-9.11461448669, -6.152364254, -3.99706411362, 25.4641780853, 30.7310352325, 52.8909187317, 23.6148548126, 5.10955476761, 10.8030433655, 8.97988891602, 6.15258312225, -3.71286535263, -12.2784061432], [83.406288147, 16.8391647339, -17.6576213837, -3.15747833252, -31.0249118805, 23.6148548126, 55.5344924927, 19.5127735138, -14.0339384079, 8.91809940338, 12.5378494263, -13.5265045166, -9.64920330048], [-60.4622917175, -10.577498436, 8.75395011902, -0.773170769215, 11.1145334244, 5.10955476761, 19.5127735138, 48.709526062, 30.7599449158, -8.41706371307, -10.5334949493, 4.68947410583, 2.3921020031], [-189.391342163, -52.153263092, 29.3045940399, 15.1831350327, 76.2769699097, 10.8030433655, -14.0339384079, 30.7599449158, 109.949363708, -6.70182991028, -22.0662899017, 34.9463272095, 20.5427036285], [98.0870132446, -32.1223487854, -36.3705787659, -13.0918121338, -27.9682807922, 8.97988891602, 8.91809940338, -8.41706371307, -6.70182991028, 70.2023086548, 48.524723053, -11.681388855, -6.42878007889], [97.7657546997, -24.3222484589, -38.3482322693, -24.636888504, -37.5318069458, 6.15258312225, 12.5378494263, -10.5334949493, -22.0662899017, 48.524723053, 63.2292366028, -1.87175858021, 3.30077195168], [-91.3438568115, -39.2214927673, 15.5539731979, 4.08712053299, 29.0143680573, -3.71286535263, -13.5265045166, 4.68947410583, 34.9463272095, -11.681388855, -1.87175858021, 57.7140960693, 41.4830131531], [-69.7781219482, -31.2993946075, 8.42053890228, -11.4797887802, 7.73216724396, -12.2784061432, -9.64920330048, 2.3921020031, 20.5427036285, -6.42878007889, 3.30077195168, 41.4830131531, 65.70728302]],
