{
"lowlevel": {
    "average_loudness": 0.989580571651,
    "barkbands_crest": {
        "dmean": 3.16039514542,
        "dmean2": 5.05902385712,
        "dvar": 9.40687561035,
        "dvar2": 22.0725650787,
        "max": 25.5456809998,
        "mean": 8.265832901,
        "median": 7.00498390198,
        "min": 2.53269982338,
        "var": 17.9332084656
    },
    "barkbands_flatness_db": {
        "dmean": 0.0192204862833,
        "dmean2": 0.0291439332068,
        "dvar": 0.000433662324212,
        "dvar2": 0.00105093535967,
        "max": 0.266138970852,
        "mean": 0.116913206875,
        "median": 0.111096888781,
        "min": 0.0663809031248,
        "var": 0.000869529845659
    },
    "barkbands_kurtosis": {
        "dmean": 2.65101456642,
        "dmean2": 4.52581787109,
        "dvar": 47.4258422852,
        "dvar2": 137.612747192,
        "max": 79.6124725342,
        "mean": 1.93901205063,
        "median": 1.00016880035,
        "min": -1.88809227943,
        "var": 33.5376586914
    },
    "barkbands_skewness": {
        "dmean": 0.544486999512,
        "dmean2": 0.784398317337,
        "dvar": 0.329368919134,
        "dvar2": 0.691638469696,
        "max": 3.7975871563,
        "mean": -1.12703239918,
        "median": -1.17263233662,
        "min": -5.16921043396,
        "var": 0.857474625111
    },
    "barkbands_spread": {
        "dmean": 7.46811437607,
        "dmean2": 11.9856338501,
        "dvar": 52.8583564758,
        "dvar2": 123.004989624,
        "max": 61.0426216125,
        "mean": 25.178030014,
        "median": 22.5989303589,
        "min": 1.28472912312,
        "var": 136.4168396
    },
    "dissonance": {
        "dmean": 0.00440732017159,
        "dmean2": 0.00769036263227,
        "dvar": 2.70203308901e-05,
        "dvar2": 6.91455716151e-05,
        "max": 0.499874949455,
        "mean": 0.494325250387,
        "median": 0.495509564877,
        "min": 0.449705183506,
        "var": 2.79859650618e-05
    },
    "dynamic_complexity": 0.794810950756,
    "erbbands_crest": {
        "dmean": 3.6242582798,
        "dmean2": 5.99641132355,
        "dvar": 12.807305336,
        "dvar2": 28.0581207275,
        "max": 30.4154434204,
        "mean": 10.6564750671,
        "median": 9.04331302643,
        "min": 4.50508022308,
        "var": 22.4318981171
    },
    "erbbands_flatness_db": {
        "dmean": 0.0189219806343,
        "dmean2": 0.0289528202266,
        "dvar": 0.000347690220224,
        "dvar2": 0.000879227183759,
        "max": 0.368439376354,
        "mean": 0.21943898499,
        "median": 0.213355913758,
        "min": 0.140078246593,
        "var": 0.00075328553794
    },
    "erbbands_kurtosis": {
        "dmean": 3.01176428795,
        "dmean2": 4.87186861038,
        "dvar": 24.9020805359,
        "dvar2": 64.675743103,
        "max": 48.1636390686,
        "mean": 4.59453296661,
        "median": 3.2515039444,
        "min": -0.437854290009,
        "var": 28.9944400787
    },
    "erbbands_skewness": {
        "dmean": 0.544186532497,
        "dmean2": 0.912950873375,
        "dvar": 0.371958971024,
        "dvar2": 1.08312559128,
        "max": 1.8010969162,
        "mean": -1.05594849586,
        "median": -1.00342988968,
        "min": -4.57202529907,
        "var": 0.460700690746
    },
    "erbbands_spread": {
        "dmean": 3.53936052322,
        "dmean2": 5.42473220825,
        "dvar": 14.2029132843,
        "dvar2": 30.5666332245,
        "max": 55.7499237061,
        "mean": 12.9724578857,
        "median": 12.6361188889,
        "min": 1.18426883221,
        "var": 36.1343460083
    },
    "hfc": {
        "dmean": 6.75865459442,
        "dmean2": 10.3758325577,
        "dvar": 37.0182609558,
        "dvar2": 74.0116348267,
        "max": 61.8638916016,
        "mean": 34.489276886,
        "median": 35.5788917542,
        "min": 1.05150020123,
        "var": 110.184104919
    },
    "melbands_crest": {
        "dmean": 3.58984279633,
        "dmean2": 5.8227596283,
        "dvar": 11.7281236649,
        "dvar2": 29.1819915771,
        "max": 29.4096736908,
        "mean": 8.96456718445,
        "median": 7.43456792831,
        "min": 2.77725172043,
        "var": 22.3367156982
    },
    "melbands_flatness_db": {
        "dmean": 0.021831985563,
        "dmean2": 0.0316469781101,
        "dvar": 0.000667059444822,
        "dvar2": 0.00126783410087,
        "max": 0.316914111376,
        "mean": 0.114998608828,
        "median": 0.102722875774,
        "min": 0.0604248531163,
        "var": 0.00173145020381
    },
    "melbands_kurtosis": {
        "dmean": 1.78418874741,
        "dmean2": 3.08675789833,
        "dvar": 31.4957714081,
        "dvar2": 81.4712371826,
        "max": 61.9238739014,
        "mean": 0.235971748829,
        "median": -0.993122816086,
        "min": -1.74132966995,
        "var": 34.344127655
    },
    "melbands_skewness": {
        "dmean": 0.604487299919,
        "dmean2": 0.887689173222,
        "dvar": 0.549895405769,
        "dvar2": 1.19842684269,
        "max": 7.44245767593,
        "mean": -0.0678996220231,
        "median": -0.272207349539,
        "min": -5.28589200974,
        "var": 1.34344625473
    },
    "melbands_spread": {
        "dmean": 15.075668335,
        "dmean2": 24.4441223145,
        "dvar": 196.310592651,
        "dvar2": 485.303863525,
        "max": 125.838493347,
        "mean": 68.4285888672,
        "median": 69.28150177,
        "min": 6.27819681168,
        "var": 386.385070801
    },
    "pitch_salience": {
        "dmean": 0.0793781504035,
        "dmean2": 0.125171899796,
        "dvar": 0.00664776004851,
        "dvar2": 0.0170545950532,
        "max": 0.808905303478,
        "mean": 0.645174205303,
        "median": 0.669793963432,
        "min": 0.147447705269,
        "var": 0.010133555159
    },
    "silence_rate_20dB": {
        "dmean": 0,
        "dmean2": 0,
        "dvar": 0,
        "dvar2": 0,
        "max": 1,
        "mean": 1,
        "median": 1,
        "min": 1,
        "var": 0
    },
    "silence_rate_30dB": {
        "dmean": 0,
        "dmean2": 0,
        "dvar": 0,
        "dvar2": 0,
        "max": 1,
        "mean": 1,
        "median": 1,
        "min": 1,
        "var": 0
    },
    "silence_rate_60dB": {
        "dmean": 0,
        "dmean2": 0,
        "dvar": 0,
        "dvar2": 0,
        "max": 0,
        "mean": 0,
        "median": 0,
        "min": 0,
        "var": 0
    },
    "spectral_centroid": {
        "dmean": 169.382522583,
        "dmean2": 265.302978516,
        "dvar": 24582.9570312,
        "dvar2": 52570.8554688,
        "max": 3631.02368164,
        "mean": 2775.57421875,
        "median": 2769.13452148,
        "min": 1734.15283203,
        "var": 67304.25
    },
    "spectral_complexity": {
        "dmean": 5.49310350418,
        "dmean2": 8.03806209564,
        "dvar": 22.3326797485,
        "dvar2": 44.0504074097,
        "max": 50,
        "mean": 35.360824585,
        "median": 37,
        "min": 1,
        "var": 75.8182907104
    },
    "spectral_decrease": {
        "dmean": 5.06309327797e-10,
        "dmean2": 8.39761982174e-10,
        "dvar": 1.90897375075e-19,
        "dvar2": 4.42098775895e-19,
        "max": -1.26022026148e-09,
        "mean": -3.44449468948e-09,
        "median": -3.51312268165e-09,
        "min": -4.91258234092e-09,
        "var": 3.61759737781e-19
    },
    "spectral_energy": {
        "dmean": 0.00231037428603,
        "dmean2": 0.00379630643874,
        "dvar": 4.15441945734e-06,
        "dvar2": 9.58320106292e-06,
        "max": 0.0236578397453,
        "mean": 0.016128603369,
        "median": 0.0164452251047,
        "min": 0.00485174031928,
        "var": 8.53278652357e-06
    },
    "spectral_energyband_high": {
        "dmean": 0.000377301854314,
        "dmean2": 0.000596122292336,
        "dvar": 2.94052682648e-07,
        "dvar2": 8.02564898095e-07,
        "max": 0.00673446292058,
        "mean": 0.00100132229272,
        "median": 0.000953441252932,
        "min": 2.17742181121e-05,
        "var": 4.28502403338e-07
    },
    "spectral_energyband_low": {
        "dmean": 0.00106907053851,
        "dmean2": 0.00154053850565,
        "dvar": 2.18490754378e-06,
        "dvar2": 4.0950908442e-06,
        "max": 0.013514672406,
        "mean": 0.00172480975743,
        "median": 0.000921916041989,
        "min": 2.52119461948e-05,
        "var": 4.78900619783e-06
    },
    "spectral_energyband_middle_high": {
        "dmean": 0.00253887264989,
        "dmean2": 0.003870902583,
        "dvar": 4.5756792133e-06,
        "dvar2": 1.06054030766e-05,
        "max": 0.0225899145007,
        "mean": 0.0121122635901,
        "median": 0.012532630004,
        "min": 0.000255375896813,
        "var": 1.32900204335e-05
    },
    "spectral_energyband_middle_low": {
        "dmean": 0.00075394596206,
        "dmean2": 0.00122782995459,
        "dvar": 6.39885513465e-07,
        "dvar2": 1.60186777975e-06,
        "max": 0.00717100221664,
        "mean": 0.00156878458802,
        "median": 0.00137431966141,
        "min": 4.14375172113e-05,
        "var": 9.84677285487e-07
    },
    "spectral_entropy": {
        "dmean": 0.114730574191,
        "dmean2": 0.178785577416,
        "dvar": 0.0213047210127,
        "dvar2": 0.0520349889994,
        "max": 8.0089302063,
        "mean": 7.6592130661,
        "median": 7.69406366348,
        "min": 6.34889888763,
        "var": 0.0335734933615
    },
    "spectral_flux": {
        "dmean": 0.0129332980141,
        "dmean2": 0.0213221348822,
        "dvar": 0.000113451715151,
        "dvar2": 0.000334570271662,
        "max": 0.140576735139,
        "mean": 0.087438069284,
        "median": 0.0867739841342,
        "min": 0.0473471805453,
        "var": 0.00018097757129
    },
    "spectral_kurtosis": {
        "dmean": 2.47739267349,
        "dmean2": 4.36136388779,
        "dvar": 4.36418437958,
        "dvar2": 12.059387207,
        "max": 16.6154003143,
        "mean": 7.09372377396,
        "median": 6.54649066925,
        "min": 1.22452831268,
        "var": 6.98115539551
    },
    "spectral_rms": {
        "dmean": 0.000290489726467,
        "dmean2": 0.000474432978081,
        "dvar": 7.35538918661e-08,
        "dvar2": 1.59295780122e-07,
        "max": 0.00480425031856,
        "mean": 0.00394832342863,
        "median": 0.00400551129133,
        "min": 0.00217563891783,
        "var": 1.45954729192e-07
    },
    "spectral_rolloff": {
        "dmean": 308.221801758,
        "dmean2": 494.518585205,
        "dvar": 127653.101562,
        "dvar2": 265153.09375,
        "max": 4801.90429688,
        "mean": 3182.91870117,
        "median": 3251.51367188,
        "min": 107.666015625,
        "var": 280080.78125
    },
    "spectral_skewness": {
        "dmean": 0.273636639118,
        "dmean2": 0.45911732316,
        "dvar": 0.0616405829787,
        "dvar2": 0.134927541018,
        "max": 3.51520061493,
        "mean": 1.32342123985,
        "median": 1.29924976826,
        "min": 0.129343107343,
        "var": 0.118852831423
    },
    "spectral_spread": {
        "dmean": 222148.53125,
        "dmean2": 343831.9375,
        "dvar": 169244786688,
        "dvar2": 218203439104,
        "max": 8741441,
        "mean": 2426429.25,
        "median": 2412786.75,
        "min": 1764458.375,
        "var": 208993337344
    },
    "spectral_strongpeak": {
        "dmean": 1.97226989269,
        "dmean2": 3.37129974365,
        "dvar": 4.1328959465,
        "dvar2": 9.28490543365,
        "max": 15.7047805786,
        "mean": 2.62739038467,
        "median": 2.19534492493,
        "min": 0,
        "var": 6.43907499313
    },
    "zerocrossingrate": {
        "dmean": 0.00857691280544,
        "dmean2": 0.00966425146908,
        "dvar": 7.61584597058e-05,
        "dvar2": 7.86497039371e-05,
        "max": 0.1533203125,
        "mean": 0.10870885849,
        "median": 0.111328125,
        "min": 0.009765625,
        "var": 0.000338235753588
    },
    "barkbands": {
        "dmean": [9.30511941988e-06, 0.00083715794608, 0.000282120832708, 0.000348662957549, 0.000258642772678, 0.000146017278894, 0.000125794918858, 8.38464475237e-05, 0.000238605949562, 0.000195012093172, 0.000187660276424, 0.000286155234789, 0.000126067010569, 0.000861485372297, 0.000896142970305, 0.00128352618776, 0.00146705796942, 0.000961661862675, 0.000864378467668, 0.000487853161758, 0.000225891242735, 5.21659640071e-05, 7.25008112568e-06, 1.20506265375e-05, 4.93387824463e-06, 2.77642720903e-06, 1.74731198399e-07],
        "dmean2": [1.38499235618e-05, 0.00118103565183, 0.000477729539853, 0.000582907407079, 0.000435810652561, 0.000261044304352, 0.000206591226743, 0.000140521442518, 0.000413737812778, 0.000311498064548, 0.000321491301293, 0.000505997100845, 0.000200970520382, 0.00140737940092, 0.00145667477045, 0.00208409968764, 0.00238181836903, 0.0015700754011, 0.00138266198337, 0.000802192313131, 0.000355888303602, 7.90077901911e-05, 1.11498675324e-05, 1.86099623534e-05, 7.16357544661e-06, 4.00962517233e-06, 2.83729150397e-07],
        "dvar": [1.77026004966e-09, 1.78483276159e-06, 1.44603205854e-07, 3.03218001818e-07, 1.01537118269e-07, 2.96970252833e-08, 2.27661605123e-08, 1.55368429233e-08, 1.28596767013e-07, 7.36813987601e-08, 6.47121538577e-08, 2.50765310739e-07, 4.27148982851e-08, 1.34040362809e-06, 1.38675795824e-06, 2.22054745791e-06, 3.53040218215e-06, 2.33221157941e-06, 1.40362078582e-06, 7.06313983301e-07, 7.89134446677e-08, 2.79122747138e-09, 1.04051434135e-10, 1.72073535976e-10, 2.82637906135e-11, 1.08867134058e-11, 5.60436876215e-14],
        "dvar2": [1.94712401758e-09, 3.29476279148e-06, 3.82035977964e-07, 7.63891307543e-07, 2.600930884e-07, 8.20312635597e-08, 5.61051152204e-08, 3.79559850217e-08, 3.59252169346e-07, 1.61883392025e-07, 1.82121397074e-07, 7.24417077436e-07, 1.0661302241e-07, 3.18420438816e-06, 3.4363663417e-06, 5.96518430029e-06, 8.23104528536e-06, 5.3279209169e-06, 2.99918565361e-06, 1.73058401742e-06, 2.19313449179e-07, 6.76809230882e-09, 2.08512720978e-10, 4.06467887126e-10, 5.50190622228e-11, 2.09149815522e-11, 1.27746324261e-13],
        "max": [0.000712231034413, 0.0118726510555, 0.00288626621477, 0.0047059408389, 0.00330204330385, 0.00160343328025, 0.00164158164989, 0.00118818401825, 0.00305503234267, 0.00346326734871, 0.00220229034312, 0.00387192075141, 0.00249688071199, 0.0118910251185, 0.0133219389245, 0.0100434320047, 0.0216017495841, 0.017500847578, 0.0135693475604, 0.00749291433021, 0.00240222387947, 0.000509341596626, 0.000112411886221, 0.00015711816377, 4.95704734931e-05, 3.32974959747e-05, 2.71598992185e-06],
        "mean": [9.74496833805e-06, 0.00117743480951, 0.000323449872667, 0.000381463119993, 0.000363012397429, 0.000169716906385, 0.000161913179909, 0.000106229665107, 0.000305776804453, 0.000285812333459, 0.000249958538916, 0.000378905038815, 0.000167212783708, 0.00125805102289, 0.00145912542939, 0.00213382369839, 0.00239757937379, 0.00158386444673, 0.0016694428632, 0.000853293400723, 0.000506434065755, 0.000122308032587, 1.49515180965e-05, 3.03217766486e-05, 1.19793285194e-05, 6.52329117656e-06, 2.79524670077e-07],
        "median": [3.69658255295e-06, 0.000442168849986, 0.00017466461577, 0.000163463060744, 0.000280149513856, 0.000107656356704, 0.000104086386273, 6.31687071291e-05, 0.000186382094398, 0.000185732526006, 0.000155867368449, 0.00025724931038, 9.95355658233e-05, 0.000888896291144, 0.000880145642441, 0.00169782619923, 0.00179418851621, 0.00111424794886, 0.00137053779326, 0.000637933204416, 0.000427662860602, 0.000106023799162, 1.05947610791e-05, 2.79171799775e-05, 9.67047071754e-06, 5.50341519556e-06, 1.85922317542e-07],
        "min": [4.41798704287e-08, 1.50009527715e-05, 4.03368767365e-06, 1.54744418523e-06, 1.31428159875e-05, 3.34428250426e-06, 3.40980636793e-06, 2.28263343161e-06, 4.00513999921e-06, 4.53852362625e-06, 2.35997299569e-06, 1.14542390293e-05, 2.90507068712e-06, 1.46464599311e-05, 5.807393336e-06, 5.19324130437e-05, 2.33242917602e-05, 1.81849281944e-05, 3.8910726289e-05, 2.01320672204e-05, 1.1793574231e-05, 2.40824647335e-06, 2.03323267556e-07, 2.12032745139e-07, 1.08834107948e-07, 4.29220499143e-08, 1.54291213139e-09],
        "var": [1.81719617132e-09, 3.54960275217e-06, 1.60030836582e-07, 3.51163322421e-07, 1.15664683165e-07, 3.22210205184e-08, 3.68693164887e-08, 2.13964224116e-08, 1.39559787726e-07, 1.23032364741e-07, 8.24715939984e-08, 2.21536311074e-07, 6.51056026868e-08, 2.01490593099e-06, 2.78466950476e-06, 2.95762174574e-06, 5.31690284333e-06, 3.51017115463e-06, 2.08294500226e-06, 9.19662454635e-07, 1.30499216766e-07, 5.5526059306e-09, 2.42511927206e-10, 3.51722484471e-10, 7.65481775189e-11, 2.53509487708e-11, 1.06810420968e-13]
    },
    "erbbands": {
        "dmean": [0.0200896132737, 0.206872209907, 0.331080466509, 0.752404034138, 0.906485319138, 1.08048176765, 0.768410503864, 1.33791637421, 0.860205054283, 2.70002102852, 2.54756522179, 5.14943933487, 5.20846271515, 6.09596681595, 9.41646003723, 9.95805358887, 4.83663368225, 27.2044258118, 51.0080757141, 49.2755393982, 70.1510772705, 80.9363479614, 41.7457466125, 54.8812904358, 33.5036621094, 23.2837219238, 8.13121509552, 8.07912254333, 2.31428670883, 0.473761081696, 0.200812444091, 0.325925081968, 0.152804717422, 0.0723443627357, 0.0284185204655, 0.0175041407347, 0.00384248653427, 0.000405428028898, 1.49246016008e-05, 3.53253381036e-06],
        "dmean2": [0.0274090208113, 0.297364890575, 0.549631714821, 1.23706245422, 1.58565473557, 1.834004879, 1.29577291012, 2.45364880562, 1.44631576538, 4.43928909302, 4.27636432648, 8.87445831299, 8.67855358124, 9.9961977005, 15.7781410217, 17.2653141022, 7.78606367111, 45.4792747498, 84.1729736328, 80.0272521973, 113.706504822, 134.289718628, 66.0518035889, 88.6292877197, 50.373752594, 38.3866004944, 12.802731514, 13.1808319092, 3.52358150482, 0.690933942795, 0.298620283604, 0.506900250912, 0.232567384839, 0.108930982649, 0.040255215019, 0.0257707573473, 0.00555960927159, 0.000600202125497, 2.25871481234e-05, 5.52171240997e-06],
        "dvar": [0.000876405334566, 0.114694185555, 0.210077986121, 1.4421544075, 1.07308483124, 2.46864748001, 0.621056556702, 2.93894910812, 0.848947882652, 12.9422645569, 19.6458263397, 55.3914299011, 77.1693344116, 89.129776001, 171.18447876, 279.944091797, 36.2826004028, 1188.28771973, 2646.98828125, 3196.31933594, 7718.20507812, 9313.79492188, 2287.19555664, 5511.24560547, 4344.05712891, 1725.15112305, 82.8843154907, 127.547142029, 6.22557926178, 0.247020244598, 0.0701870694757, 0.162502542138, 0.0289832409471, 0.00500227930024, 0.00165195635054, 0.000558540108614, 1.36669577842e-05, 2.77958520201e-07, 4.17747336723e-10, 8.94761174874e-12],
        "dvar2": [0.00138167163823, 0.2269603163, 0.537556231022, 3.50339841843, 2.75982451439, 6.54510688782, 1.63457536697, 8.23893070221, 2.26073098183, 27.5223197937, 51.6192817688, 154.290466309, 199.173965454, 230.74597168, 484.043914795, 804.863830566, 93.673538208, 3130.65649414, 6737.20654297, 8768.25, 20631.6972656, 22618.765625, 5321.52490234, 12774.7060547, 8429.09765625, 3878.57788086, 232.005386353, 350.140991211, 15.426440239, 0.505335569382, 0.142613530159, 0.417515575886, 0.0636510774493, 0.0104621630162, 0.00327678117901, 0.00106013985351, 3.0025430533e-05, 6.40993619072e-07, 8.61987980993e-10, 2.15374818674e-11],
        "max": [0.299410492182, 3.07579421997, 3.5896217823, 11.1127872467, 7.60432004929, 14.6367511749, 6.27826547623, 15.6569356918, 6.79417848587, 41.6710891724, 34.3385848999, 65.8034439087, 97.0835571289, 107.204444885, 108.600410461, 152.578872681, 53.1204910278, 316.43081665, 435.498168945, 517.581726074, 648.514465332, 874.815124512, 440.365509033, 739.939025879, 948.307373047, 508.439605713, 89.3468933105, 102.627746582, 26.5379943848, 5.10499572754, 3.07086038589, 4.37760972977, 1.92809224129, 0.773331046104, 0.3500200212, 0.244711697102, 0.0419570840895, 0.00542566459626, 0.000223821713007, 3.9920090785e-05],
        "mean": [0.0296171363443, 0.280183106661, 0.41956025362, 0.91545432806, 1.19227302074, 1.28911006451, 1.09120666981, 1.50273764133, 1.25114953518, 3.52832818031, 3.23475527763, 6.80074357986, 7.59585237503, 9.04640769958, 13.5413074493, 13.8304624557, 8.08760929108, 41.9512710571, 83.8202590942, 87.9750061035, 121.111412048, 137.237350464, 81.6588363647, 106.390197754, 67.9320220947, 42.3963356018, 19.8524837494, 17.1433429718, 5.54547977448, 1.1302472353, 0.46055907011, 0.731979012489, 0.389538019896, 0.185878545046, 0.0561718940735, 0.0383044779301, 0.0094340769574, 0.000876794743817, 4.13720990764e-05, 2.44460134127e-05],
        "median": [0.0113081987947, 0.114803820848, 0.234794482589, 0.480938762426, 0.828419566154, 0.894836008549, 0.803075194359, 0.926557958126, 0.887629568577, 2.25655698776, 1.82701146603, 4.20360946655, 4.731133461, 6.21832180023, 8.52208805084, 9.68659210205, 5.83132076263, 30.6875495911, 62.1996459961, 68.6173629761, 94.9092559814, 101.132476807, 64.7207870483, 86.9999465942, 54.2093772888, 30.5044689178, 18.0624027252, 14.708990097, 4.95584726334, 0.97147911787, 0.35014206171, 0.65223222971, 0.372215420008, 0.173014223576, 0.0349857509136, 0.0297634843737, 0.00841865502298, 0.000647423788905, 3.37997771567e-05, 2.49076711043e-05],
        "min": [0.000384597107768, 0.00318133505061, 0.00484507670626, 0.00316753960215, 0.00838796887547, 0.0304729565978, 0.0245417039841, 0.0396728217602, 0.0365243256092, 0.0623263418674, 0.0642843395472, 0.0798975378275, 0.107299625874, 0.173670843244, 0.545001804829, 0.332640707493, 0.201285764575, 0.589239656925, 0.640272557735, 1.04473793507, 4.31331253052, 1.62543272972, 0.886278092861, 1.97577238083, 1.53083395958, 1.1967369318, 0.559019267559, 0.326442956924, 0.114090666175, 0.0149696851149, 0.00628982391208, 0.00563636235893, 0.00258086505346, 0.00133759470191, 0.000562931993045, 0.000252058875049, 6.21212966507e-05, 4.08193636758e-06, 5.14334078616e-06, 6.77874641042e-06],
        "var": [0.00229869410396, 0.2009678334, 0.242914840579, 1.76631510258, 1.30892336369, 2.28156280518, 0.893641114235, 2.84833264351, 1.35483253002, 21.4020004272, 19.4258384705, 68.6410522461, 95.9671173096, 111.83984375, 215.021011353, 258.442749023, 60.0508613586, 1768.15527344, 5119.27001953, 5803.93847656, 9850.81054688, 14374.3105469, 3946.62109375, 8321.78515625, 6625.8359375, 2490.41821289, 133.57649231, 195.134094238, 11.3334207535, 0.632909357548, 0.175933882594, 0.277790516615, 0.0565992332995, 0.0134351523593, 0.00346564385109, 0.00118006987032, 3.95483803004e-05, 6.86836983732e-07, 8.33275670686e-10, 2.51764893655e-11]
    },
    "gfcc": {
        "mean": [0.146180942655, 62.0402450562, -174.229431152, 57.9203262329, -30.2307434082, 5.13455152512, -33.2583389282, 15.7351884842, -24.5825710297, 3.48311924934, -22.0089015961, -3.7513692379, -3.51764297485],
        "cov": [[723.772094727, -215.942001343, -83.9920120239, -183.189331055, -223.990463257, -32.0224609375, -102.103981018, -4.68264055252, -96.3256759644, 101.373825073, -31.6019592285, 7.73477888107, -61.0605049133], [-215.942001343, 513.438659668, 53.5633049011, 99.8624420166, 122.182998657, 38.2210922241, 138.316116333, -29.3561935425, 44.3611717224, -48.1611480713, 41.1279067993, -46.7017936707, 41.7609672546], [-83.9920120239, 53.5633049011, 135.995697021, 92.0547103882, 54.7073707581, 29.7998256683, 21.844039917, 7.74497652054, -5.45683526993, 6.054646492, 18.0471153259, 10.3909215927, -3.96655368805], [-183.189331055, 99.8624420166, 92.0547103882, 173.966278076, 126.338539124, 44.0245475769, 48.476474762, -5.51150131226, 3.85832810402, -20.0288715363, 34.8867073059, -0.474494099617, 18.0413455963], [-223.990463257, 122.182998657, 54.7073707581, 126.338539124, 159.615310669, 56.6965446472, 53.070602417, -3.92150783539, 28.3173694611, -23.8388957977, 22.1308307648, -2.99090099335, 21.194562912], [-32.0224609375, 38.2210922241, 29.7998256683, 44.0245475769, 56.6965446472, 73.8594512939, 42.7205734253, 2.74034404755, 8.52764892578, 16.8801879883, 18.0579681396, 3.86885309219, 5.66170549393], [-102.103981018, 138.316116333, 21.844039917, 48.476474762, 53.070602417, 42.7205734253, 96.0781860352, 18.9904594421, 19.5550270081, -11.1988334656, 29.8372783661, -9.75026512146, 12.2057924271], [-4.68264055252, -29.3561935425, 7.74497652054, -5.51150131226, -3.92150783539, 2.74034404755, 18.9904594421, 63.4856338501, 27.2587966919, -2.83735918999, 2.2642724514, 16.2482509613, -1.81600189209], [-96.3256759644, 44.3611717224, -5.45683526993, 3.85832810402, 28.3173694611, 8.52764892578, 19.5550270081, 27.2587966919, 71.5924301147, 6.45246982574, -3.6959631443, -2.1394803524, 18.5012054443], [101.373825073, -48.1611480713, 6.054646492, -20.0288715363, -23.8388957977, 16.8801879883, -11.1988334656, -2.83735918999, 6.45246982574, 77.5363311768, 19.5486907959, 3.64113736153, -4.65488052368], [-31.6019592285, 41.1279067993, 18.0471153259, 34.8867073059, 22.1308307648, 18.0579681396, 29.8372783661, 2.2642724514, -3.6959631443, 19.5486907959, 68.964050293, 22.7837982178, 0.588458657265], [7.73477888107, -46.7017936707, 10.3909215927, -0.474494099617, -2.99090099335, 3.86885309219, -9.75026512146, 16.2482509613, -2.1394803524, 3.64113736153, 22.7837982178, 58.2349014282, 11.026717186], [-61.0605049133, 41.7609672546, -3.96655368805, 18.0413455963, 21.194562912, 5.66170549393, 12.2057924271, -1.81600189209, 18.5012054443, -4.65488052368, 0.588458657265, 11.026717186, 50.1982803345]],
        "icov": [[0.00634176889434, -0.00356514053419, 0.005366708152, -0.00261509930715, 0.0066095078364, -0.00480612413958, 0.00591173069552, -0.00757468957454, 0.0106619074941, -0.0100136063993, 0.00615847017616, -0.00303321192041, 0.00381979020312], [-0.00356514053419, 0.00782637298107, -0.00642640329897, 0.00424673780799, -0.00540318712592, 0.00535028241575, -0.0109378052875, 0.0105545902625, -0.00966905988753, 0.00909218750894, -0.00681313639507, 0.00517516164109, -0.00481249578297], [0.005366708152, -0.00642640329897, 0.0205503627658, -0.0136861884966, 0.00796799454838, -0.00570332910866, 0.0075342557393, -0.01166132465, 0.0126778157428, -0.0148237934336, 0.0117775425315, -0.00931847468019, 0.00930381845683], [-0.00261509930715, 0.00424673780799, -0.0136861884966, 0.0253180135041, -0.0174265448004, 0.00414543459192, -0.00435083452612, 0.00457365252078, -0.00151661830023, 0.00920129194856, -0.0123619940132, 0.00918159820139, -0.00924084428698], [0.0066095078364, -0.00540318712592, 0.00796799454838, -0.0174265448004, 0.031108783558, -0.0172940138727, 0.00922193191946, -0.00441366620362, 0.00174788455479, -0.00379540328868, 0.00628981040791, -0.00450262101367, 0.00576053652912], [-0.00480612413958, 0.00535028241575, -0.00570332910866, 0.00414543459192, -0.0172940138727, 0.0360216386616, -0.0227780062705, 0.0103923790157, -0.00502164801583, -0.00493264663965, 0.00230894051492, -0.00466224644333, -0.000693679845426], [0.00591173069552, -0.0109378052875, 0.0075342557393, -0.00435083452612, 0.00922193191946, -0.0227780062705, 0.0429663136601, -0.024836268276, 0.0127780269831, -0.00300781964324, -0.00660588778555, 0.00860948022455, -0.00102321233135], [-0.00757468957454, 0.0105545902625, -0.01166132465, 0.00457365252078, -0.00441366620362, 0.0103923790157, -0.024836268276, 0.043964613229, -0.0297813173383, 0.017210541293, -0.00550474226475, -0.00609931536019, 0.001737846178], [0.0106619074941, -0.00966905988753, 0.0126778157428, -0.00151661830023, 0.00174788455479, -0.00502164801583, 0.0127780269831, -0.0297813173383, 0.046434931457, -0.0265834983438, 0.0153401987627, -0.00303803943098, -0.000888004666194], [-0.0100136063993, 0.00909218750894, -0.0148237934336, 0.00920129194856, -0.00379540328868, -0.00493264663965, -0.00300781964324, 0.017210541293, -0.0265834983438, 0.0427132211626, -0.025767153129, 0.0144632188603, -0.00982640031725], [0.00615847017616, -0.00681313639507, 0.0117775425315, -0.0123619940132, 0.00628981040791, 0.00230894051492, -0.00660588778555, -0.00550474226475, 0.0153401987627, -0.025767153129, 0.0410381890833, -0.0243893545121, 0.0138567881659], [-0.00303321192041, 0.00517516164109, -0.00931847468019, 0.00918159820139, -0.00450262101367, -0.00466224644333, 0.00860948022455, -0.00609931536019, -0.00303803943098, 0.0144632188603, -0.0243893545121, 0.0385504104197, -0.0176395438612], [0.00381979020312, -0.00481249578297, 0.00930381845683, -0.00924084428698, 0.00576053652912, -0.000693679845426, -0.00102321233135, 0.001737846178, -0.000888004666194, -0.00982640031725, 0.0138567881659, -0.0176395438612, 0.0337134078145]]
    },
    "melbands": {
        "dmean": [0.000215056192246, 0.00019540489302, 0.00012887903722, 6.72371097608e-05, 2.91586147796e-05, 2.87085385935e-05, 1.70618004631e-05, 2.56865223491e-05, 2.73674213531e-05, 3.17050471494e-05, 2.65604776359e-05, 2.56445637206e-05, 3.07886075461e-05, 3.82098551199e-05, 1.14772583402e-05, 2.14954325202e-05, 5.72836543142e-05, 9.28870140342e-05, 7.27741207811e-05, 7.78487155912e-05, 9.29257585085e-05, 8.82043823367e-05, 6.04548840784e-05, 4.72200154036e-05, 4.90482343594e-05, 3.03608812828e-05, 2.37034964812e-05, 1.48741992234e-05, 4.1897696974e-06, 8.58316798258e-06, 3.57718795385e-06, 1.59865930982e-06, 6.31764862646e-07, 1.73087144617e-07, 1.05339921674e-07, 1.86492258081e-07, 2.05937070064e-07, 1.30693919687e-07, 8.00650923338e-08, 6.17384685597e-08],
        "dmean2": [0.000298389117233, 0.000307520560455, 0.000213103587157, 0.000115816037578, 4.8818608775e-05, 5.21877627762e-05, 2.83820481854e-05, 4.23228775617e-05, 4.70439044875e-05, 5.49063261133e-05, 4.40343355876e-05, 4.23205674451e-05, 5.16543259437e-05, 6.81859310134e-05, 2.00619360839e-05, 3.64225052181e-05, 9.57773445407e-05, 0.000155968009494, 0.000115585455205, 0.000131200038595, 0.000150743944687, 0.000144919831655, 0.000100793033198, 7.6132157119e-05, 8.0565107055e-05, 4.7107514547e-05, 3.7150352e-05, 2.47872449108e-05, 7.02304214428e-06, 1.40031925184e-05, 5.81297808822e-06, 2.48267883762e-06, 9.80820800578e-07, 2.55546723338e-07, 1.60461908649e-07, 3.09818574351e-07, 3.19002396054e-07, 2.01414806611e-07, 1.24995864326e-07, 9.5237552955e-08],
        "dvar": [1.13856444273e-07, 8.48585557378e-08, 3.82379248265e-08, 7.70184982457e-09, 8.93776219701e-10, 1.27947952233e-09, 3.47901013553e-10, 1.184910281e-09, 2.40668618368e-09, 2.11264739036e-09, 1.88558502145e-09, 1.64831426286e-09, 1.66904612353e-09, 4.7595989372e-09, 2.5194446529e-10, 1.24145960179e-09, 5.19319032222e-09, 1.14557714426e-08, 1.38768321278e-08, 7.96305865691e-09, 1.49970382779e-08, 1.26391936917e-08, 5.81882853012e-09, 6.49969544853e-09, 4.38884129039e-09, 3.10735792652e-09, 1.40248468394e-09, 7.88072329616e-10, 1.66626521608e-11, 1.14335499402e-10, 2.18874588592e-11, 3.50592970454e-12, 3.69623792294e-13, 6.3525207772e-14, 2.38578603352e-14, 8.73887618627e-14, 5.57515120766e-14, 2.51751829154e-14, 5.57751502251e-15, 4.29408646566e-15],
        "dvar2": [1.9053329936e-07, 1.91033720398e-07, 9.53360625999e-08, 1.94624814043e-08, 2.27032570521e-09, 3.56763174558e-09, 9.29410326478e-10, 2.47971465583e-09, 6.42566710951e-09, 5.90445958792e-09, 4.8360848659e-09, 4.06149602838e-09, 4.69747440945e-09, 1.37255327104e-08, 6.92091439713e-10, 3.24111093519e-09, 1.32881003978e-08, 2.76112075426e-08, 3.37177432641e-08, 2.14253059738e-08, 4.02184845427e-08, 3.11030774469e-08, 1.25473667012e-08, 1.4402010251e-08, 1.02338795216e-08, 6.38253361274e-09, 3.48941253669e-09, 1.7531537333e-09, 4.65143132344e-11, 3.06706549047e-10, 6.05569552836e-11, 8.65549645845e-12, 8.56511638957e-13, 1.34086033834e-13, 4.95658303626e-14, 2.29029387686e-13, 1.36791728118e-13, 5.78292906725e-14, 1.39749094526e-14, 9.27698266514e-15],
        "max": [0.0028744135052, 0.00275782472454, 0.00165130733512, 0.000897979189176, 0.000256596686086, 0.000327683286741, 0.000161749660037, 0.000387724197935, 0.000330080161802, 0.000395657552872, 0.000470671686344, 0.00043297468801, 0.00034557809704, 0.000536989304237, 0.000124969083117, 0.00033200692269, 0.000657058379147, 0.000978063093498, 0.00144796795212, 0.000603612978011, 0.00105161871761, 0.00115114450455, 0.000986941740848, 0.000880685634911, 0.000598220620304, 0.000698596297298, 0.000417645816924, 0.000377337069949, 3.0675164453e-05, 8.78685750649e-05, 4.77751309518e-05, 1.91123726836e-05, 6.52475546303e-06, 2.21603227146e-06, 1.6198606545e-06, 3.50588516085e-06, 3.13461077894e-06, 1.93801929527e-06, 6.24936660643e-07, 6.40050984657e-07],
        "mean": [0.00031270988984, 0.000276461156318, 0.000165574005223, 9.22256003832e-05, 4.20299475081e-05, 3.2366020605e-05, 2.37290551013e-05, 3.4641881939e-05, 3.21921470459e-05, 4.23935271101e-05, 3.77996548195e-05, 3.60235426342e-05, 4.1475159378e-05, 4.92517028761e-05, 1.68841797858e-05, 2.767969454e-05, 8.41530927573e-05, 0.000138159986818, 0.000119064978207, 0.000122332072351, 0.000144465346239, 0.000140439515235, 9.73058995442e-05, 7.68387326389e-05, 8.96703859325e-05, 5.46622977708e-05, 4.1397739551e-05, 2.39256823988e-05, 8.7885218818e-06, 1.66763347806e-05, 7.19353556633e-06, 3.38491781804e-06, 1.39516635045e-06, 3.19158260709e-07, 2.10612100204e-07, 3.81664676752e-07, 4.69476844955e-07, 2.95632020197e-07, 2.0164473824e-07, 1.40434636364e-07],
        "median": [0.000113966067147, 0.000141240554512, 9.84015423455e-05, 6.88331492711e-05, 3.09909810312e-05, 2.01432849281e-05, 1.60773161042e-05, 2.28401349887e-05, 1.81186478585e-05, 2.54878996202e-05, 2.32910024351e-05, 2.35989191424e-05, 2.5048479074e-05, 3.14698991133e-05, 1.19772921607e-05, 1.72781346919e-05, 6.01932115387e-05, 0.000102568410512, 7.06993159838e-05, 9.56488074735e-05, 0.000110277469503, 0.000101164790976, 7.38790258765e-05, 5.13869090355e-05, 7.15088026482e-05, 4.04217826144e-05, 2.978664088e-05, 1.64434059116e-05, 7.71871509642e-06, 1.38102604978e-05, 5.96539985054e-06, 2.9046968848e-06, 1.26032534808e-06, 2.12884970097e-07, 1.40674075055e-07, 3.02051546441e-07, 4.2453686433e-07, 2.64122803628e-07, 1.9120766126e-07, 1.2331416599e-07],
        "min": [3.78917707167e-06, 2.86105205305e-06, 7.37473271784e-07, 2.60821525444e-06, 8.70073222359e-07, 6.15442388607e-07, 6.4543382905e-07, 4.98560950746e-07, 4.85063480937e-07, 5.57146847768e-07, 4.30362973702e-07, 6.38164351585e-07, 1.22952485526e-06, 1.75358377419e-06, 3.04985661614e-07, 3.56485287512e-07, 1.15832324354e-06, 1.19082358196e-06, 3.46400639728e-07, 2.55043892139e-06, 4.23795790994e-06, 1.71064948518e-06, 4.30851997635e-07, 1.04192429262e-06, 1.73745286247e-06, 1.17272884381e-06, 9.16264696116e-07, 7.24891037862e-07, 2.33601227251e-07, 3.54215814014e-07, 1.21276642062e-07, 7.98612163067e-08, 1.61754893924e-08, 4.29737090357e-09, 3.45062800555e-09, 3.38841954495e-09, 3.36849348415e-09, 2.01080374573e-09, 1.10106568307e-09, 1.13022058379e-09],
        "var": [2.5971283435e-07, 1.21001718867e-07, 4.54789841342e-08, 8.26599411141e-09, 1.30802313425e-09, 1.28667720922e-09, 5.64701785333e-10, 2.02192818044e-09, 2.17055040608e-09, 2.63516253263e-09, 2.46873477217e-09, 2.08822314995e-09, 2.19617213304e-09, 4.23368096136e-09, 2.69836958333e-10, 1.50827494938e-09, 7.87064191599e-09, 1.8594610296e-08, 2.64070916245e-08, 9.6820516049e-09, 1.76825540876e-08, 1.79252044319e-08, 9.64528545921e-09, 9.5284704571e-09, 6.33924024385e-09, 4.24147073019e-09, 2.29803243101e-09, 1.01496011595e-09, 2.62827537512e-11, 1.76864300983e-10, 3.38146455281e-11, 5.47939167997e-12, 8.28200734989e-13, 1.21560720474e-13, 5.0822305484e-14, 1.25329705381e-13, 1.02317331311e-13, 4.06934482313e-14, 1.33079463925e-14, 9.80772503956e-15]
    },
    "mfcc": {
        "mean": [-622.774536133, 83.4181137085, -63.8633804321, 46.6343231201, 14.5522289276, 2.1763484478, 7.17628955841, 0.972385466099, 13.5626773834, 1.70736193657, -3.09480142593, -0.97558093071, -8.75891304016],
        "cov": [[808.864624023, -151.272216797, -46.6109313965, -191.921569824, -170.554626465, -94.4674758911, -68.2467803955, -124.895904541, -91.9713134766, 10.3811159134, -4.72666692734, -40.3058204651, 18.6741161346], [-151.272216797, 349.186218262, 15.9441747665, 70.5033569336, 13.2274808884, 59.5532875061, 58.2340583801, 40.4757766724, 44.2979049683, 8.97551250458, 21.1910915375, -0.688125193119, 6.08334207535], [-46.6109313965, 15.9441747665, 102.029251099, 47.2332420349, 12.4927062988, 18.9659996033, 23.1735706329, 8.56173324585, -7.32472038269, 2.59846758842, 1.44124543667, 18.2104473114, 20.2478694916], [-191.921569824, 70.5033569336, 47.2332420349, 141.941894531, 82.4843063354, 55.9850234985, 58.0235786438, 38.6400337219, 15.8042631149, -7.88588857651, 4.39133787155, 20.8039550781, -3.89064693451], [-170.554626465, 13.2274808884, 12.4927062988, 82.4843063354, 110.860862732, 60.009262085, 26.9683132172, 26.9971237183, 21.1984214783, -5.91235780716, 4.33368253708, 19.7957172394, -13.728228569], [-94.4674758911, 59.5532875061, 18.9659996033, 55.9850234985, 60.009262085, 106.210945129, 57.8882331848, 7.2111082077, 6.83541154861, 12.9281101227, 17.9065818787, 7.77161836624, -3.49244093895], [-68.2467803955, 58.2340583801, 23.1735706329, 58.0235786438, 26.9683132172, 57.8882331848, 97.7086334229, 30.9059410095, -11.1876535416, 4.17037248611, 17.2791900635, 10.8756065369, 2.85353899002], [-124.895904541, 40.4757766724, 8.56173324585, 38.6400337219, 26.9971237183, 7.2111082077, 30.9059410095, 90.1427841187, 30.0777511597, -10.3147373199, 3.0798933506, 15.7978563309, 13.1082782745], [-91.9713134766, 44.2979049683, -7.32472038269, 15.8042631149, 21.1984214783, 6.83541154861, -11.1876535416, 30.0777511597, 82.4604949951, 17.4139404297, -8.5309715271, -2.90269994736, -1.73932099342], [10.3811159134, 8.97551250458, 2.59846758842, -7.88588857651, -5.91235780716, 12.9281101227, 4.17037248611, -10.3147373199, 17.4139404297, 69.0466156006, 20.3771762848, -18.1327877045, -0.658852159977], [-4.72666692734, 21.1910915375, 1.44124543667, 4.39133787155, 4.33368253708, 17.9065818787, 17.2791900635, 3.0798933506, -8.5309715271, 20.3771762848, 59.348739624, 11.2849340439, -5.17994070053], [-40.3058204651, -0.688125193119, 18.2104473114, 20.8039550781, 19.7957172394, 7.77161836624, 10.8756065369, 15.7978563309, -2.90269994736, -18.1327877045, 11.2849340439, 64.8083877563, 20.6554164886], [18.6741161346, 6.08334207535, 20.2478694916, -3.89064693451, -13.728228569, -3.49244093895, 2.85353899002, 13.1082782745, -1.73932099342, -0.658852159977, -5.17994070053, 20.6554164886, 78.9881439209]],
