{
"lowlevel": {
    "average_loudness": 0.979106903076,
    "barkbands_crest": {
        "dmean": 3.49770641327,
        "dmean2": 5.74666976929,
        "dvar": 7.54560422897,
        "dvar2": 17.0091629028,
        "max": 22.356836319,
        "mean": 12.333855629,
        "median": 11.7496938705,
        "min": 4.44619178772,
        "var": 24.2598228455
    },
    "barkbands_flatness_db": {
        "dmean": 0.0205625090748,
        "dmean2": 0.03280550614,
        "dvar": 0.000314141332638,
        "dvar2": 0.000521643378306,
        "max": 0.257587134838,
        "mean": 0.176419630647,
        "median": 0.180378228426,
        "min": 0.0909087136388,
        "var": 0.00163453991991
    },
    "barkbands_kurtosis": {
        "dmean": 1.02725350857,
        "dmean2": 1.68699681759,
        "dvar": 1.0615285635,
        "dvar2": 2.3307621479,
        "max": 5.74288463593,
        "mean": -0.371924132109,
        "median": -1.13620579243,
        "min": -1.81409192085,
        "var": 2.74892091751
    },
    "barkbands_skewness": {
        "dmean": 0.552180588245,
        "dmean2": 0.81648683548,
        "dvar": 0.184064820409,
        "dvar2": 0.382822483778,
        "max": 2.70462584496,
        "mean": 0.500782966614,
        "median": 0.481686323881,
        "min": -1.97192955017,
        "var": 1.00708425045
    },
    "barkbands_spread": {
        "dmean": 6.29836368561,
        "dmean2": 9.20770454407,
        "dvar": 26.2043132782,
        "dvar2": 50.7021446228,
        "max": 63.2436523438,
        "mean": 34.6930160522,
        "median": 33.8113021851,
        "min": 10.800948143,
        "var": 127.598182678
    },
    "dissonance": {
        "dmean": 0.00495475018397,
        "dmean2": 0.00787916779518,
        "dvar": 0.000106849664007,
        "dvar2": 0.000123090430861,
        "max": 0.497967720032,
        "mean": 0.490343868732,
        "median": 0.491735458374,
        "min": 0.399820804596,
        "var": 0.000111569075671
    },
    "dynamic_complexity": 1.08119165897,
    "erbbands_crest": {
        "dmean": 2.30892777443,
        "dmean2": 4.07589292526,
        "dvar": 5.75474309921,
        "dvar2": 14.702542305,
        "max": 19.8816070557,
        "mean": 8.81436061859,
        "median": 7.4686217308,
        "min": 5.38299703598,
        "var": 11.1568775177
    },
    "erbbands_flatness_db": {
        "dmean": 0.0130323292688,
        "dmean2": 0.0213043689728,
        "dvar": 0.000119661912322,
        "dvar2": 0.000243065485847,
        "max": 0.310931891203,
        "mean": 0.237130150199,
        "median": 0.238587915897,
        "min": 0.182092770934,
        "var": 0.000648160639685
    },
    "erbbands_kurtosis": {
        "dmean": 2.11766958237,
        "dmean2": 3.32782006264,
        "dvar": 3.22251820564,
        "dvar2": 7.5603351593,
        "max": 13.7253131866,
        "mean": 3.12841033936,
        "median": 2.91479635239,
        "min": -1.72179925442,
        "var": 11.1199169159
    },
    "erbbands_skewness": {
        "dmean": 0.368090987206,
        "dmean2": 0.591675341129,
        "dvar": 0.0809035599232,
        "dvar2": 0.185600101948,
        "max": -0.190701559186,
        "mean": -1.58179628849,
        "median": -1.64130806923,
        "min": -3.11911320686,
        "var": 0.307595998049
    },
    "erbbands_spread": {
        "dmean": 9.59589481354,
        "dmean2": 14.7102403641,
        "dvar": 63.6312561035,
        "dvar2": 151.156158447,
        "max": 72.1545333862,
        "mean": 32.1241836548,
        "median": 25.7486419678,
        "min": 7.06363916397,
        "var": 294.532409668
    },
    "hfc": {
        "dmean": 6.3036532402,
        "dmean2": 9.2467880249,
        "dvar": 74.3126602173,
        "dvar2": 115.966567993,
        "max": 67.8437271118,
        "mean": 25.0310668945,
        "median": 20.6400585175,
        "min": 1.77208900452,
        "var": 172.189575195
    },
    "melbands_crest": {
        "dmean": 3.21256232262,
        "dmean2": 4.96663761139,
        "dvar": 6.80654621124,
        "dvar2": 11.0552864075,
        "max": 28.480304718,
        "mean": 17.5724868774,
        "median": 18.6677207947,
        "min": 3.80926895142,
        "var": 35.8522262573
    },
    "melbands_flatness_db": {
        "dmean": 0.0277830287814,
        "dmean2": 0.0428501665592,
        "dvar": 0.000547802832443,
        "dvar2": 0.00100535084493,
        "max": 0.300918877125,
        "mean": 0.20497033,
        "median": 0.207092434168,
        "min": 0.085186354816,
        "var": 0.00269436999224
    },
    "melbands_kurtosis": {
        "dmean": 4.10783910751,
        "dmean2": 6.42037057877,
        "dvar": 18.7129669189,
        "dvar2": 42.2590408325,
        "max": 28.8442230225,
        "mean": 4.97245883942,
        "median": 2.3620672226,
        "min": -1.68389797211,
        "var": 44.4762153625
    },
    "melbands_skewness": {
        "dmean": 0.792450368404,
        "dmean2": 1.1923443079,
        "dvar": 0.414586752653,
        "dvar2": 0.875173091888,
        "max": 5.3339471817,
        "mean": 2.0932328701,
        "median": 1.98721253872,
        "min": -1.14336824417,
        "var": 1.90990233421
    },
    "melbands_spread": {
        "dmean": 14.4636268616,
        "dmean2": 22.1525669098,
        "dvar": 169.551773071,
        "dvar2": 353.450042725,
        "max": 97.0567932129,
        "mean": 46.9318275452,
        "median": 45.8543357849,
        "min": 10.683011055,
        "var": 505.127227783
    },
    "pitch_salience": {
        "dmean": 0.0901271626353,
        "dmean2": 0.1381072402,
        "dvar": 0.00522684538737,
        "dvar2": 0.0117700779811,
        "max": 0.84172475338,
        "mean": 0.466902852058,
        "median": 0.462329745293,
        "min": 0.161196425557,
        "var": 0.0209582131356
    },
    "silence_rate_20dB": {
        "dmean": 0,
        "dmean2": 0,
        "dvar": 0,
        "dvar2": 0,
        "max": 1,
        "mean": 1,
        "median": 1,
        "min": 1,
        "var": 0
    },
    "silence_rate_30dB": {
        "dmean": 0,
        "dmean2": 0,
        "dvar": 0,
        "dvar2": 0,
        "max": 1,
        "mean": 1,
        "median": 1,
        "min": 1,
        "var": 0
    },
    "silence_rate_60dB": {
        "dmean": 0,
        "dmean2": 0,
        "dvar": 0,
        "dvar2": 0,
        "max": 0,
        "mean": 0,
        "median": 0,
        "min": 0,
        "var": 0
    },
    "spectral_centroid": {
        "dmean": 277.185638428,
        "dmean2": 421.303710938,
        "dvar": 51845.6210938,
        "dvar2": 124596.1875,
        "max": 3144.01416016,
        "mean": 2195.67089844,
        "median": 2228.76904297,
        "min": 985.417419434,
        "var": 321698.84375
    },
    "spectral_complexity": {
        "dmean": 4.67777776718,
        "dmean2": 6.73033714294,
        "dvar": 28.2183971405,
        "dvar2": 26.7362670898,
        "max": 53,
        "mean": 28.571428299,
        "median": 28,
        "min": 1,
        "var": 62.0690689087
    },
    "spectral_decrease": {
        "dmean": 1.22908550004e-09,
        "dmean2": 1.8555065262e-09,
        "dvar": 1.17816213525e-18,
        "dvar2": 2.67780015736e-18,
        "max": -1.53320176e-10,
        "mean": -5.10725284286e-09,
        "median": -5.45614797787e-09,
        "min": -8.7213587463e-09,
        "var": 3.39662424557e-18
    },
    "spectral_energy": {
        "dmean": 0.00493382988498,
        "dmean2": 0.00747835775837,
        "dvar": 2.09560694202e-05,
        "dvar2": 4.52424646937e-05,
        "max": 0.0346279367805,
        "mean": 0.0215463321656,
        "median": 0.0232941694558,
        "min": 0.000739399518352,
        "var": 5.50754230062e-05
    },
    "spectral_energyband_high": {
        "dmean": 0.000149309329572,
        "dmean2": 0.000235164770856,
        "dvar": 2.45368205753e-08,
        "dvar2": 2.74075606654e-08,
        "max": 0.00167075055651,
        "mean": 0.000552609795704,
        "median": 0.000502091366798,
        "min": 4.30457876064e-05,
        "var": 7.40053280879e-08
    },
    "spectral_energyband_low": {
        "dmean": 0.00127263099421,
        "dmean2": 0.00173550995532,
        "dvar": 4.48061337011e-06,
        "dvar2": 6.85436270942e-06,
        "max": 0.0208568312228,
        "mean": 0.0024614087306,
        "median": 0.00104028137866,
        "min": 1.92691113625e-05,
        "var": 1.33040339279e-05
    },
    "spectral_energyband_middle_high": {
        "dmean": 0.00250012450852,
        "dmean2": 0.00377844600007,
        "dvar": 1.20408913062e-05,
        "dvar2": 2.13139828702e-05,
        "max": 0.0265264585614,
        "mean": 0.00813454017043,
        "median": 0.00601122807711,
        "min": 0.000618803547695,
        "var": 2.86968061118e-05
    },
    "spectral_energyband_middle_low": {
        "dmean": 0.00394106470048,
        "dmean2": 0.00598615827039,
        "dvar": 1.33786379592e-05,
        "dvar2": 3.46757224179e-05,
        "max": 0.0298529621214,
        "mean": 0.0108337346464,
        "median": 0.0100831519812,
        "min": 5.97917751293e-05,
        "var": 6.30223294138e-05
    },
    "spectral_entropy": {
        "dmean": 0.0931565612555,
        "dmean2": 0.145016819239,
        "dvar": 0.013273363933,
        "dvar2": 0.0151639655232,
        "max": 8.88074111938,
        "mean": 7.50831890106,
        "median": 7.48220920563,
        "min": 7.24392461777,
        "var": 0.037502001971
    },
    "spectral_flux": {
        "dmean": 0.0147950649261,
        "dmean2": 0.0239903908223,
        "dvar": 0.000200499984203,
        "dvar2": 0.000488293881062,
        "max": 0.150939121842,
        "mean": 0.0758681967854,
        "median": 0.0703910067677,
        "min": 0.0432523153722,
        "var": 0.000469430175144
    },
    "spectral_kurtosis": {
        "dmean": 3.37919282913,
        "dmean2": 6.11989164352,
        "dvar": 8.39940738678,
        "dvar2": 27.2169094086,
        "max": 16.7517910004,
        "mean": 5.83486700058,
        "median": 5.54546546936,
        "min": 0.50318312645,
        "var": 8.43741035461
    },
    "spectral_rms": {
        "dmean": 0.000561642053071,
        "dmean2": 0.000835319806356,
        "dvar": 3.73572675016e-07,
        "dvar2": 6.6050085934e-07,
        "max": 0.00581234460697,
        "mean": 0.0044957161881,
        "median": 0.00476718135178,
        "min": 0.000849332311191,
        "var": 8.09341770491e-07
    },
    "spectral_rolloff": {
        "dmean": 428.989196777,
        "dmean2": 663.174255371,
        "dvar": 212604.140625,
        "dvar2": 527793.375,
        "max": 3423.77929688,
        "mean": 2573.09960938,
        "median": 2540.91796875,
        "min": 215.33203125,
        "var": 489271.59375
    },
    "spectral_skewness": {
        "dmean": 0.393010765314,
        "dmean2": 0.699225366116,
        "dvar": 0.137169361115,
        "dvar2": 0.435718506575,
        "max": 3.61358737946,
        "mean": 0.78171479702,
        "median": 0.716682612896,
        "min": 0.0394557677209,
        "var": 0.215507149696
    },
    "spectral_spread": {
        "dmean": 405895.1875,
        "dmean2": 455166.96875,
        "dvar": 2.83997529702e+12,
        "dvar2": 1.37261403341e+12,
        "max": 22982650,
        "mean": 2616012.5,
        "median": 2312510,
        "min": 1824237.875,
        "var": 4.96874605773e+12
    },
    "spectral_strongpeak": {
        "dmean": 0.554312884808,
        "dmean2": 0.959829032421,
        "dvar": 1.86596512794,
        "dvar2": 3.79299354553,
        "max": 9.73770618439,
        "mean": 1.10419106483,
        "median": 0.632592856884,
        "min": 0.0218091513962,
        "var": 3.02593970299
    },
    "zerocrossingrate": {
        "dmean": 0.0110677080229,
        "dmean2": 0.01293671038,
        "dvar": 0.000100914658105,
        "dvar2": 0.000110573331767,
        "max": 0.12841796875,
        "mean": 0.0721046552062,
        "median": 0.07275390625,
        "min": 0.02783203125,
        "var": 0.000490492850076
    },
    "barkbands": {
        "dmean": [6.46008720651e-06, 0.00103055185173, 0.000297685619444, 0.00113903719466, 0.00342218601145, 0.000132690911414, 0.000105951228761, 4.05618338846e-05, 0.000135402922751, 0.000100466495496, 5.0826867664e-05, 8.16957835923e-05, 3.72817448806e-05, 0.000371714646462, 0.000505566189531, 0.00139098055661, 0.00097240525065, 0.000415128306486, 0.000663345155772, 0.000197051471332, 0.000100444616692, 2.23456572712e-05, 9.66430889093e-07, 2.62148455477e-06, 8.50394769714e-07, 3.95285638888e-07, 3.12193932928e-08],
        "dmean2": [1.03119418782e-05, 0.00136609585024, 0.000519061926752, 0.00175812793896, 0.00541744567454, 0.000211521561141, 0.000187408470083, 6.1632534198e-05, 0.000237820058828, 0.000160160052474, 7.93023136794e-05, 0.000139929674333, 6.2449114921e-05, 0.000631852832157, 0.000761723902542, 0.00231174984947, 0.00158466142602, 0.000591045012698, 0.00109185348265, 0.000304627988953, 0.000150050211232, 3.58978941222e-05, 1.42064311603e-06, 3.33636376126e-06, 1.11725307761e-06, 4.66851361125e-07, 4.35935412213e-08],
        "dvar": [1.79090658969e-10, 3.63871345144e-06, 3.78366365794e-07, 9.11894744604e-07, 1.12715251817e-05, 3.81397313731e-08, 6.21651636834e-08, 3.36530225908e-09, 6.01461849215e-08, 1.30882638061e-08, 4.08724210033e-09, 2.55166980878e-08, 3.76411479763e-09, 1.65001623031e-07, 5.05881018853e-07, 5.97304006078e-06, 1.71797648818e-06, 2.99017415273e-07, 6.33946740436e-07, 3.98570385585e-08, 9.21680243238e-09, 7.75236874695e-10, 3.66938337354e-12, 4.08735718882e-11, 3.40475586093e-12, 8.98962545029e-13, 8.42539776282e-15],
        "dvar2": [4.07666456148e-10, 4.95697486258e-06, 1.00642932921e-06, 2.3996544769e-06, 2.87156799459e-05, 9.5908610831e-08, 1.89124236272e-07, 5.53486101396e-09, 1.80530307148e-07, 2.51508502913e-08, 7.5848269887e-09, 6.4349585216e-08, 7.71161623447e-09, 4.06548622323e-07, 9.55757286647e-07, 1.63200329553e-05, 4.90559250466e-06, 3.76391142254e-07, 1.37249719501e-06, 9.13714046646e-08, 1.78352639324e-08, 1.39510325514e-09, 7.07297371713e-12, 4.86756884799e-11, 4.73068546142e-12, 1.02667982622e-12, 1.60789791041e-14],
        "max": [0.00011309904221, 0.0203878935426, 0.00377689674497, 0.0060473899357, 0.0275416690856, 0.00127161236014, 0.0019476293819, 0.000559006410185, 0.00190955935977, 0.000796134816483, 0.000594747252762, 0.00113173085265, 0.000434045097791, 0.00293397018686, 0.00700345775113, 0.0142493629828, 0.00919624324888, 0.00485714524984, 0.00610450003296, 0.00173326348886, 0.00102819164749, 0.00022828123474, 1.68485457834e-05, 5.44763897778e-05, 1.87247205758e-05, 1.04127311715e-05, 8.59555711941e-07],
        "mean": [8.98044527275e-06, 0.00171136320569, 0.000331665039994, 0.00170494767372, 0.00853193178773, 0.000203273986699, 0.00012559100287, 6.99806259945e-05, 0.000164683748153, 0.000161525982548, 8.08575059636e-05, 0.000104100661702, 5.86627102166e-05, 0.000545952178072, 0.00100641977042, 0.00198551220819, 0.00155691953842, 0.000917430210393, 0.00141099700704, 0.00047630284098, 0.000322454114212, 5.48309326405e-05, 2.4341295557e-06, 6.91799914421e-06, 1.76738569735e-06, 7.92908110725e-07, 5.38208873024e-08],
        "median": [2.7522532946e-06, 0.000347707624314, 0.000158847513376, 0.00127502263058, 0.00726808421314, 0.000127540770336, 5.40545552212e-05, 4.15241265728e-05, 9.39220626606e-05, 0.000104585895315, 4.92356120958e-05, 6.03223379585e-05, 3.49432957591e-05, 0.000369564746507, 0.000418571900809, 0.00128471595235, 0.00108435819857, 0.00067633629078, 0.00104001711588, 0.000418739160523, 0.000274240534054, 4.42859636678e-05, 1.58689942964e-06, 3.3879921375e-06, 6.04912315794e-07, 8.15990262026e-08, 8.30507396188e-09],
        "min": [7.93653853748e-09, 8.89800230652e-06, 5.46651335753e-06, 4.99450652569e-06, 1.60700164997e-05, 7.78557478043e-06, 7.68837708165e-06, 4.17027376898e-06, 4.99053385283e-06, 3.37411984219e-06, 3.48278126694e-06, 2.7067544579e-06, 2.57583997154e-06, 1.4932634258e-05, 1.11480039777e-05, 0.000172115382156, 0.000124579266412, 3.85970161005e-05, 7.9129349615e-05, 5.34511782462e-05, 1.62223605003e-05, 2.80025983557e-06, 5.52651329144e-07, 1.35170944304e-06, 1.91212834011e-07, 3.34434027138e-08, 1.73923309088e-09],
        "var": [3.42324002478e-10, 1.19445330711e-05, 3.14642278454e-07, 2.08749020203e-06, 5.61673623451e-05, 4.81509196959e-08, 5.76801681973e-08, 8.49553671856e-09, 5.81927999121e-08, 2.75272160621e-08, 9.71783720161e-09, 2.4238595131e-08, 5.76238790018e-09, 2.50359846632e-07, 1.90219384422e-06, 5.35506251254e-06, 2.10969301406e-06, 5.80522566906e-07, 1.44399507462e-06, 7.62985266078e-08, 2.98729965209e-08, 1.53167845074e-09, 6.18594411805e-12, 9.63678858934e-11, 1.05875317194e-11, 3.36252857155e-12, 2.12858617315e-14]
    },
    "erbbands": {
        "dmean": [0.0258673802018, 0.244711279869, 0.366720527411, 1.71708035469, 13.0690498352, 7.72818040848, 0.882207989693, 1.31102907658, 0.684523582458, 2.13505768776, 1.37119686604, 2.94147396088, 2.70940756798, 2.95503211021, 2.69243526459, 2.8913564682, 1.47311890125, 9.20868396759, 24.3828811646, 55.0550346375, 56.4321289062, 55.7263717651, 22.7034702301, 34.3190612793, 21.3697528839, 8.9987783432, 3.57557415962, 3.80891251564, 1.0071644783, 0.129876956344, 0.0363212414086, 0.0608468912542, 0.0369681157172, 0.016459133476, 0.00180275226012, 0.00219390587881, 0.000606583897024, 5.95479286858e-05, 6.05490231465e-06, 5.9355807025e-06],
        "dmean2": [0.0297819264233, 0.3429210186, 0.616092920303, 2.70818257332, 20.3999118805, 12.8302373886, 1.49000406265, 2.07079291344, 1.07900440693, 3.722635746, 2.36328411102, 5.03649902344, 4.71369075775, 4.67559146881, 4.13514280319, 4.91548538208, 2.58432817459, 16.1262760162, 39.6286659241, 90.7930908203, 92.0539550781, 92.8616333008, 31.6111335754, 54.6368217468, 34.852432251, 14.0595741272, 5.57603263855, 5.55241060257, 1.57218921185, 0.207672327757, 0.0530269965529, 0.0813221037388, 0.0471670329571, 0.0199534203857, 0.00202431646176, 0.00279363780282, 0.000639329373371, 7.65784134273e-05, 8.85496956471e-06, 9.05526212591e-06],
        "dvar": [0.00272950856015, 0.20273052156, 0.541699051857, 1.77886152267, 177.949661255, 54.0357894897, 1.66922152042, 3.43717479706, 0.930561840534, 28.0570907593, 4.67316198349, 34.0239601135, 14.0660295486, 11.4955339432, 14.7485837936, 33.1725387573, 5.13945245743, 122.485435486, 693.695739746, 7943.23144531, 12694.2001953, 5150.78857422, 890.1796875, 1398.73864746, 705.506530762, 66.9179229736, 12.5628404617, 12.547662735, 1.60433089733, 0.0437455289066, 0.00612882617861, 0.0163472220302, 0.00862965732813, 0.00129592162557, 1.48797826114e-05, 2.67805098702e-05, 1.98075986191e-06, 2.45625439987e-08, 1.80468140432e-10, 3.57161869524e-11],
        "dvar2": [0.00274914875627, 0.313052266836, 1.43974351883, 4.41155958176, 459.750579834, 138.592224121, 4.83062791824, 8.12551116943, 2.81120991707, 74.3264770508, 12.5442647934, 103.699363708, 34.2346038818, 20.9178771973, 34.8196716309, 81.2377471924, 10.5155849457, 321.158935547, 1616.68762207, 20738.3046875, 32403.6152344, 13708.0488281, 1246.41552734, 2886.00146484, 1424.86779785, 147.627456665, 20.5875701904, 26.1338768005, 3.18434286118, 0.0592967458069, 0.0121367275715, 0.0222022887319, 0.00925512425601, 0.0015063919127, 1.38111518027e-05, 3.70962661691e-05, 1.41873590565e-06, 4.86842637315e-08, 3.8206904307e-10, 7.81366985003e-11],
        "max": [0.615191876888, 4.45545148849, 5.32848739624, 9.65987205505, 98.2018280029, 55.7567710876, 9.60583782196, 12.904466629, 7.3343334198, 47.4841766357, 18.8070755005, 45.7309188843, 24.2385883331, 26.6841564178, 32.0268135071, 41.3300971985, 15.9710083008, 76.899520874, 208.171707153, 828.17590332, 737.662109375, 443.15222168, 289.330352783, 297.201324463, 218.613845825, 76.1063461304, 36.0284805298, 36.4456329346, 10.532292366, 1.88884532452, 0.670133054256, 1.05842864513, 0.857339382172, 0.376598209143, 0.0414223335683, 0.057045057416, 0.0157745350152, 0.00149882829282, 0.000142295903061, 5.30135912413e-05],
        "mean": [0.0459310598671, 0.397308975458, 0.503690421581, 3.1868698597, 31.7345809937, 16.900718689, 1.69205129147, 2.08270406723, 1.18892121315, 2.61516308784, 2.04874610901, 3.46326446533, 3.81150221825, 4.9920759201, 4.12294244766, 4.00808811188, 2.82129454613, 14.5902032852, 47.0676612854, 92.3304214478, 94.2862167358, 90.6926803589, 51.9927330017, 76.509979248, 49.339931488, 23.1017494202, 11.8279247284, 11.6392002106, 2.6287548542, 0.375794887543, 0.0916184857488, 0.165051013231, 0.084829159081, 0.0358345471323, 0.00428134389222, 0.00416498538107, 0.00128996104468, 0.000104198610643, 2.00352442334e-05, 2.77556355286e-05],
        "median": [0.00769251259044, 0.0857500806451, 0.291457951069, 2.80423498154, 26.58061409, 12.6556053162, 1.52060949802, 1.23790025711, 0.922522187233, 0.968245446682, 1.28681182861, 1.72474145889, 2.29334878922, 3.3277490139, 2.67378425598, 2.27842497826, 1.96193826199, 10.4174385071, 33.9523887634, 42.7231330872, 65.1794509888, 58.9270515442, 35.5728034973, 59.0243911743, 39.3247337341, 20.7088947296, 10.4827699661, 8.38266658783, 2.1317384243, 0.297844082117, 0.0583215765655, 0.0902706608176, 0.0329760313034, 0.0129196569324, 0.00107450352516, 0.000501682399772, 0.000118063813716, 1.03393922473e-05, 1.53468445205e-05, 2.82903929474e-05],
        "min": [0.000307820388116, 0.0018487451598, 0.00579492514953, 0.0126731013879, 0.0275059286505, 0.0586478225887, 0.107839979231, 0.109149165452, 0.113360933959, 0.0591202564538, 0.140332311392, 0.122566714883, 0.0639853328466, 0.142936170101, 0.167812943459, 0.0807184726, 0.117890492082, 0.38724526763, 0.898868143559, 5.67189025879, 7.47215557098, 7.90542221069, 2.54206347466, 3.8790178299, 3.47532486916, 2.37849831581, 0.926351010799, 0.417842268944, 0.098837852478, 0.0598787926137, 0.028165910393, 0.0320319756866, 0.0158367995173, 0.00495754322037, 0.000393521098886, 0.000195091677597, 4.93898078275e-05, 5.21627407579e-06, 6.57436021356e-06, 9.88606825558e-06],
        "var": [0.0104884738103, 0.5923178792, 0.470509618521, 4.60179853439, 755.161071777, 209.892349243, 1.77412593365, 4.5540356636, 1.48555362225, 32.0069465637, 6.30548143387, 30.6745319366, 18.8158912659, 27.5019187927, 22.6254482269, 33.8827705383, 8.78271865845, 181.193984985, 1775.71960449, 17370.1992188, 10666.0957031, 7072.88623047, 2003.35778809, 3204.5222168, 1367.77661133, 159.847824097, 30.6323242188, 59.9425926208, 2.94785022736, 0.0916988179088, 0.00909490697086, 0.0415615811944, 0.0199005361646, 0.00417856266722, 6.5450774855e-05, 8.85625122464e-05, 8.99619681149e-06, 7.01672107084e-08, 3.71110392416e-10, 7.96668564451e-11]
    },
    "gfcc": {
        "mean": [-34.816783905, 108.828079224, -174.562973022, 81.0328445435, -25.2133655548, -16.3035202026, -33.6006736755, -7.05821609497, -24.4707870483, -17.5921363831, -23.9585342407, -18.550951004, 5.23360013962],
        "cov": [[881.608337402, -158.441970825, -23.4690513611, -220.304214478, -87.352973938, 106.972602844, -28.7518234253, 245.270294189, 24.9516296387, 181.246383667, 10.0575246811, 106.387626648, -70.300819397], [-158.441970825, 344.696472168, -23.3730354309, 161.559280396, 41.2201080322, -38.7679290771, 32.4091453552, -172.831054688, -19.3826637268, -158.633926392, -31.3667888641, -129.40713501, 38.35779953], [-23.4690513611, -23.3730354309, 140.639144897, 55.439365387, 22.3739299774, 56.4216423035, 64.3345870972, 92.0926971436, 30.1345672607, 80.1611022949, 37.3803138733, 61.4175224304, 5.76577806473], [-220.304214478, 161.559280396, 55.439365387, 239.781616211, 60.4240989685, 15.8656930923, 90.1314086914, -57.2634887695, 21.8076953888, -40.8296165466, 41.8455123901, -19.1320400238, 32.8274612427], [-87.352973938, 41.2201080322, 22.3739299774, 60.4240989685, 74.7442245483, 30.9559116364, 21.7786846161, -8.81023979187, 18.9924621582, -9.69888114929, -0.40333455801, -9.17750453949, 23.3772220612], [106.972602844, -38.7679290771, 56.4216423035, 15.8656930923, 30.9559116364, 115.622741699, 74.1692047119, 120.755401611, 50.7694129944, 100.773223877, 29.8808097839, 53.2844467163, 4.64163017273], [-28.7518234253, 32.4091453552, 64.3345870972, 90.1314086914, 21.7786846161, 74.1692047119, 109.779716492, 72.2902145386, 41.9816246033, 57.5391921997, 43.3531150818, 34.8196487427, 4.64345502853], [245.270294189, -172.831054688, 92.0926971436, -57.2634887695, -8.81023979187, 120.755401611, 72.2902145386, 248.83644104, 85.9938659668, 198.352340698, 42.9523468018, 117.099273682, -26.2412185669], [24.9516296387, -19.3826637268, 30.1345672607, 21.8076953888, 18.9924621582, 50.7694129944, 41.9816246033, 85.9938659668, 77.352432251, 75.5616760254, 10.6349916458, 21.0164279938, -1.03992187977], [181.246383667, -158.633926392, 80.1611022949, -40.8296165466, -9.69888114929, 100.773223877, 57.5391921997, 198.352340698, 75.5616760254, 193.273681641, 51.3344573975, 104.130661011, -24.5031795502], [10.0575246811, -31.3667888641, 37.3803138733, 41.8455123901, -0.40333455801, 29.8808097839, 43.3531150818, 42.9523468018, 10.6349916458, 51.3344573975, 65.6978683472, 65.1326751709, -4.34835624695], [106.387626648, -129.40713501, 61.4175224304, -19.1320400238, -9.17750453949, 53.2844467163, 34.8196487427, 117.099273682, 21.0164279938, 104.130661011, 65.1326751709, 119.330947876, -5.99924230576], [-70.300819397, 38.35779953, 5.76577806473, 32.8274612427, 23.3772220612, 4.64163017273, 4.64345502853, -26.2412185669, -1.03992187977, -24.5031795502, -4.34835624695, -5.99924230576, 31.7130432129]],
        "icov": [[0.00567465368658, -0.00773399556056, 0.00552236195654, -0.00137850129977, 0.00311951967888, -0.0074377884157, 0.0107790827751, -0.00881455186754, 0.00656053749844, -0.00220303516835, 0.00580953713506, -0.00935448333621, 0.0098138814792], [-0.00773399556056, 0.0231109354645, -0.0115163940936, 0.000537846062798, 2.01860693778e-05, 0.00509620597586, -0.0169612057507, 0.0129796294495, -0.0141226947308, 0.0131402984262, -0.0179477371275, 0.0277904570103, -0.0186119489372], [0.00552236195654, -0.0115163940936, 0.0228117164224, -0.00624172203243, -0.00307630375028, 0.000981432152912, 0.00549548957497, -0.0140727609396, 0.016876200214, -0.0133232632652, 0.0162126794457, -0.0184582211077, 0.00715002417564], [-0.00137850129977, 0.000537846062798, -0.00624172203243, 0.0181850399822, -0.00671499175951, 0.00745196873322, -0.014220321551, 0.00649430323392, -0.00814898032695, 0.00298805884086, -0.0167937148362, 0.00943672470748, -0.00855646282434], [0.00311951967888, 2.01860693778e-05, -0.00307630375028, -0.00671499175951, 0.0319776013494, -0.0237816385925, 0.0155171612278, 0.000631195842288, -0.00832704734057, 0.00964268855751, 0.00214534322731, -0.00246188533492, -0.000434255227447], [-0.0074377884157, 0.00509620597586, 0.000981432152912, 0.00745196873322, -0.0237816385925, 0.0567173473537, -0.0352636687458, -0.00499296281487, 0.00614649616182, -0.0157862454653, -0.00818004459143, 0.0165171865374, -0.030275830999], [0.0107790827751, -0.0169612057507, 0.00549548957497, -0.014220321551, 0.0155171612278, -0.0352636687458, 0.0637957751751, -0.0309221558273, 0.00897687859833, 0.00782506726682, -0.00882912427187, -0.00699114287272, 0.0207330957055], [-0.00881455186754, 0.0129796294495, -0.0140727609396, 0.00649430323392, 0.000631195842288, -0.00499296281487, -0.0309221558273, 0.0703774467111, -0.0300543066114, -0.0164458099753, 0.0300439763814, -0.0238166023046, 0.00954609457403], [0.00656053749844, -0.0141226947308, 0.016876200214, -0.00814898032695, -0.00832704734057, 0.00614649616182, 0.00897687859833, -0.0300543066114, 0.0523711107671, -0.0244936011732, 0.0107627231628, -0.00139037461486, 5.26720941707e-05], [-0.00220303516835, 0.0131402984262, -0.0133232632652, 0.00298805884086, 0.00964268855751, -0.0157862454653, 0.00782506726682, -0.0164458099753, -0.0244936011732, 0.0555061772466, -0.0334555990994, 0.019342167303, 0.000156073496328], [0.00580953713506, -0.0179477371275, 0.0162126794457, -0.0167937148362, 0.00214534322731, -0.00818004459143, -0.00882912427187, 0.0300439763814, 0.0107627231628, -0.0334555990994, 0.116654254496, -0.0927405208349, 0.0477461963892], [-0.00935448333621, 0.0277904570103, -0.0184582211077, 0.00943672470748, -0.00246188533492, 0.0165171865374, -0.00699114287272, -0.0238166023046, -0.00139037461486, 0.019342167303, -0.0927405208349, 0.106803305447, -0.0576616302133], [0.0098138814792, -0.0186119489372, 0.00715002417564, -0.00855646282434, -0.000434255227447, -0.030275830999, 0.0207330957055, 0.00954609457403, 5.26720941707e-05, 0.000156073496328, 0.0477461963892, -0.0576616302133, 0.0887325182557]]
    },
    "melbands": {
        "dmean": [0.000273675192147, 0.000223098235438, 0.000626678287517, 0.000871234864462, 4.65353441541e-05, 2.71471726592e-05, 1.36472735903e-05, 1.96036398847e-05, 1.56014502863e-05, 1.7782282157e-05, 1.37539309435e-05, 1.29746349558e-05, 8.29154214443e-06, 1.12221159725e-05, 3.23025960824e-06, 7.08865582055e-06, 1.81973791769e-05, 4.44092947873e-05, 4.37688395323e-05, 9.97115930659e-05, 6.19456768618e-05, 6.20950304437e-05, 3.36305565725e-05, 1.98606339836e-05, 3.17318808811e-05, 2.26477732213e-05, 1.16502142191e-05, 5.40897190149e-06, 1.84992597951e-06, 3.75823560717e-06, 1.82404767202e-06, 7.02900592842e-07, 2.49793600915e-07, 3.09105381291e-08, 1.6773523015e-08, 3.77961058007e-08, 4.07043003747e-08, 3.04821128339e-08, 2.02467411725e-08, 1.31838158168e-08],
        "dmean2": [0.000339497666573, 0.000346539862221, 0.000973754038569, 0.00138609379064, 7.81804192229e-05, 4.26362894359e-05, 2.20446254389e-05, 3.31521987391e-05, 2.66938950517e-05, 3.0537841667e-05, 2.37881395151e-05, 2.01728817046e-05, 1.32225295602e-05, 1.89589645743e-05, 5.69998928768e-06, 1.28699048219e-05, 3.13947784889e-05, 7.51913685235e-05, 6.53319511912e-05, 0.000170401617652, 0.000100076227682, 0.000103596386907, 5.30457837158e-05, 2.87389357254e-05, 5.16567379236e-05, 3.9244438085e-05, 1.77152760443e-05, 9.24215873965e-06, 2.8986248708e-06, 5.92773585595e-06, 2.73458749689e-06, 1.11010410819e-06, 4.02044634029e-07, 4.98563323958e-08, 2.66239581492e-08, 5.69919116344e-08, 4.9598924079e-08, 4.09561806691e-08, 2.8182149947e-08, 1.61998610082e-08],
        "dvar": [2.6973009426e-07, 1.68805257772e-07, 2.92336977736e-07, 7.40372172459e-07, 3.15896531156e-09, 1.46405643164e-09, 6.03478600425e-10, 2.20966334119e-09, 7.04384606198e-10, 1.02374242417e-09, 3.3826696999e-10, 2.07772479777e-10, 1.17634221808e-10, 5.11908071488e-10, 2.64890852308e-11, 1.13152896775e-10, 5.58845192344e-10, 2.18479345726e-09, 4.12454248533e-09, 2.96713249526e-08, 1.08732640669e-08, 6.47740483473e-09, 1.86744353314e-09, 5.31593991049e-10, 1.18520127046e-09, 9.22600329467e-10, 1.64165445127e-10, 2.36750966054e-11, 3.08061605739e-12, 1.12106764844e-11, 3.01124034562e-12, 7.71823197802e-13, 1.06795852001e-13, 2.55022350419e-15, 1.24632671381e-15, 5.0527785352e-15, 7.42728208987e-15, 6.6125930957e-15, 1.63761887775e-15, 8.25527415998e-16],
        "dvar2": [3.13942990715e-07, 3.71515341158e-07, 7.58652845434e-07, 1.79273183676e-06, 8.97080010276e-09, 3.52547102622e-09, 1.90306148617e-09, 5.59621415874e-09, 2.02927541437e-09, 3.10690095873e-09, 7.9727319191e-10, 3.89141635582e-10, 2.51151988095e-10, 1.30928901054e-09, 6.35291194651e-11, 2.99013230842e-10, 1.47638468118e-09, 5.11414821602e-09, 9.17374620713e-09, 8.07987063922e-08, 2.62072106239e-08, 1.79378663034e-08, 4.41727676659e-09, 8.81247019802e-10, 2.54835996749e-09, 1.84499682199e-09, 3.92776894342e-10, 5.4802017091e-11, 6.26759191422e-12, 2.26704297696e-11, 6.30469851673e-12, 1.74960035609e-12, 1.52834776085e-13, 6.55533366847e-15, 2.78416595741e-15, 9.24223144441e-15, 9.50663955516e-15, 7.76058955461e-15, 2.52567352476e-15, 9.36458662419e-16],
        "max": [0.00591989047825, 0.00281017133966, 0.00337044289336, 0.00710391253233, 0.000327808549628, 0.00025742239086, 0.000188500460354, 0.000436151080066, 0.000213372535654, 0.00025138919591, 0.000119045478641, 0.000114868802484, 9.42883270909e-05, 0.00015640851052, 2.85867263301e-05, 8.10999481473e-05, 0.000178156726179, 0.000306772737531, 0.00067087856587, 0.000980563927442, 0.000699576397892, 0.000494168431032, 0.000303709966829, 0.000165015473613, 0.00026836572215, 0.000256206374615, 9.53971903073e-05, 4.14483693021e-05, 1.49581537698e-05, 3.34123906214e-05, 1.78112368303e-05, 6.77359048495e-06, 2.87520219899e-06, 4.9964705795e-07, 2.82050223177e-07, 5.71439557007e-07, 7.26871917323e-07, 6.65900699914e-07, 4.04003714038e-07, 2.88777386004e-07],
        "mean": [0.000467055360787, 0.000345309468685, 0.0012973791454, 0.00221807998605, 7.07135404809e-05, 4.25329599238e-05, 2.11259630305e-05, 2.51172405115e-05, 1.98306825041e-05, 2.15392174141e-05, 1.92133575183e-05, 2.0970870537e-05, 1.27967405206e-05, 1.33039566208e-05, 5.58032797926e-06, 9.71116241999e-06, 2.68063758995e-05, 7.5983669376e-05, 8.87853748281e-05, 0.000138593197335, 0.000104564976937, 9.57042357186e-05, 6.23437881586e-05, 4.13847737946e-05, 6.68112188578e-05, 4.7304576583e-05, 2.47309435508e-05, 1.25721699078e-05, 5.45614057046e-06, 1.00592296803e-05, 5.04503850607e-06, 1.54312965606e-06, 5.59719524063e-07, 6.27080041227e-08, 3.6180971108e-08, 8.03486770451e-08, 1.08959071099e-07, 6.73611069146e-08, 3.79801861072e-08, 2.66545736594e-08],
        "median": [8.62555243657e-05, 0.000121672113892, 0.00121847738046, 0.00187247630674, 5.24368988408e-05, 2.59898042714e-05, 1.39833091453e-05, 8.86668840394e-06, 1.22241926874e-05, 1.12791858555e-05, 1.16454530144e-05, 1.42494536703e-05, 8.09766970633e-06, 7.36623587727e-06, 4.05103992307e-06, 5.93445747654e-06, 1.76519042725e-05, 5.97272664891e-05, 3.71779751731e-05, 7.00046002748e-05, 8.05264135124e-05, 6.4434367232e-05, 3.99026066589e-05, 3.15138167934e-05, 5.15401770826e-05, 3.17017074849e-05, 2.00464128284e-05, 1.13646019599e-05, 4.90260163133e-06, 8.52354150993e-06, 3.45966395798e-06, 1.22044696127e-06, 4.26066719683e-07, 4.68207090876e-08, 2.18012150555e-08, 4.64641125575e-08, 5.67162139475e-08, 2.57867860398e-08, 1.37821771773e-08, 9.49403755612e-09],
        "min": [2.55688769357e-06, 2.88483010991e-06, 2.56226780948e-06, 3.00227839034e-06, 3.94134167436e-06, 1.57286558533e-06, 1.71278600192e-06, 5.73963632178e-07, 1.14092040349e-06, 6.86789576321e-07, 3.14184688932e-07, 5.85363011396e-07, 5.08906055074e-07, 3.87125794532e-07, 1.56300529852e-07, 2.99729066455e-07, 7.92766400082e-07, 1.5992321778e-06, 1.2595763792e-06, 1.17368053907e-05, 4.61138370156e-06, 9.29635825742e-06, 2.88781757263e-06, 1.61003561061e-06, 3.41741360899e-06, 2.76546415989e-06, 2.3858365239e-06, 1.36306891818e-06, 5.57568910153e-07, 4.13945144828e-07, 1.74338154579e-07, 4.91564762228e-08, 5.42467759601e-08, 1.67654921057e-08, 7.18655490672e-09, 1.79830887959e-08, 1.80816108752e-08, 1.06929629595e-08, 5.37012212476e-09, 2.45631515128e-09],
        "var": [9.79982132776e-07, 2.86677021677e-07, 9.25298536458e-07, 3.79011066798e-06, 4.0858809669e-09, 1.96222305071e-09, 7.06773195525e-10, 2.81998757679e-09, 7.39654115733e-10, 1.01426489429e-09, 4.73156347436e-10, 4.9764020682e-10, 2.22197760191e-10, 4.57151844158e-10, 3.38232115926e-11, 1.3837907209e-10, 8.06578415169e-10, 4.31458380135e-09, 1.59916648812e-08, 3.30162706064e-08, 1.04521111766e-08, 8.37232061457e-09, 3.27833893365e-09, 9.72823821499e-10, 2.65842636793e-09, 2.0012547175e-09, 2.78272654919e-10, 4.87902565571e-11, 6.73395107037e-12, 3.2354386531e-11, 1.35167831788e-11, 1.27140951846e-12, 2.07101642693e-13, 4.08551857845e-15, 1.41571096277e-15, 9.26048500442e-15, 1.94218878041e-14, 1.31061052175e-14, 4.36719811451e-15, 2.60944105984e-15]
    },
    "mfcc": {
        "mean": [-652.784973145, 112.492721558, -63.4813804626, 77.3404159546, 17.8113040924, 4.33439207077, 2.63735508919, -4.03342485428, 11.5794181824, -4.84301137924, -13.7077569962, -11.4574260712, -18.665895462],
        "cov": [[870.988220215, -19.3150291443, -32.4262809753, -224.242507935, -38.0968551636, -112.9479599, -6.2514538765, 5.1417427063, 31.3642845154, 53.0826339722, 102.060310364, 56.6975975037, 40.371963501], [-19.3150291443, 144.54145813, -3.76417374611, 43.8622703552, 12.2387218475, 38.5583572388, -1.10830891132, -3.7768228054, 0.774800956249, -8.04487609863, -29.4256076813, -54.434715271, -68.2159576416], [-32.4262809753, -3.76417374611, 117.102508545, 53.2270393372, -1.67825353146, 19.332151413, 50.8331222534, 35.655708313, 27.0491771698, 22.5152244568, 52.5441474915, 59.0895233154, 26.3186206818], [-224.242507935, 43.8622703552, 53.2270393372, 197.445617676, 21.4696807861, 82.0467834473, 38.2986068726, 24.0768585205, -11.3972454071, -34.5343170166, -13.3454647064, 9.54667377472, -24.1930618286], [-38.0968551636, 12.2387218475, -1.67825353146, 21.4696807861, 63.1068305969, 28.3935470581, 3.9677362442, 8.2828874588, 28.2149085999, 11.1003818512, -3.57736682892, -9.2169418335, 5.63376808167], [-112.9479599, 38.5583572388, 19.332151413, 82.0467834473, 28.3935470581, 82.6910705566, 41.7829627991, 21.3115215302, 11.7126750946, -1.13832306862, -0.282214939594, -2.26373052597, -18.8687057495], [-6.2514538765, -1.10830891132, 50.8331222534, 38.2986068726, 3.9677362442, 41.7829627991, 76.8709793091, 41.6232337952, 14.4730424881, 12.4060840607, 38.5094261169, 37.2687568665, 12.8003807068], [5.1417427063, -3.7768228054, 35.655708313, 24.0768585205, 8.2828874588, 21.3115215302, 41.6232337952, 54.4847602844, 27.8045578003, 15.3523235321, 27.4691753387, 37.6049575806, 21.0218315125], [31.3642845154, 0.774800956249, 27.0491771698, -11.3972454071, 28.2149085999, 11.7126750946, 14.4730424881, 27.8045578003, 100.658432007, 66.1969223022, 57.2735824585, 26.5706253052, 15.9154243469], [53.0826339722, -8.04487609863, 22.5152244568, -34.5343170166, 11.1003818512, -1.13832306862, 12.4060840607, 15.3523235321, 66.1969223022, 70.9248352051, 58.0029907227, 29.9715976715, 18.9541969299], [102.060310364, -29.4256076813, 52.5441474915, -13.3454647064, -3.57736682892, -0.282214939594, 38.5094261169, 27.4691753387, 57.2735824585, 58.0029907227, 104.999992371, 79.7787780762, 33.7142524719], [56.6975975037, -54.434715271, 59.0895233154, 9.54667377472, -9.2169418335, -2.26373052597, 37.2687568665, 37.6049575806, 26.5706253052, 29.9715976715, 79.7787780762, 110.945999146, 62.2391281128], [40.371963501, -68.2159576416, 26.3186206818, -24.1930618286, 5.63376808167, -18.8687057495, 12.8003807068, 21.0218315125, 15.9154243469, 18.9541969299, 33.7142524719, 62.2391281128, 79.4343948364]],
