{
"lowlevel": {
    "average_loudness": 0.99068403244,
    "barkbands_crest": {
        "dmean": 3.18291354179,
        "dmean2": 5.76471233368,
        "dvar": 6.03308486938,
        "dvar2": 18.4900150299,
        "max": 15.583322525,
        "mean": 7.27125930786,
        "median": 6.66575050354,
        "min": 2.88484144211,
        "var": 7.58067941666
    },
    "barkbands_flatness_db": {
        "dmean": 0.0182598400861,
        "dmean2": 0.030612045899,
        "dvar": 0.000196850422071,
        "dvar2": 0.000579713436309,
        "max": 0.192362964153,
        "mean": 0.156184360385,
        "median": 0.156727865338,
        "min": 0.0968314558268,
        "var": 0.000286594789941
    },
    "barkbands_kurtosis": {
        "dmean": 0.706586837769,
        "dmean2": 1.30016100407,
        "dvar": 0.485503733158,
        "dvar2": 1.33052110672,
        "max": 1.61816453934,
        "mean": -0.914293527603,
        "median": -1.13169372082,
        "min": -1.71917498112,
        "var": 0.473747879267
    },
    "barkbands_skewness": {
        "dmean": 0.637662410736,
        "dmean2": 1.06584048271,
        "dvar": 0.244949057698,
        "dvar2": 0.630050420761,
        "max": 1.56122803688,
        "mean": 0.263250172138,
        "median": 0.403034478426,
        "min": -1.46440327168,
        "var": 0.46856623888
    },
    "barkbands_spread": {
        "dmean": 6.14234638214,
        "dmean2": 11.2368192673,
        "dvar": 25.9515991211,
        "dvar2": 71.0948486328,
        "max": 42.4149627686,
        "mean": 28.4766311646,
        "median": 28.5815258026,
        "min": 16.4375610352,
        "var": 29.3586521149
    },
    "dissonance": {
        "dmean": 0.0114345131442,
        "dmean2": 0.0210656188428,
        "dvar": 9.40526733757e-05,
        "dvar2": 0.000242151552811,
        "max": 0.499568015337,
        "mean": 0.4846136868,
        "median": 0.487069129944,
        "min": 0.451949238777,
        "var": 0.000100810750155
    },
    "dynamic_complexity": 0.718875229359,
    "erbbands_crest": {
        "dmean": 2.65160131454,
        "dmean2": 4.64864301682,
        "dvar": 6.62731838226,
        "dvar2": 17.9491481781,
        "max": 20.1494007111,
        "mean": 8.65471172333,
        "median": 8.45031833649,
        "min": 3.43548941612,
        "var": 7.55806541443
    },
    "erbbands_flatness_db": {
        "dmean": 0.0181216485798,
        "dmean2": 0.029443770647,
        "dvar": 0.000273529265542,
        "dvar2": 0.000567407114431,
        "max": 0.305976599455,
        "mean": 0.238903984427,
        "median": 0.234508410096,
        "min": 0.152415752411,
        "var": 0.000566195813008
    },
    "erbbands_kurtosis": {
        "dmean": 1.74204277992,
        "dmean2": 3.01220059395,
        "dvar": 2.84397482872,
        "dvar2": 7.91381978989,
        "max": 7.1117181778,
        "mean": 0.807811617851,
        "median": 0.13056397438,
        "min": -1.38528287411,
        "var": 3.33517575264
    },
    "erbbands_skewness": {
        "dmean": 0.516029477119,
        "dmean2": 0.881536364555,
        "dvar": 0.203479140997,
        "dvar2": 0.601681947708,
        "max": 0.0206216592342,
        "mean": -1.07104384899,
        "median": -0.996263206005,
        "min": -2.27133154869,
        "var": 0.236480683088
    },
    "erbbands_spread": {
        "dmean": 8.29635810852,
        "dmean2": 14.3978042603,
        "dvar": 41.9758796692,
        "dvar2": 100.294593811,
        "max": 42.3466720581,
        "mean": 26.7204341888,
        "median": 29.0203838348,
        "min": 9.37729167938,
        "var": 75.9394226074
    },
    "hfc": {
        "dmean": 12.2755880356,
        "dmean2": 19.744682312,
        "dvar": 86.1522750854,
        "dvar2": 246.211700439,
        "max": 69.7368087769,
        "mean": 31.0108718872,
        "median": 29.1197185516,
        "min": 9.88592624664,
        "var": 153.122344971
    },
    "melbands_crest": {
        "dmean": 3.92727327347,
        "dmean2": 6.93761444092,
        "dvar": 9.49170684814,
        "dvar2": 29.5783443451,
        "max": 20.3629817963,
        "mean": 9.66148757935,
        "median": 8.83432865143,
        "min": 3.94919109344,
        "var": 11.8756408691
    },
    "melbands_flatness_db": {
        "dmean": 0.027879377827,
        "dmean2": 0.0465949513018,
        "dvar": 0.000460870738607,
        "dvar2": 0.00139911391307,
        "max": 0.253856688738,
        "mean": 0.200439050794,
        "median": 0.198857203126,
        "min": 0.133070215583,
        "var": 0.000585340836551
    },
    "melbands_kurtosis": {
        "dmean": 2.3163933754,
        "dmean2": 4.00201511383,
        "dvar": 4.0097413063,
        "dvar2": 11.3126964569,
        "max": 7.57244300842,
        "mean": 1.2525318861,
        "median": 0.949989557266,
        "min": -1.6788816452,
        "var": 4.90219163895
    },
    "melbands_skewness": {
        "dmean": 0.696059405804,
        "dmean2": 1.17100906372,
        "dvar": 0.306344538927,
        "dvar2": 0.808862149715,
        "max": 2.5984005928,
        "mean": 1.33289515972,
        "median": 1.44168245792,
        "min": -0.459758847952,
        "var": 0.562138140202
    },
    "melbands_spread": {
        "dmean": 15.8019695282,
        "dmean2": 27.4677791595,
        "dvar": 136.438934326,
        "dvar2": 360.569366455,
        "max": 70.9182128906,
        "mean": 42.7686653137,
        "median": 40.954662323,
        "min": 16.9106197357,
        "var": 203.968032837
    },
    "pitch_salience": {
        "dmean": 0.0597050301731,
        "dmean2": 0.100662171841,
        "dvar": 0.002069553826,
        "dvar2": 0.00694106565788,
        "max": 0.758463919163,
        "mean": 0.655612766743,
        "median": 0.658652901649,
        "min": 0.524675130844,
        "var": 0.00325657380745
    },
    "silence_rate_20dB": {
        "dmean": 0,
        "dmean2": 0,
        "dvar": 0,
        "dvar2": 0,
        "max": 1,
        "mean": 1,
        "median": 1,
        "min": 1,
        "var": 0
    },
    "silence_rate_30dB": {
        "dmean": 0,
        "dmean2": 0,
        "dvar": 0,
        "dvar2": 0,
        "max": 1,
        "mean": 1,
        "median": 1,
        "min": 1,
        "var": 0
    },
    "silence_rate_60dB": {
        "dmean": 0,
        "dmean2": 0,
        "dvar": 0,
        "dvar2": 0,
        "max": 0,
        "mean": 0,
        "median": 0,
        "min": 0,
        "var": 0
    },
    "spectral_centroid": {
        "dmean": 376.323486328,
        "dmean2": 650.024230957,
        "dvar": 78846.203125,
        "dvar2": 191448.96875,
        "max": 2429.78955078,
        "mean": 1775.58081055,
        "median": 1746.96789551,
        "min": 1026.48254395,
        "var": 126145.789062
    },
    "spectral_complexity": {
        "dmean": 4.11250019073,
        "dmean2": 6.21518993378,
        "dvar": 10.2498455048,
        "dvar2": 22.16888237,
        "max": 41,
        "mean": 31.6296291351,
        "median": 32,
        "min": 15,
        "var": 21.4430713654
    },
    "spectral_decrease": {
        "dmean": 2.76279399358e-09,
        "dmean2": 5.00877472831e-09,
        "dvar": 4.73113644129e-18,
        "dvar2": 1.58430978057e-17,
        "max": -2.50941112334e-09,
        "mean": -6.84051615352e-09,
        "median": -7.0684849085e-09,
        "min": -1.26189867444e-08,
        "var": 5.12707388612e-18
    },
    "spectral_energy": {
        "dmean": 0.0110082691535,
        "dmean2": 0.0202350001782,
        "dvar": 7.87574317656e-05,
        "dvar2": 0.000248256546911,
        "max": 0.0513127148151,
        "mean": 0.0286304149777,
        "median": 0.0296217687428,
        "min": 0.0107202054933,
        "var": 8.43743764563e-05
    },
    "spectral_energyband_high": {
        "dmean": 0.000112598543637,
        "dmean2": 0.000175855398993,
        "dvar": 8.91588758378e-09,
        "dvar2": 2.24338929655e-08,
        "max": 0.000686129787937,
        "mean": 0.000194035164895,
        "median": 0.000158912647748,
        "min": 6.54938485241e-05,
        "var": 1.53645451917e-08
    },
    "spectral_energyband_low": {
        "dmean": 0.00244050798938,
        "dmean2": 0.0043879491277,
        "dvar": 3.01860950458e-06,
        "dvar2": 6.58906947137e-06,
        "max": 0.0113597055897,
        "mean": 0.00366532430053,
        "median": 0.0035068327561,
        "min": 0.000462548137875,
        "var": 4.97862538396e-06
    },
    "spectral_energyband_middle_high": {
        "dmean": 0.00502718891948,
        "dmean2": 0.00815078429878,
        "dvar": 2.02012888622e-05,
        "dvar2": 5.20637477166e-05,
        "max": 0.0302618872374,
        "mean": 0.012202068232,
        "median": 0.0112519916147,
        "min": 0.00310642365366,
        "var": 3.19043683703e-05
    },
    "spectral_energyband_middle_low": {
        "dmean": 0.00854655075818,
        "dmean2": 0.0156522244215,
        "dvar": 5.75226949877e-05,
        "dvar2": 0.000187769939657,
        "max": 0.0347560346127,
        "mean": 0.0132591286674,
        "median": 0.0124581148848,
        "min": 0.00259737530723,
        "var": 5.60178123123e-05
    },
    "spectral_entropy": {
        "dmean": 0.0999655649066,
        "dmean2": 0.17280754447,
        "dvar": 0.00627811904997,
        "dvar2": 0.0162785928696,
        "max": 7.67906332016,
        "mean": 7.43337583542,
        "median": 7.43901824951,
        "min": 7.11866235733,
        "var": 0.0113107729703
    },
    "spectral_flux": {
        "dmean": 0.0159913245589,
        "dmean2": 0.0242761150002,
        "dvar": 0.000176253990503,
        "dvar2": 0.000437559239799,
        "max": 0.174250662327,
        "mean": 0.115726962686,
        "median": 0.114256709814,
        "min": 0.0628404393792,
        "var": 0.000363661558367
    },
    "spectral_kurtosis": {
        "dmean": 6.33605623245,
        "dmean2": 11.3774175644,
        "dvar": 24.9921970367,
        "dvar2": 78.641456604,
        "max": 27.8900680542,
        "mean": 8.42268657684,
        "median": 7.24538326263,
        "min": 0.987014532089,
        "var": 30.131603241
    },
    "spectral_rms": {
        "dmean": 0.00105178100057,
        "dmean2": 0.00193258363288,
        "dvar": 7.47769547615e-07,
        "dvar2": 2.35959555539e-06,
        "max": 0.00707539310679,
        "mean": 0.00521028134972,
        "median": 0.00537580577657,
        "min": 0.00323399715126,
        "var": 7.85083898336e-07
    },
    "spectral_rolloff": {
        "dmean": 308.193969727,
        "dmean2": 539.693054199,
        "dvar": 74265.0390625,
        "dvar2": 192847.5,
        "max": 2906.98242188,
        "mean": 2316.54760742,
        "median": 2347.11914062,
        "min": 990.52734375,
        "var": 92734.1796875
    },
    "spectral_skewness": {
        "dmean": 0.543877065182,
        "dmean2": 0.930424928665,
        "dvar": 0.181769639254,
        "dvar2": 0.608706891537,
        "max": 2.69140863419,
        "mean": 1.21725463867,
        "median": 1.14678835869,
        "min": 0.555677890778,
        "var": 0.224810853601
    },
    "spectral_spread": {
        "dmean": 220814.828125,
        "dmean2": 333682.46875,
        "dvar": 36431052800,
        "dvar2": 77248430080,
        "max": 3240461.75,
        "mean": 2076001.125,
        "median": 2094320,
        "min": 1407844,
        "var": 71899578368
    },
    "spectral_strongpeak": {
        "dmean": 0.98129016161,
        "dmean2": 1.77743959427,
        "dvar": 2.52402734756,
        "dvar2": 6.24767208099,
        "max": 7.30765247345,
        "mean": 1.04974973202,
        "median": 0.304513216019,
        "min": 0.0546879395843,
        "var": 3.05604243279
    },
    "zerocrossingrate": {
        "dmean": 0.00772705068812,
        "dmean2": 0.0103280758485,
        "dvar": 5.30408397026e-05,
        "dvar2": 7.43810960557e-05,
        "max": 0.09130859375,
        "mean": 0.0654296875,
        "median": 0.0634765625,
        "min": 0.033203125,
        "var": 0.00010872475832
    },
    "barkbands": {
        "dmean": [1.50780833792e-05, 0.00125567032956, 0.00123064708896, 0.00183951924555, 0.00560986576602, 0.00141674117185, 0.000409582396969, 0.000299585430184, 0.0018822880229, 0.000760474125855, 0.000398107891669, 0.000606060260907, 8.17878608359e-05, 0.000642909260932, 0.0011841992382, 0.00184369576164, 0.00194168032613, 0.000588651513681, 0.000325042929035, 0.000147363723954, 6.31286529824e-05, 1.77707352123e-05, 7.68562699704e-07, 1.38830421292e-06, 3.79274666784e-07, 2.55347458733e-07, 6.54128200495e-08],
        "dmean2": [2.25900967052e-05, 0.00188341492321, 0.00235085189342, 0.00334261637181, 0.0104642380029, 0.00250853342004, 0.000758271606173, 0.000539688684512, 0.00353926373646, 0.00135958264582, 0.000719997624401, 0.00106131460052, 0.000123769132188, 0.00114169623703, 0.00211418932304, 0.00296627217904, 0.00299398507923, 0.000970909022726, 0.000541753601283, 0.000254554615822, 9.90854096017e-05, 3.25415749103e-05, 1.33689502491e-06, 2.47248885898e-06, 6.55224255297e-07, 4.2766629349e-07, 6.9412180892e-08],
        "dvar": [5.38678601725e-10, 1.37324582283e-06, 1.07159553409e-06, 3.15899637826e-06, 2.96958987747e-05, 2.7759947443e-06, 3.3333213878e-07, 8.75705055137e-08, 2.92435311167e-06, 8.41005487473e-07, 1.50412319044e-07, 4.81932374896e-07, 6.32679597601e-09, 4.20574139071e-07, 2.60182105194e-06, 3.01942282022e-06, 3.72986801267e-06, 2.54605936334e-07, 1.1379687237e-07, 1.95589677787e-08, 2.81864820373e-09, 5.04396913126e-10, 8.89292979533e-13, 5.11669439457e-12, 6.15356181809e-13, 3.11169140585e-13, 2.80315836732e-13],
        "dvar2": [1.08603848137e-09, 3.51531093656e-06, 2.9914492643e-06, 1.00765846582e-05, 9.33590345085e-05, 7.7771856013e-06, 1.0595376807e-06, 2.05560127142e-07, 9.23316565604e-06, 2.35868924392e-06, 3.66416372799e-07, 1.34993729262e-06, 1.28236523622e-08, 1.21392906749e-06, 7.54520988266e-06, 7.15691021469e-06, 1.00469023891e-05, 6.59354441268e-07, 3.00876678239e-07, 5.89277213692e-08, 5.89255488848e-09, 1.45263723272e-09, 2.02921425323e-12, 1.43360601168e-11, 1.35703232505e-12, 4.5042702207e-13, 2.83535862974e-13],
        "max": [0.000269851239864, 0.00758513668552, 0.00475627696142, 0.00938015524298, 0.0236884281039, 0.00751940300688, 0.00377747789025, 0.0016461587511, 0.00828697625548, 0.00573533261195, 0.00209391117096, 0.00456360960379, 0.000662134843878, 0.00389205873944, 0.0118010733277, 0.0130566060543, 0.0143039720133, 0.00292099569924, 0.00224306457676, 0.000763258547522, 0.000435915106209, 0.000135955109727, 6.08299205851e-06, 1.4995715901e-05, 4.71654084322e-06, 4.91122045787e-06, 4.79459049529e-06],
        "mean": [2.50376797339e-05, 0.00177074270323, 0.00129298307002, 0.00187650509179, 0.00663482863456, 0.00166799151339, 0.000521890469827, 0.00038957875222, 0.00194080965593, 0.00087794882711, 0.00048546816106, 0.000723656266928, 0.000120979319036, 0.000834676960949, 0.00166031299159, 0.00269781262614, 0.00322695425712, 0.000973998219706, 0.000574486213736, 0.000203140152735, 0.000108072512376, 1.89381826203e-05, 1.05984270249e-06, 1.75810396286e-06, 4.59009271481e-07, 2.76881650052e-07, 8.54762163272e-08],
        "median": [1.66406862263e-05, 0.00135997671168, 0.00103266339283, 0.00133210374042, 0.0054046488367, 0.00109235441778, 0.000405688886531, 0.000312915886752, 0.00140291184653, 0.000589456292801, 0.000327978486894, 0.000497109023854, 8.92575844773e-05, 0.000590317242313, 0.00111106596887, 0.00236214278266, 0.00293505587615, 0.00075115339132, 0.000491638260428, 0.000150354666403, 8.63117093104e-05, 1.14413369374e-05, 7.62459876569e-07, 1.2599382444e-06, 3.02132889374e-07, 1.40792494108e-07, 2.44106939107e-08],
        "min": [1.72029928081e-07, 8.44952955958e-05, 2.91392861982e-05, 0.000103868398583, 0.000370871770428, 0.000124561789562, 4.4034095481e-05, 4.71068524348e-05, 0.000207752818824, 0.00010401437612, 2.16534463107e-05, 2.49245604209e-05, 1.54090885189e-05, 0.000104082952021, 0.000224475414143, 0.000536036735866, 0.000341860577464, 0.000172534768353, 0.000124303551274, 5.3557130741e-05, 3.04784789478e-05, 3.04526861328e-06, 3.20050446589e-07, 3.80619923135e-07, 7.91507233089e-08, 4.19926777795e-08, 8.72874661439e-09],
        "var": [1.24037058402e-09, 2.23133633881e-06, 1.24270297874e-06, 3.00232409245e-06, 2.89126364805e-05, 2.4109797323e-06, 2.59564899352e-07, 1.00725223717e-07, 2.5391161671e-06, 7.11432733169e-07, 2.06111309353e-07, 4.54018589835e-07, 1.12510987194e-08, 4.27038031603e-07, 3.10900441036e-06, 4.31232047049e-06, 4.65692482976e-06, 4.18929062107e-07, 1.24319612382e-07, 2.05876329318e-08, 5.52725243352e-09, 4.04744654459e-10, 8.29569865492e-13, 3.58551361344e-12, 4.56172914113e-13, 3.27723281455e-13, 2.77420556145e-13]
    },
    "erbbands": {
        "dmean": [0.0286948923022, 0.320936709642, 1.11184763908, 3.7830555439, 15.2525663376, 19.7440986633, 15.2872619629, 10.8432102203, 2.73748350143, 9.63356971741, 10.956325531, 54.7011184692, 18.6222114563, 22.4011230469, 19.4578723907, 22.0372066498, 3.75893855095, 20.2590103149, 70.2431259155, 75.8014068604, 89.9605255127, 100.263923645, 37.1953964233, 25.2951774597, 10.6182880402, 6.89975500107, 2.41746211052, 2.03524041176, 0.740269958973, 0.138134807348, 0.0283321626484, 0.0344172753394, 0.0174724943936, 0.00717254728079, 0.00102564948611, 0.00118825631216, 0.000453370623291, 4.99000234413e-05, 1.42186227094e-05, 1.29342352011e-05],
        "dmean2": [0.0465331152081, 0.491759926081, 2.04628324509, 6.81740522385, 27.4908218384, 36.8958435059, 28.3620300293, 19.1618328094, 4.80702543259, 17.7010383606, 19.518737793, 102.59866333, 33.2249679565, 40.2246665955, 34.8502464294, 38.6537971497, 5.93049478531, 35.8511009216, 127.04624176, 123.637260437, 151.070480347, 160.45803833, 62.7950134277, 41.3027038574, 17.4366664886, 11.7038297653, 3.69573521614, 3.28652405739, 1.33938264847, 0.264320164919, 0.0497304163873, 0.0620843619108, 0.0314435213804, 0.0127878794447, 0.00151015014853, 0.00197573355399, 0.000784488918725, 6.05048080615e-05, 1.93945252249e-05, 2.39515338762e-05],
        "dvar": [0.00113815302029, 0.0774838477373, 0.969239711761, 10.2315006256, 226.026763916, 350.386749268, 259.114807129, 114.695449829, 9.24451541901, 138.511856079, 92.5392913818, 2468.49145508, 699.49609375, 505.93927002, 363.047058105, 648.208740234, 28.0368843079, 874.746704102, 11389.8105469, 12048.0898438, 6182.36376953, 14344.7890625, 1398.63232422, 647.189880371, 81.7280273438, 45.4794540405, 3.55206537247, 3.45902585983, 1.01610934734, 0.0384396649897, 0.001378726447, 0.00366592919454, 0.000709519430529, 0.000163268108736, 1.35802765726e-05, 5.1557203733e-06, 1.13671831059e-06, 1.13659645251e-07, 5.35194910611e-09, 1.1341828865e-10],
        "dvar2": [0.00311506050639, 0.186184003949, 2.76990795135, 35.6945877075, 755.085083008, 1035.34338379, 673.318481445, 312.808349609, 29.1661605835, 454.001617432, 281.314086914, 7957.71191406, 2045.99365234, 1321.59667969, 902.379333496, 1802.94543457, 68.7581558228, 2352.72900391, 35593.5429688, 26318.40625, 16104.6191406, 38052.953125, 3615.84423828, 1585.44628906, 217.200027466, 132.355010986, 7.91804695129, 7.72458791733, 2.78167366982, 0.120662026107, 0.00374782504514, 0.0104036387056, 0.00192506739404, 0.000422715209424, 1.50516143549e-05, 8.66883237904e-06, 1.70055159288e-06, 1.15523853594e-07, 5.39260591736e-09, 3.3116770437e-10],
        "max": [0.230668157339, 1.62530446053, 4.84012651443, 16.2542285919, 67.9544067383, 85.4193191528, 74.9906234741, 48.0843582153, 18.5047607422, 81.2668075562, 63.2130050659, 243.602676392, 176.823303223, 160.615661621, 109.867347717, 167.028503418, 44.8764152527, 226.707183838, 783.803588867, 895.094299316, 415.657470703, 953.799377441, 259.290649414, 168.451156616, 58.0857963562, 42.6419334412, 14.972653389, 13.5474567413, 6.71043491364, 1.06013286114, 0.221563920379, 0.411819934845, 0.143494054675, 0.0682066455483, 0.0334551148117, 0.0191157404333, 0.00907493196428, 0.0030664044898, 0.000687961932272, 8.14590384834e-05],
        "mean": [0.0391237176955, 0.448069453239, 1.37717151642, 3.79596138, 15.0774765015, 23.8822898865, 18.3594436646, 12.3283443451, 4.61181545258, 12.8180427551, 13.1524400711, 52.010761261, 24.272397995, 25.8423957825, 26.7227401733, 26.058795929, 6.59935522079, 31.934595108, 95.1856536865, 103.366600037, 148.28755188, 168.882736206, 68.9078292847, 45.1527900696, 19.3960971832, 9.6309299469, 4.39922571182, 3.43199729919, 0.873798012733, 0.147747516632, 0.0379570871592, 0.0430724695325, 0.0220668390393, 0.00890371017158, 0.00142985733692, 0.00141393998638, 0.000460004317574, 5.74408441025e-05, 2.84782745439e-05, 3.66322092304e-05],
        "median": [0.0295063592494, 0.341319143772, 1.06711900234, 2.68324422836, 11.6719808578, 18.7508487701, 12.6852579117, 7.34764385223, 3.73599910736, 8.78010463715, 10.8876247406, 36.4690628052, 19.3331069946, 18.7723903656, 17.8153171539, 17.2359008789, 5.38861703873, 23.3414001465, 57.7406349182, 72.9678421021, 130.228866577, 137.965621948, 55.1472129822, 38.673324585, 17.0248813629, 7.22949028015, 3.65231108665, 2.74316477776, 0.548276543617, 0.0950339883566, 0.0266677998006, 0.0305810887367, 0.0150482114404, 0.00625028973445, 0.000868311966769, 0.000847670715302, 0.00019496717141, 1.56216192408e-05, 2.12086961255e-05, 3.69970111933e-05],
        "min": [0.000739949406125, 0.0175610799342, 0.0872692763805, 0.219862103462, 0.7215487957, 1.1466126442, 0.747622191906, 0.894880712032, 0.956891894341, 1.27789485455, 2.55591368675, 6.20062875748, 3.149725914, 2.48052549362, 2.64270997047, 0.775555551052, 0.746989488602, 8.67581653595, 13.4723129272, 14.5139551163, 25.8960285187, 21.9708824158, 16.6661701202, 8.12170219421, 5.75432443619, 2.41499948502, 1.03001010418, 1.02396678925, 0.148784711957, 0.0368301309645, 0.00984752830118, 0.0101176183671, 0.00457292282954, 0.00186047935858, 0.000299025792629, 0.000267695286311, 4.99384805153e-05, 6.48840250506e-06, 8.70263193065e-06, 1.36286980705e-05],
        "var": [0.00126463256311, 0.138247564435, 1.09842574596, 10.4374141693, 206.369232178, 368.928527832, 258.956390381, 125.031867981, 11.6471223831, 128.148895264, 91.9135284424, 2179.29101562, 478.936187744, 549.094787598, 479.287231445, 576.576782227, 28.5781211853, 783.201599121, 12281.5605469, 14558.6943359, 7302, 14789.4707031, 1955.66552734, 856.282043457, 99.0676345825, 48.2687644958, 7.38492965698, 5.72870159149, 0.843217551708, 0.0250994302332, 0.00111880316399, 0.002499880502, 0.000502305279952, 0.000110005858005, 1.3327612578e-05, 5.34737500857e-06, 1.14314445909e-06, 1.13422487402e-07, 5.46515854793e-09, 1.40395986503e-10]
    },
    "gfcc": {
        "mean": [-10.7985935211, 155.436187744, -179.474533081, 43.0006980896, -24.8345737457, -21.2594585419, -29.2668876648, 1.27192533016, -16.1272220612, -16.50598526, -21.3000259399, -10.0572032928, 7.19998073578],
        "cov": [[343.064575195, -23.7608795166, 32.2272567749, 15.1153106689, -55.4757156372, 11.5899887085, -4.49056911469, -45.2897949219, -34.3484725952, -4.78468036652, -23.5195045471, 45.7554130554, 15.8196926117], [-23.7608795166, 265.65322876, 28.8418998718, 0.905394375324, 11.1162490845, -11.4929618835, 68.9074859619, -51.1132545471, -16.8558444977, -26.8965816498, 14.3588666916, -10.5042257309, 13.2471342087], [32.2272567749, 28.8418998718, 143.842147827, 24.9399147034, -20.4035015106, -7.73395013809, -7.4490647316, -17.0044651031, -21.7159385681, 19.1820487976, -1.28106510639, 23.4976043701, 2.41625809669], [15.1153106689, 0.905394375324, 24.9399147034, 81.9557495117, 14.5129117966, 10.821390152, 1.82004094124, 2.75404977798, 6.66266918182, 12.8789186478, 10.5242996216, 8.39734363556, 4.0833940506], [-55.4757156372, 11.1162490845, -20.4035015106, 14.5129117966, 71.8540802002, 22.5407218933, 9.23867034912, 32.32188797, 29.4156646729, 5.17173528671, 18.810426712, -4.51226615906, 5.42413043976], [11.5899887085, -11.4929618835, -7.73395013809, 10.821390152, 22.5407218933, 46.094165802, 15.3016586304, 15.3841581345, 9.96259307861, 0.196366786957, 6.99199676514, -0.916909396648, -2.86576080322], [-4.49056911469, 68.9074859619, -7.4490647316, 1.82004094124, 9.23867034912, 15.3016586304, 48.225944519, 2.1308426857, 0.586628913879, -5.02238702774, 15.1971712112, -2.84680700302, 1.60893404484], [-45.2897949219, -51.1132545471, -17.0044651031, 2.75404977798, 32.32188797, 15.3841581345, 2.1308426857, 74.3956451416, 39.7717552185, 14.2993011475, 21.6770114899, -6.12174272537, -2.72000169754], [-34.3484725952, -16.8558444977, -21.7159385681, 6.66266918182, 29.4156646729, 9.96259307861, 0.586628913879, 39.7717552185, 53.4751091003, 17.1381568909, 10.8743867874, -5.34461116791, 1.66765940189], [-4.78468036652, -26.8965816498, 19.1820487976, 12.8789186478, 5.17173528671, 0.196366786957, -5.02238702774, 14.2993011475, 17.1381568909, 62.2384414673, 31.8572444916, 17.8848152161, -1.07410776615], [-23.5195045471, 14.3588666916, -1.28106510639, 10.5242996216, 18.810426712, 6.99199676514, 15.1971712112, 21.6770114899, 10.8743867874, 31.8572444916, 51.1308517456, 18.1700706482, 8.2749042511], [45.7554130554, -10.5042257309, 23.4976043701, 8.39734363556, -4.51226615906, -0.916909396648, -2.84680700302, -6.12174272537, -5.34461116791, 17.8848152161, 18.1700706482, 40.2471923828, 15.5591402054], [15.8196926117, 13.2471342087, 2.41625809669, 4.0833940506, 5.42413043976, -2.86576080322, 1.60893404484, -2.72000169754, 1.66765940189, -1.07410776615, 8.2749042511, 15.5591402054, 35.5565376282]],
        "icov": [[0.00498628569767, -0.000680844939779, 0.00109876517672, -0.00119100545999, 0.00376317999326, -0.00385957257822, -8.52865341585e-05, -0.000671757676173, 0.00129510858096, -0.00120297551621, 0.00547264097258, -0.00740430504084, -0.000966046121903], [-0.000680844939779, 0.0151053257287, -0.00680776778609, 0.00161043286789, -0.00647318828851, 0.0103633543476, -0.0199228990823, 0.0168429501355, -0.00860282871872, 0.00902532041073, -0.0124250585213, 0.0102247670293, -0.00194091128651], [0.00109876517672, -0.00680776778609, 0.0127484276891, -0.00380777637474, 0.00397525448352, -0.00409022858366, 0.0075187087059, -0.00946536194533, 0.00915245804936, -0.00895847659558, 0.011670647189, -0.0106328325346, 0.000854929094203], [-0.00119100545999, 0.00161043286789, -0.00380777637474, 0.0148213729262, -0.00394043652341, -0.00113739923108, -0.0010093600722, 0.0040424768813, -0.00323752500117, 0.000389001477743, -0.00432163476944, 0.00256123556755, -0.000600517960265], [0.00376317999326, -0.00647318828851, 0.00397525448352, -0.00394043652341, 0.0290840100497, -0.0147813884541, 0.00996103137732, -0.00895731709898, -0.00449950248003, 0.000204870433663, -0.00044151378097, -0.00427748961374, -0.00365251395851], [-0.00385957257822, 0.0103633543476, -0.00409022858366, -0.00113739923108, -0.0147813884541, 0.0398759804666, -0.0229393932968, 0.00670189550146, -0.00507592549548, 0.00641970755532, -0.00636604335159, 0.00593450060114, 0.00460088066757], [-8.52865341585e-05, -0.0199228990823, 0.0075187087059, -0.0010093600722, 0.00996103137732, -0.0229393932968, 0.0570784620941, -0.0162373296916, 0.00808391720057, -0.00212825927883, -0.00391928106546, -0.00416837027296, 0.00216488866135], [-0.000671757676173, 0.0168429501355, -0.00946536194533, 0.0040424768813, -0.00895731709898, 0.00670189550146, -0.0162373296916, 0.0472007840872, -0.028249995783, 0.015661098063, -0.028867572546, 0.0167004615068, 0.00166318973061], [0.00129510858096, -0.00860282871872, 0.00915245804936, -0.00323752500117, -0.00449950248003, -0.00507592549548, 0.00808391720057, -0.028249995783, 0.0473995879292, -0.0210344139487, 0.021393224597, -0.00453478982672, -0.0057237315923], [-0.00120297551621, 0.00902532041073, -0.00895847659558, 0.000389001477743, 0.000204870433663, 0.00641970755532, -0.00212825927883, 0.015661098063, -0.0210344139487, 0.0414403378963, -0.0338063389063, 0.00193392275833, 0.00877703167498], [0.00547264097258, -0.0124250585213, 0.011670647189, -0.00432163476944, -0.00044151378097, -0.00636604335159, -0.00391928106546, -0.028867572546, 0.021393224597, -0.0338063389063, 0.0698674544692, -0.032046765089, -0.00484042707831], [-0.00740430504084, 0.0102247670293, -0.0106328325346, 0.00256123556755, -0.00427748961374, 0.00593450060114, -0.00416837027296, 0.0167004615068, -0.00453478982672, 0.00193392275833, -0.032046765089, 0.0632556974888, -0.0174404531717], [-0.000966046121903, -0.00194091128651, 0.000854929094203, -0.000600517960265, -0.00365251395851, 0.00460088066757, 0.00216488866135, 0.00166318973061, -0.0057237315923, 0.00877703167498, -0.00484042707831, -0.0174404531717, 0.0395371206105]]
    },
    "melbands": {
        "dmean": [0.000306210597046, 0.000472581537906, 0.000861151318531, 0.00137908849865, 0.000586237583775, 0.000237654428929, 5.33506863576e-05, 9.47188891587e-05, 0.000142615201185, 0.00031742855208, 8.88277136255e-05, 9.58640302997e-05, 6.21178769507e-05, 8.80154184415e-05, 1.48955241457e-05, 1.50347013914e-05, 4.12102599512e-05, 0.000113924230391, 7.88654288044e-05, 0.000124615689856, 0.000116697512567, 0.000109356733446, 6.59856887069e-05, 2.65362905338e-05, 2.19759240281e-05, 9.37837467063e-06, 6.89541411703e-06, 3.9711271711e-06, 1.09433608486e-06, 2.42255237026e-06, 9.050419294e-07, 4.77394678455e-07, 2.10467106854e-07, 2.81647718481e-08, 1.36151712127e-08, 2.06650003776e-08, 2.11444746157e-08, 1.34782194294e-08, 9.51655287906e-09, 4.94799401451e-09],
        "dmean2": [0.000462336029159, 0.000836452934891, 0.00160554389004, 0.00253978720866, 0.00108244479634, 0.000418743555201, 9.71607878455e-05, 0.000175315362867, 0.000261455221334, 0.000593929318711, 0.000158673879923, 0.000174496162799, 0.00011195409752, 0.00015561383043, 2.58597119682e-05, 2.41998168349e-05, 7.25779464119e-05, 0.000207682998735, 0.000128363069962, 0.000201382878004, 0.000202819137485, 0.00016864623467, 0.000112843663373, 4.18457639171e-05, 3.71742462448e-05, 1.53402797878e-05, 1.22470382848e-05, 6.54995346849e-06, 1.7747537413e-06, 3.84529585062e-06, 1.58239959092e-06, 8.57435566104e-07, 4.02394363164e-07, 5.20149292527e-08, 2.39498358923e-08, 3.67611221463e-08, 3.82261617915e-08, 2.43674040945e-08, 1.72457745862e-08, 8.66427285473e-09],
        "dvar": [1.06550714918e-07, 1.405477974e-07, 6.65206243866e-07, 1.90444734471e-06, 2.71797205187e-07, 6.07849131029e-08, 4.8561572541e-09, 1.19075691529e-08, 1.42182781104e-08, 8.18496204147e-08, 1.89893398783e-08, 9.31095911483e-09, 4.06863076563e-09, 1.03059614176e-08, 2.74149980495e-10, 5.73684988403e-10, 3.14078296704e-09, 2.86408319283e-08, 6.21240570098e-09, 2.11149533413e-08, 1.04572785986e-08, 1.39697009516e-08, 5.27139665252e-09, 7.14439840621e-10, 5.41204525639e-10, 6.69421046373e-11, 4.48095692496e-11, 1.65353720299e-11, 8.64297240548e-13, 4.79399115891e-12, 6.68923846436e-13, 4.41652872043e-13, 8.99940251443e-14, 1.48422110512e-15, 2.22423599229e-16, 1.67652955964e-15, 1.07759012742e-15, 3.55501845545e-16, 3.36478385522e-16, 6.71903194407e-17],
        "dvar2": [2.84840723452e-07, 3.37314190801e-07, 2.01774423658e-06, 6.1390492192e-06, 6.87548322276e-07, 1.68069490769e-07, 1.54396548879e-08, 3.83171965268e-08, 4.1794216088e-08, 2.65511516773e-07, 5.44764127142e-08, 2.36449633206e-08, 1.02135011559e-08, 2.8853238021e-08, 7.08588854259e-10, 1.33706345995e-09, 8.61535820462e-09, 9.0344130399e-08, 1.55880464092e-08, 4.52382984406e-08, 2.42386661853e-08, 3.76957380865e-08, 1.45585854483e-08, 1.71227576562e-09, 1.34365307769e-09, 1.82747580957e-10, 1.25267296536e-10, 4.91411737691e-11, 2.10277650327e-12, 1.03450598782e-11, 1.64756869172e-12, 1.21131663727e-12, 2.77381579077e-13, 4.71937408518e-15, 4.94846706302e-16, 4.8998755357e-15, 3.01182617901e-15, 9.65522586301e-16, 9.31270903254e-16, 1.60650690761e-16],
        "max": [0.00216200645082, 0.00217497674748, 0.00438519800082, 0.00617995392531, 0.00243861041963, 0.00112985353917, 0.000403552316129, 0.000724752841052, 0.000651626498438, 0.00145120278466, 0.000918850244489, 0.000675757182762, 0.000385519204428, 0.000643346167635, 0.000111267450848, 0.000209858815651, 0.0004138321965, 0.00125767895952, 0.000596835685428, 0.00117423571646, 0.000530375982635, 0.000935108342674, 0.000535077881068, 0.000170489525772, 0.000157020404004, 4.83520161652e-05, 3.5287663195e-05, 2.62839512288e-05, 7.50943581806e-06, 1.82640505955e-05, 4.6645400289e-06, 4.53146185464e-06, 1.48702463321e-06, 2.30169447946e-07, 9.563184733e-08, 2.63198586481e-07, 2.29761752735e-07, 9.33773165457e-08, 1.10851132717e-07, 4.36632134893e-08],
        "mean": [0.00043566574459, 0.000690556305926, 0.000970472407062, 0.0015235284809, 0.000743311247788, 0.000273755489616, 8.11701538623e-05, 0.000128675950691, 0.000147710044985, 0.000308204180328, 0.000110321663669, 0.000106203689938, 8.04556111689e-05, 0.000102104088, 1.96586024686e-05, 2.04152565857e-05, 6.05750501563e-05, 0.000149818544742, 0.000113877948024, 0.000166969228303, 0.000180484901648, 0.000178908128873, 0.000109967950266, 4.47275160695e-05, 3.65270680049e-05, 1.62492397067e-05, 1.06012548713e-05, 5.13959639648e-06, 1.90654213839e-06, 3.8131004203e-06, 1.28469378069e-06, 5.19805723798e-07, 2.05222264071e-07, 3.05126306444e-08, 1.7683014164e-08, 2.45021976042e-08, 2.68024269445e-08, 1.68097411546e-08, 1.08469802029e-08, 6.16339868031e-09],
        "median": [0.000360104138963, 0.000588411930948, 0.000771326012909, 0.00115551764611, 0.0006336987135, 0.000162698794156, 6.78148644511e-05, 9.71820554696e-05, 0.000109218395664, 0.00022233875643, 8.86708876351e-05, 7.4845382187e-05, 5.4852294852e-05, 6.87624706188e-05, 1.49075094669e-05, 1.61976659001e-05, 4.32039159932e-05, 9.01161620277e-05, 8.53668607306e-05, 0.00012437433179, 0.000156175578013, 0.000148817969603, 9.9484816019e-05, 3.11166586471e-05, 3.26863846567e-05, 1.36114049383e-05, 9.1391721071e-06, 3.66602330359e-06, 1.53110556766e-06, 2.74280182566e-06, 9.68629819909e-07, 3.08094968204e-07, 1.25472510604e-07, 2.11638884196e-08, 1.19709628876e-08, 1.59991841997e-08, 2.07692814058e-08, 1.16727933985e-08, 7.30273796989e-09, 4.15225587247e-09],
        "min": [1.34051479108e-05, 2.65070157184e-05, 5.2548799431e-05, 0.00010095637117, 3.40982260241e-05, 2.1013785954e-05, 8.44884289108e-06, 1.42254220918e-05, 1.89789898286e-05, 3.53572504537e-05, 1.49587558553e-05, 7.56542976887e-06, 7.5480529631e-06, 4.34055527876e-06, 6.28614145626e-07, 1.90633954844e-06, 6.309112905e-06, 1.46698685057e-05, 1.75516051968e-05, 2.31648918998e-05, 2.18387467612e-05, 2.27976488532e-05, 1.40744687087e-05, 7.82028109825e-06, 5.37041114512e-06, 3.34567039317e-06, 2.51608526014e-06, 7.67309700223e-07, 3.66385393136e-07, 7.14590669304e-07, 3.07967184199e-07, 7.43063708342e-08, 3.44673765085e-08, 6.30597440932e-09, 4.2017744839e-09, 5.69153879582e-09, 5.81680792422e-09, 3.20112825136e-09, 2.16881224091e-09, 9.67158020337e-10],
        "var": [1.43792050267e-07, 2.05661095265e-07, 6.40752944037e-07, 1.73649527824e-06, 3.52263754166e-07, 6.20350277813e-08, 4.53693926872e-09, 1.1978083414e-08, 1.42391680669e-08, 7.24584765521e-08, 1.27970132269e-08, 1.01733474978e-08, 5.44185718709e-09, 9.3820178293e-09, 2.65438865332e-10, 5.85777371054e-10, 2.97356872458e-09, 3.10839958217e-08, 1.01006722986e-08, 2.87448038705e-08, 1.20982575069e-08, 1.62479878441e-08, 5.17551157486e-09, 1.36487621205e-09, 6.19290396742e-10, 7.69019570246e-11, 4.73235825527e-11, 1.69513778014e-11, 1.35912830469e-12, 8.31102721366e-12, 9.12894109265e-13, 3.60956300656e-13, 6.10489171151e-14, 1.00602261964e-15, 2.19213423769e-16, 1.0519246056e-15, 7.99185326613e-16, 2.6201677792e-16, 2.0771308539e-16, 4.99753243911e-17]
    },
    "mfcc": {
        "mean": [-633.514709473, 172.953216553, -73.5541305542, 55.2512130737, 10.6445026398, -7.08363628387, -4.84338140488, 1.88291347027, 14.1387786865, -5.77212238312, -11.5978374481, -5.67331933975, -14.2699337006],
        "cov": [[362.562072754, -51.6130599976, 20.9521980286, -4.11193418503, -48.1403312683, 36.7861938477, -4.3005232811, -7.65587520599, -1.64974808693, -51.9438705444, -42.013874054, -3.77658128738, 10.91984272], [-51.6130599976, 240.660690308, 18.6117668152, 13.0934848785, -45.0688705444, 29.1691322327, 37.3675308228, 1.24395120144, -6.77446269989, -17.1785564423, -26.7031612396, 14.9121809006, 1.94663357735], [20.9521980286, 18.6117668152, 133.093185425, 32.8656387329, -22.6090660095, 17.165599823, 1.97061705589, -18.9179611206, -15.5459651947, -15.3316955566, -18.1385822296, -4.409096241, 3.19533348083], [-4.11193418503, 13.0934848785, 32.8656387329, 67.3151245117, 8.84051799774, 9.61953735352, 2.87168860435, -7.9543504715, -2.22317075729, -5.32126331329, -3.14414358139, 11.1739664078, 4.90289974213], [-48.1403312683, -45.0688705444, -22.6090660095, 8.84051799774, 76.4038162231, -6.74573659897, -3.14910888672, 17.3625602722, 19.6419944763, 26.0622138977, 30.4791622162, 1.53131461143, -3.04623556137], [36.7861938477, 29.1691322327, 17.165599823, 9.61953735352, -6.74573659897, 54.1497421265, 11.9753246307, -4.1417093277, -4.86713600159, -13.0582942963, -11.9296102524, -0.835092365742, 10.6467161179], [-4.3005232811, 37.3675308228, 1.97061705589, 2.87168860435, -3.14910888672, 11.9753246307, 55.4379196167, 11.1795034409, -7.84209537506, -0.520904839039, 3.59398603439, 16.5537109375, 6.241335392], [-7.65587520599, 1.24395120144, -18.9179611206, -7.9543504715, 17.3625602722, -4.1417093277, 11.1795034409, 47.5897903442, 16.762556076, 6.67671489716, 5.81153011322, 4.13452768326, -2.09184408188], [-1.64974808693, -6.77446269989, -15.5459651947, -2.22317075729, 19.6419944763, -4.86713600159, -7.84209537506, 16.762556076, 37.6118888855, 9.52297878265, 7.76671075821, 1.20040786266, -0.982498168945], [-51.9438705444, -17.1785564423, -15.3316955566, -5.32126331329, 26.0622138977, -13.0582942963, -0.520904839039, 6.67671489716, 9.52297878265, 42.9209365845, 32.4692802429, 1.41715884209, -1.58869028091], [-42.013874054, -26.7031612396, -18.1385822296, -3.14414358139, 30.4791622162, -11.9296102524, 3.59398603439, 5.81153011322, 7.76671075821, 32.4692802429, 64.8985214233, 21.2825317383, 3.5618262291], [-3.77658128738, 14.9121809006, -4.409096241, 11.1739664078, 1.53131461143, -0.835092365742, 16.5537109375, 4.13452768326, 1.20040786266, 1.41715884209, 21.2825317383, 56.100353241, 22.4437885284], [10.91984272, 1.94663357735, 3.19533348083, 4.90289974213, -3.04623556137, 10.6467161179, 6.241335392, -2.09184408188, -0.982498168945, -1.58869028091, 3.5618262291, 22.4437885284, 35.5767440796]],
