{
"lowlevel": {
    "average_loudness": 0.987146675587,
    "barkbands_crest": {
        "dmean": 1.72031617165,
        "dmean2": 2.99538397789,
        "dvar": 2.56358575821,
        "dvar2": 8.20187950134,
        "max": 14.0050106049,
        "mean": 5.38234376907,
        "median": 4.91443443298,
        "min": 2.56705856323,
        "var": 3.91203808784
    },
    "barkbands_flatness_db": {
        "dmean": 0.0103049371392,
        "dmean2": 0.01763237454,
        "dvar": 7.17627845006e-05,
        "dvar2": 0.000196560198674,
        "max": 0.18598613143,
        "mean": 0.135277926922,
        "median": 0.133584976196,
        "min": 0.0768794864416,
        "var": 0.000144530233229
    },
    "barkbands_kurtosis": {
        "dmean": 0.345365643501,
        "dmean2": 0.600174307823,
        "dvar": 0.137961179018,
        "dvar2": 0.392078012228,
        "max": 1.37720394135,
        "mean": -1.21415519714,
        "median": -1.33770298958,
        "min": -1.73506069183,
        "var": 0.172402486205
    },
    "barkbands_skewness": {
        "dmean": 0.337003797293,
        "dmean2": 0.580502808094,
        "dvar": 0.0726954042912,
        "dvar2": 0.216132491827,
        "max": 1.64404344559,
        "mean": 0.065830938518,
        "median": 0.0401040539145,
        "min": -1.04864084721,
        "var": 0.220488041639
    },
    "barkbands_spread": {
        "dmean": 5.18520498276,
        "dmean2": 9.01676368713,
        "dvar": 17.2354412079,
        "dvar2": 51.2036132812,
        "max": 54.5989074707,
        "mean": 36.3767967224,
        "median": 36.4571342468,
        "min": 17.0928878784,
        "var": 35.1453666687
    },
    "dissonance": {
        "dmean": 0.00637550605461,
        "dmean2": 0.0109473699704,
        "dvar": 2.85799360427e-05,
        "dvar2": 8.08474142104e-05,
        "max": 0.499998480082,
        "mean": 0.49013030529,
        "median": 0.491117656231,
        "min": 0.449369877577,
        "var": 4.03931262554e-05
    },
    "dynamic_complexity": 0.63691419363,
    "erbbands_crest": {
        "dmean": 1.50194132328,
        "dmean2": 2.60379457474,
        "dvar": 1.60972082615,
        "dvar2": 4.60671710968,
        "max": 14.0346727371,
        "mean": 6.31736660004,
        "median": 6.07687807083,
        "min": 3.56154632568,
        "var": 2.47995042801
    },
    "erbbands_flatness_db": {
        "dmean": 0.00917049311101,
        "dmean2": 0.0156829282641,
        "dvar": 5.66357630305e-05,
        "dvar2": 0.000150499850861,
        "max": 0.260423392057,
        "mean": 0.223500460386,
        "median": 0.222683534026,
        "min": 0.145387604833,
        "var": 0.00014070609177
    },
    "erbbands_kurtosis": {
        "dmean": 0.812028646469,
        "dmean2": 1.338804245,
        "dvar": 0.552672982216,
        "dvar2": 1.53766846657,
        "max": 8.63784408569,
        "mean": 1.00092411041,
        "median": 0.803889155388,
        "min": -1.14608538151,
        "var": 1.65829432011
    },
    "erbbands_skewness": {
        "dmean": 0.254484772682,
        "dmean2": 0.416136771441,
        "dvar": 0.0400164760649,
        "dvar2": 0.110234081745,
        "max": 0.442346215248,
        "mean": -0.981189906597,
        "median": -0.994356751442,
        "min": -2.22472190857,
        "var": 0.128893226385
    },
    "erbbands_spread": {
        "dmean": 4.37735128403,
        "dmean2": 7.23883199692,
        "dvar": 12.4698791504,
        "dvar2": 35.4046630859,
        "max": 54.7598991394,
        "mean": 25.1730728149,
        "median": 24.4536247253,
        "min": 10.5815658569,
        "var": 39.655620575
    },
    "hfc": {
        "dmean": 5.52910661697,
        "dmean2": 9.09020233154,
        "dvar": 20.1742229462,
        "dvar2": 54.770652771,
        "max": 63.2424736023,
        "mean": 35.0009994507,
        "median": 34.6154098511,
        "min": 8.59790802002,
        "var": 83.3386611938
    },
    "melbands_crest": {
        "dmean": 3.08182859421,
        "dmean2": 5.28372049332,
        "dvar": 6.23955249786,
        "dvar2": 18.3912086487,
        "max": 21.5975914001,
        "mean": 9.94166088104,
        "median": 9.51560211182,
        "min": 3.07176136971,
        "var": 13.6923961639
    },
    "melbands_flatness_db": {
        "dmean": 0.0175284650177,
        "dmean2": 0.0301623642445,
        "dvar": 0.000190306964214,
        "dvar2": 0.000566218746826,
        "max": 0.251549035311,
        "mean": 0.164221450686,
        "median": 0.160618543625,
        "min": 0.118311092257,
        "var": 0.000553211488295
    },
    "melbands_kurtosis": {
        "dmean": 1.24725961685,
        "dmean2": 2.12880516052,
        "dvar": 2.06847691536,
        "dvar2": 5.7391204834,
        "max": 13.2491455078,
        "mean": 0.634871125221,
        "median": 0.0456414222717,
        "min": -1.64016914368,
        "var": 4.24346160889
    },
    "melbands_skewness": {
        "dmean": 0.456413447857,
        "dmean2": 0.786671102047,
        "dvar": 0.133337855339,
        "dvar2": 0.388787835836,
        "max": 3.6739089489,
        "mean": 1.18766629696,
        "median": 1.12867820263,
        "min": -0.182218343019,
        "var": 0.406379371881
    },
    "melbands_spread": {
        "dmean": 9.09725093842,
        "dmean2": 15.4568367004,
        "dvar": 52.0402908325,
        "dvar2": 153.378768921,
        "max": 86.8846206665,
        "mean": 55.360244751,
        "median": 56.0307273865,
        "min": 19.677728653,
        "var": 156.4296875
    },
    "pitch_salience": {
        "dmean": 0.0537381097674,
        "dmean2": 0.0947780460119,
        "dvar": 0.00193905283231,
        "dvar2": 0.00597832724452,
        "max": 0.802474677563,
        "mean": 0.642401754856,
        "median": 0.647662341595,
        "min": 0.393762528896,
        "var": 0.00345030636527
    },
    "silence_rate_20dB": {
        "dmean": 0,
        "dmean2": 0,
        "dvar": 0,
        "dvar2": 0,
        "max": 1,
        "mean": 1,
        "median": 1,
        "min": 1,
        "var": 0
    },
    "silence_rate_30dB": {
        "dmean": 0,
        "dmean2": 0,
        "dvar": 0,
        "dvar2": 0,
        "max": 1,
        "mean": 1,
        "median": 1,
        "min": 1,
        "var": 0
    },
    "silence_rate_60dB": {
        "dmean": 0,
        "dmean2": 0,
        "dvar": 0,
        "dvar2": 0,
        "max": 0,
        "mean": 0,
        "median": 0,
        "min": 0,
        "var": 0
    },
    "spectral_centroid": {
        "dmean": 179.627288818,
        "dmean2": 306.414428711,
        "dvar": 21368.359375,
        "dvar2": 61204.1445312,
        "max": 2936.11108398,
        "mean": 2405.85180664,
        "median": 2431.64819336,
        "min": 1567.9050293,
        "var": 57125.671875
    },
    "spectral_complexity": {
        "dmean": 3.38998484612,
        "dmean2": 5.57142877579,
        "dvar": 7.20601177216,
        "dvar2": 19.5762290955,
        "max": 53,
        "mean": 41.8287887573,
        "median": 42,
        "min": 23,
        "var": 19.3055210114
    },
    "spectral_decrease": {
        "dmean": 1.08131570364e-09,
        "dmean2": 1.84399839842e-09,
        "dvar": 6.30164336918e-19,
        "dvar2": 1.86559895852e-18,
        "max": -2.07138928232e-09,
        "mean": -5.98910876448e-09,
        "median": -6.06841066286e-09,
        "min": -8.83600836943e-09,
        "var": 9.58528311828e-19
    },
    "spectral_energy": {
        "dmean": 0.00431121373549,
        "dmean2": 0.00730051379651,
        "dvar": 9.98611176328e-06,
        "dvar2": 2.92073382298e-05,
        "max": 0.0358743965626,
        "mean": 0.0257789418101,
        "median": 0.026151355356,
        "min": 0.00859777536243,
        "var": 1.67982489074e-05
    },
    "spectral_energyband_high": {
        "dmean": 0.000228199045523,
        "dmean2": 0.00037457869621,
        "dvar": 4.68342840065e-08,
        "dvar2": 1.19792218811e-07,
        "max": 0.00241579348221,
        "mean": 0.000754594977479,
        "median": 0.000699453288689,
        "min": 0.000210359343328,
        "var": 1.06892052543e-07
    },
    "spectral_energyband_low": {
        "dmean": 0.00283708330244,
        "dmean2": 0.00505678867921,
        "dvar": 5.95463188802e-06,
        "dvar2": 1.76282428583e-05,
        "max": 0.0204011164606,
        "mean": 0.00553498463705,
        "median": 0.00461141718552,
        "min": 0.000353201234248,
        "var": 1.25576725623e-05
    },
    "spectral_energyband_middle_high": {
        "dmean": 0.00239495770074,
        "dmean2": 0.00392467202619,
        "dvar": 3.45810326507e-06,
        "dvar2": 9.60842316999e-06,
        "max": 0.0274629164487,
        "mean": 0.0132262818515,
        "median": 0.0130139514804,
        "min": 0.00288410927169,
        "var": 1.55187426572e-05
    },
    "spectral_energyband_middle_low": {
        "dmean": 0.00284089404158,
        "dmean2": 0.00472584785894,
        "dvar": 6.23996356808e-06,
        "dvar2": 1.87384739547e-05,
        "max": 0.0221737045795,
        "mean": 0.00763212097809,
        "median": 0.00683480873704,
        "min": 0.00206465437077,
        "var": 1.18046964417e-05
    },
    "spectral_entropy": {
        "dmean": 0.048208899796,
        "dmean2": 0.0816889926791,
        "dvar": 0.00201630615629,
        "dvar2": 0.00454286765307,
        "max": 8.18228149414,
        "mean": 7.63604402542,
        "median": 7.63996458054,
        "min": 7.45943689346,
        "var": 0.003329803003
    },
    "spectral_flux": {
        "dmean": 0.0102056711912,
        "dmean2": 0.0166975986212,
        "dvar": 6.1141246988e-05,
        "dvar2": 0.000162800308317,
        "max": 0.145237252116,
        "mean": 0.0946096330881,
        "median": 0.0946985557675,
        "min": 0.0515308976173,
        "var": 0.000145011072163
    },
    "spectral_kurtosis": {
        "dmean": 2.80515623093,
        "dmean2": 5.00997877121,
        "dvar": 4.87416744232,
        "dvar2": 15.0829725266,
        "max": 14.3665275574,
        "mean": 4.48022794724,
        "median": 4.09238529205,
        "min": 0.0526788234711,
        "var": 7.38857126236
    },
    "spectral_rms": {
        "dmean": 0.000424659345299,
        "dmean2": 0.000718851282727,
        "dvar": 1.00874629538e-07,
        "dvar2": 2.90676837267e-07,
        "max": 0.00591603014618,
        "mean": 0.00499824201688,
        "median": 0.00505109038204,
        "min": 0.00289621693082,
        "var": 1.67745199064e-07
    },
    "spectral_rolloff": {
        "dmean": 305.38583374,
        "dmean2": 534.010009766,
        "dvar": 66619.25,
        "dvar2": 188860.53125,
        "max": 3682.17773438,
        "mean": 2827.43994141,
        "median": 2799.31640625,
        "min": 1205.859375,
        "var": 142550.59375
    },
    "spectral_skewness": {
        "dmean": 0.287728220224,
        "dmean2": 0.505474865437,
        "dvar": 0.056254401803,
        "dvar2": 0.163438379765,
        "max": 3.20002937317,
        "mean": 0.637865245342,
        "median": 0.602867603302,
        "min": 0.0410970821977,
        "var": 0.0903050750494
    },
    "spectral_spread": {
        "dmean": 148999.171875,
        "dmean2": 248061.109375,
        "dvar": 99146039296,
        "dvar2": 119441285120,
        "max": 9703250,
        "mean": 2221168,
        "median": 2194314.5,
        "min": 1793850.75,
        "var": 113202233344
    },
    "spectral_strongpeak": {
        "dmean": 0.612374603748,
        "dmean2": 1.12460589409,
        "dvar": 1.08582103252,
        "dvar2": 3.0401763916,
        "max": 7.92980718613,
        "mean": 0.621217012405,
        "median": 0.272766232491,
        "min": 0.0384376011789,
        "var": 0.899446308613
    },
    "zerocrossingrate": {
        "dmean": 0.00527032557875,
        "dmean2": 0.00734425475821,
        "dvar": 1.74751075974e-05,
        "dvar2": 3.40031983797e-05,
        "max": 0.103515625,
        "mean": 0.0792591422796,
        "median": 0.080078125,
        "min": 0.0322265625,
        "var": 0.00011249963427
    },
    "barkbands": {
        "dmean": [8.32372461446e-06, 0.00217456766404, 0.000974962313194, 0.00169481185731, 0.00149251089897, 0.000515111954883, 0.000432454049587, 0.000167666978086, 0.00058451120276, 0.000739766343031, 0.00050421548076, 0.000478434260003, 7.22682380001e-05, 0.000653235940263, 0.000509245262947, 0.000787903845776, 0.000889336399268, 0.000455826346297, 0.00068041292252, 0.000371492118575, 0.000128376166685, 1.82288531505e-05, 9.42568021856e-07, 7.1035634619e-07, 2.36769778894e-07, 8.34243252257e-08, 1.37979592196e-08],
        "dmean2": [1.37745892062e-05, 0.00393553124741, 0.00167045963462, 0.00286782626063, 0.00263298023492, 0.000865014735609, 0.000750524981413, 0.000278731895378, 0.000975332281087, 0.00123666378204, 0.000825010647532, 0.000815703417175, 0.000123627542052, 0.00110038463026, 0.000850031152368, 0.00134111451916, 0.00152733968571, 0.000787464436144, 0.00117474771105, 0.000635496748146, 0.000215476437006, 3.1346004107e-05, 1.57861722982e-06, 1.18168907193e-06, 3.95982169721e-07, 1.36297501285e-07, 1.61527609066e-08],
        "dvar": [8.79751826943e-11, 3.82891994377e-06, 1.04956370706e-06, 2.79706773654e-06, 2.05303990697e-06, 6.15442957042e-07, 3.32429834771e-07, 2.97855322628e-08, 4.6073358817e-07, 8.76660976701e-07, 3.6442204987e-07, 2.34689466083e-07, 6.07912697959e-09, 3.75847747591e-07, 2.18067199853e-07, 5.72955002553e-07, 6.59057036501e-07, 1.76243787564e-07, 3.64330418279e-07, 1.19812455068e-07, 1.45032368337e-08, 2.66498462187e-10, 8.62957979814e-13, 5.03817365431e-13, 9.46912429652e-14, 4.48754633442e-14, 3.61853118812e-14],
        "dvar2": [1.71079581057e-10, 1.26209397422e-05, 2.862455176e-06, 8.29702639749e-06, 5.82602933719e-06, 1.60348304235e-06, 9.02319129636e-07, 7.90589851363e-08, 1.18886941891e-06, 2.53082816926e-06, 9.47626574543e-07, 6.50842196137e-07, 1.66652096567e-08, 9.79617652774e-07, 6.36830577605e-07, 1.60176500685e-06, 1.85319856882e-06, 5.09694189077e-07, 1.08503752472e-06, 3.48044750353e-07, 3.57630192127e-08, 7.68099195358e-10, 2.39876694896e-12, 1.28696662702e-12, 2.22723478115e-13, 7.31581069053e-14, 3.6260067621e-14],
        "max": [0.000169687569723, 0.0145147256553, 0.00813689082861, 0.0123046599329, 0.0122965816408, 0.0111510930583, 0.00653322413564, 0.001663011848, 0.00776803446934, 0.0121267689392, 0.0104097761214, 0.00467037316412, 0.000745457946323, 0.00550425006077, 0.00487554026768, 0.0080132978037, 0.00742333289236, 0.00445683579892, 0.00708396313712, 0.00361700984649, 0.00156287360005, 0.000146035003127, 8.57283794176e-06, 9.25785570871e-06, 4.8558713388e-06, 4.21950790042e-06, 3.94329799747e-06],
        "mean": [1.21286802823e-05, 0.00294547714293, 0.00134535657708, 0.00236173183657, 0.00237345648929, 0.00074193009641, 0.00063023949042, 0.000278923427686, 0.0010027437238, 0.00118491239846, 0.0009060644079, 0.000853860401548, 0.000133155816002, 0.00147869158536, 0.00123136746697, 0.00195852993056, 0.00206737825647, 0.0010562952375, 0.00184298574459, 0.000917450874113, 0.000397331197746, 5.32976882823e-05, 2.3552811399e-06, 2.31629178415e-06, 7.36172182769e-07, 2.31896876812e-07, 2.50731204687e-08],
        "median": [8.87461828825e-06, 0.00212154677138, 0.000871696800459, 0.00177189370152, 0.00188447511755, 0.000480739574414, 0.000394863047404, 0.00021550800011, 0.000750703038648, 0.000842168519739, 0.000663222628646, 0.000688585685566, 0.000107860745629, 0.00126133859158, 0.00105298578274, 0.00165493786335, 0.00193475140259, 0.000940530153457, 0.0016315751709, 0.000839398126118, 0.000365416577552, 4.98810986755e-05, 1.94940275833e-06, 1.98990846911e-06, 6.25944778676e-07, 1.65184857792e-07, 1.40358524803e-08],
        "min": [1.03820504194e-07, 4.01478318963e-05, 9.32476177695e-06, 7.08178822606e-06, 9.43751001614e-05, 1.98254329007e-05, 1.30776334117e-05, 4.9355230658e-06, 7.74745712988e-05, 3.60127960448e-05, 6.88999571139e-05, 6.04763590673e-05, 8.16355623101e-06, 0.00010488297994, 0.000119337688375, 0.000310366769554, 0.000294428929919, 0.000197290588403, 0.000455770612461, 0.000134829067974, 8.79860672285e-05, 1.11842100523e-05, 3.49846573044e-07, 5.85275131471e-07, 1.80988720899e-07, 5.20688026029e-08, 4.92924856488e-09],
        "var": [1.54952745079e-10, 6.15682256466e-06, 1.78570189746e-06, 4.286526746e-06, 3.28223904944e-06, 7.65710240103e-07, 5.77016578518e-07, 5.068181963e-08, 7.65298125316e-07, 1.53772384692e-06, 7.49638843445e-07, 4.06633830607e-07, 9.71318403487e-09, 8.86556392743e-07, 5.74491764382e-07, 1.32628520078e-06, 1.0634003047e-06, 2.88278897642e-07, 7.97934717411e-07, 1.8532324475e-07, 3.32922205359e-08, 4.57658938524e-10, 1.82021043203e-12, 1.7011360853e-12, 2.52049737418e-13, 8.4315800869e-14, 3.61048166462e-14]
    },
    "erbbands": {
        "dmean": [0.0394561737776, 0.567400753498, 1.07046747208, 3.34030747414, 5.89511823654, 4.75710773468, 3.68758416176, 4.49921560287, 2.50737071037, 8.57714653015, 5.4263458252, 14.3325204849, 16.1640396118, 23.359041214, 19.534910202, 19.5832424164, 3.35390496254, 20.4874954224, 27.2143287659, 32.1869850159, 44.3300132751, 50.5509414673, 20.154001236, 35.5579605103, 31.5562877655, 17.5055828094, 6.14427471161, 3.67964267731, 0.724847853184, 0.100447252393, 0.035317838192, 0.0180435217917, 0.0100112948567, 0.00451837526634, 0.000623572967015, 0.000499047921039, 0.000125679929624, 1.28634401335e-05, 4.05980699725e-06, 5.19920286024e-06],
        "dmean2": [0.0714840963483, 1.02549409866, 1.82735848427, 5.70799303055, 10.132194519, 8.30369853973, 6.37514829636, 7.72155952454, 4.37997722626, 14.7444400787, 9.43273258209, 24.3446617126, 26.7604866028, 39.7297554016, 31.8893718719, 33.2016067505, 5.64840507507, 34.1257095337, 45.2229766846, 54.7495803833, 73.4748764038, 86.0232086182, 34.4719161987, 62.7904090881, 54.1749076843, 29.4706058502, 9.82355499268, 6.14333820343, 1.22950196266, 0.166874825954, 0.0579335354269, 0.0299729835242, 0.0168398562819, 0.00773704005405, 0.000989614520222, 0.000821885361802, 0.000203329240321, 1.70109997271e-05, 5.74208934268e-06, 8.68877395988e-06],
        "dvar": [0.00118789297994, 0.267105132341, 1.23982548714, 10.5352525711, 39.2991943359, 27.678062439, 23.0105381012, 49.2064247131, 10.2726783752, 128.720230103, 38.9162101746, 305.549926758, 447.061553955, 865.852050781, 484.479736328, 370.753417969, 11.2065973282, 398.709655762, 583.53137207, 951.22857666, 1566.03417969, 2122.67651367, 307.207855225, 1009.36340332, 991.432739258, 240.23197937, 31.3286762238, 11.2467365265, 0.423212409019, 0.0108608761802, 0.00128376053181, 0.000290433497867, 0.000131191933178, 2.67962259386e-05, 2.47783145824e-06, 1.09366317247e-06, 1.33380794409e-07, 1.40234241996e-08, 7.10602077181e-10, 1.70672816158e-11],
        "dvar2": [0.00396715663373, 0.871853351593, 3.40653824806, 31.4171161652, 121.182060242, 73.3689727783, 61.918170929, 129.93371582, 28.9677581787, 351.360076904, 111.266334534, 772.172241211, 1183.72900391, 2531.28564453, 1262.01623535, 1018.67730713, 31.1717262268, 1081.39697266, 1608.5949707, 2598.45166016, 4454.11572266, 6277.32714844, 900.599853516, 2993.63061523, 2801.55151367, 713.309509277, 76.8774185181, 30.0582695007, 1.26149201393, 0.0281078983098, 0.00359954289161, 0.000778291083407, 0.000357562646968, 7.60151087889e-05, 3.25618043462e-06, 2.32693901125e-06, 1.78550891405e-07, 1.40934997006e-08, 7.18273329703e-10, 4.35513153318e-11],
        "max": [0.244123727083, 3.89622807503, 10.317615509, 32.6233787537, 50.2781410217, 51.4701347351, 59.3301963806, 74.5335693359, 41.504863739, 118.294006348, 46.9853363037, 225.516296387, 311.895172119, 283.637756348, 351.434448242, 189.733840942, 34.6202163696, 181.90071106, 273.725463867, 312.66494751, 498.232513428, 484.87008667, 173.213592529, 311.143066406, 377.295288086, 137.277694702, 80.0720748901, 38.3802871704, 6.99614143372, 1.68304038048, 0.346848070621, 0.24448184669, 0.164519935846, 0.0762978047132, 0.0332244858146, 0.0182970352471, 0.00758309476078, 0.00249169464223, 0.000575442041736, 7.43827476981e-05],
        "mean": [0.0555410310626, 0.754278659821, 1.61963617802, 5.3000254631, 9.01654624939, 7.06558799744, 5.7386431694, 6.01536369324, 4.22687530518, 12.6863174438, 9.26834964752, 23.1892280579, 27.374174118, 40.928894043, 38.2274551392, 35.5133323669, 8.6463470459, 47.2593612671, 75.2517242432, 81.7515945435, 112.936035156, 114.038955688, 58.4397659302, 87.7307357788, 84.6193237305, 45.9387207031, 19.0289497375, 11.5403661728, 2.48135852814, 0.33457121253, 0.0914766564965, 0.0582807250321, 0.0311296284199, 0.0142924813554, 0.0020666308701, 0.00139322772156, 0.000358338933438, 3.03998058371e-05, 2.05069227377e-05, 3.37820711138e-05],
        "median": [0.0450930669904, 0.54580950737, 1.17421782017, 3.98471641541, 6.73266220093, 5.19347763062, 4.16727733612, 3.8083460331, 3.1804523468, 8.15769195557, 7.07939624786, 17.5128650665, 18.334936142, 31.5004177094, 27.9105415344, 28.1923999786, 7.59777164459, 39.5290184021, 70.949005127, 70.1468505859, 99.7089385986, 102.856025696, 52.8261375427, 79.5550231934, 73.4606628418, 42.13230896, 17.0917854309, 10.765619278, 2.36008524895, 0.309040606022, 0.0750683918595, 0.0515327826142, 0.0263472050428, 0.0120191508904, 0.00174206821248, 0.0010494440794, 0.000243542424869, 1.98548368644e-05, 1.9261655325e-05, 3.40578335454e-05],
        "min": [0.000864858389832, 0.0129208536819, 0.0526124946773, 0.302805900574, 0.409644752741, 0.299331784248, 0.245806798339, 0.209942430258, 0.345076918602, 0.821025669575, 0.372532129288, 1.54823434353, 1.88521420956, 2.06629252434, 4.42567396164, 3.99989724159, 0.795474171638, 3.33779144287, 5.77683019638, 11.292924881, 24.6999511719, 17.8589134216, 13.9267158508, 18.4388065338, 17.262588501, 7.63848161697, 4.94675445557, 2.63550281525, 0.558969557285, 0.0908671095967, 0.0194524023682, 0.0158593766391, 0.00765560660511, 0.0039428519085, 0.000441644137027, 0.000314815668389, 6.81371820974e-05, 6.62178126731e-06, 1.04786295196e-05, 1.85169028555e-05],
        "var": [0.00173770170659, 0.443089932203, 2.0194272995, 20.7918930054, 57.092250824, 39.8033218384, 29.9907112122, 56.9918632507, 15.5172567368, 204.009613037, 55.9181480408, 455.761230469, 927.657775879, 1220.7479248, 1034.34594727, 692.516784668, 23.6266422272, 943.148742676, 1405.97143555, 2328.5324707, 3426.31518555, 3429.14990234, 600.78125, 1699.97570801, 2053.39575195, 434.183563232, 83.1903762817, 25.5517807007, 0.850188076496, 0.0197218526155, 0.00289486208931, 0.00080809078645, 0.000399237731472, 8.76687990967e-05, 3.42117459695e-06, 2.01367311092e-06, 2.53762550528e-07, 1.42246072699e-08, 7.145333214e-10, 3.10432547723e-11]
    },
    "gfcc": {
        "mean": [3.80014419556, 137.742828369, -187.717666626, 60.4052963257, -29.2003498077, -11.8768768311, -12.5092821121, 2.02108407021, -21.6316871643, -9.01100349426, -17.8286247253, -13.5008335114, 5.29426813126],
        "cov": [[129.444961548, -31.4983787537, -39.6298332214, -35.2075958252, -29.06914711, -0.659358263016, -14.2688617706, 5.62535858154, 3.94459748268, 12.3888044357, 2.19610571861, 7.88087368011, 10.3469390869], [-31.4983787537, 123.280601501, 36.361995697, 17.8125190735, -12.9703550339, -23.130191803, 29.82929039, -14.381729126, 10.0007820129, -5.57246541977, 26.0125808716, -1.7731051445, 0.78592646122], [-39.6298332214, 36.361995697, 90.9960250854, 39.0178489685, 24.5935783386, -1.67574310303, -7.15220737457, 2.58530640602, -5.68467283249, -3.77314519882, -16.4021434784, -5.33411312103, -8.03378772736], [-35.2075958252, 17.8125190735, 39.0178489685, 69.5783081055, 42.0336418152, 10.5105514526, 13.5779781342, -2.795388937, 5.12802648544, 4.64305734634, 5.89500999451, -4.32659387589, -3.73420238495], [-29.06914711, -12.9703550339, 24.5935783386, 42.0336418152, 70.0328674316, 39.4847831726, 12.1078968048, 11.5065517426, -0.199559405446, 4.59252309799, -1.69390976429, -2.17346429825, -4.3097577095], [-0.659358263016, -23.130191803, -1.67574310303, 10.5105514526, 39.4847831726, 56.7916526794, 25.3816661835, 17.1277008057, 3.59262704849, 3.86152553558, -1.54964256287, 1.11432445049, 2.10084176064], [-14.2688617706, 29.82929039, -7.15220737457, 13.5779781342, 12.1078968048, 25.3816661835, 63.8485565186, 23.0430774689, 15.1553936005, 3.26678133011, 16.2341461182, 2.17310357094, 3.12964940071], [5.62535858154, -14.381729126, 2.58530640602, -2.795388937, 11.5065517426, 17.1277008057, 23.0430774689, 44.7763595581, 18.0122261047, 7.33732748032, -3.36498308182, 1.13861727715, 2.97197890282], [3.94459748268, 10.0007820129, -5.68467283249, 5.12802648544, -0.199559405446, 3.59262704849, 15.1553936005, 18.0122261047, 37.0078887939, 19.8088722229, 10.8538627625, -0.333511978388, -1.70353937149], [12.3888044357, -5.57246541977, -3.77314519882, 4.64305734634, 4.59252309799, 3.86152553558, 3.26678133011, 7.33732748032, 19.8088722229, 41.0475006104, 22.9709091187, 7.07113027573, -0.195637777448], [2.19610571861, 26.0125808716, -16.4021434784, 5.89500999451, -1.69390976429, -1.54964256287, 16.2341461182, -3.36498308182, 10.8538627625, 22.9709091187, 51.0398139954, 18.6685085297, 7.73603487015], [7.88087368011, -1.7731051445, -5.33411312103, -4.32659387589, -2.17346429825, 1.11432445049, 2.17310357094, 1.13861727715, -0.333511978388, 7.07113027573, 18.6685085297, 34.6726226807, 19.3878364563], [10.3469390869, 0.78592646122, -8.03378772736, -3.73420238495, -4.3097577095, 2.10084176064, 3.12964940071, 2.97197890282, -1.70353937149, -0.195637777448, 7.73603487015, 19.3878364563, 32.0019416809]],
        "icov": [[0.0115152122453, -0.00241403654218, 0.00583809195086, -0.00204691896215, 0.00719216885045, -0.00630155624822, 0.00684669101611, -0.00578178931028, 0.00345779722556, -0.00578003702685, 0.00290621141903, -0.00160761794541, -0.000767312420066], [-0.00241403654218, 0.0354799255729, -0.0287569761276, 0.0175400152802, -0.00802623294294, 0.0200980510563, -0.0298296622932, 0.0288936942816, -0.02364837192, 0.0200008880347, -0.0255456753075, 0.0161580648273, -0.0121800694615], [0.00583809195086, -0.0287569761276, 0.04305306077, -0.0270967762917, 0.00900742132217, -0.0146700870246, 0.0282923802733, -0.0306090414524, 0.0250905584544, -0.0197942741215, 0.0282648615539, -0.0180877670646, 0.0140568735078], [-0.00204691896215, 0.0175400152802, -0.0270967762917, 0.0495151206851, -0.0328450128436, 0.0232613440603, -0.027088560164, 0.0309397000819, -0.0234101079404, 0.0108325500041, -0.01640564017, 0.0151003468782, -0.0133305098861], [0.00719216885045, -0.00802623294294, 0.00900742132217, -0.0328450128436, 0.0552531704307, -0.0388225726783, 0.0214670691639, -0.0222310684621, 0.0171144716442, -0.0081376330927, 0.00369471707381, -0.00651377113536, 0.0101696085185], [-0.00630155624822, 0.0200980510563, -0.0146700870246, 0.0232613440603, -0.0388225726783, 0.0584218800068, -0.0358806364238, 0.02012334764, -0.0138269793242, 0.00718892877921, -0.00570555590093, 0.0080160619691, -0.0110173011199], [0.00684669101611, -0.0298296622932, 0.0282923802733, -0.027088560164, 0.0214670691639, -0.0358806364238, 0.0599678978324, -0.0422759205103, 0.0172369368374, -0.00670493254438, 0.00622945092618, -0.0100950794294, 0.0112551627681], [-0.00578178931028, 0.0288936942816, -0.0306090414524, 0.0309397000819, -0.0222310684621, 0.02012334764, -0.0422759205103, 0.0698621794581, -0.040006890893, 0.0131737431511, -0.00897751003504, 0.0110573368147, -0.0161604583263], [0.00345779722556, -0.02364837192, 0.0250905584544, -0.0234101079404, 0.0171144716442, -0.0138269793242, 0.0172369368374, -0.040006890893, 0.0684157758951, -0.0352782309055, 0.0168567374349, -0.00724697997794, 0.0120139634237], [-0.00578003702685, 0.0200008880347, -0.0197942741215, 0.0108325500041, -0.0081376330927, 0.00718892877921, -0.00670493254438, 0.0131737431511, -0.0352782309055, 0.0605199113488, -0.0370735861361, 0.00831260625273, -0.00204507540911], [0.00290621141903, -0.0255456753075, 0.0282648615539, -0.01640564017, 0.00369471707381, -0.00570555590093, 0.00622945092618, -0.00897751003504, 0.0168567374349, -0.0370735861361, 0.06404979527, -0.0320043377578, 0.0105424812064], [-0.00160761794541, 0.0161580648273, -0.0180877670646, 0.0151003468782, -0.00651377113536, 0.0080160619691, -0.0100950794294, 0.0110573368147, -0.00724697997794, 0.00831260625273, -0.0320043377578, 0.0640590488911, -0.0355063155293], [-0.000767312420066, -0.0121800694615, 0.0140568735078, -0.0133305098861, 0.0101696085185, -0.0110173011199, 0.0112551627681, -0.0161604583263, 0.0120139634237, -0.00204507540911, 0.0105424812064, -0.0355063155293, 0.0558510124683]]
    },
    "melbands": {
        "dmean": [0.00051683926722, 0.000591403571889, 0.000625684100669, 0.000390251516365, 0.000128103070892, 9.55465511652e-05, 5.49993274035e-05, 7.87756289355e-05, 5.84838016948e-05, 8.99114384083e-05, 8.47460250952e-05, 0.000102509715362, 7.5866082625e-05, 6.74165275996e-05, 1.57406357175e-05, 1.34020428959e-05, 4.59823859273e-05, 5.44049180462e-05, 4.53700922662e-05, 4.908279152e-05, 5.95387646172e-05, 5.60076805414e-05, 3.15629476972e-05, 2.29735051107e-05, 3.3665139199e-05, 2.45400897256e-05, 2.16430089495e-05, 1.08906988316e-05, 3.47239802068e-06, 5.08674474986e-06, 1.55472116603e-06, 5.12937106123e-07, 1.69499841718e-07, 2.53404159878e-08, 2.13925197556e-08, 1.41960754263e-08, 1.24417498526e-08, 8.55209059125e-09, 5.93077142952e-09, 3.50694384643e-09],
        "dmean2": [0.000944776111282, 0.00104251760058, 0.00106654118281, 0.00068553420715, 0.000218331086216, 0.00016233327915, 9.60154429777e-05, 0.000134630608954, 0.000101123987406, 0.000152562555741, 0.00014202791499, 0.00017434291658, 0.000124470840092, 0.000115294176794, 2.58146792476e-05, 2.37352342083e-05, 7.69355974626e-05, 9.09421505639e-05, 7.49879036448e-05, 8.44408714329e-05, 9.90647895378e-05, 9.51367110247e-05, 5.48107054783e-05, 3.99563978135e-05, 5.98195583734e-05, 4.20476753789e-05, 3.68104010704e-05, 1.82371040864e-05, 5.52644587515e-06, 8.73611043062e-06, 2.67477707894e-06, 8.88168642632e-07, 2.90217116117e-07, 4.29765414367e-08, 3.55612144176e-08, 2.38569590749e-08, 2.09872794699e-08, 1.42675240511e-08, 1.00769312894e-08, 5.97512439526e-09],
        "dvar": [2.08506932609e-07, 3.27940995248e-07, 3.63836392125e-07, 1.41115876318e-07, 2.24781278035e-08, 2.2011917622e-08, 5.02508656908e-09, 1.04395381229e-08, 5.65046720524e-09, 1.09253788239e-08, 1.21199041914e-08, 1.73237353351e-08, 8.79304273838e-09, 4.88883067362e-09, 2.05055902813e-10, 2.73629091607e-10, 1.98198391033e-09, 2.37798003511e-09, 1.99542249391e-09, 2.40907938043e-09, 2.80249690121e-09, 2.50776488464e-09, 8.09155797921e-10, 4.38775182854e-10, 9.25118259776e-10, 5.23919296835e-10, 5.02191621621e-10, 1.08204174787e-10, 1.31705523224e-11, 2.45790419268e-11, 2.12923537309e-12, 2.21243081364e-13, 2.20441324022e-14, 1.49965796295e-15, 4.64586242503e-16, 1.59284942778e-16, 1.62306428415e-16, 9.72604192021e-17, 4.94949309785e-17, 1.5539229699e-17],
        "dvar2": [7.00337523085e-07, 9.24348114495e-07, 1.08678943889e-06, 4.01475489298e-07, 6.16006303744e-08, 5.75400989078e-08, 1.37414737367e-08, 2.82755046044e-08, 1.62743845067e-08, 2.77532645754e-08, 3.17105737224e-08, 5.04754247288e-08, 2.23239826624e-08, 1.36225279945e-08, 5.72373204388e-10, 7.66649355111e-10, 5.28480592621e-09, 6.39985486828e-09, 5.96482907511e-09, 6.56032161928e-09, 7.98104515809e-09, 7.38121208599e-09, 2.22388440996e-09, 1.2765936086e-09, 2.68933719738e-09, 1.54659784979e-09, 1.4478208632e-09, 3.07392750143e-10, 3.25593475792e-11, 6.26943288951e-11, 5.56888736514e-12, 6.33723217132e-13, 5.86505670419e-14, 3.82619647703e-15, 1.30781685886e-15, 4.19255077339e-16, 4.34189485809e-16, 2.69415240138e-16, 1.53195980262e-16, 4.19824965077e-17],
        "max": [0.00335598620586, 0.00520552229136, 0.005273939576, 0.00316159636714, 0.00168051803485, 0.0018067805795, 0.000933806353714, 0.00110460433643, 0.000668325810693, 0.00120946590323, 0.00155816576444, 0.00129417015705, 0.00159582786728, 0.000665116880555, 0.000137031311169, 0.00015226493997, 0.000384936138289, 0.00052413274534, 0.000493123370688, 0.000566730799619, 0.000564890913665, 0.00048298863112, 0.000262665038463, 0.000211131278775, 0.000295077363262, 0.000222670016228, 0.000253083446296, 9.18044970604e-05, 4.29218634963e-05, 5.82208449487e-05, 2.14035408135e-05, 4.44238366981e-06, 1.39924759424e-06, 7.03182422512e-07, 2.05755355864e-07, 1.65548598829e-07, 1.64727879337e-07, 1.36839474862e-07, 9.92082149764e-08, 5.931192959e-08],
        "mean": [0.00068597716745, 0.000938129669521, 0.00102976418566, 0.000615909055341, 0.000206627155421, 0.000130102285766, 8.75402911333e-05, 0.000119953183457, 8.8691675046e-05, 0.00014778606419, 0.000136275513796, 0.000165966994246, 0.000133090943564, 0.00011805730901, 3.12682241201e-05, 2.27739619731e-05, 0.000101864847238, 0.000132808316266, 0.000107665407995, 0.000112849578727, 0.000139405819937, 0.000121582423162, 7.22816694179e-05, 5.0213016948e-05, 7.4946503446e-05, 6.13906886429e-05, 5.35946055606e-05, 2.48092037509e-05, 9.62778904068e-06, 1.30049647851e-05, 4.40757457909e-06, 1.46831087022e-06, 4.81973472688e-07, 5.66267104318e-08, 4.66224747697e-08, 3.95500840966e-08, 3.46738815438e-08, 2.31439756249e-08, 1.67960898523e-08, 1.01603783165e-08],
        "median": [0.000524721457623, 0.000716439273674, 0.000820586748887, 0.000489549711347, 0.000153962144395, 8.29182172311e-05, 5.96971513005e-05, 7.65151198721e-05, 6.28560956102e-05, 0.000112512985652, 8.80105944816e-05, 0.000123505640659, 8.96683777682e-05, 9.44872008404e-05, 2.63205947704e-05, 1.77040856215e-05, 8.39682325022e-05, 0.000122107725474, 9.00531304069e-05, 9.16027056519e-05, 0.000123307632748, 0.000110775785288, 6.398770347e-05, 4.38694987679e-05, 6.81273813825e-05, 5.41273184353e-05, 4.73570216855e-05, 2.18969507841e-05, 8.39825042931e-06, 1.17939889606e-05, 3.97594749302e-06, 1.34135507324e-06, 4.43355929747e-07, 4.62969111936e-08, 3.63971324191e-08, 3.44656925222e-08, 2.99326927689e-08, 1.9120355077e-08, 1.41732510173e-08, 8.63972449139e-09],
        "min": [1.32989616759e-05, 2.42676269409e-05, 7.02193865436e-05, 1.57566264534e-05, 9.62388730841e-06, 3.70603243027e-06, 6.08872869634e-06, 8.98179587239e-06, 4.02889236284e-06, 1.08940257633e-05, 7.24516758055e-06, 5.40086102774e-06, 9.90930129774e-06, 1.11017861855e-05, 1.38064376642e-06, 1.93686992134e-06, 6.04589422437e-06, 8.70717485668e-06, 1.02743379102e-05, 7.69780581322e-06, 2.70145319519e-05, 1.75734676304e-05, 1.20777049233e-05, 8.33673493617e-06, 1.39538387884e-05, 1.49122060975e-05, 5.93550021222e-06, 4.86106637254e-06, 2.68726171271e-06, 2.6829500257e-06, 8.95982623206e-07, 3.1934050071e-07, 8.18890271148e-08, 1.00125943092e-08, 5.83295767242e-09, 9.12876974013e-09, 8.06713895685e-09, 5.08378050768e-09, 3.54638984845e-09, 2.57260657222e-09],
        "var": [2.99835079431e-07, 6.24409778993e-07, 6.20235198312e-07, 2.31569984521e-07, 3.03790628209e-08, 2.6316394397e-08, 8.63809912488e-09, 1.69148588469e-08, 7.4581834042e-09, 1.71533240945e-08, 2.52217979835e-08, 2.31549606156e-08, 1.80045436338e-08, 7.96488031085e-09, 4.43285574914e-10, 3.44134332142e-10, 4.78803441339e-09, 5.17064879801e-09, 4.91562168747e-09, 5.69208369328e-09, 5.40527533843e-09, 3.97959798448e-09, 1.38019506934e-09, 7.15272729934e-10, 1.43262091079e-09, 9.9857278002e-10, 8.45633285618e-10, 1.89649004834e-10, 3.04294887898e-11, 4.40770336896e-11, 4.34526937002e-12, 3.69931353345e-13, 4.0976648615e-14, 1.95903431755e-15, 1.00768629823e-15, 3.88502778566e-16, 3.8275912756e-16, 2.53513811209e-16, 1.38445576465e-16, 4.58875797836e-17]
    },
    "mfcc": {
        "mean": [-612.247131348, 146.862609863, -75.8903121948, 64.3093566895, -2.31820082664, 3.73529863358, 11.7198896408, 0.825424551964, 15.3773345947, 0.321660012007, -8.51865005493, -6.09069681168, -7.53105401993],
        "cov": [[165.026855469, -31.1471652985, -43.6743659973, -51.2862510681, -32.7725143433, -18.0226993561, -17.728509903, -14.6776704788, -8.44799041748, 5.49484729767, -3.32411170006, 3.50604462624, -2.25029945374], [-31.1471652985, 93.7727127075, 35.2100944519, 20.9914340973, -24.4690055847, -5.74468231201, 1.84631347656, 1.0309690237, -10.55103302, -4.34986114502, 5.12506055832, 7.20881748199, 5.25833463669], [-43.6743659973, 35.2100944519, 67.1632919312, 33.7037124634, 10.2883834839, -1.03717911243, -6.24765110016, -1.29090094566, 3.64997911453, -2.91496729851, -5.71639347076, -2.82762622833, 0.275935947895], [-51.2862510681, 20.9914340973, 33.7037124634, 74.0426635742, 20.5760154724, 13.41365242, 8.32290554047, 0.983294606209, 0.16522051394, -1.18440020084, 8.46526908875, 8.54778957367, 10.6959953308], [-32.7725143433, -24.4690055847, 10.2883834839, 20.5760154724, 72.8165206909, 24.3999443054, 12.131649971, 2.72940897942, 12.1327047348, 1.79732358456, 2.71206045151, -5.33082485199, -2.36688733101], [-18.0226993561, -5.74468231201, -1.03717911243, 13.41365242, 24.3999443054, 50.045463562, 24.2675647736, 7.92103528976, 1.78530979156, 4.59005784988, 7.64282989502, 5.59150409698, 5.59466266632], [-17.728509903, 1.84631347656, -6.24765110016, 8.32290554047, 12.131649971, 24.2675647736, 54.2060585022, 22.8273658752, 11.1219730377, 4.9749789238, 9.22597408295, 5.75349140167, 2.47130393982], [-14.6776704788, 1.0309690237, -1.29090094566, 0.983294606209, 2.72940897942, 7.92103528976, 22.8273658752, 44.4167251587, 20.955373764, 7.40691328049, 0.56370729208, -1.01552176476, 0.401204496622], [-8.44799041748, -10.55103302, 3.64997911453, 0.16522051394, 12.1327047348, 1.78530979156, 11.1219730377, 20.955373764, 47.7502593994, 15.2209939957, 4.03582668304, -1.72711098194, -6.64166021347], [5.49484729767, -4.34986114502, -2.91496729851, -1.18440020084, 1.79732358456, 4.59005784988, 4.9749789238, 7.40691328049, 15.2209939957, 39.394405365, 18.8246040344, 2.95406866074, -5.67011356354], [-3.32411170006, 5.12506055832, -5.71639347076, 8.46526908875, 2.71206045151, 7.64282989502, 9.22597408295, 0.56370729208, 4.03582668304, 18.8246040344, 43.6765327454, 21.0984573364, 5.51323604584], [3.50604462624, 7.20881748199, -2.82762622833, 8.54778957367, -5.33082485199, 5.59150409698, 5.75349140167, -1.01552176476, -1.72711098194, 2.95406866074, 21.0984573364, 39.8081855774, 17.9645595551], [-2.25029945374, 5.25833463669, 0.275935947895, 10.6959953308, -2.36688733101, 5.59466266632, 2.47130393982, 0.401204496622, -6.64166021347, -5.67011356354, 5.51323604584, 17.9645595551, 35.7695274353]],
