{
"lowlevel": {
    "average_loudness": 0.988562822342,
    "barkbands_crest": {
        "dmean": 2.54017567635,
        "dmean2": 4.4029340744,
        "dvar": 4.38086414337,
        "dvar2": 14.3249912262,
        "max": 17.355386734,
        "mean": 8.0558347702,
        "median": 7.58219671249,
        "min": 3.31511330605,
        "var": 6.87964582443
    },
    "barkbands_flatness_db": {
        "dmean": 0.0140754319727,
        "dmean2": 0.0239738170058,
        "dvar": 0.000143681871123,
        "dvar2": 0.000368965702364,
        "max": 0.23081228137,
        "mean": 0.156463101506,
        "median": 0.156312212348,
        "min": 0.0528836324811,
        "var": 0.00024961141753
    },
    "barkbands_kurtosis": {
        "dmean": 0.481277912855,
        "dmean2": 0.840084135532,
        "dvar": 0.289431810379,
        "dvar2": 0.771461844444,
        "max": 2.14034938812,
        "mean": -1.1629743576,
        "median": -1.38936769962,
        "min": -1.72983419895,
        "var": 0.34675180912
    },
    "barkbands_skewness": {
        "dmean": 0.47966131568,
        "dmean2": 0.834064424038,
        "dvar": 0.142804160714,
        "dvar2": 0.405077189207,
        "max": 1.89919149876,
        "mean": -0.20338241756,
        "median": -0.202597007155,
        "min": -1.25062096119,
        "var": 0.272337645292
    },
    "barkbands_spread": {
        "dmean": 3.87458443642,
        "dmean2": 6.65638113022,
        "dvar": 10.2262783051,
        "dvar2": 26.1333179474,
        "max": 40.7016143799,
        "mean": 28.2510795593,
        "median": 28.7018356323,
        "min": 14.3450632095,
        "var": 21.2329807281
    },
    "dissonance": {
        "dmean": 0.00780018558726,
        "dmean2": 0.0132752619684,
        "dvar": 6.73577669659e-05,
        "dvar2": 0.000143220313475,
        "max": 0.497180461884,
        "mean": 0.485953956842,
        "median": 0.487632840872,
        "min": 0.392705440521,
        "var": 8.3137601905e-05
    },
    "dynamic_complexity": 0.638821065426,
    "erbbands_crest": {
        "dmean": 2.22816777229,
        "dmean2": 3.76632523537,
        "dvar": 3.38994550705,
        "dvar2": 9.01941299438,
        "max": 17.8451919556,
        "mean": 9.15141773224,
        "median": 8.84504699707,
        "min": 4.83645343781,
        "var": 5.28345584869
    },
    "erbbands_flatness_db": {
        "dmean": 0.0135085899383,
        "dmean2": 0.0217811539769,
        "dvar": 0.000119220909255,
        "dvar2": 0.000285707210423,
        "max": 0.300917088985,
        "mean": 0.253761410713,
        "median": 0.251748383045,
        "min": 0.152126073837,
        "var": 0.000306507427013
    },
    "erbbands_kurtosis": {
        "dmean": 1.49622917175,
        "dmean2": 2.4493227005,
        "dvar": 1.42583560944,
        "dvar2": 4.16741657257,
        "max": 8.39072322845,
        "mean": 2.56781077385,
        "median": 2.17231845856,
        "min": -1.31810390949,
        "var": 2.86148142815
    },
    "erbbands_skewness": {
        "dmean": 0.286335945129,
        "dmean2": 0.46524849534,
        "dvar": 0.0548795238137,
        "dvar2": 0.141357451677,
        "max": -0.570746004581,
        "mean": -1.43769884109,
        "median": -1.40985560417,
        "min": -2.29797387123,
        "var": 0.106640152633
    },
    "erbbands_spread": {
        "dmean": 5.60695886612,
        "dmean2": 9.74137020111,
        "dvar": 23.7124061584,
        "dvar2": 68.3973464966,
        "max": 49.5205039978,
        "mean": 19.2170143127,
        "median": 18.4768924713,
        "min": 7.99216222763,
        "var": 38.9833984375
    },
    "hfc": {
        "dmean": 8.5740737915,
        "dmean2": 13.6209182739,
        "dvar": 45.8687095642,
        "dvar2": 100.801101685,
        "max": 68.9489135742,
        "mean": 36.4146957397,
        "median": 35.4587249756,
        "min": 1.08142721653,
        "var": 122.155990601
    },
    "melbands_crest": {
        "dmean": 4.82500219345,
        "dmean2": 8.60251712799,
        "dvar": 13.4260530472,
        "dvar2": 41.5083770752,
        "max": 23.3219223022,
        "mean": 11.8177661896,
        "median": 11.4036140442,
        "min": 3.84661698341,
        "var": 22.3000965118
    },
    "melbands_flatness_db": {
        "dmean": 0.019290311262,
        "dmean2": 0.0340318232775,
        "dvar": 0.000270686286967,
        "dvar2": 0.000696256232914,
        "max": 0.293269962072,
        "mean": 0.18985696137,
        "median": 0.188367471099,
        "min": 0.103412121534,
        "var": 0.000453952350654
    },
    "melbands_kurtosis": {
        "dmean": 1.05308353901,
        "dmean2": 1.89000439644,
        "dvar": 1.9178314209,
        "dvar2": 5.58552932739,
        "max": 12.6887350082,
        "mean": -0.471910178661,
        "median": -0.900132894516,
        "min": -1.67657184601,
        "var": 1.88224172592
    },
    "melbands_skewness": {
        "dmean": 0.561628758907,
        "dmean2": 0.989277899265,
        "dvar": 0.213921457529,
        "dvar2": 0.608390033245,
        "max": 3.62260222435,
        "mean": 0.792840063572,
        "median": 0.779615163803,
        "min": -0.567648768425,
        "var": 0.369592636824
    },
    "melbands_spread": {
        "dmean": 8.88032817841,
        "dmean2": 15.4068784714,
        "dvar": 51.9781265259,
        "dvar2": 139.424636841,
        "max": 81.878112793,
        "mean": 52.3186836243,
        "median": 53.2852249146,
        "min": 14.6864881516,
        "var": 103.86756897
    },
    "pitch_salience": {
        "dmean": 0.0675899237394,
        "dmean2": 0.117481216788,
        "dvar": 0.00269007938914,
        "dvar2": 0.00750208599493,
        "max": 0.855173647404,
        "mean": 0.579560935497,
        "median": 0.580991387367,
        "min": 0.37742292881,
        "var": 0.00527549209073
    },
    "silence_rate_20dB": {
        "dmean": 0,
        "dmean2": 0,
        "dvar": 0,
        "dvar2": 0,
        "max": 1,
        "mean": 1,
        "median": 1,
        "min": 1,
        "var": 0
    },
    "silence_rate_30dB": {
        "dmean": 0,
        "dmean2": 0,
        "dvar": 0,
        "dvar2": 0,
        "max": 1,
        "mean": 1,
        "median": 1,
        "min": 1,
        "var": 0
    },
    "silence_rate_60dB": {
        "dmean": 0,
        "dmean2": 0,
        "dvar": 0,
        "dvar2": 0,
        "max": 0,
        "mean": 0,
        "median": 0,
        "min": 0,
        "var": 0
    },
    "spectral_centroid": {
        "dmean": 221.332626343,
        "dmean2": 381.467437744,
        "dvar": 30756.1699219,
        "dvar2": 85353.359375,
        "max": 2651.45043945,
        "mean": 1937.02050781,
        "median": 1956.0534668,
        "min": 854.420532227,
        "var": 68280.5859375
    },
    "spectral_complexity": {
        "dmean": 3.60333323479,
        "dmean2": 5.76923084259,
        "dvar": 8.88599205017,
        "dvar2": 18.9801902771,
        "max": 44,
        "mean": 33.8338851929,
        "median": 34,
        "min": 0,
        "var": 20.1651096344
    },
    "spectral_decrease": {
        "dmean": 1.61271751509e-09,
        "dmean2": 2.72341504903e-09,
        "dvar": 1.55434795462e-18,
        "dvar2": 4.24912175475e-18,
        "max": -1.47168874309e-10,
        "mean": -6.4748006956e-09,
        "median": -6.38176800294e-09,
        "min": -1.08946496269e-08,
        "var": 2.43870918477e-18
    },
    "spectral_energy": {
        "dmean": 0.00662325229496,
        "dmean2": 0.011073208414,
        "dvar": 2.56349285337e-05,
        "dvar2": 6.8241271947e-05,
        "max": 0.0455493554473,
        "mean": 0.0277402345091,
        "median": 0.0277169160545,
        "min": 0.000653537746985,
        "var": 4.32409869973e-05
    },
    "spectral_energyband_high": {
        "dmean": 6.09872731729e-05,
        "dmean2": 9.49446330196e-05,
        "dvar": 3.25165228077e-09,
        "dvar2": 7.06596248179e-09,
        "max": 0.000694187008776,
        "mean": 0.000193138606846,
        "median": 0.000163793287356,
        "min": 2.30727964663e-05,
        "var": 1.22906795852e-08
    },
    "spectral_energyband_low": {
        "dmean": 0.00140317738988,
        "dmean2": 0.0024309719447,
        "dvar": 2.83653685074e-06,
        "dvar2": 7.24359506421e-06,
        "max": 0.0151225058362,
        "mean": 0.00201326468959,
        "median": 0.00161858717911,
        "min": 6.93273977959e-05,
        "var": 3.26251847582e-06
    },
    "spectral_energyband_middle_high": {
        "dmean": 0.00418456783518,
        "dmean2": 0.00656584277749,
        "dvar": 1.11759663923e-05,
        "dvar2": 2.60123215412e-05,
        "max": 0.0318558514118,
        "mean": 0.0157359745353,
        "median": 0.0147646591067,
        "min": 0.000435524765635,
        "var": 2.90170683002e-05
    },
    "spectral_energyband_middle_low": {
        "dmean": 0.0049621895887,
        "dmean2": 0.00898665189743,
        "dvar": 1.79877097253e-05,
        "dvar2": 5.23598901054e-05,
        "max": 0.0304592456669,
        "mean": 0.0101521732286,
        "median": 0.00941591896117,
        "min": 0.000123476347653,
        "var": 2.25418807531e-05
    },
    "spectral_entropy": {
        "dmean": 0.0716593712568,
        "dmean2": 0.115340217948,
        "dvar": 0.00711051607504,
        "dvar2": 0.00930639449507,
        "max": 9.01800060272,
        "mean": 7.41706848145,
        "median": 7.41798591614,
        "min": 7.11606264114,
        "var": 0.0152346966788
    },
    "spectral_flux": {
        "dmean": 0.016060711816,
        "dmean2": 0.0265705976635,
        "dvar": 0.000140445161378,
        "dvar2": 0.000348163768649,
        "max": 0.156395792961,
        "mean": 0.100798971951,
        "median": 0.0998963192105,
        "min": 0.0654175058007,
        "var": 0.000293206045171
    },
    "spectral_kurtosis": {
        "dmean": 4.63802337646,
        "dmean2": 8.29929637909,
        "dvar": 11.3805685043,
        "dvar2": 35.5994606018,
        "max": 22.5602645874,
        "mean": 7.78162717819,
        "median": 6.95987129211,
        "min": 1.65829324722,
        "var": 16.5453681946
    },
    "spectral_rms": {
        "dmean": 0.000635267293546,
        "dmean2": 0.00105932774022,
        "dvar": 2.72944390645e-07,
        "dvar2": 6.6084919581e-07,
        "max": 0.00666621280834,
        "mean": 0.005160107743,
        "median": 0.00520008616149,
        "min": 0.000798497232608,
        "var": 4.36923926372e-07
    },
    "spectral_rolloff": {
        "dmean": 196.382766724,
        "dmean2": 339.922119141,
        "dvar": 36104.625,
        "dvar2": 93654.21875,
        "max": 3229.98046875,
        "mean": 2388.68359375,
        "median": 2411.71875,
        "min": 1012.06054688,
        "var": 62563.5820312
    },
    "spectral_skewness": {
        "dmean": 0.403258264065,
        "dmean2": 0.728025615215,
        "dvar": 0.10822558403,
        "dvar2": 0.323573440313,
        "max": 3.27174782753,
        "mean": 1.12796676159,
        "median": 1.06836628914,
        "min": 0.548080861568,
        "var": 0.137725904584
    },
    "spectral_spread": {
        "dmean": 238784.109375,
        "dmean2": 314879.28125,
        "dvar": 1.17593826918e+12,
        "dvar2": 466579816448,
        "max": 27369832,
        "mean": 1992824.5,
        "median": 1878888.375,
        "min": 1476058.625,
        "var": 2.42224437658e+12
    },
    "spectral_strongpeak": {
        "dmean": 1.59101867676,
        "dmean2": 2.85842108727,
        "dvar": 3.4007730484,
        "dvar2": 8.92666721344,
        "max": 9.50639915466,
        "mean": 1.80273985863,
        "median": 0.690093934536,
        "min": 0.0797904580832,
        "var": 4.38581180573
    },
    "zerocrossingrate": {
        "dmean": 0.00554850278422,
        "dmean2": 0.00717397825792,
        "dvar": 2.09088320844e-05,
        "dvar2": 3.29461618094e-05,
        "max": 0.09912109375,
        "mean": 0.073410898447,
        "median": 0.07373046875,
        "min": 0.015625,
        "var": 0.000103990154457
    },
    "barkbands": {
        "dmean": [1.33505072881e-05, 0.00107054307591, 0.000406183447922, 0.000972980749793, 0.00455080717802, 0.000191775194253, 0.000424922909588, 0.000169405146153, 0.000713463348802, 0.000437420298113, 0.000341261533322, 0.000428867439041, 0.000132637680508, 0.00213615177199, 0.000681799603626, 0.00143015407957, 0.00157842237968, 0.000530009390786, 0.000332070951117, 9.3203067081e-05, 3.99073687731e-05, 4.57830265077e-06, 6.45987597636e-07, 4.33867086258e-07, 1.77127191137e-07, 4.97737353555e-08, 1.37688127566e-08],
        "dmean2": [2.11965179915e-05, 0.00181475735735, 0.000726167752873, 0.00166850152891, 0.00826193857938, 0.000323772343108, 0.000724886602256, 0.000295869918773, 0.00127902545501, 0.000721451651771, 0.000591082149185, 0.000732479209546, 0.000232202000916, 0.00345374667086, 0.00110280187801, 0.0024180887267, 0.00259485421702, 0.000842421432026, 0.000542906404007, 0.00015399698168, 6.04478882451e-05, 7.21787591829e-06, 1.19058415748e-06, 7.18408045941e-07, 2.97817422279e-07, 8.43358165525e-08, 2.29826113696e-08],
        "dvar": [8.94445018051e-10, 1.70835392055e-06, 5.02558748394e-07, 1.03779541405e-06, 1.42117369251e-05, 2.51004159679e-08, 2.14174505686e-07, 1.9203080015e-08, 5.30632746631e-07, 3.76322873308e-07, 1.74331816538e-07, 1.79626155727e-07, 2.11839399356e-08, 6.839199159e-06, 6.49743981285e-07, 1.63745926329e-06, 2.26823613048e-06, 3.37456043553e-07, 1.43667165275e-07, 8.08058242541e-09, 1.47344048074e-09, 2.77346947491e-11, 3.37925054692e-13, 1.51567872294e-13, 6.57324265548e-14, 7.4692652779e-15, 7.51315174896e-15],
        "dvar2": [1.43055811641e-09, 4.29856299888e-06, 1.44375280797e-06, 2.97454243992e-06, 4.28830426245e-05, 7.21101471868e-08, 6.0923247247e-07, 5.27096233327e-08, 1.63575009537e-06, 8.06877153536e-07, 4.78011315863e-07, 5.0152550557e-07, 6.07600654234e-08, 1.75080003828e-05, 1.33964113047e-06, 3.72409385818e-06, 5.76057254875e-06, 8.88551596745e-07, 3.88796763673e-07, 2.12329585025e-08, 2.92843638228e-09, 6.25112253627e-11, 9.23708483834e-13, 3.69543940804e-13, 1.75355837164e-13, 1.6028074118e-14, 1.4953062253e-14],
        "max": [0.000460085808299, 0.0128275714815, 0.00755231222138, 0.00817572139204, 0.0242830589414, 0.00125792995095, 0.00464277947322, 0.000878176069818, 0.00506649445742, 0.00728611974046, 0.00402672262862, 0.00272427406162, 0.00155608763453, 0.0210266411304, 0.00843199901283, 0.011455074884, 0.0129592968151, 0.00740065146238, 0.00403602560982, 0.000806548981927, 0.000499204150401, 6.11069262959e-05, 5.51392622583e-06, 3.88839043808e-06, 2.53327630162e-06, 1.47042931076e-06, 1.51229608036e-06],
        "mean": [1.61928146554e-05, 0.00130711542442, 0.000459767499706, 0.00102871016134, 0.00653434637934, 0.000333398638759, 0.000579602259677, 0.000248945929343, 0.00107274216134, 0.000704217760358, 0.000547291303519, 0.000657858385239, 0.000230370962527, 0.00375327048823, 0.00141832337249, 0.00323613826185, 0.00346374907531, 0.0010852770647, 0.000697539246175, 0.000236395047978, 0.000113662368676, 1.17136332847e-05, 1.2198844388e-06, 1.73884438937e-06, 5.16902332492e-07, 1.34850694167e-07, 6.12979818015e-08],
        "median": [1.06557481558e-05, 0.000927042914554, 0.000310503324727, 0.000719268049579, 0.00537394220009, 0.000292000855552, 0.000402230478358, 0.000198839159566, 0.000847288058139, 0.000522787624504, 0.000440336792963, 0.00051441724645, 0.000195649030502, 0.00253284047358, 0.00112470507156, 0.00274978228845, 0.00297897495329, 0.000867382390425, 0.000553069170564, 0.000208390425541, 9.17950455914e-05, 1.00364668469e-05, 1.13409441838e-06, 1.71481519828e-06, 4.56513220115e-07, 1.19245484598e-07, 5.02432833116e-08],
        "min": [2.11506730352e-07, 3.24240827467e-05, 6.21029869308e-07, 1.91368744709e-05, 6.92339017405e-05, 5.28104055775e-06, 1.21979010146e-05, 6.2176350184e-06, 1.59050364346e-06, 1.55257657752e-05, 1.43749002746e-05, 2.47441676038e-05, 2.0026567654e-05, 0.00012054900435, 8.14379673102e-05, 2.88046376227e-05, 3.13262098643e-05, 7.22077602404e-05, 1.96644759853e-05, 1.33223375087e-05, 7.09776713848e-06, 2.59221519627e-06, 3.28599810473e-07, 4.44113453568e-07, 9.99710749738e-08, 3.05210576812e-08, 1.07378950176e-08],
        "var": [8.85505335724e-10, 1.94301765077e-06, 3.75531612917e-07, 1.15993736927e-06, 1.82792628038e-05, 3.99205006829e-08, 3.05714138449e-07, 2.87141652677e-08, 6.76182878578e-07, 5.85864484037e-07, 1.89524115513e-07, 2.16578428081e-07, 2.37180728391e-08, 1.30506714413e-05, 1.34266497298e-06, 3.89224396713e-06, 4.87769329993e-06, 6.64395372496e-07, 2.21794181243e-07, 1.76282348718e-08, 5.92593041304e-09, 5.03201473545e-11, 4.04164006949e-13, 3.22429176457e-13, 7.95818624758e-14, 1.42916108364e-14, 1.43379570911e-14]
    },
    "erbbands": {
        "dmean": [0.0215628426522, 0.276842027903, 0.538208186626, 1.45851135254, 13.805478096, 15.0421552658, 1.89212727547, 1.96129536629, 2.8705265522, 6.7505645752, 7.82763195038, 11.9450511932, 18.5990486145, 8.82938194275, 15.9483823776, 14.2340364456, 5.59113883972, 59.4299163818, 74.4780349731, 78.1478042603, 54.1306724548, 78.3159408569, 33.8852272034, 20.5607700348, 12.5102739334, 4.4022603035, 1.66847717762, 1.08497190475, 0.182670354843, 0.0347788445652, 0.0174199342728, 0.0126622822136, 0.0060894456692, 0.00292006414384, 0.000414891313994, 0.000293685065117, 7.02083634678e-05, 6.51326172374e-06, 4.54403789263e-06, 8.07931246527e-06],
        "dmean2": [0.0377809926867, 0.471569657326, 0.965536773205, 2.49435544014, 25.0758266449, 26.7848091125, 3.27656555176, 3.32765102386, 4.77296829224, 11.5230836868, 13.7497339249, 21.2380237579, 32.4533538818, 14.5324401855, 27.7542648315, 24.7367286682, 9.62872219086, 97.9853210449, 119.906600952, 135.09413147, 89.6940002441, 128.046981812, 52.722202301, 32.6466522217, 20.8488998413, 7.27097892761, 2.66344189644, 1.66398644447, 0.277433484793, 0.0576207078993, 0.0312145221978, 0.0212331134826, 0.00963262561709, 0.00475781736895, 0.000703680503648, 0.000492424878757, 0.000120756929391, 1.10548653538e-05, 7.55269275032e-06, 1.33925568662e-05],
        "dvar": [0.000740421121009, 0.111450731754, 0.591676235199, 2.51748394966, 149.744262695, 166.249771118, 3.86511707306, 2.77010822296, 8.79529666901, 59.8770179749, 51.4680862427, 136.916152954, 295.302062988, 251.812728882, 335.235931396, 199.624786377, 30.2291660309, 4435.17089844, 6484.54980469, 5420.86865234, 2675.60375977, 5561.171875, 912.085632324, 615.489135742, 168.845947266, 15.6389551163, 2.84875893593, 1.11031925678, 0.0463904589415, 0.000883487286046, 0.00022093114967, 0.000123553050798, 2.49810054811e-05, 8.0079307736e-06, 4.68536057951e-07, 1.46184234495e-07, 2.37154136329e-08, 2.86147416872e-09, 1.55023410775e-10, 3.80557876878e-11],
        "dvar2": [0.0019188352162, 0.276807844639, 1.68295633793, 7.25514650345, 450.064788818, 477.551940918, 10.0167198181, 7.91869211197, 25.1820220947, 164.191574097, 142.847335815, 391.845123291, 846.851928711, 511.120910645, 914.705993652, 554.020812988, 81.6883087158, 11381.5498047, 16232.4853516, 13544.2763672, 5815.39990234, 14439.6318359, 2427.16455078, 1692.5390625, 440.774078369, 36.6358680725, 5.50212812424, 2.24947977066, 0.100518614054, 0.00235175876878, 0.000605480687227, 0.000329358386807, 6.27723129583e-05, 2.14182946365e-05, 1.00217107502e-06, 3.39004230909e-07, 4.84032049997e-08, 5.68306601778e-09, 3.34164418359e-10, 1.00643590684e-10],
        "max": [0.296742767096, 3.40402936935, 7.45592594147, 14.1571378708, 76.844078064, 71.9309310913, 16.6254692078, 14.1783361435, 34.6364250183, 61.8590965271, 48.2886123657, 95.898475647, 127.466362, 231.191421509, 176.835174561, 90.8300628662, 62.8297920227, 478.053253174, 773.571411133, 647.017028809, 499.297515869, 639.70111084, 307.173614502, 241.543045044, 124.717880249, 35.6268157959, 20.9895019531, 12.2795190811, 2.77221751213, 0.275640487671, 0.120167084038, 0.114391833544, 0.0493437722325, 0.0301027372479, 0.0111690284684, 0.0060382434167, 0.00269547011703, 0.000935396819841, 0.000229443656281, 5.9158403019e-05],
        "mean": [0.0256077181548, 0.332101613283, 0.671125888824, 1.88744628429, 17.1924114227, 21.923746109, 3.61363005638, 3.27824234962, 4.64882135391, 9.43592643738, 12.3288440704, 19.2703170776, 27.0893039703, 16.5734920502, 29.9232826233, 22.7130813599, 12.4899072647, 103.534675598, 158.794036865, 151.840805054, 147.109115601, 174.095870972, 80.2720184326, 47.7115097046, 26.0355625153, 11.297914505, 5.08449840546, 3.13291192055, 0.572886824608, 0.0936130732298, 0.0390815809369, 0.0418604761362, 0.0229316335171, 0.00970972888172, 0.00145961274393, 0.00088844547281, 0.000177991969394, 2.55234972428e-05, 2.44933144131e-05, 3.630647916e-05],
        "median": [0.019587803632, 0.225915968418, 0.50573861599, 1.43405985832, 13.2160148621, 18.5585308075, 3.06291985512, 2.87276959419, 3.69079232216, 6.77886724472, 10.2209844589, 15.5184602737, 21.2933349609, 11.9826879501, 25.0159759521, 18.1270198822, 11.5458555222, 74.440536499, 123.733093262, 120.876457214, 130.945175171, 150.280288696, 71.4170074463, 39.0250816345, 21.4281215668, 9.94314193726, 4.05230855942, 2.63022518158, 0.478741526604, 0.0865363329649, 0.0368092469871, 0.0405027680099, 0.0225242320448, 0.00897548999637, 0.00128176249564, 0.000806888740044, 0.000153305023559, 1.91949366126e-05, 2.35097359109e-05, 3.62177888746e-05],
        "min": [0.00131753552705, 0.00604945374653, 0.0162481758744, 0.0461975559592, 0.150732636452, 0.25782546401, 0.145541906357, 0.024929439649, 0.0965145081282, 0.285504847765, 0.172154843807, 0.0454520396888, 0.341567009687, 0.53827059269, 0.589703559875, 1.0906008482, 0.923663437366, 3.31543254852, 7.20932483673, 3.22582507133, 0.859579086304, 1.77162277699, 4.53964853287, 1.64127135277, 0.85240238905, 0.673812091351, 0.440695285797, 0.155386343598, 0.103907629848, 0.0227695573121, 0.0131878145039, 0.0112383095548, 0.0043397420086, 0.00200899899937, 0.00031621704693, 0.000247350748396, 3.32423005602e-05, 6.27337703918e-06, 1.06674806375e-05, 1.64938755916e-05],
        "var": [0.000844078778755, 0.126145258546, 0.497114151716, 2.7109978199, 165.73840332, 218.507659912, 6.07513284683, 4.30131816864, 14.904961586, 80.8070373535, 77.2334823608, 195.39414978, 412.786346436, 438.273193359, 416.226928711, 235.497009277, 40.3422927856, 7784.94677734, 13065.2128906, 9349.85546875, 6826.15380859, 11079.0322266, 1937.19335938, 1074.01379395, 286.777557373, 38.9189338684, 11.2982940674, 3.75088977814, 0.102706842124, 0.00161598506384, 0.000299261824694, 0.000249472184805, 5.92885407968e-05, 1.77497386176e-05, 9.15543864721e-07, 2.71218681291e-07, 4.72563890241e-08, 5.58104051862e-09, 2.78293332823e-10, 6.6447229663e-11]
    },
    "gfcc": {
        "mean": [-12.8323707581, 145.967788696, -190.431549072, 41.4365501404, -17.9234485626, -14.0117578506, -31.6482582092, -1.56520533562, -17.7172851562, -14.5963716507, -18.3903064728, -18.9593219757, 5.33912134171],
        "cov": [[178.558990479, 33.290058136, -40.0701904297, 8.9511051178, -12.6002616882, -9.93909549713, 20.7656078339, 15.3711624146, 7.6289396286, -5.82910394669, -3.8614461422, -1.09326088428, 6.77942752838], [33.290058136, 116.796951294, 18.7431201935, 9.48584270477, 4.23690080643, -4.14132785797, 14.0429344177, -9.86540222168, 9.11798286438, -6.10859584808, 12.4780740738, 4.01709985733, 4.79101419449], [-40.0701904297, 18.7431201935, 92.1318130493, 14.750579834, 8.49386310577, 15.7094011307, -10.2058820724, 0.540596604347, -6.27692604065, -2.81981277466, 0.138112992048, 10.1288490295, -13.2842931747], [8.9511051178, 9.48584270477, 14.750579834, 57.6258087158, 22.4002780914, -4.02578878403, 11.105427742, -2.92039895058, -2.20413208008, -0.68582212925, 4.88978052139, 6.25337123871, 5.9139251709], [-12.6002616882, 4.23690080643, 8.49386310577, 22.4002780914, 57.0908088684, 20.0934200287, 8.07499599457, -3.85347652435, -1.40696156025, 1.42635774612, 7.25885343552, 2.26942515373, -0.606433272362], [-9.93909549713, -4.14132785797, 15.7094011307, -4.02578878403, 20.0934200287, 41.7284240723, 12.4611310959, 6.21373748779, 1.49582886696, 2.13287425041, 4.70168352127, 0.992529273033, -5.08861160278], [20.7656078339, 14.0429344177, -10.2058820724, 11.105427742, 8.07499599457, 12.4611310959, 42.4972572327, 18.813249588, 8.07919692993, 7.66055488586, 8.95422649384, 8.51945590973, 2.81138968468], [15.3711624146, -9.86540222168, 0.540596604347, -2.92039895058, -3.85347652435, 6.21373748779, 18.813249588, 54.9766998291, 23.7060985565, 4.83590316772, 1.34530746937, 3.93509721756, -3.66648483276], [7.6289396286, 9.11798286438, -6.27692604065, -2.20413208008, -1.40696156025, 1.49582886696, 8.07919692993, 23.7060985565, 32.5491447449, 17.9246749878, 7.09734535217, 2.39543604851, -0.856823503971], [-5.82910394669, -6.10859584808, -2.81981277466, -0.68582212925, 1.42635774612, 2.13287425041, 7.66055488586, 4.83590316772, 17.9246749878, 42.780506134, 19.4144268036, -0.4982432127, -2.53607773781], [-3.8614461422, 12.4780740738, 0.138112992048, 4.88978052139, 7.25885343552, 4.70168352127, 8.95422649384, 1.34530746937, 7.09734535217, 19.4144268036, 33.0637779236, 12.2678470612, -3.35055398941], [-1.09326088428, 4.01709985733, 10.1288490295, 6.25337123871, 2.26942515373, 0.992529273033, 8.51945590973, 3.93509721756, 2.39543604851, -0.4982432127, 12.2678470612, 35.3719139099, 4.89042282104], [6.77942752838, 4.79101419449, -13.2842931747, 5.9139251709, -0.606433272362, -5.08861160278, 2.81138968468, -3.66648483276, -0.856823503971, -2.53607773781, -3.35055398941, 4.89042282104, 26.8352985382]],
        "icov": [[0.00823589880019, -0.00513998884708, 0.00680829817429, -0.00450354442, 0.00306479306892, -0.003039942123, 0.00209985626861, -0.00536234863102, 0.00517051201314, -0.00332874595188, 0.00514887226745, -0.00290029682219, 0.00276190973818], [-0.00513998884708, 0.0214013736695, -0.0157770309597, 0.00868488755077, -0.00371557450853, 0.0129171255976, -0.018904844299, 0.0188483670354, -0.0257410332561, 0.0212656520307, -0.0190981738269, 0.0126113407314, -0.00882016960531], [0.00680829817429, -0.0157770309597, 0.0304804630578, -0.016274612397, 0.00661360006779, -0.0201913844794, 0.0235106479377, -0.0180859230459, 0.0242215562612, -0.0190538726747, 0.019117416814, -0.0180825814605, 0.0158135741949], [-0.00450354442, 0.00868488755077, -0.016274612397, 0.033545281738, -0.0156017364934, 0.0204716324806, -0.0195493847132, 0.0110701648518, -0.011734707281, 0.0114894164726, -0.0116560654715, 0.00802489276975, -0.010978622362], [0.00306479306892, -0.00371557450853, 0.00661360006779, -0.0156017364934, 0.0296329781413, -0.0190587677062, 0.00570407230407, -0.00109404197428, 0.00353856664151, -0.00241773645394, 0.000529277313035, -0.00214425125159, 0.00325125735253], [-0.003039942123, 0.0129171255976, -0.0201913844794, 0.0204716324806, -0.0190587677062, 0.0504151023924, -0.0282067712396, 0.0120118353516, -0.0169774573296, 0.0161574352533, -0.0153878675774, 0.0133685339242, -0.00569221982732], [0.00209985626861, -0.018904844299, 0.0235106479377, -0.0195493847132, 0.00570407230407, -0.0282067712396, 0.0600233674049, -0.0315423607826, 0.0307284221053, -0.0268147382885, 0.0153743186966, -0.0203520990908, 0.00704922666773], [-0.00536234863102, 0.0188483670354, -0.0180859230459, 0.0110701648518, -0.00109404197428, 0.0120118353516, -0.0315423607826, 0.051682960242, -0.0502734780312, 0.0278301592916, -0.0146771511063, 0.011903100647, -0.00376098090783], [0.00517051201314, -0.0257410332561, 0.0242215562612, -0.011734707281, 0.00353856664151, -0.0169774573296, 0.0307284221053, -0.0502734780312, 0.0953316763043, -0.0521865785122, 0.0262873973697, -0.0210085790604, 0.00986111909151], [-0.00332874595188, 0.0212656520307, -0.0190538726747, 0.0114894164726, -0.00241773645394, 0.0161574352533, -0.0268147382885, 0.0278301592916, -0.0521865785122, 0.0676364600658, -0.0447256341577, 0.0254627540708, -0.0107979513705], [0.00514887226745, -0.0190981738269, 0.019117416814, -0.0116560654715, 0.000529277313035, -0.0153878675774, 0.0153743186966, -0.0146771511063, 0.0262873973697, -0.0447256341577, 0.0731109827757, -0.0332086831331, 0.0194121859968], [-0.00290029682219, 0.0126113407314, -0.0180825814605, 0.00802489276975, -0.00214425125159, 0.0133685339242, -0.0203520990908, 0.011903100647, -0.0210085790604, 0.0254627540708, -0.0332086831331, 0.0495581626892, -0.0174358971417], [0.00276190973818, -0.00882016960531, 0.0158135741949, -0.010978622362, 0.00325125735253, -0.00569221982732, 0.00704922666773, -0.00376098090783, 0.00986111909151, -0.0107979513705, 0.0194121859968, -0.0174358971417, 0.0510263033211]]
    },
    "melbands": {
        "dmean": [0.000247547082836, 0.000308597664116, 0.000545868824702, 0.00119619304314, 0.000148969818838, 4.12003937527e-05, 6.04542474321e-05, 6.04366032348e-05, 8.69389841682e-05, 7.9124707554e-05, 9.26406355575e-05, 3.73326074623e-05, 5.44708855159e-05, 5.95406054344e-05, 1.11214158096e-05, 2.03836989385e-05, 0.000145095051266, 0.000166654383065, 6.82233585394e-05, 0.000120763768791, 6.80705124978e-05, 9.42892002058e-05, 5.45325674466e-05, 2.54222486546e-05, 1.77885303856e-05, 1.2442795196e-05, 6.43112753096e-06, 2.5090203053e-06, 7.97908455752e-07, 1.63581159995e-06, 4.10904135606e-07, 1.25531286699e-07, 4.59345557147e-08, 1.56013975072e-08, 1.18041949548e-08, 8.51858938944e-09, 8.65326565958e-09, 5.11184472529e-09, 4.82508255573e-09, 2.09458983491e-09],
        "dmean2": [0.00042015928193, 0.000544566370081, 0.000941814971156, 0.00217680050991, 0.000265576090897, 6.93860274623e-05, 0.000101396231912, 0.000103128244518, 0.000153300614329, 0.000141360302223, 0.000161236835993, 6.12251751591e-05, 9.5151073765e-05, 0.000103264414065, 1.85716926353e-05, 3.53168252332e-05, 0.000238900218392, 0.000270529621048, 0.000113303511171, 0.000205897231353, 0.00011314911535, 0.000158497816301, 8.70551448315e-05, 4.10530337831e-05, 2.90819425572e-05, 2.10859816434e-05, 1.03409056464e-05, 4.274596904e-06, 1.27314399379e-06, 2.51472010859e-06, 6.66606013056e-07, 1.98283359509e-07, 7.58883444973e-08, 2.84489782842e-08, 2.15439488471e-08, 1.49096930357e-08, 1.47493786073e-08, 8.45798098226e-09, 8.1472117941e-09, 3.48976758602e-09],
        "dvar": [9.32345542992e-08, 1.58798229677e-07, 2.62783032667e-07, 1.03524712358e-06, 2.24599645549e-08, 1.17214049578e-09, 4.12960288187e-09, 4.81893636106e-09, 6.79786715807e-09, 6.70266819824e-09, 7.794443313e-09, 5.53268364456e-09, 4.48067938308e-09, 3.46796857897e-09, 1.1163829583e-10, 6.21269646839e-10, 2.79210663479e-08, 3.90157204322e-08, 6.56824861167e-09, 1.1013186807e-08, 4.5877976973e-09, 8.93177798389e-09, 2.37137198766e-09, 8.6990875614e-10, 4.79982831258e-10, 1.90143886747e-10, 3.5731025777e-11, 5.6620034182e-12, 5.92039221467e-13, 2.9916806879e-12, 2.05931517498e-13, 2.2135007179e-14, 2.35857107668e-15, 2.28162035689e-16, 1.22125594147e-16, 6.09042827983e-17, 5.76097812372e-17, 1.89538130696e-17, 3.58533859537e-17, 3.87293200628e-18],
        "dvar2": [2.30269819212e-07, 4.24842141911e-07, 7.82846598213e-07, 3.1081308407e-06, 5.65484263859e-08, 3.40366534957e-09, 1.20770859979e-08, 1.32608022341e-08, 1.87024848941e-08, 2.00155056973e-08, 2.18565876509e-08, 1.09485229771e-08, 1.21817427257e-08, 9.65854063395e-09, 2.95744151391e-10, 1.80892378854e-09, 7.02469193925e-08, 9.94154092382e-08, 1.68374842957e-08, 2.74389257982e-08, 1.08872599824e-08, 2.20545857132e-08, 5.39454081405e-09, 2.22024620911e-09, 1.31307642537e-09, 5.05043173948e-10, 9.63075660887e-11, 1.32312789197e-11, 1.29685227401e-12, 6.16824039762e-12, 5.06056676598e-13, 4.92753590481e-14, 5.22872972472e-15, 6.72684079375e-16, 3.41546924799e-16, 1.63517381127e-16, 1.54590924412e-16, 4.40067828289e-17, 9.6243556149e-17, 1.02785173403e-17],
        "max": [0.00299256108701, 0.00339819234796, 0.00311632966623, 0.00668380688876, 0.00114149448927, 0.000284648500383, 0.000717942253686, 0.000550846511032, 0.00058263563551, 0.00058336823713, 0.000622379186098, 0.00106200994924, 0.000629484420642, 0.000395353446947, 9.03863256099e-05, 0.000246443029027, 0.00121526280418, 0.00183147832286, 0.000888413225766, 0.000833768339362, 0.000585881527513, 0.000811701465864, 0.000453609798569, 0.000352038885467, 0.000187172554433, 0.000124588666949, 5.61439519515e-05, 2.35386050917e-05, 8.09309949545e-06, 2.2830632588e-05, 5.07826280227e-06, 1.72692932665e-06, 5.62474099297e-07, 1.27119477611e-07, 7.84790117336e-08, 7.70800454575e-08, 6.15889135247e-08, 3.58484300023e-08, 7.2953326935e-08, 1.7918788231e-08],
        "mean": [0.0003081705363, 0.000390614935895, 0.000662339676637, 0.00174214155413, 0.000224489238462, 6.8446235673e-05, 9.083571058e-05, 8.58714120113e-05, 0.000127210179926, 0.00012708408758, 0.000133629408083, 6.25959801255e-05, 9.2337388196e-05, 9.30563983275e-05, 1.95991051442e-05, 3.45953340002e-05, 0.000238447915763, 0.000324183492921, 0.000136802365887, 0.000238800115767, 0.000162972413818, 0.000192511448404, 0.000117604678962, 5.0315149565e-05, 3.81266581826e-05, 2.25863786909e-05, 1.39905796459e-05, 5.67926326767e-06, 2.21287905333e-06, 4.03116655434e-06, 1.0325633184e-06, 3.21358328392e-07, 1.1481051132e-07, 2.53023468844e-08, 2.06829415816e-08, 2.34403625399e-08, 2.62784496385e-08, 1.67571272414e-08, 1.33951765235e-08, 6.22641760373e-09],
        "median": [0.000230854362599, 0.000291114061838, 0.000520542729646, 0.00146130879875, 0.000171826919541, 5.97754660703e-05, 6.83425678289e-05, 6.21490835329e-05, 9.71120171016e-05, 0.000101181569335, 0.00010552159074, 4.02472032874e-05, 7.70998885855e-05, 7.3527560744e-05, 1.67845173564e-05, 2.98102622764e-05, 0.000160539100762, 0.000238330860157, 0.000110548520752, 0.000206943441299, 0.000134837959195, 0.000155726796947, 0.000104820690467, 4.02318037231e-05, 3.04817185679e-05, 1.78900481842e-05, 1.17279669212e-05, 4.79145910504e-06, 1.75264062818e-06, 3.01536965708e-06, 8.73044484706e-07, 2.69941324404e-07, 9.65247153317e-08, 2.24038210206e-08, 1.83932531428e-08, 2.17076863152e-08, 2.50745220143e-08, 1.59073394457e-08, 1.12712914557e-08, 5.65660052132e-09],
        "min": [1.16486326078e-05, 8.38887081045e-06, 1.06127108666e-05, 1.57573249453e-05, 6.58707904222e-06, 6.07101469541e-07, 1.77351455477e-06, 3.10503060064e-06, 1.136776973e-06, 2.2811732947e-07, 1.7908926111e-06, 2.199782557e-06, 1.94823883248e-06, 2.59825992543e-06, 2.32232264352e-06, 2.20307106247e-06, 6.92911862643e-06, 1.37568858918e-05, 5.31262048753e-06, 3.05861749439e-06, 5.0352434755e-07, 1.08203425953e-06, 4.16736247644e-06, 3.66492213288e-06, 1.05759818325e-06, 6.58532826492e-07, 5.49147785023e-07, 4.07885124787e-07, 2.94956095104e-07, 1.46163074533e-07, 8.09736278029e-08, 6.37944381765e-08, 2.94140161117e-08, 4.53213155893e-09, 3.99565047715e-09, 6.28145935266e-09, 6.91304302691e-09, 3.29999783055e-09, 1.81725412496e-09, 1.0992239341e-09],
        "var": [1.11220956001e-07, 1.55880329089e-07, 2.91808675001e-07, 1.33599871788e-06, 3.06418073137e-08, 1.83939019571e-09, 6.38154507016e-09, 6.49268017128e-09, 1.01051513823e-08, 8.77128503163e-09, 1.06605071437e-08, 9.56904777638e-09, 4.94794560879e-09, 4.10811029639e-09, 1.63780877749e-10, 6.42269903928e-10, 5.02879586861e-08, 7.5399455568e-08, 9.9445216506e-09, 2.28396306312e-08, 1.00401447156e-08, 1.88836466464e-08, 4.51411708013e-09, 1.60421076423e-09, 8.01523569738e-10, 2.66020594442e-10, 7.47150119551e-11, 1.14968971843e-11, 2.16702025248e-12, 1.0233781704e-11, 3.85754281166e-13, 4.08030780116e-14, 4.8517488177e-15, 2.35536728044e-16, 1.35064326819e-16, 9.64007998747e-17, 1.09983012889e-16, 3.62344018874e-17, 7.14921284645e-17, 8.29212581728e-18]
    },
    "mfcc": {
        "mean": [-632.356201172, 164.031188965, -84.2558822632, 48.4802131653, 17.3894252777, -2.26986670494, 0.136057153344, -2.87232279778, 11.5577039719, 0.0969314798713, -9.81806945801, -6.1385102272, -17.0015029907],
        "cov": [[226.162261963, 12.467625618, -46.4893035889, 14.602481842, -33.618560791, -20.0640850067, -0.353850513697, 9.86887073517, 20.2513256073, 2.69181728363, -4.03726053238, -0.187080428004, 8.56901741028], [12.467625618, 96.617980957, 18.205488205, 2.38983535767, -0.569809257984, 8.05544090271, -0.884181439877, 4.58741474152, -4.22632074356, -5.00800895691, -1.74024152756, 9.84421348572, 15.4192037582], [-46.4893035889, 18.205488205, 81.2521820068, 1.44061601162, 7.95830345154, 6.73505115509, -7.36018323898, 9.94401454926, -12.8065547943, 1.27162027359, 1.31919753551, 0.216914877295, 1.35179531574], [14.602481842, 2.38983535767, 1.44061601162, 63.7989120483, 10.1343984604, 5.5949716568, 9.05031871796, -0.938664019108, 4.06763267517, -9.509141922, -6.67582607269, 4.78207302094, 9.32005786896], [-33.618560791, -0.569809257984, 7.95830345154, 10.1343984604, 47.6091194153, 15.5440740585, 4.29791688919, 5.407330513, -4.26820659637, 1.58414816856, 0.626707911491, -1.29452478886, -8.99271297455], [-20.0640850067, 8.05544090271, 6.73505115509, 5.5949716568, 15.5440740585, 50.1793670654, 16.2049999237, -0.695975363255, -12.7329568863, -1.55430293083, -2.44030761719, -6.28319692612, 1.55907928944], [-0.353850513697, -0.884181439877, -7.36018323898, 9.05031871796, 4.29791688919, 16.2049999237, 39.7847175598, 8.49965858459, 1.04670608044, 4.4630279541, 5.93937778473, -0.251473903656, -0.531145691872], [9.86887073517, 4.58741474152, 9.94401454926, -0.938664019108, 5.407330513, -0.695975363255, 8.49965858459, 52.7689399719, 7.89688873291, -1.49515354633, 0.783681929111, 3.83709192276, 6.23157548904], [20.2513256073, -4.22632074356, -12.8065547943, 4.06763267517, -4.26820659637, -12.7329568863, 1.04670608044, 7.89688873291, 44.2121810913, 8.89285182953, -4.97423028946, 7.1439037323, 8.96905708313], [2.69181728363, -5.00800895691, 1.27162027359, -9.509141922, 1.58414816856, -1.55430293083, 4.4630279541, -1.49515354633, 8.89285182953, 37.7007369995, 17.1460800171, -1.00660049915, -2.78695201874], [-4.03726053238, -1.74024152756, 1.31919753551, -6.67582607269, 0.626707911491, -2.44030761719, 5.93937778473, 0.783681929111, -4.97423028946, 17.1460800171, 42.8970985413, 14.9677877426, -6.08252096176], [-0.187080428004, 9.84421348572, 0.216914877295, 4.78207302094, -1.29452478886, -6.28319692612, -0.251473903656, 3.83709192276, 7.1439037323, -1.00660049915, 14.9677877426, 43.9154167175, 22.9296588898], [8.56901741028, 15.4192037582, 1.35179531574, 9.32005786896, -8.99271297455, 1.55907928944, -0.531145691872, 6.23157548904, 8.96905708313, -2.78695201874, -6.08252096176, 22.9296588898, 59.0117530823]],
