{
"lowlevel": {
    "average_loudness": 0.975607812405,
    "barkbands_crest": {
        "dmean": 2.71174168587,
        "dmean2": 4.4566783905,
        "dvar": 4.83207464218,
        "dvar2": 12.5290145874,
        "max": 24.0873889923,
        "mean": 11.6152267456,
        "median": 11.5992774963,
        "min": 3.29640388489,
        "var": 20.7078094482
    },
    "barkbands_flatness_db": {
        "dmean": 0.0165534615517,
        "dmean2": 0.0268372893333,
        "dvar": 0.000203070158022,
        "dvar2": 0.000554840662517,
        "max": 0.280514597893,
        "mean": 0.180940791965,
        "median": 0.177626356483,
        "min": 0.0880415216088,
        "var": 0.000933200877625
    },
    "barkbands_kurtosis": {
        "dmean": 1.38273179531,
        "dmean2": 2.3298830986,
        "dvar": 3.11154818535,
        "dvar2": 8.5354719162,
        "max": 17.3276405334,
        "mean": 0.563197851181,
        "median": -0.253872871399,
        "min": -1.75799024105,
        "var": 6.20288705826
    },
    "barkbands_skewness": {
        "dmean": 0.461226314306,
        "dmean2": 0.752212882042,
        "dvar": 0.151076942682,
        "dvar2": 0.419927537441,
        "max": 4.25785827637,
        "mean": 1.13661539555,
        "median": 1.13088083267,
        "min": -1.28395152092,
        "var": 0.757672786713
    },
    "barkbands_spread": {
        "dmean": 4.94217205048,
        "dmean2": 8.15414333344,
        "dvar": 14.8240556717,
        "dvar2": 41.8120765686,
        "max": 50.3552284241,
        "mean": 27.126449585,
        "median": 27.3717136383,
        "min": 6.36206674576,
        "var": 70.0796203613
    },
    "dissonance": {
        "dmean": 0.00571959046647,
        "dmean2": 0.00980160944164,
        "dvar": 2.61201312242e-05,
        "dvar2": 6.58067365293e-05,
        "max": 0.499995082617,
        "mean": 0.487528771162,
        "median": 0.488638818264,
        "min": 0.436470150948,
        "var": 4.35636284237e-05
    },
    "dynamic_complexity": 0.736707925797,
    "erbbands_crest": {
        "dmean": 1.85177993774,
        "dmean2": 3.16509747505,
        "dvar": 2.49161291122,
        "dvar2": 7.34367609024,
        "max": 16.1335906982,
        "mean": 7.2809343338,
        "median": 6.92618703842,
        "min": 3.88518166542,
        "var": 3.63407707214
    },
    "erbbands_flatness_db": {
        "dmean": 0.00904375500977,
        "dmean2": 0.015202072449,
        "dvar": 5.57815474167e-05,
        "dvar2": 0.000143806624692,
        "max": 0.263498365879,
        "mean": 0.228116750717,
        "median": 0.227990910411,
        "min": 0.169767200947,
        "var": 0.000117934352602
    },
    "erbbands_kurtosis": {
        "dmean": 0.759577453136,
        "dmean2": 1.23902058601,
        "dvar": 0.601416945457,
        "dvar2": 1.6309440136,
        "max": 7.12619686127,
        "mean": -0.103619068861,
        "median": -0.483496189117,
        "min": -1.79221117496,
        "var": 1.96225869656
    },
    "erbbands_skewness": {
        "dmean": 0.313383281231,
        "dmean2": 0.505866706371,
        "dvar": 0.0602241195738,
        "dvar2": 0.170649453998,
        "max": 0.663389205933,
        "mean": -0.860438764095,
        "median": -0.875024914742,
        "min": -2.0837469101,
        "var": 0.240700617433
    },
    "erbbands_spread": {
        "dmean": 7.17340230942,
        "dmean2": 11.5521068573,
        "dvar": 36.5311660767,
        "dvar2": 101.002288818,
        "max": 72.0117111206,
        "mean": 43.1367225647,
        "median": 43.6439666748,
        "min": 9.5732755661,
        "var": 193.343688965
    },
    "hfc": {
        "dmean": 4.56905841827,
        "dmean2": 7.55075216293,
        "dvar": 25.6768474579,
        "dvar2": 61.3507461548,
        "max": 91.5120162964,
        "mean": 26.2112312317,
        "median": 23.6703929901,
        "min": 0.41455540061,
        "var": 126.688735962
    },
    "melbands_crest": {
        "dmean": 2.84014248848,
        "dmean2": 4.7552652359,
        "dvar": 6.13095569611,
        "dvar2": 16.7134075165,
        "max": 32.0601348877,
        "mean": 15.495721817,
        "median": 15.9167089462,
        "min": 3.91160440445,
        "var": 26.5839195251
    },
    "melbands_flatness_db": {
        "dmean": 0.0210896637291,
        "dmean2": 0.0345005393028,
        "dvar": 0.000300964195048,
        "dvar2": 0.000807777047157,
        "max": 0.337711244822,
        "mean": 0.228422001004,
        "median": 0.228694334626,
        "min": 0.0998434349895,
        "var": 0.00175281544216
    },
    "melbands_kurtosis": {
        "dmean": 4.51332235336,
        "dmean2": 7.50246143341,
        "dvar": 28.149181366,
        "dvar2": 78.0478744507,
        "max": 56.6494407654,
        "mean": 8.31163311005,
        "median": 6.03061294556,
        "min": -1.53814148903,
        "var": 71.0436782837
    },
    "melbands_skewness": {
        "dmean": 0.651181280613,
        "dmean2": 1.06181013584,
        "dvar": 0.325991094112,
        "dvar2": 0.907320618629,
        "max": 7.19418716431,
        "mean": 2.69780540466,
        "median": 2.62925863266,
        "min": -0.240775823593,
        "var": 1.5493721962
    },
    "melbands_spread": {
        "dmean": 7.84601306915,
        "dmean2": 12.8603248596,
        "dvar": 45.3923492432,
        "dvar2": 121.289901733,
        "max": 77.9826431274,
        "mean": 30.9173107147,
        "median": 26.9881229401,
        "min": 4.91047620773,
        "var": 262.305603027
    },
    "pitch_salience": {
        "dmean": 0.0742627829313,
        "dmean2": 0.124155595899,
        "dvar": 0.00351015804335,
        "dvar2": 0.00937262736261,
        "max": 0.792075335979,
        "mean": 0.546036720276,
        "median": 0.563232958317,
        "min": 0.234001606703,
        "var": 0.0148055963218
    },
    "silence_rate_20dB": {
        "dmean": 0,
        "dmean2": 0,
        "dvar": 0,
        "dvar2": 0,
        "max": 1,
        "mean": 1,
        "median": 1,
        "min": 1,
        "var": 0
    },
    "silence_rate_30dB": {
        "dmean": 0,
        "dmean2": 0,
        "dvar": 0,
        "dvar2": 0,
        "max": 1,
        "mean": 1,
        "median": 1,
        "min": 1,
        "var": 0
    },
    "silence_rate_60dB": {
        "dmean": 0,
        "dmean2": 0,
        "dvar": 0,
        "dvar2": 0,
        "max": 0,
        "mean": 0,
        "median": 0,
        "min": 0,
        "var": 0
    },
    "spectral_centroid": {
        "dmean": 246.615783691,
        "dmean2": 402.446350098,
        "dvar": 38543.8828125,
        "dvar2": 108385.257812,
        "max": 2899.64794922,
        "mean": 1653.34643555,
        "median": 1630.15869141,
        "min": 556.27722168,
        "var": 236889.265625
    },
    "spectral_complexity": {
        "dmean": 3.5391304493,
        "dmean2": 5.91291713715,
        "dvar": 8.19920063019,
        "dvar2": 18.7587299347,
        "max": 54,
        "mean": 33.6685943604,
        "median": 34,
        "min": 1,
        "var": 38.3142280579
    },
    "spectral_decrease": {
        "dmean": 1.64327729202e-09,
        "dmean2": 2.72806688351e-09,
        "dvar": 2.09166493839e-18,
        "dvar2": 5.99588319018e-18,
        "max": -1.78326159395e-10,
        "mean": -7.65381891199e-09,
        "median": -7.30744220689e-09,
        "min": -1.67493627856e-08,
        "var": 4.27967201631e-18
    },
    "spectral_energy": {
        "dmean": 0.00639467872679,
        "dmean2": 0.010616206564,
        "dvar": 3.14279168379e-05,
        "dvar2": 8.96535493666e-05,
        "max": 0.0657976940274,
        "mean": 0.0312646664679,
        "median": 0.0302845574915,
        "min": 0.000710644118953,
        "var": 6.37895282125e-05
    },
    "spectral_energyband_high": {
        "dmean": 0.000148493403685,
        "dmean2": 0.000232683421928,
        "dvar": 9.13402544711e-08,
        "dvar2": 2.44484482437e-07,
        "max": 0.00477168196812,
        "mean": 0.000405885541113,
        "median": 0.000264065369265,
        "min": 1.97274621314e-05,
        "var": 2.20561204856e-07
    },
    "spectral_energyband_low": {
        "dmean": 0.00143003533594,
        "dmean2": 0.00244929362088,
        "dvar": 1.99349574359e-06,
        "dvar2": 5.64755509913e-06,
        "max": 0.0137719158083,
        "mean": 0.00258100870997,
        "median": 0.00205682963133,
        "min": 0.000123311721836,
        "var": 3.2590767205e-06
    },
    "spectral_energyband_middle_high": {
        "dmean": 0.00188510678709,
        "dmean2": 0.00307136727497,
        "dvar": 4.72309466204e-06,
        "dvar2": 1.14512986329e-05,
        "max": 0.0385431349277,
        "mean": 0.00866192672402,
        "median": 0.00725924223661,
        "min": 8.59570063767e-05,
        "var": 2.61274872173e-05
    },
    "spectral_energyband_middle_low": {
        "dmean": 0.0062230261974,
        "dmean2": 0.0102718602866,
        "dvar": 3.32515919581e-05,
        "dvar2": 9.68560634647e-05,
        "max": 0.0590520128608,
        "mean": 0.0201075766236,
        "median": 0.0186516027898,
        "min": 0.00050812587142,
        "var": 9.13688345463e-05
    },
    "spectral_entropy": {
        "dmean": 0.0782921537757,
        "dmean2": 0.129787653685,
        "dvar": 0.0042223953642,
        "dvar2": 0.0116061419249,
        "max": 7.92603445053,
        "mean": 7.42411422729,
        "median": 7.43705320358,
        "min": 6.93487739563,
        "var": 0.0147147253156
    },
    "spectral_flux": {
        "dmean": 0.013348756358,
        "dmean2": 0.0223454646766,
        "dvar": 0.0001393804705,
        "dvar2": 0.000373967748601,
        "max": 0.163578078151,
        "mean": 0.0839198306203,
        "median": 0.0822944641113,
        "min": 0.0436433553696,
        "var": 0.000342640909366
    },
    "spectral_kurtosis": {
        "dmean": 3.24667644501,
        "dmean2": 5.90410423279,
        "dvar": 7.25528478622,
        "dvar2": 21.6077060699,
        "max": 19.9155483246,
        "mean": 4.71152448654,
        "median": 4.20783567429,
        "min": 0.0351293087006,
        "var": 9.27930736542
    },
    "spectral_rms": {
        "dmean": 0.000569718016777,
        "dmean2": 0.00094374967739,
        "dvar": 2.5352449029e-07,
        "dvar2": 6.72093165122e-07,
        "max": 0.00801204517484,
        "mean": 0.00547697069123,
        "median": 0.00543561484665,
        "min": 0.000832653196994,
        "var": 5.04912179622e-07
    },
    "spectral_rolloff": {
        "dmean": 477.911834717,
        "dmean2": 827.074768066,
        "dvar": 255171.3125,
        "dvar2": 682090.4375,
        "max": 4026.70898438,
        "mean": 1916.60949707,
        "median": 2217.91992188,
        "min": 215.33203125,
        "var": 732756.625
    },
    "spectral_skewness": {
        "dmean": 0.312292158604,
        "dmean2": 0.55756521225,
        "dvar": 0.0647919178009,
        "dvar2": 0.189329475164,
        "max": 3.12218427658,
        "mean": 0.733922719955,
        "median": 0.69968020916,
        "min": 0.0936630889773,
        "var": 0.0989057272673
    },
    "spectral_spread": {
        "dmean": 147335.25,
        "dmean2": 235904.109375,
        "dvar": 70090162176,
        "dvar2": 70524780544,
        "max": 9855709,
        "mean": 2301227.25,
        "median": 2298372.25,
        "min": 1790950.625,
        "var": 129337573376
    },
    "spectral_strongpeak": {
        "dmean": 0.355404466391,
        "dmean2": 0.619442105293,
        "dvar": 0.424603402615,
        "dvar2": 1.27424955368,
        "max": 8.03309440613,
        "mean": 0.813814401627,
        "median": 0.749545454979,
        "min": 0.020862262696,
        "var": 0.356881052256
    },
    "zerocrossingrate": {
        "dmean": 0.00632005790249,
        "dmean2": 0.00860763993114,
        "dvar": 2.63817910309e-05,
        "dvar2": 5.05858806719e-05,
        "max": 0.10205078125,
        "mean": 0.0556216649711,
        "median": 0.05419921875,
        "min": 0.01953125,
        "var": 0.000319997372571
    },
    "barkbands": {
        "dmean": [5.58521742278e-06, 0.00122126354836, 0.000375874718884, 0.00194602750707, 0.00551556004211, 0.000463394244434, 0.000436494243331, 0.000134418878588, 0.000287284463411, 0.000175032575498, 0.000142966600833, 0.000487839191919, 6.01373831159e-05, 0.000440534815425, 0.000332051014993, 0.000659356068354, 0.000926657172386, 0.000324005435687, 0.000409519445384, 0.000224456642172, 4.72855426779e-05, 9.64418086369e-06, 4.42730595296e-07, 7.86998214153e-07, 1.96431585664e-07, 1.83523994224e-07, 1.51154218031e-08],
        "dmean2": [9.17661691346e-06, 0.00211334927008, 0.000680421944708, 0.00336534227245, 0.00895121507347, 0.000765654433053, 0.000771446852013, 0.00022669097234, 0.000461367511889, 0.000289018993499, 0.000239863540628, 0.000816125655547, 0.000100902478152, 0.000733138702344, 0.000565793307032, 0.00113998469897, 0.00160189147573, 0.000540477863979, 0.000696187315043, 0.000371831672965, 7.76447268436e-05, 1.57225822477e-05, 7.43726559449e-07, 1.2686239188e-06, 3.10129991021e-07, 3.28254515125e-07, 1.99135694601e-08],
        "dvar": [1.53621074195e-10, 1.74271201558e-06, 2.00742675815e-07, 3.87458248952e-06, 2.90328280244e-05, 2.74324094107e-07, 4.20718549776e-07, 6.20251157102e-08, 1.96303247435e-07, 2.62135245066e-07, 4.39058780444e-08, 5.88473824337e-07, 2.03129886245e-08, 3.36930355616e-07, 2.33707780239e-07, 5.03084322645e-07, 1.03437355392e-06, 1.0661086236e-07, 4.25189000453e-07, 9.1618744591e-08, 2.27310703593e-09, 1.73343200904e-10, 7.29770193927e-13, 3.32956145294e-12, 3.10918229097e-13, 3.47098977165e-12, 5.55348681538e-14],
        "dvar2": [1.95891830534e-10, 4.663706477e-06, 6.82329073243e-07, 1.2789291759e-05, 8.36550243548e-05, 7.18060675808e-07, 1.07030643903e-06, 1.44615995623e-07, 5.01793579133e-07, 6.74033344694e-07, 1.25247225924e-07, 1.52553445787e-06, 5.74645042661e-08, 8.0320842244e-07, 6.33404738437e-07, 1.38298958063e-06, 3.12574388772e-06, 2.96881893291e-07, 1.0044851706e-06, 2.51310723343e-07, 6.15182349506e-09, 4.74436157027e-10, 1.62856522972e-12, 7.67398124213e-12, 5.76061984572e-13, 1.02057138782e-11, 5.75969190419e-14],
        "max": [0.000300547282677, 0.012836878188, 0.00463648932055, 0.0154873300344, 0.0570081658661, 0.00661872839555, 0.0105096567422, 0.00333323283121, 0.00765251833946, 0.0106735071167, 0.00292685325257, 0.0125802718103, 0.00275442958809, 0.00718270568177, 0.00628587696701, 0.00691735884175, 0.00976065825671, 0.00365639664233, 0.0128712207079, 0.00476985890418, 0.000827518000733, 0.000272663426585, 1.99588503165e-05, 3.86642641388e-05, 1.41223536048e-05, 3.47255408997e-05, 6.15428052697e-06],
        "mean": [7.42776865081e-06, 0.00163089716807, 0.000498248788062, 0.00379665545188, 0.0138035155833, 0.00115284451749, 0.000563501555007, 0.000213033534237, 0.000520890927874, 0.000258896820014, 0.000256935338257, 0.000829009979498, 0.000103495898657, 0.000885877467226, 0.000703318568412, 0.00148421619087, 0.00196358910762, 0.000835915037896, 0.00100018980447, 0.000588581955526, 0.000139720345032, 2.43343456532e-05, 1.03546631181e-06, 1.91031972463e-06, 4.47507687795e-07, 2.27670824415e-07, 2.29278089847e-08],
        "median": [5.2559771575e-06, 0.00113482726738, 0.000375444302335, 0.0031156311743, 0.0120961237699, 0.000871150346939, 0.000346279237419, 0.000138212388265, 0.000383642211091, 0.000156165653607, 0.000191686791368, 0.000601134146564, 8.01917194622e-05, 0.000577138387598, 0.000519204477314, 0.00121768575627, 0.00163997407071, 0.000683609512635, 0.000775722903199, 0.000433069217252, 0.000121177079563, 1.92229217646e-05, 7.89705211446e-07, 1.20303604945e-06, 2.81456436824e-07, 9.94495508166e-08, 1.0734009237e-08],
        "min": [8.26426358458e-08, 1.7311589545e-05, 3.48107369064e-06, 5.62296190765e-06, 0.000286779744783, 3.9313454181e-05, 9.01000839804e-06, 2.42047553911e-06, 7.36915444577e-06, 2.61734271589e-06, 4.90405909659e-06, 1.58734383149e-06, 1.01651312434e-06, 5.96897189098e-06, 1.24862399389e-05, 9.67229516391e-06, 1.99438636628e-05, 7.49824585e-06, 1.2000339666e-05, 2.46771960519e-05, 1.28355395645e-06, 4.7792065061e-07, 1.57385443345e-07, 1.04156413272e-07, 2.63279122947e-08, 2.4610070426e-08, 4.34137392702e-09],
        "var": [1.68730765471e-10, 2.44190209742e-06, 2.2282479506e-07, 8.77960155776e-06, 7.89902551332e-05, 1.02770752619e-06, 7.48923866922e-07, 8.81215171944e-08, 3.84933144915e-07, 2.93422033337e-07, 7.19286177286e-08, 9.57665065471e-07, 1.75917591605e-08, 8.66094467256e-07, 4.22758375862e-07, 9.35838784244e-07, 1.77439733307e-06, 2.96346286177e-07, 9.28341762574e-07, 2.65760149887e-07, 7.58766738329e-09, 4.71001015967e-10, 1.64872564386e-12, 8.76453857407e-12, 8.19496109427e-13, 1.97032212594e-12, 5.52165192909e-14]
    },
    "erbbands": {
        "dmean": [0.0251084472984, 0.309058874846, 0.449783027172, 2.53994178772, 18.6338405609, 19.3481578827, 4.17899274826, 3.760409832, 2.48645019531, 8.40037536621, 3.12758922577, 7.78083086014, 3.80823040009, 6.01891851425, 8.12395477295, 19.2174415588, 2.91544556618, 14.3429918289, 19.6685600281, 22.7688369751, 37.6432533264, 49.5306091309, 17.4171981812, 24.3578300476, 12.9385795593, 12.587934494, 2.37876391411, 1.3996963501, 0.392870903015, 0.0588237382472, 0.0147730577737, 0.0198981817812, 0.00958457309753, 0.00359446438961, 0.00069712055847, 0.000528859905899, 0.000554068130441, 2.98521845252e-05, 4.85528471472e-06, 7.25642621546e-06],
        "dmean2": [0.0408450365067, 0.539182841778, 0.81349080801, 4.34155654907, 30.5411567688, 31.4760513306, 6.82449817657, 6.35046386719, 4.33414411545, 14.7036790848, 5.26801109314, 12.5435028076, 6.20561790466, 10.0781946182, 13.8722782135, 32.1526451111, 4.577044487, 23.3272380829, 32.2973022461, 38.5867805481, 64.3764343262, 86.5289535522, 29.0052986145, 41.3707695007, 21.4156017303, 20.5693073273, 3.93920230865, 2.30810308456, 0.655160307884, 0.0964881777763, 0.0249716900289, 0.0324687175453, 0.015330221504, 0.00578085519373, 0.00108279590495, 0.000852081284393, 0.00104607408866, 5.01671165694e-05, 7.26051712263e-06, 1.19715532492e-05],
        "dvar": [0.000718891038559, 0.111784204841, 0.296051502228, 5.98353338242, 278.028686523, 430.876403809, 16.938293457, 19.6094417572, 12.1045398712, 217.009872437, 19.13189888, 148.878341675, 44.0834274292, 268.578918457, 95.2510299683, 1097.87426758, 25.6878738403, 406.166290283, 1224.12243652, 851.162963867, 1533.02734375, 3443.84130859, 279.078674316, 1272.58398438, 293.2840271, 414.878936768, 6.69471311569, 2.3299498558, 0.338231921196, 0.0119548756629, 0.000841493892949, 0.00150620797649, 0.000711932836566, 9.95461741695e-05, 5.67569895793e-06, 5.50806726096e-06, 5.82972497796e-05, 8.25978929697e-08, 1.10965259204e-09, 4.37061428715e-11],
        "dvar2": [0.00187746621668, 0.30431035161, 1.01345419884, 19.9223518372, 730.958435059, 1347.20324707, 46.5565681458, 47.5592918396, 33.5575790405, 529.991088867, 48.8196105957, 375.690551758, 104.447639465, 683.039794922, 253.178543091, 2831.82519531, 55.0894622803, 835.107055664, 3326.56787109, 2341.98950195, 4318.86279297, 10125.1318359, 771.494384766, 3062.60693359, 736.440002441, 1128.17932129, 16.5163497925, 5.94504451752, 0.895566105843, 0.0269911792129, 0.00197478570044, 0.00339879910462, 0.00168485986069, 0.000193141080672, 9.60907163972e-06, 1.32363602461e-05, 0.000173402746441, 2.0255220079e-07, 1.18566645391e-09, 1.15282755564e-10],
        "max": [0.266405463219, 3.21579098701, 4.40057039261, 21.9477481842, 144.414505005, 211.253265381, 58.8857688904, 47.8558006287, 41.0742530823, 247.001281738, 50.784362793, 211.417953491, 91.4071884155, 367.764892578, 117.223320007, 521.09552002, 113.033683777, 326.150177002, 584.935913086, 395.450531006, 388.173736572, 641.240478516, 192.814498901, 604.255126953, 339.513275146, 330.750274658, 35.5052337646, 27.3167457581, 10.4952325821, 2.47130942345, 0.655744552612, 0.80068141222, 0.591316878796, 0.261844217777, 0.0423588864505, 0.0428960844874, 0.144217610359, 0.00466922391206, 0.000884286768269, 0.00010582980758],
        "mean": [0.0381500460207, 0.399189978838, 0.706518888474, 5.60701465607, 48.6363868713, 37.5079154968, 11.2707471848, 8.64417743683, 4.18456935883, 10.8557348251, 5.75826835632, 13.6705636978, 7.17330312729, 9.72357463837, 17.0302219391, 32.2136573792, 7.07644462585, 29.9358863831, 44.4596138, 52.8838233948, 90.2422409058, 106.883331299, 50.8468589783, 61.5909690857, 36.6978645325, 31.9893798828, 7.53714132309, 4.15526151657, 1.10555934906, 0.16187210381, 0.0364839099348, 0.0481197573245, 0.0223558526486, 0.00831006933004, 0.00163078587502, 0.00108018121682, 0.000497401575558, 3.54153708031e-05, 2.06541808438e-05, 3.788781396e-05],
        "median": [0.028631772846, 0.26780462265, 0.558145701885, 4.75170850754, 42.8095169067, 30.3788032532, 10.0005407333, 6.71231031418, 2.75910210609, 5.93515062332, 4.27847099304, 9.73758029938, 4.70161819458, 6.61002588272, 13.1859073639, 22.2652931213, 5.59216356277, 20.4486465454, 31.8297290802, 42.6121330261, 77.0245132446, 88.1457290649, 41.235786438, 47.6224365234, 30.1084041595, 22.1317024231, 6.24633407593, 3.50979137421, 0.902237772942, 0.126937180758, 0.0286441203207, 0.0322197973728, 0.0143801383674, 0.00531586026773, 0.00111633446068, 0.000630819005892, 0.000155166373588, 1.42260496432e-05, 1.89380352822e-05, 3.70110283257e-05],
        "min": [0.000268589035841, 0.0057900827378, 0.0464933887124, 0.0720110759139, 0.564191937447, 0.96628934145, 0.555702388287, 0.271680086851, 0.184023573995, 0.0627122372389, 0.174325510859, 0.167457029223, 0.0617238879204, 0.166861236095, 0.149864733219, 0.0755450129509, 0.0527191236615, 0.164010480046, 0.542904913425, 0.781551063061, 0.451245307922, 1.2554653883, 0.505710780621, 0.505801379681, 0.681956529617, 1.47549688816, 0.182871282101, 0.056532997638, 0.020541742444, 0.00803887750953, 0.0047363108024, 0.0034794032108, 0.000793895276729, 0.000432081957115, 0.000134284651722, 0.000119147975056, 4.03118792747e-05, 4.59989541923e-06, 2.60568435806e-06, 1.05407934825e-06],
        "var": [0.00119489280041, 0.151090160012, 0.310624301434, 13.0653514862, 1149.71179199, 836.77520752, 50.5176544189, 56.5124130249, 21.931344986, 364.608001709, 33.5978622437, 287.188842773, 83.5224075317, 315.008239746, 227.907424927, 1634.53894043, 48.4063110352, 1164.34338379, 2240.75512695, 1516.76977539, 3049.5715332, 5555.53125, 963.240844727, 3026.20556641, 728.821960449, 1101.02502441, 23.9657535553, 7.49043989182, 0.878183722496, 0.0279372464865, 0.0016905288212, 0.00433101458475, 0.00163555610925, 0.000295975274639, 9.52781374508e-06, 7.51084098738e-06, 3.06027395709e-05, 5.57621291364e-08, 1.12355102999e-09, 8.86920398235e-11]
    },
    "gfcc": {
        "mean": [-17.3989086151, 149.499267578, -174.675079346, 60.55809021, -22.5501804352, -24.7293720245, -28.6678848267, -10.6307048798, -28.7023448944, -15.6313495636, -15.9018516541, -13.4602375031, 4.29207038879],
        "cov": [[427.929351807, -120.251777649, -117.73348999, -62.8421363831, -55.3193626404, 51.5744972229, -12.8323040009, 95.1565933228, 49.4354743958, 83.0417480469, 49.2567596436, 47.9249649048, -3.21778893471], [-120.251777649, 144.136169434, 46.119102478, 15.7883291245, 5.52962255478, -39.3037643433, 26.3142948151, -25.079668045, 14.6806135178, -19.4264812469, 1.19864869118, -10.6267213821, 16.9209213257], [-117.73348999, 46.119102478, 93.6092758179, 28.8215942383, 19.612531662, -17.8633880615, -5.62563228607, -24.2642269135, -14.7425937653, -25.2826023102, -18.4130573273, -14.2860069275, 3.36191082001], [-62.8421363831, 15.7883291245, 28.8215942383, 77.6175994873, 45.3111572266, 6.95606660843, 21.5889186859, -10.7726898193, -3.7524831295, -1.70492243767, -1.76634824276, -11.6466884613, 7.32722187042], [-55.3193626404, 5.52962255478, 19.612531662, 45.3111572266, 80.417098999, 23.8744220734, 14.2989864349, -10.1221313477, -12.0383310318, -7.28201436996, -8.84595012665, -1.0751131773, 2.38837647438], [51.5744972229, -39.3037643433, -17.8633880615, 6.95606660843, 23.8744220734, 62.1343536377, 22.5487270355, 17.450553894, 3.74114823341, 14.1264095306, 3.0834710598, 3.33307862282, -3.47435450554], [-12.8323040009, 26.3142948151, -5.62563228607, 21.5889186859, 14.2989864349, 22.5487270355, 56.2488975525, 15.2544755936, 9.37642288208, 10.2946958542, -0.17247903347, -6.89586019516, 0.66405570507], [95.1565933228, -25.079668045, -24.2642269135, -10.7726898193, -10.1221313477, 17.450553894, 15.2544755936, 65.0360870361, 34.161239624, 29.7613334656, 10.4650163651, 13.1126298904, 1.95315277576], [49.4354743958, 14.6806135178, -14.7425937653, -3.7524831295, -12.0383310318, 3.74114823341, 9.37642288208, 34.161239624, 47.9541282654, 29.5574989319, 12.2575378418, 8.30695152283, 4.64296293259], [83.0417480469, -19.4264812469, -25.2826023102, -1.70492243767, -7.28201436996, 14.1264095306, 10.2946958542, 29.7613334656, 29.5574989319, 68.4304199219, 32.0481567383, 21.0148830414, -2.30916404724], [49.2567596436, 1.19864869118, -18.4130573273, -1.76634824276, -8.84595012665, 3.0834710598, -0.17247903347, 10.4650163651, 12.2575378418, 32.0481567383, 41.9259109497, 24.911359787, 6.05902814865], [47.9249649048, -10.6267213821, -14.2860069275, -11.6466884613, -1.0751131773, 3.33307862282, -6.89586019516, 13.1126298904, 8.30695152283, 21.0148830414, 24.911359787, 48.2720565796, 14.8667144775], [-3.21778893471, 16.9209213257, 3.36191082001, 7.32722187042, 2.38837647438, -3.47435450554, 0.66405570507, 1.95315277576, 4.64296293259, -2.30916404724, 6.05902814865, 14.8667144775, 28.9483947754]],
        "icov": [[0.00698955450207, -0.000151966480189, 0.00493132695556, -0.000263841764536, 0.00327581376769, -0.00500098569319, 0.00553035875782, -0.00713690044358, 0.00192179682199, -0.00328955217265, -0.00065064051887, -0.000963428989053, -9.56490766839e-05], [-0.000151966480189, 0.0338096991181, -0.0144244246185, 0.0159717481583, -0.0118929939345, 0.024293994531, -0.0322330258787, 0.021374469623, -0.0308092031628, 0.0143742375076, -0.0217069759965, 0.00906872283667, -0.0129785388708], [0.00493132695556, -0.0144244246185, 0.0246670078486, -0.0121002793312, 0.00603227270767, -0.010025835596, 0.0190903600305, -0.0121863950044, 0.014535789378, -0.00708728889003, 0.0132402749732, -0.00445541553199, 0.00448105018586], [-0.000263841764536, 0.0159717481583, -0.0121002793312, 0.0350019782782, -0.0200431495905, 0.0144960340112, -0.022423574701, 0.0126198083162, -0.0153063694015, 0.00374671909958, -0.0179250277579, 0.0155038768426, -0.0152195179835], [0.00327581376769, -0.0118929939345, 0.00603227270767, -0.0200431495905, 0.0304759312421, -0.0199249684811, 0.0143039925024, -0.0087361773476, 0.0143094835803, -0.00570309534669, 0.0149156535044, -0.0124585451558, 0.00757028022781], [-0.00500098569319, 0.024293994531, -0.010025835596, 0.0144960340112, -0.0199249684811, 0.0458586029708, -0.0339812636375, 0.0148360840976, -0.0194015968591, 0.00961876101792, -0.0151450987905, 0.00751679576933, -0.00714603299275], [0.00553035875782, -0.0322330258787, 0.0190903600305, -0.022423574701, 0.0143039925024, -0.0339812636375, 0.0606202334166, -0.0301973409951, 0.0295857749879, -0.0179768260568, 0.0212633404881, -0.00406349264085, 0.00975969526917], [-0.00713690044358, 0.021374469623, -0.0121863950044, 0.0126198083162, -0.0087361773476, 0.0148360840976, -0.0301973409951, 0.0508435852826, -0.0384207740426, 0.00861958134919, -0.00766119081527, 0.000959295430221, -0.00734178023413], [0.00192179682199, -0.0308092031628, 0.014535789378, -0.0153063694015, 0.0143094835803, -0.0194015968591, 0.0295857749879, -0.0384207740426, 0.069929368794, -0.0267900824547, 0.0201830323786, -0.00347736477852, 0.00302141113207], [-0.00328955217265, 0.0143742375076, -0.00708728889003, 0.00374671909958, -0.00570309534669, 0.00961876101792, -0.0179768260568, 0.00861958134919, -0.0267900824547, 0.0418968386948, -0.0276726447046, -0.00196983246133, 0.0070052947849], [-0.00065064051887, -0.0217069759965, 0.0132402749732, -0.0179250277579, 0.0149156535044, -0.0151450987905, 0.0212633404881, -0.00766119081527, 0.0201830323786, -0.0276726447046, 0.0660537034273, -0.025540644303, 0.00644286815077], [-0.000963428989053, 0.00906872283667, -0.00445541553199, 0.0155038768426, -0.0124585451558, 0.00751679576933, -0.00406349264085, 0.000959295430221, -0.00347736477852, -0.00196983246133, -0.025540644303, 0.0468401163816, -0.0251650214195], [-9.56490766839e-05, -0.0129785388708, 0.00448105018586, -0.0152195179835, 0.00757028022781, -0.00714603299275, 0.00975969526917, -0.00734178023413, 0.00302141113207, 0.0070052947849, 0.00644286815077, -0.0251650214195, 0.0558903105557]]
    },
    "melbands": {
        "dmean": [0.000304740009597, 0.000279760686681, 0.00092609092826, 0.00140098051634, 0.000250010372838, 8.30867575132e-05, 5.48267962586e-05, 7.66771117924e-05, 3.00692718156e-05, 4.739743963e-05, 1.92163170141e-05, 2.56558014371e-05, 2.26566244237e-05, 6.68359280098e-05, 1.90366372408e-05, 8.71803331393e-06, 3.22771848005e-05, 3.91147841583e-05, 2.65983617282e-05, 3.86821993743e-05, 4.9736660003e-05, 5.54222351639e-05, 3.18925885949e-05, 1.54067893163e-05, 2.30192381423e-05, 1.26331087813e-05, 9.35703337746e-06, 8.31266515888e-06, 1.20253639579e-06, 1.77850938599e-06, 6.17839191364e-07, 2.70097899602e-07, 1.07955237638e-07, 1.28249864062e-08, 8.59423643362e-09, 1.01254773455e-08, 1.46448009275e-08, 8.45719583253e-09, 4.19349888148e-09, 2.94786861588e-09],
        "dmean2": [0.000515599444043, 0.000492673891131, 0.00152363092639, 0.0022780939471, 0.00040702446131, 0.000139201074489, 9.69007014646e-05, 0.000132924818899, 5.16263717145e-05, 7.49620230636e-05, 3.17230405926e-05, 4.317460116e-05, 3.8030113501e-05, 0.000113273330498, 3.01325108012e-05, 1.44977866512e-05, 5.26449475728e-05, 6.5157400968e-05, 4.46927406301e-05, 6.59322540741e-05, 8.52386074257e-05, 9.60651814239e-05, 5.46758965356e-05, 2.48011074291e-05, 3.94833732571e-05, 2.09981953958e-05, 1.57232261699e-05, 1.34241918204e-05, 2.00069075618e-06, 2.9630609788e-06, 1.04218725028e-06, 4.5115410785e-07, 1.80213262979e-07, 2.12178310477e-08, 1.4958205341e-08, 1.64515601142e-08, 2.42412259155e-08, 1.37276501277e-08, 6.62172405796e-09, 4.80493556054e-09],
        "dvar": [1.04707936543e-07, 9.43633935435e-08, 6.65363415919e-07, 2.15968020711e-06, 5.9077365222e-08, 9.37165722803e-09, 6.04197447629e-09, 1.89375359838e-08, 1.99321115169e-09, 5.00847407992e-09, 1.25973564913e-09, 5.68521629773e-09, 1.00249741841e-09, 1.08193818349e-08, 1.03255926032e-09, 4.65638583247e-10, 1.80459913679e-09, 4.82967754678e-09, 1.21234000616e-09, 1.99641148058e-09, 2.69599298441e-09, 4.12171452524e-09, 1.11195741503e-09, 2.27978927403e-10, 1.18393650439e-09, 4.18327456009e-10, 8.90648249596e-11, 2.41309972004e-10, 1.77669055683e-12, 3.31031599701e-12, 5.11329693864e-13, 1.49527024334e-13, 3.46842780191e-14, 6.90636095659e-16, 1.72513903348e-16, 5.16845051915e-16, 7.20501842104e-16, 5.56671482304e-16, 1.24023675868e-16, 6.26114181465e-17],
        "dvar2": [2.78287274114e-07, 2.97166337759e-07, 2.10358598451e-06, 6.36561617284e-06, 1.64499510902e-07, 2.31764722969e-08, 1.6368391087e-08, 4.62752858255e-08, 5.34102584382e-09, 1.19323200209e-08, 3.00872371461e-09, 1.49085526147e-08, 2.86965606833e-09, 2.88407271398e-08, 2.40060948897e-09, 1.13221054754e-09, 3.8782070888e-09, 1.32577557821e-08, 3.2685807394e-09, 5.63035840173e-09, 7.70692576424e-09, 1.2127927107e-08, 3.38439876124e-09, 6.15620665556e-10, 2.91084645276e-09, 1.08075781657e-09, 2.400278587e-10, 6.51944331853e-10, 4.60432169822e-12, 9.03525778501e-12, 1.28461369146e-12, 4.30020006149e-13, 8.72587185884e-14, 1.61246761081e-15, 4.16345863273e-16, 1.21993168487e-15, 1.66969982711e-15, 1.39117125361e-15, 2.37742825355e-16, 1.29757810988e-16],
        "max": [0.00310983532108, 0.00261628464796, 0.00740765407681, 0.0160462353379, 0.00349127966911, 0.00108179671224, 0.000933380273636, 0.00220072222874, 0.00059071398573, 0.00124537292868, 0.000539244094398, 0.00163710850757, 0.000440656469436, 0.00176934525371, 0.000608218426351, 0.000461055373307, 0.000629991118331, 0.00110356218647, 0.000540946202818, 0.000451254018117, 0.000454503053334, 0.000658506236505, 0.000328312802594, 0.000175918248715, 0.000580368854571, 0.000436904840171, 9.5440322184e-05, 0.000252208003076, 2.09305853787e-05, 2.58957534243e-05, 1.19094183901e-05, 7.26817279428e-06, 3.44909994965e-06, 5.90905699482e-07, 2.49024736831e-07, 5.13039822181e-07, 5.11741347964e-07, 4.75815596701e-07, 3.04404693452e-07, 1.85788735507e-07],
        "mean": [0.000418862357037, 0.00041315209819, 0.00235388311557, 0.00344504974782, 0.000565579393879, 0.000197004410438, 8.03749571787e-05, 0.000102716861875, 4.90872771479e-05, 8.50590149639e-05, 3.29118374793e-05, 3.83884762414e-05, 4.25330181315e-05, 0.000105759463622, 3.47145105479e-05, 1.49411134771e-05, 6.43077000859e-05, 7.931147411e-05, 5.96711215621e-05, 8.28327756608e-05, 0.000111830500828, 0.000113970163511, 7.03785917722e-05, 3.83031911042e-05, 5.31480436621e-05, 3.02113221551e-05, 2.40356621362e-05, 1.95233569684e-05, 3.34407104674e-06, 4.50164361609e-06, 1.64993048202e-06, 6.67882034122e-07, 2.42385198135e-07, 2.83869230344e-08, 1.70182818948e-08, 2.24150564776e-08, 3.28912435066e-08, 1.75560455062e-08, 9.57117762823e-09, 5.89931481443e-09],
        "median": [0.000293634890113, 0.000314405362587, 0.00207280460745, 0.00295629841276, 0.000488375371788, 0.000152996653924, 5.16293330293e-05, 5.68061514059e-05, 3.57700482709e-05, 5.94412631472e-05, 2.07360535569e-05, 2.46391300607e-05, 3.27869420289e-05, 7.33771303203e-05, 2.32599759329e-05, 1.01752284536e-05, 4.24264580943e-05, 5.59833897569e-05, 4.61621457362e-05, 6.66235937388e-05, 9.57290976658e-05, 9.29005109356e-05, 5.76103120693e-05, 3.15784091072e-05, 3.99882774218e-05, 2.43063095695e-05, 1.94059794012e-05, 1.2320136193e-05, 2.79962546301e-06, 3.76021853299e-06, 1.3855957377e-06, 5.32396200015e-07, 1.8444951877e-07, 2.15849453866e-08, 1.29058177478e-08, 1.5714054058e-08, 1.98128571327e-08, 1.00341974729e-08, 6.19931306289e-09, 3.68226116265e-09],
        "min": [3.55072052116e-06, 1.42157932714e-05, 1.50379328261e-05, 4.22205703217e-05, 2.4088907594e-05, 3.78336176254e-06, 2.55144618677e-06, 6.15689600636e-07, 1.41204486681e-06, 9.44122916735e-07, 2.70267491942e-07, 6.42777649773e-07, 5.97280347847e-07, 2.14445407209e-07, 1.64246614531e-07, 6.84938896711e-08, 3.39817745498e-07, 8.92692355592e-07, 9.27618145852e-07, 9.35700256832e-07, 3.89076888041e-07, 1.30750777316e-06, 7.74388865921e-07, 3.41001310744e-07, 4.02233553132e-07, 5.07385777837e-07, 5.25083294178e-07, 1.13931332635e-06, 7.88513077055e-08, 4.11986782467e-08, 2.27218510673e-08, 1.13832063775e-08, 8.72729799539e-09, 2.86589085796e-09, 2.79263101532e-09, 2.26258389802e-09, 1.94461602376e-09, 5.45022749154e-10, 3.14445663951e-10, 3.84140275145e-10],
        "var": [1.55881863861e-07, 1.22848831552e-07, 2.57965393757e-06, 5.69119492866e-06, 1.53406261916e-07, 3.06922487425e-08, 1.04920747646e-08, 3.14671915191e-08, 3.03272362778e-09, 1.0800157213e-08, 2.17767959221e-09, 6.04928684922e-09, 1.78476600166e-09, 1.68661848932e-08, 1.6730373753e-09, 5.65718472068e-10, 4.99251617825e-09, 7.94011878469e-09, 2.35190467102e-09, 3.36770433762e-09, 4.95232743702e-09, 6.47020170774e-09, 2.32851671278e-09, 6.53822607166e-10, 2.55809662342e-09, 7.90479293133e-10, 2.2567463176e-10, 6.03970595758e-10, 5.00126893024e-12, 8.47923207342e-12, 1.48265677079e-12, 3.45513548328e-13, 6.74628403271e-14, 1.33170699962e-15, 3.19626717976e-16, 1.02415007762e-15, 2.15552351494e-15, 1.12738825318e-15, 3.60332130336e-16, 1.66191424437e-16]
    },
    "mfcc": {
        "mean": [-639.50994873, 161.98286438, -69.9186477661, 72.8587722778, 10.6371088028, 1.47924816608, 4.93177890778, -6.34183454514, 1.91730892658, -10.5784759521, -14.4999036789, -5.95119571686, -11.4454803467],
        "cov": [[524.982788086, -123.795959473, -89.2212219238, -125.514411926, -32.5419960022, -53.1369438171, -13.3378677368, 5.84553623199, 16.2216892242, 47.2569007874, 65.912689209, 57.7730407715, 36.2158432007], [-123.795959473, 130.835754395, 30.9602050781, 36.8439216614, -15.6406984329, -4.06668806076, -13.8009605408, -1.75352549553, 3.8177883625, -15.7219572067, -8.71211242676, -1.87960863113, 0.39191532135], [-89.2212219238, 30.9602050781, 74.1162796021, 21.1248435974, 0.43014344573, -6.70223283768, -8.06177997589, -5.49170875549, -1.386267066, -3.57145929337, -13.8882799149, -10.2969121933, -9.47178840637], [-125.514411926, 36.8439216614, 21.1248435974, 94.5191421509, 23.3480644226, 24.3763027191, 12.523059845, -1.89604115486, 4.33994817734, -4.39793300629, -11.8724794388, -5.31867361069, 5.87989997864], [-32.5419960022, -15.6406984329, 0.43014344573, 23.3480644226, 62.2134056091, 21.7800350189, 9.81748580933, 6.69092226028, -1.44099986553, -0.804917395115, -4.30116653442, -13.9327669144, -13.0968151093], [-53.1369438171, -4.06668806076, -6.70223283768, 24.3763027191, 21.7800350189, 68.1948547363, 31.8163127899, 5.59289741516, 1.51034200191, 0.692870080471, -1.53433966637, -3.65932273865, 1.93440771103], [-13.3378677368, -13.8009605408, -8.06177997589, 12.523059845, 9.81748580933, 31.8163127899, 49.4744491577, 13.2726020813, 4.93081903458, 5.34574127197, -0.74129152298, 2.09990739822, 1.82346487045], [5.84553623199, -1.75352549553, -5.49170875549, -1.89604115486, 6.69092226028, 5.59289741516, 13.2726020813, 40.1091575623, 18.0439147949, 6.0871887207, 0.487793177366, -4.07003831863, -6.30132055283], [16.2216892242, 3.8177883625, -1.386267066, 4.33994817734, -1.44099986553, 1.51034200191, 4.93081903458, 18.0439147949, 41.0378913879, 22.2537078857, 6.86489343643, 2.74013352394, -1.82218599319], [47.2569007874, -15.7219572067, -3.57145929337, -4.39793300629, -0.804917395115, 0.692870080471, 5.34574127197, 6.0871887207, 22.2537078857, 52.1712303162, 19.9096240997, 9.28909111023, 2.39240574837], [65.912689209, -8.71211242676, -13.8882799149, -11.8724794388, -4.30116653442, -1.53433966637, -0.74129152298, 0.487793177366, 6.86489343643, 19.9096240997, 40.6804237366, 19.9082221985, 14.4353656769], [57.7730407715, -1.87960863113, -10.2969121933, -5.31867361069, -13.9327669144, -3.65932273865, 2.09990739822, -4.07003831863, 2.74013352394, 9.28909111023, 19.9082221985, 46.4786605835, 29.5395011902], [36.2158432007, 0.39191532135, -9.47178840637, 5.87989997864, -13.0968151093, 1.93440771103, 1.82346487045, -6.30132055283, -1.82218599319, 2.39240574837, 14.4353656769, 29.5395011902, 53.367980957]],
