{
"lowlevel": {
    "average_loudness": 0.973080873489,
    "barkbands_crest": {
        "dmean": 3.13695788383,
        "dmean2": 4.67905187607,
        "dvar": 8.26222610474,
        "dvar2": 19.3800315857,
        "max": 22.7037506104,
        "mean": 10.0208835602,
        "median": 8.71586990356,
        "min": 3.7172961235,
        "var": 24.1581745148
    },
    "barkbands_flatness_db": {
        "dmean": 0.0262042544782,
        "dmean2": 0.0409279130399,
        "dvar": 0.000561407709029,
        "dvar2": 0.00139774335548,
        "max": 0.268583595753,
        "mean": 0.17378808558,
        "median": 0.167756929994,
        "min": 0.102974057198,
        "var": 0.00123041379265
    },
    "barkbands_kurtosis": {
        "dmean": 1.57074463367,
        "dmean2": 2.71539950371,
        "dvar": 4.31282091141,
        "dvar2": 11.6519832611,
        "max": 9.57648849487,
        "mean": -0.210124179721,
        "median": -1.20023667812,
        "min": -1.85858106613,
        "var": 4.73734903336
    },
    "barkbands_skewness": {
        "dmean": 0.799415409565,
        "dmean2": 1.24530637264,
        "dvar": 0.483713030815,
        "dvar2": 1.11670064926,
        "max": 3.30692982674,
        "mean": 0.537372469902,
        "median": 0.466951549053,
        "min": -1.70965862274,
        "var": 1.23505008221
    },
    "barkbands_spread": {
        "dmean": 10.465467453,
        "dmean2": 18.4276313782,
        "dvar": 81.0357131958,
        "dvar2": 204.525924683,
        "max": 62.9373855591,
        "mean": 44.1094245911,
        "median": 45.4152488708,
        "min": 15.282330513,
        "var": 131.967010498
    },
    "dissonance": {
        "dmean": 0.0032762195915,
        "dmean2": 0.00540577154607,
        "dvar": 1.50269261212e-05,
        "dvar2": 2.74109661405e-05,
        "max": 0.499478489161,
        "mean": 0.494231492281,
        "median": 0.495110988617,
        "min": 0.471977472305,
        "var": 2.0240790036e-05
    },
    "dynamic_complexity": 0.611616492271,
    "erbbands_crest": {
        "dmean": 1.59947800636,
        "dmean2": 2.74926352501,
        "dvar": 1.6824914217,
        "dvar2": 4.57114839554,
        "max": 12.5916242599,
        "mean": 7.69102668762,
        "median": 7.45259475708,
        "min": 4.59259796143,
        "var": 2.38375878334
    },
    "erbbands_flatness_db": {
        "dmean": 0.0135031305254,
        "dmean2": 0.0214124657214,
        "dvar": 9.49673776631e-05,
        "dvar2": 0.000224506133236,
        "max": 0.278835266829,
        "mean": 0.233830824494,
        "median": 0.230301439762,
        "min": 0.190122783184,
        "var": 0.000320418039337
    },
    "erbbands_kurtosis": {
        "dmean": 2.70839428902,
        "dmean2": 4.41801691055,
        "dvar": 3.49783754349,
        "dvar2": 9.62469959259,
        "max": 14.3054180145,
        "mean": 5.6686258316,
        "median": 5.41516208649,
        "min": -0.256019830704,
        "var": 10.7755556107
    },
    "erbbands_skewness": {
        "dmean": 0.362534344196,
        "dmean2": 0.590476632118,
        "dvar": 0.0749305263162,
        "dvar2": 0.214940682054,
        "max": -0.860231697559,
        "mean": -1.97807645798,
        "median": -2.04222893715,
        "min": -2.90806531906,
        "var": 0.176087260246
    },
    "erbbands_spread": {
        "dmean": 8.4595451355,
        "dmean2": 12.9937648773,
        "dvar": 67.5836257935,
        "dvar2": 142.414138794,
        "max": 55.1836738586,
        "mean": 23.6855583191,
        "median": 19.615196228,
        "min": 8.52062511444,
        "var": 153.354354858
    },
    "hfc": {
        "dmean": 5.43188858032,
        "dmean2": 6.62878370285,
        "dvar": 39.0330657959,
        "dvar2": 47.9770355225,
        "max": 59.3115959167,
        "mean": 24.2282466888,
        "median": 20.1428718567,
        "min": 1.79015243053,
        "var": 133.480560303
    },
    "melbands_crest": {
        "dmean": 4.76215457916,
        "dmean2": 8.20808124542,
        "dvar": 16.4476203918,
        "dvar2": 36.4604797363,
        "max": 27.1732692719,
        "mean": 16.0361614227,
        "median": 16.7700061798,
        "min": 3.61570453644,
        "var": 31.6152095795
    },
    "melbands_flatness_db": {
        "dmean": 0.0418655313551,
        "dmean2": 0.0653717145324,
        "dvar": 0.00120547483675,
        "dvar2": 0.0028822820168,
        "max": 0.339733749628,
        "mean": 0.210402116179,
        "median": 0.199836492538,
        "min": 0.108115337789,
        "var": 0.00318143819459
    },
    "melbands_kurtosis": {
        "dmean": 7.38838100433,
        "dmean2": 11.4752035141,
        "dvar": 94.3181533813,
        "dvar2": 261.79397583,
        "max": 52.9459342957,
        "mean": 7.69835329056,
        "median": 3.0195145607,
        "min": -1.7132486105,
        "var": 132.025405884
    },
    "melbands_skewness": {
        "dmean": 1.20808696747,
        "dmean2": 1.85505354404,
        "dvar": 1.20609688759,
        "dvar2": 2.99319696426,
        "max": 7.09749269485,
        "mean": 2.45420908928,
        "median": 2.08309197426,
        "min": -0.318313986063,
        "var": 2.85715055466
    },
    "melbands_spread": {
        "dmean": 21.5684280396,
        "dmean2": 34.2900276184,
        "dvar": 435.691070557,
        "dvar2": 905.691955566,
        "max": 108.194046021,
        "mean": 55.7515525818,
        "median": 51.8779754639,
        "min": 7.59897327423,
        "var": 1013.51879883
    },
    "pitch_salience": {
        "dmean": 0.1051896438,
        "dmean2": 0.151709511876,
        "dvar": 0.00740368897095,
        "dvar2": 0.0189805757254,
        "max": 0.827406167984,
        "mean": 0.524844050407,
        "median": 0.555745899677,
        "min": 0.159346714616,
        "var": 0.0218458995223
    },
    "silence_rate_20dB": {
        "dmean": 0,
        "dmean2": 0,
        "dvar": 0,
        "dvar2": 0,
        "max": 1,
        "mean": 1,
        "median": 1,
        "min": 1,
        "var": 0
    },
    "silence_rate_30dB": {
        "dmean": 0,
        "dmean2": 0,
        "dvar": 0,
        "dvar2": 0,
        "max": 1,
        "mean": 1,
        "median": 1,
        "min": 1,
        "var": 0
    },
    "silence_rate_60dB": {
        "dmean": 0,
        "dmean2": 0,
        "dvar": 0,
        "dvar2": 0,
        "max": 0,
        "mean": 0,
        "median": 0,
        "min": 0,
        "var": 0
    },
    "spectral_centroid": {
        "dmean": 266.932373047,
        "dmean2": 418.199432373,
        "dvar": 52818.0039062,
        "dvar2": 121176.546875,
        "max": 3500.19848633,
        "mean": 2771.15673828,
        "median": 2882.8918457,
        "min": 1860.49279785,
        "var": 126039.398438
    },
    "spectral_complexity": {
        "dmean": 5.12222242355,
        "dmean2": 7.29213476181,
        "dvar": 29.6628417969,
        "dvar2": 49.6899299622,
        "max": 45,
        "mean": 30.9230766296,
        "median": 31,
        "min": 1,
        "var": 65.5655136108
    },
    "spectral_decrease": {
        "dmean": 1.82911719104e-09,
        "dmean2": 2.84830692365e-09,
        "dvar": 2.98586620571e-18,
        "dvar2": 7.07523477555e-18,
        "max": -2.25538462906e-10,
        "mean": -4.97816587952e-09,
        "median": -4.72600092394e-09,
        "min": -9.746029761e-09,
        "var": 4.35727396548e-18
    },
    "spectral_energy": {
        "dmean": 0.00698359683156,
        "dmean2": 0.0108693251386,
        "dvar": 4.42820382887e-05,
        "dvar2": 0.000101232559246,
        "max": 0.0377688631415,
        "mean": 0.0209862980992,
        "median": 0.0204690676183,
        "min": 0.00101360725239,
        "var": 6.37200719211e-05
    },
    "spectral_energyband_high": {
        "dmean": 0.000259455380728,
        "dmean2": 0.0003903931065,
        "dvar": 6.83109320221e-08,
        "dvar2": 1.62732959552e-07,
        "max": 0.00195994018577,
        "mean": 0.000694804068189,
        "median": 0.000602055457421,
        "min": 6.80294615449e-05,
        "var": 1.37611607443e-07
    },
    "spectral_energyband_low": {
        "dmean": 0.0066129961051,
        "dmean2": 0.0102703841403,
        "dvar": 4.21489057771e-05,
        "dvar2": 0.00010485414532,
        "max": 0.0343233160675,
        "mean": 0.010758866556,
        "median": 0.0080092959106,
        "min": 0.000321543600876,
        "var": 7.16395734344e-05
    },
    "spectral_energyband_middle_high": {
        "dmean": 0.00178893981501,
        "dmean2": 0.00216168561019,
        "dvar": 3.60756280315e-06,
        "dvar2": 4.29175861427e-06,
        "max": 0.0175981260836,
        "mean": 0.00716969603673,
        "median": 0.00590887479484,
        "min": 0.000480455957586,
        "var": 1.35079753818e-05
    },
    "spectral_energyband_middle_low": {
        "dmean": 0.00196310505271,
        "dmean2": 0.00342033547349,
        "dvar": 7.13556801202e-06,
        "dvar2": 1.67018388311e-05,
        "max": 0.0203448794782,
        "mean": 0.00288003054447,
        "median": 0.00154924870003,
        "min": 0.000167047575815,
        "var": 1.09770235213e-05
    },
    "spectral_entropy": {
        "dmean": 0.0717737972736,
        "dmean2": 0.0942231491208,
        "dvar": 0.0100946938619,
        "dvar2": 0.00821242853999,
        "max": 8.76860523224,
        "mean": 7.57523012161,
        "median": 7.55839109421,
        "min": 7.40819835663,
        "var": 0.0226910449564
    },
    "spectral_flux": {
        "dmean": 0.0209594089538,
        "dmean2": 0.0353266969323,
        "dvar": 0.000335767195793,
        "dvar2": 0.000831508252304,
        "max": 0.157471016049,
        "mean": 0.0867264047265,
        "median": 0.0845862179995,
        "min": 0.0469863787293,
        "var": 0.000514126149938
    },
    "spectral_kurtosis": {
        "dmean": 3.48492908478,
        "dmean2": 6.18815994263,
        "dvar": 9.94133090973,
        "dvar2": 28.8221549988,
        "max": 19.0549564362,
        "mean": 4.9308552742,
        "median": 4.19945859909,
        "min": 0.76162981987,
        "var": 10.696890831
    },
    "spectral_rms": {
        "dmean": 0.000773925567046,
        "dmean2": 0.00119666766841,
        "dvar": 5.95295773564e-07,
        "dvar2": 1.23921154227e-06,
        "max": 0.00607022829354,
        "mean": 0.00443159043789,
        "median": 0.00446876091883,
        "min": 0.000994427013211,
        "var": 8.35444495806e-07
    },
    "spectral_rolloff": {
        "dmean": 712.270507812,
        "dmean2": 1158.92211914,
        "dvar": 722280.25,
        "dvar2": 1868818.75,
        "max": 3940.57617188,
        "mean": 2754.35742188,
        "median": 3165.38085938,
        "min": 107.666015625,
        "var": 1187055.25
    },
    "spectral_skewness": {
        "dmean": 0.395749658346,
        "dmean2": 0.717178583145,
        "dvar": 0.195371225476,
        "dvar2": 0.51347976923,
        "max": 3.57595300674,
        "mean": 0.469986975193,
        "median": 0.36246407032,
        "min": -0.0666870996356,
        "var": 0.223151504993
    },
    "spectral_spread": {
        "dmean": 422181.6875,
        "dmean2": 496525.875,
        "dvar": 2.39104714342e+12,
        "dvar2": 1.04213014118e+12,
        "max": 21312438,
        "mean": 2396452.5,
        "median": 2090488.5,
        "min": 1580728.5,
        "var": 4.36256400998e+12
    },
    "spectral_strongpeak": {
        "dmean": 0.377102673054,
        "dmean2": 0.700332462788,
        "dvar": 0.830946028233,
        "dvar2": 2.41181373596,
        "max": 5.26378679276,
        "mean": 0.395826399326,
        "median": 0.266956537962,
        "min": 0.0115254325792,
        "var": 0.459061294794
    },
    "zerocrossingrate": {
        "dmean": 0.0143283419311,
        "dmean2": 0.0181322414428,
        "dvar": 0.000128291241708,
        "dvar2": 0.000179854381713,
        "max": 0.125,
        "mean": 0.0802551954985,
        "median": 0.0810546875,
        "min": 0.02880859375,
        "var": 0.000706827268004
    },
    "barkbands": {
        "dmean": [1.50362484419e-05, 0.00501864077523, 0.00259552290663, 0.00102752214298, 0.0010853628628, 0.000198929512408, 6.39860227238e-05, 3.81348436349e-05, 6.87154606567e-05, 7.23830671632e-05, 6.78580327076e-05, 0.000158904600539, 0.000104195518361, 0.000172027474036, 0.00016796408454, 0.000521118752658, 0.000782716786489, 0.000422540470026, 0.000578807783313, 0.000475530483527, 0.00015602647909, 2.83505250991e-05, 7.46660532513e-07, 1.28969247726e-06, 1.44821171943e-07, 3.51692541756e-08, 7.4747488199e-09],
        "dmean2": [2.37926706177e-05, 0.00787634216249, 0.00419618701562, 0.00185672484804, 0.00189558207057, 0.000330535665853, 0.000112422982056, 6.34176103631e-05, 0.000105037681351, 0.00011010455637, 0.000115811824799, 0.000286231312202, 0.000164594152011, 0.000305248249788, 0.000271309720119, 0.000838430889416, 0.0011740999762, 0.000678917916957, 0.000825044990052, 0.000747931888327, 0.000245207775151, 4.32373781223e-05, 1.0640247865e-06, 1.78984521426e-06, 2.19120281031e-07, 5.18721101628e-08, 9.42690192574e-09],
        "dvar": [3.21681958848e-10, 2.30333953368e-05, 1.12696934593e-05, 2.13702355722e-06, 2.53333109868e-06, 8.91767015787e-08, 1.10913713769e-08, 4.56371029856e-09, 9.01516905571e-09, 1.33054980367e-08, 6.14570749846e-09, 2.8109321093e-08, 1.77183618888e-08, 3.87818595016e-08, 3.32422125382e-08, 2.73778567816e-07, 4.18677188918e-07, 2.03195867243e-07, 2.50693062753e-07, 2.35718658814e-07, 1.87728801393e-08, 7.40109862285e-10, 6.50535940221e-13, 1.99291603185e-12, 2.66068634139e-14, 2.06391605466e-15, 1.3642847338e-15],
        "dvar2": [6.43765984965e-10, 6.19488346274e-05, 2.7015188607e-05, 5.3986527746e-06, 5.73844090468e-06, 2.21380702214e-07, 3.11299857003e-08, 1.08041700031e-08, 1.72407048638e-08, 2.56461589743e-08, 1.63064566294e-08, 8.48786996244e-08, 3.92397474513e-08, 1.1187810145e-07, 6.35883736777e-08, 6.32195224171e-07, 8.4079312046e-07, 4.85763393954e-07, 5.69938208628e-07, 5.24112635958e-07, 4.72760817161e-08, 1.39198341742e-09, 1.03174760402e-12, 3.52731927868e-12, 5.53081682558e-14, 2.84132352893e-15, 1.34069836023e-15],
        "max": [0.000127256411361, 0.0307952836156, 0.018405277282, 0.00805752258748, 0.0108822332695, 0.00225315755233, 0.000624225533102, 0.000537839019671, 0.00082470185589, 0.00109550985508, 0.000438698043581, 0.000923411105759, 0.000766075914726, 0.00151289289352, 0.00171706662513, 0.00326061807573, 0.00496843503788, 0.00327947526239, 0.00447198189795, 0.00366342812777, 0.00109738926403, 0.000230861085583, 6.2693129621e-06, 1.01578934846e-05, 1.24103098642e-06, 4.35585093328e-07, 3.68116872096e-07],
        "mean": [2.01054408535e-05, 0.00697498116642, 0.00327978120185, 0.00113667338155, 0.00125638570171, 0.000244802213274, 6.47615088383e-05, 4.13145644416e-05, 0.000101362682472, 0.000107152736746, 8.3258964878e-05, 0.00016434743884, 0.000123048506794, 0.000267099472694, 0.000341158680385, 0.00104364054278, 0.0017118381802, 0.000872663978953, 0.00149870570749, 0.00120342837181, 0.000368641631212, 7.45151992305e-05, 2.23295023716e-06, 3.90664081351e-06, 4.13696881196e-07, 9.24614411701e-08, 1.5946278964e-08],
        "median": [1.19915421237e-05, 0.00487186945975, 0.00137517810799, 0.000436857138993, 0.00055865466129, 0.000157678980031, 2.74593330687e-05, 2.20996607823e-05, 5.96974714426e-05, 5.14735838806e-05, 4.92435210617e-05, 0.000100519624539, 6.53655224596e-05, 0.000210680838791, 0.000268470670562, 0.000845402886625, 0.00136009301059, 0.000744428834878, 0.00129092601128, 0.0010177011136, 0.000310133647872, 6.36650220258e-05, 1.80130530225e-06, 3.27310249304e-06, 3.52335575826e-07, 8.07716205031e-08, 1.05636095427e-08],
        "min": [1.14790353223e-07, 8.2962171291e-05, 5.09219171363e-05, 2.11181140912e-05, 2.8820208172e-05, 9.15733744478e-06, 2.10505277209e-06, 2.57137594417e-06, 3.74410433324e-06, 6.98489373008e-07, 1.57300905812e-06, 2.33797686633e-06, 1.57712270266e-06, 4.46738158644e-06, 2.5770837965e-05, 3.15547258651e-05, 9.52415939537e-05, 7.75994121796e-05, 0.000113414018415, 0.000160404801136, 1.82625535672e-05, 5.11071039e-06, 7.40957659673e-08, 1.73573255324e-07, 9.75499858669e-08, 3.14124015688e-08, 4.51530768331e-09],
        "var": [4.75951111856e-10, 4.40827716375e-05, 1.99272453756e-05, 2.75534307548e-06, 3.50471646016e-06, 9.3961475045e-08, 9.59290868963e-09, 4.65852467713e-09, 1.7228126481e-08, 2.54877736694e-08, 7.64139151954e-09, 2.96319750959e-08, 2.07345394188e-08, 4.67949377025e-08, 7.32325062813e-08, 4.85356395075e-07, 1.18003481475e-06, 3.00365712746e-07, 8.39691097099e-07, 5.50590357307e-07, 4.41557261865e-08, 1.87974524835e-09, 1.83023518216e-12, 4.50771494784e-12, 4.50423796568e-14, 3.82842544423e-15, 1.41553499167e-15]
    },
    "erbbands": {
        "dmean": [0.0690401270986, 1.36233830452, 3.25269055367, 2.47899127007, 4.53158950806, 2.99850773811, 1.51673734188, 1.68310236931, 0.501831769943, 1.23310315609, 1.11570453644, 1.58355641365, 2.20345020294, 2.22071886063, 3.71176767349, 5.7459154129, 4.26983880997, 6.83956480026, 9.54953193665, 16.4100608826, 30.7453937531, 44.4426803589, 20.984161377, 32.6107139587, 23.585723877, 25.9493541718, 6.97700691223, 4.41948223114, 1.17121911049, 0.144096985459, 0.0237080845982, 0.0418593138456, 0.0108583802357, 0.00309149594977, 0.000323999178363, 0.000189972895896, 7.3129478551e-05, 6.81628671373e-06, 3.89956085201e-06, 7.65950244386e-06],
        "dmean2": [0.105058833957, 2.18980288506, 5.25538825989, 4.18744468689, 8.00308322906, 4.99319028854, 2.26273584366, 2.90416002274, 0.824415564537, 2.22060704231, 1.7933460474, 2.45303893089, 3.33511900902, 3.61872410774, 6.63435554504, 10.4049501419, 6.67215633392, 11.4419546127, 15.1524782181, 26.2961006165, 47.1373596191, 65.263381958, 34.4722595215, 50.187953949, 34.8975830078, 40.6366500854, 10.8345518112, 6.68349647522, 1.8119405508, 0.219683736563, 0.0309645570815, 0.0597813911736, 0.0149183701724, 0.00444902852178, 0.000490799488034, 0.000278569292277, 0.000103596663394, 9.24268988456e-06, 5.48848493054e-06, 1.17936006063e-05],
        "dvar": [0.00506111700088, 1.75773382187, 15.6933851242, 7.56338500977, 45.4629707336, 19.3800830841, 6.97772502899, 8.70286750793, 0.744015097618, 3.80841445923, 3.79570627213, 4.77940177917, 16.7608757019, 9.58421516418, 11.9046030045, 37.9507675171, 25.4253635406, 66.133026123, 88.8910980225, 210.970306396, 1003.91345215, 1269.25439453, 495.378692627, 907.445556641, 483.207580566, 716.198730469, 52.4007759094, 16.042848587, 1.27989411354, 0.0168304238468, 0.000743594951928, 0.00201805005781, 0.000167673541, 1.12825900942e-05, 2.13036358332e-07, 4.69423007132e-08, 9.27493104541e-09, 5.35637756371e-10, 2.68512989621e-11, 5.44987804885e-11],
        "dvar2": [0.0120125189424, 4.57116365433, 37.7622108459, 19.265203476, 118.302566528, 45.5074653625, 11.0652494431, 22.9230537415, 1.88567566872, 10.4835319519, 9.92046642303, 11.3785800934, 34.0352058411, 17.2025661469, 33.4302406311, 111.519233704, 53.2191734314, 192.888565063, 252.482833862, 484.43145752, 2292.33911133, 2732.88647461, 1180.14575195, 1840.75634766, 1076.04577637, 1642.30249023, 134.146255493, 38.983921051, 2.20977258682, 0.0267355814576, 0.000987143721431, 0.00390014285222, 0.000262114102952, 2.17789802264e-05, 3.09839208512e-07, 6.73859332778e-08, 1.73612555443e-08, 5.36448774291e-10, 3.5259347525e-11, 1.18148504868e-10],
        "max": [0.445343583822, 8.17907810211, 19.8130931854, 14.8135557175, 46.3815727234, 26.015417099, 24.93658638, 21.96443367, 6.67272043228, 11.0824193954, 15.0306558609, 19.0816707611, 37.9863548279, 29.0147514343, 22.3596172333, 32.4124107361, 29.3775863647, 55.2265815735, 84.3116760254, 102.3229599, 229.561203003, 261.266265869, 144.148544312, 248.651000977, 199.444061279, 204.895812988, 63.097442627, 31.8143482208, 8.93073177338, 1.11321282387, 0.241423711181, 0.312534868717, 0.0958797857165, 0.0282485615462, 0.0043442863971, 0.00199483474717, 0.000855577934999, 0.000234830469708, 6.04913839197e-05, 4.82113027829e-05],
        "mean": [0.115455105901, 1.8585255146, 4.41018295288, 3.2830247879, 5.10282659531, 3.44772982597, 2.15901756287, 1.93962597847, 0.613829851151, 1.28295481205, 1.29584562778, 2.16029381752, 2.90837788582, 3.27738022804, 4.77530813217, 6.2323050499, 5.58153629303, 10.9553413391, 17.4724998474, 32.3777351379, 67.4863967896, 95.255279541, 50.1922607422, 77.085319519, 66.4580764771, 63.8945045471, 17.6099376678, 11.293592453, 3.31074714661, 0.431274801493, 0.0827632620931, 0.110041283071, 0.0383669622242, 0.00939842779189, 0.00105615146458, 0.000555450737011, 0.000160916722962, 1.61528914759e-05, 1.58056845976e-05, 2.70735163213e-05],
        "median": [0.0791794732213, 1.27432727814, 2.25323057175, 1.50327849388, 2.21942853928, 1.41442489624, 1.1925650835, 1.16180515289, 0.36683472991, 0.67314094305, 0.763869047165, 1.2200499773, 1.22278344631, 2.18034029007, 3.44798803329, 3.93346095085, 3.52927207947, 7.9055223465, 14.1963634491, 26.9912128448, 55.7796783447, 76.4131851196, 41.331867218, 63.9201507568, 58.2068405151, 54.3340492249, 15.500087738, 9.72630214691, 2.9443385601, 0.382972449064, 0.0660479143262, 0.0890031680465, 0.0338794365525, 0.00832637771964, 0.000896459096111, 0.000483315467136, 0.000131749606226, 1.2154480828e-05, 1.4813580492e-05, 2.68627954938e-05],
        "min": [0.0039278678596, 0.0155813945457, 0.125534594059, 0.111147478223, 0.143374457955, 0.0276990886778, 0.130663782358, 0.0624076575041, 0.0336778685451, 0.0526002347469, 0.0945051982999, 0.0923142135143, 0.0368580631912, 0.0190123617649, 0.124051041901, 0.064789518714, 0.0764497444034, 0.20513124764, 0.717386245728, 1.37555444241, 2.98643398285, 5.52084779739, 3.80191540718, 7.5614361763, 4.06954431534, 9.03185749054, 1.42187643051, 0.421630561352, 0.221106335521, 0.0207270681858, 0.00280907563865, 0.00571393407881, 0.00146238319576, 0.00165987713262, 0.000372419715859, 0.000169071005075, 5.30489305675e-05, 5.07327695232e-06, 4.12963890994e-06, 1.77516085387e-06],
        "var": [0.011604196392, 3.10185527802, 24.6811084747, 13.5973768234, 59.7637519836, 25.6203041077, 12.5750741959, 7.49651908875, 0.774243712425, 3.28267931938, 4.02178668976, 7.53489732742, 25.4794273376, 17.7933731079, 15.4152565002, 39.6716346741, 32.8716545105, 77.3550643921, 170.137512207, 516.962890625, 2079.30297852, 3622.43432617, 876.712402344, 2379.16821289, 1493.15576172, 1614.74584961, 102.332695007, 39.4521713257, 3.58263278008, 0.0560133494437, 0.00236317911185, 0.00425951974466, 0.000364875188097, 2.21403388423e-05, 3.61523461834e-07, 9.63144159982e-08, 1.61311461966e-08, 5.73654734826e-10, 4.49454327922e-11, 8.21379700366e-11]
    },
    "gfcc": {
        "mean": [-39.1159896851, 115.222991943, -173.494934082, 99.2705307007, -13.5669384003, -5.14680767059, -10.3694982529, 0.459564387798, -16.2945251465, -9.66563415527, -8.66505050659, -12.2744731903, 5.14333534241],
        "cov": [[607.236938477, 15.0148544312, -159.490371704, -87.6413269043, -132.102111816, -26.0931148529, -30.7963924408, -14.5536785126, 1.44289207458, -34.9690551758, -6.627348423, 3.85403227806, 16.4705352783], [15.0148544312, 184.613708496, 113.336250305, -1.24599123001, -16.6129684448, -43.5051269531, -20.2984695435, -27.4645271301, -21.7309131622, -39.5631980896, -9.35404491425, -28.1953430176, 2.46327805519], [-159.490371704, 113.336250305, 192.317474365, 77.8184280396, 88.3544235229, 3.29785966873, 5.34930181503, -10.055978775, -14.1401824951, -26.1358776093, -19.5333309174, -35.6571846008, -20.1340827942], [-87.6413269043, -1.24599123001, 77.8184280396, 121.883331299, 85.1390762329, 19.0943527222, 6.42060756683, -12.9673337936, 1.94559764862, -20.0174503326, 2.24432754517, -20.9360561371, -9.41025066376], [-132.102111816, -16.6129684448, 88.3544235229, 85.1390762329, 142.624786377, 94.3111114502, 57.616027832, 16.9115066528, 13.356262207, 10.9117069244, 8.42417526245, -5.84361219406, -13.8842420578], [-26.0931148529, -43.5051269531, 3.29785966873, 19.0943527222, 94.3111114502, 127.464050293, 86.4067230225, 33.608833313, 16.9956321716, 24.1548862457, 13.3141641617, 6.89406919479, -3.85606145859], [-30.7963924408, -20.2984695435, 5.34930181503, 6.42060756683, 57.616027832, 86.4067230225, 87.6772003174, 47.1829605103, 29.5716533661, 22.7189064026, 13.1633749008, 7.19594907761, 5.90517044067], [-14.5536785126, -27.4645271301, -10.055978775, -12.9673337936, 16.9115066528, 33.608833313, 47.1829605103, 57.4158325195, 45.803352356, 32.2752380371, 6.95307016373, 8.99816799164, 8.39993286133], [1.44289207458, -21.7309131622, -14.1401824951, 1.94559764862, 13.356262207, 16.9956321716, 29.5716533661, 45.803352356, 62.1110572815, 41.0101661682, 16.1240234375, 6.69858312607, 9.1043920517], [-34.9690551758, -39.5631980896, -26.1358776093, -20.0174503326, 10.9117069244, 24.1548862457, 22.7189064026, 32.2752380371, 41.0101661682, 63.7333374023, 30.8123092651, 21.6700649261, 3.01722049713], [-6.627348423, -9.35404491425, -19.5333309174, 2.24432754517, 8.42417526245, 13.3141641617, 13.1633749008, 6.95307016373, 16.1240234375, 30.8123092651, 48.3514595032, 24.0352668762, 11.5897417068], [3.85403227806, -28.1953430176, -35.6571846008, -20.9360561371, -5.84361219406, 6.89406919479, 7.19594907761, 8.99816799164, 6.69858312607, 21.6700649261, 24.0352668762, 39.9292297363, 25.6225090027], [16.4705352783, 2.46327805519, -20.1340827942, -9.41025066376, -13.8842420578, -3.85606145859, 5.90517044067, 8.39993286133, 9.1043920517, 3.01722049713, 11.5897417068, 25.6225090027, 40.1614952087]],
        "icov": [[0.00360764749348, -0.00289302808233, 0.00300354254432, -0.00127546302974, 0.00487577728927, -0.00689648743719, 0.00459578586742, -0.000103264443169, -0.00578131247312, 0.0060122362338, 0.000268904928816, -0.00408139452338, 0.00365931144916], [-0.00289302808233, 0.0349331945181, -0.0353133939207, 0.0210134517401, 0.013426553458, -0.0022742417641, -0.00807379558682, 0.0262288879603, -0.019896607846, 0.0182469468564, -0.0234001558274, 0.0207221731544, -0.0169395618141], [0.00300354254432, -0.0353133939207, 0.0535176470876, -0.0154569009319, -0.0401046983898, 0.0256281495094, -0.00154824391939, -0.0282966010273, 0.0314018800855, -0.0224942713976, 0.0227583963424, -0.000603708846029, 0.00727324793115], [-0.00127546302974, 0.0210134517401, -0.0154569009319, 0.0447543263435, -0.0257598720491, 0.0171482805163, -0.00867223832756, 0.0271978005767, -0.0227295160294, 0.0243149511516, -0.0251248199493, 0.0313344746828, -0.0191152859479], [0.00487577728927, 0.013426553458, -0.0401046983898, -0.0257598720491, 0.0937660485506, -0.0726682469249, 0.0218465942889, 0.0103397686034, -0.0335068404675, 0.0200323574245, -0.00374492723495, -0.0375801473856, 0.0222465731204], [-0.00689648743719, -0.0022742417641, 0.0256281495094, 0.0171482805163, -0.0726682469249, 0.0938290134072, -0.0613984689116, 0.00846750196069, 0.0342499539256, -0.0293617807329, 0.00704473303631, 0.0288429316133, -0.0150153823197], [0.00459578586742, -0.00807379558682, -0.00154824391939, -0.00867223832756, 0.0218465942889, -0.0613984689116, 0.083401478827, -0.0508919321001, -0.00191878760234, 0.0187586899847, -0.0125424349681, -0.005376663059, 0.00191641191486], [-0.000103264443169, 0.0262288879603, -0.0282966010273, 0.0271978005767, 0.0103397686034, 0.00846750196069, -0.0508919321001, 0.116620615125, -0.0741542354226, 0.0149093074724, 0.00397411826998, -0.00483862636611, -0.00427030166611], [-0.00578131247312, -0.019896607846, 0.0314018800855, -0.0227295160294, -0.0335068404675, 0.0342499539256, -0.00191878760234, -0.0741542354226, 0.111676156521, -0.0665239691734, 0.00975534040481, 0.0362574271858, -0.0247607845813], [0.0060122362338, 0.0182469468564, -0.0224942713976, 0.0243149511516, 0.0200323574245, -0.0293617807329, 0.0187586899847, 0.0149093074724, -0.0665239691734, 0.0902041271329, -0.0374645665288, -0.0241544656456, 0.0235906615853], [0.000268904928816, -0.0234001558274, 0.0227583963424, -0.0251248199493, -0.00374492723495, 0.00704473303631, -0.0125424349681, 0.00397411826998, 0.00975534040481, -0.0374645665288, 0.0648263990879, -0.0392059274018, 0.0141505775973], [-0.00408139452338, 0.0207221731544, -0.000603708846029, 0.0313344746828, -0.0375801473856, 0.0288429316133, -0.005376663059, -0.00483862636611, 0.0362574271858, -0.0241544656456, -0.0392059274018, 0.128079295158, -0.0777814164758], [0.00365931144916, -0.0169395618141, 0.00727324793115, -0.0191152859479, 0.0222465731204, -0.0150153823197, 0.00191641191486, -0.00427030166611, -0.0247607845813, 0.0235906615853, 0.0141505775973, -0.0777814164758, 0.0798464715481]]
    },
    "melbands": {
        "dmean": [0.00103534886148, 0.00173066440038, 0.000498742330819, 0.000282925262582, 5.88348957535e-05, 3.66303429473e-05, 9.36862397793e-06, 1.17424915516e-05, 1.04852442746e-05, 9.30542046262e-06, 1.10874962047e-05, 9.08919082576e-06, 1.0767391359e-05, 2.29479592235e-05, 3.99931468564e-06, 1.55154157255e-05, 1.3105911421e-05, 1.76332068804e-05, 1.45158946907e-05, 2.98270806525e-05, 4.33915483882e-05, 5.01570393681e-05, 2.81936663669e-05, 2.21114496526e-05, 3.06449401251e-05, 1.90243390534e-05, 1.95046141016e-05, 1.58452912729e-05, 3.4189311009e-06, 5.84489953326e-06, 1.83456143077e-06, 8.46310683755e-07, 2.59557083382e-07, 2.89990769176e-08, 1.24562360426e-08, 2.47137403875e-08, 2.57335006637e-08, 9.7449763814e-09, 5.19223375406e-09, 2.05830219535e-09],
        "dmean2": [0.00157801993191, 0.00274936156347, 0.000859378371388, 0.000492424122058, 9.07815337996e-05, 6.26224646112e-05, 1.61714960996e-05, 2.09033623833e-05, 1.6584255718e-05, 1.41123045978e-05, 1.68166152434e-05, 1.46911152115e-05, 1.87875521078e-05, 4.20149262936e-05, 6.82411427988e-06, 2.44860530074e-05, 2.23078859563e-05, 2.89011295536e-05, 2.31374979194e-05, 4.74125845358e-05, 6.86498096911e-05, 7.33199558454e-05, 4.76351233374e-05, 3.56594646291e-05, 4.79268892377e-05, 2.88865103357e-05, 2.89192139462e-05, 2.49924542004e-05, 5.3932967603e-06, 9.31809609028e-06, 2.76043874692e-06, 1.32914624373e-06, 3.8346013298e-07, 4.78641624113e-08, 1.6431492611e-08, 3.93135834997e-08, 3.66382337802e-08, 1.41576119717e-08, 8.08660782781e-09, 3.20657234099e-09],
        "dvar": [1.01450757484e-06, 3.34331002705e-06, 3.38256512578e-07, 1.76391964146e-07, 1.30134818477e-08, 3.83850640162e-09, 2.4884155847e-10, 3.25526161582e-10, 2.5975807616e-10, 1.67383218397e-10, 4.38122677027e-10, 1.63314542445e-10, 1.36133687656e-10, 6.57635168544e-10, 1.47932846528e-11, 3.44396511309e-10, 2.44596204402e-10, 3.22078363979e-10, 1.94476823534e-10, 6.36703911816e-10, 2.00802974248e-09, 1.77451853212e-09, 7.55016549281e-10, 4.49808051917e-10, 7.76747610676e-10, 3.19057363862e-10, 3.34831662396e-10, 2.94876373319e-10, 1.36042279872e-11, 2.48820269944e-11, 2.63556667809e-12, 6.41082456218e-13, 4.75784166297e-14, 8.59500319326e-16, 1.44129696937e-16, 7.88634366585e-16, 7.40876160859e-16, 1.04729542496e-16, 2.90151169169e-17, 5.78899249768e-18],
        "dvar2": [2.70193436336e-06, 8.41187920742e-06, 8.68506276674e-07, 4.20573201154e-07, 2.13419184547e-08, 1.00737471698e-08, 6.63032406756e-10, 8.8549889643e-10, 6.86709467068e-10, 3.44034023492e-10, 9.16092535164e-10, 2.97799146454e-10, 3.65559388316e-10, 1.9617605318e-09, 3.74896468036e-11, 7.89138809854e-10, 7.20141613009e-10, 1.01631525418e-09, 3.76831232884e-10, 1.50689327683e-09, 4.58674964676e-09, 3.59721341603e-09, 1.93828286754e-09, 1.13316223072e-09, 1.6390647728e-09, 6.91816826048e-10, 7.14803494173e-10, 7.45576156369e-10, 3.56793622425e-11, 6.24306231711e-11, 6.41057302728e-12, 1.28875924689e-12, 8.6529762034e-14, 1.92116770965e-15, 2.44073840771e-16, 1.45396964105e-15, 1.3423357808e-15, 1.76277204558e-16, 4.94514775266e-17, 1.25740609997e-17],
        "max": [0.00687230983749, 0.00998946558684, 0.00353284063749, 0.00311302789487, 0.000959215452895, 0.000455186876934, 0.000105672152131, 0.000104330611066, 0.000117625982966, 0.000116579351015, 0.000192752020666, 0.000120236021758, 6.35642427369e-05, 0.000135631315061, 2.35720854107e-05, 0.000105517043266, 0.000108977350465, 0.000133980880491, 0.000144731602632, 0.000181548850378, 0.000289367424557, 0.000275457539828, 0.000166018595337, 0.000155993751832, 0.000230570192798, 0.000150684238179, 0.000140885123983, 0.000118911717436, 3.1359060813e-05, 3.5060744267e-05, 1.40581150845e-05, 5.80688947593e-06, 1.82789653991e-06, 1.91323749732e-07, 1.16065095312e-07, 1.81510728225e-07, 1.98262199547e-07, 7.72989281472e-08, 4.87182880704e-08, 1.62314908181e-08],
        "mean": [0.00155348260887, 0.00245889718644, 0.00066714012064, 0.000331354094669, 8.49151838338e-05, 4.31109838246e-05, 1.05050112325e-05, 1.25713349917e-05, 1.24532498376e-05, 1.34696019813e-05, 1.44414179886e-05, 1.29952923089e-05, 1.3775309526e-05, 2.23497227125e-05, 6.20991249889e-06, 1.87126297533e-05, 1.95768679987e-05, 2.7915202736e-05, 2.92254499072e-05, 5.4612151871e-05, 8.76430713106e-05, 0.000104414633824, 5.94513803662e-05, 4.13585948991e-05, 6.62548118271e-05, 5.04304480273e-05, 5.21602087247e-05, 3.63500003004e-05, 7.99807003204e-06, 1.19528713185e-05, 4.63835931441e-06, 2.0823927116e-06, 6.77268701565e-07, 6.16514768126e-08, 3.45459802986e-08, 6.3224774749e-08, 6.66048478593e-08, 3.03715594896e-08, 1.36194309164e-08, 5.57317658689e-09],
        "median": [0.00108953216113, 0.0016561121447, 0.000342302286299, 0.000150359162944, 4.0703722334e-05, 2.60263677774e-05, 5.21011588717e-06, 6.66906271363e-06, 6.26584824204e-06, 7.42836709833e-06, 6.01190549787e-06, 8.25660208648e-06, 8.70508847584e-06, 1.36663511512e-05, 4.94039068144e-06, 1.17432491606e-05, 1.46540214701e-05, 2.14639912883e-05, 2.40889148699e-05, 4.82970826852e-05, 7.22962722648e-05, 8.09860794106e-05, 4.92149265483e-05, 3.54650837835e-05, 5.63681023777e-05, 4.3564272346e-05, 4.36037589679e-05, 3.03673114104e-05, 6.75509727444e-06, 1.01073046608e-05, 4.17254159402e-06, 1.76451260359e-06, 5.71378279801e-07, 4.9616332376e-08, 2.60375081496e-08, 5.09883086863e-08, 5.45521459117e-08, 2.59961616678e-08, 1.23627401649e-08, 4.75540185008e-09],
        "min": [2.71529097517e-05, 6.09156086284e-05, 2.0293835405e-05, 8.27714029583e-06, 4.13510224462e-06, 1.29189834297e-06, 3.37106939696e-07, 6.25287668754e-07, 8.11338281892e-07, 5.49345884338e-07, 1.71953701056e-07, 6.33560262031e-08, 3.15912842552e-07, 3.43553551829e-07, 1.13403373803e-07, 1.8816054137e-07, 3.61064877552e-07, 8.6993657078e-07, 2.02214960154e-06, 1.60852084718e-06, 4.05622495236e-06, 6.45506042929e-06, 3.64900097338e-06, 3.22433515976e-06, 6.83560892867e-06, 2.98143231703e-06, 5.2340988077e-06, 5.55053156859e-06, 5.87864406043e-07, 5.76952970732e-07, 1.53613541443e-07, 1.52972276624e-07, 3.83872063026e-08, 1.38997147126e-09, 5.97026705851e-10, 3.27609228634e-09, 3.51219742178e-09, 7.91005316803e-10, 1.04859187999e-09, 1.61124691367e-09],
        "var": [2.20598803935e-06, 4.99294810652e-06, 5.77913908728e-07, 2.43154858026e-07, 2.12322479598e-08, 3.39591355036e-09, 2.37959707494e-10, 2.95963697994e-10, 3.1146540902e-10, 3.08603531618e-10, 6.47806475129e-10, 3.05484276764e-10, 1.66190949891e-10, 6.2290916869e-10, 2.26359729572e-11, 4.19897616677e-10, 2.80781564665e-10, 5.04826846992e-10, 5.09413011773e-10, 1.31779509527e-09, 3.99214039604e-09, 4.6983039681e-09, 1.35588995587e-09, 7.19517334602e-10, 1.92599114435e-09, 9.1122515089e-10, 1.00349439869e-09, 5.49103817971e-10, 2.30114972216e-11, 5.12814998799e-11, 6.67032791848e-12, 1.57948090371e-12, 1.56790203108e-13, 1.7057264677e-15, 5.02475349723e-16, 1.57125479924e-15, 1.57003136603e-15, 2.41371779199e-16, 5.72066663462e-17, 8.85471782165e-18]
    },
    "mfcc": {
        "mean": [-654.619445801, 112.156745911, -63.4693336487, 92.4408798218, 16.7432670593, 16.7059440613, 17.7071018219, 7.05728578568, 13.1116819382, 2.26700520515, -6.51961755753, 3.42996931076, -6.71384954453],
        "cov": [[768.088439941, -40.0228118896, -108.6536026, -123.215866089, -127.112373352, -68.1745681763, -81.6109771729, -10.0102891922, -27.8119163513, -17.4476642609, -31.678030014, -12.6436128616, -18.4122428894], [-40.0228118896, 180.986434937, 93.3576202393, 4.75014019012, -4.09528207779, -23.2471084595, -2.69511532784, -13.1721906662, -9.86772155762, -9.95239639282, -14.7550058365, -25.0666694641, -6.42948007584], [-108.6536026, 93.3576202393, 100.420982361, 65.8826751709, 42.0255088806, 2.68240427971, 7.16183900833, -2.69666910172, -7.56589698792, -3.47231626511, -13.7892007828, -17.639383316, -12.7274742126], [-123.215866089, 4.75014019012, 65.8826751709, 108.279121399, 68.7564163208, 16.7819232941, 2.65608763695, 0.605648100376, -11.1222705841, -5.53615427017, -11.1749448776, -1.34386980534, -6.06755113602], [-127.112373352, -4.09528207779, 42.0255088806, 68.7564163208, 94.2044677734, 62.2216453552, 39.5462036133, 20.9791316986, 9.01412582397, 6.02076053619, 9.81003856659, 9.03071689606, 1.72163903713], [-68.1745681763, -23.2471084595, 2.68240427971, 16.7819232941, 62.2216453552, 93.6623458862, 72.1373596191, 40.0436401367, 21.6774349213, 13.0391273499, 18.7099666595, 17.2690544128, 6.15215063095], [-81.6109771729, -2.69511532784, 7.16183900833, 2.65608763695, 39.5462036133, 72.1373596191, 86.4777679443, 46.5685005188, 22.5791740417, 12.585111618, 15.9601564407, 15.4462594986, 1.79048085213], [-10.0102891922, -13.1721906662, -2.69666910172, 0.605648100376, 20.9791316986, 40.0436401367, 46.5685005188, 53.1963882446, 35.4344406128, 18.7728271484, 8.11716175079, 9.21975231171, -0.666964530945], [-27.8119163513, -9.86772155762, -7.56589698792, -11.1222705841, 9.01412582397, 21.6774349213, 22.5791740417, 35.4344406128, 61.9440002441, 33.7241744995, 17.4988670349, 10.1093358994, 4.20950603485], [-17.4476642609, -9.95239639282, -3.47231626511, -5.53615427017, 6.02076053619, 13.0391273499, 12.585111618, 18.7728271484, 33.7241744995, 48.0633010864, 32.8811340332, 14.9630794525, 4.75554084778], [-31.678030014, -14.7550058365, -13.7892007828, -11.1749448776, 9.81003856659, 18.7099666595, 15.9601564407, 8.11716175079, 17.4988670349, 32.8811340332, 51.2247467041, 24.2079372406, 9.09991359711], [-12.6436128616, -25.0666694641, -17.639383316, -1.34386980534, 9.03071689606, 17.2690544128, 15.4462594986, 9.21975231171, 10.1093358994, 14.9630794525, 24.2079372406, 32.2018318176, 15.8750667572], [-18.4122428894, -6.42948007584, -12.7274742126, -6.06755113602, 1.72163903713, 6.15215063095, 1.79048085213, -0.666964530945, 4.20950603485, 4.75554084778, 9.09991359711, 15.8750667572, 30.7176895142]],
