{
"lowlevel": {
    "average_loudness": 0.989661812782,
    "barkbands_crest": {
        "dmean": 2.36766505241,
        "dmean2": 4.17342996597,
        "dvar": 4.1864938736,
        "dvar2": 11.0678186417,
        "max": 16.2466831207,
        "mean": 7.11390924454,
        "median": 6.56922483444,
        "min": 3.15207028389,
        "var": 6.08321619034
    },
    "barkbands_flatness_db": {
        "dmean": 0.0134586216882,
        "dmean2": 0.022777851671,
        "dvar": 0.000145468933624,
        "dvar2": 0.000391174602555,
        "max": 0.230482056737,
        "mean": 0.151317283511,
        "median": 0.151009261608,
        "min": 0.084724240005,
        "var": 0.000223456096137
    },
    "barkbands_kurtosis": {
        "dmean": 0.441257148981,
        "dmean2": 0.777525484562,
        "dvar": 0.385201394558,
        "dvar2": 0.979989171028,
        "max": 5.43017578125,
        "mean": -1.31019294262,
        "median": -1.49595022202,
        "min": -1.84052097797,
        "var": 0.377044886351
    },
    "barkbands_skewness": {
        "dmean": 0.474559515715,
        "dmean2": 0.765161335468,
        "dvar": 0.124086931348,
        "dvar2": 0.338495254517,
        "max": 2.61688065529,
        "mean": -0.0108952345327,
        "median": -0.0212337691337,
        "min": -1.53752052784,
        "var": 0.299982011318
    },
    "barkbands_spread": {
        "dmean": 4.9730553627,
        "dmean2": 8.35346317291,
        "dvar": 17.4906482697,
        "dvar2": 44.5632591248,
        "max": 59.5270729065,
        "mean": 38.6720428467,
        "median": 38.6223678589,
        "min": 16.0616989136,
        "var": 38.3689193726
    },
    "dissonance": {
        "dmean": 0.00448757782578,
        "dmean2": 0.00766171142459,
        "dvar": 1.72562868102e-05,
        "dvar2": 5.02416478412e-05,
        "max": 0.499994575977,
        "mean": 0.492344856262,
        "median": 0.493708610535,
        "min": 0.46472582221,
        "var": 2.58556538029e-05
    },
    "dynamic_complexity": 0.756240487099,
    "erbbands_crest": {
        "dmean": 2.27276587486,
        "dmean2": 3.82861328125,
        "dvar": 3.72413396835,
        "dvar2": 9.61683082581,
        "max": 20.9292964935,
        "mean": 8.60739517212,
        "median": 7.9513297081,
        "min": 4.3698515892,
        "var": 7.56251049042
    },
    "erbbands_flatness_db": {
        "dmean": 0.0119099318981,
        "dmean2": 0.0200829487294,
        "dvar": 8.38479973027e-05,
        "dvar2": 0.000191725615878,
        "max": 0.288811892271,
        "mean": 0.239772051573,
        "median": 0.23952549696,
        "min": 0.180120751262,
        "var": 0.000262237823335
    },
    "erbbands_kurtosis": {
        "dmean": 1.69127821922,
        "dmean2": 2.86866950989,
        "dvar": 2.52438783646,
        "dvar2": 5.88471221924,
        "max": 15.7205200195,
        "mean": 3.62040305138,
        "median": 3.30501031876,
        "min": -0.717878103256,
        "var": 5.78986787796
    },
    "erbbands_skewness": {
        "dmean": 0.304773122072,
        "dmean2": 0.510528206825,
        "dvar": 0.0623075850308,
        "dvar2": 0.151362687349,
        "max": -0.410912781954,
        "mean": -1.59024441242,
        "median": -1.5732935667,
        "min": -2.97691917419,
        "var": 0.179465442896
    },
    "erbbands_spread": {
        "dmean": 6.2128663063,
        "dmean2": 10.3998117447,
        "dvar": 24.5720119476,
        "dvar2": 60.5788040161,
        "max": 46.421913147,
        "mean": 21.8197154999,
        "median": 20.8458766937,
        "min": 7.92163610458,
        "var": 49.1739768982
    },
    "hfc": {
        "dmean": 6.59593677521,
        "dmean2": 10.4390592575,
        "dvar": 24.9336395264,
        "dvar2": 60.2294006348,
        "max": 60.4031486511,
        "mean": 33.6335105896,
        "median": 33.0513801575,
        "min": 5.81899881363,
        "var": 98.4664001465
    },
    "melbands_crest": {
        "dmean": 3.91178536415,
        "dmean2": 6.56061506271,
        "dvar": 8.95028972626,
        "dvar2": 25.816614151,
        "max": 25.2104148865,
        "mean": 12.2528514862,
        "median": 11.7100601196,
        "min": 4.63063764572,
        "var": 15.8208971024
    },
    "melbands_flatness_db": {
        "dmean": 0.0224023163319,
        "dmean2": 0.0373958833516,
        "dvar": 0.000318326172419,
        "dvar2": 0.000847559305839,
        "max": 0.298386603594,
        "mean": 0.175641953945,
        "median": 0.172725602984,
        "min": 0.123678468168,
        "var": 0.000634622061625
    },
    "melbands_kurtosis": {
        "dmean": 1.7430883646,
        "dmean2": 2.91345643997,
        "dvar": 4.68576812744,
        "dvar2": 11.7933387756,
        "max": 31.3810272217,
        "mean": 0.614553630352,
        "median": -0.0982916355133,
        "min": -1.7276403904,
        "var": 7.06615447998
    },
    "melbands_skewness": {
        "dmean": 0.599884033203,
        "dmean2": 0.973748207092,
        "dvar": 0.215041235089,
        "dvar2": 0.572367072105,
        "max": 5.48142910004,
        "mean": 1.25528740883,
        "median": 1.20200896263,
        "min": -0.60802423954,
        "var": 0.500427186489
    },
    "melbands_spread": {
        "dmean": 13.1670103073,
        "dmean2": 21.6422328949,
        "dvar": 105.239944458,
        "dvar2": 293.781066895,
        "max": 107.475318909,
        "mean": 60.0589103699,
        "median": 59.7692184448,
        "min": 10.7518510818,
        "var": 248.381622314
    },
    "pitch_salience": {
        "dmean": 0.0628120973706,
        "dmean2": 0.103812277317,
        "dvar": 0.00279298215173,
        "dvar2": 0.00745783047751,
        "max": 0.741511046886,
        "mean": 0.617543458939,
        "median": 0.626360476017,
        "min": 0.224989101291,
        "var": 0.00499072531238
    },
    "silence_rate_20dB": {
        "dmean": 0,
        "dmean2": 0,
        "dvar": 0,
        "dvar2": 0,
        "max": 1,
        "mean": 1,
        "median": 1,
        "min": 1,
        "var": 0
    },
    "silence_rate_30dB": {
        "dmean": 0,
        "dmean2": 0,
        "dvar": 0,
        "dvar2": 0,
        "max": 1,
        "mean": 1,
        "median": 1,
        "min": 1,
        "var": 0
    },
    "silence_rate_60dB": {
        "dmean": 0,
        "dmean2": 0,
        "dvar": 0,
        "dvar2": 0,
        "max": 0,
        "mean": 0,
        "median": 0,
        "min": 0,
        "var": 0
    },
    "spectral_centroid": {
        "dmean": 212.436798096,
        "dmean2": 349.704620361,
        "dvar": 26185.4765625,
        "dvar2": 75402.109375,
        "max": 3186.15185547,
        "mean": 2405.88427734,
        "median": 2413.77783203,
        "min": 1533.55126953,
        "var": 75214.296875
    },
    "spectral_complexity": {
        "dmean": 3.5,
        "dmean2": 5.77308702469,
        "dvar": 7.84999990463,
        "dvar2": 19.3785915375,
        "max": 51,
        "mean": 37.8425178528,
        "median": 38,
        "min": 11,
        "var": 25.093334198
    },
    "spectral_decrease": {
        "dmean": 1.33041544448e-09,
        "dmean2": 2.25894503103e-09,
        "dvar": 1.02506113683e-18,
        "dvar2": 2.85535054674e-18,
        "max": -8.73650596311e-10,
        "mean": -5.55046053563e-09,
        "median": -5.60078117218e-09,
        "min": -1.01495203353e-08,
        "var": 1.75482334448e-18
    },
    "spectral_energy": {
        "dmean": 0.00535168126225,
        "dmean2": 0.00901333335787,
        "dvar": 1.57461545314e-05,
        "dvar2": 4.41503725597e-05,
        "max": 0.0429663658142,
        "mean": 0.0239993613213,
        "median": 0.0240248646587,
        "min": 0.00382516207173,
        "var": 2.97390070045e-05
    },
    "spectral_energyband_high": {
        "dmean": 0.000169123100932,
        "dmean2": 0.000275314057944,
        "dvar": 1.96459346569e-08,
        "dvar2": 5.13909235167e-08,
        "max": 0.0019140841905,
        "mean": 0.000660453399178,
        "median": 0.00060633016983,
        "min": 0.000117268420581,
        "var": 7.25537461221e-08
    },
    "spectral_energyband_low": {
        "dmean": 0.00302022183314,
        "dmean2": 0.00514725130051,
        "dvar": 9.275487173e-06,
        "dvar2": 2.54076276178e-05,
        "max": 0.0258558671921,
        "mean": 0.00486740330234,
        "median": 0.00376019510441,
        "min": 0.000243347982178,
        "var": 1.47186083268e-05
    },
    "spectral_energyband_middle_high": {
        "dmean": 0.00279253721237,
        "dmean2": 0.00444953190163,
        "dvar": 5.05846901433e-06,
        "dvar2": 1.16219771371e-05,
        "max": 0.0238728225231,
        "mean": 0.0123162269592,
        "median": 0.011924684979,
        "min": 0.00227418821305,
        "var": 1.61154148373e-05
    },
    "spectral_energyband_middle_low": {
        "dmean": 0.00341787212528,
        "dmean2": 0.00566759845242,
        "dvar": 7.74816544435e-06,
        "dvar2": 2.25947314902e-05,
        "max": 0.023817140609,
        "mean": 0.0070979334414,
        "median": 0.00649958569556,
        "min": 0.00063280237373,
        "var": 1.43721836139e-05
    },
    "spectral_entropy": {
        "dmean": 0.0626603662968,
        "dmean2": 0.104136735201,
        "dvar": 0.0025641170796,
        "dvar2": 0.00644738925621,
        "max": 8.00660133362,
        "mean": 7.58144569397,
        "median": 7.59052371979,
        "min": 7.26639032364,
        "var": 0.0063945427537
    },
    "spectral_flux": {
        "dmean": 0.0127359163016,
        "dmean2": 0.0213886220008,
        "dvar": 0.00011751416605,
        "dvar2": 0.000316889141686,
        "max": 0.138799071312,
        "mean": 0.0955792441964,
        "median": 0.0942302793264,
        "min": 0.0593562349677,
        "var": 0.000193004321773
    },
    "spectral_kurtosis": {
        "dmean": 3.03262448311,
        "dmean2": 5.29157829285,
        "dvar": 6.34244394302,
        "dvar2": 19.3094043732,
        "max": 18.8227825165,
        "mean": 4.77479839325,
        "median": 4.36100387573,
        "min": 0.353142023087,
        "var": 8.67062664032
    },
    "spectral_rms": {
        "dmean": 0.000545973656699,
        "dmean2": 0.000916106102522,
        "dvar": 1.69534985162e-07,
        "dvar2": 4.61314243694e-07,
        "max": 0.00647444278002,
        "mean": 0.00480505172163,
        "median": 0.00484137283638,
        "min": 0.00193180365022,
        "var": 3.25495761899e-07
    },
    "spectral_rolloff": {
        "dmean": 297.838104248,
        "dmean2": 509.183502197,
        "dvar": 77523.6875,
        "dvar2": 209307.1875,
        "max": 3875.9765625,
        "mean": 2802.93286133,
        "median": 2799.31640625,
        "min": 129.19921875,
        "var": 173522.125
    },
    "spectral_skewness": {
        "dmean": 0.308853626251,
        "dmean2": 0.537810862064,
        "dvar": 0.0729122385383,
        "dvar2": 0.194585189223,
        "max": 3.36204051971,
        "mean": 0.62661075592,
        "median": 0.579724788666,
        "min": -0.0223477818072,
        "var": 0.104451298714
    },
    "spectral_spread": {
        "dmean": 170938.515625,
        "dmean2": 278936.21875,
        "dvar": 36821774336,
        "dvar2": 55294365696,
        "max": 5560817,
        "mean": 2155297,
        "median": 2152664.25,
        "min": 1657649.875,
        "var": 62784978944
    },
    "spectral_strongpeak": {
        "dmean": 1.01461267471,
        "dmean2": 1.83808982372,
        "dvar": 3.07653355598,
        "dvar2": 7.79257202148,
        "max": 10.7071275711,
        "mean": 0.994129478931,
        "median": 0.38624599576,
        "min": 0.0393928848207,
        "var": 2.96701312065
    },
    "zerocrossingrate": {
        "dmean": 0.00700169615448,
        "dmean2": 0.00938041135669,
        "dvar": 2.92772874673e-05,
        "dvar2": 5.59051259188e-05,
        "max": 0.1220703125,
        "mean": 0.0841304734349,
        "median": 0.083984375,
        "min": 0.03125,
        "var": 0.000167063131812
    },
    "barkbands": {
        "dmean": [1.66467671079e-05, 0.00195050006732, 0.00125651736744, 0.00144399283454, 0.00272131594829, 0.000261744571617, 8.33992380649e-05, 4.69133447041e-05, 0.000145869606058, 0.000272106408374, 0.00024612119887, 0.00030969598447, 0.000137292197905, 0.000732937536668, 0.000733299762942, 0.00118326989468, 0.0010890995618, 0.000468234939035, 0.000652663235087, 0.000322078005411, 0.000117644915008, 2.18614241021e-05, 6.40576047317e-07, 1.06160996438e-06, 1.57851303584e-07, 4.34996607623e-08, 4.58576243645e-09],
        "dmean2": [2.73775785899e-05, 0.00331014464609, 0.0021626772359, 0.00235020252876, 0.00468121608719, 0.000448062375654, 0.000143553115777, 7.53467902541e-05, 0.000237139000092, 0.000458338763565, 0.000414327369072, 0.000507170683704, 0.000228039745707, 0.00122761877719, 0.00121132063214, 0.00198262929916, 0.00184866099153, 0.000756676017772, 0.00111660291441, 0.000550098426174, 0.000195323649677, 3.65773012163e-05, 1.07322000531e-06, 1.83126803677e-06, 2.69568573685e-07, 7.29239530983e-08, 5.99556182479e-09],
        "dvar": [4.10677158946e-10, 6.62016600472e-06, 2.59229727817e-06, 2.98836084767e-06, 5.34772698302e-06, 1.17522475307e-07, 1.29898749535e-08, 6.62002230811e-09, 2.76848322045e-08, 1.20028218475e-07, 1.573140338e-07, 1.36743892654e-07, 2.00103880132e-08, 7.52156608996e-07, 5.22682000792e-07, 1.43716442835e-06, 1.60821252848e-06, 2.43524738153e-07, 4.2771517883e-07, 1.10889210703e-07, 9.4402752282e-09, 3.81359249735e-10, 3.19105364962e-13, 9.97118728731e-13, 4.14524541266e-14, 6.31072156473e-15, 2.40125476096e-15],
        "dvar2": [1.04156117064e-09, 1.81135674211e-05, 7.49095670471e-06, 7.30585861675e-06, 1.4538418327e-05, 3.14682722546e-07, 3.2737997202e-08, 1.51406265303e-08, 6.52261107348e-08, 3.26902522829e-07, 4.3774622327e-07, 3.21378024637e-07, 5.02378583178e-08, 1.84806287962e-06, 1.35742493512e-06, 3.74992328034e-06, 4.05933360526e-06, 6.11489610947e-07, 1.06411494016e-06, 3.0087122127e-07, 2.54455638782e-08, 8.98281338202e-10, 9.56750520822e-13, 2.75512967475e-12, 1.16664422805e-13, 1.4512825349e-14, 2.4133760142e-15],
        "max": [0.000224204166443, 0.0186942648143, 0.0141222644597, 0.0170473139733, 0.0162051729858, 0.00350519060157, 0.00103436503559, 0.000852279015817, 0.00153197115287, 0.00383499613963, 0.00397512456402, 0.00480118999258, 0.00207368447445, 0.00906150322407, 0.00585100473836, 0.0119848130271, 0.013395274058, 0.00645391084254, 0.00924908183515, 0.00354279694147, 0.00107002258301, 0.00026126683224, 6.41135329715e-06, 9.40368499869e-06, 2.86980912279e-06, 9.39848689541e-07, 9.63557567957e-07],
        "mean": [2.09425288631e-05, 0.00237888447009, 0.00158450356685, 0.00186270161066, 0.00438031414524, 0.000345061940607, 0.000110019784188, 6.44276005914e-05, 0.000247359188506, 0.000421881530201, 0.000329139089445, 0.000522833899595, 0.000247477932135, 0.00130470457952, 0.00147089431994, 0.0023793890141, 0.00220356811769, 0.00115421588998, 0.00170222506858, 0.000830913544632, 0.000365450774552, 6.6027721914e-05, 2.11985843634e-06, 3.70962038687e-06, 5.00469411691e-07, 1.10702892187e-07, 1.40898892553e-08],
        "median": [1.19878095575e-05, 0.00144030177034, 0.000820941815618, 0.00106334872544, 0.00362399430014, 0.000233704820857, 7.13149202056e-05, 3.75262716261e-05, 0.000169696606463, 0.000295492936857, 0.000212488914258, 0.00037532261922, 0.000188671649084, 0.00099719921127, 0.00116776558571, 0.00190888717771, 0.00168623949867, 0.000943384540733, 0.0014096001396, 0.000741407566238, 0.000339170306688, 6.0056012444e-05, 1.96721794055e-06, 3.52962229044e-06, 4.82017526338e-07, 9.65380451134e-08, 1.08376090324e-08],
        "min": [2.11817919649e-07, 4.72672581964e-05, 1.63596814673e-05, 3.28214155161e-05, 0.000226047326578, 1.30747348521e-05, 5.89465435041e-06, 1.8153318706e-06, 8.83288430487e-06, 1.82381827472e-05, 1.59260307555e-05, 2.37142794504e-05, 1.36756407301e-05, 0.000131386274006, 6.83151592966e-05, 0.000258225452853, 0.000307498848997, 0.000144823439769, 0.000279286497971, 0.000125813690829, 8.05733798188e-05, 8.21785306471e-06, 5.35260824108e-07, 9.26852294469e-07, 1.27621930801e-07, 2.10562536296e-08, 3.70169317421e-09],
        "var": [6.1983518318e-10, 8.20409150037e-06, 4.00600447392e-06, 4.4084140427e-06, 8.96280016605e-06, 1.39479979566e-07, 1.63591824531e-08, 9.06119268507e-09, 5.88893236397e-08, 1.58371662451e-07, 1.56628772174e-07, 2.94362592967e-07, 4.97161032342e-08, 1.13150963443e-06, 9.90106400423e-07, 2.70959139925e-06, 3.20227900374e-06, 6.76486706652e-07, 1.38276061534e-06, 2.17946137582e-07, 2.44306939123e-08, 1.01911779016e-09, 7.99877579536e-13, 1.81742414087e-12, 4.66340833137e-14, 6.23419425553e-15, 2.39001421024e-15]
    },
    "erbbands": {
        "dmean": [0.0401601828635, 0.501171171665, 1.31493973732, 2.98494911194, 6.08909702301, 14.1647386551, 4.92764139175, 1.4851231575, 0.595870196819, 1.73837614059, 1.35304105282, 3.27887678146, 5.51535654068, 9.3536605835, 10.930267334, 12.0241746902, 5.32116746902, 25.0202064514, 39.8702354431, 53.5761032104, 57.8106307983, 62.4526977539, 21.9764537811, 42.9393768311, 20.6404571533, 15.2126789093, 4.99666500092, 3.80277609825, 0.876783668995, 0.101877242327, 0.0194016117603, 0.0314026139677, 0.0106340311468, 0.00320730777457, 0.00033214056748, 0.000261450448306, 6.19269048912e-05, 4.28772636951e-06, 3.35623781211e-06, 6.31355806036e-06],
        "dmean2": [0.0662666633725, 0.855896472931, 2.22701787949, 4.85960865021, 10.4544467926, 24.1332969666, 8.5937204361, 2.50143027306, 1.00289142132, 2.91646265984, 2.19309568405, 5.48592996597, 9.10959815979, 15.5828132629, 18.6906147003, 19.4005146027, 8.67513370514, 42.2670021057, 64.4979324341, 89.6611938477, 96.6720123291, 106.626823425, 36.2587928772, 71.8622589111, 34.7601203918, 25.8270225525, 8.18778324127, 6.39478063583, 1.44249105453, 0.170016348362, 0.0320664048195, 0.0537176504731, 0.0175742935389, 0.00544581003487, 0.000545315968338, 0.000443499040557, 0.000103120066342, 5.97480402575e-06, 5.30900024387e-06, 1.05368726508e-05],
        "dvar": [0.00305512850173, 0.425995141268, 2.57847857475, 9.57709789276, 34.4546813965, 155.885025024, 26.0823764801, 5.74807596207, 0.488379538059, 5.51358985901, 4.2789812088, 14.2650661469, 36.9547691345, 149.228591919, 268.082489014, 210.387130737, 37.293422699, 732.755249023, 1623.390625, 4393.17822266, 2863.56054688, 5745.05126953, 395.178192139, 1912.69140625, 449.733093262, 252.062301636, 18.0743904114, 11.1503343582, 0.545205414295, 0.00848548300564, 0.000296872196486, 0.000705106649548, 0.000132202811074, 1.66722275026e-05, 2.98750563843e-07, 1.74737351699e-07, 1.57152566516e-08, 9.4663421546e-10, 4.64253011034e-11, 2.10010880214e-11],
        "dvar2": [0.00845981948078, 1.1675555706, 7.22396326065, 22.8969898224, 101.559005737, 426.162261963, 72.3091125488, 12.4271907806, 1.14922201633, 13.7246866226, 9.42876625061, 35.0741081238, 92.2054214478, 404.090942383, 734.661376953, 478.134063721, 86.5871124268, 1866.12133789, 4317.49560547, 11557.078125, 7352.88867188, 14045.9960938, 1092.57971191, 4806.62158203, 1335.99328613, 688.723388672, 46.1622085571, 32.0697021484, 1.31991779804, 0.0217327009887, 0.000845590664539, 0.00203419127502, 0.000390676374082, 4.87970064569e-05, 6.9373908218e-07, 4.44193602789e-07, 3.25377413901e-08, 9.68047420002e-10, 5.2851039517e-11, 5.9063212654e-11],
        "max": [0.465703845024, 5.16561412811, 12.7159776688, 28.8390159607, 52.7316627502, 93.8567810059, 45.8116912842, 35.4945678711, 6.23338365555, 23.3697299957, 25.0663299561, 38.4441337585, 59.8868331909, 131.366958618, 185.24786377, 227.635467529, 116.277481079, 317.124420166, 364.354644775, 676.428833008, 406.593292236, 808.645324707, 222.914367676, 673.723327637, 337.352661133, 190.995071411, 47.9574050903, 34.9982452393, 10.2464427948, 1.28622615337, 0.193907141685, 0.275480419397, 0.133263915777, 0.0572015419602, 0.00670527759939, 0.00498010218143, 0.00172888336238, 0.000604784057941, 0.00013929096167, 5.43236928934e-05],
        "mean": [0.0506142452359, 0.604486763477, 1.80637073517, 4.24554538727, 9.21866512299, 19.5489883423, 6.73878860474, 2.25618076324, 0.997642159462, 2.23239564896, 2.11562776566, 5.30621385574, 9.28939914703, 14.1450529099, 17.4642829895, 20.7172908783, 11.855055809, 46.1664657593, 80.7015075684, 102.549804688, 128.460159302, 126.022987366, 62.0428314209, 107.057426453, 61.1498832703, 41.2228279114, 16.4319591522, 11.1236515045, 3.03087735176, 0.384655982256, 0.0775769278407, 0.102851249278, 0.0376801937819, 0.0107793910429, 0.00117925531231, 0.000711665139534, 0.000162058830028, 1.55439884111e-05, 1.802002771e-05, 3.15335782943e-05],
        "median": [0.0308529082686, 0.356222957373, 1.03549313545, 2.89197087288, 7.67915773392, 15.0681171417, 5.17836666107, 1.60909283161, 0.732684731483, 1.34849607944, 1.38372182846, 3.8411231041, 6.54952430725, 9.74744987488, 12.7855463028, 14.9724531174, 9.54666996002, 37.1025543213, 69.1139602661, 77.3452758789, 111.990226746, 100.656799316, 57.5185966492, 81.1780395508, 55.3288536072, 37.159198761, 15.4563064575, 10.1056337357, 2.78242325783, 0.363633185625, 0.0712627768517, 0.0971740558743, 0.0359394364059, 0.0103133479133, 0.0010963564273, 0.000638297817204, 0.000138548581162, 1.35900963869e-05, 1.78834070539e-05, 3.16966834362e-05],
        "min": [0.0011058995733, 0.0153496386483, 0.0602457076311, 0.174991458654, 0.352433085442, 0.499996781349, 0.424841076136, 0.169839665294, 0.0574396401644, 0.124108277261, 0.161774769425, 0.281776070595, 0.570003509521, 0.569866240025, 1.45585381985, 1.54824829102, 2.05922412872, 7.74885129929, 5.86598539352, 11.1549835205, 11.0478744507, 19.1424465179, 9.75211143494, 14.7389535904, 10.8296880722, 6.56111526489, 3.67633366585, 1.92409908772, 0.460954368114, 0.0786244422197, 0.0216977614909, 0.0263463985175, 0.0104393763468, 0.00288893189281, 0.000321595929563, 0.000137753828312, 3.68635846826e-05, 4.27171016781e-06, 7.85413794802e-06, 1.26899840325e-05],
        "var": [0.00390576850623, 0.520437180996, 4.22665119171, 15.4934501648, 45.4276504517, 242.960281372, 31.1107311249, 7.51346635818, 0.771060883999, 7.41551065445, 7.22457408905, 24.9983291626, 77.1341247559, 186.405181885, 306.597015381, 517.828308105, 115.813850403, 1155.70690918, 2639.56933594, 7216.26367188, 5825.80761719, 9838.05859375, 807.935424805, 6963.86621094, 1070.96203613, 512.019165039, 50.3343429565, 24.0266742706, 1.85556745529, 0.0250851288438, 0.000881897343788, 0.00156493962277, 0.000186576493434, 1.82253443199e-05, 3.34097848054e-07, 1.76976342914e-07, 1.57845168047e-08, 9.33096377942e-10, 5.28292028179e-11, 4.58478671694e-11]
    },
    "gfcc": {
        "mean": [-12.8454036713, 128.212249756, -188.348480225, 77.2250823975, -18.2407588959, -6.60776090622, -21.5475902557, -12.1503696442, -25.4894237518, -17.5890712738, -16.0364074707, -14.7960996628, 8.92777347565],
        "cov": [[188.666290283, 20.2550392151, -37.186164856, -65.7113113403, -37.400138855, -4.41985654831, -14.0587272644, -1.02200734615, -2.34435224533, 1.6220498085, -14.9201335907, 2.68755292892, 11.0336256027], [20.2550392151, 125.31098175, 52.9988288879, -30.2725505829, 3.88391590118, 22.5746612549, 19.8885040283, 15.4087333679, 20.9212226868, 12.108590126, 2.40809559822, 0.779524981976, 16.6750659943], [-37.186164856, 52.9988288879, 89.6059036255, 43.640827179, 36.8621711731, 13.0224351883, 10.6069297791, 19.5986423492, 14.1105594635, 18.2433395386, 9.98515129089, -2.9471950531, -4.53336286545], [-65.7113113403, -30.2725505829, 43.640827179, 118.822914124, 51.5425415039, -4.88842487335, 8.17868804932, -0.545113027096, 5.72134923935, -1.44132852554, 19.0662155151, -4.91612195969, -8.81279087067], [-37.400138855, 3.88391590118, 36.8621711731, 51.5425415039, 69.6339263916, 27.1845779419, 10.7040452957, 13.2919244766, 12.1187934875, 9.92333507538, 11.8094034195, 2.16431260109, -5.1094288826], [-4.41985654831, 22.5746612549, 13.0224351883, -4.88842487335, 27.1845779419, 48.3212165833, 29.7761745453, 14.977191925, 7.46385097504, 10.3635044098, 5.79404687881, 3.46938729286, -1.19314181805], [-14.0587272644, 19.8885040283, 10.6069297791, 8.17868804932, 10.7040452957, 29.7761745453, 51.8453941345, 29.7365379333, 12.9228515625, 4.51003932953, 7.98444366455, 1.53014206886, -3.25551986694], [-1.02200734615, 15.4087333679, 19.5986423492, -0.545113027096, 13.2919244766, 14.977191925, 29.7365379333, 57.1283836365, 37.4246253967, 21.7686729431, 7.70129442215, 2.33991646767, -2.85435128212], [-2.34435224533, 20.9212226868, 14.1105594635, 5.72134923935, 12.1187934875, 7.46385097504, 12.9228515625, 37.4246253967, 50.2234535217, 30.6210174561, 10.9827480316, 5.39036607742, 6.64774703979], [1.6220498085, 12.108590126, 18.2433395386, -1.44132852554, 9.92333507538, 10.3635044098, 4.51003932953, 21.7686729431, 30.6210174561, 51.1218338013, 26.378194809, 9.05019855499, -0.826081514359], [-14.9201335907, 2.40809559822, 9.98515129089, 19.0662155151, 11.8094034195, 5.79404687881, 7.98444366455, 7.70129442215, 10.9827480316, 26.378194809, 41.0957946777, 18.8088722229, 0.817423701286], [2.68755292892, 0.779524981976, -2.9471950531, -4.91612195969, 2.16431260109, 3.46938729286, 1.53014206886, 2.33991646767, 5.39036607742, 9.05019855499, 18.8088722229, 32.7034988403, 20.064825058], [11.0336256027, 16.6750659943, -4.53336286545, -8.81279087067, -5.1094288826, -1.19314181805, -3.25551986694, -2.85435128212, 6.64774703979, -0.826081514359, 0.817423701286, 20.064825058, 41.8657684326]],
        "icov": [[0.00789801869541, -0.00599130615592, 0.0077322977595, -0.00354087213054, 0.00340525689535, -0.00286773289554, 0.00658019632101, -0.00730564305559, 0.00692311581224, -0.00585872074589, 0.00616861088201, -0.00389950838871, 0.00127775187138], [-0.00599130615592, 0.0397473871708, -0.0407094359398, 0.0344669260085, -0.00913274288177, 0.00715407449752, -0.0255174804479, 0.0325490571558, -0.0363924875855, 0.0270083751529, -0.0292599983513, 0.0259363632649, -0.0176284946501], [0.0077322977595, -0.0407094359398, 0.05973732844, -0.0413105003536, 0.00633720122278, -0.00989257916808, 0.0286937877536, -0.0413887277246, 0.0442180261016, -0.0368232950568, 0.034224640578, -0.0242670625448, 0.015064525418], [-0.00354087213054, 0.0344669260085, -0.0413105003536, 0.0562719814479, -0.0300536081195, 0.0287073552608, -0.0371790342033, 0.0411479100585, -0.0399142876267, 0.0326359048486, -0.0400879830122, 0.0324555933475, -0.0161485187709], [0.00340525689535, -0.00913274288177, 0.00633720122278, -0.0300536081195, 0.0493037514389, -0.0410088896751, 0.0310229808092, -0.0209403987974, 0.00764505611733, -0.00324108218774, 0.00995123013854, -0.0139631694183, 0.00815303530544], [-0.00286773289554, 0.00715407449752, -0.00989257916808, 0.0287073552608, -0.0410088896751, 0.0714800432324, -0.0510924421251, 0.0248501654714, -0.00514639168978, -0.00667830742896, -0.00246620411053, 0.00616230722517, -0.00458823610097], [0.00658019632101, -0.0255174804479, 0.0286937877536, -0.0371790342033, 0.0310229808092, -0.0510924421251, 0.0785434618592, -0.0554266870022, 0.0285490714014, -0.00312096625566, 0.00829408317804, -0.0143154030666, 0.0104730762541], [-0.00730564305559, 0.0325490571558, -0.0413887277246, 0.0411479100585, -0.0209403987974, 0.0248501654714, -0.0554266870022, 0.0879915803671, -0.0680313408375, 0.0236235707998, -0.0209977980703, 0.0158929899335, -0.00295552774332], [0.00692311581224, -0.0363924875855, 0.0442180261016, -0.0399142876267, 0.00764505611733, -0.00514639168978, 0.0285490714014, -0.0680313408375, 0.0989803448319, -0.0578515678644, 0.037939529866, -0.0198705308139, -0.000651176902466], [-0.00585872074589, 0.0270083751529, -0.0368232950568, 0.0326359048486, -0.00324108218774, -0.00667830742896, -0.00312096625566, 0.0236235707998, -0.0578515678644, 0.0804371461272, -0.0599941723049, 0.0264325141907, -0.00627230806276], [0.00616861088201, -0.0292599983513, 0.034224640578, -0.0400879830122, 0.00995123013854, -0.00246620411053, 0.00829408317804, -0.0209977980703, 0.037939529866, -0.0599941723049, 0.0948405489326, -0.0625267773867, 0.0265605151653], [-0.00389950838871, 0.0259363632649, -0.0242670625448, 0.0324555933475, -0.0139631694183, 0.00616230722517, -0.0143154030666, 0.0158929899335, -0.0198705308139, 0.0264325141907, -0.0625267773867, 0.0931730866432, -0.0464136786759], [0.00127775187138, -0.0176284946501, 0.015064525418, -0.0161485187709, 0.00815303530544, -0.00458823610097, 0.0104730762541, -0.00295552774332, -0.000651176902466, -0.00627230806276, 0.0265605151653, -0.0464136786759, 0.0519851483405]]
    },
    "melbands": {
        "dmean": [0.000463262229459, 0.000650422298349, 0.000562775298022, 0.000689797045197, 0.000262691290118, 3.53857394657e-05, 1.16901410365e-05, 1.63943186635e-05, 1.43805164043e-05, 2.07517005038e-05, 2.89421532216e-05, 4.0113387513e-05, 3.89059350709e-05, 4.21424701926e-05, 1.70200710272e-05, 2.12568011193e-05, 5.10397076141e-05, 7.58011301514e-05, 5.66200760659e-05, 7.76731394581e-05, 7.70751721575e-05, 6.81846431689e-05, 3.87774452975e-05, 2.30743280554e-05, 4.14545393141e-05, 1.89795118786e-05, 1.68135702552e-05, 8.77723323356e-06, 2.63048445959e-06, 4.63375954496e-06, 1.77221340891e-06, 6.38808387521e-07, 2.07619549997e-07, 2.28820038473e-08, 1.18996128506e-08, 1.98061869128e-08, 2.01868939342e-08, 9.88511583699e-09, 4.90121054852e-09, 2.45793208009e-09],
        "dmean2": [0.000783156603575, 0.0011094060028, 0.000934856536333, 0.00118431635201, 0.000450832361821, 5.95867895754e-05, 1.97063782252e-05, 2.72961333394e-05, 2.40350327658e-05, 3.44322179444e-05, 4.8100384447e-05, 6.72295427648e-05, 6.52049129712e-05, 7.05160346115e-05, 2.94621604553e-05, 3.5478038626e-05, 8.69816649356e-05, 0.000123831006931, 9.66162697296e-05, 0.000126506987726, 0.000131092892843, 0.000115834787721, 6.4823361754e-05, 3.71413552784e-05, 7.01235185261e-05, 3.15856777888e-05, 2.87371567538e-05, 1.50217874761e-05, 4.42245436716e-06, 7.83254836279e-06, 3.02747525893e-06, 1.07666937765e-06, 3.50882203293e-07, 3.8147810244e-08, 1.99468317419e-08, 3.38006707068e-08, 3.46373418836e-08, 1.65958802256e-08, 8.13236766817e-09, 4.23676116412e-09],
        "dvar": [3.92421071638e-07, 5.71865655274e-07, 3.50816549144e-07, 3.55346060132e-07, 6.12416997114e-08, 2.6873629988e-09, 2.06541436731e-10, 5.05462505185e-10, 3.74613812193e-10, 5.47685508057e-10, 1.0242597881e-09, 2.80519141249e-09, 3.84482623517e-09, 2.50375076227e-09, 6.70209332476e-10, 5.31259924941e-10, 3.64363295091e-09, 6.42747277624e-09, 3.50909723501e-09, 9.38435196218e-09, 5.89458615252e-09, 6.62361365755e-09, 1.69830904895e-09, 5.27403509754e-10, 1.87238291538e-09, 4.88558582479e-10, 2.64828686758e-10, 8.47078657218e-11, 5.33219128573e-12, 1.43062792515e-11, 2.56597282484e-12, 2.98665551925e-13, 3.33215476966e-14, 4.44025973547e-16, 1.05458169502e-16, 3.04766530768e-16, 2.84092521168e-16, 1.0862719769e-16, 2.65118830949e-17, 9.30429462048e-18],
        "dvar2": [1.08963786261e-06, 1.58998682309e-06, 8.70525070695e-07, 9.75120315161e-07, 1.68894999319e-07, 6.18756379467e-09, 5.06222619379e-10, 1.24281629432e-09, 8.30048363376e-10, 1.27807897599e-09, 2.60884358561e-09, 7.61599228127e-09, 1.06221502705e-08, 6.35822416939e-09, 1.6012999815e-09, 1.35213640284e-09, 9.16638587256e-09, 1.67538569684e-08, 9.11026987183e-09, 2.4674028154e-08, 1.51547006055e-08, 1.66165552429e-08, 4.48302328593e-09, 1.38603450939e-09, 4.6697614664e-09, 1.47450107679e-09, 7.12565728644e-10, 2.29706989541e-10, 1.32927063454e-11, 4.01162991714e-11, 7.53818275162e-12, 7.1396100837e-13, 8.44640045297e-14, 1.25784360904e-15, 3.19463293557e-16, 9.25849151238e-16, 8.06172395516e-16, 3.17558369398e-16, 7.86810757589e-17, 2.71824850349e-17],
        "max": [0.00481728930026, 0.00719831045717, 0.0057329214178, 0.00385305518284, 0.00215209857561, 0.000686959421728, 0.000139481300721, 0.00022590131266, 0.000222633781959, 0.000259510794422, 0.000291708216537, 0.000573750294279, 0.000636556826066, 0.000509038160089, 0.000502879673149, 0.000235376312048, 0.000714617432095, 0.000713472079951, 0.000471495528473, 0.00109630869702, 0.000671912333928, 0.000795156694949, 0.00039079398266, 0.000318074395182, 0.00066146964673, 0.00037361937575, 0.000163654491189, 0.0001096291453, 2.28057797358e-05, 3.51329035766e-05, 1.37579427246e-05, 7.32271382731e-06, 2.40310805566e-06, 2.10198507489e-07, 9.19274967259e-08, 1.73038301909e-07, 1.70110041608e-07, 1.05362524039e-07, 6.77408493743e-08, 4.05575306672e-08],
        "mean": [0.000571776821744, 0.000909981899895, 0.000850297161378, 0.00110053387471, 0.000366022373782, 5.0566981372e-05, 1.75299737748e-05, 2.14675910684e-05, 2.10157249967e-05, 3.43058309227e-05, 4.71463790745e-05, 5.73504039494e-05, 5.38652057003e-05, 6.67742569931e-05, 2.96289563266e-05, 3.76374628104e-05, 8.91239542398e-05, 0.000136570000905, 0.000111230765469, 0.000147285390995, 0.000155667061335, 0.000131118315039, 8.01242058515e-05, 5.45877410332e-05, 9.46162908804e-05, 4.71692801511e-05, 4.03154444939e-05, 2.26702832151e-05, 7.70153201302e-06, 1.18619973364e-05, 4.50363313576e-06, 1.87975274457e-06, 5.94231835294e-07, 5.87663642193e-08, 3.27575193637e-08, 5.88164787985e-08, 6.23446538839e-08, 2.98311526592e-08, 1.42429623651e-08, 6.84966883213e-09],
        "median": [0.000342537096003, 0.000582169508561, 0.000621434533969, 0.000954920891672, 0.00030661126948, 3.4513486753e-05, 1.21674620459e-05, 1.34993078973e-05, 1.30869084387e-05, 2.43492213485e-05, 3.31561823259e-05, 3.83508304367e-05, 3.53176546923e-05, 4.53256434412e-05, 2.06064942176e-05, 2.82837281702e-05, 6.90585220582e-05, 0.000116057308333, 8.7939282821e-05, 0.000110299493826, 0.000120730510389, 0.000103801452497, 6.71054658596e-05, 4.50877378171e-05, 6.90955785103e-05, 4.10434586229e-05, 3.58572578989e-05, 1.98473280761e-05, 7.12689870852e-06, 1.08550921141e-05, 4.01122088078e-06, 1.71003819105e-06, 5.4243747627e-07, 5.35013313652e-08, 3.06480245627e-08, 5.45777432137e-08, 5.86710591222e-08, 2.79388441271e-08, 1.35451054817e-08, 6.32383212462e-09],
        "min": [1.34266892928e-05, 4.02213772759e-05, 5.10727913934e-05, 2.8656269933e-05, 1.25796987049e-05, 1.19128173992e-06, 1.25155293063e-06, 1.15298360015e-06, 1.24433302062e-06, 1.71701378804e-06, 2.85753731077e-06, 1.12667316898e-06, 3.48468506672e-06, 2.88050046038e-06, 2.14063288695e-06, 6.72950454828e-06, 1.04629452835e-05, 1.08757376438e-05, 6.84321139488e-06, 1.78841382876e-05, 9.1441324912e-06, 1.68307487911e-05, 8.23595200927e-06, 7.25660129319e-06, 1.2451206203e-05, 6.33995796306e-06, 5.40670907867e-06, 3.44410523212e-06, 1.70495275142e-06, 2.04314710572e-06, 7.64663525388e-07, 2.871628908e-07, 7.25221980247e-08, 1.20566374662e-08, 7.70493358004e-09, 1.32143247455e-08, 1.71361360657e-08, 8.76174244269e-09, 2.98584401648e-09, 1.89056503785e-09],
        "var": [4.87052602693e-07, 8.98844007224e-07, 5.22341849774e-07, 5.92320645865e-07, 8.00746704499e-08, 3.53531981467e-09, 2.98536195764e-10, 6.83236245358e-10, 6.56365961582e-10, 1.0874663392e-09, 2.03322492176e-09, 3.35964189802e-09, 3.9611096625e-09, 4.4183132708e-09, 1.4939701698e-09, 1.05838005027e-09, 5.2143622753e-09, 9.90150450519e-09, 6.58811449838e-09, 1.59821631485e-08, 1.09539950444e-08, 1.24847243654e-08, 2.95332136524e-09, 1.48173784353e-09, 6.33076169265e-09, 9.76961622712e-10, 5.48695422431e-10, 1.69758360147e-10, 1.25660792535e-11, 3.16938697509e-11, 4.70516811277e-12, 8.56179602042e-13, 8.05126839222e-14, 8.03384704208e-16, 2.10516407104e-16, 6.61445063896e-16, 5.8870970944e-16, 1.42260480511e-16, 3.43514112497e-17, 9.76243522019e-18]
    },
    "mfcc": {
        "mean": [-625.886169434, 130.484481812, -76.7214050293, 71.7312698364, 13.7663602829, 16.8877983093, 12.1629638672, -0.237175405025, 7.64920568466, -5.29888248444, -14.5257930756, -8.65457344055, -16.5507793427],
        "cov": [[213.783126831, 13.9492692947, -40.0541610718, -64.6066131592, -44.6155929565, -25.1921100616, -26.8120326996, -16.3889293671, 1.57632124424, -13.8135032654, -22.1380195618, -7.31623649597, 1.64087855816], [13.9492692947, 148.003204346, 38.4500465393, -53.1898994446, -7.30786371231, -1.33919239044, 2.21743416786, 3.05284547806, 31.8153419495, 14.7101039886, 3.12093639374, 1.37671673298, 21.1093578339], [-40.0541610718, 38.4500465393, 59.9714927673, 30.010225296, 13.8191242218, 4.87088775635, 8.76934719086, 2.94228696823, 6.46298694611, 16.6951217651, 13.7240867615, 0.717898130417, 2.48724293709], [-64.6066131592, -53.1898994446, 30.010225296, 105.797935486, 45.4907264709, 12.2110080719, 9.61460971832, 7.4204416275, -10.4731140137, 10.6018610001, 13.6689786911, -1.14585137367, -5.69772195816], [-44.6155929565, -7.30786371231, 13.8191242218, 45.4907264709, 69.1702423096, 22.4295597076, 6.62172317505, 2.53085780144, 2.29585027695, 9.64878940582, 15.0466413498, 0.956556677818, 1.8737565279], [-25.1921100616, -1.33919239044, 4.87088775635, 12.2110080719, 22.4295597076, 43.7221679688, 23.8445720673, 4.90017127991, -3.76960349083, -2.84470462799, 2.78488779068, 4.40648412704, 3.49470639229], [-26.8120326996, 2.21743416786, 8.76934719086, 9.61460971832, 6.62172317505, 23.8445720673, 47.8748817444, 22.300157547, -1.57061505318, 2.63929271698, 10.7012720108, 7.47675323486, -0.974422872066], [-16.3889293671, 3.05284547806, 2.94228696823, 7.4204416275, 2.53085780144, 4.90017127991, 22.300157547, 45.2639694214, 18.7984714508, 6.59035921097, 5.97480297089, 6.3299870491, 0.0822904706001], [1.57632124424, 31.8153419495, 6.46298694611, -10.4731140137, 2.29585027695, -3.76960349083, -1.57061505318, 18.7984714508, 47.4119224548, 22.3915042877, 4.19884729385, 2.86936831474, 9.73797702789], [-13.8135032654, 14.7101039886, 16.6951217651, 10.6018610001, 9.64878940582, -2.84470462799, 2.63929271698, 6.59035921097, 22.3915042877, 47.559879303, 30.1277351379, 5.78312921524, 5.78307580948], [-22.1380195618, 3.12093639374, 13.7240867615, 13.6689786911, 15.0466413498, 2.78488779068, 10.7012720108, 5.97480297089, 4.19884729385, 30.1277351379, 55.4358711243, 19.1748466492, -0.905355095863], [-7.31623649597, 1.37671673298, 0.717898130417, -1.14585137367, 0.956556677818, 4.40648412704, 7.47675323486, 6.3299870491, 2.86936831474, 5.78312921524, 19.1748466492, 36.6139030457, 18.5443496704], [1.64087855816, 21.1093578339, 2.48724293709, -5.69772195816, 1.8737565279, 3.49470639229, -0.974422872066, 0.0822904706001, 9.73797702789, 5.78307580948, -0.905355095863, 18.5443496704, 49.2543067932]],
