{
"lowlevel": {
    "average_loudness": 0.984660983086,
    "barkbands_crest": {
        "dmean": 2.14824533463,
        "dmean2": 3.41741847992,
        "dvar": 3.88565468788,
        "dvar2": 10.4538383484,
        "max": 15.7473583221,
        "mean": 7.17176389694,
        "median": 6.19967556,
        "min": 3.35867571831,
        "var": 8.04800510406
    },
    "barkbands_flatness_db": {
        "dmean": 0.011915278621,
        "dmean2": 0.0191698465496,
        "dvar": 0.000118725532957,
        "dvar2": 0.000264162605163,
        "max": 0.192764565349,
        "mean": 0.130645528436,
        "median": 0.127163603902,
        "min": 0.0943255499005,
        "var": 0.000222060785745
    },
    "barkbands_kurtosis": {
        "dmean": 0.741644382477,
        "dmean2": 1.28577899933,
        "dvar": 0.609586179256,
        "dvar2": 1.54210007191,
        "max": 2.92712068558,
        "mean": -0.796269178391,
        "median": -1.24133896828,
        "min": -1.83300852776,
        "var": 1.12646496296
    },
    "barkbands_skewness": {
        "dmean": 0.466412812471,
        "dmean2": 0.753757953644,
        "dvar": 0.174138620496,
        "dvar2": 0.383567005396,
        "max": 1.59346616268,
        "mean": -0.442283123732,
        "median": -0.459157854319,
        "min": -1.87924194336,
        "var": 0.491674691439
    },
    "barkbands_spread": {
        "dmean": 7.05698108673,
        "dmean2": 11.8780288696,
        "dvar": 37.3470878601,
        "dvar2": 98.142829895,
        "max": 55.1014022827,
        "mean": 38.8006057739,
        "median": 40.6395988464,
        "min": 16.2226047516,
        "var": 86.0411071777
    },
    "dissonance": {
        "dmean": 0.00420758873224,
        "dmean2": 0.00688990391791,
        "dvar": 1.85179123946e-05,
        "dvar2": 4.06468934671e-05,
        "max": 0.499769747257,
        "mean": 0.493207931519,
        "median": 0.494061768055,
        "min": 0.456489622593,
        "var": 2.42053283728e-05
    },
    "dynamic_complexity": 0.774109482765,
    "erbbands_crest": {
        "dmean": 1.95655572414,
        "dmean2": 3.27073192596,
        "dvar": 2.87672758102,
        "dvar2": 8.12298679352,
        "max": 18.6992454529,
        "mean": 8.45492458344,
        "median": 8.06406974792,
        "min": 4.82597446442,
        "var": 4.4491353035
    },
    "erbbands_flatness_db": {
        "dmean": 0.0110174929723,
        "dmean2": 0.0177691094577,
        "dvar": 7.10667882231e-05,
        "dvar2": 0.00018803079729,
        "max": 0.254008114338,
        "mean": 0.223399147391,
        "median": 0.225378513336,
        "min": 0.175692111254,
        "var": 0.000203742936719
    },
    "erbbands_kurtosis": {
        "dmean": 1.50644671917,
        "dmean2": 2.49699068069,
        "dvar": 1.70114779472,
        "dvar2": 4.22743272781,
        "max": 11.4739341736,
        "mean": 4.53614902496,
        "median": 4.44696044922,
        "min": 0.629690408707,
        "var": 3.38117337227
    },
    "erbbands_skewness": {
        "dmean": 0.298390090466,
        "dmean2": 0.459701567888,
        "dvar": 0.0555119365454,
        "dvar2": 0.123247243464,
        "max": -0.281244754791,
        "mean": -1.51200973988,
        "median": -1.54423499107,
        "min": -2.56193161011,
        "var": 0.144309401512
    },
    "erbbands_spread": {
        "dmean": 3.0980451107,
        "dmean2": 4.87438631058,
        "dvar": 9.29375839233,
        "dvar2": 20.4685974121,
        "max": 32.6156387329,
        "mean": 14.306350708,
        "median": 13.3640460968,
        "min": 7.43256378174,
        "var": 20.2087001801
    },
    "hfc": {
        "dmean": 6.36745071411,
        "dmean2": 9.6614408493,
        "dvar": 28.6039791107,
        "dvar2": 48.1351089478,
        "max": 57.8945083618,
        "mean": 34.8613052368,
        "median": 34.6415176392,
        "min": 0.607727766037,
        "var": 124.221794128
    },
    "melbands_crest": {
        "dmean": 4.0353808403,
        "dmean2": 6.50059318542,
        "dvar": 10.6085386276,
        "dvar2": 24.8520622253,
        "max": 26.7080955505,
        "mean": 11.8743333817,
        "median": 11.087223053,
        "min": 4.1001663208,
        "var": 28.608045578
    },
    "melbands_flatness_db": {
        "dmean": 0.0223029535264,
        "dmean2": 0.0351335480809,
        "dvar": 0.000386558589526,
        "dvar2": 0.000891195144504,
        "max": 0.265994668007,
        "mean": 0.152946412563,
        "median": 0.146448612213,
        "min": 0.106240361929,
        "var": 0.00104607420508
    },
    "melbands_kurtosis": {
        "dmean": 1.29231762886,
        "dmean2": 2.05846619606,
        "dvar": 3.88776779175,
        "dvar2": 9.13492393494,
        "max": 13.6727409363,
        "mean": -0.0640944838524,
        "median": -0.925591945648,
        "min": -1.70889854431,
        "var": 5.40377569199
    },
    "melbands_skewness": {
        "dmean": 0.583042502403,
        "dmean2": 0.929189443588,
        "dvar": 0.294555485249,
        "dvar2": 0.652136027813,
        "max": 3.82411909103,
        "mean": 0.838748157024,
        "median": 0.747969448566,
        "min": -0.617280721664,
        "var": 0.77871209383
    },
    "melbands_spread": {
        "dmean": 12.6410589218,
        "dmean2": 20.3612194061,
        "dvar": 120.144226074,
        "dvar2": 248.912750244,
        "max": 105.744163513,
        "mean": 70.4617004395,
        "median": 73.6133728027,
        "min": 20.6252174377,
        "var": 285.257446289
    },
    "pitch_salience": {
        "dmean": 0.0775679200888,
        "dmean2": 0.126923516393,
        "dvar": 0.00394978793338,
        "dvar2": 0.00921092741191,
        "max": 0.873944282532,
        "mean": 0.612745583057,
        "median": 0.625801026821,
        "min": 0.267470061779,
        "var": 0.00929608475417
    },
    "silence_rate_20dB": {
        "dmean": 0,
        "dmean2": 0,
        "dvar": 0,
        "dvar2": 0,
        "max": 1,
        "mean": 1,
        "median": 1,
        "min": 1,
        "var": 0
    },
    "silence_rate_30dB": {
        "dmean": 0,
        "dmean2": 0,
        "dvar": 0,
        "dvar2": 0,
        "max": 1,
        "mean": 1,
        "median": 1,
        "min": 1,
        "var": 0
    },
    "silence_rate_60dB": {
        "dmean": 0,
        "dmean2": 0,
        "dvar": 0,
        "dvar2": 0,
        "max": 0,
        "mean": 0,
        "median": 0,
        "min": 0,
        "var": 0
    },
    "spectral_centroid": {
        "dmean": 126.736045837,
        "dmean2": 205.453338623,
        "dvar": 11773.8515625,
        "dvar2": 28680.5703125,
        "max": 2931.69311523,
        "mean": 2610.38818359,
        "median": 2632.03808594,
        "min": 1909.7791748,
        "var": 26825.515625
    },
    "spectral_complexity": {
        "dmean": 3.78888893127,
        "dmean2": 5.97765350342,
        "dvar": 15.9221000671,
        "dvar2": 29.1280040741,
        "max": 50,
        "mean": 38.4364624023,
        "median": 39,
        "min": 0,
        "var": 30.3343677521
    },
    "spectral_decrease": {
        "dmean": 9.9629393624e-10,
        "dmean2": 1.53649304391e-09,
        "dvar": 6.71828080203e-19,
        "dvar2": 1.55845190783e-18,
        "max": -6.54765894281e-11,
        "mean": -4.96624741331e-09,
        "median": -5.04545738522e-09,
        "min": -8.04995980985e-09,
        "var": 1.33470379143e-18
    },
    "spectral_energy": {
        "dmean": 0.00399286765605,
        "dmean2": 0.00605330057442,
        "dvar": 1.04622213257e-05,
        "dvar2": 2.32328038692e-05,
        "max": 0.0319824442267,
        "mean": 0.0219057891518,
        "median": 0.0227035060525,
        "min": 0.00030224697548,
        "var": 2.31922003877e-05
    },
    "spectral_energyband_high": {
        "dmean": 0.00013235854567,
        "dmean2": 0.00020454141486,
        "dvar": 1.43978837741e-08,
        "dvar2": 3.0825866304e-08,
        "max": 0.00124277558643,
        "mean": 0.000548941665329,
        "median": 0.000544404843822,
        "min": 9.30677106226e-06,
        "var": 4.24548325384e-08
    },
    "spectral_energyband_low": {
        "dmean": 0.00349493697286,
        "dmean2": 0.00566650973633,
        "dvar": 1.22931232909e-05,
        "dvar2": 3.15179349855e-05,
        "max": 0.0249368734658,
        "mean": 0.00598723720759,
        "median": 0.00441625481471,
        "min": 1.17989293358e-05,
        "var": 2.07852790481e-05
    },
    "spectral_energyband_middle_high": {
        "dmean": 0.00255582085811,
        "dmean2": 0.003760951804,
        "dvar": 4.28420389653e-06,
        "dvar2": 7.68615518609e-06,
        "max": 0.023547636345,
        "mean": 0.0132328607142,
        "median": 0.0132332891226,
        "min": 0.000270667602308,
        "var": 1.9517241526e-05
    },
    "spectral_energyband_middle_low": {
        "dmean": 0.00112803757656,
        "dmean2": 0.00193674024194,
        "dvar": 1.96680412046e-06,
        "dvar2": 4.8052488637e-06,
        "max": 0.00925662275404,
        "mean": 0.00238043884747,
        "median": 0.00188520632219,
        "min": 1.27198209157e-05,
        "var": 2.77357435152e-06
    },
    "spectral_entropy": {
        "dmean": 0.0513349212706,
        "dmean2": 0.0858887434006,
        "dvar": 0.00190109654795,
        "dvar2": 0.00453686295077,
        "max": 7.89863538742,
        "mean": 7.62593078613,
        "median": 7.62435674667,
        "min": 7.51978635788,
        "var": 0.00306837307289
    },
    "spectral_flux": {
        "dmean": 0.0127159301192,
        "dmean2": 0.0209430865943,
        "dvar": 0.000116503804747,
        "dvar2": 0.000266594084678,
        "max": 0.149721339345,
        "mean": 0.0860792472959,
        "median": 0.083887398243,
        "min": 0.0577001497149,
        "var": 0.00024743375252
    },
    "spectral_kurtosis": {
        "dmean": 3.19648575783,
        "dmean2": 5.4991645813,
        "dvar": 6.7197971344,
        "dvar2": 18.127117157,
        "max": 27.8173789978,
        "mean": 7.32581996918,
        "median": 6.73745918274,
        "min": 1.79011058807,
        "var": 11.4911870956
    },
    "spectral_rms": {
        "dmean": 0.000434561312431,
        "dmean2": 0.000647020584438,
        "dvar": 1.79646519882e-07,
        "dvar2": 3.09904379492e-07,
        "max": 0.00558590935543,
        "mean": 0.00458583422005,
        "median": 0.0047063534148,
        "min": 0.00054302404169,
        "var": 3.41626218869e-07
    },
    "spectral_rolloff": {
        "dmean": 223.107894897,
        "dmean2": 371.718475342,
        "dvar": 36474.8632812,
        "dvar2": 86935.0078125,
        "max": 3402.24609375,
        "mean": 2911.85986328,
        "median": 3036.18164062,
        "min": 2002.58789062,
        "var": 95911.625
    },
    "spectral_skewness": {
        "dmean": 0.300507366657,
        "dmean2": 0.505275011063,
        "dvar": 0.0659111216664,
        "dvar2": 0.15437528491,
        "max": 3.64089822769,
        "mean": 1.07668626308,
        "median": 1.01634836197,
        "min": 0.407472848892,
        "var": 0.119475066662
    },
    "spectral_spread": {
        "dmean": 154343.171875,
        "dmean2": 256017.65625,
        "dvar": 19622330368,
        "dvar2": 39975587840,
        "max": 3357401.75,
        "mean": 2037078.125,
        "median": 2025716.125,
        "min": 1666585.75,
        "var": 41949278208
    },
    "spectral_strongpeak": {
        "dmean": 0.735277891159,
        "dmean2": 1.34148073196,
        "dvar": 1.22982275486,
        "dvar2": 3.30395030975,
        "max": 5.67174768448,
        "mean": 0.74285954237,
        "median": 0.254203468561,
        "min": 0.0282522868365,
        "var": 1.27784454823
    },
    "zerocrossingrate": {
        "dmean": 0.00732421875,
        "dmean2": 0.0100084021688,
        "dvar": 6.45028194413e-05,
        "dvar2": 7.19634481356e-05,
        "max": 0.1142578125,
        "mean": 0.0865228995681,
        "median": 0.09033203125,
        "min": 0.0244140625,
        "var": 0.000249342207098
    },
    "barkbands": {
        "dmean": [1.88518297364e-05, 0.00270976964384, 0.00129081041086, 0.00037895643618, 0.00068755511893, 0.000125110396766, 0.000258151965681, 0.000105499282654, 0.000147463550093, 0.000193712490727, 0.000196481356397, 0.00025815423578, 0.000163482240168, 0.000689155422151, 0.00059009459801, 0.00108047516551, 0.000998670700938, 0.000591936870478, 0.000638150202576, 0.000215523148654, 9.1736408649e-05, 1.94056028704e-05, 1.25142730667e-06, 3.53687073584e-06, 6.68548921112e-07, 4.61958563847e-07, 2.52306104898e-08],
        "dmean2": [2.84232992271e-05, 0.00451424112543, 0.00210841139778, 0.000639534031507, 0.00113458721898, 0.000196669265279, 0.000462552445242, 0.000167202349985, 0.0002417882788, 0.000320089922752, 0.000326437642798, 0.000449640414445, 0.000261062697973, 0.00111955520697, 0.000953211274464, 0.00173084030394, 0.00162964477204, 0.0010001284536, 0.00110203411896, 0.000339413440088, 0.000139188108733, 3.00713909382e-05, 2.15987188312e-06, 5.71107693759e-06, 1.09244274427e-06, 7.15643295734e-07, 3.96734023411e-08],
        "dvar": [5.4734089483e-10, 8.13756560092e-06, 3.41842542184e-06, 1.86662930446e-07, 1.11172539619e-06, 1.62447459928e-08, 3.24145418062e-07, 2.12796766874e-08, 3.70280055506e-08, 2.89802652986e-08, 3.83215628119e-08, 5.87240656102e-08, 2.93411659413e-08, 7.6010576322e-07, 2.44987631959e-07, 9.81386051535e-07, 7.52462142373e-07, 3.22150896181e-07, 3.34674325586e-07, 2.44303510755e-08, 6.28186214158e-09, 2.74643363607e-10, 1.53019383189e-12, 1.1382868606e-11, 7.39920874137e-13, 1.8897572038e-13, 2.79689220392e-15],
        "dvar2": [1.24700672011e-09, 2.15625350393e-05, 7.50413164496e-06, 5.16587931543e-07, 2.744203357e-06, 3.56609817231e-08, 8.86187081051e-07, 5.01025247956e-08, 9.46918845557e-08, 7.72173507357e-08, 1.06644321818e-07, 1.63422456012e-07, 7.16693620006e-08, 1.99307123694e-06, 6.76943784583e-07, 2.55636359725e-06, 1.69318082044e-06, 9.13824408144e-07, 8.1542469843e-07, 7.98137023139e-08, 1.42637492928e-08, 7.04931613082e-10, 3.8514434697e-12, 2.77024462397e-11, 2.12682605902e-12, 5.11878462794e-13, 3.51780003951e-15],
        "max": [0.000203241084819, 0.0176282059401, 0.015247495845, 0.00287876580842, 0.00611661141738, 0.000930948241148, 0.00493347737938, 0.00153230503201, 0.00227465061471, 0.00184984900989, 0.00194736022968, 0.00172493164428, 0.00145355344284, 0.00957706198096, 0.00484138680622, 0.00748115126044, 0.00878481008112, 0.00460311025381, 0.00616757944226, 0.00151808990631, 0.00074455991853, 0.000148935738252, 1.14336353363e-05, 3.00973024423e-05, 9.8339487522e-06, 4.9523882808e-06, 7.05971388015e-07],
        "mean": [2.36997311731e-05, 0.00414957571775, 0.00162066763733, 0.000436189264292, 0.000907730602194, 0.000204698211746, 0.000346239015926, 0.000166980884387, 0.00024739021319, 0.000340812111972, 0.000310378090944, 0.000434306275565, 0.000241034780629, 0.00132505665533, 0.00129707006272, 0.00272573670372, 0.002898798557, 0.00149237317964, 0.00172588787973, 0.000642871309537, 0.000290026335279, 5.77257706027e-05, 4.02945261158e-06, 1.29153104353e-05, 2.08739561458e-06, 1.48808430822e-06, 3.34193686058e-08],
        "median": [1.19019568956e-05, 0.00312031852081, 0.000667434651405, 0.000225915340707, 0.000491183775011, 0.000145921003423, 0.000141735145007, 0.000124715064885, 0.000175192282768, 0.000292807002552, 0.000242756868829, 0.000341463746736, 0.000180149741936, 0.000930339447223, 0.00113120418973, 0.00244495272636, 0.00261385622434, 0.0013365750201, 0.00159213435836, 0.000601158710197, 0.000263894646196, 5.30666147824e-05, 3.64200332115e-06, 1.19329424706e-05, 1.87238765648e-06, 1.32380364448e-06, 2.30644676691e-08],
        "min": [2.73754039881e-07, 4.60171759187e-06, 4.54611745226e-06, 3.54647636414e-06, 4.7360526878e-06, 1.36238270443e-06, 1.07183450382e-06, 1.26163718051e-06, 3.60032970548e-07, 7.55973815103e-06, 1.219499336e-05, 2.62139619736e-05, 1.65976725839e-05, 4.86339813506e-05, 2.68685089395e-05, 4.00741046178e-05, 2.64599202637e-05, 3.30181719619e-05, 2.33322480199e-05, 1.25779324662e-05, 3.72514296032e-06, 1.86116039913e-06, 1.30277939547e-07, 3.24217779735e-07, 4.01009501161e-08, 2.96624573792e-08, 2.81851986195e-09],
        "var": [9.13871700536e-10, 1.34862002596e-05, 6.17264640823e-06, 2.31892201441e-07, 1.29704460505e-06, 3.41389316816e-08, 4.7209607601e-07, 3.46312241106e-08, 6.44023501195e-08, 6.48236806455e-08, 5.72110607777e-08, 8.17984968648e-08, 4.19906704963e-08, 1.46854097238e-06, 6.09275730312e-07, 1.66664403878e-06, 2.19216735786e-06, 6.25923803454e-07, 6.87395640853e-07, 6.90695216576e-08, 1.64996727392e-08, 6.46688758099e-10, 3.683627188e-12, 3.17799675464e-11, 1.23077318736e-12, 6.17608503402e-13, 3.12466049671e-15]
    },
    "erbbands": {
        "dmean": [0.0584543123841, 0.696178495884, 1.59511244297, 0.965207993984, 2.30680298805, 2.24845457077, 1.09329330921, 0.87326157093, 1.53904438019, 4.76522302628, 2.83232569695, 2.93178534508, 4.12293291092, 7.09827470779, 7.22685623169, 9.0640630722, 4.56355142593, 26.0651779175, 37.0772323608, 35.544418335, 62.9213104248, 56.7636375427, 24.9262905121, 43.1616516113, 18.625705719, 10.6043701172, 4.1045999527, 2.82399964333, 0.773132145405, 0.137815088034, 0.0397707186639, 0.0980844721198, 0.0407381094992, 0.013174940832, 0.00154879072215, 0.00238222209737, 0.000802630675025, 5.28048840351e-05, 3.71526334675e-06, 4.79453183289e-06],
        "dmean2": [0.0952539518476, 1.16669762135, 2.58544588089, 1.57564949989, 3.77636265755, 3.734998703, 1.73037087917, 1.45733678341, 2.65575170517, 8.77358436584, 4.65048456192, 4.83648347855, 6.85616588593, 11.6329545975, 12.3987169266, 15.7410392761, 7.21368217468, 41.9588394165, 60.6740837097, 56.3006629944, 103.756439209, 90.9068069458, 41.2229194641, 75.4050445557, 32.0781555176, 17.650062561, 6.24212217331, 4.55909538269, 1.19597113132, 0.212343007326, 0.0649999901652, 0.165074676275, 0.0657371506095, 0.0216422490776, 0.00253987009637, 0.00379026238807, 0.00123612571042, 8.33739322843e-05, 5.48483831153e-06, 7.18093679097e-06],
        "dvar": [0.00356053444557, 0.552130818367, 4.5025806427, 0.950352966785, 15.4782304764, 9.42864608765, 1.09843969345, 0.685447454453, 11.6078834534, 91.3170700073, 18.3238639832, 13.2544775009, 24.3628330231, 45.181476593, 59.3019866943, 69.6700973511, 27.8652591705, 1270.59020996, 1661.71704102, 1111.38452148, 3343.73266602, 2830.56225586, 492.525085449, 1440.1652832, 283.99911499, 69.8911437988, 13.5530872345, 5.41862010956, 0.479030400515, 0.0170122627169, 0.00179941405077, 0.00821666605771, 0.0013176954817, 0.000280686392216, 5.96892004978e-06, 5.0521061894e-06, 5.61989850212e-07, 2.44196751709e-09, 4.75221945129e-11, 1.41107759158e-11],
        "dvar2": [0.00788011588156, 1.46623694897, 10.17902565, 2.27980208397, 37.7655563354, 23.1632900238, 2.39489245415, 1.68570709229, 31.2360610962, 243.675918579, 54.1002311707, 32.1054458618, 64.590927124, 126.166946411, 155.162963867, 192.823196411, 64.920501709, 3430.10693359, 4448.46240234, 2905.76928711, 9156.91992188, 6496.44287109, 1322.72009277, 3450.04638672, 768.228271484, 200.456726074, 32.784198761, 12.2329893112, 1.13977921009, 0.0412048660219, 0.00454192934558, 0.0201212037355, 0.00316842249595, 0.000805089774076, 1.67991529452e-05, 1.2887302546e-05, 1.5320873672e-06, 5.55983659112e-09, 4.97261572197e-11, 2.84427377484e-11],
        "max": [0.474281400442, 4.94650888443, 16.2992725372, 7.37971830368, 29.0668010712, 19.2399463654, 10.6182537079, 6.72419404984, 31.4860725403, 76.7164077759, 42.490146637, 42.9761123657, 51.2087593079, 40.3335342407, 71.0867462158, 56.0269050598, 62.6566352844, 332.211791992, 523.908325195, 312.901153564, 469.546356201, 524.714477539, 209.798721313, 348.809173584, 141.693511963, 84.2663955688, 30.5264053345, 19.4096412659, 7.5068526268, 1.26164650917, 0.382741719484, 0.725937247276, 0.335523098707, 0.189304113388, 0.0288794729859, 0.027064576745, 0.00723013607785, 0.000528340635356, 0.000106724153738, 4.26176993642e-05],
        "mean": [0.0920258611441, 1.0357503891, 2.11132478714, 1.47010016441, 2.76092815399, 2.97230792046, 1.99042105675, 1.33276093006, 2.34764456749, 6.69770812988, 4.57920408249, 5.12864589691, 7.63062858582, 13.002161026, 14.5732545853, 15.9428577423, 10.581325531, 52.5656929016, 80.760383606, 89.4380111694, 157.182983398, 164.072372437, 87.3685150146, 109.824653625, 58.8917922974, 32.1874732971, 13.3195810318, 8.60825920105, 2.60747647285, 0.425887972116, 0.149567365646, 0.315527975559, 0.150803565979, 0.0435084588826, 0.00562206888571, 0.00734003074467, 0.00260829390027, 0.000129946434754, 2.03133477044e-05, 2.95733862004e-05],
        "median": [0.0599882602692, 0.7848097682, 1.18855202198, 1.034085989, 1.36169302464, 1.59305810928, 1.53296029568, 1.09071612358, 1.02689325809, 2.82679843903, 3.55838823318, 3.7156829834, 5.74453496933, 10.6190185547, 12.0179567337, 13.3668441772, 9.12016201019, 37.4874458313, 70.3517990112, 78.9440841675, 142.205078125, 150.468704224, 78.5194320679, 103.622123718, 57.9505729675, 30.4630775452, 12.2208805084, 8.13397026062, 2.47016644478, 0.401506155729, 0.136492073536, 0.28794619441, 0.13835182786, 0.0380557365716, 0.00499666202813, 0.0064724450931, 0.00235022441484, 0.000114713817311, 1.97082899831e-05, 3.07706577587e-05],
        "min": [0.000126732236822, 0.0010865238728, 0.00454431446269, 0.00979087688029, 0.0120645398274, 0.0164355039597, 0.0202401466668, 0.00723147997633, 0.00994212087244, 0.0248783286661, 0.0242174640298, 0.009541884996, 0.0757880881429, 0.503922462463, 0.532907903194, 1.07974040508, 0.860338330269, 2.31781697273, 2.09201717377, 0.887023627758, 2.60507917404, 1.69481921196, 2.001922369, 1.0642272234, 0.911567926407, 0.594041228294, 0.234899401665, 0.107417464256, 0.0767572671175, 0.00699277548119, 0.00431135157123, 0.00788226723671, 0.00398975936696, 0.000908116693608, 0.000126354687382, 0.000139676747494, 5.62889727007e-05, 6.68030543238e-06, 9.79330025075e-07, 4.88695206968e-07],
        "var": [0.00822626333684, 0.824249446392, 7.41526031494, 1.88761675358, 17.3428936005, 12.3829498291, 2.88424491882, 1.09865164757, 21.6600914001, 127.648124695, 18.9883956909, 26.8042755127, 48.29895401, 63.0043983459, 94.2020339966, 92.7916641235, 51.2373580933, 2352.66308594, 3505.91845703, 2151.68359375, 5689.54833984, 7194.27001953, 1544.80163574, 3137.53515625, 582.250061035, 172.365921021, 33.810836792, 13.4237279892, 1.25855696201, 0.0400679707527, 0.00456989509985, 0.0214022453874, 0.00404873955995, 0.000466388795758, 9.10489598027e-06, 1.6702198991e-05, 1.72281090727e-06, 5.85087489569e-09, 6.61232110732e-11, 3.92622497014e-11]
    },
    "gfcc": {
        "mean": [0.646574139595, 99.5608139038, -178.208267212, 64.9091949463, -16.647644043, 4.59208059311, -24.2957611084, 15.3311157227, -18.0615768433, -0.493195414543, -14.6982450485, -6.31621694565, -1.11848962307],
        "cov": [[484.549224854, -5.6317896843, -13.360742569, -17.9505691528, -51.8377494812, -42.9356155396, -38.9213027954, 15.3820390701, 12.190369606, 24.8796443939, -0.56145966053, 7.4026517868, -2.16083240509], [-5.6317896843, 129.445220947, 81.7870101929, 34.6404342651, 24.7602291107, 3.78575158119, 7.69519996643, -15.9258832932, -5.91850328445, -21.5063743591, -12.6024045944, -23.1549396515, 1.54314231873], [-13.360742569, 81.7870101929, 111.918258667, 54.9990921021, 39.1762542725, 9.19470310211, 4.68886899948, -8.84299373627, -9.05707073212, -10.3400793076, -13.2784547806, -8.6336774826, 6.11983299255], [-17.9505691528, 34.6404342651, 54.9990921021, 61.6858825684, 42.0870513916, 21.1465053558, 16.1529979706, -3.09772276878, -1.00332391262, -11.3847055435, -8.67232227325, -5.7772603035, 8.37288570404], [-51.8377494812, 24.7602291107, 39.1762542725, 42.0870513916, 67.109954834, 47.6565170288, 33.6430435181, 2.2042632103, 3.17031240463, -9.54943752289, -4.11756420135, -1.98768699169, 4.20719385147], [-42.9356155396, 3.78575158119, 9.19470310211, 21.1465053558, 47.6565170288, 63.7583770752, 45.8880691528, 9.8716211319, 5.79909324646, -3.86410665512, -6.62070798874, 0.0919390544295, 3.27238845825], [-38.9213027954, 7.69519996643, 4.68886899948, 16.1529979706, 33.6430435181, 45.8880691528, 53.7169723511, 26.7276439667, 18.6721115112, 2.10194134712, -1.81679725647, 2.58034849167, 5.2347445488], [15.3820390701, -15.9258832932, -8.84299373627, -3.09772276878, 2.2042632103, 9.8716211319, 26.7276439667, 50.4838218689, 37.2775001526, 19.4788150787, 10.2565393448, 5.83850574493, 0.878728210926], [12.190369606, -5.91850328445, -9.05707073212, -1.00332391262, 3.17031240463, 5.79909324646, 18.6721115112, 37.2775001526, 47.0547904968, 28.1562633514, 11.9541893005, 2.60076928139, -1.96659338474], [24.8796443939, -21.5063743591, -10.3400793076, -11.3847055435, -9.54943752289, -3.86410665512, 2.10194134712, 19.4788150787, 28.1562633514, 51.596786499, 27.6856555939, 12.8068685532, -2.67998600006], [-0.56145966053, -12.6024045944, -13.2784547806, -8.67232227325, -4.11756420135, -6.62070798874, -1.81679725647, 10.2565393448, 11.9541893005, 27.6856555939, 37.9348297119, 17.6015930176, -0.86460852623], [7.4026517868, -23.1549396515, -8.6336774826, -5.7772603035, -1.98768699169, 0.0919390544295, 2.58034849167, 5.83850574493, 2.60076928139, 12.8068685532, 17.6015930176, 33.4472045898, 16.3933639526], [-2.16083240509, 1.54314231873, 6.11983299255, 8.37288570404, 4.20719385147, 3.27238845825, 5.2347445488, 0.878728210926, -1.96659338474, -2.67998600006, -0.86460852623, 16.3933639526, 33.2183799744]],
        "icov": [[0.00280650821514, -0.002915331861, 0.00291575561278, -0.00265955971554, 0.00110725662671, -0.00172517553438, 0.00581660773605, -0.00542794307694, 0.00285761919804, -0.0037203875836, 0.00466512190178, -0.00380103103817, 0.00157412944827], [-0.002915331861, 0.0327269695699, -0.0311985760927, 0.0144777931273, 0.00743338046595, 0.00713284919038, -0.0282655414194, 0.0326071567833, -0.0265299081802, 0.0245334226638, -0.0274110324681, 0.0273814424872, -0.0114814713597], [0.00291575561278, -0.0311985760927, 0.0489617697895, -0.0275681260973, -0.0175649207085, 0.00257323589176, 0.0277362428606, -0.0356561951339, 0.0344007723033, -0.0317673757672, 0.0343589521945, -0.0253002345562, 0.0109646758065], [-0.00265955971554, 0.0144777931273, -0.0275681260973, 0.0509859696031, -0.0178155284375, 0.00991433020681, -0.0190091896802, 0.0208292026073, -0.0179148633033, 0.0157052930444, -0.0152785861865, 0.0197311583906, -0.0148222753778], [0.00110725662671, 0.00743338046595, -0.0175649207085, -0.0178155284375, 0.0673490837216, -0.0412861034274, -0.00273408181965, 0.016275960952, -0.0217146743089, 0.0216998960823, -0.0228232257068, 0.00364464847371, 0.00106319074985], [-0.00172517553438, 0.00713284919038, 0.00257323589176, 0.00991433020681, -0.0412861034274, 0.0816119983792, -0.0599700957537, 0.0159539338201, 0.009222346358, -0.0104825161397, 0.011021129787, 0.00394448963925, 0.000841594766825], [0.00581660773605, -0.0282655414194, 0.0277362428606, -0.0190091896802, -0.00273408181965, -0.0599700957537, 0.110496431589, -0.063589207828, 0.0186842884868, -0.0160178504884, 0.0256081838161, -0.0256696008146, 0.00504483748227], [-0.00542794307694, 0.0326071567833, -0.0356561951339, 0.0208292026073, 0.016275960952, 0.0159539338201, -0.063589207828, 0.1018230021, -0.0728756561875, 0.0351704768836, -0.0365157909691, 0.0228039156646, -0.0105359479785], [0.00285761919804, -0.0265299081802, 0.0344007723033, -0.0179148633033, -0.0217146743089, 0.009222346358, 0.0186842884868, -0.0728756561875, 0.0994291007519, -0.0548941120505, 0.0333830676973, -0.0117086069658, 0.00852610636503], [-0.0037203875836, 0.0245334226638, -0.0317673757672, 0.0157052930444, 0.0216998960823, -0.0104825161397, -0.0160178504884, 0.0351704768836, -0.0548941120505, 0.0731074586511, -0.0526698194444, 0.0157109051943, -0.00608563190326], [0.00466512190178, -0.0274110324681, 0.0343589521945, -0.0152785861865, -0.0228232257068, 0.011021129787, 0.0256081838161, -0.0365157909691, 0.0333830676973, -0.0526698194444, 0.0885720103979, -0.0511268414557, 0.0230969563127], [-0.00380103103817, 0.0273814424872, -0.0253002345562, 0.0197311583906, 0.00364464847371, 0.00394448963925, -0.0256696008146, 0.0228039156646, -0.0117086069658, 0.0157109051943, -0.0511268414557, 0.0878171995282, -0.0433341935277], [0.00157412944827, -0.0114814713597, 0.0109646758065, -0.0148222753778, 0.00106319074985, 0.000841594766825, 0.00504483748227, -0.0105359479785, 0.00852610636503, -0.00608563190326, 0.0230969563127, -0.0433341935277, 0.0537222437561]]
    },
    "melbands": {
        "dmean": [0.00064840039704, 0.000832530204207, 0.000201641829335, 0.000179171329364, 4.21628610638e-05, 2.02069404622e-05, 3.44223662978e-05, 4.40941694251e-05, 2.70028031082e-05, 1.79452053999e-05, 2.15118216147e-05, 2.95932586596e-05, 2.80098156509e-05, 3.49682668457e-05, 8.89712737262e-06, 2.37001804635e-05, 5.13519480592e-05, 7.16991853551e-05, 3.94023481931e-05, 6.04053821007e-05, 8.40154098114e-05, 6.21424114797e-05, 3.82498510589e-05, 2.9554908906e-05, 4.02753867093e-05, 2.05105643545e-05, 1.11286826723e-05, 6.56196607451e-06, 2.44942225436e-06, 3.39385883308e-06, 1.42988153584e-06, 5.36518086847e-07, 2.47738626058e-07, 3.19440047747e-08, 2.04932923964e-08, 4.83922129035e-08, 6.8795607433e-08, 3.575732066e-08, 1.92789677556e-08, 1.02826938075e-08],
        "dmean2": [0.00105012091808, 0.0013448195532, 0.000319409911754, 0.000297705351841, 6.66457999614e-05, 3.26547706209e-05, 5.92406395299e-05, 8.0026613432e-05, 4.41979827883e-05, 2.92837012239e-05, 3.57899152732e-05, 4.8726600653e-05, 4.73659201816e-05, 6.10849892837e-05, 1.50090636453e-05, 3.74130177079e-05, 8.29765049275e-05, 0.000119795418868, 6.60666337353e-05, 9.66937295743e-05, 0.000140105330502, 9.96136586764e-05, 6.04777269473e-05, 4.93582738272e-05, 7.01417811797e-05, 3.56086056854e-05, 1.81503346539e-05, 1.11512908916e-05, 4.06023218602e-06, 5.12078531756e-06, 2.33088007917e-06, 8.43652344429e-07, 3.93903604845e-07, 5.25756469472e-08, 3.47887869623e-08, 7.95784629304e-08, 1.13987766781e-07, 5.78921515171e-08, 3.13573238486e-08, 1.73974417095e-08],
        "dvar": [4.43522822025e-07, 9.15807618185e-07, 4.56134436888e-08, 7.97462931246e-08, 1.61758495487e-09, 3.75103531569e-10, 5.96302607292e-09, 7.41803818372e-09, 1.78021997144e-09, 4.56735926857e-10, 6.60553556298e-10, 7.51803785892e-10, 9.4429608577e-10, 1.12624110038e-09, 6.33545785278e-11, 7.98994481688e-10, 5.18291187745e-09, 7.40137684474e-09, 1.45602851997e-09, 2.89829582556e-09, 6.05497252337e-09, 3.23449000916e-09, 8.30072899305e-10, 8.22728274397e-10, 1.2459852039e-09, 3.05024977498e-10, 7.32623961497e-11, 2.70594657792e-11, 5.25864161244e-12, 8.95518902089e-12, 1.61290501354e-12, 2.02543670312e-13, 4.55966170311e-14, 1.16349239728e-15, 4.52832760388e-16, 1.69766006706e-15, 4.72661494633e-15, 1.01389314391e-15, 3.25489324172e-16, 2.09311913018e-16],
        "dvar2": [1.13223438802e-06, 2.25929125008e-06, 1.06131459177e-07, 1.98063204948e-07, 3.99694943809e-09, 9.03549457476e-10, 1.63383173657e-08, 1.95568272687e-08, 5.30036237123e-09, 1.09411135707e-09, 1.73950687188e-09, 2.10774775411e-09, 2.53560950014e-09, 3.07654235421e-09, 1.80918585668e-10, 1.84593029751e-09, 1.40643727775e-08, 1.9508631155e-08, 3.38170935699e-09, 7.60755280993e-09, 1.73435488193e-08, 7.94274956917e-09, 2.0794979072e-09, 2.43023978719e-09, 3.04308045429e-09, 8.30997659573e-10, 2.2761377505e-10, 7.93160398471e-11, 1.24675920629e-11, 2.22832308161e-11, 4.44491752433e-12, 5.33551664222e-13, 1.12210682911e-13, 3.09433057621e-15, 1.18666446586e-15, 4.69013366081e-15, 1.19966191115e-14, 2.50858188219e-15, 8.99626175861e-16, 6.28200555963e-16],
        "max": [0.00451649120077, 0.00679313624278, 0.00170615897514, 0.00165060919244, 0.000311867654091, 0.000158214621479, 0.000674330629408, 0.000680352386553, 0.000416265742388, 0.000268712930847, 0.000273931451375, 0.000164382130606, 0.000307642418193, 0.000236217849306, 5.20987487107e-05, 0.000362073129509, 0.000679118442349, 0.00109806377441, 0.000377641496016, 0.000471266772365, 0.000675025570672, 0.000544594251551, 0.000277815008303, 0.00022818108846, 0.000324437394738, 0.000134297122713, 7.2667367931e-05, 4.81600945932e-05, 1.97741155716e-05, 2.9786129744e-05, 1.14893255159e-05, 4.63399555883e-06, 1.73023465777e-06, 2.58330089764e-07, 1.86021537729e-07, 4.05150785809e-07, 5.54437974642e-07, 2.91613275749e-07, 1.57649878929e-07, 1.60444898256e-07],
        "mean": [0.00103826425038, 0.00122626801021, 0.000303621403873, 0.000226426418521, 7.73637220846e-05, 3.08129965561e-05, 4.87257784698e-05, 6.43746607238e-05, 4.12960544054e-05, 3.0853690987e-05, 3.83441256417e-05, 5.21461261087e-05, 4.68232574349e-05, 5.512077405e-05, 1.81447230716e-05, 4.19754651375e-05, 0.000100283024949, 0.000137844399433, 9.30027890718e-05, 0.000149043786223, 0.000190229024156, 0.000168738944922, 0.000113545116619, 7.1263013524e-05, 9.45549254538e-05, 5.14504172315e-05, 3.20216095133e-05, 1.75613986357e-05, 6.49677394904e-06, 9.11503411771e-06, 3.59853288501e-06, 1.58676982664e-06, 6.29526482498e-07, 7.88507605876e-08, 5.81962709134e-08, 1.49264593574e-07, 2.11573166098e-07, 1.21924927043e-07, 5.88976973859e-08, 2.79314633644e-08],
        "median": [0.000725147488993, 0.000861961685587, 0.000223706229008, 0.000118778632896, 6.08702684985e-05, 2.31866033573e-05, 2.19500798266e-05, 2.73772729997e-05, 3.08246599161e-05, 2.28097705985e-05, 2.84125526377e-05, 4.23318342655e-05, 3.73734656023e-05, 4.13473426306e-05, 1.64028551808e-05, 3.17434205499e-05, 6.95512499078e-05, 0.000113990136015, 7.7774420788e-05, 0.000132037021103, 0.000176358327735, 0.000150846826728, 0.00010843401833, 6.26675173407e-05, 8.60295331222e-05, 4.84918418806e-05, 3.09113529511e-05, 1.65441178979e-05, 5.95287838223e-06, 8.54615973367e-06, 3.28205578626e-06, 1.53361111188e-06, 5.7483140381e-07, 7.03734954755e-08, 5.16000184803e-08, 1.43329287994e-07, 1.90643476117e-07, 1.10244357643e-07, 5.49842340547e-08, 2.32003518619e-08],
        "min": [1.25639553517e-06, 2.10423786484e-06, 1.77158847237e-06, 9.95037339635e-07, 7.4103093084e-07, 1.78404363282e-07, 1.68790322164e-07, 2.83427908698e-07, 1.79890477625e-07, 4.41725980238e-08, 3.68936184714e-07, 1.97694771487e-06, 1.65434619248e-06, 2.77042545349e-06, 2.08823121284e-06, 1.87568934962e-06, 4.73409818369e-06, 3.62170385415e-06, 1.39404005495e-06, 1.84503699074e-06, 3.08699077323e-06, 1.42212934406e-06, 2.67971518042e-06, 9.52842754032e-07, 8.39253061713e-07, 9.23944696751e-07, 5.49990829768e-07, 3.20903495776e-07, 1.4525889469e-07, 8.8513395724e-08, 6.02630549906e-08, 5.79695971226e-08, 9.1767597965e-09, 1.46067802298e-09, 1.28488297779e-09, 5.46962919401e-09, 4.29501945121e-09, 3.3222598006e-09, 1.39972289315e-09, 5.22440812833e-10],
        "var": [8.93171318239e-07, 1.34707886446e-06, 8.22303221071e-08, 8.95894984865e-08, 3.79797926442e-09, 6.52899567744e-10, 9.96836391209e-09, 1.10103934858e-08, 1.92366411689e-09, 9.58306878296e-10, 1.3434047208e-09, 1.08829156797e-09, 1.37910505238e-09, 1.56629542669e-09, 1.01476903269e-10, 1.49046841535e-09, 8.81553763321e-09, 1.34646302996e-08, 3.31595417791e-09, 5.14586284694e-09, 9.76993508317e-09, 7.99154431519e-09, 3.23095239452e-09, 1.55419577208e-09, 2.57580823337e-09, 5.6440702112e-10, 1.82159648476e-10, 5.89714874155e-11, 1.0282770295e-11, 1.9232334475e-11, 3.17388780188e-12, 5.1177665621e-13, 9.8691522077e-14, 2.0233613877e-15, 9.29298481158e-16, 4.58158469456e-15, 1.10036254468e-14, 3.01518889981e-15, 6.97792571151e-16, 2.77630506814e-16]
    },
    "mfcc": {
        "mean": [-619.207458496, 113.978591919, -71.649887085, 56.8521003723, 21.5836772919, 5.82207202911, 13.1126070023, 5.99370241165, 14.6957130432, 5.35462760925, -2.9911866188, 4.74710321426, -8.22136688232],
        "cov": [[505.588531494, -21.5373268127, -18.1980609894, -15.2123069763, -36.0493965149, -56.6297836304, -56.6307830811, -24.9065589905, -13.2069244385, 11.0740346909, 16.3955402374, 3.24484634399, -16.3759307861], [-21.5373268127, 100.407608032, 55.9325675964, 26.7343101501, 19.078994751, 10.3164901733, 9.56998062134, -2.38087773323, 7.30053567886, -4.87524938583, -5.93493795395, -4.89573717117, -4.7573261261], [-18.1980609894, 55.9325675964, 78.0706558228, 46.2118530273, 26.8902397156, 10.4676647186, 8.74230384827, -4.6514005661, 11.1204500198, -6.96676778793, -8.00448703766, -11.7329139709, -4.43753480911], [-15.2123069763, 26.7343101501, 46.2118530273, 56.4452209473, 29.5856609344, 15.1916065216, 8.99741077423, 3.89387893677, 8.72212600708, -1.58666145802, -6.77712535858, -7.31046676636, 2.78624463081], [-36.0493965149, 19.078994751, 26.8902397156, 29.5856609344, 44.6345939636, 27.4571151733, 19.0748405457, 10.3492555618, 6.70969438553, 1.87161493301, -4.08251953125, -3.4420132637, -0.467842400074], [-56.6297836304, 10.3164901733, 10.4676647186, 15.1916065216, 27.4571151733, 69.1330795288, 35.7672271729, 23.782327652, 15.7965526581, 1.2317596674, -0.901340305805, -13.8439159393, -2.3134598732], [-56.6307830811, 9.56998062134, 8.74230384827, 8.99741077423, 19.0748405457, 35.7672271729, 42.8433494568, 24.1420707703, 12.2031316757, 3.89318823814, -0.572217047215, -5.20336818695, -2.42227816582], [-24.9065589905, -2.38087773323, -4.6514005661, 3.89387893677, 10.3492555618, 23.782327652, 24.1420707703, 52.6069869995, 26.0210075378, 15.3975543976, -5.86796522141, -0.403418898582, 7.03401947021], [-13.2069244385, 7.30053567886, 11.1204500198, 8.72212600708, 6.70969438553, 15.7965526581, 12.2031316757, 26.0210075378, 46.8212547302, 19.7918338776, 4.66701841354, -0.95645737648, 6.61264514923], [11.0740346909, -4.87524938583, -6.96676778793, -1.58666145802, 1.87161493301, 1.2317596674, 3.89318823814, 15.3975543976, 19.7918338776, 38.4026107788, 18.8844909668, 13.4423837662, 6.61225795746], [16.3955402374, -5.93493795395, -8.00448703766, -6.77712535858, -4.08251953125, -0.901340305805, -0.572217047215, -5.86796522141, 4.66701841354, 18.8844909668, 40.6658325195, 23.0596466064, 9.40798568726], [3.24484634399, -4.89573717117, -11.7329139709, -7.31046676636, -3.4420132637, -13.8439159393, -5.20336818695, -0.403418898582, -0.95645737648, 13.4423837662, 23.0596466064, 44.7012214661, 21.0232849121], [-16.3759307861, -4.7573261261, -4.43753480911, 2.78624463081, -0.467842400074, -2.3134598732, -2.42227816582, 7.03401947021, 6.61264514923, 6.61225795746, 9.40798568726, 21.0232849121, 34.3523674011]],
