{
"lowlevel": {
    "average_loudness": 0.984349668026,
    "barkbands_crest": {
        "dmean": 3.50499916077,
        "dmean2": 5.92667484283,
        "dvar": 9.17809104919,
        "dvar2": 23.9937076569,
        "max": 19.7080631256,
        "mean": 8.69465351105,
        "median": 7.87121105194,
        "min": 3.16378712654,
        "var": 16.5248317719
    },
    "barkbands_flatness_db": {
        "dmean": 0.0171969421208,
        "dmean2": 0.0277616605163,
        "dvar": 0.000225861964282,
        "dvar2": 0.000552043667994,
        "max": 0.205304443836,
        "mean": 0.146454304457,
        "median": 0.143824532628,
        "min": 0.0415455773473,
        "var": 0.000555269769393
    },
    "barkbands_kurtosis": {
        "dmean": 1.42253422737,
        "dmean2": 2.47773861885,
        "dvar": 4.1582326889,
        "dvar2": 9.97662639618,
        "max": 10.4760065079,
        "mean": -0.123175501823,
        "median": -1.0323972702,
        "min": -1.76526415348,
        "var": 5.14678668976
    },
    "barkbands_skewness": {
        "dmean": 0.652743339539,
        "dmean2": 1.0633507967,
        "dvar": 0.358669787645,
        "dvar2": 0.810883462429,
        "max": 1.77649950981,
        "mean": -0.446059018373,
        "median": -0.432344615459,
        "min": -3.29237937927,
        "var": 0.88720947504
    },
    "barkbands_spread": {
        "dmean": 6.34173583984,
        "dmean2": 10.4710187912,
        "dvar": 33.8059883118,
        "dvar2": 89.3151779175,
        "max": 53.9345016479,
        "mean": 29.4392566681,
        "median": 32.0419540405,
        "min": 8.81077384949,
        "var": 80.7729110718
    },
    "dissonance": {
        "dmean": 0.00637558056042,
        "dmean2": 0.0107997907326,
        "dvar": 7.07632934791e-05,
        "dvar2": 0.000130506901769,
        "max": 0.499522924423,
        "mean": 0.490174263716,
        "median": 0.491696208715,
        "min": 0.404165029526,
        "var": 8.72135642567e-05
    },
    "dynamic_complexity": 0.848652243614,
    "erbbands_crest": {
        "dmean": 3.07604432106,
        "dmean2": 5.06266593933,
        "dvar": 9.75312805176,
        "dvar2": 25.3415164948,
        "max": 24.161397934,
        "mean": 9.39729404449,
        "median": 8.31250476837,
        "min": 4.13159132004,
        "var": 15.7140903473
    },
    "erbbands_flatness_db": {
        "dmean": 0.0163003690541,
        "dmean2": 0.0251866634935,
        "dvar": 0.000248587428359,
        "dvar2": 0.000495999818668,
        "max": 0.309564143419,
        "mean": 0.237428218126,
        "median": 0.233383372426,
        "min": 0.123119831085,
        "var": 0.000625254702754
    },
    "erbbands_kurtosis": {
        "dmean": 2.59909677505,
        "dmean2": 4.22946071625,
        "dvar": 15.4605503082,
        "dvar2": 30.6319961548,
        "max": 33.1657142639,
        "mean": 3.42202210426,
        "median": 2.34075689316,
        "min": -1.17204153538,
        "var": 20.142370224
    },
    "erbbands_skewness": {
        "dmean": 0.445430666208,
        "dmean2": 0.711684167385,
        "dvar": 0.171062871814,
        "dvar2": 0.380682498217,
        "max": 0.863896727562,
        "mean": -1.34441781044,
        "median": -1.29403305054,
        "min": -3.61612319946,
        "var": 0.345178097486
    },
    "erbbands_spread": {
        "dmean": 8.49262332916,
        "dmean2": 14.1438903809,
        "dvar": 63.2786521912,
        "dvar2": 163.327087402,
        "max": 60.6070709229,
        "mean": 22.0974388123,
        "median": 19.5379600525,
        "min": 2.96155309677,
        "var": 133.818344116
    },
    "hfc": {
        "dmean": 9.39854049683,
        "dmean2": 14.0445995331,
        "dvar": 79.7280883789,
        "dvar2": 184.910675049,
        "max": 74.4755096436,
        "mean": 33.1809310913,
        "median": 32.1293525696,
        "min": 0.85726749897,
        "var": 157.328994751
    },
    "melbands_crest": {
        "dmean": 4.45136404037,
        "dmean2": 7.45137500763,
        "dvar": 15.958609581,
        "dvar2": 41.820690155,
        "max": 27.5532608032,
        "mean": 12.0980272293,
        "median": 10.7080440521,
        "min": 3.06287384033,
        "var": 41.2317314148
    },
    "melbands_flatness_db": {
        "dmean": 0.0216319151223,
        "dmean2": 0.0369874872267,
        "dvar": 0.00037697062362,
        "dvar2": 0.000955426250584,
        "max": 0.268379718065,
        "mean": 0.15022239089,
        "median": 0.143399566412,
        "min": 0.0966605395079,
        "var": 0.00105094746687
    },
    "melbands_kurtosis": {
        "dmean": 1.86237037182,
        "dmean2": 3.36851811409,
        "dvar": 7.86450910568,
        "dvar2": 21.7163200378,
        "max": 19.7238903046,
        "mean": 0.30273014307,
        "median": -0.521456241608,
        "min": -1.74580657482,
        "var": 7.94369888306
    },
    "melbands_skewness": {
        "dmean": 0.740683794022,
        "dmean2": 1.22133672237,
        "dvar": 0.457456618547,
        "dvar2": 1.08931446075,
        "max": 4.47686958313,
        "mean": 0.690166115761,
        "median": 0.637026667595,
        "min": -1.58435440063,
        "var": 1.16949725151
    },
    "melbands_spread": {
        "dmean": 14.324886322,
        "dmean2": 23.5253353119,
        "dvar": 99.7612075806,
        "dvar2": 283.307373047,
        "max": 101.765945435,
        "mean": 60.0225830078,
        "median": 59.3644523621,
        "min": 20.1205883026,
        "var": 275.101013184
    },
    "pitch_salience": {
        "dmean": 0.0782889574766,
        "dmean2": 0.122654244304,
        "dvar": 0.00437932601199,
        "dvar2": 0.0110267968848,
        "max": 0.855473875999,
        "mean": 0.611324965954,
        "median": 0.635452210903,
        "min": 0.331623792648,
        "var": 0.010820469819
    },
    "silence_rate_20dB": {
        "dmean": 0,
        "dmean2": 0,
        "dvar": 0,
        "dvar2": 0,
        "max": 1,
        "mean": 1,
        "median": 1,
        "min": 1,
        "var": 0
    },
    "silence_rate_30dB": {
        "dmean": 0,
        "dmean2": 0,
        "dvar": 0,
        "dvar2": 0,
        "max": 1,
        "mean": 1,
        "median": 1,
        "min": 1,
        "var": 0
    },
    "silence_rate_60dB": {
        "dmean": 0,
        "dmean2": 0,
        "dvar": 0,
        "dvar2": 0,
        "max": 0,
        "mean": 0,
        "median": 0,
        "min": 0,
        "var": 0
    },
    "spectral_centroid": {
        "dmean": 240.851257324,
        "dmean2": 405.533935547,
        "dvar": 44583.5742188,
        "dvar2": 125854.390625,
        "max": 3100.51928711,
        "mean": 2445.72631836,
        "median": 2501.35717773,
        "min": 1521.11303711,
        "var": 117940.382812
    },
    "spectral_complexity": {
        "dmean": 4.73333311081,
        "dmean2": 7.12080526352,
        "dvar": 17.5822200775,
        "dvar2": 30.0391044617,
        "max": 47,
        "mean": 35.5761604309,
        "median": 36,
        "min": 0,
        "var": 41.8203544617
    },
    "spectral_decrease": {
        "dmean": 1.12417719578e-09,
        "dmean2": 1.88422233371e-09,
        "dvar": 7.95586035466e-19,
        "dvar2": 1.93218100077e-18,
        "max": -1.27704694042e-10,
        "mean": -4.32994795574e-09,
        "median": -4.39004077535e-09,
        "min": -7.62742580207e-09,
        "var": 1.4509694032e-18
    },
    "spectral_energy": {
        "dmean": 0.00490135420114,
        "dmean2": 0.00800486654043,
        "dvar": 1.38660361699e-05,
        "dvar2": 3.28686728608e-05,
        "max": 0.0308298431337,
        "mean": 0.019351830706,
        "median": 0.0196020826697,
        "min": 0.000559743901249,
        "var": 2.64850932581e-05
    },
    "spectral_energyband_high": {
        "dmean": 0.000289561401587,
        "dmean2": 0.00048359693028,
        "dvar": 9.81033565495e-08,
        "dvar2": 2.34294105894e-07,
        "max": 0.00295098475181,
        "mean": 0.000838441657834,
        "median": 0.000751701125409,
        "min": 4.33726781921e-05,
        "var": 2.13175127328e-07
    },
    "spectral_energyband_low": {
        "dmean": 0.000805757415947,
        "dmean2": 0.00134957558475,
        "dvar": 2.18641230276e-06,
        "dvar2": 6.00375233262e-06,
        "max": 0.0162596851587,
        "mean": 0.00113490445074,
        "median": 0.000697235867847,
        "min": 8.15168241388e-05,
        "var": 2.87903162643e-06
    },
    "spectral_energyband_middle_high": {
        "dmean": 0.00365594541654,
        "dmean2": 0.00538769364357,
        "dvar": 1.03762831714e-05,
        "dvar2": 2.3716913347e-05,
        "max": 0.027470562607,
        "mean": 0.0115739395842,
        "median": 0.0107511393726,
        "min": 0.000229087978369,
        "var": 2.55185677815e-05
    },
    "spectral_energyband_middle_low": {
        "dmean": 0.00331209343858,
        "dmean2": 0.00588194746524,
        "dvar": 1.19080568766e-05,
        "dvar2": 3.23040003423e-05,
        "max": 0.0245658904314,
        "mean": 0.00602058088407,
        "median": 0.00469728885219,
        "min": 0.000197641697014,
        "var": 2.11216629395e-05
    },
    "spectral_entropy": {
        "dmean": 0.0971854925156,
        "dmean2": 0.148318871856,
        "dvar": 0.0113108139485,
        "dvar2": 0.0168481878936,
        "max": 8.74530315399,
        "mean": 7.56526565552,
        "median": 7.57730817795,
        "min": 7.07048749924,
        "var": 0.0251608099788
    },
    "spectral_flux": {
        "dmean": 0.015543481335,
        "dmean2": 0.0247556269169,
        "dvar": 0.000136110640597,
        "dvar2": 0.000354613672243,
        "max": 0.158864662051,
        "mean": 0.0919520556927,
        "median": 0.0910463705659,
        "min": 0.0606367625296,
        "var": 0.000252746249316
    },
    "spectral_kurtosis": {
        "dmean": 3.34692168236,
        "dmean2": 5.73782634735,
        "dvar": 7.45110273361,
        "dvar2": 20.3482093811,
        "max": 17.1392555237,
        "mean": 5.6824388504,
        "median": 5.06808567047,
        "min": 0.528658390045,
        "var": 11.2691354752
    },
    "spectral_rms": {
        "dmean": 0.000568398449104,
        "dmean2": 0.000920343445614,
        "dvar": 2.32301729852e-07,
        "dvar2": 4.64675849798e-07,
        "max": 0.00548433186486,
        "mean": 0.00429817987606,
        "median": 0.00437309779227,
        "min": 0.000738980132155,
        "var": 4.05482381893e-07
    },
    "spectral_rolloff": {
        "dmean": 314.241149902,
        "dmean2": 561.163879395,
        "dvar": 75926.4609375,
        "dvar2": 207169.453125,
        "max": 4758.83789062,
        "mean": 2963.45385742,
        "median": 3036.18164062,
        "min": 1894.921875,
        "var": 161610.4375
    },
    "spectral_skewness": {
        "dmean": 0.363599777222,
        "dmean2": 0.608908772469,
        "dvar": 0.101502545178,
        "dvar2": 0.269113212824,
        "max": 3.35922694206,
        "mean": 0.86147081852,
        "median": 0.768316864967,
        "min": 0.206657797098,
        "var": 0.181708201766
    },
    "spectral_spread": {
        "dmean": 345658.78125,
        "dmean2": 457750.125,
        "dvar": 1.34812807987e+12,
        "dvar2": 728149393408,
        "max": 20575870,
        "mean": 2333323.25,
        "median": 2206030.5,
        "min": 1428609.5,
        "var": 2.4365718569e+12
    },
    "spectral_strongpeak": {
        "dmean": 1.26705205441,
        "dmean2": 2.16223740578,
        "dvar": 2.48232364655,
        "dvar2": 6.46593666077,
        "max": 8.68203639984,
        "mean": 1.74658489227,
        "median": 0.709784090519,
        "min": 0,
        "var": 4.00197982788
    },
    "zerocrossingrate": {
        "dmean": 0.0083040362224,
        "dmean2": 0.0099425856024,
        "dvar": 5.63128669455e-05,
        "dvar2": 6.51705631753e-05,
        "max": 0.13525390625,
        "mean": 0.0941445082426,
        "median": 0.09521484375,
        "min": 0.02197265625,
        "var": 0.00032862520311
    },
    "barkbands": {
        "dmean": [4.63060860056e-06, 0.000603213731665, 0.000243507645791, 0.000394685077481, 0.00285546947271, 0.000331170071149, 0.000181279945537, 0.000131694177981, 0.000374400289729, 0.000169453414856, 0.000259604887106, 0.000156740061357, 0.000102890378912, 0.000741931318771, 0.000379087985493, 0.00131001963746, 0.00182081456296, 0.000887864211109, 0.000835462589748, 0.000169121965882, 0.000253661884926, 2.17212891584e-05, 1.2071745914e-06, 3.91933735955e-06, 9.527022371e-07, 4.55347333173e-07, 1.04628249176e-07],
        "dmean2": [7.82502957009e-06, 0.000998868024908, 0.000428293162258, 0.0006276651402, 0.00515068555251, 0.000536796520464, 0.000312205462251, 0.000221606169362, 0.000630272668786, 0.000253396807238, 0.00044220831478, 0.000253951351624, 0.000169652121258, 0.00116313830949, 0.000615610333625, 0.00220678886399, 0.00313199614175, 0.00142449501436, 0.00141151482239, 0.000286436959868, 0.000416494032834, 3.44508807757e-05, 1.96893870452e-06, 6.39863719698e-06, 1.55626742071e-06, 6.94190305239e-07, 1.19798158948e-07],
        "dvar": [4.80019010651e-11, 1.84590635399e-06, 1.36706717058e-07, 1.59640975994e-07, 1.15820148494e-05, 2.19014665959e-07, 1.43298436228e-07, 2.07094590365e-08, 1.93735445464e-07, 4.39545786435e-08, 1.0209428325e-07, 4.17560208632e-08, 8.62260307599e-09, 1.10064831915e-06, 2.37988615481e-07, 2.61245918409e-06, 5.25999303136e-06, 2.56742782767e-06, 9.08843048819e-07, 2.75021836416e-08, 7.73919879293e-08, 4.34446589814e-10, 3.45960673304e-12, 2.99780374136e-11, 3.46212056419e-12, 1.29217795318e-12, 1.1217490695e-12],
        "dvar2": [1.25999835565e-10, 4.71728708362e-06, 4.42281532287e-07, 3.99776666882e-07, 3.09477400151e-05, 4.75734253769e-07, 3.89183327343e-07, 6.38527026808e-08, 5.36897573511e-07, 8.65272298256e-08, 2.67280086064e-07, 9.51560963358e-08, 2.24985807762e-08, 2.20808169615e-06, 6.09378218996e-07, 6.73274735163e-06, 1.31388205773e-05, 6.48295917927e-06, 2.08317896977e-06, 7.43302734918e-08, 1.90175128978e-07, 1.12607845271e-09, 5.76381303796e-12, 7.96434099226e-11, 9.0018869095e-12, 1.79299435542e-12, 1.12623896754e-12],
        "max": [4.9010697694e-05, 0.0153449047357, 0.00244349148124, 0.00290868058801, 0.0225035790354, 0.00418087141588, 0.0036391261965, 0.00131342164241, 0.00272940006107, 0.00191956723575, 0.00202635675669, 0.00191603181884, 0.000560443731956, 0.0151144694537, 0.00498978374526, 0.00943223014474, 0.0141272321343, 0.0146686136723, 0.00820584781468, 0.0016153404722, 0.00270697521046, 0.000209080244531, 2.20618694584e-05, 3.59936348104e-05, 1.63362656167e-05, 1.34864958454e-05, 1.30606458697e-05],
        "mean": [5.38594304089e-06, 0.000677860225551, 0.000283324712655, 0.000486825709231, 0.00405698502436, 0.000448051461717, 0.000222407630645, 0.000180451403139, 0.000533962971531, 0.000285064306809, 0.0003910700907, 0.000250871671597, 0.000131372333271, 0.00146512000356, 0.000761332747061, 0.00220324285328, 0.00281266239472, 0.00149054790381, 0.00155089714099, 0.000419044226874, 0.00062435498694, 5.81623608014e-05, 2.81023244497e-06, 7.42647625884e-06, 1.79452001703e-06, 6.76439412928e-07, 1.11113415358e-07],
        "median": [2.57963779404e-06, 0.000286458001938, 0.000138344214065, 0.000332110503223, 0.00218230206519, 0.00020547240274, 0.00011838618957, 0.000119605305372, 0.000376863958081, 0.00015528408403, 0.000302317435853, 0.00015480905131, 9.75617367658e-05, 0.000695505412295, 0.000560395943467, 0.00175399484579, 0.00201330170967, 0.00111773819663, 0.00122073211242, 0.000384767219657, 0.000527983123902, 5.11787984578e-05, 2.36422215494e-06, 5.58273177376e-06, 1.20948038784e-06, 3.54676245706e-07, 6.09648243e-09],
        "min": [1.61474034144e-08, 6.82479549141e-06, 4.97941346111e-06, 5.60529497307e-06, 6.71079469612e-05, 9.51232141233e-06, 4.28288922194e-06, 7.2768384598e-06, 3.8217047404e-05, 1.84578711924e-05, 6.38439996692e-06, 1.59895153047e-05, 8.45171052788e-06, 3.14881981467e-05, 1.2247266568e-05, 1.80378410732e-05, 2.34259332501e-05, 4.620681284e-05, 4.25509715569e-05, 7.18908722774e-06, 3.26637346006e-05, 2.11819860851e-06, 6.39984591544e-07, 9.61668320087e-07, 1.24769258036e-07, 2.81101968369e-08, 2.77846079477e-09],
        "var": [6.50963657978e-11, 2.1877153813e-06, 1.47447465793e-07, 2.71744937663e-07, 2.00871254492e-05, 4.41596085921e-07, 1.74824421606e-07, 2.89876922466e-08, 2.23215252504e-07, 1.14681405705e-07, 1.20538075521e-07, 7.00914029039e-08, 1.33298643235e-08, 5.33642378286e-06, 4.89459182518e-07, 2.88200499199e-06, 5.73056013309e-06, 2.4512521577e-06, 1.37559334235e-06, 4.58666242764e-08, 1.74452097212e-07, 9.26396848122e-10, 4.42555280616e-12, 3.59227092517e-11, 3.78525075867e-12, 1.50725352338e-12, 1.12908445614e-12]
    },
    "erbbands": {
        "dmean": [0.0124935749918, 0.153236880898, 0.329360306263, 0.685094535351, 6.06772613525, 12.724811554, 4.28840065002, 2.79107999802, 1.27786529064, 3.47841835022, 4.09612703323, 8.14231967926, 5.34344625473, 6.05824708939, 10.8218479156, 5.95261573792, 3.15576910973, 15.9424238205, 40.2124900818, 40.8189277649, 73.9987869263, 94.1013412476, 48.4447555542, 60.9883842468, 21.4353637695, 8.46107292175, 6.77060699463, 11.0074100494, 1.04911923409, 0.162423953414, 0.0426652543247, 0.10052100569, 0.0440985932946, 0.0183158833534, 0.00261973962188, 0.00224475073628, 0.000803284114227, 9.8958335002e-05, 1.75606764969e-05, 7.74080490373e-06],
        "dmean2": [0.0183812789619, 0.262985765934, 0.589126586914, 1.08729183674, 10.7685518265, 22.7230262756, 7.37878513336, 4.54755306244, 2.14325284958, 5.9981470108, 7.22041559219, 14.1204433441, 8.18735790253, 9.34993839264, 17.8790779114, 9.59518051147, 5.07191467285, 25.2632789612, 57.2984886169, 69.7279205322, 122.284843445, 161.045471191, 78.4549255371, 102.382202148, 33.3192558289, 14.3860111237, 10.8027353287, 18.4377918243, 1.61190283298, 0.248637869954, 0.0684473738074, 0.171752601862, 0.0700789168477, 0.0298309046775, 0.00399170769379, 0.00350522226654, 0.00122071697842, 0.000129310545162, 2.11785627471e-05, 1.17298359328e-05],
        "dvar": [0.000679620774463, 0.123924054205, 0.233331248164, 0.422526806593, 67.8915100098, 214.848083496, 19.7538127899, 20.6317710876, 6.65267801285, 39.8133659363, 20.9853858948, 113.140548706, 76.5390625, 42.5749549866, 171.722595215, 70.0132827759, 8.94876003265, 190.910949707, 3274.94433594, 2482.8581543, 10144.2900391, 16518.0136719, 4577.05273438, 5987.77392578, 523.782165527, 68.5411758423, 40.8651199341, 182.398117065, 1.09779524803, 0.0245441198349, 0.0031036362052, 0.0234134234488, 0.0035104919225, 0.00116680539213, 5.3361938626e-05, 2.61486657109e-05, 3.88514808947e-06, 4.36497344936e-07, 2.2618948492e-08, 2.13550066519e-10],
        "dvar2": [0.00133183470462, 0.337340801954, 0.762885451317, 1.1310852766, 189.475021362, 613.809143066, 51.5551376343, 47.1620330811, 17.5902137756, 107.70085144, 56.5768661499, 321.799285889, 182.753189087, 106.742263794, 464.625793457, 167.492019653, 22.5715007782, 387.894348145, 5274.63183594, 6480.19726562, 24816.1015625, 43032.9960938, 11693.8134766, 15291.0488281, 1500.67004395, 190.659606934, 111.009712219, 454.631072998, 2.46315002441, 0.0514860264957, 0.00658058235422, 0.0623892061412, 0.00887513998896, 0.00325769023038, 7.3863149737e-05, 4.1908260755e-05, 5.32441390533e-06, 4.39973774746e-07, 2.28178542727e-08, 2.54518128795e-10],
        "max": [0.324780285358, 3.75999355316, 2.94005417824, 5.40173244476, 54.9242515564, 88.1064453125, 27.8100585938, 37.0430297852, 27.8205947876, 48.5880699158, 43.7648200989, 74.9746017456, 67.9692230225, 51.3538322449, 89.8788146973, 84.5500640869, 20.3015480042, 155.03515625, 908.782226562, 356.026184082, 719.694763184, 807.59765625, 488.830963135, 544.434143066, 217.488708496, 72.2119216919, 67.0315933228, 122.654281616, 10.6209859848, 1.46041500568, 0.58914577961, 1.14010417461, 0.403107196093, 0.319781929255, 0.0895555391908, 0.0565889142454, 0.0236862152815, 0.00825781933963, 0.00187038071454, 0.000202801689738],
        "mean": [0.0138799715787, 0.170872956514, 0.39665132761, 0.997465848923, 7.73520278931, 15.7720279694, 6.39954900742, 3.52934002876, 1.86473047733, 4.32400226593, 6.93381690979, 11.4100608826, 9.39788532257, 9.26940631866, 17.5603103638, 9.81660175323, 5.93308782578, 32.9239120483, 85.0652923584, 67.549987793, 133.081558228, 152.89781189, 86.4048919678, 99.9225463867, 50.1844787598, 20.7756347656, 16.8133907318, 25.7610187531, 3.29033541679, 0.454382687807, 0.102717868984, 0.183391198516, 0.0882980450988, 0.0360912755132, 0.0045652766712, 0.00361400516704, 0.00108094362076, 0.000110875305836, 3.01972468151e-05, 2.78815969068e-05],
        "median": [0.00414629559964, 0.0721605047584, 0.201772198081, 0.783269822598, 3.91920089722, 9.89626789093, 4.7837100029, 1.5243294239, 1.19277858734, 2.3237798214, 5.63889217377, 8.3301782608, 5.12996482849, 6.44475030899, 14.1540107727, 6.62706661224, 4.6409702301, 23.4361171722, 41.1688079834, 50.693977356, 101.169258118, 117.644752502, 64.3224868774, 74.3982925415, 44.8194847107, 18.6578121185, 14.7706136703, 21.0256786346, 3.01037621498, 0.394333720207, 0.0887219458818, 0.141300246119, 0.0701760500669, 0.0248320866376, 0.00287157879211, 0.00218096678145, 0.000534573104233, 2.23089900828e-05, 1.61215284606e-05, 2.6968153179e-05],
        "min": [0.000106910832983, 0.00271585839801, 0.0215520858765, 0.0238939709961, 0.176948562264, 0.239805668592, 0.109401486814, 0.0892946571112, 0.116727530956, 0.10763835907, 0.484944760799, 0.831476449966, 0.603319108486, 0.363580077887, 0.49561843276, 0.601355910301, 0.516739845276, 1.07967042923, 1.39214003086, 0.423722505569, 1.60586333275, 1.06349349022, 1.64934337139, 2.91305017471, 1.83188736439, 0.333954423666, 0.560541450977, 1.64676749706, 0.136799126863, 0.0523880273104, 0.0254758857191, 0.0313017182052, 0.00731203937903, 0.00231944606639, 0.00040455092676, 0.000199046931812, 3.91446046706e-05, 4.10103666582e-06, 4.70472150482e-06, 8.49829211802e-06],
        "var": [0.00110998656601, 0.132003292441, 0.284409075975, 0.778037369251, 98.614692688, 307.400360107, 29.0513629913, 33.6991996765, 7.72366094589, 47.1029701233, 32.2921104431, 110.083404541, 130.315811157, 77.4059753418, 213.196121216, 108.795906067, 17.4924716949, 823.826904297, 20445.3535156, 3228.89599609, 11228.7578125, 16689.5371094, 4994.02832031, 6597.65234375, 928.045959473, 107.635734558, 93.6539535522, 356.328369141, 2.49834442139, 0.0591876804829, 0.00429172953591, 0.0229843053967, 0.00515661155805, 0.00127395975869, 6.31573129795e-05, 2.99617568089e-05, 4.63934702566e-06, 4.51783279232e-07, 2.27867360536e-08, 2.50312881533e-10]
    },
    "gfcc": {
        "mean": [-15.0205802917, 104.511619568, -188.543258667, 62.0275001526, -37.4911422729, -16.1269626617, -32.6365890503, -2.13902854919, -24.4198532104, -12.0165586472, -23.1592636108, -11.0614929199, 5.87581348419],
        "cov": [[417.565124512, -36.6443023682, -41.1548957825, -49.621887207, -26.6816692352, 37.0335388184, -6.30341768265, 48.5303688049, 3.30509734154, 47.5048942566, -22.0816841125, 12.0625600815, -7.7924656868], [-36.6443023682, 448.033325195, 35.4920387268, 84.0567092896, -20.3493709564, -44.5628433228, 63.6555747986, -127.532318115, -2.77844405174, -39.9705162048, 39.0621986389, -39.708732605, 42.9228668213], [-41.1548957825, 35.4920387268, 144.653900146, 43.3236083984, 40.8818359375, 7.03327131271, 10.6731414795, 7.56784486771, 11.2876224518, 13.9204034805, 9.54436206818, 11.8947086334, -15.9544267654], [-49.621887207, 84.0567092896, 43.3236083984, 137.431411743, 69.9170913696, -0.761325776577, 18.2634773254, -13.4858675003, 15.0708761215, -15.6718893051, 16.3686466217, -4.58681678772, 19.9744110107], [-26.6816692352, -20.3493709564, 40.8818359375, 69.9170913696, 114.650238037, 44.4230613708, 9.02134990692, 17.4263782501, 17.3194847107, -6.50996732712, 10.3624773026, 8.18456077576, -1.91421878338], [37.0335388184, -44.5628433228, 7.03327131271, -0.761325776577, 44.4230613708, 78.6630554199, 36.2726593018, 33.6806488037, 15.1242904663, 26.7161026001, 1.49459838867, 4.79931116104, -2.54580068588], [-6.30341768265, 63.6555747986, 10.6731414795, 18.2634773254, 9.02134990692, 36.2726593018, 81.930809021, 36.791519165, 22.4665470123, 13.3221578598, 20.7257175446, 5.81264543533, 11.7403593063], [48.5303688049, -127.532318115, 7.56784486771, -13.4858675003, 17.4263782501, 33.6806488037, 36.791519165, 150.317489624, 48.8806266785, 40.5445861816, 15.9113073349, 49.0051269531, -8.41306114197], [3.30509734154, -2.77844405174, 11.2876224518, 15.0708761215, 17.3194847107, 15.1242904663, 22.4665470123, 48.8806266785, 48.3556098938, 29.8305530548, 14.1890869141, 18.6196212769, 11.0843544006], [47.5048942566, -39.9705162048, 13.9204034805, -15.6718893051, -6.50996732712, 26.7161026001, 13.3221578598, 40.5445861816, 29.8305530548, 70.7097702026, 12.9501657486, 13.4288635254, 0.588231801987], [-22.0816841125, 39.0621986389, 9.54436206818, 16.3686466217, 10.3624773026, 1.49459838867, 20.7257175446, 15.9113073349, 14.1890869141, 12.9501657486, 40.6000022888, 19.2776279449, 3.44429683685], [12.0625600815, -39.708732605, 11.8947086334, -4.58681678772, 8.18456077576, 4.79931116104, 5.81264543533, 49.0051269531, 18.6196212769, 13.4288635254, 19.2776279449, 55.7922325134, 8.82612228394], [-7.7924656868, 42.9228668213, -15.9544267654, 19.9744110107, -1.91421878338, -2.54580068588, 11.7403593063, -8.41306114197, 11.0843544006, 0.588231801987, 3.44429683685, 8.82612228394, 43.3448638916]],
        "icov": [[0.00392765086144, -0.0028783371672, 0.00210575899109, -0.000372011272702, 0.000265030568698, -0.00303446920589, 0.00357802957296, -0.00381777225994, 0.00384725630283, -0.00420376798138, 0.00534143252298, -0.00257701496594, 0.00179977784865], [-0.0028783371672, 0.0101426290348, -0.00382431293838, -0.000921162718441, 0.00237546209246, 0.00548144290224, -0.0108879003674, 0.0112619362772, -0.00890124589205, 0.00681597087532, -0.0106475017965, 0.00462835747749, -0.00389527482912], [0.00210575899109, -0.00382431293838, 0.0123174842447, -0.00271512218751, -0.00463028904051, 0.0020082029514, -0.000593962555286, -0.000997302704491, 0.00353265670128, -0.00881531182677, 0.00961007550359, -0.00854550208896, 0.010024137795], [-0.000372011272702, -0.000921162718441, -0.00271512218751, 0.0176389962435, -0.0134451752529, 0.00903069693595, -0.00367914699018, -0.000513363396749, -0.000265195267275, 6.77931093378e-05, -0.00256815110333, 0.00576435262337, -0.00835184473544], [0.000265030568698, 0.00237546209246, -0.00463028904051, -0.0134451752529, 0.0309404674917, -0.0243370402604, 0.0117176901549, 0.000515977561008, -0.01112665236, 0.0150637961924, -0.0102419406176, 0.000646749627776, 0.00237326417118], [-0.00303446920589, 0.00548144290224, 0.0020082029514, 0.00903069693595, -0.0243370402604, 0.0445257239044, -0.0279971696436, 0.00785620883107, 0.00374189694412, -0.0146298706532, 0.00805298052728, 0.00014578831906, -0.000175428285729], [0.00357802957296, -0.0108879003674, -0.000593962555286, -0.00367914699018, 0.0117176901549, -0.0279971696436, 0.0422718524933, -0.0201441720128, 0.00376351224259, 0.00452719815075, -0.00682026287541, 0.00613210722804, -0.00531511055306], [-0.00381777225994, 0.0112619362772, -0.000997302704491, -0.000513363396749, 0.000515977561008, 0.00785620883107, -0.0201441720128, 0.0309912506491, -0.0227208212018, 0.00431311456487, -0.0040296735242, -0.0102132996544, 0.00813820026815], [0.00384725630283, -0.00890124589205, 0.00353265670128, -0.000265195267275, -0.01112665236, 0.00374189694412, 0.00376351224259, -0.0227208212018, 0.0587704516947, -0.0243704989552, 0.00877267960459, -0.00231174961664, -0.00969695113599], [-0.00420376798138, 0.00681597087532, -0.00881531182677, 6.77931093378e-05, 0.0150637961924, -0.0146298706532, 0.00452719815075, 0.00431311456487, -0.0243704989552, 0.0386679805815, -0.0220880676061, 0.00982531160116, -0.00590256601572], [0.00534143252298, -0.0106475017965, 0.00961007550359, -0.00256815110333, -0.0102419406176, 0.00805298052728, -0.00682026287541, -0.0040296735242, 0.00877267960459, -0.0220880676061, 0.0591441839933, -0.0265220925212, 0.01606791839], [-0.00257701496594, 0.00462835747749, -0.00854550208896, 0.00576435262337, 0.000646749627776, 0.00014578831906, 0.00613210722804, -0.0102132996544, -0.00231174961664, 0.00982531160116, -0.0265220925212, 0.0431362986565, -0.020672865212], [0.00179977784865, -0.00389527482912, 0.010024137795, -0.00835184473544, 0.00237326417118, -0.000175428285729, -0.00531511055306, 0.00813820026815, -0.00969695113599, -0.00590256601572, 0.01606791839, -0.020672865212, 0.0433964580297]]
    },
    "melbands": {
        "dmean": [0.000142827426316, 0.000183410913451, 0.000205880976864, 0.000754075823352, 0.000221916314331, 5.94770644966e-05, 2.53252492257e-05, 3.24707107211e-05, 4.41462725576e-05, 4.91511927976e-05, 2.63730398729e-05, 2.39474156842e-05, 4.09122731071e-05, 2.27684777201e-05, 6.13319207332e-06, 1.48079998326e-05, 3.2345931686e-05, 8.38513587951e-05, 3.06458532577e-05, 7.32239132049e-05, 0.000106952473288, 0.000106210631202, 6.80096782162e-05, 4.72785359307e-05, 5.54794678465e-05, 2.49517197517e-05, 9.92557306745e-06, 5.17375565323e-06, 2.86418912765e-06, 9.11270581128e-06, 4.71202565677e-06, 6.31402201634e-07, 2.57854367192e-07, 4.32299067654e-08, 1.9786734029e-08, 4.58170141826e-08, 7.05563181214e-08, 3.65488439513e-08, 2.24775131841e-08, 1.37147386781e-08],
        "dmean2": [0.000225398995099, 0.000329710950609, 0.000348056666553, 0.00135990802664, 0.000376382988179, 9.61362966336e-05, 4.32575725426e-05, 5.57154417038e-05, 7.74765576352e-05, 8.46208859002e-05, 4.00694880227e-05, 3.71524583898e-05, 7.06628779881e-05, 3.72510658053e-05, 1.01420091596e-05, 2.48149008257e-05, 5.34097671334e-05, 0.000121460616356, 5.17389380548e-05, 0.000125585851492, 0.000176727684448, 0.000183703246876, 0.000114434529678, 7.84159783507e-05, 9.40398094826e-05, 3.79171397071e-05, 1.64402572409e-05, 8.67840844876e-06, 4.88987461722e-06, 1.46749607666e-05, 7.71611576056e-06, 1.01932107555e-06, 4.08614710068e-07, 7.02024465227e-08, 3.24083622161e-08, 7.6892824552e-08, 1.20233721645e-07, 5.88794293321e-08, 3.8685541881e-08, 2.19424816095e-08],
        "dvar": [1.04564435333e-07, 1.00468056985e-07, 5.86644404166e-08, 9.12216421511e-07, 4.37175735613e-08, 8.82438389027e-09, 2.90094726019e-09, 3.20897197703e-09, 2.26305396644e-09, 4.25810053883e-09, 1.83217518934e-09, 8.04079691719e-10, 2.62781507665e-09, 8.01262445282e-10, 6.55995049947e-11, 2.17597273533e-10, 9.50670431266e-10, 1.55608859131e-08, 1.1893914742e-09, 9.53386258828e-09, 2.04810390869e-08, 2.13324238274e-08, 1.02404538183e-08, 8.55573656366e-09, 4.79120654262e-09, 8.86100415265e-10, 1.14338691293e-10, 2.94737047268e-11, 7.8278954499e-12, 8.95678184398e-11, 3.3413379702e-11, 3.70234848638e-13, 5.51869951105e-14, 2.44641792244e-15, 9.82341060743e-16, 4.02594929237e-15, 1.15081665511e-14, 2.28492664412e-15, 1.44387914931e-15, 7.11368285834e-16],
        "dvar2": [2.44417662998e-07, 3.10715080332e-07, 1.66532217349e-07, 2.45420710598e-06, 1.23383358641e-07, 1.95813143478e-08, 7.72932295945e-09, 8.69602434506e-09, 5.83886672345e-09, 1.2157068241e-08, 4.29739532848e-09, 1.90659221744e-09, 6.82385925543e-09, 1.79848191895e-09, 1.66779784427e-10, 5.47643097537e-10, 2.20207541091e-09, 2.61176360539e-08, 3.22363646887e-09, 2.41552271518e-08, 5.00532486569e-08, 5.54659003171e-08, 2.78211622629e-08, 2.22048157639e-08, 1.22134329317e-08, 2.14342499305e-09, 3.41191769282e-10, 8.52103249072e-11, 2.03898859602e-11, 2.24642304758e-10, 8.72636060634e-11, 9.10934630678e-13, 1.35267759992e-13, 4.80858952442e-15, 2.1101386426e-15, 1.11958214577e-14, 3.03850437107e-14, 5.82152192121e-15, 3.86934306481e-15, 1.99871018783e-15],
        "max": [0.00383841525763, 0.00281949690543, 0.00185496872291, 0.00587972346693, 0.00112582033034, 0.000807713367976, 0.000568595190998, 0.00043467321666, 0.000421849166742, 0.00045448372839, 0.000331331073539, 0.0002205613564, 0.000340608967235, 0.00024346531427, 7.74919462856e-05, 8.23616137495e-05, 0.000250883458648, 0.00195372756571, 0.000236701831454, 0.000612043659203, 0.00100892630871, 0.000892904063221, 0.000908323330805, 0.000853610690683, 0.000461014482426, 0.000333598349243, 0.00010331159865, 4.51999949291e-05, 2.55194372585e-05, 9.36681826715e-05, 4.86020035169e-05, 4.90524007546e-06, 1.81080974926e-06, 5.8378822132e-07, 3.1244536558e-07, 5.07001061578e-07, 8.64044409354e-07, 3.56107108246e-07, 3.07754078221e-07, 2.51951604469e-07],
        "mean": [0.000160287148901, 0.000216704647755, 0.000286381080514, 0.00100254639983, 0.000307032139972, 7.62762938393e-05, 3.43223364325e-05, 4.1548464651e-05, 7.06027713022e-05, 6.93071851856e-05, 4.59106158814e-05, 3.46857596014e-05, 6.20274586254e-05, 3.57467615686e-05, 1.04909668153e-05, 2.16350545088e-05, 5.81430904276e-05, 0.000166267549503, 5.98559709033e-05, 0.000107868152554, 0.000174713582965, 0.000163807620993, 0.000107269872387, 7.12851906428e-05, 8.52809316712e-05, 4.74853732157e-05, 2.23567531066e-05, 1.1096207345e-05, 6.61785270495e-06, 1.99443620659e-05, 1.0953473975e-05, 1.62501464729e-06, 6.13282395534e-07, 8.34206659306e-08, 4.06537701281e-08, 8.60838014205e-08, 1.22070247244e-07, 6.85889673946e-08, 4.15325551728e-08, 2.56335397353e-08],
        "median": [6.2991573941e-05, 0.000103784892417, 0.000220213318244, 0.000453909713542, 0.000258090207353, 3.09598035528e-05, 1.9922203137e-05, 2.31485337281e-05, 6.1379680119e-05, 5.05879834236e-05, 2.37294570979e-05, 2.19177600229e-05, 4.90171769343e-05, 2.26312567975e-05, 8.19788328954e-06, 1.56795067596e-05, 4.42408672825e-05, 6.70267327223e-05, 4.39463619841e-05, 7.18461233191e-05, 0.00012832522043, 0.000120881762996, 7.85798256402e-05, 5.05505668116e-05, 6.14053496975e-05, 3.93036862079e-05, 1.990502642e-05, 9.98889208859e-06, 5.83838937018e-06, 1.69807863131e-05, 8.51055847306e-06, 1.46636534737e-06, 5.29993883447e-07, 6.24999003662e-08, 3.39280781247e-08, 6.79460256947e-08, 9.29161743102e-08, 5.25963770315e-08, 2.93775475058e-08, 1.77589036809e-08],
        "min": [1.40794031722e-06, 9.0904713943e-06, 6.55291114526e-06, 1.62640099006e-05, 5.21237416251e-06, 1.91222079593e-06, 1.49461732235e-06, 9.79294441095e-07, 3.7752154185e-06, 4.44531315225e-06, 2.50091625276e-06, 1.56676333063e-06, 1.24415214486e-06, 1.83878114512e-06, 6.2000373191e-07, 9.03113914319e-07, 2.27478585657e-06, 2.76181208392e-06, 6.92269395586e-07, 4.39084345771e-07, 2.44550960815e-06, 1.27239911762e-06, 6.99629083556e-07, 2.43312592829e-06, 2.34005915445e-06, 1.60889521794e-06, 5.90233639741e-07, 1.31345203158e-07, 2.17451670892e-07, 9.08557183266e-07, 6.25856614533e-07, 4.70476422265e-08, 2.88396293513e-08, 1.46090295416e-08, 8.90620466265e-09, 1.7503376526e-08, 1.55474673136e-08, 5.28783772324e-09, 3.02895886151e-09, 1.53133472569e-09],
        "var": [1.37642899745e-07, 1.17203832417e-07, 7.41811092553e-08, 1.4838133211e-06, 6.46217444e-08, 1.58672666117e-08, 3.47165607373e-09, 3.8012148984e-09, 3.3149480938e-09, 4.28993729429e-09, 3.30110627722e-09, 1.45283884923e-09, 3.03179503724e-09, 1.32288358046e-09, 1.00445318729e-10, 3.28404387018e-10, 2.20019091834e-09, 9.39618871598e-08, 2.32992647398e-09, 1.02327781804e-08, 2.26719798491e-08, 2.12729354132e-08, 9.32659549591e-09, 7.53493800687e-09, 5.29732435695e-09, 1.51602042031e-09, 1.59877708295e-10, 3.89388590816e-11, 1.29594954559e-11, 1.97681246372e-10, 6.5296025531e-11, 7.33229666219e-13, 1.14298178669e-13, 4.40504608769e-15, 1.07180044547e-15, 4.04835585492e-15, 1.14477409147e-14, 3.310799375e-15, 1.52520405312e-15, 7.61816562321e-16]
    },
    "mfcc": {
        "mean": [-630.800598145, 115.025390625, -71.7403793335, 60.4970817566, 4.81957578659, -3.01812410355, -0.644047915936, -4.70482349396, 11.9784231186, -9.81379795074, -10.058218956, -5.13509082794, -20.9075927734],
        "cov": [[468.649475098, -7.91995286942, -57.2529182434, -69.0624847412, -35.8621826172, -14.0499868393, -2.27664113045, -16.4346351624, 34.4791374207, 15.330862999, 15.1284151077, -10.4253110886, 7.04748058319], [-7.91995286942, 276.597900391, 63.1730651855, 67.1670150757, -56.9496307373, 54.2859115601, 9.56702136993, -25.7492389679, -34.6669883728, -12.1552505493, -11.0537424088, -13.4562129974, -5.3173661232], [-57.2529182434, 63.1730651855, 100.092834473, 38.333190918, -2.93235731125, 15.6308135986, 2.57502388954, -7.71456861496, -6.74760437012, 5.07494020462, 11.4806137085, 6.31756734848, -4.63372087479], [-69.0624847412, 67.1670150757, 38.333190918, 138.001495361, 49.9664459229, 31.6841106415, 13.0723152161, 9.8415851593, -5.22795391083, -9.22068881989, -9.51262283325, 6.24343442917, -4.82258415222], [-35.8621826172, -56.9496307373, -2.93235731125, 49.9664459229, 116.681716919, 28.3737621307, 6.64159440994, 28.2004451752, 5.20047283173, 9.13675785065, 2.93888521194, 7.25785541534, 4.14834022522], [-14.0499868393, 54.2859115601, 15.6308135986, 31.6841106415, 28.3737621307, 97.7268753052, 26.6523895264, -9.77071762085, -10.4241857529, 16.7432670593, -2.47606515884, -24.6979484558, -14.3754348755], [-2.27664113045, 9.56702136993, 2.57502388954, 13.0723152161, 6.64159440994, 26.6523895264, 56.2208023071, 30.1053409576, 8.91917228699, 24.8077354431, 16.1541290283, 4.75493907928, 2.80286598206], [-16.4346351624, -25.7492389679, -7.71456861496, 9.8415851593, 28.2004451752, -9.77071762085, 30.1053409576, 82.6346817017, 25.6137619019, 11.6925640106, 17.0798377991, 19.0984268188, 12.4406747818], [34.4791374207, -34.6669883728, -6.74760437012, -5.22795391083, 5.20047283173, -10.4241857529, 8.91917228699, 25.6137619019, 66.9740066528, 23.5409088135, 13.7183589935, 14.3614273071, 15.179318428], [15.330862999, -12.1552505493, 5.07494020462, -9.22068881989, 9.13675785065, 16.7432670593, 24.8077354431, 11.6925640106, 23.5409088135, 63.8356170654, 27.7981052399, -11.740609169, 3.44858431816], [15.1284151077, -11.0537424088, 11.4806137085, -9.51262283325, 2.93888521194, -2.47606515884, 16.1541290283, 17.0798377991, 13.7183589935, 27.7981052399, 48.7431945801, 24.8482894897, 10.163476944], [-10.4253110886, -13.4562129974, 6.31756734848, 6.24343442917, 7.25785541534, -24.6979484558, 4.75493907928, 19.0984268188, 14.3614273071, -11.740609169, 24.8482894897, 66.987197876, 33.8799324036], [7.04748058319, -5.3173661232, -4.63372087479, -4.82258415222, 4.14834022522, -14.3754348755, 2.80286598206, 12.4406747818, 15.179318428, 3.44858431816, 10.163476944, 33.8799324036, 56.3036003113]],
