{
"lowlevel": {
    "average_loudness": 0.9877166152,
    "barkbands_crest": {
        "dmean": 3.28801965714,
        "dmean2": 5.70706748962,
        "dvar": 6.9628663063,
        "dvar2": 20.6239681244,
        "max": 16.0806007385,
        "mean": 7.45904874802,
        "median": 6.37630319595,
        "min": 3.25449800491,
        "var": 10.190738678
    },
    "barkbands_flatness_db": {
        "dmean": 0.0168065298349,
        "dmean2": 0.0292547009885,
        "dvar": 0.000219286244828,
        "dvar2": 0.000622261548415,
        "max": 0.184335663915,
        "mean": 0.130598887801,
        "median": 0.12736274302,
        "min": 0.0791437625885,
        "var": 0.000348096888047
    },
    "barkbands_kurtosis": {
        "dmean": 0.623832166195,
        "dmean2": 1.13416850567,
        "dvar": 0.442940056324,
        "dvar2": 1.23760807514,
        "max": 1.39371538162,
        "mean": -1.0807466507,
        "median": -1.35421431065,
        "min": -1.74375009537,
        "var": 0.503182053566
    },
    "barkbands_skewness": {
        "dmean": 0.584738314152,
        "dmean2": 0.998572766781,
        "dvar": 0.162018373609,
        "dvar2": 0.503504395485,
        "max": 1.71709954739,
        "mean": 0.312775909901,
        "median": 0.288849174976,
        "min": -1.15725266933,
        "var": 0.37606304884
    },
    "barkbands_spread": {
        "dmean": 5.31806659698,
        "dmean2": 9.52680206299,
        "dvar": 20.2178134918,
        "dvar2": 55.9160041809,
        "max": 50.0184326172,
        "mean": 38.4127120972,
        "median": 38.1657600403,
        "min": 24.6159038544,
        "var": 31.1907691956
    },
    "dissonance": {
        "dmean": 0.00593475485221,
        "dmean2": 0.00974621716887,
        "dvar": 4.80324342789e-05,
        "dvar2": 8.77501661307e-05,
        "max": 0.499719619751,
        "mean": 0.490491092205,
        "median": 0.491901785135,
        "min": 0.429079264402,
        "var": 6.09532398812e-05
    },
    "dynamic_complexity": 0.638164818287,
    "erbbands_crest": {
        "dmean": 2.56564879417,
        "dmean2": 4.3392534256,
        "dvar": 3.5805478096,
        "dvar2": 11.250878334,
        "max": 13.9177465439,
        "mean": 8.3829832077,
        "median": 8.06657505035,
        "min": 3.65400505066,
        "var": 5.42531442642
    },
    "erbbands_flatness_db": {
        "dmean": 0.0124005274847,
        "dmean2": 0.0204247348011,
        "dvar": 7.8093034972e-05,
        "dvar2": 0.000207745251828,
        "max": 0.245448902249,
        "mean": 0.205784574151,
        "median": 0.205961287022,
        "min": 0.156017780304,
        "var": 0.000179971917532
    },
    "erbbands_kurtosis": {
        "dmean": 1.21422016621,
        "dmean2": 1.94480419159,
        "dvar": 0.725206911564,
        "dvar2": 2.3089492321,
        "max": 6.29327964783,
        "mean": 2.07910680771,
        "median": 1.83329629898,
        "min": -0.790608167648,
        "var": 2.23506045341
    },
    "erbbands_skewness": {
        "dmean": 0.30849263072,
        "dmean2": 0.526406705379,
        "dvar": 0.0579079389572,
        "dvar2": 0.175131693482,
        "max": -0.309979617596,
        "mean": -1.20405316353,
        "median": -1.18436133862,
        "min": -2.10185456276,
        "var": 0.103941194713
    },
    "erbbands_spread": {
        "dmean": 4.9944729805,
        "dmean2": 8.53372955322,
        "dvar": 13.0416355133,
        "dvar2": 37.312587738,
        "max": 42.4314994812,
        "mean": 22.5091953278,
        "median": 21.4366569519,
        "min": 12.0348358154,
        "var": 40.3842086792
    },
    "hfc": {
        "dmean": 7.40490865707,
        "dmean2": 11.414940834,
        "dvar": 42.3271331787,
        "dvar2": 82.2793731689,
        "max": 61.5092582703,
        "mean": 33.8253440857,
        "median": 33.537612915,
        "min": 0.743481099606,
        "var": 118.535400391
    },
    "melbands_crest": {
        "dmean": 4.34766578674,
        "dmean2": 7.30819749832,
        "dvar": 10.6266441345,
        "dvar2": 32.9227485657,
        "max": 23.1268768311,
        "mean": 12.6930809021,
        "median": 12.0678424835,
        "min": 5.00099182129,
        "var": 16.6480331421
    },
    "melbands_flatness_db": {
        "dmean": 0.0304987952113,
        "dmean2": 0.0516178645194,
        "dvar": 0.00051466334844,
        "dvar2": 0.00163691863418,
        "max": 0.260020315647,
        "mean": 0.176869630814,
        "median": 0.174186706543,
        "min": 0.113591961563,
        "var": 0.00101457920391
    },
    "melbands_kurtosis": {
        "dmean": 2.98860383034,
        "dmean2": 5.18141555786,
        "dvar": 8.10717773438,
        "dvar2": 23.7942390442,
        "max": 13.7307891846,
        "mean": 2.1125202179,
        "median": 1.01057004929,
        "min": -1.48372638226,
        "var": 11.7011289597
    },
    "melbands_skewness": {
        "dmean": 0.792323172092,
        "dmean2": 1.33388400078,
        "dvar": 0.332066506147,
        "dvar2": 1.0552341938,
        "max": 3.78863620758,
        "mean": 1.61646699905,
        "median": 1.52931928635,
        "min": -0.124866515398,
        "var": 0.667849719524
    },
    "melbands_spread": {
        "dmean": 15.1505308151,
        "dmean2": 26.0002403259,
        "dvar": 107.626274109,
        "dvar2": 329.164581299,
        "max": 83.2244796753,
        "mean": 49.6888084412,
        "median": 50.4077339172,
        "min": 18.2156715393,
        "var": 265.739013672
    },
    "pitch_salience": {
        "dmean": 0.0938155800104,
        "dmean2": 0.161165580153,
        "dvar": 0.00576328625903,
        "dvar2": 0.0158654544502,
        "max": 0.795159101486,
        "mean": 0.595225632191,
        "median": 0.606174111366,
        "min": 0.34877589345,
        "var": 0.00743853207678
    },
    "silence_rate_20dB": {
        "dmean": 0,
        "dmean2": 0,
        "dvar": 0,
        "dvar2": 0,
        "max": 1,
        "mean": 1,
        "median": 1,
        "min": 1,
        "var": 0
    },
    "silence_rate_30dB": {
        "dmean": 0,
        "dmean2": 0,
        "dvar": 0,
        "dvar2": 0,
        "max": 1,
        "mean": 1,
        "median": 1,
        "min": 1,
        "var": 0
    },
    "silence_rate_60dB": {
        "dmean": 0,
        "dmean2": 0,
        "dvar": 0,
        "dvar2": 0,
        "max": 0,
        "mean": 0,
        "median": 0,
        "min": 0,
        "var": 0
    },
    "spectral_centroid": {
        "dmean": 170.771530151,
        "dmean2": 293.050750732,
        "dvar": 15003.4492188,
        "dvar2": 40159.3476562,
        "max": 2708.69360352,
        "mean": 2264.27636719,
        "median": 2278.75268555,
        "min": 1509.38696289,
        "var": 58683.6523438
    },
    "spectral_complexity": {
        "dmean": 4.19999980927,
        "dmean2": 6.78991603851,
        "dvar": 18.359998703,
        "dvar2": 31.678571701,
        "max": 50,
        "mean": 39.5206604004,
        "median": 40,
        "min": 1,
        "var": 33.4396514893
    },
    "spectral_decrease": {
        "dmean": 2.20830376207e-09,
        "dmean2": 3.72296282691e-09,
        "dvar": 3.09778456977e-18,
        "dvar2": 9.6045926157e-18,
        "max": -1.53060536467e-10,
        "mean": -7.40657579712e-09,
        "median": -7.47072537166e-09,
        "min": -1.17540590594e-08,
        "var": 4.34657727939e-18
    },
    "spectral_energy": {
        "dmean": 0.0085578141734,
        "dmean2": 0.0142693305388,
        "dvar": 4.63239812234e-05,
        "dvar2": 0.000141290249303,
        "max": 0.0473514832556,
        "mean": 0.0310221742839,
        "median": 0.0317091792822,
        "min": 0.000645121443085,
        "var": 6.83078469592e-05
    },
    "spectral_energyband_high": {
        "dmean": 0.000196452208911,
        "dmean2": 0.000303486536723,
        "dvar": 2.42224622582e-08,
        "dvar2": 5.95763118838e-08,
        "max": 0.0013325382024,
        "mean": 0.00063675630372,
        "median": 0.000585477508139,
        "min": 1.82490766747e-05,
        "var": 6.35141290672e-08
    },
    "spectral_energyband_low": {
        "dmean": 0.00805828440934,
        "dmean2": 0.0140103930607,
        "dvar": 4.15607719333e-05,
        "dvar2": 0.000131357548526,
        "max": 0.0334240347147,
        "mean": 0.0120172426105,
        "median": 0.0107979448512,
        "min": 0.000216525251744,
        "var": 5.11141042807e-05
    },
    "spectral_energyband_middle_high": {
        "dmean": 0.00315555697307,
        "dmean2": 0.00491401972249,
        "dvar": 6.74878810969e-06,
        "dvar2": 1.42773742482e-05,
        "max": 0.0242113303393,
        "mean": 0.0130493566394,
        "median": 0.0126779070124,
        "min": 0.000265645299805,
        "var": 2.03088729904e-05
    },
    "spectral_energyband_middle_low": {
        "dmean": 0.00237412098795,
        "dmean2": 0.00390489841811,
        "dvar": 4.5656383918e-06,
        "dvar2": 1.23132176668e-05,
        "max": 0.0175709333271,
        "mean": 0.00619574077427,
        "median": 0.00567580154166,
        "min": 0.000162181357155,
        "var": 1.03292813947e-05
    },
    "spectral_entropy": {
        "dmean": 0.0563892908394,
        "dmean2": 0.099323131144,
        "dvar": 0.00344115844928,
        "dvar2": 0.0074683916755,
        "max": 8.12722682953,
        "mean": 7.67888355255,
        "median": 7.68190765381,
        "min": 7.49613380432,
        "var": 0.0038940559607
    },
    "spectral_flux": {
        "dmean": 0.0158099997789,
        "dmean2": 0.0242145117372,
        "dvar": 0.000155204994371,
        "dvar2": 0.00039385195123,
        "max": 0.163455307484,
        "mean": 0.110066384077,
        "median": 0.106938242912,
        "min": 0.0680225268006,
        "var": 0.00030063817394
    },
    "spectral_kurtosis": {
        "dmean": 2.20155954361,
        "dmean2": 3.8425424099,
        "dvar": 3.18091034889,
        "dvar2": 8.31122970581,
        "max": 15.4275436401,
        "mean": 5.14200592041,
        "median": 4.35612344742,
        "min": 1.26870822906,
        "var": 6.62536048889
    },
    "spectral_rms": {
        "dmean": 0.000781541515607,
        "dmean2": 0.00128410721663,
        "dvar": 4.80548578707e-07,
        "dvar2": 1.23655684092e-06,
        "max": 0.00679680565372,
        "mean": 0.00543828727677,
        "median": 0.00556199485436,
        "min": 0.000793338986114,
        "var": 6.90571994255e-07
    },
    "spectral_rolloff": {
        "dmean": 374.67767334,
        "dmean2": 632.605712891,
        "dvar": 107916.617188,
        "dvar2": 344688.71875,
        "max": 3208.44726562,
        "mean": 2373.63500977,
        "median": 2411.71875,
        "min": 904.39453125,
        "var": 188106.125
    },
    "spectral_skewness": {
        "dmean": 0.223533526063,
        "dmean2": 0.369412571192,
        "dvar": 0.0350151397288,
        "dvar2": 0.0720102936029,
        "max": 2.96683382988,
        "mean": 0.903728723526,
        "median": 0.834086477757,
        "min": 0.501631677151,
        "var": 0.0896822586656
    },
    "spectral_spread": {
        "dmean": 171136.28125,
        "dmean2": 273742.5,
        "dvar": 74499416064,
        "dvar2": 110627479552,
        "max": 5376717,
        "mean": 2362210.75,
        "median": 2332975.75,
        "min": 1944176.375,
        "var": 107900223488
    },
    "spectral_strongpeak": {
        "dmean": 0.379363626242,
        "dmean2": 0.726586163044,
        "dvar": 0.815019607544,
        "dvar2": 2.39726305008,
        "max": 5.0371055603,
        "mean": 0.365462124348,
        "median": 0.230917900801,
        "min": 0.010626074858,
        "var": 0.450549423695
    },
    "zerocrossingrate": {
        "dmean": 0.00807698536664,
        "dmean2": 0.0104877892882,
        "dvar": 4.29983847425e-05,
        "dvar2": 6.05657151027e-05,
        "max": 0.1005859375,
        "mean": 0.068795196712,
        "median": 0.06982421875,
        "min": 0.01806640625,
        "var": 0.000210367143154
    },
    "barkbands": {
        "dmean": [5.05083189637e-05, 0.00655615143478, 0.00275351386517, 0.00117642781697, 0.00135186535772, 0.000697557989042, 0.000431534950621, 0.000298988481518, 0.000338051759172, 0.00048203219194, 0.000324334920151, 0.000309506460326, 0.000393383495975, 0.000638916681055, 0.000671729969326, 0.00171334983315, 0.00101779634133, 0.000371453090338, 0.000502363138366, 0.000215289983316, 0.000119142627227, 2.3051041353e-05, 9.58679720497e-07, 2.3735619834e-06, 6.01797978561e-07, 3.34467472385e-07, 1.66653517653e-08],
        "dmean2": [7.8213364759e-05, 0.0115587282926, 0.004686455708, 0.0021054323297, 0.00238487008028, 0.00122970237862, 0.000741366995499, 0.000499935704283, 0.000561300548725, 0.000795486732386, 0.000544623704627, 0.000504893017933, 0.000644721614663, 0.00108525843825, 0.000972603796981, 0.00272894278169, 0.00175763771404, 0.000586022739299, 0.000799655739684, 0.000351120514097, 0.000187987243407, 3.4759988921e-05, 1.49575134856e-06, 3.9652131818e-06, 9.64396463132e-07, 4.95320477967e-07, 2.78576397506e-08],
        "dvar": [2.95583246768e-09, 3.08884846163e-05, 7.22727600078e-06, 2.11052315535e-06, 1.59183787218e-06, 6.05744219229e-07, 4.25952663363e-07, 1.13243999067e-07, 1.05118409977e-07, 1.89722726418e-07, 1.06168847935e-07, 6.69597355341e-08, 1.57323498229e-07, 3.26393461592e-07, 3.77881519853e-07, 1.52788629748e-06, 9.87070393421e-07, 9.74942580001e-08, 1.95213956999e-07, 2.83225816133e-08, 1.12884910308e-08, 3.72181008235e-10, 6.52813035833e-13, 5.90093902561e-12, 3.34379523853e-13, 1.73716537032e-13, 4.54053228986e-16],
        "dvar2": [5.95002092041e-09, 9.46804429987e-05, 1.94766398636e-05, 5.70884685658e-06, 4.37706466982e-06, 1.55162615556e-06, 1.16701210118e-06, 2.47556982913e-07, 2.97479687106e-07, 4.36400057424e-07, 2.89762056127e-07, 1.84127955549e-07, 3.22841913203e-07, 9.23712264012e-07, 9.7733527582e-07, 4.47081310995e-06, 2.59422927229e-06, 2.53155519658e-07, 5.35831986781e-07, 7.08376575176e-08, 2.96776878628e-08, 8.49691761395e-10, 1.45565439043e-12, 1.83776500962e-11, 7.19309377686e-13, 3.8986378687e-13, 1.06466366349e-15],
        "max": [0.000446806196123, 0.0277456324548, 0.0160413645208, 0.00746322609484, 0.00792949460447, 0.00415934575722, 0.00400792760774, 0.00190927286167, 0.00269339140505, 0.00325150345452, 0.00236903247423, 0.00184042355977, 0.00223076366819, 0.00339655019343, 0.00602045189589, 0.00879179313779, 0.00653523253277, 0.00302004744299, 0.00328964134678, 0.00176463858224, 0.000805775227491, 0.0001682771981, 8.88755857886e-06, 2.09825993807e-05, 5.78934941586e-06, 4.57145461041e-06, 2.26085944632e-07],
        "mean": [6.58326825942e-05, 0.00797848403454, 0.00322475843132, 0.0015560858883, 0.0020702239126, 0.000849892036058, 0.000513377541211, 0.000377508607926, 0.00060662755277, 0.0010867753299, 0.000497116998304, 0.000514886982273, 0.000421494361944, 0.00121715036221, 0.00142012385186, 0.00321230804548, 0.00216071796604, 0.000925514788833, 0.00131215527654, 0.000583528424613, 0.000346307177097, 6.89001244609e-05, 2.93602852253e-06, 6.8965509854e-06, 1.72092256889e-06, 8.49986122375e-07, 2.88760482192e-08],
        "median": [4.74401458632e-05, 0.00621156441048, 0.00238777697086, 0.00120046536904, 0.00161026057322, 0.000587702263147, 0.000304309709463, 0.00023901835084, 0.00046945741633, 0.000999712618068, 0.000413701374782, 0.000421453558374, 0.000247819058131, 0.00106219341978, 0.00122658594046, 0.00310526043177, 0.0018653892912, 0.000837969768327, 0.00124924664851, 0.00054325372912, 0.000306261557853, 6.28760171821e-05, 2.76809237221e-06, 6.1786340666e-06, 1.44546072534e-06, 5.5324898085e-07, 2.18707469912e-08],
        "min": [1.10340351966e-06, 0.000116727373097, 7.12942419341e-05, 2.31263165915e-05, 6.36940894765e-05, 4.36540758528e-05, 1.33175205974e-06, 3.17297508445e-06, 1.56329533638e-05, 8.26751693239e-06, 1.71370429598e-05, 2.9987499147e-05, 1.7535609004e-05, 8.95315315574e-06, 2.47511961788e-05, 2.57842093561e-05, 3.01114032482e-05, 4.84076335852e-05, 4.11924702348e-05, 1.15397206173e-05, 1.10557430162e-05, 1.14997487799e-06, 2.56026538636e-07, 3.67324901163e-07, 2.71851376965e-07, 1.10246915597e-07, 4.62418148217e-09],
        "var": [4.82023709836e-09, 3.52272618329e-05, 8.61835997057e-06, 2.367044317e-06, 2.75417983175e-06, 6.59786621782e-07, 4.1900526071e-07, 1.42802292658e-07, 2.19019412384e-07, 3.52950280558e-07, 1.28549658029e-07, 1.1267459854e-07, 1.95321689489e-07, 5.10767506512e-07, 8.16138879145e-07, 3.36354128194e-06, 1.43082138493e-06, 2.15713058083e-07, 3.72419947325e-07, 7.01032192296e-08, 2.23029328339e-08, 9.71626890056e-10, 1.87643260305e-12, 1.42340627132e-11, 1.32260565347e-12, 6.96479495171e-13, 9.40491174523e-16]
    },
    "erbbands": {
        "dmean": [0.1345397681, 1.65388607979, 3.37847399712, 2.9911839962, 5.52556800842, 4.36158800125, 4.73990011215, 4.56097841263, 4.33666086197, 5.84883022308, 8.75238895416, 7.53205108643, 10.9299154282, 14.5919733047, 12.3806753159, 12.9415130615, 9.25768661499, 34.8489837646, 43.4822387695, 32.9194145203, 103.671333313, 57.907749176, 20.9206676483, 27.6493320465, 15.7780218124, 11.5504331589, 5.03418111801, 3.6798286438, 1.02857482433, 0.159260243177, 0.0317205227911, 0.060099132359, 0.0279508139938, 0.0114793656394, 0.00158573896624, 0.00182710925583, 0.000528746691998, 3.23476742778e-05, 4.95692756886e-06, 9.68900531007e-06],
        "dmean2": [0.229029163718, 2.94648861885, 5.79011678696, 5.07263231277, 9.73849582672, 7.41161680222, 7.69766283035, 7.86146306992, 7.68033790588, 9.86694431305, 15.2339992523, 12.2994270325, 17.0827350616, 23.7563838959, 20.4880199432, 20.9906597137, 15.6138906479, 59.8719749451, 65.3964309692, 54.9646110535, 165.84526062, 96.8275909424, 35.2457885742, 44.9631996155, 26.2248249054, 19.0633354187, 8.09529209137, 5.7546210289, 1.6257557869, 0.259998053312, 0.0493106991053, 0.0999153852463, 0.047308370471, 0.0179427023977, 0.00242392648943, 0.00273773423396, 0.000779917638283, 5.24947790836e-05, 7.74384716351e-06, 1.59828232427e-05],
        "dvar": [0.0132928732783, 2.11319351196, 10.0606327057, 9.0289144516, 26.3940563202, 18.2040023804, 22.1084594727, 30.867767334, 47.6813163757, 51.480632782, 94.805809021, 59.405166626, 96.8105316162, 157.063156128, 134.615524292, 124.428245544, 71.0768356323, 1123.47229004, 1696.98376465, 659.351928711, 5450.00146484, 2835.48095703, 344.605743408, 742.282409668, 190.071487427, 73.0647125244, 13.9442749023, 14.7835435867, 0.936450064182, 0.0203164014965, 0.000907018256839, 0.00451518874615, 0.000674756418448, 0.000121563971334, 3.4383019738e-06, 4.30634008808e-06, 4.80131063796e-07, 1.25750843072e-09, 1.61998418152e-11, 5.76032659072e-11],
        "dvar2": [0.0385551042855, 6.3720664978, 28.9009494781, 26.1547317505, 73.5876693726, 54.4803352356, 59.0661849976, 88.2439498901, 122.787590027, 145.882369995, 209.880889893, 166.866928101, 248.739868164, 390.461120605, 387.524200439, 346.419616699, 139.847061157, 3065.47949219, 3934.26855469, 1648.63256836, 15097.3457031, 8186.22363281, 915.821105957, 1779.66540527, 497.354248047, 179.349960327, 31.6831855774, 39.964225769, 1.98787045479, 0.0448802858591, 0.00195263139904, 0.0143305677921, 0.00157378346194, 0.000262301356997, 7.8431721704e-06, 9.17732177186e-06, 1.14503029636e-06, 2.73939360085e-09, 5.35747765595e-11, 1.6727234875e-10],
        "max": [0.615930914879, 7.14938926697, 16.6857662201, 21.1244659424, 35.618976593, 31.3581085205, 27.6320400238, 32.2272567749, 43.3414955139, 44.418384552, 57.9528503418, 57.5053825378, 68.4007415771, 102.90422821, 77.9568862915, 83.8283538818, 44.5491027832, 194.42401123, 376.059295654, 169.364181519, 536.214416504, 348.85546875, 147.432067871, 206.428421021, 100.110298157, 95.64037323, 31.9621181488, 29.4957103729, 8.95309734344, 1.62682640553, 0.367512434721, 0.570051491261, 0.223934456706, 0.109306767583, 0.0223749037832, 0.0227549746633, 0.00738535402343, 0.000392966467189, 5.00726273458e-05, 5.65873706364e-05],
        "mean": [0.169176101685, 1.99770367146, 4.17362976074, 4.35310602188, 7.31333780289, 6.39249801636, 6.11706495285, 5.93323326111, 4.96970319748, 8.23694419861, 11.7600488663, 13.4922447205, 25.1208496094, 28.7385921478, 22.610906601, 20.160276413, 13.9862251282, 61.0901145935, 94.1530303955, 69.6968460083, 196.971298218, 121.29611969, 55.1852455139, 77.038269043, 47.1870689392, 30.2024898529, 14.9900083542, 10.771487236, 3.14817070961, 0.466339886189, 0.105055443943, 0.164280310273, 0.0865941643715, 0.0335730947554, 0.00509078288451, 0.00466548511758, 0.00133719888981, 8.45922331791e-05, 2.25686635531e-05, 3.8921542e-05],
        "median": [0.135117545724, 1.59318614006, 3.4026081562, 3.52917146683, 5.89781999588, 4.87560558319, 4.58186197281, 4.06375074387, 2.43793082237, 6.29595756531, 7.32572841644, 10.4348716736, 23.783285141, 25.7522068024, 20.1248149872, 16.2140274048, 10.7575035095, 54.43775177, 82.5577926636, 62.5574417114, 187.526626587, 104.980697632, 51.5176849365, 71.24168396, 42.9884529114, 27.7068119049, 14.2365808487, 9.63152980804, 2.82519626617, 0.405105262995, 0.0921794548631, 0.149108916521, 0.0729724988341, 0.026518240571, 0.00431245472282, 0.00345914810896, 0.000830033037346, 6.84183614794e-05, 2.2243377316e-05, 3.94621492887e-05],
        "min": [0.00315611646511, 0.0269341543317, 0.0799417868257, 0.101687774062, 0.111219219863, 0.223510161042, 0.406171560287, 0.265789210796, 0.0448266081512, 0.014148067683, 0.157707974315, 0.352345585823, 0.30511072278, 0.344410151243, 1.06695890427, 1.40272665024, 0.840694725513, 0.532265067101, 1.21803569794, 0.687654495239, 2.1557264328, 1.57700681686, 2.97871780396, 2.12196946144, 1.42604136467, 0.672284662724, 0.560540437698, 0.251034975052, 0.0622999593616, 0.0124397100881, 0.0068706269376, 0.00698157213628, 0.00573726231232, 0.00399031117558, 0.00104562193155, 0.000654475821648, 0.00017582399596, 1.33139483296e-05, 1.20047870951e-05, 3.27566976921e-06],
        "var": [0.0172612201422, 2.28212380409, 11.6084690094, 12.2509260178, 42.6403884888, 28.5575389862, 28.1782608032, 31.147485733, 46.9969940186, 54.3809585571, 126.991706848, 107.952796936, 194.157165527, 266.782745361, 186.322006226, 199.578460693, 101.117080688, 1485.13549805, 3652.125, 1230.09289551, 12534.6650391, 4285.46826172, 610.024353027, 1251.20617676, 452.22845459, 199.872177124, 37.0673103333, 25.5369129181, 2.09631824493, 0.0494734719396, 0.00266738678329, 0.00860268622637, 0.00220037391409, 0.000470763538033, 1.20255854199e-05, 1.8792332412e-05, 1.79298069725e-06, 5.03634867144e-09, 3.46677964114e-11, 9.39728642124e-11]
    },
    "gfcc": {
        "mean": [14.7294940948, 128.608673096, -171.916229248, 61.8802337646, -23.136598587, 0.0177620816976, -18.5642414093, 8.83913326263, -17.0965938568, -2.93600749969, -18.3654098511, -9.11997127533, 4.35213851929],
        "cov": [[483.191772461, -8.1646528244, -47.8968658447, 17.3330383301, -16.908411026, 2.8229265213, -53.608505249, 2.47522068024, 6.00467920303, 35.1987380981, 0.633239209652, 11.9145612717, -4.16935062408], [-8.1646528244, 227.362640381, 26.8811397552, 4.20824623108, -14.4207458496, -19.6411762238, 63.7781906128, -27.6106624603, 29.9600124359, -53.6376190186, -3.09460496902, -61.2246284485, 18.6199607849], [-47.8968658447, 26.8811397552, 92.7624664307, 29.0917758942, 30.8621330261, 9.09668827057, 4.72435617447, -1.26526665688, -11.1946735382, -2.18329977989, -0.362143069506, 4.19763898849, -6.08818149567], [17.3330383301, 4.20824623108, 29.0917758942, 44.5954704285, 31.6930446625, 15.7818288803, 7.86662721634, -3.96760725975, 0.967730224133, -2.93245029449, -3.77946519852, -2.0043721199, 2.9295027256], [-16.908411026, -14.4207458496, 30.8621330261, 31.6930446625, 53.5082855225, 34.2264213562, 8.77910327911, -3.64443421364, -6.93320178986, 3.78097939491, 9.20025253296, 8.39615345001, 1.9449955225], [2.8229265213, -19.6411762238, 9.09668827057, 15.7818288803, 34.2264213562, 48.2872314453, 15.2354869843, 1.11521732807, -2.02020859718, 9.42565250397, 10.9577579498, 3.19270968437, -1.25962889194], [-53.608505249, 63.7781906128, 4.72435617447, 7.86662721634, 8.77910327911, 15.2354869843, 64.4304504395, 13.8893136978, 27.5354671478, -15.1918487549, -0.260987728834, -18.653175354, 9.25650882721], [2.47522068024, -27.6106624603, -1.26526665688, -3.96760725975, -3.64443421364, 1.11521732807, 13.8893136978, 49.5100784302, 27.1053123474, 14.9630432129, -0.639877200127, 14.3929357529, -1.4585044384], [6.00467920303, 29.9600124359, -11.1946735382, 0.967730224133, -6.93320178986, -2.02020859718, 27.5354671478, 27.1053123474, 46.9859352112, 5.84393358231, -2.15671896935, -8.82733535767, 2.05205178261], [35.1987380981, -53.6376190186, -2.18329977989, -2.93245029449, 3.78097939491, 9.42565250397, -15.1918487549, 14.9630432129, 5.84393358231, 46.406337738, 22.6104698181, 22.7323703766, -10.8830652237], [0.633239209652, -3.09460496902, -0.362143069506, -3.77946519852, 9.20025253296, 10.9577579498, -0.260987728834, -0.639877200127, -2.15671896935, 22.6104698181, 37.0401039124, 18.744600296, 3.50944423676], [11.9145612717, -61.2246284485, 4.19763898849, -2.0043721199, 8.39615345001, 3.19270968437, -18.653175354, 14.3929357529, -8.82733535767, 22.7323703766, 18.744600296, 50.4801063538, 10.7267503738], [-4.16935062408, 18.6199607849, -6.08818149567, 2.9295027256, 1.9449955225, -1.25962889194, 9.25650882721, -1.4585044384, 2.05205178261, -10.8830652237, 3.50944423676, 10.7267503738, 37.346698761]],
        "icov": [[0.00537966890261, -0.0106587652117, 0.00907242763788, -0.00922652520239, 0.00283178826794, -0.00781582482159, 0.01041110605, -0.00734434882179, 0.00705832103267, -0.0112548731267, 0.010559303686, -0.00746561540291, 0.00232355389744], [-0.0106587652117, 0.0480303168297, -0.0335548147559, 0.0207533631474, 0.00381200201809, 0.0239293929189, -0.0310405865312, 0.0315663218498, -0.0367409288883, 0.0455364473164, -0.0484255515039, 0.0355969406664, -0.0130848251283], [0.00907242763788, -0.0335548147559, 0.040899861604, -0.0246248804033, -0.0088102510199, -0.0110170207918, 0.0194478016347, -0.0254437308758, 0.0320792756975, -0.0321896001697, 0.0333524756134, -0.0258155800402, 0.0137524520978], [-0.00922652520239, 0.0207533631474, -0.0246248804033, 0.066040314734, -0.0345559902489, 0.0178467687219, -0.0182584170252, 0.0219247918576, -0.0239108987153, 0.0149474218488, -0.00635630590841, 0.0175433885306, -0.0115603143349], [0.00283178826794, 0.00381200201809, -0.0088102510199, -0.0345559902489, 0.071207433939, -0.0359468497336, 0.0031850617379, 0.00404367176816, -0.00294614490122, 0.0119877299294, -0.0143223237246, -0.0070746303536, 0.00117060553748], [-0.00781582482159, 0.0239293929189, -0.0110170207918, 0.0178467687219, -0.0359468497336, 0.0644710958004, -0.0331608466804, 0.0135414954275, -0.0056361798197, 0.00808680988848, -0.0228246860206, 0.0232018828392, -0.00505749601871], [0.01041110605, -0.0310405865312, 0.0194478016347, -0.0182584170252, 0.0031850617379, -0.0331608466804, 0.063239723444, -0.0318615660071, 0.00390427769162, -0.00953999999911, 0.0151245454326, -0.00934156775475, 0.00130525557324], [-0.00734434882179, 0.0315663218498, -0.0254437308758, 0.0219247918576, 0.00404367176816, 0.0135414954275, -0.0318615660071, 0.0703193545341, -0.0500113777816, 0.0198203194886, -0.0126022985205, -0.00314161996357, -0.000925947679207], [0.00705832103267, -0.0367409288883, 0.0320792756975, -0.0239108987153, -0.00294614490122, -0.0056361798197, 0.00390427769162, -0.0500113777816, 0.0843737274408, -0.0532014109194, 0.038076788187, -0.00918437819928, 0.002174225403], [-0.0112548731267, 0.0455364473164, -0.0321896001697, 0.0149474218488, 0.0119877299294, 0.00808680988848, -0.00953999999911, 0.0198203194886, -0.0532014109194, 0.108172692358, -0.0795252844691, 0.0191097930074, 0.00883704517037], [0.010559303686, -0.0484255515039, 0.0333524756134, -0.00635630590841, -0.0143223237246, -0.0228246860206, 0.0151245454326, -0.0126022985205, 0.038076788187, -0.0795252844691, 0.108271211386, -0.0502484068274, 0.00598514080048], [-0.00746561540291, 0.0355969406664, -0.0258155800402, 0.0175433885306, -0.0070746303536, 0.0232018828392, -0.00934156775475, -0.00314161996357, -0.00918437819928, 0.0191097930074, -0.0502484068274, 0.0802152007818, -0.0330662205815], [0.00232355389744, -0.0130848251283, 0.0137524520978, -0.0115603143349, 0.00117060553748, -0.00505749601871, 0.00130525557324, -0.000925947679207, 0.002174225403, 0.00883704517037, 0.00598514080048, -0.0330662205815, 0.0475073084235]]
    },
    "melbands": {
        "dmean": [0.00157901237253, 0.00187879195437, 0.000527140917256, 0.000352058763383, 0.000148234714288, 0.000108194042696, 7.78275934863e-05, 5.78646540816e-05, 7.67638339312e-05, 4.36741938756e-05, 5.76383899897e-05, 6.31047441857e-05, 4.64401855425e-05, 3.90666464227e-05, 1.87697532965e-05, 4.94686028105e-05, 6.35412943666e-05, 8.09642588138e-05, 3.22259038512e-05, 7.82336428529e-05, 0.00013164865959, 6.22265142738e-05, 3.85375024052e-05, 1.75069671968e-05, 2.63407018792e-05, 1.71844894794e-05, 1.02948797576e-05, 7.41666872273e-06, 2.62959861175e-06, 4.21356571678e-06, 1.68069971096e-06, 7.1163475468e-07, 2.92609797725e-07, 3.03394749324e-08, 1.72686256406e-08, 3.11919414742e-08, 4.17941130593e-08, 2.3324419729e-08, 1.56495776338e-08, 9.140825874e-09],
        "dmean2": [0.00271717854775, 0.0032745685894, 0.000902819447219, 0.000624923733994, 0.000236128282268, 0.000190875944099, 0.000136416172609, 9.77280142251e-05, 0.000133438195917, 7.14169145795e-05, 9.16349090403e-05, 0.000103402977402, 7.85629963502e-05, 6.28859052085e-05, 3.18452512147e-05, 8.23252485134e-05, 0.000109949345642, 0.000121338671306, 5.49335309188e-05, 0.000127267470816, 0.000212326194742, 0.000106629158836, 6.783495337e-05, 2.74155754596e-05, 4.31157786807e-05, 2.81573720713e-05, 1.68561091414e-05, 1.2706203961e-05, 4.29895135312e-06, 6.54870245853e-06, 2.72075112662e-06, 1.12246175377e-06, 4.80668575165e-07, 4.77325237114e-08, 2.76384302111e-08, 4.99285697231e-08, 7.04229918824e-08, 3.98875954488e-08, 2.45951827793e-08, 1.53504711164e-08],
        "dvar": [1.65956146247e-06, 2.46822310146e-06, 3.16561028058e-07, 1.01082534343e-07, 2.01195540228e-08, 1.68715814652e-08, 1.49774148639e-08, 4.39418812448e-09, 6.77149580852e-09, 1.9809642815e-09, 2.80901080174e-09, 3.09325387526e-09, 2.21029927694e-09, 8.22717505233e-10, 6.05913041962e-10, 1.90771087816e-09, 3.9497667359e-09, 5.54964341148e-09, 8.21164580778e-10, 4.05837452533e-09, 8.49152126392e-09, 3.13270387409e-09, 1.41120515273e-09, 2.61468346974e-10, 6.92542800884e-10, 1.81149151235e-10, 8.21576487398e-11, 3.84466000702e-11, 3.80039272621e-12, 1.4583102087e-11, 3.14133072853e-12, 4.50580355362e-13, 5.18066695771e-14, 8.86686582922e-16, 2.33955370471e-16, 9.96206778331e-16, 2.39709709974e-15, 5.66510828777e-16, 2.14024222001e-16, 8.90996405671e-17],
        "dvar2": [5.09004257765e-06, 7.50812569095e-06, 9.28774284148e-07, 2.71532030638e-07, 5.59414949919e-08, 4.5413248273e-08, 3.94983388219e-08, 1.22563532656e-08, 1.64122901936e-08, 5.73178704499e-09, 7.06992997479e-09, 7.32066718356e-09, 5.97165294991e-09, 2.36337371895e-09, 1.77105197174e-09, 4.18653245404e-09, 1.12082840786e-08, 1.34907267579e-08, 2.00277172624e-09, 1.19125918019e-08, 2.06202557251e-08, 8.86847040249e-09, 3.91326748783e-09, 6.98353264106e-10, 1.68706204562e-09, 5.17486942186e-10, 2.3333818211e-10, 9.29290602802e-11, 8.87974589692e-12, 4.17697439137e-11, 8.61173892613e-12, 1.02018957518e-12, 1.2790430607e-13, 2.28529404466e-15, 5.57343708826e-16, 2.85882831182e-15, 7.79561351995e-15, 1.36605842079e-15, 5.58917284284e-16, 1.89446661064e-16],
        "max": [0.00703290570527, 0.00823976099491, 0.00321699655615, 0.00196792045608, 0.00090442027431, 0.000733078224584, 0.000764518743381, 0.000417481409386, 0.000550227647182, 0.000322869163938, 0.000355470372597, 0.000439589959569, 0.000336281984346, 0.000179508177098, 0.000167998339748, 0.000226641845074, 0.000370716152247, 0.000643375678919, 0.000193421743461, 0.00045670743566, 0.000623696250841, 0.00036903747241, 0.00024671421852, 0.000144346093293, 0.000189166530618, 9.50553294388e-05, 7.55240616854e-05, 5.68532086618e-05, 1.66714798979e-05, 2.88389528578e-05, 1.43959805428e-05, 5.8663845266e-06, 2.32889124163e-06, 3.27473259176e-07, 1.65978704558e-07, 3.41442529361e-07, 4.04641980367e-07, 1.93194765075e-07, 1.43965550592e-07, 9.07991903887e-08],
        "mean": [0.00194223131984, 0.00242741336115, 0.000864443078171, 0.000537944782991, 0.000213097417145, 0.00013875355944, 8.71643424034e-05, 8.25785318739e-05, 0.000105686718598, 8.05566814961e-05, 0.00013156888599, 0.000124810496345, 7.42415577406e-05, 6.47273773211e-05, 2.47831558227e-05, 5.98778533458e-05, 0.000110924680484, 0.000161206393386, 7.28697850718e-05, 0.000139832176501, 0.000247151358053, 0.000125203412608, 7.26660946384e-05, 4.40193653048e-05, 6.67746717227e-05, 4.08787927881e-05, 2.69192569249e-05, 1.75124041562e-05, 7.32739772502e-06, 1.04969767563e-05, 4.71507655675e-06, 1.93174241758e-06, 7.04610556568e-07, 7.90759671077e-08, 4.47601813391e-08, 8.15218044181e-08, 1.06960726498e-07, 6.63465584694e-08, 4.23093631241e-08, 2.32747954243e-08],
        "median": [0.00160321500152, 0.00198044953868, 0.00068288424518, 0.000409937812947, 0.000165917779668, 9.80400000117e-05, 4.58626454929e-05, 6.42452869215e-05, 7.27159713279e-05, 6.51974551147e-05, 0.000123182093375, 0.000114197529911, 6.14385135123e-05, 5.19290260854e-05, 1.83149822988e-05, 3.93603404518e-05, 9.59541648626e-05, 0.000132770132041, 6.50208603474e-05, 0.000119560223538, 0.000222755115828, 0.000108530111902, 6.56111660646e-05, 3.72797585442e-05, 6.16806355538e-05, 3.74486880901e-05, 2.53217949648e-05, 1.58091843332e-05, 6.90614660925e-06, 9.30976511881e-06, 4.38301822214e-06, 1.75097056854e-06, 6.62155230202e-07, 7.15163608334e-08, 3.93788397446e-08, 7.42530588127e-08, 9.26257825995e-08, 5.67604878654e-08, 3.84472009785e-08, 1.87196800283e-08],
        "min": [3.10025898216e-05, 4.09711501561e-05, 1.7999424017e-05, 1.09487500595e-05, 1.57765352924e-05, 6.31676857665e-06, 5.32440822099e-07, 1.50743261429e-07, 1.68660778854e-06, 2.17723845708e-06, 1.46459080952e-06, 1.22915605516e-06, 2.902945198e-06, 4.54796236227e-06, 2.00176077669e-06, 1.5874257997e-06, 8.69417874583e-07, 1.79312974069e-06, 1.7047119627e-06, 7.23885591469e-07, 2.92904792332e-06, 1.59109083597e-06, 2.01584612114e-06, 2.68126905212e-06, 1.5995698277e-06, 1.570582981e-06, 4.72560344633e-07, 4.04002008736e-07, 3.22841316347e-07, 2.61537536517e-07, 1.10813644483e-07, 3.56671598922e-08, 1.25199690615e-08, 4.89725149322e-09, 3.42841666168e-09, 5.26180166105e-09, 3.69141783807e-09, 4.37246638896e-09, 3.33470051572e-09, 3.42372930007e-09],
        "var": [2.12745499084e-06, 2.91103856398e-06, 4.31810519785e-07, 1.88916757793e-07, 2.83125718425e-08, 1.72438063828e-08, 1.46689442815e-08, 4.84200457507e-09, 9.52728118619e-09, 3.78990971939e-09, 5.31132648973e-09, 5.27268273487e-09, 2.72889577602e-09, 1.51432089091e-09, 6.15867690179e-10, 2.64558774887e-09, 5.08088460194e-09, 1.18623377787e-08, 1.50900403284e-09, 7.09221881223e-09, 1.98932941231e-08, 4.88473883564e-09, 1.67906033521e-09, 5.19720544379e-10, 1.06606168337e-09, 4.2030184888e-10, 1.60447613529e-10, 8.10718159272e-11, 9.84646305463e-12, 2.44236089686e-11, 5.35312766337e-12, 9.07065872066e-13, 1.27732920812e-13, 1.75331256692e-15, 6.00432274853e-16, 1.97659796923e-15, 4.21684934285e-15, 1.49313220937e-15, 5.98901474559e-16, 2.90665946825e-16]
    },
    "mfcc": {
        "mean": [-606.759765625, 140.341812134, -63.084815979, 59.0283470154, 10.9449462891, 8.02746677399, 10.958322525, 3.43624138832, 19.2187652588, 2.65623116493, -4.18325042725, -0.931794881821, -9.49226760864],
        "cov": [[542.653564453, -26.4717597961, -46.194644928, -15.1064214706, 6.63262081146, -9.05081558228, -37.2959213257, -37.8647537231, -1.53977656364, -5.11648750305, -0.94452059269, 14.5021467209, 20.7287940979], [-26.4717597961, 168.655227661, 41.105140686, 18.35688591, -39.6719284058, 1.43074989319, 4.2804608345, 16.3892650604, 9.45854854584, 25.3570899963, -7.90092372894, -12.2971487045, -18.0569629669], [-46.194644928, 41.105140686, 58.6889686584, 25.0946998596, 11.426905632, 7.20629310608, 7.82382202148, 6.18694543839, -0.433887094259, 3.39552521706, 2.10591340065, -6.96180725098, -4.38154935837], [-15.1064214706, 18.35688591, 25.0946998596, 44.6073799133, 12.5068950653, 8.91318893433, 1.9091616869, 9.30434894562, 9.28165531158, 3.77652287483, -3.97884726524, -8.7701883316, -4.44322156906], [6.63262081146, -39.6719284058, 11.426905632, 12.5068950653, 57.9640007019, 26.1897583008, 15.6753177643, -3.63274168968, -12.2697143555, -12.5505399704, 4.08161354065, 2.18230748177, 1.74978125095], [-9.05081558228, 1.43074989319, 7.20629310608, 8.91318893433, 26.1897583008, 55.9831581116, 29.3680667877, 4.7728061676, -8.82690143585, 7.9779176712, 1.99281740189, -4.55760335922, -9.84844017029], [-37.2959213257, 4.2804608345, 7.82382202148, 1.9091616869, 15.6753177643, 29.3680667877, 41.7956199646, 9.74704170227, -7.47805690765, 1.88615989685, 2.39108800888, -0.903234362602, -3.37704730034], [-37.8647537231, 16.3892650604, 6.18694543839, 9.30434894562, -3.63274168968, 4.7728061676, 9.74704170227, 40.6122207642, 26.2228927612, 11.505616188, -0.413338035345, -0.533030927181, 3.73960471153], [-1.53977656364, 9.45854854584, -0.433887094259, 9.28165531158, -12.2697143555, -8.82690143585, -7.47805690765, 26.2228927612, 49.1650886536, 19.3229541779, 0.48742172122, -2.49524068832, 1.13768231869], [-5.11648750305, 25.3570899963, 3.39552521706, 3.77652287483, -12.5505399704, 7.9779176712, 1.88615989685, 11.505616188, 19.3229541779, 39.5562744141, 13.5350160599, -1.97129178047, -5.47507143021], [-0.94452059269, -7.90092372894, 2.10591340065, -3.97884726524, 4.08161354065, 1.99281740189, 2.39108800888, -0.413338035345, 0.48742172122, 13.5350160599, 38.6896858215, 17.1846179962, 7.26028871536], [14.5021467209, -12.2971487045, -6.96180725098, -8.7701883316, 2.18230748177, -4.55760335922, -0.903234362602, -0.533030927181, -2.49524068832, -1.97129178047, 17.1846179962, 31.8257102966, 22.8456840515], [20.7287940979, -18.0569629669, -4.38154935837, -4.44322156906, 1.74978125095, -9.84844017029, -3.37704730034, 3.73960471153, 1.13768231869, -5.47507143021, 7.26028871536, 22.8456840515, 40.3738822937]],
