{
"lowlevel": {
    "average_loudness": 0.99068403244,
    "barkbands_crest": {
        "dmean": 1.3369256258,
        "dmean2": 2.17315769196,
        "dvar": 1.29161763191,
        "dvar2": 3.35532855988,
        "max": 19.5259780884,
        "mean": 15.4680423737,
        "median": 15.9549217224,
        "min": 4.968729496,
        "var": 6.0363368988
    },
    "barkbands_flatness_db": {
        "dmean": 0.0110376663506,
        "dmean2": 0.0170295871794,
        "dvar": 0.000135488066007,
        "dvar2": 0.000132663000841,
        "max": 0.216274917126,
        "mean": 0.190279915929,
        "median": 0.191879421473,
        "min": 0.0996309369802,
        "var": 0.000378363823984
    },
    "barkbands_kurtosis": {
        "dmean": 0.832192003727,
        "dmean2": 1.45109069347,
        "dvar": 0.371769458055,
        "dvar2": 1.06063520908,
        "max": 4.09398269653,
        "mean": 0.931805372238,
        "median": 0.955003738403,
        "min": -1.34749591351,
        "var": 1.83872842789
    },
    "barkbands_skewness": {
        "dmean": 0.250693649054,
        "dmean2": 0.440238893032,
        "dvar": 0.03141348809,
        "dvar2": 0.0857558250427,
        "max": 2.21234893799,
        "mean": 1.42277407646,
        "median": 1.49140059948,
        "min": 0.447327435017,
        "var": 0.207943230867
    },
    "barkbands_spread": {
        "dmean": 2.93890976906,
        "dmean2": 5.12001895905,
        "dvar": 4.77503252029,
        "dvar2": 13.7098646164,
        "max": 35.808795929,
        "mean": 23.2684459686,
        "median": 22.4603824615,
        "min": 15.5952367783,
        "var": 20.1695270538
    },
    "dissonance": {
        "dmean": 0.00858935248107,
        "dmean2": 0.014075551182,
        "dvar": 9.38802113524e-05,
        "dvar2": 0.000165701625519,
        "max": 0.494997382164,
        "mean": 0.482294559479,
        "median": 0.484003722668,
        "min": 0.420998066664,
        "var": 0.000112447050924
    },
    "dynamic_complexity": 0.527349472046,
    "erbbands_crest": {
        "dmean": 0.824960291386,
        "dmean2": 1.38363790512,
        "dvar": 0.384279847145,
        "dvar2": 1.11830282211,
        "max": 8.58036994934,
        "mean": 5.80008029938,
        "median": 5.67417049408,
        "min": 4.1357922554,
        "var": 0.914385139942
    },
    "erbbands_flatness_db": {
        "dmean": 0.00549614243209,
        "dmean2": 0.00804628431797,
        "dvar": 6.19489146629e-05,
        "dvar2": 7.4383278843e-05,
        "max": 0.242181926966,
        "mean": 0.220754027367,
        "median": 0.219036251307,
        "min": 0.183448582888,
        "var": 0.000122929064673
    },
    "erbbands_kurtosis": {
        "dmean": 0.281761288643,
        "dmean2": 0.520637333393,
        "dvar": 0.059637542814,
        "dvar2": 0.177161186934,
        "max": 0.39047908783,
        "mean": -0.867402911186,
        "median": -1.01855945587,
        "min": -1.51597332954,
        "var": 0.272741496563
    },
    "erbbands_skewness": {
        "dmean": 0.160933747888,
        "dmean2": 0.284374296665,
        "dvar": 0.0146470535547,
        "dvar2": 0.0475662834942,
        "max": -0.199471458793,
        "mean": -0.585363030434,
        "median": -0.552017509937,
        "min": -1.03330898285,
        "var": 0.040333930403
    },
    "erbbands_spread": {
        "dmean": 4.54930925369,
        "dmean2": 7.88884782791,
        "dvar": 10.0333089828,
        "dvar2": 27.6592636108,
        "max": 64.6725463867,
        "mean": 48.2746047974,
        "median": 49.0417289734,
        "min": 31.1617889404,
        "var": 68.5035934448
    },
    "hfc": {
        "dmean": 2.91336488724,
        "dmean2": 4.60780858994,
        "dvar": 14.5442991257,
        "dvar2": 21.4386825562,
        "max": 42.2757072449,
        "mean": 24.5492935181,
        "median": 21.6865177155,
        "min": 0.429909527302,
        "var": 62.0356216431
    },
    "melbands_crest": {
        "dmean": 1.41147112846,
        "dmean2": 2.27074074745,
        "dvar": 1.53428196907,
        "dvar2": 3.37936806679,
        "max": 24.2518501282,
        "mean": 20.4855365753,
        "median": 20.8543777466,
        "min": 7.49984788895,
        "var": 6.78941679001
    },
    "melbands_flatness_db": {
        "dmean": 0.012530637905,
        "dmean2": 0.021014412865,
        "dvar": 0.000106025974674,
        "dvar2": 0.000197180532268,
        "max": 0.273631036282,
        "mean": 0.235071241856,
        "median": 0.238018319011,
        "min": 0.162997469306,
        "var": 0.000513278413564
    },
    "melbands_kurtosis": {
        "dmean": 2.59777116776,
        "dmean2": 4.40109109879,
        "dvar": 3.57814621925,
        "dvar2": 10.2276296616,
        "max": 19.2053089142,
        "mean": 9.1562795639,
        "median": 9.01707649231,
        "min": 1.05976581573,
        "var": 21.8959312439
    },
    "melbands_skewness": {
        "dmean": 0.362752825022,
        "dmean2": 0.609203577042,
        "dvar": 0.0622198432684,
        "dvar2": 0.180649444461,
        "max": 4.15459632874,
        "mean": 2.94566631317,
        "median": 3.04045128822,
        "min": 1.50232887268,
        "var": 0.494276434183
    },
    "melbands_spread": {
        "dmean": 4.19370174408,
        "dmean2": 7.2487988472,
        "dvar": 13.6401968002,
        "dvar2": 43.1814880371,
        "max": 43.9448890686,
        "mean": 23.3564929962,
        "median": 20.7646560669,
        "min": 12.5460205078,
        "var": 70.4437713623
    },
    "pitch_salience": {
        "dmean": 0.0430024676025,
        "dmean2": 0.0671834796667,
        "dvar": 0.00166960130446,
        "dvar2": 0.00301533099264,
        "max": 0.858511030674,
        "mean": 0.467806398869,
        "median": 0.46645796299,
        "min": 0.326445251703,
        "var": 0.00575502263382
    },
    "silence_rate_20dB": {
        "dmean": 0,
        "dmean2": 0,
        "dvar": 0,
        "dvar2": 0,
        "max": 1,
        "mean": 1,
        "median": 1,
        "min": 1,
        "var": 0
    },
    "silence_rate_30dB": {
        "dmean": 0,
        "dmean2": 0,
        "dvar": 0,
        "dvar2": 0,
        "max": 1,
        "mean": 1,
        "median": 1,
        "min": 1,
        "var": 0
    },
    "silence_rate_60dB": {
        "dmean": 0,
        "dmean2": 0,
        "dvar": 0,
        "dvar2": 0,
        "max": 0,
        "mean": 0,
        "median": 0,
        "min": 0,
        "var": 0
    },
    "spectral_centroid": {
        "dmean": 172.901412964,
        "dmean2": 296.780487061,
        "dvar": 18732.2949219,
        "dvar2": 57794.7421875,
        "max": 2206.45141602,
        "mean": 1426.92089844,
        "median": 1361.62304688,
        "min": 1001.46563721,
        "var": 73888.53125
    },
    "spectral_complexity": {
        "dmean": 4.15000009537,
        "dmean2": 6.2372879982,
        "dvar": 24.3274974823,
        "dvar2": 41.6047058105,
        "max": 46,
        "mean": 30.9180335999,
        "median": 30,
        "min": 0,
        "var": 50.5998306274
    },
    "spectral_decrease": {
        "dmean": 1.47585865751e-09,
        "dmean2": 2.57195931219e-09,
        "dvar": 1.59933830813e-18,
        "dvar2": 3.18147994492e-18,
        "max": -9.54848353163e-11,
        "mean": -8.84366713194e-09,
        "median": -9.26448251448e-09,
        "min": -1.15953433522e-08,
        "var": 3.02920902224e-18
    },
    "spectral_energy": {
        "dmean": 0.00571669079363,
        "dmean2": 0.00990889407694,
        "dvar": 2.56581042777e-05,
        "dvar2": 4.96825487062e-05,
        "max": 0.0463274531066,
        "mean": 0.0356046892703,
        "median": 0.0368019342422,
        "min": 0.000399377284339,
        "var": 4.85197924718e-05
    },
    "spectral_energyband_high": {
        "dmean": 0.000101498175354,
        "dmean2": 0.00016450296971,
        "dvar": 7.29148874612e-09,
        "dvar2": 1.82235044832e-08,
        "max": 0.00110431748908,
        "mean": 0.000433332141256,
        "median": 0.000363912055036,
        "min": 8.6008449216e-06,
        "var": 3.94648154156e-08
    },
    "spectral_energyband_low": {
        "dmean": 0.000797479064204,
        "dmean2": 0.00116383226123,
        "dvar": 5.50002368982e-07,
        "dvar2": 9.15115265343e-07,
        "max": 0.00638544792309,
        "mean": 0.0031457496807,
        "median": 0.00316776242107,
        "min": 6.62370002829e-05,
        "var": 2.53093116953e-06
    },
    "spectral_energyband_middle_high": {
        "dmean": 0.00107949459925,
        "dmean2": 0.00173574429937,
        "dvar": 1.78944355866e-06,
        "dvar2": 3.19425862472e-06,
        "max": 0.0141177559271,
        "mean": 0.00702194683254,
        "median": 0.00571990245953,
        "min": 0.000123236895888,
        "var": 8.95410357771e-06
    },
    "spectral_energyband_middle_low": {
        "dmean": 0.00520073529333,
        "dmean2": 0.00931504741311,
        "dvar": 1.57157537615e-05,
        "dvar2": 3.73456059606e-05,
        "max": 0.038069140166,
        "mean": 0.0254806596786,
        "median": 0.0258313938975,
        "min": 0.000218336674152,
        "var": 3.31613737217e-05
    },
    "spectral_entropy": {
        "dmean": 0.0539595037699,
        "dmean2": 0.084096044302,
        "dvar": 0.00456757331267,
        "dvar2": 0.00451110024005,
        "max": 8.05406665802,
        "mean": 7.45110702515,
        "median": 7.43597078323,
        "min": 7.26579380035,
        "var": 0.010398873128
    },
    "spectral_flux": {
        "dmean": 0.00908365752548,
        "dmean2": 0.0128306215629,
        "dvar": 0.000200437440071,
        "dvar2": 0.00025650972384,
        "max": 0.15461319685,
        "mean": 0.0636509135365,
        "median": 0.0587826371193,
        "min": 0.0447674058378,
        "var": 0.000339267775416
    },
    "spectral_kurtosis": {
        "dmean": 2.78799891472,
        "dmean2": 5.22260761261,
        "dvar": 6.99371147156,
        "dvar2": 21.4374008179,
        "max": 17.8109874725,
        "mean": 4.31393527985,
        "median": 3.74238729477,
        "min": 0.882367134094,
        "var": 10.2455654144
    },
    "spectral_rms": {
        "dmean": 0.000511339167133,
        "dmean2": 0.000851343036629,
        "dvar": 4.22026147362e-07,
        "dvar2": 5.58082149382e-07,
        "max": 0.00672290939838,
        "mean": 0.00583764724433,
        "median": 0.00599202187732,
        "min": 0.000624208594672,
        "var": 6.58144472254e-07
    },
    "spectral_rolloff": {
        "dmean": 448.249511719,
        "dmean2": 796.363464355,
        "dvar": 148322.984375,
        "dvar2": 433177.9375,
        "max": 2713.18359375,
        "mean": 1566.62878418,
        "median": 1636.5234375,
        "min": 344.53125,
        "var": 351128.90625
    },
    "spectral_skewness": {
        "dmean": 0.292649447918,
        "dmean2": 0.51998758316,
        "dvar": 0.08242829144,
        "dvar2": 0.161521941423,
        "max": 3.24239492416,
        "mean": 0.758343994617,
        "median": 0.661633610725,
        "min": 0.339467912912,
        "var": 0.196196973324
    },
    "spectral_spread": {
        "dmean": 183149.828125,
        "dmean2": 236352.71875,
        "dvar": 346674855936,
        "dvar2": 232354512896,
        "max": 7892347,
        "mean": 2619322.75,
        "median": 2546720.75,
        "min": 2246165.75,
        "var": 487417970688
    },
    "spectral_strongpeak": {
        "dmean": 0.141682803631,
        "dmean2": 0.223304584622,
        "dvar": 0.0182156544179,
        "dvar2": 0.0286001954228,
        "max": 1.37511885166,
        "mean": 1.13834679127,
        "median": 1.18700182438,
        "min": 0.00732800224796,
        "var": 0.0545316636562
    },
    "zerocrossingrate": {
        "dmean": 0.00462239561602,
        "dmean2": 0.00629800045863,
        "dvar": 3.07676527882e-05,
        "dvar2": 3.32225718012e-05,
        "max": 0.06494140625,
        "mean": 0.044257491827,
        "median": 0.04296875,
        "min": 0.0146484375,
        "var": 8.52055745781e-05
    },
    "barkbands": {
        "dmean": [8.59220835991e-06, 0.000643020495772, 0.000232164326007, 0.000926665670704, 0.00447083078325, 0.000273504701909, 0.000117148199934, 3.77133219445e-05, 0.000622544321232, 5.66858470847e-05, 7.40953764762e-05, 0.000140333620948, 6.21469807811e-05, 0.000491034821607, 0.000467339617899, 0.000322639214573, 0.000426592188887, 0.000335015560267, 0.00031809110078, 0.000151961663505, 7.60626135161e-05, 1.22653054859e-05, 4.64600049099e-07, 9.47219461978e-07, 1.45483099345e-07, 6.6230199991e-08, 4.57063329407e-08],
        "dmean2": [1.3846892216e-05, 0.000879290688317, 0.000414507230744, 0.00160159147345, 0.00800535827875, 0.000419296382461, 0.000218530956772, 6.46713888273e-05, 0.00103305000812, 9.97653332888e-05, 0.000127518913359, 0.000229785233387, 0.000100540659332, 0.000728615152184, 0.000779961817898, 0.000481991883134, 0.000726421771105, 0.000599770573899, 0.000568567542359, 0.000266835588263, 0.000131081265863, 2.08932542591e-05, 8.08347863313e-07, 1.59805767908e-06, 2.31326410471e-07, 8.44706207204e-08, 4.81893529525e-08],
        "dvar": [2.34601948979e-10, 4.26093748729e-07, 4.65078748846e-08, 8.09374853361e-07, 1.06370662252e-05, 1.20746264543e-07, 1.00503694256e-08, 1.10132303277e-09, 4.39280171349e-07, 2.33044361586e-09, 4.70967664867e-09, 2.3339159938e-08, 3.17585580056e-09, 1.78888356572e-07, 3.3209164485e-07, 1.04944085422e-07, 8.58753566035e-08, 1.005001522e-07, 1.16932390881e-07, 1.62479931731e-08, 3.7908720607e-09, 9.80538636397e-11, 1.42754880725e-13, 7.91158588295e-13, 1.02209724245e-13, 9.56495286079e-14, 1.10458700292e-13],
        "dvar2": [2.85400647559e-10, 5.56702559606e-07, 1.24224527553e-07, 2.23385063691e-06, 2.88337014354e-05, 2.75417761486e-07, 3.01177145445e-08, 2.78182721303e-09, 9.32952559651e-07, 6.54905907282e-09, 1.32530626473e-08, 6.13512369796e-08, 6.67471322657e-09, 4.0055391537e-07, 8.07998901564e-07, 2.33333167898e-07, 2.62379842297e-07, 2.32916988807e-07, 3.34243367206e-07, 4.02114750386e-08, 8.74519034966e-09, 2.7156979443e-10, 4.2396213493e-13, 2.07684889252e-12, 1.29506702671e-13, 9.46081524212e-14, 1.1245170783e-13],
        "max": [0.000122918121633, 0.00596308987588, 0.00110654742457, 0.00537743838504, 0.0297328531742, 0.00175247597508, 0.000537125568371, 0.000174274275196, 0.00525426957756, 0.000300983258057, 0.000342883053236, 0.0010244960431, 0.000531715806574, 0.00481127668172, 0.00455485703424, 0.00278526218608, 0.00228367233649, 0.0018213505391, 0.00257037230767, 0.00092276307987, 0.000721489428543, 8.23579175631e-05, 3.45333000951e-06, 8.98646612768e-06, 2.90629918709e-06, 2.58064733316e-06, 2.61431205217e-06],
        "mean": [1.10125083665e-05, 0.00243851938285, 0.000236264109844, 0.00167173228692, 0.020794313401, 0.00053056498291, 0.000201824383112, 8.12194630271e-05, 0.00218403153121, 0.000103001759271, 0.000114032860438, 0.000241082438151, 0.0001371998369, 0.00134475098457, 0.00113777350634, 0.000956206640694, 0.00106416875497, 0.000760081224144, 0.000868710456416, 0.000431142019806, 0.000250552082434, 4.15800932387e-05, 1.51945710058e-06, 2.86224258161e-06, 4.146173751e-07, 1.28426762558e-07, 5.3282342094e-08],
        "median": [6.60089608573e-06, 0.00246935058385, 0.000163950491697, 0.00149667379446, 0.0213359631598, 0.000452256994322, 0.00017523902352, 7.36097426852e-05, 0.00204822118394, 8.94685654202e-05, 9.54219140112e-05, 0.000209130332223, 0.000102939964563, 0.000943667662796, 0.000865748443175, 0.000830295553897, 0.000970506109297, 0.000663101905957, 0.000749665021431, 0.000367020344129, 0.000209653895581, 4.09821186622e-05, 1.39431062962e-06, 2.53471330325e-06, 3.38935279842e-07, 7.81320252941e-08, 9.62882218403e-09],
        "min": [3.45703369931e-07, 2.12254999497e-05, 2.5348883355e-05, 3.63364306395e-05, 7.34953573556e-05, 6.71344605507e-06, 1.25103160826e-05, 1.50010992002e-05, 6.74917682773e-05, 1.44892737808e-05, 5.12187534696e-06, 7.12793507773e-06, 3.44077238879e-06, 1.80166648533e-06, 7.89539262769e-06, 1.32828326969e-05, 2.43429112743e-05, 2.31128651649e-05, 1.85330991371e-05, 1.11496083264e-05, 4.63034029963e-06, 4.30088277881e-07, 1.3354124917e-07, 7.45251611534e-08, 2.3847894326e-08, 1.52184007618e-08, 5.70059288663e-09],
        "var": [2.69142791387e-10, 2.1660814582e-06, 4.39351310888e-08, 1.09420727767e-06, 2.87909933832e-05, 2.14140442267e-07, 1.58510928827e-08, 2.01405292444e-09, 1.2225058299e-06, 4.0225240916e-09, 5.74364911188e-09, 3.49920590281e-08, 1.06001074585e-08, 1.0996917581e-06, 7.40576751923e-07, 2.35334283616e-07, 1.94035891354e-07, 1.62667703307e-07, 1.87876807445e-07, 3.74508495327e-08, 1.83633623863e-08, 2.56440702007e-10, 4.05554496236e-13, 1.9211062862e-12, 1.24937224195e-13, 1.02022767133e-13, 1.09329557939e-13]
    },
    "erbbands": {
        "dmean": [0.0179349314421, 0.151540368795, 0.254620105028, 1.45140206814, 16.5775489807, 10.106924057, 1.31765377522, 2.78257799149, 0.636840581894, 2.2336268425, 1.3034979105, 18.8913841248, 3.42123508453, 2.2790722847, 3.73517107964, 5.36898231506, 2.77162480354, 14.0360174179, 13.8769836426, 30.2865257263, 14.6310138702, 26.0998306274, 15.158452034, 20.5427474976, 11.8031110764, 6.68107891083, 2.47728991508, 2.56578445435, 0.532390236855, 0.0746608674526, 0.0157546810806, 0.0289841871709, 0.00763193471357, 0.00234722392634, 0.00049091555411, 0.000313446507789, 0.000113181456982, 3.02312801068e-05, 8.54128120409e-06, 6.15477665633e-06],
        "dmean2": [0.0226612500846, 0.215725645423, 0.4189247787, 2.39770174026, 29.3314228058, 18.7394886017, 2.15458607674, 4.29718351364, 1.13588440418, 4.12685489655, 2.19582867622, 31.3028011322, 5.57817029953, 3.95581483841, 6.61932706833, 8.37093925476, 4.43468046188, 20.9929027557, 20.8110618591, 50.1965332031, 21.4286785126, 44.0196495056, 25.8086833954, 36.0228233337, 20.1105728149, 11.6718044281, 4.22496747971, 4.42895507812, 0.915611922741, 0.130013674498, 0.0260828472674, 0.0488101653755, 0.0129019822925, 0.00376018346287, 0.000627693545539, 0.000427428865805, 0.000137899594847, 3.32435993187e-05, 1.05265653474e-05, 1.06237730506e-05],
        "dvar": [0.000317001686199, 0.0237427968532, 0.0398433469236, 1.54701948166, 133.555084229, 56.8268165588, 2.08152413368, 11.2937641144, 0.432600498199, 2.89831256866, 1.60961806774, 417.450195312, 11.8844661713, 3.35593485832, 10.0208673477, 44.0820922852, 6.5510969162, 153.130889893, 181.032684326, 709.117980957, 193.01763916, 431.372772217, 202.363571167, 381.666320801, 143.736465454, 35.246006012, 4.05870008469, 5.80725097656, 0.245885059237, 0.00481079844758, 0.000162418364198, 0.000805416028015, 5.51273478777e-05, 1.3950815628e-05, 5.02306238559e-06, 1.31679780679e-06, 3.6482390442e-07, 4.24715587144e-08, 2.0612882512e-09, 3.08790076842e-11],
        "dvar2": [0.00038010822027, 0.0323325581849, 0.103884957731, 4.34365749359, 342.564239502, 176.051437378, 5.11611700058, 27.0789794922, 1.2367169857, 8.916431427, 3.8556895256, 879.319763184, 28.873966217, 10.3780221939, 29.6882247925, 113.86190033, 15.0260972977, 332.388946533, 511.442199707, 1745.47570801, 420.948364258, 1355.5279541, 496.663787842, 1259.01098633, 355.635955811, 89.7315979004, 7.30649805069, 15.233798027, 0.707239627838, 0.0130940014496, 0.000494393869303, 0.00232057040557, 0.000130856395117, 2.21620648517e-05, 5.20507910551e-06, 1.27074838474e-06, 3.69397724853e-07, 4.34290967632e-08, 2.08107997501e-09, 6.29265320407e-11],
        "max": [0.162968218327, 1.39240109921, 1.41039395332, 8.90870189667, 105.223022461, 61.8589897156, 8.98784542084, 17.3867225647, 3.92686867714, 11.2593927383, 10.4129018784, 158.375076294, 27.0408630371, 11.8008708954, 16.008928299, 47.1009941101, 24.8360157013, 141.104293823, 154.844696045, 241.728927612, 112.080886841, 154.947433472, 101.396568298, 133.874771118, 95.0886993408, 42.2970123291, 23.2551460266, 23.4552574158, 3.75747680664, 0.643160521984, 0.122064054012, 0.265122830868, 0.072110414505, 0.0358059443533, 0.0188944283873, 0.0100733339787, 0.00491614500061, 0.00162920111325, 0.000380574347218, 5.84592926316e-05],
        "mean": [0.0674839913845, 0.560357034206, 0.443114727736, 4.26213645935, 71.5352706909, 41.5993347168, 4.11407279968, 4.63449859619, 1.37129473686, 4.52564620972, 4.23332071304, 65.4438476562, 12.373544693, 4.83961343765, 5.95987606049, 10.5621881485, 7.29797506332, 41.667640686, 57.7834014893, 76.6864242554, 43.7395629883, 61.7481079102, 41.5361976624, 51.7578620911, 33.5186347961, 20.7588653564, 10.1176099777, 8.00206375122, 1.92441141605, 0.255813091993, 0.0551038533449, 0.0786533281207, 0.0280950460583, 0.00800096336752, 0.00126141344663, 0.000733506807592, 0.0002080500999, 3.93360751332e-05, 2.65546150331e-05, 4.26719343523e-05],
        "median": [0.0688292309642, 0.562393724918, 0.388157367706, 4.00337553024, 73.9692611694, 41.6656303406, 3.88875365257, 3.48782110214, 1.40757739544, 3.81775593758, 3.96725845337, 62.1770858765, 11.4833755493, 4.37941646576, 4.98555183411, 8.90225219727, 5.75058889389, 29.6560249329, 43.8417549133, 62.102684021, 40.1212882996, 54.7210388184, 38.2668113708, 44.8257827759, 28.883058548, 18.861661911, 8.77065563202, 6.35959386826, 1.77797937393, 0.229438140988, 0.0493940711021, 0.0662070885301, 0.0239774361253, 0.00684797018766, 0.000881255429704, 0.000511959311552, 0.000114490889246, 1.15718285087e-05, 2.06842851185e-05, 4.41838710685e-05],
        "min": [0.00057149521308, 0.00513362511992, 0.0246866159141, 0.0825667828321, 0.206682056189, 0.255446434021, 0.0990910083055, 0.0628694519401, 0.158061489463, 0.210374519229, 0.539910554886, 1.57823610306, 0.862874269485, 0.310392200947, 0.18367099762, 0.343998014927, 0.188004121184, 0.0822878330946, 0.312966942787, 0.504819154739, 0.730356633663, 1.39924120903, 1.26374232769, 1.01171648502, 1.12837576866, 0.493373215199, 0.275359272957, 0.101771846414, 0.0225252993405, 0.00501105887815, 0.00472904369235, 0.00228692265227, 0.000787857221439, 0.000364402134437, 0.00012376261293, 6.52040180285e-05, 2.70336131507e-05, 6.38356004856e-06, 2.22523749471e-06, 6.98591122728e-07],
        "var": [0.00171259592753, 0.114181093872, 0.0646990016103, 2.519572258, 346.509918213, 124.485549927, 3.61749768257, 17.0685787201, 0.409481674433, 6.18413639069, 3.10305452347, 1105.55456543, 35.9035835266, 7.40225934982, 13.4077262878, 63.5136985779, 23.6308784485, 1002.42437744, 1200.7746582, 2337.43359375, 370.538238525, 750.049133301, 375.501922607, 651.870849609, 277.041687012, 79.3037872314, 20.0629234314, 21.8877468109, 0.56928563118, 0.0118204997852, 0.000554392347112, 0.00165041314904, 0.000169675186044, 2.14299470827e-05, 5.28967120772e-06, 1.53230951128e-06, 3.72452262809e-07, 4.21519850136e-08, 2.10401762679e-09, 6.51177306521e-11]
    },
    "gfcc": {
        "mean": [-15.8228206635, 144.884872437, -172.544845581, 67.6410064697, -27.8607635498, -16.747795105, -22.5636501312, -9.55055332184, -18.8985290527, -18.1045646667, -23.9713592529, -26.4677658081, 4.30612277985],
        "cov": [[696.708618164, -17.9155387878, -131.003097534, 24.5717773438, 20.6187744141, 45.5417137146, -12.9722948074, -65.529914856, -3.01691484451, -16.8809928894, -39.033618927, -76.0729522705, 10.0177812576], [-17.9155387878, 164.019104004, 56.4460601807, 67.4121398926, 31.5722045898, -2.01542901993, 1.79114890099, -19.2899131775, 24.8755664825, 0.117358654737, 56.3154335022, 25.2870235443, 43.702507019], [-131.003097534, 56.4460601807, 118.658744812, 42.6194114685, 15.7233257294, -30.2262897491, -10.1725406647, 11.5148744583, 17.5797233582, 14.3998088837, 34.450252533, 50.338092804, 29.2952384949], [24.5717773438, 67.4121398926, 42.6194114685, 69.2125244141, 23.2362499237, -4.27623701096, -1.29288470745, -8.97927379608, 19.6474437714, 1.50878345966, 28.291387558, 16.2254333496, 26.9450340271], [20.6187744141, 31.5722045898, 15.7233257294, 23.2362499237, 23.5390815735, 4.18711948395, -5.07377719879, -8.43959236145, 7.17372131348, 3.05363869667, 8.62047481537, 6.02430105209, 12.9176168442], [45.5417137146, -2.01542901993, -30.2262897491, -4.27623701096, 4.18711948395, 25.0796775818, 7.38349294662, -5.89574766159, -0.756793320179, -7.05165624619, -9.61349487305, -13.0141038895, -2.64125823975], [-12.9722948074, 1.79114890099, -10.1725406647, -1.29288470745, -5.07377719879, 7.38349294662, 25.0087184906, 14.5929260254, -2.23485159874, -7.924659729, -2.83805727959, -0.486604571342, -2.67271471024], [-65.529914856, -19.2899131775, 11.5148744583, -8.97927379608, -8.43959236145, -5.89574766159, 14.5929260254, 31.1401557922, 1.36180269718, -0.25472971797, -4.03667020798, 11.5968408585, -2.55718898773], [-3.01691484451, 24.8755664825, 17.5797233582, 19.6474437714, 7.17372131348, -0.756793320179, -2.23485159874, 1.36180269718, 14.8213806152, 3.50356602669, 8.04141998291, 7.71109771729, 10.2727775574], [-16.8809928894, 0.117358654737, 14.3998088837, 1.50878345966, 3.05363869667, -7.05165624619, -7.924659729, -0.25472971797, 3.50356602669, 16.7258663177, 5.04431867599, 2.9239461422, 1.21313047409], [-39.033618927, 56.3154335022, 34.450252533, 28.291387558, 8.62047481537, -9.61349487305, -2.83805727959, -4.03667020798, 8.04141998291, 5.04431867599, 31.2926597595, 18.3015651703, 14.7555036545], [-76.0729522705, 25.2870235443, 50.338092804, 16.2254333496, 6.02430105209, -13.0141038895, -0.486604571342, 11.5968408585, 7.71109771729, 2.9239461422, 18.3015651703, 34.7142791748, 14.6466779709], [10.0177812576, 43.702507019, 29.2952384949, 26.9450340271, 12.9176168442, -2.64125823975, -2.67271471024, -2.55718898773, 10.2727775574, 1.21313047409, 14.7555036545, 14.6466779709, 25.779460907]],
        "icov": [[0.00314262695611, 0.0020727342926, 0.00344164483249, -0.00218883203343, -0.00148886046372, 0.00181473395787, -0.0017265212955, 0.00543692195788, -0.00165036390536, 0.000472338113468, 0.00196763291024, 0.00281675136648, -0.00715708127245], [0.0020727342926, 0.0583371333778, -0.00765110598877, 0.0316521711648, -0.0378640294075, 0.0135342609137, -0.0507260039449, 0.0416338331997, -0.0661578848958, 0.0341815911233, -0.0955541059375, 0.0372077487409, -0.0465519241989], [0.00344164483249, -0.00765110598877, 0.0404032841325, -0.0165980067104, 0.000940377940424, 0.0179398413748, 0.00956581067294, -0.00182541192044, 0.00757328886539, -0.0186661630869, 0.0216895341873, -0.0389158949256, -0.00719819916412], [-0.00218883203343, 0.0316521711648, -0.0165980067104, 0.0747662708163, -0.0486770793796, 0.0236753877252, -0.0507248975337, 0.035109244287, -0.0820365473628, 0.0377002060413, -0.0801414400339, 0.0365416780114, -0.0310260821134], [-0.00148886046372, -0.0378640294075, 0.000940377940424, -0.0486770793796, 0.118686646223, -0.0478228330612, 0.0487022772431, -0.0186622180045, 0.058400079608, -0.0450421907008, 0.0729087516665, -0.0388251282275, 0.0125787453726], [0.00181473395787, 0.0135342609137, 0.0179398413748, 0.0236753877252, -0.0478228330612, 0.104176089168, -0.0567646920681, 0.0427972413599, -0.0545108541846, 0.0229772552848, -0.0044121532701, 0.00936841312796, -0.0179413408041], [-0.0017265212955, -0.0507260039449, 0.00956581067294, -0.0507248975337, 0.0487022772431, -0.0567646920681, 0.150483086705, -0.106695592403, 0.0963237285614, -0.00656943395734, 0.061934158206, -0.0199451912194, 0.0414178259671], [0.00543692195788, 0.0416338331997, -0.00182541192044, 0.035109244287, -0.0186622180045, 0.0427972413599, -0.106695592403, 0.135029539466, -0.087382607162, 0.00771790510044, -0.0275989957154, -0.0116951055825, -0.0343468263745], [-0.00165036390536, -0.0661578848958, 0.00757328886539, -0.0820365473628, 0.058400079608, -0.0545108541846, 0.0963237285614, -0.087382607162, 0.226162925363, -0.0650519505143, 0.111311033368, -0.0446018092334, 0.0309724304825], [0.000472338113468, 0.0341815911233, -0.0186661630869, 0.0377002060413, -0.0450421907008, 0.0229772552848, -0.00656943395734, 0.00771790510044, -0.0650519505143, 0.117431081831, -0.0806741863489, 0.0526061654091, -0.0146304257214], [0.00196763291024, -0.0955541059375, 0.0216895341873, -0.0801414400339, 0.0729087516665, -0.0044121532701, 0.061934158206, -0.0275989957154, 0.111311033368, -0.0806741863489, 0.249717146158, -0.0991400405765, 0.059873893857], [0.00281675136648, 0.0372077487409, -0.0389158949256, 0.0365416780114, -0.0388251282275, 0.00936841312796, -0.0199451912194, -0.0116951055825, -0.0446018092334, 0.0526061654091, -0.0991400405765, 0.139068007469, -0.0479239858687], [-0.00715708127245, -0.0465519241989, -0.00719819916412, -0.0310260821134, 0.0125787453726, -0.0179413408041, 0.0414178259671, -0.0343468263745, 0.0309724304825, -0.0146304257214, 0.059873893857, -0.0479239858687, 0.135147541761]]
    },
    "melbands": {
        "dmean": [0.000171080624568, 0.000145240745042, 0.000625486369245, 0.00116891996004, 5.49750475329e-05, 5.71880555071e-05, 1.44407376865e-05, 2.00508875423e-05, 1.24796761156e-05, 0.000122658151668, 1.22790697787e-05, 9.19729336601e-06, 1.19187852761e-05, 1.83901938726e-05, 8.84281871549e-06, 4.49138542535e-06, 3.63467333955e-05, 2.90270781989e-05, 4.08819250879e-05, 3.03726465063e-05, 1.98535926756e-05, 2.70374202955e-05, 2.02096507564e-05, 1.68649912666e-05, 1.9378898287e-05, 1.31286506075e-05, 8.60702766659e-06, 3.75311060452e-06, 1.32272703013e-06, 3.24664188156e-06, 1.03404192942e-06, 3.60598619409e-07, 1.32345661541e-07, 1.4958553507e-08, 9.45095823823e-09, 1.5178109436e-08, 1.90520506038e-08, 6.92884016829e-09, 3.47492012942e-09, 1.72561531731e-09],
        "dmean2": [0.000222749935347, 0.000226085190661, 0.00112311949488, 0.00209647347219, 9.98725590762e-05, 8.80914521986e-05, 2.55918130279e-05, 3.66591375496e-05, 2.17985907511e-05, 0.000201286136871, 2.11334936466e-05, 1.60484814842e-05, 2.10406651604e-05, 3.08219750877e-05, 1.4570508938e-05, 7.47930380385e-06, 5.44936774531e-05, 4.37226444774e-05, 6.87669307808e-05, 4.85927776026e-05, 3.09964379994e-05, 4.47953534604e-05, 3.40844526363e-05, 2.90452371701e-05, 3.45772532455e-05, 2.21728441829e-05, 1.48068675117e-05, 6.41076667307e-06, 2.09265112971e-06, 5.48798561795e-06, 1.78210120794e-06, 6.04623323852e-07, 2.33014105788e-07, 2.62876209689e-08, 1.61383901798e-08, 2.52682443858e-08, 3.33090888205e-08, 1.15769802633e-08, 5.9892477644e-09, 2.70253219803e-09],
        "dvar": [3.15871666601e-08, 1.75649628176e-08, 2.39556442239e-07, 7.22366792161e-07, 2.64296451391e-09, 4.8851931389e-09, 1.68450642324e-10, 2.33110336589e-10, 1.42067510533e-10, 1.74410885734e-08, 1.52572440792e-10, 5.83536829968e-11, 1.19368875895e-10, 3.98371613475e-10, 7.70049649046e-11, 1.93043428465e-11, 1.01329955537e-09, 6.35071772948e-10, 2.52128473655e-09, 9.88620074693e-10, 3.62078866889e-10, 4.19691198461e-10, 2.66168254104e-10, 2.3162669005e-10, 3.55473678271e-10, 1.63095689731e-10, 5.1338159418e-11, 9.64395490549e-12, 1.06926436021e-12, 7.39275307637e-12, 1.19048119886e-12, 1.01705407605e-13, 1.28565218774e-14, 2.22607140681e-16, 7.17379400728e-17, 1.82076786209e-16, 2.89666050901e-16, 3.60077279298e-17, 1.76224360952e-17, 9.48700806445e-18],
        "dvar2": [3.67926880074e-08, 3.66949706176e-08, 5.50422385004e-07, 2.00643444259e-06, 6.59617116483e-09, 1.14634675086e-08, 5.38972699804e-10, 7.35508653982e-10, 3.95735055836e-10, 3.64906931338e-08, 4.06502415062e-10, 1.8229168175e-10, 3.46264877882e-10, 1.00944652637e-09, 2.14963102874e-10, 3.29230809282e-11, 2.26937202363e-09, 1.41143341459e-09, 5.99347327324e-09, 2.67387356701e-09, 8.63425497766e-10, 1.38707889619e-09, 7.64422747324e-10, 6.09094996662e-10, 1.22432897154e-09, 4.53011211876e-10, 1.4001935722e-10, 2.21983958992e-11, 2.47295304893e-12, 1.89411750173e-11, 3.67480395072e-12, 2.98225420053e-13, 3.37797654161e-14, 6.50212559982e-16, 2.23893969016e-16, 4.50134378115e-16, 8.617877318e-16, 9.25380186153e-17, 3.67383567125e-17, 1.34753553408e-17],
        "max": [0.00161656911951, 0.000976412906311, 0.00378857506439, 0.00782121252269, 0.000299282168271, 0.000360780803021, 6.95264388924e-05, 0.000107193562144, 9.37164149946e-05, 0.00103842839599, 8.68323768373e-05, 4.93478582939e-05, 5.23306225659e-05, 0.000132230532472, 5.68973591726e-05, 4.54992077721e-05, 0.000354028452421, 0.000317185593303, 0.000411811546655, 0.000258250598563, 0.000129908279632, 0.000155038302182, 0.000100855373603, 9.76355004241e-05, 0.000118784002552, 9.68840977293e-05, 4.42029886472e-05, 2.46285144385e-05, 9.42390761338e-06, 3.17150661431e-05, 8.34700585983e-06, 2.25400344789e-06, 9.05217973468e-07, 1.316132483e-07, 6.41782733624e-08, 1.25256093497e-07, 1.62122304914e-07, 5.08930710907e-08, 3.85877996223e-08, 2.75535558814e-08],
        "mean": [0.000685339560732, 0.000392584624933, 0.00225021876395, 0.00539367413148, 0.000138492701808, 0.000100018231024, 2.58810978266e-05, 4.27824707003e-05, 2.79604682873e-05, 0.000431168882642, 3.97208568756e-05, 1.77206002263e-05, 1.76170378836e-05, 2.87463153654e-05, 2.10807702388e-05, 1.20392815006e-05, 9.99699332169e-05, 0.000106137442344, 0.0001077710549, 7.88473480497e-05, 4.76970199088e-05, 6.2489118136e-05, 4.78515175928e-05, 3.58333563781e-05, 4.39073592133e-05, 2.88152641588e-05, 2.05605265364e-05, 1.15608218039e-05, 4.39271343566e-06, 8.65804759087e-06, 3.11084909299e-06, 1.16424030239e-06, 3.83591725495e-07, 4.3281666251e-08, 2.44271110006e-08, 4.17660928065e-08, 4.8549431142e-08, 2.25598633108e-08, 1.01960448973e-08, 5.12044939782e-09],
        "median": [0.000694923626725, 0.000397532363422, 0.00219032587484, 0.00546857761219, 0.000135249094456, 8.1336896983e-05, 2.38732445723e-05, 3.67389438907e-05, 2.51237106568e-05, 0.000409010332078, 3.66060448869e-05, 1.61435600603e-05, 1.49004845298e-05, 2.03175750357e-05, 1.83253669093e-05, 9.58402506512e-06, 7.09028536221e-05, 8.58624334796e-05, 8.5639898316e-05, 6.56099728076e-05, 4.48935643362e-05, 5.7051784097e-05, 4.4563839765e-05, 3.17771118716e-05, 3.79932753276e-05, 2.36723572016e-05, 1.78025766218e-05, 1.06845564005e-05, 4.01157603847e-06, 7.11284747013e-06, 2.53135499406e-06, 1.08897404516e-06, 3.33957729026e-07, 4.21769890124e-08, 2.19721609795e-08, 3.57025271569e-08, 4.24275015121e-08, 1.96223179927e-08, 8.00753152674e-09, 4.3619450274e-09],
        "min": [5.75528792979e-06, 1.09290431283e-05, 1.77598667506e-05, 1.80723309313e-05, 4.98406461702e-06, 1.40545364502e-06, 2.46886702371e-06, 2.32805768974e-06, 5.33419688509e-06, 1.01998484752e-05, 4.05248010793e-06, 1.22804806324e-06, 6.38518486085e-07, 5.98529879881e-07, 9.91816023088e-07, 1.64855180174e-07, 1.36671289397e-07, 4.31128114542e-07, 6.12904955233e-07, 8.09418963854e-07, 8.0533112623e-07, 1.18454715903e-06, 1.72259933606e-06, 9.46782108713e-07, 7.99455108336e-07, 6.77471689414e-07, 7.72115242853e-07, 2.3569697305e-07, 1.80488925139e-07, 8.25524324455e-08, 5.28598533833e-08, 1.30653807773e-08, 4.31183355687e-09, 1.5912846596e-09, 2.56233767537e-09, 2.66432587104e-09, 9.59024859526e-10, 7.23693327487e-10, 2.1018323193e-10, 3.32711108664e-10],
        "var": [1.72808228172e-07, 5.05213293422e-08, 4.34974538166e-07, 1.9414635517e-06, 3.56453067063e-09, 7.96210741782e-09, 1.98759467218e-10, 4.70873617875e-10, 2.49373632855e-10, 4.78102144541e-08, 3.91827681412e-10, 1.16647372317e-10, 1.42276801451e-10, 5.78552705743e-10, 1.6452325613e-10, 6.82474354807e-11, 6.25130347487e-09, 5.07053421472e-09, 6.25026697065e-09, 2.33854091647e-09, 5.07792141669e-10, 7.88470566615e-10, 4.81132689245e-10, 4.04538624821e-10, 5.11846121043e-10, 2.68450733865e-10, 1.03622756209e-10, 2.5123677444e-11, 3.44219487983e-12, 3.01403520198e-11, 2.9780453277e-12, 2.02846623504e-13, 3.13957301996e-14, 3.67033881485e-16, 1.42887853992e-16, 4.19079926808e-16, 6.5359719776e-16, 1.12314755626e-16, 3.16387518402e-17, 1.20894737815e-17]
    },
    "mfcc": {
        "mean": [-636.359619141, 148.948806763, -61.4630241394, 72.5408935547, 9.42883968353, 9.16311264038, 3.4749815464, -3.32922077179, 11.3387737274, 3.74266624451, -7.90475416183, -11.4340343475, -26.4625759125],
        "cov": [[776.694702148, -51.58984375, -144.212921143, -20.5114574432, 3.4001057148, 98.4526672363, -4.56076955795, -31.9019775391, 9.16323375702, 20.0256938934, 12.4109020233, -37.0933647156, -84.8046417236], [-51.58984375, 100.758277893, 51.8778114319, 50.1759719849, 32.6365661621, 14.8271627426, 1.82540869713, 1.14367723465, -12.8646392822, -14.0386533737, -4.68040180206, 8.71487522125, 25.1138687134], [-144.212921143, 51.8778114319, 90.2283248901, 58.9869918823, 25.1637458801, -11.6632652283, -8.3638753891, 9.64203739166, -8.06095695496, -12.5589237213, -7.49699068069, 10.6902151108, 31.7625484467], [-20.5114574432, 50.1759719849, 58.9869918823, 82.593170166, 35.8317680359, 9.24102973938, -4.26836633682, 4.96823644638, -7.04842662811, -8.57322978973, 0.268803536892, 7.7796163559, 15.076792717], [3.4001057148, 32.6365661621, 25.1637458801, 35.8317680359, 38.5390357971, 19.2304210663, -9.09724807739, -6.31831550598, -3.64435482025, -5.52367544174, -1.46255123615, 1.01851093769, 5.06554555893], [98.4526672363, 14.8271627426, -11.6632652283, 9.24102973938, 19.2304210663, 42.190612793, 0.139480084181, -5.59332323074, -1.39100587368, 0.472355514765, 1.17197525501, -1.79222130775, -10.3484983444], [-4.56076955795, 1.82540869713, -8.3638753891, -4.26836633682, -9.09724807739, 0.139480084181, 20.465801239, 9.28451728821, 2.94717764854, 1.92360436916, 4.3779835701, 0.473635464907, -2.84772586823], [-31.9019775391, 1.14367723465, 9.64203739166, 4.96823644638, -6.31831550598, -5.59332323074, 9.28451728821, 32.5171318054, 6.95287656784, -3.52678894997, -4.26322460175, 4.68811511993, 4.76653051376], [9.16323375702, -12.8646392822, -8.06095695496, -7.04842662811, -3.64435482025, -1.39100587368, 2.94717764854, 6.95287656784, 19.7321796417, 5.91154813766, -0.854187786579, -1.55532991886, -1.40054094791], [20.0256938934, -14.0386533737, -12.5589237213, -8.57322978973, -5.52367544174, 0.472355514765, 1.92360436916, -3.52678894997, 5.91154813766, 16.5144290924, 4.15125656128, -4.6350903511, -5.03133296967], [12.4109020233, -4.68040180206, -7.49699068069, 0.268803536892, -1.46255123615, 1.17197525501, 4.3779835701, -4.26322460175, -0.854187786579, 4.15125656128, 17.7185840607, 1.41118621826, -6.62028455734], [-37.0933647156, 8.71487522125, 10.6902151108, 7.7796163559, 1.01851093769, -1.79222130775, 0.473635464907, 4.68811511993, -1.55532991886, -4.6350903511, 1.41118621826, 14.2425146103, 5.08414316177], [-84.8046417236, 25.1138687134, 31.7625484467, 15.076792717, 5.06554555893, -10.3484983444, -2.84772586823, 4.76653051376, -1.40054094791, -5.03133296967, -6.62028455734, 5.08414316177, 28.0529289246]],
