{
"lowlevel": {
    "average_loudness": 0.981037199497,
    "barkbands_crest": {
        "dmean": 3.73307704926,
        "dmean2": 5.95627260208,
        "dvar": 7.5979590416,
        "dvar2": 20.3989562988,
        "max": 25.0546798706,
        "mean": 12.9338960648,
        "median": 13.031578064,
        "min": 3.1918861866,
        "var": 22.3221549988
    },
    "barkbands_flatness_db": {
        "dmean": 0.0328127071261,
        "dmean2": 0.0525326952338,
        "dvar": 0.000769192818552,
        "dvar2": 0.00176328630187,
        "max": 0.326954066753,
        "mean": 0.190688475966,
        "median": 0.184479653835,
        "min": 0.0908813923597,
        "var": 0.00247907149605
    },
    "barkbands_kurtosis": {
        "dmean": 5.00231170654,
        "dmean2": 8.3460855484,
        "dvar": 57.7954368591,
        "dvar2": 140.661743164,
        "max": 60.6601715088,
        "mean": 4.50662279129,
        "median": 0.601133584976,
        "min": -1.83659958839,
        "var": 93.4275665283
    },
    "barkbands_skewness": {
        "dmean": 0.970230877399,
        "dmean2": 1.53743326664,
        "dvar": 0.786278665066,
        "dvar2": 1.83768808842,
        "max": 7.26697015762,
        "mean": 1.76704382896,
        "median": 1.46521830559,
        "min": -1.79331827164,
        "var": 2.45989370346
    },
    "barkbands_spread": {
        "dmean": 8.8472328186,
        "dmean2": 14.4468278885,
        "dvar": 59.6672325134,
        "dvar2": 147.703292847,
        "max": 60.6290016174,
        "mean": 28.188659668,
        "median": 29.2384967804,
        "min": 2.24279594421,
        "var": 164.059753418
    },
    "dissonance": {
        "dmean": 0.00760517688468,
        "dmean2": 0.0131461452693,
        "dvar": 4.68147190986e-05,
        "dvar2": 0.000131498687551,
        "max": 0.499671161175,
        "mean": 0.489237159491,
        "median": 0.491049081087,
        "min": 0.447017967701,
        "var": 6.10272472841e-05
    },
    "dynamic_complexity": 1.54332625866,
    "erbbands_crest": {
        "dmean": 2.5038459301,
        "dmean2": 4.37328672409,
        "dvar": 5.24408912659,
        "dvar2": 14.7265062332,
        "max": 24.4100322723,
        "mean": 7.84550094604,
        "median": 7.29133033752,
        "min": 3.23856520653,
        "var": 8.41357707977
    },
    "erbbands_flatness_db": {
        "dmean": 0.0133895408362,
        "dmean2": 0.0216564498842,
        "dvar": 0.000152980661369,
        "dvar2": 0.000368175009498,
        "max": 0.296500653028,
        "mean": 0.205859705806,
        "median": 0.204172432423,
        "min": 0.0997716858983,
        "var": 0.000521641981322
    },
    "erbbands_kurtosis": {
        "dmean": 1.63786375523,
        "dmean2": 2.76480126381,
        "dvar": 3.99262166023,
        "dvar2": 10.9250946045,
        "max": 27.0525970459,
        "mean": 1.74719703197,
        "median": 1.15577697754,
        "min": -1.7068451643,
        "var": 8.27327537537
    },
    "erbbands_skewness": {
        "dmean": 0.438807338476,
        "dmean2": 0.736013293266,
        "dvar": 0.152368858457,
        "dvar2": 0.390388190746,
        "max": 0.947499155998,
        "mean": -1.12304317951,
        "median": -1.18580150604,
        "min": -3.5054526329,
        "var": 0.438476473093
    },
    "erbbands_spread": {
        "dmean": 11.335269928,
        "dmean2": 18.4929904938,
        "dvar": 138.406143188,
        "dvar2": 353.191345215,
        "max": 92.9464874268,
        "mean": 35.819644928,
        "median": 30.5603427887,
        "min": 5.75855016708,
        "var": 345.18838501
    },
    "hfc": {
        "dmean": 6.47314119339,
        "dmean2": 10.1541910172,
        "dvar": 61.593208313,
        "dvar2": 123.496826172,
        "max": 101.941246033,
        "mean": 23.5131015778,
        "median": 18.919178009,
        "min": 0.582857072353,
        "var": 271.959991455
    },
    "melbands_crest": {
        "dmean": 4.42100286484,
        "dmean2": 7.2295165062,
        "dvar": 12.9806222916,
        "dvar2": 31.0614376068,
        "max": 30.2685108185,
        "mean": 20.3442249298,
        "median": 21.0531158447,
        "min": 5.26214981079,
        "var": 35.6899147034
    },
    "melbands_flatness_db": {
        "dmean": 0.0421952791512,
        "dmean2": 0.0656434595585,
        "dvar": 0.00116986059584,
        "dvar2": 0.00271523511037,
        "max": 0.426595032215,
        "mean": 0.253826230764,
        "median": 0.251427024603,
        "min": 0.0841892138124,
        "var": 0.00423079403117
    },
    "melbands_kurtosis": {
        "dmean": 17.3513813019,
        "dmean2": 28.6065731049,
        "dvar": 553.971374512,
        "dvar2": 1358.49169922,
        "max": 184.56930542,
        "mean": 23.0056800842,
        "median": 10.6732654572,
        "min": -1.7615686655,
        "var": 932.65826416
    },
    "melbands_skewness": {
        "dmean": 1.53147518635,
        "dmean2": 2.43798398972,
        "dvar": 1.99607074261,
        "dvar2": 4.73439216614,
        "max": 11.4277448654,
        "mean": 3.88778805733,
        "median": 3.40811157227,
        "min": -0.707231402397,
        "var": 5.8731303215
    },
    "melbands_spread": {
        "dmean": 11.767162323,
        "dmean2": 18.8938941956,
        "dvar": 137.105178833,
        "dvar2": 323.504699707,
        "max": 93.5829925537,
        "mean": 26.7882652283,
        "median": 22.0285663605,
        "min": 1.54187107086,
        "var": 390.616241455
    },
    "pitch_salience": {
        "dmean": 0.111542627215,
        "dmean2": 0.174811080098,
        "dvar": 0.00690393010154,
        "dvar2": 0.0174709316343,
        "max": 0.776408851147,
        "mean": 0.403117895126,
        "median": 0.387661606073,
        "min": 0.145709097385,
        "var": 0.0206850618124
    },
    "silence_rate_20dB": {
        "dmean": 0,
        "dmean2": 0,
        "dvar": 0,
        "dvar2": 0,
        "max": 1,
        "mean": 1,
        "median": 1,
        "min": 1,
        "var": 0
    },
    "silence_rate_30dB": {
        "dmean": 0,
        "dmean2": 0,
        "dvar": 0,
        "dvar2": 0,
        "max": 1,
        "mean": 1,
        "median": 1,
        "min": 1,
        "var": 0
    },
    "silence_rate_60dB": {
        "dmean": 0,
        "dmean2": 0,
        "dvar": 0,
        "dvar2": 0,
        "max": 0,
        "mean": 0,
        "median": 0,
        "min": 0,
        "var": 0
    },
    "spectral_centroid": {
        "dmean": 324.244689941,
        "dmean2": 501.601409912,
        "dvar": 89243.828125,
        "dvar2": 214090.6875,
        "max": 3101.36401367,
        "mean": 1963.27734375,
        "median": 2065.66088867,
        "min": 410.459442139,
        "var": 258593.4375
    },
    "spectral_complexity": {
        "dmean": 5.05384635925,
        "dmean2": 7.71465301514,
        "dvar": 16.5534973145,
        "dvar2": 33.6486778259,
        "max": 52,
        "mean": 28.8337593079,
        "median": 30,
        "min": 1,
        "var": 104.128356934
    },
    "spectral_decrease": {
        "dmean": 3.1305404935e-09,
        "dmean2": 5.19990495107e-09,
        "dvar": 6.11590089321e-18,
        "dvar2": 1.71986962828e-17,
        "max": -1.14544866647e-10,
        "mean": -9.55323198326e-09,
        "median": -9.75950964488e-09,
        "min": -1.86554949266e-08,
        "var": 1.24454749463e-17
    },
    "spectral_energy": {
        "dmean": 0.0118983872235,
        "dmean2": 0.0198140945286,
        "dvar": 8.78063219716e-05,
        "dvar2": 0.000246414303547,
        "max": 0.0718686580658,
        "mean": 0.0381887853146,
        "median": 0.0396571159363,
        "min": 0.000485183700221,
        "var": 0.000186816279893
    },
    "spectral_energyband_high": {
        "dmean": 0.000184300413821,
        "dmean2": 0.000297373917419,
        "dvar": 1.25639033399e-07,
        "dvar2": 3.3293974866e-07,
        "max": 0.00465893745422,
        "mean": 0.000417844828917,
        "median": 0.000339352700394,
        "min": 1.05311337393e-05,
        "var": 1.58410657036e-07
    },
    "spectral_energyband_low": {
        "dmean": 0.0124328872189,
        "dmean2": 0.0202138870955,
        "dvar": 9.87474195426e-05,
        "dvar2": 0.000270861724857,
        "max": 0.0637458786368,
        "mean": 0.026229750365,
        "median": 0.0257043447345,
        "min": 0.000216665343032,
        "var": 0.00021036475664
    },
    "spectral_energyband_middle_high": {
        "dmean": 0.00292966095731,
        "dmean2": 0.00452335458249,
        "dvar": 1.03380025394e-05,
        "dvar2": 2.08974124689e-05,
        "max": 0.0427983365953,
        "mean": 0.00838523358107,
        "median": 0.00600188411772,
        "min": 0.000176768386154,
        "var": 5.20863650308e-05
    },
    "spectral_energyband_middle_low": {
        "dmean": 0.00205127103254,
        "dmean2": 0.00334823387675,
        "dvar": 7.26851703803e-06,
        "dvar2": 1.59865248861e-05,
        "max": 0.0289211645722,
        "mean": 0.00396438827738,
        "median": 0.00283557246439,
        "min": 4.61156851088e-05,
        "var": 1.70750645339e-05
    },
    "spectral_entropy": {
        "dmean": 0.0905829891562,
        "dmean2": 0.14750957489,
        "dvar": 0.00792041793466,
        "dvar2": 0.0191161166877,
        "max": 8.26622962952,
        "mean": 7.58171415329,
        "median": 7.60191059113,
        "min": 7.05829000473,
        "var": 0.0173135176301
    },
    "spectral_flux": {
        "dmean": 0.0286533180624,
        "dmean2": 0.0485906042159,
        "dvar": 0.000506275799125,
        "dvar2": 0.00146531313658,
        "max": 0.217457965016,
        "mean": 0.107037886977,
        "median": 0.105199687183,
        "min": 0.0333314910531,
        "var": 0.000981832738034
    },
    "spectral_kurtosis": {
        "dmean": 2.61323833466,
        "dmean2": 4.59134626389,
        "dvar": 5.63828229904,
        "dvar2": 17.4707450867,
        "max": 22.9411697388,
        "mean": 4.5753159523,
        "median": 3.98976516724,
        "min": 0.302143573761,
        "var": 8.16607379913
    },
    "spectral_rms": {
        "dmean": 0.000983518897556,
        "dmean2": 0.00162102340255,
        "dvar": 6.11898883562e-07,
        "dvar2": 1.64490506904e-06,
        "max": 0.00837351568043,
        "mean": 0.00598604092374,
        "median": 0.00622011814266,
        "min": 0.000688004307449,
        "var": 1.42462192798e-06
    },
    "spectral_rolloff": {
        "dmean": 649.418823242,
        "dmean2": 1103.78381348,
        "dvar": 537092.5,
        "dvar2": 1308057.375,
        "max": 3337.64648438,
        "mean": 1390.79077148,
        "median": 1679.58984375,
        "min": 86.1328125,
        "var": 1061894.25
    },
    "spectral_skewness": {
        "dmean": 0.271037966013,
        "dmean2": 0.471619933844,
        "dvar": 0.0624171830714,
        "dvar2": 0.171320229769,
        "max": 3.43684005737,
        "mean": 0.804117023945,
        "median": 0.777102172375,
        "min": 0.0393980331719,
        "var": 0.111326575279
    },
    "spectral_spread": {
        "dmean": 213499.125,
        "dmean2": 345336.59375,
        "dvar": 94281572352,
        "dvar2": 148699398144,
        "max": 7016371.5,
        "mean": 2490380.75,
        "median": 2440135.75,
        "min": 1679165.375,
        "var": 210011176960
    },
    "spectral_strongpeak": {
        "dmean": 0.396450191736,
        "dmean2": 0.678181171417,
        "dvar": 0.73889452219,
        "dvar2": 2.0597422123,
        "max": 8.50653266907,
        "mean": 0.617123544216,
        "median": 0.456076383591,
        "min": 0,
        "var": 0.671295702457
    },
    "zerocrossingrate": {
        "dmean": 0.00988080911338,
        "dmean2": 0.0121957343072,
        "dvar": 6.96000643075e-05,
        "dvar2": 0.000102003199572,
        "max": 0.1083984375,
        "mean": 0.0456898882985,
        "median": 0.04296875,
        "min": 0.00927734375,
        "var": 0.000406251871027
    },
    "barkbands": {
        "dmean": [7.13213521522e-05, 0.00914882682264, 0.00620800536126, 0.00104313832708, 0.00100474606734, 0.000323900429066, 0.000245236238698, 0.000140685442602, 0.000406075705541, 0.000425874924986, 0.000316981750075, 0.000417746603489, 0.000119645046652, 0.000666247447953, 0.000538997061085, 0.000992043176666, 0.000780917529482, 0.00036750320578, 0.000448495062301, 0.000200824302738, 0.00010419463797, 2.78278439509e-05, 1.20763143059e-05, 3.84276154364e-06, 1.40454483244e-06, 8.54093229918e-07, 2.52424676717e-08],
        "dmean2": [0.000115920382086, 0.0151413697749, 0.0105646559969, 0.00179439829662, 0.00175212603062, 0.000491592043545, 0.000416945549659, 0.000235647021327, 0.000676862662658, 0.000699199095834, 0.000561604334507, 0.000683147169184, 0.000198224530322, 0.00108804460615, 0.000861543870997, 0.00159167870879, 0.00130505790003, 0.0005770487478, 0.000734270899557, 0.000332936062478, 0.000172937914613, 4.5296485041e-05, 2.26291595027e-05, 5.98927817919e-06, 2.32323873206e-06, 1.5217553937e-06, 4.13023144574e-08],
        "dvar": [1.71381433489e-08, 6.04102278885e-05, 4.4337259169e-05, 3.18309253089e-06, 1.85704993783e-06, 1.2947812138e-06, 2.33986966691e-07, 7.06961813535e-08, 6.88218790401e-07, 5.21435765677e-07, 3.04119197381e-07, 6.7162028472e-07, 3.73535620213e-08, 1.39397502608e-06, 8.68296297085e-07, 2.29869988289e-06, 1.055377993e-06, 3.42866343317e-07, 4.72098093951e-07, 8.72676508834e-08, 2.24774918678e-08, 7.13984649181e-09, 1.56865471723e-08, 1.47066192557e-10, 5.43804133668e-11, 4.18882116493e-11, 1.67533850426e-14],
        "dvar2": [3.28766240898e-08, 0.000178871356184, 0.00010484529048, 8.21501907922e-06, 4.75859997096e-06, 2.01720831683e-06, 6.82255347328e-07, 1.85937651054e-07, 1.79777612175e-06, 1.24650853195e-06, 8.62338481511e-07, 1.31239266921e-06, 9.69634967873e-08, 3.35731192536e-06, 1.68869075878e-06, 5.44617432752e-06, 2.55587360698e-06, 7.58952864999e-07, 1.20100662571e-06, 2.3005630112e-07, 5.64355246979e-08, 1.85091550975e-08, 4.73807588719e-08, 3.27536248124e-10, 1.48058953986e-10, 1.21522847341e-10, 3.90090046311e-14],
        "max": [0.00165851402562, 0.0535745285451, 0.0440030023456, 0.0185853205621, 0.0158034153283, 0.0205157231539, 0.006142613478, 0.00287411478348, 0.0113089047372, 0.00958110857755, 0.00582286855206, 0.0116114132106, 0.0019197773654, 0.0135163078085, 0.0146709736437, 0.0165933817625, 0.0115614300594, 0.00855178013444, 0.00983485113829, 0.00377249694429, 0.00211714208126, 0.00118732696865, 0.001868486288, 0.000147716375068, 0.000114155453048, 9.45033825701e-05, 1.60159288498e-06],
        "mean": [8.17764885142e-05, 0.0150278080255, 0.0104033183306, 0.00110645988025, 0.00124691403471, 0.000440682517365, 0.000288591574645, 0.000177429363248, 0.000526492309291, 0.000568663410377, 0.000365347019397, 0.000765976379625, 0.00020261570171, 0.000918079225812, 0.000796110369265, 0.00156062387396, 0.00137964566238, 0.000758009206038, 0.000882108113728, 0.000401660450734, 0.000221523325308, 4.97101209476e-05, 1.03229995148e-05, 6.39348581899e-06, 1.77320362127e-06, 7.70914482473e-07, 2.31801919881e-08],
        "median": [3.55828851752e-05, 0.0123948678374, 0.00670960126445, 0.000586305977777, 0.000777594686951, 0.000210185768083, 0.000133831956191, 8.05628224043e-05, 0.000230106466915, 0.000225133320782, 0.000200797934667, 0.000294493860565, 9.96407325147e-05, 0.000445189332822, 0.00037766827154, 0.000842054956593, 0.000921621453017, 0.000491708458867, 0.000678990327287, 0.000321235827869, 0.000183414987987, 3.35658223776e-05, 1.37380027354e-06, 2.8308779747e-06, 5.39410564215e-07, 1.67844902421e-07, 6.23472296013e-09],
        "min": [1.71563421247e-08, 0.000116597475426, 4.33699678979e-05, 5.75355807086e-06, 1.0876988199e-05, 6.10701727055e-06, 1.37213305607e-06, 2.21998197958e-06, 9.87540147435e-07, 3.36829430125e-07, 2.00822455554e-06, 3.20617255056e-06, 4.21450249632e-06, 2.3641516691e-06, 1.60083027367e-06, 1.4105324226e-05, 1.98078560061e-05, 3.26987683366e-05, 4.25714206358e-05, 2.04781390494e-05, 3.62141736332e-06, 2.11305223274e-06, 6.62560424303e-08, 8.14794844928e-08, 1.72750063143e-08, 1.95934557468e-09, 1.22163379412e-09],
        "var": [2.05284891308e-08, 0.00012196633179, 9.57859956543e-05, 3.04496848003e-06, 2.58969430433e-06, 2.09387030736e-06, 2.69433570566e-07, 8.52951842489e-08, 1.10111352569e-06, 1.0991225281e-06, 2.76620312434e-07, 2.68376675194e-06, 7.82271385447e-08, 1.92713173419e-06, 1.70793123289e-06, 4.17446472056e-06, 2.09365953197e-06, 1.07259666038e-06, 7.25127904389e-07, 1.32065906655e-07, 3.68174575271e-08, 7.07772596087e-09, 9.68985869321e-09, 2.05808425857e-10, 4.83129404538e-11, 2.42886856461e-11, 1.25918554216e-14]
    },
    "erbbands": {
        "dmean": [0.160925403237, 2.42444944382, 7.63883733749, 3.74480891228, 3.25563955307, 3.84934234619, 2.23756170273, 2.85112643242, 1.76092374325, 5.14152622223, 3.92353224754, 9.51269245148, 11.4711227417, 10.3479995728, 15.8167829514, 15.0859699249, 5.46483039856, 20.2148456573, 36.4442443848, 36.9629173279, 49.0328788757, 43.1228256226, 21.5345420837, 26.7456302643, 15.0194997787, 9.53729629517, 4.45847034454, 3.20092654228, 1.19602334499, 0.435597449541, 0.339894622564, 0.105851843953, 0.0526738613844, 0.022114675492, 0.00679210340604, 0.00392718566582, 0.00165427895263, 0.000141715645441, 8.84489963937e-06, 1.2923345821e-05],
        "dmean2": [0.270860761404, 3.99602651596, 12.7826595306, 6.23362874985, 5.57550477982, 6.76563882828, 3.63441729546, 4.44272661209, 3.00136566162, 8.74024009705, 6.42833948135, 15.9927024841, 18.5999279022, 17.1782989502, 27.2079200745, 23.5138282776, 8.31055927277, 32.7550735474, 58.2238121033, 61.1942825317, 79.6286087036, 72.4387130737, 32.5274124146, 43.5831565857, 23.9705982208, 15.6012210846, 7.12989902496, 5.15598964691, 1.95698344707, 0.766802608967, 0.630155384541, 0.17441265285, 0.0843856930733, 0.0342889018357, 0.0118871768937, 0.00677678221837, 0.0030410522595, 0.000260643573711, 1.49009993038e-05, 2.16910102608e-05],
        "dvar": [0.0323729850352, 4.2119717598, 59.475315094, 19.4788208008, 18.2685108185, 36.3568000793, 23.488735199, 127.73223877, 12.6850137711, 104.510925293, 54.4527053833, 388.472076416, 513.191162109, 307.27255249, 715.786132812, 689.773986816, 75.2275314331, 1040.96484375, 2842.86303711, 6667.47558594, 5567.55664062, 3180.69018555, 1065.60058594, 1700.29040527, 450.536376953, 189.127044678, 34.8389472961, 31.231388092, 16.5417423248, 10.2751617432, 11.818810463, 0.176929339767, 0.0324973762035, 0.00707797938958, 0.00333262351342, 0.000583467422985, 0.000230854289839, 1.90794185073e-06, 8.60184867779e-10, 1.03636731141e-10],
        "dvar2": [0.0821155235171, 12.3222646713, 138.78137207, 52.2432975769, 48.8532104492, 87.7036743164, 50.698677063, 234.297088623, 34.6640968323, 298.548126221, 138.90020752, 1007.03192139, 1297.60681152, 760.58392334, 1906.96582031, 1340.82775879, 152.35446167, 2462.82861328, 6416.75244141, 16919.5546875, 13559.1220703, 7654.28613281, 2039.99438477, 4326.65527344, 1153.0645752, 524.199401855, 87.6500854492, 82.7836990356, 44.3465576172, 30.0919303894, 35.557472229, 0.485524386168, 0.0672963559628, 0.0157519429922, 0.00963329803199, 0.00163385400083, 0.000680545985233, 5.54872121938e-06, 2.35622232836e-09, 2.84630874425e-10],
        "max": [1.5819633007, 12.9973039627, 48.9815063477, 45.8939437866, 31.5135421753, 88.7217102051, 85.1435165405, 186.800506592, 39.1293449402, 127.00528717, 105.362167358, 268.73260498, 242.406585693, 222.78314209, 263.326965332, 423.777374268, 182.514373779, 324.484039307, 734.171691895, 1296.1574707, 666.863647461, 643.727294922, 520.799987793, 597.259277344, 264.203796387, 174.450927734, 81.8566131592, 82.4265975952, 59.9139404297, 49.5082778931, 51.3492355347, 6.01544380188, 2.28013253212, 1.15291547775, 0.87905049324, 0.353343874216, 0.220248758793, 0.0201725121588, 0.00043695626664, 8.83505199454e-05],
        "mean": [0.239655688405, 4.07472276688, 13.0942182541, 6.45750951767, 3.84671974182, 4.46888446808, 3.09747385979, 3.80642366409, 2.44145154953, 5.98886680603, 5.52522134781, 11.807598114, 15.9336061478, 14.471575737, 20.6512928009, 27.3775005341, 12.1203584671, 31.6092472076, 52.9149360657, 58.5840301514, 82.0484313965, 80.7666778564, 46.0524749756, 51.3532104492, 33.2682609558, 19.3544578552, 9.58174991608, 6.76064538956, 2.24620246887, 0.56730401516, 0.296564042568, 0.162752345204, 0.0842650979757, 0.0330477878451, 0.00651849061251, 0.00396413356066, 0.00135198340286, 0.000102007070382, 2.39222663367e-05, 4.48797254649e-05],
        "median": [0.152054443955, 3.37331867218, 9.83818054199, 4.25465154648, 2.41983270645, 2.29762482643, 1.7963796854, 1.53243851662, 1.14430439472, 2.62935256958, 2.63231062889, 4.989985466, 6.25682210922, 7.10957050323, 10.6075649261, 11.0992431641, 6.26244592667, 16.4322967529, 25.6706981659, 31.5823287964, 46.4391403198, 53.8915786743, 28.7485141754, 40.178024292, 25.7403030396, 15.6663017273, 7.80937194824, 5.2883849144, 1.56443154812, 0.223710864782, 0.0484499335289, 0.0724883526564, 0.0339169986546, 0.0115996589884, 0.0013998147333, 0.00104237557389, 0.000237710104557, 1.28546926135e-05, 2.19213252421e-05, 4.65089142381e-05],
        "min": [0.0046620965004, 0.0218171142042, 0.0500656999648, 0.0584970116615, 0.0363415852189, 0.034311298281, 0.0564777925611, 0.0430709756911, 0.0459663644433, 0.0457948930562, 0.0436744056642, 0.0238718632609, 0.0141358589754, 0.0283321496099, 0.0888302475214, 0.148550525308, 0.202358946204, 0.1723344028, 0.0697168335319, 0.242489382625, 1.09139585495, 1.26100003719, 1.52559161186, 2.99142694473, 1.35171163082, 0.888890862465, 0.259875386953, 0.089773721993, 0.0991405025125, 0.0144612733275, 0.00209306995384, 0.00206247135065, 0.00101252284367, 0.000358995399438, 2.04406460398e-05, 1.11235949589e-05, 3.29391491505e-06, 8.73632757248e-07, 4.81531628793e-07, 6.42238319415e-07],
        "var": [0.0563829317689, 8.44006919861, 122.327133179, 36.6545448303, 20.9584827423, 52.3471984863, 31.2082843781, 190.34437561, 17.3321857452, 114.411804199, 83.8832321167, 602.361938477, 993.75390625, 539.775024414, 917.011352539, 3052.27807617, 380.156402588, 1835.390625, 6262.91748047, 8990.60839844, 10130.8798828, 7391.33447266, 3987.38549805, 2534.45947266, 888.337585449, 275.929779053, 63.5016136169, 41.5438308716, 14.4279212952, 7.68122911453, 7.2903881073, 0.186423450708, 0.0472015962005, 0.0096880318597, 0.00215860712342, 0.000384312792448, 0.00012591452105, 1.05655669813e-06, 6.12189077209e-10, 2.45580167313e-10]
    },
    "gfcc": {
        "mean": [-19.2378997803, 134.668807983, -161.595016479, 73.7232284546, -13.4326095581, 5.60445404053, -8.70071220398, 8.51982307434, -13.617767334, -7.0390496254, -11.9244241714, -12.9862670898, 2.5701622963],
        "cov": [[1386.75500488, -333.068084717, -222.626495361, -302.363311768, -253.519744873, 49.2005004883, -221.891601562, 129.176422119, -33.457157135, 140.014801025, -91.2545394897, 62.0512313843, -90.1957397461], [-333.068084717, 323.43939209, 107.361610413, 9.68290233612, 62.8977661133, -59.6960296631, 69.3023223877, -67.0501022339, 4.60161828995, -78.5188217163, 17.873085022, -43.0116043091, 44.5438232422], [-222.626495361, 107.361610413, 331.919677734, 108.742256165, 47.6502685547, -58.8082695007, -36.7743339539, -60.5642433167, -21.1603374481, -35.9312591553, 16.966506958, 14.5564632416, 21.7797603607], [-302.363311768, 9.68290233612, 108.742256165, 190.736831665, 111.753112793, -30.586555481, 9.75060176849, -46.4128799438, 4.51924467087, -35.7456741333, 16.256811142, -7.19002342224, 23.7225227356], [-253.519744873, 62.8977661133, 47.6502685547, 111.753112793, 187.118774414, 11.6882553101, 35.4067192078, -35.7634506226, 3.99969553947, -34.0815544128, 8.44169902802, -18.7286643982, 33.9637680054], [49.2005004883, -59.6960296631, -58.8082695007, -30.586555481, 11.6882553101, 88.324760437, 39.6485786438, 16.5606155396, -2.44536876678, 18.9986095428, 6.96841955185, 5.57701587677, -6.15534496307], [-221.891601562, 69.3023223877, -36.7743339539, 9.75060176849, 35.4067192078, 39.6485786438, 131.421920776, 15.4318199158, 14.0011014938, -26.0114059448, 21.6141147614, -24.1050815582, 6.82574510574], [129.176422119, -67.0501022339, -60.5642433167, -46.4128799438, -35.7634506226, 16.5606155396, 15.4318199158, 72.9051132202, 24.657617569, 26.218711853, -13.0083770752, 0.924996376038, -14.5680046082], [-33.457157135, 4.60161828995, -21.1603374481, 4.51924467087, 3.99969553947, -2.44536876678, 14.0011014938, 24.657617569, 76.4458847046, 36.260181427, 8.03369140625, -7.23350000381, 12.9115161896], [140.014801025, -78.5188217163, -35.9312591553, -35.7456741333, -34.0815544128, 18.9986095428, -26.0114059448, 26.218711853, 36.260181427, 83.698135376, 20.5065670013, 16.3189868927, -10.5786895752], [-91.2545394897, 17.873085022, 16.966506958, 16.256811142, 8.44169902802, 6.96841955185, 21.6141147614, -13.0083770752, 8.03369140625, 20.5065670013, 60.0574569702, 26.5091152191, 7.88111209869], [62.0512313843, -43.0116043091, 14.5564632416, -7.19002342224, -18.7286643982, 5.57701587677, -24.1050815582, 0.924996376038, -7.23350000381, 16.3189868927, 26.5091152191, 55.8962936401, 11.1065177917], [-90.1957397461, 44.5438232422, 21.7797603607, 23.7225227356, 33.9637680054, -6.15534496307, 6.82574510574, -14.5680046082, 12.9115161896, -10.5786895752, 7.88111209869, 11.1065177917, 48.9106788635]],
        "icov": [[0.00295594404452, -0.00126975134481, 0.00106449029408, 0.0009334901697, 0.000789965211879, -0.00239301705733, 0.00488588120788, -0.00372117408551, 0.00215132767335, -0.00275224074721, 0.00351386587135, -0.00271101621911, 0.00192695995793], [-0.00126975134481, 0.0225850790739, -0.00668064877391, 0.018576990813, -0.00677395239472, 0.0169861391187, -0.0127519201487, 0.0178151391447, -0.00999915413558, 0.0155512597412, -0.0140588711947, 0.016058402136, -0.0103961434215], [0.00106449029408, -0.00668064877391, 0.00658490508795, -0.00684617133811, 0.00218922318891, -0.00366601650603, 0.00546616967767, -0.0044528869912, 0.00383644131944, -0.00438879895955, 0.0040804008022, -0.00617016479373, 0.0031464220956], [0.0009334901697, 0.018576990813, -0.00684617133811, 0.0276594348252, -0.0110915219411, 0.0158172994852, -0.00792962498963, 0.0153247630224, -0.0101256221533, 0.0137563366443, -0.0111097544432, 0.0106009142473, -0.00516881421208], [0.000789965211879, -0.00677395239472, 0.00218922318891, -0.0110915219411, 0.0131635339931, -0.0102144246921, 0.00533931469545, -0.00540417665616, 0.00341626396403, -0.00298845395446, 0.00261152884923, 0.000368454639101, -0.00280305068009], [-0.00239301705733, 0.0169861391187, -0.00366601650603, 0.0158172994852, -0.0102144246921, 0.0350586101413, -0.0233024209738, 0.0178581550717, -0.00269416347146, 0.000752426974941, -0.0030008116737, 0.00334920734167, -0.00524873938411], [0.00488588120788, -0.0127519201487, 0.00546616967767, -0.00792962498963, 0.00533931469545, -0.0233024209738, 0.0365468561649, -0.0252001471817, 0.00348369474523, 0.00591176981106, -0.0102014625445, 0.00546950055286, 0.00354976695962], [-0.00372117408551, 0.0178151391447, -0.0044528869912, 0.0153247630224, -0.00540417665616, 0.0178581550717, -0.0252001471817, 0.0459578707814, -0.0171908456832, 0.00543972896412, 0.00438300333917, -8.11299541965e-05, -0.000304450746626], [0.00215132767335, -0.00999915413558, 0.00383644131944, -0.0101256221533, 0.00341626396403, -0.00269416347146, 0.00348369474523, -0.0171908456832, 0.0327639356256, -0.0241198111326, 0.00757984118536, -8.41112923808e-05, -0.00710948230699], [-0.00275224074721, 0.0155512597412, -0.00438879895955, 0.0137563366443, -0.00298845395446, 0.000752426974941, 0.00591176981106, 0.00543972896412, -0.0241198111326, 0.0484497584403, -0.0328866355121, 0.0182413086295, -0.00298774149269], [0.00351386587135, -0.0140588711947, 0.0040804008022, -0.0111097544432, 0.00261152884923, -0.0030008116737, -0.0102014625445, 0.00438300333917, 0.00757984118536, -0.0328866355121, 0.0589587911963, -0.0406721010804, 0.0140147004277], [-0.00271101621911, 0.016058402136, -0.00617016479373, 0.0106009142473, 0.000368454639101, 0.00334920734167, 0.00546950055286, -8.11299541965e-05, -8.41112923808e-05, 0.0182413086295, -0.0406721010804, 0.0573232732713, -0.0251356102526], [0.00192695995793, -0.0103961434215, 0.0031464220956, -0.00516881421208, -0.00280305068009, -0.00524873938411, 0.00354976695962, -0.000304450746626, -0.00710948230699, -0.00298774149269, 0.0140147004277, -0.0251356102526, 0.0399526506662]]
    },
    "melbands": {
        "dmean": [0.00199131853878, 0.0034952335991, 0.000601054285653, 0.000265059788944, 8.95507328096e-05, 5.97619364271e-05, 3.46806955349e-05, 4.83260118926e-05, 4.26586957474e-05, 5.72973731323e-05, 5.83757428103e-05, 4.5336997573e-05, 5.11428479513e-05, 5.53006539121e-05, 2.54073183896e-05, 1.64572957146e-05, 4.39747345808e-05, 6.97224022588e-05, 3.89709239244e-05, 6.59006400383e-05, 6.01866559009e-05, 4.70465420221e-05, 3.37460951414e-05, 1.7284457499e-05, 2.50944503932e-05, 1.31576653075e-05, 1.04786768134e-05, 5.7197598835e-06, 2.27356940741e-06, 3.77671472052e-06, 1.38138568673e-06, 7.71439545133e-07, 3.6752254573e-07, 2.30611476582e-07, 2.40268036578e-07, 8.37186320268e-08, 6.08164114624e-08, 4.06375200157e-08, 3.32820668802e-08, 1.61907625085e-08],
        "dmean2": [0.0033057637047, 0.00575146498159, 0.000989758293144, 0.000463529373519, 0.000145538215293, 9.42141996347e-05, 5.79240295338e-05, 8.27454423415e-05, 6.98471485521e-05, 9.62139238254e-05, 9.51402107603e-05, 7.47746889829e-05, 8.9596149337e-05, 9.05559281819e-05, 3.61904931196e-05, 2.67673822236e-05, 7.08126026439e-05, 0.000112058252853, 6.07769616181e-05, 0.000109485226858, 0.000100316981843, 7.88187026046e-05, 5.50071199541e-05, 2.84592133539e-05, 4.13939305872e-05, 2.16364533117e-05, 1.75474797288e-05, 9.70277687884e-06, 3.71559485757e-06, 6.32438877801e-06, 2.24923587666e-06, 1.2812300838e-06, 6.00511043558e-07, 4.32293774111e-07, 4.56713138419e-07, 1.44229190369e-07, 9.89827100284e-08, 6.52497291753e-08, 4.95629173258e-08, 2.74700990843e-08],
        "dvar": [3.37429924002e-06, 9.65329127212e-06, 4.35701480228e-07, 1.300945911e-07, 2.82396896978e-08, 5.55499681809e-08, 4.52633486248e-09, 9.38242461501e-09, 7.0680488129e-09, 1.33306619077e-08, 1.24991927919e-08, 6.22982021525e-09, 7.49686890344e-09, 1.29721353659e-08, 3.80858411475e-09, 8.57331261539e-10, 5.85111115115e-09, 1.11221574173e-08, 7.03286584525e-09, 1.5467467307e-08, 8.75099104292e-09, 3.50733309062e-09, 3.10022962857e-09, 5.75545222592e-10, 1.55610335728e-09, 2.69692074228e-10, 3.25454663219e-10, 5.57654998568e-11, 1.35476725324e-11, 1.95109865764e-11, 9.11908742962e-12, 6.47930884293e-12, 1.66711306218e-12, 5.6405539961e-12, 6.73492468392e-12, 2.39784429291e-13, 3.53790178306e-14, 1.73407380171e-14, 1.68330959252e-14, 4.57243631521e-15],
        "dvar2": [9.7711908893e-06, 2.32643069467e-05, 1.17703973501e-06, 3.4918775782e-07, 5.99419820446e-08, 9.41179436609e-08, 1.30507524787e-08, 2.6187672475e-08, 1.84399020497e-08, 3.43139170411e-08, 3.12851256012e-08, 1.53758126231e-08, 2.10785842114e-08, 2.58988297475e-08, 6.316366985e-09, 2.26093743727e-09, 1.43104115224e-08, 2.61425689985e-08, 1.35958186931e-08, 3.92973191765e-08, 2.16999804792e-08, 8.6073992378e-09, 6.2575620241e-09, 1.32416655418e-09, 3.97967303556e-09, 6.96402324696e-10, 8.63882299029e-10, 1.54211185488e-10, 3.3792940668e-11, 5.04678833446e-11, 2.5072813617e-11, 1.74264699893e-11, 4.24723884535e-12, 1.69214399437e-11, 2.02835335333e-11, 6.91762510989e-13, 9.10057687304e-14, 4.07928831231e-14, 3.77240725908e-14, 1.22809147088e-14],
        "max": [0.0143808498979, 0.0199790243059, 0.00694040721282, 0.00336425937712, 0.00255152583122, 0.00377718545496, 0.000719952047803, 0.00117364421021, 0.0011460732203, 0.00159430352505, 0.00120912014972, 0.000972130685113, 0.000887706235517, 0.00171322294045, 0.00152900023386, 0.000296728918329, 0.000848230090924, 0.00132186268456, 0.00136693718378, 0.00163899164181, 0.000920036633033, 0.000671139685437, 0.000932281604037, 0.00027562250034, 0.000548303243704, 0.000185706405318, 0.000242114634602, 7.70566985011e-05, 5.22774098499e-05, 5.15853171237e-05, 4.43064491265e-05, 3.79319462809e-05, 1.60420149768e-05, 3.57312892447e-05, 3.84155828215e-05, 7.5069833656e-06, 2.20990273192e-06, 1.73860064479e-06, 2.10270309253e-06, 9.51874369548e-07],
        "mean": [0.00321254087612, 0.00655943108723, 0.0011206457857, 0.000308594433591, 0.000126577549963, 8.26407558634e-05, 4.44229735876e-05, 5.830610462e-05, 5.54014222871e-05, 7.28403756511e-05, 8.06056341389e-05, 5.94601406192e-05, 6.10641945968e-05, 8.03857910796e-05, 5.41932095075e-05, 2.5632989491e-05, 6.27609188086e-05, 9.35030693654e-05, 6.20000428171e-05, 9.34075869736e-05, 9.50309549808e-05, 8.07340911706e-05, 6.35178876109e-05, 3.25247601722e-05, 4.40702642663e-05, 2.70961918432e-05, 2.02164828806e-05, 1.05821936813e-05, 4.58318709207e-06, 7.15094711268e-06, 2.7559492537e-06, 1.35292884806e-06, 6.01965666647e-07, 2.13714670849e-07, 1.87495061255e-07, 1.09840350149e-07, 9.63718704838e-08, 6.24991471909e-08, 4.35645546304e-08, 2.24439915542e-08],
        "median": [0.00260591832921, 0.00572265125811, 0.000801118614618, 0.00018197085592, 7.55325163482e-05, 3.43964456988e-05, 2.09299232665e-05, 2.65160761046e-05, 2.49976237683e-05, 3.15455436066e-05, 3.14010067086e-05, 2.62301236944e-05, 3.31087576342e-05, 3.21037550748e-05, 1.47330483742e-05, 1.16562432595e-05, 3.12993979605e-05, 4.40180592705e-05, 3.12187257805e-05, 4.71623789053e-05, 5.46347728232e-05, 5.4588290368e-05, 3.73860348191e-05, 2.2786005502e-05, 3.29654722009e-05, 2.03199851967e-05, 1.55673933477e-05, 8.63683999341e-06, 3.61583988706e-06, 5.61626939088e-06, 2.11445467357e-06, 9.31684382977e-07, 3.24033379684e-07, 3.42966153255e-08, 1.98934095863e-08, 3.60446215097e-08, 4.6255525632e-08, 2.6405162501e-08, 1.5262447306e-08, 7.62773666452e-09],
        "min": [4.14512287534e-05, 2.7717282137e-05, 9.69967095443e-06, 2.18913623939e-06, 2.77791559711e-06, 8.30597741697e-07, 2.89840301093e-07, 5.08230016294e-07, 3.29643796704e-07, 1.34508198357e-07, 6.42231796633e-08, 9.18174691833e-08, 2.96434365055e-07, 2.68644413381e-07, 5.08487516981e-07, 4.67529872594e-07, 2.87772763841e-07, 8.87105287006e-08, 1.64425145499e-07, 5.34142429842e-07, 1.5443747543e-06, 1.13742657959e-06, 1.3193543964e-06, 1.55882355557e-06, 2.54607152783e-06, 1.00672355074e-06, 9.54327447289e-07, 3.92826422058e-07, 1.52334806103e-07, 9.68273283775e-08, 3.69502117792e-08, 5.37678666035e-08, 2.06183621287e-08, 2.16540496645e-09, 8.76530070748e-10, 1.31533717251e-09, 1.0480040169e-09, 4.83748874291e-10, 9.39300970337e-10, 9.2886170977e-11],
        "var": [6.47739261694e-06, 2.06954191526e-05, 9.35548314374e-07, 1.58067948064e-07, 4.46253238806e-08, 8.67242775371e-08, 5.73365888101e-09, 1.05664907935e-08, 1.00390069591e-08, 2.20160689679e-08, 2.52513263632e-08, 1.05342179424e-08, 7.41393790804e-09, 3.1243114762e-08, 2.22445795117e-08, 1.53999479835e-09, 8.38150171489e-09, 2.14280930777e-08, 1.1944417011e-08, 2.04911021484e-08, 1.39091929086e-08, 7.06820157959e-09, 9.55441503692e-09, 1.27017651952e-09, 2.06119854518e-09, 5.6112670066e-10, 4.36784081126e-10, 7.827916787e-11, 1.93989303787e-11, 3.47928803823e-11, 9.60437545466e-12, 5.38801078406e-12, 1.94449577967e-12, 3.55621586866e-12, 3.9766241515e-12, 2.38766715817e-13, 3.89529242737e-14, 2.16590983294e-14, 2.0803217276e-14, 4.74522383667e-15]
    },
    "mfcc": {
        "mean": [-642.436523438, 142.358566284, -55.0750083923, 68.4595565796, 17.0761260986, 15.3917636871, 19.6677360535, 10.5895195007, 19.5723514557, 4.47877120972, -0.691610217094, 3.86141085625, -6.33270549774],
        "cov": [[1510.21118164, -268.09161377, -181.997695923, -400.892303467, -124.605819702, -171.799331665, -165.059082031, -89.1163330078, -7.37180233002, 35.7493667603, 26.7961235046, 1.68951320648, 26.6676311493], [-268.09161377, 320.790100098, 56.5478210449, 36.9029884338, -0.319742381573, 6.62917280197, 30.3940105438, 6.28788614273, 7.68473291397, -20.899969101, -22.9729576111, -16.7000217438, -22.3799133301], [-181.997695923, 56.5478210449, 248.5262146, 85.9924316406, 25.0317840576, 1.9330060482, -24.3359050751, -9.68506526947, -52.6566543579, -25.2695941925, -23.7165393829, -26.1976833344, 21.3286151886], [-400.892303467, 36.9029884338, 85.9924316406, 238.449020386, 109.36730957, 43.9203414917, 19.3999538422, 11.0746870041, -8.19306373596, -19.5656337738, -29.6752185822, -16.1959838867, -11.1981973648], [-124.605819702, -0.319742381573, 25.0317840576, 109.36730957, 144.907546997, 47.4593544006, -0.542864859104, -14.1534671783, -1.35615265369, -11.8929538727, -23.5873603821, -21.9153461456, -4.03026580811], [-171.799331665, 6.62917280197, 1.9330060482, 43.9203414917, 47.4593544006, 90.0479660034, 44.093120575, 10.1624889374, -1.98341751099, -3.37797260284, -2.54480361938, 1.27531993389, -0.0776588991284], [-165.059082031, 30.3940105438, -24.3359050751, 19.3999538422, -0.542864859104, 44.093120575, 103.304039001, 44.2079429626, 8.25031757355, -15.1457958221, -0.215088829398, 15.077123642, -7.42730140686], [-89.1163330078, 6.28788614273, -9.68506526947, 11.0746870041, -14.1534671783, 10.1624889374, 44.2079429626, 63.6771202087, 19.4486045837, -7.0396270752, -5.24857091904, 9.39927387238, -3.52632308006], [-7.37180233002, 7.68473291397, -52.6566543579, -8.19306373596, -1.35615265369, -1.98341751099, 8.25031757355, 19.4486045837, 64.6698532104, 32.4070549011, 4.77365875244, 0.878048479557, -13.9483060837], [35.7493667603, -20.899969101, -25.2695941925, -19.5656337738, -11.8929538727, -3.37797260284, -15.1457958221, -7.0396270752, 32.4070549011, 71.4449005127, 33.4960021973, -4.56801700592, -14.5561447144], [26.7961235046, -22.9729576111, -23.7165393829, -29.6752185822, -23.5873603821, -2.54480361938, -0.215088829398, -5.24857091904, 4.77365875244, 33.4960021973, 63.4557304382, 26.0981769562, -4.91160726547], [1.68951320648, -16.7000217438, -26.1976833344, -16.1959838867, -21.9153461456, 1.27531993389, 15.077123642, 9.39927387238, 0.878048479557, -4.56801700592, 26.0981769562, 53.9433250427, 19.1774139404], [26.6676311493, -22.3799133301, 21.3286151886, -11.1981973648, -4.03026580811, -0.0776588991284, -7.42730140686, -3.52632308006, -13.9483060837, -14.5561447144, -4.91160726547, 19.1774139404, 57.0034713745]],
