{
"lowlevel": {
    "average_loudness": 0.987589120865,
    "barkbands_crest": {
        "dmean": 1.85103082657,
        "dmean2": 3.0363073349,
        "dvar": 2.79501223564,
        "dvar2": 6.34984350204,
        "max": 21.2663993835,
        "mean": 6.57462596893,
        "median": 5.72434282303,
        "min": 2.84738969803,
        "var": 8.8491973877
    },
    "barkbands_flatness_db": {
        "dmean": 0.0114620001987,
        "dmean2": 0.0188876818866,
        "dvar": 0.000119036143587,
        "dvar2": 0.000258536892943,
        "max": 0.234609633684,
        "mean": 0.140332952142,
        "median": 0.136692970991,
        "min": 0.060934305191,
        "var": 0.000371079775505
    },
    "barkbands_kurtosis": {
        "dmean": 0.892434775829,
        "dmean2": 1.53437507153,
        "dvar": 0.730994641781,
        "dvar2": 1.79707086086,
        "max": 5.24781894684,
        "mean": -0.2288633883,
        "median": -0.701143264771,
        "min": -1.7719527483,
        "var": 1.75311005116
    },
    "barkbands_skewness": {
        "dmean": 0.415437787771,
        "dmean2": 0.65810406208,
        "dvar": 0.145569473505,
        "dvar2": 0.286169469357,
        "max": 2.13359427452,
        "mean": -0.603625774384,
        "median": -0.720331549644,
        "min": -2.12179279327,
        "var": 0.592997848988
    },
    "barkbands_spread": {
        "dmean": 7.20567369461,
        "dmean2": 12.7975120544,
        "dvar": 33.7728996277,
        "dvar2": 102.292922974,
        "max": 55.4792098999,
        "mean": 31.5774745941,
        "median": 31.8057041168,
        "min": 10.8637905121,
        "var": 83.3565063477
    },
    "dissonance": {
        "dmean": 0.00495884334669,
        "dmean2": 0.00837454944849,
        "dvar": 3.55055817636e-05,
        "dvar2": 7.98357068561e-05,
        "max": 0.499971300364,
        "mean": 0.492849200964,
        "median": 0.494562119246,
        "min": 0.414332866669,
        "var": 4.67682548333e-05
    },
    "dynamic_complexity": 0.45854434371,
    "erbbands_crest": {
        "dmean": 1.70057749748,
        "dmean2": 2.80980229378,
        "dvar": 1.90502738953,
        "dvar2": 5.75975322723,
        "max": 14.1506137848,
        "mean": 7.85120153427,
        "median": 7.54081773758,
        "min": 4.50526285172,
        "var": 3.0129904747
    },
    "erbbands_flatness_db": {
        "dmean": 0.0106638949364,
        "dmean2": 0.0170381776989,
        "dvar": 6.72455134918e-05,
        "dvar2": 0.000174829692696,
        "max": 0.286095887423,
        "mean": 0.24354057014,
        "median": 0.243997007608,
        "min": 0.157546013594,
        "var": 0.000190397913684
    },
    "erbbands_kurtosis": {
        "dmean": 1.28236973286,
        "dmean2": 2.11374640465,
        "dvar": 1.09290862083,
        "dvar2": 2.82623553276,
        "max": 8.33098983765,
        "mean": 2.56128072739,
        "median": 2.48517847061,
        "min": -1.4185898304,
        "var": 3.02095222473
    },
    "erbbands_skewness": {
        "dmean": 0.275114476681,
        "dmean2": 0.442444056273,
        "dvar": 0.0505657158792,
        "dvar2": 0.125748172402,
        "max": 0.219481214881,
        "mean": -1.21954452991,
        "median": -1.23981535435,
        "min": -2.37108802795,
        "var": 0.142491966486
    },
    "erbbands_spread": {
        "dmean": 4.51521110535,
        "dmean2": 7.05937719345,
        "dvar": 34.6846466064,
        "dvar2": 73.4927520752,
        "max": 65.2423095703,
        "mean": 18.8050994873,
        "median": 16.1461791992,
        "min": 7.62919712067,
        "var": 104.733108521
    },
    "hfc": {
        "dmean": 6.17660284042,
        "dmean2": 10.1033611298,
        "dvar": 23.4085502625,
        "dvar2": 60.1937484741,
        "max": 66.0665359497,
        "mean": 39.4551620483,
        "median": 40.0022697449,
        "min": 1.4049448967,
        "var": 81.7131881714
    },
    "melbands_crest": {
        "dmean": 3.26416301727,
        "dmean2": 5.30818033218,
        "dvar": 9.49274730682,
        "dvar2": 19.9321479797,
        "max": 29.71733284,
        "mean": 9.7683801651,
        "median": 7.46018838882,
        "min": 3.20429110527,
        "var": 35.8598976135
    },
    "melbands_flatness_db": {
        "dmean": 0.0183305703104,
        "dmean2": 0.0299296118319,
        "dvar": 0.000345867389115,
        "dvar2": 0.000748325895984,
        "max": 0.273833453655,
        "mean": 0.140699580312,
        "median": 0.130663096905,
        "min": 0.0935428068042,
        "var": 0.00118710577954
    },
    "melbands_kurtosis": {
        "dmean": 1.06931126118,
        "dmean2": 1.78825604916,
        "dvar": 4.57909917831,
        "dvar2": 10.1245279312,
        "max": 20.3127384186,
        "mean": -0.104822233319,
        "median": -1.12220931053,
        "min": -1.72011196613,
        "var": 10.6563625336
    },
    "melbands_skewness": {
        "dmean": 0.522655963898,
        "dmean2": 0.838875472546,
        "dvar": 0.255822062492,
        "dvar2": 0.513796448708,
        "max": 4.5158829689,
        "mean": 0.535137593746,
        "median": 0.360946208239,
        "min": -1.14323174953,
        "var": 0.978171885014
    },
    "melbands_spread": {
        "dmean": 10.7557382584,
        "dmean2": 17.5150642395,
        "dvar": 96.5802230835,
        "dvar2": 253.661773682,
        "max": 103.209083557,
        "mean": 70.5194015503,
        "median": 74.0998687744,
        "min": 14.2284479141,
        "var": 336.256347656
    },
    "pitch_salience": {
        "dmean": 0.0641001090407,
        "dmean2": 0.10361251235,
        "dvar": 0.0035897444468,
        "dvar2": 0.00798021722585,
        "max": 0.84902882576,
        "mean": 0.625894725323,
        "median": 0.653885424137,
        "min": 0.218429505825,
        "var": 0.0118033746257
    },
    "silence_rate_20dB": {
        "dmean": 0,
        "dmean2": 0,
        "dvar": 0,
        "dvar2": 0,
        "max": 1,
        "mean": 1,
        "median": 1,
        "min": 1,
        "var": 0
    },
    "silence_rate_30dB": {
        "dmean": 0,
        "dmean2": 0,
        "dvar": 0,
        "dvar2": 0,
        "max": 1,
        "mean": 1,
        "median": 1,
        "min": 1,
        "var": 0
    },
    "silence_rate_60dB": {
        "dmean": 0,
        "dmean2": 0,
        "dvar": 0,
        "dvar2": 0,
        "max": 0,
        "mean": 0,
        "median": 0,
        "min": 0,
        "var": 0
    },
    "spectral_centroid": {
        "dmean": 167.072753906,
        "dmean2": 257.463684082,
        "dvar": 32871.9335938,
        "dvar2": 67099.96875,
        "max": 3126.13452148,
        "mean": 2655.70532227,
        "median": 2774.44921875,
        "min": 1038.99987793,
        "var": 125831.84375
    },
    "spectral_complexity": {
        "dmean": 3.60625004768,
        "dmean2": 5.65761995316,
        "dvar": 10.6345348358,
        "dvar2": 22.6969661713,
        "max": 52,
        "mean": 41.4137229919,
        "median": 42,
        "min": 1,
        "var": 27.9265480042
    },
    "spectral_decrease": {
        "dmean": 8.87063145161e-10,
        "dmean2": 1.47811096696e-09,
        "dvar": 5.83568994519e-19,
        "dvar2": 1.33611268681e-18,
        "max": -1.53541665493e-10,
        "mean": -4.8542143638e-09,
        "median": -4.73116879007e-09,
        "min": -9.68145741354e-09,
        "var": 1.27250384187e-18
    },
    "spectral_energy": {
        "dmean": 0.00365127017722,
        "dmean2": 0.00607917364687,
        "dvar": 8.97812242329e-06,
        "dvar2": 2.14638330363e-05,
        "max": 0.038812674582,
        "mean": 0.0218995977193,
        "median": 0.0218955986202,
        "min": 0.000706935359631,
        "var": 1.82168332685e-05
    },
    "spectral_energyband_high": {
        "dmean": 0.000267709343461,
        "dmean2": 0.000448536826298,
        "dvar": 4.95588032834e-08,
        "dvar2": 1.29667711235e-07,
        "max": 0.00219708494842,
        "mean": 0.0010191584006,
        "median": 0.000987190753222,
        "min": 4.78934962302e-05,
        "var": 1.17730557747e-07
    },
    "spectral_energyband_low": {
        "dmean": 0.00137170299422,
        "dmean2": 0.00246068229899,
        "dvar": 2.40494432546e-06,
        "dvar2": 8.45785325509e-06,
        "max": 0.0129090053961,
        "mean": 0.00227176886983,
        "median": 0.00164174137171,
        "min": 2.61796722043e-05,
        "var": 3.60020908374e-06
    },
    "spectral_energyband_middle_high": {
        "dmean": 0.00252860365435,
        "dmean2": 0.00415083253756,
        "dvar": 4.09351105191e-06,
        "dvar2": 1.02701415017e-05,
        "max": 0.0233718510717,
        "mean": 0.0138284945861,
        "median": 0.0138592505828,
        "min": 0.000465335440822,
        "var": 1.38509312819e-05
    },
    "spectral_energyband_middle_low": {
        "dmean": 0.0022965145763,
        "dmean2": 0.00351778627373,
        "dvar": 1.10390619739e-05,
        "dvar2": 2.20600977627e-05,
        "max": 0.0312974229455,
        "mean": 0.00543617969379,
        "median": 0.00312696001492,
        "min": 0.000170013838215,
        "var": 3.30780203512e-05
    },
    "spectral_entropy": {
        "dmean": 0.0571022108197,
        "dmean2": 0.0931136831641,
        "dvar": 0.00309802871197,
        "dvar2": 0.00578651996329,
        "max": 8.62744998932,
        "mean": 7.61153650284,
        "median": 7.61764144897,
        "min": 7.30345153809,
        "var": 0.00716024590656
    },
    "spectral_flux": {
        "dmean": 0.0111771970987,
        "dmean2": 0.0187335349619,
        "dvar": 0.000134091838845,
        "dvar2": 0.000367828819435,
        "max": 0.162943005562,
        "mean": 0.0879959911108,
        "median": 0.0868962109089,
        "min": 0.0485751777887,
        "var": 0.00017189681239
    },
    "spectral_kurtosis": {
        "dmean": 3.15159726143,
        "dmean2": 5.57205677032,
        "dvar": 6.03015851974,
        "dvar2": 18.0968894958,
        "max": 19.6040325165,
        "mean": 5.42782115936,
        "median": 4.85826253891,
        "min": 0.246029138565,
        "var": 9.01040649414
    },
    "spectral_rms": {
        "dmean": 0.000390606524888,
        "dmean2": 0.00064683938399,
        "dvar": 1.18435657726e-07,
        "dvar2": 2.53726852861e-07,
        "max": 0.00615353742614,
        "mean": 0.00459829717875,
        "median": 0.00462185684592,
        "min": 0.000830477569252,
        "var": 2.21114973442e-07
    },
    "spectral_rolloff": {
        "dmean": 260.68637085,
        "dmean2": 419.739868164,
        "dvar": 72748.8515625,
        "dvar2": 167973.53125,
        "max": 3897.50976562,
        "mean": 3153.60595703,
        "median": 3251.51367188,
        "min": 452.197265625,
        "var": 198156.828125
    },
    "spectral_skewness": {
        "dmean": 0.321481198072,
        "dmean2": 0.568569421768,
        "dvar": 0.0718375593424,
        "dvar2": 0.216184258461,
        "max": 3.49501609802,
        "mean": 0.677256703377,
        "median": 0.632052183151,
        "min": 0.00685952557251,
        "var": 0.111737839878
    },
    "spectral_spread": {
        "dmean": 185611.453125,
        "dmean2": 275859.90625,
        "dvar": 354004533248,
        "dvar2": 221079633920,
        "max": 18375344,
        "mean": 2064381.875,
        "median": 1986896.75,
        "min": 1587744.75,
        "var": 629053784064
    },
    "spectral_strongpeak": {
        "dmean": 1.29414796829,
        "dmean2": 2.33099579811,
        "dvar": 1.82840168476,
        "dvar2": 4.91321372986,
        "max": 6.7153468132,
        "mean": 1.61820197105,
        "median": 1.0225777626,
        "min": 0.0218741688877,
        "var": 2.30032110214
    },
    "zerocrossingrate": {
        "dmean": 0.0071136476472,
        "dmean2": 0.00867183413357,
        "dvar": 5.73285942664e-05,
        "dvar2": 6.70406225254e-05,
        "max": 0.1259765625,
        "mean": 0.0996063277125,
        "median": 0.1044921875,
        "min": 0.021484375,
        "var": 0.000342285260558
    },
    "barkbands": {
        "dmean": [8.45789509185e-06, 0.00113735324703, 0.000230536286836, 0.000990433734842, 0.00140568625648, 0.000195191198145, 0.000128055267851, 0.000134372807224, 0.000358251825674, 0.00030758898356, 0.000207090910408, 0.000469008838991, 0.000114253154607, 0.000511509890202, 0.000527574971784, 0.00115324789658, 0.00128038681578, 0.000581316649914, 0.000795926025603, 0.000425015023211, 0.000189123893506, 3.29347167281e-05, 1.06669858724e-06, 2.09728045775e-06, 2.00722695354e-07, 5.43812284093e-08, 7.72108599278e-09],
        "dmean2": [1.3950999346e-05, 0.00213909847662, 0.000419083487941, 0.00151812157128, 0.00215133000165, 0.000352319650119, 0.000218568195123, 0.000218515197048, 0.000639971869532, 0.000513142324053, 0.000332087976858, 0.000757666537538, 0.000190057122381, 0.000830309698358, 0.000900252605788, 0.00194305588957, 0.00219449587166, 0.000998393516056, 0.00136730354279, 0.000721726974007, 0.000323282380123, 5.59839936614e-05, 1.83015606581e-06, 3.44356203641e-06, 3.41781429825e-07, 9.14676832053e-08, 1.33494104659e-08],
        "dvar": [9.60390544869e-10, 2.33703963204e-06, 6.96546393897e-08, 3.11697317557e-06, 5.87076874581e-06, 4.5775454538e-08, 3.4838844698e-08, 3.20624522487e-08, 2.50664101031e-07, 1.69948592088e-07, 1.23237299476e-07, 5.15973738402e-07, 3.55219533787e-08, 2.40120215267e-07, 2.2256459431e-07, 9.75092802946e-07, 1.03949867025e-06, 2.40314903976e-07, 5.47653712601e-07, 1.29559168727e-07, 2.75209881551e-08, 7.65349006393e-10, 8.28513310475e-13, 5.95084008112e-12, 3.18257789914e-14, 9.03115591615e-15, 7.88203375046e-15],
        "dvar2": [1.02664188262e-09, 8.43439374876e-06, 2.35658276893e-07, 5.94722996539e-06, 1.19803617054e-05, 1.39204743732e-07, 8.67892708811e-08, 7.73738975113e-08, 7.42916085983e-07, 4.45343459887e-07, 2.94021191394e-07, 1.22794176605e-06, 9.11804747261e-08, 6.19808417923e-07, 6.41270901269e-07, 2.6513209832e-06, 3.00447231893e-06, 6.94711616234e-07, 1.60929596404e-06, 3.61071016641e-07, 7.78391537892e-08, 2.13944462146e-09, 2.40222013288e-12, 1.57041619292e-11, 8.52572881543e-14, 2.02307382001e-14, 1.50898987316e-14],
        "max": [0.000692635774612, 0.0118559077382, 0.00217626290396, 0.0172225013375, 0.030570609495, 0.00214927271008, 0.00218420079909, 0.00251669436693, 0.00550415553153, 0.00594381894916, 0.00531354360282, 0.00915714167058, 0.00214976351708, 0.00549372006208, 0.00357538461685, 0.00753770349547, 0.00821621995419, 0.00380034931004, 0.00815840438008, 0.00292359781452, 0.00148265517782, 0.000265892856987, 9.11966162676e-06, 3.62129831046e-05, 2.2705110041e-06, 1.91030039787e-06, 1.86546469649e-06],
        "mean": [1.16484161481e-05, 0.00141530134715, 0.000292445911327, 0.00176893093158, 0.00210441066884, 0.000299986830214, 0.000187957426533, 0.000265177543042, 0.000682031270117, 0.000473632244393, 0.000325320288539, 0.000885728863068, 0.000187153069419, 0.00100397318602, 0.00107005599421, 0.0026008670684, 0.0028929610271, 0.00146534561645, 0.00216548144817, 0.00112298340537, 0.000567602284718, 9.96876624413e-05, 3.33584580403e-06, 6.7427090471e-06, 6.74618092944e-07, 1.67759438341e-07, 2.42331399392e-08],
        "median": [7.99735789769e-06, 0.000832985562738, 0.000202715644264, 0.000264993665041, 0.000792121980339, 0.000230384350289, 0.000117035633593, 0.000151526532136, 0.000342692539562, 0.000333891861374, 0.000213670369703, 0.000600187282544, 0.000119477648695, 0.000787125900388, 0.000969183340203, 0.00234989961609, 0.00273511721753, 0.00137989374343, 0.00205571576953, 0.00106410775334, 0.000542268273421, 9.46902000578e-05, 3.25619680552e-06, 6.24979429631e-06, 6.34278421785e-07, 1.36993747901e-07, 1.54157628884e-08],
        "min": [3.72785677882e-08, 1.30141934278e-05, 2.29409852182e-06, 6.72906435284e-06, 4.91316677653e-05, 2.15808704525e-05, 7.94218249212e-06, 3.74889305021e-06, 1.18634670798e-05, 1.99959395104e-05, 2.05098112929e-05, 5.64833226235e-06, 1.47781508986e-06, 1.54583922267e-05, 3.72251233784e-05, 0.000101496465504, 0.000131285414682, 8.4542138211e-05, 2.31744343182e-05, 2.17397682718e-05, 2.09391837416e-05, 3.53445147994e-06, 8.82273411662e-07, 1.8678191509e-06, 1.64634371913e-07, 2.34820287659e-08, 4.08805567176e-09],
        "var": [1.03612651792e-09, 2.58201453107e-06, 8.85003075268e-08, 1.04195441963e-05, 1.67127454915e-05, 6.55888428014e-08, 5.3091703478e-08, 1.21103866491e-07, 8.39894198634e-07, 2.73757621017e-07, 2.06412167358e-07, 9.95217192212e-07, 4.779347762e-08, 6.56054396586e-07, 3.61326385701e-07, 1.93225309886e-06, 1.72428451606e-06, 4.04280029898e-07, 8.95987568583e-07, 2.38227499949e-07, 4.85136837369e-08, 1.47870282685e-09, 1.52915061256e-12, 9.49790853605e-12, 6.96869726638e-14, 2.04536891303e-14, 1.48432003857e-14]
    },
    "erbbands": {
        "dmean": [0.0222036521882, 0.290239453316, 0.328354001045, 1.5770868063, 6.44981241226, 2.96163272858, 1.18116235733, 2.20000052452, 0.911436378956, 4.1830072403, 2.60512590408, 7.06159973145, 10.0515441895, 7.13632249832, 11.1528511047, 18.2662944794, 3.70736336708, 14.059926033, 32.3674812317, 45.1420097351, 63.6098709106, 62.9395179749, 27.3101806641, 46.9023323059, 27.138715744, 21.1503047943, 7.87126922607, 5.73270845413, 1.38379943371, 0.190457060933, 0.0323148816824, 0.0638738051057, 0.0168035570532, 0.00416798470542, 0.000466063647764, 0.000338707992341, 7.56720401114e-05, 6.10483311902e-06, 3.05089679387e-06, 4.55627559859e-06],
        "dmean2": [0.0412131138146, 0.548905789852, 0.598252594471, 2.3474779129, 10.1796388626, 4.50778102875, 2.05799984932, 4.06534957886, 1.53351974487, 7.07174444199, 4.18698549271, 12.4244308472, 17.9394168854, 11.6358108521, 18.2694454193, 28.9783172607, 5.52562570572, 23.4604988098, 53.2857971191, 78.0872192383, 108.169509888, 107.608665466, 46.3140792847, 81.163482666, 46.7954940796, 35.4984474182, 13.6391201019, 9.8457775116, 2.3735806942, 0.316305786371, 0.0551615506411, 0.106617085636, 0.028104333207, 0.00703260162845, 0.000780213391408, 0.000562135770451, 0.00012470468937, 1.02199837784e-05, 5.12090036864e-06, 7.60496914154e-06],
        "dvar": [0.0008048445452, 0.156436219811, 0.140365585685, 6.29189252853, 130.733337402, 25.0473937988, 1.98545181751, 6.40546751022, 1.12649333477, 30.6300296783, 14.4748039246, 79.8339614868, 190.387161255, 141.524230957, 285.847137451, 921.951721191, 24.8891010284, 283.612640381, 935.86328125, 1766.97607422, 3024.50732422, 2660.33129883, 482.126556396, 2080.37231445, 527.851928711, 306.465698242, 45.8579978943, 24.2426986694, 1.48020982742, 0.0241755247116, 0.000921319238842, 0.00674851657823, 0.000222063055844, 1.15086459118e-05, 4.85786415538e-07, 1.92569558521e-07, 2.83453616134e-08, 3.04583958055e-09, 1.54592547097e-10, 1.33625385063e-11],
        "dvar2": [0.00276484317146, 0.564894556999, 0.486374109983, 11.8008260727, 280.07913208, 43.9735603333, 5.22773599625, 19.8546161652, 2.79021072388, 79.8478393555, 35.8647613525, 218.780136108, 570.948181152, 338.213195801, 691.76348877, 2095.18676758, 47.6896209717, 718.066223145, 2545.9140625, 4808.87304688, 7745.78662109, 7228.01025391, 1344.75952148, 5901.82373047, 1576.08203125, 868.180297852, 131.89755249, 61.985874176, 3.98834776878, 0.0678979381919, 0.00249132118188, 0.017881533131, 0.000580721592996, 3.16561199725e-05, 1.06932066046e-06, 4.69978800766e-07, 6.12019874779e-08, 5.85080472959e-09, 3.13793407924e-10, 3.66346744607e-11],
        "max": [0.249315425754, 2.91506791115, 2.82708263397, 29.5220718384, 109.073684692, 82.0229187012, 17.2424907684, 27.0526390076, 15.0552062988, 55.8565635681, 43.9642333984, 93.9791870117, 125.575538635, 191.215911865, 216.667892456, 442.803497314, 79.1702575684, 186.535263062, 358.521057129, 330.060089111, 467.97869873, 386.727172852, 234.779373169, 483.928649902, 195.645141602, 147.538711548, 55.3091087341, 44.7578926086, 13.1420221329, 1.86514699459, 0.38126206398, 1.19920969009, 0.143720030785, 0.0325304046273, 0.0140263689682, 0.00799550116062, 0.00347640295513, 0.00116153014824, 0.000277935207123, 5.63224093639e-05],
        "mean": [0.0341016575694, 0.333635091782, 0.475294023752, 2.91067385674, 10.0982055664, 4.20444250107, 1.92815053463, 2.9880092144, 1.6407738924, 6.77152585983, 4.72661066055, 12.0652360916, 18.4252490997, 12.6224269867, 21.06889534, 34.5559043884, 9.1223526001, 28.5447273254, 70.9785919189, 92.9258956909, 152.224609375, 155.375656128, 85.5377655029, 125.074485779, 80.0809326172, 56.2115783691, 24.7381019592, 17.2961959839, 4.63223552704, 0.66181409359, 0.125187695026, 0.188142284751, 0.0627111494541, 0.0154166556895, 0.00176531309262, 0.00110143073834, 0.000233060272876, 2.35911047639e-05, 1.98749094125e-05, 3.06360379909e-05],
        "median": [0.0232912935317, 0.18408587575, 0.332379460335, 0.690306484699, 2.86631441116, 1.85217547417, 1.46553862095, 2.22351288795, 1.23594284058, 3.98486113548, 3.36487555504, 6.91704416275, 11.6018629074, 8.45770931244, 14.2710762024, 23.6719264984, 7.50792169571, 23.8805484772, 57.9203681946, 81.7082214355, 135.588867188, 144.794998169, 83.4334945679, 116.373054504, 78.3117370605, 52.8160552979, 23.6908226013, 16.4823589325, 4.52075386047, 0.625939428806, 0.120555274189, 0.173896998167, 0.0590437501669, 0.0146616110578, 0.00159291096497, 0.000914932636078, 0.000185563767445, 1.79004655365e-05, 1.88301219168e-05, 3.08127382596e-05],
        "min": [0.000512884813361, 0.00242759706452, 0.00471262307838, 0.0146397044882, 0.0785944610834, 0.137635409832, 0.171943560243, 0.151630625129, 0.149904027581, 0.0971971452236, 0.086945310235, 0.288505315781, 0.399293005466, 1.32204174995, 0.76317512989, 0.278034090996, 0.0917489156127, 0.340968877077, 1.78415179253, 4.52704143524, 4.01560258865, 8.53887557983, 5.49902534485, 2.19582152367, 0.919782042503, 1.19217205048, 0.77401638031, 0.745987772942, 0.196483328938, 0.0695091709495, 0.0339456647635, 0.046308580786, 0.0169735997915, 0.00377059821039, 0.000426480051829, 0.000214295563637, 3.11022886308e-05, 6.17003070147e-06, 8.76847661857e-06, 1.4938392269e-05],
        "var": [0.00105005467776, 0.162314832211, 0.198598265648, 23.2154884338, 330.563690186, 68.3132400513, 2.80262041092, 8.16882610321, 2.15346384048, 70.6716079712, 26.9352340698, 191.591659546, 350.672210693, 225.777450562, 578.454772949, 1741.76477051, 60.3317871094, 408.66217041, 2333.90087891, 2795.68286133, 5920.91796875, 4502.19726562, 1094.32946777, 3363.42797852, 900.488891602, 593.873291016, 80.6665496826, 46.5733261108, 2.93702435493, 0.0574994981289, 0.00183208985254, 0.00983675289899, 0.00047336294665, 2.98527775158e-05, 1.00696809113e-06, 5.007681807e-07, 5.75345247e-08, 5.65752689141e-09, 2.81483364395e-10, 2.3560911902e-11]
    },
    "gfcc": {
        "mean": [-7.87467861176, 112.212211609, -199.001022339, 70.2657928467, -32.1355133057, -8.69597148895, -16.3856296539, 0.70658993721, -15.3594532013, -11.6479082108, -13.2159824371, -12.3582782745, 6.44579601288],
        "cov": [[154.521774292, 18.6310462952, -45.2535972595, -22.72448349, -30.8155498505, 3.13711071014, 12.6346387863, 21.9886131287, 19.4606590271, 27.643529892, 16.970287323, 12.0274410248, 4.11246442795], [18.6310462952, 144.911056519, 73.6069107056, 37.7736816406, -1.59800755978, -28.6665000916, -1.67838132381, -31.4617137909, -18.2017288208, -47.5810775757, -21.0290298462, -42.4203338623, -15.5746259689], [-45.2535972595, 73.6069107056, 111.882843018, 40.455116272, 15.3864183426, -31.7755031586, -28.0748672485, -37.3828277588, -38.1094207764, -47.2765960693, -39.1782493591, -32.1498985291, -17.4508342743], [-22.72448349, 37.7736816406, 40.455116272, 99.6440887451, 44.7149276733, -0.124699786305, 14.2552614212, -6.87244367599, 21.2684936523, -8.7584400177, 9.49704837799, -14.6219959259, 8.38417339325], [-30.8155498505, -1.59800755978, 15.3864183426, 44.7149276733, 58.0707893372, 25.6114196777, 7.71385478973, -6.7371096611, 2.28053712845, -4.26295518875, 1.19599235058, -5.59487962723, 7.07762479782], [3.13711071014, -28.6665000916, -31.7755031586, -0.124699786305, 25.6114196777, 57.4126625061, 36.238822937, 16.234254837, 11.2489080429, 12.975446701, 17.6026363373, 10.4135704041, 8.94339466095], [12.6346387863, -1.67838132381, -28.0748672485, 14.2552614212, 7.71385478973, 36.238822937, 73.6073226929, 47.2993583679, 39.0498313904, 16.6284351349, 27.2582435608, 7.49572324753, 14.2282848358], [21.9886131287, -31.4617137909, -37.3828277588, -6.87244367599, -6.7371096611, 16.234254837, 47.2993583679, 69.8839950562, 59.3664207458, 39.4192466736, 25.7706394196, 14.691163063, 15.0659675598], [19.4606590271, -18.2017288208, -38.1094207764, 21.2684936523, 2.28053712845, 11.2489080429, 39.0498313904, 59.3664207458, 87.9111709595, 54.5659255981, 40.6240005493, 13.7572107315, 19.3888034821], [27.643529892, -47.5810775757, -47.2765960693, -8.7584400177, -4.26295518875, 12.975446701, 16.6284351349, 39.4192466736, 54.5659255981, 71.103477478, 45.3555412292, 29.6896305084, 14.2265052795], [16.970287323, -21.0290298462, -39.1782493591, 9.49704837799, 1.19599235058, 17.6026363373, 27.2582435608, 25.7706394196, 40.6240005493, 45.3555412292, 64.9158096313, 38.6257667542, 20.1289920807], [12.0274410248, -42.4203338623, -32.1498985291, -14.6219959259, -5.59487962723, 10.4135704041, 7.49572324753, 14.691163063, 13.7572107315, 29.6896305084, 38.6257667542, 52.2982902527, 23.0601234436], [4.11246442795, -15.5746259689, -17.4508342743, 8.38417339325, 7.07762479782, 8.94339466095, 14.2282848358, 15.0659675598, 19.3888034821, 14.2265052795, 20.1289920807, 23.0601234436, 35.2744598389]],
        "icov": [[0.0126731712371, -0.0112769370899, 0.0101773627102, -0.00653998786584, 0.00744333956391, -0.00616278639063, 0.00644244300202, -0.00982553511858, 0.00858978088945, -0.010340820998, 0.00850566197187, -0.00682135205716, 0.000854559941217], [-0.0112769370899, 0.0297434907407, -0.0198893751949, 0.0101013276726, -0.00307060242631, 0.0116479070857, -0.0162133350968, 0.0227828901261, -0.0169969070703, 0.0191529858857, -0.0201520696282, 0.0207301974297, -0.0037558528129], [0.0101773627102, -0.0198893751949, 0.0342378690839, -0.0158895570785, -8.74543184182e-05, 0.00136515055783, 0.0108713265508, -0.0178237035871, 0.018124371767, -0.0103882132098, 0.0181663185358, -0.0138936694711, 0.00658934609964], [-0.00653998786584, 0.0101013276726, -0.0158895570785, 0.0387958586216, -0.0274256952107, 0.0190193708986, -0.0186271332204, 0.0253784749657, -0.0252227094024, 0.0152251021937, -0.0184940528125, 0.0134646445513, -0.00503018358722], [0.00744333956391, -0.00307060242631, -8.74543184182e-05, -0.0274256952107, 0.0547258146107, -0.0360904932022, 0.016883470118, -0.00833444483578, 0.00858030095696, -0.00874475948513, 0.00870357546955, 0.000557893828955, -0.0073493863456], [-0.00616278639063, 0.0116479070857, 0.00136515055783, 0.0190193708986, -0.0360904932022, 0.0592444464564, -0.0369497165084, 0.020323773846, -0.00392659939826, 0.00357297807932, -0.00833078846335, 0.00490765972063, 0.00272321049124], [0.00644244300202, -0.0162133350968, 0.0108713265508, -0.0186271332204, 0.016883470118, -0.0369497165084, 0.0625957027078, -0.0507734641433, 0.015300789848, 0.00616870541126, -0.00735522760078, 0.000358802586561, -0.0026218702551], [-0.00982553511858, 0.0227828901261, -0.0178237035871, 0.0253784749657, -0.00833444483578, 0.020323773846, -0.0507734641433, 0.0890699774027, -0.0518591180444, 0.0051652668044, 0.00379758514464, 0.00321983639151, -0.00253850314766], [0.00858978088945, -0.0169969070703, 0.018124371767, -0.0252227094024, 0.00858030095696, -0.00392659939826, 0.015300789848, -0.0518591180444, 0.0705970004201, -0.0353502705693, 0.000912806077395, 0.00661417189986, -0.0076847076416], [-0.010340820998, 0.0191529858857, -0.0103882132098, 0.0152251021937, -0.00874475948513, 0.00357297807932, 0.00616870541126, 0.0051652668044, -0.0353502705693, 0.0655453428626, -0.0345535352826, 0.00716924713925, 0.00508481310681], [0.00850566197187, -0.0201520696282, 0.0181663185358, -0.0184940528125, 0.00870357546955, -0.00833078846335, -0.00735522760078, 0.00379758514464, 0.000912806077395, -0.0345535352826, 0.0739289298654, -0.048570651561, 0.00820382684469], [-0.00682135205716, 0.0207301974297, -0.0138936694711, 0.0134646445513, 0.000557893828955, 0.00490765972063, 0.000358802586561, 0.00321983639151, 0.00661417189986, 0.00716924713925, -0.048570651561, 0.074321359396, -0.0303987320513], [0.000854559941217, -0.0037558528129, 0.00658934609964, -0.00503018358722, -0.0073493863456, 0.00272321049124, -0.0026218702551, -0.00253850314766, -0.0076847076416, 0.00508481310681, 0.00820382684469, -0.0303987320513, 0.0513370372355]]
    },
    "melbands": {
        "dmean": [0.000281491462374, 0.000234774692217, 0.000425292586442, 0.000372413545847, 4.33596105722e-05, 4.35145702795e-05, 1.69484610524e-05, 4.32466113125e-05, 2.65760463662e-05, 4.88494479214e-05, 5.23491762578e-05, 3.186527465e-05, 3.39050129696e-05, 5.94637458562e-05, 2.25475268962e-05, 1.43645629578e-05, 2.75354304904e-05, 6.29854548606e-05, 4.16280927311e-05, 7.22648474039e-05, 8.52227822179e-05, 7.76334127295e-05, 4.76682471344e-05, 3.01307209156e-05, 4.47322163382e-05, 2.75718612102e-05, 2.06256991078e-05, 1.28114816107e-05, 4.01453326049e-06, 7.63217667554e-06, 2.5439521778e-06, 9.88231249721e-07, 3.67102813925e-07, 4.0464509965e-08, 1.83013160182e-08, 3.93476788929e-08, 3.8391245738e-08, 1.60899169543e-08, 7.48659445549e-09, 3.08439163099e-09],
        "dmean2": [0.000528275209945, 0.000443531782366, 0.000644299318083, 0.000564493995626, 7.49969840399e-05, 7.99310364528e-05, 2.8689904866e-05, 7.31724794605e-05, 4.24635436502e-05, 8.76715785125e-05, 9.32710099733e-05, 5.17658008903e-05, 5.51617595193e-05, 9.99433977995e-05, 3.34066025971e-05, 2.47223470069e-05, 4.62372190668e-05, 0.000104243990791, 7.08231164026e-05, 0.000123530146084, 0.000145005746162, 0.000133669309434, 8.13966034912e-05, 5.22677037225e-05, 7.72351631895e-05, 4.70722552564e-05, 3.54790972779e-05, 2.14193478314e-05, 6.94733216733e-06, 1.32385439429e-05, 4.31840680903e-06, 1.70050270754e-06, 6.19705474492e-07, 6.9673731673e-08, 3.12760803922e-08, 6.56131575738e-08, 6.40813908603e-08, 2.70396096624e-08, 1.24365531207e-08, 5.25188426082e-09],
        "dvar": [1.37588571647e-07, 9.30457133563e-08, 5.11251016633e-07, 3.76083704623e-07, 2.60939714281e-09, 2.43521580678e-09, 5.16510278992e-10, 3.30610627763e-09, 1.80367532021e-09, 4.24678603395e-09, 4.85854911858e-09, 2.84404011452e-09, 3.22998938707e-09, 8.55912141162e-09, 1.30049571112e-09, 4.52628184933e-10, 1.06097663988e-09, 3.66405683572e-09, 1.34397548646e-09, 3.94407084769e-09, 5.14889553216e-09, 4.27612834031e-09, 1.73357628253e-09, 7.50043860354e-10, 1.93225879741e-09, 5.62339119714e-10, 2.79746170673e-10, 1.09919899571e-10, 1.21765462296e-11, 4.78911806046e-11, 4.14763102335e-12, 7.33672291756e-13, 1.15095799102e-13, 1.36000891148e-15, 2.68429770243e-16, 2.37838593018e-15, 2.00752187158e-15, 1.86884783445e-16, 4.24699606601e-17, 6.82799669431e-18],
        "dvar2": [4.95778692766e-07, 3.25016827674e-07, 1.0186978443e-06, 7.29525822862e-07, 6.79906131396e-09, 7.5062711602e-09, 1.20480392329e-09, 8.47067482823e-09, 4.38171410266e-09, 1.25738690571e-08, 1.45628442638e-08, 6.85131951172e-09, 7.5779293951e-09, 2.06616093124e-08, 2.19781992605e-09, 1.08582021152e-09, 2.74039302361e-09, 9.42869338161e-09, 3.76547637515e-09, 1.10164908307e-08, 1.40906530888e-08, 1.22507826106e-08, 4.89823470673e-09, 2.15143858284e-09, 5.55544898972e-09, 1.67623315228e-09, 8.25909896029e-10, 3.06992681276e-10, 3.68207166146e-11, 1.39514552688e-10, 1.1061191893e-11, 2.05238473786e-12, 3.284694836e-13, 3.91389022158e-15, 7.62749198536e-16, 6.43739449496e-15, 5.32244079132e-15, 5.30637130576e-16, 1.19180129717e-16, 1.95024025606e-17],
        "max": [0.00295487837866, 0.00230077584274, 0.00660211173818, 0.00827195309103, 0.00065767992055, 0.000522415037267, 0.000324449851178, 0.000624053238425, 0.0005702895578, 0.000668002408929, 0.000630102644209, 0.00088111491641, 0.000870062620379, 0.000975520059001, 0.000717627292033, 0.000244573224336, 0.000377497868612, 0.000753777159844, 0.000314287899528, 0.000447266327683, 0.000578656676225, 0.000521844020113, 0.000409133674111, 0.000209926613024, 0.000454801513115, 0.00021075719269, 0.000131015651277, 8.48634663271e-05, 2.83410627162e-05, 5.85822090216e-05, 2.20601305045e-05, 8.55404050526e-06, 3.78942490897e-06, 3.73565228529e-07, 1.34260872642e-07, 7.78877620178e-07, 5.59870557026e-07, 1.23778704619e-07, 5.65960149856e-08, 2.67009188093e-08],
        "mean": [0.00036046130117, 0.000316833727993, 0.000773756939452, 0.000566424045246, 7.01788521837e-05, 6.10576753388e-05, 2.87560578727e-05, 7.30684696464e-05, 4.12919907831e-05, 8.80927109392e-05, 9.52934205998e-05, 5.15190149599e-05, 5.58948922844e-05, 0.000107036030386, 4.30161344411e-05, 2.46174622589e-05, 5.03530318383e-05, 0.000127038176288, 8.41230503283e-05, 0.000151734275278, 0.000185910932487, 0.000167510472238, 0.000105317398265, 7.2024668043e-05, 0.000108264131995, 6.61036829115e-05, 5.12029037054e-05, 3.19298160321e-05, 1.1485099094e-05, 1.89598140423e-05, 6.8090134846e-06, 2.77326398646e-06, 1.02676017377e-06, 1.06604794325e-07, 5.08028428214e-08, 1.03967330745e-07, 1.12558765863e-07, 4.94219172253e-08, 2.2100213215e-08, 9.14928399709e-09],
        "median": [0.000231635553064, 0.000183942800504, 0.000180290153367, 0.00020197716367, 5.26172989339e-05, 4.57106834801e-05, 2.03803738259e-05, 4.07773513871e-05, 2.73272526101e-05, 4.61689851363e-05, 6.08935588389e-05, 3.29741087626e-05, 3.57188691851e-05, 6.87426581862e-05, 3.0545386835e-05, 1.65651199495e-05, 4.210584666e-05, 9.88559186226e-05, 7.39320312277e-05, 0.000133940440719, 0.000167420323123, 0.000154929744895, 9.25482163439e-05, 6.6689994128e-05, 9.84384823823e-05, 6.19470301899e-05, 4.86550779897e-05, 2.94475103146e-05, 1.0873807696e-05, 1.77288184204e-05, 6.45293584967e-06, 2.60540514319e-06, 9.43148506849e-07, 1.00024436733e-07, 4.77332058324e-08, 9.29051040544e-08, 1.03158804166e-07, 4.57154705202e-08, 1.9783936267e-08, 8.48253378649e-09],
        "min": [4.49204526376e-06, 2.62747676061e-06, 5.52974961465e-06, 6.79785398461e-06, 6.61098829369e-06, 3.35815707331e-06, 2.10118673749e-06, 1.00918236967e-06, 8.18584339868e-07, 1.83611462035e-06, 2.00256522476e-06, 3.46414367414e-06, 2.64541608885e-06, 7.25109430277e-07, 4.86112071485e-07, 8.64715019588e-08, 6.66702476337e-07, 2.8869289963e-06, 3.18103525387e-06, 8.21512730909e-06, 3.39252301274e-06, 8.16737338027e-06, 7.64156357036e-06, 3.21245101986e-06, 1.6492568875e-06, 7.94055210918e-07, 5.26653082034e-07, 8.68300389811e-07, 4.31449421967e-07, 5.00415183069e-07, 4.11302380598e-07, 1.05108867388e-07, 4.71405279256e-08, 2.21843308168e-08, 1.14855032152e-08, 2.42332234279e-08, 2.61700119353e-08, 1.23509025229e-08, 5.64219115873e-09, 2.00168415176e-09],
        "var": [1.50529217535e-07, 1.21994816027e-07, 1.54274255237e-06, 1.15564023417e-06, 3.88961796105e-09, 3.21248672108e-09, 9.07236064052e-10, 8.54393711336e-09, 2.53171261733e-09, 1.27598385191e-08, 9.18630327362e-09, 4.53631576747e-09, 5.72698821699e-09, 1.59378199527e-08, 3.25594284867e-09, 6.16590001279e-10, 1.46281275981e-09, 1.00528509961e-08, 2.33048624843e-09, 7.17433090713e-09, 9.23673937336e-09, 6.28765084443e-09, 3.05369529663e-09, 1.16082821133e-09, 3.00598856917e-09, 8.68741689697e-10, 4.99528585163e-10, 2.11159784103e-10, 1.93860032194e-11, 7.41738892529e-11, 7.96549458337e-12, 1.28775787776e-12, 2.03395609274e-13, 2.11759401484e-15, 4.3711627581e-16, 3.7055290104e-15, 2.88016020132e-15, 3.67101061785e-16, 8.93802268484e-17, 1.42713107124e-17]
    },
    "mfcc": {
        "mean": [-617.117553711, 115.4426651, -80.6672668457, 64.5003890991, 0.276388913393, 5.63495111465, 6.63440942764, 4.06879329681, 12.4478826523, -0.352170407772, -8.94233894348, 0.469142973423, -9.82094669342],
        "cov": [[206.454345703, -3.84179282188, -46.1180305481, -32.032913208, -41.7949142456, -12.1203250885, -4.98481988907, 1.92201685905, 10.1668720245, 25.8897743225, 29.9601573944, 28.6657676697, 31.8188915253], [-3.84179282188, 107.149803162, 58.3778839111, 19.5056629181, -2.84145474434, -10.9273262024, -4.32752037048, -9.5089931488, -13.4768695831, -18.6291790009, -19.5385913849, -24.53698349, -24.908946991], [-46.1180305481, 58.3778839111, 79.8286590576, 46.7804374695, 11.5505113602, -5.22680234909, -5.90134525299, -5.14922618866, -11.097910881, -16.6983966827, -19.6550216675, -19.6576442719, -22.1514396667], [-32.032913208, 19.5056629181, 46.7804374695, 97.1480026245, 35.4768486023, 11.6616916656, -2.10405755043, 3.05288910866, 0.975911676884, 8.86439800262, 0.544057965279, -8.72339820862, -17.3813514709], [-41.7949142456, -2.84145474434, 11.5505113602, 35.4768486023, 57.7356491089, 27.8406600952, 2.15485882759, -6.86514425278, -5.00093317032, -5.64893388748, -8.90694904327, -10.9275093079, -13.7172613144], [-12.1203250885, -10.9273262024, -5.22680234909, 11.6616916656, 27.8406600952, 49.983455658, 25.9331378937, 7.8011636734, -5.04978847504, -0.554186105728, 0.534149825573, 2.06460571289, -9.39958381653], [-4.98481988907, -4.32752037048, -5.90134525299, -2.10405755043, 2.15485882759, 25.9331378937, 46.8224716187, 23.3756656647, 2.65620923042, 3.95158624649, 1.63221490383, 1.76625263691, -6.65693664551], [1.92201685905, -9.5089931488, -5.14922618866, 3.05288910866, -6.86514425278, 7.8011636734, 23.3756656647, 43.8583221436, 19.1295719147, 19.0766506195, 10.5613431931, 7.18057918549, -1.74677479267], [10.1668720245, -13.4768695831, -11.097910881, 0.975911676884, -5.00093317032, -5.04978847504, 2.65620923042, 19.1295719147, 43.0905647278, 33.2330665588, 14.1914110184, 3.43311715126, 2.30535626411], [25.8897743225, -18.6291790009, -16.6983966827, 8.86439800262, -5.64893388748, -0.554186105728, 3.95158624649, 19.0766506195, 33.2330665588, 69.6636276245, 42.9336700439, 15.6105823517, -1.13621628284], [29.9601573944, -19.5385913849, -19.6550216675, 0.544057965279, -8.90694904327, 0.534149825573, 1.63221490383, 10.5613431931, 14.1914110184, 42.9336700439, 56.4980430603, 30.5531482697, 6.69341373444], [28.6657676697, -24.53698349, -19.6576442719, -8.72339820862, -10.9275093079, 2.06460571289, 1.76625263691, 7.18057918549, 3.43311715126, 15.6105823517, 30.5531482697, 52.2386474609, 27.9313373566], [31.8188915253, -24.908946991, -22.1514396667, -17.3813514709, -13.7172613144, -9.39958381653, -6.65693664551, -1.74677479267, 2.30535626411, -1.13621628284, 6.69341373444, 27.9313373566, 53.8550605774]],
