{
"lowlevel": {
    "average_loudness": 0.984839558601,
    "barkbands_crest": {
        "dmean": 2.40691041946,
        "dmean2": 4.01876306534,
        "dvar": 4.69010066986,
        "dvar2": 12.5807628632,
        "max": 22.9231071472,
        "mean": 7.63181066513,
        "median": 6.94237232208,
        "min": 2.9690952301,
        "var": 9.67771816254
    },
    "barkbands_flatness_db": {
        "dmean": 0.0137930382043,
        "dmean2": 0.022196944803,
        "dvar": 0.0001333628461,
        "dvar2": 0.000331230461597,
        "max": 0.256092488766,
        "mean": 0.132605329156,
        "median": 0.132598638535,
        "min": 0.0774495154619,
        "var": 0.000562280474696
    },
    "barkbands_kurtosis": {
        "dmean": 1.405621171,
        "dmean2": 2.22843027115,
        "dvar": 6.73537158966,
        "dvar2": 13.2196846008,
        "max": 56.0431594849,
        "mean": 0.791472494602,
        "median": -0.712347984314,
        "min": -1.85968959332,
        "var": 17.9348964691
    },
    "barkbands_skewness": {
        "dmean": 0.449851721525,
        "dmean2": 0.734227478504,
        "dvar": 0.160540744662,
        "dvar2": 0.375499814749,
        "max": 1.54093563557,
        "mean": -0.801223397255,
        "median": -0.689403951168,
        "min": -6.54162073135,
        "var": 0.856152772903
    },
    "barkbands_spread": {
        "dmean": 5.90853786469,
        "dmean2": 9.77740192413,
        "dvar": 26.8923664093,
        "dvar2": 67.4207458496,
        "max": 57.5020294189,
        "mean": 28.4038734436,
        "median": 28.6407089233,
        "min": 2.54766440392,
        "var": 146.671920776
    },
    "dissonance": {
        "dmean": 0.00582436239347,
        "dmean2": 0.0100739682093,
        "dvar": 3.25074543071e-05,
        "dvar2": 9.06786517589e-05,
        "max": 0.499999970198,
        "mean": 0.491407155991,
        "median": 0.493495255709,
        "min": 0.455930501223,
        "var": 4.80680137116e-05
    },
    "dynamic_complexity": 0.888695657253,
    "erbbands_crest": {
        "dmean": 3.17931509018,
        "dmean2": 5.41831588745,
        "dvar": 8.75771427155,
        "dvar2": 21.8993778229,
        "max": 29.3464508057,
        "mean": 10.046916008,
        "median": 8.92844200134,
        "min": 3.59697794914,
        "var": 16.9064102173
    },
    "erbbands_flatness_db": {
        "dmean": 0.0158037617803,
        "dmean2": 0.0253660660237,
        "dvar": 0.000171856416273,
        "dvar2": 0.000384025392123,
        "max": 0.374668180943,
        "mean": 0.232708260417,
        "median": 0.229070872068,
        "min": 0.168929502368,
        "var": 0.00075124471914
    },
    "erbbands_kurtosis": {
        "dmean": 2.52680492401,
        "dmean2": 4.06466197968,
        "dvar": 10.2531356812,
        "dvar2": 26.4578952789,
        "max": 47.4604187012,
        "mean": 4.42289590836,
        "median": 3.34162116051,
        "min": -1.53431475163,
        "var": 24.9149398804
    },
    "erbbands_skewness": {
        "dmean": 0.426521867514,
        "dmean2": 0.68635481596,
        "dvar": 0.131566464901,
        "dvar2": 0.326078683138,
        "max": 0.711451470852,
        "mean": -1.22701406479,
        "median": -1.16690158844,
        "min": -3.7405102253,
        "var": 0.465586602688
    },
    "erbbands_spread": {
        "dmean": 4.09329557419,
        "dmean2": 6.72888422012,
        "dvar": 16.4383163452,
        "dvar2": 43.3659896851,
        "max": 51.8384246826,
        "mean": 15.427321434,
        "median": 14.3820447922,
        "min": 1.0166362524,
        "var": 60.167766571
    },
    "hfc": {
        "dmean": 6.48567056656,
        "dmean2": 10.3107461929,
        "dvar": 30.1004257202,
        "dvar2": 75.9529037476,
        "max": 70.6993408203,
        "mean": 33.1961898804,
        "median": 31.953502655,
        "min": 10.0300989151,
        "var": 151.85105896
    },
    "melbands_crest": {
        "dmean": 3.12626957893,
        "dmean2": 5.34796237946,
        "dvar": 7.88023376465,
        "dvar2": 23.6461639404,
        "max": 26.1904125214,
        "mean": 10.1889371872,
        "median": 9.02858734131,
        "min": 2.91898155212,
        "var": 19.440076828
    },
    "melbands_flatness_db": {
        "dmean": 0.0156293772161,
        "dmean2": 0.0254967473447,
        "dvar": 0.000194820124307,
        "dvar2": 0.000550381664652,
        "max": 0.251082181931,
        "mean": 0.138242572546,
        "median": 0.134238615632,
        "min": 0.0549397654831,
        "var": 0.000987178995274
    },
    "melbands_kurtosis": {
        "dmean": 1.04810273647,
        "dmean2": 1.7936360836,
        "dvar": 2.25565314293,
        "dvar2": 5.53522634506,
        "max": 15.3491840363,
        "mean": -0.152111157775,
        "median": -0.70722258091,
        "min": -1.8463653326,
        "var": 3.42286944389
    },
    "melbands_skewness": {
        "dmean": 0.488842070103,
        "dmean2": 0.81314265728,
        "dvar": 0.188159346581,
        "dvar2": 0.465989857912,
        "max": 3.45422840118,
        "mean": 0.256613045931,
        "median": 0.324012577534,
        "min": -3.84799551964,
        "var": 1.02903199196
    },
    "melbands_spread": {
        "dmean": 12.1584177017,
        "dmean2": 19.7565479279,
        "dvar": 93.5755767822,
        "dvar2": 236.567504883,
        "max": 114.913795471,
        "mean": 61.8512039185,
        "median": 61.5852584839,
        "min": 15.3845033646,
        "var": 280.907592773
    },
    "pitch_salience": {
        "dmean": 0.0599117390811,
        "dmean2": 0.100950792432,
        "dvar": 0.00253955950029,
        "dvar2": 0.00723557593301,
        "max": 0.806728601456,
        "mean": 0.63293659687,
        "median": 0.64534330368,
        "min": 0.31333348155,
        "var": 0.00729540688917
    },
    "silence_rate_20dB": {
        "dmean": 0,
        "dmean2": 0,
        "dvar": 0,
        "dvar2": 0,
        "max": 1,
        "mean": 1,
        "median": 1,
        "min": 1,
        "var": 0
    },
    "silence_rate_30dB": {
        "dmean": 0,
        "dmean2": 0,
        "dvar": 0,
        "dvar2": 0,
        "max": 1,
        "mean": 1,
        "median": 1,
        "min": 1,
        "var": 0
    },
    "silence_rate_60dB": {
        "dmean": 0,
        "dmean2": 0,
        "dvar": 0,
        "dvar2": 0,
        "max": 0,
        "mean": 0,
        "median": 0,
        "min": 0,
        "var": 0
    },
    "spectral_centroid": {
        "dmean": 154.885818481,
        "dmean2": 256.85534668,
        "dvar": 16942.7636719,
        "dvar2": 44725.3085938,
        "max": 3519.32080078,
        "mean": 2524.08300781,
        "median": 2551.83642578,
        "min": 1425.62072754,
        "var": 72835.03125
    },
    "spectral_complexity": {
        "dmean": 3.92573404312,
        "dmean2": 6.49480962753,
        "dvar": 10.3623590469,
        "dvar2": 26.0181312561,
        "max": 55,
        "mean": 33.5293121338,
        "median": 34,
        "min": 16,
        "var": 38.5973129272
    },
    "spectral_decrease": {
        "dmean": 6.49027775967e-10,
        "dmean2": 1.07381092906e-09,
        "dvar": 2.84976542324e-19,
        "dvar2": 7.98996707927e-19,
        "max": -1.55192758644e-09,
        "mean": -3.99684640939e-09,
        "median": -4.03922228998e-09,
        "min": -6.11831696418e-09,
        "var": 5.86371896024e-19
    },
    "spectral_energy": {
        "dmean": 0.00285803386942,
        "dmean2": 0.00470848800614,
        "dvar": 5.5965683714e-06,
        "dvar2": 1.5102586076e-05,
        "max": 0.0295045860112,
        "mean": 0.0180960185826,
        "median": 0.0181358866394,
        "min": 0.00703910319135,
        "var": 1.34775464176e-05
    },
    "spectral_energyband_high": {
        "dmean": 0.00018371391343,
        "dmean2": 0.000289928138955,
        "dvar": 5.94209303983e-08,
        "dvar2": 1.41229520523e-07,
        "max": 0.00323350168765,
        "mean": 0.000636957818642,
        "median": 0.000479906389955,
        "min": 0.000128041298012,
        "var": 1.95062696662e-07
    },
    "spectral_energyband_low": {
        "dmean": 0.00107671564911,
        "dmean2": 0.0018699914217,
        "dvar": 2.11314363696e-06,
        "dvar2": 6.03527905696e-06,
        "max": 0.0157191623002,
        "mean": 0.002176418202,
        "median": 0.001219130354,
        "min": 3.27529887727e-05,
        "var": 5.82132497584e-06
    },
    "spectral_energyband_middle_high": {
        "dmean": 0.00272740726359,
        "dmean2": 0.00437753507867,
        "dvar": 5.23954031451e-06,
        "dvar2": 1.35333675644e-05,
        "max": 0.0283807478845,
        "mean": 0.0125363739207,
        "median": 0.0121921487153,
        "min": 0.00268040644005,
        "var": 2.28133339988e-05
    },
    "spectral_energyband_middle_low": {
        "dmean": 0.00119128462393,
        "dmean2": 0.00199963501655,
        "dvar": 2.04021102945e-06,
        "dvar2": 5.56535951546e-06,
        "max": 0.014606051147,
        "mean": 0.00305647077039,
        "median": 0.00223848014139,
        "min": 5.28372729605e-05,
        "var": 6.53617007629e-06
    },
    "spectral_entropy": {
        "dmean": 0.0876606330276,
        "dmean2": 0.139227122068,
        "dvar": 0.00605178298429,
        "dvar2": 0.0136371618137,
        "max": 8.13120555878,
        "mean": 7.58540773392,
        "median": 7.6103219986,
        "min": 6.770362854,
        "var": 0.0208357367665
    },
    "spectral_flux": {
        "dmean": 0.0120394816622,
        "dmean2": 0.0202897489071,
        "dvar": 0.000104339480458,
        "dvar2": 0.000305571913486,
        "max": 0.145025581121,
        "mean": 0.0854992195964,
        "median": 0.0843695178628,
        "min": 0.0465741194785,
        "var": 0.000264973350568
    },
    "spectral_kurtosis": {
        "dmean": 2.88414883614,
        "dmean2": 5.08360910416,
        "dvar": 6.06945371628,
        "dvar2": 17.6954097748,
        "max": 29.0994491577,
        "mean": 6.76629924774,
        "median": 6.26346588135,
        "min": 0.948986291885,
        "var": 11.0216178894
    },
    "spectral_rms": {
        "dmean": 0.000336891127517,
        "dmean2": 0.000555575708859,
        "dvar": 8.14795058091e-08,
        "dvar2": 2.15514802449e-07,
        "max": 0.00536516169086,
        "mean": 0.00417873030528,
        "median": 0.00420636963099,
        "min": 0.00262057571672,
        "var": 1.92869393345e-07
    },
    "spectral_rolloff": {
        "dmean": 256.687530518,
        "dmean2": 441.095214844,
        "dvar": 62352.640625,
        "dvar2": 154217.640625,
        "max": 4780.37109375,
        "mean": 2900.33691406,
        "median": 2885.44921875,
        "min": 1464.2578125,
        "var": 141794.40625
    },
    "spectral_skewness": {
        "dmean": 0.284141093493,
        "dmean2": 0.4899097085,
        "dvar": 0.0541252456605,
        "dvar2": 0.143816158175,
        "max": 3.45246553421,
        "mean": 1.1480410099,
        "median": 1.10441827774,
        "min": 0.30415391922,
        "var": 0.155152514577
    },
    "spectral_spread": {
        "dmean": 187378.234375,
        "dmean2": 298177.15625,
        "dvar": 81054785536,
        "dvar2": 110996946944,
        "max": 8458182,
        "mean": 2223346.5,
        "median": 2215153.75,
        "min": 1322845.25,
        "var": 135795425280
    },
    "spectral_strongpeak": {
        "dmean": 1.43838953972,
        "dmean2": 2.57008361816,
        "dvar": 2.77894973755,
        "dvar2": 7.39408349991,
        "max": 11.5854005814,
        "mean": 2.18927574158,
        "median": 1.52356910706,
        "min": 0.0555973388255,
        "var": 5.06282758713
    },
    "zerocrossingrate": {
        "dmean": 0.00576998339966,
        "dmean2": 0.00703699467704,
        "dvar": 2.64618411165e-05,
        "dvar2": 3.52801871486e-05,
        "max": 0.14013671875,
        "mean": 0.0954084694386,
        "median": 0.095703125,
        "min": 0.0458984375,
        "var": 0.000261105713435
    },
    "barkbands": {
        "dmean": [6.72269334245e-06, 0.000725694466382, 0.000488257326651, 0.000345346896211, 0.000784527801443, 0.00022184784757, 0.000103242222394, 0.000105270111817, 0.000341510662111, 0.000354020652594, 0.000246228504693, 0.000243321221205, 7.61692572269e-05, 0.000619449419901, 0.000898971862625, 0.00155633105896, 0.00164141261484, 0.000633283751085, 0.000647602777462, 0.000217525317566, 0.0001293446403, 3.51614835381e-05, 3.26844701704e-06, 5.13792201673e-06, 1.60722549936e-06, 1.03834202037e-06, 5.96424953869e-08],
        "dmean2": [1.09173215606e-05, 0.00122003769502, 0.000854985963088, 0.00058089219965, 0.00133545824792, 0.000365199928638, 0.000173049382283, 0.000164827230037, 0.000553480058443, 0.00055875943508, 0.000420371681685, 0.000415010319557, 0.000130226733745, 0.00102479266934, 0.00152109540068, 0.00253910059109, 0.00269905058667, 0.0010494220769, 0.00104199128691, 0.000361059530405, 0.000208874247619, 5.81796630286e-05, 5.16558020536e-06, 7.75506850914e-06, 2.47054367719e-06, 1.54023791765e-06, 9.49236849124e-08],
        "dvar": [9.61759075158e-11, 1.02074989172e-06, 4.61958478581e-07, 1.97564958171e-07, 1.61658613251e-06, 1.12363167659e-07, 1.7481214698e-08, 4.95087775221e-08, 2.71313467692e-07, 2.80143268583e-07, 2.05823511124e-07, 1.94260877606e-07, 1.31361312938e-08, 6.60090449855e-07, 1.11416250093e-06, 3.18325032822e-06, 3.91380945075e-06, 7.11256234354e-07, 6.64857111587e-07, 8.98320919873e-08, 3.7435285094e-08, 2.59797028335e-09, 1.09866261921e-10, 7.34507038525e-11, 4.80937251829e-12, 3.85026949559e-12, 1.88367506678e-14],
        "dvar2": [2.71029476639e-10, 2.72397801382e-06, 1.3868015003e-06, 5.24309484717e-07, 4.60852788819e-06, 2.83002918877e-07, 4.10293381492e-08, 1.04372645637e-07, 6.15699718765e-07, 5.54242546968e-07, 5.95172195972e-07, 5.51528785309e-07, 3.5713618729e-08, 1.77260619694e-06, 2.91100514005e-06, 8.87685018824e-06, 8.86789166543e-06, 1.66813322267e-06, 1.58306181675e-06, 2.18548208863e-07, 9.97137661329e-08, 6.37556274441e-09, 2.5965801731e-10, 1.40589012654e-10, 1.10816191293e-11, 9.16578618559e-12, 3.35187200261e-14],
        "max": [0.000182825955562, 0.0094478931278, 0.00598955154419, 0.00424518063664, 0.0123097393662, 0.00353749957867, 0.00142640108243, 0.00514816259965, 0.00980679038912, 0.00779637414962, 0.00520153623074, 0.00627076020464, 0.00126685237046, 0.00715738302097, 0.00922470539808, 0.0164455529302, 0.0188124068081, 0.00982903968543, 0.011172208935, 0.00400802958757, 0.0027817718219, 0.0008592128288, 0.000210051133763, 0.000135615118779, 2.74389076367e-05, 3.444498725e-05, 2.42231749326e-06],
        "mean": [1.36278549689e-05, 0.0013088141568, 0.000642682542093, 0.000495962798595, 0.00119591515977, 0.000306107423967, 0.000148473365698, 0.000172946107341, 0.000554030179046, 0.000580911175348, 0.000320863240631, 0.000346106418874, 0.000113801826956, 0.000988248037174, 0.00151179952081, 0.00290346588008, 0.00283916480839, 0.00118846318219, 0.00147229875438, 0.000527821946889, 0.000342794402968, 8.99927981663e-05, 6.91153354637e-06, 1.68497281265e-05, 5.11975804329e-06, 2.75404568129e-06, 1.02084236175e-07],
        "median": [5.03960154674e-06, 0.000558970554266, 0.000313182012178, 0.000248811702477, 0.000480647082441, 0.000165050296346, 9.78418174782e-05, 7.1623500844e-05, 0.000293954100925, 0.000288395764073, 0.000189471014892, 0.000213419581996, 6.9846981205e-05, 0.000647543056402, 0.00107569387183, 0.0020107626915, 0.0020659849979, 0.000840325257741, 0.00112605886534, 0.000395932787796, 0.000259207095951, 7.06701976014e-05, 3.85181556339e-06, 9.668588973e-06, 3.5052489693e-06, 9.09613220301e-07, 1.33319435491e-08],
        "min": [2.37651818225e-08, 3.93063737647e-06, 3.12896418109e-06, 1.0190200328e-06, 1.45480053106e-05, 2.70068403552e-06, 5.9729845816e-06, 5.07434720021e-07, 2.17426782001e-06, 3.64400420949e-06, 5.28319924342e-06, 1.07872383523e-05, 1.80919755621e-06, 3.82058133255e-05, 4.75927590742e-05, 0.000248042138992, 0.000257099105511, 0.000161771444255, 0.000289145245915, 5.43680034752e-05, 6.54235627735e-05, 9.61345358519e-06, 4.21346271651e-07, 1.09443408292e-06, 1.83942717058e-07, 3.31732401548e-08, 1.81868953231e-09],
        "var": [4.76463590804e-10, 3.37881510859e-06, 7.80900961672e-07, 3.87417628644e-07, 2.88452156383e-06, 1.91353350942e-07, 2.85369807784e-08, 1.59855673587e-07, 6.83680411839e-07, 7.29332725768e-07, 2.23429736934e-07, 2.11162287655e-07, 1.8064310936e-08, 9.31263969051e-07, 1.8404932689e-06, 6.23920914222e-06, 6.09681228525e-06, 1.19206333693e-06, 1.26839199766e-06, 1.81302624469e-07, 6.95420112606e-08, 6.43281428125e-09, 1.40467290577e-10, 2.83648743382e-10, 2.19389471867e-11, 1.34446447031e-11, 3.14615073902e-14]
    },
    "erbbands": {
        "dmean": [0.0130289234221, 0.194502592087, 0.601832985878, 0.659231305122, 1.77485454082, 3.64704275131, 1.63283038139, 1.90906083584, 0.853142738342, 2.51856279373, 3.90820646286, 7.56940698624, 8.68854141235, 9.27149868011, 9.84035015106, 8.26863479614, 2.96710968018, 17.8984298706, 40.2033653259, 71.3778152466, 68.851776123, 94.532699585, 36.250164032, 43.7836456299, 20.1249790192, 9.7369222641, 5.15442276001, 4.24770545959, 1.4969753027, 0.259682148695, 0.0965304002166, 0.130887269974, 0.0715636387467, 0.02941339463, 0.00502741802484, 0.00547275086865, 0.00172052101698, 0.000147246028064, 6.85857048666e-06, 3.92186802856e-06],
        "dmean2": [0.020183833316, 0.333548784256, 1.05484354496, 1.11783277988, 3.10042786598, 6.25682926178, 2.80209350586, 3.10951256752, 1.40348005295, 4.24300956726, 5.98599624634, 12.5041408539, 13.8638248444, 14.5176858902, 16.687746048, 14.0589570999, 4.92556381226, 29.2478942871, 68.1425857544, 115.438850403, 112.762405396, 155.369232178, 57.3803939819, 72.4605712891, 33.5054664612, 15.8430604935, 8.46027565002, 6.85811901093, 2.48114395142, 0.415649682283, 0.154116362333, 0.197094336152, 0.107886217535, 0.045909434557, 0.00732397520915, 0.00794293824583, 0.00264360406436, 0.000220999965677, 1.0597527762e-05, 6.44234614811e-06],
        "dvar": [0.000321231549606, 0.0760761871934, 0.755109071732, 0.665322482586, 6.79076194763, 46.0872764587, 4.5149974823, 9.62728404999, 1.75745761395, 20.0669994354, 64.3779678345, 120.761238098, 212.152587891, 190.327850342, 336.483520508, 186.896377563, 19.094083786, 535.415222168, 2313.5234375, 8433.88085938, 6377.296875, 16020.8945312, 1839.10595703, 2811.27148438, 561.540344238, 144.115875244, 66.2674789429, 32.6605949402, 4.89767742157, 0.113035000861, 0.0983549207449, 0.05103661865, 0.0121405264363, 0.00137034675572, 0.000101538113086, 0.000105386156065, 9.87896419247e-06, 9.0906318917e-08, 2.98613411776e-10, 1.09814119603e-11],
        "dvar2": [0.00070149829844, 0.209940776229, 2.3113322258, 1.73211836815, 18.8017215729, 129.947891235, 12.2319555283, 23.8849391937, 3.75865650177, 53.6680374146, 132.418823242, 289.871490479, 493.37612915, 332.491424561, 926.981384277, 516.465698242, 49.6485824585, 1392.81896973, 6091.13964844, 21084.4003906, 16922.5507812, 37435.8046875, 4202.21337891, 6582.75927734, 1455.1340332, 366.920715332, 173.691543579, 85.2320861816, 11.7505331039, 0.257514804602, 0.248819798231, 0.103208750486, 0.0271490123123, 0.00326072983444, 0.000191023456864, 0.000255640217802, 2.24526156671e-05, 1.98560329068e-07, 4.85377738002e-10, 2.76266388238e-11],
        "max": [0.327403128147, 2.72726869583, 8.41658973694, 8.81211471558, 26.7610912323, 61.9602813721, 19.8268985748, 33.4628753662, 22.3461208344, 64.6371688843, 235.862243652, 156.627746582, 230.593414307, 274.031402588, 264.170776367, 152.571716309, 47.6216964722, 223.907913208, 392.92980957, 836.025390625, 965.635314941, 1201.7142334, 618.79510498, 668.828308105, 277.065551758, 140.963363647, 115.461143494, 90.6538009644, 35.9318580627, 4.96598863602, 6.39733219147, 4.12992858887, 1.66998767853, 0.555537581444, 0.146540060639, 0.177233204246, 0.0522014759481, 0.00457435660064, 0.000349604379153, 4.38641036453e-05],
        "mean": [0.0321842394769, 0.314162373543, 0.806599020958, 1.1359153986, 2.57566833496, 5.16965246201, 2.57620692253, 2.62559175491, 1.47824180126, 3.46007490158, 6.54942083359, 11.9535598755, 15.6293201447, 15.1737794876, 15.5724506378, 12.6841449738, 6.01001405716, 31.2643051147, 75.0982208252, 119.410476685, 151.980682373, 165.223327637, 77.0750198364, 88.302406311, 50.8804283142, 25.0250968933, 13.9447479248, 11.1934890747, 4.05787372589, 0.699932277203, 0.229215949774, 0.378994703293, 0.226431488991, 0.100150980055, 0.0146232740954, 0.0144768152386, 0.00439315615222, 0.00034386117477, 2.49948334385e-05, 2.54272454185e-05],
        "median": [0.0102167520672, 0.143993496895, 0.391538053751, 0.750824451447, 1.43925428391, 1.55908668041, 1.33973574638, 1.26328516006, 0.880915403366, 1.96987962723, 2.69266366959, 6.46172475815, 7.57474422455, 8.34718990326, 9.98286056519, 7.91511917114, 4.21008825302, 20.9603996277, 56.3629455566, 78.86769104, 117.984558105, 120.813674927, 58.9095535278, 67.8143463135, 39.3203468323, 19.959405899, 10.2890167236, 8.89052200317, 3.16852498055, 0.545803666115, 0.141103923321, 0.213110506535, 0.135500282049, 0.0768935158849, 0.0061149187386, 0.00491433683783, 0.00142216379754, 6.38472411083e-05, 1.62917040143e-05, 2.49797176366e-05],
        "min": [8.77255079104e-05, 0.00218626204878, 0.00428971881047, 0.0288330856711, 0.0442986600101, 0.0629565268755, 0.0516030527651, 0.0190614648163, 0.0276257526129, 0.0561685115099, 0.0436351187527, 0.0546491518617, 0.0675409138203, 0.177412450314, 0.416474401951, 0.378650963306, 0.154433146119, 1.43399167061, 2.10048604012, 10.5588169098, 19.9662590027, 20.1786632538, 13.0666847229, 17.2744026184, 9.56261062622, 2.682980299, 1.79045820236, 1.94422757626, 0.545902490616, 0.0593139640987, 0.0177150517702, 0.0240735244006, 0.0143003659323, 0.00432261172682, 0.000418134295614, 0.00020270353707, 5.49668147869e-05, 4.08969117416e-06, 5.47828449271e-06, 9.51817855821e-06],
        "var": [0.00376706360839, 0.167342096567, 1.10280513763, 1.2412225008, 9.75325298309, 76.8435287476, 9.60518550873, 17.2412528992, 4.66367435455, 23.0918979645, 273.993743896, 256.206054688, 537.467468262, 573.451477051, 441.284667969, 237.002853394, 34.8928527832, 838.255310059, 3816.18408203, 14573.2363281, 13728.578125, 22728.8417969, 3693.6003418, 4528.86523438, 1386.88635254, 311.671051025, 123.011856079, 71.7612915039, 13.2694768906, 0.301728218794, 0.119537629187, 0.163265824318, 0.0469981096685, 0.006701271981, 0.000385659048334, 0.000369224464521, 3.43766041624e-05, 2.75504561387e-07, 5.22315524165e-10, 3.63302755935e-11]
    },
    "gfcc": {
        "mean": [-8.23377037048, 89.6602706909, -181.648956299, 59.4710006714, -30.4034442902, -1.7727971077, -32.0339050293, 12.0692329407, -20.0480289459, -7.02894973755, -23.2790756226, -8.7170419693, 3.29028511047],
        "cov": [[496.330352783, -286.904174805, 74.029586792, -115.046470642, -76.8667144775, 55.7812652588, -26.3261299133, 49.8112640381, -91.724281311, 83.4233703613, -63.1678085327, 62.170955658, -66.969367981], [-286.904174805, 861.101867676, 10.8788661957, 83.7825927734, -33.0390930176, -81.9266433716, 137.99180603, -79.8043289185, 82.774848938, -114.30821228, 87.8714141846, -136.873703003, 80.8649749756], [74.029586792, 10.8788661957, 135.477493286, 68.3679504395, 24.638551712, 10.9875802994, 14.9073257446, 51.0451545715, 4.84294033051, 20.2584400177, -3.44888186455, 16.5629692078, -15.513381958], [-115.046470642, 83.7825927734, 68.3679504395, 146.143814087, 84.5096969604, -6.90222549438, 16.0353889465, 15.117767334, 41.7896461487, -6.50851917267, 32.6557846069, -9.59867668152, 14.2297620773], [-76.8667144775, -33.0390930176, 24.638551712, 84.5096969604, 133.879486084, 48.5113945007, 27.1938037872, 45.1828651428, 37.0158004761, 19.0635929108, 27.9154262543, 22.4847259521, 4.24578237534], [55.7812652588, -81.9266433716, 10.9875802994, -6.90222549438, 48.5113945007, 101.242111206, 51.6121406555, 43.0550689697, -5.56250905991, 27.849105835, -4.63267421722, 26.4605293274, -5.66381120682], [-26.3261299133, 137.99180603, 14.9073257446, 16.0353889465, 27.1938037872, 51.6121406555, 129.379272461, 75.9461288452, 32.8349914551, -6.40909957886, 26.335401535, -0.867822170258, 17.3915805817], [49.8112640381, -79.8043289185, 51.0451545715, 15.117767334, 45.1828651428, 43.0550689697, 75.9461288452, 152.624038696, 48.5871810913, 34.5470046997, 11.779047966, 40.8164558411, -9.36562728882], [-91.724281311, 82.774848938, 4.84294033051, 41.7896461487, 37.0158004761, -5.56250905991, 32.8349914551, 48.5871810913, 86.4179458618, 20.5707130432, 28.2213535309, -5.45913028717, 16.990814209], [83.4233703613, -114.30821228, 20.2584400177, -6.50851917267, 19.0635929108, 27.849105835, -6.40909957886, 34.5470046997, 20.5707130432, 83.544342041, 19.8399620056, 31.6875038147, -18.3505954742], [-63.1678085327, 87.8714141846, -3.44888186455, 32.6557846069, 27.9154262543, -4.63267421722, 26.335401535, 11.779047966, 28.2213535309, 19.8399620056, 77.5235443115, 21.8624820709, 12.3193101883], [62.170955658, -136.873703003, 16.5629692078, -9.59867668152, 22.4847259521, 26.4605293274, -0.867822170258, 40.8164558411, -5.45913028717, 31.6875038147, 21.8624820709, 81.152633667, 4.05270242691], [-66.969367981, 80.8649749756, -15.513381958, 14.2297620773, 4.24578237534, -5.66381120682, 17.3915805817, -9.36562728882, 16.990814209, -18.3505954742, 12.3193101883, 4.05270242691, 50.7370376587]],
        "icov": [[0.00801231525838, -0.00316585157998, 0.000282508000964, -0.000390506989788, 0.00362912029959, -0.00127992592752, 0.00231785560027, -0.00576519407332, 0.011087522842, -0.0118883801624, 0.00924936402589, -0.00653784209862, 0.00377569068223], [-0.00316585157998, 0.0133311096579, -0.0157819930464, 0.0123459557071, -0.00414312258363, 0.00536363013089, -0.0147981895134, 0.0167890228331, -0.0172422360629, 0.0176460947841, -0.0213832594454, 0.0185342691839, -0.00872902572155], [0.000282508000964, -0.0157819930464, 0.0383774638176, -0.0316550657153, 0.0108615942299, -0.00572500145063, 0.015391273424, -0.023829350248, 0.0224358756095, -0.023082351312, 0.0300872810185, -0.0256769135594, 0.013799960725], [-0.000390506989788, 0.0123459557071, -0.0316550657153, 0.0408615469933, -0.020116565749, 0.00945855583996, -0.0120450370014, 0.018693158403, -0.0188261717558, 0.0199278760701, -0.0268978886306, 0.0242178402841, -0.0129042025656], [0.00362912029959, -0.00414312258363, 0.0108615942299, -0.020116565749, 0.0262775570154, -0.015303555876, 0.00909191463143, -0.0100160967559, 0.00416686711833, -0.00654211128131, 0.0067834011279, -0.0108595658094, 0.00694258138537], [-0.00127992592752, 0.00536363013089, -0.00572500145063, 0.00945855583996, -0.015303555876, 0.0315853506327, -0.0232996270061, 0.0113094141707, 0.00120711000636, -0.00505750766024, 0.00306802010164, 0.00169125734828, -0.00287393131293], [0.00231785560027, -0.0147981895134, 0.015391273424, -0.0120450370014, 0.00909191463143, -0.0232996270061, 0.0438464395702, -0.0324418395758, 0.016445627436, -0.00763895828277, 0.00773734366521, -0.00747202523053, 0.000797136686742], [-0.00576519407332, 0.0167890228331, -0.023829350248, 0.018693158403, -0.0100160967559, 0.0113094141707, -0.0324418395758, 0.0438994653523, -0.0352530404925, 0.0228662453592, -0.0197857264429, 0.0105759892613, -0.00153723463882], [0.011087522842, -0.0172422360629, 0.0224358756095, -0.0188261717558, 0.00416686711833, 0.00120711000636, 0.016445627436, -0.0352530404925, 0.0589215569198, -0.0425624400377, 0.0295094456524, -0.0154312737286, 0.000838826177642], [-0.0118883801624, 0.0176460947841, -0.023082351312, 0.0199278760701, -0.00654211128131, -0.00505750766024, -0.00763895828277, 0.0228662453592, -0.0425624400377, 0.0587397888303, -0.0433562099934, 0.0239743348211, -0.00553012732416], [0.00924936402589, -0.0213832594454, 0.0300872810185, -0.0268978886306, 0.0067834011279, 0.00306802010164, 0.00773734366521, -0.0197857264429, 0.0295094456524, -0.0433562099934, 0.0655436441302, -0.0449921526015, 0.0186190977693], [-0.00653784209862, 0.0185342691839, -0.0256769135594, 0.0242178402841, -0.0108595658094, 0.00169125734828, -0.00747202523053, 0.0105759892613, -0.0154312737286, 0.0239743348211, -0.0449921526015, 0.0568234212697, -0.0269774068147], [0.00377569068223, -0.00872902572155, 0.013799960725, -0.0129042025656, 0.00694258138537, -0.00287393131293, 0.000797136686742, -0.00153723463882, 0.000838826177642, -0.00553012732416, 0.0186190977693, -0.0269774068147, 0.0403382778168]]
    },
    "melbands": {
        "dmean": [0.000159443632583, 0.000285031215753, 0.000139835014124, 0.000195333035663, 7.83843133831e-05, 4.13674497395e-05, 1.59608243848e-05, 2.48562610068e-05, 4.34405410488e-05, 4.48443606729e-05, 4.48267091997e-05, 4.08736996178e-05, 3.60878184438e-05, 3.42209496011e-05, 7.81384551374e-06, 1.26231079776e-05, 3.87635045627e-05, 7.24933997844e-05, 7.59035392548e-05, 0.00010407553782, 9.74301146925e-05, 9.97361639747e-05, 6.48390705464e-05, 2.97438855341e-05, 4.11703331338e-05, 2.03683539439e-05, 1.20570248328e-05, 5.90952595303e-06, 2.68351095656e-06, 4.80898052047e-06, 2.0309548745e-06, 1.05777689896e-06, 4.37008537801e-07, 7.5217130302e-08, 5.93775695279e-08, 6.60988916934e-08, 1.00691636362e-07, 6.2343708862e-08, 3.54895490773e-08, 2.43837234848e-08],
        "dmean2": [0.000258789776126, 0.000502782000694, 0.000237507774727, 0.00032887031557, 0.000134781963425, 6.7397741077e-05, 2.66064616881e-05, 4.2036142986e-05, 6.79050644976e-05, 7.37704976927e-05, 7.18204755685e-05, 6.340166874e-05, 6.15802055108e-05, 5.87816648476e-05, 1.26569284475e-05, 2.1662308427e-05, 6.35359174339e-05, 0.000122638550238, 0.00012206887186, 0.000173089487362, 0.00015799771063, 0.000164366414538, 0.000106974672235, 4.90206366521e-05, 6.83004618622e-05, 3.47423374478e-05, 2.06301356229e-05, 9.86715622275e-06, 4.4619541768e-06, 8.04136288934e-06, 3.37906703862e-06, 1.7755475028e-06, 7.37847017263e-07, 1.17928671273e-07, 9.85999832892e-08, 1.05351460888e-07, 1.53017893467e-07, 9.86278934079e-08, 5.51676819782e-08, 3.90469985234e-08],
        "dvar": [4.68716834234e-08, 1.71006831806e-07, 3.02300975363e-08, 9.62943644822e-08, 1.44348275555e-08, 4.34528901749e-09, 4.98772967372e-10, 2.18228479731e-09, 7.73668151766e-09, 3.8999710128e-09, 5.54820855925e-09, 3.81509801528e-09, 4.58947191362e-09, 3.87126508627e-09, 1.1622898477e-10, 3.90137394612e-10, 2.48830689387e-09, 8.02111621567e-09, 9.0299945299e-09, 2.00617460422e-08, 1.57232928899e-08, 1.71379408442e-08, 6.73274413998e-09, 1.28319421755e-09, 2.68274980009e-09, 7.58771379061e-10, 2.85960671809e-10, 5.50871397109e-11, 1.38927272464e-11, 6.16980980195e-11, 8.66472258526e-12, 3.0169102893e-12, 2.33663809872e-13, 3.54450728479e-14, 5.20378621379e-14, 1.20479755661e-14, 3.27941951481e-14, 1.02893928661e-14, 1.93700404939e-15, 9.55006142865e-16],
        "dvar2": [1.15551422653e-07, 5.11438145168e-07, 8.1301102739e-08, 2.75161994523e-07, 4.03738091848e-08, 1.07082493983e-08, 1.11023867877e-09, 5.9509184247e-09, 1.61766600115e-08, 9.33151955707e-09, 1.29815820316e-08, 6.5626584167e-09, 1.30265993548e-08, 1.09898268263e-08, 2.73177314103e-10, 1.04172759308e-09, 6.62891963543e-09, 2.16309370416e-08, 2.27755183602e-08, 5.41575211344e-08, 4.05465314657e-08, 4.00853856775e-08, 1.64667195435e-08, 3.16743320461e-09, 6.34167740543e-09, 2.00399097317e-09, 6.87801371413e-10, 1.38026312602e-10, 3.59173107922e-11, 1.67833469344e-10, 2.08127699103e-11, 7.48903022929e-12, 6.36838238394e-13, 7.83667090097e-14, 1.33365825436e-13, 2.71388966665e-14, 6.81177119918e-14, 2.34873189962e-14, 4.73068790426e-15, 2.37103156661e-15],
        "max": [0.00284313503653, 0.00435079587623, 0.00154606020078, 0.00338862789795, 0.00106341880746, 0.000730097293854, 0.000314407749102, 0.000680710014421, 0.00244619231671, 0.000856641505379, 0.00115823431406, 0.0012368413154, 0.00086002482567, 0.000889826391358, 0.000114478032629, 0.000157805072377, 0.000456388865132, 0.000709688814823, 0.00096083531389, 0.00142380269244, 0.00151800597087, 0.00131801364478, 0.000997150898911, 0.000404803722631, 0.000648800400086, 0.0003779407416, 0.00022750190692, 9.99869516818e-05, 5.1889608585e-05, 0.000118614370876, 5.26914554939e-05, 2.7916927138e-05, 5.4256461226e-06, 3.09250185637e-06, 4.46584908786e-06, 1.87044554423e-06, 3.25050859828e-06, 1.45913872984e-06, 5.92161143231e-07, 3.8833167082e-07],
        "mean": [0.000329600967234, 0.000424671481596, 0.000237255415414, 0.000295148201985, 0.000120584089018, 5.68394643778e-05, 2.58443342318e-05, 3.46181514033e-05, 6.78703654557e-05, 7.33219931135e-05, 7.88329271018e-05, 6.29780552117e-05, 5.04950112372e-05, 4.67614881927e-05, 1.37196420837e-05, 1.87276891666e-05, 6.23062369414e-05, 0.000120984361274, 0.000129722655402, 0.000163685646839, 0.000189095531823, 0.000169234146597, 0.000110353044875, 5.56324630452e-05, 7.60244438425e-05, 4.44944416813e-05, 2.69081901934e-05, 1.34885131047e-05, 6.4891501097e-06, 1.10831069833e-05, 4.80609469378e-06, 2.51952292274e-06, 1.00548254522e-06, 1.52906011408e-07, 1.07487672096e-07, 1.74238593331e-07, 2.58948205101e-07, 1.77576680471e-07, 1.11410379589e-07, 7.30618339162e-08],
        "median": [0.000129337160615, 0.000210932135815, 0.000156148598762, 0.000125553342514, 5.16685468028e-05, 2.74954236374e-05, 1.57186004799e-05, 1.94941894733e-05, 2.65389353444e-05, 4.02641744586e-05, 3.62668106391e-05, 3.33574644173e-05, 3.01036852761e-05, 2.93600933219e-05, 9.10874950932e-06, 1.15161328722e-05, 3.95262613893e-05, 8.84373876033e-05, 8.88798967935e-05, 0.000105080005596, 0.000133736204589, 0.000126507555251, 7.80019763624e-05, 3.95605311496e-05, 5.7046454458e-05, 3.25506989611e-05, 1.9408253138e-05, 1.07707001007e-05, 4.78481706523e-06, 8.34499587654e-06, 3.65240975952e-06, 1.84208363407e-06, 8.27521546398e-07, 9.09408299776e-08, 5.82493058232e-08, 9.99916665023e-08, 1.37797343314e-07, 1.09953276706e-07, 7.17707351328e-08, 5.48610472606e-08],
        "min": [7.85685301707e-07, 3.67348252439e-06, 4.45505975222e-06, 4.26687711297e-06, 1.67942641838e-06, 5.24606491581e-07, 6.68780728574e-07, 4.90634420203e-07, 2.27821161047e-07, 3.57661633643e-07, 3.20428966916e-07, 6.77669618199e-07, 1.11912083867e-06, 1.02416493064e-06, 1.58297794428e-07, 4.12492482837e-07, 2.80698827737e-06, 3.03892215925e-06, 5.88778812016e-06, 1.25173173728e-05, 1.74627457454e-05, 1.65787332662e-05, 8.07067408459e-06, 6.55230314806e-06, 1.39330659295e-05, 7.16002023182e-06, 3.90458171751e-06, 1.08374274532e-06, 7.33024876354e-07, 1.53637063249e-06, 7.65117079027e-07, 3.0306955523e-07, 7.48800204065e-08, 1.04170760906e-08, 7.00479674265e-09, 8.79818529143e-09, 1.6502857747e-08, 9.81902825714e-09, 6.30513996569e-09, 2.20593054934e-09],
        "var": [2.81645782252e-07, 2.64402871153e-07, 5.30070956017e-08, 1.76710514666e-07, 2.75961102858e-08, 8.00841881698e-09, 1.18173648644e-09, 2.43018427604e-09, 3.02130622742e-08, 8.46451442271e-09, 1.39867415427e-08, 1.08155937539e-08, 5.39117106513e-09, 4.21973656017e-09, 2.1089964497e-10, 4.9882253883e-10, 3.7883327586e-09, 1.19893233119e-08, 1.5631812289e-08, 3.0227631953e-08, 3.04777643123e-08, 2.39452511153e-08, 1.07771498392e-08, 2.17839324357e-09, 3.94716881402e-09, 1.35499833576e-09, 5.48260881139e-10, 1.00639926948e-10, 2.87101748625e-11, 8.49409292902e-11, 1.84178210877e-11, 7.11442319987e-12, 4.99072300413e-13, 5.16986728763e-14, 5.07134380334e-14, 3.27438780029e-14, 8.79189570539e-14, 3.20393905363e-14, 9.26595429616e-15, 3.83939875606e-15]
    },
    "mfcc": {
        "mean": [-626.67376709, 103.998291016, -68.0134735107, 50.9314613342, 14.3675107956, -1.94208204746, 3.55016255379, 2.43852090836, 18.2797718048, -1.13624811172, -6.79193210602, -5.94607639313, -11.2518262863],
        "cov": [[419.048187256, -143.745925903, 35.2876052856, -126.150909424, -76.538520813, -6.52430963516, 13.6495447159, -26.8687133789, -25.2080440521, 2.77584385872, -17.0662136078, -6.7592754364, 5.6293182373], [-143.745925903, 549.575622559, 59.2110595703, 81.9296798706, -76.0459136963, -1.07347905636, 27.8695011139, 6.31013584137, 14.7560920715, 5.94971895218, 48.8588981628, -23.5233631134, -40.6841011047], [35.2876052856, 59.2110595703, 113.79132843, 49.2945861816, -10.7857379913, -10.5866327286, 7.95179176331, 10.5466957092, 7.26167583466, 10.8515205383, 16.0540275574, -8.76513576508, -1.71673941612], [-126.150909424, 81.9296798706, 49.2945861816, 154.64263916, 65.5559005737, -5.12947034836, 2.36963176727, 19.1775665283, 8.18782615662, 15.4231824875, 27.1955680847, 13.4167404175, 3.05832028389], [-76.538520813, -76.0459136963, -10.7857379913, 65.5559005737, 118.483375549, 30.6857872009, -1.42169082165, 9.8687915802, 6.11872959137, 6.86754226685, 16.7266616821, 25.2910060883, 13.0177631378], [-6.52430963516, -1.07347905636, -10.5866327286, -5.12947034836, 30.6857872009, 81.7610473633, 25.8923931122, -10.670343399, -2.08026528358, -0.36840480566, 2.33502030373, -5.62840127945, 1.84770774841], [13.6495447159, 27.8695011139, 7.95179176331, 2.36963176727, -1.42169082165, 25.8923931122, 94.2236557007, 59.5322227478, 21.9234542847, 15.922451973, 14.4420957565, 14.4339313507, 16.5354709625], [-26.8687133789, 6.31013584137, 10.5466957092, 19.1775665283, 9.8687915802, -10.670343399, 59.5322227478, 107.186515808, 54.3761138916, 24.0732917786, 8.60908126831, 23.7246837616, 29.1423225403], [-25.2080440521, 14.7560920715, 7.26167583466, 8.18782615662, 6.11872959137, -2.08026528358, 21.9234542847, 54.3761138916, 82.7355804443, 41.8277587891, 7.22541475296, 0.673280835152, 17.5580673218], [2.77584385872, 5.94971895218, 10.8515205383, 15.4231824875, 6.86754226685, -0.36840480566, 15.922451973, 24.0732917786, 41.8277587891, 73.7720413208, 28.4501457214, 2.49052906036, 13.3456745148], [-17.0662136078, 48.8588981628, 16.0540275574, 27.1955680847, 16.7266616821, 2.33502030373, 14.4420957565, 8.60908126831, 7.22541475296, 28.4501457214, 70.1902084351, 31.0173187256, 3.23187232018], [-6.7592754364, -23.5233631134, -8.76513576508, 13.4167404175, 25.2910060883, -5.62840127945, 14.4339313507, 23.7246837616, 0.673280835152, 2.49052906036, 31.0173187256, 80.6443252563, 29.5338783264], [5.6293182373, -40.6841011047, -1.71673941612, 3.05832028389, 13.0177631378, 1.84770774841, 16.5354709625, 29.1423225403, 17.5580673218, 13.3456745148, 3.23187232018, 29.5338783264, 67.1614532471]],
