{
"lowlevel": {
    "average_loudness": 0.988582134247,
    "barkbands_crest": {
        "dmean": 4.51570367813,
        "dmean2": 8.11548233032,
        "dvar": 6.79109525681,
        "dvar2": 20.839553833,
        "max": 22.9929485321,
        "mean": 15.4813432693,
        "median": 15.6278915405,
        "min": 6.22434091568,
        "var": 15.4172000885
    },
    "barkbands_flatness_db": {
        "dmean": 0.0313680209219,
        "dmean2": 0.0561802797019,
        "dvar": 0.000414459820604,
        "dvar2": 0.00115162390284,
        "max": 0.287271410227,
        "mean": 0.226643562317,
        "median": 0.229555144906,
        "min": 0.0922313705087,
        "var": 0.000894506985787
    },
    "barkbands_kurtosis": {
        "dmean": 2.56280636787,
        "dmean2": 4.78822422028,
        "dvar": 4.32612228394,
        "dvar2": 12.3473758698,
        "max": 12.6875581741,
        "mean": 2.23849964142,
        "median": 1.53920078278,
        "min": -1.43565773964,
        "var": 5.25135803223
    },
    "barkbands_skewness": {
        "dmean": 0.465323746204,
        "dmean2": 0.81389772892,
        "dvar": 0.117570862174,
        "dvar2": 0.356846600771,
        "max": 1.56789040565,
        "mean": 0.58410680294,
        "median": 0.593355953693,
        "min": -2.09422898293,
        "var": 0.178341075778
    },
    "barkbands_spread": {
        "dmean": 4.67236804962,
        "dmean2": 8.49785518646,
        "dvar": 8.747797966,
        "dvar2": 24.4251594543,
        "max": 34.4150619507,
        "mean": 10.5306921005,
        "median": 9.81662559509,
        "min": 3.07868337631,
        "var": 26.3439865112
    },
    "dissonance": {
        "dmean": 0.0410484485328,
        "dmean2": 0.0673611909151,
        "dvar": 0.000977363204584,
        "dvar2": 0.00273225991987,
        "max": 0.493690341711,
        "mean": 0.412088155746,
        "median": 0.413920342922,
        "min": 0.274306684732,
        "var": 0.00157987815328
    },
    "dynamic_complexity": 0.535851180553,
    "erbbands_crest": {
        "dmean": 4.70218467712,
        "dmean2": 8.27749061584,
        "dvar": 9.35849189758,
        "dvar2": 26.1200065613,
        "max": 27.6908493042,
        "mean": 19.2892494202,
        "median": 19.8632907867,
        "min": 6.47059011459,
        "var": 20.0191555023
    },
    "erbbands_flatness_db": {
        "dmean": 0.0314757190645,
        "dmean2": 0.0555340722203,
        "dvar": 0.000386356317904,
        "dvar2": 0.00112841371447,
        "max": 0.350724250078,
        "mean": 0.288718014956,
        "median": 0.289415985346,
        "min": 0.142618447542,
        "var": 0.000821533205453
    },
    "erbbands_kurtosis": {
        "dmean": 2.99630045891,
        "dmean2": 5.6047077179,
        "dvar": 6.38730096817,
        "dvar2": 16.5968894958,
        "max": 16.6803627014,
        "mean": 1.58531653881,
        "median": 0.66032409668,
        "min": -1.24193370342,
        "var": 6.98462438583
    },
    "erbbands_skewness": {
        "dmean": 0.818982422352,
        "dmean2": 1.51405870914,
        "dvar": 0.242334187031,
        "dvar2": 0.649568676949,
        "max": 3.10957050323,
        "mean": 0.962789714336,
        "median": 0.91024929285,
        "min": -2.57239103317,
        "var": 0.622057080269
    },
    "erbbands_spread": {
        "dmean": 7.832883358,
        "dmean2": 14.4314861298,
        "dvar": 23.1527671814,
        "dvar2": 69.8272247314,
        "max": 34.3715286255,
        "mean": 15.8477926254,
        "median": 15.4158086777,
        "min": 4.97200965881,
        "var": 38.6544647217
    },
    "hfc": {
        "dmean": 11.442858696,
        "dmean2": 19.5429401398,
        "dvar": 157.640213013,
        "dvar2": 447.242858887,
        "max": 152.914138794,
        "mean": 30.3468742371,
        "median": 30.2852249146,
        "min": 0.35964268446,
        "var": 148.234054565
    },
    "melbands_crest": {
        "dmean": 3.73573660851,
        "dmean2": 6.56930685043,
        "dvar": 6.01457977295,
        "dvar2": 19.8241043091,
        "max": 24.1686210632,
        "mean": 15.9244232178,
        "median": 16.0521068573,
        "min": 7.94022464752,
        "var": 10.9288644791
    },
    "melbands_flatness_db": {
        "dmean": 0.0248060394078,
        "dmean2": 0.0421687439084,
        "dvar": 0.000343788444297,
        "dvar2": 0.00096614449285,
        "max": 0.331609249115,
        "mean": 0.268326252699,
        "median": 0.270673722029,
        "min": 0.0928226709366,
        "var": 0.000835896586068
    },
    "melbands_kurtosis": {
        "dmean": 2.13063240051,
        "dmean2": 3.87621045113,
        "dvar": 2.94226789474,
        "dvar2": 8.99728965759,
        "max": 10.0875740051,
        "mean": 2.70571660995,
        "median": 2.33073186874,
        "min": -1.62428247929,
        "var": 3.63691544533
    },
    "melbands_skewness": {
        "dmean": 0.731549918652,
        "dmean2": 1.32288956642,
        "dvar": 0.205675363541,
        "dvar2": 0.685753583908,
        "max": 2.10400676727,
        "mean": 0.670563995838,
        "median": 0.687308132648,
        "min": -0.822506308556,
        "var": 0.312385797501
    },
    "melbands_spread": {
        "dmean": 5.89895391464,
        "dmean2": 10.3792915344,
        "dvar": 17.4087104797,
        "dvar2": 40.3218650818,
        "max": 72.7853012085,
        "mean": 17.2014770508,
        "median": 15.8857498169,
        "min": 5.80867338181,
        "var": 78.2227325439
    },
    "pitch_salience": {
        "dmean": 0.0924566835165,
        "dmean2": 0.168614506721,
        "dvar": 0.00395867927,
        "dvar2": 0.0120674483478,
        "max": 0.768476605415,
        "mean": 0.512341618538,
        "median": 0.525255024433,
        "min": 0.320633769035,
        "var": 0.00573819642887
    },
    "silence_rate_20dB": {
        "dmean": 0,
        "dmean2": 0,
        "dvar": 0,
        "dvar2": 0,
        "max": 1,
        "mean": 1,
        "median": 1,
        "min": 1,
        "var": 0
    },
    "silence_rate_30dB": {
        "dmean": 0,
        "dmean2": 0,
        "dvar": 0,
        "dvar2": 0,
        "max": 1,
        "mean": 1,
        "median": 1,
        "min": 1,
        "var": 0
    },
    "silence_rate_60dB": {
        "dmean": 0,
        "dmean2": 0,
        "dvar": 0,
        "dvar2": 0,
        "max": 0,
        "mean": 0,
        "median": 0,
        "min": 0,
        "var": 0
    },
    "spectral_centroid": {
        "dmean": 153.295074463,
        "dmean2": 249.150024414,
        "dvar": 12868.6611328,
        "dvar2": 30277.2773438,
        "max": 2510.56665039,
        "mean": 998.478149414,
        "median": 951.020751953,
        "min": 663.437683105,
        "var": 66283.828125
    },
    "spectral_complexity": {
        "dmean": 3.14761900902,
        "dmean2": 5.20095682144,
        "dvar": 7.13535165787,
        "dvar2": 17.1844921112,
        "max": 41,
        "mean": 17.7535552979,
        "median": 18,
        "min": 2,
        "var": 13.7876176834
    },
    "spectral_decrease": {
        "dmean": 3.06325365074e-09,
        "dmean2": 5.14238385207e-09,
        "dvar": 3.97689330643e-18,
        "dvar2": 1.3341633323e-17,
        "max": -1.4903255019e-10,
        "mean": -9.89976456367e-09,
        "median": -1.00564321315e-08,
        "min": -1.61869628812e-08,
        "var": 8.63454963955e-18
    },
    "spectral_energy": {
        "dmean": 0.0125603564084,
        "dmean2": 0.0211313571781,
        "dvar": 7.09157902747e-05,
        "dvar2": 0.000233550483244,
        "max": 0.0688832998276,
        "mean": 0.0401164740324,
        "median": 0.0406837649643,
        "min": 0.000595105637331,
        "var": 0.000141269876622
    },
    "spectral_energyband_high": {
        "dmean": 3.02176104015e-05,
        "dmean2": 5.0580190873e-05,
        "dvar": 1.80918959813e-08,
        "dvar2": 3.57980880494e-08,
        "max": 0.00167895294726,
        "mean": 6.1775870563e-05,
        "median": 4.39287177869e-05,
        "min": 4.53683878732e-06,
        "var": 2.02142231842e-08
    },
    "spectral_energyband_low": {
        "dmean": 0.000709798012394,
        "dmean2": 0.00112976692617,
        "dvar": 3.40824556133e-07,
        "dvar2": 7.69346513607e-07,
        "max": 0.00583608262241,
        "mean": 0.00163768371567,
        "median": 0.00148172024637,
        "min": 5.71244418097e-05,
        "var": 6.11563336861e-07
    },
    "spectral_energyband_middle_high": {
        "dmean": 0.00474029732868,
        "dmean2": 0.00854007620364,
        "dvar": 3.1052641134e-05,
        "dvar2": 8.40401771711e-05,
        "max": 0.0597166083753,
        "mean": 0.00839808303863,
        "median": 0.0076212384738,
        "min": 9.82151686912e-05,
        "var": 2.62215726252e-05
    },
    "spectral_energyband_middle_low": {
        "dmean": 0.00941781606525,
        "dmean2": 0.0162773635238,
        "dvar": 4.11676410295e-05,
        "dvar2": 0.000126160593936,
        "max": 0.0559938177466,
        "mean": 0.0301159713417,
        "median": 0.0316590256989,
        "min": 0.000433076056652,
        "var": 0.00011024325795
    },
    "spectral_entropy": {
        "dmean": 0.217778578401,
        "dmean2": 0.37216886878,
        "dvar": 0.0216435585171,
        "dvar2": 0.0630924403667,
        "max": 8.00629425049,
        "mean": 6.9342045784,
        "median": 6.9300236702,
        "min": 6.4484577179,
        "var": 0.0458968393505
    },
    "spectral_flux": {
        "dmean": 0.0212524533272,
        "dmean2": 0.0386706627905,
        "dvar": 0.000353173905751,
        "dvar2": 0.00085983419558,
        "max": 0.205200210214,
        "mean": 0.0992075502872,
        "median": 0.0951407626271,
        "min": 0.0422260984778,
        "var": 0.000454611843452
    },
    "spectral_kurtosis": {
        "dmean": 5.97160434723,
        "dmean2": 10.3862886429,
        "dvar": 19.2541694641,
        "dvar2": 61.572681427,
        "max": 26.7343959808,
        "mean": 11.0732402802,
        "median": 10.0135240555,
        "min": 3.44009447098,
        "var": 26.8687267303
    },
    "spectral_rms": {
        "dmean": 0.00101335975341,
        "dmean2": 0.00170026754495,
        "dvar": 5.24467225205e-07,
        "dvar2": 1.54062263391e-06,
        "max": 0.00819775648415,
        "mean": 0.0061719766818,
        "median": 0.00630011735484,
        "min": 0.000761965173297,
        "var": 1.04469984308e-06
    },
    "spectral_rolloff": {
        "dmean": 255.219680786,
        "dmean2": 452.403442383,
        "dvar": 64377.234375,
        "dvar2": 137470.671875,
        "max": 3186.9140625,
        "mean": 1038.59399414,
        "median": 904.39453125,
        "min": 667.529296875,
        "var": 165644.609375
    },
    "spectral_skewness": {
        "dmean": 0.526365935802,
        "dmean2": 0.916055977345,
        "dvar": 0.164079189301,
        "dvar2": 0.523493885994,
        "max": 4.11073064804,
        "mean": 1.9348038435,
        "median": 1.85065162182,
        "min": 1.01375508308,
        "var": 0.224809795618
    },
    "spectral_spread": {
        "dmean": 294837.875,
        "dmean2": 435532.0625,
        "dvar": 625593352192,
        "dvar2": 521423355904,
        "max": 15306711,
        "mean": 2167037,
        "median": 2059335.25,
        "min": 1730371.5,
        "var": 920003477504
    },
    "spectral_strongpeak": {
        "dmean": 1.50542390347,
        "dmean2": 2.625664711,
        "dvar": 1.17459559441,
        "dvar2": 3.15508913994,
        "max": 10.1469306946,
        "mean": 3.46095967293,
        "median": 3.69982099533,
        "min": 0.025622587651,
        "var": 2.08532834053
    },
    "zerocrossingrate": {
        "dmean": 0.0041155135259,
        "dmean2": 0.00524960737675,
        "dvar": 2.17181477637e-05,
        "dvar2": 3.03294109472e-05,
        "max": 0.1142578125,
        "mean": 0.0411868691444,
        "median": 0.0400390625,
        "min": 0.00927734375,
        "var": 8.94781696843e-05
    },
    "barkbands": {
        "dmean": [1.38107252496e-05, 0.000633065123111, 0.000129722597194, 0.000129710417241, 0.0047029000707, 8.06974858278e-05, 6.39534700895e-05, 0.000177956128027, 0.0128569221124, 0.00271174032241, 0.000158079215907, 0.00182158383541, 8.01787755336e-05, 0.000280540814856, 0.000255098741036, 0.00107883510645, 0.000730287458282, 0.000228971082834, 0.000102495665487, 2.03509698622e-05, 1.70991825144e-05, 5.25481800651e-06, 1.60679087458e-06, 1.93201117327e-06, 1.76758976522e-06, 2.56268464227e-07, 6.05843197832e-08],
        "dmean2": [2.16622920561e-05, 0.00101140118204, 0.000200704162125, 0.000224814517424, 0.00870919320732, 0.000148834005813, 0.000117511437566, 0.000348217901774, 0.0232622288167, 0.00513245211914, 0.000293802033411, 0.00336020928808, 0.000149068626342, 0.000459716509795, 0.0004305614857, 0.00179622229189, 0.00121225067414, 0.000406720238971, 0.0001789618982, 3.54139156116e-05, 2.70058772003e-05, 8.77845195646e-06, 2.7618416425e-06, 3.18500656249e-06, 3.37937922268e-06, 3.79857965527e-07, 7.73476500626e-08],
        "dvar": [1.12511211459e-09, 2.56732420212e-07, 1.59858188908e-08, 3.1354378649e-08, 1.73310272658e-05, 1.07452365228e-07, 4.39001546226e-09, 2.52043115267e-08, 5.84550471103e-05, 3.69040981241e-06, 2.94433100123e-08, 2.42313831222e-06, 4.30363877868e-09, 7.1163725579e-08, 6.43613446982e-08, 7.06284890839e-06, 2.20755669034e-06, 1.84613398346e-07, 7.16626900044e-08, 2.58891885707e-09, 3.98253829914e-09, 8.48602021986e-10, 2.86670895355e-11, 1.88046425653e-10, 2.56373283714e-10, 2.57947200925e-12, 2.56428640258e-13],
        "dvar2": [1.1967276059e-09, 5.60499984203e-07, 3.79665472394e-08, 8.82113511125e-08, 5.30268916918e-05, 3.06712365727e-07, 1.1969974345e-08, 6.27825471611e-08, 0.000186013960047, 1.03770425994e-05, 7.49190789406e-08, 6.89923535901e-06, 1.24853754002e-08, 1.88552647273e-07, 1.94092223182e-07, 2.06867844099e-05, 5.43356100025e-06, 5.22993161667e-07, 2.00300618758e-07, 7.0554713183e-09, 8.55195469995e-09, 1.73104619527e-09, 7.36850719329e-11, 4.80916806378e-10, 7.56170126515e-10, 5.66301085886e-12, 2.6559993354e-13],
        "max": [0.000525261391886, 0.00531002925709, 0.00104614894371, 0.00126104347873, 0.0304309055209, 0.00364047288895, 0.000577081809752, 0.00069595471723, 0.0513438731432, 0.0104585308582, 0.00171658385079, 0.0108398739249, 0.000339332909789, 0.00151045259554, 0.00181062647607, 0.0285301543772, 0.0198477935046, 0.00482457038015, 0.00305346539244, 0.000651048263535, 0.000827106530778, 0.000356616685167, 6.57482960378e-05, 0.000163929915288, 0.000170176601387, 1.86701363418e-05, 7.39702909414e-06],
        "mean": [1.74903816514e-05, 0.00123271020129, 0.00035207127803, 0.000129098611069, 0.00664885295555, 7.10543390596e-05, 8.04065930424e-05, 0.00011465602438, 0.0229254476726, 0.0023910603486, 0.000129173466121, 0.00214326404966, 8.45875983941e-05, 0.000401601369958, 0.000374019582523, 0.00152329844423, 0.000955440686084, 0.000312842981657, 0.000143687648233, 3.98292941099e-05, 3.04782843159e-05, 9.25168296817e-06, 2.03340141525e-06, 2.41486145569e-06, 1.34441052069e-06, 2.97332434229e-07, 1.21833053868e-07],
        "median": [1.15482798719e-05, 0.00110548431985, 0.000327705638483, 6.68371430947e-05, 0.0048843906261, 3.62913597201e-05, 6.12037110841e-05, 4.32627857663e-05, 0.0225666314363, 0.00178254081402, 6.72127061989e-05, 0.00170838239137, 6.51906739222e-05, 0.000322714069625, 0.000303342472762, 0.00115660473239, 0.000577968545258, 0.000238320950302, 0.000103306650999, 3.20915969496e-05, 2.27717409871e-05, 5.74950627197e-06, 1.35543803026e-06, 1.24853886518e-06, 4.44033815938e-07, 1.24052036199e-07, 7.67745902408e-08],
        "min": [1.16681334816e-07, 3.15413453791e-05, 2.4228854727e-06, 4.75559227198e-06, 0.000198166002519, 5.83479913985e-06, 4.14816076955e-06, 1.88338083262e-06, 0.000112837726192, 3.28693349729e-05, 7.74533691583e-06, 1.77957172127e-05, 4.90740092118e-07, 2.00309273168e-06, 5.66165817872e-06, 1.27630410134e-05, 6.88507134328e-06, 6.1256087065e-06, 5.14389466844e-06, 1.22562448723e-06, 9.20223214962e-07, 4.95336905715e-07, 3.92520178139e-07, 3.81965946872e-07, 1.26127048361e-07, 2.14498552253e-08, 1.39470142102e-08],
        "var": [1.38665312566e-09, 5.22981508766e-07, 3.10818535354e-08, 2.7386695578e-08, 3.27638372255e-05, 6.42846558208e-08, 5.42804157178e-09, 2.03585521774e-08, 0.000115461516543, 4.1191760829e-06, 2.91045605394e-08, 2.42672535933e-06, 4.39541869568e-09, 8.47546743898e-08, 6.99027467022e-08, 4.30505861004e-06, 2.87773514174e-06, 1.3588906711e-07, 4.9010665748e-08, 2.64852828558e-09, 4.2479033624e-09, 8.93368601318e-10, 2.34811614597e-11, 1.40309944219e-10, 1.36422720343e-10, 2.26922603971e-12, 2.60084705508e-13]
    },
    "erbbands": {
        "dmean": [0.0171016082168, 0.154261812568, 0.211242944002, 0.367264598608, 9.7528181076, 19.1372013092, 1.51517248154, 0.714422762394, 0.642286300659, 1.46106433868, 63.3623657227, 345.408782959, 44.9393196106, 83.9240875244, 42.9014892578, 46.8059425354, 5.7155122757, 15.2478923798, 12.4281949997, 39.0479927063, 53.4076118469, 43.4712181091, 17.6264858246, 8.83411121368, 2.31361365318, 1.01275873184, 0.693853080273, 0.549070835114, 0.256550103426, 0.0670083016157, 0.0471459701657, 0.0550557374954, 0.0220556743443, 0.0270883701742, 0.00721217412502, 0.00146339274943, 0.000406446459237, 7.88539764471e-05, 1.17635236165e-05, 1.47342925629e-05],
        "dmean2": [0.0306504610926, 0.233724683523, 0.314098447561, 0.646626353264, 17.6880168915, 35.3317565918, 2.73296070099, 1.32413840294, 1.15462982655, 2.61069655418, 114.399215698, 622.555603027, 83.166519165, 156.828094482, 79.0974121094, 86.9231948853, 10.7112369537, 25.7396030426, 21.3741931915, 63.8825340271, 91.4363632202, 73.0830307007, 30.6846809387, 15.5627384186, 4.02852725983, 1.74050652981, 1.12245166302, 0.940296173096, 0.40886464715, 0.122518748045, 0.0801518708467, 0.0936413481832, 0.0353851243854, 0.0514955036342, 0.0136764068156, 0.00220335950144, 0.000596306927036, 0.000117877250887, 1.65979072335e-05, 2.4629800464e-05],
        "dvar": [0.000158014910994, 0.0154904797673, 0.0335475057364, 0.138430818915, 82.3054428101, 247.458297729, 2.02416324615, 10.0335912704, 0.480656772852, 1.26361322403, 1594.88000488, 40857.953125, 808.337402344, 3412.72192383, 1196.82189941, 1586.83288574, 20.4096813202, 218.597061157, 132.764251709, 1650.0748291, 29494.9824219, 8620.29589844, 610.427978516, 779.815856934, 55.3345527649, 7.66179323196, 5.25680780411, 5.33759069443, 2.13902831078, 0.0847339183092, 0.0300906132907, 0.156430721283, 0.0221734084189, 0.0588817931712, 0.00407491950318, 8.95771663636e-05, 6.26792825642e-06, 3.19214706224e-07, 4.99218000272e-09, 1.2150101758e-10],
        "dvar2": [0.000411639630329, 0.0325348861516, 0.0728236138821, 0.422019451857, 260.805480957, 777.429077148, 5.92472362518, 28.8802165985, 1.32242846489, 3.82442879677, 5230.14990234, 130085.484375, 2354.62255859, 10105.3554688, 3485.16479492, 4458.84814453, 55.3473205566, 579.623291016, 393.39654541, 4713.14501953, 85835.796875, 21771.2753906, 1610.78588867, 2220.09228516, 158.525939941, 20.3102893829, 12.9942340851, 10.4212064743, 4.63666963577, 0.16761289537, 0.0760548710823, 0.413777291775, 0.0556847862899, 0.172921523452, 0.0119740562513, 0.000209231089684, 1.35944255817e-05, 6.69946700782e-07, 5.05352693025e-09, 3.46957546027e-10],
        "max": [0.121034786105, 1.3117171526, 1.34868574142, 2.62646198273, 65.8810806274, 108.773757935, 12.3675889969, 35.0049057007, 5.24466133118, 9.24962520599, 300.09765625, 1294.80004883, 144.765045166, 343.551269531, 240.593887329, 259.434143066, 25.5300960541, 78.9186477661, 86.3024597168, 309.889099121, 1888.15771484, 1238.93164062, 286.752716064, 320.69543457, 84.8741760254, 35.2670707703, 30.1168365479, 28.5799236298, 18.3163948059, 3.2715921402, 2.1317691803, 4.66189527512, 1.794459939, 2.59663963318, 0.679967224598, 0.113069869578, 0.0283155813813, 0.00549925211817, 0.0010598199442, 0.000123285833979],
        "mean": [0.028458731249, 0.303483456373, 0.529224038124, 0.589500188828, 14.520524025, 23.6590805054, 1.94175064564, 0.701532185078, 0.90095770359, 2.89217805862, 109.79800415, 630.015197754, 58.8525390625, 77.3623809814, 50.0657577515, 53.5353355408, 6.64187288284, 19.7948150635, 18.4815979004, 52.943687439, 69.157409668, 58.7075881958, 24.6276378632, 11.9066734314, 3.72412538528, 1.98738873005, 1.25339150429, 0.986935794353, 0.418756783009, 0.108543403447, 0.0610704161227, 0.062703423202, 0.0301431696862, 0.0216698218137, 0.00534046022221, 0.00184442440514, 0.000412673718529, 7.91314669186e-05, 3.52040297003e-05, 4.88732694066e-05],
        "median": [0.0254584029317, 0.275292783976, 0.486798971891, 0.474133014679, 10.3435621262, 17.3520011902, 1.61241960526, 0.384233474731, 0.722012519836, 2.64066290855, 111.714935303, 612.21673584, 49.7939872742, 58.4521865845, 38.4446296692, 40.9646224976, 5.3657078743, 14.8510131836, 15.6334762573, 43.7198677063, 48.810798645, 36.1461219788, 17.5308971405, 8.65503787994, 2.75639557838, 1.57803368568, 0.983735740185, 0.707687437534, 0.25374007225, 0.0686476528645, 0.0401933863759, 0.031192092225, 0.0171973221004, 0.00789498444647, 0.00154271465726, 0.000936425640248, 0.000129673440824, 2.01757757168e-05, 3.0117260394e-05, 4.91356986458e-05],
        "min": [0.00152774713933, 0.00485979951918, 0.00437428615987, 0.0479336231947, 0.337473720312, 0.772766232491, 0.19024400413, 0.0884638875723, 0.0596461780369, 0.247588202357, 0.885087192059, 2.80620646477, 1.1817458868, 0.961275935173, 0.672323286533, 0.532667279243, 0.0442158617079, 0.0591486394405, 0.230969578028, 0.498917281628, 0.592234730721, 0.386297166348, 0.248067945242, 0.444973438978, 0.135161474347, 0.064215682447, 0.0362902805209, 0.0387612320483, 0.0201108083129, 0.018037237227, 0.0107920812443, 0.00869315490127, 0.00564208300784, 0.00236759963445, 0.000462902418803, 0.000192768449779, 1.97900972125e-05, 5.48326443095e-06, 9.64099854173e-06, 6.48879995424e-06],
        "var": [0.000325280299876, 0.0311720706522, 0.0620403327048, 0.185341224074, 158.515625, 433.518890381, 2.37009096146, 5.87587690353, 0.490838468075, 2.04089164734, 2779.84179688, 85256.1015625, 1085.59533691, 4036.0065918, 1277.14355469, 1551.79504395, 21.2657527924, 242.155090332, 147.934997559, 1695.5402832, 17649.4375, 10684.3730469, 640.281616211, 501.628631592, 38.6403274536, 7.47420167923, 4.96857023239, 5.963367939, 2.09672737122, 0.0898198336363, 0.0248289443552, 0.110007815063, 0.017084389925, 0.0317566692829, 0.00218699709512, 7.47613958083e-05, 5.46634601051e-06, 2.56562202594e-07, 5.13564879512e-09, 2.13366019297e-10]
    },
    "gfcc": {
        "mean": [-32.6422157288, 151.965332031, -171.830032349, 11.9375038147, -33.6170196533, 3.07594394684, -11.2084636688, 17.0923461914, -10.4757814407, -32.0731735229, -32.1456680298, -19.6238574982, 4.68467950821],
        "cov": [[351.63571167, -30.8809871674, -49.9820327759, 33.0837135315, 8.18845939636, -11.1608400345, -47.1775817871, -43.9369049072, -47.0815696716, 1.8198312521, -13.029127121, -1.97002887726, 4.36196231842], [-30.8809871674, 208.836303711, -40.2866783142, -64.2115936279, 18.6521167755, 23.4742240906, 73.3489456177, -18.5308933258, -1.18632149696, -32.9487838745, 16.2852859497, -38.0031890869, 15.214556694], [-49.9820327759, -40.2866783142, 104.926933289, 41.5015335083, -15.8544664383, -7.21305704117, -35.5144729614, -14.9504804611, -20.0821723938, -5.50514650345, -11.214217186, 19.991104126, -3.40521287918], [33.0837135315, -64.2115936279, 41.5015335083, 146.938461304, 31.8742980957, -25.6551170349, -87.1847839355, -21.7090988159, -8.74239635468, -13.740023613, -18.449262619, 20.0908203125, 0.814305603504], [8.18845939636, 18.6521167755, -15.8544664383, 31.8742980957, 46.1678543091, -1.44048142433, -18.5429286957, -3.78038573265, 7.46581411362, 0.299609959126, 1.62803435326, 1.47113394737, 1.32155907154], [-11.1608400345, 23.4742240906, -7.21305704117, -25.6551170349, -1.44048142433, 36.6146774292, 37.6636619568, 4.99746227264, 2.03867673874, 8.01616573334, 8.9006986618, -5.70731496811, 2.48928785324], [-47.1775817871, 73.3489456177, -35.5144729614, -87.1847839355, -18.5429286957, 37.6636619568, 106.371887207, 35.0551605225, 16.3006134033, 4.20820379257, 21.6645298004, -11.4642333984, 3.6420340538], [-43.9369049072, -18.5308933258, -14.9504804611, -21.7090988159, -3.78038573265, 4.99746227264, 35.0551605225, 57.7956390381, 36.0463294983, 6.37177562714, 6.98724079132, 7.45046901703, -9.34070491791], [-47.0815696716, -1.18632149696, -20.0821723938, -8.74239635468, 7.46581411362, 2.03867673874, 16.3006134033, 36.0463294983, 49.9918136597, 6.59497642517, 0.346511572599, -4.40154314041, -6.51071739197], [1.8198312521, -32.9487838745, -5.50514650345, -13.740023613, 0.299609959126, 8.01616573334, 4.20820379257, 6.37177562714, 6.59497642517, 33.4011764526, 7.58790922165, 5.47783565521, 2.32165598869], [-13.029127121, 16.2852859497, -11.214217186, -18.449262619, 1.62803435326, 8.9006986618, 21.6645298004, 6.98724079132, 0.346511572599, 7.58790922165, 28.6078243256, 12.7620363235, 3.97981286049], [-1.97002887726, -38.0031890869, 19.991104126, 20.0908203125, 1.47113394737, -5.70731496811, -11.4642333984, 7.45046901703, -4.40154314041, 5.47783565521, 12.7620363235, 42.8845367432, 4.16159296036], [4.36196231842, 15.214556694, -3.40521287918, 0.814305603504, 1.32155907154, 2.48928785324, 3.6420340538, -9.34070491791, -6.51071739197, 2.32165598869, 3.97981286049, 4.16159296036, 17.1838092804]],
        "icov": [[0.00479548005387, -0.000758521491662, 0.00550301419571, -0.00138085905928, 0.00214976933785, -0.00153111026157, 0.00231768819503, 0.000107854735688, 0.00576503993943, -0.00239522126503, 0.0038008899428, -0.00252028228715, 0.00247208820656], [-0.000758521491662, 0.0271787010133, -0.00670022796839, 0.00854984857142, -0.0239358376712, 0.0072682746686, -0.0220264568925, 0.0209019612521, -0.0106056816876, 0.0305572543293, -0.0152420001104, 0.0166735202074, -0.0174410287291], [0.00550301419571, -0.00670022796839, 0.0233124233782, -0.00663837324828, 0.0158129949123, -0.00841647107154, 0.00984429754317, -0.00217128475197, 0.0108052520081, -0.00821823719889, 0.0130318282172, -0.0149816935882, 0.0120205273852], [-0.00138085905928, 0.00854984857142, -0.00663837324828, 0.0214292090386, -0.016045389697, -0.00285231112503, 0.00755770970136, 0.00197502039373, -0.00526104215533, 0.0179220084101, -0.0022765356116, 0.00149541755673, -0.0126811889932], [0.00214976933785, -0.0239358376712, 0.0158129949123, -0.016045389697, 0.0557147711515, -0.0143774645403, 0.0260031428188, -0.0142991254106, 0.00321965757757, -0.0261555630714, 0.00708911614493, -0.0153353661299, 0.0158807709813], [-0.00153111026157, 0.0072682746686, -0.00841647107154, -0.00285231112503, -0.0143774645403, 0.057473115623, -0.0359852574766, 0.0164289921522, -0.00357287586667, -0.00706132920459, -0.0062513477169, 0.00964830163866, 0.000469522172352], [0.00231768819503, -0.0220264568925, 0.00984429754317, 0.00755770970136, 0.0260031428188, -0.0359852574766, 0.063861168921, -0.0410331897438, 0.0136104412377, -0.0102630490437, -0.000615881523117, -0.00573936803266, -0.00404408155009], [0.000107854735688, 0.0209019612521, -0.00217128475197, 0.00197502039373, -0.0142991254106, 0.0164289921522, -0.0410331897438, 0.0732133984566, -0.0390879884362, 0.0177100114524, -0.00489546079189, -0.00858929939568, 0.0141670554876], [0.00576503993943, -0.0106056816876, 0.0108052520081, -0.00526104215533, 0.00321965757757, -0.00357287586667, 0.0136104412377, -0.0390879884362, 0.055504180491, -0.0191252399236, 0.0122539037839, 0.00197526719421, 0.00675273826346], [-0.00239522126503, 0.0305572543293, -0.00821823719889, 0.0179220084101, -0.0261555630714, -0.00706132920459, -0.0102630490437, 0.0177100114524, -0.0191252399236, 0.0751576349139, -0.0255201216787, 0.0154168298468, -0.0293126124889], [0.0038008899428, -0.0152420001104, 0.0130318282172, -0.0022765356116, 0.00708911614493, -0.0062513477169, -0.000615881523117, -0.00489546079189, 0.0122539037839, -0.0255201216787, 0.073692291975, -0.0374175310135, 0.0131359258667], [-0.00252028228715, 0.0166735202074, -0.0149816935882, 0.00149541755673, -0.0153353661299, 0.00964830163866, -0.00573936803266, -0.00858929939568, 0.00197526719421, 0.0154168298468, -0.0374175310135, 0.0580733381212, -0.0275662615895], [0.00247208820656, -0.0174410287291, 0.0120205273852, -0.0126811889932, 0.0158807709813, 0.000469522172352, -0.00404408155009, 0.0141670554876, 0.00675273826346, -0.0293126124889, 0.0131359258667, -0.0275662615895, 0.0934132784605]]
    },
    "melbands": {
        "dmean": [0.00016244208382, 0.000147418264532, 0.000193757150555, 0.0013148104772, 0.000135991576826, 1.50751839101e-05, 1.11656681838e-05, 9.56509666139e-06, 0.0011151318904, 0.00186507194303, 0.000196131193661, 0.00037827421329, 7.62823183322e-05, 0.000250286015216, 2.13991334022e-05, 8.342084584e-06, 3.10301256832e-05, 1.87665264093e-05, 2.6333189453e-05, 6.51833033771e-05, 6.43943130854e-05, 4.16462498833e-05, 3.95242095692e-05, 5.62603281651e-06, 7.82362440077e-06, 2.0807058263e-06, 1.09329380393e-06, 6.56615554817e-07, 3.50408356553e-07, 5.67414303987e-07, 2.3813755945e-07, 1.56503574544e-07, 8.00029908987e-08, 2.92206596697e-08, 2.75197944433e-08, 3.02617024772e-08, 3.68102028858e-08, 1.31632615918e-08, 2.0812720436e-08, 2.41824285041e-08],
        "dmean2": [0.000273234065389, 0.000215918611502, 0.000347604625858, 0.00243692612275, 0.00025079381885, 2.79966898233e-05, 2.03473082365e-05, 1.75010864041e-05, 0.00201560603455, 0.00336146866903, 0.000376156967832, 0.000708436651621, 0.000140050935443, 0.000461536226794, 4.09440945077e-05, 1.48802155309e-05, 5.25258401467e-05, 3.30049770128e-05, 4.33052446169e-05, 0.000109553729999, 0.000111093067972, 7.05278143869e-05, 6.83776743244e-05, 9.83003428701e-06, 1.39148214657e-05, 3.75991680812e-06, 1.90170669612e-06, 1.1193166074e-06, 5.66057053675e-07, 9.1691885018e-07, 4.24873604743e-07, 2.5189078201e-07, 1.35243936938e-07, 5.08025230772e-08, 4.82010342751e-08, 4.87344742339e-08, 6.36634496232e-08, 2.11418544893e-08, 3.78552478253e-08, 4.65873988276e-08],
        "dvar": [1.5238393658e-08, 1.47676892936e-08, 3.66374877103e-08, 1.34867741508e-06, 1.06739532768e-08, 4.44165948466e-09, 1.43010076004e-10, 8.68858873737e-11, 4.43434942099e-07, 1.21161451716e-06, 2.21500791042e-08, 7.06961813535e-08, 3.94043864205e-09, 4.60986129269e-08, 3.24043292199e-10, 5.22494131294e-11, 9.12441011636e-10, 3.12608994246e-10, 5.46728107231e-10, 1.41521097063e-08, 3.6866286024e-08, 9.17351439256e-09, 2.6111917073e-09, 2.47823012112e-10, 5.95218763166e-10, 3.78856876426e-11, 6.20962482822e-12, 3.4194244658e-12, 1.11296724874e-12, 4.08867297658e-12, 1.0933714871e-12, 6.62054395681e-13, 2.52162087868e-13, 4.02997142832e-15, 4.46786332161e-15, 3.50148207683e-14, 7.10322236143e-14, 5.32036852522e-15, 3.00776147966e-14, 4.79033757377e-14],
        "dvar2": [3.71624899742e-08, 3.04415088692e-08, 1.15691435099e-07, 4.0989111767e-06, 3.36450192151e-08, 1.27352706158e-08, 3.95071114712e-10, 2.42527414818e-10, 1.46243962718e-06, 3.84067561754e-06, 5.77707162108e-08, 2.07984854228e-07, 1.15863141303e-08, 1.31923385993e-07, 7.91380128096e-10, 1.38607264555e-10, 2.40032926868e-09, 9.05144181829e-10, 1.57038737569e-09, 4.12283434059e-08, 1.06492116458e-07, 2.31588970223e-08, 6.34759000917e-09, 7.21213200272e-10, 1.68826574942e-09, 1.06520514631e-10, 1.74980516188e-11, 9.07794412558e-12, 2.6816220685e-12, 9.73033459362e-12, 2.09230831445e-12, 1.41261362416e-12, 5.17524608237e-13, 9.75018270332e-15, 1.17193123831e-14, 8.73570218441e-14, 1.91043158398e-13, 1.15617828896e-14, 8.52789383164e-14, 1.4219128533e-13],
        "max": [0.00135608948767, 0.000981907360256, 0.00127649353817, 0.00860030855983, 0.000560733140446, 0.000738211208954, 0.000100071869383, 7.6052325312e-05, 0.00495243491605, 0.00693880487233, 0.000678280717693, 0.00155250693206, 0.000427632912761, 0.00147247524001, 8.01099959062e-05, 4.69086699013e-05, 0.00015837753017, 0.000131323933601, 0.000140233838465, 0.00124571810011, 0.00210973503999, 0.00127354334109, 0.000541252666153, 0.000188959471416, 0.000277015875326, 6.94569534971e-05, 2.97540937026e-05, 2.30569494306e-05, 1.3931257854e-05, 2.63883230218e-05, 1.21198672787e-05, 1.02742023955e-05, 5.96581094214e-06, 7.72068915467e-07, 8.19297781618e-07, 2.27035002354e-06, 3.10686255034e-06, 8.88907209173e-07, 1.92910852093e-06, 2.30952150559e-06],
        "mean": [0.000315276760375, 0.000322516600136, 0.000269965588814, 0.00186195399147, 0.000147966085933, 1.35415139084e-05, 1.42905691973e-05, 1.0825321624e-05, 0.00185345194768, 0.00342248892412, 0.000158063383424, 0.00034142419463, 8.91011659405e-05, 0.000292792305117, 1.98578345589e-05, 1.04555892904e-05, 4.02698460675e-05, 2.65487651632e-05, 3.84732848033e-05, 8.79544095369e-05, 7.67778692534e-05, 5.21676120115e-05, 5.20148387295e-05, 8.94535423868e-06, 9.87421753962e-06, 2.92164963867e-06, 1.91502203961e-06, 1.14049612421e-06, 6.10923336808e-07, 9.48566139414e-07, 4.22260171717e-07, 2.55966853047e-07, 1.17829799251e-07, 3.84425895561e-08, 3.43598962615e-08, 3.62829979395e-08, 3.95132815356e-08, 2.10696580183e-08, 1.96577474298e-08, 1.78224031089e-08],
        "median": [0.000289857940516, 0.000297294231132, 0.000207009332371, 0.00133652356453, 0.000109848588181, 6.83114421918e-06, 1.12056395665e-05, 7.84940857557e-06, 0.00188581750263, 0.00334944343194, 0.000103714322904, 0.000262123707216, 6.89953594701e-05, 0.000233277940424, 1.23178342619e-05, 8.0978297774e-06, 3.01341897284e-05, 2.12863596971e-05, 3.2072995964e-05, 6.89403896104e-05, 5.29245189682e-05, 3.02622138406e-05, 3.53868490492e-05, 6.72086798659e-06, 6.8416461545e-06, 2.03102763408e-06, 1.46754655361e-06, 8.74740180734e-07, 4.71608444741e-07, 7.17953014373e-07, 2.96345973538e-07, 1.59763573038e-07, 6.33685530715e-08, 2.78835265988e-08, 2.34017889511e-08, 1.89440267917e-08, 1.94859932634e-08, 1.28955752743e-08, 8.70891536664e-09, 5.79576608928e-09],
        "min": [1.26100239868e-05, 3.48160324393e-06, 1.48643812281e-05, 4.22763368988e-05, 7.41274880056e-06, 1.42520559621e-06, 7.15254429906e-07, 5.04278887092e-07, 9.62209469435e-06, 1.72196578205e-05, 4.38721599494e-06, 4.00319049731e-06, 1.94404083231e-06, 2.4827852485e-06, 2.73883216551e-07, 5.02168759908e-08, 1.18245196745e-07, 3.2587718124e-07, 5.37701907888e-07, 8.26833854717e-07, 6.88233626533e-07, 3.78768277187e-07, 3.26662473071e-07, 2.33740166777e-07, 3.9585512468e-07, 1.31487027488e-07, 3.74719739682e-08, 4.61829188225e-08, 2.15351398936e-08, 2.8113831263e-08, 1.80470340894e-08, 1.09610027721e-08, 9.02825192384e-09, 7.12324554897e-09, 5.9620761661e-09, 4.1562220332e-09, 4.93215779329e-09, 4.52672654916e-09, 2.11938644412e-09, 1.84640858159e-09],
        "var": [3.4772238422e-08, 2.45433167123e-08, 5.09129201021e-08, 2.60702358901e-06, 1.48436365421e-08, 2.62635779791e-09, 1.52177201396e-10, 1.13323274376e-10, 8.34546597162e-07, 2.49176923717e-06, 2.14895301553e-08, 8.23107981773e-08, 4.2633043762e-09, 4.61367584137e-08, 2.97657093418e-10, 5.87593029788e-11, 1.0122294114e-09, 3.38302968972e-10, 6.80364875549e-10, 9.55626688892e-09, 2.26721645902e-08, 1.10501474637e-08, 3.30171090468e-09, 1.79478765183e-10, 3.77825049025e-10, 2.64255249627e-11, 6.46936584164e-12, 3.03078937815e-12, 1.09112426126e-12, 3.89461683389e-12, 1.23349561901e-12, 6.73300879026e-13, 2.5334083247e-13, 3.83105166988e-15, 3.81523121201e-15, 2.77833447438e-14, 4.80891639443e-14, 5.08344409251e-15, 1.77740241687e-14, 2.50765069652e-14]
    },
    "mfcc": {
        "mean": [-665.337890625, 175.603271484, -61.1026496887, 19.3110198975, 1.52977359295, -4.04542589188, 4.52555131912, 27.5708999634, 29.8285198212, 3.5364844799, -10.7189817429, -9.36901092529, -20.753736496],
        "cov": [[430.894378662, -30.9748744965, -68.5388793945, 16.9837360382, 13.1773424149, 12.1397171021, 5.49137067795, -51.1625289917, -30.8496379852, -30.1262226105, -26.9124679565, -10.1723489761, -14.2554178238], [-30.9748744965, 225.43132019, -41.872467041, -80.1182785034, -66.9759292603, 8.97859477997, 66.2353973389, 17.0931682587, 16.2205028534, 13.3510637283, 4.19634580612, -1.05214214325, 1.5188536644], [-68.5388793945, -41.872467041, 107.059867859, 29.3017711639, 7.74398183823, 4.14206838608, -13.1516971588, -1.1441065073, -19.3943080902, -17.3150157928, -16.128868103, -8.20576286316, -6.46748495102], [16.9837360382, -80.1182785034, 29.3017711639, 107.179885864, 79.623260498, 6.09328603745, -48.5972900391, -10.0937986374, -23.0516853333, -21.9893951416, -15.4270277023, -4.81129693985, -15.9261331558], [13.1773424149, -66.9759292603, 7.74398183823, 79.623260498, 100.268241882, 14.1760454178, -52.1869468689, -16.6952209473, -23.5395088196, -7.76694393158, -5.93704557419, -9.20864391327, -16.95013237], [12.1397171021, 8.97859477997, 4.14206838608, 6.09328603745, 14.1760454178, 36.5532684326, 8.14391613007, -7.52035951614, -2.44401168823, 1.70745992661, -5.92287015915, -10.8200674057, -9.90754032135], [5.49137067795, 66.2353973389, -13.1516971588, -48.5972900391, -52.1869468689, 8.14391613007, 64.6799468994, 12.4111309052, 12.5311641693, 4.58943748474, 2.52381205559, 3.17686772346, 7.75191068649], [-51.1625289917, 17.0931682587, -1.1441065073, -10.0937986374, -16.6952209473, -7.52035951614, 12.4111309052, 57.6106338501, 20.941493988, 4.20763015747, 10.9994058609, 14.0913743973, 6.71804046631], [-30.8496379852, 16.2205028534, -19.3943080902, -23.0516853333, -23.5395088196, -2.44401168823, 12.5311641693, 20.941493988, 40.3537406921, 16.9713516235, 9.46400928497, 9.85574913025, 6.07120752335], [-30.1262226105, 13.3510637283, -17.3150157928, -21.9893951416, -7.76694393158, 1.70745992661, 4.58943748474, 4.20763015747, 16.9713516235, 38.0978927612, 14.1839160919, -4.79708814621, 4.29155635834], [-26.9124679565, 4.19634580612, -16.128868103, -15.4270277023, -5.93704557419, -5.92287015915, 2.52381205559, 10.9994058609, 9.46400928497, 14.1839160919, 27.7068443298, 13.6726713181, 7.78558111191], [-10.1723489761, -1.05214214325, -8.20576286316, -4.81129693985, -9.20864391327, -10.8200674057, 3.17686772346, 14.0913743973, 9.85574913025, -4.79708814621, 13.6726713181, 35.0814094543, 14.8142786026], [-14.2554178238, 1.5188536644, -6.46748495102, -15.9261331558, -16.95013237, -9.90754032135, 7.75191068649, 6.71804046631, 6.07120752335, 4.29155635834, 7.78558111191, 14.8142786026, 34.26537323]],
