{
"lowlevel": {
    "average_loudness": 0.986064851284,
    "barkbands_crest": {
        "dmean": 3.48439741135,
        "dmean2": 5.94710111618,
        "dvar": 7.50835371017,
        "dvar2": 22.1966438293,
        "max": 24.1787910461,
        "mean": 12.0840330124,
        "median": 11.9673309326,
        "min": 4.00437068939,
        "var": 15.165230751
    },
    "barkbands_flatness_db": {
        "dmean": 0.0277186706662,
        "dmean2": 0.0435914136469,
        "dvar": 0.000437394279288,
        "dvar2": 0.00119953614194,
        "max": 0.342457413673,
        "mean": 0.209251075983,
        "median": 0.204688102007,
        "min": 0.0876448452473,
        "var": 0.00140836543869
    },
    "barkbands_kurtosis": {
        "dmean": 3.0938744545,
        "dmean2": 4.92828130722,
        "dvar": 16.5069179535,
        "dvar2": 38.9078025818,
        "max": 43.5653800964,
        "mean": 2.17586350441,
        "median": 0.222063422203,
        "min": -1.84642100334,
        "var": 26.7515201569
    },
    "barkbands_skewness": {
        "dmean": 0.780004918575,
        "dmean2": 1.21200287342,
        "dvar": 0.383749097586,
        "dvar2": 0.959201574326,
        "max": 6.35435771942,
        "mean": 1.46743988991,
        "median": 1.26570081711,
        "min": -2.09031844139,
        "var": 1.33588445187
    },
    "barkbands_spread": {
        "dmean": 6.63295984268,
        "dmean2": 10.566198349,
        "dvar": 25.1799030304,
        "dvar2": 63.7092819214,
        "max": 44.3246307373,
        "mean": 24.8993225098,
        "median": 25.7510490417,
        "min": 3.53611707687,
        "var": 78.1748352051
    },
    "dissonance": {
        "dmean": 0.010170429945,
        "dmean2": 0.0176715943962,
        "dvar": 8.37131956359e-05,
        "dvar2": 0.000212854603888,
        "max": 0.499884188175,
        "mean": 0.483402371407,
        "median": 0.485656827688,
        "min": 0.418133676052,
        "var": 0.000110334469355
    },
    "dynamic_complexity": 1.31128692627,
    "erbbands_crest": {
        "dmean": 2.42618823051,
        "dmean2": 3.99059295654,
        "dvar": 4.36466693878,
        "dvar2": 10.7502441406,
        "max": 22.0522766113,
        "mean": 9.15220355988,
        "median": 8.27395057678,
        "min": 3.66587257385,
        "var": 11.3924541473
    },
    "erbbands_flatness_db": {
        "dmean": 0.0129799749702,
        "dmean2": 0.0202586892992,
        "dvar": 0.000116391645861,
        "dvar2": 0.000252607744187,
        "max": 0.320978283882,
        "mean": 0.235818639398,
        "median": 0.233616918325,
        "min": 0.131290495396,
        "var": 0.000430898973718
    },
    "erbbands_kurtosis": {
        "dmean": 1.50465464592,
        "dmean2": 2.35077643394,
        "dvar": 2.48048877716,
        "dvar2": 6.37578439713,
        "max": 17.7957229614,
        "mean": 1.66638946533,
        "median": 1.05862045288,
        "min": -1.79344749451,
        "var": 6.58575725555
    },
    "erbbands_skewness": {
        "dmean": 0.346989661455,
        "dmean2": 0.561021506786,
        "dvar": 0.0827180221677,
        "dvar2": 0.211116656661,
        "max": 0.217136621475,
        "mean": -1.24794769287,
        "median": -1.24338197708,
        "min": -3.3796441555,
        "var": 0.254740208387
    },
    "erbbands_spread": {
        "dmean": 8.22023010254,
        "dmean2": 13.0225982666,
        "dvar": 47.778175354,
        "dvar2": 107.885223389,
        "max": 79.60206604,
        "mean": 30.2742996216,
        "median": 28.6428108215,
        "min": 4.10975599289,
        "var": 151.059387207
    },
    "hfc": {
        "dmean": 6.60315036774,
        "dmean2": 9.93801307678,
        "dvar": 54.3386917114,
        "dvar2": 120.428131104,
        "max": 98.585395813,
        "mean": 23.607465744,
        "median": 19.6415405273,
        "min": 4.37883663177,
        "var": 202.993179321
    },
    "melbands_crest": {
        "dmean": 3.6837079525,
        "dmean2": 6.00381183624,
        "dvar": 8.49726963043,
        "dvar2": 21.9684486389,
        "max": 30.0302867889,
        "mean": 18.0643730164,
        "median": 17.7334709167,
        "min": 5.01717472076,
        "var": 29.7050132751
    },
    "melbands_flatness_db": {
        "dmean": 0.0368198901415,
        "dmean2": 0.0583590939641,
        "dvar": 0.000743509328458,
        "dvar2": 0.00203887815587,
        "max": 0.439149349928,
        "mean": 0.284715205431,
        "median": 0.28031462431,
        "min": 0.133842378855,
        "var": 0.00261891679838
    },
    "melbands_kurtosis": {
        "dmean": 10.1343307495,
        "dmean2": 15.9754629135,
        "dvar": 158.089096069,
        "dvar2": 362.104492188,
        "max": 153.501617432,
        "mean": 13.3581037521,
        "median": 7.1745929718,
        "min": -1.71398317814,
        "var": 284.525360107
    },
    "melbands_skewness": {
        "dmean": 1.17304670811,
        "dmean2": 1.82245123386,
        "dvar": 0.9250613451,
        "dvar2": 2.21989583969,
        "max": 11.3085260391,
        "mean": 3.16869711876,
        "median": 2.81438469887,
        "min": -1.08827078342,
        "var": 3.01458144188
    },
    "melbands_spread": {
        "dmean": 10.0253257751,
        "dmean2": 16.3055973053,
        "dvar": 73.0302886963,
        "dvar2": 193.951034546,
        "max": 79.8762435913,
        "mean": 24.7392940521,
        "median": 22.3346176147,
        "min": 1.99148547649,
        "var": 225.473403931
    },
    "pitch_salience": {
        "dmean": 0.0871989652514,
        "dmean2": 0.142839163542,
        "dvar": 0.00527010206133,
        "dvar2": 0.0137613462284,
        "max": 0.72309088707,
        "mean": 0.42562302947,
        "median": 0.442484527826,
        "min": 0.11239964515,
        "var": 0.013681255281
    },
    "silence_rate_20dB": {
        "dmean": 0,
        "dmean2": 0,
        "dvar": 0,
        "dvar2": 0,
        "max": 1,
        "mean": 1,
        "median": 1,
        "min": 1,
        "var": 0
    },
    "silence_rate_30dB": {
        "dmean": 0,
        "dmean2": 0,
        "dvar": 0,
        "dvar2": 0,
        "max": 1,
        "mean": 1,
        "median": 1,
        "min": 1,
        "var": 0
    },
    "silence_rate_60dB": {
        "dmean": 0,
        "dmean2": 0,
        "dvar": 0,
        "dvar2": 0,
        "max": 0,
        "mean": 0,
        "median": 0,
        "min": 0,
        "var": 0
    },
    "spectral_centroid": {
        "dmean": 244.419525146,
        "dmean2": 401.303314209,
        "dvar": 38008.5820312,
        "dvar2": 98155.0234375,
        "max": 2514.81274414,
        "mean": 1543.54187012,
        "median": 1564.15917969,
        "min": 523.72833252,
        "var": 111948.960938
    },
    "spectral_complexity": {
        "dmean": 3.97754740715,
        "dmean2": 6.23529434204,
        "dvar": 10.2948236465,
        "dvar2": 23.9030838013,
        "max": 47,
        "mean": 26.5672416687,
        "median": 27,
        "min": 9,
        "var": 40.5626983643
    },
    "spectral_decrease": {
        "dmean": 3.74032094186e-09,
        "dmean2": 6.12972383962e-09,
        "dvar": 7.84369218206e-18,
        "dvar2": 2.22334071817e-17,
        "max": -2.3187494147e-09,
        "mean": -1.05748103607e-08,
        "median": -1.03969721721e-08,
        "min": -2.03580334812e-08,
        "var": 1.36547716429e-17
    },
    "spectral_energy": {
        "dmean": 0.0143509302288,
        "dmean2": 0.0235121902078,
        "dvar": 0.000115514805657,
        "dvar2": 0.000324050663039,
        "max": 0.078219383955,
        "mean": 0.042052987963,
        "median": 0.0416676141322,
        "min": 0.00934290699661,
        "var": 0.000204043011763
    },
    "spectral_energyband_high": {
        "dmean": 4.7644974984e-05,
        "dmean2": 7.47035592212e-05,
        "dvar": 8.1464914814e-09,
        "dvar2": 2.14835420564e-08,
        "max": 0.00167478108779,
        "mean": 0.000109379390778,
        "median": 7.37043301342e-05,
        "min": 7.61820683692e-06,
        "var": 2.03295549284e-08
    },
    "spectral_energyband_low": {
        "dmean": 0.0135397138074,
        "dmean2": 0.0219553038478,
        "dvar": 0.000118063879199,
        "dvar2": 0.000327474495862,
        "max": 0.0694191157818,
        "mean": 0.024960083887,
        "median": 0.0215830691159,
        "min": 0.000706050253939,
        "var": 0.000247232906986
    },
    "spectral_energyband_middle_high": {
        "dmean": 0.00325768929906,
        "dmean2": 0.00478541525081,
        "dvar": 1.30968983285e-05,
        "dvar2": 2.90684401989e-05,
        "max": 0.0465633757412,
        "mean": 0.00964970421046,
        "median": 0.00760582787916,
        "min": 0.00112641381565,
        "var": 5.15943975188e-05
    },
    "spectral_energyband_middle_low": {
        "dmean": 0.00388682936318,
        "dmean2": 0.00668506789953,
        "dvar": 1.81604209502e-05,
        "dvar2": 4.89386620757e-05,
        "max": 0.0431505590677,
        "mean": 0.00781584344804,
        "median": 0.00618466828018,
        "min": 0.000940160185564,
        "var": 3.20981562254e-05
    },
    "spectral_entropy": {
        "dmean": 0.0897825583816,
        "dmean2": 0.148841440678,
        "dvar": 0.00544295227155,
        "dvar2": 0.0144984778017,
        "max": 7.78888368607,
        "mean": 7.34937858582,
        "median": 7.35242176056,
        "min": 6.83905935287,
        "var": 0.0120221721008
    },
    "spectral_flux": {
        "dmean": 0.0259485058486,
        "dmean2": 0.0424896813929,
        "dvar": 0.000457951187855,
        "dvar2": 0.0012968017254,
        "max": 0.20855884254,
        "mean": 0.107847072184,
        "median": 0.104572929442,
        "min": 0.0413520671427,
        "var": 0.00079998729052
    },
    "spectral_kurtosis": {
        "dmean": 4.21091079712,
        "dmean2": 7.52200889587,
        "dvar": 10.6552038193,
        "dvar2": 32.4974479675,
        "max": 20.5334320068,
        "mean": 6.68730783463,
        "median": 6.06496238708,
        "min": 0.716984272003,
        "var": 14.7556762695
    },
    "spectral_rms": {
        "dmean": 0.00112636864651,
        "dmean2": 0.00184171216097,
        "dvar": 7.32226510536e-07,
        "dvar2": 2.0786424102e-06,
        "max": 0.00873565115035,
        "mean": 0.00630410900339,
        "median": 0.00637583946809,
        "min": 0.00301911099814,
        "var": 1.28551232592e-06
    },
    "spectral_rolloff": {
        "dmean": 513.226318359,
        "dmean2": 890.125793457,
        "dvar": 285780.1875,
        "dvar2": 629251.125,
        "max": 3100.78125,
        "mean": 1255.72033691,
        "median": 1636.5234375,
        "min": 86.1328125,
        "var": 614864.375
    },
    "spectral_skewness": {
        "dmean": 0.377889841795,
        "dmean2": 0.659902095795,
        "dvar": 0.0836731642485,
        "dvar2": 0.255072742701,
        "max": 2.48276925087,
        "mean": 1.05840337276,
        "median": 1.02832603455,
        "min": 0.22473821044,
        "var": 0.130708545446
    },
    "spectral_spread": {
        "dmean": 143954.765625,
        "dmean2": 241742.734375,
        "dvar": 14536086528,
        "dvar2": 35009863680,
        "max": 3380318,
        "mean": 2054122.375,
        "median": 2048676.5,
        "min": 1519117.5,
        "var": 32501610496
    },
    "spectral_strongpeak": {
        "dmean": 0.51545804739,
        "dmean2": 0.893082678318,
        "dvar": 1.60605990887,
        "dvar2": 4.12823534012,
        "max": 11.4707727432,
        "mean": 0.839158117771,
        "median": 0.438876390457,
        "min": 0.0764877349138,
        "var": 2.37902736664
    },
    "zerocrossingrate": {
        "dmean": 0.00703411735594,
        "dmean2": 0.00889297015965,
        "dvar": 3.12067350023e-05,
        "dvar2": 4.70513041364e-05,
        "max": 0.0869140625,
        "mean": 0.0409710071981,
        "median": 0.040771484375,
        "min": 0.00732421875,
        "var": 0.000222896764171
    },
    "barkbands": {
        "dmean": [6.06597568549e-05, 0.011551800184, 0.00383914122358, 0.00093204237055, 0.00330162118189, 0.000157809903612, 0.000682364625391, 0.000151613770868, 0.000335641612764, 0.000290899333777, 0.000302695436403, 0.000352342089172, 0.000175455323188, 0.00167979230173, 0.000456665147794, 0.000819744775072, 0.00078256445704, 0.000318087055348, 0.000205803662539, 6.9665707997e-05, 3.1835243135e-05, 3.70629800273e-06, 3.70432843511e-07, 4.19783674488e-07, 1.42339018794e-07, 6.48731273145e-08, 3.71791806231e-08],
        "dmean2": [0.000101284153061, 0.0194325484335, 0.00565693946555, 0.00161475536879, 0.00586038688198, 0.000266926450422, 0.00114690500777, 0.000253107078606, 0.000550166703761, 0.000480224873172, 0.000493582629133, 0.000598806480411, 0.000291647040285, 0.00245566712692, 0.000726747442968, 0.00133232306689, 0.00126961548813, 0.000514945073519, 0.000334983866196, 0.000114989801659, 5.00348578498e-05, 5.97368352828e-06, 6.20952050667e-07, 6.77413027006e-07, 2.1193915245e-07, 9.27133996242e-08, 4.02350295303e-08],
        "dvar": [6.82614320624e-09, 8.44379028422e-05, 1.63859040185e-05, 1.51458402797e-06, 1.4295769688e-05, 9.50046867843e-08, 1.34677827646e-06, 3.17618216172e-08, 1.94442961288e-07, 1.78308425802e-07, 3.61424042694e-07, 6.60773139316e-07, 4.59958471311e-08, 4.94670393891e-06, 3.45417902281e-07, 2.15309910345e-06, 1.0529465726e-06, 1.17068864824e-07, 9.45401765762e-08, 9.18385811843e-09, 4.75478234563e-09, 1.16728973709e-10, 7.96536122651e-13, 1.60928778983e-12, 5.10310055931e-13, 3.77509519955e-13, 4.07855850872e-13],
        "dvar2": [1.81858084147e-08, 0.000251936056884, 3.33552125085e-05, 3.7594306832e-06, 4.0033559344e-05, 2.54451919091e-07, 3.52677034243e-06, 8.66844089842e-08, 5.32137335085e-07, 4.14442780539e-07, 8.38340440623e-07, 1.5519264025e-06, 1.15992122574e-07, 1.07085352283e-05, 7.59213662604e-07, 4.74837770525e-06, 2.51724941336e-06, 2.96206991379e-07, 2.56591164316e-07, 2.42750406443e-08, 1.28118502474e-08, 3.25327209616e-10, 1.44991050416e-12, 3.60350768322e-12, 7.45240783147e-13, 4.37887519213e-13, 4.0675175359e-13],
        "max": [0.000611694937106, 0.0606754794717, 0.035928953439, 0.0124545991421, 0.0275341067463, 0.00551626412198, 0.0119947493076, 0.00157208298333, 0.00412661675364, 0.00554279284552, 0.00850581284612, 0.009781178087, 0.00173553323839, 0.0348797440529, 0.00620728684589, 0.0182997360826, 0.010633982718, 0.00449416413903, 0.00411507021636, 0.00110083993059, 0.00132266618311, 0.000245162547799, 1.79282469617e-05, 2.57670853898e-05, 1.592080298e-05, 1.43790693983e-05, 1.4978213585e-05],
        "mean": [7.69601829234e-05, 0.0179285723716, 0.00653487164527, 0.00103553815279, 0.00485876202583, 0.000219177789404, 0.000853052770253, 0.0002094234369, 0.000500537047628, 0.00041099372902, 0.000384845538065, 0.000481968862005, 0.000247610616498, 0.00341439316981, 0.00079359638039, 0.00144622242078, 0.00133061187807, 0.000692270754371, 0.000430114218034, 0.000128282001242, 6.52162198094e-05, 7.94147672423e-06, 6.48778097911e-07, 9.32401746923e-07, 3.59414144668e-07, 1.12245018613e-07, 5.364760014e-08],
        "median": [4.59710936411e-05, 0.0148196639493, 0.00406724307686, 0.000613689247984, 0.00347388302907, 0.000137400056701, 0.00044510763837, 0.000134620873723, 0.000334915821441, 0.000262506655417, 0.000209288540646, 0.000243015485466, 0.000161876523634, 0.00174084398896, 0.000514692103025, 0.000948864850216, 0.000931932940148, 0.000519074616022, 0.000326183537254, 9.51046094997e-05, 3.93926165998e-05, 4.89083640787e-06, 3.74667706637e-07, 5.14198291057e-07, 1.73412786353e-07, 3.86695759858e-08, 1.54326187385e-08],
        "min": [3.00943696629e-07, 0.000368195440387, 2.70344407909e-05, 9.19530066312e-06, 0.000237354455749, 1.15049815577e-05, 8.72950204212e-06, 1.07981823021e-05, 2.53797297773e-05, 1.18498710435e-05, 9.43416762311e-06, 1.34431966217e-05, 1.09024240373e-05, 0.000119673823065, 4.81449678773e-05, 0.000111016815936, 8.89002039912e-05, 5.7435958297e-05, 4.46556950919e-05, 1.0811419088e-05, 3.48512867276e-06, 7.7800859799e-07, 7.56610631925e-08, 9.8818517813e-08, 2.47863578551e-08, 7.21512982693e-09, 4.90204898895e-09],
        "var": [8.78462724785e-09, 0.000145427460666, 4.36871232523e-05, 1.69451107013e-06, 2.00004196813e-05, 1.17476254502e-07, 1.67415191754e-06, 4.66442777736e-08, 2.68365681677e-07, 2.45759963491e-07, 4.12219293366e-07, 8.86263819666e-07, 6.0071208452e-08, 2.01663824555e-05, 6.16940155851e-07, 3.49980905412e-06, 1.66818006164e-06, 3.32294206373e-07, 1.76223963422e-07, 1.39739615435e-08, 9.82523484794e-09, 2.42547815166e-10, 1.25044094003e-12, 4.16275607734e-12, 7.76818334051e-13, 4.52025786593e-13, 4.1100881921e-13]
    },
    "erbbands": {
        "dmean": [0.175616174936, 3.09558963776, 5.69616699219, 2.11513328552, 9.51595687866, 12.0231285095, 3.03027915955, 1.32694351673, 4.25610876083, 11.6010637283, 4.6711974144, 6.3614192009, 8.85301208496, 8.91561889648, 13.5156383514, 12.3911600113, 6.13187742233, 45.861907959, 64.0357284546, 38.5347938538, 34.5710906982, 43.4524040222, 18.8110790253, 13.4580612183, 7.41109752655, 2.99268746376, 1.18138611317, 1.09966504574, 0.158061251044, 0.0284308400005, 0.0110787954181, 0.0121270967647, 0.00467350846156, 0.00249834312126, 0.000475178065244, 0.000315911369398, 0.000114105372631, 2.52369445661e-05, 1.12707730295e-05, 1.61202060553e-05],
        "dmean2": [0.286335080862, 5.21052646637, 8.66899776459, 3.51512932777, 17.089099884, 20.8968257904, 5.17455816269, 2.18239498138, 7.39823389053, 19.3422622681, 7.81953620911, 10.2695560455, 14.6482410431, 14.5838985443, 22.5034008026, 20.0454006195, 9.79154491425, 68.8203048706, 92.5632705688, 62.45154953, 55.8563995361, 71.1564559937, 29.8903961182, 22.2271175385, 11.7077865601, 4.87253093719, 1.96667182446, 1.73158359528, 0.246598482132, 0.0416570976377, 0.0180290658027, 0.0195377096534, 0.00765412300825, 0.00376875745133, 0.000614483491518, 0.000464691227535, 0.000156418696861, 2.83348963421e-05, 1.53906112246e-05, 2.61233653873e-05],
        "dvar": [0.0264390986413, 6.16702270508, 30.4861431122, 5.95460176468, 140.679077148, 205.435150146, 19.3087120056, 6.65850877762, 43.9313926697, 397.232788086, 36.4549751282, 62.4165382385, 175.108566284, 188.148956299, 746.634094238, 628.481201172, 52.6218948364, 3538.12988281, 5311.30175781, 6036.89404297, 2359.46850586, 2980.33862305, 437.430053711, 350.598754883, 104.408584595, 17.8828983307, 5.92299556732, 5.87429523468, 0.135822415352, 0.00246106670238, 0.000684305094182, 0.00144410005305, 0.000254297076026, 8.5369698354e-05, 1.93951891561e-05, 6.19941420155e-06, 1.2951759345e-06, 1.56862327572e-07, 8.07654831902e-09, 1.97287824966e-10],
        "dvar2": [0.0669676586986, 18.2193813324, 62.1618804932, 14.2609233856, 405.893463135, 556.39050293, 53.5213699341, 16.0491962433, 120.596466064, 989.907531738, 90.1802215576, 161.839569092, 446.395263672, 440.920471191, 1726.70141602, 1399.48046875, 117.76486969, 7861.29736328, 11312.4902344, 14357.1298828, 5633.93359375, 7331.90234375, 1120.13012695, 943.467651367, 266.480163574, 46.0246200562, 17.2646770477, 13.286365509, 0.304293572903, 0.00383659638464, 0.0012839785777, 0.00362150394358, 0.000513383885846, 0.000147745464346, 2.01081129489e-05, 7.41450230635e-06, 1.52660084041e-06, 1.57819840751e-07, 8.07551092663e-09, 4.38109382106e-10],
        "max": [1.84954857826, 15.3382720947, 43.3339347839, 28.1316432953, 131.101547241, 130.988128662, 53.8834762573, 53.7161903381, 59.9710006714, 199.016204834, 60.6339416504, 79.0751953125, 134.065704346, 151.167114258, 318.248016357, 273.182739258, 64.4720001221, 897.665710449, 977.319946289, 896.297912598, 614.470214844, 631.966491699, 330.17868042, 276.996673584, 140.335021973, 50.5410385132, 46.4092445374, 39.4152565002, 8.71689414978, 0.941177308559, 0.496328473091, 0.701141953468, 0.323233634233, 0.1830689013, 0.109300918877, 0.0583564341068, 0.0264764651656, 0.00929686240852, 0.00213177851401, 0.000240961453528],
        "mean": [0.299516916275, 4.66665220261, 10.1934700012, 3.65046334267, 11.6618356705, 17.3665485382, 4.496509552, 1.97622215748, 5.5840549469, 14.7298021317, 7.20193529129, 9.96954727173, 12.3621902466, 12.9846792221, 19.561258316, 17.2268943787, 11.4012327194, 93.9968338013, 132.529846191, 63.4079284668, 67.7853012085, 77.4581069946, 43.9502334595, 29.9891433716, 15.1108093262, 5.86259555817, 2.46168613434, 2.24727702141, 0.385108530521, 0.066073872149, 0.0212315749377, 0.0239274408668, 0.011640320532, 0.00673131924123, 0.00103045813739, 0.00063270406099, 0.000187254656339, 3.30034272338e-05, 2.84279831249e-05, 4.92815925099e-05],
        "median": [0.225093081594, 3.91013288498, 6.85727500916, 2.91332292557, 7.69878387451, 12.130657196, 3.09962511063, 1.28679859638, 3.44929075241, 7.50291442871, 4.80441236496, 6.54562854767, 8.05272674561, 8.06566047668, 10.7106838226, 8.79597568512, 8.2750749588, 55.0835876465, 80.1023101807, 37.6273422241, 48.9909172058, 56.4542922974, 31.9236679077, 23.3965682983, 11.5009288788, 4.57542514801, 1.76381111145, 1.20003247261, 0.232077434659, 0.0405186414719, 0.0125140305609, 0.0130395554006, 0.0067603578791, 0.00330499513075, 0.000493132392876, 0.000276507635135, 6.2372739194e-05, 8.33512694953e-06, 2.38407465076e-05, 4.86377066409e-05],
        "min": [0.0114809498191, 0.0851928964257, 0.176512166858, 0.345030635595, 0.311886101961, 0.632400631905, 0.226864516735, 0.161413311958, 0.229150563478, 0.299857378006, 0.380660414696, 0.608749330044, 0.378585904837, 0.516563177109, 0.834509849548, 0.815821945667, 0.669810831547, 5.37532567978, 4.95990371704, 6.23298835754, 6.0643954277, 6.18999958038, 3.61302518845, 2.49196386337, 1.45240879059, 0.539173007011, 0.179006442428, 0.10245334357, 0.0375180467963, 0.0074937925674, 0.00260421982966, 0.00233522406779, 0.00126855343115, 0.000467927777208, 7.29852108634e-05, 5.73262514081e-05, 1.27934827105e-05, 2.27586542678e-06, 6.65727884552e-06, 1.12531643026e-05],
        "var": [0.0698547661304, 10.4088544846, 86.4706802368, 8.92020511627, 154.619598389, 275.761199951, 25.6053905487, 9.17691326141, 54.3032722473, 506.588684082, 53.5017547607, 94.2711486816, 218.98588562, 254.599655151, 967.608520508, 927.158508301, 91.4479827881, 13525.9482422, 21131.9628906, 8533.1796875, 4479.25634766, 4837.11181641, 1362.00048828, 732.403320312, 191.238647461, 28.7831497192, 9.24601078033, 16.7827358246, 0.470126986504, 0.0108701540157, 0.0012333485065, 0.00297421915457, 0.000585195724852, 0.000179156239028, 2.27235068451e-05, 7.86017426435e-06, 1.53354028498e-06, 1.59527829169e-07, 8.21297430065e-09, 3.23614468556e-10]
    },
    "gfcc": {
        "mean": [-31.757610321, 171.567581177, -166.09979248, 54.8443946838, 1.03649950027, -5.49795675278, -16.2412605286, 2.09096908569, -7.95578384399, -7.5996799469, -8.94820976257, -18.9150104523, 3.28045511246],
        "cov": [[678.182250977, -188.181030273, -184.471923828, -59.3430671692, -134.925476074, 1.93599104881, -79.0760803223, -14.6096973419, -59.7882728577, 13.4531202316, -44.0910797119, 30.3938770294, 2.91411662102], [-188.181030273, 196.235626221, 68.4159011841, -16.7633953094, 31.6614284515, -47.3652839661, 42.2864723206, -3.15777587891, 40.9281082153, -7.40046977997, 32.070476532, -8.1773815155, -2.11666512489], [-184.471923828, 68.4159011841, 148.929992676, 44.8055076599, 45.6684074402, -12.1769342422, 24.9934062958, 12.4415378571, 27.4487915039, -5.17545223236, 12.9333162308, -1.60153913498, -2.22698068619], [-59.3430671692, -16.7633953094, 44.8055076599, 84.7759475708, 45.5329017639, 5.05335140228, 6.2195057869, 2.04887485504, 9.55286216736, -1.70095026493, 0.726219177246, -10.3047599792, -0.226820707321], [-134.925476074, 31.6614284515, 45.6684074402, 45.5329017639, 107.921234131, 28.3643608093, 29.8831806183, 1.08995163441, 21.884967804, -7.45213222504, 7.86187696457, -21.87150383, -1.21259570122], [1.93599104881, -47.3652839661, -12.1769342422, 5.05335140228, 28.3643608093, 71.1292724609, 28.1462135315, 6.93990516663, -10.3168478012, -7.5613732338, -2.12487149239, -1.21667551994, 6.54750347137], [-79.0760803223, 42.2864723206, 24.9934062958, 6.2195057869, 29.8831806183, 28.1462135315, 78.1488571167, 29.6829223633, 18.5260467529, -5.43351745605, 14.9755182266, 2.27396965027, -0.262784063816], [-14.6096973419, -3.15777587891, 12.4415378571, 2.04887485504, 1.08995163441, 6.93990516663, 29.6829223633, 54.2888755798, 20.0458469391, -3.93057465553, -0.594335973263, 1.36576426029, 1.91373956203], [-59.7882728577, 40.9281082153, 27.4487915039, 9.55286216736, 21.884967804, -10.3168478012, 18.5260467529, 20.0458469391, 54.1342048645, 22.5841579437, 12.5577697754, -9.59808921814, -5.60493326187], [13.4531202316, -7.40046977997, -5.17545223236, -1.70095026493, -7.45213222504, -7.5613732338, -5.43351745605, -3.93057465553, 22.5841579437, 46.3235015869, 16.2291526794, -4.19989347458, -8.57517814636], [-44.0910797119, 32.070476532, 12.9333162308, 0.726219177246, 7.86187696457, -2.12487149239, 14.9755182266, -0.594335973263, 12.5577697754, 16.2291526794, 40.2356719971, 12.8447637558, -2.34037494659], [30.3938770294, -8.1773815155, -1.60153913498, -10.3047599792, -21.87150383, -1.21667551994, 2.27396965027, 1.36576426029, -9.59808921814, -4.19989347458, 12.8447637558, 42.3536376953, 11.8424797058], [2.91411662102, -2.11666512489, -2.22698068619, -0.226820707321, -1.21259570122, 6.54750347137, -0.262784063816, 1.91373956203, -5.60493326187, -8.57517814636, -2.34037494659, 11.8424797058, 32.9000320435]],
        "icov": [[0.00317022879608, 0.00147511821706, 0.00248512276448, -3.72178437829e-05, 0.00174624787178, 0.000307608919684, 0.000473335589049, 9.17144789128e-05, -0.000151674903464, -0.000688628351782, 0.00196293066256, -0.0018881278811, 0.000597596808802], [0.00147511821706, 0.0271879918873, -0.00541194435209, 0.0140618979931, -0.00232417159714, 0.0227848365903, -0.0180927608162, 0.0169877931476, -0.0163666214794, 0.020414089784, -0.0177158676088, 0.0131749734282, -0.00787372514606], [0.00248512276448, -0.00541194435209, 0.0135968700051, -0.00738204969093, -0.000215114021557, -0.00198090891354, 0.00302438437939, -0.00419027451426, 0.000614492106251, -0.00270915986039, 0.00479139853269, -0.00676287896931, 0.00312908366323], [-3.72178437829e-05, 0.0140618979931, -0.00738204969093, 0.0246576778591, -0.0087755927816, 0.0126190371811, -0.00783214345574, 0.00708820158616, -0.00593026634306, 0.00820633396506, -0.00817045103759, 0.00783110503107, -0.00500276684761], [0.00174624787178, -0.00232417159714, -0.000215114021557, -0.0087755927816, 0.0227915178984, -0.0111985867843, 0.000245487259235, 0.00518540386111, -0.00898194964975, 0.00733664957806, -0.0035257791169, 0.00720382481813, -7.20384996384e-05], [0.000307608919684, 0.0227848365903, -0.00198090891354, 0.0126190371811, -0.0111985867843, 0.042706348002, -0.0245621744543, 0.0112996688113, -0.0025008302182, 0.0112646548077, -0.0113849043846, 0.0104975448921, -0.0104522295296], [0.000473335589049, -0.0180927608162, 0.00302438437939, -0.00783214345574, 0.000245487259235, -0.0245621744543, 0.0372031331062, -0.0212623197585, 0.00586681487039, -0.00799379311502, 0.00382220232859, -0.0104665923864, 0.00833127833903], [9.17144789128e-05, 0.0169877931476, -0.00419027451426, 0.00708820158616, 0.00518540386111, 0.0112996688113, -0.0212623197585, 0.0413610339165, -0.026246778667, 0.0210649296641, -0.00719069642946, 0.00759209040552, -0.00600869301707], [-0.000151674903464, -0.0163666214794, 0.000614492106251, -0.00593026634306, -0.00898194964975, -0.0025008302182, 0.00586681487039, -0.026246778667, 0.0544908307493, -0.0363652184606, 0.0109304720536, -0.00398159213364, 0.00271699414589], [-0.000688628351782, 0.020414089784, -0.00270915986039, 0.00820633396506, 0.00733664957806, 0.0112646548077, -0.00799379311502, 0.0210649296641, -0.0363652184606, 0.0593048706651, -0.0322797745466, 0.0180535316467, -0.0015455277171], [0.00196293066256, -0.0177158676088, 0.00479139853269, -0.00817045103759, -0.0035257791169, -0.0113849043846, 0.00382220232859, -0.00719069642946, 0.0109304720536, -0.0322797745466, 0.0579933337867, -0.0298221949488, 0.00984758511186], [-0.0018881278811, 0.0131749734282, -0.00676287896931, 0.00783110503107, 0.00720382481813, 0.0104975448921, -0.0104665923864, 0.00759209040552, -0.00398159213364, 0.0180535316467, -0.0298221949488, 0.0482380278409, -0.0171954147518], [0.000597596808802, -0.00787372514606, 0.00312908366323, -0.00500276684761, -7.20384996384e-05, -0.0104522295296, 0.00833127833903, -0.00600869301707, 0.00271699414589, -0.0015455277171, 0.00984758511186, -0.0171954147518, 0.0394565574825]]
    },
    "melbands": {
        "dmean": [0.00246714241803, 0.00336493598297, 0.000518346845638, 0.000852535769809, 0.000183588650543, 2.85412206722e-05, 9.35540374485e-05, 0.000103668193333, 4.77947978652e-05, 3.99467680836e-05, 4.45722871518e-05, 3.68455257558e-05, 4.78841684526e-05, 4.70358754683e-05, 1.69167997228e-05, 2.94423389278e-05, 0.000102215570223, 0.000143394878251, 3.47853347193e-05, 6.49305002298e-05, 4.05180398957e-05, 4.94242049172e-05, 2.72031247732e-05, 1.63198292285e-05, 1.16330984383e-05, 6.94798654877e-06, 4.42418604507e-06, 1.53676523951e-06, 5.80214191359e-07, 1.13899943699e-06, 4.91931530178e-07, 9.33262356284e-08, 4.07633002908e-08, 9.48446921001e-09, 6.69891697669e-09, 6.8315406665e-09, 7.92219534418e-09, 3.87360366005e-09, 2.7088551402e-09, 1.96043892231e-09],
        "dmean2": [0.00412529474124, 0.00540064601228, 0.000887927308213, 0.00151142897084, 0.000315130659146, 4.69941478514e-05, 0.000160677955137, 0.000172770916834, 7.93653453002e-05, 6.52391900076e-05, 7.3843919381e-05, 6.05369132245e-05, 7.79758338467e-05, 7.9657715105e-05, 2.79282921838e-05, 4.7062872909e-05, 0.000152768261614, 0.000207254444831, 5.50801378267e-05, 0.00010694123921, 6.72661917633e-05, 8.01080750534e-05, 4.37694470747e-05, 2.65510443569e-05, 1.95010288735e-05, 1.11855042633e-05, 7.28926443117e-06, 2.59165312855e-06, 9.82653887149e-07, 1.85591341051e-06, 7.8161303918e-07, 1.49553940787e-07, 6.35943848692e-08, 1.57506132581e-08, 1.12358744531e-08, 1.09860032182e-08, 1.25796866257e-08, 6.37158015238e-09, 4.27801660763e-09, 2.98445201885e-09],
        "dvar": [4.03649346481e-06, 8.34893126012e-06, 3.51751623384e-07, 9.50063849814e-07, 5.71381768566e-08, 2.97554203499e-09, 2.32990995386e-08, 3.12972545657e-08, 3.92619847744e-09, 2.72563860371e-09, 4.52054349509e-09, 3.40464323401e-09, 9.14806008723e-09, 1.27475843215e-08, 1.12175435607e-09, 1.39810063526e-09, 2.11978452569e-08, 2.99640348089e-08, 2.82901968518e-09, 1.71554095374e-08, 2.9515450084e-09, 4.00899091701e-09, 1.03473996038e-09, 3.74088260369e-10, 2.96195235006e-10, 1.1107783443e-10, 3.18906012708e-11, 5.64506471082e-12, 1.02221725008e-12, 7.20862649087e-12, 1.37028756397e-12, 5.74054624908e-14, 5.16986728763e-15, 3.72239375401e-16, 2.20012308187e-16, 4.37699246236e-16, 5.54099784397e-16, 1.39518356928e-16, 1.05746398932e-16, 4.91763936508e-17],
        "dvar2": [1.16203191283e-05, 2.02499650186e-05, 8.69755069743e-07, 2.68215990218e-06, 1.52908299356e-07, 7.36349958785e-09, 6.35169001839e-08, 7.80752245078e-08, 9.75549241389e-09, 7.37258964989e-09, 1.14551728103e-08, 8.07690891946e-09, 2.12773958452e-08, 3.15804058459e-08, 2.85246359866e-09, 3.28366756008e-09, 4.6896740713e-08, 6.34824530721e-08, 6.82488776604e-09, 3.92234049684e-08, 7.3540111778e-09, 9.74929825759e-09, 2.74972911107e-09, 9.22501297573e-10, 8.13692502266e-10, 2.81666023838e-10, 8.38510372247e-11, 1.39259003634e-11, 2.86401371369e-12, 2.10803700884e-11, 3.10060657704e-12, 1.41264102737e-13, 9.38212910004e-15, 6.60330633235e-16, 4.17522233218e-16, 9.99943040662e-16, 1.3939686858e-15, 2.96382281019e-16, 2.11911258609e-16, 7.95716911983e-17],
        "max": [0.0171412285417, 0.0203763432801, 0.00699206721038, 0.00738803762943, 0.00218288553879, 0.00112160015851, 0.00149290170521, 0.00174238265026, 0.000662464066409, 0.00047871604329, 0.000682508922182, 0.000633278628811, 0.00136218522675, 0.00140000926331, 0.000515477557201, 0.000349982467014, 0.00230490113609, 0.00245293253101, 0.000619006168563, 0.00146562058944, 0.000553014688194, 0.000658672768623, 0.000326288427459, 0.000261791079538, 0.000264575355686, 0.000147357626702, 6.91071036272e-05, 2.80621134152e-05, 1.84136915777e-05, 4.93706829729e-05, 2.08098317671e-05, 5.75001740799e-06, 1.39503390528e-06, 3.46577166965e-07, 2.85464778926e-07, 3.5651169128e-07, 4.44843692549e-07, 2.4633072826e-07, 1.87853345324e-07, 1.47719475763e-07],
        "mean": [0.00389237003401, 0.00591099029407, 0.000838182168081, 0.00124377757311, 0.000251440098509, 3.9993385144e-05, 0.000118001473311, 0.000134255897137, 6.6423046519e-05, 6.25796747045e-05, 6.10330753261e-05, 5.0701561122e-05, 6.25460088486e-05, 6.28094858257e-05, 1.9502662326e-05, 4.29264582635e-05, 0.000207371573197, 0.000284751789877, 5.93209952058e-05, 9.91390552372e-05, 7.4606439739e-05, 8.17100153654e-05, 5.21333131474e-05, 3.42408347933e-05, 2.37776166614e-05, 1.30934868139e-05, 7.88617580838e-06, 2.80754011328e-06, 1.076126523e-06, 2.13840098695e-06, 9.13891369692e-07, 2.05541525133e-07, 8.46782839403e-08, 1.58035202702e-08, 1.07716973119e-08, 1.30100978879e-08, 1.52112598073e-08, 8.63434124199e-09, 6.6277356936e-09, 4.96355889723e-09],
        "median": [0.00315386615694, 0.0047999266535, 0.000682021374814, 0.000853317847941, 0.000171112507815, 2.41950147029e-05, 6.60508521833e-05, 6.94719710737e-05, 4.1304010665e-05, 4.29779829574e-05, 3.8841215428e-05, 3.00213469018e-05, 3.3855845686e-05, 3.06338042719e-05, 9.66517109191e-06, 2.64482623606e-05, 0.000104450518847, 0.000159311821335, 3.68476466974e-05, 5.75805970584e-05, 5.16756044817e-05, 5.45887196495e-05, 3.95143943024e-05, 2.37715175899e-05, 1.79694907274e-05, 9.51093352342e-06, 5.97452299189e-06, 2.11394944927e-06, 7.74626073508e-07, 1.23490372061e-06, 4.73845943816e-07, 1.20526550518e-07, 4.85271769435e-08, 8.7395335413e-09, 6.28578700201e-09, 7.19887038869e-09, 8.32898727765e-09, 4.97660401777e-09, 3.70676733752e-09, 2.35524622028e-09],
        "min": [0.000108348671347, 0.000121137694805, 6.48083296255e-05, 5.58685387659e-05, 1.1117064787e-05, 1.81911207164e-06, 3.34815786118e-06, 4.09738004237e-06, 2.43064528149e-06, 3.91632238461e-06, 1.58763327818e-06, 1.757563723e-06, 2.65383914666e-06, 2.29963279708e-06, 8.47658441216e-07, 2.08890583053e-06, 8.28982592793e-06, 8.07351534604e-06, 5.09993651576e-06, 6.46832131679e-06, 3.75287913812e-06, 5.89020919506e-06, 4.95060612593e-06, 2.01379907594e-06, 1.92012930711e-06, 1.23537654417e-06, 3.95759741423e-07, 2.49897681215e-07, 7.15180448196e-08, 1.1303014702e-07, 4.02590423221e-08, 1.88917912425e-08, 8.68055671788e-09, 1.25892851699e-09, 9.96199678305e-10, 1.20201859577e-09, 1.38515865444e-09, 8.72589778211e-10, 5.8732646524e-10, 2.79479078769e-10],
        "var": [7.84780968388e-06, 2.04598491109e-05, 4.32026752151e-07, 1.39158214552e-06, 7.45533625945e-08, 4.11086942265e-09, 2.82302359267e-08, 4.03278406225e-08, 5.58388668637e-09, 3.82576148539e-09, 5.61373747487e-09, 4.38304992301e-09, 1.07866959809e-08, 1.63832769573e-08, 1.18071852295e-09, 1.99164551518e-09, 8.39597760205e-08, 1.20121939062e-07, 4.84184203842e-09, 2.3427828566e-08, 5.47670309103e-09, 6.21174711668e-09, 1.94440241685e-09, 1.05544339934e-09, 5.51314105479e-10, 1.8883274111e-10, 4.95133274658e-11, 8.20001878898e-12, 1.63305903089e-12, 1.12617987852e-11, 3.52831175734e-12, 1.6065901593e-13, 1.95823175383e-14, 7.64648034645e-16, 3.2806083679e-16, 7.5188684802e-16, 1.27887818997e-15, 3.34077364754e-16, 1.84863101089e-16, 1.02166169335e-16]
    },
    "mfcc": {
        "mean": [-659.376586914, 186.798812866, -69.6680526733, 62.8878974915, 27.3961296082, 10.9227685928, 11.9729986191, 3.62344121933, 15.3788776398, 6.6795759201, 4.19936752319, 0.432390451431, -11.7988452911],
        "cov": [[819.83215332, -219.484970093, -130.1431427, -118.741996765, -101.564491272, -41.5738677979, -59.0184326172, -47.043346405, -30.8618373871, -40.854347229, -52.0166625977, -23.870344162, -34.4067115784], [-219.484970093, 214.582183838, 30.8490123749, 27.809709549, -8.7873916626, -8.94341087341, -0.550821602345, 10.3982400894, -4.79517030716, 18.9587173462, 10.5957670212, 22.6554374695, 25.8508644104], [-130.1431427, 30.8490123749, 95.5816116333, 35.712059021, 12.8741321564, -3.25265169144, -1.44232678413, 9.15637874603, 7.28500175476, 0.0442620702088, 5.74222755432, 3.9794011116, 20.1513824463], [-118.741996765, 27.809709549, 35.712059021, 91.8761367798, 42.1882133484, 5.52639341354, 0.210853561759, -1.32978761196, 8.45473384857, 7.16625499725, 18.1029472351, 9.31528377533, 11.5412597656], [-101.564491272, -8.7873916626, 12.8741321564, 42.1882133484, 80.1972579956, 25.2978916168, 10.4241914749, 5.35697364807, 10.7316789627, 12.5445404053, 7.7580332756, -8.58356761932, -10.3380117416], [-41.5738677979, -8.94341087341, -3.25265169144, 5.52639341354, 25.2978916168, 62.9289588928, 26.9088516235, 3.76545667648, -3.94138932228, 4.25680303574, 4.22063350677, 1.01992321014, -1.57438361645], [-59.0184326172, -0.550821602345, -1.44232678413, 0.210853561759, 10.4241914749, 26.9088516235, 67.8991088867, 32.1575584412, 18.3126487732, -8.30569267273, 7.95430040359, 6.80866193771, 9.41929912567], [-47.043346405, 10.3982400894, 9.15637874603, -1.32978761196, 5.35697364807, 3.76545667648, 32.1575584412, 64.0820465088, 23.1109962463, -7.3230547905, 2.94780349731, 3.74287772179, 7.5934920311], [-30.8618373871, -4.79517030716, 7.28500175476, 8.45473384857, 10.7316789627, -3.94138932228, 18.3126487732, 23.1109962463, 59.4681625366, 8.09063625336, 10.2057991028, -2.4825925827, 6.81797647476], [-40.854347229, 18.9587173462, 0.0442620702088, 7.16625499725, 12.5445404053, 4.25680303574, -8.30569267273, -7.3230547905, 8.09063625336, 52.6089363098, 18.1803874969, 0.154897123575, -6.6877450943], [-52.0166625977, 10.5957670212, 5.74222755432, 18.1029472351, 7.7580332756, 4.22063350677, 7.95430040359, 2.94780349731, 10.2057991028, 18.1803874969, 50.6511383057, 18.3294620514, 4.07738113403], [-23.870344162, 22.6554374695, 3.9794011116, 9.31528377533, -8.58356761932, 1.01992321014, 6.80866193771, 3.74287772179, -2.4825925827, 0.154897123575, 18.3294620514, 49.0842323303, 26.6989307404], [-34.4067115784, 25.8508644104, 20.1513824463, 11.5412597656, -10.3380117416, -1.57438361645, 9.41929912567, 7.5934920311, 6.81797647476, -6.6877450943, 4.07738113403, 26.6989307404, 62.7608070374]],
