{
"lowlevel": {
    "average_loudness": 0.99068403244,
    "barkbands_crest": {
        "dmean": 3.81760597229,
        "dmean2": 6.71078205109,
        "dvar": 8.29450893402,
        "dvar2": 23.0362987518,
        "max": 21.0889110565,
        "mean": 11.4193687439,
        "median": 10.5232553482,
        "min": 4.99419975281,
        "var": 11.0635147095
    },
    "barkbands_flatness_db": {
        "dmean": 0.0261882729828,
        "dmean2": 0.0433911941946,
        "dvar": 0.000398133095587,
        "dvar2": 0.00101852032822,
        "max": 0.246946752071,
        "mean": 0.188033282757,
        "median": 0.185647144914,
        "min": 0.104818426073,
        "var": 0.000743153854273
    },
    "barkbands_kurtosis": {
        "dmean": 2.77192091942,
        "dmean2": 4.87938261032,
        "dvar": 7.51530456543,
        "dvar2": 19.6970539093,
        "max": 16.0735778809,
        "mean": 2.74844455719,
        "median": 2.01595401764,
        "min": -1.74375891685,
        "var": 12.3036184311
    },
    "barkbands_skewness": {
        "dmean": 0.666822075844,
        "dmean2": 1.15491640568,
        "dvar": 0.309340775013,
        "dvar2": 0.783888936043,
        "max": 3.98909664154,
        "mean": 1.85985052586,
        "median": 1.87477326393,
        "min": 0.212197288871,
        "var": 0.616679370403
    },
    "barkbands_spread": {
        "dmean": 6.83884716034,
        "dmean2": 12.1538410187,
        "dvar": 39.718711853,
        "dvar2": 94.2163314819,
        "max": 52.3175086975,
        "mean": 27.3586101532,
        "median": 27.0754871368,
        "min": 9.25842285156,
        "var": 104.807777405
    },
    "dissonance": {
        "dmean": 0.00595439923927,
        "dmean2": 0.0103790014982,
        "dvar": 3.1043549825e-05,
        "dvar2": 7.22083568689e-05,
        "max": 0.497488319874,
        "mean": 0.489494144917,
        "median": 0.491098701954,
        "min": 0.456941694021,
        "var": 4.41586598754e-05
    },
    "dynamic_complexity": 0.263794779778,
    "erbbands_crest": {
        "dmean": 1.28554093838,
        "dmean2": 2.12426233292,
        "dvar": 1.36406850815,
        "dvar2": 3.78813838959,
        "max": 14.104139328,
        "mean": 6.75258684158,
        "median": 6.53996753693,
        "min": 3.40617752075,
        "var": 5.57566833496
    },
    "erbbands_flatness_db": {
        "dmean": 0.0114157740027,
        "dmean2": 0.019654110074,
        "dvar": 8.60170621308e-05,
        "dvar2": 0.000176670553628,
        "max": 0.244224518538,
        "mean": 0.200769498944,
        "median": 0.200112491846,
        "min": 0.150981992483,
        "var": 0.00030602584593
    },
    "erbbands_kurtosis": {
        "dmean": 0.984139561653,
        "dmean2": 1.74875473976,
        "dvar": 0.868251621723,
        "dvar2": 2.43711948395,
        "max": 6.75522327423,
        "mean": 0.98494976759,
        "median": 0.339975357056,
        "min": -1.50169408321,
        "var": 4.2735004425
    },
    "erbbands_skewness": {
        "dmean": 0.252453446388,
        "dmean2": 0.429889976978,
        "dvar": 0.0289234481752,
        "dvar2": 0.0749473124743,
        "max": 0.0904027447104,
        "mean": -1.20928919315,
        "median": -1.11050593853,
        "min": -2.41551136971,
        "var": 0.350488871336
    },
    "erbbands_spread": {
        "dmean": 8.58581829071,
        "dmean2": 14.9807395935,
        "dvar": 37.7372741699,
        "dvar2": 94.1116790771,
        "max": 66.4211425781,
        "mean": 43.6968002319,
        "median": 43.037273407,
        "min": 18.033285141,
        "var": 165.899291992
    },
    "hfc": {
        "dmean": 4.58701229095,
        "dmean2": 7.56207370758,
        "dvar": 19.3051567078,
        "dvar2": 32.2377052307,
        "max": 53.6853523254,
        "mean": 26.4198493958,
        "median": 24.2588729858,
        "min": 13.8164377213,
        "var": 71.1760253906
    },
    "melbands_crest": {
        "dmean": 3.43089151382,
        "dmean2": 6.08909749985,
        "dvar": 6.27764081955,
        "dvar2": 14.5267457962,
        "max": 25.7593536377,
        "mean": 17.1158123016,
        "median": 16.9273147583,
        "min": 9.26454353333,
        "var": 12.5584602356
    },
    "melbands_flatness_db": {
        "dmean": 0.0335284918547,
        "dmean2": 0.0562659390271,
        "dvar": 0.000676685827784,
        "dvar2": 0.00169389077928,
        "max": 0.334824562073,
        "mean": 0.255504727364,
        "median": 0.256486952305,
        "min": 0.18269982934,
        "var": 0.00120561372023
    },
    "melbands_kurtosis": {
        "dmean": 10.7499465942,
        "dmean2": 18.8914890289,
        "dvar": 94.2024765015,
        "dvar2": 242.747497559,
        "max": 63.1200180054,
        "mean": 19.1161270142,
        "median": 15.9865894318,
        "min": 1.21155118942,
        "var": 156.654434204
    },
    "melbands_skewness": {
        "dmean": 1.10338926315,
        "dmean2": 1.91607165337,
        "dvar": 0.811893761158,
        "dvar2": 2.02678275108,
        "max": 7.27627897263,
        "mean": 4.07351016998,
        "median": 3.97445321083,
        "min": 1.68330156803,
        "var": 1.54484450817
    },
    "melbands_spread": {
        "dmean": 8.80242729187,
        "dmean2": 15.4719343185,
        "dvar": 80.7003860474,
        "dvar2": 208.528213501,
        "max": 57.9781036377,
        "mean": 20.1443557739,
        "median": 17.5015544891,
        "min": 5.08769130707,
        "var": 120.984893799
    },
    "pitch_salience": {
        "dmean": 0.0895194932818,
        "dmean2": 0.147430121899,
        "dvar": 0.00463325018063,
        "dvar2": 0.0119717493653,
        "max": 0.739643573761,
        "mean": 0.522377550602,
        "median": 0.529867708683,
        "min": 0.326707988977,
        "var": 0.00881531648338
    },
    "silence_rate_20dB": {
        "dmean": 0,
        "dmean2": 0,
        "dvar": 0,
        "dvar2": 0,
        "max": 1,
        "mean": 1,
        "median": 1,
        "min": 1,
        "var": 0
    },
    "silence_rate_30dB": {
        "dmean": 0,
        "dmean2": 0,
        "dvar": 0,
        "dvar2": 0,
        "max": 1,
        "mean": 1,
        "median": 1,
        "min": 1,
        "var": 0
    },
    "silence_rate_60dB": {
        "dmean": 0,
        "dmean2": 0,
        "dvar": 0,
        "dvar2": 0,
        "max": 0,
        "mean": 0,
        "median": 0,
        "min": 0,
        "var": 0
    },
    "spectral_centroid": {
        "dmean": 192.55039978,
        "dmean2": 336.761260986,
        "dvar": 30852.8847656,
        "dvar2": 70213.0234375,
        "max": 2685.40234375,
        "mean": 1860.08850098,
        "median": 1859.18078613,
        "min": 907.902404785,
        "var": 183204.609375
    },
    "spectral_complexity": {
        "dmean": 4.23750019073,
        "dmean2": 6.68354415894,
        "dvar": 8.48109531403,
        "dvar2": 19.9631443024,
        "max": 43,
        "mean": 34.851852417,
        "median": 35,
        "min": 20,
        "var": 23.5336112976
    },
    "spectral_decrease": {
        "dmean": 4.44288250634e-09,
        "dmean2": 7.56424700654e-09,
        "dvar": 1.02181273653e-17,
        "dvar2": 2.70939833268e-17,
        "max": -5.62003110716e-09,
        "mean": -1.26659251976e-08,
        "median": -1.27818085005e-08,
        "min": -2.32366250685e-08,
        "var": 1.46462601036e-17
    },
    "spectral_energy": {
        "dmean": 0.0167713779956,
        "dmean2": 0.0285569988191,
        "dvar": 0.00014789380657,
        "dvar2": 0.000388575368561,
        "max": 0.0900770425797,
        "mean": 0.050200432539,
        "median": 0.0502518638968,
        "min": 0.0241045858711,
        "var": 0.0002098683035
    },
    "spectral_energyband_high": {
        "dmean": 0.000184860400623,
        "dmean2": 0.000306531728711,
        "dvar": 3.00405567089e-08,
        "dvar2": 8.43676559725e-08,
        "max": 0.00173161283601,
        "mean": 0.00058833649382,
        "median": 0.000532188918442,
        "min": 0.00016934251471,
        "var": 7.80446498538e-08
    },
    "spectral_energyband_low": {
        "dmean": 0.0178966894746,
        "dmean2": 0.0302438456565,
        "dvar": 0.000150384192239,
        "dvar2": 0.00041250869981,
        "max": 0.0728566646576,
        "mean": 0.032994993031,
        "median": 0.0319212190807,
        "min": 0.00478480802849,
        "var": 0.000231144629652
    },
    "spectral_energyband_middle_high": {
        "dmean": 0.0018203802174,
        "dmean2": 0.00314941513352,
        "dvar": 3.08548874273e-06,
        "dvar2": 5.94439143242e-06,
        "max": 0.0174211692065,
        "mean": 0.00764055736363,
        "median": 0.00672085350379,
        "min": 0.00334166595712,
        "var": 1.05358558358e-05
    },
    "spectral_energyband_middle_low": {
        "dmean": 0.00410097511485,
        "dmean2": 0.00649604154751,
        "dvar": 1.4296711015e-05,
        "dvar2": 2.64792961389e-05,
        "max": 0.0442292355001,
        "mean": 0.0109506258741,
        "median": 0.00876201782376,
        "min": 0.00283312005922,
        "var": 5.46308001503e-05
    },
    "spectral_entropy": {
        "dmean": 0.0692612305284,
        "dmean2": 0.116832830012,
        "dvar": 0.00191952136811,
        "dvar2": 0.00517235836014,
        "max": 7.74911594391,
        "mean": 7.55557966232,
        "median": 7.54490947723,
        "min": 7.39887285233,
        "var": 0.0058897533454
    },
    "spectral_flux": {
        "dmean": 0.0341904684901,
        "dmean2": 0.0594258494675,
        "dvar": 0.000534713384695,
        "dvar2": 0.00131771317683,
        "max": 0.193597942591,
        "mean": 0.117692641914,
        "median": 0.114836841822,
        "min": 0.0576753355563,
        "var": 0.000824935093988
    },
    "spectral_kurtosis": {
        "dmean": 2.19494056702,
        "dmean2": 3.8000125885,
        "dvar": 3.50919222832,
        "dvar2": 8.26231384277,
        "max": 15.5314903259,
        "mean": 3.1924738884,
        "median": 2.75840616226,
        "min": 0.224831104279,
        "var": 5.98114919662
    },
    "spectral_rms": {
        "dmean": 0.00117507053073,
        "dmean2": 0.00199930975214,
        "dvar": 7.0864598456e-07,
        "dvar2": 1.86154477433e-06,
        "max": 0.00937443599105,
        "mean": 0.00692491605878,
        "median": 0.00700187170878,
        "min": 0.00484939897433,
        "var": 1.02156263893e-06
    },
    "spectral_rolloff": {
        "dmean": 690.139282227,
        "dmean2": 1241.02148438,
        "dvar": 494593.4375,
        "dvar2": 1149056.875,
        "max": 3316.11328125,
        "mean": 1227.39257812,
        "median": 1012.06054688,
        "min": 129.19921875,
        "var": 964188.8125
    },
    "spectral_skewness": {
        "dmean": 0.251183360815,
        "dmean2": 0.416877508163,
        "dvar": 0.0670345798135,
        "dvar2": 0.132301613688,
        "max": 2.41779851913,
        "mean": 0.564881742001,
        "median": 0.508164942265,
        "min": -0.0035354278516,
        "var": 0.138764619827
    },
    "spectral_spread": {
        "dmean": 187534.53125,
        "dmean2": 304098.65625,
        "dvar": 56429195264,
        "dvar2": 89103220736,
        "max": 4540988,
        "mean": 2598997,
        "median": 2589304.5,
        "min": 2032201.625,
        "var": 95556222976
    },
    "spectral_strongpeak": {
        "dmean": 0.269004195929,
        "dmean2": 0.465954691172,
        "dvar": 0.0544376075268,
        "dvar2": 0.146797180176,
        "max": 1.48230326176,
        "mean": 0.442842185497,
        "median": 0.345428317785,
        "min": 0.0810584798455,
        "var": 0.0754745304585
    },
    "zerocrossingrate": {
        "dmean": 0.00653076171875,
        "dmean2": 0.00892503932118,
        "dvar": 3.23973581544e-05,
        "dvar2": 6.08114460192e-05,
        "max": 0.07177734375,
        "mean": 0.0453860424459,
        "median": 0.044921875,
        "min": 0.025390625,
        "var": 0.000137823022669
    },
    "barkbands": {
        "dmean": [8.12361031421e-05, 0.0168357174844, 0.00604294147342, 0.00203445716761, 0.00280808354728, 0.000486723234644, 0.00028167970595, 0.000223396840738, 0.000238865264691, 0.000181690818863, 0.000167135382071, 0.000215479027247, 7.75364169385e-05, 0.000277494342299, 0.000264441390755, 0.000601452309638, 0.00063430715818, 0.000362863065675, 0.000569887866732, 0.000232341655646, 0.000117809555377, 2.45181763603e-05, 7.26143866814e-07, 1.34752974645e-06, 2.76766257912e-07, 1.75382837142e-07, 1.37007759804e-07],
        "dmean2": [0.000132464090711, 0.0274069793522, 0.0107935601845, 0.00353409978561, 0.00417015142739, 0.000795101048425, 0.000493000261486, 0.000377103307983, 0.000397804746171, 0.000307410693495, 0.000286930735456, 0.000320147053571, 0.000131518725539, 0.000434964575106, 0.000427248014603, 0.00102291512303, 0.00102674006484, 0.000585546484217, 0.00095128180692, 0.000401265308028, 0.000201373753953, 4.32633241871e-05, 1.15284808544e-06, 2.05787387131e-06, 3.87900740861e-07, 2.01291456392e-07, 1.41375466001e-07],
        "dvar": [8.62590887607e-09, 0.000122645054944, 2.1821102564e-05, 3.56715145244e-06, 1.04625187305e-05, 5.81545293699e-07, 1.7556786247e-07, 9.66959774473e-08, 4.59347226922e-08, 4.33614602002e-08, 6.55593481724e-08, 6.64118502414e-08, 1.6476857212e-08, 9.60557926533e-08, 6.82096654714e-08, 4.46378095376e-07, 2.41975669724e-07, 1.18355195866e-07, 2.87357892148e-07, 4.14776053503e-08, 1.79339085804e-08, 3.26297322495e-10, 7.38714319749e-13, 1.69009370301e-12, 8.75095297875e-13, 1.22078215592e-12, 1.31433622666e-12],
        "dvar2": [1.49588803566e-08, 0.000383388483897, 5.67895403947e-05, 9.12401719688e-06, 2.35294173763e-05, 1.76353535153e-06, 5.11201676545e-07, 2.82502696791e-07, 1.33780133638e-07, 1.16950090501e-07, 1.56173612709e-07, 1.31789732905e-07, 3.43671331393e-08, 2.46623670819e-07, 1.59455808557e-07, 1.38156576668e-06, 6.0925657408e-07, 3.14243862931e-07, 7.27308474779e-07, 1.13479337926e-07, 4.95717138449e-08, 9.24415766157e-10, 1.09888769091e-12, 3.9861473497e-12, 9.32722757536e-13, 1.28237557292e-12, 1.32795846802e-12],
        "max": [0.000721632677596, 0.0580913648009, 0.036351967603, 0.0119674252346, 0.0349554941058, 0.00525743467733, 0.00263007404283, 0.00226362608373, 0.00126318074763, 0.00134716113098, 0.00217255624011, 0.00318648526445, 0.00114273512736, 0.00294119818136, 0.00257263984531, 0.00471062678844, 0.00367075274698, 0.00260421959683, 0.00410169688985, 0.00154751411173, 0.00125046027824, 0.000133252833621, 9.62252488534e-06, 1.12664392873e-05, 9.19594094739e-06, 1.00674033092e-05, 1.03377906271e-05],
        "mean": [8.31199504319e-05, 0.0177534781396, 0.0132413869724, 0.00300889881328, 0.00618002424017, 0.000640855636448, 0.000370191497495, 0.000325119384797, 0.000358352903277, 0.000275921600405, 0.000290453288471, 0.000451495754533, 0.000124188984046, 0.000521188019775, 0.000575591519009, 0.00147769844625, 0.00136270327494, 0.000869823270477, 0.0013020321494, 0.00059473561123, 0.00032587419264, 6.01184801781e-05, 2.1260198082e-06, 4.12689814766e-06, 5.98219685344e-07, 2.34043525893e-07, 1.45447160094e-07],
        "median": [5.9051104472e-05, 0.0165526028723, 0.0126013197005, 0.00248777447268, 0.00453513627872, 0.00037260123645, 0.000227943150094, 0.00016998728097, 0.000299223233014, 0.000148958846694, 0.00017443287652, 0.000307789887302, 6.36589320493e-05, 0.00042218004819, 0.000457302026916, 0.000927580171265, 0.0011650796514, 0.000698297691997, 0.00107626419049, 0.00053733313689, 0.000293889577733, 5.35300969204e-05, 1.74359013272e-06, 3.93118170905e-06, 4.26509075169e-07, 8.56309938513e-08, 1.27765895641e-08],
        "min": [9.08291667656e-07, 0.000583359273151, 0.000884253298864, 0.000501354574226, 0.000932525843382, 7.9802935943e-05, 1.76639368874e-05, 1.71551273525e-05, 3.42362945958e-05, 2.19053363253e-05, 5.31469740963e-05, 3.85372113669e-05, 1.25262604342e-05, 3.72069007426e-05, 9.742952534e-05, 0.000243553207838, 0.00025709863985, 0.000249262258876, 0.000297561637126, 0.000111192690383, 5.96568424953e-05, 1.62135766004e-05, 6.00084888447e-07, 1.13061832963e-06, 2.41416671543e-07, 4.58726425734e-08, 6.73114763927e-09],
        "var": [9.60711599163e-09, 0.000175314737135, 5.32665617357e-05, 4.67008476335e-06, 3.75525887648e-05, 5.9759878468e-07, 1.90455224924e-07, 1.42454553043e-07, 7.56609352948e-08, 7.81805340466e-08, 1.18080158984e-07, 2.26022351058e-07, 3.09696126521e-08, 1.58630825808e-07, 1.71009602923e-07, 1.39150131417e-06, 5.68855227812e-07, 2.75937964034e-07, 6.22803099759e-07, 1.00948334136e-07, 3.19992885522e-08, 8.28218604809e-10, 1.51362874058e-12, 3.5452261786e-12, 9.75537250807e-13, 1.2216304357e-12, 1.30027705183e-12]
    },
    "erbbands": {
        "dmean": [0.314762115479, 4.22185754776, 6.6339392662, 6.85235738754, 10.2125940323, 7.78044128418, 3.67636942863, 3.69004487991, 1.40422868729, 8.16767406464, 4.04378700256, 5.12450504303, 5.236577034, 4.45370054245, 6.76962041855, 8.66097450256, 2.88938522339, 10.4604463577, 14.5955276489, 21.4673118591, 36.431224823, 32.5961074829, 18.0601444244, 32.141784668, 20.0522670746, 11.8840579987, 5.09673595428, 3.30659818649, 0.993330955505, 0.153417527676, 0.0230587106198, 0.0424922257662, 0.0123428506777, 0.00461494317278, 0.00117297307588, 0.000792806618847, 0.000296578509733, 8.63073364599e-05, 2.5737705073e-05, 1.89897527889e-05],
        "dmean2": [0.533390164375, 6.88709354401, 11.6771459579, 12.2466287613, 14.4978208542, 12.5826892853, 5.83699893951, 6.34070539474, 2.41101717949, 14.9730453491, 6.40665006638, 8.40737056732, 8.99517440796, 7.59949207306, 11.306804657, 13.626455307, 4.56452083588, 15.6712121964, 24.8696327209, 37.7298088074, 61.2182540894, 53.1702537537, 30.3250846863, 54.3505134583, 34.4304924011, 19.5201053619, 8.65386009216, 5.89152193069, 1.70253026485, 0.255917161703, 0.0367092899978, 0.0677473396063, 0.0189086701721, 0.00663789594546, 0.00135363568552, 0.000949281791691, 0.000329572387272, 8.9633409516e-05, 3.09104070766e-05, 3.10364521283e-05],
        "dvar": [0.0536619834602, 7.80750799179, 25.7360935211, 37.7016983032, 86.4772491455, 104.93548584, 31.2598876953, 32.7531166077, 2.87336063385, 195.195205688, 33.763874054, 20.5713729858, 27.9277954102, 28.3275852203, 78.3275222778, 87.0695037842, 21.769569397, 244.336334229, 177.04725647, 334.255462646, 1779.5847168, 685.684326172, 308.355407715, 1008.00048828, 298.805023193, 105.932998657, 29.9362392426, 10.6849718094, 0.493916660547, 0.0171373542398, 0.000738794566132, 0.00152640417218, 0.000202567243832, 9.11986717256e-05, 5.22769478266e-05, 2.05078249564e-05, 3.84700888389e-06, 4.95768063047e-07, 2.56841392599e-08, 2.95960811414e-10],
        "dvar2": [0.152345493436, 23.5662918091, 66.2786483765, 112.624801636, 174.759246826, 294.635742188, 86.4388656616, 99.5498275757, 7.31837463379, 557.002746582, 90.2822341919, 59.1382331848, 80.1034622192, 70.0871810913, 158.436294556, 208.490509033, 51.6648521423, 521.527832031, 453.15322876, 810.202453613, 5279.29931641, 1758.82714844, 596.52557373, 2694.51342773, 752.867370605, 329.606445312, 83.7783660889, 26.5487327576, 1.42087137699, 0.0421208366752, 0.00122533075046, 0.00385980214924, 0.000350536865881, 0.00011823578825, 5.39959146408e-05, 2.18447403313e-05, 4.02638124797e-06, 5.00889143495e-07, 2.54865604177e-08, 4.89677132176e-10],
        "max": [1.23755395412, 14.5643920898, 36.8573684692, 39.4930076599, 114.278152466, 80.2048568726, 37.7842941284, 38.7857933044, 12.3766078949, 80.8870697021, 41.433467865, 24.6963176727, 39.2782936096, 40.16355896, 75.2044448853, 109.118560791, 47.6887931824, 148.922103882, 110.316383362, 142.450027466, 348.384216309, 184.127761841, 160.869033813, 251.362594604, 131.031448364, 90.1078872681, 53.4763793945, 30.0456008911, 6.10078573227, 1.2345212698, 0.279857903719, 0.275601506233, 0.163633242249, 0.0999992713332, 0.0671224817634, 0.0414369963109, 0.0179117489606, 0.00636893277988, 0.00148335937411, 0.000190168604604],
        "mean": [0.314540892839, 4.74422073364, 13.3357992172, 15.6009607315, 21.9344749451, 14.8617610931, 6.44798660278, 4.6415772438, 2.44139862061, 10.6462316513, 6.68212890625, 7.73141288757, 7.69425010681, 8.61228179932, 14.5517911911, 17.9618968964, 6.13582277298, 18.62981987, 31.4951496124, 47.0287818909, 90.8806838989, 74.4626159668, 49.4374656677, 72.9131851196, 48.9674186707, 28.8965110779, 14.1207904816, 9.83181476593, 2.7347548008, 0.412899851799, 0.0784704387188, 0.113808393478, 0.0416434854269, 0.0119925355539, 0.00204787054099, 0.00121102866251, 0.000396639923565, 9.56424773904e-05, 4.65154698759e-05, 6.01240826654e-05],
        "median": [0.275669038296, 4.53926801682, 11.3707408905, 14.8609790802, 16.5762481689, 10.5077199936, 4.48308992386, 2.7557182312, 1.49044859409, 6.26107692719, 3.94659781456, 5.59557247162, 5.15074872971, 5.25760650635, 8.74813842773, 13.0648269653, 4.20322942734, 12.2710027695, 26.4963188171, 39.0900268555, 59.7100219727, 64.9775085449, 43.1565246582, 60.7737541199, 43.4085617065, 25.0247631073, 12.0105600357, 8.9113817215, 2.47636675835, 0.356267273426, 0.0688111633062, 0.105220705271, 0.0387064479291, 0.00948408804834, 0.00106793362647, 0.000557238992769, 0.000131246983074, 1.26598370116e-05, 2.82140408672e-05, 5.87603899476e-05],
        "min": [0.0185206513852, 0.316021233797, 2.25542998314, 2.42780327797, 2.72330093384, 1.93655395508, 0.867751598358, 0.376205354929, 0.394967138767, 0.852621674538, 0.659710943699, 0.746827363968, 0.903533160686, 1.59598910809, 2.29477214813, 1.77195632458, 1.10041069984, 2.00095391273, 6.79389190674, 12.2503871918, 12.9950208664, 14.8497877121, 13.9872512817, 20.4817695618, 9.44229984283, 6.23591709137, 2.86657524109, 2.49119210243, 0.940157234669, 0.119682691991, 0.0219612810761, 0.0264178048819, 0.0141512583941, 0.00531226070598, 0.000670237699524, 0.000320825551171, 6.84992119204e-05, 6.0739903347e-06, 1.56526275532e-05, 3.16862642649e-05],
        "var": [0.0665107667446, 11.1717834473, 53.833114624, 54.3683853149, 406.503479004, 205.635269165, 41.4084587097, 31.9745883942, 5.34808778763, 185.110519409, 52.1015815735, 35.5131797791, 45.8735122681, 67.7673034668, 260.161376953, 275.276184082, 44.2496643066, 414.999847412, 344.870361328, 757.678100586, 5646.29003906, 1636.5748291, 744.231018066, 2089.93896484, 741.915283203, 250.070144653, 61.5642547607, 23.2443828583, 1.55124783516, 0.0396477915347, 0.0015778420493, 0.00301825162023, 0.000448772101663, 0.000122301396914, 5.32972553628e-05, 2.05660435313e-05, 3.8688440327e-06, 4.92724552714e-07, 2.58740637804e-08, 4.50949749764e-10]
    },
    "gfcc": {
        "mean": [-1.95740878582, 147.926101685, -157.985092163, 85.917678833, -17.5596752167, -6.77751493454, -11.8608236313, -1.64176678658, -14.07883358, -14.6226863861, -12.8547563553, -17.8921871185, 2.21552324295],
        "cov": [[228.581695557, -15.3544616699, -27.5496330261, -122.215637207, -32.5493011475, 17.0389270782, -31.4256381989, -0.718965709209, -27.5104408264, 41.2584495544, 11.7809753418, 37.4827346802, 3.50534391403], [-15.3544616699, 169.651519775, 26.1471767426, -91.2605438232, -48.0197257996, 2.7573287487, 18.0873317719, -11.0461139679, 1.69109153748, 18.6414222717, 27.3519649506, 1.7939426899, 12.5623912811], [-27.5496330261, 26.1471767426, 108.754760742, -0.959409892559, 33.8190193176, 8.38563251495, 11.7820005417, 1.08637499809, 1.62879490852, 7.72864818573, 3.21077728271, 5.6574473381, 1.76849293709], [-122.215637207, -91.2605438232, -0.959409892559, 240.652374268, 80.71434021, -8.65577793121, 24.5126438141, -1.07470691204, 37.514503479, -49.6910552979, -3.43512678146, -28.285867691, 8.49557304382], [-32.5493011475, -48.0197257996, 33.8190193176, 80.71434021, 84.2138519287, 24.3801460266, 15.9449052811, 9.12255382538, 19.9052238464, -7.23263454437, 2.54271650314, 3.62112236023, 6.53712844849], [17.0389270782, 2.7573287487, 8.38563251495, -8.65577793121, 24.3801460266, 35.1040382385, 19.494846344, 8.38637447357, 8.72457790375, 11.7873687744, 8.06544876099, 8.11261463165, 6.47355127335], [-31.4256381989, 18.0873317719, 11.7820005417, 24.5126438141, 15.9449052811, 19.494846344, 41.9745597839, 16.8988265991, 19.3493556976, 2.87811756134, 6.33691501617, -6.07439517975, 5.815741539], [-0.718965709209, -11.0461139679, 1.08637499809, -1.07470691204, 9.12255382538, 8.38637447357, 16.8988265991, 30.4549617767, 17.512014389, 5.6871547699, 1.19669759274, 3.99540662766, 3.81949424744], [-27.5104408264, 1.69109153748, 1.62879490852, 37.514503479, 19.9052238464, 8.72457790375, 19.3493556976, 17.512014389, 35.2165222168, 6.63570308685, 6.84717559814, 0.225932762027, 8.86729240417], [41.2584495544, 18.6414222717, 7.72864818573, -49.6910552979, -7.23263454437, 11.7873687744, 2.87811756134, 5.6871547699, 6.63570308685, 41.817615509, 17.8298721313, 16.6462993622, -0.0130464555696], [11.7809753418, 27.3519649506, 3.21077728271, -3.43512678146, 2.54271650314, 8.06544876099, 6.33691501617, 1.19669759274, 6.84717559814, 17.8298721313, 32.7161140442, 12.3734998703, 3.4012336731], [37.4827346802, 1.7939426899, 5.6574473381, -28.285867691, 3.62112236023, 8.11261463165, -6.07439517975, 3.99540662766, 0.225932762027, 16.6462993622, 12.3734998703, 30.094329834, 8.98302173615], [3.50534391403, 12.5623912811, 1.76849293709, 8.49557304382, 6.53712844849, 6.47355127335, 5.815741539, 3.81949424744, 8.86729240417, -0.0130464555696, 3.4012336731, 8.98302173615, 22.3313789368]],
        "icov": [[0.0102537507191, 0.00506204040721, 0.00105923833326, 0.00403155339882, 0.00285528274253, -0.0061804940924, 0.00441001402214, 5.16621767019e-05, 0.00431435462087, -0.00411187717691, -0.0047109471634, -0.00105301768053, -0.00685073109344], [0.00506204040721, 0.037758693099, -0.00797171704471, 0.032264791429, 0.00449543446302, 0.0181063897908, -0.030690126121, 0.0435477457941, -0.0342104546726, 0.0258851349354, -0.0399862714112, 0.0161638725549, -0.0265117548406], [0.00105923833326, -0.00797171704471, 0.0158401560038, -0.00161429296713, -0.013705230318, 0.00669464468956, -0.00224607647397, -0.00475210510194, 0.0111299809068, -0.00941876880825, 0.0088671958074, -0.00482549192384, 0.00331248529255], [0.00403155339882, 0.032264791429, -0.00161429296713, 0.0465126261115, -0.0167499929667, 0.0363489501178, -0.0381947830319, 0.0506505891681, -0.0445831827819, 0.0367396324873, -0.0408148653805, 0.0189285036176, -0.0243734568357], [0.00285528274253, 0.00449543446302, -0.013705230318, -0.0167499929667, 0.0478351637721, -0.0426020808518, 0.0183976180851, -0.00915724225342, -0.00307715986855, 0.00167922175024, 0.00101945840288, -0.00893063656986, 0.00426231138408], [-0.0061804940924, 0.0181063897908, 0.00669464468956, 0.0363489501178, -0.0426020808518, 0.103329516947, -0.0677330717444, 0.043052341789, -0.0235182829201, 0.0135671738535, -0.0228191390634, 0.00548162125051, -0.0201635994017], [0.00441001402214, -0.030690126121, -0.00224607647397, -0.0381947830319, 0.0183976180851, -0.0677330717444, 0.100306965411, -0.0699614360929, 0.0294148344547, -0.0290284007788, 0.0237179007381, 0.00878322869539, 0.0125306472182], [5.16621767019e-05, 0.0435477457941, -0.00475210510194, 0.0506505891681, -0.00915724225342, 0.043052341789, -0.0699614360929, 0.121140576899, -0.0790059715509, 0.0436612665653, -0.0377631150186, 0.00299743306823, -0.0197547283024], [0.00431435462087, -0.0342104546726, 0.0111299809068, -0.0445831827819, -0.00307715986855, -0.0235182829201, 0.0294148344547, -0.0790059715509, 0.115763418376, -0.0603201799095, 0.0355273075402, -0.00608167005703, -0.000748962687794], [-0.00411187717691, 0.0258851349354, -0.00941876880825, 0.0367396324873, 0.00167922175024, 0.0135671738535, -0.0290284007788, 0.0436612665653, -0.0603201799095, 0.0855523571372, -0.0477299019694, -0.00320158340037, 0.00107978435699], [-0.0047109471634, -0.0399862714112, 0.0088671958074, -0.0408148653805, 0.00101945840288, -0.0228191390634, 0.0237179007381, -0.0377631150186, 0.0355273075402, -0.0477299019694, 0.0922147110105, -0.0371019244194, 0.0314018242061], [-0.00105301768053, 0.0161638725549, -0.00482549192384, 0.0189285036176, -0.00893063656986, 0.00548162125051, 0.00878322869539, 0.00299743306823, -0.00608167005703, -0.00320158340037, -0.0371019244194, 0.0831217765808, -0.0428939498961], [-0.00685073109344, -0.0265117548406, 0.00331248529255, -0.0243734568357, 0.00426231138408, -0.0201635994017, 0.0125306472182, -0.0197547283024, -0.000748962687794, 0.00107978435699, 0.0314018242061, -0.0428939498961, 0.0872622430325]]
    },
    "melbands": {
        "dmean": [0.00399492261931, 0.0036949205678, 0.00103289796971, 0.000742009084206, 0.000134848727612, 8.31271754578e-05, 2.97459828289e-05, 8.04787196103e-05, 3.92250221921e-05, 3.1235984352e-05, 2.77827202808e-05, 1.98959533009e-05, 2.55348131759e-05, 2.48688556894e-05, 1.33527473736e-05, 1.16366936709e-05, 2.00120939553e-05, 2.76620994555e-05, 1.81360992428e-05, 3.83029182558e-05, 4.47151614935e-05, 3.64609004464e-05, 2.77601211565e-05, 1.8608308892e-05, 3.04191235045e-05, 1.95858374354e-05, 1.28294850583e-05, 7.35741923563e-06, 2.42006581175e-06, 4.68095049655e-06, 1.35046229843e-06, 6.68939492243e-07, 3.01857255636e-07, 3.13011305764e-08, 1.28650041731e-08, 2.25683400856e-08, 2.77153162642e-08, 1.11784590473e-08, 6.23361273711e-09, 3.51182594116e-09],
        "dmean2": [0.00660975696519, 0.00638341903687, 0.00183063105214, 0.00110142456833, 0.000215057691094, 0.000139279625728, 5.16188192705e-05, 0.000146402860992, 5.92734650127e-05, 5.31670884811e-05, 4.79078917124e-05, 3.31624250975e-05, 4.17503033532e-05, 3.75926429115e-05, 2.29857978411e-05, 1.90784558072e-05, 2.96845391858e-05, 4.62738717033e-05, 3.01045329252e-05, 6.95042617735e-05, 7.62183481129e-05, 5.92114665778e-05, 4.71736821055e-05, 2.87070579361e-05, 5.17178268638e-05, 3.39011821779e-05, 2.1961526727e-05, 1.22027076941e-05, 3.99320333599e-06, 8.12209509604e-06, 2.3456548206e-06, 1.1458400877e-06, 4.98972497098e-07, 5.21593328529e-08, 2.03367331864e-08, 3.7257215979e-08, 4.39043290612e-08, 1.75743064545e-08, 9.90521531463e-09, 5.23487164727e-09],
        "dvar": [7.48058300815e-06, 7.19588661013e-06, 7.64289495692e-07, 7.21844799045e-07, 4.60123814605e-08, 1.71629359613e-08, 1.43773071226e-09, 1.86815007908e-08, 2.56932142229e-09, 8.82512896094e-10, 7.63711038854e-10, 5.30073318572e-10, 1.24538024338e-09, 8.73685457314e-10, 2.80958145638e-10, 3.76094350107e-10, 8.77630745855e-10, 5.09675246452e-10, 2.79754747146e-10, 1.32137867315e-09, 2.67238187135e-09, 1.08992659342e-09, 7.36043170857e-10, 3.18934378907e-10, 9.53277012883e-10, 3.77905345905e-10, 1.03881500624e-10, 6.18667755914e-11, 5.59449188364e-12, 3.51401685528e-11, 1.13564474664e-12, 2.25022772768e-13, 5.53041160502e-14, 8.51642606432e-16, 2.63753830737e-16, 4.35308442802e-16, 6.5337506337e-16, 1.32964095391e-16, 6.58260471477e-17, 7.227452221e-17],
        "dvar2": [2.22408325499e-05, 1.76963803824e-05, 2.1571081561e-06, 1.77081983566e-06, 1.25334395307e-07, 5.24834966598e-08, 3.81838338726e-09, 5.3606640904e-08, 6.94942325907e-09, 2.63293786773e-09, 2.21017582014e-09, 1.32639488282e-09, 2.88730572784e-09, 1.50162771106e-09, 8.16667511394e-10, 7.52072126797e-10, 1.94327420822e-09, 1.4020459238e-09, 5.94593929648e-10, 3.76097553101e-09, 7.360657861e-09, 2.71360711679e-09, 1.70167324676e-09, 8.36406388594e-10, 2.60828492138e-09, 9.19616882644e-10, 2.8882882197e-10, 1.98095248538e-10, 1.56840859744e-11, 1.06510397724e-10, 3.2024547944e-12, 7.24552416762e-13, 1.43469573244e-13, 2.48964773121e-15, 4.44320026328e-16, 1.13831148419e-15, 1.57643684094e-15, 2.66927874948e-16, 1.31089214432e-16, 8.72876054824e-17],
        "max": [0.0140438601375, 0.0169572979212, 0.00624482519925, 0.00903169065714, 0.00144941615872, 0.00088506413158, 0.000244125491008, 0.000792439677753, 0.000337318895617, 0.000180804694537, 0.000192117600818, 0.000168565835338, 0.000317364378134, 0.000363053171895, 0.000141269163578, 0.000166512822034, 0.000280568929156, 0.000175798719283, 0.00017213706451, 0.000262474786723, 0.000405587488785, 0.00022212867043, 0.000227444674238, 0.000125772319734, 0.000236406587646, 0.000130824060761, 9.24622145249e-05, 6.47239867249e-05, 2.3053957193e-05, 4.97645705764e-05, 1.03747725007e-05, 3.75254148821e-06, 1.90224693597e-06, 2.25310074597e-07, 1.61459468018e-07, 1.56839604415e-07, 1.6999001673e-07, 1.24439765159e-07, 8.52078443359e-08, 8.41018064079e-08],
        "mean": [0.00411700550467, 0.0071698310785, 0.00287767313421, 0.00154722505249, 0.000247455638601, 0.000104702419776, 4.63850446977e-05, 0.000106006569695, 5.88052716921e-05, 4.6247663704e-05, 3.94888047595e-05, 3.48474422935e-05, 4.62968127977e-05, 5.31109908479e-05, 2.48043361353e-05, 1.79238395503e-05, 3.41644190485e-05, 5.41037479707e-05, 4.22230768891e-05, 8.56069091242e-05, 0.000104750382889, 7.56857116357e-05, 5.97903417656e-05, 4.19091520598e-05, 6.29015048617e-05, 4.16115217377e-05, 2.928369031e-05, 1.59297651408e-05, 6.54592122373e-06, 1.07926889541e-05, 3.89190290662e-06, 1.6230305846e-06, 6.61257274714e-07, 6.43206377049e-08, 3.23616191622e-08, 6.02236625014e-08, 7.10214393962e-08, 3.20326023484e-08, 1.6148183235e-08, 7.67084706865e-09],
        "median": [0.00385891692713, 0.00652523804456, 0.00274078501388, 0.00110356102232, 0.000173748238012, 5.87040485698e-05, 2.66269344138e-05, 6.16897814325e-05, 3.84219129046e-05, 3.69807057723e-05, 2.69907959591e-05, 2.06140339287e-05, 2.6991850973e-05, 3.54087424057e-05, 1.85650678759e-05, 1.19166625154e-05, 2.13700077438e-05, 4.71777493658e-05, 3.53528193955e-05, 6.31800721749e-05, 6.7981905886e-05, 6.80211014696e-05, 5.20104294992e-05, 3.22384803439e-05, 5.10435347678e-05, 3.41113118338e-05, 2.92585809802e-05, 1.31782635435e-05, 5.70211568629e-06, 9.41460712056e-06, 3.70264683625e-06, 1.44483294662e-06, 5.7697587863e-07, 5.73701939288e-08, 2.62542805274e-08, 5.64569191397e-08, 6.46219291411e-08, 2.91125807905e-08, 1.39627820417e-08, 5.80336934064e-09],
        "min": [0.000188470075955, 0.0011039765086, 0.000461917254142, 0.000186151621165, 3.90153873013e-05, 9.06885634322e-06, 6.33783156445e-06, 7.34429204385e-06, 4.43327508037e-06, 4.73545787827e-06, 4.51731193607e-06, 5.64104720979e-06, 8.37276365928e-06, 4.84643805976e-06, 2.85948112833e-06, 2.14300280277e-06, 3.4845470509e-06, 7.14014458936e-06, 9.25267977436e-06, 1.73201187863e-05, 1.5521176465e-05, 1.30635644382e-05, 1.34762685775e-05, 1.14582780952e-05, 1.71257106558e-05, 4.84201609652e-06, 7.06808259565e-06, 2.5339656986e-06, 1.39992960158e-06, 1.5119148884e-06, 1.04408093193e-06, 4.63763200287e-07, 1.10947446785e-07, 2.101361396e-08, 9.75989244978e-09, 1.21424106325e-08, 1.67629021774e-08, 9.26456067418e-09, 5.41836531198e-09, 2.9095712506e-09],
        "var": [1.0131124327e-05, 1.22671426652e-05, 1.44452440054e-06, 2.29969327847e-06, 5.88378235022e-08, 1.68633320641e-08, 2.22254326054e-09, 1.81550099398e-08, 4.04581301794e-09, 1.32162913946e-09, 1.23265586627e-09, 1.20499377143e-09, 2.99174551799e-09, 3.33547212072e-09, 4.82211048869e-10, 6.28029461769e-10, 1.47906509262e-09, 1.04534503276e-09, 7.66294361298e-10, 3.42278849708e-09, 7.54328866037e-09, 1.99614036411e-09, 1.39349443096e-09, 6.88821999439e-10, 1.74063408132e-09, 7.58832718883e-10, 2.5595700559e-10, 9.39374689146e-11, 1.38824082438e-11, 4.41145731056e-11, 3.26162274272e-12, 6.12506247978e-13, 1.22381773227e-13, 1.42140196538e-15, 4.46356822929e-16, 8.89745113015e-16, 1.26805332067e-15, 2.89365724782e-16, 1.1328774502e-16, 8.69671755654e-17]
    },
    "mfcc": {
        "mean": [-623.301025391, 148.131347656, -49.5429801941, 83.5825271606, 14.8503837585, 14.6809911728, 13.9386920929, 7.47144985199, 14.3321666718, 0.963015735149, -5.13957834244, 1.77166032791, -8.66801738739],
        "cov": [[235.575195312, 1.42276346684, -51.0606307983, -96.4822616577, -30.3316802979, -15.6317367554, -9.33445167542, -31.7838630676, -30.5179862976, -8.43640995026, -0.17445525527, -4.35370540619, 6.26555013657], [1.42276346684, 245.055465698, 46.3263092041, -145.797927856, -66.6384887695, -17.8922176361, 4.73254537582, -42.8564491272, -19.1665058136, -15.1425657272, 30.734457016, 0.648868560791, 8.95404338837], [-51.0606307983, 46.3263092041, 60.008556366, 9.39062023163, -0.864966988564, 4.08801221848, 6.09639406204, -1.05493438244, -1.90182614326, 2.38247227669, 6.02003574371, -3.52792048454, -3.80409383774], [-96.4822616577, -145.797927856, 9.39062023163, 177.672561646, 63.6649780273, 25.757604599, 2.66950750351, 44.0504493713, 23.3199939728, 15.2320575714, -19.1206912994, 10.2816991806, -9.8994512558], [-30.3316802979, -66.6384887695, -0.864966988564, 63.6649780273, 68.4795684814, 26.7128791809, 7.37572383881, 23.8292274475, 11.3657836914, 4.39151668549, -10.2330694199, 10.6301364899, 5.78648233414], [-15.6317367554, -17.8922176361, 4.08801221848, 25.757604599, 26.7128791809, 38.2352714539, 14.7477169037, 9.37212085724, 7.95547628403, 3.58597254753, 6.5667924881, 4.32332754135, -0.74087703228], [-9.33445167542, 4.73254537582, 6.09639406204, 2.66950750351, 7.37572383881, 14.7477169037, 29.3315238953, 9.97643280029, 3.66718149185, 3.95115590096, 11.1098194122, 4.2207326889, -2.3202009201], [-31.7838630676, -42.8564491272, -1.05493438244, 44.0504493713, 23.8292274475, 9.37212085724, 9.97643280029, 40.3872756958, 22.6200084686, 8.48413848877, -2.5512471199, 2.04809308052, -2.99240088463], [-30.5179862976, -19.1665058136, -1.90182614326, 23.3199939728, 11.3657836914, 7.95547628403, 3.66718149185, 22.6200084686, 42.4870147705, 13.9081020355, -0.882237255573, 2.25739836693, 3.41137957573], [-8.43640995026, -15.1425657272, 2.38247227669, 15.2320575714, 4.39151668549, 3.58597254753, 3.95115590096, 8.48413848877, 13.9081020355, 23.6982593536, 5.79742336273, 1.01086139679, -2.89741587639], [-0.17445525527, 30.734457016, 6.02003574371, -19.1206912994, -10.2330694199, 6.5667924881, 11.1098194122, -2.5512471199, -0.882237255573, 5.79742336273, 34.7676277161, 6.85642623901, 3.18579101562], [-4.35370540619, 0.648868560791, -3.52792048454, 10.2816991806, 10.6301364899, 4.32332754135, 4.2207326889, 2.04809308052, 2.25739836693, 1.01086139679, 6.85642623901, 27.8502922058, 16.6204814911], [6.26555013657, 8.95404338837, -3.80409383774, -9.8994512558, 5.78648233414, -0.74087703228, -2.3202009201, -2.99240088463, 3.41137957573, -2.89741587639, 3.18579101562, 16.6204814911, 35.0914535522]],
