{
"lowlevel": {
    "average_loudness": 0.975373625755,
    "barkbands_crest": {
        "dmean": 3.20886015892,
        "dmean2": 5.38110494614,
        "dvar": 6.94924926758,
        "dvar2": 19.534154892,
        "max": 22.1586608887,
        "mean": 9.59289264679,
        "median": 8.91341495514,
        "min": 3.50026226044,
        "var": 15.9041900635
    },
    "barkbands_flatness_db": {
        "dmean": 0.0173989012837,
        "dmean2": 0.028987294063,
        "dvar": 0.000208191384445,
        "dvar2": 0.000578087521717,
        "max": 0.243234843016,
        "mean": 0.16478459537,
        "median": 0.165033116937,
        "min": 0.105263076723,
        "var": 0.000700669712387
    },
    "barkbands_kurtosis": {
        "dmean": 1.05222666264,
        "dmean2": 1.8516908884,
        "dvar": 1.92872822285,
        "dvar2": 5.51628446579,
        "max": 7.85018062592,
        "mean": -0.590425252914,
        "median": -1.09631621838,
        "min": -1.8271920681,
        "var": 2.18879628181
    },
    "barkbands_skewness": {
        "dmean": 0.572434961796,
        "dmean2": 0.93903106451,
        "dvar": 0.212935611606,
        "dvar2": 0.594692826271,
        "max": 2.96079754829,
        "mean": 0.193098708987,
        "median": 0.131936088204,
        "min": -2.28958916664,
        "var": 0.819207966328
    },
    "barkbands_spread": {
        "dmean": 6.53809690475,
        "dmean2": 10.9261875153,
        "dvar": 26.5506687164,
        "dvar2": 78.7877197266,
        "max": 52.9784202576,
        "mean": 30.5121192932,
        "median": 30.8643035889,
        "min": 10.0092010498,
        "var": 59.4076118469
    },
    "dissonance": {
        "dmean": 0.00860042870045,
        "dmean2": 0.0142418583855,
        "dvar": 0.000103111320641,
        "dvar2": 0.000273311743513,
        "max": 0.499551087618,
        "mean": 0.48676392436,
        "median": 0.489276558161,
        "min": 0.416687726974,
        "var": 0.000111767039925
    },
    "dynamic_complexity": 1.64682030678,
    "erbbands_crest": {
        "dmean": 3.11139583588,
        "dmean2": 5.17761468887,
        "dvar": 8.77554988861,
        "dvar2": 21.4004077911,
        "max": 30.6827850342,
        "mean": 10.7338371277,
        "median": 9.1569776535,
        "min": 4.34223270416,
        "var": 27.7724113464
    },
    "erbbands_flatness_db": {
        "dmean": 0.015398716554,
        "dmean2": 0.0241900533438,
        "dvar": 0.000149362254888,
        "dvar2": 0.000400784658268,
        "max": 0.335995018482,
        "mean": 0.246721923351,
        "median": 0.24540323019,
        "min": 0.158250644803,
        "var": 0.000898540019989
    },
    "erbbands_kurtosis": {
        "dmean": 2.26142477989,
        "dmean2": 3.49026799202,
        "dvar": 8.39962100983,
        "dvar2": 17.5581665039,
        "max": 31.006362915,
        "mean": 3.21613645554,
        "median": 2.38384342194,
        "min": -1.64341723919,
        "var": 18.709569931
    },
    "erbbands_skewness": {
        "dmean": 0.42948821187,
        "dmean2": 0.661806762218,
        "dvar": 0.153703629971,
        "dvar2": 0.319272726774,
        "max": 0.513733565807,
        "mean": -1.40703439713,
        "median": -1.40937387943,
        "min": -5.12973546982,
        "var": 0.583117425442
    },
    "erbbands_spread": {
        "dmean": 6.677485466,
        "dmean2": 11.2359380722,
        "dvar": 35.5940704346,
        "dvar2": 106.24130249,
        "max": 59.6753883362,
        "mean": 22.3794765472,
        "median": 20.5539169312,
        "min": 3.87615084648,
        "var": 120.665863037
    },
    "hfc": {
        "dmean": 6.52824831009,
        "dmean2": 10.1703014374,
        "dvar": 52.1125450134,
        "dvar2": 120.305961609,
        "max": 80.8460540771,
        "mean": 25.0182876587,
        "median": 22.3239154816,
        "min": 2.02607417107,
        "var": 237.355834961
    },
    "melbands_crest": {
        "dmean": 3.67134213448,
        "dmean2": 6.04812860489,
        "dvar": 7.84780979156,
        "dvar2": 21.092004776,
        "max": 27.4023132324,
        "mean": 13.0647573471,
        "median": 12.7632656097,
        "min": 4.38373947144,
        "var": 22.9731330872
    },
    "melbands_flatness_db": {
        "dmean": 0.0242183879018,
        "dmean2": 0.0404036790133,
        "dvar": 0.000446309160907,
        "dvar2": 0.00121000269428,
        "max": 0.326010197401,
        "mean": 0.209853589535,
        "median": 0.212991639972,
        "min": 0.100381657481,
        "var": 0.00178335828241
    },
    "melbands_kurtosis": {
        "dmean": 2.72652316093,
        "dmean2": 4.61137866974,
        "dvar": 14.660036087,
        "dvar2": 43.5791244507,
        "max": 29.3863487244,
        "mean": 1.95673751831,
        "median": 0.208547592163,
        "min": -1.84838271141,
        "var": 21.9814949036
    },
    "melbands_skewness": {
        "dmean": 0.7162951231,
        "dmean2": 1.18819713593,
        "dvar": 0.35905995965,
        "dvar2": 1.02364325523,
        "max": 5.17142629623,
        "mean": 1.39332079887,
        "median": 1.27682065964,
        "min": -0.865040540695,
        "var": 1.17974543571
    },
    "melbands_spread": {
        "dmean": 11.6393918991,
        "dmean2": 18.785993576,
        "dvar": 89.1262054443,
        "dvar2": 209.633499146,
        "max": 104.091880798,
        "mean": 48.3060340881,
        "median": 48.6958198547,
        "min": 7.89118862152,
        "var": 395.460144043
    },
    "pitch_salience": {
        "dmean": 0.074574239552,
        "dmean2": 0.128133967519,
        "dvar": 0.00405522529036,
        "dvar2": 0.0104629211128,
        "max": 0.756483435631,
        "mean": 0.526550531387,
        "median": 0.52645277977,
        "min": 0.2465595752,
        "var": 0.0106091890484
    },
    "silence_rate_20dB": {
        "dmean": 0,
        "dmean2": 0,
        "dvar": 0,
        "dvar2": 0,
        "max": 1,
        "mean": 1,
        "median": 1,
        "min": 1,
        "var": 0
    },
    "silence_rate_30dB": {
        "dmean": 0,
        "dmean2": 0,
        "dvar": 0,
        "dvar2": 0,
        "max": 1,
        "mean": 1,
        "median": 1,
        "min": 1,
        "var": 0
    },
    "silence_rate_60dB": {
        "dmean": 0,
        "dmean2": 0,
        "dvar": 0,
        "dvar2": 0,
        "max": 0,
        "mean": 0,
        "median": 0,
        "min": 0,
        "var": 0
    },
    "spectral_centroid": {
        "dmean": 235.789916992,
        "dmean2": 379.276062012,
        "dvar": 39251.4726562,
        "dvar2": 109676.664062,
        "max": 2841.82495117,
        "mean": 1942.45922852,
        "median": 2000.44812012,
        "min": 674.621643066,
        "var": 190320.359375
    },
    "spectral_complexity": {
        "dmean": 3.68000006676,
        "dmean2": 5.83667612076,
        "dvar": 8.22902774811,
        "dvar2": 20.0736598969,
        "max": 49,
        "mean": 27.3390312195,
        "median": 27,
        "min": 4,
        "var": 64.2526245117
    },
    "spectral_decrease": {
        "dmean": 1.1886298612e-09,
        "dmean2": 1.96154759102e-09,
        "dvar": 9.47844964024e-19,
        "dvar2": 2.77221475927e-18,
        "max": -7.6064415877e-10,
        "mean": -4.84623585706e-09,
        "median": -4.91931917423e-09,
        "min": -8.21841883436e-09,
        "var": 2.45931053152e-18
    },
    "spectral_energy": {
        "dmean": 0.00486055808142,
        "dmean2": 0.00800108909607,
        "dvar": 1.601830445e-05,
        "dvar2": 4.52599451819e-05,
        "max": 0.0380618534982,
        "mean": 0.0205600187182,
        "median": 0.0206646453589,
        "min": 0.00325980829075,
        "var": 4.78047186334e-05
    },
    "spectral_energyband_high": {
        "dmean": 9.03846957954e-05,
        "dmean2": 0.000150955587742,
        "dvar": 2.84914776216e-08,
        "dvar2": 7.35963183729e-08,
        "max": 0.00204684166238,
        "mean": 0.000230806588661,
        "median": 0.000108284584712,
        "min": 1.26697614178e-05,
        "var": 9.1450203854e-08
    },
    "spectral_energyband_low": {
        "dmean": 0.00244033010677,
        "dmean2": 0.00411707023159,
        "dvar": 6.95943026585e-06,
        "dvar2": 1.87208788702e-05,
        "max": 0.0202279035002,
        "mean": 0.00374100310728,
        "median": 0.00250461697578,
        "min": 7.4815870903e-05,
        "var": 1.22361725516e-05
    },
    "spectral_energyband_middle_high": {
        "dmean": 0.00296772504225,
        "dmean2": 0.00467695621774,
        "dvar": 9.48946581047e-06,
        "dvar2": 2.29359775403e-05,
        "max": 0.0295549221337,
        "mean": 0.0102575169876,
        "median": 0.00884631928056,
        "min": 0.000453690328868,
        "var": 4.01501019951e-05
    },
    "spectral_energyband_middle_low": {
        "dmean": 0.00307995243929,
        "dmean2": 0.00515421759337,
        "dvar": 9.11676033866e-06,
        "dvar2": 2.77132749034e-05,
        "max": 0.0271411407739,
        "mean": 0.00667384592816,
        "median": 0.00538043025881,
        "min": 0.000495807966217,
        "var": 2.31844478549e-05
    },
    "spectral_entropy": {
        "dmean": 0.0922365933657,
        "dmean2": 0.153640568256,
        "dvar": 0.00647182250395,
        "dvar2": 0.017417833209,
        "max": 7.79875898361,
        "mean": 7.38201522827,
        "median": 7.41274738312,
        "min": 6.68332338333,
        "var": 0.0414938554168
    },
    "spectral_flux": {
        "dmean": 0.0156746860594,
        "dmean2": 0.0260191597044,
        "dvar": 0.00017585081514,
        "dvar2": 0.000479738955619,
        "max": 0.150535568595,
        "mean": 0.0849360898137,
        "median": 0.0796794965863,
        "min": 0.0444160401821,
        "var": 0.000495450629387
    },
    "spectral_kurtosis": {
        "dmean": 4.52507305145,
        "dmean2": 8.02287387848,
        "dvar": 15.2815179825,
        "dvar2": 47.9359207153,
        "max": 22.8634681702,
        "mean": 7.20188760757,
        "median": 6.17221736908,
        "min": 1.08353853226,
        "var": 19.1009693146
    },
    "spectral_rms": {
        "dmean": 0.000558107858524,
        "dmean2": 0.000917636381928,
        "dvar": 2.26022635275e-07,
        "dvar2": 6.45824854928e-07,
        "max": 0.00609372742474,
        "mean": 0.00440580816939,
        "median": 0.00449005886912,
        "min": 0.00178333977237,
        "var": 6.47385718366e-07
    },
    "spectral_rolloff": {
        "dmean": 311.123687744,
        "dmean2": 533.763916016,
        "dvar": 147508.828125,
        "dvar2": 404982.15625,
        "max": 3445.3125,
        "mean": 2243.01123047,
        "median": 2476.31835938,
        "min": 107.666015625,
        "var": 312528.40625
    },
    "spectral_skewness": {
        "dmean": 0.418036073446,
        "dmean2": 0.743915379047,
        "dvar": 0.133236929774,
        "dvar2": 0.383830845356,
        "max": 3.80235695839,
        "mean": 1.07348024845,
        "median": 0.99675822258,
        "min": 0.348847180605,
        "var": 0.168519809842
    },
    "spectral_spread": {
        "dmean": 171707.984375,
        "dmean2": 275921.0625,
        "dvar": 66940239872,
        "dvar2": 87720550400,
        "max": 6559662.5,
        "mean": 2024414.875,
        "median": 1988510.625,
        "min": 1499940,
        "var": 113460772864
    },
    "spectral_strongpeak": {
        "dmean": 1.26806008816,
        "dmean2": 2.25966835022,
        "dvar": 4.2094783783,
        "dvar2": 9.89982509613,
        "max": 12.4270744324,
        "mean": 1.5801409483,
        "median": 0.53649866581,
        "min": 0.0594933778048,
        "var": 5.6524348259
    },
    "zerocrossingrate": {
        "dmean": 0.00696289073676,
        "dmean2": 0.00858759414405,
        "dvar": 3.28086825903e-05,
        "dvar2": 4.37437447545e-05,
        "max": 0.11865234375,
        "mean": 0.0675455704331,
        "median": 0.06689453125,
        "min": 0.0205078125,
        "var": 0.000397166033508
    },
    "barkbands": {
        "dmean": [2.63624497165e-05, 0.00197822111659, 0.000573001394514, 0.000844423659146, 0.00249091605656, 0.000184197473573, 0.000282139662886, 0.000120459211757, 0.000322365085594, 0.000469457852887, 0.000256543862633, 0.00026721751783, 0.000134454559884, 0.00120314722881, 0.000613989890553, 0.00106558634434, 0.00126712431666, 0.000575757818297, 0.000262540037511, 9.9983131804e-05, 6.61392259644e-05, 9.10769358597e-06, 7.90067360867e-07, 1.31527713165e-06, 3.9413279751e-07, 1.87639585647e-07, 1.25751675739e-08],
        "dmean2": [4.26917031291e-05, 0.00335246347822, 0.000997212948278, 0.0015011690557, 0.00423780782148, 0.000295952748274, 0.00048035630607, 0.000201871240279, 0.000511864200234, 0.000768270983826, 0.000432130182162, 0.000462551164674, 0.000223813753109, 0.00199833279476, 0.00101830309723, 0.00179931696039, 0.00200564856641, 0.000945586711168, 0.000423201854574, 0.000161509975442, 0.00010983741231, 1.52539532792e-05, 1.39502913044e-06, 2.07352331927e-06, 6.58765316075e-07, 2.96334548011e-07, 1.80455508314e-08],
        "dvar": [1.32420807653e-09, 5.28113605469e-06, 8.12048597254e-07, 1.06570280423e-06, 8.2050146375e-06, 1.74922547558e-07, 1.29388411096e-07, 1.76307253241e-08, 3.38779159392e-07, 1.03304671484e-06, 1.88783474186e-07, 1.44731757246e-07, 3.35382530636e-08, 2.40614554059e-06, 1.49743334532e-06, 3.2739976632e-06, 3.50089908352e-06, 9.11664926662e-07, 1.22562099136e-07, 3.07447933778e-08, 1.34359252613e-08, 3.68822472563e-10, 5.96105153086e-12, 1.70564985746e-11, 1.68113331415e-12, 5.21830300325e-13, 7.91031279243e-15],
        "dvar2": [2.86075962919e-09, 1.32051227411e-05, 2.6918291951e-06, 3.12798738378e-06, 2.4009936169e-05, 3.96184532292e-07, 3.41344303934e-07, 4.76845372077e-08, 6.17222667643e-07, 2.62406115326e-06, 4.96935228966e-07, 3.52557975702e-07, 8.78315944419e-08, 6.03001763011e-06, 4.07768402511e-06, 9.25044514588e-06, 8.00036559667e-06, 2.23348888539e-06, 2.74086858099e-07, 5.67284850206e-08, 3.65896433152e-08, 9.71688174367e-10, 1.56885407443e-11, 3.28980800934e-11, 3.08368868635e-12, 1.17451371979e-12, 8.39740501798e-15],
        "max": [0.00036056980025, 0.0188483875245, 0.00608342885971, 0.00883931294084, 0.0233915187418, 0.00448049465194, 0.00424970779568, 0.00120885157958, 0.0077270725742, 0.0105530964211, 0.00565358903259, 0.0036712824367, 0.00226211966947, 0.0128741590306, 0.0165888406336, 0.0173495560884, 0.0183470826596, 0.0100537408143, 0.00487050320953, 0.00307736522518, 0.00116209278349, 0.000249992182944, 3.35791628459e-05, 7.60688562877e-05, 2.22978142119e-05, 1.18686457427e-05, 1.65922460837e-06],
        "mean": [3.24826251017e-05, 0.00279881805182, 0.000656427699141, 0.000958858116064, 0.00431711459532, 0.000222817528993, 0.000356918550096, 0.000164665572811, 0.000478021102026, 0.00064290210139, 0.000332465540851, 0.000364783132682, 0.000199669782887, 0.00180121988524, 0.000986195635051, 0.00178222998511, 0.00242027058266, 0.00105284131132, 0.000615199038293, 0.000205228890991, 0.000147289640154, 1.82640324056e-05, 1.39793894505e-06, 2.80191738966e-06, 8.08606387181e-07, 3.38634436048e-07, 2.54204781669e-08],
        "median": [1.90308019228e-05, 0.00177955371328, 0.000349798705429, 0.000593402248342, 0.00248774467036, 0.000119279357023, 0.000243644622969, 0.000124088401208, 0.00025996909244, 0.000344022526406, 0.000209738354897, 0.000255040591583, 0.000141080585308, 0.0012207388645, 0.000601256208029, 0.00109938357491, 0.00153328501619, 0.000652257644106, 0.000437060603872, 0.000110233391752, 6.03703629167e-05, 5.75315016249e-06, 6.27395252195e-07, 7.77363368343e-07, 2.47325743885e-07, 6.08756067777e-08, 1.52681352006e-08],
        "min": [3.61739154187e-07, 3.13710879709e-05, 1.20275160498e-06, 8.01271744422e-06, 4.54357286799e-05, 7.06583159626e-06, 1.22244146041e-05, 9.56301664701e-06, 1.96826349566e-05, 2.04621337616e-05, 1.10786349978e-05, 2.50028551818e-05, 6.17364275968e-06, 3.89097331208e-05, 2.53029411397e-05, 6.43993334961e-05, 9.74417780526e-05, 3.23003041558e-05, 4.42396194558e-05, 1.20249924294e-05, 6.87069450578e-06, 9.15883958896e-07, 8.93485321285e-08, 1.64681310366e-07, 2.9888518327e-08, 9.08302588698e-09, 3.52134255088e-09],
        "var": [1.73500591671e-09, 9.53666585701e-06, 7.91164495695e-07, 1.22768665278e-06, 1.97055924218e-05, 1.83680427313e-07, 1.63975641954e-07, 2.36621815475e-08, 6.93420417974e-07, 1.34416347919e-06, 2.01377815756e-07, 1.70683222223e-07, 4.2895933916e-08, 3.88105536331e-06, 1.73705063844e-06, 3.83377027902e-06, 7.80676873546e-06, 1.5981654542e-06, 3.63671404102e-07, 8.37958396005e-08, 3.88594436629e-08, 9.68192304107e-10, 7.43547844823e-12, 4.60309221295e-11, 4.54209586609e-12, 1.16394665173e-12, 8.02220245663e-15]
    },
    "erbbands": {
        "dmean": [0.0491830669343, 0.484098464251, 0.750543475151, 1.45804655552, 8.86272716522, 6.48206138611, 1.59631466866, 1.58255839348, 1.91333830357, 4.84909820557, 4.2048997879, 6.81424379349, 12.2019109726, 11.1479320526, 11.5395174026, 9.76932430267, 3.77389621735, 24.2427062988, 52.4668197632, 42.8307952881, 54.6137161255, 81.9010543823, 32.3718566895, 17.2267608643, 11.0594911575, 4.17697143555, 2.29973816872, 2.35272145271, 0.413661330938, 0.0671743899584, 0.0239532385021, 0.0319046862423, 0.0171155296266, 0.00747973518446, 0.00116400967818, 0.00103219063021, 0.000289554183837, 1.948120007e-05, 3.81206086786e-06, 5.94564380663e-06],
        "dmean2": [0.0799105539918, 0.832965314388, 1.27384865284, 2.64516234398, 15.1569509506, 11.138381958, 2.67058181763, 2.5778875351, 3.16258788109, 8.30362892151, 6.88562583923, 11.227265358, 19.2907886505, 17.5639724731, 19.5604381561, 16.9784107208, 6.21844911575, 39.5325889587, 85.96509552, 70.5420532227, 93.8528442383, 127.6746521, 52.9070549011, 29.1976623535, 17.5547027588, 6.92841005325, 3.78701639175, 3.87137031555, 0.687106788158, 0.111789442599, 0.0416189320385, 0.0508511662483, 0.0268752463162, 0.0121519267559, 0.00175282452255, 0.00160416751169, 0.000480158952996, 2.94336314255e-05, 5.64617039345e-06, 9.69165375864e-06],
        "dvar": [0.00283022178337, 0.33899897337, 0.924282729626, 3.81016397476, 104.426040649, 50.3620376587, 6.87109422684, 12.5624065399, 6.60725355148, 37.5830192566, 37.5135726929, 141.777069092, 988.536010742, 409.423919678, 347.550323486, 229.477584839, 18.0655822754, 795.114807129, 4204.17236328, 7177.36083984, 8908.70117188, 15334.4453125, 2411.93774414, 758.567138672, 211.232208252, 63.3519935608, 12.7871551514, 23.5304489136, 0.874561786652, 0.0233314540237, 0.00408618617803, 0.00876836571842, 0.00307327276096, 0.000522104091942, 2.10908183362e-05, 1.81503473868e-05, 1.11386486878e-06, 4.93194063367e-09, 1.52959492294e-10, 2.53811017342e-11],
        "dvar2": [0.00665768701583, 0.86326533556, 2.85877299309, 11.7623806, 316.030517578, 144.974868774, 14.5591592789, 30.0701942444, 14.8045520782, 104.040084839, 90.0737075806, 338.868652344, 2359.43139648, 1008.24975586, 890.562683105, 586.583129883, 47.1569061279, 2063.96459961, 11039.7382812, 17151.0996094, 25572.1152344, 34635.4140625, 5635.02636719, 2008.87487793, 412.146392822, 127.102737427, 35.3577194214, 59.0415534973, 2.25068640709, 0.0527623072267, 0.0104225343093, 0.0172932483256, 0.00552580412477, 0.000947170425206, 3.74793817173e-05, 4.13483685406e-05, 2.33134255723e-06, 8.1906899041e-09, 1.57480542495e-10, 6.67703600743e-11],
        "max": [0.500268101692, 4.71323347092, 6.21241664886, 16.3098049164, 87.7862167358, 50.5543518066, 28.6440181732, 36.3601226807, 38.6199913025, 63.5811042786, 86.0238037109, 146.469543457, 363.76550293, 238.573440552, 221.07850647, 134.085601807, 48.230682373, 268.269042969, 625.75378418, 1147.45678711, 971.530212402, 1289.92114258, 503.078582764, 275.882202148, 196.807800293, 139.562927246, 39.2887573242, 54.8360748291, 13.2038145065, 1.9113111496, 0.786630153656, 1.59432280064, 1.07011651993, 0.40150141716, 0.0816141217947, 0.0720904618502, 0.0157451182604, 0.00102674681693, 0.00024362912518, 5.53306490474e-05],
        "mean": [0.0721159204841, 0.649959445, 0.966867208481, 1.95920574665, 15.2473592758, 9.82772827148, 2.37145447731, 1.95022797585, 2.7676858902, 6.4077835083, 5.74273300171, 9.76574516296, 16.6977844238, 16.7309837341, 16.6660022736, 13.6923379898, 7.64135789871, 44.1659011841, 93.7316131592, 72.0412445068, 95.8008728027, 161.707702637, 67.2011947632, 37.2343025208, 25.3382778168, 9.60954093933, 4.96607017517, 5.30640029907, 0.940047562122, 0.14837256074, 0.047183316201, 0.068176202476, 0.0354371294379, 0.0154863093048, 0.00231668865308, 0.00187185546383, 0.000536429870408, 3.32357594743e-05, 1.5979683667e-05, 2.63181154878e-05],
        "median": [0.0409075058997, 0.418512552977, 0.612666785717, 1.34371125698, 8.69816589355, 6.96986341476, 1.69743621349, 1.09209358692, 1.82351148129, 4.2751121521, 3.99913692474, 5.4731669426, 8.38103580475, 10.1088876724, 12.044008255, 9.46688842773, 6.30747461319, 33.7073631287, 65.1756286621, 42.2745437622, 65.8079833984, 98.2799987793, 48.9252357483, 22.9132652283, 18.016368866, 5.51197576523, 2.48090362549, 1.82019984722, 0.314559221268, 0.0527057349682, 0.0207780171186, 0.019325569272, 0.00986547768116, 0.00470658252016, 0.00067280116491, 0.000417592236772, 8.35551036289e-05, 9.99839539872e-06, 1.4520563127e-05, 2.62937301159e-05],
        "min": [0.00105364888441, 0.00436544092372, 0.0104105500504, 0.121429875493, 0.0498766005039, 0.112171709538, 0.1660374403, 0.0976843386889, 0.159078165889, 0.142773970962, 0.410221040249, 0.487798660994, 0.809242844582, 0.438242197037, 0.885448455811, 1.03460884094, 0.50877225399, 1.75900197029, 1.55249416828, 2.38815331459, 3.48269248009, 5.84990501404, 2.40354466438, 2.19107604027, 1.57433354855, 0.620794713497, 0.229615747929, 0.204198330641, 0.0490113608539, 0.0112910484895, 0.00349574140273, 0.0041912952438, 0.00184247305151, 0.000539837754332, 0.000141410055221, 8.8812346803e-05, 1.07795422082e-05, 2.33646119341e-06, 3.03159845316e-06, 4.55692816104e-06],
        "var": [0.00740051222965, 0.520361423492, 1.07605993748, 4.1685385704, 271.588256836, 84.7744979858, 7.75422286987, 12.2943401337, 11.3408432007, 41.3039207458, 49.2641296387, 231.330612183, 1137.65283203, 637.820739746, 376.404205322, 237.474899292, 30.4171791077, 1403.22558594, 8417.16992188, 10094.7128906, 9754.31152344, 37638.0273438, 5115.96923828, 1715.74963379, 676.695495605, 166.509368896, 39.1130371094, 65.8125, 2.3029384613, 0.0618672184646, 0.00704984460026, 0.0240318402648, 0.0082449791953, 0.00154962448869, 5.0223821745e-05, 3.54235817213e-05, 2.93217067338e-06, 8.0201481012e-09, 1.86360482601e-10, 8.88980833391e-11]
    },
    "gfcc": {
        "mean": [-37.0940361023, 145.027297974, -180.998428345, 52.0000839233, -13.6694602966, -8.74715900421, -23.9940128326, 3.00427699089, -15.7226524353, -12.4317579269, -16.4007396698, -14.3670110703, 4.12971353531],
        "cov": [[894.752563477, -467.001647949, -136.922973633, 72.6156005859, -124.074241638, 66.873664856, -45.3445091248, 32.0243873596, -22.7921562195, 120.41343689, -79.6154327393, 11.0231561661, -33.2562637329], [-467.001647949, 493.632263184, 73.0438079834, -88.5988845825, 91.9047851562, -66.9689102173, 86.5662307739, -48.7200279236, 19.4298934937, -77.9289932251, 57.0736045837, -48.6219978333, 27.6037788391], [-136.922973633, 73.0438079834, 181.765701294, 18.2575378418, 1.21156907082, 16.7531490326, -21.8613071442, 2.70573997498, -20.366109848, 3.78689026833, 28.4449748993, 25.5805740356, -18.566362381], [72.6156005859, -88.5988845825, 18.2575378418, 108.248077393, 41.8411254883, 9.4859380722, -11.3240413666, 16.9591140747, 19.0392036438, 22.4449863434, -6.43124008179, 9.66313266754, -3.42450428009], [-124.074241638, 91.9047851562, 1.21156907082, 41.8411254883, 131.465148926, -1.47146117687, 23.6920013428, 3.51048374176, 33.8502426147, -12.6223859787, 16.9645767212, -13.9204883575, 5.6959733963], [66.873664856, -66.9689102173, 16.7531490326, 9.4859380722, -1.47146117687, 110.576454163, 51.4791946411, 39.7823066711, 23.3582553864, 43.2649116516, 11.0623922348, 28.5371952057, 11.7481985092], [-45.3445091248, 86.5662307739, -21.8613071442, -11.3240413666, 23.6920013428, 51.4791946411, 114.452308655, 41.4741668701, 41.4202003479, 5.60799646378, 11.7936220169, -1.58969151974, 31.2056789398], [32.0243873596, -48.7200279236, 2.70573997498, 16.9591140747, 3.51048374176, 39.7823066711, 41.4741668701, 77.2089309692, 38.7660827637, 20.0060844421, 10.6503190994, 22.2362785339, 4.89324235916], [-22.7921562195, 19.4298934937, -20.366109848, 19.0392036438, 33.8502426147, 23.3582553864, 41.4202003479, 38.7660827637, 73.323348999, 32.0471076965, 13.5520830154, 4.78377008438, 13.6355552673], [120.41343689, -77.9289932251, 3.78689026833, 22.4449863434, -12.6223859787, 43.2649116516, 5.60799646378, 20.0060844421, 32.0471076965, 93.0733108521, 27.0366954803, 25.9464321136, -5.79435253143], [-79.6154327393, 57.0736045837, 28.4449748993, -6.43124008179, 16.9645767212, 11.0623922348, 11.7936220169, 10.6503190994, 13.5520830154, 27.0366954803, 65.3791275024, 31.9401950836, 3.25647068024], [11.0231561661, -48.6219978333, 25.5805740356, 9.66313266754, -13.9204883575, 28.5371952057, -1.58969151974, 22.2362785339, 4.78377008438, 25.9464321136, 31.9401950836, 64.5332946777, 15.7154140472], [-33.2562637329, 27.6037788391, -18.566362381, -3.42450428009, 5.6959733963, 11.7481985092, 31.2056789398, 4.89324235916, 13.6355552673, -5.79435253143, 3.25647068024, 15.7154140472, 51.2025947571]],
        "icov": [[0.00346075301059, 7.64297001297e-05, 0.00313292816281, -0.00229476997629, 0.00165052816737, -0.00108163652476, 0.000576567952521, -0.00214702053927, 0.00430334592238, -0.00531046791002, 0.0039330245927, -0.0002640800667, 0.00119141070172], [7.64297001297e-05, 0.0258410368115, -0.01881085895, 0.0177833102643, -0.00946571025997, 0.0194623470306, -0.0274149253964, 0.0228201691061, -0.0165790058672, 0.0120253711939, -0.0194500014186, 0.0123441610485, -0.00517405569553], [0.00313292816281, -0.01881085895, 0.0239043813199, -0.0170172024518, 0.00880807172507, -0.0174848455936, 0.0216050222516, -0.0186740700155, 0.0179040804505, -0.0114023862407, 0.0136907352135, -0.0104115912691, 0.00762152625248], [-0.00229476997629, 0.0177833102643, -0.0170172024518, 0.0290936175734, -0.0151015799493, 0.0157743189484, -0.0166116319597, 0.0134244086221, -0.013941581361, 0.00564375612885, -0.00741721037775, 0.0045591108501, -0.00497675687075], [0.00165052816737, -0.00946571025997, 0.00880807172507, -0.0151015799493, 0.0187674034387, -0.00998729187995, 0.00956517830491, -0.00530029507354, 0.000343014777172, 0.00082721200306, -4.94976302434e-05, 0.000820323766675, 0.00299331382848], [-0.00108163652476, 0.0194623470306, -0.0174848455936, 0.0157743189484, -0.00998729187995, 0.0335899144411, -0.0298582576215, 0.0144840581343, -0.00984732527286, 0.00143342546653, -0.00852458737791, 0.00191378523596, -0.00352351274341], [0.000576567952521, -0.0274149253964, 0.0216050222516, -0.0166116319597, 0.00956517830491, -0.0298582576215, 0.0506444908679, -0.0325718522072, 0.0144649250433, -0.0105575984344, 0.0149520570412, -0.00198706192896, -0.00547669548541], [-0.00214702053927, 0.0228201691061, -0.0186740700155, 0.0134244086221, -0.00530029507354, 0.0144840581343, -0.0325718522072, 0.0489655919373, -0.03112003766, 0.0196654200554, -0.0181885082275, 2.94415731332e-05, 0.00452804518864], [0.00430334592238, -0.0165790058672, 0.0179040804505, -0.013941581361, 0.000343014777172, -0.00984732527286, 0.0144649250433, -0.03112003766, 0.0486327372491, -0.0274416413158, 0.0176617074758, -0.00344445719384, -0.00245051970705], [-0.00531046791002, 0.0120253711939, -0.0114023862407, 0.00564375612885, 0.00082721200306, 0.00143342546653, -0.0105575984344, 0.0196654200554, -0.0274416413158, 0.0383516810834, -0.025970319286, 0.0050871851854, 0.00218311604112], [0.0039330245927, -0.0194500014186, 0.0136907352135, -0.00741721037775, -4.94976302434e-05, -0.00852458737791, 0.0149520570412, -0.0181885082275, 0.0176617074758, -0.025970319286, 0.0526469051838, -0.0285777132958, 0.00987605005503], [-0.0002640800667, 0.0123441610485, -0.0104115912691, 0.0045591108501, 0.000820323766675, 0.00191378523596, -0.00198706192896, 2.94415731332e-05, -0.00344445719384, 0.0050871851854, -0.0285777132958, 0.0447963103652, -0.0200575590134], [0.00119141070172, -0.00517405569553, 0.00762152625248, -0.00497675687075, 0.00299331382848, -0.00352351274341, -0.00547669548541, 0.00452804518864, -0.00245051970705, 0.00218311604112, 0.00987605005503, -0.0200575590134, 0.0353324748576]]
    },
    "melbands": {
        "dmean": [0.000505005999003, 0.00048100395361, 0.0004419653269, 0.000647164997645, 7.70873230067e-05, 3.45193657267e-05, 3.93462069042e-05, 4.41532247351e-05, 4.4275806431e-05, 4.0741146222e-05, 6.32225346635e-05, 4.99312700413e-05, 3.99455275328e-05, 3.67094107787e-05, 9.98220912152e-06, 1.63183940458e-05, 5.80348169024e-05, 0.000113689668069, 4.77892899653e-05, 6.58814315102e-05, 6.90572414896e-05, 8.99473452591e-05, 5.5166947277e-05, 2.12261820707e-05, 1.53204910021e-05, 9.36704054766e-06, 6.46008493277e-06, 2.35347738453e-06, 9.8308885299e-07, 2.47637967732e-06, 9.69474740486e-07, 2.56563168932e-07, 1.11821812254e-07, 1.78349210955e-08, 1.34083890657e-08, 1.7470332736e-08, 2.32153922752e-08, 1.48458925153e-08, 8.59650306495e-09, 5.87269610719e-09],
        "dmean2": [0.000825378054287, 0.000821765570436, 0.00078772730194, 0.00110753637273, 0.00013209861936, 5.57323692192e-05, 6.60498408251e-05, 7.53821877879e-05, 7.21420365153e-05, 6.71058878652e-05, 0.000101018464193, 7.89400219219e-05, 6.71043308103e-05, 6.35720134596e-05, 1.71507235791e-05, 2.73782716249e-05, 9.57633455982e-05, 0.000187651981832, 7.71682389313e-05, 0.000111037712486, 0.000119828880997, 0.000140828749863, 8.7564381829e-05, 3.40508449881e-05, 2.61521145148e-05, 1.45990670717e-05, 1.0552977983e-05, 4.06267145081e-06, 1.5931808548e-06, 4.13965290136e-06, 1.57313809268e-06, 4.39497313209e-07, 1.93048038e-07, 3.04721439193e-08, 2.3497097601e-08, 2.98292484047e-08, 3.69864174843e-08, 2.32538059919e-08, 1.40634250911e-08, 9.32525612285e-09],
        "dvar": [3.17822269835e-07, 2.97060068988e-07, 2.10378061638e-07, 5.67189943013e-07, 8.93391405299e-09, 5.94311444502e-09, 2.73012856766e-09, 3.07336800454e-09, 4.57949678179e-09, 5.42335198972e-09, 2.60920032247e-08, 8.55162429758e-09, 4.92327068002e-09, 2.67970845513e-09, 3.61146390571e-10, 4.28920676754e-10, 5.11053288577e-09, 2.12866346772e-08, 5.74256953101e-09, 1.35212667729e-08, 1.36989584121e-08, 1.95415079673e-08, 5.6601039411e-09, 1.94816074384e-09, 5.55398338431e-10, 1.51726881059e-10, 1.08892908579e-10, 2.10537819817e-11, 2.14667649975e-12, 1.81375227337e-11, 4.95680840124e-12, 3.11380370273e-13, 6.86051489598e-14, 2.28045579246e-15, 1.34692034663e-15, 1.95658194541e-15, 5.67739672413e-15, 2.23415760684e-15, 6.1357632037e-16, 3.09254640718e-16],
        "dvar2": [7.85646477652e-07, 8.36280833028e-07, 6.31303919363e-07, 1.65915366779e-06, 2.03739407567e-08, 1.39988216574e-08, 6.53113563231e-09, 8.50685211162e-09, 1.07261115545e-08, 1.10453086677e-08, 6.23162605962e-08, 2.062231097e-08, 1.28733139704e-08, 6.55760068469e-09, 9.55579615436e-10, 1.13114040357e-09, 1.3287210443e-08, 5.46767040532e-08, 1.41124862907e-08, 3.32086287358e-08, 3.88269718599e-08, 4.41162733011e-08, 1.44028717841e-08, 4.41128111817e-09, 1.57459467687e-09, 3.20831389233e-10, 2.09888093017e-10, 5.05189466649e-11, 5.15348701213e-12, 5.14661924189e-11, 1.2156525786e-11, 8.37703767031e-13, 1.66657662605e-13, 5.7535246573e-15, 3.61215802752e-15, 4.67257890298e-15, 1.25357479592e-14, 4.1668777871e-15, 1.2506173592e-15, 5.68189859837e-16],
        "max": [0.00504207750782, 0.00455379253253, 0.00320877996273, 0.00588760245591, 0.000958790304139, 0.000814208062366, 0.000751539424527, 0.000580798368901, 0.000961064244621, 0.000925482716411, 0.00185999902897, 0.001069121412, 0.000903433188796, 0.000512198836077, 0.000251335994108, 0.000234500213992, 0.00068011728581, 0.00133463460952, 0.00108187948354, 0.00105862482451, 0.00111328461207, 0.00150724279229, 0.000704062753357, 0.000574653327931, 0.000205879056011, 0.000189373036847, 0.000166096579051, 7.02423567418e-05, 1.88114063349e-05, 3.85407074646e-05, 2.87816583295e-05, 7.30106285118e-06, 2.92787331091e-06, 6.507488024e-07, 4.9412858516e-07, 4.87418674311e-07, 1.26544739487e-06, 8.96431970432e-07, 4.13579044789e-07, 2.92841264127e-07],
        "mean": [0.000734312576242, 0.000642203900497, 0.000703347206581, 0.00108739850111, 0.000107570187538, 4.14569512941e-05, 5.33352576895e-05, 6.01049177931e-05, 5.61661217944e-05, 6.19490383542e-05, 8.60301515786e-05, 7.06804639776e-05, 5.22656046087e-05, 4.95168133057e-05, 1.54927747644e-05, 2.57064803009e-05, 9.5984665677e-05, 0.000184011718375, 7.96005333541e-05, 0.000102067242551, 0.000107743559056, 0.000169063772773, 0.000104034166725, 3.81785212085e-05, 2.91797878162e-05, 2.04902407859e-05, 1.31619362946e-05, 4.6950185606e-06, 2.02795149562e-06, 4.93699690196e-06, 2.13157318285e-06, 5.03574540289e-07, 2.10258690458e-07, 3.09361318784e-08, 2.1500360603e-08, 3.55723450696e-08, 4.41986074406e-08, 2.75253473347e-08, 1.73239413925e-08, 1.12278648601e-08],
        "median": [0.000430698681157, 0.000459795002826, 0.000494345789775, 0.000632754003163, 7.98037217464e-05, 2.30387104239e-05, 3.53727627953e-05, 4.00897297368e-05, 3.46748711308e-05, 3.2975749491e-05, 4.08346568292e-05, 3.98938027502e-05, 3.4159176721e-05, 3.26434965245e-05, 1.11723720693e-05, 1.89386519196e-05, 6.71441739541e-05, 0.000122003730212, 4.72979190818e-05, 5.60170738026e-05, 6.89963271725e-05, 9.47084699874e-05, 7.0028603659e-05, 2.36487558141e-05, 1.65292076417e-05, 1.44527457451e-05, 8.04297815193e-06, 2.33638979807e-06, 9.99451685857e-07, 2.1026610284e-06, 6.97508312442e-07, 1.54485377379e-07, 6.41725108608e-08, 1.27007124817e-08, 9.62052659759e-09, 1.14089564462e-08, 1.19980008151e-08, 7.7495698747e-09, 5.16576781351e-09, 3.3256652987e-09],
        "min": [1.04781238406e-05, 3.60039825864e-06, 2.4150178433e-05, 3.41998907061e-06, 6.89692160449e-06, 1.49112156578e-06, 2.60750607595e-06, 1.61641310115e-06, 3.01071327158e-06, 2.4182420475e-06, 3.07599884763e-06, 1.95624556909e-06, 1.89997490452e-06, 3.64743323189e-06, 7.65356674037e-07, 1.01555986021e-06, 3.2123937217e-06, 2.65286257672e-06, 1.71997919551e-06, 3.64787820217e-06, 2.97564906759e-06, 5.48008029e-06, 3.2706464026e-06, 1.66441679994e-06, 1.80331187494e-06, 1.1477377484e-06, 5.65675861708e-07, 2.68871190201e-07, 6.66867805421e-08, 1.87340674529e-07, 7.89702667703e-08, 2.59085499721e-08, 8.99527563547e-09, 2.30118724076e-09, 1.50551016098e-09, 2.20069273915e-09, 2.53832155295e-09, 1.17343634809e-09, 5.82229486845e-10, 3.63389762725e-10],
        "var": [7.00447287727e-07, 4.03275436156e-07, 3.93700901213e-07, 1.27914518089e-06, 1.10158033806e-08, 5.98973182164e-09, 4.17385725981e-09, 3.48851592058e-09, 6.07437788958e-09, 1.11559064209e-08, 3.06060350397e-08, 1.3854302594e-08, 5.06857134042e-09, 3.11846104495e-09, 3.42506412121e-10, 5.99327421025e-10, 8.04710253988e-09, 3.84358571637e-08, 9.26187126993e-09, 1.88179338778e-08, 1.48393786148e-08, 4.80723443275e-08, 1.20145067228e-08, 3.30170513152e-09, 1.13083953313e-09, 4.41997022316e-10, 2.67675798193e-10, 4.73238705168e-11, 7.39916981851e-12, 4.44952998058e-11, 1.25021486219e-11, 7.49660370673e-13, 1.50391282544e-13, 3.19502331188e-15, 1.64763938339e-15, 4.77646241176e-15, 1.22807757954e-14, 5.50157682472e-15, 1.67214775233e-15, 8.9498454119e-16]
    },
    "mfcc": {
        "mean": [-659.060974121, 160.741348267, -76.4067840576, 55.7673721313, 18.8077583313, 3.5978102684, 6.66846561432, 3.50050282478, 14.0946922302, -0.156204968691, -4.49298477173, -2.18994045258, -14.6893854141],
        "cov": [[1050.14013672, -532.17779541, -96.1268386841, -43.2944946289, -81.6492614746, 14.9364538193, -31.746635437, -92.2604446411, 71.8165512085, 29.9996490479, 13.2001047134, -10.3059940338, -20.0239772797], [-532.17779541, 529.544433594, 4.40799474716, 14.5050115585, -0.359289556742, -6.1147351265, 41.6360473633, 32.7584991455, -38.2100372314, 5.79231786728, -3.43827438354, -12.3294992447, -7.8616399765], [-96.1268386841, 4.40799474716, 168.695861816, -6.921479702, 0.318826556206, 2.94895267487, 2.14683818817, 10.5234413147, -37.0635223389, -15.181227684, -7.33227825165, 9.21273517609, 37.141784668], [-43.2944946289, 14.5050115585, -6.921479702, 101.638412476, 54.3366737366, -4.86624908447, -6.41266727448, -11.2883024216, 2.91330051422, -4.9640288353, 7.04041576385, 13.262005806, -12.2108345032], [-81.6492614746, -0.359289556742, 0.318826556206, 54.3366737366, 98.7821426392, 15.6810007095, -3.5938270092, 1.56995499134, -11.3042840958, -3.53932237625, 15.7877082825, 17.7621021271, 0.935286164284], [14.9364538193, -6.1147351265, 2.94895267487, -4.86624908447, 15.6810007095, 64.8094940186, 20.4378242493, -1.86115550995, 16.6364879608, 17.4307518005, 11.3940048218, 2.87292528152, 7.41051769257], [-31.746635437, 41.6360473633, 2.14683818817, -6.41266727448, -3.5938270092, 20.4378242493, 58.8290519714, 30.2641410828, 13.6909036636, 10.8952226639, 4.99598836899, 3.49159216881, 4.83327674866], [-92.2604446411, 32.7584991455, 10.5234413147, -11.2883024216, 1.56995499134, -1.86115550995, 30.2641410828, 81.3770294189, 28.2472858429, 6.85717344284, 6.82051944733, 8.12079620361, 3.09501838684], [71.8165512085, -38.2100372314, -37.0635223389, 2.91330051422, -11.3042840958, 16.6364879608, 13.6909036636, 28.2472858429, 91.0068130493, 33.6772918701, 13.3431949615, -0.495920091867, -16.2318248749], [29.9996490479, 5.79231786728, -15.181227684, -4.9640288353, -3.53932237625, 17.4307518005, 10.8952226639, 6.85717344284, 33.6772918701, 59.2312507629, 28.095703125, -1.81102335453, -0.818539261818], [13.2001047134, -3.43827438354, -7.33227825165, 7.04041576385, 15.7877082825, 11.3940048218, 4.99598836899, 6.82051944733, 13.3431949615, 28.095703125, 64.5596237183, 28.1644229889, 4.21724510193], [-10.3059940338, -12.3294992447, 9.21273517609, 13.262005806, 17.7621021271, 2.87292528152, 3.49159216881, 8.12079620361, -0.495920091867, -1.81102335453, 28.1644229889, 58.8596038818, 29.9211521149], [-20.0239772797, -7.8616399765, 37.141784668, -12.2108345032, 0.935286164284, 7.41051769257, 4.83327674866, 3.09501838684, -16.2318248749, -0.818539261818, 4.21724510193, 29.9211521149, 73.1958770752]],
