{
"lowlevel": {
    "average_loudness": 0.982673168182,
    "barkbands_crest": {
        "dmean": 3.04986906052,
        "dmean2": 5.27292728424,
        "dvar": 6.22259950638,
        "dvar2": 18.5664806366,
        "max": 20.4430007935,
        "mean": 12.8219814301,
        "median": 12.3509321213,
        "min": 6.39663410187,
        "var": 8.40774345398
    },
    "barkbands_flatness_db": {
        "dmean": 0.0268335659057,
        "dmean2": 0.0419065617025,
        "dvar": 0.000378469732823,
        "dvar2": 0.000998253119178,
        "max": 0.387617945671,
        "mean": 0.266452878714,
        "median": 0.264339387417,
        "min": 0.146987527609,
        "var": 0.00133541738614
    },
    "barkbands_kurtosis": {
        "dmean": 7.69963884354,
        "dmean2": 12.607000351,
        "dvar": 44.7943992615,
        "dvar2": 98.5589065552,
        "max": 60.7740898132,
        "mean": 18.7086791992,
        "median": 17.1957111359,
        "min": 1.7774887085,
        "var": 109.703659058
    },
    "barkbands_skewness": {
        "dmean": 0.781395673752,
        "dmean2": 1.29867863655,
        "dvar": 0.378552019596,
        "dvar2": 0.991545379162,
        "max": 6.71077442169,
        "mean": 3.71111416817,
        "median": 3.60322928429,
        "min": 1.68077635765,
        "var": 0.784947216511
    },
    "barkbands_spread": {
        "dmean": 2.57054328918,
        "dmean2": 4.26441764832,
        "dvar": 5.90671300888,
        "dvar2": 17.3189201355,
        "max": 19.850194931,
        "mean": 6.77936601639,
        "median": 6.03567743301,
        "min": 1.49807977676,
        "var": 10.0851583481
    },
    "dissonance": {
        "dmean": 0.013043500483,
        "dmean2": 0.02176929079,
        "dvar": 0.000306300731609,
        "dvar2": 0.000461698131403,
        "max": 0.496932983398,
        "mean": 0.472562283278,
        "median": 0.475818634033,
        "min": 0.305207341909,
        "var": 0.000353724812157
    },
    "dynamic_complexity": 0.737798452377,
    "erbbands_crest": {
        "dmean": 3.41532349586,
        "dmean2": 5.65303039551,
        "dvar": 7.8700633049,
        "dvar2": 17.4547080994,
        "max": 16.6500110626,
        "mean": 8.77742958069,
        "median": 8.1251745224,
        "min": 3.4662399292,
        "var": 11.4667797089
    },
    "erbbands_flatness_db": {
        "dmean": 0.0126580959186,
        "dmean2": 0.0191585756838,
        "dvar": 0.000106688516098,
        "dvar2": 0.000189626822248,
        "max": 0.247952446342,
        "mean": 0.202208191156,
        "median": 0.20162717998,
        "min": 0.112392857671,
        "var": 0.000268834031885
    },
    "erbbands_kurtosis": {
        "dmean": 0.480002760887,
        "dmean2": 0.774068653584,
        "dvar": 0.618165612221,
        "dvar2": 1.43764424324,
        "max": 7.25350379944,
        "mean": -1.0373057127,
        "median": -1.24764323235,
        "min": -1.72207641602,
        "var": 0.772109568119
    },
    "erbbands_skewness": {
        "dmean": 0.448024183512,
        "dmean2": 0.738989055157,
        "dvar": 0.109175272286,
        "dvar2": 0.24164403975,
        "max": 2.75172710419,
        "mean": 0.355953454971,
        "median": 0.274948865175,
        "min": -0.6219368577,
        "var": 0.259676039219
    },
    "erbbands_spread": {
        "dmean": 6.76810359955,
        "dmean2": 11.3477897644,
        "dvar": 26.9075431824,
        "dvar2": 70.8413238525,
        "max": 74.2314910889,
        "mean": 55.6796302795,
        "median": 56.4589309692,
        "min": 23.4728412628,
        "var": 57.6964492798
    },
    "hfc": {
        "dmean": 3.48251223564,
        "dmean2": 5.58853578568,
        "dvar": 7.85513448715,
        "dvar2": 20.0791187286,
        "max": 32.3884048462,
        "mean": 18.0050354004,
        "median": 17.6047363281,
        "min": 0.650057375431,
        "var": 19.4694366455
    },
    "melbands_crest": {
        "dmean": 3.64926314354,
        "dmean2": 6.35699081421,
        "dvar": 8.76695728302,
        "dvar2": 21.2878131866,
        "max": 27.5877742767,
        "mean": 19.3964633942,
        "median": 19.6412696838,
        "min": 10.745967865,
        "var": 15.4933691025
    },
    "melbands_flatness_db": {
        "dmean": 0.0311456937343,
        "dmean2": 0.047880563885,
        "dvar": 0.000540351844393,
        "dvar2": 0.00162721518427,
        "max": 0.494429171085,
        "mean": 0.366487622261,
        "median": 0.363840013742,
        "min": 0.242101728916,
        "var": 0.00182739354204
    },
    "melbands_kurtosis": {
        "dmean": 20.9445419312,
        "dmean2": 33.7216873169,
        "dvar": 301.109741211,
        "dvar2": 739.952209473,
        "max": 140.229553223,
        "mean": 57.2009277344,
        "median": 53.8030128479,
        "min": 10.6130800247,
        "var": 655.427429199
    },
    "melbands_skewness": {
        "dmean": 1.10652530193,
        "dmean2": 1.8244073391,
        "dvar": 0.832060217857,
        "dvar2": 2.30354976654,
        "max": 9.44861888885,
        "mean": 6.14558792114,
        "median": 6.03065872192,
        "min": 3.15098929405,
        "var": 1.453764081
    },
    "melbands_spread": {
        "dmean": 1.90609538555,
        "dmean2": 3.18975234032,
        "dvar": 4.25051736832,
        "dvar2": 12.527721405,
        "max": 17.6465072632,
        "mean": 4.50795507431,
        "median": 3.84165239334,
        "min": 0.959427654743,
        "var": 6.01234769821
    },
    "pitch_salience": {
        "dmean": 0.0869801416993,
        "dmean2": 0.141490668058,
        "dvar": 0.00641931546852,
        "dvar2": 0.0165798198432,
        "max": 0.812006235123,
        "mean": 0.463413774967,
        "median": 0.486112117767,
        "min": 0.174078896642,
        "var": 0.00953246280551
    },
    "silence_rate_20dB": {
        "dmean": 0,
        "dmean2": 0,
        "dvar": 0,
        "dvar2": 0,
        "max": 1,
        "mean": 1,
        "median": 1,
        "min": 1,
        "var": 0
    },
    "silence_rate_30dB": {
        "dmean": 0.30666667223,
        "dmean2": 0.610738277435,
        "dvar": 0.212621957064,
        "dvar2": 0.385387927294,
        "max": 1,
        "mean": 0.65562915802,
        "median": 1,
        "min": 0,
        "var": 0.22577957809
    },
    "silence_rate_60dB": {
        "dmean": 0,
        "dmean2": 0,
        "dvar": 0,
        "dvar2": 0,
        "max": 0,
        "mean": 0,
        "median": 0,
        "min": 0,
        "var": 0
    },
    "spectral_centroid": {
        "dmean": 189.425216675,
        "dmean2": 302.825653076,
        "dvar": 27077.8632812,
        "dvar2": 67647.4140625,
        "max": 1507.73242188,
        "mean": 601.856445312,
        "median": 567.007324219,
        "min": 218.59703064,
        "var": 48262.9453125
    },
    "spectral_complexity": {
        "dmean": 3.18666672707,
        "dmean2": 5.49664449692,
        "dvar": 8.52515506744,
        "dvar2": 19.4714565277,
        "max": 32,
        "mean": 19.4635753632,
        "median": 20,
        "min": 1,
        "var": 23.9970054626
    },
    "spectral_decrease": {
        "dmean": 6.85770595865e-09,
        "dmean2": 1.09751567834e-08,
        "dvar": 2.63431150889e-17,
        "dvar2": 7.32213793136e-17,
        "max": -6.48651465873e-10,
        "mean": -2.40111024397e-08,
        "median": -2.38882496006e-08,
        "min": -3.81010210049e-08,
        "var": 4.8471539816e-17
    },
    "spectral_energy": {
        "dmean": 0.0261151492596,
        "dmean2": 0.0417785011232,
        "dvar": 0.000381373538403,
        "dvar2": 0.00105981365778,
        "max": 0.145503044128,
        "mean": 0.0922563821077,
        "median": 0.0920969322324,
        "min": 0.00250712642446,
        "var": 0.000700351083651
    },
    "spectral_energyband_high": {
        "dmean": 6.34015377727e-05,
        "dmean2": 0.000115719230962,
        "dvar": 7.73122987852e-09,
        "dvar2": 2.50314702299e-08,
        "max": 0.000588665599935,
        "mean": 0.000131918670377,
        "median": 0.00011307951354,
        "min": 1.03367201518e-05,
        "var": 8.93259510804e-09
    },
    "spectral_energyband_low": {
        "dmean": 0.0249364357442,
        "dmean2": 0.040040422231,
        "dvar": 0.000379684730433,
        "dvar2": 0.00104016123805,
        "max": 0.133221238852,
        "mean": 0.059946551919,
        "median": 0.0604700893164,
        "min": 0.0014371809084,
        "var": 0.000833938829601
    },
    "spectral_energyband_middle_high": {
        "dmean": 0.000844377791509,
        "dmean2": 0.00138090318069,
        "dvar": 5.51557945982e-07,
        "dvar2": 1.54356064286e-06,
        "max": 0.00841367710382,
        "mean": 0.00303253647871,
        "median": 0.002914178418,
        "min": 0.0001036305257,
        "var": 1.74261401753e-06
    },
    "spectral_energyband_middle_low": {
        "dmean": 0.0175043884665,
        "dmean2": 0.0297998581082,
        "dvar": 0.000232733407756,
        "dvar2": 0.000512772763614,
        "max": 0.0999694913626,
        "mean": 0.030622696504,
        "median": 0.0258948691189,
        "min": 0.00105445261579,
        "var": 0.000360901583917
    },
    "spectral_entropy": {
        "dmean": 0.202680945396,
        "dmean2": 0.316926091909,
        "dvar": 0.0247660279274,
        "dvar2": 0.0404687970877,
        "max": 8.6700630188,
        "mean": 7.05405378342,
        "median": 7.05792760849,
        "min": 6.16445398331,
        "var": 0.0687851682305
    },
    "spectral_flux": {
        "dmean": 0.0482120588422,
        "dmean2": 0.0815700367093,
        "dvar": 0.00131260138005,
        "dvar2": 0.0035266529303,
        "max": 0.264834463596,
        "mean": 0.130736917257,
        "median": 0.126490727067,
        "min": 0.0510368347168,
        "var": 0.00227973354049
    },
    "spectral_kurtosis": {
        "dmean": 3.90611338615,
        "dmean2": 6.80713176727,
        "dvar": 9.35931587219,
        "dvar2": 26.0432701111,
        "max": 20.4877567291,
        "mean": 6.04170703888,
        "median": 5.91732978821,
        "min": 0.518160104752,
        "var": 13.5854234695
    },
    "spectral_rms": {
        "dmean": 0.00141878053546,
        "dmean2": 0.00226893112995,
        "dvar": 1.35447783123e-06,
        "dvar2": 3.50347340827e-06,
        "max": 0.0119144534692,
        "mean": 0.00936414394528,
        "median": 0.00947895925492,
        "min": 0.00156396196689,
        "var": 2.31903277381e-06
    },
    "spectral_rolloff": {
        "dmean": 55.125,
        "dmean2": 101.740768433,
        "dvar": 15724.7636719,
        "dvar2": 45725.9414062,
        "max": 1012.06054688,
        "mean": 204.20892334,
        "median": 193.798828125,
        "min": 107.666015625,
        "var": 9696.44238281
    },
    "spectral_skewness": {
        "dmean": 0.38769865036,
        "dmean2": 0.653343975544,
        "dvar": 0.112146951258,
        "dvar2": 0.290316104889,
        "max": 3.49781894684,
        "mean": 1.37430417538,
        "median": 1.3596919775,
        "min": 0.625628590584,
        "var": 0.195378348231
    },
    "spectral_spread": {
        "dmean": 325632.46875,
        "dmean2": 433980.96875,
        "dvar": 1.55786176102e+12,
        "dvar2": 737946697728,
        "max": 22654004,
        "mean": 2862079.25,
        "median": 2699698.75,
        "min": 2253807.25,
        "var": 2.84032761856e+12
    },
    "spectral_strongpeak": {
        "dmean": 0.303450971842,
        "dmean2": 0.502953588963,
        "dvar": 0.0676364675164,
        "dvar2": 0.174782946706,
        "max": 2.25227475166,
        "mean": 0.966382861137,
        "median": 0.99055814743,
        "min": 0,
        "var": 0.125634372234
    },
    "zerocrossingrate": {
        "dmean": 0.0042708334513,
        "dmean2": 0.00567913707346,
        "dvar": 8.54233439895e-06,
        "dvar2": 1.54551198648e-05,
        "max": 0.0322265625,
        "mean": 0.0173485353589,
        "median": 0.01708984375,
        "min": 0.00341796875,
        "var": 3.63558428944e-05
    },
    "barkbands": {
        "dmean": [7.08564839442e-05, 0.0208842027932, 0.00712153827772, 0.00737522123381, 0.013857758604, 0.000236030202359, 0.000209739228012, 0.000222330869292, 0.000442379416199, 0.00036215907312, 0.000202029390493, 0.000130407745019, 2.24143786909e-05, 0.000220791029278, 0.000146669452079, 0.000286716443952, 0.000249900243944, 7.97902539489e-05, 8.34335733089e-05, 5.86462010688e-05, 4.30940235674e-05, 2.53277107731e-06, 3.1048378446e-07, 3.55247692596e-07, 9.50294420932e-08, 3.65742778285e-08, 1.42787959234e-08],
        "dmean2": [0.000103453399788, 0.0338627398014, 0.0109539674595, 0.0117860939354, 0.0250057280064, 0.000414341426222, 0.000346080109011, 0.000391918496462, 0.000704235746525, 0.00059527286794, 0.000354334100848, 0.000230617064517, 3.97116054955e-05, 0.000368866953067, 0.000251328077866, 0.000483482872369, 0.000448145525297, 0.000136894188472, 0.000136931455927, 0.000104970917164, 7.75648222771e-05, 4.27755048804e-06, 5.26151268332e-07, 5.93194386056e-07, 1.61310012459e-07, 5.67849980371e-08, 2.29696830445e-08],
        "dvar": [1.37800640232e-07, 0.000305134628434, 3.15050674544e-05, 4.61967720184e-05, 0.00015416595852, 5.23073460101e-08, 3.78107323229e-08, 3.64701477906e-08, 1.84396611758e-07, 1.01351879778e-07, 4.04777154017e-08, 1.99804475187e-08, 6.3477390011e-10, 6.89895358619e-08, 3.26791678162e-08, 8.50090415838e-08, 8.13898921592e-08, 6.60257448715e-09, 6.72992106487e-09, 3.30474025922e-09, 3.43073947029e-09, 1.03644618929e-11, 1.60494840616e-13, 3.28185368421e-13, 1.6990711816e-14, 3.47906966975e-15, 4.32246588105e-15],
        "dvar2": [1.40300514317e-07, 0.00100539147388, 7.16645881766e-05, 0.000100230048702, 0.000385854393244, 1.46967394699e-07, 9.6391708837e-08, 9.68982121208e-08, 4.9859727369e-07, 2.75777466641e-07, 1.09206688137e-07, 5.23084224824e-08, 1.83332649062e-09, 2.0871695483e-07, 1.02574240657e-07, 2.12635100638e-07, 2.71926325013e-07, 2.0089288455e-08, 1.65924607387e-08, 9.93524551518e-09, 1.08691002865e-08, 2.86294113416e-11, 4.43902781287e-13, 9.46493968271e-13, 4.18258702954e-14, 6.11243199881e-15, 6.57203461709e-15],
        "max": [0.00459961174056, 0.102589324117, 0.042429830879, 0.0592008009553, 0.0792407095432, 0.00162384624127, 0.00173923454713, 0.000900422572158, 0.00365644413978, 0.00227465573698, 0.00173734489363, 0.00108260114212, 0.000189344631508, 0.00189894845244, 0.00163897068705, 0.00235960097052, 0.00184088130482, 0.000668268243317, 0.000620293430984, 0.000461084826384, 0.000425479141995, 2.81109369098e-05, 3.33189996127e-06, 5.10234576723e-06, 7.99378426564e-07, 6.95000153428e-07, 6.06166281614e-07],
        "mean": [7.44335484342e-05, 0.040187805891, 0.0183111950755, 0.0103929843754, 0.0184236243367, 0.000313541560899, 0.00034093944123, 0.000261987268459, 0.000711220607627, 0.000579544226639, 0.000311837269692, 0.00018730595184, 4.23331439379e-05, 0.000306439411361, 0.000282967375824, 0.000556097365916, 0.000422417419031, 0.000154590787133, 0.000191119601368, 0.000121249271615, 7.53843851271e-05, 5.44675413039e-06, 8.34674722228e-07, 8.55966277413e-07, 2.45687573397e-07, 1.43079645909e-07, 3.63982728402e-08],
        "median": [2.37365129578e-05, 0.0390040799975, 0.0172977112234, 0.00796900875866, 0.0147583633661, 0.000268144387519, 0.000287228875095, 0.000192522944417, 0.000643069855869, 0.000483004172565, 0.000242437163251, 0.000142527322168, 3.61204765795e-05, 0.00021930145158, 0.000223405411816, 0.000461938761873, 0.000311435112962, 0.000134489077027, 0.000157987204148, 9.83668869594e-05, 5.88807051827e-05, 4.65780021841e-06, 7.22738775494e-07, 6.8053702762e-07, 2.1563985797e-07, 1.2952331474e-07, 2.4536166876e-08],
        "min": [2.32664106647e-07, 0.000593927921727, 0.000347946130205, 0.000186024743016, 0.000411419867305, 3.02038897644e-05, 2.90096886602e-05, 2.31642316066e-05, 5.11650978297e-05, 1.69010836544e-05, 1.43254874274e-05, 3.6076789911e-06, 2.27050554713e-06, 2.04830075745e-06, 7.10774111212e-06, 1.65150649991e-05, 1.11330100481e-05, 1.03143011074e-05, 1.43857250805e-05, 5.22626123711e-06, 3.22268465425e-06, 9.16681244689e-07, 2.19376545374e-07, 1.21741351222e-07, 6.07741554859e-08, 6.30100629451e-08, 1.36821052266e-08],
        "var": [1.4012282179e-07, 0.000489291793201, 8.50679425639e-05, 6.76178533467e-05, 0.000186351244338, 5.75273588765e-08, 6.04987064889e-08, 4.17733616587e-08, 2.4953197908e-07, 1.68769034303e-07, 6.27230605232e-08, 2.60679282604e-08, 1.07411535222e-09, 9.06353392338e-08, 5.85856199109e-08, 1.46230092923e-07, 1.03960040576e-07, 9.37902022713e-09, 1.37068640882e-08, 6.77955336315e-09, 3.6152207894e-09, 1.30475881835e-11, 2.59051758994e-13, 4.18286444977e-13, 2.38995428265e-14, 6.56344527949e-15, 6.36846549481e-15]
    },
    "erbbands": {
        "dmean": [0.213165059686, 5.73757648468, 10.9589614868, 9.61086368561, 59.5552406311, 26.198846817, 3.21984887123, 2.25260472298, 2.23489427567, 2.90969491005, 9.1244468689, 8.0638885498, 9.56398963928, 9.32490158081, 9.23060321808, 2.99689912796, 0.84627622366, 4.61237096786, 11.3973922729, 8.04657268524, 15.6006774902, 15.4301939011, 4.66633987427, 5.80421209335, 3.3436396122, 2.946403265, 1.68773257732, 1.29390466213, 0.120156541467, 0.0178409721702, 0.0096029015258, 0.00888040289283, 0.0050365771167, 0.00183908327017, 0.000368926004739, 0.00020016018243, 6.73828399158e-05, 1.14088679766e-05, 1.17904774015e-05, 2.81163393083e-05],
        "dmean2": [0.370964407921, 9.25142669678, 16.2930908203, 15.3516054153, 101.627708435, 47.1895484924, 5.41758966446, 3.93236732483, 3.56117653847, 4.98229646683, 15.1708087921, 12.9125013351, 16.3280735016, 15.5143766403, 15.7233018875, 5.29449748993, 1.44629597664, 7.67865419388, 19.5647106171, 13.5061702728, 25.8339920044, 27.8111000061, 7.99105453491, 9.63652229309, 5.83236789703, 5.29003238678, 3.12747836113, 2.26728010178, 0.215136379004, 0.030000988394, 0.0154796382412, 0.0150373252109, 0.00851709209383, 0.0030980471056, 0.000631211791188, 0.000317468628054, 0.000104934413685, 1.85973367479e-05, 1.86765682884e-05, 4.50601910416e-05],
        "dvar": [0.0488517172635, 22.4411296844, 72.5264434814, 74.9471511841, 2932.12719727, 448.472351074, 8.61910533905, 5.29078960419, 3.48559570312, 6.90827226639, 59.2148971558, 67.4111480713, 87.1317977905, 85.8933258057, 85.0186691284, 7.87923812866, 0.633258998394, 20.4049606323, 191.417114258, 65.6461105347, 220.898544312, 333.759765625, 19.1092128754, 29.5575447083, 14.4354572296, 9.24135684967, 7.05734205246, 2.71838998795, 0.0300807002932, 0.000740550050978, 0.000139727329952, 0.000171161373146, 6.73393442412e-05, 7.76914566814e-06, 2.44210355049e-07, 5.50612995198e-08, 1.18494902779e-08, 1.66296176829e-09, 9.67041585698e-11, 4.38061809049e-10],
        "dvar2": [0.169720172882, 70.7761306763, 148.345458984, 185.707061768, 6633.21679688, 1272.24890137, 21.976064682, 15.1940345764, 9.32774066925, 19.7529716492, 147.948608398, 177.547958374, 245.77116394, 191.520828247, 227.63369751, 21.9390602112, 1.6987940073, 56.4701576233, 596.150634766, 183.492263794, 621.890075684, 1085.87609863, 59.0479812622, 70.7925338745, 42.8643417358, 28.4969711304, 22.7704353333, 8.4488363266, 0.0834157839417, 0.00186040101107, 0.000384866842069, 0.000497259257827, 0.000188247882761, 2.06222939596e-05, 4.36828969441e-07, 9.79901102482e-08, 2.33407444483e-08, 2.60369836802e-09, 2.40460928946e-10, 1.22414667292e-09],
        "max": [1.24124085903, 27.7677268982, 68.8087387085, 80.5233001709, 320.878875732, 142.160507202, 18.1115951538, 15.6436910629, 15.2837285995, 21.7538013458, 51.5294647217, 63.9180183411, 56.4008598328, 68.0540390015, 73.1401443481, 21.4721260071, 7.236287117, 35.2389984131, 93.0686035156, 88.8121109009, 115.493354797, 125.368057251, 30.0646305084, 46.2641601562, 35.3736877441, 25.4957942963, 19.0188941956, 14.886059761, 1.60692751408, 0.23025944829, 0.0999193787575, 0.113307453692, 0.071299508214, 0.0198509953916, 0.00487966975197, 0.0029285964556, 0.00127533753403, 0.000383328035241, 0.000110472501547, 0.000158504553838],
        "mean": [0.328247636557, 11.4031524658, 30.1950569153, 17.6087627411, 88.7559890747, 33.1961288452, 5.08810138702, 2.9815261364, 3.95039749146, 4.75278806686, 11.8479833603, 13.0482759476, 15.5859308243, 15.2621765137, 16.5337467194, 5.12785959244, 2.01517176628, 8.29739189148, 17.9969367981, 19.1158828735, 31.0255069733, 26.3402347565, 10.1670846939, 11.5276374817, 7.42434549332, 6.01224327087, 3.11283326149, 2.28967618942, 0.287994533777, 0.0501981712878, 0.0255338121206, 0.0219808779657, 0.0105525758117, 0.00399931892753, 0.00125829584431, 0.000862986024003, 0.000255147868302, 2.61057248281e-05, 4.64644799649e-05, 0.000101669706055],
        "median": [0.271926015615, 11.184346199, 28.8781261444, 15.3081703186, 74.4827041626, 26.6803474426, 4.2388343811, 2.54288649559, 3.44318628311, 4.06716537476, 9.47477436066, 11.366232872, 12.9445590973, 12.076710701, 13.5072593689, 4.44079828262, 1.7269667387, 5.88284730911, 12.4002485275, 16.5649166107, 26.5094490051, 20.3981189728, 8.54575061798, 9.21243667603, 6.46633481979, 4.65166854858, 2.46555709839, 1.89819467068, 0.266075998545, 0.0457270778716, 0.0213001705706, 0.0173717010766, 0.00849582348019, 0.0032990348991, 0.00113162584603, 0.000795181840658, 0.000226366755669, 1.81393043022e-05, 4.54430410173e-05, 0.00010110896983],
        "min": [0.0156778544188, 0.132524326444, 0.501115262508, 1.08524012566, 1.48679375648, 1.242603302, 0.705872178078, 0.411837726831, 0.332514196634, 0.781289041042, 0.833120405674, 1.16339886189, 0.761066913605, 0.507602274418, 0.543685853481, 0.14047268033, 0.114570438862, 0.0752279907465, 0.325745403767, 0.441936224699, 0.894631147385, 0.727579295635, 0.576798439026, 0.920036613941, 0.43402504921, 0.304512441158, 0.0947018712759, 0.0974987000227, 0.0414761565626, 0.0107819885015, 0.00644017476588, 0.00314410938881, 0.00188688619528, 0.000720648560673, 0.000497168570291, 0.000401384400902, 0.000112513938802, 8.83612938196e-06, 1.56879923452e-05, 1.10989976747e-05],
        "var": [0.0554540343583, 38.5765762329, 222.663619995, 104.202575684, 4060.06738281, 586.18963623, 12.1196260452, 5.80922603607, 7.11651086807, 8.9430437088, 83.1410217285, 86.3250045776, 114.108032227, 142.281463623, 136.136993408, 11.1092023849, 1.60089480877, 43.0233573914, 244.944229126, 197.75302124, 369.832427979, 424.749023438, 35.4624938965, 61.1594238281, 19.4107208252, 17.80560112, 6.64688444138, 3.13794898987, 0.0338746979833, 0.00115207361523, 0.0002357972553, 0.000252845406067, 7.7798635175e-05, 9.83178233582e-06, 3.91310521763e-07, 1.31391331593e-07, 2.07684536235e-08, 2.45875653171e-09, 1.83360882033e-10, 7.96659016533e-10]
    },
    "gfcc": {
        "mean": [-27.4687957764, 175.471786499, -125.79750824, 59.2891845703, -8.63167190552, -9.94744300842, -6.5442943573, 3.54647755623, -17.0972557068, -18.1426048279, -25.4817638397, -19.9955387115, 5.38305616379],
        "cov": [[333.023529053, -20.0250720978, -171.27406311, 32.7442436218, -46.7594680786, 18.6898937225, -9.04691123962, -17.9826660156, -14.0652894974, -9.88966369629, -29.4999446869, -42.1297531128, 26.8930244446], [-20.0250720978, 103.77960968, 41.010181427, -7.24609851837, 39.1417503357, -28.4403514862, 19.0562725067, -8.86796760559, 14.4172897339, 3.84294915199, 11.6242399216, 3.24921059608, 4.41143798828], [-171.27406311, 41.010181427, 201.349533081, -4.47670984268, 27.1082782745, -15.4263868332, 5.74646043777, 10.5435533524, 26.2631835938, 20.9872360229, 39.1224746704, 37.0868797302, -13.1888093948], [32.7442436218, -7.24609851837, -4.47670984268, 50.4872550964, 18.2218093872, 6.32656574249, -0.49437174201, -4.97256946564, 9.42965316772, -2.25841522217, 6.53826475143, -9.05314445496, 1.81920731068], [-46.7594680786, 39.1417503357, 27.1082782745, 18.2218093872, 69.6169815063, 2.3649585247, 13.9410562515, -3.51091480255, 20.9405040741, 4.70815229416, 11.7401151657, 0.679521262646, -4.47967100143], [18.6898937225, -28.4403514862, -15.4263868332, 6.32656574249, 2.3649585247, 53.8961181641, 19.2313308716, 10.7230978012, 5.66758823395, 4.08523702621, 9.45456790924, 2.7936694622, 4.74837064743], [-9.04691123962, 19.0562725067, 5.74646043777, -0.49437174201, 13.9410562515, 19.2313308716, 56.8164253235, 22.6477794647, 7.18303537369, 15.440621376, 13.2250080109, 13.2334957123, 5.06954240799], [-17.9826660156, -8.86796760559, 10.5435533524, -4.97256946564, -3.51091480255, 10.7230978012, 22.6477794647, 41.0913200378, 18.7247276306, 7.95875644684, 9.11644363403, 10.0728225708, 0.150848284364], [-14.0652894974, 14.4172897339, 26.2631835938, 9.42965316772, 20.9405040741, 5.66758823395, 7.18303537369, 18.7247276306, 41.8660621643, 18.1958217621, 12.030298233, 1.15695905685, -3.78861379623], [-9.88966369629, 3.84294915199, 20.9872360229, -2.25841522217, 4.70815229416, 4.08523702621, 15.440621376, 7.95875644684, 18.1958217621, 46.3212776184, 19.7924900055, 6.33038759232, -4.29689645767], [-29.4999446869, 11.6242399216, 39.1224746704, 6.53826475143, 11.7401151657, 9.45456790924, 13.2250080109, 9.11644363403, 12.030298233, 19.7924900055, 34.5507583618, 14.8962078094, -6.11145162582], [-42.1297531128, 3.24921059608, 37.0868797302, -9.05314445496, 0.679521262646, 2.7936694622, 13.2334957123, 10.0728225708, 1.15695905685, 6.33038759232, 14.8962078094, 34.6561050415, 4.6680150032], [26.8930244446, 4.41143798828, -13.1888093948, 1.81920731068, -4.47967100143, 4.74837064743, 5.06954240799, 0.150848284364, -3.78861379623, -4.29689645767, -6.11145162582, 4.6680150032, 25.9056053162]],
        "icov": [[0.00907291844487, -0.00690819136798, 0.00681817252189, -0.00896180048585, 0.00922194123268, -0.00523383170366, 0.00274308165535, 0.000588488415815, -0.000904163927771, -0.0036696898751, 0.00274530611932, 0.000903935637325, -0.00238416763023], [-0.00690819136798, 0.0437108539045, -0.0070081888698, 0.0284482315183, -0.0168709792197, 0.0337513796985, -0.0315599255264, 0.0294635668397, -0.0265854671597, 0.0237904395908, -0.032188449055, 0.0165302138776, -0.0194512940943], [0.00681817252189, -0.0070081888698, 0.0138740008697, -0.00641945702955, 0.00614481326193, -0.00186870992184, 0.00441097002476, 0.00063194683753, -0.00404521031305, -0.00235842564143, -0.00338561017998, -0.00763254705817, 0.00176163145807], [-0.00896180048585, 0.0284482315183, -0.00641945702955, 0.0485011339188, -0.0182996224612, 0.020954053849, -0.0199416894466, 0.0222224574536, -0.0222203657031, 0.0226317513734, -0.0330625325441, 0.0187950991094, -0.016129758209], [0.00922194123268, -0.0168709792197, 0.00614481326193, -0.0182996224612, 0.0367152579129, -0.0110200820491, -0.00195445748977, 0.00869828090072, -0.0120079694316, -0.000810767465737, 0.00623109284788, -0.00319118471816, 0.00656803557649], [-0.00523383170366, 0.0337513796985, -0.00186870992184, 0.020954053849, -0.0110200820491, 0.0503741391003, -0.0315133780241, 0.0226421691477, -0.0246224384755, 0.0222889892757, -0.0350796692073, 0.0138781191781, -0.0185212939978], [0.00274308165535, -0.0315599255264, 0.00441097002476, -0.0199416894466, -0.00195445748977, -0.0315133780241, 0.0581678189337, -0.0449821352959, 0.0361801274121, -0.0297927092761, 0.0245263110846, -0.0178279429674, 0.00983803812414], [0.000588488415815, 0.0294635668397, 0.00063194683753, 0.0222224574536, 0.00869828090072, 0.0226421691477, -0.0449821352959, 0.0776470378041, -0.0554945878685, 0.0295494254678, -0.029335943982, 0.00643694959581, -0.0124578187242], [-0.000904163927771, -0.0265854671597, -0.00404521031305, -0.0222203657031, -0.0120079694316, -0.0246224384755, 0.0361801274121, -0.0554945878685, 0.0777067989111, -0.0364697687328, 0.0267812162638, -0.00476127909496, 0.0131376637146], [-0.0036696898751, 0.0237904395908, -0.00235842564143, 0.0226317513734, -0.000810767465737, 0.0222889892757, -0.0297927092761, 0.0295494254678, -0.0364697687328, 0.0525726601481, -0.0396093204618, 0.0127175664529, -0.00984863843769], [0.00274530611932, -0.032188449055, -0.00338561017998, -0.0330625325441, 0.00623109284788, -0.0350796692073, 0.0245263110846, -0.029335943982, 0.0267812162638, -0.0396093204618, 0.0915918424726, -0.0340211652219, 0.0311929695308], [0.000903935637325, 0.0165302138776, -0.00763254705817, 0.0187950991094, -0.00319118471816, 0.0138781191781, -0.0178279429674, 0.00643694959581, -0.00476127909496, 0.0127175664529, -0.0340211652219, 0.0613603293896, -0.0262729078531], [-0.00238416763023, -0.0194512940943, 0.00176163145807, -0.016129758209, 0.00656803557649, -0.0185212939978, 0.00983803812414, -0.0124578187242, 0.0131376637146, -0.00984863843769, 0.0311929695308, -0.0262729078531, 0.0614773482084]]
    },
    "melbands": {
        "dmean": [0.00390493264422, 0.00658601801842, 0.0032637193799, 0.00352653232403, 0.000157301605213, 4.67105164716e-05, 3.92591355194e-05, 2.69127449428e-05, 9.45237625274e-05, 4.60317387478e-05, 4.82653013023e-05, 4.03771264246e-05, 3.2735762943e-05, 1.7365995518e-05, 2.9771717891e-06, 2.96919984066e-06, 9.86770010059e-06, 2.31454450841e-05, 1.42320322993e-05, 1.57867762027e-05, 1.98445850401e-05, 1.69537343027e-05, 7.55032124289e-06, 3.22525693264e-06, 5.51353923584e-06, 2.79135042547e-06, 2.45388969233e-06, 1.93882146959e-06, 9.1286250381e-07, 1.78400739514e-06, 3.61442573649e-07, 7.17699535357e-08, 2.8674287833e-08, 6.21524387512e-09, 5.77886938302e-09, 6.15167294882e-09, 6.25164764401e-09, 3.97377419858e-09, 2.76110379005e-09, 1.2594353338e-09],
        "dmean2": [0.0065768007189, 0.0101809175685, 0.00500823091716, 0.00630444055423, 0.000263140100287, 8.12798243714e-05, 6.30187423667e-05, 4.64954791823e-05, 0.000155856425408, 7.4820840382e-05, 8.21645371616e-05, 6.80639132042e-05, 5.62963250559e-05, 3.05419707729e-05, 5.14507974003e-06, 4.77596540804e-06, 1.63572021847e-05, 3.95790557377e-05, 2.38579905272e-05, 2.68514795607e-05, 3.28771784552e-05, 3.07117479679e-05, 1.29136697069e-05, 5.50648064745e-06, 9.1488182079e-06, 4.8646356845e-06, 4.4456305659e-06, 3.50115101355e-06, 1.68781707544e-06, 3.1209019653e-06, 6.33560603092e-07, 1.24071974028e-07, 4.98622405587e-08, 1.03665920292e-08, 9.46724476591e-09, 1.05342552459e-08, 1.0998516764e-08, 6.75089628643e-09, 4.78057549103e-09, 2.10118233923e-09],
        "dvar": [1.25020569612e-05, 2.61579043581e-05, 8.48157833389e-06, 9.65502022154e-06, 1.87913826721e-08, 2.21787721522e-09, 1.13894493836e-09, 5.82741022104e-10, 6.56564891344e-09, 2.3300879004e-09, 2.1904775771e-09, 1.63369118233e-09, 1.09323150532e-09, 3.31092958605e-10, 1.02144542824e-11, 7.66371081179e-12, 1.0127194916e-10, 8.88109752406e-10, 3.45815709402e-10, 2.33877250899e-10, 3.60818736e-10, 3.95217830684e-10, 5.97795354884e-11, 1.27598955707e-11, 2.59986875778e-11, 9.97694635241e-12, 5.44899845731e-12, 4.47604670342e-12, 2.28624215913e-12, 5.17271859027e-12, 1.94352943027e-13, 7.42272081744e-15, 2.10811444561e-15, 4.88384175787e-17, 4.92054475426e-17, 4.90523000153e-17, 9.0160258166e-17, 3.83523680674e-17, 2.29207545661e-17, 2.88597132545e-18],
        "dvar2": [4.25247781095e-05, 6.04154847679e-05, 1.91956423805e-05, 2.41448433371e-05, 5.25813135255e-08, 6.43917497101e-09, 2.99234281798e-09, 1.67236391402e-09, 1.62208930732e-08, 5.99112492949e-09, 6.16511286466e-09, 3.65332342156e-09, 2.96915092513e-09, 8.53736858986e-10, 3.28572759278e-11, 1.90290942725e-11, 2.81039858052e-10, 2.76893219464e-09, 1.13630505005e-09, 5.54373491557e-10, 1.05272046635e-09, 1.28894972473e-09, 1.89515056426e-10, 3.74002148695e-11, 6.24855098219e-11, 2.93501403736e-11, 1.44171627761e-11, 1.42334260697e-11, 7.29498232654e-12, 1.64723755469e-11, 5.84628591198e-13, 2.03903581709e-14, 5.70300803584e-15, 1.26909225951e-16, 1.34167424807e-16, 1.25172239309e-16, 2.68125897173e-16, 1.0504076093e-16, 6.35073804814e-17, 7.26413718486e-18],
        "max": [0.0206634663045, 0.0384259261191, 0.0231904219836, 0.0201289504766, 0.000786287069786, 0.00032647018088, 0.000291066855425, 0.000191650527995, 0.00058492628159, 0.000375015573809, 0.000282175547909, 0.000290494936053, 0.000284864625428, 0.00014747606474, 2.05681135412e-05, 2.68598178081e-05, 7.1822461905e-05, 0.000190476130228, 0.000176088578883, 0.000128856816445, 0.000136419737828, 0.000133173161885, 4.70274862892e-05, 3.36825141858e-05, 4.21783770435e-05, 2.7879326808e-05, 2.05688666028e-05, 1.66324771271e-05, 9.91140586848e-06, 1.82654039236e-05, 4.14850001107e-06, 6.94337416007e-07, 4.01223360313e-07, 7.04030185261e-08, 5.76821292952e-08, 5.60194735044e-08, 8.6491290574e-08, 5.6752117672e-08, 3.91430070579e-08, 1.05205106848e-08],
        "mean": [0.00691846013069, 0.0166126247495, 0.00592704443261, 0.00485476572067, 0.000245895324042, 5.98903825448e-05, 6.73829927109e-05, 4.3423842726e-05, 0.0001231461938, 7.75232329033e-05, 7.74994550738e-05, 6.21185899945e-05, 5.44165923202e-05, 2.64646696451e-05, 4.96002803629e-06, 5.99712029725e-06, 1.63009444805e-05, 3.11107905873e-05, 2.59647858911e-05, 2.93106895697e-05, 3.64747429558e-05, 2.67352588708e-05, 1.53170931299e-05, 6.5958970481e-06, 9.98743416858e-06, 5.36899005965e-06, 5.15203464602e-06, 3.62556011169e-06, 1.42830310779e-06, 2.8173476494e-06, 6.87919623488e-07, 1.51076363863e-07, 5.57643495824e-08, 1.53502313083e-08, 1.41852698476e-08, 1.34738309399e-08, 1.36306814724e-08, 8.0003186298e-09, 5.07106889813e-09, 2.58545940213e-09],
        "median": [0.00663312291726, 0.0164656955749, 0.00499782990664, 0.00389204081148, 0.000202620445634, 4.8071549827e-05, 5.82564643992e-05, 3.62591599696e-05, 9.92232453427e-05, 6.84279220877e-05, 6.52213348076e-05, 4.96440916322e-05, 4.45972909802e-05, 2.09361023735e-05, 3.97202074964e-06, 4.29134797741e-06, 1.09951588456e-05, 2.14048450289e-05, 2.01265938813e-05, 2.24111718126e-05, 3.07295049424e-05, 2.00798403966e-05, 1.19207561511e-05, 6.05455488767e-06, 7.66824086895e-06, 4.61482522951e-06, 4.35109723185e-06, 2.69331212621e-06, 1.05683534457e-06, 2.13669113691e-06, 6.15687326899e-07, 1.31245769808e-07, 4.65705163322e-08, 1.3385700548e-08, 1.21311414247e-08, 1.04827391212e-08, 1.01480495118e-08, 6.31943164464e-09, 3.84691434263e-09, 2.01423233648e-09],
        "min": [0.000176755900611, 0.000237476255279, 0.000203333023819, 0.000100764002127, 2.10258458537e-05, 5.83810515309e-06, 7.03218483977e-06, 7.38647167964e-06, 6.60910473016e-06, 6.81644769429e-06, 3.48977209796e-06, 1.92800257537e-06, 2.37507993006e-06, 4.9286580861e-07, 2.76950345324e-07, 2.04933087389e-07, 1.23703713939e-07, 4.58944839465e-07, 5.9140711528e-07, 9.47689329678e-07, 9.39166511671e-07, 6.94473669682e-07, 6.85950169554e-07, 3.93735973603e-07, 8.40689665438e-07, 3.25686869473e-07, 2.15315196783e-07, 2.05361061489e-07, 2.63921133836e-08, 9.91350788127e-08, 3.98907644694e-08, 2.54178633696e-08, 4.44404513189e-09, 4.15507184215e-09, 3.33006799913e-09, 2.8876365743e-09, 1.51185619579e-09, 1.12829379173e-09, 7.73925812325e-10, 4.11072037521e-10],
        "var": [1.61000389198e-05, 6.94624031894e-05, 1.31338592837e-05, 1.23858499137e-05, 2.50447378392e-08, 2.42190467681e-09, 2.1657731164e-09, 7.31685878552e-10, 9.30856813852e-09, 2.94980573301e-09, 2.89811885601e-09, 2.62598098821e-09, 1.71782876812e-09, 4.45805281579e-10, 1.2994124006e-11, 2.72383591376e-11, 1.83743062432e-10, 9.70875935202e-10, 6.09276351593e-10, 4.95729124417e-10, 5.49292389351e-10, 4.85166851139e-10, 1.02028559212e-10, 1.7436038724e-11, 5.22321422225e-11, 1.22722335766e-11, 1.0501132082e-11, 7.4327427893e-12, 1.94887270384e-12, 5.68404915149e-12, 2.35192616251e-13, 9.82819528479e-15, 2.25927107494e-15, 1.0292758578e-16, 7.69643980552e-17, 9.10335822218e-17, 1.14874356844e-16, 4.50310441855e-17, 2.46278783338e-17, 3.92505058872e-18]
    },
    "mfcc": {
        "mean": [-668.290100098, 194.773239136, -33.3877906799, 75.1322021484, 16.3597736359, 11.4130125046, 15.890411377, 12.4495582581, 24.6598186493, 7.06756544113, -13.5633049011, -3.43273043633, -12.100030899],
        "cov": [[515.815185547, -118.820198059, -153.743728638, -32.3315238953, -45.1961212158, 15.3013067245, 3.78251552582, -34.4456748962, 20.5903911591, 14.2627210617, -35.4561729431, -24.2085895538, -73.7279052734], [-118.820198059, 153.645385742, 23.7656936646, 36.1407661438, 5.86557912827, -0.843149840832, -3.68379235268, 4.12313461304, -2.36446452141, 4.9479637146, 6.43856620789, 9.10715293884, 27.7184143066], [-153.743728638, 23.7656936646, 135.617980957, 7.02728033066, 15.4361228943, -9.72313594818, -6.96084403992, 9.47697734833, -11.9512805939, -11.4655351639, 15.5009031296, 17.0929679871, 41.45860672], [-32.3315238953, 36.1407661438, 7.02728033066, 60.7822647095, 19.323633194, 3.11148142815, -2.5411272049, -2.67936563492, -0.400255739689, 2.89903640747, 3.56973671913, 12.317527771, 6.92390775681], [-45.1961212158, 5.86557912827, 15.4361228943, 19.323633194, 61.8568954468, 11.8064661026, -11.8309173584, 4.05048704147, -2.90912556648, 1.42376053333, 11.1437902451, 6.86325502396, 4.19280815125], [15.3013067245, -0.843149840832, -9.72313594818, 3.11148142815, 11.8064661026, 44.0859107971, 12.1948032379, -1.33282899857, -2.71769356728, 8.19688892365, 6.28802204132, 3.88474678993, 5.78815746307], [3.78251552582, -3.68379235268, -6.96084403992, -2.5411272049, -11.8309173584, 12.1948032379, 39.5193443298, 12.4815483093, 2.58363366127, 0.981992185116, 3.18837046623, 3.20934557915, 6.07930755615], [-34.4456748962, 4.12313461304, 9.47697734833, -2.67936563492, 4.05048704147, -1.33282899857, 12.4815483093, 43.5331497192, 12.5565900803, -7.49554777145, 5.88821172714, 5.17971086502, 10.1995563507], [20.5903911591, -2.36446452141, -11.9512805939, -0.400255739689, -2.90912556648, -2.71769356728, 2.58363366127, 12.5565900803, 37.1571121216, 3.98722815514, -3.13566040993, 2.92691802979, -0.430053293705], [14.2627210617, 4.9479637146, -11.4655351639, 2.89903640747, 1.42376053333, 8.19688892365, 0.981992185116, -7.49554777145, 3.98722815514, 36.3899803162, 14.8336734772, 2.27163434029, -2.16424465179], [-35.4561729431, 6.43856620789, 15.5009031296, 3.56973671913, 11.1437902451, 6.28802204132, 3.18837046623, 5.88821172714, -3.13566040993, 14.8336734772, 46.9454307556, 19.0475788116, 9.91372489929], [-24.2085895538, 9.10715293884, 17.0929679871, 12.317527771, 6.86325502396, 3.88474678993, 3.20934557915, 5.17971086502, 2.92691802979, 2.27163434029, 19.0475788116, 37.3927574158, 18.646156311], [-73.7279052734, 27.7184143066, 41.45860672, 6.92390775681, 4.19280815125, 5.78815746307, 6.07930755615, 10.1995563507, -0.430053293705, -2.16424465179, 9.91372489929, 18.646156311, 45.6884651184]],
