{
"lowlevel": {
    "average_loudness": 0.987269163132,
    "barkbands_crest": {
        "dmean": 3.94839715958,
        "dmean2": 6.68325424194,
        "dvar": 8.43601894379,
        "dvar2": 22.3326091766,
        "max": 21.9590492249,
        "mean": 10.9315299988,
        "median": 10.4424619675,
        "min": 4.36810064316,
        "var": 14.0954885483
    },
    "barkbands_flatness_db": {
        "dmean": 0.0263789538294,
        "dmean2": 0.0444260798395,
        "dvar": 0.000411520071793,
        "dvar2": 0.0010200063698,
        "max": 0.300692021847,
        "mean": 0.220060408115,
        "median": 0.216967180371,
        "min": 0.114508934319,
        "var": 0.000682565150782
    },
    "barkbands_kurtosis": {
        "dmean": 2.71084952354,
        "dmean2": 4.55241632462,
        "dvar": 5.90958547592,
        "dvar2": 15.5039758682,
        "max": 19.0927143097,
        "mean": 2.71159696579,
        "median": 1.96495819092,
        "min": -1.15217983723,
        "var": 8.83958721161
    },
    "barkbands_skewness": {
        "dmean": 0.619534909725,
        "dmean2": 1.03934168816,
        "dvar": 0.220794603229,
        "dvar2": 0.594287097454,
        "max": 3.82205820084,
        "mean": 1.6065659523,
        "median": 1.54712462425,
        "min": 0.296203225851,
        "var": 0.37770730257
    },
    "barkbands_spread": {
        "dmean": 4.80144071579,
        "dmean2": 7.87836837769,
        "dvar": 11.6478290558,
        "dvar2": 33.0769119263,
        "max": 28.5085296631,
        "mean": 13.84603405,
        "median": 13.3290185928,
        "min": 3.52670884132,
        "var": 22.5117416382
    },
    "dissonance": {
        "dmean": 0.0261023752391,
        "dmean2": 0.0437572263181,
        "dvar": 0.000397147465264,
        "dvar2": 0.00123679393437,
        "max": 0.497932493687,
        "mean": 0.451010406017,
        "median": 0.454146802425,
        "min": 0.343756705523,
        "var": 0.000637864985038
    },
    "dynamic_complexity": 0.774573147297,
    "erbbands_crest": {
        "dmean": 2.31127095222,
        "dmean2": 3.8588373661,
        "dvar": 3.48959994316,
        "dvar2": 9.62905693054,
        "max": 17.9127578735,
        "mean": 8.89947414398,
        "median": 8.47636413574,
        "min": 3.60316514969,
        "var": 6.04873657227
    },
    "erbbands_flatness_db": {
        "dmean": 0.016154287383,
        "dmean2": 0.0272023417056,
        "dvar": 0.000152247943333,
        "dvar2": 0.000390410452383,
        "max": 0.295925021172,
        "mean": 0.249753922224,
        "median": 0.249944552779,
        "min": 0.160268262029,
        "var": 0.000285218353383
    },
    "erbbands_kurtosis": {
        "dmean": 0.496480345726,
        "dmean2": 0.846226811409,
        "dvar": 0.215491339564,
        "dvar2": 0.581328630447,
        "max": 2.23230791092,
        "mean": -0.734901249409,
        "median": -0.814677476883,
        "min": -1.66598367691,
        "var": 0.288947731256
    },
    "erbbands_skewness": {
        "dmean": 0.362345695496,
        "dmean2": 0.587674081326,
        "dvar": 0.0795978531241,
        "dvar2": 0.218345537782,
        "max": 1.30232799053,
        "mean": -0.053509850055,
        "median": -0.0557199418545,
        "min": -1.35299229622,
        "var": 0.166204929352
    },
    "erbbands_spread": {
        "dmean": 7.70060968399,
        "dmean2": 13.2362127304,
        "dvar": 34.1496734619,
        "dvar2": 90.0844955444,
        "max": 59.2134666443,
        "mean": 33.8983230591,
        "median": 34.0483551025,
        "min": 14.9893274307,
        "var": 58.0462493896
    },
    "hfc": {
        "dmean": 5.65438604355,
        "dmean2": 9.58114147186,
        "dvar": 18.9796791077,
        "dvar2": 46.548122406,
        "max": 39.6971054077,
        "mean": 20.5634899139,
        "median": 20.4114456177,
        "min": 0.379885464907,
        "var": 42.4520111084
    },
    "melbands_crest": {
        "dmean": 3.68230986595,
        "dmean2": 6.40581655502,
        "dvar": 7.46095943451,
        "dvar2": 22.3748817444,
        "max": 25.0214099884,
        "mean": 14.8860931396,
        "median": 14.6277742386,
        "min": 7.17003107071,
        "var": 10.3227987289
    },
    "melbands_flatness_db": {
        "dmean": 0.0308126658201,
        "dmean2": 0.0515509583056,
        "dvar": 0.000538551423233,
        "dvar2": 0.00136829656549,
        "max": 0.398562729359,
        "mean": 0.30872926116,
        "median": 0.305962562561,
        "min": 0.211099386215,
        "var": 0.00094697473105
    },
    "melbands_kurtosis": {
        "dmean": 6.56207847595,
        "dmean2": 11.2062072754,
        "dvar": 33.6563148499,
        "dvar2": 87.7413482666,
        "max": 47.8112449646,
        "mean": 9.71487522125,
        "median": 7.94542598724,
        "min": 0.254662275314,
        "var": 50.5528640747
    },
    "melbands_skewness": {
        "dmean": 0.898604154587,
        "dmean2": 1.53780651093,
        "dvar": 0.477968752384,
        "dvar2": 1.2480096817,
        "max": 5.37209510803,
        "mean": 2.74123954773,
        "median": 2.67226600647,
        "min": 0.676674902439,
        "var": 0.819555878639
    },
    "melbands_spread": {
        "dmean": 5.78500318527,
        "dmean2": 9.6107006073,
        "dvar": 18.6616172791,
        "dvar2": 51.8663520813,
        "max": 32.1180038452,
        "mean": 14.3194446564,
        "median": 13.7131500244,
        "min": 2.69266557693,
        "var": 33.3811569214
    },
    "pitch_salience": {
        "dmean": 0.0728389322758,
        "dmean2": 0.121573351324,
        "dvar": 0.00314599554986,
        "dvar2": 0.00885237660259,
        "max": 0.653485178947,
        "mean": 0.45785266161,
        "median": 0.463740855455,
        "min": 0.207960218191,
        "var": 0.00505666946992
    },
    "silence_rate_20dB": {
        "dmean": 0,
        "dmean2": 0,
        "dvar": 0,
        "dvar2": 0,
        "max": 1,
        "mean": 1,
        "median": 1,
        "min": 1,
        "var": 0
    },
    "silence_rate_30dB": {
        "dmean": 0,
        "dmean2": 0,
        "dvar": 0,
        "dvar2": 0,
        "max": 1,
        "mean": 1,
        "median": 1,
        "min": 1,
        "var": 0
    },
    "silence_rate_60dB": {
        "dmean": 0,
        "dmean2": 0,
        "dvar": 0,
        "dvar2": 0,
        "max": 0,
        "mean": 0,
        "median": 0,
        "min": 0,
        "var": 0
    },
    "spectral_centroid": {
        "dmean": 230.663070679,
        "dmean2": 384.041381836,
        "dvar": 29453.1230469,
        "dvar2": 79598.3984375,
        "max": 1547.80383301,
        "mean": 777.752380371,
        "median": 753.296875,
        "min": 286.177978516,
        "var": 52791.3164062
    },
    "spectral_complexity": {
        "dmean": 3.09285712242,
        "dmean2": 5.19093084335,
        "dvar": 5.67471408844,
        "dvar2": 14.3024654388,
        "max": 32,
        "mean": 18.9762477875,
        "median": 19,
        "min": 2,
        "var": 14.8212795258
    },
    "spectral_decrease": {
        "dmean": 4.37021085986e-09,
        "dmean2": 7.47881845342e-09,
        "dvar": 1.17478357808e-17,
        "dvar2": 3.10190380514e-17,
        "max": -1.82845252827e-10,
        "mean": -1.21951160281e-08,
        "median": -1.20872334364e-08,
        "min": -2.45915714459e-08,
        "var": 1.58023773585e-17
    },
    "spectral_energy": {
        "dmean": 0.0168630331755,
        "dmean2": 0.0288753695786,
        "dvar": 0.000175475681317,
        "dvar2": 0.000462208437966,
        "max": 0.0962077006698,
        "mean": 0.0478922277689,
        "median": 0.0473480634391,
        "min": 0.000724556623027,
        "var": 0.000237174346694
    },
    "spectral_energyband_high": {
        "dmean": 1.48596345753e-05,
        "dmean2": 2.27474301937e-05,
        "dvar": 1.89784660209e-10,
        "dvar2": 4.66515437392e-10,
        "max": 0.000153753018822,
        "mean": 4.92179569846e-05,
        "median": 4.45512559963e-05,
        "min": 2.58031741396e-06,
        "var": 4.85363582658e-10
    },
    "spectral_energyband_low": {
        "dmean": 0.00431836768985,
        "dmean2": 0.00694473274052,
        "dvar": 1.96889905055e-05,
        "dvar2": 5.57782914257e-05,
        "max": 0.0342487506568,
        "mean": 0.0104915061966,
        "median": 0.00958869140595,
        "min": 0.000320069782902,
        "var": 3.2334428397e-05
    },
    "spectral_energyband_middle_high": {
        "dmean": 0.00211323751137,
        "dmean2": 0.00346667901613,
        "dvar": 3.60946205546e-06,
        "dvar2": 7.72673320171e-06,
        "max": 0.0186749491841,
        "mean": 0.00685853278264,
        "median": 0.00631746090949,
        "min": 0.000125061385916,
        "var": 9.62455487752e-06
    },
    "spectral_energyband_middle_low": {
        "dmean": 0.0174401290715,
        "dmean2": 0.0302512478083,
        "dvar": 0.000179229478817,
        "dvar2": 0.000475260516396,
        "max": 0.0865430980921,
        "mean": 0.0322850756347,
        "median": 0.0301444139332,
        "min": 0.000216977336095,
        "var": 0.000258482032223
    },
    "spectral_entropy": {
        "dmean": 0.211832553148,
        "dmean2": 0.358746707439,
        "dvar": 0.0270010866225,
        "dvar2": 0.0666765347123,
        "max": 7.93532705307,
        "mean": 6.88247776031,
        "median": 6.9152469635,
        "min": 6.26976442337,
        "var": 0.0427269302309
    },
    "spectral_flux": {
        "dmean": 0.0292316768318,
        "dmean2": 0.0489318855107,
        "dvar": 0.000599779072218,
        "dvar2": 0.00164668110665,
        "max": 0.244738996029,
        "mean": 0.108247809112,
        "median": 0.104219935834,
        "min": 0.0462000444531,
        "var": 0.000860558648128
    },
    "spectral_kurtosis": {
        "dmean": 5.63844203949,
        "dmean2": 10.3484392166,
        "dvar": 20.2188358307,
        "dvar2": 66.7081298828,
        "max": 29.5912208557,
        "mean": 9.40261650085,
        "median": 8.53573226929,
        "min": 1.57042074203,
        "var": 25.2458267212
    },
    "spectral_rms": {
        "dmean": 0.00123113871086,
        "dmean2": 0.00209677615203,
        "dvar": 9.60436295827e-07,
        "dvar2": 2.4577923341e-06,
        "max": 0.00968819763511,
        "mean": 0.00673996517435,
        "median": 0.00679656025022,
        "min": 0.00084076425992,
        "var": 1.29693182771e-06
    },
    "spectral_rolloff": {
        "dmean": 321.049530029,
        "dmean2": 576.000244141,
        "dvar": 120027.234375,
        "dvar2": 294988.875,
        "max": 2110.25390625,
        "mean": 780.361877441,
        "median": 732.12890625,
        "min": 215.33203125,
        "var": 153105.15625
    },
    "spectral_skewness": {
        "dmean": 0.481435149908,
        "dmean2": 0.873138546944,
        "dvar": 0.153069034219,
        "dvar2": 0.50956505537,
        "max": 3.96939206123,
        "mean": 1.71198320389,
        "median": 1.6119890213,
        "min": 0.782460510731,
        "var": 0.207066625357
    },
    "spectral_spread": {
        "dmean": 238151.453125,
        "dmean2": 401879.21875,
        "dvar": 189482598400,
        "dvar2": 181587853312,
        "max": 11941391,
        "mean": 2165312.25,
        "median": 2116691.75,
        "min": 1695795,
        "var": 268257673216
    },
    "spectral_strongpeak": {
        "dmean": 0.482875704765,
        "dmean2": 0.800115764141,
        "dvar": 0.183988407254,
        "dvar2": 0.504918038845,
        "max": 4.56476211548,
        "mean": 1.0233232975,
        "median": 0.954955756664,
        "min": 0,
        "var": 0.270845413208
    },
    "zerocrossingrate": {
        "dmean": 0.00485026044771,
        "dmean2": 0.00667278841138,
        "dvar": 1.5464345779e-05,
        "dvar2": 2.33133741858e-05,
        "max": 0.0478515625,
        "mean": 0.0296158231795,
        "median": 0.029296875,
        "min": 0.0068359375,
        "var": 4.95261374454e-05
    },
    "barkbands": {
        "dmean": [2.46236922976e-05, 0.00230601220392, 0.00251798937097, 0.00492000998929, 0.0133903734386, 0.000173615684616, 9.29091038415e-05, 0.00143405271228, 0.0026887296699, 0.00129329401534, 0.000213685256313, 0.000426293117926, 3.7938105379e-05, 0.000576421036385, 0.000330139475409, 0.000640347716399, 0.000278120656731, 0.000130629661726, 5.7374840253e-05, 1.11164690679e-05, 1.04272176031e-05, 3.56028681381e-06, 7.00057171343e-07, 1.34537145868e-07, 3.21649089585e-08, 1.68744946905e-08, 1.147876727e-08],
        "dmean2": [3.78365839424e-05, 0.00369313848205, 0.00425845896825, 0.00846556108445, 0.0230839923024, 0.000307954149321, 0.000157535061589, 0.00247598229907, 0.0046060308814, 0.00210388074629, 0.000359040132025, 0.000680151744746, 6.21530562057e-05, 0.000881588843185, 0.000512267928571, 0.00102398195304, 0.000467696634587, 0.000210398706258, 9.28544541239e-05, 1.77178026206e-05, 1.69221202668e-05, 5.43085934623e-06, 1.3110271766e-06, 2.25549740662e-07, 5.08274666799e-08, 2.76343143923e-08, 1.68072311624e-08],
        "dvar": [3.10346059962e-09, 8.82221684151e-06, 7.26741200197e-06, 1.54069366545e-05, 0.000117629802844, 3.16201926864e-08, 1.14113865024e-08, 1.79366827524e-06, 7.29101520847e-06, 1.59642991093e-06, 6.58346266391e-08, 2.32366147657e-07, 2.75584799425e-09, 6.09783853633e-07, 1.19325122228e-07, 4.54701165609e-07, 8.1904609317e-08, 1.58998449962e-08, 3.34754490794e-09, 9.91518395166e-11, 9.25722762335e-11, 1.53982920165e-11, 3.75663530231e-13, 1.74960330376e-14, 3.63815600977e-15, 3.2185267821e-15, 3.04295167521e-15],
        "dvar2": [7.25037629934e-09, 2.11751084862e-05, 2.18748027692e-05, 4.36283917225e-05, 0.000296803191304, 8.56646167335e-08, 2.96023028312e-08, 4.59430066257e-06, 1.94008243852e-05, 3.61969705409e-06, 1.78229299763e-07, 5.16881868862e-07, 6.66761090784e-09, 1.39825385759e-06, 2.68044431095e-07, 1.09884058475e-06, 2.00042961751e-07, 4.13901126706e-08, 8.66802807309e-09, 2.22529147886e-10, 2.50550469261e-10, 3.19372722712e-11, 9.94455494514e-13, 3.91453904881e-14, 4.95512495375e-15, 3.53117087809e-15, 3.1856788444e-15],
        "max": [0.000743850425351, 0.0293501708657, 0.019814716652, 0.0240785069764, 0.0724066197872, 0.00137164478656, 0.00106155290268, 0.012079058215, 0.022640157491, 0.0115687958896, 0.00260003656149, 0.00648858817294, 0.000631538918242, 0.00812548771501, 0.00345219112933, 0.00504362257197, 0.00274726864882, 0.00126197875943, 0.000438508024672, 0.000136938979267, 9.39209348871e-05, 4.07582119806e-05, 3.5331925119e-06, 1.90407047285e-06, 1.25988685795e-06, 1.15832915526e-06, 1.1625705838e-06],
        "mean": [4.08860432799e-05, 0.00502854399383, 0.00442455988377, 0.00584546290338, 0.0196861103177, 0.000263076013653, 0.000138841191074, 0.00184706784785, 0.0034419556614, 0.00218493817374, 0.000373354851035, 0.000755978573579, 7.4655195931e-05, 0.000928455556277, 0.00074290833436, 0.0010836183792, 0.000571448006667, 0.000266107846983, 0.000126961414935, 3.06183465e-05, 2.67434679699e-05, 8.7221069407e-06, 7.30823501272e-07, 3.89197708728e-07, 1.11574522066e-07, 3.5389852826e-08, 5.06660562394e-08],
        "median": [1.25870956253e-05, 0.00434910319746, 0.00375681766309, 0.00496942829341, 0.0169384814799, 0.000210086305742, 0.000104423888843, 0.00137446727604, 0.00259331217967, 0.00174389756285, 0.000265147013124, 0.00050976377679, 5.22448608535e-05, 0.000589061994106, 0.00051041750703, 0.000805442861747, 0.000448373582913, 0.000217039967538, 0.000104738894152, 2.5628871299e-05, 2.38049015024e-05, 6.79709773976e-06, 4.86310284487e-07, 3.59427360763e-07, 1.06063012595e-07, 2.84732788458e-08, 4.64953799906e-08],
        "min": [3.0315285926e-07, 0.000191775849089, 3.04602981487e-05, 1.21778775792e-05, 2.64045793301e-05, 5.78411345487e-06, 1.02373423942e-05, 1.92077368411e-05, 6.33395393379e-05, 1.01414143501e-05, 8.17554519017e-06, 1.22221154015e-05, 2.76896435025e-06, 1.82229487109e-05, 2.53003563557e-05, 1.78231857717e-05, 2.38536867982e-05, 4.06797471442e-06, 1.71233682522e-06, 1.31786009661e-06, 6.87735905558e-07, 4.19841342136e-07, 1.06416493395e-07, 1.04333523154e-07, 3.57679326157e-08, 9.07879638135e-09, 2.33038210951e-08],
        "var": [8.03064548194e-09, 1.31655688165e-05, 1.01107198134e-05, 1.74163305928e-05, 0.000171369145392, 3.50775657409e-08, 1.60383937242e-08, 2.83683539237e-06, 9.2361433417e-06, 3.12950828629e-06, 1.36109505888e-07, 5.65837694921e-07, 6.37265173964e-09, 1.12199711566e-06, 4.18271980607e-07, 8.29846669603e-07, 1.67103138438e-07, 4.11092209163e-08, 5.93574434049e-09, 3.46080275548e-10, 1.82221737699e-10, 4.16733245134e-11, 3.4456891008e-13, 2.75188061899e-14, 4.51948913271e-15, 3.33055663025e-15, 3.19131796625e-15]
    },
    "erbbands": {
        "dmean": [0.0415825881064, 0.628584861755, 2.93321704865, 6.47138595581, 56.4044647217, 24.1607570648, 1.81758189201, 1.55038070679, 1.11903965473, 2.31100344658, 66.6766586304, 45.4831695557, 44.0329475403, 9.6925573349, 15.2405881882, 10.9683818817, 2.19422888756, 11.2278957367, 36.1080131531, 12.2889146805, 33.0873451233, 15.171954155, 5.45709848404, 6.1815700531, 1.37603151798, 0.556302249432, 0.529463291168, 0.341187179089, 0.0945629104972, 0.0253333635628, 0.0184605717659, 0.00474156904966, 0.0016371171223, 0.000556511920877, 0.000168385085999, 8.99921069504e-05, 2.60259512288e-05, 5.21558195032e-06, 8.01183796284e-06, 1.84624477697e-05],
        "dmean2": [0.0667881816626, 1.01815283298, 4.91624736786, 10.9722728729, 96.3241424561, 43.4255218506, 3.04999136925, 2.75766134262, 1.87779307365, 3.95078611374, 113.947845459, 78.1418838501, 72.6859741211, 15.656498909, 25.001953125, 17.0970287323, 3.44018864632, 18.0470619202, 52.9972572327, 19.3973350525, 52.6688919067, 25.9062614441, 9.03032398224, 10.113070488, 2.24811124802, 0.887112081051, 0.851337790489, 0.544708251953, 0.147434145212, 0.0450372844934, 0.0339421518147, 0.00821859482676, 0.00269443518482, 0.000886432186235, 0.000269052980002, 0.000146952457726, 4.2196315917e-05, 7.7943168435e-06, 1.34692872962e-05, 3.17248232022e-05],
        "dvar": [0.0101349446923, 0.455169051886, 9.66837596893, 24.262178421, 1934.48327637, 453.51651001, 2.12323045731, 2.62477135658, 1.21518003941, 4.88859176636, 3997.88232422, 1975.85009766, 1793.7376709, 84.4611434937, 222.167236328, 199.049346924, 11.6925029755, 376.450469971, 1465.78662109, 140.135696411, 1185.58959961, 239.741744995, 35.7852935791, 39.074798584, 1.59441232681, 0.246028065681, 0.281515747309, 0.100500531495, 0.00821446999907, 0.000672478112392, 0.000221015812713, 1.51814574565e-05, 3.33160119226e-06, 6.06056005381e-07, 1.69520063764e-07, 5.48218359597e-08, 1.01128136976e-08, 1.25721699717e-09, 8.55142068268e-11, 2.13426248896e-10],
        "dvar2": [0.023724572733, 1.14791929722, 29.1870079041, 69.9605712891, 4808.80419922, 1288.65161133, 6.22445631027, 7.08357381821, 3.09872174263, 13.5167331696, 10448.9013672, 5411.50732422, 4126.95654297, 196.965057373, 546.123596191, 406.105529785, 20.4685897827, 848.429870605, 3017.6394043, 320.452484131, 2890.6784668, 649.366027832, 88.6485748291, 101.184646606, 3.68077039719, 0.541351437569, 0.774032354355, 0.247420802712, 0.0177426617593, 0.00186072941869, 0.000612344767433, 3.96030009142e-05, 6.97055065757e-06, 1.0387977909e-06, 2.09826666264e-07, 6.42981063947e-08, 1.09440234652e-08, 1.31149802129e-09, 1.5101773998e-10, 5.58362134306e-10],
        "max": [1.08986055851, 6.86637163162, 23.6392612457, 33.5872268677, 271.820251465, 130.699371338, 12.8385887146, 13.9578390121, 10.2257261276, 22.8232879639, 612.510253906, 363.565765381, 367.164581299, 92.0830383301, 171.219955444, 219.104019165, 61.2042427063, 228.717605591, 387.10534668, 150.452789307, 256.549316406, 109.486740112, 75.8933944702, 64.4898834229, 16.9641189575, 7.39026451111, 5.03504180908, 4.19557762146, 0.851116061211, 0.21523745358, 0.0860021933913, 0.0450175367296, 0.0269861016423, 0.0153097258881, 0.00841527432203, 0.00483544170856, 0.00205520144664, 0.000730356900021, 0.000173112988705, 0.000108379150333],
        "mean": [0.0623770356178, 1.42455530167, 6.03809976578, 10.3266744614, 84.5051193237, 32.9618301392, 3.5795507431, 2.20664978027, 2.09405875206, 3.8069627285, 88.3262634277, 60.4147148132, 75.6012878418, 18.5767860413, 30.8601112366, 21.1642093658, 5.07301998138, 18.9836807251, 74.0583724976, 30.5994911194, 61.046497345, 29.6842594147, 12.8044242859, 13.8485956192, 3.90792226791, 1.5632891655, 1.2269026041, 0.963679373264, 0.27956110239, 0.0489715375006, 0.0215962193906, 0.0110345827416, 0.00488783698529, 0.00195199984591, 0.000484573771246, 0.000273471989203, 5.32243939233e-05, 1.52561997311e-05, 2.87290931738e-05, 5.48891439394e-05],
        "median": [0.0356433726847, 1.25314247608, 5.22795057297, 9.41072940826, 75.8834609985, 26.8197250366, 3.24984359741, 1.72413229942, 1.69671988487, 3.11836624146, 64.8867645264, 47.5608291626, 60.5293998718, 15.3421373367, 25.1692447662, 15.354057312, 3.51039338112, 12.233042717, 56.0631217957, 25.3196220398, 47.186290741, 24.8123168945, 11.2295398712, 10.8937292099, 3.23636746407, 1.36793744564, 1.03545641899, 0.861659049988, 0.245080679655, 0.0426640920341, 0.0160717163235, 0.0101668834686, 0.00459733791649, 0.00189000309911, 0.00042935469537, 0.000248582393397, 4.11408764194e-05, 1.23668196466e-05, 2.82766741293e-05, 5.42916059203e-05],
        "min": [0.00411966722459, 0.0356910452247, 0.0664016157389, 0.049643702805, 0.0625419691205, 0.0977948829532, 0.066506177187, 0.0450952127576, 0.124405689538, 0.41255325079, 1.4608194828, 1.44817781448, 0.220946103334, 0.466611981392, 0.441322892904, 0.381150364876, 0.157717764378, 0.41287279129, 2.0970685482, 0.773252487183, 0.90786921978, 1.24884533882, 0.482782453299, 0.0940480604768, 0.0897143185139, 0.0575101003051, 0.0203316975385, 0.0368337705731, 0.0155212879181, 0.00914485380054, 0.00346286292188, 0.0028662995901, 0.00139407324605, 0.00059456191957, 0.000175565524842, 9.25647982513e-05, 1.65568653756e-05, 5.18030446983e-06, 1.07277364805e-05, 3.52211100108e-06],
        "var": [0.0128972288221, 0.794486880302, 15.484793663, 30.5407390594, 2947.5847168, 510.435577393, 3.34434509277, 2.72055125237, 2.06258130074, 7.58865308762, 6002.44335938, 2491.17724609, 3452.20043945, 171.973403931, 530.712402344, 528.529541016, 40.9444160461, 645.74786377, 4161.97314453, 400.041351318, 2123.63427734, 354.055786133, 58.0788078308, 97.8119277954, 6.40335559845, 0.804848670959, 0.523475170135, 0.267828911543, 0.0219483282417, 0.000731642299797, 0.000227141674259, 2.37449712586e-05, 4.80690596305e-06, 8.42637689402e-07, 1.85268163477e-07, 5.90099809017e-08, 1.04157544811e-08, 1.28815824674e-09, 1.03563400911e-10, 2.88076229538e-10]
    },
    "gfcc": {
        "mean": [-36.4325904846, 185.859664917, -157.429534912, 34.3417625427, -16.9638595581, -8.88760852814, -10.9764995575, -2.55678200722, -10.7821531296, -30.6469860077, -33.1442337036, -26.597820282, 0.282571941614],
        "cov": [[245.151748657, 23.9154148102, -79.7824325562, -20.4362983704, -3.98861384392, -17.9299812317, -1.43921971321, -7.36722421646, -12.8795223236, -4.55391073227, -1.69375956059, -13.5220623016, -3.99615597725], [23.9154148102, 75.9188919067, 4.09447240829, -24.8276538849, 9.23291492462, -13.9036645889, 20.0377864838, -5.60186481476, -1.93520104885, -11.6977119446, -3.54140520096, -12.6162624359, 12.9488525391], [-79.7824325562, 4.09447240829, 97.1169052124, 27.0573158264, 0.0240083243698, 2.883507967, 0.701612174511, 0.0966738760471, 2.79724168777, -4.22341156006, -3.92795944214, 8.19813156128, 1.025395751], [-20.4362983704, -24.8276538849, 27.0573158264, 73.6840515137, 20.8769435883, 6.83242368698, -4.17126178741, -4.14739513397, -1.26343500614, -4.81222486496, 6.66913366318, 14.5288619995, 6.984770298], [-3.98861384392, 9.23291492462, 0.0240083243698, 20.8769435883, 65.2243118286, 19.2214794159, -2.391964674, -9.96055412292, -10.1513776779, -3.94590950012, 3.72714447975, 4.33452796936, 12.1547784805], [-17.9299812317, -13.9036645889, 2.883507967, 6.83242368698, 19.2214794159, 50.4225769043, 8.67213630676, -2.50103735924, 0.390354633331, 9.64666652679, 13.9105472565, 13.8824777603, 3.9702270031], [-1.43921971321, 20.0377864838, 0.701612174511, -4.17126178741, -2.391964674, 8.67213630676, 41.3655166626, 18.403175354, -2.11712861061, -0.847826302052, 2.08818030357, 2.01980829239, 8.95823669434], [-7.36722421646, -5.60186481476, 0.0966738760471, -4.14739513397, -9.96055412292, -2.50103735924, 18.403175354, 60.5147781372, 26.6019039154, 10.8426761627, 5.12918186188, 8.17283248901, -0.807869970798], [-12.8795223236, -1.93520104885, 2.79724168777, -1.26343500614, -10.1513776779, 0.390354633331, -2.11712861061, 26.6019039154, 44.0712890625, 24.2511863708, -1.24224054813, -3.56064796448, -4.3463306427], [-4.55391073227, -11.6977119446, -4.22341156006, -4.81222486496, -3.94590950012, 9.64666652679, -0.847826302052, 10.8426761627, 24.2511863708, 49.0178375244, 11.5329217911, -3.84284257889, -5.14591693878], [-1.69375956059, -3.54140520096, -3.92795944214, 6.66913366318, 3.72714447975, 13.9105472565, 2.08818030357, 5.12918186188, -1.24224054813, 11.5329217911, 27.2085456848, 13.5220308304, -1.72144639492], [-13.5220623016, -12.6162624359, 8.19813156128, 14.5288619995, 4.33452796936, 13.8824777603, 2.01980829239, 8.17283248901, -3.56064796448, -3.84284257889, 13.5220308304, 39.9940299988, 13.9675569534], [-3.99615597725, 12.9488525391, 1.025395751, 6.984770298, 12.1547784805, 3.9702270031, 8.95823669434, -0.807869970798, -4.3463306427, -5.14591693878, -1.72144639492, 13.9675569534, 33.220085144]],
        "icov": [[0.00687320576981, -0.00751996785402, 0.00725528039038, -0.00454346789047, 0.00320655247197, -0.00238204235211, 0.00496926764026, -0.00378314987756, 0.00685827061534, -0.00386052043177, 0.00581261981279, -0.00184765458107, 0.00354613107629], [-0.00751996785402, 0.054630048573, -0.0177684146911, 0.0295674540102, -0.0227546580136, 0.0299771297723, -0.0397047065198, 0.0294314101338, -0.0398157201707, 0.0269616134465, -0.0403559021652, 0.0158367436379, -0.021484233439], [0.00725528039038, -0.0177684146911, 0.021872010082, -0.0148025210947, 0.00869542453438, -0.00918980594724, 0.0111560374498, -0.00863061193377, 0.0130425365642, -0.00886047072709, 0.0181156024337, -0.00796238984913, 0.00955489650369], [-0.00454346789047, 0.0295674540102, -0.0148025210947, 0.0345908328891, -0.0184055995196, 0.018554892391, -0.0212632175535, 0.018754504621, -0.0260606240481, 0.017415907234, -0.027081232518, 0.00370388734154, -0.0118534015492], [0.00320655247197, -0.0227546580136, 0.00869542453438, -0.0184055995196, 0.0320116579533, -0.0230008084327, 0.0229987371713, -0.0155398836359, 0.0232401788235, -0.0106378039345, 0.0164953451604, 0.00112734071445, -0.000913224124815], [-0.00238204235211, 0.0299771297723, -0.00918980594724, 0.018554892391, -0.0230008084327, 0.0494314283133, -0.0344515219331, 0.0265317223966, -0.029366819188, 0.010890038684, -0.0310166608542, -0.00377652654424, -0.0053201392293], [0.00496926764026, -0.0397047065198, 0.0111560374498, -0.0212632175535, 0.0229987371713, -0.0344515219331, 0.0686161443591, -0.04152001068, 0.0440088436007, -0.0195082500577, 0.0285279620439, 0.00148306670599, -1.9122251615e-05], [-0.00378314987756, 0.0294314101338, -0.00863061193377, 0.018754504621, -0.0155398836359, 0.0265317223966, -0.04152001068, 0.0518077909946, -0.0475040115416, 0.0184959545732, -0.0280953515321, -0.00481478031725, -0.00341430981643], [0.00685827061534, -0.0398157201707, 0.0130425365642, -0.0260606240481, 0.0232401788235, -0.029366819188, 0.0440088436007, -0.0475040115416, 0.083218075335, -0.0424189865589, 0.0457681976259, -0.00463475706056, 0.0120425866917], [-0.00386052043177, 0.0269616134465, -0.00886047072709, 0.017415907234, -0.0106378039345, 0.010890038684, -0.0195082500577, 0.0184959545732, -0.0424189865589, 0.05053973943, -0.0408336184919, 0.016659297049, -0.012902433984], [0.00581261981279, -0.0403559021652, 0.0181156024337, -0.027081232518, 0.0164953451604, -0.0310166608542, 0.0285279620439, -0.0280953515321, 0.0457681976259, -0.0408336184919, 0.0960577949882, -0.0341094397008, 0.0298416092992], [-0.00184765458107, 0.0158367436379, -0.00796238984913, 0.00370388734154, 0.00112734071445, -0.00377652654424, 0.00148306670599, -0.00481478031725, -0.00463475706056, 0.016659297049, -0.0341094397008, 0.0550824254751, -0.0303594339639], [0.00354613107629, -0.021484233439, 0.00955489650369, -0.0118534015492, -0.000913224124815, -0.0053201392293, -1.9122251615e-05, -0.00341430981643, 0.0120425866917, -0.012902433984, 0.0298416092992, -0.0303594339639, 0.0558807142079]]
    },
    "melbands": {
        "dmean": [0.000484922376927, 0.00122928374913, 0.00261950236745, 0.00340549764223, 9.55955911195e-05, 3.32970557793e-05, 1.7738853785e-05, 1.87322566489e-05, 0.000695732189342, 0.000241139874561, 0.000225810203119, 4.85570526507e-05, 4.09335661971e-05, 5.3267878684e-05, 1.26195527628e-05, 4.61770014226e-06, 2.38624215854e-05, 7.64487122069e-05, 1.29958289108e-05, 4.10926877521e-05, 3.35396725859e-05, 1.59518513101e-05, 9.48346587393e-06, 6.86427165419e-06, 5.41555164091e-06, 1.30512330543e-06, 7.70246515458e-07, 3.68000854678e-07, 2.77583353636e-07, 3.17024216656e-07, 2.00831678399e-07, 7.15682162422e-08, 1.80872561373e-08, 1.59770614516e-08, 1.38138371852e-08, 4.86786255749e-09, 2.36414821053e-09, 1.43779887996e-09, 7.68764274461e-10, 4.52738069256e-10],
        "dmean2": [0.000778419547714, 0.00204817694612, 0.00447941571474, 0.00593668920919, 0.000164623212186, 5.96698046138e-05, 2.98173017654e-05, 3.22622800013e-05, 0.00118876353372, 0.000415864458773, 0.000370444438886, 7.69510515966e-05, 6.8211578764e-05, 8.51657969179e-05, 1.95303346118e-05, 7.74656746216e-06, 3.94408634747e-05, 0.000111890978587, 1.96874898393e-05, 6.51249210932e-05, 5.40537803317e-05, 2.69831325568e-05, 1.63000113389e-05, 1.10532282633e-05, 8.89352031663e-06, 2.12845611713e-06, 1.26503812226e-06, 5.78717276767e-07, 4.4251385134e-07, 5.21374431628e-07, 3.1453913607e-07, 1.09345101862e-07, 3.01892555399e-08, 2.98892572914e-08, 2.57582275509e-08, 8.6565572488e-09, 4.00763111585e-09, 2.37854536067e-09, 1.28433796931e-09, 7.35260963225e-10],
        "dvar": [7.17725754384e-07, 1.55132988766e-06, 4.03936564908e-06, 7.9044375525e-06, 6.22138074391e-09, 1.19768694962e-09, 3.2751004686e-10, 3.46278228314e-10, 4.44511925934e-07, 5.70259679478e-08, 4.76393005044e-08, 2.26735963338e-09, 1.85495763194e-09, 3.63371910339e-09, 1.05319419852e-09, 5.79709197313e-11, 2.52591347838e-09, 6.66755317624e-09, 2.47415088417e-10, 1.83509829554e-09, 1.14223130954e-09, 2.41458075756e-10, 1.79893946961e-10, 5.13139288005e-11, 2.95405783168e-11, 1.75277403269e-12, 5.93474163042e-13, 1.3524533056e-13, 7.5481809659e-14, 7.92339352224e-14, 3.78967351749e-14, 5.13696090466e-15, 4.03033655246e-16, 2.59274535223e-16, 1.41076368155e-16, 1.65648707928e-17, 4.58906072646e-18, 2.38326678383e-18, 8.24245724041e-19, 3.94233142569e-19],
        "dvar2": [1.66924678524e-06, 4.6119257604e-06, 1.08635867946e-05, 2.02760820684e-05, 1.84144237636e-08, 3.21791948643e-09, 8.30176094535e-10, 1.01768715677e-09, 1.16126057037e-06, 1.55212205755e-07, 1.08634111484e-07, 5.19044318636e-09, 4.99976771096e-09, 8.08015787612e-09, 2.12540296474e-09, 1.52932930209e-10, 5.61640067787e-09, 1.40407454552e-08, 4.61491539427e-10, 4.49294867977e-09, 2.78277245691e-09, 6.30229035625e-10, 4.68196703629e-10, 1.31923819091e-10, 7.6632603041e-11, 4.55758564569e-12, 1.43021965798e-12, 2.80885530763e-13, 1.99904695119e-13, 2.13112513747e-13, 9.08498807867e-14, 1.09893758115e-14, 9.63814014967e-16, 7.02895150565e-16, 3.80802110875e-16, 4.903672255e-17, 1.08665277777e-17, 5.34737317635e-18, 1.54601090462e-18, 6.94554764136e-19],
        "max": [0.00880254246294, 0.00986194517463, 0.0138733163476, 0.0183453131467, 0.000534140504897, 0.000292765791528, 0.000181147712283, 0.000163078846526, 0.00638758670539, 0.00193966296501, 0.00192711129785, 0.000493964354973, 0.000427446997492, 0.000891987816431, 0.000561185879633, 8.21798166726e-05, 0.000578592531383, 0.00078649201896, 0.000307887210511, 0.000323618791299, 0.000244873168413, 0.000127213657834, 0.000193205676624, 5.96016834606e-05, 5.48841526324e-05, 1.62784417626e-05, 1.17953186418e-05, 4.41284646513e-06, 2.53344978773e-06, 2.6207881092e-06, 2.37335189013e-06, 6.90921297064e-07, 2.28784216461e-07, 1.02842477645e-07, 6.69134223585e-08, 3.03926270817e-08, 2.73795190964e-08, 1.98624903192e-08, 1.56616515312e-08, 1.19167946622e-08],
        "mean": [0.000933843431994, 0.00273194047622, 0.00415878556669, 0.00494595617056, 0.000153566128574, 4.82118230138e-05, 3.21113111568e-05, 2.64060145128e-05, 0.000917024561204, 0.000315559969749, 0.000381711317459, 8.62633532961e-05, 7.72257117205e-05, 0.000101497869764, 2.14011070057e-05, 8.08630466054e-06, 3.10506366077e-05, 0.00014627231576, 3.49104993802e-05, 6.92361936672e-05, 6.43452294753e-05, 3.05616813421e-05, 1.66554327734e-05, 1.29000727611e-05, 1.16127621368e-05, 3.01834074889e-06, 1.89184277133e-06, 8.4892326413e-07, 6.47651006602e-07, 7.62656725328e-07, 5.12336725933e-07, 1.8803618218e-07, 4.44140511036e-08, 1.80857391285e-08, 1.35393936063e-08, 8.18617706955e-09, 6.03954797285e-09, 3.72065200871e-09, 2.21949902901e-09, 1.39119371578e-09],
        "median": [0.000728475570213, 0.00243669352494, 0.00393322575837, 0.00425029732287, 0.000133930443553, 3.79455996153e-05, 2.5443134291e-05, 2.06346740015e-05, 0.000650786911137, 0.00024872116046, 0.000306679692585, 6.87681967975e-05, 6.07692745689e-05, 7.50757244532e-05, 1.14796303023e-05, 5.60195348953e-06, 1.46455085996e-05, 0.000101187579276, 2.08707551792e-05, 5.10048594151e-05, 5.06705800944e-05, 2.44676230068e-05, 1.35238515213e-05, 9.78693788056e-06, 9.22879644349e-06, 2.55281815953e-06, 1.45934359352e-06, 7.02783950146e-07, 5.4234936897e-07, 6.84151359565e-07, 4.14004347249e-07, 1.58605544698e-07, 3.78057407602e-08, 1.29355965939e-08, 9.12377551288e-09, 7.09086434014e-09, 5.54752954685e-09, 3.38050298865e-09, 2.08661909973e-09, 1.30989097347e-09],
        "min": [6.45502659609e-05, 3.99602213292e-05, 9.00497798284e-06, 6.1506957536e-06, 2.75353067991e-06, 1.00027216376e-06, 2.1920357085e-06, 1.64989273799e-06, 1.4119473235e-05, 7.43388591218e-06, 8.54071174672e-07, 1.91185449694e-06, 1.2579672557e-06, 1.45184117173e-06, 6.267828212e-07, 2.62239041149e-07, 6.31071372936e-07, 3.82039843316e-06, 1.07838945951e-06, 1.35952359415e-06, 9.16146802865e-07, 1.23175004774e-06, 1.01710656963e-06, 1.51241607682e-07, 5.9184870338e-08, 7.97508974415e-08, 5.48300391756e-08, 3.28835767505e-08, 1.35293012349e-08, 9.20792242454e-09, 2.72930087419e-08, 8.93035423388e-09, 5.54312951095e-09, 2.42888642532e-09, 1.90368210085e-09, 1.59582058679e-09, 1.51943269078e-09, 8.4727574956e-10, 6.48650300139e-10, 4.26011975696e-10],
        "var": [9.61612386163e-07, 2.7509370284e-06, 5.45247894479e-06, 1.08034228106e-05, 8.22281354118e-09, 1.28763155693e-09, 5.50337275751e-10, 4.55444099101e-10, 6.53328754652e-07, 6.90527244274e-08, 9.2850015676e-08, 4.72194372492e-09, 3.83346732136e-09, 8.17951839593e-09, 2.4488298056e-09, 9.42298669648e-11, 3.98237354204e-09, 1.80534964755e-08, 1.75232905963e-09, 3.42028849687e-09, 2.07690487031e-09, 4.51213344466e-10, 1.76294728815e-10, 1.08190824355e-10, 7.14523232248e-11, 3.33699235779e-12, 2.65950781363e-12, 3.31906756853e-13, 1.55594450085e-13, 1.51320782619e-13, 1.10046039393e-13, 1.37678573308e-14, 7.01505434196e-16, 2.25636130501e-16, 1.29531084091e-16, 2.00108191979e-17, 7.2888260446e-18, 3.33181133586e-18, 1.13679038672e-18, 5.23963083361e-19]
    },
    "mfcc": {
        "mean": [-670.063293457, 204.699066162, -55.8858184814, 49.8095397949, 8.40351009369, 8.24921321869, 3.55590367317, 19.0438957214, 25.4873943329, 2.06799697876, -10.0093021393, -13.2393474579, -21.7751522064],
        "cov": [[309.3125, 11.591345787, -94.1243667603, -11.8329610825, -21.7691631317, -12.2369117737, -0.264868736267, -17.2854633331, -14.6243371964, -4.12291812897, -1.07478439808, -7.99201536179, -13.8936882019], [11.591345787, 97.7014541626, -13.9142980576, -18.6594696045, -11.6304569244, -11.4010705948, 17.7063884735, -9.62081336975, 19.4599761963, -11.5931539536, 2.94568777084, -1.22045767307, -12.5768880844], [-94.1243667603, -13.9142980576, 93.1819763184, 16.5535640717, -4.78052949905, 6.38723993301, -11.9728469849, 13.3853302002, -3.73255610466, 2.67440652847, 0.55287861824, 3.6208589077, 11.4702186584], [-11.8329610825, -18.6594696045, 16.5535640717, 63.4793510437, 18.3692073822, -2.16355347633, 1.63791203499, 6.15577316284, 5.31857061386, -6.26901292801, -11.2016582489, -4.87025690079, 4.12282991409], [-21.7691631317, -11.6304569244, -4.78052949905, 18.3692073822, 59.1352462769, 20.6031646729, 0.41877412796, 3.87065243721, -4.86937522888, -0.27703422308, -11.1725330353, 2.80822348595, 13.9349575043], [-12.2369117737, -11.4010705948, 6.38723993301, -2.16355347633, 20.6031646729, 60.565536499, 14.021191597, -7.22945165634, -12.8683328629, -2.32598280907, -4.36422920227, -4.35146474838, 3.06330561638], [-0.264868736267, 17.7063884735, -11.9728469849, 1.63791203499, 0.41877412796, 14.021191597, 51.0689888, 9.5513010025, 0.861949086189, -6.77121305466, -4.19539833069, -4.35541820526, -3.34953927994], [-17.2854633331, -9.62081336975, 13.3853302002, 6.15577316284, 3.87065243721, -7.22945165634, 9.5513010025, 52.6710891724, 5.71647787094, -7.58878707886, -14.3677568436, -2.06185793877, 11.4367446899], [-14.6243371964, 19.4599761963, -3.73255610466, 5.31857061386, -4.86937522888, -12.8683328629, 0.861949086189, 5.71647787094, 46.0571975708, 7.57161283493, -4.13737487793, 4.97041130066, 1.43693518639], [-4.12291812897, -11.5931539536, 2.67440652847, -6.26901292801, -0.27703422308, -2.32598280907, -6.77121305466, -7.58878707886, 7.57161283493, 48.3541069031, 17.6959476471, 0.879350662231, 1.08624112606], [-1.07478439808, 2.94568777084, 0.55287861824, -11.2016582489, -11.1725330353, -4.36422920227, -4.19539833069, -14.3677568436, -4.13737487793, 17.6959476471, 45.1809196472, 10.4052467346, -10.1767635345], [-7.99201536179, -1.22045767307, 3.6208589077, -4.87025690079, 2.80822348595, -4.35146474838, -4.35541820526, -2.06185793877, 4.97041130066, 0.879350662231, 10.4052467346, 43.6883506775, 20.0153045654], [-13.8936882019, -12.5768880844, 11.4702186584, 4.12282991409, 13.9349575043, 3.06330561638, -3.34953927994, 11.4367446899, 1.43693518639, 1.08624112606, -10.1767635345, 20.0153045654, 44.534450531]],
