{
"lowlevel": {
    "average_loudness": 0.982990920544,
    "barkbands_crest": {
        "dmean": 2.31274175644,
        "dmean2": 3.8694190979,
        "dvar": 3.5427467823,
        "dvar2": 8.47324562073,
        "max": 20.1824836731,
        "mean": 13.6574354172,
        "median": 13.7600469589,
        "min": 6.99444532394,
        "var": 6.69397115707
    },
    "barkbands_flatness_db": {
        "dmean": 0.0365269333124,
        "dmean2": 0.0627674162388,
        "dvar": 0.000824292190373,
        "dvar2": 0.00211704475805,
        "max": 0.439958155155,
        "mean": 0.333330839872,
        "median": 0.329160958529,
        "min": 0.166686624289,
        "var": 0.00226266286336
    },
    "barkbands_kurtosis": {
        "dmean": 14.5347595215,
        "dmean2": 25.5139789581,
        "dvar": 159.776779175,
        "dvar2": 460.080078125,
        "max": 92.2211685181,
        "mean": 30.6772861481,
        "median": 22.8609523773,
        "min": 4.44782304764,
        "var": 469.360046387
    },
    "barkbands_skewness": {
        "dmean": 1.12005722523,
        "dmean2": 1.95159173012,
        "dvar": 0.726987242699,
        "dvar2": 2.12169361115,
        "max": 7.8151550293,
        "mean": 4.25654125214,
        "median": 3.98597621918,
        "min": 1.98145115376,
        "var": 1.89175307751
    },
    "barkbands_spread": {
        "dmean": 1.60101425648,
        "dmean2": 2.81625843048,
        "dvar": 1.94991075993,
        "dvar2": 5.09842538834,
        "max": 9.92778968811,
        "mean": 3.37592291832,
        "median": 3.14121007919,
        "min": 0.660453379154,
        "var": 3.26056265831
    },
    "dissonance": {
        "dmean": 0.0223771445453,
        "dmean2": 0.0397472754121,
        "dvar": 0.000248021737207,
        "dvar2": 0.000756890571211,
        "max": 0.493726313114,
        "mean": 0.448373228312,
        "median": 0.447413086891,
        "min": 0.396314620972,
        "var": 0.000353417563019
    },
    "dynamic_complexity": 0.484061896801,
    "erbbands_crest": {
        "dmean": 3.42078828812,
        "dmean2": 5.82402992249,
        "dvar": 7.32865428925,
        "dvar2": 21.201341629,
        "max": 22.7669181824,
        "mean": 12.3381891251,
        "median": 11.7841882706,
        "min": 5.08755970001,
        "var": 16.0026855469
    },
    "erbbands_flatness_db": {
        "dmean": 0.015473282896,
        "dmean2": 0.0261056832969,
        "dvar": 0.000235097832046,
        "dvar2": 0.000456510868389,
        "max": 0.289404898882,
        "mean": 0.245416611433,
        "median": 0.245188996196,
        "min": 0.135992631316,
        "var": 0.000327921268763
    },
    "erbbands_kurtosis": {
        "dmean": 1.20243632793,
        "dmean2": 2.14436864853,
        "dvar": 1.97041463852,
        "dvar2": 5.17688083649,
        "max": 7.83999156952,
        "mean": 0.174715638161,
        "median": -0.301091432571,
        "min": -1.68032503128,
        "var": 2.60303330421
    },
    "erbbands_skewness": {
        "dmean": 0.495607584715,
        "dmean2": 0.865314900875,
        "dvar": 0.184441491961,
        "dvar2": 0.462836265564,
        "max": 2.73737120628,
        "mean": 0.98356539011,
        "median": 0.87868231535,
        "min": -0.18602065742,
        "var": 0.332549393177
    },
    "erbbands_spread": {
        "dmean": 7.97921133041,
        "dmean2": 13.2776947021,
        "dvar": 36.27293396,
        "dvar2": 103.815933228,
        "max": 59.5505409241,
        "mean": 38.1535682678,
        "median": 37.8834457397,
        "min": 16.6582489014,
        "var": 71.0889205933
    },
    "hfc": {
        "dmean": 3.35389614105,
        "dmean2": 5.68483829498,
        "dvar": 5.82735490799,
        "dvar2": 15.9872770309,
        "max": 28.9969005585,
        "mean": 11.4765262604,
        "median": 11.1288795471,
        "min": 3.32639217377,
        "var": 14.9643087387
    },
    "melbands_crest": {
        "dmean": 5.08927202225,
        "dmean2": 9.17952251434,
        "dvar": 17.6294326782,
        "dvar2": 48.7005767822,
        "max": 31.2857017517,
        "mean": 23.5153808594,
        "median": 25.2069778442,
        "min": 11.5209884644,
        "var": 31.2604961395
    },
    "melbands_flatness_db": {
        "dmean": 0.0405570827425,
        "dmean2": 0.0702191218734,
        "dvar": 0.000963239173871,
        "dvar2": 0.00251607340761,
        "max": 0.561876296997,
        "mean": 0.445621103048,
        "median": 0.444619446993,
        "min": 0.283488422632,
        "var": 0.00292799947783
    },
    "melbands_kurtosis": {
        "dmean": 34.4220237732,
        "dmean2": 59.7321166992,
        "dvar": 870.611694336,
        "dvar2": 2696.78564453,
        "max": 214.385009766,
        "mean": 73.3211975098,
        "median": 59.6748962402,
        "min": 12.7758131027,
        "var": 2091.53857422
    },
    "melbands_skewness": {
        "dmean": 1.60228323936,
        "dmean2": 2.7587864399,
        "dvar": 1.33691942692,
        "dvar2": 4.14843463898,
        "max": 11.5048551559,
        "mean": 6.33189296722,
        "median": 6.18177890778,
        "min": 3.10994815826,
        "var": 3.03848147392
    },
    "melbands_spread": {
        "dmean": 1.30720961094,
        "dmean2": 2.31408643723,
        "dvar": 1.59155297279,
        "dvar2": 4.17890453339,
        "max": 8.86744880676,
        "mean": 2.52498269081,
        "median": 2.21211075783,
        "min": 0.513437509537,
        "var": 2.35723567009
    },
    "pitch_salience": {
        "dmean": 0.108480535448,
        "dmean2": 0.185024246573,
        "dvar": 0.00692929234356,
        "dvar2": 0.0202444158494,
        "max": 0.677837014198,
        "mean": 0.369342595339,
        "median": 0.389814764261,
        "min": 0.0973602607846,
        "var": 0.0174836441875
    },
    "silence_rate_20dB": {
        "dmean": 0,
        "dmean2": 0,
        "dvar": 0,
        "dvar2": 0,
        "max": 1,
        "mean": 1,
        "median": 1,
        "min": 1,
        "var": 0
    },
    "silence_rate_30dB": {
        "dmean": 0.0705882385373,
        "dmean2": 0.142011836171,
        "dvar": 0.0656056851149,
        "dvar2": 0.181016743183,
        "max": 1,
        "mean": 0.86549705267,
        "median": 1,
        "min": 0,
        "var": 0.116411998868
    },
    "silence_rate_60dB": {
        "dmean": 0,
        "dmean2": 0,
        "dvar": 0,
        "dvar2": 0,
        "max": 0,
        "mean": 0,
        "median": 0,
        "min": 0,
        "var": 0
    },
    "spectral_centroid": {
        "dmean": 78.4740066528,
        "dmean2": 135.668518066,
        "dvar": 4309.48291016,
        "dvar2": 11730.6875,
        "max": 566.664916992,
        "mean": 307.18572998,
        "median": 299.535308838,
        "min": 148.417098999,
        "var": 8120.51318359
    },
    "spectral_complexity": {
        "dmean": 2.41764712334,
        "dmean2": 4.04733705521,
        "dvar": 3.63145709038,
        "dvar2": 7.89124965668,
        "max": 18,
        "mean": 9.77777767181,
        "median": 9,
        "min": 4,
        "var": 8.65237426758
    },
    "spectral_decrease": {
        "dmean": 7.62942775623e-09,
        "dmean2": 1.31880648624e-08,
        "dvar": 2.24476965912e-17,
        "dvar2": 6.81768547439e-17,
        "max": -2.70111311096e-09,
        "mean": -1.97757383802e-08,
        "median": -1.97912495281e-08,
        "min": -3.65323415963e-08,
        "var": 5.67317389431e-17
    },
    "spectral_energy": {
        "dmean": 0.0290790032595,
        "dmean2": 0.0502668879926,
        "dvar": 0.000325570523273,
        "dvar2": 0.000987672363408,
        "max": 0.13925459981,
        "mean": 0.075679063797,
        "median": 0.0761070251465,
        "min": 0.010496311821,
        "var": 0.000820978952106
    },
    "spectral_energyband_high": {
        "dmean": 3.27376892528e-06,
        "dmean2": 5.15173269378e-06,
        "dvar": 1.61783000191e-11,
        "dvar2": 2.53603839317e-11,
        "max": 6.23390733381e-05,
        "mean": 1.11976669359e-05,
        "median": 1.0010191545e-05,
        "min": 1.60053150466e-06,
        "var": 6.60044310874e-11
    },
    "spectral_energyband_low": {
        "dmean": 0.029106285423,
        "dmean2": 0.0512402169406,
        "dvar": 0.000411108456319,
        "dvar2": 0.00121584709268,
        "max": 0.134901687503,
        "mean": 0.0573086477816,
        "median": 0.0569427460432,
        "min": 0.00295202294365,
        "var": 0.00122893613297
    },
    "spectral_energyband_middle_high": {
        "dmean": 0.000470842031064,
        "dmean2": 0.000794796214905,
        "dvar": 3.96901128852e-07,
        "dvar2": 9.71743361333e-07,
        "max": 0.00633083842695,
        "mean": 0.0011694036657,
        "median": 0.00101713184267,
        "min": 0.000182643489097,
        "var": 6.76137858591e-07
    },
    "spectral_energyband_middle_low": {
        "dmean": 0.0092336256057,
        "dmean2": 0.0149874249473,
        "dvar": 0.000120674274513,
        "dvar2": 0.00028876538272,
        "max": 0.110546171665,
        "mean": 0.0177827421576,
        "median": 0.0122538479045,
        "min": 0.00227722665295,
        "var": 0.000345955922967
    },
    "spectral_entropy": {
        "dmean": 0.246287688613,
        "dmean2": 0.41632848978,
        "dvar": 0.0411206819117,
        "dvar2": 0.10104804486,
        "max": 7.57950258255,
        "mean": 6.43811225891,
        "median": 6.43891429901,
        "min": 5.7985701561,
        "var": 0.0663512125611
    },
    "spectral_flux": {
        "dmean": 0.0449733808637,
        "dmean2": 0.0764069110155,
        "dvar": 0.001330012572,
        "dvar2": 0.00326199643314,
        "max": 0.263372093439,
        "mean": 0.117457576096,
        "median": 0.115025706589,
        "min": 0.0281808525324,
        "var": 0.00217273156159
    },
    "spectral_kurtosis": {
        "dmean": 7.55043745041,
        "dmean2": 13.953122139,
        "dvar": 34.9242324829,
        "dvar2": 111.63117218,
        "max": 44.5734062195,
        "mean": 14.2976169586,
        "median": 13.1143398285,
        "min": 1.69762945175,
        "var": 72.333404541
    },
    "spectral_rms": {
        "dmean": 0.00176583928987,
        "dmean2": 0.00305757089518,
        "dvar": 1.43499039496e-06,
        "dvar2": 4.23350184064e-06,
        "max": 0.0116558205336,
        "mean": 0.00841901917011,
        "median": 0.00861688796431,
        "min": 0.00320004764944,
        "var": 2.95334439215e-06
    },
    "spectral_rolloff": {
        "dmean": 33.3131332397,
        "dmean2": 60.2674865723,
        "dvar": 2804.22924805,
        "dvar2": 7476.91650391,
        "max": 624.462890625,
        "mean": 170.880447388,
        "median": 193.798828125,
        "min": 107.666015625,
        "var": 3070.28979492
    },
    "spectral_skewness": {
        "dmean": 0.607878088951,
        "dmean2": 1.09453547001,
        "dvar": 0.225339621305,
        "dvar2": 0.749968647957,
        "max": 4.69929218292,
        "mean": 2.34587907791,
        "median": 2.25992083549,
        "min": 1.15709853172,
        "var": 0.504360795021
    },
    "spectral_spread": {
        "dmean": 357562.0625,
        "dmean2": 564538.75,
        "dvar": 1.59995671347e+12,
        "dvar2": 1.66559023104e+12,
        "max": 18688946,
        "mean": 2237477.5,
        "median": 2131655.5,
        "min": 1346940.625,
        "var": 1.65332923187e+12
    },
    "spectral_strongpeak": {
        "dmean": 0.294128358364,
        "dmean2": 0.488056600094,
        "dvar": 0.0528548359871,
        "dvar2": 0.138727024198,
        "max": 2.0528948307,
        "mean": 0.999530792236,
        "median": 1.00461065769,
        "min": 0.202345207334,
        "var": 0.117987215519
    },
    "zerocrossingrate": {
        "dmean": 0.00243853405118,
        "dmean2": 0.00360288005322,
        "dvar": 5.7655161072e-06,
        "dvar2": 9.76777573669e-06,
        "max": 0.0205078125,
        "mean": 0.0100083379075,
        "median": 0.00927734375,
        "min": 0.00390625,
        "var": 1.68855440279e-05
    },
    "barkbands": {
        "dmean": [2.62038101937e-05, 0.0111386813223, 0.0220928173512, 0.00252877501771, 0.00731460563838, 0.000216788888793, 7.18169321772e-05, 0.000347201013938, 0.000576397578698, 0.000236240099184, 4.77084031445e-05, 0.000101632547739, 8.00728776085e-06, 0.000130214524688, 9.17437719181e-05, 7.393748092e-05, 3.72333561245e-05, 2.73017649306e-05, 1.29549480334e-05, 4.1007733671e-06, 2.05112746698e-06, 6.34923139842e-07, 2.00289775876e-07, 9.23624696725e-08, 6.6766901341e-08, 6.23284748258e-08, 6.63406609647e-08],
        "dmean2": [4.48906976089e-05, 0.0184925347567, 0.0388169921935, 0.00445909239352, 0.0116558615118, 0.000380455341656, 0.000127327410155, 0.000595718040131, 0.000967359694187, 0.000395969342208, 8.20609420771e-05, 0.000164637822309, 1.36357539304e-05, 0.000207888209843, 0.000149168961798, 0.000123903606436, 5.95007622906e-05, 4.38762981503e-05, 2.13837229239e-05, 6.8368740358e-06, 3.51875360138e-06, 8.99515725905e-07, 3.19440488283e-07, 1.16289328389e-07, 7.35662908369e-08, 6.71214976933e-08, 7.04885181335e-08],
        "dvar": [1.09295772432e-09, 8.0613855971e-05, 0.000210638652788, 7.90180183685e-06, 7.48461025069e-05, 1.01312309653e-07, 2.16754454385e-08, 1.22168529515e-07, 3.00971834122e-07, 6.21982039206e-08, 3.44720030299e-09, 2.1770219405e-08, 9.39455874205e-11, 3.65825343351e-08, 1.67541198692e-08, 1.12866098689e-08, 1.88699078585e-09, 1.14395481976e-09, 1.41584771685e-10, 2.26118516272e-11, 4.97215810191e-12, 7.51825251361e-13, 3.49276082232e-13, 2.93676161948e-13, 2.82532650704e-13, 2.7615765035e-13, 3.20983799436e-13],
        "dvar2": [2.6194273417e-09, 0.00022659721435, 0.000694350921549, 2.08149558603e-05, 0.000171982232132, 2.97117395576e-07, 6.42477715473e-08, 3.20757266081e-07, 7.70136409756e-07, 1.66892959896e-07, 9.71823777007e-09, 6.05582286539e-08, 2.41322406502e-10, 9.19657026088e-08, 3.75429500821e-08, 2.6980025325e-08, 4.46743442239e-09, 3.01271607661e-09, 4.00144001267e-10, 6.13143980033e-11, 1.33398318433e-11, 1.21578311654e-12, 3.79430536469e-13, 2.90852438705e-13, 2.82751524017e-13, 2.76964134136e-13, 3.22680901096e-13],
        "max": [0.000222542177653, 0.0660852640867, 0.0821261331439, 0.0218009762466, 0.0861659049988, 0.00293692783453, 0.00149168097414, 0.00229749619029, 0.00424531754106, 0.00148357241414, 0.00043997564353, 0.00133120524697, 6.38762430754e-05, 0.00238359509967, 0.00128123152535, 0.0011514214566, 0.000532211444806, 0.000297977763694, 9.68926542555e-05, 5.10747195221e-05, 2.11635779124e-05, 1.30113830892e-05, 6.01316651228e-06, 5.56534223506e-06, 5.37366622666e-06, 5.23021799381e-06, 5.67511642657e-06],
        "mean": [2.77397339232e-05, 0.0254515688866, 0.0313333049417, 0.00363638484851, 0.0125126522034, 0.000266581570031, 0.000103497499367, 0.000452693231637, 0.000680453958921, 0.000340711092576, 6.43885869067e-05, 0.000159488277859, 1.26118247863e-05, 0.000189470942132, 0.000159251503646, 0.000112816051114, 7.63391653891e-05, 5.3277319239e-05, 2.75717775367e-05, 1.01285950223e-05, 5.5431905821e-06, 2.07007701647e-06, 2.35751244304e-07, 1.52122211716e-07, 8.59089865912e-08, 6.69318325208e-08, 7.84870195503e-08],
        "median": [1.29135178213e-05, 0.023448549211, 0.0299064479768, 0.00223551993258, 0.00798379536718, 0.000123966688989, 6.63445534883e-05, 0.000324300199281, 0.000440372998128, 0.000239477929426, 4.78950460092e-05, 0.000107076295535, 8.97259633348e-06, 0.000130439584609, 0.000102182173578, 7.41536787245e-05, 6.62322418066e-05, 3.93632471969e-05, 2.32661896007e-05, 7.77676814323e-06, 4.88168279844e-06, 1.48953085954e-06, 1.21305419043e-07, 8.4662616473e-08, 2.56212846494e-08, 9.78287850728e-09, 1.62580775509e-08],
        "min": [3.5668128362e-07, 0.000602939340752, 0.000151752465172, 2.97876013065e-05, 0.00092480663443, 1.36492353704e-05, 5.01875501868e-06, 8.53701021697e-06, 1.80251900019e-05, 1.17017516459e-05, 4.6216937335e-06, 1.35564923767e-05, 1.55876989538e-06, 3.49922856913e-06, 7.20038360669e-06, 1.51742024173e-05, 6.63131777401e-06, 2.64791924565e-06, 1.82694680007e-06, 7.57277632601e-07, 6.89506350682e-07, 1.58652369464e-07, 3.15416528451e-08, 1.37984947912e-08, 5.52429302303e-09, 2.02654804049e-09, 6.86941081796e-09],
        "var": [1.39075662098e-09, 0.000278041581623, 0.000439732102677, 1.70277435245e-05, 0.000207423319807, 1.4016687544e-07, 1.98028189402e-08, 1.86717599604e-07, 4.29022577464e-07, 8.4474720552e-08, 3.69346353501e-09, 2.76659264387e-08, 1.18411072614e-10, 5.98363598669e-08, 3.11132168918e-08, 1.70807830102e-08, 3.42629191685e-09, 2.04696082307e-09, 3.13227194182e-10, 6.21584381189e-11, 1.2121480035e-11, 5.06813818343e-12, 3.83223997241e-13, 3.12814959482e-13, 2.85979600461e-13, 2.75523527604e-13, 3.20974692138e-13]
    },
    "erbbands": {
        "dmean": [0.0898443758488, 3.39380788803, 25.9140396118, 7.54966306686, 32.2093391418, 11.6764440536, 2.35590839386, 1.13535952568, 0.578077435493, 1.89123773575, 15.1667823792, 9.56636333466, 7.73463344574, 2.51943707466, 3.1015560627, 2.59654784203, 0.459668785334, 2.86064457893, 8.48737430573, 3.26950120926, 3.31135869026, 2.13377261162, 1.05344986916, 1.30195963383, 0.496687591076, 0.162040874362, 0.0895119458437, 0.0732074901462, 0.0212656632066, 0.00743289897218, 0.00539600616321, 0.0023480434902, 0.00141258304939, 0.000783630064689, 0.000461904885015, 0.000251257471973, 0.000117221083201, 4.06733051932e-05, 2.09565896512e-05, 3.11635121761e-05],
        "dmean2": [0.147864699364, 5.78683280945, 45.3419113159, 12.9603910446, 51.5820884705, 19.6097488403, 4.21256256104, 1.91299235821, 1.00781571865, 3.27068591118, 25.1462249756, 16.3245887756, 13.3872795105, 4.21535491943, 5.33208608627, 4.22752189636, 0.75717318058, 4.59859037399, 13.841460228, 5.25534963608, 5.48574733734, 3.47869873047, 1.73311567307, 2.11453795433, 0.823729932308, 0.265540063381, 0.148657515645, 0.115808963776, 0.0282527841628, 0.0110624851659, 0.00842635612935, 0.00320570031181, 0.0017111786874, 0.000876788224559, 0.000502501439769, 0.000272129749646, 0.000125750389998, 4.30668151239e-05, 3.01081290672e-05, 5.35914768989e-05],
        "dvar": [0.0054038320668, 7.81307601929, 282.556060791, 27.2147407532, 1366.87695312, 246.293136597, 8.21609020233, 4.91800355911, 1.46756899357, 5.24374723434, 231.618453979, 76.5674285889, 75.4415435791, 5.93253993988, 21.4754390717, 11.3541622162, 0.177818864584, 8.73537540436, 243.550094604, 19.7350177765, 22.7548809052, 5.97665166855, 1.1590116024, 2.10100460052, 0.351218312979, 0.0288939643651, 0.010419594124, 0.00634863460436, 0.000761358183809, 0.000498050707392, 0.000262102490524, 0.000141580792842, 7.86228192737e-05, 3.53665855073e-05, 1.43330835272e-05, 4.26524184149e-06, 9.67016831055e-07, 1.22885182918e-07, 5.9971005939e-09, 3.78041431492e-10],
        "dvar2": [0.0160746406764, 21.1503105164, 927.905761719, 84.1707687378, 3079.23828125, 615.334716797, 23.0755119324, 13.1565027237, 4.09352588654, 15.4824504852, 611.999816895, 199.251266479, 205.981735229, 14.2811203003, 61.1333656311, 31.8100528717, 0.458474367857, 18.6637268066, 536.501464844, 48.8139152527, 55.3800964355, 14.4313011169, 2.74357175827, 5.06590461731, 0.914829492569, 0.0751676410437, 0.029065001756, 0.0166988223791, 0.000992918736301, 0.000504853436723, 0.000284680834739, 0.000142277669511, 7.74664076744e-05, 3.53186842403e-05, 1.433972011e-05, 4.26913857154e-06, 9.69462348621e-07, 1.23347291492e-07, 5.84347770172e-09, 1.17445664305e-09],
        "max": [0.454329043627, 19.849111557, 102.589668274, 46.0094184875, 381.395111084, 129.448303223, 19.9251747131, 26.1486721039, 13.597442627, 22.4567089081, 114.636329651, 67.0631790161, 55.5266227722, 16.9988155365, 39.0462493896, 29.0057621002, 3.66922020912, 33.855255127, 180.657318115, 42.8893890381, 45.9794082642, 28.9695014954, 10.8318090439, 12.9759187698, 6.32703733444, 1.66521334648, 0.822260379791, 0.922044634819, 0.511161148548, 0.282514423132, 0.169052258134, 0.124399468303, 0.0909885987639, 0.0604922622442, 0.0378681570292, 0.0206175427884, 0.009840272367, 0.00350374984555, 0.000818293017801, 0.000151085405378],
        "mean": [0.166360080242, 7.87714576721, 40.2870941162, 14.8490867615, 56.1498756409, 18.461605072, 3.66751194, 1.55404651165, 1.07570374012, 2.61018657684, 18.8557376862, 12.3699998856, 11.0860614777, 4.27971363068, 5.27489614487, 4.37332773209, 0.95296472311, 4.98113584518, 13.7621488571, 5.92424106598, 5.72701787949, 4.21475791931, 2.3525955677, 2.83987402916, 1.09186673164, 0.421722114086, 0.238637313247, 0.208005383611, 0.077331289649, 0.0167249217629, 0.0070131579414, 0.00389073370025, 0.00222798460163, 0.00115700275637, 0.000570887175854, 0.000323495769408, 0.000137883209391, 4.43496501248e-05, 4.44651232101e-05, 8.35333630675e-05],
        "median": [0.151338338852, 7.43246221542, 38.7134361267, 15.4007940292, 37.8564147949, 11.4476804733, 2.26792407036, 0.81499838829, 0.698725759983, 2.17393398285, 13.5815029144, 9.15390300751, 8.20497989655, 3.4474670887, 4.0888876915, 3.3893597126, 0.80882370472, 3.65525221825, 8.44935131073, 4.41489887238, 3.75491285324, 3.40753555298, 1.9989669323, 2.22105407715, 0.840012907982, 0.374006718397, 0.202795416117, 0.184653937817, 0.0561879873276, 0.0118232294917, 0.00382298463956, 0.00231036124751, 0.00111239985563, 0.000458606256871, 0.000151474829181, 9.64203863987e-05, 2.99525727314e-05, 5.9769163272e-06, 3.62796854461e-05, 8.4335966676e-05],
        "min": [0.00660595437512, 0.242467746139, 0.758951961994, 2.20388126373, 2.57245993614, 2.06843590736, 0.21011325717, 0.109614215791, 0.0601332820952, 0.291488349438, 0.316950887442, 0.545648515224, 0.633841574192, 0.345508277416, 0.570433318615, 0.484335839748, 0.144877076149, 0.124798104167, 0.422842562199, 0.514935314655, 0.951888442039, 0.4672704041, 0.335482984781, 0.122494608164, 0.106278128922, 0.042305521667, 0.0374365486205, 0.0200788993388, 0.00681172357872, 0.0013490767451, 0.000981451943517, 0.000488953839522, 0.000214349638554, 0.000120109136333, 7.75615553721e-05, 4.87696488563e-05, 1.32889135784e-05, 2.7256719477e-06, 6.62681713948e-06, 1.19335654745e-05],
        "var": [0.0107338335365, 26.2063713074, 727.425598145, 40.5539550781, 4244.94824219, 442.64239502, 13.5287876129, 6.20210361481, 2.06757616997, 5.45575475693, 345.64654541, 117.89490509, 94.1240997314, 9.22830295563, 22.9414806366, 15.2090930939, 0.392231225967, 23.4794216156, 421.47076416, 30.664773941, 35.2527999878, 10.5011062622, 2.55039525032, 4.66845035553, 0.794471979141, 0.0758766978979, 0.0238600689918, 0.0225276574492, 0.00540109025314, 0.000778061687015, 0.000295296282275, 0.000152065680595, 8.31998913782e-05, 3.62777609553e-05, 1.43692232086e-05, 4.26927181252e-06, 9.64150217442e-07, 1.22537102243e-07, 6.3462839428e-09, 9.5163599223e-10]
    },
    "gfcc": {
        "mean": [-91.2587814331, 201.495040894, -115.608886719, 43.1312522888, 0.236212328076, -8.07202911377, -0.528221011162, -3.97857642174, -6.69406318665, -25.1589660645, -24.7494697571, -26.8532810211, -3.10760402679],
        "cov": [[396.475860596, -116.777435303, -169.829849243, -44.5213165283, -116.280158997, 13.9012479782, -55.4019012451, -31.4704875946, -64.205291748, -54.7980194092, -77.440246582, -54.3983573914, -31.6996555328], [-116.777435303, 170.813858032, 43.8507575989, -12.0582723618, 61.6914978027, -37.7830467224, 41.5248794556, 10.6712093353, 42.7186508179, 27.348897934, 46.2492752075, 14.1555690765, 27.1749134064], [-169.829849243, 43.8507575989, 275.106903076, -0.0747468844056, 81.3088531494, -27.5053825378, -7.96285772324, 18.3273200989, 45.4168395996, 62.9168777466, 77.9240493774, 88.8400650024, 18.9433326721], [-44.5213165283, -12.0582723618, -0.0747468844056, 71.1859130859, 26.9502792358, 2.60425519943, 9.26963233948, -6.61217403412, 8.78403282166, -6.00525569916, 5.47721576691, -4.24198913574, 4.70474290848], [-116.280158997, 61.6914978027, 81.3088531494, 26.9502792358, 125.27571106, 8.62617015839, 15.4623851776, 6.67542362213, 45.9973335266, 37.5833854675, 37.2501373291, 24.7846908569, 26.4359226227], [13.9012479782, -37.7830467224, -27.5053825378, 2.60425519943, 8.62617015839, 59.9444618225, 19.7165393829, 0.945114850998, 0.195713892579, -10.6384840012, -18.1646709442, -19.0932731628, -13.8629436493], [-55.4019012451, 41.5248794556, -7.96285772324, 9.26963233948, 15.4623851776, 19.7165393829, 80.2021102905, 36.3833427429, 10.1091842651, -4.19196939468, 3.4979262352, -11.7233467102, -2.80343914032], [-31.4704875946, 10.6712093353, 18.3273200989, -6.61217403412, 6.67542362213, 0.945114850998, 36.3833427429, 56.2287216187, 19.7776241302, 4.14495325089, 4.45856237411, 7.93374824524, -2.26600170135], [-64.205291748, 42.7186508179, 45.4168395996, 8.78403282166, 45.9973335266, 0.195713892579, 10.1091842651, 19.7776241302, 60.7569160461, 34.8491897583, 18.4030990601, 8.89182376862, 3.57506132126], [-54.7980194092, 27.348897934, 62.9168777466, -6.00525569916, 37.5833854675, -10.6384840012, -4.19196939468, 4.14495325089, 34.8491897583, 55.1540679932, 30.8877010345, 21.0821800232, 6.1304473877], [-77.440246582, 46.2492752075, 77.9240493774, 5.47721576691, 37.2501373291, -18.1646709442, 3.4979262352, 4.45856237411, 18.4030990601, 30.8877010345, 61.8484382629, 43.8326950073, 11.009595871], [-54.3983573914, 14.1555690765, 88.8400650024, -4.24198913574, 24.7846908569, -19.0932731628, -11.7233467102, 7.93374824524, 8.89182376862, 21.0821800232, 43.8326950073, 61.5763969421, 20.9778461456], [-31.6996555328, 27.1749134064, 18.9433326721, 4.70474290848, 26.4359226227, -13.8629436493, -2.80343914032, -2.26600170135, 3.57506132126, 6.1304473877, 11.009595871, 20.9778461456, 33.7917900085]],
        "icov": [[0.00547481654212, 0.00317673385143, 0.00237776758149, 0.00412717461586, 8.649098163e-05, 0.00215416168794, 0.000884603010491, 0.00172197411302, -0.00102131208405, 0.00209644250572, 0.000327342189848, 0.000372511625756, 0.0010683486471], [0.00317673385143, 0.0403949953616, 0.00198266352527, 0.0294265467674, -0.0120309982449, 0.0343348458409, -0.0302118416876, 0.0255796033889, -0.0329993404448, 0.0256314426661, -0.0297738499939, 0.0221842601895, -0.017237033695], [0.00237776758149, 0.00198266352527, 0.0106860855594, 0.00228500342928, -0.00465725967661, 0.00433859694749, -0.00161826657131, 0.0023302489426, -0.00191738666035, -0.00235376926139, 0.00233744783327, -0.014537146315, 0.00866576377302], [0.00412717461586, 0.0294265467674, 0.00228500342928, 0.0402903072536, -0.0128500834107, 0.0269216950983, -0.023507585749, 0.0239605847746, -0.0286163855344, 0.0275637116283, -0.0239746440202, 0.0178944133222, -0.0112001225352], [8.649098163e-05, -0.0120309982449, -0.00465725967661, -0.0128500834107, 0.0248299967498, -0.0200148168951, 0.0102829141542, -0.00809808541089, 0.00263477512635, -0.0108253993094, -0.000233547776588, 0.00362187577412, -0.0136568769813], [0.00215416168794, 0.0343348458409, 0.00433859694749, 0.0269216950983, -0.0200148168951, 0.0571809560061, -0.0359177924693, 0.0298198647797, -0.0298390667886, 0.0248620510101, -0.0115554220974, 0.00728406524286, 0.00425414415076], [0.000884603010491, -0.0302118416876, -0.00161826657131, -0.023507585749, 0.0102829141542, -0.0359177924693, 0.052115123719, -0.0406719222665, 0.0303396210074, -0.0167666301131, 0.00760793546215, 0.00305210845545, 0.00358094531111], [0.00172197411302, 0.0255796033889, 0.0023302489426, 0.0239605847746, -0.00809808541089, 0.0298198647797, -0.0406719222665, 0.0555006153882, -0.0364679098129, 0.0214818287641, -0.00483374996111, -0.00765395769849, 0.00160598335788], [-0.00102131208405, -0.0329993404448, -0.00191738666035, -0.0286163855344, 0.00263477512635, -0.0298390667886, 0.0303396210074, -0.0364679098129, 0.065874285996, -0.0411648079753, 0.0245899464935, -0.010541735217, 0.0154390744865], [0.00209644250572, 0.0256314426661, -0.00235376926139, 0.0275637116283, -0.0108253993094, 0.0248620510101, -0.0167666301131, 0.0214818287641, -0.0411648079753, 0.060521196574, -0.0326548926532, 0.0193975046277, -0.010473234579], [0.000327342189848, -0.0297738499939, 0.00233744783327, -0.0239746440202, -0.000233547776588, -0.0115554220974, 0.00760793546215, -0.00483374996111, 0.0245899464935, -0.0326548926532, 0.0810496807098, -0.0621597655118, 0.0375322885811], [0.000372511625756, 0.0221842601895, -0.014537146315, 0.0178944133222, 0.00362187577412, 0.00728406524286, 0.00305210845545, -0.00765395769849, -0.010541735217, 0.0193975046277, -0.0621597655118, 0.0927819013596, -0.0516885481775], [0.0010683486471, -0.017237033695, 0.00866576377302, -0.0112001225352, -0.0136568769813, 0.00425414415076, 0.00358094531111, 0.00160598335788, 0.0154390744865, -0.010473234579, 0.0375322885811, -0.0516885481775, 0.07411891222]]
    },
    "melbands": {
        "dmean": [0.00186820235103, 0.0098278420046, 0.00179964955896, 0.0018469291972, 7.76067754487e-05, 2.80570566247e-05, 1.06824318209e-05, 1.78389072971e-05, 0.000156653608428, 5.09627607244e-05, 3.98189185944e-05, 1.21001730804e-05, 8.89133843884e-06, 1.39046642289e-05, 2.07491416404e-06, 1.3359994e-06, 5.95873962084e-06, 1.72377585841e-05, 4.45375644631e-06, 5.14392650075e-06, 3.61238971891e-06, 2.19828757508e-06, 1.63343145232e-06, 1.37554468438e-06, 1.12015470677e-06, 3.47362885122e-07, 3.49273079792e-07, 8.75569980963e-08, 4.93327583229e-08, 6.44289173124e-08, 4.01473627676e-08, 1.3779248853e-08, 7.52577467011e-09, 4.19038004296e-09, 3.7009957321e-09, 1.89642146431e-09, 1.33211131015e-09, 1.08629127915e-09, 7.95902010964e-10, 6.42221886782e-10],
        "dmean2": [0.00309158465825, 0.0172189176083, 0.00307560246438, 0.00298002106138, 0.000134327623527, 4.80107373733e-05, 1.8444035959e-05, 3.12472075166e-05, 0.000259064690908, 8.7241656729e-05, 6.84178885422e-05, 1.98863799596e-05, 1.56928454089e-05, 2.25346357183e-05, 3.55260908691e-06, 2.12715144698e-06, 9.72112229647e-06, 2.79572122963e-05, 7.38999096939e-06, 8.48566560308e-06, 6.06927824265e-06, 3.57632802661e-06, 2.72227475762e-06, 2.24403106586e-06, 1.83973907042e-06, 5.84191013786e-07, 5.92701724145e-07, 1.37160213853e-07, 7.94357148948e-08, 1.11379712564e-07, 6.01070624384e-08, 1.95817619897e-08, 9.43340427995e-09, 6.78064759896e-09, 6.03743988137e-09, 2.73281153262e-09, 1.76137804342e-09, 1.35596323059e-09, 9.2724011802e-10, 7.22634674322e-10],
        "dvar": [2.19309936256e-06, 4.34990215581e-05, 2.69933207164e-06, 4.87796887683e-06, 8.26638757445e-09, 2.43360753771e-09, 5.65241742301e-10, 4.5765055634e-10, 2.43616824491e-08, 2.15737849807e-09, 1.97817473513e-09, 1.33177149864e-10, 1.70010061584e-10, 3.858617037e-10, 3.68694658137e-12, 2.32214291199e-12, 3.61149513073e-11, 1.02597041973e-09, 3.54799523095e-11, 5.5394293319e-11, 2.20162481995e-11, 6.20196645776e-12, 3.30002756892e-12, 3.90077336751e-12, 1.45464619083e-12, 1.54812780976e-13, 2.57626548133e-13, 6.93954654279e-15, 2.97723377696e-15, 4.65955704197e-15, 1.9751190497e-15, 2.80848623209e-16, 2.41575914139e-16, 1.33873080858e-16, 9.08562346985e-17, 6.72167362807e-17, 4.79724388867e-17, 3.95545195778e-17, 3.05075823525e-17, 2.34962572055e-17],
        "dvar2": [6.34218758933e-06, 0.000134159199661, 6.51514619676e-06, 1.15008388093e-05, 2.23330385296e-08, 6.75319800081e-09, 1.67188807243e-09, 1.27540700223e-09, 6.38572785761e-08, 5.64081537036e-09, 5.38172573172e-09, 3.15155457287e-10, 4.81738204883e-10, 1.06909836539e-09, 9.4891525193e-12, 4.54835431471e-12, 8.83896220105e-11, 2.28053065321e-09, 9.31447557972e-11, 1.36717276389e-10, 5.3853064369e-11, 1.51070857213e-11, 7.74118269486e-12, 1.00429707953e-11, 3.44941718418e-12, 4.12889286563e-13, 6.62757012899e-13, 1.58420419659e-14, 8.48331279356e-15, 1.17319306329e-14, 4.43749210825e-15, 4.23462872323e-16, 2.17262230435e-16, 1.51184303482e-16, 1.04466406417e-16, 6.91750367501e-17, 4.82849377959e-17, 3.88403483805e-17, 3.02999070792e-17, 2.34662636365e-17],
        "max": [0.0105301039293, 0.0438885092735, 0.0165947973728, 0.0214955378324, 0.000680151977576, 0.000559879525099, 0.000255599763477, 0.000205125164939, 0.00120262883138, 0.000342523679137, 0.000278206716757, 8.03758230177e-05, 9.69021275523e-05, 0.000173928478034, 1.30341295517e-05, 1.5901396182e-05, 4.51941996289e-05, 0.000375471747248, 4.81880488223e-05, 8.09084522189e-05, 3.96049763367e-05, 2.89343115583e-05, 2.0060044335e-05, 1.73337939486e-05, 1.04299415398e-05, 4.76026616525e-06, 5.26935855305e-06, 8.50871572311e-07, 4.45521521897e-07, 6.41290057501e-07, 5.61857746106e-07, 2.85927455934e-07, 2.40979090904e-07, 1.26794716948e-07, 9.82610117717e-08, 8.74301022691e-08, 7.11373360218e-08, 6.50211333664e-08, 5.60112134451e-08, 4.92061857926e-08],
        "mean": [0.00399844907224, 0.0176986437291, 0.00428197858855, 0.00306172086857, 0.000124297177535, 3.69608897017e-05, 1.79609378392e-05, 2.40222871071e-05, 0.000190699938685, 6.45795080345e-05, 5.58126848773e-05, 1.96710734599e-05, 1.39972926263e-05, 2.10262533074e-05, 3.29341014549e-06, 2.27818804888e-06, 8.85350800672e-06, 2.63811598415e-05, 8.89180137165e-06, 7.31779618945e-06, 6.33479885437e-06, 4.27035092798e-06, 2.87022385237e-06, 2.44624629886e-06, 2.38710754275e-06, 7.61163391871e-07, 6.39908193989e-07, 2.05381311957e-07, 1.23538214325e-07, 1.61866722692e-07, 1.06809345368e-07, 4.66303191615e-08, 1.9468552992e-08, 5.72998670734e-09, 4.19076817693e-09, 2.83257373113e-09, 2.16994888724e-09, 1.63374913598e-09, 1.15874443374e-09, 8.67115101943e-10],
        "median": [0.00358458864503, 0.0173106621951, 0.00368679640815, 0.00198384094983, 7.7785080066e-05, 1.91710951185e-05, 1.14414824566e-05, 1.92500192497e-05, 0.000140276315506, 4.61327508674e-05, 4.12595181842e-05, 1.54839726747e-05, 1.07729556476e-05, 1.41584141602e-05, 2.57376086665e-06, 1.59137982791e-06, 6.87098508934e-06, 1.52722222992e-05, 6.46576927466e-06, 4.90320144308e-06, 4.21979484599e-06, 3.64809807252e-06, 2.35462766796e-06, 1.69077020473e-06, 1.8750243953e-06, 6.01882163664e-07, 4.44228760443e-07, 1.76091219828e-07, 1.0545075213e-07, 1.45933626072e-07, 8.83422615061e-08, 3.49092061924e-08, 1.24449206496e-08, 3.11774850381e-09, 2.05416883503e-09, 1.56573709553e-09, 1.28632593466e-09, 8.12987621668e-10, 4.8923032292e-10, 2.99415631178e-10],
        "min": [9.77466552285e-05, 0.000309675087919, 0.0006917467108, 0.000122129058582, 6.59491888655e-06, 2.31183912547e-06, 8.66329855853e-07, 2.11606538869e-06, 2.36934761233e-06, 3.07586651616e-06, 2.7787707495e-06, 1.36682103857e-06, 1.43328622926e-06, 1.48282060763e-06, 3.90370615833e-07, 1.74941817477e-07, 1.21391053653e-07, 7.01747410403e-07, 7.41728854337e-07, 9.50973515046e-07, 9.65468871073e-07, 3.66149180309e-07, 3.14560367087e-07, 1.34775959282e-07, 8.00043125082e-08, 8.32112050375e-08, 5.42878950682e-08, 1.73896523847e-08, 1.61803193066e-08, 2.27762981808e-08, 8.43549052831e-09, 4.10696898712e-09, 1.18518184156e-09, 4.70216754422e-10, 5.06348241114e-10, 3.67078090147e-10, 2.03490030382e-10, 1.21137960774e-10, 8.40634159505e-11, 5.32683480658e-11],
        "var": [6.47945489618e-06, 0.000130866916152, 6.6846964728e-06, 1.26791846924e-05, 1.47660736971e-08, 3.23376436739e-09, 6.37956243388e-10, 4.86672147026e-10, 3.60468241922e-08, 3.24759819037e-09, 2.47716935853e-09, 2.17710641182e-10, 1.65003358199e-10, 4.90274043585e-10, 5.87369606078e-12, 4.91725236917e-12, 6.31240684723e-11, 1.74220671223e-09, 6.01666633182e-11, 8.22080459262e-11, 3.58998768213e-11, 1.07330706822e-11, 5.41510326163e-12, 5.84596390393e-12, 3.25194428677e-12, 3.38434033402e-13, 4.57152328145e-13, 2.01564584929e-14, 6.61874467248e-15, 1.07479485517e-14, 8.61102926838e-15, 2.1150863738e-15, 7.03919531036e-16, 1.61307339819e-16, 1.01492758289e-16, 7.25417412525e-17, 5.12987935188e-17, 4.21592186825e-17, 3.18621402364e-17, 2.39819743524e-17]
    },
    "mfcc": {
        "mean": [-735.735351562, 221.283966064, -25.4305820465, 60.8705749512, 22.7191162109, 14.9035787582, 15.2189874649, 16.6367301941, 25.5014419556, 6.63556432724, 1.34385371208, -11.4399766922, -14.9174289703],
        "cov": [[474.411712646, -121.770530701, -186.171218872, -67.2877044678, -136.914932251, 8.32332801819, -47.4716339111, 8.07788276672, -23.9895706177, -7.1995511055, -10.5954694748, -89.94090271, -112.209503174], [-121.770530701, 172.947799683, 50.5571365356, 7.66365909576, 47.6248626709, -30.6662979126, 15.8970003128, -21.6276302338, 14.866651535, 1.50031983852, 7.53509664536, 49.9776535034, 48.7833480835], [-186.171218872, 50.5571365356, 184.16217041, 20.92760849, 59.0761909485, -22.7760009766, -5.37812137604, -10.6556663513, -25.551940918, -13.6505022049, -3.39335608482, 55.560344696, 72.7343597412], [-67.2877044678, 7.66365909576, 20.92760849, 73.5687637329, 31.7299175262, -2.47170877457, 6.38192510605, -5.06876420975, 4.33700084686, -1.14038836956, -0.616988837719, 10.4385309219, 22.5484237671], [-136.914932251, 47.6248626709, 59.0761909485, 31.7299175262, 120.913612366, 16.3878173828, -11.4081954956, -19.7287998199, -2.32056999207, 6.1277794838, -8.14383888245, 39.7937316895, 46.9553642273], [8.32332801819, -30.6662979126, -22.7760009766, -2.47170877457, 16.3878173828, 67.1985778809, 4.05622768402, 0.15040242672, 0.0372826084495, 13.271695137, 12.0057706833, -14.7443304062, -16.8017368317], [-47.4716339111, 15.8970003128, -5.37812137604, 6.38192510605, -11.4081954956, 4.05622768402, 57.3644523621, 24.2796783447, 15.7411994934, 6.6393661499, 5.22044324875, -2.10981440544, 8.8989238739], [8.07788276672, -21.6276302338, -10.6556663513, -5.06876420975, -19.7287998199, 0.15040242672, 24.2796783447, 57.7628974915, 17.5570487976, 6.75397157669, 7.68742513657, -8.96256065369, -8.78899097443], [-23.9895706177, 14.866651535, -25.551940918, 4.33700084686, -2.32056999207, 0.0372826084495, 15.7411994934, 17.5570487976, 60.07837677, 20.5292625427, 10.3437490463, 1.55307924747, -10.5506334305], [-7.1995511055, 1.50031983852, -13.6505022049, -1.14038836956, 6.1277794838, 13.271695137, 6.6393661499, 6.75397157669, 20.5292625427, 36.642375946, 22.1781463623, -3.01058721542, -5.91119289398], [-10.5954694748, 7.53509664536, -3.39335608482, -0.616988837719, -8.14383888245, 12.0057706833, 5.22044324875, 7.68742513657, 10.3437490463, 22.1781463623, 54.5922279358, 3.4734787941, -15.2032165527], [-89.94090271, 49.9776535034, 55.560344696, 10.4385309219, 39.7937316895, -14.7443304062, -2.10981440544, -8.96256065369, 1.55307924747, -3.01058721542, 3.4734787941, 67.2379760742, 45.3015708923], [-112.209503174, 48.7833480835, 72.7343597412, 22.5484237671, 46.9553642273, -16.8017368317, 8.8989238739, -8.78899097443, -10.5506334305, -5.91119289398, -15.2032165527, 45.3015708923, 77.5108261108]],
