{
"lowlevel": {
    "average_loudness": 0.98588603735,
    "barkbands_crest": {
        "dmean": 3.85262084007,
        "dmean2": 6.61984491348,
        "dvar": 8.93188476562,
        "dvar2": 24.4306735992,
        "max": 23.0338973999,
        "mean": 12.9297771454,
        "median": 12.1861982346,
        "min": 5.29019927979,
        "var": 18.4730548859
    },
    "barkbands_flatness_db": {
        "dmean": 0.0317421704531,
        "dmean2": 0.0529305301607,
        "dvar": 0.000603660417255,
        "dvar2": 0.00171476579271,
        "max": 0.392777532339,
        "mean": 0.254185974598,
        "median": 0.248388215899,
        "min": 0.148634508252,
        "var": 0.00139954860788
    },
    "barkbands_kurtosis": {
        "dmean": 7.64289569855,
        "dmean2": 12.893447876,
        "dvar": 80.1188354492,
        "dvar2": 216.009002686,
        "max": 67.6706619263,
        "mean": 10.5755395889,
        "median": 6.72442054749,
        "min": -0.677998542786,
        "var": 121.502449036
    },
    "barkbands_skewness": {
        "dmean": 0.845738947392,
        "dmean2": 1.44003617764,
        "dvar": 0.555617749691,
        "dvar2": 1.44894123077,
        "max": 6.76917600632,
        "mean": 2.5462937355,
        "median": 2.30427575111,
        "min": 0.513374090195,
        "var": 1.16625833511
    },
    "barkbands_spread": {
        "dmean": 3.01181960106,
        "dmean2": 5.11877059937,
        "dvar": 5.60013961792,
        "dvar2": 15.5083322525,
        "max": 18.3411121368,
        "mean": 7.76034212112,
        "median": 7.79197406769,
        "min": 0.893469572067,
        "var": 14.1741342545
    },
    "dissonance": {
        "dmean": 0.0270839221776,
        "dmean2": 0.0469381548464,
        "dvar": 0.000443747150712,
        "dvar2": 0.00122031848878,
        "max": 0.49646961689,
        "mean": 0.442211568356,
        "median": 0.443113952875,
        "min": 0.350654423237,
        "var": 0.000636189011857
    },
    "dynamic_complexity": 0.702109336853,
    "erbbands_crest": {
        "dmean": 3.42108774185,
        "dmean2": 5.69926261902,
        "dvar": 9.33129692078,
        "dvar2": 25.9766521454,
        "max": 25.0511646271,
        "mean": 11.2131938934,
        "median": 9.98142719269,
        "min": 4.21889305115,
        "var": 19.279378891
    },
    "erbbands_flatness_db": {
        "dmean": 0.0204092543572,
        "dmean2": 0.0348205193877,
        "dvar": 0.000240187291638,
        "dvar2": 0.000598717713729,
        "max": 0.330570489168,
        "mean": 0.247682467103,
        "median": 0.246819332242,
        "min": 0.129107758403,
        "var": 0.000474920350825
    },
    "erbbands_kurtosis": {
        "dmean": 1.08808767796,
        "dmean2": 1.88959276676,
        "dvar": 1.75723648071,
        "dvar2": 4.87779808044,
        "max": 12.2066411972,
        "mean": 0.015123215504,
        "median": -0.388870716095,
        "min": -1.68012177944,
        "var": 2.11015295982
    },
    "erbbands_skewness": {
        "dmean": 0.453911244869,
        "dmean2": 0.760766983032,
        "dvar": 0.170227319002,
        "dvar2": 0.470677703619,
        "max": 3.54272961617,
        "mean": 0.616342902184,
        "median": 0.511253297329,
        "min": -1.12652075291,
        "var": 0.406597346067
    },
    "erbbands_spread": {
        "dmean": 7.85883140564,
        "dmean2": 13.381778717,
        "dvar": 31.968454361,
        "dvar2": 97.002456665,
        "max": 59.8141555786,
        "mean": 32.3484840393,
        "median": 31.98163414,
        "min": 11.3171453476,
        "var": 59.7576942444
    },
    "hfc": {
        "dmean": 4.52769184113,
        "dmean2": 7.90627193451,
        "dvar": 11.603105545,
        "dvar2": 30.703212738,
        "max": 26.3361701965,
        "mean": 13.1993083954,
        "median": 12.8794994354,
        "min": 0.403436511755,
        "var": 16.7141628265
    },
    "melbands_crest": {
        "dmean": 3.98795580864,
        "dmean2": 6.82624721527,
        "dvar": 8.9660577774,
        "dvar2": 27.2549800873,
        "max": 27.154340744,
        "mean": 16.7300701141,
        "median": 17.0493755341,
        "min": 6.8180398941,
        "var": 13.442688942
    },
    "melbands_flatness_db": {
        "dmean": 0.03614429757,
        "dmean2": 0.0609287321568,
        "dvar": 0.000733542256057,
        "dvar2": 0.00203337427229,
        "max": 0.49446117878,
        "mean": 0.348061442375,
        "median": 0.345154553652,
        "min": 0.240305259824,
        "var": 0.00170761183836
    },
    "melbands_kurtosis": {
        "dmean": 15.6464748383,
        "dmean2": 26.3824062347,
        "dvar": 279.848632812,
        "dvar2": 756.810424805,
        "max": 119.277114868,
        "mean": 23.5913047791,
        "median": 17.2227420807,
        "min": 0.609618902206,
        "var": 436.940460205
    },
    "melbands_skewness": {
        "dmean": 1.19221830368,
        "dmean2": 2.0196583271,
        "dvar": 0.939248979092,
        "dvar2": 2.52491188049,
        "max": 8.78924846649,
        "mean": 3.7557759285,
        "median": 3.57987451553,
        "min": 0.971703112125,
        "var": 2.02105712891
    },
    "melbands_spread": {
        "dmean": 3.36651682854,
        "dmean2": 5.7657957077,
        "dvar": 7.61760759354,
        "dvar2": 21.6833724976,
        "max": 23.2822532654,
        "mean": 7.54662847519,
        "median": 6.98136377335,
        "min": 0.874616026878,
        "var": 17.1113948822
    },
    "pitch_salience": {
        "dmean": 0.0919216275215,
        "dmean2": 0.156943649054,
        "dvar": 0.0058354488574,
        "dvar2": 0.0165756754577,
        "max": 0.724620342255,
        "mean": 0.443063259125,
        "median": 0.472279161215,
        "min": 0.108716532588,
        "var": 0.0103982584551
    },
    "silence_rate_20dB": {
        "dmean": 0,
        "dmean2": 0,
        "dvar": 0,
        "dvar2": 0,
        "max": 1,
        "mean": 1,
        "median": 1,
        "min": 1,
        "var": 0
    },
    "silence_rate_30dB": {
        "dmean": 0,
        "dmean2": 0,
        "dvar": 0,
        "dvar2": 0,
        "max": 1,
        "mean": 1,
        "median": 1,
        "min": 1,
        "var": 0
    },
    "silence_rate_60dB": {
        "dmean": 0,
        "dmean2": 0,
        "dvar": 0,
        "dvar2": 0,
        "max": 0,
        "mean": 0,
        "median": 0,
        "min": 0,
        "var": 0
    },
    "spectral_centroid": {
        "dmean": 140.936752319,
        "dmean2": 239.549468994,
        "dvar": 12412.6835938,
        "dvar2": 35103.2226562,
        "max": 1041.83251953,
        "mean": 503.909667969,
        "median": 479.281341553,
        "min": 218.19644165,
        "var": 28299.1386719
    },
    "spectral_complexity": {
        "dmean": 2.88666677475,
        "dmean2": 4.89966535568,
        "dvar": 6.58048963547,
        "dvar2": 16.377872467,
        "max": 27,
        "mean": 12.7973423004,
        "median": 13,
        "min": 1,
        "var": 11.5436525345
    },
    "spectral_decrease": {
        "dmean": 5.02056440865e-09,
        "dmean2": 8.73237304688e-09,
        "dvar": 1.5028007265e-17,
        "dvar2": 4.1192141976e-17,
        "max": -2.32839358905e-10,
        "mean": -1.17221423679e-08,
        "median": -1.12198756952e-08,
        "min": -2.45787994402e-08,
        "var": 2.08551456102e-17
    },
    "spectral_energy": {
        "dmean": 0.0193138923496,
        "dmean2": 0.0335607379675,
        "dvar": 0.000221207956201,
        "dvar2": 0.000607990659773,
        "max": 0.0947686731815,
        "mean": 0.0454391725361,
        "median": 0.0434015505016,
        "min": 0.000915382232051,
        "var": 0.000306968868244
    },
    "spectral_energyband_high": {
        "dmean": 1.1188129065e-05,
        "dmean2": 1.70401362993e-05,
        "dvar": 4.31477353846e-10,
        "dvar2": 9.64689772509e-10,
        "max": 0.00028059410397,
        "mean": 3.27977504639e-05,
        "median": 2.91790220217e-05,
        "min": 3.1692252378e-06,
        "var": 4.92686724751e-10
    },
    "spectral_energyband_low": {
        "dmean": 0.00823405385017,
        "dmean2": 0.0148214157671,
        "dvar": 6.29897112958e-05,
        "dvar2": 0.00019390565285,
        "max": 0.0535823814571,
        "mean": 0.0111285690218,
        "median": 0.00900087412447,
        "min": 0.00038431448047,
        "var": 6.93845940987e-05
    },
    "spectral_energyband_middle_high": {
        "dmean": 0.00128533609677,
        "dmean2": 0.00221829302609,
        "dvar": 1.64757011589e-06,
        "dvar2": 4.22622633778e-06,
        "max": 0.0116176214069,
        "mean": 0.00310045829974,
        "median": 0.0025839318987,
        "min": 0.00011475996871,
        "var": 4.0790150706e-06
    },
    "spectral_energyband_middle_low": {
        "dmean": 0.0183667354286,
        "dmean2": 0.0316908955574,
        "dvar": 0.000231931378949,
        "dvar2": 0.000615539902356,
        "max": 0.0896881148219,
        "mean": 0.0322741344571,
        "median": 0.0275452639908,
        "min": 0.000532222853508,
        "var": 0.000377041957108
    },
    "spectral_entropy": {
        "dmean": 0.268700569868,
        "dmean2": 0.441645294428,
        "dvar": 0.0450682975352,
        "dvar2": 0.127581298351,
        "max": 8.08797740936,
        "mean": 6.69446134567,
        "median": 6.74274635315,
        "min": 5.40826416016,
        "var": 0.101934656501
    },
    "spectral_flux": {
        "dmean": 0.0338169410825,
        "dmean2": 0.0566682517529,
        "dvar": 0.000703645579051,
        "dvar2": 0.00187997752801,
        "max": 0.223478466272,
        "mean": 0.112516976893,
        "median": 0.108521617949,
        "min": 0.0460096262395,
        "var": 0.00108419626486
    },
    "spectral_kurtosis": {
        "dmean": 5.53727865219,
        "dmean2": 9.83219909668,
        "dvar": 17.0222511292,
        "dvar2": 52.2655677795,
        "max": 24.5261440277,
        "mean": 9.24846839905,
        "median": 9.02619457245,
        "min": 0.59027671814,
        "var": 24.2151851654
    },
    "spectral_rms": {
        "dmean": 0.00144650379661,
        "dmean2": 0.00250899535604,
        "dvar": 1.21082416626e-06,
        "dvar2": 3.24150141751e-06,
        "max": 0.00961546879262,
        "mean": 0.00652808090672,
        "median": 0.00650714803487,
        "min": 0.000945016276091,
        "var": 1.71505701019e-06
    },
    "spectral_rolloff": {
        "dmean": 183.749893188,
        "dmean2": 347.988128662,
        "dvar": 39082.9882812,
        "dvar2": 99826.25,
        "max": 1141.25976562,
        "mean": 435.600128174,
        "median": 301.46484375,
        "min": 129.19921875,
        "var": 54047.3789062
    },
    "spectral_skewness": {
        "dmean": 0.475764155388,
        "dmean2": 0.844092488289,
        "dvar": 0.138410270214,
        "dvar2": 0.399466365576,
        "max": 3.58380651474,
        "mean": 1.86669576168,
        "median": 1.83367741108,
        "min": 0.672436237335,
        "var": 0.208619654179
    },
    "spectral_spread": {
        "dmean": 274322.9375,
        "dmean2": 438317,
        "dvar": 305971691520,
        "dvar2": 254135877632,
        "max": 13934316,
        "mean": 2288490,
        "median": 2203049,
        "min": 1684273.875,
        "var": 548726669312
    },
    "spectral_strongpeak": {
        "dmean": 0.481431365013,
        "dmean2": 0.802542328835,
        "dvar": 0.150626301765,
        "dvar2": 0.446382969618,
        "max": 2.73933410645,
        "mean": 0.910810112953,
        "median": 0.861349284649,
        "min": 0.0242382530123,
        "var": 0.279052138329
    },
    "zerocrossingrate": {
        "dmean": 0.00369954435155,
        "dmean2": 0.00544947991148,
        "dvar": 7.24891060599e-06,
        "dvar2": 1.54009576363e-05,
        "max": 0.0380859375,
        "mean": 0.0203764140606,
        "median": 0.02001953125,
        "min": 0.0048828125,
        "var": 3.55356278305e-05
    },
    "barkbands": {
        "dmean": [1.35013806357e-05, 0.00323489075527, 0.00568151846528, 0.00413442961872, 0.0156855415553, 0.000148092105519, 0.000153738074005, 0.000808738695923, 0.00133610458579, 0.000933134870138, 8.13694205135e-05, 0.00021822169947, 9.31044542085e-06, 0.000189690865227, 0.000150227628183, 9.5242743555e-05, 0.000114157039206, 5.45701077499e-05, 2.89411345875e-05, 1.03186812339e-05, 7.63028583606e-06, 2.46691001848e-06, 3.32198339947e-07, 1.54011146947e-07, 7.45445021266e-08, 5.79066679052e-08, 5.8111528034e-08],
        "dmean2": [2.18599652726e-05, 0.00554045429453, 0.0101747987792, 0.00674669630826, 0.0271180514246, 0.000252582191024, 0.000263391295448, 0.00136300909799, 0.0022688023746, 0.00161204324104, 0.000144892794196, 0.000358918739948, 1.59722294484e-05, 0.000309858325636, 0.000231904457905, 0.00016207373119, 0.00019992372836, 8.90689043445e-05, 4.5814726036e-05, 1.67486905411e-05, 1.17961526485e-05, 3.81965037377e-06, 5.6790833014e-07, 2.20493078018e-07, 9.22846936646e-08, 6.42840802811e-08, 6.15567756768e-08],
        "dvar": [2.28582930362e-10, 1.05723529487e-05, 2.51008696068e-05, 1.08504018499e-05, 0.000188089470612, 2.00425471775e-08, 2.7129729574e-08, 5.25184191247e-07, 1.79054893579e-06, 8.82978952177e-07, 6.00930238903e-09, 7.19177464248e-08, 9.04993788242e-11, 4.29810356195e-08, 2.99001854387e-08, 1.05770476821e-08, 5.55201573604e-08, 4.15998879788e-09, 1.13625364673e-09, 7.31305183077e-10, 1.80233411529e-10, 1.41478669058e-11, 9.89826601759e-13, 8.91906015189e-13, 7.51174350586e-13, 7.31599242992e-13, 8.35018089829e-13],
        "dvar2": [5.11239606205e-10, 3.37634228345e-05, 7.84067378845e-05, 2.98882532661e-05, 0.000502964307088, 5.19316252223e-08, 7.462345053e-08, 1.46515708366e-06, 5.22764548805e-06, 2.34360550166e-06, 1.7570963351e-08, 1.85480772075e-07, 2.43547348955e-10, 1.09110914082e-07, 6.23855385129e-08, 2.81429386462e-08, 1.60701560503e-07, 9.6188221832e-09, 2.54613108375e-09, 2.12021933343e-09, 4.18671680658e-10, 3.58967092162e-11, 1.23927246503e-12, 9.89448757302e-13, 7.55131688516e-13, 7.3423824529e-13, 8.37565693884e-13],
        "max": [0.000176666275365, 0.0266147814691, 0.0284984111786, 0.0209631640464, 0.0783132389188, 0.00097774004098, 0.00123312172946, 0.0048572588712, 0.0119796469808, 0.00724576693028, 0.000714081339538, 0.00242999964394, 0.000100251818367, 0.00186712900177, 0.00215516542085, 0.000962585327215, 0.00294876401313, 0.000788475619629, 0.000351085502189, 0.000355683208909, 0.000174096625415, 4.5775250328e-05, 1.63885197253e-05, 1.58671700774e-05, 1.50813521032e-05, 1.48585922943e-05, 1.58782568178e-05],
        "mean": [1.71938845597e-05, 0.00404530251399, 0.00637014629319, 0.00619973707944, 0.0220673941076, 0.000224971168791, 0.000359420635505, 0.00106045079883, 0.0018847277388, 0.00146874482743, 0.000105135120975, 0.000333711883286, 1.74010001501e-05, 0.00034813437378, 0.000349581270711, 0.000176605928573, 0.000188417528989, 0.000112319074105, 6.29415299045e-05, 2.22915368795e-05, 1.73445896507e-05, 6.3794163907e-06, 3.85934185942e-07, 2.88756922373e-07, 1.18411932704e-07, 6.73306885801e-08, 8.08266023e-08],
        "median": [1.10586306619e-05, 0.00311643211171, 0.00483961217105, 0.00564483553171, 0.016845215112, 0.000187497294974, 0.000283361470792, 0.00084719696315, 0.00135159294587, 0.00105540407822, 7.8880781075e-05, 0.000218908113311, 1.4634796571e-05, 0.000265674781986, 0.000251314311754, 0.000143848912558, 0.000140295742312, 9.36503347475e-05, 5.49371325178e-05, 1.82238236448e-05, 1.37823162731e-05, 5.19975037605e-06, 2.28954107229e-07, 1.96039607658e-07, 6.10167631976e-08, 1.56488955128e-08, 2.70237592304e-08],
        "min": [2.05634265171e-07, 7.87520693848e-05, 3.551888949e-05, 7.51563638914e-05, 0.000143639481394, 2.42397636612e-05, 1.36744220072e-05, 1.08535996333e-05, 5.46696101082e-05, 3.11842013616e-05, 7.17578950571e-06, 5.51273387828e-06, 2.04657681024e-06, 1.38661443998e-05, 2.25298990699e-05, 9.34651779971e-06, 1.72744530573e-05, 4.809231541e-06, 7.81513517722e-06, 1.5736458181e-06, 2.11801807382e-06, 1.64992584928e-07, 2.86206436328e-08, 4.7891948185e-08, 1.38854687748e-08, 4.86721773996e-09, 1.00566692751e-08],
        "var": [3.4024394413e-10, 1.23559530039e-05, 3.1083549402e-05, 1.88997164514e-05, 0.000285223126411, 2.4485281358e-08, 8.52787280792e-08, 7.70045801346e-07, 3.05149819724e-06, 1.75472871433e-06, 7.88997756018e-09, 1.20118428981e-07, 1.34817698672e-10, 9.33101276246e-08, 1.00622123966e-07, 1.76984329414e-08, 4.29515623068e-08, 6.99804969528e-09, 1.65592151102e-09, 5.52378087715e-10, 2.03795411102e-10, 2.1248334689e-11, 9.57169239701e-13, 8.78046225138e-13, 7.482667372e-13, 7.29454636885e-13, 8.31941937215e-13]
    },
    "erbbands": {
        "dmean": [0.0325710810721, 0.99237459898, 6.47754573822, 6.0536365509, 61.5853767395, 31.335943222, 2.27750825882, 1.44952225685, 2.8851981163, 1.3978600502, 34.6821327209, 22.9913711548, 30.0372619629, 8.01217842102, 6.44894456863, 5.50762319565, 0.685531795025, 3.35847783089, 15.4469804764, 2.96142053604, 5.4375743866, 6.65760183334, 2.29120206833, 2.74905657768, 1.02093100548, 0.462715923786, 0.335129529238, 0.285164237022, 0.0844602882862, 0.0162586532533, 0.00906759127975, 0.00442586420104, 0.00189978862181, 0.00095490651438, 0.000474168162327, 0.000249751232332, 0.000106106388557, 3.48698413291e-05, 1.61658190336e-05, 2.18592540477e-05],
        "dmean2": [0.0523652657866, 1.74338293076, 11.6800823212, 10.2166004181, 105.433815002, 54.2440414429, 3.89287114143, 2.48325777054, 4.86705780029, 2.44592881203, 58.4765090942, 39.5897865295, 52.1547203064, 13.8647899628, 11.024263382, 9.17268657684, 1.15728211403, 5.65680360794, 23.6486568451, 4.8435254097, 9.18977642059, 11.6828985214, 3.72495889664, 4.33576345444, 1.61850655079, 0.747096717358, 0.535955905914, 0.422191292048, 0.131276547909, 0.0249099992216, 0.0151919377968, 0.00674207415432, 0.00262405211106, 0.00122037902474, 0.000568512070458, 0.000289338815492, 0.000117168987344, 3.65165178664e-05, 2.24319446716e-05, 3.7385696487e-05],
        "dvar": [0.000921163475141, 1.0504077673, 34.8539390564, 24.7439537048, 2942.96948242, 586.694763184, 4.13170337677, 2.01567339897, 9.47428798676, 1.87566483021, 1079.26403809, 504.554840088, 878.080078125, 64.8198165894, 57.4040184021, 37.9084854126, 0.332182198763, 11.0069742203, 368.400665283, 6.8404917717, 33.2238426208, 215.332015991, 9.35127162933, 9.7371711731, 2.34634613991, 0.90262979269, 0.154653474689, 0.383309960365, 0.0243611391634, 0.00118146312889, 0.000755047018174, 0.000463121832581, 0.00021471294167, 9.58204982453e-05, 3.7733487261e-05, 1.15597349577e-05, 2.51284018304e-06, 3.19902369483e-07, 1.67682667751e-08, 4.21829515762e-10],
        "dvar2": [0.00228631356731, 3.29766225815, 108.605987549, 67.976348877, 7613.37109375, 1685.64660645, 10.4508571625, 5.49270009995, 26.4603729248, 5.82359838486, 2991.98754883, 1500.44689941, 2375.5, 169.668395996, 157.424880981, 96.2969894409, 0.897744596004, 26.9555835724, 782.084899902, 18.8056812286, 89.1812973022, 621.929321289, 22.1986446381, 21.7746009827, 5.95207977295, 2.53379058838, 0.368099659681, 0.921045184135, 0.0612004324794, 0.00154812005349, 0.000934017065447, 0.000573901459575, 0.000219404828385, 9.64758582995e-05, 3.80341625714e-05, 1.16132750918e-05, 2.52263203038e-06, 3.20826927691e-07, 1.69847300668e-08, 9.04415597969e-10],
        "max": [0.236228659749, 8.07527065277, 35.4757232666, 35.3609886169, 302.941833496, 145.332122803, 19.286523819, 10.2027225494, 24.091840744, 10.4318313599, 270.755096436, 198.645370483, 234.29586792, 60.1316146851, 77.8632354736, 54.9169960022, 5.92837953568, 31.9641151428, 213.96144104, 30.6420288086, 50.006652832, 184.667617798, 27.9286823273, 35.7564163208, 19.7620658875, 11.9642343521, 3.84696674347, 8.38163375854, 2.10844230652, 0.558000802994, 0.454959601164, 0.3485699296, 0.253517210484, 0.170348733664, 0.106712810695, 0.0591156817973, 0.0275300834328, 0.00982047244906, 0.0022604255937, 0.000253845908446],
        "mean": [0.0505339093506, 1.22839319706, 7.28206920624, 11.6562261581, 90.2799224854, 43.471622467, 4.16513061523, 2.50444579124, 6.57526350021, 2.69128084183, 49.7418632507, 33.3378143311, 46.3880958557, 13.9371900558, 10.6126708984, 8.91057682037, 1.43389332294, 7.33593606949, 34.1203689575, 7.44126653671, 10.5459022522, 10.7742176056, 5.12641334534, 6.16876506805, 2.32371258736, 1.04926812649, 0.702563047409, 0.704047560692, 0.223078072071, 0.0383278653026, 0.0120650213212, 0.00754478294402, 0.0038263045717, 0.00174872064963, 0.000646130123641, 0.000353554903995, 0.000122342389659, 4.05333521485e-05, 3.15413999488e-05, 5.15372630616e-05],
        "median": [0.0379057005048, 0.933892309666, 5.46661186218, 10.6963357925, 65.0941009521, 36.6902046204, 3.67512011528, 2.20026779175, 5.24605846405, 2.28195667267, 37.6961212158, 26.6471538544, 33.1105194092, 10.1353931427, 7.84014987946, 6.08903074265, 1.26546251774, 6.16045188904, 21.0136260986, 6.59729766846, 8.82469749451, 7.69832038879, 4.26765918732, 5.38971471786, 1.96533334255, 0.856319904327, 0.564279317856, 0.547152459621, 0.188769713044, 0.0305860862136, 0.00791877321899, 0.00520840473473, 0.00256592873484, 0.00106477888767, 0.000250233337283, 0.00014133095101, 2.6999234251e-05, 7.126602668e-06, 2.31680696743e-05, 4.86145290779e-05],
        "min": [0.00160388252698, 0.0186503622681, 0.166444092989, 0.532786905766, 0.764401316643, 0.334657281637, 0.125337600708, 0.32624733448, 0.196485579014, 0.175973057747, 0.421579837799, 1.44386005402, 1.39729464054, 0.460072189569, 0.375872731209, 0.185918301344, 0.0921435207129, 0.483376711607, 1.33717763424, 0.763287782669, 0.605143368244, 0.96056753397, 0.317342728376, 0.390323907137, 0.174137473106, 0.0611290074885, 0.100239612162, 0.057270925492, 0.00919370912015, 0.00167634827085, 0.000822482106742, 0.000679435790516, 0.000636946293525, 0.000246052077273, 9.54341594479e-05, 5.69300864299e-05, 9.69867051026e-06, 3.02698936139e-06, 4.15836666434e-06, 1.41060399983e-06],
        "var": [0.00176129885949, 1.12254738808, 39.2667121887, 34.0390396118, 5253.71972656, 785.487792969, 4.96383810043, 2.53485035896, 27.2122650146, 2.32663059235, 1782.74975586, 783.816833496, 1669.60437012, 133.992446899, 90.2577056885, 65.3942260742, 0.583714663982, 25.0187225342, 1183.11413574, 14.5929698944, 52.8752098083, 162.605926514, 13.843079567, 15.9827365875, 2.69496917725, 0.850369036198, 0.228758454323, 0.411694705486, 0.0258206296712, 0.00135796691757, 0.000735393026844, 0.000444966193754, 0.000213875086047, 9.53179624048e-05, 3.75753152184e-05, 1.15172733786e-05, 2.50450011663e-06, 3.18834167956e-07, 1.66190403661e-08, 4.98238006408e-10]
    },
    "gfcc": {
        "mean": [-62.200920105, 193.735855103, -139.983779907, 37.4557914734, -24.7195129395, -16.6917381287, -9.59840965271, -7.65384531021, -12.4896430969, -28.0692214966, -29.5036296844, -26.7718448639, 0.258713036776],
        "cov": [[350.445220947, 3.30792474747, -70.5874481201, -23.0589847565, -42.7715339661, 31.5000686646, 35.1959457397, 56.6183738708, 31.3672924042, 2.06054115295, 6.53195619583, 22.2060871124, 7.67125654221], [3.30792474747, 88.7701339722, -6.09336853027, -7.07949304581, 24.6880722046, -8.08101081848, 29.3264427185, -1.185947299, 11.2759971619, -6.38973760605, 2.30870652199, -13.5379781723, 8.25267887115], [-70.5874481201, -6.09336853027, 117.542900085, 29.2723827362, 23.161567688, -23.9818305969, -19.3175888062, -21.0944538116, -8.68445110321, -11.4292449951, -6.63573789597, -6.83500671387, -7.26146888733], [-23.0589847565, -7.07949304581, 29.2723827362, 86.9949645996, 17.9239807129, -15.732129097, 0.997436523438, 5.29447078705, 19.7615795135, 6.85108232498, 14.0680646896, 0.809370219707, 4.0724363327], [-42.7715339661, 24.6880722046, 23.161567688, 17.9239807129, 69.1267547607, 24.222120285, 2.79928803444, -13.4585857391, 0.428166806698, -0.789337515831, -4.19267368317, -7.46050882339, 7.24255943298], [31.5000686646, -8.08101081848, -23.9818305969, -15.732129097, 24.222120285, 96.3623886108, 28.2727546692, 14.2089319229, 13.3219461441, 11.7440319061, 2.41436553001, 9.42555427551, 1.49958467484], [35.1959457397, 29.3264427185, -19.3175888062, 0.997436523438, 2.79928803444, 28.2727546692, 55.5694847107, 27.787027359, 13.1464548111, 2.13048005104, 0.473323762417, 5.01887607574, 6.03238630295], [56.6183738708, -1.185947299, -21.0944538116, 5.29447078705, -13.4585857391, 14.2089319229, 27.787027359, 65.0057220459, 33.9952278137, 20.4820137024, 9.35787963867, 12.4479026794, -1.62982213497], [31.3672924042, 11.2759971619, -8.68445110321, 19.7615795135, 0.428166806698, 13.3219461441, 13.1464548111, 33.9952278137, 53.7593154907, 25.6905899048, 5.58911418915, 0.133923619986, -8.51865959167], [2.06054115295, -6.38973760605, -11.4292449951, 6.85108232498, -0.789337515831, 11.7440319061, 2.13048005104, 20.4820137024, 25.6905899048, 42.2950172424, 15.1436815262, 3.34279346466, -2.78437829018], [6.53195619583, 2.30870652199, -6.63573789597, 14.0680646896, -4.19267368317, 2.41436553001, 0.473323762417, 9.35787963867, 5.58911418915, 15.1436815262, 32.1283760071, 9.50464725494, 1.71525335312], [22.2060871124, -13.5379781723, -6.83500671387, 0.809370219707, -7.46050882339, 9.42555427551, 5.01887607574, 12.4479026794, 0.133923619986, 3.34279346466, 9.50464725494, 31.0448074341, 7.9952712059], [7.67125654221, 8.25267887115, -7.26146888733, 4.0724363327, 7.24255943298, 1.49958467484, 6.03238630295, -1.62982213497, -8.51865959167, -2.78437829018, 1.71525335312, 7.9952712059, 24.7103595734]],
        "icov": [[0.00415082462132, -0.000139024239616, 0.00120598438662, 0.00072133220965, 0.00216446211562, -0.00112308713142, 0.000146432343172, -0.00205255695619, -0.00267452164553, 0.00308885239065, -0.00060283311177, -0.000733955821488, -0.00203867605887], [-0.000139024239616, 0.0424789190292, 0.000653767492622, 0.0222868341953, -0.0225625131279, 0.0221413634717, -0.0330936685205, 0.0157598759979, -0.0321608744562, 0.0177383236587, -0.0279908273369, 0.0158674418926, -0.0155164152384], [0.00120598438662, 0.000653767492622, 0.0123637933284, -0.00344955711626, -0.00426647113636, 0.00250281603076, 0.00128133012913, 0.000376732990844, 0.000928710389417, 0.00214916910045, 0.00208173156716, -0.00221182499081, 0.00555318035185], [0.00072133220965, 0.0222868341953, -0.00344955711626, 0.0305245518684, -0.0162515416741, 0.0163944531232, -0.019186232239, 0.00973345991224, -0.0282620768994, 0.0133398314938, -0.0246555749327, 0.00771060632542, -0.0136407157406], [0.00216446211562, -0.0225625131279, -0.00426647113636, -0.0162515416741, 0.0361542329192, -0.0210767630488, 0.0178511179984, -0.00493707694113, 0.0146284010261, -0.00910350680351, 0.0171961504966, -0.0014455759665, -0.00242189411074], [-0.00112308713142, 0.0221413634717, 0.00250281603076, 0.0163944531232, -0.0210767630488, 0.0291665960103, -0.0249610450119, 0.0108285713941, -0.0190279688686, 0.00568902539089, -0.0153495930135, 0.00131662632339, -0.00307631376199], [0.000146432343172, -0.0330936685205, 0.00128133012913, -0.019186232239, 0.0178511179984, -0.0249610450119, 0.055252738297, -0.0254141557962, 0.0242910161614, -0.00681798905134, 0.0229741260409, -0.008141935803, 0.0043090316467], [-0.00205255695619, 0.0157598759979, 0.000376732990844, 0.00973345991224, -0.00493707694113, 0.0108285713941, -0.0254141557962, 0.0408400408924, -0.027413720265, 0.000399503391236, -0.0119524681941, -0.00386919872835, -0.00375587469898], [-0.00267452164553, -0.0321608744562, 0.000928710389417, -0.0282620768994, 0.0146284010261, -0.0190279688686, 0.0242910161614, -0.027413720265, 0.0706652104855, -0.0339443944395, 0.0309792719781, -0.00778095517308, 0.026534486562], [0.00308885239065, 0.0177383236587, 0.00214916910045, 0.0133398314938, -0.00910350680351, 0.00568902539089, -0.00681798905134, 0.000399503391236, -0.0339443944395, 0.0529367290437, -0.0301062446088, 0.0091896513477, -0.0110569410026], [-0.00060283311177, -0.0279908273369, 0.00208173156716, -0.0246555749327, 0.0171961504966, -0.0153495930135, 0.0229741260409, -0.0119524681941, 0.0309792719781, -0.0301062446088, 0.0653683468699, -0.0211309399456, 0.013292084448], [-0.000733955821488, 0.0158674418926, -0.00221182499081, 0.00771060632542, -0.0014455759665, 0.00131662632339, -0.008141935803, -0.00386919872835, -0.00778095517308, 0.0091896513477, -0.0211309399456, 0.0522700846195, -0.0220086053014], [-0.00203867605887, -0.0155164152384, 0.00555318035185, -0.0136407157406, -0.00242189411074, -0.00307631376199, 0.0043090316467, -0.00375587469898, 0.026534486562, -0.0110569410026, 0.013292084448, -0.0220086053014, 0.0638607516885]]
    },
    "melbands": {
        "dmean": [0.000561203458346, 0.00257893651724, 0.00258150626905, 0.00402987375855, 0.000153213724843, 3.48326429958e-05, 3.83201368095e-05, 1.19690002975e-05, 0.000355547846993, 0.000123272868223, 0.00015602367057, 4.17329829361e-05, 1.70998373505e-05, 2.84698598989e-05, 4.12564031649e-06, 1.46749971464e-06, 6.09576136412e-06, 3.14087446895e-05, 4.69684891868e-06, 5.75278909309e-06, 6.21780554866e-06, 6.96662345945e-06, 3.93055552195e-06, 2.66872143584e-06, 2.38934944718e-06, 7.85660176916e-07, 7.39847621389e-07, 2.71938148444e-07, 1.69189618759e-07, 2.27652535045e-07, 1.67423195307e-07, 5.65048061674e-08, 1.9813107599e-08, 7.97480215198e-09, 6.41045883043e-09, 3.17745030287e-09, 2.56581178526e-09, 1.56309032384e-09, 1.03008768182e-09, 7.78491160425e-10],
        "dmean2": [0.000936902302783, 0.00466555403545, 0.00419863173738, 0.00699215661734, 0.000263984082267, 5.86582464166e-05, 6.42607774353e-05, 2.15937889152e-05, 0.000597864738666, 0.000214474624954, 0.000270661577815, 7.21296382835e-05, 2.98984377878e-05, 4.67492100142e-05, 7.20273965271e-06, 2.5455751711e-06, 1.04798646134e-05, 4.8469966714e-05, 7.68637528381e-06, 9.93676985672e-06, 1.0539590221e-05, 1.22611754705e-05, 6.66565256324e-06, 4.29018109571e-06, 3.75811077902e-06, 1.30314663238e-06, 1.21879099879e-06, 4.32772253589e-07, 2.71758750614e-07, 3.54831655613e-07, 2.42984015131e-07, 8.9939128145e-08, 3.04413099173e-08, 1.32225324023e-08, 1.10390860897e-08, 4.9610742181e-09, 3.86412990494e-09, 2.22437490649e-09, 1.37452671467e-09, 1.00528474434e-09],
        "dvar": [2.82934280449e-07, 6.21511162535e-06, 4.13874977312e-06, 1.22043657029e-05, 1.92993567794e-08, 1.14697362719e-09, 1.60350588363e-09, 1.60743543476e-10, 1.16010717477e-07, 1.47748551171e-08, 2.40681110597e-08, 1.83620596506e-09, 3.37125327654e-10, 1.38243927417e-09, 1.84454933966e-11, 2.15457881571e-12, 3.43659718738e-11, 1.52007451071e-09, 1.74576152145e-11, 4.14490455847e-11, 4.2444995435e-11, 2.33191937982e-10, 4.97054619686e-11, 1.05554740296e-11, 7.05399670967e-12, 1.13429274654e-12, 2.87260146226e-12, 1.50345366582e-13, 3.24090831483e-14, 1.42829406071e-13, 1.18844211273e-13, 1.10239821896e-14, 7.73692281879e-16, 3.40132829764e-16, 2.88469431575e-16, 2.00668656475e-16, 1.55971296949e-16, 1.10384215338e-16, 8.22235197456e-17, 6.34995057219e-17],
        "dvar2": [8.78088940226e-07, 1.91125800484e-05, 1.15979437396e-05, 3.28208516294e-05, 5.09478290667e-08, 3.22693893828e-09, 4.54492266044e-09, 5.07617003986e-10, 3.23682940007e-07, 4.35414051481e-08, 6.46864677378e-08, 4.68060878944e-09, 9.79754610775e-10, 3.49813178424e-09, 4.97711906411e-11, 5.8952855618e-12, 8.7482271427e-11, 3.21086068844e-09, 4.4245808406e-11, 1.11159359495e-10, 1.1537694411e-10, 6.76252442933e-10, 1.37237152198e-10, 2.38265240871e-11, 1.61002322585e-11, 2.61703961453e-12, 8.08866515434e-12, 3.94135435009e-13, 8.17122316533e-14, 3.16428605323e-13, 3.01021252196e-13, 2.88272518649e-14, 1.39559541258e-15, 4.37681352665e-16, 4.08294232774e-16, 2.41649844234e-16, 1.86977414439e-16, 1.1361798199e-16, 8.27776579641e-17, 6.38806904005e-17],
        "max": [0.00424026139081, 0.0163311269134, 0.0137925092131, 0.0199299138039, 0.000945947074797, 0.000261821231106, 0.000312830117764, 8.28441625345e-05, 0.00291471974924, 0.00104748248123, 0.0012171844719, 0.000309797964292, 0.000182662115549, 0.000335191725753, 2.82151941065e-05, 1.40915590237e-05, 5.12730803166e-05, 0.000426076556323, 3.32962918037e-05, 5.53782083443e-05, 5.0108130381e-05, 0.000192197025171, 8.26905306894e-05, 4.0215341869e-05, 2.94318415399e-05, 1.16313349281e-05, 2.24409541261e-05, 3.98537713409e-06, 1.61286641287e-06, 4.47644197266e-06, 4.74893113278e-06, 1.38351583701e-06, 3.28079266865e-07, 3.01788361412e-07, 2.66907250079e-07, 2.34252951259e-07, 2.04026790129e-07, 1.81214488748e-07, 1.57995927452e-07, 1.38640288583e-07],
        "mean": [0.000769711390603, 0.00303955888376, 0.00457032397389, 0.00561686418951, 0.000243662419962, 5.97498947172e-05, 8.67815324455e-05, 1.75410186785e-05, 0.0005148522323, 0.000170116094523, 0.00023869308643, 7.25094578229e-05, 2.56071689364e-05, 4.44720353698e-05, 6.04431306783e-06, 2.501475592e-06, 1.02173562482e-05, 6.7382985435e-05, 1.07950081656e-05, 1.03388138086e-05, 1.21032362586e-05, 1.11000499601e-05, 6.6215611696e-06, 5.12313135914e-06, 5.18980777997e-06, 1.76784067207e-06, 1.296356686e-06, 5.66355538467e-07, 3.54296503247e-07, 4.82319762796e-07, 3.87131876778e-07, 1.41749453064e-07, 4.32136388895e-08, 1.19576002433e-08, 7.10251901737e-09, 4.86447415682e-09, 4.39215774861e-09, 2.92109825217e-09, 1.84376913737e-09, 1.29833499507e-09],
        "median": [0.000587417278439, 0.00234666839242, 0.00400230288506, 0.00438629603013, 0.000212779486901, 5.25659816049e-05, 7.02942488715e-05, 1.4941302652e-05, 0.000394753820729, 0.000130788888782, 0.000168538070284, 5.16651489306e-05, 1.94084823306e-05, 2.83832523564e-05, 4.80286553284e-06, 2.1289547476e-06, 8.04317551228e-06, 4.16937873524e-05, 9.97469214781e-06, 8.41218934511e-06, 1.0268287042e-05, 7.9642613855e-06, 4.78361380374e-06, 4.0066602196e-06, 4.61879290015e-06, 1.44909949995e-06, 9.87346084003e-07, 4.31929663591e-07, 2.84624832148e-07, 3.99647205995e-07, 3.00327144487e-07, 1.1862909588e-07, 3.34230954024e-08, 8.76056382992e-09, 4.05838740392e-09, 3.26629012726e-09, 3.12143533243e-09, 1.92000970678e-09, 1.1655885146e-09, 7.45536687941e-10],
        "min": [1.93087835214e-05, 1.84979471669e-05, 0.000101839956187, 4.19024509029e-05, 4.64278718937e-06, 6.89446142133e-06, 2.54049314208e-06, 1.42188605423e-06, 4.22709172199e-06, 6.03646140007e-06, 6.66490814183e-06, 1.94216977434e-06, 1.1223681895e-06, 7.89542525581e-07, 1.87627136938e-07, 3.06968871655e-07, 9.22200740661e-07, 2.23961819756e-06, 1.36072810619e-06, 7.28972736397e-07, 7.25335212337e-07, 1.15491491215e-06, 4.37879094761e-07, 1.90737878825e-07, 3.27338966599e-07, 1.20879775523e-07, 6.58412560028e-08, 2.93820345831e-08, 4.40078267161e-08, 5.90652398103e-08, 2.27052758817e-08, 4.80084327847e-09, 1.40535716397e-09, 6.23031071179e-10, 4.06423422694e-10, 5.36357680492e-10, 3.51787016184e-10, 4.84749518304e-10, 1.79833051228e-10, 1.71871350485e-10],
        "var": [4.09137584256e-07, 6.63361288389e-06, 8.4206540123e-06, 1.78187019628e-05, 2.37679333992e-08, 1.55390966761e-09, 4.50818138376e-09, 1.4434474449e-10, 1.9682440211e-07, 2.22495604163e-08, 4.60087328236e-08, 4.00338695528e-09, 4.59933896524e-10, 2.30076335761e-09, 2.02917040809e-11, 3.11030042867e-12, 4.96712462827e-11, 4.84978501802e-09, 3.4680508465e-11, 6.56755899664e-11, 6.37170316509e-11, 1.74622427629e-10, 4.5859305936e-11, 1.84515406426e-11, 1.1406095686e-11, 1.54686344029e-12, 2.17032771962e-12, 2.22471536636e-13, 5.04616930652e-14, 1.71618321225e-13, 1.3030950017e-13, 1.15784965437e-14, 1.1361129043e-15, 3.52735065362e-16, 2.71174792267e-16, 1.94219175561e-16, 1.51874397106e-16, 1.10182111953e-16, 8.20519227818e-17, 6.31934224255e-17]
    },
    "mfcc": {
        "mean": [-699.75189209, 211.309295654, -37.4578742981, 57.0356636047, 2.41228365898, 5.86621570587, 3.39108395576, 11.775592804, 20.7653369904, -1.04730677605, -6.65514087677, -17.5547733307, -22.7577896118],
        "cov": [[397.757873535, -7.80255556107, -61.7843894958, -27.2932300568, -73.1511154175, -18.4813232422, -13.6994438171, 57.0349235535, 18.8258094788, 20.3057479858, 7.60592460632, 12.2779102325, 5.71475076675], [-7.80255556107, 99.6518554688, -18.7485752106, -10.92735672, -0.69788557291, 0.0318030789495, 18.3064937592, -2.37113189697, 15.4972057343, -1.85756158829, 4.34862518311, -10.6028747559, -7.87815523148], [-61.7843894958, -18.7485752106, 74.5021133423, 24.2410640717, 19.8707332611, 4.06248855591, -5.49361038208, -4.04946470261, -8.09526157379, -1.36334550381, 0.951880216599, 7.25718259811, 5.97469043732], [-27.2932300568, -10.92735672, 24.2410640717, 98.3351974487, 23.6521492004, -15.4271287918, -4.53300762177, -14.7619657516, 5.59656333923, -5.36255979538, 1.68873655796, 13.2301836014, 10.3316802979], [-73.1511154175, -0.69788557291, 19.8707332611, 23.6521492004, 65.4948806763, 21.1516952515, -0.904639661312, -9.79319763184, -5.15289735794, 4.55423545837, -3.92588424683, 0.748501300812, 3.38706898689], [-18.4813232422, 0.0318030789495, 4.06248855591, -15.4271287918, 21.1516952515, 58.5024795532, 13.0738353729, 12.2960729599, 5.0593919754, 9.31084060669, -0.0836182907224, -8.42986011505, 0.634798705578], [-13.6994438171, 18.3064937592, -5.49361038208, -4.53300762177, -0.904639661312, 13.0738353729, 45.7160758972, 9.91721916199, 7.22658348083, -2.64125490189, -7.87318515778, -0.787968218327, 1.09942555428], [57.0349235535, -2.37113189697, -4.04946470261, -14.7619657516, -9.79319763184, 12.2960729599, 9.91721916199, 61.6653594971, 23.8175163269, 14.3359279633, 4.26083517075, 0.89429807663, 7.97732686996], [18.8258094788, 15.4972057343, -8.09526157379, 5.59656333923, -5.15289735794, 5.0593919754, 7.22658348083, 23.8175163269, 45.5208435059, 13.887087822, 6.77417755127, 4.47590351105, 2.93606114388], [20.3057479858, -1.85756158829, -1.36334550381, -5.36255979538, 4.55423545837, 9.31084060669, -2.64125490189, 14.3359279633, 13.887087822, 51.5234718323, 19.7630119324, 0.940192341805, 5.25738668442], [7.60592460632, 4.34862518311, 0.951880216599, 1.68873655796, -3.92588424683, -0.0836182907224, -7.87318515778, 4.26083517075, 6.77417755127, 19.7630119324, 42.8740348816, 13.975903511, 0.924743652344], [12.2779102325, -10.6028747559, 7.25718259811, 13.2301836014, 0.748501300812, -8.42986011505, -0.787968218327, 0.89429807663, 4.47590351105, 0.940192341805, 13.975903511, 39.0495376587, 12.2772397995], [5.71475076675, -7.87815523148, 5.97469043732, 10.3316802979, 3.38706898689, 0.634798705578, 1.09942555428, 7.97732686996, 2.93606114388, 5.25738668442, 0.924743652344, 12.2772397995, 32.2133712769]],
