{
"lowlevel": {
    "average_loudness": 0.985969662666,
    "barkbands_crest": {
        "dmean": 5.04182767868,
        "dmean2": 9.06752300262,
        "dvar": 13.0611629486,
        "dvar2": 38.9189910889,
        "max": 21.6581001282,
        "mean": 10.6408882141,
        "median": 9.61408042908,
        "min": 3.26440310478,
        "var": 19.3351097107
    },
    "barkbands_flatness_db": {
        "dmean": 0.027292586863,
        "dmean2": 0.0479260869324,
        "dvar": 0.000435812835349,
        "dvar2": 0.00138545094524,
        "max": 0.25029784441,
        "mean": 0.178029119968,
        "median": 0.174575209618,
        "min": 0.113724552095,
        "var": 0.000556786253583
    },
    "barkbands_kurtosis": {
        "dmean": 1.13328266144,
        "dmean2": 2.04635691643,
        "dvar": 1.79758763313,
        "dvar2": 4.96526193619,
        "max": 8.01633071899,
        "mean": -0.615781664848,
        "median": -0.99927431345,
        "min": -1.80257260799,
        "var": 1.70781886578
    },
    "barkbands_skewness": {
        "dmean": 0.835620045662,
        "dmean2": 1.46812963486,
        "dvar": 0.340946555138,
        "dvar2": 1.06552505493,
        "max": 2.89121699333,
        "mean": 0.444855958223,
        "median": 0.374912828207,
        "min": -2.30685210228,
        "var": 0.597354829311
    },
    "barkbands_spread": {
        "dmean": 5.29382753372,
        "dmean2": 9.14315319061,
        "dvar": 17.1916866302,
        "dvar2": 51.1986122131,
        "max": 35.9098625183,
        "mean": 23.9008026123,
        "median": 24.4093074799,
        "min": 8.47449302673,
        "var": 26.3266963959
    },
    "dissonance": {
        "dmean": 0.0104095581919,
        "dmean2": 0.0182126052678,
        "dvar": 7.46660953155e-05,
        "dvar2": 0.000212831539102,
        "max": 0.499501854181,
        "mean": 0.479948937893,
        "median": 0.48103260994,
        "min": 0.429430425167,
        "var": 0.000134546760819
    },
    "dynamic_complexity": 0.699190378189,
    "erbbands_crest": {
        "dmean": 2.52215838432,
        "dmean2": 4.20266342163,
        "dvar": 4.19261169434,
        "dvar2": 10.8604059219,
        "max": 28.3782062531,
        "mean": 10.0693025589,
        "median": 9.61042022705,
        "min": 4.4055891037,
        "var": 8.87317085266
    },
    "erbbands_flatness_db": {
        "dmean": 0.0116227567196,
        "dmean2": 0.0192881412804,
        "dvar": 7.95874875621e-05,
        "dvar2": 0.00019470139523,
        "max": 0.320477902889,
        "mean": 0.250276982784,
        "median": 0.250563323498,
        "min": 0.177926167846,
        "var": 0.000381366815418
    },
    "erbbands_kurtosis": {
        "dmean": 1.76547527313,
        "dmean2": 3.08428955078,
        "dvar": 3.94465851784,
        "dvar2": 11.8393096924,
        "max": 25.2946357727,
        "mean": 0.915630280972,
        "median": 0.273032069206,
        "min": -1.63973176479,
        "var": 5.63749837875
    },
    "erbbands_skewness": {
        "dmean": 0.460274815559,
        "dmean2": 0.771425902843,
        "dvar": 0.119095601141,
        "dvar2": 0.335795789957,
        "max": 0.318389743567,
        "mean": -1.05999529362,
        "median": -1.02493667603,
        "min": -3.35743951797,
        "var": 0.311732888222
    },
    "erbbands_spread": {
        "dmean": 11.2159833908,
        "dmean2": 19.830657959,
        "dvar": 69.9431533813,
        "dvar2": 213.778091431,
        "max": 57.0221214294,
        "mean": 26.7933063507,
        "median": 24.5594558716,
        "min": 3.45121645927,
        "var": 109.160667419
    },
    "hfc": {
        "dmean": 6.54229879379,
        "dmean2": 9.95644378662,
        "dvar": 28.9548015594,
        "dvar2": 72.3076705933,
        "max": 98.8972625732,
        "mean": 32.1788520813,
        "median": 30.417345047,
        "min": 7.83326816559,
        "var": 136.773666382
    },
    "melbands_crest": {
        "dmean": 6.52772474289,
        "dmean2": 11.6803255081,
        "dvar": 19.3914775848,
        "dvar2": 59.6332244873,
        "max": 26.3557853699,
        "mean": 15.1694231033,
        "median": 15.2563819885,
        "min": 3.85932993889,
        "var": 32.0116615295
    },
    "melbands_flatness_db": {
        "dmean": 0.0397189594805,
        "dmean2": 0.0698455646634,
        "dvar": 0.000775784021243,
        "dvar2": 0.00251522730105,
        "max": 0.328993499279,
        "mean": 0.223946750164,
        "median": 0.223309516907,
        "min": 0.147339165211,
        "var": 0.00127246929333
    },
    "melbands_kurtosis": {
        "dmean": 3.90534520149,
        "dmean2": 7.00605201721,
        "dvar": 15.892988205,
        "dvar2": 45.645401001,
        "max": 23.7019424438,
        "mean": 2.1828417778,
        "median": 0.57151901722,
        "min": -1.75504791737,
        "var": 18.2698955536
    },
    "melbands_skewness": {
        "dmean": 1.0617556572,
        "dmean2": 1.87016534805,
        "dvar": 0.552996516228,
        "dvar2": 1.73760843277,
        "max": 4.6076426506,
        "mean": 1.49869608879,
        "median": 1.33867311478,
        "min": -1.05861413479,
        "var": 1.02031731606
    },
    "melbands_spread": {
        "dmean": 14.7820491791,
        "dmean2": 25.9718418121,
        "dvar": 121.102615356,
        "dvar2": 372.009124756,
        "max": 69.5131607056,
        "mean": 36.9247589111,
        "median": 36.9004592896,
        "min": 7.67515516281,
        "var": 183.436553955
    },
    "pitch_salience": {
        "dmean": 0.120288528502,
        "dmean2": 0.211486428976,
        "dvar": 0.00769787374884,
        "dvar2": 0.0254112351686,
        "max": 0.735977113247,
        "mean": 0.504539310932,
        "median": 0.51862180233,
        "min": 0.21364043653,
        "var": 0.0110166482627
    },
    "silence_rate_20dB": {
        "dmean": 0,
        "dmean2": 0,
        "dvar": 0,
        "dvar2": 0,
        "max": 1,
        "mean": 1,
        "median": 1,
        "min": 1,
        "var": 0
    },
    "silence_rate_30dB": {
        "dmean": 0,
        "dmean2": 0,
        "dvar": 0,
        "dvar2": 0,
        "max": 1,
        "mean": 1,
        "median": 1,
        "min": 1,
        "var": 0
    },
    "silence_rate_60dB": {
        "dmean": 0,
        "dmean2": 0,
        "dvar": 0,
        "dvar2": 0,
        "max": 0,
        "mean": 0,
        "median": 0,
        "min": 0,
        "var": 0
    },
    "spectral_centroid": {
        "dmean": 391.859893799,
        "dmean2": 694.335388184,
        "dvar": 73797.1796875,
        "dvar2": 227596.484375,
        "max": 2232.25390625,
        "mean": 1493.50366211,
        "median": 1521.61474609,
        "min": 561.420043945,
        "var": 126546.085938
    },
    "spectral_complexity": {
        "dmean": 3.27461147308,
        "dmean2": 5.37716245651,
        "dvar": 6.91423463821,
        "dvar2": 17.6778335571,
        "max": 49,
        "mean": 29.5637931824,
        "median": 29,
        "min": 15,
        "var": 22.3079833984
    },
    "spectral_decrease": {
        "dmean": 3.44388562112e-09,
        "dmean2": 6.16586204316e-09,
        "dvar": 5.67017462013e-18,
        "dvar2": 1.77246954712e-17,
        "max": -2.65355559748e-09,
        "mean": -8.20001133661e-09,
        "median": -8.14240319613e-09,
        "min": -1.64753704013e-08,
        "var": 6.87127230242e-18
    },
    "spectral_energy": {
        "dmean": 0.0132512729615,
        "dmean2": 0.0236544273794,
        "dvar": 8.32124351291e-05,
        "dvar2": 0.000260341446847,
        "max": 0.064676694572,
        "mean": 0.0338673740625,
        "median": 0.0338408201933,
        "min": 0.0114599494264,
        "var": 0.000106318715552
    },
    "spectral_energyband_high": {
        "dmean": 4.62997304567e-05,
        "dmean2": 7.30689134798e-05,
        "dvar": 2.60005417196e-09,
        "dvar2": 5.94720761526e-09,
        "max": 0.00074802810559,
        "mean": 0.000140347954584,
        "median": 0.00011147861369,
        "min": 3.01698310068e-05,
        "var": 1.06776791853e-08
    },
    "spectral_energyband_low": {
        "dmean": 0.00117289868649,
        "dmean2": 0.00199906248599,
        "dvar": 3.2418763567e-06,
        "dvar2": 6.39864356344e-06,
        "max": 0.0310891736299,
        "mean": 0.00203906442039,
        "median": 0.00157735380344,
        "min": 8.62394517753e-05,
        "var": 4.92323715662e-06
    },
    "spectral_energyband_middle_high": {
        "dmean": 0.0033289801795,
        "dmean2": 0.00504283979535,
        "dvar": 7.99186091172e-06,
        "dvar2": 1.82070252777e-05,
        "max": 0.0473262928426,
        "mean": 0.0137843731791,
        "median": 0.0125725883991,
        "min": 0.00328638171777,
        "var": 4.12738554587e-05
    },
    "spectral_energyband_middle_low": {
        "dmean": 0.0135651035234,
        "dmean2": 0.0244549922645,
        "dvar": 9.02367974049e-05,
        "dvar2": 0.000277660030406,
        "max": 0.0555090010166,
        "mean": 0.0182995609939,
        "median": 0.0162149854004,
        "min": 0.00168680702336,
        "var": 0.000108455133159
    },
    "spectral_entropy": {
        "dmean": 0.127540409565,
        "dmean2": 0.222606807947,
        "dvar": 0.00971358176321,
        "dvar2": 0.0302583277225,
        "max": 7.64334774017,
        "mean": 7.3221411705,
        "median": 7.33128166199,
        "min": 6.90023803711,
        "var": 0.0159354861826
    },
    "spectral_flux": {
        "dmean": 0.0252279769629,
        "dmean2": 0.0413590632379,
        "dvar": 0.000375866686227,
        "dvar2": 0.000963685219176,
        "max": 0.193194881082,
        "mean": 0.10632160306,
        "median": 0.105312258005,
        "min": 0.0461954660714,
        "var": 0.000581891858019
    },
    "spectral_kurtosis": {
        "dmean": 5.04657697678,
        "dmean2": 8.9297542572,
        "dvar": 18.2558174133,
        "dvar2": 56.7290153503,
        "max": 25.8050098419,
        "mean": 9.27018928528,
        "median": 8.465467453,
        "min": 1.60548973083,
        "var": 23.4288043976
    },
    "spectral_rms": {
        "dmean": 0.00114584842231,
        "dmean2": 0.00203597475775,
        "dvar": 6.29016483344e-07,
        "dvar2": 2.00521981242e-06,
        "max": 0.00794350169599,
        "mean": 0.0056779817678,
        "median": 0.00574590545148,
        "min": 0.00334371626377,
        "var": 8.01905116532e-07
    },
    "spectral_rolloff": {
        "dmean": 332.183898926,
        "dmean2": 605.798034668,
        "dvar": 185958.125,
        "dvar2": 521639.15625,
        "max": 2562.45117188,
        "mean": 2021.78430176,
        "median": 2153.3203125,
        "min": 215.33203125,
        "var": 184780.96875
    },
    "spectral_skewness": {
        "dmean": 0.434020459652,
        "dmean2": 0.764636039734,
        "dvar": 0.135258466005,
        "dvar2": 0.41345500946,
        "max": 3.1164522171,
        "mean": 1.42533612251,
        "median": 1.3705508709,
        "min": 0.582068026066,
        "var": 0.187009230256
    },
    "spectral_spread": {
        "dmean": 158282.703125,
        "dmean2": 266351.40625,
        "dvar": 15165808640,
        "dvar2": 43983835136,
        "max": 2810916.75,
        "mean": 2021126.375,
        "median": 2000335.5,
        "min": 1521503,
        "var": 39749312512
    },
    "spectral_strongpeak": {
        "dmean": 0.933513104916,
        "dmean2": 1.65424394608,
        "dvar": 1.53511023521,
        "dvar2": 4.15394639969,
        "max": 14.9841938019,
        "mean": 1.30235016346,
        "median": 0.93413734436,
        "min": 0.115856319666,
        "var": 2.03916025162
    },
    "zerocrossingrate": {
        "dmean": 0.00757046788931,
        "dmean2": 0.0122239263728,
        "dvar": 3.05837711494e-05,
        "dvar2": 7.62054041843e-05,
        "max": 0.08935546875,
        "mean": 0.0551842004061,
        "median": 0.0556640625,
        "min": 0.01220703125,
        "var": 0.000130785687361
    },
    "barkbands": {
        "dmean": [4.24969402957e-06, 0.000794800114818, 0.000519143766724, 0.0014073215425, 0.0125849489123, 0.000117340168799, 0.000109537970275, 0.000521432608366, 0.000927577144466, 0.000737438444048, 0.000597870384809, 0.000528631615452, 0.000127229723148, 0.000583434302825, 0.000854168378282, 0.00179030757863, 0.000826907053124, 0.000197049666895, 0.000170294195414, 6.41637016088e-05, 2.80460699287e-05, 5.6579460761e-06, 3.49767617536e-07, 1.03884792679e-06, 5.62704201457e-07, 1.14273802865e-07, 2.21565681358e-08],
        "dmean2": [6.61607464281e-06, 0.00133858958725, 0.000878656224813, 0.00252926698886, 0.0228517949581, 0.000206105760299, 0.000193977641175, 0.000907393812668, 0.00149592629168, 0.00120014091954, 0.000951227615587, 0.00088195403805, 0.000211477992707, 0.00100747111719, 0.00138022378087, 0.00282917032018, 0.00129634654149, 0.000331669318257, 0.000288466719212, 0.000106059007521, 4.50421466667e-05, 9.11891947908e-06, 5.61903050311e-07, 1.6180459852e-06, 8.30825626963e-07, 1.70162849145e-07, 3.19408854921e-08],
        "dvar": [3.98552718606e-10, 1.35591574235e-06, 8.62872980179e-07, 1.30095679651e-06, 8.07898686617e-05, 1.29589512454e-08, 1.33801831836e-08, 3.02883279346e-07, 1.32367506467e-06, 2.01759053198e-06, 1.07560379092e-06, 6.33032698261e-07, 3.37852341659e-08, 4.81310166833e-07, 1.06705567759e-06, 2.93642096949e-06, 5.40641565294e-07, 4.01921020909e-08, 2.63872301787e-08, 3.78974140958e-09, 1.15573872694e-09, 4.68961779132e-11, 1.38236820536e-13, 1.92208900705e-12, 5.58550493183e-13, 2.61952646938e-14, 1.21766712111e-14],
        "dvar2": [4.13694994927e-10, 3.1058998502e-06, 1.96851192413e-06, 3.77303308596e-06, 0.000242210226133, 3.66099790483e-08, 3.84550915555e-08, 8.79897811501e-07, 3.40732708537e-06, 4.60495493826e-06, 2.40352301262e-06, 1.64575078543e-06, 9.13634607969e-08, 1.3183594092e-06, 2.70997270491e-06, 7.99859662948e-06, 1.43180477608e-06, 1.04980159676e-07, 7.16434414016e-08, 1.00188994878e-08, 2.72012767866e-09, 1.08280419353e-10, 3.09758891714e-13, 4.38469659886e-12, 1.27042397869e-12, 4.6745203872e-14, 1.34871836464e-14],
        "max": [0.000426292652264, 0.0193266421556, 0.017837530002, 0.00765294348821, 0.0496552474797, 0.000943902879953, 0.00112024461851, 0.00505069689825, 0.0141529263929, 0.0186444725841, 0.0167211499065, 0.0116872787476, 0.0021982784383, 0.00819437392056, 0.0154711939394, 0.0275408290327, 0.00907501392066, 0.00289383507334, 0.0017964335857, 0.000701059354469, 0.000463900709292, 0.000110384753498, 3.87615000363e-06, 1.92231218534e-05, 7.75278385845e-06, 2.61847276306e-06, 2.58236627815e-06],
        "mean": [4.66767960461e-06, 0.00116341211833, 0.000670003937557, 0.00164559134282, 0.0131156602874, 0.000186073710211, 0.00014223731705, 0.000919534126297, 0.00197891099378, 0.00133273203392, 0.000941039237659, 0.000873903161846, 0.000223797323997, 0.00114853773266, 0.00210230448283, 0.00428722798824, 0.0019574558828, 0.000499683897942, 0.000438060989836, 0.000146605059854, 7.07064682501e-05, 1.45076710396e-05, 9.90040803117e-07, 2.39365226662e-06, 1.10134942588e-06, 2.76379296338e-07, 4.31788613753e-08],
        "median": [2.52689142144e-06, 0.000802692666184, 0.000433240493294, 0.00130994361825, 0.0105998963118, 0.000151294982061, 0.000108231397462, 0.000627023167908, 0.00132343755104, 0.000612302334048, 0.00049526616931, 0.000562446075492, 0.000138464791235, 0.000815463718027, 0.00177412445191, 0.00379626499489, 0.00173191272188, 0.000450386403827, 0.000372980663087, 0.000120890224935, 5.32160047442e-05, 1.0910385754e-05, 8.38606524667e-07, 1.77154606718e-06, 7.44926069274e-07, 1.92930713183e-07, 1.84030781725e-08],
        "min": [8.7901153023e-09, 1.46544680319e-05, 7.20204252502e-06, 1.7626065528e-05, 0.000239084693021, 1.16072778837e-05, 7.14263705959e-06, 1.13715686894e-05, 8.28769043437e-05, 4.21507284045e-05, 1.6293301087e-05, 8.57210325194e-05, 1.63939257618e-05, 0.000113362133561, 0.000452144799056, 0.000375537842046, 0.000219958121306, 7.80667396612e-05, 9.67866144492e-05, 2.88233713945e-05, 7.58796932132e-06, 2.12361010199e-06, 1.91980831232e-07, 1.86769355537e-07, 7.36971799142e-08, 4.31299191916e-08, 7.68075647528e-09],
        "var": [4.26459700886e-10, 1.83705242307e-06, 1.09646612145e-06, 1.60525200954e-06, 0.000100194825791, 1.73338268183e-08, 1.76022059151e-08, 8.45993156418e-07, 4.21131971962e-06, 4.70846180178e-06, 2.78641300611e-06, 1.10895825856e-06, 6.48640750001e-08, 1.10196128844e-06, 2.17610795517e-06, 6.98373287378e-06, 1.31135629999e-06, 7.75237651851e-08, 6.41523101308e-08, 9.2622221004e-09, 3.8601721819e-09, 1.46296946779e-10, 3.44677628453e-13, 3.83981041407e-12, 1.13599028188e-12, 5.82172453149e-14, 1.34536792582e-14]
    },
    "erbbands": {
        "dmean": [0.0101948799565, 0.21882019937, 0.64141368866, 2.37738108635, 44.2929763794, 27.394575119, 1.78230476379, 1.08230221272, 0.845580339432, 2.64931178093, 20.5322303772, 17.9437580109, 18.1694507599, 17.1484451294, 26.7791843414, 15.038397789, 5.1750369072, 15.8112888336, 43.3570632935, 56.8667488098, 94.5035095215, 37.7747039795, 11.4717254639, 11.0652189255, 5.29864835739, 3.07584476471, 1.29076075554, 0.824209332466, 0.247946962714, 0.0418831780553, 0.0116132060066, 0.0247332789004, 0.0141977136955, 0.0116012552753, 0.0010890973499, 0.000655793992337, 0.000168089274666, 3.19056416629e-05, 6.87598503646e-06, 1.45550184243e-05],
        "dmean2": [0.0167118255049, 0.367515861988, 1.08043336868, 4.23157978058, 80.3574066162, 49.5897865295, 3.08874392509, 1.88790774345, 1.50553917885, 4.56306171417, 34.988193512, 29.0625476837, 30.0463676453, 27.0797901154, 43.6434783936, 25.0962181091, 8.42869281769, 26.7249946594, 73.0773391724, 92.3865203857, 144.956268311, 60.0611343384, 18.7532787323, 18.7684555054, 8.76648235321, 5.09666156769, 2.10186195374, 1.34669685364, 0.397774100304, 0.0657278895378, 0.0180477127433, 0.0385423861444, 0.0223606284708, 0.017122220248, 0.00159873079974, 0.000988022540696, 0.000251238845522, 4.71144630865e-05, 1.15279699457e-05, 2.58512336586e-05],
        "dvar": [0.000147264625411, 0.108566142619, 1.2579652071, 3.20835494995, 1030.96191406, 352.494445801, 1.97712922096, 1.03372502327, 0.554008543491, 12.8623905182, 446.59979248, 621.981323242, 824.14276123, 1305.10119629, 1480.92944336, 594.57232666, 40.0265579224, 323.900299072, 1624.15026855, 12152.9609375, 6111.12109375, 1183.24938965, 99.4457092285, 101.382316589, 29.5157337189, 8.60582637787, 2.31194162369, 1.06867110729, 0.10952822119, 0.00198701955378, 0.000134776099003, 0.00113780912943, 0.000455138506368, 0.000235462764977, 2.23390748033e-06, 6.94563595971e-07, 6.76879921002e-08, 6.42153352715e-09, 2.35812397387e-10, 9.91418266927e-11],
        "dvar2": [0.000362554448657, 0.239823073149, 2.42616772652, 9.78109264374, 3043.17871094, 1090.6907959, 5.85337638855, 2.99079155922, 1.63647484779, 36.7338104248, 1212.95690918, 1516.46447754, 2088.95507812, 2685.17431641, 3625.78027344, 1399.91870117, 94.6655502319, 843.953125, 4601.48144531, 32541.0839844, 15880.5087891, 3026.98535156, 273.812744141, 285.660430908, 77.5151519775, 21.4885120392, 5.65451908112, 2.56159520149, 0.247478872538, 0.00480046169832, 0.000301888998365, 0.0025079860352, 0.00113550841343, 0.000540127395652, 4.64573895442e-06, 1.36329003908e-06, 1.15475152995e-07, 9.48954248514e-09, 2.8520730222e-10, 3.11317360779e-10],
        "max": [0.12441341579, 5.64449596405, 20.9231758118, 11.9418878555, 179.604766846, 94.9414978027, 13.3884105682, 8.44719982147, 5.79442119598, 58.125453949, 245.869140625, 365.887786865, 318.716339111, 438.879516602, 583.663452148, 333.661560059, 87.3866653442, 205.283462524, 386.591278076, 2447.05151367, 780.705810547, 455.22857666, 131.519470215, 137.289794922, 59.2082328796, 34.4174804688, 18.2793445587, 13.9534082413, 4.7903547287, 0.609036207199, 0.131204903126, 0.479236036539, 0.243280589581, 0.165055453777, 0.0173103157431, 0.0106584522873, 0.00465815048665, 0.00164113461506, 0.000376091600629, 7.33273700462e-05],
        "mean": [0.0180231034756, 0.317152321339, 0.937189459801, 3.15916180611, 44.7608566284, 29.5968742371, 3.06806468964, 1.62921929359, 1.29407250881, 4.29244709015, 41.5369758606, 38.5265846252, 33.5148620605, 32.7213058472, 50.7507972717, 27.9845237732, 11.4672708511, 35.1516075134, 109.22479248, 138.494735718, 237.143676758, 100.732978821, 33.5489349365, 29.4506492615, 13.8698272705, 7.29285860062, 3.25661373138, 2.17702651024, 0.647642791271, 0.113242909312, 0.034586224705, 0.056995023042, 0.031204957515, 0.0230277068913, 0.0023098892998, 0.00159804162104, 0.000401818251703, 6.33985473542e-05, 2.33480368479e-05, 4.12715635321e-05],
        "median": [0.0112263672054, 0.221812650561, 0.627337813377, 2.72555208206, 34.6754684448, 25.3647117615, 2.75231218338, 1.27680039406, 1.06901705265, 2.85898685455, 29.3557605743, 24.5307617188, 18.8896598816, 13.37388134, 32.5854263306, 19.7958164215, 7.94229459763, 25.1555595398, 98.4307250977, 101.616775513, 223.387695312, 90.3756103516, 31.1111297607, 25.9488601685, 11.3548297882, 5.99332427979, 2.57554912567, 1.56803417206, 0.448708534241, 0.0915861278772, 0.0301639102399, 0.043173506856, 0.0235704164952, 0.0162113588303, 0.0016717427643, 0.00116789783351, 0.000281241373159, 3.24295688188e-05, 2.26001138799e-05, 4.14960304624e-05],
        "min": [0.000509481527843, 0.00485143065453, 0.044828556478, 0.154797568917, 0.311477124691, 1.00936973095, 0.433723121881, 0.193435788155, 0.143723145127, 0.333177953959, 0.807254612446, 1.46684873104, 1.94163012505, 1.47885465622, 2.88876581192, 3.62459349632, 1.20190608501, 5.60034990311, 17.1948165894, 29.2778453827, 23.7368202209, 13.8685731888, 4.12752866745, 6.9065861702, 3.08357214928, 1.20435976982, 0.436187326908, 0.281071960926, 0.0907192677259, 0.0213366225362, 0.00695257727057, 0.00479282112792, 0.00283523369581, 0.0014965707669, 0.000282033579424, 0.000222585484153, 7.66714583733e-05, 6.99961765349e-06, 9.46907857724e-06, 1.50387468238e-05],
        "var": [0.000351316761225, 0.144933149219, 1.81660938263, 4.04857444763, 1269.70446777, 459.173339844, 3.1183321476, 1.39907920361, 0.713353097439, 28.4803905487, 1669.75134277, 2094.68676758, 1801.51904297, 3394.00488281, 4180.70751953, 1016.2454834, 113.634780884, 825.742248535, 3583.39990234, 27760.7128906, 14319.5732422, 3373.890625, 273.420379639, 242.83140564, 73.3533401489, 22.2648277283, 6.52721500397, 3.86887764931, 0.326925814152, 0.00612369505689, 0.00039681760245, 0.00242460006848, 0.000725486897863, 0.000482160918182, 4.06362914873e-06, 1.66728500517e-06, 1.32298040967e-07, 9.4594172495e-09, 2.48883386123e-10, 1.38649119963e-10]
    },
    "gfcc": {
        "mean": [-14.9146337509, 142.965774536, -179.285171509, 34.3175201416, -18.2895641327, -7.27154016495, -31.2083911896, 1.2711571455, -22.1431713104, -23.4961395264, -32.6217880249, -22.2939491272, 3.541223526],
        "cov": [[224.082092285, -33.0660514832, -46.6541290283, -18.1716747284, -55.1317329407, 22.3906898499, 34.3726921082, 26.8849124908, 0.307507395744, 16.654750824, -5.16918468475, 13.0702114105, 20.0193519592], [-33.0660514832, 153.587051392, 7.65000343323, 9.5557012558, 29.1371479034, -33.9912605286, 48.6192855835, -14.7077531815, 29.9976215363, -15.2861509323, 10.3697118759, -15.7153863907, -1.42948400974], [-46.6541290283, 7.65000343323, 216.868453979, 29.754365921, 44.0199432373, 16.759979248, -64.0400772095, 19.2050075531, -42.8908805847, -9.75572681427, -16.4445667267, -9.64707946777, -14.0129356384], [-18.1716747284, 9.5557012558, 29.754365921, 91.7416229248, 38.3409004211, 2.95460319519, -8.32678604126, -19.9626789093, 19.0859050751, 8.87083530426, 14.6045007706, -3.61083889008, 10.8563890457], [-55.1317329407, 29.1371479034, 44.0199432373, 38.3409004211, 78.6198577881, 6.47351837158, -6.01998138428, -14.7193050385, -6.00554847717, 3.58543014526, 0.376164346933, 3.28876447678, -0.0115706948563], [22.3906898499, -33.9912605286, 16.759979248, 2.95460319519, 6.47351837158, 58.3549766541, 11.0493593216, 30.9071674347, 3.02606630325, 11.4164714813, 5.1248216629, 5.71251726151, 2.11983084679], [34.3726921082, 48.6192855835, -64.0400772095, -8.32678604126, -6.01998138428, 11.0493593216, 95.6265487671, 32.6185188293, 35.8763542175, 8.95453834534, 6.33842563629, 5.73799133301, 11.5208978653], [26.8849124908, -14.7077531815, 19.2050075531, -19.9626789093, -14.7193050385, 30.9071674347, 32.6185188293, 94.5219726562, 32.8457489014, 28.424118042, -0.35398042202, 10.3892145157, 1.40932047367], [0.307507395744, 29.9976215363, -42.8908805847, 19.0859050751, -6.00554847717, 3.02606630325, 35.8763542175, 32.8457489014, 80.4339828491, 34.8002090454, 16.2687606812, -0.164552345872, 1.9432246685], [16.654750824, -15.2861509323, -9.75572681427, 8.87083530426, 3.58543014526, 11.4164714813, 8.95453834534, 28.424118042, 34.8002090454, 60.0316810608, 17.0439834595, 8.4412727356, -5.8527598381], [-5.16918468475, 10.3697118759, -16.4445667267, 14.6045007706, 0.376164346933, 5.1248216629, 6.33842563629, -0.35398042202, 16.2687606812, 17.0439834595, 35.4230041504, 4.64934873581, -0.589380800724], [13.0702114105, -15.7153863907, -9.64707946777, -3.61083889008, 3.28876447678, 5.71251726151, 5.73799133301, 10.3892145157, -0.164552345872, 8.4412727356, 4.64934873581, 38.0208511353, 16.053560257], [20.0193519592, -1.42948400974, -14.0129356384, 10.8563890457, -0.0115706948563, 2.11983084679, 11.5208978653, 1.40932047367, 1.9432246685, -5.8527598381, -0.589380800724, 16.053560257, 32.7470283508]],
        "icov": [[0.00775739131495, -0.00325769325718, 0.00202638143674, -0.00348713598214, 0.00825265888125, -0.00501278834417, -0.000307025737129, -0.000771809136495, 0.00609699543566, -0.00649338075891, 0.00561023689806, -0.00143919826951, -0.00310855754651], [-0.00325769325718, 0.0282058846205, -0.0136777739972, 0.0136629054323, -0.0154168810695, 0.019726453349, -0.0207955017686, 0.0111013110727, -0.0206968002021, 0.0145227629691, -0.0182906817645, 0.0090850526467, -0.00256289611571], [0.00202638143674, -0.0136777739972, 0.0173314716667, -0.0118821235374, 0.00342472805642, -0.00958009343594, 0.016318814829, -0.0145917963237, 0.0163760185242, -0.00518499035388, 0.0108962822706, -0.00243124039844, 0.00451738713309], [-0.00348713598214, 0.0136629054323, -0.0118821235374, 0.0299935881048, -0.0164260733873, 0.00797815155238, -0.00834454409778, 0.0139630418271, -0.021027719602, 0.00629150867462, -0.0167344715446, 0.0106656244025, -0.0136448564008], [0.00825265888125, -0.0154168810695, 0.00342472805642, -0.0164260733873, 0.0342458970845, -0.0154526177794, 0.00435783993453, 0.000355978176231, 0.0155350323766, -0.0151021340862, 0.0168110616505, -0.0111065469682, 0.00278324680403], [-0.00501278834417, 0.019726453349, -0.00958009343594, 0.00797815155238, -0.0154526177794, 0.0378704369068, -0.014789801091, -0.00195710733533, -0.0103972898796, 0.0106332693249, -0.0182036180049, 0.00694569712505, -0.0012034450192], [-0.000307025737129, -0.0207955017686, 0.016318814829, -0.00834454409778, 0.00435783993453, -0.014789801091, 0.0351980999112, -0.0165112987161, 0.0102707641199, -0.00477414717898, 0.0107582695782, -0.00386012741365, -0.00106106710155], [-0.000771809136495, 0.0111013110727, -0.0145917963237, 0.0139630418271, 0.000355978176231, -0.00195710733533, -0.0165112987161, 0.0324800051749, -0.0195237640291, -0.00223544239998, -0.00219515315257, -0.00125470501371, -0.00404416862875], [0.00609699543566, -0.0206968002021, 0.0163760185242, -0.021027719602, 0.0155350323766, -0.0103972898796, 0.0102707641199, -0.0195237640291, 0.0458310507238, -0.0221397317946, 0.0123589495197, -0.00154386286158, 0.00155600928701], [-0.00649338075891, 0.0145227629691, -0.00518499035388, 0.00629150867462, -0.0151021340862, 0.0106332693249, -0.00477414717898, -0.00223544239998, -0.0221397317946, 0.0409565381706, -0.0197193734348, -0.00289954338223, 0.011081549339], [0.00561023689806, -0.0182906817645, 0.0108962822706, -0.0167344715446, 0.0168110616505, -0.0182036180049, 0.0107582695782, -0.00219515315257, 0.0123589495197, -0.0197193734348, 0.0524610504508, -0.0127470605075, 0.00641167815775], [-0.00143919826951, 0.0090850526467, -0.00243124039844, 0.0106656244025, -0.0111065469682, 0.00694569712505, -0.00386012741365, -0.00125470501371, -0.00154386286158, -0.00289954338223, -0.0127470605075, 0.0444524809718, -0.024789294228], [-0.00310855754651, -0.00256289611571, 0.00451738713309, -0.0136448564008, 0.00278324680403, -0.0012034450192, -0.00106106710155, -0.00404416862875, 0.00155600928701, 0.011081549339, 0.00641167815775, -0.024789294228, 0.053564555943]]
    },
    "melbands": {
        "dmean": [0.000157652539201, 0.000309709837893, 0.00144736317452, 0.00328696588986, 0.000100411722087, 2.26934334933e-05, 1.53132441483e-05, 2.5218090741e-05, 0.000212476792512, 9.88412139122e-05, 9.74451031652e-05, 7.70576589275e-05, 9.45644424064e-05, 7.34575587558e-05, 1.67812704603e-05, 1.35112968564e-05, 3.50854279532e-05, 7.62252384447e-05, 6.46998014417e-05, 0.000118962721899, 0.000105908315163, 4.79917907796e-05, 1.78544323717e-05, 9.18886325962e-06, 1.03563706944e-05, 5.29482667844e-06, 3.35893741976e-06, 1.85351302662e-06, 6.92112791967e-07, 9.65545496001e-07, 3.65954548442e-07, 1.58627656788e-07, 7.45369987953e-08, 9.17378173426e-09, 5.15433518089e-09, 1.34008057984e-08, 1.72395431264e-08, 1.10715525636e-08, 9.50818890288e-09, 1.1995690663e-08],
        "dmean2": [0.000263300898951, 0.000525104580447, 0.00260471925139, 0.005959241651, 0.000175779059646, 3.98666052206e-05, 2.73703808489e-05, 4.31127082265e-05, 0.000358247867553, 0.000159745832207, 0.00016146809503, 0.000122742654639, 0.000151002765051, 0.000123523364891, 2.77429917332e-05, 2.28956414503e-05, 5.93543918512e-05, 0.00012986198999, 0.000104281345557, 0.000191421146155, 0.000163750431966, 7.59831964388e-05, 3.03485212498e-05, 1.58326001838e-05, 1.76126686711e-05, 8.82943550096e-06, 5.60808848604e-06, 3.04149034491e-06, 1.16077376333e-06, 1.58858540544e-06, 6.13790746229e-07, 2.56323147596e-07, 1.2013038031e-07, 1.47546961315e-08, 8.40320169004e-09, 2.16099795836e-08, 2.6991360258e-08, 1.75229608601e-08, 1.50848258329e-08, 1.74865597558e-08],
        "dvar": [4.45466028509e-08, 2.74909467635e-07, 1.1401421034e-06, 5.40227711099e-06, 6.26016927185e-09, 4.7011294857e-10, 1.96767796501e-10, 1.29168054031e-09, 4.88626170636e-08, 1.8611038044e-08, 2.54270524636e-08, 2.95119289007e-08, 2.59504044919e-08, 1.24859891315e-08, 7.06982861143e-10, 3.37312372478e-10, 1.74153080845e-09, 5.81922643406e-09, 7.40196259841e-09, 2.14879101179e-08, 7.47343520402e-09, 1.88529547529e-09, 3.07719627557e-10, 1.06727016114e-10, 8.92761906068e-11, 3.25551287317e-11, 1.03483758021e-11, 3.04318527843e-12, 6.26133476664e-13, 1.5230925245e-12, 2.2093931502e-13, 4.61496380661e-14, 8.00718540951e-15, 8.70065692149e-17, 2.67102079185e-17, 3.04133214821e-16, 6.51126085016e-16, 3.04856078033e-16, 1.92518823094e-16, 2.61618381267e-16],
        "dvar2": [1.07484751766e-07, 5.08009861733e-07, 3.43326064467e-06, 1.6387199139e-05, 1.80050001575e-08, 1.3409978683e-09, 5.58771473536e-10, 3.61200314103e-09, 1.31900833367e-07, 4.45882264444e-08, 6.49900471217e-08, 6.15024120521e-08, 5.82205998967e-08, 3.31120730834e-08, 1.52593881975e-09, 9.09137432004e-10, 4.49254144996e-09, 1.68891318708e-08, 1.974917474e-08, 5.8613288445e-08, 1.81837531699e-08, 4.78722483876e-09, 7.76754438547e-10, 2.72251443612e-10, 2.51294346443e-10, 8.37868524561e-11, 2.73978704307e-11, 7.96046388529e-12, 1.56167244934e-12, 3.62831878258e-12, 5.72651355588e-13, 1.03621694287e-13, 1.99640464886e-14, 2.18179831815e-16, 6.40643046442e-17, 6.59027102469e-16, 1.54175687686e-15, 7.52960779918e-16, 5.06686903416e-16, 5.94324902606e-16],
        "max": [0.00312426034361, 0.00918931979686, 0.00629978673533, 0.0127825839445, 0.000723347126041, 0.000166562545928, 0.000110927110654, 0.000603442080319, 0.00263762683608, 0.00200136238709, 0.00167517340742, 0.00213527935557, 0.00264754658565, 0.00168146053329, 0.00046200802899, 0.000228388162213, 0.000412681634771, 0.000758056063205, 0.00172433280386, 0.00291058956645, 0.000868769362569, 0.000543557689525, 0.000193162122741, 0.000154850422405, 0.000111921486678, 6.24040767434e-05, 3.32125309797e-05, 1.91824274225e-05, 9.88681131275e-06, 1.90243699763e-05, 6.29679016129e-06, 3.22087521454e-06, 1.07547725747e-06, 9.67317532741e-08, 5.54850281276e-08, 2.6836738698e-07, 3.97571540134e-07, 2.25132282594e-07, 1.69059489963e-07, 1.50260603959e-07],
        "mean": [0.000248880387517, 0.000466345110908, 0.00158179353457, 0.00341414264403, 0.000151678206748, 3.4057724406e-05, 2.19768226088e-05, 3.78146614821e-05, 0.000437133829109, 0.000210056910873, 0.000171109961229, 0.000137963914312, 0.000163153556059, 0.000122603523778, 3.1611743907e-05, 2.52274858212e-05, 6.86723433319e-05, 0.000175955268787, 0.000153704750119, 0.000273137702607, 0.000261266686721, 0.000117009862151, 4.25524922321e-05, 2.23956576519e-05, 2.50754837907e-05, 1.20922022688e-05, 7.3668056757e-06, 4.03515105063e-06, 1.63737843195e-06, 2.18234094973e-06, 9.16874626e-07, 3.79922141747e-07, 1.65040233924e-07, 2.30449028749e-08, 1.37009452672e-08, 3.05141938384e-08, 3.68985766386e-08, 2.1870532052e-08, 1.98239860083e-08, 2.01644958508e-08],
        "median": [0.000169810911757, 0.000317506317515, 0.00125454447698, 0.0027547813952, 0.000138531511766, 2.67019040621e-05, 1.81461309694e-05, 2.29247889365e-05, 0.000308737275191, 0.000127298204461, 9.4361610536e-05, 5.44097347301e-05, 9.10686358111e-05, 8.54761019582e-05, 2.29121415032e-05, 1.59305400302e-05, 4.69057922601e-05, 0.000148323568283, 0.000123508507386, 0.000227061027545, 0.000244857947109, 0.000102347970824, 3.54699150193e-05, 1.96016335394e-05, 2.15143882087e-05, 9.23891093407e-06, 6.22968991593e-06, 3.31969567924e-06, 1.28736928673e-06, 1.57293868597e-06, 6.3927990368e-07, 2.63622098373e-07, 1.21740058034e-07, 1.93637976764e-08, 1.1933808608e-08, 2.38424462395e-08, 2.74510796316e-08, 1.55895278908e-08, 1.5387012553e-08, 1.1849550674e-08],
        "min": [3.6214685224e-06, 5.84911231272e-06, 2.53908474406e-05, 5.71156888327e-05, 9.383032193e-06, 2.54364749708e-06, 1.51549363636e-06, 1.64987011431e-06, 8.02204795036e-06, 9.87002022157e-06, 6.51445634503e-06, 5.66586004425e-06, 5.6264034356e-06, 1.25661845232e-05, 4.07679317505e-06, 1.72126908637e-06, 8.11383597465e-06, 2.11860424315e-05, 2.97774695355e-05, 3.64909064956e-05, 2.65491125901e-05, 1.62921969604e-05, 4.99201041748e-06, 3.43191118191e-06, 5.76877118874e-06, 1.7323064867e-06, 1.19037565582e-06, 4.720054676e-07, 2.22215490453e-07, 1.69008657736e-07, 1.29188507003e-07, 4.69433558692e-08, 1.68792002597e-08, 4.58287585658e-09, 2.9859974493e-09, 2.60833865617e-09, 2.57438159679e-09, 1.61528790343e-09, 1.93966975814e-09, 7.86980758338e-10],
        "var": [7.25449353922e-08, 4.03098226798e-07, 1.39832650348e-06, 6.76082800055e-06, 8.7988532016e-09, 6.26036833484e-10, 2.54105930741e-10, 3.14603187945e-09, 1.83149552413e-07, 6.41650288458e-08, 5.2737402001e-08, 7.09811516231e-08, 7.2596257894e-08, 2.04199253062e-08, 1.21145382614e-09, 7.63434537809e-10, 4.18199253005e-09, 1.2403097216e-08, 1.74367364991e-08, 5.06945490031e-08, 1.76003798202e-08, 4.87175366715e-09, 7.91928134181e-10, 1.71829994677e-10, 1.98552910224e-10, 7.55630905069e-11, 2.198729393e-11, 7.73894750367e-12, 1.55954622046e-12, 4.40344895963e-12, 6.52907686683e-13, 1.24412117978e-13, 1.97282359042e-14, 1.92596008971e-16, 5.95870340688e-17, 6.58002933756e-16, 1.1593776171e-15, 4.59853922367e-16, 3.03283508426e-16, 5.05321698063e-16]
    },
    "mfcc": {
        "mean": [-639.752380371, 164.864303589, -75.860458374, 39.523563385, 19.4891433716, -0.049129050225, 3.83590245247, 3.73694181442, 21.9928703308, -2.2766520977, -16.0306835175, -13.9386396408, -16.2705307007],
        "cov": [[294.188964844, -58.8386077881, -59.7842178345, -35.9756889343, -98.6810760498, -5.78410959244, -0.0168296806514, 2.33186244965, 27.4163246155, 9.52816390991, 10.4227380753, 14.0019788742, 1.29438066483], [-58.8386077881, 151.154678345, -4.11895751953, 29.8709926605, -9.94561958313, 0.817833662033, 8.68034553528, 17.1085166931, 3.28941130638, 3.97960424423, 10.1217069626, 3.90814232826, -6.2956366539], [-59.7842178345, -4.11895751953, 155.870056152, 3.84826683998, 73.6716537476, -16.5320339203, 18.2079334259, 0.654162168503, -2.31895327568, -1.30107450485, -0.382148861885, -24.0268383026, -5.3954000473], [-35.9756889343, 29.8709926605, 3.84826683998, 91.3035507202, 29.6559429169, 26.6664295197, -8.33745098114, -8.75090503693, -3.59522914886, 4.6997961998, -2.21564221382, 2.92948007584, 0.366586953402], [-98.6810760498, -9.94561958313, 73.6716537476, 29.6559429169, 116.538520813, 20.2192211151, 7.21358203888, -15.4599123001, -16.0765342712, -9.70084762573, -4.54085683823, -11.1824760437, 3.39214634895], [-5.78410959244, 0.817833662033, -16.5320339203, 26.6664295197, 20.2192211151, 57.335647583, 6.2442946434, -8.21412658691, -9.20608711243, -0.700394690037, 1.64878976345, 3.24127650261, -1.99958062172], [-0.0168296806514, 8.68034553528, 18.2079334259, -8.33745098114, 7.21358203888, 6.2442946434, 57.0500946045, 15.648273468, 8.22020626068, 1.39837777615, 0.282570004463, -9.18569374084, -5.1697678566], [2.33186244965, 17.1085166931, 0.654162168503, -8.75090503693, -15.4599123001, -8.21412658691, 15.648273468, 52.7752876282, 30.670715332, 7.88323163986, 0.0123563911766, 1.19293212891, 2.54999017715], [27.4163246155, 3.28941130638, -2.31895327568, -3.59522914886, -16.0765342712, -9.20608711243, 8.22020626068, 30.670715332, 63.7649841309, 18.1372413635, 17.7711677551, 5.90818405151, 9.86670970917], [9.52816390991, 3.97960424423, -1.30107450485, 4.6997961998, -9.70084762573, -0.700394690037, 1.39837777615, 7.88323163986, 18.1372413635, 50.3713111877, 27.4646511078, 22.5897922516, -0.894823789597], [10.4227380753, 10.1217069626, -0.382148861885, -2.21564221382, -4.54085683823, 1.64878976345, 0.282570004463, 0.0123563911766, 17.7711677551, 27.4646511078, 61.5263366699, 26.0544891357, 9.20384883881], [14.0019788742, 3.90814232826, -24.0268383026, 2.92948007584, -11.1824760437, 3.24127650261, -9.18569374084, 1.19293212891, 5.90818405151, 22.5897922516, 26.0544891357, 53.2110290527, 12.1673927307], [1.29438066483, -6.2956366539, -5.3954000473, 0.366586953402, 3.39214634895, -1.99958062172, -5.1697678566, 2.54999017715, 9.86670970917, -0.894823789597, 9.20384883881, 12.1673927307, 41.8644828796]],
