{
"lowlevel": {
    "average_loudness": 0.988858938217,
    "barkbands_crest": {
        "dmean": 2.24799132347,
        "dmean2": 3.96468853951,
        "dvar": 3.7572555542,
        "dvar2": 10.1428670883,
        "max": 21.5845031738,
        "mean": 14.1287956238,
        "median": 14.1285591125,
        "min": 8.19100856781,
        "var": 4.76903533936
    },
    "barkbands_flatness_db": {
        "dmean": 0.034534342587,
        "dmean2": 0.0563991703093,
        "dvar": 0.000980872660875,
        "dvar2": 0.00220501725562,
        "max": 0.425151348114,
        "mean": 0.349096924067,
        "median": 0.35891059041,
        "min": 0.155534178019,
        "var": 0.00236470694654
    },
    "barkbands_kurtosis": {
        "dmean": 19.8396663666,
        "dmean2": 34.4528007507,
        "dvar": 263.241516113,
        "dvar2": 708.81463623,
        "max": 101.921737671,
        "mean": 42.1813468933,
        "median": 38.8670043945,
        "min": 0.123245716095,
        "var": 611.725097656
    },
    "barkbands_skewness": {
        "dmean": 1.32121634483,
        "dmean2": 2.30990386009,
        "dvar": 1.01391232014,
        "dvar2": 2.68590497971,
        "max": 8.21279621124,
        "mean": 5.27564477921,
        "median": 5.54471111298,
        "min": 1.12377882004,
        "var": 2.51159739494
    },
    "barkbands_spread": {
        "dmean": 1.85583519936,
        "dmean2": 3.08193445206,
        "dvar": 5.6927022934,
        "dvar2": 14.4665393829,
        "max": 18.1249580383,
        "mean": 3.40646028519,
        "median": 2.34783983231,
        "min": 0.854666829109,
        "var": 9.28483104706
    },
    "dissonance": {
        "dmean": 0.0209696982056,
        "dmean2": 0.0342717915773,
        "dvar": 0.000536743027624,
        "dvar2": 0.000868607952725,
        "max": 0.495263636112,
        "mean": 0.456569045782,
        "median": 0.460481733084,
        "min": 0.263657867908,
        "var": 0.000684259342961
    },
    "dynamic_complexity": 0.506577730179,
    "erbbands_crest": {
        "dmean": 3.23722243309,
        "dmean2": 5.39068222046,
        "dvar": 7.17268037796,
        "dvar2": 16.6522979736,
        "max": 20.9229488373,
        "mean": 12.3234825134,
        "median": 11.8678245544,
        "min": 4.69084405899,
        "var": 17.8337936401
    },
    "erbbands_flatness_db": {
        "dmean": 0.0118507388979,
        "dmean2": 0.0182408746332,
        "dvar": 0.000234867009567,
        "dvar2": 0.000330299983034,
        "max": 0.275221735239,
        "mean": 0.241143405437,
        "median": 0.242952734232,
        "min": 0.0954288765788,
        "var": 0.00041543476982
    },
    "erbbands_kurtosis": {
        "dmean": 0.947796523571,
        "dmean2": 1.57202100754,
        "dvar": 0.944354176521,
        "dvar2": 2.75651526451,
        "max": 4.1312456131,
        "mean": -0.394848793745,
        "median": -0.742647409439,
        "min": -1.72403848171,
        "var": 1.31093847752
    },
    "erbbands_skewness": {
        "dmean": 0.473179399967,
        "dmean2": 0.79259198904,
        "dvar": 0.139685124159,
        "dvar2": 0.313085705042,
        "max": 2.30294275284,
        "mean": 0.690312206745,
        "median": 0.638081729412,
        "min": -0.430128276348,
        "var": 0.36450946331
    },
    "erbbands_spread": {
        "dmean": 8.69234657288,
        "dmean2": 14.3149690628,
        "dvar": 43.7553443909,
        "dvar2": 109.519561768,
        "max": 64.4653549194,
        "mean": 43.7070045471,
        "median": 44.4563484192,
        "min": 18.9443073273,
        "var": 98.2844467163
    },
    "hfc": {
        "dmean": 4.23408508301,
        "dmean2": 6.81719684601,
        "dvar": 13.667555809,
        "dvar2": 31.84882164,
        "max": 33.5800247192,
        "mean": 23.4267139435,
        "median": 24.2927341461,
        "min": 0.72927314043,
        "var": 25.9867610931
    },
    "melbands_crest": {
        "dmean": 2.13022017479,
        "dmean2": 3.48066163063,
        "dvar": 4.58879375458,
        "dvar2": 9.43140602112,
        "max": 31.6620426178,
        "mean": 26.8899707794,
        "median": 28.5606002808,
        "min": 12.9032726288,
        "var": 16.2392425537
    },
    "melbands_flatness_db": {
        "dmean": 0.0366524383426,
        "dmean2": 0.0585422813892,
        "dvar": 0.00105689198244,
        "dvar2": 0.00232464214787,
        "max": 0.543916881084,
        "mean": 0.466156005859,
        "median": 0.475971639156,
        "min": 0.275874406099,
        "var": 0.00275299418718
    },
    "melbands_kurtosis": {
        "dmean": 44.4121932983,
        "dmean2": 76.7709503174,
        "dvar": 1149.15539551,
        "dvar2": 2999.8828125,
        "max": 230.560089111,
        "mean": 101.600662231,
        "median": 98.6943893433,
        "min": 3.30131816864,
        "var": 2961.56005859
    },
    "melbands_skewness": {
        "dmean": 1.7286440134,
        "dmean2": 2.98181390762,
        "dvar": 1.58135545254,
        "dvar2": 4.2293214798,
        "max": 11.7461366653,
        "mean": 7.73240232468,
        "median": 8.09729862213,
        "min": 1.85761594772,
        "var": 4.33484983444
    },
    "melbands_spread": {
        "dmean": 1.53465354443,
        "dmean2": 2.61108732224,
        "dvar": 5.52173948288,
        "dvar2": 14.6532640457,
        "max": 17.3663635254,
        "mean": 2.49552416801,
        "median": 1.59214997292,
        "min": 0.552410304546,
        "var": 7.54566240311
    },
    "pitch_salience": {
        "dmean": 0.0956479012966,
        "dmean2": 0.168244868517,
        "dvar": 0.00685825478286,
        "dvar2": 0.0177407041192,
        "max": 0.694191813469,
        "mean": 0.260742634535,
        "median": 0.232296481729,
        "min": 0.0914707630873,
        "var": 0.0121081387624
    },
    "silence_rate_20dB": {
        "dmean": 0,
        "dmean2": 0,
        "dvar": 0,
        "dvar2": 0,
        "max": 1,
        "mean": 1,
        "median": 1,
        "min": 1,
        "var": 0
    },
    "silence_rate_30dB": {
        "dmean": 0.0666666701436,
        "dmean2": 0.117647059262,
        "dvar": 0.0622223503888,
        "dvar2": 0.120612815022,
        "max": 1,
        "mean": 0.0743801668286,
        "median": 0,
        "min": 0,
        "var": 0.0688476264477
    },
    "silence_rate_60dB": {
        "dmean": 0,
        "dmean2": 0,
        "dvar": 0,
        "dvar2": 0,
        "max": 0,
        "mean": 0,
        "median": 0,
        "min": 0,
        "var": 0
    },
    "spectral_centroid": {
        "dmean": 100.71787262,
        "dmean2": 169.372192383,
        "dvar": 11053.5742188,
        "dvar2": 25723.6992188,
        "max": 941.160766602,
        "mean": 344.845458984,
        "median": 288.886291504,
        "min": 163.126831055,
        "var": 27008.3886719
    },
    "spectral_complexity": {
        "dmean": 3.1166665554,
        "dmean2": 5.14285707474,
        "dvar": 5.83638954163,
        "dvar2": 15.7526979446,
        "max": 24,
        "mean": 15.2066116333,
        "median": 15,
        "min": 1,
        "var": 14.5440864563
    },
    "spectral_decrease": {
        "dmean": 1.37668916267e-08,
        "dmean2": 2.30711680871e-08,
        "dvar": 1.32465656206e-16,
        "dvar2": 3.64508982148e-16,
        "max": -7.05625502473e-10,
        "mean": -4.71174672612e-08,
        "median": -5.01457222413e-08,
        "min": -7.21954975802e-08,
        "var": 2.46030857456e-16
    },
    "spectral_energy": {
        "dmean": 0.0522814877331,
        "dmean2": 0.0876270756125,
        "dvar": 0.00191269617062,
        "dvar2": 0.00525349657983,
        "max": 0.275184690952,
        "mean": 0.179956823587,
        "median": 0.191976308823,
        "min": 0.00272933999076,
        "var": 0.00354893552139
    },
    "spectral_energyband_high": {
        "dmean": 6.17940577285e-06,
        "dmean2": 9.55876930675e-06,
        "dvar": 5.57653714872e-11,
        "dvar2": 1.3710947655e-10,
        "max": 6.0600676079e-05,
        "mean": 1.56302558025e-05,
        "median": 1.25920296341e-05,
        "min": 4.72771444038e-06,
        "var": 1.05082012536e-10
    },
    "spectral_energyband_low": {
        "dmean": 0.0551830977201,
        "dmean2": 0.093036711216,
        "dvar": 0.00212770933285,
        "dvar2": 0.00605053920299,
        "max": 0.26646566391,
        "mean": 0.165007635951,
        "median": 0.17805147171,
        "min": 0.00187869730871,
        "var": 0.00399212352931
    },
    "spectral_energyband_middle_high": {
        "dmean": 0.00129895436112,
        "dmean2": 0.00210973224603,
        "dvar": 2.5059764539e-06,
        "dvar2": 5.65431992072e-06,
        "max": 0.0145429912955,
        "mean": 0.00293429149315,
        "median": 0.00243664928712,
        "min": 9.90986300167e-05,
        "var": 5.03372211824e-06
    },
    "spectral_energyband_middle_low": {
        "dmean": 0.00685498258099,
        "dmean2": 0.0120375463739,
        "dvar": 4.52554413641e-05,
        "dvar2": 0.000133555498905,
        "max": 0.0446437485516,
        "mean": 0.0131523804739,
        "median": 0.0105043798685,
        "min": 0.0010781660676,
        "var": 7.73381616455e-05
    },
    "spectral_entropy": {
        "dmean": 0.210531249642,
        "dmean2": 0.318004071712,
        "dvar": 0.029170896858,
        "dvar2": 0.0590520054102,
        "max": 7.78869056702,
        "mean": 6.56032943726,
        "median": 6.5624461174,
        "min": 5.98682451248,
        "var": 0.0820279717445
    },
    "spectral_flux": {
        "dmean": 0.0515925846994,
        "dmean2": 0.0826314240694,
        "dvar": 0.00233816052787,
        "dvar2": 0.00543306395411,
        "max": 0.327447474003,
        "mean": 0.138784170151,
        "median": 0.129512801766,
        "min": 0.0425908528268,
        "var": 0.00414303923026
    },
    "spectral_kurtosis": {
        "dmean": 8.77928829193,
        "dmean2": 16.5077800751,
        "dvar": 43.1292114258,
        "dvar2": 144.919113159,
        "max": 35.9913673401,
        "mean": 16.285402298,
        "median": 15.4286727905,
        "min": 1.75137710571,
        "var": 59.1828193665
    },
    "spectral_rms": {
        "dmean": 0.00207195850089,
        "dmean2": 0.00343044474721,
        "dvar": 3.65906544175e-06,
        "dvar2": 8.96993060451e-06,
        "max": 0.0163851417601,
        "mean": 0.013008851558,
        "median": 0.0136855384335,
        "min": 0.00163179985248,
        "var": 6.33749004919e-06
    },
    "spectral_rolloff": {
        "dmean": 57.7807617188,
        "dmean2": 110.923141479,
        "dvar": 17441.9257812,
        "dvar2": 46333.8984375,
        "max": 818.26171875,
        "mean": 152.334060669,
        "median": 107.666015625,
        "min": 107.666015625,
        "var": 14425.1425781
    },
    "spectral_skewness": {
        "dmean": 0.729579329491,
        "dmean2": 1.37048518658,
        "dvar": 0.278425514698,
        "dvar2": 0.919887006283,
        "max": 4.11911916733,
        "mean": 2.43267202377,
        "median": 2.37386012077,
        "min": 1.11211848259,
        "var": 0.437462598085
    },
    "spectral_spread": {
        "dmean": 391288.65625,
        "dmean2": 563961.375,
        "dvar": 1.31133210624e+12,
        "dvar2": 646126698496,
        "max": 18504436,
        "mean": 2264138,
        "median": 2090612.75,
        "min": 1624230,
        "var": 2.42885459968e+12
    },
    "spectral_strongpeak": {
        "dmean": 0.313172966242,
        "dmean2": 0.483547449112,
        "dvar": 0.0781991556287,
        "dvar2": 0.165191367269,
        "max": 2.02880263329,
        "mean": 1.44462025166,
        "median": 1.632609725,
        "min": 0.0400624908507,
        "var": 0.247228041291
    },
    "zerocrossingrate": {
        "dmean": 0.00205891928636,
        "dmean2": 0.00281479768455,
        "dvar": 3.22732603308e-06,
        "dvar2": 4.94350433655e-06,
        "max": 0.0234375,
        "mean": 0.00911996420473,
        "median": 0.0078125,
        "min": 0.001953125,
        "var": 1.70290641108e-05
    },
    "barkbands": {
        "dmean": [0.000129960637423, 0.0401559062302, 0.0271963309497, 0.00221159914508, 0.00522890593857, 0.000244931521593, 0.000159238275955, 0.00049488194054, 0.000941295991652, 0.000707175931893, 0.000119845950394, 0.000244771421421, 1.89977763512e-05, 0.000250618963037, 0.000118390955322, 0.000242443566094, 0.000116605595395, 5.44936883671e-05, 2.90986736218e-05, 5.19716559211e-06, 4.28033263233e-06, 8.88805629984e-07, 3.66716363942e-07, 1.16214742718e-07, 8.26418400379e-08, 7.78078401709e-08, 8.0800731439e-08],
        "dmean2": [0.000176016284968, 0.0722534060478, 0.0420140996575, 0.00392702547833, 0.00864212587476, 0.000394115108065, 0.000276064994978, 0.000887097441591, 0.00156130699906, 0.00118578528054, 0.0002084558364, 0.000385725987144, 3.16650184686e-05, 0.000447025813628, 0.000195437984075, 0.000381815509172, 0.000181517738383, 9.08817382879e-05, 4.62941097794e-05, 8.29516557133e-06, 6.9932225415e-06, 1.45967294429e-06, 6.40258065232e-07, 1.63936803688e-07, 1.12767807536e-07, 1.04492492881e-07, 1.08293498613e-07],
        "dvar": [2.50376928079e-07, 0.000929455156438, 0.000557971012313, 4.59826287624e-06, 3.07010232063e-05, 5.45534497576e-08, 2.30365913012e-08, 3.346027313e-07, 1.43022816701e-06, 1.53961082106e-06, 2.52169414239e-08, 1.96087455606e-07, 6.37048469532e-10, 1.68807318346e-07, 1.82678583371e-08, 7.33759222271e-08, 1.17462279903e-08, 5.40789901748e-09, 1.0493201863e-09, 2.99321539776e-11, 2.80423375493e-11, 1.68827874857e-12, 4.22403512992e-13, 3.38772385795e-13, 3.35041347964e-13, 3.19430327458e-13, 3.53378594832e-13],
        "dvar2": [2.71215810699e-07, 0.00280435360037, 0.00153936841525, 1.45174053614e-05, 8.99174410733e-05, 1.3408509858e-07, 5.77941321467e-08, 8.90252749741e-07, 3.56483315045e-06, 3.21809193338e-06, 6.5823435591e-08, 5.14952660069e-07, 1.61950841626e-09, 4.60961899762e-07, 4.22531201139e-08, 1.62325150654e-07, 3.11258752106e-08, 1.44679397351e-08, 2.56239496288e-09, 6.74290207003e-11, 7.24524606976e-11, 3.88066878979e-12, 5.71271762534e-13, 3.78581416433e-13, 3.59906711638e-13, 3.42366570207e-13, 3.78975036032e-13],
        "max": [0.00562897790223, 0.147631973028, 0.144496336579, 0.011753462255, 0.0393602624536, 0.0017294465797, 0.00122799864039, 0.00534325931221, 0.0119548039511, 0.0107599832118, 0.00141153286677, 0.00524935824797, 0.00017371744616, 0.00327120162547, 0.00107973208651, 0.00239189667627, 0.000868232804351, 0.000647198001388, 0.000294116645819, 3.92379552068e-05, 4.34058747487e-05, 9.2868685897e-06, 6.80530138197e-06, 6.29126407148e-06, 6.21386107014e-06, 6.03387752562e-06, 6.35487094769e-06],
        "mean": [0.000158745911904, 0.0824654325843, 0.0816086828709, 0.00279769627377, 0.00761200208217, 0.000377630174626, 0.000209083693335, 0.000583512242883, 0.0011186953634, 0.00115848146379, 0.000192683190107, 0.000351039634552, 2.84427096631e-05, 0.000283537810901, 0.000212331884541, 0.000427543156547, 0.000200000169571, 9.67773448792e-05, 5.18845590705e-05, 1.12334928417e-05, 8.56862698129e-06, 2.14481883631e-06, 4.00075464313e-07, 2.10141152479e-07, 1.23628481674e-07, 9.9574620549e-08, 1.14698032405e-07],
        "median": [4.90645143145e-05, 0.084918782115, 0.0900411531329, 0.00196644989774, 0.00527648767456, 0.000286449096166, 0.000142206525197, 0.000342596933478, 0.000702466117218, 0.000682943034917, 0.000133515597554, 0.000189884871361, 2.05625001399e-05, 0.000191194179934, 0.000166313446243, 0.000347536493791, 0.0001515258773, 7.26032303646e-05, 3.97380463255e-05, 8.84967812453e-06, 6.02340696787e-06, 1.80141364581e-06, 2.17491958665e-07, 1.1914792708e-07, 4.12090486179e-08, 1.95325426944e-08, 3.01837062011e-08],
        "min": [5.36159632247e-07, 0.000649607274681, 0.000865733367391, 9.96383096208e-05, 0.000347966968548, 1.83977608685e-05, 1.72343552549e-05, 1.5916675693e-05, 1.32615641633e-05, 9.46947602642e-06, 3.64563175026e-06, 3.76904449695e-06, 3.33075661274e-07, 2.53350262938e-05, 2.11869155464e-05, 1.93314645003e-05, 8.34640013636e-06, 5.28846021552e-06, 4.11412747781e-06, 2.37905692302e-06, 1.55182226536e-06, 5.96889321969e-07, 6.3489551394e-08, 4.05945534965e-08, 1.49093697388e-08, 4.67421834571e-09, 1.46842706883e-08],
        "var": [3.14170364391e-07, 0.00116568198428, 0.0014508041786, 5.98043470745e-06, 4.56868292531e-05, 1.13895012532e-07, 3.19962900619e-08, 5.24798451806e-07, 2.02344290301e-06, 2.42888290813e-06, 3.2748545209e-08, 3.33491158244e-07, 6.84664991368e-10, 1.26460761862e-07, 2.675966293e-08, 1.37026617608e-07, 2.11618207402e-08, 6.72746880426e-09, 2.02974392849e-09, 5.94168672596e-11, 4.71283775894e-11, 1.91948952392e-12, 4.65778023789e-13, 3.67343660915e-13, 3.61331624343e-13, 3.42931249803e-13, 3.79550286599e-13]
    },
    "erbbands": {
        "dmean": [0.373899817467, 11.2638254166, 34.2834434509, 9.14342308044, 22.7262134552, 9.67224121094, 3.14622163773, 1.34534847736, 1.0587221384, 3.10349822044, 22.5368976593, 16.4154109955, 23.158367157, 7.81671333313, 8.32475757599, 6.54826831818, 1.16490972042, 5.85057544708, 12.6968050003, 6.60004711151, 13.4930515289, 6.04941225052, 2.65302395821, 2.72157502174, 0.595656692982, 0.249079763889, 0.19160670042, 0.118016339839, 0.0314880795777, 0.0135511662811, 0.00930010154843, 0.00307871890254, 0.00168122234754, 0.000980391749181, 0.000564297719393, 0.00031711300835, 0.000141434866237, 4.9189398851e-05, 3.14107564918e-05, 5.68070427107e-05],
        "dmean2": [0.645557522774, 20.1197357178, 53.1809654236, 14.7089281082, 38.9596366882, 16.0837802887, 5.35254669189, 2.29386758804, 1.84219825268, 5.196164608, 38.7637672424, 27.6356964111, 39.580368042, 12.6642169952, 13.7375621796, 10.3764295578, 1.89280724525, 10.1450958252, 21.7740688324, 10.6655445099, 20.2636089325, 9.42739391327, 4.47100305557, 4.44964408875, 0.944838166237, 0.400796920061, 0.303911596537, 0.192527741194, 0.0507563091815, 0.0229520946741, 0.0158945452422, 0.00458766892552, 0.0023486581631, 0.00133954803459, 0.000763484509662, 0.000427167338785, 0.000188820966287, 6.55459516565e-05, 4.88747718919e-05, 9.50888643274e-05],
        "dvar": [0.119265310466, 73.0415496826, 913.22253418, 58.7206306458, 504.329528809, 114.401924133, 11.5879535675, 1.8998581171, 0.981676876545, 11.4095096588, 858.559509277, 353.496887207, 1636.23388672, 123.444564819, 173.078857422, 101.728767395, 2.13195729256, 85.8512191772, 259.905975342, 53.0380172729, 204.395889282, 30.8530654907, 7.91480016708, 8.88055515289, 0.451339036226, 0.0755211561918, 0.0657401010394, 0.0204025506973, 0.00201416318305, 0.000554813479539, 0.000329031958245, 0.000165158984601, 8.99640072021e-05, 4.25269136031e-05, 1.617502312e-05, 5.09472965859e-06, 1.09041195628e-06, 1.36297529707e-07, 7.119626666e-09, 2.20939710971e-09],
        "dvar2": [0.347456306219, 217.508743286, 2449.69702148, 175.988739014, 1570.21313477, 316.552185059, 30.5207500458, 5.17113161087, 2.78812360764, 26.2449913025, 2191.98046875, 901.05645752, 3379.34472656, 299.855621338, 415.522125244, 287.806518555, 4.58963155746, 241.970321655, 679.889404297, 123.194519043, 492.968505859, 84.0092468262, 21.3984947205, 23.0539932251, 1.04176020622, 0.157741889358, 0.169032260776, 0.052886582911, 0.00459981197491, 0.00078788457904, 0.000429974665167, 0.000186422796105, 9.86167142401e-05, 4.57170863228e-05, 1.74864399014e-05, 5.48755269847e-06, 1.17212425721e-06, 1.459733312e-07, 8.52802539697e-09, 6.16733020209e-09],
        "max": [2.64319705963, 42.7177963257, 188.508178711, 48.8638687134, 146.118392944, 83.7172470093, 24.0892047882, 11.5293807983, 5.63085746765, 28.2639255524, 297.890197754, 182.601623535, 345.784942627, 109.123268127, 144.091751099, 110.28994751, 13.6388921738, 67.8041915894, 119.447494507, 66.0052108765, 130.423690796, 46.4178352356, 21.3875312805, 21.4031639099, 5.75196838379, 2.09263300896, 2.36094164848, 1.06982338428, 0.345655739307, 0.251275718212, 0.19552218914, 0.139887988567, 0.102279081941, 0.0703172460198, 0.0430483371019, 0.024179674685, 0.0111736673862, 0.00394161790609, 0.00095491023967, 0.00029852159787],
        "mean": [0.662641584873, 24.7311992645, 111.011695862, 24.3722496033, 32.88879776, 13.4468841553, 4.99107980728, 2.17885994911, 1.85568809509, 4.94147014618, 26.0087146759, 20.6963043213, 36.4932518005, 14.0839385986, 13.5114631653, 9.99039936066, 2.06982111931, 7.58502101898, 18.0041217804, 13.1519813538, 22.9064559937, 11.3796739578, 5.42330980301, 4.80543851852, 1.37385034561, 0.557075619698, 0.385433226824, 0.258483797312, 0.0850329771638, 0.0227446630597, 0.0115304775536, 0.00555782718584, 0.00302019296214, 0.00165999261662, 0.000861914362758, 0.000514589715749, 0.000219624867896, 6.57329364913e-05, 9.56295043579e-05, 0.00019712188805],
        "median": [0.551413297653, 26.3012332916, 122.773521423, 26.4372348785, 23.7031211853, 10.0178174973, 3.48593616486, 1.71076869965, 1.53047072887, 3.94399857521, 15.2392339706, 13.7782878876, 22.5089435577, 10.0329465866, 9.29353809357, 6.24778842926, 1.50885343552, 5.44743537903, 12.6258049011, 10.6546268463, 17.9827308655, 8.95677471161, 4.73681497574, 3.52935504913, 1.10724341869, 0.422711193562, 0.269852817059, 0.200548425317, 0.0726961866021, 0.0175804123282, 0.00693809334189, 0.00346847833134, 0.00155627110507, 0.000712625624146, 0.00029200152494, 0.000199278045329, 7.36848742235e-05, 1.38533305289e-05, 9.35650969041e-05, 0.000209507416002],
        "min": [0.0125086028129, 0.17484100163, 0.859570205212, 1.69839668274, 1.71411764622, 0.943296194077, 0.379244148731, 0.169977635145, 0.357956022024, 0.412028938532, 0.876638352871, 0.264635294676, 0.402846127748, 0.16694240272, 0.199448347092, 0.0914159566164, 0.030856942758, 0.548096656799, 1.90902411938, 0.732568383217, 1.06439518929, 0.51032859087, 0.354522109032, 0.276124566793, 0.136758983135, 0.117764733732, 0.0826087743044, 0.0528194122016, 0.0239783953875, 0.00590971810743, 0.00231192167848, 0.00125534692779, 0.000605728942901, 0.000337563280482, 0.000164940705872, 0.000120547774713, 2.88045594061e-05, 6.1740242927e-06, 2.55624945567e-05, 2.92013464787e-05],
        "var": [0.203656122088, 105.464439392, 2450.41088867, 107.544189453, 840.943908691, 134.117385864, 19.5738067627, 2.89683818817, 1.46856439114, 16.428899765, 1250.28588867, 532.452209473, 2530.70727539, 198.521789551, 256.450439453, 197.42855835, 3.75607395172, 68.2722625732, 269.684509277, 89.2031021118, 391.287780762, 60.1430015564, 12.646935463, 14.6136131287, 0.971437573433, 0.144028097391, 0.121684327722, 0.0297041088343, 0.00253382348455, 0.00062595208874, 0.000367133092368, 0.000179964728886, 9.74195136223e-05, 4.60433730041e-05, 1.73384396476e-05, 5.45626789972e-06, 1.16348633128e-06, 1.46067492324e-07, 7.48969952724e-09, 3.96783406131e-09]
    },
    "gfcc": {
        "mean": [-55.6513252258, 201.848434448, -114.691230774, 39.4318809509, 9.65158939362, -3.43653512001, 3.83501005173, 4.03161716461, 0.880212426186, -23.9226989746, -23.4283905029, -19.5445842743, -0.0642092674971],
        "cov": [[279.739929199, 22.5055141449, -168.914199829, -40.5700683594, -54.8670082092, 12.8369750977, 32.3322105408, 49.8785629272, -15.5583581924, -23.2688179016, -9.13987064362, -10.3976078033, -1.65636491776], [22.5055141449, 245.234405518, -84.2799758911, -20.8818397522, 39.9332351685, -54.7372817993, 67.1846084595, -19.9721946716, 15.5399885178, -36.9916648865, 21.4490795135, -16.1105308533, 23.4126377106], [-168.914199829, -84.2799758911, 282.057952881, 34.4321975708, 41.8449516296, 3.10299015045, -57.6751937866, -48.1417427063, 1.21399378777, 38.1635017395, 13.2097568512, 22.3196964264, -24.9219532013], [-40.5700683594, -20.8818397522, 34.4321975708, 64.2286529541, 24.3073787689, -9.17818641663, -14.3146333694, -23.6775817871, 4.35783147812, -8.99920654297, 4.07671737671, 6.18324708939, 5.19229650497], [-54.8670082092, 39.9332351685, 41.8449516296, 24.3073787689, 76.8817214966, -7.34462928772, -1.1375579834, -22.3453712463, 8.63972949982, -7.63055324554, -0.344019055367, -0.179873779416, 5.43371725082], [12.8369750977, -54.7372817993, 3.10299015045, -9.17818641663, -7.34462928772, 47.3386001587, 8.23401451111, 7.09117841721, -2.26937937737, 7.4921708107, -6.68175935745, 3.69658756256, -0.501497209072], [32.3322105408, 67.1846084595, -57.6751937866, -14.3146333694, -1.1375579834, 8.23401451111, 71.0340042114, 21.1562213898, 10.5953931808, -10.579911232, 2.3824942112, -7.54604005814, 10.6420431137], [49.8785629272, -19.9721946716, -48.1417427063, -23.6775817871, -22.3453712463, 7.09117841721, 21.1562213898, 55.8530807495, 14.3443088531, 2.06347990036, -11.1204986572, -7.09964799881, -0.245628625154], [-15.5583581924, 15.5399885178, 1.21399378777, 4.35783147812, 8.63972949982, -2.26937937737, 10.5953931808, 14.3443088531, 41.4795417786, 13.5215702057, -4.63266992569, -11.2971963882, -0.0848595947027], [-23.2688179016, -36.9916648865, 38.1635017395, -8.99920654297, -7.63055324554, 7.4921708107, -10.579911232, 2.06347990036, 13.5215702057, 44.6460418701, 8.91738033295, -4.89163303375, -13.6870117188], [-9.13987064362, 21.4490795135, 13.2097568512, 4.07671737671, -0.344019055367, -6.68175935745, 2.3824942112, -11.1204986572, -4.63266992569, 8.91738033295, 46.063621521, 19.6958427429, -2.10162782669], [-10.3976078033, -16.1105308533, 22.3196964264, 6.18324708939, -0.179873779416, 3.69658756256, -7.54604005814, -7.09964799881, -11.2971963882, -4.89163303375, 19.6958427429, 32.3768692017, 7.82741069794], [-1.65636491776, 23.4126377106, -24.9219532013, 5.19229650497, 5.43371725082, -0.501497209072, 10.6420431137, -0.245628625154, -0.0848595947027, -13.6870117188, -2.10162782669, 7.82741069794, 28.3817844391]],
        "icov": [[0.0080213630572, -0.00882955361158, 0.00336795323528, -0.00717464834452, 0.0045969071798, -0.0104662608355, 0.00688664335757, -0.0114787546918, 0.00822586007416, -0.00437518814579, 0.00505056418478, -0.00526148313656, 0.00801488477737], [-0.00882955361158, 0.0736894384027, 0.0016349372454, 0.0642244964838, -0.0257220864296, 0.0738616511226, -0.0550447739661, 0.0708457902074, -0.0502376407385, 0.0537325590849, -0.0464366301894, 0.0414432249963, -0.0332406163216], [0.00336795323528, 0.0016349372454, 0.00891621503979, 6.94058835506e-05, -0.00297161354683, 0.00105248484761, 0.000290469062747, 0.0038106571883, -0.00081454514293, -0.00416650203988, 0.00286479177885, -0.00798686500639, 0.0075791622512], [-0.00717464834452, 0.0642244964838, 6.94058835506e-05, 0.0791115313768, -0.0245414804667, 0.0645869374275, -0.0438495911658, 0.0687649324536, -0.0522041395307, 0.0554519444704, -0.0430031046271, 0.035758189857, -0.0313946828246], [0.0045969071798, -0.0257220864296, -0.00297161354683, -0.0245414804667, 0.0281306151301, -0.0256580468267, 0.0173397567123, -0.0191359892488, 0.0116728795692, -0.0122727015987, 0.0156346987933, -0.0111772660166, 0.00921765714884], [-0.0104662608355, 0.0738616511226, 0.00105248484761, 0.0645869374275, -0.0256580468267, 0.101852536201, -0.0627735182643, 0.0716670975089, -0.0462461337447, 0.0423209667206, -0.033586088568, 0.0279459245503, -0.0314858183265], [0.00688664335757, -0.0550447739661, 0.000290469062747, -0.0438495911658, 0.0173397567123, -0.0627735182643, 0.0649628639221, -0.058824736625, 0.0318708233535, -0.030364068225, 0.0220049247146, -0.0184528566897, 0.0169608090073], [-0.0114787546918, 0.0708457902074, 0.0038106571883, 0.0687649324536, -0.0191359892488, 0.0716670975089, -0.058824736625, 0.102566979825, -0.0629766136408, 0.0501428171992, -0.0341596230865, 0.0292243212461, -0.0270677115768], [0.00822586007416, -0.0502376407385, -0.00081454514293, -0.0522041395307, 0.0116728795692, -0.0462461337447, 0.0318708233535, -0.0629766136408, 0.0762640982866, -0.0534218847752, 0.0332021005452, -0.0187002271414, 0.0172913614661], [-0.00437518814579, 0.0537325590849, -0.00416650203988, 0.0554519444704, -0.0122727015987, 0.0423209667206, -0.030364068225, 0.0501428171992, -0.0534218847752, 0.0870453119278, -0.0536444485188, 0.0483603030443, -0.0189588293433], [0.00505056418478, -0.0464366301894, 0.00286479177885, -0.0430031046271, 0.0156346987933, -0.033586088568, 0.0220049247146, -0.0341596230865, 0.0332021005452, -0.0536444485188, 0.0762670263648, -0.0649790614843, 0.034648027271], [-0.00526148313656, 0.0414432249963, -0.00798686500639, 0.035758189857, -0.0111772660166, 0.0279459245503, -0.0184528566897, 0.0292243212461, -0.0187002271414, 0.0483603030443, -0.0649790614843, 0.0990487113595, -0.0471061915159], [0.00801488477737, -0.0332406163216, 0.0075791622512, -0.0313946828246, 0.00921765714884, -0.0314858183265, 0.0169608090073, -0.0270677115768, 0.0172913614661, -0.0189588293433, 0.034648027271, -0.0471061915159, 0.0730720832944]]
    },
    "melbands": {
        "dmean": [0.00719948951155, 0.0161922127008, 0.00186434888747, 0.00135619402863, 0.000106424093246, 3.25883047481e-05, 2.14279771171e-05, 2.94742803817e-05, 0.000234280320001, 8.76913909451e-05, 0.000118786243547, 3.63932995242e-05, 2.45980645559e-05, 3.26405825035e-05, 5.959097507e-06, 2.71627982329e-06, 1.33353714773e-05, 2.66851893684e-05, 7.66650828155e-06, 1.45127296491e-05, 1.62391115737e-05, 6.4633418333e-06, 3.91644562114e-06, 2.85640771835e-06, 2.37674612436e-06, 6.49808157505e-07, 2.67843518031e-07, 1.54969654886e-07, 9.09493707013e-08, 1.55085956521e-07, 4.95280936263e-08, 2.2691398982e-08, 8.27350277177e-09, 8.50485726289e-09, 7.02029412381e-09, 2.41610220719e-09, 1.71262615201e-09, 1.27391230897e-09, 1.00371666534e-09, 7.94742771593e-10],
        "dmean2": [0.0128481425345, 0.0268620233983, 0.00315351434983, 0.00225520832464, 0.000183394775377, 5.50904587726e-05, 3.74005248887e-05, 4.8988735216e-05, 0.000399575976189, 0.000148585007992, 0.000202900875593, 5.94258526689e-05, 4.18651361542e-05, 5.03741539433e-05, 9.66463630903e-06, 4.66627489004e-06, 2.33090213442e-05, 4.61277340946e-05, 1.31686119857e-05, 2.37704298343e-05, 2.45788978646e-05, 1.02761414382e-05, 6.68229131406e-06, 4.66914616482e-06, 3.94842891183e-06, 1.06264826627e-06, 4.05767707434e-07, 2.5398935577e-07, 1.4734949616e-07, 2.55491499956e-07, 7.82980080771e-08, 3.68397330419e-08, 1.32456277058e-08, 1.5229950634e-08, 1.22829639793e-08, 3.66443342337e-09, 2.52293652636e-09, 1.82920878444e-09, 1.4065978382e-09, 1.08832631796e-09],
        "dvar": [3.26924091496e-05, 0.000191090919543, 2.26198631026e-06, 2.04174125429e-06, 1.30318165148e-08, 9.50297507352e-10, 3.86213921955e-10, 9.79143766067e-10, 9.5513584597e-08, 9.97259252955e-09, 4.4377379993e-08, 3.18762349849e-09, 1.12228970561e-09, 3.5989142777e-09, 2.07782471784e-10, 1.23835655272e-11, 5.45158918008e-10, 1.30590904757e-09, 1.04675927648e-10, 2.57538462778e-10, 2.68826905181e-10, 3.43319574159e-11, 1.44943909305e-11, 1.79054878563e-11, 6.50269334906e-12, 5.72653144522e-13, 6.55027722059e-14, 2.9503241755e-14, 1.61974451321e-14, 3.58846117968e-14, 3.49985966992e-15, 1.03365505784e-15, 2.45253810606e-16, 1.65556652652e-16, 1.24589732105e-16, 7.98728511157e-17, 5.40103974459e-17, 4.51672146579e-17, 3.72912508514e-17, 2.78736275239e-17],
        "dvar2": [0.000101308374724, 0.000506453099661, 6.59765373712e-06, 6.01202236794e-06, 3.42934711739e-08, 2.45443709801e-09, 1.07404563021e-09, 2.25566321177e-09, 2.39297776261e-07, 2.58163588285e-08, 9.13858286822e-08, 7.5790076437e-09, 2.80926282237e-09, 9.06102037845e-09, 4.04603739401e-10, 3.464289966e-11, 1.52693402367e-09, 3.46282535979e-09, 2.62928318007e-10, 6.00025085173e-10, 6.0652050049e-10, 8.94150170572e-11, 3.84399075071e-11, 4.68378461016e-11, 1.63332992964e-11, 1.27468012274e-12, 1.41571812867e-13, 6.10615751755e-14, 4.21133532777e-14, 9.31908697888e-14, 8.89504026263e-15, 2.57715491675e-15, 3.72248930992e-16, 2.53183124253e-16, 1.83083617215e-16, 8.95329707116e-17, 6.13441840655e-17, 4.94522252979e-17, 4.02157677594e-17, 2.97876308171e-17],
        "max": [0.0325112193823, 0.0838643610477, 0.011002253741, 0.0100326789543, 0.000908674614038, 0.000257560401224, 0.000120802520541, 0.000260618748143, 0.00315629993565, 0.00095174688613, 0.00178939767648, 0.000545984716155, 0.000300048704958, 0.000699834490661, 0.000142445642268, 2.47183561441e-05, 0.000170403451193, 0.000278966268525, 9.57512820605e-05, 0.000140357689816, 0.000132935194415, 4.21267286583e-05, 2.60416127276e-05, 3.74619085051e-05, 1.79825310624e-05, 6.28912675893e-06, 2.00634599423e-06, 1.26717486637e-06, 1.02842568594e-06, 1.45554406572e-06, 5.19078753314e-07, 2.6682894827e-07, 1.72266453546e-07, 1.25329009393e-07, 1.15840144588e-07, 9.83926966569e-08, 7.92130663285e-08, 7.23102928646e-08, 6.60329675384e-08, 5.6867488496e-08],
        "mean": [0.0136765018106, 0.0502876006067, 0.00542346201837, 0.00187925202772, 0.000173896041815, 5.18921042385e-05, 3.32134259224e-05, 4.58082249679e-05, 0.000268405943643, 0.000109476473881, 0.000186930235941, 6.50361325825e-05, 3.85017519875e-05, 4.50327897852e-05, 8.68445658853e-06, 4.0125050873e-06, 1.48798544615e-05, 3.44462205248e-05, 1.40413239933e-05, 2.35563675233e-05, 2.68040839728e-05, 1.13473452075e-05, 7.08164316165e-06, 4.590322078e-06, 4.01586612497e-06, 1.26013833324e-06, 5.90360798469e-07, 3.02024631083e-07, 1.89463634115e-07, 2.66781285063e-07, 1.12736302071e-07, 5.41050866332e-08, 1.92123330578e-08, 9.57130197321e-09, 7.50008943839e-09, 4.00843758186e-09, 3.02358649229e-09, 2.15440487672e-09, 1.61280255817e-09, 1.21860022073e-09],
        "median": [0.0135407475755, 0.0543839484453, 0.00565674668178, 0.00128852378111, 0.00012957007857, 4.11917717429e-05, 2.44434249907e-05, 3.66887434211e-05, 0.000168575948919, 7.21598917153e-05, 0.000111846828077, 4.49052167824e-05, 2.51608871622e-05, 2.5766028557e-05, 4.51040477856e-06, 3.01287536786e-06, 9.41448888625e-06, 2.3650662115e-05, 1.07589103209e-05, 1.665138916e-05, 2.06773929676e-05, 8.31173929328e-06, 6.07237871009e-06, 3.29364115714e-06, 2.83073313767e-06, 9.38364848935e-07, 4.52214351299e-07, 2.38123703866e-07, 1.33290768645e-07, 1.73325560127e-07, 8.77417249967e-08, 4.712609325e-08, 1.47073917489e-08, 6.44008935069e-09, 3.94729493536e-09, 2.54712384518e-09, 1.74984671197e-09, 1.06402775479e-09, 6.63505972387e-10, 4.58920262902e-10],
        "min": [0.000147073093103, 0.00038505505654, 0.000300477142446, 9.75263537839e-05, 1.63182103279e-05, 2.25467556447e-06, 5.52103119844e-06, 3.00037027046e-06, 6.17529667579e-06, 1.47869604916e-06, 2.00094336833e-06, 6.53582219456e-07, 5.73805323256e-07, 5.37983510185e-07, 4.76771617741e-08, 5.3197929617e-08, 1.13264388801e-06, 2.87255352305e-06, 1.14763486181e-06, 1.15200191431e-06, 1.09367545065e-06, 4.14006706251e-07, 5.5226968243e-07, 2.13009656136e-07, 2.33446527886e-07, 1.13050731443e-07, 7.69736914208e-08, 6.07130345998e-08, 3.74324713448e-08, 5.05898434255e-08, 2.51616523173e-08, 1.453960774e-08, 5.70088731777e-09, 1.3847208935e-09, 1.071749689e-09, 7.14752534936e-10, 4.79595974046e-10, 3.67556429737e-10, 2.27084531734e-10, 1.66878788566e-10],
        "var": [3.57151984645e-05, 0.000447818747489, 4.55237386632e-06, 2.95152676699e-06, 2.06421226778e-08, 1.69322023069e-09, 5.620124921e-10, 1.43868017499e-09, 1.37448324722e-07, 1.48846091008e-08, 6.86494203705e-08, 4.90405582809e-09, 1.5827279487e-09, 5.55621415543e-09, 3.04328534595e-10, 1.36889085137e-11, 4.0420131131e-10, 1.24137544688e-09, 1.27310037512e-10, 4.21045254217e-10, 5.65528013308e-10, 6.60524135387e-11, 2.21164701136e-11, 2.10314717031e-11, 1.08979205868e-11, 1.05919157993e-12, 1.77909458541e-13, 4.81801928811e-14, 2.87106289806e-14, 5.45323978844e-14, 5.57125883716e-15, 1.16529414224e-15, 3.12786053424e-16, 1.74721363853e-16, 1.38145607688e-16, 8.83235797164e-17, 5.86159902041e-17, 4.88703732201e-17, 4.06276441475e-17, 3.02573933045e-17]
    },
    "mfcc": {
        "mean": [-704.329467773, 228.955322266, -32.3203353882, 60.8687896729, 25.9405231476, 16.8409461975, 12.6749219894, 26.0072650909, 30.9482154846, 8.60567855835, 0.432993113995, -6.59740638733, -8.68465518951],
        "cov": [[406.48260498, 17.5715866089, -196.128128052, -55.1300010681, -112.003044128, -48.864440918, 20.0183448792, 55.4727058411, 15.9205322266, 15.4626293182, -21.4067382812, 7.37878227234, -3.99030613899], [17.5715866089, 215.987869263, -60.1479072571, 16.0050125122, -11.9151220322, -10.6816282272, 26.5531616211, 1.53110861778, 11.7838077545, -12.9095001221, 16.9966621399, -0.290243536234, 6.47373533249], [-196.128128052, -60.1479072571, 196.331893921, 21.0710449219, 56.7381782532, 32.6808891296, -22.0595588684, -32.335357666, -40.7366065979, -2.88294100761, 12.4764595032, -4.72168779373, 13.3356409073], [-55.1300010681, 16.0050125122, 21.0710449219, 74.4442214966, 37.7152252197, 6.22638559341, -10.0793981552, -4.71018981934, -6.47206020355, -13.3551416397, -2.94362998009, -6.05888032913, 5.79518985748], [-112.003044128, -11.9151220322, 56.7381782532, 37.7152252197, 85.055557251, 25.345331192, -16.5328502655, -16.5407180786, -15.7902364731, -8.68542575836, -2.08240962029, -7.57605409622, 3.58250021935], [-48.864440918, -10.6816282272, 32.6808891296, 6.22638559341, 25.345331192, 56.2285194397, 5.74124145508, -8.56055736542, -9.97146892548, -0.998658299446, 0.991300523281, -2.28503847122, -0.797129869461], [20.0183448792, 26.5531616211, -22.0595588684, -10.0793981552, -16.5328502655, 5.74124145508, 42.8442001343, 11.9393796921, 1.3881456852, -11.2876787186, -0.0774363204837, 4.58774518967, 1.07509720325], [55.4727058411, 1.53110861778, -32.335357666, -4.71018981934, -16.5407180786, -8.56055736542, 11.9393796921, 46.0161933899, 20.3314189911, -5.81493139267, -10.3956155777, -8.15798091888, 7.06759643555], [15.9205322266, 11.7838077545, -40.7366065979, -6.47206020355, -15.7902364731, -9.97146892548, 1.3881456852, 20.3314189911, 71.2815933228, 13.129822731, 5.65165805817, -1.62650156021, -16.6458148956], [15.4626293182, -12.9095001221, -2.88294100761, -13.3551416397, -8.68542575836, -0.998658299446, -11.2876787186, -5.81493139267, 13.129822731, 40.7670059204, 17.9051685333, -2.39952254295, -16.6145648956], [-21.4067382812, 16.9966621399, 12.4764595032, -2.94362998009, -2.08240962029, 0.991300523281, -0.0774363204837, -10.3956155777, 5.65165805817, 17.9051685333, 43.9241104126, 13.093919754, -12.5451555252], [7.37878227234, -0.290243536234, -4.72168779373, -6.05888032913, -7.57605409622, -2.28503847122, 4.58774518967, -8.15798091888, -1.62650156021, -2.39952254295, 13.093919754, 41.8845825195, 11.4538135529], [-3.99030613899, 6.47373533249, 13.3356409073, 5.79518985748, 3.58250021935, -0.797129869461, 1.07509720325, 7.06759643555, -16.6458148956, -16.6145648956, -12.5451555252, 11.4538135529, 45.8434448242]],
