{
"lowlevel": {
    "average_loudness": 0.988301217556,
    "barkbands_crest": {
        "dmean": 4.22216081619,
        "dmean2": 7.22866630554,
        "dvar": 9.72640037537,
        "dvar2": 25.5612468719,
        "max": 21.7524490356,
        "mean": 12.7680101395,
        "median": 12.526673317,
        "min": 3.73428273201,
        "var": 14.9984750748
    },
    "barkbands_flatness_db": {
        "dmean": 0.0299313291907,
        "dmean2": 0.0490360334516,
        "dvar": 0.00051418482326,
        "dvar2": 0.00142698537093,
        "max": 0.300661534071,
        "mean": 0.202005043626,
        "median": 0.202308371663,
        "min": 0.121081389487,
        "var": 0.000960989913438
    },
    "barkbands_kurtosis": {
        "dmean": 4.66471862793,
        "dmean2": 8.12105083466,
        "dvar": 24.7250404358,
        "dvar2": 67.7958145142,
        "max": 33.0705718994,
        "mean": 4.22568273544,
        "median": 2.85479021072,
        "min": -1.68703567982,
        "var": 27.4018249512
    },
    "barkbands_skewness": {
        "dmean": 0.922482311726,
        "dmean2": 1.5593098402,
        "dvar": 0.542016208172,
        "dvar2": 1.44237947464,
        "max": 5.36216926575,
        "mean": 2.04187774658,
        "median": 1.99307441711,
        "min": -0.105339929461,
        "var": 0.889974057674
    },
    "barkbands_spread": {
        "dmean": 6.90260648727,
        "dmean2": 11.6201477051,
        "dvar": 28.9764995575,
        "dvar2": 75.2492599487,
        "max": 37.6174240112,
        "mean": 17.9496421814,
        "median": 16.8711509705,
        "min": 3.67273664474,
        "var": 54.1442298889
    },
    "dissonance": {
        "dmean": 0.0136212259531,
        "dmean2": 0.0222966074944,
        "dvar": 0.000197127752472,
        "dvar2": 0.000524736416992,
        "max": 0.499607086182,
        "mean": 0.477496057749,
        "median": 0.482323616743,
        "min": 0.36015227437,
        "var": 0.000275766069535
    },
    "dynamic_complexity": 0.831175267696,
    "erbbands_crest": {
        "dmean": 3.38374996185,
        "dmean2": 5.63112878799,
        "dvar": 7.95143604279,
        "dvar2": 21.8825340271,
        "max": 25.153678894,
        "mean": 9.41093158722,
        "median": 8.59070587158,
        "min": 3.70302844048,
        "var": 13.1953105927
    },
    "erbbands_flatness_db": {
        "dmean": 0.018933435902,
        "dmean2": 0.0311422701925,
        "dvar": 0.000241102679865,
        "dvar2": 0.000602061802056,
        "max": 0.292928010225,
        "mean": 0.205149769783,
        "median": 0.203377828002,
        "min": 0.119048513472,
        "var": 0.000446680642199
    },
    "erbbands_kurtosis": {
        "dmean": 1.46801912785,
        "dmean2": 2.48190164566,
        "dvar": 2.73164868355,
        "dvar2": 7.13459062576,
        "max": 9.6216135025,
        "mean": 0.25908473134,
        "median": -0.359490156174,
        "min": -1.63091409206,
        "var": 3.27872490883
    },
    "erbbands_skewness": {
        "dmean": 0.530589818954,
        "dmean2": 0.87503182888,
        "dvar": 0.179565608501,
        "dvar2": 0.477611869574,
        "max": 1.37464499474,
        "mean": -0.800061285496,
        "median": -0.759303689003,
        "min": -2.641736269,
        "var": 0.389876455069
    },
    "erbbands_spread": {
        "dmean": 10.4335861206,
        "dmean2": 17.4335765839,
        "dvar": 66.8767242432,
        "dvar2": 186.290939331,
        "max": 61.6487617493,
        "mean": 35.599445343,
        "median": 35.4565544128,
        "min": 10.6640510559,
        "var": 117.905899048
    },
    "hfc": {
        "dmean": 9.25286769867,
        "dmean2": 14.6046180725,
        "dvar": 94.4960784912,
        "dvar2": 251.681365967,
        "max": 87.4280166626,
        "mean": 25.9384593964,
        "median": 23.7124385834,
        "min": 0.942090630531,
        "var": 138.388198853
    },
    "melbands_crest": {
        "dmean": 4.08041954041,
        "dmean2": 6.88247060776,
        "dvar": 9.20086288452,
        "dvar2": 24.1042308807,
        "max": 28.1484832764,
        "mean": 18.1449604034,
        "median": 18.3080062866,
        "min": 6.91914367676,
        "var": 18.4282054901
    },
    "melbands_flatness_db": {
        "dmean": 0.037375099957,
        "dmean2": 0.0615546666086,
        "dvar": 0.000823586073238,
        "dvar2": 0.00221563735977,
        "max": 0.4095736444,
        "mean": 0.303004413843,
        "median": 0.303671091795,
        "min": 0.195049390197,
        "var": 0.0015344665153
    },
    "melbands_kurtosis": {
        "dmean": 13.4846191406,
        "dmean2": 23.2965831757,
        "dvar": 191.586135864,
        "dvar2": 527.383422852,
        "max": 89.731628418,
        "mean": 17.7037506104,
        "median": 13.9583568573,
        "min": -0.746317386627,
        "var": 224.44644165
    },
    "melbands_skewness": {
        "dmean": 1.35049378872,
        "dmean2": 2.27152824402,
        "dvar": 1.18205165863,
        "dvar2": 3.10076856613,
        "max": 8.36147689819,
        "mean": 3.72856330872,
        "median": 3.56345152855,
        "min": 0.8277810812,
        "var": 1.99574708939
    },
    "melbands_spread": {
        "dmean": 7.95654153824,
        "dmean2": 13.2456293106,
        "dvar": 48.960735321,
        "dvar2": 126.856773376,
        "max": 50.3984718323,
        "mean": 15.1788835526,
        "median": 12.7971992493,
        "min": 2.3027780056,
        "var": 77.581703186
    },
    "pitch_salience": {
        "dmean": 0.116172537208,
        "dmean2": 0.195733249187,
        "dvar": 0.00775127205998,
        "dvar2": 0.0213896632195,
        "max": 0.734643936157,
        "mean": 0.444024920464,
        "median": 0.437024354935,
        "min": 0.175703555346,
        "var": 0.0123498532921
    },
    "silence_rate_20dB": {
        "dmean": 0,
        "dmean2": 0,
        "dvar": 0,
        "dvar2": 0,
        "max": 1,
        "mean": 1,
        "median": 1,
        "min": 1,
        "var": 0
    },
    "silence_rate_30dB": {
        "dmean": 0.0666666701436,
        "dmean2": 0.133738607168,
        "dvar": 0.0622220300138,
        "dvar2": 0.158406212926,
        "max": 1,
        "mean": 0.954682767391,
        "median": 1,
        "min": 0,
        "var": 0.0432633943856
    },
    "silence_rate_60dB": {
        "dmean": 0,
        "dmean2": 0,
        "dvar": 0,
        "dvar2": 0,
        "max": 0,
        "mean": 0,
        "median": 0,
        "min": 0,
        "var": 0
    },
    "spectral_centroid": {
        "dmean": 259.186920166,
        "dmean2": 418.986602783,
        "dvar": 40088.7460938,
        "dvar2": 99867.8515625,
        "max": 2153.5300293,
        "mean": 1132.59423828,
        "median": 1103.89355469,
        "min": 420.064178467,
        "var": 98870.4609375
    },
    "spectral_complexity": {
        "dmean": 3.50909090042,
        "dmean2": 5.65349531174,
        "dvar": 9.75294876099,
        "dvar2": 17.6489295959,
        "max": 36,
        "mean": 25.5468273163,
        "median": 26,
        "min": 3,
        "var": 19.7402572632
    },
    "spectral_decrease": {
        "dmean": 7.58857066074e-09,
        "dmean2": 1.26182273519e-08,
        "dvar": 3.30798758296e-17,
        "dvar2": 9.1344436696e-17,
        "max": -5.64817137505e-10,
        "mean": -1.8295002846e-08,
        "median": -1.76793086837e-08,
        "min": -4.06468778635e-08,
        "var": 4.733671419e-17
    },
    "spectral_energy": {
        "dmean": 0.0290149003267,
        "dmean2": 0.0482233799994,
        "dvar": 0.000483948126202,
        "dvar2": 0.00132972642314,
        "max": 0.156004607677,
        "mean": 0.0714020580053,
        "median": 0.0690324008465,
        "min": 0.00221719755791,
        "var": 0.0006956543657
    },
    "spectral_energyband_high": {
        "dmean": 5.671447434e-05,
        "dmean2": 8.3396989794e-05,
        "dvar": 4.50618653502e-09,
        "dvar2": 9.33012156423e-09,
        "max": 0.000691603170708,
        "mean": 0.000167231992236,
        "median": 0.000133198031108,
        "min": 1.32101295094e-05,
        "var": 1.38711859776e-08
    },
    "spectral_energyband_low": {
        "dmean": 0.0281153135002,
        "dmean2": 0.047104883939,
        "dvar": 0.000490467587952,
        "dvar2": 0.00140458159149,
        "max": 0.141232132912,
        "mean": 0.0487746559083,
        "median": 0.0457573160529,
        "min": 0.00136117788497,
        "var": 0.000642872822937
    },
    "spectral_energyband_middle_high": {
        "dmean": 0.00448191678151,
        "dmean2": 0.00735586602241,
        "dvar": 2.6536778023e-05,
        "dvar2": 7.0153917477e-05,
        "max": 0.0411876775324,
        "mean": 0.00906111299992,
        "median": 0.00761306658387,
        "min": 0.000349233916495,
        "var": 3.36205412168e-05
    },
    "spectral_energyband_middle_low": {
        "dmean": 0.00756915844977,
        "dmean2": 0.0129416417331,
        "dvar": 5.92456526647e-05,
        "dvar2": 0.000151940053911,
        "max": 0.0615914575756,
        "mean": 0.0146729722619,
        "median": 0.0111821545288,
        "min": 0.000564100046176,
        "var": 0.000107236737676
    },
    "spectral_entropy": {
        "dmean": 0.114613518119,
        "dmean2": 0.18619838357,
        "dvar": 0.0110145546496,
        "dvar2": 0.0214999578893,
        "max": 8.34124469757,
        "mean": 7.2648563385,
        "median": 7.27682352066,
        "min": 6.45699262619,
        "var": 0.0251608099788
    },
    "spectral_flux": {
        "dmean": 0.0403974801302,
        "dmean2": 0.0684242099524,
        "dvar": 0.000884647248313,
        "dvar2": 0.00242768554017,
        "max": 0.310176134109,
        "mean": 0.154983848333,
        "median": 0.153099656105,
        "min": 0.0753485932946,
        "var": 0.00151778990403
    },
    "spectral_kurtosis": {
        "dmean": 4.14007472992,
        "dmean2": 7.42111349106,
        "dvar": 12.2674684525,
        "dvar2": 35.1384239197,
        "max": 27.9671974182,
        "mean": 7.64305591583,
        "median": 7.04323005676,
        "min": 1.69040250778,
        "var": 15.7322740555
    },
    "spectral_rms": {
        "dmean": 0.00172685529105,
        "dmean2": 0.00285694538616,
        "dvar": 1.74768115357e-06,
        "dvar2": 4.6479322009e-06,
        "max": 0.0123369209468,
        "mean": 0.00819315202534,
        "median": 0.00820662453771,
        "min": 0.00147075473797,
        "var": 2.53269263339e-06
    },
    "spectral_rolloff": {
        "dmean": 577.676635742,
        "dmean2": 1027.96447754,
        "dvar": 302646.40625,
        "dvar2": 718072.8125,
        "max": 2540.91796875,
        "mean": 758.67199707,
        "median": 495.263671875,
        "min": 107.666015625,
        "var": 393593.25
    },
    "spectral_skewness": {
        "dmean": 0.369882375002,
        "dmean2": 0.644841015339,
        "dvar": 0.10331492871,
        "dvar2": 0.293005764484,
        "max": 4.06221532822,
        "mean": 1.53357279301,
        "median": 1.45855247974,
        "min": 0.66229814291,
        "var": 0.164185538888
    },
    "spectral_spread": {
        "dmean": 277445,
        "dmean2": 417719.1875,
        "dvar": 701132898304,
        "dvar2": 607726665728,
        "max": 19197462,
        "mean": 2370520.25,
        "median": 2312669.25,
        "min": 1740197.375,
        "var": 938513989632
    },
    "spectral_strongpeak": {
        "dmean": 0.306682318449,
        "dmean2": 0.532793521881,
        "dvar": 0.187045246363,
        "dvar2": 0.538545668125,
        "max": 4.62660360336,
        "mean": 0.522509872913,
        "median": 0.438598781824,
        "min": 0.0190979801118,
        "var": 0.140968829393
    },
    "zerocrossingrate": {
        "dmean": 0.00635801395401,
        "dmean2": 0.00858573522419,
        "dvar": 2.69043539447e-05,
        "dvar2": 4.66836318083e-05,
        "max": 0.05859375,
        "mean": 0.0313916169107,
        "median": 0.02978515625,
        "min": 0.0068359375,
        "var": 9.20282909647e-05
    },
    "barkbands": {
        "dmean": [0.000336169905495, 0.0237194579095, 0.00954167731106, 0.00235224096105, 0.00476736901328, 0.000809632358141, 0.00227223406546, 0.000911512062885, 0.000382932194043, 0.000289056682959, 0.000437539216364, 0.000163128774147, 0.000413081812439, 0.00240392424166, 0.000872749194968, 0.000925158848986, 0.000699193566106, 0.000175569090061, 0.000118137424579, 2.9246430131e-05, 2.81047668977e-05, 2.30462010222e-05, 9.1448856665e-07, 5.44456156604e-07, 1.63752730487e-07, 1.98576742605e-07, 7.01939271153e-08],
        "dmean2": [0.000556374783628, 0.0405591353774, 0.0157027859241, 0.00418393639848, 0.00840589869767, 0.00133405881934, 0.00385425984859, 0.00150713627227, 0.000643629056867, 0.000462848809548, 0.000713043962605, 0.000278528110357, 0.000698168703821, 0.00414269650355, 0.00144446932245, 0.00152933073696, 0.00113269535359, 0.000289083487587, 0.000195766580873, 4.5083637815e-05, 4.09611348005e-05, 3.7784633605e-05, 1.45306569266e-06, 8.66280004175e-07, 2.45370358698e-07, 3.04574655274e-07, 9.16802207485e-08],
        "dvar": [1.12993284063e-07, 0.000345672742696, 6.60776058794e-05, 7.02509396433e-06, 3.30134062096e-05, 1.73206740328e-06, 1.30680291477e-05, 6.13210386291e-06, 3.01994361962e-07, 1.34084984893e-07, 6.73146530517e-07, 5.75440886053e-08, 3.36740924922e-07, 1.18036832646e-05, 1.07986772946e-06, 1.14719250632e-06, 8.32560203889e-07, 1.66371052046e-07, 3.17316306564e-08, 2.5904094425e-09, 1.14804732387e-09, 1.61808200172e-09, 1.05686856836e-12, 4.71200389904e-13, 3.33735426447e-13, 3.5722013997e-13, 4.02523690378e-13],
        "dvar2": [2.86302110908e-07, 0.000977164134383, 0.000167840931681, 2.06257009268e-05, 9.01147795958e-05, 3.55587417289e-06, 3.44711406797e-05, 1.25889755509e-05, 8.08078709724e-07, 3.21725309504e-07, 1.5996415641e-06, 1.50595326431e-07, 8.62382137257e-07, 3.1613279134e-05, 2.87602711069e-06, 3.1232409583e-06, 2.32442630477e-06, 4.64168010694e-07, 7.21293247352e-08, 6.09248385075e-09, 1.8137706892e-09, 3.66831653942e-09, 2.39973665939e-12, 7.96383575405e-13, 3.58373161875e-13, 4.07376470881e-13, 4.04622461838e-13],
        "max": [0.00233822828159, 0.111604422331, 0.0568471029401, 0.0177755709738, 0.0485114008188, 0.0128229353577, 0.0243622027338, 0.0348155461252, 0.00552425254136, 0.00341578945518, 0.00775042828172, 0.00203597638756, 0.00531608657911, 0.0291285123676, 0.0089459978044, 0.00984959490597, 0.00798191130161, 0.00488055264577, 0.00235070032068, 0.000719639356248, 0.00059159216471, 0.00040981991333, 1.17716863315e-05, 1.05711624201e-05, 1.04757473309e-05, 1.0927794392e-05, 1.16828823593e-05],
        "mean": [0.000413210422266, 0.0335765630007, 0.0135856382549, 0.00265348493122, 0.00655736215413, 0.00108986150008, 0.00248991674744, 0.00125768617727, 0.000495293992572, 0.000448987149866, 0.000604406814091, 0.000223825438297, 0.000501345086377, 0.00296051939949, 0.0011707120575, 0.0014977643732, 0.00118841882795, 0.000315452663926, 0.000183690368431, 5.50308941456e-05, 9.64354185271e-05, 3.19170794683e-05, 2.12743407246e-06, 1.29618467781e-06, 4.45780329983e-07, 5.56507018246e-07, 2.24332353582e-07],
        "median": [0.000298123079119, 0.0293680876493, 0.0113894520327, 0.00193414220121, 0.00455326447263, 0.000531060853973, 0.00135044334456, 0.000617544981651, 0.000345340697095, 0.000320273218676, 0.000309986644424, 0.000160232913913, 0.000261715991655, 0.00208016764373, 0.000767257297412, 0.00114912434947, 0.000925270083826, 0.000234921477386, 0.000128638610477, 3.62727623724e-05, 7.31453328626e-05, 1.61172902153e-05, 1.85036083167e-06, 1.10021301225e-06, 3.74648237766e-07, 4.8393542329e-07, 1.72058818748e-07],
        "min": [1.04089792785e-06, 0.000749551400077, 0.000173976353835, 8.68112329044e-05, 0.000144530582475, 3.24266329699e-05, 5.91774078202e-05, 3.26485314872e-05, 2.32304137171e-05, 2.42963669734e-05, 1.82781204785e-05, 8.21067442303e-06, 1.89728743862e-05, 7.29240709916e-05, 6.65477709845e-05, 1.26571439978e-05, 1.6339474314e-05, 1.11255003503e-05, 2.74172020909e-06, 1.82134670013e-06, 8.24761900731e-06, 7.42778979657e-07, 4.4763146434e-07, 2.30921912703e-07, 8.01329065325e-08, 9.5190365812e-08, 5.936039571e-08],
        "var": [1.61611851013e-07, 0.000416675407905, 0.000114907481475, 6.76135141475e-06, 4.30863292422e-05, 2.74399576483e-06, 1.31248070829e-05, 8.79585513758e-06, 3.14653306077e-07, 2.09190773148e-07, 9.65664071373e-07, 5.27917727311e-08, 3.79484674795e-07, 1.10470073196e-05, 1.42738861086e-06, 1.4333351146e-06, 1.08106053176e-06, 1.41623829109e-07, 4.57550051181e-08, 4.65105953751e-09, 7.06842673281e-09, 2.29295071819e-09, 1.45563422427e-12, 7.78430434261e-13, 3.58112031782e-13, 3.80617575218e-13, 4.05008600442e-13]
    },
    "erbbands": {
        "dmean": [0.60864084959, 5.92380619049, 12.5339574814, 6.04078817368, 13.1561965942, 19.4141807556, 8.42518901825, 6.77286624908, 21.8119220734, 33.6420822144, 18.4811916351, 7.91372966766, 9.1947221756, 13.3066968918, 10.845164299, 8.55452632904, 17.8209095001, 45.5259857178, 131.95993042, 39.33801651, 44.7603340149, 34.612537384, 13.7799158096, 10.125254631, 2.87783837318, 1.27880465984, 1.02176392078, 1.30101978779, 1.09158325195, 0.0824138298631, 0.0333156622946, 0.015729630366, 0.00561609352008, 0.00233074766584, 0.00101812346838, 0.0012310387101, 0.000283952540485, 4.07781844842e-05, 1.85713124665e-05, 3.20440231008e-05],
        "dmean2": [1.02703607082, 10.2597265244, 20.5333919525, 10.4729099274, 22.9955482483, 34.2151565552, 13.2142114639, 11.0998067856, 36.4095420837, 57.4085769653, 29.0165653229, 13.0942630768, 15.4577627182, 21.9251289368, 17.7712631226, 14.5508852005, 30.0363368988, 78.3842010498, 225.194290161, 65.87915802, 73.8129501343, 55.1873283386, 21.7042140961, 16.3040981293, 4.83214759827, 1.99507725239, 1.55588042736, 1.8430339098, 1.78805398941, 0.12715151906, 0.054266538471, 0.0250107031316, 0.00900151301175, 0.0036205756478, 0.0014931372134, 0.00192832422908, 0.000425406004069, 5.42265297554e-05, 2.73107707471e-05, 5.291974594e-05],
        "dvar": [0.218258276582, 22.1766452789, 119.23249054, 41.0893478394, 213.697402954, 748.768371582, 248.994674683, 121.578422546, 1142.62365723, 3603.82885742, 3114.86669922, 131.38609314, 165.496017456, 465.002502441, 373.798126221, 117.967674255, 565.633728027, 3810.84399414, 31736.3574219, 2408.10742188, 2233.90185547, 2010.03100586, 607.898010254, 261.554046631, 12.98828125, 5.90700817108, 1.54910874367, 2.89864253998, 3.92205286026, 0.0126197570935, 0.00126270914916, 0.000318187958328, 9.71907938947e-05, 4.62197240267e-05, 1.58983530127e-05, 5.8111349972e-06, 1.21608979953e-06, 1.52471713477e-07, 7.95439625279e-09, 6.41394937162e-10],
        "dvar2": [0.611991047859, 60.781162262, 308.186676025, 124.866424561, 575.637390137, 2087.01855469, 525.025390625, 238.961029053, 2929.22485352, 8728.16503906, 6183.94970703, 336.689971924, 357.977416992, 1196.97314453, 894.868835449, 312.058013916, 1446.51513672, 9871.38574219, 87268.0234375, 6015.62060547, 5995.8125, 5550.90087891, 1711.95861816, 589.401428223, 27.8419189453, 14.3879575729, 3.35801291466, 4.15051698685, 8.60066795349, 0.0279679950327, 0.0029182259459, 0.000607507361565, 0.000127549545141, 5.16212021466e-05, 1.69694994838e-05, 7.54393931857e-06, 1.34061588142e-06, 1.54799806751e-07, 8.25764079337e-09, 1.64026026095e-09],
        "max": [2.81432318687, 29.0039539337, 77.7103805542, 50.9687919617, 128.061386108, 280.445251465, 222.792144775, 104.821037292, 316.233306885, 571.126037598, 959.480651855, 107.732040405, 124.806167603, 220.158828735, 212.64112854, 84.9938354492, 217.743377686, 592.508850098, 1512.96850586, 507.745635986, 381.920043945, 440.722290039, 299.408782959, 162.900299072, 33.889175415, 38.4942474365, 15.9817914963, 31.3943367004, 21.4266853333, 1.08531069756, 0.335021883249, 0.241991624236, 0.167702525854, 0.121233545244, 0.0726454928517, 0.0427040420473, 0.0202867370099, 0.00715611875057, 0.00165066041518, 0.000213589737541],
        "mean": [0.764780461788, 8.20418071747, 18.7715740204, 9.33995914459, 16.0141906738, 24.326335907, 13.0696783066, 9.76657867432, 26.2205848694, 38.7777290344, 25.5010890961, 11.2256164551, 13.7221326828, 20.8129272461, 16.3494720459, 12.6786785126, 23.2207965851, 57.862537384, 167.175338745, 57.7908630371, 78.5402526855, 63.9748802185, 24.7433109283, 16.1175117493, 4.82890081406, 2.43571257591, 2.6566092968, 4.62341785431, 1.6239439249, 0.1588896662, 0.0735299736261, 0.0371076650918, 0.0143630281091, 0.00621126405895, 0.00258126435801, 0.00348080205731, 0.000734903384, 8.38782216306e-05, 6.06832618359e-05, 8.42537556309e-05],
        "median": [0.643402099609, 7.15517377853, 15.7733259201, 7.70408248901, 11.0569810867, 14.1728124619, 6.42520284653, 4.80385732651, 14.2951221466, 17.4183044434, 14.3993778229, 7.39650821686, 8.67785739899, 12.5606145859, 9.82242488861, 9.21538066864, 13.592716217, 40.9333496094, 113.530883789, 42.7104110718, 62.1917610168, 48.7614517212, 18.7267360687, 10.1812438965, 3.38230371475, 1.68229603767, 2.1822450161, 3.00923800468, 0.843910813332, 0.113751716912, 0.0617352463305, 0.0313576720655, 0.011994224973, 0.00511757843196, 0.00214374787174, 0.00312395044602, 0.000625608256087, 5.77082719246e-05, 5.66480084672e-05, 8.12760190456e-05],
        "min": [0.0212624762207, 0.169192999601, 0.478892177343, 0.586599946022, 0.524388194084, 0.415056198835, 0.507217466831, 0.328680932522, 0.871771633625, 0.767690718174, 0.780460774899, 0.651058316231, 0.696723282337, 0.880552172661, 0.603549838066, 0.673558413982, 0.919018268585, 3.29008507729, 6.57544565201, 1.4658498764, 0.88273203373, 0.967637717724, 0.68572217226, 0.126694619656, 0.152071237564, 0.0862410217524, 0.190549597144, 0.357732355595, 0.0448648259044, 0.0167230088264, 0.0155713725835, 0.00862794369459, 0.00285367621109, 0.00107530737296, 0.000520189234521, 0.000701727578416, 0.000110990309622, 2.19677167479e-05, 1.95515094674e-05, 1.20143495224e-05],
        "var": [0.294114589691, 26.4790267944, 195.964767456, 42.4935531616, 250.303817749, 876.950317383, 496.838653564, 207.300704956, 1342.74475098, 3897.3371582, 4437.73291016, 153.813461304, 261.134033203, 652.904296875, 556.659912109, 126.332069397, 664.274719238, 3660.03027344, 32196.1386719, 2789.82104492, 3289.12231445, 2744.23876953, 571.471252441, 405.57434082, 21.466709137, 9.07472419739, 3.35108184814, 20.5885810852, 5.79418325424, 0.0208336077631, 0.00180626730435, 0.000526068324689, 0.000136505812407, 5.31572404725e-05, 1.64629454957e-05, 6.92631329002e-06, 1.25446979382e-06, 1.52987624347e-07, 7.92794896398e-09, 8.84459228079e-10]
    },
    "gfcc": {
        "mean": [0.0764617472887, 165.502502441, -139.03918457, 46.5113487244, -8.25501346588, -0.77284860611, -22.0390491486, -2.71650338173, 0.719386339188, 4.24995994568, -19.2034416199, -4.10345220566, -3.46652293205],
        "cov": [[359.745117188, 2.95520544052, -105.062690735, -22.7168540955, -31.6953334808, -15.8408050537, -16.771276474, -7.17084980011, -1.27702045441, 11.441991806, -2.16335678101, -3.89886260033, 10.1458911896], [2.95520544052, 143.262527466, 33.4389190674, -51.9711761475, -16.684015274, -49.7264099121, -4.77965927124, -6.08431863785, 23.3695068359, -6.6910200119, 13.5459785461, -1.36193871498, 11.3419914246], [-105.062690735, 33.4389190674, 144.034286499, 19.1720924377, 3.57505559921, -5.88224887848, 1.76617896557, 8.38956260681, 8.25280284882, -6.08238840103, 1.35142803192, 4.21509456635, 5.62058639526], [-22.7168540955, -51.9711761475, 19.1720924377, 121.943443298, 44.053855896, 4.69145059586, 6.5620508194, -18.7580661774, -3.97599124908, -8.28841495514, -15.1397180557, -9.29738235474, -3.09421491623], [-31.6953334808, -16.684015274, 3.57505559921, 44.053855896, 112.474327087, 35.6330757141, 12.9383831024, 6.18218898773, -12.6360635757, 1.50202596188, 10.8188714981, -22.4431915283, -2.27443289757], [-15.8408050537, -49.7264099121, -5.88224887848, 4.69145059586, 35.6330757141, 79.1246871948, 42.4897956848, 10.4759025574, -10.1299219131, -2.53332233429, -4.35296726227, -4.77258205414, -5.82682943344], [-16.771276474, -4.77965927124, 1.76617896557, 6.5620508194, 12.9383831024, 42.4897956848, 75.8975830078, 23.2337970734, 4.02687931061, -3.68971681595, -6.82924890518, -2.43696022034, -2.73762512207], [-7.17084980011, -6.08431863785, 8.38956260681, -18.7580661774, 6.18218898773, 10.4759025574, 23.2337970734, 60.2687797546, 10.0224876404, 0.67498666048, 14.4228839874, -3.47427678108, 0.850425601006], [-1.27702045441, 23.3695068359, 8.25280284882, -3.97599124908, -12.6360635757, -10.1299219131, 4.02687931061, 10.0224876404, 50.8107528687, 18.8901786804, 3.63975644112, 6.1439538002, 1.16828727722], [11.441991806, -6.6910200119, -6.08238840103, -8.28841495514, 1.50202596188, -2.53332233429, -3.68971681595, 0.67498666048, 18.8901786804, 45.9121170044, 15.8265018463, -1.77596306801, 1.95663678646], [-2.16335678101, 13.5459785461, 1.35142803192, -15.1397180557, 10.8188714981, -4.35296726227, -6.82924890518, 14.4228839874, 3.63975644112, 15.8265018463, 51.2093391418, 17.3404521942, -2.71455812454], [-3.89886260033, -1.36193871498, 4.21509456635, -9.29738235474, -22.4431915283, -4.77258205414, -2.43696022034, -3.47427678108, 6.1439538002, -1.77596306801, 17.3404521942, 55.0421524048, 6.37846231461], [10.1458911896, 11.3419914246, 5.62058639526, -3.09421491623, -2.27443289757, -5.82682943344, -2.73762512207, 0.850425601006, 1.16828727722, 1.95663678646, -2.71455812454, 6.37846231461, 33.9216346741]],
        "icov": [[0.00395275373012, -0.00250550033525, 0.00353163876571, -0.00194752181415, 0.00194280990399, -0.00201092404313, 0.0020764595829, -0.00203484343365, 0.00165176112205, -0.00222530774772, 0.0010480042547, -0.000282689958112, -0.000895412755199], [-0.00250550033525, 0.0343656875193, -0.010158136487, 0.0230025518686, -0.0107386531308, 0.0291468724608, -0.021458491683, 0.0248613823205, -0.0218484140933, 0.0247357524931, -0.0187353957444, 0.0143914623186, -0.00990787241608], [0.00353163876571, -0.010158136487, 0.0125136924908, -0.00846777111292, 0.00407642824575, -0.00810304377228, 0.00685892347246, -0.00875875353813, 0.00500380992889, -0.0059796278365, 0.00469078402966, -0.00395984575152, 0.000441429932835], [-0.00194752181415, 0.0230025518686, -0.00846777111292, 0.0271432716399, -0.0133823538199, 0.0223063249141, -0.0166603159159, 0.0206312257797, -0.0155520085245, 0.0175362881273, -0.00860640313476, 0.00828530173749, -0.00487961713225], [0.00194280990399, -0.0107386531308, 0.00407642824575, -0.0133823538199, 0.0197467468679, -0.0167257804424, 0.00842692144215, -0.00831626262516, 0.00817344523966, -0.00688602495939, -0.00295348209329, 0.00358437793329, -0.000341753067914], [-0.00201092404313, 0.0291468724608, -0.00810304377228, 0.0223063249141, -0.0167257804424, 0.0479015819728, -0.0300248451531, 0.0209837313741, -0.0136097399518, 0.0180895738304, -0.0110110528767, 0.0084059657529, -0.00464563863352], [0.0020764595829, -0.021458491683, 0.00685892347246, -0.0166603159159, 0.00842692144215, -0.0300248451531, 0.036164931953, -0.0236459430307, 0.0109103824943, -0.0148759316653, 0.0153797697276, -0.0100693786517, 0.00642308220267], [-0.00203484343365, 0.0248613823205, -0.00875875353813, 0.0206312257797, -0.00831626262516, 0.0209837313741, -0.0236459430307, 0.0430820323527, -0.0219466965646, 0.0240118857473, -0.0241302885115, 0.0167147684842, -0.0100155416876], [0.00165176112205, -0.0218484140933, 0.00500380992889, -0.0155520085245, 0.00817344523966, -0.0136097399518, 0.0109103824943, -0.0219466965646, 0.041842661798, -0.0296731274575, 0.0173531025648, -0.0142686907202, 0.00854660477489], [-0.00222530774772, 0.0247357524931, -0.0059796278365, 0.0175362881273, -0.00688602495939, 0.0180895738304, -0.0148759316653, 0.0240118857473, -0.0296731274575, 0.0509154982865, -0.0275621414185, 0.0184943191707, -0.0117697045207], [0.0010480042547, -0.0187353957444, 0.00469078402966, -0.00860640313476, -0.00295348209329, -0.0110110528767, 0.0153797697276, -0.0241302885115, 0.0173531025648, -0.0275621414185, 0.0466100499034, -0.0242702495307, 0.0134311048314], [-0.000282689958112, 0.0143914623186, -0.00395984575152, 0.00828530173749, 0.00358437793329, 0.0084059657529, -0.0100693786517, 0.0167147684842, -0.0142686907202, 0.0184943191707, -0.0242702495307, 0.0342108048499, -0.0118133137003], [-0.000895412755199, -0.00990787241608, 0.000441429932835, -0.00487961713225, -0.000341753067914, -0.00464563863352, 0.00642308220267, -0.0100155416876, 0.00854660477489, -0.0117697045207, 0.0134311048314, -0.0118133137003, 0.0361712910235]]
    },
    "melbands": {
        "dmean": [0.00597280310467, 0.00657778000459, 0.00116270547733, 0.00117990060244, 0.000391396693885, 0.000153075467097, 0.000380478071747, 0.000330009526806, 0.00014145107707, 4.77398425573e-05, 4.70456398034e-05, 5.17851403856e-05, 5.1283481298e-05, 1.21293842312e-05, 5.48769166926e-05, 2.07577431866e-05, 0.000100574237877, 0.000276562466752, 5.46892551938e-05, 6.26144101261e-05, 5.07475306222e-05, 3.37885139743e-05, 3.34142387146e-05, 7.40204950489e-06, 8.99435599422e-06, 3.11299618261e-06, 9.49754110025e-07, 9.94232777884e-07, 6.79280560689e-07, 8.74334205037e-07, 6.71941052133e-07, 8.58871828768e-07, 1.36723826927e-07, 1.56432893306e-08, 2.27569465494e-08, 1.14549392194e-08, 1.04092467978e-08, 4.60683846626e-09, 3.00611691095e-09, 1.82204862309e-09],
        "dmean2": [0.0101560158655, 0.0111290812492, 0.00196556164883, 0.00209210952744, 0.000654259638395, 0.000251442135777, 0.000640098063741, 0.000562618370168, 0.000221204929403, 7.83800860518e-05, 7.94131919974e-05, 8.42936642584e-05, 8.43641319079e-05, 1.96337568923e-05, 9.40042446018e-05, 3.47416571458e-05, 0.000172099564224, 0.000476355518913, 9.05622291612e-05, 0.000106290899566, 8.35514292703e-05, 5.44870745216e-05, 5.40050241398e-05, 1.19578635349e-05, 1.45130698002e-05, 5.25106952409e-06, 1.53076041443e-06, 1.56385749506e-06, 1.05592198452e-06, 1.30830267153e-06, 9.71671056504e-07, 1.41852240176e-06, 2.27878615533e-07, 2.62817181351e-08, 3.76349476028e-08, 1.86293203086e-08, 1.6698001204e-08, 7.5654380538e-09, 4.59990756596e-09, 2.84648127291e-09],
        "dvar": [2.14648716792e-05, 3.2301471947e-05, 1.29286161155e-06, 2.0296765797e-06, 4.24077256866e-07, 5.40845945807e-08, 3.50562487483e-07, 3.48151644403e-07, 1.70251439613e-07, 5.15506437537e-09, 4.36518954317e-09, 6.46558806494e-09, 8.89810003457e-09, 2.83376461185e-10, 5.26713650473e-09, 8.3940399076e-10, 1.80517432113e-08, 1.47577139842e-07, 4.24132506893e-09, 6.59168675199e-09, 2.94457391803e-09, 1.64310087758e-09, 3.42099126804e-09, 1.67501901238e-10, 2.21059101579e-10, 1.30083253197e-11, 3.0483907499e-12, 4.6973284637e-12, 1.11194408715e-12, 1.09158504718e-12, 7.1814819716e-13, 2.79294317708e-12, 5.39494969152e-14, 4.19683120145e-16, 5.9012695438e-16, 1.81075937372e-16, 1.34139591833e-16, 5.10672358869e-17, 4.23491294249e-17, 3.14080048452e-17],
        "dvar2": [6.11114082858e-05, 8.44236274133e-05, 3.82025564249e-06, 5.48686011825e-06, 1.06115123799e-06, 1.08884087524e-07, 9.10583821678e-07, 8.09416974334e-07, 3.50991854248e-07, 1.34827349285e-08, 9.59094403896e-09, 1.66470233154e-08, 2.0439458126e-08, 7.21677162474e-10, 1.37945814771e-08, 2.03801264753e-09, 4.71022012505e-08, 4.02091046681e-07, 1.11466968988e-08, 1.73207510556e-08, 7.63806440318e-09, 4.59133886466e-09, 9.44592404295e-09, 4.29363267163e-10, 4.95649188359e-10, 2.96104252229e-11, 7.26277935362e-12, 1.1997494144e-11, 2.47347043021e-12, 1.94381837015e-12, 1.10989581241e-12, 6.32191044306e-12, 1.29468755595e-13, 1.03845148778e-15, 1.46847328033e-15, 3.72196150251e-16, 2.82380852871e-16, 7.37536998163e-17, 5.55167628245e-17, 3.54313451703e-17],
        "max": [0.0246787611395, 0.0360905528069, 0.00800200179219, 0.0109465168789, 0.00679423240945, 0.00207457900979, 0.0044426000677, 0.00601684534922, 0.00712331710383, 0.000811492616776, 0.000626534339972, 0.000817464315332, 0.000839582993649, 0.000162281663506, 0.000640850747004, 0.000233309983741, 0.00129418203142, 0.00315372180194, 0.000539148342796, 0.000824645510875, 0.000504519033711, 0.000385726918466, 0.000642207683995, 0.000145596583025, 0.00016244481958, 2.91999785986e-05, 2.2541036742e-05, 3.28449859808e-05, 1.51250087583e-05, 1.71020565176e-05, 1.48808894664e-05, 1.7843569367e-05, 1.91928711502e-06, 2.09667831541e-07, 1.95747247744e-07, 1.7557783849e-07, 1.36198252676e-07, 1.15834552616e-07, 1.10313038704e-07, 9.93891973167e-08],
        "mean": [0.00823322217911, 0.010422709398, 0.00190984911751, 0.00152780697681, 0.000604068685789, 0.000216894928599, 0.000440601841547, 0.000391940469854, 0.000187171579455, 6.40993821435e-05, 6.70131485094e-05, 8.1462196249e-05, 7.18329101801e-05, 1.98288598767e-05, 6.73978865962e-05, 2.74369485851e-05, 0.000122171870316, 0.000340597471222, 7.52539781388e-05, 8.76656340552e-05, 9.13772819331e-05, 6.65082625346e-05, 4.64521435788e-05, 1.22867413666e-05, 1.3460469745e-05, 4.64631330033e-06, 1.63791537489e-06, 1.66700237969e-06, 1.37816061851e-06, 2.83562008008e-06, 2.19730645767e-06, 1.12488476134e-06, 1.92298145407e-07, 3.47533628542e-08, 4.48584280832e-08, 2.58617518512e-08, 2.16682085608e-08, 1.05125774752e-08, 7.03161218141e-09, 4.30518198868e-09],
        "median": [0.00710633955896, 0.00887967646122, 0.00166609243024, 0.000951893802267, 0.000340041297022, 0.000111173656478, 0.000237905027461, 0.000173289197846, 0.000105841914774, 4.10715183534e-05, 4.18958334194e-05, 5.15147003171e-05, 3.72331342078e-05, 1.43136630868e-05, 4.11993860325e-05, 1.42594335557e-05, 8.5940984718e-05, 0.000234561623074, 5.15644169354e-05, 6.25587490504e-05, 7.4159434007e-05, 5.45057555428e-05, 2.9816341339e-05, 8.85106328496e-06, 8.10937672213e-06, 3.15618626701e-06, 1.05320521016e-06, 1.09222492028e-06, 9.82440610642e-07, 2.20387437366e-06, 1.46026866332e-06, 4.72414654951e-07, 9.99484726094e-08, 3.11416563648e-08, 3.67655630384e-08, 2.19675762025e-08, 1.78225363356e-08, 8.52754311609e-09, 5.70113867226e-09, 3.29176930158e-09],
        "min": [0.000205343676498, 0.000249061791692, 0.000102496094769, 3.24588254443e-05, 2.39979035541e-05, 5.99267241341e-06, 1.32259556267e-05, 8.02214890427e-06, 6.41806946078e-06, 3.28269788952e-06, 3.41180543728e-06, 3.57347562385e-06, 2.21535333367e-06, 1.03116428818e-06, 1.88287094716e-06, 1.64222979038e-06, 7.28722852728e-06, 8.99950646271e-06, 2.27948498832e-06, 9.20971217511e-07, 1.15612010632e-06, 1.06710183445e-06, 9.73882038124e-07, 2.43022498125e-07, 8.35575448832e-08, 1.05194352784e-07, 8.20351289121e-08, 5.22541476755e-08, 7.41555723494e-08, 2.80498454686e-07, 1.43171703826e-07, 1.85508159944e-08, 1.34294690923e-08, 6.83504630672e-09, 7.17683645846e-09, 5.22613774478e-09, 4.08275768748e-09, 1.87065118951e-09, 1.13281206637e-09, 4.08771572147e-10],
        "var": [2.67244140559e-05, 4.44703364337e-05, 1.5519972294e-06, 2.41724819716e-06, 7.64093726957e-07, 9.36047186428e-08, 3.80403776035e-07, 4.04817171784e-07, 2.30271311352e-07, 5.63205571069e-09, 6.78902489781e-09, 9.33675625703e-09, 1.34411433095e-08, 3.50972112484e-10, 5.54771029115e-09, 1.18426390916e-09, 1.74464585001e-08, 1.44640580402e-07, 5.3524229493e-09, 7.00505875528e-09, 4.73432226755e-09, 2.39171726868e-09, 3.28938920546e-09, 2.00555072549e-10, 3.36971200943e-10, 1.92387338699e-11, 4.51477353766e-12, 5.76637912766e-12, 1.85394733419e-12, 5.86984497467e-12, 4.68793016559e-12, 3.84876028617e-12, 6.6425462136e-14, 4.67298071424e-16, 7.76000340781e-16, 2.54533824166e-16, 2.1156946758e-16, 7.29231310719e-17, 5.09293746573e-17, 3.5246963303e-17]
    },
    "mfcc": {
        "mean": [-640.331115723, 190.071868896, -45.4002418518, 56.3787574768, 22.2679042816, 23.145647049, -8.48508644104, 3.19974422455, 18.560459137, 2.44905257225, 4.19295501709, 8.30907821655, -9.5393409729],
        "cov": [[446.304504395, -32.8190879822, -107.805526733, -30.7708339691, -36.6688537598, -19.0927295685, -19.1026096344, -29.84633255, 0.38880071044, -2.92776179314, -1.35973536968, -20.544549942, 0.672152996063], [-32.8190879822, 176.244934082, 25.9174175262, -31.9006061554, -19.0503749847, -38.7904586792, -29.9313602448, -9.50904083252, -6.78995704651, -0.0876490026712, -3.36578631401, 18.6334266663, 8.88237190247], [-107.805526733, 25.9174175262, 123.676216125, 14.3136663437, -9.87163639069, -11.3402032852, -19.1702404022, 4.2856092453, 6.69171380997, -17.8829574585, -4.81276845932, 14.8730039597, 8.99205589294], [-30.7708339691, -31.9006061554, 14.3136663437, 110.696792603, 34.6280441284, 13.0297174454, -4.28325223923, -7.15178728104, 1.74323236942, -1.79696393013, 3.26891565323, -9.15818500519, -14.4578304291], [-36.6688537598, -19.0503749847, -9.87163639069, 34.6280441284, 89.7717056274, 13.6913309097, 18.3331699371, -3.33665776253, -10.6381158829, 11.144238472, -4.12571001053, -1.72000265121, -7.25806474686], [-19.0927295685, -38.7904586792, -11.3402032852, 13.0297174454, 13.6913309097, 80.0627212524, 24.8883399963, 8.52877616882, 13.5152168274, -11.4298286438, 10.7520151138, -0.102945514023, -10.495508194], [-19.1026096344, -29.9313602448, -19.1702404022, -4.28325223923, 18.3331699371, 24.8883399963, 88.933631897, 26.7407226562, 6.38370084763, 21.468629837, -8.24689102173, 7.16389226913, 4.39524126053], [-29.84633255, -9.50904083252, 4.2856092453, -7.15178728104, -3.33665776253, 8.52877616882, 26.7407226562, 63.8986282349, 10.3389606476, -0.771318435669, 3.59428668022, 2.74956274033, 5.16455316544], [0.38880071044, -6.78995704651, 6.69171380997, 1.74323236942, -10.6381158829, 13.5152168274, 6.38370084763, 10.3389606476, 57.0467681885, 12.0203514099, -1.64240634441, -2.30854487419, -8.81753349304], [-2.92776179314, -0.0876490026712, -17.8829574585, -1.79696393013, 11.144238472, -11.4298286438, 21.468629837, -0.771318435669, 12.0203514099, 71.6171951294, 1.30892765522, -18.24792099, 8.52552700043], [-1.35973536968, -3.36578631401, -4.81276845932, 3.26891565323, -4.12571001053, 10.7520151138, -8.24689102173, 3.59428668022, -1.64240634441, 1.30892765522, 50.457775116, 5.88065481186, 0.648720145226], [-20.544549942, 18.6334266663, 14.8730039597, -9.15818500519, -1.72000265121, -0.102945514023, 7.16389226913, 2.74956274033, -2.30854487419, -18.24792099, 5.88065481186, 69.4805908203, 12.4000120163], [0.672152996063, 8.88237190247, 8.99205589294, -14.4578304291, -7.25806474686, -10.495508194, 4.39524126053, 5.16455316544, -8.81753349304, 8.52552700043, 0.648720145226, 12.4000120163, 53.0556640625]],
