{
"lowlevel": {
    "average_loudness": 0.983713209629,
    "barkbands_crest": {
        "dmean": 3.53200984001,
        "dmean2": 6.14675474167,
        "dvar": 7.06499910355,
        "dvar2": 19.8641777039,
        "max": 23.1801280975,
        "mean": 14.0946407318,
        "median": 14.213886261,
        "min": 3.82932591438,
        "var": 17.5379257202
    },
    "barkbands_flatness_db": {
        "dmean": 0.0315484106541,
        "dmean2": 0.0503123961389,
        "dvar": 0.000659100420307,
        "dvar2": 0.00176867155824,
        "max": 0.453469574451,
        "mean": 0.287567257881,
        "median": 0.284664303064,
        "min": 0.130628839135,
        "var": 0.00337567157112
    },
    "barkbands_kurtosis": {
        "dmean": 7.67640304565,
        "dmean2": 13.1831693649,
        "dvar": 59.3122596741,
        "dvar2": 159.235092163,
        "max": 73.7815628052,
        "mean": 13.8679676056,
        "median": 11.0562953949,
        "min": -1.76199197769,
        "var": 141.404220581
    },
    "barkbands_skewness": {
        "dmean": 0.90571975708,
        "dmean2": 1.56528973579,
        "dvar": 0.549226164818,
        "dvar2": 1.50910508633,
        "max": 7.19524383545,
        "mean": 2.99482822418,
        "median": 2.9689283371,
        "min": -0.760821700096,
        "var": 1.59096586704
    },
    "barkbands_spread": {
        "dmean": 3.64356803894,
        "dmean2": 6.25130224228,
        "dvar": 17.6226978302,
        "dvar2": 54.6381416321,
        "max": 35.51014328,
        "mean": 8.23148822784,
        "median": 6.5531129837,
        "min": 1.08226406574,
        "var": 40.8682098389
    },
    "dissonance": {
        "dmean": 0.0239627659321,
        "dmean2": 0.0411512292922,
        "dvar": 0.000386335828807,
        "dvar2": 0.00118486199062,
        "max": 0.499433070421,
        "mean": 0.45949614048,
        "median": 0.463673144579,
        "min": 0.299646615982,
        "var": 0.000606299785431
    },
    "dynamic_complexity": 1.35519492626,
    "erbbands_crest": {
        "dmean": 3.10663509369,
        "dmean2": 5.28906345367,
        "dvar": 8.30152320862,
        "dvar2": 24.8184700012,
        "max": 23.7512741089,
        "mean": 8.72444534302,
        "median": 7.87587165833,
        "min": 3.47765827179,
        "var": 12.5382204056
    },
    "erbbands_flatness_db": {
        "dmean": 0.0149237327278,
        "dmean2": 0.0248045250773,
        "dvar": 0.000169799997821,
        "dvar2": 0.000475212087622,
        "max": 0.322751164436,
        "mean": 0.244289234281,
        "median": 0.242655217648,
        "min": 0.166307747364,
        "var": 0.000491470796987
    },
    "erbbands_kurtosis": {
        "dmean": 0.982551932335,
        "dmean2": 1.71998333931,
        "dvar": 1.59011876583,
        "dvar2": 4.39276170731,
        "max": 7.96438121796,
        "mean": -0.272509604692,
        "median": -0.835361003876,
        "min": -1.84276425838,
        "var": 2.62684488297
    },
    "erbbands_skewness": {
        "dmean": 0.515614211559,
        "dmean2": 0.880178570747,
        "dvar": 0.198881596327,
        "dvar2": 0.604773342609,
        "max": 2.50266432762,
        "mean": 0.408172130585,
        "median": 0.377560555935,
        "min": -2.83152723312,
        "var": 0.588999986649
    },
    "erbbands_spread": {
        "dmean": 8.48241615295,
        "dmean2": 14.6498260498,
        "dvar": 48.4124031067,
        "dvar2": 146.835830688,
        "max": 61.9794158936,
        "mean": 36.7695007324,
        "median": 37.4428672791,
        "min": 8.17423915863,
        "var": 107.86013031
    },
    "hfc": {
        "dmean": 3.91478681564,
        "dmean2": 6.30920219421,
        "dvar": 29.2011966705,
        "dvar2": 67.3195877075,
        "max": 115.201370239,
        "mean": 14.4789047241,
        "median": 11.0785036087,
        "min": 0.243698835373,
        "var": 114.999183655
    },
    "melbands_crest": {
        "dmean": 3.93204808235,
        "dmean2": 6.70942020416,
        "dvar": 10.0054149628,
        "dvar2": 28.2391586304,
        "max": 31.3121643066,
        "mean": 19.5136032104,
        "median": 19.8986339569,
        "min": 6.3723988533,
        "var": 25.9555702209
    },
    "melbands_flatness_db": {
        "dmean": 0.0373562574387,
        "dmean2": 0.0592805445194,
        "dvar": 0.000943895778619,
        "dvar2": 0.00252427440137,
        "max": 0.568001508713,
        "mean": 0.395666658878,
        "median": 0.397677302361,
        "min": 0.147712722421,
        "var": 0.0052879746072
    },
    "melbands_kurtosis": {
        "dmean": 16.2639350891,
        "dmean2": 28.0004787445,
        "dvar": 246.366760254,
        "dvar2": 638.344360352,
        "max": 142.217285156,
        "mean": 32.1432609558,
        "median": 27.3269481659,
        "min": -1.49463510513,
        "var": 580.633544922
    },
    "melbands_skewness": {
        "dmean": 1.20901429653,
        "dmean2": 2.07687020302,
        "dvar": 0.96969807148,
        "dvar2": 2.70262479782,
        "max": 9.76042175293,
        "mean": 4.30836248398,
        "median": 4.24861860275,
        "min": 0.188965320587,
        "var": 2.63076901436
    },
    "melbands_spread": {
        "dmean": 3.65871524811,
        "dmean2": 6.22941303253,
        "dvar": 26.5785617828,
        "dvar2": 81.740562439,
        "max": 59.7802658081,
        "mean": 7.33204317093,
        "median": 5.01556062698,
        "min": 0.965562582016,
        "var": 52.8927001953
    },
    "pitch_salience": {
        "dmean": 0.102812081575,
        "dmean2": 0.180491417646,
        "dvar": 0.00650760810822,
        "dvar2": 0.0187813322991,
        "max": 0.783365309238,
        "mean": 0.435341536999,
        "median": 0.42675358057,
        "min": 0.132627204061,
        "var": 0.0149784944952
    },
    "silence_rate_20dB": {
        "dmean": 0,
        "dmean2": 0,
        "dvar": 0,
        "dvar2": 0,
        "max": 1,
        "mean": 1,
        "median": 1,
        "min": 1,
        "var": 0
    },
    "silence_rate_30dB": {
        "dmean": 0.00430107535794,
        "dmean2": 0.00861140992492,
        "dvar": 0.00428263098001,
        "dvar2": 0.0106902355328,
        "max": 1,
        "mean": 0.995703518391,
        "median": 1,
        "min": 0,
        "var": 0.00427793897688
    },
    "silence_rate_60dB": {
        "dmean": 0,
        "dmean2": 0,
        "dvar": 0,
        "dvar2": 0,
        "max": 0,
        "mean": 0,
        "median": 0,
        "min": 0,
        "var": 0
    },
    "spectral_centroid": {
        "dmean": 179.222229004,
        "dmean2": 299.791137695,
        "dvar": 35498.1992188,
        "dvar2": 105781.242188,
        "max": 2021.05090332,
        "mean": 580.622497559,
        "median": 508.346038818,
        "min": 179.258422852,
        "var": 97374.1796875
    },
    "spectral_complexity": {
        "dmean": 3.10752677917,
        "dmean2": 4.94725513458,
        "dvar": 7.05726623535,
        "dvar2": 16.4397354126,
        "max": 41,
        "mean": 16.006444931,
        "median": 15,
        "min": 1,
        "var": 46.3329658508
    },
    "spectral_decrease": {
        "dmean": 4.82308104566e-09,
        "dmean2": 8.23979995346e-09,
        "dvar": 1.37071354844e-17,
        "dvar2": 3.95616167874e-17,
        "max": -5.75678116288e-10,
        "mean": -1.53053054675e-08,
        "median": -1.54848898148e-08,
        "min": -2.89590378344e-08,
        "var": 2.58491575686e-17
    },
    "spectral_energy": {
        "dmean": 0.0183640159667,
        "dmean2": 0.0313308909535,
        "dvar": 0.000197965186089,
        "dvar2": 0.000570760923438,
        "max": 0.110588878393,
        "mean": 0.0590788982809,
        "median": 0.0598179660738,
        "min": 0.00219484255649,
        "var": 0.000377709482564
    },
    "spectral_energyband_high": {
        "dmean": 1.13435153253e-05,
        "dmean2": 1.81353480002e-05,
        "dvar": 1.00427588468e-09,
        "dvar2": 1.86540649594e-09,
        "max": 0.000809101446066,
        "mean": 2.02503215405e-05,
        "median": 7.11081520421e-06,
        "min": 5.0429281373e-07,
        "var": 2.65872412974e-09
    },
    "spectral_energyband_low": {
        "dmean": 0.0178527161479,
        "dmean2": 0.0305789262056,
        "dvar": 0.000199586123927,
        "dvar2": 0.000587526184972,
        "max": 0.101264983416,
        "mean": 0.0407601185143,
        "median": 0.0400453135371,
        "min": 0.00127982185222,
        "var": 0.000436197500676
    },
    "spectral_energyband_middle_high": {
        "dmean": 0.00151758268476,
        "dmean2": 0.00243192422204,
        "dvar": 7.04694775777e-06,
        "dvar2": 1.77227793756e-05,
        "max": 0.0513371005654,
        "mean": 0.0032078102231,
        "median": 0.00170008465648,
        "min": 1.87517816812e-05,
        "var": 2.37623771682e-05
    },
    "spectral_energyband_middle_low": {
        "dmean": 0.00667307758704,
        "dmean2": 0.0113975740969,
        "dvar": 5.41147928743e-05,
        "dvar2": 0.000167690799572,
        "max": 0.0881430879235,
        "mean": 0.0164488274604,
        "median": 0.0130401300266,
        "min": 0.000493020459544,
        "var": 0.000137762806844
    },
    "spectral_entropy": {
        "dmean": 0.1943885535,
        "dmean2": 0.305673032999,
        "dvar": 0.0275827087462,
        "dvar2": 0.0719491243362,
        "max": 7.57318544388,
        "mean": 6.72327184677,
        "median": 6.78209209442,
        "min": 5.44846820831,
        "var": 0.135233283043
    },
    "spectral_flux": {
        "dmean": 0.0322388075292,
        "dmean2": 0.052729960531,
        "dvar": 0.000686494051479,
        "dvar2": 0.00187798705883,
        "max": 0.241077125072,
        "mean": 0.119209386408,
        "median": 0.115559794009,
        "min": 0.032895706594,
        "var": 0.00156782777049
    },
    "spectral_kurtosis": {
        "dmean": 8.53060722351,
        "dmean2": 14.9639606476,
        "dvar": 54.246925354,
        "dvar2": 155.761001587,
        "max": 60.4805107117,
        "mean": 14.7924013138,
        "median": 12.715669632,
        "min": 0.979942321777,
        "var": 92.3497314453
    },
    "spectral_rms": {
        "dmean": 0.00122660654597,
        "dmean2": 0.00208023702726,
        "dvar": 9.49975799358e-07,
        "dvar2": 2.62558364739e-06,
        "max": 0.0103870872408,
        "mean": 0.0074763330631,
        "median": 0.00763930566609,
        "min": 0.00146332150325,
        "var": 1.74237948158e-06
    },
    "spectral_rolloff": {
        "dmean": 213.270950317,
        "dmean2": 384.977844238,
        "dvar": 130466.726562,
        "dvar2": 372016.96875,
        "max": 2325.5859375,
        "mean": 399.972259521,
        "median": 236.865234375,
        "min": 86.1328125,
        "var": 199531.546875
    },
    "spectral_skewness": {
        "dmean": 0.661363065243,
        "dmean2": 1.15536499023,
        "dvar": 0.310368537903,
        "dvar2": 0.883493542671,
        "max": 5.53502702713,
        "mean": 2.24847173691,
        "median": 2.07811021805,
        "min": 0.455671072006,
        "var": 0.667075037956
    },
    "spectral_spread": {
        "dmean": 209746.6875,
        "dmean2": 350814,
        "dvar": 169900539904,
        "dvar2": 150796500992,
        "max": 16244624,
        "mean": 1822423.875,
        "median": 1785887.5,
        "min": 1103083.125,
        "var": 296617639936
    },
    "spectral_strongpeak": {
        "dmean": 0.341337442398,
        "dmean2": 0.596885204315,
        "dvar": 0.443019211292,
        "dvar2": 1.25442564487,
        "max": 11.786272049,
        "mean": 0.732626855373,
        "median": 0.627238571644,
        "min": 0,
        "var": 0.380102008581
    },
    "zerocrossingrate": {
        "dmean": 0.00386739755049,
        "dmean2": 0.00499108573422,
        "dvar": 1.41205528053e-05,
        "dvar2": 2.24309114856e-05,
        "max": 0.08544921875,
        "mean": 0.0177858155221,
        "median": 0.0146484375,
        "min": 0.0029296875,
        "var": 0.000113578265882
    },
    "barkbands": {
        "dmean": [7.48234742787e-05, 0.0128921214491, 0.00901013519615, 0.00203415611759, 0.00450285384431, 0.00106806133408, 0.0023605634924, 0.00061054492835, 0.000417369912611, 0.000299747975077, 0.000238331966102, 6.46372573101e-05, 5.75230515096e-05, 0.000313120079227, 0.000202532843105, 0.000722209806554, 0.000283225206658, 0.000103243786725, 3.50863338099e-05, 7.4753802437e-06, 5.74459545533e-06, 1.83675410881e-06, 2.21107086418e-07, 3.14474760899e-07, 4.73270560519e-08, 1.2455033449e-08, 4.43680425732e-09],
        "dmean2": [0.000121277087601, 0.0221881754696, 0.0152921034023, 0.0035974655766, 0.00795795209706, 0.00185439933557, 0.00422176206484, 0.00105442653876, 0.000715979083907, 0.000462801457616, 0.000419756746851, 0.000112820547656, 9.58857344813e-05, 0.000518410233781, 0.000343555264408, 0.00129905599169, 0.000480458489619, 0.000176403656951, 5.68058130739e-05, 1.19836513477e-05, 9.3874787126e-06, 2.81914230982e-06, 3.44662083762e-07, 4.72559094078e-07, 6.99537636706e-08, 1.86669470992e-08, 7.19364745549e-09],
        "dvar": [1.57510076093e-08, 0.000132939952891, 8.05321906228e-05, 5.7028610172e-06, 3.32175259246e-05, 2.42886176238e-06, 2.49325676123e-05, 7.56220515541e-07, 1.10251232854e-06, 6.50312017569e-07, 3.99505807991e-07, 2.34754757855e-08, 1.34195596857e-08, 3.19301562968e-07, 1.6095837907e-07, 3.51670610144e-06, 3.61279262506e-07, 5.36793045569e-08, 6.91145540799e-09, 3.94054372466e-10, 2.05722883173e-10, 2.73378906318e-11, 3.02339316777e-13, 1.31887415485e-12, 2.90042478695e-14, 1.08691521902e-15, 2.97761793287e-17],
        "dvar2": [3.69131889499e-08, 0.000368692504708, 0.000259440013906, 1.70783550857e-05, 0.000105704391899, 6.74366856401e-06, 7.55565561121e-05, 2.22602307076e-06, 3.06803076455e-06, 9.63143520494e-07, 1.16276430617e-06, 7.14688965786e-08, 3.68613086721e-08, 8.0485710896e-07, 4.10676875617e-07, 1.05797453216e-05, 9.35290643156e-07, 1.51701840423e-07, 1.53461066077e-08, 7.62864216242e-10, 4.74787043014e-10, 4.27726187802e-11, 5.06127800261e-13, 2.60478487737e-12, 4.65186022298e-14, 1.72977500362e-15, 6.3200628823e-17],
        "max": [0.00199473300017, 0.0741025954485, 0.082880884409, 0.0384339392185, 0.0816629305482, 0.0190305393189, 0.0576016716659, 0.010104120709, 0.0225680954754, 0.0243417993188, 0.00984223280102, 0.00209671072662, 0.00195103720762, 0.0099920053035, 0.00797177571803, 0.0244250074029, 0.00879451259971, 0.00317429052666, 0.00160855171271, 0.000467327306978, 0.000271189637715, 0.000144443591125, 1.55574034579e-05, 3.29291578964e-05, 4.77967887491e-06, 8.73233148013e-07, 1.25495446923e-07],
        "mean": [0.000152226988575, 0.024237902835, 0.0151248713955, 0.0029376684688, 0.00751410471275, 0.00160067551769, 0.00272997934371, 0.000864968344104, 0.000599502352998, 0.000464351294795, 0.000301197258523, 9.67397645582e-05, 9.58435775829e-05, 0.000449604674941, 0.00031755771488, 0.000900920887943, 0.000461408635601, 0.000152590087964, 5.07221993757e-05, 1.26082350107e-05, 9.531174328e-06, 3.06464744426e-06, 3.78383674615e-07, 4.81464496715e-07, 8.1692505205e-08, 2.3182625597e-08, 2.21719087534e-08],
        "median": [5.11570979143e-05, 0.0215122140944, 0.010345091112, 0.0017613817472, 0.00541958771646, 0.000835376617033, 0.00111521105282, 0.000486056378577, 0.000319774757372, 0.000151109226863, 0.000116276634799, 4.08647138102e-05, 4.60175433545e-05, 0.000216260159505, 0.000130430271383, 0.00031671236502, 0.000196085689822, 6.01534011366e-05, 1.60603449331e-05, 3.710691999e-06, 3.52450751961e-06, 9.77857212092e-07, 1.93628224565e-07, 1.46774411292e-07, 2.99623330591e-08, 1.07125393001e-08, 1.81850499104e-08],
        "min": [1.17523939025e-07, 0.000110077366116, 4.40043804701e-05, 1.9132894522e-05, 0.000131052162033, 1.56364258146e-05, 1.5938778688e-06, 1.40751330946e-06, 5.43763633232e-07, 8.30634746762e-07, 7.79271147167e-07, 1.15033935799e-06, 2.08032020055e-06, 3.12227280119e-06, 2.87903026219e-06, 3.70759312318e-06, 1.49003903971e-06, 2.31568023423e-07, 1.59889950169e-07, 8.67824283546e-08, 6.97960871321e-08, 7.68821735164e-08, 1.74958767474e-08, 1.0572681397e-08, 3.99477517732e-09, 9.81394077115e-10, 7.09157443879e-09],
        "var": [7.9796478758e-08, 0.000290591502562, 0.000208909375942, 1.33379317049e-05, 6.43614330329e-05, 4.87169018015e-06, 2.26241099881e-05, 1.09779875856e-06, 1.23837014598e-06, 2.21344066631e-06, 4.52639085324e-07, 3.17158637131e-08, 3.39885062317e-08, 5.47817990082e-07, 3.15655739769e-07, 3.62441505786e-06, 8.60313548401e-07, 8.30000530527e-08, 1.41634748374e-08, 1.00945307668e-09, 4.40095820897e-10, 7.35043761968e-11, 7.02985412937e-13, 2.63249621754e-12, 6.37509251118e-14, 3.00520026378e-15, 2.0530512954e-16]
    },
    "erbbands": {
        "dmean": [0.198436126113, 3.50580978394, 10.6274433136, 5.80501461029, 13.085067749, 18.0965480804, 9.66620254517, 8.7155008316, 19.1636390686, 35.7383232117, 13.8989095688, 9.1214466095, 11.465842247, 10.1339035034, 5.18481636047, 1.90543031693, 2.79009819031, 8.98359584808, 16.2821273804, 20.1669464111, 36.4111213684, 14.6627397537, 5.75455617905, 4.22439289093, 0.759301841259, 0.375135958195, 0.271223813295, 0.187559843063, 0.0826586708426, 0.0110961310565, 0.00777159910649, 0.00873287580907, 0.00322301103733, 0.000869030074682, 0.000159771239851, 7.78084649937e-05, 2.1050176656e-05, 2.94449318972e-06, 8.00296766101e-06, 1.98504603759e-05],
        "dmean2": [0.335402011871, 6.01679706573, 17.760887146, 10.2704486847, 23.3681240082, 32.0646438599, 17.0738716125, 14.9066820145, 34.4624252319, 63.0007247925, 23.8205833435, 15.4490060806, 18.8394851685, 17.3272895813, 8.92432308197, 3.24791049957, 4.68443775177, 14.9865293503, 27.4780960083, 35.4789543152, 64.7719802856, 24.7954978943, 9.64091682434, 7.044049263, 1.1955229044, 0.587622463703, 0.450873672962, 0.295108497143, 0.124026037753, 0.0174566581845, 0.0120595898479, 0.0135636311024, 0.00483201118186, 0.00125133083202, 0.000242429654463, 0.000116340823297, 3.21731931763e-05, 4.82035011373e-06, 1.35432837851e-05, 3.37765231961e-05],
        "dvar": [0.0412998870015, 9.35128116608, 87.6589584351, 52.567035675, 315.014251709, 481.185791016, 119.115226746, 205.223510742, 2182.68945312, 5101.95019531, 427.342803955, 498.805541992, 750.84362793, 987.406311035, 125.990013123, 12.4648370743, 32.8321037292, 335.558959961, 790.907714844, 6664.421875, 6492.87304688, 952.281616211, 166.170547485, 92.0234832764, 3.85221648216, 1.17946910858, 0.487837404013, 0.232783526182, 0.0663410872221, 0.000757505826186, 0.000373026414309, 0.00103299913462, 0.000137929600896, 1.00420775198e-05, 2.77407110616e-07, 4.88355560435e-08, 2.51827803055e-09, 2.90382023982e-11, 3.76316998396e-11, 2.29944799313e-10],
        "dvar2": [0.109190799296, 25.9664154053, 268.082427979, 162.966842651, 1063.98791504, 1402.86486816, 345.04486084, 537.84173584, 6491.97265625, 15512.4912109, 1227.50048828, 1412.39038086, 1564.43383789, 2926.30908203, 378.398498535, 34.2813987732, 91.6899642944, 812.540893555, 1988.38598633, 19924.5976562, 19934.0195312, 2236.39550781, 414.406433105, 235.85395813, 9.12592887878, 2.41738510132, 1.19600224495, 0.437866121531, 0.117239877582, 0.00142746441998, 0.000626113731414, 0.00206749956124, 0.000265912589384, 1.54165354616e-05, 4.64706914727e-07, 6.93888324577e-08, 4.86343587625e-09, 6.97609817135e-11, 1.06941594469e-10, 6.61563581694e-10],
        "max": [2.14332294464, 18.8236713409, 89.7767410278, 82.6345748901, 245.565948486, 210.074523926, 136.424514771, 212.85218811, 870.299560547, 756.616882324, 283.033355713, 459.778930664, 577.178955078, 716.460632324, 138.029830933, 52.6731567383, 97.622467041, 327.429199219, 484.800445557, 1492.13696289, 1077.88000488, 550.154968262, 241.649002075, 148.041641235, 40.9962463379, 26.9637145996, 13.4075450897, 11.481926918, 7.78954219818, 0.795291423798, 0.518777430058, 0.892459928989, 0.347919762135, 0.0916546955705, 0.0154734384269, 0.00656844163314, 0.00109234813135, 0.000121819626656, 5.45138100279e-05, 0.000120154167234],
        "mean": [0.339469045401, 6.59134912491, 19.7288227081, 11.4555416107, 19.9617729187, 26.4775047302, 15.1073856354, 13.3334531784, 23.785774231, 41.9871864319, 20.3889713287, 13.5750837326, 17.3264541626, 13.8710155487, 7.86081504822, 3.512362957, 4.80937814713, 13.7526636124, 25.9483165741, 27.7148666382, 45.7035522461, 25.2696037292, 9.90146064758, 5.92711687088, 1.27537703514, 0.607614159584, 0.436384320259, 0.325550228357, 0.138132184744, 0.0190854892135, 0.0131774144247, 0.0134134618565, 0.00506472494453, 0.00146924017463, 0.000353803916369, 0.00017406968982, 4.77574576507e-05, 8.40465781948e-06, 2.96119233099e-05, 6.54973191558e-05],
        "median": [0.245950087905, 5.77385902405, 16.5937538147, 6.91614580154, 13.0718250275, 16.8248844147, 11.326918602, 6.67663478851, 12.0086936951, 16.1348953247, 12.0630130768, 7.54113817215, 6.37344408035, 6.01526546478, 3.15027737617, 1.67924273014, 2.39790463448, 6.33398151398, 11.9873409271, 10.8301820755, 16.6131439209, 11.0651044846, 4.4820394516, 2.04429364204, 0.413796693087, 0.174411773682, 0.150762990117, 0.112299986184, 0.0460233576596, 0.00916583277285, 0.00629311520606, 0.00423706695437, 0.00165529816877, 0.000507964519784, 0.000192672232515, 9.6163363196e-05, 2.84983161691e-05, 6.47619435767e-06, 2.99902112602e-05, 6.63003520458e-05],
        "min": [0.00496708415449, 0.0804473981261, 0.403459995985, 0.3112205863, 0.840868413448, 0.594799041748, 0.387809187174, 0.0847873389721, 0.0273595210165, 0.0267167817801, 0.0260092522949, 0.00991536490619, 0.0244064517319, 0.0345947705209, 0.0380540974438, 0.0806507617235, 0.0979663878679, 0.14166200161, 0.205835878849, 0.209039479494, 0.164357706904, 0.0867204368114, 0.0149253662676, 0.0144006572664, 0.00409150030464, 0.00439817737788, 0.00254238629714, 0.00353785394691, 0.0034411191009, 0.000940741971135, 0.000494693696965, 0.000368383596651, 0.000136580463732, 7.3803239502e-05, 3.95799615944e-05, 2.76961200143e-05, 7.51756351747e-06, 2.87766511065e-06, 8.0317749962e-06, 3.46339834323e-06],
        "var": [0.0985574051738, 20.9644355774, 230.662994385, 141.477416992, 547.75970459, 815.594360352, 184.404769897, 448.586425781, 1848.18652344, 5160.53173828, 649.753967285, 610.962646484, 2099.94702148, 1203.2746582, 206.322601318, 25.7584075928, 82.4264144897, 629.033203125, 1773.15856934, 5400.82861328, 7095.4453125, 2368.1640625, 343.981933594, 155.956207275, 8.20265483856, 2.64254546165, 0.985186576843, 0.607284605503, 0.15757791698, 0.0017272173427, 0.000918164907489, 0.00199683010578, 0.000273253332125, 2.28928547585e-05, 6.25520328867e-07, 1.35320917138e-07, 6.44502540226e-09, 4.9949579195e-11, 7.38457975324e-11, 4.46788855912e-10]
    },
    "gfcc": {
        "mean": [-71.8966217041, 210.152282715, -122.534194946, 34.1230354309, -7.06355333328, -16.8915920258, -25.0909347534, -2.49955368042, 9.19269371033, -14.6249094009, -11.7399692535, -13.5968513489, 2.42864704132],
        "cov": [[1516.44494629, -350.227020264, -768.462524414, 20.7374973297, -324.100708008, -15.1330270767, -67.0304412842, 92.6093444824, -60.7353057861, 27.4059619904, 11.1035804749, -23.9640617371, 22.8993301392], [-350.227020264, 217.337982178, 204.34967041, -57.2334709167, 87.1192626953, -37.2242507935, 35.6892852783, -29.7711715698, 37.5510787964, 1.8031026125, 12.1929349899, 5.70440244675, -3.69060325623], [-768.462524414, 204.34967041, 564.286804199, 10.8644351959, 154.987838745, 0.0673276856542, 14.2518196106, -65.7141418457, 20.7147369385, -6.00376272202, 3.74797105789, 22.1791114807, -12.0248632431], [20.7374973297, -57.2334709167, 10.8644351959, 87.2402267456, 19.8310546875, 4.33005809784, -10.2114992142, -10.9059925079, -10.4612188339, 1.03212225437, 0.164711326361, -4.87979269028, -1.78452408314], [-324.100708008, 87.1192626953, 154.987838745, 19.8310546875, 159.155639648, 15.7219715118, 15.8526611328, -26.8082561493, 17.7905521393, -4.89029884338, -3.67386078835, 1.30700445175, -4.57832241058], [-15.1330270767, -37.2242507935, 0.0673276856542, 4.33005809784, 15.7219715118, 68.5642852783, 26.6748123169, 19.7467784882, 5.94374895096, -3.71267056465, -6.50658464432, -1.27253139019, 10.5288963318], [-67.0304412842, 35.6892852783, 14.2518196106, -10.2114992142, 15.8526611328, 26.6748123169, 94.4638748169, 44.679561615, 27.5353450775, 7.59010744095, 5.28035736084, 2.79211330414, 12.1608848572], [92.6093444824, -29.7711715698, -65.7141418457, -10.9059925079, -26.8082561493, 19.7467784882, 44.679561615, 82.0711517334, 31.2438144684, 9.65262126923, 9.07925796509, -2.73358106613, 7.46000242233], [-60.7353057861, 37.5510787964, 20.7147369385, -10.4612188339, 17.7905521393, 5.94374895096, 27.5353450775, 31.2438144684, 61.5259819031, 25.5112895966, 7.85660171509, -3.84287905693, 0.880985975266], [27.4059619904, 1.8031026125, -6.00376272202, 1.03212225437, -4.89029884338, -3.71267056465, 7.59010744095, 9.65262126923, 25.5112895966, 55.5299949646, 24.7485256195, -0.795414984226, -2.14241552353], [11.1035804749, 12.1929349899, 3.74797105789, 0.164711326361, -3.67386078835, -6.50658464432, 5.28035736084, 9.07925796509, 7.85660171509, 24.7485256195, 43.0722084045, 11.8461513519, -0.957635700703], [-23.9640617371, 5.70440244675, 22.1791114807, -4.87979269028, 1.30700445175, -1.27253139019, 2.79211330414, -2.73358106613, -3.84287905693, -0.795414984226, 11.8461513519, 40.6895523071, 20.0159664154], [22.8993301392, -3.69060325623, -12.0248632431, -1.78452408314, -4.57832241058, 10.5288963318, 12.1608848572, 7.46000242233, 0.880985975266, -2.14241552353, -0.957635700703, 20.0159664154, 41.8181419373]],
        "icov": [[0.00350930402055, -0.00227805203758, 0.00408573029563, -0.00327175483108, 0.00382110453211, -0.00172916101292, 0.00289729586802, -0.00277792173438, 0.00306352064945, -0.00263044447638, 0.000781177717727, -0.000536404142622, -0.000505425210577], [-0.00227805203758, 0.0362650081515, -0.0100070210174, 0.0257132314146, -0.0131775056943, 0.0246914699674, -0.0190694760531, 0.0202279668301, -0.0198099631816, 0.0144329471514, -0.0168483145535, 0.0136229544878, -0.00880437996238], [0.00408573029563, -0.0100070210174, 0.00911786779761, -0.00878414511681, 0.00475475564599, -0.00700995000079, 0.00603457121179, -0.00460546975955, 0.00569598004222, -0.00496579287574, 0.00395381264389, -0.00538328383118, 0.00277155218646], [-0.00327175483108, 0.0257132314146, -0.00878414511681, 0.0317502245307, -0.0130655569956, 0.016611630097, -0.0128703350201, 0.014630863443, -0.0114061888307, 0.00915203522891, -0.012544686906, 0.0120306266472, -0.00692676752806], [0.00382110453211, -0.0131775056943, 0.00475475564599, -0.0130655569956, 0.0178600605577, -0.0115806451067, 0.00628203572705, -0.00378970685415, 0.00375785399228, -0.00406035361812, 0.00514476606622, -0.00451029930264, 0.00326407793909], [-0.00172916101292, 0.0246914699674, -0.00700995000079, 0.016611630097, -0.0115806451067, 0.0352687053382, -0.0162393413484, 0.0094349924475, -0.011237195693, 0.00956517923623, -0.00836727768183, 0.0110611254349, -0.0100484397262], [0.00289729586802, -0.0190694760531, 0.00603457121179, -0.0128703350201, 0.00628203572705, -0.0162393413484, 0.0281433742493, -0.0204111151397, 0.0101272342727, -0.0091850599274, 0.00834377575666, -0.00649395631626, 0.000765422359109], [-0.00277792173438, 0.0202279668301, -0.00460546975955, 0.014630863443, -0.00378970685415, 0.0094349924475, -0.0204111151397, 0.0386850573123, -0.0248260349035, 0.0146438740194, -0.0156563818455, 0.00892640277743, -0.0045073274523], [0.00306352064945, -0.0198099631816, 0.00569598004222, -0.0114061888307, 0.00375785399228, -0.011237195693, 0.0101272342727, -0.0248260349035, 0.0432532168925, -0.0235761553049, 0.0139538357034, -0.00455731572583, 0.00283149676397], [-0.00263044447638, 0.0144329471514, -0.00496579287574, 0.00915203522891, -0.00406035361812, 0.00956517923623, -0.0091850599274, 0.0146438740194, -0.0235761553049, 0.0390058979392, -0.0248207803816, 0.00999200250953, -0.00397330615669], [0.000781177717727, -0.0168483145535, 0.00395381264389, -0.012544686906, 0.00514476606622, -0.00836727768183, 0.00834377575666, -0.0156563818455, 0.0139538357034, -0.0248207803816, 0.0467661134899, -0.0212882813066, 0.011418281123], [-0.000536404142622, 0.0136229544878, -0.00538328383118, 0.0120306266472, -0.00451029930264, 0.0110611254349, -0.00649395631626, 0.00892640277743, -0.00455731572583, 0.00999200250953, -0.0212882813066, 0.0463117845356, -0.0245676487684], [-0.000505425210577, -0.00880437996238, 0.00277155218646, -0.00692676752806, 0.00326407793909, -0.0100484397262, 0.000765422359109, -0.0045073274523, 0.00283149676397, -0.00397330615669, 0.011418281123, -0.0245676487684, 0.0391404107213]]
    },
    "melbands": {
        "dmean": [0.00270110438578, 0.00495093222708, 0.00110295473132, 0.00117476703599, 0.000401143362978, 0.000192022329429, 0.000364207779057, 0.000327756948536, 0.000104438433482, 5.89079536439e-05, 5.84825902479e-05, 4.02536679758e-05, 2.46312083618e-05, 7.75302123657e-06, 6.49930825602e-06, 4.46832655143e-06, 2.04825246328e-05, 3.24023276335e-05, 1.68877231772e-05, 4.67751851829e-05, 4.06628059864e-05, 1.61282205227e-05, 9.08359106688e-06, 4.84157772007e-06, 3.51568860424e-06, 7.77935554197e-07, 2.75851618881e-07, 2.60305199618e-07, 1.62894352229e-07, 1.82571440632e-07, 9.4866400957e-08, 5.96264797537e-08, 1.27498616109e-08, 3.97932886642e-09, 4.8905395289e-09, 3.84324660985e-09, 6.16342354931e-09, 2.72104161425e-09, 1.1043065351e-09, 5.93574911445e-10],
        "dmean2": [0.00464272452518, 0.00834978558123, 0.00193295779172, 0.00208268081769, 0.000701083743479, 0.000327405141434, 0.000654327857774, 0.00057756411843, 0.000177737281774, 0.000100817967905, 9.61965779425e-05, 6.81753808749e-05, 4.32478445873e-05, 1.34235669975e-05, 1.10625433081e-05, 7.49188257032e-06, 3.43821811839e-05, 5.45099392184e-05, 2.88182891381e-05, 8.37349580252e-05, 7.23975608707e-05, 2.69693209702e-05, 1.54386616487e-05, 8.33470676298e-06, 5.91077196077e-06, 1.2568729062e-06, 4.52370926496e-07, 4.19951760477e-07, 2.74710146186e-07, 3.08303327756e-07, 1.49116075931e-07, 9.082498309e-08, 2.00965448727e-08, 6.59857368746e-09, 7.68016761299e-09, 5.97268812186e-09, 9.73093694512e-09, 4.18627532639e-09, 1.71704905849e-09, 8.62918236866e-10],
        "dvar": [6.17574505668e-06, 1.68248443515e-05, 1.38649420478e-06, 2.41740804086e-06, 1.81992703574e-07, 9.15658375789e-08, 6.76044180636e-07, 3.98964914439e-07, 2.64151474028e-08, 2.43260949162e-08, 2.05347685522e-08, 1.52382106933e-08, 3.40249206587e-09, 3.32470578845e-10, 1.71166081309e-10, 6.97527244298e-11, 1.79277293011e-09, 3.23740123598e-09, 2.51170306775e-09, 2.52180267779e-08, 8.02626409779e-09, 1.13373965771e-09, 4.75755990159e-10, 1.19237134055e-10, 6.51368681215e-11, 3.98310637945e-12, 5.5811952282e-13, 6.62619861324e-13, 1.89134325606e-13, 2.25046462585e-13, 6.91738604331e-14, 3.39527363202e-14, 1.42821391022e-15, 7.83244947404e-17, 1.44321616074e-16, 1.5016430376e-16, 4.84462082369e-16, 1.06830905507e-16, 1.18054580094e-17, 5.62161746381e-18],
        "dvar2": [1.69225659192e-05, 4.96859393024e-05, 4.28704152e-06, 7.70784026827e-06, 5.17335706718e-07, 2.44780352432e-07, 2.02836895369e-06, 1.21427888189e-06, 7.53379509888e-08, 6.79384442037e-08, 4.13944611921e-08, 4.41907523907e-08, 1.01300186017e-08, 1.00426267302e-09, 4.73582728588e-10, 1.90560886515e-10, 4.34526770121e-09, 8.29351964882e-09, 6.83951384417e-09, 7.76992692408e-08, 2.4458250536e-08, 2.79460432573e-09, 1.20133236692e-09, 3.4194100329e-10, 1.65013863684e-10, 9.1506273045e-12, 1.4222051271e-12, 1.32393770426e-12, 4.89631013685e-13, 5.69128132209e-13, 1.24004647696e-13, 5.83438801286e-14, 3.3947757037e-15, 1.62686653564e-16, 2.58664909729e-16, 3.01613080045e-16, 9.65693792835e-16, 2.26749581779e-16, 2.0124152868e-17, 8.77417276387e-18],
        "max": [0.0198815818876, 0.033266171813, 0.0163408145308, 0.0213837996125, 0.00471239164472, 0.00414845114574, 0.0130442557856, 0.00671720644459, 0.00226693484001, 0.00337954796851, 0.0031596722547, 0.00283166277222, 0.000797879125457, 0.000269513868261, 0.000186122386367, 0.000121127661259, 0.000724660116248, 0.000966365274508, 0.00109608995263, 0.00243636430241, 0.00117573048919, 0.000580604595598, 0.000334556621965, 0.000154509165441, 0.000117810632219, 4.93307816214e-05, 1.15147740871e-05, 2.04404586839e-05, 9.69883967628e-06, 7.66809989727e-06, 6.45563795842e-06, 5.43405531062e-06, 9.85131464404e-07, 2.3539453764e-07, 3.05018971858e-07, 3.64485771343e-07, 5.67235417748e-07, 2.91365978455e-07, 9.01379664242e-08, 6.96376787346e-08],
        "mean": [0.00489666033536, 0.0102850897238, 0.00233025639318, 0.00183358020149, 0.000644961546641, 0.000292529002763, 0.000438533257693, 0.000400433520554, 0.000149564264575, 8.28872944112e-05, 8.54787358548e-05, 5.52227938897e-05, 3.38095742336e-05, 1.16605397125e-05, 1.04088921944e-05, 7.35127014195e-06, 2.91831547656e-05, 4.77796274936e-05, 2.51188321272e-05, 5.56964805583e-05, 5.02138937009e-05, 2.72646066151e-05, 1.38953919304e-05, 6.99653901393e-06, 4.68861207992e-06, 1.18243565339e-06, 4.51057047712e-07, 3.90832241237e-07, 2.41954978719e-07, 2.85794328647e-07, 1.57830726266e-07, 9.72199387661e-08, 1.93976905649e-08, 5.9305418354e-09, 7.88320075884e-09, 6.10982686666e-09, 9.13639386368e-09, 3.96693211613e-09, 1.78150094676e-09, 9.33172428219e-10],
        "median": [0.00419546710327, 0.00988498609513, 0.00153827178292, 0.00124591344502, 0.000495492771734, 0.000146582897287, 0.000205963820918, 0.000166290148627, 8.60022555571e-05, 4.32491906395e-05, 2.9828370316e-05, 2.25823096116e-05, 1.28547862914e-05, 4.80189828522e-06, 4.94855203215e-06, 3.79221751245e-06, 1.27541889015e-05, 2.17528959183e-05, 1.02120047814e-05, 1.79514263436e-05, 1.85797816812e-05, 1.12940770123e-05, 6.12133362665e-06, 2.78689026345e-06, 1.48746482864e-06, 3.49359964957e-07, 1.43153940257e-07, 1.06058926974e-07, 7.7989902536e-08, 1.06856184345e-07, 4.89198406228e-08, 3.02768192739e-08, 7.3898012154e-09, 3.09528380704e-09, 3.62956731337e-09, 2.62553045971e-09, 2.59475307907e-09, 1.20190069008e-09, 6.06298011796e-10, 2.8455782175e-10],
        "min": [1.95472221094e-05, 0.000190408085473, 7.21832548152e-05, 4.49696053693e-05, 1.81131017598e-05, 1.95820894078e-06, 3.74639398615e-07, 3.03034681792e-07, 1.79587729576e-07, 6.87460470772e-08, 1.23395537344e-07, 1.37601730898e-07, 1.11087302912e-07, 2.20407628149e-07, 2.62329166389e-07, 1.63489104921e-07, 1.66719885897e-07, 3.86849052347e-07, 2.39217484932e-07, 2.89552417598e-07, 1.73153807737e-07, 1.05420667751e-07, 1.90347702045e-08, 1.04766080256e-08, 1.22467289643e-08, 3.34507554989e-09, 2.55127119431e-09, 2.25720642177e-09, 1.61014479527e-09, 1.35125088896e-09, 2.27411489639e-09, 2.02316918774e-09, 4.37683306265e-10, 3.69278357892e-10, 2.41386244326e-10, 2.40110431537e-10, 1.84257456515e-10, 7.48822115426e-11, 4.11290966562e-11, 2.38342644232e-11],
        "var": [1.26103050206e-05, 4.15888207499e-05, 4.38805727754e-06, 4.40587018602e-06, 2.98323612924e-07, 1.98822007746e-07, 5.87996510149e-07, 4.2059008365e-07, 4.11806517775e-08, 2.59260808377e-08, 5.58827260022e-08, 2.13197441923e-08, 4.60386173629e-09, 5.05669672801e-10, 3.88003518204e-10, 1.49724455056e-10, 3.08251135728e-09, 6.31361629644e-09, 2.72019651248e-09, 2.15524345037e-08, 8.55749604511e-09, 2.9628794973e-09, 8.1939843799e-10, 1.7740112157e-10, 1.06558283031e-10, 8.28913240131e-12, 1.00573477498e-12, 1.39066362592e-12, 3.43484843433e-13, 3.79006152634e-13, 1.75418680233e-13, 8.2063431842e-14, 2.39161573778e-15, 1.40477171754e-16, 3.31270403446e-16, 2.95597160886e-16, 9.40534373203e-16, 1.83826094533e-16, 2.6240018606e-17, 1.21455086505e-17]
    },
    "mfcc": {
        "mean": [-714.14642334, 231.777923584, -27.8777885437, 51.9523353577, 31.8032569885, 2.65812158585, -11.3968238831, 5.59143877029, 18.0466308594, 1.72425627708, 0.556383192539, 4.13466739655, -8.82145118713],
        "cov": [[2033.74499512, -482.635375977, -702.711669922, -42.1018867493, -403.703338623, -136.900100708, -108.028312683, -20.9062213898, -53.724571228, 41.2329978943, -94.4552230835, 49.5651130676, -41.1135787964], [-482.635375977, 277.034515381, 162.497467041, -14.3085184097, 83.5761184692, 6.76008844376, 17.0824356079, -5.53809499741, 19.1178646088, -5.90271282196, 35.3777809143, -12.7004308701, 26.3013553619], [-702.711669922, 162.497467041, 378.830474854, 28.663022995, 127.82421875, 43.9437294006, 26.7094345093, -3.39015817642, -1.82500493526, -24.8902416229, 30.6501998901, -11.0460453033, 8.86584568024], [-42.1018867493, -14.3085184097, 28.663022995, 80.8795852661, 33.3049201965, 9.49962425232, 5.81419467926, -15.5332403183, -8.5261631012, -10.1603212357, 6.46758031845, 4.0280752182, -1.22316503525], [-403.703338623, 83.5761184692, 127.82421875, 33.3049201965, 158.646377563, 49.6149368286, 11.7528820038, -9.37909793854, -4.0123295784, -14.1988525391, 12.2032260895, -12.3308076859, 10.3485488892], [-136.900100708, 6.76008844376, 43.9437294006, 9.49962425232, 49.6149368286, 69.0932159424, 17.2216091156, -1.79693126678, 3.74657130241, -7.8764500618, -2.61828947067, -7.52029180527, 1.64712572098], [-108.028312683, 17.0824356079, 26.7094345093, 5.81419467926, 11.7528820038, 17.2216091156, 61.89503479, 23.8089065552, 12.4461994171, 7.26562213898, 12.7132606506, -4.2114109993, -2.98824167252], [-20.9062213898, -5.53809499741, -3.39015817642, -15.5332403183, -9.37909793854, -1.79693126678, 23.8089065552, 65.9585037231, 31.9323005676, 9.28667545319, 0.0886994227767, -6.10370588303, 0.380844801664], [-53.724571228, 19.1178646088, -1.82500493526, -8.5261631012, -4.0123295784, 3.74657130241, 12.4461994171, 31.9323005676, 71.6031265259, 24.1448707581, 10.0235042572, -0.86900216341, -4.10253810883], [41.2329978943, -5.90271282196, -24.8902416229, -10.1603212357, -14.1988525391, -7.8764500618, 7.26562213898, 9.28667545319, 24.1448707581, 63.2972984314, 32.6130027771, 1.57415044308, -11.5590648651], [-94.4552230835, 35.3777809143, 30.6501998901, 6.46758031845, 12.2032260895, -2.61828947067, 12.7132606506, 0.0886994227767, 10.0235042572, 32.6130027771, 69.7173233032, 17.0534439087, -9.04860973358], [49.5651130676, -12.7004308701, -11.0460453033, 4.0280752182, -12.3308076859, -7.52029180527, -4.2114109993, -6.10370588303, -0.86900216341, 1.57415044308, 17.0534439087, 40.5853271484, 5.71021318436], [-41.1135787964, 26.3013553619, 8.86584568024, -1.22316503525, 10.3485488892, 1.64712572098, -2.98824167252, 0.380844801664, -4.10253810883, -11.5590648651, -9.04860973358, 5.71021318436, 46.2610778809]],
