{
"lowlevel": {
    "average_loudness": 0.980459272861,
    "barkbands_crest": {
        "dmean": 4.15176105499,
        "dmean2": 7.51062679291,
        "dvar": 10.2566785812,
        "dvar2": 31.2772731781,
        "max": 21.3865127563,
        "mean": 11.5156793594,
        "median": 10.8455200195,
        "min": 4.02895593643,
        "var": 13.5271282196
    },
    "barkbands_flatness_db": {
        "dmean": 0.0273571219295,
        "dmean2": 0.047955494374,
        "dvar": 0.000457849237137,
        "dvar2": 0.0012994176941,
        "max": 0.28051379323,
        "mean": 0.18981719017,
        "median": 0.185874402523,
        "min": 0.067632086575,
        "var": 0.00102996034548
    },
    "barkbands_kurtosis": {
        "dmean": 3.45946788788,
        "dmean2": 6.06730699539,
        "dvar": 14.2058105469,
        "dvar2": 37.373588562,
        "max": 34.3509559631,
        "mean": 3.4418091774,
        "median": 2.18511486053,
        "min": -1.83318948746,
        "var": 21.3393974304
    },
    "barkbands_skewness": {
        "dmean": 0.719102323055,
        "dmean2": 1.25952839851,
        "dvar": 0.344212651253,
        "dvar2": 0.923628211021,
        "max": 5.49760437012,
        "mean": 1.9163146019,
        "median": 1.83440673351,
        "min": -0.409608691931,
        "var": 0.818525493145
    },
    "barkbands_spread": {
        "dmean": 5.81862831116,
        "dmean2": 10.0798406601,
        "dvar": 22.8819828033,
        "dvar2": 62.385055542,
        "max": 47.4048614502,
        "mean": 19.9932975769,
        "median": 19.0607433319,
        "min": 3.82100939751,
        "var": 63.7667579651
    },
    "dissonance": {
        "dmean": 0.00801002793014,
        "dmean2": 0.0135184433311,
        "dvar": 7.40787145332e-05,
        "dvar2": 0.000165126926731,
        "max": 0.498357474804,
        "mean": 0.482029110193,
        "median": 0.48365598917,
        "min": 0.361618459225,
        "var": 0.000124781290651
    },
    "dynamic_complexity": 0.965575456619,
    "erbbands_crest": {
        "dmean": 2.0391907692,
        "dmean2": 3.44569373131,
        "dvar": 2.66856718063,
        "dvar2": 7.68023252487,
        "max": 23.9216785431,
        "mean": 8.86094093323,
        "median": 8.28968048096,
        "min": 4.54678440094,
        "var": 7.69229841232
    },
    "erbbands_flatness_db": {
        "dmean": 0.0121397040784,
        "dmean2": 0.019378837198,
        "dvar": 0.000119550837553,
        "dvar2": 0.000265810347628,
        "max": 0.260225772858,
        "mean": 0.193257495761,
        "median": 0.189926639199,
        "min": 0.11808104068,
        "var": 0.000508074474055
    },
    "erbbands_kurtosis": {
        "dmean": 1.20081663132,
        "dmean2": 2.06326937675,
        "dvar": 1.5914516449,
        "dvar2": 4.21561145782,
        "max": 11.4328947067,
        "mean": 0.280483961105,
        "median": -0.237104892731,
        "min": -1.78831803799,
        "var": 3.19618368149
    },
    "erbbands_skewness": {
        "dmean": 0.40919727087,
        "dmean2": 0.688362836838,
        "dvar": 0.114037528634,
        "dvar2": 0.311541080475,
        "max": 0.786434829235,
        "mean": -1.04305565357,
        "median": -1.01597583294,
        "min": -2.99429321289,
        "var": 0.330118507147
    },
    "erbbands_spread": {
        "dmean": 8.46817874908,
        "dmean2": 14.5804843903,
        "dvar": 52.9047775269,
        "dvar2": 152.672332764,
        "max": 66.469581604,
        "mean": 38.3602027893,
        "median": 38.2188339233,
        "min": 10.5253000259,
        "var": 123.374816895
    },
    "hfc": {
        "dmean": 4.78721380234,
        "dmean2": 7.44613933563,
        "dvar": 30.0177841187,
        "dvar2": 65.1175537109,
        "max": 90.4194488525,
        "mean": 20.0410423279,
        "median": 16.884803772,
        "min": 1.69882059097,
        "var": 164.247680664
    },
    "melbands_crest": {
        "dmean": 3.80746507645,
        "dmean2": 6.68222951889,
        "dvar": 8.62652778625,
        "dvar2": 23.6370353699,
        "max": 29.1246509552,
        "mean": 15.9875030518,
        "median": 15.6162757874,
        "min": 6.21169710159,
        "var": 14.4880180359
    },
    "melbands_flatness_db": {
        "dmean": 0.0342621318996,
        "dmean2": 0.0600707419217,
        "dvar": 0.000671123852953,
        "dvar2": 0.001906409394,
        "max": 0.403280436993,
        "mean": 0.288206130266,
        "median": 0.286866366863,
        "min": 0.136456489563,
        "var": 0.00162315554917
    },
    "melbands_kurtosis": {
        "dmean": 10.8450012207,
        "dmean2": 18.9499206543,
        "dvar": 120.738677979,
        "dvar2": 314.22177124,
        "max": 95.8932876587,
        "mean": 16.8756332397,
        "median": 12.9802417755,
        "min": -1.20663523674,
        "var": 194.566925049
    },
    "melbands_skewness": {
        "dmean": 1.10745155811,
        "dmean2": 1.93541657925,
        "dvar": 0.778062462807,
        "dvar2": 2.07265520096,
        "max": 8.45514583588,
        "mean": 3.72291207314,
        "median": 3.56463861465,
        "min": 0.751961767673,
        "var": 1.83399736881
    },
    "melbands_spread": {
        "dmean": 7.10038566589,
        "dmean2": 12.5282249451,
        "dvar": 41.5499000549,
        "dvar2": 114.144889832,
        "max": 64.8771133423,
        "mean": 17.1333599091,
        "median": 14.5601377487,
        "min": 2.34033274651,
        "var": 114.121604919
    },
    "pitch_salience": {
        "dmean": 0.108310945332,
        "dmean2": 0.188635289669,
        "dvar": 0.00729272095487,
        "dvar2": 0.0211773421615,
        "max": 0.887092649937,
        "mean": 0.535466015339,
        "median": 0.543754816055,
        "min": 0.272490113974,
        "var": 0.0101388636976
    },
    "silence_rate_20dB": {
        "dmean": 0,
        "dmean2": 0,
        "dvar": 0,
        "dvar2": 0,
        "max": 1,
        "mean": 1,
        "median": 1,
        "min": 1,
        "var": 0
    },
    "silence_rate_30dB": {
        "dmean": 0,
        "dmean2": 0,
        "dvar": 0,
        "dvar2": 0,
        "max": 1,
        "mean": 1,
        "median": 1,
        "min": 1,
        "var": 0
    },
    "silence_rate_60dB": {
        "dmean": 0,
        "dmean2": 0,
        "dvar": 0,
        "dvar2": 0,
        "max": 0,
        "mean": 0,
        "median": 0,
        "min": 0,
        "var": 0
    },
    "spectral_centroid": {
        "dmean": 231.104278564,
        "dmean2": 396.555725098,
        "dvar": 32305.1035156,
        "dvar2": 91633.109375,
        "max": 2322.23461914,
        "mean": 1138.41796875,
        "median": 1109.88574219,
        "min": 442.175109863,
        "var": 111382.375
    },
    "spectral_complexity": {
        "dmean": 2.94166660309,
        "dmean2": 4.88935279846,
        "dvar": 6.22575998306,
        "dvar2": 15.2173862457,
        "max": 35,
        "mean": 22.6943874359,
        "median": 23,
        "min": 2,
        "var": 22.6654281616
    },
    "spectral_decrease": {
        "dmean": 4.48255166319e-09,
        "dmean2": 7.84225218098e-09,
        "dvar": 1.10089318832e-17,
        "dvar2": 3.40234672241e-17,
        "max": -3.66154467857e-10,
        "mean": -1.16120224547e-08,
        "median": -1.15052696259e-08,
        "min": -2.24637961566e-08,
        "var": 1.50228125707e-17
    },
    "spectral_energy": {
        "dmean": 0.0171110406518,
        "dmean2": 0.0298634078354,
        "dvar": 0.000160115945619,
        "dvar2": 0.000494982057717,
        "max": 0.0862460434437,
        "mean": 0.045644171536,
        "median": 0.0450565256178,
        "min": 0.00153604021762,
        "var": 0.000228075747145
    },
    "spectral_energyband_high": {
        "dmean": 1.82953608601e-05,
        "dmean2": 2.8297667086e-05,
        "dvar": 5.1954607283e-10,
        "dvar2": 1.17841436609e-09,
        "max": 0.000428858533269,
        "mean": 8.358307241e-05,
        "median": 7.07089347998e-05,
        "min": 1.22909013953e-05,
        "var": 3.8937519875e-09
    },
    "spectral_energyband_low": {
        "dmean": 0.0165006890893,
        "dmean2": 0.0293416231871,
        "dvar": 0.000154771609232,
        "dvar2": 0.00046345431474,
        "max": 0.0705506056547,
        "mean": 0.0280963554978,
        "median": 0.025535851717,
        "min": 9.46965010371e-05,
        "var": 0.000195267930394
    },
    "spectral_energyband_middle_high": {
        "dmean": 0.00203069252893,
        "dmean2": 0.00320234312676,
        "dvar": 6.19602042207e-06,
        "dvar2": 1.41464970511e-05,
        "max": 0.0304727219045,
        "mean": 0.00668425671756,
        "median": 0.00545012624934,
        "min": 0.000482805946376,
        "var": 2.54467540799e-05
    },
    "spectral_energyband_middle_low": {
        "dmean": 0.0072002899833,
        "dmean2": 0.0126226423308,
        "dvar": 3.94832422899e-05,
        "dvar2": 0.00012422540749,
        "max": 0.0535950958729,
        "mean": 0.0145866796374,
        "median": 0.0123678520322,
        "min": 0.000951998168603,
        "var": 6.5768850618e-05
    },
    "spectral_entropy": {
        "dmean": 0.110454566777,
        "dmean2": 0.190331429243,
        "dvar": 0.00946042500436,
        "dvar2": 0.0242376793176,
        "max": 8.45488262177,
        "mean": 7.28800487518,
        "median": 7.29654169083,
        "min": 6.75382232666,
        "var": 0.0248350054026
    },
    "spectral_flux": {
        "dmean": 0.0300179794431,
        "dmean2": 0.0492378510535,
        "dvar": 0.000581695290748,
        "dvar2": 0.00146665878128,
        "max": 0.217271521688,
        "mean": 0.118195272982,
        "median": 0.113414905965,
        "min": 0.0470454357564,
        "var": 0.000921682280023
    },
    "spectral_kurtosis": {
        "dmean": 2.79285526276,
        "dmean2": 4.96479177475,
        "dvar": 5.41274547577,
        "dvar2": 17.0273704529,
        "max": 18.9276885986,
        "mean": 7.92359638214,
        "median": 7.47908687592,
        "min": 2.94292640686,
        "var": 6.47851514816
    },
    "spectral_rms": {
        "dmean": 0.00128316588234,
        "dmean2": 0.0022323296871,
        "dvar": 9.28493193442e-07,
        "dvar2": 2.78777702079e-06,
        "max": 0.00917292106897,
        "mean": 0.00657390104607,
        "median": 0.00663005188107,
        "min": 0.00122416333761,
        "var": 1.31470915221e-06
    },
    "spectral_rolloff": {
        "dmean": 553.357971191,
        "dmean2": 1031.43566895,
        "dvar": 362088.15625,
        "dvar2": 898256.5625,
        "max": 2648.58398438,
        "mean": 927.58581543,
        "median": 473.73046875,
        "min": 107.666015625,
        "var": 588799.1875
    },
    "spectral_skewness": {
        "dmean": 0.262581765652,
        "dmean2": 0.460919737816,
        "dvar": 0.0524348840117,
        "dvar2": 0.159832850099,
        "max": 3.81223630905,
        "mean": 1.63276720047,
        "median": 1.60627090931,
        "min": 0.910717606544,
        "var": 0.0655813664198
    },
    "spectral_spread": {
        "dmean": 210582.234375,
        "dmean2": 310501.84375,
        "dvar": 591889301504,
        "dvar2": 327067533312,
        "max": 23510882,
        "mean": 2557332,
        "median": 2526384,
        "min": 1689961.125,
        "var": 1.0416839721e+12
    },
    "spectral_strongpeak": {
        "dmean": 0.38856780529,
        "dmean2": 0.695837199688,
        "dvar": 1.17981100082,
        "dvar2": 2.98503661156,
        "max": 15.5817985535,
        "mean": 0.683860003948,
        "median": 0.414446413517,
        "min": 0.0174320526421,
        "var": 2.76588463783
    },
    "zerocrossingrate": {
        "dmean": 0.00590718584135,
        "dmean2": 0.00796642620116,
        "dvar": 1.89217007573e-05,
        "dvar2": 3.69132467313e-05,
        "max": 0.08935546875,
        "mean": 0.0345197580755,
        "median": 0.03271484375,
        "min": 0.01123046875,
        "var": 0.00013982510427
    },
    "barkbands": {
        "dmean": [0.000101249097497, 0.0142633384094, 0.00388544867747, 0.00558376172557, 0.00275922426954, 0.000574341567699, 0.000822021800559, 0.000131917433464, 0.000267528463155, 3.43713327311e-05, 4.32217639172e-05, 2.42194601014e-05, 7.15236674296e-05, 0.000909341615625, 0.000511410296895, 0.000821526744403, 0.000636356242467, 0.000143198019941, 4.24749632657e-05, 1.0464492334e-05, 1.03901602415e-05, 5.32591548108e-06, 2.88204682874e-06, 7.66755590575e-07, 3.61530368309e-07, 4.46818319233e-07, 1.59821581747e-07],
        "dmean2": [0.000158537222887, 0.0261283610016, 0.00638025952503, 0.0103354137391, 0.00446091964841, 0.00101929239463, 0.00136407581158, 0.000207858072827, 0.000356593169272, 5.81193744438e-05, 7.30492902221e-05, 4.1075709305e-05, 0.000120383658214, 0.00154713378288, 0.000895940756891, 0.00140169844963, 0.000968677399214, 0.000230836682022, 6.90517554176e-05, 1.61546886375e-05, 1.65960918821e-05, 8.74430861586e-06, 5.18199021826e-06, 1.24524501643e-06, 6.08765105881e-07, 6.99505903867e-07, 2.59869864294e-07],
        "dvar": [1.316658782e-08, 0.000133583409479, 1.00911456684e-05, 3.33776806656e-05, 7.32031776352e-06, 3.32186999685e-07, 1.18295668017e-06, 3.29655911457e-08, 8.26124221476e-07, 2.05784411733e-09, 2.27301422129e-09, 5.17501430597e-10, 7.38523109334e-09, 1.21039408896e-06, 3.10177654228e-07, 1.42315184348e-06, 1.27599389543e-06, 2.98358777684e-08, 1.91934246274e-09, 9.84074904897e-11, 1.74962211386e-10, 3.73282030286e-11, 7.03490043996e-12, 1.08013370383e-12, 3.39419573177e-13, 3.54619789479e-13, 2.28858110848e-13],
        "dvar2": [2.68289266359e-08, 0.000398819131078, 2.44855582423e-05, 0.000112375266326, 1.86969136848e-05, 1.01569844446e-06, 2.93645462079e-06, 7.04996097056e-08, 1.08523886411e-06, 4.83199880108e-09, 6.0202349772e-09, 1.38698441621e-09, 2.06389589863e-08, 3.48691651197e-06, 8.44240901188e-07, 3.88147464037e-06, 2.37394510805e-06, 7.01414606397e-08, 4.71664396429e-09, 2.41413278257e-10, 4.16974538231e-10, 9.45153261211e-11, 1.92162605273e-11, 2.45752138257e-12, 5.61317377128e-13, 6.44226046207e-13, 2.93985132462e-13],
        "max": [0.00159701460507, 0.0582865700126, 0.0197846479714, 0.0413905531168, 0.0212197452784, 0.00428291922435, 0.0125919617712, 0.00225799065083, 0.0333278514445, 0.000682090059854, 0.000632397655863, 0.000198349443963, 0.000897357123904, 0.0125152748078, 0.00527708139271, 0.014891079627, 0.0219577308744, 0.0027158765588, 0.000548807031009, 0.000196617489564, 0.000268956820946, 7.33247507014e-05, 2.76605842373e-05, 1.79426679097e-05, 9.1481842901e-06, 8.79880826687e-06, 9.59940553003e-06],
        "mean": [0.000188162273844, 0.0180665086955, 0.00604597851634, 0.00615216093138, 0.00517833838239, 0.000958012009505, 0.00118581030983, 0.000203105810215, 0.000890180177521, 6.17230325588e-05, 8.24328672024e-05, 5.26327239641e-05, 0.00012970060925, 0.00164133880753, 0.00103343732189, 0.00165115774143, 0.00155975494999, 0.000360887264833, 0.000103756850876, 3.28877504217e-05, 3.4584209061e-05, 1.74610249815e-05, 7.22657978258e-06, 3.07527898258e-06, 1.38321979648e-06, 1.96052337742e-06, 4.7380976298e-07],
        "median": [0.000150230058352, 0.0151411164552, 0.00520394556224, 0.00435370113701, 0.00394056038931, 0.000753909524065, 0.000700058299117, 0.000141539552715, 0.000124872487504, 4.88024525112e-05, 6.23212908977e-05, 4.38353636127e-05, 0.000100255121652, 0.00133749179076, 0.000843132322188, 0.00123762304429, 0.000834842154291, 0.0002777785121, 8.57005070429e-05, 2.76385271718e-05, 2.65258877334e-05, 1.55901489052e-05, 6.52691005598e-06, 2.44845591624e-06, 1.14759450298e-06, 1.86788327028e-06, 3.94315975427e-07],
        "min": [1.71221472556e-06, 4.46828234999e-05, 1.38079258249e-05, 9.84222133411e-05, 0.000149753279402, 8.89319417183e-05, 4.38637289335e-05, 5.11254893354e-06, 8.11663539935e-06, 6.18420926912e-06, 5.34809350938e-06, 5.3769817896e-06, 6.97735731592e-06, 8.53319070302e-05, 5.04616509716e-05, 0.00010979284707, 9.26631328184e-05, 3.44609215972e-05, 1.51430976985e-05, 4.73111686006e-06, 3.92858282794e-06, 2.26707697948e-06, 5.01911983974e-07, 3.30802521376e-07, 8.86938948952e-08, 1.07216520107e-08, 9.43666478292e-08],
        "var": [2.69741704528e-08, 0.000148436956806, 1.47744704009e-05, 3.5386714444e-05, 1.74754986801e-05, 4.90900049499e-07, 1.98779025595e-06, 5.42415428129e-08, 1.30052267195e-05, 3.26788107685e-09, 4.96561991525e-09, 1.15028342407e-09, 1.15208420581e-08, 1.66545783031e-06, 5.44571889805e-07, 2.10199186768e-06, 8.10012443253e-06, 1.07267304372e-07, 4.54272353068e-09, 5.1364212883e-10, 1.13479470265e-09, 1.24491361664e-10, 1.65735966617e-11, 5.63250314445e-12, 9.76292831301e-13, 1.41753839569e-12, 2.91424002985e-13]
    },
    "erbbands": {
        "dmean": [0.26500788331, 3.77375936508, 6.10859823227, 11.8632202148, 11.0922260284, 10.1787147522, 4.52661561966, 3.84953045845, 6.56845188141, 11.7062187195, 3.59899115562, 7.13213062286, 1.85270416737, 1.31602275372, 1.32720422745, 0.991085827351, 3.56625270844, 26.5311222076, 43.1473655701, 32.0936660767, 37.3004341125, 32.1191139221, 11.5249319077, 5.26801919937, 0.980667233467, 0.488652735949, 0.39135992527, 0.436386585236, 0.245379209518, 0.0846906900406, 0.0935594663024, 0.0226219501346, 0.00988646224141, 0.00372226373293, 0.00355345266871, 0.00279216049239, 0.00073607719969, 0.000214098588913, 2.11134120036e-05, 1.89372585737e-05],
        "dmean2": [0.490912586451, 6.92870092392, 10.2234687805, 21.8773326874, 18.6761112213, 17.2537193298, 8.15801334381, 6.73417854309, 10.6414451599, 19.7054595947, 5.54456996918, 9.33412742615, 2.85733962059, 2.24812817574, 2.17673063278, 1.67910921574, 6.00899553299, 45.0678367615, 72.7202148438, 53.6255340576, 62.1138267517, 49.0908050537, 17.3998222351, 8.6655330658, 1.63899254799, 0.768805861473, 0.631790041924, 0.696914076805, 0.406887203455, 0.143114522099, 0.167352423072, 0.0370812192559, 0.016095302999, 0.00597644643858, 0.00600110879168, 0.00436899997294, 0.0011669480009, 0.000357918004738, 3.37994788424e-05, 3.25949768012e-05],
        "dvar": [0.0445040054619, 9.34489250183, 24.2714004517, 147.539031982, 104.986656189, 98.1439971924, 19.795999527, 14.6454277039, 52.4962654114, 286.772613525, 29.5019817352, 723.923583984, 6.67328977585, 2.19624114037, 1.8909497261, 0.967969238758, 18.4357891083, 915.185913086, 2511.41381836, 2373.84399414, 1950.46594238, 2775.42138672, 479.813812256, 37.1619987488, 0.923311829567, 0.294767558575, 0.158374711871, 0.337849259377, 0.0859615504742, 0.00635874830186, 0.00819476507604, 0.000663071929011, 0.00019625503046, 4.36842856288e-05, 2.29356992349e-05, 9.91120577964e-06, 1.0937717434e-06, 1.27323744437e-07, 4.48377823759e-09, 2.13076542521e-10],
        "dvar2": [0.14106477797, 27.0368442535, 62.2881660461, 492.928771973, 290.8777771, 264.835449219, 59.8590431213, 42.3967895508, 131.586029053, 727.248046875, 55.5909194946, 882.457702637, 12.5885066986, 6.10744476318, 4.68801641464, 2.54389762878, 52.6056671143, 2591.1796875, 6764.15039062, 6095.60888672, 5003.38037109, 5328.98486328, 767.981994629, 88.8380661011, 2.46351528168, 0.685658574104, 0.388082683086, 0.7891908288, 0.228854581714, 0.0182599425316, 0.0221899747849, 0.00158996286336, 0.000435261259554, 7.64670185163e-05, 4.45822042821e-05, 2.04823354579e-05, 1.97254121304e-06, 2.34464110349e-07, 5.6332942755e-09, 6.08866290719e-10],
        "max": [1.52190291882, 14.7679185867, 27.7689990997, 86.148223877, 79.4562988281, 74.1956481934, 38.4965400696, 32.6675949097, 87.5639038086, 177.483734131, 121.355422974, 1003.97003174, 61.5223350525, 14.7950277328, 24.759059906, 8.49713039398, 42.2747840881, 242.223052979, 690.862243652, 783.301635742, 591.359130859, 962.825866699, 468.58807373, 61.2087516785, 11.6794843674, 11.5804834366, 5.67907190323, 11.801451683, 3.48729777336, 0.870026528835, 0.823665380478, 0.370056271553, 0.219681188464, 0.10456648469, 0.0646058246493, 0.0355128459632, 0.0162703674287, 0.00583387119696, 0.00137079798151, 0.000169459613971],
        "mean": [0.319622963667, 4.6044178009, 9.14227390289, 15.0256557465, 20.0963973999, 16.4472751617, 6.60906648636, 7.24548006058, 11.1138772964, 16.3693332672, 7.94723081589, 25.3344764709, 4.29102420807, 2.52670145035, 3.04071927071, 2.34022712708, 6.78625535965, 46.1789093018, 91.8292160034, 68.5938796997, 80.2479324341, 79.2510223389, 33.4270553589, 13.0315999985, 2.85386395454, 1.5495620966, 1.26057481766, 1.41233861446, 0.769717872143, 0.239578649402, 0.239708289504, 0.0905021056533, 0.0355348996818, 0.0135643100366, 0.0124182924628, 0.0113303726539, 0.0027670415584, 0.000566684757359, 7.2863746027e-05, 5.75082522118e-05],
        "median": [0.263376682997, 3.73582816124, 7.70271921158, 11.128068924, 16.2003326416, 13.3918504715, 5.32478666306, 5.7373046875, 7.937541008, 9.22648334503, 3.9350502491, 2.74307465553, 2.40228462219, 2.11741518974, 2.36840438843, 2.02742218971, 5.26232099533, 38.2525749207, 75.896736145, 52.4022789001, 63.7192993164, 45.4531135559, 18.4486045837, 10.6024160385, 2.47545051575, 1.23252975941, 1.043430686, 1.03864753246, 0.67024064064, 0.225102931261, 0.218114674091, 0.0758949518204, 0.0271529369056, 0.0109721533954, 0.0101073822007, 0.0106391590089, 0.002671191236, 0.000510078389198, 6.35121468804e-05, 5.61012639082e-05],
        "min": [0.00140101788566, 0.00941221602261, 0.0183786265552, 0.169661462307, 0.783331930637, 0.567930221558, 0.437566667795, 0.814567685127, 0.645301699638, 0.515948414803, 0.465167969465, 0.261435985565, 0.387450575829, 0.351466059685, 0.297703504562, 0.346183180809, 0.406135827303, 2.84491062164, 3.68597817421, 3.68704557419, 8.39674663544, 5.12713766098, 2.64875721931, 1.10611891747, 0.485134333372, 0.242156118155, 0.173830270767, 0.165855333209, 0.103357829154, 0.0239097233862, 0.0158255361021, 0.0100687239319, 0.00327368732542, 0.00096769828815, 0.000684679835103, 0.000175754525117, 2.48774504144e-05, 1.90480295714e-05, 2.29319739447e-05, 1.89945349121e-05],
        "var": [0.0506260767579, 10.5645341873, 34.7293510437, 166.981002808, 211.367889404, 161.830825806, 25.5809268951, 28.2911548615, 101.812484741, 417.517974854, 207.997543335, 11791.5791016, 52.7516975403, 2.83749437332, 7.38196754456, 1.91419172287, 28.0071105957, 1327.16674805, 4511.93359375, 3965.18774414, 3443.1796875, 16382.7138672, 4170.47705078, 81.0360107422, 2.55409359932, 1.5074313879, 0.707882702351, 2.46389818192, 0.276288151741, 0.0169450417161, 0.0189954247326, 0.00337627343833, 0.000945559178945, 0.000106968240289, 7.61015180615e-05, 5.23611342942e-05, 3.06407628159e-06, 2.21588507543e-07, 5.49603029754e-09, 3.29267529908e-10]
    },
    "gfcc": {
        "mean": [-8.68339824677, 138.569168091, -120.421653748, 52.7237815857, -3.41956758499, -0.75187844038, -46.4066429138, -0.331655621529, 0.483575195074, 2.47555589676, -24.2314529419, -4.1783490181, -13.3691835403],
        "cov": [[570.442993164, -168.050323486, -73.7309341431, -58.510433197, -89.482208252, -10.2938251495, -38.5825767517, 79.9036865234, -7.39744329453, 68.3470993042, -67.5409545898, 24.4069805145, -40.2987327576], [-168.050323486, 190.319396973, -8.34090232849, 19.8805541992, 34.9640426636, -28.0885314941, 29.3055477142, -32.2509918213, 38.9051780701, -44.9724807739, 40.9187355042, -46.4061698914, 21.6482105255], [-73.7309341431, -8.34090232849, 129.207565308, 13.5564460754, 14.0034513474, 22.7276058197, 6.36042690277, -15.5041103363, -8.55007648468, 21.8818588257, 3.81576490402, 23.800699234, -5.46920061111], [-58.510433197, 19.8805541992, 13.5564460754, 62.6732559204, 47.7899742126, 15.5605773926, 4.51268053055, -18.5117683411, 1.496047616, -11.1794338226, 23.9797363281, 7.73749494553, 15.1553344727], [-89.482208252, 34.9640426636, 14.0034513474, 47.7899742126, 85.9845809937, 26.8024730682, 5.36358594894, -23.7931003571, 0.489091545343, -17.2693805695, 18.6928348541, 2.20292520523, 11.108880043], [-10.2938251495, -28.0885314941, 22.7276058197, 15.5605773926, 26.8024730682, 49.783000946, 17.3805618286, 3.07842230797, -4.90236854553, 8.16565227509, 1.06146073341, 14.2713937759, 2.09607052803], [-38.5825767517, 29.3055477142, 6.36042690277, 4.51268053055, 5.36358594894, 17.3805618286, 51.4521331787, 19.9052619934, 16.8659896851, -10.8133087158, 0.561728775501, -9.03778171539, 6.81474113464], [79.9036865234, -32.2509918213, -15.5041103363, -18.5117683411, -23.7931003571, 3.07842230797, 19.9052619934, 54.8097801208, 18.7473468781, 9.35778141022, -21.7592182159, -3.83123803139, -6.49669504166], [-7.39744329453, 38.9051780701, -8.55007648468, 1.496047616, 0.489091545343, -4.90236854553, 16.8659896851, 18.7473468781, 48.296257019, 8.62793254852, 13.6534576416, -13.0482368469, 3.05894255638], [68.3470993042, -44.9724807739, 21.8818588257, -11.1794338226, -17.2693805695, 8.16565227509, -10.8133087158, 9.35778141022, 8.62793254852, 60.3522338867, 9.06681251526, 19.6061534882, -14.9061851501], [-67.5409545898, 40.9187355042, 3.81576490402, 23.9797363281, 18.6928348541, 1.06146073341, 0.561728775501, -21.7592182159, 13.6534576416, 9.06681251526, 61.2485427856, 8.93541049957, 12.601140976], [24.4069805145, -46.4061698914, 23.800699234, 7.73749494553, 2.20292520523, 14.2713937759, -9.03778171539, -3.83123803139, -13.0482368469, 19.6061534882, 8.93541049957, 48.2519874573, 7.63046312332], [-40.2987327576, 21.6482105255, -5.46920061111, 15.1553344727, 11.108880043, 2.09607052803, 6.81474113464, -6.49669504166, 3.05894255638, -14.9061851501, 12.601140976, 7.63046312332, 29.4653682709]],
        "icov": [[0.00402921438217, -0.00047685514437, 0.00281629874371, -0.00175162474625, 0.00207805586979, -0.000842885638122, 0.00303604220971, -0.00447052065283, 0.00106853956822, -0.0036434980575, 0.00324568897486, -0.00240926095285, 0.00215501198545], [-0.00047685514437, 0.0243807695806, -0.00332356709987, 0.00659055262804, -0.00815478060395, 0.0154511379078, -0.0154997808859, 0.0179188307375, -0.0152333183214, 0.00847436487675, -0.00889603048563, 0.0137783922255, -0.0069555924274], [0.00281629874371, -0.00332356709987, 0.013149028644, -0.00391557347029, 0.00237234774977, -0.00350673496723, -0.00147732417099, 0.00142773380503, 0.00204137340188, -0.00759097654372, 0.00652326038107, -0.00824206136167, 0.00605224724859], [-0.00175162474625, 0.00659055262804, -0.00391557347029, 0.0352448821068, -0.0175322052091, 0.00314877950586, -0.00465311389416, 0.00639439933002, -0.00462849345058, 0.0066910716705, -0.0106601510197, 0.00250673783012, -0.00944534130394], [0.00207805586979, -0.00815478060395, 0.00237234774977, -0.0175322052091, 0.0310877971351, -0.0200677122921, 0.0106582157314, -0.000238293563598, -0.00173176266253, 0.00392053928226, 0.0041697206907, -0.00471252202988, 0.00708104018122], [-0.000842885638122, 0.0154511379078, -0.00350673496723, 0.00314877950586, -0.0200677122921, 0.0500877611339, -0.0279021952301, 0.00818355381489, 0.00135604199022, -0.00639298604801, -0.0024175120052, 0.00231123110279, -0.00545445038006], [0.00303604220971, -0.0154997808859, -0.00147732417099, -0.00465311389416, 0.0106582157314, -0.0279021952301, 0.0508906319737, -0.0288619436324, 0.00147204962559, 0.00533759919927, 0.00129761220887, -0.00197163061239, -4.93161769555e-06], [-0.00447052065283, 0.0179188307375, 0.00142773380503, 0.00639439933002, -0.000238293563598, 0.00818355381489, -0.0288619436324, 0.0601799823344, -0.029526732862, 0.00494143040851, 0.00772565091029, 0.00354321813211, -0.00150773848873], [0.00106853956822, -0.0152333183214, 0.00204137340188, -0.00462849345058, -0.00173176266253, 0.00135604199022, 0.00147204962559, -0.029526732862, 0.0518699884415, -0.0200683698058, -0.00526934955269, 0.00622375914827, -0.00577684305608], [-0.0036434980575, 0.00847436487675, -0.00759097654372, 0.0066910716705, 0.00392053928226, -0.00639298604801, 0.00533759919927, 0.00494143040851, -0.0200683698058, 0.0448306389153, -0.0155916484073, -0.00754188140854, 0.0161556843668], [0.00324568897486, -0.00889603048563, 0.00652326038107, -0.0106601510197, 0.0041697206907, -0.0024175120052, 0.00129761220887, 0.00772565091029, -0.00526934955269, -0.0155916484073, 0.0368131957948, -0.0118612004444, -0.00234054680914], [-0.00240926095285, 0.0137783922255, -0.00824206136167, 0.00250673783012, -0.00471252202988, 0.00231123110279, -0.00197163061239, 0.00354321813211, 0.00622375914827, -0.00754188140854, -0.0118612004444, 0.0492843538523, -0.0255394913256], [0.00215501198545, -0.0069555924274, 0.00605224724859, -0.00944534130394, 0.00708104018122, -0.00545445038006, -4.93161769555e-06, -0.00150773848873, -0.00577684305608, 0.0161556843668, -0.00234054680914, -0.0255394913256, 0.0617518089712]]
    },
    "melbands": {
        "dmean": [0.00314838602208, 0.00387257710099, 0.00194634089712, 0.000795630039647, 0.000161807678523, 9.15369309951e-05, 0.000130230051582, 0.000104479695437, 3.34783107974e-05, 4.15211870859e-05, 8.50172182254e-06, 5.25916539118e-06, 5.47324179934e-06, 2.78629931927e-06, 5.66755215914e-06, 6.5676167651e-06, 6.19494094281e-05, 8.92198586371e-05, 3.9569902583e-05, 5.95111087023e-05, 4.20202450186e-05, 3.41599406966e-05, 2.58431809925e-05, 6.63806986267e-06, 4.37920152763e-06, 1.08697770429e-06, 4.48369860351e-07, 3.74112033796e-07, 2.46753984356e-07, 3.22623151305e-07, 2.46933893777e-07, 1.75082931264e-07, 6.28160634619e-08, 4.94007998952e-08, 6.91391690566e-08, 2.18323297219e-08, 1.40667344439e-08, 8.59428173072e-09, 5.19446352598e-09, 3.01204394759e-09],
        "dmean2": [0.00576021475717, 0.0068703154102, 0.00356769911014, 0.0012990225805, 0.000283580826363, 0.00016140959633, 0.000211721373489, 0.000175146051333, 4.94069827255e-05, 5.53845857212e-05, 1.40603915497e-05, 9.01077510207e-06, 9.13404892344e-06, 4.71825433124e-06, 9.67375763139e-06, 1.10442842924e-05, 0.000106178966234, 0.000149135870743, 6.83415928506e-05, 0.000101499404991, 6.82444078848e-05, 5.37192354386e-05, 3.84062877856e-05, 1.09595339381e-05, 7.26451662558e-06, 1.8615510271e-06, 7.41253472825e-07, 6.02423369855e-07, 4.06759880889e-07, 5.20613525623e-07, 3.92133586047e-07, 2.92254583201e-07, 1.02574567507e-07, 8.71931646884e-08, 1.24075981489e-07, 3.67442005711e-08, 2.35202151089e-08, 1.4157713224e-08, 8.50610692993e-09, 4.9071382513e-09],
        "dvar": [6.35951300865e-06, 1.03099537228e-05, 3.80711571779e-06, 5.70198494643e-07, 2.08515018585e-08, 8.19201950719e-09, 2.34338131122e-08, 2.21087077534e-08, 4.60240467959e-09, 2.18885691794e-08, 1.42922187973e-10, 3.58218940621e-11, 3.55670111418e-11, 7.24273419017e-12, 5.53043201512e-11, 5.898080635e-11, 5.09729680687e-09, 1.10866107406e-08, 2.06291761451e-09, 8.43074321466e-09, 2.40733388779e-09, 2.32212804541e-09, 4.09711109484e-09, 5.17095567754e-11, 2.55621981915e-11, 1.38305382771e-12, 1.88133064899e-13, 2.15074607971e-13, 6.1006904281e-14, 1.74671570068e-13, 9.71486752805e-14, 4.65229627554e-14, 4.23659283382e-15, 2.09955157779e-15, 4.38183992603e-15, 4.46294513068e-16, 3.35195130607e-16, 1.30864869815e-16, 7.3219228644e-17, 3.07625061824e-17],
        "dvar2": [1.96241817321e-05, 2.7963618777e-05, 1.27387938846e-05, 1.49105665059e-06, 6.13345036982e-08, 2.40476438762e-08, 5.80169441378e-08, 5.5765347895e-08, 7.75052466651e-09, 2.65647202013e-08, 3.30597937914e-10, 9.89512846661e-11, 9.2700166987e-11, 1.86013548314e-11, 1.52933929409e-10, 1.65830682519e-10, 1.43533380736e-08, 3.11128580677e-08, 5.66788571632e-09, 2.26501750689e-08, 6.11025985364e-09, 5.06354513874e-09, 6.20440721022e-09, 1.30641469864e-10, 6.16517531471e-11, 3.86030964139e-12, 5.051144507e-13, 5.00181276605e-13, 1.52664583449e-13, 4.18035506385e-13, 2.44889503641e-13, 1.22280779794e-13, 1.12700833773e-14, 6.16646253645e-15, 1.19350406633e-14, 1.10956424475e-15, 8.24868583184e-16, 3.02194382875e-16, 1.69689696979e-16, 5.41047225055e-17],
        "max": [0.0130993388593, 0.0165152028203, 0.0147921089083, 0.00586293032393, 0.00123954331502, 0.000724604120478, 0.00186120951548, 0.00158182228915, 0.00209529022686, 0.00553662609309, 0.000174409578904, 5.97707767156e-05, 9.15140262805e-05, 2.49538843491e-05, 7.87080643931e-05, 6.65499610477e-05, 0.000561609689612, 0.00146429694723, 0.000493248808198, 0.00132330390625, 0.000663677696139, 0.000709022395313, 0.00141324556898, 7.38734233892e-05, 5.00743335579e-05, 1.26914264911e-05, 3.83478436561e-06, 9.89001455309e-06, 2.49665731644e-06, 9.66076459008e-06, 5.37286268809e-06, 2.55549207395e-06, 9.26812845137e-07, 5.35953120107e-07, 5.96147856413e-07, 2.35471404153e-07, 2.87521373821e-07, 1.67779830917e-07, 1.47264245243e-07, 8.35431279711e-08],
        "mean": [0.00401308340952, 0.00553075969219, 0.00267567788251, 0.00143979908898, 0.000273175217444, 0.000166296522366, 0.00021074214601, 0.000151118671056, 8.17879044916e-05, 0.000143169716466, 1.47304726852e-05, 9.53882863541e-06, 1.11712788566e-05, 6.13172232988e-06, 9.61875684879e-06, 1.18615680549e-05, 0.000100089309854, 0.000174764776602, 7.70861952333e-05, 0.000112020119559, 8.52995872265e-05, 7.76205124566e-05, 6.75775372656e-05, 1.52968314069e-05, 1.00179695437e-05, 2.54206429418e-06, 1.15334262318e-06, 9.98564814836e-07, 6.89951434651e-07, 9.46853958794e-07, 7.38642825127e-07, 5.11097596245e-07, 1.85658208807e-07, 1.05628025437e-07, 1.59111479547e-07, 7.39200487487e-08, 4.86076210393e-08, 2.68134332515e-08, 1.525758897e-08, 9.34230204308e-09],
        "median": [0.00342610571533, 0.00454590376467, 0.0020879143849, 0.00112278480083, 0.000226039905101, 0.00013154943008, 0.000141782627907, 8.44820169732e-05, 2.69913489319e-05, 1.67455054907e-05, 1.10694008981e-05, 7.96931453806e-06, 8.44206351758e-06, 4.86668432131e-06, 7.27137785361e-06, 8.99354108697e-06, 7.9355420894e-05, 0.000142960794619, 6.3444756961e-05, 8.18456392153e-05, 6.50700603728e-05, 4.83792719024e-05, 2.58145828411e-05, 1.28740521177e-05, 8.22814945423e-06, 2.11094152291e-06, 1.02143337699e-06, 7.44086435134e-07, 5.88168688864e-07, 6.9479966669e-07, 5.33895217814e-07, 4.5049154096e-07, 1.6141594017e-07, 9.89551764974e-08, 1.43936148334e-07, 6.65205632799e-08, 3.7776000994e-08, 2.05250643148e-08, 1.13904112808e-08, 7.29880866857e-09],
        "min": [1.27680377773e-05, 1.01871064544e-05, 4.66192359454e-05, 7.32881744625e-05, 1.24202178995e-05, 1.40847405419e-05, 9.15995678952e-06, 4.23148139816e-06, 3.03189062834e-06, 1.1743397863e-06, 1.72096099504e-06, 1.16378055282e-06, 7.37713094168e-07, 6.02485215495e-07, 5.22257778357e-07, 7.16954843938e-07, 6.08369964539e-06, 7.15775513527e-06, 3.44749173564e-06, 5.38588028576e-06, 9.68387848843e-06, 5.04832405568e-06, 3.52712140739e-06, 1.80633105629e-06, 7.82931294907e-07, 3.08378815816e-07, 9.17006559575e-08, 1.07119923598e-07, 8.54336263956e-08, 1.25505124515e-07, 8.40551450665e-08, 6.71137811992e-08, 1.90942088807e-08, 7.87524623291e-09, 9.47676870311e-09, 6.12297235136e-09, 5.21104226436e-09, 2.5749984367e-09, 1.0846791243e-09, 4.98510399627e-10],
        "var": [7.11827442501e-06, 1.26505838125e-05, 4.02332534577e-06, 1.17346985462e-06, 3.64145229526e-08, 1.48452459214e-08, 4.44560832591e-08, 3.35052412481e-08, 5.26727141903e-08, 3.60489309514e-07, 2.39404829294e-10, 4.53050028049e-11, 1.03943284535e-10, 1.8310445174e-11, 6.82674611285e-11, 9.81018946633e-11, 6.99252034053e-09, 1.81647816788e-08, 3.34241390121e-09, 1.3010367006e-08, 4.35453451075e-09, 9.95494442435e-09, 3.50201112553e-08, 1.13701825732e-10, 4.88044188396e-11, 2.5135971863e-12, 4.62860435743e-13, 9.93557558275e-13, 1.70882608736e-13, 1.12130660659e-12, 5.6321516461e-13, 1.17957347449e-13, 1.89554606413e-14, 3.75718150304e-15, 8.86880765225e-15, 1.95072068917e-15, 1.42191007927e-15, 5.33478820235e-16, 2.14414465962e-16, 6.37693849773e-17]
    },
    "mfcc": {
        "mean": [-654.683227539, 166.651290894, -32.4300231934, 58.8578720093, 43.9874572754, 20.0391979218, -22.4490299225, 4.00979089737, 8.53075790405, 7.78637647629, 3.14119386673, 2.21671772003, -9.18200778961],
        "cov": [[594.921508789, -140.599533081, -64.9910964966, -59.7138824463, -58.6553688049, -71.7274856567, -49.4784812927, -28.0355091095, 37.0568161011, 6.40459728241, 33.4313850403, 37.8479576111, -26.4805049896], [-140.599533081, 138.045898438, 1.7645689249, 25.3997077942, 9.19017124176, 3.47509503365, -0.408402115107, 1.03096210957, -7.09661722183, 10.5499830246, 3.90338253975, 0.659233391285, -1.88356506824], [-64.9910964966, 1.7645689249, 89.0518035889, 4.4452252388, -9.36666202545, 14.9019374847, 4.29974508286, -0.994925439358, -10.0766172409, 10.3973684311, 2.54127264023, -9.43337345123, 19.0439014435], [-59.7138824463, 25.3997077942, 4.4452252388, 49.319896698, 28.0996494293, 16.7584323883, 5.70764160156, 4.40260887146, -5.94553899765, -4.11149692535, -4.26258134842, -0.3970053792, 4.17654275894], [-58.6553688049, 9.19017124176, -9.36666202545, 28.0996494293, 68.2648468018, 33.5202789307, 12.640630722, 6.19663238525, -12.1074151993, -8.49236106873, -12.9363679886, -4.34786081314, 9.62698554993], [-71.7274856567, 3.47509503365, 14.9019374847, 16.7584323883, 33.5202789307, 63.8233032227, 26.4335536957, 11.9578227997, -13.4393548965, -3.51321744919, -10.4909315109, -9.53998661041, 17.2623577118], [-49.4784812927, -0.408402115107, 4.29974508286, 5.70764160156, 12.640630722, 26.4335536957, 43.8661270142, 18.2965164185, -0.459834158421, -7.82610321045, -7.81444406509, -1.48274219036, 3.65379047394], [-28.0355091095, 1.03096210957, -0.994925439358, 4.40260887146, 6.19663238525, 11.9578227997, 18.2965164185, 40.7440834045, 20.2716636658, 0.989957630634, -4.38578510284, -2.13396811485, -2.84801912308], [37.0568161011, -7.09661722183, -10.0766172409, -5.94553899765, -12.1074151993, -13.4393548965, -0.459834158421, 20.2716636658, 51.2207145691, 14.8786029816, 9.44695472717, 5.78112602234, -16.0015926361], [6.40459728241, 10.5499830246, 10.3973684311, -4.11149692535, -8.49236106873, -3.51321744919, -7.82610321045, 0.989957630634, 14.8786029816, 41.2998771667, 20.4595298767, 0.151832789183, 1.76676571369], [33.4313850403, 3.90338253975, 2.54127264023, -4.26258134842, -12.9363679886, -10.4909315109, -7.81444406509, -4.38578510284, 9.44695472717, 20.4595298767, 34.2913627625, 15.144405365, 0.632455646992], [37.8479576111, 0.659233391285, -9.43337345123, -0.3970053792, -4.34786081314, -9.53998661041, -1.48274219036, -2.13396811485, 5.78112602234, 0.151832789183, 15.144405365, 39.425239563, 8.58514404297], [-26.4805049896, -1.88356506824, 19.0439014435, 4.17654275894, 9.62698554993, 17.2623577118, 3.65379047394, -2.84801912308, -16.0015926361, 1.76676571369, 0.632455646992, 8.58514404297, 42.651058197]],
