{
"lowlevel": {
    "average_loudness": 0.983329236507,
    "barkbands_crest": {
        "dmean": 3.89904808998,
        "dmean2": 6.66117095947,
        "dvar": 8.73784065247,
        "dvar2": 25.0451946259,
        "max": 24.431892395,
        "mean": 15.1696367264,
        "median": 15.0480003357,
        "min": 3.38118553162,
        "var": 18.0258331299
    },
    "barkbands_flatness_db": {
        "dmean": 0.0372401513159,
        "dmean2": 0.063171364367,
        "dvar": 0.000661579775624,
        "dvar2": 0.00203646556474,
        "max": 0.372488439083,
        "mean": 0.256711512804,
        "median": 0.258029401302,
        "min": 0.128054216504,
        "var": 0.00174490071367
    },
    "barkbands_kurtosis": {
        "dmean": 11.8935375214,
        "dmean2": 20.4568061829,
        "dvar": 124.921661377,
        "dvar2": 385.634399414,
        "max": 88.9508361816,
        "mean": 19.4601612091,
        "median": 16.1558704376,
        "min": -1.21868085861,
        "var": 216.980102539
    },
    "barkbands_skewness": {
        "dmean": 1.1662068367,
        "dmean2": 1.99584531784,
        "dvar": 0.858271539211,
        "dvar2": 2.74408197403,
        "max": 8.35988903046,
        "mean": 3.7745885849,
        "median": 3.60063028336,
        "min": -0.379948407412,
        "var": 1.96642577648
    },
    "barkbands_spread": {
        "dmean": 3.91930341721,
        "dmean2": 6.85604572296,
        "dvar": 14.4360866547,
        "dvar2": 39.0298423767,
        "max": 36.7940559387,
        "mean": 8.00891304016,
        "median": 6.67679023743,
        "min": 1.31496691704,
        "var": 26.2251415253
    },
    "dissonance": {
        "dmean": 0.0151099488139,
        "dmean2": 0.0263881310821,
        "dvar": 0.000156667796546,
        "dvar2": 0.000491575221531,
        "max": 0.499758780003,
        "mean": 0.477092504501,
        "median": 0.479572117329,
        "min": 0.408368915319,
        "var": 0.000191547369468
    },
    "dynamic_complexity": 0.892977297306,
    "erbbands_crest": {
        "dmean": 3.5571231842,
        "dmean2": 6.11927032471,
        "dvar": 9.89632606506,
        "dvar2": 28.2211017609,
        "max": 23.6405963898,
        "mean": 8.62091445923,
        "median": 7.55426120758,
        "min": 3.41757655144,
        "var": 13.3510742188
    },
    "erbbands_flatness_db": {
        "dmean": 0.0149288140237,
        "dmean2": 0.0248689111322,
        "dvar": 0.000143113386002,
        "dvar2": 0.000366947002476,
        "max": 0.261925667524,
        "mean": 0.195836648345,
        "median": 0.194479897618,
        "min": 0.0829321965575,
        "var": 0.000321605853969
    },
    "erbbands_kurtosis": {
        "dmean": 0.571181833744,
        "dmean2": 1.00215685368,
        "dvar": 0.35721513629,
        "dvar2": 1.02749621868,
        "max": 2.23802375793,
        "mean": -0.984762191772,
        "median": -1.18628692627,
        "min": -1.74226117134,
        "var": 0.439217478037
    },
    "erbbands_skewness": {
        "dmean": 0.492558330297,
        "dmean2": 0.819048166275,
        "dvar": 0.146625161171,
        "dvar2": 0.450543373823,
        "max": 1.74095726013,
        "mean": 0.11122033,
        "median": 0.0660571828485,
        "min": -1.40990781784,
        "var": 0.250797063112
    },
    "erbbands_spread": {
        "dmean": 10.025759697,
        "dmean2": 17.5380001068,
        "dvar": 60.6381568909,
        "dvar2": 179.370864868,
        "max": 83.2804641724,
        "mean": 54.4715614319,
        "median": 55.9655799866,
        "min": 15.3681678772,
        "var": 153.840240479
    },
    "hfc": {
        "dmean": 4.77817726135,
        "dmean2": 7.80890321732,
        "dvar": 33.917755127,
        "dvar2": 60.139755249,
        "max": 132.767028809,
        "mean": 17.4217700958,
        "median": 15.3872909546,
        "min": 1.23634433746,
        "var": 136.202987671
    },
    "melbands_crest": {
        "dmean": 4.20262622833,
        "dmean2": 7.114839077,
        "dvar": 9.11897754669,
        "dvar2": 28.9766960144,
        "max": 29.9989833832,
        "mean": 18.5098705292,
        "median": 18.4865055084,
        "min": 6.91489648819,
        "var": 19.6557197571
    },
    "melbands_flatness_db": {
        "dmean": 0.0419176891446,
        "dmean2": 0.0706406831741,
        "dvar": 0.000863229099195,
        "dvar2": 0.00257927994244,
        "max": 0.486319333315,
        "mean": 0.356825381517,
        "median": 0.36083561182,
        "min": 0.139664158225,
        "var": 0.00246349023655
    },
    "melbands_kurtosis": {
        "dmean": 29.9292697906,
        "dmean2": 52.4501991272,
        "dvar": 704.220825195,
        "dvar2": 2227.70410156,
        "max": 203.633529663,
        "mean": 57.3202590942,
        "median": 50.8399887085,
        "min": -1.01204168797,
        "var": 1312.5222168
    },
    "melbands_skewness": {
        "dmean": 1.60929191113,
        "dmean2": 2.8134291172,
        "dvar": 1.62480449677,
        "dvar2": 5.11562013626,
        "max": 11.4524059296,
        "mean": 6.09422683716,
        "median": 5.99602794647,
        "min": 0.473390311003,
        "var": 3.65034818649
    },
    "melbands_spread": {
        "dmean": 3.26411247253,
        "dmean2": 5.62497425079,
        "dvar": 16.0746746063,
        "dvar2": 36.9584884644,
        "max": 59.7546958923,
        "mean": 5.92483282089,
        "median": 4.1981883049,
        "min": 0.982788920403,
        "var": 36.8617630005
    },
    "pitch_salience": {
        "dmean": 0.118490554392,
        "dmean2": 0.206903770566,
        "dvar": 0.00842426344752,
        "dvar2": 0.0260917469859,
        "max": 0.749627947807,
        "mean": 0.41865453124,
        "median": 0.437823683023,
        "min": 0.15267457068,
        "var": 0.0144062107429
    },
    "silence_rate_20dB": {
        "dmean": 0,
        "dmean2": 0,
        "dvar": 0,
        "dvar2": 0,
        "max": 1,
        "mean": 1,
        "median": 1,
        "min": 1,
        "var": 0
    },
    "silence_rate_30dB": {
        "dmean": 0.174358978868,
        "dmean2": 0.34961438179,
        "dvar": 0.143957346678,
        "dvar2": 0.335353583097,
        "max": 1,
        "mean": 0.818414330482,
        "median": 1,
        "min": 0,
        "var": 0.148612886667
    },
    "silence_rate_60dB": {
        "dmean": 0,
        "dmean2": 0,
        "dvar": 0,
        "dvar2": 0,
        "max": 0,
        "mean": 0,
        "median": 0,
        "min": 0,
        "var": 0
    },
    "spectral_centroid": {
        "dmean": 272.007141113,
        "dmean2": 468.635131836,
        "dvar": 50224.3710938,
        "dvar2": 141636.0625,
        "max": 2270.203125,
        "mean": 732.621032715,
        "median": 685.200927734,
        "min": 262.490875244,
        "var": 88269.7578125
    },
    "spectral_complexity": {
        "dmean": 3.78717947006,
        "dmean2": 6.03084850311,
        "dvar": 9.24958324432,
        "dvar2": 19.8242454529,
        "max": 47,
        "mean": 19.5217399597,
        "median": 19,
        "min": 1,
        "var": 35.6971054077
    },
    "spectral_decrease": {
        "dmean": 9.61571000602e-09,
        "dmean2": 1.66937166313e-08,
        "dvar": 4.11443607151e-17,
        "dvar2": 1.4037143822e-16,
        "max": -1.53200918618e-09,
        "mean": -2.18392024465e-08,
        "median": -2.14252562358e-08,
        "min": -4.10007245932e-08,
        "var": 6.40530946925e-17
    },
    "spectral_energy": {
        "dmean": 0.036599189043,
        "dmean2": 0.0635411292315,
        "dvar": 0.000595632940531,
        "dvar2": 0.00203197309747,
        "max": 0.156227126718,
        "mean": 0.0840062424541,
        "median": 0.0825448781252,
        "min": 0.00589429028332,
        "var": 0.000928109569941
    },
    "spectral_energyband_high": {
        "dmean": 8.8842913101e-05,
        "dmean2": 0.0001454539306,
        "dvar": 1.78527344019e-08,
        "dvar2": 2.89122699115e-08,
        "max": 0.00263030943461,
        "mean": 0.000176444285898,
        "median": 0.00012195626914,
        "min": 1.25872948047e-05,
        "var": 4.7882146248e-08
    },
    "spectral_energyband_low": {
        "dmean": 0.0332595035434,
        "dmean2": 0.0581378005445,
        "dvar": 0.000638693862129,
        "dvar2": 0.00206192652695,
        "max": 0.149230241776,
        "mean": 0.0594794489443,
        "median": 0.0557555407286,
        "min": 0.00342072825879,
        "var": 0.00112930394243
    },
    "spectral_energyband_middle_high": {
        "dmean": 0.00163901445922,
        "dmean2": 0.00250727147795,
        "dvar": 9.02601004782e-06,
        "dvar2": 1.68958649738e-05,
        "max": 0.0606589727104,
        "mean": 0.00428182817996,
        "median": 0.00290400558151,
        "min": 0.000121319935715,
        "var": 3.68660985259e-05
    },
    "spectral_energyband_middle_low": {
        "dmean": 0.0160186290741,
        "dmean2": 0.0279487613589,
        "dvar": 0.000285063259071,
        "dvar2": 0.000875856378116,
        "max": 0.114111065865,
        "mean": 0.0213305484504,
        "median": 0.015201558359,
        "min": 0.00195889919996,
        "var": 0.00033162444015
    },
    "spectral_entropy": {
        "dmean": 0.221621856093,
        "dmean2": 0.381319642067,
        "dvar": 0.0300281140953,
        "dvar2": 0.0871269702911,
        "max": 8.08019733429,
        "mean": 7.17657995224,
        "median": 7.20023345947,
        "min": 6.43349313736,
        "var": 0.0467166081071
    },
    "spectral_flux": {
        "dmean": 0.0442202948034,
        "dmean2": 0.0736067593098,
        "dvar": 0.00118753791321,
        "dvar2": 0.00309047149494,
        "max": 0.314846396446,
        "mean": 0.154209822416,
        "median": 0.148808732629,
        "min": 0.0619105808437,
        "var": 0.00213818927296
    },
    "spectral_kurtosis": {
        "dmean": 3.48535275459,
        "dmean2": 6.19774627686,
        "dvar": 8.03622627258,
        "dvar2": 26.6080741882,
        "max": 18.0273838043,
        "mean": 5.04031467438,
        "median": 4.55549764633,
        "min": 0.345561265945,
        "var": 10.085811615
    },
    "spectral_rms": {
        "dmean": 0.00203605252318,
        "dmean2": 0.00352312182076,
        "dvar": 1.89988691091e-06,
        "dvar2": 6.3025122472e-06,
        "max": 0.0123457163572,
        "mean": 0.00888927467167,
        "median": 0.00897393934429,
        "min": 0.00239802571014,
        "var": 2.93816970043e-06
    },
    "spectral_rolloff": {
        "dmean": 130.02722168,
        "dmean2": 242.124023438,
        "dvar": 60457.0429688,
        "dvar2": 152157.828125,
        "max": 2627.05078125,
        "mean": 258.893554688,
        "median": 193.798828125,
        "min": 86.1328125,
        "var": 93716.1953125
    },
    "spectral_skewness": {
        "dmean": 0.371212929487,
        "dmean2": 0.65134704113,
        "dvar": 0.0870127379894,
        "dvar2": 0.278203368187,
        "max": 3.59309434891,
        "mean": 1.23931503296,
        "median": 1.18028473854,
        "min": 0.487922757864,
        "var": 0.13299562037
    },
    "spectral_spread": {
        "dmean": 244329.328125,
        "dmean2": 378263.6875,
        "dvar": 512625377280,
        "dvar2": 319038914560,
        "max": 20535618,
        "mean": 2801037,
        "median": 2724336.75,
        "min": 2127254,
        "var": 921935478784
    },
    "spectral_strongpeak": {
        "dmean": 0.362664550543,
        "dmean2": 0.633914291859,
        "dvar": 0.112761706114,
        "dvar2": 0.30047801137,
        "max": 3.32466673851,
        "mean": 0.830383300781,
        "median": 0.781103134155,
        "min": 0.0274727866054,
        "var": 0.136898845434
    },
    "zerocrossingrate": {
        "dmean": 0.00442332727835,
        "dmean2": 0.00606021052226,
        "dvar": 1.63149470609e-05,
        "dvar2": 2.54747392319e-05,
        "max": 0.07958984375,
        "mean": 0.0180489234626,
        "median": 0.01611328125,
        "min": 0.00244140625,
        "var": 7.91205311543e-05
    },
    "barkbands": {
        "dmean": [0.000204533571377, 0.0290830936283, 0.00828743726015, 0.00542204361409, 0.0120380278677, 0.000255260412814, 0.000222085946007, 0.000149265615619, 0.000307117472403, 0.000814872153569, 0.000434999208665, 0.000177848065505, 2.97135939036e-05, 0.000288880895823, 0.00018813990755, 0.00031991378637, 0.000218715766096, 0.00010591535829, 0.000130843967781, 6.23480300419e-05, 5.33671154699e-05, 6.64903063807e-06, 3.52021316985e-07, 6.97360690083e-07, 1.68025081848e-07, 8.00372745857e-08, 2.94579720617e-08],
        "dmean2": [0.000330601498717, 0.0513742640615, 0.0138649316505, 0.00961934961379, 0.0212003663182, 0.000449084647698, 0.000382968166377, 0.000251134857535, 0.000548366864678, 0.00132223800756, 0.000739919545595, 0.000281682558125, 4.89435042255e-05, 0.000463061121991, 0.000293659017188, 0.000542526133358, 0.000355096213752, 0.000156396097736, 0.000220874397201, 9.73625574261e-05, 9.08557121875e-05, 1.13578626042e-05, 5.42257510006e-07, 1.05794140381e-06, 2.64328235744e-07, 1.19151494005e-07, 4.59168809641e-08],
        "dvar": [8.12809446415e-08, 0.000538993626833, 5.06587421114e-05, 3.83892656828e-05, 0.000159391449415, 5.17142844103e-08, 6.4871706229e-08, 3.43107409151e-08, 1.62568767337e-07, 2.2870885914e-06, 2.4619469059e-06, 1.35582581606e-07, 1.45030654153e-09, 2.80391589058e-07, 1.30395392262e-07, 5.44541649106e-07, 1.89193428923e-07, 4.20170493953e-08, 1.3386048181e-07, 1.24932455492e-08, 5.1406954249e-09, 2.50244630573e-10, 3.77875356873e-13, 8.95166666487e-12, 2.80004535183e-13, 1.1819894835e-13, 7.36762267948e-14],
        "dvar2": [1.87909066085e-07, 0.0016692095669, 0.000130257874844, 0.000113526337373, 0.000484877149574, 1.54909102434e-07, 1.80592266474e-07, 9.32449779611e-08, 4.11296383618e-07, 5.20685944139e-06, 6.70328290653e-06, 2.58816982068e-07, 3.43317219098e-09, 6.60623811655e-07, 3.01147338178e-07, 1.00262650449e-06, 4.70766082117e-07, 6.31385574934e-08, 3.57428035613e-07, 1.96138287833e-08, 1.08436166713e-08, 6.6001698551e-10, 5.37998682063e-13, 1.91028443064e-11, 5.34297486896e-13, 1.99060630176e-13, 1.01028038745e-13],
        "max": [0.0019867438823, 0.132872566581, 0.0533589199185, 0.0425001233816, 0.073940359056, 0.00144462892786, 0.00230640918016, 0.00161824945826, 0.00586642650887, 0.0174419544637, 0.0281054805964, 0.00759263709188, 0.000429511099355, 0.00937433354557, 0.0064283311367, 0.0137729989365, 0.00846431497484, 0.00431408314034, 0.00652020750567, 0.00244360044599, 0.0010685910238, 0.000249986740528, 1.23202435134e-05, 5.76899146836e-05, 7.82044662628e-06, 4.43977251052e-06, 4.3052550609e-06],
        "mean": [0.000306444126181, 0.0456222482026, 0.0123533951119, 0.0061002294533, 0.013732871972, 0.000397285999497, 0.000331360090058, 0.000197562258109, 0.0004440319899, 0.00118157651741, 0.000545352639165, 0.000276928389212, 5.13114064233e-05, 0.000486937438836, 0.000316454272252, 0.000575701938942, 0.000382602098398, 0.000217744120164, 0.000259365042439, 0.000118750496767, 9.41231555771e-05, 1.15440407171e-05, 8.87159785634e-07, 1.15043019377e-06, 3.23405771496e-07, 1.94877628701e-07, 5.90793298727e-08],
        "median": [0.000137722163345, 0.0407699048519, 0.0100229997188, 0.0040899743326, 0.00906286016107, 0.000340343889548, 0.000245584757067, 0.000146314399899, 0.000315459503327, 0.000433549954323, 0.000235647399677, 0.000148054037709, 3.69001863874e-05, 0.000289371382678, 0.000202482900931, 0.000334252952598, 0.000264637550572, 0.000154805646162, 0.000172287574969, 7.73323918111e-05, 6.41336591798e-05, 8.2510359789e-06, 6.47532431231e-07, 6.80261848629e-07, 1.62343908983e-07, 1.28484856532e-07, 2.75932219296e-08],
        "min": [1.0171604572e-06, 0.00175915460568, 0.000211789549212, 7.655358786e-05, 0.000740564661101, 1.66628487932e-05, 2.84840425593e-05, 1.35813152156e-05, 3.54990515916e-05, 1.5044299289e-05, 1.12048064693e-05, 1.47519840539e-05, 4.26829274147e-06, 1.34693664222e-05, 1.40345691761e-05, 1.20591885207e-05, 6.64766594127e-06, 7.41614712751e-06, 1.25537762869e-05, 7.9543560787e-06, 5.1948750297e-06, 9.70977225734e-07, 1.44858759654e-07, 1.23047954048e-07, 3.31116396524e-08, 2.81890475406e-08, 1.05152766494e-08],
        "var": [1.58741272571e-07, 0.000861999578774, 0.000102834972495, 4.20751348429e-05, 0.000171081890585, 7.32887954769e-08, 8.04516417929e-08, 4.08442311084e-08, 2.97429750162e-07, 4.69842962048e-06, 2.82158725895e-06, 3.8488718701e-07, 3.08150038819e-09, 5.308001505e-07, 2.26386745794e-07, 1.26766803987e-06, 3.66832125565e-07, 9.63453459235e-08, 2.19195854356e-07, 3.51989548619e-08, 1.08350706185e-08, 3.40819428235e-10, 1.08980597983e-12, 1.08859319128e-11, 5.42919225202e-13, 1.72569098768e-13, 1.01894885487e-13]
    },
    "erbbands": {
        "dmean": [0.464308649302, 7.84943199158, 14.1110887527, 7.9170126915, 54.8190803528, 21.0999393463, 2.83412146568, 2.47533726692, 2.01936149597, 4.12360048294, 4.95040607452, 6.49539470673, 9.28574466705, 31.8782100677, 17.6129493713, 5.66628789902, 1.28038597107, 7.34853506088, 13.8457584381, 11.290476799, 17.5819129944, 12.9722595215, 5.9716591835, 8.47548294067, 3.84319043159, 3.39110136032, 2.35463237762, 1.49410700798, 0.295858711004, 0.0406132303178, 0.0121157160029, 0.016848385334, 0.00873533356935, 0.00322723807767, 0.000526731018908, 0.000414843845647, 0.000128692860017, 2.57452375081e-05, 1.84003856702e-05, 3.95971619582e-05],
        "dmean2": [0.809391379356, 13.8568534851, 24.2495307922, 13.9280633926, 94.8612060547, 36.9471626282, 5.11544370651, 4.41748762131, 3.43246006966, 7.12956762314, 8.46883869171, 11.2243499756, 15.9600372314, 51.6106987, 29.5379734039, 8.96328830719, 2.00924015045, 11.8488225937, 21.7578201294, 17.9003562927, 29.8654594421, 20.90782547, 8.39077186584, 13.8563299179, 6.3864941597, 5.3028178215, 3.86269831657, 2.58377361298, 0.501607775688, 0.0688798651099, 0.0189194548875, 0.0255916584283, 0.0130730634555, 0.00508936308324, 0.000773530162405, 0.000627198664006, 0.000200213398784, 4.10711327277e-05, 3.10930772685e-05, 6.87402207404e-05],
        "dvar": [0.201147571206, 37.9417610168, 125.976043701, 71.085899353, 3408.88452148, 401.121124268, 8.58032608032, 5.38896751404, 6.02085161209, 25.334197998, 46.0042266846, 83.2582244873, 157.048294067, 4030.94067383, 4470.79980469, 109.419494629, 4.0574054718, 215.061279297, 657.80682373, 418.239135742, 1802.64916992, 569.668762207, 159.935043335, 718.366760254, 55.3309707642, 37.2691345215, 11.1718511581, 4.81548070908, 0.449640035629, 0.0168185774237, 0.000523266848177, 0.00571755040437, 0.000954523857217, 9.60425240919e-05, 4.62008301838e-06, 2.63150423052e-06, 3.25676239754e-07, 2.85471699613e-08, 1.45821665853e-09, 6.91792734209e-10],
        "dvar2": [0.568410694599, 120.985923767, 386.582794189, 209.157440186, 10626.7773438, 1194.58239746, 25.8387336731, 15.8547754288, 16.3042259216, 71.3795471191, 127.444168091, 208.680633545, 414.165771484, 9691.35351562, 11653.8486328, 226.061782837, 7.7306098938, 450.320373535, 1583.06384277, 767.064880371, 3928.22192383, 1452.39282227, 237.398117065, 1629.41809082, 128.177993774, 60.0759010315, 21.5572605133, 10.3009471893, 1.01626050472, 0.0409746915102, 0.000721994205378, 0.0125269228593, 0.00179509166628, 0.000180417278898, 6.73000340612e-06, 4.67418249173e-06, 4.96340078371e-07, 3.88306453658e-08, 2.24751217637e-09, 2.37933273084e-09],
        "max": [2.63655662537, 35.3970451355, 64.112411499, 68.1781997681, 389.429107666, 137.344619751, 25.8636493683, 16.0226154327, 29.7174434662, 47.5061340332, 58.1395797729, 158.597366333, 118.846321106, 747.81060791, 1240.97436523, 203.283615112, 42.8263053894, 266.757629395, 455.264404297, 382.459686279, 769.974121094, 439.944732666, 282.13873291, 484.174407959, 143.533355713, 131.278778076, 56.4972190857, 29.6083869934, 12.0769662857, 2.42923355103, 0.450131833553, 1.44983077049, 0.613498330116, 0.154111772776, 0.0302805565298, 0.0245155673474, 0.00795620959252, 0.00272395694628, 0.00061928544892, 0.00017102478887],
        "mean": [0.65561747551, 12.076716423, 21.7979164124, 12.195227623, 59.9290962219, 26.9485225677, 4.43654060364, 3.61045861244, 3.60560321808, 5.37963867188, 6.82159566879, 9.58979701996, 14.8689546585, 44.9195823669, 24.3793411255, 9.55593109131, 2.85850548744, 13.6882867813, 24.9796047211, 20.6484699249, 31.4999504089, 23.8931217194, 12.9091100693, 16.3544883728, 7.98185157776, 6.21760559082, 4.26068115234, 2.64812445641, 0.555562973022, 0.0812173485756, 0.0296868979931, 0.0280195251107, 0.0149084581062, 0.00578036904335, 0.00137203431223, 0.00101716618519, 0.000336612691171, 5.07669428771e-05, 4.56944835605e-05, 9.30816531763e-05],
        "median": [0.520050287247, 10.7507667542, 18.0097370148, 10.1180582047, 37.2704277039, 20.654800415, 3.59802794456, 3.10781383514, 2.80937814713, 3.73381280899, 4.57813262939, 6.68963050842, 8.74770450592, 13.4123897552, 11.281794548, 5.42375898361, 2.09672451019, 9.05311584473, 15.3017778397, 13.1261014938, 18.0316696167, 16.6219139099, 9.48279476166, 10.7449893951, 5.4785118103, 3.93380045891, 2.81167054176, 1.80120074749, 0.396303117275, 0.0564753226936, 0.0218935832381, 0.0173808317631, 0.00865504145622, 0.00303189386614, 0.000758419220801, 0.000706042279489, 0.000223024311708, 2.5386998459e-05, 4.1308652726e-05, 9.17952711461e-05],
        "min": [0.00977660343051, 0.45176717639, 1.03968071938, 1.15110754967, 3.34510970116, 1.6048630476, 0.326192140579, 0.187613233924, 0.341255098581, 0.475391685963, 0.498251438141, 0.874240756035, 0.585597157478, 0.567392289639, 0.386440962553, 0.650176107883, 0.282452821732, 0.607534527779, 0.821866869926, 0.764144480228, 0.490420430899, 0.420934408903, 0.306927531958, 0.933495223522, 0.339294195175, 0.358189105988, 0.251106411219, 0.211929470301, 0.047237817198, 0.0118934521452, 0.00466825580224, 0.00334775820374, 0.00117820757441, 0.000587015703786, 0.000202407041797, 0.000215335807297, 6.46209009574e-05, 6.79307322571e-06, 1.36066937557e-05, 2.18691948248e-05],
        "var": [0.239123299718, 63.2604255676, 233.685409546, 74.6096725464, 3892.13427734, 487.781463623, 9.76023292542, 6.61410617828, 8.78507423401, 25.7265930176, 53.8557052612, 165.029098511, 334.269714355, 7682.54199219, 5645.6328125, 343.456115723, 15.585565567, 476.769378662, 1174.14245605, 1035.84570312, 3809.58081055, 1211.25622559, 378.991699219, 1088.88574219, 122.085838318, 101.294494629, 26.931728363, 9.15249252319, 0.742274582386, 0.0253782141954, 0.00149315793533, 0.00665546068922, 0.00142574543133, 0.00018969233497, 8.30058888823e-06, 4.08290316045e-06, 4.7031389272e-07, 3.98819643976e-08, 2.04765160383e-09, 1.0702000397e-09]
    },
    "gfcc": {
        "mean": [-27.8194236755, 171.454559326, -128.81690979, 60.8498725891, -7.51272106171, -5.37064361572, -3.30367064476, 0.542162597179, -15.7528619766, -13.6374044418, -19.7885055542, -13.2940511703, 6.67446947098],
        "cov": [[504.195831299, -103.85635376, -209.24256897, -62.257610321, -88.1379623413, 24.0601768494, -29.5831623077, 10.8128929138, -64.8309783936, -19.0974617004, -66.9764785767, -8.07375144958, 0.776905238628], [-103.85635376, 147.15057373, 50.1689414978, -17.4653530121, 46.5150489807, -26.424489975, 37.7908439636, -21.3465747833, 22.1047821045, -4.18434524536, 21.872751236, 16.5222625732, 20.9004688263], [-209.24256897, 50.1689414978, 205.619430542, 40.8018836975, 40.0199508667, -25.1823215485, -3.92050004005, -11.6991853714, 18.8671855927, 3.51179003716, 42.3629493713, -1.45669698715, -3.30085206032], [-62.257610321, -17.4653530121, 40.8018836975, 88.8698883057, 16.8373241425, -21.6620159149, -11.2319097519, -8.55450344086, 13.6814565659, 10.0122461319, 10.4950971603, -16.1984100342, -3.14570379257], [-88.1379623413, 46.5150489807, 40.0199508667, 16.8373241425, 84.9435577393, 10.2323446274, 20.2192268372, -8.93487358093, 21.1444358826, 2.99476575851, 22.7946395874, 12.681312561, 13.3222827911], [24.0601768494, -26.424489975, -25.1823215485, -21.6620159149, 10.2323446274, 73.0789642334, 22.6401290894, 13.8549919128, 9.93881988525, -4.89595317841, 11.2722797394, 10.292965889, 11.3827362061], [-29.5831623077, 37.7908439636, -3.92050004005, -11.2319097519, 20.2192268372, 22.6401290894, 71.0061264038, 16.222448349, 18.568239212, 1.41265082359, 11.1920852661, 17.0692672729, 17.5583324432], [10.8128929138, -21.3465747833, -11.6991853714, -8.55450344086, -8.93487358093, 13.8549919128, 16.222448349, 46.1895179749, 17.4693012238, 2.04310870171, 9.64436531067, 0.261570572853, -1.65008342266], [-64.8309783936, 22.1047821045, 18.8671855927, 13.6814565659, 21.1444358826, 9.93881988525, 18.568239212, 17.4693012238, 59.4921989441, 26.6364974976, 22.3608131409, 8.32687854767, 2.53560757637], [-19.0974617004, -4.18434524536, 3.51179003716, 10.0122461319, 2.99476575851, -4.89595317841, 1.41265082359, 2.04310870171, 26.6364974976, 42.3720817566, 11.5643701553, -0.630760610104, -6.66149091721], [-66.9764785767, 21.872751236, 42.3629493713, 10.4950971603, 22.7946395874, 11.2722797394, 11.1920852661, 9.64436531067, 22.3608131409, 11.5643701553, 48.7468605042, 13.8354301453, 2.82781767845], [-8.07375144958, 16.5222625732, -1.45669698715, -16.1984100342, 12.681312561, 10.292965889, 17.0692672729, 0.261570572853, 8.32687854767, -0.630760610104, 13.8354301453, 42.6232032776, 17.8857383728], [0.776905238628, 20.9004688263, -3.30085206032, -3.14570379257, 13.3222827911, 11.3827362061, 17.5583324432, -1.65008342266, 2.53560757637, -6.66149091721, 2.82781767845, 17.8857383728, 35.6118659973]],
        "icov": [[0.00449091056362, 0.000490219332278, 0.00331476610154, 0.000704310194124, 0.00147940602619, -0.000799290195573, 0.00145720283035, -0.00130461936351, 0.00314037106, -0.00112553313375, 0.0013042652281, -0.000190422841115, -0.00153517117724], [0.000490219332278, 0.0328854173422, 0.000172738175024, 0.0213044453412, -0.0072638085112, 0.0271916463971, -0.0180544760078, 0.0277109220624, -0.0239820852876, 0.020025646314, -0.0204041507095, 0.015557310544, -0.0139411902055], [0.00331476610154, 0.000172738175024, 0.0100495349616, -0.000484293908812, -0.000411768240156, 0.00258521363139, 0.00122558919247, 0.0015163597418, 0.000438767194282, 0.00243351003155, -0.00645202631131, 0.00199721986428, -0.000558061583433], [0.000704310194124, 0.0213044453412, -0.000484293908812, 0.0299723148346, -0.00651667546481, 0.0217870734632, -0.00989624112844, 0.0206443946809, -0.0196494013071, 0.0129606723785, -0.0170548316091, 0.0187118854374, -0.0128264855593], [0.00147940602619, -0.0072638085112, -0.000411768240156, -0.00651667546481, 0.0199367254972, -0.00809215009212, 0.000910921720788, 0.000627751229331, 0.000875294790603, -0.00160629488528, 0.00039924151497, -0.0040505179204, -3.49204747181e-05], [-0.000799290195573, 0.0271916463971, 0.00258521363139, 0.0217870734632, -0.00809215009212, 0.0421101339161, -0.0179284922779, 0.0221214350313, -0.0240275114775, 0.0215758271515, -0.0242391284555, 0.0160161089152, -0.0147175285965], [0.00145720283035, -0.0180544760078, 0.00122558919247, -0.00989624112844, 0.000910921720788, -0.0179284922779, 0.0310863871127, -0.0220882911235, 0.0117862271145, -0.0119869802147, 0.0128104398027, -0.0115709602833, 0.000555714243092], [-0.00130461936351, 0.0277109220624, 0.0015163597418, 0.0206443946809, 0.000627751229331, 0.0221214350313, -0.0220882911235, 0.0573457069695, -0.0345232598484, 0.0256534218788, -0.0268909409642, 0.0192009583116, -0.00828013848513], [0.00314037106, -0.0239820852876, 0.000438767194282, -0.0196494013071, 0.000875294790603, -0.0240275114775, 0.0117862271145, -0.0345232598484, 0.0561418421566, -0.0362651497126, 0.0152562344447, -0.0165900886059, 0.00859291758388], [-0.00112553313375, 0.020025646314, 0.00243351003155, 0.0129606723785, -0.00160629488528, 0.0215758271515, -0.0119869802147, 0.0256534218788, -0.0362651497126, 0.0520423538983, -0.0211271736771, 0.0124081056565, -0.00179179431871], [0.0013042652281, -0.0204041507095, -0.00645202631131, -0.0170548316091, 0.00039924151497, -0.0242391284555, 0.0128104398027, -0.0268909409642, 0.0152562344447, -0.0211271736771, 0.0524421669543, -0.0232821330428, 0.0123689640313], [-0.000190422841115, 0.015557310544, 0.00199721986428, 0.0187118854374, -0.0040505179204, 0.0160161089152, -0.0115709602833, 0.0192009583116, -0.0165900886059, 0.0124081056565, -0.0232821330428, 0.0468390956521, -0.0224711429328], [-0.00153517117724, -0.0139411902055, -0.000558061583433, -0.0128264855593, -3.49204747181e-05, -0.0147175285965, 0.000555714243092, -0.00828013848513, 0.00859291758388, -0.00179179431871, 0.0123689640313, -0.0224711429328, 0.0485276989639]]
    },
    "melbands": {
        "dmean": [0.00594806298614, 0.00877577066422, 0.00285644154064, 0.0030649844557, 0.000147843296872, 5.15686551807e-05, 3.58110446541e-05, 3.89924607589e-05, 5.18709857715e-05, 3.78879703931e-05, 4.78325455333e-05, 0.000135457812576, 6.67920467095e-05, 2.58692161879e-05, 6.0619818214e-06, 4.92062099511e-06, 1.56896676344e-05, 2.76167975244e-05, 1.56292207976e-05, 1.7488400772e-05, 2.21344180318e-05, 1.34732827064e-05, 1.01840132629e-05, 4.81739834868e-06, 8.03648617875e-06, 3.7667352899e-06, 1.92852985492e-06, 2.51051324085e-06, 1.18425225537e-06, 2.06880076803e-06, 4.68154155442e-07, 1.95854397589e-07, 7.11764513994e-08, 7.43702077699e-09, 6.82370560057e-09, 9.55533518976e-09, 1.13512585997e-08, 6.7708301188e-09, 4.88702500689e-09, 2.28625363086e-09],
        "dmean2": [0.0104783577845, 0.015478156507, 0.00499960407615, 0.00539121543989, 0.000266082206508, 9.14605698199e-05, 6.05381610512e-05, 6.71383240842e-05, 8.89827788342e-05, 6.53048045933e-05, 8.26545656309e-05, 0.000219633351662, 0.000112457979412, 4.21874246967e-05, 1.02021622297e-05, 8.14219310996e-06, 2.52216741501e-05, 4.45463083452e-05, 2.50840512308e-05, 2.83770878013e-05, 3.821739665e-05, 2.20690053538e-05, 1.46550846694e-05, 7.38775952414e-06, 1.29574527818e-05, 6.08987238593e-06, 3.13602049573e-06, 3.90156628782e-06, 1.92284619516e-06, 3.59428054253e-06, 7.85058261954e-07, 3.33132391006e-07, 1.24119964084e-07, 1.17794431986e-08, 1.12425819765e-08, 1.44378207168e-08, 1.78547843177e-08, 1.00699582006e-08, 7.52185247421e-09, 3.71926978104e-09],
        "dvar": [2.54557962762e-05, 4.59480870632e-05, 9.15392593015e-06, 1.01953673948e-05, 2.40596769174e-08, 2.2663133592e-09, 1.78110948212e-09, 2.27386109941e-09, 5.06521313781e-09, 2.56874166382e-09, 4.30685176411e-09, 7.43853405538e-08, 6.64354899982e-08, 3.00839531064e-09, 2.33296937324e-10, 5.8913901535e-11, 9.87157022792e-10, 2.73987899035e-09, 6.98504976082e-10, 1.91813387396e-09, 2.49390152973e-09, 5.00458952057e-10, 5.86141690739e-10, 1.18248424941e-10, 7.33993921198e-10, 6.92036081218e-11, 9.89068896229e-12, 1.99219234859e-11, 3.73361844913e-12, 7.42874338433e-12, 5.91221895659e-13, 1.54956830787e-13, 6.60977620293e-14, 2.32176654221e-16, 1.24075808099e-16, 1.00337871217e-15, 2.94087361715e-15, 5.75106254428e-16, 1.62423716008e-16, 6.17705261881e-17],
        "dvar2": [7.25047211745e-05, 0.000150538267917, 2.75236398011e-05, 3.11517178488e-05, 7.04669460561e-08, 6.73735067735e-09, 4.9245558742e-09, 6.42072794932e-09, 1.39422029477e-08, 6.44573505681e-09, 1.11198632524e-08, 1.75036035444e-07, 1.76586254952e-07, 6.0592886264e-09, 5.8545363002e-10, 1.58741728096e-10, 2.04693084704e-09, 6.83455114725e-09, 1.55792478918e-09, 3.34945560176e-09, 5.75487391075e-09, 1.34725752776e-09, 1.1767726793e-09, 2.43974535019e-10, 1.74376990625e-09, 1.56425483677e-10, 1.62894212008e-11, 3.47767301068e-11, 7.03046128259e-12, 1.76483636732e-11, 1.1278282995e-12, 3.58532973276e-13, 1.74382643742e-13, 4.42870064741e-16, 2.60290524774e-16, 1.95578467565e-15, 6.78059572804e-15, 1.10391358208e-15, 3.07807855505e-16, 1.38399346995e-16],
        "max": [0.0284810438752, 0.0389546379447, 0.02166743204, 0.0188363902271, 0.00122271408327, 0.000317693396937, 0.000471364153782, 0.000439225201262, 0.00060593575472, 0.000885431712959, 0.000583180692047, 0.00316785974428, 0.00468392251059, 0.00104346871376, 0.000273231300525, 8.84508044692e-05, 0.000602781597991, 0.000869449169841, 0.000455191213405, 0.000782386458013, 0.000818985106889, 0.000351544644218, 0.000496420776471, 0.000215595762711, 0.000482942734379, 0.000163591306773, 6.23043379164e-05, 9.35041316552e-05, 3.1358547858e-05, 3.25463333866e-05, 1.18760426631e-05, 6.60264731778e-06, 4.56583302366e-06, 2.93892156833e-07, 1.87557802178e-07, 6.28616135145e-07, 1.01222337889e-06, 4.80981270812e-07, 2.3061178922e-07, 1.24806817325e-07],
        "mean": [0.00954297464341, 0.0139691978693, 0.0038394741714, 0.0035558049567, 0.000214574320125, 7.62754643802e-05, 6.15498429397e-05, 5.10743739142e-05, 6.78537253407e-05, 5.67148344999e-05, 7.39220922696e-05, 0.000187744168215, 8.51582299219e-05, 3.98119882448e-05, 9.29677662498e-06, 8.15497332951e-06, 2.88152677967e-05, 4.55691078969e-05, 2.74077556242e-05, 2.96596463158e-05, 3.7476860598e-05, 2.34371618717e-05, 1.84913387784e-05, 8.99832593859e-06, 1.42571707329e-05, 6.65076686346e-06, 4.02210844186e-06, 4.18567969973e-06, 2.05900778383e-06, 3.4155996218e-06, 8.33427634461e-07, 3.41081630495e-07, 1.089322339e-07, 1.715759268e-08, 1.52856802771e-08, 1.72563385803e-08, 1.73464780318e-08, 1.12947704523e-08, 7.43132400061e-09, 3.87238507926e-09],
        "median": [0.0082305977121, 0.0122843906283, 0.00288218329661, 0.00242774165235, 0.000167730759131, 6.57922355458e-05, 4.90293859912e-05, 3.5607990867e-05, 4.42633754574e-05, 3.87233740184e-05, 4.41637894255e-05, 5.66830458411e-05, 3.7461057218e-05, 2.06687182072e-05, 5.5291920944e-06, 5.49665037397e-06, 1.82623844012e-05, 2.55691393249e-05, 1.70592302311e-05, 1.80651968549e-05, 2.07018856599e-05, 1.59956107382e-05, 1.33678076963e-05, 6.1509031184e-06, 8.97345307749e-06, 4.3528225433e-06, 2.899018682e-06, 2.51752067015e-06, 1.3085888213e-06, 2.36898836192e-06, 5.92794492604e-07, 2.41826228375e-07, 6.55061072052e-08, 1.24801804446e-08, 1.13672022906e-08, 1.09715729835e-08, 1.01943520292e-08, 6.13710238184e-09, 3.94934174253e-09, 1.87165305476e-09],
        "min": [0.000269047333859, 0.000769211445004, 0.000350695394445, 0.000177033842192, 1.80104270839e-05, 2.95464542432e-06, 4.8900060392e-06, 3.78907770937e-06, 3.3894432363e-06, 4.97771861774e-06, 2.73604905487e-06, 1.79151766133e-06, 1.41616510518e-06, 1.45607089053e-06, 5.6699303741e-07, 3.62901118933e-07, 1.08272786292e-06, 1.358872737e-06, 1.0319829471e-06, 1.04762921183e-06, 4.13702110791e-07, 4.01586618182e-07, 2.84624150027e-07, 3.94897909928e-07, 8.56879637468e-07, 2.53124227356e-07, 2.54087922258e-07, 2.22310816866e-07, 1.18231007207e-07, 9.33297741312e-08, 6.95293067565e-08, 2.70355382526e-08, 9.31228782974e-09, 3.35766614512e-09, 2.30778707255e-09, 2.0430288572e-09, 1.9404660101e-09, 8.51739734298e-10, 4.57884258287e-10, 3.0549521246e-10],
        "var": [3.84592931368e-05, 7.85375887062e-05, 1.05950293801e-05, 1.11629433377e-05, 2.96187145921e-08, 2.92239432653e-09, 2.54601961736e-09, 2.32167107761e-09, 5.98500093929e-09, 5.58414203766e-09, 8.55682813494e-09, 1.39011149258e-07, 7.76762689725e-08, 7.58873053286e-09, 3.93861609993e-10, 1.05796732486e-10, 2.23144303035e-09, 4.45990133713e-09, 1.40379285973e-09, 4.00031474612e-09, 5.21420950861e-09, 1.07424935614e-09, 9.99528904089e-10, 1.98136243523e-10, 9.85283743482e-10, 1.20465845632e-10, 3.04974448473e-11, 4.96138859163e-11, 8.48760558364e-12, 1.31998006275e-11, 1.21467863979e-12, 2.44797210931e-13, 8.13409601719e-14, 5.52411594793e-16, 2.86081645696e-16, 1.48926296286e-15, 3.07984652457e-15, 8.48363530135e-16, 2.73464110565e-16, 1.08028821852e-16]
    },
    "mfcc": {
        "mean": [-667.366638184, 189.619400024, -35.564540863, 73.2889862061, 15.0384731293, 17.4091339111, 17.8332118988, 11.2102031708, 22.3078765869, 3.64969778061, -8.93884181976, -1.88071060181, -11.9095153809],
        "cov": [[662.041564941, -149.540222168, -180.116928101, -116.635620117, -91.2705993652, -37.8490753174, -6.87321949005, -11.3462715149, 22.5320205688, -13.8096103668, -48.9304580688, -48.9374160767, -28.7429504395], [-149.540222168, 191.957611084, 9.43762493134, 19.8638191223, 2.48780655861, 18.0607852936, 5.12308549881, 14.5487966537, 0.974736273289, -9.15116214752, -6.15520763397, 8.74470233917, 16.9695644379], [-180.116928101, 9.43762493134, 147.713150024, 36.9645195007, 31.8498001099, -8.48960971832, 0.149707660079, -7.00600528717, -23.1613235474, 0.934700191021, 20.9891414642, 11.2687864304, 8.58606719971], [-116.635620117, 19.8638191223, 36.9645195007, 113.390693665, 22.9475288391, 0.0642451345921, -11.2735424042, -24.6596927643, -6.07318258286, 1.05650913715, 3.05264854431, 14.8885068893, 2.62429475784], [-91.2705993652, 2.48780655861, 31.8498001099, 22.9475288391, 75.0415344238, 13.6993942261, 0.987432777882, -2.65301322937, -10.7552480698, -1.35584163666, 12.7416715622, 7.09466218948, 6.55339479446], [-37.8490753174, 18.0607852936, -8.48960971832, 0.0642451345921, 13.6993942261, 55.7937049866, 7.79951858521, 4.74459648132, 4.88389348984, 1.28494274616, -1.18346643448, 3.45620179176, 0.652255237103], [-6.87321949005, 5.12308549881, 0.149707660079, -11.2735424042, 0.987432777882, 7.79951858521, 47.1959381104, 21.5072422028, 3.29726934433, -0.0467424727976, -5.11376190186, -2.56199550629, 1.51440966129], [-11.3462715149, 14.5487966537, -7.00600528717, -24.6596927643, -2.65301322937, 4.74459648132, 21.5072422028, 53.8238830566, 13.9142627716, -3.15419697762, -1.99683272839, 1.26297736168, 10.8710584641], [22.5320205688, 0.974736273289, -23.1613235474, -6.07318258286, -10.7552480698, 4.88389348984, 3.29726934433, 13.9142627716, 38.5327682495, 9.4362077713, -5.61521816254, 2.1742181778, 1.77219116688], [-13.8096103668, -9.15116214752, 0.934700191021, 1.05650913715, -1.35584163666, 1.28494274616, -0.0467424727976, -3.15419697762, 9.4362077713, 40.266204834, 17.8786792755, 3.65914344788, -4.18994855881], [-48.9304580688, -6.15520763397, 20.9891414642, 3.05264854431, 12.7416715622, -1.18346643448, -5.11376190186, -1.99683272839, -5.61521816254, 17.8786792755, 51.9748382568, 21.4684352875, -0.0222507081926], [-48.9374160767, 8.74470233917, 11.2687864304, 14.8885068893, 7.09466218948, 3.45620179176, -2.56199550629, 1.26297736168, 2.1742181778, 3.65914344788, 21.4684352875, 46.4743995667, 20.1236763], [-28.7429504395, 16.9695644379, 8.58606719971, 2.62429475784, 6.55339479446, 0.652255237103, 1.51440966129, 10.8710584641, 1.77219116688, -4.18994855881, -0.0222507081926, 20.1236763, 46.5039596558]],
