{
"lowlevel": {
    "average_loudness": 0.987455427647,
    "barkbands_crest": {
        "dmean": 4.2401509285,
        "dmean2": 7.44821929932,
        "dvar": 9.4092092514,
        "dvar2": 28.6425247192,
        "max": 23.3937778473,
        "mean": 15.0127096176,
        "median": 15.1235046387,
        "min": 5.5425620079,
        "var": 14.3325691223
    },
    "barkbands_flatness_db": {
        "dmean": 0.0418168716133,
        "dmean2": 0.0725219920278,
        "dvar": 0.00102602946572,
        "dvar2": 0.00296851247549,
        "max": 0.357843577862,
        "mean": 0.257591456175,
        "median": 0.253916561604,
        "min": 0.169842228293,
        "var": 0.00150827155448
    },
    "barkbands_kurtosis": {
        "dmean": 8.85873603821,
        "dmean2": 15.7500505447,
        "dvar": 96.8428039551,
        "dvar2": 267.758209229,
        "max": 56.8654441833,
        "mean": 9.2498922348,
        "median": 6.84707260132,
        "min": -1.74516284466,
        "var": 99.032585144
    },
    "barkbands_skewness": {
        "dmean": 1.23110902309,
        "dmean2": 2.11937427521,
        "dvar": 1.04933357239,
        "dvar2": 2.98124623299,
        "max": 6.89498996735,
        "mean": 2.68529987335,
        "median": 2.62633275986,
        "min": -0.896224319935,
        "var": 1.73610341549
    },
    "barkbands_spread": {
        "dmean": 4.5834774971,
        "dmean2": 7.82446622849,
        "dvar": 13.6099491119,
        "dvar2": 40.4002532959,
        "max": 29.4011478424,
        "mean": 9.47995281219,
        "median": 8.14423561096,
        "min": 1.56132924557,
        "var": 27.9827575684
    },
    "dissonance": {
        "dmean": 0.018984021619,
        "dmean2": 0.0320929177105,
        "dvar": 0.000219270237722,
        "dvar2": 0.000623846019153,
        "max": 0.499288916588,
        "mean": 0.463991194963,
        "median": 0.465396940708,
        "min": 0.394105583429,
        "var": 0.00031653221231
    },
    "dynamic_complexity": 0.803853273392,
    "erbbands_crest": {
        "dmean": 4.23177862167,
        "dmean2": 7.32418203354,
        "dvar": 11.8385219574,
        "dvar2": 33.2741699219,
        "max": 23.7257442474,
        "mean": 11.0265512466,
        "median": 10.5359621048,
        "min": 4.20442390442,
        "var": 15.4384660721
    },
    "erbbands_flatness_db": {
        "dmean": 0.0169090889394,
        "dmean2": 0.0287901982665,
        "dvar": 0.000212465238292,
        "dvar2": 0.000550972938072,
        "max": 0.316708475351,
        "mean": 0.265761971474,
        "median": 0.264415502548,
        "min": 0.159147635102,
        "var": 0.000362541381037
    },
    "erbbands_kurtosis": {
        "dmean": 0.743195235729,
        "dmean2": 1.31348752975,
        "dvar": 0.887497425079,
        "dvar2": 2.48867940903,
        "max": 4.66742992401,
        "mean": -0.807337760925,
        "median": -1.14489483833,
        "min": -1.6951738596,
        "var": 0.883321642876
    },
    "erbbands_skewness": {
        "dmean": 0.567886352539,
        "dmean2": 0.973663210869,
        "dvar": 0.227940514684,
        "dvar2": 0.652539968491,
        "max": 2.05961799622,
        "mean": 0.247086763382,
        "median": 0.261625230312,
        "min": -2.07562255859,
        "var": 0.426583081484
    },
    "erbbands_spread": {
        "dmean": 6.60845375061,
        "dmean2": 11.2253694534,
        "dvar": 30.6515445709,
        "dvar2": 84.5425949097,
        "max": 58.7134780884,
        "mean": 38.2137413025,
        "median": 39.0164604187,
        "min": 10.8572530746,
        "var": 66.5229797363
    },
    "hfc": {
        "dmean": 5.46101284027,
        "dmean2": 9.13913249969,
        "dvar": 24.4893074036,
        "dvar2": 66.2336196899,
        "max": 64.5433807373,
        "mean": 17.5324440002,
        "median": 16.545627594,
        "min": 3.93202376366,
        "var": 70.6552886963
    },
    "melbands_crest": {
        "dmean": 3.46967339516,
        "dmean2": 6.14853572845,
        "dvar": 8.55009937286,
        "dvar2": 26.7203865051,
        "max": 29.8208332062,
        "mean": 19.2693881989,
        "median": 19.3901748657,
        "min": 6.77213382721,
        "var": 11.5057144165
    },
    "melbands_flatness_db": {
        "dmean": 0.0468243546784,
        "dmean2": 0.0807535350323,
        "dvar": 0.0012794128852,
        "dvar2": 0.00366155267693,
        "max": 0.445027261972,
        "mean": 0.33601167798,
        "median": 0.33751681447,
        "min": 0.202899232507,
        "var": 0.00222667888738
    },
    "melbands_kurtosis": {
        "dmean": 18.0428638458,
        "dmean2": 31.5799655914,
        "dvar": 373.449951172,
        "dvar2": 1021.54418945,
        "max": 131.702270508,
        "mean": 23.1606044769,
        "median": 18.5259380341,
        "min": -1.57219600677,
        "var": 417.653808594
    },
    "melbands_skewness": {
        "dmean": 1.56185662746,
        "dmean2": 2.65710687637,
        "dvar": 1.66950249672,
        "dvar2": 4.65436506271,
        "max": 9.78825950623,
        "mean": 4.05250024796,
        "median": 3.95513629913,
        "min": -0.0638279020786,
        "var": 2.90280795097
    },
    "melbands_spread": {
        "dmean": 6.06180334091,
        "dmean2": 10.3409528732,
        "dvar": 35.4112319946,
        "dvar2": 101.623268127,
        "max": 51.5335121155,
        "mean": 10.6976890564,
        "median": 7.92469549179,
        "min": 1.58166408539,
        "var": 68.8777770996
    },
    "pitch_salience": {
        "dmean": 0.115995079279,
        "dmean2": 0.199709996581,
        "dvar": 0.00794045720249,
        "dvar2": 0.0222522169352,
        "max": 0.649902999401,
        "mean": 0.338171005249,
        "median": 0.326494663954,
        "min": 0.0957973003387,
        "var": 0.0144847370684
    },
    "silence_rate_20dB": {
        "dmean": 0,
        "dmean2": 0,
        "dvar": 0,
        "dvar2": 0,
        "max": 1,
        "mean": 1,
        "median": 1,
        "min": 1,
        "var": 0
    },
    "silence_rate_30dB": {
        "dmean": 0,
        "dmean2": 0,
        "dvar": 0,
        "dvar2": 0,
        "max": 1,
        "mean": 1,
        "median": 1,
        "min": 1,
        "var": 0
    },
    "silence_rate_60dB": {
        "dmean": 0,
        "dmean2": 0,
        "dvar": 0,
        "dvar2": 0,
        "max": 0,
        "mean": 0,
        "median": 0,
        "min": 0,
        "var": 0
    },
    "spectral_centroid": {
        "dmean": 217.147018433,
        "dmean2": 367.118743896,
        "dvar": 36265.984375,
        "dvar2": 109097.273438,
        "max": 1840.28735352,
        "mean": 590.360595703,
        "median": 515.089111328,
        "min": 239.618865967,
        "var": 73280.703125
    },
    "spectral_complexity": {
        "dmean": 3.03263401985,
        "dmean2": 4.92990636826,
        "dvar": 5.6819152832,
        "dvar2": 15.5605297089,
        "max": 34,
        "mean": 19.3488368988,
        "median": 19,
        "min": 6,
        "var": 18.9666976929
    },
    "spectral_decrease": {
        "dmean": 5.92919224829e-09,
        "dmean2": 1.03915516192e-08,
        "dvar": 1.88723159269e-17,
        "dvar2": 5.34204952464e-17,
        "max": -1.7335597402e-09,
        "mean": -1.15972822456e-08,
        "median": -1.10418660881e-08,
        "min": -2.43483988527e-08,
        "var": 2.33399349589e-17
    },
    "spectral_energy": {
        "dmean": 0.0227619353682,
        "dmean2": 0.0398851893842,
        "dvar": 0.000277471088339,
        "dvar2": 0.000785449694376,
        "max": 0.0937820523977,
        "mean": 0.0453609451652,
        "median": 0.0437783673406,
        "min": 0.00689948024228,
        "var": 0.000345169944922
    },
    "spectral_energyband_high": {
        "dmean": 1.28754545585e-05,
        "dmean2": 1.89375641639e-05,
        "dvar": 2.41366537868e-10,
        "dvar2": 5.56219070802e-10,
        "max": 0.000230854537222,
        "mean": 4.41105512436e-05,
        "median": 3.28891728714e-05,
        "min": 3.67014808944e-06,
        "var": 1.41661971043e-09
    },
    "spectral_energyband_low": {
        "dmean": 0.000769038742874,
        "dmean2": 0.00131100416183,
        "dvar": 1.42680482895e-06,
        "dvar2": 3.81232985092e-06,
        "max": 0.021111831069,
        "mean": 0.00132663385011,
        "median": 0.000882379361428,
        "min": 0.000109275722934,
        "var": 3.01851696349e-06
    },
    "spectral_energyband_middle_high": {
        "dmean": 0.00167952955235,
        "dmean2": 0.00263965129852,
        "dvar": 7.68285644881e-06,
        "dvar2": 1.81257910299e-05,
        "max": 0.034000877291,
        "mean": 0.0046688024886,
        "median": 0.00308516458608,
        "min": 0.000723190547433,
        "var": 2.48144388024e-05
    },
    "spectral_energyband_middle_low": {
        "dmean": 0.0231461450458,
        "dmean2": 0.0408488065004,
        "dvar": 0.000291605101665,
        "dvar2": 0.000803320843261,
        "max": 0.0921666547656,
        "mean": 0.0399514548481,
        "median": 0.037660613656,
        "min": 0.00286083272658,
        "var": 0.000369174638763
    },
    "spectral_entropy": {
        "dmean": 0.278730779886,
        "dmean2": 0.485282242298,
        "dvar": 0.0481414943933,
        "dvar2": 0.145651295781,
        "max": 7.27107191086,
        "mean": 6.73871994019,
        "median": 6.76027822495,
        "min": 5.95459365845,
        "var": 0.0717408657074
    },
    "spectral_flux": {
        "dmean": 0.0355273894966,
        "dmean2": 0.0614010803401,
        "dvar": 0.000797813059762,
        "dvar2": 0.00236040260643,
        "max": 0.253310829401,
        "mean": 0.108941808343,
        "median": 0.105181127787,
        "min": 0.0438802093267,
        "var": 0.00136032619048
    },
    "spectral_kurtosis": {
        "dmean": 7.3032913208,
        "dmean2": 12.7829351425,
        "dvar": 27.0488128662,
        "dvar2": 81.050567627,
        "max": 33.7570610046,
        "mean": 13.5321531296,
        "median": 12.986623764,
        "min": 1.81031227112,
        "var": 41.0430717468
    },
    "spectral_rms": {
        "dmean": 0.00171298033092,
        "dmean2": 0.00297754164785,
        "dvar": 1.56380406224e-06,
        "dvar2": 4.49352546639e-06,
        "max": 0.00956528540701,
        "mean": 0.00650011049584,
        "median": 0.00653533451259,
        "min": 0.00259445561096,
        "var": 2.0031538952e-06
    },
    "spectral_rolloff": {
        "dmean": 375.450500488,
        "dmean2": 664.107543945,
        "dvar": 157684.8125,
        "dvar2": 415407.125,
        "max": 2411.71875,
        "mean": 626.966003418,
        "median": 452.197265625,
        "min": 193.798828125,
        "var": 265452.4375
    },
    "spectral_skewness": {
        "dmean": 0.582809507847,
        "dmean2": 1.01942789555,
        "dvar": 0.177199885249,
        "dvar2": 0.510686635971,
        "max": 3.8329012394,
        "mean": 2.11435341835,
        "median": 2.08114719391,
        "min": 0.880239129066,
        "var": 0.298791527748
    },
    "spectral_spread": {
        "dmean": 216715.109375,
        "dmean2": 352107.65625,
        "dvar": 194153529344,
        "dvar2": 227634003968,
        "max": 10452874,
        "mean": 2020892.25,
        "median": 1978254,
        "min": 1437631.125,
        "var": 222000414720
    },
    "spectral_strongpeak": {
        "dmean": 0.547380805016,
        "dmean2": 0.979049801826,
        "dvar": 0.672886192799,
        "dvar2": 2.1162686348,
        "max": 6.65074777603,
        "mean": 1.20594215393,
        "median": 1.11769735813,
        "min": 0.140823319554,
        "var": 0.506394386292
    },
    "zerocrossingrate": {
        "dmean": 0.00541206821799,
        "dmean2": 0.00775317614898,
        "dvar": 2.26241954806e-05,
        "dvar2": 4.60926021333e-05,
        "max": 0.06640625,
        "mean": 0.0250647254288,
        "median": 0.02197265625,
        "min": 0.00439453125,
        "var": 0.000109711036202
    },
    "barkbands": {
        "dmean": [3.15519719152e-06, 0.000330558803398, 0.000258344458416, 0.00546266743913, 0.0194455571473, 0.000445932499133, 0.0004493802262, 0.000810629222542, 0.000745277677197, 0.00017827010015, 0.000575924874283, 9.19544399949e-05, 9.94848596747e-05, 0.000725699937902, 0.00023712964321, 0.000614227028564, 0.000231397134485, 8.80808365764e-05, 1.96115215658e-05, 1.15829561764e-05, 9.50392222876e-06, 1.31193826292e-06, 2.10186712479e-07, 3.19823982409e-07, 6.02263199312e-08, 3.09502858897e-08, 2.93150961284e-08],
        "dmean2": [4.6730970098e-06, 0.000594525015913, 0.000482500530779, 0.0090863769874, 0.0345388762653, 0.000757869158406, 0.000765167409554, 0.00141037569847, 0.00121391867287, 0.000300601619529, 0.000871579220984, 0.000158101611305, 0.000171102103195, 0.00118817598559, 0.000395049486542, 0.00102330301888, 0.000407353101764, 0.000153034678078, 3.25709479512e-05, 1.83634510904e-05, 1.4054678104e-05, 2.2216383968e-06, 3.28063777033e-07, 4.88648822738e-07, 7.99933062012e-08, 3.63101300138e-08, 3.27008677914e-08],
        "dvar": [2.41025366332e-10, 8.63531454343e-07, 1.88686499314e-07, 1.57626018336e-05, 0.000216310261749, 2.55677520045e-07, 1.73609066678e-07, 7.75409262133e-07, 6.12609767359e-07, 5.34719184486e-08, 2.5697925139e-06, 3.61767931167e-08, 1.3000614274e-07, 1.0728098232e-06, 1.98274321406e-07, 2.45982346314e-06, 6.8188876412e-07, 2.90908150902e-08, 9.85274750676e-10, 7.40293715218e-10, 1.67152985897e-10, 3.62280756609e-12, 1.91213933793e-13, 4.44475321349e-13, 1.25373656227e-13, 1.18431292876e-13, 1.34575849271e-13],
        "dvar2": [2.47447395907e-10, 2.02588717002e-06, 6.5404333327e-07, 3.76541502192e-05, 0.000620238366537, 7.42077929772e-07, 4.61657577944e-07, 2.36244386542e-06, 1.5956709376e-06, 1.44490996945e-07, 4.86889985041e-06, 9.28854007043e-08, 3.69394143718e-07, 2.8502367968e-06, 5.24546749148e-07, 7.10026097295e-06, 1.95728512153e-06, 7.37568868203e-08, 2.73098410553e-09, 1.41052469704e-09, 3.81057518872e-10, 9.9606815851e-12, 2.97653747353e-13, 7.80597158093e-13, 1.31171847472e-13, 1.19024839355e-13, 1.34897518503e-13],
        "max": [0.000315250246786, 0.0167119074613, 0.00396484322846, 0.0271802991629, 0.0768327191472, 0.00429089693353, 0.00592154311016, 0.00777151901275, 0.00810356158763, 0.00236094323918, 0.0266169477254, 0.00234067090787, 0.00543853500858, 0.0131803741679, 0.00509726721793, 0.0189168993384, 0.013832109049, 0.00229965662584, 0.000377696851501, 0.000329431815771, 0.000218138302444, 2.46980325755e-05, 6.90108845447e-06, 6.97059931554e-06, 6.42919940219e-06, 6.35935157334e-06, 6.79036611473e-06],
        "mean": [3.74717910745e-06, 0.000463274132926, 0.000278250139672, 0.00947297550738, 0.0263979248703, 0.000813172780909, 0.000761401373893, 0.00109339109622, 0.00132389937062, 0.000292661861749, 0.000912225572392, 0.000141960437759, 0.0001599832176, 0.00104981998447, 0.000406486273278, 0.00108919769991, 0.000431006017607, 0.000171857507667, 3.96025425289e-05, 2.38033462665e-05, 3.05655630655e-05, 2.61329728346e-06, 4.40630515186e-07, 5.64507672607e-07, 1.11080076692e-07, 3.89893273223e-08, 5.41428128997e-08],
        "median": [2.12088980334e-06, 0.000147546234075, 0.000153374159709, 0.00899545662105, 0.0234877169132, 0.000520529865753, 0.000603420834523, 0.000831205979921, 0.000988434068859, 0.000197634159122, 0.000197571440367, 7.5706950156e-05, 7.36481088097e-05, 0.000732480140869, 0.000239466695348, 0.000626397784799, 0.000329251692165, 0.000106314473669, 2.63805413852e-05, 1.26589984575e-05, 2.01377115445e-05, 1.92032075574e-06, 3.21849086049e-07, 3.31921910401e-07, 6.22320328603e-08, 1.23277761332e-08, 2.9612108321e-08],
        "min": [4.61350460057e-08, 5.08683842781e-06, 3.03907540911e-06, 8.39865970192e-05, 0.000623271916993, 4.2656352889e-05, 2.94123146887e-05, 6.20565115241e-05, 6.84224796714e-05, 1.62704982358e-05, 1.2237662304e-05, 7.49278751755e-06, 8.91893068911e-06, 6.85314080329e-05, 3.16820260196e-05, 8.87272763066e-05, 2.9842609365e-05, 1.66308745975e-05, 5.55950509806e-06, 2.1246084998e-06, 1.19775666008e-06, 3.52580798335e-07, 7.12346945875e-08, 5.83711425861e-08, 1.51431116535e-08, 1.82736137333e-09, 7.70315455867e-09],
        "var": [2.44220088597e-10, 1.81165080448e-06, 1.77039652272e-07, 3.37607343681e-05, 0.000251850724453, 6.07235222105e-07, 4.04228671869e-07, 8.78950686456e-07, 1.22634389754e-06, 1.01795123442e-07, 6.27817962595e-06, 5.32363344519e-08, 1.13033543414e-07, 1.2835656662e-06, 3.28575680442e-07, 3.25456812789e-06, 5.03892579218e-07, 6.09152692732e-08, 2.09921302563e-09, 1.32458344293e-09, 1.09733233611e-09, 6.16154263028e-12, 2.4273061317e-13, 6.42597791384e-13, 1.31480872197e-13, 1.18250204008e-13, 1.34156344345e-13]
    },
    "erbbands": {
        "dmean": [0.00380652397871, 0.093978010118, 0.341131031513, 7.1150097847, 82.8843307495, 34.7029647827, 2.46027040482, 4.40506887436, 6.03303861618, 6.3634185791, 24.3797683716, 15.9583644867, 7.79820489883, 10.5526533127, 18.014251709, 2.94824337959, 4.88628816605, 15.1493911743, 32.7758789062, 28.885269165, 20.3472595215, 13.3176021576, 4.57426977158, 2.96193408966, 0.454982459545, 0.647524893284, 0.208611235023, 0.486081033945, 0.0582521297038, 0.00759509857744, 0.00772501248866, 0.00843464583158, 0.00367962056771, 0.00104251247831, 0.000262110756012, 0.00013393649715, 5.72614444536e-05, 1.7937467419e-05, 1.33053736135e-05, 2.47104217124e-05],
        "dmean2": [0.00664140796289, 0.167769506574, 0.612431585789, 12.0305242538, 145.085571289, 60.1960067749, 3.96059250832, 7.51107549667, 10.0897521973, 10.8416318893, 42.2765312195, 26.2347202301, 13.0322399139, 17.2224884033, 26.50507164, 4.77780199051, 8.45418167114, 25.4519348145, 55.15832901, 48.0090866089, 33.5566329956, 23.4061317444, 7.71102142334, 5.1514582634, 0.731969833374, 1.03480899334, 0.313048779964, 0.719439923763, 0.0945598036051, 0.0118001373485, 0.0121906464919, 0.0129625452682, 0.00549086323008, 0.00144411390647, 0.000313565687975, 0.00015761499526, 6.71342640999e-05, 2.00145132112e-05, 2.06518561754e-05, 4.3224550609e-05],
        "dvar": [0.000132387736812, 0.0647865757346, 0.33128413558, 24.9745616913, 3798.64916992, 706.128723145, 7.22796821594, 23.6129493713, 30.0629577637, 52.8432350159, 752.904785156, 325.09185791, 103.277503967, 283.860992432, 3007.92041016, 31.3788318634, 365.177001953, 1349.32592773, 1530.36694336, 7453.97021484, 1210.77050781, 1511.59204102, 49.5912322998, 31.6268978119, 0.351160854101, 2.9524474144, 0.0544590316713, 0.474512726068, 0.00593522563577, 0.000254454265814, 0.000204308744287, 0.000247770396527, 8.59313295223e-05, 1.76315516001e-05, 6.03404487265e-06, 1.83755332728e-06, 4.0721695882e-07, 5.23260403895e-08, 2.60324140022e-09, 3.29381355524e-10],
        "dvar2": [0.000290111434879, 0.156492203474, 1.12721824646, 60.847568512, 10474.5166016, 2164.83447266, 17.1469364166, 70.967010498, 75.2234039307, 148.817367554, 2271.40600586, 876.838256836, 255.120895386, 618.719482422, 5841.01416016, 73.8653259277, 1038.87573242, 3511.03149414, 4338.00830078, 20858.2167969, 3046.26928711, 4295.86376953, 129.114013672, 81.6042175293, 0.799407958984, 5.59555530548, 0.123483866453, 1.02157020569, 0.0158090125769, 0.000381247111363, 0.000399346026825, 0.000487767509185, 0.000131898224936, 1.99103342311e-05, 6.06014418736e-06, 1.84749455912e-06, 4.08039312561e-07, 5.24444736527e-08, 2.56042298474e-09, 9.17706799441e-10],
        "max": [0.200050786138, 4.55306720734, 7.24662923813, 33.4482192993, 335.977661133, 217.96647644, 43.4699554443, 41.8515052795, 60.7425460815, 83.6695861816, 219.836639404, 220.213439941, 146.776550293, 247.747634888, 909.663879395, 85.2431793213, 292.988494873, 584.891113281, 444.277404785, 1188.45837402, 379.707946777, 661.578125, 91.5727081299, 65.5020751953, 7.96863937378, 20.1522960663, 3.0716354847, 11.7716245651, 1.05441987514, 0.246872708201, 0.189757287502, 0.152672603726, 0.110609203577, 0.0731386095285, 0.0454363375902, 0.0250720586628, 0.0118174655363, 0.00423151860014, 0.000981992692687, 0.000134828907903],
        "mean": [0.00569448806345, 0.134505659342, 0.544969201088, 12.4053096771, 116.866348267, 47.7149391174, 5.37184619904, 8.3533039093, 11.0811595917, 11.2403907776, 34.4481887817, 28.5750675201, 14.6551351547, 17.2817001343, 29.6589221954, 6.09411811829, 7.81018781662, 23.9594955444, 50.6493034363, 48.5175018311, 42.0763168335, 26.4450416565, 10.2254810333, 5.90401887894, 1.2157791853, 1.22459197044, 0.654111564159, 1.49987113476, 0.162036255002, 0.0195468589664, 0.0159878209233, 0.0148226711899, 0.00642084190622, 0.00197889399715, 0.000475737557281, 0.000226784934057, 7.78496687417e-05, 2.50631273957e-05, 2.83352128463e-05, 5.17027910973e-05],
        "median": [0.00230926601216, 0.0454678162932, 0.379757285118, 11.6846408844, 103.6563797, 39.6529998779, 4.03535556793, 5.22885847092, 8.5916557312, 8.20343208313, 25.2890644073, 20.7842140198, 9.5438041687, 8.71177482605, 5.39138221741, 3.14731240273, 3.61090540886, 16.0041847229, 36.8175125122, 20.3091049194, 28.2090644836, 20.8714294434, 7.15364646912, 3.74454784393, 0.824314773083, 0.550232350826, 0.534698963165, 0.802588164806, 0.125095427036, 0.0149342846125, 0.0117295645177, 0.00915302988142, 0.00376160349697, 0.0011412166059, 0.000246518582571, 0.000111975365144, 2.91725555144e-05, 9.32020793698e-06, 2.46587369475e-05, 5.03518385813e-05],
        "min": [0.000305995112285, 0.00524987326935, 0.0627304241061, 0.385194808245, 1.65707421303, 2.72762775421, 0.57673573494, 0.481735616922, 0.900244295597, 0.968599498272, 3.01293969154, 1.91428363323, 1.71813809872, 0.742845475674, 0.444631665945, 0.492636054754, 0.530002951622, 2.22122502327, 4.04454755783, 3.38630962372, 3.90710115433, 1.75527048111, 0.944747626781, 0.657659590244, 0.120616436005, 0.105814643204, 0.0630014538765, 0.03991285339, 0.0177677255124, 0.003528381465, 0.00286402646452, 0.00172989000566, 0.000750880048145, 0.000316333404044, 8.53392411955e-05, 3.97611620429e-05, 7.91627007857e-06, 3.82828329748e-06, 7.00049031366e-06, 8.67596554599e-06],
        "var": [0.000238919761614, 0.135688468814, 0.429765582085, 49.6823959351, 5012.97363281, 1031.43701172, 29.767616272, 63.3836936951, 69.6970367432, 101.016227722, 854.888244629, 641.00793457, 226.740036011, 679.374511719, 7326.92578125, 72.2824707031, 299.558288574, 1317.25317383, 2178.7265625, 10343.4208984, 2292.88061523, 1206.87609863, 108.257064819, 63.9255905151, 1.36254560947, 5.20579051971, 0.211401998997, 3.46466422081, 0.0169772226363, 0.00041038467316, 0.000271651399089, 0.0003719018423, 0.000114626142022, 2.01906004804e-05, 6.06852563578e-06, 1.84205498499e-06, 4.07291736337e-07, 5.22059941943e-08, 2.77001688254e-09, 4.33869412619e-10]
    },
    "gfcc": {
        "mean": [-62.0091705322, 181.720916748, -160.274765015, 20.3245258331, -31.2051887512, -29.2509994507, -38.8200683594, -22.2181949615, -11.0762805939, -29.2844314575, -30.9731788635, -30.3519268036, -0.73940885067],
        "cov": [[378.12890625, -71.7907409668, -143.838272095, -21.037853241, -21.300409317, 35.8325233459, 15.8147315979, 16.3225765228, -35.7413711548, -6.50415802002, 18.5951004028, 29.2973423004, 20.8070888519], [-71.7907409668, 157.543701172, 72.030418396, -21.770368576, 37.6695251465, -10.1981878281, 24.5827255249, 14.056511879, 34.8637580872, 9.88697147369, 30.1712207794, -8.64202594757, 0.744206368923], [-143.838272095, 72.030418396, 306.136108398, 47.5384559631, 9.57158374786, -4.0746512413, -35.5504798889, 27.0070075989, 42.2010498047, 11.1326942444, 3.05034089088, -35.7584457397, -20.1365890503], [-21.037853241, -21.770368576, 47.5384559631, 78.4010162354, 8.38260173798, 2.41182017326, 2.83452296257, -5.75197601318, 14.7413806915, 9.3680973053, -8.24089717865, -2.91147947311, 6.85227632523], [-21.300409317, 37.6695251465, 9.57158374786, 8.38260173798, 69.6035461426, 15.5903215408, 17.3404350281, -10.9762620926, 2.76174807549, 3.04567170143, 1.53385806084, 4.11266136169, -1.83877980709], [35.8325233459, -10.1981878281, -4.0746512413, 2.41182017326, 15.5903215408, 73.7715682983, 18.9417877197, 18.996799469, 2.11189389229, 8.74722671509, 26.142370224, 16.0523052216, 2.28429889679], [15.8147315979, 24.5827255249, -35.5504798889, 2.83452296257, 17.3404350281, 18.9417877197, 68.8416442871, -0.369828343391, -8.12971687317, 7.61076927185, 0.548998117447, 21.206659317, 7.12620687485], [16.3225765228, 14.056511879, 27.0070075989, -5.75197601318, -10.9762620926, 18.996799469, -0.369828343391, 67.7644805908, 22.6993637085, 6.39451026917, 23.2321472168, 6.18335199356, 2.06117033958], [-35.7413711548, 34.8637580872, 42.2010498047, 14.7413806915, 2.76174807549, 2.11189389229, -8.12971687317, 22.6993637085, 50.355632782, 25.3008422852, 1.36764812469, -10.8181753159, -7.03988838196], [-6.50415802002, 9.88697147369, 11.1326942444, 9.3680973053, 3.04567170143, 8.74722671509, 7.61076927185, 6.39451026917, 25.3008422852, 61.1371917725, 7.93034076691, 3.14309287071, -10.5950975418], [18.5951004028, 30.1712207794, 3.05034089088, -8.24089717865, 1.53385806084, 26.142370224, 0.548998117447, 23.2321472168, 1.36764812469, 7.93034076691, 57.0705947876, 17.2340431213, 5.09823560715], [29.2973423004, -8.64202594757, -35.7584457397, -2.91147947311, 4.11266136169, 16.0523052216, 21.206659317, 6.18335199356, -10.8181753159, 3.14309287071, 17.2340431213, 54.11561203, 15.0738382339], [20.8070888519, 0.744206368923, -20.1365890503, 6.85227632523, -1.83877980709, 2.28429889679, 7.12620687485, 2.06117033958, -7.03988838196, -10.5950975418, 5.09823560715, 15.0738382339, 33.5221099854]],
        "icov": [[0.00378369283862, 0.000464426673716, 0.00154357473366, -0.000215302454308, 0.000544881273527, -0.00137290137354, 0.000372446607798, -0.00180847744923, 0.00234458246268, -0.00076213106513, -0.000200966009288, 0.000345525564626, -0.00110545591451], [0.000464426673716, 0.0390374660492, -0.0108443563804, 0.0250714141876, -0.0173734333366, 0.0215928666294, -0.0295111276209, 0.0118932416663, -0.0381752587855, 0.00892629567534, -0.0331395827234, 0.0119227413088, -0.0151930963621], [0.00154357473366, -0.0108443563804, 0.00842635333538, -0.0101531408727, 0.00405932962894, -0.0062314691022, 0.0101730963215, -0.00607630191371, 0.0103753395379, -0.00224609533325, 0.00839586183429, -0.00147592579015, 0.00613380689174], [-0.000215302454308, 0.0250714141876, -0.0101531408727, 0.0331245101988, -0.0115147950128, 0.0122981062159, -0.0202838834375, 0.0119688743725, -0.0295886415988, 0.00417353026569, -0.0184669476002, 0.00734224915504, -0.0165742449462], [0.000544881273527, -0.0173734333366, 0.00405932962894, -0.0115147950128, 0.025526477024, -0.0136324325576, 0.00872764829546, 0.000259074469795, 0.013350283727, -0.00210431963205, 0.0136024039239, -0.0061600888148, 0.00813736673445], [-0.00137290137354, 0.0215928666294, -0.0062314691022, 0.0122981062159, -0.0136324325576, 0.0317938365042, -0.0201429799199, 0.00307810725644, -0.0208391435444, 0.00449234293774, -0.0252660885453, 0.00521983578801, -0.00616691680625], [0.000372446607798, -0.0295111276209, 0.0101730963215, -0.0202838834375, 0.00872764829546, -0.0201429799199, 0.0426278188825, -0.0118429008871, 0.0337287820876, -0.0109451767057, 0.0294971447438, -0.0140251060948, 0.00964324455708], [-0.00180847744923, 0.0118932416663, -0.00607630191371, 0.0119688743725, 0.000259074469795, 0.00307810725644, -0.0118429008871, 0.0296908318996, -0.0272729247808, 0.0075028622523, -0.0172168798745, 0.00107953103725, -0.00596476439387], [0.00234458246268, -0.0381752587855, 0.0103753395379, -0.0295886415988, 0.013350283727, -0.0208391435444, 0.0337287820876, -0.0272729247808, 0.0776815339923, -0.0241280477494, 0.0364956706762, -0.00562794925645, 0.0139999650419], [-0.00076213106513, 0.00892629567534, -0.00224609533325, 0.00417353026569, -0.00210431963205, 0.00449234293774, -0.0109451767057, 0.0075028622523, -0.0241280477494, 0.0271897353232, -0.0120044825599, -0.00125529640354, 0.00543320411816], [-0.000200966009288, -0.0331395827234, 0.00839586183429, -0.0184669476002, 0.0136024039239, -0.0252660885453, 0.0294971447438, -0.0172168798745, 0.0364956706762, -0.0120044825599, 0.0546453148127, -0.0158499423414, 0.00962116383016], [0.000345525564626, 0.0119227413088, -0.00147592579015, 0.00734224915504, -0.0061600888148, 0.00521983578801, -0.0140251060948, 0.00107953103725, -0.00562794925645, -0.00125529640354, -0.0158499423414, 0.0318397805095, -0.0141305150464], [-0.00110545591451, -0.0151930963621, 0.00613380689174, -0.0165742449462, 0.00813736673445, -0.00616691680625, 0.00964324455708, -0.00596476439387, 0.0139999650419, 0.00543320411816, 0.00962116383016, -0.0141305150464, 0.0466585047543]]
    },
    "melbands": {
        "dmean": [6.19293568889e-05, 0.000155315050506, 0.00360233290121, 0.00488658761606, 0.000159725619596, 9.71155750449e-05, 9.15495911613e-05, 6.76932104398e-05, 0.000217084860196, 9.6516465419e-05, 3.90146378777e-05, 3.87358522858e-05, 8.20735804155e-05, 1.16489272841e-05, 9.12777068152e-06, 9.02736246644e-06, 3.56228483724e-05, 7.09393643774e-05, 2.38710399572e-05, 5.02810289618e-05, 2.32006132137e-05, 1.65895744431e-05, 6.89555963618e-06, 4.77700677948e-06, 2.38376514972e-06, 4.25760589451e-07, 3.88132008311e-07, 4.35364796658e-07, 8.73426273529e-08, 3.11469506187e-07, 2.27589850965e-07, 4.04298212686e-08, 8.68042349111e-09, 2.94444935101e-09, 5.12832398769e-09, 3.29504823426e-09, 6.31729468736e-09, 3.16836978875e-09, 1.37597833128e-09, 7.27605919959e-10],
        "dmean2": [0.000110600420157, 0.000277537357761, 0.00616480829194, 0.0086833005771, 0.000254843063885, 0.000164845841937, 0.000151693660882, 0.000114595401101, 0.000378008349799, 0.000157848437084, 6.47647975711e-05, 6.37730190647e-05, 0.00012182341743, 1.97988465516e-05, 1.54048393597e-05, 1.56312926265e-05, 6.00304192631e-05, 0.000118972995551, 3.96923715016e-05, 8.37960542412e-05, 3.87499894714e-05, 2.89852268907e-05, 1.14681379273e-05, 8.08190725365e-06, 4.1825342123e-06, 6.93801268881e-07, 6.13465999777e-07, 7.04237606897e-07, 1.40661995829e-07, 4.73678539947e-07, 3.38964753155e-07, 6.76319587001e-08, 1.41979530355e-08, 4.4672159305e-09, 8.28535640096e-09, 4.9998933882e-09, 9.83568515522e-09, 4.80602491137e-09, 1.98790295336e-09, 1.01301589339e-09],
        "dvar": [3.54653586498e-08, 1.05740269873e-07, 6.66961705065e-06, 1.38584055094e-05, 3.62407206467e-08, 1.15064926476e-08, 6.42410258322e-09, 5.06292696656e-09, 6.09426393794e-08, 1.27008474848e-08, 2.75739808764e-09, 3.07122993704e-09, 6.35274233218e-08, 6.95674018392e-10, 4.76966466323e-10, 1.11706910388e-09, 6.92324331197e-09, 6.72319311334e-09, 2.52245424548e-09, 2.05250714203e-08, 1.31115618363e-09, 3.30571103824e-09, 4.90805278364e-11, 1.23539511954e-10, 1.77802148005e-11, 3.27289844532e-13, 6.09925846808e-13, 1.17670261555e-12, 1.19434788055e-14, 1.94115394331e-13, 9.79362329624e-14, 3.05408486451e-15, 3.44294011466e-16, 5.38840604966e-17, 8.37305766472e-17, 4.59050829253e-17, 1.32629954128e-16, 6.66536909814e-17, 1.73739427674e-17, 1.11410640599e-17],
        "dvar2": [7.90873926348e-08, 3.20571018619e-07, 1.72311029019e-05, 4.01337492804e-05, 7.16618586694e-08, 3.37985994747e-08, 1.6405298453e-08, 1.40394993409e-08, 1.81086448947e-07, 3.34532792579e-08, 6.78567468881e-09, 7.45056372153e-09, 1.2116852588e-07, 1.78714498755e-09, 1.29590160824e-09, 3.21504267653e-09, 1.78845738219e-08, 1.8610480268e-08, 6.78713396596e-09, 5.92740931893e-08, 3.15299608644e-09, 9.46906197896e-09, 1.32748048665e-10, 3.10361486511e-10, 4.72037027521e-11, 7.91841201983e-13, 1.23535198997e-12, 2.23361108255e-12, 2.55019733087e-14, 4.74647231241e-13, 2.01592974085e-13, 8.5883906188e-15, 8.12083467878e-16, 6.26656282551e-17, 1.75300879973e-16, 7.74392129617e-17, 2.69609343031e-16, 1.1321861919e-16, 2.20043873399e-17, 1.22215257217e-17],
        "max": [0.00338644883595, 0.00498782703653, 0.0157994292676, 0.0197385717183, 0.00344306160696, 0.000830327393487, 0.00102659757249, 0.000756311113946, 0.00180446694139, 0.00126046233345, 0.000760780880228, 0.000684372440446, 0.0041820933111, 0.000355275667971, 0.000325109052937, 0.000498298439197, 0.00130510109011, 0.000825567462016, 0.000694938586093, 0.001763866283, 0.000549030606635, 0.000962565129157, 6.90136366757e-05, 0.000152269945829, 4.90232778247e-05, 9.15910459298e-06, 1.01024770629e-05, 1.20755030366e-05, 1.75055322416e-06, 7.31114687369e-06, 5.24896995557e-06, 6.73376916893e-07, 2.70698109262e-07, 1.30752923155e-07, 1.10088919314e-07, 9.91459856436e-08, 1.08659811815e-07, 9.33590484919e-08, 6.74678801715e-08, 5.96952531851e-08],
        "mean": [9.03547770577e-05, 0.000195601096493, 0.00573501829058, 0.00677652843297, 0.000276375154499, 0.000180888091563, 0.000172116197064, 0.000122118974105, 0.000306728470605, 0.000169726758031, 6.89262378728e-05, 6.15411336184e-05, 0.000132100627525, 1.83052161447e-05, 1.46509246406e-05, 1.37016213557e-05, 5.32497979293e-05, 0.000103116457467, 3.94091330236e-05, 7.67258388805e-05, 4.34045214206e-05, 2.92061704386e-05, 1.39175417644e-05, 7.96481617726e-06, 4.48001719633e-06, 9.14345093861e-07, 7.64731112213e-07, 7.74893180733e-07, 2.44779045033e-07, 9.28136557832e-07, 6.7942755777e-07, 8.04002766586e-08, 1.77896186671e-08, 5.61506796615e-09, 9.78023262377e-09, 6.75776101744e-09, 1.01749719761e-08, 5.08406960975e-09, 2.47043696611e-09, 1.2544338901e-09],
        "median": [2.88169940177e-05, 8.25724055176e-05, 0.00532240699977, 0.00609366968274, 0.000194011459826, 0.000113722198876, 0.000135957467137, 9.17420184123e-05, 0.000224843359319, 0.000123215897474, 4.30819782196e-05, 3.25793007505e-05, 2.19084122364e-05, 9.1703459475e-06, 7.78424328018e-06, 6.0840493461e-06, 3.60413541785e-05, 7.33431661502e-05, 1.98227062356e-05, 3.37372694048e-05, 3.08844028041e-05, 2.21403279284e-05, 1.13100077215e-05, 4.08064443036e-06, 2.90041680273e-06, 5.73818454086e-07, 4.77077151118e-07, 3.28233568325e-07, 1.97508782662e-07, 6.22155084784e-07, 3.48540908135e-07, 6.06450640817e-08, 1.05243724846e-08, 3.93366406115e-09, 6.8255849861e-09, 4.80238071532e-09, 5.91288706886e-09, 2.8247650885e-09, 1.48398537902e-09, 6.7388428171e-10],
        "min": [1.40809174809e-06, 3.68337941836e-06, 0.000162203083164, 0.000136633650982, 1.54548670253e-05, 7.89192472439e-06, 1.32388195198e-05, 7.2120974437e-06, 1.12359139166e-05, 1.02119583971e-05, 5.04229728904e-06, 2.3983675419e-06, 1.52562472522e-06, 9.3105961696e-07, 9.21200751236e-07, 8.53562823977e-07, 3.42195539815e-06, 6.38288292976e-06, 2.03711738322e-06, 4.06915887652e-06, 2.99335306408e-06, 1.56730243361e-06, 1.02021942894e-06, 5.94773212015e-07, 4.5819041361e-07, 1.01924094054e-07, 6.04191683351e-08, 5.8723919949e-08, 3.38480852236e-08, 3.77305902077e-08, 1.84094570699e-08, 1.13781446487e-08, 2.05398853481e-09, 1.09736442155e-09, 1.3637340146e-09, 1.28644572772e-09, 1.05240149928e-09, 5.39300160085e-10, 3.11552589283e-10, 1.3253384501e-10],
        "var": [7.21740249787e-08, 1.74478770987e-07, 1.14054837468e-05, 1.58713301062e-05, 1.3522250697e-07, 3.03417806435e-08, 1.62470463749e-08, 1.0562605901e-08, 6.92640043098e-08, 2.50518716882e-08, 5.95108184953e-09, 6.52273035584e-09, 1.52766176598e-07, 1.08983810865e-09, 5.32511090778e-10, 9.54952894539e-10, 6.71497346616e-09, 9.50081524564e-09, 4.03927336023e-09, 2.61682995273e-08, 2.46273867965e-09, 2.36155894839e-09, 1.02990969919e-10, 2.46233367029e-10, 3.34381446143e-11, 1.28127532455e-12, 1.03012021656e-12, 2.12847968417e-12, 3.78874483056e-14, 9.47917525723e-13, 7.4297648112e-13, 5.44016693605e-15, 6.12650619238e-16, 6.37514914063e-17, 1.08010306242e-16, 6.32825064687e-17, 1.94915820455e-16, 8.48557209513e-17, 2.06001489884e-17, 1.2459781035e-17]
    },
    "mfcc": {
        "mean": [-695.343444824, 206.009613037, -55.4937591553, 37.9647598267, 9.53582382202, -4.91653680801, -20.6534194946, -10.2615175247, 10.7337665558, -7.77019929886, -16.3559703827, -7.75024938583, -31.1329364777],
        "cov": [[491.473114014, -97.1026382446, -173.035507202, -53.3864593506, -65.8664703369, 4.96129131317, 27.2464389801, 34.7493247986, -21.3560695648, -3.73303866386, -42.644077301, -14.3844585419, 47.6830329895], [-97.1026382446, 183.583175659, 43.3236694336, 5.07844638824, 20.3804512024, -3.60128927231, 16.3503074646, 4.01587200165, 4.45392274857, 24.566450119, 34.712348938, 15.6975479126, 12.4624547958], [-173.035507202, 43.3236694336, 258.169494629, 36.7636871338, 62.5000610352, -20.0752811432, -11.8323841095, 1.72035086155, 7.96943950653, 39.2756233215, 32.2496147156, 30.0185661316, -11.5449228287], [-53.3864593506, 5.07844638824, 36.7636871338, 76.0877151489, 15.0965042114, 4.97167301178, -5.71706724167, -11.611281395, 23.9694423676, 0.585720479488, 4.43196153641, 6.60084295273, -6.33057403564], [-65.8664703369, 20.3804512024, 62.5000610352, 15.0965042114, 72.0654144287, 9.46654224396, -3.46345233917, 5.84295225143, -0.304096221924, 20.4861965179, 16.1939201355, 3.91974925995, -1.87556505203], [4.96129131317, -3.60128927231, -20.0752811432, 4.97167301178, 9.46654224396, 72.2103881836, 28.122833252, 1.15526926517, 9.016705513, -8.67121505737, 14.7289428711, 13.3964309692, 3.02921152115], [27.2464389801, 16.3503074646, -11.8323841095, -5.71706724167, -3.46345233917, 28.122833252, 61.5533905029, 23.9752902985, -1.50160074234, 1.48867952824, -2.19230461121, 6.56175804138, 27.8622303009], [34.7493247986, 4.01587200165, 1.72035086155, -11.611281395, 5.84295225143, 1.15526926517, 23.9752902985, 59.2199172974, 6.27143383026, 2.39693284035, -8.51754379272, -3.92889928818, 27.5215530396], [-21.3560695648, 4.45392274857, 7.96943950653, 23.9694423676, -0.304096221924, 9.016705513, -1.50160074234, 6.27143383026, 49.2496566772, 8.01271152496, 3.80102443695, 5.54072189331, -5.29451370239], [-3.73303866386, 24.566450119, 39.2756233215, 0.585720479488, 20.4861965179, -8.67121505737, 1.48867952824, 2.39693284035, 8.01271152496, 59.1504402161, 23.8307857513, 1.91386771202, 7.06254291534], [-42.644077301, 34.712348938, 32.2496147156, 4.43196153641, 16.1939201355, 14.7289428711, -2.19230461121, -8.51754379272, 3.80102443695, 23.8307857513, 62.851360321, 26.9426898956, -10.1457595825], [-14.3844585419, 15.6975479126, 30.0185661316, 6.60084295273, 3.91974925995, 13.3964309692, 6.56175804138, -3.92889928818, 5.54072189331, 1.91386771202, 26.9426898956, 52.3001060486, 2.48153853416], [47.6830329895, 12.4624547958, -11.5449228287, -6.33057403564, -1.87556505203, 3.02921152115, 27.8622303009, 27.5215530396, -5.29451370239, 7.06254291534, -10.1457595825, 2.48153853416, 62.2669715881]],
