{
"lowlevel": {
    "average_loudness": 0.983559846878,
    "barkbands_crest": {
        "dmean": 3.41558408737,
        "dmean2": 5.91460609436,
        "dvar": 7.11128807068,
        "dvar2": 20.841129303,
        "max": 22.9247188568,
        "mean": 11.0837373734,
        "median": 10.7596092224,
        "min": 3.54653358459,
        "var": 14.5400438309
    },
    "barkbands_flatness_db": {
        "dmean": 0.0294881910086,
        "dmean2": 0.0495247989893,
        "dvar": 0.000551093311515,
        "dvar2": 0.00146188947838,
        "max": 0.349262297153,
        "mean": 0.205673918128,
        "median": 0.204707890749,
        "min": 0.111603610218,
        "var": 0.00176909659058
    },
    "barkbands_kurtosis": {
        "dmean": 4.56765460968,
        "dmean2": 7.62037038803,
        "dvar": 34.8431396484,
        "dvar2": 91.0781860352,
        "max": 70.8090438843,
        "mean": 5.94622325897,
        "median": 3.45016002655,
        "min": -1.80543887615,
        "var": 68.8781585693
    },
    "barkbands_skewness": {
        "dmean": 0.755682945251,
        "dmean2": 1.23896098137,
        "dvar": 0.413175046444,
        "dvar2": 1.0877481699,
        "max": 7.24848270416,
        "mean": 2.09965729713,
        "median": 1.99937081337,
        "min": -1.25048267841,
        "var": 1.50674378872
    },
    "barkbands_spread": {
        "dmean": 6.19759082794,
        "dmean2": 10.3394813538,
        "dvar": 30.6000366211,
        "dvar2": 78.9114608765,
        "max": 51.9250144958,
        "mean": 17.963476181,
        "median": 16.5064067841,
        "min": 1.69437730312,
        "var": 93.5504684448
    },
    "dissonance": {
        "dmean": 0.0122509459034,
        "dmean2": 0.0214394833893,
        "dvar": 0.000102086545667,
        "dvar2": 0.000284022622509,
        "max": 0.500000059605,
        "mean": 0.48018848896,
        "median": 0.482478439808,
        "min": 0.430559694767,
        "var": 0.000153268498252
    },
    "dynamic_complexity": 1.23712718487,
    "erbbands_crest": {
        "dmean": 2.83090853691,
        "dmean2": 4.84438753128,
        "dvar": 6.70967435837,
        "dvar2": 18.2449436188,
        "max": 25.762096405,
        "mean": 8.02670478821,
        "median": 7.08811950684,
        "min": 3.3043422699,
        "var": 11.0807590485
    },
    "erbbands_flatness_db": {
        "dmean": 0.0122560374439,
        "dmean2": 0.0208264216781,
        "dvar": 0.000116371433251,
        "dvar2": 0.000313069700496,
        "max": 0.282870680094,
        "mean": 0.208435043693,
        "median": 0.206264317036,
        "min": 0.0964012295008,
        "var": 0.000317527563311
    },
    "erbbands_kurtosis": {
        "dmean": 0.745974123478,
        "dmean2": 1.26654922962,
        "dvar": 0.968316495419,
        "dvar2": 2.67336535454,
        "max": 7.61277675629,
        "mean": -0.482205599546,
        "median": -0.805482983589,
        "min": -1.74702346325,
        "var": 1.35625803471
    },
    "erbbands_skewness": {
        "dmean": 0.420018404722,
        "dmean2": 0.690841555595,
        "dvar": 0.117783822119,
        "dvar2": 0.327458888292,
        "max": 1.29165220261,
        "mean": -0.382283717394,
        "median": -0.370857596397,
        "min": -2.47032523155,
        "var": 0.319370597601
    },
    "erbbands_spread": {
        "dmean": 8.95743560791,
        "dmean2": 15.0078191757,
        "dvar": 56.6442337036,
        "dvar2": 146.421340942,
        "max": 82.1453323364,
        "mean": 43.7080688477,
        "median": 44.1792907715,
        "min": 10.6051511765,
        "var": 171.266815186
    },
    "hfc": {
        "dmean": 4.99337005615,
        "dmean2": 7.96605300903,
        "dvar": 106.549980164,
        "dvar2": 274.975250244,
        "max": 136.332839966,
        "mean": 16.4198284149,
        "median": 12.1311836243,
        "min": 3.646443367,
        "var": 194.23197937
    },
    "melbands_crest": {
        "dmean": 3.76982784271,
        "dmean2": 6.17551517487,
        "dvar": 8.03540992737,
        "dvar2": 22.7290287018,
        "max": 29.6288642883,
        "mean": 16.0183105469,
        "median": 15.487868309,
        "min": 4.80417394638,
        "var": 20.9359416962
    },
    "melbands_flatness_db": {
        "dmean": 0.0366908125579,
        "dmean2": 0.060436103493,
        "dvar": 0.000830354227219,
        "dvar2": 0.00216131587513,
        "max": 0.462331235409,
        "mean": 0.285279273987,
        "median": 0.285241365433,
        "min": 0.119934312999,
        "var": 0.00335397524759
    },
    "melbands_kurtosis": {
        "dmean": 13.0932655334,
        "dmean2": 21.4645347595,
        "dvar": 241.025314331,
        "dvar2": 627.925231934,
        "max": 178.129425049,
        "mean": 22.4606533051,
        "median": 15.5222330093,
        "min": -1.70253205299,
        "var": 536.65625
    },
    "melbands_skewness": {
        "dmean": 1.10547959805,
        "dmean2": 1.789270401,
        "dvar": 0.852196097374,
        "dvar2": 2.25600767136,
        "max": 10.9130249023,
        "mean": 3.86474609375,
        "median": 3.68647384644,
        "min": -0.100611843169,
        "var": 3.12806153297
    },
    "melbands_spread": {
        "dmean": 7.56804800034,
        "dmean2": 12.8100347519,
        "dvar": 83.4758911133,
        "dvar2": 219.918487549,
        "max": 105.413497925,
        "mean": 16.8937282562,
        "median": 12.6529226303,
        "min": 1.06929779053,
        "var": 189.92640686
    },
    "pitch_salience": {
        "dmean": 0.0855197831988,
        "dmean2": 0.146181076765,
        "dvar": 0.0052712499164,
        "dvar2": 0.0143226208165,
        "max": 0.761386990547,
        "mean": 0.499611437321,
        "median": 0.521023511887,
        "min": 0.138692602515,
        "var": 0.00936278235167
    },
    "silence_rate_20dB": {
        "dmean": 0,
        "dmean2": 0,
        "dvar": 0,
        "dvar2": 0,
        "max": 1,
        "mean": 1,
        "median": 1,
        "min": 1,
        "var": 0
    },
    "silence_rate_30dB": {
        "dmean": 0,
        "dmean2": 0,
        "dvar": 0,
        "dvar2": 0,
        "max": 1,
        "mean": 1,
        "median": 1,
        "min": 1,
        "var": 0
    },
    "silence_rate_60dB": {
        "dmean": 0,
        "dmean2": 0,
        "dvar": 0,
        "dvar2": 0,
        "max": 0,
        "mean": 0,
        "median": 0,
        "min": 0,
        "var": 0
    },
    "spectral_centroid": {
        "dmean": 346.838043213,
        "dmean2": 582.133666992,
        "dvar": 83403.15625,
        "dvar2": 218712.609375,
        "max": 3162.59619141,
        "mean": 1167.92382812,
        "median": 1104.65258789,
        "min": 289.627868652,
        "var": 229177
    },
    "spectral_complexity": {
        "dmean": 3.62945914268,
        "dmean2": 5.51843309402,
        "dvar": 10.2056112289,
        "dvar2": 23.0951786041,
        "max": 51,
        "mean": 21.891954422,
        "median": 21,
        "min": 4,
        "var": 69.3836669922
    },
    "spectral_decrease": {
        "dmean": 3.08049519226e-09,
        "dmean2": 5.34443111988e-09,
        "dvar": 5.18997228631e-18,
        "dvar2": 1.46987662201e-17,
        "max": -9.7808117161e-10,
        "mean": -8.7846743213e-09,
        "median": -8.9563645389e-09,
        "min": -1.62072950616e-08,
        "var": 8.00589816428e-18
    },
    "spectral_energy": {
        "dmean": 0.0119009101763,
        "dmean2": 0.0206106249243,
        "dvar": 7.68976387917e-05,
        "dvar2": 0.00021667049441,
        "max": 0.0625958740711,
        "mean": 0.0346446409822,
        "median": 0.0352774858475,
        "min": 0.0040429183282,
        "var": 0.000124092999613
    },
    "spectral_energyband_high": {
        "dmean": 0.000145357073052,
        "dmean2": 0.000239049943048,
        "dvar": 3.11999656333e-07,
        "dvar2": 8.52971425047e-07,
        "max": 0.00989587884396,
        "mean": 0.000240288791247,
        "median": 0.000128582149046,
        "min": 1.61726075021e-05,
        "var": 2.42387073968e-07
    },
    "spectral_energyband_low": {
        "dmean": 0.00916751287878,
        "dmean2": 0.0155958458781,
        "dvar": 5.68452524021e-05,
        "dvar2": 0.000163584380061,
        "max": 0.0548147335649,
        "mean": 0.0161397401243,
        "median": 0.0134721118957,
        "min": 0.000305089721223,
        "var": 0.000118023090181
    },
    "spectral_energyband_middle_high": {
        "dmean": 0.00208199745975,
        "dmean2": 0.00326635711826,
        "dvar": 1.2666891962e-05,
        "dvar2": 3.2095649658e-05,
        "max": 0.039631947875,
        "mean": 0.00562742678449,
        "median": 0.00371803436428,
        "min": 0.000311274954583,
        "var": 3.3842286939e-05
    },
    "spectral_energyband_middle_low": {
        "dmean": 0.00810813810676,
        "dmean2": 0.0141441598535,
        "dvar": 5.2993214922e-05,
        "dvar2": 0.000143834389746,
        "max": 0.0531876534224,
        "mean": 0.0134214609861,
        "median": 0.0113532636315,
        "min": 0.000907986774109,
        "var": 7.31643449399e-05
    },
    "spectral_entropy": {
        "dmean": 0.152653485537,
        "dmean2": 0.260951548815,
        "dvar": 0.0179482847452,
        "dvar2": 0.0478296242654,
        "max": 8.02845668793,
        "mean": 7.33711433411,
        "median": 7.36210346222,
        "min": 6.58184862137,
        "var": 0.0344332195818
    },
    "spectral_flux": {
        "dmean": 0.0257343240082,
        "dmean2": 0.0431727468967,
        "dvar": 0.000464646698674,
        "dvar2": 0.00127027975395,
        "max": 0.211795344949,
        "mean": 0.101573847234,
        "median": 0.0994110256433,
        "min": 0.0367113612592,
        "var": 0.00082778383512
    },
    "spectral_kurtosis": {
        "dmean": 3.10657167435,
        "dmean2": 5.57625722885,
        "dvar": 6.26474332809,
        "dvar2": 18.6850738525,
        "max": 14.373128891,
        "mean": 4.68964529037,
        "median": 4.19094562531,
        "min": 0.213875055313,
        "var": 8.09955501556
    },
    "spectral_rms": {
        "dmean": 0.00103511975612,
        "dmean2": 0.0017932287883,
        "dvar": 6.21554988811e-07,
        "dvar2": 1.73496732714e-06,
        "max": 0.00781467463821,
        "mean": 0.00573101313785,
        "median": 0.00586660485715,
        "min": 0.00198602885939,
        "var": 9.55135647018e-07
    },
    "spectral_rolloff": {
        "dmean": 434.925231934,
        "dmean2": 754.952758789,
        "dvar": 281881.71875,
        "dvar2": 703553.25,
        "max": 4543.50585938,
        "mean": 874.446533203,
        "median": 624.462890625,
        "min": 107.666015625,
        "var": 633285.3125
    },
    "spectral_skewness": {
        "dmean": 0.31487184763,
        "dmean2": 0.560255646706,
        "dvar": 0.0631685256958,
        "dvar2": 0.177256599069,
        "max": 2.9050359726,
        "mean": 1.05481016636,
        "median": 1.0230782032,
        "min": 0.330319136381,
        "var": 0.101828254759
    },
    "spectral_spread": {
        "dmean": 186672.890625,
        "dmean2": 304914.59375,
        "dvar": 124888006656,
        "dvar2": 153899188224,
        "max": 12642600,
        "mean": 2555058.25,
        "median": 2544837,
        "min": 1795941.125,
        "var": 173205929984
    },
    "spectral_strongpeak": {
        "dmean": 0.3541264534,
        "dmean2": 0.619537651539,
        "dvar": 0.401071488857,
        "dvar2": 1.1589307785,
        "max": 7.46514558792,
        "mean": 0.599038958549,
        "median": 0.513645172119,
        "min": 0,
        "var": 0.277314007282
    },
    "zerocrossingrate": {
        "dmean": 0.00662073399872,
        "dmean2": 0.00872774608433,
        "dvar": 3.51449889422e-05,
        "dvar2": 6.06146786595e-05,
        "max": 0.10986328125,
        "mean": 0.0351270660758,
        "median": 0.03173828125,
        "min": 0.005859375,
        "var": 0.000261507753748
    },
    "barkbands": {
        "dmean": [2.60155575234e-05, 0.00762579869479, 0.00251698936336, 0.00287254573777, 0.00618655048311, 0.000183743220987, 0.000265429203864, 0.000215498075704, 0.000484276330099, 0.000612599251326, 0.000352816452505, 0.000230164587265, 5.58286592423e-05, 0.000439380586613, 0.000291191739962, 0.00059064902598, 0.000596956233494, 0.00018877099501, 0.000227704804274, 8.65448018885e-05, 9.82588244369e-05, 1.29846839627e-05, 5.44281988368e-07, 1.87577700217e-06, 4.97699829793e-07, 2.21445915827e-07, 1.67112190752e-08],
        "dmean2": [4.62936513941e-05, 0.0135825714096, 0.00386323174462, 0.00492416322231, 0.0108453379944, 0.000311373121804, 0.000440753618022, 0.000372974114725, 0.000799675472081, 0.00103506667074, 0.000595422112383, 0.000379935256205, 9.23554398469e-05, 0.000743617303669, 0.000483899726532, 0.00102398823947, 0.000999293522909, 0.000323368789395, 0.00036048021866, 0.000139960378874, 0.000168309066794, 2.16179923882e-05, 8.7434091256e-07, 3.01875365949e-06, 8.43588736643e-07, 3.62029453527e-07, 1.99440624016e-08],
        "dvar": [1.09562448003e-09, 4.47503443866e-05, 5.71233931623e-06, 7.16061822459e-06, 3.41778759321e-05, 4.40190994766e-08, 1.40494719858e-07, 1.24930835455e-07, 5.50508048036e-07, 1.00078887044e-06, 4.24910524544e-07, 1.68450711158e-07, 1.38027775876e-08, 5.89316186961e-07, 4.89758576805e-07, 1.63090749083e-06, 2.26277552429e-06, 8.35002083477e-07, 3.79466484901e-07, 3.42795907216e-08, 1.92562197299e-07, 3.09669712095e-09, 3.44427416275e-12, 1.16660195393e-10, 9.11271058612e-12, 2.07769001656e-12, 1.26100627336e-13],
        "dvar2": [2.99772073831e-09, 0.000136363363708, 1.38658042488e-05, 1.88584690477e-05, 9.60722754826e-05, 1.18994151421e-07, 3.29401387944e-07, 3.54277517545e-07, 1.32166769617e-06, 2.49548452302e-06, 1.1186878055e-06, 4.12029123709e-07, 3.81397633475e-08, 1.5176301531e-06, 1.41653436003e-06, 4.61707122668e-06, 6.37066614217e-06, 2.36661298914e-06, 9.37035792958e-07, 9.03558614596e-08, 5.32316846602e-07, 8.22810264367e-09, 6.92286982948e-12, 3.04353514613e-10, 2.45007677341e-11, 5.28782833492e-12, 1.26343773226e-13],
        "max": [0.000322744512232, 0.0435110777617, 0.0266374908388, 0.0251620095223, 0.0412059649825, 0.00219013425522, 0.00628667743877, 0.00433179177344, 0.0124777331948, 0.0132194655016, 0.0101850219071, 0.00470159295946, 0.00216887425631, 0.00876304972917, 0.0125477304682, 0.021739276126, 0.0215761698782, 0.0137664629146, 0.0103490194306, 0.00356358173303, 0.00813259091228, 0.000738643109798, 3.5625838791e-05, 0.000189991449588, 5.31058976776e-05, 2.0566778403e-05, 1.04820992419e-05],
        "mean": [2.86778486043e-05, 0.0111719723791, 0.00425105402246, 0.00360377086326, 0.00783170200884, 0.000275974336546, 0.000410985667259, 0.000284807232674, 0.00081156793749, 0.000981156015769, 0.000476786517538, 0.000350451300619, 8.9958011813e-05, 0.00067328941077, 0.000495503598358, 0.000973063171841, 0.000944097293541, 0.000274169229669, 0.000395090668462, 0.000155484623974, 0.000144174817251, 1.71010888153e-05, 9.42563474382e-07, 2.11850829146e-06, 5.34620767212e-07, 2.47107635687e-07, 2.67927529052e-08],
        "median": [1.61706557265e-05, 0.00847361236811, 0.00299955252558, 0.00271774921566, 0.0058902320452, 0.000199472124223, 0.000240519293584, 0.000160761876032, 0.00046575081069, 0.000509785953909, 0.000234802995692, 0.000167251651874, 4.63367177872e-05, 0.000346967135556, 0.000235707324464, 0.000518295099027, 0.000426381360739, 0.000144771183841, 0.000219254405238, 9.95943555608e-05, 7.46628720663e-05, 5.16833279107e-06, 5.00474413911e-07, 6.06543608228e-07, 1.53683714643e-07, 8.32998097167e-08, 1.20278880189e-08],
        "min": [1.41770271966e-07, 0.000124760743347, 3.97497133235e-05, 5.01581453136e-05, 0.000351485825377, 1.41702748806e-05, 1.06854549813e-05, 5.74731302549e-06, 2.17996257561e-05, 2.67242157861e-05, 1.00900824691e-05, 9.90150510916e-06, 2.72121155831e-06, 8.25648839964e-06, 1.73419812199e-05, 2.84669404209e-05, 2.3898535801e-05, 1.3741226212e-05, 1.1426810488e-05, 8.81988944457e-06, 8.58669045556e-06, 5.39295342605e-07, 9.80820402674e-08, 8.22159691438e-08, 3.21491455679e-08, 1.60121640391e-08, 4.27529966984e-09],
        "var": [1.27014643247e-09, 6.9936766522e-05, 1.57789290824e-05, 9.53010385274e-06, 4.09706044593e-05, 7.13051235834e-08, 3.34327665996e-07, 1.64742516517e-07, 1.46884906371e-06, 1.85793942364e-06, 5.30864554094e-07, 3.03344450003e-07, 2.31355024027e-08, 9.45861359014e-07, 9.43644749896e-07, 2.17806382352e-06, 2.57064743892e-06, 5.74300827338e-07, 4.68440561008e-07, 4.09919884703e-08, 1.34646100491e-07, 2.79595391284e-09, 4.31635326439e-12, 8.85946593865e-11, 6.35979593641e-12, 1.51378963618e-12, 1.26051458767e-13]
    },
    "erbbands": {
        "dmean": [0.0957232639194, 2.08892846107, 3.82694220543, 3.87403774261, 27.4214229584, 12.2870483398, 1.64203691483, 1.82065749168, 2.39756011963, 4.64527702332, 7.25118684769, 10.3840990067, 13.4494438171, 18.5901165009, 15.6447191238, 7.51459121704, 2.43439102173, 13.4496049881, 21.322971344, 18.6364326477, 33.7554359436, 32.9145317078, 10.7616691589, 14.6046237946, 8.06345367432, 4.58979701996, 3.49047994614, 3.38949275017, 0.647974550724, 0.0898080766201, 0.0200997348875, 0.0387754552066, 0.0272931661457, 0.010172910057, 0.0012021844741, 0.00117106584366, 0.000358679651981, 2.29746419791e-05, 7.5761890912e-06, 1.33272897074e-05],
        "dmean2": [0.17204721272, 3.70019721985, 5.94918775558, 6.56053066254, 47.7859039307, 21.4249820709, 2.73471164703, 3.14701628685, 4.01130390167, 7.67583990097, 12.5540828705, 17.128692627, 22.4909706116, 31.52069664, 26.3954219818, 12.1792430878, 3.84174203873, 21.7720947266, 36.6668624878, 31.6801891327, 58.3349914551, 55.0059013367, 17.7145576477, 24.2115631104, 13.2938461304, 7.35363960266, 5.95218372345, 5.74576377869, 1.04120707512, 0.145435720682, 0.0313211344182, 0.0616550967097, 0.0455895476043, 0.0173010472208, 0.00183240743354, 0.00189726834651, 0.000597910955548, 3.37026940542e-05, 1.17605550258e-05, 2.29775432672e-05],
        "dvar": [0.00921744760126, 3.29767632484, 12.4674873352, 13.9171628952, 648.739257812, 161.269470215, 3.69147443771, 4.57144737244, 10.8522233963, 67.4157562256, 109.961532593, 344.24420166, 563.500793457, 874.388977051, 828.831359863, 185.890823364, 23.3156070709, 854.270568848, 1936.07568359, 1200.16137695, 5687.67529297, 5476.24560547, 1482.67419434, 2516.65820312, 687.236450195, 123.167449951, 270.707275391, 179.239181519, 7.23230791092, 0.127372130752, 0.0055292849429, 0.036663942039, 0.0313910283148, 0.00378346932121, 3.99062919314e-05, 4.94770938531e-05, 6.13213978795e-06, 5.65110305217e-08, 2.48830223093e-09, 1.13096754184e-10],
        "dvar2": [0.0271053109318, 9.96624088287, 29.5181427002, 37.3681716919, 1766.48620605, 445.382598877, 9.88423347473, 12.7714605331, 24.2233581543, 172.2525177, 303.407623291, 824.052124023, 1414.52258301, 2145.53955078, 2184.65600586, 462.160888672, 57.2679786682, 2203.03540039, 5494.81396484, 3240.22314453, 15809.9628906, 15022.7226562, 4178.20800781, 6977.22998047, 1653.74108887, 320.625671387, 767.04119873, 484.076202393, 18.9448566437, 0.317394971848, 0.01225204207, 0.0941676571965, 0.0835644453764, 0.0103365685791, 8.86407069629e-05, 0.00012522508041, 1.59455994435e-05, 6.7910633561e-08, 2.54510434949e-09, 2.85980017445e-10],
        "max": [0.750432252884, 11.9798622131, 35.3533973694, 40.3493690491, 181.028701782, 190.742355347, 31.1162719727, 19.8318691254, 74.8239898682, 126.943054199, 121.293800354, 330.44921875, 382.133422852, 372.148986816, 447.053527832, 188.997177124, 96.4613876343, 483.856170654, 689.477355957, 406.567932129, 1193.03491211, 997.656799316, 694.075439453, 890.146789551, 548.028442383, 230.379440308, 280.691040039, 248.933883667, 35.1232795715, 5.3719367981, 1.61751282215, 3.31860303879, 3.17967510223, 1.07311367989, 0.107679627836, 0.10197532177, 0.0334132649004, 0.00648100068793, 0.00148332177196, 0.000163694916409],
        "mean": [0.140405714512, 3.03817796707, 6.94955301285, 6.26247930527, 33.6812820435, 16.5273742676, 2.76016879082, 2.63579726219, 4.07057857513, 6.95249843597, 10.2916564941, 17.4990501404, 22.6163425446, 28.5646800995, 23.1506443024, 11.9686985016, 4.79227209091, 22.1237392426, 36.3808898926, 31.8013896942, 55.8488922119, 55.3929481506, 18.873249054, 22.8593978882, 13.8538246155, 8.07370662689, 5.36842441559, 4.80930089951, 0.895686864853, 0.128000929952, 0.0336846970022, 0.0466066151857, 0.0287067573518, 0.0105686988682, 0.00172325060703, 0.00141945434734, 0.000383564358344, 2.85428595816e-05, 2.08731635212e-05, 3.99247073801e-05],
        "median": [0.108831956983, 2.32823014259, 5.19369506836, 5.14504528046, 24.1200866699, 12.8073768616, 2.02492761612, 1.91131556034, 2.65732145309, 3.71944713593, 6.22632408142, 9.38517475128, 11.9922294617, 16.1225166321, 12.2225036621, 5.94305562973, 2.57463550568, 10.2662315369, 19.4845237732, 18.3069725037, 28.3281745911, 26.1834049225, 10.5183010101, 12.6058092117, 7.64279031754, 4.96641731262, 2.87639379501, 2.49531555176, 0.301470249891, 0.0409283414483, 0.016627818346, 0.0146565595642, 0.00731384987012, 0.00256503163837, 0.000778702669777, 0.000543527479749, 0.000119408607134, 9.41957205214e-06, 1.86778925126e-05, 4.00997778343e-05],
        "min": [0.00365516077727, 0.0352055802941, 0.0820093154907, 0.513637721539, 1.09394061565, 0.774425506592, 0.285524219275, 0.0742433145642, 0.277366310358, 0.354006290436, 0.348218768835, 0.360815554857, 0.644910752773, 0.775204598904, 0.988509237766, 0.403386026621, 0.160688593984, 0.561937332153, 1.0460985899, 1.36137878895, 1.51781570911, 1.33770489693, 1.3068959713, 0.950497567654, 0.348826795816, 0.479693353176, 0.31539490819, 0.222443223, 0.0318988636136, 0.00573930563405, 0.00331638846546, 0.00250908127055, 0.00114567368291, 0.000413874193328, 0.00016798498109, 9.85712904367e-05, 3.02912885672e-05, 2.79698360828e-06, 3.1316701552e-06, 5.04934314449e-06],
        "var": [0.0142030734569, 5.36104154587, 35.5569419861, 19.2437992096, 800.615661621, 236.697967529, 7.00163650513, 6.44965028763, 28.077495575, 135.160476685, 159.318496704, 933.965393066, 1122.8347168, 1419.06176758, 1092.35900879, 327.301208496, 56.7930450439, 1586.81640625, 3570.46704102, 1730.56420898, 8060.57861328, 7527.46142578, 1227.23535156, 2117.87011719, 721.613708496, 138.644805908, 178.452941895, 135.907089233, 6.79027986526, 0.13955873251, 0.00621084496379, 0.0298407543451, 0.0223157405853, 0.00258550955914, 3.59946971003e-05, 3.74053452106e-05, 4.23469737143e-06, 5.54772867645e-08, 2.51875298396e-09, 1.86594961704e-10]
    },
    "gfcc": {
        "mean": [-36.218711853, 166.054092407, -152.016204834, 55.9286727905, -16.5588245392, -7.96690416336, -9.40679359436, 3.54679059982, -18.3006572723, -13.6747303009, -23.552526474, -17.494594574, 6.14783191681],
        "cov": [[999.72668457, -360.668609619, -375.992156982, -55.6496047974, -181.33404541, 50.0046348572, -118.499893188, 40.5747261047, -30.1918983459, 0.772233188152, -66.6326904297, 32.4618148804, -32.7730941772], [-360.668609619, 276.152679443, 128.425888062, -40.6713409424, 83.7579269409, -38.2296943665, 68.1326904297, -37.5382728577, 7.95907449722, -15.9260435104, 35.1126327515, -15.711315155, 20.9320907593], [-375.992156982, 128.425888062, 271.294219971, 69.0087661743, 71.0697860718, -13.3527641296, 44.401184082, 0.662355899811, 19.0390853882, -3.8003821373, 33.6260871887, -11.7743024826, 10.5331468582], [-55.6496047974, -40.6713409424, 69.0087661743, 93.0211029053, 21.5225753784, -0.394823670387, 1.67221415043, 5.8885974884, 11.1777229309, 7.23043966293, 2.60060167313, 0.566075623035, 5.17899942398], [-181.33404541, 83.7579269409, 71.0697860718, 21.5225753784, 110.920280457, 19.90051651, 35.9870796204, -12.5959005356, 10.0291013718, -4.22978782654, 22.3851566315, -2.16499519348, 5.11739253998], [50.0046348572, -38.2296943665, -13.3527641296, -0.394823670387, 19.90051651, 71.1352157593, 15.2727737427, 16.2023868561, 8.18536758423, -0.984707474709, 11.5919523239, 4.02155828476, -3.01190710068], [-118.499893188, 68.1326904297, 44.401184082, 1.67221415043, 35.9870796204, 15.2727737427, 78.2535324097, 16.2764949799, 10.9656686783, -1.05501377583, 9.50070571899, 2.6587395668, 8.48915100098], [40.5747261047, -37.5382728577, 0.662355899811, 5.8885974884, -12.5959005356, 16.2023868561, 16.2764949799, 64.0123672485, 30.3523521423, 4.77487516403, 1.64575827122, 11.117515564, -0.873493850231], [-30.1918983459, 7.95907449722, 19.0390853882, 11.1777229309, 10.0291013718, 8.18536758423, 10.9656686783, 30.3523521423, 51.1151428223, 22.4408550262, 9.28110122681, -0.858313441277, -2.83177924156], [0.772233188152, -15.9260435104, -3.8003821373, 7.23043966293, -4.22978782654, -0.984707474709, -1.05501377583, 4.77487516403, 22.4408550262, 56.9839248657, 17.4014091492, -3.84660816193, -7.28951835632], [-66.6326904297, 35.1126327515, 33.6260871887, 2.60060167313, 22.3851566315, 11.5919523239, 9.50070571899, 1.64575827122, 9.28110122681, 17.4014091492, 45.7918930054, 11.4591255188, 0.848483622074], [32.4618148804, -15.711315155, -11.7743024826, 0.566075623035, -2.16499519348, 4.02155828476, 2.6587395668, 11.117515564, -0.858313441277, -3.84660816193, 11.4591255188, 44.2280006409, 12.535194397], [-32.7730941772, 20.9320907593, 10.5331468582, 5.17899942398, 5.11739253998, -3.01190710068, 8.48915100098, -0.873493850231, -2.83177924156, -7.28951835632, 0.848483622074, 12.535194397, 33.2708396912]],
        "icov": [[0.00360962678678, 0.00105929840356, 0.00323623162694, -0.000504371477291, 0.0023052636534, -0.00230226712301, 0.00197990564629, -0.00127797981258, 0.000878709775861, 0.000133710826049, 0.00133414322045, -0.00163000752218, 0.00152560113929], [0.00105929840356, 0.0297715160996, -0.00701346015558, 0.0224824398756, -0.00936239492148, 0.0207871235907, -0.0182307958603, 0.0182237606496, -0.0183082278818, 0.01516055502, -0.0196476653218, 0.0114218480885, -0.0125533388928], [0.00323623162694, -0.00701346015558, 0.0121896797791, -0.0112912151963, 0.00310714333318, -0.00440529640764, 0.00407845200971, -0.00639425730333, 0.00424355501309, -0.000220116242417, 6.72780079185e-05, -0.000640592712443, 0.00396616384387], [-0.000504371477291, 0.0224824398756, -0.0112912151963, 0.032565113157, -0.0103833684698, 0.0153585942462, -0.0111418506131, 0.0126011129469, -0.0141236865893, 0.00712935253978, -0.00981175154448, 0.00679984688759, -0.0119266184047], [0.0023052636534, -0.00936239492148, 0.00310714333318, -0.0103833684698, 0.0207117386162, -0.0126306647435, 0.00189951248467, 0.00126667378936, 0.000736685760785, -0.000546709808987, 0.00258657801896, -0.00462817773223, 0.0056338403374], [-0.00230226712301, 0.0207871235907, -0.00440529640764, 0.0153585942462, -0.0126306647435, 0.0355671793222, -0.0171474497765, 0.00900436285883, -0.0136310020462, 0.0139267351478, -0.0218028929085, 0.01162468642, -0.00850042700768], [0.00197990564629, -0.0182307958603, 0.00407845200971, -0.0111418506131, 0.00189951248467, -0.0171474497765, 0.031735599041, -0.0191170927137, 0.0142927374691, -0.0117276264355, 0.0155564323068, -0.00828195735812, 0.0047900415957], [-0.00127797981258, 0.0182237606496, -0.00639425730333, 0.0126011129469, 0.00126667378936, 0.00900436285883, -0.0191170927137, 0.0429903753102, -0.0317561626434, 0.0147214718163, -0.0114593412727, 0.000276214879705, -0.00532387103885], [0.000878709775861, -0.0183082278818, 0.00424355501309, -0.0141236865893, 0.000736685760785, -0.0136310020462, 0.0142927374691, -0.0317561626434, 0.0505258627236, -0.0237850733101, 0.0140158105642, -0.00436617480591, 0.00778801739216], [0.000133710826049, 0.01516055502, -0.000220116242417, 0.00712935253978, -0.000546709808987, 0.0139267351478, -0.0117276264355, 0.0147214718163, -0.0237850733101, 0.0369279161096, -0.0249212104827, 0.010947487317, -0.00314554548822], [0.00133414322045, -0.0196476653218, 6.72780079185e-05, -0.00981175154448, 0.00258657801896, -0.0218028929085, 0.0155564323068, -0.0114593412727, 0.0140158105642, -0.0249212104827, 0.0528635233641, -0.0225942619145, 0.0114369653165], [-0.00163000752218, 0.0114218480885, -0.000640592712443, 0.00679984688759, -0.00462817773223, 0.01162468642, -0.00828195735812, 0.000276214879705, -0.00436617480591, 0.010947487317, -0.0225942619145, 0.0384767316282, -0.0176560711116], [0.00152560113929, -0.0125533388928, 0.00396616384387, -0.0119266184047, 0.0056338403374, -0.00850042700768, 0.0047900415957, -0.00532387103885, 0.00778801739216, -0.00314554548822, 0.0114369653165, -0.0176560711116, 0.0433939732611]]
    },
    "melbands": {
        "dmean": [0.00154832866974, 0.00231374800205, 0.00142076716293, 0.00157514063176, 9.74814902293e-05, 3.77856922569e-05, 4.27945960837e-05, 4.45755649707e-05, 7.4110859714e-05, 6.20975260972e-05, 7.00117525412e-05, 8.10513374745e-05, 5.67610004509e-05, 3.24191860273e-05, 7.19170247976e-06, 1.10813734864e-05, 2.75020756817e-05, 4.16747207055e-05, 2.21666796278e-05, 3.39449943567e-05, 4.29989340773e-05, 3.74268201995e-05, 2.02760329557e-05, 8.61485023052e-06, 1.29904610731e-05, 7.97571919975e-06, 3.76043703909e-06, 3.05305707116e-06, 1.6529260165e-06, 3.53492282557e-06, 1.3043660374e-06, 3.50212928879e-07, 1.89460038769e-07, 1.10667253139e-08, 8.72537775365e-09, 2.06465902153e-08, 2.478199157e-08, 2.21782290311e-08, 1.37937687938e-08, 6.86771572944e-09],
        "dmean2": [0.0028006634675, 0.0038125270512, 0.00241635530256, 0.00275885290466, 0.000164908225997, 6.52685630484e-05, 7.16103459126e-05, 7.35729117878e-05, 0.000128380896058, 0.000102069941931, 0.000117427691293, 0.000137640832691, 9.61396799539e-05, 5.33869024366e-05, 1.17338540804e-05, 1.77714064193e-05, 4.50463121524e-05, 7.17586590326e-05, 3.68705113942e-05, 5.74317455175e-05, 7.41354888305e-05, 6.30121794529e-05, 3.29398353642e-05, 1.49699462781e-05, 2.16497282963e-05, 1.28862038764e-05, 6.20623814029e-06, 4.92845174449e-06, 2.83522467726e-06, 6.09718790656e-06, 2.21507912102e-06, 5.8428901184e-07, 3.19071887134e-07, 1.7905591676e-08, 1.42724454477e-08, 3.46174786614e-08, 4.02149673562e-08, 3.71071813277e-08, 2.33026149488e-08, 1.17570326807e-08],
        "dvar": [1.99736746254e-06, 4.03500735047e-06, 1.62060439379e-06, 2.18341324398e-06, 1.61831632539e-08, 1.948116779e-09, 3.3713865033e-09, 6.32425534164e-09, 1.04026289804e-08, 1.13416476211e-08, 1.54714125955e-08, 1.68020193314e-08, 1.13428857418e-08, 3.38899552865e-09, 1.70632452612e-10, 8.89412876681e-10, 3.00948044263e-09, 6.06792038838e-09, 1.93882843114e-09, 5.45058131962e-09, 8.15437761759e-09, 8.70281624543e-09, 2.42300224329e-09, 2.20720131061e-09, 1.8143128111e-09, 7.49984685466e-10, 6.18685866427e-11, 4.885642238e-11, 4.07643849232e-11, 2.59652022105e-10, 2.78583735941e-11, 2.36635884499e-12, 6.62854374254e-13, 1.73473734614e-15, 8.97730410246e-16, 1.03820887637e-14, 1.46126956157e-14, 2.47309717328e-14, 5.220510117e-15, 1.71908343612e-15],
        "dvar2": [6.22250445304e-06, 1.0472818758e-05, 4.3957206799e-06, 6.16738043391e-06, 4.10515674787e-08, 5.34272537323e-09, 7.64366792083e-09, 1.68678049306e-08, 2.78045675373e-08, 2.72957478842e-08, 3.90497909564e-08, 4.13392484688e-08, 3.00374374262e-08, 8.29055490925e-09, 4.24382945452e-10, 2.14238893292e-09, 7.81790365778e-09, 1.67841793797e-08, 5.44160627669e-09, 1.55700572435e-08, 2.27476668613e-08, 2.44226363577e-08, 6.80684975052e-09, 6.30666141532e-09, 5.0611475011e-09, 1.77194647843e-09, 1.61802043985e-10, 1.26880256301e-10, 1.14598198986e-10, 7.30442928365e-10, 7.41728900522e-11, 6.35673631788e-12, 1.74896620624e-12, 3.92817373817e-15, 1.84600878217e-15, 2.87388317896e-14, 3.58509100499e-14, 6.55047779799e-14, 1.41764948237e-14, 4.70452093894e-15],
        "max": [0.0102467508987, 0.0163925308734, 0.00933245941997, 0.0104559836909, 0.00275195483118, 0.000408620428061, 0.00127785385121, 0.00114106456749, 0.00118168990593, 0.00179555767681, 0.00199091387913, 0.00162679573987, 0.00166039331816, 0.000658394652419, 0.000150638326886, 0.000624528154731, 0.000830098753795, 0.000951738795266, 0.000636362354271, 0.00117378646974, 0.00121838843916, 0.00132007559296, 0.000743713113479, 0.00077463319758, 0.000759063637815, 0.000579171697609, 0.000143404715345, 0.000146305814269, 0.000107148378447, 0.000293059449177, 8.87886417331e-05, 2.19473276957e-05, 1.08542872113e-05, 7.67365293086e-07, 5.92710591718e-07, 1.88324258943e-06, 1.98351449399e-06, 2.75500633506e-06, 1.25283827401e-06, 7.14856412287e-07],
        "mean": [0.00220659375191, 0.00399163877591, 0.00206826231442, 0.00203962647356, 0.000143564830068, 5.49151882296e-05, 7.151569298e-05, 6.65115294396e-05, 0.000104353312054, 0.000105974890175, 0.00011424159311, 0.000120257951494, 7.7429569501e-05, 4.97093315062e-05, 1.13083187898e-05, 1.73920670932e-05, 4.35709916928e-05, 6.36870900053e-05, 3.85384919355e-05, 5.04366471432e-05, 6.69110304443e-05, 5.82799220865e-05, 3.20611034113e-05, 1.18094239951e-05, 1.97074659809e-05, 1.21704042613e-05, 6.69886958349e-06, 4.97939072375e-06, 2.4745841074e-06, 4.94336018164e-06, 1.77805964086e-06, 4.61721469946e-07, 2.29166133181e-07, 1.79850729864e-08, 1.50721159997e-08, 2.48086724497e-08, 2.97161992791e-08, 2.2259918353e-08, 1.42242422285e-08, 6.94867186013e-09],
        "median": [0.0017402023077, 0.00311718694866, 0.00160439196043, 0.00159339024685, 9.74337599473e-05, 3.98571646656e-05, 4.72958563478e-05, 3.51478665834e-05, 6.08154150541e-05, 5.7028599258e-05, 5.90149393247e-05, 6.60314690322e-05, 3.90474160668e-05, 2.41376274062e-05, 6.05184141023e-06, 6.38633309791e-06, 2.05378946703e-05, 3.18427555612e-05, 2.10323069041e-05, 2.4166154617e-05, 3.39016260114e-05, 2.61172208411e-05, 1.68060578289e-05, 6.05085278949e-06, 1.08145231934e-05, 5.66672952118e-06, 4.53481879958e-06, 2.83572580884e-06, 1.3068207636e-06, 2.69178394774e-06, 8.42386839395e-07, 1.43969359101e-07, 4.92651928141e-08, 8.54332515843e-09, 8.46041103841e-09, 9.28912058384e-09, 8.97683438694e-09, 5.45237410776e-09, 3.46235640158e-09, 1.58955737461e-09],
        "min": [3.76211683033e-05, 3.4099957702e-05, 0.000111861620098, 9.63860074989e-05, 9.6935818874e-06, 1.80690176421e-06, 3.76120487999e-06, 3.40894166584e-06, 2.91895912596e-06, 2.54049882642e-06, 2.9214938877e-06, 3.03683441416e-06, 3.46427214026e-06, 8.34025854601e-07, 2.10281768886e-07, 3.3604507621e-07, 9.53333085363e-07, 9.57483507591e-07, 1.35164282256e-06, 1.77506501586e-06, 1.47372634274e-06, 1.24716052596e-06, 9.63534375842e-07, 6.53744621104e-07, 6.5639596869e-07, 2.70571462124e-07, 2.16509633333e-07, 3.04356120751e-07, 1.54582508571e-07, 2.3771575286e-07, 7.79481226232e-08, 1.4565777029e-08, 4.11685840973e-09, 1.45136780372e-09, 1.54951418363e-09, 1.32303923372e-09, 1.32526400964e-09, 7.28102245162e-10, 3.96364913113e-10, 2.51324377976e-10],
        "var": [2.79864570985e-06, 9.81511948339e-06, 2.17683759729e-06, 2.65188373305e-06, 3.05962046809e-08, 2.8818312181e-09, 8.54589909949e-09, 1.22259287139e-08, 1.80041777043e-08, 2.99895148714e-08, 3.00448910195e-08, 2.6928388408e-08, 1.39625822015e-08, 6.13751360845e-09, 2.82583817457e-10, 1.85749959858e-09, 5.38867350741e-09, 9.90775728127e-09, 3.41081873856e-09, 6.7619772004e-09, 1.15756639829e-08, 1.03139541352e-08, 2.60285770715e-09, 1.38853184506e-09, 1.5425288824e-09, 8.02166721936e-10, 7.15628181713e-11, 5.64036144179e-11, 2.90770341832e-11, 1.71218123013e-10, 2.19466667062e-11, 2.0310782136e-12, 6.51642368538e-13, 1.90538854463e-15, 1.07874992728e-15, 7.28708712567e-15, 1.2782393789e-14, 1.74619619843e-14, 3.73151386364e-15, 1.17224944741e-15]
    },
    "mfcc": {
        "mean": [-667.64654541, 182.304016113, -51.2429924011, 66.1130142212, 9.4586353302, 8.99959659576, 14.4543533325, 7.06591558456, 23.4435443878, 3.5996837616, -10.8007850647, -2.01471734047, -14.0492706299],
        "cov": [[1313.92895508, -454.435150146, -281.868896484, -213.723052979, -100.879325867, -87.0559844971, -105.000267029, -28.7588157654, 9.80837535858, -71.6687850952, 11.0171442032, -32.4076499939, -23.0999317169], [-454.435150146, 340.970397949, 45.7034988403, 41.5224723816, 4.44581079483, 32.5278205872, 41.1960334778, 13.2333316803, -19.1306800842, 21.0411567688, -11.5367202759, 5.4806098938, 5.83563804626], [-281.868896484, 45.7034988403, 180.958740234, 69.9922790527, 35.031337738, 2.7156689167, 19.5715942383, 14.8250236511, 4.3741440773, 18.092010498, 4.01821470261, 8.95481109619, 17.4016094208], [-213.723052979, 41.5224723816, 69.9922790527, 112.046615601, 23.5691547394, 12.7064876556, 10.6710987091, -3.41407060623, 4.98409032822, 11.4331464767, -6.51078939438, 6.55019426346, 1.64409661293], [-100.879325867, 4.44581079483, 35.031337738, 23.5691547394, 81.7144546509, 27.548034668, 12.4342403412, 9.84331989288, -3.19749093056, 4.88100767136, 11.189825058, 5.62587022781, 8.13171577454], [-87.0559844971, 32.5278205872, 2.7156689167, 12.7064876556, 27.548034668, 62.1390113831, 29.0101890564, -0.0869254842401, -5.03033399582, 7.00789451599, 3.94248700142, 2.68746948242, 1.7917714119], [-105.000267029, 41.1960334778, 19.5715942383, 10.6710987091, 12.4342403412, 29.0101890564, 59.4373512268, 22.6946430206, 1.24260258675, 5.07206726074, -1.67140102386, 2.2299053669, 3.60844779015], [-28.7588157654, 13.2333316803, 14.8250236511, -3.41407060623, 9.84331989288, -0.0869254842401, 22.6946430206, 71.6637496948, 22.3648796082, -5.80705118179, 2.10042881966, 2.23271584511, 10.0668735504], [9.80837535858, -19.1306800842, 4.3741440773, 4.98409032822, -3.19749093056, -5.03033399582, 1.24260258675, 22.3648796082, 50.7962379456, 11.7083024979, 3.13797664642, 3.80727100372, 1.20753753185], [-71.6687850952, 21.0411567688, 18.092010498, 11.4331464767, 4.88100767136, 7.00789451599, 5.07206726074, -5.80705118179, 11.7083024979, 56.5009727478, 21.5394630432, 4.03509616852, 0.41756644845], [11.0171442032, -11.5367202759, 4.01821470261, -6.51078939438, 11.189825058, 3.94248700142, -1.67140102386, 2.10042881966, 3.13797664642, 21.5394630432, 52.6058425903, 16.3668746948, 5.47407579422], [-32.4076499939, 5.4806098938, 8.95481109619, 6.55019426346, 5.62587022781, 2.68746948242, 2.2299053669, 2.23271584511, 3.80727100372, 4.03509616852, 16.3668746948, 44.4834976196, 18.9942264557], [-23.0999317169, 5.83563804626, 17.4016094208, 1.64409661293, 8.13171577454, 1.7917714119, 3.60844779015, 10.0668735504, 1.20753753185, 0.41756644845, 5.47407579422, 18.9942264557, 47.2574119568]],
