{
"lowlevel": {
    "average_loudness": 0.985861122608,
    "barkbands_crest": {
        "dmean": 3.32016897202,
        "dmean2": 5.05603790283,
        "dvar": 6.11746358871,
        "dvar2": 12.0602664948,
        "max": 21.7973575592,
        "mean": 12.4270820618,
        "median": 12.0507526398,
        "min": 3.26637506485,
        "var": 15.8276157379
    },
    "barkbands_flatness_db": {
        "dmean": 0.0198816135526,
        "dmean2": 0.0284555461258,
        "dvar": 0.000224493676797,
        "dvar2": 0.00043381791329,
        "max": 0.298082321882,
        "mean": 0.220325738192,
        "median": 0.218362078071,
        "min": 0.149740457535,
        "var": 0.000704531150404
    },
    "barkbands_kurtosis": {
        "dmean": 1.43615245819,
        "dmean2": 2.23470401764,
        "dvar": 2.5531668663,
        "dvar2": 5.6685590744,
        "max": 13.0599517822,
        "mean": 0.693795502186,
        "median": 0.108873605728,
        "min": -1.67807745934,
        "var": 4.15152788162
    },
    "barkbands_skewness": {
        "dmean": 0.510874271393,
        "dmean2": 0.74534457922,
        "dvar": 0.167557612062,
        "dvar2": 0.336967527866,
        "max": 3.68175911903,
        "mean": 1.18315708637,
        "median": 1.0934150219,
        "min": -0.9885186553,
        "var": 0.43692496419
    },
    "barkbands_spread": {
        "dmean": 3.49718785286,
        "dmean2": 5.4261879921,
        "dvar": 8.45633506775,
        "dvar2": 17.2708377838,
        "max": 28.6150112152,
        "mean": 17.2895240784,
        "median": 17.3421192169,
        "min": 6.95867300034,
        "var": 20.2567977905
    },
    "dissonance": {
        "dmean": 0.0175913721323,
        "dmean2": 0.0296275913715,
        "dvar": 0.000307940121274,
        "dvar2": 0.00064950628439,
        "max": 0.49791058898,
        "mean": 0.464488327503,
        "median": 0.466978043318,
        "min": 0.29679992795,
        "var": 0.00044038661872
    },
    "dynamic_complexity": 0.499266833067,
    "erbbands_crest": {
        "dmean": 2.09754610062,
        "dmean2": 3.40639352798,
        "dvar": 2.945063591,
        "dvar2": 8.08908653259,
        "max": 19.8754634857,
        "mean": 8.774725914,
        "median": 8.20979309082,
        "min": 3.54494690895,
        "var": 7.8196978569
    },
    "erbbands_flatness_db": {
        "dmean": 0.00978359393775,
        "dmean2": 0.0155888749287,
        "dvar": 7.63322532293e-05,
        "dvar2": 0.000159809438628,
        "max": 0.312004417181,
        "mean": 0.274255096912,
        "median": 0.275004565716,
        "min": 0.160415872931,
        "var": 0.000243905247771
    },
    "erbbands_kurtosis": {
        "dmean": 0.520326673985,
        "dmean2": 0.809372842312,
        "dvar": 0.326535224915,
        "dvar2": 0.74320846796,
        "max": 3.68394184113,
        "mean": -0.567415773869,
        "median": -0.636249303818,
        "min": -1.77025091648,
        "var": 0.501973152161
    },
    "erbbands_skewness": {
        "dmean": 0.31493845582,
        "dmean2": 0.495239764452,
        "dvar": 0.0629760995507,
        "dvar2": 0.156424507499,
        "max": 0.98105853796,
        "mean": -0.461170405149,
        "median": -0.42709082365,
        "min": -1.75079917908,
        "var": 0.17705437541
    },
    "erbbands_spread": {
        "dmean": 6.32295274734,
        "dmean2": 9.4842634201,
        "dvar": 27.2391490936,
        "dvar2": 58.2303619385,
        "max": 59.0032157898,
        "mean": 32.4681968689,
        "median": 31.3487071991,
        "min": 10.5600862503,
        "var": 81.9298400879
    },
    "hfc": {
        "dmean": 4.63648462296,
        "dmean2": 7.31530809402,
        "dvar": 13.5119247437,
        "dvar2": 29.6626110077,
        "max": 48.0260124207,
        "mean": 26.1031208038,
        "median": 25.5580158234,
        "min": 0.438398122787,
        "var": 48.7428398132
    },
    "melbands_crest": {
        "dmean": 3.38230538368,
        "dmean2": 5.3435587883,
        "dvar": 6.82152795792,
        "dvar2": 14.9796686172,
        "max": 24.9763450623,
        "mean": 15.611664772,
        "median": 15.6868476868,
        "min": 5.116106987,
        "var": 15.4717445374
    },
    "melbands_flatness_db": {
        "dmean": 0.0250720251352,
        "dmean2": 0.034687153995,
        "dvar": 0.000343542022165,
        "dvar2": 0.000674337439705,
        "max": 0.37926286459,
        "mean": 0.289411365986,
        "median": 0.289292067289,
        "min": 0.182052031159,
        "var": 0.00106196117122
    },
    "melbands_kurtosis": {
        "dmean": 3.87882566452,
        "dmean2": 5.94977140427,
        "dvar": 19.0774402618,
        "dvar2": 44.9197311401,
        "max": 44.1040725708,
        "mean": 5.58585882187,
        "median": 3.70789718628,
        "min": -1.38121926785,
        "var": 33.6823272705
    },
    "melbands_skewness": {
        "dmean": 0.707430541515,
        "dmean2": 1.03955471516,
        "dvar": 0.329939454794,
        "dvar2": 0.727589130402,
        "max": 6.31436347961,
        "mean": 2.23051023483,
        "median": 2.06131243706,
        "min": -0.16920094192,
        "var": 0.955139458179
    },
    "melbands_spread": {
        "dmean": 6.30355787277,
        "dmean2": 9.27840518951,
        "dvar": 27.3484077454,
        "dvar2": 53.2492752075,
        "max": 52.0440406799,
        "mean": 21.5110168457,
        "median": 20.7143516541,
        "min": 5.56573057175,
        "var": 64.7734222412
    },
    "pitch_salience": {
        "dmean": 0.0747176632285,
        "dmean2": 0.115328371525,
        "dvar": 0.00353615893982,
        "dvar2": 0.00789318513125,
        "max": 0.785848677158,
        "mean": 0.416877120733,
        "median": 0.427898675203,
        "min": 0.197392508388,
        "var": 0.0101415803656
    },
    "silence_rate_20dB": {
        "dmean": 0,
        "dmean2": 0,
        "dvar": 0,
        "dvar2": 0,
        "max": 1,
        "mean": 1,
        "median": 1,
        "min": 1,
        "var": 0
    },
    "silence_rate_30dB": {
        "dmean": 0,
        "dmean2": 0,
        "dvar": 0,
        "dvar2": 0,
        "max": 1,
        "mean": 1,
        "median": 1,
        "min": 1,
        "var": 0
    },
    "silence_rate_60dB": {
        "dmean": 0,
        "dmean2": 0,
        "dvar": 0,
        "dvar2": 0,
        "max": 0,
        "mean": 0,
        "median": 0,
        "min": 0,
        "var": 0
    },
    "spectral_centroid": {
        "dmean": 210.575454712,
        "dmean2": 297.554321289,
        "dvar": 24598.8222656,
        "dvar2": 53076.71875,
        "max": 2004.4119873,
        "mean": 995.475158691,
        "median": 969.00177002,
        "min": 475.939117432,
        "var": 65683.4296875
    },
    "spectral_complexity": {
        "dmean": 2.89090919495,
        "dmean2": 4.70212745667,
        "dvar": 5.49718809128,
        "dvar2": 13.3216123581,
        "max": 42,
        "mean": 24.5377635956,
        "median": 24,
        "min": 1,
        "var": 18.0854454041
    },
    "spectral_decrease": {
        "dmean": 2.37608310805e-09,
        "dmean2": 3.32995253594e-09,
        "dvar": 3.33712411013e-18,
        "dvar2": 5.974702817e-18,
        "max": -3.72681385752e-10,
        "mean": -1.05307025322e-08,
        "median": -1.0396647987e-08,
        "min": -1.81533721388e-08,
        "var": 8.18143168053e-18
    },
    "spectral_energy": {
        "dmean": 0.00914158392698,
        "dmean2": 0.0128450449556,
        "dvar": 4.90261118102e-05,
        "dvar2": 8.83588072611e-05,
        "max": 0.0706803277135,
        "mean": 0.0421128645539,
        "median": 0.0415807440877,
        "min": 0.00144634826574,
        "var": 0.000122198442114
    },
    "spectral_energyband_high": {
        "dmean": 1.31643437271e-05,
        "dmean2": 2.12358845602e-05,
        "dvar": 2.296500351e-10,
        "dvar2": 5.72636049689e-10,
        "max": 0.000202451294172,
        "mean": 4.15157555835e-05,
        "median": 3.67009197362e-05,
        "min": 1.70705152414e-06,
        "var": 4.75644523767e-10
    },
    "spectral_energyband_low": {
        "dmean": 0.00115282856859,
        "dmean2": 0.00194621144328,
        "dvar": 1.94452218238e-06,
        "dvar2": 5.33414868187e-06,
        "max": 0.0133164925501,
        "mean": 0.00197659176774,
        "median": 0.00142063444946,
        "min": 0.000251375779044,
        "var": 3.43314127349e-06
    },
    "spectral_energyband_middle_high": {
        "dmean": 0.00267695682123,
        "dmean2": 0.00414406042546,
        "dvar": 4.91031596539e-06,
        "dvar2": 9.85488986771e-06,
        "max": 0.0273082945496,
        "mean": 0.0117014115676,
        "median": 0.0112835597247,
        "min": 0.000125474412926,
        "var": 1.97445115191e-05
    },
    "spectral_energyband_middle_low": {
        "dmean": 0.00951529014856,
        "dmean2": 0.0131999785081,
        "dvar": 5.19372406416e-05,
        "dvar2": 9.51624169829e-05,
        "max": 0.0632832348347,
        "mean": 0.0297290794551,
        "median": 0.028840906918,
        "min": 0.000689265725669,
        "var": 0.000136784336064
    },
    "spectral_entropy": {
        "dmean": 0.122067525983,
        "dmean2": 0.172533228993,
        "dvar": 0.0115669844672,
        "dvar2": 0.0184038635343,
        "max": 8.34969806671,
        "mean": 7.02086830139,
        "median": 7.02723073959,
        "min": 6.48421764374,
        "var": 0.0286808740348
    },
    "spectral_flux": {
        "dmean": 0.0193852037191,
        "dmean2": 0.0328432582319,
        "dvar": 0.00028772620135,
        "dvar2": 0.000828281976283,
        "max": 0.169264853001,
        "mean": 0.0862034931779,
        "median": 0.0832130163908,
        "min": 0.047496881336,
        "var": 0.00039745614049
    },
    "spectral_kurtosis": {
        "dmean": 5.22157430649,
        "dmean2": 9.3814125061,
        "dvar": 18.8153076172,
        "dvar2": 55.5215148926,
        "max": 27.8945674896,
        "mean": 8.38822650909,
        "median": 7.45744419098,
        "min": 1.18380260468,
        "var": 23.9237937927
    },
    "spectral_rms": {
        "dmean": 0.000716775946785,
        "dmean2": 0.00100001017563,
        "dvar": 3.4084445133e-07,
        "dvar2": 6.0862095097e-07,
        "max": 0.00830399990082,
        "mean": 0.00634778663516,
        "median": 0.00636918982491,
        "min": 0.00118788529653,
        "var": 7.91280911017e-07
    },
    "spectral_rolloff": {
        "dmean": 412.132202148,
        "dmean2": 685.004516602,
        "dvar": 164669.96875,
        "dvar2": 326038.53125,
        "max": 2325.5859375,
        "mean": 1338.30944824,
        "median": 1141.25976562,
        "min": 215.33203125,
        "var": 309443.65625
    },
    "spectral_skewness": {
        "dmean": 0.439754843712,
        "dmean2": 0.779214024544,
        "dvar": 0.148615643382,
        "dvar2": 0.450860768557,
        "max": 4.11187839508,
        "mean": 1.38719081879,
        "median": 1.30056524277,
        "min": 0.503086686134,
        "var": 0.198098286986
    },
    "spectral_spread": {
        "dmean": 195899.9375,
        "dmean2": 272796.65625,
        "dvar": 950338453504,
        "dvar2": 493836959744,
        "max": 24255306,
        "mean": 1906466,
        "median": 1808282.75,
        "min": 1556882.375,
        "var": 1.62247016448e+12
    },
    "spectral_strongpeak": {
        "dmean": 0.478900432587,
        "dmean2": 0.817758858204,
        "dvar": 0.412832826376,
        "dvar2": 1.12762415409,
        "max": 5.87682676315,
        "mean": 1.20276927948,
        "median": 1.05239260197,
        "min": 0,
        "var": 0.434788405895
    },
    "zerocrossingrate": {
        "dmean": 0.00634617637843,
        "dmean2": 0.00766111817211,
        "dvar": 2.21086211241e-05,
        "dvar2": 3.54529183824e-05,
        "max": 0.06591796875,
        "mean": 0.0388338491321,
        "median": 0.03857421875,
        "min": 0.0068359375,
        "var": 9.52510235948e-05
    },
    "barkbands": {
        "dmean": [6.09673088547e-06, 0.000543429574464, 0.000740148243494, 0.00196947157383, 0.0088895149529, 0.000423792807851, 0.000279657862848, 0.000843645073473, 0.00107475451659, 0.00126519461628, 0.000259921944235, 0.000833234749734, 9.19275335036e-05, 0.000556385086384, 0.000648004701361, 0.00112890661694, 0.00055251334561, 0.000157453294378, 8.53804158396e-05, 1.89857291844e-05, 8.0009276644e-06, 1.86658417078e-06, 3.49508042063e-07, 7.45845483152e-08, 1.91039681852e-08, 9.0477412229e-09, 4.32684732488e-09],
        "dmean2": [9.34851232159e-06, 0.000874001183547, 0.00129213545006, 0.0030319977086, 0.0127417892218, 0.000706628605258, 0.000462974101538, 0.00148457672913, 0.00187222030945, 0.00194357009605, 0.000442714634119, 0.00129019015003, 0.000142747667269, 0.000893529329915, 0.00100468460005, 0.00190077198204, 0.000883337401319, 0.000257193285506, 0.000140093601658, 3.09895367536e-05, 1.31508277263e-05, 2.88286491923e-06, 6.52565177006e-07, 1.23765545368e-07, 2.98084330552e-08, 1.48237493391e-08, 6.2775109555e-09],
        "dvar": [1.09789018155e-10, 3.73172412083e-07, 9.1785341283e-07, 2.95623408419e-06, 4.93344778079e-05, 1.64515242318e-07, 9.74514406948e-08, 1.01008890852e-06, 1.40577765251e-06, 1.52325253566e-06, 7.81960594054e-08, 8.14256623016e-07, 3.85329954611e-08, 5.30285660716e-07, 4.73358795716e-07, 1.0739300933e-06, 2.39024330995e-07, 2.23895870732e-08, 8.81396111652e-09, 4.4519946063e-10, 7.65032759364e-11, 4.01527379054e-12, 1.27739046554e-13, 5.3879795421e-15, 1.09623501666e-15, 4.37858673718e-16, 4.22815077407e-16],
        "dvar2": [2.18958795539e-10, 9.20867307741e-07, 2.77586150332e-06, 7.81879134593e-06, 8.60299405758e-05, 4.60451360595e-07, 2.67008942956e-07, 3.01513728118e-06, 3.82889629691e-06, 3.2331975035e-06, 2.21767081143e-07, 1.69837198882e-06, 9.52917460495e-08, 1.45839658217e-06, 1.07699497676e-06, 2.87857506009e-06, 5.52770529794e-07, 5.47086216329e-08, 2.35746391297e-08, 1.12700693222e-09, 1.90305132763e-10, 9.56245672923e-12, 3.45168636512e-13, 1.41602063801e-14, 1.967459119e-15, 5.24109735866e-16, 4.61764616937e-16],
        "max": [0.000150511099491, 0.00654006144032, 0.00890761427581, 0.0146324662492, 0.0534152761102, 0.00402438826859, 0.00324962683953, 0.00840268377215, 0.0137345632538, 0.0180789604783, 0.00273908977397, 0.0119428671896, 0.00310962367803, 0.00658044032753, 0.00575804617256, 0.0102347359061, 0.00393455242738, 0.0012575838482, 0.000898684840649, 0.000262487068539, 9.8568321846e-05, 1.99638670892e-05, 3.36835046255e-06, 9.95199343379e-07, 4.94935534334e-07, 3.76315313133e-07, 3.96401190983e-07],
        "mean": [8.63002151164e-06, 0.000868112838361, 0.000834657461382, 0.00437577301636, 0.020293969661, 0.000799391476903, 0.000464564538561, 0.000938241311815, 0.00152338901535, 0.00350744952448, 0.000465442280984, 0.00156766746659, 0.000146182443132, 0.000896095531061, 0.00116369652096, 0.00238155946136, 0.00124908750877, 0.000363209546776, 0.000197289526113, 4.10160791944e-05, 2.13265939237e-05, 5.49716787646e-06, 3.84085183214e-07, 2.22790589532e-07, 5.83212695915e-08, 1.76630230442e-08, 2.10718713589e-08],
        "median": [4.00715816795e-06, 0.00061873125378, 0.000504936673678, 0.00410659052432, 0.018216367811, 0.00063776562456, 0.000373147544451, 0.00055231055012, 0.00104410236236, 0.00232068891637, 0.000367513595847, 0.00116047100164, 9.74124268396e-05, 0.0006850855425, 0.000855693942867, 0.00200025271624, 0.00108971912414, 0.000306479487335, 0.000164029203006, 3.29749491357e-05, 1.84511609405e-05, 4.27539271186e-06, 2.50117267342e-07, 2.04219745115e-07, 5.0676383978e-08, 1.3700262258e-08, 1.91819218287e-08],
        "min": [7.96134997927e-08, 3.7384848838e-05, 2.45077080763e-05, 0.000271283643087, 0.000319084880175, 2.43204503931e-05, 1.76884204848e-05, 8.59348892845e-06, 2.1042280423e-05, 3.08388298436e-05, 1.23998152048e-05, 5.59987347515e-06, 8.01054625299e-07, 8.65668789629e-06, 2.58604995906e-05, 9.99564144877e-06, 2.85734367935e-05, 2.4129249141e-06, 2.11141491491e-06, 1.24496455101e-06, 3.97423491449e-07, 2.32177370663e-07, 6.33407637451e-08, 6.74008973078e-08, 1.90523756771e-08, 2.90513502144e-09, 1.00535189063e-08],
        "var": [2.88128132464e-10, 7.3896842423e-07, 1.1249067029e-06, 5.51172161067e-06, 0.000125598453451, 3.91252996224e-07, 1.41460503755e-07, 1.23406618968e-06, 2.07636776395e-06, 1.13218829938e-05, 1.42455547802e-07, 2.23689698942e-06, 4.54263791028e-08, 6.13551719653e-07, 9.14493625714e-07, 2.6435534437e-06, 5.62337959309e-07, 5.00079160304e-08, 1.71185927655e-08, 9.17181275373e-10, 1.54614224201e-10, 1.19658857475e-11, 1.243532458e-13, 9.95943456964e-15, 1.71782696862e-15, 5.0188237372e-16, 4.92345894465e-16]
    },
    "erbbands": {
        "dmean": [0.0102448854595, 0.152926400304, 0.845180153847, 2.66055870056, 35.5975837708, 15.2272596359, 1.64684867859, 4.38216543198, 4.32222557068, 3.94393634796, 30.7386989594, 23.4710559845, 39.5680465698, 13.8551139832, 21.9509010315, 20.7895088196, 4.08962535858, 17.2155075073, 49.3593406677, 36.652305603, 51.4345588684, 32.0620422363, 9.39982509613, 6.90083312988, 2.02409601212, 0.867921054363, 0.41060346365, 0.21601498127, 0.0734190940857, 0.0159856975079, 0.00881153717637, 0.00214079464786, 0.00102468184195, 0.000316793157253, 0.00010584120173, 4.97995861224e-05, 1.4331483726e-05, 2.82751170744e-06, 4.34678986494e-06, 1.00405031844e-05],
        "dmean2": [0.0174188539386, 0.244439035654, 1.47874188423, 3.92524814606, 49.5974121094, 23.9011726379, 2.84396266937, 7.41594076157, 7.34663724899, 6.6720867157, 54.9350776672, 40.6000709534, 63.7101669312, 20.4830589294, 34.0590591431, 33.0073242188, 6.5111451149, 28.2575092316, 75.6355361938, 58.1878089905, 86.5806045532, 51.1497535706, 14.756608963, 11.2698507309, 3.28431892395, 1.40528714657, 0.659356236458, 0.353887021542, 0.116048172116, 0.0269159357995, 0.016315728426, 0.00368864927441, 0.00168405892327, 0.000517151260283, 0.000165594246937, 8.08025433798e-05, 2.29802099057e-05, 4.22819084633e-06, 6.13555084783e-06, 1.41791033457e-05],
        "dvar": [0.000132349669002, 0.0326180793345, 1.27551007271, 4.90291213989, 769.674255371, 158.515396118, 2.89933800697, 18.0689105988, 20.7552242279, 26.1084632874, 1288.6184082, 807.126037598, 1381.72644043, 637.493652344, 471.905761719, 518.152526855, 39.6766242981, 749.753051758, 3412.03027344, 1665.18811035, 2512.19067383, 915.726867676, 72.2053833008, 44.4418640137, 5.1688079834, 0.917756617069, 0.189666837454, 0.052494622767, 0.00630045495927, 0.000252085417742, 7.14811249054e-05, 3.86071815228e-06, 9.6728376775e-07, 1.77945921109e-07, 4.90202971548e-08, 7.79497355552e-09, 1.43916978335e-09, 1.80915490922e-10, 1.57990079352e-11, 5.78748646229e-11],
        "dvar2": [0.000363126280718, 0.0842126756907, 3.80171251297, 12.5903902054, 1350.08959961, 326.624420166, 7.91646385193, 50.6712341309, 57.9461250305, 70.4356765747, 3836.61767578, 2196.6003418, 3148.98632812, 739.028869629, 1011.3651123, 1141.92272949, 102.143501282, 2074.94067383, 7648.77880859, 4359.84716797, 6399.90478516, 2173.42602539, 167.264572144, 123.024040222, 12.6658658981, 2.1962647438, 0.473063051701, 0.13668847084, 0.0158982016146, 0.000709457672201, 0.000199620932108, 1.07123505586e-05, 2.3100319595e-06, 3.45540343005e-07, 8.46263858989e-08, 1.11547731052e-08, 1.67103775262e-09, 1.9602278134e-10, 2.59756226945e-11, 1.05951920848e-10],
        "max": [0.144137784839, 1.83460533619, 9.81686210632, 20.1884593964, 230.863433838, 87.9002532959, 13.4613161087, 35.9999961853, 64.563041687, 65.2477722168, 302.649597168, 394.283355713, 552.70324707, 529.782348633, 295.881835938, 283.956359863, 95.0464859009, 349.509765625, 548.844726562, 414.051391602, 537.260681152, 257.536804199, 91.9253005981, 60.501991272, 26.3396873474, 12.9091234207, 4.39044475555, 2.64940857887, 0.739350199699, 0.157417178154, 0.0554254204035, 0.0256555657834, 0.0127364424989, 0.00628494424745, 0.00314747798257, 0.0015653569717, 0.000676960626151, 0.000246082461672, 6.1668244598e-05, 7.89127807366e-05],
        "mean": [0.0148715637624, 0.240137338638, 1.09718108177, 7.00863552094, 88.5533981323, 29.0133037567, 3.15450882912, 7.61690044403, 8.33066082001, 6.0567278862, 36.9916267395, 34.6691703796, 109.837722778, 37.5623512268, 51.3422584534, 40.6786003113, 8.6268529892, 29.5545597076, 80.4670562744, 85.5488433838, 107.858032227, 72.6801681519, 27.1957550049, 17.7023277283, 5.28675079346, 2.04509139061, 1.0458599329, 0.634147405624, 0.223541885614, 0.0343378894031, 0.0113732246682, 0.00588769093156, 0.00295110908337, 0.00107294542249, 0.000264166737907, 0.000144985839142, 3.56170567102e-05, 9.8491236713e-06, 2.37997683143e-05, 4.89755693707e-05],
        "median": [0.0107007613406, 0.169096201658, 0.70229279995, 6.7112455368, 80.5784454346, 24.8603935242, 2.84527540207, 6.12979507446, 6.62247800827, 4.68114185333, 24.20454216, 24.8923339844, 76.0796279907, 23.9622840881, 40.7632141113, 30.3063869476, 7.03280448914, 24.0994873047, 52.5405349731, 68.1915664673, 89.7329483032, 61.3427085876, 24.5051708221, 15.252412796, 4.43929719925, 1.66515552998, 0.85430932045, 0.587629914284, 0.19210088253, 0.0304038971663, 0.00839677546173, 0.00528792850673, 0.00271971267648, 0.000968029606156, 0.000216009633732, 0.000126705737785, 2.9403679946e-05, 8.37526295072e-06, 2.35730803979e-05, 4.82967770949e-05],
        "min": [0.00103937950917, 0.0204304549843, 0.0647666528821, 0.655474841595, 1.22707927227, 0.947078406811, 0.253883957863, 0.229352742434, 0.285362005234, 0.304842621088, 0.638315677643, 0.483015775681, 0.742970585823, 0.671290278435, 0.637761116028, 0.139367625117, 0.0367343835533, 0.236921593547, 1.59960711002, 0.795572936535, 0.489019215107, 1.74111974239, 0.400903463364, 0.0985956788063, 0.0927234888077, 0.0630566701293, 0.0262814778835, 0.0128584476188, 0.00872940476984, 0.00479527795687, 0.00196251878515, 0.00165488570929, 0.000880395702552, 0.00035213548108, 8.87429414433e-05, 4.00938552048e-05, 9.36794731388e-06, 3.94917424273e-06, 9.67118194239e-06, 2.79236724054e-06],
        "var": [0.0002256075677, 0.0576764084399, 1.60260510445, 10.5917377472, 2209.75097656, 292.265411377, 2.95037055016, 35.5224914551, 47.5745010376, 30.6292457581, 1524.42749023, 1146.73901367, 10322.7197266, 2409.16992188, 1420.99743652, 1187.39904785, 52.8352470398, 802.907104492, 6336.63134766, 3481.22509766, 5597.67431641, 2072.27905273, 204.314865112, 97.2672958374, 11.6341581345, 2.09275770187, 0.419690132141, 0.105621650815, 0.0137523096055, 0.000362220976967, 6.94134432706e-05, 6.39477684672e-06, 2.06854247153e-06, 3.50918043068e-07, 6.604180669e-08, 9.99257121492e-09, 1.55254420431e-09, 1.89163504305e-10, 2.80415135556e-11, 1.47619180768e-10]
    },
    "gfcc": {
        "mean": [-39.7598228455, 188.637359619, -181.920318604, 21.8446140289, -16.6823577881, -23.3005199432, -21.0566902161, -11.4523096085, -15.3353729248, -33.3712692261, -27.2902832031, -19.0322914124, 3.56681609154],
        "cov": [[211.90284729, -8.73728561401, -97.7851409912, -6.25469255447, -19.0951595306, -3.67067122459, -1.00404202938, -5.33000850677, 9.29758834839, 24.4924945831, 13.2798099518, -8.3127746582, -7.95030403137], [-8.73728561401, 86.7137756348, 21.2982501984, -18.1698436737, -3.37765669823, -5.64844322205, 31.0646362305, 15.8924474716, 16.0230312347, -5.98137998581, 11.9665679932, 5.66174507141, 9.36088275909], [-97.7851409912, 21.2982501984, 124.07951355, 22.0752372742, 6.21794223785, 19.2889461517, -2.75478339195, 8.33501243591, 3.46311926842, -5.45133256912, -3.75254750252, 19.3381099701, 4.60016107559], [-6.25469255447, -18.1698436737, 22.0752372742, 61.6244430542, 38.0391273499, 2.8868393898, -19.8085269928, -16.3279705048, 0.252009928226, 6.68705701828, 2.26901483536, -1.72917771339, -4.86142778397], [-19.0951595306, -3.37765669823, 6.21794223785, 38.0391273499, 73.4333648682, 3.59756994247, -18.1432609558, -24.0436191559, -18.0335922241, -6.51527452469, -4.06756401062, -9.20085525513, 1.45824337006], [-3.67067122459, -5.64844322205, 19.2889461517, 2.8868393898, 3.59756994247, 46.4667396545, 15.1093959808, 5.75523519516, 3.3375980854, 10.9215145111, 9.52696228027, 14.2153110504, 2.58597445488], [-1.00404202938, 31.0646362305, -2.75478339195, -19.8085269928, -18.1432609558, 15.1093959808, 52.0527229309, 28.6744670868, 4.55089235306, -2.30891990662, 2.53683900833, 3.96430063248, 7.48133087158], [-5.33000850677, 15.8924474716, 8.33501243591, -16.3279705048, -24.0436191559, 5.75523519516, 28.6744670868, 61.3773803711, 30.3428554535, 11.7056760788, 3.56566357613, 8.73495578766, 4.4299120903], [9.29758834839, 16.0230312347, 3.46311926842, 0.252009928226, -18.0335922241, 3.3375980854, 4.55089235306, 30.3428554535, 48.417388916, 27.8651924133, 5.09632396698, 2.43900847435, -3.64333796501], [24.4924945831, -5.98137998581, -5.45133256912, 6.68705701828, -6.51527452469, 10.9215145111, -2.30891990662, 11.7056760788, 27.8651924133, 56.0965919495, 15.9950695038, -0.601501464844, -6.82323789597], [13.2798099518, 11.9665679932, -3.75254750252, 2.26901483536, -4.06756401062, 9.52696228027, 2.53683900833, 3.56566357613, 5.09632396698, 15.9950695038, 31.825958252, 18.1932754517, -3.80335330963], [-8.3127746582, 5.66174507141, 19.3381099701, -1.72917771339, -9.20085525513, 14.2153110504, 3.96430063248, 8.73495578766, 2.43900847435, -0.601501464844, 18.1932754517, 41.2062110901, 8.94553470612], [-7.95030403137, 9.36088275909, 4.60016107559, -4.86142778397, 1.45824337006, 2.58597445488, 7.48133087158, 4.4299120903, -3.64333796501, -6.82323789597, -3.80335330963, 8.94553470612, 25.0384654999]],
        "icov": [[0.0112275695428, -0.0142435189337, 0.0157138630748, -0.0121994717047, 0.011602637358, -0.0118950596079, 0.0138971265405, -0.00719614420086, 0.0133655779064, -0.00746473297477, 0.0128029286861, -0.00435932073742, 0.00472088344395], [-0.0142435189337, 0.0767097622156, -0.0442776568234, 0.047863714397, -0.0432161428034, 0.0518611371517, -0.069726921618, 0.0409603118896, -0.0718258842826, 0.0308844018728, -0.0709103345871, 0.0214008130133, -0.0254778582603], [0.0157138630748, -0.0442776568234, 0.0430841706693, -0.0357013903558, 0.0294383205473, -0.0364291518927, 0.0432309694588, -0.026390099898, 0.0421912670135, -0.017907673493, 0.0466138198972, -0.018587468192, 0.015476337634], [-0.0121994717047, 0.047863714397, -0.0357013903558, 0.0615842454135, -0.043666601181, 0.0348631069064, -0.0412493720651, 0.0308708194643, -0.052071236074, 0.0174947716296, -0.0466788634658, 0.012456455268, -0.0117961699143], [0.011602637358, -0.0432161428034, 0.0294383205473, -0.043666601181, 0.051889847964, -0.0363925769925, 0.0453258156776, -0.0240979995579, 0.0486830510199, -0.015709778294, 0.0377946943045, -0.00387145439163, 0.00733813177794], [-0.0118950596079, 0.0518611371517, -0.0364291518927, 0.0348631069064, -0.0363925769925, 0.0689279586077, -0.061932567507, 0.0331828407943, -0.048812687397, 0.0118206739426, -0.0468123778701, 0.00283922534436, -0.0140757402405], [0.0138971265405, -0.069726921618, 0.0432309694588, -0.0412493720651, 0.0453258156776, -0.061932567507, 0.100627541542, -0.0556356422603, 0.0721834376454, -0.0218543820083, 0.0573917739093, -0.00913517922163, 0.0145917888731], [-0.00719614420086, 0.0409603118896, -0.026390099898, 0.0308708194643, -0.0240979995579, 0.0331828407943, -0.0556356422603, 0.0595772899687, -0.0605690181255, 0.0159576870501, -0.036137111485, 0.00543699180707, -0.0145932789892], [0.0133655779064, -0.0718258842826, 0.0421912670135, -0.052071236074, 0.0486830510199, -0.048812687397, 0.0721834376454, -0.0605690181255, 0.114141173661, -0.0467284917831, 0.0724988728762, -0.0211303699762, 0.0270259082317], [-0.00746473297477, 0.0308844018728, -0.017907673493, 0.0174947716296, -0.015709778294, 0.0118206739426, -0.0218543820083, 0.0159576870501, -0.0467284917831, 0.0478036180139, -0.0480851642787, 0.0219873934984, -0.0127612082288], [0.0128029286861, -0.0709103345871, 0.0466138198972, -0.0466788634658, 0.0377946943045, -0.0468123778701, 0.0573917739093, -0.036137111485, 0.0724988728762, -0.0480851642787, 0.1295068115, -0.05606687814, 0.0419763103127], [-0.00435932073742, 0.0214008130133, -0.018587468192, 0.012456455268, -0.00387145439163, 0.00283922534436, -0.00913517922163, 0.00543699180707, -0.0211303699762, 0.0219873934984, -0.05606687814, 0.0601885840297, -0.028954917565], [0.00472088344395, -0.0254778582603, 0.015476337634, -0.0117961699143, 0.00733813177794, -0.0140757402405, 0.0145917888731, -0.0145932789892, 0.0270259082317, -0.0127612082288, 0.0419763103127, -0.028954917565, 0.0622533038259]]
    },
    "melbands": {
        "dmean": [0.000113617592433, 0.000339048798196, 0.00139521784149, 0.00222557573579, 6.38329365756e-05, 9.56292715273e-05, 6.08297850704e-05, 3.57699464075e-05, 0.000303061591694, 0.000125823149574, 0.000204467840376, 6.98084040778e-05, 5.1604831242e-05, 0.000117435411084, 9.89538966678e-06, 1.47904456753e-05, 3.01516720356e-05, 9.65471408563e-05, 2.86708982458e-05, 7.80915070209e-05, 5.19084424013e-05, 3.42196653946e-05, 1.87124296644e-05, 7.60111561249e-06, 6.02522732152e-06, 2.27643931794e-06, 1.06482002593e-06, 5.11936832481e-07, 2.12416978229e-07, 2.75790199566e-07, 1.06447515691e-07, 4.82677542379e-08, 2.11428350383e-08, 8.3210913715e-09, 7.10106595747e-09, 1.7101983163e-09, 1.29009980476e-09, 8.81107076189e-10, 4.42401948408e-10, 2.61744348418e-10],
        "dmean2": [0.000185921555385, 0.000585704692639, 0.00194663275033, 0.00323329074308, 0.000111705739982, 0.000161046089488, 0.000102637714008, 5.99778359174e-05, 0.000541438173968, 0.000216734624701, 0.000328135996824, 0.000104727230791, 8.2921826106e-05, 0.000180509552592, 1.65989731613e-05, 2.45270221058e-05, 4.98218796565e-05, 0.000149016443174, 4.65108532808e-05, 0.000131459441036, 8.64884350449e-05, 5.51440352865e-05, 2.88026258204e-05, 1.23982827063e-05, 9.85779570328e-06, 3.77387686967e-06, 1.76122364337e-06, 8.37775246509e-07, 3.4325810816e-07, 4.58639618728e-07, 1.7440633826e-07, 7.58505294129e-08, 3.45128867707e-08, 1.55628505638e-08, 1.33393971424e-08, 3.0157849551e-09, 2.13022088857e-09, 1.43620093596e-09, 7.25839499616e-10, 4.23222179524e-10],
        "dvar": [1.5235391615e-08, 2.03448124125e-07, 1.15968543923e-06, 3.08922835757e-06, 3.91669141564e-09, 8.08190936397e-09, 4.03567312901e-09, 2.14200324145e-09, 1.21265500752e-07, 2.52550975688e-08, 3.72647157576e-08, 1.32738877667e-08, 2.4023081302e-09, 1.59282667056e-08, 9.99453853012e-11, 1.01447128475e-09, 2.16152051813e-09, 1.33640352118e-08, 9.49263001537e-10, 5.43932454633e-09, 2.34883068551e-09, 1.06541375722e-09, 2.86080603651e-10, 5.6259202158e-11, 3.47955102231e-11, 7.14740723204e-12, 1.48814630323e-12, 3.15041097593e-13, 5.30159785159e-14, 9.58657795074e-14, 1.02811139661e-14, 2.71848236399e-15, 4.71406128278e-16, 9.23193650009e-17, 5.03954064108e-17, 2.26742324097e-18, 1.63112396394e-18, 6.31308276006e-19, 2.45529151941e-19, 1.28387387883e-19],
        "dvar2": [3.83307252605e-08, 5.85957877774e-07, 2.47338584813e-06, 5.52124356545e-06, 1.07132720473e-08, 2.29433094745e-08, 1.1135676381e-08, 5.88159432269e-09, 3.62132027476e-07, 6.66193997745e-08, 8.48594154945e-08, 1.71742851052e-08, 5.83021009248e-09, 3.36099361675e-08, 2.71756117609e-10, 2.7565660865e-09, 6.001969588e-09, 2.99218143596e-08, 2.25948815213e-09, 1.44155363202e-08, 6.01954175394e-09, 2.46016806926e-09, 7.24351245651e-10, 1.38894160062e-10, 9.75082653509e-11, 1.93835988926e-11, 3.59038406644e-12, 7.9526337772e-13, 1.35913470149e-13, 2.41911173168e-13, 2.57385462227e-14, 6.72744017544e-15, 1.27493387517e-15, 2.42548122674e-16, 1.38379441721e-16, 6.83567251681e-18, 4.49009518362e-18, 1.67786783696e-18, 5.13087260968e-19, 2.5278965222e-19],
        "max": [0.0014516110532, 0.00383204990067, 0.010055122897, 0.0129789710045, 0.000440518342657, 0.000881426909473, 0.0008953253855, 0.000586636597291, 0.00291337328963, 0.00235122954473, 0.00291002634913, 0.00231387536041, 0.000565050228033, 0.00172332813963, 7.44833741919e-05, 0.000487843091832, 0.000611567578744, 0.00109017593786, 0.000289262417937, 0.000673246511724, 0.000515906256624, 0.000266351591563, 0.000174709624844, 6.00972998654e-05, 5.08233388246e-05, 3.05857502099e-05, 1.41041036841e-05, 7.43794635127e-06, 2.6396019166e-06, 3.25698488268e-06, 1.08180779534e-06, 4.90295803957e-07, 2.07130938179e-07, 1.1339626127e-07, 4.31824815905e-08, 1.14919114225e-08, 1.7239386807e-08, 8.44513348142e-09, 6.45334008453e-09, 5.39346123318e-09],
        "mean": [0.000184009768418, 0.00045901114936, 0.00376432226039, 0.00496021239087, 0.000101545796497, 0.000173521388206, 0.000124206286273, 5.38015556231e-05, 0.000368082080968, 0.000180813556653, 0.000566618924495, 0.000179799171747, 0.000116347604489, 0.000223685565288, 1.88150788745e-05, 2.33427163039e-05, 4.51617779618e-05, 0.000148708597408, 6.13006923231e-05, 0.000174910164787, 0.00010284093878, 7.25886566215e-05, 4.55914632767e-05, 1.70193980011e-05, 1.47004038809e-05, 4.98751296618e-06, 2.21842287829e-06, 1.09110089852e-06, 5.19881666605e-07, 6.38851702206e-07, 2.93522447237e-07, 1.42986664287e-07, 4.45431389551e-08, 9.34977073541e-09, 7.21064230547e-09, 3.75687836396e-09, 3.44347883541e-09, 2.27507856998e-09, 1.24134680313e-09, 7.3578293458e-10],
        "median": [0.000138991395943, 0.000295226927847, 0.00362592632882, 0.00444742385298, 8.70960138855e-05, 0.000138197909109, 0.000103432197648, 4.08754349337e-05, 0.000244717957685, 0.000123693680507, 0.000391555309761, 0.000105247454485, 9.80932527455e-05, 0.000167722828337, 1.60020445037e-05, 1.62438354891e-05, 3.36849370797e-05, 9.55969735514e-05, 4.95025960845e-05, 0.000147595710587, 8.34778620629e-05, 5.90872041357e-05, 3.88071239286e-05, 1.36802245834e-05, 1.24564276121e-05, 4.1645107558e-06, 1.7784401507e-06, 8.89288173767e-07, 4.21902456083e-07, 5.18497643043e-07, 2.6686436172e-07, 1.18552591744e-07, 3.78187969829e-08, 6.27122132002e-09, 4.59579130307e-09, 3.46036310717e-09, 3.1618916374e-09, 2.07002215369e-09, 1.09907849488e-09, 6.42960629182e-10],
        "min": [1.17629369925e-05, 2.23692932195e-05, 0.000132451532409, 8.53945457493e-05, 1.03326901808e-05, 5.07105187353e-06, 4.17836781708e-06, 2.20916626859e-06, 6.40203688818e-06, 2.62644539362e-06, 3.91080538975e-06, 3.00231613437e-06, 1.93575328922e-06, 9.57049223871e-07, 6.17038651285e-08, 1.19645193308e-07, 3.14735302709e-07, 2.68220196631e-06, 1.2843551076e-06, 8.46079046823e-07, 4.57423226408e-07, 1.75873981334e-06, 1.03538650364e-06, 8.3956891217e-08, 7.43545740534e-08, 7.22703745737e-08, 5.60672717143e-08, 3.9061855972e-08, 1.83642843155e-08, 1.07341913136e-08, 6.45743503114e-09, 5.70691360835e-09, 2.96568547498e-09, 1.70553171586e-09, 9.02928842805e-10, 8.59837756551e-10, 7.97764077021e-10, 6.32359442587e-10, 3.14207992957e-10, 1.6161444405e-10],
        "var": [2.97723055098e-08, 2.88132241621e-07, 3.37293977282e-06, 7.63911612012e-06, 4.29115454281e-09, 1.88281639169e-08, 9.66849889039e-09, 2.47821541066e-09, 1.42593805208e-07, 3.78936810819e-08, 2.86152157969e-07, 5.32154409427e-08, 6.18514439665e-09, 4.32100684122e-08, 1.74231892802e-10, 1.0457310573e-09, 2.38413155884e-09, 2.43756996809e-08, 1.81301729185e-09, 1.41173694956e-08, 5.08402164812e-09, 2.25064877846e-09, 7.69465213768e-10, 1.24576779448e-10, 7.30067395427e-11, 1.23805427715e-11, 3.01520809189e-12, 6.40390735232e-13, 1.04023506389e-13, 1.7158086204e-13, 2.51007575185e-14, 6.70205756262e-15, 7.42407755247e-16, 8.73536343476e-17, 4.35424135592e-17, 3.195863375e-18, 2.62208747515e-18, 1.18086050181e-18, 5.7319558095e-19, 2.35177115822e-19]
    },
    "mfcc": {
        "mean": [-666.898620605, 210.891906738, -80.7742004395, 43.803276062, 7.07916927338, -1.54518294334, -4.13504123688, 9.51737499237, 15.950176239, -10.0373048782, -14.9744558334, -14.9072055817, -16.542547226],
        "cov": [[290.549713135, -20.5606632233, -107.776077271, -3.96373319626, -40.4779510498, 0.288595199585, -19.1085681915, -20.9682426453, -18.3637924194, 13.0873117447, 22.1274394989, 15.0863609314, 5.95282745361], [-20.5606632233, 90.2311248779, 21.553401947, -14.543554306, -14.564491272, -22.1727638245, 14.9552125931, 11.1328287125, 20.5735683441, -5.41340970993, 6.90392303467, 5.7489323616, 6.63954639435], [-107.776077271, 21.553401947, 123.07383728, -2.73299145699, -3.58927989006, 4.276699543, -11.1487808228, 33.050201416, 10.2038679123, 4.55520296097, 2.50171399117, -0.0287894513458, 15.9196996689], [-3.96373319626, -14.543554306, -2.73299145699, 50.4054031372, 33.449092865, 8.77474784851, -0.403823167086, -14.1309995651, -0.547564327717, -3.4626698494, 0.337188363075, 7.09450817108, -1.42867529392], [-40.4779510498, -14.564491272, -3.58927989006, 33.449092865, 75.6518173218, 28.292673111, 1.75837349892, -12.7318429947, -11.6840343475, -8.54526138306, -6.76235198975, 5.17555046082, 0.51399821043], [0.288595199585, -22.1727638245, 4.276699543, 8.77474784851, 28.292673111, 54.0859909058, 9.00949382782, -8.23459243774, -15.6197662354, -0.727509438992, -1.4560046196, -3.63333249092, 2.54998111725], [-19.1085681915, 14.9552125931, -11.1487808228, -0.403823167086, 1.75837349892, 9.00949382782, 51.5081138611, 7.01647520065, 2.63951063156, -3.22470116615, -9.06957530975, -6.15832090378, -8.29649066925], [-20.9682426453, 11.1328287125, 33.050201416, -14.1309995651, -12.7318429947, -8.23459243774, 7.01647520065, 55.7858657837, 9.22182750702, -1.83697450161, -4.92754030228, -6.32615423203, 6.43542766571], [-18.3637924194, 20.5735683441, 10.2038679123, -0.547564327717, -11.6840343475, -15.6197662354, 2.63951063156, 9.22182750702, 45.513507843, 15.4922151566, -1.23006856441, 1.4636323452, -1.11079776287], [13.0873117447, -5.41340970993, 4.55520296097, -3.4626698494, -8.54526138306, -0.727509438992, -3.22470116615, -1.83697450161, 15.4922151566, 49.5631217957, 17.4428482056, 0.378473997116, 2.11100172997], [22.1274394989, 6.90392303467, 2.50171399117, 0.337188363075, -6.76235198975, -1.4560046196, -9.06957530975, -4.92754030228, -1.23006856441, 17.4428482056, 43.8125915527, 19.6045207977, 2.59340834618], [15.0863609314, 5.7489323616, -0.0287894513458, 7.09450817108, 5.17555046082, -3.63333249092, -6.15832090378, -6.32615423203, 1.4636323452, 0.378473997116, 19.6045207977, 37.7128181458, 15.2897167206], [5.95282745361, 6.63954639435, 15.9196996689, -1.42867529392, 0.51399821043, 2.54998111725, -8.29649066925, 6.43542766571, -1.11079776287, 2.11100172997, 2.59340834618, 15.2897167206, 43.1062660217]],
