{
"lowlevel": {
    "average_loudness": 0.980926156044,
    "barkbands_crest": {
        "dmean": 1.81521773338,
        "dmean2": 3.15184020996,
        "dvar": 2.88307714462,
        "dvar2": 8.18915653229,
        "max": 19.7295818329,
        "mean": 6.31935834885,
        "median": 5.8301024437,
        "min": 3.2168970108,
        "var": 4.13396072388
    },
    "barkbands_flatness_db": {
        "dmean": 0.013478920795,
        "dmean2": 0.021754745394,
        "dvar": 0.000142450735439,
        "dvar2": 0.00041822984349,
        "max": 0.207083657384,
        "mean": 0.121924072504,
        "median": 0.11940677464,
        "min": 0.0834789648652,
        "var": 0.000278357532807
    },
    "barkbands_kurtosis": {
        "dmean": 0.763135492802,
        "dmean2": 1.24532818794,
        "dvar": 0.92299580574,
        "dvar2": 2.2262108326,
        "max": 8.87551307678,
        "mean": -0.393258273602,
        "median": -0.694554567337,
        "min": -1.55175817013,
        "var": 1.20123529434
    },
    "barkbands_skewness": {
        "dmean": 0.385921299458,
        "dmean2": 0.599676132202,
        "dvar": 0.109954200685,
        "dvar2": 0.273548960686,
        "max": 2.98210048676,
        "mean": 0.693393945694,
        "median": 0.655392169952,
        "min": -0.612178504467,
        "var": 0.221067205071
    },
    "barkbands_spread": {
        "dmean": 3.51553940773,
        "dmean2": 5.90831565857,
        "dvar": 7.58520364761,
        "dvar2": 22.7505664825,
        "max": 35.0871963501,
        "mean": 23.804807663,
        "median": 23.6997814178,
        "min": 10.0352516174,
        "var": 13.1928577423
    },
    "dissonance": {
        "dmean": 0.0147059978917,
        "dmean2": 0.0241444502026,
        "dvar": 0.000150474515976,
        "dvar2": 0.000325812405208,
        "max": 0.498458176851,
        "mean": 0.473589271307,
        "median": 0.477179139853,
        "min": 0.373865604401,
        "var": 0.000229427474551
    },
    "dynamic_complexity": 0.672990858555,
    "erbbands_crest": {
        "dmean": 2.84964036942,
        "dmean2": 4.59732151031,
        "dvar": 5.64024066925,
        "dvar2": 13.0569572449,
        "max": 19.9410648346,
        "mean": 9.40652084351,
        "median": 8.54881668091,
        "min": 4.11456680298,
        "var": 12.5749559402
    },
    "erbbands_flatness_db": {
        "dmean": 0.0143538750708,
        "dmean2": 0.0212821755558,
        "dvar": 0.0001147665389,
        "dvar2": 0.000268175732344,
        "max": 0.234129905701,
        "mean": 0.181014478207,
        "median": 0.179313704371,
        "min": 0.142968222499,
        "var": 0.0002498170943
    },
    "erbbands_kurtosis": {
        "dmean": 0.514621555805,
        "dmean2": 0.819025158882,
        "dvar": 0.232315212488,
        "dvar2": 0.603867352009,
        "max": 2.38865804672,
        "mean": -0.268059492111,
        "median": -0.427907943726,
        "min": -1.23874807358,
        "var": 0.41377851367
    },
    "erbbands_skewness": {
        "dmean": 0.269122719765,
        "dmean2": 0.42572838068,
        "dvar": 0.0437398552895,
        "dvar2": 0.116444833577,
        "max": 0.427245646715,
        "mean": -0.499702244997,
        "median": -0.492341667414,
        "min": -1.40924108028,
        "var": 0.0956566333771
    },
    "erbbands_spread": {
        "dmean": 4.83475208282,
        "dmean2": 7.32667255402,
        "dvar": 13.8933019638,
        "dvar2": 33.6095352173,
        "max": 46.2295875549,
        "mean": 27.2265625,
        "median": 27.2837867737,
        "min": 12.7916183472,
        "var": 32.5841522217
    },
    "hfc": {
        "dmean": 8.71365737915,
        "dmean2": 12.7175283432,
        "dvar": 52.0744590759,
        "dvar2": 122.819206238,
        "max": 74.9375305176,
        "mean": 35.3150215149,
        "median": 33.2734794617,
        "min": 0.504506289959,
        "var": 109.30934906
    },
    "melbands_crest": {
        "dmean": 3.81358623505,
        "dmean2": 6.09774208069,
        "dvar": 9.78419113159,
        "dvar2": 24.1629257202,
        "max": 25.0071315765,
        "mean": 11.6884336472,
        "median": 11.2202100754,
        "min": 4.79969930649,
        "var": 19.1318492889
    },
    "melbands_flatness_db": {
        "dmean": 0.0208636764437,
        "dmean2": 0.0343635976315,
        "dvar": 0.000308505143039,
        "dvar2": 0.000898511789273,
        "max": 0.310512155294,
        "mean": 0.197457805276,
        "median": 0.193844467402,
        "min": 0.142623573542,
        "var": 0.000625285028946
    },
    "melbands_kurtosis": {
        "dmean": 2.29679131508,
        "dmean2": 3.6417453289,
        "dvar": 7.54368305206,
        "dvar2": 18.5042819977,
        "max": 28.1634082794,
        "mean": 2.60219120979,
        "median": 1.83621883392,
        "min": -1.10548985004,
        "var": 10.978720665
    },
    "melbands_skewness": {
        "dmean": 0.509270608425,
        "dmean2": 0.787621617317,
        "dvar": 0.204972818494,
        "dvar2": 0.523781597614,
        "max": 4.82686519623,
        "mean": 1.61884880066,
        "median": 1.54669630527,
        "min": -0.0560611002147,
        "var": 0.409642368555
    },
    "melbands_spread": {
        "dmean": 6.34325838089,
        "dmean2": 10.2125358582,
        "dvar": 25.8650035858,
        "dvar2": 68.1105575562,
        "max": 49.5575370789,
        "mean": 29.2246856689,
        "median": 29.5264606476,
        "min": 6.87740135193,
        "var": 51.318145752
    },
    "pitch_salience": {
        "dmean": 0.0750416964293,
        "dmean2": 0.123422808945,
        "dvar": 0.00361070386134,
        "dvar2": 0.00993128307164,
        "max": 0.78290861845,
        "mean": 0.601026654243,
        "median": 0.607466876507,
        "min": 0.297183841467,
        "var": 0.00623019738123
    },
    "silence_rate_20dB": {
        "dmean": 0,
        "dmean2": 0,
        "dvar": 0,
        "dvar2": 0,
        "max": 1,
        "mean": 1,
        "median": 1,
        "min": 1,
        "var": 0
    },
    "silence_rate_30dB": {
        "dmean": 0.00416666688398,
        "dmean2": 0.00835073087364,
        "dvar": 0.00414934195578,
        "dvar2": 0.00828089844435,
        "max": 1,
        "mean": 0.99584197998,
        "median": 1,
        "min": 0,
        "var": 0.0041407123208
    },
    "silence_rate_60dB": {
        "dmean": 0,
        "dmean2": 0,
        "dvar": 0,
        "dvar2": 0,
        "max": 0,
        "mean": 0,
        "median": 0,
        "min": 0,
        "var": 0
    },
    "spectral_centroid": {
        "dmean": 146.394943237,
        "dmean2": 248.665908813,
        "dvar": 14573.6533203,
        "dvar2": 40275.1484375,
        "max": 1811.29016113,
        "mean": 1289.96789551,
        "median": 1285.40283203,
        "min": 789.831298828,
        "var": 27559.5371094
    },
    "spectral_complexity": {
        "dmean": 3.4375,
        "dmean2": 5.42171192169,
        "dvar": 7.25442695618,
        "dvar2": 16.7240695953,
        "max": 42,
        "mean": 30.6257801056,
        "median": 31,
        "min": 1,
        "var": 13.2279453278
    },
    "spectral_decrease": {
        "dmean": 3.29105143138e-09,
        "dmean2": 5.42370237611e-09,
        "dvar": 9.23611756721e-18,
        "dvar2": 2.40139680442e-17,
        "max": -2.79734735376e-10,
        "mean": -1.19682477262e-08,
        "median": -1.12178746292e-08,
        "min": -2.93358102255e-08,
        "var": 1.64741340427e-17
    },
    "spectral_energy": {
        "dmean": 0.0128949154168,
        "dmean2": 0.0211763381958,
        "dvar": 0.000138535804581,
        "dvar2": 0.00035748098162,
        "max": 0.113384351134,
        "mean": 0.0483740270138,
        "median": 0.0453921630979,
        "min": 0.00110154459253,
        "var": 0.000251013523666
    },
    "spectral_energyband_high": {
        "dmean": 6.39046411379e-05,
        "dmean2": 0.000111584820843,
        "dvar": 2.63217314611e-09,
        "dvar2": 7.48460049493e-09,
        "max": 0.000515461608302,
        "mean": 0.000284059584374,
        "median": 0.000281172862742,
        "min": 4.34313778896e-06,
        "var": 4.21547952101e-09
    },
    "spectral_energyband_low": {
        "dmean": 0.00986342411488,
        "dmean2": 0.01597016491,
        "dvar": 0.000101430072391,
        "dvar2": 0.000276686012512,
        "max": 0.0858498588204,
        "mean": 0.0156511552632,
        "median": 0.0121838729829,
        "min": 0.000525728566572,
        "var": 0.000154127497808
    },
    "spectral_energyband_middle_high": {
        "dmean": 0.00441328296438,
        "dmean2": 0.00654197251424,
        "dvar": 1.40159554576e-05,
        "dvar2": 3.32514282491e-05,
        "max": 0.0342149399221,
        "mean": 0.0129639282823,
        "median": 0.0116432290524,
        "min": 0.000152111126226,
        "var": 2.70494165306e-05
    },
    "spectral_energyband_middle_low": {
        "dmean": 0.0050077708438,
        "dmean2": 0.00822451990098,
        "dvar": 1.78022219188e-05,
        "dvar2": 5.19992136105e-05,
        "max": 0.0468574650586,
        "mean": 0.0199193228036,
        "median": 0.0192272141576,
        "min": 0.000430345186032,
        "var": 4.045550304e-05
    },
    "spectral_entropy": {
        "dmean": 0.0753257125616,
        "dmean2": 0.121335834265,
        "dvar": 0.00301401061006,
        "dvar2": 0.00807723402977,
        "max": 7.73323345184,
        "mean": 7.53281450272,
        "median": 7.53809738159,
        "min": 7.14665031433,
        "var": 0.00713601568714
    },
    "spectral_flux": {
        "dmean": 0.0212136823684,
        "dmean2": 0.0350222103298,
        "dvar": 0.00036896581878,
        "dvar2": 0.000917986093555,
        "max": 0.216757461429,
        "mean": 0.112115457654,
        "median": 0.106496818364,
        "min": 0.0714279562235,
        "var": 0.000679177523125
    },
    "spectral_kurtosis": {
        "dmean": 1.83391022682,
        "dmean2": 3.12506389618,
        "dvar": 2.18183302879,
        "dvar2": 5.84426593781,
        "max": 20.5498828888,
        "mean": 6.81415176392,
        "median": 6.47022914886,
        "min": 3.31901168823,
        "var": 3.41103005409
    },
    "spectral_rms": {
        "dmean": 0.000906552420929,
        "dmean2": 0.00147316243965,
        "dvar": 6.30155284398e-07,
        "dvar2": 1.54501844918e-06,
        "max": 0.0105175506324,
        "mean": 0.00678156223148,
        "median": 0.00665470026433,
        "min": 0.00103666668292,
        "var": 1.20459492337e-06
    },
    "spectral_rolloff": {
        "dmean": 247.541915894,
        "dmean2": 436.732543945,
        "dvar": 117905.710938,
        "dvar2": 306811.21875,
        "max": 2390.18554688,
        "mean": 1617.71984863,
        "median": 1701.12304688,
        "min": 236.865234375,
        "var": 119553.320312
    },
    "spectral_skewness": {
        "dmean": 0.177480116487,
        "dmean2": 0.29701012373,
        "dvar": 0.0219310596585,
        "dvar2": 0.0535185076296,
        "max": 3.64175724983,
        "mean": 1.73818922043,
        "median": 1.7081618309,
        "min": 1.32633662224,
        "var": 0.0385350435972
    },
    "spectral_spread": {
        "dmean": 233436.8125,
        "dmean2": 350484.78125,
        "dvar": 39001542656,
        "dvar2": 75380482048,
        "max": 5238149,
        "mean": 2826310.5,
        "median": 2819584.5,
        "min": 2162150.25,
        "var": 63728553984
    },
    "spectral_strongpeak": {
        "dmean": 0.672643840313,
        "dmean2": 1.20144152641,
        "dvar": 1.13418793678,
        "dvar2": 2.82692432404,
        "max": 6.33815097809,
        "mean": 0.818876266479,
        "median": 0.446510046721,
        "min": 0,
        "var": 1.19886267185
    },
    "zerocrossingrate": {
        "dmean": 0.00514628086239,
        "dmean2": 0.00673501938581,
        "dvar": 1.54044519149e-05,
        "dvar2": 2.76140181086e-05,
        "max": 0.06689453125,
        "mean": 0.0472800396383,
        "median": 0.0478515625,
        "min": 0.0087890625,
        "var": 5.6730779761e-05
    },
    "barkbands": {
        "dmean": [8.0853504187e-05, 0.00721008516848, 0.00404256395996, 0.00123316678219, 0.00257317838259, 0.00183354748879, 0.00154614960775, 0.000399464421207, 0.00202032364905, 0.000198108318727, 0.000115118251415, 0.000212791914237, 0.000533790676855, 0.00291836471297, 0.00084959960077, 0.000606897228863, 0.000686042592861, 0.000217139080632, 9.6990406746e-05, 2.31637131947e-05, 4.1979503294e-05, 2.06271706702e-05, 1.15478142106e-05, 4.65589209853e-06, 1.84863267805e-06, 1.14155852771e-06, 2.66750220135e-07],
        "dmean2": [0.000127554842038, 0.0121160428971, 0.00623208424076, 0.00215952284634, 0.00464195990935, 0.00289957341738, 0.00243419152685, 0.000684274942614, 0.00304206879809, 0.000311068550218, 0.000205007701879, 0.00032117855153, 0.000772551691625, 0.00463394867256, 0.00139633915387, 0.00104680878576, 0.00111065013334, 0.000365582323866, 0.000157800124725, 3.91980101995e-05, 7.21844553482e-05, 3.48726134689e-05, 2.17791857722e-05, 6.62386491967e-06, 3.04303443954e-06, 1.94946392185e-06, 4.62079611907e-07],
        "dvar": [5.49990186727e-09, 6.27442423138e-05, 1.59564333444e-05, 2.67940868071e-06, 5.95424762651e-06, 2.13316434383e-06, 1.83452004876e-06, 1.496979678e-07, 3.46511092175e-06, 2.47613218818e-08, 8.53576676008e-09, 3.89473946427e-08, 2.10003179291e-07, 7.75263288233e-06, 6.81653887113e-07, 2.81230029486e-07, 4.02900354857e-07, 3.05738900863e-08, 7.79406938989e-09, 3.99354743719e-10, 1.13227116572e-09, 3.19183041109e-10, 8.76690248175e-11, 2.50101796911e-11, 2.08566280566e-12, 8.25079316934e-13, 7.83846728844e-14],
        "dvar2": [1.25043708721e-08, 0.000182425414096, 3.71674468624e-05, 7.66571793065e-06, 1.87946861843e-05, 5.11692860528e-06, 4.23373057856e-06, 4.43743488177e-07, 8.24067956273e-06, 6.72984583616e-08, 2.80991496737e-08, 9.42059870113e-08, 4.67735617349e-07, 1.87731820915e-05, 1.59743615313e-06, 8.30006342767e-07, 1.02357478227e-06, 8.40812930392e-08, 2.01337684302e-08, 1.02269281932e-09, 3.14982928629e-09, 8.20719936456e-10, 2.70390931867e-10, 5.21381826601e-11, 5.55632319668e-12, 2.24464500806e-12, 1.68947402726e-13],
        "max": [0.000585627916735, 0.0828526839614, 0.027636680752, 0.0173189528286, 0.0168060753495, 0.0135603277013, 0.0147416787222, 0.00431734370068, 0.0161673892289, 0.00126865459606, 0.000753496366087, 0.00152817508206, 0.00534129980952, 0.021462963894, 0.00663143396378, 0.00598926935345, 0.00683756591752, 0.00146955950186, 0.000916816585232, 0.000199992151465, 0.000312542280881, 0.000172954969457, 6.86177081661e-05, 5.04130075569e-05, 2.3653565222e-05, 1.10091714305e-05, 5.63276216781e-06],
        "mean": [0.000117577459605, 0.00901000667363, 0.00614112755284, 0.00157998723444, 0.00327524216846, 0.00489263329655, 0.00447571882978, 0.000724183104467, 0.00476339226589, 0.000476849032566, 0.000215391657548, 0.000439275172539, 0.00106290832628, 0.00542300241068, 0.0016896125162, 0.00131674052682, 0.00164222263265, 0.000582440465223, 0.000231657759286, 7.80397822382e-05, 0.00012391016935, 6.18578851572e-05, 2.29312408919e-05, 1.32391223815e-05, 7.61626597523e-06, 4.12217832491e-06, 1.56701423748e-06],
        "median": [9.53054695856e-05, 0.00650700926781, 0.0048692189157, 0.00105942715891, 0.0023648662027, 0.00453289598227, 0.00393872288987, 0.000612427480519, 0.00436114100739, 0.000442568678409, 0.000196980079636, 0.000372044800315, 0.00090646155877, 0.00438298890367, 0.00145084923133, 0.00117463374045, 0.00150001782458, 0.000549234158825, 0.000208580720937, 7.40963296266e-05, 0.000116867733595, 5.86888090766e-05, 2.06437543966e-05, 1.09343955046e-05, 7.16669546819e-06, 3.94297649109e-06, 1.5512742948e-06],
        "min": [2.02750265998e-06, 0.000259436259512, 0.000132823101012, 4.2509069317e-05, 0.000108285887109, 3.28505266225e-05, 8.01953137852e-05, 2.36383784795e-05, 7.58748064982e-05, 3.54712246917e-05, 3.29243539454e-06, 3.28156897922e-06, 1.07465175461e-05, 2.50535995292e-05, 1.66211611941e-05, 4.22595076088e-05, 1.75298864633e-05, 8.2226270024e-06, 6.68938469062e-07, 3.47111154042e-07, 1.46183560901e-06, 1.08511449071e-06, 5.9426702137e-07, 5.00218789057e-07, 3.22301787037e-07, 1.52326421698e-07, 2.5095030054e-08],
        "var": [8.72306937794e-09, 8.36808540043e-05, 2.4216966267e-05, 2.88472051579e-06, 7.83112682257e-06, 6.5922399699e-06, 5.7280767578e-06, 2.52568923997e-07, 7.41060739529e-06, 5.98044991307e-08, 1.13360485443e-08, 6.95357016411e-08, 4.48240456308e-07, 1.38714904097e-05, 1.09454549602e-06, 4.44207699957e-07, 6.26209953225e-07, 5.05419954777e-08, 1.16958025487e-08, 7.18475501316e-10, 1.70308001035e-09, 4.80316508789e-10, 9.68697275172e-11, 6.12948095058e-11, 6.40378635536e-12, 2.05792761304e-12, 1.13942140228e-13]
    },
    "erbbands": {
        "dmean": [0.0938304439187, 1.98398518562, 5.52906084061, 2.29045557976, 10.3028354645, 6.54170846939, 10.0979251862, 14.0810537338, 23.5522727966, 15.3460969925, 9.18006229401, 44.3632392883, 26.583688736, 4.19701528549, 3.89324259758, 11.2591276169, 25.8079662323, 53.3180351257, 168.413467407, 21.129650116, 34.1264228821, 33.0523529053, 12.2122335434, 11.2557535172, 1.64674139023, 1.03857350349, 0.97680324316, 2.25468492508, 0.991175413132, 0.399647921324, 0.363508313894, 0.160170048475, 0.0361951813102, 0.023568296805, 0.0146642867476, 0.00717011746019, 0.00188243447337, 0.000418144714786, 3.50804439222e-05, 1.50143860083e-05],
        "dmean2": [0.158396795392, 3.33707380295, 8.60342121124, 3.84377384186, 18.9633731842, 11.7649879456, 15.4461984634, 23.1975650787, 35.6613464355, 25.0764961243, 15.2478313446, 65.6575241089, 41.0465126038, 7.15451002121, 6.89319038391, 16.2282276154, 36.684223175, 85.2214508057, 264.869476318, 34.9188346863, 56.7027244568, 54.2197723389, 21.0271987915, 18.5277233124, 2.6363837719, 1.72991454601, 1.69962060452, 3.83436250687, 1.69007003307, 0.702976047993, 0.676702022552, 0.230484336615, 0.0548284500837, 0.0371084548533, 0.0260328929871, 0.0122018847615, 0.00316144130193, 0.000730409868993, 6.07798465353e-05, 2.46479921771e-05],
        "dvar": [0.0177750214934, 4.6515917778, 30.0583400726, 5.67571353912, 113.746505737, 42.1819953918, 69.3883132935, 150.928268433, 432.320404053, 204.651535034, 73.1444625854, 1566.33581543, 652.494018555, 13.3541193008, 10.5211162567, 94.9147033691, 492.62802124, 2304.8190918, 26755.9726562, 331.806732178, 868.925048828, 848.362243652, 96.8297119141, 116.949714661, 1.60282349586, 0.764067411423, 0.631285965443, 3.91645431519, 0.666827499866, 0.105842493474, 0.0918364971876, 0.0296711530536, 0.00102746090852, 0.000442899094196, 0.000122693003505, 3.57714488928e-05, 2.1290290988e-06, 1.31997794028e-07, 1.32753752435e-09, 1.78783501892e-10],
        "dvar2": [0.0503005236387, 13.4637498856, 74.7777404785, 14.9999227524, 338.782806396, 122.867660522, 146.462112427, 361.599731445, 1030.47363281, 503.120758057, 209.385635376, 3807.10864258, 1656.53491211, 38.68126297, 33.6605567932, 217.424377441, 1150.54663086, 5762.40087891, 64717.7070312, 851.747680664, 2504.79077148, 2247.72949219, 256.285888672, 307.195007324, 4.50259208679, 1.89308989048, 1.89391219616, 10.3592338562, 1.84171450138, 0.282112956047, 0.283378511667, 0.0621357038617, 0.00240343669429, 0.00103368284181, 0.000372648588382, 9.41247708397e-05, 5.56334998691e-06, 3.72526670844e-07, 2.56962562339e-09, 4.50191162127e-10],
        "max": [1.86205339432, 20.2087478638, 39.5607185364, 25.1613559723, 82.513671875, 70.6200408936, 89.3168029785, 94.1358108521, 252.013427734, 111.948516846, 102.114181519, 336.263946533, 235.618728638, 32.6155166626, 23.3369064331, 79.1935348511, 244.428268433, 492.462738037, 1304.29309082, 250.045379639, 255.407913208, 276.773254395, 85.1283950806, 94.3804855347, 12.8242940903, 8.14691543579, 7.13298797607, 17.0676555634, 7.82905626297, 2.72073030472, 2.10963153839, 1.65405607224, 0.6009542346, 0.398740470409, 0.121116623282, 0.0947318151593, 0.0147972842678, 0.00302301975898, 0.000726292666513, 0.00015436913236],
        "mean": [0.118998527527, 2.51712274551, 8.43443202972, 4.1786980629, 12.0758094788, 8.86480808258, 25.1805782318, 37.4255409241, 69.6049957275, 33.4601707458, 21.1126785278, 97.9414367676, 66.5037002563, 11.3450870514, 8.45623111725, 26.9440250397, 51.0538635254, 118.490348816, 297.506378174, 56.9182395935, 81.548500061, 83.0377044678, 35.3342208862, 26.5961456299, 5.39334344864, 3.64274740219, 3.57351112366, 5.7921295166, 2.85416507721, 1.04780602455, 0.705908894539, 0.418962746859, 0.135789528489, 0.0790206491947, 0.0538466796279, 0.0289098583162, 0.0047458531335, 0.000820059038233, 0.000200872018468, 8.61699518282e-05],
        "median": [0.078619979322, 1.75873470306, 6.91041517258, 3.58300280571, 8.15410518646, 6.50340366364, 19.9120731354, 35.8445663452, 60.7298774719, 30.210559845, 18.4170188904, 87.3519210815, 62.847076416, 10.4827289581, 7.93671417236, 22.8193759918, 43.3990783691, 103.855941772, 233.819396973, 52.8804359436, 73.2532653809, 76.2291946411, 33.6198120117, 24.3066940308, 5.19490671158, 3.5275554657, 3.52492952347, 5.21588468552, 2.66966819763, 0.970927715302, 0.636828541756, 0.336629211903, 0.120560705662, 0.0702417045832, 0.0519232228398, 0.0273932274431, 0.00453798705712, 0.000749646162149, 0.000198041991098, 8.31361248856e-05],
        "min": [0.00507584633306, 0.056029073894, 0.170078963041, 0.270556986332, 0.328220546246, 0.364866912365, 0.291350543499, 0.28589335084, 1.13655865192, 0.776530206203, 0.475817531347, 1.58373403549, 1.95739352703, 0.514253795147, 0.128124684095, 0.198362827301, 0.49341455102, 0.651845574379, 1.58071660995, 0.831028938293, 2.41514611244, 1.06159603596, 0.705014467239, 0.0920926183462, 0.0380116254091, 0.015583219938, 0.0237132031471, 0.084034152329, 0.0418193116784, 0.0400689840317, 0.00806189700961, 0.0169676560909, 0.00291521498002, 0.00181220867671, 0.00317105278373, 0.00126022403128, 0.000129393913085, 3.07083610096e-05, 3.89801243728e-06, 1.73797229763e-06],
        "var": [0.020475840196, 6.17599248886, 45.2017288208, 8.2498292923, 131.019607544, 58.5723686218, 319.783325195, 345.408935547, 1620.87841797, 342.642730713, 149.804397583, 3251.96044922, 1417.69128418, 21.1470470428, 14.0700073242, 218.258804321, 985.362976074, 4282.43457031, 47474.65625, 602.812194824, 1360.70727539, 1332.30065918, 148.552200317, 167.209854126, 3.26257824898, 1.46298074722, 0.986847817898, 5.54403448105, 0.963029682636, 0.157383918762, 0.103456117213, 0.0625780820847, 0.0043700071983, 0.0015200227499, 0.00021435956296, 9.83547288342e-05, 4.93322750117e-06, 1.93521913161e-07, 1.89328264177e-09, 3.24031190768e-10]
    },
    "gfcc": {
        "mean": [46.8544654846, 125.246994019, -137.811950684, 26.8142185211, -36.5237731934, 2.89127635956, -42.4185562134, 2.57548117638, -2.05219435692, 8.34932041168, -19.1991176605, -3.10614848137, -11.0040893555],
        "cov": [[178.141113281, 25.0428657532, -2.71037387848, -3.31266522408, 13.7371549606, -0.648368299007, 0.983668029308, -3.2685277462, -3.19476056099, 10.896147728, 5.34574270248, -13.3416481018, -0.953519999981], [25.0428657532, 68.8699188232, 31.7445449829, 11.524263382, 28.8600330353, 8.11096668243, 15.0933580399, 0.284921526909, -0.673179090023, 2.24011397362, 1.98497474194, -11.4842224121, 4.90131521225], [-2.71037387848, 31.7445449829, 76.0154342651, 42.2898979187, 18.1618041992, 10.5671701431, 9.28155231476, 8.71751117706, 8.24743556976, -0.577649950981, -6.37402057648, 2.36696696281, 2.52252078056], [-3.31266522408, 11.524263382, 42.2898979187, 52.2239112854, 16.0156936646, 9.62404251099, 7.30271434784, 7.36805915833, 9.2247428894, -5.99448394775, -0.405574351549, 1.1985565424, -0.43327921629], [13.7371549606, 28.8600330353, 18.1618041992, 16.0156936646, 48.511390686, 15.7366495132, 12.9871492386, 6.7161450386, 6.38811540604, 5.93295001984, -1.52779948711, -5.22915697098, -6.38587713242], [-0.648368299007, 8.11096668243, 10.5671701431, 9.62404251099, 15.7366495132, 41.5619316101, 16.6718883514, 7.7676281929, 11.5921602249, -1.84938418865, 2.14510512352, -7.265625, 5.72922420502], [0.983668029308, 15.0933580399, 9.28155231476, 7.30271434784, 12.9871492386, 16.6718883514, 31.9942131042, 12.8560848236, 8.60027694702, 6.82193613052, 4.10812854767, 6.0607047081, 3.50150513649], [-3.2685277462, 0.284921526909, 8.71751117706, 7.36805915833, 6.7161450386, 7.7676281929, 12.8560848236, 28.1155395508, 16.7911643982, 6.60240650177, 5.10997915268, 2.87058329582, 2.47246289253], [-3.19476056099, -0.673179090023, 8.24743556976, 9.2247428894, 6.38811540604, 11.5921602249, 8.60027694702, 16.7911643982, 32.1591148376, 13.5395498276, 4.7277173996, 6.44628000259, 0.529861271381], [10.896147728, 2.24011397362, -0.577649950981, -5.99448394775, 5.93295001984, -1.84938418865, 6.82193613052, 6.60240650177, 13.5395498276, 27.5860996246, 10.1414661407, 8.17707920074, 0.183277830482], [5.34574270248, 1.98497474194, -6.37402057648, -0.405574351549, -1.52779948711, 2.14510512352, 4.10812854767, 5.10997915268, 4.7277173996, 10.1414661407, 25.4941596985, 9.22351646423, 4.30659294128], [-13.3416481018, -11.4842224121, 2.36696696281, 1.1985565424, -5.22915697098, -7.265625, 6.0607047081, 2.87058329582, 6.44628000259, 8.17707920074, 9.22351646423, 32.6279258728, 5.3698964119], [-0.953519999981, 4.90131521225, 2.52252078056, -0.43327921629, -6.38587713242, 5.72922420502, 3.50150513649, 2.47246289253, 0.529861271381, 0.183277830482, 4.30659294128, 5.3698964119, 24.8096866608]],
        "icov": [[0.00643305527046, -0.00218693888746, 0.00135652569588, -0.00100691022817, -0.000476548884762, 0.00016054630396, 0.000744107412174, 0.00025707136956, 0.00148329033982, -0.00391227472574, -0.000660615565721, 0.00250442209654, -0.000196765337023], [-0.00218693888746, 0.0452020317316, -0.0267497487366, 0.0197513345629, -0.0264282207936, 0.0254304464906, -0.0301392190158, 0.0239790771157, -0.0162304732949, 0.0184912420809, -0.0251154713333, 0.0298902001232, -0.018660178408], [0.00135652569588, -0.0267497487366, 0.0435328371823, -0.0347347520292, 0.0142637239769, -0.0192260127515, 0.0197813808918, -0.0193141978234, 0.0164593886584, -0.0214142967016, 0.0273075848818, -0.0215144529939, 0.00727123068646], [-0.00100691022817, 0.0197513345629, -0.0347347520292, 0.0536822192371, -0.0199681259692, 0.0172877758741, -0.0176554396749, 0.0149116497487, -0.0244813356549, 0.0328548550606, -0.0246097575873, 0.01427459158, -0.00613531516865], [-0.000476548884762, -0.0264282207936, 0.0142637239769, -0.0199681259692, 0.0477492026985, -0.0263392217457, 0.0128090186045, -0.0175137706101, 0.0171245578676, -0.0241686590016, 0.0203505493701, -0.0154399052262, 0.0213362872601], [0.00016054630396, 0.0254304464906, -0.0192260127515, 0.0172877758741, -0.0263392217457, 0.0643828809261, -0.0416462272406, 0.0263113602996, -0.0366406589746, 0.0327422916889, -0.0273529030383, 0.0359707288444, -0.0236496813595], [0.000744107412174, -0.0301392190158, 0.0197813808918, -0.0176554396749, 0.0128090186045, -0.0416462272406, 0.0771124437451, -0.0393103025854, 0.0270983949304, -0.0277377907187, 0.0235512144864, -0.0363801456988, 0.0130239911377], [0.00025707136956, 0.0239790771157, -0.0193141978234, 0.0149116497487, -0.0175137706101, 0.0263113602996, -0.0393103025854, 0.0776079893112, -0.045034468174, 0.0214336831123, -0.0260781534016, 0.0263993833214, -0.0156569834799], [0.00148329033982, -0.0162304732949, 0.0164593886584, -0.0244813356549, 0.0171245578676, -0.0366406589746, 0.0270983949304, -0.045034468174, 0.0810754820704, -0.0475449636579, 0.0239644292742, -0.0251672808081, 0.0146020865068], [-0.00391227472574, 0.0184912420809, -0.0214142967016, 0.0328548550606, -0.0241686590016, 0.0327422916889, -0.0277377907187, 0.0214336831123, -0.0475449636579, 0.0858072713017, -0.0376302488148, 0.0119007602334, -0.00871782470495], [-0.000660615565721, -0.0251154713333, 0.0273075848818, -0.0246097575873, 0.0203505493701, -0.0273529030383, 0.0235512144864, -0.0260781534016, 0.0239644292742, -0.0376302488148, 0.0738349482417, -0.0323445051908, 0.00650996575132], [0.00250442209654, 0.0298902001232, -0.0215144529939, 0.01427459158, -0.0154399052262, 0.0359707288444, -0.0363801456988, 0.0263993833214, -0.0251672808081, 0.0119007602334, -0.0323445051908, 0.0679188817739, -0.0217856187373], [-0.000196765337023, -0.018660178408, 0.00727123068646, -0.00613531516865, 0.0213362872601, -0.0236496813595, 0.0130239911377, -0.0156569834799, 0.0146020865068, -0.00871782470495, 0.00650996575132, -0.0217856187373, 0.0571525208652]]
    },
    "melbands": {
        "dmean": [0.00141045823693, 0.00274501717649, 0.000627628178336, 0.000681525969412, 0.000284895708319, 0.000323860731442, 0.000331468472723, 0.000145858997712, 8.18597327452e-05, 0.000321860949043, 0.000134745045216, 1.77412293851e-05, 1.58728453243e-05, 1.16624851216e-05, 7.24821802578e-05, 3.12908487103e-05, 0.000115160873975, 0.000359660451068, 3.0628474633e-05, 3.92599140469e-05, 4.32241540693e-05, 4.10296743212e-05, 2.12612776522e-05, 8.77654656506e-06, 1.02415351648e-05, 1.45890544445e-06, 8.23516757009e-07, 8.52448522437e-07, 6.81411961523e-07, 9.87550151876e-07, 1.38061250254e-06, 6.62983950406e-07, 3.16262685374e-07, 1.98471283852e-07, 2.6229659511e-07, 7.53998676828e-08, 1.23179901834e-07, 2.61386716716e-08, 2.35262351822e-08, 2.09608490565e-08],
        "dmean2": [0.00238537765108, 0.00441118888557, 0.00107898423448, 0.0012342747068, 0.000433210690971, 0.000531440949999, 0.000513868115377, 0.000236946725636, 0.000137256080052, 0.000479599199025, 0.000207753706491, 2.972364382e-05, 2.86980284727e-05, 1.85666140169e-05, 0.000102321289887, 4.59294278699e-05, 0.00018680091307, 0.000567131035496, 5.07095064677e-05, 6.72595197102e-05, 7.22259574104e-05, 6.65487968945e-05, 3.56369309884e-05, 1.5264880858e-05, 1.69774448295e-05, 2.39650739786e-06, 1.40248334901e-06, 1.41756413541e-06, 1.17217257412e-06, 1.71858857811e-06, 2.36063829107e-06, 1.13672695079e-06, 5.18547381034e-07, 3.63001475989e-07, 4.9203083563e-07, 1.29491283474e-07, 1.7373528749e-07, 4.30715196842e-08, 3.79936899719e-08, 3.40724213288e-08],
        "dvar": [2.92106528832e-06, 7.85949941928e-06, 4.38748173792e-07, 4.29081325137e-07, 5.1775622012e-08, 7.33475786774e-08, 8.72097203342e-08, 1.73504535184e-08, 5.74270897502e-09, 8.49401260439e-08, 1.68529812328e-08, 2.38793013141e-10, 1.87412363406e-10, 1.08480009697e-10, 3.49524365006e-09, 8.23155987817e-10, 1.1566196001e-08, 1.23266033825e-07, 7.89981413618e-10, 1.40794254033e-09, 1.39383837805e-09, 1.46511114352e-09, 3.07440933822e-10, 4.20704616977e-11, 9.96564983313e-11, 1.29902837619e-12, 4.8850040766e-13, 5.06465475027e-13, 2.88799989782e-13, 6.42350430659e-13, 1.43759342538e-12, 3.16748770225e-13, 8.66446603592e-14, 2.33282716197e-14, 5.27983757517e-14, 3.82675763636e-15, 1.98495361044e-14, 5.59186534882e-16, 6.06490995646e-16, 3.98819428105e-16],
        "dvar2": [8.30418412079e-06, 2.0875935661e-05, 1.23339975744e-06, 1.34797119244e-06, 1.10543552978e-07, 1.75050843154e-07, 2.02072797606e-07, 4.35203020288e-08, 1.55745709662e-08, 2.08196667018e-07, 4.27355395516e-08, 6.71491140469e-10, 6.11146799834e-10, 2.70572175776e-10, 7.77328157398e-09, 1.93611349175e-09, 2.8651513162e-08, 2.98392649256e-07, 1.92975790902e-09, 3.76292330628e-09, 3.73893449535e-09, 3.86124821006e-09, 7.90690402042e-10, 1.15966944381e-10, 2.56626969675e-10, 3.90639300421e-12, 1.41414831234e-12, 1.23767825416e-12, 8.21619736222e-13, 1.86906219668e-12, 3.75171508443e-12, 8.65025011256e-13, 2.2070817667e-13, 6.94331880402e-14, 1.63053205378e-13, 1.08401040423e-14, 4.20354736804e-14, 1.3519919564e-15, 1.17434426577e-15, 1.0075185857e-15],
        "max": [0.0217148084193, 0.0208462458104, 0.00696913292632, 0.00461720023304, 0.002410055371, 0.00232076877728, 0.00356381386518, 0.00103803968523, 0.000761701958254, 0.00247168773785, 0.00118060293607, 0.000118634969112, 9.03320469661e-05, 8.60885047587e-05, 0.000559661944862, 0.000319452286931, 0.00111484143417, 0.00269344239496, 0.000283047382254, 0.000588589522522, 0.000335907883709, 0.000368452951079, 0.000145823665662, 5.32712874701e-05, 8.41470682644e-05, 1.01848845588e-05, 5.83899191042e-06, 6.65004154143e-06, 5.3910148381e-06, 7.14756561138e-06, 9.90496027953e-06, 5.13049917572e-06, 2.72678403235e-06, 1.17215563478e-06, 1.62425089911e-06, 7.5214569506e-07, 1.318093382e-06, 3.64605824643e-07, 5.2128700645e-07, 2.93708666277e-07],
        "mean": [0.00179636757821, 0.00414836080745, 0.00105323665775, 0.000823679321911, 0.000713869172614, 0.000923477055039, 0.000998836243525, 0.000289173389319, 0.000171595587744, 0.000716925656889, 0.000329947448336, 4.04007623729e-05, 2.92985041597e-05, 2.87104994641e-05, 0.000151544110849, 5.85997731832e-05, 0.000243120986852, 0.000615029828623, 7.47273443267e-05, 8.13435690361e-05, 9.72682755673e-05, 9.45084393607e-05, 5.03652518091e-05, 2.36381401919e-05, 2.23304887186e-05, 4.27604209108e-06, 2.23333472604e-06, 2.52106224252e-06, 2.07356924875e-06, 2.81146640191e-06, 3.29862928083e-06, 1.75063848928e-06, 8.22674280698e-07, 4.54828182228e-07, 4.59955714405e-07, 2.16582208168e-07, 2.78574646018e-07, 8.82812187797e-08, 7.30064115828e-08, 6.12176478398e-08],
        "median": [0.0012873247033, 0.00324341468513, 0.000876492413227, 0.000584424822591, 0.000577830651309, 0.000889291986823, 0.000862407556269, 0.000250219891313, 0.000147639206261, 0.000643532315735, 0.000316291727358, 3.74004448531e-05, 2.67842242465e-05, 2.59537591774e-05, 0.00012774085917, 4.77911380585e-05, 0.000211819118704, 0.000474553409731, 6.86604616931e-05, 7.24849305698e-05, 8.67929920787e-05, 8.49006682984e-05, 4.77614448755e-05, 2.27306336456e-05, 2.03627751034e-05, 4.06862591262e-06, 2.12793793253e-06, 2.36974210566e-06, 2.00558315555e-06, 2.67241102847e-06, 2.99248063129e-06, 1.64014613802e-06, 7.50971253183e-07, 4.27369997169e-07, 4.03986177844e-07, 2.08436532034e-07, 2.16457621605e-07, 7.82673694744e-08, 6.38614139348e-08, 5.46311547112e-08],
        "min": [7.80821792432e-05, 8.67768831085e-05, 4.90011334477e-05, 2.54632432188e-05, 1.1416000234e-05, 7.03049317963e-06, 1.71383362613e-05, 7.76392244006e-06, 3.32764875566e-06, 1.16299934234e-05, 9.72821089817e-06, 2.14244232666e-06, 4.00370396392e-07, 3.56151502956e-07, 1.11713723072e-06, 7.12417602244e-07, 1.38111693104e-06, 2.95322092825e-06, 1.13440887617e-06, 1.82546773431e-06, 2.79961386696e-06, 8.50001242725e-07, 1.10017344923e-06, 3.86899756677e-07, 2.52453400407e-08, 3.13252215278e-08, 1.54507926453e-08, 9.63721547009e-09, 1.10608526782e-08, 2.45940601218e-08, 5.8968694816e-08, 2.31049348542e-08, 1.73246288426e-08, 2.35263453163e-08, 3.11027270605e-09, 4.72447725386e-09, 1.27928929672e-08, 1.62829416617e-09, 1.00483343868e-09, 1.31461364017e-09],
        "var": [3.73787793251e-06, 1.13826527013e-05, 5.93951540395e-07, 5.3632061281e-07, 2.31738468415e-07, 1.83135668408e-07, 3.12710483286e-07, 3.02186471401e-08, 1.09988871344e-08, 1.78749203883e-07, 3.70664814398e-08, 3.83474696442e-10, 2.23738194638e-10, 1.88606963381e-10, 8.25639290269e-09, 1.45547596198e-09, 2.0897262587e-08, 2.18034443833e-07, 1.17870879723e-09, 2.47060150116e-09, 2.24598650789e-09, 2.26949126159e-09, 4.68541372367e-10, 7.50599027377e-11, 1.40022604622e-10, 2.49043103848e-12, 7.57250978502e-13, 9.71574058185e-13, 5.08644125083e-13, 9.56492914386e-13, 1.9847133919e-12, 4.42430895522e-13, 1.25701166598e-13, 3.19156186939e-14, 5.47327008477e-14, 7.06466770866e-15, 3.97413831986e-14, 1.74859829917e-15, 2.44120443464e-15, 9.67140948626e-16]
    },
    "mfcc": {
        "mean": [-593.042236328, 156.852890015, -31.53814888, 28.9483966827, 14.8105764389, 10.3286876678, -22.178850174, -1.24212133884, 6.7713341713, 4.32010412216, 10.4393224716, 3.69448685646, -13.6102523804],
        "cov": [[181.19329834, 10.1458597183, -17.5386981964, -4.66285610199, -0.0821159332991, -3.51503825188, 10.6181659698, -14.8763885498, -10.5996637344, 12.9155797958, 0.175145849586, -2.45776152611, -14.1652097702], [10.1458597183, 71.7734146118, 1.70023393631, 11.3547954559, 10.7325572968, 12.3113193512, 18.7642650604, -3.73599123955, 5.48165988922, 8.8365945816, 4.95662212372, -0.353254526854, -6.29325294495], [-17.5386981964, 1.70023393631, 68.7525253296, 25.8462734222, 15.1396617889, 8.11128139496, 2.61678004265, 11.1883487701, 14.5565185547, 3.12756514549, -4.44063425064, -0.385019510984, 0.922658145428], [-4.66285610199, 11.3547954559, 25.8462734222, 50.8517036438, 15.159702301, 5.22603750229, 1.95605134964, 7.78761482239, 6.99511814117, -3.11950922012, 4.0856347084, 4.20205688477, 11.5881738663], [-0.0821159332991, 10.7325572968, 15.1396617889, 15.159702301, 39.1526832581, 10.7295799255, 6.10718297958, 7.0840010643, 9.3755645752, 9.40167331696, 2.2775053978, 5.47959327698, 2.84803009033], [-3.51503825188, 12.3113193512, 8.11128139496, 5.22603750229, 10.7295799255, 34.0109214783, 9.01854324341, 9.59655475616, 7.27205324173, 3.91018199921, 5.49374294281, 2.80557107925, 3.41306948662], [10.6181659698, 18.7642650604, 2.61678004265, 1.95605134964, 6.10718297958, 9.01854324341, 36.1372718811, 5.55088043213, 4.67663002014, 4.65509939194, -0.908369958401, -1.92504644394, -1.62889432907], [-14.8763885498, -3.73599123955, 11.1883487701, 7.78761482239, 7.0840010643, 9.59655475616, 5.55088043213, 29.3400936127, 12.7045345306, 1.67969453335, 2.81279158592, 8.06132221222, 9.16452884674], [-10.5996637344, 5.48165988922, 14.5565185547, 6.99511814117, 9.3755645752, 7.27205324173, 4.67663002014, 12.7045345306, 30.5567684174, 9.65979671478, 2.1043908596, 1.30392253399, 5.55415582657], [12.9155797958, 8.8365945816, 3.12756514549, -3.11950922012, 9.40167331696, 3.91018199921, 4.65509939194, 1.67969453335, 9.65979671478, 32.4928398132, 8.08609485626, 2.52296710014, -6.40453863144], [0.175145849586, 4.95662212372, -4.44063425064, 4.0856347084, 2.2775053978, 5.49374294281, -0.908369958401, 2.81279158592, 2.1043908596, 8.08609485626, 24.5967445374, 10.4962787628, 6.86668205261], [-2.45776152611, -0.353254526854, -0.385019510984, 4.20205688477, 5.47959327698, 2.80557107925, -1.92504644394, 8.06132221222, 1.30392253399, 2.52296710014, 10.4962787628, 28.7060565948, 10.5376491547], [-14.1652097702, -6.29325294495, 0.922658145428, 11.5881738663, 2.84803009033, 3.41306948662, -1.62889432907, 9.16452884674, 5.55415582657, -6.40453863144, 6.86668205261, 10.5376491547, 31.1255435944]],
