{
"lowlevel": {
    "average_loudness": 0.985181570053,
    "barkbands_crest": {
        "dmean": 4.11075162888,
        "dmean2": 7.03690290451,
        "dvar": 10.7284736633,
        "dvar2": 32.9458236694,
        "max": 23.9277362823,
        "mean": 13.440279007,
        "median": 12.609536171,
        "min": 4.46845054626,
        "var": 23.9956207275
    },
    "barkbands_flatness_db": {
        "dmean": 0.041981998831,
        "dmean2": 0.0687446370721,
        "dvar": 0.00112737820018,
        "dvar2": 0.0032517935615,
        "max": 0.417090266943,
        "mean": 0.250557422638,
        "median": 0.242461249232,
        "min": 0.117291025817,
        "var": 0.0036088374909
    },
    "barkbands_kurtosis": {
        "dmean": 13.0468606949,
        "dmean2": 23.1190643311,
        "dvar": 432.811096191,
        "dvar2": 1291.32592773,
        "max": 136.614105225,
        "mean": 14.4316339493,
        "median": 7.32192707062,
        "min": -1.26923048496,
        "var": 535.76361084
    },
    "barkbands_skewness": {
        "dmean": 1.22753190994,
        "dmean2": 2.07151174545,
        "dvar": 1.32725560665,
        "dvar2": 4.05699443817,
        "max": 9.35216522217,
        "mean": 2.79904985428,
        "median": 2.53216433525,
        "min": -1.7993067503,
        "var": 2.78204798698
    },
    "barkbands_spread": {
        "dmean": 4.76683568954,
        "dmean2": 8.15142822266,
        "dvar": 16.0616168976,
        "dvar2": 42.7761459351,
        "max": 27.6416568756,
        "mean": 10.1748447418,
        "median": 9.27414989471,
        "min": 0.479087859392,
        "var": 41.2833442688
    },
    "dissonance": {
        "dmean": 0.02158652246,
        "dmean2": 0.0352884456515,
        "dvar": 0.000437889189925,
        "dvar2": 0.00106560462154,
        "max": 0.497787803411,
        "mean": 0.460896164179,
        "median": 0.466114938259,
        "min": 0.285241752863,
        "var": 0.000782015675213
    },
    "dynamic_complexity": 1.18593108654,
    "erbbands_crest": {
        "dmean": 4.08683109283,
        "dmean2": 7.15819168091,
        "dvar": 14.4160842896,
        "dvar2": 41.4617080688,
        "max": 26.8083248138,
        "mean": 10.0511293411,
        "median": 8.356798172,
        "min": 3.88757920265,
        "var": 27.1570167542
    },
    "erbbands_flatness_db": {
        "dmean": 0.0230830200016,
        "dmean2": 0.0381983779371,
        "dvar": 0.000519989232998,
        "dvar2": 0.00138328748289,
        "max": 0.355288773775,
        "mean": 0.24335475266,
        "median": 0.240055501461,
        "min": 0.0927947536111,
        "var": 0.00132150831632
    },
    "erbbands_kurtosis": {
        "dmean": 1.91835916042,
        "dmean2": 3.38633441925,
        "dvar": 14.2980594635,
        "dvar2": 45.3858985901,
        "max": 25.3180103302,
        "mean": 0.172647207975,
        "median": -1.12275385857,
        "min": -1.70738601685,
        "var": 15.0028810501
    },
    "erbbands_skewness": {
        "dmean": 0.693696737289,
        "dmean2": 1.19150984287,
        "dvar": 0.438430279493,
        "dvar2": 1.29236388206,
        "max": 4.89755868912,
        "mean": 0.460908859968,
        "median": 0.265853255987,
        "min": -1.92421722412,
        "var": 1.15539395809
    },
    "erbbands_spread": {
        "dmean": 8.61409664154,
        "dmean2": 14.7456169128,
        "dvar": 42.5949668884,
        "dvar2": 124.1745224,
        "max": 61.0317459106,
        "mean": 39.9016532898,
        "median": 42.0763092041,
        "min": 6.7073636055,
        "var": 156.240982056
    },
    "hfc": {
        "dmean": 5.41050767899,
        "dmean2": 8.32838439941,
        "dvar": 68.7531661987,
        "dvar2": 98.916847229,
        "max": 123.128723145,
        "mean": 16.042673111,
        "median": 12.8380498886,
        "min": 0.412583142519,
        "var": 304.508056641
    },
    "melbands_crest": {
        "dmean": 4.80932617188,
        "dmean2": 8.33615207672,
        "dvar": 11.6819038391,
        "dvar2": 37.0776100159,
        "max": 29.4105701447,
        "mean": 17.4702339172,
        "median": 17.373922348,
        "min": 4.89690971375,
        "var": 22.9577846527
    },
    "melbands_flatness_db": {
        "dmean": 0.0466988161206,
        "dmean2": 0.0750310793519,
        "dvar": 0.0011977229733,
        "dvar2": 0.00330831366591,
        "max": 0.528236091137,
        "mean": 0.342806994915,
        "median": 0.341977208853,
        "min": 0.122683390975,
        "var": 0.00553572457284
    },
    "melbands_kurtosis": {
        "dmean": 23.049665451,
        "dmean2": 41.0152931213,
        "dvar": 886.683105469,
        "dvar2": 2592.81884766,
        "max": 177.944564819,
        "mean": 32.058506012,
        "median": 23.0346279144,
        "min": -1.61800420284,
        "var": 1122.86682129
    },
    "melbands_skewness": {
        "dmean": 1.45854365826,
        "dmean2": 2.50847887993,
        "dvar": 1.5611988306,
        "dvar2": 4.6207818985,
        "max": 9.74072933197,
        "mean": 4.30112123489,
        "median": 4.09824895859,
        "min": -0.664040923119,
        "var": 3.21295452118
    },
    "melbands_spread": {
        "dmean": 4.91784524918,
        "dmean2": 7.8185133934,
        "dvar": 22.915933609,
        "dvar2": 43.9090461731,
        "max": 65.3588638306,
        "mean": 10.2441644669,
        "median": 7.5888504982,
        "min": 0.558843553066,
        "var": 114.529281616
    },
    "pitch_salience": {
        "dmean": 0.123066470027,
        "dmean2": 0.209590628743,
        "dvar": 0.00851357914507,
        "dvar2": 0.0244076997042,
        "max": 0.775912046432,
        "mean": 0.468736767769,
        "median": 0.492693603039,
        "min": 0.0954937189817,
        "var": 0.022554481402
    },
    "silence_rate_20dB": {
        "dmean": 0,
        "dmean2": 0,
        "dvar": 0,
        "dvar2": 0,
        "max": 1,
        "mean": 1,
        "median": 1,
        "min": 1,
        "var": 0
    },
    "silence_rate_30dB": {
        "dmean": 0,
        "dmean2": 0,
        "dvar": 0,
        "dvar2": 0,
        "max": 1,
        "mean": 1,
        "median": 1,
        "min": 1,
        "var": 0
    },
    "silence_rate_60dB": {
        "dmean": 0,
        "dmean2": 0,
        "dvar": 0,
        "dvar2": 0,
        "max": 0,
        "mean": 0,
        "median": 0,
        "min": 0,
        "var": 0
    },
    "spectral_centroid": {
        "dmean": 238.935852051,
        "dmean2": 388.665130615,
        "dvar": 45046.9414062,
        "dvar2": 117464.546875,
        "max": 2337.5546875,
        "mean": 695.297485352,
        "median": 599.745483398,
        "min": 209.640060425,
        "var": 168659.8125
    },
    "spectral_complexity": {
        "dmean": 3.1400001049,
        "dmean2": 5.02013444901,
        "dvar": 8.32039928436,
        "dvar2": 16.8519439697,
        "max": 44,
        "mean": 17.4834442139,
        "median": 15,
        "min": 2,
        "var": 67.5477523804
    },
    "spectral_decrease": {
        "dmean": 5.09647435365e-09,
        "dmean2": 9.01798724584e-09,
        "dvar": 1.90644766007e-17,
        "dvar2": 5.54826366612e-17,
        "max": -3.03527897261e-10,
        "mean": -1.06998516713e-08,
        "median": -1.05876463152e-08,
        "min": -2.50769378596e-08,
        "var": 2.20138883364e-17
    },
    "spectral_energy": {
        "dmean": 0.0196198821068,
        "dmean2": 0.0347080305219,
        "dvar": 0.000281588494545,
        "dvar2": 0.000815673090983,
        "max": 0.0964294448495,
        "mean": 0.0418387427926,
        "median": 0.0419799685478,
        "min": 0.00118300609756,
        "var": 0.000332490977598
    },
    "spectral_energyband_high": {
        "dmean": 2.77602357528e-05,
        "dmean2": 3.28074384015e-05,
        "dvar": 6.0258034118e-09,
        "dvar2": 5.62425706008e-09,
        "max": 0.0011719930917,
        "mean": 5.46879600734e-05,
        "median": 1.73384414666e-05,
        "min": 1.9596900529e-06,
        "var": 2.09787760497e-08
    },
    "spectral_energyband_low": {
        "dmean": 0.00623376946896,
        "dmean2": 0.00996329449117,
        "dvar": 4.94099731441e-05,
        "dvar2": 0.000145065365359,
        "max": 0.04675334692,
        "mean": 0.0107764443383,
        "median": 0.00542499125004,
        "min": 0.000241532863583,
        "var": 0.000124979007524
    },
    "spectral_energyband_middle_high": {
        "dmean": 0.00144382752478,
        "dmean2": 0.00191538524814,
        "dvar": 1.37906472446e-05,
        "dvar2": 1.74537362909e-05,
        "max": 0.0540329515934,
        "mean": 0.00403485726565,
        "median": 0.00218474492431,
        "min": 5.57028906769e-05,
        "var": 6.51822119835e-05
    },
    "spectral_energyband_middle_low": {
        "dmean": 0.0190793499351,
        "dmean2": 0.0345941595733,
        "dvar": 0.000315066223266,
        "dvar2": 0.000936694501434,
        "max": 0.0956733897328,
        "mean": 0.0278732534498,
        "median": 0.0212149843574,
        "min": 0.000578189617954,
        "var": 0.000380146520911
    },
    "spectral_entropy": {
        "dmean": 0.307610213757,
        "dmean2": 0.514066517353,
        "dvar": 0.088932543993,
        "dvar2": 0.265928775072,
        "max": 7.57369327545,
        "mean": 6.70724153519,
        "median": 6.77124738693,
        "min": 4.96656847,
        "var": 0.285086542368
    },
    "spectral_flux": {
        "dmean": 0.0359301567078,
        "dmean2": 0.0575428567827,
        "dvar": 0.000834792270325,
        "dvar2": 0.00241060461849,
        "max": 0.200614497066,
        "mean": 0.116737037897,
        "median": 0.115232340991,
        "min": 0.0461280867457,
        "var": 0.00128735275939
    },
    "spectral_kurtosis": {
        "dmean": 6.5547709465,
        "dmean2": 11.8106603622,
        "dvar": 39.2598152161,
        "dvar2": 120.987510681,
        "max": 36.7263412476,
        "mean": 12.7504358292,
        "median": 10.6169347763,
        "min": 1.89896965027,
        "var": 72.3028640747
    },
    "spectral_rms": {
        "dmean": 0.00154475832824,
        "dmean2": 0.00271644024178,
        "dvar": 1.68347810359e-06,
        "dvar2": 4.61609715785e-06,
        "max": 0.00969935581088,
        "mean": 0.00622213818133,
        "median": 0.00639969250187,
        "min": 0.00107431481592,
        "var": 2.10326106753e-06
    },
    "spectral_rolloff": {
        "dmean": 287.82711792,
        "dmean2": 494.541015625,
        "dvar": 142568.28125,
        "dvar2": 345085.375,
        "max": 2540.91796875,
        "mean": 524.640258789,
        "median": 279.931640625,
        "min": 172.265625,
        "var": 286820.625
    },
    "spectral_skewness": {
        "dmean": 0.554103553295,
        "dmean2": 0.98487842083,
        "dvar": 0.255233794451,
        "dvar2": 0.783752679825,
        "max": 4.83867931366,
        "mean": 2.06476020813,
        "median": 1.85264146328,
        "min": 0.936566591263,
        "var": 0.668599009514
    },
    "spectral_spread": {
        "dmean": 350644.03125,
        "dmean2": 523409.5625,
        "dvar": 1.05843431834e+12,
        "dvar2": 870958170112,
        "max": 16056852,
        "mean": 2171418.75,
        "median": 2059818.5,
        "min": 1368989.125,
        "var": 1.39495040614e+12
    },
    "spectral_strongpeak": {
        "dmean": 0.564708530903,
        "dmean2": 0.970884501934,
        "dvar": 0.654297471046,
        "dvar2": 1.66315972805,
        "max": 7.5149641037,
        "mean": 1.03023743629,
        "median": 0.801598548889,
        "min": 0.018479725346,
        "var": 1.12087535858
    },
    "zerocrossingrate": {
        "dmean": 0.00588541664183,
        "dmean2": 0.00721935275942,
        "dvar": 2.75700476777e-05,
        "dvar2": 3.41068662237e-05,
        "max": 0.09765625,
        "mean": 0.0252645127475,
        "median": 0.02294921875,
        "min": 0.0029296875,
        "var": 0.000225854906603
    },
    "barkbands": {
        "dmean": [9.68864424067e-06, 0.00457473378628, 0.00229914416559, 0.00496377330273, 0.0156312696636, 0.00040019012522, 0.000920621154364, 0.000488839636091, 0.0006308601005, 0.000144188845297, 0.000192901381524, 6.16362085566e-05, 0.000132155968458, 0.000385648774682, 0.000263994530542, 0.000511350808665, 0.000410152715631, 0.000166857993463, 6.09772978351e-05, 1.68938240677e-05, 1.56578462338e-05, 4.51528421763e-06, 5.78431411213e-07, 9.56589019552e-07, 2.78223836858e-07, 1.25938512952e-07, 8.39805309738e-08],
        "dmean2": [1.60814815899e-05, 0.00748131237924, 0.00363778858446, 0.00911196880043, 0.0278183501214, 0.000697310606483, 0.0014667758951, 0.000829442695249, 0.00113848270848, 0.000231141559198, 0.000318882957799, 8.0999925558e-05, 0.000228750970564, 0.000655984797049, 0.000417943461798, 0.000744453573134, 0.000602204876486, 0.000271168944892, 9.93017310975e-05, 2.42191599682e-05, 2.12258000829e-05, 5.38486438018e-06, 8.25424763207e-07, 1.18981415653e-06, 3.3697514823e-07, 1.46680733337e-07, 9.60552668516e-08],
        "dvar": [1.12167046484e-10, 2.81642187474e-05, 7.37135860618e-06, 2.2951662686e-05, 0.000220556757995, 1.42946419146e-07, 1.45666433582e-06, 2.46899617196e-07, 7.6348857192e-07, 7.10480563271e-08, 1.94591763147e-07, 1.63832130085e-08, 2.40321156753e-07, 4.73873456031e-07, 2.45623397177e-07, 2.24527957471e-06, 1.52973473178e-06, 9.92927553511e-08, 2.52020111446e-08, 2.05240602291e-09, 1.41413070143e-09, 2.0949467161e-10, 3.42717824606e-12, 1.00506443446e-11, 1.47047640991e-12, 6.76754388206e-13, 7.44386377625e-13],
        "dvar2": [2.93707141941e-10, 8.14501327113e-05, 2.03388826776e-05, 6.18485355517e-05, 0.000683337973896, 4.17378572592e-07, 3.89234764953e-06, 6.38689130028e-07, 2.24050882025e-06, 1.2838921748e-07, 4.61394108697e-07, 2.28419025916e-08, 7.34445109174e-07, 1.26417796764e-06, 6.812087463e-07, 3.60534340871e-06, 2.15846193896e-06, 1.56744448532e-07, 6.53126903671e-08, 2.96141289269e-09, 2.02895122925e-09, 2.29832750054e-10, 4.23661800086e-12, 9.44714619033e-12, 1.54987112554e-12, 6.92173098352e-13, 7.57232709696e-13],
        "max": [7.51644547563e-05, 0.0347588956356, 0.0175841078162, 0.0210051126778, 0.0809393599629, 0.00231700041331, 0.00939432997257, 0.00325841992162, 0.00812971685082, 0.00331512582488, 0.00537468632683, 0.00193984713405, 0.00499109644443, 0.00560497539118, 0.00524693541229, 0.0205041561276, 0.0166999138892, 0.00382187077776, 0.00182417000178, 0.000569482624996, 0.00053075060714, 0.000211698876228, 2.0543435312e-05, 4.18895324401e-05, 1.21515140563e-05, 9.91246452031e-06, 1.05829694803e-05],
        "mean": [1.32716522785e-05, 0.00644977577031, 0.0034543464426, 0.00531991850585, 0.0189438946545, 0.000612980686128, 0.00133420864586, 0.00071098835906, 0.000866361777298, 0.000233356404351, 0.0002625665511, 0.000103490601759, 0.000137712791911, 0.000553515739739, 0.000499442045111, 0.00095163541846, 0.000839961983729, 0.000386494153645, 9.43404593272e-05, 3.30227376253e-05, 2.62519606622e-05, 7.91490037955e-06, 1.03460536138e-06, 1.63038100709e-06, 4.26694384714e-07, 1.63312250834e-07, 1.12106583572e-07],
        "median": [7.21664628145e-06, 0.0033017876558, 0.00146074837539, 0.00380028784275, 0.0125381229445, 0.000508559751324, 0.000984053593129, 0.000613078474998, 0.000544588663615, 9.33224946493e-05, 9.98550240183e-05, 3.72481226805e-05, 2.54514889093e-05, 0.000283214787487, 0.000273991608992, 0.000307081325445, 0.000229254088481, 0.000193551313714, 3.19735809171e-05, 9.06983223103e-06, 4.76975628771e-06, 2.08214805753e-06, 4.08783023431e-07, 2.32882555906e-07, 5.03089339077e-08, 2.40417854513e-08, 2.33902888169e-08],
        "min": [2.68943153969e-07, 2.18567492993e-05, 2.77311228274e-05, 1.26554414237e-05, 0.000181404466275, 4.79131776956e-05, 5.52281453565e-05, 3.61097736459e-05, 1.79077196663e-05, 6.28660109214e-06, 7.73151987232e-06, 2.78709330814e-06, 2.30473096963e-06, 6.32001365375e-06, 3.76171260541e-06, 4.43270891992e-06, 3.46971114595e-06, 3.79337484446e-06, 1.61821253641e-06, 5.67641166072e-07, 6.67299218549e-07, 3.94779789303e-07, 8.76445440667e-08, 4.78169503992e-08, 1.36497098069e-08, 1.71412084526e-09, 6.55997123289e-09],
        "var": [1.93063537379e-10, 5.54330727027e-05, 1.73013577296e-05, 2.40174267674e-05, 0.00029076563078, 2.09648405303e-07, 1.85843487088e-06, 3.39855091624e-07, 1.06505183339e-06, 2.17779074774e-07, 3.38747923934e-07, 5.24048431316e-08, 2.1859653998e-07, 6.18696617494e-07, 5.26024734882e-07, 7.47744343244e-06, 5.61694150747e-06, 3.09388667574e-07, 5.15300904169e-08, 6.47467679471e-09, 4.10008471619e-09, 6.44691411367e-10, 6.82923466042e-12, 2.99586293273e-11, 2.94113474894e-12, 7.21869395856e-13, 7.5029788155e-13]
    },
    "erbbands": {
        "dmean": [0.0376705788076, 1.30177021027, 3.2523829937, 6.62534141541, 63.8362960815, 33.1533966064, 3.80022215843, 3.74858403206, 10.4503955841, 10.8067455292, 14.3344364166, 13.5309333801, 5.90809202194, 7.59837055206, 4.01741123199, 2.59880614281, 6.15908050537, 9.90153503418, 18.0062675476, 17.3139591217, 32.1639518738, 22.8755321503, 8.03040981293, 7.31468915939, 1.84460568428, 0.757767617702, 0.669610023499, 0.469105988741, 0.20605789125, 0.0307833198458, 0.0222877711058, 0.024453798309, 0.0113057568669, 0.00480946246535, 0.00110203877557, 0.000594324839767, 0.000216263724724, 5.76345992158e-05, 1.99621717911e-05, 2.26171523536e-05],
        "dmean2": [0.0624833516777, 2.1094019413, 5.06865739822, 12.0575237274, 116.405502319, 59.1779174805, 6.57404470444, 6.49917554855, 16.6700077057, 18.2399711609, 23.4062194824, 24.6793289185, 9.60819530487, 13.7321863174, 6.0641002655, 3.40420222282, 10.5795726776, 16.6127033234, 29.5274066925, 28.6024875641, 45.8701019287, 36.6961326599, 12.6477470398, 11.8423023224, 2.90909266472, 0.958894252777, 0.895125627518, 0.601493239403, 0.247004494071, 0.0359319262207, 0.0313129909337, 0.0324277691543, 0.0132155520841, 0.00591491954401, 0.00127084285486, 0.000689436099492, 0.000249722303124, 6.92294488545e-05, 2.77112194453e-05, 3.91881549149e-05],
        "dvar": [0.00183577300049, 2.24868607521, 14.2549362183, 37.147102356, 4395.02050781, 853.909667969, 16.748090744, 13.7494630814, 135.344100952, 381.381866455, 214.72543335, 557.860656738, 118.628349304, 239.340133667, 120.823791504, 44.9602203369, 499.148071289, 581.950439453, 936.215637207, 1995.46850586, 12771.4394531, 3459.06542969, 361.701721191, 141.573410034, 40.3986701965, 4.61351919174, 2.37796235085, 1.78396499157, 0.508927226067, 0.0153276631609, 0.00411156518385, 0.00681082112715, 0.00143050518818, 0.000426883314503, 3.85937091778e-05, 1.09657012217e-05, 2.31443664234e-06, 2.86777975589e-07, 1.49946277617e-08, 4.38470704189e-10],
        "dvar2": [0.00491045694798, 6.57356023788, 38.750202179, 101.325073242, 12985.4638672, 2626.11499023, 41.8752174377, 41.7955131531, 330.329559326, 1032.90234375, 564.156616211, 1707.87194824, 233.519088745, 722.44732666, 280.032897949, 64.5199584961, 1516.3626709, 1543.28710938, 2278.55419922, 4904.04736328, 23302.9375, 5581.05664062, 520.763793945, 295.125396729, 95.1261444092, 5.41909790039, 3.34593749046, 1.95865559578, 0.577269136906, 0.015782430768, 0.00492125097662, 0.00767501723021, 0.00139588071033, 0.000461982941488, 3.84677805414e-05, 1.11633398774e-05, 2.3639408937e-06, 2.92597690077e-07, 1.53623886945e-08, 1.07477771127e-09],
        "max": [0.263836711645, 9.80858612061, 26.3285140991, 29.8607959747, 340.686767578, 194.287567139, 27.4989738464, 27.593296051, 82.3875350952, 158.612670898, 116.550743103, 243.490219116, 136.778640747, 139.310348511, 144.707183838, 97.3897247314, 231.540542603, 228.722442627, 286.571807861, 557.874572754, 1571.59228516, 829.322937012, 255.726608276, 122.631019592, 83.7842254639, 29.2417411804, 20.7493362427, 19.6059532166, 10.2095632553, 1.65566539764, 0.809027850628, 1.05468964577, 0.5101608634, 0.243827804923, 0.0702641531825, 0.0390042625368, 0.0185117796063, 0.00655327783898, 0.00151554285549, 0.000167336358572],
        "mean": [0.0593550913036, 1.8313331604, 5.24629688263, 9.0277261734, 72.5401992798, 41.6637039185, 6.38054656982, 6.00553417206, 15.3996973038, 16.8208351135, 21.9687576294, 18.6847190857, 9.17095088959, 11.1975889206, 6.56335735321, 4.36196470261, 6.73084115982, 14.2233695984, 34.4756698608, 32.27110672, 56.9151496887, 46.2680549622, 17.4061908722, 17.305770874, 3.03242254257, 1.44050526619, 1.1899484396, 0.880795896053, 0.379178851843, 0.0553740113974, 0.0381908677518, 0.0429910123348, 0.0181129444391, 0.00762225640938, 0.00169585994445, 0.000849098432809, 0.000281016604276, 6.93816473358e-05, 3.52888419002e-05, 4.86369208375e-05],
        "median": [0.0330555178225, 0.91524130106, 2.57258081436, 7.04000091553, 43.0162658691, 33.3797607422, 4.87810373306, 4.79891681671, 11.4501686096, 7.9680352211, 16.7423801422, 11.6353845596, 4.16214227676, 4.86205911636, 2.55487370491, 1.45832514763, 1.49397194386, 6.70241117477, 20.4762516022, 17.5430622101, 14.2513818741, 14.377073288, 10.0264692307, 7.33272886276, 1.00432443619, 0.337387561798, 0.409526020288, 0.164970159531, 0.0900780335069, 0.013696545735, 0.0144071802497, 0.00707543827593, 0.00252730795182, 0.000767144549172, 0.000273442739854, 0.00015054216783, 5.16610307386e-05, 1.06474944914e-05, 2.29342222156e-05, 4.75435736007e-05],
        "min": [0.000807153352071, 0.0124786216766, 0.0989158898592, 0.307323306799, 0.319805204868, 0.668771922588, 0.932754039764, 0.53013163805, 0.656819581985, 1.00482690334, 0.769189238548, 0.370718896389, 0.266084939241, 0.22962769866, 0.352302998304, 0.0983061566949, 0.160493910313, 0.299435436726, 0.24057932198, 0.205576568842, 0.261466503143, 0.205212846398, 0.209177821875, 0.11379686743, 0.0687954053283, 0.0331332795322, 0.0288664959371, 0.02428923361, 0.015793280676, 0.00289227697067, 0.00266810460016, 0.0013864467619, 0.000642200233415, 0.000190054925042, 8.44757523737e-05, 4.20949654654e-05, 1.17400868476e-05, 4.30321506428e-06, 7.12643350198e-06, 1.22413075587e-05],
        "var": [0.00370319955982, 4.51988601685, 36.1590118408, 41.3535690308, 5252.47607422, 1017.27947998, 25.1440925598, 18.1643753052, 179.85635376, 510.182678223, 374.449768066, 650.282897949, 306.929656982, 399.522094727, 217.319015503, 120.391685486, 477.997619629, 666.781311035, 2036.54223633, 4271.85449219, 33523.5585938, 13599.8623047, 1165.02453613, 520.336791992, 71.5523986816, 15.2753582001, 7.09876298904, 5.69329833984, 1.5983672142, 0.0405984036624, 0.00916541554034, 0.0197686851025, 0.00387354474515, 0.00101539434399, 5.10486133862e-05, 1.28236479213e-05, 2.39701853388e-06, 2.88571698093e-07, 1.5030297007e-08, 5.02671571034e-10]
    },
    "gfcc": {
        "mean": [-63.4371261597, 186.774246216, -134.424560547, 38.0395927429, -18.2740001678, -24.4389629364, -34.7397537231, -4.26170969009, -1.42524242401, -21.3110332489, -20.9496860504, -20.0049724579, -5.06728649139],
        "cov": [[1764.83288574, -515.043029785, -678.210205078, 165.997619629, -159.46774292, 297.153686523, 34.3424491882, 132.461776733, -94.1721954346, 192.985717773, 130.273574829, 96.5300979614, 110.00088501], [-515.043029785, 486.781036377, 172.940292358, -19.4181365967, 118.446533203, -114.005065918, 74.2567214966, -40.0677719116, 101.914237976, -82.3072662354, -17.4391841888, -60.2925720215, 1.46182572842], [-678.210205078, 172.940292358, 459.375946045, -45.7322349548, 61.3153305054, -90.5948486328, -20.496723175, -56.290561676, 37.3530921936, -53.7010307312, -38.6074104309, -23.447271347, -44.2268714905], [165.997619629, -19.4181365967, -45.7322349548, 115.847732544, 16.6633033752, 46.3060302734, 25.7951202393, 20.1246204376, 9.54150295258, 41.3370246887, 36.3255310059, -0.763115465641, 19.1262531281], [-159.46774292, 118.446533203, 61.3153305054, 16.6633033752, 86.5878143311, -14.6794481277, 23.5530509949, -9.93826961517, 28.536611557, -13.6542234421, -2.71890521049, -13.7082843781, -3.43378591537], [297.153686523, -114.005065918, -90.5948486328, 46.3060302734, -14.6794481277, 140.169296265, 39.4096717834, 42.5195045471, 2.34208011627, 69.9396057129, 41.7907752991, 37.6989707947, 41.8266029358], [34.3424491882, 74.2567214966, -20.496723175, 25.7951202393, 23.5530509949, 39.4096717834, 70.9194107056, 31.8230762482, 31.5021286011, 11.747918129, 20.0801181793, 13.7867498398, 24.592962265], [132.461776733, -40.0677719116, -56.290561676, 20.1246204376, -9.93826961517, 42.5195045471, 31.8230762482, 82.6751327515, 29.2174091339, 35.8152503967, 23.9202156067, 31.2196617126, 12.3489294052], [-94.1721954346, 101.914237976, 37.3530921936, 9.54150295258, 28.536611557, 2.34208011627, 31.5021286011, 29.2174091339, 75.0693054199, 16.4009742737, 10.5911951065, 4.6359667778, 12.4895038605], [192.985717773, -82.3072662354, -53.7010307312, 41.3370246887, -13.6542234421, 69.9396057129, 11.747918129, 35.8152503967, 16.4009742737, 82.5601272583, 40.9854698181, 24.3623638153, 15.421831131], [130.273574829, -17.4391841888, -38.6074104309, 36.3255310059, -2.71890521049, 41.7907752991, 20.0801181793, 23.9202156067, 10.5911951065, 40.9854698181, 49.0625534058, 24.5972728729, 15.6261787415], [96.5300979614, -60.2925720215, -23.447271347, -0.763115465641, -13.7082843781, 37.6989707947, 13.7867498398, 31.2196617126, 4.6359667778, 24.3623638153, 24.5972728729, 54.5663566589, 17.8897190094], [110.00088501, 1.46182572842, -44.2268714905, 19.1262531281, -3.43378591537, 41.8266029358, 24.592962265, 12.3489294052, 12.4895038605, 15.421831131, 15.6261787415, 17.8897190094, 44.1222343445]],
        "icov": [[0.00261118798517, 7.83954674262e-05, 0.00245470064692, -0.00143697636668, 0.00146924820729, -0.00176605314482, 0.000924431660678, -0.00109146221075, 0.00236440310255, -0.00121742219198, -0.00105865206569, -0.000154894238221, -0.00165641144849], [7.83954674262e-05, 0.0155866704881, -0.00119702552911, 0.00517626944929, -0.00678339088336, 0.0105339800939, -0.0167171433568, 0.00666068680584, -0.0140083795413, 0.00826246663928, -0.0139551274478, 0.0141357509419, -0.00692751444876], [0.00245470064692, -0.00119702552911, 0.00577619345859, -0.00185156357475, 0.000845056201797, -0.00256486283615, 0.00254986807704, 0.00129884271882, 6.94295231369e-05, -0.000919556361623, 0.00128699361812, -0.00361971976236, 0.00253838556819], [-0.00143697636668, 0.00517626944929, -0.00185156357475, 0.0176509879529, -0.00714608607814, 0.0043935473077, -0.00708677852526, -0.000224068848183, -0.00213465560228, -0.00103003147524, -0.0134163452312, 0.0136631056666, -0.00662873964757], [0.00146924820729, -0.00678339088336, 0.000845056201797, -0.00714608607814, 0.0223217215389, -0.00643642339855, 0.00148390373215, 0.00159431784414, 0.000409932952607, -0.000467348756501, 0.00591332791373, -0.00600068550557, 0.00745803071186], [-0.00176605314482, 0.0105339800939, -0.00256486283615, 0.0043935473077, -0.00643642339855, 0.0300120264292, -0.0202744882554, 0.00302257062867, -0.00175703479908, -0.0101842107251, -0.00561341224238, 0.00716388318688, -0.01577793248], [0.000924431660678, -0.0167171433568, 0.00254986807704, -0.00708677852526, 0.00148390373215, -0.0202744882554, 0.0486021898687, -0.015207179822, 0.00841983128339, 0.00248890183866, 0.00631626369432, -0.0130406953394, 0.000175576642505], [-0.00109146221075, 0.00666068680584, 0.00129884271882, -0.000224068848183, 0.00159431784414, 0.00302257062867, -0.015207179822, 0.0297310762107, -0.0181858669966, 0.00164465943817, -0.00133901555091, -0.00655228691176, 0.00901719555259], [0.00236440310255, -0.0140083795413, 6.94295231369e-05, -0.00213465560228, 0.000409932952607, -0.00175703479908, 0.00841983128339, -0.0181858669966, 0.0438065044582, -0.0209177099168, 0.0115202525631, -0.00676856469363, -0.00876578781754], [-0.00121742219198, 0.00826246663928, -0.000919556361623, -0.00103003147524, -0.000467348756501, -0.0101842107251, 0.00248890183866, 0.00164465943817, -0.0209177099168, 0.0435734800994, -0.0246874839067, 0.00756837474182, 0.00642219511792], [-0.00105865206569, -0.0139551274478, 0.00128699361812, -0.0134163452312, 0.00591332791373, -0.00561341224238, 0.00631626369432, -0.00133901555091, 0.0115202525631, -0.0246874839067, 0.0627479627728, -0.0294948108494, 0.0079474337399], [-0.000154894238221, 0.0141357509419, -0.00361971976236, 0.0136631056666, -0.00600068550557, 0.00716388318688, -0.0130406953394, -0.00655228691176, -0.00676856469363, 0.00756837474182, -0.0294948108494, 0.0499401502311, -0.0183210931718], [-0.00165641144849, -0.00692751444876, 0.00253838556819, -0.00662873964757, 0.00745803071186, -0.01577793248, 0.000175576642505, 0.00901719555259, -0.00876578781754, 0.00642219511792, 0.0079474337399, -0.0183210931718, 0.0502074919641]]
    },
    "melbands": {
        "dmean": [0.000789876736235, 0.00177601759788, 0.00297535373829, 0.0040070200339, 0.000226178017328, 8.65875335876e-05, 0.000164681347087, 0.000102779529698, 0.00013156789646, 8.19723209133e-05, 2.83872468572e-05, 2.96893067571e-05, 2.01290185942e-05, 6.11759787716e-06, 1.41498603625e-05, 9.15249802347e-06, 2.33712398767e-05, 3.50006412191e-05, 2.35041461565e-05, 2.94335241051e-05, 4.15555332438e-05, 2.72030374617e-05, 1.32733675855e-05, 8.25017195893e-06, 6.16892612015e-06, 1.76818696218e-06, 6.73383055982e-07, 4.92817321174e-07, 3.36433060966e-07, 5.882430969e-07, 2.19499952436e-07, 1.38909229008e-07, 4.49958861282e-08, 7.75367947625e-09, 1.41850646784e-08, 1.11985496432e-08, 1.86396462709e-08, 9.05309960331e-09, 5.04679897873e-09, 3.62131613585e-09],
        "dmean2": [0.00131263234653, 0.00279216468334, 0.00543060526252, 0.00711766909808, 0.000387731968658, 0.000146687729284, 0.000261636916548, 0.000173778476892, 0.000215002000914, 0.000151067390107, 4.70814920845e-05, 5.39072061656e-05, 3.14522985718e-05, 9.2891004897e-06, 2.36295509239e-05, 1.61653952091e-05, 3.99211094191e-05, 5.77311184315e-05, 3.90577624785e-05, 4.70715021947e-05, 5.77042956138e-05, 4.59971488453e-05, 2.17928991333e-05, 1.37072447615e-05, 9.94618949335e-06, 2.86026443064e-06, 1.01512739548e-06, 6.18552803644e-07, 4.60392328705e-07, 8.55346740991e-07, 2.74324889915e-07, 1.7914901207e-07, 5.35916626632e-08, 1.03350936698e-08, 1.94714662172e-08, 1.50460035542e-08, 2.47308644674e-08, 1.13088010067e-08, 6.23967899571e-09, 4.52726034439e-09],
        "dvar": [8.38230846512e-07, 4.19650086769e-06, 8.53649635246e-06, 1.38041032187e-05, 6.4338678385e-08, 6.01980643111e-09, 3.79245967963e-08, 3.06208320922e-08, 1.82746298094e-08, 1.96397262897e-08, 3.14021564307e-09, 3.84632370398e-09, 2.81481415954e-09, 1.73832864769e-10, 2.93302049315e-09, 7.84998122061e-10, 3.40230021934e-09, 3.21752779975e-09, 2.07907713268e-09, 6.66166899421e-09, 2.20082370106e-08, 5.92252780152e-09, 1.2127902016e-09, 3.21130233516e-10, 1.04455145922e-10, 4.26358288952e-11, 2.72289157367e-12, 2.19509328249e-12, 8.02086912513e-13, 1.74106356502e-12, 5.16162199787e-13, 1.94746183155e-13, 4.21358335321e-14, 8.53600152513e-16, 1.39842651432e-15, 1.39729170193e-15, 3.97169725561e-15, 8.75117383412e-16, 4.02274687255e-16, 2.7823264136e-16],
        "dvar2": [2.34481467487e-06, 1.20459671962e-05, 2.47918251262e-05, 4.3419557187e-05, 1.70871189198e-07, 1.73646448332e-08, 9.59802264333e-08, 8.20511232291e-08, 4.72432155618e-08, 6.11493717884e-08, 6.25817486721e-09, 1.16845733089e-08, 6.41789954514e-09, 3.58294116598e-10, 7.38854666338e-09, 2.53379606185e-09, 9.40132238725e-09, 7.82341658123e-09, 5.99951288649e-09, 1.1698447544e-08, 4.02998523441e-08, 1.1094791752e-08, 3.04650882299e-09, 8.32653390681e-10, 2.37511371681e-10, 1.07373915315e-10, 4.98089200093e-12, 2.42153974823e-12, 1.10515210264e-12, 3.23679234457e-12, 6.63804785878e-13, 2.60322471045e-13, 4.17661510845e-14, 1.02465850915e-15, 1.80014406566e-15, 2.55063198583e-15, 4.0264232073e-15, 9.37549958492e-16, 5.0828498989e-16, 3.03134668856e-16],
        "max": [0.00602587033063, 0.0136593040079, 0.0142953665927, 0.0203656852245, 0.002010372933, 0.000558330793865, 0.00156368734315, 0.00147173926234, 0.00112653709948, 0.00144565280061, 0.00065738754347, 0.000559364329092, 0.000686196552124, 0.000170153332874, 0.000638699100818, 0.000261141976807, 0.00053443457, 0.000498508859891, 0.0004703970626, 0.00109730858821, 0.00208682054654, 0.00101405079477, 0.00041394654545, 0.000222895716433, 8.6458378064e-05, 8.27245603432e-05, 1.97851695702e-05, 2.11552214751e-05, 1.11552426461e-05, 1.75630866579e-05, 1.00777306216e-05, 6.36576214674e-06, 2.70421787718e-06, 3.26777751525e-07, 4.96038580877e-07, 4.81002587094e-07, 8.25783047276e-07, 3.92232493596e-07, 2.45889737016e-07, 1.85713773249e-07],
        "mean": [0.00115221540909, 0.00276216026396, 0.0034977288451, 0.00489926896989, 0.000320852414006, 0.000139504350955, 0.000242447538767, 0.000161971547641, 0.000193968298845, 0.000110472705273, 4.14210808231e-05, 4.33627901657e-05, 2.96196449199e-05, 1.01845243989e-05, 1.69254835782e-05, 1.00757533801e-05, 3.05935463984e-05, 6.13838856225e-05, 4.32968408859e-05, 5.43031128473e-05, 6.68769571348e-05, 5.30532779521e-05, 2.16086482396e-05, 1.57708236657e-05, 1.41840355354e-05, 2.55001464211e-06, 1.11850340545e-06, 9.09678476546e-07, 6.65907691655e-07, 8.70864084845e-07, 3.97164541255e-07, 2.44016092665e-07, 7.81646605219e-08, 1.29053265852e-08, 2.25034693102e-08, 1.83043482593e-08, 3.07196010851e-08, 1.3895017581e-08, 7.57034346321e-09, 5.88287019099e-09],
        "median": [0.000605919281952, 0.00132763676811, 0.00245584826916, 0.00327311991714, 0.000215561085497, 0.000113019021228, 0.000174487489858, 7.92522187112e-05, 0.000137972281664, 6.64919571136e-05, 1.77145102498e-05, 1.83362171811e-05, 1.08328567876e-05, 3.64634547623e-06, 4.29717147199e-06, 2.02609749067e-06, 1.47869395732e-05, 3.35880431521e-05, 2.14578431041e-05, 1.88978792721e-05, 1.40831425597e-05, 1.64087341545e-05, 9.03620275494e-06, 8.4474149844e-06, 5.946696092e-06, 4.84324459649e-07, 2.10922323163e-07, 1.96121391127e-07, 2.00498888603e-07, 1.57417559876e-07, 7.67489822806e-08, 6.81364511479e-08, 9.63427915224e-09, 4.46220926875e-09, 9.63409174659e-09, 4.81604489622e-09, 4.3907548708e-09, 1.89811322215e-09, 9.14882003489e-10, 4.67945626692e-10],
        "min": [4.56142015537e-06, 1.3697709619e-05, 7.38936141715e-05, 3.04593359033e-05, 1.14217436931e-05, 1.10309883894e-05, 1.05682911453e-05, 4.76232753499e-06, 6.15955468675e-06, 1.97251483769e-06, 1.26990880744e-06, 7.6556204931e-07, 1.31892625177e-06, 2.60911008354e-07, 2.61500360921e-07, 2.14102058749e-07, 5.71176826725e-07, 4.12029635299e-07, 3.18088098084e-07, 2.61670749069e-07, 2.85814508061e-07, 1.85471193959e-07, 2.0178256932e-07, 2.03302164437e-07, 7.54646762857e-08, 3.59141480999e-08, 2.19569447069e-08, 1.62017386174e-08, 1.58590474086e-08, 2.16792326313e-08, 1.05046877863e-08, 1.20898473455e-08, 2.13862771936e-09, 9.9765806727e-10, 1.64615054921e-09, 8.37600711012e-10, 6.06446559637e-10, 4.69605743181e-10, 1.76787626205e-10, 9.67847121891e-11],
        "var": [1.64343146025e-06, 1.01004206954e-05, 9.01232670003e-06, 1.84354812518e-05, 9.05477293145e-08, 8.98560426066e-09, 4.92733889246e-08, 4.43180780962e-08, 3.428879225e-08, 2.47495037797e-08, 6.83962975145e-09, 6.13046502451e-09, 4.98625896128e-09, 4.02784749998e-10, 3.48424755714e-09, 8.12358125213e-10, 3.24840487842e-09, 6.62857191358e-09, 3.74254804925e-09, 2.10772785891e-08, 5.22990895035e-08, 1.97861211859e-08, 2.3961757023e-09, 5.86876880426e-10, 3.47249951016e-10, 7.25325494111e-11, 7.02470677114e-12, 7.19786643483e-12, 2.37431125108e-12, 3.88756995345e-12, 1.54629087312e-12, 5.72873400193e-13, 1.19502958961e-13, 1.56253279511e-15, 2.95180542437e-15, 2.59868056503e-15, 1.15273586236e-14, 2.21656176791e-15, 8.62890462818e-16, 6.70508951706e-16]
    },
    "mfcc": {
        "mean": [-702.738708496, 208.717590332, -34.9575500488, 54.7058525085, 26.0949859619, -3.60497927666, -16.4754180908, 3.53927946091, 12.4641666412, 0.772826492786, -2.95292592049, -2.90883421898, -20.7861824036],
        "cov": [[2408.1706543, -729.549133301, -613.321838379, -117.621925354, -207.236068726, 109.116081238, 180.981719971, -41.001209259, 0.659708678722, 17.601934433, -96.1695556641, 272.454864502, 125.577331543], [-729.549133301, 498.180511475, 146.113616943, 83.6125335693, 68.1478652954, -32.9441604614, -50.2918510437, 42.8445968628, 34.9523887634, 21.4390201569, 37.7847976685, -71.3681411743, -59.1540184021], [-613.321838379, 146.113616943, 289.619598389, 38.458152771, 58.6493377686, -8.96930217743, -34.780292511, 4.0902261734, -8.63604736328, 7.37303066254, 21.0470027924, -49.1733016968, -4.29385089874], [-117.621925354, 83.6125335693, 38.458152771, 96.5513381958, 35.1718635559, 5.83361721039, -3.16838955879, 3.93146514893, 6.7041258812, 21.1604366302, 11.3802909851, 1.0384221077, -14.6129198074], [-207.236068726, 68.1478652954, 58.6493377686, 35.1718635559, 65.7238082886, 9.52806186676, -9.38839054108, -0.0980613455176, 4.87688398361, 11.953578949, 19.7008838654, -20.4828567505, -2.88827037811], [109.116081238, -32.9441604614, -8.96930217743, 5.83361721039, 9.52806186676, 63.2709388733, 41.3231468201, -9.96518707275, 5.62667417526, 12.3915548325, -7.50173425674, 35.4536132812, 11.3393707275], [180.981719971, -50.2918510437, -34.780292511, -3.16838955879, -9.38839054108, 41.3231468201, 67.8087844849, 8.54329776764, 8.83404254913, 9.7171831131, -12.287399292, 43.6402511597, 23.7995262146], [-41.001209259, 42.8445968628, 4.0902261734, 3.93146514893, -0.0980613455176, -9.96518707275, 8.54329776764, 56.5737190247, 23.5459442139, 2.86213207245, 3.67667365074, 6.98469257355, 15.1742010117], [0.659708678722, 34.9523887634, -8.63604736328, 6.7041258812, 4.87688398361, 5.62667417526, 8.83404254913, 23.5459442139, 57.4743309021, 20.7185077667, 1.76966106892, 22.7396297455, 14.021071434], [17.601934433, 21.4390201569, 7.37303066254, 21.1604366302, 11.953578949, 12.3915548325, 9.7171831131, 2.86213207245, 20.7185077667, 54.5669898987, 17.632358551, 16.5339050293, 9.49035644531], [-96.1695556641, 37.7847976685, 21.0470027924, 11.3802909851, 19.7008838654, -7.50173425674, -12.287399292, 3.67667365074, 1.76966106892, 17.632358551, 41.3989295959, -4.67821121216, -0.60503590107], [272.454864502, -71.3681411743, -49.1733016968, 1.0384221077, -20.4828567505, 35.4536132812, 43.6402511597, 6.98469257355, 22.7396297455, 16.5339050293, -4.67821121216, 95.2540206909, 46.0005874634], [125.577331543, -59.1540184021, -4.29385089874, -14.6129198074, -2.88827037811, 11.3393707275, 23.7995262146, 15.1742010117, 14.021071434, 9.49035644531, -0.60503590107, 46.0005874634, 69.6129302979]],
