{
"lowlevel": {
    "average_loudness": 0.987747848034,
    "barkbands_crest": {
        "dmean": 2.14287233353,
        "dmean2": 3.52496194839,
        "dvar": 3.14162158966,
        "dvar2": 8.14286899567,
        "max": 17.3138847351,
        "mean": 11.2500762939,
        "median": 11.1713438034,
        "min": 5.33881092072,
        "var": 6.43939495087
    },
    "barkbands_flatness_db": {
        "dmean": 0.0281758140773,
        "dmean2": 0.0448683537543,
        "dvar": 0.000529156823177,
        "dvar2": 0.00130752602126,
        "max": 0.391657084227,
        "mean": 0.278092116117,
        "median": 0.273877292871,
        "min": 0.142440035939,
        "var": 0.00190518400632
    },
    "barkbands_kurtosis": {
        "dmean": 5.64767122269,
        "dmean2": 9.14323997498,
        "dvar": 44.8792114258,
        "dvar2": 121.472137451,
        "max": 58.5687904358,
        "mean": 10.1997699738,
        "median": 4.89868211746,
        "min": -1.65540385246,
        "var": 147.297698975
    },
    "barkbands_skewness": {
        "dmean": 0.716530501842,
        "dmean2": 1.1329652071,
        "dvar": 0.324500143528,
        "dvar2": 0.824209630489,
        "max": 6.49300670624,
        "mean": 2.5845925808,
        "median": 2.15646362305,
        "min": -0.345184326172,
        "var": 1.95334947109
    },
    "barkbands_spread": {
        "dmean": 2.86492443085,
        "dmean2": 4.68464374542,
        "dvar": 8.24545288086,
        "dvar2": 19.7586975098,
        "max": 37.4170265198,
        "mean": 9.17444324493,
        "median": 8.70940589905,
        "min": 1.36519956589,
        "var": 28.4841423035
    },
    "dissonance": {
        "dmean": 0.028029832989,
        "dmean2": 0.0470309704542,
        "dvar": 0.000472020794405,
        "dvar2": 0.00118675618432,
        "max": 0.496059536934,
        "mean": 0.449691683054,
        "median": 0.45290440321,
        "min": 0.364112555981,
        "var": 0.000723336823285
    },
    "dynamic_complexity": 0.950863361359,
    "erbbands_crest": {
        "dmean": 2.31348848343,
        "dmean2": 3.63728308678,
        "dvar": 4.03252696991,
        "dvar2": 9.59590530396,
        "max": 24.2469882965,
        "mean": 10.6393671036,
        "median": 9.98238754272,
        "min": 3.68657207489,
        "var": 15.226067543
    },
    "erbbands_flatness_db": {
        "dmean": 0.0118494527414,
        "dmean2": 0.019033877179,
        "dvar": 0.000135943191708,
        "dvar2": 0.00023309973767,
        "max": 0.307622224092,
        "mean": 0.249533638358,
        "median": 0.247937530279,
        "min": 0.103145569563,
        "var": 0.000447408558102
    },
    "erbbands_kurtosis": {
        "dmean": 0.611923933029,
        "dmean2": 0.988983333111,
        "dvar": 0.620632231236,
        "dvar2": 1.54102087021,
        "max": 8.94192028046,
        "mean": -0.205278813839,
        "median": -0.444388389587,
        "min": -1.56233978271,
        "var": 1.18364834785
    },
    "erbbands_skewness": {
        "dmean": 0.286238819361,
        "dmean2": 0.45571526885,
        "dvar": 0.0710485950112,
        "dvar2": 0.199997648597,
        "max": 1.55123305321,
        "mean": 0.0619368180633,
        "median": 0.0446549244225,
        "min": -2.72642445564,
        "var": 0.180449172854
    },
    "erbbands_spread": {
        "dmean": 6.66882944107,
        "dmean2": 10.981595993,
        "dvar": 26.8719329834,
        "dvar2": 68.035446167,
        "max": 56.5825119019,
        "mean": 33.0697441101,
        "median": 31.8418769836,
        "min": 10.7693061829,
        "var": 116.634498596
    },
    "hfc": {
        "dmean": 5.11670732498,
        "dmean2": 7.83187913895,
        "dvar": 92.210609436,
        "dvar2": 200.037719727,
        "max": 172.70085144,
        "mean": 19.2248535156,
        "median": 16.8555412292,
        "min": 1.14305961132,
        "var": 167.25213623
    },
    "melbands_crest": {
        "dmean": 3.75560712814,
        "dmean2": 6.13726854324,
        "dvar": 10.134344101,
        "dvar2": 23.8764781952,
        "max": 30.8973464966,
        "mean": 21.2662982941,
        "median": 22.2684402466,
        "min": 8.6224899292,
        "var": 32.5642700195
    },
    "melbands_flatness_db": {
        "dmean": 0.0323526263237,
        "dmean2": 0.0499153919518,
        "dvar": 0.000654290430248,
        "dvar2": 0.00167457340285,
        "max": 0.521836340427,
        "mean": 0.382422655821,
        "median": 0.37837049365,
        "min": 0.203549861908,
        "var": 0.00279294955544
    },
    "melbands_kurtosis": {
        "dmean": 14.4931411743,
        "dmean2": 23.4525814056,
        "dvar": 274.698730469,
        "dvar2": 766.407104492,
        "max": 148.941253662,
        "mean": 28.0362262726,
        "median": 15.0922737122,
        "min": -1.03191804886,
        "var": 896.618347168
    },
    "melbands_skewness": {
        "dmean": 1.06159090996,
        "dmean2": 1.67004978657,
        "dvar": 0.688662648201,
        "dvar2": 1.83517324924,
        "max": 9.74601364136,
        "mean": 4.11446285248,
        "median": 3.54746627808,
        "min": 0.697780966759,
        "var": 4.04120397568
    },
    "melbands_spread": {
        "dmean": 3.34780025482,
        "dmean2": 5.21560096741,
        "dvar": 15.8025016785,
        "dvar2": 34.584022522,
        "max": 63.0954780579,
        "mean": 8.41053199768,
        "median": 7.42376756668,
        "min": 0.877334177494,
        "var": 43.7224273682
    },
    "pitch_salience": {
        "dmean": 0.079090051353,
        "dmean2": 0.128540068865,
        "dvar": 0.00423613935709,
        "dvar2": 0.00979291833937,
        "max": 0.812551140785,
        "mean": 0.388254910707,
        "median": 0.404461085796,
        "min": 0.0845562666655,
        "var": 0.0101896999404
    },
    "silence_rate_20dB": {
        "dmean": 0,
        "dmean2": 0,
        "dvar": 0,
        "dvar2": 0,
        "max": 1,
        "mean": 1,
        "median": 1,
        "min": 1,
        "var": 0
    },
    "silence_rate_30dB": {
        "dmean": 0.113333337009,
        "dmean2": 0.227424755692,
        "dvar": 0.100488841534,
        "dvar2": 0.242592349648,
        "max": 1,
        "mean": 0.913621246815,
        "median": 1,
        "min": 0,
        "var": 0.0789174810052
    },
    "silence_rate_60dB": {
        "dmean": 0,
        "dmean2": 0,
        "dvar": 0,
        "dvar2": 0,
        "max": 0,
        "mean": 0,
        "median": 0,
        "min": 0,
        "var": 0
    },
    "spectral_centroid": {
        "dmean": 148.294723511,
        "dmean2": 238.262130737,
        "dvar": 20164.6347656,
        "dvar2": 46233.1054688,
        "max": 2043.48999023,
        "mean": 600.465698242,
        "median": 556.101867676,
        "min": 194.050323486,
        "var": 68546.6875
    },
    "spectral_complexity": {
        "dmean": 2.98333334923,
        "dmean2": 4.90635442734,
        "dvar": 7.28971338272,
        "dvar2": 17.5631275177,
        "max": 38,
        "mean": 15.8571424484,
        "median": 15,
        "min": 1,
        "var": 26.4679737091
    },
    "spectral_decrease": {
        "dmean": 6.32436769621e-09,
        "dmean2": 1.04586934668e-08,
        "dvar": 2.27898399993e-17,
        "dvar2": 5.84237798995e-17,
        "max": -1.15909049025e-09,
        "mean": -1.95154843396e-08,
        "median": -1.9850666888e-08,
        "min": -3.37825341035e-08,
        "var": 3.92266516527e-17
    },
    "spectral_energy": {
        "dmean": 0.0241976287216,
        "dmean2": 0.0400219745934,
        "dvar": 0.000333660136675,
        "dvar2": 0.000853112898767,
        "max": 0.132498860359,
        "mean": 0.0753995776176,
        "median": 0.0769404470921,
        "min": 0.00447835912928,
        "var": 0.000574371544644
    },
    "spectral_energyband_high": {
        "dmean": 1.42979806697e-05,
        "dmean2": 2.00906852115e-05,
        "dvar": 1.56293011866e-09,
        "dvar2": 2.81831935567e-09,
        "max": 0.000602639047429,
        "mean": 3.49567817466e-05,
        "median": 2.1745572667e-05,
        "min": 2.50996936302e-06,
        "var": 3.26096349923e-09
    },
    "spectral_energyband_low": {
        "dmean": 0.023653389886,
        "dmean2": 0.037827257067,
        "dvar": 0.00030651842826,
        "dvar2": 0.000808697892353,
        "max": 0.118141114712,
        "mean": 0.0517867170274,
        "median": 0.0499123185873,
        "min": 0.00258524296805,
        "var": 0.000742936914321
    },
    "spectral_energyband_middle_high": {
        "dmean": 0.0024143315386,
        "dmean2": 0.00356109556742,
        "dvar": 2.12678787648e-05,
        "dvar2": 4.5151613449e-05,
        "max": 0.075015231967,
        "mean": 0.00750323291868,
        "median": 0.00561089580879,
        "min": 0.00020516004588,
        "var": 5.24237075297e-05
    },
    "spectral_energyband_middle_low": {
        "dmean": 0.00951080117375,
        "dmean2": 0.0160764101893,
        "dvar": 8.50702854223e-05,
        "dvar2": 0.000271058088401,
        "max": 0.0774836391211,
        "mean": 0.0182130634785,
        "median": 0.0158419273794,
        "min": 0.00172020529862,
        "var": 0.00014065457799
    },
    "spectral_entropy": {
        "dmean": 0.175621315837,
        "dmean2": 0.287810355425,
        "dvar": 0.0254529416561,
        "dvar2": 0.0548508763313,
        "max": 8.85388946533,
        "mean": 6.77679920197,
        "median": 6.76080560684,
        "min": 6.12822341919,
        "var": 0.0618706308305
    },
    "spectral_flux": {
        "dmean": 0.0356762856245,
        "dmean2": 0.0579109527171,
        "dvar": 0.000709211977664,
        "dvar2": 0.0019577392377,
        "max": 0.28731149435,
        "mean": 0.117312736809,
        "median": 0.110646925867,
        "min": 0.0425671264529,
        "var": 0.00162343273405
    },
    "spectral_kurtosis": {
        "dmean": 6.44247770309,
        "dmean2": 11.6633243561,
        "dvar": 20.0931167603,
        "dvar2": 66.756149292,
        "max": 25.2928981781,
        "mean": 10.8734617233,
        "median": 10.2926092148,
        "min": 0.932684898376,
        "var": 32.1100578308
    },
    "spectral_rms": {
        "dmean": 0.00142919563223,
        "dmean2": 0.00236416817643,
        "dvar": 1.28494889395e-06,
        "dvar2": 3.13459008794e-06,
        "max": 0.0113695729524,
        "mean": 0.00845146644861,
        "median": 0.0086639393121,
        "min": 0.00209024664946,
        "var": 2.13326234189e-06
    },
    "spectral_rolloff": {
        "dmean": 176.787475586,
        "dmean2": 317.30847168,
        "dvar": 57162,
        "dvar2": 118152.976562,
        "max": 2282.51953125,
        "mean": 462.641723633,
        "median": 236.865234375,
        "min": 107.666015625,
        "var": 135239.03125
    },
    "spectral_skewness": {
        "dmean": 0.545194506645,
        "dmean2": 0.973823964596,
        "dvar": 0.149057149887,
        "dvar2": 0.478310525417,
        "max": 3.38265585899,
        "mean": 1.92458713055,
        "median": 1.90017747879,
        "min": 0.407687783241,
        "var": 0.274963855743
    },
    "spectral_spread": {
        "dmean": 285364.03125,
        "dmean2": 408055.5625,
        "dvar": 1.28734042522e+12,
        "dvar2": 606270652416,
        "max": 28032824,
        "mean": 2190935.75,
        "median": 2048401.5,
        "min": 1692082.875,
        "var": 2.49278155981e+12
    },
    "spectral_strongpeak": {
        "dmean": 0.339441269636,
        "dmean2": 0.557545483112,
        "dvar": 0.186210662127,
        "dvar2": 0.529192447662,
        "max": 4.59454584122,
        "mean": 0.895272493362,
        "median": 0.898024201393,
        "min": 0,
        "var": 0.177363455296
    },
    "zerocrossingrate": {
        "dmean": 0.00394693994895,
        "dmean2": 0.00515226554126,
        "dvar": 1.54566369019e-05,
        "dvar2": 2.21019199671e-05,
        "max": 0.072265625,
        "mean": 0.0184492450207,
        "median": 0.01806640625,
        "min": 0.00390625,
        "var": 8.40635257191e-05
    },
    "barkbands": {
        "dmean": [4.08710111515e-05, 0.016092306003, 0.0108603192493, 0.00268396199681, 0.00732627231628, 0.000191235114471, 0.000113748574222, 0.000796123640612, 0.00150550692342, 0.00146415049676, 0.000273265963187, 0.000336773780873, 8.97727513802e-05, 0.000221474372665, 0.000253472157056, 0.000575681799091, 0.000193595158635, 8.01855567261e-05, 5.90268318774e-05, 1.90879000002e-05, 9.03429554455e-06, 1.94382278096e-06, 3.9587774836e-07, 1.18267529103e-07, 4.82827893222e-08, 3.89032734915e-08, 3.55633602567e-08],
        "dmean2": [6.99611846358e-05, 0.0267596524209, 0.0170561689883, 0.00471876375377, 0.0126023832709, 0.000330425158609, 0.000189854341443, 0.00137558719143, 0.00258933962323, 0.00224740523845, 0.000424282363383, 0.000530714867637, 0.000124943864648, 0.000353115436155, 0.000394688046072, 0.000830594915897, 0.000327674759319, 0.000116992327094, 9.17786965147e-05, 2.82071068796e-05, 1.35471236717e-05, 3.07892560159e-06, 7.11382767804e-07, 1.75364135657e-07, 6.8906821582e-08, 5.37144302371e-08, 4.85543303341e-08],
        "dvar": [1.83921222696e-09, 0.000160843133926, 7.26947328076e-05, 6.94073651175e-06, 6.50708461762e-05, 2.8399921348e-07, 3.56568037319e-08, 7.32389082714e-07, 2.91989590551e-06, 2.94799906442e-06, 9.73703436102e-07, 2.14805552901e-07, 2.21158913405e-07, 1.20789323432e-07, 9.96809603748e-07, 7.97000848252e-06, 1.9053545941e-07, 2.44758719958e-08, 3.3009772693e-08, 8.26998824976e-09, 4.75851635873e-10, 8.64749851587e-12, 2.81880232047e-13, 1.89444027956e-13, 1.4227579889e-13, 1.3936875471e-13, 1.54139491427e-13],
        "dvar2": [4.16914636148e-09, 0.000435874069808, 0.000205879841815, 2.01497332455e-05, 0.000202072173124, 7.48789375393e-07, 6.64498429614e-08, 1.92218112716e-06, 7.63091975386e-06, 6.215729627e-06, 2.11245105675e-06, 4.57842673995e-07, 3.63570052286e-07, 2.62392205741e-07, 2.30512705457e-06, 1.75581280928e-05, 4.2991618443e-07, 5.11286302185e-08, 6.21880786866e-08, 1.80059949173e-08, 8.98691510098e-10, 1.79193153371e-11, 5.15038207395e-13, 2.45723309322e-13, 1.57958986603e-13, 1.54458368838e-13, 1.71478418487e-13],
        "max": [0.000444093981059, 0.0796334892511, 0.0696430876851, 0.0176170878112, 0.0543692111969, 0.0075590829365, 0.00319379777648, 0.00820542965084, 0.0136873535812, 0.0230386164039, 0.0152679784223, 0.00472440570593, 0.008978003636, 0.0039871679619, 0.0152022521943, 0.046080250293, 0.00547871598974, 0.00265627913177, 0.00302304839715, 0.00146222952753, 0.000303274020553, 4.23827186751e-05, 6.94747132002e-06, 6.66806818117e-06, 6.22639572612e-06, 6.13954443907e-06, 6.44568126518e-06],
        "mean": [5.85169109399e-05, 0.0270121656358, 0.023988166824, 0.00324459956028, 0.00993063021451, 0.000271345430519, 0.00014946104784, 0.00103826005943, 0.00198629847728, 0.00434204470366, 0.000340418278938, 0.00068526272662, 0.000118778800243, 0.000385555846151, 0.00036889736657, 0.000834028760437, 0.00033591708052, 0.000155413465109, 9.82878482318e-05, 3.00294068438e-05, 2.0298301024e-05, 4.45302612206e-06, 4.23739095368e-07, 2.41465187401e-07, 9.71565370378e-08, 5.61993509507e-08, 6.40837924948e-08],
        "median": [4.35688707512e-05, 0.0258782282472, 0.0237153433263, 0.00237665884197, 0.00780792767182, 0.000127552702907, 9.75638904492e-05, 0.000667979416903, 0.00138662115205, 0.00273865275085, 0.000146552440128, 0.000392348709283, 1.97399749595e-05, 0.00026058597723, 0.000199783913558, 0.00042770060827, 0.000195345870452, 0.000107438092527, 5.41525805602e-05, 1.39918192872e-05, 1.25531814774e-05, 3.20596677739e-06, 2.66989189868e-07, 1.62811147675e-07, 5.26099093179e-08, 1.64060409702e-08, 2.64962682905e-08],
        "min": [1.00617944554e-06, 0.00121106742881, 0.000382283353247, 2.39553974097e-05, 0.000583210203331, 1.25830665638e-05, 1.17076479e-05, 2.06428867386e-05, 8.03795774118e-05, 4.97379369335e-05, 1.12651141535e-05, 1.83703214134e-05, 1.65666006069e-06, 8.82795575308e-06, 1.06281813714e-05, 3.42993080267e-05, 2.62789617409e-05, 8.96643541637e-06, 1.89463992228e-06, 2.57444730778e-06, 1.1739520005e-06, 2.94225685593e-07, 3.78061315587e-08, 4.72599985812e-08, 1.03087618442e-08, 3.52504914147e-09, 1.06155138013e-08],
        "var": [3.05774161546e-09, 0.000260212196736, 0.00019906857051, 7.89206387708e-06, 7.49481987441e-05, 4.87780994263e-07, 5.6688588046e-08, 1.22464916785e-06, 4.18254239776e-06, 2.08139335882e-05, 1.16718365462e-06, 6.2476851781e-07, 4.91735022479e-07, 2.134747632e-07, 9.77534909907e-07, 8.89259808901e-06, 3.40399509469e-07, 4.67139855687e-08, 5.80890713309e-08, 1.10741895654e-08, 1.08129394327e-09, 1.93953724609e-11, 2.98371651821e-13, 2.20114074537e-13, 1.55601416084e-13, 1.53720853863e-13, 1.70214604672e-13]
    },
    "erbbands": {
        "dmean": [0.143205374479, 4.60163784027, 14.4837741852, 5.0693154335, 30.5817451477, 13.2653341293, 1.74259924889, 1.39368402958, 0.880247712135, 3.01180958748, 34.7759399414, 26.9429264069, 48.1934318542, 14.6656494141, 13.460062027, 8.88649749756, 3.39248251915, 5.48598718643, 15.7549982071, 19.8636322021, 28.4607257843, 11.4988508224, 3.79715180397, 4.17395734787, 1.91736698151, 0.99356341362, 0.422337293625, 0.303489118814, 0.0672563835979, 0.0160404536873, 0.0103618819267, 0.0035789005924, 0.00158533209469, 0.000658890407067, 0.000312592863338, 0.000173032429302, 6.98046351317e-05, 2.19996800297e-05, 1.44517580338e-05, 2.60157157754e-05],
        "dmean2": [0.242548957467, 7.55710840225, 22.3699073792, 8.87560367584, 52.3431968689, 23.586057663, 2.83814287186, 2.49437022209, 1.4814440012, 5.13519430161, 59.6774482727, 46.0516777039, 73.993560791, 22.8090209961, 20.9599456787, 13.4235620499, 4.66489028931, 9.03596496582, 24.4916725159, 34.0776367188, 44.6384124756, 19.9298973083, 5.45440340042, 6.27501964569, 3.0447614193, 1.51261174679, 0.633710622787, 0.442864656448, 0.104854129255, 0.026275690645, 0.0182835869491, 0.00559577252716, 0.00233059609309, 0.00093592191115, 0.000446516671218, 0.000240296576521, 9.51027395786e-05, 2.99297553283e-05, 2.2168716896e-05, 4.32263477705e-05],
        "dvar": [0.0187209360301, 12.648024559, 119.899391174, 19.8049583435, 996.646850586, 260.199829102, 10.0455026627, 11.330904007, 0.801622390747, 24.9366168976, 1473.85705566, 1118.84143066, 3183.48657227, 335.652435303, 913.877685547, 183.609176636, 251.814971924, 99.9647293091, 462.059753418, 21697.5390625, 18767.0683594, 955.798034668, 75.4742355347, 45.0129814148, 97.1321716309, 27.0569705963, 1.46690320969, 0.389835298061, 0.0152306221426, 0.00080196314957, 0.000202830720809, 0.000102608268207, 4.42064228992e-05, 1.80296265171e-05, 7.18790715837e-06, 2.22201106226e-06, 4.72422925668e-07, 6.00481513402e-08, 2.85144841072e-09, 3.85700443806e-10],
        "dvar2": [0.0488869361579, 35.101978302, 320.299072266, 59.2891197205, 3127.69555664, 780.233093262, 23.0745658875, 31.8917655945, 2.06459331512, 43.9311637878, 3747.79589844, 2790.8449707, 6865.29101562, 779.520568848, 2080.11572266, 317.907226562, 366.496948242, 251.806991577, 975.822753906, 42753.6289062, 50634.7773438, 2287.35742188, 146.081344604, 61.8509025574, 180.289398193, 64.2666778564, 2.75905823708, 0.792879641056, 0.0275035072118, 0.0014757810859, 0.000351773982402, 0.000143838202348, 5.33973252459e-05, 2.02110131795e-05, 7.94506649981e-06, 2.46073909693e-06, 5.2367971648e-07, 6.66945894068e-08, 3.11299985789e-09, 9.83521597497e-10],
        "max": [0.903660714626, 22.8770103455, 84.8033447266, 30.4168262482, 228.063354492, 112.896209717, 49.4683609009, 44.8489112854, 9.39427089691, 74.9588317871, 343.644165039, 353.393829346, 766.088623047, 196.949584961, 451.770904541, 211.63659668, 318.310882568, 134.31350708, 210.682235718, 2041.68347168, 2087.24609375, 424.524169922, 136.88343811, 95.7863693237, 156.529632568, 80.9575576782, 15.8369960785, 9.04014873505, 1.72978544235, 0.311158925295, 0.192724779248, 0.146642252803, 0.106197588146, 0.0699218437076, 0.04432060197, 0.0246114879847, 0.0113153029233, 0.00402339966968, 0.00092652143212, 0.000167639736901],
        "mean": [0.227822139859, 7.99059200287, 33.1236686707, 11.1346111298, 42.2483177185, 17.5870990753, 2.81009197235, 2.08997535706, 1.43093144894, 4.26347446442, 48.2329216003, 38.9389610291, 136.531723022, 41.1454124451, 25.9278793335, 18.2340297699, 5.92208242416, 9.65600395203, 29.4225635529, 27.5188503265, 41.6693725586, 19.3514709473, 8.20633411407, 8.63614559174, 3.29070305824, 1.49178099632, 0.80283588171, 0.757509529591, 0.177388578653, 0.0330168567598, 0.0125232283026, 0.00656869076192, 0.00325402803719, 0.00146703538485, 0.000559642154258, 0.000322433275869, 0.000110631604912, 3.30471993948e-05, 4.2974446842e-05, 8.41420333018e-05],
        "median": [0.191962346435, 7.62596035004, 32.6197090149, 10.6522912979, 33.146068573, 13.5779762268, 1.81941008568, 1.06754899025, 1.11530447006, 2.93609118462, 32.7971496582, 28.1670780182, 90.2946624756, 27.4319381714, 16.4388656616, 9.79839992523, 1.73081314564, 7.16549634933, 18.3543758392, 10.6953887939, 22.5225982666, 11.1700878143, 5.56113290787, 5.70979690552, 1.62395620346, 0.710896611214, 0.505454242229, 0.43571421504, 0.132905259728, 0.0250202585012, 0.00871928408742, 0.00438539450988, 0.00220007239841, 0.000923261453863, 0.000259574211668, 0.000152712775161, 4.04248166888e-05, 9.64630635281e-06, 3.8735975977e-05, 8.64125249791e-05],
        "min": [0.0113951740786, 0.273887634277, 0.88603490591, 1.03755021095, 2.01784300804, 0.8767619133, 0.30741161108, 0.180257931352, 0.189528211951, 0.260322809219, 1.33271634579, 1.73146831989, 1.62725234032, 1.02748119831, 1.13847327232, 0.70853048563, 0.246296301484, 0.406345963478, 0.701557517052, 0.34036013484, 1.67104446888, 1.31171178818, 0.57850009203, 0.285191386938, 0.103704728186, 0.122560337186, 0.0629418641329, 0.0341966450214, 0.01399966795, 0.00340831046924, 0.00121917529032, 0.00121925713029, 0.000597135629505, 0.000217942273594, 0.000101610014099, 5.97029211349e-05, 1.07574696813e-05, 3.51337644133e-06, 1.07040477815e-05, 2.06993590837e-05],
        "var": [0.0223890990019, 22.4593963623, 365.45690918, 23.3324050903, 1262.63720703, 252.911621094, 16.9188499451, 22.5106143951, 1.33453762531, 39.8711853027, 2478.43652344, 1700.11328125, 20051.8457031, 1688.59753418, 1248.7644043, 583.890075684, 771.48248291, 130.194580078, 1097.16210938, 23640.8554688, 16008.4804688, 1417.89343262, 164.328857422, 140.413665771, 141.251495361, 29.9101829529, 2.48744034767, 1.15271508694, 0.0385612025857, 0.0011974403169, 0.00022707147582, 0.000121755023429, 5.05723619426e-05, 1.99066362256e-05, 7.85418978921e-06, 2.44503280555e-06, 5.22999016539e-07, 6.63619061925e-08, 3.3306208902e-09, 6.70226818489e-10]
    },
    "gfcc": {
        "mean": [-52.2945022583, 197.988433838, -138.158370972, 35.9790267944, -5.74944162369, -1.96121323109, 6.57035303116, 5.74497079849, -5.04493427277, -29.9556255341, -30.0783004761, -22.3814258575, 2.97100877762],
        "cov": [[614.674804688, -58.7658195496, -294.685638428, -43.4300270081, -115.365531921, -32.1405487061, -38.5658912659, -18.0845165253, -54.7449607849, 6.59575128555, -23.9193820953, 21.474653244, 34.5605010986], [-58.7658195496, 144.346923828, 0.181515306234, -27.0561580658, 20.153213501, -14.5882310867, 53.2268409729, 0.675352990627, 18.2847099304, -20.0456180573, -1.00927603245, -23.9207706451, 11.0257472992], [-294.685638428, 0.181515306234, 275.988952637, 28.0959606171, 64.3489685059, 17.1169776917, 6.27872800827, 12.4977712631, 27.5189590454, 1.33819901943, 17.2739200592, 1.69805419445, -33.5084533691], [-43.4300270081, -27.0561580658, 28.0959606171, 72.1863555908, 40.3409881592, -3.33836841583, -11.1308050156, -13.5563049316, 9.72099304199, 1.94957947731, 9.67204856873, 5.04445314407, 5.18749856949], [-115.365531921, 20.153213501, 64.3489685059, 40.3409881592, 103.233192444, 14.570939064, 5.81522130966, -4.28790092468, 24.1308345795, 16.0895614624, 22.4968719482, -7.14120435715, -5.14652872086], [-32.1405487061, -14.5882310867, 17.1169776917, -3.33836841583, 14.570939064, 43.7238273621, 9.95582199097, -3.42186164856, -1.25114011765, -1.36461448669, 4.80687379837, 2.48615264893, -6.06440591812], [-38.5658912659, 53.2268409729, 6.27872800827, -11.1308050156, 5.81522130966, 9.95582199097, 60.3718605042, 19.6039867401, 9.41841125488, -7.75336742401, 0.810688197613, -11.3163022995, 1.67563664913], [-18.0845165253, 0.675352990627, 12.4977712631, -13.5563049316, -4.28790092468, -3.42186164856, 19.6039867401, 48.8488998413, 26.350479126, 2.06421089172, -4.12604188919, -4.77447366714, -4.87680435181], [-54.7449607849, 18.2847099304, 27.5189590454, 9.72099304199, 24.1308345795, -1.25114011765, 9.41841125488, 26.350479126, 64.1292037964, 19.8186645508, -8.71313762665, -16.297000885, -4.16041517258], [6.59575128555, -20.0456180573, 1.33819901943, 1.94957947731, 16.0895614624, -1.36461448669, -7.75336742401, 2.06421089172, 19.8186645508, 52.4839630127, 17.2108726501, -3.13600564003, -8.48107624054], [-23.9193820953, -1.00927603245, 17.2739200592, 9.67204856873, 22.4968719482, 4.80687379837, 0.810688197613, -4.12604188919, -8.71313762665, 17.2108726501, 50.3218383789, 19.6806793213, -8.67344284058], [21.474653244, -23.9207706451, 1.69805419445, 5.04445314407, -7.14120435715, 2.48615264893, -11.3163022995, -4.77447366714, -16.297000885, -3.13600564003, 19.6806793213, 40.4428024292, 10.9073066711], [34.5605010986, 11.0257472992, -33.5084533691, 5.18749856949, -5.14652872086, -6.06440591812, 1.67563664913, -4.87680435181, -4.16041517258, -8.48107624054, -8.67344284058, 10.9073066711, 39.07006073]],
        "icov": [[0.00416708132252, 0.00101083435584, 0.00388085562736, 0.000770950166043, 0.000995385809802, 0.00156888447236, 0.000236494539422, 0.000254350277828, 0.0011540238047, -0.0015396270901, 0.00162835419178, -0.00226179137826, 0.00043252640171], [0.00101083435584, 0.0463747419417, 0.000584340887144, 0.0366828329861, -0.0154383778572, 0.0355473123491, -0.0375848375261, 0.0406798645854, -0.0334802269936, 0.0342200733721, -0.0250430330634, 0.0169554855675, -0.0146069377661], [0.00388085562736, 0.000584340887144, 0.00883121788502, -0.000190338294487, -0.00202073995024, 0.00104401446879, -1.03296206362e-05, -0.000555367965717, -0.000264498026809, -8.75684690982e-06, 0.00282151508145, -0.00565067958087, 0.00600235536695], [0.000770950166043, 0.0366828329861, -0.000190338294487, 0.0506986528635, -0.0200228132308, 0.0325747542083, -0.0270086824894, 0.0391070879996, -0.0322133675218, 0.0311522446573, -0.0217015985399, 0.0102123850957, -0.0138069391251], [0.000995385809802, -0.0154383778572, -0.00202073995024, -0.0200228132308, 0.0252565816045, -0.0177378505468, 0.0130860460922, -0.0117140831426, 0.00675880117342, -0.0127980737016, -0.00203040498309, 0.00362383527681, -0.000568834482692], [0.00156888447236, 0.0355473123491, 0.00104401446879, 0.0325747542083, -0.0177378505468, 0.055863853544, -0.0355860628188, 0.0371367409825, -0.0259379353374, 0.0265085846186, -0.0145268626511, 0.00358584499918, -0.00358652393334], [0.000236494539422, -0.0375848375261, -1.03296206362e-05, -0.0270086824894, 0.0130860460922, -0.0355860628188, 0.0562756732106, -0.0433836579323, 0.0270775668323, -0.0214676894248, 0.0103730093688, -0.000475120526971, 0.00300470273942], [0.000254350277828, 0.0406798645854, -0.000555367965717, 0.0391070879996, -0.0117140831426, 0.0371367409825, -0.0433836579323, 0.0722184181213, -0.0472332015634, 0.0336531586945, -0.0217080973089, 0.00707994028926, -0.00679752836004], [0.0011540238047, -0.0334802269936, -0.000264498026809, -0.0322133675218, 0.00675880117342, -0.0259379353374, 0.0270775668323, -0.0472332015634, 0.0582158789039, -0.0393028110266, 0.0293780900538, -0.00781755894423, 0.00865679513663], [-0.0015396270901, 0.0342200733721, -8.75684690982e-06, 0.0311522446573, -0.0127980737016, 0.0265085846186, -0.0214676894248, 0.0336531586945, -0.0393028110266, 0.0573930367827, -0.0357290506363, 0.0199793055654, -0.0101248314604], [0.00162835419178, -0.0250430330634, 0.00282151508145, -0.0217015985399, -0.00203040498309, -0.0145268626511, 0.0103730093688, -0.0217080973089, 0.0293780900538, -0.0357290506363, 0.0607885159552, -0.0395105779171, 0.0251490045339], [-0.00226179137826, 0.0169554855675, -0.00565067958087, 0.0102123850957, 0.00362383527681, 0.00358584499918, -0.000475120526971, 0.00707994028926, -0.00781755894423, 0.0199793055654, -0.0395105779171, 0.0616293512285, -0.0295203533024], [0.00043252640171, -0.0146069377661, 0.00600235536695, -0.0138069391251, -0.000568834482692, -0.00358652393334, 0.00300470273942, -0.00679752836004, 0.00865679513663, -0.0101248314604, 0.0251490045339, -0.0295203533024, 0.0472550317645]]
    },
    "melbands": {
        "dmean": [0.00275970320217, 0.00708162924275, 0.00149376771878, 0.00187772593927, 7.13195477147e-05, 3.18377678923e-05, 1.59683568199e-05, 2.74844460364e-05, 0.000363653729437, 0.0001451853459, 0.000250126497122, 7.26086436771e-05, 4.63014112029e-05, 4.27759550803e-05, 1.31717615659e-05, 5.21196807313e-06, 1.13002279249e-05, 3.12972188112e-05, 1.62415108207e-05, 3.25484033965e-05, 3.58025718015e-05, 1.24254283946e-05, 6.13127349425e-06, 4.47383763458e-06, 3.66218273484e-06, 1.66217307651e-06, 1.09357870315e-06, 5.69707765408e-07, 2.28579594364e-07, 3.01331454011e-07, 1.39547282174e-07, 4.49768897681e-08, 1.61798023868e-08, 8.97754048879e-09, 7.76214736931e-09, 2.97840352381e-09, 1.98771465953e-09, 1.29310095964e-09, 7.2320022193e-10, 5.20273879534e-10],
        "dmean2": [0.00467266933993, 0.0111341625452, 0.00263603334315, 0.003245878499, 0.00011618759163, 5.64265246794e-05, 2.67712784989e-05, 4.71170715173e-05, 0.00062023953069, 0.000248070864473, 0.000383175618481, 0.000112806199468, 7.2432885645e-05, 6.72594323987e-05, 1.70580187842e-05, 8.41864221002e-06, 1.88565154531e-05, 4.87191537104e-05, 2.69198098977e-05, 5.64324182051e-05, 5.91805110162e-05, 2.1174972062e-05, 9.82373967418e-06, 6.73294653097e-06, 5.64715355722e-06, 2.4889868655e-06, 1.69183704202e-06, 8.88527779352e-07, 3.34754901132e-07, 4.57321050362e-07, 2.0583092919e-07, 7.11819225785e-08, 2.47779698981e-08, 1.62479256716e-08, 1.41620812855e-08, 4.80850781415e-09, 3.07158876112e-09, 1.93919502678e-09, 1.05045316889e-09, 7.47927053624e-10],
        "dvar": [5.43994838154e-06, 2.66509468929e-05, 2.02340424948e-06, 4.37488279204e-06, 8.63716032029e-09, 6.75687550356e-09, 3.66432995058e-10, 2.18906026639e-09, 1.59286443591e-07, 3.3090451268e-08, 8.62756053266e-08, 7.22663928698e-09, 2.04819574634e-08, 2.5883231114e-09, 3.74941055981e-09, 3.24216264946e-10, 5.34361888072e-10, 1.65984337386e-09, 1.00566781569e-08, 2.91026456267e-08, 4.36380247493e-08, 1.0100141834e-09, 2.01489741558e-10, 7.2059504197e-11, 3.40212719108e-11, 6.40820174702e-11, 3.01283824278e-11, 7.56250964629e-12, 4.88811573683e-13, 5.65957274535e-13, 5.4325044219e-14, 5.66267613854e-15, 1.08452033924e-15, 1.4156157245e-16, 8.8239981535e-17, 4.95936731826e-17, 3.63520997624e-17, 2.3254406138e-17, 1.56637021832e-17, 1.20415138496e-17],
        "dvar2": [1.43389916047e-05, 6.99293232174e-05, 6.11150790064e-06, 1.36407452374e-05, 2.07468993096e-08, 1.86376940547e-08, 8.40159608551e-10, 3.95307386825e-09, 4.08648645589e-07, 8.2206561558e-08, 1.84726999919e-07, 1.6812068182e-08, 4.55484148176e-08, 6.00044547383e-09, 4.42667458245e-09, 6.01869831751e-10, 1.38034172981e-09, 3.67634722664e-09, 1.97845224648e-08, 5.7023868294e-08, 1.23832293752e-07, 2.57646970425e-09, 4.40209563246e-10, 1.59224786134e-10, 5.62129370829e-11, 1.31340868736e-10, 6.04053682074e-11, 1.84210442039e-11, 1.03642777954e-12, 1.09704931771e-12, 1.16698100835e-13, 1.10622689259e-14, 1.9646759805e-15, 2.81327170354e-16, 1.78096234282e-16, 7.48607387911e-17, 5.14356125009e-17, 2.88955066003e-17, 1.79142008952e-17, 1.34260801917e-17],
        "max": [0.0135038867593, 0.0377112999558, 0.0109945833683, 0.0142858056352, 0.0013206503354, 0.00106233824044, 0.000279947096715, 0.000670405337587, 0.00345767149702, 0.00189932622015, 0.00397001579404, 0.000987417064607, 0.00219242763706, 0.000582489941735, 0.00122592353728, 0.000301634659991, 0.000299620674923, 0.000346258690115, 0.00146152894013, 0.00224336236715, 0.00297212740406, 0.000406023435062, 0.000235981569858, 0.000134730580612, 8.15347229945e-05, 0.00013248391042, 8.69265204528e-05, 4.15586400777e-05, 9.62746617006e-06, 1.01966261354e-05, 3.75433410227e-06, 1.12593170343e-06, 4.24391743081e-07, 1.37242338383e-07, 1.11819304038e-07, 9.748669072e-08, 8.65459028887e-08, 7.60880638495e-08, 6.44994813115e-08, 5.72586316139e-08],
        "mean": [0.00456857169047, 0.0153729468584, 0.00315862568095, 0.00251635420136, 0.000113095695269, 4.70049417345e-05, 2.41064426518e-05, 3.67404209101e-05, 0.000500216556247, 0.000193266532733, 0.000709816929884, 0.000209061952773, 7.18806113582e-05, 8.92786410986e-05, 2.15137170017e-05, 7.55895962357e-06, 1.64249722729e-05, 5.71745731577e-05, 2.12234608625e-05, 4.98143963341e-05, 4.78749461763e-05, 1.95577049453e-05, 1.07731702883e-05, 7.7560362115e-06, 7.2155817179e-06, 2.70161831395e-06, 1.64372454492e-06, 8.11073903151e-07, 3.96228699628e-07, 5.99520831202e-07, 3.61880495348e-07, 1.06838193403e-07, 3.50798678994e-08, 1.10026521227e-08, 7.83067566346e-09, 4.6392436559e-09, 3.6972342965e-09, 2.47409159826e-09, 1.5257917152e-09, 1.0623750768e-09],
        "median": [0.00421979604289, 0.0147718926892, 0.0028428947553, 0.00199564942159, 7.33688939363e-05, 2.28790286201e-05, 1.8119770175e-05, 2.55712202488e-05, 0.000338276120601, 0.000128258834593, 0.000468167389045, 0.000134919042466, 4.17178198404e-05, 5.41927474842e-05, 4.84796282763e-06, 3.06883930534e-06, 1.08523136078e-05, 3.4678450902e-05, 8.91656145541e-06, 2.50398370554e-05, 2.44208495133e-05, 1.09497577796e-05, 6.63645641907e-06, 4.84736301587e-06, 4.88226214657e-06, 1.31399337988e-06, 7.30676845251e-07, 4.0128333012e-07, 2.36295491618e-07, 3.52482658172e-07, 2.33635091718e-07, 7.81321389809e-08, 2.43264537403e-08, 7.37457472866e-09, 4.88971085844e-09, 3.24899485094e-09, 2.44286257889e-09, 1.63349123117e-09, 9.93079174449e-10, 6.31557250941e-10],
        "min": [0.000244539987762, 0.000439987838035, 0.000282883178443, 0.000143396813655, 7.51789730202e-06, 3.23647759615e-06, 2.94719484373e-06, 1.1319996247e-06, 1.28386272991e-05, 9.09543450689e-06, 7.93733670434e-06, 4.1487960516e-06, 3.70160159946e-06, 2.04660454983e-06, 7.94536788362e-07, 2.28718008088e-07, 6.82022232468e-07, 1.08206882032e-06, 4.81565905375e-07, 7.32170008177e-07, 1.73148202975e-06, 1.04432490389e-06, 7.97342181613e-07, 3.79287854457e-07, 2.17148297565e-07, 5.56962973519e-08, 1.0326503741e-07, 4.27883648513e-08, 3.20619975014e-08, 3.58429623759e-08, 1.54960648757e-08, 7.85287213034e-09, 2.80165513011e-09, 9.29415988615e-10, 6.2941579726e-10, 6.70169142403e-10, 6.97385149628e-10, 4.39668551566e-10, 2.24932988901e-10, 1.02011121772e-10],
        "var": [7.30615738576e-06, 7.54900975153e-05, 2.30945511248e-06, 4.86251792609e-06, 1.61374824614e-08, 1.28816903811e-08, 5.85035131451e-10, 3.42623307503e-09, 2.656436493e-07, 4.80491983978e-08, 5.53529787339e-07, 4.54808173345e-08, 2.40939126428e-08, 9.32602706172e-09, 1.25158026165e-08, 6.74687861135e-10, 6.05363814632e-10, 4.04536226739e-09, 1.11905604783e-08, 3.32819283244e-08, 3.14925365785e-08, 1.49390833037e-09, 3.50083934064e-10, 1.27021948515e-10, 9.48173831117e-11, 8.9546162152e-11, 4.15970695389e-11, 7.87544855718e-12, 6.80030901382e-13, 1.19349441354e-12, 1.89930197763e-13, 1.31372845003e-14, 1.9813019667e-15, 1.50725846899e-16, 8.91100828952e-17, 5.68070256138e-17, 4.34363723133e-17, 2.68815368757e-17, 1.75616515551e-17, 1.32085068752e-17]
    },
    "mfcc": {
        "mean": [-692.83605957, 219.010116577, -43.867565155, 53.702331543, 10.7500066757, 12.1236829758, 13.9714574814, 28.9965057373, 34.8553390503, 6.05196142197, -4.53335618973, -11.7000894547, -15.9124660492],
        "cov": [[816.014892578, -84.8097839355, -295.132415771, -40.7163200378, -158.749771118, -27.8392391205, -59.2900772095, -46.9315032959, -35.3381500244, -37.8581542969, -66.5557403564, -13.3037014008, -45.1856231689], [-84.8097839355, 147.744842529, 11.8822946548, -10.8681097031, -11.1720294952, -12.9454593658, 25.1588077545, 10.5359725952, 31.7524089813, 10.704875946, 21.4220504761, -6.16134929657, -0.319074302912], [-295.132415771, 11.8822946548, 189.580093384, 11.8452939987, 50.1839408875, 6.43887710571, 8.57426357269, 26.8812885284, -4.92953205109, 11.2169828415, 21.2843132019, 2.92215037346, 18.9811229706], [-40.7163200378, -10.8681097031, 11.8452939987, 62.3016395569, 39.1182594299, 4.46753978729, 3.6627368927, -8.0439414978, 5.82743740082, 0.0504218563437, 3.1864361763, 9.30606079102, 5.35273265839], [-158.749771118, -11.1720294952, 50.1839408875, 39.1182594299, 105.573181152, 24.7264671326, 6.08919620514, -5.13282299042, -5.6574473381, 11.7709350586, 12.779173851, 18.757068634, 26.1868171692], [-27.8392391205, -12.9454593658, 6.43887710571, 4.46753978729, 24.7264671326, 52.7052726746, 10.4039773941, -2.68349790573, -4.64300394058, -2.28266191483, 0.534182786942, 0.772920787334, 2.13139081001], [-59.2900772095, 25.1588077545, 8.57426357269, 3.6627368927, 6.08919620514, 10.4039773941, 58.2707099915, 5.93443870544, -11.6661844254, -2.41283726692, 4.62594604492, 8.22028064728, 6.10396289825], [-46.9315032959, 10.5359725952, 26.8812885284, -8.0439414978, -5.13282299042, -2.68349790573, 5.93443870544, 61.4243621826, 7.96873855591, 3.97096037865, -3.45292592049, -15.8533468246, 0.425352215767], [-35.3381500244, 31.7524089813, -4.92953205109, 5.82743740082, -5.6574473381, -4.64300394058, -11.6661844254, 7.96873855591, 64.9382553101, 22.4254989624, 9.53030204773, -8.12132930756, -10.1128311157], [-37.8581542969, 10.704875946, 11.2169828415, 0.0504218563437, 11.7709350586, -2.28266191483, -2.41283726692, 3.97096037865, 22.4254989624, 51.9646911621, 20.8113174438, -4.83931398392, -0.956828832626], [-66.5557403564, 21.4220504761, 21.2843132019, 3.1864361763, 12.779173851, 0.534182786942, 4.62594604492, -3.45292592049, 9.53030204773, 20.8113174438, 53.2099876404, 17.0550003052, 2.3444621563], [-13.3037014008, -6.16134929657, 2.92215037346, 9.30606079102, 18.757068634, 0.772920787334, 8.22028064728, -15.8533468246, -8.12132930756, -4.83931398392, 17.0550003052, 46.6600112915, 22.1450004578], [-45.1856231689, -0.319074302912, 18.9811229706, 5.35273265839, 26.1868171692, 2.13139081001, 6.10396289825, 0.425352215767, -10.1128311157, -0.956828832626, 2.3444621563, 22.1450004578, 45.2734146118]],
