{
"lowlevel": {
    "average_loudness": 0.983057081699,
    "barkbands_crest": {
        "dmean": 3.24627494812,
        "dmean2": 5.47834920883,
        "dvar": 5.84071969986,
        "dvar2": 15.3238449097,
        "max": 24.7022438049,
        "mean": 15.7003946304,
        "median": 16.4026508331,
        "min": 6.0265789032,
        "var": 15.6235485077
    },
    "barkbands_flatness_db": {
        "dmean": 0.0319299697876,
        "dmean2": 0.0526473894715,
        "dvar": 0.000722647819202,
        "dvar2": 0.00192215200514,
        "max": 0.403211414814,
        "mean": 0.297676235437,
        "median": 0.302471667528,
        "min": 0.102384082973,
        "var": 0.00217816210352
    },
    "barkbands_kurtosis": {
        "dmean": 9.49961566925,
        "dmean2": 15.686126709,
        "dvar": 72.4908752441,
        "dvar2": 184.029937744,
        "max": 90.5049667358,
        "mean": 21.2384033203,
        "median": 18.1956138611,
        "min": 1.65734815598,
        "var": 156.534927368
    },
    "barkbands_skewness": {
        "dmean": 0.92973023653,
        "dmean2": 1.5457675457,
        "dvar": 0.548330664635,
        "dvar2": 1.35193824768,
        "max": 7.69041252136,
        "mean": 3.56377530098,
        "median": 3.38526296616,
        "min": 1.34941613674,
        "var": 1.14197778702
    },
    "barkbands_spread": {
        "dmean": 1.97210240364,
        "dmean2": 3.32602310181,
        "dvar": 6.70301532745,
        "dvar2": 18.0729217529,
        "max": 37.7714042664,
        "mean": 4.39282178879,
        "median": 3.57774853706,
        "min": 0.866405904293,
        "var": 9.89362621307
    },
    "dissonance": {
        "dmean": 0.02199129574,
        "dmean2": 0.0374618917704,
        "dvar": 0.000317043246469,
        "dvar2": 0.000887460424565,
        "max": 0.498201578856,
        "mean": 0.457225173712,
        "median": 0.458924025297,
        "min": 0.376499772072,
        "var": 0.000495436426718
    },
    "dynamic_complexity": 0.962915301323,
    "erbbands_crest": {
        "dmean": 3.49443054199,
        "dmean2": 6.17679834366,
        "dvar": 9.46385383606,
        "dvar2": 25.5350551605,
        "max": 23.4821681976,
        "mean": 9.85230827332,
        "median": 8.87516117096,
        "min": 3.03286480904,
        "var": 20.5188140869
    },
    "erbbands_flatness_db": {
        "dmean": 0.0187475867569,
        "dmean2": 0.031739756465,
        "dvar": 0.000272485427558,
        "dvar2": 0.000691523368005,
        "max": 0.313473522663,
        "mean": 0.216049537063,
        "median": 0.21453255415,
        "min": 0.0809462964535,
        "var": 0.000955263560172
    },
    "erbbands_kurtosis": {
        "dmean": 1.62392985821,
        "dmean2": 2.79214906693,
        "dvar": 3.09406781197,
        "dvar2": 9.07565784454,
        "max": 11.6356678009,
        "mean": 0.600255906582,
        "median": -0.197958469391,
        "min": -1.67291522026,
        "var": 5.32330369949
    },
    "erbbands_skewness": {
        "dmean": 0.563167452812,
        "dmean2": 0.96907633543,
        "dvar": 0.213366180658,
        "dvar2": 0.592349469662,
        "max": 3.31885409355,
        "mean": 1.06623589993,
        "median": 0.993719518185,
        "min": -0.60218167305,
        "var": 0.515731871128
    },
    "erbbands_spread": {
        "dmean": 9.7611656189,
        "dmean2": 16.1374435425,
        "dvar": 60.4293174744,
        "dvar2": 163.110870361,
        "max": 90.1845245361,
        "mean": 37.6455001831,
        "median": 38.2449798584,
        "min": 11.4145088196,
        "var": 137.29901123
    },
    "hfc": {
        "dmean": 2.5828704834,
        "dmean2": 4.39124965668,
        "dvar": 6.62278366089,
        "dvar2": 18.5143814087,
        "max": 30.0477085114,
        "mean": 9.85300159454,
        "median": 8.94692516327,
        "min": 3.34869170189,
        "var": 14.1102390289
    },
    "melbands_crest": {
        "dmean": 3.56639122963,
        "dmean2": 6.10828018188,
        "dvar": 8.20234966278,
        "dvar2": 21.0799045563,
        "max": 28.4884548187,
        "mean": 18.6748523712,
        "median": 18.7478752136,
        "min": 9.59593296051,
        "var": 14.4871368408
    },
    "melbands_flatness_db": {
        "dmean": 0.035773884505,
        "dmean2": 0.0587946139276,
        "dvar": 0.000926593726035,
        "dvar2": 0.00244029005989,
        "max": 0.524031281471,
        "mean": 0.410019904375,
        "median": 0.41581055522,
        "min": 0.160954862833,
        "var": 0.0026959143579
    },
    "melbands_kurtosis": {
        "dmean": 18.5191421509,
        "dmean2": 30.7749652863,
        "dvar": 234.581176758,
        "dvar2": 597.63067627,
        "max": 146.884262085,
        "mean": 46.8859519958,
        "median": 43.1193733215,
        "min": 7.92163658142,
        "var": 501.906402588
    },
    "melbands_skewness": {
        "dmean": 1.17974150181,
        "dmean2": 1.95406341553,
        "dvar": 0.854516029358,
        "dvar2": 2.20650720596,
        "max": 9.64286994934,
        "mean": 4.95055484772,
        "median": 4.74880456924,
        "min": 2.16674423218,
        "var": 1.71203565598
    },
    "melbands_spread": {
        "dmean": 1.50329935551,
        "dmean2": 2.49963712692,
        "dvar": 3.46887326241,
        "dvar2": 9.10350131989,
        "max": 20.8983879089,
        "mean": 3.29637813568,
        "median": 2.59375691414,
        "min": 0.977156221867,
        "var": 5.17931842804
    },
    "pitch_salience": {
        "dmean": 0.106948487461,
        "dmean2": 0.182252317667,
        "dvar": 0.00709300627932,
        "dvar2": 0.0188059285283,
        "max": 0.696934461594,
        "mean": 0.446999490261,
        "median": 0.451111614704,
        "min": 0.149798944592,
        "var": 0.0132400579751
    },
    "silence_rate_20dB": {
        "dmean": 0,
        "dmean2": 0,
        "dvar": 0,
        "dvar2": 0,
        "max": 1,
        "mean": 1,
        "median": 1,
        "min": 1,
        "var": 0
    },
    "silence_rate_30dB": {
        "dmean": 0.00851063802838,
        "dmean2": 0.0170575696975,
        "dvar": 0.00843823608011,
        "dvar2": 0.0252953395247,
        "max": 1,
        "mean": 0.993630588055,
        "median": 1,
        "min": 0,
        "var": 0.00632883375511
    },
    "silence_rate_60dB": {
        "dmean": 0,
        "dmean2": 0,
        "dvar": 0,
        "dvar2": 0,
        "max": 0,
        "mean": 0,
        "median": 0,
        "min": 0,
        "var": 0
    },
    "spectral_centroid": {
        "dmean": 109.447044373,
        "dmean2": 190.314208984,
        "dvar": 16091.7910156,
        "dvar2": 42563.1953125,
        "max": 1661.5213623,
        "mean": 383.917449951,
        "median": 335.713409424,
        "min": 202.550796509,
        "var": 27591.5351562
    },
    "spectral_complexity": {
        "dmean": 2.63617014885,
        "dmean2": 4.35820913315,
        "dvar": 6.25697517395,
        "dvar2": 16.4430942535,
        "max": 35,
        "mean": 11.0403394699,
        "median": 10,
        "min": 4,
        "var": 15.3465652466
    },
    "spectral_decrease": {
        "dmean": 4.72799266404e-09,
        "dmean2": 8.09934252999e-09,
        "dvar": 1.40929341764e-17,
        "dvar2": 4.23884105779e-17,
        "max": -2.26542673509e-09,
        "mean": -1.53331001229e-08,
        "median": -1.58897393021e-08,
        "min": -3.26667048967e-08,
        "var": 2.18986604227e-17
    },
    "spectral_energy": {
        "dmean": 0.018021101132,
        "dmean2": 0.0308906957507,
        "dvar": 0.00020547209715,
        "dvar2": 0.000617770652752,
        "max": 0.125752642751,
        "mean": 0.0587642081082,
        "median": 0.0607280470431,
        "min": 0.00886882096529,
        "var": 0.000319027458318
    },
    "spectral_energyband_high": {
        "dmean": 1.90838782146e-05,
        "dmean2": 2.74999129033e-05,
        "dvar": 2.18627640436e-08,
        "dvar2": 4.33814584255e-08,
        "max": 0.00288579333574,
        "mean": 3.0452183637e-05,
        "median": 1.0481992831e-05,
        "min": 1.98425004783e-06,
        "var": 3.42171944112e-08
    },
    "spectral_energyband_low": {
        "dmean": 0.0155764827505,
        "dmean2": 0.0260244924575,
        "dvar": 0.000158235561685,
        "dvar2": 0.000439811614342,
        "max": 0.0913179889321,
        "mean": 0.0378422066569,
        "median": 0.0398173592985,
        "min": 0.00104983849451,
        "var": 0.000366109132301
    },
    "spectral_energyband_middle_high": {
        "dmean": 0.000395198148908,
        "dmean2": 0.000632639043033,
        "dvar": 2.14398284015e-07,
        "dvar2": 5.45965917809e-07,
        "max": 0.00556169031188,
        "mean": 0.000906130124349,
        "median": 0.000727605249267,
        "min": 6.606754323e-05,
        "var": 5.52345795768e-07
    },
    "spectral_energyband_middle_low": {
        "dmean": 0.0110628474504,
        "dmean2": 0.0189584046602,
        "dvar": 0.000156773763592,
        "dvar2": 0.000450839957921,
        "max": 0.122943751514,
        "mean": 0.0209215339273,
        "median": 0.0147539302707,
        "min": 0.00279141636565,
        "var": 0.000364221079508
    },
    "spectral_entropy": {
        "dmean": 0.265266597271,
        "dmean2": 0.445399820805,
        "dvar": 0.0454362332821,
        "dvar2": 0.124480485916,
        "max": 8.17944145203,
        "mean": 6.59539270401,
        "median": 6.6013469696,
        "min": 5.56069755554,
        "var": 0.141487285495
    },
    "spectral_flux": {
        "dmean": 0.0352300591767,
        "dmean2": 0.0596892461181,
        "dvar": 0.000788281322457,
        "dvar2": 0.00190399074927,
        "max": 0.221900254488,
        "mean": 0.10922973603,
        "median": 0.106630779803,
        "min": 0.033577542752,
        "var": 0.00146134663373
    },
    "spectral_kurtosis": {
        "dmean": 6.13669347763,
        "dmean2": 10.7092075348,
        "dvar": 24.972322464,
        "dvar2": 71.4922714233,
        "max": 37.0418510437,
        "mean": 14.0968093872,
        "median": 12.8853111267,
        "min": 0.808799982071,
        "var": 49.5475349426
    },
    "spectral_rms": {
        "dmean": 0.00121545477305,
        "dmean2": 0.00208525243215,
        "dvar": 9.90755665953e-07,
        "dvar2": 2.94704773296e-06,
        "max": 0.0110763488337,
        "mean": 0.00747483875602,
        "median": 0.00769719900563,
        "min": 0.00294151459821,
        "var": 1.45774401972e-06
    },
    "spectral_rolloff": {
        "dmean": 69.7767486572,
        "dmean2": 120.38394165,
        "dvar": 15966.2480469,
        "dvar2": 44137.1289062,
        "max": 1658.05664062,
        "mean": 220.26940918,
        "median": 215.33203125,
        "min": 107.666015625,
        "var": 12241.9755859
    },
    "spectral_skewness": {
        "dmean": 0.537893891335,
        "dmean2": 0.924722194672,
        "dvar": 0.180521145463,
        "dvar2": 0.519290626049,
        "max": 4.4028801918,
        "mean": 2.48261928558,
        "median": 2.43653821945,
        "min": 0.786742627621,
        "var": 0.403823763132
    },
    "spectral_spread": {
        "dmean": 300692.5,
        "dmean2": 495526.1875,
        "dvar": 597361295360,
        "dvar2": 764666445824,
        "max": 16747721,
        "mean": 2318301.25,
        "median": 2193514.5,
        "min": 1425172.25,
        "var": 772622712832
    },
    "spectral_strongpeak": {
        "dmean": 0.263847619295,
        "dmean2": 0.446777671576,
        "dvar": 0.0689804702997,
        "dvar2": 0.186117187142,
        "max": 2.83737921715,
        "mean": 0.777367770672,
        "median": 0.675873637199,
        "min": 0.0904936864972,
        "var": 0.203459784389
    },
    "zerocrossingrate": {
        "dmean": 0.00295773777179,
        "dmean2": 0.00408011581749,
        "dvar": 8.28247993923e-06,
        "dvar2": 1.18342804853e-05,
        "max": 0.06201171875,
        "mean": 0.0134282531217,
        "median": 0.0126953125,
        "min": 0.00390625,
        "var": 3.28327987518e-05
    },
    "barkbands": {
        "dmean": [6.52772505418e-05, 0.0133189428598, 0.00477728853002, 0.00358637492172, 0.00866123847663, 0.000826776784379, 0.000539254047908, 0.000273084006039, 0.000196569759282, 5.8410994825e-05, 4.45044279331e-05, 3.54785734089e-05, 1.32835075419e-05, 0.000138970019179, 5.13912746101e-05, 0.000130196800455, 8.3999511844e-05, 2.852495345e-05, 1.39639651024e-05, 5.09071105625e-06, 7.09042160452e-06, 2.79967252936e-06, 3.17700732921e-06, 1.97377653421e-06, 1.53368569045e-06, 6.39625795884e-07, 2.18214246672e-08],
        "dmean2": [0.00010407868831, 0.0217900909483, 0.00798743683845, 0.0059567950666, 0.0153042832389, 0.00140619452577, 0.00092514778953, 0.000489069148898, 0.000342126499163, 9.68125896179e-05, 7.56600711611e-05, 5.66468661418e-05, 2.20582842303e-05, 0.000222880058573, 8.71942465892e-05, 0.000220799294766, 0.000143875324284, 4.72123683721e-05, 2.2284933948e-05, 8.48955460242e-06, 1.0901288988e-05, 4.10707434639e-06, 4.44620263806e-06, 3.10991322294e-06, 2.36057394432e-06, 1.00072941223e-06, 2.6479474613e-08],
        "dvar": [1.98198595314e-08, 0.000118587013276, 2.00590293389e-05, 1.7038986698e-05, 9.85167280305e-05, 8.44384487664e-07, 2.86299041363e-07, 1.74236490125e-07, 8.68129461651e-08, 1.33300304128e-08, 9.67506874616e-09, 1.1681088985e-08, 3.36438599202e-10, 3.62476093585e-08, 3.07528558174e-09, 2.582380354e-08, 1.18198206778e-08, 1.45500433923e-09, 7.14951320369e-10, 5.20049114883e-10, 2.26655494373e-09, 3.07718489578e-10, 1.08010300703e-09, 4.37559571909e-10, 2.20171450516e-10, 2.90061950153e-11, 7.04293529963e-14],
        "dvar2": [4.11106597653e-08, 0.000328454712871, 4.81663919345e-05, 4.41888732894e-05, 0.000278087478364, 2.32971888181e-06, 8.18224236809e-07, 4.97269525113e-07, 2.49161558941e-07, 3.03000646795e-08, 2.49545539788e-08, 3.21512523271e-08, 8.68512095575e-10, 7.47328954276e-08, 8.03039323927e-09, 7.1419954395e-08, 3.28900675584e-08, 4.34023528229e-09, 1.55731116891e-09, 1.00377128831e-09, 5.3415001311e-09, 4.73218630948e-10, 2.04558148198e-09, 7.54722673246e-10, 4.19685841635e-10, 6.73431241327e-11, 7.11849470428e-14],
        "max": [0.00199597794563, 0.0701096877456, 0.0339544788003, 0.0291186235845, 0.11085961014, 0.00721031939611, 0.00469088740647, 0.00380560266785, 0.00336333154701, 0.00189184804913, 0.0017297983868, 0.00141604850069, 0.000228746212088, 0.00356582878157, 0.000546092982404, 0.00138977461029, 0.000824665825348, 0.000511711696163, 0.000438281829702, 0.000404908292694, 0.000914543226827, 0.000358120742021, 0.000633371528238, 0.000385470222682, 0.00026320386678, 8.37955376483e-05, 5.62588502362e-06],
        "mean": [7.86697055446e-05, 0.0293193403631, 0.00752071617171, 0.00426729256287, 0.0140563957393, 0.00113381736446, 0.000843903631903, 0.000334037613356, 0.000260837230599, 7.65163204051e-05, 6.77861171425e-05, 4.60359551653e-05, 2.17130509554e-05, 0.000218287299504, 8.28397678561e-05, 0.00020198263519, 0.00011763011571, 5.79127845413e-05, 2.42429778154e-05, 9.11219922273e-06, 1.03347701952e-05, 5.2799932746e-06, 4.50995230494e-06, 2.63921947408e-06, 1.80919892045e-06, 7.15142846275e-07, 3.76174291716e-08],
        "median": [2.82771943603e-05, 0.0297225825489, 0.0063650761731, 0.00254085636698, 0.00876820180565, 0.000885273038875, 0.000666348263621, 0.000221240872634, 0.00016175780911, 4.67462705274e-05, 4.13605775975e-05, 1.97005629161e-05, 1.5129699932e-05, 0.000141332522617, 6.44383471808e-05, 0.000145378566231, 8.18538173917e-05, 4.17168012063e-05, 1.3321350707e-05, 3.84478744309e-06, 4.56980114905e-06, 1.81643815722e-06, 6.27598524261e-07, 2.7194855079e-07, 1.08574347735e-07, 1.07097363866e-07, 1.95973388628e-08],
        "min": [3.21983748108e-07, 0.000486968870973, 6.41140359221e-05, 0.000109912507469, 0.000602647021879, 7.29974926799e-05, 7.70146143623e-05, 1.53528490046e-05, 9.16629596759e-06, 3.57883936886e-06, 3.06763922708e-06, 2.00481190404e-06, 1.50308449065e-06, 9.07333378564e-06, 4.92839217259e-06, 1.16017954497e-05, 9.02019201021e-06, 3.68128939954e-06, 1.62233936862e-06, 6.10268727996e-07, 7.11293978384e-07, 2.41651747501e-07, 1.48368400232e-07, 5.46540803725e-08, 3.02350322556e-08, 3.38713803671e-08, 5.65656943508e-09],
        "var": [2.96737976413e-08, 0.000273306039162, 3.33432180923e-05, 2.09684385482e-05, 0.000281340500806, 9.94320203063e-07, 4.27434116546e-07, 1.48762993035e-07, 9.51395406901e-08, 1.879741518e-08, 1.39575444535e-08, 1.52258099462e-08, 5.86583226436e-10, 6.96987925153e-08, 4.72474948054e-09, 3.59729277477e-08, 1.30688411204e-08, 2.94811575152e-09, 1.88881643659e-09, 1.08579900626e-09, 2.57986809693e-09, 7.92886867274e-10, 1.73815761784e-09, 6.69954480781e-10, 2.97165014818e-10, 3.03936147084e-11, 7.03197333804e-14]
    },
    "erbbands": {
        "dmean": [0.156971052289, 3.64385032654, 7.3089017868, 5.35786485672, 34.6937599182, 23.0064868927, 6.70212888718, 6.85772895813, 6.62107992172, 6.84608888626, 7.50106859207, 4.21704244614, 1.92790961266, 2.21725416183, 1.50115430355, 1.20057284832, 0.621720075607, 3.13073849678, 6.25743055344, 4.41596889496, 6.13252878189, 4.68145847321, 1.85286414623, 1.2813065052, 0.396374791861, 0.241621807218, 0.266361355782, 0.239820867777, 0.109899148345, 0.109862536192, 0.0901867896318, 0.0479234643281, 0.0342372134328, 0.0219834949821, 0.00917277764529, 0.00420983321965, 0.000827163283248, 7.52261184971e-05, 1.07212399598e-05, 1.95501979761e-05],
        "dmean2": [0.263615339994, 5.94447088242, 12.3721723557, 9.05786418915, 60.3652000427, 40.7654724121, 11.5407838821, 11.6623811722, 11.4053297043, 11.9136295319, 13.6149072647, 7.31888008118, 3.25055408478, 3.76049804688, 2.47148728371, 1.95735931396, 1.01121580601, 5.20909929276, 9.87365055084, 7.40312051773, 10.7593688965, 7.97478628159, 3.12455105782, 2.09124732018, 0.686668813229, 0.410448670387, 0.396847039461, 0.374017626047, 0.162533551455, 0.161036461592, 0.137179777026, 0.067157573998, 0.0499404072762, 0.0318431481719, 0.0142225511372, 0.00648643448949, 0.00129654572811, 0.000117204370326, 1.66512345459e-05, 3.34681462846e-05],
        "dvar": [0.0285639539361, 8.72090148926, 41.7192649841, 35.2803993225, 1841.58605957, 446.829711914, 42.8931045532, 60.9601516724, 59.7386016846, 51.566192627, 176.28163147, 36.6116676331, 5.91763305664, 17.7377300262, 27.1553535461, 12.3646774292, 0.669935703278, 13.1133747101, 67.1201400757, 32.1565551758, 77.0033340454, 31.827922821, 6.30745458603, 2.61876583099, 1.78917682171, 1.25433695316, 2.47032046318, 2.72683024406, 0.367813766003, 1.23245036602, 0.877315580845, 0.205950707197, 0.1242364645, 0.0474828742445, 0.00683300802484, 0.00128290755674, 4.99085617776e-05, 3.64371686601e-07, 1.52271162346e-09, 2.50196668938e-10],
        "dvar2": [0.0857006385922, 24.1480102539, 104.766181946, 94.029335022, 5258.18847656, 1272.22766113, 120.078048706, 172.10168457, 169.301940918, 144.316375732, 515.976623535, 101.59664917, 15.0605373383, 44.2232322693, 70.952796936, 34.1768112183, 1.77240395546, 31.5817070007, 139.912506104, 87.5074157715, 206.728775024, 89.7233963013, 18.5855770111, 5.7828950882, 4.99284934998, 2.45942807198, 5.38406705856, 6.60377168655, 0.47415882349, 2.36948752403, 1.97843337059, 0.32747220993, 0.24621514976, 0.100939072669, 0.0120799569413, 0.0026509410236, 0.000128306332044, 9.28015936097e-07, 1.75652192791e-09, 7.35677574415e-10],
        "max": [1.41912102699, 19.4827308655, 44.3728942871, 51.466960907, 399.137390137, 219.85168457, 45.9998703003, 61.7563285828, 76.8160629272, 64.5200958252, 139.436737061, 63.0374717712, 27.5164451599, 62.0685462952, 89.1630020142, 48.662727356, 9.7587928772, 48.5115776062, 158.942077637, 55.2207565308, 75.699508667, 38.5447998047, 29.6452083588, 25.5330638885, 18.1176109314, 18.9574127197, 30.9351863861, 31.5041828156, 13.3111686707, 21.5142421722, 18.1726226807, 9.46324157715, 6.69971227646, 4.0800409317, 1.46883749962, 0.526522397995, 0.119764566422, 0.00994565151632, 0.000818581378553, 0.000138087372761],
        "mean": [0.31405749917, 8.05092334747, 14.1374616623, 8.56323337555, 49.0364112854, 36.3552856445, 11.5229892731, 9.7170791626, 10.392706871, 10.2781467438, 8.82055473328, 5.69786691666, 3.02166008949, 2.93098020554, 2.45848536491, 1.68691313267, 1.12559843063, 5.20513677597, 10.4387569427, 7.34890127182, 9.44375514984, 6.97585773468, 3.4789378643, 2.41917657852, 0.658037245274, 0.430336773396, 0.433434426785, 0.344063699245, 0.199276670814, 0.163766950369, 0.121615350246, 0.0618395023048, 0.0416665002704, 0.0239123180509, 0.0110918702558, 0.00489910272881, 0.00092437886633, 7.85973243183e-05, 3.21442967106e-05, 6.47612250759e-05],
        "median": [0.28903311491, 8.19822597504, 13.6619024277, 6.44223356247, 25.0918712616, 26.5013198853, 9.58613872528, 6.89100122452, 7.76882553101, 8.13929843903, 5.48980426788, 3.73133444786, 2.14471840858, 1.71379518509, 1.29590570927, 0.754660487175, 0.822479009628, 3.81195068359, 7.2737994194, 5.45580768585, 6.67778873444, 4.97541809082, 2.66929864883, 1.66207897663, 0.306184738874, 0.165458679199, 0.21149533987, 0.152025029063, 0.0783288553357, 0.0227714199573, 0.0185913182795, 0.00824769120663, 0.00337916845456, 0.00140052021015, 0.000758811773267, 0.000636712182313, 0.00017363599909, 1.31151673486e-05, 3.00310694001e-05, 6.65181796649e-05],
        "min": [0.00379952997901, 0.154274135828, 0.499400764704, 1.00474238396, 1.1022772789, 2.63197684288, 1.28877425194, 0.943823575974, 1.14513421059, 0.674529075623, 0.748397231102, 0.364925593138, 0.199551388621, 0.22039693594, 0.132722109556, 0.0935306921601, 0.0809113532305, 0.218384131789, 0.468956589699, 0.477869361639, 0.555183053017, 0.456357657909, 0.288682729006, 0.175377056003, 0.0459411218762, 0.0272700991482, 0.0309488102794, 0.0225709173828, 0.0115296831354, 0.00510612456128, 0.00381255266257, 0.00183684099466, 0.000719088828191, 0.000374167662812, 0.000175805340405, 0.000198558729608, 4.78010842926e-05, 4.00633234676e-06, 5.7771808315e-06, 1.01524628917e-05],
        "var": [0.0446705669165, 20.4079227448, 76.371925354, 41.8176765442, 4533.79541016, 989.317321777, 50.2440910339, 74.7548751831, 83.8894500732, 62.1117286682, 137.349594116, 42.3046836853, 9.42380332947, 20.6039638519, 35.0375900269, 16.7401180267, 1.24489688873, 25.0861549377, 130.764083862, 47.8773422241, 85.4282608032, 37.714931488, 9.79615306854, 7.60963535309, 3.02974867821, 2.57591032982, 3.53844738007, 2.94600367546, 0.954198241234, 2.0524251461, 1.23233127594, 0.339648127556, 0.17180813849, 0.0587487854064, 0.00988852139562, 0.00151028390974, 4.6509965614e-05, 3.31021027478e-07, 1.574007924e-09, 3.79154013741e-10]
    },
    "gfcc": {
        "mean": [-72.6504364014, 186.362106323, -95.4855957031, 44.9247779846, -12.8860006332, -11.2804832458, -34.1593818665, -3.05525016785, 0.96820473671, -8.38251113892, -17.9112949371, -8.38404846191, -2.28083562851],
        "cov": [[626.085021973, -279.793304443, -183.466751099, 8.53511333466, -164.957092285, 71.1854705811, -16.0175247192, 54.141620636, -78.1480865479, 33.1240692139, -56.9844093323, 9.52128791809, -35.0711288452], [-279.793304443, 278.264160156, 6.37676715851, -39.0312347412, 110.833000183, -96.663482666, 36.8523674011, -38.5317764282, 56.3527297974, -37.6883010864, 22.6982746124, -19.4425926208, 22.7996425629], [-183.466751099, 6.37676715851, 254.707824707, 27.4859199524, 14.8368520737, 27.9995155334, -23.9127826691, -4.15195226669, 24.2957782745, 14.7002420425, 32.2247886658, 18.1693496704, 7.34972953796], [8.53511333466, -39.0312347412, 27.4859199524, 60.0671424866, 10.9520702362, 18.5698108673, 8.81374740601, 11.0325193405, 3.36376833916, 6.63157367706, 14.6113204956, 12.3014717102, 9.28190612793], [-164.957092285, 110.833000183, 14.8368520737, 10.9520702362, 117.218772888, -9.89564418793, 30.5450763702, -11.9401884079, 29.1308383942, -6.27182006836, 30.2154712677, 4.2614941597, 21.6785545349], [71.1854705811, -96.663482666, 27.9995155334, 18.5698108673, -9.89564418793, 109.248664856, 15.6125497818, 29.3487071991, -8.88882637024, 33.9865570068, 25.4812393188, 30.3557777405, 8.70114707947], [-16.0175247192, 36.8523674011, -23.9127826691, 8.81374740601, 30.5450763702, 15.6125497818, 66.7983322144, 20.0331764221, 2.80021810532, -1.82767283916, 22.2019786835, 12.103178978, 18.0184135437], [54.141620636, -38.5317764282, -4.15195226669, 11.0325193405, -11.9401884079, 29.3487071991, 20.0331764221, 62.2961769104, 15.1681995392, 16.4354114532, 9.06364440918, 22.3594055176, 2.61100149155], [-78.1480865479, 56.3527297974, 24.2957782745, 3.36376833916, 29.1308383942, -8.88882637024, 2.80021810532, 15.1681995392, 59.614818573, 15.3247652054, 6.38248157501, 3.16646337509, 2.84263157845], [33.1240692139, -37.6883010864, 14.7002420425, 6.63157367706, -6.27182006836, 33.9865570068, -1.82767283916, 16.4354114532, 15.3247652054, 49.8970069885, 15.7274551392, 14.9211387634, -2.73350906372], [-56.9844093323, 22.6982746124, 32.2247886658, 14.6113204956, 30.2154712677, 25.4812393188, 22.2019786835, 9.06364440918, 6.38248157501, 15.7274551392, 54.4298095703, 29.3880214691, 14.4958600998], [9.52128791809, -19.4425926208, 18.1693496704, 12.3014717102, 4.2614941597, 30.3557777405, 12.103178978, 22.3594055176, 3.16646337509, 14.9211387634, 29.3880214691, 51.6227149963, 17.4365787506], [-35.0711288452, 22.7996425629, 7.34972953796, 9.28190612793, 21.6785545349, 8.70114707947, 18.0184135437, 2.61100149155, 2.84263157845, -2.73350906372, 14.4958600998, 17.4365787506, 37.2694396973]],
        "icov": [[0.00582021381706, 0.00115799123887, 0.0036872101482, -0.00230414606631, 0.00412294594571, -0.00151160848327, -0.000182043251698, -0.00214821984991, 0.00392482150346, -0.00331202987581, 0.00403782865033, -0.00199704011902, 0.00162997830193], [0.00115799123887, 0.0310418605804, -0.00130875466857, 0.020968016237, -0.0105044683442, 0.0187452509999, -0.0151067506522, 0.0118781663477, -0.0241597406566, 0.0124479420483, -0.0169073883444, 0.00533454725519, -0.00782299041748], [0.0036872101482, -0.00130875466857, 0.0077860346064, -0.00464636459947, 0.00387156684883, -0.0039781825617, 0.00438917707652, -0.000922342354897, 0.00106805225369, -0.00125518254936, -0.000182727104402, -0.0013692798093, 0.00104964955244], [-0.00230414606631, 0.020968016237, -0.00464636459947, 0.035272821784, -0.0109490314499, 0.0124757494777, -0.0105821229517, 0.00637190183625, -0.0176086593419, 0.0100347362459, -0.015448179096, 0.00482363533229, -0.00890724454075], [0.00412294594571, -0.0105044683442, 0.00387156684883, -0.0109490314499, 0.0230315830559, -0.00816606823355, 0.000381443387596, 0.000596055237111, 0.00239612837322, -0.00289239152335, 0.00114388961811, -0.000929277390242, 0.00014770461712], [-0.00151160848327, 0.0187452509999, -0.0039781825617, 0.0124757494777, -0.00816606823355, 0.028409589082, -0.0115869771689, 0.0033518509008, -0.00892667938024, -0.00135608611163, -0.0124419592321, 0.00136851915158, -0.00694768223912], [-0.000182043251698, -0.0151067506522, 0.00438917707652, -0.0105821229517, 0.000381443387596, -0.0115869771689, 0.0338816940784, -0.0159853696823, 0.0140154547989, -0.00169414130505, -0.00115801685024, 0.00270473444834, -0.00394546473399], [-0.00214821984991, 0.0118781663477, -0.000922342354897, 0.00637190183625, 0.000596055237111, 0.0033518509008, -0.0159853696823, 0.0350986346602, -0.022771243006, 0.00642244471237, -0.00482561113313, -0.00793061964214, 0.00124228629284], [0.00392482150346, -0.0241597406566, 0.00106805225369, -0.0176086593419, 0.00239612837322, -0.00892667938024, 0.0140154547989, -0.022771243006, 0.0521787330508, -0.0255056135356, 0.0211552157998, -0.00430425396189, 0.00609250646085], [-0.00331202987581, 0.0124479420483, -0.00125518254936, 0.0100347362459, -0.00289239152335, -0.00135608611163, -0.00169414130505, 0.00642244471237, -0.0255056135356, 0.0424723885953, -0.019368018955, 0.00195626332425, 0.00106320064515], [0.00403782865033, -0.0169073883444, -0.000182727104402, -0.015448179096, 0.00114388961811, -0.0124419592321, -0.00115801685024, -0.00482561113313, 0.0211552157998, -0.019368018955, 0.0536318533123, -0.0226758588105, 0.00787836778909], [-0.00199704011902, 0.00533454725519, -0.0013692798093, 0.00482363533229, -0.000929277390242, 0.00136851915158, 0.00270473444834, -0.00793061964214, -0.00430425396189, 0.00195626332425, -0.0226758588105, 0.0413959249854, -0.0166806299239], [0.00162997830193, -0.00782299041748, 0.00104964955244, -0.00890724454075, 0.00014770461712, -0.00694768223912, -0.00394546473399, 0.00124228629284, 0.00609250646085, 0.00106320064515, 0.00787836778909, -0.0166806299239, 0.0428722091019]]
    },
    "melbands": {
        "dmean": [0.00254603894427, 0.00420364411548, 0.00184130587149, 0.00223882030696, 0.000319997780025, 0.000152440014062, 0.000103865066194, 6.36597251287e-05, 6.42783197691e-05, 2.45610372076e-05, 9.60559282248e-06, 8.97549489309e-06, 5.35773324373e-06, 4.70295344712e-06, 2.14749638872e-06, 1.05836352304e-06, 7.3213250289e-06, 1.33070707307e-05, 4.44745364803e-06, 8.50541346153e-06, 7.07045319359e-06, 4.95020140079e-06, 3.32660624736e-06, 1.13461749152e-06, 1.11986821594e-06, 3.56016641945e-07, 1.96974070832e-07, 1.66993501693e-07, 1.35244334842e-07, 2.30998097095e-07, 1.18067113419e-07, 7.02364744143e-08, 4.49701751393e-08, 6.84106993276e-08, 6.1981602073e-08, 3.05259213462e-08, 2.99908080592e-08, 2.45069138316e-08, 1.80403230132e-08, 2.02876471178e-08],
        "dmean2": [0.00418880814686, 0.00710105476901, 0.00314658763818, 0.00395711138844, 0.000551836274099, 0.000259564258158, 0.000177772511961, 0.000109929576865, 0.000116452800285, 4.24243771704e-05, 1.62073429237e-05, 1.51971526066e-05, 8.93553533388e-06, 7.42395150155e-06, 3.67992379324e-06, 1.72072157056e-06, 1.23072295537e-05, 2.09335412364e-05, 7.50579783926e-06, 1.45261283251e-05, 1.23476784211e-05, 8.40031589178e-06, 5.71905320612e-06, 1.93192090592e-06, 1.79462790584e-06, 6.1849686972e-07, 3.38835889124e-07, 2.83382860289e-07, 2.12129251054e-07, 3.63551919236e-07, 1.83524988984e-07, 1.03897903614e-07, 6.96329749417e-08, 1.04460774253e-07, 9.88007045066e-08, 3.88277570096e-08, 4.39011706987e-08, 3.9847812161e-08, 2.58418744181e-08, 2.99368778656e-08],
        "dvar": [4.71383964395e-06, 1.30312964757e-05, 4.30477575719e-06, 6.4598643803e-06, 8.01791557592e-08, 2.8867569668e-08, 1.30101849294e-08, 4.63951765894e-09, 1.39414346734e-08, 1.13793763301e-09, 1.59894750218e-10, 3.33491567694e-10, 2.3829943574e-10, 2.58142340837e-10, 1.19859426204e-11, 3.31150146367e-12, 7.33196905967e-11, 3.45784151312e-10, 2.44108396691e-11, 1.22311549777e-10, 1.20771573298e-10, 3.40554945355e-11, 2.397430518e-11, 2.958928675e-12, 2.02956380001e-12, 1.17205052087e-12, 6.38750228925e-13, 6.09650459456e-13, 6.36301775159e-13, 1.88639316841e-12, 7.82992594373e-13, 1.19138761898e-13, 1.34580606208e-13, 5.32076824006e-13, 4.33892776309e-13, 6.43634451292e-14, 8.60115540531e-14, 7.11510521724e-14, 2.9707444458e-14, 4.19267688601e-14],
        "dvar2": [1.33763105623e-05, 3.40469450748e-05, 1.18233992907e-05, 1.82347957889e-05, 2.29915187333e-07, 8.13947735878e-08, 3.73928834563e-08, 1.29815989069e-08, 4.13638936436e-08, 3.09506864582e-09, 3.9461317547e-10, 8.30352286929e-10, 6.24753859757e-10, 6.9941719083e-10, 3.42085075544e-11, 7.06498574921e-12, 1.69784214465e-10, 7.08537561955e-10, 6.43153585944e-11, 3.35468652857e-10, 3.31407401521e-10, 9.49530315486e-11, 6.91571314104e-11, 8.92918898543e-12, 4.49145278261e-12, 3.26757588001e-12, 1.49145778193e-12, 1.21417079949e-12, 1.3931357153e-12, 4.4028717304e-12, 1.94077024417e-12, 1.44018653882e-13, 2.41563523741e-13, 9.98150347098e-13, 1.05450153817e-12, 8.53872365609e-14, 1.44091281875e-13, 1.26974060606e-13, 6.91053253033e-14, 9.16743623288e-14],
        "max": [0.0172095112503, 0.0244466755539, 0.013736218214, 0.0284691173583, 0.00176240399014, 0.00136575778015, 0.00112717458978, 0.000652446120512, 0.0013109795982, 0.000359289027983, 0.000146209757077, 0.000278540392173, 0.000277583429124, 0.000199189162231, 4.10579450545e-05, 2.89395775326e-05, 0.000118498152005, 0.000358680117643, 4.966540655e-05, 0.000110948036308, 9.5918054285e-05, 4.31669650425e-05, 3.96556206397e-05, 2.41713387368e-05, 2.43546437559e-05, 1.56109927048e-05, 1.25981096062e-05, 1.34306310429e-05, 1.57079102792e-05, 2.60307369899e-05, 1.68215192389e-05, 7.62548415878e-06, 7.04827380105e-06, 1.38110817716e-05, 1.26335253299e-05, 5.66823018744e-06, 6.00457087785e-06, 4.80848029838e-06, 3.26957751895e-06, 3.80213873541e-06],
        "mean": [0.0056605678983, 0.00932618323714, 0.00274571054615, 0.00356180081144, 0.000533318961971, 0.000214272542507, 0.000163053351571, 9.85227452475e-05, 7.20098832971e-05, 3.31741357513e-05, 1.43197676152e-05, 1.14631457109e-05, 8.55605412653e-06, 6.15736053078e-06, 3.14484714181e-06, 1.78579705334e-06, 1.16866413009e-05, 2.1020647182e-05, 7.15566420695e-06, 1.31693277581e-05, 1.00955048765e-05, 7.18380397302e-06, 5.04174249727e-06, 2.26883184951e-06, 1.97889653464e-06, 5.40454664133e-07, 3.13739008106e-07, 2.79622639709e-07, 2.29957890951e-07, 3.21430235317e-07, 1.60597977583e-07, 1.21380125506e-07, 8.30287589793e-08, 9.34202617486e-08, 7.73468897819e-08, 4.29935091972e-08, 3.63925387603e-08, 3.15535153561e-08, 2.07571435595e-08, 2.06555714755e-08],
        "median": [0.00570231489837, 0.00948544871062, 0.00178240402602, 0.00217248289846, 0.000438794610091, 0.000156297159265, 0.000123809397337, 7.6172502304e-05, 4.12551853515e-05, 2.15771069634e-05, 1.00133411252e-05, 6.58889894112e-06, 4.94167215948e-06, 2.35248853642e-06, 2.02409114536e-06, 1.14694648801e-06, 8.27473832032e-06, 1.37497499964e-05, 5.43964006283e-06, 8.85277859197e-06, 6.90685465088e-06, 5.17193166161e-06, 3.67878305951e-06, 1.75739978658e-06, 1.30855153202e-06, 2.48449566698e-07, 1.07446133768e-07, 1.05183801224e-07, 1.12773918204e-07, 1.42839127193e-07, 6.27953511412e-08, 5.37880957552e-08, 1.61137840848e-08, 9.75736380582e-09, 1.1319146509e-08, 6.77896627721e-09, 4.20414725255e-09, 2.44944176053e-09, 1.61521651609e-09, 9.72934399712e-10],
        "min": [7.82619754318e-05, 0.000257356587099, 0.000206530297874, 0.000178195914486, 5.11694524903e-05, 1.82183975994e-05, 1.63225995493e-05, 5.35434583071e-06, 4.36862546849e-06, 1.46708430293e-06, 7.88570332588e-07, 6.64142817186e-07, 4.5680093308e-07, 2.5734806286e-07, 1.8457954809e-07, 8.40318676865e-08, 5.24013273662e-07, 9.13339079034e-07, 4.5182397912e-07, 8.41172891342e-07, 5.59962927582e-07, 4.35657426578e-07, 3.44671832408e-07, 1.48881596829e-07, 1.24729680806e-07, 3.20982174173e-08, 1.19850556146e-08, 1.61816711142e-08, 1.64032343264e-08, 1.79736030503e-08, 8.10935230078e-09, 6.24854123998e-09, 3.42335892967e-09, 2.11102868519e-09, 2.04534345016e-09, 1.51512036251e-09, 7.46274819718e-10, 4.5538545157e-10, 2.76835443458e-10, 2.19696788539e-10],
        "var": [1.07452297016e-05, 2.6315343348e-05, 7.00585815139e-06, 1.8021055439e-05, 1.28368654373e-07, 3.61755425615e-08, 1.85579249745e-08, 5.65560398513e-09, 1.0656545868e-08, 1.38173539277e-09, 2.50714671246e-10, 3.71784131259e-10, 3.29666821619e-10, 3.34693467385e-10, 1.45953197445e-11, 6.5475953652e-12, 1.39679809386e-10, 6.50102860433e-10, 3.89211163299e-11, 1.78891193525e-10, 1.18589388309e-10, 4.27264473801e-11, 2.41824303637e-11, 4.97783064768e-12, 5.75986263893e-12, 1.96074016398e-12, 1.25381606139e-12, 1.17960545845e-12, 9.99747485318e-13, 2.06045683987e-12, 8.13081481484e-13, 2.8461171679e-13, 3.26363231145e-13, 8.16190105953e-13, 5.3226829411e-13, 1.3502583383e-13, 1.29768713678e-13, 1.03961212198e-13, 3.68444966377e-14, 4.84086241145e-14]
    },
    "mfcc": {
        "mean": [-725.037414551, 212.908233643, -4.76041221619, 61.2958145142, 32.8052482605, 11.8184089661, -15.5285568237, 6.15307569504, 12.2680768967, 2.30276465416, 0.0509687140584, 0.923271417618, -9.77539730072],
        "cov": [[806.47253418, -337.26864624, -130.557495117, -94.3281326294, -154.097229004, -25.5376625061, 19.0754547119, -2.07292318344, 6.46503353119, 4.02079820633, -31.2909526825, -6.80944061279, -5.39317083359], [-337.26864624, 319.084197998, -56.4945983887, 56.5744781494, 44.4174499512, -16.8187084198, -25.2316074371, -1.14418721199, 9.85338687897, -6.64525270462, 8.37606430054, 5.80296182632, -19.2184047699], [-130.557495117, -56.4945983887, 226.127410889, -8.93977642059, 35.6785049438, 19.6933441162, -8.18921852112, 0.439127117395, -20.3042201996, 8.60518455505, 16.620136261, -0.153464913368, 21.1770801544], [-94.3281326294, 56.5744781494, -8.93977642059, 77.8481826782, 22.2728748322, -9.90855407715, -6.50797367096, 0.124699257314, 7.2856965065, -4.38806581497, -0.23268084228, 4.38171482086, -5.20724391937], [-154.097229004, 44.4174499512, 35.6785049438, 22.2728748322, 78.1281890869, 22.7373313904, -2.83834290504, 3.36810517311, -0.934475958347, 0.873534142971, 14.6039505005, 6.58264923096, 10.8450593948], [-25.5376625061, -16.8187084198, 19.6933441162, -9.90855407715, 22.7373313904, 55.4461135864, 22.2641296387, -1.19543254375, -3.19451594353, -0.577000021935, 7.19673299789, 9.36455345154, 14.5035877228], [19.0754547119, -25.2316074371, -8.18921852112, -6.50797367096, -2.83834290504, 22.2641296387, 85.9112548828, 19.2970161438, -3.08610296249, -10.1184101105, -6.77340888977, 9.79656028748, 31.7338619232], [-2.07292318344, -1.14418721199, 0.439127117395, 0.124699257314, 3.36810517311, -1.19543254375, 19.2970161438, 46.6412696838, 12.6538505554, -3.61297297478, 3.20290637016, 10.2637910843, 16.1718044281], [6.46503353119, 9.85338687897, -20.3042201996, 7.2856965065, -0.934475958347, -3.19451594353, -3.08610296249, 12.6538505554, 41.0658874512, 10.7193498611, -1.22443127632, 3.83611249924, 2.51009678841], [4.02079820633, -6.64525270462, 8.60518455505, -4.38806581497, 0.873534142971, -0.577000021935, -10.1184101105, -3.61297297478, 10.7193498611, 40.5186309814, 15.3565893173, -5.65206050873, -9.25799751282], [-31.2909526825, 8.37606430054, 16.620136261, -0.23268084228, 14.6039505005, 7.19673299789, -6.77340888977, 3.20290637016, -1.22443127632, 15.3565893173, 40.8525314331, 14.8603754044, 3.12184619904], [-6.80944061279, 5.80296182632, -0.153464913368, 4.38171482086, 6.58264923096, 9.36455345154, 9.79656028748, 10.2637910843, 3.83611249924, -5.65206050873, 14.8603754044, 39.3848648071, 23.0423927307], [-5.39317083359, -19.2184047699, 21.1770801544, -5.20724391937, 10.8450593948, 14.5035877228, 31.7338619232, 16.1718044281, 2.51009678841, -9.25799751282, 3.12184619904, 23.0423927307, 57.6173362732]],
