{
"lowlevel": {
    "average_loudness": 0.982465326786,
    "barkbands_crest": {
        "dmean": 2.3466732502,
        "dmean2": 4.04644823074,
        "dvar": 4.69616699219,
        "dvar2": 13.8857221603,
        "max": 18.6672782898,
        "mean": 7.4705286026,
        "median": 6.8706870079,
        "min": 2.85463190079,
        "var": 5.6890335083
    },
    "barkbands_flatness_db": {
        "dmean": 0.0202876329422,
        "dmean2": 0.0336529500782,
        "dvar": 0.000248397700489,
        "dvar2": 0.000675293151289,
        "max": 0.218497976661,
        "mean": 0.133762344718,
        "median": 0.130594834685,
        "min": 0.0457489043474,
        "var": 0.000479493144667
    },
    "barkbands_kurtosis": {
        "dmean": 1.27286040783,
        "dmean2": 2.1752474308,
        "dvar": 1.45850241184,
        "dvar2": 3.68972015381,
        "max": 6.3744468689,
        "mean": 0.361856341362,
        "median": -0.100905418396,
        "min": -1.68803870678,
        "var": 2.46371769905
    },
    "barkbands_skewness": {
        "dmean": 0.513070762157,
        "dmean2": 0.849159300327,
        "dvar": 0.162080049515,
        "dvar2": 0.420571863651,
        "max": 2.49827814102,
        "mean": 0.95587348938,
        "median": 0.924284636974,
        "min": -0.63245177269,
        "var": 0.330333858728
    },
    "barkbands_spread": {
        "dmean": 3.84521389008,
        "dmean2": 6.45892190933,
        "dvar": 9.71009731293,
        "dvar2": 25.506149292,
        "max": 34.3256111145,
        "mean": 21.7468185425,
        "median": 21.3823223114,
        "min": 10.7182340622,
        "var": 19.2170982361
    },
    "dissonance": {
        "dmean": 0.0195197574794,
        "dmean2": 0.0317344479263,
        "dvar": 0.000267889845418,
        "dvar2": 0.00066407333361,
        "max": 0.49856325984,
        "mean": 0.465279221535,
        "median": 0.467394649982,
        "min": 0.352079927921,
        "var": 0.000377326534363
    },
    "dynamic_complexity": 0.683241426945,
    "erbbands_crest": {
        "dmean": 2.87896609306,
        "dmean2": 4.98831415176,
        "dvar": 6.80288219452,
        "dvar2": 18.3313865662,
        "max": 23.8225898743,
        "mean": 9.69265651703,
        "median": 8.45731544495,
        "min": 3.81811714172,
        "var": 17.7459430695
    },
    "erbbands_flatness_db": {
        "dmean": 0.0189209263772,
        "dmean2": 0.0309694502503,
        "dvar": 0.0002364647371,
        "dvar2": 0.000635901349597,
        "max": 0.243142619729,
        "mean": 0.178062528372,
        "median": 0.175546780229,
        "min": 0.129550486803,
        "var": 0.000441759562818
    },
    "erbbands_kurtosis": {
        "dmean": 0.633115410805,
        "dmean2": 1.11428010464,
        "dvar": 0.833117365837,
        "dvar2": 2.32326793671,
        "max": 6.40508651733,
        "mean": -0.292898505926,
        "median": -0.564104318619,
        "min": -1.36419951916,
        "var": 0.904094278812
    },
    "erbbands_skewness": {
        "dmean": 0.363453447819,
        "dmean2": 0.592839479446,
        "dvar": 0.0947879850864,
        "dvar2": 0.252328068018,
        "max": 0.917616724968,
        "mean": -0.339893937111,
        "median": -0.340172916651,
        "min": -2.230686903,
        "var": 0.208130732179
    },
    "erbbands_spread": {
        "dmean": 5.81462049484,
        "dmean2": 9.12803268433,
        "dvar": 18.6566486359,
        "dvar2": 55.0468940735,
        "max": 44.5395126343,
        "mean": 29.0199375153,
        "median": 29.0082263947,
        "min": 9.57489871979,
        "var": 44.1359405518
    },
    "hfc": {
        "dmean": 11.6069278717,
        "dmean2": 18.4310951233,
        "dvar": 106.808586121,
        "dvar2": 277.309936523,
        "max": 87.9737472534,
        "mean": 34.975151062,
        "median": 33.2300224304,
        "min": 1.07282280922,
        "var": 159.971237183
    },
    "melbands_crest": {
        "dmean": 4.94191265106,
        "dmean2": 8.22740936279,
        "dvar": 13.9176330566,
        "dvar2": 31.9004745483,
        "max": 25.3672027588,
        "mean": 13.8114814758,
        "median": 13.2242355347,
        "min": 4.56459236145,
        "var": 25.6873550415
    },
    "melbands_flatness_db": {
        "dmean": 0.027945285663,
        "dmean2": 0.0465589500964,
        "dvar": 0.000452272681287,
        "dvar2": 0.00124076788779,
        "max": 0.320838838816,
        "mean": 0.217329114676,
        "median": 0.212110757828,
        "min": 0.113010115921,
        "var": 0.000914938747883
    },
    "melbands_kurtosis": {
        "dmean": 3.54370999336,
        "dmean2": 6.08987855911,
        "dvar": 10.9209756851,
        "dvar2": 27.7677536011,
        "max": 19.6727027893,
        "mean": 4.28862571716,
        "median": 3.30068635941,
        "min": -1.54563558102,
        "var": 17.1353492737
    },
    "melbands_skewness": {
        "dmean": 0.680762350559,
        "dmean2": 1.12270617485,
        "dvar": 0.298988699913,
        "dvar2": 0.809582054615,
        "max": 4.13301372528,
        "mean": 1.89564943314,
        "median": 1.80671989918,
        "min": 0.215606838465,
        "var": 0.556156873703
    },
    "melbands_spread": {
        "dmean": 7.60737943649,
        "dmean2": 12.4003362656,
        "dvar": 36.095867157,
        "dvar2": 101.721511841,
        "max": 54.6372489929,
        "mean": 24.8479976654,
        "median": 24.1454658508,
        "min": 9.0319519043,
        "var": 70.4736480713
    },
    "pitch_salience": {
        "dmean": 0.0953100398183,
        "dmean2": 0.160485878587,
        "dvar": 0.00603201845661,
        "dvar2": 0.0148659162223,
        "max": 0.897217273712,
        "mean": 0.547489106655,
        "median": 0.547259449959,
        "min": 0.292397081852,
        "var": 0.0098342904821
    },
    "silence_rate_20dB": {
        "dmean": 0,
        "dmean2": 0,
        "dvar": 0,
        "dvar2": 0,
        "max": 1,
        "mean": 1,
        "median": 1,
        "min": 1,
        "var": 0
    },
    "silence_rate_30dB": {
        "dmean": 0.0296296291053,
        "dmean2": 0.0594795532525,
        "dvar": 0.0287516564131,
        "dvar2": 0.0856816247106,
        "max": 1,
        "mean": 0.985239863396,
        "median": 1,
        "min": 0,
        "var": 0.0145423142239
    },
    "silence_rate_60dB": {
        "dmean": 0,
        "dmean2": 0,
        "dvar": 0,
        "dvar2": 0,
        "max": 0,
        "mean": 0,
        "median": 0,
        "min": 0,
        "var": 0
    },
    "spectral_centroid": {
        "dmean": 165.731491089,
        "dmean2": 274.170043945,
        "dvar": 16420.5546875,
        "dvar2": 42861.46875,
        "max": 1772.48168945,
        "mean": 1165.73498535,
        "median": 1150.64160156,
        "min": 645.455322266,
        "var": 36298.7421875
    },
    "spectral_complexity": {
        "dmean": 3.05555558205,
        "dmean2": 4.8959107399,
        "dvar": 7.37839698792,
        "dvar2": 14.7847089767,
        "max": 35,
        "mean": 25.2140216827,
        "median": 25,
        "min": 0,
        "var": 13.9541921616
    },
    "spectral_decrease": {
        "dmean": 5.3452247073e-09,
        "dmean2": 9.04530939039e-09,
        "dvar": 2.3412361239e-17,
        "dvar2": 6.39548918102e-17,
        "max": -2.01405378486e-10,
        "mean": -1.39446942882e-08,
        "median": -1.30375106266e-08,
        "min": -3.96374240097e-08,
        "var": 3.09207359074e-17
    },
    "spectral_energy": {
        "dmean": 0.0208376292139,
        "dmean2": 0.0351709723473,
        "dvar": 0.000348357512848,
        "dvar2": 0.00094923254801,
        "max": 0.154146373272,
        "mean": 0.0558027774096,
        "median": 0.0528065264225,
        "min": 0.000857459497638,
        "var": 0.00046715233475
    },
    "spectral_energyband_high": {
        "dmean": 8.74757388374e-05,
        "dmean2": 0.000147276456119,
        "dvar": 5.46820810854e-09,
        "dvar2": 1.56623460867e-08,
        "max": 0.000639882520773,
        "mean": 0.000316779274726,
        "median": 0.000311167998007,
        "min": 2.02930714295e-05,
        "var": 9.948406543e-09
    },
    "spectral_energyband_low": {
        "dmean": 0.0176576115191,
        "dmean2": 0.0304836034775,
        "dvar": 0.00029824275407,
        "dvar2": 0.000808938755654,
        "max": 0.107509478927,
        "mean": 0.0227552819997,
        "median": 0.0177282523364,
        "min": 0.000125866150483,
        "var": 0.000348874047631
    },
    "spectral_energyband_middle_high": {
        "dmean": 0.0055810585618,
        "dmean2": 0.00891935825348,
        "dvar": 3.03490942315e-05,
        "dvar2": 8.11965001049e-05,
        "max": 0.0428772345185,
        "mean": 0.0119054261595,
        "median": 0.0106947375461,
        "min": 0.000426589220297,
        "var": 3.90108980355e-05
    },
    "spectral_energyband_middle_low": {
        "dmean": 0.00525548588485,
        "dmean2": 0.00838135462254,
        "dvar": 1.70029070432e-05,
        "dvar2": 4.35558213212e-05,
        "max": 0.0441464483738,
        "mean": 0.0211246348917,
        "median": 0.0202328022569,
        "min": 0.00028676976217,
        "var": 5.08287812409e-05
    },
    "spectral_entropy": {
        "dmean": 0.107590846717,
        "dmean2": 0.173952579498,
        "dvar": 0.00952851679176,
        "dvar2": 0.0221859663725,
        "max": 8.64037227631,
        "mean": 7.43925285339,
        "median": 7.43292856216,
        "min": 7.07077598572,
        "var": 0.0200229994953
    },
    "spectral_flux": {
        "dmean": 0.03107351996,
        "dmean2": 0.0519385673106,
        "dvar": 0.000753342057578,
        "dvar2": 0.00190229469445,
        "max": 0.239423409104,
        "mean": 0.124340198934,
        "median": 0.11623056978,
        "min": 0.0527465976775,
        "var": 0.00121005228721
    },
    "spectral_kurtosis": {
        "dmean": 1.94128715992,
        "dmean2": 3.41075015068,
        "dvar": 2.87913560867,
        "dvar2": 8.12157058716,
        "max": 14.2221603394,
        "mean": 6.63925218582,
        "median": 6.5235710144,
        "min": 2.91845083237,
        "var": 3.35144114494
    },
    "spectral_rms": {
        "dmean": 0.00135607284028,
        "dmean2": 0.00225588819012,
        "dvar": 1.21659138586e-06,
        "dvar2": 3.20247818308e-06,
        "max": 0.0122632263228,
        "mean": 0.00724545773119,
        "median": 0.00717764347792,
        "min": 0.000914628792088,
        "var": 1.94506083062e-06
    },
    "spectral_rolloff": {
        "dmean": 350.432769775,
        "dmean2": 640.952880859,
        "dvar": 165866.203125,
        "dvar2": 396395.59375,
        "max": 2347.11914062,
        "mean": 1384.95947266,
        "median": 1658.05664062,
        "min": 387.59765625,
        "var": 208872.609375
    },
    "spectral_skewness": {
        "dmean": 0.19628110528,
        "dmean2": 0.340035647154,
        "dvar": 0.0346443727612,
        "dvar2": 0.103370919824,
        "max": 3.19615244865,
        "mean": 1.8209502697,
        "median": 1.79574453831,
        "min": 1.39294838905,
        "var": 0.0415468811989
    },
    "spectral_spread": {
        "dmean": 479851.21875,
        "dmean2": 703096.875,
        "dvar": 732676554752,
        "dvar2": 524316999680,
        "max": 20849746,
        "mean": 3200274.5,
        "median": 3128516.75,
        "min": 2228897.5,
        "var": 1.38201884262e+12
    },
    "spectral_strongpeak": {
        "dmean": 0.684571802616,
        "dmean2": 1.22360980511,
        "dvar": 1.19136369228,
        "dvar2": 3.02909088135,
        "max": 6.86702919006,
        "mean": 0.926137447357,
        "median": 0.562029242516,
        "min": 0,
        "var": 1.33637964725
    },
    "zerocrossingrate": {
        "dmean": 0.00630063656718,
        "dmean2": 0.0081755341962,
        "dvar": 2.2938955226e-05,
        "dvar2": 4.57367641502e-05,
        "max": 0.0703125,
        "mean": 0.0445074662566,
        "median": 0.044921875,
        "min": 0.01416015625,
        "var": 7.63386269682e-05
    },
    "barkbands": {
        "dmean": [9.12269679247e-05, 0.0119381966069, 0.00669165374711, 0.000727343256585, 0.00199476350099, 0.00277807912789, 0.00207647425123, 0.000360278325388, 0.00267409370281, 0.000236565698287, 5.59070031159e-05, 0.000151789427036, 0.000522606016602, 0.00345726008527, 0.00108509080019, 0.000358044839231, 0.000910729344469, 0.000163693985087, 0.000100558791019, 1.68466776813e-05, 5.18678352819e-05, 3.43285901181e-05, 1.84430300578e-05, 4.05829314332e-06, 1.95686538973e-06, 1.49280947426e-06, 3.82444397928e-07],
        "dmean2": [0.000141441691085, 0.0212839599699, 0.0107725206763, 0.00127375510056, 0.00332351168618, 0.00472042988986, 0.0032909004949, 0.000610308081377, 0.00406549545005, 0.000392246001866, 9.09998852876e-05, 0.000228771750699, 0.000768208294176, 0.00578973349184, 0.0017960332334, 0.000577082450036, 0.00143960968126, 0.000254494021647, 0.000160934738233, 2.90913812933e-05, 8.62986271386e-05, 5.63486064493e-05, 3.49903275492e-05, 6.46505532131e-06, 3.35063646162e-06, 2.49532263297e-06, 6.53868823974e-07],
        "dvar": [6.54299103786e-09, 0.000139974610647, 4.66001147288e-05, 4.13613889805e-07, 3.8006851355e-06, 4.81728193336e-06, 2.90740513265e-06, 1.14628697645e-07, 6.72709211358e-06, 6.18761077931e-08, 2.33585817355e-09, 2.42943229978e-08, 2.74748487072e-07, 1.45329331644e-05, 1.25836129428e-06, 1.06128048571e-07, 6.67907727347e-07, 3.33646674733e-08, 1.01714165979e-08, 2.19165005588e-10, 2.23150609102e-09, 8.60191473606e-10, 1.84830747929e-10, 1.3260244465e-11, 2.96239183357e-12, 1.23784934126e-12, 1.07176874526e-13],
        "dvar2": [1.39940352639e-08, 0.000389138120227, 0.000113726811833, 1.01039199762e-06, 1.03411866803e-05, 1.36799872053e-05, 7.24202254787e-06, 3.06898925828e-07, 1.65365563589e-05, 1.64339681419e-07, 6.48124220959e-09, 5.35645483524e-08, 5.25583232047e-07, 3.97702860937e-05, 3.47860691363e-06, 2.56695415146e-07, 1.8189344928e-06, 7.78358000275e-08, 2.27396395047e-08, 5.55574641847e-10, 6.16412076937e-09, 2.04246597413e-09, 5.8568894179e-10, 3.34355702847e-11, 8.37465860548e-12, 3.77790247003e-12, 3.17230237305e-13],
        "max": [0.000736161775421, 0.0728261619806, 0.0519954189658, 0.00395006500185, 0.0171096622944, 0.0158973447978, 0.0158342495561, 0.00424079410732, 0.0216286163777, 0.00199049455114, 0.00051901943516, 0.0011286905501, 0.00429559173062, 0.0277950763702, 0.00793185364455, 0.00259987358004, 0.00612225662917, 0.00143228517845, 0.000806290656328, 0.000140570453368, 0.00038370207767, 0.000224990275456, 9.9518452771e-05, 3.90172390325e-05, 1.77940146386e-05, 1.24038333524e-05, 3.7749200601e-06],
        "mean": [0.000150960826431, 0.0131640760228, 0.00921639241278, 0.000932753551751, 0.00311336200684, 0.00579950259998, 0.0053339661099, 0.000771631021053, 0.00488094938919, 0.000507664633915, 0.000132271845359, 0.000298614380881, 0.00097095395904, 0.00531985750422, 0.00171290780418, 0.000800540379714, 0.00183304876555, 0.000349301903043, 0.000178242844413, 5.33119600732e-05, 0.000136506874696, 8.51125878398e-05, 3.0459039408e-05, 1.2583120224e-05, 8.60514683154e-06, 5.78867820877e-06, 2.27412965614e-06],
        "median": [0.000112759225885, 0.0094608347863, 0.00675645750016, 0.000763508898672, 0.00229595438577, 0.0049852351658, 0.00482022669166, 0.000634635332972, 0.00402530655265, 0.000436925416579, 0.000122568584629, 0.000249862700002, 0.000766820216086, 0.00414080172777, 0.001386892749, 0.000710203894414, 0.00160799303558, 0.000277274986729, 0.000127232837258, 5.1549392083e-05, 0.000129397012643, 7.77971654315e-05, 2.72972156381e-05, 1.16079891086e-05, 8.53563324199e-06, 5.63163985134e-06, 2.21936375056e-06],
        "min": [1.83788074537e-06, 5.9001493355e-05, 3.83338629035e-05, 2.23179504246e-05, 2.96674625133e-05, 3.07143964164e-05, 9.06259301701e-05, 3.11800577038e-05, 5.52567689738e-05, 2.20422462007e-05, 1.42248791235e-05, 1.02031563074e-05, 2.98881277558e-05, 8.0102137872e-05, 5.75904668949e-05, 3.62368009519e-05, 5.29466815351e-05, 2.48130909313e-05, 2.50884568231e-05, 1.92619882e-06, 8.17556156107e-06, 2.62409366769e-06, 2.52413587987e-06, 2.17135084313e-06, 1.56176804467e-06, 1.07016660422e-06, 1.08928043119e-06],
        "var": [1.36407383167e-08, 0.000150908585056, 6.1712693423e-05, 5.78870924528e-07, 7.65568802308e-06, 1.09477832666e-05, 8.40335815155e-06, 2.66346205535e-07, 1.34854435601e-05, 1.01478796921e-07, 4.68155114675e-09, 4.64173055548e-08, 6.6951804456e-07, 1.78151585715e-05, 1.76114258466e-06, 1.97739495889e-07, 1.18657408166e-06, 6.2031247694e-08, 1.98397032136e-08, 4.83288575825e-10, 3.43641937128e-09, 1.41751099747e-09, 1.96962529619e-10, 3.24855524425e-11, 6.61044916722e-12, 3.3963973127e-12, 1.3433602375e-13]
    },
    "erbbands": {
        "dmean": [0.117585390806, 3.39311432838, 9.96130657196, 2.0028014183, 7.28413963318, 5.21953296661, 10.6688718796, 25.7959156036, 32.4590568542, 17.2205104828, 8.88901233673, 52.6320610046, 39.2185096741, 3.43799471855, 2.34911060333, 9.59454917908, 24.045539856, 59.3604812622, 205.727676392, 16.8666934967, 30.218832016, 41.8149185181, 10.9818382263, 10.9855031967, 1.05486261845, 0.888265669346, 1.06607580185, 2.84665513039, 1.54124701023, 0.665096282959, 0.578314006329, 0.147689566016, 0.0321731008589, 0.0253501217812, 0.0171722061932, 0.00890201423317, 0.00231006671675, 0.000673243077472, 5.80017076572e-05, 2.39154833253e-05],
        "dmean2": [0.203713834286, 6.04161643982, 16.5485095978, 3.37228012085, 12.386423111, 8.78405380249, 17.6164875031, 43.3780517578, 53.6331443787, 27.5647506714, 14.7771186829, 80.3350448608, 60.0511054993, 5.66265201569, 3.85172533989, 13.8214511871, 34.2223587036, 96.4828567505, 350.217590332, 27.239944458, 49.2205657959, 65.5462417603, 17.5821304321, 17.0348052979, 1.64765655994, 1.52147579193, 1.92232608795, 4.73849058151, 2.54898953438, 1.14084684849, 1.09109270573, 0.238939851522, 0.0537980757654, 0.0425675138831, 0.03007751517, 0.0148923248053, 0.00390377803706, 0.00121784512885, 0.00010053938604, 4.0210721636e-05],
        "dvar": [0.0167534481734, 11.3196210861, 100.643821716, 3.46001315117, 39.9692077637, 33.0344238281, 80.8390655518, 454.988586426, 867.43963623, 176.896484375, 67.2615432739, 2457.55249023, 1939.84521484, 8.02070713043, 5.2395772934, 95.4615859985, 570.071350098, 3597.4543457, 53957.6796875, 232.348556519, 769.633666992, 1309.00561523, 167.76789856, 149.837478638, 1.01089370251, 0.638660490513, 0.750195801258, 7.94266319275, 1.75226283073, 0.305713325739, 0.209035649896, 0.015895113349, 0.000702770368662, 0.000512592087034, 0.00018248957349, 4.52099375252e-05, 3.3958331187e-06, 3.16311059123e-07, 2.1711319409e-09, 4.64589949845e-10],
        "dvar2": [0.0481645949185, 31.2010345459, 255.704406738, 7.87341976166, 108.591407776, 81.536895752, 178.602905273, 1420.28613281, 2331.12231445, 380.322967529, 174.296417236, 5923.30810547, 5003.29248047, 21.8312702179, 13.3075275421, 202.313354492, 1102.20703125, 9578.421875, 144870.59375, 637.432312012, 1824.35400391, 3620.51196289, 410.25668335, 330.587341309, 2.19386672974, 1.72637045383, 2.20405125618, 19.8675174713, 4.48473548889, 0.839639723301, 0.670826256275, 0.0425314418972, 0.00177450617775, 0.00133904069662, 0.000605122710112, 0.000112045803689, 8.86650923348e-06, 1.01180171441e-06, 6.32375973808e-09, 1.24929744327e-09],
        "max": [0.86723279953, 20.8773841858, 68.0947570801, 16.5344982147, 51.6087608337, 60.0128250122, 109.174339294, 148.581359863, 258.334899902, 124.122833252, 109.087760925, 417.847839355, 361.491699219, 30.8920383453, 28.0771694183, 75.9921646118, 198.432922363, 436.810913086, 1686.45300293, 114.609054565, 220.09387207, 261.852478027, 164.936187744, 97.3373947144, 11.7700996399, 7.90484046936, 7.55065393448, 22.339849472, 9.64858341217, 4.21680593491, 3.20916342735, 1.36613333225, 0.290992200375, 0.205151081085, 0.118897937238, 0.0871217548847, 0.0133746629581, 0.00386993424036, 0.000539816042874, 0.000216968343011],
        "mean": [0.149957701564, 3.73936009407, 12.9104528427, 3.98428273201, 10.2836742401, 8.5873966217, 21.8132629395, 51.4504776001, 82.806427002, 42.7489433289, 21.0200843811, 98.688293457, 74.4516525269, 9.39621734619, 5.97704601288, 20.9168243408, 45.0298233032, 111.123695374, 305.423217773, 38.1376037598, 66.5533599854, 87.9836425781, 25.8697547913, 20.9147624969, 3.11625099182, 2.6753256321, 3.17633700371, 6.82647705078, 3.84259963036, 1.4859906435, 0.923585414886, 0.420676380396, 0.134649917483, 0.0830739438534, 0.064693197608, 0.0408865250647, 0.00601088441908, 0.00127132597845, 0.00028949737316, 0.00010645200382],
        "median": [0.102116800845, 2.73257064819, 9.21036815643, 3.51691508293, 7.7889456749, 5.48242330551, 14.8593301773, 42.9638252258, 72.3348846436, 38.5428733826, 17.4446392059, 80.3915939331, 56.8223648071, 9.05263519287, 5.18073940277, 17.9231777191, 34.6599197388, 94.2880401611, 240.097137451, 34.7728271484, 58.9731674194, 80.1540603638, 21.3473930359, 16.2226333618, 2.87413764, 2.53942990303, 3.0976061821, 6.24638032913, 3.53389239311, 1.39406609535, 0.825627028942, 0.37861391902, 0.129993930459, 0.0804784521461, 0.0642046555877, 0.0391577295959, 0.00582850817591, 0.00115482881665, 0.000279516883893, 0.000103237791336],
        "min": [0.0019485122757, 0.0126015720889, 0.0407736264169, 0.0691104456782, 0.084480881691, 0.0981146320701, 0.138686910272, 0.304526656866, 1.01353907585, 1.44389033318, 1.11606287956, 1.26583588123, 0.803372681141, 0.741969287395, 0.637713432312, 1.62225556374, 2.2588968277, 2.49231028557, 5.01476955414, 1.35542690754, 3.03662729263, 2.75361084938, 0.933320045471, 2.77810454369, 0.448339164257, 0.121657721698, 0.353491038084, 0.212306857109, 0.126338019967, 0.044788043946, 0.0830144062638, 0.0586291849613, 0.0296899508685, 0.0140823088586, 0.0133837703615, 0.00515016028658, 0.000757566594984, 0.000352814706275, 0.000174380082171, 1.43051111081e-05],
        "var": [0.0230026561767, 12.1079998016, 124.472854614, 5.6634144783, 78.7566986084, 77.3908615112, 350.536254883, 855.619567871, 2410.96508789, 462.18145752, 154.962158203, 4980.53125, 3437.97265625, 18.5841808319, 11.4923944473, 208.62361145, 1379.87060547, 4682.01855469, 66237.71875, 320.255523682, 1391.93713379, 2237.70532227, 329.840118408, 282.687530518, 2.52398729324, 1.33185231686, 1.24262690544, 11.5047283173, 2.78423213959, 0.418183863163, 0.205967500806, 0.0384725667536, 0.00187566736713, 0.00108974683098, 0.0003286023275, 0.000167054473422, 6.45844329483e-06, 4.21372448045e-07, 2.80083956028e-09, 6.22347673396e-10]
    },
    "gfcc": {
        "mean": [46.7704963684, 122.584190369, -126.921630859, 26.1991615295, -38.4106674194, 4.21235322952, -41.6705703735, 1.8841201067, 4.0916595459, 11.6218137741, -21.3809337616, -0.615112423897, -12.433465004],
        "cov": [[274.808227539, 54.7716369629, -52.9150924683, -0.958368599415, 26.4977836609, 16.4289321899, 10.9143314362, 7.08614587784, -17.3116111755, 5.77741003036, 12.0251064301, 5.06875038147, -11.0843515396], [54.7716369629, 74.2477722168, 28.3411712646, 17.6557102203, 33.8903236389, -1.21101677418, 5.46420288086, 10.5310325623, 13.3584690094, -1.25392735004, 2.31588673592, -8.19610977173, 5.80390977859], [-52.9150924683, 28.3411712646, 111.865493774, 64.3369522095, 2.28023838997, -0.692731618881, 8.01701164246, 4.56611871719, 21.6666984558, -2.25121808052, -9.69461727142, -1.09293603897, 1.91745603085], [-0.958368599415, 17.6557102203, 64.3369522095, 75.3054046631, 16.1696052551, 5.04200744629, 8.47251224518, 7.76773929596, 13.4244203568, -7.21962547302, -2.65544605255, -0.400255352259, -6.30127000809], [26.4977836609, 33.8903236389, 2.28023838997, 16.1696052551, 70.3310699463, 17.1728439331, 8.15982723236, 17.824016571, 16.6704673767, 2.56036639214, -3.72382092476, -10.1844434738, -6.33515501022], [16.4289321899, -1.21101677418, -0.692731618881, 5.04200744629, 17.1728439331, 49.2417182922, 22.821516037, 3.00053167343, 19.2024803162, 11.2935028076, 4.8653717041, -1.09628582001, 3.21492886543], [10.9143314362, 5.46420288086, 8.01701164246, 8.47251224518, 8.15982723236, 22.821516037, 40.6407203674, 18.0820274353, 11.9237928391, 8.03820228577, 5.46687507629, 8.8602399826, 2.00421595573], [7.08614587784, 10.5310325623, 4.56611871719, 7.76773929596, 17.824016571, 3.00053167343, 18.0820274353, 32.6190795898, 13.5892791748, 3.09446573257, 7.81518983841, 1.60030627251, -0.489916473627], [-17.3116111755, 13.3584690094, 21.6666984558, 13.4244203568, 16.6704673767, 19.2024803162, 11.9237928391, 13.5892791748, 45.8814048767, 14.0923080444, -3.391299963, -1.16018307209, 7.87639904022], [5.77741003036, -1.25392735004, -2.25121808052, -7.21962547302, 2.56036639214, 11.2935028076, 8.03820228577, 3.09446573257, 14.0923080444, 26.3612613678, 11.4413976669, 3.06637692451, 2.16008496284], [12.0251064301, 2.31588673592, -9.69461727142, -2.65544605255, -3.72382092476, 4.8653717041, 5.46687507629, 7.81518983841, -3.391299963, 11.4413976669, 36.8812828064, 9.49770927429, 0.282409995794], [5.06875038147, -8.19610977173, -1.09293603897, -0.400255352259, -10.1844434738, -1.09628582001, 8.8602399826, 1.60030627251, -1.16018307209, 3.06637692451, 9.49770927429, 26.0286865234, 7.20992088318], [-11.0843515396, 5.80390977859, 1.91745603085, -6.30127000809, -6.33515501022, 3.21492886543, 2.00421595573, -0.489916473627, 7.87639904022, 2.16008496284, 0.282409995794, 7.20992088318, 21.713476181]],
        "icov": [[0.011739525944, -0.0214275885373, 0.0145805757493, -0.0106390630826, 0.0106364935637, -0.0152787705883, 0.0102651473135, -0.0116854039952, 0.0128954229876, -0.0137031190097, 0.0136087685823, -0.0141375083476, 0.0127024631947], [-0.0214275885373, 0.066668599844, -0.0340587049723, 0.0226323138922, -0.0370545014739, 0.0425577498972, -0.031526286155, 0.032223995775, -0.0293907802552, 0.0335169658065, -0.03905159235, 0.0396413058043, -0.037986215204], [0.0145805757493, -0.0340587049723, 0.0416908599436, -0.0332331508398, 0.0217200051993, -0.0169237200171, 0.0118308458477, -0.0145177366212, 0.011962229386, -0.0232175216079, 0.0243114978075, -0.0171524416655, 0.0139939365909], [-0.0106390630826, 0.0226323138922, -0.0332331508398, 0.0443061850965, -0.0178683828562, 0.0126558374614, -0.0119920233265, 0.0134914265946, -0.0175339542329, 0.0284959133714, -0.020784476772, 0.00886589288712, -0.000512070197146], [0.0106364935637, -0.0370545014739, 0.0217200051993, -0.0178683828562, 0.0432885624468, -0.032411955297, 0.0243973433971, -0.0327946580946, 0.0146633191034, -0.0207619126886, 0.0273952931166, -0.0176139753312, 0.0249065905809], [-0.0152787705883, 0.0425577498972, -0.0169237200171, 0.0126558374614, -0.032411955297, 0.0737494528294, -0.0534794293344, 0.049627199769, -0.0378082618117, 0.0237820055336, -0.0374237671494, 0.038737822324, -0.029355077073], [0.0102651473135, -0.031526286155, 0.0118308458477, -0.0119920233265, 0.0243973433971, -0.0534794293344, 0.0774105042219, -0.0563641823828, 0.0273994226009, -0.0282482653856, 0.0324078425765, -0.0404795818031, 0.0216525755823], [-0.0116854039952, 0.032223995775, -0.0145177366212, 0.0134914265946, -0.0327946580946, 0.049627199769, -0.0563641823828, 0.0889358595014, -0.0415022969246, 0.0341253392398, -0.043289732188, 0.0295422617346, -0.0166747570038], [0.0128954229876, -0.0293907802552, 0.011962229386, -0.0175339542329, 0.0146633191034, -0.0378082618117, 0.0273994226009, -0.0415022969246, 0.066366545856, -0.0456394180655, 0.0359321162105, -0.0192429665476, 0.00109342928044], [-0.0137031190097, 0.0335169658065, -0.0232175216079, 0.0284959133714, -0.0207619126886, 0.0237820055336, -0.0282482653856, 0.0341253392398, -0.0456394180655, 0.0878776609898, -0.0466370694339, 0.0205483697355, -0.0102389920503], [0.0136087685823, -0.03905159235, 0.0243114978075, -0.020784476772, 0.0273952931166, -0.0374237671494, 0.0324078425765, -0.043289732188, 0.0359321162105, -0.0466370694339, 0.0694373995066, -0.0378173440695, 0.0220321044326], [-0.0141375083476, 0.0396413058043, -0.0171524416655, 0.00886589288712, -0.0176139753312, 0.038737822324, -0.0404795818031, 0.0295422617346, -0.0192429665476, 0.0205483697355, -0.0378173440695, 0.0819202214479, -0.0419705733657], [0.0127024631947, -0.037986215204, 0.0139939365909, -0.000512070197146, 0.0249065905809, -0.029355077073, 0.0216525755823, -0.0166747570038, 0.00109342928044, -0.0102389920503, 0.0220321044326, -0.0419705733657, 0.0848178714514]]
    },
    "melbands": {
        "dmean": [0.00213213521056, 0.00512598687783, 0.000475975364679, 0.000517922802828, 0.000287964328891, 0.0005670087412, 0.000467445672257, 0.000160036273883, 7.25946520106e-05, 0.000406339328038, 0.000197738030693, 1.42181579577e-05, 7.62028821555e-06, 9.31332670007e-06, 6.84754122631e-05, 2.68946641881e-05, 0.000126993763843, 0.000435833033407, 3.64750194422e-05, 2.01087459573e-05, 4.24304635089e-05, 5.37636042282e-05, 2.25965759455e-05, 6.00302928433e-06, 1.01594841908e-05, 8.20964373816e-07, 5.04040031046e-07, 7.2143370744e-07, 6.45544957933e-07, 1.1760240568e-06, 1.69474776612e-06, 1.04620903585e-06, 4.98811004945e-07, 3.20778042351e-07, 3.98058716655e-07, 1.30155981992e-07, 1.06722197302e-07, 2.3198396093e-08, 2.51930263317e-08, 2.19625171383e-08],
        "dmean2": [0.00379821355455, 0.00877219531685, 0.000797730463091, 0.000859080522787, 0.000476683315355, 0.000966461608186, 0.000773022358771, 0.000255526392721, 0.000118586569442, 0.000618796562776, 0.000303127017105, 2.33958980971e-05, 1.26431668832e-05, 1.46423035403e-05, 9.71271510934e-05, 3.83911865356e-05, 0.000207405799301, 0.000742275093216, 5.93758231844e-05, 3.22386913467e-05, 6.88833024469e-05, 8.42628796818e-05, 3.52776478394e-05, 9.69062421063e-06, 1.58012426255e-05, 1.32905233841e-06, 8.35027435642e-07, 1.24779103317e-06, 1.1621473277e-06, 1.96986093215e-06, 2.81519328382e-06, 1.7613917862e-06, 8.02216106877e-07, 5.80677522066e-07, 7.53568428991e-07, 2.40491317527e-07, 1.69684113871e-07, 3.97819022169e-08, 4.27283097792e-08, 3.67533310452e-08],
        "dvar": [4.68530515718e-06, 2.59212247329e-05, 1.51236946522e-07, 2.73930396588e-07, 5.9513350692e-08, 2.08698594406e-07, 1.67482582469e-07, 1.43174982981e-08, 3.97771016125e-09, 1.52236779627e-07, 5.01270704945e-08, 1.61767862994e-10, 4.65545102468e-11, 9.83644415919e-11, 4.62656402078e-09, 8.12163891695e-10, 1.58470516709e-08, 2.44286979978e-07, 1.10366504824e-09, 3.28497257174e-10, 1.64543079162e-09, 2.19606155483e-09, 8.77713512981e-10, 6.00209187906e-11, 1.26055346716e-10, 1.42367801576e-12, 2.17453889639e-13, 4.6081248626e-13, 3.27874744499e-13, 9.77914038809e-13, 2.74155871616e-12, 8.51210269805e-13, 1.85157011251e-13, 6.58351818157e-14, 1.10792986927e-13, 1.13744657885e-14, 1.01727928517e-14, 3.61813088035e-16, 5.16268222478e-16, 4.07133003543e-16],
        "dvar2": [1.32370541905e-05, 6.85356499162e-05, 3.7162229205e-07, 7.56334713969e-07, 1.30811613985e-07, 6.39030247385e-07, 4.47347190402e-07, 3.18209707473e-08, 1.02228723264e-08, 3.70664082538e-07, 1.28326078652e-07, 4.20083634545e-10, 1.20911933243e-10, 2.2761145746e-10, 9.49271150574e-09, 1.6079436671e-09, 4.25434656393e-08, 6.5750793965e-07, 2.93803292806e-09, 8.51744896835e-10, 3.97700183896e-09, 6.10657568956e-09, 2.22558105278e-09, 1.45250644845e-10, 2.78946671317e-10, 2.16182930932e-12, 5.80206510007e-13, 1.22042534498e-12, 9.42869046727e-13, 2.7314405078e-12, 6.77239037419e-12, 2.08290286061e-12, 4.63074348832e-13, 1.94981929365e-13, 3.55117844852e-13, 3.41607100138e-14, 2.5652635059e-14, 9.8737127178e-16, 1.31374185432e-15, 1.12138734239e-15],
        "max": [0.0126552730799, 0.0303928814828, 0.00322168366984, 0.00461055431515, 0.00292646838352, 0.00313596078195, 0.00372626981698, 0.00111650303006, 0.000744157179724, 0.00329243694432, 0.00179777422454, 0.000135305672302, 6.73004687997e-05, 9.22606341192e-05, 0.00050102872774, 0.000230280609685, 0.000884215114638, 0.00356482388452, 0.000218455941649, 0.000138716772199, 0.000356392702088, 0.00036131523666, 0.000401337922085, 7.23522389308e-05, 8.83783795871e-05, 1.97687022592e-05, 3.70823499907e-06, 6.65084508e-06, 4.58616386823e-06, 7.95265350462e-06, 1.31142287501e-05, 6.53178767607e-06, 3.20709341395e-06, 1.79291123459e-06, 2.48703508987e-06, 7.91783179466e-07, 1.02687431536e-06, 1.91538120475e-07, 2.21589303351e-07, 1.73535866566e-07],
        "mean": [0.00248514045961, 0.00632611475885, 0.000960199569818, 0.000765878532548, 0.000622984371148, 0.00118832767475, 0.00122416263912, 0.000371085392544, 0.000152004897245, 0.000739385082852, 0.000369646382751, 3.1109462725e-05, 1.82844396477e-05, 2.03494910238e-05, 0.000132491826662, 4.93918196298e-05, 0.000223820781684, 0.000627100875136, 6.80161829223e-05, 4.21325676143e-05, 8.66409973241e-05, 0.000105287530459, 4.56254638266e-05, 1.27561233967e-05, 1.83540341823e-05, 2.08824098991e-06, 1.29688919515e-06, 1.90309435766e-06, 1.68382939592e-06, 2.98044915326e-06, 3.95983033741e-06, 2.3835148113e-06, 1.15834302505e-06, 6.41507142518e-07, 5.87747990721e-07, 2.82318239897e-07, 2.56508855045e-07, 8.71461907082e-08, 7.77418662778e-08, 6.27340526194e-08],
        "median": [0.00174323515967, 0.00460245320573, 0.0008910598699, 0.000551849894691, 0.000455686356872, 0.00105920433998, 0.00106535153463, 0.000345512176864, 0.000130147396703, 0.000594663259108, 0.000282359338598, 2.88268474833e-05, 1.65930759977e-05, 1.71671490534e-05, 0.000114475747978, 3.67530956282e-05, 0.000192677034647, 0.000488295045216, 5.98772057856e-05, 3.70695815946e-05, 7.03345940565e-05, 9.47920489125e-05, 3.43175415765e-05, 1.019566389e-05, 1.38719233291e-05, 1.73126704794e-06, 1.15016791824e-06, 1.77476431418e-06, 1.58444402132e-06, 2.8069352993e-06, 3.62666628462e-06, 2.14722126657e-06, 1.07058792764e-06, 6.02478564815e-07, 5.16361126301e-07, 2.67054531378e-07, 2.14059198811e-07, 8.52354844483e-08, 7.27916784626e-08, 6.09165411447e-08],
        "min": [1.83012234629e-05, 2.02204591915e-05, 1.25381620819e-05, 6.53071674606e-06, 4.73065847473e-06, 7.00482269167e-06, 1.65460623975e-05, 1.47503924381e-05, 9.27845212573e-06, 7.71255417931e-06, 3.86020974474e-06, 1.96043401957e-06, 2.14022315959e-06, 1.07471555566e-06, 6.98329677107e-06, 2.35185143538e-06, 5.17954367751e-06, 9.23520292417e-06, 3.43952910953e-06, 1.04599564565e-06, 4.26382575824e-06, 3.39991788678e-06, 8.75314867699e-07, 1.10808025511e-06, 2.19127173295e-06, 3.73954748056e-07, 8.73632259868e-08, 6.29094003557e-08, 2.0025410663e-07, 2.27559894483e-07, 8.18421028725e-08, 9.02142929249e-08, 2.29055441281e-08, 2.35912942514e-08, 4.40804051038e-08, 4.83679016838e-08, 3.16770574216e-08, 2.38471855596e-08, 1.14916067773e-08, 1.17654401777e-08],
        "var": [5.27473730472e-06, 3.01772633975e-05, 2.71044712008e-07, 5.37875791906e-07, 2.42065851808e-07, 4.02183161441e-07, 4.70671267294e-07, 3.95948269727e-08, 8.81413697584e-09, 3.08414342953e-07, 8.89883651212e-08, 3.25859284001e-10, 9.38728400568e-11, 1.8498098886e-10, 1.06916795417e-08, 1.90676785472e-09, 2.08528128098e-08, 2.99598980291e-07, 1.81835657642e-09, 6.28410656844e-10, 2.93128676887e-09, 3.58317242544e-09, 1.73273606574e-09, 9.59384377497e-11, 2.38465330815e-10, 3.20474311151e-12, 3.80253337498e-13, 8.5162199558e-13, 4.86513552968e-13, 1.68675761292e-12, 4.09255181827e-12, 1.31388498172e-12, 2.85231880432e-13, 8.26559551055e-14, 1.0122745063e-13, 1.43708982025e-14, 2.18583984056e-14, 7.19638662592e-16, 1.32214368001e-15, 7.01456676862e-16]
    },
    "mfcc": {
        "mean": [-598.506591797, 156.231719971, -20.0868988037, 28.3730354309, 14.1509342194, 14.7185268402, -28.6755847931, -0.90391600132, 10.1687908173, 4.84487819672, 13.6881418228, 6.46705818176, -13.2896900177],
        "cov": [[316.039825439, 33.044467926, -70.0722198486, -16.4489517212, 5.1489648819, 13.8417634964, 30.876739502, 0.231469720602, -16.0983791351, -16.0455684662, 21.1895503998, 18.3587207794, -10.1136808395], [33.044467926, 75.6228713989, -10.3296670914, 14.641576767, 24.4559001923, -3.34201622009, 4.18089389801, 2.51161074638, 9.04440402985, 12.6933059692, 1.85147643089, 1.0452671051, -10.1562585831], [-70.0722198486, -10.3296670914, 112.805160522, 49.954410553, 0.612236082554, 11.4053106308, -13.3583402634, 9.66483020782, 13.4165391922, 6.66996765137, -4.87209320068, -2.11583185196, 13.912153244], [-16.4489517212, 14.641576767, 49.954410553, 74.4781494141, 25.1250514984, -2.17717456818, -4.26561832428, 18.3240699768, 13.641661644, 4.08597803116, 4.36476564407, -2.08428788185, 4.89684963226], [5.1489648819, 24.4559001923, 0.612236082554, 25.1250514984, 53.8822631836, 7.96954011917, 1.7629545927, 10.2139902115, 11.4061279297, 15.3743038177, 5.81000709534, 4.52834272385, -4.64012527466], [13.8417634964, -3.34201622009, 11.4053106308, -2.17717456818, 7.96954011917, 46.0427627563, 4.07669639587, 7.09756946564, 13.7975568771, 9.11408233643, 6.06259059906, 3.74550819397, 10.5168905258], [30.876739502, 4.18089389801, -13.3583402634, -4.26561832428, 1.7629545927, 4.07669639587, 40.2071914673, 7.53573417664, -5.21144914627, -3.01231455803, 9.67928409576, 11.4202842712, 6.34530258179], [0.231469720602, 2.51161074638, 9.66483020782, 18.3240699768, 10.2139902115, 7.09756946564, 7.53573417664, 31.4101715088, 15.4988050461, 3.77067756653, 6.12565231323, 6.46360826492, 3.65009355545], [-16.0983791351, 9.04440402985, 13.4165391922, 13.641661644, 11.4061279297, 13.7975568771, -5.21144914627, 15.4988050461, 36.9358863831, 16.7063922882, 3.17445993423, 0.683138787746, 3.70819854736], [-16.0455684662, 12.6933059692, 6.66996765137, 4.08597803116, 15.3743038177, 9.11408233643, -3.01231455803, 3.77067756653, 16.7063922882, 40.8180999756, 5.52866744995, 3.4460003376, 1.62039780617], [21.1895503998, 1.85147643089, -4.87209320068, 4.36476564407, 5.81000709534, 6.06259059906, 9.67928409576, 6.12565231323, 3.17445993423, 5.52866744995, 23.2356109619, 11.4441680908, 5.88475704193], [18.3587207794, 1.0452671051, -2.11583185196, -2.08428788185, 4.52834272385, 3.74550819397, 11.4202842712, 6.46360826492, 0.683138787746, 3.4460003376, 11.4441680908, 36.2963256836, 14.7028150558], [-10.1136808395, -10.1562585831, 13.912153244, 4.89684963226, -4.64012527466, 10.5168905258, 6.34530258179, 3.65009355545, 3.70819854736, 1.62039780617, 5.88475704193, 14.7028150558, 34.9814453125]],
