{
"lowlevel": {
    "average_loudness": 0.983585298061,
    "barkbands_crest": {
        "dmean": 3.16309452057,
        "dmean2": 5.2685842514,
        "dvar": 6.95702838898,
        "dvar2": 19.4125919342,
        "max": 21.7529067993,
        "mean": 12.0108108521,
        "median": 11.8025941849,
        "min": 4.30584001541,
        "var": 11.2100820541
    },
    "barkbands_flatness_db": {
        "dmean": 0.0258704740554,
        "dmean2": 0.0413801521063,
        "dvar": 0.000364514940884,
        "dvar2": 0.00101867760532,
        "max": 0.36272418499,
        "mean": 0.250956386328,
        "median": 0.249842613935,
        "min": 0.148442745209,
        "var": 0.00162326334976
    },
    "barkbands_kurtosis": {
        "dmean": 4.49305486679,
        "dmean2": 7.40079212189,
        "dvar": 21.7236309052,
        "dvar2": 56.7208442688,
        "max": 54.2329330444,
        "mean": 8.35269069672,
        "median": 6.07191467285,
        "min": -1.46007192135,
        "var": 74.0841827393
    },
    "barkbands_skewness": {
        "dmean": 0.660455882549,
        "dmean2": 1.08137989044,
        "dvar": 0.278790175915,
        "dvar2": 0.751322865486,
        "max": 6.48037004471,
        "mean": 2.52287101746,
        "median": 2.36838841438,
        "min": 0.284596294165,
        "var": 1.21747839451
    },
    "barkbands_spread": {
        "dmean": 3.80901503563,
        "dmean2": 6.1461391449,
        "dvar": 11.1538209915,
        "dvar2": 29.4949092865,
        "max": 33.4396934509,
        "mean": 11.6548862457,
        "median": 10.4154100418,
        "min": 1.86007165909,
        "var": 35.6062049866
    },
    "dissonance": {
        "dmean": 0.0154995452613,
        "dmean2": 0.0269372910261,
        "dvar": 0.000152291962877,
        "dvar2": 0.000434447196312,
        "max": 0.498575001955,
        "mean": 0.466212064028,
        "median": 0.467719972134,
        "min": 0.401373267174,
        "var": 0.000237852233113
    },
    "dynamic_complexity": 1.08222448826,
    "erbbands_crest": {
        "dmean": 2.30737662315,
        "dmean2": 3.85533213615,
        "dvar": 4.1683344841,
        "dvar2": 10.7547826767,
        "max": 20.0638427734,
        "mean": 8.49527835846,
        "median": 7.82664585114,
        "min": 3.85069227219,
        "var": 8.3060503006
    },
    "erbbands_flatness_db": {
        "dmean": 0.010784429498,
        "dmean2": 0.016791049391,
        "dvar": 9.24731648411e-05,
        "dvar2": 0.000197326866328,
        "max": 0.293024718761,
        "mean": 0.23811237514,
        "median": 0.239326074719,
        "min": 0.108633190393,
        "var": 0.000319815910188
    },
    "erbbands_kurtosis": {
        "dmean": 0.392498612404,
        "dmean2": 0.654104053974,
        "dvar": 0.166025474668,
        "dvar2": 0.451592922211,
        "max": 2.13628339767,
        "mean": -1.03012371063,
        "median": -1.12454092503,
        "min": -1.70022046566,
        "var": 0.221115887165
    },
    "erbbands_skewness": {
        "dmean": 0.321748495102,
        "dmean2": 0.502479016781,
        "dvar": 0.0594389699399,
        "dvar2": 0.171727493405,
        "max": 1.69632601738,
        "mean": -0.0518453158438,
        "median": -0.0918842405081,
        "min": -1.47713267803,
        "var": 0.21091145277
    },
    "erbbands_spread": {
        "dmean": 6.93458223343,
        "dmean2": 11.3851556778,
        "dvar": 29.3289165497,
        "dvar2": 78.7434082031,
        "max": 68.5331497192,
        "mean": 44.0997314453,
        "median": 44.2189254761,
        "min": 22.5303192139,
        "var": 73.084022522
    },
    "hfc": {
        "dmean": 2.86377978325,
        "dmean2": 4.58972072601,
        "dvar": 6.65868377686,
        "dvar2": 15.3445072174,
        "max": 44.0472602844,
        "mean": 16.7437438965,
        "median": 15.6059522629,
        "min": 5.14518165588,
        "var": 46.8226318359
    },
    "melbands_crest": {
        "dmean": 3.63469862938,
        "dmean2": 6.27224826813,
        "dvar": 8.70855426788,
        "dvar2": 23.9923419952,
        "max": 30.3710803986,
        "mean": 18.5335674286,
        "median": 17.7328090668,
        "min": 7.87994861603,
        "var": 28.0951042175
    },
    "melbands_flatness_db": {
        "dmean": 0.0302086342126,
        "dmean2": 0.0482606887817,
        "dvar": 0.000523072434589,
        "dvar2": 0.00140786066186,
        "max": 0.484908461571,
        "mean": 0.34104424715,
        "median": 0.342154592276,
        "min": 0.191117420793,
        "var": 0.00287696742453
    },
    "melbands_kurtosis": {
        "dmean": 12.4587917328,
        "dmean2": 20.5415058136,
        "dvar": 151.898147583,
        "dvar2": 391.712188721,
        "max": 147.925018311,
        "mean": 27.0247535706,
        "median": 20.3246421814,
        "min": 0.419380903244,
        "var": 509.947052002
    },
    "melbands_skewness": {
        "dmean": 1.02222168446,
        "dmean2": 1.67179322243,
        "dvar": 0.626668095589,
        "dvar2": 1.68559384346,
        "max": 10.0332250595,
        "mean": 4.31435775757,
        "median": 4.06390094757,
        "min": 0.950161457062,
        "var": 2.64809608459
    },
    "melbands_spread": {
        "dmean": 4.22316884995,
        "dmean2": 6.9102139473,
        "dvar": 20.1973323822,
        "dvar2": 54.8480682373,
        "max": 37.5769081116,
        "mean": 10.1711359024,
        "median": 8.20031261444,
        "min": 1.26568186283,
        "var": 48.144443512
    },
    "pitch_salience": {
        "dmean": 0.0799816325307,
        "dmean2": 0.135810673237,
        "dvar": 0.00445103505626,
        "dvar2": 0.0125127825886,
        "max": 0.709380805492,
        "mean": 0.439288139343,
        "median": 0.46283185482,
        "min": 0.16300791502,
        "var": 0.00865323282778
    },
    "silence_rate_20dB": {
        "dmean": 0,
        "dmean2": 0,
        "dvar": 0,
        "dvar2": 0,
        "max": 1,
        "mean": 1,
        "median": 1,
        "min": 1,
        "var": 0
    },
    "silence_rate_30dB": {
        "dmean": 0,
        "dmean2": 0,
        "dvar": 0,
        "dvar2": 0,
        "max": 1,
        "mean": 1,
        "median": 1,
        "min": 1,
        "var": 0
    },
    "silence_rate_60dB": {
        "dmean": 0,
        "dmean2": 0,
        "dvar": 0,
        "dvar2": 0,
        "max": 0,
        "mean": 0,
        "median": 0,
        "min": 0,
        "var": 0
    },
    "spectral_centroid": {
        "dmean": 199.074050903,
        "dmean2": 319.134155273,
        "dvar": 28721.4726562,
        "dvar2": 74676.1953125,
        "max": 1873.17712402,
        "mean": 749.815246582,
        "median": 689.051513672,
        "min": 241.63369751,
        "var": 81054.90625
    },
    "spectral_complexity": {
        "dmean": 2.71971821785,
        "dmean2": 4.48519039154,
        "dvar": 4.73695135117,
        "dvar2": 12.3202781677,
        "max": 35,
        "mean": 19.0970458984,
        "median": 19,
        "min": 5,
        "var": 25.2437267303
    },
    "spectral_decrease": {
        "dmean": 4.19422541142e-09,
        "dmean2": 6.95532209605e-09,
        "dvar": 8.58223873762e-18,
        "dvar2": 2.52883936334e-17,
        "max": -3.69358899022e-09,
        "mean": -1.35192950168e-08,
        "median": -1.3550886635e-08,
        "min": -2.46845850427e-08,
        "var": 1.49125593213e-17
    },
    "spectral_energy": {
        "dmean": 0.0160057656467,
        "dmean2": 0.0265453271568,
        "dvar": 0.000125088685309,
        "dvar2": 0.000367388187442,
        "max": 0.0958962962031,
        "mean": 0.0525435805321,
        "median": 0.0528018884361,
        "min": 0.0146678239107,
        "var": 0.00021556475258
    },
    "spectral_energyband_high": {
        "dmean": 1.45164322021e-05,
        "dmean2": 2.1221318093e-05,
        "dvar": 8.1738865676e-10,
        "dvar2": 1.57990953653e-09,
        "max": 0.000610829738434,
        "mean": 4.57781170553e-05,
        "median": 2.96453945339e-05,
        "min": 3.87527688872e-06,
        "var": 2.99320968011e-09
    },
    "spectral_energyband_low": {
        "dmean": 0.0123257730156,
        "dmean2": 0.0210093148053,
        "dvar": 9.97738534352e-05,
        "dvar2": 0.000303714448819,
        "max": 0.085867755115,
        "mean": 0.0244004055858,
        "median": 0.0197538621724,
        "min": 0.000642213388346,
        "var": 0.000338432146236
    },
    "spectral_energyband_middle_high": {
        "dmean": 0.00102402747143,
        "dmean2": 0.00157045293599,
        "dvar": 1.02209730812e-06,
        "dvar2": 2.338827926e-06,
        "max": 0.0193895604461,
        "mean": 0.00486519420519,
        "median": 0.00417215190828,
        "min": 0.000585488276556,
        "var": 9.5493878689e-06
    },
    "spectral_energyband_middle_low": {
        "dmean": 0.0109987193719,
        "dmean2": 0.0177119858563,
        "dvar": 0.000109768719994,
        "dvar2": 0.000291092321277,
        "max": 0.0834311246872,
        "mean": 0.0239001922309,
        "median": 0.020262517035,
        "min": 0.00232773204334,
        "var": 0.000264159491053
    },
    "spectral_entropy": {
        "dmean": 0.144968241453,
        "dmean2": 0.235114455223,
        "dvar": 0.0130769675598,
        "dvar2": 0.0320820361376,
        "max": 7.46273040771,
        "mean": 6.94688463211,
        "median": 6.96392536163,
        "min": 6.14176511765,
        "var": 0.0347590185702
    },
    "spectral_flux": {
        "dmean": 0.0286515820771,
        "dmean2": 0.0496378131211,
        "dvar": 0.000550233351532,
        "dvar2": 0.00157757720444,
        "max": 0.215774491429,
        "mean": 0.102852039039,
        "median": 0.101581864059,
        "min": 0.0366930663586,
        "var": 0.00103060528636
    },
    "spectral_kurtosis": {
        "dmean": 4.870262146,
        "dmean2": 8.78731536865,
        "dvar": 15.8895606995,
        "dvar2": 47.7891616821,
        "max": 25.4352264404,
        "mean": 7.95250415802,
        "median": 7.11545944214,
        "min": 0.986064910889,
        "var": 21.7103176117
    },
    "spectral_rms": {
        "dmean": 0.00112578237895,
        "dmean2": 0.00187199027278,
        "dvar": 6.64835965836e-07,
        "dvar2": 1.93557457351e-06,
        "max": 0.00967250578105,
        "mean": 0.00708389421925,
        "median": 0.00717732822523,
        "min": 0.00378286559135,
        "var": 1.08048095626e-06
    },
    "spectral_rolloff": {
        "dmean": 275.503051758,
        "dmean2": 481.29196167,
        "dvar": 133850.53125,
        "dvar2": 347350.96875,
        "max": 2260.98632812,
        "mean": 515.921264648,
        "median": 236.865234375,
        "min": 107.666015625,
        "var": 229458.078125
    },
    "spectral_skewness": {
        "dmean": 0.43593531847,
        "dmean2": 0.776077926159,
        "dvar": 0.131280899048,
        "dvar2": 0.386430561543,
        "max": 4.13253879547,
        "mean": 1.49489092827,
        "median": 1.42442381382,
        "min": 0.673107862473,
        "var": 0.195973992348
    },
    "spectral_spread": {
        "dmean": 176135.859375,
        "dmean2": 290624.34375,
        "dvar": 42844504064,
        "dvar2": 77059170304,
        "max": 5266062,
        "mean": 2200605.25,
        "median": 2141331.75,
        "min": 1728954.75,
        "var": 85927157760
    },
    "spectral_strongpeak": {
        "dmean": 0.345787554979,
        "dmean2": 0.575865805149,
        "dvar": 0.119248241186,
        "dvar2": 0.31881198287,
        "max": 2.88481450081,
        "mean": 0.89113420248,
        "median": 0.843303203583,
        "min": 0.0949504226446,
        "var": 0.173676088452
    },
    "zerocrossingrate": {
        "dmean": 0.00420609582216,
        "dmean2": 0.00567067414522,
        "dvar": 1.25086726257e-05,
        "dvar2": 2.28734370467e-05,
        "max": 0.05810546875,
        "mean": 0.0244916658849,
        "median": 0.0234375,
        "min": 0.00390625,
        "var": 0.000109597072878
    },
    "barkbands": {
        "dmean": [2.34361868934e-05, 0.00768845202401, 0.00620563467965, 0.00261023337953, 0.00983497407287, 0.000111648972961, 0.000178124886588, 0.000581616011914, 0.000969279557467, 0.000508634780999, 0.000113650799904, 0.000235119150602, 1.6181720639e-05, 0.000233595026657, 0.000299126433674, 0.000241145680775, 0.000246622104896, 0.000129002772155, 5.66120979784e-05, 1.71097672137e-05, 8.01222086011e-06, 2.66559459305e-06, 2.33350291978e-07, 8.2298140569e-07, 2.27354078675e-07, 1.62360489497e-08, 1.34593864942e-08],
        "dmean2": [3.4545755625e-05, 0.0133346766233, 0.0105996020138, 0.00439236033708, 0.0159042775631, 0.000194487744011, 0.000308965565637, 0.00093443057267, 0.00163970852736, 0.000803459435701, 0.000191136234207, 0.000386822619475, 2.71415919997e-05, 0.000384102138923, 0.000485921598738, 0.000400422606617, 0.000416873488575, 0.000216651591472, 9.5675844932e-05, 2.7115613193e-05, 1.20507756947e-05, 4.04413231081e-06, 3.52123208813e-07, 1.19797255138e-06, 3.62469165793e-07, 2.12535393729e-08, 1.65235256588e-08],
        "dvar": [5.2381921023e-09, 5.52768906346e-05, 2.9258615541e-05, 6.4307428147e-06, 9.39972378546e-05, 1.2516277792e-08, 3.65974521799e-08, 4.39933700136e-07, 1.19111905406e-06, 2.66212708766e-07, 1.64296380945e-08, 9.17657843047e-08, 3.5978200974e-10, 8.88225670792e-08, 1.23250444517e-07, 7.91526630906e-08, 1.00184699647e-07, 2.74677702805e-08, 4.6401367193e-09, 1.11521025747e-09, 1.45896184023e-10, 1.65820464998e-11, 3.2204902807e-13, 6.12783695314e-12, 5.99244829105e-13, 5.21536447655e-14, 5.83622031453e-14],
        "dvar2": [8.92031337685e-09, 0.000183864671271, 8.09423436294e-05, 1.88036374311e-05, 0.000248182681389, 3.4569030305e-08, 9.97127003188e-08, 9.36501976412e-07, 2.89070089821e-06, 6.21009633051e-07, 4.30871267554e-08, 2.40557227471e-07, 9.64832991279e-10, 2.33319511267e-07, 3.07787388465e-07, 1.99975048076e-07, 2.7130178637e-07, 6.82390677298e-08, 1.21042020851e-08, 2.72730416029e-09, 2.78265910314e-10, 3.66985157541e-11, 6.25828327962e-13, 1.32096460506e-11, 1.46737602538e-12, 5.25131560415e-14, 5.84384361106e-14],
        "max": [0.00138051086105, 0.0550963133574, 0.0458216704428, 0.0157817881554, 0.069161593914, 0.000775428896304, 0.00176951393951, 0.00671600596979, 0.0133863156661, 0.00521036237478, 0.00160204479471, 0.00350730889477, 0.00022476472077, 0.00406883889809, 0.00748570868745, 0.00302367168479, 0.0037040701136, 0.00256670056842, 0.000744150194805, 0.000537087966222, 0.000205418124096, 5.27616866748e-05, 7.02938541508e-06, 3.66660206055e-05, 1.09341972347e-05, 6.09236076343e-06, 6.45967656965e-06],
        "mean": [3.48777030013e-05, 0.0130144190043, 0.0109670069069, 0.0040419283323, 0.0167660862207, 0.000168992919498, 0.000286358088488, 0.000848045165185, 0.00145943893585, 0.00109413277823, 0.000198994865059, 0.000430256215623, 3.21759107464e-05, 0.000470285565825, 0.00113627465907, 0.000484593125293, 0.000506743730512, 0.000406746112276, 0.000126232524053, 3.96819341404e-05, 2.15029231185e-05, 6.87724696036e-06, 3.88736452805e-07, 1.25100098103e-06, 3.26032932207e-07, 2.44565292462e-08, 2.87756911632e-08],
        "median": [1.14785916594e-05, 0.0107217924669, 0.00759900175035, 0.00303511577658, 0.0129079362378, 0.000145298487041, 0.000206691591302, 0.000540642533451, 0.000979666714557, 0.000778943009209, 0.000154733119416, 0.000276833277894, 2.29902543651e-05, 0.000311458512442, 0.000837308121845, 0.000361861311831, 0.000349303241819, 0.000269028474577, 0.000103157457488, 2.74418289337e-05, 1.46736429087e-05, 4.25885991717e-06, 1.61301770163e-07, 2.77764740986e-07, 6.84758063585e-08, 1.05491926305e-08, 1.74879861703e-08],
        "min": [6.50928768664e-08, 0.000114340597065, 0.000118334392027, 7.64165597502e-05, 0.000584528199397, 1.12359693958e-05, 1.64785815286e-05, 1.87278928934e-05, 3.48090325133e-05, 2.57840983977e-05, 7.17306284059e-06, 1.97660028789e-05, 1.76573701083e-06, 1.15686325444e-05, 2.93054108624e-05, 2.25104304263e-05, 2.09643003473e-05, 1.09562988655e-05, 5.08056245963e-06, 2.38495908889e-06, 2.09996824196e-06, 4.77882679206e-07, 2.80708398748e-08, 3.73566741985e-08, 9.05155594921e-09, 2.31822538943e-09, 5.08029929236e-09],
        "var": [9.55878842746e-09, 0.000102205616713, 9.92869900074e-05, 1.10177834358e-05, 0.000182452306035, 1.44562850579e-08, 6.30603551599e-08, 8.56821600337e-07, 2.08140681934e-06, 9.00369343526e-07, 2.82658270123e-08, 1.96183563617e-07, 8.17197476355e-10, 2.38503531591e-07, 1.16027331387e-06, 1.61188438597e-07, 2.27303800671e-07, 1.56416490427e-07, 9.11054875985e-09, 2.20409801521e-09, 5.23272536412e-10, 5.77714057148e-11, 5.23828810189e-13, 9.99808916213e-12, 6.8159193567e-13, 5.22026371512e-14, 5.83267903919e-14]
    },
    "erbbands": {
        "dmean": [0.0755735561252, 2.21302223206, 7.92577457428, 4.0476899147, 39.2092399597, 20.375421524, 2.03372812271, 0.840162158012, 1.66822338104, 3.28981995583, 25.2067718506, 16.6581878662, 15.5468492508, 6.01494407654, 7.47725629807, 5.5600104332, 0.929612100124, 5.01436805725, 22.44190979, 9.67794799805, 12.1729383469, 15.0189208984, 4.68422842026, 6.92933607101, 1.46367394924, 0.754653215408, 0.365692645311, 0.29099932313, 0.0948885977268, 0.014506328851, 0.00773463584483, 0.018422652036, 0.0113453157246, 0.00468534976244, 0.00040256237844, 9.19150406844e-05, 2.59967910097e-05, 7.55101791583e-06, 8.29936743685e-06, 1.73729185917e-05],
        "dmean2": [0.127873882651, 3.82969212532, 13.367193222, 6.72853088379, 63.1495933533, 35.0328216553, 3.48779010773, 1.45847201347, 2.85300421715, 5.82227182388, 40.1106376648, 28.3933944702, 24.7908306122, 9.54964733124, 12.5126171112, 9.18943119049, 1.54901850224, 8.56713104248, 34.8428611755, 16.0217761993, 19.8764686584, 25.6426830292, 7.74478197098, 11.2470235825, 2.43214464188, 1.23480010033, 0.54013299942, 0.442169845104, 0.145174264908, 0.0202184356749, 0.0115614775568, 0.0278586149216, 0.016994677484, 0.00745399855077, 0.000597113394178, 0.000124393787701, 3.24999273289e-05, 9.01603107195e-06, 1.29350682982e-05, 2.87924485747e-05],
        "dvar": [0.0111915376037, 4.14090299606, 44.4361724854, 10.4474248886, 1442.84680176, 430.270477295, 5.16283655167, 0.629921615124, 3.20781564713, 14.4352855682, 787.466491699, 349.870941162, 264.276550293, 32.0357246399, 69.23487854, 44.0503807068, 1.1153396368, 42.3379364014, 813.139465332, 140.959899902, 181.70954895, 451.829345703, 31.970123291, 68.3907394409, 3.56925964355, 3.29941296577, 0.288981497288, 0.202887699008, 0.0245542265475, 0.000709870830178, 0.000367634173017, 0.00320453615859, 0.00113597011659, 0.000228622346185, 3.92394713344e-06, 8.30241049243e-07, 1.78952788588e-07, 2.2634390362e-08, 1.17126908172e-09, 1.49418116768e-10],
        "dvar2": [0.0296240914613, 13.7807817459, 124.790496826, 30.7984790802, 3646.08813477, 1257.6505127, 14.5317249298, 1.7533531189, 8.72282218933, 40.5952529907, 1679.20446777, 892.517456055, 629.319519043, 78.6780014038, 181.140579224, 112.08265686, 3.09306550026, 122.014686584, 2147.43310547, 382.730743408, 448.185791016, 1273.74255371, 83.538772583, 169.827301025, 9.43686962128, 8.10588169098, 0.536829888821, 0.444548279047, 0.0536556169391, 0.0011895049829, 0.000714513007551, 0.00711946189404, 0.00241760420613, 0.000580070307478, 5.94782659391e-06, 8.55421660617e-07, 1.79395144073e-07, 2.26533014569e-08, 1.20647969393e-09, 4.30606411639e-10],
        "max": [1.48311650753, 13.8956270218, 58.3709716797, 26.0886230469, 280.755615234, 154.041854858, 21.2647190094, 7.1436958313, 22.5036525726, 28.6503562927, 295.984405518, 234.083251953, 162.533355713, 55.7159423828, 82.8589630127, 86.7426223755, 13.541973114, 77.4812240601, 507.286346436, 203.971099854, 149.858505249, 247.411895752, 81.8679046631, 131.404464722, 22.9355144501, 33.4412918091, 8.25070953369, 8.00212097168, 2.22910451889, 0.361318856478, 0.269122570753, 0.732221722603, 0.481297761202, 0.209594100714, 0.0438214056194, 0.0241799559444, 0.0113106137142, 0.00401955656707, 0.000940200930927, 0.000130493877805],
        "mean": [0.121186085045, 3.80482697487, 15.1446943283, 8.84826660156, 68.0886154175, 31.7573337555, 3.47006106377, 1.43684744835, 3.33009195328, 4.68449687958, 38.2708702087, 26.0714054108, 32.9376335144, 14.1903743744, 15.8053560257, 11.9061012268, 2.40109205246, 10.6216106415, 62.431022644, 35.8425712585, 26.6834812164, 29.5266952515, 14.5006361008, 22.2843570709, 4.17105817795, 1.76905846596, 1.00051307678, 0.842338442802, 0.254513800144, 0.035013217479, 0.0139643875882, 0.0277231223881, 0.0168732590973, 0.00681162020192, 0.000653056777082, 0.000191589148017, 4.73333602713e-05, 1.30742891997e-05, 2.81985630863e-05, 5.89458904869e-05],
        "median": [0.0818181931973, 3.17695760727, 10.8162231445, 8.24460315704, 52.2873306274, 24.7549934387, 2.86709332466, 1.22842228413, 2.42717981339, 3.58332133293, 24.9596195221, 18.3274650574, 23.2744922638, 11.2906160355, 12.531624794, 8.96722698212, 1.92685127258, 7.8075928688, 43.4358711243, 27.3685035706, 21.2333755493, 19.7043991089, 10.6558675766, 15.2692317963, 3.45336794853, 1.19877016544, 0.692444443703, 0.56466960907, 0.161565870047, 0.0203640963882, 0.0057114129886, 0.00666727405041, 0.00364849506877, 0.00141025579069, 0.000223939423449, 0.000107513362309, 2.68482708634e-05, 6.76804756949e-06, 2.7434391086e-05, 5.9325426264e-05],
        "min": [0.0020520281978, 0.0431529544294, 0.532228171825, 0.739807724953, 2.01487469673, 0.970592260361, 0.276604890823, 0.163986429572, 0.311688601971, 0.289772182703, 1.01540470123, 1.24889564514, 1.72199380398, 0.674990236759, 0.810788333416, 0.845164895058, 0.221347108483, 0.71931374073, 1.38897621632, 1.46183156967, 2.28914856911, 1.34632563591, 0.762999415398, 0.768678426743, 0.310681343079, 0.125258773565, 0.0607716105878, 0.0786908119917, 0.0198907926679, 0.00334822619334, 0.000915247306693, 0.000971793662757, 0.000504543830175, 0.000195875851205, 6.15818644292e-05, 3.17739213642e-05, 7.15117312211e-06, 2.13328962673e-06, 8.86517864274e-06, 1.71025949385e-05],
        "var": [0.0171907339245, 8.66860771179, 173.942626953, 16.0537567139, 3196.28417969, 614.95904541, 6.11358261108, 0.874033749104, 9.25184440613, 14.5483293533, 1653.14526367, 572.242248535, 822.62121582, 105.773338318, 165.137771606, 111.078742981, 3.04751443863, 87.8949890137, 3932.07568359, 849.891418457, 409.481933594, 877.312744141, 142.590454102, 420.559387207, 8.7895488739, 5.66090154648, 1.13202905655, 0.777148425579, 0.0736775919795, 0.00198202510364, 0.000665248255245, 0.00480034761131, 0.00183212000411, 0.000273445562925, 4.09240374211e-06, 8.37797983877e-07, 1.79049564508e-07, 2.26187264474e-08, 1.21471777081e-09, 2.58085469662e-10]
    },
    "gfcc": {
        "mean": [-49.5733604431, 190.977142334, -149.590072632, 44.748210907, -8.87926292419, -11.0155076981, -10.956817627, 1.91007018089, -8.68310642242, -28.5457782745, -23.6257743835, -28.8014507294, 3.77306389809],
        "cov": [[616.366699219, -253.391311646, -251.621109009, 1.19189739227, -216.978713989, 56.788066864, -173.505554199, -19.9358024597, -79.0283508301, -65.1124725342, -12.8775873184, -60.2632980347, 17.8869037628], [-253.391311646, 247.790267944, 66.2917633057, -49.881061554, 138.836120605, -92.8307647705, 116.862335205, -12.3844270706, 49.6179351807, 36.6116676331, -3.62981677055, 48.7308044434, -11.9947834015], [-251.621109009, 66.2917633057, 246.537780762, 44.1350669861, 79.265007019, 30.4021835327, 55.4618186951, 36.5500946045, 39.1366271973, 28.4108524323, 27.8429965973, 15.0551099777, 2.57338452339], [1.19189739227, -49.881061554, 44.1350669861, 73.733795166, 1.20432281494, 37.7394981384, -7.45693778992, 8.11648368835, 5.36507558823, 0.849966645241, 17.9485149384, -11.0826711655, 10.6257562637], [-216.978713989, 138.836120605, 79.265007019, 1.20432281494, 155.310028076, -27.6106567383, 85.7761230469, 0.507932662964, 37.7817459106, 41.4091796875, 0.42573043704, 31.6155891418, -5.30379343033], [56.788066864, -92.8307647705, 30.4021835327, 37.7394981384, -27.6106567383, 99.4095611572, -20.7832603455, 31.7823314667, 3.91992521286, 5.5618224144, 21.8743000031, -18.1172409058, 14.8814697266], [-173.505554199, 116.862335205, 55.4618186951, -7.45693778992, 85.7761230469, -20.7832603455, 107.344924927, 13.8056335449, 39.1126289368, 30.2672939301, 2.74243092537, 29.127407074, -9.06879997253], [-19.9358024597, -12.3844270706, 36.5500946045, 8.11648368835, 0.507932662964, 31.7823314667, 13.8056335449, 60.9102401733, 29.8602600098, 19.8330554962, 12.8255910873, -6.79028654099, 4.63863325119], [-79.0283508301, 49.6179351807, 39.1366271973, 5.36507558823, 37.7817459106, 3.91992521286, 39.1126289368, 29.8602600098, 63.5806770325, 42.4623565674, 7.81993722916, 2.95506930351, -7.07339143753], [-65.1124725342, 36.6116676331, 28.4108524323, 0.849966645241, 41.4091796875, 5.5618224144, 30.2672939301, 19.8330554962, 42.4623565674, 67.6628036499, 16.7021121979, 0.0772432759404, -4.16240930557], [-12.8775873184, -3.62981677055, 27.8429965973, 17.9485149384, 0.42573043704, 21.8743000031, 2.74243092537, 12.8255910873, 7.81993722916, 16.7021121979, 36.0712547302, 8.02041625977, 5.92632436752], [-60.2632980347, 48.7308044434, 15.0551099777, -11.0826711655, 31.6155891418, -18.1172409058, 29.127407074, -6.79028654099, 2.95506930351, 0.0772432759404, 8.02041625977, 46.6066398621, 5.73687744141], [17.8869037628, -11.9947834015, 2.57338452339, 10.6257562637, -5.30379343033, 14.8814697266, -9.06879997253, 4.63863325119, -7.07339143753, -4.16240930557, 5.92632436752, 5.73687744141, 33.5825576782]],
        "icov": [[0.00645453296602, -0.00181412417442, 0.00530924322084, -0.00258267577738, 0.00425597513095, -0.0038266889751, 0.00508470647037, -0.00142607663292, 0.00202586804517, -0.000805387622677, 0.00164222088642, -0.000299502164125, 0.00035073570325], [-0.00181412417442, 0.0406076163054, -0.00738927535713, 0.0261851400137, -0.0191167164594, 0.0265503972769, -0.0217129718512, 0.0144727583975, -0.0239953976125, 0.0141316503286, -0.024333184585, 0.0103919403628, -0.0156794302166], [0.00530924322084, -0.00738927535713, 0.0116916419938, -0.00853443425149, 0.00303573533893, -0.00773046212271, 0.00638259481639, -0.00579511979595, 0.00431304518133, -0.00106802606024, 0.00206115841866, -0.00217605661601, 0.00355051830411], [-0.00258267577738, 0.0261851400137, -0.00853443425149, 0.0398386269808, -0.0158185586333, 0.0123573187739, -0.0140851633623, 0.0150622250512, -0.0214402712882, 0.0160993896425, -0.0269022937864, 0.0159227587283, -0.0155743779615], [0.00425597513095, -0.0191167164594, 0.00303573533893, -0.0158185586333, 0.0266348328441, -0.012194766663, 0.00423124339432, -0.00386513816193, 0.0125343427062, -0.0147518068552, 0.0185733214021, -0.00999721605331, 0.00620638998225], [-0.0038266889751, 0.0265503972769, -0.00773046212271, 0.0123573187739, -0.012194766663, 0.0364152938128, -0.0147234452888, 0.00255440897308, -0.0141227226704, 0.00868683774024, -0.0217050593346, 0.0110866986215, -0.0141493771225], [0.00508470647037, -0.0217129718512, 0.00638259481639, -0.0140851633623, 0.00423124339432, -0.0147234452888, 0.0358344130218, -0.0121209612116, 0.00772702600807, -0.00746814161539, 0.0149118695408, -0.0134608540684, 0.012417698279], [-0.00142607663292, 0.0144727583975, -0.00579511979595, 0.0150622250512, -0.00386513816193, 0.00255440897308, -0.0121209612116, 0.035553496331, -0.0226897988468, 0.00719481054693, -0.0140760969371, 0.0101055623963, -0.011448954232], [0.00202586804517, -0.0239953976125, 0.00431304518133, -0.0214402712882, 0.0125343427062, -0.0141227226704, 0.00772702600807, -0.0226897988468, 0.0537835247815, -0.0282772853971, 0.0226275771856, -0.0101149799302, 0.0158205684274], [-0.000805387622677, 0.0141316503286, -0.00106802606024, 0.0160993896425, -0.0147518068552, 0.00868683774024, -0.00746814161539, 0.00719481054693, -0.0282772853971, 0.0402787923813, -0.0277560986578, 0.0148602472618, -0.00732944952324], [0.00164222088642, -0.024333184585, 0.00206115841866, -0.0269022937864, 0.0185733214021, -0.0217050593346, 0.0149118695408, -0.0140760969371, 0.0226275771856, -0.0277560986578, 0.0663516968489, -0.0261128116399, 0.0113884182647], [-0.000299502164125, 0.0103919403628, -0.00217605661601, 0.0159227587283, -0.00999721605331, 0.0110866986215, -0.0134608540684, 0.0101055623963, -0.0101149799302, 0.0148602472618, -0.0261128116399, 0.0426864363253, -0.0154952835292], [0.00035073570325, -0.0156794302166, 0.00355051830411, -0.0155743779615, 0.00620638998225, -0.0141493771225, 0.012417698279, -0.011448954232, 0.0158205684274, -0.00732944952324, 0.0113884182647, -0.0154952835292, 0.0438921228051]]
    },
    "melbands": {
        "dmean": [0.00137414503843, 0.00368769164197, 0.00165713927709, 0.00250957463868, 0.000124020676594, 1.93196774489e-05, 2.82054406853e-05, 3.0215798688e-05, 0.000259596476099, 8.89158909558e-05, 8.1585283624e-05, 2.96099460684e-05, 2.04968382604e-05, 3.10992545565e-05, 3.79906350645e-06, 3.52050687979e-06, 7.79737729317e-06, 4.31360058428e-05, 2.03287272598e-05, 1.62553988048e-05, 1.43183733599e-05, 1.56536152645e-05, 8.66171194502e-06, 5.87854947298e-06, 6.11390896665e-06, 1.27558814711e-06, 1.01176397038e-06, 4.46902191698e-07, 2.03196918847e-07, 2.75957006579e-07, 1.59840368497e-07, 6.80056544411e-08, 2.21063878314e-08, 4.26292734446e-09, 3.68481622992e-09, 8.03334732069e-09, 1.30717845437e-08, 8.99923335851e-09, 6.34837338254e-09, 3.37293082353e-09],
        "dmean2": [0.00239961058833, 0.00628837989643, 0.00269180443138, 0.00411465018988, 0.000217778666411, 3.35583827109e-05, 4.84436895931e-05, 5.37870655535e-05, 0.000414757290855, 0.000153417277033, 0.000129925581859, 4.63713731733e-05, 3.48132998624e-05, 5.12381193403e-05, 6.3820093601e-06, 6.07852689427e-06, 1.37232755151e-05, 6.6221866291e-05, 3.2687024941e-05, 2.71876651823e-05, 2.35044844885e-05, 2.66947736236e-05, 1.4447518879e-05, 9.82877736533e-06, 9.92295281321e-06, 2.1106013719e-06, 1.71980354935e-06, 7.46312935007e-07, 3.10723180519e-07, 4.13844929881e-07, 2.48896611765e-07, 1.06897857677e-07, 3.22650706153e-08, 6.43593711658e-09, 5.71935787619e-09, 1.22960939208e-08, 1.96738945135e-08, 1.38232802982e-08, 9.64933111192e-09, 5.55773338462e-09],
        "dvar": [2.2119784262e-06, 8.69920950208e-06, 2.27979171541e-06, 6.22029574515e-06, 2.28565575355e-08, 3.26222937552e-10, 8.77243888642e-10, 1.22073751108e-09, 8.29969621918e-08, 1.01834674027e-08, 7.30158866702e-09, 7.80244591159e-10, 4.6902948192e-10, 1.63542890341e-09, 1.63344650306e-11, 2.51126376638e-11, 1.09949681304e-10, 3.1916174148e-09, 6.59310939177e-10, 4.02971850333e-10, 2.85227674812e-10, 4.59974669464e-10, 1.24025650861e-10, 5.69117461491e-11, 5.23842011435e-11, 3.35271957766e-12, 2.14393086617e-12, 1.66380255927e-12, 1.16332480758e-13, 1.94209299792e-13, 7.09427701588e-14, 1.27675071849e-14, 1.45412581275e-15, 7.94074065112e-17, 8.35975593872e-17, 6.17939916477e-16, 1.59008952974e-15, 7.72368845838e-16, 3.30193586342e-16, 1.48941333768e-16],
        "dvar2": [6.88079717293e-06, 2.51393194048e-05, 6.09512380834e-06, 1.6671463527e-05, 6.80019738297e-08, 9.13876141428e-10, 2.38087127791e-09, 3.43945272263e-09, 1.78594305567e-07, 2.63375916632e-08, 1.72155960598e-08, 1.88777815602e-09, 1.21113408191e-09, 4.25774926427e-09, 4.33967618785e-11, 7.46318701283e-11, 3.29187704873e-10, 8.43863467992e-09, 1.51596091236e-09, 1.08859821157e-09, 7.25332127693e-10, 1.29985933128e-09, 3.3879857253e-10, 1.4653193936e-10, 1.31393534941e-10, 9.09494354828e-12, 5.90877347051e-12, 4.07317625808e-12, 2.55837858494e-13, 4.00053688093e-13, 1.7840432907e-13, 2.98019631705e-14, 2.97339947057e-15, 1.49792138659e-16, 1.74824556289e-16, 1.41486964729e-15, 3.43457142914e-15, 1.70670849652e-15, 7.34072315771e-16, 4.0036814844e-16],
        "max": [0.0143488645554, 0.0263882502913, 0.0112886466086, 0.0176180712879, 0.00161766342353, 0.000146884063724, 0.000311777694151, 0.000254204671364, 0.00319304014556, 0.00123852840625, 0.000845463015139, 0.000303085020278, 0.000218555214815, 0.00044896241161, 4.64610457129e-05, 5.29692006239e-05, 0.000123110454297, 0.000963605591096, 0.000594684155658, 0.000204425945412, 0.000231283294852, 0.000252827187069, 0.000124912767205, 0.000116695235192, 0.000112539506517, 2.52731078945e-05, 1.92987499759e-05, 2.57548053924e-05, 6.8385479608e-06, 6.73925478623e-06, 3.69047734239e-06, 1.54440692768e-06, 4.88952139222e-07, 1.28827082335e-07, 1.34303874688e-07, 3.51959698719e-07, 6.0913453126e-07, 4.41821214281e-07, 2.28570840477e-07, 1.55081067987e-07],
        "mean": [0.00227052648552, 0.00709979794919, 0.00347604998387, 0.00422403542325, 0.000177807654836, 3.25675573549e-05, 5.18880187883e-05, 3.94454837078e-05, 0.000393631344195, 0.000134488349431, 0.000168763755937, 6.76041090628e-05, 4.04391103075e-05, 5.9311336372e-05, 8.66771006258e-06, 5.48113348486e-06, 1.29745576487e-05, 0.00010228069732, 8.37216575746e-05, 3.02257012663e-05, 2.94288784062e-05, 2.98256327369e-05, 1.85317949217e-05, 1.67172656802e-05, 1.90717764781e-05, 2.99348130284e-06, 2.02099568014e-06, 9.58504074333e-07, 5.62591424114e-07, 6.36833874523e-07, 4.32648164406e-07, 1.66128472756e-07, 4.39927312357e-08, 8.05726863007e-09, 6.08640871036e-09, 1.23151835396e-08, 1.88567650383e-08, 1.24864767415e-08, 9.31134014337e-09, 4.40879466268e-09],
        "median": [0.00179319072049, 0.00537533219904, 0.00278360652737, 0.00328984088264, 0.000138812756632, 2.82545006485e-05, 3.85236889997e-05, 2.92263102892e-05, 0.000259624415776, 9.41203470575e-05, 0.000121217461128, 5.32486265001e-05, 3.24525972246e-05, 4.00056233048e-05, 6.40112784822e-06, 3.59620457857e-06, 9.51343645283e-06, 6.34324751445e-05, 5.57020466658e-05, 2.26987631322e-05, 2.30968653341e-05, 1.97880581254e-05, 1.31758952193e-05, 1.11561439553e-05, 1.31457172756e-05, 2.41771408582e-06, 1.51743643073e-06, 5.51915775304e-07, 3.67643707477e-07, 4.26834134259e-07, 2.80151283505e-07, 1.04080925212e-07, 2.44920528303e-08, 4.13545730993e-09, 2.63950794555e-09, 3.56161211634e-09, 4.24716173342e-09, 2.67128430487e-09, 1.69199876332e-09, 9.09588848685e-10],
        "min": [2.5322286092e-05, 0.000157952759764, 0.000102576959762, 0.000135265785502, 1.00879615275e-05, 3.02950365949e-06, 4.18663421442e-06, 2.23718802772e-06, 8.48310810397e-06, 5.60294347451e-06, 6.19271122559e-06, 1.96139058062e-06, 1.91025083041e-06, 2.91452056445e-06, 3.22597003333e-07, 3.75106907313e-07, 8.77487252637e-07, 1.71602380306e-06, 1.56467410761e-06, 1.3990604657e-06, 2.53009625339e-06, 1.31919966861e-06, 9.20001696159e-07, 5.46278045022e-07, 5.27801034877e-07, 2.00657481741e-07, 1.4325557629e-07, 6.9799760638e-08, 3.09988905656e-08, 4.77563411039e-08, 3.35198890866e-08, 1.11867919372e-08, 3.09233039175e-09, 6.97456425947e-10, 4.3598433197e-10, 5.13448339401e-10, 5.53614432075e-10, 3.3538199995e-10, 2.21401216804e-10, 1.04381080168e-10],
        "var": [3.42974794876e-06, 3.37404562742e-05, 4.72013016406e-06, 1.14067015602e-05, 2.28061445284e-08, 4.71834515903e-10, 2.04869543552e-09, 1.16820209062e-09, 1.74032493305e-07, 1.55712029937e-08, 2.27142606946e-08, 2.71262146079e-09, 9.96231985795e-10, 3.55944784758e-09, 5.19687452794e-11, 3.22020778099e-11, 1.42967179761e-10, 1.25525891903e-08, 7.41943528837e-09, 7.17051251709e-10, 5.5044718783e-10, 8.9845147988e-10, 2.99645835922e-10, 2.63375904419e-10, 3.09159614575e-10, 5.51043889338e-12, 3.37012709406e-12, 2.70875639627e-12, 3.70707181315e-13, 5.47573271448e-13, 2.16765136656e-13, 3.40837553764e-14, 3.30438860614e-15, 1.52463786454e-16, 1.29707478702e-16, 8.31029159688e-16, 2.46758294645e-15, 1.12643523524e-15, 5.14065036842e-16, 1.41814411785e-16]
    },
    "mfcc": {
        "mean": [-682.801330566, 206.693832397, -50.1960334778, 58.5202713013, 19.9247245789, 2.62177038193, 10.7395181656, 14.2520008087, 26.913936615, 2.50409817696, -4.04103326797, -11.6407871246, -20.4231243134],
        "cov": [[868.34588623, -389.394195557, -112.468330383, -167.226470947, -72.9590606689, -64.7148132324, -77.2691650391, -49.3990707397, -92.3524169922, -39.1497077942, -91.7997283936, -39.1868667603, -119.030822754], [-389.394195557, 383.940216064, -74.8184051514, 107.395751953, -15.2594604492, 20.4559230804, 9.58437919617, 16.7718086243, 44.9785995483, 0.151404842734, 52.1296386719, 4.34689235687, 61.5202560425], [-112.468330383, -74.8184051514, 203.076446533, -9.66685295105, 55.0424919128, 5.53620958328, 31.2096500397, 16.9929771423, 10.5796508789, 29.5588302612, 4.84489202499, 32.2602577209, 26.8833274841], [-167.226470947, 107.395751953, -9.66685295105, 94.7527389526, 10.4252443314, 20.8767776489, 10.9073600769, 8.4194984436, 14.6446065903, 7.90437316895, 16.8980026245, -1.04745328426, 26.9674892426], [-72.9590606689, -15.2594604492, 55.0424919128, 10.4252443314, 72.6450576782, 16.1655349731, 20.363992691, 2.03325676918, 16.6233520508, 14.2966098785, 9.75249099731, 11.861571312, 12.4335508347], [-64.7148132324, 20.4559230804, 5.53620958328, 20.8767776489, 16.1655349731, 53.8034591675, 15.1854505539, 5.40520334244, 5.71811103821, 8.53831386566, 12.5296287537, 1.06195998192, 11.3436975479], [-77.2691650391, 9.58437919617, 31.2096500397, 10.9073600769, 20.363992691, 15.1854505539, 51.4811019897, 11.3269395828, 12.6622161865, 9.02667427063, 6.50551986694, 5.99056577682, 8.89716529846], [-49.3990707397, 16.7718086243, 16.9929771423, 8.4194984436, 2.03325676918, 5.40520334244, 11.3269395828, 51.4774436951, 11.8330316544, -6.08024168015, -1.02305519581, 9.99648475647, 12.3314504623], [-92.3524169922, 44.9785995483, 10.5796508789, 14.6446065903, 16.6233520508, 5.71811103821, 12.6622161865, 11.8330316544, 54.3567237854, 25.6378707886, 19.8258647919, 6.99270200729, 15.401432991], [-39.1497077942, 0.151404842734, 29.5588302612, 7.90437316895, 14.2966098785, 8.53831386566, 9.02667427063, -6.08024168015, 25.6378707886, 59.4982566833, 26.2900447845, 13.7771997452, 13.1677303314], [-91.7997283936, 52.1296386719, 4.84489202499, 16.8980026245, 9.75249099731, 12.5296287537, 6.50551986694, -1.02305519581, 19.8258647919, 26.2900447845, 58.319442749, 18.8022518158, 17.454202652], [-39.1868667603, 4.34689235687, 32.2602577209, -1.04745328426, 11.861571312, 1.06195998192, 5.99056577682, 9.99648475647, 6.99270200729, 13.7771997452, 18.8022518158, 40.6559829712, 18.1199760437], [-119.030822754, 61.5202560425, 26.8833274841, 26.9674892426, 12.4335508347, 11.3436975479, 8.89716529846, 12.3314504623, 15.401432991, 13.1677303314, 17.454202652, 18.1199760437, 56.3465766907]],
