{
"lowlevel": {
    "average_loudness": 0.986007750034,
    "barkbands_crest": {
        "dmean": 3.35148525238,
        "dmean2": 5.41191864014,
        "dvar": 6.85662221909,
        "dvar2": 15.2813901901,
        "max": 21.630695343,
        "mean": 12.5330610275,
        "median": 12.6012973785,
        "min": 4.47231531143,
        "var": 16.6490535736
    },
    "barkbands_flatness_db": {
        "dmean": 0.0203429590911,
        "dmean2": 0.0302877947688,
        "dvar": 0.000297169171972,
        "dvar2": 0.000566140457522,
        "max": 0.295367330313,
        "mean": 0.20018184185,
        "median": 0.198411285877,
        "min": 0.110049508512,
        "var": 0.000792293518316
    },
    "barkbands_kurtosis": {
        "dmean": 1.73314011097,
        "dmean2": 2.67240381241,
        "dvar": 5.14251804352,
        "dvar2": 10.6973714828,
        "max": 21.5810718536,
        "mean": 0.801844060421,
        "median": 0.0331456661224,
        "min": -1.77314817905,
        "var": 9.07226276398
    },
    "barkbands_skewness": {
        "dmean": 0.58807861805,
        "dmean2": 0.866991698742,
        "dvar": 0.230062887073,
        "dvar2": 0.501340329647,
        "max": 4.49616384506,
        "mean": 1.17714715004,
        "median": 1.13414502144,
        "min": -1.16210341454,
        "var": 0.658928215504
    },
    "barkbands_spread": {
        "dmean": 4.57269716263,
        "dmean2": 6.91368436813,
        "dvar": 12.1736907959,
        "dvar2": 34.1285514832,
        "max": 34.6264419556,
        "mean": 19.9698905945,
        "median": 19.5839881897,
        "min": 4.63759279251,
        "var": 40.6825218201
    },
    "dissonance": {
        "dmean": 0.022454643622,
        "dmean2": 0.0383060090244,
        "dvar": 0.000428142346209,
        "dvar2": 0.000895975506864,
        "max": 0.495644748211,
        "mean": 0.46418261528,
        "median": 0.467168420553,
        "min": 0.239398613572,
        "var": 0.000554422789719
    },
    "dynamic_complexity": 0.465908050537,
    "erbbands_crest": {
        "dmean": 2.77137494087,
        "dmean2": 4.44368219376,
        "dvar": 5.1363658905,
        "dvar2": 12.4451313019,
        "max": 21.5229549408,
        "mean": 9.92477798462,
        "median": 9.08156490326,
        "min": 5.15061092377,
        "var": 11.4527006149
    },
    "erbbands_flatness_db": {
        "dmean": 0.0137955611572,
        "dmean2": 0.022445153445,
        "dvar": 0.000124190017232,
        "dvar2": 0.000300034182146,
        "max": 0.324138700962,
        "mean": 0.252979785204,
        "median": 0.252644956112,
        "min": 0.19593308866,
        "var": 0.000247828807915
    },
    "erbbands_kurtosis": {
        "dmean": 0.818431079388,
        "dmean2": 1.303861022,
        "dvar": 1.13826727867,
        "dvar2": 2.29180955887,
        "max": 12.7986717224,
        "mean": -0.359390437603,
        "median": -0.687959432602,
        "min": -1.73263478279,
        "var": 1.93396139145
    },
    "erbbands_skewness": {
        "dmean": 0.421759128571,
        "dmean2": 0.646160423756,
        "dvar": 0.109097771347,
        "dvar2": 0.29063102603,
        "max": 0.853529930115,
        "mean": -0.630678415298,
        "median": -0.58204883337,
        "min": -3.21758723259,
        "var": 0.303244560957
    },
    "erbbands_spread": {
        "dmean": 8.3793964386,
        "dmean2": 13.3342103958,
        "dvar": 35.5355186462,
        "dvar2": 99.2207794189,
        "max": 59.8518867493,
        "mean": 34.5154304504,
        "median": 34.2504882812,
        "min": 8.58575153351,
        "var": 83.3418502808
    },
    "hfc": {
        "dmean": 6.17770528793,
        "dmean2": 9.81006717682,
        "dvar": 23.4619560242,
        "dvar2": 54.2150764465,
        "max": 71.203453064,
        "mean": 26.112657547,
        "median": 25.3256340027,
        "min": 0.355455249548,
        "var": 62.7910614014
    },
    "melbands_crest": {
        "dmean": 3.41803956032,
        "dmean2": 5.63007354736,
        "dvar": 7.55826807022,
        "dvar2": 19.1941432953,
        "max": 23.8260707855,
        "mean": 15.630695343,
        "median": 15.8823719025,
        "min": 7.06428384781,
        "var": 15.3886165619
    },
    "melbands_flatness_db": {
        "dmean": 0.0250279735774,
        "dmean2": 0.0356405600905,
        "dvar": 0.000416492432123,
        "dvar2": 0.000799949746579,
        "max": 0.376886725426,
        "mean": 0.270595878363,
        "median": 0.27012771368,
        "min": 0.170463219285,
        "var": 0.00115209852811
    },
    "melbands_kurtosis": {
        "dmean": 4.88702535629,
        "dmean2": 7.60856437683,
        "dvar": 28.8674945831,
        "dvar2": 60.7720565796,
        "max": 55.8333854675,
        "mean": 6.31988573074,
        "median": 4.56301498413,
        "min": -1.80715930462,
        "var": 53.9326324463
    },
    "melbands_skewness": {
        "dmean": 0.847182631493,
        "dmean2": 1.30489516258,
        "dvar": 0.422095686197,
        "dvar2": 0.989978432655,
        "max": 6.74489402771,
        "mean": 2.3568778038,
        "median": 2.23994874954,
        "min": 0.00548868626356,
        "var": 1.05985069275
    },
    "melbands_spread": {
        "dmean": 8.06514930725,
        "dmean2": 12.153963089,
        "dvar": 43.7328033447,
        "dvar2": 92.5743484497,
        "max": 71.8519363403,
        "mean": 24.5764083862,
        "median": 21.8235797882,
        "min": 4.10183429718,
        "var": 141.9949646
    },
    "pitch_salience": {
        "dmean": 0.0775360763073,
        "dmean2": 0.126863256097,
        "dvar": 0.00402717478573,
        "dvar2": 0.00872586667538,
        "max": 0.835719406605,
        "mean": 0.392942965031,
        "median": 0.390784651041,
        "min": 0.166854456067,
        "var": 0.00682006217539
    },
    "silence_rate_20dB": {
        "dmean": 0,
        "dmean2": 0,
        "dvar": 0,
        "dvar2": 0,
        "max": 1,
        "mean": 1,
        "median": 1,
        "min": 1,
        "var": 0
    },
    "silence_rate_30dB": {
        "dmean": 0,
        "dmean2": 0,
        "dvar": 0,
        "dvar2": 0,
        "max": 1,
        "mean": 1,
        "median": 1,
        "min": 1,
        "var": 0
    },
    "silence_rate_60dB": {
        "dmean": 0,
        "dmean2": 0,
        "dvar": 0,
        "dvar2": 0,
        "max": 0,
        "mean": 0,
        "median": 0,
        "min": 0,
        "var": 0
    },
    "spectral_centroid": {
        "dmean": 231.469680786,
        "dmean2": 339.749328613,
        "dvar": 31987.2265625,
        "dvar2": 78023.7734375,
        "max": 2107.33422852,
        "mean": 1109.25256348,
        "median": 1066.72070312,
        "min": 389.76260376,
        "var": 118971.5625
    },
    "spectral_complexity": {
        "dmean": 3.01666665077,
        "dmean2": 4.8158993721,
        "dvar": 6.39971113205,
        "dvar2": 13.6564846039,
        "max": 30,
        "mean": 20.970954895,
        "median": 21,
        "min": 1,
        "var": 12.3020629883
    },
    "spectral_decrease": {
        "dmean": 2.36342301285e-09,
        "dmean2": 3.43877171183e-09,
        "dvar": 3.79658282215e-18,
        "dvar2": 7.45995895999e-18,
        "max": -1.00321743968e-10,
        "mean": -9.90900517195e-09,
        "median": -9.7104209118e-09,
        "min": -1.78324359723e-08,
        "var": 7.78067756299e-18
    },
    "spectral_energy": {
        "dmean": 0.00917936488986,
        "dmean2": 0.0134234363213,
        "dvar": 5.67841416341e-05,
        "dvar2": 0.000112882677058,
        "max": 0.0696043670177,
        "mean": 0.0397672839463,
        "median": 0.0391384251416,
        "min": 0.00041087900172,
        "var": 0.000113692156447
    },
    "spectral_energyband_high": {
        "dmean": 2.59219195868e-05,
        "dmean2": 4.29841056757e-05,
        "dvar": 8.05084054978e-10,
        "dvar2": 2.0776460552e-09,
        "max": 0.00033116096165,
        "mean": 8.80393927218e-05,
        "median": 7.71732302383e-05,
        "min": 1.3523222151e-06,
        "var": 1.74400471842e-09
    },
    "spectral_energyband_low": {
        "dmean": 0.0011559718987,
        "dmean2": 0.00191393354908,
        "dvar": 1.12774625904e-06,
        "dvar2": 3.22164260069e-06,
        "max": 0.0109026012942,
        "mean": 0.00237761507742,
        "median": 0.00203257519752,
        "min": 8.57883496792e-05,
        "var": 2.43576914727e-06
    },
    "spectral_energyband_middle_high": {
        "dmean": 0.00312423496507,
        "dmean2": 0.00501603540033,
        "dvar": 5.98240467298e-06,
        "dvar2": 1.38896684803e-05,
        "max": 0.0305584315211,
        "mean": 0.0099173579365,
        "median": 0.00908177252859,
        "min": 0.000164692668477,
        "var": 1.60002964549e-05
    },
    "spectral_energyband_middle_low": {
        "dmean": 0.00920862145722,
        "dmean2": 0.0134932892397,
        "dvar": 6.13230658928e-05,
        "dvar2": 0.000112717440061,
        "max": 0.066062644124,
        "mean": 0.0282471440732,
        "median": 0.0269009098411,
        "min": 0.000181521332706,
        "var": 0.00014633180399
    },
    "spectral_entropy": {
        "dmean": 0.138290017843,
        "dmean2": 0.213368624449,
        "dvar": 0.0128286611289,
        "dvar2": 0.0262142345309,
        "max": 7.6468000412,
        "mean": 7.00843238831,
        "median": 7.03086471558,
        "min": 6.35274171829,
        "var": 0.0275927688926
    },
    "spectral_flux": {
        "dmean": 0.0190151985735,
        "dmean2": 0.0315730758011,
        "dvar": 0.000317318917951,
        "dvar2": 0.000882735301275,
        "max": 0.171591699123,
        "mean": 0.0890126824379,
        "median": 0.0870412960649,
        "min": 0.0515256375074,
        "var": 0.000387629581382
    },
    "spectral_kurtosis": {
        "dmean": 4.30227375031,
        "dmean2": 7.70545244217,
        "dvar": 10.9248437881,
        "dvar2": 35.6431045532,
        "max": 28.4127101898,
        "mean": 7.78012561798,
        "median": 7.17134094238,
        "min": 0.61674451828,
        "var": 16.8795261383
    },
    "spectral_rms": {
        "dmean": 0.000747134326957,
        "dmean2": 0.00109132844955,
        "dvar": 4.38543708015e-07,
        "dvar2": 8.21996366085e-07,
        "max": 0.0082405526191,
        "mean": 0.00616339500993,
        "median": 0.00617930665612,
        "min": 0.000633133167867,
        "var": 8.09927485079e-07
    },
    "spectral_rolloff": {
        "dmean": 437.303527832,
        "dmean2": 708.072937012,
        "dvar": 193673.1875,
        "dvar2": 382387.03125,
        "max": 2540.91796875,
        "mean": 1525.28283691,
        "median": 1701.12304688,
        "min": 215.33203125,
        "var": 415466.6875
    },
    "spectral_skewness": {
        "dmean": 0.376477658749,
        "dmean2": 0.681558251381,
        "dvar": 0.0872077867389,
        "dvar2": 0.256256848574,
        "max": 3.84871816635,
        "mean": 1.42598092556,
        "median": 1.37061405182,
        "min": 0.715064883232,
        "var": 0.163336485624
    },
    "spectral_spread": {
        "dmean": 207612.859375,
        "dmean2": 334871.8125,
        "dvar": 128733028352,
        "dvar2": 121397846016,
        "max": 8426549,
        "mean": 2163362.75,
        "median": 2126416.25,
        "min": 1760060.375,
        "var": 202326687744
    },
    "spectral_strongpeak": {
        "dmean": 0.632022202015,
        "dmean2": 1.09804141521,
        "dvar": 1.69985234737,
        "dvar2": 4.02240753174,
        "max": 12.2167882919,
        "mean": 1.27539277077,
        "median": 1.00798475742,
        "min": 0.00637545157224,
        "var": 1.52283167839
    },
    "zerocrossingrate": {
        "dmean": 0.00709431944415,
        "dmean2": 0.00885239616036,
        "dvar": 3.39128746418e-05,
        "dvar2": 5.9422072809e-05,
        "max": 0.08154296875,
        "mean": 0.0419861078262,
        "median": 0.0400390625,
        "min": 0.0126953125,
        "var": 0.000184786229511
    },
    "barkbands": {
        "dmean": [1.00799215943e-05, 0.000709666812327, 0.000607555150054, 0.00193088816013, 0.00799112580717, 0.000336956698447, 0.000183183263289, 0.00135557120666, 0.00162280292716, 0.00105379754677, 0.000240914596361, 0.000876914826222, 2.61481964117e-05, 0.000445225537987, 0.000483482901473, 0.00203626276925, 0.000536935578566, 0.000259375752648, 0.000150725754793, 2.09001900657e-05, 1.70224411704e-05, 3.99320697397e-06, 7.12887356258e-07, 2.76697903701e-07, 1.18893176193e-07, 7.93463641457e-08, 5.84055648289e-08],
        "dmean2": [1.70546427398e-05, 0.00112756737508, 0.00106481520925, 0.00292593147606, 0.0120584573597, 0.000607622030657, 0.000295066798571, 0.00237601972185, 0.00290089589544, 0.00193366582971, 0.000422878365498, 0.00136942567769, 4.38393217337e-05, 0.000745798577555, 0.000838800158817, 0.00307704391889, 0.000875130994245, 0.000431968597695, 0.000251061312156, 3.42198436556e-05, 2.86296744889e-05, 6.61370995658e-06, 1.27276621242e-06, 4.21484742219e-07, 1.71652388303e-07, 1.00593624097e-07, 6.38247001916e-08],
        "dvar": [1.1215929574e-10, 4.92024980758e-07, 3.37381038662e-07, 1.91080789591e-06, 5.06084907101e-05, 1.15256959532e-07, 3.53879059389e-08, 1.18064235721e-06, 2.255914751e-06, 6.69613655191e-07, 1.13477511832e-07, 8.60220325194e-07, 4.93992236006e-10, 1.61947937727e-07, 2.51690295272e-07, 3.64067068404e-06, 4.12110750858e-07, 8.06169992984e-08, 2.55755701062e-08, 5.44967015959e-10, 3.45941830737e-10, 1.53074480175e-11, 1.15759203438e-12, 7.12831378126e-13, 5.91181888599e-13, 5.42825441714e-13, 6.19904572553e-13],
        "dvar2": [2.94640173371e-10, 1.34074059588e-06, 9.20843945096e-07, 4.74093758385e-06, 8.6784013547e-05, 3.12122324431e-07, 8.24704926572e-08, 3.40955011779e-06, 6.04162823947e-06, 1.80525034921e-06, 3.14445543381e-07, 1.87113198535e-06, 1.35974198567e-09, 4.10879067658e-07, 6.90801130077e-07, 7.96398126113e-06, 9.72118527898e-07, 2.14862026837e-07, 6.58241035012e-08, 1.35749611552e-09, 8.2471507401e-10, 3.89725196559e-11, 1.8195356246e-12, 8.09493043343e-13, 6.10811368932e-13, 5.41170623938e-13, 6.21763708228e-13],
        "max": [0.000107553612906, 0.00618815375492, 0.00408504996449, 0.0129798352718, 0.0549619272351, 0.00237469328567, 0.00141050934326, 0.00697498582304, 0.00844467058778, 0.00493320403621, 0.00299719744362, 0.00907231494784, 0.00017136328097, 0.00400961050764, 0.00384469074197, 0.0204139612615, 0.00632349215448, 0.00250071496703, 0.00106436677743, 0.000246392533882, 0.000239388653426, 3.60860249202e-05, 1.55945381266e-05, 1.39840340125e-05, 1.2270606021e-05, 1.15951306725e-05, 1.22976034618e-05],
        "mean": [1.20436452562e-05, 0.00119822018314, 0.000814766273834, 0.00421383371577, 0.0192273110151, 0.000437518756371, 0.00028042102349, 0.0014146247413, 0.0019786991179, 0.00129584618844, 0.000321045750752, 0.00134490209166, 4.41176853201e-05, 0.000805488787591, 0.000836511841044, 0.00346699822694, 0.00120100565255, 0.000498396519106, 0.000256458442891, 5.26379299117e-05, 5.41824265383e-05, 1.01616751635e-05, 8.59573106027e-07, 8.138978842e-07, 2.88626779366e-07, 1.27994240984e-07, 9.25699907839e-08],
        "median": [7.82692768553e-06, 0.000992615474388, 0.000546285882592, 0.00408205203712, 0.0177184324712, 0.000330374838086, 0.000197508808924, 0.00111431698315, 0.00161933223717, 0.000983665580861, 0.000219605470193, 0.00100982829463, 3.82944053854e-05, 0.000660990946926, 0.000584185123444, 0.00250865169801, 0.000796857813839, 0.00041186119779, 0.00020851798763, 4.49785911769e-05, 4.64104195999e-05, 8.92330353963e-06, 5.83294706757e-07, 6.9510127787e-07, 2.13699976825e-07, 7.2767143422e-08, 3.51329134674e-08],
        "min": [4.27969638395e-07, 2.71939970844e-05, 2.06412532862e-05, 5.12490732945e-05, 9.14447737159e-05, 1.68629994732e-05, 3.3617805002e-06, 6.00624844083e-07, 9.9724447864e-06, 1.97424415092e-05, 3.18826073453e-06, 4.13736779592e-06, 5.42624002264e-06, 3.59714031219e-05, 3.96467985411e-05, 4.83036856167e-05, 2.84018778984e-06, 7.88959914644e-06, 1.05145431917e-06, 3.09900059392e-07, 6.61169224259e-07, 2.2579560266e-07, 9.55662358137e-08, 5.87386779216e-08, 3.06624059476e-08, 8.87513262882e-09, 1.84342496823e-08],
        "var": [1.72246564234e-10, 8.03873604127e-07, 5.3593356597e-07, 3.88467742596e-06, 0.000115331007692, 1.35252676614e-07, 6.1080349667e-08, 1.59718638315e-06, 2.14378519559e-06, 8.52899916026e-07, 1.36623569347e-07, 1.50645564645e-06, 8.09896760767e-10, 3.16851497928e-07, 4.07109155276e-07, 8.58770727064e-06, 1.58710872711e-06, 1.39718849823e-07, 3.00897617933e-08, 9.32893096106e-10, 9.29459065269e-10, 3.33772141869e-11, 1.311013147e-12, 8.72801939229e-13, 6.12597700431e-13, 5.50056365473e-13, 6.21042822203e-13]
    },
    "erbbands": {
        "dmean": [0.0197334121913, 0.173191323876, 0.61564707756, 2.70705270767, 32.4203338623, 14.1935901642, 1.21288347244, 3.39159679413, 2.82260131836, 2.31760048866, 47.3183937073, 33.1085662842, 38.3068809509, 6.96649026871, 25.0273838043, 20.2170906067, 1.5923961401, 8.80345726013, 44.9742469788, 34.3757781982, 101.350326538, 25.0097312927, 9.54697227478, 13.4887170792, 2.50375270844, 1.05643689632, 0.856543183327, 0.449297457933, 0.167001470923, 0.0355967916548, 0.0186103153974, 0.00746884429827, 0.00377828883938, 0.00179438025225, 0.000620204955339, 0.00036122839083, 0.000140417163493, 3.50479494955e-05, 1.14809390652e-05, 1.08643325802e-05],
        "dmean2": [0.0350477509201, 0.267309844494, 1.06063389778, 4.21102571487, 47.4951896667, 22.6176242828, 2.04826569557, 6.13174152374, 4.75907230377, 3.92033457756, 83.5895233154, 59.6310844421, 70.8868789673, 12.3842744827, 40.4635429382, 31.5890636444, 2.63603615761, 14.4209041595, 75.8873901367, 52.2386856079, 151.971633911, 40.6579704285, 15.7014389038, 22.1649646759, 4.02782821655, 1.72251558304, 1.41055679321, 0.717983603477, 0.270794153214, 0.0613830983639, 0.0329804010689, 0.0120626585558, 0.00577926170081, 0.00270501570776, 0.000806122086942, 0.000471049366752, 0.000177512876689, 3.76612006221e-05, 1.36690523505e-05, 1.579788659e-05],
        "dvar": [0.00030067312764, 0.0320103652775, 0.37999945879, 3.86263799667, 817.441650391, 154.316085815, 1.23525595665, 11.7216796875, 11.1849679947, 3.1945643425, 1591.32727051, 847.176574707, 892.601318359, 26.3878269196, 582.75378418, 399.050109863, 1.89497745037, 62.1296234131, 2231.10546875, 895.824279785, 8644.54882812, 607.897399902, 85.3648529053, 177.565383911, 7.40640974045, 1.1202493906, 1.09356820583, 0.184128955007, 0.0207247138023, 0.00185525673442, 0.00080463377526, 0.000338480283972, 0.000189709244296, 7.76581218815e-05, 3.00424817397e-05, 8.69606628839e-06, 1.89391585081e-06, 2.40748391889e-07, 1.23100800664e-08, 1.67393390815e-10],
        "dvar2": [0.000928422028664, 0.082867577672, 1.01399576664, 9.48517608643, 1371.83740234, 332.607971191, 3.73924398422, 31.5809383392, 26.5650196075, 8.40975189209, 4353.28515625, 2355.50219727, 2404.31396484, 72.3216171265, 1308.98583984, 909.061889648, 4.16453790665, 163.187606812, 5874.67138672, 1917.42163086, 19408.53125, 1626.55493164, 236.967468262, 454.812225342, 19.9274120331, 2.80843663216, 2.76646471024, 0.439788371325, 0.0532871671021, 0.00369870010763, 0.00122540409211, 0.000404958060244, 0.000216339249164, 8.24527014629e-05, 3.01509280689e-05, 8.64750472829e-06, 1.89784373106e-06, 2.41519785504e-07, 1.23734613666e-08, 2.37711461626e-10],
        "max": [0.106685176492, 1.69898343086, 4.93377637863, 18.0538272858, 230.079559326, 82.4558410645, 8.39230537415, 24.5395412445, 23.1918125153, 15.1233987808, 257.34854126, 146.660522461, 171.638214111, 36.5354385376, 230.981842041, 179.227310181, 11.2730531693, 62.7140464783, 415.835205078, 284.558685303, 1109.64245605, 275.052337646, 94.1345596313, 126.700767517, 28.6572437286, 8.87394142151, 11.148235321, 5.62365818024, 1.37325513363, 0.580423176289, 0.422554373741, 0.302326589823, 0.225546881557, 0.142670437694, 0.0864264965057, 0.0468058437109, 0.0215671062469, 0.00764011032879, 0.00175074406434, 0.000200338778086],
        "mean": [0.0270375981927, 0.305044740438, 1.01101744175, 6.9806895256, 83.7938690186, 27.7318325043, 2.62428617477, 4.4244146347, 5.0010881424, 3.86214327812, 56.6069602966, 41.0835494995, 45.8330955505, 12.5796337128, 42.9385719299, 31.276845932, 3.6496655941, 18.2999610901, 77.272857666, 72.3365402222, 184.24168396, 58.1301383972, 24.5531196594, 26.3227424622, 5.82959270477, 2.66786885262, 2.25427174568, 1.73997139931, 0.480170071125, 0.0717086046934, 0.0259298104793, 0.019762866199, 0.0111571531743, 0.00497188884765, 0.00120464630891, 0.000746746605728, 0.000196155684534, 4.598158921e-05, 3.23986932926e-05, 4.77088760817e-05],
        "median": [0.0218103453517, 0.251625180244, 0.76628947258, 6.98005533218, 82.5965881348, 23.2977409363, 2.36109614372, 3.46847105026, 3.65542221069, 3.56765890121, 48.2072753906, 34.4294319153, 34.4868278503, 11.214302063, 33.9070167542, 24.5064716339, 3.35554218292, 16.7627487183, 55.1144561768, 60.3031044006, 137.004989624, 45.4878196716, 20.1875400543, 22.60896492, 5.18596696854, 2.44139790535, 1.72885584831, 1.64829039574, 0.432131916285, 0.0600768476725, 0.0191529467702, 0.0163052268326, 0.00942340027541, 0.0041552465409, 0.000717123097274, 0.000505880103447, 9.24134146771e-05, 1.24545222207e-05, 2.54907263297e-05, 4.70317172585e-05],
        "min": [0.000847755523864, 0.00615191878751, 0.0286417398602, 0.112469166517, 0.273244142532, 0.301848441362, 0.180273100734, 0.132430121303, 0.0834074020386, 0.0102663608268, 0.0421651601791, 0.202996119857, 0.624598145485, 0.349992841482, 0.125524774194, 0.172122731805, 0.250728607178, 0.877544820309, 3.47978234291, 2.11407256126, 1.52344274521, 0.199393928051, 0.290538042784, 0.291687846184, 0.03386413306, 0.013450184837, 0.0324074439704, 0.0169105064124, 0.0101510453969, 0.00357296038419, 0.00246627186425, 0.00141730590258, 0.000899164529983, 0.000533857033588, 0.000156200723723, 8.81310552359e-05, 1.16610144687e-05, 4.69502583655e-06, 9.08157653612e-06, 1.37290305702e-06],
        "var": [0.000381395802833, 0.0545429512858, 0.66354817152, 7.75254392624, 1969.2265625, 291.362213135, 1.87779903412, 13.4637365341, 21.2364864349, 4.95948982239, 2002.90283203, 828.439758301, 1094.14355469, 43.259223938, 1180.08886719, 684.13684082, 3.51306700706, 109.290237427, 3997.78833008, 2059.35229492, 23226.6269531, 2125.62719727, 233.093460083, 276.246734619, 9.92643737793, 2.03809356689, 2.5747487545, 0.608766257763, 0.0530784539878, 0.00267195794731, 0.000947967346292, 0.000426000420703, 0.000218990142457, 8.36942199385e-05, 3.04815748677e-05, 8.92074513104e-06, 1.90755145013e-06, 2.40337612922e-07, 1.23255921025e-08, 2.28550081638e-10]
    },
    "gfcc": {
        "mean": [-27.3767032623, 167.331985474, -171.298156738, 34.1502418518, -21.8303375244, -15.3759117126, -24.219537735, -3.42633152008, -14.8880796432, -27.2655601501, -32.9972496033, -21.3331794739, 3.96513342857],
        "cov": [[294.295837402, -15.6531410217, -41.2142105103, 11.3140192032, 0.989844739437, 28.0046272278, 22.5563678741, 76.56615448, 19.6358737946, -0.311888635159, -5.75843477249, -5.24111318588, -10.524725914], [-15.6531410217, 171.051971436, -20.3299160004, -62.9925003052, -40.3217124939, -60.3001556396, 25.5666465759, -51.0905914307, -17.2483348846, -1.19178843498, 30.2028102875, -9.67039012909, 23.4954185486], [-41.2142105103, -20.3299160004, 70.3022232056, 10.7157649994, 2.98717784882, -1.71170806885, -14.0048980713, -4.89273738861, -10.8868265152, -5.74910497665, -11.3532342911, 0.0417666099966, -9.96265220642], [11.3140192032, -62.9925003052, 10.7157649994, 89.103187561, 27.6768684387, 14.0934534073, -6.74265956879, 11.8714351654, 11.3014059067, -6.12894487381, -8.90463542938, -0.630297422409, -8.07296657562], [0.989844739437, -40.3217124939, 2.98717784882, 27.6768684387, 53.8768196106, 33.4780235291, -11.8357849121, 16.0565376282, 9.10295677185, -5.56916904449, -11.7813148499, 3.13280463219, -1.18480837345], [28.0046272278, -60.3001556396, -1.71170806885, 14.0934534073, 33.4780235291, 86.3303375244, 11.4696702957, 37.5765342712, 10.3524150848, 5.02986574173, -3.67795538902, 13.3442735672, -9.47859477997], [22.5563678741, 25.5666465759, -14.0048980713, -6.74265956879, -11.8357849121, 11.4696702957, 41.5184898376, 11.4823770523, -4.86926031113, 2.25066328049, 7.77398777008, -0.414013534784, 0.413305729628], [76.56615448, -51.0905914307, -4.89273738861, 11.8714351654, 16.0565376282, 37.5765342712, 11.4823770523, 89.8171310425, 29.6824169159, 4.18484067917, -7.1918053627, 9.46657752991, -13.669377327], [19.6358737946, -17.2483348846, -10.8868265152, 11.3014059067, 9.10295677185, 10.3524150848, -4.86926031113, 29.6824169159, 43.2012786865, 12.1436271667, -8.05441570282, 3.77792286873, 0.723342597485], [-0.311888635159, -1.19178843498, -5.74910497665, -6.12894487381, -5.56916904449, 5.02986574173, 2.25066328049, 4.18484067917, 12.1436271667, 38.0589408875, 13.730471611, 6.21049833298, 4.56128406525], [-5.75843477249, 30.2028102875, -11.3532342911, -8.90463542938, -11.7813148499, -3.67795538902, 7.77398777008, -7.1918053627, -8.05441570282, 13.730471611, 40.6037940979, 18.3624763489, 1.19344258308], [-5.24111318588, -9.67039012909, 0.0417666099966, -0.630297422409, 3.13280463219, 13.3442735672, -0.414013534784, 9.46657752991, 3.77792286873, 6.21049833298, 18.3624763489, 39.7720298767, 4.83709955215], [-10.524725914, 23.4954185486, -9.96265220642, -8.07296657562, -1.18480837345, -9.47859477997, 0.413305729628, -13.669377327, 0.723342597485, 4.56128406525, 1.19344258308, 4.83709955215, 26.1174526215]],
        "icov": [[0.00535386567935, -0.00263849040493, 0.00380908604711, -0.00257853185758, 0.00251147802919, -0.00175860838499, 0.00233043381013, -0.00615187035874, 0.00344151374884, -0.00119116296992, 0.00326052773744, 8.90168666956e-05, 0.0013533354504], [-0.00263849040493, 0.0257215201855, -0.00654376298189, 0.0154744209722, -0.00702138058841, 0.0130031071603, -0.020611571148, 0.0121307950467, -0.0158333927393, 0.0133300730959, -0.0254140682518, 0.0120818344876, -0.0138055048883], [0.00380908604711, -0.00654376298189, 0.0231698155403, -0.00683903461322, 0.00454682623968, -0.00269329734147, 0.0111170709133, -0.00626525795087, 0.0143946111202, -0.00749833276495, 0.0171644631773, -0.00860622432083, 0.0116403093562], [-0.00257853185758, 0.0154744209722, -0.00683903461322, 0.0240117441863, -0.0125574991107, 0.0091916481033, -0.0143259353936, 0.00935941375792, -0.0146733094007, 0.00996901746839, -0.016366397962, 0.00724088586867, -0.00418308191001], [0.00251147802919, -0.00702138058841, 0.00454682623968, -0.0125574991107, 0.0389939434826, -0.0186976492405, 0.0196698233485, -0.00773850921541, 0.00580117059872, 0.00171340326779, 0.00977897271514, -0.00106829567812, -0.00490580033511], [-0.00175860838499, 0.0130031071603, -0.00269329734147, 0.0091916481033, -0.0186976492405, 0.0292591322213, -0.0201653148979, 0.00315012014471, -0.00582223013043, 0.000328207737766, -0.00712756812572, -0.00268505257554, 0.00207274220884], [0.00233043381013, -0.020611571148, 0.0111170709133, -0.0143259353936, 0.0196698233485, -0.0201653148979, 0.0532748773694, -0.0178449396044, 0.0216835085303, -0.00907894223928, 0.014667885378, -0.00276590860449, 0.00351206609048], [-0.00615187035874, 0.0121307950467, -0.00626525795087, 0.00935941375792, -0.00773850921541, 0.00315012014471, -0.0178449396044, 0.0312979891896, -0.022728215903, 0.00714285485446, -0.0091707771644, -0.00106649391819, 0.00456505268812], [0.00344151374884, -0.0158333927393, 0.0143946111202, -0.0146733094007, 0.00580117059872, -0.00582223013043, 0.0216835085303, -0.022728215903, 0.054872661829, -0.0252083875239, 0.0311205964535, -0.0129286879674, 0.0063526998274], [-0.00119116296992, 0.0133300730959, -0.00749833276495, 0.00996901746839, 0.00171340326779, 0.000328207737766, -0.00907894223928, 0.00714285485446, -0.0252083875239, 0.0468248389661, -0.0329232737422, 0.0135185178369, -0.0166505426168], [0.00326052773744, -0.0254140682518, 0.0171644631773, -0.016366397962, 0.00977897271514, -0.00712756812572, 0.014667885378, -0.0091707771644, 0.0311205964535, -0.0329232737422, 0.076984860003, -0.0387163236737, 0.0270307194442], [8.90168666956e-05, 0.0120818344876, -0.00860622432083, 0.00724088586867, -0.00106829567812, -0.00268505257554, -0.00276590860449, -0.00106649391819, -0.0129286879674, 0.0135185178369, -0.0387163236737, 0.0491866506636, -0.0227584447712], [0.0013533354504, -0.0138055048883, 0.0116403093562, -0.00418308191001, -0.00490580033511, 0.00207274220884, 0.00351206609048, 0.00456505268812, 0.0063526998274, -0.0166505426168, 0.0270307194442, -0.0227584447712, 0.062975898385]]
    },
    "melbands": {
        "dmean": [0.000180330534931, 0.000266490300419, 0.00129907694645, 0.00203275633976, 5.62472232559e-05, 7.17090515536e-05, 3.90249078919e-05, 2.31989961321e-05, 0.00046221044613, 0.000176325003849, 0.000192448555026, 2.98920967907e-05, 5.7018143707e-05, 0.000120410957607, 5.34231458005e-06, 6.01519514021e-06, 1.47708733493e-05, 9.13437907002e-05, 1.67000198417e-05, 0.000136100949021, 9.50693429331e-05, 3.03149536194e-05, 1.11048411782e-05, 1.43949828271e-05, 1.21319026221e-05, 2.91859123536e-06, 1.09581151264e-06, 7.54433131078e-07, 4.44740948069e-07, 5.70827126012e-07, 2.17386713075e-07, 1.09317596753e-07, 5.23985441703e-08, 1.61694870826e-08, 1.31680728543e-08, 5.70632074925e-09, 4.78816941651e-09, 3.1983671267e-09, 2.10247219634e-09, 1.45382172967e-09],
        "dmean2": [0.000305694557028, 0.000444963137852, 0.00188262283336, 0.00310640758835, 9.60354591371e-05, 0.000129124469822, 6.52129165246e-05, 4.07627994718e-05, 0.000817930675112, 0.000317906960845, 0.000355938856956, 5.22896989423e-05, 9.37971053645e-05, 0.000188224948943, 9.19866761251e-06, 9.81212997431e-06, 2.46857507591e-05, 0.000153955217684, 2.69499196293e-05, 0.000207713630516, 0.000143089506309, 4.96259854117e-05, 1.8455011741e-05, 2.36077212321e-05, 1.99174337467e-05, 4.76517152492e-06, 1.74666183739e-06, 1.26053180338e-06, 7.31472482585e-07, 9.64654077507e-07, 3.3396827348e-07, 1.79766260544e-07, 8.98472549693e-08, 2.93451307698e-08, 2.35778827573e-08, 9.52617007499e-09, 7.74145636484e-09, 4.93948881797e-09, 3.26013704921e-09, 2.1885331325e-09],
        "dvar": [2.90933250824e-08, 7.65677015124e-08, 1.1797277466e-06, 3.21564948536e-06, 2.32706764969e-09, 4.85171502973e-09, 1.93929339254e-09, 3.31280891608e-10, 1.59889381735e-07, 2.53579823806e-08, 2.29132091079e-08, 5.23998400226e-10, 3.5954923483e-09, 1.54893431414e-08, 2.34347541372e-11, 3.32644294054e-11, 1.85882489956e-10, 8.90035778411e-09, 2.62664140438e-10, 1.61242414976e-08, 7.29010762868e-09, 1.17407294997e-09, 1.18274737226e-10, 2.79140599524e-10, 1.39887310069e-10, 1.13656393325e-11, 1.44907176536e-12, 6.48701470145e-13, 2.55017198764e-13, 4.23708052151e-13, 3.88970844737e-14, 1.01073790383e-14, 2.39802883598e-15, 5.12450221468e-16, 3.27982353894e-16, 1.78439547324e-16, 1.11233015143e-16, 1.01278544981e-16, 7.03128733135e-17, 5.12763372196e-17],
        "dvar2": [8.3130309747e-08, 1.99812518531e-07, 2.23974075197e-06, 5.68132008993e-06, 7.10631908873e-09, 1.32769129024e-08, 4.58988624885e-09, 8.51651860145e-10, 4.33519716125e-07, 7.04058322754e-08, 6.13664639104e-08, 1.52248225138e-09, 8.80109762846e-09, 3.42676429455e-08, 5.72868072424e-11, 8.81184014645e-11, 4.68740435355e-10, 2.32864607597e-08, 7.52108098023e-10, 3.42983454971e-08, 1.63334963332e-08, 2.91174151457e-09, 3.25598270567e-10, 7.43214156884e-10, 3.60597274263e-10, 3.19798146298e-11, 3.5210326408e-12, 1.69822662877e-12, 6.56595112482e-13, 1.03797016555e-12, 8.80668557827e-14, 2.51644645605e-14, 6.26298321134e-15, 9.31331360231e-16, 5.87277376726e-16, 2.10536246203e-16, 1.44475339319e-16, 1.17501072188e-16, 8.06281596592e-17, 5.36281837546e-17],
        "max": [0.00131102022715, 0.00256318179891, 0.00889685563743, 0.0135308885947, 0.000308641756419, 0.000526813149918, 0.000313314318191, 0.000138174320455, 0.00255170767196, 0.000775077554863, 0.000870936259162, 0.000169551378349, 0.000495911284816, 0.00115271413233, 3.82566759072e-05, 4.15018985223e-05, 0.000112989233457, 0.000832886144053, 0.000182465446414, 0.00132276967634, 0.00110280013178, 0.000365523475921, 8.81860760273e-05, 0.000135295034852, 0.000108269756311, 3.57002281817e-05, 1.39656021929e-05, 6.00397606831e-06, 4.97474457006e-06, 8.22221318231e-06, 1.89201500689e-06, 9.14225324777e-07, 4.19025468545e-07, 2.95708275644e-07, 2.44562471607e-07, 2.16379888229e-07, 1.70094367036e-07, 1.6425042304e-07, 1.34476508151e-07, 1.16003107564e-07],
        "mean": [0.000294384546578, 0.000463253847556, 0.00360348494723, 0.00469875149429, 9.12679315661e-05, 9.73580608843e-05, 7.11921893526e-05, 3.36440971296e-05, 0.000566835573409, 0.000212227605516, 0.000228684541071, 5.25905452378e-05, 9.65583240031e-05, 0.000186012548511, 8.72299733601e-06, 9.0946086857e-06, 2.41353754973e-05, 0.000148499864736, 3.40721198882e-05, 0.000233776838286, 0.000187640835065, 6.60389778204e-05, 2.41468987952e-05, 2.47873249464e-05, 2.25149706239e-05, 5.47482113689e-06, 2.37663925873e-06, 1.55200143581e-06, 1.08028348222e-06, 1.61014429523e-06, 7.63379091495e-07, 2.82199806634e-07, 1.02990703965e-07, 1.800766114e-08, 1.51434687012e-08, 1.16044409637e-08, 1.23811085828e-08, 8.58232418466e-09, 5.46262812762e-09, 3.70283248508e-09],
        "median": [0.000251139572356, 0.000375718518626, 0.00374335935339, 0.00429200474173, 7.75950029492e-05, 7.40844989195e-05, 5.49480537302e-05, 2.96247089864e-05, 0.000486168864882, 0.000171688006958, 0.000173566528247, 4.74539992865e-05, 7.46851364966e-05, 0.000140669610118, 7.05135335011e-06, 6.92343928677e-06, 1.97787830984e-05, 0.00010529775318, 2.96384878311e-05, 0.000175555018359, 0.000137094466481, 4.49384278909e-05, 1.92711650016e-05, 1.96802502614e-05, 1.91658236872e-05, 4.83919802718e-06, 1.97033546101e-06, 1.31800857162e-06, 8.01883913937e-07, 1.30326259296e-06, 7.10437916496e-07, 2.48329911301e-07, 8.76171952768e-08, 1.10925064689e-08, 9.90480675256e-09, 9.50383149956e-09, 1.03500479298e-08, 7.06334102318e-09, 4.56167148499e-09, 2.84986589882e-09],
        "min": [8.03667717264e-06, 1.26887798615e-05, 2.42378646362e-05, 2.22417511395e-05, 7.58228225095e-06, 2.99584212371e-06, 1.10913686058e-06, 5.54228414273e-08, 4.80406527004e-07, 1.41422287925e-06, 3.20194158121e-06, 1.54464657953e-06, 4.12543300854e-07, 4.72730675938e-07, 3.97690740783e-07, 6.23783819265e-07, 1.57427859904e-06, 6.38923984297e-06, 2.01038119485e-06, 4.26678116128e-06, 1.03989486888e-06, 1.81533508226e-07, 1.38859832077e-07, 4.0308995608e-07, 2.29726282441e-07, 1.58372053249e-08, 1.65835896127e-08, 6.67643895724e-09, 1.80773245262e-08, 1.45367389237e-08, 9.70182956195e-09, 7.36738625662e-09, 1.55508383948e-09, 2.0379522514e-09, 1.48380918663e-09, 1.02746844366e-09, 8.06843425405e-10, 5.75425929128e-10, 5.23988574752e-10, 3.52807338899e-10],
        "var": [4.27801332137e-08, 1.4466698417e-07, 2.77812523564e-06, 7.09036930857e-06, 3.4084259859e-09, 6.32689989288e-09, 3.89936261058e-09, 4.85767093217e-10, 1.91107474734e-07, 2.37227038014e-08, 2.81791869838e-08, 8.20934042967e-10, 6.27083363014e-09, 2.7277373249e-08, 3.49500706154e-11, 4.67410381233e-11, 2.55740845168e-10, 1.62021045469e-08, 4.75668560096e-10, 3.77041118327e-08, 2.32197727712e-08, 4.33887992202e-09, 2.39858910511e-10, 4.07590544649e-10, 2.12079048767e-10, 1.30848934118e-11, 2.46793189183e-12, 9.24668002757e-13, 5.81693276446e-13, 1.03647288235e-12, 1.27963381536e-13, 2.34939139947e-14, 4.79073703451e-15, 5.45236484576e-16, 3.65906242404e-16, 2.10926026943e-16, 1.45897560577e-16, 1.19679389465e-16, 7.56795681882e-17, 5.53797916413e-17]
    },
    "mfcc": {
        "mean": [-657.379089355, 186.268661499, -66.0941925049, 48.3615455627, 9.65116596222, -0.830149054527, -3.58808040619, 9.66917324066, 23.7932682037, -5.81421899796, -14.3035650253, -12.7103099823, -18.1826133728],
        "cov": [[342.989318848, -30.889793396, -46.0519599915, -2.3150370121, -1.35645949841, -29.0037326813, 17.5821437836, 45.4274024963, 40.7920265198, 19.9181728363, 27.1870708466, 39.5408325195, 13.8104228973], [-30.889793396, 203.39604187, -8.17224121094, -26.9098110199, -74.0527801514, -33.1123886108, 8.40527057648, -63.8315391541, -24.1524600983, -34.2695541382, -14.9579973221, -8.87648296356, -3.68891263008], [-46.0519599915, -8.17224121094, 54.0344200134, 7.76952505112, -1.02943468094, 5.43626499176, -3.40996813774, 1.41875731945, -9.609333992, 1.09799492359, 0.624006152153, -9.55823898315, -5.73726129532], [-2.3150370121, -26.9098110199, 7.76952505112, 66.218170166, 5.0250082016, -0.493648260832, -9.12874889374, -3.04628157616, -6.48227834702, 1.42938375473, -2.70618700981, -6.02923631668, -6.24141120911], [-1.35645949841, -74.0527801514, -1.02943468094, 5.0250082016, 81.5120620728, 17.69490242, -9.30303668976, 37.3181419373, 14.5190820694, 15.8211145401, 6.14830160141, 1.83966898918, -1.06085681915], [-29.0037326813, -33.1123886108, 5.43626499176, -0.493648260832, 17.69490242, 55.3132209778, 7.05385780334, 3.84190320969, -3.81405496597, 2.86666727066, -3.13477158546, -4.60948038101, -1.27216589451], [17.5821437836, 8.40527057648, -3.40996813774, -9.12874889374, -9.30303668976, 7.05385780334, 46.2666778564, 8.39006233215, -2.85514497757, 1.72109782696, 4.8000664711, 0.974705278873, -9.40525341034], [45.4274024963, -63.8315391541, 1.41875731945, -3.04628157616, 37.3181419373, 3.84190320969, 8.39006233215, 78.2328872681, 25.2001972198, 14.2756996155, 11.8703203201, 7.27935123444, 9.70945453644], [40.7920265198, -24.1524600983, -9.609333992, -6.48227834702, 14.5190820694, -3.81405496597, -2.85514497757, 25.2001972198, 57.1297836304, 20.4673900604, 1.16426217556, 10.5048131943, 0.68578183651], [19.9181728363, -34.2695541382, 1.09799492359, 1.42938375473, 15.8211145401, 2.86666727066, 1.72109782696, 14.2756996155, 20.4673900604, 37.9595146179, 12.4223432541, -0.298206061125, -4.65570116043], [27.1870708466, -14.9579973221, 0.624006152153, -2.70618700981, 6.14830160141, -3.13477158546, 4.8000664711, 11.8703203201, 1.16426217556, 12.4223432541, 39.491558075, 12.9367351532, -3.23341870308], [39.5408325195, -8.87648296356, -9.55823898315, -6.02923631668, 1.83966898918, -4.60948038101, 0.974705278873, 7.27935123444, 10.5048131943, -0.298206061125, 12.9367351532, 40.7703475952, 12.9385356903], [13.8104228973, -3.68891263008, -5.73726129532, -6.24141120911, -1.06085681915, -1.27216589451, -9.40525341034, 9.70945453644, 0.68578183651, -4.65570116043, -3.23341870308, 12.9385356903, 38.7427406311]],
