{
"lowlevel": {
    "average_loudness": 0.986459851265,
    "barkbands_crest": {
        "dmean": 2.95442199707,
        "dmean2": 5.21882247925,
        "dvar": 5.969394207,
        "dvar2": 16.1262283325,
        "max": 19.7685375214,
        "mean": 8.50988388062,
        "median": 7.76805496216,
        "min": 3.69166588783,
        "var": 9.36619853973
    },
    "barkbands_flatness_db": {
        "dmean": 0.0193740837276,
        "dmean2": 0.0340032055974,
        "dvar": 0.000211425853195,
        "dvar2": 0.000574941979721,
        "max": 0.245219841599,
        "mean": 0.173194482923,
        "median": 0.170249894261,
        "min": 0.128908842802,
        "var": 0.000421286036726
    },
    "barkbands_kurtosis": {
        "dmean": 1.18061411381,
        "dmean2": 2.05904054642,
        "dvar": 1.47590279579,
        "dvar2": 4.65407371521,
        "max": 9.48944187164,
        "mean": 0.0462871976197,
        "median": -0.352389216423,
        "min": -1.719602108,
        "var": 2.19078683853
    },
    "barkbands_skewness": {
        "dmean": 0.473094165325,
        "dmean2": 0.815588533878,
        "dvar": 0.139122456312,
        "dvar2": 0.450474560261,
        "max": 3.10842323303,
        "mean": 0.902471065521,
        "median": 0.873799204826,
        "min": -0.774340629578,
        "var": 0.307951897383
    },
    "barkbands_spread": {
        "dmean": 5.28455209732,
        "dmean2": 9.20233058929,
        "dvar": 18.1224403381,
        "dvar2": 54.6376457214,
        "max": 41.1688652039,
        "mean": 25.1034526825,
        "median": 25.3627204895,
        "min": 8.71597480774,
        "var": 43.5631637573
    },
    "dissonance": {
        "dmean": 0.0166247598827,
        "dmean2": 0.0268294792622,
        "dvar": 0.000179932176252,
        "dvar2": 0.000462635536678,
        "max": 0.499818265438,
        "mean": 0.468194246292,
        "median": 0.470473349094,
        "min": 0.394526779652,
        "var": 0.00037393567618
    },
    "dynamic_complexity": 0.848955392838,
    "erbbands_crest": {
        "dmean": 2.84571743011,
        "dmean2": 5.12684345245,
        "dvar": 5.56445932388,
        "dvar2": 17.9874095917,
        "max": 21.1164550781,
        "mean": 10.864030838,
        "median": 10.4103050232,
        "min": 4.89917945862,
        "var": 9.97305870056
    },
    "erbbands_flatness_db": {
        "dmean": 0.0124272126704,
        "dmean2": 0.0208751894534,
        "dvar": 0.000111283377919,
        "dvar2": 0.000275095779216,
        "max": 0.268438786268,
        "mean": 0.226734295487,
        "median": 0.225965946913,
        "min": 0.111482419074,
        "var": 0.000253724108916
    },
    "erbbands_kurtosis": {
        "dmean": 0.709474444389,
        "dmean2": 1.26445126534,
        "dvar": 0.657773733139,
        "dvar2": 1.89348578453,
        "max": 5.13545322418,
        "mean": -0.23801638186,
        "median": -0.646753430367,
        "min": -1.57482504845,
        "var": 1.4430232048
    },
    "erbbands_skewness": {
        "dmean": 0.382450968027,
        "dmean2": 0.646772623062,
        "dvar": 0.115393929183,
        "dvar2": 0.348621040583,
        "max": 1.22368013859,
        "mean": -0.472200006247,
        "median": -0.458206236362,
        "min": -2.06521248817,
        "var": 0.388845205307
    },
    "erbbands_spread": {
        "dmean": 5.25738334656,
        "dmean2": 9.13693237305,
        "dvar": 21.0629863739,
        "dvar2": 65.3067245483,
        "max": 55.4488067627,
        "mean": 31.0822811127,
        "median": 30.9239349365,
        "min": 13.0705070496,
        "var": 54.1252479553
    },
    "hfc": {
        "dmean": 5.82939481735,
        "dmean2": 9.49987697601,
        "dvar": 24.3929271698,
        "dvar2": 67.6539382935,
        "max": 75.3950958252,
        "mean": 26.7024459839,
        "median": 24.6098880768,
        "min": 5.81066894531,
        "var": 108.867576599
    },
    "melbands_crest": {
        "dmean": 3.86898589134,
        "dmean2": 6.72662687302,
        "dvar": 8.75027275085,
        "dvar2": 27.4363765717,
        "max": 21.6433124542,
        "mean": 12.0289382935,
        "median": 11.8652734756,
        "min": 4.18086099625,
        "var": 13.2648096085
    },
    "melbands_flatness_db": {
        "dmean": 0.0272479578853,
        "dmean2": 0.0474332049489,
        "dvar": 0.000391165987821,
        "dvar2": 0.001108890865,
        "max": 0.350045472383,
        "mean": 0.252627462149,
        "median": 0.251374751329,
        "min": 0.177671581507,
        "var": 0.000911761890166
    },
    "melbands_kurtosis": {
        "dmean": 3.36149644852,
        "dmean2": 5.89460897446,
        "dvar": 11.8231296539,
        "dvar2": 36.3432846069,
        "max": 34.2443199158,
        "mean": 4.32178783417,
        "median": 3.34124493599,
        "min": -1.51887524128,
        "var": 17.3550052643
    },
    "melbands_skewness": {
        "dmean": 0.623868525028,
        "dmean2": 1.07706749439,
        "dvar": 0.25890982151,
        "dvar2": 0.778528392315,
        "max": 5.28586339951,
        "mean": 1.94433224201,
        "median": 1.84791278839,
        "min": 0.124957725406,
        "var": 0.520922958851
    },
    "melbands_spread": {
        "dmean": 8.7266664505,
        "dmean2": 14.9606924057,
        "dvar": 46.5871276855,
        "dvar2": 150.75958252,
        "max": 63.6300354004,
        "mean": 28.3169746399,
        "median": 26.6190605164,
        "min": 7.34083938599,
        "var": 123.198722839
    },
    "pitch_salience": {
        "dmean": 0.0803834795952,
        "dmean2": 0.138241454959,
        "dvar": 0.00458797207102,
        "dvar2": 0.0134129989892,
        "max": 0.779662847519,
        "mean": 0.53764551878,
        "median": 0.53218048811,
        "min": 0.283366501331,
        "var": 0.00813126005232
    },
    "silence_rate_20dB": {
        "dmean": 0,
        "dmean2": 0,
        "dvar": 0,
        "dvar2": 0,
        "max": 1,
        "mean": 1,
        "median": 1,
        "min": 1,
        "var": 0
    },
    "silence_rate_30dB": {
        "dmean": 0,
        "dmean2": 0,
        "dvar": 0,
        "dvar2": 0,
        "max": 1,
        "mean": 1,
        "median": 1,
        "min": 1,
        "var": 0
    },
    "silence_rate_60dB": {
        "dmean": 0,
        "dmean2": 0,
        "dvar": 0,
        "dvar2": 0,
        "max": 0,
        "mean": 0,
        "median": 0,
        "min": 0,
        "var": 0
    },
    "spectral_centroid": {
        "dmean": 208.062042236,
        "dmean2": 355.800537109,
        "dvar": 25251.3476562,
        "dvar2": 74688.0625,
        "max": 2137.78491211,
        "mean": 1353.22253418,
        "median": 1344.30908203,
        "min": 696.45098877,
        "var": 89593.7109375
    },
    "spectral_complexity": {
        "dmean": 2.84962415695,
        "dmean2": 4.65577888489,
        "dvar": 5.44605636597,
        "dvar2": 12.924238205,
        "max": 40,
        "mean": 25.2399997711,
        "median": 25,
        "min": 9,
        "var": 28.7824382782
    },
    "spectral_decrease": {
        "dmean": 3.10055603414e-09,
        "dmean2": 5.46613510011e-09,
        "dvar": 5.11542925104e-18,
        "dvar2": 1.47625319192e-17,
        "max": -2.17419726667e-09,
        "mean": -9.31111543423e-09,
        "median": -9.08945274603e-09,
        "min": -1.84693327299e-08,
        "var": 8.24402443748e-18
    },
    "spectral_energy": {
        "dmean": 0.0119434827939,
        "dmean2": 0.0210442654788,
        "dvar": 7.6208707469e-05,
        "dvar2": 0.000217937544221,
        "max": 0.0735548213124,
        "mean": 0.0375641845167,
        "median": 0.036916770041,
        "min": 0.00873297080398,
        "var": 0.000127832667204
    },
    "spectral_energyband_high": {
        "dmean": 5.68371833651e-05,
        "dmean2": 7.48296952224e-05,
        "dvar": 2.8223865467e-09,
        "dvar2": 5.12211828507e-09,
        "max": 0.000851584249176,
        "mean": 0.000314541684929,
        "median": 0.00029567227466,
        "min": 8.83164757397e-05,
        "var": 1.90671531897e-08
    },
    "spectral_energyband_low": {
        "dmean": 0.00946377310902,
        "dmean2": 0.0167752467096,
        "dvar": 5.98782935413e-05,
        "dvar2": 0.000173923981492,
        "max": 0.0501509085298,
        "mean": 0.0126155791804,
        "median": 0.0102637223899,
        "min": 0.000486877921503,
        "var": 7.51830157242e-05
    },
    "spectral_energyband_middle_high": {
        "dmean": 0.00242652720772,
        "dmean2": 0.00403872225434,
        "dvar": 4.72541387353e-06,
        "dvar2": 1.26632066895e-05,
        "max": 0.0306449811906,
        "mean": 0.00974968634546,
        "median": 0.00867846608162,
        "min": 0.00176046229899,
        "var": 2.50423345278e-05
    },
    "spectral_energyband_middle_low": {
        "dmean": 0.00644095940515,
        "dmean2": 0.0109644113109,
        "dvar": 3.43146311934e-05,
        "dvar2": 8.10588971945e-05,
        "max": 0.047491684556,
        "mean": 0.0153043679893,
        "median": 0.0142364297062,
        "min": 0.00312608573586,
        "var": 6.03818843956e-05
    },
    "spectral_entropy": {
        "dmean": 0.089640326798,
        "dmean2": 0.149282500148,
        "dvar": 0.00620114104822,
        "dvar2": 0.0131503148004,
        "max": 7.77421951294,
        "mean": 7.15672969818,
        "median": 7.14597129822,
        "min": 6.80778646469,
        "var": 0.0220846422017
    },
    "spectral_flux": {
        "dmean": 0.0223010852933,
        "dmean2": 0.0381184220314,
        "dvar": 0.000340126629453,
        "dvar2": 0.000879545812495,
        "max": 0.205907866359,
        "mean": 0.109463192523,
        "median": 0.10792426765,
        "min": 0.0495598465204,
        "var": 0.000627687491942
    },
    "spectral_kurtosis": {
        "dmean": 4.01913833618,
        "dmean2": 7.21660470963,
        "dvar": 11.9661083221,
        "dvar2": 40.6648902893,
        "max": 22.0396881104,
        "mean": 7.80778646469,
        "median": 7.13394117355,
        "min": 2.23622846603,
        "var": 13.3443822861
    },
    "spectral_rms": {
        "dmean": 0.000975819013547,
        "dmean2": 0.00171567837242,
        "dvar": 5.11123573688e-07,
        "dvar2": 1.44912883115e-06,
        "max": 0.00847117416561,
        "mean": 0.00598161481321,
        "median": 0.00600136304274,
        "min": 0.0029188990593,
        "var": 8.68318466019e-07
    },
    "spectral_rolloff": {
        "dmean": 504.815826416,
        "dmean2": 927.171936035,
        "dvar": 282956.4375,
        "dvar2": 824628.4375,
        "max": 2562.45117188,
        "mean": 1654.71777344,
        "median": 2056.42089844,
        "min": 236.865234375,
        "var": 391508.03125
    },
    "spectral_skewness": {
        "dmean": 0.346654891968,
        "dmean2": 0.619207262993,
        "dvar": 0.0897268354893,
        "dvar2": 0.293670266867,
        "max": 2.98115944862,
        "mean": 1.54824900627,
        "median": 1.51220703125,
        "min": 0.733042418957,
        "var": 0.132900595665
    },
    "spectral_spread": {
        "dmean": 184491.9375,
        "dmean2": 284073.25,
        "dvar": 328646557696,
        "dvar2": 348972089344,
        "max": 13395574,
        "mean": 2252560.5,
        "median": 2216866.5,
        "min": 1518428.875,
        "var": 382775427072
    },
    "spectral_strongpeak": {
        "dmean": 1.10607087612,
        "dmean2": 2.05943775177,
        "dvar": 2.68335366249,
        "dvar2": 8.32191371918,
        "max": 7.04200267792,
        "mean": 1.01364064217,
        "median": 0.409332692623,
        "min": 0.0813739597797,
        "var": 2.0505900383
    },
    "zerocrossingrate": {
        "dmean": 0.00584101863205,
        "dmean2": 0.00745671708137,
        "dvar": 1.96270702872e-05,
        "dvar2": 3.43853971572e-05,
        "max": 0.0751953125,
        "mean": 0.049248047173,
        "median": 0.0498046875,
        "min": 0.013671875,
        "var": 9.32694019866e-05
    },
    "barkbands": {
        "dmean": [5.01761351188e-05, 0.00797315035015, 0.0022402331233, 0.000616828096099, 0.00397596694529, 0.00116260687355, 0.00291321030818, 0.00108201021794, 0.000600921572186, 0.00041832451825, 0.000482888659462, 9.97060124064e-05, 0.000101877849374, 0.000415644375607, 0.000377568096155, 0.00182508898433, 0.000479440874187, 0.000169209000887, 3.75609197363e-05, 1.15835391625e-05, 5.31522637175e-05, 4.11457131122e-06, 6.24338497346e-07, 2.70521212542e-07, 1.12137293229e-07, 1.50634079432e-07, 5.0623661707e-08],
        "dmean2": [7.76427550591e-05, 0.014269022271, 0.00389968790114, 0.00106523744762, 0.00705097150058, 0.00192537065595, 0.00486354716122, 0.00170710636303, 0.00098230142612, 0.000662924780045, 0.000810373807326, 0.000155293280841, 0.000171017483808, 0.000686673971359, 0.000634073454421, 0.00333082373254, 0.000786550808698, 0.000281488668406, 6.31092698313e-05, 1.7522212147e-05, 6.97373907315e-05, 6.64659955874e-06, 9.91972115116e-07, 4.18344342279e-07, 1.58712069265e-07, 2.23861221116e-07, 6.35742551935e-08],
        "dvar": [1.58686450646e-08, 4.67565987492e-05, 4.74625494462e-06, 3.64496230532e-07, 1.68644237419e-05, 1.93557343664e-06, 1.38191126098e-05, 2.21277173296e-06, 6.65861932703e-07, 1.64980718864e-07, 2.73347069424e-07, 2.8351925252e-08, 4.62610181273e-08, 4.74601563383e-07, 2.14745057292e-07, 2.91263745567e-06, 3.27032296354e-07, 4.00558022307e-08, 2.62642951832e-09, 2.31018315588e-10, 2.47368348028e-09, 1.98487858094e-11, 7.06132363953e-13, 3.04066857413e-13, 2.6274314213e-13, 2.46251966301e-13, 2.70375003853e-13],
        "dvar2": [1.78474692802e-08, 0.000129668609588, 1.41751497722e-05, 9.93609432953e-07, 4.71922357974e-05, 4.71442990602e-06, 2.9337070373e-05, 4.29587589679e-06, 1.64091977695e-06, 3.64930286878e-07, 6.86569478603e-07, 6.35922745573e-08, 1.0378985138e-07, 1.09320285446e-06, 6.70749784604e-07, 9.20088132261e-06, 8.76650460668e-07, 9.71705986785e-08, 7.12851155882e-09, 5.04585428995e-10, 4.62881999397e-09, 5.21848710078e-11, 1.20666530153e-12, 3.88144675905e-13, 2.67951622262e-13, 2.68345946592e-13, 2.71707027537e-13],
        "max": [0.00249821436591, 0.0454690679908, 0.0145465126261, 0.00432523433119, 0.0295602642, 0.0133828120306, 0.0335269644856, 0.0174044612795, 0.0106155369431, 0.00599987851456, 0.00470267236233, 0.0015001508873, 0.00207541510463, 0.00800535827875, 0.00514433486387, 0.0128251751885, 0.00792692787945, 0.00320621114224, 0.000722926633898, 0.000205952703254, 0.000719913921785, 5.03794362885e-05, 1.17990439321e-05, 1.04604769149e-05, 1.03490465335e-05, 9.85859242064e-06, 1.04653345261e-05],
        "mean": [6.76217096043e-05, 0.00931874662638, 0.00286456011236, 0.000745973607991, 0.00564686162397, 0.00177123816684, 0.00419328873977, 0.0017471993342, 0.00107848795597, 0.00115302216727, 0.000966620573308, 0.0001583709236, 0.000159322837135, 0.000751464278437, 0.000801315996796, 0.00404351018369, 0.00114053848665, 0.000529913464561, 9.92695131572e-05, 2.9464792533e-05, 0.000283094414044, 1.06555025923e-05, 1.80716665454e-06, 8.35820515022e-07, 3.81673771699e-07, 5.43005398868e-07, 1.44015928072e-07],
        "median": [4.34756075265e-05, 0.00744321895763, 0.00219036638737, 0.00049007916823, 0.00433647772297, 0.00124820135534, 0.00275972974487, 0.00111068168189, 0.000821538385935, 0.000806638039649, 0.000692628207617, 8.09202465462e-05, 7.62610434322e-05, 0.000407329236623, 0.000585682631936, 0.00336090801284, 0.000756361987442, 0.000424188096076, 5.63690191484e-05, 1.7691125322e-05, 0.000262114102952, 8.76183912624e-06, 1.47324590216e-06, 7.05059278516e-07, 3.31334319981e-07, 4.48031926226e-07, 1.16478759082e-07],
        "min": [5.1657525546e-07, 0.000224425893975, 3.68195978808e-05, 2.20534457185e-05, 0.000354627758497, 0.000143057550304, 0.000193510612007, 6.37637494947e-05, 5.67812312511e-05, 4.59156435682e-05, 2.87243346975e-05, 6.24097629043e-06, 3.56301006832e-06, 3.70918642147e-05, 3.06355796056e-05, 0.000576465798076, 0.000100173907413, 6.27695408184e-05, 7.77127479523e-06, 3.86708552469e-06, 7.88690158515e-05, 1.30544424337e-06, 3.68781854831e-07, 2.20491301661e-07, 8.29601560781e-08, 1.20149238114e-07, 3.76426818605e-08],
        "var": [1.84550739135e-08, 5.6687178585e-05, 5.70271322431e-06, 5.16845204857e-07, 2.1630039555e-05, 3.22527944263e-06, 2.2196873033e-05, 4.01972010877e-06, 9.87792873275e-07, 1.20072616028e-06, 7.92184494003e-07, 4.76150709972e-08, 6.47287450306e-08, 9.75351667876e-07, 5.08346147399e-07, 5.45937564311e-06, 1.21097218653e-06, 1.67308542132e-07, 1.35303697135e-08, 1.06074493633e-09, 1.76803087726e-08, 5.45760762971e-11, 1.33347835812e-12, 4.19157736948e-13, 2.73168477855e-13, 2.91323009553e-13, 2.6885893685e-13]
    },
    "erbbands": {
        "dmean": [0.141579568386, 2.08366990089, 3.50546073914, 1.43702054024, 5.73837041855, 20.8442611694, 8.40993118286, 9.64542770386, 25.7345542908, 45.6067314148, 26.6492042542, 12.22453022, 7.89597034454, 30.453420639, 6.54981088638, 3.90557408333, 5.18081760406, 12.4143133163, 25.5926856995, 30.8327560425, 88.5949554443, 25.9362316132, 10.9162759781, 4.99571371078, 0.770872712135, 0.525926172733, 1.12828981876, 2.94134807587, 0.21799685061, 0.0272059421986, 0.0176568292081, 0.00785407610238, 0.00346119864844, 0.00150652043521, 0.000887375848833, 0.000901003368199, 0.00024385524739, 4.63740761916e-05, 1.00910165202e-05, 1.34676429298e-05],
        "dmean2": [0.254318237305, 3.72433853149, 6.2210278511, 2.42391896248, 9.88056182861, 37.0909004211, 14.2870264053, 15.7691001892, 43.8339729309, 72.0767669678, 41.8380622864, 19.3292808533, 13.5822467804, 48.0490379333, 10.5405197144, 6.02082443237, 8.43197441101, 20.65691185, 42.456829071, 55.1501274109, 160.225952148, 42.737197876, 18.2170677185, 8.09766483307, 1.24065697193, 0.795983374119, 1.67751967907, 3.79368305206, 0.318548887968, 0.0428626574576, 0.0287464428693, 0.0128116393462, 0.00516570080072, 0.00220709410496, 0.00131377426442, 0.00136632681824, 0.000363699218724, 6.49945359328e-05, 1.4545634258e-05, 2.34438321058e-05],
        "dvar": [0.017837041989, 3.16700839996, 10.5351676941, 1.72412610054, 30.5287284851, 524.150390625, 72.2327270508, 150.278198242, 775.920043945, 6454.58251953, 1493.46520996, 264.483703613, 78.4342803955, 1134.7734375, 51.3795280457, 48.3931617737, 117.198417664, 506.74395752, 1145.35559082, 1350.5723877, 6779.27734375, 1115.75158691, 160.122207642, 39.4562568665, 1.13704919815, 0.484214812517, 1.82490491867, 7.23757076263, 0.0351834706962, 0.00119985430501, 0.000472859712318, 0.000167812308064, 7.57494053687e-05, 3.43659230566e-05, 1.27804823933e-05, 4.29504689237e-06, 8.28918985007e-07, 1.04249863853e-07, 5.35956834469e-09, 1.40152542349e-10],
        "dvar2": [0.0491233803332, 8.85028171539, 31.8548412323, 4.70333862305, 86.2690963745, 1526.77685547, 173.092727661, 383.957092285, 1981.19958496, 13354.703125, 2745.76000977, 579.412658691, 231.853012085, 2523.17675781, 129.380874634, 108.445137024, 265.378692627, 1084.33312988, 3142.40649414, 3760.59082031, 21393.1230469, 3088.14599609, 414.7734375, 95.8413162231, 3.11478853226, 1.09080278873, 3.75064969063, 14.0442142487, 0.077302724123, 0.00215848325752, 0.000773534178734, 0.000253264443018, 8.77454003785e-05, 3.53345858457e-05, 1.31578681248e-05, 5.38865560884e-06, 8.54561221786e-07, 1.05526176242e-07, 5.37980415771e-09, 2.99319180552e-10],
        "max": [0.90920239687, 11.2790794373, 19.4720058441, 12.9836425781, 52.4046401978, 167.710540771, 76.2327575684, 98.0809783936, 201.877822876, 751.486328125, 600.86895752, 200.520843506, 83.4113922119, 438.050628662, 67.4242248535, 65.997215271, 114.953285217, 252.838180542, 349.694580078, 478.997924805, 661.696716309, 507.078369141, 198.906921387, 95.1501464844, 21.3730583191, 9.09623622894, 15.48939991, 37.4661827087, 2.94278359413, 0.459912151098, 0.336385905743, 0.22962449491, 0.169980436563, 0.118345938623, 0.0718969404697, 0.0394760556519, 0.0182809326798, 0.00647622486576, 0.00148556591012, 0.000179321519681],
        "mean": [0.162835940719, 2.40735983849, 4.45690059662, 2.44601535797, 8.50054645538, 26.3138542175, 13.7871284485, 14.8479909897, 36.0188407898, 66.1856460571, 44.0428848267, 23.7741413116, 16.4142150879, 76.0787658691, 14.5545930862, 6.96312236786, 8.32271099091, 22.1503067017, 55.1336669922, 78.0916976929, 213.639572144, 67.7967071533, 33.9822273254, 14.5190000534, 2.58854007721, 1.41984438896, 3.73381066322, 15.5018606186, 1.06403064728, 0.102123983204, 0.0554855875671, 0.0231037549675, 0.0111420787871, 0.00454570073634, 0.00276122801006, 0.00315482378937, 0.000768476573285, 8.89035800355e-05, 3.68909968529e-05, 4.66512901767e-05],
        "median": [0.118888534606, 1.8740696907, 3.58614015579, 1.99493634701, 6.51245212555, 19.2570533752, 10.560801506, 9.51474380493, 25.4269161224, 39.048034668, 30.8843402863, 17.7565460205, 13.4371681213, 47.3508834839, 11.0288200378, 3.90257167816, 4.00889825821, 12.0152320862, 36.9055786133, 65.7494506836, 181.007720947, 46.7496948242, 27.1322746277, 9.21092033386, 1.61412739754, 0.882162451744, 3.29407978058, 14.1792440414, 0.998654484749, 0.093512237072, 0.0472941547632, 0.0193194746971, 0.00966843962669, 0.00388169847429, 0.00221150554717, 0.00265792245045, 0.000627553963568, 6.12025614828e-05, 3.27594316332e-05, 4.67817735625e-05],
        "min": [0.00245166523382, 0.0326708965003, 0.130020141602, 0.255017638206, 0.450810670853, 0.996845126152, 1.68401157856, 0.722638785839, 1.70534551144, 2.98886179924, 2.11332058907, 1.86399960518, 1.87430500984, 2.33739686012, 0.882876932621, 0.477059841156, 0.263672798872, 1.02324664593, 3.51718044281, 9.7763710022, 30.4308204651, 6.61705112457, 4.25374746323, 1.01985192299, 0.305823475122, 0.190834820271, 0.957909107208, 3.61590075493, 0.307958871126, 0.0338566042483, 0.0143443876877, 0.006613553036, 0.00317024230026, 0.00098573428113, 0.000584283785429, 0.000744572666008, 0.000127392253489, 1.50817832036e-05, 1.39477879202e-05, 1.5902764062e-05],
        "var": [0.0198194421828, 3.83941793442, 11.761182785, 2.97594547272, 46.2793540955, 599.762756348, 127.235519409, 222.110641479, 1065.36218262, 9492.76269531, 2799.47558594, 484.021789551, 123.568603516, 6442.67626953, 134.905578613, 80.6072769165, 166.667907715, 908.159545898, 3015.28442383, 2651.5300293, 14023.8847656, 3656.56787109, 652.530883789, 219.670806885, 8.31004047394, 2.10576581955, 4.36201953888, 56.8422851562, 0.196584507823, 0.00235450360924, 0.000912478542887, 0.000238784676185, 9.40374811762e-05, 3.59441764886e-05, 1.37682181958e-05, 6.24495442025e-06, 9.17164072689e-07, 1.0428922792e-07, 5.32623856131e-09, 2.13589854137e-10]
    },
    "gfcc": {
        "mean": [-6.71070623398, 161.757019043, -149.558044434, 36.8660812378, -28.2403411865, -18.1303634644, -26.1024150848, 2.61549186707, 4.02955293655, 2.26947951317, -33.3920326233, 5.78888511658, 8.78410434723],
        "cov": [[263.008453369, -12.3746805191, -93.046836853, -10.2565059662, 39.6044883728, 14.3388767242, -16.8440284729, -13.9768133163, -41.2632102966, -8.88096237183, 41.5239906311, -8.83602714539, -28.6841812134], [-12.3746805191, 93.4843063354, 34.5626182556, -20.3468666077, -15.4037475586, -15.3379926682, 21.1132545471, 3.2184855938, 17.5919246674, 9.91941452026, 16.2072353363, -3.36933946609, -4.2282371521], [-93.046836853, 34.5626182556, 166.72543335, 29.5301246643, -33.6688842773, -4.45401334763, 21.3190441132, 16.9181995392, 32.157623291, 7.28773784637, -39.3661193848, 25.0286998749, 37.8493614197], [-10.2565059662, -20.3468666077, 29.5301246643, 110.212295532, 65.5628814697, 9.67340373993, 1.77191638947, 0.0754034295678, 2.29778313637, -3.13942050934, -3.79109477997, -11.7708349228, 22.8950080872], [39.6044883728, -15.4037475586, -33.6688842773, 65.5628814697, 120.290931702, 48.9696884155, 8.51205444336, -6.21462392807, -13.7002391815, -0.335431665182, 26.4498462677, -15.7281713486, -10.5486822128], [14.3388767242, -15.3379926682, -4.45401334763, 9.67340373993, 48.9696884155, 70.2205047607, 25.8993263245, -2.01853990555, -12.0169248581, -4.87346410751, 5.58622550964, 3.20406079292, 1.31386888027], [-16.8440284729, 21.1132545471, 21.3190441132, 1.77191638947, 8.51205444336, 25.8993263245, 52.7449226379, 15.5929708481, 2.92574262619, -5.27105808258, -7.14873933792, 2.90746927261, 9.49897384644], [-13.9768133163, 3.2184855938, 16.9181995392, 0.0754034295678, -6.21462392807, -2.01853990555, 15.5929708481, 35.8347244263, 23.3370094299, 9.08086395264, 0.783528029919, 1.00269782543, -2.06174468994], [-41.2632102966, 17.5919246674, 32.157623291, 2.29778313637, -13.7002391815, -12.0169248581, 2.92574262619, 23.3370094299, 50.1880645752, 29.0600776672, 4.34907054901, -0.0834233090281, -0.320988595486], [-8.88096237183, 9.91941452026, 7.28773784637, -3.13942050934, -0.335431665182, -4.87346410751, -5.27105808258, 9.08086395264, 29.0600776672, 54.3618583679, 25.3378181458, -8.07327365875, -15.1660423279], [41.5239906311, 16.2072353363, -39.3661193848, -3.79109477997, 26.4498462677, 5.58622550964, -7.14873933792, 0.783528029919, 4.34907054901, 25.3378181458, 65.625541687, -4.57922172546, -23.4938182831], [-8.83602714539, -3.36933946609, 25.0286998749, -11.7708349228, -15.7281713486, 3.20406079292, 2.90746927261, 1.00269782543, -0.0834233090281, -8.07327365875, -4.57922172546, 41.1641960144, 21.0041656494], [-28.6841812134, -4.2282371521, 37.8493614197, 22.8950080872, -10.5486822128, 1.31386888027, 9.49897384644, -2.06174468994, -0.320988595486, -15.1660423279, -23.4938182831, 21.0041656494, 48.0942230225]],
        "icov": [[0.00562000880018, -0.0015869300114, 0.00226124725305, -0.000841349363327, -4.60577484773e-06, -0.00119956361596, 0.00235039624386, -0.00289489771239, 0.00514452485368, -0.000590378243942, -0.00127920205705, -0.00134553934913, 0.001087660552], [-0.0015869300114, 0.0268262885511, -0.0116639332846, 0.0129871722311, -0.00734536955133, 0.0153954448178, -0.0185869205743, 0.0155524853617, -0.0117537993938, 0.00823346618563, -0.0151198823005, 0.0110099194571, -0.00296152383089], [0.00226124725305, -0.0116639332846, 0.0177454221994, -0.0129132084548, 0.00881954561919, -0.00875179935247, 0.00433978345245, -0.0059566362761, 0.00114283117, -0.00720931729302, 0.0118198487908, -0.0124372886494, 0.00250604446046], [-0.000841349363327, 0.0129871722311, -0.0129132084548, 0.0347883477807, -0.0247658118606, 0.0157193467021, -0.00354461860843, 0.00309387897141, -0.00506654242054, 0.00497069116682, -0.00818847026676, 0.0192840471864, -0.021675337106], [-4.60577484773e-06, -0.00734536955133, 0.00881954561919, -0.0247658118606, 0.0324142463505, -0.0209037400782, 0.00314948405139, -0.00104821450077, 0.00281763565727, -0.000818031199742, -0.000789262296166, -0.00627545826137, 0.0133298691362], [-0.00119956361596, 0.0153954448178, -0.00875179935247, 0.0157193467021, -0.0209037400782, 0.0384561903775, -0.0223335381597, 0.011502943933, -0.00268557295203, 0.00211126590148, -0.00695244641975, 0.00324890064076, -0.00485612126067], [0.00235039624386, -0.0185869205743, 0.00433978345245, -0.00354461860843, 0.00314948405139, -0.0223335381597, 0.0458828024566, -0.0282373577356, 0.0126204099506, -0.00287082721479, 0.00914078764617, -0.000105878491013, -0.0072415843606], [-0.00289489771239, 0.0155524853617, -0.0059566362761, 0.00309387897141, -0.00104821450077, 0.011502943933, -0.0282373577356, 0.0608249120414, -0.0334113650024, 0.0101007437333, -0.00810824334621, 0.000695109250955, 0.00919388793409], [0.00514452485368, -0.0117537993938, 0.00114283117, -0.00506654242054, 0.00281763565727, -0.00268557295203, 0.0126204099506, -0.0334113650024, 0.0567651949823, -0.0251614674926, 0.0055340314284, -0.00345070869662, -0.00303130364046], [-0.000590378243942, 0.00823346618563, -0.00720931729302, 0.00497069116682, -0.000818031199742, 0.00211126590148, -0.00287082721479, 0.0101007437333, -0.0251614674926, 0.0406249985099, -0.0178357064724, 0.00964072253555, 0.00416171131656], [-0.00127920205705, -0.0151198823005, 0.0118198487908, -0.00818847026676, -0.000789262296166, -0.00695244641975, 0.00914078764617, -0.00810824334621, 0.0055340314284, -0.0178357064724, 0.0373555086553, -0.0156021937728, 0.00984225608408], [-0.00134553934913, 0.0110099194571, -0.0124372886494, 0.0192840471864, -0.00627545826137, 0.00324890064076, -0.000105878491013, 0.000695109250955, -0.00345070869662, 0.00964072253555, -0.0156021937728, 0.0490844883025, -0.0266823228449], [0.001087660552, -0.00296152383089, 0.00250604446046, -0.021675337106, 0.0133298691362, -0.00485612126067, -0.0072415843606, 0.00919388793409, -0.00303130364046, 0.00416171131656, 0.00984225608408, -0.0266823228449, 0.0521607995033]]
    },
    "melbands": {
        "dmean": [0.00180344935507, 0.00220163608901, 0.000288492185064, 0.00102499919012, 0.000376187701477, 0.000211364938878, 0.000462720752694, 0.000424707046477, 0.000219992623897, 7.29497915017e-05, 3.81929676223e-05, 0.000118426149129, 3.67979846487e-05, 1.01769492176e-05, 1.33517778522e-05, 8.12385405879e-06, 2.81656084553e-05, 4.8641293688e-05, 2.64891768893e-05, 0.000123441612232, 8.35020618979e-05, 3.0611823604e-05, 1.61758252943e-05, 7.8060065789e-06, 4.1536527533e-06, 8.86494717633e-07, 3.68910264115e-07, 4.04067890258e-07, 6.16805664322e-07, 1.43289332755e-06, 1.40154156725e-06, 1.29111569436e-07, 2.12014938938e-08, 1.42815492765e-08, 1.32019915e-08, 5.3707336356e-09, 5.40587175024e-09, 3.10364156597e-09, 1.73516057078e-09, 1.24294374793e-09],
        "dmean2": [0.00321348197758, 0.00390786398202, 0.000484340416733, 0.001806001761, 0.000650736270472, 0.000347806024365, 0.000794427935034, 0.000672024383675, 0.000348641071469, 0.000116690134746, 6.66406122036e-05, 0.000186748671695, 6.14363016211e-05, 1.64051762113e-05, 2.09929039556e-05, 1.33915118568e-05, 4.69096376037e-05, 8.0447520304e-05, 4.3053747504e-05, 0.000227003038162, 0.000149520710693, 5.0998522056e-05, 2.76631253655e-05, 1.29828204081e-05, 6.83630423737e-06, 1.50330458837e-06, 6.12070323314e-07, 6.24560641427e-07, 9.62723675002e-07, 1.89275374396e-06, 1.81329687621e-06, 2.09813322272e-07, 3.54367735156e-08, 2.31541683604e-08, 2.17939337688e-08, 8.83285977693e-09, 8.98548524475e-09, 4.73434003112e-09, 2.62714094923e-09, 1.85422532883e-09],
        "dvar": [2.5206063583e-06, 3.56026998816e-06, 6.2359170272e-08, 1.17063257221e-06, 1.34362750259e-07, 6.88183874331e-08, 2.55430364859e-07, 5.30729380444e-07, 1.18901063217e-07, 8.28182500356e-09, 2.00030281228e-09, 1.71164415974e-08, 1.60782109848e-09, 3.789432379e-10, 6.28923413348e-10, 2.70415106973e-10, 2.77996337061e-09, 4.57096360762e-09, 9.22821763449e-10, 1.46123291245e-08, 5.94079674343e-09, 1.35093403131e-09, 4.56125220927e-10, 7.38240787945e-11, 2.80635445438e-11, 1.6834507963e-12, 2.71068784823e-13, 3.10278089029e-13, 5.58727272348e-13, 1.79904626352e-12, 1.65973539166e-12, 1.76079074552e-14, 4.69350326376e-16, 4.10464092957e-16, 2.25402958212e-16, 7.60011693929e-17, 6.76105933663e-17, 4.13653006567e-17, 2.98501755976e-17, 2.27001306075e-17],
        "dvar2": [7.05847105564e-06, 1.0704214219e-05, 1.80725336918e-07, 3.242618277e-06, 3.70791440218e-07, 1.73071526888e-07, 6.07547519849e-07, 1.10156304345e-06, 2.26979310014e-07, 1.89948430318e-08, 5.93560445239e-09, 3.78730042883e-08, 4.0873953111e-09, 8.59914806028e-10, 1.4747664201e-09, 6.48569642436e-10, 5.93697135898e-09, 1.23839427602e-08, 2.66131605642e-09, 4.55278268419e-08, 1.82765980128e-08, 3.64933838704e-09, 1.26255561561e-09, 1.62391863845e-10, 7.03019170656e-11, 4.91740979533e-12, 7.56553457035e-13, 6.66598666457e-13, 1.10519688019e-12, 3.48310854985e-12, 3.22065551311e-12, 4.35715916472e-14, 1.01519291597e-15, 7.61577116695e-16, 4.27950611697e-16, 1.01901094344e-16, 1.16440520763e-16, 5.33615437385e-17, 3.17713952145e-17, 2.35304412715e-17],
        "max": [0.0109848445281, 0.0124217923731, 0.00206824508496, 0.00759492488578, 0.00270278682001, 0.0022257512901, 0.00347671285272, 0.00670443009585, 0.00565550755709, 0.000904307235032, 0.000412556139054, 0.00171965244226, 0.000325111555867, 0.000168324695551, 0.000205151140108, 0.000176529589226, 0.000588389113545, 0.000691835477483, 0.000406143662985, 0.00119509291835, 0.000677515112329, 0.00048649389646, 0.000328062800691, 0.000132670073071, 7.10501990397e-05, 1.89797992789e-05, 9.61944897426e-06, 5.99644226895e-06, 6.8897716119e-06, 1.98122379516e-05, 1.80151255336e-05, 1.62986498253e-06, 2.5061868314e-07, 2.21215913143e-07, 1.95900625499e-07, 1.63130195574e-07, 1.31707224682e-07, 1.20362898315e-07, 1.09235301693e-07, 9.59055057592e-08],
        "mean": [0.00210174452513, 0.00277811801061, 0.000495057727676, 0.00141582300421, 0.000602218497079, 0.000327692599967, 0.000660543271806, 0.00063215510454, 0.000349727110006, 0.00013596349163, 6.55901312712e-05, 0.000297718070215, 7.79919355409e-05, 1.65895053215e-05, 2.05933210964e-05, 1.25926444525e-05, 4.56209054391e-05, 9.41906837397e-05, 6.16216129856e-05, 0.000252292404184, 0.000210560814594, 7.10432796041e-05, 3.91662179027e-05, 2.37824187934e-05, 1.07768582893e-05, 2.33454329646e-06, 9.13837993721e-07, 9.00849101981e-07, 1.18543823646e-06, 7.5631501204e-06, 7.39452525522e-06, 3.5393676967e-07, 5.68740858853e-08, 3.43314177087e-08, 3.61631933288e-08, 1.50196051152e-08, 1.35574431681e-08, 8.74776251436e-09, 4.65898963853e-09, 3.2452676102e-09],
        "median": [0.00164993747603, 0.00227993447334, 0.000416237046011, 0.00108300114516, 0.000501705799252, 0.000216329586692, 0.000459870061604, 0.000368247972801, 0.000241206143983, 9.6845353255e-05, 4.56040797872e-05, 0.000185449476703, 5.67629467696e-05, 8.05148374639e-06, 1.06942734419e-05, 5.78551362196e-06, 2.29722245422e-05, 5.85442103329e-05, 4.69561855425e-05, 0.000212105107494, 0.000179775350261, 4.85934797325e-05, 2.61881905317e-05, 1.91274484678e-05, 6.20287937636e-06, 1.45506282934e-06, 5.09062033416e-07, 5.16219358815e-07, 8.28289159926e-07, 7.0373212111e-06, 6.72913711242e-06, 3.01741010844e-07, 4.90479017401e-08, 2.69838444922e-08, 2.95616224832e-08, 1.32293713762e-08, 1.10116458174e-08, 7.4120216631e-09, 3.82219900175e-09, 2.71755951076e-09],
        "min": [4.64749791718e-05, 5.50373115402e-05, 6.3745836087e-05, 5.44457871001e-05, 6.17692930973e-05, 1.300704389e-05, 2.89829986286e-05, 2.81018365058e-05, 1.36810149343e-05, 9.01958446775e-06, 5.88218745179e-06, 9.69479879132e-06, 3.6750259369e-06, 7.17842510767e-07, 9.38256334848e-07, 2.94298445169e-07, 2.01333705263e-06, 5.00103124068e-06, 3.0247124414e-06, 3.59456716978e-05, 2.93886459986e-05, 5.38679432793e-06, 4.77381399833e-06, 2.62574894805e-06, 5.78520086947e-07, 2.35174681507e-07, 7.46612016655e-08, 1.15976860116e-07, 1.19256128528e-07, 2.18507443606e-06, 1.68747612861e-06, 3.37843246712e-08, 1.22306289541e-08, 4.70474059711e-09, 5.63555468958e-09, 4.82281281577e-09, 2.84619106061e-09, 2.14556794553e-09, 1.16755194401e-09, 6.77980449559e-10],
        "var": [2.99246607938e-06, 4.15018257627e-06, 1.01347396253e-07, 1.55983752848e-06, 1.8680331948e-07, 1.06687892298e-07, 3.82439424129e-07, 7.91037791714e-07, 2.0676284862e-07, 1.57842201531e-08, 2.98897240292e-09, 9.95609852339e-08, 4.30365520998e-09, 5.8660509783e-10, 8.72868943791e-10, 3.66471908375e-10, 4.55076820671e-09, 1.08534274901e-08, 2.82762391279e-09, 2.38134560959e-08, 1.34365336635e-08, 4.35576641422e-09, 1.45748657587e-09, 3.42273209775e-10, 1.40636002843e-10, 7.09595880319e-12, 1.30108575823e-12, 1.01399834709e-12, 1.12971177552e-12, 1.2467199148e-11, 1.28854114878e-11, 5.86059453462e-14, 1.04753030455e-15, 7.25277784438e-16, 4.59944184315e-16, 9.92377977652e-17, 1.01954245662e-16, 5.43197861561e-17, 3.26821144515e-17, 2.34307246486e-17]
    },
    "mfcc": {
        "mean": [-646.878662109, 191.093414307, -50.0123977661, 54.0846481323, 7.50126361847, 4.61046457291, -25.8545875549, 1.88311398029, 32.4570198059, -8.10144329071, -6.50363731384, 9.82074260712, -12.6348142624],
        "cov": [[365.010131836, -43.0564956665, -158.756469727, -22.6531963348, 32.2915992737, 8.67393875122, 51.916217804, -19.0585536957, -90.2949981689, 2.9331510067, 13.9358377457, 6.63135480881, 7.67161941528], [-43.0564956665, 112.258712769, 43.1350021362, -18.2617034912, -43.7497596741, -10.629860878, -11.2245674133, 0.0994927510619, 2.64511561394, -1.37413477898, 18.2071018219, 22.9990959167, 14.3129367828], [-158.756469727, 43.1350021362, 182.566848755, 19.7497406006, -43.3708686829, -15.3300304413, -47.7705497742, 16.2845439911, 69.306602478, -16.3588790894, -21.0365333557, 2.55223369598, 15.146487236], [-22.6531963348, -18.2617034912, 19.7497406006, 94.8266296387, 41.9881591797, -2.04454946518, 6.2119550705, -5.93063783646, 22.5569229126, 15.1940793991, -3.63920140266, -11.1968240738, -16.4796066284], [32.2915992737, -43.7497596741, -43.3708686829, 41.9881591797, 99.520904541, 42.4558601379, 34.0514297485, 4.16435623169, -16.0402145386, 17.803396225, 8.36810493469, -10.5284366608, -16.5083408356], [8.67393875122, -10.629860878, -15.3300304413, -2.04454946518, 42.4558601379, 63.6879119873, 37.7064285278, 9.09478664398, -0.345132380724, 1.75909543037, -0.805249512196, 0.61215877533, -4.42607975006], [51.916217804, -11.2245674133, -47.7705497742, 6.2119550705, 34.0514297485, 37.7064285278, 78.4171981812, 11.0952825546, -12.0687561035, 9.9151468277, 4.71920919418, -2.28402400017, -10.2383136749], [-19.0585536957, 0.0994927510619, 16.2845439911, -5.93063783646, 4.16435623169, 9.09478664398, 11.0952825546, 55.3090019226, 15.6401290894, -10.1761713028, -13.2692966461, -8.95266914368, 3.50052523613], [-90.2949981689, 2.64511561394, 69.306602478, 22.5569229126, -16.0402145386, -0.345132380724, -12.0687561035, 15.6401290894, 80.4110336304, -0.0687075182796, -18.8416900635, -5.45707273483, -4.73677682877], [2.9331510067, -1.37413477898, -16.3588790894, 15.1940793991, 17.803396225, 1.75909543037, 9.9151468277, -10.1761713028, -0.0687075182796, 48.6189346313, 27.6865291595, 5.94154024124, -0.694057166576], [13.9358377457, 18.2071018219, -21.0365333557, -3.63920140266, 8.36810493469, -0.805249512196, 4.71920919418, -13.2692966461, -18.8416900635, 27.6865291595, 59.9497261047, 26.0205764771, 5.07865667343], [6.63135480881, 22.9990959167, 2.55223369598, -11.1968240738, -10.5284366608, 0.61215877533, -2.28402400017, -8.95266914368, -5.45707273483, 5.94154024124, 26.0205764771, 40.5277252197, 18.6832237244], [7.67161941528, 14.3129367828, 15.146487236, -16.4796066284, -16.5083408356, -4.42607975006, -10.2383136749, 3.50052523613, -4.73677682877, -0.694057166576, 5.07865667343, 18.6832237244, 41.4794807434]],
