{
"lowlevel": {
    "average_loudness": 0.986676096916,
    "barkbands_crest": {
        "dmean": 4.65264606476,
        "dmean2": 8.04206180573,
        "dvar": 11.2913255692,
        "dvar2": 32.0295829773,
        "max": 22.695268631,
        "mean": 12.9550962448,
        "median": 12.8808231354,
        "min": 3.25035905838,
        "var": 18.8837146759
    },
    "barkbands_flatness_db": {
        "dmean": 0.032217528671,
        "dmean2": 0.0550793334842,
        "dvar": 0.000538655323908,
        "dvar2": 0.00164186465554,
        "max": 0.329871147871,
        "mean": 0.200503259897,
        "median": 0.198234289885,
        "min": 0.128298968077,
        "var": 0.000877726008184
    },
    "barkbands_kurtosis": {
        "dmean": 3.75922369957,
        "dmean2": 6.49668598175,
        "dvar": 16.705619812,
        "dvar2": 45.6497077942,
        "max": 64.255897522,
        "mean": 3.9122338295,
        "median": 2.47874283791,
        "min": -1.46471130848,
        "var": 30.4703063965
    },
    "barkbands_skewness": {
        "dmean": 0.792500317097,
        "dmean2": 1.34701263905,
        "dvar": 0.374163389206,
        "dvar2": 1.07815063,
        "max": 6.9338760376,
        "mean": 1.81959271431,
        "median": 1.7053809166,
        "min": -0.189208418131,
        "var": 0.768804907799
    },
    "barkbands_spread": {
        "dmean": 5.79328250885,
        "dmean2": 10.0287504196,
        "dvar": 21.0775527954,
        "dvar2": 61.3296279907,
        "max": 37.606300354,
        "mean": 15.1620368958,
        "median": 14.7870979309,
        "min": 2.2088599205,
        "var": 29.943862915
    },
    "dissonance": {
        "dmean": 0.0168093610555,
        "dmean2": 0.0286221634597,
        "dvar": 0.000181866023922,
        "dvar2": 0.000527202850208,
        "max": 0.49681943655,
        "mean": 0.465673714876,
        "median": 0.467403173447,
        "min": 0.408720016479,
        "var": 0.000304957386106
    },
    "dynamic_complexity": 0.908956110477,
    "erbbands_crest": {
        "dmean": 2.35923218727,
        "dmean2": 4.02574253082,
        "dvar": 3.79810285568,
        "dvar2": 11.4207334518,
        "max": 20.3466625214,
        "mean": 8.73785305023,
        "median": 8.28843688965,
        "min": 3.73264598846,
        "var": 7.84182024002
    },
    "erbbands_flatness_db": {
        "dmean": 0.0114511875436,
        "dmean2": 0.0193064585328,
        "dvar": 9.20961465454e-05,
        "dvar2": 0.000230496036238,
        "max": 0.277649730444,
        "mean": 0.22405821085,
        "median": 0.223978191614,
        "min": 0.106742024422,
        "var": 0.000294788507745
    },
    "erbbands_kurtosis": {
        "dmean": 0.399884283543,
        "dmean2": 0.68937921524,
        "dvar": 0.127916499972,
        "dvar2": 0.37940788269,
        "max": 2.48378276825,
        "mean": -0.837928473949,
        "median": -0.916248679161,
        "min": -1.62977492809,
        "var": 0.23658940196
    },
    "erbbands_skewness": {
        "dmean": 0.327421963215,
        "dmean2": 0.548926472664,
        "dvar": 0.0661919787526,
        "dvar2": 0.204402595758,
        "max": 1.49687194824,
        "mean": 0.0759275257587,
        "median": 0.0812169164419,
        "min": -1.02867257595,
        "var": 0.144459724426
    },
    "erbbands_spread": {
        "dmean": 8.35895729065,
        "dmean2": 14.3157396317,
        "dvar": 32.16822052,
        "dvar2": 92.3652572632,
        "max": 73.4450302124,
        "mean": 41.1156539917,
        "median": 41.0585441589,
        "min": 17.0208377838,
        "var": 94.2357635498
    },
    "hfc": {
        "dmean": 4.80380630493,
        "dmean2": 8.00778770447,
        "dvar": 12.9729681015,
        "dvar2": 35.9084663391,
        "max": 55.0513916016,
        "mean": 20.6385421753,
        "median": 19.6710338593,
        "min": 5.26405191422,
        "var": 51.755569458
    },
    "melbands_crest": {
        "dmean": 4.80522346497,
        "dmean2": 8.37688350677,
        "dvar": 11.3845319748,
        "dvar2": 31.6450939178,
        "max": 29.5061607361,
        "mean": 16.9075183868,
        "median": 16.7449951172,
        "min": 6.18477964401,
        "var": 20.5330982208
    },
    "melbands_flatness_db": {
        "dmean": 0.0379917249084,
        "dmean2": 0.0650221258402,
        "dvar": 0.000773421255872,
        "dvar2": 0.00235870922916,
        "max": 0.440629482269,
        "mean": 0.274942010641,
        "median": 0.273432433605,
        "min": 0.168621435761,
        "var": 0.00133417791221
    },
    "melbands_kurtosis": {
        "dmean": 9.65113925934,
        "dmean2": 16.5834541321,
        "dvar": 119.120857239,
        "dvar2": 327.920410156,
        "max": 188.606689453,
        "mean": 13.3600692749,
        "median": 9.71948814392,
        "min": -0.706270217896,
        "var": 212.638519287
    },
    "melbands_skewness": {
        "dmean": 1.13141107559,
        "dmean2": 1.92033004761,
        "dvar": 0.72986125946,
        "dvar2": 2.11802101135,
        "max": 10.9555425644,
        "mean": 3.05418348312,
        "median": 2.91195964813,
        "min": 0.275077849627,
        "var": 1.66225862503
    },
    "melbands_spread": {
        "dmean": 7.40528202057,
        "dmean2": 12.8094100952,
        "dvar": 36.3946609497,
        "dvar2": 105.547912598,
        "max": 49.1815338135,
        "mean": 15.7058677673,
        "median": 14.5244255066,
        "min": 1.24725270271,
        "var": 56.6613922119
    },
    "pitch_salience": {
        "dmean": 0.0857066586614,
        "dmean2": 0.148398071527,
        "dvar": 0.00500384671614,
        "dvar2": 0.0142620252445,
        "max": 0.650464057922,
        "mean": 0.432483911514,
        "median": 0.439813673496,
        "min": 0.148228913546,
        "var": 0.00704371882603
    },
    "silence_rate_20dB": {
        "dmean": 0,
        "dmean2": 0,
        "dvar": 0,
        "dvar2": 0,
        "max": 1,
        "mean": 1,
        "median": 1,
        "min": 1,
        "var": 0
    },
    "silence_rate_30dB": {
        "dmean": 0,
        "dmean2": 0,
        "dvar": 0,
        "dvar2": 0,
        "max": 1,
        "mean": 1,
        "median": 1,
        "min": 1,
        "var": 0
    },
    "silence_rate_60dB": {
        "dmean": 0,
        "dmean2": 0,
        "dvar": 0,
        "dvar2": 0,
        "max": 0,
        "mean": 0,
        "median": 0,
        "min": 0,
        "var": 0
    },
    "spectral_centroid": {
        "dmean": 338.623596191,
        "dmean2": 582.075683594,
        "dvar": 69290.6875,
        "dvar2": 208995.828125,
        "max": 2151.15551758,
        "mean": 968.203308105,
        "median": 934.672973633,
        "min": 317.603485107,
        "var": 95631.7890625
    },
    "spectral_complexity": {
        "dmean": 3.47947454453,
        "dmean2": 5.76315784454,
        "dvar": 6.99507045746,
        "dvar2": 19.9504566193,
        "max": 44,
        "mean": 22.9836063385,
        "median": 23,
        "min": 4,
        "var": 25.4653167725
    },
    "spectral_decrease": {
        "dmean": 4.83027973175e-09,
        "dmean2": 8.46123615617e-09,
        "dvar": 1.16990949904e-17,
        "dvar2": 3.28883272695e-17,
        "max": -2.4204664939e-09,
        "mean": -1.09536122395e-08,
        "median": -1.05545439055e-08,
        "min": -2.21718305937e-08,
        "var": 1.5568614463e-17
    },
    "spectral_energy": {
        "dmean": 0.0185557641089,
        "dmean2": 0.0325045883656,
        "dvar": 0.000172596337507,
        "dvar2": 0.00048468640307,
        "max": 0.0859533622861,
        "mean": 0.0432133488357,
        "median": 0.0416289865971,
        "min": 0.0100140636787,
        "var": 0.000232080070418
    },
    "spectral_energyband_high": {
        "dmean": 0.000106499348476,
        "dmean2": 0.000188472680748,
        "dvar": 9.36189259448e-09,
        "dvar2": 2.85763892549e-08,
        "max": 0.000821468885988,
        "mean": 0.000239335582592,
        "median": 0.000214577798033,
        "min": 3.13512027788e-05,
        "var": 1.56280162145e-08
    },
    "spectral_energyband_low": {
        "dmean": 0.00389297283255,
        "dmean2": 0.00666555436328,
        "dvar": 1.47047512655e-05,
        "dvar2": 4.05845166824e-05,
        "max": 0.0606976561248,
        "mean": 0.00663845567033,
        "median": 0.00499722827226,
        "min": 0.000351722352207,
        "var": 4.2739611672e-05
    },
    "spectral_energyband_middle_high": {
        "dmean": 0.00173987110611,
        "dmean2": 0.00285188783891,
        "dvar": 4.31832086178e-06,
        "dvar2": 1.10825303636e-05,
        "max": 0.0335470624268,
        "mean": 0.0069684991613,
        "median": 0.00578131945804,
        "min": 0.000415348040406,
        "var": 2.05337109946e-05
    },
    "spectral_energyband_middle_low": {
        "dmean": 0.0181951653212,
        "dmean2": 0.0318700969219,
        "dvar": 0.000182903269888,
        "dvar2": 0.000514798914082,
        "max": 0.0806921124458,
        "mean": 0.0304291900247,
        "median": 0.027834430337,
        "min": 0.00248848786578,
        "var": 0.000247751624556
    },
    "spectral_entropy": {
        "dmean": 0.186716407537,
        "dmean2": 0.321559816599,
        "dvar": 0.0199726317078,
        "dvar2": 0.0620660409331,
        "max": 7.6009221077,
        "mean": 7.21131372452,
        "median": 7.23171663284,
        "min": 6.6468000412,
        "var": 0.0282310135663
    },
    "spectral_flux": {
        "dmean": 0.030487684533,
        "dmean2": 0.0521644242108,
        "dvar": 0.000602368207183,
        "dvar2": 0.0016850620741,
        "max": 0.221397310495,
        "mean": 0.112980648875,
        "median": 0.110330030322,
        "min": 0.0323149785399,
        "var": 0.000898594444152
    },
    "spectral_kurtosis": {
        "dmean": 3.64671039581,
        "dmean2": 6.66606426239,
        "dvar": 7.92447900772,
        "dvar2": 25.149805069,
        "max": 16.9194068909,
        "mean": 5.31986045837,
        "median": 4.77052021027,
        "min": 0.478598117828,
        "var": 10.242401123
    },
    "spectral_rms": {
        "dmean": 0.00142206333112,
        "dmean2": 0.00247466773726,
        "dvar": 9.93427079266e-07,
        "dvar2": 2.86906379188e-06,
        "max": 0.00915734376758,
        "mean": 0.00638732453808,
        "median": 0.00637288112193,
        "min": 0.00312567083165,
        "var": 1.361448426e-06
    },
    "spectral_rolloff": {
        "dmean": 462.132537842,
        "dmean2": 824.884216309,
        "dvar": 204674.796875,
        "dvar2": 535971.875,
        "max": 2347.11914062,
        "mean": 852.467468262,
        "median": 796.728515625,
        "min": 107.666015625,
        "var": 254969.671875
    },
    "spectral_skewness": {
        "dmean": 0.377187132835,
        "dmean2": 0.684089004993,
        "dvar": 0.0859746038914,
        "dvar2": 0.263952165842,
        "max": 2.98646807671,
        "mean": 1.12979900837,
        "median": 1.09372472763,
        "min": 0.348343253136,
        "var": 0.114700227976
    },
    "spectral_spread": {
        "dmean": 165188,
        "dmean2": 270410.875,
        "dvar": 180279050240,
        "dvar2": 198415712256,
        "max": 13068081,
        "mean": 2639961.75,
        "median": 2622218,
        "min": 1915574.125,
        "var": 221550428160
    },
    "spectral_strongpeak": {
        "dmean": 0.584168493748,
        "dmean2": 1.00647509098,
        "dvar": 0.381248116493,
        "dvar2": 1.05085325241,
        "max": 7.51442861557,
        "mean": 1.12946140766,
        "median": 0.9924274683,
        "min": 0.096382021904,
        "var": 0.468205690384
    },
    "zerocrossingrate": {
        "dmean": 0.00586338387802,
        "dmean2": 0.00884206686169,
        "dvar": 2.18252516788e-05,
        "dvar2": 4.2645879148e-05,
        "max": 0.06298828125,
        "mean": 0.0354452170432,
        "median": 0.03515625,
        "min": 0.0048828125,
        "var": 7.29730672901e-05
    },
    "barkbands": {
        "dmean": [2.10223370232e-05, 0.00251669855788, 0.00206639245152, 0.0029555328656, 0.0160918571055, 0.000129611580633, 0.000105765735498, 0.000879168044776, 0.00130009977147, 0.00111280370038, 0.00019304419402, 0.000277157232631, 2.1921865482e-05, 0.000349660374923, 0.000328142894432, 0.000421669887146, 0.000216036103666, 0.000108876542072, 0.000188588135643, 0.00010976051999, 4.95655876875e-05, 4.96437996844e-06, 4.21269305662e-07, 3.56638963694e-07, 1.38378993597e-07, 6.54626362007e-08, 2.77544156546e-08],
        "dmean2": [3.01111449517e-05, 0.00440930202603, 0.0035345365759, 0.00509687559679, 0.0284394305199, 0.000228614371736, 0.000182436095201, 0.00152326817624, 0.00226753111929, 0.00190037954599, 0.000326114473864, 0.000440875795903, 3.65012565453e-05, 0.000577542057727, 0.000521629117429, 0.000704018748365, 0.000361833081115, 0.000185756420251, 0.000329341419274, 0.000192217325093, 8.62170491018e-05, 8.16473402665e-06, 7.06807156803e-07, 5.78302035592e-07, 2.12835900015e-07, 9.45383362705e-08, 3.31460441316e-08],
        "dvar": [8.73587246986e-09, 6.7054675128e-06, 4.28616340287e-06, 4.99674206367e-06, 0.000159029295901, 2.19979270355e-08, 1.12009388431e-08, 1.12119982987e-06, 2.11780411519e-06, 2.4253704396e-06, 4.67724930786e-07, 1.52702881451e-07, 1.47010814633e-09, 2.04925513003e-07, 1.2615927858e-07, 2.92192595452e-07, 6.7467738063e-08, 1.47922962768e-08, 3.30390399483e-08, 8.79957795519e-09, 2.36707387025e-09, 2.42375789578e-11, 2.92943485225e-13, 4.71197896239e-13, 1.57243968822e-13, 9.15483509313e-14, 1.14738053043e-13],
        "dvar2": [8.83975737054e-09, 2.04731350095e-05, 1.11413019113e-05, 1.45895310197e-05, 0.000433707376942, 6.48599467468e-08, 3.15779580262e-08, 3.31470141646e-06, 5.51472930965e-06, 6.76629815644e-06, 1.41433770295e-06, 3.9085190906e-07, 3.9519192363e-09, 5.12672158948e-07, 3.3193967397e-07, 6.29352086889e-07, 1.79984894544e-07, 4.07010318781e-08, 9.31149344297e-08, 2.68711968232e-08, 7.03784586165e-09, 6.45945519295e-11, 5.2936387912e-13, 1.02646472051e-12, 2.28170970616e-13, 9.42517345095e-14, 1.1493978241e-13],
        "max": [0.00190161529463, 0.0302543807775, 0.0303593166173, 0.0153883304447, 0.0722496509552, 0.00160173769109, 0.00123503943905, 0.0121549256146, 0.0163417868316, 0.0202807653695, 0.0150862950832, 0.00608402723446, 0.000774408807047, 0.00701938057318, 0.00429173000157, 0.00865390524268, 0.00395500846207, 0.00165059033316, 0.00187822454609, 0.000683281861711, 0.000509725068696, 4.75054475828e-05, 9.137644156e-06, 9.19500871532e-06, 6.88152067596e-06, 6.01699593972e-06, 6.71994257573e-06],
        "mean": [2.9865102988e-05, 0.00363947963342, 0.00259500532411, 0.00379309733398, 0.021662035957, 0.000195185988559, 0.000162142488989, 0.00150541600306, 0.00231485883705, 0.00251869950444, 0.000268178002443, 0.000571808428504, 3.94754351873e-05, 0.00067880586721, 0.000908059359062, 0.000836303166579, 0.000473313062685, 0.000295317237033, 0.000381094956538, 0.0002204329503, 0.000109268788947, 1.29339914565e-05, 1.15458180971e-06, 8.89448529051e-07, 3.41912056001e-07, 2.10234361475e-07, 5.61001449739e-08],
        "median": [1.2128823073e-05, 0.00255509489216, 0.00170452322345, 0.00347545882687, 0.0187137760222, 0.000155124493176, 0.000131463661091, 0.000856171129271, 0.0015437080292, 0.0016035643639, 0.000106649444206, 0.00042163830949, 2.97359292745e-05, 0.00052489945665, 0.000706795603037, 0.000639080419205, 0.000366775813745, 0.000250899436651, 0.000329434958985, 0.000195728163817, 9.68904787442e-05, 1.1400549738e-05, 1.03438514998e-06, 6.87177305281e-07, 2.57691681327e-07, 1.79326576699e-07, 3.58801415246e-08],
        "min": [2.27356537152e-07, 9.38390876399e-05, 4.31032785855e-05, 5.64478978049e-05, 0.000334280543029, 9.21647915675e-06, 7.57918314775e-06, 2.30814794122e-06, 0.000107228326669, 2.34395520238e-05, 8.34535785543e-06, 1.18180423669e-05, 3.95532697439e-06, 3.54817093466e-05, 2.4871840651e-05, 3.78921213269e-05, 1.82294970728e-05, 1.80692331924e-05, 4.91164028062e-05, 2.52543904935e-05, 1.70414386957e-05, 1.5732407519e-06, 2.10957182389e-07, 1.44488197407e-07, 6.7138202553e-08, 5.34397166518e-08, 8.70982042045e-09],
        "var": [9.80706005294e-09, 1.52392585733e-05, 1.03042821138e-05, 6.49133608022e-06, 0.00020195171237, 2.56338275051e-08, 1.58776973791e-08, 3.06686843032e-06, 5.30015859113e-06, 7.56960662329e-06, 7.71389295551e-07, 2.94104154364e-07, 1.93437399432e-09, 4.05390437663e-07, 5.0036715038e-07, 6.08399886914e-07, 1.70444025116e-07, 3.58215039853e-08, 4.68916248053e-08, 1.46215590746e-08, 3.62827590195e-09, 5.42624001287e-11, 4.50742850162e-13, 7.36554643232e-13, 1.86675233106e-13, 9.65337700184e-14, 1.14563618466e-13]
    },
    "erbbands": {
        "dmean": [0.0350132659078, 0.704917669296, 2.49887275696, 4.29953622818, 63.4740219116, 35.5751876831, 2.1318655014, 1.37893366814, 1.19653749466, 1.85301375389, 35.3310813904, 23.4309310913, 35.3863677979, 10.7299776077, 10.9051914215, 7.37395906448, 1.38284409046, 8.96902656555, 23.7851772308, 14.224822998, 20.484331131, 11.1315994263, 4.16437339783, 12.4032030106, 6.45440101624, 5.39728164673, 2.4528362751, 1.65057063103, 0.199384987354, 0.0310151297599, 0.0135263483971, 0.00898839253932, 0.00503536034375, 0.00241367565468, 0.000620988081209, 0.000393684953451, 0.000101206132967, 2.35893076024e-05, 1.09288448584e-05, 2.0360266717e-05],
        "dmean2": [0.0594517700374, 1.23477208614, 4.27401542664, 7.3938164711, 110.117378235, 62.9233970642, 3.64888310432, 2.44955635071, 2.07104682922, 3.2033264637, 60.7436447144, 41.2784156799, 60.2821159363, 18.1516075134, 18.425535202, 11.976020813, 2.34252858162, 14.4591817856, 37.8067512512, 22.4692420959, 34.5884857178, 18.3769397736, 6.87774801254, 21.2687740326, 11.3755369186, 9.44083881378, 4.41237306595, 2.85610318184, 0.345460623503, 0.0515430681407, 0.0228852517903, 0.0145892295986, 0.00809537898749, 0.00377782364376, 0.00093851465499, 0.000601789390203, 0.000144241887028, 3.21171719406e-05, 1.70663151948e-05, 3.55748743459e-05],
        "dvar": [0.00155648041982, 0.54281270504, 7.01061630249, 9.74759864807, 2224.98706055, 694.467651367, 2.81037807465, 2.56365180016, 1.62879836559, 3.44283413887, 1870.14611816, 638.745483398, 1804.95727539, 431.266876221, 802.510437012, 158.412200928, 4.38867139816, 208.140304565, 818.925354004, 1119.06054688, 424.785400391, 167.86126709, 18.6239585876, 152.979446411, 39.4448013306, 23.3395214081, 5.37207651138, 2.94614744186, 0.0348091162741, 0.00111823808402, 0.000299400038784, 0.000261023524217, 0.000119163145428, 3.55644333467e-05, 5.19570949109e-06, 1.38143900585e-06, 3.27953813439e-07, 4.33072813166e-08, 2.25802199161e-09, 2.1108539916e-10],
        "dvar2": [0.00454153958708, 1.63028991222, 17.2860717773, 29.1643447876, 6450.25732422, 1972.48596191, 7.51389455795, 7.66933822632, 4.66917133331, 10.014172554, 5197.21777344, 1704.93798828, 4574.96484375, 1372.53845215, 2499.97583008, 415.62399292, 11.2780427933, 446.5965271, 1960.82849121, 2129.45092773, 1040.62561035, 428.010498047, 51.3339424133, 429.087219238, 111.855262756, 71.4007110596, 15.715007782, 8.79866409302, 0.0960355773568, 0.00293069775216, 0.000595811987296, 0.000616740901023, 0.00025080301566, 6.48892382742e-05, 5.54759617444e-06, 1.54467522862e-06, 3.3087891893e-07, 4.34361275836e-08, 2.29964958187e-09, 5.77012382319e-10],
        "max": [0.44897672534, 9.08841228485, 42.0549659729, 21.3407974243, 282.874328613, 149.576644897, 12.1850681305, 16.687171936, 14.1474342346, 13.9850921631, 529.045532227, 277.532867432, 572.430358887, 324.281799316, 588.55090332, 179.705062866, 38.7639808655, 338.677307129, 386.75302124, 669.995605469, 236.742858887, 216.523269653, 66.311088562, 132.28112793, 61.0953178406, 33.1363220215, 19.6328544617, 17.9301662445, 1.87189650536, 0.349100083113, 0.264993041754, 0.25731253624, 0.128051564097, 0.0855102241039, 0.0449286065996, 0.0228468179703, 0.0114409746602, 0.00411929329857, 0.000966855965089, 0.000118089272291],
        "mean": [0.0535824075341, 1.00525128841, 3.46510481834, 6.85222434998, 78.3544921875, 47.8433837891, 3.75262308121, 2.0038292408, 1.95966434479, 3.56977295876, 65.6250076294, 42.7076225281, 78.8533401489, 25.6392440796, 21.2583808899, 15.6423511505, 3.48111104965, 18.4886798859, 57.2165412903, 38.1352882385, 45.2705497742, 25.9664669037, 12.9886770248, 26.3250846863, 14.7511014938, 10.8557338715, 5.39091587067, 3.52009749413, 0.546797275543, 0.0863191634417, 0.0364685468376, 0.0224366188049, 0.0122202187777, 0.00523831043392, 0.00188845419325, 0.00127944280393, 0.000301267806208, 4.12832778238e-05, 2.81928787444e-05, 5.00036658195e-05],
        "median": [0.0338046327233, 0.699732422829, 2.31669425964, 6.32152271271, 64.2813415527, 42.803237915, 3.43973922729, 1.51026749611, 1.56899166107, 2.86590623856, 37.7641372681, 30.7227401733, 50.5870094299, 15.4243135452, 13.128238678, 11.8202619553, 2.84414434433, 14.0444450378, 46.9494247437, 27.9633827209, 36.3028564453, 20.0154895782, 11.2539691925, 22.4546718597, 12.9791126251, 9.53217697144, 4.84580039978, 3.01919174194, 0.503044784069, 0.0782531127334, 0.032012976706, 0.0181481800973, 0.00903313606977, 0.00372693967074, 0.00157646590378, 0.00110912625678, 0.000247770396527, 2.60395609075e-05, 2.51322981057e-05, 4.81111565023e-05],
        "min": [0.00143956416287, 0.0323676355183, 0.150793045759, 0.510302126408, 1.28091526031, 1.47728693485, 0.587530136108, 0.194366320968, 0.186166077852, 0.303599178791, 1.50556206703, 2.81038713455, 1.45612061024, 0.921170353889, 1.23138177395, 0.519031524658, 0.237228125334, 0.995394170284, 2.26749253273, 1.70305109024, 1.31687021255, 1.13260853291, 1.05405914783, 2.64726042747, 1.30660533905, 1.08904540539, 0.700273513794, 0.537660598755, 0.0834152624011, 0.0102709969506, 0.00626303907484, 0.0034055521246, 0.0019258770626, 0.000842854380608, 0.000455818662886, 0.000361769314623, 8.52016310091e-05, 5.85241423323e-06, 8.15815656097e-06, 1.25984061015e-05],
        "var": [0.00321248266846, 1.22855854034, 18.221036911, 12.9098234177, 2885.90551758, 941.799377441, 3.6734251976, 2.90879440308, 2.07334971428, 6.38035058975, 5624.03466797, 1438.23986816, 6769.30859375, 891.774169922, 1348.80432129, 226.76600647, 8.64168357849, 426.230621338, 1867.6315918, 2240.40112305, 1007.18157959, 481.84979248, 57.1697235107, 234.607681274, 61.2545661926, 37.7242622375, 7.74673986435, 4.46062469482, 0.0672810524702, 0.00194860284682, 0.000467621401185, 0.000398676347686, 0.000169587976416, 4.5753964514e-05, 5.57212342756e-06, 1.60238710123e-06, 3.33086802584e-07, 4.33453273274e-08, 2.31291630293e-09, 2.94570090542e-10]
    },
    "gfcc": {
        "mean": [-20.0512695312, 159.699584961, -157.706939697, 45.132938385, -25.0015048981, -14.2998476028, -10.7555580139, 0.294499963522, -25.2985496521, -18.7799892426, -36.7431640625, -26.5929775238, 1.96929347515],
        "cov": [[240.502182007, -23.9255275726, -70.7325668335, -36.1247787476, -40.9412574768, -5.57501792908, -18.223493576, 4.27667474747, -6.33674907684, -2.16653251648, -6.20577144623, -1.90516936779, 11.6028833389], [-23.9255275726, 94.4755096436, 23.8642730713, -10.2317848206, 26.0283889771, -2.49621534348, 33.0806312561, -1.04641222954, 15.2416391373, -4.16642713547, 1.36324286461, -0.244297221303, 4.76190280914], [-70.7325668335, 23.8642730713, 153.653945923, 58.3054580688, 17.8070602417, 2.81937050819, 3.34732675552, 4.14064264297, 13.8879213333, 10.6003503799, 14.0053863525, -4.57411623001, -11.9525585175], [-36.1247787476, -10.2317848206, 58.3054580688, 78.5687179565, 23.5978889465, 8.21907806396, 1.35037577152, 1.55230903625, 7.90305185318, 18.3386611938, 14.8181171417, 0.0484800599515, -4.14039230347], [-40.9412574768, 26.0283889771, 17.8070602417, 23.5978889465, 66.2501449585, 22.3970565796, 15.8999195099, -6.04468584061, -0.236029759049, -4.73146152496, 4.24531555176, 9.6227722168, 4.70994472504], [-5.57501792908, -2.49621534348, 2.81937050819, 8.21907806396, 22.3970565796, 54.318107605, 22.4321212769, 16.6971321106, 4.97156763077, 3.10045957565, 12.4897928238, 13.3810529709, 10.1381521225], [-18.223493576, 33.0806312561, 3.34732675552, 1.35037577152, 15.8999195099, 22.4321212769, 58.4399261475, 21.6411533356, 7.40282726288, 6.26445960999, 3.38327240944, 14.2141304016, 9.64941310883], [4.27667474747, -1.04641222954, 4.14064264297, 1.55230903625, -6.04468584061, 16.6971321106, 21.6411533356, 60.4736747742, 34.7947502136, 26.320602417, 8.13796043396, -1.66506004333, -7.82568454742], [-6.33674907684, 15.2416391373, 13.8879213333, 7.90305185318, -0.236029759049, 4.97156763077, 7.40282726288, 34.7947502136, 51.49634552, 35.399597168, 4.9422454834, -11.2782793045, -17.758562088], [-2.16653251648, -4.16642713547, 10.6003503799, 18.3386611938, -4.73146152496, 3.10045957565, 6.26445960999, 26.320602417, 35.399597168, 61.0333862305, 18.5377960205, -5.46406698227, -20.4679450989], [-6.20577144623, 1.36324286461, 14.0053863525, 14.8181171417, 4.24531555176, 12.4897928238, 3.38327240944, 8.13796043396, 4.9422454834, 18.5377960205, 29.3394813538, 11.4670772552, -1.669470191], [-1.90516936779, -0.244297221303, -4.57411623001, 0.0484800599515, 9.6227722168, 13.3810529709, 14.2141304016, -1.66506004333, -11.2782793045, -5.46406698227, 11.4670772552, 45.2074279785, 24.4496154785], [11.6028833389, 4.76190280914, -11.9525585175, -4.14039230347, 4.70994472504, 10.1381521225, 9.64941310883, -7.82568454742, -17.758562088, -20.4679450989, -1.669470191, 24.4496154785, 42.3366127014]],
        "icov": [[0.00549919996411, -0.00117508112453, 0.00216691452079, -0.000101459860161, 0.00299743399955, -0.00148282176815, 0.00265268911608, -0.00139734125696, 0.00138911302201, -0.00121332530398, 0.000828419346362, 0.000301658234093, -0.00175983889494], [-0.00117508112453, 0.0313090719283, -0.00647939555347, 0.0138629218563, -0.0134573597461, 0.0156868491322, -0.0238035358489, 0.0144092487171, -0.0245225373656, 0.0112795773894, -0.0195674989372, 0.0112835811451, -0.00996455457062], [0.00216691452079, -0.00647939555347, 0.0118313748389, -0.0100337853655, 0.00396062619984, -0.00227909372188, 0.00402656989172, -0.0024971801322, 0.00151433469728, 0.00181231927127, 0.000318566308124, -0.001788825728, 0.00377671374008], [-0.000101459860161, 0.0138629218563, -0.0100337853655, 0.0284557044506, -0.012753133662, 0.0068100458011, -0.00799909140915, 0.00638884445652, -0.00750146526843, -0.00313453166746, -0.0125448536128, 0.00805619731545, -0.00859837885946], [0.00299743399955, -0.0134573597461, 0.00396062619984, -0.012753133662, 0.0299137961119, -0.01571081765, 0.00553754111752, 0.00158842967357, 0.00462752394378, 0.00022201356478, 0.00972970854491, -0.00806984957308, 0.00712134875357], [-0.00148282176815, 0.0156868491322, -0.00227909372188, 0.0068100458011, -0.01571081765, 0.0378774888813, -0.0175235997885, -0.000400982127758, -0.0126005439088, 0.0093913115561, -0.0220101308078, 0.00642976025119, -0.0100643923506], [0.00265268911608, -0.0238035358489, 0.00402656989172, -0.00799909140915, 0.00553754111752, -0.0175235997885, 0.0445185601711, -0.0210939627141, 0.0226440839469, -0.0137330610305, 0.0215913224965, -0.0137387458235, 0.00348385004327], [-0.00139734125696, 0.0144092487171, -0.0024971801322, 0.00638884445652, 0.00158842967357, -0.000400982127758, -0.0210939627141, 0.0428152121603, -0.0334672704339, 0.0059473067522, -0.012836762704, 0.00517982151359, -0.00333724939264], [0.00138911302201, -0.0245225373656, 0.00151433469728, -0.00750146526843, 0.00462752394378, -0.0126005439088, 0.0226440839469, -0.0334672704339, 0.0706523731351, -0.032416164875, 0.0268083047122, -0.00446880469099, 0.01082869526], [-0.00121332530398, 0.0112795773894, 0.00181231927127, -0.00313453166746, 0.00022201356478, 0.0093913115561, -0.0137330610305, 0.0059473067522, -0.032416164875, 0.0463108643889, -0.028602220118, 0.0027114180848, 0.00732299964875], [0.000828419346362, -0.0195674989372, 0.000318566308124, -0.0125448536128, 0.00972970854491, -0.0220101308078, 0.0215913224965, -0.012836762704, 0.0268083047122, -0.028602220118, 0.0746187120676, -0.0254581160843, 0.0127930007875], [0.000301658234093, 0.0112835811451, -0.001788825728, 0.00805619731545, -0.00806984957308, 0.00642976025119, -0.0137387458235, 0.00517982151359, -0.00446880469099, 0.0027114180848, -0.0254581160843, 0.0458965748549, -0.0256951376796], [-0.00175983889494, -0.00996455457062, 0.00377671374008, -0.00859837885946, 0.00712134875357, -0.0100643923506, 0.00348385004327, -0.00333724939264, 0.01082869526, 0.00732299964875, 0.0127930007875, -0.0256951376796, 0.0490816906095]]
    },
    "melbands": {
        "dmean": [0.000486989127239, 0.00112838472705, 0.00243745394982, 0.00417874986306, 0.000161423275131, 2.78516090475e-05, 1.99658716156e-05, 1.62852775247e-05, 0.000357356184395, 0.000125459919218, 0.000184646778507, 5.52695018996e-05, 3.47540371877e-05, 3.59210462193e-05, 8.59962528921e-06, 4.88713203595e-06, 1.81381710718e-05, 4.70951563329e-05, 2.31907943089e-05, 2.76888968074e-05, 2.23833758355e-05, 1.20982303997e-05, 6.91053264745e-06, 5.57015437153e-06, 1.16496030387e-05, 4.81173174194e-06, 4.20668811785e-06, 3.95106053475e-06, 1.68880433193e-06, 1.91128265215e-06, 5.70853615045e-07, 1.16767097325e-07, 5.62118742664e-08, 9.30755117423e-09, 8.59229931649e-09, 6.59671073322e-09, 5.91932414196e-09, 3.98810273694e-09, 3.12818793091e-09, 1.79384618271e-09],
        "dmean2": [0.000841152621433, 0.00193957809824, 0.00425164261833, 0.00741336634383, 0.000272747885901, 4.92574545206e-05, 3.45327789546e-05, 2.84409070446e-05, 0.000614695658442, 0.000222008704441, 0.000315151613904, 9.28953813855e-05, 5.84893750784e-05, 5.76181519136e-05, 1.48575463754e-05, 8.10657820693e-06, 2.96046528092e-05, 7.60924158385e-05, 3.64034931408e-05, 4.56692141597e-05, 3.74805458705e-05, 2.03314612008e-05, 1.14672611744e-05, 9.3752560133e-06, 2.00606773433e-05, 8.36744584376e-06, 7.3965111369e-06, 6.96952929502e-06, 3.04706054521e-06, 3.33054731527e-06, 9.7600366189e-07, 1.96567157218e-07, 9.67247544281e-08, 1.55626072029e-08, 1.44835068383e-08, 1.09481614885e-08, 9.66020596849e-09, 6.49129461294e-09, 5.02526020796e-09, 2.80078982229e-09],
        "dvar": [2.49988744372e-07, 1.43651027429e-06, 3.04885247715e-06, 1.06243714981e-05, 1.71165766005e-08, 1.04323061301e-09, 4.51167381232e-10, 2.65897498464e-10, 1.91183403331e-07, 1.75917556078e-08, 5.23424681376e-08, 1.22460885876e-08, 1.2629951307e-08, 2.74284994717e-09, 1.22213822396e-10, 8.61866758517e-11, 7.97454935419e-10, 3.3996512272e-09, 9.97521953927e-10, 1.93639682067e-09, 5.10648523466e-10, 2.15684137217e-10, 6.81546208359e-11, 3.6939756809e-11, 1.36042788146e-10, 2.44949980438e-11, 1.47775871401e-11, 1.36926121483e-11, 2.7354507548e-12, 4.18025163096e-12, 3.19086039058e-13, 1.25574311556e-14, 3.91504853913e-15, 1.34426934526e-16, 1.08260187579e-16, 1.03848462795e-16, 1.09391247878e-16, 6.10731202875e-17, 5.1290101505e-17, 2.24132379013e-17],
        "dvar2": [7.60461432492e-07, 3.71084706785e-06, 8.7950438683e-06, 2.89482759399e-05, 4.69585188512e-08, 3.1298634795e-09, 1.2830451146e-09, 7.96636034917e-10, 5.22896925759e-07, 4.63704274978e-08, 1.34765130611e-07, 3.9572029209e-08, 3.86519687368e-08, 6.94045665384e-09, 3.46576767285e-10, 2.05413366872e-10, 1.78163350739e-09, 8.04217847872e-09, 2.26099672318e-09, 3.81542042405e-09, 1.30787680686e-09, 5.29567334429e-10, 1.91275648098e-10, 9.92380413956e-11, 3.82935544385e-10, 6.84252723926e-11, 4.2967789049e-11, 4.2366873898e-11, 8.30528094214e-12, 1.23580373365e-11, 9.42219826466e-13, 3.45475330201e-14, 1.15249750729e-14, 2.72716948096e-16, 2.16352543519e-16, 2.43403864179e-16, 2.60435235059e-16, 1.28338435231e-16, 1.08478516938e-16, 4.10676777636e-17],
        "max": [0.00538646616042, 0.0188781153411, 0.0106879705563, 0.0187701135874, 0.000930778274778, 0.000335570366587, 0.00024407512683, 0.000123019548482, 0.00535980518907, 0.00142153794877, 0.00298987026326, 0.0017694872804, 0.00245503126644, 0.000771557039116, 0.000156967362273, 0.000190298684174, 0.000634421478026, 0.000776063185185, 0.000512261060067, 0.0007777325809, 0.000299183477182, 0.000226615331485, 0.000111884168291, 8.16409155959e-05, 0.000121978388052, 4.69411279482e-05, 3.3022952266e-05, 2.45566607191e-05, 1.22895953609e-05, 2.12295508391e-05, 5.07679442308e-06, 1.09572829388e-06, 7.27980818738e-07, 1.75758245291e-07, 1.71062993104e-07, 1.71873693944e-07, 1.57981190796e-07, 1.01996342039e-07, 8.17247141072e-08, 6.75811335782e-08],
        "mean": [0.000752021092921, 0.00166383571923, 0.00315167126246, 0.00564117962494, 0.000220840345719, 3.9387781726e-05, 3.19136634062e-05, 2.56171333604e-05, 0.000669518194627, 0.000215871536057, 0.000408475665608, 0.000130658314447, 5.93741460762e-05, 7.09854284651e-05, 1.4413784811e-05, 8.466109648e-06, 3.24680913764e-05, 9.91880369838e-05, 6.62606835249e-05, 5.17153421242e-05, 4.98403460369e-05, 2.71092339972e-05, 1.50371879499e-05, 1.39505755214e-05, 2.3090520699e-05, 1.01144414657e-05, 9.06958757696e-06, 7.01631324773e-06, 3.02656803797e-06, 3.79354219149e-06, 1.25080589441e-06, 3.02704592059e-07, 1.08304739399e-07, 2.33494681368e-08, 2.11112070048e-08, 1.51384416114e-08, 1.33033370986e-08, 9.25833187893e-09, 6.11791151073e-09, 3.62075280869e-09],
        "median": [0.000512253493071, 0.00116187334061, 0.00277233822271, 0.00488405721262, 0.000190833816305, 2.953636249e-05, 2.57250867435e-05, 2.0385343305e-05, 0.000389051157981, 0.000153368600877, 0.0002582379675, 7.85277006798e-05, 3.22220621456e-05, 4.99841626151e-05, 1.16163155326e-05, 5.52804067411e-06, 2.3804641387e-05, 7.68822646933e-05, 4.2661500629e-05, 3.66406675312e-05, 4.10604625358e-05, 2.11877340917e-05, 1.21323701023e-05, 1.17127510748e-05, 1.97678309632e-05, 8.58890052768e-06, 8.28814518172e-06, 5.89165665588e-06, 2.58162049249e-06, 3.23632843902e-06, 1.06095058072e-06, 2.7341317832e-07, 9.2081592129e-08, 2.04920844737e-08, 1.87836377563e-08, 1.24926682332e-08, 1.01079891124e-08, 6.89257850794e-09, 4.08506783955e-09, 2.55752330425e-09],
        "min": [1.98032066692e-05, 5.00657697557e-05, 0.000113953967229, 0.000119972835819, 1.3311215298e-05, 1.59208775585e-06, 2.22559879148e-06, 2.11363249036e-06, 1.59088285727e-05, 1.32481773107e-05, 5.43936448594e-06, 2.85576652459e-06, 2.84297948383e-06, 1.51385745539e-06, 4.93591130635e-07, 3.18189108839e-07, 2.24564018936e-06, 4.13514499087e-06, 2.01829834623e-06, 3.0084302125e-06, 1.15335967621e-06, 1.30037869894e-06, 6.75094440794e-07, 1.069314294e-06, 2.35559537032e-06, 9.00002532944e-07, 8.22003073608e-07, 7.40935604426e-07, 3.05536872247e-07, 6.39447307549e-07, 1.64486948506e-07, 4.59118147944e-08, 1.0516274962e-08, 2.63435939729e-09, 3.84118115093e-09, 2.02446259756e-09, 1.82875814492e-09, 1.42371214817e-09, 8.84732120898e-10, 4.94769558657e-10],
        "var": [5.96469249103e-07, 3.82508778785e-06, 3.88549096897e-06, 1.35235841299e-05, 2.12376338737e-08, 1.19407939092e-09, 5.94410964894e-10, 3.24815729869e-10, 5.78026856601e-07, 3.74367239431e-08, 1.90374052522e-07, 2.39238406863e-08, 2.08249328892e-08, 5.32226840377e-09, 1.40655390113e-10, 1.45625844716e-10, 1.56948931629e-09, 6.94844848326e-09, 4.35465485893e-09, 3.70319619414e-09, 1.19554555145e-09, 5.91955928719e-10, 1.49784601389e-10, 8.62886428976e-11, 1.96488270099e-10, 3.70036883079e-11, 2.39081098669e-11, 1.99852096677e-11, 3.41752125731e-12, 5.56454752068e-12, 5.46995988001e-13, 2.49298279638e-14, 5.1811603544e-15, 1.97643504774e-16, 1.64273371267e-16, 1.47205022105e-16, 1.67120606345e-16, 8.66979580545e-17, 7.30235177111e-17, 2.57175084654e-17]
    },
    "mfcc": {
        "mean": [-652.350524902, 179.261871338, -56.7801551819, 61.5380554199, -1.19510960579, 6.41429519653, 11.5269374847, 6.19925737381, 22.5094718933, 7.52716779709, -15.3317432404, -16.7236175537, -22.3142528534],
        "cov": [[308.12588501, -40.9517097473, -72.9748687744, -61.3529815674, -35.2991447449, -34.8317756653, -19.3727073669, -22.6801147461, -2.44165873528, -11.5934438705, -14.8392105103, -9.6538143158, -7.65581846237], [-40.9517097473, 115.126586914, -8.84883117676, 2.54783248901, -9.84004592896, 10.2533664703, 6.66539955139, 19.6572971344, 15.9920015335, -2.03678679466, -0.974534988403, 6.01366186142, 3.96476888657], [-72.9748687744, -8.84883117676, 131.144210815, 39.1493339539, 22.5989131927, 3.49908590317, 2.23301482201, -1.53272652626, -1.50667750835, 11.9885492325, 21.3010063171, 14.728468895, 8.17851734161], [-61.3529815674, 2.54783248901, 39.1493339539, 76.8606414795, 18.4569950104, 17.8500404358, 3.56480312347, -5.56035041809, -2.71746253967, 7.93036985397, 10.4079589844, 10.1780948639, 5.1729259491], [-35.2991447449, -9.84004592896, 22.5989131927, 18.4569950104, 62.6812858582, 19.3535022736, 4.21611642838, 3.76556038857, -3.51930403709, 3.87416934967, 8.87368011475, 2.86935257912, 3.43707704544], [-34.8317756653, 10.2533664703, 3.49908590317, 17.8500404358, 19.3535022736, 51.2969398499, 20.0316734314, 8.69148826599, -1.46766746044, -4.0997300148, -0.282676845789, 3.47323870659, 1.92841029167], [-19.3727073669, 6.66539955139, 2.23301482201, 3.56480312347, 4.21611642838, 20.0316734314, 49.4576530457, 21.7799339294, 7.1998090744, -3.23898220062, -6.05672025681, 2.92750549316, 2.57951211929], [-22.6801147461, 19.6572971344, -1.53272652626, -5.56035041809, 3.76556038857, 8.69148826599, 21.7799339294, 49.2390632629, 19.7288455963, -6.43911838531, -7.14484548569, -4.3887386322, 4.04716682434], [-2.44165873528, 15.9920015335, -1.50667750835, -2.71746253967, -3.51930403709, -1.46766746044, 7.1998090744, 19.7288455963, 42.7946815491, 13.4374113083, 4.53882217407, 4.96595096588, 4.62674379349], [-11.5934438705, -2.03678679466, 11.9885492325, 7.93036985397, 3.87416934967, -4.0997300148, -3.23898220062, -6.43911838531, 13.4374113083, 53.8697853088, 35.4017906189, 15.177277565, 4.36376714706], [-14.8392105103, -0.974534988403, 21.3010063171, 10.4079589844, 8.87368011475, -0.282676845789, -6.05672025681, -7.14484548569, 4.53882217407, 35.4017906189, 60.0007629395, 31.466299057, 6.81266832352], [-9.6538143158, 6.01366186142, 14.728468895, 10.1780948639, 2.86935257912, 3.47323870659, 2.92750549316, -4.3887386322, 4.96595096588, 15.177277565, 31.466299057, 51.740524292, 19.2783851624], [-7.65581846237, 3.96476888657, 8.17851734161, 5.1729259491, 3.43707704544, 1.92841029167, 2.57951211929, 4.04716682434, 4.62674379349, 4.36376714706, 6.81266832352, 19.2783851624, 33.3581886292]],
