{
"lowlevel": {
    "average_loudness": 0.987022936344,
    "barkbands_crest": {
        "dmean": 3.38222694397,
        "dmean2": 5.37884283066,
        "dvar": 6.70474720001,
        "dvar2": 15.110499382,
        "max": 20.3150157928,
        "mean": 10.4650306702,
        "median": 10.0797901154,
        "min": 3.2102329731,
        "var": 14.0268354416
    },
    "barkbands_flatness_db": {
        "dmean": 0.0216817930341,
        "dmean2": 0.0333493761718,
        "dvar": 0.000291919015581,
        "dvar2": 0.000670636363793,
        "max": 0.305898696184,
        "mean": 0.216585993767,
        "median": 0.214758262038,
        "min": 0.133149594069,
        "var": 0.00054431380704
    },
    "barkbands_kurtosis": {
        "dmean": 1.58172559738,
        "dmean2": 2.50458097458,
        "dvar": 2.55350589752,
        "dvar2": 5.9817199707,
        "max": 8.34175777435,
        "mean": 0.945965468884,
        "median": 0.43679857254,
        "min": -1.65211558342,
        "var": 4.05490541458
    },
    "barkbands_skewness": {
        "dmean": 0.513537108898,
        "dmean2": 0.814154863358,
        "dvar": 0.184038117528,
        "dvar2": 0.422075152397,
        "max": 2.92703533173,
        "mean": 1.28857040405,
        "median": 1.27220332623,
        "min": -0.218523800373,
        "var": 0.348676979542
    },
    "barkbands_spread": {
        "dmean": 5.03038692474,
        "dmean2": 7.76287221909,
        "dvar": 14.8202905655,
        "dvar2": 34.5713424683,
        "max": 37.6487884521,
        "mean": 19.7822055817,
        "median": 19.3605079651,
        "min": 7.39596128464,
        "var": 36.5200843811
    },
    "dissonance": {
        "dmean": 0.0177279189229,
        "dmean2": 0.0300597697496,
        "dvar": 0.000188043588423,
        "dvar2": 0.000477835797938,
        "max": 0.499807834625,
        "mean": 0.464111208916,
        "median": 0.465338617563,
        "min": 0.345719665289,
        "var": 0.000334936921718
    },
    "dynamic_complexity": 0.725550532341,
    "erbbands_crest": {
        "dmean": 1.65844249725,
        "dmean2": 2.61659955978,
        "dvar": 1.90605127811,
        "dvar2": 4.44591188431,
        "max": 19.4781742096,
        "mean": 8.74754524231,
        "median": 8.10829353333,
        "min": 4.72691297531,
        "var": 6.54653406143
    },
    "erbbands_flatness_db": {
        "dmean": 0.00969569012523,
        "dmean2": 0.01545440685,
        "dvar": 6.53357419651e-05,
        "dvar2": 0.000130905827973,
        "max": 0.294644296169,
        "mean": 0.25897565484,
        "median": 0.259936749935,
        "min": 0.173377200961,
        "var": 0.000186317847692
    },
    "erbbands_kurtosis": {
        "dmean": 0.583801209927,
        "dmean2": 0.93052560091,
        "dvar": 0.298022001982,
        "dvar2": 0.770336806774,
        "max": 2.62970495224,
        "mean": -0.601132392883,
        "median": -0.778022766113,
        "min": -1.6663197279,
        "var": 0.541818916798
    },
    "erbbands_skewness": {
        "dmean": 0.329686850309,
        "dmean2": 0.517548143864,
        "dvar": 0.0609767176211,
        "dvar2": 0.143408536911,
        "max": 0.488238692284,
        "mean": -0.442675948143,
        "median": -0.433201521635,
        "min": -1.49839258194,
        "var": 0.182588607073
    },
    "erbbands_spread": {
        "dmean": 7.40885210037,
        "dmean2": 12.0122175217,
        "dvar": 34.0670318604,
        "dvar2": 81.8198699951,
        "max": 62.2100028992,
        "mean": 36.906665802,
        "median": 36.0639419556,
        "min": 17.5806827545,
        "var": 74.8598251343
    },
    "hfc": {
        "dmean": 4.60914611816,
        "dmean2": 7.41225910187,
        "dvar": 13.3254137039,
        "dvar2": 32.8645858765,
        "max": 49.1640777588,
        "mean": 24.9765605927,
        "median": 24.4603004456,
        "min": 0.522881865501,
        "var": 47.2257194519
    },
    "melbands_crest": {
        "dmean": 3.15900373459,
        "dmean2": 5.34914731979,
        "dvar": 5.89687299728,
        "dvar2": 16.2894859314,
        "max": 25.5125846863,
        "mean": 14.5550136566,
        "median": 14.2187681198,
        "min": 6.46306324005,
        "var": 10.2821931839
    },
    "melbands_flatness_db": {
        "dmean": 0.0275515746325,
        "dmean2": 0.0425663292408,
        "dvar": 0.000464238401037,
        "dvar2": 0.00113164260983,
        "max": 0.380367457867,
        "mean": 0.291598916054,
        "median": 0.292081415653,
        "min": 0.20253379643,
        "var": 0.000845658476464
    },
    "melbands_kurtosis": {
        "dmean": 4.55420923233,
        "dmean2": 7.33167505264,
        "dvar": 20.0050067902,
        "dvar2": 48.3108634949,
        "max": 30.3761863708,
        "mean": 7.33182239532,
        "median": 6.13465023041,
        "min": -0.810358285904,
        "var": 30.6976165771
    },
    "melbands_skewness": {
        "dmean": 0.731884837151,
        "dmean2": 1.16829454899,
        "dvar": 0.371508836746,
        "dvar2": 0.930937111378,
        "max": 5.19507074356,
        "mean": 2.56193399429,
        "median": 2.4960911274,
        "min": 0.786956906319,
        "var": 0.669548988342
    },
    "melbands_spread": {
        "dmean": 7.30014801025,
        "dmean2": 11.7545852661,
        "dvar": 41.7707366943,
        "dvar2": 95.0451431274,
        "max": 53.8053512573,
        "mean": 21.4454479218,
        "median": 20.0982646942,
        "min": 7.02064418793,
        "var": 77.2293395996
    },
    "pitch_salience": {
        "dmean": 0.0637128278613,
        "dmean2": 0.103413447738,
        "dvar": 0.00275149242952,
        "dvar2": 0.006871515885,
        "max": 0.737578749657,
        "mean": 0.430653989315,
        "median": 0.442117422819,
        "min": 0.190250262618,
        "var": 0.00551929278299
    },
    "silence_rate_20dB": {
        "dmean": 0,
        "dmean2": 0,
        "dvar": 0,
        "dvar2": 0,
        "max": 1,
        "mean": 1,
        "median": 1,
        "min": 1,
        "var": 0
    },
    "silence_rate_30dB": {
        "dmean": 0,
        "dmean2": 0,
        "dvar": 0,
        "dvar2": 0,
        "max": 1,
        "mean": 1,
        "median": 1,
        "min": 1,
        "var": 0
    },
    "silence_rate_60dB": {
        "dmean": 0,
        "dmean2": 0,
        "dvar": 0,
        "dvar2": 0,
        "max": 0,
        "mean": 0,
        "median": 0,
        "min": 0,
        "var": 0
    },
    "spectral_centroid": {
        "dmean": 276.527770996,
        "dmean2": 438.199279785,
        "dvar": 48034.5507812,
        "dvar2": 111254.648438,
        "max": 2090.27758789,
        "mean": 1171.89953613,
        "median": 1152.11413574,
        "min": 516.812133789,
        "var": 110987.015625
    },
    "spectral_complexity": {
        "dmean": 2.80833339691,
        "dmean2": 4.71587753296,
        "dvar": 4.73270320892,
        "dvar2": 10.4039592743,
        "max": 31,
        "mean": 20,
        "median": 20,
        "min": 2,
        "var": 10.6759004593
    },
    "spectral_decrease": {
        "dmean": 3.22965232336e-09,
        "dmean2": 5.29853805276e-09,
        "dvar": 6.16117414249e-18,
        "dvar2": 1.50752045364e-17,
        "max": -2.23112348041e-10,
        "mean": -1.07080353473e-08,
        "median": -1.03891375502e-08,
        "min": -1.98751592961e-08,
        "var": 9.5348000787e-18
    },
    "spectral_energy": {
        "dmean": 0.0124553777277,
        "dmean2": 0.0204360354692,
        "dvar": 9.12932082429e-05,
        "dvar2": 0.000224305869779,
        "max": 0.0773480460048,
        "mean": 0.0426799319685,
        "median": 0.041557110846,
        "min": 0.00088950432837,
        "var": 0.000143209923408
    },
    "spectral_energyband_high": {
        "dmean": 1.67476282513e-05,
        "dmean2": 2.66532333626e-05,
        "dvar": 2.3081009326e-10,
        "dvar2": 5.03735497759e-10,
        "max": 0.00016394922568,
        "mean": 7.07903091097e-05,
        "median": 6.80588782416e-05,
        "min": 2.9882310173e-06,
        "var": 6.10776540455e-10
    },
    "spectral_energyband_low": {
        "dmean": 0.00219623371959,
        "dmean2": 0.00329342787154,
        "dvar": 3.41859708897e-06,
        "dvar2": 7.70420410845e-06,
        "max": 0.0199530739337,
        "mean": 0.00726283574477,
        "median": 0.00692994333804,
        "min": 0.000138808856718,
        "var": 1.35382970257e-05
    },
    "spectral_energyband_middle_high": {
        "dmean": 0.00196258001961,
        "dmean2": 0.00292106950656,
        "dvar": 2.77035815088e-06,
        "dvar2": 6.26108521828e-06,
        "max": 0.0214341580868,
        "mean": 0.00927980616689,
        "median": 0.00874973926693,
        "min": 0.000197667308385,
        "var": 1.07538608063e-05
    },
    "spectral_energyband_middle_low": {
        "dmean": 0.0126532167196,
        "dmean2": 0.0207104366273,
        "dvar": 9.94307192741e-05,
        "dvar2": 0.000236817490077,
        "max": 0.0697723478079,
        "mean": 0.0280114691705,
        "median": 0.0263314787298,
        "min": 0.000632710754871,
        "var": 0.000161220625159
    },
    "spectral_entropy": {
        "dmean": 0.152193486691,
        "dmean2": 0.234732538462,
        "dvar": 0.0153109766543,
        "dvar2": 0.0331919528544,
        "max": 8.49255847931,
        "mean": 6.87776279449,
        "median": 6.88296127319,
        "min": 6.27440500259,
        "var": 0.030790604651
    },
    "spectral_flux": {
        "dmean": 0.0233882609755,
        "dmean2": 0.0397796593606,
        "dvar": 0.000390935572796,
        "dvar2": 0.00104637164623,
        "max": 0.205818280578,
        "mean": 0.0892586186528,
        "median": 0.0856801867485,
        "min": 0.0350771732628,
        "var": 0.000581104191951
    },
    "spectral_kurtosis": {
        "dmean": 5.37266540527,
        "dmean2": 9.70929145813,
        "dvar": 14.1754932404,
        "dvar2": 47.7373085022,
        "max": 20.6264286041,
        "mean": 8.37243080139,
        "median": 7.73758506775,
        "min": 1.05209302902,
        "var": 20.211227417
    },
    "spectral_rms": {
        "dmean": 0.000958754390012,
        "dmean2": 0.00155763467774,
        "dvar": 5.74031048473e-07,
        "dvar2": 1.37103188536e-06,
        "max": 0.00868685822934,
        "mean": 0.00638416595757,
        "median": 0.00636737979949,
        "min": 0.000931562739424,
        "var": 8.81352661963e-07
    },
    "spectral_rolloff": {
        "dmean": 414.513885498,
        "dmean2": 706.576293945,
        "dvar": 206781.890625,
        "dvar2": 392603.84375,
        "max": 3036.18164062,
        "mean": 1314.53918457,
        "median": 1701.12304688,
        "min": 215.33203125,
        "var": 327565.96875
    },
    "spectral_skewness": {
        "dmean": 0.471831560135,
        "dmean2": 0.847247123718,
        "dvar": 0.125313833356,
        "dvar2": 0.419439703226,
        "max": 3.77093577385,
        "mean": 1.43043243885,
        "median": 1.37157702446,
        "min": 0.646480798721,
        "var": 0.173941254616
    },
    "spectral_spread": {
        "dmean": 230719.953125,
        "dmean2": 345387.375,
        "dvar": 884006256640,
        "dvar2": 455467401216,
        "max": 24963024,
        "mean": 2204780,
        "median": 2104239,
        "min": 1781513.75,
        "var": 1.56249882624e+12
    },
    "spectral_strongpeak": {
        "dmean": 0.407803475857,
        "dmean2": 0.672246038914,
        "dvar": 0.148163124919,
        "dvar2": 0.417358070612,
        "max": 3.28271818161,
        "mean": 0.94476723671,
        "median": 0.900006532669,
        "min": 0.0305644758046,
        "var": 0.194949060678
    },
    "zerocrossingrate": {
        "dmean": 0.00659315334633,
        "dmean2": 0.00803147815168,
        "dvar": 2.56127750617e-05,
        "dvar2": 3.97015064664e-05,
        "max": 0.06982421875,
        "mean": 0.0410264469683,
        "median": 0.04052734375,
        "min": 0.00634765625,
        "var": 9.89534746623e-05
    },
    "barkbands": {
        "dmean": [6.78144260746e-06, 0.000945120467804, 0.00123154418543, 0.00464700302109, 0.00944434758276, 0.000128528408823, 5.88586517551e-05, 0.00101514486596, 0.00174080068246, 0.00102787313517, 0.000161419884535, 0.000338330108207, 1.98120160348e-05, 0.000471610110253, 0.000614539778326, 0.000506362586748, 0.000194157997612, 0.000407851854106, 4.5577839046e-05, 1.55018315127e-05, 9.26601296669e-06, 2.79515688817e-06, 5.55155111215e-07, 1.2104383984e-07, 3.82320379799e-08, 1.98563832043e-08, 1.49880676759e-08],
        "dmean2": [1.0714855307e-05, 0.00137338344939, 0.00191477965564, 0.00787985138595, 0.0151172047481, 0.000229460245464, 9.79718970484e-05, 0.00175652629696, 0.00295570865273, 0.00156084005721, 0.000273032637779, 0.000539681059308, 3.23547246808e-05, 0.000749977421947, 0.000871688651387, 0.00082065659808, 0.000335105782142, 0.00063203193713, 7.27136430214e-05, 2.52421305049e-05, 1.57393078553e-05, 4.08090863857e-06, 1.03812021734e-06, 1.96620817405e-07, 5.61376864994e-08, 2.76254787934e-08, 1.87850588418e-08],
        "dvar": [4.2419839863e-10, 6.70698284466e-07, 1.18269588256e-06, 1.14600652523e-05, 5.86206915614e-05, 1.73424616889e-08, 3.03532687873e-09, 9.18240004921e-07, 2.4654830213e-06, 1.02230012544e-06, 2.25280114563e-08, 1.1096249608e-07, 3.24713450572e-10, 4.72722916811e-07, 3.05289717062e-07, 2.40043760869e-07, 2.78614606941e-08, 1.41750732041e-07, 1.98655536465e-09, 1.86257079204e-10, 6.75976427611e-11, 8.55971803854e-12, 2.68151440722e-13, 3.28844990247e-14, 2.26774860419e-14, 2.06783680077e-14, 2.35093147477e-14],
        "dvar2": [5.20060106091e-10, 1.41057967085e-06, 2.79225355371e-06, 3.03649267153e-05, 0.000138546703965, 4.54220092649e-08, 7.56569029647e-09, 2.44905777436e-06, 6.49936509944e-06, 1.96440987565e-06, 5.50983223491e-08, 2.80135992625e-07, 8.28795587715e-10, 1.16927503768e-06, 5.92837807289e-07, 5.73376837565e-07, 7.78181643568e-08, 3.17050762533e-07, 4.95577623383e-09, 4.20183943195e-10, 1.50265314081e-10, 1.5835877748e-11, 6.53186272431e-13, 4.70932327694e-14, 2.38182937322e-14, 2.09093979381e-14, 2.36475081731e-14],
        "max": [0.00038528413279, 0.00815165601671, 0.0100564025342, 0.0170319955796, 0.048543356359, 0.00093586044386, 0.000478362780996, 0.00675933528692, 0.0111271478236, 0.00873056892306, 0.00133414473385, 0.00325623713434, 0.000157436341397, 0.00853574834764, 0.00667287223041, 0.00388062279671, 0.00123546330724, 0.00447756610811, 0.000566602044273, 0.000190984850633, 7.53293497837e-05, 3.24505635945e-05, 3.88613671021e-06, 3.26432837028e-06, 2.89182480628e-06, 2.7482196856e-06, 2.94621054309e-06],
        "mean": [7.9720712165e-06, 0.0029542404227, 0.00310371490195, 0.00576844392344, 0.0172153264284, 0.000212009937968, 9.15218552109e-05, 0.00135744852014, 0.00238587590866, 0.00205323658884, 0.000261422566837, 0.000727782142349, 4.12335102737e-05, 0.000957203039434, 0.0024236284662, 0.000881967425812, 0.000415811955463, 0.0016054144362, 0.000123299425468, 5.72988355998e-05, 2.66014540102e-05, 7.43847795093e-06, 6.07212712112e-07, 3.66030576515e-07, 1.04949236857e-07, 3.39669554705e-08, 4.49585186857e-08],
        "median": [5.23511471329e-06, 0.00283042457886, 0.00277936132625, 0.00514109246433, 0.015532862395, 0.000174156826688, 7.56947847549e-05, 0.00106356164906, 0.00186566950288, 0.0015612654388, 0.000202102033654, 0.000565708091017, 3.20057661156e-05, 0.000594200217165, 0.00228920858353, 0.000648914661724, 0.000381785503123, 0.00156425137538, 0.000107524421765, 5.30588513357e-05, 2.39544206124e-05, 6.24792937742e-06, 4.17684418608e-07, 3.29884642269e-07, 8.86277291556e-08, 2.13925748227e-08, 3.42456054625e-08],
        "min": [1.48904959474e-08, 1.92846691789e-05, 4.26902806794e-05, 0.000162321171956, 0.000310308911139, 2.6605104722e-05, 1.15389420898e-05, 4.75834713143e-06, 4.71959974675e-05, 6.80097946315e-05, 3.67284019376e-06, 4.68529697173e-06, 2.47713592216e-06, 1.05720082502e-05, 6.20341452304e-05, 1.60190927545e-06, 5.98097767579e-06, 1.60249364853e-05, 1.23647350847e-05, 5.90085733165e-07, 1.47649450355e-06, 2.99524032243e-07, 1.12967839527e-07, 1.50526417997e-07, 3.67065737805e-08, 7.32882954324e-09, 1.87187740863e-08],
        "var": [4.32971436481e-10, 3.05117146127e-06, 3.78330537387e-06, 1.4173647287e-05, 0.000103295955341, 1.9395201889e-08, 4.29863211693e-09, 1.32987588586e-06, 3.50112827618e-06, 2.74540025202e-06, 4.70146446219e-08, 3.06676042783e-07, 1.04128172751e-09, 1.14830788789e-06, 1.79081416718e-06, 4.83731355416e-07, 4.34682121409e-08, 7.19212721378e-07, 4.12980494247e-09, 4.9970011462e-10, 1.3003718935e-10, 2.23592394599e-11, 2.5030872557e-13, 4.10554226791e-14, 2.33512719523e-14, 2.09098383953e-14, 2.35623932204e-14]
    },
    "erbbands": {
        "dmean": [0.0092725912109, 0.284303873777, 1.40788209438, 5.96695756912, 41.5620956421, 16.8491687775, 1.34513878822, 1.03145694733, 0.887120902538, 1.45286846161, 45.7020835876, 29.0969219208, 34.9746246338, 7.07450437546, 11.607085228, 8.47452163696, 1.43889009953, 6.62388324738, 42.6692428589, 16.9074630737, 25.0118083954, 11.9289255142, 8.18040657043, 19.311258316, 1.75411975384, 0.669247686863, 0.524304986, 0.342424362898, 0.077380426228, 0.0201018061489, 0.0156078375876, 0.00408510584384, 0.00158812734298, 0.000635824166238, 0.00020028524159, 0.000100298486359, 3.2595184166e-05, 8.6658528744e-06, 6.8697813731e-06, 1.37259903568e-05],
        "dmean2": [0.014630118385, 0.412127912045, 2.1274061203, 10.1106319427, 66.7869186401, 28.6721572876, 2.32099151611, 1.82712244987, 1.5088647604, 2.53013515472, 77.1718597412, 49.6584854126, 54.2576446533, 10.7122945786, 18.7954368591, 13.7801208496, 2.3503305912, 10.4273138046, 61.3410453796, 24.5231380463, 40.6373710632, 20.4782371521, 12.4189386368, 29.5676631927, 2.75023078918, 1.1060936451, 0.856340825558, 0.543437182903, 0.113837979734, 0.0349448174238, 0.0287978518754, 0.00697592319921, 0.00250077038072, 0.000968105043285, 0.000291232892778, 0.000144596255268, 4.38526694779e-05, 1.1288980204e-05, 1.05726167021e-05, 2.2494345103e-05],
        "dvar": [5.90341878706e-05, 0.0601427964866, 1.57302522659, 19.2138233185, 1146.03845215, 185.474594116, 1.26229715347, 1.27723968029, 0.719597458839, 2.07573056221, 1717.23352051, 668.425109863, 1165.06079102, 50.014125824, 107.91116333, 57.0717124939, 1.53227555752, 52.9736099243, 1940.71557617, 234.283340454, 590.846313477, 101.864562988, 48.7120933533, 316.004608154, 2.56482839584, 0.375213027, 0.26166459918, 0.0821394473314, 0.00510095711797, 0.000419941119617, 0.000209078862099, 2.240955655e-05, 7.42868405723e-06, 2.93565426546e-06, 1.0842517213e-06, 3.30188385078e-07, 7.15111951877e-08, 8.76445227505e-09, 4.58115906321e-10, 1.10109955875e-10],
        "dvar2": [0.000144775185618, 0.126823931932, 3.51301598549, 52.1212844849, 2783.18115234, 492.668792725, 3.45599102974, 3.39208173752, 1.94855642319, 5.52048063278, 4557.91552734, 1861.16125488, 2257.06713867, 100.039299011, 267.782562256, 142.072494507, 4.19260263443, 135.529586792, 4086.51147461, 425.242218018, 1399.85107422, 296.245880127, 118.597808838, 693.515625, 6.13758230209, 0.871434390545, 0.641973316669, 0.17562545836, 0.0107694705948, 0.00108765438199, 0.00052304455312, 3.98364027205e-05, 1.00313627627e-05, 3.25780456478e-06, 1.12511440875e-06, 3.405942266e-07, 7.18905539543e-08, 8.82225226206e-09, 4.87986151487e-10, 2.70315603235e-10],
        "max": [0.0623104088008, 2.42024469376, 12.9315633774, 24.9128093719, 215.785583496, 92.0516281128, 8.26856517792, 9.33890342712, 7.52126312256, 11.689160347, 318.119110107, 187.847900391, 296.611328125, 63.5260429382, 91.8535385132, 71.4853057861, 12.8455381393, 90.7193450928, 681.259460449, 208.884811401, 207.813156128, 79.9329071045, 84.701713562, 216.30355835, 17.4680480957, 7.8612909317, 5.20020914078, 2.69987821579, 0.757184386253, 0.210180386901, 0.11192072928, 0.0748438239098, 0.0499579310417, 0.0328630544245, 0.0198673717678, 0.0110209193081, 0.00511353788897, 0.00178963632789, 0.000425983715104, 8.66952905199e-05],
        "mean": [0.0192434564233, 0.899536669254, 4.29922533035, 9.9696969986, 75.6887741089, 27.7110099792, 2.90830087662, 1.68265151978, 1.60138058662, 2.67257976532, 62.8425750732, 42.7560348511, 70.2954483032, 16.8948020935, 24.7813663483, 20.2432498932, 4.17453575134, 15.8490791321, 140.239135742, 65.4708480835, 46.696269989, 24.2053833008, 32.460521698, 79.467376709, 6.35268974304, 2.2918510437, 1.86571979523, 1.05104315281, 0.251401364803, 0.0438910312951, 0.0191526915878, 0.010150318034, 0.00473423628137, 0.00187242263928, 0.000461318442831, 0.000247243151534, 5.81061649427e-05, 1.80334845936e-05, 2.68728072115e-05, 4.99773996125e-05],
        "median": [0.0177827943116, 0.853508174419, 3.98217010498, 8.88802719116, 69.3376693726, 23.7974815369, 2.71423244476, 1.3822619915, 1.34044730663, 2.22863936424, 47.4450263977, 33.8796272278, 55.5260810852, 13.5079278946, 20.2292938232, 16.9792079926, 3.7252767086, 12.395198822, 114.085853577, 59.5656433105, 36.455947876, 21.5961074829, 31.1957530975, 77.5102233887, 5.78305149078, 2.11313152313, 1.76259827614, 0.971742212772, 0.227653458714, 0.0389056056738, 0.0138824665919, 0.00892128515989, 0.0043438798748, 0.00163294153754, 0.000348687666701, 0.00019082329527, 3.54769144906e-05, 1.15956599984e-05, 2.5086761525e-05, 4.85617019876e-05],
        "min": [0.000965370505583, 0.00353045272641, 0.0349562726915, 0.317446023226, 0.965279102325, 1.00406432152, 0.437384009361, 0.183623284101, 0.196120530367, 0.102659203112, 0.249229833484, 1.25488400459, 3.60046076775, 1.03657710552, 0.226955249906, 0.167409554124, 0.189726665616, 0.375737547874, 2.18082857132, 1.90476500988, 0.145774960518, 0.356241762638, 0.427293121815, 1.2924875021, 0.308407813311, 0.042253177613, 0.0689989626408, 0.0359905473888, 0.0122777335346, 0.00777059234679, 0.00384956295602, 0.00386654306203, 0.00155414757319, 0.000699077092577, 0.000173049425939, 9.01154926396e-05, 1.88722096937e-05, 6.36380218566e-06, 1.41257942232e-05, 3.11587882607e-06],
        "var": [0.000113244328531, 0.288297027349, 6.52098035812, 23.9340400696, 1869.88024902, 282.517883301, 1.87204003334, 1.32937204838, 1.066583395, 2.80768036842, 2652.29736328, 924.433166504, 2964.67041016, 143.836120605, 269.545227051, 153.674575806, 4.09464216232, 158.801574707, 11053.4697266, 1182.79382324, 1222.6854248, 152.778808594, 214.109573364, 1713.47351074, 6.57791948318, 0.862796604633, 0.560581803322, 0.192852035165, 0.0132133886218, 0.000527406809852, 0.000205220669159, 2.93300854537e-05, 8.85968347575e-06, 3.1464503536e-06, 1.10294683964e-06, 3.36732256301e-07, 7.22398425523e-08, 8.78071748645e-09, 4.76047590237e-10, 1.76839889954e-10]
    },
    "gfcc": {
        "mean": [-35.6358833313, 179.280670166, -171.114196777, 39.266998291, -12.393286705, -16.2829742432, -12.561167717, -2.46280360222, -16.6079139709, -33.2536048889, -31.2141723633, -31.045583725, -3.10877752304],
        "cov": [[186.3019104, 14.2419681549, -56.2973518372, -14.5651073456, 1.473965168, -0.498402744532, 1.76913452148, 6.73943424225, 16.5118160248, 19.9584236145, 6.53290891647, -10.706738472, -9.59930515289], [14.2419681549, 98.1564559937, 9.55483436584, -8.39872074127, 7.1750869751, -8.99972724915, 37.5587692261, 9.10228538513, 25.8705368042, 0.554495215416, 0.937390327454, -18.4620609283, 11.3395881653], [-56.2973518372, 9.55483436584, 84.255279541, 12.3916559219, -5.533847332, 5.70436048508, 4.87182760239, 1.02325248718, -5.57303667068, -10.1888742447, -9.36449623108, 8.80196762085, 1.07849597931], [-14.5651073456, -8.39872074127, 12.3916559219, 58.9516181946, 32.0144348145, 11.6803293228, -5.04243659973, -5.54129886627, 7.49723100662, 3.33096718788, 11.4924602509, 7.40887975693, -3.32954573631], [1.473965168, 7.1750869751, -5.533847332, 32.0144348145, 60.1862258911, 12.863445282, -4.70092916489, -4.31509017944, 8.31269931793, 6.46988391876, 3.4635579586, -4.29082155228, 1.83040785789], [-0.498402744532, -8.99972724915, 5.70436048508, 11.6803293228, 12.863445282, 46.4695205688, 12.0678901672, 3.09193444252, 5.51837348938, 7.28530359268, 8.20221042633, 15.592962265, 7.37528324127], [1.76913452148, 37.5587692261, 4.87182760239, -5.04243659973, -4.70092916489, 12.0678901672, 41.874584198, 17.2085590363, 4.35688781738, -4.58941936493, 2.33257508278, 3.84315562248, 9.59772491455], [6.73943424225, 9.10228538513, 1.02325248718, -5.54129886627, -4.31509017944, 3.09193444252, 17.2085590363, 36.3974113464, 17.398651123, 8.99668693542, 4.4749212265, 5.41368627548, 1.2673740387], [16.5118160248, 25.8705368042, -5.57303667068, 7.49723100662, 8.31269931793, 5.51837348938, 4.35688781738, 17.398651123, 46.2018547058, 26.8866271973, 6.40266132355, -7.71242284775, -4.85887145996], [19.9584236145, 0.554495215416, -10.1888742447, 3.33096718788, 6.46988391876, 7.28530359268, -4.58941936493, 8.99668693542, 26.8866271973, 52.5490074158, 17.0969161987, -2.99492263794, -6.83280992508], [6.53290891647, 0.937390327454, -9.36449623108, 11.4924602509, 3.4635579586, 8.20221042633, 2.33257508278, 4.4749212265, 6.40266132355, 17.0969161987, 25.9198303223, 7.78234052658, -5.28351783752], [-10.706738472, -18.4620609283, 8.80196762085, 7.40887975693, -4.29082155228, 15.592962265, 3.84315562248, 5.41368627548, -7.71242284775, -2.99492263794, 7.78234052658, 32.3778457642, 9.24698638916], [-9.59930515289, 11.3395881653, 1.07849597931, -3.32954573631, 1.83040785789, 7.37528324127, 9.59772491455, 1.2673740387, -4.85887145996, -6.83280992508, -5.28351783752, 9.24698638916, 26.2201824188]],
        "icov": [[0.00816241279244, -0.00831313896924, 0.00800091587007, -0.00226669549011, 0.0027664937079, -0.00560607062653, 0.00685224123299, -0.00498218135908, 0.00608945405111, -0.00427129259333, 0.0078478353098, -0.00372503488325, 0.00799340102822], [-0.00831313896924, 0.0742823258042, -0.0288307126611, 0.0285381469876, -0.0259241051972, 0.0440123490989, -0.0741562321782, 0.044130448252, -0.0628232657909, 0.0234558209777, -0.0526079945266, 0.0297006592155, -0.0425224676728], [0.00800091587007, -0.0288307126611, 0.0293795727193, -0.0175383482128, 0.014017496258, -0.0192014407367, 0.0252495631576, -0.0183950792998, 0.0258925780654, -0.0116630159318, 0.0330186039209, -0.015709862113, 0.0219840351492], [-0.00226669549011, 0.0285381469876, -0.0175383482128, 0.0453452579677, -0.0278121866286, 0.0184888038784, -0.0272300690413, 0.0256997141987, -0.0343974307179, 0.0163023788482, -0.0359540767968, 0.00138203485403, -0.0110845007002], [0.0027664937079, -0.0259241051972, 0.014017496258, -0.0278121866286, 0.0383144654334, -0.0239948146045, 0.0302160978317, -0.0185370836407, 0.0238321870565, -0.0102604208514, 0.0224124789238, 0.00200928235427, 0.00757650611922], [-0.00560607062653, 0.0440123490989, -0.0192014407367, 0.0184888038784, -0.0239948146045, 0.0604475028813, -0.0558233223855, 0.0349997803569, -0.0427459068596, 0.00962335523218, -0.0330367423594, -0.0011546065798, -0.0261982250959], [0.00685224123299, -0.0741562321782, 0.0252495631576, -0.0272300690413, 0.0302160978317, -0.0558233223855, 0.114821977913, -0.0639821365476, 0.0631578564644, -0.012832804583, 0.039599571377, -0.015984846279, 0.0267151314765], [-0.00498218135908, 0.044130448252, -0.0183950792998, 0.0256997141987, -0.0185370836407, 0.0349997803569, -0.0639821365476, 0.0762626975775, -0.0579167120159, 0.0124142644927, -0.0317474082112, -0.00139221793506, -0.0191097911447], [0.00608945405111, -0.0628232657909, 0.0258925780654, -0.0343974307179, 0.0238321870565, -0.0427459068596, 0.0631578564644, -0.0579167120159, 0.0974073857069, -0.0386114418507, 0.0517951734364, -0.0101480586454, 0.0360114835203], [-0.00427129259333, 0.0234558209777, -0.0116630159318, 0.0163023788482, -0.0102604208514, 0.00962335523218, -0.012832804583, 0.0124142644927, -0.0386114418507, 0.0461086966097, -0.0423935130239, 0.0146544808522, -0.0159013941884], [0.0078478353098, -0.0526079945266, 0.0330186039209, -0.0359540767968, 0.0224124789238, -0.0330367423594, 0.039599571377, -0.0317474082112, 0.0517951734364, -0.0423935130239, 0.113942846656, -0.0421553514898, 0.0508461482823], [-0.00372503488325, 0.0297006592155, -0.015709862113, 0.00138203485403, 0.00200928235427, -0.0011546065798, -0.015984846279, -0.00139221793506, -0.0101480586454, 0.0146544808522, -0.0421553514898, 0.0739696547389, -0.0399267934263], [0.00799340102822, -0.0425224676728, 0.0219840351492, -0.0110845007002, 0.00757650611922, -0.0261982250959, 0.0267151314765, -0.0191097911447, 0.0360114835203, -0.0159013941884, 0.0508461482823, -0.0399267934263, 0.0819842219353]]
    },
    "melbands": {
        "dmean": [0.000167083184351, 0.000604221073445, 0.00224967231043, 0.00240933848545, 6.93632682669e-05, 2.31820522458e-05, 1.27606044771e-05, 1.36089656735e-05, 0.00047241061111, 0.000151935819304, 0.000179749898962, 3.61338024959e-05, 2.99917992379e-05, 4.19611751568e-05, 9.58090367931e-06, 2.7614028113e-06, 9.48967226577e-06, 8.08309050626e-05, 4.47141610493e-05, 3.33838361257e-05, 2.36040450545e-05, 1.17910012705e-05, 7.26270445739e-06, 1.82175590453e-05, 1.61789612321e-05, 1.22558049043e-06, 1.04270088741e-06, 4.23250213544e-07, 3.78796528366e-07, 3.18752000794e-07, 1.77520249167e-07, 5.85939794462e-08, 1.251037407e-08, 1.22735048791e-08, 1.1897319574e-08, 3.88978715904e-09, 2.15874251808e-09, 1.30817956467e-09, 8.20233658771e-10, 5.05427422137e-10],
        "dmean2": [0.000246960786171, 0.000901431834791, 0.0036644958891, 0.00389209855348, 0.000122974888654, 4.13746165577e-05, 2.14871561184e-05, 2.37398035097e-05, 0.000793665007222, 0.000259885739069, 0.000276711478364, 5.3890318668e-05, 5.02132024849e-05, 6.65149127599e-05, 1.63164040714e-05, 4.8746342145e-06, 1.65951714735e-05, 0.000116889605124, 5.95869678364e-05, 5.39863249287e-05, 3.86228821299e-05, 2.02488990908e-05, 1.25241276692e-05, 2.83161334664e-05, 2.46961135417e-05, 1.94088511307e-06, 1.72184877556e-06, 6.78280116517e-07, 6.05824823197e-07, 5.45289879028e-07, 2.65835069513e-07, 8.72288410392e-08, 2.0135813017e-08, 2.27059349101e-08, 2.22634373159e-08, 6.67391031328e-09, 3.58867868755e-09, 2.08775241539e-09, 1.29125621307e-09, 7.82926667942e-10],
        "dvar": [2.05198897874e-08, 2.89490742489e-07, 2.61936179413e-06, 3.86100782634e-06, 3.65200181207e-09, 6.19310658312e-10, 1.3893369788e-10, 1.61771609997e-10, 1.81790866804e-07, 1.87668067753e-08, 3.08930587778e-08, 1.30470245718e-09, 7.2516032068e-10, 1.8540887714e-09, 8.32642219062e-11, 9.72467332355e-12, 1.24336194118e-10, 8.30300184163e-09, 2.02435512797e-09, 1.04820252478e-09, 5.11301168071e-10, 9.83553585798e-11, 4.17393758445e-11, 2.83608220242e-10, 2.20992016353e-10, 1.37505805353e-12, 9.12531660478e-13, 1.4681977151e-13, 1.257808148e-13, 7.22897422803e-14, 2.38896257648e-14, 3.31526789731e-15, 1.61627941789e-16, 1.48938819139e-16, 1.28829714341e-16, 1.25454719834e-17, 8.09164039785e-18, 4.13546962012e-18, 2.72573134475e-18, 1.90534995004e-18],
        "dvar2": [4.43616450241e-08, 6.32801800293e-07, 7.54137136028e-06, 9.39868004934e-06, 1.01467190206e-08, 1.67254365913e-09, 3.75098674343e-10, 4.79819350918e-10, 4.84956103719e-07, 5.13894740095e-08, 5.94185962655e-08, 2.61357180342e-09, 1.79595627259e-09, 4.42775993648e-09, 2.30516411515e-10, 2.78980501894e-11, 3.54271861847e-10, 1.75937451274e-08, 3.29947824618e-09, 2.51621945502e-09, 1.22425314331e-09, 2.89110069218e-10, 1.10149341037e-10, 6.43254449706e-10, 4.83667050855e-10, 3.3521202307e-12, 2.39833413546e-12, 3.44055513246e-13, 2.91305906263e-13, 1.80242973324e-13, 4.57491337836e-14, 6.62934783092e-15, 3.77140943309e-16, 3.78280361442e-16, 3.25108106406e-16, 2.96337884581e-17, 1.39137850537e-17, 6.13755689523e-18, 3.32305811061e-18, 2.11259798456e-18],
        "max": [0.00136064190883, 0.00544276786968, 0.0104730101302, 0.0125670731068, 0.000395932147512, 0.0002025631984, 0.000102362588223, 9.28364315769e-05, 0.00325082149357, 0.00100749661215, 0.00152380042709, 0.000322090869304, 0.000233179191127, 0.000421923061367, 9.80744953267e-05, 2.39198943746e-05, 8.7531589088e-05, 0.00134833808988, 0.000578533799853, 0.00024850529735, 0.000203508796403, 7.70720580476e-05, 4.87285542476e-05, 0.000198489171453, 0.000181921612239, 1.06326879177e-05, 8.68789629749e-06, 5.07901359015e-06, 3.89530396205e-06, 2.323591616e-06, 1.51828135131e-06, 5.77208027153e-07, 1.19173961366e-07, 1.03490918946e-07, 7.47567483472e-08, 4.24150599088e-08, 4.61764564363e-08, 3.62695331546e-08, 3.04194607281e-08, 2.63992365745e-08],
        "mean": [0.000460009323433, 0.00187906750944, 0.00383636984043, 0.00433522323146, 0.000116124327178, 3.75688323402e-05, 2.35095176322e-05, 1.99230908038e-05, 0.000645837280899, 0.00022284964507, 0.000357196608093, 8.03983348305e-05, 5.89767987549e-05, 9.12860123208e-05, 2.34614162764e-05, 4.85237615067e-06, 1.4412843484e-05, 0.000232274251175, 0.000175161272637, 5.93497570662e-05, 4.45420773758e-05, 2.29794477491e-05, 1.51615331561e-05, 6.93959300406e-05, 6.6819069616e-05, 3.21256925417e-06, 2.23677648137e-06, 1.42153794513e-06, 1.43605518588e-06, 8.42126667067e-07, 4.99704526646e-07, 1.66766369603e-07, 3.75409179298e-08, 1.53305723671e-08, 1.19000223009e-08, 7.18741244299e-09, 5.60379032066e-09, 3.51833406853e-09, 2.23076024319e-09, 1.29769561763e-09],
        "median": [0.000428483006544, 0.00177189684473, 0.00372540298849, 0.00396335264668, 0.000103628764919, 3.04924178636e-05, 2.01514394575e-05, 1.65871551872e-05, 0.000476706540212, 0.000182397197932, 0.000277074694168, 6.2425082433e-05, 4.94272135256e-05, 6.9217159762e-05, 2.10258604056e-05, 3.87586487705e-06, 1.13750202217e-05, 0.000165593708516, 0.000147980361362, 4.36582704424e-05, 3.47346867784e-05, 2.01615457627e-05, 1.33316380015e-05, 6.73863614793e-05, 6.49761641398e-05, 2.77635240309e-06, 1.96789642359e-06, 1.292783395e-06, 1.34891524795e-06, 7.58973726533e-07, 4.53030509107e-07, 1.44427545479e-07, 3.45125208412e-08, 1.13809530689e-08, 7.52248752178e-09, 6.05638472706e-09, 5.05350961078e-09, 3.27773541642e-09, 1.92617388706e-09, 1.10629538863e-09],
        "min": [7.89260047895e-06, 1.27764560602e-05, 7.41129915696e-05, 7.76815286372e-05, 1.29734362417e-05, 4.24488098361e-06, 2.8478814329e-06, 9.20558591133e-07, 2.62818184638e-06, 4.59223974758e-06, 9.07872345124e-06, 4.79305253975e-06, 5.8320563312e-07, 5.36076072422e-07, 4.35808971133e-07, 4.43016830332e-07, 6.51414268305e-07, 2.66398046733e-06, 5.39106986253e-06, 4.47146675242e-07, 8.61741114022e-08, 3.34298420057e-07, 3.52002899717e-07, 6.59191641716e-07, 1.15190880479e-06, 3.21030881878e-07, 5.02953945158e-08, 1.86415221037e-08, 4.16897201205e-08, 4.28129567354e-08, 1.25731478562e-08, 6.45507913788e-09, 5.44409228809e-09, 2.79172374107e-09, 1.83563786393e-09, 1.8898225207e-09, 1.89354754099e-09, 1.12404408004e-09, 6.87080559114e-10, 4.27407942372e-10],
        "var": [7.1429830939e-08, 1.30327214265e-06, 3.83726774089e-06, 6.47847900836e-06, 4.46727810299e-09, 6.72100819443e-10, 2.22466420285e-10, 1.72862613113e-10, 2.81201096186e-07, 2.55507899283e-08, 8.01832271691e-08, 3.98478006147e-09, 1.49207235456e-09, 5.20823073558e-09, 1.45987708033e-10, 1.22810494413e-11, 1.22186205598e-10, 4.42742411622e-08, 1.24706307503e-08, 2.12134154687e-09, 1.06015973778e-09, 1.51997719966e-10, 5.86536375025e-11, 1.38838029962e-09, 1.21348775473e-09, 2.99833356927e-12, 1.60368419932e-12, 4.44456456231e-13, 4.06581073063e-13, 1.3291859204e-13, 6.43064974101e-14, 8.43835482582e-15, 3.07817728733e-16, 1.44089661395e-16, 1.15178693135e-16, 1.75304585742e-17, 9.89698524581e-18, 4.98365607074e-18, 3.10771280507e-18, 2.01577277155e-18]
    },
    "mfcc": {
        "mean": [-666.102294922, 197.065811157, -69.6418380737, 56.4440422058, 9.81205844879, 3.57943201065, 7.22630023956, 16.322309494, 20.9809875488, 3.82142663002, -8.90521430969, -19.366153717, -27.2665882111],
        "cov": [[227.897674561, 5.88924503326, -63.9468002319, -13.4307346344, -11.1021699905, -1.82042098045, -9.13937473297, -13.7514772415, 2.93432950974, 10.5739374161, 14.1373806, 16.6444587708, 8.35622310638], [5.88924503326, 92.8333969116, 0.936377644539, 0.506383955479, -14.7066869736, -11.6191625595, 14.1606216431, -1.13682961464, 35.746295929, 9.42892837524, 6.65331220627, 5.72953128815, -1.55295312405], [-63.9468002319, 0.936377644539, 75.8713150024, 3.73040056229, -8.81556892395, 6.06720113754, 1.10027682781, 17.7053756714, -3.76329302788, -1.8583189249, -3.65328001976, 6.18394088745, 7.74037456512], [-13.4307346344, 0.506383955479, 3.73040056229, 49.0983657837, 26.0760612488, 7.32034492493, -0.736451387405, -1.25695693493, 3.78026843071, 3.00421476364, 6.22580242157, 4.88741397858, 7.50325918198], [-11.1021699905, -14.7066869736, -8.81556892395, 26.0760612488, 60.3959541321, 23.4168357849, -8.11952877045, -3.10876536369, 1.94063806534, 10.6493988037, 1.47614276409, 5.18838262558, 10.4767436981], [-1.82042098045, -11.6191625595, 6.06720113754, 7.32034492493, 23.4168357849, 45.5105514526, 7.22677946091, 4.80946922302, -3.20128512383, 1.47426128387, 1.06067371368, 2.83435082436, 7.37417078018], [-9.13937473297, 14.1606216431, 1.10027682781, -0.736451387405, -8.11952877045, 7.22677946091, 36.5797157288, 9.66859436035, 3.46802258492, -6.07887649536, -1.65957510471, -5.73918247223, -6.41272830963], [-13.7514772415, -1.13682961464, 17.7053756714, -1.25695693493, -3.10876536369, 4.80946922302, 9.66859436035, 51.161239624, 6.15382003784, -2.58334922791, -13.1805315018, -8.73298931122, 4.95998764038], [2.93432950974, 35.746295929, -3.76329302788, 3.78026843071, 1.94063806534, -3.20128512383, 3.46802258492, 6.15382003784, 47.7969779968, 7.32866001129, 1.16985154152, 7.56577014923, 6.62950325012], [10.5739374161, 9.42892837524, -1.8583189249, 3.00421476364, 10.6493988037, 1.47426128387, -6.07887649536, -2.58334922791, 7.32866001129, 37.9679489136, 16.1090774536, 2.06612896919, 3.73806190491], [14.1373806, 6.65331220627, -3.65328001976, 6.22580242157, 1.47614276409, 1.06067371368, -1.65957510471, -13.1805315018, 1.16985154152, 16.1090774536, 39.3587760925, 18.3999652863, 2.13548541069], [16.6444587708, 5.72953128815, 6.18394088745, 4.88741397858, 5.18838262558, 2.83435082436, -5.73918247223, -8.73298931122, 7.56577014923, 2.06612896919, 18.3999652863, 41.2715644836, 18.1620559692], [8.35622310638, -1.55295312405, 7.74037456512, 7.50325918198, 10.4767436981, 7.37417078018, -6.41272830963, 4.95998764038, 6.62950325012, 3.73806190491, 2.13548541069, 18.1620559692, 38.3799514771]],
