{
"lowlevel": {
    "average_loudness": 0.98635238409,
    "barkbands_crest": {
        "dmean": 3.60174036026,
        "dmean2": 6.13208913803,
        "dvar": 6.93244934082,
        "dvar2": 19.5412216187,
        "max": 22.0997886658,
        "mean": 12.5695238113,
        "median": 12.200053215,
        "min": 5.77372980118,
        "var": 12.5097770691
    },
    "barkbands_flatness_db": {
        "dmean": 0.03105840832,
        "dmean2": 0.0540475733578,
        "dvar": 0.000679440505337,
        "dvar2": 0.00195443886332,
        "max": 0.351765573025,
        "mean": 0.249092429876,
        "median": 0.249211877584,
        "min": 0.12347266078,
        "var": 0.0011225437047
    },
    "barkbands_kurtosis": {
        "dmean": 5.52457284927,
        "dmean2": 9.58986568451,
        "dvar": 32.7958602905,
        "dvar2": 99.9554824829,
        "max": 37.8730888367,
        "mean": 7.53277397156,
        "median": 6.19697475433,
        "min": -1.63658154011,
        "var": 37.3366928101
    },
    "barkbands_skewness": {
        "dmean": 0.817984461784,
        "dmean2": 1.39162862301,
        "dvar": 0.430122643709,
        "dvar2": 1.40704381466,
        "max": 5.8051404953,
        "mean": 2.47557663918,
        "median": 2.41942405701,
        "min": 0.127932444215,
        "var": 0.711923718452
    },
    "barkbands_spread": {
        "dmean": 4.35971546173,
        "dmean2": 7.43402147293,
        "dvar": 12.8945512772,
        "dvar2": 41.2368621826,
        "max": 32.448059082,
        "mean": 11.069316864,
        "median": 10.2261619568,
        "min": 2.51826262474,
        "var": 28.0965747833
    },
    "dissonance": {
        "dmean": 0.0190794039518,
        "dmean2": 0.0324767790735,
        "dvar": 0.000243464732193,
        "dvar2": 0.000722504628357,
        "max": 0.498861730099,
        "mean": 0.464823365211,
        "median": 0.468242615461,
        "min": 0.371401429176,
        "var": 0.000399148120778
    },
    "dynamic_complexity": 1.1737382412,
    "erbbands_crest": {
        "dmean": 2.74609303474,
        "dmean2": 4.56027889252,
        "dvar": 5.0673532486,
        "dvar2": 14.3399991989,
        "max": 20.8990459442,
        "mean": 8.66960906982,
        "median": 8.1540184021,
        "min": 4.42690515518,
        "var": 8.06379413605
    },
    "erbbands_flatness_db": {
        "dmean": 0.0142604503781,
        "dmean2": 0.0233691185713,
        "dvar": 0.00015819510736,
        "dvar2": 0.000323337182635,
        "max": 0.278590142727,
        "mean": 0.237880587578,
        "median": 0.237955033779,
        "min": 0.139631584287,
        "var": 0.000269576208666
    },
    "erbbands_kurtosis": {
        "dmean": 0.53397333622,
        "dmean2": 0.930656015873,
        "dvar": 0.304534822702,
        "dvar2": 0.831646859646,
        "max": 3.70679140091,
        "mean": -0.925946831703,
        "median": -1.08466625214,
        "min": -1.75636982918,
        "var": 0.471115261316
    },
    "erbbands_skewness": {
        "dmean": 0.430238366127,
        "dmean2": 0.724659264088,
        "dvar": 0.106972932816,
        "dvar2": 0.318585574627,
        "max": 1.63343811035,
        "mean": -0.0133294174448,
        "median": 0.0205280669034,
        "min": -1.75842583179,
        "var": 0.291555613279
    },
    "erbbands_spread": {
        "dmean": 8.48772907257,
        "dmean2": 14.690612793,
        "dvar": 38.6192245483,
        "dvar2": 115.28200531,
        "max": 67.595703125,
        "mean": 43.388168335,
        "median": 44.190574646,
        "min": 18.9386520386,
        "var": 80.7861709595
    },
    "hfc": {
        "dmean": 3.75451612473,
        "dmean2": 6.32287836075,
        "dvar": 9.96836090088,
        "dvar2": 27.1277389526,
        "max": 42.8887062073,
        "mean": 14.8934307098,
        "median": 13.4273252487,
        "min": 4.3622174263,
        "var": 37.2404823303
    },
    "melbands_crest": {
        "dmean": 4.07026386261,
        "dmean2": 7.09012079239,
        "dvar": 9.20325946808,
        "dvar2": 26.5790500641,
        "max": 27.8445358276,
        "mean": 16.7055339813,
        "median": 16.323425293,
        "min": 8.62289333344,
        "var": 14.9684419632
    },
    "melbands_flatness_db": {
        "dmean": 0.0361701138318,
        "dmean2": 0.0629581734538,
        "dvar": 0.000871344585903,
        "dvar2": 0.00261237006634,
        "max": 0.465025424957,
        "mean": 0.341909348965,
        "median": 0.339587926865,
        "min": 0.221764147282,
        "var": 0.00168747326825
    },
    "melbands_kurtosis": {
        "dmean": 14.9893426895,
        "dmean2": 26.254447937,
        "dvar": 223.567504883,
        "dvar2": 691.146118164,
        "max": 109.341964722,
        "mean": 24.2027549744,
        "median": 20.5793819427,
        "min": -0.273350477219,
        "var": 274.272979736
    },
    "melbands_skewness": {
        "dmean": 1.2636244297,
        "dmean2": 2.189214468,
        "dvar": 0.994300425053,
        "dvar2": 3.11379337311,
        "max": 9.12539196014,
        "mean": 4.16293382645,
        "median": 4.0562748909,
        "min": 0.906405329704,
        "var": 1.73817145824
    },
    "melbands_spread": {
        "dmean": 4.44596385956,
        "dmean2": 7.66780424118,
        "dvar": 17.951581955,
        "dvar2": 52.8163871765,
        "max": 49.5839767456,
        "mean": 9.37768268585,
        "median": 8.22553825378,
        "min": 1.72260701656,
        "var": 33.1062240601
    },
    "pitch_salience": {
        "dmean": 0.0846238583326,
        "dmean2": 0.143068343401,
        "dvar": 0.00486643938348,
        "dvar2": 0.0134739503264,
        "max": 0.748613834381,
        "mean": 0.463423669338,
        "median": 0.469684660435,
        "min": 0.131407678127,
        "var": 0.00830195937306
    },
    "silence_rate_20dB": {
        "dmean": 0,
        "dmean2": 0,
        "dvar": 0,
        "dvar2": 0,
        "max": 1,
        "mean": 1,
        "median": 1,
        "min": 1,
        "var": 0
    },
    "silence_rate_30dB": {
        "dmean": 0,
        "dmean2": 0,
        "dvar": 0,
        "dvar2": 0,
        "max": 1,
        "mean": 1,
        "median": 1,
        "min": 1,
        "var": 0
    },
    "silence_rate_60dB": {
        "dmean": 0,
        "dmean2": 0,
        "dvar": 0,
        "dvar2": 0,
        "max": 0,
        "mean": 0,
        "median": 0,
        "min": 0,
        "var": 0
    },
    "spectral_centroid": {
        "dmean": 217.558120728,
        "dmean2": 370.654754639,
        "dvar": 32720.5019531,
        "dvar2": 99893.171875,
        "max": 1839.23364258,
        "mean": 725.895141602,
        "median": 683.672180176,
        "min": 287.332061768,
        "var": 69507.7421875
    },
    "spectral_complexity": {
        "dmean": 2.77108430862,
        "dmean2": 4.48790311813,
        "dvar": 4.67450380325,
        "dvar2": 11.177271843,
        "max": 34,
        "mean": 18.2159996033,
        "median": 18,
        "min": 9,
        "var": 18.8013553619
    },
    "spectral_decrease": {
        "dmean": 5.45515987938e-09,
        "dmean2": 9.58172297061e-09,
        "dvar": 1.57053656163e-17,
        "dvar2": 4.98311832063e-17,
        "max": -2.71701128263e-09,
        "mean": -1.25478978319e-08,
        "median": -1.24500445509e-08,
        "min": -2.59929180402e-08,
        "var": 2.05828675311e-17
    },
    "spectral_energy": {
        "dmean": 0.0208550691605,
        "dmean2": 0.0366421490908,
        "dvar": 0.000229618904996,
        "dvar2": 0.000726585625671,
        "max": 0.10016772151,
        "mean": 0.0487094372511,
        "median": 0.048579223454,
        "min": 0.0107581689954,
        "var": 0.00030353051261
    },
    "spectral_energyband_high": {
        "dmean": 1.1097321476e-05,
        "dmean2": 1.84977452591e-05,
        "dvar": 2.74050143689e-10,
        "dvar2": 7.05455416306e-10,
        "max": 0.000281344400719,
        "mean": 4.05871069233e-05,
        "median": 3.11102994601e-05,
        "min": 7.35652474759e-06,
        "var": 9.85448167512e-10
    },
    "spectral_energyband_low": {
        "dmean": 0.0144915422425,
        "dmean2": 0.0261459778994,
        "dvar": 0.000193697487703,
        "dvar2": 0.000610629736912,
        "max": 0.0742336064577,
        "mean": 0.0204298924655,
        "median": 0.0160670317709,
        "min": 0.00143740465865,
        "var": 0.000243549788138
    },
    "spectral_energyband_middle_high": {
        "dmean": 0.00106036488432,
        "dmean2": 0.0016687855823,
        "dvar": 1.00580689377e-06,
        "dvar2": 2.05553828891e-06,
        "max": 0.0177339911461,
        "mean": 0.00379963638261,
        "median": 0.00328415259719,
        "min": 0.000894575670827,
        "var": 5.35910521648e-06
    },
    "spectral_energyband_middle_low": {
        "dmean": 0.0137984873727,
        "dmean2": 0.0236862767488,
        "dvar": 0.000164581288118,
        "dvar2": 0.000458514579805,
        "max": 0.0939808934927,
        "mean": 0.0256569329649,
        "median": 0.022174898535,
        "min": 0.00170669797808,
        "var": 0.000319474143907
    },
    "spectral_entropy": {
        "dmean": 0.1882853508,
        "dmean2": 0.315132528543,
        "dvar": 0.0251538343728,
        "dvar2": 0.0609949678183,
        "max": 7.99230670929,
        "mean": 6.92730808258,
        "median": 6.93506813049,
        "min": 6.17568016052,
        "var": 0.0455376654863
    },
    "spectral_flux": {
        "dmean": 0.0331396348774,
        "dmean2": 0.0568602457643,
        "dvar": 0.000735835463274,
        "dvar2": 0.00208258931525,
        "max": 0.222958281636,
        "mean": 0.118555054069,
        "median": 0.113587878644,
        "min": 0.0561908185482,
        "var": 0.00109022494871
    },
    "spectral_kurtosis": {
        "dmean": 5.01389455795,
        "dmean2": 9.02774715424,
        "dvar": 15.1681032181,
        "dvar2": 50.2808380127,
        "max": 22.5849571228,
        "mean": 7.84618902206,
        "median": 7.10051441193,
        "min": 0.791080713272,
        "var": 21.6666812897
    },
    "spectral_rms": {
        "dmean": 0.00151633296628,
        "dmean2": 0.00266414578073,
        "dvar": 1.24807786506e-06,
        "dvar2": 4.00943736167e-06,
        "max": 0.00988557562232,
        "mean": 0.00677446462214,
        "median": 0.00688435696065,
        "min": 0.00323971826583,
        "var": 1.62803121384e-06
    },
    "spectral_rolloff": {
        "dmean": 248.539718628,
        "dmean2": 457.840911865,
        "dvar": 105036.960938,
        "dvar2": 282608.75,
        "max": 2433.25195312,
        "mean": 450.818725586,
        "median": 236.865234375,
        "min": 107.666015625,
        "var": 152778.203125
    },
    "spectral_skewness": {
        "dmean": 0.455188035965,
        "dmean2": 0.803720235825,
        "dvar": 0.114927463233,
        "dvar2": 0.380586653948,
        "max": 2.60939526558,
        "mean": 1.4999140501,
        "median": 1.42080354691,
        "min": 0.583319664001,
        "var": 0.192809462547
    },
    "spectral_spread": {
        "dmean": 243894.359375,
        "dmean2": 380222.90625,
        "dvar": 1.30604741427e+12,
        "dvar2": 1.3193370665e+12,
        "max": 20200708,
        "mean": 2234947.75,
        "median": 2146545,
        "min": 1752701.5,
        "var": 1.33435031552e+12
    },
    "spectral_strongpeak": {
        "dmean": 0.37752532959,
        "dmean2": 0.629968047142,
        "dvar": 0.0804366916418,
        "dvar2": 0.218986421824,
        "max": 2.13949966431,
        "mean": 0.850190639496,
        "median": 0.795100212097,
        "min": 0.0900138393044,
        "var": 0.209121346474
    },
    "zerocrossingrate": {
        "dmean": 0.00486516393721,
        "dmean2": 0.0068890969269,
        "dvar": 1.32888771986e-05,
        "dvar2": 2.63568508672e-05,
        "max": 0.05810546875,
        "mean": 0.0241621099412,
        "median": 0.02294921875,
        "min": 0.0107421875,
        "var": 5.8695259213e-05
    },
    "barkbands": {
        "dmean": [2.74854282907e-05, 0.0106469932944, 0.00531107792631, 0.00447404291481, 0.01099311281, 0.000153534521814, 6.61161684548e-05, 0.000836038670968, 0.00121440074872, 0.000556488637812, 0.000113004934974, 0.000213523584534, 3.2090851164e-05, 0.000219489738811, 0.00024885815219, 0.000429840176366, 0.000145512414747, 0.000122278361232, 4.87980978505e-05, 1.11583685793e-05, 7.97835036792e-06, 2.58342242887e-06, 3.36666772682e-07, 1.30892956918e-07, 7.22104189776e-08, 6.04502403689e-08, 6.2184028593e-08],
        "dmean2": [4.24127865699e-05, 0.0192092265934, 0.00916433241218, 0.00782157573849, 0.018748935312, 0.000272900477285, 0.000111457688035, 0.0014616016997, 0.00212617265061, 0.000934033945668, 0.000200727052288, 0.000348494650098, 5.2137485909e-05, 0.000354382413207, 0.000385074003134, 0.000740124494769, 0.000244236231083, 0.000194973807083, 8.12143553048e-05, 1.81700488611e-05, 1.34316633194e-05, 4.07549487136e-06, 5.78071876589e-07, 1.79962484026e-07, 8.40564737814e-08, 6.54489156204e-08, 6.58073489035e-08],
        "dvar": [9.18158615804e-09, 0.000116771938337, 3.0341796446e-05, 1.49286288433e-05, 0.000106582214357, 2.7256819024e-08, 6.60864207802e-09, 8.53940719026e-07, 1.76516050487e-06, 3.51292982259e-07, 7.54662323743e-08, 7.03376059619e-08, 1.04079100893e-08, 1.03024845544e-07, 6.38557224875e-08, 2.37055431285e-07, 6.20569764465e-08, 1.98269418661e-08, 7.16305370574e-09, 2.89568480305e-10, 9.37196709128e-11, 9.89460770262e-12, 4.58818475834e-13, 4.17761664021e-13, 4.18844727781e-13, 4.27876348718e-13, 4.93242111651e-13],
        "dvar2": [1.03633288617e-08, 0.000372656882973, 9.47307125898e-05, 4.33117820648e-05, 0.000292403448839, 8.22987900051e-08, 1.42643488132e-08, 2.36022992794e-06, 4.76942886962e-06, 9.48327169681e-07, 2.08963740533e-07, 1.76301043098e-07, 2.0592034744e-08, 2.04393785452e-07, 1.3996553605e-07, 6.65884556383e-07, 1.70390634935e-07, 4.73584051974e-08, 1.60226143464e-08, 7.95008781029e-10, 2.06219694099e-10, 2.46550401622e-11, 6.09793411512e-13, 4.40542730334e-13, 4.21540894639e-13, 4.2947408325e-13, 4.95105150454e-13],
        "max": [0.00148830749094, 0.0612591505051, 0.0342451184988, 0.0287940949202, 0.0729542374611, 0.00129917543381, 0.000966117659118, 0.00745979929343, 0.00844475161284, 0.00471266498789, 0.00353386625648, 0.00289498013444, 0.00148449337576, 0.00435232883319, 0.00275366962887, 0.00459385104477, 0.0031574498862, 0.00141831324436, 0.00145159370732, 0.000247216172284, 0.000129817417474, 3.20897888741e-05, 9.40008339967e-06, 9.93925914372e-06, 9.66959123616e-06, 9.7695765362e-06, 1.04911623566e-05],
        "mean": [3.03033684759e-05, 0.0127131035551, 0.00670311087742, 0.00554779125378, 0.0167355518788, 0.000230202378589, 0.000112698304292, 0.00118261668831, 0.00154507427942, 0.000753461441491, 0.000141755852383, 0.000389821652789, 4.98424888065e-05, 0.000432153959991, 0.000649785215501, 0.000702546851244, 0.000290557654807, 0.000326523120748, 0.000113767593575, 2.93259781756e-05, 2.19702269533e-05, 6.64117897031e-06, 4.0028706394e-07, 2.77476715382e-07, 1.14352644687e-07, 7.11095964334e-08, 8.21823391561e-08],
        "median": [1.65327764989e-05, 0.00868578162044, 0.00470424769446, 0.0041748797521, 0.0119085442275, 0.000183851108886, 7.69744365243e-05, 0.000656370597426, 0.000901065941434, 0.000527244992554, 9.44746279856e-05, 0.000237043990637, 2.94905621558e-05, 0.000290167983621, 0.000475844281027, 0.000539263244718, 0.000181698444067, 0.000260051048826, 8.95907141967e-05, 2.19929170271e-05, 1.58134535013e-05, 5.22832851857e-06, 2.59789857182e-07, 1.92144455013e-07, 5.30010524358e-08, 1.5072416204e-08, 2.30666650225e-08],
        "min": [2.33246936432e-07, 0.000143829645822, 0.000154243243742, 0.000111407833174, 0.00049224041868, 1.64944685821e-05, 5.75135254621e-06, 2.43488520937e-05, 6.01200117671e-05, 4.45299156127e-05, 8.89936563908e-06, 2.14028768823e-05, 4.82846007799e-06, 4.87289689772e-05, 5.00658134115e-05, 9.13918993319e-05, 4.09901585954e-05, 2.15805230255e-05, 8.40716984385e-06, 4.46885360361e-06, 2.89012723442e-06, 1.10574819701e-06, 3.90326029276e-08, 4.29828119763e-08, 1.45797889317e-08, 3.35554917186e-09, 9.44376488121e-09],
        "var": [9.19247433728e-09, 0.000134504705784, 3.87069376302e-05, 2.12204522541e-05, 0.000197095941985, 3.31694529621e-08, 1.50155265999e-08, 1.68592305272e-06, 2.50300149673e-06, 5.11148812166e-07, 5.96662914631e-08, 1.81074923944e-07, 1.32390489682e-08, 2.78903570461e-07, 2.81411928427e-07, 3.75223777382e-07, 1.38834209906e-07, 6.23022629043e-08, 1.41310083634e-08, 6.12917827603e-10, 3.76993214424e-10, 2.73700853648e-11, 4.92331490246e-13, 4.5462938969e-13, 4.22428043066e-13, 4.28457372663e-13, 4.90782599023e-13]
    },
    "erbbands": {
        "dmean": [0.11620246619, 2.96569800377, 7.42176246643, 6.45984172821, 47.4380264282, 18.8548278809, 2.2945523262, 1.29089891911, 0.849277257919, 1.60191547871, 35.2645301819, 19.9948635101, 17.834728241, 5.10975885391, 7.25622797012, 5.75166273117, 1.31340920925, 5.9784860611, 16.685792923, 15.8963708878, 17.6414775848, 8.61251831055, 4.35706377029, 5.88639068604, 1.54344761372, 0.501364350319, 0.364298701286, 0.283535480499, 0.0782160684466, 0.0149278780445, 0.00908630341291, 0.00375955575146, 0.0017723798519, 0.000920451944694, 0.000481026305351, 0.000254841987044, 0.00010951879085, 3.71392125089e-05, 1.71719020727e-05, 2.3125894586e-05],
        "dmean2": [0.206984639168, 5.37033367157, 13.1697797775, 11.3471193314, 80.2484741211, 33.1884880066, 4.0030579567, 2.33702397346, 1.37809574604, 2.67158079147, 60.2859458923, 34.3912620544, 29.8894710541, 8.83613491058, 12.5680475235, 9.45254707336, 2.11310076714, 10.4004230499, 24.8449192047, 27.3888473511, 30.0332279205, 14.4648208618, 7.29829645157, 9.41508197784, 2.42948460579, 0.817272007465, 0.624899089336, 0.449400812387, 0.121286183596, 0.0233999546617, 0.0151905529201, 0.00563867902383, 0.00232289242558, 0.00113339466043, 0.000553254736587, 0.0002833622857, 0.000117482290079, 3.8638132537e-05, 2.42139813054e-05, 4.04626116506e-05],
        "dvar": [0.0180289037526, 8.80130195618, 56.366733551, 34.3657913208, 1965.2545166, 322.893920898, 4.5409040451, 2.06062316895, 0.682791173458, 2.48007512093, 1414.94543457, 447.925354004, 370.215148926, 25.9250984192, 175.795288086, 50.0038833618, 6.13801240921, 94.8315200806, 422.577880859, 322.884155273, 543.937927246, 273.903594971, 46.8475074768, 50.4148750305, 3.67503786087, 0.771607160568, 0.240023076534, 0.134404301643, 0.00869852118194, 0.000711472472176, 0.00035300134914, 0.000209143647226, 0.000105905790406, 5.26654948771e-05, 2.12634186028e-05, 6.75157798469e-06, 1.46520903854e-06, 1.8619896025e-07, 9.63436619372e-09, 3.30471983112e-10],
        "dvar2": [0.0534304119647, 27.9620571136, 173.089508057, 95.8844146729, 5279.61914062, 970.065673828, 12.6670484543, 6.28783512115, 1.86992049217, 5.76883220673, 3902.68676758, 1265.81640625, 1035.40893555, 65.6624526978, 480.939605713, 124.896881104, 10.7750415802, 208.659667969, 775.095214844, 839.061706543, 1610.96057129, 763.930175781, 109.44783783, 123.013076782, 8.23801612854, 2.11050891876, 0.640364289284, 0.247641742229, 0.0193130653352, 0.0010473994771, 0.00046094096615, 0.000234026272665, 0.000108579799416, 5.30939214514e-05, 2.1381645638e-05, 6.79165032125e-06, 1.47006562656e-06, 1.86884875575e-07, 9.79831948911e-09, 9.17086184771e-10],
        "max": [0.904298186302, 16.0782318115, 45.2964286804, 62.0842628479, 328.869812012, 115.778686523, 19.7929420471, 11.7904348373, 7.83888673782, 20.9290103912, 276.702880859, 139.414749146, 150.477142334, 39.970035553, 157.692703247, 71.9013137817, 41.2460861206, 136.438095093, 288.882080078, 151.725387573, 235.139923096, 224.435089111, 89.0634155273, 100.857429504, 27.2499294281, 13.5846538544, 5.82704591751, 4.81388187408, 1.18826794624, 0.382578521967, 0.267481893301, 0.221448123455, 0.155720442533, 0.108897544444, 0.068643078208, 0.0389065146446, 0.0180662628263, 0.00642889877781, 0.0014931045007, 0.000186989505892],
        "mean": [0.161088004708, 3.53145599365, 9.66591835022, 10.5923471451, 73.3105926514, 27.4878826141, 3.64484763145, 1.95256590843, 1.70572602749, 2.953769207, 48.693271637, 27.8868350983, 24.5041389465, 9.00658226013, 12.3953504562, 11.1371479034, 3.11360406876, 12.0818386078, 38.1814842224, 37.2297019958, 28.4324798584, 17.4995689392, 11.6527433395, 16.4946365356, 4.20415496826, 1.40238571167, 0.98201328516, 0.840822696686, 0.240071758628, 0.0373750180006, 0.012514622882, 0.0074900938198, 0.00371693982743, 0.00169282767456, 0.000652499496937, 0.000365273677744, 0.000131107328343, 4.29130486737e-05, 3.35426266247e-05, 5.53623431188e-05],
        "median": [0.102525673807, 2.51399517059, 6.79595470428, 9.04696273804, 56.9772491455, 21.3789749146, 2.93433570862, 1.61297678947, 1.44786787033, 2.2902841568, 25.8322906494, 16.6601924896, 16.6236152649, 7.68419075012, 8.99606323242, 7.70751810074, 2.46042227745, 8.84013557434, 25.1352882385, 31.4877796173, 21.2701263428, 10.6076803207, 9.45776557922, 13.0478916168, 3.31062316895, 1.03325152397, 0.750260055065, 0.575470209122, 0.188381075859, 0.0284443423152, 0.00854822527617, 0.005226415582, 0.00246345903724, 0.000974096939899, 0.000230316989473, 0.000137058581458, 2.88921437459e-05, 7.50079834688e-06, 2.60162123595e-05, 5.5379645346e-05],
        "min": [0.00439515244216, 0.0305600743741, 0.441450744867, 0.916408717632, 1.22471892834, 1.31206071377, 0.328580141068, 0.164693310857, 0.124469868839, 0.24484808743, 1.44950842857, 1.42946505547, 1.35491645336, 0.98336571455, 0.653070271015, 1.15164732933, 0.79347717762, 1.81770455837, 4.01879930496, 4.70989847183, 3.88046622276, 2.40025520325, 1.98696243763, 2.53498864174, 0.541812717915, 0.270786195993, 0.131587579846, 0.131228789687, 0.0387894846499, 0.00674214912578, 0.00147073203698, 0.00108239997644, 0.000573975499719, 0.000267205090495, 6.97462528478e-05, 3.64805709978e-05, 1.0980758816e-05, 3.26456893163e-06, 7.27774659026e-06, 1.29419913719e-05],
        "var": [0.0246062856168, 10.1160039902, 70.7896575928, 49.1629333496, 3686.89453125, 463.543487549, 6.66477251053, 2.30154204369, 1.54536294937, 6.2467546463, 2778.81933594, 706.042785645, 545.831665039, 41.862613678, 197.145050049, 116.819084167, 12.1981992722, 186.495742798, 1425.3338623, 702.110290527, 757.875, 579.325927734, 87.9682846069, 170.730438232, 11.2363214493, 1.55823040009, 0.732403039932, 0.532613456249, 0.0318499691784, 0.0011911742622, 0.000390428293031, 0.000234792460105, 0.000110908840725, 5.36755069334e-05, 2.13049479498e-05, 6.77487241774e-06, 1.46611648688e-06, 1.85619455806e-07, 9.69839319964e-09, 4.29532881485e-10]
    },
    "gfcc": {
        "mean": [-54.9181632996, 191.294448853, -149.094009399, 46.5002098083, -6.49564218521, -11.7722892761, -7.92608213425, -3.79411864281, -7.99359989166, -24.7880554199, -26.7419452667, -26.0627346039, 0.328573018312],
        "cov": [[455.780395508, -94.7496871948, -106.676239014, -69.6156768799, -142.764572144, -39.9178199768, -49.9529380798, -35.2316856384, -74.8045425415, -24.1059570312, -31.9776039124, -12.3117637634, -20.4291629791], [-94.7496871948, 130.935745239, 17.458190918, 5.47331285477, 58.4436035156, -7.90589952469, 42.5347099304, 12.9272098541, 30.6051044464, -3.11280536652, 13.6470975876, -3.39152693748, 21.4287071228], [-106.676239014, 17.458190918, 143.734603882, 16.0528335571, 48.0852851868, 26.612203598, 14.2324085236, 5.29262685776, 18.8464279175, 6.33285140991, 0.565946638584, 1.01291394234, 0.267241328955], [-69.6156768799, 5.47331285477, 16.0528335571, 84.5028991699, 66.2456588745, 16.7029209137, 17.1511268616, 2.94691872597, 25.1413841248, 15.6931362152, 20.2030735016, 10.2018413544, 10.6753358841], [-142.764572144, 58.4436035156, 48.0852851868, 66.2456588745, 169.438400269, 41.7602233887, 18.7136096954, 14.9849720001, 42.2200202942, 25.509563446, 40.0628128052, 27.6536178589, 20.314704895], [-39.9178199768, -7.90589952469, 26.612203598, 16.7029209137, 41.7602233887, 51.57056427, 16.2633895874, 5.03773403168, 10.0388069153, 9.23431396484, 15.1238088608, 8.67138957977, 2.97279500961], [-49.9529380798, 42.5347099304, 14.2324085236, 17.1511268616, 18.7136096954, 16.2633895874, 75.8881607056, 34.9326629639, 21.3470115662, 9.01270294189, 9.00786972046, -11.680683136, 8.67484951019], [-35.2316856384, 12.9272098541, 5.29262685776, 2.94691872597, 14.9849720001, 5.03773403168, 34.9326629639, 50.8195915222, 31.3415222168, 17.7311153412, 8.72795772552, 1.32557535172, 3.87841749191], [-74.8045425415, 30.6051044464, 18.8464279175, 25.1413841248, 42.2200202942, 10.0388069153, 21.3470115662, 31.3415222168, 56.540725708, 30.5611629486, 12.326374054, 0.615014374256, 3.31526446342], [-24.1059570312, -3.11280536652, 6.33285140991, 15.6931362152, 25.509563446, 9.23431396484, 9.01270294189, 17.7311153412, 30.5611629486, 48.7392501831, 18.9983711243, 3.04329681396, -0.0483393520117], [-31.9776039124, 13.6470975876, 0.565946638584, 20.2030735016, 40.0628128052, 15.1238088608, 9.00786972046, 8.72795772552, 12.326374054, 18.9983711243, 35.2533111572, 18.4688644409, 3.8214366436], [-12.3117637634, -3.39152693748, 1.01291394234, 10.2018413544, 27.6536178589, 8.67138957977, -11.680683136, 1.32557535172, 0.615014374256, 3.04329681396, 18.4688644409, 42.4438858032, 16.5206737518], [-20.4291629791, 21.4287071228, 0.267241328955, 10.6753358841, 20.314704895, 2.97279500961, 8.67484951019, 3.87841749191, 3.31526446342, -0.0483393520117, 3.8214366436, 16.5206737518, 31.9053936005]],
        "icov": [[0.00392082519829, 0.00107936270069, 0.00185497337952, 0.000939860357903, 0.00117196899373, 0.000408427033108, 1.97331373784e-05, 0.000254478974966, 0.00312423589639, -0.00162205402739, 0.000936617027037, -0.0003868129279, 0.000396025745431], [0.00107936270069, 0.0339820496738, -0.00103131507058, 0.0205373838544, -0.0137837827206, 0.024200245738, -0.0233196169138, 0.0251856613904, -0.0303907971829, 0.0216928236187, -0.0240845531225, 0.0117984721437, -0.0192288160324], [0.00185497337952, -0.00103131507058, 0.0096911676228, 0.000117162082461, -0.00142345577478, -0.00405465904623, -0.000793142593466, 0.0006944424822, 0.000880863401107, -0.00219534616917, 0.00711455335841, -0.00263817398809, 0.00359446019866], [0.000939860357903, 0.0205373838544, 0.000117162082461, 0.0322502329946, -0.0137256206945, 0.0157645810395, -0.0194148290902, 0.0244105868042, -0.0253325998783, 0.0125704007223, -0.0173718780279, 0.00571655575186, -0.0126296188682], [0.00117196899373, -0.0137837827206, -0.00142345577478, -0.0137256206945, 0.0201223120093, -0.0150197483599, 0.0125581445172, -0.010329422541, 0.00759690301493, -0.00644668983296, 2.02957908186e-05, -0.0043100360781, 0.00247106724419], [0.000408427033108, 0.024200245738, -0.00405465904623, 0.0157645810395, -0.0150197483599, 0.0456638857722, -0.0243004336953, 0.0224294960499, -0.0206946246326, 0.0135434865952, -0.0206228736788, 0.00327174505219, -0.00909690465778], [1.97331373784e-05, -0.0233196169138, -0.000793142593466, -0.0194148290902, 0.0125581445172, -0.0243004336953, 0.0467142574489, -0.0391145534813, 0.0246031284332, -0.0092557342723, 0.00392594700679, 0.0127272224054, -0.00113164482173], [0.000254478974966, 0.0251856613904, 0.0006944424822, 0.0244105868042, -0.010329422541, 0.0224294960499, -0.0391145534813, 0.0670390203595, -0.0461337417364, 0.0130574824288, -0.0155748343095, -0.00452178530395, -0.00893290434033], [0.00312423589639, -0.0303907971829, 0.000880863401107, -0.0253325998783, 0.00759690301493, -0.0206946246326, 0.0246031284332, -0.0461337417364, 0.0776497274637, -0.0403506159782, 0.0305957049131, -0.00674484018236, 0.018588675186], [-0.00162205402739, 0.0216928236187, -0.00219534616917, 0.0125704007223, -0.00644668983296, 0.0135434865952, -0.0092557342723, 0.0130574824288, -0.0403506159782, 0.0543379671872, -0.0383698493242, 0.0162074845284, -0.0155451335013], [0.000936617027037, -0.0240845531225, 0.00711455335841, -0.0173718780279, 2.02957908186e-05, -0.0206228736788, 0.00392594700679, -0.0155748343095, 0.0305957049131, -0.0383698493242, 0.0876517221332, -0.0403274744749, 0.0324090160429], [-0.0003868129279, 0.0117984721437, -0.00263817398809, 0.00571655575186, -0.0043100360781, 0.00327174505219, 0.0127272224054, -0.00452178530395, -0.00674484018236, 0.0162074845284, -0.0403274744749, 0.0592205263674, -0.03564279899], [0.000396025745431, -0.0192288160324, 0.00359446019866, -0.0126296188682, 0.00247106724419, -0.00909690465778, -0.00113164482173, -0.00893290434033, 0.018588675186, -0.0155451335013, 0.0324090160429, -0.03564279899, 0.0619934946299]]
    },
    "melbands": {
        "dmean": [0.00200893334113, 0.00397528987378, 0.0023491512984, 0.00278250523843, 0.000105006067315, 2.79173164017e-05, 1.31482838697e-05, 1.54688968905e-05, 0.000357478391379, 0.000104493912659, 9.21637547435e-05, 2.54829101323e-05, 2.05092565011e-05, 2.86848717224e-05, 5.6397248045e-06, 4.55650706499e-06, 1.34413876367e-05, 3.15917422995e-05, 1.99353653443e-05, 3.01878862956e-05, 1.89398724615e-05, 9.21588798519e-06, 5.8818859543e-06, 5.51545235794e-06, 5.17117405252e-06, 1.26084955809e-06, 9.93697085505e-07, 2.78010361399e-07, 1.92072590721e-07, 2.44294739105e-07, 1.61325587555e-07, 5.27253476434e-08, 2.00719814103e-08, 7.49140571799e-09, 6.28922736112e-09, 3.40298433876e-09, 2.00754168844e-09, 1.42661138458e-09, 9.50540757216e-10, 7.67899077658e-10],
        "dmean2": [0.00358029315248, 0.00708664022386, 0.00397567870095, 0.00477954791859, 0.000178644273547, 5.0262449804e-05, 2.12291215576e-05, 2.57219962805e-05, 0.000610246672295, 0.000179996248335, 0.000154915978783, 4.35774745711e-05, 3.66920939996e-05, 4.7451856517e-05, 8.97564314073e-06, 7.54357643018e-06, 2.36851483351e-05, 4.81782553834e-05, 3.18987804349e-05, 5.20244502695e-05, 3.16850237141e-05, 1.5787754819e-05, 9.93996036414e-06, 8.87655733095e-06, 8.40987104311e-06, 2.10288521885e-06, 1.53779524226e-06, 4.6503916451e-07, 3.22014130916e-07, 4.21428012487e-07, 2.4939615173e-07, 8.351442915e-08, 3.01620026733e-08, 1.26801777967e-08, 1.08406892352e-08, 5.41092992634e-09, 2.81449841211e-09, 1.970059893e-09, 1.23132504193e-09, 9.60636126202e-10],
        "dvar": [4.57649639429e-06, 1.44571768033e-05, 4.3149357225e-06, 6.89919761498e-06, 9.40556077467e-09, 9.69230251613e-10, 1.86966331306e-10, 2.3664314952e-10, 1.46680804392e-07, 1.20653451674e-08, 1.0013304852e-08, 6.93869350865e-10, 1.98860572453e-09, 1.32216315674e-09, 6.0480412345e-11, 1.29951577277e-10, 6.2160387948e-10, 1.72093128636e-09, 4.78459327713e-10, 1.08271047683e-09, 7.88819565223e-10, 3.70007718908e-10, 7.91971280223e-11, 3.56893056774e-11, 4.75045836001e-11, 3.35332217723e-12, 1.75563979587e-12, 3.06210406423e-13, 6.74296366356e-14, 9.0293292049e-14, 4.47021671795e-14, 4.28590243333e-15, 8.39234314909e-16, 1.77384223681e-16, 1.32796488747e-16, 9.52423830576e-17, 7.16854438824e-17, 5.28014398934e-17, 4.2501433228e-17, 3.57342256233e-17],
        "dvar2": [1.4458773876e-05, 4.6202687372e-05, 1.2463812709e-05, 1.92905790755e-05, 2.76104170638e-08, 2.93198176848e-09, 4.83429463127e-10, 6.00044514076e-10, 4.02416787892e-07, 3.42462520564e-08, 2.76492837514e-08, 1.76886960634e-09, 5.48537437695e-09, 3.33103988837e-09, 1.2172052255e-10, 2.47717540924e-10, 1.73571046425e-09, 3.13588843781e-09, 1.24857124639e-09, 2.93296431586e-09, 2.34805286325e-09, 1.04456743255e-09, 1.84809959003e-10, 8.31708174553e-11, 1.20442725238e-10, 8.37573933821e-12, 4.30702825835e-12, 8.76446322202e-13, 1.9071480777e-13, 2.18452575365e-13, 8.38105423278e-14, 1.06467001624e-14, 1.49630678297e-15, 2.55836402021e-16, 1.99254257037e-16, 1.14330058766e-16, 7.75600475056e-17, 5.46194075175e-17, 4.31936907565e-17, 3.58703630086e-17],
        "max": [0.013412874192, 0.0213577803224, 0.0145661216229, 0.018172878772, 0.000928044435568, 0.000252762867603, 0.000143665267387, 0.000189528785995, 0.00267889397219, 0.000730175408535, 0.000783801835496, 0.000209959442145, 0.000551148608793, 0.000390012573916, 0.000109571148641, 0.000162505966728, 0.000282244378468, 0.000567647919524, 0.000243971022428, 0.000275170721579, 0.000251813558862, 0.000237109459704, 0.000108059255581, 5.42531270185e-05, 9.75550574367e-05, 2.53399866779e-05, 1.23244872157e-05, 8.28962674859e-06, 2.96554571833e-06, 4.12074132328e-06, 2.47128173214e-06, 7.63721402564e-07, 2.90111728418e-07, 1.83834643508e-07, 1.54667418428e-07, 1.42154817695e-07, 1.32463100044e-07, 1.10101602502e-07, 9.79248326871e-08, 8.95618441632e-08],
        "mean": [0.00255019264296, 0.00511362031102, 0.00392330763862, 0.00418473826721, 0.000156867972692, 4.22200500907e-05, 2.61803415924e-05, 2.45931605605e-05, 0.000488811114337, 0.000141467040521, 0.000123396064737, 4.14216992795e-05, 3.09537572321e-05, 5.05695643369e-05, 1.12936768346e-05, 7.04271360519e-06, 2.20492729568e-05, 6.41840670141e-05, 5.35846265848e-05, 4.9018595746e-05, 2.89624676952e-05, 1.70703024196e-05, 1.21699858937e-05, 1.42970002344e-05, 1.38822606459e-05, 2.91918172479e-06, 2.21394134314e-06, 6.64381161641e-07, 5.4645875025e-07, 6.23063385774e-07, 4.38553712456e-07, 1.46476722307e-07, 4.88455569325e-08, 1.01127577423e-08, 7.21554771488e-09, 5.34747890413e-09, 4.19862011825e-09, 2.82838374943e-09, 1.76506298466e-09, 1.26055310634e-09],
        "median": [0.00170377548784, 0.00389945902862, 0.00316414283589, 0.0030629937537, 0.000126368700876, 3.49134788848e-05, 2.11317747016e-05, 1.77127367351e-05, 0.000258913787547, 8.98068101378e-05, 8.35363607621e-05, 3.37463570759e-05, 2.16426524275e-05, 2.99172643281e-05, 8.65034417075e-06, 4.2936680984e-06, 1.57081649377e-05, 4.0474209527e-05, 4.2871619371e-05, 3.69557164959e-05, 1.95317898033e-05, 1.04176051536e-05, 7.92118862591e-06, 1.1064008504e-05, 1.08182630356e-05, 2.32385673371e-06, 1.64285484061e-06, 4.96981101605e-07, 4.19583471967e-07, 4.51371761301e-07, 2.98372015095e-07, 1.2030695018e-07, 3.28087637058e-08, 6.8004339937e-09, 4.57544135912e-09, 3.82679932187e-09, 2.86697399154e-09, 1.89422788566e-09, 1.05011699336e-09, 6.8034466949e-10],
        "min": [4.34725443483e-05, 0.00020841602236, 0.000290354626486, 0.000117021503684, 1.58715411089e-05, 3.05549542645e-06, 1.57491672326e-06, 2.37651966017e-06, 1.41274122143e-05, 8.08899494587e-06, 5.84811823501e-06, 3.97895610149e-06, 1.97397025659e-06, 3.1081265206e-06, 5.47331922007e-07, 4.91706259709e-07, 2.62462413048e-06, 4.49179287898e-06, 4.16565990236e-06, 5.95688197791e-06, 4.10026086684e-06, 2.20971583076e-06, 1.30657247155e-06, 1.19425169487e-06, 2.01390162147e-06, 3.32777744916e-07, 1.64266282354e-07, 1.25174963728e-07, 6.63316228611e-08, 8.19102226046e-08, 4.67031782136e-08, 2.24743779142e-08, 6.79077283294e-09, 1.21232157646e-09, 6.29865271051e-10, 7.36037786275e-10, 6.19611584263e-10, 3.71734920623e-10, 2.81942358349e-10, 1.73663194936e-10],
        "var": [5.66682228964e-06, 1.80714396265e-05, 6.72470105201e-06, 1.19273117889e-05, 1.26789974075e-08, 1.10528508568e-09, 4.32568203479e-10, 5.47112743998e-10, 2.8007471542e-07, 1.76844690003e-08, 1.4425272532e-08, 1.0558857122e-09, 1.69519964732e-09, 3.30300164997e-09, 1.19757273542e-10, 1.74973716072e-10, 8.22450163529e-10, 5.17745490924e-09, 1.7721125678e-09, 1.69260949701e-09, 1.11004827552e-09, 6.18959827836e-10, 2.1412695228e-10, 1.15901337139e-10, 1.29889501932e-10, 7.02428176388e-12, 4.11239011594e-12, 4.83505488251e-13, 2.00865393112e-13, 3.09742899732e-13, 1.57992380029e-13, 1.19212585902e-14, 2.13002909378e-15, 2.02397358076e-16, 1.40179677901e-16, 1.03968198843e-16, 8.21249131991e-17, 5.58676859276e-17, 4.3297243843e-17, 3.64663499486e-17]
    },
    "mfcc": {
        "mean": [-688.91027832, 207.594024658, -53.4077529907, 62.3824729919, 16.4974327087, 12.345369339, 7.57491254807, 13.4866189957, 23.7295799255, 4.77920866013, -1.97774875164, -14.3897438049, -19.3448295593],
        "cov": [[508.201873779, -87.1518554688, -90.0929718018, -47.3175697327, -139.054550171, -40.33644104, -52.6824302673, -25.238653183, -65.8523788452, -31.3339138031, -58.7480392456, -18.621295929, -45.5039253235], [-87.1518554688, 128.897155762, 1.86572313309, 7.56236457825, 29.1269645691, -9.2210149765, 24.824590683, 7.68939828873, 34.1179084778, -0.254769980907, 11.6415758133, 10.1003046036, 11.6627616882], [-90.0929718018, 1.86572313309, 104.506668091, -4.43335962296, -1.18391001225, 12.4421253204, 0.614876627922, 11.2513847351, 4.71202850342, 11.3101854324, 5.13434505463, -6.765645504, -2.76407432556], [-47.3175697327, 7.56236457825, -4.43335962296, 69.8202438354, 35.1486549377, 14.1045274734, 14.2654342651, 1.00695216656, 18.5508518219, 8.63240718842, 17.6558074951, 4.88307857513, 9.46162319183], [-139.054550171, 29.1269645691, -1.18391001225, 35.1486549377, 139.238296509, 43.5474205017, 14.4736385345, 2.26767134666, 12.1905317307, 1.41982412338, 12.9740934372, 32.3863792419, 47.0938491821], [-40.33644104, -9.2210149765, 12.4421253204, 14.1045274734, 43.5474205017, 57.1506767273, 18.6754932404, 3.42402219772, -1.14076209068, 5.32157993317, 6.2226858139, 5.48775196075, 10.770157814], [-52.6824302673, 24.824590683, 0.614876627922, 14.2654342651, 14.4736385345, 18.6754932404, 59.039188385, 14.6407403946, 18.2621803284, 12.6027822495, 12.5875148773, 3.65725564957, 10.2676029205], [-25.238653183, 7.68939828873, 11.2513847351, 1.00695216656, 2.26767134666, 3.42402219772, 14.6407403946, 41.1325149536, 11.8061685562, 3.41736483574, -1.66850090027, -7.69726037979, 6.21848487854], [-65.8523788452, 34.1179084778, 4.71202850342, 18.5508518219, 12.1905317307, -1.14076209068, 18.2621803284, 11.8061685562, 55.8978691101, 20.08335495, 17.7296466827, 2.63274002075, 6.20905685425], [-31.3339138031, -0.254769980907, 11.3101854324, 8.63240718842, 1.41982412338, 5.32157993317, 12.6027822495, 3.41736483574, 20.08335495, 48.724609375, 30.6166858673, -2.32393097878, 2.08696627617], [-58.7480392456, 11.6415758133, 5.13434505463, 17.6558074951, 12.9740934372, 6.2226858139, 12.5875148773, -1.66850090027, 17.7296466827, 30.6166858673, 54.1773262024, 11.5337057114, 5.38229990005], [-18.621295929, 10.1003046036, -6.765645504, 4.88307857513, 32.3863792419, 5.48775196075, 3.65725564957, -7.69726037979, 2.63274002075, -2.32393097878, 11.5337057114, 42.5969657898, 26.0020904541], [-45.5039253235, 11.6627616882, -2.76407432556, 9.46162319183, 47.0938491821, 10.770157814, 10.2676029205, 6.21848487854, 6.20905685425, 2.08696627617, 5.38229990005, 26.0020904541, 56.7755393982]],
