{
"lowlevel": {
    "average_loudness": 0.982575535774,
    "barkbands_crest": {
        "dmean": 3.69197010994,
        "dmean2": 6.29430055618,
        "dvar": 8.03291416168,
        "dvar2": 21.9969120026,
        "max": 23.3516712189,
        "mean": 14.5213756561,
        "median": 14.6191930771,
        "min": 5.72937870026,
        "var": 14.0647220612
    },
    "barkbands_flatness_db": {
        "dmean": 0.0384092740715,
        "dmean2": 0.0653888657689,
        "dvar": 0.00091727898689,
        "dvar2": 0.00242351018824,
        "max": 0.367146909237,
        "mean": 0.25552329421,
        "median": 0.255221843719,
        "min": 0.0556997656822,
        "var": 0.0018718856154
    },
    "barkbands_kurtosis": {
        "dmean": 11.5469427109,
        "dmean2": 19.2434959412,
        "dvar": 114.4506073,
        "dvar2": 310.529876709,
        "max": 101.802490234,
        "mean": 18.7141628265,
        "median": 15.3161392212,
        "min": -1.20903515816,
        "var": 205.51071167
    },
    "barkbands_skewness": {
        "dmean": 1.11296629906,
        "dmean2": 1.83833253384,
        "dvar": 0.795952796936,
        "dvar2": 2.22583675385,
        "max": 8.31477928162,
        "mean": 3.67870092392,
        "median": 3.46669316292,
        "min": 0.470500141382,
        "var": 1.61626458168
    },
    "barkbands_spread": {
        "dmean": 4.60102462769,
        "dmean2": 7.88776636124,
        "dvar": 21.965045929,
        "dvar2": 57.5929069519,
        "max": 33.8590888977,
        "mean": 8.52123260498,
        "median": 7.0029258728,
        "min": 1.26455283165,
        "var": 32.0609817505
    },
    "dissonance": {
        "dmean": 0.0120425643399,
        "dmean2": 0.0198492575437,
        "dvar": 0.000151205676957,
        "dvar2": 0.000329620903358,
        "max": 0.499149680138,
        "mean": 0.476378291845,
        "median": 0.477874189615,
        "min": 0.309597998857,
        "var": 0.000196174689336
    },
    "dynamic_complexity": 0.841890156269,
    "erbbands_crest": {
        "dmean": 3.84450101852,
        "dmean2": 6.80147218704,
        "dvar": 11.3020009995,
        "dvar2": 33.5835952759,
        "max": 21.9375019073,
        "mean": 9.09555435181,
        "median": 8.41552352905,
        "min": 3.81448411942,
        "var": 14.1481685638
    },
    "erbbands_flatness_db": {
        "dmean": 0.015306035988,
        "dmean2": 0.026742534712,
        "dvar": 0.000183551557711,
        "dvar2": 0.000491545943078,
        "max": 0.25146856904,
        "mean": 0.198437467217,
        "median": 0.197808787227,
        "min": 0.113248609006,
        "var": 0.000235748433624
    },
    "erbbands_kurtosis": {
        "dmean": 0.659723699093,
        "dmean2": 1.18174874783,
        "dvar": 0.606709122658,
        "dvar2": 1.72693800926,
        "max": 3.23886919022,
        "mean": -0.944245874882,
        "median": -1.15011906624,
        "min": -1.80129647255,
        "var": 0.513597071171
    },
    "erbbands_skewness": {
        "dmean": 0.600719630718,
        "dmean2": 1.02763855457,
        "dvar": 0.233116611838,
        "dvar2": 0.666455805302,
        "max": 2.09268260002,
        "mean": 0.195898324251,
        "median": 0.138862073421,
        "min": -1.33364832401,
        "var": 0.381239563227
    },
    "erbbands_spread": {
        "dmean": 10.3513126373,
        "dmean2": 17.3753890991,
        "dvar": 69.0375595093,
        "dvar2": 211.424468994,
        "max": 86.221786499,
        "mean": 56.0032577515,
        "median": 57.0237350464,
        "min": 22.4212474823,
        "var": 117.419799805
    },
    "hfc": {
        "dmean": 4.07044363022,
        "dmean2": 6.48943424225,
        "dvar": 14.2715511322,
        "dvar2": 34.6448860168,
        "max": 45.6410636902,
        "mean": 16.3967342377,
        "median": 15.2959518433,
        "min": 1.12081027031,
        "var": 40.9985733032
    },
    "melbands_crest": {
        "dmean": 3.89013814926,
        "dmean2": 6.43578958511,
        "dvar": 9.00737285614,
        "dvar2": 27.5116386414,
        "max": 28.5095024109,
        "mean": 18.499628067,
        "median": 18.3252258301,
        "min": 8.18457317352,
        "var": 16.7304191589
    },
    "melbands_flatness_db": {
        "dmean": 0.0436661019921,
        "dmean2": 0.074093811214,
        "dvar": 0.00121126568411,
        "dvar2": 0.00311921932735,
        "max": 0.47583258152,
        "mean": 0.351370066404,
        "median": 0.352482140064,
        "min": 0.124161653221,
        "var": 0.00263399793766
    },
    "melbands_kurtosis": {
        "dmean": 30.0625972748,
        "dmean2": 50.9401359558,
        "dvar": 667.053710938,
        "dvar2": 1797.98840332,
        "max": 197.646362305,
        "mean": 57.7068786621,
        "median": 49.5018730164,
        "min": 1.25823974609,
        "var": 1236.17456055
    },
    "melbands_skewness": {
        "dmean": 1.56842136383,
        "dmean2": 2.61344265938,
        "dvar": 1.5041757822,
        "dvar2": 4.22044897079,
        "max": 11.1981744766,
        "mean": 6.10590696335,
        "median": 5.95946264267,
        "min": 1.54597592354,
        "var": 2.96692347527
    },
    "melbands_spread": {
        "dmean": 3.56209421158,
        "dmean2": 6.0937461853,
        "dvar": 18.8607711792,
        "dvar2": 46.9891853333,
        "max": 36.2464027405,
        "mean": 5.91813230515,
        "median": 4.54054260254,
        "min": 0.849656879902,
        "var": 24.8729610443
    },
    "pitch_salience": {
        "dmean": 0.113092698157,
        "dmean2": 0.194682836533,
        "dvar": 0.00796319637448,
        "dvar2": 0.0227688644081,
        "max": 0.810764670372,
        "mean": 0.438178360462,
        "median": 0.461578696966,
        "min": 0.140019103885,
        "var": 0.0128524163738
    },
    "silence_rate_20dB": {
        "dmean": 0,
        "dmean2": 0,
        "dvar": 0,
        "dvar2": 0,
        "max": 1,
        "mean": 1,
        "median": 1,
        "min": 1,
        "var": 0
    },
    "silence_rate_30dB": {
        "dmean": 0.115151517093,
        "dmean2": 0.231003046036,
        "dvar": 0.101891674101,
        "dvar2": 0.268825650215,
        "max": 1,
        "mean": 0.903323233128,
        "median": 1,
        "min": 0,
        "var": 0.0873303189874
    },
    "silence_rate_60dB": {
        "dmean": 0,
        "dmean2": 0,
        "dvar": 0,
        "dvar2": 0,
        "max": 0,
        "mean": 0,
        "median": 0,
        "min": 0,
        "var": 0
    },
    "spectral_centroid": {
        "dmean": 309.201690674,
        "dmean2": 526.470581055,
        "dvar": 71874.2578125,
        "dvar2": 201068.078125,
        "max": 2120.65917969,
        "mean": 734.05267334,
        "median": 669.143493652,
        "min": 258.90814209,
        "var": 109630.789062
    },
    "spectral_complexity": {
        "dmean": 3.7909090519,
        "dmean2": 5.978723526,
        "dvar": 10.9896087646,
        "dvar2": 23.7168617249,
        "max": 41,
        "mean": 19.1570987701,
        "median": 19,
        "min": 2,
        "var": 41.7034072876
    },
    "spectral_decrease": {
        "dmean": 7.87680320968e-09,
        "dmean2": 1.38098190661e-08,
        "dvar": 3.36669259103e-17,
        "dvar2": 9.73137359557e-17,
        "max": -2.40143710473e-10,
        "mean": -1.99244851729e-08,
        "median": -2.03396570697e-08,
        "min": -3.81578892927e-08,
        "var": 5.21555508014e-17
    },
    "spectral_energy": {
        "dmean": 0.0299708098173,
        "dmean2": 0.0525284968317,
        "dvar": 0.000487355020596,
        "dvar2": 0.0014100415865,
        "max": 0.147112160921,
        "mean": 0.076686732471,
        "median": 0.0787276700139,
        "min": 0.00100801908411,
        "var": 0.000756583351176
    },
    "spectral_energyband_high": {
        "dmean": 0.000103638740256,
        "dmean2": 0.000179895258043,
        "dvar": 1.68110450005e-08,
        "dvar2": 4.68056491343e-08,
        "max": 0.00101945106871,
        "mean": 0.000190856677364,
        "median": 0.000144294972415,
        "min": 2.14669125853e-05,
        "var": 2.43492177532e-08
    },
    "spectral_energyband_low": {
        "dmean": 0.0275948848575,
        "dmean2": 0.0482362173498,
        "dvar": 0.000477011490148,
        "dvar2": 0.00138355093077,
        "max": 0.136574208736,
        "mean": 0.0499386563897,
        "median": 0.0440313592553,
        "min": 7.61062692618e-05,
        "var": 0.000915665936191
    },
    "spectral_energyband_middle_high": {
        "dmean": 0.00137915625237,
        "dmean2": 0.00215743831359,
        "dvar": 2.92520121548e-06,
        "dvar2": 6.35303968011e-06,
        "max": 0.0196167752147,
        "mean": 0.00337032251991,
        "median": 0.00258600106463,
        "min": 0.000325772823999,
        "var": 7.5761113294e-06
    },
    "spectral_energyband_middle_low": {
        "dmean": 0.0180851221085,
        "dmean2": 0.0317007414997,
        "dvar": 0.000327083660522,
        "dvar2": 0.000898733793292,
        "max": 0.137335389853,
        "mean": 0.0244848877192,
        "median": 0.0181091930717,
        "min": 0.000537234707735,
        "var": 0.000410509353969
    },
    "spectral_entropy": {
        "dmean": 0.247049346566,
        "dmean2": 0.4217017591,
        "dvar": 0.0410519167781,
        "dvar2": 0.113192848861,
        "max": 8.61831951141,
        "mean": 7.14850997925,
        "median": 7.16966247559,
        "min": 6.33958625793,
        "var": 0.0638295486569
    },
    "spectral_flux": {
        "dmean": 0.0472307465971,
        "dmean2": 0.0797449871898,
        "dvar": 0.00137190381065,
        "dvar2": 0.00365022942424,
        "max": 0.290043473244,
        "mean": 0.142103612423,
        "median": 0.136745080352,
        "min": 0.0528651252389,
        "var": 0.00222649681382
    },
    "spectral_kurtosis": {
        "dmean": 3.55942463875,
        "dmean2": 6.36456823349,
        "dvar": 7.66264152527,
        "dvar2": 25.3400306702,
        "max": 15.5877437592,
        "mean": 5.15800523758,
        "median": 4.78038597107,
        "min": 0.321799278259,
        "var": 9.758934021
    },
    "spectral_rms": {
        "dmean": 0.00178682676051,
        "dmean2": 0.00311481999233,
        "dvar": 1.91068170352e-06,
        "dvar2": 5.33753063792e-06,
        "max": 0.0119801526889,
        "mean": 0.00848121568561,
        "median": 0.008763987571,
        "min": 0.000991682056338,
        "var": 2.88527712655e-06
    },
    "spectral_rolloff": {
        "dmean": 147.600234985,
        "dmean2": 266.252441406,
        "dvar": 93754.4375,
        "dvar2": 232640.359375,
        "max": 2002.58789062,
        "mean": 268.286376953,
        "median": 193.798828125,
        "min": 86.1328125,
        "var": 87589.2578125
    },
    "spectral_skewness": {
        "dmean": 0.365792632103,
        "dmean2": 0.649160802364,
        "dvar": 0.0846186205745,
        "dvar2": 0.270846754313,
        "max": 3.10733819008,
        "mean": 1.24057650566,
        "median": 1.20621979237,
        "min": 0.455864906311,
        "var": 0.127070993185
    },
    "spectral_spread": {
        "dmean": 285632.28125,
        "dmean2": 439675.21875,
        "dvar": 707082256384,
        "dvar2": 361201467392,
        "max": 22785996,
        "mean": 2886186.25,
        "median": 2782583,
        "min": 1986133.125,
        "var": 1.38313269248e+12
    },
    "spectral_strongpeak": {
        "dmean": 0.35646340251,
        "dmean2": 0.600301504135,
        "dvar": 0.0757641270757,
        "dvar2": 0.211402967572,
        "max": 2.20270013809,
        "mean": 0.830738902092,
        "median": 0.763773977757,
        "min": 0.0161914955825,
        "var": 0.140877515078
    },
    "zerocrossingrate": {
        "dmean": 0.00535037880763,
        "dmean2": 0.00754832336679,
        "dvar": 2.60478682321e-05,
        "dvar2": 4.76400637126e-05,
        "max": 0.05126953125,
        "mean": 0.0201522968709,
        "median": 0.01904296875,
        "min": 0.0048828125,
        "var": 6.98671210557e-05
    },
    "barkbands": {
        "dmean": [7.83805735409e-05, 0.0232351142913, 0.00739075988531, 0.00547734508291, 0.0140355676413, 0.00032147121965, 0.000324400753016, 0.000134469213663, 0.000224588671699, 0.000487876299303, 0.000392370158806, 0.000176879984792, 2.59676362475e-05, 0.0002094447118, 0.000164277953445, 0.000377442425815, 0.000223520808504, 9.26517313928e-05, 0.000117251816846, 5.27772608621e-05, 7.31994441594e-05, 5.90797435507e-06, 3.1920899346e-07, 5.58599765554e-07, 1.28723712578e-07, 5.55035022387e-08, 1.46160568093e-08],
        "dmean2": [0.000123203091789, 0.0404978953302, 0.0121309524402, 0.00931920297444, 0.0248136818409, 0.000538999389391, 0.000554667785764, 0.000240172317717, 0.000387730804505, 0.00081873300951, 0.000693788344506, 0.000292285199976, 4.41461634182e-05, 0.000346990243997, 0.000269140786259, 0.000659322540741, 0.000377009797376, 0.000152619933942, 0.0001937555935, 8.81560845301e-05, 0.000128566112835, 9.81754237728e-06, 5.39476218364e-07, 9.68973836279e-07, 2.309331677e-07, 9.32424271127e-08, 2.66177089259e-08],
        "dvar": [1.4358820799e-08, 0.000345303880749, 3.23683634633e-05, 2.39115524892e-05, 0.000211574748391, 8.21990866484e-08, 2.64189196741e-07, 2.94918560684e-08, 5.98271654439e-08, 4.81603194658e-07, 8.80847608187e-07, 9.85133823406e-08, 1.76641890004e-09, 1.07429528384e-07, 5.36301030252e-08, 2.43001068156e-07, 1.10821112287e-07, 1.0925708338e-08, 2.27891909788e-08, 3.66468166924e-09, 9.05270347573e-09, 4.21540059803e-11, 2.00290169649e-13, 3.03650008783e-12, 2.14691085005e-13, 2.10911881493e-14, 2.10213452006e-14],
        "dvar2": [2.80490404236e-08, 0.000970611523371, 8.85936096893e-05, 6.2296683609e-05, 0.000589734350797, 2.43831152602e-07, 7.24007122699e-07, 8.18383014689e-08, 1.6624441912e-07, 1.40560007367e-06, 2.62510297944e-06, 2.58277253806e-07, 4.87667550786e-09, 2.82139069441e-07, 1.45192601053e-07, 6.97110010606e-07, 2.63393360456e-07, 2.76799401178e-08, 5.51819248074e-08, 8.96623486568e-09, 2.48815030801e-08, 1.0432053138e-10, 4.91394847989e-13, 9.27457850103e-12, 6.31846625802e-13, 4.70832106755e-14, 4.22687533304e-14],
        "max": [0.00124658772256, 0.104245632887, 0.0477911159396, 0.0315400473773, 0.106712713838, 0.00179569679312, 0.00564491003752, 0.00131599977612, 0.00170727155637, 0.00577965425327, 0.00847564544529, 0.00318806082942, 0.000446383841336, 0.00408612424508, 0.00271250866354, 0.00366524700075, 0.00461451616138, 0.00101460237056, 0.00160016980954, 0.000524215225596, 0.000835277081933, 8.30572971608e-05, 5.42669476999e-06, 2.32314450841e-05, 5.97707594352e-06, 2.83643339571e-06, 2.65583798864e-06],
        "mean": [0.000102154401247, 0.0367913246155, 0.0118014365435, 0.00643765600398, 0.016517855227, 0.000469181570224, 0.000465877645183, 0.000179445545655, 0.000305762427161, 0.000596073397901, 0.000468125916086, 0.00025069154799, 4.12122608395e-05, 0.000317044206895, 0.000277255719993, 0.000570472620893, 0.000416543683968, 0.000206707263715, 0.000234442646615, 0.00010904064402, 0.000114967311674, 1.13925852929e-05, 7.72650707859e-07, 9.93984031084e-07, 2.43936341349e-07, 1.68508762499e-07, 3.85141056825e-08],
        "median": [5.02635812154e-05, 0.0326856970787, 0.00963290035725, 0.00475629605353, 0.0116100022569, 0.000378333294066, 0.00027580949245, 0.000121948658489, 0.000215734879021, 0.000335508142598, 0.000181184528628, 0.000134787638672, 2.84264515358e-05, 0.000223106704652, 0.000189012949704, 0.00038259284338, 0.000286351918476, 0.000165951103554, 0.000173048363649, 8.19873239379e-05, 8.1695317931e-05, 8.32937985251e-06, 5.98885605996e-07, 6.95359176461e-07, 1.72160213197e-07, 1.33687706239e-07, 1.94118445762e-08],
        "min": [3.99935231599e-07, 3.56059099431e-05, 2.95590530186e-06, 4.64360637125e-05, 0.000213742139749, 1.70822986547e-05, 3.34366486641e-05, 5.58380725124e-06, 2.14323881664e-05, 3.06287111016e-05, 5.67156575926e-06, 1.11691169877e-05, 3.54602934749e-06, 2.01683760679e-05, 1.30443477246e-05, 4.43752978754e-05, 9.21309674595e-06, 4.19183470513e-06, 2.18264631258e-05, 9.20118236536e-06, 1.31999286168e-05, 1.08864219328e-06, 1.11904753908e-07, 1.40174122976e-07, 3.88935639251e-08, 3.05401037792e-08, 7.40258254694e-09],
        "var": [2.12327151417e-08, 0.000637359102257, 8.27402982395e-05, 3.46067427017e-05, 0.000260844244622, 1.1686562118e-07, 3.54720754103e-07, 3.48731390432e-08, 7.54785460799e-08, 5.71478267375e-07, 8.10823735264e-07, 1.15048038651e-07, 2.15321183106e-09, 1.24432233406e-07, 8.16173866269e-08, 3.24183503153e-07, 2.55897987245e-07, 2.34565060708e-08, 4.66574476832e-08, 7.63728280617e-09, 1.08267572685e-08, 8.96265908712e-11, 3.39747219073e-13, 2.0807914853e-12, 1.57284816139e-13, 4.52454236187e-14, 4.15502898201e-14]
    },
    "erbbands": {
        "dmean": [0.279958128929, 6.34757566452, 12.0442962646, 7.89363288879, 62.9497108459, 24.294172287, 2.95594120026, 3.0158135891, 2.34680247307, 6.15618228912, 3.9764726162, 4.53334760666, 8.53331947327, 16.6796321869, 16.3306980133, 6.13658761978, 1.22104001045, 6.47620153427, 10.1553640366, 12.8092784882, 19.9498748779, 12.9708995819, 5.24558544159, 7.8419713974, 3.22041320801, 2.96367573738, 2.50139284134, 2.22173857689, 0.30065703392, 0.0420033559203, 0.0109922261909, 0.0148084340617, 0.00616018287838, 0.00273543735966, 0.000376604759367, 0.000338079000358, 7.97084867372e-05, 1.13916903501e-05, 1.41880564115e-05, 3.23308740917e-05],
        "dmean2": [0.488134682178, 11.0596084595, 20.6225814819, 13.3069162369, 110.911880493, 42.1379737854, 5.18336629868, 5.08836317062, 3.92681598663, 10.8072118759, 6.84189033508, 7.73458719254, 14.5292415619, 28.4356422424, 28.5041618347, 10.3077716827, 2.08394622803, 10.8590888977, 17.057888031, 21.3055934906, 35.0290298462, 22.0433139801, 8.37340354919, 12.9956703186, 5.35486316681, 5.0084271431, 4.3988366127, 3.85937309265, 0.504373133183, 0.069641508162, 0.0186838619411, 0.025642182678, 0.0104445451871, 0.0048534902744, 0.00064917007694, 0.000577779544983, 0.000135289767059, 2.0183289962e-05, 2.49188087764e-05, 5.67061251786e-05],
        "dvar": [0.0632992163301, 25.8869762421, 91.9065246582, 44.1501579285, 4038.37036133, 600.5625, 8.28171920776, 7.73189878464, 7.31609487534, 108.30821228, 27.6900062561, 21.6815299988, 236.690002441, 594.130187988, 1399.16943359, 103.652816772, 6.2611823082, 213.74446106, 152.662979126, 358.555267334, 710.859924316, 368.906311035, 35.8004226685, 103.430328369, 18.9571552277, 13.3391780853, 9.4069776535, 8.87035274506, 0.111597836018, 0.00333109125495, 0.000343313848134, 0.00307434727438, 0.00011595304386, 9.28715817281e-05, 1.25074006974e-06, 3.93911847141e-07, 7.11201835202e-08, 8.19798096074e-09, 4.71576389049e-10, 5.66568236771e-10],
        "dvar2": [0.174283191562, 72.9784622192, 261.400177002, 119.814483643, 11268.2353516, 1722.64013672, 22.7366981506, 23.6039600372, 16.8969345093, 307.67565918, 76.6604385376, 61.4110298157, 631.138671875, 1782.46411133, 4160.87304688, 270.193634033, 17.8086605072, 574.310058594, 415.580078125, 902.195495605, 1947.79345703, 917.829528809, 75.1752319336, 270.280426025, 38.5997962952, 33.9861755371, 25.5710601807, 24.5697956085, 0.284509718418, 0.00910898111761, 0.000935433490667, 0.00929099041969, 0.000356743606972, 0.000280403910438, 3.00305737255e-06, 9.23085565319e-07, 1.57767658493e-07, 1.68137699319e-08, 1.038083286e-09, 1.64275304471e-09],
        "max": [1.68998551369, 27.8172168732, 71.9243392944, 45.0357589722, 484.782836914, 154.757751465, 20.5102424622, 17.9382915497, 25.5853919983, 111.276733398, 46.6502761841, 32.4860420227, 195.58795166, 197.60043335, 353.841278076, 95.6190948486, 34.3282775879, 211.238128662, 123.063827515, 179.439453125, 213.181274414, 270.302947998, 63.0892906189, 85.8685684204, 69.6981277466, 33.7768707275, 25.3187637329, 27.3324279785, 4.06782674789, 0.721318304539, 0.216132953763, 0.747417330742, 0.124475441873, 0.127223432064, 0.0197992976755, 0.0118296444416, 0.00508306641132, 0.00165410258342, 0.000403645652113, 0.000162290598382],
        "mean": [0.411629527807, 10.1034488678, 20.4138641357, 12.6720991135, 70.8521118164, 30.974155426, 4.5916800499, 4.34873056412, 4.26840257645, 8.06000709534, 5.45780420303, 6.35163497925, 10.6370096207, 21.6338863373, 20.4230709076, 8.96670055389, 2.34403538704, 9.94105625153, 17.768781662, 20.3266124725, 30.8713645935, 24.8483028412, 13.1334848404, 14.6299686432, 7.22753477097, 5.7900185585, 4.37082481384, 3.44765543938, 0.58402556181, 0.0831566303968, 0.025702657178, 0.0250913389027, 0.0120763750747, 0.0046803355217, 0.00100363488309, 0.000999776064418, 0.000257776031503, 2.66623592324e-05, 4.01461838919e-05, 8.4920808149e-05],
        "median": [0.353978633881, 9.1315870285, 17.2602500916, 10.8040981293, 47.6183319092, 22.2469806671, 3.93378376961, 3.37822651863, 3.283462286, 4.25460195541, 3.64200472832, 4.4856967926, 6.79609155655, 10.6993074417, 9.26522731781, 5.00126552582, 1.67892968655, 7.02966403961, 12.7588129044, 12.7146253586, 21.3648891449, 18.020608902, 10.2618350983, 10.7141466141, 5.13928699493, 4.26330804825, 3.17661046982, 2.4714114666, 0.441879034042, 0.0661167725921, 0.019931960851, 0.0174841322005, 0.00925939995795, 0.00335776433349, 0.000745812838431, 0.000834317936096, 0.000190329708857, 1.37161923703e-05, 3.88371190638e-05, 8.68848364917e-05],
        "min": [0.00189848651644, 0.00499853258952, 0.00462490832433, 0.0788750201464, 0.444418996572, 0.785995841026, 0.71281927824, 0.233889818192, 0.419516146183, 0.454800993204, 0.300869435072, 0.56170886755, 0.979894816875, 0.737129986286, 0.353404790163, 0.468891322613, 0.266891717911, 0.706356465816, 1.16871452332, 1.66459584236, 1.63802242279, 0.546200096607, 0.312137037516, 0.643327534199, 0.463011115789, 0.514400422573, 0.510928273201, 0.412654131651, 0.0639163702726, 0.0107350172475, 0.00414838641882, 0.0025246036239, 0.00170929322485, 0.000676541763823, 0.000220539790462, 0.000193191546714, 4.82848336105e-05, 4.80937660541e-06, 9.1938618425e-06, 1.42329045048e-05],
        "var": [0.0955338105559, 47.8808555603, 196.891677856, 62.6484718323, 4933.28271484, 760.592407227, 9.6307964325, 10.8973913193, 12.7639579773, 147.070404053, 32.0720367432, 29.2368564606, 208.582443237, 783.965942383, 1305.59338379, 134.657073975, 6.55723381042, 192.05909729, 247.972427368, 508.383117676, 920.089782715, 824.671264648, 103.631195068, 168.148544312, 50.9735832214, 24.9342365265, 13.4717798233, 9.78345870972, 0.214247018099, 0.00468796724454, 0.00044334854465, 0.00196709437296, 0.00012258120114, 5.99202030571e-05, 2.2324325073e-06, 8.59811564169e-07, 1.4616087185e-07, 1.59464725868e-08, 8.80310269125e-10, 8.67380334224e-10]
    },
    "gfcc": {
        "mean": [-31.1482543945, 170.632278442, -129.828903198, 64.9803695679, -10.628033638, -8.73253059387, -7.55369710922, -2.13510870934, -16.6944522858, -13.7702970505, -20.6067810059, -13.0878801346, 7.127617836],
        "cov": [[539.742492676, -47.0815048218, -212.119720459, -50.2295265198, -86.6012039185, 8.02569007874, -19.9227104187, 4.00391530991, -42.1252326965, -2.18762493134, -20.9073963165, 3.78035545349, -15.764673233], [-47.0815048218, 162.098358154, 51.9372749329, -18.5507793427, 66.8288040161, -1.37705147266, 42.6950454712, -0.50790053606, 23.7078151703, -7.53516387939, 31.8634033203, 7.80357170105, 12.857749939], [-212.119720459, 51.9372749329, 206.026092529, 44.7976531982, 43.8818778992, -16.0479373932, 8.49266338348, -20.5359477997, 21.3419322968, 0.0521076545119, 19.1244621277, -5.66835021973, 8.69635105133], [-50.2295265198, -18.5507793427, 44.7976531982, 89.1819152832, 23.6970672607, -12.9872646332, -9.63349056244, -9.8510351181, 9.25449562073, -4.69738006592, -8.0953578949, -15.2018527985, -2.22353100777], [-86.6012039185, 66.8288040161, 43.8818778992, 23.6970672607, 113.190719604, 25.9115123749, 30.1812801361, 7.39373588562, 30.034658432, -0.629330515862, 29.225446701, 9.80782032013, 12.0916566849], [8.02569007874, -1.37705147266, -16.0479373932, -12.9872646332, 25.9115123749, 60.3436393738, 27.0931167603, 18.7138175964, 14.0022354126, 7.30879211426, 20.449420929, 10.8776578903, 13.6208658218], [-19.9227104187, 42.6950454712, 8.49266338348, -9.63349056244, 30.1812801361, 27.0931167603, 66.5661849976, 20.7312145233, 17.9751167297, 9.29520702362, 12.7392930984, 14.6428251266, 13.1263608932], [4.00391530991, -0.50790053606, -20.5359477997, -9.8510351181, 7.39373588562, 18.7138175964, 20.7312145233, 54.6355361938, 32.3779335022, 9.52621650696, 18.2904853821, 9.79372024536, 3.44978356361], [-42.1252326965, 23.7078151703, 21.3419322968, 9.25449562073, 30.034658432, 14.0022354126, 17.9751167297, 32.3779335022, 59.7045860291, 30.9286193848, 23.6154079437, 5.03651428223, 2.47303628922], [-2.18762493134, -7.53516387939, 0.0521076545119, -4.69738006592, -0.629330515862, 7.30879211426, 9.29520702362, 9.52621650696, 30.9286193848, 50.9553756714, 18.4802284241, 6.05699682236, -2.89408135414], [-20.9073963165, 31.8634033203, 19.1244621277, -8.0953578949, 29.225446701, 20.449420929, 12.7392930984, 18.2904853821, 23.6154079437, 18.4802284241, 58.038269043, 19.4489707947, 5.5878739357], [3.78035545349, 7.80357170105, -5.66835021973, -15.2018527985, 9.80782032013, 10.8776578903, 14.6428251266, 9.79372024536, 5.03651428223, 6.05699682236, 19.4489707947, 37.8600158691, 14.9180545807], [-15.764673233, 12.857749939, 8.69635105133, -2.22353100777, 12.0916566849, 13.6208658218, 13.1263608932, 3.44978356361, 2.47303628922, -2.89408135414, 5.5878739357, 14.9180545807, 27.9336833954]],
        "icov": [[0.00352851720527, -0.00167180399876, 0.00345116551034, -0.00117699149996, 0.00231051980518, -0.00154710840434, 0.000744805147406, 0.000125532227685, 0.00148389069363, -0.000797027896624, -8.06950192782e-05, -0.000982127618045, 0.00130821298808], [-0.00167180399876, 0.0194726567715, -0.00107940484304, 0.0101782567799, -0.00768789788708, 0.0139796352014, -0.0136239379644, 0.0126038240269, -0.0151187134907, 0.0139091676101, -0.0121113024652, 0.00878653023392, -0.00689392071217], [0.00345116551034, -0.00107940484304, 0.0110278353095, -0.00298018171452, 0.00187495327555, 0.0025533279404, -0.00224710255861, 0.00689838454127, -0.00473004113883, 0.00285015022382, -0.00514610623941, 0.00195109087508, -0.00237703253515], [-0.00117699149996, 0.0101782567799, -0.00298018171452, 0.0206635706127, -0.0078020459041, 0.00942404102534, -0.00452858954668, 0.00755291851237, -0.0114729152992, 0.00816656090319, -0.00335853197612, 0.0089053362608, -0.00502164894715], [0.00231051980518, -0.00768789788708, 0.00187495327555, -0.0078020459041, 0.0203621666878, -0.00967799406499, -0.000430422369391, 0.00390318897553, -0.00579496053979, 0.00436456827447, -0.0023557136301, -0.00484888162464, 0.00328912050463], [-0.00154710840434, 0.0139796352014, 0.0025533279404, 0.00942404102534, -0.00967799406499, 0.0373438969254, -0.01608604379, 0.00594858638942, -0.00986971426755, 0.00849072262645, -0.0156262740493, 0.0122745903209, -0.016224283725], [0.000744805147406, -0.0136239379644, -0.00224710255861, -0.00452858954668, -0.000430422369391, -0.01608604379, 0.033480387181, -0.0176297016442, 0.0139118041843, -0.0152997849509, 0.0145432483405, -0.0104956263676, 0.00138419121504], [0.000125532227685, 0.0126038240269, 0.00689838454127, 0.00755291851237, 0.00390318897553, 0.00594858638942, -0.0176297016442, 0.0520159117877, -0.0420362353325, 0.0264129526913, -0.0167336836457, 0.00271000433713, -0.00164851499721], [0.00148389069363, -0.0151187134907, -0.00473004113883, -0.0114729152992, -0.00579496053979, -0.00986971426755, 0.0139118041843, -0.0420362353325, 0.0683424323797, -0.0417462177575, 0.0111881047487, -0.00171409302857, 0.0026327224914], [-0.000797027896624, 0.0139091676101, 0.00285015022382, 0.00816656090319, 0.00436456827447, 0.00849072262645, -0.0152997849509, 0.0264129526913, -0.0417462177575, 0.0508229471743, -0.0180449262261, 0.00227193557657, 0.00216650473885], [-8.06950192782e-05, -0.0121113024652, -0.00514610623941, -0.00335853197612, -0.0023557136301, -0.0156262740493, 0.0145432483405, -0.0167336836457, 0.0111881047487, -0.0180449262261, 0.0405017957091, -0.0191613975912, 0.0100069800392], [-0.000982127618045, 0.00878653023392, 0.00195109087508, 0.0089053362608, -0.00484888162464, 0.0122745903209, -0.0104956263676, 0.00271000433713, -0.00171409302857, 0.00227193557657, -0.0191613975912, 0.0496381781995, -0.0260754190385], [0.00130821298808, -0.00689392071217, -0.00237703253515, -0.00502164894715, 0.00328912050463, -0.016224283725, 0.00138419121504, -0.00164851499721, 0.0026327224914, 0.00216650473885, 0.0100069800392, -0.0260754190385, 0.0580067113042]]
    },
    "melbands": {
        "dmean": [0.00451942812651, 0.00740378396586, 0.00309651880525, 0.00355928810313, 0.000141928103403, 6.3254214183e-05, 4.61321214971e-05, 5.67618772038e-05, 3.86907195207e-05, 2.75706188404e-05, 4.43190438091e-05, 6.97648210917e-05, 6.08729824307e-05, 2.73199530056e-05, 4.60557748738e-06, 4.94023652209e-06, 1.3319453501e-05, 1.87577134056e-05, 1.4517992895e-05, 2.13994608202e-05, 2.46861800406e-05, 1.3409499843e-05, 9.49708464759e-06, 4.27532086178e-06, 7.22348204363e-06, 3.20006029142e-06, 1.79415656021e-06, 2.18046852751e-06, 8.626987551e-07, 3.20137587551e-06, 6.03025569035e-07, 1.91013327822e-07, 6.63206591867e-08, 8.20750400976e-09, 5.69955993512e-09, 9.23990572943e-09, 8.78689920825e-09, 4.07551548065e-09, 4.6017660793e-09, 1.69599712052e-09],
        "dmean2": [0.0078412014991, 0.0127360941842, 0.00533961039037, 0.00626512337476, 0.000248715281487, 0.000106822983071, 7.79017645982e-05, 9.99380936264e-05, 6.6421853262e-05, 4.71079874842e-05, 7.56727094995e-05, 0.000119171687402, 0.000107362924609, 4.6355628001e-05, 8.11034260551e-06, 8.7317021098e-06, 2.20084439206e-05, 3.13634664053e-05, 2.40526715061e-05, 3.74254741473e-05, 4.35833899246e-05, 2.32337388297e-05, 1.50462828969e-05, 7.07572053216e-06, 1.20366667034e-05, 5.25632322024e-06, 2.93265657092e-06, 3.72282761418e-06, 1.49221602896e-06, 5.58510555493e-06, 1.02315414097e-06, 3.16641518339e-07, 1.13001028978e-07, 1.38938931471e-08, 9.60623758317e-09, 1.56336135149e-08, 1.55180952532e-08, 6.81967593508e-09, 8.10847122779e-09, 2.99893998523e-09],
        "dvar": [1.34230704134e-05, 3.39478356182e-05, 7.88553461462e-06, 1.34233059725e-05, 1.55597632556e-08, 3.31746452531e-09, 3.70654129611e-09, 8.92628282401e-09, 2.5847937124e-09, 8.44800618349e-10, 6.25390539355e-09, 1.07099316082e-08, 2.24524256964e-08, 2.22100049463e-09, 4.12484525703e-11, 1.97916835698e-10, 7.04177660626e-10, 4.78412365279e-10, 4.32812341522e-10, 8.39585734269e-10, 1.13866371887e-09, 3.9020647824e-10, 1.64664393232e-10, 2.98480337668e-11, 8.89240417412e-11, 2.2847817388e-11, 3.67940703946e-12, 7.54387351198e-12, 1.00957556117e-12, 1.67473118706e-11, 7.24849650788e-13, 4.98810384273e-14, 7.78053379239e-15, 1.6636157218e-16, 5.68696597298e-17, 9.47301637056e-16, 8.4800147649e-16, 3.2906607961e-17, 1.06511190274e-16, 4.55355581847e-17],
        "dvar2": [3.71684000129e-05, 0.000102637510281, 2.17651268031e-05, 3.74206938432e-05, 4.01860233978e-08, 9.99523575018e-09, 9.31465038434e-09, 2.5349397248e-08, 7.16116899113e-09, 2.36231967321e-09, 1.67651084126e-08, 3.23824345116e-08, 6.7159966477e-08, 5.85710990819e-09, 1.14368119142e-10, 5.65098079441e-10, 1.86950610548e-09, 1.26436838777e-09, 1.12278730757e-09, 2.27680740927e-09, 3.04589820033e-09, 9.86499326672e-10, 3.56013246661e-10, 8.25531795701e-11, 2.31444974297e-10, 4.87675073935e-11, 8.58414294508e-12, 2.03710746188e-11, 2.72228507098e-12, 4.74636267789e-11, 2.01692612264e-12, 1.26734411268e-13, 2.11118167897e-14, 4.55558247714e-16, 1.49215693034e-16, 2.83856326031e-15, 2.55753466907e-15, 9.58648530122e-17, 3.32223183163e-16, 1.35305307692e-16],
        "max": [0.0231237970293, 0.0400087721646, 0.0216004513204, 0.0265504643321, 0.000897526973858, 0.000373394403141, 0.000637710443698, 0.00100630824454, 0.000447953934781, 0.000188471982256, 0.000991365290247, 0.000832766352687, 0.00136663659941, 0.000472111452837, 5.67987663089e-05, 0.000190500359167, 0.000377094256692, 0.000187821715372, 0.000221918700845, 0.000223532158998, 0.000288283423288, 0.000273706711596, 0.000179289985681, 4.9555903388e-05, 7.82443967182e-05, 7.39621391403e-05, 2.02955125133e-05, 2.60112847172e-05, 8.0914960563e-06, 3.30706025125e-05, 8.05072068033e-06, 3.14198609885e-06, 9.54787196861e-07, 1.39316014724e-07, 8.18811187742e-08, 4.12504135738e-07, 3.90083471302e-07, 5.4269335692e-08, 1.26277797108e-07, 8.96162006825e-08],
        "mean": [0.00711789354682, 0.0125255156308, 0.00418053474277, 0.00428459746763, 0.000202054885449, 9.11317474674e-05, 7.7098266047e-05, 7.46609221096e-05, 5.03130795551e-05, 3.82218713639e-05, 5.36716033821e-05, 8.77877901075e-05, 7.22727709217e-05, 3.74532100977e-05, 7.27291126168e-06, 6.89652961228e-06, 2.01140355784e-05, 3.06915280817e-05, 2.37957447098e-05, 3.12753581966e-05, 3.63530452887e-05, 2.45779901888e-05, 1.92615625565e-05, 8.83509437699e-06, 1.25344804474e-05, 6.21228537057e-06, 3.6596488826e-06, 3.88233684134e-06, 1.6551389308e-06, 4.63940295958e-06, 9.7738166005e-07, 3.41525293379e-07, 1.11392324698e-07, 1.68017653124e-08, 1.24881482932e-08, 1.61382782693e-08, 1.44451757222e-08, 8.54915782611e-09, 6.75274280937e-09, 2.93329516232e-09],
        "median": [0.0062618968077, 0.0111862467602, 0.00338614871725, 0.00306504196487, 0.000167777398019, 7.23088232917e-05, 5.49554970348e-05, 4.11339351558e-05, 3.23859785567e-05, 2.64978298219e-05, 3.41787963407e-05, 4.35250512965e-05, 2.83739755105e-05, 1.91579238162e-05, 4.81183087686e-06, 4.57389160147e-06, 1.39864077937e-05, 2.1096522687e-05, 1.66458648891e-05, 2.06129752769e-05, 2.45488899964e-05, 1.79243234015e-05, 1.32431141537e-05, 6.91208424541e-06, 8.55415964907e-06, 4.09740096075e-06, 2.91531659968e-06, 2.7368771498e-06, 1.23069105484e-06, 3.10553787131e-06, 7.0972072308e-07, 2.49438187438e-07, 8.09538818203e-08, 1.33503439415e-08, 9.59463708483e-09, 1.15429283909e-08, 9.52545686772e-09, 6.49493792082e-09, 4.65869698374e-09, 1.95217442212e-09],
        "min": [1.57065242092e-05, 3.43767260347e-06, 2.2913032808e-05, 4.74479456898e-05, 2.2099184207e-05, 3.55837050847e-06, 6.86060093358e-06, 3.80853657589e-06, 2.20226729652e-06, 3.32781974066e-06, 4.68495909445e-06, 3.32190757035e-06, 9.58826944952e-07, 1.30399951104e-06, 6.54589939586e-07, 3.58834000735e-07, 1.34233698645e-06, 2.03500303542e-06, 1.05542449091e-06, 2.50673861046e-06, 1.65798769558e-06, 5.74239209072e-07, 2.79376564549e-07, 2.52693268976e-07, 4.78206061416e-07, 3.31526479158e-07, 2.41928944433e-07, 3.31158645395e-07, 1.93259182879e-07, 4.44293306145e-07, 1.41513254448e-07, 3.48727624555e-08, 9.02486796406e-09, 2.17302154049e-09, 1.51929435699e-09, 2.18530105123e-09, 1.11719700158e-09, 1.15801868095e-09, 6.46939724014e-10, 4.0602590734e-10],
        "var": [2.45474257099e-05, 6.62651073071e-05, 1.01856912806e-05, 1.67952912307e-05, 2.15785771474e-08, 4.69698857586e-09, 5.49979128905e-09, 1.20892655886e-08, 2.85195445038e-09, 1.12192100055e-09, 5.42073141929e-09, 1.36468427669e-08, 1.99882688179e-08, 2.64239008452e-09, 5.76133966923e-11, 1.44265932533e-10, 6.86343704093e-10, 7.9231338157e-10, 6.08389116863e-10, 1.09064812737e-09, 1.40599532017e-09, 8.3070000878e-10, 4.31171709447e-10, 4.68163945111e-11, 1.38874078903e-10, 5.53853213292e-11, 8.38546853482e-12, 1.28526850621e-11, 1.68839031298e-12, 1.98721664124e-11, 7.44697543648e-13, 9.48445355998e-14, 1.06160850035e-14, 2.06814026091e-16, 9.42913701987e-17, 6.4662542839e-16, 5.61357109749e-16, 4.71162143085e-17, 7.82906332749e-17, 2.9794761114e-17]
    },
    "mfcc": {
        "mean": [-669.344299316, 186.57244873, -34.5851898193, 76.7967910767, 15.3793869019, 16.4926548004, 14.4983053207, 8.37933063507, 22.0085926056, -0.534243583679, -9.87569236755, -1.12386548519, -10.7568750381],
        "cov": [[710.35760498, -98.7520294189, -180.467590332, -97.5734786987, -96.5228500366, -45.6054382324, -14.2881317139, -15.2478933334, -13.9336662292, -19.861825943, -28.299074173, -10.2647695541, 8.51889038086], [-98.7520294189, 198.512634277, 6.53096294403, 6.7886557579, 20.7014160156, 19.2708263397, 29.0725517273, 24.4620761871, 6.33087062836, -5.14670372009, 18.1150054932, 16.424659729, 23.704996109], [-180.467590332, 6.53096294403, 148.303237915, 44.2696647644, 16.6582565308, 5.31585645676, -7.24818134308, -12.2193479538, -5.93741607666, 2.91797471046, 1.86282408237, 4.44628667831, -8.84815311432], [-97.5734786987, 6.7886557579, 44.2696647644, 98.6953201294, 31.8819580078, 12.8948745728, -8.01000785828, -3.62386035919, 3.45965862274, 0.759309053421, 4.40417909622, 2.20075678825, -18.9047851562], [-96.5228500366, 20.7014160156, 16.6582565308, 31.8819580078, 86.2270812988, 18.5970458984, 7.42476844788, 11.9545621872, -2.14385843277, 9.48415470123, 11.0979194641, 9.0001373291, 11.2324609756], [-45.6054382324, 19.2708263397, 5.31585645676, 12.8948745728, 18.5970458984, 54.3116073608, 17.59375, 1.6012802124, 6.17658805847, 4.10941028595, 1.32570433617, 0.762918353081, 2.51289796829], [-14.2881317139, 29.0725517273, -7.24818134308, -8.01000785828, 7.42476844788, 17.59375, 46.5680084229, 22.1151924133, 4.2319817543, -2.35197281837, -1.67015767097, 1.49755227566, 13.1031370163], [-15.2478933334, 24.4620761871, -12.2193479538, -3.62386035919, 11.9545621872, 1.6012802124, 22.1151924133, 51.8483734131, 16.7877788544, -1.69741880894, -2.53401637077, 4.7511973381, 18.20038414], [-13.9336662292, 6.33087062836, -5.93741607666, 3.45965862274, -2.14385843277, 6.17658805847, 4.2319817543, 16.7877788544, 42.2790107727, 13.3108415604, 5.47094488144, 5.72020673752, 6.5761680603], [-19.861825943, -5.14670372009, 2.91797471046, 0.759309053421, 9.48415470123, 4.10941028595, -2.35197281837, -1.69741880894, 13.3108415604, 39.8556861877, 18.1813297272, 4.73374414444, 3.55752038956], [-28.299074173, 18.1150054932, 1.86282408237, 4.40417909622, 11.0979194641, 1.32570433617, -1.67015767097, -2.53401637077, 5.47094488144, 18.1813297272, 44.5900382996, 22.0935745239, 13.9482183456], [-10.2647695541, 16.424659729, 4.44628667831, 2.20075678825, 9.0001373291, 0.762918353081, 1.49755227566, 4.7511973381, 5.72020673752, 4.73374414444, 22.0935745239, 46.9435691833, 27.7874641418], [8.51889038086, 23.704996109, -8.84815311432, -18.9047851562, 11.2324609756, 2.51289796829, 13.1031370163, 18.20038414, 6.5761680603, 3.55752038956, 13.9482183456, 27.7874641418, 59.8221282959]],
