{
"lowlevel": {
    "average_loudness": 0.976807951927,
    "barkbands_crest": {
        "dmean": 2.5486395359,
        "dmean2": 4.37809085846,
        "dvar": 4.44158506393,
        "dvar2": 13.0897531509,
        "max": 23.8497428894,
        "mean": 15.3161783218,
        "median": 15.1740474701,
        "min": 5.69952392578,
        "var": 19.3896064758
    },
    "barkbands_flatness_db": {
        "dmean": 0.0178262591362,
        "dmean2": 0.0299936197698,
        "dvar": 0.000236354957451,
        "dvar2": 0.000711307511665,
        "max": 0.328907579184,
        "mean": 0.207153216004,
        "median": 0.20432305336,
        "min": 0.126613900065,
        "var": 0.00143739534542
    },
    "barkbands_kurtosis": {
        "dmean": 2.85554933548,
        "dmean2": 4.85737085342,
        "dvar": 7.52348279953,
        "dvar2": 19.0987625122,
        "max": 38.8056945801,
        "mean": 5.50251722336,
        "median": 4.05096054077,
        "min": -1.69132983685,
        "var": 39.5353775024
    },
    "barkbands_skewness": {
        "dmean": 0.521729469299,
        "dmean2": 0.883039474487,
        "dvar": 0.166055515409,
        "dvar2": 0.467233031988,
        "max": 5.54123163223,
        "mean": 2.19319701195,
        "median": 2.17632651329,
        "min": -0.226962089539,
        "var": 0.844240069389
    },
    "barkbands_spread": {
        "dmean": 3.76642155647,
        "dmean2": 6.38962507248,
        "dvar": 12.1558990479,
        "dvar2": 33.4846954346,
        "max": 38.5764770508,
        "mean": 15.6268434525,
        "median": 13.892291069,
        "min": 2.27784514427,
        "var": 65.9555969238
    },
    "dissonance": {
        "dmean": 0.00741847138852,
        "dmean2": 0.012513358146,
        "dvar": 3.74515911972e-05,
        "dvar2": 0.000104673221358,
        "max": 0.497650235891,
        "mean": 0.480127125978,
        "median": 0.481482714415,
        "min": 0.424526780844,
        "var": 8.58791099745e-05
    },
    "dynamic_complexity": 1.06435704231,
    "erbbands_crest": {
        "dmean": 2.05945777893,
        "dmean2": 3.49876618385,
        "dvar": 3.46637558937,
        "dvar2": 9.69380092621,
        "max": 26.3084201813,
        "mean": 10.7891893387,
        "median": 10.0333795547,
        "min": 4.09532356262,
        "var": 11.3285446167
    },
    "erbbands_flatness_db": {
        "dmean": 0.0114158233628,
        "dmean2": 0.0186072178185,
        "dvar": 8.23214795673e-05,
        "dvar2": 0.000212379352888,
        "max": 0.267518609762,
        "mean": 0.210598543286,
        "median": 0.208891049027,
        "min": 0.124552942812,
        "var": 0.000405230792239
    },
    "erbbands_kurtosis": {
        "dmean": 0.588191866875,
        "dmean2": 0.981935679913,
        "dvar": 0.707536697388,
        "dvar2": 1.74351227283,
        "max": 8.7191734314,
        "mean": -0.818247318268,
        "median": -1.41390645504,
        "min": -1.8418135643,
        "var": 1.92548012733
    },
    "erbbands_skewness": {
        "dmean": 0.343271970749,
        "dmean2": 0.564779043198,
        "dvar": 0.0775142535567,
        "dvar2": 0.191536322236,
        "max": 2.08180713654,
        "mean": -0.308930039406,
        "median": -0.297842353582,
        "min": -2.78913283348,
        "var": 0.616189956665
    },
    "erbbands_spread": {
        "dmean": 5.50179052353,
        "dmean2": 9.17534828186,
        "dvar": 25.1961536407,
        "dvar2": 64.2541427612,
        "max": 64.0471954346,
        "mean": 45.9500465393,
        "median": 48.7135467529,
        "min": 12.6970033646,
        "var": 94.7148132324
    },
    "hfc": {
        "dmean": 3.72817349434,
        "dmean2": 5.81903266907,
        "dvar": 10.3305768967,
        "dvar2": 25.5127258301,
        "max": 42.3967781067,
        "mean": 18.2937164307,
        "median": 17.489818573,
        "min": 6.56203842163,
        "var": 33.3589363098
    },
    "melbands_crest": {
        "dmean": 3.13188433647,
        "dmean2": 5.3518614769,
        "dvar": 5.83592891693,
        "dvar2": 17.7465343475,
        "max": 30.5609073639,
        "mean": 18.0439434052,
        "median": 17.3712444305,
        "min": 6.78804063797,
        "var": 26.5488052368
    },
    "melbands_flatness_db": {
        "dmean": 0.0215813778341,
        "dmean2": 0.0366971977055,
        "dvar": 0.000355133117409,
        "dvar2": 0.00105588010047,
        "max": 0.417053073645,
        "mean": 0.296425431967,
        "median": 0.295219093561,
        "min": 0.190900057554,
        "var": 0.00175320694689
    },
    "melbands_kurtosis": {
        "dmean": 7.50295257568,
        "dmean2": 12.6894111633,
        "dvar": 44.663848877,
        "dvar2": 118.110954285,
        "max": 95.4580459595,
        "mean": 20.3704319,
        "median": 17.5446624756,
        "min": -0.915940284729,
        "var": 231.031494141
    },
    "melbands_skewness": {
        "dmean": 0.733026027679,
        "dmean2": 1.24136948586,
        "dvar": 0.333411157131,
        "dvar2": 0.969485580921,
        "max": 8.23910713196,
        "mean": 3.94392681122,
        "median": 3.98842406273,
        "min": 0.87477594614,
        "var": 1.47831451893
    },
    "melbands_spread": {
        "dmean": 4.66058683395,
        "dmean2": 7.83734750748,
        "dvar": 26.5723247528,
        "dvar2": 77.0760955811,
        "max": 59.0697975159,
        "mean": 13.7974281311,
        "median": 11.0244989395,
        "min": 1.89597833157,
        "var": 78.7991333008
    },
    "pitch_salience": {
        "dmean": 0.0759600400925,
        "dmean2": 0.132866367698,
        "dvar": 0.00359147624113,
        "dvar2": 0.0106159085408,
        "max": 0.765919089317,
        "mean": 0.501508712769,
        "median": 0.511496782303,
        "min": 0.221760123968,
        "var": 0.0100431218743
    },
    "silence_rate_20dB": {
        "dmean": 0,
        "dmean2": 0,
        "dvar": 0,
        "dvar2": 0,
        "max": 1,
        "mean": 1,
        "median": 1,
        "min": 1,
        "var": 0
    },
    "silence_rate_30dB": {
        "dmean": 0,
        "dmean2": 0,
        "dvar": 0,
        "dvar2": 0,
        "max": 1,
        "mean": 1,
        "median": 1,
        "min": 1,
        "var": 0
    },
    "silence_rate_60dB": {
        "dmean": 0,
        "dmean2": 0,
        "dvar": 0,
        "dvar2": 0,
        "max": 0,
        "mean": 0,
        "median": 0,
        "min": 0,
        "var": 0
    },
    "spectral_centroid": {
        "dmean": 152.390991211,
        "dmean2": 258.768463135,
        "dvar": 20377.0917969,
        "dvar2": 54383.296875,
        "max": 1972.13562012,
        "mean": 834.15423584,
        "median": 759.94354248,
        "min": 277.798217773,
        "var": 127423.484375
    },
    "spectral_complexity": {
        "dmean": 2.75357151031,
        "dmean2": 4.39177083969,
        "dvar": 4.83927583694,
        "dvar2": 12.0486526489,
        "max": 39,
        "mean": 20.8074874878,
        "median": 21,
        "min": 4,
        "var": 23.2784347534
    },
    "spectral_decrease": {
        "dmean": 2.71816813502e-09,
        "dmean2": 4.67854244235e-09,
        "dvar": 4.62532887401e-18,
        "dvar2": 1.36625372145e-17,
        "max": -3.02709768363e-09,
        "mean": -1.12302611655e-08,
        "median": -1.1283414203e-08,
        "min": -2.26324914365e-08,
        "var": 1.19140825403e-17
    },
    "spectral_energy": {
        "dmean": 0.0104603804648,
        "dmean2": 0.0179861281067,
        "dvar": 6.82486934238e-05,
        "dvar2": 0.000201007351279,
        "max": 0.0877489447594,
        "mean": 0.0440447665751,
        "median": 0.0442695580423,
        "min": 0.0123718455434,
        "var": 0.000174120679731
    },
    "spectral_energyband_high": {
        "dmean": 1.46026677612e-05,
        "dmean2": 2.2825313863e-05,
        "dvar": 2.11752351764e-10,
        "dvar2": 4.48265563557e-10,
        "max": 0.00022901147895,
        "mean": 7.5340452895e-05,
        "median": 7.09908490535e-05,
        "min": 1.99141468329e-05,
        "var": 1.12503173444e-09
    },
    "spectral_energyband_low": {
        "dmean": 0.00637937290594,
        "dmean2": 0.011195294559,
        "dvar": 4.2733252485e-05,
        "dvar2": 0.00012473006791,
        "max": 0.044087536633,
        "mean": 0.00990552082658,
        "median": 0.00755876675248,
        "min": 0.000418959301896,
        "var": 5.89137525822e-05
    },
    "spectral_energyband_middle_high": {
        "dmean": 0.00147668260615,
        "dmean2": 0.00230202125385,
        "dvar": 2.36108235185e-06,
        "dvar2": 5.77953414904e-06,
        "max": 0.0185161139816,
        "mean": 0.00510840769857,
        "median": 0.00436946935952,
        "min": 0.000787610013504,
        "var": 8.17033469502e-06
    },
    "spectral_energyband_middle_low": {
        "dmean": 0.00822334177792,
        "dmean2": 0.0138631314039,
        "dvar": 4.78863003082e-05,
        "dvar2": 0.00013915640011,
        "max": 0.0807626545429,
        "mean": 0.0296525526792,
        "median": 0.027644680813,
        "min": 0.00292578176595,
        "var": 0.000227747194003
    },
    "spectral_entropy": {
        "dmean": 0.104137472808,
        "dmean2": 0.174022614956,
        "dvar": 0.00804998446256,
        "dvar2": 0.0228292811662,
        "max": 7.69093751907,
        "mean": 7.09581518173,
        "median": 7.13040876389,
        "min": 6.23637771606,
        "var": 0.0621602460742
    },
    "spectral_flux": {
        "dmean": 0.0184953175485,
        "dmean2": 0.0306525453925,
        "dvar": 0.00024469467462,
        "dvar2": 0.000654901261441,
        "max": 0.169054150581,
        "mean": 0.0881484895945,
        "median": 0.0851986184716,
        "min": 0.0363067090511,
        "var": 0.000519899302162
    },
    "spectral_kurtosis": {
        "dmean": 3.16509914398,
        "dmean2": 5.72986650467,
        "dvar": 6.5793466568,
        "dvar2": 20.9504337311,
        "max": 19.4291648865,
        "mean": 8.38147163391,
        "median": 7.59783840179,
        "min": 3.14608478546,
        "var": 10.0986948013
    },
    "spectral_rms": {
        "dmean": 0.000809390563518,
        "dmean2": 0.00139659969136,
        "dvar": 4.50131381058e-07,
        "dvar2": 1.33422906856e-06,
        "max": 0.00925249885768,
        "mean": 0.00647610099986,
        "median": 0.0065718954429,
        "min": 0.00347420410253,
        "var": 1.03063382539e-06
    },
    "spectral_rolloff": {
        "dmean": 344.377075195,
        "dmean2": 633.668701172,
        "dvar": 276520.96875,
        "dvar2": 731754.25,
        "max": 2347.11914062,
        "mean": 769.364746094,
        "median": 279.931640625,
        "min": 215.33203125,
        "var": 512584.09375
    },
    "spectral_skewness": {
        "dmean": 0.298761039972,
        "dmean2": 0.535513043404,
        "dvar": 0.0601858012378,
        "dvar2": 0.179073289037,
        "max": 3.33932590485,
        "mean": 1.69350397587,
        "median": 1.63505506516,
        "min": 1.09505391121,
        "var": 0.103004418314
    },
    "spectral_spread": {
        "dmean": 183193.953125,
        "dmean2": 302756.6875,
        "dvar": 119238688768,
        "dvar2": 149452374016,
        "max": 10353895,
        "mean": 2611024.5,
        "median": 2595598.25,
        "min": 1923299.625,
        "var": 153657458688
    },
    "spectral_strongpeak": {
        "dmean": 0.316928416491,
        "dmean2": 0.53299933672,
        "dvar": 0.204126760364,
        "dvar2": 0.56818562746,
        "max": 5.22744655609,
        "mean": 1.15114188194,
        "median": 1.15752518177,
        "min": 0.116568893194,
        "var": 0.403417617083
    },
    "zerocrossingrate": {
        "dmean": 0.00393676757812,
        "dmean2": 0.00517805246636,
        "dvar": 1.2672293451e-05,
        "dvar2": 2.31976773648e-05,
        "max": 0.06787109375,
        "mean": 0.0304788462818,
        "median": 0.02880859375,
        "min": 0.01025390625,
        "var": 0.000123728081235
    },
    "barkbands": {
        "dmean": [6.7949105869e-05, 0.00570728024468, 0.00112738879398, 0.00255578639917, 0.00688632018864, 0.00059436855372, 0.000202283801627, 0.000110865563329, 7.67560486565e-05, 2.96083453577e-05, 3.91738503822e-05, 2.17341166717e-05, 6.04575689067e-05, 0.000817268854007, 0.000441670272266, 0.000589979579672, 0.00036381292739, 0.000126076236484, 4.12655135733e-05, 9.6873000075e-06, 9.82058736554e-06, 4.3915747483e-06, 2.51268124885e-06, 6.57482587485e-07, 3.30230392365e-07, 2.96581816883e-07, 8.90023770239e-08],
        "dmean2": [0.000106505671283, 0.00985376816243, 0.00197306135669, 0.00457425834611, 0.0116783650592, 0.000980149372481, 0.000337691482855, 0.000192755702301, 0.000130162981804, 4.97403125337e-05, 6.83728430886e-05, 3.74995361199e-05, 0.000103874030174, 0.00140064524021, 0.000701319484506, 0.000974146125372, 0.000597058213316, 0.000215589927393, 6.79892254993e-05, 1.57851009135e-05, 1.60947292898e-05, 7.27810265744e-06, 4.5458536988e-06, 1.03015486275e-06, 5.55363953936e-07, 4.63535400286e-07, 1.3824934797e-07],
        "dvar": [1.16430474151e-08, 3.40091828548e-05, 1.38487939694e-06, 6.73719978295e-06, 3.43028987118e-05, 4.55439504776e-07, 6.16362072492e-08, 1.63302225076e-08, 6.05017191901e-09, 9.35359900645e-10, 1.51711232466e-09, 9.80582837151e-10, 4.78466377629e-09, 9.24128130464e-07, 2.96953544421e-07, 3.65613431086e-07, 1.61512431873e-07, 1.71501426394e-08, 1.84998028008e-09, 7.0907842098e-11, 9.73992830833e-11, 1.95945291243e-11, 5.3575789638e-12, 3.98210923871e-13, 1.5147727365e-13, 1.13122666345e-13, 9.44497979176e-14],
        "dvar2": [1.89842843668e-08, 9.80220575002e-05, 4.07243896916e-06, 2.06689637707e-05, 9.40048412303e-05, 1.25454278077e-06, 1.56603320534e-07, 4.35059455128e-08, 1.56653126027e-08, 2.53892951108e-09, 4.72798733497e-09, 2.95603896916e-09, 1.3868126203e-08, 2.70825603366e-06, 6.81346989495e-07, 9.32901684791e-07, 3.69952459778e-07, 4.76032582242e-08, 4.49096582145e-09, 1.8369245014e-10, 2.27325880342e-10, 4.93905229215e-11, 1.59145786827e-11, 9.20279043942e-13, 3.08788422349e-13, 2.05585223324e-13, 1.0083838468e-13],
        "max": [0.00204768963158, 0.0389232560992, 0.00945641938597, 0.0195557959378, 0.0767229571939, 0.00731331855059, 0.00269314879552, 0.00126647169236, 0.000815703300759, 0.000277720828308, 0.000337379635312, 0.000524501258042, 0.000606661487836, 0.0089789070189, 0.00705960905179, 0.00743289431557, 0.00441237771884, 0.00127654254902, 0.000510276062414, 9.12720788619e-05, 0.000136277172714, 5.14420571562e-05, 2.11210317502e-05, 7.23184894014e-06, 5.74576324652e-06, 5.85964744459e-06, 6.30076328889e-06],
        "mean": [9.3504677352e-05, 0.00781796593219, 0.00130758422893, 0.00330096436664, 0.024526225403, 0.00122015632223, 0.000285141140921, 0.000165744044352, 0.00013380542805, 5.23761882505e-05, 6.05019631621e-05, 4.05855535064e-05, 0.000113507230708, 0.00138875481207, 0.000872670090757, 0.00131695379969, 0.00083213520702, 0.000321317202179, 0.000103412588942, 3.00760384562e-05, 3.5335215216e-05, 1.48533499669e-05, 5.97281086812e-06, 2.42180522037e-06, 1.16362139124e-06, 1.33098069455e-06, 3.16485483154e-07],
        "median": [5.90043091506e-05, 0.00559813762084, 0.00083831185475, 0.00230393395759, 0.0224496088922, 0.000922100967728, 0.000177754234755, 0.000124862897792, 0.000101020537841, 4.21034055762e-05, 4.72843566968e-05, 3.14140634146e-05, 9.37999866437e-05, 0.00108436087612, 0.000643720442895, 0.00109781650826, 0.000651942798868, 0.000272346602287, 8.90314258868e-05, 2.80366839434e-05, 3.15675824822e-05, 1.32527011374e-05, 5.44746580999e-06, 2.19935259338e-06, 1.05825665742e-06, 1.22048447793e-06, 2.80294671029e-07],
        "min": [2.40120186845e-07, 0.000147623111843, 2.31747762882e-05, 7.04362537363e-05, 0.000970817985944, 1.51173117047e-05, 8.53362780617e-06, 3.40118276654e-06, 8.59618830873e-06, 1.2871493027e-06, 1.40708334584e-06, 5.291382422e-06, 1.21655029943e-05, 9.7935575468e-05, 7.07424915163e-05, 7.3102361057e-05, 8.34947568364e-05, 4.09178646805e-05, 1.24586258607e-05, 5.94710627411e-06, 6.61120748191e-06, 2.60684532805e-06, 7.08842776476e-07, 4.00949829782e-07, 2.38990764956e-07, 1.8459017781e-07, 8.23829822139e-08],
        "var": [1.66996159123e-08, 4.61412892037e-05, 1.72154420852e-06, 1.04089976958e-05, 0.000223439084948, 1.1642937352e-06, 9.94864066683e-08, 2.15247748514e-08, 1.2663493365e-08, 1.53707524486e-09, 2.28577468064e-09, 1.21678322973e-09, 6.64644117521e-09, 1.27467217226e-06, 6.30409829228e-07, 8.47139688176e-07, 4.33006505318e-07, 3.55122615758e-08, 4.1852459276e-09, 1.99707250736e-10, 3.41456279918e-10, 5.57266247037e-11, 1.0812150654e-11, 1.48857965884e-12, 3.66040829375e-13, 4.71720535897e-13, 1.05889167606e-13]
    },
    "erbbands": {
        "dmean": [0.112516656518, 1.46421587467, 1.95497214794, 3.76332449913, 18.7344741821, 28.2996997833, 7.32105636597, 3.75676608086, 1.58534264565, 3.58448243141, 2.54029107094, 1.69503593445, 1.25326597691, 1.24879539013, 0.985739350319, 0.977509200573, 2.76795458794, 21.4739074707, 43.4097709656, 20.2879734039, 30.1108322144, 20.6492214203, 7.12723684311, 4.93669509888, 0.881867408752, 0.436720997095, 0.37993529439, 0.405376285315, 0.197408050299, 0.0587474070489, 0.0877444148064, 0.0215992946178, 0.00666778394952, 0.00274722394533, 0.00352405128069, 0.00191964721307, 0.000476453307783, 0.000107459905848, 1.28810206661e-05, 1.17143272291e-05],
        "dmean2": [0.189876332879, 2.55532503128, 3.49603557587, 6.71545028687, 32.54347229, 47.5044555664, 12.3155059814, 6.01772594452, 2.63740420341, 5.9827132225, 4.38613796234, 2.88936781883, 2.0858297348, 2.13813471794, 1.70449507236, 1.66544032097, 4.62507581711, 36.2737464905, 71.872215271, 31.6247901917, 50.6563987732, 34.3014259338, 11.7760295868, 8.26214408875, 1.39186096191, 0.718721985817, 0.642248868942, 0.650799632072, 0.33131930232, 0.103217095137, 0.158738330007, 0.0340188778937, 0.0105555774644, 0.00452630408108, 0.00605443585664, 0.00305047561415, 0.000753225176595, 0.000173752530827, 1.9820576199e-05, 1.99059195438e-05],
        "dvar": [0.0123901441693, 2.33688211441, 4.65630960464, 13.4689407349, 495.472167969, 509.959533691, 57.0339050293, 19.0262413025, 3.78248763084, 20.2277450562, 8.19890975952, 3.28317141533, 2.25446796417, 1.91003131866, 1.0632263422, 1.34305369854, 8.68844604492, 588.629516602, 2939.30688477, 604.233154297, 934.109191895, 559.125671387, 57.7263793945, 27.393743515, 0.683876752853, 0.155879184604, 0.151807501912, 0.159515783191, 0.0402188748121, 0.00391349429265, 0.00703183701262, 0.000426949001849, 4.57393216493e-05, 1.53903474711e-05, 1.26155164253e-05, 4.07385186918e-06, 3.11013820919e-07, 4.02849877901e-08, 1.82728732145e-09, 8.57632298512e-11],
        "dvar2": [0.0363576561213, 6.65273666382, 14.244436264, 41.3481864929, 1428.2019043, 1384.02478027, 153.498703003, 45.5760269165, 10.3737125397, 49.1183319092, 22.6822223663, 8.2099943161, 6.05237960815, 5.52184152603, 3.30853223801, 3.90714740753, 23.8157958984, 1652.87194824, 8282.86425781, 1403.34924316, 2402.10693359, 1298.14001465, 140.82359314, 76.8577804565, 1.76129317284, 0.415040105581, 0.407573074102, 0.36113858223, 0.103119418025, 0.0108152134344, 0.0207894388586, 0.00109195022378, 9.57798183663e-05, 2.65142753051e-05, 3.24864922732e-05, 8.88518479769e-06, 5.18901913438e-07, 5.33244666201e-08, 1.92268267973e-09, 2.42425440833e-10],
        "max": [0.877943992615, 10.009144783, 14.8466291428, 25.2967472076, 254.648986816, 307.622955322, 91.7933044434, 70.4652023315, 21.8317394257, 49.3276748657, 27.3831119537, 21.3194961548, 21.0556964874, 15.1205949783, 13.0861444473, 13.741071701, 29.9779510498, 268.386871338, 814.142333984, 381.844421387, 338.519073486, 264.383758545, 96.9547729492, 55.3090667725, 11.6374950409, 4.22040128708, 5.12341976166, 5.54015493393, 2.42126703262, 0.801260471344, 0.724895000458, 0.235818982124, 0.0999119207263, 0.0642661228776, 0.0421320125461, 0.0280829649419, 0.010587672703, 0.00405003177002, 0.000882737047505, 0.000110688437417],
        "mean": [0.16457682848, 1.9216376543, 2.43385410309, 5.75308656693, 51.3926353455, 102.101791382, 22.8801651001, 9.58382415771, 2.90379428864, 5.37420034409, 3.86645889282, 3.05193209648, 2.37941884995, 2.20124030113, 1.85292720795, 1.97117829323, 5.75644254684, 38.3471794128, 80.8880310059, 50.2679786682, 66.8274993896, 47.0661468506, 19.985616684, 12.7362546921, 2.76123309135, 1.37492620945, 1.18939435482, 1.50101542473, 0.680667459965, 0.173556506634, 0.206214502454, 0.0788443982601, 0.0253960061818, 0.00985410902649, 0.0107308551669, 0.00805035885423, 0.00198133196682, 0.000280994689092, 5.70289339521e-05, 5.46712180949e-05],
        "median": [0.13067188859, 1.34606873989, 1.6216070652, 4.42353343964, 28.3036899567, 88.1835327148, 18.6460762024, 6.99890804291, 2.20096349716, 3.5295279026, 3.02074575424, 2.33445262909, 1.85498034954, 1.73913300037, 1.51922225952, 1.61508607864, 4.9849190712, 29.646894455, 63.7012138367, 40.2135314941, 55.3052253723, 37.3411483765, 16.8001480103, 11.1829624176, 2.54167842865, 1.28494155407, 1.04619717598, 1.38320994377, 0.611171960831, 0.156970858574, 0.187760159373, 0.0722678005695, 0.0232808962464, 0.00901085603982, 0.00975670013577, 0.00722168013453, 0.00186442269478, 0.000239545290242, 5.17692678841e-05, 5.51444936718e-05],
        "min": [0.00258811935782, 0.0227589383721, 0.179247289896, 0.529288828373, 1.74230825901, 3.19913220406, 1.49405562878, 0.359496444464, 0.118937388062, 0.148162901402, 0.186845064163, 0.253548443317, 0.247473806143, 0.060718767345, 0.136901855469, 0.302882432938, 0.789584338665, 2.81751847267, 7.58043813705, 3.61944174767, 5.77802467346, 4.31953620911, 3.23053121567, 1.25246500969, 0.393727004528, 0.290826588869, 0.225766584277, 0.260018199682, 0.13557228446, 0.0260789450258, 0.0227893665433, 0.0100534036756, 0.00487153697759, 0.00197622436099, 0.00199925946072, 0.00128473574296, 0.000292366137728, 2.95114277833e-05, 2.30387740885e-05, 1.91861436178e-05],
        "var": [0.0169003624469, 3.12492179871, 5.49158191681, 20.2542037964, 2686.66430664, 4791.37451172, 311.144165039, 88.158203125, 6.24291133881, 33.9733695984, 10.236035347, 6.44106054306, 3.75067186356, 2.70747661591, 1.75749671459, 1.91265594959, 14.7945756912, 903.947875977, 4512.15722656, 1500.38317871, 2108.22460938, 1330.06188965, 147.593688965, 58.4911422729, 1.965503335, 0.421727955341, 0.395871579647, 0.626288473606, 0.119713306427, 0.00796702969819, 0.0137281939387, 0.00151929398999, 0.000165390039911, 3.19544960803e-05, 3.05181856675e-05, 1.81476971193e-05, 1.16065382372e-06, 5.61353168393e-08, 1.9600296941e-09, 2.02842118102e-10]
    },
    "gfcc": {
        "mean": [-18.9996547699, 134.827697754, -121.90637207, 54.645904541, -6.94992017746, -7.44512271881, -54.722782135, -12.3381576538, -11.8945884705, -4.07877206802, -26.7319564819, -2.34249305725, -4.83558654785],
        "cov": [[322.060913086, -78.98777771, -100.486099243, -27.8137741089, -37.6402664185, 13.6966943741, -20.163225174, 51.6438140869, 29.5640907288, 48.0352897644, 20.2770290375, 49.4761009216, 2.42304325104], [-78.98777771, 95.5864257812, 60.2856025696, 4.21945714951, 19.3883781433, -10.3250074387, 16.7598171234, -10.6111688614, 9.0810956955, -7.51344347, 3.31740379333, -28.3317489624, -6.7520699501], [-100.486099243, 60.2856025696, 105.179496765, 23.3967857361, 17.8080425262, -4.69873809814, 20.5406894684, -5.67948293686, 2.28817391396, -10.2810783386, -0.0829476714134, -13.5605621338, -2.41155791283], [-27.8137741089, 4.21945714951, 23.3967857361, 43.168598175, 31.8608016968, 14.3820581436, 13.8553657532, 7.05227422714, 8.27546691895, -0.66509360075, 3.47355628014, 1.53367841244, 6.31482696533], [-37.6402664185, 19.3883781433, 17.8080425262, 31.8608016968, 64.2011489868, 26.6357898712, 11.6700572968, -0.0751091465354, 9.03084850311, 0.663954138756, 0.242449790239, -6.57844209671, 5.91776227951], [13.6966943741, -10.3250074387, -4.69873809814, 14.3820581436, 26.6357898712, 52.6607131958, 30.1242923737, 19.2652416229, 12.8552598953, 4.4603099823, -2.65414571762, 2.88559818268, -1.62545084953], [-20.163225174, 16.7598171234, 20.5406894684, 13.8553657532, 11.6700572968, 30.1242923737, 54.4874229431, 29.712179184, 9.51403427124, -3.53794503212, -4.43385457993, -6.150411129, -6.81261539459], [51.6438140869, -10.6111688614, -5.67948293686, 7.05227422714, -0.0751091465354, 19.2652416229, 29.712179184, 62.3969573975, 34.7462348938, 20.3534317017, 7.45562648773, 11.5394268036, -5.83113956451], [29.5640907288, 9.0810956955, 2.28817391396, 8.27546691895, 9.03084850311, 12.8552598953, 9.51403427124, 34.7462348938, 46.7382049561, 27.1925048828, 10.4359540939, 1.30527055264, -7.02592992783], [48.0352897644, -7.51344347, -10.2810783386, -0.66509360075, 0.663954138756, 4.4603099823, -3.53794503212, 20.3534317017, 27.1925048828, 43.9052238464, 22.0777454376, 13.8445806503, -1.76935636997], [20.2770290375, 3.31740379333, -0.0829476714134, 3.47355628014, 0.242449790239, -2.65414571762, -4.43385457993, 7.45562648773, 10.4359540939, 22.0777454376, 29.7026996613, 16.3837795258, 4.01785898209], [49.4761009216, -28.3317489624, -13.5605621338, 1.53367841244, -6.57844209671, 2.88559818268, -6.150411129, 11.5394268036, 1.30527055264, 13.8445806503, 16.3837795258, 41.7464790344, 17.6484851837], [2.42304325104, -6.7520699501, -2.41155791283, 6.31482696533, 5.91776227951, -1.62545084953, -6.81261539459, -5.83113956451, -7.02592992783, -1.76935636997, 4.01785898209, 17.6484851837, 31.2374515533]],
        "icov": [[0.00691422075033, -0.00154569325969, 0.00455276342109, -0.000192181920283, 0.00317928218283, -0.00369317946024, 0.00505400635302, -0.00547812553123, 0.00119607150555, -0.00367487245239, 0.00213816692121, -0.00499833934009, 0.00141485140193], [-0.00154569325969, 0.037594139576, -0.0145849036053, 0.0206299889833, -0.0162408147007, 0.018661936745, -0.0236092563719, 0.0168609488755, -0.0233366191387, 0.0134270023555, -0.0221647545695, 0.017628127709, -0.00660110497847], [0.00455276342109, -0.0145849036053, 0.0224990323186, -0.0132160577923, 0.00556757627055, -9.1598216386e-05, 0.00021486011974, -0.00192977639381, 0.0031619835645, -0.00386536750011, 0.00699410075322, -0.00951486080885, 0.00449837371707], [-0.000192181920283, 0.0206299889833, -0.0132160577923, 0.0559206344187, -0.0283310003579, 0.011260307394, -0.0173783041537, 0.00694846268743, -0.0183335542679, 0.0147738214582, -0.0175318922848, 0.00394672341645, -0.00765228318051], [0.00317928218283, -0.0162408147007, 0.00556757627055, -0.0283310003579, 0.0423415713012, -0.0268508195877, 0.0183691661805, -0.00573955243453, 0.00849694665521, -0.00931821484119, 0.0073753981851, 0.00309148756787, -0.00539578404278], [-0.00369317946024, 0.018661936745, -9.1598216386e-05, 0.011260307394, -0.0268508195877, 0.0561723038554, -0.0417382754385, 0.0189361944795, -0.0214480534196, 0.00519656809047, -0.000637484481558, -0.004879869055, 0.00278794183396], [0.00505400635302, -0.0236092563719, 0.00021486011974, -0.0173783041537, 0.0183691661805, -0.0417382754385, 0.0709951147437, -0.0448990315199, 0.0325305685401, -0.00483455182984, 0.00940938666463, 0.00261607370339, 0.00383936008438], [-0.00547812553123, 0.0168609488755, -0.00192977639381, 0.00694846268743, -0.00573955243453, 0.0189361944795, -0.0448990315199, 0.0638453364372, -0.0459765531123, 0.00730209285393, -0.00407077744603, -0.0100801028311, 0.00300570717081], [0.00119607150555, -0.0233366191387, 0.0031619835645, -0.0183335542679, 0.00849694665521, -0.0214480534196, 0.0325305685401, -0.0459765531123, 0.0787717700005, -0.0363360196352, 0.0130170211196, 0.00738067599013, 0.00441463943571], [-0.00367487245239, 0.0134270023555, -0.00386536750011, 0.0147738214582, -0.00931821484119, 0.00519656809047, -0.00483455182984, 0.00730209285393, -0.0363360196352, 0.0670129358768, -0.0406145192683, 0.000860556145199, 0.00260755582713], [0.00213816692121, -0.0221647545695, 0.00699410075322, -0.0175318922848, 0.0073753981851, -0.000637484481558, 0.00940938666463, -0.00407077744603, 0.0130170211196, -0.0406145192683, 0.082048676908, -0.0334460660815, 0.00795933697373], [-0.00499833934009, 0.017628127709, -0.00951486080885, 0.00394672341645, 0.00309148756787, -0.004879869055, 0.00261607370339, -0.0100801028311, 0.00738067599013, 0.000860556145199, -0.0334460660815, 0.0689128339291, -0.032408554107], [0.00141485140193, -0.00660110497847, 0.00449837371707, -0.00765228318051, -0.00539578404278, 0.00278794183396, 0.00383936008438, 0.00300570717081, 0.00441463943571, 0.00260755582713, 0.00795933697373, -0.032408554107, 0.0533631891012]]
    },
    "melbands": {
        "dmean": [0.00132923386991, 0.00139363936614, 0.00109293195419, 0.00182908773422, 0.000392053916585, 8.65748879733e-05, 3.05584690068e-05, 3.38232202921e-05, 2.01554594241e-05, 1.13036594485e-05, 6.27781719231e-06, 4.78113406643e-06, 4.57903615825e-06, 2.23088636631e-06, 5.08784796693e-06, 5.52874234927e-06, 4.8784975661e-05, 8.8813896582e-05, 2.84018424281e-05, 3.97991243517e-05, 3.40286751452e-05, 2.30418809224e-05, 1.20112981676e-05, 6.59034776618e-06, 4.18727040596e-06, 9.73356918621e-07, 4.47029236739e-07, 3.10683901716e-07, 2.24024262252e-07, 3.02947455566e-07, 2.15912322687e-07, 1.46185556105e-07, 5.25193328826e-08, 3.11125134544e-08, 6.44246682668e-08, 2.08763992759e-08, 1.33363222687e-08, 5.87600146318e-09, 3.23831916837e-09, 2.25869767334e-09],
        "dmean2": [0.00224257749505, 0.0024740844965, 0.00194020406343, 0.00311582349241, 0.000634135096334, 0.000139612355269, 5.09743476869e-05, 5.56895938644e-05, 3.50400332536e-05, 1.9125523977e-05, 1.05348281068e-05, 8.20367858978e-06, 7.94365314505e-06, 3.79069911105e-06, 8.65446872922e-06, 9.3620556072e-06, 8.22993315523e-05, 0.000149425803102, 4.48587707069e-05, 6.4709369326e-05, 5.77548271394e-05, 3.86377651012e-05, 1.9949318812e-05, 1.13234782475e-05, 6.98948406352e-06, 1.58245120474e-06, 7.24810092834e-07, 5.13935901836e-07, 3.73175311097e-07, 5.0253805739e-07, 3.45686999026e-07, 2.44754801315e-07, 9.23328400404e-08, 5.5423267753e-08, 1.17333861738e-07, 3.43784307688e-08, 2.15200035569e-08, 9.65326574232e-09, 5.20487253297e-09, 3.7897649463e-09],
        "dvar": [1.69735290001e-06, 2.3400414193e-06, 1.39450503411e-06, 2.43944214162e-06, 1.26794105881e-07, 9.35059407681e-09, 1.42442380113e-09, 1.77228054454e-09, 5.1149928737e-10, 1.45164713583e-10, 5.50928365428e-11, 2.76914324804e-11, 1.97833849996e-11, 1.3329237887e-11, 4.3298850616e-11, 3.49184778314e-11, 3.34649818967e-09, 1.27703492225e-08, 1.37304778658e-09, 2.17007056769e-09, 1.36782973836e-09, 6.82697398613e-10, 2.2572117786e-10, 5.16101154868e-11, 1.92401875682e-11, 1.03372865823e-12, 1.54517281674e-13, 7.96777059478e-14, 4.7310872803e-14, 8.51659983313e-14, 4.44785267645e-14, 2.15770072843e-14, 2.54124050802e-15, 1.12313720658e-15, 3.82791934204e-15, 4.08233961086e-16, 1.71645615168e-16, 3.4156186699e-17, 1.73094508037e-17, 9.84816670041e-18],
        "dvar2": [4.84879728901e-06, 7.12079645382e-06, 4.16352759203e-06, 6.67849462843e-06, 3.39184225595e-07, 2.34828334555e-08, 3.84784826224e-09, 4.36554969951e-09, 1.44127065838e-09, 3.63066937625e-10, 1.46484310792e-10, 7.86446255341e-11, 6.30753435593e-11, 4.01407310169e-11, 1.27233903968e-10, 9.79343134366e-11, 9.52240508667e-09, 3.69991859372e-08, 2.86830670326e-09, 5.59336577055e-09, 3.44653061646e-09, 1.62648439161e-09, 5.03273756003e-10, 1.43083378479e-10, 5.35281888259e-11, 2.63026471263e-12, 4.30116147776e-13, 2.21803586782e-13, 1.28991462693e-13, 2.1133107471e-13, 1.0447047551e-13, 5.49043334397e-14, 7.01750025548e-15, 3.18372431588e-15, 1.14698001937e-14, 1.17829429804e-15, 4.32299622955e-16, 7.90772290979e-17, 3.35971416451e-17, 1.70226772115e-17],
        "max": [0.00939494837075, 0.00995337869972, 0.0113864410669, 0.0200469512492, 0.00644737388939, 0.00137199170422, 0.000442244985607, 0.000458103197161, 0.000190756647498, 0.000145576224895, 0.000102268939372, 5.5342039559e-05, 3.89306114812e-05, 6.75905976095e-05, 6.7456108809e-05, 6.29299247521e-05, 0.000662595382892, 0.00166221766267, 0.000553456775378, 0.000666275154799, 0.000443466531578, 0.000263261172222, 0.000276152306469, 6.92662433721e-05, 4.51264349977e-05, 1.27524426716e-05, 4.32790147897e-06, 3.26881445289e-06, 2.71948374575e-06, 3.67357006326e-06, 2.63377273768e-06, 1.70201008132e-06, 5.51019411432e-07, 3.9948750441e-07, 5.23318817613e-07, 2.54594823446e-07, 1.40528101156e-07, 7.08795866444e-08, 7.05800076162e-08, 5.26716803506e-08],
        "mean": [0.00191417650785, 0.00179275195114, 0.00203517614864, 0.00620769988745, 0.00148543110117, 0.000202628609259, 4.92533908982e-05, 5.33627535333e-05, 2.93043449346e-05, 1.92711777345e-05, 1.14752347145e-05, 8.45855902298e-06, 7.49308628656e-06, 4.23866049459e-06, 8.55772850628e-06, 1.02872945718e-05, 8.13456645119e-05, 0.000154273875523, 5.97031576035e-05, 8.58645362314e-05, 7.13224726496e-05, 5.02114453411e-05, 2.68636867986e-05, 1.54448462126e-05, 1.00534398371e-05, 2.43118574872e-06, 1.17096737995e-06, 8.34328830024e-07, 6.37542825643e-07, 9.38479217893e-07, 7.81202288636e-07, 4.51312104133e-07, 1.42737846431e-07, 7.1863929918e-08, 1.32571443601e-07, 7.04493956505e-08, 4.1188499722e-08, 1.93959905914e-08, 9.7633323648e-09, 7.01764024669e-09],
        "median": [0.00149260298349, 0.00124743627384, 0.00123203219846, 0.00558836525306, 0.00113264890388, 0.00014803049271, 3.56663149432e-05, 3.51205235347e-05, 2.30825862673e-05, 1.4067378288e-05, 8.92311891221e-06, 6.6857528509e-06, 5.84109920965e-06, 3.42265025211e-06, 6.54512314213e-06, 8.81892538018e-06, 6.19545535301e-05, 0.000120667064039, 4.24788959208e-05, 7.17956208973e-05, 5.67513052374e-05, 4.00549142796e-05, 2.17533397517e-05, 1.31615997816e-05, 8.83144275576e-06, 2.09405152418e-06, 1.07694643248e-06, 7.54407665227e-07, 5.64096637845e-07, 8.50679384712e-07, 7.04369483628e-07, 4.02129387567e-07, 1.29948986682e-07, 6.37502139966e-08, 1.18791462e-07, 6.49161790989e-08, 3.72152904049e-08, 1.76959549236e-08, 8.95594443051e-09, 6.48715836604e-09],
        "min": [3.11110234179e-05, 5.22973568877e-05, 7.0673711889e-05, 0.000195065746084, 6.4701649535e-05, 2.65441690317e-06, 1.12975385491e-06, 1.66566144344e-06, 1.51360291056e-06, 1.30685896238e-06, 1.17282172596e-06, 2.05626861316e-07, 2.92528824275e-07, 4.50063623703e-07, 9.19595436244e-07, 8.99537951682e-07, 4.3273043957e-06, 1.35923583002e-05, 4.64705772174e-06, 5.63229696127e-06, 6.55909525449e-06, 4.14972055296e-06, 3.91708954339e-06, 1.54090650994e-06, 9.27938401674e-07, 2.43742078965e-07, 2.12648032516e-07, 1.73881687715e-07, 1.08011391831e-07, 1.68382698007e-07, 1.32820417775e-07, 7.30412068606e-08, 2.18765290327e-08, 1.00620676236e-08, 1.39646019193e-08, 8.51822345993e-09, 4.55590809523e-09, 3.20560622491e-09, 1.72896663653e-09, 8.69244176638e-10],
        "var": [2.44991883847e-06, 2.8411097901e-06, 4.09325048167e-06, 1.58687362273e-05, 1.53096516442e-06, 3.75812199138e-08, 2.23835439073e-09, 3.06725889132e-09, 6.04925665115e-10, 3.00426600264e-10, 9.15838516136e-11, 3.93483058636e-11, 3.14402531787e-11, 1.4870464235e-11, 5.48062394079e-11, 5.16387696492e-11, 4.83232520665e-09, 1.7412920883e-08, 3.18546611311e-09, 4.31514024513e-09, 2.80735523717e-09, 1.60161628404e-09, 4.87613283084e-10, 9.60690346719e-11, 3.95346255733e-11, 2.10550500646e-12, 3.59125896339e-13, 1.85797029346e-13, 1.21976512007e-13, 2.54929432598e-13, 1.70430875901e-13, 5.85913289457e-14, 5.56460242874e-15, 1.76379131739e-15, 6.41632285633e-15, 1.33988796146e-15, 4.79394019548e-16, 1.04129631411e-16, 3.67580072152e-17, 1.81180810639e-17]
    },
    "mfcc": {
        "mean": [-663.961303711, 162.703430176, -32.88489151, 62.7889709473, 43.0824966431, 20.6191768646, -22.8002700806, -1.56508398056, 1.14957785606, -0.988636493683, -6.85236167908, -7.1863193512, -20.00299263],
        "cov": [[409.124847412, -100.3618927, -93.6122131348, -67.2740402222, -27.4929904938, -42.0175895691, -41.4533805847, -3.97191548347, -0.759932637215, 3.49885439873, 10.5345611572, 33.9605674744, 38.5523910522], [-100.3618927, 98.1566543579, 43.0181655884, 20.3177013397, 6.55834817886, 4.17557525635, 6.4321975708, -5.96954870224, -0.0295503884554, 10.8722381592, 10.7548351288, -3.30855846405, -4.66932058334], [-93.6122131348, 43.0181655884, 77.7878875732, 25.2918205261, -3.85311770439, 1.70991384983, 8.45492553711, 8.73516368866, 3.12080764771, 7.06364822388, 6.06280994415, -1.04716765881, 3.69889092445], [-67.2740402222, 20.3177013397, 25.2918205261, 48.136680603, 21.4955215454, 7.07203435898, 10.0621967316, 3.25135564804, 4.38264131546, 3.12096166611, 3.78610348701, -2.685734272, -3.87169003487], [-27.4929904938, 6.55834817886, -3.85311770439, 21.4955215454, 55.2741279602, 23.036945343, 2.21996283531, 1.53913509846, 7.23895215988, 9.14794254303, 6.36710977554, -0.966047108173, -5.0353345871], [-42.0175895691, 4.17557525635, 1.70991384983, 7.07203435898, 23.036945343, 50.3648872375, 21.9798316956, 11.290512085, 7.72898817062, 2.63446760178, 0.879393517971, -7.6629858017, -10.0906715393], [-41.4533805847, 6.4321975708, 8.45492553711, 10.0621967316, 2.21996283531, 21.9798316956, 45.7052192688, 24.7600784302, 14.2843790054, 2.39424371719, 3.21481156349, -2.49815702438, -5.21199417114], [-3.97191548347, -5.96954870224, 8.73516368866, 3.25135564804, 1.53913509846, 11.290512085, 24.7600784302, 47.0938224792, 27.3160705566, 10.4254302979, 6.89699220657, 5.13419342041, 4.47562170029], [-0.759932637215, -0.0295503884554, 3.12080764771, 4.38264131546, 7.23895215988, 7.72898817062, 14.2843790054, 27.3160705566, 44.0973777771, 19.6520004272, 12.5662946701, 6.885597229, 3.60970973969], [3.49885439873, 10.8722381592, 7.06364822388, 3.12096166611, 9.14794254303, 2.63446760178, 2.39424371719, 10.4254302979, 19.6520004272, 39.6325111389, 26.9031085968, 10.2237682343, 4.08499908447], [10.5345611572, 10.7548351288, 6.06280994415, 3.78610348701, 6.36710977554, 0.879393517971, 3.21481156349, 6.89699220657, 12.5662946701, 26.9031085968, 44.3620758057, 20.6200618744, 6.20492315292], [33.9605674744, -3.30855846405, -1.04716765881, -2.685734272, -0.966047108173, -7.6629858017, -2.49815702438, 5.13419342041, 6.885597229, 10.2237682343, 20.6200618744, 34.4821434021, 18.8311424255], [38.5523910522, -4.66932058334, 3.69889092445, -3.87169003487, -5.0353345871, -10.0906715393, -5.21199417114, 4.47562170029, 3.60970973969, 4.08499908447, 6.20492315292, 18.8311424255, 33.5523796082]],
