{
"lowlevel": {
    "average_loudness": 0.981977880001,
    "barkbands_crest": {
        "dmean": 3.72288560867,
        "dmean2": 6.59606599808,
        "dvar": 8.08934116364,
        "dvar2": 24.5032939911,
        "max": 21.7689971924,
        "mean": 11.0154571533,
        "median": 10.484418869,
        "min": 4.00025081635,
        "var": 14.4632635117
    },
    "barkbands_flatness_db": {
        "dmean": 0.0245467498899,
        "dmean2": 0.0425589680672,
        "dvar": 0.000361480808351,
        "dvar2": 0.00102955906186,
        "max": 0.242984101176,
        "mean": 0.162008672953,
        "median": 0.160729989409,
        "min": 0.0958331376314,
        "var": 0.000703660887666
    },
    "barkbands_kurtosis": {
        "dmean": 2.40955400467,
        "dmean2": 4.09293651581,
        "dvar": 4.92555618286,
        "dvar2": 13.7118444443,
        "max": 17.8355293274,
        "mean": 1.7113339901,
        "median": 1.08045244217,
        "min": -1.79257237911,
        "var": 9.52693843842
    },
    "barkbands_skewness": {
        "dmean": 0.640722692013,
        "dmean2": 1.07115006447,
        "dvar": 0.224893286824,
        "dvar2": 0.652926266193,
        "max": 4.15605592728,
        "mean": 1.47912490368,
        "median": 1.52241742611,
        "min": -0.831367194653,
        "var": 0.62266254425
    },
    "barkbands_spread": {
        "dmean": 6.45621967316,
        "dmean2": 11.0010213852,
        "dvar": 23.1189727783,
        "dvar2": 69.0311279297,
        "max": 41.8671302795,
        "mean": 21.3776493073,
        "median": 20.8048381805,
        "min": 6.90121603012,
        "var": 59.0423240662
    },
    "dissonance": {
        "dmean": 0.00878975354135,
        "dmean2": 0.0149306487292,
        "dvar": 7.70617625676e-05,
        "dvar2": 0.000168082304299,
        "max": 0.499948203564,
        "mean": 0.48141798377,
        "median": 0.483992904425,
        "min": 0.364976972342,
        "var": 0.00016436498845
    },
    "dynamic_complexity": 1.2000887394,
    "erbbands_crest": {
        "dmean": 2.2791929245,
        "dmean2": 3.84240102768,
        "dvar": 3.8187110424,
        "dvar2": 10.5549812317,
        "max": 22.5431690216,
        "mean": 9.11459445953,
        "median": 8.45034885406,
        "min": 3.96330809593,
        "var": 8.92349720001
    },
    "erbbands_flatness_db": {
        "dmean": 0.0128093911335,
        "dmean2": 0.0213109105825,
        "dvar": 0.000101590529084,
        "dvar2": 0.000269757787464,
        "max": 0.289970695972,
        "mean": 0.192040637136,
        "median": 0.187232583761,
        "min": 0.148602217436,
        "var": 0.000558306637686
    },
    "erbbands_kurtosis": {
        "dmean": 1.43611574173,
        "dmean2": 2.4345831871,
        "dvar": 2.22132539749,
        "dvar2": 6.24651765823,
        "max": 12.4406986237,
        "mean": 0.0546633601189,
        "median": -0.543307065964,
        "min": -1.77628159523,
        "var": 3.56580734253
    },
    "erbbands_skewness": {
        "dmean": 0.494451582432,
        "dmean2": 0.821007192135,
        "dvar": 0.119557544589,
        "dvar2": 0.353930681944,
        "max": 0.583953142166,
        "mean": -0.842005431652,
        "median": -0.880434632301,
        "min": -2.35008382797,
        "var": 0.395922154188
    },
    "erbbands_spread": {
        "dmean": 10.1924276352,
        "dmean2": 17.2002182007,
        "dvar": 59.8782806396,
        "dvar2": 178.217132568,
        "max": 62.4553604126,
        "mean": 38.8277130127,
        "median": 38.7905349731,
        "min": 8.48720359802,
        "var": 143.439880371
    },
    "hfc": {
        "dmean": 5.24049472809,
        "dmean2": 7.9532251358,
        "dvar": 21.8549404144,
        "dvar2": 52.6397399902,
        "max": 88.8735809326,
        "mean": 19.9046630859,
        "median": 16.6586933136,
        "min": 0.449373245239,
        "var": 184.60067749
    },
    "melbands_crest": {
        "dmean": 4.13581752777,
        "dmean2": 7.38403701782,
        "dvar": 11.3759889603,
        "dvar2": 35.4013290405,
        "max": 28.4997653961,
        "mean": 15.6632270813,
        "median": 14.9837856293,
        "min": 7.09399032593,
        "var": 16.9497566223
    },
    "melbands_flatness_db": {
        "dmean": 0.0295854341239,
        "dmean2": 0.0502273663878,
        "dvar": 0.000527723925188,
        "dvar2": 0.00153008673806,
        "max": 0.35689085722,
        "mean": 0.247998997569,
        "median": 0.249451950192,
        "min": 0.161507368088,
        "var": 0.0010953117162
    },
    "melbands_kurtosis": {
        "dmean": 6.95794487,
        "dmean2": 11.7398834229,
        "dvar": 39.2792510986,
        "dvar2": 109.344940186,
        "max": 61.4095306396,
        "mean": 10.6306743622,
        "median": 8.87473487854,
        "min": -1.59233403206,
        "var": 81.4393997192
    },
    "melbands_skewness": {
        "dmean": 0.884343266487,
        "dmean2": 1.48365116119,
        "dvar": 0.463308721781,
        "dvar2": 1.3353934288,
        "max": 7.16134262085,
        "mean": 2.99801564217,
        "median": 3.04364562035,
        "min": 0.119221039116,
        "var": 1.22560811043
    },
    "melbands_spread": {
        "dmean": 8.98171901703,
        "dmean2": 14.9364919662,
        "dvar": 56.8195495605,
        "dvar2": 158.268859863,
        "max": 68.4667739868,
        "mean": 21.6522731781,
        "median": 18.432182312,
        "min": 4.36628675461,
        "var": 143.253479004
    },
    "pitch_salience": {
        "dmean": 0.0724142938852,
        "dmean2": 0.125884100795,
        "dvar": 0.00408628163859,
        "dvar2": 0.0123631255701,
        "max": 0.817105293274,
        "mean": 0.548007071018,
        "median": 0.556768655777,
        "min": 0.281787067652,
        "var": 0.00793311838061
    },
    "silence_rate_20dB": {
        "dmean": 0,
        "dmean2": 0,
        "dvar": 0,
        "dvar2": 0,
        "max": 1,
        "mean": 1,
        "median": 1,
        "min": 1,
        "var": 0
    },
    "silence_rate_30dB": {
        "dmean": 0,
        "dmean2": 0,
        "dvar": 0,
        "dvar2": 0,
        "max": 1,
        "mean": 1,
        "median": 1,
        "min": 1,
        "var": 0
    },
    "silence_rate_60dB": {
        "dmean": 0,
        "dmean2": 0,
        "dvar": 0,
        "dvar2": 0,
        "max": 0,
        "mean": 0,
        "median": 0,
        "min": 0,
        "var": 0
    },
    "spectral_centroid": {
        "dmean": 295.83291626,
        "dmean2": 496.914642334,
        "dvar": 47595.6679688,
        "dvar2": 140838.296875,
        "max": 2261.64648438,
        "mean": 1121.16357422,
        "median": 1087.13330078,
        "min": 450.851959229,
        "var": 139139.53125
    },
    "spectral_complexity": {
        "dmean": 3.1939394474,
        "dmean2": 4.91793298721,
        "dvar": 6.57451152802,
        "dvar2": 14.7440261841,
        "max": 36,
        "mean": 23.9395771027,
        "median": 24,
        "min": 2,
        "var": 22.9872570038
    },
    "spectral_decrease": {
        "dmean": 3.21536175463e-09,
        "dmean2": 5.4616986489e-09,
        "dvar": 5.96420010477e-18,
        "dvar2": 1.65517120036e-17,
        "max": -1.61455751546e-10,
        "mean": -8.50081338655e-09,
        "median": -8.34131341776e-09,
        "min": -2.07141166442e-08,
        "var": 1.07096777899e-17
    },
    "spectral_energy": {
        "dmean": 0.0124670891091,
        "dmean2": 0.0211608856916,
        "dvar": 8.93197138794e-05,
        "dvar2": 0.000246209325269,
        "max": 0.0860193222761,
        "mean": 0.033889375627,
        "median": 0.033211607486,
        "min": 0.000650131783914,
        "var": 0.000172162923263
    },
    "spectral_energyband_high": {
        "dmean": 2.47346288234e-05,
        "dmean2": 3.89455562981e-05,
        "dvar": 1.22564725036e-09,
        "dvar2": 2.97678104388e-09,
        "max": 0.000727652804926,
        "mean": 0.000120587086712,
        "median": 0.000105880164483,
        "min": 2.48246419687e-06,
        "var": 4.62224969411e-09
    },
    "spectral_energyband_low": {
        "dmean": 0.00442983908579,
        "dmean2": 0.00698612676933,
        "dvar": 1.50836085595e-05,
        "dvar2": 3.91257090087e-05,
        "max": 0.0339802093804,
        "mean": 0.00837319437414,
        "median": 0.00725597795099,
        "min": 0.000163182339747,
        "var": 3.01970285363e-05
    },
    "spectral_energyband_middle_high": {
        "dmean": 0.0021497097332,
        "dmean2": 0.00322878151201,
        "dvar": 4.47822458227e-06,
        "dvar2": 1.09803395389e-05,
        "max": 0.0304207876325,
        "mean": 0.00678261974826,
        "median": 0.00536902714521,
        "min": 0.000145897138282,
        "var": 2.54744554695e-05
    },
    "spectral_energyband_middle_low": {
        "dmean": 0.0102846482769,
        "dmean2": 0.017960537225,
        "dvar": 8.28704942251e-05,
        "dvar2": 0.000237259664573,
        "max": 0.0586935319006,
        "mean": 0.0192503333092,
        "median": 0.0160428062081,
        "min": 0.000341235194355,
        "var": 0.00013312586816
    },
    "spectral_entropy": {
        "dmean": 0.143967017531,
        "dmean2": 0.243806898594,
        "dvar": 0.013977997005,
        "dvar2": 0.037434194237,
        "max": 8.41476917267,
        "mean": 7.34745264053,
        "median": 7.37900400162,
        "min": 6.76893186569,
        "var": 0.0385615006089
    },
    "spectral_flux": {
        "dmean": 0.0247639603913,
        "dmean2": 0.0408918857574,
        "dvar": 0.000336885190336,
        "dvar2": 0.000908332469407,
        "max": 0.186062082648,
        "mean": 0.100482642651,
        "median": 0.0960751399398,
        "min": 0.0461809448898,
        "var": 0.000617912854068
    },
    "spectral_kurtosis": {
        "dmean": 2.49684000015,
        "dmean2": 4.47210931778,
        "dvar": 5.32226800919,
        "dvar2": 14.1827087402,
        "max": 22.9664573669,
        "mean": 7.30261945724,
        "median": 6.73669433594,
        "min": 3.21661901474,
        "var": 7.42517662048
    },
    "spectral_rms": {
        "dmean": 0.00108778919093,
        "dmean2": 0.0018414753722,
        "dvar": 6.69481664772e-07,
        "dvar2": 1.72802299403e-06,
        "max": 0.00916085671633,
        "mean": 0.00563666503876,
        "median": 0.00569223752245,
        "min": 0.000796413747594,
        "var": 1.29079387534e-06
    },
    "spectral_rolloff": {
        "dmean": 563.25604248,
        "dmean2": 1030.2557373,
        "dvar": 341983.96875,
        "dvar2": 903597.4375,
        "max": 2627.05078125,
        "mean": 1267.20593262,
        "median": 1593.45703125,
        "min": 129.19921875,
        "var": 585777.1875
    },
    "spectral_skewness": {
        "dmean": 0.245623841882,
        "dmean2": 0.425593078136,
        "dvar": 0.0498141385615,
        "dvar2": 0.132218539715,
        "max": 3.66067409515,
        "mean": 1.61481547356,
        "median": 1.57420432568,
        "min": 1.11376571655,
        "var": 0.0765099525452
    },
    "spectral_spread": {
        "dmean": 239706.765625,
        "dmean2": 331284.03125,
        "dvar": 772210229248,
        "dvar2": 408511938560,
        "max": 23087046,
        "mean": 2777346.5,
        "median": 2715181.5,
        "min": 2081177.625,
        "var": 1.38131406848e+12
    },
    "spectral_strongpeak": {
        "dmean": 0.496567189693,
        "dmean2": 0.898112773895,
        "dvar": 1.21165060997,
        "dvar2": 3.02178454399,
        "max": 13.8292369843,
        "mean": 0.847807645798,
        "median": 0.584147453308,
        "min": 0,
        "var": 1.63932073116
    },
    "zerocrossingrate": {
        "dmean": 0.00522756855935,
        "dmean2": 0.00695615261793,
        "dvar": 2.15865693463e-05,
        "dvar2": 3.18155143759e-05,
        "max": 0.09423828125,
        "mean": 0.040884334594,
        "median": 0.03857421875,
        "min": 0.00634765625,
        "var": 0.000148472812725
    },
    "barkbands": {
        "dmean": [9.18092118809e-05, 0.00290837418288, 0.00225807307288, 0.00222674454562, 0.00913276150823, 0.000302636879496, 0.000868725706823, 0.000196661349037, 0.000177933630766, 6.74130424159e-05, 7.34463392291e-05, 4.70510167361e-05, 0.00013832442346, 0.00113002734724, 0.000571867334656, 0.00069415156031, 0.000510733691044, 0.000127915671328, 5.17275511811e-05, 1.70512739714e-05, 1.41439722938e-05, 7.4071972449e-06, 4.19771049565e-06, 9.88483861875e-07, 4.24848934699e-07, 3.88757030123e-07, 1.12527047236e-07],
        "dmean2": [0.000137050927151, 0.00487217213959, 0.00354813598096, 0.00372532801703, 0.0162245109677, 0.000509524077643, 0.00133291399106, 0.000319552869769, 0.000283197237877, 0.000110375971417, 0.000124769358081, 8.06133248261e-05, 0.000230315083172, 0.00186165829655, 0.000930177222472, 0.00116618315224, 0.000650983711239, 0.00020972371567, 8.53807287058e-05, 2.86335161945e-05, 2.2824628104e-05, 1.16219252959e-05, 7.53129643272e-06, 1.62144056048e-06, 7.02118711615e-07, 6.25843540547e-07, 1.80778712888e-07],
        "dvar": [1.27300596731e-08, 8.61134139996e-06, 5.23241487826e-06, 3.74628007194e-06, 7.28551167413e-05, 2.22418833573e-07, 6.86128987581e-06, 1.45805344687e-07, 5.86312864925e-08, 4.01568289732e-09, 8.58160387196e-09, 2.63354760222e-09, 2.35150512395e-08, 1.8776812567e-06, 4.40039428895e-07, 4.7912772061e-07, 1.10336588932e-06, 1.13573790372e-08, 2.87802492949e-09, 4.23616364209e-10, 2.51953319319e-10, 4.15751218175e-11, 1.30571846738e-11, 9.59759073431e-13, 1.52891764462e-13, 1.48812399577e-13, 4.92202341439e-14],
        "dvar2": [2.12553743495e-08, 2.34648287005e-05, 1.20152035379e-05, 1.07498281068e-05, 0.000220188638195, 5.00303713125e-07, 1.50282558025e-05, 3.2199707789e-07, 1.31587611918e-07, 1.07642410541e-08, 2.27716263623e-08, 7.1231989196e-09, 6.46982059038e-08, 5.16172531206e-06, 1.06960942503e-06, 1.26720033222e-06, 1.19032074508e-06, 2.88624928402e-08, 8.26231438822e-09, 1.09370223988e-09, 6.36059205306e-10, 1.08642955743e-10, 3.97466018431e-11, 2.54948969922e-12, 3.71502606239e-13, 3.2590897754e-13, 6.20858684017e-14],
        "max": [0.001443130197, 0.0290429070592, 0.015554481186, 0.013172888197, 0.0509796142578, 0.00666616344824, 0.0420298315585, 0.00548417679965, 0.00482897274196, 0.000608099333476, 0.000833871192299, 0.000496976426803, 0.00155097467359, 0.0137360971421, 0.00504281139001, 0.00921918451786, 0.0243837106973, 0.0012441277504, 0.000574516074266, 0.000361888553016, 0.00030561289168, 6.27444314887e-05, 3.46206470567e-05, 1.34860147227e-05, 4.6829504754e-06, 5.21014271726e-06, 3.92624224332e-06],
        "mean": [0.000136118076625, 0.00480724312365, 0.00281411875039, 0.00372106721625, 0.0125054530799, 0.000503474555444, 0.00182064424735, 0.000331110903062, 0.000329471193254, 0.000111823850602, 0.000126266153529, 8.25971001177e-05, 0.000245320552494, 0.00175688182935, 0.000984313315712, 0.00151791272219, 0.00146020075772, 0.000369430636056, 0.000123765057651, 4.78363399452e-05, 5.22417140019e-05, 2.28241733566e-05, 1.09742295535e-05, 4.0257659748e-06, 1.84287068805e-06, 1.88563490156e-06, 4.30217227176e-07],
        "median": [9.95883019641e-05, 0.00391253083944, 0.0019226007862, 0.00310756638646, 0.00959620717913, 0.0002849305165, 0.000295059173368, 0.000162681972142, 0.0002185721969, 9.18590449146e-05, 9.41675461945e-05, 7.04581689206e-05, 0.00019485449593, 0.00121659378055, 0.000755268498324, 0.00124519190285, 0.000643963576294, 0.000329120841343, 0.000109585591417, 3.98574702558e-05, 4.49028411822e-05, 2.03764193429e-05, 9.96739981929e-06, 3.88847911381e-06, 1.74955334842e-06, 1.74845035872e-06, 4.03622948397e-07],
        "min": [1.10384883101e-06, 1.94464500964e-05, 5.36463339813e-05, 2.54277856584e-05, 3.8194557419e-05, 1.91427261598e-05, 1.91824128706e-05, 1.47482578541e-05, 3.36745188179e-06, 3.72627937395e-06, 1.62957780958e-06, 3.08104426949e-06, 3.65995606444e-06, 4.40805924882e-05, 2.66146034846e-05, 1.80894003279e-05, 2.86922204396e-05, 1.44963623825e-05, 2.62956109509e-06, 3.92585690179e-07, 4.88656951347e-07, 4.30210377544e-07, 6.38961807908e-07, 2.66427036877e-07, 1.58674382078e-07, 1.47002864992e-07, 7.09149006184e-08],
        "var": [1.88605397966e-08, 1.34388774313e-05, 7.68734116718e-06, 7.5585853665e-06, 9.48311935645e-05, 4.82937196011e-07, 2.56112634816e-05, 4.0119920186e-07, 1.82713293384e-07, 6.5114469372e-09, 1.13545519653e-08, 3.38874950323e-09, 3.49110997888e-08, 2.90005732495e-06, 6.73491399539e-07, 1.20067488751e-06, 1.18824700621e-05, 3.10503587286e-08, 4.60076998721e-09, 1.1745893147e-09, 1.0086064206e-09, 1.10404109466e-10, 3.46953299424e-11, 2.81362194827e-12, 4.8104977033e-13, 6.55595478079e-13, 6.60310090568e-14]
    },
    "erbbands": {
        "dmean": [0.0981634408236, 0.690281748772, 2.70772457123, 3.30380010605, 27.3831195831, 30.0375652313, 3.04942345619, 2.82537341118, 4.49633359909, 17.3760509491, 4.03114843369, 4.04810190201, 3.03594374657, 2.5059401989, 1.8079867363, 1.99136948586, 6.88821077347, 32.1110229492, 55.4558906555, 28.2040157318, 29.3349609375, 27.1873283386, 11.181227684, 5.44118785858, 1.22333669662, 0.822142362595, 0.495314896107, 0.678021848202, 0.312513560057, 0.11336196214, 0.138187795877, 0.0328429937363, 0.0107279513031, 0.00415187515318, 0.00446828780696, 0.00248275464401, 0.000641471764538, 0.000164888100699, 1.48610170072e-05, 1.38781642818e-05],
        "dmean2": [0.167499274015, 1.13802456856, 4.24098920822, 5.63017749786, 47.639591217, 53.0381584167, 5.15828943253, 4.71570539474, 7.07595825195, 26.5383529663, 6.71110677719, 6.53751516342, 5.0272154808, 4.27655267715, 2.99955224991, 3.38884878159, 11.6410779953, 53.1810531616, 89.1916046143, 43.9488258362, 51.5086135864, 36.09790802, 15.4059705734, 8.8829126358, 2.01842236519, 1.35650706291, 0.810830652714, 1.1040968895, 0.49727410078, 0.193153440952, 0.248683437705, 0.0549456700683, 0.0169001463801, 0.00645804964006, 0.00764656160027, 0.00395481474698, 0.00104109337553, 0.000273914454738, 2.2483542125e-05, 2.33683567785e-05],
        "dvar": [0.00867738109082, 0.473524808884, 7.36167860031, 7.40045261383, 678.076538086, 769.363830566, 7.02010393143, 24.8655014038, 93.1873703003, 3236.00415039, 28.1887722015, 46.0010871887, 9.27242851257, 8.47974491119, 4.0016951561, 4.74278879166, 57.5399856567, 1373.20776367, 4127.82519531, 1123.6003418, 851.715332031, 2703.3894043, 321.012756348, 23.8164825439, 1.21257150173, 1.63954102993, 0.246025621891, 0.559162855148, 0.079113945365, 0.00950150750577, 0.0148726291955, 0.00100209470838, 9.52653354034e-05, 1.71267456608e-05, 1.51131644088e-05, 5.24153801962e-06, 3.74114449642e-07, 3.28632765445e-08, 8.42527103639e-10, 1.0724710009e-10],
        "dvar2": [0.0228324849159, 1.26427972317, 16.4448337555, 20.5890636444, 1988.5970459, 2273.3840332, 17.9309101105, 59.0990753174, 220.653213501, 6565.07128906, 67.796081543, 97.8943252563, 24.1379737854, 22.1041488647, 10.9340658188, 13.2743606567, 159.812225342, 3685.64941406, 10066.4375, 2662.87207031, 2385.56225586, 3130.02954102, 404.852630615, 68.4447860718, 3.45154070854, 4.25517416, 0.639607548714, 1.39409685135, 0.195512324572, 0.0259261988103, 0.0448616780341, 0.00284478720278, 0.000247736345045, 4.21619224653e-05, 4.08876549045e-05, 1.1727990568e-05, 9.1088861609e-07, 7.12826420113e-08, 1.08318465308e-09, 2.9343105723e-10],
        "max": [0.851293444633, 6.38839149475, 17.0053844452, 18.335817337, 154.222900391, 190.345077515, 22.6406536102, 68.2523422241, 122.370513916, 975.761657715, 81.3886642456, 138.134658813, 35.2179412842, 26.0116596222, 16.8462028503, 21.9315948486, 69.3351211548, 382.360900879, 646.135253906, 532.681945801, 264.727630615, 1194.85998535, 441.221740723, 49.0877723694, 10.6260728836, 24.128578186, 8.11309814453, 13.7403202057, 3.26217031479, 1.16776943207, 1.1058562994, 0.425955414772, 0.135979071259, 0.0589494667947, 0.0401208475232, 0.0273949224502, 0.00837795902044, 0.00252894964069, 0.000547358824406, 0.00010644303984],
        "mean": [0.128215029836, 1.12809479237, 3.61390304565, 6.26258707047, 40.4476509094, 38.5529289246, 5.57707500458, 4.77086877823, 8.61785411835, 37.8837356567, 7.23096609116, 7.6101102829, 5.1701798439, 4.65038967133, 3.63153290749, 4.14470291138, 12.7312612534, 49.6169395447, 96.261390686, 62.1985816956, 71.2669830322, 74.8738174438, 36.3432502747, 14.5424423218, 3.40032124519, 2.3467168808, 1.72138738632, 2.24258995056, 1.00394701958, 0.35715842247, 0.352569669485, 0.125303924084, 0.044771283865, 0.0169697664678, 0.0165804605931, 0.0111934291199, 0.00266004353762, 0.000390095374314, 6.50793153909e-05, 4.58971662738e-05],
        "median": [0.101968318224, 0.895255446434, 2.50418567657, 5.8299202919, 31.6833190918, 27.2548465729, 5.06687259674, 2.22297883034, 2.96181559563, 4.49951839447, 4.56180000305, 4.59737253189, 4.22225856781, 3.5241959095, 2.8764526844, 3.49591040611, 10.4708023071, 33.3663215637, 69.7552642822, 46.3680725098, 62.8643836975, 36.2181243896, 21.1224803925, 13.151632309, 3.12308096886, 1.84235322475, 1.57982230186, 1.88768482208, 0.908610761166, 0.319436609745, 0.323175519705, 0.117442123592, 0.0416023619473, 0.0153930643573, 0.015956742689, 0.0101557802409, 0.00252809235826, 0.000348700123141, 6.12815347267e-05, 4.51070627605e-05],
        "min": [0.00146366155241, 0.00649730302393, 0.0657845214009, 0.0955719128251, 0.0355815216899, 0.144738927484, 0.665717124939, 0.240169212222, 0.361624091864, 0.377808064222, 0.30621445179, 0.0755494311452, 0.147714748979, 0.0745280459523, 0.0911955684423, 0.140251502395, 0.21762868762, 1.22925245762, 2.58171057701, 0.802786111832, 1.28486144543, 1.59553015232, 0.971283137798, 0.215303987265, 0.0849482566118, 0.0208868253976, 0.0187830012292, 0.0200333669782, 0.0187657829374, 0.0152471242473, 0.0173697434366, 0.00933255441487, 0.00351734994911, 0.00184062006883, 0.00112124264706, 0.000766598968767, 0.000209508900298, 6.49684516247e-05, 1.63601343957e-05, 2.49995900958e-06],
        "var": [0.0126722659916, 0.786082386971, 11.4388561249, 13.311170578, 865.699462891, 1038.03662109, 12.9335269928, 52.7585983276, 270.928771973, 13567.6708984, 88.9661407471, 148.330810547, 13.9736299515, 13.6340780258, 6.82051753998, 6.77832746506, 85.337310791, 2118.34399414, 7264.70068359, 3871.13598633, 1931.4654541, 25391.5644531, 3870.87548828, 54.4064559937, 2.63796973228, 4.58726263046, 0.723224103451, 2.21768784523, 0.221846863627, 0.0306528899819, 0.0346636585891, 0.0025562106166, 0.000411582645029, 5.60088337807e-05, 3.98237170884e-05, 2.57956289715e-05, 1.31154854444e-06, 6.29844336686e-08, 1.07781816805e-09, 2.38789599205e-10]
    },
    "gfcc": {
        "mean": [-5.46936368942, 125.765769958, -130.819747925, 48.8006820679, -14.2309217453, 1.89790844917, -46.9630432129, -4.98133850098, -10.8887834549, -3.99645066261, -29.4386425018, -6.25734615326, -13.2238035202],
        "cov": [[407.331665039, 12.2841253281, -108.636123657, -42.8715896606, -32.9433097839, -30.5218963623, -16.1489562988, -0.616725862026, 15.0607633591, 2.76728081703, -11.4941720963, -13.6633348465, 3.55156111717], [12.2841253281, 85.6923446655, 36.2859306335, -5.87647771835, -14.612701416, -36.5951805115, -0.506791353226, 5.01219797134, 24.0585021973, 9.32476806641, 8.94868278503, -6.9742603302, -3.6620900631], [-108.636123657, 36.2859306335, 139.317687988, 42.0442504883, 31.119726181, 21.4973163605, 6.73989248276, -15.757935524, -26.1817092896, -3.22135090828, 3.37514901161, 12.3879394531, -6.84632301331], [-42.8715896606, -5.87647771835, 42.0442504883, 73.0121841431, 50.9352684021, 35.2475242615, 25.6597213745, 3.17546319962, -16.6283607483, -16.4702644348, -4.84486722946, -0.51475828886, 7.81824636459], [-32.9433097839, -14.612701416, 31.119726181, 50.9352684021, 79.5358963013, 65.3796234131, 17.1525688171, -17.271905899, -30.4393501282, -14.1526651382, -7.24226427078, -5.47900295258, 8.62257385254], [-30.5218963623, -36.5951805115, 21.4973163605, 35.2475242615, 65.3796234131, 113.806404114, 29.3856563568, -20.1335201263, -43.5055618286, -23.1788005829, -5.25518703461, -0.0291224624962, 12.2955656052], [-16.1489562988, -0.506791353226, 6.73989248276, 25.6597213745, 17.1525688171, 29.3856563568, 45.1314163208, 27.4228363037, 2.71251249313, -7.85168981552, -2.9786195755, 2.78639864922, 4.25054359436], [-0.616725862026, 5.01219797134, -15.757935524, 3.17546319962, -17.271905899, -20.1335201263, 27.4228363037, 56.9142417908, 40.2816390991, 14.4772367477, 6.98178911209, 8.4841632843, -0.51269608736], [15.0607633591, 24.0585021973, -26.1817092896, -16.6283607483, -30.4393501282, -43.5055618286, 2.71251249313, 40.2816390991, 65.1651992798, 36.7123184204, 16.1768016815, 3.84836316109, -8.74530410767], [2.76728081703, 9.32476806641, -3.22135090828, -16.4702644348, -14.1526651382, -23.1788005829, -7.85168981552, 14.4772367477, 36.7123184204, 55.2956733704, 27.5573501587, 14.7611560822, -13.5945901871], [-11.4941720963, 8.94868278503, 3.37514901161, -4.84486722946, -7.24226427078, -5.25518703461, -2.9786195755, 6.98178911209, 16.1768016815, 27.5573501587, 35.5603942871, 22.6452274323, 0.461674541235], [-13.6633348465, -6.9742603302, 12.3879394531, -0.51475828886, -5.47900295258, -0.0291224624962, 2.78639864922, 8.4841632843, 3.84836316109, 14.7611560822, 22.6452274323, 37.2211074829, 9.59875488281], [3.55156111717, -3.6620900631, -6.84632301331, 7.81824636459, 8.62257385254, 12.2955656052, 4.25054359436, -0.51269608736, -8.74530410767, -13.5945901871, 0.461674541235, 9.59875488281, 30.677816391]],
        "icov": [[0.00381584139541, -0.00489829014987, 0.00539796752855, -0.00188848620746, 0.00124640145805, -0.0019187501166, 0.00291454349644, -0.00127374497242, 0.00322375725955, -0.00268454500474, 0.00527906510979, -0.00396404834464, 0.00154327682685], [-0.00489829014987, 0.0392066575587, -0.0234252847731, 0.0155700771138, -0.00741105107591, 0.0192107316107, -0.0267554502934, 0.0196519661695, -0.0245821103454, 0.0137557359412, -0.0296274609864, 0.0290057826787, -0.0150712234899], [0.00539796752855, -0.0234252847731, 0.0268042888492, -0.0161326266825, 0.00470339413732, -0.00985673908144, 0.0144731951877, -0.00732118356973, 0.017800649628, -0.0101912152022, 0.0200133938342, -0.0241190847009, 0.0149766039103], [-0.00188848620746, 0.0155700771138, -0.0161326266825, 0.0438455827534, -0.0282443817705, 0.0157494731247, -0.0222584828734, 0.0028171967715, -0.0100790131837, 0.0156580973417, -0.0188296157867, 0.0133719481528, -0.00777475675568], [0.00124640145805, -0.00741105107591, 0.00470339413732, -0.0282443817705, 0.0466281063855, -0.0221003033221, 0.00849406048656, 0.00264193443581, 0.00782921444625, -0.016848500818, 0.0127078490332, 0.00194420374464, -0.00419589644298], [-0.0019187501166, 0.0192107316107, -0.00985673908144, 0.0157494731247, -0.0221003033221, 0.0363318175077, -0.0342612192035, 0.0186184719205, -0.00415698392317, 0.00847448129207, -0.0213140863925, 0.0136876106262, -0.00838145893067], [0.00291454349644, -0.0267554502934, 0.0144731951877, -0.0222584828734, 0.00849406048656, -0.0342612192035, 0.0878004133701, -0.0589611902833, 0.0224477425218, -0.00382655393332, 0.0243368111551, -0.0202603898942, 0.0142415920272], [-0.00127374497242, 0.0196519661695, -0.00732118356973, 0.0028171967715, 0.00264193443581, 0.0186184719205, -0.0589611902833, 0.0824528336525, -0.0489192269742, 0.00997280422598, -0.00679953536019, -0.0010871917475, -0.00759945623577], [0.00322375725955, -0.0245821103454, 0.017800649628, -0.0100790131837, 0.00782921444625, -0.00415698392317, 0.0224477425218, -0.0489192269742, 0.0775498300791, -0.0372906550765, 0.00946779362857, 0.00115035870112, 0.00385096715763], [-0.00268454500474, 0.0137557359412, -0.0101912152022, 0.0156580973417, -0.016848500818, 0.00847448129207, -0.00382655393332, 0.00997280422598, -0.0372906550765, 0.0640563368797, -0.0368225127459, -0.00276278774254, 0.0168980602175], [0.00527906510979, -0.0296274609864, 0.0200133938342, -0.0188296157867, 0.0127078490332, -0.0213140863925, 0.0243368111551, -0.00679953536019, 0.00946779362857, -0.0368225127459, 0.0950601696968, -0.0554597787559, 0.00890606734902], [-0.00396404834464, 0.0290057826787, -0.0241190847009, 0.0133719481528, 0.00194420374464, 0.0136876106262, -0.0202603898942, -0.0010871917475, 0.00115035870112, -0.00276278774254, -0.0554597787559, 0.0847877115011, -0.0347033627331], [0.00154327682685, -0.0150712234899, 0.0149766039103, -0.00777475675568, -0.00419589644298, -0.00838145893067, 0.0142415920272, -0.00759945623577, 0.00385096715763, 0.0168980602175, 0.00890606734902, -0.0347033627331, 0.0576914399862]]
    },
    "melbands": {
        "dmean": [0.000821691122837, 0.00115989567712, 0.00118063890841, 0.00249648815952, 0.000210175436223, 5.83307155466e-05, 0.000101737641671, 0.000155716217705, 2.97854312521e-05, 2.63098827418e-05, 1.52945631271e-05, 9.80902768788e-06, 8.28035808809e-06, 4.51495770903e-06, 1.07739688247e-05, 1.26945051306e-05, 7.49930768507e-05, 0.000113701658847, 3.35111690219e-05, 5.03843184561e-05, 3.12387965096e-05, 2.58757900156e-05, 2.40062672674e-05, 6.39718473394e-06, 4.62766547571e-06, 1.3325151258e-06, 6.61998456053e-07, 5.99971428983e-07, 2.96218672702e-07, 4.31897802855e-07, 3.71513749542e-07, 2.27134407282e-07, 9.16527156392e-08, 6.18034192712e-08, 1.02365312671e-07, 3.36517729238e-08, 1.85569799527e-08, 9.00756269573e-09, 5.97056626361e-09, 3.24939097851e-09],
        "dmean2": [0.00138695724308, 0.0017951768823, 0.00197541853413, 0.00443193037063, 0.000349961774191, 9.67611849774e-05, 0.000158097915119, 0.000238256092416, 5.13994782523e-05, 4.23039564339e-05, 2.55764334725e-05, 1.67791095009e-05, 1.3962070625e-05, 7.86456803326e-06, 1.86277211469e-05, 2.09975132748e-05, 0.000126361032017, 0.000184884411283, 5.4045147408e-05, 8.31648212625e-05, 5.51133707631e-05, 3.56725031452e-05, 2.9199918572e-05, 1.06481902549e-05, 7.67523306422e-06, 2.30280443247e-06, 1.11568442662e-06, 1.00282034055e-06, 4.7705208317e-07, 6.93493689141e-07, 6.02445197728e-07, 3.65375427691e-07, 1.49523430082e-07, 1.10636356965e-07, 1.85433151501e-07, 5.58457387001e-08, 3.16521031607e-08, 1.46894105768e-08, 9.48256850819e-09, 5.2917163984e-09],
        "dvar": [6.30990541595e-07, 1.22897506571e-06, 1.07731455046e-06, 5.46980163563e-06, 3.56955673908e-08, 1.06105755293e-08, 6.65578880898e-08, 2.55957615991e-07, 1.32736610592e-09, 1.63244673335e-09, 2.23789972664e-10, 1.21906137962e-10, 1.02232104726e-10, 2.09325699135e-11, 1.58280416551e-10, 2.12744974415e-10, 7.53439266532e-09, 1.83796320385e-08, 1.69973946029e-09, 3.08301140173e-09, 9.87586790124e-10, 1.77509107413e-09, 3.59749807721e-09, 3.17306285413e-11, 1.87524787365e-11, 1.94056142683e-12, 3.31987746755e-13, 1.2924199471e-12, 6.54045570416e-14, 2.36542691901e-13, 1.42813115934e-13, 3.87056922971e-14, 9.22740921486e-15, 3.41213500868e-15, 8.19281945617e-15, 9.00142018926e-16, 3.66142723415e-16, 5.69282836741e-17, 4.53226452037e-17, 1.01037878436e-17],
        "dvar2": [1.73766829903e-06, 2.89065792458e-06, 3.20344702232e-06, 1.67666748894e-05, 9.3718114158e-08, 2.432700974e-08, 1.5784908669e-07, 5.16400518791e-07, 3.58744101092e-09, 3.69485309015e-09, 5.87012272124e-10, 3.2202848721e-10, 2.77790263015e-10, 5.806527828e-11, 4.56059662257e-10, 5.52759782391e-10, 2.03062100468e-08, 4.55643345276e-08, 3.96239041578e-09, 8.03807953531e-09, 2.71365085958e-09, 2.2790207499e-09, 3.81786469106e-09, 7.54768053612e-11, 5.41425237977e-11, 5.59800903549e-12, 8.970618302e-13, 3.33412247464e-12, 1.76671055715e-13, 6.23697924904e-13, 3.60001091437e-13, 1.02723873244e-13, 2.19249531724e-14, 9.47717636112e-15, 2.53823027998e-14, 2.53006115543e-15, 1.0345770532e-15, 1.47952978667e-16, 1.20260427597e-16, 2.38913418271e-17],
        "max": [0.00804211571813, 0.00716089317575, 0.0068297656253, 0.0138247674331, 0.00151865486987, 0.00146865996066, 0.00368640339002, 0.00872458610684, 0.000454745721072, 0.000772344472352, 0.000164571145433, 9.57740485319e-05, 8.90409937711e-05, 3.86295068893e-05, 0.000100504534203, 0.000176364905201, 0.000872855307534, 0.00133979052771, 0.000447645841632, 0.000824044458568, 0.00026697514113, 0.000949566427153, 0.00144384976011, 6.8050569098e-05, 4.55422923551e-05, 1.3662438505e-05, 4.55324334325e-06, 2.16157532122e-05, 2.45893397732e-06, 9.61229306995e-06, 6.18170679445e-06, 1.62640787948e-06, 1.12422526399e-06, 6.35741514543e-07, 7.2652920835e-07, 3.34499077326e-07, 2.40449992361e-07, 8.98189611576e-08, 9.10359290174e-08, 3.90138588102e-08],
        "mean": [0.00122830027249, 0.00173368642572, 0.00207567005418, 0.00342744938098, 0.000331301154802, 9.90577682387e-05, 0.000197624147404, 0.000340419122949, 4.57314235973e-05, 4.75208944408e-05, 2.45893352258e-05, 1.78660284291e-05, 1.50438909259e-05, 7.81940616434e-06, 2.00550293812e-05, 2.22096350626e-05, 0.000105781015009, 0.00018818632816, 6.54463729006e-05, 0.000106673891423, 7.07179351593e-05, 6.73366448609e-05, 7.27813167032e-05, 1.75923196366e-05, 1.12463403639e-05, 2.95828112939e-06, 1.551647415e-06, 1.57835609116e-06, 8.83988036549e-07, 1.42512976709e-06, 1.16308581255e-06, 6.40806092633e-07, 2.64981594e-07, 1.68161676584e-07, 2.31021374475e-07, 1.15182949401e-07, 6.22757312385e-08, 3.26616103052e-08, 2.00193213118e-08, 1.15397886802e-08],
        "median": [0.000991260167211, 0.00126326270401, 0.00189928337932, 0.00258385716006, 0.000261352164671, 4.82061586808e-05, 5.09060373588e-05, 4.40029143647e-05, 3.70765264961e-05, 2.95060999633e-05, 2.06070999411e-05, 1.35119717015e-05, 1.16095707199e-05, 6.6292682277e-06, 1.62791493494e-05, 1.67584112205e-05, 7.08953739377e-05, 0.000133669062052, 4.76970453747e-05, 8.40930006234e-05, 6.19108832325e-05, 3.68290784536e-05, 2.55905288213e-05, 1.53866130859e-05, 9.94938091026e-06, 2.5243739401e-06, 1.40032386753e-06, 1.13174371563e-06, 8.25546806027e-07, 1.1780175555e-06, 9.98285599962e-07, 5.84745180277e-07, 2.24589001618e-07, 1.43612112424e-07, 2.07639260452e-07, 1.08261140497e-07, 6.02428542607e-08, 3.09355279171e-08, 1.65113789308e-08, 1.05194084554e-08],
        "min": [8.20314107841e-06, 3.02711632685e-05, 1.46932161442e-05, 4.46813055532e-06, 2.10025609704e-05, 5.5250038713e-06, 5.5652321862e-06, 2.88739033749e-06, 1.71908527591e-06, 4.91865080221e-07, 7.4284520224e-07, 3.00035196688e-07, 2.55720408404e-07, 3.35259784379e-07, 4.43175935061e-07, 3.16186913096e-07, 2.72203055829e-06, 4.9735022003e-06, 1.49656477788e-06, 9.3953127589e-07, 1.6633323412e-06, 1.90045648196e-06, 1.02652302303e-06, 6.04762078638e-07, 1.20836247675e-07, 1.05094123626e-07, 1.45099070537e-08, 1.26923511701e-08, 1.36153577301e-08, 9.62826529616e-09, 9.97328264418e-09, 1.10061391112e-08, 8.04490074557e-09, 8.56663540105e-09, 7.61239959957e-09, 1.26963524139e-08, 3.2889841961e-09, 2.56636956131e-09, 2.02483541045e-09, 1.34791011686e-09],
        "var": [9.65822209764e-07, 2.13229532164e-06, 1.63222580341e-06, 6.98582516634e-06, 5.74459235736e-08, 2.34074200023e-08, 2.05269827802e-07, 1.07627522539e-06, 2.06763628441e-09, 4.83699880149e-09, 3.04197111944e-10, 1.97646413125e-10, 1.42824002625e-10, 2.89360566758e-11, 2.03654940134e-10, 3.33635452598e-10, 1.06798321298e-08, 3.0982221233e-08, 3.71047281789e-09, 8.09575340099e-09, 2.02400518567e-09, 1.48026089164e-08, 4.31875086804e-08, 8.26429688572e-11, 3.78360710818e-11, 2.90823354981e-12, 6.13838136137e-13, 3.6496530624e-12, 1.51091121493e-13, 1.0241720666e-12, 4.912206167e-13, 8.72778140992e-14, 2.68060211886e-14, 1.04030189479e-14, 1.68866910879e-14, 2.65771516157e-15, 7.2514178271e-16, 2.08685439509e-16, 1.66489156518e-16, 2.69279863759e-17]
    },
    "mfcc": {
        "mean": [-646.99230957, 153.376937866, -36.1122322083, 50.3783760071, 33.9519081116, 20.845949173, -18.4479923248, 4.14943790436, 4.75965118408, 2.88801646233, -1.83607780933, -3.36625933647, -17.4066963196],
        "cov": [[476.326141357, -8.43027973175, -102.878837585, -49.8174552917, -41.1972618103, -29.4483661652, -35.4377250671, -23.5379447937, 11.991153717, 7.04876279831, -13.6024341583, -2.48976206779, 4.12879753113], [-8.43027973175, 89.8274230957, 34.6494865417, 10.8261260986, -14.7131433487, -28.4466323853, -30.9204311371, -23.3008766174, -2.56822705269, -1.38716971874, 12.6949214935, 20.8017673492, 7.54109334946], [-102.878837585, 34.6494865417, 87.2343597412, 31.9823360443, 9.5343170166, 5.12940311432, 9.73403358459, 10.5041160583, -11.7116518021, -7.91402244568, 3.58709096909, -5.69794273376, 1.59181022644], [-49.8174552917, 10.8261260986, 31.9823360443, 66.1746749878, 14.9208183289, -1.28408908844, 7.3575091362, 6.51251792908, 11.3078451157, -3.74824857712, 8.84303569794, 12.6284151077, -4.67954063416], [-41.1972618103, -14.7131433487, 9.5343170166, 14.9208183289, 57.1261558533, 49.9725265503, 33.9056777954, 9.91598510742, -10.7169494629, 3.34098863602, -8.03664016724, -27.4466152191, -14.7549209595], [-29.4483661652, -28.4466323853, 5.12940311432, -1.28408908844, 49.9725265503, 88.639251709, 59.5735092163, 25.0545196533, -18.0725154877, 7.20749044418, -11.1513690948, -39.6450920105, -20.5851554871], [-35.4377250671, -30.9204311371, 9.73403358459, 7.3575091362, 33.9056777954, 59.5735092163, 78.6208877563, 42.9566879272, -0.267233729362, 1.58909296989, -14.733212471, -33.1003799438, -22.0866336823], [-23.5379447937, -23.3008766174, 10.5041160583, 6.51251792908, 9.91598510742, 25.0545196533, 42.9566879272, 54.183883667, 15.3855161667, 6.1090965271, -7.73558759689, -10.8655738831, -3.88613796234], [11.991153717, -2.56822705269, -11.7116518021, 11.3078451157, -10.7169494629, -18.0725154877, -0.267233729362, 15.3855161667, 53.8661880493, 6.89244031906, 2.524923563, 18.3936824799, -2.40768766403], [7.04876279831, -1.38716971874, -7.91402244568, -3.74824857712, 3.34098863602, 7.20749044418, 1.58909296989, 6.1090965271, 6.89244031906, 31.3349304199, 12.2010726929, 3.54301095009, 7.18126869202], [-13.6024341583, 12.6949214935, 3.58709096909, 8.84303569794, -8.03664016724, -11.1513690948, -14.733212471, -7.73558759689, 2.524923563, 12.2010726929, 33.2845115662, 26.5933628082, 12.3632621765], [-2.48976206779, 20.8017673492, -5.69794273376, 12.6284151077, -27.4466152191, -39.6450920105, -33.1003799438, -10.8655738831, 18.3936824799, 3.54301095009, 26.5933628082, 59.5300254822, 27.7591915131], [4.12879753113, 7.54109334946, 1.59181022644, -4.67954063416, -14.7549209595, -20.5851554871, -22.0866336823, -3.88613796234, -2.40768766403, 7.18126869202, 12.3632621765, 27.7591915131, 43.8363456726]],
