{
"lowlevel": {
    "average_loudness": 0.98514777422,
    "barkbands_crest": {
        "dmean": 3.47019052505,
        "dmean2": 6.12639331818,
        "dvar": 7.64800357819,
        "dvar2": 22.3161907196,
        "max": 21.7782230377,
        "mean": 10.0575828552,
        "median": 9.18580055237,
        "min": 3.89212298393,
        "var": 13.3315906525
    },
    "barkbands_flatness_db": {
        "dmean": 0.0226458404213,
        "dmean2": 0.0381690151989,
        "dvar": 0.000376895623049,
        "dvar2": 0.00111552490853,
        "max": 0.290148735046,
        "mean": 0.195056661963,
        "median": 0.19343739748,
        "min": 0.102816715837,
        "var": 0.000699425931089
    },
    "barkbands_kurtosis": {
        "dmean": 2.26173686981,
        "dmean2": 4.00527524948,
        "dvar": 5.61025905609,
        "dvar2": 15.9328155518,
        "max": 16.9155368805,
        "mean": 1.64171731472,
        "median": 0.820022583008,
        "min": -1.70328366756,
        "var": 8.12982845306
    },
    "barkbands_skewness": {
        "dmean": 0.595524907112,
        "dmean2": 1.03656709194,
        "dvar": 0.234519034624,
        "dvar2": 0.695922315121,
        "max": 4.11284160614,
        "mean": 1.46097528934,
        "median": 1.39395773411,
        "min": -0.469935387373,
        "var": 0.471519500017
    },
    "barkbands_spread": {
        "dmean": 5.82166910172,
        "dmean2": 10.0302934647,
        "dvar": 18.8820972443,
        "dvar2": 59.1988372803,
        "max": 38.7408828735,
        "mean": 21.3504238129,
        "median": 21.0861911774,
        "min": 5.58359050751,
        "var": 45.8119926453
    },
    "dissonance": {
        "dmean": 0.0144391888753,
        "dmean2": 0.0244277436286,
        "dvar": 0.000159973234986,
        "dvar2": 0.000420843309257,
        "max": 0.499702513218,
        "mean": 0.475937575102,
        "median": 0.477937221527,
        "min": 0.317759513855,
        "var": 0.000214704312384
    },
    "dynamic_complexity": 0.956026852131,
    "erbbands_crest": {
        "dmean": 2.71157383919,
        "dmean2": 4.82638072968,
        "dvar": 4.82348871231,
        "dvar2": 15.20591259,
        "max": 23.2551898956,
        "mean": 9.59770679474,
        "median": 9.19256877899,
        "min": 3.90754580498,
        "var": 9.59351634979
    },
    "erbbands_flatness_db": {
        "dmean": 0.0127639034763,
        "dmean2": 0.0224816165864,
        "dvar": 0.000115706512588,
        "dvar2": 0.000288664014079,
        "max": 0.27791634202,
        "mean": 0.224430993199,
        "median": 0.222843140364,
        "min": 0.0933733060956,
        "var": 0.000313368247589
    },
    "erbbands_kurtosis": {
        "dmean": 0.679699659348,
        "dmean2": 1.15817439556,
        "dvar": 0.500068306923,
        "dvar2": 1.39887797832,
        "max": 4.54207086563,
        "mean": -0.603273928165,
        "median": -0.889525413513,
        "min": -1.68711662292,
        "var": 0.823917031288
    },
    "erbbands_skewness": {
        "dmean": 0.405499607325,
        "dmean2": 0.684160888195,
        "dvar": 0.0996725410223,
        "dvar2": 0.294624179602,
        "max": 1.12096178532,
        "mean": -0.558416306973,
        "median": -0.543339848518,
        "min": -2.24034833908,
        "var": 0.244963869452
    },
    "erbbands_spread": {
        "dmean": 6.89584970474,
        "dmean2": 11.8724422455,
        "dvar": 29.6151714325,
        "dvar2": 87.3716812134,
        "max": 64.0495300293,
        "mean": 36.937664032,
        "median": 36.7094306946,
        "min": 14.8903045654,
        "var": 57.7758865356
    },
    "hfc": {
        "dmean": 6.48108148575,
        "dmean2": 10.247341156,
        "dvar": 33.9253158569,
        "dvar2": 89.5400924683,
        "max": 98.9626846313,
        "mean": 25.0571727753,
        "median": 22.6707553864,
        "min": 0.914274334908,
        "var": 121.311836243
    },
    "melbands_crest": {
        "dmean": 4.02149438858,
        "dmean2": 6.99622821808,
        "dvar": 8.18035793304,
        "dvar2": 23.6552524567,
        "max": 25.5152778625,
        "mean": 13.9166822433,
        "median": 13.5267400742,
        "min": 5.34702301025,
        "var": 14.4114427567
    },
    "melbands_flatness_db": {
        "dmean": 0.0300587750971,
        "dmean2": 0.0510569363832,
        "dvar": 0.000588761118706,
        "dvar2": 0.00170941348188,
        "max": 0.398427426815,
        "mean": 0.283911645412,
        "median": 0.282858043909,
        "min": 0.165590196848,
        "var": 0.0012427814072
    },
    "melbands_kurtosis": {
        "dmean": 6.53201150894,
        "dmean2": 11.5077915192,
        "dvar": 46.7979812622,
        "dvar2": 132.518157959,
        "max": 56.3903503418,
        "mean": 9.57998180389,
        "median": 7.36378097534,
        "min": -1.26332497597,
        "var": 64.830696106
    },
    "melbands_skewness": {
        "dmean": 0.85030323267,
        "dmean2": 1.47384333611,
        "dvar": 0.516713261604,
        "dvar2": 1.50732159615,
        "max": 7.07930088043,
        "mean": 2.79109740257,
        "median": 2.63310050964,
        "min": 0.541848599911,
        "var": 0.93772238493
    },
    "melbands_spread": {
        "dmean": 7.88044452667,
        "dmean2": 13.6914300919,
        "dvar": 42.5897903442,
        "dvar2": 126.791023254,
        "max": 61.7838783264,
        "mean": 20.4757423401,
        "median": 19.2719612122,
        "min": 4.43270111084,
        "var": 91.7378005981
    },
    "pitch_salience": {
        "dmean": 0.0875321403146,
        "dmean2": 0.148473471403,
        "dvar": 0.00499719707295,
        "dvar2": 0.0151127269492,
        "max": 0.760727107525,
        "mean": 0.540529310703,
        "median": 0.553529083729,
        "min": 0.161580085754,
        "var": 0.00922075472772
    },
    "silence_rate_20dB": {
        "dmean": 0,
        "dmean2": 0,
        "dvar": 0,
        "dvar2": 0,
        "max": 1,
        "mean": 1,
        "median": 1,
        "min": 1,
        "var": 0
    },
    "silence_rate_30dB": {
        "dmean": 0,
        "dmean2": 0,
        "dvar": 0,
        "dvar2": 0,
        "max": 1,
        "mean": 1,
        "median": 1,
        "min": 1,
        "var": 0
    },
    "silence_rate_60dB": {
        "dmean": 0,
        "dmean2": 0,
        "dvar": 0,
        "dvar2": 0,
        "max": 0,
        "mean": 0,
        "median": 0,
        "min": 0,
        "var": 0
    },
    "spectral_centroid": {
        "dmean": 233.767456055,
        "dmean2": 397.639160156,
        "dvar": 32490.1621094,
        "dvar2": 97100.6640625,
        "max": 2249.68505859,
        "mean": 1161.85668945,
        "median": 1124.17443848,
        "min": 407.590026855,
        "var": 88889.8671875
    },
    "spectral_complexity": {
        "dmean": 3.05797100067,
        "dmean2": 4.93613910675,
        "dvar": 6.4778137207,
        "dvar2": 15.2934751511,
        "max": 42,
        "mean": 24.6237335205,
        "median": 25,
        "min": 3,
        "var": 21.0306606293
    },
    "spectral_decrease": {
        "dmean": 4.21358770097e-09,
        "dmean2": 7.32266469683e-09,
        "dvar": 1.10322592037e-17,
        "dvar2": 3.21890353971e-17,
        "max": -7.13801684427e-10,
        "mean": -1.21392336183e-08,
        "median": -1.22477361586e-08,
        "min": -2.349996997e-08,
        "var": 1.52603176313e-17
    },
    "spectral_energy": {
        "dmean": 0.01617555134,
        "dmean2": 0.0280402097851,
        "dvar": 0.000161451491294,
        "dvar2": 0.000470152444905,
        "max": 0.0909504964948,
        "mean": 0.0480888970196,
        "median": 0.0483389012516,
        "min": 0.00277698598802,
        "var": 0.000229565455811
    },
    "spectral_energyband_high": {
        "dmean": 4.22131488449e-05,
        "dmean2": 5.99886152486e-05,
        "dvar": 2.03693506506e-09,
        "dvar2": 4.0409253721e-09,
        "max": 0.000671692192554,
        "mean": 0.000196820343263,
        "median": 0.000165342760738,
        "min": 2.04835832847e-05,
        "var": 1.30220438876e-08
    },
    "spectral_energyband_low": {
        "dmean": 0.0132915563881,
        "dmean2": 0.0234730727971,
        "dvar": 0.000130451488076,
        "dvar2": 0.000383116479497,
        "max": 0.0808140560985,
        "mean": 0.0208426080644,
        "median": 0.018276264891,
        "min": 0.000755996443331,
        "var": 0.000172390922671
    },
    "spectral_energyband_middle_high": {
        "dmean": 0.00269949110225,
        "dmean2": 0.00435460545123,
        "dvar": 7.01438557371e-06,
        "dvar2": 1.92283732758e-05,
        "max": 0.0398374311626,
        "mean": 0.00823031179607,
        "median": 0.00721072638407,
        "min": 0.000243769143708,
        "var": 2.24223458645e-05
    },
    "spectral_energyband_middle_low": {
        "dmean": 0.00930349342525,
        "dmean2": 0.0160370897502,
        "dvar": 7.35368448659e-05,
        "dvar2": 0.000210444646655,
        "max": 0.0710481926799,
        "mean": 0.0196308400482,
        "median": 0.0180571358651,
        "min": 0.000721758115105,
        "var": 0.000111801324238
    },
    "spectral_entropy": {
        "dmean": 0.116488240659,
        "dmean2": 0.192773938179,
        "dvar": 0.0094813555479,
        "dvar2": 0.0250450018793,
        "max": 8.2884349823,
        "mean": 7.1324300766,
        "median": 7.13741016388,
        "min": 6.59920024872,
        "var": 0.0181713551283
    },
    "spectral_flux": {
        "dmean": 0.028697328642,
        "dmean2": 0.0465565696359,
        "dvar": 0.000538971624337,
        "dvar2": 0.00144421495497,
        "max": 0.247413307428,
        "mean": 0.130702778697,
        "median": 0.130042567849,
        "min": 0.0530262179673,
        "var": 0.000923400511965
    },
    "spectral_kurtosis": {
        "dmean": 4.26517868042,
        "dmean2": 7.74376440048,
        "dvar": 11.180015564,
        "dvar2": 35.3346176147,
        "max": 25.7651443481,
        "mean": 7.6455988884,
        "median": 7.04880905151,
        "min": 1.47542619705,
        "var": 15.4430522919
    },
    "spectral_rms": {
        "dmean": 0.00117631186731,
        "dmean2": 0.00202689645812,
        "dvar": 8.77333263816e-07,
        "dvar2": 2.5398589969e-06,
        "max": 0.00941977649927,
        "mean": 0.00675560161471,
        "median": 0.00686730677262,
        "min": 0.00164598133415,
        "var": 1.27783278003e-06
    },
    "spectral_rolloff": {
        "dmean": 604.864074707,
        "dmean2": 1107.06835938,
        "dvar": 312328.59375,
        "dvar2": 800029.0625,
        "max": 3079.24804688,
        "mean": 1224.68139648,
        "median": 947.4609375,
        "min": 107.666015625,
        "var": 538094.25
    },
    "spectral_skewness": {
        "dmean": 0.370495766401,
        "dmean2": 0.669192612171,
        "dvar": 0.0826520100236,
        "dvar2": 0.2538664639,
        "max": 3.69899177551,
        "mean": 1.49920189381,
        "median": 1.44737052917,
        "min": 0.600849449635,
        "var": 0.133743017912
    },
    "spectral_spread": {
        "dmean": 181762.21875,
        "dmean2": 292150.34375,
        "dvar": 188123611136,
        "dvar2": 147320324096,
        "max": 15257054,
        "mean": 2209268,
        "median": 2176386.25,
        "min": 1625667.5,
        "var": 312096784384
    },
    "spectral_strongpeak": {
        "dmean": 0.413376063108,
        "dmean2": 0.749017655849,
        "dvar": 0.649728953838,
        "dvar2": 1.9382506609,
        "max": 9.5215473175,
        "mean": 0.553822040558,
        "median": 0.415802329779,
        "min": 0,
        "var": 0.414275765419
    },
    "zerocrossingrate": {
        "dmean": 0.00570793682709,
        "dmean2": 0.00780399562791,
        "dvar": 1.86020515685e-05,
        "dvar2": 3.38705540344e-05,
        "max": 0.07470703125,
        "mean": 0.03971260041,
        "median": 0.0390625,
        "min": 0.00732421875,
        "var": 0.000114546877739
    },
    "barkbands": {
        "dmean": [9.95862428681e-05, 0.0109859714285, 0.00447789439932, 0.00224881828763, 0.00703493831679, 0.000958939373959, 0.002436067909, 0.00112539483234, 0.00055333529599, 0.000240169407334, 0.000284628506051, 7.05870552338e-05, 7.49052123865e-05, 0.000879014725797, 0.000382707832614, 0.00171316601336, 0.000495549524203, 0.000226451113122, 7.04601116013e-05, 1.90105456568e-05, 3.44918917108e-05, 4.36403843196e-06, 8.05272122761e-07, 6.52156870729e-07, 2.99261813552e-07, 8.4973130754e-08, 2.57192969144e-08],
        "dmean2": [0.000157644724823, 0.0194366984069, 0.00782596785575, 0.00401010550559, 0.0122783742845, 0.00163494830485, 0.00406430708244, 0.0019224639982, 0.000932042312343, 0.000372926006094, 0.000474079075502, 0.000116181661724, 0.000124355341541, 0.00152125756722, 0.000615988508798, 0.00310586579144, 0.000773802981712, 0.000364430976333, 0.000115435788757, 3.07678928948e-05, 5.00774513057e-05, 6.40087546344e-06, 1.07527785076e-06, 9.782656889e-07, 3.82050927783e-07, 1.30360518824e-07, 3.69379158371e-08],
        "dvar": [1.51722101549e-08, 9.88999454421e-05, 1.70415896719e-05, 7.98689052317e-06, 5.28495074832e-05, 1.22491337606e-06, 8.27347594168e-06, 2.68710641649e-06, 3.78336636686e-07, 6.69584991897e-08, 9.01482692939e-08, 1.43141232201e-08, 1.6215008003e-08, 1.20324443742e-06, 2.38831688648e-07, 3.89701926906e-06, 6.27324823199e-07, 1.38791236282e-07, 1.1774143438e-08, 9.77804170965e-10, 1.18952314665e-09, 8.45097186675e-11, 2.75671117878e-11, 2.45942086141e-11, 6.21927943173e-12, 5.68518078751e-14, 4.69779346446e-14],
        "dvar2": [3.18025676904e-08, 0.000292067736154, 4.81468086946e-05, 2.32187885558e-05, 0.00015445232566, 3.30211173605e-06, 2.10485159187e-05, 7.37774144e-06, 9.76434080258e-07, 1.48911937004e-07, 2.25289369382e-07, 3.4106218294e-08, 4.28753388348e-08, 3.20620370076e-06, 6.04203023613e-07, 1.31416118165e-05, 1.38451343901e-06, 2.74389719834e-07, 2.4671360066e-08, 2.5336788223e-09, 2.42237518933e-09, 1.4533009518e-10, 4.54715431975e-11, 4.34684684081e-11, 1.08791413378e-11, 7.4587376748e-14, 5.33936095207e-14],
        "max": [0.00177156669088, 0.0709747672081, 0.0325868800282, 0.0289989225566, 0.0528505407274, 0.0115478718653, 0.0266045797616, 0.0172000341117, 0.0073642898351, 0.00434119487181, 0.00407015858218, 0.00181080307811, 0.00156297965441, 0.00877739302814, 0.00757991801947, 0.0221919026226, 0.0126248188317, 0.00797994993627, 0.00217869947664, 0.000432019733125, 0.000525231356733, 0.000160336290719, 0.000154127832502, 0.000115100672701, 6.84602928231e-05, 5.18201977684e-06, 5.38859740118e-06],
        "mean": [0.000140596472193, 0.0148540586233, 0.00508512509987, 0.00254779704846, 0.00976227317005, 0.00143563258462, 0.00336630921811, 0.00151772156823, 0.000904479762539, 0.000582872482482, 0.000493461906444, 0.000110497276182, 0.000113330810564, 0.00125015270896, 0.000730026804376, 0.00328911747783, 0.000954359362368, 0.000615412311163, 0.000123624879052, 3.33345378749e-05, 0.00016604483244, 9.15446071303e-06, 1.55813484071e-06, 1.27794180571e-06, 4.70054715151e-07, 2.33880513179e-07, 8.94862850487e-08],
        "median": [9.03318577912e-05, 0.012176069431, 0.0037240665406, 0.00170830683783, 0.00749204028398, 0.00103316211607, 0.00232477206737, 0.00102370954119, 0.000699704920407, 0.000359798315912, 0.000333493488142, 7.25983263692e-05, 7.07257640897e-05, 0.000757840229198, 0.000545770162717, 0.00261092791334, 0.000619760539848, 0.000359947007382, 8.5340012447e-05, 2.26334450417e-05, 0.000141434764373, 5.91766183788e-06, 8.44255680477e-07, 6.22836296316e-07, 1.87284527442e-07, 1.80148873596e-07, 7.07895182472e-08],
        "min": [3.52431470674e-07, 0.000469615479233, 8.68022616487e-05, 1.32445293275e-05, 0.000282980588963, 6.32294686511e-05, 9.28406807361e-05, 3.22207342833e-05, 3.62768478226e-05, 2.35785755649e-05, 1.51287886183e-05, 5.80360028835e-06, 5.05714479004e-06, 1.80891056516e-05, 1.30658390844e-05, 6.95073395036e-05, 1.28406454678e-05, 1.18645311886e-05, 5.51620769329e-06, 2.26813290283e-06, 5.38799076821e-06, 9.81993593996e-07, 2.08580672734e-07, 1.75164757366e-07, 4.38030340888e-08, 2.53946037532e-08, 1.42705509631e-08],
        "var": [2.49529339413e-08, 0.000130136177177, 2.09328572964e-05, 8.00577799964e-06, 6.25839966233e-05, 1.75528145974e-06, 1.13076512207e-05, 2.80025824395e-06, 5.69588166854e-07, 3.93811518506e-07, 2.32723976978e-07, 1.89709652432e-08, 1.91846805109e-08, 1.64515188317e-06, 4.64196148187e-07, 5.40292467122e-06, 1.11993892915e-06, 4.88226589823e-07, 2.69623079419e-08, 1.38340672251e-09, 1.03353423597e-08, 1.81326106907e-10, 5.46337731999e-11, 4.28889389281e-11, 9.53157257982e-12, 8.80541909461e-14, 5.33652271407e-14]
    },
    "erbbands": {
        "dmean": [0.221808284521, 2.83180189133, 6.06280517578, 3.98904156685, 19.2051963806, 28.2347145081, 10.6133880615, 8.19145202637, 23.3744850159, 37.4102935791, 24.8867950439, 11.1951770782, 6.70988178253, 15.4978017807, 4.2141494751, 2.95327687263, 3.79574584961, 24.4980583191, 41.138584137, 29.5506057739, 86.9196243286, 27.4239215851, 15.5752534866, 9.29614257812, 1.26883733273, 0.852317392826, 0.88733369112, 1.75555825233, 0.197120085359, 0.0280636958778, 0.0254085846245, 0.0194866713136, 0.00723156658933, 0.00434148637578, 0.00145797431469, 0.000550373399165, 0.000130938118673, 2.4170101824e-05, 9.32922739594e-06, 1.78203754331e-05],
        "dmean2": [0.39575368166, 5.01322412491, 10.636054039, 7.03713274002, 33.9210243225, 49.6295623779, 18.5854320526, 14.0903778076, 39.6162872314, 62.6865005493, 42.7202224731, 18.6304531097, 10.9504976273, 24.9723548889, 6.84066915512, 4.90609788895, 6.22884511948, 41.2847938538, 69.5111083984, 50.2743911743, 156.803985596, 43.243560791, 25.5158405304, 15.6270494461, 2.0347700119, 1.3925358057, 1.37290358543, 2.50416326523, 0.285970956087, 0.0384231358767, 0.0353428311646, 0.0294548757374, 0.010556156747, 0.0054881349206, 0.00179577292874, 0.000855108373798, 0.000194307707716, 3.66545755242e-05, 1.4994770936e-05, 3.07828486257e-05],
        "dvar": [0.0426465123892, 6.78642988205, 28.3934593201, 22.804561615, 468.517883301, 805.880371094, 119.793533325, 116.698921204, 766.036865234, 2229.76147461, 1586.47351074, 148.447952271, 78.0405654907, 324.149719238, 21.1804962158, 26.0373497009, 42.6544342041, 1106.37548828, 2530.90356445, 1002.28186035, 9900.06445312, 1915.28527832, 765.693115234, 504.903717041, 4.04500055313, 1.86160886288, 1.27649712563, 3.39960980415, 0.13308095932, 0.0238867551088, 0.021473845467, 0.0238780286163, 0.00245292205364, 0.00130334752612, 0.000114164125989, 1.57598628903e-06, 1.96747478753e-07, 1.90924875909e-08, 9.23633169947e-10, 1.94182489532e-10],
        "dvar2": [0.122951105237, 19.8396587372, 80.9863510132, 67.7633514404, 1328.9798584, 2319.21264648, 323.324645996, 300.463226318, 2022.2935791, 5122.00195312, 4376.38818359, 360.701324463, 197.762023926, 667.804321289, 50.8274002075, 65.4539489746, 112.50680542, 2772.25537109, 6955.82568359, 3053.01025391, 32758.9003906, 4078.34350586, 1993.19262695, 1344.21118164, 7.7934718132, 4.62716197968, 2.48095536232, 6.71478796005, 0.245761230588, 0.0438550934196, 0.0282728411257, 0.0437591634691, 0.00388945825398, 0.00225098943338, 0.000171150531969, 2.30620571529e-06, 2.46803239179e-07, 2.21493543506e-08, 1.13275333558e-09, 5.5810528421e-10],
        "max": [1.38160538673, 17.9309177399, 36.6613998413, 51.7942390442, 186.449066162, 192.755218506, 81.4105606079, 134.224609375, 248.209915161, 624.657043457, 445.759124756, 152.522872925, 97.3090667725, 331.624633789, 61.6632041931, 81.9302139282, 85.8430633545, 455.569519043, 554.096740723, 336.056854248, 1171.48706055, 641.224121094, 549.037597656, 513.526000977, 43.9692192078, 17.9559650421, 15.9641370773, 29.6418056488, 6.88414907455, 4.40888023376, 4.2840924263, 3.64312291145, 1.25533092022, 0.994809627533, 0.299003511667, 0.0234017502517, 0.00953194592148, 0.00336362188682, 0.000765463104472, 0.000106853018224],
        "mean": [0.282496929169, 3.76229286194, 7.52737855911, 5.94102525711, 23.0394134521, 37.0068321228, 15.8901853561, 12.3723602295, 33.3898696899, 50.2005653381, 35.3193740845, 19.5373744965, 12.3917980194, 34.4195327759, 8.61446857452, 4.96318006516, 6.36098766327, 36.2247085571, 68.146987915, 66.8904571533, 171.995315552, 57.8565559387, 41.7883605957, 16.3520946503, 2.78647613525, 1.56868112087, 2.67008566856, 8.74670982361, 0.718638658524, 0.0733644589782, 0.0515723004937, 0.0368066132069, 0.0143764074892, 0.00685751670972, 0.00248721730895, 0.00145272584632, 0.000322902807966, 5.66834460187e-05, 3.47705463355e-05, 5.66912749491e-05],
        "median": [0.228811144829, 2.94946146011, 5.734852314, 4.69715690613, 16.6096591949, 26.7161884308, 12.1275730133, 8.79712677002, 23.6301956177, 33.1441497803, 24.4394569397, 15.6832914352, 9.73511505127, 17.6398792267, 6.57859706879, 3.54749965668, 4.24268245697, 21.2459030151, 48.782371521, 54.8141212463, 139.460418701, 39.1237068176, 24.8080368042, 11.1594753265, 2.05665946007, 1.12986636162, 2.1117682457, 7.57268047333, 0.577231347561, 0.0518605038524, 0.0295485090464, 0.0171973593533, 0.00760110747069, 0.0027339453809, 0.00107908505015, 0.00110001559369, 0.000239840708673, 3.51169146597e-05, 3.30952098011e-05, 5.68586910958e-05],
        "min": [0.0073077310808, 0.107358887792, 0.166535556316, 0.415448129177, 0.513610184193, 1.10801255703, 0.951673030853, 1.12045311928, 0.961879312992, 1.34762954712, 0.686023294926, 0.875168085098, 0.930435299873, 1.44928193092, 0.819137990475, 0.317936688662, 0.453345626593, 1.08421528339, 0.428500384092, 2.35290384293, 2.73196673393, 0.837114453316, 0.796604037285, 0.416204154491, 0.195057153702, 0.154136523604, 0.0950289517641, 0.311751961708, 0.0959315225482, 0.00914794206619, 0.00762657355517, 0.00538860773668, 0.00204324279912, 0.000736723770387, 0.000275792059256, 0.000229299024795, 3.49231595465e-05, 5.98542601438e-06, 8.53357596498e-06, 1.05814360722e-05],
        "var": [0.0530987977982, 8.82414340973, 35.2297515869, 24.5432319641, 468.758728027, 1030.47070312, 152.047164917, 145.728622437, 984.994567871, 3026.80688477, 1606.58398438, 259.249755859, 110.027313232, 1784.49560547, 46.1080436707, 32.7611923218, 51.972782135, 1596.45605469, 3775.37548828, 2013.01464844, 14235.2734375, 3538.61328125, 2213.38574219, 623.212280273, 10.6486978531, 2.60649418831, 3.91885352135, 29.4256210327, 0.351034194231, 0.0414463691413, 0.0482968166471, 0.0418343581259, 0.00432118494064, 0.00202916539274, 0.000201600661967, 3.00014039567e-06, 2.82261112261e-07, 2.23354952311e-08, 1.06505737563e-09, 2.89488627514e-10]
    },
    "gfcc": {
        "mean": [-12.2792081833, 175.672195435, -145.903823853, 44.4842910767, -18.8741512299, -19.0703277588, -27.97265625, -1.72305369377, 4.75625562668, -1.01991140842, -26.8250808716, -5.46449947357, 6.23237466812],
        "cov": [[395.22668457, -58.9575004578, -101.293327332, -21.8697013855, -40.1823387146, -29.1215801239, -23.1847267151, 10.5314559937, -21.9538326263, 2.28231024742, 4.48731899261, 8.89604282379, -28.009771347], [-58.9575004578, 145.496612549, 8.90173530579, -6.7752404213, 21.577255249, -28.5958156586, 22.597492218, -30.3418674469, 15.6249732971, -7.57583856583, 20.6993789673, -28.3208618164, 10.6405076981], [-101.293327332, 8.90173530579, 145.62638855, 29.0757026672, 7.81233453751, 38.320110321, 4.22346925735, 18.4693336487, 15.2668142319, 4.61459493637, 2.70217823982, 3.42566728592, 8.83483886719], [-21.8697013855, -6.7752404213, 29.0757026672, 67.5905532837, 29.9720668793, -4.59528255463, 9.60781383514, 2.61751437187, 10.1242332458, -2.85266089439, 0.870883405209, 1.87736749649, 0.617200791836], [-40.1823387146, 21.577255249, 7.81233453751, 29.9720668793, 73.4358901978, 10.8517150879, 17.870891571, -6.15391254425, 7.63097953796, 5.47690534592, -1.7596629858, -1.54865372181, 8.02180576324], [-29.1215801239, -28.5958156586, 38.320110321, -4.59528255463, 10.8517150879, 93.7262039185, 17.6653766632, 14.0561952591, 2.86545777321, 6.2492442131, 7.60517883301, -4.67503738403, 12.4288663864], [-23.1847267151, 22.597492218, 4.22346925735, 9.60781383514, 17.870891571, 17.6653766632, 62.2647705078, 15.4736471176, 8.54321861267, 5.01345729828, 4.17735385895, 5.34642982483, 3.28099775314], [10.5314559937, -30.3418674469, 18.4693336487, 2.61751437187, -6.15391254425, 14.0561952591, 15.4736471176, 52.5071487427, 25.0267829895, 11.3679189682, 4.15618944168, 13.3342647552, -2.92405724525], [-21.9538326263, 15.6249732971, 15.2668142319, 10.1242332458, 7.63097953796, 2.86545777321, 8.54321861267, 25.0267829895, 59.6782493591, 25.6454677582, 10.4939632416, 2.25001740456, -0.307493746281], [2.28231024742, -7.57583856583, 4.61459493637, -2.85266089439, 5.47690534592, 6.2492442131, 5.01345729828, 11.3679189682, 25.6454677582, 46.0559692383, 15.5183849335, 9.33382415771, -6.03081178665], [4.48731899261, 20.6993789673, 2.70217823982, 0.870883405209, -1.7596629858, 7.60517883301, 4.17735385895, 4.15618944168, 10.4939632416, 15.5183849335, 52.2087745667, 1.6421431303, -7.74882745743], [8.89604282379, -28.3208618164, 3.42566728592, 1.87736749649, -1.54865372181, -4.67503738403, 5.34642982483, 13.3342647552, 2.25001740456, 9.33382415771, 1.6421431303, 48.1930122375, 14.2915830612], [-28.009771347, 10.6405076981, 8.83483886719, 0.617200791836, 8.02180576324, 12.4288663864, 3.28099775314, -2.92405724525, -0.307493746281, -6.03081178665, -7.74882745743, 14.2915830612, 52.3546829224]],
        "icov": [[0.00366914016195, -0.00058395951055, 0.00299908756278, -0.00142592843622, 0.0015660263598, -0.000679946911987, 0.00180153630208, -0.0027198032476, 0.00222493777983, -0.00120486831293, 0.000157126123668, -0.000932440510951, 0.00140112312511], [-0.00058395951055, 0.0309195257723, -0.0107669122517, 0.0183253530413, -0.00973582733423, 0.0197922009975, -0.0202078241855, 0.0221863947809, -0.0181196443737, 0.0133740315214, -0.0180073734373, 0.0184575412422, -0.0119664743543], [0.00299908756278, -0.0107669122517, 0.0150295682251, -0.0119859818369, 0.00572480773553, -0.0111583666876, 0.00962652731687, -0.0111998105422, 0.00678512593731, -0.00561212515458, 0.00652625784278, -0.00705532636493, 0.00422608852386], [-0.00142592843622, 0.0183253530413, -0.0119859818369, 0.0333323068917, -0.015296199359, 0.0156901981682, -0.0138005111367, 0.0137971686199, -0.014694750309, 0.0137905031443, -0.0121237579733, 0.00937566813082, -0.00545477960259], [0.0015660263598, -0.00973582733423, 0.00572480773553, -0.015296199359, 0.0235549677163, -0.00908166263252, 0.00232832925394, -0.00241328426637, 0.00483922939748, -0.00850678700954, 0.0077913007699, -0.00492662331089, 0.00184347841423], [-0.000679946911987, 0.0197922009975, -0.0111583666876, 0.0156901981682, -0.00908166263252, 0.027911176905, -0.0160380601883, 0.00953924749047, -0.00803877878934, 0.00620138319209, -0.0139123452827, 0.0168093331158, -0.0123655321077], [0.00180153630208, -0.0202078241855, 0.00962652731687, -0.0138005111367, 0.00232832925394, -0.0160380601883, 0.0336734242737, -0.0213443860412, 0.0128560140729, -0.00871737860143, 0.0106277866289, -0.0133232614025, 0.00803858414292], [-0.0027198032476, 0.0221863947809, -0.0111998105422, 0.0137971686199, -0.00241328426637, 0.00953924749047, -0.0213443860412, 0.0494092069566, -0.0279064495116, 0.0129056023434, -0.0107277259231, 0.00347583577968, -0.0032484557014], [0.00222493777983, -0.0181196443737, 0.00678512593731, -0.014694750309, 0.00483922939748, -0.00803877878934, 0.0128560140729, -0.0279064495116, 0.041487313807, -0.0235885661095, 0.0085751703009, -0.00370294228196, 0.0025103117805], [-0.00120486831293, 0.0133740315214, -0.00561212515458, 0.0137905031443, -0.00850678700954, 0.00620138319209, -0.00871737860143, 0.0129056023434, -0.0235885661095, 0.0416270531714, -0.0140377925709, -0.00124091352336, 0.00143765483517], [0.000157126123668, -0.0180073734373, 0.00652625784278, -0.0121237579733, 0.0077913007699, -0.0139123452827, 0.0106277866289, -0.0107277259231, 0.0085751703009, -0.0140377925709, 0.0327542573214, -0.0117074511945, 0.0101062934846], [-0.000932440510951, 0.0184575412422, -0.00705532636493, 0.00937566813082, -0.00492662331089, 0.0168093331158, -0.0133232614025, 0.00347583577968, -0.00370294228196, -0.00124091352336, -0.0117074511945, 0.0401097945869, -0.0182231310755], [0.00140112312511, -0.0119664743543, 0.00422608852386, -0.00545477960259, 0.00184347841423, -0.0123655321077, 0.00803858414292, -0.0032484557014, 0.0025103117805, 0.00143765483517, 0.0101062934846, -0.0182231310755, 0.0302518140525]]
    },
    "melbands": {
        "dmean": [0.00259277061559, 0.0032558129169, 0.00104960193858, 0.00181161100045, 0.000511895981617, 0.000180336457561, 0.000408965686802, 0.00036205953802, 0.000202292867471, 6.70844747219e-05, 3.3422762499e-05, 6.02709005761e-05, 2.29725319514e-05, 6.28431780569e-06, 1.04421160358e-05, 5.97503503741e-06, 5.70353768126e-05, 8.56776750879e-05, 2.72157594736e-05, 0.000110400651465, 8.37593106553e-05, 3.07778718707e-05, 2.0336579837e-05, 1.11865329018e-05, 8.18083026388e-06, 1.1739183492e-06, 6.9983980211e-07, 6.10914355548e-07, 5.02499858612e-07, 9.62378521763e-07, 8.29808016078e-07, 1.38515162007e-07, 2.63549360113e-08, 1.23861711998e-08, 1.50021648437e-08, 1.40583180652e-08, 1.31828699068e-08, 5.53374324141e-09, 4.45781811464e-09, 3.62724716929e-09],
        "dmean2": [0.0045929281041, 0.00573732983321, 0.00184340041596, 0.00317354570143, 0.000892624550033, 0.000308272370603, 0.000683204270899, 0.00060610222863, 0.000347940891515, 0.000112656365673, 5.4421772802e-05, 9.67790547293e-05, 3.81795398425e-05, 9.99007988867e-06, 1.68869755726e-05, 9.92336208583e-06, 9.60681572906e-05, 0.000147823200678, 4.35050606029e-05, 0.000201024085982, 0.000150013787788, 4.78970250697e-05, 3.25574656017e-05, 1.80909682967e-05, 1.39658859553e-05, 1.88358035302e-06, 1.15517025279e-06, 1.0165290405e-06, 7.76305682848e-07, 1.40017732519e-06, 1.18585842301e-06, 2.03931421083e-07, 4.07325586593e-08, 1.80446004805e-08, 2.21808065248e-08, 1.75601542196e-08, 1.98782021954e-08, 8.32011970431e-09, 6.10596639916e-09, 4.62233806786e-09],
        "dvar": [5.45803140994e-06, 8.06150001154e-06, 1.43004888287e-06, 3.6591600292e-06, 2.3653245762e-07, 4.97816650125e-08, 2.30940713664e-07, 1.94325366465e-07, 9.83195818094e-08, 5.40875211286e-09, 1.94161420275e-09, 4.88731100035e-09, 6.0073468422e-10, 9.31185406561e-11, 2.47976333911e-10, 1.38252589932e-10, 6.08909545008e-09, 1.15896616748e-08, 1.41578648805e-09, 1.56192108136e-08, 9.2445784361e-09, 2.27879604076e-09, 1.4669270243e-09, 4.0777384247e-10, 4.26439356049e-10, 2.88717487418e-12, 2.32058794923e-12, 9.11919953613e-13, 4.5072653292e-13, 8.8452037578e-13, 7.88863494926e-13, 7.63983060842e-14, 1.34216614128e-14, 7.91614122614e-15, 6.43353583637e-15, 9.80382784097e-15, 1.00693472589e-14, 1.25273642388e-15, 1.02389692065e-15, 9.91996389309e-16],
        "dvar2": [1.64497851074e-05, 2.31280628213e-05, 4.2091855903e-06, 1.07419591586e-05, 6.57739747112e-07, 1.29692949713e-07, 6.10144866187e-07, 4.45841152441e-07, 2.6666069175e-07, 1.30345201299e-08, 4.89736917686e-09, 1.00121964053e-08, 1.46647272103e-09, 2.16368575834e-10, 6.19228390786e-10, 3.6807226711e-10, 1.54556030196e-08, 3.20978799095e-08, 3.55186169365e-09, 5.40553877215e-08, 2.95952276019e-08, 5.13263653801e-09, 3.79447984145e-09, 8.82554973547e-10, 1.19507004293e-09, 5.70318575352e-12, 6.45344975375e-12, 2.33327333149e-12, 8.7900048568e-13, 1.8417455061e-12, 1.56274136427e-12, 1.31732556178e-13, 2.47010833283e-14, 1.6747687899e-14, 8.49545585789e-15, 1.31993406751e-14, 2.17305658873e-14, 2.02900707405e-15, 1.89178604253e-15, 1.73451055307e-15],
        "max": [0.0172323901206, 0.0164524838328, 0.0128023792058, 0.0135784838349, 0.00333198183216, 0.00263698515482, 0.00420300615951, 0.00559021066874, 0.0041080377996, 0.000879447208717, 0.000503678165842, 0.00129714922514, 0.000300197745673, 0.000134344809339, 0.000229157085414, 0.000158085589646, 0.0010442720959, 0.00104942859616, 0.000628424168099, 0.00121566024609, 0.0011962086428, 0.000687666411977, 0.000755109474994, 0.000427838036558, 0.000449514627689, 3.46607521351e-05, 2.22942508117e-05, 9.80561253527e-06, 8.1385305748e-06, 1.40889424074e-05, 1.40896099765e-05, 3.955007287e-06, 3.23007475345e-06, 2.40475446844e-06, 2.2475348942e-06, 2.95232234748e-06, 2.36597384173e-06, 8.79338415416e-07, 8.65248807713e-07, 8.65248694026e-07],
        "mean": [0.0034151240252, 0.0045132804662, 0.00149532291107, 0.00243010558188, 0.000744405784644, 0.000271692348178, 0.00057985028252, 0.000496474793181, 0.00027976356796, 0.000112885754788, 5.39601351193e-05, 0.000134758520289, 4.34929461335e-05, 1.031910233e-05, 1.61723619385e-05, 8.95215998753e-06, 7.84207004472e-05, 0.000128404004499, 5.32084995939e-05, 0.000204600277357, 0.000169224440469, 5.81418935326e-05, 4.18624404119e-05, 2.91295655188e-05, 1.21209204735e-05, 2.3153991151e-06, 1.08597987492e-06, 9.99924395728e-07, 9.8552527561e-07, 4.51538790003e-06, 4.15965450884e-06, 2.95551160434e-07, 5.12624325211e-08, 2.27167582523e-08, 2.9853811867e-08, 2.46173712526e-08, 2.15651052571e-08, 1.05310293819e-08, 7.14502901289e-09, 5.2145843199e-09],
        "median": [0.00272488966584, 0.00367816328071, 0.00116613355931, 0.00180465914309, 0.000594866345637, 0.00019593059551, 0.000406535196817, 0.000327166198986, 0.000188015474123, 8.69454233907e-05, 4.03496742365e-05, 6.91900786478e-05, 3.15917204716e-05, 6.48502054901e-06, 1.13508722279e-05, 5.32611466042e-06, 4.65127195639e-05, 8.94336189958e-05, 4.01479919674e-05, 0.000162456650287, 0.000138498726301, 3.79957600671e-05, 2.53307352978e-05, 1.66235950019e-05, 7.92189075582e-06, 1.65987898981e-06, 6.47244576157e-07, 7.18709827652e-07, 6.7038860152e-07, 3.90795503336e-06, 3.60693752555e-06, 1.96574418965e-07, 3.44586794654e-08, 1.2519628001e-08, 1.74727983193e-08, 1.05102451187e-08, 1.04068984541e-08, 5.6536380022e-09, 3.23825144477e-09, 1.76572123589e-09],
        "min": [0.000106778585177, 0.000110593420686, 7.56981316954e-05, 5.73430515942e-05, 3.60771664418e-05, 2.17739670916e-05, 1.63060940395e-05, 1.29891395773e-05, 5.8603754951e-06, 5.07150525664e-06, 2.61071227214e-06, 5.89288856645e-06, 2.13428279494e-06, 4.85558416585e-07, 8.0047254869e-07, 5.46049307104e-07, 2.09275708585e-06, 5.03441299315e-07, 1.35789866818e-06, 5.66676271774e-06, 2.20590118261e-06, 7.742797834e-07, 6.22819754881e-07, 7.28980751319e-07, 3.03237925436e-07, 1.20517071878e-07, 8.43039913434e-08, 7.87155940429e-08, 5.19571230484e-08, 9.38527691119e-08, 1.94609185655e-07, 2.46346694155e-08, 5.98171956412e-09, 2.59158361438e-09, 4.00784783139e-09, 2.92448398831e-09, 2.66602762089e-09, 1.53886670073e-09, 7.6662326487e-10, 3.58723939442e-10],
        "var": [6.97622817825e-06, 1.04067803477e-05, 1.56935686846e-06, 4.37917105955e-06, 3.04099529558e-07, 6.63478516572e-08, 3.0732857681e-07, 2.67947257271e-07, 1.0643544357e-07, 8.95013840818e-09, 2.70796074453e-09, 2.77638925184e-08, 1.36969646736e-09, 1.4889033062e-10, 3.41954575767e-10, 1.47444251253e-10, 8.26102031226e-09, 1.55705439653e-08, 2.49751908044e-09, 2.12055333293e-08, 1.35443816163e-08, 3.97861432688e-09, 2.64963118113e-09, 1.19858079017e-09, 4.48121845187e-10, 7.98193455775e-12, 2.91669076044e-12, 1.09133947539e-12, 9.63126713799e-13, 7.42618033039e-12, 6.66313141814e-12, 1.68396194341e-13, 2.42300500004e-14, 1.12072453911e-14, 1.43223682968e-14, 2.24870848938e-14, 1.34626256201e-14, 2.16275209411e-15, 1.49127233677e-15, 1.51743136116e-15]
    },
    "mfcc": {
        "mean": [-651.574707031, 199.636962891, -47.7497291565, 61.3061065674, 17.5766162872, 6.04632616043, -20.8903999329, -2.01568937302, 27.915178299, -2.5682682991, -4.01088285446, 8.72182655334, -17.1514053345],
        "cov": [[477.130310059, -67.3502578735, -108.161308289, -24.9995670319, -43.5228652954, -52.3232727051, -12.9036064148, -13.9930448532, -43.3955841064, -14.9425020218, 19.4526062012, 5.66165351868, -18.1134147644], [-67.3502578735, 136.062835693, -11.7045717239, 20.4644908905, -10.1504497528, 4.58500242233, 0.859080076218, -18.8586864471, -0.0409416742623, 8.07553768158, -0.390320360661, -4.39873886108, -4.02831411362], [-108.161308289, -11.7045717239, 148.088104248, -18.4865055084, 22.0560035706, 14.6185407639, 5.63632106781, 18.2770938873, 11.679394722, 8.36150836945, 0.327443361282, 10.2562913895, 21.7845096588], [-24.9995670319, 20.4644908905, -18.4865055084, 96.4993743896, 12.5503749847, -5.45667695999, -4.26572322845, 0.962478399277, 8.00611305237, -8.56330490112, 2.68391561508, 8.071849823, -12.8757371902], [-43.5228652954, -10.1504497528, 22.0560035706, 12.5503749847, 58.4726333618, 21.0063819885, -4.87452030182, 4.63261985779, 5.46878623962, 7.23476552963, 0.31793731451, -8.75611305237, 1.49895393848], [-52.3232727051, 4.58500242233, 14.6185407639, -5.45667695999, 21.0063819885, 57.8232498169, 24.7897338867, 4.14511489868, 9.72275924683, 8.32944011688, -0.0450118482113, -3.24410200119, 4.18823480606], [-12.9036064148, 0.859080076218, 5.63632106781, -4.26572322845, -4.87452030182, 24.7897338867, 61.7785797119, 12.8968992233, -6.03176164627, 6.69433450699, -1.31314456463, -1.90223836899, 0.781348109245], [-13.9930448532, -18.8586864471, 18.2770938873, 0.962478399277, 4.63261985779, 4.14511489868, 12.8968992233, 46.939289093, 17.3966236115, 1.26119613647, 5.25641298294, 5.65001630783, 2.30696463585], [-43.3955841064, -0.0409416742623, 11.679394722, 8.00611305237, 5.46878623962, 9.72275924683, -6.03176164627, 17.3966236115, 60.8270263672, 9.38747406006, -10.2399902344, -0.140410289168, 7.67656087875], [-14.9425020218, 8.07553768158, 8.36150836945, -8.56330490112, 7.23476552963, 8.32944011688, 6.69433450699, 1.26119613647, 9.38747406006, 50.319858551, 10.474568367, 1.18281137943, 11.8465795517], [19.4526062012, -0.390320360661, 0.327443361282, 2.68391561508, 0.31793731451, -0.0450118482113, -1.31314456463, 5.25641298294, -10.2399902344, 10.474568367, 58.1320266724, 29.1468162537, -1.94710111618], [5.66165351868, -4.39873886108, 10.2562913895, 8.071849823, -8.75611305237, -3.24410200119, -1.90223836899, 5.65001630783, -0.140410289168, 1.18281137943, 29.1468162537, 60.7893295288, 16.5847110748], [-18.1134147644, -4.02831411362, 21.7845096588, -12.8757371902, 1.49895393848, 4.18823480606, 0.781348109245, 2.30696463585, 7.67656087875, 11.8465795517, -1.94710111618, 16.5847110748, 54.4750900269]],
