{
"lowlevel": {
    "average_loudness": 0.973592102528,
    "barkbands_crest": {
        "dmean": 1.60822498798,
        "dmean2": 2.6870033741,
        "dvar": 2.10717153549,
        "dvar2": 5.97907733917,
        "max": 18.0939102173,
        "mean": 13.4180812836,
        "median": 13.5866231918,
        "min": 7.44251775742,
        "var": 2.69641470909
    },
    "barkbands_flatness_db": {
        "dmean": 0.0277212783694,
        "dmean2": 0.0440057627857,
        "dvar": 0.000499050540384,
        "dvar2": 0.00106765737291,
        "max": 0.372128039598,
        "mean": 0.305929541588,
        "median": 0.312672197819,
        "min": 0.123674191535,
        "var": 0.00195116421673
    },
    "barkbands_kurtosis": {
        "dmean": 15.683719635,
        "dmean2": 25.341714859,
        "dvar": 172.395858765,
        "dvar2": 439.421661377,
        "max": 87.7629394531,
        "mean": 44.460647583,
        "median": 40.98960495,
        "min": 5.28235721588,
        "var": 513.93939209
    },
    "barkbands_skewness": {
        "dmean": 0.990269720554,
        "dmean2": 1.6457747221,
        "dvar": 0.626423537731,
        "dvar2": 1.57069194317,
        "max": 8.04487705231,
        "mean": 5.58088254929,
        "median": 5.48171854019,
        "min": 2.36805081367,
        "var": 1.92117226124
    },
    "barkbands_spread": {
        "dmean": 1.6184412241,
        "dmean2": 2.63339996338,
        "dvar": 4.17937088013,
        "dvar2": 10.9739875793,
        "max": 17.8899497986,
        "mean": 3.89055728912,
        "median": 3.05792665482,
        "min": 1.10179650784,
        "var": 9.37970066071
    },
    "dissonance": {
        "dmean": 0.0172141678631,
        "dmean2": 0.02858998999,
        "dvar": 0.000273596844636,
        "dvar2": 0.00049904716434,
        "max": 0.496985763311,
        "mean": 0.468762129545,
        "median": 0.472102791071,
        "min": 0.356324583292,
        "var": 0.000379593257094
    },
    "dynamic_complexity": 0.189727023244,
    "erbbands_crest": {
        "dmean": 2.91800403595,
        "dmean2": 4.97997188568,
        "dvar": 4.78861045837,
        "dvar2": 11.784529686,
        "max": 17.6869010925,
        "mean": 10.7877111435,
        "median": 10.2997837067,
        "min": 4.39844417572,
        "var": 13.1952409744
    },
    "erbbands_flatness_db": {
        "dmean": 0.0108443414792,
        "dmean2": 0.0168527048081,
        "dvar": 0.000162988450029,
        "dvar2": 0.000230903824558,
        "max": 0.221877977252,
        "mean": 0.198406741023,
        "median": 0.200912669301,
        "min": 0.0895246267319,
        "var": 0.000316736579407
    },
    "erbbands_kurtosis": {
        "dmean": 0.709731221199,
        "dmean2": 1.27349317074,
        "dvar": 0.590443730354,
        "dvar2": 1.58807218075,
        "max": 3.11072397232,
        "mean": -0.59874433279,
        "median": -0.890362977982,
        "min": -1.59508895874,
        "var": 0.760506331921
    },
    "erbbands_skewness": {
        "dmean": 0.386230289936,
        "dmean2": 0.63462805748,
        "dvar": 0.0935013145208,
        "dvar2": 0.232377707958,
        "max": 2.0269742012,
        "mean": 0.669362306595,
        "median": 0.63342243433,
        "min": -1.32922494411,
        "var": 0.308062881231
    },
    "erbbands_spread": {
        "dmean": 9.42676830292,
        "dmean2": 16.511013031,
        "dvar": 53.3950080872,
        "dvar2": 160.039886475,
        "max": 77.3797912598,
        "mean": 56.5896492004,
        "median": 56.6242218018,
        "min": 32.5917892456,
        "var": 76.3856277466
    },
    "hfc": {
        "dmean": 4.26251173019,
        "dmean2": 6.81973552704,
        "dvar": 20.4681282043,
        "dvar2": 42.6626586914,
        "max": 37.7790603638,
        "mean": 26.8936920166,
        "median": 27.5055580139,
        "min": 1.17939317226,
        "var": 22.6427745819
    },
    "melbands_crest": {
        "dmean": 2.45739364624,
        "dmean2": 4.19753932953,
        "dvar": 8.00120067596,
        "dvar2": 21.9539031982,
        "max": 30.6664619446,
        "mean": 27.3906707764,
        "median": 28.1238994598,
        "min": 12.6026439667,
        "var": 10.187962532
    },
    "melbands_flatness_db": {
        "dmean": 0.0306776557118,
        "dmean2": 0.0495619140565,
        "dvar": 0.000524737115484,
        "dvar2": 0.00117014232092,
        "max": 0.486877948046,
        "mean": 0.413562327623,
        "median": 0.420324027538,
        "min": 0.241361156106,
        "var": 0.00218767905608
    },
    "melbands_kurtosis": {
        "dmean": 39.6849136353,
        "dmean2": 65.4498062134,
        "dvar": 1162.39282227,
        "dvar2": 2977.66772461,
        "max": 236.73866272,
        "mean": 119.971916199,
        "median": 113.284629822,
        "min": 22.7897624969,
        "var": 3108.57324219
    },
    "melbands_skewness": {
        "dmean": 1.46626615524,
        "dmean2": 2.51213550568,
        "dvar": 1.21957576275,
        "dvar2": 3.07494330406,
        "max": 12.1146087646,
        "mean": 8.57532501221,
        "median": 8.38712978363,
        "min": 4.30046510696,
        "var": 3.40272951126
    },
    "melbands_spread": {
        "dmean": 1.01452028751,
        "dmean2": 1.68929827213,
        "dvar": 1.75337707996,
        "dvar2": 4.46299171448,
        "max": 10.4745903015,
        "mean": 2.41258573532,
        "median": 1.83817958832,
        "min": 0.734679281712,
        "var": 3.80856657028
    },
    "pitch_salience": {
        "dmean": 0.0881469324231,
        "dmean2": 0.150460854173,
        "dvar": 0.00714998785406,
        "dvar2": 0.0159908309579,
        "max": 0.749741017818,
        "mean": 0.282655775547,
        "median": 0.265549272299,
        "min": 0.127322494984,
        "var": 0.0119009278715
    },
    "silence_rate_20dB": {
        "dmean": 0,
        "dmean2": 0,
        "dvar": 0,
        "dvar2": 0,
        "max": 1,
        "mean": 1,
        "median": 1,
        "min": 1,
        "var": 0
    },
    "silence_rate_30dB": {
        "dmean": 0.0555555559695,
        "dmean2": 0.101123593748,
        "dvar": 0.052469138056,
        "dvar2": 0.158313348889,
        "max": 1,
        "mean": 0.0329670347273,
        "median": 0,
        "min": 0,
        "var": 0.0318802073598
    },
    "silence_rate_60dB": {
        "dmean": 0,
        "dmean2": 0,
        "dvar": 0,
        "dvar2": 0,
        "max": 0,
        "mean": 0,
        "median": 0,
        "min": 0,
        "var": 0
    },
    "spectral_centroid": {
        "dmean": 140.263244629,
        "dmean2": 235.86932373,
        "dvar": 23431.8730469,
        "dvar2": 63632.0742188,
        "max": 1626.93005371,
        "mean": 478.899810791,
        "median": 428.636077881,
        "min": 201.479370117,
        "var": 51585.4023438
    },
    "spectral_complexity": {
        "dmean": 4.25555562973,
        "dmean2": 6.30337095261,
        "dvar": 20.4346904755,
        "dvar2": 37.0877380371,
        "max": 40,
        "mean": 19.2857151031,
        "median": 18,
        "min": 2,
        "var": 44.5777130127
    },
    "spectral_decrease": {
        "dmean": 1.24680017421e-08,
        "dmean2": 2.03778220964e-08,
        "dvar": 9.62151871627e-17,
        "dvar2": 2.6120007934e-16,
        "max": -9.34441191092e-10,
        "mean": -5.05274933005e-08,
        "median": -5.21081204852e-08,
        "min": -7.17228729741e-08,
        "var": 1.80180610312e-16
    },
    "spectral_energy": {
        "dmean": 0.0474003702402,
        "dmean2": 0.0774741992354,
        "dvar": 0.00139685405884,
        "dvar2": 0.00378651940264,
        "max": 0.273436933756,
        "mean": 0.193141356111,
        "median": 0.19905424118,
        "min": 0.00363377295434,
        "var": 0.0025956183672
    },
    "spectral_energyband_high": {
        "dmean": 8.11329082353e-05,
        "dmean2": 0.000129600826767,
        "dvar": 5.05977926224e-09,
        "dvar2": 1.18974172736e-08,
        "max": 0.000664550752845,
        "mean": 0.00016499593039,
        "median": 0.000133905690745,
        "min": 3.1218296499e-05,
        "var": 1.10013855803e-08
    },
    "spectral_energyband_low": {
        "dmean": 0.0500172302127,
        "dmean2": 0.0816770866513,
        "dvar": 0.00151584972627,
        "dvar2": 0.00422514323145,
        "max": 0.263839900494,
        "mean": 0.174764230847,
        "median": 0.184770897031,
        "min": 0.00244822003879,
        "var": 0.00294825504534
    },
    "spectral_energyband_middle_high": {
        "dmean": 0.00100144161843,
        "dmean2": 0.0016148701543,
        "dvar": 1.12226484816e-06,
        "dvar2": 1.95716870621e-06,
        "max": 0.00819762330502,
        "mean": 0.00304795615375,
        "median": 0.00245622126386,
        "min": 0.000225411698921,
        "var": 3.48090361513e-06
    },
    "spectral_energyband_middle_low": {
        "dmean": 0.00739612523466,
        "dmean2": 0.0132861817256,
        "dvar": 5.19942659594e-05,
        "dvar2": 0.000127171617351,
        "max": 0.0440937429667,
        "mean": 0.016333758831,
        "median": 0.0150873074308,
        "min": 0.00115677097347,
        "var": 6.48543136776e-05
    },
    "spectral_entropy": {
        "dmean": 0.18502138555,
        "dmean2": 0.295582354069,
        "dvar": 0.0178335495293,
        "dvar2": 0.0445856377482,
        "max": 7.9664106369,
        "mean": 6.99035644531,
        "median": 6.98520994186,
        "min": 6.37470960617,
        "var": 0.0633223429322
    },
    "spectral_flux": {
        "dmean": 0.042312849313,
        "dmean2": 0.0708030760288,
        "dvar": 0.00162371015176,
        "dvar2": 0.00390069768764,
        "max": 0.336246490479,
        "mean": 0.136818081141,
        "median": 0.121928155422,
        "min": 0.0502097345889,
        "var": 0.00332174752839
    },
    "spectral_kurtosis": {
        "dmean": 4.27517271042,
        "dmean2": 8.21878814697,
        "dvar": 10.782790184,
        "dvar2": 33.1568756104,
        "max": 20.4312210083,
        "mean": 6.70262956619,
        "median": 6.66094970703,
        "min": 0.821895360947,
        "var": 12.740694046
    },
    "spectral_rms": {
        "dmean": 0.0018159680767,
        "dmean2": 0.00294727622531,
        "dvar": 2.84809243567e-06,
        "dvar2": 6.86877729095e-06,
        "max": 0.0163330268115,
        "mean": 0.013552791439,
        "median": 0.0139355398715,
        "min": 0.00188285543118,
        "var": 4.75241586173e-06
    },
    "spectral_rolloff": {
        "dmean": 26.0791015625,
        "dmean2": 46.4536514282,
        "dvar": 1220.96313477,
        "dvar2": 3020.6730957,
        "max": 236.865234375,
        "mean": 129.672470093,
        "median": 107.666015625,
        "min": 107.666015625,
        "var": 1304.19116211
    },
    "spectral_skewness": {
        "dmean": 0.441694557667,
        "dmean2": 0.816335499287,
        "dvar": 0.124430581927,
        "dvar2": 0.364199012518,
        "max": 3.08501839638,
        "mean": 1.49003231525,
        "median": 1.46691977978,
        "min": 0.673068881035,
        "var": 0.19140625
    },
    "spectral_spread": {
        "dmean": 343772.34375,
        "dmean2": 496999.46875,
        "dvar": 689260068864,
        "dvar2": 474176749568,
        "max": 11991168,
        "mean": 2987852,
        "median": 2869661.75,
        "min": 2440599.75,
        "var": 999674019840
    },
    "spectral_strongpeak": {
        "dmean": 0.268445193768,
        "dmean2": 0.422549903393,
        "dvar": 0.0726645067334,
        "dvar2": 0.170401394367,
        "max": 2.0484457016,
        "mean": 1.60986983776,
        "median": 1.7088227272,
        "min": 0,
        "var": 0.128756865859
    },
    "zerocrossingrate": {
        "dmean": 0.00246853288263,
        "dmean2": 0.00309427664615,
        "dvar": 8.30417957332e-06,
        "dvar2": 1.04204673335e-05,
        "max": 0.03369140625,
        "mean": 0.0101465918124,
        "median": 0.00830078125,
        "min": 0.00390625,
        "var": 2.7094840334e-05
    },
    "barkbands": {
        "dmean": [0.000134078814881, 0.0299187786877, 0.0331396386027, 0.00262505700812, 0.00639269500971, 0.000445086101536, 0.000173763910425, 0.000374438066501, 0.000653541297652, 0.000543767528143, 0.000141656695632, 0.000169874474523, 3.14525932481e-05, 0.000210310929106, 0.000119339238154, 0.000225942581892, 0.000187566460227, 7.13796471246e-05, 0.0001299042342, 6.50898437016e-05, 4.1195362428e-05, 3.21889888255e-06, 6.03908063113e-07, 5.71099064928e-07, 3.0519873917e-07, 2.48782669132e-07, 2.29877073821e-07],
        "dmean2": [0.000166313111549, 0.0534208230674, 0.0559832118452, 0.00460170395672, 0.011558836326, 0.000776806147769, 0.000298724480672, 0.000564068963286, 0.00106304208748, 0.000915625540074, 0.000237882559304, 0.000275777158095, 5.31142541149e-05, 0.00036050970084, 0.000192769206478, 0.000361144193448, 0.00030233405414, 0.000115423390525, 0.000200995826162, 0.000105528568383, 7.33576671337e-05, 5.01879412695e-06, 8.85197493972e-07, 7.7784216046e-07, 3.88673328189e-07, 3.04431722498e-07, 2.75243536407e-07],
        "dvar": [2.5125913794e-07, 0.000526188930962, 0.000535267114174, 5.10406289322e-06, 4.50996994914e-05, 2.10720202176e-07, 2.21684484103e-08, 1.43919393736e-07, 4.586454736e-07, 3.46590979916e-07, 1.4343826571e-08, 3.38885044471e-08, 2.02758121404e-09, 7.66875842828e-08, 2.56187924208e-08, 9.38978317322e-08, 3.86582890144e-08, 4.54324666777e-09, 1.88664834866e-08, 2.6870623504e-09, 2.86079693268e-09, 1.13915361519e-11, 3.30262726889e-12, 3.31783060227e-12, 2.75101881379e-12, 2.84412315747e-12, 3.15591172986e-12],
        "dvar2": [2.59738641262e-07, 0.00147580914199, 0.00138152460568, 1.28957108245e-05, 0.000118837044283, 6.21423964731e-07, 6.4577584169e-08, 3.45980055272e-07, 1.29492173073e-06, 1.0467363154e-06, 3.81782463421e-08, 9.39999580396e-08, 5.66848390449e-09, 2.20999154976e-07, 6.92262247526e-08, 2.03855975656e-07, 9.12125628361e-08, 9.05733354983e-09, 4.04977242852e-08, 7.67580932148e-09, 7.02396230068e-09, 2.31451732779e-11, 3.65791988713e-12, 3.44555655708e-12, 2.77644075265e-12, 2.99308147711e-12, 3.25945238681e-12],
        "max": [0.00484350789338, 0.156067848206, 0.145063117146, 0.0131980907172, 0.0344464145601, 0.00265395734459, 0.000685841660015, 0.00227451766841, 0.00338205322623, 0.00469162128866, 0.000791449507233, 0.00137061392888, 0.000329235830577, 0.00193868705537, 0.00121638609562, 0.00295098405331, 0.00143495877273, 0.000602850981522, 0.00134254887234, 0.000347532739397, 0.00046058013686, 2.61649292952e-05, 1.83817974175e-05, 1.83500942512e-05, 1.63416680152e-05, 1.60978797794e-05, 1.68180376932e-05],
        "mean": [0.0001724450849, 0.0888173207641, 0.0848169624805, 0.00333269895054, 0.0103104719892, 0.000655796728097, 0.000251790479524, 0.000620559731033, 0.000905038265046, 0.000855255522765, 0.000214409592445, 0.000234260616708, 4.18024756073e-05, 0.000286905851681, 0.000229917350225, 0.000422388635343, 0.000332494149916, 0.000165887671756, 0.000256013212493, 0.000126011145767, 8.22951187729e-05, 7.40919995224e-06, 1.27558837448e-06, 1.11916870082e-06, 5.08843356783e-07, 4.01478672529e-07, 2.76697676327e-07],
        "median": [8.18755070213e-05, 0.0916182473302, 0.089353300631, 0.00261597987264, 0.00872896052897, 0.000521314272191, 0.00021174288122, 0.000399182987167, 0.000624007370789, 0.00062523962697, 0.000146480946569, 0.000131702996441, 2.73985460808e-05, 0.000190248072613, 0.000185075041372, 0.000304903485812, 0.000253332342254, 0.000125565944472, 0.000197461267817, 0.000104894308606, 6.7612309067e-05, 5.96140853304e-06, 9.60602619671e-07, 6.82132963448e-07, 2.54726813864e-07, 1.58998361144e-07, 3.46749260416e-08],
        "min": [1.04948082935e-06, 0.00100144580938, 0.000942586222664, 0.000257348961895, 0.000323552900227, 7.26188591216e-05, 4.67087556899e-05, 2.25984076678e-05, 2.14995725401e-05, 1.84696455108e-05, 1.9777309717e-05, 1.35684394991e-05, 5.67906681681e-06, 6.14284635958e-06, 2.26497977565e-05, 6.25853499514e-05, 2.25820440392e-05, 1.9655437427e-05, 1.49968473124e-05, 1.82363655767e-05, 6.86257453708e-06, 1.39222242979e-06, 2.85691839963e-07, 3.02027331145e-07, 1.30532427534e-07, 8.31921127542e-08, 1.83263431097e-08],
        "var": [2.60505572669e-07, 0.00089332886273, 0.000941625097767, 6.74909597365e-06, 4.78852052765e-05, 2.29001827279e-07, 2.65958384205e-08, 3.31889822291e-07, 5.60922273962e-07, 6.91472848757e-07, 2.62791548522e-08, 5.3295185154e-08, 2.17777484934e-09, 9.74049854108e-08, 3.67962975645e-08, 1.67028900933e-07, 6.10789570032e-08, 1.35620314978e-08, 4.02724005255e-08, 6.00564131759e-09, 3.74702713302e-09, 2.22861711724e-11, 3.62881729873e-12, 3.95936755604e-12, 2.96761053231e-12, 2.88808755557e-12, 3.18492519684e-12]
    },
    "erbbands": {
        "dmean": [0.260697245598, 8.44696044922, 39.005405426, 9.51022911072, 28.1710319519, 13.1584787369, 4.48285293579, 3.04800820351, 1.40532052517, 3.88770508766, 15.6168279648, 11.4103221893, 15.4068899155, 8.46962356567, 6.62846422195, 4.66581916809, 1.04099929333, 5.34403610229, 9.42957401276, 7.9447555542, 12.1332788467, 11.049571991, 3.51815056801, 7.93042993546, 4.52381706238, 3.31829285622, 1.91231012344, 1.41569709778, 0.135883972049, 0.0288171935827, 0.0204097274691, 0.012912273407, 0.0085017522797, 0.00410247920081, 0.00184413150419, 0.00112061167601, 0.000451582163805, 0.000146035381476, 5.03992087033e-05, 5.13693667017e-05],
        "dmean2": [0.47158229351, 14.7818880081, 64.2908248901, 15.6820545197, 50.2888870239, 23.3497219086, 7.5431842804, 5.2719836235, 2.37647795677, 6.69559574127, 24.975479126, 18.8394069672, 25.3724403381, 14.255443573, 11.2087554932, 7.59632444382, 1.63147723675, 9.36743164062, 14.9081697464, 12.7818918228, 19.3748416901, 18.0803585052, 5.8015666008, 11.9197750092, 7.54339933395, 5.25501871109, 3.24877524376, 2.45262169838, 0.210070669651, 0.0416069105268, 0.031489033252, 0.0174472592771, 0.0112698636949, 0.00545744365081, 0.00233079004101, 0.00142653542571, 0.000554064346943, 0.000176993853529, 6.73179019941e-05, 8.25294046081e-05],
        "dvar": [0.0483855418861, 44.2789573669, 807.435180664, 55.927936554, 766.489929199, 130.803512573, 16.9120559692, 9.90965366364, 1.3844742775, 14.2785263062, 298.954559326, 131.648834229, 250.262786865, 87.5104675293, 37.169757843, 24.6414222717, 1.35000896454, 36.8957748413, 155.484405518, 83.7439575195, 251.822891235, 151.483413696, 15.7049913406, 84.9641494751, 23.0638027191, 7.36083984375, 2.81453204155, 4.2531952858, 0.0219329893589, 0.00484066363424, 0.00245608412661, 0.00169033207931, 0.000789653335232, 0.000346596876625, 0.00013733288506, 4.53101383755e-05, 9.69748361968e-06, 1.20407923987e-06, 6.03013390332e-08, 1.6361312305e-09],
        "dvar2": [0.147421002388, 123.351219177, 2105.51025391, 161.169967651, 2017.15771484, 341.175811768, 50.1179885864, 30.5151290894, 3.58596038818, 36.6160011292, 731.246459961, 353.363769531, 755.353515625, 256.933654785, 89.1911621094, 57.7318878174, 2.02835035324, 102.915084839, 357.917144775, 172.722091675, 544.923461914, 363.320587158, 32.0165672302, 187.661956787, 53.3451118469, 21.0611610413, 6.26848745346, 11.9116649628, 0.0440662577748, 0.00544764334336, 0.00300948508084, 0.00174990401138, 0.000835854851175, 0.000343914900441, 0.000142772871186, 4.80546477775e-05, 1.01453460957e-05, 1.24866505757e-06, 6.10934804968e-08, 4.41876579771e-09],
        "max": [1.18950843811, 45.670463562, 188.253646851, 47.0541954041, 139.413345337, 69.2819824219, 23.419052124, 17.5501842499, 8.20315551758, 22.5707454681, 97.3450088501, 60.8501434326, 129.706817627, 58.7986221313, 44.2858085632, 42.0934333801, 10.0622491837, 38.0403137207, 85.5777893066, 68.6082077026, 155.575958252, 87.6409606934, 36.1403884888, 88.3102111816, 35.2655677795, 18.6880760193, 12.1270551682, 17.4640293121, 1.10723423958, 0.710239291191, 0.490786403418, 0.415405720472, 0.281120568514, 0.188025087118, 0.11281543225, 0.0647155791521, 0.0297223422676, 0.0103901447728, 0.00243744067848, 0.000360410136636],
        "mean": [0.523336827755, 26.9145889282, 118.422721863, 25.0649547577, 39.5319137573, 22.9124183655, 7.61066293716, 4.46911525726, 2.5426607132, 5.90652179718, 23.5274772644, 17.2056884766, 25.6589679718, 13.3625564575, 11.7478122711, 7.70732688904, 2.25992751122, 8.2557516098, 16.58344841, 16.3920326233, 22.497045517, 19.6543884277, 9.08270263672, 15.2580013275, 8.90116977692, 6.3764333725, 3.70117282867, 2.5978012085, 0.370821148157, 0.0690720751882, 0.0393743664026, 0.0264738630503, 0.0160767547786, 0.00682385358959, 0.00329371867701, 0.00202706316486, 0.000737191119697, 0.000177805181011, 0.000124840473291, 0.000214095096453],
        "median": [0.497690409422, 28.1795463562, 125.490577698, 24.8583183289, 31.0110282898, 19.186088562, 6.12390470505, 3.42153334618, 2.05589222908, 4.57632112503, 14.739405632, 12.8317670822, 18.1428947449, 9.34524917603, 9.41816711426, 4.64690113068, 1.79542696476, 5.94825267792, 11.3765630722, 13.0004796982, 16.7338657379, 13.8683614731, 7.47901773453, 12.4002981186, 6.25004196167, 5.19507884979, 3.15610957146, 2.03810691833, 0.319967210293, 0.055091727525, 0.0290466658771, 0.0178044475615, 0.00911293365061, 0.00350995990448, 0.00159204402007, 0.00103138422128, 0.000297711841995, 2.6131321647e-05, 9.82121564448e-05, 0.000217066874029],
        "min": [0.0270596016198, 0.237862795591, 0.960751771927, 1.76028168201, 1.62922978401, 0.869056403637, 0.650350153446, 0.522421598434, 0.679860174656, 0.4313159585, 0.583816170692, 0.393105179071, 0.528379499912, 1.02999961376, 0.668357074261, 0.674980044365, 0.327388644218, 0.152627468109, 0.769178509712, 3.45378756523, 1.88427913189, 1.20850944519, 1.17749273777, 0.51963108778, 1.13158237934, 0.971287250519, 0.42722043395, 0.212045818567, 0.0851964950562, 0.0195554196835, 0.00814691092819, 0.006953463424, 0.00369313778356, 0.00173024926335, 0.000976668670774, 0.000566202623304, 0.000173971944605, 1.42084718391e-05, 3.40909973602e-05, 4.06421604566e-05],
        "var": [0.0429950878024, 80.2016143799, 1606.23522949, 75.7997207642, 850.859130859, 187.522964478, 25.2891082764, 10.8162107468, 2.08381390572, 18.652179718, 509.052490234, 169.910049438, 605.972290039, 126.099342346, 74.0583648682, 49.627040863, 3.21837639809, 49.7624588013, 253.424880981, 157.220535278, 480.23248291, 229.726608276, 36.6396064758, 156.18913269, 42.3938217163, 16.7045288086, 5.40272760391, 4.87073612213, 0.0480407513678, 0.00566139724106, 0.00275064492598, 0.0019433493726, 0.000956842850428, 0.000394566450268, 0.000140603719046, 4.61863237433e-05, 9.83908830676e-06, 1.21596576719e-06, 6.19350828401e-08, 2.97194313603e-09]
    },
    "gfcc": {
        "mean": [-16.1251010895, 173.724182129, -113.785369873, 61.0111808777, -6.14958381653, -7.86017656326, 1.49640214443, 6.46860694885, -12.9701118469, -14.7734241486, -22.4541969299, -21.2629985809, 3.36761498451],
        "cov": [[345.428833008, -11.7912540436, -180.734054565, -24.5746250153, -25.5801696777, 39.1759376526, 22.307767868, 10.4378652573, -13.4715776443, 13.2177629471, -31.6630477905, -23.827129364, -12.2059221268], [-11.7912540436, 199.948974609, -31.7393398285, 21.2278633118, 24.679731369, -47.7998390198, 52.7148017883, -11.0488977432, 19.5874843597, -29.3962612152, 1.24143743515, -31.5483131409, 20.92445755], [-180.734054565, -31.7393398285, 235.910430908, -16.0186901093, 2.84195756912, -10.6533098221, -42.3036727905, -10.422703743, 14.4247236252, 5.40118360519, 24.6226673126, 35.3606567383, -7.20456123352], [-24.5746250153, 21.2278633118, -16.0186901093, 54.6181221008, 18.2707023621, -19.0887737274, 5.31044864655, -6.98143577576, 2.14135527611, -4.85240840912, 8.5862903595, -9.16283512115, 12.3842487335], [-25.5801696777, 24.679731369, 2.84195756912, 18.2707023621, 46.2473487854, 3.10804367065, 12.4146347046, -10.4997196198, 1.08199882507, -2.38044190407, 7.14875602722, 2.13685536385, 5.07423639297], [39.1759376526, -47.7998390198, -10.6533098221, -19.0887737274, 3.10804367065, 49.3196334839, 1.82678294182, -3.31228709221, -17.0183048248, -2.21234798431, 2.15890312195, 9.81356239319, 0.195264354348], [22.307767868, 52.7148017883, -42.3036727905, 5.31044864655, 12.4146347046, 1.82678294182, 66.9248886108, 14.7319364548, -0.118404135108, -11.7127771378, -11.3647050858, -16.729593277, 8.69301509857], [10.4378652573, -11.0488977432, -10.422703743, -6.98143577576, -10.4997196198, -3.31228709221, 14.7319364548, 31.881193161, 12.6730117798, 0.241891950369, -11.7516508102, -7.20570087433, -3.56083893776], [-13.4715776443, 19.5874843597, 14.4247236252, 2.14135527611, 1.08199882507, -17.0183048248, -0.118404135108, 12.6730117798, 35.3616714478, 9.98100280762, -5.46623706818, -10.0548229218, -8.19577789307], [13.2177629471, -29.3962612152, 5.40118360519, -4.85240840912, -2.38044190407, -2.21234798431, -11.7127771378, 0.241891950369, 9.98100280762, 29.6908092499, -0.17360983789, -4.04913187027, -11.8080606461], [-31.6630477905, 1.24143743515, 24.6226673126, 8.5862903595, 7.14875602722, 2.15890312195, -11.3647050858, -11.7516508102, -5.46623706818, -0.17360983789, 29.3419837952, 17.7773399353, 8.30428886414], [-23.827129364, -31.5483131409, 35.3606567383, -9.16283512115, 2.13685536385, 9.81356239319, -16.729593277, -7.20570087433, -10.0548229218, -4.04913187027, 17.7773399353, 43.6476783752, 7.23374271393], [-12.2059221268, 20.92445755, -7.20456123352, 12.3842487335, 5.07423639297, 0.195264354348, 8.69301509857, -3.56083893776, -8.19577789307, -11.8080606461, 8.30428886414, 7.23374271393, 28.3773117065]],
        "icov": [[0.00763511937112, -0.00717299617827, 0.00466418731958, -0.00463062012568, 0.00597928930074, -0.0126330023631, 0.00392421940342, -0.00528002995998, 0.00462072342634, -0.011526947841, 0.00844342820346, -0.00681601883844, 0.00473599834368], [-0.00717299617827, 0.0452805869281, 0.00119279965293, 0.0349796302617, -0.0178924202919, 0.0532727986574, -0.0287588611245, 0.0455475151539, -0.0358630381525, 0.0524863563478, -0.0348465964198, 0.0349145941436, -0.021298751235], [0.00466418731958, 0.00119279965293, 0.00971654616296, 0.00447945203632, 0.000484723801492, 0.000413708447013, 0.00110047508497, 0.00337483664043, -0.00512660248205, 0.000592864642385, -0.0024683305528, -0.00309870252386, 0.00191379222088], [-0.00463062012568, 0.0349796302617, 0.00447945203632, 0.061585906893, -0.0264428071678, 0.0542262420058, -0.0184335000813, 0.0353862121701, -0.0261630360037, 0.0433727018535, -0.0389420762658, 0.0382571779191, -0.0269466284662], [0.00597928930074, -0.0178924202919, 0.000484723801492, -0.0264428071678, 0.0426858067513, -0.0314328745008, -0.000300335523207, -0.00181530497503, 0.00359504553489, -0.0228775627911, 0.0151283536106, -0.0205273050815, 0.0122001925483], [-0.0126330023631, 0.0532727986574, 0.000413708447013, 0.0542262420058, -0.0314328745008, 0.0970406681299, -0.0329090617597, 0.048885922879, -0.0270075406879, 0.0627155676484, -0.0468906089664, 0.0407517962158, -0.025476789102], [0.00392421940342, -0.0287588611245, 0.00110047508497, -0.0184335000813, -0.000300335523207, -0.0329090617597, 0.0442817434669, -0.0429041646421, 0.0264880098403, -0.0263602398336, 0.0233759172261, -0.0129079911858, 0.00568018248305], [-0.00528002995998, 0.0455475151539, 0.00337483664043, 0.0353862121701, -0.00181530497503, 0.048885922879, -0.0429041646421, 0.100967846811, -0.0588293634355, 0.0539049841464, -0.0219801776111, 0.0277444534004, -0.0198420919478], [0.00462072342634, -0.0358630381525, -0.00512660248205, -0.0261630360037, 0.00359504553489, -0.0270075406879, 0.0264880098403, -0.0588293634355, 0.0800381749868, -0.0527672916651, 0.0265572126955, -0.0191323496401, 0.0208594053984], [-0.011526947841, 0.0524863563478, 0.000592864642385, 0.0433727018535, -0.0228775627911, 0.0627155676484, -0.0263602398336, 0.0539049841464, -0.0527672916651, 0.109092086554, -0.0494511947036, 0.0460201501846, -0.0110447220504], [0.00844342820346, -0.0348465964198, -0.0024683305528, -0.0389420762658, 0.0151283536106, -0.0468906089664, 0.0233759172261, -0.0219801776111, 0.0265572126955, -0.0494511947036, 0.0899564176798, -0.0477790310979, 0.006340933498], [-0.00681601883844, 0.0349145941436, -0.00309870252386, 0.0382571779191, -0.0205273050815, 0.0407517962158, -0.0129079911858, 0.0277444534004, -0.0191323496401, 0.0460201501846, -0.0477790310979, 0.0700028315187, -0.0255724508315], [0.00473599834368, -0.021298751235, 0.00191379222088, -0.0269466284662, 0.0122001925483, -0.025476789102, 0.00568018248305, -0.0198420919478, 0.0208594053984, -0.0110447220504, 0.006340933498, -0.0255724508315, 0.0650829598308]]
    },
    "melbands": {
        "dmean": [0.00532578444108, 0.0158298593014, 0.00193913152907, 0.00160276587121, 0.000160978117492, 6.75465271343e-05, 2.61410405074e-05, 3.67574903066e-05, 0.000160629191669, 6.20025457465e-05, 8.18717599032e-05, 4.10780266975e-05, 2.16934713535e-05, 2.27065575018e-05, 4.45998421128e-06, 3.77716696676e-06, 1.21080474855e-05, 2.00106169359e-05, 9.85531914921e-06, 1.41479977174e-05, 1.39217263495e-05, 1.20077411339e-05, 6.33090394331e-06, 3.77428636966e-06, 7.35724916012e-06, 3.80328560823e-06, 2.25530538955e-06, 2.51162555287e-06, 1.27227042412e-06, 1.6028770915e-06, 4.84268525724e-07, 8.79321504499e-08, 3.60564165192e-08, 1.12719007461e-08, 1.32159954092e-08, 9.37230204556e-09, 8.17854406421e-09, 7.04408575913e-09, 4.49590276119e-09, 3.21375881462e-09],
        "dmean2": [0.00964867509902, 0.0254356618971, 0.0032161520794, 0.00287171732634, 0.00027561452589, 0.000117652911285, 4.34290413978e-05, 6.33837116766e-05, 0.000258407759247, 0.000102958954812, 0.000136644681334, 7.01875978848e-05, 3.57780227205e-05, 3.76481002604e-05, 6.8462713898e-06, 6.56234169583e-06, 2.13086696021e-05, 3.21621519106e-05, 1.54411882249e-05, 2.20029633056e-05, 2.28943099501e-05, 1.93383093574e-05, 1.08159874799e-05, 5.7182069213e-06, 1.11407753138e-05, 6.43365547148e-06, 3.92287074646e-06, 4.02119349019e-06, 2.12675581679e-06, 2.79929099634e-06, 8.27991527785e-07, 1.41424123967e-07, 5.52738086412e-08, 1.67950062746e-08, 2.04841690277e-08, 1.38779769898e-08, 1.1310370418e-08, 9.74657599073e-09, 6.08127681545e-09, 4.27389501567e-09],
        "dvar": [1.62728028954e-05, 0.000146038990351, 2.233943178e-06, 2.77810454463e-06, 2.49193288226e-08, 5.00803709613e-09, 4.09390632505e-10, 1.31525790259e-09, 3.23629230081e-08, 3.84098042261e-09, 7.40983852054e-09, 2.18792250983e-09, 3.78156450598e-10, 6.45655306997e-10, 1.85570673411e-11, 1.83275634252e-11, 2.22070653533e-10, 7.29384608267e-10, 1.21334095549e-10, 3.17574661013e-10, 3.39126143833e-10, 1.79086537266e-10, 5.28278670808e-11, 1.14922984323e-11, 7.71431182822e-11, 1.81446888764e-11, 5.38989469376e-12, 3.77577526536e-12, 1.28093911346e-12, 4.74896337532e-12, 4.2699654576e-13, 7.17610802188e-15, 2.47430478816e-15, 1.34246198871e-15, 7.72784527257e-16, 7.45959046757e-16, 6.08015390253e-16, 4.2648254478e-16, 2.84251842772e-16, 2.39830629221e-16],
        "dvar2": [4.81922397739e-05, 0.00040411320515, 6.52945209367e-06, 7.57576708565e-06, 6.77413396488e-08, 1.52337129578e-08, 1.20061316444e-09, 3.29413563094e-09, 8.03165178809e-08, 1.04786197497e-08, 2.22839897646e-08, 6.66254473813e-09, 1.00027375272e-09, 1.76580972067e-09, 3.47343577511e-11, 4.50378068173e-11, 6.52119802602e-10, 1.79130166256e-09, 3.15369064197e-10, 6.6645905461e-10, 7.73267505583e-10, 4.23456242293e-10, 1.30347566074e-10, 2.74695370617e-11, 1.73851585905e-10, 4.07658073964e-11, 1.29687285216e-11, 1.05095706443e-11, 3.37379408265e-12, 1.24665711781e-11, 1.24214397448e-12, 1.57976557454e-14, 3.86815552462e-15, 1.37524608129e-15, 1.03649547695e-15, 7.97465267395e-16, 6.23234507672e-16, 4.64528908961e-16, 2.93684851659e-16, 2.40060942774e-16],
        "max": [0.0253817886114, 0.0814446732402, 0.00947470217943, 0.008724254556, 0.000980856595561, 0.000399110052967, 0.000131768567371, 0.00022712504142, 0.000990140018985, 0.000339162739692, 0.000692493107636, 0.0002839959634, 0.000132396409754, 0.00018999967142, 3.58492034138e-05, 3.25819164573e-05, 9.47028092924e-05, 0.000180170711246, 0.000104018523416, 0.000161558840773, 0.000171022707946, 9.72641719272e-05, 5.14192215633e-05, 3.68410437659e-05, 8.1431484432e-05, 2.83288445644e-05, 1.59571245604e-05, 1.36460976137e-05, 6.74951570545e-06, 1.88383637578e-05, 5.41223971595e-06, 6.21859385319e-07, 4.45527518877e-07, 3.73001228127e-07, 2.73981157761e-07, 2.71404985597e-07, 2.50123122214e-07, 2.02461833965e-07, 1.71786822989e-07, 1.54156893473e-07],
        "mean": [0.0136244948953, 0.0543582737446, 0.0056739016436, 0.00262291356921, 0.000288573297439, 0.00010100203508, 4.33392997365e-05, 5.54890757485e-05, 0.000235159241129, 9.22678591451e-05, 0.00013169637532, 6.0858001234e-05, 3.64239167538e-05, 3.12019219564e-05, 8.10144229035e-06, 5.51742687094e-06, 1.66286026797e-05, 3.03840515699e-05, 1.88623180293e-05, 2.616067286e-05, 2.49514469033e-05, 2.09795471164e-05, 1.09823404273e-05, 8.14928171167e-06, 1.33344246933e-05, 7.45489751353e-06, 4.58197973785e-06, 4.25192592957e-06, 2.02819364858e-06, 2.82295536636e-06, 8.9588161245e-07, 1.99396239964e-07, 7.31266780463e-08, 2.27090328764e-08, 2.30196874895e-08, 1.74876593206e-08, 1.58180331056e-08, 1.2995243992e-08, 7.16076975493e-09, 4.92087304238e-09],
        "median": [0.0139937503263, 0.0574629716575, 0.00555054657161, 0.00230972189456, 0.000256765139056, 7.56980152801e-05, 3.60367776011e-05, 4.32281995018e-05, 0.000149659361341, 6.74053226248e-05, 8.79596627783e-05, 4.50178158644e-05, 2.76929877145e-05, 1.73914322659e-05, 5.17873695571e-06, 3.85039675166e-06, 1.12036686915e-05, 1.92594052351e-05, 1.47558894241e-05, 1.86961351574e-05, 1.89187812794e-05, 1.49370562212e-05, 8.34832189867e-06, 6.40183588985e-06, 1.06983570731e-05, 5.410128324e-06, 3.76949878955e-06, 3.44581621903e-06, 1.6917266521e-06, 2.36165715251e-06, 6.95228209224e-07, 1.6783208423e-07, 5.79234367137e-08, 1.72749867744e-08, 1.73307679319e-08, 1.2452245457e-08, 1.02219184228e-08, 7.25459514683e-09, 3.70601793698e-09, 2.3792872117e-09],
        "min": [0.000273058016319, 0.000449914805358, 0.00030745062395, 8.94667682587e-05, 2.36265259446e-05, 1.12365423774e-05, 9.8515274658e-06, 4.1815314944e-06, 4.53400662082e-06, 2.74509352494e-06, 2.57885244537e-06, 4.00300177716e-06, 2.83133294943e-06, 1.37276856549e-06, 4.2773297082e-07, 4.64034513925e-07, 2.17230919475e-07, 1.21094149108e-06, 2.10549524127e-06, 4.5440779104e-06, 1.52420648192e-06, 1.01894863747e-06, 1.82384098935e-06, 6.00165435571e-07, 3.66481685887e-07, 5.99441023041e-07, 8.49872378694e-07, 4.87721024456e-07, 2.43101453634e-07, 1.9832677367e-07, 8.33474871342e-08, 4.39213607706e-08, 1.25082690872e-08, 3.75887498905e-09, 3.75900510718e-09, 3.56635809773e-09, 3.31135185938e-09, 2.7271369607e-09, 1.65859515011e-09, 9.56778434258e-10],
        "var": [2.23399438255e-05, 0.000306270725559, 2.96656230603e-06, 3.04535956275e-06, 3.28095950408e-08, 5.31690114158e-09, 6.35187957787e-10, 1.77696324322e-09, 5.16044238452e-08, 4.77717332359e-09, 1.68999338968e-08, 2.96145863388e-09, 7.15092263182e-10, 9.50323264526e-10, 4.87331112964e-11, 2.81330288926e-11, 2.50894388598e-10, 1.07809561278e-09, 2.25654647745e-10, 6.0338528618e-10, 5.6977716989e-10, 2.75588996068e-10, 7.25294962978e-11, 3.51621266825e-11, 1.29189603459e-10, 3.38044175985e-11, 8.6021710588e-12, 8.71270937342e-12, 1.93586032621e-12, 5.53103309681e-12, 5.40498527012e-13, 1.4279235685e-14, 3.56517903917e-15, 1.46507996046e-15, 8.89142766711e-16, 8.16489150935e-16, 7.15155158383e-16, 5.59185370212e-16, 3.32236259234e-16, 2.65409197814e-16]
    },
    "mfcc": {
        "mean": [-661.218566895, 194.96812439, -25.1857700348, 78.7149810791, 14.5948314667, 14.6915378571, 19.8463172913, 15.2143316269, 25.9655437469, 11.5146722794, -7.26711177826, -1.5859926939, -10.9812879562],
        "cov": [[497.715148926, -43.1687011719, -205.851425171, -54.2944869995, -69.8164825439, 15.2458171844, 28.6243591309, -9.28353023529, 28.8256835938, 21.4256458282, 3.90429615974, 5.41669797897, -56.9904289246], [-43.1687011719, 167.114532471, -4.86162805557, 50.0134925842, -17.5733451843, 0.685593664646, 1.11371254921, 16.0509624481, 17.3357563019, 2.98485660553, 10.3080701828, -4.08990383148, -12.3340415955], [-205.851425171, -4.86162805557, 179.83265686, -12.6475410461, 41.2727203369, -15.4157094955, -27.9550132751, -5.2302570343, -20.595993042, -20.9957904816, -3.45330262184, 3.54098653793, 45.4841270447], [-54.2944869995, 50.0134925842, -12.6475410461, 91.5655136108, 3.13931131363, -5.56536817551, -2.82978487015, -1.89209389687, 7.80998420715, 12.6776533127, 2.73225831985, 0.874608755112, -6.55093383789], [-69.8164825439, -17.5733451843, 41.2727203369, 3.13931131363, 52.3617553711, 8.45913791656, -13.2840929031, -9.69671726227, -20.8465633392, -11.6884679794, -4.31528806686, 5.17527961731, 17.2444152832], [15.2458171844, 0.685593664646, -15.4157094955, -5.56536817551, 8.45913791656, 38.7108383179, 16.8698043823, 1.64838421345, -8.76037311554, -5.96026659012, 0.681072413921, -0.745984077454, -5.96397686005], [28.6243591309, 1.11371254921, -27.9550132751, -2.82978487015, -13.2840929031, 16.8698043823, 52.4298248291, 12.7039546967, 3.52841448784, -5.39829969406, -7.06463956833, -12.8806791306, -11.4327964783], [-9.28353023529, 16.0509624481, -5.2302570343, -1.89209389687, -9.69671726227, 1.64838421345, 12.7039546967, 40.8372383118, 7.35367965698, -7.03932380676, -1.83404910564, -9.54660511017, 0.804731249809], [28.8256835938, 17.3357563019, -20.595993042, 7.80998420715, -20.8465633392, -8.76037311554, 3.52841448784, 7.35367965698, 41.503616333, 19.5849151611, 4.03338098526, -1.35893416405, -11.8993463516], [21.4256458282, 2.98485660553, -20.9957904816, 12.6776533127, -11.6884679794, -5.96026659012, -5.39829969406, -7.03932380676, 19.5849151611, 41.6343193054, 14.1673669815, -1.97572660446, -13.8735380173], [3.90429615974, 10.3080701828, -3.45330262184, 2.73225831985, -4.31528806686, 0.681072413921, -7.06463956833, -1.83404910564, 4.03338098526, 14.1673669815, 29.4162197113, 2.42124176025, -10.8974351883], [5.41669797897, -4.08990383148, 3.54098653793, 0.874608755112, 5.17527961731, -0.745984077454, -12.8806791306, -9.54660511017, -1.35893416405, -1.97572660446, 2.42124176025, 25.7573490143, 6.93684482574], [-56.9904289246, -12.3340415955, 45.4841270447, -6.55093383789, 17.2444152832, -5.96397686005, -11.4327964783, 0.804731249809, -11.8993463516, -13.8735380173, -10.8974351883, 6.93684482574, 41.9066696167]],
