{
"lowlevel": {
    "average_loudness": 0.987497091293,
    "barkbands_crest": {
        "dmean": 3.90737199783,
        "dmean2": 6.80804777145,
        "dvar": 8.82343387604,
        "dvar2": 26.2641773224,
        "max": 24.2068538666,
        "mean": 15.696852684,
        "median": 16.73087883,
        "min": 4.99054145813,
        "var": 22.4881000519
    },
    "barkbands_flatness_db": {
        "dmean": 0.0321194268763,
        "dmean2": 0.0546574555337,
        "dvar": 0.000563716108445,
        "dvar2": 0.00161592231598,
        "max": 0.336711555719,
        "mean": 0.248343408108,
        "median": 0.249094650149,
        "min": 0.130741491914,
        "var": 0.00160381768364
    },
    "barkbands_kurtosis": {
        "dmean": 5.22678089142,
        "dmean2": 8.93893146515,
        "dvar": 27.0211677551,
        "dvar2": 73.7089691162,
        "max": 35.6448860168,
        "mean": 7.51961708069,
        "median": 5.98765087128,
        "min": -1.77582085133,
        "var": 51.3994789124
    },
    "barkbands_skewness": {
        "dmean": 0.862666666508,
        "dmean2": 1.46349227428,
        "dvar": 0.443861931562,
        "dvar2": 1.29928767681,
        "max": 5.60564041138,
        "mean": 2.60640716553,
        "median": 2.57181835175,
        "min": 0.0309693850577,
        "var": 1.2139172554
    },
    "barkbands_spread": {
        "dmean": 5.27466917038,
        "dmean2": 9.19627857208,
        "dvar": 19.3886756897,
        "dvar2": 62.6212768555,
        "max": 38.3158798218,
        "mean": 14.0580301285,
        "median": 12.4027423859,
        "min": 3.26124644279,
        "var": 47.5902175903
    },
    "dissonance": {
        "dmean": 0.0172762330621,
        "dmean2": 0.0281691718847,
        "dvar": 0.000245673087193,
        "dvar2": 0.000589316012338,
        "max": 0.5,
        "mean": 0.471585303545,
        "median": 0.475049585104,
        "min": 0.364043176174,
        "var": 0.000398434029194
    },
    "dynamic_complexity": 0.65872913599,
    "erbbands_crest": {
        "dmean": 3.2995300293,
        "dmean2": 5.64544296265,
        "dvar": 6.38057184219,
        "dvar2": 20.545589447,
        "max": 22.3124923706,
        "mean": 11.3231239319,
        "median": 10.8055114746,
        "min": 4.80994033813,
        "var": 13.8763723373
    },
    "erbbands_flatness_db": {
        "dmean": 0.0136572234333,
        "dmean2": 0.0232770815492,
        "dvar": 0.00015167791571,
        "dvar2": 0.000355227850378,
        "max": 0.271393716335,
        "mean": 0.224197819829,
        "median": 0.223543256521,
        "min": 0.105840481818,
        "var": 0.000276684091659
    },
    "erbbands_kurtosis": {
        "dmean": 0.783406376839,
        "dmean2": 1.38591611385,
        "dvar": 1.10350048542,
        "dvar2": 3.43932938576,
        "max": 6.81367874146,
        "mean": -0.590424418449,
        "median": -0.949360370636,
        "min": -1.67787623405,
        "var": 1.33718931675
    },
    "erbbands_skewness": {
        "dmean": 0.418875157833,
        "dmean2": 0.714248001575,
        "dvar": 0.125891536474,
        "dvar2": 0.373403966427,
        "max": 0.451284945011,
        "mean": -0.675323188305,
        "median": -0.623166322708,
        "min": -2.64862346649,
        "var": 0.267832785845
    },
    "erbbands_spread": {
        "dmean": 8.13746452332,
        "dmean2": 13.7107391357,
        "dvar": 36.8089523315,
        "dvar2": 101.038742065,
        "max": 64.6044082642,
        "mean": 41.2122917175,
        "median": 40.6757965088,
        "min": 15.1707000732,
        "var": 93.851600647
    },
    "hfc": {
        "dmean": 6.68584108353,
        "dmean2": 11.2245168686,
        "dvar": 29.5119953156,
        "dvar2": 88.0765762329,
        "max": 64.1522674561,
        "mean": 24.7447090149,
        "median": 22.7955493927,
        "min": 0.796489357948,
        "var": 95.4592819214
    },
    "melbands_crest": {
        "dmean": 3.73249173164,
        "dmean2": 6.57767248154,
        "dvar": 7.14478397369,
        "dvar2": 20.8439350128,
        "max": 27.5139961243,
        "mean": 18.1134681702,
        "median": 18.6949367523,
        "min": 8.40554046631,
        "var": 15.636264801
    },
    "melbands_flatness_db": {
        "dmean": 0.0378248356283,
        "dmean2": 0.0647574216127,
        "dvar": 0.000793437066022,
        "dvar2": 0.0023611583747,
        "max": 0.454327523708,
        "mean": 0.353164553642,
        "median": 0.358472794294,
        "min": 0.227101624012,
        "var": 0.00222142622806
    },
    "melbands_kurtosis": {
        "dmean": 15.1103878021,
        "dmean2": 25.3512535095,
        "dvar": 194.194534302,
        "dvar2": 521.885253906,
        "max": 98.6051712036,
        "mean": 27.0549869537,
        "median": 22.4088134766,
        "min": -0.180431604385,
        "var": 406.801025391
    },
    "melbands_skewness": {
        "dmean": 1.30317556858,
        "dmean2": 2.14730811119,
        "dvar": 0.941811323166,
        "dvar2": 2.73789262772,
        "max": 9.05850791931,
        "mean": 4.53995037079,
        "median": 4.45090770721,
        "min": 1.0003105402,
        "var": 2.67524957657
    },
    "melbands_spread": {
        "dmean": 5.80291318893,
        "dmean2": 10.2978935242,
        "dvar": 40.4035758972,
        "dvar2": 141.262649536,
        "max": 50.6846656799,
        "mean": 11.0740385056,
        "median": 8.49564266205,
        "min": 2.06138181686,
        "var": 60.0689964294
    },
    "pitch_salience": {
        "dmean": 0.105091840029,
        "dmean2": 0.182654052973,
        "dvar": 0.00579890562221,
        "dvar2": 0.0173945911229,
        "max": 0.834255993366,
        "mean": 0.392856329679,
        "median": 0.383753687143,
        "min": 0.129460319877,
        "var": 0.0172522217035
    },
    "silence_rate_20dB": {
        "dmean": 0,
        "dmean2": 0,
        "dvar": 0,
        "dvar2": 0,
        "max": 1,
        "mean": 1,
        "median": 1,
        "min": 1,
        "var": 0
    },
    "silence_rate_30dB": {
        "dmean": 0.276190489531,
        "dmean2": 0.555023908615,
        "dvar": 0.199909374118,
        "dvar2": 0.457498878241,
        "max": 1,
        "mean": 0.706161141396,
        "median": 1,
        "min": 0,
        "var": 0.207497835159
    },
    "silence_rate_60dB": {
        "dmean": 0,
        "dmean2": 0,
        "dvar": 0,
        "dvar2": 0,
        "max": 0,
        "mean": 0,
        "median": 0,
        "min": 0,
        "var": 0
    },
    "spectral_centroid": {
        "dmean": 219.183731079,
        "dmean2": 387.882476807,
        "dvar": 29859.7246094,
        "dvar2": 87331.953125,
        "max": 1768.20617676,
        "mean": 929.893493652,
        "median": 883.926452637,
        "min": 406.387878418,
        "var": 66392.8515625
    },
    "spectral_complexity": {
        "dmean": 2.99047613144,
        "dmean2": 4.6172246933,
        "dvar": 7.12371826172,
        "dvar2": 15.164484024,
        "max": 35,
        "mean": 20.6208534241,
        "median": 20,
        "min": 1,
        "var": 19.145368576
    },
    "spectral_decrease": {
        "dmean": 8.91704310391e-09,
        "dmean2": 1.56370276727e-08,
        "dvar": 3.88454967526e-17,
        "dvar2": 1.23084581027e-16,
        "max": -5.91233895175e-10,
        "mean": -2.2875411787e-08,
        "median": -2.28697611959e-08,
        "min": -3.89372303289e-08,
        "var": 6.85905575467e-17
    },
    "spectral_energy": {
        "dmean": 0.0338610298932,
        "dmean2": 0.0594246275723,
        "dvar": 0.000566741102375,
        "dvar2": 0.00178555212915,
        "max": 0.149385482073,
        "mean": 0.0885812565684,
        "median": 0.0886855050921,
        "min": 0.00230369996279,
        "var": 0.00098902976606
    },
    "spectral_energyband_high": {
        "dmean": 1.62928081409e-05,
        "dmean2": 2.52223653661e-05,
        "dvar": 3.17000758976e-10,
        "dvar2": 6.25566598522e-10,
        "max": 0.000260385713773,
        "mean": 6.18780686636e-05,
        "median": 4.67132776976e-05,
        "min": 1.70857892954e-05,
        "var": 1.6923042967e-09
    },
    "spectral_energyband_low": {
        "dmean": 0.0326471738517,
        "dmean2": 0.0576564744115,
        "dvar": 0.000514603743795,
        "dvar2": 0.00159621832427,
        "max": 0.135026097298,
        "mean": 0.0654606297612,
        "median": 0.0668002218008,
        "min": 0.00101930368692,
        "var": 0.00108057959005
    },
    "spectral_energyband_middle_high": {
        "dmean": 0.0026054722257,
        "dmean2": 0.00454416777939,
        "dvar": 6.95488643032e-06,
        "dvar2": 2.1505587938e-05,
        "max": 0.027156572789,
        "mean": 0.00739981932566,
        "median": 0.00618220865726,
        "min": 0.000148933933815,
        "var": 1.90251994354e-05
    },
    "spectral_energyband_middle_low": {
        "dmean": 0.00811509881169,
        "dmean2": 0.0137356882915,
        "dvar": 5.87524300499e-05,
        "dvar2": 0.000166949335835,
        "max": 0.0617083571851,
        "mean": 0.0170257668942,
        "median": 0.0148986335844,
        "min": 0.00130419922061,
        "var": 0.00010822290642
    },
    "spectral_entropy": {
        "dmean": 0.113086521626,
        "dmean2": 0.193659618497,
        "dvar": 0.00944277178496,
        "dvar2": 0.0240346584469,
        "max": 7.44127416611,
        "mean": 6.98071336746,
        "median": 6.97986459732,
        "min": 6.58740949631,
        "var": 0.015755975619
    },
    "spectral_flux": {
        "dmean": 0.0337168462574,
        "dmean2": 0.0551393516362,
        "dvar": 0.000924051855691,
        "dvar2": 0.00196897680871,
        "max": 0.295922905207,
        "mean": 0.145020872355,
        "median": 0.141613602638,
        "min": 0.068671695888,
        "var": 0.00190058210865
    },
    "spectral_kurtosis": {
        "dmean": 4.36255788803,
        "dmean2": 7.7650513649,
        "dvar": 11.4700698853,
        "dvar2": 36.0407676697,
        "max": 21.5140991211,
        "mean": 8.95144844055,
        "median": 8.03699493408,
        "min": 2.9418721199,
        "var": 16.0053253174
    },
    "spectral_rms": {
        "dmean": 0.00187887181528,
        "dmean2": 0.00330235995352,
        "dvar": 1.93879509425e-06,
        "dvar2": 5.82828533879e-06,
        "max": 0.0120723620057,
        "mean": 0.00911740213633,
        "median": 0.00930174440145,
        "min": 0.00149917043746,
        "var": 3.29372551278e-06
    },
    "spectral_rolloff": {
        "dmean": 418.974456787,
        "dmean2": 775.916503906,
        "dvar": 323736.3125,
        "dvar2": 1029302.0625,
        "max": 2153.3203125,
        "mean": 531.288085938,
        "median": 258.3984375,
        "min": 86.1328125,
        "var": 368768.5625
    },
    "spectral_skewness": {
        "dmean": 0.375862061977,
        "dmean2": 0.646174371243,
        "dvar": 0.0778263881803,
        "dvar2": 0.244141221046,
        "max": 2.80262589455,
        "mean": 1.72992491722,
        "median": 1.68586528301,
        "min": 0.906076192856,
        "var": 0.132862567902
    },
    "spectral_spread": {
        "dmean": 173932.09375,
        "dmean2": 276233.9375,
        "dvar": 32586643456,
        "dvar2": 55870824448,
        "max": 3812104,
        "mean": 2113831.25,
        "median": 2090155.875,
        "min": 1658737.25,
        "var": 54363791360
    },
    "spectral_strongpeak": {
        "dmean": 0.348862379789,
        "dmean2": 0.613097250462,
        "dvar": 0.439635634422,
        "dvar2": 1.33463120461,
        "max": 6.94923353195,
        "mean": 0.82980710268,
        "median": 0.799820065498,
        "min": 0.0172562859952,
        "var": 0.305594593287
    },
    "zerocrossingrate": {
        "dmean": 0.00473167793825,
        "dmean2": 0.00624018767849,
        "dvar": 1.34864076244e-05,
        "dvar2": 2.50828743447e-05,
        "max": 0.052734375,
        "mean": 0.0246639885008,
        "median": 0.0234375,
        "min": 0.0068359375,
        "var": 0.00010039198969
    },
    "barkbands": {
        "dmean": [0.000117060131743, 0.0294632688165, 0.00739149237052, 0.00320851337165, 0.00504103722051, 0.00102725974284, 0.00170654710382, 0.000931545160711, 0.000426066631917, 0.000219686422497, 0.000282749300823, 5.13539562235e-05, 7.44954741094e-05, 0.000667691521812, 0.00026181616704, 0.00196655397303, 0.00029641322908, 9.73355854512e-05, 3.32176496158e-05, 6.45520276521e-06, 1.30942744363e-05, 2.20451124733e-06, 5.43787280094e-07, 3.34394343326e-07, 1.7588209289e-07, 1.47508160353e-07, 1.0011823548e-07],
        "dmean2": [0.000193450890947, 0.0516361929476, 0.0131227402017, 0.00570701807737, 0.00876401457936, 0.00170776899904, 0.00272282608785, 0.00134870386682, 0.000676047871821, 0.000333894247888, 0.00048789154971, 8.07291726233e-05, 0.000115070506581, 0.00119019916747, 0.000408925436204, 0.00361900660209, 0.000471206323709, 0.000150863546878, 5.22143091075e-05, 1.09148913907e-05, 2.0805906388e-05, 3.46935325979e-06, 9.18738464861e-07, 5.07442109665e-07, 2.33525781823e-07, 1.95866746822e-07, 1.16145223217e-07],
        "dvar": [2.08903312426e-08, 0.000376987358322, 4.02047844545e-05, 7.81930793892e-06, 2.97674578178e-05, 1.41140799315e-06, 7.31613636162e-06, 2.75092907032e-06, 4.38295927552e-07, 4.21393409056e-08, 8.45550616191e-08, 5.17963627544e-09, 1.97856593331e-08, 7.04553940523e-07, 6.82368082039e-08, 5.70686052015e-06, 1.30501092599e-07, 2.13069899502e-08, 1.53745982612e-09, 4.84206182094e-11, 2.06682573833e-10, 6.88181109321e-12, 1.31644391568e-12, 1.27540252665e-12, 1.12632765528e-12, 1.09457842096e-12, 1.25843194372e-12],
        "dvar2": [5.35738315932e-08, 0.00123308773618, 0.000112266614451, 2.39510809479e-05, 8.28926640679e-05, 3.6860126329e-06, 1.6655680156e-05, 4.39381256001e-06, 9.84231519396e-07, 9.46303160276e-08, 2.31535452144e-07, 1.16195453259e-08, 4.91527067936e-08, 1.90108528386e-06, 1.56072758273e-07, 1.98001744138e-05, 2.82935644691e-07, 4.85743250067e-08, 3.01836933225e-09, 1.24401475232e-10, 4.54442539155e-10, 1.27360717458e-11, 1.51859080866e-12, 1.31813809e-12, 1.14772059044e-12, 1.11020817106e-12, 1.27416512671e-12],
        "max": [0.00122296041809, 0.121607810259, 0.062930971384, 0.0184127390385, 0.0428121201694, 0.00754750845954, 0.0227181985974, 0.0222443602979, 0.00725612370297, 0.00219346140511, 0.00240064715035, 0.000792633043602, 0.00136202573776, 0.00680887978524, 0.00280685676262, 0.0194855760783, 0.00395911280066, 0.0018381786067, 0.000453117943835, 6.12711155554e-05, 0.000207867706195, 2.68004714599e-05, 1.70677158167e-05, 1.70143102878e-05, 1.5603742213e-05, 1.53001947183e-05, 1.63342701853e-05],
        "mean": [0.000141943877679, 0.0536314621568, 0.0103445937857, 0.00352505664341, 0.0079330727458, 0.0013766544871, 0.00222915480845, 0.0012356081279, 0.000665962987114, 0.000557944062166, 0.000502482464071, 8.94045588211e-05, 0.000106631290691, 0.00107485114131, 0.000542222289369, 0.00374864437617, 0.000559461244848, 0.000185393771972, 6.34482203168e-05, 1.46717356984e-05, 4.48437276646e-05, 5.24243068867e-06, 1.09989366592e-06, 7.89246712429e-07, 3.73301418222e-07, 2.83235891629e-07, 1.71149125094e-07],
        "median": [7.85693555372e-05, 0.0534634925425, 0.00877826660872, 0.00243054656312, 0.00625996850431, 0.000986806116998, 0.00104854872916, 0.000581324857194, 0.000383435282856, 0.000422709301347, 0.000378340890165, 4.69439255539e-05, 4.63421165477e-05, 0.000777715875302, 0.000418110808823, 0.00287929922342, 0.000419848103775, 0.000132362372824, 4.7179601097e-05, 1.16273286039e-05, 3.26053741446e-05, 4.24129893872e-06, 8.66892548856e-07, 6.43220460006e-07, 2.39318922013e-07, 1.69745874246e-07, 7.26236635273e-08],
        "min": [7.57097950554e-07, 0.00035898713395, 0.000296891434118, 6.47215492791e-05, 0.000539289438166, 0.000115467555588, 6.10943743595e-06, 2.98313407257e-05, 1.62336946232e-05, 1.63396325661e-05, 1.2458758647e-05, 6.11447057963e-06, 5.50588811166e-06, 4.93114157507e-06, 1.93177311303e-05, 4.58212416561e-05, 9.61815203482e-06, 1.81134946615e-05, 3.48293156094e-06, 2.52022960012e-06, 6.17402019998e-06, 1.30297837586e-06, 3.03476895169e-07, 1.73965503336e-07, 6.50877964858e-08, 4.91707865535e-08, 3.73118709263e-08],
        "var": [3.201650145e-08, 0.000936546828598, 7.48520033085e-05, 1.04770670077e-05, 4.36514419562e-05, 1.54239955918e-06, 9.4285396699e-06, 4.85893451696e-06, 8.83389873252e-07, 2.12883918493e-07, 1.70725357407e-07, 1.191570842e-08, 3.46344108948e-08, 9.158092098e-07, 1.87636942428e-07, 8.63384684635e-06, 2.30751069807e-07, 3.2146278528e-08, 3.18095660923e-09, 9.00699376194e-11, 1.14750375868e-09, 1.23447268033e-11, 1.57760729393e-12, 1.38848643954e-12, 1.14752879508e-12, 1.10071587262e-12, 1.26439473041e-12]
    },
    "erbbands": {
        "dmean": [0.475967735052, 7.84407091141, 12.1052923203, 6.1846370697, 17.2347011566, 21.5310153961, 9.29490947723, 7.91949510574, 14.07807827, 29.1694126129, 22.8320217133, 9.65619564056, 4.49132823944, 17.1615524292, 3.85567569733, 1.99753749371, 3.73580312729, 20.3556632996, 26.3241233826, 28.7803878784, 99.7361450195, 17.3256416321, 6.85102176666, 3.29621577263, 0.635950088501, 0.304056614637, 0.307724326849, 0.646407663822, 0.109106600285, 0.0193321611732, 0.0173126403242, 0.00896124728024, 0.00462817773223, 0.0024816757068, 0.00103009550367, 0.000785708136391, 0.000240968030994, 6.49008943583e-05, 2.63459714915e-05, 3.63023391401e-05],
        "dmean2": [0.869110882282, 13.6987047195, 21.6462802887, 11.1732931137, 29.9195652008, 36.5799674988, 14.9940452576, 13.3834609985, 22.0477619171, 47.6103935242, 34.3715744019, 14.8741369247, 6.81596231461, 26.8593521118, 6.24654102325, 3.03440904617, 5.65270757675, 35.4183731079, 44.7094345093, 50.8622550964, 184.251342773, 28.1651077271, 10.2947206497, 5.17975664139, 0.964267253876, 0.523652374744, 0.483857810497, 1.02557146549, 0.167870625854, 0.0306166093796, 0.0295103732497, 0.013914309442, 0.00698848068714, 0.00334768649191, 0.00138685747515, 0.00108214444481, 0.000314810080454, 7.76406814111e-05, 3.78241056751e-05, 6.30464637652e-05],
        "dvar": [0.123531937599, 26.8341026306, 96.2029724121, 35.0894317627, 303.816009521, 666.466003418, 120.101486206, 115.831703186, 361.805938721, 3919.14648438, 2341.98706055, 218.351699829, 30.9682292938, 278.956420898, 13.0925197601, 6.11215686798, 56.4481430054, 647.6640625, 863.855712891, 1194.57702637, 14161.8701172, 419.274505615, 135.490859985, 13.2999334335, 0.75893342495, 0.120848372579, 0.0957926437259, 0.582131385803, 0.016576340422, 0.00157460977789, 0.00111783633474, 0.000644234416541, 0.000300857791444, 0.000138839561259, 5.73035977141e-05, 1.7619542632e-05, 3.75854619961e-06, 4.84533870804e-07, 2.40230182413e-08, 6.56123710918e-10],
        "dvar2": [0.37876021862, 86.6096115112, 274.332397461, 110.286659241, 912.332519531, 1880.06445312, 319.246276855, 300.243591309, 797.882324219, 10142.8828125, 4838.56835938, 493.055511475, 49.50963974, 753.987365723, 35.0953865051, 12.8487091064, 144.251113892, 1705.27197266, 2305.24291992, 3733.33959961, 48770.9765625, 917.25958252, 274.373565674, 32.3387947083, 1.3585807085, 0.314573138952, 0.197030797601, 1.31274878979, 0.0334798358381, 0.00186290347483, 0.0013114042813, 0.000676979427226, 0.000310130097205, 0.000141602096846, 5.82552202104e-05, 1.80975603143e-05, 3.80136225431e-06, 4.90305865242e-07, 2.31603181078e-08, 1.92315963154e-09],
        "max": [2.07757282257, 32.7257843018, 74.064201355, 36.3208198547, 120.827644348, 229.134429932, 118.020454407, 81.0309143066, 128.853347778, 666.158874512, 607.309204102, 160.377944946, 78.1312408447, 176.665466309, 27.4226760864, 24.1551494598, 73.082321167, 219.63609314, 254.103378296, 333.268432617, 993.390319824, 207.258987427, 164.015289307, 36.2309265137, 8.98477935791, 3.10788488388, 3.35889792442, 11.2058458328, 1.6316318512, 0.600373208523, 0.49847215414, 0.384083837271, 0.258734881878, 0.174363106489, 0.110844440758, 0.0618015266955, 0.0282612480223, 0.0101086376235, 0.00233345921151, 0.000269924901659],
        "mean": [0.69154727459, 14.3403711319, 20.7754917145, 9.13196754456, 21.7389087677, 28.7716331482, 14.3960123062, 10.8841686249, 20.3723926544, 36.96459198, 29.4145374298, 14.8819408417, 8.63203048706, 36.9978752136, 8.35793495178, 4.13136768341, 5.948138237, 31.1264419556, 53.9161071777, 64.0156555176, 194.239929199, 37.226474762, 12.9323911667, 6.86534023285, 1.49527323246, 0.708438694477, 0.948022902012, 2.19252467155, 0.311753004789, 0.0534339547157, 0.0354744717479, 0.020918931812, 0.0104831662029, 0.00503973523155, 0.00214029918425, 0.0017513486091, 0.000402040808694, 8.8817156211e-05, 6.31186630926e-05, 0.00010096772894],
        "median": [0.649962902069, 13.7013950348, 19.1001148224, 6.47041797638, 15.4138813019, 20.1878948212, 11.4998035431, 7.75682210922, 10.9750890732, 15.6104345322, 14.9704236984, 8.94807910919, 6.11805772781, 25.8190422058, 6.3199467659, 2.31937837601, 3.13948822021, 20.5801887512, 44.8269691467, 48.6939697266, 148.824707031, 28.3220005035, 9.48528671265, 5.27378940582, 1.08365643024, 0.580701291561, 0.752902388573, 1.51926994324, 0.245014682412, 0.0423837676644, 0.0288760066032, 0.016598969698, 0.00837189797312, 0.00344464369118, 0.00129881873727, 0.0012241039658, 0.000221168840653, 2.75767779385e-05, 5.21730617038e-05, 0.000101727644505],
        "min": [0.00875867158175, 0.0894954279065, 0.409834265709, 1.05074107647, 0.517507195473, 1.34810078144, 1.68471598625, 0.705645918846, 0.10136269033, 0.269905745983, 0.770074665546, 0.370754659176, 0.435660630465, 0.487562358379, 0.484872847795, 0.365842521191, 0.305948168039, 0.250550717115, 0.551684141159, 1.65929067135, 2.17252898216, 0.659964978695, 1.01983809471, 0.422975510359, 0.112798817456, 0.11708919704, 0.11135494709, 0.337693810463, 0.0935073494911, 0.0185411069542, 0.00856743846089, 0.00424796482548, 0.00226704566739, 0.000867125752848, 0.000415096321376, 0.00043213024037, 3.63115505024e-05, 8.00756515673e-06, 1.51751210069e-05, 2.04008374567e-05],
        "var": [0.17650051415, 69.1948547363, 165.906158447, 48.8858108521, 373.111053467, 807.432373047, 148.10609436, 115.407249451, 600.70904541, 4130.83544922, 2965.0612793, 403.97958374, 80.6969909668, 1097.93432617, 35.3091392517, 19.9250068665, 85.1212081909, 902.281677246, 1533.18200684, 2311.60791016, 22110.3652344, 778.431274414, 212.232833862, 22.4140300751, 1.84018802643, 0.209546998143, 0.378940731287, 3.15655469894, 0.0420819558203, 0.00222238735296, 0.00137504795566, 0.000725872931071, 0.000320168124745, 0.000144582605571, 5.76759775868e-05, 1.79568396561e-05, 3.76878301722e-06, 4.85601844957e-07, 2.50320404405e-08, 1.25035704013e-09]
    },
    "gfcc": {
        "mean": [-19.5301647186, 181.817108154, -128.28024292, 42.5129318237, -4.84022712708, -5.91791915894, -27.9267177582, 1.18692111969, 8.78704833984, -4.20928239822, -23.9373722076, -6.25115203857, 9.35733604431],
        "cov": [[430.227813721, 13.0315618515, -115.320625305, -61.3560905457, -59.439163208, -15.1508226395, -35.4896316528, -6.31691217422, -15.9762954712, 19.2150154114, -13.0612211227, -5.69288158417, -25.9827442169], [13.0315618515, 172.576004028, -7.65180301666, -26.3727836609, 8.13016891479, -26.2122440338, 28.0524673462, 2.97694897652, 51.0317306519, 13.2282152176, 37.2824897766, -19.026512146, -11.0162849426], [-115.320625305, -7.65180301666, 130.819946289, 34.548614502, 39.0866737366, 17.2456817627, 10.973493576, -8.82129859924, 2.05390286446, -15.1662349701, 6.96990203857, 7.8328666687, 13.4158573151], [-61.3560905457, -26.3727836609, 34.548614502, 97.9822387695, 47.802822113, 1.76136469841, -0.543206691742, -14.1213541031, -6.94285774231, -20.0522270203, -11.8712377548, 1.59190058708, 29.3841362], [-59.439163208, 8.13016891479, 39.0866737366, 47.802822113, 77.3540115356, 25.7967224121, 29.285615921, 7.20593881607, 10.5087203979, -14.454167366, 5.26656866074, 9.76912593842, 20.9542369843], [-15.1508226395, -26.2122440338, 17.2456817627, 1.76136469841, 25.7967224121, 50.7091369629, 31.1383323669, 7.42954492569, -5.53558254242, -12.6650285721, -2.14933991432, 11.0168457031, 13.3005599976], [-35.4896316528, 28.0524673462, 10.973493576, -0.543206691742, 29.285615921, 31.1383323669, 66.4394302368, 24.6728649139, 14.1776533127, -10.3910236359, 8.25025558472, 7.79384899139, 7.85085439682], [-6.31691217422, 2.97694897652, -8.82129859924, -14.1213541031, 7.20593881607, 7.42954492569, 24.6728649139, 49.2464485168, 19.0720882416, -2.41389298439, 16.7912979126, 8.99622249603, 1.50010812283], [-15.9762954712, 51.0317306519, 2.05390286446, -6.94285774231, 10.5087203979, -5.53558254242, 14.1776533127, 19.0720882416, 56.4502716064, 24.161649704, 26.701915741, -1.28861987591, -3.75067257881], [19.2150154114, 13.2282152176, -15.1662349701, -20.0522270203, -14.454167366, -12.6650285721, -10.3910236359, -2.41389298439, 24.161649704, 46.839214325, 21.8556308746, -3.2301568985, -16.0672225952], [-13.0612211227, 37.2824897766, 6.96990203857, -11.8712377548, 5.26656866074, -2.14933991432, 8.25025558472, 16.7912979126, 26.701915741, 21.8556308746, 55.3509902954, 9.94955253601, -7.70212364197], [-5.69288158417, -19.026512146, 7.8328666687, 1.59190058708, 9.76912593842, 11.0168457031, 7.79384899139, 8.99622249603, -1.28861987591, -3.2301568985, 9.94955253601, 34.4599494934, 20.7132530212], [-25.9827442169, -11.0162849426, 13.4158573151, 29.3841362, 20.9542369843, 13.3005599976, 7.85085439682, 1.50010812283, -3.75067257881, -16.0672225952, -7.70212364197, 20.7132530212, 48.9158477783]],
        "icov": [[0.00360437482595, -0.00256085488945, 0.00248503731564, -0.000600081635639, 0.00123525422532, -0.00362651143223, 0.00347514962777, -0.00166525272653, 0.00191738409922, -0.00170789670665, 0.00246814941056, -0.00303788622841, 0.00222801463678], [-0.00256085488945, 0.0254820361733, 0.00123125489336, 0.0158525686711, -0.01033135131, 0.0261290408671, -0.0197924468666, 0.0215534418821, -0.0180643387139, 0.0169996321201, -0.0196709148586, 0.0206420235336, -0.0132846739143], [0.00248503731564, 0.00123125489336, 0.0121556250378, 0.00013183329429, -0.00329139083624, -0.00164827413391, 0.000830145843793, 0.00553517788649, -0.00291886855848, 0.00509622180834, -0.00354709033854, -0.00112422334496, 0.00110703252722], [-0.000600081635639, 0.0158525686711, 0.00013183329429, 0.0321894139051, -0.0206286944449, 0.0234940070659, -0.00987746566534, 0.0179749727249, -0.00884920824319, 0.013339552097, -0.0119935981929, 0.0186505746096, -0.0187214612961], [0.00123525422532, -0.01033135131, -0.00329139083624, -0.0206286944449, 0.034728359431, -0.0209941826761, 0.00255449838005, -0.00936012994498, 0.00026536846417, -0.00366800045595, 0.0058570811525, -0.0111824739724, 0.00680572539568], [-0.00362651143223, 0.0261290408671, -0.00164827413391, 0.0234940070659, -0.0209941826761, 0.0637488663197, -0.0347962491214, 0.0232893135399, -0.00976426433772, 0.0160715691745, -0.0182784441859, 0.0185408014804, -0.0193715300411], [0.00347514962777, -0.0197924468666, 0.000830145843793, -0.00987746566534, 0.00255449838005, -0.0347962491214, 0.0452331379056, -0.024599339813, 0.00720588071272, -0.00726017681882, 0.0148845762014, -0.0154125848785, 0.0119938002899], [-0.00166525272653, 0.0215534418821, 0.00553517788649, 0.0179749727249, -0.00936012994498, 0.0232893135399, -0.024599339813, 0.0529919229448, -0.0263816304505, 0.0266918875277, -0.0234602373093, 0.0106594050303, -0.00980930402875], [0.00191738409922, -0.0180643387139, -0.00291886855848, -0.00884920824319, 0.00026536846417, -0.00976426433772, 0.00720588071272, -0.0263816304505, 0.0498528368771, -0.0314373373985, 0.00701732933521, -0.00443551363423, 0.0017398907803], [-0.00170789670665, 0.0169996321201, 0.00509622180834, 0.013339552097, -0.00366800045595, 0.0160715691745, -0.00726017681882, 0.0266918875277, -0.0314373373985, 0.0554367601871, -0.0242506787181, 0.00952565856278, -0.000995032023638], [0.00246814941056, -0.0196709148586, -0.00354709033854, -0.0119935981929, 0.0058570811525, -0.0182784441859, 0.0148845762014, -0.0234602373093, 0.00701732933521, -0.0242506787181, 0.0472370237112, -0.0286039877683, 0.0179725494236], [-0.00303788622841, 0.0206420235336, -0.00112422334496, 0.0186505746096, -0.0111824739724, 0.0185408014804, -0.0154125848785, 0.0106594050303, -0.00443551363423, 0.00952565856278, -0.0286039877683, 0.0682197585702, -0.0365669615567], [0.00222801463678, -0.0132846739143, 0.00110703252722, -0.0187214612961, 0.00680572539568, -0.0193715300411, 0.0119938002899, -0.00980930402875, 0.0017398907803, -0.000995032023638, 0.0179725494236, -0.0365669615567, 0.0484257601202]]
    },
    "melbands": {
        "dmean": [0.00671090185642, 0.00757098617032, 0.00138352403883, 0.00131613144185, 0.000403879967052, 0.000178244183189, 0.000263427413302, 0.000280765758362, 0.000184750620974, 5.39536995348e-05, 2.13109688048e-05, 6.62994207232e-05, 2.18855602725e-05, 4.81035749544e-06, 7.05035381543e-06, 6.35278502159e-06, 4.80915186927e-05, 5.7137785916e-05, 1.8896518668e-05, 0.000129119856865, 9.23044717638e-05, 1.82845451491e-05, 1.23825811897e-05, 3.60505964636e-06, 2.86528143079e-06, 7.86470252478e-07, 2.37369604861e-07, 2.34116214415e-07, 1.67829469433e-07, 3.98427971504e-07, 3.0565081488e-07, 8.34114644022e-08, 1.67689151453e-08, 9.56919965489e-09, 1.16379137438e-08, 7.13366432592e-09, 5.74958791688e-09, 3.61843066621e-09, 3.17169357444e-09, 1.77433101545e-09],
        "dmean2": [0.011860974133, 0.0133923534304, 0.00240681390278, 0.00232568685897, 0.000648604822345, 0.000296988728223, 0.000409622152802, 0.000459001079435, 0.000287083326839, 8.37173502077e-05, 3.25560940837e-05, 0.00010327938071, 3.66592757928e-05, 7.23524044588e-06, 1.10560713438e-05, 1.00196002677e-05, 8.43939124024e-05, 9.79333999567e-05, 2.95616682706e-05, 0.000235019382671, 0.000171148843947, 3.09931710945e-05, 1.88533977052e-05, 5.6568387663e-06, 4.61187937617e-06, 1.15095792808e-06, 3.79306754894e-07, 4.07529284985e-07, 2.55163143947e-07, 6.32883768503e-07, 4.8360124083e-07, 1.32894399485e-07, 2.63681663171e-08, 1.56779638161e-08, 2.00139815831e-08, 1.16615064272e-08, 9.07899089242e-09, 5.66307845062e-09, 4.6132861975e-09, 2.43624165286e-09],
        "dvar": [1.95243665075e-05, 3.2598269172e-05, 1.57483839303e-06, 2.12452755477e-06, 1.72090551587e-07, 5.22848147e-08, 1.29566231521e-07, 3.35006319574e-07, 1.49806965055e-07, 7.44715844547e-09, 7.43956118932e-10, 4.12625356105e-09, 4.48655390617e-10, 5.20377595181e-11, 9.0362765881e-11, 1.99915348165e-10, 3.58947560564e-09, 4.20178869476e-09, 4.22648138709e-10, 2.4716301894e-08, 1.16586891252e-08, 4.97728969151e-10, 6.41647901478e-10, 1.53124960628e-11, 1.03082958836e-11, 1.583159168e-12, 8.60406174476e-14, 5.729967824e-14, 2.59919835627e-14, 1.82222685834e-13, 1.31281338339e-13, 9.51107716077e-15, 8.26310339139e-16, 4.06515145947e-16, 3.86563761331e-16, 3.33846971792e-16, 2.18483943113e-16, 1.54566333987e-16, 1.18523096848e-16, 9.32994946174e-17],
        "dvar2": [6.68629727443e-05, 9.42660917644e-05, 4.86156022816e-06, 5.87685690334e-06, 4.16147145188e-07, 1.3559628087e-07, 2.84313216525e-07, 8.69583232088e-07, 3.18998104376e-07, 1.77516028543e-08, 1.17403708977e-09, 1.10492708316e-08, 1.25854948685e-09, 1.09514938784e-10, 1.82807199933e-10, 5.21006793264e-10, 9.43753253324e-09, 1.1639273545e-08, 8.65107874226e-10, 8.64746354523e-08, 3.95588450885e-08, 1.18549658978e-09, 1.4233603185e-09, 2.90279311005e-11, 2.53822275698e-11, 2.77211370178e-12, 2.11743694952e-13, 1.53451592253e-13, 5.82995227072e-14, 4.069067945e-13, 3.0355384005e-13, 2.12770441186e-14, 1.14628619351e-15, 5.03990479907e-16, 4.9178087055e-16, 3.66605388692e-16, 2.43924551214e-16, 1.60835396883e-16, 1.24555414035e-16, 9.49968626169e-17],
        "max": [0.0278439484537, 0.0317138768733, 0.00759809277952, 0.0112736700103, 0.00392511906102, 0.00167155393865, 0.00228534685448, 0.0064628762193, 0.00454986048862, 0.00098782160785, 0.000370550696971, 0.000685813080054, 0.000164996556123, 7.89294208516e-05, 9.56783333095e-05, 0.000139194613439, 0.000509833102114, 0.00050505483523, 0.000216603279114, 0.00123823690228, 0.000916692253668, 0.000189413985936, 0.000338101061061, 3.72090071323e-05, 3.15293800668e-05, 1.39768399094e-05, 2.93123707706e-06, 2.03117951969e-06, 1.71034207597e-06, 5.97993039264e-06, 5.23186236023e-06, 1.01133377939e-06, 4.08045195854e-07, 2.98533421983e-07, 2.878489056e-07, 2.72827918479e-07, 2.19526938849e-07, 1.85622496929e-07, 1.60284443496e-07, 1.42431858308e-07],
        "mean": [0.0109997345135, 0.0150900371373, 0.00199465919286, 0.00199010409415, 0.000641531310976, 0.000244960363489, 0.000362262420822, 0.000367621745681, 0.000231230369536, 8.41279907036e-05, 3.45697735611e-05, 0.000144491903484, 4.36129703303e-05, 8.36133676785e-06, 1.3496432075e-05, 8.98339658306e-06, 6.94942064001e-05, 0.000103651385871, 3.91984503949e-05, 0.000235038256506, 0.000184099189937, 3.54691037501e-05, 1.87665318663e-05, 7.5454004218e-06, 5.50823324375e-06, 1.5227926724e-06, 4.326823273e-07, 4.76351260659e-07, 4.11964833802e-07, 1.2909125644e-06, 1.02178546513e-06, 1.72660094222e-07, 4.25214174982e-08, 1.93476292765e-08, 2.17610516273e-08, 1.40946063709e-08, 1.24639321086e-08, 7.51581463732e-09, 5.91904880665e-09, 3.52526674519e-09],
        "median": [0.0103944130242, 0.0150833483785, 0.00145569187589, 0.00154591631144, 0.000491165032145, 0.000175008826773, 0.000185198761756, 0.000157944916282, 0.000111740220746, 5.2091138059e-05, 2.18685563595e-05, 0.000101154997537, 3.45208973158e-05, 4.66149094791e-06, 7.39421921025e-06, 4.03278863814e-06, 4.74841071991e-05, 8.4788807726e-05, 2.91453998216e-05, 0.000177458903636, 0.000143709374242, 2.64085738308e-05, 1.21387165564e-05, 5.57220209885e-06, 4.35392621512e-06, 9.91571937448e-07, 3.32730820674e-07, 3.79459493161e-07, 3.25605327589e-07, 9.39479946283e-07, 7.20655577879e-07, 1.36126757866e-07, 3.29604112892e-08, 1.50685899314e-08, 1.74586602952e-08, 1.10983249257e-08, 1.0151270935e-08, 5.99177640837e-09, 4.08356859438e-09, 2.3303288188e-09],
        "min": [9.20035236049e-05, 0.000185073571629, 0.000210500249523, 0.000120524295198, 6.84025653754e-05, 1.63633158081e-05, 1.37223821639e-06, 3.61548381989e-06, 6.20301943854e-06, 1.88163528492e-06, 1.58531611305e-06, 1.99424675884e-06, 1.67205496382e-06, 8.08327342838e-07, 6.6475007543e-07, 3.75445068812e-07, 4.78924107483e-07, 6.51083382763e-07, 1.66578570315e-06, 3.32738727593e-06, 2.0479108116e-06, 4.43986237997e-07, 1.19994831493e-06, 6.44605620437e-07, 3.19751535471e-07, 8.24676078537e-08, 6.07432610877e-08, 8.21082721814e-08, 5.89896700376e-08, 1.25431242282e-07, 2.03710172286e-07, 3.85520095847e-08, 1.38605313893e-08, 4.5507153601e-09, 5.002321668e-09, 3.12082382159e-09, 2.19140061652e-09, 1.67191660516e-09, 8.22958701185e-10, 5.92897730911e-10],
        "var": [3.99829950766e-05, 6.82096215314e-05, 2.22670928451e-06, 2.87890611617e-06, 2.8027423582e-07, 5.51464438558e-08, 2.01417805101e-07, 3.8179001649e-07, 1.80666319238e-07, 1.34620563585e-08, 1.83789994335e-09, 1.68613052409e-08, 1.02810271407e-09, 1.12878636993e-10, 2.59851917761e-10, 2.79548884041e-10, 4.90004170572e-09, 6.35568486729e-09, 1.11841680361e-09, 3.6544889781e-08, 1.88440321125e-08, 8.14109835101e-10, 7.79591613487e-10, 3.49515243137e-11, 1.56398123619e-11, 3.46849784137e-12, 1.29684132356e-13, 1.041839141e-13, 8.21967751567e-14, 9.71834266707e-13, 6.74543374716e-13, 1.56811463635e-14, 1.18502768057e-15, 4.99371503367e-16, 4.86017499558e-16, 3.75814595593e-16, 2.44535870773e-16, 1.65727594489e-16, 1.27164315217e-16, 9.60433585884e-17]
    },
    "mfcc": {
        "mean": [-664.480163574, 207.29397583, -35.9739303589, 56.5669250488, 32.2674446106, 15.0230970383, -17.113325119, 5.52877664566, 30.1128444672, 2.60942959785, -4.38089418411, 4.281935215, -8.15507698059],
        "cov": [[518.012939453, 11.7120676041, -106.357711792, -72.8922271729, -62.9231109619, -41.2465858459, -38.2572441101, -43.3196754456, -27.4989929199, -9.32767868042, 6.65237283707, 14.090678215, -12.7981719971], [11.7120676041, 175.343093872, -12.8861026764, -17.5725650787, -18.7491416931, -8.75918960571, -14.0499782562, -2.00066995621, -7.26327848434, 21.6073055267, 52.2048301697, 45.4370079041, 2.82951450348], [-106.357711792, -12.8861026764, 87.3348312378, 17.4798545837, 23.5404033661, 16.2767391205, 8.10067558289, 4.88035821915, 0.319803595543, -2.64145946503, -15.8961143494, -6.45824193954, 8.21465206146], [-72.8922271729, -17.5725650787, 17.4798545837, 92.2572860718, 41.7739105225, 15.8643093109, 2.59545755386, 7.08008384705, 15.4923620224, 0.941583275795, -19.8339328766, -14.6742801666, -6.01550340652], [-62.9231109619, -18.7491416931, 23.5404033661, 41.7739105225, 64.0994110107, 17.4318752289, 9.0769405365, 15.179151535, 8.7995595932, -5.19919157028, -7.15632867813, -9.67298793793, 3.62011575699], [-41.2465858459, -8.75918960571, 16.2767391205, 15.8643093109, 17.4318752289, 58.2820014954, 19.4133605957, 9.2697057724, 11.723651886, -3.18081498146, -11.4864015579, -6.93220853806, 1.31503140926], [-38.2572441101, -14.0499782562, 8.10067558289, 2.59545755386, 9.0769405365, 19.4133605957, 56.3159828186, 36.4369544983, 9.16203117371, -3.13399887085, -3.59929323196, -10.2913198471, 3.98788309097], [-43.3196754456, -2.00066995621, 4.88035821915, 7.08008384705, 15.179151535, 9.2697057724, 36.4369544983, 69.1405258179, 23.5109233856, 1.68338060379, -2.25312709808, -9.46928691864, 7.49859333038], [-27.4989929199, -7.26327848434, 0.319803595543, 15.4923620224, 8.7995595932, 11.723651886, 9.16203117371, 23.5109233856, 47.0170135498, 5.20317363739, -14.9429979324, -15.5336809158, 3.96959376335], [-9.32767868042, 21.6073055267, -2.64145946503, 0.941583275795, -5.19919157028, -3.18081498146, -3.13399887085, 1.68338060379, 5.20317363739, 32.9674987793, 16.0081291199, 8.10776996613, -0.382559418678], [6.65237283707, 52.2048301697, -15.8961143494, -19.8339328766, -7.15632867813, -11.4864015579, -3.59929323196, -2.25312709808, -14.9429979324, 16.0081291199, 67.0057907104, 43.1391525269, 8.79254627228], [14.090678215, 45.4370079041, -6.45824193954, -14.6742801666, -9.67298793793, -6.93220853806, -10.2913198471, -9.46928691864, -15.5336809158, 8.10776996613, 43.1391525269, 54.3934326172, 12.909869194], [-12.7981719971, 2.82951450348, 8.21465206146, -6.01550340652, 3.62011575699, 1.31503140926, 3.98788309097, 7.49859333038, 3.96959376335, -0.382559418678, 8.79254627228, 12.909869194, 37.2595863342]],
