{
"lowlevel": {
    "average_loudness": 0.985057294369,
    "barkbands_crest": {
        "dmean": 2.46555900574,
        "dmean2": 4.19252634048,
        "dvar": 3.98623847961,
        "dvar2": 10.1278858185,
        "max": 17.1273880005,
        "mean": 8.95418643951,
        "median": 8.53284835815,
        "min": 4.08032560349,
        "var": 7.27578210831
    },
    "barkbands_flatness_db": {
        "dmean": 0.0213317684829,
        "dmean2": 0.0343379378319,
        "dvar": 0.000309518305585,
        "dvar2": 0.000788134231698,
        "max": 0.266619086266,
        "mean": 0.200576022267,
        "median": 0.198374837637,
        "min": 0.0888964608312,
        "var": 0.000931478687562
    },
    "barkbands_kurtosis": {
        "dmean": 2.25596952438,
        "dmean2": 3.83512473106,
        "dvar": 7.430996418,
        "dvar2": 22.5286045074,
        "max": 13.8691177368,
        "mean": 1.70591914654,
        "median": 0.280516147614,
        "min": -1.67255604267,
        "var": 11.3516435623
    },
    "barkbands_skewness": {
        "dmean": 0.577187716961,
        "dmean2": 0.953155755997,
        "dvar": 0.241599336267,
        "dvar2": 0.710038363934,
        "max": 3.72256445885,
        "mean": 1.41968095303,
        "median": 1.28946948051,
        "min": -0.228076010942,
        "var": 0.749055147171
    },
    "barkbands_spread": {
        "dmean": 5.36960554123,
        "dmean2": 9.06764507294,
        "dvar": 18.7287578583,
        "dvar2": 49.7586174011,
        "max": 41.9264144897,
        "mean": 21.4707489014,
        "median": 22.4980678558,
        "min": 7.66408538818,
        "var": 50.0893745422
    },
    "dissonance": {
        "dmean": 0.0129644656554,
        "dmean2": 0.020355688408,
        "dvar": 0.000151126252604,
        "dvar2": 0.000308900256641,
        "max": 0.49894541502,
        "mean": 0.477518111467,
        "median": 0.483111232519,
        "min": 0.402814030647,
        "var": 0.0003131061967
    },
    "dynamic_complexity": 1.20603179932,
    "erbbands_crest": {
        "dmean": 2.21841716766,
        "dmean2": 3.74967098236,
        "dvar": 3.39473938942,
        "dvar2": 10.6086826324,
        "max": 14.9810848236,
        "mean": 8.02260971069,
        "median": 7.71560716629,
        "min": 4.17487955093,
        "var": 5.01885938644
    },
    "erbbands_flatness_db": {
        "dmean": 0.0137244407088,
        "dmean2": 0.0243450719863,
        "dvar": 0.000124233396491,
        "dvar2": 0.00026144500589,
        "max": 0.271857559681,
        "mean": 0.226441591978,
        "median": 0.224318683147,
        "min": 0.149204388261,
        "var": 0.000394141708966
    },
    "erbbands_kurtosis": {
        "dmean": 0.766259908676,
        "dmean2": 1.3107265234,
        "dvar": 0.437914758921,
        "dvar2": 1.13710331917,
        "max": 3.2390127182,
        "mean": 0.145569443703,
        "median": 0.0474987030029,
        "min": -1.48880124092,
        "var": 0.875294327736
    },
    "erbbands_skewness": {
        "dmean": 0.339493393898,
        "dmean2": 0.549383640289,
        "dvar": 0.0745753347874,
        "dvar2": 0.24430295825,
        "max": 0.557830810547,
        "mean": -0.739100158215,
        "median": -0.747119605541,
        "min": -1.76504778862,
        "var": 0.198589593172
    },
    "erbbands_spread": {
        "dmean": 6.83693361282,
        "dmean2": 11.4617414474,
        "dvar": 31.2939128876,
        "dvar2": 92.1963348389,
        "max": 60.6053276062,
        "mean": 32.3679695129,
        "median": 31.7212486267,
        "min": 15.9132328033,
        "var": 100.663833618
    },
    "hfc": {
        "dmean": 5.35811471939,
        "dmean2": 8.36991500854,
        "dvar": 21.6273002625,
        "dvar2": 57.2056503296,
        "max": 71.7237854004,
        "mean": 24.7084350586,
        "median": 22.0768241882,
        "min": 9.37265396118,
        "var": 146.867965698
    },
    "melbands_crest": {
        "dmean": 4.18914890289,
        "dmean2": 7.11109161377,
        "dvar": 12.7504329681,
        "dvar2": 30.3996334076,
        "max": 27.8383769989,
        "mean": 18.35389328,
        "median": 18.5172901154,
        "min": 5.18182086945,
        "var": 24.5041160583
    },
    "melbands_flatness_db": {
        "dmean": 0.0295883603394,
        "dmean2": 0.0458199195564,
        "dvar": 0.000491240003612,
        "dvar2": 0.00152754329611,
        "max": 0.374958068132,
        "mean": 0.281062245369,
        "median": 0.276577800512,
        "min": 0.172363847494,
        "var": 0.00184142007492
    },
    "melbands_kurtosis": {
        "dmean": 6.88024806976,
        "dmean2": 11.6389350891,
        "dvar": 74.9988250732,
        "dvar2": 223.007583618,
        "max": 50.2761726379,
        "mean": 10.6339569092,
        "median": 7.08773040771,
        "min": -0.802530765533,
        "var": 117.047271729
    },
    "melbands_skewness": {
        "dmean": 0.853300690651,
        "dmean2": 1.39866578579,
        "dvar": 0.624380767345,
        "dvar2": 1.82075357437,
        "max": 6.63205289841,
        "mean": 2.90251660347,
        "median": 2.7317032814,
        "min": 0.319998145103,
        "var": 1.7568243742
    },
    "melbands_spread": {
        "dmean": 6.7756524086,
        "dmean2": 11.3193807602,
        "dvar": 38.7524757385,
        "dvar2": 105.306846619,
        "max": 57.1684761047,
        "mean": 21.0145568848,
        "median": 20.6700534821,
        "min": 5.09944248199,
        "var": 115.306053162
    },
    "pitch_salience": {
        "dmean": 0.0797060877085,
        "dmean2": 0.130079522729,
        "dvar": 0.00390807492658,
        "dvar2": 0.0102278003469,
        "max": 0.688348770142,
        "mean": 0.485426962376,
        "median": 0.495688855648,
        "min": 0.226891607046,
        "var": 0.00908723752946
    },
    "silence_rate_20dB": {
        "dmean": 0,
        "dmean2": 0,
        "dvar": 0,
        "dvar2": 0,
        "max": 1,
        "mean": 1,
        "median": 1,
        "min": 1,
        "var": 0
    },
    "silence_rate_30dB": {
        "dmean": 0,
        "dmean2": 0,
        "dvar": 0,
        "dvar2": 0,
        "max": 1,
        "mean": 1,
        "median": 1,
        "min": 1,
        "var": 0
    },
    "silence_rate_60dB": {
        "dmean": 0,
        "dmean2": 0,
        "dvar": 0,
        "dvar2": 0,
        "max": 0,
        "mean": 0,
        "median": 0,
        "min": 0,
        "var": 0
    },
    "spectral_centroid": {
        "dmean": 242.495101929,
        "dmean2": 404.571166992,
        "dvar": 42889.1484375,
        "dvar2": 117049.53125,
        "max": 2406.97460938,
        "mean": 1264.83898926,
        "median": 1275.49328613,
        "min": 561.02142334,
        "var": 105684.8125
    },
    "spectral_complexity": {
        "dmean": 3.23636364937,
        "dmean2": 5.24770641327,
        "dvar": 6.99867868423,
        "dvar2": 17.3606567383,
        "max": 44,
        "mean": 26.7297306061,
        "median": 27,
        "min": 12,
        "var": 37.3683853149
    },
    "spectral_decrease": {
        "dmean": 3.36042949023e-09,
        "dmean2": 5.56733459334e-09,
        "dvar": 5.68698747967e-18,
        "dvar2": 1.73160847923e-17,
        "max": -4.56416282546e-09,
        "mean": -1.1763624741e-08,
        "median": -1.1870358918e-08,
        "min": -1.83354789129e-08,
        "var": 9.16152820984e-18
    },
    "spectral_energy": {
        "dmean": 0.0128894699737,
        "dmean2": 0.0213178917766,
        "dvar": 8.28785196063e-05,
        "dvar2": 0.000252999161603,
        "max": 0.0705058127642,
        "mean": 0.0466396994889,
        "median": 0.0469041764736,
        "min": 0.0182259436697,
        "var": 0.000139721363666
    },
    "spectral_energyband_high": {
        "dmean": 3.60552148777e-05,
        "dmean2": 5.72485550947e-05,
        "dvar": 3.00818081556e-09,
        "dvar2": 6.25925045128e-09,
        "max": 0.0006287205033,
        "mean": 8.56234473758e-05,
        "median": 6.56862684991e-05,
        "min": 1.78899863386e-05,
        "var": 6.12340977924e-09
    },
    "spectral_energyband_low": {
        "dmean": 0.0121941184625,
        "dmean2": 0.0208990350366,
        "dvar": 9.07611829462e-05,
        "dvar2": 0.000229356228374,
        "max": 0.0608393400908,
        "mean": 0.0239251609892,
        "median": 0.0204503741115,
        "min": 0.00142739270814,
        "var": 0.000161966818268
    },
    "spectral_energyband_middle_high": {
        "dmean": 0.00287482864223,
        "dmean2": 0.00461990246549,
        "dvar": 7.0272621997e-06,
        "dvar2": 1.56545083883e-05,
        "max": 0.0385702773929,
        "mean": 0.0103989345953,
        "median": 0.00798455812037,
        "min": 0.00136501179077,
        "var": 5.69273834117e-05
    },
    "spectral_energyband_middle_low": {
        "dmean": 0.00639166077599,
        "dmean2": 0.0105205541477,
        "dvar": 3.06128094962e-05,
        "dvar2": 9.21811952139e-05,
        "max": 0.0347112454474,
        "mean": 0.0129786217585,
        "median": 0.0113906823099,
        "min": 0.00287829712033,
        "var": 4.33813038399e-05
    },
    "spectral_entropy": {
        "dmean": 0.0946162641048,
        "dmean2": 0.163286373019,
        "dvar": 0.00761538324878,
        "dvar2": 0.0207204557955,
        "max": 7.78902292252,
        "mean": 7.2879486084,
        "median": 7.30671405792,
        "min": 6.99627399445,
        "var": 0.0176961626858
    },
    "spectral_flux": {
        "dmean": 0.0237026102841,
        "dmean2": 0.0394699499011,
        "dvar": 0.0003982509661,
        "dvar2": 0.00105983531103,
        "max": 0.187752410769,
        "mean": 0.110772907734,
        "median": 0.10775539279,
        "min": 0.0556341521442,
        "var": 0.000712862412911
    },
    "spectral_kurtosis": {
        "dmean": 3.99331331253,
        "dmean2": 7.48555135727,
        "dvar": 12.962556839,
        "dvar2": 31.8471546173,
        "max": 24.4423885345,
        "mean": 7.90764427185,
        "median": 7.27023506165,
        "min": 1.9436955452,
        "var": 17.1589984894
    },
    "spectral_rms": {
        "dmean": 0.000946441432461,
        "dmean2": 0.0015588545939,
        "dvar": 4.69890721888e-07,
        "dvar2": 1.43307090639e-06,
        "max": 0.00829374231398,
        "mean": 0.00668773101643,
        "median": 0.00676462659612,
        "min": 0.00421680090949,
        "var": 7.76386116286e-07
    },
    "spectral_rolloff": {
        "dmean": 457.091186523,
        "dmean2": 787.838745117,
        "dvar": 198780.421875,
        "dvar2": 469313,
        "max": 2799.31640625,
        "mean": 1180.25244141,
        "median": 1184.32617188,
        "min": 107.666015625,
        "var": 463775.0625
    },
    "spectral_skewness": {
        "dmean": 0.382752984762,
        "dmean2": 0.679368674755,
        "dvar": 0.128494933248,
        "dvar2": 0.300362110138,
        "max": 4.05505657196,
        "mean": 1.39693748951,
        "median": 1.38699519634,
        "min": 0.339162111282,
        "var": 0.213684290648
    },
    "spectral_spread": {
        "dmean": 189000.34375,
        "dmean2": 309993.28125,
        "dvar": 97296531456,
        "dvar2": 121566281728,
        "max": 5304107.5,
        "mean": 2154813,
        "median": 2110553,
        "min": 1739158.625,
        "var": 131737034752
    },
    "spectral_strongpeak": {
        "dmean": 0.434518367052,
        "dmean2": 0.7622423172,
        "dvar": 0.625648200512,
        "dvar2": 1.40944337845,
        "max": 5.16446733475,
        "mean": 0.755830347538,
        "median": 0.592135190964,
        "min": 0.155026257038,
        "var": 0.583944737911
    },
    "zerocrossingrate": {
        "dmean": 0.00544655555859,
        "dmean2": 0.00776770338416,
        "dvar": 2.87671027763e-05,
        "dvar2": 4.65924240416e-05,
        "max": 0.06689453125,
        "mean": 0.0374480932951,
        "median": 0.0380859375,
        "min": 0.0146484375,
        "var": 0.000146547026816
    },
    "barkbands": {
        "dmean": [1.91408780665e-05, 0.00805267971009, 0.00542357144877, 0.00204948335886, 0.00512667372823, 0.000140500065754, 0.000158222188475, 0.000529915851075, 0.000924075895455, 0.000650512578432, 0.000897375808563, 0.0011425036937, 0.000123902398627, 0.000485575117636, 0.000638216850348, 0.000981509452686, 0.000675431627315, 0.000153633809532, 0.000230880046729, 4.44236575277e-05, 1.89324437088e-05, 3.24260986417e-06, 5.08454490955e-07, 1.20203458209e-06, 9.01586872715e-07, 2.53535148431e-07, 2.19113175604e-07],
        "dmean2": [2.7655823942e-05, 0.0146303614601, 0.00891451258212, 0.00357713666745, 0.00844935234636, 0.000230607780395, 0.000261525477981, 0.000937980599701, 0.00143527262844, 0.00112325709779, 0.00147189991549, 0.00181632128078, 0.000206616372452, 0.000833336496726, 0.0011463802075, 0.00167245289776, 0.0010796317365, 0.000270234275376, 0.000390557717765, 7.46461300878e-05, 3.14741264447e-05, 5.43330497749e-06, 7.55735584335e-07, 1.96226778826e-06, 1.30328794512e-06, 2.91159352628e-07, 2.35269610016e-07],
        "dvar": [5.90421178615e-09, 4.73637737741e-05, 1.80701645149e-05, 3.07679556499e-06, 1.9235378204e-05, 1.91677447248e-08, 5.28704084957e-08, 2.22573035558e-07, 1.026462769e-06, 1.31150113702e-06, 3.02437160826e-06, 2.30253840527e-06, 2.85803238853e-08, 2.90131822567e-07, 6.57526356918e-07, 9.35965147164e-07, 4.48794395425e-07, 2.43616486983e-08, 1.6026108085e-07, 3.14809645019e-09, 1.03021724485e-09, 2.03455863268e-11, 3.39058533853e-12, 6.41402642804e-12, 4.07086647378e-12, 3.4702982675e-12, 4.15314744401e-12],
        "dvar2": [6.02418115392e-09, 0.000117412564578, 4.56664711237e-05, 9.66201059782e-06, 5.83365836064e-05, 5.12138456088e-08, 1.22107252309e-07, 5.89098021919e-07, 1.73924343017e-06, 3.62890637007e-06, 7.12951214155e-06, 5.53230074729e-06, 4.87859814768e-08, 7.07866661287e-07, 2.30303066928e-06, 2.70296482086e-06, 1.44724560869e-06, 5.75965479754e-08, 4.28794379559e-07, 8.1534263785e-09, 2.6195488001e-09, 3.93733518012e-11, 3.80913226308e-12, 9.88593235052e-12, 5.04809345367e-12, 3.56230106177e-12, 4.20187886221e-12],
        "max": [0.000814097118564, 0.0399456769228, 0.0268438719213, 0.0125313661993, 0.0294725839049, 0.00074660795508, 0.00201129959896, 0.00356561760418, 0.0109228268266, 0.00914335995913, 0.0140112694353, 0.0140302097425, 0.00192188646179, 0.00421264022589, 0.00519929081202, 0.00882716756314, 0.00537483813241, 0.00113943498582, 0.00291749136522, 0.000584163761232, 0.000356528558768, 5.19787681696e-05, 2.0178316845e-05, 2.27980999625e-05, 2.52835488936e-05, 2.0300185497e-05, 2.15454529098e-05],
        "mean": [2.18186160055e-05, 0.0126246130094, 0.0106787495315, 0.00235481443815, 0.00719213439152, 0.000195219792658, 0.000207097633393, 0.000754446082283, 0.00201431289315, 0.000910922884941, 0.00125929783098, 0.00205545662902, 0.00020265027706, 0.000912789080758, 0.00104547408409, 0.00180362607352, 0.00152174546383, 0.000346641696524, 0.000385681196349, 0.000100108038168, 4.01168726967e-05, 7.37751270208e-06, 7.71306758907e-07, 1.81361860996e-06, 1.46288698488e-06, 3.60291465995e-07, 2.32077013607e-07],
        "median": [6.33623858448e-06, 0.0111542111263, 0.0105586908758, 0.00174412550405, 0.0059404745698, 0.000136643444421, 0.000125333390315, 0.000636441051029, 0.0014648528304, 0.000488930440042, 0.000349383684807, 0.00100087770261, 0.000139299983857, 0.000614353339188, 0.000796782551333, 0.00165397801902, 0.00110954011325, 0.0002781492949, 0.000254342798144, 7.74178042775e-05, 2.98289178318e-05, 5.45416514797e-06, 4.31944016555e-07, 9.48879687712e-07, 6.73648003158e-07, 1.24967257875e-07, 2.06163548455e-08],
        "min": [3.45332495044e-07, 0.000424262107117, 0.000560151645914, 0.000227164724492, 0.00014350694255, 1.22611181723e-05, 1.23465597426e-05, 3.18877282552e-05, 0.000157756847329, 3.13843265758e-05, 1.78490845428e-05, 0.000105685277958, 1.42086910273e-05, 7.98083492555e-05, 8.46851471579e-05, 0.000243702845182, 0.000200558148208, 3.92759939132e-05, 4.72652100143e-05, 1.6495507225e-05, 7.75584976509e-06, 1.53803046032e-06, 1.21179184021e-07, 2.83936003598e-07, 1.14550701369e-07, 4.89975349183e-08, 8.80266082248e-09],
        "var": [6.0420481951e-09, 6.33183881291e-05, 3.38417921739e-05, 3.79650896321e-06, 2.96878770314e-05, 2.71529145834e-08, 7.05613203422e-08, 4.09446215599e-07, 3.40474798577e-06, 1.58642524184e-06, 5.87436443311e-06, 7.19902209312e-06, 5.1844189386e-08, 7.11500661055e-07, 8.24120263587e-07, 1.45340857216e-06, 1.47951516283e-06, 5.85122030827e-08, 1.67537422158e-07, 6.47557962807e-09, 1.71016822925e-09, 4.63668027584e-11, 3.62911935746e-12, 7.74184882868e-12, 7.26247751173e-12, 3.6383005983e-12, 4.13166159272e-12]
    },
    "erbbands": {
        "dmean": [0.0696993246675, 2.323792696, 7.19576644897, 3.71450233459, 21.2461986542, 11.5108852386, 1.62773871422, 1.22904551029, 1.01577627659, 3.19892668724, 22.4689216614, 16.7999782562, 18.9397258759, 17.1405658722, 36.6760482788, 36.5076065063, 4.8093495369, 15.6145973206, 25.453950882, 48.1574821472, 43.4358711243, 38.4696388245, 9.74943733215, 12.5892858505, 5.83923101425, 2.06499028206, 0.833749055862, 0.595903873444, 0.143153622746, 0.0295434799045, 0.0161840151995, 0.0289929993451, 0.0169303324074, 0.0167944058776, 0.00241157365963, 0.00107434508391, 0.000467401812784, 0.000154508379637, 3.36616685672e-05, 1.6590274754e-05],
        "dmean2": [0.128643274307, 4.18428516388, 11.7540273666, 6.64013671875, 36.3185577393, 19.0209693909, 2.7842130661, 2.00009346008, 1.56232070923, 5.58721637726, 38.4615592957, 26.7118339539, 32.0440635681, 25.307767868, 56.9168739319, 57.7679176331, 7.72907495499, 24.6703605652, 43.1954841614, 84.7268218994, 75.4602890015, 62.0133056641, 16.619644165, 20.9172916412, 10.2284173965, 3.44553613663, 1.40159916878, 0.952884733677, 0.233724176884, 0.0456050299108, 0.0246338807046, 0.0484630689025, 0.025731138885, 0.0248844139278, 0.00295871170238, 0.00129257002845, 0.000528464268427, 0.000175770372152, 3.79572229576e-05, 2.59935914073e-05],
        "dvar": [0.00310038891621, 3.76933598518, 33.6214523315, 8.14505767822, 359.042938232, 103.720199585, 2.41947031021, 1.41643285751, 1.54334163666, 23.3987140656, 322.495727539, 348.057861328, 1181.69824219, 544.938964844, 3180.14794922, 2565.65112305, 44.2112464905, 383.65536499, 513.119018555, 3882.42919922, 1939.75463867, 1315.88293457, 83.8281936646, 343.720336914, 125.60546875, 8.34154033661, 1.31629800797, 1.00618100166, 0.0464971028268, 0.00160141394008, 0.00265984795988, 0.00365362595767, 0.00123781932052, 0.000698693504091, 0.00016565072292, 4.42908531113e-05, 1.37688002724e-05, 1.62598166753e-06, 8.17004774945e-08, 7.90700338538e-10],
        "dvar2": [0.00890130735934, 9.18026256561, 81.1910247803, 26.3456745148, 1066.46142578, 272.888092041, 6.92699098587, 3.64008426666, 3.32414460182, 56.678401947, 847.647033691, 655.425109863, 2720.08691406, 1207.31237793, 6324.26025391, 6864.61621094, 81.4065704346, 979.641113281, 1295.06628418, 11345.4316406, 5541.69335938, 4309.46972656, 198.977157593, 957.758300781, 302.449707031, 20.7254924774, 3.06444835663, 2.36198472977, 0.0876877456903, 0.00334039912559, 0.00309662474319, 0.00609666481614, 0.00169609312434, 0.00101931614336, 0.000175932596903, 4.52218373539e-05, 1.4236809875e-05, 1.66095128407e-06, 8.2660861267e-08, 1.00424568661e-09],
        "max": [0.353034198284, 11.2317028046, 35.1691360474, 19.2075462341, 110.399429321, 77.9371948242, 9.25897026062, 7.91694688797, 11.8239488602, 35.9682350159, 170.477645874, 189.235595703, 307.471801758, 260.439331055, 545.72668457, 401.282104492, 73.1886901855, 176.256759644, 235.548034668, 382.371704102, 348.4503479, 306.717315674, 80.8784255981, 137.582244873, 77.2095031738, 29.2455673218, 13.6652288437, 10.6525402069, 2.12226963043, 0.702113568783, 0.564447700977, 0.528589785099, 0.346529185772, 0.328677028418, 0.146714925766, 0.0740975439548, 0.0400861799717, 0.0135396905243, 0.00304828491062, 0.00034705872531],
        "mean": [0.0979151949286, 3.74237275124, 14.8478689194, 6.58693885803, 27.9905090332, 15.812748909, 2.45411586761, 1.63637399673, 1.72432363033, 4.6939125061, 36.644405365, 37.3575019836, 27.8736953735, 30.4044780731, 76.5305480957, 64.4803085327, 11.9223537445, 29.3268451691, 53.090763092, 86.7712097168, 94.3373031616, 82.4299163818, 26.4545764923, 25.4462070465, 11.59852314, 4.8499417305, 1.90600669384, 1.22266054153, 0.320155799389, 0.072861045599, 0.0255603529513, 0.0394242703915, 0.0273560602218, 0.028075395152, 0.00365741411224, 0.00173046626151, 0.000630296301097, 0.000173134976649, 5.43082751392e-05, 5.64542933716e-05],
        "median": [0.0905268862844, 3.28985238075, 14.0780725479, 5.69054222107, 22.1490154266, 12.6652517319, 1.98870146275, 1.13167881966, 1.20580744743, 3.47483253479, 30.8731002808, 26.1852245331, 14.2461709976, 14.2699108124, 37.4888954163, 32.2034263611, 9.73764324188, 19.9238624573, 46.1249504089, 62.3568649292, 84.3658294678, 61.5102615356, 22.9998874664, 18.8998451233, 7.85154008865, 3.68735957146, 1.51498174667, 0.906777262688, 0.237781301141, 0.0480199195445, 0.0155470203608, 0.0193576756865, 0.0156924314797, 0.0133461738005, 0.00144977029413, 0.000749814265873, 0.00019119780336, 2.93622688332e-05, 2.73632176686e-05, 5.36817933607e-05],
        "min": [0.0114383632317, 0.112476192415, 0.587461650372, 1.6376349926, 1.26246798038, 0.676265001297, 0.253408402205, 0.200746178627, 0.19173233211, 0.496068000793, 1.51114153862, 3.4732940197, 2.02842140198, 0.779061079025, 3.39651441574, 3.54556560516, 1.36932504177, 2.06824040413, 5.13117837906, 10.9750185013, 16.2408294678, 11.2497587204, 5.34154891968, 3.05667281151, 1.75159943104, 0.830379962921, 0.284225702286, 0.331558585167, 0.0705883800983, 0.0116756912321, 0.00489199673757, 0.00562773086131, 0.0039434810169, 0.00222038268112, 0.00041337730363, 0.000245218863711, 7.3324474215e-05, 8.77858565218e-06, 1.27076054923e-05, 2.14690007851e-05],
        "var": [0.00417676381767, 5.34876585007, 64.1914672852, 12.0036964417, 470.23526001, 157.581375122, 3.02144598961, 1.95819473267, 3.08871865273, 26.3700714111, 914.198059082, 1142.74609375, 1796.85083008, 1992.74572754, 11622.7041016, 6218.41943359, 119.480674744, 964.167541504, 1472.64855957, 6376.57958984, 3637.0078125, 3741.8972168, 282.692169189, 441.577392578, 140.944488525, 15.6763648987, 3.1501390934, 1.53072798252, 0.0873528495431, 0.00796098820865, 0.00289125018753, 0.00412693154067, 0.00161766365636, 0.00168826908339, 0.000192950945348, 4.83980948047e-05, 1.42063563544e-05, 1.62758033184e-06, 8.15381255848e-08, 9.45015732334e-10]
    },
    "gfcc": {
        "mean": [-16.2869052887, 163.282470703, -156.945785522, 40.184803009, -4.25365638733, 3.82513189316, -15.9974222183, 12.6842107773, -18.392747879, -19.7064323425, -23.9491157532, -22.2445850372, 0.233202442527],
        "cov": [[476.679504395, -120.725402832, -197.83380127, -96.1887054443, -47.142906189, 60.8683052063, -34.7386703491, -72.0445251465, -124.469825745, -18.3001613617, 19.9320716858, 94.289932251, 37.1306648254], [-120.725402832, 151.197738647, 3.1535820961, 17.7652816772, 14.9444694519, -54.1403160095, 60.2575187683, 20.2356052399, 56.6962356567, -17.4768619537, -16.6827087402, -36.3721237183, 4.54435157776], [-197.83380127, 3.1535820961, 257.144378662, 55.9312705994, 30.5887565613, -16.8811664581, -31.0993289948, 41.0944747925, 60.1573600769, 39.5554084778, -4.00805187225, -33.4271965027, -31.0759906769], [-96.1887054443, 17.7652816772, 55.9312705994, 83.4598922729, 31.6139545441, -32.6842689514, 2.36646556854, 10.5384664536, 45.5893287659, 22.7259616852, 8.95508289337, -14.5062503815, -3.82884550095], [-47.142906189, 14.9444694519, 30.5887565613, 31.6139545441, 77.168296814, -16.3559570312, 8.44231319427, -1.28790974617, 6.69124031067, 21.8103199005, -10.9539337158, 6.91374969482, -3.61354756355], [60.8683052063, -54.1403160095, -16.8811664581, -32.6842689514, -16.3559570312, 110.33757782, -21.7739963531, 3.40538263321, -25.584854126, -30.1043834686, 11.2509336472, 0.465535670519, 6.17851352692], [-34.7386703491, 60.2575187683, -31.0993289948, 2.36646556854, 8.44231319427, -21.7739963531, 79.6924819946, 18.6190605164, 38.5019836426, -1.23607909679, -2.53689193726, -8.33727169037, 2.30497908592], [-72.0445251465, 20.2356052399, 41.0944747925, 10.5384664536, -1.28790974617, 3.40538263321, 18.6190605164, 59.6436157227, 48.4291877747, -0.563186943531, -0.616929352283, -21.9557304382, -3.2298810482], [-124.469825745, 56.6962356567, 60.1573600769, 45.5893287659, 6.69124031067, -25.584854126, 38.5019836426, 48.4291877747, 116.246559143, 22.3798122406, 4.96997451782, -36.38879776, -14.19921875], [-18.3001613617, -17.4768619537, 39.5554084778, 22.7259616852, 21.8103199005, -30.1043834686, -1.23607909679, -0.563186943531, 22.3798122406, 59.8258514404, 11.0104951859, 5.83277797699, -17.9903717041], [19.9320716858, -16.6827087402, -4.00805187225, 8.95508289337, -10.9539337158, 11.2509336472, -2.53689193726, -0.616929352283, 4.96997451782, 11.0104951859, 37.7971916199, 8.74044322968, -1.61993336678], [94.289932251, -36.3721237183, -33.4271965027, -14.5062503815, 6.91374969482, 0.465535670519, -8.33727169037, -21.9557304382, -36.38879776, 5.83277797699, 8.74044322968, 45.1044654846, 6.71860647202], [37.1306648254, 4.54435157776, -31.0759906769, -3.82884550095, -3.61354756355, 6.17851352692, 2.30497908592, -3.2298810482, -14.19921875, -17.9903717041, -1.61993336678, 6.71860647202, 30.9432830811]],
        "icov": [[0.00713873142377, 0.00132317177486, 0.00303392554633, 0.00287795742042, 0.00283272727393, -0.00212274771184, 0.00124579027761, 0.00211394787766, -0.000603043474257, -0.00291576213203, 0.000966694904491, -0.00948614068329, -0.00433658482507], [0.00132317177486, 0.0211785528809, -0.000347418739693, 0.0071449293755, -0.00812300015241, 0.0117134191096, -0.00808652117848, 0.00530332466587, -0.00694934139028, 0.0138692585751, -0.00568963820115, 0.0129406061023, -0.00452732713893], [0.00303392554633, -0.000347418739693, 0.00845960341394, -0.00127157184761, -2.54127771768e-05, -0.00138466933277, 0.00550766522065, -0.00348093523644, -0.000929043046199, -0.00407622382045, 0.00210700463504, -0.00236003403552, 0.00207538437098], [0.00287795742042, 0.0071449293755, -0.00127157184761, 0.0300335809588, -0.0135177858174, 0.0100373439491, 0.00339054036885, 0.00641080411151, -0.0112647758797, 0.00566036719829, -0.0147804431617, 0.00867681019008, -0.00976565014571], [0.00283272727393, -0.00812300015241, -2.54127771768e-05, -0.0135177858174, 0.0276839975268, -0.010226059705, -0.00231767073274, -0.00132008292712, 0.00630218302831, -0.0152426958084, 0.0168676581234, -0.0183040872216, 0.000292470387649], [-0.00212274771184, 0.0117134191096, -0.00138466933277, 0.0100373439491, -0.010226059705, 0.0224446207285, -0.000181596231414, -0.000460978772026, -0.00355405220762, 0.0171259287745, -0.0138885853812, 0.0148710478097, -0.000661878439132], [0.00124579027761, -0.00808652117848, 0.00550766522065, 0.00339054036885, -0.00231767073274, -0.000181596231414, 0.0250349361449, -0.00512527534738, -0.00637950003147, -0.00266829528846, -0.000432896282291, -0.006157935597, -0.000155094370712], [0.00211394787766, 0.00530332466587, -0.00348093523644, 0.00641080411151, -0.00132008292712, -0.000460978772026, -0.00512527534738, 0.0324367694557, -0.0133053930476, 0.00554847158492, -0.00182933872566, 0.0042152935639, -0.00620337761939], [-0.000603043474257, -0.00694934139028, -0.000929043046199, -0.0112647758797, 0.00630218302831, -0.00355405220762, -0.00637950003147, -0.0133053930476, 0.0270275138319, -0.0109216626734, 0.000719009200111, 0.00510337669402, 0.00493138981983], [-0.00291576213203, 0.0138692585751, -0.00407622382045, 0.00566036719829, -0.0152426958084, 0.0171259287745, -0.00266829528846, 0.00554847158492, -0.0109216626734, 0.0446567349136, -0.016441963613, 0.00723401270807, 0.0121671156958], [0.000966694904491, -0.00568963820115, 0.00210700463504, -0.0147804431617, 0.0168676581234, -0.0138885853812, -0.000432896282291, -0.00182933872566, 0.000719009200111, -0.016441963613, 0.0454367659986, -0.019603125751, 0.00195265712682], [-0.00948614068329, 0.0129406061023, -0.00236003403552, 0.00867681019008, -0.0183040872216, 0.0148710478097, -0.006157935597, 0.0042152935639, 0.00510337669402, 0.00723401270807, -0.019603125751, 0.0647021606565, -0.00454931007698], [-0.00433658482507, -0.00452732713893, 0.00207538437098, -0.00976565014571, 0.000292470387649, -0.000661878439132, -0.000155094370712, -0.00620337761939, 0.00493138981983, 0.0121671156958, 0.00195265712682, -0.00454931007698, 0.0490189120173]]
    },
    "melbands": {
        "dmean": [0.0013829121599, 0.00358555861749, 0.00112255325075, 0.00131651922129, 8.85528206709e-05, 2.62446919805e-05, 2.07377815968e-05, 3.05524736177e-05, 0.000232338905334, 9.54404313234e-05, 9.73232527031e-05, 7.25746504031e-05, 0.000138382019941, 0.000155484391144, 2.85688765871e-05, 1.53663986566e-05, 3.37854107784e-05, 4.84023803438e-05, 5.03325718455e-05, 6.73028698657e-05, 5.31141376996e-05, 4.14477362938e-05, 2.14488973143e-05, 7.47855938243e-06, 1.20995573525e-05, 7.076690963e-06, 2.6375798825e-06, 1.28009935452e-06, 4.27656459578e-07, 6.8966693334e-07, 2.52367414078e-07, 8.81201174252e-08, 3.92817298689e-08, 9.42998390485e-09, 7.70971197994e-09, 1.46501886178e-08, 2.12296242807e-08, 1.31532678083e-08, 1.18412106787e-08, 1.57573101234e-08],
        "dmean2": [0.00255466857925, 0.00594980828464, 0.00199597538449, 0.00220409478061, 0.000148910374264, 4.26317565143e-05, 3.24556749547e-05, 5.43362548342e-05, 0.000391562789446, 0.000148427352542, 0.000163222357514, 0.00011127932521, 0.000218163229874, 0.000249976408668, 4.3695250497e-05, 2.45653573074e-05, 5.34553109901e-05, 8.39383283164e-05, 8.87942514964e-05, 0.000116735005577, 9.45006831898e-05, 6.70678273309e-05, 3.5061424569e-05, 1.30958860609e-05, 2.03141335078e-05, 1.2245468497e-05, 4.53307484349e-06, 2.10918210541e-06, 7.27464282591e-07, 1.1401169786e-06, 3.95787935759e-07, 1.44724538131e-07, 6.43237640929e-08, 1.4410383109e-08, 1.13278995073e-08, 2.2497006924e-08, 3.62552157185e-08, 2.0701531156e-08, 1.7807275654e-08, 2.34109638342e-08],
        "dvar": [1.42918497659e-06, 7.89809200796e-06, 7.53871972847e-07, 1.34508275096e-06, 7.55102558259e-09, 6.53201770451e-10, 7.68594077272e-10, 1.9701504872e-09, 3.25096465303e-08, 1.47116852034e-08, 3.12050936202e-08, 1.13176090721e-08, 6.46442970265e-08, 4.4756237827e-08, 1.53955093118e-09, 4.72744510205e-10, 1.70222813622e-09, 2.14224571415e-09, 3.51291218337e-09, 4.40805036916e-09, 3.68579411436e-09, 1.65364699711e-09, 4.50907311489e-10, 6.26436749696e-11, 3.24093696324e-10, 2.00059191435e-10, 1.08074616964e-11, 3.25187164522e-12, 2.47400515872e-13, 1.85704511664e-12, 1.38486945978e-13, 2.16901624157e-14, 1.55759512242e-15, 6.12562951328e-16, 9.10415787423e-16, 1.02289032787e-15, 1.767258435e-15, 7.58626371544e-16, 4.54681145097e-16, 5.79825022038e-16],
        "dvar2": [3.73617467631e-06, 1.95636766875e-05, 2.19791218115e-06, 3.88091211789e-06, 2.13498125845e-08, 1.73693737171e-09, 1.77259906753e-09, 4.82039341776e-09, 8.55692832147e-08, 2.5947233695e-08, 7.37835677e-08, 2.87641430674e-08, 1.40146909189e-07, 1.13784260236e-07, 3.76935371804e-09, 1.0318951249e-09, 4.38885994214e-09, 4.86720930226e-09, 1.12622018378e-08, 1.13568860982e-08, 1.0482424706e-08, 5.2709774323e-09, 1.24078258779e-09, 1.65572736077e-10, 8.96895779867e-10, 4.79355166672e-10, 2.74169228986e-11, 8.15495327516e-12, 6.02502422953e-13, 4.93089423459e-12, 2.98436920792e-13, 3.876268745e-14, 4.30777790622e-15, 8.17114684766e-16, 9.92192689194e-16, 1.42566582336e-15, 3.5167033436e-15, 1.07754830517e-15, 6.37090431442e-16, 8.93328591778e-16],
        "max": [0.0072537092492, 0.0176954828203, 0.00654758606106, 0.00772689515725, 0.000497548549902, 0.000163086544489, 0.000254693120951, 0.0003196313628, 0.00177893380169, 0.00123198574875, 0.00158852967434, 0.00109704548959, 0.00230022706091, 0.00206190301105, 0.000319675687933, 0.000209793681279, 0.000395122275222, 0.000408602092648, 0.000353377894498, 0.000512636906933, 0.000397526455345, 0.000345061038388, 0.000190389255295, 5.39240209037e-05, 0.000131145934574, 8.67138805916e-05, 2.67130617431e-05, 1.7833426682e-05, 4.70768827654e-06, 1.40305701279e-05, 3.20615663441e-06, 1.43835256949e-06, 5.09318340391e-07, 3.66814646213e-07, 3.26752456203e-07, 3.16933295608e-07, 3.26514765447e-07, 2.64001897676e-07, 2.11039122178e-07, 2.98883946925e-07],
        "mean": [0.00210902676918, 0.00700270058587, 0.0018879098352, 0.00186275108717, 0.000120966025861, 3.54459552909e-05, 3.10559298669e-05, 4.08337837143e-05, 0.000390501052607, 0.000212520099012, 0.000137209979584, 0.000115989212645, 0.000237744010519, 0.00026638401323, 5.51136945433e-05, 2.35672632698e-05, 5.96390054852e-05, 9.13185504032e-05, 8.91311356099e-05, 0.000123763136799, 0.000109088337922, 8.82716703927e-05, 4.55175395473e-05, 1.60405434144e-05, 2.20096844714e-05, 1.0604315321e-05, 5.49185187992e-06, 2.56795624409e-06, 9.47638966409e-07, 1.303802037e-06, 4.81411120745e-07, 1.90123301991e-07, 8.50405541541e-08, 1.98111624883e-08, 1.15615907958e-08, 1.96056824109e-08, 2.63645283383e-08, 1.97016998271e-08, 1.89892741531e-08, 2.60327830404e-08],
        "median": [0.00199708645232, 0.00634095724672, 0.00168292142916, 0.0014966824092, 0.000103409030999, 2.49070144491e-05, 2.10221642192e-05, 2.88931096293e-05, 0.000335138262017, 0.000143166893395, 6.90517408657e-05, 5.34446298843e-05, 8.24055023259e-05, 0.000119024647574, 2.73674522759e-05, 1.43072447827e-05, 3.63837862096e-05, 7.5424577517e-05, 6.49848443572e-05, 9.73259666353e-05, 8.26983959996e-05, 6.53720417176e-05, 3.60214107786e-05, 1.29266863951e-05, 1.59637747856e-05, 6.51977279631e-06, 4.23022993346e-06, 1.8914129214e-06, 7.39483937195e-07, 9.10140101951e-07, 3.64293384791e-07, 1.3755436612e-07, 6.11292918506e-08, 1.09445386087e-08, 6.40788488937e-09, 1.0301911324e-08, 1.20214558308e-08, 1.00378976242e-08, 9.56043777478e-09, 1.18131637805e-08],
        "min": [0.000116657007311, 0.000234315986745, 0.000513736624271, 5.19256209373e-05, 1.01540563264e-05, 2.62489788838e-06, 2.49770755545e-06, 3.90463219446e-06, 1.43458946695e-05, 1.73694006662e-05, 9.11363167688e-06, 1.85876842806e-06, 7.9691699284e-06, 1.1669628293e-05, 2.075415523e-06, 1.29432009999e-06, 3.13104283123e-06, 7.32258740754e-06, 7.50561684981e-06, 1.29915124489e-05, 1.78500322363e-05, 1.03149523056e-05, 4.32593515143e-06, 1.52780376084e-06, 2.33767605096e-06, 1.25453675537e-06, 8.67450637543e-07, 4.09235894949e-07, 1.28333667249e-07, 2.20269470219e-07, 1.56069418722e-07, 3.73180455426e-08, 1.67159459608e-08, 2.20178386634e-09, 1.98225968973e-09, 2.26882779231e-09, 3.75528674823e-09, 2.80865464219e-09, 2.04786276825e-09, 1.5992699387e-09],
        "var": [1.78736911494e-06, 1.48242716023e-05, 1.01146417819e-06, 1.9858646283e-06, 8.8371576723e-09, 9.1561402904e-10, 1.21242194062e-09, 2.24914398217e-09, 1.05121266358e-07, 4.25969872708e-08, 4.61532216889e-08, 2.88389614411e-08, 1.61107237773e-07, 1.31140325266e-07, 3.63844843143e-09, 8.82109885136e-10, 4.18981827011e-09, 5.49867751332e-09, 5.41789058062e-09, 8.79473915916e-09, 6.5386185355e-09, 4.6557393496e-09, 1.30208155369e-09, 1.22955201576e-10, 3.79100306702e-10, 1.99095531728e-10, 1.94849726631e-11, 5.33620543586e-12, 6.61127023353e-13, 2.4147931918e-12, 2.09961646051e-13, 3.61687473049e-14, 6.30885639818e-15, 1.4807935863e-15, 9.47282684694e-16, 1.12018815549e-15, 1.92213057435e-15, 9.12450678199e-16, 6.81969042784e-16, 1.63513315369e-15]
    },
    "mfcc": {
        "mean": [-648.72253418, 185.2709198, -60.6345252991, 45.3272590637, 27.2176971436, 4.48625040054, 20.3279724121, 13.5525474548, 27.5048885345, 1.26111638546, -4.31789588928, -4.72794103622, -8.00334835052],
        "cov": [[637.948242188, -111.563842773, -208.697952271, -176.677719116, -91.60496521, 41.2373924255, 43.8422470093, -7.41363954544, -91.1826705933, -128.706848145, -73.3016052246, -42.2419471741, 10.6963472366], [-111.563842773, 134.294311523, -14.7023992538, 61.5190696716, -22.1323547363, -17.4674186707, -9.06626605988, 12.9931249619, 41.9737968445, 24.6756458282, 13.741271019, -4.76270294189, -9.4671163559], [-208.697952271, -14.7023992538, 203.329833984, 14.7236280441, 66.3523178101, -19.0288257599, -23.9541549683, 1.96851062775, 14.9711227417, 50.9527664185, 26.2453842163, 31.5751724243, 1.72575938702], [-176.677719116, 61.5190696716, 14.7236280441, 181.455963135, 10.9323682785, -18.4176616669, -36.9424324036, -28.031583786, 32.3369178772, 48.3507995605, 30.5667667389, 10.6141777039, 11.1841402054], [-91.60496521, -22.1323547363, 66.3523178101, 10.9323682785, 91.2081604004, 11.8768596649, -1.60200321674, -6.75279283524, 4.72106456757, 7.49490737915, 15.0042257309, 4.21495294571, 1.49430060387], [41.2373924255, -17.4674186707, -19.0288257599, -18.4176616669, 11.8768596649, 53.5818710327, 12.5995731354, -2.26256322861, -15.5025072098, -16.2166576385, 1.39284038544, -2.38670229912, -4.3828959465], [43.8422470093, -9.06626605988, -23.9541549683, -36.9424324036, -1.60200321674, 12.5995731354, 49.6693496704, 9.18898487091, -6.69853925705, -30.5796585083, -12.3608055115, -9.48377037048, 2.75856876373], [-7.41363954544, 12.9931249619, 1.96851062775, -28.031583786, -6.75279283524, -2.26256322861, 9.18898487091, 62.030872345, 27.836566925, 8.98850250244, -8.39453411102, 10.3032178879, -4.71353197098], [-91.1826705933, 41.9737968445, 14.9711227417, 32.3369178772, 4.72106456757, -15.5025072098, -6.69853925705, 27.836566925, 71.1797485352, 36.6290397644, 6.11427497864, 8.60246944427, -0.456390112638], [-128.706848145, 24.6756458282, 50.9527664185, 48.3507995605, 7.49490737915, -16.2166576385, -30.5796585083, 8.98850250244, 36.6290397644, 81.0906906128, 19.8643398285, 30.4366340637, -4.10933542252], [-73.3016052246, 13.741271019, 26.2453842163, 30.5667667389, 15.0042257309, 1.39284038544, -12.3608055115, -8.39453411102, 6.11427497864, 19.8643398285, 55.0973510742, 6.66164207458, 8.96592330933], [-42.2419471741, -4.76270294189, 31.5751724243, 10.6141777039, 4.21495294571, -2.38670229912, -9.48377037048, 10.3032178879, 8.60246944427, 30.4366340637, 6.66164207458, 68.5764007568, 8.81079387665], [10.6963472366, -9.4671163559, 1.72575938702, 11.1841402054, 1.49430060387, -4.3828959465, 2.75856876373, -4.71353197098, -0.456390112638, -4.10933542252, 8.96592330933, 8.81079387665, 40.3414916992]],
