{
"lowlevel": {
    "average_loudness": 0.983070552349,
    "barkbands_crest": {
        "dmean": 3.843998909,
        "dmean2": 6.19506549835,
        "dvar": 9.62668418884,
        "dvar2": 22.9196014404,
        "max": 25.5462493896,
        "mean": 14.3031654358,
        "median": 14.0923233032,
        "min": 3.70791077614,
        "var": 26.2242145538
    },
    "barkbands_flatness_db": {
        "dmean": 0.0462494418025,
        "dmean2": 0.0656994357705,
        "dvar": 0.00165291980375,
        "dvar2": 0.00270815496333,
        "max": 0.475831180811,
        "mean": 0.268932044506,
        "median": 0.273391872644,
        "min": 0.102031685412,
        "var": 0.00792357232422
    },
    "barkbands_kurtosis": {
        "dmean": 18.0582618713,
        "dmean2": 28.0426540375,
        "dvar": 445.671142578,
        "dvar2": 1015.92663574,
        "max": 169.056228638,
        "mean": 28.9168987274,
        "median": 20.1053676605,
        "min": -1.77032649517,
        "var": 890.325439453
    },
    "barkbands_skewness": {
        "dmean": 1.34660470486,
        "dmean2": 2.04749178886,
        "dvar": 1.49211251736,
        "dvar2": 3.28842830658,
        "max": 11.5999040604,
        "mean": 3.90886473656,
        "median": 3.65789580345,
        "min": 0.180772185326,
        "var": 4.7344493866
    },
    "barkbands_spread": {
        "dmean": 3.51061272621,
        "dmean2": 5.20507621765,
        "dvar": 15.9239473343,
        "dvar2": 30.9589252472,
        "max": 43.0700569153,
        "mean": 8.21209526062,
        "median": 4.40533208847,
        "min": 0.648954629898,
        "var": 70.9992980957
    },
    "dissonance": {
        "dmean": 0.0165390986949,
        "dmean2": 0.0274147801101,
        "dvar": 0.000270092685241,
        "dvar2": 0.00064756401116,
        "max": 0.499891638756,
        "mean": 0.468318343163,
        "median": 0.472287386656,
        "min": 0.312279224396,
        "var": 0.000519663270097
    },
    "dynamic_complexity": 1.96838951111,
    "erbbands_crest": {
        "dmean": 2.76847958565,
        "dmean2": 4.55946350098,
        "dvar": 6.61744737625,
        "dvar2": 16.4492912292,
        "max": 26.4483985901,
        "mean": 9.40436077118,
        "median": 8.63827514648,
        "min": 3.33687353134,
        "var": 13.4767274857
    },
    "erbbands_flatness_db": {
        "dmean": 0.0181441791356,
        "dmean2": 0.0279064495116,
        "dvar": 0.000346061715391,
        "dvar2": 0.000731563894078,
        "max": 0.335316687822,
        "mean": 0.197646275163,
        "median": 0.19141125679,
        "min": 0.0955349728465,
        "var": 0.000982140889391
    },
    "erbbands_kurtosis": {
        "dmean": 1.67188417912,
        "dmean2": 2.74792051315,
        "dvar": 6.5180439949,
        "dvar2": 15.2856941223,
        "max": 15.6906833649,
        "mean": 0.580034613609,
        "median": -0.859135150909,
        "min": -1.75660979748,
        "var": 10.6078395844
    },
    "erbbands_skewness": {
        "dmean": 0.579146623611,
        "dmean2": 0.883909583092,
        "dvar": 0.306738048792,
        "dvar2": 0.61684936285,
        "max": 3.54255366325,
        "mean": 0.714783251286,
        "median": 0.584455788136,
        "min": -2.91208076477,
        "var": 1.0352332592
    },
    "erbbands_spread": {
        "dmean": 9.29672813416,
        "dmean2": 15.096830368,
        "dvar": 70.0976257324,
        "dvar2": 158.73878479,
        "max": 72.1374053955,
        "mean": 41.421787262,
        "median": 42.1842803955,
        "min": 6.1780424118,
        "var": 178.507080078
    },
    "hfc": {
        "dmean": 5.50045156479,
        "dmean2": 8.59445667267,
        "dvar": 65.9038009644,
        "dvar2": 156.234817505,
        "max": 201.566741943,
        "mean": 14.0183391571,
        "median": 11.2097406387,
        "min": 0.482075423002,
        "var": 222.063232422
    },
    "melbands_crest": {
        "dmean": 4.48484277725,
        "dmean2": 7.42482376099,
        "dvar": 12.2088165283,
        "dvar2": 30.7442512512,
        "max": 31.1453609467,
        "mean": 19.5672607422,
        "median": 20.2333240509,
        "min": 6.72252464294,
        "var": 28.6715927124
    },
    "melbands_flatness_db": {
        "dmean": 0.0527833253145,
        "dmean2": 0.0744706764817,
        "dvar": 0.00206028623506,
        "dvar2": 0.00333763821982,
        "max": 0.615424990654,
        "mean": 0.379420787096,
        "median": 0.388335287571,
        "min": 0.170348346233,
        "var": 0.0107393413782
    },
    "melbands_kurtosis": {
        "dmean": 31.3303031921,
        "dmean2": 47.9231567383,
        "dvar": 1093.125,
        "dvar2": 2475.43920898,
        "max": 263.965057373,
        "mean": 58.6229095459,
        "median": 47.0052070618,
        "min": 0.149127960205,
        "var": 2588.93579102
    },
    "melbands_skewness": {
        "dmean": 1.52338922024,
        "dmean2": 2.3530831337,
        "dvar": 1.66578924656,
        "dvar2": 3.7538588047,
        "max": 11.5804338455,
        "mean": 5.18738031387,
        "median": 5.12132453918,
        "min": 0.372880876064,
        "var": 5.50555372238
    },
    "melbands_spread": {
        "dmean": 3.53381371498,
        "dmean2": 5.40163469315,
        "dvar": 20.7887134552,
        "dvar2": 46.3793258667,
        "max": 49.4805412292,
        "mean": 7.22594738007,
        "median": 2.98409461975,
        "min": 0.546934247017,
        "var": 77.675491333
    },
    "pitch_salience": {
        "dmean": 0.123214446008,
        "dmean2": 0.19447311759,
        "dvar": 0.00989528838545,
        "dvar2": 0.0229605380446,
        "max": 0.781113982201,
        "mean": 0.409752190113,
        "median": 0.399853855371,
        "min": 0.0969244092703,
        "var": 0.0272681023926
    },
    "silence_rate_20dB": {
        "dmean": 0,
        "dmean2": 0,
        "dvar": 0,
        "dvar2": 0,
        "max": 1,
        "mean": 1,
        "median": 1,
        "min": 1,
        "var": 0
    },
    "silence_rate_30dB": {
        "dmean": 0.233333334327,
        "dmean2": 0.46731570363,
        "dvar": 0.178888082504,
        "dvar2": 0.307346075773,
        "max": 1,
        "mean": 0.633841872215,
        "median": 1,
        "min": 0,
        "var": 0.232086732984
    },
    "silence_rate_60dB": {
        "dmean": 0,
        "dmean2": 0,
        "dvar": 0,
        "dvar2": 0,
        "max": 0,
        "mean": 0,
        "median": 0,
        "min": 0,
        "var": 0
    },
    "spectral_centroid": {
        "dmean": 197.284835815,
        "dmean2": 282.91229248,
        "dvar": 35198.6601562,
        "dvar2": 64709.6171875,
        "max": 2027.77478027,
        "mean": 634.99798584,
        "median": 522.404052734,
        "min": 146.125259399,
        "var": 170671.25
    },
    "spectral_complexity": {
        "dmean": 2.81388878822,
        "dmean2": 4.60778856277,
        "dvar": 8.49314689636,
        "dvar2": 18.4526176453,
        "max": 45,
        "mean": 12.6920938492,
        "median": 10,
        "min": 2,
        "var": 54.6153411865
    },
    "spectral_decrease": {
        "dmean": 1.15233707021e-08,
        "dmean2": 1.82648616232e-08,
        "dvar": 1.27347380213e-16,
        "dvar2": 2.76681168168e-16,
        "max": -6.97684576778e-10,
        "mean": -2.08100594534e-08,
        "median": -1.64604738728e-08,
        "min": -6.29101251093e-08,
        "var": 2.56752653442e-16
    },
    "spectral_energy": {
        "dmean": 0.0439162105322,
        "dmean2": 0.069599032402,
        "dvar": 0.0018464170862,
        "dvar2": 0.00401034625247,
        "max": 0.23974981904,
        "mean": 0.079813182354,
        "median": 0.0636882483959,
        "min": 0.00281584425829,
        "var": 0.00373147963546
    },
    "spectral_energyband_high": {
        "dmean": 1.38418035931e-05,
        "dmean2": 2.02473838726e-05,
        "dvar": 1.00030361772e-09,
        "dvar2": 1.73215131127e-09,
        "max": 0.000743015029002,
        "mean": 4.43935350631e-05,
        "median": 2.0710280296e-05,
        "min": 2.13683847505e-06,
        "var": 5.93504134727e-09
    },
    "spectral_energyband_low": {
        "dmean": 0.0417630746961,
        "dmean2": 0.0662249401212,
        "dvar": 0.0016718817642,
        "dvar2": 0.00376825034618,
        "max": 0.233819231391,
        "mean": 0.0653549805284,
        "median": 0.0484497398138,
        "min": 0.000309262773953,
        "var": 0.00328641361557
    },
    "spectral_energyband_middle_high": {
        "dmean": 0.000834295817185,
        "dmean2": 0.0012706752168,
        "dvar": 1.02699796116e-05,
        "dvar2": 2.43669328484e-05,
        "max": 0.0832368060946,
        "mean": 0.0021026416216,
        "median": 0.000805494317319,
        "min": 2.66300467047e-05,
        "var": 3.58207362297e-05
    },
    "spectral_energyband_middle_low": {
        "dmean": 0.0084327403456,
        "dmean2": 0.0133726550266,
        "dvar": 0.000158744020155,
        "dvar2": 0.000385778199416,
        "max": 0.114062361419,
        "mean": 0.0140046160668,
        "median": 0.0091041745618,
        "min": 0.000625267159194,
        "var": 0.000239901113673
    },
    "spectral_entropy": {
        "dmean": 0.279785305262,
        "dmean2": 0.413538485765,
        "dvar": 0.0832382589579,
        "dvar2": 0.148092865944,
        "max": 8.45843315125,
        "mean": 6.88558578491,
        "median": 7.01083755493,
        "min": 5.12279367447,
        "var": 0.291472703218
    },
    "spectral_flux": {
        "dmean": 0.0672924816608,
        "dmean2": 0.115251332521,
        "dvar": 0.00369510147721,
        "dvar2": 0.00988316070288,
        "max": 0.372507989407,
        "mean": 0.148654967546,
        "median": 0.136827141047,
        "min": 0.0276269838214,
        "var": 0.0054429396987
    },
    "spectral_kurtosis": {
        "dmean": 4.79962968826,
        "dmean2": 8.10078334808,
        "dvar": 25.0321369171,
        "dvar2": 62.5511512756,
        "max": 82.3576812744,
        "mean": 10.2873058319,
        "median": 8.1522064209,
        "min": 2.81002616882,
        "var": 54.9956550598
    },
    "spectral_rms": {
        "dmean": 0.0024328858126,
        "dmean2": 0.00372862420045,
        "dvar": 4.72763258585e-06,
        "dvar2": 8.96079018275e-06,
        "max": 0.015293863602,
        "mean": 0.00805978942662,
        "median": 0.0078825680539,
        "min": 0.00165745744016,
        "var": 1.29063846543e-05
    },
    "spectral_rolloff": {
        "dmean": 202.680908203,
        "dmean2": 346.507385254,
        "dvar": 127330.625,
        "dvar2": 311932.78125,
        "max": 2347.11914062,
        "mean": 409.369873047,
        "median": 172.265625,
        "min": 86.1328125,
        "var": 291434.4375
    },
    "spectral_skewness": {
        "dmean": 0.454143643379,
        "dmean2": 0.735131204128,
        "dvar": 0.188293293118,
        "dvar2": 0.443152248859,
        "max": 7.1720199585,
        "mean": 2.02589654922,
        "median": 1.83007228374,
        "min": 0.8915386796,
        "var": 0.554830670357
    },
    "spectral_spread": {
        "dmean": 296811.71875,
        "dmean2": 472689.03125,
        "dvar": 553789685760,
        "dvar2": 395245912064,
        "max": 26394028,
        "mean": 2608917,
        "median": 2618181.5,
        "min": 1086950.25,
        "var": 953995624448
    },
    "spectral_strongpeak": {
        "dmean": 0.347671627998,
        "dmean2": 0.557419478893,
        "dvar": 0.101212523878,
        "dvar2": 0.233949050307,
        "max": 3.67685341835,
        "mean": 0.663333892822,
        "median": 0.581524133682,
        "min": 0,
        "var": 0.200542733073
    },
    "zerocrossingrate": {
        "dmean": 0.00525783980265,
        "dmean2": 0.0060413768515,
        "dvar": 2.24134109885e-05,
        "dvar2": 2.88225037366e-05,
        "max": 0.064453125,
        "mean": 0.0182986948639,
        "median": 0.013671875,
        "min": 0.00048828125,
        "var": 0.000174734115717
    },
    "barkbands": {
        "dmean": [0.00012820235861, 0.0299880933017, 0.0179747957736, 0.00358697911724, 0.00482457503676, 0.000755691842642, 0.00104792916682, 0.00026306786458, 0.00012112485274, 2.97633887385e-05, 5.51122138859e-05, 2.32245729421e-05, 2.55742597801e-05, 0.000272289325949, 8.57394770719e-05, 0.000390985806007, 0.000244773109443, 6.91982131684e-05, 3.00661813526e-05, 9.6988533187e-06, 5.89347928326e-06, 2.95050676868e-06, 1.63829588473e-06, 3.68343734181e-07, 4.02287525958e-07, 3.82365271889e-07, 1.31993303398e-07],
        "dmean2": [0.000209750854992, 0.0474226437509, 0.0297370292246, 0.0058892457746, 0.00812193285674, 0.00124054960907, 0.00163486599922, 0.000437836599303, 0.000199444664759, 4.71332168672e-05, 9.24387131818e-05, 3.81447935069e-05, 4.31677435699e-05, 0.000459260889329, 0.000137109280331, 0.000702935212757, 0.000395353214117, 0.000108190688479, 4.58015056211e-05, 1.48162434925e-05, 9.10179460334e-06, 4.64489676233e-06, 2.91703122457e-06, 5.61210640626e-07, 6.87574697622e-07, 6.02700538366e-07, 2.08051247341e-07],
        "dvar": [4.39533387464e-08, 0.000936553464271, 0.000424457830377, 4.42175914941e-05, 6.17093101027e-05, 1.1619184761e-06, 4.2141027734e-06, 4.08962819165e-07, 6.51061995427e-08, 4.35154223766e-09, 2.57474912502e-08, 6.03933703047e-09, 4.24265955701e-09, 1.50587538883e-06, 6.23924805154e-08, 4.89358671985e-06, 4.35517023334e-07, 2.50738843022e-08, 7.12929093538e-09, 5.88134485557e-10, 1.76037476263e-10, 4.80590740815e-11, 8.46957920464e-12, 1.12099587425e-12, 1.56111148314e-11, 1.06737388025e-11, 1.59316212566e-12],
        "dvar2": [1.08401508214e-07, 0.00227197958156, 0.00103785435203, 0.000101509031083, 0.00016774731921, 2.9642460504e-06, 9.04184889805e-06, 1.10232383577e-06, 1.67539695894e-07, 9.81946168821e-09, 5.96861795543e-08, 1.71958767226e-08, 1.1663282784e-08, 3.71357987206e-06, 1.6453623175e-07, 1.62426458701e-05, 1.10435701117e-06, 5.52127090714e-08, 1.2716777853e-08, 1.08932274312e-09, 3.92761212442e-10, 9.69742897095e-11, 2.31546656848e-11, 2.36935557979e-12, 4.33184495219e-11, 2.79592096003e-11, 3.05166829306e-12],
        "max": [0.00303137581795, 0.198783427477, 0.130156874657, 0.0717650577426, 0.0712111070752, 0.0131256338209, 0.0341047458351, 0.0131027717143, 0.00339346146211, 0.00107464147732, 0.00264491606504, 0.00153966713697, 0.00116350059398, 0.0273019559681, 0.00525354361162, 0.0430799722672, 0.0138751678169, 0.00262749404646, 0.00191792985424, 0.000529031851329, 0.000243106333073, 0.000129147694679, 4.66821511509e-05, 1.80946408364e-05, 8.21256617201e-05, 7.23948833183e-05, 2.55168997683e-05],
        "mean": [0.000141631928273, 0.0426213257015, 0.0209063496441, 0.00395926414058, 0.00570018077269, 0.00134433247149, 0.00237434869632, 0.000415999966208, 0.000187256096979, 5.26176736457e-05, 8.29469863675e-05, 4.15079812228e-05, 4.07393708883e-05, 0.000452887208667, 0.000169005259522, 0.000550188997295, 0.000491776270792, 0.000159078248544, 6.77655552863e-05, 2.46936888288e-05, 1.60575164045e-05, 7.47226204112e-06, 3.29844351654e-06, 9.63543698163e-07, 6.60147293274e-07, 7.92597575128e-07, 2.71434913657e-07],
        "median": [6.59243087284e-05, 0.0304369144142, 0.0104920398444, 0.00137806404382, 0.00256706401706, 0.000723572506104, 0.000984824146144, 0.000212425817153, 9.09584268811e-05, 2.51669152931e-05, 3.00492629322e-05, 1.5168405298e-05, 1.57582235261e-05, 0.000133033972816, 6.5421074396e-05, 0.000142096934724, 0.000211019738344, 7.43194541428e-05, 2.60081433225e-05, 1.03998136183e-05, 8.00991983851e-06, 3.46552906194e-06, 1.80766130597e-06, 4.75599279071e-07, 2.75534347338e-07, 3.53800999164e-07, 1.02294869464e-07],
        "min": [1.02367870625e-07, 4.18740492023e-05, 1.11707822725e-05, 2.26033753279e-05, 3.93389200326e-05, 5.36921943421e-05, 3.59365585609e-05, 2.11837177631e-05, 7.49963965063e-06, 9.00741781606e-07, 2.93491694947e-07, 4.25907444424e-07, 5.9551865661e-07, 3.18864590554e-06, 1.33870298669e-06, 4.18044737671e-06, 2.81906454802e-06, 9.9990313629e-07, 5.40359451406e-07, 2.78896919781e-07, 6.96643326137e-07, 3.6049272012e-07, 2.81675170299e-07, 5.87827635457e-08, 5.44785443424e-08, 4.75764991847e-08, 2.85833294811e-08],
        "var": [6.08300396721e-08, 0.00171761389356, 0.00060262932675, 5.68792420381e-05, 6.66113555781e-05, 3.00526744468e-06, 1.45624326251e-05, 6.01305828241e-07, 9.20369771507e-08, 8.94695251219e-09, 3.7366234551e-08, 1.17696652424e-08, 7.99403121476e-09, 2.66668780569e-06, 1.59583606774e-07, 6.68670281812e-06, 1.21627954286e-06, 7.06481273482e-08, 3.10649497237e-08, 2.64452570953e-09, 6.94696911108e-10, 1.76770875715e-10, 2.1753938928e-11, 2.75711983626e-12, 1.03678610835e-11, 8.95307612769e-12, 1.76957266115e-12]
    },
    "erbbands": {
        "dmean": [0.425514042377, 8.20372772217, 23.0501365662, 10.9312429428, 16.7740154266, 16.345375061, 9.06926727295, 6.16128349304, 13.9355659485, 11.2980146408, 4.81570863724, 2.16678142548, 2.11508512497, 1.68989574909, 1.31278526783, 0.938981890678, 1.27225804329, 7.84095525742, 11.0537405014, 6.51326560974, 24.941362381, 11.8268108368, 4.5629992485, 3.04761457443, 0.717611849308, 0.456129908562, 0.287019312382, 0.233200773597, 0.134128496051, 0.0521657131612, 0.0499082654715, 0.0114607093856, 0.00681986985728, 0.00464416202158, 0.00205253157765, 0.00240964186378, 0.000452003994724, 0.000182444375241, 3.88191219827e-05, 4.77191679238e-05],
        "dmean2": [0.688125312328, 12.9794960022, 37.8827056885, 17.2646923065, 28.9867591858, 28.0854969025, 15.1248588562, 9.63995456696, 20.6243228912, 17.4741344452, 7.64400577545, 3.6306746006, 3.30250358582, 2.80972027779, 2.18410253525, 1.49208152294, 2.07198882103, 13.2039661407, 17.5773010254, 10.9792976379, 44.3664512634, 19.5491523743, 7.16039276123, 4.75872325897, 1.04979550838, 0.682854890823, 0.43348300457, 0.364234566689, 0.21362811327, 0.0910801440477, 0.0876199305058, 0.0175805613399, 0.0108107309788, 0.00777573231608, 0.00340807484463, 0.00391337415203, 0.000670544279274, 0.00030422754935, 5.95755591348e-05, 7.52835258027e-05],
        "dvar": [0.220416024327, 70.1627120972, 635.594421387, 261.407958984, 832.17388916, 779.333312988, 241.083251953, 67.9847640991, 582.617858887, 1150.85949707, 80.6938705444, 26.3855113983, 19.2660198212, 27.6832714081, 12.9752893448, 10.5008945465, 12.2239665985, 2130.49487305, 980.018676758, 807.022155762, 21481.3496094, 1015.90228271, 106.828155518, 62.2506141663, 3.66909074783, 1.49632906914, 0.432078123093, 0.281418293715, 0.100826114416, 0.00896137859672, 0.00658967113122, 0.00109647458885, 0.00149204418994, 0.0023738136515, 0.000103865117126, 0.000402791163651, 1.20271233754e-05, 3.48092862623e-06, 7.02627716009e-08, 2.15650786117e-09],
        "dvar2": [0.54839015007, 167.451004028, 1497.93225098, 627.051879883, 2108.79931641, 2152.05712891, 625.36706543, 151.669784546, 1226.76208496, 1927.61242676, 210.818084717, 69.9570846558, 42.9604721069, 57.2876815796, 33.3783187866, 30.4931087494, 31.3047046661, 5207.02294922, 2315.74194336, 2092.80957031, 71500.25, 2646.75830078, 257.361328125, 122.852134705, 6.74130487442, 2.59413576126, 0.988508582115, 0.593382775784, 0.207480445504, 0.0229813009501, 0.0179775264114, 0.00246860925108, 0.00404716748744, 0.00647663092241, 0.00027564985794, 0.00111247424502, 2.77869094134e-05, 9.30105488806e-06, 1.49556797169e-07, 4.68761029992e-09],
        "max": [4.11353111267, 50.0370368958, 158.090621948, 158.789550781, 256.250183105, 322.048431396, 168.581207275, 127.943389893, 568.274963379, 962.106933594, 135.413833618, 84.557472229, 79.0177841187, 88.6105041504, 61.486995697, 67.2664794922, 80.5875396729, 1078.58776855, 615.058654785, 630.353759766, 2858.3125, 630.368774414, 187.748199463, 145.683990479, 47.7337226868, 28.3524971008, 15.0738449097, 9.31076431274, 6.13303565979, 1.81083679199, 1.09364926815, 0.576785802841, 0.799263298512, 1.02946996689, 0.204170972109, 0.431373536587, 0.0783615484834, 0.0400363355875, 0.00591397751123, 0.00026189305936],
        "mean": [0.606501877308, 11.5822544098, 29.0054149628, 14.6750364304, 18.885679245, 18.5485515594, 11.8205547333, 12.2337236404, 33.9277877808, 19.9920902252, 8.20464038849, 3.81476593018, 3.58316969872, 2.67459058762, 2.32034349442, 1.78582775593, 2.32116675377, 13.0266704559, 20.2435474396, 13.9207277298, 35.1868057251, 24.7401256561, 10.5701389313, 6.70777416229, 1.79564750195, 1.14330017567, 0.758267104626, 0.628022611141, 0.335041463375, 0.115694306791, 0.10103713721, 0.0304503627121, 0.0136883575469, 0.00687885889784, 0.00467464141548, 0.0050055347383, 0.000944238097873, 0.000209618927329, 7.29027451598e-05, 9.12395698833e-05],
        "median": [0.422459512949, 7.93789196014, 17.520860672, 7.83510351181, 7.68215990067, 8.36728096008, 4.93478918076, 6.86600160599, 14.133480072, 9.21069335938, 3.98278355598, 1.91951858997, 1.75063514709, 0.953519225121, 0.90434885025, 0.653909683228, 0.880099415779, 3.40853595734, 7.52336835861, 4.3868432045, 9.41545200348, 10.4154958725, 4.84646987915, 2.86441397667, 0.754369616508, 0.464562565088, 0.355509668589, 0.305794775486, 0.155772924423, 0.0600788109004, 0.0553084313869, 0.01541286055, 0.00603176653385, 0.00255653681234, 0.00227363221347, 0.00226035993546, 0.000413708068663, 6.18101403234e-05, 5.09166347911e-05, 7.91378697613e-05],
        "min": [0.000821778958198, 0.0135002434254, 0.106627769768, 0.207540780306, 0.244799017906, 0.187134504318, 0.186626136303, 0.444545686245, 0.322988629341, 0.700575828552, 0.42585837841, 0.215338245034, 0.0943787619472, 0.0515575669706, 0.0329694226384, 0.0224300064147, 0.0328312888741, 0.102529220283, 0.145191848278, 0.217761859298, 0.173875615001, 0.130010262132, 0.0677970200777, 0.0494362823665, 0.0176706276834, 0.0138265006244, 0.0182429328561, 0.0218443311751, 0.0146942241117, 0.00970078632236, 0.00993312709033, 0.00236828764901, 0.000871901516803, 0.000350142508978, 0.000553798861802, 0.00040624247049, 6.99012525729e-05, 1.08828353405e-05, 7.0736100497e-06, 5.10458357894e-06],
        "var": [0.396215975285, 128.399414062, 977.65057373, 350.660095215, 936.730651855, 781.20703125, 352.945678711, 241.332473755, 2753.46459961, 2984.48242188, 190.873596191, 36.3765449524, 38.1968955994, 43.8415756226, 22.6635131836, 23.7805557251, 31.9811973572, 3903.2722168, 2292.50805664, 2383.08959961, 25973.5449219, 2935.93505859, 329.737579346, 204.979110718, 15.4744644165, 6.57868051529, 1.70339250565, 1.16443252563, 0.361905127764, 0.0296190045774, 0.0197285562754, 0.00252970540896, 0.00132205605041, 0.00162463821471, 0.000103158090496, 0.000303740962408, 1.22434330478e-05, 2.57115016211e-06, 7.00992472957e-08, 4.37439595657e-09]
    },
    "gfcc": {
        "mean": [-55.2357940674, 160.905654907, -96.6789627075, 53.1523971558, -13.3880758286, -12.9886102676, -33.7506828308, 4.24377155304, 4.50723600388, 1.17613470554, -15.3067512512, -1.57095551491, -9.20508289337],
        "cov": [[1558.83837891, -255.565292358, -520.071594238, -132.258270264, -141.530960083, -11.4811944962, -115.589897156, 21.0810089111, -62.8317337036, 75.7318344116, 0.663762807846, 52.12707901, -4.54647016525], [-255.565292358, 332.569671631, 390.475006104, 107.80708313, 152.227462769, -25.1197013855, 62.212223053, -75.8210906982, 29.258764267, -89.2752151489, -3.87648224831, -72.0614395142, 24.1622714996], [-520.071594238, 390.475006104, 772.722412109, 197.414932251, 224.051513672, -22.1593608856, 84.402381897, -84.6621551514, 63.5863990784, -105.429756165, 6.41641044617, -85.793006897, 11.5587148666], [-132.258270264, 107.80708313, 197.414932251, 108.27444458, 107.983314514, 10.4154224396, 43.1744537354, -18.7403869629, 22.8411750793, -33.1202430725, 5.53605461121, -32.4416618347, 6.08081674576], [-141.530960083, 152.227462769, 224.051513672, 107.983314514, 176.858947754, 39.4715690613, 79.0399856567, -19.8716049194, 34.078037262, -42.1189880371, 13.4273195267, -39.0657539368, 19.6040859222], [-11.4811944962, -25.1197013855, -22.1593608856, 10.4154224396, 39.4715690613, 65.8683853149, 42.7483711243, 21.2603683472, 11.5746326447, 3.23014187813, 12.0265607834, 1.56305611134, 9.34791088104], [-115.589897156, 62.212223053, 84.402381897, 43.1744537354, 79.0399856567, 42.7483711243, 83.5642776489, 17.0509281158, 29.3641090393, -13.1011219025, 14.7763195038, -13.77713871, 15.0609912872], [21.0810089111, -75.8210906982, -84.6621551514, -18.7403869629, -19.8716049194, 21.2603683472, 17.0509281158, 66.0207519531, 29.806306839, 43.7592773438, 16.0059089661, 23.7040634155, -7.59092330933], [-62.8317337036, 29.258764267, 63.5863990784, 22.8411750793, 34.078037262, 11.5746326447, 29.3641090393, 29.806306839, 59.4046554565, 27.3483772278, 20.0783195496, -0.782536506653, -1.63203501701], [75.7318344116, -89.2752151489, -105.429756165, -33.1202430725, -42.1189880371, 3.23014187813, -13.1011219025, 43.7592773438, 27.3483772278, 77.0440750122, 25.6991271973, 28.6718502045, -14.3934774399], [0.663762807846, -3.87648224831, 6.41641044617, 5.53605461121, 13.4273195267, 12.0265607834, 14.7763195038, 16.0059089661, 20.0783195496, 25.6991271973, 32.1950035095, 14.5941486359, 5.91054153442], [52.12707901, -72.0614395142, -85.793006897, -32.4416618347, -39.0657539368, 1.56305611134, -13.77713871, 23.7040634155, -0.782536506653, 28.6718502045, 14.5941486359, 47.2983398438, 7.48909759521], [-4.54647016525, 24.1622714996, 11.5587148666, 6.08081674576, 19.6040859222, 9.34791088104, 15.0609912872, -7.59092330933, -1.63203501701, -14.3934774399, 5.91054153442, 7.48909759521, 34.538608551]],
        "icov": [[0.000906374014448, 4.78960610053e-05, 0.000614857301116, 0.000213594947127, -0.000702167744748, 8.82383974385e-05, 0.00123602291569, 6.70341205478e-06, 0.000287883041892, -0.000251723540714, -0.000622814404778, 0.000525528739672, -0.000419081945438], [4.78960610053e-05, 0.0191106665879, -0.00338962650858, 0.00676992582157, -0.00664895307273, 0.0140022654086, -0.00774197047576, 0.0103972759098, -0.0107616344467, 0.0103971017525, -0.00786640122533, 0.010870388709, -0.00496176769957], [0.000614857301116, -0.00338962650858, 0.00508697703481, -0.00426661921665, 0.000120340555441, 0.000230804231251, 0.000951997062657, 0.00237073935568, -0.00384152354673, 0.0028978176415, -0.00203565275297, -0.00207496364601, 0.00330051174387], [0.000213594947127, 0.00676992582157, -0.00426661921665, 0.0325908064842, -0.0177037362009, 0.00802780874074, -0.000321487546898, -0.00052389211487, -0.00272172898985, 0.00621609669179, -0.0061422358267, 0.00795066170394, 0.000671989982948], [-0.000702167744748, -0.00664895307273, 0.000120340555441, -0.0177037362009, 0.0282361302525, -0.0126526067033, -0.00712336273864, 0.00414944859222, -0.00246376171708, -0.000789462879766, -0.000875536468811, -0.000818813394289, -0.00106658588629], [8.82383974385e-05, 0.0140022654086, 0.000230804231251, 0.00802780874074, -0.0126526067033, 0.0399453565478, -0.0171675253659, 0.001394243096, -0.00338857644238, 0.00819569732994, -0.00964739825577, 0.00827697478235, -0.0040001468733], [0.00123602291569, -0.00774197047576, 0.000951997062657, -0.000321487546898, -0.00712336273864, -0.0171675253659, 0.0424364544451, -0.0209935102612, 0.000986164086498, 0.00554089667276, -0.00719874026254, 0.00586971454322, -0.00679765921086], [6.70341205478e-06, 0.0103972759098, 0.00237073935568, -0.00052389211487, 0.00414944859222, 0.001394243096, -0.0209935102612, 0.0547605231404, -0.0270702280104, -0.00267695682123, 0.0036117027048, -0.0119356075302, 0.0100585352629], [0.000287883041892, -0.0107616344467, -0.00384152354673, -0.00272172898985, -0.00246376171708, -0.00338857644238, 0.000986164086498, -0.0270702280104, 0.0545187368989, -0.0271913856268, 0.00203501340002, 0.00388078810647, -0.00467797275633], [-0.000251723540714, 0.0103971017525, 0.0028978176415, 0.00621609669179, -0.000789462879766, 0.00819569732994, 0.00554089667276, -0.00267695682123, -0.0271913856268, 0.0578207410872, -0.0367674008012, 0.0011873121839, 0.0147001761943], [-0.000622814404778, -0.00786640122533, -0.00203565275297, -0.0061422358267, -0.000875536468811, -0.00964739825577, -0.00719874026254, 0.0036117027048, 0.00203501340002, -0.0367674008012, 0.0775560289621, -0.0236764419824, -0.00913966167718], [0.000525528739672, 0.010870388709, -0.00207496364601, 0.00795066170394, -0.000818813394289, 0.00827697478235, 0.00586971454322, -0.0119356075302, 0.00388078810647, 0.0011873121839, -0.0236764419824, 0.0557786263525, -0.0225637573749], [-0.000419081945438, -0.00496176769957, 0.00330051174387, 0.000671989982948, -0.00106658588629, -0.0040001468733, -0.00679765921086, 0.0100585352629, -0.00467797275633, 0.0147001761943, -0.00913966167718, -0.0225637573749, 0.0503707714379]]
    },
    "melbands": {
        "dmean": [0.00611721677706, 0.0113771399483, 0.00213627237827, 0.00124361272901, 0.000369216082618, 0.000136701142765, 0.000214292420424, 0.000105645194708, 3.38306817866e-05, 1.56180885824e-05, 1.05053759398e-05, 6.45851241643e-06, 6.21862909611e-06, 2.27297232414e-06, 3.74172714146e-06, 1.57868316819e-06, 1.80473762157e-05, 2.39300152316e-05, 5.25243422089e-06, 1.87270179595e-05, 2.93890298053e-05, 1.37472152346e-05, 8.47827686812e-06, 2.83684084934e-06, 2.71102385341e-06, 7.33566082545e-07, 3.28745869638e-07, 3.33802773866e-07, 2.0947544499e-07, 1.75747970843e-07, 1.29662893755e-07, 9.17975526704e-08, 3.57491565239e-08, 2.83590679828e-08, 3.60799639054e-08, 1.23296093335e-08, 5.88542281577e-09, 4.24302726287e-09, 6.90015999893e-09, 2.95195423661e-09],
        "dmean2": [0.00970958732069, 0.0183495059609, 0.00337735028006, 0.00207989173941, 0.000609497132245, 0.000213279010495, 0.000320856779581, 0.000161174320965, 5.41895533388e-05, 2.61138811766e-05, 1.64307202795e-05, 1.07863852463e-05, 1.04179862319e-05, 3.73250441044e-06, 6.3954748839e-06, 2.58063937508e-06, 3.07382761093e-05, 3.82875405194e-05, 8.31072065921e-06, 3.32411691488e-05, 5.22037043993e-05, 2.34523067775e-05, 1.34315851028e-05, 4.60219052911e-06, 4.318756055e-06, 1.15290345093e-06, 5.08881441874e-07, 5.17662044786e-07, 3.2450500953e-07, 2.79971715145e-07, 2.02878737809e-07, 1.45901807969e-07, 5.87475526004e-08, 5.04515575983e-08, 6.45135571631e-08, 1.95025204874e-08, 9.11685926752e-09, 6.51489218129e-09, 1.18298535412e-08, 4.82382445099e-09],
        "dvar": [4.07017505495e-05, 0.000139481722726, 9.5156055977e-06, 4.06174194723e-06, 3.85829366678e-07, 3.28272768968e-08, 1.39816336286e-07, 1.01222205728e-07, 4.11872935757e-09, 1.0827033714e-09, 4.85538553807e-10, 3.98040794769e-10, 3.1467922712e-10, 4.30382847416e-11, 1.2735622279e-10, 1.62481712113e-11, 1.16606857503e-08, 5.05718134036e-09, 3.15718229338e-10, 9.42285804939e-09, 2.93107227378e-08, 1.37909661468e-09, 4.60123161794e-10, 3.46017416109e-11, 5.33405021541e-11, 4.35898366014e-12, 5.3301661045e-13, 8.42416577034e-13, 2.93792388421e-13, 1.67767072478e-13, 8.58749445794e-14, 4.50265164238e-14, 8.80970254022e-15, 2.55190253525e-15, 3.12743834126e-15, 1.54827553654e-15, 3.00850565104e-16, 1.47418156771e-16, 6.09413820473e-15, 7.07582948533e-16],
        "dvar2": [0.000100255165307, 0.000317660189467, 2.26125303016e-05, 1.09480915853e-05, 9.95489813249e-07, 7.27345081941e-08, 3.10617707555e-07, 1.7205086067e-07, 1.09352695787e-08, 2.82148437947e-09, 1.09159337125e-09, 8.25837009888e-10, 7.90387755245e-10, 1.14250428562e-10, 3.9274497543e-10, 4.16978257478e-11, 2.86843775399e-08, 1.24774972576e-08, 6.43774811238e-10, 2.97901738833e-08, 9.6884548384e-08, 3.75912190265e-09, 1.24828625214e-09, 7.66154847898e-11, 1.11338764597e-10, 9.83004042748e-12, 1.07061657716e-12, 1.4929393442e-12, 7.44776744617e-13, 4.26170681861e-13, 1.71078713804e-13, 9.42378296166e-14, 2.00300608483e-14, 7.0115672132e-15, 8.91139138664e-15, 3.81298191602e-15, 6.41044857696e-16, 3.454308885e-16, 1.71415158679e-14, 1.86864933757e-15],
        "max": [0.047436080873, 0.0715432539582, 0.0278348810971, 0.0179085750133, 0.00832802429795, 0.00282561965287, 0.00808187760413, 0.00912886392325, 0.00104525790084, 0.000447120808531, 0.000398557021981, 0.000335484597599, 0.000285125162918, 0.000127203427837, 0.000193402316654, 8.50819778861e-05, 0.00251532089897, 0.0013847037917, 0.000401233672164, 0.00185219570994, 0.0033809216693, 0.000734507455491, 0.000358193618013, 9.60666584433e-05, 0.000133389738039, 4.92049366585e-05, 1.47557220771e-05, 2.2308096959e-05, 1.17124945973e-05, 8.12506641523e-06, 5.12399537911e-06, 3.79906464332e-06, 1.99232363229e-06, 8.24734968319e-07, 7.11769700956e-07, 8.66920345288e-07, 3.55102201866e-07, 2.05897052297e-07, 1.61871946602e-06, 5.65795346574e-07],
        "mean": [0.00890702009201, 0.0160267557949, 0.00288812257349, 0.00143817835487, 0.000475004548207, 0.000281503278529, 0.000503868272062, 0.000179972485057, 5.56066988793e-05, 2.46368217631e-05, 1.73291264218e-05, 9.88496867649e-06, 9.85898623185e-06, 4.20788092015e-06, 5.95618712396e-06, 2.81939401248e-06, 2.86829144898e-05, 4.10150387324e-05, 1.18987254609e-05, 2.97036804113e-05, 4.17935189034e-05, 2.75279053312e-05, 1.53824257723e-05, 6.49275943942e-06, 5.53930249225e-06, 1.54831911914e-06, 7.61407363825e-07, 7.88158445175e-07, 4.93611821639e-07, 4.24219763318e-07, 3.36279185831e-07, 2.15832471895e-07, 8.4673274614e-08, 5.48953487112e-08, 6.65793606913e-08, 3.02158014165e-08, 1.42040281759e-08, 9.23537779585e-09, 9.02307650819e-09, 4.26262225517e-09],
        "median": [0.00641614571214, 0.0107337711379, 0.00151810399257, 0.000613471842371, 0.000212177721551, 0.00015606659872, 0.000209760662983, 8.16797328298e-05, 2.71050412266e-05, 1.19485903269e-05, 8.34184902487e-06, 3.52951497007e-06, 3.67151778846e-06, 1.48455023918e-06, 2.20586230171e-06, 1.17846127523e-06, 7.32075204724e-06, 1.43698862303e-05, 4.27974919148e-06, 8.00737234385e-06, 1.2128997696e-05, 1.14037329695e-05, 6.55961002849e-06, 3.09250390274e-06, 2.31471699408e-06, 6.08011987424e-07, 3.30588392217e-07, 3.11689206001e-07, 2.27958480536e-07, 2.11800440297e-07, 1.61489325023e-07, 9.94432198809e-08, 3.97150969889e-08, 2.89157622291e-08, 3.65190544471e-08, 1.59040247638e-08, 6.75921185689e-09, 4.35289226886e-09, 2.98068369986e-09, 1.63497382299e-09],
        "min": [1.06224642877e-05, 5.00257083331e-05, 3.96552641178e-05, 1.46395814227e-05, 6.62517595629e-06, 1.07884325189e-05, 4.95068252349e-06, 4.92707067679e-06, 1.67948019225e-06, 9.13132794267e-07, 2.85668818378e-07, 1.64207548892e-07, 1.07757472279e-07, 4.97930905397e-08, 7.38821270829e-08, 4.6452715452e-08, 1.7516383366e-07, 2.80596850644e-07, 1.20486490118e-07, 3.16183530913e-07, 1.55825958359e-07, 1.24851695205e-07, 1.33031079486e-07, 2.79332272868e-08, 4.17624583804e-08, 1.63185891466e-08, 7.75266695285e-09, 9.13882747255e-09, 8.49630144018e-09, 1.38633629021e-08, 1.00044905693e-08, 7.84208342708e-09, 6.39684261117e-09, 3.71664521381e-09, 5.57027401982e-09, 2.59886334675e-09, 8.50058357038e-10, 5.6214510824e-10, 4.02083560891e-10, 1.64983554596e-10],
        "var": [7.48435122659e-05, 0.000242246882408, 1.34570336741e-05, 4.43365888714e-06, 5.2632748293e-07, 1.25679420648e-07, 5.95717324359e-07, 2.52534817946e-07, 9.14308717626e-09, 1.53115597978e-09, 9.2826235587e-10, 6.22961349173e-10, 4.61200466706e-10, 1.03377362226e-10, 2.37228403588e-10, 3.23555141013e-11, 2.06259009872e-08, 1.01140429365e-08, 1.14785303484e-09, 1.65877409586e-08, 3.38599015492e-08, 3.45735484686e-09, 9.5731667038e-10, 1.13799303314e-10, 1.59300572733e-10, 1.56300423992e-11, 1.99393908502e-12, 3.53875414215e-12, 7.99678465807e-13, 5.43610024616e-13, 3.32929864233e-13, 1.47485227698e-13, 2.64514260918e-14, 6.39872659388e-15, 8.67820067516e-15, 2.66669349905e-15, 6.9667581115e-16, 2.8174803985e-16, 3.84712750819e-15, 5.18191569603e-16]
    },
    "mfcc": {
        "mean": [-707.84765625, 188.439605713, -8.36842441559, 70.3965377808, 30.4505405426, 10.220498085, -19.0148067474, 8.64633846283, 9.28383541107, 5.74417448044, 4.38509082794, 7.37299346924, -2.06115722656],
        "cov": [[1965.00500488, -390.630157471, -585.102539062, -277.516326904, -198.567184448, -130.843322754, -87.0141143799, -103.005058289, -70.6764450073, -29.1708106995, -40.1129951477, 10.182510376, 5.15117406845], [-390.630157471, 321.641876221, 284.370819092, 166.124954224, 123.281150818, 80.2736434937, 39.91040802, 30.6407032013, 25.1341629028, 0.205436110497, -1.44580996037, -22.4537944794, -20.9248180389], [-585.102539062, 284.370819092, 457.44909668, 202.607162476, 153.153213501, 80.7285232544, 33.2483940125, 34.1288452148, 21.6258296967, -2.74549412727, 19.2553634644, -18.7803649902, -10.6682872772], [-277.516326904, 166.124954224, 202.607162476, 170.023834229, 110.009361267, 63.0179595947, 33.7510528564, 26.9265270233, 20.5157241821, 7.14683818817, 12.6837358475, -4.63150978088, -10.1811122894], [-198.567184448, 123.281150818, 153.153213501, 110.009361267, 119.862236023, 67.9697341919, 40.3850440979, 28.8172111511, 23.6952018738, 7.82921075821, 10.6929540634, -1.42825436592, -4.30449485779], [-130.843322754, 80.2736434937, 80.7285232544, 63.0179595947, 67.9697341919, 75.6650314331, 49.9346694946, 31.1619815826, 20.3159294128, 10.6324100494, 3.05174350739, -6.0537314415, -6.20019483566], [-87.0141143799, 39.91040802, 33.2483940125, 33.7510528564, 40.3850440979, 49.9346694946, 70.6081237793, 36.3737983704, 22.3984050751, 11.1327190399, 0.686760902405, -4.85202026367, -3.1796643734], [-103.005058289, 30.6407032013, 34.1288452148, 26.9265270233, 28.8172111511, 31.1619815826, 36.3737983704, 52.3918685913, 27.5715579987, 11.1504249573, 1.69802224636, 1.2466917038, 5.29322052002], [-70.6764450073, 25.1341629028, 21.6258296967, 20.5157241821, 23.6952018738, 20.3159294128, 22.3984050751, 27.5715579987, 40.379901886, 20.8747024536, 10.4237709045, 6.47943544388, 6.66318035126], [-29.1708106995, 0.205436110497, -2.74549412727, 7.14683818817, 7.82921075821, 10.6324100494, 11.1327190399, 11.1504249573, 20.8747024536, 39.0487594604, 25.1308250427, 13.2753095627, 7.09158849716], [-40.1129951477, -1.44580996037, 19.2553634644, 12.6837358475, 10.6929540634, 3.05174350739, 0.686760902405, 1.69802224636, 10.4237709045, 25.1308250427, 47.2616157532, 28.7683181763, 15.8680810928], [10.182510376, -22.4537944794, -18.7803649902, -4.63150978088, -1.42825436592, -6.0537314415, -4.85202026367, 1.2466917038, 6.47943544388, 13.2753095627, 28.7683181763, 43.4435691833, 25.4877357483], [5.15117406845, -20.9248180389, -10.6682872772, -10.1811122894, -4.30449485779, -6.20019483566, -3.1796643734, 5.29322052002, 6.66318035126, 7.09158849716, 15.8680810928, 25.4877357483, 34.5401115417]],
