{
"lowlevel": {
    "average_loudness": 0.982579231262,
    "barkbands_crest": {
        "dmean": 2.06887340546,
        "dmean2": 3.53463888168,
        "dvar": 3.40867900848,
        "dvar2": 8.84100914001,
        "max": 14.5983743668,
        "mean": 6.19998311996,
        "median": 5.68481779099,
        "min": 3.38621997833,
        "var": 4.55816698074
    },
    "barkbands_flatness_db": {
        "dmean": 0.0129084233195,
        "dmean2": 0.0206916760653,
        "dvar": 0.000117012954433,
        "dvar2": 0.000291047035716,
        "max": 0.180310875177,
        "mean": 0.128417134285,
        "median": 0.126132935286,
        "min": 0.0954145416617,
        "var": 0.000223537499551
    },
    "barkbands_kurtosis": {
        "dmean": 0.637483298779,
        "dmean2": 1.03637468815,
        "dvar": 0.578829526901,
        "dvar2": 1.35814881325,
        "max": 6.09735965729,
        "mean": -0.526565015316,
        "median": -0.867689847946,
        "min": -1.56103885174,
        "var": 1.33261156082
    },
    "barkbands_skewness": {
        "dmean": 0.400789707899,
        "dmean2": 0.651629209518,
        "dvar": 0.101495474577,
        "dvar2": 0.295698910952,
        "max": 2.54177165031,
        "mean": 0.662985980511,
        "median": 0.621627926826,
        "min": -0.82013463974,
        "var": 0.265098720789
    },
    "barkbands_spread": {
        "dmean": 3.28723621368,
        "dmean2": 5.67816448212,
        "dvar": 5.69735908508,
        "dvar2": 14.9596204758,
        "max": 33.7080612183,
        "mean": 25.4646987915,
        "median": 25.92527771,
        "min": 12.7940702438,
        "var": 16.6930332184
    },
    "dissonance": {
        "dmean": 0.0165745206177,
        "dmean2": 0.0271854884923,
        "dvar": 0.000220643851208,
        "dvar2": 0.000429021078162,
        "max": 0.499233782291,
        "mean": 0.474114477634,
        "median": 0.477436691523,
        "min": 0.34033703804,
        "var": 0.000332273368258
    },
    "dynamic_complexity": 0.683925271034,
    "erbbands_crest": {
        "dmean": 2.67400765419,
        "dmean2": 4.47596693039,
        "dvar": 6.7716422081,
        "dvar2": 17.8741149902,
        "max": 26.5495243073,
        "mean": 9.54978942871,
        "median": 9.25820922852,
        "min": 4.67175579071,
        "var": 10.1836137772
    },
    "erbbands_flatness_db": {
        "dmean": 0.0121618313715,
        "dmean2": 0.0189251545817,
        "dvar": 0.000115619390272,
        "dvar2": 0.000277344661299,
        "max": 0.26163777709,
        "mean": 0.191470459104,
        "median": 0.191282346845,
        "min": 0.133017122746,
        "var": 0.000255274120718
    },
    "erbbands_kurtosis": {
        "dmean": 0.642378985882,
        "dmean2": 1.05028235912,
        "dvar": 0.727492511272,
        "dvar2": 1.87417459488,
        "max": 7.74816608429,
        "mean": -0.215106129646,
        "median": -0.382192373276,
        "min": -1.23900949955,
        "var": 0.914043426514
    },
    "erbbands_skewness": {
        "dmean": 0.266391932964,
        "dmean2": 0.424974024296,
        "dvar": 0.0548670627177,
        "dvar2": 0.137218356133,
        "max": 0.131884202361,
        "mean": -0.670550763607,
        "median": -0.640521645546,
        "min": -2.686419487,
        "var": 0.129081755877
    },
    "erbbands_spread": {
        "dmean": 4.84604787827,
        "dmean2": 7.85214424133,
        "dvar": 13.2944498062,
        "dvar2": 37.8646583557,
        "max": 48.1623649597,
        "mean": 27.8632164001,
        "median": 27.412322998,
        "min": 10.369972229,
        "var": 36.6241340637
    },
    "hfc": {
        "dmean": 7.36200380325,
        "dmean2": 10.655582428,
        "dvar": 37.690826416,
        "dvar2": 94.4870452881,
        "max": 83.8693008423,
        "mean": 34.8652648926,
        "median": 33.7740821838,
        "min": 0.490461289883,
        "var": 127.880638123
    },
    "melbands_crest": {
        "dmean": 4.06186819077,
        "dmean2": 6.69159221649,
        "dvar": 9.90109348297,
        "dvar2": 27.9912433624,
        "max": 22.4211025238,
        "mean": 10.960108757,
        "median": 10.4537305832,
        "min": 4.42790651321,
        "var": 15.7515087128
    },
    "melbands_flatness_db": {
        "dmean": 0.0204822700471,
        "dmean2": 0.0340598747134,
        "dvar": 0.000273620622465,
        "dvar2": 0.000735088833608,
        "max": 0.287626951933,
        "mean": 0.202430844307,
        "median": 0.200085908175,
        "min": 0.153951406479,
        "var": 0.000583120796364
    },
    "melbands_kurtosis": {
        "dmean": 2.26577472687,
        "dmean2": 3.61593770981,
        "dvar": 4.83747816086,
        "dvar2": 11.5556383133,
        "max": 22.5247612,
        "mean": 2.67660593987,
        "median": 1.75973510742,
        "min": -1.64609277248,
        "var": 12.1567974091
    },
    "melbands_skewness": {
        "dmean": 0.542145311832,
        "dmean2": 0.86667484045,
        "dvar": 0.170567765832,
        "dvar2": 0.487945705652,
        "max": 4.39385986328,
        "mean": 1.66880512238,
        "median": 1.59583115578,
        "min": 0.278634518385,
        "var": 0.455380678177
    },
    "melbands_spread": {
        "dmean": 7.1638417244,
        "dmean2": 12.2851028442,
        "dvar": 35.2633743286,
        "dvar2": 99.0939712524,
        "max": 66.9147644043,
        "mean": 31.6889648438,
        "median": 31.7484436035,
        "min": 9.17389011383,
        "var": 83.0338973999
    },
    "pitch_salience": {
        "dmean": 0.0677718371153,
        "dmean2": 0.112257041037,
        "dvar": 0.00316295982338,
        "dvar2": 0.00729532539845,
        "max": 0.759801208973,
        "mean": 0.607505142689,
        "median": 0.613990306854,
        "min": 0.412277787924,
        "var": 0.00500763766468
    },
    "silence_rate_20dB": {
        "dmean": 0,
        "dmean2": 0,
        "dvar": 0,
        "dvar2": 0,
        "max": 1,
        "mean": 1,
        "median": 1,
        "min": 1,
        "var": 0
    },
    "silence_rate_30dB": {
        "dmean": 0,
        "dmean2": 0,
        "dvar": 0,
        "dvar2": 0,
        "max": 1,
        "mean": 1,
        "median": 1,
        "min": 1,
        "var": 0
    },
    "silence_rate_60dB": {
        "dmean": 0,
        "dmean2": 0,
        "dvar": 0,
        "dvar2": 0,
        "max": 0,
        "mean": 0,
        "median": 0,
        "min": 0,
        "var": 0
    },
    "spectral_centroid": {
        "dmean": 160.823501587,
        "dmean2": 287.475921631,
        "dvar": 15004.8945312,
        "dvar2": 41355.4375,
        "max": 1962.46972656,
        "mean": 1402.07971191,
        "median": 1399.64599609,
        "min": 761.442687988,
        "var": 49165.203125
    },
    "spectral_complexity": {
        "dmean": 3.20000004768,
        "dmean2": 5.32214784622,
        "dvar": 9.82666778564,
        "dvar2": 21.7619819641,
        "max": 40,
        "mean": 29.9271526337,
        "median": 31,
        "min": 1,
        "var": 18.3456897736
    },
    "spectral_decrease": {
        "dmean": 2.81755396792e-09,
        "dmean2": 4.69696948002e-09,
        "dvar": 4.56980644334e-18,
        "dvar2": 1.13161508986e-17,
        "max": -2.10828299263e-10,
        "mean": -1.08978879254e-08,
        "median": -1.10242446283e-08,
        "min": -1.94209164306e-08,
        "var": 9.01523387388e-18
    },
    "spectral_energy": {
        "dmean": 0.0110278101638,
        "dmean2": 0.0182207357138,
        "dvar": 6.75078481436e-05,
        "dvar2": 0.00016819027951,
        "max": 0.0778824090958,
        "mean": 0.0442934557796,
        "median": 0.0451165921986,
        "min": 0.000840201508254,
        "var": 0.000141163589433
    },
    "spectral_energyband_high": {
        "dmean": 4.45380137535e-05,
        "dmean2": 7.63229472796e-05,
        "dvar": 1.33711119954e-09,
        "dvar2": 3.57347573754e-09,
        "max": 0.000367947242921,
        "mean": 0.000215637119254,
        "median": 0.000208356155781,
        "min": 7.85078282206e-06,
        "var": 3.06535707928e-09
    },
    "spectral_energyband_low": {
        "dmean": 0.00818130932748,
        "dmean2": 0.0136811025441,
        "dvar": 5.8735087805e-05,
        "dvar2": 0.000138740171678,
        "max": 0.0422158390284,
        "mean": 0.0132188638672,
        "median": 0.0103819426149,
        "min": 0.00040978306788,
        "var": 7.50893887016e-05
    },
    "spectral_energyband_middle_high": {
        "dmean": 0.00338824163191,
        "dmean2": 0.00512211024761,
        "dvar": 9.69672964857e-06,
        "dvar2": 2.27739728871e-05,
        "max": 0.0356935113668,
        "mean": 0.0125905079767,
        "median": 0.0119847580791,
        "min": 0.000168446771568,
        "var": 2.71066746791e-05
    },
    "spectral_energyband_middle_low": {
        "dmean": 0.00576137937605,
        "dmean2": 0.00942017510533,
        "dvar": 2.00778122235e-05,
        "dvar2": 5.88524744671e-05,
        "max": 0.0389146469533,
        "mean": 0.0192416794598,
        "median": 0.0185545366257,
        "min": 0.000235208208323,
        "var": 4.33353379776e-05
    },
    "spectral_entropy": {
        "dmean": 0.0723819583654,
        "dmean2": 0.115901358426,
        "dvar": 0.00381696107797,
        "dvar2": 0.00910707097501,
        "max": 7.75635910034,
        "mean": 7.46529865265,
        "median": 7.45883274078,
        "min": 7.18968057632,
        "var": 0.00681383255869
    },
    "spectral_flux": {
        "dmean": 0.024397784844,
        "dmean2": 0.0409592613578,
        "dvar": 0.000414118811022,
        "dvar2": 0.00113036029506,
        "max": 0.199408203363,
        "mean": 0.114248126745,
        "median": 0.109877929091,
        "min": 0.0601763650775,
        "var": 0.000555221282411
    },
    "spectral_kurtosis": {
        "dmean": 2.27034115791,
        "dmean2": 4.16609573364,
        "dvar": 3.86677694321,
        "dvar2": 10.3833141327,
        "max": 18.8968009949,
        "mean": 7.21068143845,
        "median": 7.01345157623,
        "min": 3.68308353424,
        "var": 4.94773769379
    },
    "spectral_rms": {
        "dmean": 0.000835227547213,
        "dmean2": 0.00136642274447,
        "dvar": 4.71036656791e-07,
        "dvar2": 1.00021998151e-06,
        "max": 0.00871681328863,
        "mean": 0.00650315033272,
        "median": 0.00663446960971,
        "min": 0.000905377732124,
        "var": 9.22192157304e-07
    },
    "spectral_rolloff": {
        "dmean": 249.78515625,
        "dmean2": 457.255401611,
        "dvar": 73656.9765625,
        "dvar2": 148908.703125,
        "max": 2627.05078125,
        "mean": 1786.11523438,
        "median": 1722.65625,
        "min": 236.865234375,
        "var": 170614.296875
    },
    "spectral_skewness": {
        "dmean": 0.215560659766,
        "dmean2": 0.383447825909,
        "dvar": 0.0377800576389,
        "dvar2": 0.0962119102478,
        "max": 3.21427726746,
        "mean": 1.66627991199,
        "median": 1.63859784603,
        "min": 1.28422629833,
        "var": 0.0562319792807
    },
    "spectral_spread": {
        "dmean": 181273.140625,
        "dmean2": 282331.9375,
        "dvar": 33207644160,
        "dvar2": 64453468160,
        "max": 4282358,
        "mean": 2611758.5,
        "median": 2594271.75,
        "min": 2145721,
        "var": 56251789312
    },
    "spectral_strongpeak": {
        "dmean": 0.972481369972,
        "dmean2": 1.84682905674,
        "dvar": 3.04469513893,
        "dvar2": 7.93417882919,
        "max": 8.69808292389,
        "mean": 0.859999299049,
        "median": 0.403295725584,
        "min": 0,
        "var": 2.20474553108
    },
    "zerocrossingrate": {
        "dmean": 0.00485351542011,
        "dmean2": 0.00637059565634,
        "dvar": 1.45951289596e-05,
        "dvar2": 2.22236049012e-05,
        "max": 0.0703125,
        "mean": 0.0503156036139,
        "median": 0.05078125,
        "min": 0.009765625,
        "var": 7.84391959314e-05
    },
    "barkbands": {
        "dmean": [9.57281154115e-05, 0.00582957966253, 0.00361461960711, 0.00272612622939, 0.00227260659449, 0.00148353120312, 0.00153760088142, 0.00109544023871, 0.00139522377867, 0.000113864080049, 7.93596336734e-05, 0.00020286970539, 0.000253342353972, 0.00192493677605, 0.000737511960324, 0.00152398704085, 0.000835197686683, 0.000233899132581, 9.07461871975e-05, 3.0642197089e-05, 2.59101634583e-05, 1.28213332573e-05, 5.75277681492e-06, 5.00105261381e-06, 1.23895540582e-06, 5.5951863942e-07, 1.3965428991e-07],
        "dmean2": [0.000163141376106, 0.00992899015546, 0.00633580097929, 0.00469006411731, 0.00406073685735, 0.00249213608913, 0.00261128786951, 0.00177357264329, 0.00213686469942, 0.000187416400877, 0.000139309238875, 0.000312206713716, 0.000400944147259, 0.00289770844392, 0.00125264679082, 0.00242539308965, 0.00132646237034, 0.000398713280447, 0.000155039553647, 5.27626507392e-05, 4.47418351541e-05, 2.15059062612e-05, 1.06598236016e-05, 6.85746817908e-06, 1.79947755896e-06, 9.10156359168e-07, 2.27715844403e-07],
        "dvar": [1.41320741776e-08, 3.10942377837e-05, 1.2346315998e-05, 6.90809429216e-06, 4.4734124458e-06, 1.54729980295e-06, 1.96315522771e-06, 1.18785555969e-06, 1.71630097157e-06, 1.03201713841e-08, 8.66693383728e-09, 4.96587411192e-08, 6.95230752967e-08, 3.53045720658e-06, 6.79842230511e-07, 8.83177199285e-06, 7.58968894843e-07, 4.35438138879e-08, 6.60001564512e-09, 6.17886852794e-10, 5.44667810853e-10, 1.26596330641e-10, 2.4524368647e-11, 3.07295508484e-11, 5.56144583511e-12, 2.36701744359e-13, 1.23616030674e-14],
        "dvar2": [3.74608255527e-08, 7.32445769245e-05, 2.790095823e-05, 1.98627240025e-05, 1.28552364913e-05, 4.35961192125e-06, 5.45225248061e-06, 3.05812318402e-06, 4.54769997305e-06, 2.69822422183e-08, 2.35978045993e-08, 1.03243493754e-07, 1.77409148705e-07, 7.70620044932e-06, 2.12289683077e-06, 2.21785485337e-05, 1.56117982897e-06, 1.27202412159e-07, 1.84034583128e-08, 1.84549919791e-09, 1.52875490045e-09, 3.76777359312e-10, 7.39668742922e-11, 6.5362076862e-11, 1.20160201234e-11, 7.07063747829e-13, 3.21300501667e-14],
        "max": [0.000902870960999, 0.0262635592371, 0.0163610074669, 0.0149023663253, 0.0120486523956, 0.00876715686172, 0.0123858833686, 0.00922389980406, 0.0101718259975, 0.000814071740024, 0.000617560290266, 0.00166261254344, 0.0018007849576, 0.0143234040588, 0.00656065437943, 0.0292607620358, 0.00676656188443, 0.00168038823176, 0.000765520730056, 0.000183357638889, 0.000194948122953, 0.000102135163615, 2.96808484563e-05, 5.4565964092e-05, 3.36972079822e-05, 4.23828078056e-06, 1.3073977243e-06],
        "mean": [0.000107902851596, 0.00765963504091, 0.00451252097264, 0.00341775082052, 0.00352737493813, 0.00311353476718, 0.00350805302151, 0.00188733055256, 0.00366208679043, 0.000281418702798, 0.000150696039782, 0.000385272025596, 0.000515783962328, 0.00427315151319, 0.00146689044777, 0.00244534714147, 0.00225365557708, 0.000656040618196, 0.000218670349568, 8.28673582873e-05, 9.37113291002e-05, 4.13359994127e-05, 1.24397083709e-05, 1.22736319099e-05, 4.40981102656e-06, 2.15662726077e-06, 7.82069548677e-07],
        "median": [7.36804213375e-05, 0.00533193117008, 0.00311434455216, 0.00224785367027, 0.0030068338383, 0.0027854340151, 0.00323800556362, 0.00151260197163, 0.00334908277728, 0.00025980421924, 0.0001335269626, 0.000292291282676, 0.000410246051615, 0.00380122335628, 0.00126725179143, 0.00177799200173, 0.00178998848423, 0.000602835323662, 0.000194213702343, 7.78857647674e-05, 8.81714440766e-05, 3.99787713832e-05, 1.12585030365e-05, 9.70032033365e-06, 3.96007180825e-06, 2.15058321373e-06, 7.82276515565e-07],
        "min": [3.40427914125e-06, 0.000220249203267, 0.000111162036774, 3.73341499653e-05, 1.92929001059e-05, 0.000106410545413, 3.14940043609e-05, 9.25698077481e-06, 2.91900869342e-05, 2.81705797534e-06, 4.57063561043e-06, 6.7287019192e-06, 7.83453560871e-06, 5.3599185776e-05, 3.86064166378e-05, 2.76531372947e-05, 1.98392663151e-05, 5.9764438447e-06, 1.82993403541e-06, 1.8390154537e-06, 1.70491375684e-06, 1.59880300998e-06, 1.27189650811e-06, 7.19040258446e-07, 5.51260995962e-07, 4.11648159115e-07, 3.51952650135e-07],
        "var": [1.44967913229e-08, 3.86379069823e-05, 1.49865236381e-05, 1.03495876829e-05, 5.70596148464e-06, 2.81232860289e-06, 3.18721390613e-06, 2.6812726901e-06, 3.18422075907e-06, 1.8255780887e-08, 9.09630415435e-09, 8.62925304546e-08, 1.17086514706e-07, 7.44196131564e-06, 9.04047055883e-07, 8.34261300042e-06, 2.06382537726e-06, 9.90018378388e-08, 1.00427319794e-08, 1.06908937259e-09, 9.56407508745e-10, 2.2745380579e-10, 2.84866956413e-11, 6.14124584519e-11, 8.71906540023e-12, 3.95082431397e-13, 2.91856111761e-14]
    },
    "erbbands": {
        "dmean": [0.0900918245316, 1.58852648735, 4.76804065704, 4.49780750275, 11.5721292496, 5.72800922394, 9.29129505157, 11.7374515533, 23.8365764618, 10.9312887192, 29.9462471008, 31.6917285919, 18.2471847534, 3.11587882042, 4.06674003601, 7.86377096176, 11.5254173279, 32.5968894958, 115.516952515, 26.5650100708, 90.9115524292, 30.7074050903, 20.7510700226, 8.78960895538, 1.63334786892, 1.4046766758, 0.850954771042, 1.33292150497, 0.594802856445, 0.205627650023, 0.185420662165, 0.168145105243, 0.0351380445063, 0.0179163906723, 0.00694487337023, 0.0037314419169, 0.000825112918392, 0.000202300070669, 2.1472282242e-05, 1.30440057546e-05],
        "dmean2": [0.156025990844, 2.68310475349, 8.1539888382, 8.01028633118, 20.3305187225, 10.0449972153, 15.9958219528, 19.7334041595, 39.9638061523, 18.1484928131, 49.9468650818, 50.8398094177, 27.8079280853, 5.34788274765, 6.72380447388, 11.9705953598, 17.9256706238, 50.2840156555, 189.01663208, 44.6634178162, 139.243148804, 47.1927680969, 34.6499633789, 15.1130809784, 2.66095089912, 2.50041913986, 1.45290338993, 2.38141441345, 1.02331209183, 0.372360080481, 0.334018915892, 0.242225289345, 0.0480079092085, 0.0233388822526, 0.0105974534526, 0.00625886628404, 0.0013454068685, 0.000347629946191, 3.51659909938e-05, 2.09875033761e-05],
        "dvar": [0.00979987625033, 2.33270478249, 20.9021148682, 15.7762823105, 145.329956055, 29.7869720459, 85.3433532715, 94.1907119751, 464.429077148, 104.017555237, 916.239257812, 908.916687012, 292.991485596, 9.32907676697, 17.1266384125, 54.2525138855, 164.568984985, 1029.00891113, 11246.046875, 561.671569824, 38506.7265625, 772.518859863, 575.994506836, 51.9048728943, 2.21536326408, 1.50999188423, 0.670606136322, 1.43420493603, 0.286766141653, 0.0221446827054, 0.0284193921834, 0.0353317186236, 0.00254082353786, 0.00117200845852, 4.24910176662e-05, 1.11943336378e-05, 4.1297252551e-07, 2.84578351994e-08, 2.71435679489e-10, 9.71614524947e-11],
        "dvar2": [0.0281699001789, 5.47071552277, 48.8049354553, 44.1028900146, 429.053710938, 90.3005905151, 257.688079834, 256.042999268, 1267.12243652, 275.534423828, 2420.56469727, 2329.53442383, 791.963500977, 24.0054264069, 37.4477767944, 112.229629517, 412.248596191, 2229.78979492, 27261.5839844, 1315.70703125, 94246.09375, 1990.4473877, 1233.57397461, 153.67048645, 5.74048280716, 4.33853340149, 1.72553396225, 4.12901592255, 0.820107042789, 0.0677728429437, 0.0885082632303, 0.0826324298978, 0.00369828660041, 0.00187794619706, 9.67798259808e-05, 3.09832721541e-05, 9.42665735693e-07, 7.86447102996e-08, 7.64686980403e-10, 2.31718519372e-10],
        "max": [0.704171597958, 7.56753540039, 23.6853427887, 22.7489089966, 73.5178222656, 30.9479198456, 56.1436195374, 70.7491455078, 165.158203125, 95.2680587769, 234.794815063, 209.767349243, 128.499649048, 20.043598175, 26.1504516602, 60.8502388, 94.5286636353, 227.107757568, 720.251464844, 190.174057007, 1894.44995117, 245.613998413, 184.613098145, 67.6243362427, 13.3350381851, 8.74940299988, 7.31899023056, 10.4227228165, 4.30289268494, 1.03733372688, 1.04449009895, 1.47321641445, 0.711407721043, 0.517124652863, 0.105505757034, 0.0294082630426, 0.00551477447152, 0.00105387030635, 0.000189953905647, 0.000109155989776],
        "mean": [0.111915610731, 2.08493113518, 6.18043279648, 6.60927724838, 16.2855796814, 9.14332771301, 15.9175891876, 26.3228321075, 55.6713142395, 26.0202274323, 51.5059547424, 78.7076644897, 47.2476959229, 7.9781794548, 8.28350830078, 17.1815261841, 23.3607635498, 82.087272644, 258.888061523, 63.3820381165, 144.044418335, 102.290565491, 58.6432647705, 25.8602027893, 5.6848449707, 3.8732008934, 3.18474435806, 4.14197349548, 1.90000402927, 0.532972693443, 0.400807380676, 0.385630309582, 0.108209624887, 0.0519277304411, 0.0283306296915, 0.0151348179206, 0.00246390816756, 0.000423394783866, 0.000112451714813, 6.74926050124e-05],
        "median": [0.0865391716361, 1.43225443363, 4.58458662033, 5.35468578339, 12.4296779633, 7.92938613892, 13.3904695511, 25.0486450195, 52.2166671753, 24.041425705, 40.662071228, 72.7275619507, 43.3912010193, 7.37289571762, 6.98575353622, 13.7382202148, 18.1645507812, 71.8296203613, 242.273620605, 55.2841758728, 98.0368652344, 91.3657150269, 45.136051178, 25.121257782, 5.29816102982, 3.70782613754, 3.07049751282, 3.91353011131, 1.84509599209, 0.495459228754, 0.356067746878, 0.312109023333, 0.0961075127125, 0.0427311435342, 0.0271602906287, 0.0150105925277, 0.00254293414764, 0.000395793176722, 0.000112674671982, 6.78258293192e-05],
        "min": [0.00737287662923, 0.0460768565536, 0.12492236495, 0.141597881913, 0.0511329099536, 0.0613659508526, 0.426458060741, 0.979072809219, 0.711068272591, 0.153860718012, 0.32635653019, 0.640949368477, 0.325157314539, 0.0501656904817, 0.275717526674, 0.294066131115, 0.393036842346, 1.40013027191, 3.50780439377, 1.97638130188, 0.960853517056, 1.04586279392, 0.45881703496, 0.192858427763, 0.0807018950582, 0.0897314324975, 0.0545196272433, 0.0864766985178, 0.0623451136053, 0.0482040867209, 0.0328567512333, 0.0220328345895, 0.00689511233941, 0.00580859510228, 0.00418881559744, 0.00184121867642, 0.000435897294665, 9.41633261391e-05, 5.21350157214e-05, 6.27703639111e-06],
        "var": [0.0100530013442, 2.88213014603, 25.3765869141, 24.1526679993, 177.633346558, 37.3977890015, 139.665557861, 159.290710449, 805.958007812, 175.204864502, 1950.75097656, 1455.66589355, 593.018127441, 13.3997449875, 27.613653183, 121.680641174, 266.643981934, 1982.6541748, 22786.2460938, 1032.62109375, 35860.2773438, 2610.06396484, 1458.0526123, 110.841819763, 4.76376056671, 2.1664917469, 1.17992627621, 2.26164650917, 0.459699809551, 0.0328836888075, 0.0312641076744, 0.0612216852605, 0.00600468041375, 0.00254147918895, 0.00011862374231, 1.83024822036e-05, 1.15548118629e-06, 4.26565378575e-08, 5.75663627878e-10, 2.12714429404e-10]
    },
    "gfcc": {
        "mean": [35.1119689941, 133.040206909, -142.078384399, 32.2812843323, -33.6506118774, -2.75165987015, -43.9812469482, 7.2955493927, 0.709657609463, 3.64329123497, -21.5109233856, -8.62850189209, -10.3000230789],
        "cov": [[374.030944824, 56.1227798462, -78.0112457275, -3.00920176506, -7.15957021713, -22.9793453217, -15.3362092972, 0.205507814884, -3.38687705994, -0.629243969917, -2.5276093483, -8.81475067139, -5.6771364212], [56.1227798462, 69.9114837646, 25.2884540558, 18.6089801788, 6.82860517502, -4.72437429428, 9.03524780273, 4.78533792496, 9.66274833679, -6.53788757324, -2.9948823452, -22.3313827515, -5.77073574066], [-78.0112457275, 25.2884540558, 100.067497253, 45.6052627563, 9.15788269043, 15.0820426941, 2.97572612762, 10.9822587967, 13.057267189, -7.80512952805, -0.925113618374, -18.8690338135, -10.8315725327], [-3.00920176506, 18.6089801788, 45.6052627563, 49.7562980652, 10.659160614, 6.62749004364, 1.51256430149, 10.8039541245, 8.93579864502, -14.063533783, -0.848066091537, -10.9499807358, -3.03252124786], [-7.15957021713, 6.82860517502, 9.15788269043, 10.659160614, 38.7867774963, 9.60017871857, 14.1767711639, 2.77583575249, 2.04574894905, 7.17596769333, -0.155394077301, 6.97875070572, -1.69594538212], [-22.9793453217, -4.72437429428, 15.0820426941, 6.62749004364, 9.60017871857, 35.256401062, 11.7083187103, 4.84885787964, 8.88501262665, 5.2734413147, 8.51723098755, 1.63176834583, 6.84255599976], [-15.3362092972, 9.03524780273, 2.97572612762, 1.51256430149, 14.1767711639, 11.7083187103, 36.1233520508, 16.541305542, 10.6079797745, 8.48430156708, 0.164877444506, 6.0488820076, -0.199467897415], [0.205507814884, 4.78533792496, 10.9822587967, 10.8039541245, 2.77583575249, 4.84885787964, 16.541305542, 30.0950679779, 20.3290882111, 1.95921635628, 3.04811358452, -0.630556941032, 0.508949935436], [-3.38687705994, 9.66274833679, 13.057267189, 8.93579864502, 2.04574894905, 8.88501262665, 10.6079797745, 20.3290882111, 39.8858184814, 10.3350696564, 4.84507703781, 3.16097474098, 2.28121876717], [-0.629243969917, -6.53788757324, -7.80512952805, -14.063533783, 7.17596769333, 5.2734413147, 8.48430156708, 1.95921635628, 10.3350696564, 32.3206596375, 13.8789587021, 11.601565361, 1.60580515862], [-2.5276093483, -2.9948823452, -0.925113618374, -0.848066091537, -0.155394077301, 8.51723098755, 0.164877444506, 3.04811358452, 4.84507703781, 13.8789587021, 25.1571655273, 11.8728551865, 6.88943052292], [-8.81475067139, -22.3313827515, -18.8690338135, -10.9499807358, 6.97875070572, 1.63176834583, 6.0488820076, -0.630556941032, 3.16097474098, 11.601565361, 11.8728551865, 39.2600059509, 13.5891113281], [-5.6771364212, -5.77073574066, -10.8315725327, -3.03252124786, -1.69594538212, 6.84255599976, -0.199467897415, 0.508949935436, 2.28121876717, 1.60580515862, 6.88943052292, 13.5891113281, 24.0366954803]],
        "icov": [[0.00776707520708, -0.0146412709728, 0.0135520678014, -0.00976254139096, 0.00502265058458, -0.00961094908416, 0.0146630676463, -0.0120994336903, 0.00778625765815, -0.010281314142, 0.0100291715935, -0.00951797142625, 0.00911716278642], [-0.0146412709728, 0.0575263611972, -0.0301441587508, 0.0187134891748, -0.0192842073739, 0.0389403626323, -0.0489995703101, 0.0418932512403, -0.0311537049711, 0.0323201678693, -0.0382946506143, 0.0444072932005, -0.0279415044934], [0.0135520678014, -0.0301441587508, 0.0445766299963, -0.0351602733135, 0.0125041538849, -0.0275207012892, 0.0305555388331, -0.0240679308772, 0.0149561073631, -0.0244482271373, 0.0226503871381, -0.0181730873883, 0.0250910110772], [-0.00976254139096, 0.0187134891748, -0.0351602733135, 0.0641593039036, -0.0245659481734, 0.0178503356874, -0.0163072571158, 0.00906428974122, -0.0191143844277, 0.041763573885, -0.0291101206094, 0.0193701535463, -0.0162880476564], [0.00502265058458, -0.0192842073739, 0.0125041538849, -0.0245659481734, 0.0478254593909, -0.0224399287254, 0.00606592698023, -0.0107950111851, 0.0180924180895, -0.028073232621, 0.02693753317, -0.0263712517917, 0.0164797194302], [-0.00961094908416, 0.0389403626323, -0.0275207012892, 0.0178503356874, -0.0224399287254, 0.0724250525236, -0.0502171143889, 0.0404589660466, -0.0307066123933, 0.0291919857264, -0.0458114296198, 0.041175801307, -0.035728815943], [0.0146630676463, -0.0489995703101, 0.0305555388331, -0.0163072571158, 0.00606592698023, -0.0502171143889, 0.0982879772782, -0.0712088942528, 0.0342844985425, -0.0416745655239, 0.050903826952, -0.0465339794755, 0.0317060574889], [-0.0120994336903, 0.0418932512403, -0.0240679308772, 0.00906428974122, -0.0107950111851, 0.0404589660466, -0.0712088942528, 0.106626592577, -0.0553939379752, 0.03853687644, -0.0459795147181, 0.0405109301209, -0.0246712360531], [0.00778625765815, -0.0311537049711, 0.0149561073631, -0.0191143844277, 0.0180924180895, -0.0307066123933, 0.0342844985425, -0.0553939379752, 0.0657570958138, -0.0410555899143, 0.0345995351672, -0.030743047595, 0.0141285918653], [-0.010281314142, 0.0323201678693, -0.0244482271373, 0.041763573885, -0.028073232621, 0.0291919857264, -0.0416745655239, 0.03853687644, -0.0410555899143, 0.0908865407109, -0.0626474916935, 0.0258980561048, -0.0107303000987], [0.0100291715935, -0.0382946506143, 0.0226503871381, -0.0291101206094, 0.02693753317, -0.0458114296198, 0.050903826952, -0.0459795147181, 0.0345995351672, -0.0626474916935, 0.103951536119, -0.0491004660726, 0.0149127440527], [-0.00951797142625, 0.0444072932005, -0.0181730873883, 0.0193701535463, -0.0263712517917, 0.041175801307, -0.0465339794755, 0.0405109301209, -0.030743047595, 0.0258980561048, -0.0491004660726, 0.0803855285048, -0.0423434227705], [0.00911716278642, -0.0279415044934, 0.0250910110772, -0.0162880476564, 0.0164797194302, -0.035728815943, 0.0317060574889, -0.0246712360531, 0.0141285918653, -0.0107303000987, 0.0149127440527, -0.0423434227705, 0.0774596109986]]
    },
    "melbands": {
        "dmean": [0.00119830842596, 0.00230313814245, 0.00105759943835, 0.00060794496676, 0.000271919241641, 0.000269104581093, 0.000345668086084, 0.000111428322271, 0.00023996969685, 0.000225922645768, 9.37864024309e-05, 1.25110145746e-05, 1.19028654808e-05, 2.3944017812e-05, 3.33783355018e-05, 1.59222236107e-05, 7.31973705115e-05, 0.000243718968704, 2.27340551646e-05, 6.29535352346e-05, 0.000128886778839, 3.30358598148e-05, 4.34515022789e-05, 1.49592633534e-05, 7.62660283726e-06, 1.74067019998e-06, 9.8601094578e-07, 1.08909989649e-06, 5.82997074616e-07, 7.10162908035e-07, 8.17102545625e-07, 4.17973581079e-07, 1.67394418327e-07, 1.03336581958e-07, 1.3302268087e-07, 5.56711405864e-08, 1.31802252668e-07, 2.21268887657e-08, 2.2984281145e-08, 1.33169288929e-08],
        "dmean2": [0.00202537374571, 0.00390279223211, 0.00185637502, 0.00109119690023, 0.000462302123196, 0.000450911291409, 0.000582901120652, 0.000175950583071, 0.000406637322158, 0.000352015107637, 0.000142208213219, 2.15880299947e-05, 2.086065615e-05, 3.57218450517e-05, 5.32795129402e-05, 2.52665049629e-05, 0.000115827402624, 0.000396322400775, 3.75765484932e-05, 0.000106310122646, 0.000195425614947, 5.43499481864e-05, 6.82750251144e-05, 2.50726479862e-05, 1.32181030494e-05, 2.91090464088e-06, 1.73518583324e-06, 1.93060259335e-06, 9.66966013038e-07, 1.20591255381e-06, 1.44829289184e-06, 7.20353909855e-07, 2.80445902945e-07, 1.90949137391e-07, 2.42473532808e-07, 9.21551333022e-08, 1.93011189253e-07, 3.24545759156e-08, 3.39417027817e-08, 1.83195378867e-08],
        "dvar": [1.33561820803e-06, 4.97172277392e-06, 9.96815742837e-07, 3.2677999684e-07, 5.99902989507e-08, 4.72735486312e-08, 9.74081757477e-08, 1.025045826e-08, 5.74016105759e-08, 4.48880683734e-08, 7.76661401858e-09, 1.34771277471e-10, 1.49515996806e-10, 9.66827951032e-10, 1.27250399107e-09, 2.60835353316e-10, 5.17574338943e-09, 5.09320798869e-08, 6.45402287169e-10, 3.34550498415e-09, 7.9768263106e-08, 7.71855246384e-10, 2.78165313006e-09, 1.86942766822e-10, 4.35685341971e-11, 2.4115932775e-12, 6.35147099845e-13, 8.72344026442e-13, 2.86348364725e-13, 4.06385943777e-13, 4.99151718222e-13, 1.3378923349e-13, 1.95055102848e-14, 5.92841027937e-15, 1.66971640778e-14, 2.57468772153e-15, 2.11275546618e-14, 6.20552483724e-16, 2.96729659818e-15, 4.39880329605e-16],
        "dvar2": [3.33307616529e-06, 1.16506525956e-05, 2.85917622023e-06, 9.66737047747e-07, 1.75067356167e-07, 1.2980247277e-07, 2.63655493882e-07, 2.7268104219e-08, 1.58325065058e-07, 1.18846259056e-07, 2.2012779155e-08, 3.50789813863e-10, 3.86520565554e-10, 1.86816140335e-09, 2.94887469998e-09, 6.63299526416e-10, 1.10443663104e-08, 1.18285548467e-07, 1.88785675981e-09, 7.83693110407e-09, 1.92205305893e-07, 2.05173189549e-09, 5.44100320354e-09, 5.24251198009e-10, 1.30066707404e-10, 6.12816915269e-12, 1.6594358266e-12, 2.54943462175e-12, 8.45766328066e-13, 1.1039200153e-12, 1.513382193e-12, 3.72251058103e-13, 5.8713504978e-14, 1.83406993748e-14, 5.10952770979e-14, 6.31850706806e-15, 4.86772894128e-14, 1.00321237608e-15, 4.38410573917e-15, 6.94537423535e-16],
        "max": [0.00623491732404, 0.012193092145, 0.00621793279424, 0.00318864686415, 0.00159091048408, 0.00148941250518, 0.00248313834891, 0.000818270666059, 0.00179819599725, 0.00154295284301, 0.000642868981231, 7.40228497307e-05, 8.29093842185e-05, 0.000209730351344, 0.000282175751636, 0.000127119419631, 0.000462023046566, 0.00157399114687, 0.000220197776798, 0.000423855701229, 0.00268653337844, 0.000215542633669, 0.000423775316449, 0.00011507855379, 5.95283563598e-05, 1.33696339617e-05, 6.04262550041e-06, 6.25127586318e-06, 4.25455164077e-06, 5.90591116634e-06, 5.81643371333e-06, 2.80927019958e-06, 1.06443235381e-06, 5.32514263796e-07, 7.7274899013e-07, 5.1422244951e-07, 1.00997272057e-06, 3.48089855606e-07, 7.14617442554e-07, 3.18087842288e-07],
        "mean": [0.00158976111561, 0.00317038525827, 0.00161790382117, 0.000939890451264, 0.000496174732689, 0.000607805384789, 0.000814341183286, 0.000265625916654, 0.00040200035437, 0.000552023935597, 0.00023310421966, 2.72390698228e-05, 2.27771524806e-05, 4.12874614995e-05, 6.40685975668e-05, 3.41913728334e-05, 0.000164167446201, 0.000532106205355, 5.96712234255e-05, 0.000117000425234, 0.000183930256753, 9.64366045082e-05, 9.94005822577e-05, 3.48664980265e-05, 1.92629922822e-05, 4.85106374981e-06, 2.50064590546e-06, 2.64035020336e-06, 1.81909160801e-06, 2.35308220908e-06, 2.26693850891e-06, 1.20308641272e-06, 4.61534227725e-07, 2.17715083295e-07, 2.5561908501e-07, 1.50685323774e-07, 2.74821218227e-07, 6.70951862958e-08, 5.50255663256e-08, 3.77836997245e-08],
        "median": [0.00112712522969, 0.00229897489771, 0.00130002724472, 0.00084928056458, 0.0004162711557, 0.000576659280341, 0.000774481741246, 0.000242557769525, 0.000313053606078, 0.000502596900333, 0.000213023740798, 2.50064385909e-05, 2.01198199647e-05, 2.52316131082e-05, 5.02744042024e-05, 2.75703678199e-05, 0.000142849545227, 0.000489632599056, 5.2992025303e-05, 9.49927634792e-05, 0.000108078522317, 8.85315239429e-05, 6.63036262267e-05, 2.81679476757e-05, 1.81792238436e-05, 4.31234639109e-06, 2.33679998018e-06, 2.52635641118e-06, 1.81397797405e-06, 2.25258645514e-06, 2.10742928175e-06, 1.15513353194e-06, 4.11685022073e-07, 2.06801402669e-07, 2.21597161953e-07, 1.39035606139e-07, 2.05316197821e-07, 5.81550168022e-08, 4.19749142111e-08, 3.14540358204e-08],
        "min": [6.82650352246e-05, 6.57184427837e-05, 2.2379676011e-05, 2.43464819505e-06, 1.26048444145e-05, 2.1739055228e-05, 9.73617261479e-06, 1.33463538532e-06, 3.06490574076e-06, 4.16864531871e-06, 1.51378606006e-06, 1.13934042645e-07, 8.02892884622e-07, 6.3701969566e-07, 1.36531093631e-06, 4.08909926364e-07, 2.92394361168e-06, 6.784483503e-06, 2.05743890547e-06, 2.67986001745e-06, 7.88137128893e-07, 1.07157904949e-06, 9.07580385956e-07, 1.86577921113e-07, 1.53022909899e-07, 4.94282090813e-08, 5.38976046016e-08, 6.83010696889e-08, 3.63466163833e-08, 2.97912610137e-08, 5.32674704345e-08, 3.97099988447e-08, 2.50436364979e-08, 2.86982331232e-08, 1.90310238679e-08, 1.03043245048e-08, 1.49349368428e-08, 4.49128689795e-09, 3.50823703421e-09, 5.46005196611e-09],
        "var": [1.64859318375e-06, 5.95758638156e-06, 1.52320353664e-06, 4.16903361611e-07, 1.04849647187e-07, 8.39308498257e-08, 1.72597310666e-07, 2.10116155586e-08, 1.16900700675e-07, 7.77211255354e-08, 1.5712874557e-08, 1.93086560629e-10, 1.85653492579e-10, 1.58044632936e-09, 2.28653296297e-09, 4.95580687598e-10, 9.3592209538e-09, 1.04795283562e-07, 7.92367060853e-10, 5.83508708019e-09, 7.45846264749e-08, 1.92162130652e-09, 7.78981412708e-09, 4.60281313064e-10, 6.79036687989e-11, 4.63456573466e-12, 1.24076920613e-12, 1.17395047676e-12, 4.58850947689e-13, 7.15868499462e-13, 8.01685703499e-13, 2.28351083702e-13, 3.08745677679e-14, 7.607761094e-15, 1.71675028387e-14, 4.36716635077e-15, 3.79836272027e-14, 1.61830059732e-15, 5.79692154332e-15, 1.06535950106e-15]
    },
    "mfcc": {
        "mean": [-602.323608398, 161.166091919, -35.9630737305, 36.0259590149, 18.4739170074, 3.15305685997, -23.1400222778, 0.363780021667, 10.4072961807, 6.85502004623, 7.91051912308, 5.94495773315, -15.573425293],
        "cov": [[437.905426025, 34.3328132629, -75.2515869141, -0.424418956041, -17.1311321259, -25.8455047607, -12.9651908875, -11.2123022079, -9.17979812622, -13.2169713974, 5.41702461243, 3.2856824398, -21.5455131531], [34.3328132629, 57.6969451904, 2.2223136425, 15.8678941727, -2.46620678902, 2.59379935265, 1.48700749874, 0.0561865493655, 2.19210243225, 13.8314094543, 9.27228355408, 2.08290314674, -10.9895982742], [-75.2515869141, 2.2223136425, 95.7416305542, 21.6719074249, 27.3481407166, 2.65529346466, -1.56914484501, 10.0417356491, 6.10935020447, 18.4970340729, 1.30976784229, 5.50490617752, -6.13140201569], [-0.424418956041, 15.8678941727, 21.6719074249, 46.7767524719, 15.3863391876, -2.30105066299, 1.10327243805, 11.7812051773, 6.3094124794, 6.27422380447, 4.21863698959, 3.0544962883, -9.31776809692], [-17.1311321259, -2.46620678902, 27.3481407166, 15.3863391876, 37.4986305237, 6.27353143692, 2.5278532505, 2.80083107948, 2.80779695511, 2.72988295555, 0.50162011385, 4.29788208008, -2.67064642906], [-25.8455047607, 2.59379935265, 2.65529346466, -2.30105066299, 6.27353143692, 30.8957233429, 11.4132499695, 2.24090123177, 1.75715112686, 1.43929028511, -2.11481881142, 2.80222225189, 14.1467027664], [-12.9651908875, 1.48700749874, -1.56914484501, 1.10327243805, 2.5278532505, 11.4132499695, 36.2818870544, 0.345661252737, 0.265845239162, -1.31786465645, -4.54304647446, 2.24914646149, 10.022901535], [-11.2123022079, 0.0561865493655, 10.0417356491, 11.7812051773, 2.80083107948, 2.24090123177, 0.345661252737, 32.8649330139, 16.7911701202, 6.15175008774, 0.628575325012, 7.72710752487, 6.43197107315], [-9.17979812622, 2.19210243225, 6.10935020447, 6.3094124794, 2.80779695511, 1.75715112686, 0.265845239162, 16.7911701202, 27.6005306244, 12.5040454865, 3.74804759026, 1.79620420933, 6.62593364716], [-13.2169713974, 13.8314094543, 18.4970340729, 6.27422380447, 2.72988295555, 1.43929028511, -1.31786465645, 6.15175008774, 12.5040454865, 32.4666976929, 15.3346252441, 4.53458690643, -7.17584657669], [5.41702461243, 9.27228355408, 1.30976784229, 4.21863698959, 0.50162011385, -2.11481881142, -4.54304647446, 0.628575325012, 3.74804759026, 15.3346252441, 37.7649917603, 8.50038909912, -8.08321285248], [3.2856824398, 2.08290314674, 5.50490617752, 3.0544962883, 4.29788208008, 2.80222225189, 2.24914646149, 7.72710752487, 1.79620420933, 4.53458690643, 8.50038909912, 19.5088748932, 3.81611442566], [-21.5455131531, -10.9895982742, -6.13140201569, -9.31776809692, -2.67064642906, 14.1467027664, 10.022901535, 6.43197107315, 6.62593364716, -7.17584657669, -8.08321285248, 3.81611442566, 40.5231819153]],
