{
"lowlevel": {
    "average_loudness": 0.987215578556,
    "barkbands_crest": {
        "dmean": 3.69461345673,
        "dmean2": 6.61053323746,
        "dvar": 7.15401601791,
        "dvar2": 22.1621284485,
        "max": 21.153968811,
        "mean": 14.6052541733,
        "median": 14.7821941376,
        "min": 7.32348966599,
        "var": 9.82291412354
    },
    "barkbands_flatness_db": {
        "dmean": 0.0326435752213,
        "dmean2": 0.0524828508496,
        "dvar": 0.000743651820812,
        "dvar2": 0.00183657754678,
        "max": 0.394527643919,
        "mean": 0.309922635555,
        "median": 0.315515220165,
        "min": 0.123864285648,
        "var": 0.00234607304446
    },
    "barkbands_kurtosis": {
        "dmean": 15.6916751862,
        "dmean2": 26.2035865784,
        "dvar": 200.347061157,
        "dvar2": 538.25177002,
        "max": 88.9649734497,
        "mean": 35.9099960327,
        "median": 30.9463577271,
        "min": 0.966559886932,
        "var": 426.577789307
    },
    "barkbands_skewness": {
        "dmean": 1.11272084713,
        "dmean2": 1.83914613724,
        "dvar": 0.802745521069,
        "dvar2": 2.21586894989,
        "max": 7.51635313034,
        "mean": 4.76143550873,
        "median": 4.69574451447,
        "min": 1.50237154961,
        "var": 1.86442780495
    },
    "barkbands_spread": {
        "dmean": 2.05481147766,
        "dmean2": 3.340747118,
        "dvar": 5.67722511292,
        "dvar2": 13.9411230087,
        "max": 21.5797023773,
        "mean": 4.0413107872,
        "median": 2.7879447937,
        "min": 1.10131549835,
        "var": 10.9320335388
    },
    "dissonance": {
        "dmean": 0.0168617367744,
        "dmean2": 0.028237791732,
        "dvar": 0.000279679778032,
        "dvar2": 0.000528958800714,
        "max": 0.495618909597,
        "mean": 0.465330272913,
        "median": 0.468457132578,
        "min": 0.327425390482,
        "var": 0.000399206066504
    },
    "dynamic_complexity": 0.33762472868,
    "erbbands_crest": {
        "dmean": 3.07911753654,
        "dmean2": 5.37078428268,
        "dvar": 6.53908872604,
        "dvar2": 18.7668972015,
        "max": 20.1737976074,
        "mean": 9.97242927551,
        "median": 9.84951114655,
        "min": 3.83705925941,
        "var": 10.0026035309
    },
    "erbbands_flatness_db": {
        "dmean": 0.0126592870802,
        "dmean2": 0.0195512380451,
        "dvar": 0.000118680785818,
        "dvar2": 0.000276184204267,
        "max": 0.238461390138,
        "mean": 0.209099337459,
        "median": 0.210225537419,
        "min": 0.132097810507,
        "var": 0.000223189941607
    },
    "erbbands_kurtosis": {
        "dmean": 1.09594964981,
        "dmean2": 1.89777886868,
        "dvar": 1.10425400734,
        "dvar2": 3.02171087265,
        "max": 4.31431865692,
        "mean": -0.163652211428,
        "median": -0.53680062294,
        "min": -1.72624909878,
        "var": 1.71735322475
    },
    "erbbands_skewness": {
        "dmean": 0.544633746147,
        "dmean2": 0.903370916843,
        "dvar": 0.192345589399,
        "dvar2": 0.557392120361,
        "max": 2.22624897957,
        "mean": 0.816270828247,
        "median": 0.902113139629,
        "min": -1.17801046371,
        "var": 0.438480615616
    },
    "erbbands_spread": {
        "dmean": 10.1670780182,
        "dmean2": 16.7440414429,
        "dvar": 60.4773521423,
        "dvar2": 185.106307983,
        "max": 71.5696716309,
        "mean": 47.2431945801,
        "median": 46.7912940979,
        "min": 25.0735435486,
        "var": 99.3010101318
    },
    "hfc": {
        "dmean": 3.99713206291,
        "dmean2": 6.7292509079,
        "dvar": 22.3906726837,
        "dvar2": 49.7246780396,
        "max": 41.1455001831,
        "mean": 21.1660480499,
        "median": 20.9932479858,
        "min": 0.426259249449,
        "var": 27.2915878296
    },
    "melbands_crest": {
        "dmean": 3.43326830864,
        "dmean2": 5.85478067398,
        "dvar": 8.33587265015,
        "dvar2": 18.9775829315,
        "max": 29.2550296783,
        "mean": 22.5518684387,
        "median": 24.2445640564,
        "min": 9.95494556427,
        "var": 24.286403656
    },
    "melbands_flatness_db": {
        "dmean": 0.0368065647781,
        "dmean2": 0.0593212358654,
        "dvar": 0.000994135043584,
        "dvar2": 0.00252353376709,
        "max": 0.511977612972,
        "mean": 0.421477347612,
        "median": 0.43028023839,
        "min": 0.225705876946,
        "var": 0.00285456213169
    },
    "melbands_kurtosis": {
        "dmean": 29.614566803,
        "dmean2": 47.5823669434,
        "dvar": 548.704284668,
        "dvar2": 1581.02038574,
        "max": 169.297027588,
        "mean": 83.2227478027,
        "median": 82.2282867432,
        "min": 8.5807094574,
        "var": 1397.90808105
    },
    "melbands_skewness": {
        "dmean": 1.31027710438,
        "dmean2": 2.13657712936,
        "dvar": 0.871696472168,
        "dvar2": 2.4830198288,
        "max": 9.91832733154,
        "mean": 6.77439498901,
        "median": 6.67504501343,
        "min": 2.94204449654,
        "var": 2.12215733528
    },
    "melbands_spread": {
        "dmean": 1.40798091888,
        "dmean2": 2.30431485176,
        "dvar": 3.59275341034,
        "dvar2": 8.26215744019,
        "max": 18.1172351837,
        "mean": 2.75368309021,
        "median": 1.8755364418,
        "min": 0.765828311443,
        "var": 6.12219619751
    },
    "pitch_salience": {
        "dmean": 0.113555237651,
        "dmean2": 0.191514611244,
        "dvar": 0.0104452967644,
        "dvar2": 0.0294905919582,
        "max": 0.690792560577,
        "mean": 0.376507014036,
        "median": 0.359955191612,
        "min": 0.153321906924,
        "var": 0.0204635541886
    },
    "silence_rate_20dB": {
        "dmean": 0,
        "dmean2": 0,
        "dvar": 0,
        "dvar2": 0,
        "max": 1,
        "mean": 1,
        "median": 1,
        "min": 1,
        "var": 0
    },
    "silence_rate_30dB": {
        "dmean": 0.0933333337307,
        "dmean2": 0.181208059192,
        "dvar": 0.0846221670508,
        "dvar2": 0.175217464566,
        "max": 1,
        "mean": 0.112582780421,
        "median": 0,
        "min": 0,
        "var": 0.0999080613256
    },
    "silence_rate_60dB": {
        "dmean": 0,
        "dmean2": 0,
        "dvar": 0,
        "dvar2": 0,
        "max": 0,
        "mean": 0,
        "median": 0,
        "min": 0,
        "var": 0
    },
    "spectral_centroid": {
        "dmean": 143.052520752,
        "dmean2": 238.869857788,
        "dvar": 27406.2714844,
        "dvar2": 73054.8359375,
        "max": 1297.57019043,
        "mean": 413.618988037,
        "median": 331.007568359,
        "min": 192.077514648,
        "var": 44482.8476562
    },
    "spectral_complexity": {
        "dmean": 4.25333356857,
        "dmean2": 6.27516794205,
        "dvar": 14.9224939346,
        "dvar2": 32.3873596191,
        "max": 35,
        "mean": 16.7350997925,
        "median": 16,
        "min": 1,
        "var": 36.8569755554
    },
    "spectral_decrease": {
        "dmean": 9.49525702509e-09,
        "dmean2": 1.67703486653e-08,
        "dvar": 5.05130083329e-17,
        "dvar2": 1.22699181036e-16,
        "max": -2.11007364359e-10,
        "mean": -3.92099579472e-08,
        "median": -4.20074961482e-08,
        "min": -5.92811097988e-08,
        "var": 1.39495910555e-16
    },
    "spectral_energy": {
        "dmean": 0.0360716097057,
        "dmean2": 0.0636968836188,
        "dvar": 0.000731491076294,
        "dvar2": 0.00177477230318,
        "max": 0.225930899382,
        "mean": 0.149906948209,
        "median": 0.160645931959,
        "min": 0.000835054146592,
        "var": 0.00200889492407
    },
    "spectral_energyband_high": {
        "dmean": 5.11183716299e-05,
        "dmean2": 9.05076522031e-05,
        "dvar": 3.94574950491e-09,
        "dvar2": 1.11347864262e-08,
        "max": 0.000390355475247,
        "mean": 7.16358117643e-05,
        "median": 5.10023928655e-05,
        "min": 4.83848407384e-06,
        "var": 3.82060960646e-09
    },
    "spectral_energyband_low": {
        "dmean": 0.0393143929541,
        "dmean2": 0.0671822577715,
        "dvar": 0.00088316766778,
        "dvar2": 0.00242363638245,
        "max": 0.21074603498,
        "mean": 0.124347686768,
        "median": 0.128590375185,
        "min": 0.000156106267241,
        "var": 0.00269017275423
    },
    "spectral_energyband_middle_high": {
        "dmean": 0.0012962159235,
        "dmean2": 0.0020782800857,
        "dvar": 2.54061865235e-06,
        "dvar2": 6.31606144452e-06,
        "max": 0.0122324898839,
        "mean": 0.00242225499824,
        "median": 0.0017291684635,
        "min": 0.000120139171486,
        "var": 4.27330633102e-06
    },
    "spectral_energyband_middle_low": {
        "dmean": 0.0147404652089,
        "dmean2": 0.0241688359529,
        "dvar": 0.000243448099354,
        "dvar2": 0.000615651952103,
        "max": 0.114777445793,
        "mean": 0.0250165201724,
        "median": 0.0184648986906,
        "min": 0.000602082698606,
        "var": 0.000311598414555
    },
    "spectral_entropy": {
        "dmean": 0.229933857918,
        "dmean2": 0.37803670764,
        "dvar": 0.0351481437683,
        "dvar2": 0.0959079191089,
        "max": 7.51229286194,
        "mean": 6.8291053772,
        "median": 6.79697370529,
        "min": 6.24784469604,
        "var": 0.0791940167546
    },
    "spectral_flux": {
        "dmean": 0.0493333563209,
        "dmean2": 0.0834807381034,
        "dvar": 0.00158690987155,
        "dvar2": 0.0037445849739,
        "max": 0.319956451654,
        "mean": 0.148398548365,
        "median": 0.144797459245,
        "min": 0.058720190078,
        "var": 0.00292034260929
    },
    "spectral_kurtosis": {
        "dmean": 5.62340593338,
        "dmean2": 9.81561756134,
        "dvar": 20.7948493958,
        "dvar2": 57.6585388184,
        "max": 30.1911506653,
        "mean": 8.70191192627,
        "median": 7.51779174805,
        "min": 0.942230701447,
        "var": 28.0005493164
    },
    "spectral_rms": {
        "dmean": 0.00157811678946,
        "dmean2": 0.00276213278994,
        "dvar": 1.96950281861e-06,
        "dvar2": 4.08435516874e-06,
        "max": 0.0148465614766,
        "mean": 0.0119100166485,
        "median": 0.012519095093,
        "min": 0.000902600120753,
        "var": 4.40224766862e-06
    },
    "spectral_rolloff": {
        "dmean": 46.3681640625,
        "dmean2": 81.5082321167,
        "dvar": 11509.9580078,
        "dvar2": 29212.1582031,
        "max": 1033.59375,
        "mean": 162.425949097,
        "median": 150.732421875,
        "min": 107.666015625,
        "var": 9873.79882812
    },
    "spectral_skewness": {
        "dmean": 0.559257507324,
        "dmean2": 0.94886136055,
        "dvar": 0.19267603755,
        "dvar2": 0.490467518568,
        "max": 4.33301353455,
        "mean": 1.79258131981,
        "median": 1.73694241047,
        "min": 0.518844842911,
        "var": 0.323280990124
    },
    "spectral_spread": {
        "dmean": 255918.859375,
        "dmean2": 437121.53125,
        "dvar": 52566888448,
        "dvar2": 122126508032,
        "max": 4072713.25,
        "mean": 2508851.75,
        "median": 2497943,
        "min": 1980003.75,
        "var": 78879973376
    },
    "spectral_strongpeak": {
        "dmean": 0.365740060806,
        "dmean2": 0.593915224075,
        "dvar": 0.10456866771,
        "dvar2": 0.25563749671,
        "max": 2.46248054504,
        "mean": 1.2533864975,
        "median": 1.37112665176,
        "min": 0.0422319807112,
        "var": 0.240439832211
    },
    "zerocrossingrate": {
        "dmean": 0.00300781242549,
        "dmean2": 0.00392591254786,
        "dvar": 8.98704365682e-06,
        "dvar2": 1.26533950606e-05,
        "max": 0.041015625,
        "mean": 0.011275739409,
        "median": 0.009765625,
        "min": 0.00390625,
        "var": 3.36670782417e-05
    },
    "barkbands": {
        "dmean": [0.000204663534532, 0.0348846539855, 0.015732832253, 0.00827994011343, 0.00870082341135, 0.000724781071767, 0.000446155318059, 0.000130874745082, 0.000246922427323, 0.000226790114539, 0.000173403081135, 0.000149990592035, 2.64871923719e-05, 0.000242509515374, 0.000205099961022, 0.000385605613701, 0.000186559394933, 6.3926592702e-05, 0.000109682136099, 3.94518829125e-05, 2.99557923427e-05, 2.99491102851e-06, 2.73593542488e-07, 2.62432479303e-07, 8.04733701898e-08, 5.73056837538e-08, 4.33223341645e-08],
        "dmean2": [0.000320570601616, 0.0613432452083, 0.0266276523471, 0.0137044005096, 0.0148926377296, 0.00126384024043, 0.000788326375186, 0.000226204225328, 0.000423644320108, 0.000365828745998, 0.000290544063319, 0.000267872092081, 4.64039403596e-05, 0.000402106961701, 0.000311676762067, 0.000642301107291, 0.000312797521474, 0.000104044549516, 0.000190898383153, 6.85414488544e-05, 5.25035029568e-05, 5.12223095939e-06, 4.46482602001e-07, 4.25431153417e-07, 1.10701009248e-07, 7.56227080956e-08, 5.13717139938e-08],
        "dvar": [1.1382091003e-07, 0.000657795462757, 0.000172811327502, 7.9968071077e-05, 7.36321890145e-05, 4.30672798757e-07, 3.14193727036e-07, 1.30028743328e-08, 8.3279381613e-08, 6.7463581388e-08, 3.29603970783e-08, 3.16579296111e-08, 1.36107392024e-09, 1.48928776866e-07, 8.75057537542e-08, 4.09688510672e-07, 6.53810161566e-08, 5.07112396519e-09, 3.46218271829e-08, 2.58718402257e-09, 1.04746167295e-09, 3.21931821479e-11, 1.76847387645e-13, 3.57415594517e-13, 1.69964113313e-13, 1.46199865365e-13, 1.68496984486e-13],
        "dvar2": [2.06862921459e-07, 0.00211218930781, 0.000472427869681, 0.000192241699551, 0.000186693680007, 1.16242131298e-06, 7.98798737378e-07, 3.7060633673e-08, 2.16285584997e-07, 1.76864489276e-07, 8.88399966925e-08, 8.78610890709e-08, 3.70094976887e-09, 3.00436880707e-07, 1.94108736196e-07, 1.12498514682e-06, 1.71607055677e-07, 1.37031204162e-08, 9.73420597461e-08, 7.05939484646e-09, 2.97262059412e-09, 9.26879545338e-11, 2.27434011294e-13, 6.70612491319e-13, 1.79434158504e-13, 1.45835166859e-13, 1.7098301941e-13],
        "max": [0.00260440260172, 0.156495943666, 0.0875913947821, 0.066414989531, 0.0537948682904, 0.0040206448175, 0.00466171093285, 0.000733470544219, 0.00196279305965, 0.00269933603704, 0.00121083960403, 0.00142148579471, 0.00032625120366, 0.00282496958971, 0.00250330101699, 0.00452683540061, 0.00214008777402, 0.000496720895171, 0.00150673033204, 0.000366567430319, 0.000176426532562, 3.45695261785e-05, 5.97051985096e-06, 6.22333573119e-06, 5.24451070305e-06, 4.88524483444e-06, 5.0512821872e-06],
        "mean": [0.00030665405211, 0.0823001116514, 0.0398408919573, 0.00874272268265, 0.0137852374464, 0.00114807393402, 0.000673151283991, 0.000199345202418, 0.00037638071808, 0.000411540357163, 0.000267632101895, 0.000185744604096, 3.54536095983e-05, 0.000300698360661, 0.000276758713881, 0.000463356002001, 0.000260494358372, 9.57404845394e-05, 0.000135451453389, 5.61036358704e-05, 4.03841877414e-05, 3.93797472498e-06, 6.39238294298e-07, 4.7827279559e-07, 1.81735245519e-07, 1.36542141149e-07, 6.22302280817e-08],
        "median": [0.000114670394396, 0.0851586014032, 0.0411206521094, 0.00532863335684, 0.0106997862458, 0.00096319563454, 0.000505564210471, 0.000179167080205, 0.000297405262245, 0.000266742310487, 0.000201060509426, 0.00011768926197, 2.54326041613e-05, 0.000154886074597, 0.000150467443746, 0.000296017999062, 0.000176149289473, 7.34284767532e-05, 8.72581513249e-05, 3.74090923287e-05, 3.11274779961e-05, 2.72890110864e-06, 5.37161668035e-07, 3.63214581967e-07, 1.25297276554e-07, 9.17040168247e-08, 2.10493080743e-08],
        "min": [7.88089153048e-07, 8.07114629424e-05, 1.89110669453e-05, 0.000114586233394, 0.000367452361388, 1.64462617249e-05, 4.50743245892e-05, 1.98404413823e-05, 3.38514746545e-06, 5.34340870217e-06, 7.12769133315e-06, 1.94869448933e-06, 4.88367504659e-07, 1.94073581952e-05, 2.41420948441e-05, 2.06830245588e-05, 1.71707906702e-05, 2.54090355156e-06, 2.69660336016e-06, 1.48078265738e-06, 7.31927173092e-07, 6.65449249482e-07, 2.50916286859e-07, 1.44314952877e-07, 6.325372226e-08, 4.58429738615e-08, 1.08029043489e-08],
        "var": [2.45191472459e-07, 0.00134307565168, 0.000489429221489, 9.33678529691e-05, 9.87003732007e-05, 5.23482071912e-07, 3.33753831683e-07, 1.5070245496e-08, 8.70529817121e-08, 1.59597362881e-07, 5.7447135049e-08, 3.41721069219e-08, 1.2650346326e-09, 2.08982370964e-07, 1.45420017361e-07, 3.63871123454e-07, 7.78730750994e-08, 6.95064317213e-09, 3.0453584543e-08, 2.68883804111e-09, 1.16092369051e-09, 2.2361553581e-11, 2.52843102358e-13, 3.49021159196e-13, 1.78397878067e-13, 1.54506792018e-13, 1.69706723717e-13]
    },
    "erbbands": {
        "dmean": [0.438464820385, 9.42970180511, 20.2718315125, 11.5565099716, 46.2908782959, 19.6654720306, 8.63861656189, 6.96518945694, 3.08996915817, 8.19771766663, 3.88422608376, 5.3054766655, 5.81310892105, 7.03634786606, 8.53691196442, 4.2628993988, 1.17283582687, 6.26468658447, 12.6542491913, 16.268404007, 19.552236557, 10.9042110443, 3.75539922714, 5.98040390015, 3.57990431786, 1.95176005363, 1.32884430885, 0.94440060854, 0.15169095993, 0.020941965282, 0.00924058910459, 0.00656489189714, 0.00334539380856, 0.00121692020912, 0.000482137111248, 0.00029347682721, 0.000104267797724, 2.80992499029e-05, 2.04437674256e-05, 3.83857804991e-05],
        "dmean2": [0.801436543465, 16.4461612701, 33.8589515686, 19.3832912445, 76.4840316772, 34.2631721497, 13.9457759857, 11.9066305161, 5.30887699127, 14.4105892181, 7.0594162941, 9.11444091797, 9.77428531647, 11.1691055298, 14.8227109909, 7.45143795013, 1.97144806385, 9.84271812439, 21.360370636, 25.9022731781, 32.9291954041, 18.20262146, 6.19913196564, 10.3534975052, 6.17382764816, 3.41816997528, 2.32165312767, 1.64427947998, 0.269836246967, 0.0350044965744, 0.0154967466369, 0.010771968402, 0.00536250835285, 0.0017521167174, 0.000665489817038, 0.000403780577471, 0.000138173767482, 3.37723395205e-05, 3.25892287947e-05, 6.82923418935e-05],
        "dvar": [0.182083785534, 46.9825820923, 297.419189453, 141.404067993, 2421.3371582, 335.548736572, 48.3463363647, 36.7788085938, 13.0510063171, 92.8303146362, 15.6376819611, 44.610294342, 41.0369606018, 82.5615463257, 78.3924636841, 24.4048614502, 2.26674818993, 87.7629776001, 431.409088135, 654.440490723, 851.751220703, 192.335281372, 17.2516365051, 86.8614959717, 40.2059860229, 6.73158168793, 2.05839252472, 1.30897903442, 0.0917911827564, 0.00140413816553, 0.000131435357616, 0.000188151054317, 7.34606655897e-05, 2.22090839088e-05, 8.49195293995e-06, 2.50381276601e-06, 4.77250296171e-07, 6.41533688395e-08, 2.99855695829e-09, 8.32089896985e-10],
        "dvar2": [0.569481670856, 148.140731812, 718.739990234, 351.639648438, 6154.17089844, 947.614624023, 131.447967529, 101.722099304, 33.4094161987, 237.645812988, 40.6054344177, 117.900131226, 119.74016571, 185.97744751, 219.862319946, 64.3278427124, 5.91676998138, 190.327896118, 874.236022949, 1644.08093262, 2207.20922852, 503.517242432, 43.9906654358, 240.553329468, 113.328147888, 18.0273723602, 5.9496922493, 3.75407981873, 0.262261241674, 0.00355806201696, 0.000224023664487, 0.000367940752767, 0.000118170974019, 2.4931065127e-05, 8.63637069415e-06, 2.43734939431e-06, 4.79534605802e-07, 6.53874110412e-08, 2.9888354014e-09, 2.02290362239e-09],
        "max": [3.5363266468, 43.7170448303, 128.085250854, 83.037147522, 330.367919922, 126.913658142, 47.5020027161, 36.6714401245, 31.9988861084, 72.3954772949, 23.1237716675, 50.3547439575, 46.941444397, 98.4148330688, 55.3764457703, 43.6725921631, 12.1622848511, 92.4522476196, 180.229934692, 191.169647217, 198.434204102, 113.549552917, 29.5585708618, 63.3181648254, 55.1665687561, 19.9503440857, 7.8654499054, 6.64383077621, 1.9456410408, 0.257823169231, 0.143497541547, 0.139551669359, 0.0979177430272, 0.0596606172621, 0.0372716709971, 0.0207909438759, 0.00875811465085, 0.00312125380151, 0.000736523186788, 0.000244939757977],
        "mean": [0.729248642921, 23.2174053192, 64.0014648438, 21.0919475555, 60.147151947, 30.3154067993, 16.5485668182, 9.5621919632, 6.32401275635, 11.4291324615, 5.90287017822, 8.06697273254, 9.40552139282, 12.2454538345, 13.6102075577, 5.77179431915, 1.85009527206, 8.27851676941, 17.4638671875, 20.2548103333, 23.5932998657, 15.3080329895, 6.29276800156, 7.98997306824, 4.59648704529, 2.74601459503, 1.78544914722, 1.20174193382, 0.201826885343, 0.0357871167362, 0.0194943826646, 0.0124897845089, 0.00617550127208, 0.00243802764453, 0.00125277251936, 0.000797182205133, 0.000265730719548, 4.35527035734e-05, 7.5227326306e-05, 0.000163970995345],
        "median": [0.631694734097, 24.5460739136, 67.5599594116, 17.0688343048, 38.2418861389, 25.5173416138, 14.3288154602, 7.51807260513, 5.53304672241, 8.3126335144, 4.9117975235, 6.39898633957, 6.82981777191, 7.87724161148, 10.1110277176, 3.8834233284, 1.33203268051, 5.02850532532, 9.59963798523, 11.2922563553, 14.0803689957, 10.4325017929, 4.31139278412, 5.19824266434, 3.07055187225, 1.76225578785, 1.34393489361, 0.82964527607, 0.135557591915, 0.0266250055283, 0.0169424023479, 0.00929510500282, 0.00434564054012, 0.00166366237681, 0.000898205849808, 0.000603458145633, 0.000186440476682, 1.8006645405e-05, 7.53573258407e-05, 0.000175576875336],
        "min": [0.00266697304323, 0.0164115577936, 0.0269133672118, 0.25473806262, 1.13396346569, 1.17356812954, 0.381277263165, 0.108172573149, 0.419506460428, 0.804388046265, 0.295581936836, 0.0824930742383, 0.0927355587482, 0.331835031509, 0.191501945257, 0.0634962618351, 0.0385504923761, 0.66142898798, 1.76247859001, 1.82960140705, 1.12226986885, 0.840465545654, 0.191392675042, 0.0935255587101, 0.15212212503, 0.0789934545755, 0.0323802866042, 0.0256576519459, 0.0303525775671, 0.00965332891792, 0.00583802210167, 0.00407291995361, 0.00182754662819, 0.00081101176329, 0.000459570641397, 0.000298548839055, 9.03664331418e-05, 8.09525226941e-06, 1.63286767929e-05, 8.60061390995e-06],
        "var": [0.192306369543, 113.293510437, 1095.0916748, 147.072677612, 3279.90795898, 400.327636719, 116.839584351, 44.0177536011, 15.3119726181, 98.699432373, 16.3911209106, 43.3948516846, 62.6669616699, 176.554779053, 135.934661865, 28.93334198, 2.67249321938, 125.241149902, 661.565612793, 728.568481445, 849.284790039, 240.436538696, 31.4231967926, 85.8418655396, 33.5520973206, 6.94328737259, 2.17287635803, 1.37394952774, 0.0618265345693, 0.00120668578893, 0.000174362226971, 0.000183345851838, 7.53713102313e-05, 2.3657867132e-05, 8.90464434633e-06, 2.75289971796e-06, 4.94378866733e-07, 6.46368008006e-08, 3.28513993786e-09, 2.23676299704e-09]
    },
    "gfcc": {
        "mean": [-34.8136520386, 189.072906494, -109.075302124, 55.1131591797, -3.68865847588, -12.4403343201, -8.51583766937, -1.94223773479, -10.9193439484, -11.7899093628, -15.4403858185, -12.6735363007, 7.72518014908],
        "cov": [[491.902252197, -6.45728492737, -279.432128906, 50.1494979858, 2.38401532173, 21.8074455261, 30.615644455, 11.8570642471, -32.9852256775, -11.3816165924, -37.9556312561, -31.761920929, 6.74434280396], [-6.45728492737, 158.110733032, 55.0731582642, -9.38184547424, 14.6161413193, -18.5233612061, 37.1083869934, -13.5427446365, 11.9543876648, -17.1206378937, 24.7163028717, -0.732788264751, 8.46563625336], [-279.432128906, 55.0731582642, 292.54397583, -33.7342987061, -1.65629804134, -30.6981773376, 0.172389730811, -2.21730327606, 27.6834316254, 4.72009754181, 43.4945602417, 32.3653793335, -1.59003210068], [50.1494979858, -9.38184547424, -33.7342987061, 65.6543121338, 18.9805927277, -14.763669014, 4.46605730057, -10.8772239685, -6.72622013092, 3.57551836967, 2.85843539238, -9.32878017426, 8.7059841156], [2.38401532173, 14.6161413193, -1.65629804134, 18.9805927277, 54.2188949585, 2.38626432419, -6.19964170456, -10.6595611572, 6.53831768036, -3.78376293182, 2.58024096489, -7.53876161575, -2.06942129135], [21.8074455261, -18.5233612061, -30.6981773376, -14.763669014, 2.38626432419, 35.6341323853, 11.3594369888, 0.158212825656, -1.21054852009, -2.22950172424, -5.35771465302, 1.08897101879, 1.63839423656], [30.615644455, 37.1083869934, 0.172389730811, 4.46605730057, -6.19964170456, 11.3594369888, 58.2671356201, 10.0759000778, 0.0328721366823, -3.79461884499, 8.438621521, 5.53525161743, 12.516705513], [11.8570642471, -13.5427446365, -2.21730327606, -10.8772239685, -10.6595611572, 0.158212825656, 10.0759000778, 36.6114997864, 10.8019161224, -3.45409107208, -0.81938803196, 9.22922611237, 0.898815393448], [-32.9852256775, 11.9543876648, 27.6834316254, -6.72622013092, 6.53831768036, -1.21054852009, 0.0328721366823, 10.8019161224, 45.2028465271, 16.0551700592, 9.75814151764, -1.94376754761, -5.09096860886], [-11.3816165924, -17.1206378937, 4.72009754181, 3.57551836967, -3.78376293182, -2.22950172424, -3.79461884499, -3.45409107208, 16.0551700592, 35.3015708923, 11.5468997955, -5.57294034958, 0.0309836827219], [-37.9556312561, 24.7163028717, 43.4945602417, 2.85843539238, 2.58024096489, -5.35771465302, 8.438621521, -0.81938803196, 9.75814151764, 11.5468997955, 36.6618423462, 14.8887710571, 4.95776700974], [-31.761920929, -0.732788264751, 32.3653793335, -9.32878017426, -7.53876161575, 1.08897101879, 5.53525161743, 9.22922611237, -1.94376754761, -5.57294034958, 14.8887710571, 33.5100288391, 10.0543241501], [6.74434280396, 8.46563625336, -1.59003210068, 8.7059841156, -2.06942129135, 1.63839423656, 12.516705513, 0.898815393448, -5.09096860886, 0.0309836827219, 4.95776700974, 10.0543241501, 27.6445045471]],
        "icov": [[0.0054960148409, -0.00362730608322, 0.00461335992441, -0.00400273315609, 0.000624035892542, -0.00278108776547, 0.000221152324229, -0.00492938188836, 0.00336208334193, -0.00333690154366, 0.00266677932814, -0.0010627215961, 0.00209869234823], [-0.00362730608322, 0.0298607330769, 0.000757278583478, 0.0257142744958, -0.00856431480497, 0.0352496951818, -0.0248548481613, 0.0282346084714, -0.0182806346565, 0.0306541100144, -0.0240037608892, 0.0156513955444, -0.0134970163926], [0.00461335992441, 0.000757278583478, 0.0105785923079, 0.0049245338887, -0.00181682885159, 0.00984476041049, -0.00500488188118, 0.00342633388937, -0.00279975985177, 0.00248735398054, -0.00471981102601, -0.00313553330489, 0.000603841734119], [-0.00400273315609, 0.0257142744958, 0.0049245338887, 0.0508335344493, -0.0179882813245, 0.0487190522254, -0.0272388383746, 0.0301050469279, -0.0129188634455, 0.0226765777916, -0.0235531274229, 0.0160895865411, -0.0195356551558], [0.000624035892542, -0.00856431480497, -0.00181682885159, -0.0179882813245, 0.0298343934119, -0.0201414544135, 0.0131627479568, -0.00290738698095, -0.00362732843496, 0.00295217521489, 0.000524304865394, 0.00195686984807, 0.00411570444703], [-0.00278108776547, 0.0352496951818, 0.00984476041049, 0.0487190522254, -0.0201414544135, 0.0903065055609, -0.0437644943595, 0.0422504916787, -0.0230351798236, 0.0319896303117, -0.0218299403787, 0.0090940752998, -0.0169814862311], [0.000221152324229, -0.0248548481613, -0.00500488188118, -0.0272388383746, 0.0131627479568, -0.0437644943595, 0.0478647239506, -0.0314077138901, 0.0145390341058, -0.0184222012758, 0.00974772218615, -0.00496689463034, 0.00153259269428], [-0.00492938188836, 0.0282346084714, 0.00342633388937, 0.0301050469279, -0.00290738698095, 0.0422504916787, -0.0314077138901, 0.0696520879865, -0.034011438489, 0.0346934944391, -0.0153322452679, -0.0012148929527, -0.01060409192], [0.00336208334193, -0.0182806346565, -0.00279975985177, -0.0129188634455, -0.00362732843496, -0.0230351798236, 0.0145390341058, -0.034011438489, 0.0489694215357, -0.0359182171524, 0.0106511767954, -0.00281516509131, 0.0124740349129], [-0.00333690154366, 0.0306541100144, 0.00248735398054, 0.0226765777916, 0.00295217521489, 0.0319896303117, -0.0184222012758, 0.0346934944391, -0.0359182171524, 0.0792639032006, -0.0448742210865, 0.0316252298653, -0.0201912540942], [0.00266677932814, -0.0240037608892, -0.00471981102601, -0.0235531274229, 0.000524304865394, -0.0218299403787, 0.00974772218615, -0.0153322452679, 0.0106511767954, -0.0448742210865, 0.0736043825746, -0.0405515469611, 0.0148243820295], [-0.0010627215961, 0.0156513955444, -0.00313553330489, 0.0160895865411, 0.00195686984807, 0.0090940752998, -0.00496689463034, -0.0012148929527, -0.00281516509131, 0.0316252298653, -0.0405515469611, 0.0689744949341, -0.0262526124716], [0.00209869234823, -0.0134970163926, 0.000603841734119, -0.0195356551558, 0.00411570444703, -0.0169814862311, 0.00153259269428, -0.01060409192, 0.0124740349129, -0.0201912540942, 0.0148243820295, -0.0262526124716, 0.0561564899981]]
    },
    "melbands": {
        "dmean": [0.00689636729658, 0.0103255193681, 0.00339735113084, 0.00229296018369, 0.000374412484234, 0.000143662589835, 6.14124292042e-05, 7.51889529056e-05, 3.97712319682e-05, 3.17458434438e-05, 3.00146602967e-05, 3.04330642393e-05, 2.88343744614e-05, 2.10821963265e-05, 3.88190210288e-06, 3.89841170545e-06, 1.32924988065e-05, 2.4217815735e-05, 1.78655845957e-05, 2.53469406744e-05, 2.20048459596e-05, 1.14960694191e-05, 5.86112128076e-06, 2.93832204079e-06, 5.46378578292e-06, 3.35351182912e-06, 1.68919405041e-06, 1.31256524583e-06, 7.95339246906e-07, 1.06746199435e-06, 3.20321419167e-07, 8.38426572614e-08, 3.7271746578e-08, 4.80463890895e-09, 5.54400214625e-09, 4.77762851503e-09, 4.15399670217e-09, 2.71790945305e-09, 1.66369318322e-09, 8.40204350538e-10],
        "dmean2": [0.012423383072, 0.0175462961197, 0.00560244126245, 0.00390151352622, 0.000623555155471, 0.000244464637944, 0.000105252314825, 0.000131364708068, 7.26411744836e-05, 5.39936700079e-05, 5.08309967699e-05, 4.86746575916e-05, 4.94250780321e-05, 3.73978255084e-05, 6.64609615342e-06, 6.52348353469e-06, 2.15662475966e-05, 4.14532296418e-05, 2.73462192126e-05, 4.24539357482e-05, 3.70133311662e-05, 1.94868771359e-05, 9.51282345341e-06, 5.03739966007e-06, 9.46080399444e-06, 5.79589323024e-06, 2.87762509288e-06, 2.29912166105e-06, 1.37159918268e-06, 1.87626005754e-06, 5.59865497962e-07, 1.46002108181e-07, 6.63068036033e-08, 7.60943486e-09, 9.31455357289e-09, 8.05769673207e-09, 6.61494503618e-09, 4.42627845487e-09, 2.50996889939e-09, 1.18486986889e-09],
        "dvar": [3.03774831991e-05, 7.27586666471e-05, 1.25373526316e-05, 5.22456457475e-06, 7.836331406e-08, 1.46739891349e-08, 5.85216941573e-09, 7.53445839052e-09, 1.74763192806e-09, 1.59015556278e-09, 1.04192787731e-09, 1.4934021797e-09, 8.54397608219e-10, 5.7000043574e-10, 1.55516675926e-11, 3.54081243492e-11, 4.05088934619e-10, 1.64412505832e-09, 6.67712052316e-10, 1.90734117389e-09, 9.37550481694e-10, 2.65819505296e-10, 3.92585408626e-11, 1.2595121994e-11, 7.15206296964e-11, 3.71776463781e-11, 6.55088353355e-12, 2.97823159363e-12, 8.89971690093e-13, 1.37730126783e-12, 1.86372063073e-13, 2.57333183354e-14, 7.4356846567e-15, 8.7089790202e-17, 3.91528042764e-17, 6.9401194547e-17, 6.56794178036e-17, 3.8010282562e-17, 2.52549738823e-17, 1.38452705108e-17],
        "dvar2": [9.65381186688e-05, 0.000170605417225, 3.1471845432e-05, 1.31789865918e-05, 2.18313687128e-07, 4.14134788684e-08, 1.53505972378e-08, 1.93649665192e-08, 4.48904469152e-09, 4.31531654854e-09, 2.99011038152e-09, 3.33316307888e-09, 2.30224439512e-09, 1.5868786285e-09, 3.91101005748e-11, 9.79150163727e-11, 8.1562867571e-10, 3.38907435449e-09, 1.45414302821e-09, 5.13823383841e-09, 2.36538522103e-09, 7.07566005786e-10, 9.16079503921e-11, 3.37531391725e-11, 1.98327326784e-10, 1.06984962556e-10, 1.74089336696e-11, 8.2484349212e-12, 2.6337814308e-12, 3.95391835592e-12, 5.29022301226e-13, 7.38865687925e-14, 2.11539532907e-14, 9.2723790146e-17, 7.55901069506e-17, 1.28940583013e-16, 1.30034340775e-16, 6.55082642087e-17, 3.44619159621e-17, 1.47482812516e-17],
        "max": [0.0382929332554, 0.0623472891748, 0.0269487220794, 0.0135543616489, 0.00191723520402, 0.000722292577848, 0.000679969263729, 0.000649602385238, 0.000261967303231, 0.000295355188427, 0.000231992686167, 0.000421512202593, 0.000182226896868, 0.000193178289919, 3.17808844557e-05, 4.86733733851e-05, 0.000189653685084, 0.000339728867402, 0.000207785138628, 0.000339861231623, 0.000193975909497, 0.000139728508657, 6.31205475656e-05, 2.37334534177e-05, 5.65761656617e-05, 5.02927614434e-05, 2.14591018448e-05, 1.3469912119e-05, 5.57521525479e-06, 6.90752949595e-06, 2.82359474113e-06, 9.96220592242e-07, 6.28582199624e-07, 1.38427964202e-07, 7.41356913636e-08, 8.83382824668e-08, 8.3663884709e-08, 6.87250505393e-08, 5.96552425236e-08, 4.73549093272e-08],
        "mean": [0.0143535295501, 0.0346612371504, 0.00563083635643, 0.00339623051696, 0.000685402366798, 0.000201205490157, 0.00011490448378, 0.000106213919935, 5.4926807934e-05, 4.78386573377e-05, 4.72602187074e-05, 5.03907394886e-05, 4.4752665417e-05, 2.65167309408e-05, 5.15639248988e-06, 5.09200299348e-06, 1.71598858287e-05, 3.09882161673e-05, 2.3685330234e-05, 2.93901812256e-05, 2.6430525395e-05, 1.5761499526e-05, 9.27860128286e-06, 4.22118318966e-06, 6.98030726198e-06, 3.92244965042e-06, 2.40183589995e-06, 1.67102723481e-06, 9.48287436131e-07, 1.36377241233e-06, 4.16137083903e-07, 1.09733342413e-07, 4.18732355456e-08, 1.13338378682e-08, 1.14128955175e-08, 8.38398417358e-09, 7.4004318229e-09, 4.74142725082e-09, 2.77666312165e-09, 1.62809565829e-09],
        "median": [0.0141355898231, 0.037219285965, 0.00470282509923, 0.00253503816202, 0.000630155787803, 0.000160970856086, 9.27006040001e-05, 8.18262851681e-05, 4.51618725492e-05, 3.83146616514e-05, 3.44504660461e-05, 2.93803859677e-05, 3.23224703607e-05, 1.71457504621e-05, 3.6017866023e-06, 3.30765783474e-06, 9.52901791607e-06, 1.58906823344e-05, 1.25937194753e-05, 1.66483951034e-05, 1.56131081894e-05, 1.07630658022e-05, 6.06046887697e-06, 3.2966352137e-06, 4.40449048256e-06, 2.41209704654e-06, 1.77420827185e-06, 1.06554637114e-06, 6.38969424926e-07, 9.69492816694e-07, 3.04675438656e-07, 7.27394535716e-08, 2.46158933237e-08, 9.28991550353e-09, 9.62780521974e-09, 6.51157572307e-09, 5.56519053063e-09, 3.31275429311e-09, 1.82888892919e-09, 1.08704878432e-09],
        "min": [2.36184314417e-05, 1.61076841323e-05, 6.99472584529e-05, 9.33126575546e-05, 1.92161296582e-05, 2.52690665548e-06, 7.34997865948e-06, 8.11180052551e-06, 1.86030354143e-06, 4.47212215704e-07, 4.43096297431e-07, 1.31346814669e-06, 8.40023687942e-07, 2.83024604641e-07, 3.82767737506e-08, 9.72880940253e-08, 1.19950004773e-06, 2.72632041742e-06, 2.24367272494e-06, 1.89392505945e-06, 1.38733298627e-06, 1.08824428935e-06, 2.40038076527e-07, 1.0620266977e-07, 6.64822223939e-08, 1.08918868591e-07, 8.51896118093e-08, 4.4820176015e-08, 1.6091254551e-08, 2.14547508648e-08, 1.21169598799e-08, 1.46361696096e-08, 5.34190292001e-09, 3.26873994538e-09, 3.05370195797e-09, 2.39924635714e-09, 2.07921657669e-09, 1.36091171665e-09, 6.79712341967e-10, 4.42098829767e-10],
        "var": [4.06721010222e-05, 0.000273809186183, 1.45812691699e-05, 7.31584623281e-06, 1.81476366379e-07, 1.83919564023e-08, 6.43483843987e-09, 7.94796939374e-09, 1.73584691066e-09, 1.56049184685e-09, 1.65092284288e-09, 3.24538951268e-09, 1.52233692319e-09, 6.71481092951e-10, 2.08553209424e-11, 3.39847490427e-11, 5.83507742125e-10, 2.30610841534e-09, 1.06450182003e-09, 1.71025227313e-09, 9.96561833055e-10, 2.8347649228e-10, 8.7791947323e-11, 1.45162423748e-11, 7.06097680325e-11, 2.88007239585e-11, 6.29971552354e-12, 2.8853688102e-12, 8.61449637752e-13, 1.54495047398e-12, 1.77334858495e-13, 1.77305290269e-14, 4.71513383825e-15, 1.28224138723e-16, 5.3159152495e-17, 7.01791810742e-17, 6.75098427677e-17, 3.93873364498e-17, 2.5920394363e-17, 1.47221059483e-17]
    },
    "mfcc": {
        "mean": [-682.391235352, 212.824447632, -22.9614448547, 76.4316864014, 20.5629882812, 15.412478447, 10.9002552032, 8.63887405396, 18.2536621094, 5.08637523651, -10.9151010513, 0.00396882602945, -4.73410511017],
        "cov": [[736.491271973, -106.772041321, -307.077850342, 5.67236661911, -53.8690643311, 13.4113330841, 46.2043418884, -12.6971693039, 48.7989616394, -7.92975997925, -10.0913896561, -17.2236804962, -57.5037841797], [-106.772041321, 174.063262939, 78.9344177246, 7.0629119873, -3.25630569458, 3.26389312744, 4.0860581398, 24.0565567017, -11.6316766739, -2.50283050537, 8.45074176788, 15.3600959778, 15.6590995789], [-307.077850342, 78.9344177246, 207.623275757, 6.83084821701, -0.566614985466, -16.0483379364, -13.4508085251, 14.1283149719, -25.1059856415, 0.830179691315, 5.07296419144, 21.1753520966, 34.4558639526], [5.67236661911, 7.0629119873, 6.83084821701, 79.8643264771, 12.7560739517, 1.02389156818, 11.133430481, -11.0418519974, -4.13663339615, -3.5163526535, -5.08852386475, 11.5412778854, 3.2373290062], [-53.8690643311, -3.25630569458, -0.566614985466, 12.7560739517, 63.5525665283, 6.61427354813, -21.1062736511, -6.71130371094, -12.6906709671, 6.40526866913, 5.49246120453, -10.2373409271, 4.94361686707], [13.4113330841, 3.26389312744, -16.0483379364, 1.02389156818, 6.61427354813, 42.7923965454, 10.1107597351, -9.85877990723, -2.65061450005, 4.9261097908, -1.00116765499, -1.93921875954, -2.07804250717], [46.2043418884, 4.0860581398, -13.4508085251, 11.133430481, -21.1062736511, 10.1107597351, 42.1907920837, 9.33765125275, 0.201206460595, -7.50006198883, -11.0248413086, -0.74521446228, -7.43547534943], [-12.6971693039, 24.0565567017, 14.1283149719, -11.0418519974, -6.71130371094, -9.85877990723, 9.33765125275, 52.4244842529, 8.3484916687, -12.2035961151, -1.27758133411, 2.19934129715, 6.43829202652], [48.7989616394, -11.6316766739, -25.1059856415, -4.13663339615, -12.6906709671, -2.65061450005, 0.201206460595, 8.3484916687, 36.16796875, 7.34101629257, -4.73406124115, 2.76555275917, -4.64093637466], [-7.92975997925, -2.50283050537, 0.830179691315, -3.5163526535, 6.40526866913, 4.9261097908, -7.50006198883, -12.2035961151, 7.34101629257, 40.7577781677, 7.75102806091, -1.91881549358, 3.85952019691], [-10.0913896561, 8.45074176788, 5.07296419144, -5.08852386475, 5.49246120453, -1.00116765499, -11.0248413086, -1.27758133411, -4.73406124115, 7.75102806091, 38.4390296936, 6.23003768921, 1.94524002075], [-17.2236804962, 15.3600959778, 21.1753520966, 11.5412778854, -10.2373409271, -1.93921875954, -0.74521446228, 2.19934129715, 2.76555275917, -1.91881549358, 6.23003768921, 32.755153656, 15.2420835495], [-57.5037841797, 15.6590995789, 34.4558639526, 3.2373290062, 4.94361686707, -2.07804250717, -7.43547534943, 6.43829202652, -4.64093637466, 3.85952019691, 1.94524002075, 15.2420835495, 42.8579711914]],
