{
"lowlevel": {
    "average_loudness": 0.985065817833,
    "barkbands_crest": {
        "dmean": 3.54678630829,
        "dmean2": 6.25645065308,
        "dvar": 7.33446741104,
        "dvar2": 22.0851840973,
        "max": 22.741437912,
        "mean": 12.1564922333,
        "median": 11.8873901367,
        "min": 5.38435411453,
        "var": 12.4626245499
    },
    "barkbands_flatness_db": {
        "dmean": 0.032498318702,
        "dmean2": 0.0544686578214,
        "dvar": 0.000538995955139,
        "dvar2": 0.00178739102557,
        "max": 0.358309090137,
        "mean": 0.261917114258,
        "median": 0.260576725006,
        "min": 0.141657575965,
        "var": 0.00117611465976
    },
    "barkbands_kurtosis": {
        "dmean": 6.6448431015,
        "dmean2": 11.5620136261,
        "dvar": 49.8737487793,
        "dvar2": 145.187042236,
        "max": 47.8469276428,
        "mean": 8.72076702118,
        "median": 6.48886585236,
        "min": -1.34540510178,
        "var": 70.4108276367
    },
    "barkbands_skewness": {
        "dmean": 0.95019620657,
        "dmean2": 1.64549779892,
        "dvar": 0.626447558403,
        "dvar2": 1.86192166805,
        "max": 6.58441162109,
        "mean": 2.64229536057,
        "median": 2.4577934742,
        "min": 0.546922445297,
        "var": 1.1915345192
    },
    "barkbands_spread": {
        "dmean": 4.36211156845,
        "dmean2": 7.37697315216,
        "dvar": 13.3177843094,
        "dvar2": 38.5611038208,
        "max": 31.3575363159,
        "mean": 10.5012388229,
        "median": 9.52944946289,
        "min": 2.28103804588,
        "var": 26.0800819397
    },
    "dissonance": {
        "dmean": 0.0224843416363,
        "dmean2": 0.0372046194971,
        "dvar": 0.000377676216885,
        "dvar2": 0.000979538774118,
        "max": 0.49655610323,
        "mean": 0.459382027388,
        "median": 0.462912350893,
        "min": 0.323067486286,
        "var": 0.000591145362705
    },
    "dynamic_complexity": 0.809370517731,
    "erbbands_crest": {
        "dmean": 2.25453209877,
        "dmean2": 3.64759588242,
        "dvar": 3.41790103912,
        "dvar2": 7.7845697403,
        "max": 21.5979061127,
        "mean": 8.86285686493,
        "median": 8.29174041748,
        "min": 3.39599180222,
        "var": 8.82041740417
    },
    "erbbands_flatness_db": {
        "dmean": 0.0129783451557,
        "dmean2": 0.020760577172,
        "dvar": 0.00011220597662,
        "dvar2": 0.00022180491942,
        "max": 0.280559659004,
        "mean": 0.241560250521,
        "median": 0.242496430874,
        "min": 0.0864938795567,
        "var": 0.000341859442415
    },
    "erbbands_kurtosis": {
        "dmean": 0.610909640789,
        "dmean2": 1.05209767818,
        "dvar": 0.314496099949,
        "dvar2": 0.845122098923,
        "max": 2.73845815659,
        "mean": -0.725276648998,
        "median": -0.885070800781,
        "min": -1.77999413013,
        "var": 0.532621383667
    },
    "erbbands_skewness": {
        "dmean": 0.339548140764,
        "dmean2": 0.561989605427,
        "dvar": 0.0837304145098,
        "dvar2": 0.224293678999,
        "max": 0.803567647934,
        "mean": -0.228127300739,
        "median": -0.17793135345,
        "min": -1.65464830399,
        "var": 0.217573791742
    },
    "erbbands_spread": {
        "dmean": 9.63104724884,
        "dmean2": 16.7152004242,
        "dvar": 46.8877296448,
        "dvar2": 139.386657715,
        "max": 65.4736404419,
        "mean": 39.3809814453,
        "median": 39.7320480347,
        "min": 16.6381416321,
        "var": 97.5716934204
    },
    "hfc": {
        "dmean": 5.15335273743,
        "dmean2": 8.17514801025,
        "dvar": 16.0319824219,
        "dvar2": 37.1360588074,
        "max": 56.6867485046,
        "mean": 20.0254535675,
        "median": 18.1525192261,
        "min": 0.330262988806,
        "var": 55.3752670288
    },
    "melbands_crest": {
        "dmean": 4.55573129654,
        "dmean2": 7.9607424736,
        "dvar": 11.2313117981,
        "dvar2": 32.0070800781,
        "max": 30.9801082611,
        "mean": 18.5930843353,
        "median": 18.2957687378,
        "min": 8.50949859619,
        "var": 22.5245800018
    },
    "melbands_flatness_db": {
        "dmean": 0.038106109947,
        "dmean2": 0.0638353973627,
        "dvar": 0.000738768605515,
        "dvar2": 0.0024300259538,
        "max": 0.471900761127,
        "mean": 0.367826163769,
        "median": 0.365545809269,
        "min": 0.242568224669,
        "var": 0.00164023216348
    },
    "melbands_kurtosis": {
        "dmean": 17.7656078339,
        "dmean2": 31.4674282074,
        "dvar": 342.096221924,
        "dvar2": 1009.94665527,
        "max": 123.058494568,
        "mean": 26.6857414246,
        "median": 20.8311042786,
        "min": 1.22267818451,
        "var": 460.844177246
    },
    "melbands_skewness": {
        "dmean": 1.42817175388,
        "dmean2": 2.49649214745,
        "dvar": 1.3578107357,
        "dvar2": 4.09970998764,
        "max": 9.60071849823,
        "mean": 4.35356378555,
        "median": 4.12479400635,
        "min": 1.28170704842,
        "var": 2.49318289757
    },
    "melbands_spread": {
        "dmean": 4.42589998245,
        "dmean2": 7.62100124359,
        "dvar": 17.5673866272,
        "dvar2": 49.4923744202,
        "max": 34.9372520447,
        "mean": 8.70154285431,
        "median": 7.29387140274,
        "min": 1.67797195911,
        "var": 29.0977344513
    },
    "pitch_salience": {
        "dmean": 0.0973082259297,
        "dmean2": 0.1727245152,
        "dvar": 0.00499097350985,
        "dvar2": 0.0150164496154,
        "max": 0.635682821274,
        "mean": 0.438451111317,
        "median": 0.458652198315,
        "min": 0.144933208823,
        "var": 0.00879388768226
    },
    "silence_rate_20dB": {
        "dmean": 0,
        "dmean2": 0,
        "dvar": 0,
        "dvar2": 0,
        "max": 1,
        "mean": 1,
        "median": 1,
        "min": 1,
        "var": 0
    },
    "silence_rate_30dB": {
        "dmean": 0.103703700006,
        "dmean2": 0.208178445697,
        "dvar": 0.0929491817951,
        "dvar2": 0.231754601002,
        "max": 1,
        "mean": 0.922509253025,
        "median": 1,
        "min": 0,
        "var": 0.0714859738946
    },
    "silence_rate_60dB": {
        "dmean": 0,
        "dmean2": 0,
        "dvar": 0,
        "dvar2": 0,
        "max": 0,
        "mean": 0,
        "median": 0,
        "min": 0,
        "var": 0
    },
    "spectral_centroid": {
        "dmean": 193.430908203,
        "dmean2": 326.118682861,
        "dvar": 24825.8574219,
        "dvar2": 72018.125,
        "max": 1483.21960449,
        "mean": 679.935119629,
        "median": 637.967163086,
        "min": 301.536224365,
        "var": 45052.2851562
    },
    "spectral_complexity": {
        "dmean": 3.07407402992,
        "dmean2": 5.10037183762,
        "dvar": 5.83154964447,
        "dvar2": 11.8969974518,
        "max": 32,
        "mean": 17.9151287079,
        "median": 18,
        "min": 1,
        "var": 13.7086668015
    },
    "spectral_decrease": {
        "dmean": 8.46991810022e-09,
        "dmean2": 1.47275525109e-08,
        "dvar": 3.77389937908e-17,
        "dvar2": 1.17630297652e-16,
        "max": -5.96210969483e-10,
        "mean": -2.03495975626e-08,
        "median": -2.00544292284e-08,
        "min": -3.94432859707e-08,
        "var": 5.26602831763e-17
    },
    "spectral_energy": {
        "dmean": 0.032232504338,
        "dmean2": 0.0560392104089,
        "dvar": 0.000547318137251,
        "dvar2": 0.0017013521865,
        "max": 0.150966346264,
        "mean": 0.0786202773452,
        "median": 0.0772535204887,
        "min": 0.00228019757196,
        "var": 0.000764444062952
    },
    "spectral_energyband_high": {
        "dmean": 9.02655119717e-06,
        "dmean2": 1.42234266605e-05,
        "dvar": 8.04436031676e-11,
        "dvar2": 1.91336405053e-10,
        "max": 9.23627521843e-05,
        "mean": 3.14561293635e-05,
        "median": 2.88847058982e-05,
        "min": 5.29143562744e-06,
        "var": 2.20308674082e-10
    },
    "spectral_energyband_low": {
        "dmean": 0.0312000196427,
        "dmean2": 0.0544374883175,
        "dvar": 0.000522861722857,
        "dvar2": 0.00164299365133,
        "max": 0.139521732926,
        "mean": 0.052980825305,
        "median": 0.0494893193245,
        "min": 0.00171057588886,
        "var": 0.000833409605548
    },
    "spectral_energyband_middle_high": {
        "dmean": 0.00219169002958,
        "dmean2": 0.00346653908491,
        "dvar": 4.84703059556e-06,
        "dvar2": 1.088987392e-05,
        "max": 0.0302948430181,
        "mean": 0.00631717499346,
        "median": 0.00550212943926,
        "min": 5.38931708434e-05,
        "var": 1.65108558576e-05
    },
    "spectral_energyband_middle_low": {
        "dmean": 0.0108185140416,
        "dmean2": 0.0183935463428,
        "dvar": 0.000123759658891,
        "dvar2": 0.000304891960695,
        "max": 0.0898394882679,
        "mean": 0.0215484816581,
        "median": 0.0182077623904,
        "min": 0.000298411265248,
        "var": 0.000204751413548
    },
    "spectral_entropy": {
        "dmean": 0.162064090371,
        "dmean2": 0.274587452412,
        "dvar": 0.0146371377632,
        "dvar2": 0.0407255552709,
        "max": 7.84740972519,
        "mean": 6.86097574234,
        "median": 6.86591291428,
        "min": 6.45681285858,
        "var": 0.0289161112159
    },
    "spectral_flux": {
        "dmean": 0.0396486036479,
        "dmean2": 0.0636778920889,
        "dvar": 0.000869619310834,
        "dvar2": 0.00253647915088,
        "max": 0.263515800238,
        "mean": 0.144433677197,
        "median": 0.141228690743,
        "min": 0.0639549046755,
        "var": 0.00171557662543
    },
    "spectral_kurtosis": {
        "dmean": 6.0531463623,
        "dmean2": 10.9509572983,
        "dvar": 21.8407478333,
        "dvar2": 65.5226974487,
        "max": 28.1639728546,
        "mean": 9.55072975159,
        "median": 8.33699035645,
        "min": 1.73726272583,
        "var": 28.0059680939
    },
    "spectral_rms": {
        "dmean": 0.00184927857481,
        "dmean2": 0.00318981264718,
        "dvar": 1.87565649412e-06,
        "dvar2": 5.66262724533e-06,
        "max": 0.0121360719204,
        "mean": 0.00860471557826,
        "median": 0.00868154875934,
        "min": 0.00149150355719,
        "var": 2.66160827778e-06
    },
    "spectral_rolloff": {
        "dmean": 284.238067627,
        "dmean2": 517.196960449,
        "dvar": 119397.78125,
        "dvar2": 316902.65625,
        "max": 2131.78710938,
        "mean": 411.593811035,
        "median": 215.33203125,
        "min": 107.666015625,
        "var": 142788.234375
    },
    "spectral_skewness": {
        "dmean": 0.495834469795,
        "dmean2": 0.893233716488,
        "dvar": 0.160478338599,
        "dvar2": 0.483309656382,
        "max": 4.02672338486,
        "mean": 1.73196077347,
        "median": 1.66297221184,
        "min": 0.938834905624,
        "var": 0.220013588667
    },
    "spectral_spread": {
        "dmean": 250938.015625,
        "dmean2": 410446.46875,
        "dvar": 473463291904,
        "dvar2": 373284831232,
        "max": 15267392,
        "mean": 2131344.25,
        "median": 2048234,
        "min": 1616048.25,
        "var": 682753851392
    },
    "spectral_strongpeak": {
        "dmean": 0.354668259621,
        "dmean2": 0.611581921577,
        "dvar": 0.0725360810757,
        "dvar2": 0.196645468473,
        "max": 1.99716746807,
        "mean": 0.694483220577,
        "median": 0.628547668457,
        "min": 0,
        "var": 0.120462439954
    },
    "zerocrossingrate": {
        "dmean": 0.00451569724828,
        "dmean2": 0.00638940511271,
        "dvar": 1.42612962009e-05,
        "dvar2": 2.65974540525e-05,
        "max": 0.04541015625,
        "mean": 0.0215366259217,
        "median": 0.02099609375,
        "min": 0.00439453125,
        "var": 5.08666489623e-05
    },
    "barkbands": {
        "dmean": [0.000109200715087, 0.0204965285957, 0.0161757376045, 0.00397753622383, 0.00801015552133, 0.000119884163723, 0.000147631435539, 0.000788573117461, 0.00150525465142, 0.00126932456624, 0.000180386938155, 0.000300646410324, 2.99610892398e-05, 0.000533343001734, 0.000394281552872, 0.000570151896682, 0.000230120247579, 8.82601525518e-05, 5.82375250815e-05, 7.96563563199e-06, 6.59949637338e-06, 1.86524357559e-06, 4.73284018199e-07, 9.99582780992e-08, 3.28700515695e-08, 1.88546174229e-08, 1.8810691671e-08],
        "dmean2": [0.000168488026247, 0.0365244448185, 0.0275245252997, 0.00708922510967, 0.0137123381719, 0.000208262383239, 0.00025397844729, 0.00139630155172, 0.0025787120685, 0.00209490442649, 0.000298337923596, 0.000469187478302, 5.01672402606e-05, 0.000840262393467, 0.000623848987743, 0.000920894613955, 0.000373069895431, 0.000139856419992, 9.55728173722e-05, 1.24987664094e-05, 1.07901050796e-05, 2.91971332445e-06, 8.72746227287e-07, 1.62653890357e-07, 4.9698808624e-08, 2.69248037199e-08, 2.63356323416e-08],
        "dvar": [3.03298790527e-08, 0.000343895633705, 0.000186282719369, 1.86790475709e-05, 6.99897500454e-05, 1.03795878559e-08, 5.1653376687e-08, 6.63219907437e-07, 2.32078673434e-06, 2.0506392957e-06, 3.63843639661e-08, 1.47772439618e-07, 8.92023344079e-10, 4.38934165459e-07, 2.3861724685e-07, 4.8035974487e-07, 7.20518045227e-08, 9.25514775929e-09, 5.2468309697e-09, 8.00757168906e-11, 4.41097852688e-11, 3.55809956151e-12, 1.96804175062e-13, 2.85571228936e-14, 1.89518488928e-14, 1.78679550404e-14, 2.01946562906e-14],
        "dvar2": [6.05464762771e-08, 0.00107396277599, 0.000536329578608, 4.95396561746e-05, 0.000179064532858, 3.0921359695e-08, 1.45146003661e-07, 1.69193117472e-06, 6.50666197544e-06, 4.65683569928e-06, 9.07810431272e-08, 2.9799002732e-07, 2.4457618153e-09, 1.0639479342e-06, 4.89151602778e-07, 1.14799297535e-06, 1.784206205e-07, 2.32132943978e-08, 1.2788421877e-08, 1.92885665773e-10, 1.13366448173e-10, 8.09308696448e-12, 5.26956082936e-13, 4.19785733952e-14, 2.18566789288e-14, 1.93171166048e-14, 2.15757197942e-14],
        "max": [0.00209184107371, 0.118407890201, 0.102679178119, 0.029451334849, 0.0588878728449, 0.000579581479542, 0.00250837556086, 0.00516006490216, 0.0104792276397, 0.0192427579314, 0.0019616887439, 0.00541542470455, 0.000231550919125, 0.00614082114771, 0.00783179048449, 0.00608455669135, 0.00253822398372, 0.000937774137128, 0.000727206584997, 0.000111623077828, 6.82682584738e-05, 2.18102322833e-05, 3.45011312675e-06, 2.84973907583e-06, 2.27664554586e-06, 2.15421232497e-06, 2.33330888477e-06],
        "mean": [0.000182332718396, 0.027131035924, 0.0241574011743, 0.00502003123984, 0.0123573346063, 0.000161687712534, 0.000187365687452, 0.000954022165388, 0.00187602336518, 0.00217424728908, 0.000257822859567, 0.000665956235025, 5.9747868363e-05, 0.000881589308847, 0.000827940413728, 0.000942303799093, 0.000435446534539, 0.000188815465663, 0.000115294649731, 2.04016214411e-05, 1.77009587787e-05, 4.98238432556e-06, 5.2420028851e-07, 2.76345616612e-07, 8.72534187124e-08, 3.45920696532e-08, 5.18248270964e-08],
        "median": [6.91199747962e-05, 0.0207773372531, 0.0210740827024, 0.00388111243956, 0.0096283107996, 0.000133895780891, 0.000120184740808, 0.000642539584078, 0.00128478626721, 0.00156452530064, 0.000183718468179, 0.000337276316714, 4.73446234537e-05, 0.000562592642382, 0.000515874125995, 0.000651690119412, 0.000338756130077, 0.000146798454807, 9.01926978258e-05, 1.77503188752e-05, 1.58102757268e-05, 4.07807783631e-06, 3.61706383956e-07, 2.44272143846e-07, 7.26656494976e-08, 2.00299936637e-08, 3.68022661235e-08],
        "min": [3.35377251304e-07, 0.000924558378756, 0.000364183739293, 0.000163236487424, 6.50041329209e-05, 1.70341445482e-05, 8.08680033515e-06, 2.95683275908e-06, 2.40548724832e-05, 7.90606191003e-06, 6.46127409709e-06, 5.1023416745e-06, 2.3065044843e-06, 1.41910213642e-05, 2.23716187975e-06, 5.06562491864e-06, 2.11902897718e-06, 5.32191643288e-06, 1.70041846559e-06, 1.51243909841e-06, 1.3316565628e-06, 6.32328408301e-07, 8.10191096434e-08, 5.94205218363e-08, 2.05594172797e-08, 3.7764467109e-09, 1.25547074958e-08],
        "var": [8.28985946555e-08, 0.000449694605777, 0.000295436679153, 1.90191840375e-05, 0.000102687692561, 1.27178942932e-08, 4.84716657922e-08, 8.93096739674e-07, 3.20642493534e-06, 4.81061806568e-06, 5.76225183124e-08, 6.55714245568e-07, 2.32499108854e-09, 9.32088937589e-07, 1.15570071557e-06, 8.02021702384e-07, 1.19452366221e-07, 2.19244160604e-08, 8.58675797133e-09, 1.54705248612e-10, 1.02251970779e-10, 1.13579154762e-11, 2.02961155911e-13, 4.20250585633e-14, 2.13026753355e-14, 1.94571887492e-14, 2.24054004245e-14]
    },
    "erbbands": {
        "dmean": [0.35180452466, 5.52778244019, 19.4987354279, 9.00276947021, 36.2929420471, 13.9585199356, 1.29866790771, 1.08206248283, 1.14743423462, 3.30618309975, 37.180316925, 25.2495708466, 41.5554771423, 12.0527410507, 11.5576486588, 7.50605010986, 1.52975058556, 8.46981620789, 41.9878349304, 12.8473577499, 27.7211856842, 14.4165849686, 4.12164974213, 4.95802783966, 1.23827707767, 0.392234236002, 0.331535071135, 0.210483327508, 0.0561600588262, 0.0182160623372, 0.0116610294208, 0.00334877148271, 0.00132051238324, 0.000509527337272, 0.000191319340956, 8.70987205417e-05, 3.4739725379e-05, 1.00573270174e-05, 1.51609810928e-05, 3.46611595887e-05],
        "dmean2": [0.605680346489, 9.81412029266, 33.5133972168, 15.241938591, 62.086807251, 24.5156440735, 2.24648785591, 1.88846492767, 1.92377114296, 5.72373485565, 64.3888168335, 43.7859535217, 68.2319641113, 19.8939685822, 18.6128120422, 11.5274782181, 2.47694969177, 13.6448411942, 65.4803161621, 19.7847995758, 45.4230003357, 23.4389457703, 6.44023609161, 7.91903877258, 1.9960218668, 0.598488628864, 0.549836277962, 0.335660904646, 0.0853102207184, 0.03258401528, 0.0211926680058, 0.00561406696215, 0.00211629690602, 0.000790978723671, 0.000297578400932, 0.000121171935461, 5.03895826114e-05, 1.36951757668e-05, 2.5701645427e-05, 6.03597909503e-05],
        "dvar": [0.147989362478, 22.6084918976, 251.30847168, 59.411441803, 1391.67956543, 234.712921143, 1.46774673462, 0.962593376637, 1.65390098095, 22.0577201843, 1482.65783691, 602.111755371, 2101.44628906, 184.164352417, 141.649703979, 74.6304168701, 2.16380906105, 105.738700867, 2878.11352539, 285.228851318, 1251.75244141, 323.318939209, 18.0303459167, 33.2361564636, 2.037078619, 0.207281991839, 0.131999149919, 0.0395405814052, 0.00273687718436, 0.000293751101708, 0.000118853786262, 1.73753596755e-05, 7.15299984222e-06, 2.50314269579e-06, 9.32759121497e-07, 2.65901945795e-07, 6.23702050007e-08, 8.1154754028e-09, 3.7446590273e-10, 6.28105956135e-10],
        "dvar2": [0.400879025459, 72.624671936, 741.970581055, 159.280914307, 3715.63623047, 609.791625977, 4.15317296982, 2.77405333519, 4.29376506805, 64.2987976074, 3978.87768555, 1695.58532715, 4774.17675781, 486.754943848, 307.668579102, 161.294036865, 5.57920074463, 200.191757202, 6192.80419922, 559.630737305, 2991.32128906, 788.40222168, 43.7658424377, 81.3141937256, 5.25475788116, 0.496913969517, 0.353967607021, 0.0978993996978, 0.00631960527971, 0.00082738319179, 0.000320513470797, 3.31580667989e-05, 9.1151568995e-06, 3.00123201669e-06, 1.03580953237e-06, 2.88896131906e-07, 6.73834392728e-08, 8.74361383296e-09, 5.75100134181e-10, 1.96941751796e-09],
        "max": [2.78851246834, 30.5554828644, 117.742301941, 54.2803001404, 255.545181274, 104.702972412, 8.45936489105, 5.60921669006, 15.2274065018, 42.6463050842, 255.234039307, 165.354476929, 638.318603516, 142.991516113, 149.603103638, 106.484184265, 12.9937391281, 95.8181152344, 822.936340332, 195.729095459, 309.07043457, 169.485214233, 40.5795478821, 56.319480896, 19.6131763458, 6.26825618744, 3.33529782295, 2.0230948925, 0.566502392292, 0.139294192195, 0.0986763760448, 0.0644791275263, 0.0464350432158, 0.0266319364309, 0.0158409960568, 0.00848544668406, 0.00402755197138, 0.00145093642641, 0.000341171107721, 0.000165111865499],
        "mean": [0.489177972078, 7.35696840286, 28.8878421783, 18.0437774658, 55.0968399048, 20.5329265594, 2.14577889442, 1.46011948586, 1.86091017723, 4.44500255585, 44.7278938293, 34.259311676, 71.4659805298, 21.2148914337, 25.0082569122, 16.5578460693, 3.8037776947, 16.7269325256, 86.7771987915, 26.7481994629, 48.9728050232, 25.7486057281, 10.2368993759, 10.9800424576, 2.98574757576, 1.05959737301, 0.782760560513, 0.60370850563, 0.177465289831, 0.0334859341383, 0.0151322614402, 0.00776607776061, 0.00356275914237, 0.00145474122837, 0.000441680604126, 0.000243231130298, 6.92976900609e-05, 2.02105748031e-05, 4.23384517489e-05, 8.76293852343e-05],
        "median": [0.353606700897, 5.68956851959, 26.3331871033, 17.0728263855, 43.6928520203, 15.2990064621, 1.86084532738, 1.16978752613, 1.44280326366, 3.19298148155, 28.1290645599, 24.6412620544, 52.8853340149, 17.239490509, 17.7600250244, 10.0206727982, 3.20936369896, 11.7499666214, 53.354839325, 19.3547096252, 35.501991272, 19.3056755066, 8.83577251434, 8.62472248077, 2.42859268188, 0.956875562668, 0.667108476162, 0.522803664207, 0.156961113214, 0.0278940293938, 0.0114880139008, 0.00678789056838, 0.00315297953784, 0.00124868727289, 0.000327671616105, 0.000182508782018, 4.3273132178e-05, 1.1427327081e-05, 4.05630307796e-05, 8.61583466758e-05],
        "min": [0.0173713937402, 0.177490666509, 0.418240517378, 0.530397236347, 0.391897827387, 0.151088759303, 0.149749800563, 0.167186737061, 0.186955705285, 0.0571245290339, 0.125266984105, 0.505883395672, 0.488072037697, 0.122464761138, 0.351291328669, 0.174563065171, 0.25011909008, 0.57108438015, 0.344636529684, 0.196870565414, 0.2774117589, 0.140304327011, 0.308915883303, 0.119130864739, 0.100701004267, 0.0620343610644, 0.0546477548778, 0.0458347350359, 0.0302416458726, 0.00733721256256, 0.00284093641676, 0.00158181972802, 0.000868985138368, 0.000406848179409, 0.000125280945213, 6.09070484643e-05, 1.37487641041e-05, 3.83790757041e-06, 8.68620281835e-06, 1.18412344818e-05],
        "var": [0.238392367959, 29.430896759, 392.411071777, 100.213050842, 1995.59960938, 280.065185547, 1.86224162579, 1.15545833111, 2.35745310783, 20.3529758453, 2022.93725586, 872.510437012, 5012.71435547, 357.613922119, 521.371276855, 284.860778809, 5.86783027649, 251.177352905, 11984.2988281, 663.37689209, 2005.42529297, 498.190032959, 38.5432662964, 61.9821472168, 4.7637963295, 0.426143795252, 0.263279616833, 0.110080257058, 0.0088942265138, 0.000401014840463, 0.000138142087962, 2.68664134637e-05, 9.72802899923e-06, 2.96514826914e-06, 1.02650744793e-06, 2.96841676573e-07, 6.75338043266e-08, 8.78188188835e-09, 5.09787823066e-10, 8.80834405415e-10]
    },
    "gfcc": {
        "mean": [-41.6723136902, 195.474212646, -143.462509155, 40.4371643066, 0.255479842424, -0.699888348579, -0.0820215195417, 3.49223804474, -2.94747114182, -27.1397647858, -28.2017192841, -25.1270599365, 0.825749456882],
        "cov": [[375.899047852, 25.7109298706, -124.877197266, -42.8508110046, -44.2842788696, -27.8267288208, -38.8172874451, -14.0322370529, -27.3476543427, -34.1794052124, -28.6273937225, -25.1927337646, -17.4592685699], [25.7109298706, 110.440628052, -10.4504995346, -17.0938510895, 14.2872447968, -15.9511356354, 36.2239494324, -0.288013368845, 11.9664297104, -12.9209651947, -0.0538171827793, -14.2110176086, 17.6997013092], [-124.877197266, -10.4504995346, 157.918273926, 40.0550231934, 19.5837287903, 9.55533981323, 24.7710475922, 13.8316545486, 13.7807617188, 6.50715351105, 20.2771224976, 18.8008728027, -6.17084598541], [-42.8508110046, -17.0938510895, 40.0550231934, 73.7980728149, 37.2242279053, 4.80872678757, -0.825763881207, -12.8301401138, 16.1457290649, 3.29447126389, 7.0099811554, 1.36587572098, 5.17290306091], [-44.2842788696, 14.2872447968, 19.5837287903, 37.2242279053, 88.061164856, 22.6395301819, 13.4203281403, -6.87786102295, 30.938621521, 26.5012302399, 9.481757164, -4.86009931564, 15.0323934555], [-27.8267288208, -15.9511356354, 9.55533981323, 4.80872678757, 22.6395301819, 43.6568450928, 17.2817325592, -3.03036022186, 4.02824354172, 7.98449087143, 12.088104248, 10.8511390686, 6.10785627365], [-38.8172874451, 36.2239494324, 24.7710475922, -0.825763881207, 13.4203281403, 17.2817325592, 79.4047775269, 34.6986351013, 10.458108902, -0.522841274738, 13.9076757431, 12.1098842621, 13.2687110901], [-14.0322370529, -0.288013368845, 13.8316545486, -12.8301401138, -6.87786102295, -3.03036022186, 34.6986351013, 53.3618278503, 18.0896968842, 5.32795333862, 8.19024944305, 10.1906270981, -1.64608871937], [-27.3476543427, 11.9664297104, 13.7807617188, 16.1457290649, 30.938621521, 4.02824354172, 10.458108902, 18.0896968842, 54.8570671082, 33.5752449036, 5.63556671143, -7.17906904221, 4.73430681229], [-34.1794052124, -12.9209651947, 6.50715351105, 3.29447126389, 26.5012302399, 7.98449087143, -0.522841274738, 5.32795333862, 33.5752449036, 63.0823478699, 16.554731369, -5.79215860367, 4.00031661987], [-28.6273937225, -0.0538171827793, 20.2771224976, 7.0099811554, 9.481757164, 12.088104248, 13.9076757431, 8.19024944305, 5.63556671143, 16.554731369, 32.7221679688, 15.7985839844, 2.02299165726], [-25.1927337646, -14.2110176086, 18.8008728027, 1.36587572098, -4.86009931564, 10.8511390686, 12.1098842621, 10.1906270981, -7.17906904221, -5.79215860367, 15.7985839844, 38.615486145, 9.08034896851], [-17.4592685699, 17.6997013092, -6.17084598541, 5.17290306091, 15.0323934555, 6.10785627365, 13.2687110901, -1.64608871937, 4.73430681229, 4.00031661987, 2.02299165726, 9.08034896851, 30.199962616]],
        "icov": [[0.00431859027594, -0.00324836396612, 0.00321490527131, -0.00169100391213, 0.00104863999877, -0.00175059470348, 0.00279865832999, -0.00260219327174, 0.00208232598379, -0.000485035125166, 0.00200167158619, -0.000814826053102, 0.00365638965741], [-0.00324836396612, 0.0492081232369, -0.00418644212186, 0.0340670906007, -0.0138053521514, 0.0415272451937, -0.0351677685976, 0.0415354147553, -0.0371993780136, 0.0364622883499, -0.0355755239725, 0.0223675910383, -0.0245609506965], [0.00321490527131, -0.00418644212186, 0.0114864893258, -0.00736739160493, 0.000898589321878, -0.00207191519439, 0.000442669697804, -0.00357122533023, 0.00234082224779, -0.00257747154683, 0.00175909569953, -0.00611011777073, 0.00919761136174], [-0.00169100391213, 0.0340670906007, -0.00736739160493, 0.0473264046013, -0.0175098180771, 0.0332621596754, -0.0236540641636, 0.0378646403551, -0.0345208346844, 0.0327119641006, -0.0299383699894, 0.014013113454, -0.0172398332506], [0.00104863999877, -0.0138053521514, 0.000898589321878, -0.0175098180771, 0.0266244392842, -0.0203258693218, 0.0078561604023, -0.00822072569281, 0.00348354829475, -0.013553943485, 0.00910836178809, -0.000468422891572, -0.000381417572498], [-0.00175059470348, 0.0415272451937, -0.00207191519439, 0.0332621596754, -0.0203258693218, 0.0705567076802, -0.0394189804792, 0.0471528284252, -0.0334377959371, 0.0297183021903, -0.0343848541379, 0.00717337569222, -0.014282554388], [0.00279865832999, -0.0351677685976, 0.000442669697804, -0.0236540641636, 0.0078561604023, -0.0394189804792, 0.0517733283341, -0.0495052933693, 0.029725112021, -0.019648309797, 0.0179532747716, -0.00728898355737, 0.00391938537359], [-0.00260219327174, 0.0415354147553, -0.00357122533023, 0.0378646403551, -0.00822072569281, 0.0471528284252, -0.0495052933693, 0.0803316235542, -0.0519995167851, 0.0323862545192, -0.0309336744249, 0.00364746060222, -0.00754109537229], [0.00208232598379, -0.0371993780136, 0.00234082224779, -0.0345208346844, 0.00348354829475, -0.0334377959371, 0.029725112021, -0.0519995167851, 0.0712755098939, -0.0460061728954, 0.0337951891124, -0.00873959716409, 0.0138158900663], [-0.000485035125166, 0.0364622883499, -0.00257747154683, 0.0327119641006, -0.013553943485, 0.0297183021903, -0.019648309797, 0.0323862545192, -0.0460061728954, 0.0611183531582, -0.0465872399509, 0.0256331712008, -0.0221161674708], [0.00200167158619, -0.0355755239725, 0.00175909569953, -0.0299383699894, 0.00910836178809, -0.0343848541379, 0.0179532747716, -0.0309336744249, 0.0337951891124, -0.0465872399509, 0.082760669291, -0.0392677076161, 0.0274773649871], [-0.000814826053102, 0.0223675910383, -0.00611011777073, 0.014013113454, -0.000468422891572, 0.00717337569222, -0.00728898355737, 0.00364746060222, -0.00873959716409, 0.0256331712008, -0.0392677076161, 0.0613422840834, -0.0328844115138], [0.00365638965741, -0.0245609506965, 0.00919761136174, -0.0172398332506, -0.000381417572498, -0.014282554388, 0.00391938537359, -0.00754109537229, 0.0138158900663, -0.0221161674708, 0.0274773649871, -0.0328844115138, 0.0642095431685]]
    },
    "melbands": {
        "dmean": [0.00445545045659, 0.00868123117834, 0.00231050583534, 0.00206838408485, 6.62944366923e-05, 2.31039339269e-05, 2.10774360312e-05, 2.94150468108e-05, 0.000388148677303, 0.000134466492455, 0.000213967941818, 5.92190299358e-05, 3.34998658218e-05, 3.9480299165e-05, 5.51550692762e-06, 3.59118121196e-06, 1.44651839946e-05, 8.62924862304e-05, 1.09382353912e-05, 3.74285191356e-05, 2.71689077636e-05, 1.41270975291e-05, 7.77188415668e-06, 4.74259513794e-06, 4.44248462372e-06, 1.32050001866e-06, 6.01260694566e-07, 2.49551163733e-07, 1.74557371224e-07, 2.06141194781e-07, 1.17460622562e-07, 4.13690806056e-08, 1.22994618934e-08, 1.19359908624e-08, 8.77352146489e-09, 3.06199243738e-09, 1.85501691785e-09, 1.12039388878e-09, 6.24194418375e-10, 4.26759044769e-10],
        "dmean2": [0.00786949042231, 0.0149789173156, 0.00392452767119, 0.00356114609167, 0.000115890827146, 4.05379505537e-05, 3.51722665073e-05, 5.0621398259e-05, 0.000669471977744, 0.000232621663599, 0.000350592687028, 9.72366324277e-05, 5.61239685339e-05, 6.11472132732e-05, 9.07869161892e-06, 6.04837214269e-06, 2.37069980358e-05, 0.000134607224027, 1.71883475559e-05, 6.04636843491e-05, 4.46522390121e-05, 2.29840243264e-05, 1.24799926198e-05, 7.48326328903e-06, 7.10295898898e-06, 2.24126392823e-06, 9.91448700915e-07, 3.906347672e-07, 2.95181081356e-07, 3.32251858026e-07, 1.87912746696e-07, 6.39855954887e-08, 2.02233998436e-08, 2.2180065784e-08, 1.61333986171e-08, 5.24328358509e-09, 3.10759107336e-09, 1.80814052619e-09, 9.93172544206e-10, 6.82336798175e-10],
        "dvar": [1.82240837603e-05, 4.36908958363e-05, 4.36794607594e-06, 4.69650194646e-06, 3.62172203339e-09, 4.03884314881e-10, 7.78638542531e-10, 1.81604153937e-09, 1.60494820989e-07, 1.68108957865e-08, 5.65533362362e-08, 4.34931690663e-09, 1.1807401723e-09, 2.68197486442e-09, 4.77238422392e-11, 1.34597992474e-11, 4.71970906801e-10, 1.20079892696e-08, 1.88638743515e-10, 2.07043671097e-09, 1.10790132624e-09, 3.00607844173e-10, 9.18646061998e-11, 3.25075869001e-11, 2.8322831927e-11, 2.75893240545e-12, 4.11590791831e-13, 8.23142552384e-14, 3.45209666788e-14, 3.7542909184e-14, 1.347185235e-14, 1.52024224e-15, 1.58144479089e-16, 1.30458294e-16, 6.88695490237e-17, 1.0797038816e-17, 5.82450708369e-18, 3.84207899661e-18, 2.62703339483e-18, 1.54967324678e-18],
        "dvar2": [5.37962368981e-05, 0.000138745177537, 1.22258561532e-05, 1.22073024613e-05, 9.82355352619e-09, 1.16292497854e-09, 2.11158357466e-09, 5.25228660564e-09, 4.33306922787e-07, 4.78788457769e-08, 1.28017205725e-07, 1.11839719708e-08, 2.75041589504e-09, 5.3982964765e-09, 1.10880235549e-10, 3.45790479583e-11, 8.38602964848e-10, 2.58968988476e-08, 3.77196857082e-10, 4.80482187371e-09, 2.65145638778e-09, 7.35713767686e-10, 2.16638554318e-10, 8.02788668874e-11, 6.95333929324e-11, 6.82028652305e-12, 1.05602321592e-12, 1.87695020117e-13, 9.34109628298e-14, 9.89576530528e-14, 3.11681866568e-14, 3.38821797462e-15, 4.08420070106e-16, 3.61381736507e-16, 1.90596111243e-16, 2.2525919753e-17, 1.12604311854e-17, 5.26938534742e-18, 3.30439484804e-18, 1.87884025897e-18],
        "max": [0.0275768265128, 0.0455110222101, 0.0135791711509, 0.0154236797243, 0.00047663130681, 0.000117046947707, 0.000333802890964, 0.000383613660233, 0.00269676069729, 0.000882074818946, 0.00331479473971, 0.00069817295298, 0.000319810962537, 0.000709763960913, 0.00010535374895, 2.5140836442e-05, 0.000242938229349, 0.00164159457199, 0.000182010771823, 0.000391478795791, 0.000282245164271, 0.000161564355949, 9.13332478376e-05, 5.17248627148e-05, 5.35911967745e-05, 2.16818461922e-05, 5.50466893401e-06, 3.71070973415e-06, 1.68379335719e-06, 1.86608190234e-06, 1.25254155137e-06, 4.25212618893e-07, 1.08114086572e-07, 6.41344115593e-08, 6.04348429079e-08, 4.67387160086e-08, 3.57608662682e-08, 3.32785106139e-08, 2.72123124034e-08, 2.07255101969e-08],
        "mean": [0.00602182745934, 0.0134143298492, 0.00456705037504, 0.00312516372651, 9.50421599555e-05, 3.11533622153e-05, 3.21862426063e-05, 3.86030988011e-05, 0.000463631586172, 0.000181424242328, 0.00036545880721, 9.94440124487e-05, 6.16326578893e-05, 9.08733854885e-05, 1.1039635865e-05, 6.55286976325e-06, 2.08137116715e-05, 0.000172995511093, 2.3467666324e-05, 5.9743757447e-05, 5.00459063915e-05, 2.51906967605e-05, 1.45839476318e-05, 9.54491952143e-06, 9.34258241614e-06, 2.66712163466e-06, 1.19980404634e-06, 5.68983921312e-07, 3.93460197756e-07, 5.02638897615e-07, 3.08851923592e-07, 1.15494096065e-07, 3.10145296112e-08, 1.26779458043e-08, 9.49138279083e-09, 5.62472202148e-09, 4.36158575923e-09, 2.71787281569e-09, 1.56997792544e-09, 1.04306641102e-09],
        "median": [0.00476394919679, 0.0123972371221, 0.0041935746558, 0.00234076241031, 7.83657378634e-05, 2.52984464169e-05, 2.36882369791e-05, 2.60347260337e-05, 0.000282497378066, 0.000133785666549, 0.000269168580417, 7.67754827393e-05, 4.35906622442e-05, 4.77365683764e-05, 9.36016476771e-06, 5.47183844901e-06, 1.50944988491e-05, 0.000106568892079, 1.66846220964e-05, 4.06282852055e-05, 3.75618583348e-05, 1.89830552699e-05, 1.14803297038e-05, 6.94105119692e-06, 7.35264302421e-06, 2.01694047064e-06, 9.94655124487e-07, 4.87985232667e-07, 3.38005975209e-07, 4.63828286001e-07, 2.56871032889e-07, 9.79978835858e-08, 2.67789097563e-08, 8.6617264472e-09, 6.52680798297e-09, 4.63759786129e-09, 3.84681353438e-09, 2.30321717254e-09, 1.30632560325e-09, 8.83364159598e-10],
        "min": [0.000276337610558, 0.000229582132306, 9.04432454263e-05, 1.85373373824e-05, 4.99363977724e-06, 2.7787846193e-06, 2.52690551861e-06, 5.10988400038e-07, 1.34976482968e-06, 3.46311594512e-06, 2.3675547709e-06, 4.05338653309e-07, 1.06414620404e-06, 7.71301358782e-07, 3.65802634406e-07, 3.21138543313e-07, 1.22103688227e-06, 7.57207430979e-07, 1.8224902476e-07, 3.38282234225e-07, 3.02473267766e-07, 1.34712038857e-07, 2.00810930551e-07, 2.81141382175e-07, 7.06829652586e-08, 7.35254275241e-08, 7.61594094456e-08, 2.95749646995e-08, 3.03545135694e-08, 3.65496397592e-08, 2.37437873807e-08, 1.69837264252e-08, 6.92684132275e-09, 1.70175151748e-09, 1.34287458931e-09, 1.14825449149e-09, 7.88969667376e-10, 5.32655641816e-10, 3.08100850388e-10, 2.45170522772e-10],
        "var": [2.57582851191e-05, 6.90167798894e-05, 6.39798963675e-06, 6.59243414702e-06, 4.47605907894e-09, 5.06183261972e-10, 9.24208432007e-10, 1.71511882474e-09, 2.20988539468e-07, 2.38879209746e-08, 1.35348528829e-07, 9.09863828724e-09, 2.85268653144e-09, 1.1577272474e-08, 9.48280273749e-11, 2.13266487803e-11, 7.50193518417e-10, 4.80000643677e-08, 5.9006627362e-10, 3.46556738862e-09, 1.82070913901e-09, 4.77073880401e-10, 1.33527869317e-10, 7.24179258227e-11, 4.88897637652e-11, 6.00846932972e-12, 6.88643532389e-13, 1.5734241438e-13, 6.70411060108e-14, 8.26790418356e-14, 4.11311406484e-14, 4.77560267332e-15, 3.21239045191e-16, 1.23632029009e-16, 7.04666097934e-17, 1.58150861614e-17, 8.98943493776e-18, 5.37962660279e-18, 3.14975177816e-18, 1.83451020238e-18]
    },
    "mfcc": {
        "mean": [-680.985229492, 214.967926025, -50.3818092346, 55.3689422607, 17.8939228058, 14.4366893768, 10.6912984848, 25.8031253815, 31.319562912, 8.26263237, -3.37231755257, -9.5047121048, -16.6173801422],
        "cov": [[440.442871094, 15.2153625488, -124.027404785, -33.8881263733, -50.556186676, -35.2217178345, -44.1851387024, -0.343857139349, -20.7930202484, -17.1633930206, -36.9227485657, -23.5543766022, -29.2402496338], [15.2153625488, 112.597610474, -14.2342405319, -6.80228900909, -16.4396343231, -14.993885994, 20.3007526398, -1.61841380596, 27.3916721344, -2.42269206047, 7.11127138138, 5.07292938232, 0.808819591999], [-124.027404785, -14.2342405319, 114.176231384, 21.6885051727, 4.09260559082, 8.04208946228, 7.21820545197, 20.7642326355, -12.9810848236, -1.06222259998, 7.41508674622, 16.7915458679, 11.1463680267], [-33.8881263733, -6.80228900909, 21.6885051727, 65.6416549683, 28.8464851379, 11.8505868912, 0.578925669193, 1.52609229088, 8.07853984833, 9.66947174072, 5.50619697571, -1.81155574322, 1.78663778305], [-50.556186676, -16.4396343231, 4.09260559082, 28.8464851379, 70.3283309937, 31.6075267792, -14.4693202972, -17.003900528, -1.67293334007, 19.3863182068, 2.06047296524, -2.13606786728, 11.555850029], [-35.2217178345, -14.993885994, 8.04208946228, 11.8505868912, 31.6075267792, 59.4735641479, 8.41114616394, -8.40669536591, -3.61937856674, 10.3812227249, -0.938915789127, -3.78849887848, 6.31543970108], [-44.1851387024, 20.3007526398, 7.21820545197, 0.578925669193, -14.4693202972, 8.41114616394, 55.3723907471, 20.6732463837, 6.99310159683, -2.63853144646, 5.85653066635, 4.22975921631, 1.43863761425], [-0.343857139349, -1.61841380596, 20.7642326355, 1.52609229088, -17.003900528, -8.40669536591, 20.6732463837, 70.3675460815, 5.97044754028, -14.4405517578, -5.90273714066, 4.60827636719, 6.83690977097], [-20.7930202484, 27.3916721344, -12.9810848236, 8.07853984833, -1.67293334007, -3.61937856674, 6.99310159683, 5.97044754028, 51.9734230042, 15.3917989731, 6.68566274643, 2.74035143852, 3.92364692688], [-17.1633930206, -2.42269206047, -1.06222259998, 9.66947174072, 19.3863182068, 10.3812227249, -2.63853144646, -14.4405517578, 15.3917989731, 54.9129638672, 20.6388988495, -7.16632413864, 5.55689954758], [-36.9227485657, 7.11127138138, 7.41508674622, 5.50619697571, 2.06047296524, -0.938915789127, 5.85653066635, -5.90273714066, 6.68566274643, 20.6388988495, 45.2862129211, 12.0734539032, 0.197631046176], [-23.5543766022, 5.07292938232, 16.7915458679, -1.81155574322, -2.13606786728, -3.78849887848, 4.22975921631, 4.60827636719, 2.74035143852, -7.16632413864, 12.0734539032, 43.1630439758, 15.8040657043], [-29.2402496338, 0.808819591999, 11.1463680267, 1.78663778305, 11.555850029, 6.31543970108, 1.43863761425, 6.83690977097, 3.92364692688, 5.55689954758, 0.197631046176, 15.8040657043, 42.4555091858]],
