{
"lowlevel": {
    "average_loudness": 0.986413478851,
    "barkbands_crest": {
        "dmean": 3.47160100937,
        "dmean2": 5.90226602554,
        "dvar": 7.18089008331,
        "dvar2": 19.6901111603,
        "max": 22.6750507355,
        "mean": 12.7470760345,
        "median": 12.7942667007,
        "min": 3.86620092392,
        "var": 12.3816194534
    },
    "barkbands_flatness_db": {
        "dmean": 0.0335559397936,
        "dmean2": 0.0541192665696,
        "dvar": 0.00064333708724,
        "dvar2": 0.00181652780157,
        "max": 0.351524531841,
        "mean": 0.222611501813,
        "median": 0.2206748873,
        "min": 0.109055370092,
        "var": 0.00152315432206
    },
    "barkbands_kurtosis": {
        "dmean": 6.77465200424,
        "dmean2": 11.1955251694,
        "dvar": 47.3584785461,
        "dvar2": 119.804084778,
        "max": 71.7483978271,
        "mean": 9.65042209625,
        "median": 7.38448286057,
        "min": -1.46287095547,
        "var": 92.859916687
    },
    "barkbands_skewness": {
        "dmean": 0.907665193081,
        "dmean2": 1.45300769806,
        "dvar": 0.524791538715,
        "dvar2": 1.44773507118,
        "max": 7.14890575409,
        "mean": 2.7055721283,
        "median": 2.6259226799,
        "min": -1.04670464993,
        "var": 1.40851151943
    },
    "barkbands_spread": {
        "dmean": 5.69574546814,
        "dmean2": 9.44680976868,
        "dvar": 26.5009860992,
        "dvar2": 74.9427566528,
        "max": 38.8577728271,
        "mean": 12.1732578278,
        "median": 10.6252279282,
        "min": 1.55981254578,
        "var": 45.2564849854
    },
    "dissonance": {
        "dmean": 0.0117379864678,
        "dmean2": 0.0198636110872,
        "dvar": 0.000103499805846,
        "dvar2": 0.000266713905148,
        "max": 0.499641120434,
        "mean": 0.474832892418,
        "median": 0.476629465818,
        "min": 0.41049182415,
        "var": 0.000172059953911
    },
    "dynamic_complexity": 1.01194429398,
    "erbbands_crest": {
        "dmean": 3.99437522888,
        "dmean2": 6.48977088928,
        "dvar": 10.395201683,
        "dvar2": 26.4707393646,
        "max": 26.5254516602,
        "mean": 10.607922554,
        "median": 9.57684516907,
        "min": 3.26296949387,
        "var": 22.6135368347
    },
    "erbbands_flatness_db": {
        "dmean": 0.0149950915948,
        "dmean2": 0.0242062136531,
        "dvar": 0.000146079240949,
        "dvar2": 0.000345419277437,
        "max": 0.310624182224,
        "mean": 0.214578717947,
        "median": 0.211492270231,
        "min": 0.108655124903,
        "var": 0.000429549923865
    },
    "erbbands_kurtosis": {
        "dmean": 0.614849805832,
        "dmean2": 1.06974244118,
        "dvar": 0.451937705278,
        "dvar2": 1.17589771748,
        "max": 3.92786216736,
        "mean": -0.880252957344,
        "median": -1.17498004436,
        "min": -1.78791260719,
        "var": 0.712728619576
    },
    "erbbands_skewness": {
        "dmean": 0.525732278824,
        "dmean2": 0.854605793953,
        "dvar": 0.178103029728,
        "dvar2": 0.484051764011,
        "max": 2.20270299911,
        "mean": 0.0868530347943,
        "median": 0.0410949848592,
        "min": -1.46165502071,
        "var": 0.339227616787
    },
    "erbbands_spread": {
        "dmean": 8.52735519409,
        "dmean2": 14.515378952,
        "dvar": 49.8015785217,
        "dvar2": 137.426422119,
        "max": 72.1321105957,
        "mean": 48.8398132324,
        "median": 50.9858131409,
        "min": 9.41765022278,
        "var": 133.942962646
    },
    "hfc": {
        "dmean": 4.20194816589,
        "dmean2": 6.46242904663,
        "dvar": 31.5899677277,
        "dvar2": 49.3629379272,
        "max": 141.934936523,
        "mean": 17.0057754517,
        "median": 14.6951370239,
        "min": 5.93429899216,
        "var": 134.531524658
    },
    "melbands_crest": {
        "dmean": 3.20152926445,
        "dmean2": 5.41889619827,
        "dvar": 6.58528709412,
        "dvar2": 16.7086524963,
        "max": 27.8940849304,
        "mean": 17.2734451294,
        "median": 17.5543022156,
        "min": 5.55611515045,
        "var": 13.6189336777
    },
    "melbands_flatness_db": {
        "dmean": 0.0383764989674,
        "dmean2": 0.0621505156159,
        "dvar": 0.000851676159073,
        "dvar2": 0.00233525154181,
        "max": 0.469460785389,
        "mean": 0.308736979961,
        "median": 0.30834954977,
        "min": 0.12239741534,
        "var": 0.00226661982015
    },
    "melbands_kurtosis": {
        "dmean": 18.2576122284,
        "dmean2": 29.9577388763,
        "dvar": 318.496459961,
        "dvar2": 850.803344727,
        "max": 154.521072388,
        "mean": 31.614818573,
        "median": 25.1612968445,
        "min": -1.49794054031,
        "var": 636.544921875
    },
    "melbands_skewness": {
        "dmean": 1.35696816444,
        "dmean2": 2.19953155518,
        "dvar": 1.13508605957,
        "dvar2": 3.16313433647,
        "max": 9.95438957214,
        "mean": 4.68496227264,
        "median": 4.58714675903,
        "min": -0.113870032132,
        "var": 3.11498904228
    },
    "melbands_spread": {
        "dmean": 5.51833343506,
        "dmean2": 9.1239233017,
        "dvar": 33.0589103699,
        "dvar2": 86.430847168,
        "max": 77.0946426392,
        "mean": 10.5631408691,
        "median": 8.31344795227,
        "min": 1.03741574287,
        "var": 72.08203125
    },
    "pitch_salience": {
        "dmean": 0.101176157594,
        "dmean2": 0.166949793696,
        "dvar": 0.00658310111612,
        "dvar2": 0.0175539907068,
        "max": 0.704836249352,
        "mean": 0.446173071861,
        "median": 0.470955610275,
        "min": 0.127228632569,
        "var": 0.013566496782
    },
    "silence_rate_20dB": {
        "dmean": 0,
        "dmean2": 0,
        "dvar": 0,
        "dvar2": 0,
        "max": 1,
        "mean": 1,
        "median": 1,
        "min": 1,
        "var": 0
    },
    "silence_rate_30dB": {
        "dmean": 0,
        "dmean2": 0,
        "dvar": 0,
        "dvar2": 0,
        "max": 1,
        "mean": 1,
        "median": 1,
        "min": 1,
        "var": 0
    },
    "silence_rate_60dB": {
        "dmean": 0,
        "dmean2": 0,
        "dvar": 0,
        "dvar2": 0,
        "max": 0,
        "mean": 0,
        "median": 0,
        "min": 0,
        "var": 0
    },
    "spectral_centroid": {
        "dmean": 309.806182861,
        "dmean2": 515.769592285,
        "dvar": 74851.8671875,
        "dvar2": 209400.34375,
        "max": 2680.82470703,
        "mean": 824.21472168,
        "median": 751.10925293,
        "min": 237.841171265,
        "var": 141080.625
    },
    "spectral_complexity": {
        "dmean": 3.71119832993,
        "dmean2": 5.88385820389,
        "dvar": 9.41561603546,
        "dvar2": 23.035741806,
        "max": 52,
        "mean": 21.190196991,
        "median": 20,
        "min": 7,
        "var": 40.6991462708
    },
    "spectral_decrease": {
        "dmean": 4.66565364121e-09,
        "dmean2": 7.85270426462e-09,
        "dvar": 1.28704290599e-17,
        "dvar2": 3.59943805434e-17,
        "max": -2.51949150432e-09,
        "mean": -1.22359740118e-08,
        "median": -1.21119665408e-08,
        "min": -2.4261066045e-08,
        "var": 1.91301994091e-17
    },
    "spectral_energy": {
        "dmean": 0.0178500581533,
        "dmean2": 0.0300362966955,
        "dvar": 0.000188758451259,
        "dvar2": 0.000526950927451,
        "max": 0.0939386337996,
        "mean": 0.0477237589657,
        "median": 0.0471985861659,
        "min": 0.0101237017661,
        "var": 0.000285002664896
    },
    "spectral_energyband_high": {
        "dmean": 7.87999888416e-05,
        "dmean2": 0.000125016915263,
        "dvar": 2.4955326694e-08,
        "dvar2": 4.50865478285e-08,
        "max": 0.00411698967218,
        "mean": 0.000174379063537,
        "median": 0.000116173629067,
        "min": 1.59753544722e-05,
        "var": 7.81985249887e-08
    },
    "spectral_energyband_low": {
        "dmean": 0.00686261290684,
        "dmean2": 0.0112774232402,
        "dvar": 5.83876899327e-05,
        "dvar2": 0.000175889610546,
        "max": 0.0683877319098,
        "mean": 0.013660303317,
        "median": 0.00941038690507,
        "min": 0.000492106424645,
        "var": 0.000160849158419
    },
    "spectral_energyband_middle_high": {
        "dmean": 0.00169449439272,
        "dmean2": 0.00249870098196,
        "dvar": 1.03750662674e-05,
        "dvar2": 1.66848094523e-05,
        "max": 0.0559121184051,
        "mean": 0.00506115844473,
        "median": 0.00345278019086,
        "min": 0.000368869572412,
        "var": 4.50434527011e-05
    },
    "spectral_energyband_middle_low": {
        "dmean": 0.0172848571092,
        "dmean2": 0.0288328118622,
        "dvar": 0.000207809964195,
        "dvar2": 0.000548460404389,
        "max": 0.0882967337966,
        "mean": 0.0297560077161,
        "median": 0.0254289992154,
        "min": 0.00124722311739,
        "var": 0.000376001931727
    },
    "spectral_entropy": {
        "dmean": 0.223890662193,
        "dmean2": 0.375316888094,
        "dvar": 0.0295791327953,
        "dvar2": 0.0810685530305,
        "max": 7.77366733551,
        "mean": 7.15827894211,
        "median": 7.1758146286,
        "min": 6.35639381409,
        "var": 0.0558810681105
    },
    "spectral_flux": {
        "dmean": 0.034124776721,
        "dmean2": 0.059005394578,
        "dvar": 0.000831755343825,
        "dvar2": 0.00248848134652,
        "max": 0.225011438131,
        "mean": 0.106089629233,
        "median": 0.102254122496,
        "min": 0.0300055872649,
        "var": 0.00121670844965
    },
    "spectral_kurtosis": {
        "dmean": 3.45146012306,
        "dmean2": 5.94250535965,
        "dvar": 7.38096761703,
        "dvar2": 23.1773319244,
        "max": 18.2676677704,
        "mean": 5.37055635452,
        "median": 4.91465425491,
        "min": 0.153251647949,
        "var": 10.7108364105
    },
    "spectral_rms": {
        "dmean": 0.00131901516579,
        "dmean2": 0.00221047061495,
        "dvar": 1.03573256638e-06,
        "dvar2": 2.93293533105e-06,
        "max": 0.00957326684147,
        "mean": 0.00670870067552,
        "median": 0.00678582303226,
        "min": 0.00314273475669,
        "var": 1.55313091454e-06
    },
    "spectral_rolloff": {
        "dmean": 349.776702881,
        "dmean2": 628.404907227,
        "dvar": 235700.1875,
        "dvar2": 615518.8125,
        "max": 3186.9140625,
        "mean": 508.435974121,
        "median": 236.865234375,
        "min": 107.666015625,
        "var": 275969.9375
    },
    "spectral_skewness": {
        "dmean": 0.347650021315,
        "dmean2": 0.581864714622,
        "dvar": 0.0784092023969,
        "dvar2": 0.238289266825,
        "max": 3.22406363487,
        "mean": 1.19470310211,
        "median": 1.13685441017,
        "min": 0.394755095243,
        "var": 0.134527608752
    },
    "spectral_spread": {
        "dmean": 187974.53125,
        "dmean2": 312588.25,
        "dvar": 46490480640,
        "dvar2": 79602114560,
        "max": 6637639,
        "mean": 2628750.25,
        "median": 2616015.5,
        "min": 1937297.75,
        "var": 90266402816
    },
    "spectral_strongpeak": {
        "dmean": 0.479114472866,
        "dmean2": 0.810578584671,
        "dvar": 0.41419172287,
        "dvar2": 0.997465491295,
        "max": 7.41673517227,
        "mean": 1.03094923496,
        "median": 0.913404226303,
        "min": 0.08523517102,
        "var": 0.555962204933
    },
    "zerocrossingrate": {
        "dmean": 0.00615100096911,
        "dmean2": 0.00831423792988,
        "dvar": 2.34972958424e-05,
        "dvar2": 4.05554201279e-05,
        "max": 0.09716796875,
        "mean": 0.0267587695271,
        "median": 0.02587890625,
        "min": 0.00537109375,
        "var": 0.000116655450256
    },
    "barkbands": {
        "dmean": [2.30787591136e-05, 0.00544964242727, 0.00224697007798, 0.00546075031161, 0.0133584728464, 0.000206166179851, 0.000244407972787, 0.000188510137377, 0.000372540205717, 0.000947979046032, 0.000270224991255, 0.000156240217621, 5.05215066369e-05, 0.000273696554359, 0.000235180123127, 0.000452361739008, 0.000304062530631, 9.82939673122e-05, 0.00017123275029, 7.26948128431e-05, 3.99483869842e-05, 4.74720309285e-06, 3.42873278214e-07, 7.29137127564e-07, 1.95711351125e-07, 1.14294159914e-07, 3.79973634779e-08],
        "dmean2": [3.7144865928e-05, 0.00940585322678, 0.00335802324116, 0.00924865528941, 0.0223023463041, 0.000352888600901, 0.000416300987126, 0.000321738800267, 0.000638577446807, 0.00148071546573, 0.000465655175503, 0.000259940919932, 8.43297602842e-05, 0.000434436893556, 0.000386930361856, 0.000760624650866, 0.00051858916413, 0.000157499642228, 0.000269441690762, 0.000118121250125, 6.55606490909e-05, 7.29437897462e-06, 5.02711884565e-07, 9.80844902188e-07, 2.84848226784e-07, 1.61750207894e-07, 4.27254995827e-08],
        "dvar": [3.55623774873e-09, 4.43020326202e-05, 5.06388050781e-06, 2.72305678664e-05, 0.000113000249257, 4.52840929199e-08, 7.90463019484e-08, 4.4318440473e-08, 1.77648360022e-07, 7.93591698312e-06, 1.2571835839e-07, 1.01875578196e-07, 9.66981694717e-09, 1.01943719244e-07, 3.90656254012e-07, 1.75368438704e-06, 1.62978415119e-06, 1.6925318036e-08, 1.02672522928e-07, 2.21698464031e-08, 7.0307604183e-09, 2.34686908795e-10, 8.25114661925e-13, 8.22566580821e-12, 8.18448065397e-13, 5.15111987353e-13, 3.76688480755e-13],
        "dvar2": [5.2975033249e-09, 0.000140576914418, 1.14508666229e-05, 7.62065101299e-05, 0.000298305152683, 1.32606359671e-07, 2.2194443261e-07, 1.30686999e-07, 4.92511901484e-07, 1.59277296916e-05, 3.32384388457e-07, 2.40922844341e-07, 2.14703383961e-08, 2.40936259388e-07, 8.51652600886e-07, 4.86444105263e-06, 4.68160487799e-06, 3.65032697403e-08, 2.06602763342e-07, 3.31545280119e-08, 1.21204735137e-08, 3.56636803422e-10, 1.13761636829e-12, 1.31794575253e-11, 1.16269906029e-12, 7.42327423489e-13, 3.77210713836e-13],
        "max": [0.00114437995944, 0.0538279749453, 0.0246173944324, 0.0325695313513, 0.0626780986786, 0.00151464727242, 0.00208162749186, 0.001722531626, 0.00474078115076, 0.0450257621706, 0.00374376238324, 0.00640967395157, 0.00208216905594, 0.00433541508391, 0.0108893075958, 0.0256748255342, 0.0241854880005, 0.00195009610616, 0.00736949266866, 0.00339265167713, 0.00185434392188, 0.00035789370304, 1.71559840965e-05, 6.90722226864e-05, 1.41003520184e-05, 1.30419057314e-05, 1.37006927616e-05],
        "mean": [3.66313179256e-05, 0.00851581338793, 0.00429140496999, 0.00827197916806, 0.0197258610278, 0.000312719901558, 0.000361842714483, 0.000254116836004, 0.000621568644419, 0.00157618010417, 0.000393780996092, 0.000224285191507, 8.54073150549e-05, 0.000539121159818, 0.00044654647354, 0.000724029669072, 0.000519769731909, 0.000229910991038, 0.000345538923284, 0.000148992141476, 8.614492981e-05, 9.28159170144e-06, 8.60813372583e-07, 1.35726645567e-06, 4.16295790728e-07, 2.49598144819e-07, 5.4151172435e-08],
        "median": [1.26214108604e-05, 0.00516253709793, 0.00292692659423, 0.00632012542337, 0.0158164761961, 0.0002529261983, 0.000252815458225, 0.000184189644642, 0.000445448065875, 0.000505177420564, 0.000279393279925, 0.000123547870317, 4.67230565846e-05, 0.000382863887353, 0.000229179742746, 0.000472496496513, 0.000317637925036, 0.000168420432601, 0.000237953849137, 0.000102330304799, 5.61995111639e-05, 5.65910977457e-06, 6.299950428e-07, 6.9409554726e-07, 2.07528415785e-07, 1.41260386499e-07, 2.11744328737e-08],
        "min": [3.12978833961e-08, 0.000126277911477, 6.86001076247e-05, 6.64777471684e-05, 0.000555661332328, 1.37607348734e-05, 1.69625927811e-05, 1.35971413329e-05, 4.55412628071e-05, 3.19784739986e-05, 1.26127870317e-05, 5.39318807569e-06, 4.013115813e-06, 1.30325752252e-05, 1.17763156595e-05, 4.91978753416e-05, 2.52399804594e-05, 1.47700093294e-05, 1.75661716639e-05, 8.05542640592e-06, 6.22234028924e-06, 6.54462610328e-07, 1.48074676076e-07, 1.18117391423e-07, 4.25325517028e-08, 3.581243746e-08, 6.57329035647e-09],
        "var": [5.28494847885e-09, 8.81885280251e-05, 1.73831977008e-05, 4.44982615591e-05, 0.00019936345052, 5.3911410447e-08, 1.04431954639e-07, 5.3669513278e-08, 3.77862505729e-07, 1.96728233277e-05, 1.8870223073e-07, 1.56478790814e-07, 1.92395894771e-08, 2.71680306696e-07, 8.74209831636e-07, 1.83550548627e-06, 1.49295203755e-06, 4.87206150979e-08, 2.66017451622e-07, 5.76048755363e-08, 2.0432304737e-08, 5.8200744224e-10, 1.65468398532e-12, 1.8071023844e-11, 1.57036991917e-12, 6.5077993992e-13, 3.76160935083e-13]
    },
    "erbbands": {
        "dmean": [0.0627077147365, 1.50056290627, 3.30859804153, 6.96598911285, 61.6177062988, 22.5225963593, 1.82549631596, 2.04541110992, 2.55938148499, 3.49285006523, 6.83805704117, 7.60517787933, 13.4587011337, 31.7206745148, 11.4430866241, 5.3269777298, 1.60867476463, 6.95258522034, 16.7188835144, 12.2812833786, 25.0128822327, 15.5863437653, 5.92159843445, 9.94365882874, 5.85444784164, 3.82857370377, 1.77464044094, 1.32444107533, 0.220410332084, 0.0344302132726, 0.0115763852373, 0.018195591867, 0.00840238574892, 0.00356075703166, 0.000747798592784, 0.000595212681219, 0.000193980013137, 2.98874983855e-05, 1.22970150187e-05, 1.95957200049e-05],
        "dmean2": [0.111000858247, 2.57867574692, 5.02687454224, 11.761431694, 102.525001526, 37.8818435669, 3.22564101219, 3.5472843647, 4.25093698502, 6.06270122528, 11.7740402222, 12.8378629684, 22.8888969421, 49.1868782043, 19.618560791, 8.61897087097, 2.69412899017, 10.8564949036, 26.5313358307, 20.4201622009, 39.2565765381, 26.1963233948, 9.46931362152, 16.2939682007, 9.40160274506, 6.17268562317, 2.86402583122, 2.16469287872, 0.320665091276, 0.052387509495, 0.0166740939021, 0.0243367496878, 0.0119388019666, 0.00514960894361, 0.00103943806607, 0.00082589534577, 0.000290723750368, 3.73942639271e-05, 1.76861631189e-05, 3.27804991684e-05],
        "dvar": [0.00775870587677, 3.3202214241, 11.2194080353, 40.253452301, 2742.51635742, 328.731658936, 2.9587290287, 4.66717004776, 7.75719451904, 18.1238651276, 54.57970047, 90.6929550171, 502.802612305, 10975.4970703, 248.008178711, 129.09236145, 10.368938446, 85.6740646362, 1308.68286133, 703.487304688, 4078.67919922, 2238.47973633, 81.4339141846, 470.695739746, 90.5982131958, 73.2336120605, 11.390381813, 7.48458814621, 0.549902379513, 0.0144802210853, 0.000988574349321, 0.00577089423314, 0.000857307983097, 0.00022533632, 1.97766657948e-05, 9.66064453678e-06, 1.73263754277e-06, 1.47304220377e-07, 7.43684314131e-09, 2.67768418549e-10],
        "dvar2": [0.0234955754131, 10.4879932404, 26.1932754517, 111.546005249, 7022.87207031, 856.65411377, 7.90179491043, 13.5386257172, 21.089012146, 53.3006515503, 152.7787323, 247.836868286, 1165.68310547, 22213.8652344, 612.653381348, 295.352996826, 20.0582046509, 185.272644043, 2820.78637695, 1901.40026855, 8489.24316406, 6148.39501953, 179.268005371, 1150.50134277, 186.416366577, 121.005004883, 18.705619812, 13.434513092, 0.805871605873, 0.023283932358, 0.00145468732808, 0.00918878708035, 0.00145966745913, 0.000322337291436, 2.257005508e-05, 1.26837858261e-05, 2.7849291655e-06, 1.49316676357e-07, 7.42346006888e-09, 6.49765907745e-10],
        "max": [0.79846227169, 14.6846132278, 39.1171722412, 40.1629295349, 315.450744629, 176.554367065, 14.7631778717, 16.1812229156, 26.7840232849, 36.4773483276, 53.8102073669, 118.651443481, 274.364990234, 1650.32897949, 184.669998169, 239.508361816, 69.2168960571, 144.587203979, 617.335571289, 452.652252197, 1507.0456543, 953.835266113, 158.065200806, 468.10369873, 202.71194458, 195.01953125, 83.3872909546, 59.3756713867, 18.6010131836, 2.70038580894, 0.711640417576, 1.87597417831, 0.585938334465, 0.301979064941, 0.09157884866, 0.0522005297244, 0.0239534638822, 0.00854975078255, 0.00195188063662, 0.000221529611736],
        "mean": [0.0855082422495, 2.38876271248, 6.7726855278, 12.0761528015, 91.1220321655, 34.3380699158, 3.35891914368, 3.08201384544, 4.3426232338, 5.10166358948, 9.49979400635, 12.9250068665, 23.2433395386, 52.2858657837, 18.9261054993, 8.622174263, 3.67069554329, 15.0240039825, 34.9798355103, 23.7999706268, 41.883556366, 30.3080825806, 14.2632608414, 19.532371521, 11.8704204559, 7.60500049591, 3.96196508408, 2.62886166573, 0.461403906345, 0.0710390433669, 0.0283203646541, 0.0335595533252, 0.0164859350771, 0.00704246200621, 0.00187536026351, 0.00141165079549, 0.00039057910908, 4.09904459957e-05, 2.98235954688e-05, 5.42337256775e-05],
        "median": [0.0487754121423, 1.43057608604, 4.5958070755, 9.83659934998, 71.8483428955, 28.2345123291, 2.76600933075, 2.49254393578, 3.41895198822, 3.74176740646, 6.59617328644, 9.06295585632, 12.1109352112, 14.6723394394, 12.4363765717, 4.89291620255, 2.42147088051, 11.2336101532, 20.958694458, 16.7615432739, 26.7643699646, 19.9586029053, 10.1055212021, 14.0582351685, 8.20104217529, 5.1470785141, 2.69555163383, 1.642167449, 0.280868679285, 0.0417746677995, 0.0197646208107, 0.017525523901, 0.00857703853399, 0.00305856298655, 0.00121927715372, 0.000852904981002, 0.000219462657697, 1.5237156731e-05, 2.4908744308e-05, 5.35016151844e-05],
        "min": [0.00157073861919, 0.0343352481723, 0.209864199162, 1.14110207558, 1.50496947765, 1.52805697918, 0.395095825195, 0.265428751707, 0.289611697197, 0.319040417671, 0.586585760117, 1.01945447922, 1.29911422729, 1.17870163918, 1.06266486645, 0.456637501717, 0.246766522527, 0.529681146145, 0.755112349987, 0.889422118664, 2.26421499252, 1.52314174175, 0.835318624973, 1.23732686043, 0.630739986897, 0.403015106916, 0.368709117174, 0.195459112525, 0.0338810607791, 0.00751489121467, 0.0042772218585, 0.00318005448207, 0.00161012914032, 0.000554487050977, 0.000299024308333, 0.000203563293326, 7.71928753238e-05, 4.90993352287e-06, 8.29372311273e-06, 1.23363179227e-05],
        "var": [0.0115811554715, 6.84496498108, 42.045955658, 62.5442008972, 5237.66503906, 647.213806152, 4.7860455513, 5.39589214325, 11.9617071152, 21.8717308044, 71.216255188, 186.264358521, 1353.51196289, 27107.8769531, 444.006164551, 237.00050354, 27.5310230255, 233.066452026, 2969.88500977, 1080.0736084, 7197.26269531, 2814.43603516, 225.829559326, 800.137451172, 264.107147217, 180.107315063, 36.5273170471, 19.3538150787, 1.38217782974, 0.0342899747193, 0.00227510742843, 0.012222148478, 0.00196484406479, 0.000537154672202, 2.48533197009e-05, 1.47444698086e-05, 1.91725416698e-06, 1.4734783349e-07, 7.51672857291e-09, 4.03213601397e-10]
    },
    "gfcc": {
        "mean": [-32.0790557861, 165.405578613, -145.051635742, 51.6858634949, -17.259059906, -13.3419494629, -15.6001977921, -1.17565584183, -25.6140232086, -18.2404117584, -27.5214118958, -20.7930431366, 2.96353554726],
        "cov": [[439.95993042, -147.941085815, -171.343673706, -26.4099731445, -77.7288360596, 46.0409202576, -7.31842327118, 37.7164764404, -19.7380809784, 0.871204555035, -14.364153862, 21.2738552094, 2.02189898491], [-147.941085815, 200.123748779, 67.5793533325, -24.3960819244, 66.0775527954, -7.21235799789, 62.1791992188, -10.2147932053, 39.7998504639, -1.0024548769, 36.2543792725, 19.2950611115, 16.7730197906], [-171.343673706, 67.5793533325, 182.016571045, 33.926361084, 40.96849823, -10.7850952148, 5.57914924622, -9.52289295197, 14.0990314484, -5.61863708496, 12.2725868225, -11.2552642822, 0.510573506355], [-26.4099731445, -24.3960819244, 33.926361084, 68.3226242065, 19.0759086609, 1.98357903957, -6.95011281967, 8.55260753632, 8.30363845825, 7.2055773735, 6.20245933533, -6.38347244263, -0.996653974056], [-77.7288360596, 66.0775527954, 40.96849823, 19.0759086609, 87.2690200806, 24.8195381165, 34.6167869568, 3.0908036232, 27.8924541473, 6.30454301834, 15.8969926834, 14.3267812729, 16.2777519226], [46.0409202576, -7.21235799789, -10.7850952148, 1.98357903957, 24.8195381165, 87.8942947388, 48.4480133057, 40.087348938, 24.530210495, 11.8014602661, 23.418554306, 22.0012931824, 18.5661449432], [-7.31842327118, 62.1791992188, 5.57914924622, -6.95011281967, 34.6167869568, 48.4480133057, 94.304359436, 39.9314041138, 29.4586791992, 6.85092878342, 20.1177577972, 31.9266223907, 21.001789093], [37.7164764404, -10.2147932053, -9.52289295197, 8.55260753632, 3.0908036232, 40.087348938, 39.9314041138, 71.4063568115, 38.3843536377, 16.1594848633, 14.074839592, 22.7833213806, 12.3284330368], [-19.7380809784, 39.7998504639, 14.0990314484, 8.30363845825, 27.8924541473, 24.530210495, 29.4586791992, 38.3843536377, 57.9728469849, 28.3690299988, 19.7876853943, 17.4741401672, 7.3343038559], [0.871204555035, -1.0024548769, -5.61863708496, 7.2055773735, 6.30454301834, 11.8014602661, 6.85092878342, 16.1594848633, 28.3690299988, 51.7143325806, 15.8327856064, 5.78583812714, -6.16965055466], [-14.364153862, 36.2543792725, 12.2725868225, 6.20245933533, 15.8969926834, 23.418554306, 20.1177577972, 14.074839592, 19.7876853943, 15.8327856064, 49.1219940186, 27.409992218, 3.42512893677], [21.2738552094, 19.2950611115, -11.2552642822, -6.38347244263, 14.3267812729, 22.0012931824, 31.9266223907, 22.7833213806, 17.4741401672, 5.78583812714, 27.409992218, 54.8498382568, 20.0820121765], [2.02189898491, 16.7730197906, 0.510573506355, -0.996653974056, 16.2777519226, 18.5661449432, 21.001789093, 12.3284330368, 7.3343038559, -6.16965055466, 3.42512893677, 20.0820121765, 38.1821479797]],
        "icov": [[0.00487699359655, 0.00205839937553, 0.00309080607258, 0.000279659143416, 0.00232156855054, -0.00214182818308, -0.000274618912954, -7.09959786036e-05, -0.000709396903403, 0.00099639990367, 0.000359951489372, -0.00161917845253, 0.000145787009387], [0.00205839937553, 0.0272498037666, -0.00235115457326, 0.0145104136318, -0.00849104113877, 0.0167421381921, -0.019289875403, 0.0140171693638, -0.0217287931591, 0.0101122641936, -0.0227769669145, 0.012129271403, -0.00863446108997], [0.00309080607258, -0.00235115457326, 0.00999885704368, -0.00457681389526, 0.00048174127005, -0.001544966246, 0.00127512321342, -0.000672563444823, -0.000204214258702, 0.00209535146132, -0.000155094341608, 0.000877436483279, 0.000607877853326], [0.000279659143416, 0.0145104136318, -0.00457681389526, 0.0275341048837, -0.0113105326891, 0.0104746995494, -0.00535812601447, -0.000633227697108, -0.00715891364962, 0.00270322314464, -0.0156321320683, 0.0109192766249, -0.00525777973235], [0.00232156855054, -0.00849104113877, 0.00048174127005, -0.0113105326891, 0.0268172230572, -0.0117959361523, 0.000229702913202, 0.00835748575628, -0.00595093332231, -0.000769899401348, 0.00955248158425, -0.00737546291202, -0.00117538007908], [-0.00214182818308, 0.0167421381921, -0.001544966246, 0.0104746995494, -0.0117959361523, 0.0339882262051, -0.0179661531001, -0.000162151860422, -0.00988463964313, 0.00453810533509, -0.0236668772995, 0.0144759230316, -0.011369288899], [-0.000274618912954, -0.019289875403, 0.00127512321342, -0.00535812601447, 0.000229702913202, -0.0179661531001, 0.0351278521121, -0.0185359343886, 0.0163602754474, -0.00617860537022, 0.0167424343526, -0.0139475315809, 0.00532569130883], [-7.09959786036e-05, 0.0140171693638, -0.000672563444823, -0.000633227697108, 0.00835748575628, -0.000162151860422, -0.0185359343886, 0.0452749095857, -0.0350732728839, 0.00810783542693, -0.00640041474253, 0.000323657965055, -0.00561735825613], [-0.000709396903403, -0.0217287931591, -0.000204214258702, -0.00715891364962, -0.00595093332231, -0.00988463964313, 0.0163602754474, -0.0350732728839, 0.0648959055543, -0.025672564283, 0.0137868700549, -0.00952773354948, 0.00622828304768], [0.00099639990367, 0.0101122641936, 0.00209535146132, 0.00270322314464, -0.000769899401348, 0.00453810533509, -0.00617860537022, 0.00810783542693, -0.025672564283, 0.0348451919854, -0.0140722412616, 0.00575725315139, 0.00324585102499], [0.000359951489372, -0.0227769669145, -0.000155094341608, -0.0156321320683, 0.00955248158425, -0.0236668772995, 0.0167424343526, -0.00640041474253, 0.0137868700549, -0.0140722412616, 0.0582241006196, -0.0321655720472, 0.0166463200003], [-0.00161917845253, 0.012129271403, 0.000877436483279, 0.0109192766249, -0.00737546291202, 0.0144759230316, -0.0139475315809, 0.000323657965055, -0.00952773354948, 0.00575725315139, -0.0321655720472, 0.0458951219916, -0.0197894778103], [0.000145787009387, -0.00863446108997, 0.000607877853326, -0.00525777973235, -0.00117538007908, -0.011369288899, 0.00532569130883, -0.00561735825613, 0.00622828304768, 0.00324585102499, 0.0166463200003, -0.0197894778103, 0.0429872013628]]
    },
    "melbands": {
        "dmean": [0.00104664440732, 0.00187837774865, 0.00304299243726, 0.00339209917001, 0.00012221102952, 4.33338573202e-05, 4.39900286437e-05, 3.23990534525e-05, 6.93004330969e-05, 4.51682280982e-05, 6.98649673723e-05, 0.000139168099849, 4.02536461479e-05, 2.08450801438e-05, 6.73174599797e-06, 6.57496912027e-06, 1.46168549691e-05, 3.14891512971e-05, 1.6459460312e-05, 2.3760354452e-05, 3.06721885863e-05, 1.83558549907e-05, 9.97175538942e-06, 4.34524872617e-06, 9.29102407099e-06, 5.48629623154e-06, 2.99701810036e-06, 2.74343665296e-06, 1.03881836822e-06, 1.42263354519e-06, 5.01583656387e-07, 1.31240071255e-07, 6.44800834948e-08, 7.25784854438e-09, 5.76224845616e-09, 1.0234284531e-08, 1.2117712167e-08, 6.19909501509e-09, 4.92473217761e-09, 2.58520649332e-09],
        "dmean2": [0.0018150806427, 0.00301548838615, 0.00505068106577, 0.00569741846994, 0.000209481062484, 7.44267817936e-05, 7.40895411582e-05, 5.64242291148e-05, 0.000118306204968, 7.71459526732e-05, 0.000118421994557, 0.000215051579289, 7.01002791175e-05, 3.54030125891e-05, 1.13700161819e-05, 1.05328954305e-05, 2.28539956879e-05, 5.00011992699e-05, 2.62174526142e-05, 4.10266693507e-05, 4.81822426082e-05, 3.13980781357e-05, 1.5663314116e-05, 7.06296486896e-06, 1.52708234964e-05, 8.94547338248e-06, 4.8217711992e-06, 4.53551501778e-06, 1.69547013229e-06, 2.43933527599e-06, 8.02972294878e-07, 1.96633607175e-07, 9.42576292573e-08, 1.09940208048e-08, 9.01478980353e-09, 1.47078349499e-08, 1.63148659027e-08, 9.15028142146e-09, 7.42379047125e-09, 3.65098040689e-09],
        "dvar": [1.71030956153e-06, 4.01107035941e-06, 7.46802970752e-06, 7.16422482583e-06, 1.71300520435e-08, 2.04742667265e-09, 2.42017184071e-09, 1.56034307697e-09, 5.38152189478e-09, 3.15513659643e-09, 1.47764804836e-08, 2.14674344079e-07, 3.17764214941e-09, 1.14342246782e-09, 3.79981712761e-10, 1.69687000562e-10, 3.36541461365e-10, 3.1654314725e-09, 1.07867881294e-09, 6.44519149162e-09, 4.23547241724e-09, 5.29423216378e-09, 1.99752478447e-10, 6.40316480394e-11, 4.38556357896e-10, 1.15381794397e-10, 3.02814127939e-11, 3.57271816298e-11, 2.87624416472e-12, 9.18969848135e-12, 1.14927902264e-12, 1.56531742863e-13, 6.30114111388e-14, 3.44498146406e-16, 1.46988750771e-16, 1.95436208382e-15, 2.33317173497e-15, 3.681008783e-16, 3.58340994105e-16, 1.33148086829e-16],
        "dvar2": [5.40741893928e-06, 1.11538502097e-05, 1.99094720301e-05, 1.89946767932e-05, 4.36043876562e-08, 5.94976246049e-09, 6.62410881702e-09, 4.59180071744e-09, 1.50768588725e-08, 8.54728110511e-09, 3.30278737692e-08, 4.3258589244e-07, 8.40994385243e-09, 2.58288457289e-09, 8.09873834662e-10, 3.69962116498e-10, 7.41950834104e-10, 6.975054756e-09, 2.4177728708e-09, 1.85270518926e-08, 6.80077194559e-09, 1.53512811352e-08, 4.03521993597e-10, 1.87988305478e-10, 1.09756104205e-09, 2.73318367938e-10, 5.33750474374e-11, 7.33367463979e-11, 5.79695449629e-12, 1.77335750251e-11, 2.06469325144e-12, 2.23099560744e-13, 1.03015638825e-13, 6.11885166152e-16, 1.86850928597e-16, 3.73659606132e-15, 3.77190801786e-15, 6.6867819587e-16, 6.6248098519e-16, 1.84462705967e-16],
        "max": [0.0113996956497, 0.0205246079713, 0.0169953461736, 0.0154400523752, 0.00109916832298, 0.00033763673855, 0.000442504999228, 0.000339203048497, 0.000550847034901, 0.000659588316921, 0.00155580951832, 0.00731910811737, 0.000642444589175, 0.000606619636528, 0.000407011510106, 0.000218317567487, 0.000297412043437, 0.000862374668941, 0.000569599913433, 0.00145739724394, 0.0015657012118, 0.00137020018883, 0.000232439953834, 0.000124777114252, 0.000442883872893, 0.000209901802009, 0.000127175677335, 0.000130079031806, 4.11651708419e-05, 6.04190136073e-05, 2.28455883189e-05, 9.84450252872e-06, 5.85961970501e-06, 3.37805772688e-07, 2.38014791876e-07, 1.0763968703e-06, 1.16563410302e-06, 3.68267052409e-07, 3.22848563883e-07, 2.32735658301e-07],
        "mean": [0.00154244399164, 0.00356476241723, 0.00493581872433, 0.00506827281788, 0.000183744152309, 6.48074346827e-05, 7.28281884221e-05, 4.76800705655e-05, 9.47993248701e-05, 7.81373528298e-05, 0.000118957577797, 0.000224791278015, 6.13408410572e-05, 3.26838598994e-05, 1.03684615169e-05, 1.09822858576e-05, 3.10005198116e-05, 6.20725913905e-05, 3.35527656716e-05, 3.5270844819e-05, 5.13633349328e-05, 3.12875527015e-05, 2.13535913645e-05, 9.24849064177e-06, 1.70208386407e-05, 9.77222225629e-06, 6.13373413216e-06, 4.8263464123e-06, 2.06330082619e-06, 2.86674480776e-06, 9.48046647409e-07, 2.56749785876e-07, 9.80746435175e-08, 1.577554265e-08, 1.42092462241e-08, 1.88866646766e-08, 2.10674180323e-08, 1.19379830466e-08, 8.9391569702e-09, 4.75403405531e-09],
        "median": [0.000915577518754, 0.00228564697318, 0.00381270004436, 0.00416766200215, 0.000122001401905, 5.20220783073e-05, 5.6187294831e-05, 3.45590669895e-05, 6.75420888001e-05, 5.46749433852e-05, 6.12059084233e-05, 6.00623388891e-05, 4.17028059019e-05, 1.96553082787e-05, 5.89154842601e-06, 6.44444116915e-06, 2.2780332074e-05, 3.86638275813e-05, 2.03854178835e-05, 2.23665592785e-05, 3.18556558341e-05, 1.92881052499e-05, 1.49491279444e-05, 6.86890234647e-06, 1.18889438454e-05, 6.44402189209e-06, 4.46430158263e-06, 2.95548124996e-06, 1.48744857142e-06, 1.85164969935e-06, 6.04167610163e-07, 1.58764208891e-07, 4.4653312159e-08, 1.11377342904e-08, 1.04207620311e-08, 1.02675432601e-08, 1.08721467384e-08, 6.39778408029e-09, 3.80012643575e-09, 1.92929650034e-09],
        "min": [2.60193519352e-05, 7.02410252416e-05, 0.000262142391875, 0.000154257621034, 8.73077078722e-06, 3.66993367606e-06, 4.93892548548e-06, 2.82330870505e-06, 5.11600910613e-06, 6.53931647321e-06, 5.70929296373e-06, 3.66008976016e-06, 3.11783537654e-06, 1.63461868397e-06, 5.23569781308e-07, 4.4030070967e-07, 1.01110322248e-06, 1.32856257551e-06, 1.02323770079e-06, 2.14882720684e-06, 2.67435984824e-06, 1.59225044172e-06, 1.00184308849e-06, 6.86344037604e-07, 1.03557886177e-06, 5.00153078065e-07, 3.25588842998e-07, 2.52776288789e-07, 1.64812817616e-07, 1.68015688473e-07, 7.17070136602e-08, 1.63751501248e-08, 5.64384183832e-09, 2.79813994197e-09, 2.27242957784e-09, 1.6174293016e-09, 1.73537606507e-09, 1.10659525987e-09, 5.64240654199e-10, 3.26695087649e-10],
        "var": [3.04488685288e-06, 1.28782703541e-05, 1.39597241287e-05, 1.24756979858e-05, 3.20567643541e-08, 2.44624875911e-09, 3.46312534205e-09, 1.92175941827e-09, 7.32709404261e-09, 7.07627023644e-09, 3.90417902452e-08, 5.29056308096e-07, 4.64930005606e-09, 2.16487583415e-09, 5.57454582495e-10, 3.15976911303e-10, 9.62762758405e-10, 7.14133552293e-09, 2.52389709132e-09, 5.55804380298e-09, 1.03631183634e-08, 4.94482677027e-09, 5.27513976945e-10, 1.07236115821e-10, 6.73198219392e-10, 2.65382993359e-10, 7.06989605748e-11, 7.71027894308e-11, 7.29044255521e-12, 2.46779974927e-11, 2.58924956129e-12, 4.1986455545e-13, 1.29745958985e-13, 5.83007854216e-16, 3.04335999803e-16, 3.54107629314e-15, 4.76073089235e-15, 8.65668201489e-16, 7.28789741856e-16, 3.06912965196e-16]
    },
    "mfcc": {
        "mean": [-667.129394531, 185.135040283, -47.5061264038, 66.4472122192, 10.3869800568, 7.08280944824, 12.9780311584, 4.6147608757, 17.4962482452, 2.47204828262, -14.799870491, -8.00827026367, -17.6759262085],
        "cov": [[593.545715332, -206.459213257, -134.037719727, -107.236480713, -68.7102050781, -37.6029891968, -1.83827984333, 8.89959430695, 8.06458377838, -15.4496831894, -4.98121023178, -13.7509098053, -4.41568470001], [-206.459213257, 238.632858276, 21.0579128265, 24.6953659058, 4.07168197632, 30.6310634613, 10.6681680679, 26.1327266693, 5.22296857834, 6.70811367035, 16.3662624359, 7.43903636932, 15.6376495361], [-134.037719727, 21.0579128265, 126.829589844, 28.4889240265, 29.4180850983, -0.0626132488251, 9.48040676117, 4.20719432831, 0.286820739508, 6.34968185425, 5.31243753433, 12.567027092, 9.35537052155], [-107.236480713, 24.6953659058, 28.4889240265, 81.5099105835, 23.9180049896, 1.87530910969, -6.11173868179, -9.33924865723, 0.0085700172931, 1.13407194614, -0.577104389668, 10.2983894348, 0.243564978242], [-68.7102050781, 4.07168197632, 29.4180850983, 23.9180049896, 69.0087051392, 17.9046516418, 1.62871444225, 1.36958897114, 4.60593318939, 5.94384479523, 8.66452026367, 6.21451568604, 5.38506221771], [-37.6029891968, 30.6310634613, -0.0626132488251, 1.87530910969, 17.9046516418, 51.8574066162, 23.804063797, 9.01455974579, 6.66206932068, 8.43266296387, 11.0923929214, 5.52933359146, 7.81472253799], [-1.83827984333, 10.6681680679, 9.48040676117, -6.11173868179, 1.62871444225, 23.804063797, 52.4705429077, 30.9742622375, 14.5035676956, 6.21464776993, 4.73218631744, 0.91945040226, 12.5125341415], [8.89959430695, 26.1327266693, 4.20719432831, -9.33924865723, 1.36958897114, 9.01455974579, 30.9742622375, 71.7781906128, 32.2461471558, 3.44746088982, 8.68637752533, 3.07272624969, 26.3139228821], [8.06458377838, 5.22296857834, 0.286820739508, 0.0085700172931, 4.60593318939, 6.66206932068, 14.5035676956, 32.2461471558, 63.1274108887, 20.8902435303, 0.274890840054, 4.50810670853, 15.1272735596], [-15.4496831894, 6.70811367035, 6.34968185425, 1.13407194614, 5.94384479523, 8.43266296387, 6.21464776993, 3.44746088982, 20.8902435303, 47.132850647, 18.4369449615, 1.84783160686, 3.17454457283], [-4.98121023178, 16.3662624359, 5.31243753433, -0.577104389668, 8.66452026367, 11.0923929214, 4.73218631744, 8.68637752533, 0.274890840054, 18.4369449615, 50.3907394409, 24.2952079773, 10.4875831604], [-13.7509098053, 7.43903636932, 12.567027092, 10.2983894348, 6.21451568604, 5.52933359146, 0.91945040226, 3.07272624969, 4.50810670853, 1.84783160686, 24.2952079773, 48.9046859741, 24.3422374725], [-4.41568470001, 15.6376495361, 9.35537052155, 0.243564978242, 5.38506221771, 7.81472253799, 12.5125341415, 26.3139228821, 15.1272735596, 3.17454457283, 10.4875831604, 24.3422374725, 53.0747032166]],
