{
"lowlevel": {
    "average_loudness": 0.983283162117,
    "barkbands_crest": {
        "dmean": 2.98467230797,
        "dmean2": 5.05348014832,
        "dvar": 5.29301023483,
        "dvar2": 14.5893363953,
        "max": 21.5820999146,
        "mean": 10.3578643799,
        "median": 9.95952033997,
        "min": 3.57488250732,
        "var": 10.7152204514
    },
    "barkbands_flatness_db": {
        "dmean": 0.0214892681688,
        "dmean2": 0.035787243396,
        "dvar": 0.000261414737906,
        "dvar2": 0.000717085960787,
        "max": 0.262848347425,
        "mean": 0.193948060274,
        "median": 0.193904861808,
        "min": 0.113267213106,
        "var": 0.000677401432768
    },
    "barkbands_kurtosis": {
        "dmean": 1.96097099781,
        "dmean2": 3.23777937889,
        "dvar": 3.69693779945,
        "dvar2": 10.0390672684,
        "max": 12.4619045258,
        "mean": 1.24742555618,
        "median": 0.533901691437,
        "min": -1.85119462013,
        "var": 7.2864575386
    },
    "barkbands_skewness": {
        "dmean": 0.596017003059,
        "dmean2": 0.969666600227,
        "dvar": 0.207683637738,
        "dvar2": 0.557761371136,
        "max": 3.30691146851,
        "mean": 1.34332370758,
        "median": 1.34908866882,
        "min": -0.832015514374,
        "var": 0.607793807983
    },
    "barkbands_spread": {
        "dmean": 5.93569660187,
        "dmean2": 9.46625518799,
        "dvar": 20.9868602753,
        "dvar2": 53.0000114441,
        "max": 47.2346496582,
        "mean": 24.4043483734,
        "median": 24.300239563,
        "min": 7.75997972488,
        "var": 72.7131729126
    },
    "dissonance": {
        "dmean": 0.0103472555056,
        "dmean2": 0.0170934144408,
        "dvar": 9.91362103377e-05,
        "dvar2": 0.000226253818255,
        "max": 0.499771952629,
        "mean": 0.480073869228,
        "median": 0.481776952744,
        "min": 0.344405770302,
        "var": 0.000167489706655
    },
    "dynamic_complexity": 0.862396419048,
    "erbbands_crest": {
        "dmean": 3.23099732399,
        "dmean2": 5.53336715698,
        "dvar": 7.77586507797,
        "dvar2": 19.8142337799,
        "max": 27.2337684631,
        "mean": 10.2661018372,
        "median": 9.49230003357,
        "min": 3.7944149971,
        "var": 13.1397294998
    },
    "erbbands_flatness_db": {
        "dmean": 0.0147413592786,
        "dmean2": 0.023766240105,
        "dvar": 0.000164786993992,
        "dvar2": 0.000339844205882,
        "max": 0.325358569622,
        "mean": 0.227863579988,
        "median": 0.224392145872,
        "min": 0.181706175208,
        "var": 0.00048610084923
    },
    "erbbands_kurtosis": {
        "dmean": 1.27096867561,
        "dmean2": 2.03641581535,
        "dvar": 2.24694800377,
        "dvar2": 4.85915660858,
        "max": 15.6290493011,
        "mean": 0.581280112267,
        "median": -0.0871467590332,
        "min": -1.66952717304,
        "var": 5.12986660004
    },
    "erbbands_skewness": {
        "dmean": 0.447058022022,
        "dmean2": 0.696075022221,
        "dvar": 0.128864243627,
        "dvar2": 0.317318350077,
        "max": 0.640344917774,
        "mean": -0.953281104565,
        "median": -0.892770707607,
        "min": -3.89080142975,
        "var": 0.442568093538
    },
    "erbbands_spread": {
        "dmean": 7.40981769562,
        "dmean2": 12.141462326,
        "dvar": 31.339138031,
        "dvar2": 80.4686813354,
        "max": 55.4739303589,
        "mean": 33.5384864807,
        "median": 34.1938018799,
        "min": 8.37936687469,
        "var": 96.5444259644
    },
    "hfc": {
        "dmean": 7.22393465042,
        "dmean2": 11.0042438507,
        "dvar": 59.4813919067,
        "dvar2": 128.455993652,
        "max": 98.4915618896,
        "mean": 23.8323230743,
        "median": 19.7372264862,
        "min": 0.202456787229,
        "var": 186.978942871
    },
    "melbands_crest": {
        "dmean": 4.1365237236,
        "dmean2": 6.99086093903,
        "dvar": 9.86074542999,
        "dvar2": 28.5759029388,
        "max": 28.406835556,
        "mean": 15.264087677,
        "median": 14.9951181412,
        "min": 4.09124708176,
        "var": 19.1096305847
    },
    "melbands_flatness_db": {
        "dmean": 0.0293649062514,
        "dmean2": 0.049022808671,
        "dvar": 0.000475040083984,
        "dvar2": 0.00129998463672,
        "max": 0.363477915525,
        "mean": 0.281012684107,
        "median": 0.281884074211,
        "min": 0.183304533362,
        "var": 0.00136237242259
    },
    "melbands_kurtosis": {
        "dmean": 5.99475097656,
        "dmean2": 9.99020576477,
        "dvar": 28.8261795044,
        "dvar2": 78.065284729,
        "max": 36.6169700623,
        "mean": 9.18410682678,
        "median": 7.8049325943,
        "min": -1.68506586552,
        "var": 56.8714752197
    },
    "melbands_skewness": {
        "dmean": 0.842105507851,
        "dmean2": 1.39617931843,
        "dvar": 0.404779821634,
        "dvar2": 1.12058746815,
        "max": 5.57635354996,
        "mean": 2.79158782959,
        "median": 2.7983982563,
        "min": 0.273948162794,
        "var": 1.01284050941
    },
    "melbands_spread": {
        "dmean": 9.39594078064,
        "dmean2": 15.4033718109,
        "dvar": 74.1902923584,
        "dvar2": 180.993560791,
        "max": 79.7113189697,
        "mean": 24.2559261322,
        "median": 20.7836170197,
        "min": 5.36164236069,
        "var": 196.159927368
    },
    "pitch_salience": {
        "dmean": 0.0872365534306,
        "dmean2": 0.14652018249,
        "dvar": 0.00502908881754,
        "dvar2": 0.0143785178661,
        "max": 0.770853817463,
        "mean": 0.536475479603,
        "median": 0.542348265648,
        "min": 0.227723821998,
        "var": 0.00914361793548
    },
    "silence_rate_20dB": {
        "dmean": 0,
        "dmean2": 0,
        "dvar": 0,
        "dvar2": 0,
        "max": 1,
        "mean": 1,
        "median": 1,
        "min": 1,
        "var": 0
    },
    "silence_rate_30dB": {
        "dmean": 0,
        "dmean2": 0,
        "dvar": 0,
        "dvar2": 0,
        "max": 1,
        "mean": 1,
        "median": 1,
        "min": 1,
        "var": 0
    },
    "silence_rate_60dB": {
        "dmean": 0,
        "dmean2": 0,
        "dvar": 0,
        "dvar2": 0,
        "max": 0,
        "mean": 0,
        "median": 0,
        "min": 0,
        "var": 0
    },
    "spectral_centroid": {
        "dmean": 251.423278809,
        "dmean2": 396.525360107,
        "dvar": 38430.765625,
        "dvar2": 93770.203125,
        "max": 2257.23974609,
        "mean": 1331.49438477,
        "median": 1337.20385742,
        "min": 532.352539062,
        "var": 153709.71875
    },
    "spectral_complexity": {
        "dmean": 3.18974351883,
        "dmean2": 4.90488433838,
        "dvar": 6.19475984573,
        "dvar2": 14.6464738846,
        "max": 43,
        "mean": 24.2583122253,
        "median": 24,
        "min": 1,
        "var": 26.0381164551
    },
    "spectral_decrease": {
        "dmean": 3.29692184664e-09,
        "dmean2": 5.54440893197e-09,
        "dvar": 5.8009464983e-18,
        "dvar2": 1.66742124893e-17,
        "max": -2.20597956568e-10,
        "mean": -1.02442285765e-08,
        "median": -1.01553414567e-08,
        "min": -1.832389529e-08,
        "var": 9.98365144013e-18
    },
    "spectral_energy": {
        "dmean": 0.0127289406955,
        "dmean2": 0.021357556805,
        "dvar": 8.58900457388e-05,
        "dvar2": 0.000245254021138,
        "max": 0.070810765028,
        "mean": 0.040825612843,
        "median": 0.0406656935811,
        "min": 0.00085094734095,
        "var": 0.000153363012942
    },
    "spectral_energyband_high": {
        "dmean": 5.04632735101e-05,
        "dmean2": 7.55001819925e-05,
        "dvar": 2.40232100879e-09,
        "dvar2": 5.64937563396e-09,
        "max": 0.000707457074896,
        "mean": 0.000223637543968,
        "median": 0.000203259900445,
        "min": 2.52891572927e-06,
        "var": 1.38524880455e-08
    },
    "spectral_energyband_low": {
        "dmean": 0.0115468353033,
        "dmean2": 0.0196948386729,
        "dvar": 7.34835557523e-05,
        "dvar2": 0.000214873391087,
        "max": 0.0577665232122,
        "mean": 0.0200347490609,
        "median": 0.0185833815485,
        "min": 0.000552443088964,
        "var": 0.000121887373098
    },
    "spectral_energyband_middle_high": {
        "dmean": 0.0031249881722,
        "dmean2": 0.00484796892852,
        "dvar": 1.13566820801e-05,
        "dvar2": 2.42801852437e-05,
        "max": 0.0382241308689,
        "mean": 0.00856519211084,
        "median": 0.0066433805041,
        "min": 3.73435323127e-05,
        "var": 3.55871488864e-05
    },
    "spectral_energyband_middle_low": {
        "dmean": 0.00563125545159,
        "dmean2": 0.00949530489743,
        "dvar": 2.53162543231e-05,
        "dvar2": 7.06758510205e-05,
        "max": 0.048697963357,
        "mean": 0.0127518959343,
        "median": 0.0112100299448,
        "min": 0.000332405674271,
        "var": 4.40324402007e-05
    },
    "spectral_entropy": {
        "dmean": 0.108297817409,
        "dmean2": 0.171070501208,
        "dvar": 0.0102757224813,
        "dvar2": 0.0183007828891,
        "max": 8.7525138855,
        "mean": 7.2279343605,
        "median": 7.23375701904,
        "min": 6.6852440834,
        "var": 0.028351129964
    },
    "spectral_flux": {
        "dmean": 0.0228330399841,
        "dmean2": 0.0368028134108,
        "dvar": 0.000336554221576,
        "dvar2": 0.000853762612678,
        "max": 0.201728656888,
        "mean": 0.116011500359,
        "median": 0.115364983678,
        "min": 0.0619296245277,
        "var": 0.000645394145977
    },
    "spectral_kurtosis": {
        "dmean": 4.1819691658,
        "dmean2": 7.50128555298,
        "dvar": 11.5973873138,
        "dvar2": 35.5761184692,
        "max": 28.4459171295,
        "mean": 7.47114133835,
        "median": 6.65418720245,
        "min": 1.41248226166,
        "var": 17.3237895966
    },
    "spectral_rms": {
        "dmean": 0.00100764201488,
        "dmean2": 0.00168623996433,
        "dvar": 5.81376866648e-07,
        "dvar2": 1.5608478634e-06,
        "max": 0.00831165909767,
        "mean": 0.00622985977679,
        "median": 0.00629871804267,
        "min": 0.000911149021704,
        "var": 1.01872240066e-06
    },
    "spectral_rolloff": {
        "dmean": 528.11517334,
        "dmean2": 910.428405762,
        "dvar": 271129.84375,
        "dvar2": 648928.875,
        "max": 2648.58398438,
        "mean": 1369.14868164,
        "median": 1614.99023438,
        "min": 107.666015625,
        "var": 607465.4375
    },
    "spectral_skewness": {
        "dmean": 0.374943941832,
        "dmean2": 0.666331231594,
        "dvar": 0.0996930226684,
        "dvar2": 0.312188565731,
        "max": 3.48912239075,
        "mean": 1.3857139349,
        "median": 1.34027433395,
        "min": 0.623785316944,
        "var": 0.150394201279
    },
    "spectral_spread": {
        "dmean": 248566.84375,
        "dmean2": 358050.75,
        "dvar": 1.07243241472e+12,
        "dvar2": 546160476160,
        "max": 28721756,
        "mean": 2291526.25,
        "median": 2219319.25,
        "min": 1496086.75,
        "var": 1.98233541837e+12
    },
    "spectral_strongpeak": {
        "dmean": 0.381560862064,
        "dmean2": 0.693005740643,
        "dvar": 0.980005264282,
        "dvar2": 2.91883683205,
        "max": 9.49713993073,
        "mean": 0.48464396596,
        "median": 0.347365707159,
        "min": 0.0148785514757,
        "var": 0.586005151272
    },
    "zerocrossingrate": {
        "dmean": 0.00688977353275,
        "dmean2": 0.00889826659113,
        "dvar": 3.32137169607e-05,
        "dvar2": 5.13608174515e-05,
        "max": 0.09228515625,
        "mean": 0.0429924763739,
        "median": 0.041015625,
        "min": 0.001953125,
        "var": 0.000180294460733
    },
    "barkbands": {
        "dmean": [0.000125997161376, 0.00935536623001, 0.00421857181937, 0.00133195414674, 0.00435380684212, 0.000522038433701, 0.00156786339357, 0.000352121511241, 0.000205203046789, 0.000174987901119, 0.000145858430187, 9.62443664321e-05, 0.000145573183545, 0.00121948297601, 0.000400594843086, 0.00102912390139, 0.00159065204207, 0.000197322689928, 4.77468929603e-05, 4.05777136621e-05, 4.22583980253e-05, 2.20199649448e-06, 6.15230305812e-07, 2.37504295342e-07, 6.39781063683e-08, 6.51730118761e-08, 1.83264585729e-08],
        "dmean2": [0.000196696040803, 0.0162738952786, 0.00709716463462, 0.00230875518173, 0.00744473235682, 0.000907271285541, 0.0026726257056, 0.000592641765252, 0.000323114858475, 0.00030399748357, 0.000250201701419, 0.000162298034411, 0.000241555389948, 0.00207927008159, 0.000688052736223, 0.00168771808967, 0.00248672394082, 0.000312971242238, 7.63207208365e-05, 6.56150732539e-05, 6.46527987556e-05, 3.52176198248e-06, 1.13903058718e-06, 3.79670581196e-07, 1.01316963708e-07, 1.04863822514e-07, 2.61269015311e-08],
        "dvar": [3.44674049302e-08, 5.23391681782e-05, 1.39476087497e-05, 2.91194510282e-06, 1.90101509361e-05, 2.83949106006e-07, 3.94998778575e-06, 1.67670606288e-07, 1.12995735435e-07, 4.86984923498e-08, 4.0271128654e-08, 1.3651895614e-08, 3.83413869542e-08, 1.46452032368e-06, 1.68172803683e-07, 2.46252352554e-06, 6.20169930698e-06, 9.56753183345e-08, 3.73629882588e-09, 5.08210717953e-09, 1.80357406787e-09, 6.08844008196e-12, 4.73721051535e-13, 1.02472074066e-13, 1.24385551636e-14, 9.92877621211e-15, 7.95161750707e-15],
        "dvar2": [6.88420556116e-08, 0.00013931155263, 3.96672803618e-05, 8.84984820004e-06, 5.1805673138e-05, 7.87400097124e-07, 1.10954779302e-05, 4.26381546959e-07, 2.60265892393e-07, 1.30894733275e-07, 1.17468196947e-07, 3.36609353724e-08, 9.53808481086e-08, 3.96890118282e-06, 4.4351642714e-07, 6.10897086517e-06, 1.21388839034e-05, 2.48884816756e-07, 8.63675353457e-09, 1.24769075072e-08, 4.14906287105e-09, 1.4307107582e-11, 1.36503362867e-12, 2.45034759627e-13, 2.41895923187e-14, 1.61989138872e-14, 8.30811249875e-15],
        "max": [0.00246818782762, 0.0550980493426, 0.0264090914279, 0.0194382965565, 0.0413055382669, 0.00390283879824, 0.0190241131932, 0.00410669669509, 0.00608506798744, 0.00305645284243, 0.00229791528545, 0.00104946864303, 0.00238544703461, 0.0116023765877, 0.00371266109869, 0.0182740613818, 0.030323728919, 0.00364074646495, 0.000711661356036, 0.000575466139708, 0.000561743101571, 2.70298805845e-05, 6.78975766277e-06, 4.92908657179e-06, 1.75717502771e-06, 1.84125235592e-06, 1.88070362128e-06],
        "mean": [0.00026197580155, 0.0136578511447, 0.00541912438348, 0.00165501981974, 0.00708616245538, 0.000731170235667, 0.00230367551558, 0.000560870976187, 0.00033438031096, 0.000257918494754, 0.000234748134972, 0.000150035091792, 0.000213354069274, 0.00226229336113, 0.000800185953267, 0.0016098220367, 0.00259162904695, 0.000342818704667, 9.70956971287e-05, 6.23687083134e-05, 0.000185457000043, 5.68178347748e-06, 1.00234524325e-06, 6.58291298805e-07, 1.80402622618e-07, 1.65957757758e-07, 7.92991201592e-08],
        "median": [0.000110259679786, 0.0115762325004, 0.00422559166327, 0.0011628086213, 0.0056875674054, 0.000582855544053, 0.00176113168709, 0.000400212185923, 0.000220829082537, 0.000172278028913, 0.000183955402463, 0.000109337357571, 0.000140279429615, 0.00176935223863, 0.000669226457831, 0.000974385009613, 0.00140409672167, 0.00022319702839, 6.91504392307e-05, 2.84856450889e-05, 0.000168213024153, 4.58565455119e-06, 8.02894760454e-07, 5.4493642665e-07, 1.52176937718e-07, 1.42537160741e-07, 6.96131152722e-08],
        "min": [3.00147746657e-07, 0.000224712508498, 0.000210837897612, 2.86777958536e-05, 0.000137479306431, 7.49187211113e-06, 2.26683951041e-05, 5.82229904467e-06, 1.02708027043e-05, 4.642078693e-06, 3.62102309737e-06, 1.7324930468e-06, 2.60742217506e-06, 6.53115739624e-06, 2.28763769883e-06, 5.36570041731e-06, 8.70730400493e-06, 2.17599517782e-06, 4.10567281506e-07, 9.70087938867e-08, 2.29635156757e-06, 1.20930550906e-07, 2.03348253791e-08, 2.85231269714e-08, 1.60884827682e-09, 2.54307619407e-09, 1.32265698394e-09],
        "var": [1.67578875221e-07, 8.87273345143e-05, 2.07999146369e-05, 2.92236813948e-06, 3.00711562886e-05, 3.16326151051e-07, 4.33154127677e-06, 2.63646910525e-07, 2.03363256901e-07, 7.48310853282e-08, 5.11244557799e-08, 1.88284996483e-08, 5.27020027619e-08, 2.87123862108e-06, 2.8447806244e-07, 3.63272170034e-06, 1.22521596495e-05, 1.49471816258e-07, 8.30293167553e-09, 7.44564232491e-09, 1.00206438702e-08, 1.39876313657e-11, 5.21578657001e-13, 1.97903894878e-13, 1.96636801351e-14, 1.34126735461e-14, 9.08845261283e-15]
    },
    "erbbands": {
        "dmean": [0.204689219594, 2.40804886818, 5.5032582283, 3.18172883987, 9.8918132782, 20.1208286285, 4.96074914932, 5.16207075119, 16.741809845, 22.2253189087, 6.65035009384, 4.43312692642, 5.67057800293, 4.91139364243, 3.49698233604, 4.29497623444, 6.48220443726, 33.1326560974, 54.204246521, 25.2190647125, 59.1967086792, 93.213508606, 21.4996166229, 4.30428600311, 2.22735977173, 1.50518965721, 1.12287557125, 2.17956542969, 0.14753895998, 0.0201528482139, 0.017863182351, 0.00758262490854, 0.00302690267563, 0.00103671103716, 0.000350778573193, 0.000423898134613, 7.80245172791e-05, 1.38621098813e-05, 7.15074202162e-06, 1.41028203871e-05],
        "dmean2": [0.337381482124, 4.20270776749, 9.29129314423, 5.44028806686, 16.7805137634, 34.6233062744, 8.40536880493, 8.96732139587, 28.8993797302, 37.1347045898, 11.1554174423, 6.99833631516, 9.81534290314, 8.45993041992, 5.74786233902, 7.05989122391, 10.5687456131, 56.2424430847, 93.7364273071, 41.5353431702, 95.1362991333, 143.782073975, 32.3608551025, 7.02724218369, 3.41899776459, 2.39318919182, 1.75608575344, 3.21925210953, 0.227721467614, 0.0341435186565, 0.0329095199704, 0.0126113500446, 0.00490133790299, 0.0016952768201, 0.000553520396352, 0.000685562437866, 0.000125064587337, 2.15322907025e-05, 1.13726400741e-05, 2.37409167312e-05],
        "dvar": [0.033291246742, 3.51215910912, 23.6982975006, 11.8962612152, 84.1918258667, 497.502288818, 21.3824386597, 32.0556411743, 291.949493408, 1033.18603516, 60.9276199341, 45.7106704712, 57.8581619263, 60.4971351624, 16.9023361206, 22.1118774414, 70.5222091675, 1300.95959473, 3151.48291016, 1373.02001953, 7985.81835938, 21008.2617188, 1084.81005859, 25.3847255707, 19.6324157715, 5.50653791428, 2.24407577515, 4.79205036163, 0.0218659564853, 0.00050545175327, 0.00040577648906, 7.18181108823e-05, 1.56835048983e-05, 2.33243304137e-06, 5.12256121965e-07, 2.48246578849e-07, 2.81416543402e-08, 2.97661228998e-09, 1.67275512886e-10, 1.07246399261e-10],
        "dvar2": [0.0789753496647, 9.87352466583, 69.4482116699, 35.7987442017, 246.142288208, 1355.10009766, 61.4735832214, 90.8288116455, 791.809448242, 2758.53955078, 166.19354248, 102.437538147, 146.585845947, 171.008300781, 43.9030570984, 51.1774215698, 175.978591919, 3352.44995117, 8475.30566406, 3249.52124023, 19021.3535156, 44413.4335938, 2598.36108398, 56.7993507385, 48.7453613281, 12.5520839691, 5.18375349045, 11.1299190521, 0.0531792975962, 0.00134346296545, 0.00118646689225, 0.000182214047527, 3.74127230316e-05, 5.37340702067e-06, 8.22871697892e-07, 5.12494750637e-07, 3.8999814933e-08, 3.19261306281e-09, 2.12221615281e-10, 2.95859281518e-10],
        "max": [2.30841517448, 10.6162319183, 34.0606842041, 41.5094604492, 82.2726287842, 205.264724731, 42.7037963867, 43.9870071411, 125.466911316, 328.016723633, 87.4720840454, 127.650039673, 104.16292572, 126.436889648, 42.1575393677, 53.2434082031, 107.144355774, 347.907775879, 545.317077637, 365.162963867, 958.698425293, 1984.82592773, 321.80480957, 45.2298278809, 54.6266479492, 19.0176506042, 18.1331863403, 32.5331840515, 1.66734886169, 0.296928226948, 0.198083117604, 0.108974739909, 0.0624855868518, 0.0239051878452, 0.0121904490516, 0.0077641736716, 0.00322706368752, 0.00110446463805, 0.000278893538052, 8.82537060534e-05],
        "mean": [0.338643461466, 3.19579553604, 7.34271097183, 5.09093999863, 15.1868877411, 28.5354537964, 8.30792999268, 7.41749334335, 25.5326080322, 29.8119525909, 11.5246610641, 7.62180805206, 9.09774971008, 8.23343467712, 6.29578113556, 7.64632129669, 10.8678617477, 59.6618804932, 112.31539917, 45.7367477417, 96.5821075439, 150.092041016, 38.5028266907, 9.38653659821, 3.86795902252, 2.65651011467, 3.3030872345, 9.5131816864, 0.637744784355, 0.0607745908201, 0.0323860645294, 0.0187704004347, 0.00810904055834, 0.002864186652, 0.00095791235799, 0.0011720842449, 0.000176808825927, 3.07075133605e-05, 2.99623698083e-05, 4.86801254738e-05],
        "median": [0.224707007408, 2.77664422989, 5.92440271378, 4.32766437531, 12.1773538589, 20.2535839081, 7.0922203064, 5.94141387939, 20.7234649658, 19.6308116913, 8.24689292908, 5.34094285965, 6.05724668503, 6.34381341934, 4.98780584335, 5.98413801193, 7.52026081085, 45.1121520996, 91.3029403687, 33.4512634277, 55.8044471741, 85.3272171021, 23.8807315826, 7.07994127274, 2.16526269913, 1.4380453825, 2.67683362961, 8.58456039429, 0.574572145939, 0.0518235340714, 0.0272435676306, 0.0157312173396, 0.00665933266282, 0.0024317423813, 0.000795206055045, 0.00100946635939, 0.000151144980919, 2.4020060664e-05, 2.9209018976e-05, 4.8555801186e-05],
        "min": [0.00516830990091, 0.0565419942141, 0.2352668643, 0.344650924206, 0.530271291733, 0.434380054474, 0.0900142639875, 0.0867751091719, 0.267132848501, 0.319360733032, 0.126514166594, 0.286077290773, 0.168884336948, 0.141000851989, 0.101818814874, 0.0874314978719, 0.123703375459, 0.22593960166, 0.293755710125, 0.105939075351, 0.400387465954, 0.459440380335, 0.152832388878, 0.0669483840466, 0.0123278414831, 0.00560125848278, 0.0180520191789, 0.135590925813, 0.011883975938, 0.000872655771673, 0.000627973582596, 0.000938903540373, 0.000238353997702, 2.68939384114e-05, 1.19607884699e-05, 1.26824415929e-05, 4.35755737271e-06, 7.91937907252e-07, 5.50606785055e-07, 9.61171622293e-07],
        "var": [0.116574667394, 4.77504873276, 33.483669281, 13.4439153671, 133.666656494, 690.611022949, 34.1328086853, 33.1253242493, 360.355651855, 1339.14892578, 108.550262451, 88.1604385376, 103.502326965, 79.6242294312, 26.9862823486, 37.7066993713, 105.835151672, 2392.91845703, 5627.00976562, 1982.47009277, 13425.2314453, 39210.9179688, 2045.00109863, 53.9199752808, 31.0855751038, 10.2426557541, 5.96974277496, 27.9017944336, 0.0979913771152, 0.00116495823022, 0.000476000452181, 0.000138907911605, 3.09843890136e-05, 4.07088964494e-06, 6.69820508392e-07, 4.14382242298e-07, 3.19300106355e-08, 3.19281956429e-09, 2.20953907948e-10, 2.03737679505e-10]
    },
    "gfcc": {
        "mean": [-21.4457836151, 171.690536499, -151.514770508, 51.4710922241, -10.9070520401, -13.6989030838, -27.3499011993, -9.50929546356, 2.05598568916, 5.12894296646, -20.2013759613, -6.67578887939, 2.74412941933],
        "cov": [[449.968261719, -66.9565124512, -146.568878174, -5.66310024261, -0.735375344753, -23.7643413544, 2.72622823715, 28.8702545166, -15.0479621887, 5.57816505432, 9.35206604004, -1.62232339382, 0.759874522686], [-66.9565124512, 91.0213470459, 73.0352249146, -6.35282325745, 2.82397484779, -11.7836837769, 9.91674137115, -10.246805191, 14.3950271606, -2.09942913055, 1.68787586689, -5.09507036209, 5.3195233345], [-146.568878174, 73.0352249146, 162.358047485, 15.3429136276, -7.31660079956, 20.525352478, -4.26794672012, -27.9107055664, 11.1658153534, 9.31781959534, 0.763878941536, -2.62430906296, 6.1086602211], [-5.66310024261, -6.35282325745, 15.3429136276, 52.0622749329, 26.1428852081, -5.09090280533, -1.67692756653, -3.42941737175, 4.54234600067, -6.20353937149, 3.12607431412, 1.81711173058, -0.634641647339], [-0.735375344753, 2.82397484779, -7.31660079956, 26.1428852081, 77.9529724121, 0.126139521599, 0.747368752956, 11.9123573303, 13.3942756653, -11.7954540253, 3.03262853622, 11.6534996033, 1.30975759029], [-23.7643413544, -11.7836837769, 20.525352478, -5.09090280533, 0.126139521599, 67.8249435425, 26.3288478851, -12.2522678375, 2.82027029991, 21.321313858, 5.9509563446, 5.26623773575, 8.80559062958], [2.72622823715, 9.91674137115, -4.26794672012, -1.67692756653, 0.747368752956, 26.3288478851, 66.7453613281, 17.5517272949, 7.9723739624, 19.1600666046, 1.68882775307, 1.83249294758, 6.49151039124], [28.8702545166, -10.246805191, -27.9107055664, -3.42941737175, 11.9123573303, -12.2522678375, 17.5517272949, 51.7123908997, 15.3594379425, -8.09013748169, 1.50341415405, -1.05815434456, 0.978401780128], [-15.0479621887, 14.3950271606, 11.1658153534, 4.54234600067, 13.3942756653, 2.82027029991, 7.9723739624, 15.3594379425, 45.3551330566, 15.1609764099, 3.55272173882, 7.08860635757, 1.22027051449], [5.57816505432, -2.09942913055, 9.31781959534, -6.20353937149, -11.7954540253, 21.321313858, 19.1600666046, -8.09013748169, 15.1609764099, 51.6021270752, 17.3333358765, 8.33655548096, 3.70150184631], [9.35206604004, 1.68787586689, 0.763878941536, 3.12607431412, 3.03262853622, 5.9509563446, 1.68882775307, 1.50341415405, 3.55272173882, 17.3333358765, 36.4668502808, 13.0797300339, 5.57806682587], [-1.62232339382, -5.09507036209, -2.62430906296, 1.81711173058, 11.6534996033, 5.26623773575, 1.83249294758, -1.05815434456, 7.08860635757, 8.33655548096, 13.0797300339, 34.9855918884, 11.7048492432], [0.759874522686, 5.3195233345, 6.1086602211, -0.634641647339, 1.30975759029, 8.80559062958, 6.49151039124, 0.978401780128, 1.22027051449, 3.70150184631, 5.57806682587, 11.7048492432, 32.9675827026]],
        "icov": [[0.00336960749701, -0.00128646905068, 0.00361921289004, -0.00174285366666, 0.000534992839675, -0.000456998794107, 0.0014617415145, -0.00194020348135, 0.00183278566692, -0.0024592182599, 0.00025022123009, 0.000439452473074, -0.000693774083629], [-0.00128646905068, 0.0518364496529, -0.025999866426, 0.0305000916123, -0.0126552972943, 0.0329359322786, -0.0332894511521, 0.0339550748467, -0.026495732367, 0.0249970518053, -0.0222116596997, 0.0169677305967, -0.00976886227727], [0.00361921289004, -0.025999866426, 0.0235532969236, -0.0186197534204, 0.00808918755502, -0.0180668663234, 0.0173903759569, -0.0131334224716, 0.00992817711085, -0.0127146001905, 0.0101686837152, -0.00569412950426, 0.00222008069977], [-0.00174285366666, 0.0305000916123, -0.0186197534204, 0.0443202666938, -0.0165937207639, 0.0235436167568, -0.0233054570854, 0.0265293363482, -0.0183473527431, 0.0191677939147, -0.0177524872124, 0.0121973268688, -0.0052053257823], [0.000534992839675, -0.0126552972943, 0.00808918755502, -0.0165937207639, 0.0223543904722, -0.0113420123234, 0.00864984747022, -0.0110329370946, 0.0012071627425, 0.000315375858918, 0.00454777339473, -0.0101425470784, 0.00372837716714], [-0.000456998794107, 0.0329359322786, -0.0180668663234, 0.0235436167568, -0.0113420123234, 0.0435022898018, -0.0307053849101, 0.0297133177519, -0.0168844908476, 0.0120516978204, -0.0157759562135, 0.0116244936362, -0.0096936058253], [0.0014617415145, -0.0332894511521, 0.0173903759569, -0.0233054570854, 0.00864984747022, -0.0307053849101, 0.0467410795391, -0.0364560335875, 0.0218630414456, -0.0277960561216, 0.020846016705, -0.0110506638885, 0.0041108042933], [-0.00194020348135, 0.0339550748467, -0.0131334224716, 0.0265293363482, -0.0110329370946, 0.0297133177519, -0.0364560335875, 0.0601150877774, -0.034393876791, 0.0314139872789, -0.0240745656192, 0.0168335232884, -0.00875085406005], [0.00183278566692, -0.026495732367, 0.00992817711085, -0.0183473527431, 0.0012071627425, -0.0168844908476, 0.0218630414456, -0.034393876791, 0.0497822202742, -0.0307269785553, 0.0190205685794, -0.0142251411453, 0.00665736244991], [-0.0024592182599, 0.0249970518053, -0.0127146001905, 0.0191677939147, 0.000315375858918, 0.0120516978204, -0.0277960561216, 0.0314139872789, -0.0307269785553, 0.0531872063875, -0.0283367037773, 0.00704030832276, -0.00248187431134], [0.00025022123009, -0.0222116596997, 0.0101686837152, -0.0177524872124, 0.00454777339473, -0.0157759562135, 0.020846016705, -0.0240745656192, 0.0190205685794, -0.0283367037773, 0.0500018708408, -0.0192458685488, 0.00284548429772], [0.000439452473074, 0.0169677305967, -0.00569412950426, 0.0121973268688, -0.0101425470784, 0.0116244936362, -0.0110506638885, 0.0168335232884, -0.0142251411453, 0.00704030832276, -0.0192458685488, 0.0464814938605, -0.0159940682352], [-0.000693774083629, -0.00976886227727, 0.00222008069977, -0.0052053257823, 0.00372837716714, -0.0096936058253, 0.0041108042933, -0.00875085406005, 0.00665736244991, -0.00248187431134, 0.00284548429772, -0.0159940682352, 0.038534142077]]
    },
    "melbands": {
        "dmean": [0.00221972586587, 0.00285555608571, 0.000621171086095, 0.00114428228699, 0.000304533226881, 0.000120793629321, 0.000274453224847, 0.000202952549444, 5.2548453823e-05, 2.79062969639e-05, 2.94301462418e-05, 2.03276740649e-05, 1.68288061104e-05, 7.67994697526e-06, 2.08031906368e-05, 7.97796383267e-06, 7.67819947214e-05, 0.000117495736049, 1.97226454475e-05, 5.80352934776e-05, 7.50090403017e-05, 9.85637088888e-05, 5.36998340976e-05, 6.75331148159e-06, 3.55006523023e-06, 1.32666127683e-06, 1.93479104382e-06, 9.65750359683e-07, 6.36736444903e-07, 1.24165546822e-06, 1.09232598788e-06, 6.90919819135e-08, 1.56771609028e-08, 1.0526151506e-08, 1.25515704497e-08, 6.67270860788e-09, 4.5308365948e-09, 2.69807731712e-09, 1.6714015727e-09, 7.00162094969e-10],
        "dmean2": [0.00383704015985, 0.00491208676249, 0.00106113310903, 0.00196475582197, 0.000516230880748, 0.000210233323742, 0.000470250815852, 0.000335762248142, 8.85462504812e-05, 4.41100710304e-05, 5.08678749611e-05, 3.49004149029e-05, 2.83761619357e-05, 1.3111671251e-05, 3.42038329109e-05, 1.32199229483e-05, 0.000131089589559, 0.000202873547096, 3.26584595314e-05, 9.53318449319e-05, 0.000121839555504, 0.000151892119902, 8.22720612632e-05, 1.08227213786e-05, 5.89629098613e-06, 2.07764310289e-06, 3.2032303352e-06, 1.51871790877e-06, 9.7267854926e-07, 1.91168714991e-06, 1.60271099503e-06, 1.11858078355e-07, 2.62503885295e-08, 1.88677606872e-08, 2.33008705663e-08, 1.2030979768e-08, 7.42013517296e-09, 4.36890967848e-09, 2.9147837477e-09, 1.14661158346e-09],
        "dvar": [3.19144305649e-06, 5.55742735742e-06, 4.04670856824e-07, 1.33448747874e-06, 9.62691473205e-08, 1.5658558894e-08, 9.32010735255e-08, 8.41503293714e-08, 4.81278572551e-09, 1.9201098489e-09, 1.48203793682e-09, 9.59939794321e-10, 4.32454405619e-10, 1.84688056515e-10, 5.86445059181e-10, 1.41576181334e-10, 7.09818070987e-09, 1.43821408116e-08, 4.23503482283e-10, 9.75294867089e-09, 1.41374902896e-08, 2.43514346465e-08, 7.76548692016e-09, 1.45818704334e-10, 1.6651716464e-11, 4.11755568877e-12, 1.98110815947e-11, 2.15024786171e-12, 9.65202852539e-13, 2.21439164748e-12, 1.25023277321e-12, 5.2928416485e-15, 3.09657563703e-16, 1.45073675452e-16, 2.16142995509e-16, 4.55188160491e-17, 3.81563858192e-17, 1.38516025783e-17, 3.94661684165e-18, 1.29513405587e-18],
        "dvar2": [7.96023141447e-06, 1.6145155314e-05, 1.16658145544e-06, 3.67272855328e-06, 2.59972011918e-07, 4.44257679533e-08, 2.60038291344e-07, 2.22851767262e-07, 1.31133504055e-08, 4.29386837197e-09, 3.80590936544e-09, 2.67599431503e-09, 1.19808973853e-09, 4.83626916292e-10, 1.38665978699e-09, 3.49320045112e-10, 1.81140986655e-08, 3.89640284482e-08, 1.08721609493e-09, 2.42944313555e-08, 3.25506235299e-08, 5.22552596749e-08, 1.6567138772e-08, 3.7288935828e-10, 3.89000741341e-11, 9.23412301485e-12, 5.17788763255e-11, 4.31836294154e-12, 2.18328675451e-12, 5.25541068996e-12, 2.92228741205e-12, 1.27546991998e-14, 7.69966819219e-16, 4.12083355254e-16, 6.40326997273e-16, 1.26475796545e-16, 8.91882481544e-17, 3.37988512918e-17, 1.06215681654e-17, 2.77291724241e-18],
        "max": [0.0175842493773, 0.0159222260118, 0.00720459036529, 0.0102582843974, 0.00310335494578, 0.000903895997908, 0.00256235478446, 0.00307955848984, 0.000840504013468, 0.000816230487544, 0.000510514655616, 0.00050947687123, 0.00023514701752, 0.000137327064294, 0.000292915996397, 0.000127913212054, 0.000787336030044, 0.00119398452807, 0.000204405558179, 0.00107415020466, 0.00113745662384, 0.00193088385276, 0.00100376340561, 0.000175962297362, 3.7414534745e-05, 2.57879655692e-05, 4.34071589552e-05, 1.49394354594e-05, 1.5425388483e-05, 2.09197496588e-05, 1.5537658328e-05, 7.7827661471e-07, 1.91831801999e-07, 1.30895799089e-07, 1.43271250863e-07, 5.62861899311e-08, 9.05886707869e-08, 5.64422109051e-08, 2.37040804763e-08, 1.73930363445e-08],
        "mean": [0.00339761539362, 0.00410193810239, 0.00111489673145, 0.00179097964428, 0.000465006945888, 0.000172754822415, 0.000412346387748, 0.000278595514828, 8.31968500279e-05, 4.53337197541e-05, 4.56835223304e-05, 3.37049132213e-05, 2.79907089862e-05, 1.19036776596e-05, 3.35191216436e-05, 1.1959828953e-05, 0.000130288070068, 0.000233367783949, 4.13106063206e-05, 8.63009772729e-05, 0.000114405462227, 0.00015637933393, 8.57586783241e-05, 1.26487639136e-05, 6.76987019688e-06, 2.69863903668e-06, 2.4141349968e-06, 1.67060693457e-06, 1.27670216443e-06, 4.99230054629e-06, 4.62011576019e-06, 1.67426378539e-07, 3.92179124731e-08, 1.76564984855e-08, 1.94780831464e-08, 1.22084244936e-08, 1.12968230326e-08, 6.28698204608e-09, 3.48225803748e-09, 1.85757065285e-09],
        "median": [0.00268084439449, 0.00359662552364, 0.000981005840003, 0.00142551516183, 0.000372664799215, 0.000144606849062, 0.000327085173922, 0.000186974022654, 5.60227344977e-05, 3.10661016556e-05, 2.9948005249e-05, 2.64769132627e-05, 2.18872282858e-05, 7.83942323324e-06, 2.52758200077e-05, 7.40637824492e-06, 9.66211446212e-05, 0.000188097692444, 3.45098596881e-05, 5.66607850487e-05, 5.54722064408e-05, 8.64025496412e-05, 4.66576020699e-05, 8.92018215382e-06, 4.96607935929e-06, 1.84041277862e-06, 8.75359205565e-07, 9.53034884787e-07, 7.94130471604e-07, 4.5071619752e-06, 4.12850067733e-06, 1.30597612724e-07, 3.15767465509e-08, 1.4090365319e-08, 1.5697910527e-08, 1.01590744706e-08, 9.45833189547e-09, 5.13347986342e-09, 2.85654078169e-09, 1.51114776248e-09],
        "min": [5.55950100534e-05, 0.000109512788185, 7.71134364186e-05, 3.71201967937e-05, 5.59795398658e-06, 1.92617608263e-06, 4.29101692134e-06, 2.99655243907e-06, 1.17056538329e-06, 1.50262508214e-06, 8.02502484021e-07, 5.70821100609e-07, 4.47808673698e-07, 1.47917148752e-07, 2.71092261528e-07, 2.77138184401e-07, 4.50952086339e-07, 5.8975211914e-07, 1.236184346e-07, 2.21779288267e-07, 5.25667587681e-07, 5.33359241217e-07, 2.40580533273e-07, 8.16763545686e-08, 5.28530534893e-08, 8.49346726284e-09, 4.52671189421e-09, 3.41607253596e-09, 2.43832798397e-09, 4.93660508027e-08, 7.67777237343e-08, 3.56423646153e-09, 5.38696365293e-10, 2.31351687807e-10, 3.05067304751e-10, 5.00744279375e-10, 6.07678518616e-10, 1.94119109675e-10, 4.0402264867e-11, 1.06067524555e-11],
        "var": [6.99790052749e-06, 7.64995365898e-06, 5.24689710346e-07, 2.08316350836e-06, 1.45553684661e-07, 1.6732110808e-08, 1.05991752264e-07, 1.12628754323e-07, 8.29191293406e-09, 3.62234264806e-09, 2.5808302162e-09, 1.27637900249e-09, 6.03732508431e-10, 1.94432955847e-10, 9.06037578297e-10, 1.97907773503e-10, 1.25369563619e-08, 2.59966039806e-08, 7.87522380641e-10, 1.13484146524e-08, 2.29650183314e-08, 4.30716049493e-08, 1.45369867255e-08, 1.98564942266e-10, 3.05957377489e-11, 9.62187447773e-12, 2.22225224333e-11, 4.72585902703e-12, 1.88747108221e-12, 8.72868791135e-12, 6.85392367861e-12, 1.17781278098e-14, 6.4996903801e-16, 1.8637800628e-16, 2.19993249945e-16, 6.19129071326e-17, 6.85760190203e-17, 2.44223355321e-17, 6.14120931123e-18, 2.15644724242e-18]
    },
    "mfcc": {
        "mean": [-658.902587891, 193.449554443, -54.4074401855, 64.0193328857, 21.9602031708, 16.3205509186, -14.2085676193, -7.25682735443, 20.7896137238, -3.29026079178, -1.2470048666, 14.9620189667, -17.3571472168],
        "cov": [[551.666442871, -91.688835144, -189.052246094, 7.36725711823, -51.6802024841, -39.4460029602, 14.4810581207, 0.773146390915, -20.1522445679, 23.5911903381, -27.3047542572, 16.6587200165, 27.8542919159], [-91.688835144, 107.897193909, 53.5261459351, 5.87168979645, 1.54004096985, 3.21407437325, -6.91611146927, -4.89995479584, 13.963971138, -0.246387735009, 4.18468475342, -0.339999705553, -0.950223386288], [-189.052246094, 53.5261459351, 170.485412598, -10.4610128403, 5.90608644485, 28.7979717255, -8.53678321838, -17.0253772736, -2.55592870712, -1.71873247623, 11.8587398529, -16.8616046906, -16.3584518433], [7.36725711823, 5.87168979645, -10.4610128403, 72.606842041, 22.9133033752, -11.7596788406, -5.83141946793, 5.60830307007, 1.557533741, -3.97562813759, -3.88840150833, 11.0242900848, 5.31462097168], [-51.6802024841, 1.54004096985, 5.90608644485, 22.9133033752, 74.8071746826, 6.98408079147, -18.977558136, 11.4810447693, -1.78430438042, -16.819152832, -0.191971957684, 7.21455144882, -3.25403165817], [-39.4460029602, 3.21407437325, 28.7979717255, -11.7596788406, 6.98408079147, 69.7092132568, 12.3558444977, -5.29596185684, -1.17634570599, -0.901717483997, 12.8704624176, -0.323715150356, -3.67715978622], [14.4810581207, -6.91611146927, -8.53678321838, -5.83141946793, -18.977558136, 12.3558444977, 54.7676696777, 4.32184123993, 2.07379770279, 12.1804227829, -2.09015035629, -8.86512184143, 9.12458992004], [0.773146390915, -4.89995479584, -17.0253772736, 5.60830307007, 11.4810447693, -5.29596185684, 4.32184123993, 42.1965446472, 14.053694725, 1.97324454784, -2.44176959991, 2.83163714409, 2.24347710609], [-20.1522445679, 13.963971138, -2.55592870712, 1.557533741, -1.78430438042, -1.17634570599, 2.07379770279, 14.053694725, 50.4699058533, 11.4571781158, -2.88916397095, 9.92754554749, -1.89397287369], [23.5911903381, -0.246387735009, -1.71873247623, -3.97562813759, -16.819152832, -0.901717483997, 12.1804227829, 1.97324454784, 11.4571781158, 44.7004890442, 2.01738786697, -7.96162652969, 9.68181610107], [-27.3047542572, 4.18468475342, 11.8587398529, -3.88840150833, -0.191971957684, 12.8704624176, -2.09015035629, -2.44176959991, -2.88916397095, 2.01738786697, 40.6384124756, 13.9089679718, -5.20512676239], [16.6587200165, -0.339999705553, -16.8616046906, 11.0242900848, 7.21455144882, -0.323715150356, -8.86512184143, 2.83163714409, 9.92754554749, -7.96162652969, 13.9089679718, 46.9682197571, 9.36286354065], [27.8542919159, -0.950223386288, -16.3584518433, 5.31462097168, -3.25403165817, -3.67715978622, 9.12458992004, 2.24347710609, -1.89397287369, 9.68181610107, -5.20512676239, 9.36286354065, 38.6367759705]],
