{
"lowlevel": {
    "average_loudness": 0.976232767105,
    "barkbands_crest": {
        "dmean": 3.89797759056,
        "dmean2": 6.88117456436,
        "dvar": 8.00549411774,
        "dvar2": 23.8721618652,
        "max": 22.6140041351,
        "mean": 10.883564949,
        "median": 10.2698287964,
        "min": 3.20396065712,
        "var": 16.4570903778
    },
    "barkbands_flatness_db": {
        "dmean": 0.0306781791151,
        "dmean2": 0.0558123104274,
        "dvar": 0.000455292320112,
        "dvar2": 0.00140566204209,
        "max": 0.27023845911,
        "mean": 0.184237807989,
        "median": 0.181407004595,
        "min": 0.107226856053,
        "var": 0.000954146846198
    },
    "barkbands_kurtosis": {
        "dmean": 1.70801413059,
        "dmean2": 3.06537461281,
        "dvar": 2.99550867081,
        "dvar2": 8.77939891815,
        "max": 12.5655050278,
        "mean": 0.505070447922,
        "median": 0.0979659557343,
        "min": -1.75146663189,
        "var": 3.56360316277
    },
    "barkbands_skewness": {
        "dmean": 0.670682668686,
        "dmean2": 1.19479596615,
        "dvar": 0.262494325638,
        "dvar2": 0.791064023972,
        "max": 3.45701241493,
        "mean": 0.360531419516,
        "median": 0.294813275337,
        "min": -1.30566775799,
        "var": 0.421971768141
    },
    "barkbands_spread": {
        "dmean": 8.54573535919,
        "dmean2": 15.4405469894,
        "dvar": 34.1415138245,
        "dvar2": 111.992294312,
        "max": 48.5607643127,
        "mean": 18.0976848602,
        "median": 16.9398727417,
        "min": 3.03669071198,
        "var": 69.3036575317
    },
    "dissonance": {
        "dmean": 0.0438115373254,
        "dmean2": 0.0793337523937,
        "dvar": 0.00125540047884,
        "dvar2": 0.00370238977484,
        "max": 0.499036461115,
        "mean": 0.444385021925,
        "median": 0.451983690262,
        "min": 0.269766122103,
        "var": 0.00157500256319
    },
    "dynamic_complexity": 0.94766253233,
    "erbbands_crest": {
        "dmean": 5.4179391861,
        "dmean2": 9.98254108429,
        "dvar": 15.2994852066,
        "dvar2": 44.9217224121,
        "max": 26.6982955933,
        "mean": 12.2314834595,
        "median": 11.2357769012,
        "min": 3.91571640968,
        "var": 28.0527114868
    },
    "erbbands_flatness_db": {
        "dmean": 0.0408801585436,
        "dmean2": 0.0749592930079,
        "dvar": 0.000636725104414,
        "dvar2": 0.00210507679731,
        "max": 0.336240500212,
        "mean": 0.252071529627,
        "median": 0.249876469374,
        "min": 0.157790318131,
        "var": 0.00106139166746
    },
    "erbbands_kurtosis": {
        "dmean": 1.92575609684,
        "dmean2": 3.50345897675,
        "dvar": 3.275796175,
        "dvar2": 9.83780670166,
        "max": 16.3956356049,
        "mean": 0.811512947083,
        "median": 0.255218267441,
        "min": -1.47750592232,
        "var": 3.69547200203
    },
    "erbbands_skewness": {
        "dmean": 0.900221765041,
        "dmean2": 1.63894033432,
        "dvar": 0.327170759439,
        "dvar2": 1.07113742828,
        "max": 2.90366601944,
        "mean": 0.130815163255,
        "median": 0.171762377024,
        "min": -2.96361303329,
        "var": 0.810774028301
    },
    "erbbands_spread": {
        "dmean": 11.0705566406,
        "dmean2": 20.1348800659,
        "dvar": 54.7480010986,
        "dvar2": 185.057525635,
        "max": 53.547416687,
        "mean": 19.9978485107,
        "median": 18.768705368,
        "min": 5.05099105835,
        "var": 80.2137374878
    },
    "hfc": {
        "dmean": 14.7419672012,
        "dmean2": 26.8182468414,
        "dvar": 164.553573608,
        "dvar2": 461.713623047,
        "max": 125.010620117,
        "mean": 23.3005104065,
        "median": 18.9089851379,
        "min": 3.23895549774,
        "var": 239.728744507
    },
    "melbands_crest": {
        "dmean": 4.18704557419,
        "dmean2": 7.14745616913,
        "dvar": 11.0415763855,
        "dvar2": 31.6950912476,
        "max": 27.588886261,
        "mean": 13.0261039734,
        "median": 12.3809185028,
        "min": 4.12421369553,
        "var": 18.3151607513
    },
    "melbands_flatness_db": {
        "dmean": 0.0295214094222,
        "dmean2": 0.0516652204096,
        "dvar": 0.000460867246147,
        "dvar2": 0.00132499972824,
        "max": 0.362088888884,
        "mean": 0.234472826123,
        "median": 0.232443645597,
        "min": 0.126686602831,
        "var": 0.00119983160403
    },
    "melbands_kurtosis": {
        "dmean": 2.69489121437,
        "dmean2": 4.74411916733,
        "dvar": 14.8949356079,
        "dvar2": 42.0534133911,
        "max": 40.1836891174,
        "mean": 1.98859000206,
        "median": 1.03272509575,
        "min": -1.73237740993,
        "var": 15.6324605942
    },
    "melbands_skewness": {
        "dmean": 1.07737588882,
        "dmean2": 1.95379936695,
        "dvar": 0.525132715702,
        "dvar2": 1.66754066944,
        "max": 5.66395187378,
        "mean": 0.947337329388,
        "median": 0.806840002537,
        "min": -0.691387236118,
        "var": 0.925408184528
    },
    "melbands_spread": {
        "dmean": 10.7705392838,
        "dmean2": 18.7490711212,
        "dvar": 85.7972946167,
        "dvar2": 267.086639404,
        "max": 95.8423690796,
        "mean": 26.8936958313,
        "median": 24.1984233856,
        "min": 4.88189697266,
        "var": 155.008422852
    },
    "pitch_salience": {
        "dmean": 0.0804550349712,
        "dmean2": 0.140335589647,
        "dvar": 0.00372037081979,
        "dvar2": 0.0108252679929,
        "max": 0.777967095375,
        "mean": 0.551582694054,
        "median": 0.553867697716,
        "min": 0.286317616701,
        "var": 0.00652687065303
    },
    "silence_rate_20dB": {
        "dmean": 0,
        "dmean2": 0,
        "dvar": 0,
        "dvar2": 0,
        "max": 1,
        "mean": 1,
        "median": 1,
        "min": 1,
        "var": 0
    },
    "silence_rate_30dB": {
        "dmean": 0,
        "dmean2": 0,
        "dvar": 0,
        "dvar2": 0,
        "max": 1,
        "mean": 1,
        "median": 1,
        "min": 1,
        "var": 0
    },
    "silence_rate_60dB": {
        "dmean": 0,
        "dmean2": 0,
        "dvar": 0,
        "dvar2": 0,
        "max": 0,
        "mean": 0,
        "median": 0,
        "min": 0,
        "var": 0
    },
    "spectral_centroid": {
        "dmean": 308.503936768,
        "dmean2": 535.257507324,
        "dvar": 64431.0507812,
        "dvar2": 194058.90625,
        "max": 2850.97631836,
        "mean": 1269.90893555,
        "median": 1182.49865723,
        "min": 465.901245117,
        "var": 151946.171875
    },
    "spectral_complexity": {
        "dmean": 3.57409882545,
        "dmean2": 5.94251346588,
        "dvar": 9.7985868454,
        "dvar2": 22.1584529877,
        "max": 49,
        "mean": 20.9746665955,
        "median": 19,
        "min": 5,
        "var": 45.0700416565
    },
    "spectral_decrease": {
        "dmean": 3.62804786214e-09,
        "dmean2": 6.67055655157e-09,
        "dvar": 5.551287673e-18,
        "dvar2": 1.57816349775e-17,
        "max": -1.0771000758e-09,
        "mean": -6.82930823004e-09,
        "median": -6.30642560395e-09,
        "min": -1.67299862852e-08,
        "var": 9.43706786214e-18
    },
    "spectral_energy": {
        "dmean": 0.0148645257577,
        "dmean2": 0.0273177679628,
        "dvar": 9.44259663811e-05,
        "dvar2": 0.000267650262685,
        "max": 0.0694491639733,
        "mean": 0.0278887245804,
        "median": 0.0255951210856,
        "min": 0.00437904056162,
        "var": 0.000160806652275
    },
    "spectral_energyband_high": {
        "dmean": 6.56846095808e-05,
        "dmean2": 0.000118647076306,
        "dvar": 6.81602543295e-08,
        "dvar2": 2.17759023258e-07,
        "max": 0.00360888196155,
        "mean": 9.76469600573e-05,
        "median": 5.44500580872e-05,
        "min": 9.21895480133e-06,
        "var": 5.48416707602e-08
    },
    "spectral_energyband_low": {
        "dmean": 0.00226807664149,
        "dmean2": 0.0034734448418,
        "dvar": 1.23546806208e-05,
        "dvar2": 2.83521858364e-05,
        "max": 0.0468570552766,
        "mean": 0.00455462094396,
        "median": 0.00255198427476,
        "min": 0.000359001045581,
        "var": 3.67774773622e-05
    },
    "spectral_energyband_middle_high": {
        "dmean": 0.00712435273454,
        "dmean2": 0.0131563628092,
        "dvar": 4.01958641305e-05,
        "dvar2": 0.000108120104414,
        "max": 0.048670809716,
        "mean": 0.00935378018767,
        "median": 0.00664667226374,
        "min": 0.000640891958028,
        "var": 5.16107247677e-05
    },
    "spectral_energyband_middle_low": {
        "dmean": 0.00890873745084,
        "dmean2": 0.0164052210748,
        "dvar": 3.89733213524e-05,
        "dvar2": 0.000118080424727,
        "max": 0.0518509969115,
        "mean": 0.014349039644,
        "median": 0.0131667889655,
        "min": 0.00147600506898,
        "var": 5.92842116021e-05
    },
    "spectral_entropy": {
        "dmean": 0.191914662719,
        "dmean2": 0.353191077709,
        "dvar": 0.02014089562,
        "dvar2": 0.0583671927452,
        "max": 8.10935592651,
        "mean": 7.24372768402,
        "median": 7.25984477997,
        "min": 6.59162759781,
        "var": 0.0359712392092
    },
    "spectral_flux": {
        "dmean": 0.0280685275793,
        "dmean2": 0.0441245771945,
        "dvar": 0.000419173360569,
        "dvar2": 0.00104256602935,
        "max": 0.222753986716,
        "mean": 0.111659303308,
        "median": 0.111035525799,
        "min": 0.0420211367309,
        "var": 0.000793890503701
    },
    "spectral_kurtosis": {
        "dmean": 4.07033538818,
        "dmean2": 7.24382352829,
        "dvar": 10.5579080582,
        "dvar2": 32.3778343201,
        "max": 22.5939788818,
        "mean": 8.49711322784,
        "median": 7.91620159149,
        "min": 1.49009656906,
        "var": 15.4164113998
    },
    "spectral_rms": {
        "dmean": 0.00142879562918,
        "dmean2": 0.0026108676102,
        "dvar": 8.43870793688e-07,
        "dvar2": 2.54461087934e-06,
        "max": 0.00823135953397,
        "mean": 0.0050766444765,
        "median": 0.00499708391726,
        "min": 0.00206693843938,
        "var": 1.43621969073e-06
    },
    "spectral_rolloff": {
        "dmean": 461.77053833,
        "dmean2": 814.087341309,
        "dvar": 171521.875,
        "dvar2": 481250.625,
        "max": 3488.37890625,
        "mean": 1441.28833008,
        "median": 1162.79296875,
        "min": 172.265625,
        "var": 311541.25
    },
    "spectral_skewness": {
        "dmean": 0.382185399532,
        "dmean2": 0.675162911415,
        "dvar": 0.0879102349281,
        "dvar2": 0.26119813323,
        "max": 2.98327088356,
        "mean": 1.61652672291,
        "median": 1.61293792725,
        "min": 0.38952767849,
        "var": 0.176041021943
    },
    "spectral_spread": {
        "dmean": 314679.53125,
        "dmean2": 532598.3125,
        "dvar": 400532930560,
        "dvar2": 475569127424,
        "max": 18860130,
        "mean": 2170245,
        "median": 2149508.75,
        "min": 1484453.75,
        "var": 443709194240
    },
    "spectral_strongpeak": {
        "dmean": 1.14492201805,
        "dmean2": 2.10564947128,
        "dvar": 1.09148228168,
        "dvar2": 2.98314547539,
        "max": 9.58737945557,
        "mean": 1.54022753239,
        "median": 1.32068514824,
        "min": 0.0620923787355,
        "var": 1.67256772518
    },
    "zerocrossingrate": {
        "dmean": 0.00498320674524,
        "dmean2": 0.006875757128,
        "dvar": 1.88857775356e-05,
        "dvar2": 3.12774027407e-05,
        "max": 0.09130859375,
        "mean": 0.0453502610326,
        "median": 0.04345703125,
        "min": 0.0146484375,
        "var": 0.000126414888655
    },
    "barkbands": {
        "dmean": [2.98233208014e-05, 0.00189435132779, 0.000519215129316, 0.000591020332649, 0.00349271576852, 0.000282022781903, 0.000242949798121, 0.000257655308815, 0.00872493814677, 0.00150479981676, 0.00025136928889, 0.004036385566, 0.0001123144757, 0.00103184452746, 0.000362537102774, 0.000873880810104, 0.000724809593521, 0.000315264449455, 0.000234981955145, 6.94910704624e-05, 3.85238345189e-05, 6.50926585877e-06, 1.28991416659e-06, 1.03984507405e-06, 2.50871664775e-07, 1.26176374238e-07, 1.87745534674e-08],
        "dmean2": [4.81713686895e-05, 0.00288105709478, 0.000889669870958, 0.00102524855174, 0.00631404388696, 0.00047346460633, 0.000421678007115, 0.000477706926176, 0.0162525437772, 0.00281892204657, 0.000453216634924, 0.00766460504383, 0.000206588796573, 0.00180595938582, 0.000609555572737, 0.00150760519318, 0.00124080770183, 0.000542078691069, 0.000402851932449, 0.000120857090224, 6.94172413205e-05, 1.18701527754e-05, 2.40705094257e-06, 1.860131988e-06, 4.52845767995e-07, 2.28987147466e-07, 2.82662142581e-08],
        "dvar": [6.00875349477e-09, 1.0023755749e-05, 8.54616018842e-07, 1.27483997403e-06, 1.63451531989e-05, 6.4691374746e-07, 4.21331691314e-07, 2.65924114728e-07, 4.04792990594e-05, 1.57296142334e-06, 1.19706982105e-07, 1.30286598505e-05, 1.93458671305e-08, 3.67216148334e-06, 3.60986007308e-07, 3.00497390526e-06, 2.88422188532e-06, 7.15584235422e-07, 3.44806409203e-07, 5.92482862771e-08, 3.02134637309e-08, 6.42470909806e-10, 1.96061591441e-12, 1.57686207841e-11, 5.32428810242e-13, 1.68530703173e-13, 9.7062615039e-15],
        "dvar2": [9.40439992547e-09, 2.1552448743e-05, 2.27441569223e-06, 3.93922618969e-06, 4.76462919323e-05, 1.73229022948e-06, 1.25445581034e-06, 7.54014649829e-07, 0.000129227453726, 4.18273793912e-06, 3.0044890309e-07, 3.7948066165e-05, 4.98318257769e-08, 1.08277345134e-05, 1.13516716738e-06, 8.79983781488e-06, 8.17939871922e-06, 2.01469970307e-06, 1.0152438108e-06, 1.88490318465e-07, 9.55122061441e-08, 1.99800354039e-09, 5.78409108803e-12, 4.81051865009e-11, 1.6923664076e-12, 5.75834627377e-13, 9.88950352951e-15],
        "max": [0.00178984995, 0.0439889207482, 0.0103756878525, 0.0122745363042, 0.0472933501005, 0.0106634330004, 0.00922574102879, 0.00724747823551, 0.0336073599756, 0.00950436107814, 0.00407273741439, 0.0203275550157, 0.00259205093607, 0.0233583860099, 0.00653678178787, 0.0182461086661, 0.0208203159273, 0.0127254286781, 0.00873551145196, 0.00326375500299, 0.00287542375736, 0.000426123093348, 1.0303554518e-05, 4.84947122459e-05, 9.21802711673e-06, 5.03213868797e-06, 2.55102145275e-06],
        "mean": [3.49331785401e-05, 0.00339217600413, 0.000760731927585, 0.000751243904233, 0.00408118451014, 0.000336892117048, 0.000295066391118, 0.000236243402469, 0.00842459034175, 0.00131117156707, 0.000239566012169, 0.00306938588619, 0.000127700070152, 0.00122512946837, 0.000537616841029, 0.00119690410793, 0.000962552847341, 0.000418628304033, 0.00033105222974, 8.75485566212e-05, 5.40265027666e-05, 1.01695231933e-05, 1.61170351021e-06, 1.86255624612e-06, 5.3870019201e-07, 1.84003511094e-07, 7.8787337543e-08],
        "median": [1.9022700144e-05, 0.00183116341941, 0.000465470249765, 0.000212473561987, 0.00278002116829, 8.52318771649e-05, 0.000106100211269, 0.000103113314253, 0.00612931139767, 0.000825372524559, 0.000117168296129, 0.00168934604153, 8.43992893351e-05, 0.000636995537207, 0.000333081610734, 0.000631905102637, 0.000501503702253, 0.0002138185082, 0.000142762291944, 3.78704426112e-05, 2.81054471998e-05, 6.3548441176e-06, 1.19913102026e-06, 1.38343330036e-06, 4.42198427208e-07, 1.24453890749e-07, 7.57845697308e-08],
        "min": [2.88668672965e-07, 0.000112056528451, 1.55805319082e-05, 7.87553915416e-07, 7.12293985998e-05, 3.19820355799e-06, 2.01286547963e-06, 2.60749152403e-06, 4.53230422863e-05, 3.3615186112e-05, 5.58943793294e-06, 6.83747348376e-05, 6.36333925286e-06, 3.63443432434e-05, 3.1088176911e-05, 4.24378704338e-05, 1.47878517964e-05, 1.7462642063e-05, 2.23704464588e-05, 4.9793729886e-06, 3.9992269194e-06, 1.1743968571e-06, 1.37063665306e-07, 2.01086564289e-07, 6.69585773494e-08, 1.26813706203e-08, 9.60020507534e-09],
        "var": [6.26203888743e-09, 2.69539777946e-05, 1.06954973944e-06, 2.29851411859e-06, 1.93563864741e-05, 7.10919891844e-07, 4.24245286013e-07, 2.49774245731e-07, 5.52072269784e-05, 1.58281704898e-06, 1.52552829036e-07, 1.14215563372e-05, 2.40118165351e-08, 4.13589486925e-06, 4.56938920479e-07, 3.32789363711e-06, 2.85304781755e-06, 7.56400254431e-07, 4.32157037267e-07, 5.34353326032e-08, 2.29043699562e-08, 5.11563180705e-10, 1.79277968339e-12, 1.07492643259e-11, 4.06673257352e-13, 1.26091411617e-13, 1.00099948133e-14]
    },
    "erbbands": {
        "dmean": [0.049792021513, 0.450818777084, 0.680221259594, 1.21857714653, 8.1369934082, 13.6556577682, 2.38081717491, 2.62907958031, 1.68130326271, 5.68762779236, 38.9168701172, 246.721191406, 41.4505081177, 44.3883094788, 67.6560440063, 124.709403992, 9.97417163849, 30.1757183075, 41.5022201538, 28.4870643616, 45.1271018982, 41.8328971863, 17.9837493896, 17.8147182465, 6.8515753746, 3.44276309013, 1.68134307861, 1.13678729534, 0.287081599236, 0.0685748234391, 0.0378963239491, 0.0258789286017, 0.0135399894789, 0.00483259232715, 0.000863526540343, 0.000697307637893, 0.0001950430742, 1.15259263112e-05, 8.39185486257e-06, 1.75154491444e-05],
        "dmean2": [0.0774430185556, 0.684780240059, 1.1385216713, 2.0815486908, 14.6137342453, 24.6605224609, 4.19263696671, 4.39642095566, 2.94540524483, 10.0405950546, 72.1757278442, 459.975341797, 77.6162338257, 82.2470321655, 127.686225891, 236.88671875, 18.6671924591, 53.7262229919, 70.6514892578, 49.1889572144, 78.2985458374, 72.3511428833, 30.834810257, 30.3654670715, 11.7820520401, 6.08934831619, 2.98844051361, 2.05219292641, 0.522339701653, 0.125548824668, 0.0702808797359, 0.0467675849795, 0.0240046326071, 0.00873687770218, 0.0015429520281, 0.00125260511413, 0.00036050225026, 1.8470982468e-05, 1.47684904732e-05, 3.21567058563e-05],
        "dvar": [0.00780071131885, 0.538652181625, 1.21525895596, 4.79422044754, 125.935516357, 208.765853882, 27.6964511871, 57.4258499146, 11.4713573456, 356.270202637, 883.965698242, 32963.7421875, 997.47253418, 1279.33398438, 3213.17895508, 13163.1416016, 75.7047958374, 1536.27868652, 9106.22949219, 3694.87939453, 9365.41015625, 7563.26025391, 1717.67321777, 2588.63818359, 381.535766602, 137.918289185, 61.2008132935, 19.0057640076, 1.31758058071, 0.0249002818018, 0.00197269325145, 0.00798765197396, 0.00255938712507, 0.000222090005991, 4.32691285823e-06, 4.87243551106e-06, 4.2784037646e-07, 4.12964462626e-09, 1.67845834453e-10, 1.29613750288e-10],
        "dvar2": [0.0171220246702, 1.15741240978, 3.31122970581, 13.9039707184, 373.690093994, 622.255554199, 80.1603317261, 154.400802612, 33.8162002563, 1051.17724609, 2743.93530273, 104708.023438, 2735.31323242, 3641.74291992, 9295.86425781, 38453.328125, 200.580505371, 4502.61669922, 26682.1464844, 11182.5683594, 26517.1757812, 21259.171875, 5068.62646484, 7509.19189453, 1190.35107422, 450.023132324, 194.986206055, 59.2455291748, 4.09781932831, 0.0791553333402, 0.00601791962981, 0.0240099001676, 0.00797663442791, 0.000700606382452, 1.33748253575e-05, 1.66158188222e-05, 1.42001351833e-06, 6.27868734782e-09, 1.97707322735e-10, 3.70870362199e-10],
        "max": [1.1010158062, 10.377163887, 11.9627332687, 27.6323242188, 147.32144165, 119.040290833, 60.7273330688, 82.8132019043, 46.013835907, 302.469665527, 232.22668457, 924.883361816, 160.363723755, 281.613616943, 352.021179199, 572.164306641, 77.6718978882, 281.283966064, 1392.28295898, 933.26965332, 966.274963379, 903.218383789, 573.730957031, 844.840087891, 286.422454834, 159.335571289, 129.751586914, 60.6309013367, 19.6390113831, 2.18048286438, 0.348010152578, 1.18358433247, 0.613134205341, 0.176628530025, 0.0243790596724, 0.0303498208523, 0.00701591791585, 0.00156855629757, 0.000362491380656, 9.50962348725e-05],
        "mean": [0.0875441282988, 0.799065113068, 1.08772218227, 1.85718345642, 9.353099823, 15.4656171799, 3.29476499557, 3.04385972023, 2.3710975647, 6.36683225632, 40.7327232361, 232.136306763, 38.4532546997, 40.5061073303, 54.6647224426, 95.560585022, 10.48188591, 38.2434234619, 54.9169387817, 40.5283813477, 61.2523536682, 57.7917289734, 25.2981243134, 25.308506012, 9.60496520996, 4.32018041611, 2.26364040375, 1.66015446186, 0.456641167402, 0.100995138288, 0.04944723472, 0.0448871962726, 0.0246147643775, 0.0101504810154, 0.00175737391692, 0.00118626130279, 0.000237316344283, 2.56919356616e-05, 2.38695320149e-05, 3.45755433955e-05],
        "median": [0.043923381716, 0.446421265602, 0.726769208908, 0.694109916687, 5.70597791672, 10.6860084534, 1.75922346115, 0.740189611912, 1.08292293549, 2.61321401596, 31.2389411926, 164.709228516, 25.8218898773, 26.5921440125, 32.8587608337, 52.1472473145, 7.14101839066, 24.3417778015, 29.425321579, 24.1366481781, 28.097820282, 32.0994186401, 13.8797054291, 11.0457782745, 4.0787525177, 1.89687597752, 1.18335092068, 0.891219258308, 0.28805077076, 0.0695441514254, 0.0370543338358, 0.0336150936782, 0.0180547088385, 0.00814853981137, 0.0014109921176, 0.000896418699995, 0.000127960200189, 1.92483294086e-05, 2.23251827265e-05, 3.15717043122e-05],
        "min": [0.00137995218392, 0.0225620809942, 0.0327452979982, 0.0580007135868, 0.128180578351, 0.239587813616, 0.0980462655425, 0.0432771854103, 0.0767614617944, 0.121578842402, 0.476272433996, 1.12853312492, 0.753597199917, 0.687315940857, 1.26382339001, 2.55556607246, 0.800254166126, 1.55059444904, 2.57906770706, 2.4403026104, 2.88579297066, 1.44700682163, 1.08348846436, 1.3614423275, 0.741277456284, 0.287007153034, 0.192727178335, 0.132202327251, 0.0497845336795, 0.0101096183062, 0.00418660743162, 0.00477710040286, 0.00249813706614, 0.00126609066501, 0.000181021780008, 0.00011847463611, 1.79397466127e-05, 4.52812537333e-06, 5.27300835529e-06, 5.73000852455e-06],
        "var": [0.0204078387469, 1.42109799385, 1.62385773659, 11.0820407867, 136.802307129, 251.369369507, 29.8294487, 59.6917877197, 15.1265277863, 273.404907227, 1183.0098877, 44060.4570312, 1037.20495605, 1400.67028809, 3069.48925781, 11325.7480469, 88.2932891846, 1775.34887695, 10979.9462891, 3368.14599609, 10814.3251953, 8100.97216797, 1746.90100098, 2977.71801758, 469.076629639, 123.623771667, 45.0168647766, 15.6234045029, 1.03575444221, 0.0206217821687, 0.00177519815043, 0.00552944047377, 0.00178700918332, 0.000164248078363, 3.85561543226e-06, 3.41947247762e-06, 3.47402362877e-07, 4.47510517532e-09, 2.29460769829e-10, 2.3303492469e-10]
    },
    "gfcc": {
        "mean": [-31.6685314178, 153.262420654, -171.122009277, 24.2942028046, -27.8924350739, 6.23858118057, -12.4563570023, 11.1588315964, -14.0348472595, -20.0589847565, -20.4880371094, -16.5387611389, 2.62682747841],
        "cov": [[593.468505859, -0.60736823082, -122.376983643, 63.1587638855, 16.598903656, -115.980369568, -53.5627555847, -38.6607284546, -51.7043190002, 41.9571075439, 36.9107208252, 31.5941562653, 17.7730503082], [-0.60736823082, 197.653930664, 28.5768299103, -64.0663146973, -1.35778415203, -26.708530426, 44.5018577576, -20.9768104553, 1.76146125793, 7.8105096817, 51.7686347961, -1.13225996494, 15.9699335098], [-122.376983643, 28.5768299103, 181.30039978, 91.9372253418, 10.4125699997, 5.65061950684, -32.1400375366, -10.3061790466, -0.464200079441, -13.2293405533, -22.6494045258, 6.74536752701, -8.06603622437], [63.1587638855, -64.0663146973, 91.9372253418, 282.84967041, 96.0400466919, -68.9297790527, -134.604095459, -34.4945335388, 5.20234394073, 14.8094530106, -13.1079893112, 26.9789829254, -9.00013828278], [16.598903656, -1.35778415203, 10.4125699997, 96.0400466919, 109.849464417, 9.53526115417, -28.5892333984, -3.18070602417, 17.6042137146, 5.09855222702, 0.745742201805, 3.35766673088, -2.90901303291], [-115.980369568, -26.708530426, 5.65061950684, -68.9297790527, 9.53526115417, 120.707496643, 79.0997924805, 35.175201416, 14.9745311737, -17.5954227448, -13.8109760284, -14.0698471069, -0.144165053964], [-53.5627555847, 44.5018577576, -32.1400375366, -134.604095459, -28.5892333984, 79.0997924805, 157.94694519, 69.3216705322, 14.2517967224, -12.1346273422, 13.0722751617, -15.2994432449, 3.03480482101], [-38.6607284546, -20.9768104553, -10.3061790466, -34.4945335388, -3.18070602417, 35.175201416, 69.3216705322, 76.7684707642, 31.5622997284, -11.5795602798, -8.76724910736, -1.2151106596, -3.51611924171], [-51.7043190002, 1.76146125793, -0.464200079441, 5.20234394073, 17.6042137146, 14.9745311737, 14.2517967224, 31.5622997284, 53.3899765015, 14.801530838, 1.63103234768, 0.993804097176, 1.71379649639], [41.9571075439, 7.8105096817, -13.2293405533, 14.8094530106, 5.09855222702, -17.5954227448, -12.1346273422, -11.5795602798, 14.801530838, 70.157989502, 48.3701667786, 18.2091674805, 0.529514968395], [36.9107208252, 51.7686347961, -22.6494045258, -13.1079893112, 0.745742201805, -13.8109760284, 13.0722751617, -8.76724910736, 1.63103234768, 48.3701667786, 80.4220428467, 28.2028064728, 4.17714118958], [31.5941562653, -1.13225996494, 6.74536752701, 26.9789829254, 3.35766673088, -14.0698471069, -15.2994432449, -1.2151106596, 0.993804097176, 18.2091674805, 28.2028064728, 40.9312973022, 7.34135246277], [17.7730503082, 15.9699335098, -8.06603622437, -9.00013828278, -2.90901303291, -0.144165053964, 3.03480482101, -3.51611924171, 1.71379649639, 0.529514968395, 4.17714118958, 7.34135246277, 27.2292385101]],
        "icov": [[0.00340467994101, -0.00173448375426, 0.00350963626988, -0.00188899459317, -0.00016762476298, 0.00133652589284, -0.000291052856483, -0.0020220305305, 0.00549890426919, -0.00358493370004, 0.00317703746259, -0.00221835565753, -0.00119491410442], [-0.00173448375426, 0.027575371787, -0.016680855304, 0.0138419046998, -0.014218444936, 0.0226626936346, -0.0186778623611, 0.0237040873617, -0.0183324404061, 0.0157373920083, -0.021223090589, 0.00822672899812, -0.00977780204266], [0.00350963626988, -0.016680855304, 0.0200328230858, -0.0138372806832, 0.0113409738988, -0.0143224559724, 0.00834593083709, -0.0113942418247, 0.0123530272394, -0.00949070230126, 0.0153699079528, -0.00832581985742, 0.00688131945208], [-0.00188899459317, 0.0138419046998, -0.0138372806832, 0.0199752263725, -0.0162241719663, 0.0146161578596, -0.00177458673716, 0.00735167367384, -0.0082477061078, 0.00585684133694, -0.00841829553246, 0.000875477329828, -0.0034300184343], [-0.00016762476298, -0.014218444936, 0.0113409738988, -0.0162241719663, 0.0258375927806, -0.0188798997551, 0.00951263401657, -0.0091722663492, 0.00227919709869, -0.00358513370156, 0.00560708343983, -0.000159720162628, 0.00597032252699], [0.00133652589284, 0.0226626936346, -0.0143224559724, 0.0146161578596, -0.0188798997551, 0.0372905954719, -0.0247429572046, 0.0217057447881, -0.0137914381921, 0.010320420377, -0.0102051803842, 0.00233629508875, -0.0082316622138], [-0.000291052856483, -0.0186778623611, 0.00834593083709, -0.00177458673716, 0.00951263401657, -0.0247429572046, 0.0409684926271, -0.038793489337, 0.0185636971146, -0.00863034278154, 0.00144735572394, 0.0065262792632, 0.00135786144529], [-0.0020220305305, 0.0237040873617, -0.0113942418247, 0.00735167367384, -0.0091722663492, 0.0217057447881, -0.038793489337, 0.0633134022355, -0.0391918048263, 0.02088967897, -0.0083271889016, -0.00842932984233, 0.00371702108532], [0.00549890426919, -0.0183324404061, 0.0123530272394, -0.0082477061078, 0.00227919709869, -0.0137914381921, 0.0185636971146, -0.0391918048263, 0.0540971904993, -0.0273498538882, 0.0176820755005, -0.00108780048322, -0.00415572710335], [-0.00358493370004, 0.0157373920083, -0.00949070230126, 0.00585684133694, -0.00358513370156, 0.010320420377, -0.00863034278154, 0.02088967897, -0.0273498538882, 0.0426324792206, -0.0318312644958, 0.0058133630082, -0.000226445685257], [0.00317703746259, -0.021223090589, 0.0153699079528, -0.00841829553246, 0.00560708343983, -0.0102051803842, 0.00144735572394, -0.0083271889016, 0.0176820755005, -0.0318312644958, 0.052783343941, -0.0282128695399, 0.0104678254575], [-0.00221835565753, 0.00822672899812, -0.00832581985742, 0.000875477329828, -0.000159720162628, 0.00233629508875, 0.0065262792632, -0.00842932984233, -0.00108780048322, 0.0058133630082, -0.0282128695399, 0.0500245727599, -0.0165783371776], [-0.00119491410442, -0.00977780204266, 0.00688131945208, -0.0034300184343, 0.00597032252699, -0.0082316622138, 0.00135786144529, 0.00371702108532, -0.00415572710335, -0.000226445685257, 0.0104678254575, -0.0165783371776, 0.0481973066926]]
    },
    "melbands": {
        "dmean": [0.000496045453474, 0.000427012011642, 0.000316123303492, 0.000961442361586, 0.000138097035233, 5.51049015485e-05, 3.30096736434e-05, 5.11594880663e-05, 0.000597450591158, 0.00139949843287, 0.000163647273439, 0.000190946186194, 0.000103653881524, 0.000583347806241, 4.97815672134e-05, 1.32419463625e-05, 6.78562937537e-05, 8.67296839715e-05, 2.6124114811e-05, 5.31894365849e-05, 5.41668341612e-05, 4.43654425908e-05, 3.0685983802e-05, 1.28032361317e-05, 1.59410737979e-05, 6.27650297247e-06, 3.64104039363e-06, 1.96587052415e-06, 7.83390873949e-07, 1.36210337587e-06, 4.40628809883e-07, 1.82313911523e-07, 7.52563806827e-08, 2.83994232575e-08, 2.64039154985e-08, 1.37453000093e-08, 1.84359247868e-08, 1.17102958441e-08, 6.04565464357e-09, 3.86435994315e-09],
        "dmean2": [0.000753131753299, 0.00067640125053, 0.000561057939194, 0.00173375953455, 0.00024737167405, 9.17086799745e-05, 5.78351027798e-05, 8.99644073797e-05, 0.00110830855556, 0.00261207809672, 0.000312866206514, 0.000353787036147, 0.000194028383703, 0.00110757129733, 9.3851427664e-05, 2.38180709857e-05, 0.00012136722944, 0.000148595368955, 4.38372844656e-05, 9.27914006752e-05, 9.38535304158e-05, 7.67712335801e-05, 5.28850941919e-05, 2.20427464228e-05, 2.72809847957e-05, 1.07481091618e-05, 6.24636822977e-06, 3.51371727447e-06, 1.38528764637e-06, 2.44612397182e-06, 7.93008382516e-07, 3.31346797111e-07, 1.36240814186e-07, 5.28933625787e-08, 4.95113390286e-08, 2.48129445879e-08, 3.33309415623e-08, 2.08730028817e-08, 1.07336450839e-08, 7.00633551176e-09],
        "dvar": [7.52613857458e-07, 4.11908985143e-07, 2.49641516348e-07, 1.20127344871e-06, 4.58939126702e-08, 2.51894469727e-08, 4.850267743e-09, 3.36682468571e-08, 2.08828069503e-07, 1.04848447791e-06, 2.15231779066e-08, 2.45701610169e-08, 7.72997665877e-09, 2.77679589544e-07, 2.20806928297e-09, 3.93902577223e-10, 8.36210478639e-09, 4.34745857092e-08, 2.35225861012e-09, 1.33295969817e-08, 1.39409825906e-08, 1.00130721492e-08, 3.65233243649e-09, 1.70831671031e-09, 2.02844341324e-09, 2.6742200121e-10, 1.70076966399e-10, 4.36023370187e-11, 1.22726290935e-11, 3.72273531446e-11, 2.32801993828e-12, 5.31951056554e-13, 6.78597193086e-14, 1.19343554136e-15, 8.98539961986e-16, 8.35442201344e-16, 5.08847970338e-15, 1.84013693802e-15, 3.80863070777e-16, 1.12067316126e-16],
        "dvar2": [1.59128444466e-06, 1.04023740732e-06, 7.6956354178e-07, 3.55669658347e-06, 1.35244448529e-07, 6.74250060229e-08, 1.43913654327e-08, 9.92336808281e-08, 6.62945183194e-07, 3.31327123604e-06, 5.23469516622e-08, 6.9802752023e-08, 2.1264376926e-08, 8.1214130887e-07, 6.1260454487e-09, 1.05973463338e-09, 2.47185560909e-08, 1.27034510911e-07, 7.00745061977e-09, 4.05264479753e-08, 3.95309847079e-08, 2.89027859424e-08, 1.00946069281e-08, 4.87854467934e-09, 5.89859272537e-09, 7.72515884595e-10, 5.4400417504e-10, 1.4284159966e-10, 3.88747992131e-11, 1.17008777667e-10, 7.14503066088e-12, 1.6511412463e-12, 2.12665930872e-13, 3.57008632455e-15, 2.65990304767e-15, 2.60545238169e-15, 1.49796082656e-14, 5.71298057825e-15, 1.18136659241e-15, 3.49381582515e-16],
        "max": [0.0119571499527, 0.00665348349139, 0.00465878006071, 0.012688646093, 0.00261865695938, 0.00183514878154, 0.000866162532475, 0.00299200695008, 0.00276829395443, 0.00511918030679, 0.000816283631139, 0.00123089097906, 0.000609742011875, 0.0029454799369, 0.000353386072675, 0.000353252369678, 0.000678506097756, 0.00300796935335, 0.000651490292512, 0.00160330603831, 0.00131517334376, 0.00116892554797, 0.000757045345381, 0.000651987327728, 0.000745119526982, 0.000275194557616, 0.000171217689058, 9.1299712949e-05, 5.79587976972e-05, 9.96040835162e-05, 2.12963495869e-05, 1.28559431687e-05, 3.79545122087e-06, 3.14714725391e-07, 1.98361576054e-07, 2.88392186576e-07, 9.63068487181e-07, 5.40509233815e-07, 2.4945168775e-07, 1.10353774119e-07],
        "mean": [0.000910580623895, 0.000746039731894, 0.000441055482952, 0.00109473965131, 0.000184090997209, 6.3832711021e-05, 4.44964025519e-05, 5.55491642444e-05, 0.0006219886709, 0.00130794907454, 0.000135833775857, 0.000171008970938, 9.01687453734e-05, 0.000441010313807, 4.16208677052e-05, 1.62456126418e-05, 8.30180870253e-05, 0.000107503197796, 3.99255986849e-05, 7.00433229213e-05, 6.93920737831e-05, 5.76050078962e-05, 3.97322655772e-05, 1.72066302184e-05, 2.19116336666e-05, 8.45094473334e-06, 4.57271562482e-06, 2.31749413615e-06, 1.03058073364e-06, 1.79552876034e-06, 6.52193250517e-07, 2.7464818686e-07, 1.11057211427e-07, 3.33647633965e-08, 2.93207023105e-08, 2.46779325863e-08, 2.89069017612e-08, 1.92655029707e-08, 1.15376170839e-08, 7.46328865375e-09],
        "median": [0.000479606853332, 0.000463081727503, 0.000217927648919, 0.000741407508031, 0.000118471638416, 1.49841926032e-05, 1.88612793863e-05, 1.62731994351e-05, 0.000463250005851, 0.000944368250202, 7.46818841435e-05, 0.000110460438009, 5.65415393794e-05, 0.000241174653638, 2.2488507966e-05, 1.07976975414e-05, 5.15722422278e-05, 5.38878630323e-05, 2.66313218162e-05, 3.65980449715e-05, 3.04588356812e-05, 3.00233514281e-05, 2.36108789977e-05, 8.23487425805e-06, 9.23849074752e-06, 3.47722425431e-06, 1.92378388419e-06, 1.02903527477e-06, 5.57138264412e-07, 8.96874780665e-07, 3.77769339366e-07, 1.72447514046e-07, 7.15844521437e-08, 2.2721550863e-08, 2.07719317302e-08, 1.96227354365e-08, 2.0685163804e-08, 1.37641933406e-08, 8.91033646866e-09, 5.96849814016e-09],
        "min": [2.6509140298e-05, 3.28750393237e-05, 1.11306280814e-05, 1.53012661031e-05, 4.2492929424e-06, 5.71144255446e-07, 6.27752285709e-07, 7.90365959347e-07, 4.42013606516e-06, 6.68834172757e-06, 3.82763710149e-06, 2.63999118033e-06, 1.74668036834e-06, 6.64996650812e-06, 1.8608540131e-06, 1.26113980059e-06, 2.9476666441e-06, 4.0494642235e-06, 2.67373934548e-06, 2.38740653913e-06, 3.18586808135e-06, 1.14553131425e-06, 1.21297659916e-06, 8.55754649365e-07, 1.20979962048e-06, 5.32851117896e-07, 2.78285313016e-07, 1.3810736732e-07, 8.85103403903e-08, 9.13845710215e-08, 4.82255089196e-08, 2.81744902964e-08, 1.12844311673e-08, 2.5225130873e-09, 2.19976348248e-09, 2.75346012657e-09, 2.89442247947e-09, 1.73351089039e-09, 9.09588182552e-10, 6.43146369494e-10],
        "var": [2.07234756999e-06, 8.08382822015e-07, 4.10238669701e-07, 1.38742245781e-06, 5.48815961565e-08, 2.6798710806e-08, 6.28532825786e-09, 2.57198351505e-08, 3.0061733014e-07, 1.3693705796e-06, 1.99305123516e-08, 2.64088697577e-08, 8.76535910521e-09, 2.41896998432e-07, 2.12155137902e-09, 4.07141070857e-10, 8.90258000652e-09, 5.04990076422e-08, 2.40759945314e-09, 1.35279512037e-08, 1.52007739729e-08, 9.65928936836e-09, 3.68264707618e-09, 1.63453384161e-09, 2.29545293884e-09, 3.80592168892e-10, 1.60630481139e-10, 3.63958550798e-11, 8.85289671432e-12, 2.87170322244e-11, 1.93054925345e-12, 4.10872074211e-13, 5.15284124777e-14, 1.05972980245e-15, 7.23201230228e-16, 7.30794139447e-16, 3.3047153491e-15, 1.27447647738e-15, 2.73352566914e-16, 8.42181896921e-17]
    },
    "mfcc": {
        "mean": [-660.227783203, 174.479797363, -61.2327079773, 27.2048721313, 5.0814447403, 2.34506130219, 9.48632335663, 17.391336441, 19.8150253296, 4.46172380447, -3.45305132866, -4.35690116882, -16.3398723602],
        "cov": [[724.606323242, -17.8537120819, -171.060470581, 102.796714783, -11.5005121231, -65.9448242188, -11.3409032822, -109.314979553, -61.9304962158, -62.4066810608, -35.1545677185, 23.4215278625, 37.71276474], [-17.8537120819, 255.379943848, -2.53233242035, -77.4466094971, -80.8709411621, -22.6926193237, 48.9296150208, -12.6917047501, -8.2370557785, -8.19097423553, 11.1967906952, 30.5552692413, 32.9474525452], [-171.060470581, -2.53233242035, 170.646408081, 43.9306221008, 21.1349010468, 20.4154586792, -18.1799640656, 11.4217834473, -3.46562075615, -4.64594221115, -10.0299291611, -12.6649904251, -6.92108440399], [102.796714783, -77.4466094971, 43.9306221008, 250.515151978, 137.182144165, -1.34194839001, -77.4652938843, -54.9811096191, -48.5864372253, -25.0684165955, -11.8498153687, -3.20093560219, 2.36370992661], [-11.5005121231, -80.8709411621, 21.1349010468, 137.182144165, 160.151031494, 42.4153175354, -59.1164054871, -12.920343399, -18.979845047, 1.79239749908, -7.66612005234, -20.2697086334, -18.4559879303], [-65.9448242188, -22.6926193237, 20.4154586792, -1.34194839001, 42.4153175354, 65.0564117432, 10.6743440628, 10.4852905273, 5.75415325165, 15.5667829514, 2.16052532196, -13.7475538254, -10.9501848221], [-11.3409032822, 48.9296150208, -18.1799640656, -77.4652938843, -59.1164054871, 10.6743440628, 94.4090118408, 44.2744140625, 26.9003982544, 10.5515174866, 12.8481454849, 8.78166675568, 3.32585120201], [-109.314979553, -12.6917047501, 11.4217834473, -54.9811096191, -12.920343399, 10.4852905273, 44.2744140625, 112.965202332, 63.9609413147, 19.0120677948, 7.56161785126, -4.15064001083, -17.5410614014], [-61.9304962158, -8.2370557785, -3.46562075615, -48.5864372253, -18.979845047, 5.75415325165, 26.9003982544, 63.9609413147, 88.7922134399, 23.4898986816, -4.71825027466, 1.45376300812, -7.92388296127], [-62.4066810608, -8.19097423553, -4.64594221115, -25.0684165955, 1.79239749908, 15.5667829514, 10.5515174866, 19.0120677948, 23.4898986816, 47.618724823, 19.4834918976, -0.863606452942, 1.12980079651], [-35.1545677185, 11.1967906952, -10.0299291611, -11.8498153687, -7.66612005234, 2.16052532196, 12.8481454849, 7.56161785126, -4.71825027466, 19.4834918976, 50.3347320557, 22.4560070038, 8.22461414337], [23.4215278625, 30.5552692413, -12.6649904251, -3.20093560219, -20.2697086334, -13.7475538254, 8.78166675568, -4.15064001083, 1.45376300812, -0.863606452942, 22.4560070038, 50.4409332275, 30.80418396], [37.71276474, 32.9474525452, -6.92108440399, 2.36370992661, -18.4559879303, -10.9501848221, 3.32585120201, -17.5410614014, -7.92388296127, 1.12980079651, 8.22461414337, 30.80418396, 55.1138381958]],
