{
"lowlevel": {
    "average_loudness": 0.984661281109,
    "barkbands_crest": {
        "dmean": 4.19690513611,
        "dmean2": 7.24136257172,
        "dvar": 8.78171062469,
        "dvar2": 25.7740516663,
        "max": 24.4160404205,
        "mean": 17.677280426,
        "median": 18.2971801758,
        "min": 7.24666404724,
        "var": 15.9340581894
    },
    "barkbands_flatness_db": {
        "dmean": 0.05901029706,
        "dmean2": 0.104108065367,
        "dvar": 0.00151679455303,
        "dvar2": 0.00456877145916,
        "max": 0.404691755772,
        "mean": 0.290533125401,
        "median": 0.287503391504,
        "min": 0.165876880288,
        "var": 0.00252150162123
    },
    "barkbands_kurtosis": {
        "dmean": 19.9302921295,
        "dmean2": 35.9431037903,
        "dvar": 335.769226074,
        "dvar2": 993.957580566,
        "max": 110.443908691,
        "mean": 20.8248119354,
        "median": 14.2143650055,
        "min": -0.668353557587,
        "var": 379.652404785
    },
    "barkbands_skewness": {
        "dmean": 1.8794208765,
        "dmean2": 3.30604624748,
        "dvar": 1.7066450119,
        "dvar2": 5.17239665985,
        "max": 8.87728023529,
        "mean": 3.90572762489,
        "median": 3.67378091812,
        "min": 0.938482820988,
        "var": 2.77222084999
    },
    "barkbands_spread": {
        "dmean": 4.21356153488,
        "dmean2": 7.49713087082,
        "dvar": 11.3031549454,
        "dvar2": 30.7936229706,
        "max": 21.6160335541,
        "mean": 5.79946756363,
        "median": 4.86420965195,
        "min": 0.805551588535,
        "var": 15.0309696198
    },
    "dissonance": {
        "dmean": 0.0238784682006,
        "dmean2": 0.0420028343797,
        "dvar": 0.000389577151509,
        "dvar2": 0.00109561905265,
        "max": 0.498995959759,
        "mean": 0.454049617052,
        "median": 0.456490278244,
        "min": 0.302138358355,
        "var": 0.000534400343895
    },
    "dynamic_complexity": 0.483224779367,
    "erbbands_crest": {
        "dmean": 5.87075233459,
        "dmean2": 10.5165491104,
        "dvar": 17.4147033691,
        "dvar2": 48.9747543335,
        "max": 24.9481258392,
        "mean": 13.8523550034,
        "median": 12.9177522659,
        "min": 3.47718548775,
        "var": 25.267080307
    },
    "erbbands_flatness_db": {
        "dmean": 0.0267803966999,
        "dmean2": 0.0471011213958,
        "dvar": 0.000374763214495,
        "dvar2": 0.00102302071173,
        "max": 0.338654667139,
        "mean": 0.276853233576,
        "median": 0.274811327457,
        "min": 0.137735232711,
        "var": 0.000642054830678
    },
    "erbbands_kurtosis": {
        "dmean": 1.73010516167,
        "dmean2": 3.15066695213,
        "dvar": 4.5241150856,
        "dvar2": 13.5595149994,
        "max": 10.9347743988,
        "mean": -0.0611330717802,
        "median": -0.734846591949,
        "min": -1.72664856911,
        "var": 3.80687952042
    },
    "erbbands_skewness": {
        "dmean": 0.826691269875,
        "dmean2": 1.46320426464,
        "dvar": 0.374229729176,
        "dvar2": 1.11659216881,
        "max": 3.38489937782,
        "mean": 0.855232954025,
        "median": 0.773415088654,
        "min": -0.88785469532,
        "var": 0.574808835983
    },
    "erbbands_spread": {
        "dmean": 8.41000938416,
        "dmean2": 14.8519659042,
        "dvar": 46.4920806885,
        "dvar2": 146.656845093,
        "max": 50.0970191956,
        "mean": 35.587677002,
        "median": 36.2111740112,
        "min": 13.3092260361,
        "var": 61.5027389526
    },
    "hfc": {
        "dmean": 5.6667804718,
        "dmean2": 9.80019855499,
        "dvar": 13.2793865204,
        "dvar2": 41.9904594421,
        "max": 23.3699703217,
        "mean": 12.4278268814,
        "median": 12.4888973236,
        "min": 0.51805961132,
        "var": 20.6185455322
    },
    "melbands_crest": {
        "dmean": 3.75968337059,
        "dmean2": 6.61182451248,
        "dvar": 7.98503255844,
        "dvar2": 24.5151176453,
        "max": 29.3083972931,
        "mean": 21.2668056488,
        "median": 21.2964286804,
        "min": 11.2998924255,
        "var": 11.1490888596
    },
    "melbands_flatness_db": {
        "dmean": 0.0638233199716,
        "dmean2": 0.111969575286,
        "dvar": 0.00178360694554,
        "dvar2": 0.00553127098829,
        "max": 0.498093515635,
        "mean": 0.379079639912,
        "median": 0.378065615892,
        "min": 0.256131350994,
        "var": 0.00285187526606
    },
    "melbands_kurtosis": {
        "dmean": 35.5416679382,
        "dmean2": 63.6022033691,
        "dvar": 843.764648438,
        "dvar2": 2443.4855957,
        "max": 168.460357666,
        "mean": 42.9066352844,
        "median": 33.4120368958,
        "min": 2.95037984848,
        "var": 1096.63671875
    },
    "melbands_skewness": {
        "dmean": 2.24400544167,
        "dmean2": 3.91625928879,
        "dvar": 2.30112195015,
        "dvar2": 6.81636476517,
        "max": 10.1097459793,
        "mean": 5.38728618622,
        "median": 5.21934986115,
        "min": 1.42216086388,
        "var": 3.81723999977
    },
    "melbands_spread": {
        "dmean": 4.60270786285,
        "dmean2": 8.1803560257,
        "dvar": 15.8550491333,
        "dvar2": 42.6684951782,
        "max": 25.6920681,
        "mean": 5.9125289917,
        "median": 4.76492500305,
        "min": 0.828818202019,
        "var": 18.873796463
    },
    "pitch_salience": {
        "dmean": 0.137887895107,
        "dmean2": 0.238758429885,
        "dvar": 0.0104893259704,
        "dvar2": 0.0299642886966,
        "max": 0.817620933056,
        "mean": 0.278958708048,
        "median": 0.261856049299,
        "min": 0.0777163729072,
        "var": 0.0167907010764
    },
    "silence_rate_20dB": {
        "dmean": 0,
        "dmean2": 0,
        "dvar": 0,
        "dvar2": 0,
        "max": 1,
        "mean": 1,
        "median": 1,
        "min": 1,
        "var": 0
    },
    "silence_rate_30dB": {
        "dmean": 0,
        "dmean2": 0,
        "dvar": 0,
        "dvar2": 0,
        "max": 1,
        "mean": 1,
        "median": 1,
        "min": 1,
        "var": 0
    },
    "silence_rate_60dB": {
        "dmean": 0,
        "dmean2": 0,
        "dvar": 0,
        "dvar2": 0,
        "max": 0,
        "mean": 0,
        "median": 0,
        "min": 0,
        "var": 0
    },
    "spectral_centroid": {
        "dmean": 177.890792847,
        "dmean2": 319.692596436,
        "dvar": 21715.3730469,
        "dvar2": 59742.2109375,
        "max": 1086.91723633,
        "mean": 421.554931641,
        "median": 381.522399902,
        "min": 224.219863892,
        "var": 25918.2441406
    },
    "spectral_complexity": {
        "dmean": 2.72857141495,
        "dmean2": 4.47846889496,
        "dvar": 5.2453751564,
        "dvar2": 13.0820713043,
        "max": 25,
        "mean": 13.7725114822,
        "median": 14,
        "min": 1,
        "var": 12.3558311462
    },
    "spectral_decrease": {
        "dmean": 7.7568218515e-09,
        "dmean2": 1.366909963e-08,
        "dvar": 2.67474608246e-17,
        "dvar2": 8.27818997463e-17,
        "max": -4.79444040025e-10,
        "mean": -1.14512621607e-08,
        "median": -1.07399591442e-08,
        "min": -2.53568348541e-08,
        "var": 3.56506770728e-17
    },
    "spectral_energy": {
        "dmean": 0.02977453731,
        "dmean2": 0.0524430945516,
        "dvar": 0.000393763242755,
        "dvar2": 0.00122082605958,
        "max": 0.0977057442069,
        "mean": 0.0443468540907,
        "median": 0.0417633764446,
        "min": 0.00185652356595,
        "var": 0.000525152659975
    },
    "spectral_energyband_high": {
        "dmean": 4.14022724726e-06,
        "dmean2": 6.60357272864e-06,
        "dvar": 1.38942668135e-11,
        "dvar2": 3.28908913994e-11,
        "max": 4.49613871751e-05,
        "mean": 1.22741621453e-05,
        "median": 1.09843804239e-05,
        "min": 3.37398910233e-06,
        "var": 3.86007475983e-11
    },
    "spectral_energyband_low": {
        "dmean": 0.000772671832237,
        "dmean2": 0.00128740957007,
        "dvar": 5.15268595791e-07,
        "dvar2": 1.37366555464e-06,
        "max": 0.00619810959324,
        "mean": 0.0012639965862,
        "median": 0.00106987520121,
        "min": 2.88910814561e-05,
        "var": 8.76290130236e-07
    },
    "spectral_energyband_middle_high": {
        "dmean": 0.000640475947876,
        "dmean2": 0.000954030780122,
        "dvar": 3.45129194557e-07,
        "dvar2": 8.3335578438e-07,
        "max": 0.00678590079769,
        "mean": 0.00175319355913,
        "median": 0.00149538042024,
        "min": 5.93049626332e-05,
        "var": 9.36155629461e-07
    },
    "spectral_energyband_middle_low": {
        "dmean": 0.0299629922956,
        "dmean2": 0.0529340803623,
        "dvar": 0.000401859986596,
        "dvar2": 0.00123406550847,
        "max": 0.0962691307068,
        "mean": 0.042076382786,
        "median": 0.0395556911826,
        "min": 0.00146480684634,
        "var": 0.000537790474482
    },
    "spectral_entropy": {
        "dmean": 0.451184779406,
        "dmean2": 0.795592069626,
        "dvar": 0.0967424958944,
        "dvar2": 0.293192625046,
        "max": 7.82500743866,
        "mean": 6.43774080276,
        "median": 6.49083757401,
        "min": 5.42415380478,
        "var": 0.146046876907
    },
    "spectral_flux": {
        "dmean": 0.0455776229501,
        "dmean2": 0.0750108957291,
        "dvar": 0.00115986831952,
        "dvar2": 0.0027777729556,
        "max": 0.238600745797,
        "mean": 0.116783387959,
        "median": 0.109207548201,
        "min": 0.0366123840213,
        "var": 0.00166360277217
    },
    "spectral_kurtosis": {
        "dmean": 8.25178050995,
        "dmean2": 14.0109767914,
        "dvar": 36.6959762573,
        "dvar2": 104.001831055,
        "max": 39.5194778442,
        "mean": 16.5248336792,
        "median": 16.703578949,
        "min": 3.6555185318,
        "var": 62.5176277161
    },
    "spectral_rms": {
        "dmean": 0.00228631030768,
        "dmean2": 0.00400049099699,
        "dvar": 2.25713097279e-06,
        "dvar2": 6.93601487001e-06,
        "max": 0.00976333301514,
        "mean": 0.00633872160688,
        "median": 0.00638316199183,
        "min": 0.00134582410101,
        "var": 3.08583298647e-06
    },
    "spectral_rolloff": {
        "dmean": 217.280212402,
        "dmean2": 413.561065674,
        "dvar": 81212.953125,
        "dvar2": 199546.28125,
        "max": 1701.12304688,
        "mean": 366.370117188,
        "median": 236.865234375,
        "min": 193.798828125,
        "var": 68279.5859375
    },
    "spectral_skewness": {
        "dmean": 0.665217578411,
        "dmean2": 1.1006449461,
        "dvar": 0.228027015924,
        "dvar2": 0.679216325283,
        "max": 4.44231319427,
        "mean": 2.46200537682,
        "median": 2.41545319557,
        "min": 1.27453148365,
        "var": 0.424824535847
    },
    "spectral_spread": {
        "dmean": 366799.15625,
        "dmean2": 553130.5,
        "dvar": 1.21303911629e+12,
        "dvar2": 626621743104,
        "max": 22374270,
        "mean": 2089669.625,
        "median": 1922506.125,
        "min": 1480344.5,
        "var": 2.15038427136e+12
    },
    "spectral_strongpeak": {
        "dmean": 0.546983122826,
        "dmean2": 0.933560669422,
        "dvar": 0.147664710879,
        "dvar2": 0.438546538353,
        "max": 2.64048051834,
        "mean": 1.20204997063,
        "median": 1.1761059761,
        "min": 0.0437138713896,
        "var": 0.260834127665
    },
    "zerocrossingrate": {
        "dmean": 0.00535249244422,
        "dmean2": 0.00840591359884,
        "dvar": 2.29809593293e-05,
        "dvar2": 4.53740285593e-05,
        "max": 0.0400390625,
        "mean": 0.0185037758201,
        "median": 0.01708984375,
        "min": 0.0029296875,
        "var": 4.91229220643e-05
    },
    "barkbands": {
        "dmean": [3.86524880014e-06, 0.000238969048951, 0.000225724303164, 0.00714938854799, 0.0253774523735, 0.000226621661568, 0.000312853953801, 0.000690303801093, 0.000527204829268, 0.000108522035589, 8.13046790427e-05, 2.90734442387e-05, 4.403874118e-05, 0.000390922243241, 8.68091301527e-05, 0.000144658290083, 0.000115946262667, 2.88790361083e-05, 1.04483096948e-05, 2.53422990681e-06, 3.37560913977e-06, 3.85050270779e-07, 1.09307151774e-07, 8.18234155986e-08, 2.37753479126e-08, 7.70188801624e-09, 8.63651639094e-09],
        "dmean2": [5.95203027842e-06, 0.000416665658122, 0.000416882598074, 0.0118226483464, 0.0452370867133, 0.000404109130614, 0.000528820964973, 0.0012596915476, 0.00085429137107, 0.000179674330866, 0.000131827007863, 4.85493910674e-05, 6.86617931933e-05, 0.000614421674982, 0.000145405821968, 0.000237529107835, 0.000202214156161, 4.94079977216e-05, 1.53633172886e-05, 4.2285141717e-06, 5.38090444024e-06, 6.41119527245e-07, 1.77383753908e-07, 1.27464119259e-07, 3.88770402537e-08, 1.36179796328e-08, 1.43603475777e-08],
        "dvar": [1.51714085739e-10, 2.81033493366e-07, 7.03769060806e-08, 2.59532789642e-05, 0.000273931451375, 4.52194512945e-08, 1.29504414303e-07, 6.4098975372e-07, 2.60614143599e-07, 1.31641195722e-08, 2.49285516674e-08, 2.41842657012e-09, 4.85088635926e-09, 1.80794003768e-07, 3.28908491554e-08, 1.55160115867e-08, 1.10633475714e-08, 6.36718011648e-10, 1.60717064657e-10, 5.70835349475e-12, 1.04979957019e-11, 1.30805875029e-13, 1.16224626359e-14, 1.56310477528e-14, 4.0225179619e-15, 1.34702887272e-15, 1.47705510051e-15],
        "dvar2": [2.2082428941e-10, 8.02451381787e-07, 2.45904175245e-07, 7.14104389772e-05, 0.000839425541926, 1.28645567088e-07, 3.67544373603e-07, 1.74129945663e-06, 6.34980494851e-07, 3.21457775954e-08, 5.4883091849e-08, 6.26284535343e-09, 9.48979828053e-09, 4.33725602988e-07, 8.91310136808e-08, 3.94258918845e-08, 3.34986616224e-08, 1.93566096485e-09, 2.89529594744e-10, 1.58727753163e-11, 2.64931687699e-11, 3.08593699639e-13, 2.78248883217e-14, 2.32311965617e-14, 8.09679133094e-15, 2.66441201581e-15, 2.95022295507e-15],
        "max": [0.00022294637165, 0.00546032516286, 0.00147852732334, 0.0271973498166, 0.0860846936703, 0.00137974671088, 0.00256881304085, 0.0045890477486, 0.00393759505823, 0.00100321462378, 0.00157780211885, 0.000561953580473, 0.000769993872382, 0.00349968788214, 0.0020646750927, 0.00118120596744, 0.000738974893466, 0.000199738788069, 0.000136689603096, 2.05287051358e-05, 4.16784350818e-05, 3.92129277316e-06, 1.60062700161e-06, 2.08865117202e-06, 7.86511748174e-07, 5.24794643297e-07, 5.64259380553e-07],
        "mean": [6.58121780361e-06, 0.000268804549705, 0.000271199591225, 0.00884260144085, 0.030644658953, 0.00030688761035, 0.00048394445912, 0.000869715760928, 0.00086881511379, 0.000172362473677, 0.000115872018796, 4.38004353782e-05, 7.22340337234e-05, 0.00059417495504, 0.000149181883899, 0.000315868732287, 0.000217735927436, 6.43237435725e-05, 2.18405402848e-05, 6.98915664543e-06, 7.68327481637e-06, 1.06777099518e-06, 2.87897591988e-07, 2.18944393282e-07, 6.11960828678e-08, 1.45080694125e-08, 3.41944250692e-08],
        "median": [1.83505426321e-06, 0.000118935582577, 0.00016333120584, 0.00745270168409, 0.0260165538639, 0.000258917250903, 0.00039174981066, 0.000632609473541, 0.000692032102961, 0.000136502538226, 4.96968496009e-05, 3.0226956369e-05, 4.29715801147e-05, 0.000388996704714, 0.000115008835564, 0.000279510335531, 0.000175572014996, 5.70651172893e-05, 1.56284004333e-05, 6.18857848167e-06, 6.5931080826e-06, 9.43890142935e-07, 2.52584669624e-07, 1.70073107597e-07, 3.85592322516e-08, 7.54531104263e-09, 2.66872390853e-08],
        "min": [1.57307127324e-08, 3.98752672481e-06, 7.34260174795e-06, 0.00039738137275, 0.00083547597751, 2.23993338295e-05, 2.25581025006e-05, 4.1468807467e-05, 1.20849344967e-05, 6.31302555121e-06, 7.23559469407e-06, 3.92053516407e-06, 1.34842446187e-06, 9.01917428564e-06, 1.65061865118e-05, 3.12901374855e-06, 3.25752989738e-06, 2.18208424485e-06, 1.56840280852e-06, 6.70248539336e-07, 7.69718838001e-07, 2.76636740182e-07, 7.23611250919e-08, 4.92527547635e-08, 1.1545870926e-08, 2.09188533162e-09, 1.30724906455e-08],
        "var": [3.48890388802e-10, 2.85763462671e-07, 8.25695067874e-08, 4.19462594436e-05, 0.000406404229579, 5.6392504888e-08, 1.43940283692e-07, 5.82545283123e-07, 4.15857016378e-07, 1.87290059017e-08, 4.87510760649e-08, 2.99874924892e-09, 8.93727047924e-09, 3.35728628897e-07, 2.72727280759e-08, 3.51093660811e-08, 1.66160525339e-08, 1.23972909716e-09, 4.29592084128e-10, 1.34720090986e-11, 2.75954311485e-11, 2.72971342795e-13, 3.14450580104e-14, 5.55061605131e-14, 8.99749313276e-15, 2.53915892456e-15, 2.75858132723e-15]
    },
    "erbbands": {
        "dmean": [0.00418372871354, 0.0640112161636, 0.278111159801, 9.16972160339, 108.556808472, 41.6489868164, 2.17928028107, 2.31800460815, 4.16269683838, 3.95312094688, 21.7254924774, 11.0671348572, 3.9940867424, 3.07526278496, 2.10007929802, 1.08017587662, 2.05639433861, 7.19694137573, 17.7982635498, 5.65553569794, 6.08903074265, 7.24825572968, 1.55635797977, 1.3398706913, 0.174881145358, 0.100279845297, 0.100599206984, 0.136732280254, 0.01787157543, 0.00358675862662, 0.00383484503254, 0.00226882263087, 0.000969772750977, 0.00044353803969, 8.15617095213e-05, 3.81899953936e-05, 1.58900438691e-05, 3.96910627387e-06, 1.34578840516e-05, 3.23872554873e-05],
        "dmean2": [0.007251475472, 0.113251172006, 0.503441393375, 15.3310613632, 193.418731689, 76.0483779907, 3.71232438087, 4.04899454117, 6.99595355988, 6.50276851654, 38.6736106873, 18.9111824036, 6.59101676941, 5.14844608307, 3.27109050751, 1.74709796906, 3.176674366, 11.5135192871, 28.5715312958, 9.12081813812, 9.85680007935, 12.6054859161, 2.59537553787, 2.10088062286, 0.300087630749, 0.165875807405, 0.154612451792, 0.222064673901, 0.0287191607058, 0.00567731959745, 0.00604694988579, 0.00342545565218, 0.00161087652668, 0.000735386682209, 0.000129123756778, 6.5020598413e-05, 2.81057073153e-05, 6.97592577126e-06, 2.37494259636e-05, 5.71282544115e-05],
        "dvar": [0.000172690371983, 0.0162494443357, 0.0670024082065, 41.6222419739, 5251.18847656, 886.428710938, 4.35136413574, 5.10773277283, 21.3327846527, 15.6924104691, 602.148498535, 118.286483765, 15.0499200821, 18.685874939, 18.6066017151, 2.38821291924, 13.6783399582, 60.0327720642, 564.845397949, 33.6557884216, 32.2360038757, 40.8793258667, 1.9159886837, 2.02679586411, 0.0335067138076, 0.00885561760515, 0.0081253061071, 0.0229603797197, 0.000286748603685, 1.83207394002e-05, 1.25691040012e-05, 1.49641782627e-05, 2.91316359835e-06, 1.24034022519e-06, 6.97168545116e-08, 2.07226662496e-08, 4.65423566354e-09, 5.68266933509e-10, 8.90713613977e-11, 4.67385741221e-10],
        "dvar2": [0.00051647273358, 0.0464989282191, 0.208903610706, 117.593597412, 15665.1044922, 2525.6418457, 10.4379119873, 15.2384214401, 60.884979248, 41.7655258179, 1589.42907715, 300.244995117, 36.6012687683, 44.7653083801, 33.1013145447, 6.18935728073, 27.4723644257, 155.688110352, 1370.39941406, 76.8480606079, 89.2408828735, 122.332061768, 5.02040195465, 4.97285652161, 0.0860213562846, 0.023706773296, 0.0213396307081, 0.0600491724908, 0.000702785560861, 3.45939624822e-05, 2.97834558296e-05, 2.54567312368e-05, 6.11553650742e-06, 2.75507431979e-06, 1.36929187988e-07, 4.1420420871e-08, 9.44394162872e-09, 1.12882792003e-09, 2.70118316603e-10, 1.44466394403e-09],
        "max": [0.133966833353, 1.26525962353, 1.7386932373, 33.873752594, 337.179504395, 141.665130615, 21.3015365601, 16.5200805664, 35.4356651306, 33.5537185669, 138.553085327, 82.7754211426, 36.8583946228, 39.5393562317, 58.8213195801, 16.0004405975, 39.6387748718, 57.6606330872, 264.905426025, 57.8410148621, 58.841632843, 49.3902130127, 12.1202821732, 13.294008255, 1.98077809811, 1.01229822636, 0.946763694286, 1.75326621532, 0.159573704004, 0.0499902181327, 0.0565112233162, 0.067664578557, 0.0222324170172, 0.0146284867078, 0.00375538691878, 0.00208229571581, 0.000987931387499, 0.000345270935213, 0.000101450787042, 0.000107378524262],
        "mean": [0.0061093904078, 0.0735548734665, 0.465726792812, 12.5085344315, 130.581436157, 53.2214584351, 4.35141134262, 3.28987312317, 6.31652545929, 7.16397476196, 29.1162452698, 18.1966667175, 7.43106842041, 4.77403259277, 3.41464400291, 1.82952809334, 3.3912525177, 12.035282135, 27.8328742981, 12.5634717941, 14.009314537, 13.8817157745, 4.14006948471, 2.97240948677, 0.527859449387, 0.271865010262, 0.252902925014, 0.297740101814, 0.05529339239, 0.0100755067542, 0.0102375335991, 0.00598758226261, 0.00260615861043, 0.00107109826058, 0.000258411891991, 0.000111556822958, 3.3989053918e-05, 1.12575835374e-05, 2.4279619538e-05, 4.95887943543e-05],
        "median": [0.00192259985488, 0.0408543385565, 0.397545278072, 11.3004293442, 117.180381775, 47.6386833191, 3.66034388542, 2.47994875908, 5.47318029404, 5.80074691772, 21.3666095734, 15.1187324524, 6.63079118729, 3.37132716179, 1.74222064018, 1.35915994644, 2.13355922699, 9.32937240601, 18.1245193481, 10.4094591141, 12.6682596207, 11.9127311707, 3.54349851608, 2.358314991, 0.453029721975, 0.240639910102, 0.231963604689, 0.221047610044, 0.0508039034903, 0.00815379619598, 0.00898802746087, 0.00469399336725, 0.00201610708609, 0.00069745676592, 0.000175786582986, 7.79044203227e-05, 2.23837723752e-05, 7.47468948248e-06, 2.27315103984e-05, 4.63424512418e-05],
        "min": [0.00029854872264, 0.00256383698434, 0.0857386887074, 0.598778128624, 2.39304471016, 2.78322577477, 0.872444868088, 0.365149706602, 0.275207072496, 0.703564822674, 0.859680891037, 0.272159844637, 0.227683886886, 0.370978713036, 0.287797987461, 0.202947586775, 0.0795226916671, 0.304346650839, 0.577376902103, 0.788332343102, 0.18302321434, 0.217483624816, 0.154555335641, 0.0712657645345, 0.0693714916706, 0.0278709884733, 0.027217824012, 0.0344668999314, 0.0147502431646, 0.00240423670039, 0.00253163836896, 0.00126996426843, 0.000741158321034, 0.000227954587899, 8.50944998092e-05, 2.6708436053e-05, 7.11748361937e-06, 3.20243975693e-06, 6.65646666675e-06, 8.96616711543e-06],
        "var": [0.000239300876274, 0.014253183268, 0.0885388627648, 62.3065834045, 7275.12402344, 1156.20983887, 8.15218734741, 6.26612710953, 22.1212520599, 28.3200111389, 611.395629883, 167.549560547, 23.7138442993, 23.6453304291, 51.9361457825, 3.30732059479, 22.1909294128, 93.2194976807, 863.501831055, 61.6691169739, 72.748008728, 64.2804794312, 4.37093496323, 4.94408941269, 0.0743367373943, 0.0194205176085, 0.0179463345557, 0.0580450035632, 0.000677087227814, 4.59296061308e-05, 3.9276543248e-05, 4.28372768511e-05, 7.29117391529e-06, 2.71648809758e-06, 1.393204343e-07, 3.90716330401e-08, 8.73011529734e-09, 1.07729181131e-09, 1.40488579103e-10, 6.19123918799e-10]
    },
    "gfcc": {
        "mean": [-91.0806121826, 185.797653198, -145.778106689, 20.1852607727, -26.5685100555, -31.9889678955, -41.8597373962, -21.3393745422, -9.14365386963, -31.4184532166, -32.2063713074, -34.5278053284, -5.92189311981],
        "cov": [[274.658172607, 31.8493309021, -61.2390060425, -12.0898323059, 2.5735502243, 37.3940048218, 1.24242627621, 29.9540138245, 22.3122634888, 20.4950389862, 15.83162117, -3.27079486847, -4.04029560089], [31.8493309021, 87.6175613403, -6.15203666687, -9.48478317261, 24.9876270294, -17.4569587708, 18.7035694122, -6.51350545883, 11.589550972, -11.779542923, 7.55022764206, -9.48450469971, 6.91432762146], [-61.2390060425, -6.15203666687, 170.645278931, 17.6000652313, 22.609960556, -2.36146068573, -14.4026184082, -14.4563379288, -12.689332962, -12.1989765167, -5.03647279739, 3.4293782711, -1.82200694084], [-12.0898323059, -9.48478317261, 17.6000652313, 67.5550079346, 7.23631477356, 5.05744123459, 0.604662299156, 14.8502445221, 25.1651554108, 14.9523887634, 7.64183998108, -0.508242666721, 9.11362361908], [2.5735502243, 24.9876270294, 22.609960556, 7.23631477356, 53.5411720276, 4.16582536697, 1.66945874691, -19.1314640045, -6.92771911621, -7.04474115372, -7.05915689468, -4.64792346954, 1.35898542404], [37.3940048218, -17.4569587708, -2.36146068573, 5.05744123459, 4.16582536697, 66.8206634521, 7.36355638504, 30.3795757294, 12.8351736069, 18.7800960541, 20.3515720367, 16.5598182678, 8.26170539856], [1.24242627621, 18.7035694122, -14.4026184082, 0.604662299156, 1.66945874691, 7.36355638504, 31.1356887817, 11.3113794327, 3.07575750351, -3.92297363281, -0.834837079048, 3.79711794853, 2.8029024601], [29.9540138245, -6.51350545883, -14.4563379288, 14.8502445221, -19.1314640045, 30.3795757294, 11.3113794327, 89.7691879272, 36.913482666, 24.8887367249, 19.7393569946, 19.3231487274, 9.78922653198], [22.3122634888, 11.589550972, -12.689332962, 25.1651554108, -6.92771911621, 12.8351736069, 3.07575750351, 36.913482666, 44.7929916382, 26.9886569977, 8.39062213898, -4.06453323364, 5.09687042236], [20.4950389862, -11.779542923, -12.1989765167, 14.9523887634, -7.04474115372, 18.7800960541, -3.92297363281, 24.8887367249, 26.9886569977, 52.2923736572, 18.1364955902, 10.454615593, 1.82061576843], [15.83162117, 7.55022764206, -5.03647279739, 7.64183998108, -7.05915689468, 20.3515720367, -0.834837079048, 19.7393569946, 8.39062213898, 18.1364955902, 39.1088104248, 21.4326667786, 4.64696550369], [-3.27079486847, -9.48450469971, 3.4293782711, -0.508242666721, -4.64792346954, 16.5598182678, 3.79711794853, 19.3231487274, -4.06453323364, 10.454615593, 21.4326667786, 46.4858474731, 12.6430435181], [-4.04029560089, 6.91432762146, -1.82200694084, 9.11362361908, 1.35898542404, 8.26170539856, 2.8029024601, 9.78922653198, 5.09687042236, 1.82061576843, 4.64696550369, 12.6430435181, 26.0542411804]],
        "icov": [[0.00605490617454, -0.0114397676662, 0.00269530294463, -0.00474686967209, 0.00526128290221, -0.00944566074759, 0.00962502881885, -0.00329050444998, 0.00875985249877, -0.00407662335783, 0.00908026471734, -0.00200399127789, 0.00666953576729], [-0.0114397676662, 0.0943495631218, -0.00916446372867, 0.051340021193, -0.0559998415411, 0.0601311214268, -0.0686055496335, 0.0209299661219, -0.0865753218532, 0.0351630970836, -0.0844444707036, 0.0251859519631, -0.0447229743004], [0.00269530294463, -0.00916446372867, 0.00858707539737, -0.00751194963232, 0.00248205498792, -0.00716623151675, 0.0111131621525, -0.0028038432356, 0.00968399364501, -0.00147296383511, 0.00920666567981, -0.00422490295023, 0.00669562770054], [-0.00474686967209, 0.051340021193, -0.00751194963232, 0.0503700599074, -0.0343458727002, 0.0343890041113, -0.0381610877812, 0.0127775352448, -0.0613095127046, 0.018450928852, -0.0503417216241, 0.0152325583622, -0.0300224758685], [0.00526128290221, -0.0559998415411, 0.00248205498792, -0.0343458727002, 0.0573144033551, -0.0400338470936, 0.0370768383145, -0.00612823199481, 0.0528497062624, -0.0204213410616, 0.0538783930242, -0.0143461227417, 0.0243239216506], [-0.00944566074759, 0.0601311214268, -0.00716623151675, 0.0343890041113, -0.0400338470936, 0.0612660571933, -0.0481524318457, 0.0081922672689, -0.0534308478236, 0.0176099017262, -0.061081264168, 0.0156192192808, -0.0326527915895], [0.00962502881885, -0.0686055496335, 0.0111131621525, -0.0381610877812, 0.0370768383145, -0.0481524318457, 0.0889332517982, -0.0200049057603, 0.0596091113985, -0.0174225382507, 0.0659300088882, -0.0232053473592, 0.034166816622], [-0.00329050444998, 0.0209299661219, -0.0028038432356, 0.0127775352448, -0.00612823199481, 0.0081922672689, -0.0200049057603, 0.0292448699474, -0.0402078591287, 0.01109779533, -0.019174862653, -0.00432740431279, -0.00923421233892], [0.00875985249877, -0.0865753218532, 0.00968399364501, -0.0613095127046, 0.0528497062624, -0.0534308478236, 0.0596091113985, -0.0402078591287, 0.145788311958, -0.0560074858367, 0.0767346918583, -0.000863180554006, 0.0314638093114], [-0.00407662335783, 0.0351630970836, -0.00147296383511, 0.018450928852, -0.0204213410616, 0.0176099017262, -0.0174225382507, 0.01109779533, -0.0560074858367, 0.0496621467173, -0.0372960455716, -0.000779049412813, -0.00881887041032], [0.00908026471734, -0.0844444707036, 0.00920666567981, -0.0503417216241, 0.0538783930242, -0.061081264168, 0.0659300088882, -0.019174862653, 0.0767346918583, -0.0372960455716, 0.119348086417, -0.0401263460517, 0.0445212982595], [-0.00200399127789, 0.0251859519631, -0.00422490295023, 0.0152325583622, -0.0143461227417, 0.0156192192808, -0.0232053473592, -0.00432740431279, -0.000863180554006, -0.000779049412813, -0.0401263460517, 0.0503800623119, -0.0297677777708], [0.00666953576729, -0.0447229743004, 0.00669562770054, -0.0300224758685, 0.0243239216506, -0.0326527915895, 0.034166816622, -0.00923421233892, 0.0314638093114, -0.00881887041032, 0.0445212982595, -0.0297677777708, 0.072099044919]]
    },
    "melbands": {
        "dmean": [5.32862140972e-05, 0.000109058710223, 0.00464190309867, 0.00637328904122, 0.000138723233249, 5.10678401042e-05, 6.31887814961e-05, 4.20827236667e-05, 0.000198569890927, 6.46793632768e-05, 2.00618796953e-05, 1.26415006889e-05, 9.47854096012e-06, 2.97305291497e-06, 4.54206474387e-06, 3.73955458599e-06, 1.66557892953e-05, 3.96370705857e-05, 6.74982265991e-06, 1.08187832666e-05, 8.204070582e-06, 8.8247252279e-06, 3.235150416e-06, 1.16240880743e-06, 1.18455250231e-06, 1.57000187073e-07, 1.24504666132e-07, 6.81934082536e-08, 4.4146538869e-08, 1.2414915318e-07, 5.81206265338e-08, 1.30804949094e-08, 2.7801141389e-09, 1.89143722906e-09, 2.59168575489e-09, 1.40945866089e-09, 1.60671742577e-09, 7.22144788412e-10, 7.23003212855e-10, 2.89520712959e-10],
        "dmean2": [9.34270428843e-05, 0.000198877110961, 0.00823302380741, 0.01136776153, 0.000236759107793, 8.89812508831e-05, 0.000105781080492, 6.94718692102e-05, 0.000346139859175, 0.000111308749183, 3.32931631419e-05, 2.1322948669e-05, 1.50217165356e-05, 4.96281927553e-06, 7.61462479204e-06, 5.85672751185e-06, 2.67334671662e-05, 6.37963894405e-05, 1.11402187031e-05, 1.78192858584e-05, 1.34273004733e-05, 1.53792625497e-05, 5.4623651522e-06, 1.91034473573e-06, 1.8237178665e-06, 2.65985846681e-07, 2.12595921312e-07, 1.10484130289e-07, 6.96657949106e-08, 1.92682122702e-07, 9.63516271213e-08, 2.14343973681e-08, 4.45687842188e-09, 3.13234727045e-09, 4.13641521035e-09, 2.22314611165e-09, 2.61915089617e-09, 1.18019871653e-09, 1.23990728795e-09, 4.5272569027e-10],
        "dvar": [1.99554683888e-08, 1.57380544152e-08, 1.11407289296e-05, 1.73413191078e-05, 2.14184225911e-08, 2.2225798979e-09, 5.07554620555e-09, 1.59215474138e-09, 4.82958135706e-08, 3.94109767043e-09, 3.88300364085e-10, 2.70585331918e-10, 4.12196832222e-10, 2.53911752734e-11, 3.9424574716e-11, 4.36239482038e-11, 3.27545046641e-10, 2.57470555987e-09, 5.15256969036e-11, 1.06965103441e-10, 7.61864391019e-11, 5.9161842092e-11, 1.15197851258e-11, 1.08447376513e-12, 1.64091082302e-12, 2.83288187152e-14, 1.4938818547e-14, 5.13349145771e-15, 1.50672147658e-15, 1.24298544412e-14, 4.83934825535e-15, 1.47221102496e-16, 1.07731920261e-17, 4.50083529669e-18, 5.04773403048e-18, 3.31342517879e-18, 8.54862459906e-18, 1.03908174482e-18, 4.8590140145e-18, 3.59775331491e-19],
        "dvar2": [6.01408061129e-08, 4.60712072936e-08, 3.07770387735e-05, 5.31076766492e-05, 5.73445895213e-08, 6.68640653956e-09, 1.44269147739e-08, 3.88637078075e-09, 1.26836042114e-07, 1.03492387993e-08, 9.61177248904e-10, 6.42392528061e-10, 7.77007791442e-10, 6.5288829898e-11, 9.31298232976e-11, 8.36895761025e-11, 8.44499137287e-10, 6.12326278571e-09, 1.10284559263e-10, 2.70652278367e-10, 2.13781853331e-10, 1.81073198102e-10, 3.00038362211e-11, 3.25685550577e-12, 3.95548611226e-12, 7.73542335871e-14, 4.35322418846e-14, 1.36201957712e-14, 4.12265462044e-15, 3.3240625557e-14, 1.26370912161e-14, 3.91131704136e-16, 2.14878411715e-17, 9.24602553659e-18, 1.23420492456e-17, 6.38350829703e-18, 1.72702258991e-17, 1.93314632055e-18, 1.31859240173e-17, 6.16568692972e-19],
        "max": [0.00142000836786, 0.000926598499063, 0.0157069191337, 0.0214035045356, 0.0010743670864, 0.000326351902913, 0.00053740805015, 0.000341607199516, 0.00122177402955, 0.000503006041981, 0.000175715729711, 0.000146144855535, 0.000256494095083, 5.48910211364e-05, 5.5355270888e-05, 6.44829997327e-05, 0.000136327231303, 0.000539250904694, 6.7958906584e-05, 8.95302509889e-05, 8.79038198036e-05, 5.78699582547e-05, 3.14964490826e-05, 8.34840466268e-06, 1.21050707094e-05, 1.46894274167e-06, 1.06160564428e-06, 8.40516520384e-07, 3.47472848716e-07, 1.34425033593e-06, 7.3513353982e-07, 1.03958058162e-07, 4.70314525103e-08, 2.12041264547e-08, 3.2564916097e-08, 3.19591499931e-08, 4.66022669343e-08, 1.54090766813e-08, 2.93046671374e-08, 8.11809464096e-09],
        "mean": [6.24231106485e-05, 0.000131969369249, 0.00592374894768, 0.00784177426249, 0.000207165474421, 6.91098321113e-05, 9.8753189377e-05, 7.73468855186e-05, 0.000262138521066, 0.000101413876109, 3.4970787965e-05, 1.94005988305e-05, 1.44913929034e-05, 4.42155442215e-06, 6.72244686939e-06, 6.20639821136e-06, 2.7058458727e-05, 5.8980902395e-05, 1.26123150039e-05, 1.94270232896e-05, 1.54987228598e-05, 1.58768943948e-05, 6.64739718559e-06, 2.52765858022e-06, 2.45543719757e-06, 3.4661050563e-07, 2.72988131655e-07, 1.59706033287e-07, 1.16599530031e-07, 2.56636411677e-07, 1.230112332e-07, 3.4239246105e-08, 7.41611838606e-09, 3.82452158831e-09, 6.50447029571e-09, 3.70347863488e-09, 3.72190744891e-09, 1.87608706348e-09, 1.38905631442e-09, 6.69369115691e-10],
        "median": [2.3619926651e-05, 8.59574793139e-05, 0.00521291885525, 0.00679248012602, 0.000159623334184, 5.58277315577e-05, 8.5126295744e-05, 6.4426138124e-05, 0.00018919352442, 8.20463465061e-05, 3.01835007122e-05, 1.40824586197e-05, 6.74442981108e-06, 2.74150715995e-06, 4.99992256664e-06, 3.34788501277e-06, 2.03478448384e-05, 3.69102599507e-05, 1.009027892e-05, 1.649449041e-05, 1.21934863273e-05, 1.31828210215e-05, 5.25115137862e-06, 2.21739765038e-06, 1.84868190445e-06, 2.91015368248e-07, 2.31866110312e-07, 1.36989854127e-07, 1.02625463683e-07, 2.14182961145e-07, 9.2305931787e-08, 3.09986134539e-08, 6.16933792941e-09, 2.89574697554e-09, 5.68649305421e-09, 2.90048429719e-09, 2.77827827411e-09, 1.44159606474e-09, 9.28766397124e-10, 4.08787198536e-10],
        "min": [1.33856940465e-06, 4.45844580099e-06, 0.00017531485355, 0.000201927890885, 2.08310830203e-05, 4.2473193389e-06, 3.28345913658e-06, 6.35022661299e-06, 6.16016859567e-06, 1.61967761869e-06, 1.08778056074e-06, 1.396048674e-06, 1.05859737687e-06, 2.75339061773e-07, 3.78553210112e-07, 1.23006842045e-07, 6.42250427063e-07, 8.63680099883e-07, 1.43758177273e-06, 4.0983096028e-07, 1.9798659423e-07, 2.25130747822e-07, 1.87063136536e-07, 7.77143540631e-08, 5.52860939251e-08, 5.94739084647e-08, 3.66330645818e-08, 1.35997417772e-08, 1.59792268306e-08, 1.79724501947e-08, 1.50391681331e-08, 7.25228543885e-09, 1.82001491655e-09, 6.13499973046e-10, 1.71615832656e-09, 7.57392037976e-10, 6.14047090952e-10, 4.27202301312e-10, 2.86986573395e-10, 1.08579860381e-10],
        "var": [2.07150669951e-08, 1.8485870612e-08, 1.40245110742e-05, 2.52172376349e-05, 3.24389262119e-08, 2.76121348008e-09, 5.44287814819e-09, 3.17975734632e-09, 5.15727194283e-08, 5.51857937126e-09, 5.82595582888e-10, 3.42853939683e-10, 1.0488726554e-09, 3.29042314229e-11, 4.99023079803e-11, 7.98033930605e-11, 5.06356512275e-10, 4.15319956204e-09, 8.75061342831e-11, 1.79440948211e-10, 1.43913977957e-10, 9.12633024708e-11, 1.91535381305e-11, 2.18138940071e-12, 3.97804922683e-12, 4.50013934266e-14, 2.74962446204e-14, 9.26681488164e-15, 3.30632365291e-15, 3.20629177234e-14, 1.14079422246e-14, 2.78876624628e-16, 2.700757604e-17, 9.91970789723e-18, 1.56252151236e-17, 9.93713162966e-18, 1.94205762e-17, 2.8296628664e-18, 6.26986774293e-18, 1.04203539999e-18]
    },
    "mfcc": {
        "mean": [-729.24206543, 210.668228149, -45.3390388489, 39.7200927734, 16.319606781, -6.5774230957, -22.3272705078, -9.49765491486, 9.16960430145, -4.67673110962, -10.9889793396, -11.3643732071, -33.0649452209],
        "cov": [[350.554962158, 27.2759723663, -79.4567260742, -19.9061717987, -10.9651136398, 11.5569181442, -7.73880338669, 27.9339199066, 8.26287460327, 38.4085502625, 28.32771492, 35.9250030518, 12.065530777], [27.2759723663, 96.4425964355, -13.8495903015, -3.14336252213, 7.41509532928, -2.81172418594, 11.3464708328, 4.6450753212, 1.03344249725, -3.42814064026, 4.09319877625, -8.61211395264, -4.29384088516], [-79.4567260742, -13.8495903015, 120.986030579, 19.595293045, 28.3571987152, 5.12868785858, -2.2295935154, 13.1319160461, -0.814855933189, 10.1552343369, 7.17384576797, -6.77107810974, 11.5112657547], [-19.9061717987, -3.14336252213, 19.595293045, 62.8233299255, 16.1902713776, -4.74960947037, -10.2674360275, -4.8518948555, 12.2900333405, 8.60670089722, 5.23626279831, -0.12057518959, -3.80451893806], [-10.9651136398, 7.41509532928, 28.3571987152, 16.1902713776, 50.5358848572, 17.8885269165, 4.31292581558, 8.19732475281, 4.95079231262, 12.6217308044, 10.3755426407, -7.92218780518, 1.75679957867], [11.5569181442, -2.81172418594, 5.12868785858, -4.74960947037, 17.8885269165, 45.6113357544, 14.2186021805, -4.64030790329, -2.2964091301, -4.36709737778, 5.14792490005, 3.52009010315, -1.35596036911], [-7.73880338669, 11.3464708328, -2.2295935154, -10.2674360275, 4.31292581558, 14.2186021805, 32.6175346375, 15.7893123627, 0.922932565212, -6.9774479866, 0.587816357613, 3.92086315155, 2.2833673954], [27.9339199066, 4.6450753212, 13.1319160461, -4.8518948555, 8.19732475281, -4.64030790329, 15.7893123627, 57.3767700195, 14.4457511902, 12.3520517349, 7.35514259338, 1.73483550549, 11.8059368134], [8.26287460327, 1.03344249725, -0.814855933189, 12.2900333405, 4.95079231262, -2.2964091301, 0.922932565212, 14.4457511902, 47.5603103638, 19.8608722687, 8.06993770599, 5.70826005936, -6.33718156815], [38.4085502625, -3.42814064026, 10.1552343369, 8.60670089722, 12.6217308044, -4.36709737778, -6.9774479866, 12.3520517349, 19.8608722687, 54.5003967285, 25.3643188477, 5.06933832169, 2.57520961761], [28.32771492, 4.09319877625, 7.17384576797, 5.23626279831, 10.3755426407, 5.14792490005, 0.587816357613, 7.35514259338, 8.06993770599, 25.3643188477, 41.17004776, 16.7677516937, 2.11442899704], [35.9250030518, -8.61211395264, -6.77107810974, -0.12057518959, -7.92218780518, 3.52009010315, 3.92086315155, 1.73483550549, 5.70826005936, 5.06933832169, 16.7677516937, 42.6445388794, 17.9709091187], [12.065530777, -4.29384088516, 11.5112657547, -3.80451893806, 1.75679957867, -1.35596036911, 2.2833673954, 11.8059368134, -6.33718156815, 2.57520961761, 2.11442899704, 17.9709091187, 39.5535964966]],
