{
"lowlevel": {
    "average_loudness": 0.983887135983,
    "barkbands_crest": {
        "dmean": 3.51638102531,
        "dmean2": 5.71194410324,
        "dvar": 7.984852314,
        "dvar2": 20.4788951874,
        "max": 23.4373722076,
        "mean": 11.2823905945,
        "median": 10.6155576706,
        "min": 3.45991587639,
        "var": 20.5024414062
    },
    "barkbands_flatness_db": {
        "dmean": 0.0343823097646,
        "dmean2": 0.0525959841907,
        "dvar": 0.00088962353766,
        "dvar2": 0.00192056887317,
        "max": 0.35212084651,
        "mean": 0.188574954867,
        "median": 0.180330917239,
        "min": 0.0849862769246,
        "var": 0.00306696281768
    },
    "barkbands_kurtosis": {
        "dmean": 6.88606595993,
        "dmean2": 11.2914104462,
        "dvar": 100.490432739,
        "dvar2": 255.497467041,
        "max": 82.9455718994,
        "mean": 8.33697891235,
        "median": 3.07841539383,
        "min": -1.76863098145,
        "var": 161.732208252
    },
    "barkbands_skewness": {
        "dmean": 0.935343205929,
        "dmean2": 1.455124259,
        "dvar": 0.793879210949,
        "dvar2": 1.79870045185,
        "max": 8.05665588379,
        "mean": 2.32813310623,
        "median": 1.95841431618,
        "min": -0.243297755718,
        "var": 2.41330265999
    },
    "barkbands_spread": {
        "dmean": 5.06302881241,
        "dmean2": 7.96650648117,
        "dvar": 20.7472000122,
        "dvar2": 45.7012062073,
        "max": 39.7225837708,
        "mean": 15.6949491501,
        "median": 16.2491188049,
        "min": 1.21394562721,
        "var": 71.5199050903
    },
    "dissonance": {
        "dmean": 0.0133845675737,
        "dmean2": 0.0227595325559,
        "dvar": 0.000152402644744,
        "dvar2": 0.00038859891356,
        "max": 0.499585300684,
        "mean": 0.473916947842,
        "median": 0.476084440947,
        "min": 0.354534268379,
        "var": 0.000252699916018
    },
    "dynamic_complexity": 1.65977144241,
    "erbbands_crest": {
        "dmean": 2.57588171959,
        "dmean2": 4.24137353897,
        "dvar": 5.52783966064,
        "dvar2": 14.1389217377,
        "max": 25.5491218567,
        "mean": 8.76444244385,
        "median": 7.96477794647,
        "min": 3.64667391777,
        "var": 10.5168485641
    },
    "erbbands_flatness_db": {
        "dmean": 0.0110213179141,
        "dmean2": 0.0176493041217,
        "dvar": 8.26655304991e-05,
        "dvar2": 0.000198231937247,
        "max": 0.272494763136,
        "mean": 0.182218655944,
        "median": 0.181033805013,
        "min": 0.131924524903,
        "var": 0.0003383923613
    },
    "erbbands_kurtosis": {
        "dmean": 0.569409906864,
        "dmean2": 0.965550363064,
        "dvar": 0.669499993324,
        "dvar2": 1.95985090733,
        "max": 12.8617696762,
        "mean": -0.676861703396,
        "median": -0.957417011261,
        "min": -1.73686480522,
        "var": 1.3709808588
    },
    "erbbands_skewness": {
        "dmean": 0.350982993841,
        "dmean2": 0.569737255573,
        "dvar": 0.093626588583,
        "dvar2": 0.227566331625,
        "max": 1.78009688854,
        "mean": -0.279667019844,
        "median": -0.267227470875,
        "min": -3.43927764893,
        "var": 0.341119945049
    },
    "erbbands_spread": {
        "dmean": 7.28564834595,
        "dmean2": 11.4956541061,
        "dvar": 38.4245872498,
        "dvar2": 88.8561706543,
        "max": 77.8042984009,
        "mean": 40.2154312134,
        "median": 39.049079895,
        "min": 10.5221862793,
        "var": 126.032363892
    },
    "hfc": {
        "dmean": 4.83781337738,
        "dmean2": 7.54406499863,
        "dvar": 38.2524986267,
        "dvar2": 76.9088745117,
        "max": 130.853256226,
        "mean": 18.9036579132,
        "median": 15.5599679947,
        "min": 0.474697798491,
        "var": 164.884811401
    },
    "melbands_crest": {
        "dmean": 4.69466400146,
        "dmean2": 7.62341165543,
        "dvar": 13.6984758377,
        "dvar2": 33.1013374329,
        "max": 31.3586292267,
        "mean": 17.0712852478,
        "median": 16.6169719696,
        "min": 4.57293462753,
        "var": 37.6150474548
    },
    "melbands_flatness_db": {
        "dmean": 0.0419139787555,
        "dmean2": 0.0640848726034,
        "dvar": 0.00124714814592,
        "dvar2": 0.00253340159543,
        "max": 0.477528125048,
        "mean": 0.282866984606,
        "median": 0.278706520796,
        "min": 0.136744707823,
        "var": 0.00480339396745
    },
    "melbands_kurtosis": {
        "dmean": 17.0323963165,
        "dmean2": 27.7325401306,
        "dvar": 516.864685059,
        "dvar2": 1273.47570801,
        "max": 197.856246948,
        "mean": 25.5968894958,
        "median": 13.7821502686,
        "min": -0.95855307579,
        "var": 940.502197266
    },
    "melbands_skewness": {
        "dmean": 1.30406498909,
        "dmean2": 2.03624248505,
        "dvar": 1.49059677124,
        "dvar2": 3.30768704414,
        "max": 11.1354875565,
        "mean": 3.91868185997,
        "median": 3.53364896774,
        "min": 0.658206880093,
        "var": 4.57391548157
    },
    "melbands_spread": {
        "dmean": 6.37578105927,
        "dmean2": 10.0293684006,
        "dvar": 41.2494010925,
        "dvar2": 89.6190872192,
        "max": 62.2379150391,
        "mean": 15.0508537292,
        "median": 12.7189331055,
        "min": 0.853327393532,
        "var": 120.740661621
    },
    "pitch_salience": {
        "dmean": 0.119187645614,
        "dmean2": 0.194490730762,
        "dvar": 0.00916980300099,
        "dvar2": 0.0233621411026,
        "max": 0.764694690704,
        "mean": 0.485113501549,
        "median": 0.526287734509,
        "min": 0.0977786332369,
        "var": 0.0241896212101
    },
    "silence_rate_20dB": {
        "dmean": 0,
        "dmean2": 0,
        "dvar": 0,
        "dvar2": 0,
        "max": 1,
        "mean": 1,
        "median": 1,
        "min": 1,
        "var": 0
    },
    "silence_rate_30dB": {
        "dmean": 0.0825396850705,
        "dmean2": 0.165341809392,
        "dvar": 0.0757270157337,
        "dvar2": 0.192057043314,
        "max": 1,
        "mean": 0.936608552933,
        "median": 1,
        "min": 0,
        "var": 0.0593726374209
    },
    "silence_rate_60dB": {
        "dmean": 0,
        "dmean2": 0,
        "dvar": 0,
        "dvar2": 0,
        "max": 0,
        "mean": 0,
        "median": 0,
        "min": 0,
        "var": 0
    },
    "spectral_centroid": {
        "dmean": 228.181350708,
        "dmean2": 354.944763184,
        "dvar": 34626.1679688,
        "dvar2": 70972.5078125,
        "max": 2137.17993164,
        "mean": 985.390380859,
        "median": 1019.18133545,
        "min": 232.260894775,
        "var": 149479.265625
    },
    "spectral_complexity": {
        "dmean": 2.90634918213,
        "dmean2": 4.5246424675,
        "dvar": 6.58646917343,
        "dvar2": 13.0252714157,
        "max": 40,
        "mean": 20.8969898224,
        "median": 20,
        "min": 2,
        "var": 50.6787910461
    },
    "spectral_decrease": {
        "dmean": 7.13581549405e-09,
        "dmean2": 1.14396616624e-08,
        "dvar": 4.52607787113e-17,
        "dvar2": 1.12428787437e-16,
        "max": -2.2977938996e-10,
        "mean": -1.40110065772e-08,
        "median": -1.17603251581e-08,
        "min": -4.39434870714e-08,
        "var": 8.26033213782e-17
    },
    "spectral_energy": {
        "dmean": 0.0272616706789,
        "dmean2": 0.0436715520918,
        "dvar": 0.000655484211165,
        "dvar2": 0.00162917841226,
        "max": 0.170155063272,
        "mean": 0.0545952506363,
        "median": 0.0468096137047,
        "min": 0.000910296686925,
        "var": 0.00121107476298
    },
    "spectral_energyband_high": {
        "dmean": 3.18918464473e-05,
        "dmean2": 4.78976071463e-05,
        "dvar": 1.83137383036e-09,
        "dvar2": 3.66740726676e-09,
        "max": 0.00059034768492,
        "mean": 0.000118537878734,
        "median": 8.52875236887e-05,
        "min": 5.07709728481e-06,
        "var": 1.02634123422e-08
    },
    "spectral_energyband_low": {
        "dmean": 0.0248066484928,
        "dmean2": 0.0399593524635,
        "dvar": 0.000629999267403,
        "dvar2": 0.00157880911138,
        "max": 0.153158426285,
        "mean": 0.0349637567997,
        "median": 0.0239545665681,
        "min": 0.000371686328435,
        "var": 0.00107765616849
    },
    "spectral_energyband_middle_high": {
        "dmean": 0.00157546217088,
        "dmean2": 0.00230622082017,
        "dvar": 7.06760010871e-06,
        "dvar2": 1.52658758452e-05,
        "max": 0.058595944196,
        "mean": 0.00511748949066,
        "median": 0.00345250614919,
        "min": 0.000121783268696,
        "var": 2.53953949141e-05
    },
    "spectral_energyband_middle_low": {
        "dmean": 0.00788966193795,
        "dmean2": 0.0128906294703,
        "dvar": 0.000138697432703,
        "dvar2": 0.000325280678226,
        "max": 0.161914497614,
        "mean": 0.0156662762165,
        "median": 0.011528535746,
        "min": 0.000492237915751,
        "var": 0.000220699424972
    },
    "spectral_entropy": {
        "dmean": 0.145062044263,
        "dmean2": 0.225642949343,
        "dvar": 0.018824622035,
        "dvar2": 0.0383216477931,
        "max": 7.87097263336,
        "mean": 7.31619644165,
        "median": 7.36946344376,
        "min": 6.37560939789,
        "var": 0.0577286221087
    },
    "spectral_flux": {
        "dmean": 0.044939160347,
        "dmean2": 0.0750450417399,
        "dvar": 0.00174713681918,
        "dvar2": 0.00458222674206,
        "max": 0.331112623215,
        "mean": 0.128936588764,
        "median": 0.123098909855,
        "min": 0.0364291630685,
        "var": 0.00267607741989
    },
    "spectral_kurtosis": {
        "dmean": 2.62332391739,
        "dmean2": 4.55307149887,
        "dvar": 5.02559328079,
        "dvar2": 15.3321228027,
        "max": 21.5705108643,
        "mean": 6.93351697922,
        "median": 6.27580356598,
        "min": 2.65311288834,
        "var": 7.2642865181
    },
    "spectral_rms": {
        "dmean": 0.00178728729952,
        "dmean2": 0.00279601989314,
        "dvar": 2.29900774684e-06,
        "dvar2": 5.39678831046e-06,
        "max": 0.0128842908889,
        "mean": 0.00691101700068,
        "median": 0.0067578041926,
        "min": 0.000942387559917,
        "var": 5.50148706679e-06
    },
    "spectral_rolloff": {
        "dmean": 395.32208252,
        "dmean2": 685.604125977,
        "dvar": 230730.4375,
        "dvar2": 504708.4375,
        "max": 2519.38476562,
        "mean": 809.969604492,
        "median": 538.330078125,
        "min": 86.1328125,
        "var": 477769.125
    },
    "spectral_skewness": {
        "dmean": 0.248389929533,
        "dmean2": 0.422377645969,
        "dvar": 0.0451406612992,
        "dvar2": 0.125202670693,
        "max": 3.31031155586,
        "mean": 1.65108263493,
        "median": 1.59830856323,
        "min": 0.838838100433,
        "var": 0.0935590490699
    },
    "spectral_spread": {
        "dmean": 188553.75,
        "dmean2": 302989.5625,
        "dvar": 120869617664,
        "dvar2": 129050451968,
        "max": 11872299,
        "mean": 2765755,
        "median": 2766436,
        "min": 1655338.5,
        "var": 214643720192
    },
    "spectral_strongpeak": {
        "dmean": 0.442291796207,
        "dmean2": 0.755777597427,
        "dvar": 0.449027359486,
        "dvar2": 1.30259847641,
        "max": 7.26702594757,
        "mean": 0.648465335369,
        "median": 0.50340628624,
        "min": 0.0202486086637,
        "var": 0.377699583769
    },
    "zerocrossingrate": {
        "dmean": 0.00640423502773,
        "dmean2": 0.00769683392718,
        "dvar": 2.55170234595e-05,
        "dvar2": 3.41843624483e-05,
        "max": 0.0654296875,
        "mean": 0.0300699230283,
        "median": 0.029296875,
        "min": 0.00537109375,
        "var": 0.000184176082257
    },
    "barkbands": {
        "dmean": [8.95350167411e-05, 0.0162976328284, 0.0113678313792, 0.0031400907319, 0.00503770681098, 0.000824756454676, 0.00085711205611, 0.000541222456377, 0.000762445037253, 6.14377204329e-05, 8.88304275577e-05, 6.5616084612e-05, 8.53629462654e-05, 0.000930479378439, 0.000304461456835, 0.000462492724182, 0.00037124202936, 0.000106248735392, 8.22574002086e-05, 1.66240170074e-05, 1.7778327674e-05, 7.66446737543e-06, 3.81079303224e-06, 1.29261343318e-06, 7.63603225096e-07, 3.63928393199e-07, 1.10310296009e-07],
        "dmean2": [0.000145482452353, 0.026859395206, 0.0186575092375, 0.00532151432708, 0.00847297813743, 0.00136370991822, 0.00135051168036, 0.000931772054173, 0.00122080044821, 0.000103117170511, 0.000155626286869, 9.96850940282e-05, 0.000137331095175, 0.00147877668496, 0.000483046140289, 0.000724853016436, 0.000607020221651, 0.000168010708876, 0.000126848419313, 2.66839560936e-05, 2.62579342234e-05, 1.20005188364e-05, 6.88320369591e-06, 1.864787464e-06, 1.15594116323e-06, 5.70022507418e-07, 1.72456950054e-07],
        "dvar": [1.40481457578e-08, 0.000304065208184, 0.000188528327271, 2.50710381806e-05, 8.99548613233e-05, 1.96421001419e-06, 1.09401923964e-06, 2.42703754338e-06, 1.12810982955e-06, 9.0265865893e-09, 6.09457444511e-08, 1.7118580331e-08, 1.92488531781e-08, 4.26962651545e-06, 1.63709117373e-07, 9.46991917772e-07, 3.05331894879e-07, 1.85266895159e-08, 1.02123181023e-07, 6.48841036455e-10, 5.3793530741e-10, 1.06708988867e-10, 1.66573543153e-11, 5.11420376534e-12, 4.00604332693e-12, 2.30178587779e-13, 1.94032310564e-14],
        "dvar2": [3.18031538882e-08, 0.000775399210397, 0.000447751051979, 6.45625113975e-05, 0.000223995433771, 5.53860218133e-06, 2.78459538094e-06, 7.07149729351e-06, 3.04235527437e-06, 2.46389113556e-08, 1.70998902149e-07, 3.40541994603e-08, 3.90039112119e-08, 1.08704780359e-05, 3.96589115326e-07, 2.50826064985e-06, 7.28595296096e-07, 4.50901005422e-08, 2.47801523301e-07, 1.56850854527e-09, 1.07552389217e-09, 2.40642811233e-10, 4.69682938375e-11, 7.67228294785e-12, 8.87686712331e-12, 4.98370116876e-13, 4.57071954883e-14],
        "max": [0.0011230839882, 0.115538969636, 0.113279491663, 0.0408942401409, 0.134199351072, 0.0238547958434, 0.0156328342855, 0.0289502851665, 0.0157546438277, 0.00083489267854, 0.00280173146166, 0.0017102311831, 0.00216277898289, 0.0376164913177, 0.00503519875929, 0.0141493231058, 0.00715859560296, 0.00161666970234, 0.00723924906924, 0.000349222158547, 0.000320646213368, 0.000154032371938, 6.05450441071e-05, 4.06091712648e-05, 4.05963401136e-05, 8.67588096298e-06, 2.17354772758e-06],
        "mean": [0.000112736350275, 0.0206339191645, 0.0129631152377, 0.00354519556277, 0.00601084670052, 0.0012968739029, 0.00214297836646, 0.000920528080314, 0.00170149630867, 0.00011233339319, 0.000114412039693, 0.000117265713925, 0.000179864189704, 0.00168204156216, 0.000635681732092, 0.000904972781427, 0.000946758547798, 0.000268019910436, 0.000168692538864, 4.7366364015e-05, 5.3105133702e-05, 2.20874262595e-05, 7.21793003322e-06, 3.83602946386e-06, 2.20150946006e-06, 1.22851020024e-06, 4.22038198167e-07],
        "median": [5.80884952797e-05, 0.0125226369128, 0.00667467899621, 0.00153280736413, 0.00267539452761, 0.000743180862628, 0.001431667828, 0.000525455223396, 0.00107315869536, 7.67849414842e-05, 5.67651841266e-05, 5.61331835343e-05, 0.000119735224871, 0.00103562127333, 0.000445254117949, 0.000427923921961, 0.00057067204034, 0.000189070633496, 9.02228275663e-05, 3.24684697262e-05, 3.49716974597e-05, 1.62375854416e-05, 5.03751334691e-06, 2.22364201363e-06, 1.43630472849e-06, 9.12782979867e-07, 3.35214565439e-07],
        "min": [5.8950604398e-07, 0.000108164735138, 3.81128302251e-05, 8.31899160403e-06, 5.12123770022e-05, 1.71790361492e-05, 1.83291267604e-05, 1.58008297149e-05, 1.80051374628e-05, 1.93829669115e-06, 1.54470490088e-06, 3.76516527467e-06, 4.55360168417e-06, 2.26762604143e-05, 1.87303230632e-05, 3.07740738208e-05, 2.78642637568e-05, 8.08282766229e-06, 1.31489480282e-06, 3.27355166974e-07, 2.10442090065e-06, 1.47803825712e-06, 4.98626093304e-07, 2.79262536651e-07, 2.02677213679e-07, 1.16846813114e-07, 8.55184580928e-08],
        "var": [2.35151809136e-08, 0.000493444968015, 0.000265717128059, 2.88405044557e-05, 9.59160097409e-05, 3.17641411129e-06, 4.83101166537e-06, 2.27019245358e-06, 3.60385979548e-06, 1.34288189457e-08, 4.99035373025e-08, 3.36631664766e-08, 4.68805794185e-08, 5.47838590137e-06, 3.86322938084e-07, 2.55871213994e-06, 1.02842750493e-06, 5.29678025885e-08, 1.36382823257e-07, 1.83336279491e-09, 2.46027442863e-09, 3.75126457675e-10, 4.77369081764e-11, 2.04687829186e-11, 7.5333819044e-12, 1.02362324346e-12, 8.5059428034e-14]
    },
    "erbbands": {
        "dmean": [0.213069170713, 4.53813743591, 14.6217727661, 7.66791057587, 18.6034908295, 15.2685613632, 6.49248075485, 7.0429353714, 11.5193481445, 9.6214094162, 13.3164653778, 18.6781578064, 7.07419157028, 3.46076703072, 2.07415914536, 2.70612812042, 4.10939073563, 20.0551338196, 48.0725593567, 10.0209112167, 28.2733097076, 17.8381748199, 7.21351003647, 7.07385778427, 1.38406801224, 0.89349770546, 0.520984590054, 0.895747184753, 0.365675956011, 0.112215705216, 0.123137652874, 0.0387608595192, 0.0155742373317, 0.00919838249683, 0.00479613617063, 0.00253765122034, 0.000495776417665, 0.000148294915562, 2.00533559109e-05, 2.95066165563e-05],
        "dmean2": [0.345272272825, 7.4900560379, 23.9589633942, 12.3082256317, 31.2599029541, 25.7248725891, 11.1969881058, 11.6273803711, 17.7291965485, 15.9966745377, 22.6778392792, 29.6884059906, 11.4021368027, 5.95577526093, 3.36196303368, 4.05877447128, 6.4486117363, 31.3365516663, 75.4602966309, 16.0333690643, 44.0375823975, 29.9416694641, 11.5605382919, 10.872792244, 2.09944415092, 1.43391001225, 0.810586094856, 1.34584093094, 0.568563997746, 0.188656762242, 0.223894685507, 0.0571413747966, 0.0220377743244, 0.0139828743413, 0.00765709299594, 0.00388030149043, 0.000798970402684, 0.000255541846855, 3.23297281284e-05, 4.72002502647e-05],
        "dvar": [0.067327439785, 23.2036190033, 279.199829102, 107.142593384, 1152.39294434, 807.513122559, 94.1845321655, 143.276748657, 196.5521698, 196.295944214, 1493.22314453, 749.748535156, 86.0164871216, 125.094802856, 13.9951868057, 21.2656593323, 53.8947067261, 4811.74169922, 5566.28417969, 214.019989014, 3795.28051758, 741.521850586, 102.374404907, 528.833190918, 10.0337820053, 2.18429851532, 0.387769281864, 1.62185955048, 0.257586598396, 0.0181634388864, 0.0184358153492, 0.0045866323635, 0.000893067277502, 0.000644890067633, 6.94294576533e-05, 1.33574139909e-05, 3.65417406556e-07, 3.41113128854e-08, 3.67934183121e-10, 7.58382523447e-10],
        "dvar2": [0.157955557108, 59.4335250854, 685.169494629, 269.20690918, 2916.0793457, 2011.06018066, 266.665405273, 393.173339844, 430.582275391, 563.065551758, 4371.83154297, 1980.23376465, 221.129348755, 346.057373047, 34.3326187134, 42.6122131348, 115.04082489, 12690.5859375, 13232.0498047, 548.409912109, 9752.49804688, 1826.02380371, 227.581756592, 1278.91711426, 18.5087833405, 5.53959131241, 0.85682284832, 3.28930044174, 0.589296400547, 0.0454684495926, 0.0520559288561, 0.0066035236232, 0.00172367389314, 0.00146325665992, 0.000136079877848, 2.821527778e-05, 8.63543107243e-07, 9.07360231395e-08, 9.05715447086e-10, 1.87759785497e-09],
        "max": [2.68537187576, 29.4115657806, 111.392967224, 110.62512207, 474.868682861, 313.14932251, 106.948822021, 196.783996582, 266.405670166, 192.655914307, 719.563293457, 369.018035889, 118.946777344, 124.902816772, 55.433719635, 56.1358375549, 129.738311768, 1424.28674316, 857.572631836, 255.558517456, 897.661010742, 354.584869385, 132.151733398, 531.1015625, 67.9246902466, 22.1041965485, 7.54052257538, 17.5186748505, 7.79826021194, 2.22793984413, 1.59658706188, 1.4257516861, 0.551997065544, 0.486410886049, 0.18891736865, 0.0737230852246, 0.00820090342313, 0.00202897377312, 0.000249782722676, 0.000200927723199],
        "mean": [0.299841970205, 5.64521121979, 17.0778808594, 10.6600847244, 21.5028247833, 18.0682411194, 9.24136829376, 11.8201560974, 30.1311912537, 20.3013591766, 24.012960434, 41.5114974976, 16.0019798279, 4.86087799072, 3.81306791306, 5.64651060104, 8.76997566223, 37.1558876038, 95.9626693726, 26.1224937439, 57.1083908081, 48.7563896179, 20.0300102234, 15.6527023315, 3.87852239609, 2.38731908798, 1.63604342937, 2.42898368835, 1.04289400578, 0.293086916208, 0.229791149497, 0.111081987619, 0.0466752424836, 0.0251869745553, 0.0141195002943, 0.00853160489351, 0.00138993817382, 0.000254328042502, 7.38810995244e-05, 6.83204052621e-05],
        "median": [0.190822601318, 3.38582873344, 8.89045333862, 6.31069755554, 9.37278461456, 8.45994663239, 6.21397209167, 6.6765255928, 20.3260574341, 13.3465099335, 13.9052114487, 24.8136825562, 10.3692398071, 2.66064095497, 2.00809502602, 3.25686049461, 5.98783302307, 22.3053321838, 62.0802116394, 17.4709377289, 26.5663986206, 29.2502918243, 12.5540981293, 9.28738117218, 2.43568515778, 1.55029833317, 1.25417912006, 1.52404224873, 0.755646288395, 0.207560524344, 0.154228642583, 0.0693470537663, 0.0272900816053, 0.01584908925, 0.00976722221822, 0.00621437700465, 0.000978279625997, 0.000168712373124, 6.65771585773e-05, 6.18063713773e-05],
        "min": [0.00221799500287, 0.0291594527662, 0.166332229972, 0.058871421963, 0.23659363389, 0.124099969864, 0.324703782797, 0.154794514179, 0.287164628506, 0.503316760063, 0.556313991547, 0.375425696373, 0.142709895968, 0.0208945181221, 0.14213205874, 0.18646864593, 0.218838900328, 0.525363385677, 1.61271250248, 1.08609318733, 1.82913982868, 1.34949398041, 0.485046505928, 0.265010476112, 0.0491336882114, 0.0151987038553, 0.0269947964698, 0.131230324507, 0.0524368323386, 0.0259775184095, 0.0154914679006, 0.00937434844673, 0.00379372015595, 0.00189838965889, 0.00113827676978, 0.000579642772209, 7.55043365643e-05, 1.86269553524e-05, 1.45001858982e-05, 2.69623728855e-06],
        "var": [0.136852905154, 36.6288833618, 401.457489014, 138.576568604, 1265.18981934, 839.411865234, 113.702011108, 232.988464355, 1061.43725586, 441.378601074, 1497.26220703, 2343.07006836, 269.00970459, 96.5319061279, 25.9210338593, 48.8282165527, 110.770713806, 4946.85791016, 11125.7451172, 744.953918457, 9939.97265625, 2494.65917969, 357.866546631, 773.262023926, 23.8198184967, 5.51832199097, 1.54526269436, 6.53587055206, 0.852547168732, 0.0738260149956, 0.0502927787602, 0.0161342266947, 0.00326123717241, 0.00112005148549, 0.000221772686928, 5.28844757355e-05, 1.59663204613e-06, 5.98976086508e-08, 1.34036071131e-09, 1.46890966057e-09]
    },
    "gfcc": {
        "mean": [-6.42662286758, 144.397033691, -122.364280701, 44.4872322083, -23.5565242767, -3.34268021584, -35.789894104, 6.74808931351, 1.8571562767, 3.85611796379, -22.3069248199, -10.63804245, -11.2184715271],
        "cov": [[1151.20935059, -88.1867218018, -240.20614624, -98.6025695801, -142.966934204, -64.6928787231, -98.2913970947, 22.1341991425, -47.5459976196, 3.10342931747, -9.94927024841, 19.2167682648, -8.08616924286], [-88.1867218018, 219.938964844, 112.479537964, 26.3404445648, 104.827529907, 3.96915912628, 51.2232513428, -36.3057136536, 5.27483177185, -41.6104316711, -3.52481174469, -29.6069068909, 17.4205341339], [-240.20614624, 112.479537964, 282.775878906, 112.378494263, 100.715400696, 39.8261909485, 52.4090385437, -4.88673639297, 13.083193779, -36.2526512146, -7.82554101944, -33.3926773071, -7.49273300171], [-98.6025695801, 26.3404445648, 112.378494263, 114.202949524, 84.3520278931, 22.9887752533, 27.2188148499, -6.48215532303, 4.14772033691, -19.7496299744, 7.32618284225, -6.53400468826, 6.06537914276], [-142.966934204, 104.827529907, 100.715400696, 84.3520278931, 158.49446106, 42.0940551758, 63.6669998169, -16.6983203888, 17.5726776123, -16.1793651581, 10.5041561127, -9.76709365845, 10.1584205627], [-64.6928787231, 3.96915912628, 39.8261909485, 22.9887752533, 42.0940551758, 63.3967819214, 41.5381774902, 12.0296030045, 23.3218746185, 9.28525352478, 12.4855365753, -0.986665248871, 2.21853899956], [-98.2913970947, 51.2232513428, 52.4090385437, 27.2188148499, 63.6669998169, 41.5381774902, 75.1008224487, 21.20611763, 32.1417121887, 4.62731838226, 9.93011569977, -3.35865426064, 5.87345552444], [22.1341991425, -36.3057136536, -4.88673639297, -6.48215532303, -16.6983203888, 12.0296030045, 21.20611763, 59.0321121216, 31.0403709412, 18.5877456665, 3.8165910244, 5.16042613983, -3.82145953178], [-47.5459976196, 5.27483177185, 13.083193779, 4.14772033691, 17.5726776123, 23.3218746185, 32.1417121887, 31.0403709412, 60.4257698059, 36.3751144409, 23.23254776, 0.289151370525, -2.01376652718], [3.10342931747, -41.6104316711, -36.2526512146, -19.7496299744, -16.1793651581, 9.28525352478, 4.62731838226, 18.5877456665, 36.3751144409, 64.2459182739, 34.0390815735, 17.1072559357, -1.99549615383], [-9.94927024841, -3.52481174469, -7.82554101944, 7.32618284225, 10.5041561127, 12.4855365753, 9.93011569977, 3.8165910244, 23.23254776, 34.0390815735, 41.379989624, 16.73072052, 6.20856523514], [19.2167682648, -29.6069068909, -33.3926773071, -6.53400468826, -9.76709365845, -0.986665248871, -3.35865426064, 5.16042613983, 0.289151370525, 17.1072559357, 16.73072052, 43.1664886475, 17.0943012238], [-8.08616924286, 17.4205341339, -7.49273300171, 6.06537914276, 10.1584205627, 2.21853899956, 5.87345552444, -3.82145953178, -2.01376652718, -1.99549615383, 6.20856523514, 17.0943012238, 33.699344635]],
        "icov": [[0.00129291182384, -0.00160697649699, 0.00154197961092, -0.00129056419246, 0.000893245916814, -0.00103228504304, 0.00189138122369, -0.00222898623906, 0.0014975622762, -0.000494656851515, 8.17486070446e-05, -0.000401564931963, 0.00118119071703], [-0.00160697649699, 0.0235307980329, -0.0100530823693, 0.0188169088215, -0.0131497150287, 0.0152551475912, -0.0123058026657, 0.0127996001393, -0.0096344742924, 0.0161760486662, -0.0134462974966, 0.0114435562864, -0.0145612005144], [0.00154197961092, -0.0100530823693, 0.0120541984215, -0.0141966538504, 0.0061703287065, -0.00762888323516, 0.00350687513128, -0.00505429226905, 0.00280191702768, -0.00440899981186, 0.0064271739684, -0.00229552504607, 0.00814671069384], [-0.00129056419246, 0.0188169088215, -0.0141966538504, 0.0367526710033, -0.0202582068741, 0.011534685269, -0.00333970738575, 0.00477658910677, -0.00538757769391, 0.0182084590197, -0.0192550923675, 0.00847288779914, -0.0133314915001], [0.000893245916814, -0.0131497150287, 0.0061703287065, -0.0202582068741, 0.0260937828571, -0.00987510103732, -0.00646228156984, 0.00375175965019, 0.000903170905076, -0.00656079873443, 0.00774998683482, -0.00652682920918, 0.00791457947344], [-0.00103228504304, 0.0152551475912, -0.00762888323516, 0.011534685269, -0.00987510103732, 0.0362658426166, -0.0194682311267, 0.00772266695276, -0.00692131975666, 0.00847347080708, -0.0117685161531, 0.00759677449241, -0.00864505488425], [0.00189138122369, -0.0123058026657, 0.00350687513128, -0.00333970738575, -0.00646228156984, -0.0194682311267, 0.0447547137737, -0.0201169513166, -0.00148856872693, -0.00364736118354, 0.00452310079709, -0.00434747664258, 0.00241121021099], [-0.00222898623906, 0.0127996001393, -0.00505429226905, 0.00477658910677, 0.00375175965019, 0.00772266695276, -0.0201169513166, 0.04230600968, -0.0236763823777, 0.00727953482419, 0.00518483761698, -0.00250607263297, -0.00313844834454], [0.0014975622762, -0.0096344742924, 0.00280191702768, -0.00538757769391, 0.000903170905076, -0.00692131975666, -0.00148856872693, -0.0236763823777, 0.0519570596516, -0.026762964204, -0.00541898887604, 0.00793616939336, 0.00318311713636], [-0.000494656851515, 0.0161760486662, -0.00440899981186, 0.0182084590197, -0.00656079873443, 0.00847347080708, -0.00364736118354, 0.00727953482419, -0.026762964204, 0.059220071882, -0.0368662588298, -0.000409464235418, -0.000950081797782], [8.17486070446e-05, -0.0134462974966, 0.0064271739684, -0.0192550923675, 0.00774998683482, -0.0117685161531, 0.00452310079709, 0.00518483761698, -0.00541898887604, -0.0368662588298, 0.0683067217469, -0.0198188703507, 0.00506543647498], [-0.000401564931963, 0.0114435562864, -0.00229552504607, 0.00847288779914, -0.00652682920918, 0.00759677449241, -0.00434747664258, -0.00250607263297, 0.00793616939336, -0.000409464235418, -0.0198188703507, 0.0474813953042, -0.0260905567557], [0.00118119071703, -0.0145612005144, 0.00814671069384, -0.0133314915001, 0.00791457947344, -0.00864505488425, 0.00241121021099, -0.00313844834454, 0.00318311713636, -0.000950081797782, 0.00506543647498, -0.0260905567557, 0.0515382699668]]
    },
    "melbands": {
        "dmean": [0.00323994271457, 0.00699075311422, 0.00165519246366, 0.00132066593505, 0.000272301753284, 0.000155028668814, 0.000176225046744, 9.90603220998e-05, 0.000106749175757, 0.000123068908579, 3.45713160641e-05, 1.31309934659e-05, 8.96539404494e-06, 7.29170869818e-06, 1.10444116217e-05, 5.42854650121e-06, 4.4096934289e-05, 0.000102872661955, 1.40106440085e-05, 2.05238193303e-05, 3.75006820832e-05, 1.97919944185e-05, 1.50268679135e-05, 5.11207917953e-06, 6.54648829368e-06, 1.53325242991e-06, 5.5779696595e-07, 7.06324101429e-07, 3.13128396101e-07, 4.49669755653e-07, 5.3697220892e-07, 2.56862762171e-07, 9.34099730898e-08, 5.9479017267e-08, 8.9547391724e-08, 2.66793893644e-08, 2.75348543965e-08, 1.14704281629e-08, 1.1366960706e-08, 6.93503077187e-09],
        "dmean2": [0.00524973170832, 0.0114502646029, 0.00271181412973, 0.00221307319589, 0.00045944438898, 0.000252999801887, 0.000275854690699, 0.000165089484653, 0.000181015799171, 0.000198292007553, 5.60346852581e-05, 2.25926196435e-05, 1.55288671522e-05, 1.08094800453e-05, 1.73261141754e-05, 8.67782728164e-06, 6.98931762599e-05, 0.000162653304869, 2.28823646466e-05, 3.3637494198e-05, 5.89351293456e-05, 3.29998983943e-05, 2.46607523877e-05, 8.12374037196e-06, 1.01831665233e-05, 2.42710984821e-06, 8.91323452379e-07, 1.16494743452e-06, 4.99580494306e-07, 6.86484952439e-07, 8.13071835637e-07, 4.10346984836e-07, 1.45045746081e-07, 1.03172659749e-07, 1.63274577858e-07, 4.48098944617e-08, 4.02597919447e-08, 1.65074887093e-08, 1.74478191894e-08, 1.05363779923e-08],
        "dvar": [1.24788030007e-05, 5.6064738601e-05, 4.77570392832e-06, 6.29824171483e-06, 1.5924453578e-07, 6.949203879e-08, 4.57779414376e-08, 2.89654309427e-08, 8.54497201885e-08, 3.08251983938e-08, 2.13763295953e-09, 1.77851311456e-09, 3.71203762173e-10, 3.53783752294e-10, 3.2027672181e-10, 6.71334099422e-11, 2.61292374404e-08, 2.73631215464e-08, 4.9569892635e-10, 1.38433076113e-09, 6.39560138183e-09, 9.10637454332e-10, 5.32999588909e-10, 4.71022040816e-11, 5.21903520401e-10, 1.2277876632e-11, 6.06556200666e-13, 1.38170909176e-12, 1.39875876723e-13, 2.80417372265e-13, 6.6042717085e-13, 1.16968609278e-13, 1.91260835701e-14, 5.6189908378e-15, 1.01217565755e-14, 1.12121295948e-15, 2.70425326927e-15, 3.9001192658e-16, 1.10589405099e-15, 2.87621631004e-16],
        "dvar2": [3.13139244099e-05, 0.000140603282489, 1.15670054583e-05, 1.56641817739e-05, 4.25368483548e-07, 1.90744856354e-07, 1.06322588067e-07, 8.33130116007e-08, 2.47444546631e-07, 8.28004189657e-08, 5.34127275742e-09, 4.90769425099e-09, 1.02465713692e-09, 6.76704303704e-10, 6.43029740566e-10, 1.52981155521e-10, 6.89525236908e-08, 6.58581029711e-08, 1.33012578729e-09, 3.88928311779e-09, 1.54493164928e-08, 2.30322205752e-09, 1.20349785693e-09, 1.1146326917e-10, 1.30004529364e-09, 2.48298898803e-11, 1.48783654667e-12, 3.69265599001e-12, 3.15969472808e-13, 6.02124199025e-13, 1.32383839134e-12, 2.7312822685e-13, 4.86391864827e-14, 1.48874798801e-14, 2.93728495031e-14, 2.8588729928e-15, 3.9993931154e-15, 7.33607559381e-16, 2.56691026501e-15, 6.38550716243e-16],
        "max": [0.0283189937472, 0.0458862148225, 0.0192683991045, 0.0349787473679, 0.00435517076403, 0.00445162365213, 0.00375155499205, 0.00253775296733, 0.00539309252053, 0.00214493088424, 0.000603908963967, 0.000467768521048, 0.000215986161493, 0.000255584251136, 0.000228704229812, 0.00014644258772, 0.00332281552255, 0.00201834971085, 0.000347430148395, 0.000612652511336, 0.000951017602347, 0.000411574641475, 0.000277387560345, 0.000109688531666, 0.000521377194673, 6.17597979726e-05, 1.16849669212e-05, 1.56396727107e-05, 4.95140511703e-06, 6.41880751573e-06, 1.1734513464e-05, 5.24916367795e-06, 1.86321847195e-06, 1.27776081627e-06, 1.17555930501e-06, 4.96193933941e-07, 1.0875338603e-06, 3.7704666056e-07, 5.94431412537e-07, 3.26452180843e-07],
        "mean": [0.00428124656901, 0.00875120144337, 0.00233840267174, 0.00156549969688, 0.000376293552108, 0.000264992879238, 0.000458340771729, 0.000202410883503, 0.000195831118617, 0.000269214913715, 7.36872607376e-05, 1.7212707462e-05, 1.36403778015e-05, 1.27177709146e-05, 2.27502841881e-05, 1.13442438305e-05, 7.61483752285e-05, 0.000195840359083, 3.10397372232e-05, 4.36713671661e-05, 7.03348996467e-05, 5.04692543473e-05, 3.36460252583e-05, 1.24039543152e-05, 1.32653494802e-05, 3.69331837646e-06, 1.39832127388e-06, 1.65494986959e-06, 8.91519391644e-07, 1.25992380617e-06, 1.38143718686e-06, 6.60053842694e-07, 2.43135673372e-07, 1.2184838738e-07, 1.49723717868e-07, 7.06048268739e-08, 6.91137671538e-08, 3.2223283597e-08, 2.79002563275e-08, 1.78336581058e-08],
        "median": [0.00274493033066, 0.00515605974942, 0.00139287218917, 0.000722674070857, 0.000242432884988, 0.000156275840709, 0.000309692753945, 0.000131794338813, 0.00010799219308, 0.000167386999237, 4.5813700126e-05, 9.14590509637e-06, 7.45340093999e-06, 4.84852307636e-06, 1.50531450345e-05, 7.29632438379e-06, 4.38438146375e-05, 0.000122634053696, 2.11328406294e-05, 2.47708667303e-05, 3.31498486048e-05, 3.22208688885e-05, 1.6592324755e-05, 8.40749453346e-06, 7.60561670177e-06, 2.05935225495e-06, 1.05199944755e-06, 1.00772695077e-06, 6.67795859499e-07, 8.86996701865e-07, 8.37784284613e-07, 4.82855512018e-07, 1.71095464907e-07, 8.45283381068e-08, 1.00111570589e-07, 5.0281830255e-08, 3.82920255504e-08, 1.75875509711e-08, 1.57996655759e-08, 1.1557310664e-08],
        "min": [2.51745586866e-05, 7.21301403246e-05, 1.34379797601e-05, 1.12645893751e-05, 9.37888307817e-06, 2.95250129057e-06, 3.89343040297e-06, 5.24438655702e-06, 4.88967407364e-06, 2.06527079172e-06, 6.44718909371e-07, 4.87966573814e-08, 3.26844599385e-07, 3.29807051003e-07, 3.41685392868e-07, 4.43294311481e-07, 1.12850966616e-06, 2.97804581351e-06, 1.36776498039e-06, 1.57124964062e-06, 2.4450246201e-06, 1.67665075423e-06, 5.60785679227e-07, 3.8749303144e-07, 1.92906739471e-07, 3.02607929825e-08, 1.87346707037e-08, 8.29833801674e-09, 8.02006194789e-09, 4.14859044895e-08, 8.88984033054e-08, 3.07066869709e-08, 1.82037283025e-08, 1.08712319147e-08, 9.70229407926e-09, 4.30385460604e-09, 3.94392429826e-09, 2.50529397228e-09, 1.50870393956e-09, 1.41548295307e-09],
        "var": [2.23253009608e-05, 8.59325373312e-05, 6.55530948279e-06, 6.71411680742e-06, 1.86571284644e-07, 1.17375435593e-07, 2.33322325016e-07, 4.94152203601e-08, 9.55960857141e-08, 9.1552522008e-08, 6.37828190264e-09, 1.36493538694e-09, 4.10561862285e-10, 6.53743781331e-10, 7.3001210632e-10, 1.70190805893e-10, 2.59022367999e-08, 5.04095574172e-08, 9.16978770693e-10, 4.71163197346e-09, 1.48327830019e-08, 2.68160915695e-09, 1.63139446396e-09, 1.26458940541e-10, 7.08241187919e-10, 2.59205625713e-11, 1.45286874979e-12, 3.00027906165e-12, 4.62155595911e-13, 1.14561615402e-12, 2.49994231045e-12, 3.39776329902e-13, 5.33700281235e-14, 1.53102441884e-14, 2.30964759715e-14, 4.29389122457e-15, 8.21802122745e-15, 1.69229506625e-15, 1.772384149e-15, 5.25782202421e-16]
    },
    "mfcc": {
        "mean": [-650.251708984, 170.310546875, -23.2813282013, 52.0048713684, 23.6277065277, 9.36931705475, -17.7938690186, 3.2694709301, 13.763625145, 9.85911178589, 10.8579454422, 3.31594848633, -12.5643835068],
        "cov": [[1335.33630371, -140.563110352, -200.029418945, -145.200942993, -110.107154846, -148.620910645, -83.6745758057, -73.6628189087, -55.1571846008, -57.2589111328, -20.5553379059, 14.7178249359, -5.13702487946], [-140.563110352, 226.065155029, 41.051410675, 51.2466812134, 41.8084831238, 53.4621543884, 37.3916168213, 23.9286727905, 19.7539577484, 3.88332509995, -4.21733474731, -20.2439670563, -12.1710519791], [-200.029418945, 41.051410675, 184.602127075, 66.9032897949, 50.7811164856, 31.8821086884, 29.2229347229, 30.5655002594, 17.6953220367, 11.9775886536, 8.18263626099, 3.03651380539, -16.1064071655], [-145.200942993, 51.2466812134, 66.9032897949, 118.479957581, 73.378074646, 46.8246116638, 37.512752533, 26.8948001862, 14.0062065125, -0.515505254269, -7.33042383194, -7.60034894943, 0.82655698061], [-110.107154846, 41.8084831238, 50.7811164856, 73.378074646, 83.5249328613, 52.0685653687, 34.1134490967, 23.6185569763, 11.5738935471, 5.08335876465, -2.2283103466, 0.095481261611, 2.72888064384], [-148.620910645, 53.4621543884, 31.8821086884, 46.8246116638, 52.0685653687, 87.0089035034, 44.2825813293, 26.7546348572, 9.86764240265, 15.0785512924, 4.99445819855, -2.56674361229, 9.78094482422], [-83.6745758057, 37.3916168213, 29.2229347229, 37.512752533, 34.1134490967, 44.2825813293, 53.0066642761, 29.8813495636, 17.2442531586, 8.67891597748, -2.66930294037, -1.994104743, 5.61071681976], [-73.6628189087, 23.9286727905, 30.5655002594, 26.8948001862, 23.6185569763, 26.7546348572, 29.8813495636, 54.2163085938, 28.8941307068, 14.0723752975, -3.81793999672, 2.29237866402, 8.83318901062], [-55.1571846008, 19.7539577484, 17.6953220367, 14.0062065125, 11.5738935471, 9.86764240265, 17.2442531586, 28.8941307068, 45.7545280457, 21.6611976624, 4.10648155212, 6.40925455093, 10.6348657608], [-57.2589111328, 3.88332509995, 11.9775886536, -0.515505254269, 5.08335876465, 15.0785512924, 8.67891597748, 14.0723752975, 21.6611976624, 53.0358772278, 27.8549442291, 15.5747261047, 1.69680142403], [-20.5553379059, -4.21733474731, 8.18263626099, -7.33042383194, -2.2283103466, 4.99445819855, -2.66930294037, -3.81793999672, 4.10648155212, 27.8549442291, 53.3677940369, 26.1446113586, 4.20241355896], [14.7178249359, -20.2439670563, 3.03651380539, -7.60034894943, 0.095481261611, -2.56674361229, -1.994104743, 2.29237866402, 6.40925455093, 15.5747261047, 26.1446113586, 43.0198402405, 19.9142074585], [-5.13702487946, -12.1710519791, -16.1064071655, 0.82655698061, 2.72888064384, 9.78094482422, 5.61071681976, 8.83318901062, 10.6348657608, 1.69680142403, 4.20241355896, 19.9142074585, 46.4155426025]],
