{
"lowlevel": {
    "average_loudness": 0.985452950001,
    "barkbands_crest": {
        "dmean": 3.46257066727,
        "dmean2": 5.96358394623,
        "dvar": 6.27986574173,
        "dvar2": 17.6793804169,
        "max": 21.5194168091,
        "mean": 10.1969079971,
        "median": 9.59948730469,
        "min": 3.90652823448,
        "var": 9.9237279892
    },
    "barkbands_flatness_db": {
        "dmean": 0.0253957342356,
        "dmean2": 0.0432258918881,
        "dvar": 0.000402010482503,
        "dvar2": 0.0011197719723,
        "max": 0.283031105995,
        "mean": 0.205927029252,
        "median": 0.204167172313,
        "min": 0.130290597677,
        "var": 0.000724635785446
    },
    "barkbands_kurtosis": {
        "dmean": 2.52450585365,
        "dmean2": 4.33984231949,
        "dvar": 5.86615562439,
        "dvar2": 16.2583827972,
        "max": 20.8492355347,
        "mean": 2.86309957504,
        "median": 2.1619925499,
        "min": -1.5681977272,
        "var": 8.46169948578
    },
    "barkbands_skewness": {
        "dmean": 0.591603398323,
        "dmean2": 1.01384413242,
        "dvar": 0.213445797563,
        "dvar2": 0.586201667786,
        "max": 4.32445669174,
        "mean": 1.58310186863,
        "median": 1.55964529514,
        "min": 0.090014256537,
        "var": 0.418688565493
    },
    "barkbands_spread": {
        "dmean": 4.54049491882,
        "dmean2": 7.71189785004,
        "dvar": 15.5127601624,
        "dvar2": 40.220413208,
        "max": 40.0405273438,
        "mean": 14.4411401749,
        "median": 14.0985717773,
        "min": 5.80713272095,
        "var": 24.262178421
    },
    "dissonance": {
        "dmean": 0.02002581954,
        "dmean2": 0.0344018563628,
        "dvar": 0.000270375981927,
        "dvar2": 0.000725955236703,
        "max": 0.497826367617,
        "mean": 0.455916136503,
        "median": 0.459509670734,
        "min": 0.385831296444,
        "var": 0.000611817114986
    },
    "dynamic_complexity": 1.04487025738,
    "erbbands_crest": {
        "dmean": 2.21105051041,
        "dmean2": 3.70588207245,
        "dvar": 2.82948851585,
        "dvar2": 7.09173536301,
        "max": 17.9648323059,
        "mean": 9.12496948242,
        "median": 8.11728668213,
        "min": 4.23837137222,
        "var": 11.4544115067
    },
    "erbbands_flatness_db": {
        "dmean": 0.0128173874691,
        "dmean2": 0.019583940506,
        "dvar": 9.27494475036e-05,
        "dvar2": 0.000223901544814,
        "max": 0.285815596581,
        "mean": 0.223299264908,
        "median": 0.222020104527,
        "min": 0.164376556873,
        "var": 0.000465676566819
    },
    "erbbands_kurtosis": {
        "dmean": 0.457906365395,
        "dmean2": 0.759857058525,
        "dvar": 0.181416019797,
        "dvar2": 0.441867411137,
        "max": 2.12568998337,
        "mean": -0.557960271835,
        "median": -0.736416816711,
        "min": -1.66791653633,
        "var": 0.553341209888
    },
    "erbbands_skewness": {
        "dmean": 0.298644095659,
        "dmean2": 0.489290028811,
        "dvar": 0.071894094348,
        "dvar2": 0.190076068044,
        "max": 1.32915830612,
        "mean": 0.113409653306,
        "median": 0.0800904855132,
        "min": -1.37000048161,
        "var": 0.22453404963
    },
    "erbbands_spread": {
        "dmean": 6.67128705978,
        "dmean2": 11.0920829773,
        "dvar": 25.0584907532,
        "dvar2": 72.5905151367,
        "max": 58.0572776794,
        "mean": 34.0195999146,
        "median": 33.3452301025,
        "min": 15.4107236862,
        "var": 77.7457504272
    },
    "hfc": {
        "dmean": 4.81822299957,
        "dmean2": 8.01008796692,
        "dvar": 42.5493164062,
        "dvar2": 113.58656311,
        "max": 80.5883026123,
        "mean": 20.6217765808,
        "median": 19.8961334229,
        "min": 0.805830717087,
        "var": 65.8048706055
    },
    "melbands_crest": {
        "dmean": 3.43430685997,
        "dmean2": 5.74912977219,
        "dvar": 6.77439832687,
        "dvar2": 19.8092517853,
        "max": 24.6758079529,
        "mean": 14.9167556763,
        "median": 14.4126844406,
        "min": 7.1170592308,
        "var": 10.2356061935
    },
    "melbands_flatness_db": {
        "dmean": 0.0338192433119,
        "dmean2": 0.0576614402235,
        "dvar": 0.000701161974575,
        "dvar2": 0.00185974116903,
        "max": 0.386271387339,
        "mean": 0.291242241859,
        "median": 0.291045188904,
        "min": 0.183958768845,
        "var": 0.00131453480572
    },
    "melbands_kurtosis": {
        "dmean": 6.34730291367,
        "dmean2": 10.8172521591,
        "dvar": 38.5712509155,
        "dvar2": 110.960586548,
        "max": 56.6174240112,
        "mean": 9.95604896545,
        "median": 8.14520645142,
        "min": -0.29586648941,
        "var": 60.2552947998
    },
    "melbands_skewness": {
        "dmean": 0.860454678535,
        "dmean2": 1.45074093342,
        "dvar": 0.421843230724,
        "dvar2": 1.25225126743,
        "max": 6.49268865585,
        "mean": 2.64825987816,
        "median": 2.59681606293,
        "min": 0.613980770111,
        "var": 1.01227509975
    },
    "melbands_spread": {
        "dmean": 5.8033618927,
        "dmean2": 9.99442481995,
        "dvar": 31.6977367401,
        "dvar2": 85.486869812,
        "max": 49.6908111572,
        "mean": 14.4613056183,
        "median": 13.4471006393,
        "min": 3.94236373901,
        "var": 40.4084472656
    },
    "pitch_salience": {
        "dmean": 0.0614625029266,
        "dmean2": 0.103599645197,
        "dvar": 0.00310507998802,
        "dvar2": 0.00823008362204,
        "max": 0.792028844357,
        "mean": 0.484645038843,
        "median": 0.481196343899,
        "min": 0.278014183044,
        "var": 0.00450446875766
    },
    "silence_rate_20dB": {
        "dmean": 0,
        "dmean2": 0,
        "dvar": 0,
        "dvar2": 0,
        "max": 1,
        "mean": 1,
        "median": 1,
        "min": 1,
        "var": 0
    },
    "silence_rate_30dB": {
        "dmean": 0,
        "dmean2": 0,
        "dvar": 0,
        "dvar2": 0,
        "max": 1,
        "mean": 1,
        "median": 1,
        "min": 1,
        "var": 0
    },
    "silence_rate_60dB": {
        "dmean": 0,
        "dmean2": 0,
        "dvar": 0,
        "dvar2": 0,
        "max": 0,
        "mean": 0,
        "median": 0,
        "min": 0,
        "var": 0
    },
    "spectral_centroid": {
        "dmean": 244.920578003,
        "dmean2": 414.162414551,
        "dvar": 42491.3203125,
        "dvar2": 111118.765625,
        "max": 2137.43969727,
        "mean": 878.179992676,
        "median": 837.778869629,
        "min": 447.317626953,
        "var": 64095.3046875
    },
    "spectral_complexity": {
        "dmean": 3.64814805984,
        "dmean2": 5.87360572815,
        "dvar": 9.72434616089,
        "dvar2": 20.4301185608,
        "max": 35,
        "mean": 22.3948345184,
        "median": 23,
        "min": 1,
        "var": 24.4529647827
    },
    "spectral_decrease": {
        "dmean": 4.14215151068e-09,
        "dmean2": 7.05637370757e-09,
        "dvar": 8.20086298029e-18,
        "dvar2": 2.41924504593e-17,
        "max": -5.29658594761e-10,
        "mean": -1.22608421194e-08,
        "median": -1.21562351296e-08,
        "min": -2.20023732567e-08,
        "var": 1.34741062981e-17
    },
    "spectral_energy": {
        "dmean": 0.015897706151,
        "dmean2": 0.0270507652313,
        "dvar": 0.0001199671824,
        "dvar2": 0.000352980132448,
        "max": 0.085590839386,
        "mean": 0.0481456257403,
        "median": 0.0476710014045,
        "min": 0.00207214336842,
        "var": 0.000202551163966
    },
    "spectral_energyband_high": {
        "dmean": 4.71771818411e-05,
        "dmean2": 8.46326875035e-05,
        "dvar": 2.72084417219e-08,
        "dvar2": 7.83166882456e-08,
        "max": 0.00187388004269,
        "mean": 7.75879743742e-05,
        "median": 5.53288627998e-05,
        "min": 3.65897722077e-06,
        "var": 1.64560134408e-08
    },
    "spectral_energyband_low": {
        "dmean": 0.0102603230625,
        "dmean2": 0.0179193336517,
        "dvar": 8.13088845462e-05,
        "dvar2": 0.000225337658776,
        "max": 0.0649070590734,
        "mean": 0.0158434994519,
        "median": 0.0133253131062,
        "min": 0.000602062325925,
        "var": 0.000117999035865
    },
    "spectral_energyband_middle_high": {
        "dmean": 0.00181278400123,
        "dmean2": 0.00296358042397,
        "dvar": 7.19485842637e-06,
        "dvar2": 1.88865597011e-05,
        "max": 0.0275897216052,
        "mean": 0.00580030912533,
        "median": 0.00511807389557,
        "min": 0.000236530511756,
        "var": 1.16617593449e-05
    },
    "spectral_energyband_middle_low": {
        "dmean": 0.0125923417509,
        "dmean2": 0.0216133762151,
        "dvar": 0.000113383292046,
        "dvar2": 0.000299926614389,
        "max": 0.0765824168921,
        "mean": 0.0274047981948,
        "median": 0.0243388209492,
        "min": 0.00129022146575,
        "var": 0.000204760130146
    },
    "spectral_entropy": {
        "dmean": 0.161356583238,
        "dmean2": 0.272634804249,
        "dvar": 0.0183913223445,
        "dvar2": 0.0463435947895,
        "max": 8.40745735168,
        "mean": 7.10238313675,
        "median": 7.09816265106,
        "min": 6.56749868393,
        "var": 0.0352780707181
    },
    "spectral_flux": {
        "dmean": 0.0323493555188,
        "dmean2": 0.0539291538298,
        "dvar": 0.000624513428193,
        "dvar2": 0.00173171097413,
        "max": 0.226596489549,
        "mean": 0.117939665914,
        "median": 0.113419353962,
        "min": 0.0506259761751,
        "var": 0.000993317808025
    },
    "spectral_kurtosis": {
        "dmean": 4.5461564064,
        "dmean2": 8.00736045837,
        "dvar": 14.1999158859,
        "dvar2": 42.8408470154,
        "max": 22.6180801392,
        "mean": 8.44931316376,
        "median": 7.84859085083,
        "min": 1.17950820923,
        "var": 19.2042312622
    },
    "spectral_rms": {
        "dmean": 0.00116668478586,
        "dmean2": 0.00197348324582,
        "dvar": 7.26166092591e-07,
        "dvar2": 2.02756177714e-06,
        "max": 0.00913801137358,
        "mean": 0.00676828762516,
        "median": 0.00681969895959,
        "min": 0.00142183096614,
        "var": 1.16161197639e-06
    },
    "spectral_rolloff": {
        "dmean": 300.667144775,
        "dmean2": 555.700378418,
        "dvar": 162778,
        "dvar2": 429204.375,
        "max": 2433.25195312,
        "mean": 732.367858887,
        "median": 624.462890625,
        "min": 107.666015625,
        "var": 154747.328125
    },
    "spectral_skewness": {
        "dmean": 0.424605727196,
        "dmean2": 0.728515028954,
        "dvar": 0.123730540276,
        "dvar2": 0.373020350933,
        "max": 3.51743125916,
        "mean": 1.63330197334,
        "median": 1.58238255978,
        "min": 0.633625149727,
        "var": 0.192375659943
    },
    "spectral_spread": {
        "dmean": 289205.4375,
        "dmean2": 392126.09375,
        "dvar": 1.00408000512e+12,
        "dvar2": 496768417792,
        "max": 24029816,
        "mean": 2449615.75,
        "median": 2301539.25,
        "min": 1732450.875,
        "var": 1.94639770419e+12
    },
    "spectral_strongpeak": {
        "dmean": 0.67734926939,
        "dmean2": 1.23583078384,
        "dvar": 0.590527892113,
        "dvar2": 1.66527891159,
        "max": 4.59265041351,
        "mean": 1.0296202898,
        "median": 0.70580548048,
        "min": 0.0308861136436,
        "var": 0.876869499683
    },
    "zerocrossingrate": {
        "dmean": 0.00482855923474,
        "dmean2": 0.00656366162002,
        "dvar": 1.49927063831e-05,
        "dvar2": 2.46575200435e-05,
        "max": 0.0576171875,
        "mean": 0.0306536126882,
        "median": 0.0302734375,
        "min": 0.0048828125,
        "var": 5.70539195905e-05
    },
    "barkbands": {
        "dmean": [1.99326914299e-05, 0.00750725110993, 0.00366058060899, 0.00295604974963, 0.0111741553992, 0.00025419308804, 0.0003337431408, 0.00113106379285, 0.0022618919611, 0.000675587158184, 0.000183059150004, 0.000448374368716, 2.86695867544e-05, 0.000342209037626, 0.000323362677591, 0.000498574692756, 0.000498216308188, 0.000157523958478, 0.000129511434352, 4.2895306251e-05, 2.76801729342e-05, 6.98318353898e-06, 9.35261709856e-07, 2.03470267479e-06, 3.90658271954e-07, 1.0161344477e-07, 7.92543808359e-09],
        "dmean2": [3.35878721671e-05, 0.0133410701528, 0.00620544794947, 0.00513976812363, 0.019719298929, 0.000417601724621, 0.000594638753682, 0.00188761635218, 0.00376409897581, 0.00107746303547, 0.000297328893794, 0.000691866269335, 4.74689404655e-05, 0.000593872624449, 0.000527369847987, 0.000851866556332, 0.000874072837178, 0.00025993672898, 0.000217607448576, 7.46078512748e-05, 5.06424221385e-05, 1.15019092846e-05, 1.53867677e-06, 3.28906412506e-06, 6.59902525513e-07, 1.59903493113e-07, 1.32965478628e-08],
        "dvar": [5.18800691296e-09, 4.71849671158e-05, 1.02971052911e-05, 8.06248226581e-06, 8.99366568774e-05, 4.53589223071e-07, 1.26132249534e-07, 1.35510674681e-06, 4.55434565083e-06, 5.64350841614e-07, 6.81235903244e-08, 2.10290863834e-07, 6.7995648001e-10, 1.42113051993e-07, 2.23820507017e-07, 5.0520577588e-07, 8.9516566959e-07, 4.46744294891e-08, 4.36094964584e-08, 1.31446080687e-08, 1.43205181047e-08, 1.81969828095e-10, 2.32650422365e-12, 1.94522245534e-11, 6.67250976694e-13, 3.9260973216e-14, 1.51470468269e-16],
        "dvar2": [1.4087876643e-08, 0.000138068251545, 2.45599494519e-05, 2.22791168198e-05, 0.000248536642175, 1.31302022055e-06, 3.44516422501e-07, 2.99892462863e-06, 1.12484995043e-05, 1.25647397908e-06, 1.80834717867e-07, 4.63219691937e-07, 1.72409198029e-09, 3.84718674695e-07, 6.03976388902e-07, 1.35996583595e-06, 2.65683934231e-06, 1.01820660348e-07, 1.20262797054e-07, 3.83405307502e-08, 4.14563565698e-08, 4.35931429843e-10, 5.4450315784e-12, 4.57952183119e-11, 1.90685358128e-12, 1.02564481973e-13, 3.29110787068e-16],
        "max": [0.000913977390155, 0.0557349137962, 0.0260231029242, 0.0174898020923, 0.0552994646132, 0.00841733720154, 0.00276426644996, 0.013063502498, 0.0231081880629, 0.00841577816755, 0.00315931253135, 0.00395376700908, 0.000242176276515, 0.00391580630094, 0.0040573803708, 0.00586280785501, 0.0101477708668, 0.00167828565463, 0.00195768196136, 0.00122124911286, 0.00136910681613, 0.000128773681354, 9.85242422757e-06, 3.62958817277e-05, 5.8907685343e-06, 2.58627551375e-06, 2.03752193784e-07],
        "mean": [2.08796627703e-05, 0.0100947553292, 0.00509118754417, 0.00363269355148, 0.0148231573403, 0.00033451730269, 0.000439759460278, 0.00267672794871, 0.00505126733333, 0.00133462483063, 0.000298752973322, 0.000797516200691, 5.54368889425e-05, 0.000579822924919, 0.000623350788374, 0.00081533647608, 0.000815588631667, 0.000307759910356, 0.000235527782934, 6.00136227149e-05, 3.98642805521e-05, 1.219414753e-05, 1.55364068632e-06, 2.43729755312e-06, 5.59814452572e-07, 3.94894755118e-07, 3.0912648441e-08],
        "median": [8.07228116173e-06, 0.00786072574556, 0.00432389602065, 0.00289254402742, 0.0128885861486, 0.00019442642224, 0.000302495347569, 0.00184391380753, 0.00375922466628, 0.000913621333893, 0.000217938213609, 0.000582222477533, 4.58300237369e-05, 0.0003953052219, 0.000380555458833, 0.000604102271609, 0.000641660124529, 0.000237506319536, 0.000192754698219, 4.09843050875e-05, 2.50018165389e-05, 7.74121417635e-06, 9.60199599831e-07, 8.17247041596e-07, 3.17468249023e-07, 3.00408316889e-07, 2.85737336014e-08],
        "min": [3.43404650494e-07, 0.000110366512672, 0.00011476885993, 0.000142332108226, 0.00059537141351, 6.18761805526e-06, 2.36141886489e-06, 1.71863739524e-05, 3.06208057737e-05, 3.53885552613e-05, 2.42288715526e-05, 1.71353949554e-05, 2.0917443635e-06, 4.80107655676e-06, 7.23397442925e-06, 1.87994937733e-05, 3.4536147723e-05, 2.50806788245e-05, 8.30872431834e-06, 1.86396846402e-06, 1.2325967873e-06, 5.90185379679e-07, 1.33537170655e-07, 1.16102114589e-07, 4.26190354119e-08, 9.60121493421e-09, 7.56163576199e-09],
        "var": [4.25085389111e-09, 6.45097170491e-05, 1.55848319991e-05, 9.45849751588e-06, 0.000115004244435, 5.26377220922e-07, 1.48034416725e-07, 6.25127040621e-06, 1.72850996023e-05, 1.71951580796e-06, 9.1979622141e-08, 4.95471226714e-07, 1.46503775778e-09, 2.84757931013e-07, 4.61497620563e-07, 5.12276415066e-07, 6.44699866825e-07, 6.16630302375e-08, 3.57957468111e-08, 8.25922352732e-09, 8.17051226676e-09, 2.15265166803e-10, 3.24412740595e-12, 2.18832452159e-11, 5.98470491914e-13, 1.01852784561e-13, 3.04051184974e-16]
    },
    "erbbands": {
        "dmean": [0.0806614607573, 2.10373306274, 5.2539973259, 4.46381139755, 44.4276351929, 24.8795337677, 2.87836098671, 2.19299149513, 2.28280210495, 7.60958385468, 51.4542999268, 37.6785163879, 22.2291049957, 8.80559825897, 13.0699329376, 11.3907394409, 1.57557451725, 7.87325763702, 31.7621231079, 10.9824581146, 27.4265918732, 28.7215270996, 8.6311006546, 9.45591449738, 3.68102145195, 1.99684691429, 1.25209653378, 0.816776812077, 0.272394835949, 0.0666161179543, 0.0312087908387, 0.0500736944377, 0.0255601126701, 0.0084729725495, 0.000986389117315, 0.000733811059035, 0.000105115068436, 1.23682393678e-05, 7.41062422094e-06, 1.73714070115e-05],
        "dmean2": [0.140117943287, 3.72275066376, 8.89243602753, 7.89773511887, 79.8057556152, 42.6849327087, 4.60017156601, 3.65257763863, 3.88180589676, 13.5411214828, 85.0809783936, 63.4976615906, 35.7315483093, 14.7072582245, 20.4434680939, 17.819108963, 2.54799199104, 13.775343895, 53.37059021, 18.4608402252, 46.5969161987, 49.9757347107, 14.449057579, 15.67872715, 6.15157651901, 3.4625017643, 2.23405504227, 1.45413672924, 0.466355919838, 0.110117673874, 0.0493164695799, 0.0793768912554, 0.0434227660298, 0.0145129533485, 0.00159723602701, 0.0011512087658, 0.000166316400282, 2.06885852094e-05, 1.25108372231e-05, 2.94942838082e-05],
        "dvar": [0.0121755264699, 3.56995677948, 21.4167327881, 24.5223960876, 1554.59924316, 356.508758545, 9.38491916656, 39.2541313171, 6.66115522385, 58.3077697754, 2997.92797852, 1190.28112793, 588.749084473, 88.7270812988, 231.024688721, 134.608123779, 1.98164045811, 61.0337524414, 1799.0012207, 293.523071289, 2065.07836914, 2407.17822266, 135.390182495, 179.21295166, 66.7258071899, 28.2178707123, 25.8603954315, 8.4370174408, 0.345497459173, 0.0111288921908, 0.00258932821453, 0.0111029567197, 0.0044936737977, 0.000379898148822, 2.56544353761e-06, 1.35785910516e-06, 7.91140735146e-08, 2.35923058867e-10, 2.79166256084e-11, 1.42714340345e-10],
        "dvar2": [0.027145145461, 10.7134237289, 52.2066230774, 67.5600128174, 4271.22460938, 1103.15332031, 26.8375282288, 113.030731201, 17.9198207855, 167.38621521, 6551.23779297, 3073.49731445, 1432.74438477, 206.040863037, 568.557922363, 314.283203125, 5.14181756973, 168.652435303, 4625.86572266, 819.202941895, 5706.46435547, 7097.125, 328.968475342, 471.086700439, 193.422225952, 81.5492095947, 76.1687011719, 23.4090232849, 0.848899781704, 0.0272056907415, 0.00585928885266, 0.0248380079865, 0.0118375066668, 0.00108120648656, 7.40777704777e-06, 3.39028792951e-06, 2.1330683353e-07, 6.79649503343e-10, 8.12444139742e-11, 4.18271861591e-10],
        "max": [1.17086303234, 14.204832077, 34.1819114685, 52.7083778381, 252.011154175, 126.016517639, 31.1297855377, 81.1567840576, 25.2189102173, 61.9634780884, 641.134521484, 358.396881104, 268.097503662, 88.5228652954, 165.155456543, 98.726020813, 12.2326068878, 64.9855270386, 445.142425537, 182.381072998, 425.362213135, 497.128845215, 101.823616028, 115.329284668, 89.6590118408, 55.8815917969, 58.960193634, 31.507144928, 4.9967250824, 0.91003370285, 0.404256284237, 0.9927906394, 0.663493573666, 0.153071254492, 0.0182041451335, 0.0154345277697, 0.00352271436714, 0.000143459896208, 6.13338706899e-05, 9.57223892328e-05],
        "mean": [0.121954128146, 2.79477858543, 7.59981107712, 7.104575634, 54.195148468, 34.1738624573, 5.10146188736, 2.82481884956, 4.12642717361, 10.2166547775, 131.314651489, 83.4474868774, 41.0508728027, 20.7065010071, 25.9481334686, 22.4510116577, 3.94942593575, 14.3684625626, 55.8064651489, 22.8477783203, 46.2656097412, 48.1307678223, 19.1752548218, 18.6279029846, 6.79107570648, 2.91388750076, 1.70869255066, 1.34103012085, 0.481673806906, 0.110985077918, 0.0502204634249, 0.0611882023513, 0.0293713621795, 0.010061644949, 0.00253739929758, 0.00289436872117, 0.000344038562616, 3.21330444422e-05, 2.69680513156e-05, 5.47930139874e-05],
        "median": [0.0817488059402, 2.27164411545, 6.49149608612, 6.28508234024, 41.2339477539, 30.817615509, 4.51492786407, 1.56400966644, 3.26656293869, 7.81681251526, 88.6348190308, 67.0541152954, 28.0558586121, 15.8785743713, 21.8068981171, 17.4837608337, 3.57815718651, 11.5087146759, 29.8944244385, 18.4828147888, 35.8268013, 36.2767906189, 16.0413684845, 14.9042100906, 5.32451820374, 1.97893083096, 1.07519507408, 0.907018780708, 0.318917483091, 0.0682465657592, 0.0282941870391, 0.020841114223, 0.00989687070251, 0.00420716591179, 0.00211762543768, 0.00233549322002, 0.00029590408667, 2.77539529634e-05, 2.69744396064e-05, 5.43878450117e-05],
        "min": [0.0014393402962, 0.044259916991, 0.29106143117, 0.514330327511, 2.3587975502, 2.0129199028, 0.528121769428, 0.133937254548, 0.0475483760238, 0.0761170834303, 0.61524528265, 0.694652855396, 0.688089430332, 1.60041344166, 1.31744062901, 0.429288089275, 0.109914503992, 0.188652724028, 0.350657522678, 0.716944694519, 1.63463246822, 1.93394231796, 1.54948961735, 1.3457750082, 0.218180969357, 0.0847212076187, 0.0772763565183, 0.0324123427272, 0.0215584933758, 0.0107473777607, 0.0043853232637, 0.00307166948915, 0.00125704426318, 0.000692292232998, 0.000161854899488, 9.66719235294e-05, 2.07770808629e-05, 5.30804072696e-06, 8.3532258941e-06, 4.94254663863e-06],
        "var": [0.0233862083405, 4.65217828751, 32.365322113, 23.0805950165, 1891.84484863, 498.150268555, 13.7564077377, 44.4039726257, 11.5358781815, 69.5280303955, 14347.5644531, 4004.91088867, 1657.18566895, 243.577316284, 428.272247314, 289.720581055, 4.63756752014, 107.879524231, 4337.90087891, 298.368560791, 1745.06762695, 1902.96337891, 173.932647705, 178.874008179, 47.1952514648, 18.2652683258, 14.3413381577, 5.6589550972, 0.354493916035, 0.0157447755337, 0.00391098111868, 0.0138277411461, 0.00377483293414, 0.000316389923682, 3.85161320082e-06, 5.33159573024e-06, 8.61517719386e-08, 4.32826385843e-10, 5.24558799175e-11, 2.50215209663e-10]
    },
    "gfcc": {
        "mean": [-17.9712333679, 170.253005981, -144.985870361, 35.2585372925, -22.910823822, -6.25706100464, -17.4124546051, 12.4724626541, -13.4971637726, -20.2626590729, -29.6212787628, -18.946390152, -5.56719064713],
        "cov": [[495.130157471, -123.92263031, -106.417434692, 3.4730079174, -125.836181641, 37.3590240479, -49.9767303467, -17.4641780853, -39.338508606, -11.7290353775, -15.405465126, -21.6455802917, 13.1989841461], [-123.92263031, 183.415969849, -8.45236682892, -32.60414505, 88.5945205688, -73.149810791, 48.7642097473, -25.4529190063, 32.0358047485, 14.398639679, 16.0003585815, -7.65527248383, 2.62298083305], [-106.417434692, -8.45236682892, 186.246948242, 34.8526115417, 22.3234176636, 45.0282783508, -4.79585027695, 42.4227104187, 4.24353313446, 21.5939121246, 4.13921976089, 13.1447286606, -22.8104457855], [3.4730079174, -32.60414505, 34.8526115417, 93.9063339233, 15.9629735947, 26.1242446899, -5.3433804512, -3.95332980156, 8.37497520447, -8.5339422226, 15.3416833878, -0.0475131720304, 13.349366188], [-125.836181641, 88.5945205688, 22.3234176636, 15.9629735947, 136.56161499, -21.924030304, 24.5964241028, -5.70065975189, -0.283134877682, 30.522315979, 4.44680309296, 18.8981933594, 8.09882259369], [37.3590240479, -73.149810791, 45.0282783508, 26.1242446899, -21.924030304, 112.054771423, -15.3444137573, 22.3678073883, 9.56290626526, -7.81974744797, 17.4170284271, 6.07696676254, 6.65255689621], [-49.9767303467, 48.7642097473, -4.79585027695, -5.3433804512, 24.5964241028, -15.3444137573, 69.2573242188, 19.4369831085, 18.6016616821, 9.23950862885, -2.94115948677, 3.59992551804, -8.90021324158], [-17.4641780853, -25.4529190063, 42.4227104187, -3.95332980156, -5.70065975189, 22.3678073883, 19.4369831085, 83.1162948608, 24.453830719, 24.8121986389, 4.44887447357, 1.91690397263, -17.4166965485], [-39.338508606, 32.0358047485, 4.24353313446, 8.37497520447, -0.283134877682, 9.56290626526, 18.6016616821, 24.453830719, 68.2413024902, 15.6714515686, 16.4215068817, -15.0870809555, -0.736922681332], [-11.7290353775, 14.398639679, 21.5939121246, -8.5339422226, 30.522315979, -7.81974744797, 9.23950862885, 24.8121986389, 15.6714515686, 76.7304153442, 4.10503339767, 14.0577096939, -0.412617534399], [-15.405465126, 16.0003585815, 4.13921976089, 15.3416833878, 4.44680309296, 17.4170284271, -2.94115948677, 4.44887447357, 16.4215068817, 4.10503339767, 46.6267814636, 6.39743709564, 11.9961452484], [-21.6455802917, -7.65527248383, 13.1447286606, -0.0475131720304, 18.8981933594, 6.07696676254, 3.59992551804, 1.91690397263, -15.0870809555, 14.0577096939, 6.39743709564, 51.3485145569, 8.7796792984], [13.1989841461, 2.62298083305, -22.8104457855, 13.349366188, 8.09882259369, 6.65255689621, -8.90021324158, -17.4166965485, -0.736922681332, -0.412617534399, 11.9961452484, 8.7796792984, 37.3988418579]],
        "icov": [[0.00473286211491, -0.00572717981413, 0.00520868878812, -0.00571034895256, 0.00705369003117, -0.00521796615794, 0.00378352077678, -0.00322288973257, 0.00673638284206, -0.00468803010881, 0.00443493621424, 0.000155324465595, 0.00136869575363], [-0.00572717981413, 0.0512977056205, -0.0191287342459, 0.0326926782727, -0.0323998890817, 0.0288049653172, -0.0254501532763, 0.025272179395, -0.0301146432757, 0.0146724879742, -0.0297594442964, 0.0122520504519, -0.0110701154917], [0.00520868878812, -0.0191287342459, 0.0181467141956, -0.0171319544315, 0.012869309634, -0.0149666694924, 0.0124149480835, -0.0124502647668, 0.014282066375, -0.0092635024339, 0.012284453027, -0.00540568400174, 0.0112262936309], [-0.00571034895256, 0.0326926782727, -0.0171319544315, 0.0361409373581, -0.0241381879896, 0.0176921151578, -0.016799243167, 0.017609924078, -0.0224149897695, 0.013635055162, -0.0217603668571, 0.00876205787063, -0.0127122709528], [0.00705369003117, -0.0323998890817, 0.012869309634, -0.0241381879896, 0.0335436984897, -0.0177788939327, 0.0127648254856, -0.0140002090484, 0.0228736381978, -0.0155122699216, 0.0190245639533, -0.00799685250968, 0.0047192289494], [-0.00521796615794, 0.0288049653172, -0.0149666694924, 0.0176921151578, -0.0177788939327, 0.0299561172724, -0.0124835530296, 0.0108243366703, -0.0197895672172, 0.012337573804, -0.0195489469916, 0.00437178555876, -0.0100404247642], [0.00378352077678, -0.0254501532763, 0.0124149480835, -0.016799243167, 0.0127648254856, -0.0124835530296, 0.0329779870808, -0.0172725915909, 0.00946582015604, -0.00575842196122, 0.0175079200417, -0.00983012001961, 0.0100936507806], [-0.00322288973257, 0.025272179395, -0.0124502647668, 0.017609924078, -0.0140002090484, 0.0108243366703, -0.0172725915909, 0.0323460549116, -0.0192271787673, 0.00238384446129, -0.0157028455287, 0.00495997956023, 0.00106478284579], [0.00673638284206, -0.0301146432757, 0.014282066375, -0.0224149897695, 0.0228736381978, -0.0197895672172, 0.00946582015604, -0.0192271787673, 0.0437314137816, -0.0160318724811, 0.0105893649161, 0.00376338115893, 0.00471665104851], [-0.00468803010881, 0.0146724879742, -0.0092635024339, 0.013635055162, -0.0155122699216, 0.012337573804, -0.00575842196122, 0.00238384446129, -0.0160318724811, 0.0251867007464, -0.00875607132912, -0.00238895835355, -0.00565575109795], [0.00443493621424, -0.0297594442964, 0.012284453027, -0.0217603668571, 0.0190245639533, -0.0195489469916, 0.0175079200417, -0.0157028455287, 0.0105893649161, -0.00875607132912, 0.0458620302379, -0.0112738199532, 4.09848289564e-05], [0.000155324465595, 0.0122520504519, -0.00540568400174, 0.00876205787063, -0.00799685250968, 0.00437178555876, -0.00983012001961, 0.00495997956023, 0.00376338115893, -0.00238895835355, -0.0112738199532, 0.0305493213236, -0.00992187019438], [0.00136869575363, -0.0110701154917, 0.0112262936309, -0.0127122709528, 0.0047192289494, -0.0100404247642, 0.0100936507806, 0.00106478284579, 0.00471665104851, -0.00565575109795, 4.09848289564e-05, -0.00992187019438, 0.0444255769253]]
    },
    "melbands": {
        "dmean": [0.00140579289291, 0.00282828113995, 0.00189006899018, 0.00289198150858, 0.000154043125804, 4.79195077787e-05, 4.28612802352e-05, 6.75053961459e-05, 0.000543274509255, 0.000202728537261, 0.000114249181934, 4.09262902394e-05, 3.18577440339e-05, 6.20053615421e-05, 6.70170675221e-06, 5.19569721291e-06, 1.20604763651e-05, 6.2907114625e-05, 1.12853895189e-05, 3.03546203213e-05, 3.20055660268e-05, 3.09351707983e-05, 1.61600219144e-05, 7.24189430912e-06, 8.65836318553e-06, 3.14553972203e-06, 2.3492125365e-06, 1.12860413992e-06, 5.86502778788e-07, 9.90466105577e-07, 3.33889232706e-07, 1.7502667049e-07, 9.38100797043e-08, 1.84535409176e-08, 1.41075409132e-08, 2.95447541987e-08, 3.18144195433e-08, 1.97390903622e-08, 1.30630093409e-08, 5.53062129427e-09],
        "dmean2": [0.00249630538747, 0.00486275646836, 0.00335670565255, 0.00508478237316, 0.000253537931712, 7.95156011009e-05, 7.41251569707e-05, 0.000121049015434, 0.000893988995813, 0.000343527004588, 0.000184480217285, 6.73120011925e-05, 5.11284415552e-05, 9.5175113529e-05, 1.15407192425e-05, 8.7099697339e-06, 2.07166212931e-05, 0.000105366103526, 1.91527233255e-05, 5.1117833209e-05, 5.42170710105e-05, 5.41140398127e-05, 2.80138629023e-05, 1.17797744679e-05, 1.44731557157e-05, 5.13754230269e-06, 4.11830342273e-06, 1.96922928808e-06, 1.02592446183e-06, 1.83049201041e-06, 5.6576368479e-07, 2.95486870527e-07, 1.56262629503e-07, 2.91103283701e-08, 2.30048247118e-08, 4.75199115613e-08, 5.13916695866e-08, 3.3772700192e-08, 2.2404808675e-08, 9.48126377409e-09],
        "dvar": [1.938408559e-06, 6.15910630586e-06, 2.76264950116e-06, 5.88700277149e-06, 1.59613264827e-08, 1.80529085014e-08, 2.15440487672e-09, 4.65281635442e-09, 3.25671265955e-07, 3.29933627086e-08, 1.59124109445e-08, 1.8221059106e-09, 1.7177524958e-09, 4.07717148931e-09, 5.24113495659e-11, 3.21598546404e-11, 1.55281745795e-10, 6.75109834702e-09, 4.11690070923e-10, 1.83162318645e-09, 3.14644865718e-09, 3.63486130084e-09, 3.47308098947e-10, 1.05983409548e-10, 1.45128672968e-10, 3.15473688839e-11, 3.79683090523e-11, 8.17104803957e-12, 4.45742661531e-12, 2.29247228839e-11, 7.00404307035e-13, 1.40758092031e-13, 2.33046834462e-14, 6.35485356947e-16, 4.62013750503e-16, 3.61115386996e-15, 4.66587760182e-15, 3.21632661402e-15, 1.39462206584e-15, 1.43040333157e-16],
        "dvar2": [5.28182044945e-06, 1.66008085216e-05, 7.89270961832e-06, 1.62885335158e-05, 4.51168560289e-08, 5.22248875257e-08, 5.82827341944e-09, 1.32351010151e-08, 7.23283108073e-07, 8.65182698817e-08, 3.80046500936e-08, 4.14874357091e-09, 4.49225812105e-09, 8.99342378347e-09, 1.3432312207e-10, 9.47549538832e-11, 4.57708121404e-10, 1.73295102712e-08, 1.11909792544e-09, 4.9735242591e-09, 8.82722162032e-09, 1.07883710854e-08, 9.58711776633e-10, 2.38243924588e-10, 3.85737525255e-10, 9.01479446647e-11, 1.11225029187e-10, 2.31285771785e-11, 1.32000937958e-11, 6.70285493776e-11, 1.65552131465e-12, 3.40349927061e-13, 6.01906558991e-14, 1.45742521784e-15, 1.02547568419e-15, 8.58687442982e-15, 1.03505045992e-14, 8.57925790956e-15, 3.89244885307e-15, 4.24142801552e-16],
        "max": [0.0132302921265, 0.0158034861088, 0.0113076288253, 0.0136733772233, 0.00101178733166, 0.00172067701351, 0.00038175881491, 0.000532865058631, 0.0066955476068, 0.00182327104267, 0.00137792970054, 0.000380093115382, 0.000452041742392, 0.000557075603865, 7.17555376468e-05, 5.91102361795e-05, 0.000114895810839, 0.000889371905942, 0.000242233247263, 0.000372158305254, 0.000546465278603, 0.000637539662421, 0.000169792445377, 8.45917675178e-05, 9.92646309896e-05, 5.923066783e-05, 6.76999625284e-05, 2.85716560029e-05, 2.42747155426e-05, 5.52916790184e-05, 8.62262368173e-06, 3.62245805263e-06, 1.06036475245e-06, 3.02358643012e-07, 1.92443323499e-07, 5.34141349817e-07, 6.13005795458e-07, 6.37648383872e-07, 3.44827896015e-07, 7.71373080966e-08],
        "mean": [0.00196365150623, 0.00405872520059, 0.00261363387108, 0.00385337113403, 0.000251963996561, 6.19712809566e-05, 6.90400265739e-05, 7.70851038396e-05, 0.00137076200917, 0.000433103967225, 0.000199666887056, 9.26857028389e-05, 6.14095333731e-05, 0.00011300980259, 1.38116383823e-05, 8.54843165143e-06, 1.99982241611e-05, 0.000106907689769, 2.34385533986e-05, 4.64365912194e-05, 5.29289936821e-05, 4.8851739848e-05, 3.03010783682e-05, 1.34834308483e-05, 1.61293119163e-05, 5.45716875422e-06, 3.48393245986e-06, 1.51672361426e-06, 8.16814690552e-07, 1.23206382341e-06, 6.25025279533e-07, 2.92684376291e-07, 1.36967230446e-07, 3.13647703365e-08, 2.41651907373e-08, 3.65327075258e-08, 3.77619322478e-08, 2.21292957292e-08, 1.41367983986e-08, 6.4046568049e-09],
        "median": [0.00146692642011, 0.00340737658553, 0.00212365016341, 0.00338135799393, 0.000230388701311, 3.41021950589e-05, 5.48999123566e-05, 5.31914338353e-05, 0.000930068548769, 0.000351253518602, 0.000133727255161, 7.10376916686e-05, 5.14178827871e-05, 8.43644884299e-05, 1.14742269943e-05, 6.68529582981e-06, 1.63142995007e-05, 5.34878163307e-05, 1.93126852537e-05, 3.21325969708e-05, 4.21723307227e-05, 3.59978876077e-05, 2.41492507485e-05, 9.66780135059e-06, 1.29130721689e-05, 4.13644602304e-06, 2.42046371568e-06, 9.83192649073e-07, 5.48986804461e-07, 7.04545811914e-07, 4.29045655892e-07, 1.86541853964e-07, 7.6811055294e-08, 2.13680362293e-08, 1.53769654787e-08, 1.20787611024e-08, 1.19017489197e-08, 7.48569206621e-09, 5.2345785484e-09, 2.87116375119e-09],
        "min": [2.00972299353e-05, 0.000123417266877, 0.000118713811389, 0.000185023483937, 2.14955707634e-05, 6.34876755612e-07, 6.13607596733e-07, 1.11651252155e-06, 5.81928225074e-06, 4.00382486987e-06, 3.43525948665e-06, 6.3560801209e-06, 3.79312677978e-06, 2.9218617783e-06, 2.15634727851e-07, 1.77126494805e-07, 3.99737871248e-07, 5.31721411789e-07, 6.46498961032e-07, 1.35760876674e-06, 2.23563142754e-06, 1.8829068722e-06, 9.41908751884e-07, 1.03049353584e-06, 9.39630012908e-07, 1.67366636106e-07, 7.83836995311e-08, 4.67068517196e-08, 5.5588966319e-08, 2.25282299482e-08, 1.72560312706e-08, 1.45681475772e-08, 7.36101890553e-09, 3.57907059545e-09, 2.21288853908e-09, 1.78873804657e-09, 1.59218693785e-09, 9.65291291344e-10, 5.03054542467e-10, 4.55300713798e-10],
        "var": [3.14029603032e-06, 8.67039580044e-06, 3.39402413374e-06, 7.60106559028e-06, 2.45827340706e-08, 2.04827248496e-08, 3.25169757787e-09, 4.79910733375e-09, 1.54219787873e-06, 1.04232427134e-07, 4.50520332151e-08, 5.3973496783e-09, 2.44063613764e-09, 9.67198587887e-09, 9.13641315381e-11, 4.33974939318e-11, 2.26053245567e-10, 1.69557274887e-08, 4.01143895878e-10, 1.95221661059e-09, 2.45914266728e-09, 2.55245402592e-09, 4.58249715951e-10, 1.43480019532e-10, 1.42497291744e-10, 2.58173170342e-11, 2.37655242707e-11, 5.65787651105e-12, 2.51143051667e-12, 1.25578731441e-11, 7.35542974185e-13, 1.47464194176e-13, 2.94094887603e-14, 1.12061273076e-15, 7.16523275412e-16, 4.33443445659e-15, 5.74065568573e-15, 2.55789359928e-15, 1.00819737673e-15, 1.18082414722e-16]
    },
    "mfcc": {
        "mean": [-655.696289062, 193.482040405, -44.0690574646, 48.69298172, 10.6159420013, -0.519363224506, 3.55574512482, 19.7547664642, 21.7113361359, 4.30180740356, -3.26012635231, -6.1162238121, -16.2914218903],
        "cov": [[657.027770996, -214.956420898, -18.4107666016, -89.532371521, -63.8397636414, -27.4311695099, -20.7571525574, -39.1761207581, -11.9332237244, -21.2871856689, -60.9609031677, -16.9119720459, -28.4562091827], [-214.956420898, 277.567047119, -106.214904785, 66.7928009033, -8.21420288086, 4.80799770355, 2.40893983841, -20.3315067291, 4.87455701828, 5.08813858032, 45.9290351868, 2.58456468582, 9.17884159088], [-18.4107666016, -106.214904785, 192.314361572, -38.9382095337, 36.5565338135, 7.84488677979, 2.20176625252, 34.9794197083, -7.51748323441, 29.051158905, -2.79397392273, 23.4588890076, 12.1815004349], [-89.532371521, 66.7928009033, -38.9382095337, 115.499511719, 11.0641803741, 12.1424922943, 9.3507566452, -13.7462234497, 6.13719558716, -1.05707800388, 16.8402061462, -3.53355169296, 9.91052341461], [-63.8397636414, -8.21420288086, 36.5565338135, 11.0641803741, 95.5598297119, 24.3078575134, 16.7890071869, 2.58316111565, -5.12074518204, 4.2273516655, -0.401814162731, 5.0184264183, 7.98485803604], [-27.4311695099, 4.80799770355, 7.84488677979, 12.1424922943, 24.3078575134, 64.9666824341, 11.0124635696, 2.15563178062, 0.0644653439522, -7.26667976379, 1.39463078976, -11.0592794418, 1.07381367683], [-20.7571525574, 2.40893983841, 2.20176625252, 9.3507566452, 16.7890071869, 11.0124635696, 45.0112342834, 12.5362672806, 1.50133955479, -2.29636216164, -0.904683828354, 2.49899101257, 2.98884248734], [-39.1761207581, -20.3315067291, 34.9794197083, -13.7462234497, 2.58316111565, 2.15563178062, 12.5362672806, 66.5538406372, 10.3386182785, 6.99935531616, 8.071144104, 6.50493431091, 3.95565962791], [-11.9332237244, 4.87455701828, -7.51748323441, 6.13719558716, -5.12074518204, 0.0644653439522, 1.50133955479, 10.3386182785, 42.0662994385, 17.0754070282, 9.80560684204, 7.04818058014, 2.07788348198], [-21.2871856689, 5.08813858032, 29.051158905, -1.05707800388, 4.2273516655, -7.26667976379, -2.29636216164, 6.99935531616, 17.0754070282, 64.2490386963, 21.4916687012, 19.2455768585, 13.7984790802], [-60.9609031677, 45.9290351868, -2.79397392273, 16.8402061462, -0.401814162731, 1.39463078976, -0.904683828354, 8.071144104, 9.80560684204, 21.4916687012, 50.4935417175, 14.2299089432, 7.1840763092], [-16.9119720459, 2.58456468582, 23.4588890076, -3.53355169296, 5.0184264183, -11.0592794418, 2.49899101257, 6.50493431091, 7.04818058014, 19.2455768585, 14.2299089432, 46.9452934265, 16.6846790314], [-28.4562091827, 9.17884159088, 12.1815004349, 9.91052341461, 7.98485803604, 1.07381367683, 2.98884248734, 3.95565962791, 2.07788348198, 13.7984790802, 7.1840763092, 16.6846790314, 46.638999939]],
