{
"lowlevel": {
    "average_loudness": 0.974485754967,
    "barkbands_crest": {
        "dmean": 3.45200037956,
        "dmean2": 5.95057535172,
        "dvar": 9.04643821716,
        "dvar2": 27.2332420349,
        "max": 24.0739746094,
        "mean": 10.6969680786,
        "median": 9.91725349426,
        "min": 3.11261034012,
        "var": 17.6287727356
    },
    "barkbands_flatness_db": {
        "dmean": 0.0255966279656,
        "dmean2": 0.0439128428698,
        "dvar": 0.000499534711707,
        "dvar2": 0.00159541994799,
        "max": 0.299721121788,
        "mean": 0.19114433229,
        "median": 0.189095020294,
        "min": 0.0833584591746,
        "var": 0.000919744488783
    },
    "barkbands_kurtosis": {
        "dmean": 2.03336548805,
        "dmean2": 3.57397150993,
        "dvar": 13.1171035767,
        "dvar2": 39.2316322327,
        "max": 29.4592819214,
        "mean": 0.430915534496,
        "median": -0.563229322433,
        "min": -1.83336770535,
        "var": 11.9293813705
    },
    "barkbands_skewness": {
        "dmean": 0.699955582619,
        "dmean2": 1.17306005955,
        "dvar": 0.400412529707,
        "dvar2": 1.11159265041,
        "max": 5.07758569717,
        "mean": 0.667221307755,
        "median": 0.593188345432,
        "min": -1.39523661137,
        "var": 1.0631197691
    },
    "barkbands_spread": {
        "dmean": 6.75179195404,
        "dmean2": 11.7215242386,
        "dvar": 24.8774166107,
        "dvar2": 71.909942627,
        "max": 43.0617828369,
        "mean": 21.4415016174,
        "median": 21.9542236328,
        "min": 3.04320812225,
        "var": 49.6762313843
    },
    "dissonance": {
        "dmean": 0.0270038507879,
        "dmean2": 0.0478153340518,
        "dvar": 0.000681863573845,
        "dvar2": 0.00178036338184,
        "max": 0.499418258667,
        "mean": 0.467089682817,
        "median": 0.473908424377,
        "min": 0.274251937866,
        "var": 0.000697454088368
    },
    "dynamic_complexity": 1.2133243084,
    "erbbands_crest": {
        "dmean": 3.50242114067,
        "dmean2": 6.05269908905,
        "dvar": 8.1348361969,
        "dvar2": 23.5855236053,
        "max": 24.0498409271,
        "mean": 10.7267208099,
        "median": 10.1187381744,
        "min": 4.27274513245,
        "var": 14.1873254776
    },
    "erbbands_flatness_db": {
        "dmean": 0.0221266243607,
        "dmean2": 0.036510232836,
        "dvar": 0.000346285465639,
        "dvar2": 0.000984115060419,
        "max": 0.34030610323,
        "mean": 0.248613595963,
        "median": 0.248409554362,
        "min": 0.144170626998,
        "var": 0.000888370384928
    },
    "erbbands_kurtosis": {
        "dmean": 1.82015812397,
        "dmean2": 3.16380119324,
        "dvar": 4.86398553848,
        "dvar2": 12.8427600861,
        "max": 18.6732521057,
        "mean": 1.3260563612,
        "median": 0.470494747162,
        "min": -1.67840659618,
        "var": 7.86697626114
    },
    "erbbands_skewness": {
        "dmean": 0.676572561264,
        "dmean2": 1.18647682667,
        "dvar": 0.263125240803,
        "dvar2": 0.75771856308,
        "max": 1.34229230881,
        "mean": -0.888460874557,
        "median": -0.928592443466,
        "min": -3.60216331482,
        "var": 0.683956623077
    },
    "erbbands_spread": {
        "dmean": 7.86953210831,
        "dmean2": 13.4534406662,
        "dvar": 46.5825042725,
        "dvar2": 127.807975769,
        "max": 59.7725791931,
        "mean": 24.4015693665,
        "median": 22.6053543091,
        "min": 5.47308683395,
        "var": 119.871681213
    },
    "hfc": {
        "dmean": 9.49763584137,
        "dmean2": 15.5119218826,
        "dvar": 78.1152038574,
        "dvar2": 193.135803223,
        "max": 78.4889373779,
        "mean": 23.0590763092,
        "median": 19.5719928741,
        "min": 1.27216565609,
        "var": 192.024291992
    },
    "melbands_crest": {
        "dmean": 4.94099807739,
        "dmean2": 8.45992183685,
        "dvar": 15.3288831711,
        "dvar2": 41.9222793579,
        "max": 29.8579978943,
        "mean": 15.4800052643,
        "median": 14.9808568954,
        "min": 5.40902423859,
        "var": 37.3900985718
    },
    "melbands_flatness_db": {
        "dmean": 0.0287529844791,
        "dmean2": 0.0497230403125,
        "dvar": 0.000657490338199,
        "dvar2": 0.00189245608635,
        "max": 0.380969852209,
        "mean": 0.25017991662,
        "median": 0.241478696465,
        "min": 0.146794080734,
        "var": 0.00174109719228
    },
    "melbands_kurtosis": {
        "dmean": 5.04869222641,
        "dmean2": 8.81711769104,
        "dvar": 78.0626831055,
        "dvar2": 230.453384399,
        "max": 75.6154251099,
        "mean": 4.33798933029,
        "median": 1.43993330002,
        "min": -1.78787493706,
        "var": 78.870010376
    },
    "melbands_skewness": {
        "dmean": 0.960497260094,
        "dmean2": 1.64667916298,
        "dvar": 0.760876476765,
        "dvar2": 2.14385890961,
        "max": 7.60491895676,
        "mean": 1.72399568558,
        "median": 1.48759806156,
        "min": -0.623929262161,
        "var": 1.8052457571
    },
    "melbands_spread": {
        "dmean": 10.1853685379,
        "dmean2": 16.9854888916,
        "dvar": 74.3395233154,
        "dvar2": 189.647338867,
        "max": 79.0816116333,
        "mean": 30.7298793793,
        "median": 28.6820392609,
        "min": 2.75431156158,
        "var": 213.63734436
    },
    "pitch_salience": {
        "dmean": 0.0945270061493,
        "dmean2": 0.166689306498,
        "dvar": 0.00574547518045,
        "dvar2": 0.0171098001301,
        "max": 0.808397889137,
        "mean": 0.495074927807,
        "median": 0.498516410589,
        "min": 0.153330624104,
        "var": 0.0114383259788
    },
    "silence_rate_20dB": {
        "dmean": 0,
        "dmean2": 0,
        "dvar": 0,
        "dvar2": 0,
        "max": 1,
        "mean": 1,
        "median": 1,
        "min": 1,
        "var": 0
    },
    "silence_rate_30dB": {
        "dmean": 0,
        "dmean2": 0,
        "dvar": 0,
        "dvar2": 0,
        "max": 1,
        "mean": 1,
        "median": 1,
        "min": 1,
        "var": 0
    },
    "silence_rate_60dB": {
        "dmean": 0,
        "dmean2": 0,
        "dvar": 0,
        "dvar2": 0,
        "max": 0,
        "mean": 0,
        "median": 0,
        "min": 0,
        "var": 0
    },
    "spectral_centroid": {
        "dmean": 270.707946777,
        "dmean2": 463.989929199,
        "dvar": 55417.421875,
        "dvar2": 151709.1875,
        "max": 2337.36206055,
        "mean": 1242.38391113,
        "median": 1257.36437988,
        "min": 323.904205322,
        "var": 129760.617188
    },
    "spectral_complexity": {
        "dmean": 3.59629631042,
        "dmean2": 5.97959184647,
        "dvar": 9.29997730255,
        "dvar2": 25.1702461243,
        "max": 33,
        "mean": 19.6857662201,
        "median": 20,
        "min": 2,
        "var": 19.7977409363
    },
    "spectral_decrease": {
        "dmean": 3.03329272811e-09,
        "dmean2": 5.25319299172e-09,
        "dvar": 6.30638073594e-18,
        "dvar2": 1.93718585707e-17,
        "max": -3.90905002812e-10,
        "mean": -7.45668948809e-09,
        "median": -7.23726056862e-09,
        "min": -1.8621541642e-08,
        "var": 1.25644417164e-17
    },
    "spectral_energy": {
        "dmean": 0.0120806209743,
        "dmean2": 0.0208943355829,
        "dvar": 9.70099281403e-05,
        "dvar2": 0.000294815894449,
        "max": 0.0744238421321,
        "mean": 0.0302346982062,
        "median": 0.0294242221862,
        "min": 0.0015907563502,
        "var": 0.000199118177989
    },
    "spectral_energyband_high": {
        "dmean": 2.91804062726e-05,
        "dmean2": 5.00970236317e-05,
        "dvar": 2.57122789726e-09,
        "dvar2": 7.53163220679e-09,
        "max": 0.00067767011933,
        "mean": 7.00093441992e-05,
        "median": 6.04727647442e-05,
        "min": 9.43360009842e-06,
        "var": 2.43020914503e-09
    },
    "spectral_energyband_low": {
        "dmean": 0.00346600823104,
        "dmean2": 0.00540102506056,
        "dvar": 3.27614980051e-05,
        "dvar2": 7.68665267969e-05,
        "max": 0.06372615695,
        "mean": 0.00649476284161,
        "median": 0.00311812059954,
        "min": 0.000164051001775,
        "var": 7.3057723057e-05
    },
    "spectral_energyband_middle_high": {
        "dmean": 0.00490688765422,
        "dmean2": 0.00802713353187,
        "dvar": 2.19547309825e-05,
        "dvar2": 5.22216614627e-05,
        "max": 0.0416281446815,
        "mean": 0.0100435847417,
        "median": 0.00808917917311,
        "min": 0.000543757574633,
        "var": 5.5050913943e-05
    },
    "spectral_energyband_middle_low": {
        "dmean": 0.00791142135859,
        "dmean2": 0.0142923798412,
        "dvar": 8.90346345841e-05,
        "dvar2": 0.000292932294542,
        "max": 0.0610633380711,
        "mean": 0.0142597872764,
        "median": 0.0104528144002,
        "min": 0.00054225709755,
        "var": 0.000133049470605
    },
    "spectral_entropy": {
        "dmean": 0.160796269774,
        "dmean2": 0.285643100739,
        "dvar": 0.0209774188697,
        "dvar2": 0.0667006894946,
        "max": 7.6490983963,
        "mean": 7.21049356461,
        "median": 7.21024656296,
        "min": 6.43358373642,
        "var": 0.0350803397596
    },
    "spectral_flux": {
        "dmean": 0.0245948117226,
        "dmean2": 0.0415044538677,
        "dvar": 0.00042273211875,
        "dvar2": 0.00109268445522,
        "max": 0.1853992939,
        "mean": 0.100683778524,
        "median": 0.0993424728513,
        "min": 0.0410059280694,
        "var": 0.00074389774818
    },
    "spectral_kurtosis": {
        "dmean": 4.48093271255,
        "dmean2": 7.88655662537,
        "dvar": 13.2483854294,
        "dvar2": 40.0942459106,
        "max": 31.3898277283,
        "mean": 8.54765605927,
        "median": 7.54207134247,
        "min": 1.58306360245,
        "var": 18.9242763519
    },
    "spectral_rms": {
        "dmean": 0.00111228879541,
        "dmean2": 0.00191498559434,
        "dvar": 7.81385040227e-07,
        "dvar2": 2.35202628573e-06,
        "max": 0.00852106977254,
        "mean": 0.00527397915721,
        "median": 0.00535784987733,
        "min": 0.00124577584211,
        "var": 1.68240376297e-06
    },
    "spectral_rolloff": {
        "dmean": 403.50793457,
        "dmean2": 706.480102539,
        "dvar": 181403.34375,
        "dvar2": 426277.8125,
        "max": 2562.45117188,
        "mean": 1545.97265625,
        "median": 1679.58984375,
        "min": 129.19921875,
        "var": 319225.28125
    },
    "spectral_skewness": {
        "dmean": 0.411908537149,
        "dmean2": 0.726850509644,
        "dvar": 0.105450868607,
        "dvar2": 0.301910161972,
        "max": 3.98227214813,
        "mean": 1.57997906208,
        "median": 1.52710902691,
        "min": 0.504329621792,
        "var": 0.164687976241
    },
    "spectral_spread": {
        "dmean": 236101.015625,
        "dmean2": 389536.78125,
        "dvar": 73721061376,
        "dvar2": 123436564480,
        "max": 7727961.5,
        "mean": 2162784.75,
        "median": 2110459.5,
        "min": 1507896.875,
        "var": 151942365184
    },
    "spectral_strongpeak": {
        "dmean": 1.03796434402,
        "dmean2": 1.82446837425,
        "dvar": 2.39695286751,
        "dvar2": 5.96156454086,
        "max": 12.2827291489,
        "mean": 1.43907618523,
        "median": 0.815958023071,
        "min": 0.0317787565291,
        "var": 3.56224274635
    },
    "zerocrossingrate": {
        "dmean": 0.00681423628703,
        "dmean2": 0.00913511682302,
        "dvar": 2.90185998892e-05,
        "dvar2": 4.96216816828e-05,
        "max": 0.080078125,
        "mean": 0.0454327203333,
        "median": 0.044921875,
        "min": 0.01171875,
        "var": 0.000173477892531
    },
    "barkbands": {
        "dmean": [2.36599771597e-05, 0.00187132472638, 0.00178978987969, 0.000981232966296, 0.00659968843684, 0.000172546962858, 0.000104783008283, 0.000770869024564, 0.00244470848702, 0.000655949814245, 0.000130646963953, 0.00133031443693, 6.71277084621e-05, 0.00267970142886, 0.000581821019296, 0.00158137478866, 0.000337621488143, 0.000118091411423, 0.000113458656415, 2.9777031159e-05, 1.83783849934e-05, 4.18031822846e-06, 1.39011251576e-06, 5.26301960235e-07, 1.93882129906e-07, 7.37478274004e-08, 1.78174488497e-08],
        "dmean2": [3.60521626135e-05, 0.00286991288885, 0.00287661748007, 0.0016401471803, 0.0117663126439, 0.000293863762636, 0.000182905278052, 0.0013704438461, 0.00453371508047, 0.00121189723723, 0.000238711712882, 0.00248025241308, 0.000111244924483, 0.00449321232736, 0.000941060890909, 0.00262291869149, 0.000566407048609, 0.000201668794034, 0.000192577543203, 4.9300459068e-05, 3.17361373163e-05, 7.56280996939e-06, 2.60836031885e-06, 8.96033100162e-07, 3.26248027704e-07, 1.2559166862e-07, 2.83311205607e-08],
        "dvar": [3.59181528964e-09, 7.582616945e-06, 1.36266553454e-05, 1.34981678457e-06, 7.96939639258e-05, 4.56481245692e-07, 4.3992578469e-08, 1.86045440387e-06, 8.50805554364e-06, 4.63255361183e-07, 1.8299258997e-08, 3.09576057589e-06, 7.39567074248e-09, 8.9889344963e-06, 6.32462047179e-07, 4.72164492749e-06, 5.3112336218e-07, 1.96580565159e-08, 1.70764238305e-08, 1.9602994783e-09, 7.90977283671e-10, 2.02576538877e-10, 2.27897713721e-12, 8.64127779748e-13, 1.61179785339e-13, 4.24330099595e-14, 4.66117741599e-15],
        "dvar2": [4.61984583922e-09, 1.67919006344e-05, 3.37787387252e-05, 3.63726599062e-06, 0.000267365743639, 1.12922919016e-06, 1.30119985897e-07, 5.47594072486e-06, 2.68304011115e-05, 1.1215303175e-06, 5.11403150938e-08, 9.33274168347e-06, 1.80502812697e-08, 2.27984091907e-05, 1.61447917435e-06, 1.13128007797e-05, 1.54970268795e-06, 5.35836228721e-08, 4.74545345241e-08, 5.20157650286e-09, 2.29603625002e-09, 6.07842054468e-10, 6.45109009614e-12, 2.49499726435e-12, 4.16347999913e-13, 1.16663501234e-13, 8.41935672384e-15],
        "max": [0.00131294270977, 0.0268896967173, 0.0392121113837, 0.00858471356332, 0.057055618614, 0.0129258725792, 0.00287940283306, 0.0109708532691, 0.0198894385248, 0.00807048380375, 0.00104970659595, 0.0109679419547, 0.00118918158114, 0.027055695653, 0.00775115285069, 0.0238744057715, 0.0113892145455, 0.0010931288125, 0.0010109290015, 0.000609448761679, 0.000362969149137, 0.000215993655729, 9.52929804043e-06, 9.8469090517e-06, 4.71245402878e-06, 2.54160408986e-06, 1.40986583119e-06],
        "mean": [3.3172298572e-05, 0.00374991889112, 0.00230602547526, 0.00116494053509, 0.0093292882666, 0.000248211290454, 0.000127514373162, 0.000798312597908, 0.0022311292123, 0.000711167987902, 0.000136795802973, 0.0012329404708, 0.00010485688108, 0.00373135926202, 0.000943929539062, 0.00236650719307, 0.000520780507941, 0.000203097573831, 0.000188413076103, 5.5549746321e-05, 3.8822148781e-05, 8.21877165436e-06, 1.57218846653e-06, 1.48985031956e-06, 5.13447844241e-07, 1.54684485665e-07, 8.35266646959e-08],
        "median": [1.56418063852e-05, 0.0021912031807, 0.000537660962436, 0.00072076584911, 0.00512621505186, 7.91877246229e-05, 7.61020783102e-05, 0.00018705095863, 0.00128810515162, 0.000390611996409, 8.99147198652e-05, 0.000704365724232, 7.32665430405e-05, 0.00223184120841, 0.000620566948783, 0.00121580809355, 0.000398643140215, 0.000149815954501, 0.000141452488606, 4.54882756458e-05, 3.18998281728e-05, 6.75007959217e-06, 1.11609767828e-06, 1.29008208205e-06, 4.31056321304e-07, 1.2256133175e-07, 7.58018074976e-08],
        "min": [1.51047274244e-07, 2.62738358288e-05, 1.56273881657e-06, 2.86216072709e-06, 0.000271915632766, 2.92543745672e-06, 3.54276880898e-06, 3.74925866709e-06, 4.55095869256e-05, 6.29868145552e-06, 2.8394401852e-06, 4.05971586588e-05, 8.37324841996e-06, 5.57938146812e-05, 3.53742398147e-05, 7.24989586161e-05, 1.63102704391e-05, 1.17151039376e-05, 8.0266927398e-06, 3.21011202686e-06, 2.47735192715e-06, 9.4784383009e-07, 8.72272138963e-08, 1.48490371998e-07, 4.44904593166e-08, 9.63582547087e-09, 1.16833556163e-08],
        "var": [4.96479435341e-09, 1.88198810065e-05, 2.09138324863e-05, 1.82200631116e-06, 0.000110593195132, 7.70847520926e-07, 3.53735991609e-08, 2.11323026633e-06, 7.11311668056e-06, 8.27336748443e-07, 1.72062861736e-08, 2.34713002101e-06, 1.09373026191e-08, 1.61989628396e-05, 9.77639615485e-07, 9.06590594241e-06, 3.78263507628e-07, 2.72432796322e-08, 2.49811336062e-08, 2.25954344124e-09, 9.41014377531e-10, 1.16781154191e-10, 2.28458831714e-12, 1.20538063038e-12, 2.19608456854e-13, 3.69727069327e-14, 8.9514136934e-15]
    },
    "erbbands": {
        "dmean": [0.03764757514, 0.518326818943, 2.1930000782, 1.97446668148, 20.4057922363, 19.1068668365, 1.93691265583, 1.51645874977, 0.955356180668, 2.69812226295, 31.1746959686, 60.1596336365, 28.2762374878, 10.0018148422, 21.2547569275, 46.6954727173, 4.96564149857, 46.9080429077, 122.774337769, 41.0499801636, 72.0790634155, 19.960144043, 6.65755748749, 8.36775588989, 2.93666219711, 1.47654783726, 0.782560169697, 0.581643939018, 0.159632414579, 0.0609727427363, 0.0367309860885, 0.0140129523352, 0.00722739938647, 0.00340756052174, 0.000686443934683, 0.000430806569057, 0.000109997949039, 7.79083075031e-06, 6.82287009113e-06, 1.38311888804e-05],
        "dmean2": [0.0630455166101, 0.773548424244, 3.4796640873, 3.40077257156, 37.5081367493, 33.1854362488, 3.3931593895, 2.58416604996, 1.66807842255, 4.78542947769, 55.577167511, 111.754714966, 52.3651351929, 18.5985870361, 39.1779441833, 87.828666687, 8.75483798981, 79.3648681641, 199.366729736, 67.0910797119, 119.854110718, 33.4819602966, 11.1204500198, 14.3610715866, 4.90112447739, 2.48501849174, 1.35022497177, 1.00826334953, 0.283671200275, 0.113246336579, 0.0678858757019, 0.0247190762311, 0.0121086966246, 0.0057983379811, 0.00113444856834, 0.000731191306841, 0.00018889248895, 1.30265025291e-05, 1.13140640678e-05, 2.38642605837e-05],
        "dvar": [0.00194575428031, 0.669405996799, 21.4087638855, 5.29911231995, 824.120239258, 501.227203369, 23.3521327972, 26.2005653381, 2.30905723572, 37.094619751, 2206.015625, 6371.59375, 748.831542969, 141.213363647, 650.926147461, 4315.75732422, 27.2942485809, 2692.89868164, 19481.4941406, 4320.37060547, 10048.1191406, 1739.06652832, 76.4256820679, 110.926673889, 16.1672992706, 4.44881248474, 1.32559072971, 1.10302519798, 0.309722781181, 0.0094400132075, 0.0015247076517, 0.000360386969987, 0.000269717798801, 5.51839766558e-05, 2.65260996457e-06, 1.38137716021e-06, 8.90665248221e-08, 2.00563610164e-09, 1.20764523381e-10, 1.27347424272e-10],
        "dvar2": [0.00439800880849, 1.52572607994, 52.4568595886, 14.2302961349, 2775.59277344, 1615.78527832, 67.8933563232, 60.1587715149, 6.34526205063, 110.637374878, 6422.26855469, 20553.7207031, 1917.38208008, 409.094573975, 1898.14660645, 12964.7285156, 71.8993682861, 7117.53662109, 46522.7929688, 10883.265625, 24979.296875, 4997.34033203, 219.585647583, 312.187652588, 45.80651474, 12.0315847397, 3.80438756943, 3.2013835907, 0.928397297859, 0.0276248361915, 0.00440612761304, 0.00106147606857, 0.000753290136345, 0.000153343615239, 5.37269988854e-06, 3.67247139366e-06, 2.40720822831e-07, 3.78965792081e-09, 2.7306215622e-10, 3.8133299296e-10],
        "max": [0.423850595951, 7.92614173889, 49.384262085, 19.1133594513, 172.574310303, 146.152740479, 82.1566390991, 96.090675354, 18.4913921356, 88.9690170288, 377.613311768, 578.338806152, 291.878356934, 72.6370620728, 175.076385498, 402.282592773, 42.0778884888, 498.126068115, 1423.39367676, 856.556030273, 1131.85925293, 635.361633301, 110.849502563, 101.371620178, 48.2046546936, 25.2854633331, 12.838092804, 14.6725616455, 8.19415664673, 0.9868465662, 0.255189567804, 0.186922162771, 0.192687660456, 0.0995686724782, 0.0262106265873, 0.0139520121738, 0.00385247846134, 0.000835530168843, 0.000222003727686, 8.65809051902e-05],
        "mean": [0.0675811544061, 0.98915117979, 3.11988711357, 3.01424002647, 24.8449459076, 29.9877376556, 3.20147800446, 2.3725733757, 1.40699720383, 3.09190297127, 32.5157470703, 54.1180458069, 30.3563537598, 10.3377466202, 21.644329071, 42.9713821411, 7.79647445679, 71.8586502075, 182.177398682, 75.6279525757, 107.125358582, 32.0611381531, 12.586971283, 13.8164625168, 5.43866539001, 2.73197197914, 1.59393763542, 1.27681934834, 0.362974345684, 0.0890522003174, 0.0458334423602, 0.0358693487942, 0.0203718207777, 0.00926690641791, 0.0017705274513, 0.00106836878695, 0.000182360046892, 2.46222771239e-05, 2.53970538324e-05, 3.7164772948e-05],
        "median": [0.0514061115682, 0.519853115082, 0.809467315674, 2.37996125221, 11.8724832535, 19.682100296, 2.22289681435, 0.788880884647, 1.01781260967, 1.88603103161, 13.0822496414, 29.8643169403, 18.6984558105, 6.66813659668, 13.2956724167, 22.8053264618, 6.23743200302, 50.5446624756, 112.043212891, 47.7555236816, 54.8308525085, 24.8289813995, 9.9894952774, 10.0157022476, 4.51687097549, 2.28606534004, 1.30071353912, 1.06482636929, 0.306311011314, 0.0701165869832, 0.0350622534752, 0.0306435581297, 0.0176997818053, 0.00787021033466, 0.00139722321182, 0.000903521489818, 0.000126832761453, 1.9686671294e-05, 2.46779927693e-05, 3.62831669918e-05],
        "min": [0.00081975950161, 0.00485280854627, 0.0424537695944, 0.0642669126391, 0.299465000629, 0.640998601913, 0.253739118576, 0.0410856902599, 0.0567466691136, 0.084227129817, 0.511106073856, 0.98632055521, 0.933142721653, 0.448847025633, 1.53035461903, 2.01946735382, 0.821977138519, 1.92125785351, 1.79713952541, 4.30044651031, 3.45819807053, 1.18102645874, 0.953430950642, 0.383965045214, 0.379577755928, 0.185774058104, 0.107537053525, 0.0927334427834, 0.0475408770144, 0.00728211412206, 0.00282566528767, 0.00335821998306, 0.00185887771659, 0.000863909663167, 0.000180191433174, 0.000104036727862, 1.29296786326e-05, 4.50434481536e-06, 4.73048612548e-06, 5.79770176046e-06],
        "var": [0.00339676719159, 1.58978879452, 35.0751075745, 8.38715744019, 1017.0791626, 833.002746582, 23.738079071, 54.8033752441, 2.57932662964, 26.4236850739, 2545.77636719, 4995.36328125, 1122.90026855, 119.264305115, 589.338195801, 3249.47680664, 31.2984809875, 4470.87646484, 42464.6171875, 6575.31445312, 18101.3242188, 1313.57861328, 90.622505188, 146.317764282, 16.3267250061, 4.81329631805, 1.5699917078, 1.16375815868, 0.183534294367, 0.00731945130974, 0.00167171505746, 0.000602420594078, 0.000299356674077, 6.3549283368e-05, 4.44250599685e-06, 1.41348687066e-06, 7.65832623983e-08, 3.08185121867e-09, 2.03407790611e-10, 2.61597077333e-10]
    },
    "gfcc": {
        "mean": [-35.4508552551, 154.770568848, -166.231079102, 35.0166625977, -14.2498674393, 6.14200162888, -24.1721515656, -1.81852042675, -12.8170900345, -14.8970012665, -24.8380432129, -23.6918926239, 4.05479431152],
        "cov": [[447.831665039, -22.6255531311, -92.7243347168, -44.2456092834, -29.9723205566, -15.8584108353, 6.63227558136, 1.09545826912, -28.5210437775, -13.0457277298, -40.96824646, -35.9506988525, -7.25124979019], [-22.6255531311, 297.512237549, 11.0657043457, -29.3000850677, 86.8523025513, -89.2058792114, 70.2940368652, 28.0228729248, 58.4771575928, -17.2596321106, 6.50239896774, -61.405216217, -5.31632375717], [-92.7243347168, 11.0657043457, 193.824798584, 78.7412796021, -19.3402767181, 0.833873152733, -25.6174869537, -13.9859294891, -42.8955116272, -34.862159729, 5.68709468842, 18.1157245636, -36.7743453979], [-44.2456092834, -29.3000850677, 78.7412796021, 162.178451538, 73.4851455688, -5.65898561478, -39.9249916077, -20.4869384766, 8.28388690948, -15.5365943909, -4.97251987457, 6.97796440125, -16.3316402435], [-29.9723205566, 86.8523025513, -19.3402767181, 73.4851455688, 194.042694092, 3.77934241295, 16.2970790863, -4.05561828613, 56.9089241028, 6.58408021927, -17.9596691132, -34.2836608887, 1.37063872814], [-15.8584108353, -89.2058792114, 0.833873152733, -5.65898561478, 3.77934241295, 112.575401306, 23.6706733704, 3.57153487206, -19.1926765442, 15.9645309448, 10.6496124268, 24.544467926, 2.05809950829], [6.63227558136, 70.2940368652, -25.6174869537, -39.9249916077, 16.2970790863, 23.6706733704, 96.5312347412, 54.1933631897, 14.0829267502, 3.69888567924, 7.19116020203, -16.1627140045, -5.36044120789], [1.09545826912, 28.0228729248, -13.9859294891, -20.4869384766, -4.05561828613, 3.57153487206, 54.1933631897, 81.4713592529, 34.6695251465, 8.87813663483, 5.86319923401, -2.6106402874, -14.5244197845], [-28.5210437775, 58.4771575928, -42.8955116272, 8.28388690948, 56.9089241028, -19.1926765442, 14.0829267502, 34.6695251465, 88.1597366333, 36.2021408081, 0.50901222229, -17.7146701813, 3.65417385101], [-13.0457277298, -17.2596321106, -34.862159729, -15.5365943909, 6.58408021927, 15.9645309448, 3.69888567924, 8.87813663483, 36.2021408081, 73.2623672485, 26.3136329651, 3.98583030701, 5.89393091202], [-40.96824646, 6.50239896774, 5.68709468842, -4.97251987457, -17.9596691132, 10.6496124268, 7.19116020203, 5.86319923401, 0.50901222229, 26.3136329651, 52.5234603882, 24.5119018555, -1.82204341888], [-35.9506988525, -61.405216217, 18.1157245636, 6.97796440125, -34.2836608887, 24.544467926, -16.1627140045, -2.6106402874, -17.7146701813, 3.98583030701, 24.5119018555, 56.710723877, 8.65294837952], [-7.25124979019, -5.31632375717, -36.7743453979, -16.3316402435, 1.37063872814, 2.05809950829, -5.36044120789, -14.5244197845, 3.65417385101, 5.89393091202, -1.82204341888, 8.65294837952, 44.9763641357]],
        "icov": [[0.00337230437435, -0.00199337140657, 0.00356777571142, -0.00173734826967, 0.00145668210462, -0.00100168201607, 0.0017126230523, -0.00169080402702, 0.00433060294017, -0.002096692333, 0.00397154502571, 0.000210921527469, 0.00229712971486], [-0.00199337140657, 0.0249476376921, -0.0141980890185, 0.0138251101598, -0.0115351574495, 0.0187689103186, -0.0196800678968, 0.0110816787928, -0.0184330325574, 0.0148835564032, -0.0210786219686, 0.0117323389277, -0.00679936446249], [0.00356777571142, -0.0141980890185, 0.0192654114217, -0.0128443855792, 0.00839761272073, -0.0101845050231, 0.0111860241741, -0.00655367039144, 0.0152595350519, -0.00709186121821, 0.0124838473275, -0.00712022883818, 0.0109771350399], [-0.00173734826967, 0.0138251101598, -0.0128443855792, 0.0206396356225, -0.012397358194, 0.0101707912982, -0.00568670826033, 0.00582629116252, -0.0125377774239, 0.0103894555941, -0.012580207549, 0.00328177865595, -0.00202110991813], [0.00145668210462, -0.0115351574495, 0.00839761272073, -0.012397358194, 0.0166369900107, -0.0109791504219, 0.00400647660717, 0.000839878630359, 0.000890189083293, -0.00509880902246, 0.0110570648685, -0.00137830420863, 0.00328896567225], [-0.00100168201607, 0.0187689103186, -0.0101845050231, 0.0101707912982, -0.0109791504219, 0.0278294887394, -0.0206630919129, 0.00918191112578, -0.0073329419829, 0.00420123804361, -0.0108683519065, 0.000178235801286, -0.00344279105775], [0.0017126230523, -0.0196800678968, 0.0111860241741, -0.00568670826033, 0.00400647660717, -0.0206630919129, 0.0426641143858, -0.0281395744532, 0.020403187722, -0.00775845395401, 0.00733026815578, 0.00273240753449, 0.000982403056696], [-0.00169080402702, 0.0110816787928, -0.00655367039144, 0.00582629116252, 0.000839878630359, 0.00918191112578, -0.0281395744532, 0.0390358716249, -0.0263361409307, 0.00958391465247, -0.00531772477552, -0.0052502816543, 0.00827934592962], [0.00433060294017, -0.0184330325574, 0.0152595350519, -0.0125377774239, 0.000890189083293, -0.0073329419829, 0.020403187722, -0.0263361409307, 0.0481689721346, -0.0258889254183, 0.0191366244107, -0.00389290973544, 0.00168200861663], [-0.002096692333, 0.0148835564032, -0.00709186121821, 0.0103894555941, -0.00509880902246, 0.00420123804361, -0.00775845395401, 0.00958391465247, -0.0258889254183, 0.0369834117591, -0.0279909111559, 0.0112021649256, -0.00450353976339], [0.00397154502571, -0.0210786219686, 0.0124838473275, -0.012580207549, 0.0110570648685, -0.0108683519065, 0.00733026815578, -0.00531772477552, 0.0191366244107, -0.0279909111559, 0.0547275915742, -0.0271544698626, 0.0126592600718], [0.000210921527469, 0.0117323389277, -0.00712022883818, 0.00328177865595, -0.00137830420863, 0.000178235801286, 0.00273240753449, -0.0052502816543, -0.00389290973544, 0.0112021649256, -0.0271544698626, 0.0440311208367, -0.0152681451291], [0.00229712971486, -0.00679936446249, 0.0109771350399, -0.00202110991813, 0.00328896567225, -0.00344279105775, 0.000982403056696, 0.00827934592962, 0.00168200861663, -0.00450353976339, 0.0126592600718, -0.0152681451291, 0.0367938168347]]
    },
    "melbands": {
        "dmean": [0.000403747428209, 0.000962016871199, 0.000704370031599, 0.00176328304224, 0.000127787192469, 3.2372703572e-05, 1.73042626557e-05, 2.7582706025e-05, 0.000328178459313, 0.000358714081813, 0.000132752189529, 4.22228768002e-05, 3.7310852349e-05, 0.000178606394911, 3.47691384377e-05, 9.95213213173e-06, 0.000110545974167, 0.000272371835308, 3.77387186745e-05, 0.0001121201567, 6.69988803566e-05, 2.0704957933e-05, 1.19222904686e-05, 6.29713485978e-06, 7.67921483202e-06, 2.87958437184e-06, 1.56738906298e-06, 8.84229621079e-07, 4.01332272304e-07, 6.08273182934e-07, 2.73953475016e-07, 1.11782988199e-07, 4.27296882322e-08, 3.44791537543e-08, 2.66585722386e-08, 1.07044106912e-08, 9.02436880779e-09, 6.11298789366e-09, 4.33177760328e-09, 2.70275601899e-09],
        "dmean2": [0.000642966828309, 0.0014957865933, 0.00126150785945, 0.00312308641151, 0.000219463807298, 5.49302239961e-05, 3.03149754473e-05, 4.8937748943e-05, 0.000586202426348, 0.000668083375785, 0.00024500550353, 7.8375414887e-05, 6.80563680362e-05, 0.000334423733875, 6.44683314022e-05, 1.63229615282e-05, 0.000190444116015, 0.000445906101959, 6.08012633165e-05, 0.000185432276339, 0.000111256085802, 3.47292152583e-05, 2.00084487005e-05, 1.08184503915e-05, 1.32350987769e-05, 4.90610727866e-06, 2.62760545411e-06, 1.50263338128e-06, 6.87290594215e-07, 1.06695335944e-06, 4.7794043212e-07, 1.98959000386e-07, 7.56227933607e-08, 6.54694645164e-08, 4.99990697733e-08, 1.9234919435e-08, 1.57110786603e-08, 1.03121493567e-08, 7.43282591031e-09, 4.69835104155e-09],
        "dvar": [2.77836846863e-07, 3.5768109683e-06, 7.67550659475e-07, 5.60149192097e-06, 2.8915936312e-08, 1.30120181296e-08, 8.35019831058e-10, 4.06530586972e-09, 2.09372998938e-07, 2.23331809934e-07, 1.77269274815e-08, 2.5690367611e-09, 1.8214711961e-09, 6.17864159835e-08, 1.8952406311e-09, 1.50939871713e-10, 1.74699472666e-08, 9.73091331957e-08, 3.80431375291e-09, 2.55942573801e-08, 8.3919635685e-09, 2.14234718854e-09, 3.71255109988e-10, 6.03343139338e-11, 9.74375163887e-11, 1.14672117288e-11, 8.51266279689e-12, 1.29934463796e-12, 2.85549117988e-13, 8.10693417778e-13, 3.32354667875e-13, 1.44688284249e-13, 1.99758083881e-14, 1.61746224646e-15, 8.92713751737e-16, 1.44798191221e-16, 1.66640126906e-16, 1.36437989266e-16, 1.28733946678e-16, 2.29018005495e-17],
        "dvar2": [6.1277472696e-07, 8.58343992149e-06, 2.51220035352e-06, 1.87065925275e-05, 8.43483505264e-08, 3.02810434505e-08, 2.41004105561e-09, 1.20958230099e-08, 6.12220219409e-07, 7.18092394436e-07, 4.46475141302e-08, 7.34800265079e-09, 5.04203256924e-09, 1.88080434782e-07, 5.39595612636e-09, 3.41244643653e-10, 4.6357669703e-08, 2.33874118294e-07, 9.62028590124e-09, 6.11146759866e-08, 2.13508695168e-08, 6.22038820453e-09, 1.0725138555e-09, 1.65681704467e-10, 2.73383621296e-10, 3.1502363218e-11, 2.34288369955e-11, 3.48688721126e-12, 8.19841156768e-13, 2.34430357071e-12, 9.62754290353e-13, 4.35516450377e-13, 5.95988644721e-14, 4.55592171384e-15, 2.53284365866e-15, 4.30692827924e-16, 4.89872558259e-16, 3.79875271542e-16, 3.67437307395e-16, 6.16629331515e-17],
        "max": [0.0046230959706, 0.0205654799938, 0.00553221488371, 0.0153440563008, 0.00244519487023, 0.00217740680091, 0.000328316731611, 0.000901107094251, 0.00352832628414, 0.0033030542545, 0.00148217997048, 0.000312700198265, 0.000409543688875, 0.00157862168271, 0.000277851358987, 0.000153600325575, 0.00126700825058, 0.00304367556237, 0.000815491483081, 0.00163940142374, 0.00101006869227, 0.000713507528417, 0.000276008271612, 6.1799211835e-05, 9.42973420024e-05, 2.50626835623e-05, 4.08078922192e-05, 1.44651521623e-05, 5.11801817993e-06, 1.24741745822e-05, 7.91216370999e-06, 5.89915134697e-06, 1.77742197138e-06, 2.38190040136e-07, 1.94232626427e-07, 1.08854976588e-07, 1.34449649636e-07, 1.43369732086e-07, 1.44738436347e-07, 6.05372179052e-08],
        "mean": [0.000828868185636, 0.00154024641961, 0.000943195598666, 0.00254585989751, 0.000212322542211, 4.8798876378e-05, 2.35849493038e-05, 3.0550017982e-05, 0.000329958769726, 0.00032150244806, 0.000142962904647, 4.22655539296e-05, 4.11853143305e-05, 0.000160066687386, 3.57314784196e-05, 1.55151083163e-05, 0.000155933434144, 0.00038959615631, 6.24096792308e-05, 0.000168954575201, 9.97650640784e-05, 3.07005029754e-05, 1.77544934559e-05, 1.00187962744e-05, 1.19884180094e-05, 4.84631709696e-06, 2.71011822406e-06, 1.50773678342e-06, 7.742175967e-07, 1.16718706522e-06, 5.73656166125e-07, 2.20536279016e-07, 8.37945037802e-08, 3.46990276512e-08, 2.80386487361e-08, 2.12009965139e-08, 2.2165853153e-08, 1.54836463651e-08, 1.06174855574e-08, 6.78618272687e-09],
        "median": [0.000563577923458, 0.000520224915817, 0.000677204574458, 0.00139878317714, 0.000148411083501, 1.57628546731e-05, 1.60385116033e-05, 1.81304949365e-05, 0.000152696535224, 0.000169714927324, 8.49028074299e-05, 2.56081348198e-05, 2.59479929809e-05, 8.49693024065e-05, 2.04651878448e-05, 1.08031990749e-05, 0.000100624623883, 0.000226905351155, 4.17676201323e-05, 8.49788193591e-05, 5.38554922969e-05, 2.30559926422e-05, 1.36756680149e-05, 7.18308911019e-06, 8.50646301842e-06, 3.87292629966e-06, 2.21524896915e-06, 1.24064740703e-06, 6.18156207111e-07, 9.71261101768e-07, 4.53130809319e-07, 1.81011088785e-07, 6.9992843521e-08, 2.18716262879e-08, 1.89742159762e-08, 1.75034013949e-08, 1.90667162059e-08, 1.3118186537e-08, 8.71736194341e-09, 5.67593083645e-09],
        "min": [1.04869022834e-05, 1.58497387019e-05, 9.73809892457e-06, 7.44712961023e-05, 6.91364175509e-06, 3.94406384885e-07, 7.88269801433e-07, 5.98441545208e-07, 2.26161296268e-06, 5.99814075031e-06, 3.97800840801e-06, 1.20785307445e-06, 1.42573571793e-06, 5.23791641172e-06, 1.1397966091e-06, 1.39623341511e-06, 3.44473801306e-06, 2.78807328868e-06, 2.61476861851e-06, 5.57295243198e-06, 3.04150580632e-06, 8.62606782448e-07, 1.14929775918e-06, 5.34357070592e-07, 2.69523468432e-07, 3.56558729209e-07, 1.35934726586e-07, 8.91552787152e-08, 6.85369982989e-08, 5.74747218707e-08, 4.81666262431e-08, 2.39544331038e-08, 7.35896366066e-09, 1.21454313273e-09, 1.25874810575e-09, 1.88468463058e-09, 2.16301110356e-09, 1.2852952036e-09, 8.64329885442e-10, 5.12959508203e-10],
        "var": [6.21215860974e-07, 6.7843980105e-06, 9.41850942127e-07, 8.15026578493e-06, 4.37208313997e-08, 2.56683971855e-08, 7.80515096999e-10, 2.88145152183e-09, 2.36199937831e-07, 1.82270539995e-07, 2.79305414352e-08, 2.21194662586e-09, 2.02696148754e-09, 4.56467539323e-08, 1.70330849425e-09, 2.6330940206e-10, 2.64604977929e-08, 2.01553348234e-07, 4.73204142537e-09, 4.88991211967e-08, 1.45845895361e-08, 1.52984425128e-09, 3.1831373648e-10, 7.86571502376e-11, 1.26698845859e-10, 1.41505964932e-11, 7.56050604067e-12, 1.46731411743e-12, 3.69251043587e-13, 8.47205064349e-13, 3.17889784591e-13, 8.40518518501e-14, 1.17580065421e-14, 1.39545755796e-15, 8.38740124124e-16, 2.33235657164e-16, 2.50333017204e-16, 1.64637132213e-16, 1.16028796576e-16, 3.12811616614e-17]
    },
    "mfcc": {
        "mean": [-665.055297852, 174.505508423, -62.4365959167, 35.7805366516, 20.5464725494, 14.3973426819, 4.73110151291, 4.43831253052, 18.4503650665, 8.06837558746, -5.67549085617, -10.2876415253, -18.4272041321],
        "cov": [[510.637268066, -31.2624320984, -99.2597732544, -45.8934364319, -60.2158241272, -32.7145347595, 7.66358327866, -14.1958770752, 22.6691684723, 1.07819008827, -7.22161197662, -36.0761413574, -38.1279335022], [-31.2624320984, 350.002044678, -74.2221221924, 41.2960891724, -9.00817203522, -58.5710868835, 28.346496582, 8.67059803009, 60.2314949036, 40.1334762573, 31.9481544495, 7.02403640747, 9.38420677185], [-99.2597732544, -74.2221221924, 217.446655273, 14.7861232758, -19.4098567963, -2.28188180923, 4.2795791626, 20.4149875641, -67.7203979492, -57.5119094849, -4.23587369919, -1.94412505627, -13.0692100525], [-45.8934364319, 41.2960891724, 14.7861232758, 163.74156189, 89.8346786499, 3.85573601723, -24.2580890656, 7.93038272858, 4.01730155945, 8.31797790527, -1.58268499374, -8.41132640839, 4.16564941406], [-60.2158241272, -9.00817203522, -19.4098567963, 89.8346786499, 133.080764771, 60.0582427979, -23.8685073853, 1.84540176392, 3.06086182594, 17.1416225433, -7.09064006805, -13.1804695129, 9.16534233093], [-32.7145347595, -58.5710868835, -2.28188180923, 3.85573601723, 60.0582427979, 96.1390914917, 14.678604126, -4.79215478897, -7.9180059433, 4.47563552856, -7.9741897583, -9.36204910278, -1.06037199497], [7.66358327866, 28.346496582, 4.2795791626, -24.2580890656, -23.8685073853, 14.678604126, 82.5265731812, 30.4917831421, 6.5722193718, 0.493527680635, 12.2167015076, -1.32964301109, -13.2638511658], [-14.1958770752, 8.67059803009, 20.4149875641, 7.93038272858, 1.84540176392, -4.79215478897, 30.4917831421, 78.2262115479, 14.4863071442, -2.9947822094, 6.71007394791, -2.28618574142, 2.83174848557], [22.6691684723, 60.2314949036, -67.7203979492, 4.01730155945, 3.06086182594, -7.9180059433, 6.5722193718, 14.4863071442, 78.0304336548, 39.210899353, 4.2809844017, 2.00791668892, 7.68383598328], [1.07819008827, 40.1334762573, -57.5119094849, 8.31797790527, 17.1416225433, 4.47563552856, 0.493527680635, -2.9947822094, 39.210899353, 69.0499649048, 26.441034317, 6.51240110397, 16.8159599304], [-7.22161197662, 31.9481544495, -4.23587369919, -1.58268499374, -7.09064006805, -7.9741897583, 12.2167015076, 6.71007394791, 4.2809844017, 26.441034317, 51.1105728149, 23.6151981354, 8.13155937195], [-36.0761413574, 7.02403640747, -1.94412505627, -8.41132640839, -13.1804695129, -9.36204910278, -1.32964301109, -2.28618574142, 2.00791668892, 6.51240110397, 23.6151981354, 51.151714325, 29.1242160797], [-38.1279335022, 9.38420677185, -13.0692100525, 4.16564941406, 9.16534233093, -1.06037199497, -13.2638511658, 2.83174848557, 7.68383598328, 16.8159599304, 8.13155937195, 29.1242160797, 57.0912666321]],
