{
"lowlevel": {
    "average_loudness": 0.98363929987,
    "barkbands_crest": {
        "dmean": 4.22448921204,
        "dmean2": 7.39076089859,
        "dvar": 9.71487522125,
        "dvar2": 30.9594783783,
        "max": 23.2884922028,
        "mean": 14.4602050781,
        "median": 14.0638246536,
        "min": 6.2246632576,
        "var": 14.1688222885
    },
    "barkbands_flatness_db": {
        "dmean": 0.0390834435821,
        "dmean2": 0.068734690547,
        "dvar": 0.000895454664715,
        "dvar2": 0.00259985611774,
        "max": 0.358520239592,
        "mean": 0.274319440126,
        "median": 0.279206365347,
        "min": 0.174165248871,
        "var": 0.00135074520949
    },
    "barkbands_kurtosis": {
        "dmean": 7.71301317215,
        "dmean2": 13.7017641068,
        "dvar": 47.5287208557,
        "dvar2": 131.524185181,
        "max": 38.5112724304,
        "mean": 12.1556386948,
        "median": 11.2059402466,
        "min": -0.593124389648,
        "var": 52.0349311829
    },
    "barkbands_skewness": {
        "dmean": 0.864928424358,
        "dmean2": 1.54257512093,
        "dvar": 0.562130451202,
        "dvar2": 1.55190217495,
        "max": 5.28725004196,
        "mean": 2.87634849548,
        "median": 2.79556131363,
        "min": 0.929826855659,
        "var": 0.658538579941
    },
    "barkbands_spread": {
        "dmean": 3.67677307129,
        "dmean2": 6.48047780991,
        "dvar": 11.8277750015,
        "dvar2": 34.1524848938,
        "max": 20.2374515533,
        "mean": 6.71866083145,
        "median": 5.86081790924,
        "min": 1.89722812176,
        "var": 12.4407320023
    },
    "dissonance": {
        "dmean": 0.0213909130543,
        "dmean2": 0.0354721434414,
        "dvar": 0.000235032275668,
        "dvar2": 0.000666523876134,
        "max": 0.499816983938,
        "mean": 0.457825452089,
        "median": 0.460440665483,
        "min": 0.384445548058,
        "var": 0.000420889642555
    },
    "dynamic_complexity": 1.16621088982,
    "erbbands_crest": {
        "dmean": 4.98159742355,
        "dmean2": 8.79988384247,
        "dvar": 13.2984619141,
        "dvar2": 36.9013023376,
        "max": 23.5581951141,
        "mean": 11.6630926132,
        "median": 11.2752227783,
        "min": 3.97047472,
        "var": 18.0099811554
    },
    "erbbands_flatness_db": {
        "dmean": 0.0221123099327,
        "dmean2": 0.0378611944616,
        "dvar": 0.000279369793134,
        "dvar2": 0.000747349346057,
        "max": 0.300716757774,
        "mean": 0.251890480518,
        "median": 0.250847578049,
        "min": 0.160723149776,
        "var": 0.000441449490609
    },
    "erbbands_kurtosis": {
        "dmean": 1.0611153841,
        "dmean2": 1.92585527897,
        "dvar": 1.66924011707,
        "dvar2": 4.61483430862,
        "max": 7.68495178223,
        "mean": -0.642788767815,
        "median": -1.02102100849,
        "min": -1.74995577335,
        "var": 1.38581168652
    },
    "erbbands_skewness": {
        "dmean": 0.693186104298,
        "dmean2": 1.20779466629,
        "dvar": 0.258335381746,
        "dvar2": 0.742182016373,
        "max": 2.89076137543,
        "mean": 0.62725430727,
        "median": 0.604807853699,
        "min": -1.16337239742,
        "var": 0.375067919493
    },
    "erbbands_spread": {
        "dmean": 7.68398857117,
        "dmean2": 13.5844259262,
        "dvar": 38.3208389282,
        "dvar2": 107.688713074,
        "max": 56.5885047913,
        "mean": 39.5988540649,
        "median": 39.8823814392,
        "min": 16.3072338104,
        "var": 57.7616424561
    },
    "hfc": {
        "dmean": 5.32057857513,
        "dmean2": 9.46184253693,
        "dvar": 16.0501728058,
        "dvar2": 43.3012962341,
        "max": 27.589302063,
        "mean": 12.9600353241,
        "median": 12.5557003021,
        "min": 0.322581201792,
        "var": 24.9716091156
    },
    "melbands_crest": {
        "dmean": 4.05432939529,
        "dmean2": 6.913667202,
        "dvar": 8.06923389435,
        "dvar2": 25.6906452179,
        "max": 28.1965103149,
        "mean": 16.8985290527,
        "median": 16.4558963776,
        "min": 8.18262767792,
        "var": 15.7322692871
    },
    "melbands_flatness_db": {
        "dmean": 0.0420498661697,
        "dmean2": 0.0732540637255,
        "dvar": 0.00107188161928,
        "dvar2": 0.00320179970004,
        "max": 0.482675373554,
        "mean": 0.379324138165,
        "median": 0.383884370327,
        "min": 0.261105626822,
        "var": 0.00178534502629
    },
    "melbands_kurtosis": {
        "dmean": 16.2900810242,
        "dmean2": 28.642660141,
        "dvar": 207.436279297,
        "dvar2": 572.827819824,
        "max": 84.3768615723,
        "mean": 31.2509880066,
        "median": 29.4651222229,
        "min": 3.17702388763,
        "var": 247.163223267
    },
    "melbands_skewness": {
        "dmean": 1.16035163403,
        "dmean2": 2.04152822495,
        "dvar": 0.99820625782,
        "dvar2": 2.78910255432,
        "max": 7.63751077652,
        "mean": 4.47044706345,
        "median": 4.3507437706,
        "min": 1.75620806217,
        "var": 1.24476957321
    },
    "melbands_spread": {
        "dmean": 3.41042351723,
        "dmean2": 6.02402210236,
        "dvar": 13.3136796951,
        "dvar2": 38.2318840027,
        "max": 23.2641048431,
        "mean": 5.89865064621,
        "median": 4.73618507385,
        "min": 1.62581717968,
        "var": 12.9908599854
    },
    "pitch_salience": {
        "dmean": 0.110169894993,
        "dmean2": 0.194382712245,
        "dvar": 0.00762612745166,
        "dvar2": 0.0209131594747,
        "max": 0.763443350792,
        "mean": 0.470546096563,
        "median": 0.499667674303,
        "min": 0.210897296667,
        "var": 0.0110409948975
    },
    "silence_rate_20dB": {
        "dmean": 0,
        "dmean2": 0,
        "dvar": 0,
        "dvar2": 0,
        "max": 1,
        "mean": 1,
        "median": 1,
        "min": 1,
        "var": 0
    },
    "silence_rate_30dB": {
        "dmean": 0,
        "dmean2": 0,
        "dvar": 0,
        "dvar2": 0,
        "max": 1,
        "mean": 1,
        "median": 1,
        "min": 1,
        "var": 0
    },
    "silence_rate_60dB": {
        "dmean": 0,
        "dmean2": 0,
        "dvar": 0,
        "dvar2": 0,
        "max": 0,
        "mean": 0,
        "median": 0,
        "min": 0,
        "var": 0
    },
    "spectral_centroid": {
        "dmean": 170.542785645,
        "dmean2": 301.269073486,
        "dvar": 21734.9628906,
        "dvar2": 59234.1328125,
        "max": 1061.26916504,
        "mean": 447.829376221,
        "median": 404.302215576,
        "min": 227.632476807,
        "var": 24508.0605469
    },
    "spectral_complexity": {
        "dmean": 2.60555553436,
        "dmean2": 4.17318439484,
        "dvar": 4.9388589859,
        "dvar2": 11.1264400482,
        "max": 23,
        "mean": 15.1270713806,
        "median": 15,
        "min": 2,
        "var": 14.6965456009
    },
    "spectral_decrease": {
        "dmean": 6.96300928027e-09,
        "dmean2": 1.24436807525e-08,
        "dvar": 2.65802231027e-17,
        "dvar2": 7.49952780634e-17,
        "max": -4.37265418318e-10,
        "mean": -1.33426061311e-08,
        "median": -1.2914774139e-08,
        "min": -2.86983592446e-08,
        "var": 3.1903691173e-17
    },
    "spectral_energy": {
        "dmean": 0.0267391875386,
        "dmean2": 0.0477835945785,
        "dvar": 0.000392099871533,
        "dvar2": 0.00110599969048,
        "max": 0.110422715545,
        "mean": 0.0515334941447,
        "median": 0.049917858094,
        "min": 0.00167960172985,
        "var": 0.000471071194625
    },
    "spectral_energyband_high": {
        "dmean": 4.36780919699e-06,
        "dmean2": 6.43340990791e-06,
        "dvar": 2.72695269143e-11,
        "dvar2": 5.96523386243e-11,
        "max": 5.87395697949e-05,
        "mean": 1.30742355395e-05,
        "median": 1.1171224287e-05,
        "min": 3.56496627774e-07,
        "var": 7.22703979994e-11
    },
    "spectral_energyband_low": {
        "dmean": 0.00734783196822,
        "dmean2": 0.0127171203494,
        "dvar": 4.16873735958e-05,
        "dvar2": 0.000114611102617,
        "max": 0.0442819520831,
        "mean": 0.0132708474994,
        "median": 0.00995906628668,
        "min": 0.000718779978342,
        "var": 0.000104488986835
    },
    "spectral_energyband_middle_high": {
        "dmean": 0.00075496599311,
        "dmean2": 0.0012030468788,
        "dvar": 3.87320170603e-07,
        "dvar2": 1.0372871202e-06,
        "max": 0.00523170828819,
        "mean": 0.00203146203421,
        "median": 0.00176289316732,
        "min": 3.78090917366e-05,
        "var": 1.03780678273e-06
    },
    "spectral_energyband_middle_low": {
        "dmean": 0.0260568782687,
        "dmean2": 0.0468521267176,
        "dvar": 0.000394049275201,
        "dvar2": 0.00108206667937,
        "max": 0.101855538785,
        "mean": 0.0373419858515,
        "median": 0.0329841189086,
        "min": 0.000955854309723,
        "var": 0.00049153220607
    },
    "spectral_entropy": {
        "dmean": 0.3440130651,
        "dmean2": 0.599259972572,
        "dvar": 0.0707690492272,
        "dvar2": 0.175060912967,
        "max": 8.5168390274,
        "mean": 6.59645843506,
        "median": 6.60703897476,
        "min": 5.67637443542,
        "var": 0.10343670845
    },
    "spectral_flux": {
        "dmean": 0.0408275537193,
        "dmean2": 0.0687246620655,
        "dvar": 0.00100424874108,
        "dvar2": 0.00281608407386,
        "max": 0.23263554275,
        "mean": 0.126877203584,
        "median": 0.12185330689,
        "min": 0.0513089224696,
        "var": 0.00156112073455
    },
    "spectral_kurtosis": {
        "dmean": 7.94852495193,
        "dmean2": 14.1725406647,
        "dvar": 31.7658367157,
        "dvar2": 90.8118286133,
        "max": 38.5950584412,
        "mean": 15.2231664658,
        "median": 14.6874294281,
        "min": 1.71884346008,
        "var": 55.2741508484
    },
    "spectral_rms": {
        "dmean": 0.00189613713883,
        "dmean2": 0.00336037832312,
        "dvar": 2.00151816898e-06,
        "dvar2": 5.61817796552e-06,
        "max": 0.010379280895,
        "mean": 0.00691585429013,
        "median": 0.00697856349871,
        "min": 0.00128009205218,
        "var": 2.44752800427e-06
    },
    "spectral_rolloff": {
        "dmean": 135.659179688,
        "dmean2": 256.954925537,
        "dvar": 57928.390625,
        "dvar2": 159658.875,
        "max": 1658.05664062,
        "mean": 299.085540771,
        "median": 215.33203125,
        "min": 86.1328125,
        "var": 40516.2695312
    },
    "spectral_skewness": {
        "dmean": 0.62925940752,
        "dmean2": 1.09840619564,
        "dvar": 0.203342601657,
        "dvar2": 0.581595718861,
        "max": 4.12381839752,
        "mean": 2.33188223839,
        "median": 2.31715893745,
        "min": 1.12530767918,
        "var": 0.374949574471
    },
    "spectral_spread": {
        "dmean": 405999.65625,
        "dmean2": 555830.6875,
        "dvar": 2.44450328576e+12,
        "dvar2": 1.06785059635e+12,
        "max": 29871822,
        "mean": 2146912.25,
        "median": 1925476.625,
        "min": 1508514.875,
        "var": 4.71175109018e+12
    },
    "spectral_strongpeak": {
        "dmean": 0.500941634178,
        "dmean2": 0.860146641731,
        "dvar": 0.193665057421,
        "dvar2": 0.523573577404,
        "max": 2.59926223755,
        "mean": 0.979867339134,
        "median": 0.93784224987,
        "min": 0,
        "var": 0.266649365425
    },
    "zerocrossingrate": {
        "dmean": 0.00406087236479,
        "dmean2": 0.00559750339016,
        "dvar": 1.01155073935e-05,
        "dvar2": 1.97934223252e-05,
        "max": 0.04150390625,
        "mean": 0.0186221301556,
        "median": 0.017578125,
        "min": 0.0029296875,
        "var": 3.54776748281e-05
    },
    "barkbands": {
        "dmean": [5.32816411578e-05, 0.00646740151569, 0.00150491215754, 0.00690002692863, 0.0215063206851, 0.000286132999463, 0.000458462629467, 0.000592350377701, 0.000479049776914, 0.00015097510186, 0.00010770890367, 4.32425076724e-05, 4.05328282795e-05, 0.000390045868699, 0.000102243997389, 0.000202491384698, 0.000138604795211, 3.56002383342e-05, 1.61120042321e-05, 3.20580011248e-06, 2.64620780399e-06, 7.98183123152e-07, 1.48684847545e-07, 1.01680939224e-07, 2.873209759e-08, 2.01207139838e-08, 2.16279172349e-08],
        "dmean2": [7.91003985796e-05, 0.0112918224186, 0.00259357900359, 0.0117066996172, 0.0390545725822, 0.000493215979077, 0.00079134630505, 0.00102020171471, 0.000766843557358, 0.000256919214735, 0.000184146862011, 7.17654984328e-05, 6.15491808276e-05, 0.000634227879345, 0.00017624348402, 0.000339915975928, 0.00023287293152, 5.87118120166e-05, 2.59211683442e-05, 5.15276133228e-06, 4.12797589888e-06, 1.27866928779e-06, 2.40274260932e-07, 1.58015410534e-07, 3.7787664553e-08, 2.42263702432e-08, 2.52975773662e-08],
        "dvar": [5.26151477942e-09, 3.98900083383e-05, 2.36876394411e-06, 2.43109443545e-05, 0.000309810071485, 9.82805232752e-08, 3.92564459162e-07, 3.39839971275e-07, 2.02457982823e-07, 3.02398781571e-08, 2.5731560882e-08, 3.05253333721e-09, 3.80549902701e-09, 1.45484719383e-07, 2.05646433216e-08, 4.07641778111e-08, 1.90095565955e-08, 1.64651403622e-09, 6.18244677675e-10, 1.25267973078e-11, 1.15444468221e-11, 3.80672273217e-12, 5.24709365313e-14, 4.18341678302e-14, 3.70882828843e-14, 3.76622391856e-14, 4.12107752979e-14],
        "dvar2": [1.01327639612e-08, 0.000114135735203, 6.68031816531e-06, 7.39066745155e-05, 0.000853415054735, 2.54627309459e-07, 1.07937125904e-06, 1.00451359231e-06, 5.58049407573e-07, 7.86562424082e-08, 6.96758419849e-08, 7.84007969656e-09, 8.52460679823e-09, 3.70101702174e-07, 5.85122954533e-08, 1.13897982601e-07, 5.47952474506e-08, 4.605194448e-09, 1.75741654562e-09, 2.85933759309e-11, 2.52323179711e-11, 8.84818347063e-12, 8.06863798865e-14, 5.24867387779e-14, 3.72166083758e-14, 3.78308665048e-14, 4.14861592616e-14],
        "max": [0.000799431989435, 0.0411509498954, 0.0141588589177, 0.0274830646813, 0.08777987957, 0.0029328702949, 0.00498338462785, 0.00358918821439, 0.00337160471827, 0.00102170580067, 0.00108779082075, 0.000453808199381, 0.000737062073313, 0.00400732317939, 0.00136675918475, 0.00168314576149, 0.00100775819737, 0.000403232668759, 0.000248907424975, 3.18803067785e-05, 3.44953332387e-05, 2.54120914178e-05, 3.18624734064e-06, 2.83654640043e-06, 2.65572725766e-06, 2.62393791672e-06, 2.77569961327e-06],
        "mean": [0.000115804978122, 0.0100156515837, 0.002070910763, 0.00849628355354, 0.0260769166052, 0.000412432069425, 0.00073236960452, 0.000755949877203, 0.000795926433057, 0.000215186475543, 0.000133553534397, 6.01832907705e-05, 7.49824830564e-05, 0.000615245837253, 0.000171377425431, 0.000383843900636, 0.000269330601441, 8.92524112714e-05, 3.10985633405e-05, 7.88067427493e-06, 7.17672492101e-06, 1.52856421209e-06, 3.32017094706e-07, 2.34094088114e-07, 6.01131873168e-08, 2.6751802551e-08, 5.1641439569e-08],
        "median": [5.68705982005e-05, 0.00702167861164, 0.00171682680957, 0.00728958006948, 0.0218941867352, 0.000302015221678, 0.0005284435465, 0.000599070859607, 0.000640866055619, 0.000133376917802, 7.67335368437e-05, 3.77036813006e-05, 3.70126654161e-05, 0.000424610130722, 0.00011432053725, 0.000341707724147, 0.000224379851716, 8.24624585221e-05, 2.41376255872e-05, 6.52576954963e-06, 5.69179064769e-06, 1.20515460367e-06, 2.6585880164e-07, 1.76532012119e-07, 4.19450678635e-08, 1.00511270418e-08, 3.36545085133e-08],
        "min": [5.863493584e-07, 0.000175841109012, 5.87016220379e-05, 0.00023881989182, 0.000581648084335, 2.62484136329e-05, 1.79220460268e-05, 3.08233074975e-06, 9.25420863496e-06, 3.06968377117e-06, 3.22658343066e-06, 1.92714196601e-06, 1.48348408402e-06, 1.80891802302e-05, 4.63290507469e-06, 1.53641690304e-06, 3.05741286866e-06, 1.37688311952e-06, 4.12145453765e-07, 6.69872477488e-08, 1.29149370309e-07, 4.99009900068e-08, 3.60832785873e-08, 2.90510033807e-08, 1.0857538868e-08, 2.1075052814e-09, 1.55006940616e-08],
        "var": [2.74616294149e-08, 9.35700008995e-05, 3.34415017278e-06, 3.45571243088e-05, 0.000356221600669, 1.48618312323e-07, 5.16120962857e-07, 3.79693119612e-07, 3.85568256434e-07, 4.49450112683e-08, 2.82605672197e-08, 4.49154535787e-09, 1.04334603179e-08, 3.46156951991e-07, 3.20154178723e-08, 7.56331175467e-08, 3.39239250025e-08, 2.6063331493e-09, 6.95367041725e-10, 2.79902264561e-11, 2.78641033857e-11, 4.27193913924e-12, 8.21797735114e-14, 5.73456077546e-14, 3.79348245524e-14, 3.75274084811e-14, 4.14075986498e-14]
    },
    "erbbands": {
        "dmean": [0.140794292092, 1.62299454212, 2.29443764687, 9.16377258301, 90.0182266235, 41.4140129089, 3.56713461876, 2.58880710602, 4.27312231064, 7.77623844147, 18.2494449615, 9.75281429291, 5.43424224854, 3.67988038063, 2.56576418877, 1.48680484295, 1.96853792667, 8.01156997681, 16.546585083, 8.12100315094, 7.22340202332, 8.59147930145, 2.29184579849, 1.83145189285, 0.234868735075, 0.126220688224, 0.118577852845, 0.0799897909164, 0.031873293221, 0.00418429123238, 0.00544088287279, 0.00295707327314, 0.00115517538507, 0.000421150733018, 0.00016919245536, 9.32935945457e-05, 3.66534804925e-05, 1.20467575471e-05, 1.39901185321e-05, 2.90177486022e-05],
        "dmean2": [0.247211024165, 2.82240557671, 3.97346782684, 15.784954071, 161.300262451, 72.2717590332, 6.26872158051, 4.39786148071, 7.48082256317, 13.0042257309, 30.7032012939, 15.8358688354, 9.39587879181, 6.21942234039, 4.14886903763, 2.52807283401, 3.11865210533, 13.1061792374, 27.1387844086, 13.883644104, 11.6893806458, 14.300743103, 3.69779443741, 3.01501059532, 0.389642000198, 0.202251076698, 0.18388530612, 0.121097788215, 0.0508514270186, 0.0061321859248, 0.00890754722059, 0.00459705619141, 0.00174817687366, 0.000583003042266, 0.000210565223824, 0.000114509828563, 4.41159172624e-05, 1.37436754812e-05, 2.32875281654e-05, 5.1997929404e-05],
        "dvar": [0.022482553497, 2.47474169731, 4.61175918579, 40.2444190979, 5135.01757812, 1091.09851074, 14.5905542374, 7.20536899567, 25.6608867645, 109.282531738, 296.320709229, 99.7061309814, 37.4945373535, 21.0561447144, 11.9759788513, 5.21412229538, 11.3108739853, 54.8523216248, 273.026702881, 64.4453811646, 63.9919395447, 66.8309783936, 7.46372127533, 6.27922344208, 0.116086311638, 0.0255623944104, 0.0226329825819, 0.00861204043031, 0.00438166363165, 6.8923793151e-05, 4.30294094258e-05, 2.19468511204e-05, 9.87262228591e-06, 4.7389280553e-06, 1.85895044069e-06, 6.00907014814e-07, 1.27885428469e-07, 1.60706505881e-08, 8.30470359148e-10, 4.68112937302e-10],
        "dvar2": [0.0693090558052, 6.85837030411, 11.8426380157, 120.366638184, 14503.0703125, 2985.54199219, 40.8525314331, 18.5387268066, 68.5942764282, 295.615539551, 837.01739502, 271.209289551, 102.386543274, 54.3263015747, 33.3639678955, 13.9505910873, 26.7836513519, 138.377700806, 715.427001953, 156.124130249, 187.32635498, 202.745040894, 19.7184696198, 18.4202957153, 0.320733398199, 0.0638649910688, 0.0512417964637, 0.0173140969127, 0.0102640744299, 7.71245104261e-05, 8.24414455565e-05, 3.32101662934e-05, 1.14909935292e-05, 4.81528513774e-06, 1.85849160061e-06, 6.00616772317e-07, 1.28459902271e-07, 1.61593067816e-08, 9.43916500518e-10, 1.31730981678e-09],
        "max": [0.972743690014, 10.5788002014, 15.6265029907, 34.8937530518, 335.489349365, 247.256347656, 30.4432964325, 29.0020828247, 39.4062576294, 72.185760498, 105.307281494, 80.7113723755, 39.1594543457, 39.4766426086, 23.668214798, 22.6457042694, 37.1073303223, 62.5550575256, 166.140045166, 59.557384491, 76.8285293579, 67.9334640503, 21.4537639618, 24.0318889618, 3.45157909393, 1.18440008163, 1.59133112431, 1.09924805164, 0.85318928957, 0.122954152524, 0.0841208845377, 0.0626361295581, 0.0436018966138, 0.0301204826683, 0.0186964645982, 0.0105917761102, 0.00484214397147, 0.00171701738145, 0.000408273597714, 0.00012141874322],
        "mean": [0.196433141828, 2.48306941986, 3.59487891197, 12.9635848999, 106.597862244, 53.615650177, 5.85978889465, 3.87435293198, 7.00323057175, 12.4136619568, 24.3791160583, 16.3907928467, 9.08310508728, 5.82554578781, 3.74846601486, 2.31306791306, 3.66493916512, 13.3601760864, 28.6233768463, 15.1110801697, 16.2392997742, 17.0356731415, 5.56722211838, 3.92857336998, 0.653719782829, 0.312640011311, 0.31006115675, 0.227331236005, 0.0703453123569, 0.0113142672926, 0.0115533946082, 0.00658091064543, 0.00273860618472, 0.000890702474862, 0.000349836482201, 0.000176244066097, 5.6324628531e-05, 1.93128162209e-05, 2.98382456094e-05, 5.76472812099e-05],
        "median": [0.117522649467, 1.56901860237, 2.94335341454, 11.7231407166, 86.7172088623, 45.1643371582, 5.01477050781, 2.94656085968, 5.35731935501, 8.5857629776, 18.5517559052, 12.8921031952, 6.40656137466, 3.71505236626, 2.55375218391, 1.63331758976, 1.98940098286, 10.688170433, 20.5211963654, 12.4796743393, 14.0343017578, 14.415845871, 4.96934556961, 3.26071476936, 0.579353928566, 0.260168075562, 0.263339132071, 0.181602537632, 0.0583108365536, 0.00970049016178, 0.00974437594414, 0.00505603058264, 0.00216147745959, 0.000645801366773, 0.00023718328157, 0.000107605599624, 2.85506775981e-05, 9.16579938348e-06, 2.70038908639e-05, 5.55726837774e-05],
        "min": [0.00319907232188, 0.0386155545712, 0.198446452618, 0.564546108246, 1.77072155476, 1.85882139206, 0.833917200565, 0.180556252599, 0.197225406766, 0.234460473061, 0.0611981153488, 0.204564318061, 0.174840569496, 0.100547209382, 0.13506115973, 0.0692116245627, 0.0736378356814, 0.415399521589, 0.824923753738, 0.187641456723, 0.0734080597758, 0.178047776222, 0.0551894567907, 0.0745531842113, 0.00819154269993, 0.00293475319631, 0.00342801795341, 0.00546936690807, 0.00225845910609, 0.00128706730902, 0.000957139127422, 0.000636809680145, 0.000486802862724, 0.000199728514417, 6.86176717863e-05, 4.24875579483e-05, 8.43795078254e-06, 3.80170922654e-06, 5.27766678715e-06, 2.2511219413e-06],
        "var": [0.0398756302893, 6.04698848724, 7.33941602707, 58.9418334961, 5926.82128906, 1705.32617188, 18.6421451569, 12.1899728775, 31.832780838, 155.879455566, 383.64855957, 167.256210327, 63.9197654724, 32.2696800232, 15.1226100922, 6.50647258759, 25.0617980957, 107.6720047, 650.338012695, 117.02117157, 129.367935181, 123.393119812, 11.2694015503, 7.69609498978, 0.147233828902, 0.0439628437161, 0.0527576357126, 0.0263389348984, 0.00517801195383, 0.000103982565633, 7.78750400059e-05, 3.40821788996e-05, 1.16147439257e-05, 4.91044829687e-06, 1.88032993265e-06, 6.05466709658e-07, 1.2739280919e-07, 1.60277178196e-08, 8.93575713423e-10, 5.55712587058e-10]
    },
    "gfcc": {
        "mean": [-73.866973877, 201.841934204, -129.121810913, 35.078666687, -9.17471599579, -18.9632225037, -28.3747577667, -8.52526187897, 1.17207217216, -22.0304679871, -22.0604820251, -24.9377689362, -1.98606276512],
        "cov": [[495.297485352, -21.0513896942, -155.213409424, -34.2487945557, -95.3167724609, -60.2127532959, -13.8819875717, -5.9636182785, -7.39304876328, -50.4907188416, -46.3175201416, -23.4344367981, 9.70456504822], [-21.0513896942, 123.74937439, 44.7082366943, 8.37828063965, 59.5440330505, 8.34517383575, 45.2797203064, 0.850044071674, 25.7161464691, 9.03535270691, 29.1550102234, -3.4176504612, 3.7759642601], [-155.213409424, 44.7082366943, 199.498214722, 38.3457489014, 67.6692352295, 23.4131698608, 26.3375816345, 21.8579349518, 14.6611833572, 20.7264823914, 17.3079681396, 12.6115312576, -2.76689815521], [-34.2487945557, 8.37828063965, 38.3457489014, 74.4249420166, 49.3499412537, 10.9459686279, 15.2428760529, 13.4209442139, 30.2183704376, 14.4857778549, 11.2748661041, 5.30074214935, 15.7506742477], [-95.3167724609, 59.5440330505, 67.6692352295, 49.3499412537, 115.455688477, 38.9131736755, 30.4647750854, -1.34608411789, 23.6404266357, 29.3393497467, 28.6177921295, -2.73202943802, 0.903035283089], [-60.2127532959, 8.34517383575, 23.4131698608, 10.9459686279, 38.9131736755, 75.5154953003, 41.2095985413, 20.3673267365, 16.8440952301, 22.9361457825, 27.1810436249, 13.1774120331, -0.131488710642], [-13.8819875717, 45.2797203064, 26.3375816345, 15.2428760529, 30.4647750854, 41.2095985413, 68.252166748, 30.6569499969, 20.1524467468, 13.5033311844, 21.8871898651, 15.0053625107, 4.45694875717], [-5.9636182785, 0.850044071674, 21.8579349518, 13.4209442139, -1.34608411789, 20.3673267365, 30.6569499969, 63.5129547119, 31.8962593079, 12.5930747986, 12.7895946503, 16.4673194885, -2.0044734478], [-7.39304876328, 25.7161464691, 14.6611833572, 30.2183704376, 23.6404266357, 16.8440952301, 20.1524467468, 31.8962593079, 52.3898010254, 27.0311717987, 11.2225408554, -3.27565574646, -0.499927848577], [-50.4907188416, 9.03535270691, 20.7264823914, 14.4857778549, 29.3393497467, 22.9361457825, 13.5033311844, 12.5930747986, 27.0311717987, 57.2561912537, 23.2438144684, 0.961100459099, -7.3418545723], [-46.3175201416, 29.1550102234, 17.3079681396, 11.2748661041, 28.6177921295, 27.1810436249, 21.8871898651, 12.7895946503, 11.2225408554, 23.2438144684, 46.8655586243, 21.6662864685, 1.40203154087], [-23.4344367981, -3.4176504612, 12.6115312576, 5.30074214935, -2.73202943802, 13.1774120331, 15.0053625107, 16.4673194885, -3.27565574646, 0.961100459099, 21.6662864685, 50.1365661621, 14.804693222], [9.70456504822, 3.7759642601, -2.76689815521, 15.7506742477, 0.903035283089, -0.131488710642, 4.45694875717, -2.0044734478, -0.499927848577, -7.3418545723, 1.40203154087, 14.804693222, 31.3614120483]],
        "icov": [[0.00334069039673, -0.00021824229043, 0.00208622496575, -1.14318590931e-05, 0.00120679941028, 0.00185068196151, -0.00196451251395, -0.000185703029274, -0.00115343404468, 0.00139941438101, 0.000996853574179, 0.000942004902754, -0.000757377769332], [-0.00021824229043, 0.0444094948471, -0.00740743661299, 0.0311317555606, -0.0210907626897, 0.0289891082793, -0.0350594036281, 0.0220736879855, -0.0406568907201, 0.0198931656778, -0.0306539349258, 0.0102928178385, -0.0139256473631], [0.00208622496575, -0.00740743661299, 0.00957310758531, -0.00678888661787, -0.000326240027789, -0.00280613382347, 0.00428387150168, -0.00709804706275, 0.00899492390454, -0.00365847651847, 0.00755972182378, -0.00321209616959, 0.00390092120506], [-1.14318590931e-05, 0.0311317555606, -0.00678888661787, 0.0509812198579, -0.0259932223707, 0.0240540597588, -0.0223423819989, 0.0135087175295, -0.0419645234942, 0.0153475422412, -0.0198810361326, 0.00554896797985, -0.0238668639213], [0.00120679941028, -0.0210907626897, -0.000326240027789, -0.0259932223707, 0.0326293557882, -0.0189841520041, 0.0112333912402, -0.000397609197535, 0.0167859196663, -0.010084470734, 0.00689327064902, 0.000937661039643, 0.00970670487732], [0.00185068196151, 0.0289891082793, -0.00280613382347, 0.0240540597588, -0.0189841520041, 0.0443202741444, -0.0339388698339, 0.011886565946, -0.0269299279898, 0.0102139925584, -0.0233699474484, 0.00558385299519, -0.009705173783], [-0.00196451251395, -0.0350594036281, 0.00428387150168, -0.0223423819989, 0.0112333912402, -0.0339388698339, 0.0570722036064, -0.0275637004524, 0.0315395817161, -0.0139547418803, 0.0207471158355, -0.00913876481354, 0.00671224296093], [-0.000185703029274, 0.0220736879855, -0.00709804706275, 0.0135087175295, -0.000397609197535, 0.011886565946, -0.0275637004524, 0.0485293380916, -0.0436679013073, 0.0140839656815, -0.0151063846424, -0.00669006630778, 0.00350383273326], [-0.00115343404468, -0.0406568907201, 0.00899492390454, -0.0419645234942, 0.0167859196663, -0.0269299279898, 0.0315395817161, -0.0436679013073, 0.0883608385921, -0.0346396304667, 0.0276518482715, 0.00337636005133, 0.00972116738558], [0.00139941438101, 0.0198931656778, -0.00365847651847, 0.0153475422412, -0.010084470734, 0.0102139925584, -0.0139547418803, 0.0140839656815, -0.0346396304667, 0.0405409038067, -0.0246731024235, 0.00527297239751, -8.99636288523e-05], [0.000996853574179, -0.0306539349258, 0.00755972182378, -0.0198810361326, 0.00689327064902, -0.0233699474484, 0.0207471158355, -0.0151063846424, 0.0276518482715, -0.0246731024235, 0.0642453357577, -0.0256959348917, 0.0137464459985], [0.000942004902754, 0.0102928178385, -0.00321209616959, 0.00554896797985, 0.000937661039643, 0.00558385299519, -0.00913876481354, -0.00669006630778, 0.00337636005133, 0.00527297239751, -0.0256959348917, 0.0423324033618, -0.0212801825255], [-0.000757377769332, -0.0139256473631, 0.00390092120506, -0.0238668639213, 0.00970670487732, -0.009705173783, 0.00671224296093, 0.00350383273326, 0.00972116738558, -8.99636288523e-05, 0.0137464459985, -0.0212801825255, 0.0546430759132]]
    },
    "melbands": {
        "dmean": [0.00158476165961, 0.00151027855463, 0.00406382326037, 0.00544805964455, 0.000234197301324, 5.67223760299e-05, 7.41819676477e-05, 7.59449831094e-05, 0.00016338955902, 5.55275255465e-05, 2.7990401577e-05, 1.53331784531e-05, 1.20724826047e-05, 4.62367370346e-06, 4.63378728455e-06, 3.61310185326e-06, 1.95691136469e-05, 3.61046477337e-05, 8.41753353598e-06, 1.73322241608e-05, 8.0572654042e-06, 1.02583198895e-05, 4.53097254649e-06, 1.52238430928e-06, 1.6057325638e-06, 2.29667051599e-07, 1.30781003804e-07, 9.47601606072e-08, 6.10400121559e-08, 1.06246353937e-07, 3.78184807914e-08, 2.55394958515e-08, 4.26010293708e-09, 1.90986226833e-09, 3.7753107307e-09, 1.94191129843e-09, 1.95277727322e-09, 9.78873315738e-10, 5.36961475284e-10, 3.25252186295e-10],
        "dmean2": [0.00278680725023, 0.00262793083675, 0.00712910061702, 0.0098340222612, 0.000386755506042, 9.68192252913e-05, 0.000127958148369, 0.000127046616399, 0.000273942045169, 8.99851438589e-05, 4.83876501676e-05, 2.5969948183e-05, 2.0269642846e-05, 7.4705053521e-06, 7.78429512138e-06, 5.77099126531e-06, 3.16839141306e-05, 5.93300355831e-05, 1.42770322782e-05, 3.02229127556e-05, 1.2935117411e-05, 1.71558222064e-05, 7.65984896134e-06, 2.46293916462e-06, 2.63902711595e-06, 3.90482995272e-07, 2.22531653549e-07, 1.5779089324e-07, 9.40003417327e-08, 1.6986183482e-07, 5.68197329187e-08, 4.16133190129e-08, 6.74126487965e-09, 2.85578982684e-09, 6.24969587193e-09, 3.09084047245e-09, 3.09498027207e-09, 1.53026535887e-09, 7.80869313655e-10, 4.62847343785e-10],
        "dvar": [2.61743980445e-06, 1.96044970835e-06, 8.90526189323e-06, 1.93610812858e-05, 5.2571628828e-08, 3.48183837318e-09, 8.81743833503e-09, 9.07840558284e-09, 2.28416965342e-08, 3.3939961952e-09, 9.99801019752e-10, 3.5167638246e-10, 3.25230342657e-10, 4.11626219221e-11, 4.30665468565e-11, 3.09302444768e-11, 3.25791726929e-10, 1.35727973305e-09, 8.69398095182e-11, 3.24083510028e-10, 9.89163057019e-11, 1.00488617427e-10, 2.93679663921e-11, 2.90118601885e-12, 5.05990605318e-12, 1.87413303735e-13, 1.57814824983e-14, 1.65646813486e-14, 5.26334542018e-15, 2.42332992188e-14, 2.9874307831e-15, 3.52903741386e-15, 3.45102927931e-17, 2.16515848825e-17, 1.823474e-17, 9.92863317604e-18, 8.63439495678e-18, 4.81560274877e-18, 4.68393586118e-18, 3.04043262239e-18],
        "dvar2": [7.95902633399e-06, 4.80515836898e-06, 2.49865988735e-05, 5.39285683772e-05, 1.48282964574e-07, 8.68656258035e-09, 2.46371971713e-08, 2.47944509368e-08, 6.22567668529e-08, 9.25667542617e-09, 2.78740275306e-09, 8.92023233057e-10, 8.90579276991e-10, 9.65959118249e-11, 1.19329657267e-10, 6.34679253597e-11, 8.30819912867e-10, 3.48570505793e-09, 2.38987135637e-10, 8.14507461477e-10, 2.65684307887e-10, 3.05575426074e-10, 7.45516565148e-11, 8.28291168292e-12, 1.46999652034e-11, 5.27550442567e-13, 3.6200731269e-14, 4.22881063391e-14, 1.16373585573e-14, 5.33448509161e-14, 6.38597917154e-15, 8.40587704152e-15, 6.17078656024e-17, 2.42233324203e-17, 3.93476251629e-17, 1.68710301898e-17, 1.49531110236e-17, 6.26031173891e-18, 4.92559667714e-18, 3.07862189691e-18],
        "max": [0.00966445542872, 0.00961324106902, 0.0149346627295, 0.0222988966852, 0.00216566165909, 0.000633459130768, 0.000778276706114, 0.00066031498136, 0.00098956481088, 0.000446388701675, 0.000194089181605, 0.0001606499427, 0.000128266285174, 4.40969088231e-05, 5.69238291064e-05, 6.41110382276e-05, 0.000162242227816, 0.000380783691071, 8.61072694534e-05, 0.00012794356735, 9.82905039564e-05, 8.43227244332e-05, 3.41457525792e-05, 1.68943861354e-05, 2.16593289224e-05, 4.30411500929e-06, 9.62298258855e-07, 9.34625404625e-07, 7.26527275674e-07, 1.47338391798e-06, 6.60700436583e-07, 7.64190076552e-07, 6.956735632e-08, 6.76767939467e-08, 5.14953271136e-08, 4.01260820126e-08, 3.524102965e-08, 2.95845623555e-08, 2.9810557578e-08, 2.40105588745e-08],
        "mean": [0.00234806048684, 0.00250224256888, 0.00524125574157, 0.00679007219151, 0.000318890059134, 8.30111239338e-05, 0.000121600925922, 0.000124407481053, 0.000216653497773, 9.37713994063e-05, 4.42015116278e-05, 2.40755452978e-05, 1.5670522771e-05, 6.64536673867e-06, 7.12019254934e-06, 6.59251008983e-06, 3.07779482682e-05, 5.99058512307e-05, 1.44692576214e-05, 2.60155411524e-05, 1.67859179783e-05, 1.95047268789e-05, 8.43323869049e-06, 3.43569149663e-06, 3.2488155739e-06, 4.76909065128e-07, 2.91735233304e-07, 1.90793741695e-07, 1.55526592494e-07, 2.51401274909e-07, 9.01793555386e-08, 4.87380127367e-08, 9.11737618736e-09, 4.23087387347e-09, 7.48657225103e-09, 4.03898470225e-09, 4.10492884129e-09, 2.10840811476e-09, 1.0948641993e-09, 5.68817937197e-10],
        "median": [0.00158658076543, 0.00172056746669, 0.00464054755867, 0.00582678243518, 0.000244232011028, 6.30314680166e-05, 9.47715016082e-05, 8.63601308083e-05, 0.000167923688423, 7.24069468561e-05, 3.06806941808e-05, 1.57571503223e-05, 1.0523202036e-05, 3.79087759939e-06, 4.60102410216e-06, 3.32189802066e-06, 2.30211953749e-05, 4.33772656834e-05, 1.11560484584e-05, 2.08917608688e-05, 1.35535265144e-05, 1.61502612173e-05, 6.78493415762e-06, 2.94596657113e-06, 2.63892616204e-06, 3.73350047767e-07, 2.49221557169e-07, 1.48253079146e-07, 1.22068044561e-07, 1.87489249015e-07, 7.04395404227e-08, 3.98014954328e-08, 7.73474173599e-09, 3.2832305763e-09, 5.98494365178e-09, 3.09724823566e-09, 3.12729242502e-09, 1.69764347024e-09, 7.90282561614e-10, 3.77479963953e-10],
        "min": [3.7830985093e-05, 0.000102380094177, 0.00013185046555, 0.000155317640747, 2.69814900093e-05, 4.12084682466e-06, 3.2367388485e-06, 2.17260821955e-06, 4.45020731377e-07, 1.41533348597e-06, 8.28505619666e-07, 3.58077869578e-07, 4.54800385796e-07, 2.3625761969e-07, 1.73280753302e-07, 1.22067746133e-07, 9.48876902385e-07, 1.79197638772e-06, 2.51533521123e-07, 1.65360148685e-07, 6.83088572373e-08, 2.31174070109e-07, 4.64479157358e-08, 6.10581238902e-08, 6.36926529296e-08, 5.61311885861e-09, 2.74118105992e-09, 1.564081753e-09, 1.36934452666e-09, 3.85831988581e-09, 2.62974775289e-09, 1.37519218235e-09, 7.34824145976e-10, 5.53182943897e-10, 5.48454448523e-10, 4.57549526045e-10, 3.82964049361e-10, 3.32982363904e-10, 2.50967135962e-10, 8.15139691857e-11],
        "var": [5.17069202033e-06, 4.45416617367e-06, 1.16010969577e-05, 2.29421020776e-05, 8.79302817225e-08, 5.77305581118e-09, 1.0870849998e-08, 1.32923068108e-08, 3.1741475226e-08, 5.94990989811e-09, 1.65049895973e-09, 5.47964340569e-10, 3.58057750116e-10, 6.02538297034e-11, 6.34149260881e-11, 9.63483459682e-11, 6.59063303932e-10, 3.23007065539e-09, 1.69801464556e-10, 4.58185517305e-10, 1.89562004982e-10, 1.77168765769e-10, 3.8860414886e-11, 4.4758884099e-12, 6.10524174618e-12, 1.62520360667e-13, 3.78647376583e-14, 2.3394018317e-14, 1.3785627235e-14, 4.56987217707e-14, 5.94246297948e-15, 3.8687412479e-15, 5.33060101409e-17, 2.73795277286e-17, 3.34453672376e-17, 1.32583246548e-17, 1.33070282221e-17, 5.844657617e-18, 4.9057331755e-18, 3.12831373823e-18]
    },
    "mfcc": {
        "mean": [-715.344360352, 224.345993042, -33.984500885, 53.0657577515, 28.750125885, 4.00219774246, -11.1778554916, 3.17629170418, 16.5773544312, 3.80021619797, -2.41937708855, -3.13503503799, -23.1081562042],
        "cov": [[595.772338867, -28.0976066589, -171.892440796, -16.4874992371, -133.366714478, -51.5394859314, -80.4874649048, 8.76253604889, -3.41060781479, -9.21190834045, -78.6447601318, -5.18124818802, -20.8942661285], [-28.0976066589, 120.639160156, 24.4759521484, 9.50735569, 22.5392436981, 13.4410791397, 36.6328086853, 4.76227521896, 8.83386325836, 4.20473432541, 33.1465263367, 4.24243688583, 10.3307275772], [-171.892440796, 24.4759521484, 133.614883423, 25.655040741, 37.4329299927, 6.86057853699, 23.5759735107, 19.2722816467, 14.7346601486, 11.7380218506, 26.7821350098, -1.70650291443, 15.1443395615], [-16.4874992371, 9.50735569, 25.655040741, 81.8716278076, 42.4190483093, 5.94826126099, -0.596121191978, -2.68346405029, 24.0094642639, 13.0181856155, 11.3556156158, -1.33878862858, 0.993793725967], [-133.366714478, 22.5392436981, 37.4329299927, 42.4190483093, 94.0489578247, 39.378818512, 26.6497020721, -6.50207805634, 8.72707462311, 16.9582080841, 33.9742240906, 6.27582454681, 2.26905202866], [-51.5394859314, 13.4410791397, 6.86057853699, 5.94826126099, 39.378818512, 61.8081970215, 40.0787811279, -3.89682435989, 8.39441776276, 9.85873222351, 20.5400276184, 12.2537908554, 1.35761189461], [-80.4874649048, 36.6328086853, 23.5759735107, -0.596121191978, 26.6497020721, 40.0787811279, 72.8795166016, 18.2024841309, 6.46516609192, 2.93333768845, 30.2617588043, 19.7322597504, 11.0683097839], [8.76253604889, 4.76227521896, 19.2722816467, -2.68346405029, -6.50207805634, -3.89682435989, 18.2024841309, 62.7474899292, 18.9649868011, -2.61086988449, 3.463337183, 8.81721973419, 17.3625144958], [-3.41060781479, 8.83386325836, 14.7346601486, 24.0094642639, 8.72707462311, 8.39441776276, 6.46516609192, 18.9649868011, 47.5965042114, 21.273557663, 10.2406568527, 3.76542425156, 3.75573968887], [-9.21190834045, 4.20473432541, 11.7380218506, 13.0181856155, 16.9582080841, 9.85873222351, 2.93333768845, -2.61086988449, 21.273557663, 50.5472984314, 31.4155807495, 3.97170114517, -3.44736814499], [-78.6447601318, 33.1465263367, 26.7821350098, 11.3556156158, 33.9742240906, 20.5400276184, 30.2617588043, 3.463337183, 10.2406568527, 31.4155807495, 70.5971984863, 27.084356308, 7.126932621], [-5.18124818802, 4.24243688583, -1.70650291443, -1.33878862858, 6.27582454681, 12.2537908554, 19.7322597504, 8.81721973419, 3.76542425156, 3.97170114517, 27.084356308, 47.0699501038, 17.1024551392], [-20.8942661285, 10.3307275772, 15.1443395615, 0.993793725967, 2.26905202866, 1.35761189461, 11.0683097839, 17.3625144958, 3.75573968887, -3.44736814499, 7.126932621, 17.1024551392, 37.2468910217]],
