{
"lowlevel": {
    "average_loudness": 0.986135542393,
    "barkbands_crest": {
        "dmean": 4.66484165192,
        "dmean2": 7.92770242691,
        "dvar": 11.0309705734,
        "dvar2": 32.6449890137,
        "max": 25.5655498505,
        "mean": 17.3337249756,
        "median": 17.4053707123,
        "min": 5.68574619293,
        "var": 25.1702327728
    },
    "barkbands_flatness_db": {
        "dmean": 0.0362335294485,
        "dmean2": 0.0592574067414,
        "dvar": 0.000810807163361,
        "dvar2": 0.00208999193273,
        "max": 0.373391002417,
        "mean": 0.269155979156,
        "median": 0.268111348152,
        "min": 0.153551891446,
        "var": 0.00142870109994
    },
    "barkbands_kurtosis": {
        "dmean": 13.131061554,
        "dmean2": 20.7405452728,
        "dvar": 229.983703613,
        "dvar2": 510.220001221,
        "max": 131.253082275,
        "mean": 20.7372322083,
        "median": 14.139995575,
        "min": 0.333537340164,
        "var": 385.758300781
    },
    "barkbands_skewness": {
        "dmean": 1.22420072556,
        "dmean2": 1.94322490692,
        "dvar": 1.13637888432,
        "dvar2": 2.70606851578,
        "max": 10.3283929825,
        "mean": 3.95226454735,
        "median": 3.45458292961,
        "min": 1.37656903267,
        "var": 2.45002698898
    },
    "barkbands_spread": {
        "dmean": 3.86668252945,
        "dmean2": 6.45091342926,
        "dvar": 11.2872648239,
        "dvar2": 30.7246894836,
        "max": 26.6721401215,
        "mean": 8.23673439026,
        "median": 7.44819974899,
        "min": 1.16173171997,
        "var": 19.6670894623
    },
    "dissonance": {
        "dmean": 0.0122946463525,
        "dmean2": 0.021581357345,
        "dvar": 0.000163087112014,
        "dvar2": 0.000318770034937,
        "max": 0.498103708029,
        "mean": 0.477826744318,
        "median": 0.479975044727,
        "min": 0.344208031893,
        "var": 0.000200354217668
    },
    "dynamic_complexity": 0.952049314976,
    "erbbands_crest": {
        "dmean": 2.57185387611,
        "dmean2": 4.47115039825,
        "dvar": 4.3908829689,
        "dvar2": 12.1899356842,
        "max": 16.4945354462,
        "mean": 7.67858219147,
        "median": 7.20397281647,
        "min": 3.4198589325,
        "var": 5.99927616119
    },
    "erbbands_flatness_db": {
        "dmean": 0.0115944808349,
        "dmean2": 0.019931672141,
        "dvar": 8.87427813723e-05,
        "dvar2": 0.000208893310628,
        "max": 0.249224603176,
        "mean": 0.200707420707,
        "median": 0.196759536862,
        "min": 0.141172677279,
        "var": 0.000395627663238
    },
    "erbbands_kurtosis": {
        "dmean": 0.516694009304,
        "dmean2": 0.905271410942,
        "dvar": 0.421929717064,
        "dvar2": 1.07424914837,
        "max": 2.04965925217,
        "mean": -1.10552537441,
        "median": -1.27499008179,
        "min": -1.77446675301,
        "var": 0.394845753908
    },
    "erbbands_skewness": {
        "dmean": 0.508581697941,
        "dmean2": 0.878301501274,
        "dvar": 0.149091988802,
        "dvar2": 0.399827808142,
        "max": 0.938941121101,
        "mean": -0.178818508983,
        "median": -0.167425006628,
        "min": -1.66738569736,
        "var": 0.284234255552
    },
    "erbbands_spread": {
        "dmean": 8.24258518219,
        "dmean2": 13.8290996552,
        "dvar": 46.6297836304,
        "dvar2": 119.672660828,
        "max": 79.8625564575,
        "mean": 55.972114563,
        "median": 56.9212341309,
        "min": 28.2124595642,
        "var": 81.1021957397
    },
    "hfc": {
        "dmean": 4.46274328232,
        "dmean2": 7.46807765961,
        "dvar": 13.1526050568,
        "dvar2": 35.3037033081,
        "max": 45.6145744324,
        "mean": 18.6788692474,
        "median": 16.9348201752,
        "min": 0.399299532175,
        "var": 43.467502594
    },
    "melbands_crest": {
        "dmean": 3.47506761551,
        "dmean2": 5.65041637421,
        "dvar": 6.80900907516,
        "dvar2": 16.7717456818,
        "max": 26.5238418579,
        "mean": 18.8051357269,
        "median": 18.9008407593,
        "min": 8.2279176712,
        "var": 14.7917852402
    },
    "melbands_flatness_db": {
        "dmean": 0.0410845167935,
        "dmean2": 0.068778924644,
        "dvar": 0.00103280646726,
        "dvar2": 0.00256269401871,
        "max": 0.488227069378,
        "mean": 0.369857668877,
        "median": 0.367444097996,
        "min": 0.240346252918,
        "var": 0.00184345117304
    },
    "melbands_kurtosis": {
        "dmean": 30.0589237213,
        "dmean2": 48.0021858215,
        "dvar": 797.454528809,
        "dvar2": 1902.38342285,
        "max": 216.914321899,
        "mean": 58.5591659546,
        "median": 46.0267524719,
        "min": 8.20852565765,
        "var": 1526.88891602
    },
    "melbands_skewness": {
        "dmean": 1.53926479816,
        "dmean2": 2.5104777813,
        "dvar": 1.44458127022,
        "dvar2": 3.65087032318,
        "max": 11.6281585693,
        "mean": 6.29324293137,
        "median": 5.90558338165,
        "min": 2.88273477554,
        "var": 3.02432703972
    },
    "melbands_spread": {
        "dmean": 2.79727077484,
        "dmean2": 4.6718082428,
        "dvar": 6.7891626358,
        "dvar2": 18.6860656738,
        "max": 21.435508728,
        "mean": 5.47365140915,
        "median": 4.82822465897,
        "min": 0.857898592949,
        "var": 10.6750488281
    },
    "pitch_salience": {
        "dmean": 0.115411356091,
        "dmean2": 0.199600279331,
        "dvar": 0.00656957644969,
        "dvar2": 0.017032591626,
        "max": 0.833952903748,
        "mean": 0.412999689579,
        "median": 0.431668072939,
        "min": 0.142753556371,
        "var": 0.0131848985329
    },
    "silence_rate_20dB": {
        "dmean": 0,
        "dmean2": 0,
        "dvar": 0,
        "dvar2": 0,
        "max": 1,
        "mean": 1,
        "median": 1,
        "min": 1,
        "var": 0
    },
    "silence_rate_30dB": {
        "dmean": 0.291666656733,
        "dmean2": 0.58158993721,
        "dvar": 0.206596836448,
        "dvar2": 0.35212957859,
        "max": 1,
        "mean": 0.53941911459,
        "median": 1,
        "min": 0,
        "var": 0.248446553946
    },
    "silence_rate_60dB": {
        "dmean": 0,
        "dmean2": 0,
        "dvar": 0,
        "dvar2": 0,
        "max": 0,
        "mean": 0,
        "median": 0,
        "min": 0,
        "var": 0
    },
    "spectral_centroid": {
        "dmean": 292.400177002,
        "dmean2": 511.086486816,
        "dvar": 47600.4765625,
        "dvar2": 131769.21875,
        "max": 1536.26696777,
        "mean": 811.41986084,
        "median": 762.875976562,
        "min": 365.1690979,
        "var": 72921.6953125
    },
    "spectral_complexity": {
        "dmean": 3.78333330154,
        "dmean2": 5.853556633,
        "dvar": 10.9447193146,
        "dvar2": 22.2003192902,
        "max": 35,
        "mean": 20.9875526428,
        "median": 21,
        "min": 1,
        "var": 29.2072849274
    },
    "spectral_decrease": {
        "dmean": 1.12286731024e-08,
        "dmean2": 1.99858494199e-08,
        "dvar": 6.26608041378e-17,
        "dvar2": 1.77483763287e-16,
        "max": -2.29072164015e-10,
        "mean": -2.63592863092e-08,
        "median": -2.67766004924e-08,
        "min": -4.94807004259e-08,
        "var": 9.44323945669e-17
    },
    "spectral_energy": {
        "dmean": 0.042661819607,
        "dmean2": 0.0759765431285,
        "dvar": 0.000904640124645,
        "dvar2": 0.00256479089148,
        "max": 0.188364997506,
        "mean": 0.101180106401,
        "median": 0.103496722877,
        "min": 0.000900785555132,
        "var": 0.00136310595553
    },
    "spectral_energyband_high": {
        "dmean": 5.7950768678e-05,
        "dmean2": 9.48674423853e-05,
        "dvar": 3.90660170879e-09,
        "dvar2": 1.07030784235e-08,
        "max": 0.000468105310574,
        "mean": 0.000118110932817,
        "median": 9.9704535387e-05,
        "min": 1.38702471304e-05,
        "var": 5.64989788288e-09
    },
    "spectral_energyband_low": {
        "dmean": 0.0430654361844,
        "dmean2": 0.0764896124601,
        "dvar": 0.00096525560366,
        "dvar2": 0.00260993558913,
        "max": 0.176727682352,
        "mean": 0.0759965255857,
        "median": 0.0697019845247,
        "min": 0.000316198042128,
        "var": 0.00152945669834
    },
    "spectral_energyband_middle_high": {
        "dmean": 0.00129872700199,
        "dmean2": 0.00197763671167,
        "dvar": 2.14771671381e-06,
        "dvar2": 4.56487441625e-06,
        "max": 0.0152850188315,
        "mean": 0.0040342011489,
        "median": 0.00342447403818,
        "min": 7.50415711082e-05,
        "var": 6.27334065939e-06
    },
    "spectral_energyband_middle_low": {
        "dmean": 0.0160364005715,
        "dmean2": 0.0282892081887,
        "dvar": 0.000191729559447,
        "dvar2": 0.000510435027536,
        "max": 0.124783024192,
        "mean": 0.0226065218449,
        "median": 0.0165181290358,
        "min": 0.000512118684128,
        "var": 0.000289745512418
    },
    "spectral_entropy": {
        "dmean": 0.197373330593,
        "dmean2": 0.343849003315,
        "dvar": 0.0193135980517,
        "dvar2": 0.0575241260231,
        "max": 8.01375007629,
        "mean": 7.19636201859,
        "median": 7.21218442917,
        "min": 6.76124858856,
        "var": 0.0329930447042
    },
    "spectral_flux": {
        "dmean": 0.048061363399,
        "dmean2": 0.0770703628659,
        "dvar": 0.00148276856635,
        "dvar2": 0.00360941467807,
        "max": 0.3569624722,
        "mean": 0.154213547707,
        "median": 0.150886639953,
        "min": 0.0546671636403,
        "var": 0.00266276160255
    },
    "spectral_kurtosis": {
        "dmean": 4.05483531952,
        "dmean2": 7.17669057846,
        "dvar": 10.0902910233,
        "dvar2": 30.4263725281,
        "max": 21.0128211975,
        "mean": 5.4228272438,
        "median": 4.8458237648,
        "min": 0.294128417969,
        "var": 13.3234157562
    },
    "spectral_rms": {
        "dmean": 0.00218877545558,
        "dmean2": 0.0038700371515,
        "dvar": 2.56849716607e-06,
        "dvar2": 7.16765089237e-06,
        "max": 0.0135562056676,
        "mean": 0.0097458222881,
        "median": 0.0100485030562,
        "min": 0.000937451433856,
        "var": 3.73121815755e-06
    },
    "spectral_rolloff": {
        "dmean": 86.5814208984,
        "dmean2": 161.544067383,
        "dvar": 40210.3789062,
        "dvar2": 114638.554688,
        "max": 1658.05664062,
        "mean": 195.496429443,
        "median": 193.798828125,
        "min": 86.1328125,
        "var": 25260.921875
    },
    "spectral_skewness": {
        "dmean": 0.383420914412,
        "dmean2": 0.661734819412,
        "dvar": 0.0975799039006,
        "dvar2": 0.275847375393,
        "max": 3.35125732422,
        "mean": 1.19720840454,
        "median": 1.16791605949,
        "min": 0.459112048149,
        "var": 0.154337406158
    },
    "spectral_spread": {
        "dmean": 204837.671875,
        "dmean2": 306530.53125,
        "dvar": 279654006784,
        "dvar2": 208486989824,
        "max": 12436980,
        "mean": 2605031.5,
        "median": 2538361.75,
        "min": 2024406.875,
        "var": 483797827584
    },
    "spectral_strongpeak": {
        "dmean": 0.361221581697,
        "dmean2": 0.636129379272,
        "dvar": 0.101925335824,
        "dvar2": 0.278050154448,
        "max": 2.34666132927,
        "mean": 0.748868107796,
        "median": 0.672335386276,
        "min": 0,
        "var": 0.116771526635
    },
    "zerocrossingrate": {
        "dmean": 0.00495198555291,
        "dmean2": 0.00667862500995,
        "dvar": 1.66070276464e-05,
        "dvar2": 2.71160643024e-05,
        "max": 0.03759765625,
        "mean": 0.0172012764961,
        "median": 0.01708984375,
        "min": 0.00390625,
        "var": 5.02681723447e-05
    },
    "barkbands": {
        "dmean": [0.000191101498785, 0.041870739311, 0.00433575827628, 0.00543982395902, 0.0122741702944, 0.000255420163739, 0.000276176724583, 0.000159728195285, 0.000342284794897, 0.000293552613584, 0.000175613109604, 0.000117552423035, 5.5651376897e-05, 0.000576290243771, 0.000236981562921, 0.00043559083133, 0.000293480145046, 6.14194286754e-05, 9.83452482615e-05, 5.93459335505e-05, 3.6908495531e-05, 2.49286995313e-06, 2.84712740495e-07, 3.12591254215e-07, 7.92069201339e-08, 3.95292012456e-08, 1.8241802735e-08],
        "dmean2": [0.000345915701473, 0.0733099803329, 0.00721757113934, 0.0091725923121, 0.0220352541655, 0.000455441651866, 0.000456117617432, 0.000271105527645, 0.000580921885557, 0.000501679314766, 0.000298819155432, 0.000200141977984, 8.99450751604e-05, 0.000954338698648, 0.000396961404476, 0.000701622455381, 0.000468818005174, 9.83486024779e-05, 0.000157913542353, 9.86770028248e-05, 6.07181245869e-05, 3.96730047214e-06, 4.61913430172e-07, 4.9608235031e-07, 1.18698466167e-07, 5.3960857116e-08, 2.12338591155e-08],
        "dvar": [3.44143238351e-08, 0.000918300065678, 1.89147122001e-05, 2.33181617659e-05, 0.000111149201985, 6.89118806463e-08, 8.17953349497e-08, 2.4743854965e-08, 1.18651293235e-07, 2.84922236915e-07, 2.85222245822e-08, 1.41925937669e-08, 5.07624564605e-09, 8.6586459247e-07, 9.89233441828e-08, 2.4927760478e-07, 1.24191856798e-07, 2.81010170688e-09, 1.08850537472e-08, 2.99697244799e-09, 1.63475566417e-09, 5.78907364754e-12, 1.4722401629e-13, 2.60064647768e-13, 4.89503389537e-14, 3.56688115188e-14, 4.06351994696e-14],
        "dvar2": [1.13509578625e-07, 0.00251459353603, 5.18619090144e-05, 6.53038878227e-05, 0.000289689691272, 2.11740754708e-07, 2.01506168196e-07, 7.07794001187e-08, 3.11270525799e-07, 8.05666161341e-07, 8.2344278951e-08, 4.2605968531e-08, 1.20095560163e-08, 2.05229343919e-06, 2.37496251998e-07, 5.51550158434e-07, 3.13003312158e-07, 7.03285252257e-09, 2.71444058342e-08, 8.37625169225e-09, 4.4530250598e-09, 1.44599254445e-11, 2.92461611569e-13, 5.89689809569e-13, 6.24710922098e-14, 3.65529004634e-14, 4.08657381209e-14],
        "max": [0.000989059335552, 0.173047244549, 0.0325790643692, 0.0383662134409, 0.0881393626332, 0.00211592181586, 0.0019629728049, 0.00105433352292, 0.0026068801526, 0.00600614445284, 0.000919228128623, 0.000960040721111, 0.000518557964824, 0.00745503697544, 0.00300210062414, 0.00541342422366, 0.00256487168372, 0.000442563439719, 0.000963785569184, 0.000466066412628, 0.000308544986183, 1.76290122909e-05, 4.10867323808e-06, 4.35537731391e-06, 3.33957291332e-06, 3.03016940961e-06, 3.1503586797e-06],
        "mean": [0.000184325210284, 0.0667102634907, 0.00758251501247, 0.00722360471264, 0.0137819582596, 0.000367922300939, 0.000393102789531, 0.000210098689422, 0.00052297610091, 0.000421844859375, 0.000241146015469, 0.000182573698112, 8.80116203916e-05, 0.000780215195846, 0.000489381316584, 0.000861967273522, 0.000582548906095, 0.000147128361277, 0.000206204233109, 0.000130282118334, 6.52504022582e-05, 5.20169760421e-06, 7.22618608506e-07, 7.39954032269e-07, 1.8826362691e-07, 1.14167931997e-07, 3.5240272922e-08],
        "median": [0.000123018951854, 0.0610091909766, 0.00493839383125, 0.00510776974261, 0.00997064076364, 0.000277857528999, 0.000277250888757, 0.00016011466505, 0.000427962164395, 0.000298665254377, 0.000189999933355, 0.000158340306371, 5.41897607036e-05, 0.000367071072105, 0.000321653613355, 0.000614447635598, 0.000408043735661, 0.000128421757836, 0.000181709008757, 0.000115160837595, 5.06684082211e-05, 4.50075685876e-06, 5.88516002153e-07, 5.69217888824e-07, 1.45200317547e-07, 9.67031397181e-08, 2.17766338295e-08],
        "min": [8.72036707733e-07, 0.000132827422931, 8.8462344138e-05, 0.000112525762233, 0.000189690748812, 3.01099662465e-05, 1.11128138087e-05, 1.43386878335e-05, 4.22143857577e-05, 1.74956294359e-05, 6.53421875541e-06, 5.08196717419e-06, 1.09289953798e-06, 2.07105381378e-06, 4.28623707194e-06, 1.73899497895e-05, 7.88266152085e-06, 2.32003571909e-06, 4.27290069638e-06, 1.6123873138e-05, 5.46901355847e-06, 3.2768431879e-07, 1.04561216574e-07, 5.23456726853e-08, 9.2763636772e-09, 5.88334581053e-09, 2.38085196003e-09],
        "var": [3.29982654534e-08, 0.00156105333008, 5.13998893439e-05, 3.76892858185e-05, 0.00014446755813, 9.83452181913e-08, 1.17152353596e-07, 2.98821269951e-08, 1.45265047991e-07, 2.29270725072e-07, 3.40130483778e-08, 1.84423587513e-08, 8.27588131358e-09, 1.14167903575e-06, 2.63821050339e-07, 6.30874865237e-07, 2.33152718465e-07, 6.47651932084e-09, 1.65561058196e-08, 4.88547824418e-09, 2.24010787697e-09, 8.49620807736e-12, 2.2130859428e-13, 3.69064615023e-13, 5.7782100773e-14, 3.68626333072e-14, 4.0471881353e-14]
    },
    "erbbands": {
        "dmean": [0.817960321903, 10.6592464447, 8.90925979614, 8.01423931122, 54.2866821289, 21.444070816, 2.69761633873, 2.21819615364, 2.84088945389, 3.81649565697, 6.700319767, 6.19851589203, 7.63765525818, 7.52181768417, 8.24164962769, 3.26637172699, 2.0972969532, 11.8557300568, 26.1907749176, 15.9170074463, 19.3776226044, 18.2656497955, 4.43081474304, 6.07740688324, 3.62101244926, 2.96141290665, 1.4277215004, 1.18483603001, 0.11403196305, 0.0142167899758, 0.00915290415287, 0.00791711267084, 0.00389164197259, 0.00149079039693, 0.000308418704662, 0.000211160600884, 7.00660966686e-05, 1.37851338877e-05, 2.01218699658e-05, 4.58081885881e-05],
        "dmean2": [1.25429809093, 18.9718418121, 15.9017314911, 13.5575218201, 96.6262893677, 38.1136245728, 4.67577695847, 3.97658991814, 4.59093666077, 6.44146585464, 11.170372963, 10.6694564819, 13.2753391266, 12.2046375275, 13.9749860764, 5.60106134415, 3.4045085907, 20.0760288239, 40.9048500061, 25.0125465393, 32.048412323, 29.5905437469, 7.05592870712, 9.86650276184, 5.80972242355, 4.87782430649, 2.35080695152, 1.97158336639, 0.180398389697, 0.0226670969278, 0.0145715689287, 0.012278794311, 0.00636665383354, 0.00230660988018, 0.000441430805949, 0.000310633244226, 9.52347618295e-05, 1.73614171217e-05, 3.4620254155e-05, 8.17968539195e-05],
        "dvar": [0.349929124117, 60.0803070068, 49.8737030029, 49.3114509583, 2387.42260742, 306.253234863, 7.32465267181, 5.46726751328, 9.16730690002, 19.5337314606, 39.6141891479, 41.3076210022, 308.737976074, 78.0163040161, 65.9183807373, 13.6330776215, 5.68636608124, 352.32409668, 1424.47998047, 395.226898193, 443.361755371, 528.221191406, 15.8054141998, 54.0890960693, 9.0710144043, 7.92752218246, 2.61041331291, 1.78228032589, 0.0113307526335, 0.000279165775282, 0.000142744320328, 0.000108321219159, 8.08449694887e-05, 1.08467684186e-05, 2.00671775019e-06, 6.73934721362e-07, 1.06152235446e-07, 1.6022179139e-08, 7.70061014954e-10, 1.04020159153e-09],
        "dvar2": [0.886890947819, 167.819824219, 138.978134155, 141.408721924, 6381.22607422, 840.678039551, 19.2997303009, 16.1247615814, 21.8127040863, 52.0498085022, 101.914596558, 109.033370972, 895.299682617, 200.245956421, 189.53237915, 39.0065498352, 12.2727804184, 864.022644043, 3295.48901367, 868.803955078, 974.416442871, 1307.6373291, 38.9219207764, 141.065185547, 23.3731517792, 22.4897346497, 7.1671037674, 4.77858686447, 0.0257519073784, 0.000544762180652, 0.000323599553667, 0.000237099506194, 0.000193711050088, 1.95581505977e-05, 2.01275133804e-06, 7.04316335032e-07, 1.07851938935e-07, 1.61617101924e-08, 9.92402715561e-10, 2.97024560503e-09],
        "max": [4.11657381058, 41.4700584412, 54.6532859802, 51.8797988892, 424.037963867, 122.89679718, 27.5910873413, 21.1247615814, 21.1183643341, 45.2146034241, 44.0516319275, 45.5918159485, 204.455245972, 73.9822463989, 57.2284011841, 31.7176647186, 19.1207237244, 149.27684021, 314.694885254, 185.562103271, 227.36026001, 181.401245117, 35.7106018066, 71.6729888916, 24.6397323608, 24.1925983429, 14.6830854416, 10.0438203812, 0.749742150307, 0.159396275878, 0.107751242816, 0.0968848615885, 0.0778845846653, 0.0395983755589, 0.0233611445874, 0.0132962632924, 0.00527264829725, 0.00198554736562, 0.000466440600576, 0.000204381445656],
        "mean": [1.49730110168, 16.2438220978, 15.4124746323, 13.1022615433, 63.5923614502, 25.4039382935, 4.46469783783, 3.24044084549, 4.28392839432, 5.54890203476, 8.81123733521, 9.71835231781, 10.6722278595, 11.8228693008, 13.0415344238, 5.77328824997, 3.80773997307, 18.3577976227, 42.2845458984, 36.2180137634, 42.5227279663, 35.5495948792, 11.0604763031, 11.9788866043, 7.96772527695, 6.27923631668, 2.69670820236, 2.07228779793, 0.268345564604, 0.0425923839211, 0.0228809528053, 0.0188922192901, 0.00916292984039, 0.00318872602656, 0.000964503269643, 0.000660835299641, 0.000222402071813, 2.59332919086e-05, 5.02574439452e-05, 0.000111349057988],
        "median": [1.30858433247, 14.8437366486, 12.2210464478, 10.4179506302, 43.8079147339, 19.6527957916, 3.43870258331, 2.49503898621, 3.30236291885, 4.15924692154, 6.47173500061, 7.99658155441, 8.02282619476, 8.3369884491, 11.005147934, 4.94334506989, 2.55816912651, 11.2058925629, 21.4020233154, 24.0216140747, 31.2507419586, 23.8208408356, 9.72238922119, 10.1204748154, 7.24921703339, 5.47674036026, 2.11890912056, 1.63948583603, 0.236766293645, 0.0371704250574, 0.0180562883615, 0.0148805091158, 0.00680882390589, 0.0022725937888, 0.000836585706566, 0.000583713757806, 0.000183865893632, 1.68653459696e-05, 4.94369451189e-05, 0.000113359288662],
        "min": [0.00485533708706, 0.0268789920956, 0.0902571454644, 0.262551993132, 0.568562686443, 0.638835906982, 0.306263417006, 0.310955107212, 0.299603700638, 0.362303823233, 0.615675449371, 0.811067998409, 0.585297524929, 0.411730349064, 0.366205662489, 0.166628718376, 0.0543369464576, 0.0550418049097, 0.264315128326, 0.33428645134, 0.980706036091, 0.509317338467, 0.217624202371, 0.0844706967473, 0.48216098547, 0.660381436348, 0.367452681065, 0.138570338488, 0.0176501236856, 0.00463169254363, 0.00250140717253, 0.00181982363574, 0.000427877501352, 0.000138269329909, 5.26358744537e-05, 3.03460237774e-05, 1.15393941087e-05, 2.16389435082e-06, 7.48873048906e-07, 1.05680521756e-06],
        "var": [0.951964557171, 92.2320556641, 113.741477966, 85.3333511353, 3305.15551758, 371.178649902, 13.8098974228, 7.16981267929, 12.2971458435, 26.4210262299, 50.9563713074, 46.4886741638, 202.605041504, 118.65209198, 80.327293396, 15.488702774, 10.4361782074, 455.355010986, 2498.58813477, 1190.37963867, 1178.08569336, 923.514099121, 39.5224609375, 70.8278198242, 16.4410400391, 12.7577161789, 3.50269722939, 2.41019654274, 0.0197357889265, 0.000514142564498, 0.000223073308007, 0.000177719892235, 9.81825069175e-05, 1.39089252116e-05, 2.17468573283e-06, 7.04571505139e-07, 1.11900817501e-07, 1.60416266937e-08, 9.81224212993e-10, 1.57464119521e-09]
    },
    "gfcc": {
        "mean": [-27.546289444, 177.452362061, -131.465835571, 62.1031303406, 1.02052366734, -6.78284358978, -5.83764696121, 2.40924263, -9.61545181274, -10.0435991287, -17.6476860046, -17.2456264496, 8.52112865448],
        "cov": [[354.671447754, 25.7662754059, -111.120956421, -20.6024036407, 33.7095069885, 6.12369346619, -44.4631500244, -28.743642807, -1.34600424767, -9.52952289581, -29.297498703, -32.9716186523, -22.3730125427], [25.7662754059, 84.6465377808, -0.389905303717, -28.8158779144, 34.4274864197, -31.5879077911, -16.1207828522, -34.265247345, -2.43027877808, -14.9851102829, -14.098233223, -10.098613739, -5.44687700272], [-111.120956421, -0.389905303717, 161.511947632, 17.8222484589, -16.0659141541, 1.31783986092, 28.1731052399, 21.1591796875, 10.7582521439, -5.02759695053, 32.0113449097, 27.9331188202, 17.2922954559], [-20.6024036407, -28.8158779144, 17.8222484589, 49.0821304321, 6.0723400116, 2.50747895241, 14.1205854416, 6.57077455521, 5.68969249725, 6.10194635391, 12.2174215317, 4.80079889297, 10.3483028412], [33.7095069885, 34.4274864197, -16.0659141541, 6.0723400116, 130.260101318, 6.29822826385, -13.5141849518, -31.5408821106, 12.2771558762, 4.8701043129, -8.84716701508, -10.9221982956, -0.363585293293], [6.12369346619, -31.5879077911, 1.31783986092, 2.50747895241, 6.29822826385, 47.688949585, 16.4692134857, 13.4217367172, 4.8339343071, 2.29524087906, 13.9630441666, 1.62256109715, 5.45473575592], [-44.4631500244, -16.1207828522, 28.1731052399, 14.1205854416, -13.5141849518, 16.4692134857, 87.0708236694, 42.3122444153, 7.42697906494, 4.63130950928, 16.7070198059, 20.8186740875, 15.1900472641], [-28.743642807, -34.265247345, 21.1591796875, 6.57077455521, -31.5408821106, 13.4217367172, 42.3122444153, 61.8832130432, 22.4446678162, 4.37443304062, 14.161190033, 12.6200141907, 9.18247127533], [-1.34600424767, -2.43027877808, 10.7582521439, 5.68969249725, 12.2771558762, 4.8339343071, 7.42697906494, 22.4446678162, 49.3559341431, 19.7222576141, 12.3632154465, -2.20327234268, 1.39598071575], [-9.52952289581, -14.9851102829, -5.02759695053, 6.10194635391, 4.8701043129, 2.29524087906, 4.63130950928, 4.37443304062, 19.7222576141, 36.4129219055, 13.7883625031, -3.58343052864, -4.91409540176], [-29.297498703, -14.098233223, 32.0113449097, 12.2174215317, -8.84716701508, 13.9630441666, 16.7070198059, 14.161190033, 12.3632154465, 13.7883625031, 41.6754989624, 15.2014160156, 5.4139509201], [-32.9716186523, -10.098613739, 27.9331188202, 4.80079889297, -10.9221982956, 1.62256109715, 20.8186740875, 12.6200141907, -2.20327234268, -3.58343052864, 15.2014160156, 35.5095214844, 14.3221502304], [-22.3730125427, -5.44687700272, 17.2922954559, 10.3483028412, -0.363585293293, 5.45473575592, 15.1900472641, 9.18247127533, 1.39598071575, -4.91409540176, 5.4139509201, 14.3221502304, 29.8417835236]],
        "icov": [[0.00409259367734, -0.00290464865975, 0.00261919829063, -0.00180025317241, 0.00026928720763, -0.00325450138189, 0.00174748909194, -0.00104065763298, -0.000553199555725, 0.000717927177902, 0.00105161871761, -0.000414556416217, 0.00182582484558], [-0.00290464865975, 0.0763823762536, -0.00499690882862, 0.051578566432, -0.0154817290604, 0.0574226863682, -0.0291382838041, 0.0467316955328, -0.0289549287409, 0.0461492352188, -0.0301882103086, 0.0303363930434, -0.0135876815766], [0.00261919829063, -0.00499690882862, 0.0104241985828, -0.00450053671375, 0.00121640285943, -0.0022629480809, 0.00118294567801, -0.00224249972962, -0.00147821556311, 0.00302510638721, -0.00435777986422, -0.00408448418602, 0.000406335515436], [-0.00180025317241, 0.051578566432, -0.00450053671375, 0.0597259551287, -0.0124484850094, 0.0414821952581, -0.0221236106008, 0.0309197157621, -0.0180707369, 0.0283457208425, -0.0269307643175, 0.0251201000065, -0.0176827851683], [0.00026928720763, -0.0154817290604, 0.00121640285943, -0.0124484850094, 0.0143126668409, -0.0152481216937, 0.00367758912034, 0.000674006878398, -0.00185219501145, -0.00859406497329, 0.00966971833259, -0.006641513668, 0.00197486486286], [-0.00325450138189, 0.0574226863682, -0.0022629480809, 0.0414821952581, -0.0152481216937, 0.0711579248309, -0.0248732343316, 0.0287789031863, -0.018082972616, 0.0371334180236, -0.0361015684903, 0.0301833096892, -0.0153952632099], [0.00174748909194, -0.0291382838041, 0.00118294567801, -0.0221236106008, 0.00367758912034, -0.0248732343316, 0.0322875790298, -0.0326153412461, 0.0173179339617, -0.022141167894, 0.0123110096902, -0.0172094013542, 0.00274007348344], [-0.00104065763298, 0.0467316955328, -0.00224249972962, 0.0309197157621, 0.000674006878398, 0.0287789031863, -0.0326153412461, 0.0692211017013, -0.0394780114293, 0.0354216620326, -0.0165641885251, 0.0147754363716, -0.00802968814969], [-0.000553199555725, -0.0289549287409, -0.00147821556311, -0.0180707369, -0.00185219501145, -0.018082972616, 0.0173179339617, -0.0394780114293, 0.0512813143432, -0.0359588749707, 0.00665259221569, -0.00459173182026, 0.00071497116005], [0.000717927177902, 0.0461492352188, 0.00302510638721, 0.0283457208425, -0.00859406497329, 0.0371334180236, -0.022141167894, 0.0354216620326, -0.0359588749707, 0.0745634138584, -0.0346109233797, 0.0238897446543, -0.00036798857036], [0.00105161871761, -0.0301882103086, -0.00435777986422, -0.0269307643175, 0.00966971833259, -0.0361015684903, 0.0123110096902, -0.0165641885251, 0.00665259221569, -0.0346109233797, 0.0597011856735, -0.0300210919231, 0.0102559160441], [-0.000414556416217, 0.0303363930434, -0.00408448418602, 0.0251201000065, -0.006641513668, 0.0301833096892, -0.0172094013542, 0.0147754363716, -0.00459173182026, 0.0238897446543, -0.0300210919231, 0.0616971775889, -0.0225178822875], [0.00182582484558, -0.0135876815766, 0.000406335515436, -0.0176827851683, 0.00197486486286, -0.0153952632099, 0.00274007348344, -0.00802968814969, 0.00071497116005, -0.00036798857036, 0.0102559160441, -0.0225178822875, 0.0510618872941]]
    },
    "melbands": {
        "dmean": [0.0100680040196, 0.00834779720753, 0.00276051880792, 0.00315272831358, 0.000136090384331, 4.75782690046e-05, 5.00884852954e-05, 3.46281885868e-05, 6.9935915235e-05, 3.61638849427e-05, 3.92661459045e-05, 3.32238632836e-05, 2.86151425826e-05, 1.5986883227e-05, 5.02993952978e-06, 7.42045085644e-06, 2.63129950326e-05, 5.60799926461e-05, 2.27889067901e-05, 2.80531421595e-05, 2.32344482356e-05, 1.93535488506e-05, 9.52694699663e-06, 2.713625463e-06, 5.66741982766e-06, 2.86250065074e-06, 2.83497092823e-06, 1.87825753528e-06, 6.83846053562e-07, 1.40402653415e-06, 4.19884059966e-07, 7.13567658295e-08, 1.97774756572e-08, 5.28798249633e-09, 5.48338352502e-09, 5.60204638234e-09, 4.99362196038e-09, 3.21773585554e-09, 2.29869834278e-09, 9.67836699672e-10],
        "dmean2": [0.0168335177004, 0.0151288621128, 0.00474469037727, 0.00563336862251, 0.000238518769038, 8.45762260724e-05, 8.10708661447e-05, 5.83396795264e-05, 0.000116003262519, 6.20135688223e-05, 6.86701605446e-05, 5.41970584891e-05, 4.87305624119e-05, 2.69934844255e-05, 8.37157494971e-06, 1.20569084174e-05, 4.51070045528e-05, 8.90322698979e-05, 3.78467120754e-05, 4.36774462287e-05, 3.81130157621e-05, 3.13048658427e-05, 1.52547108883e-05, 4.39626592197e-06, 9.28813460632e-06, 4.55616327599e-06, 4.83295025333e-06, 3.13914006256e-06, 1.15981117688e-06, 2.35828269979e-06, 7.07031460934e-07, 1.10995699742e-07, 3.20868629444e-08, 8.63609717072e-09, 8.83861517309e-09, 8.75277716972e-09, 7.80201414585e-09, 5.111992607e-09, 3.78755826702e-09, 1.46924628019e-09],
        "dvar": [5.26637122675e-05, 3.60511512554e-05, 6.25367783869e-06, 7.03772593624e-06, 1.69817990781e-08, 2.30744712226e-09, 2.87099921614e-09, 1.70482961082e-09, 4.2632795072e-09, 1.42543377102e-09, 8.13356937357e-09, 1.4885844779e-09, 7.66961105736e-10, 2.82030038212e-10, 4.01495121871e-11, 1.07489198098e-10, 1.98333327539e-09, 7.41619476941e-09, 1.10908271456e-09, 1.62379676372e-09, 5.15039788596e-10, 6.16810047482e-10, 8.8606989801e-11, 7.50757615797e-12, 5.0150068126e-11, 6.84350492941e-12, 5.69062939132e-12, 3.8717752962e-12, 7.77316579159e-13, 2.41696268034e-12, 2.07566941608e-13, 4.79867712135e-15, 3.92886200537e-16, 4.76729829613e-17, 4.49287815007e-17, 6.6677454226e-17, 3.24628917368e-17, 4.62573129738e-17, 2.56886415164e-17, 5.34276991624e-18],
        "dvar2": [0.00013682593999, 0.000108955624455, 1.71220344782e-05, 1.88967514987e-05, 4.64819400747e-08, 6.96124802246e-09, 7.06310609999e-09, 4.62617544272e-09, 1.09063398313e-08, 3.85263509983e-09, 2.35069812504e-08, 3.86113674367e-09, 2.22502083425e-09, 8.32722502064e-10, 1.05534539441e-10, 2.59993582219e-10, 4.85809747985e-09, 1.75076078079e-08, 2.59957877446e-09, 3.45118689182e-09, 1.28023791568e-09, 1.52226675709e-09, 2.2300596092e-10, 1.8602286378e-11, 1.3022777301e-10, 1.73555215338e-11, 1.49677856914e-11, 1.11750287843e-11, 2.06989937343e-12, 6.57917340399e-12, 5.16120566424e-13, 1.19208808135e-14, 9.31935294722e-16, 8.61834318612e-17, 1.00753980123e-16, 1.66462329396e-16, 6.63676850128e-17, 1.13370727779e-16, 6.23410558177e-17, 7.72527300557e-18],
        "max": [0.0461913086474, 0.0331607237458, 0.0216687656939, 0.0220856163651, 0.00111044233199, 0.000432652333984, 0.00037969215191, 0.00042631290853, 0.000469180522487, 0.000252062716754, 0.00104580749758, 0.000312347896397, 0.000156102149049, 0.000127726278151, 4.80161361338e-05, 0.000111913504952, 0.000351213442627, 0.000709237705451, 0.000319613405736, 0.000403799960623, 0.000204188647331, 0.000200204434805, 7.41449257475e-05, 2.60589440586e-05, 6.81086894474e-05, 1.8669585188e-05, 1.77337642526e-05, 1.5987574443e-05, 9.00532177184e-06, 1.0258578186e-05, 3.49455785909e-06, 4.84417569169e-07, 1.86971959693e-07, 8.41159746301e-08, 6.6551123723e-08, 6.807887587e-08, 5.62777877633e-08, 6.25568858936e-08, 4.44766108387e-08, 3.20204129878e-08],
        "mean": [0.017052622512, 0.0133173689246, 0.00411091931164, 0.0035651337821, 0.000210121346754, 6.80214288877e-05, 7.38915769034e-05, 5.06902069901e-05, 8.98473372217e-05, 5.79611769354e-05, 5.34731989319e-05, 4.86266399093e-05, 4.17672454205e-05, 2.53244688793e-05, 8.10787514638e-06, 1.16375076686e-05, 3.82361649827e-05, 7.90527919889e-05, 4.56632405985e-05, 5.28586569999e-05, 4.7623856517e-05, 3.69454864995e-05, 1.89867150766e-05, 6.13586917098e-06, 1.04450527942e-05, 5.80256983085e-06, 5.822199455e-06, 3.62479045179e-06, 1.26368627207e-06, 2.28781368605e-06, 7.21961214367e-07, 1.45530293594e-07, 4.55648176967e-08, 1.28473081062e-08, 1.25767991577e-08, 1.22743228914e-08, 1.12860663037e-08, 6.96994550964e-09, 4.27325774766e-09, 1.9800034945e-09],
        "median": [0.0148916095495, 0.0121921952814, 0.00315231038257, 0.0026166040916, 0.000168500831933, 5.19590394106e-05, 5.48689167772e-05, 3.85468447348e-05, 6.69355722493e-05, 4.70711820526e-05, 3.98361189582e-05, 3.21743755194e-05, 3.25699038513e-05, 2.19839403144e-05, 5.89110004512e-06, 7.15121359463e-06, 2.14145948121e-05, 3.65866108041e-05, 2.72810320894e-05, 3.44617183146e-05, 3.47022905771e-05, 2.52341287705e-05, 1.50440355355e-05, 5.33872753294e-06, 8.63496643433e-06, 4.93585366712e-06, 5.09389064973e-06, 3.12095562549e-06, 1.01864054614e-06, 1.74902766048e-06, 5.48213733964e-07, 1.27086238422e-07, 4.00422948132e-08, 1.1409189149e-08, 1.04933794987e-08, 8.9063014741e-09, 9.25154708398e-09, 4.99456387359e-09, 3.03206548757e-09, 1.37249644983e-09],
        "min": [4.39888681285e-05, 4.37314156443e-05, 5.44953218196e-05, 4.66654710181e-05, 1.39967141877e-05, 7.07962226443e-06, 3.21543097925e-06, 3.42875841852e-06, 5.36991683475e-06, 4.76810510008e-06, 2.78593984149e-06, 1.760708642e-06, 1.06866468741e-06, 7.63288710459e-07, 1.74896413796e-07, 1.01066930824e-07, 8.38301801309e-08, 4.52385990002e-07, 2.67154973699e-07, 7.26014434349e-07, 1.18253115033e-06, 4.51004780189e-07, 3.76385628442e-07, 1.14113468896e-07, 4.63292408881e-08, 1.83817235211e-07, 5.63024570965e-07, 2.77227030665e-07, 2.4167002266e-07, 1.0760503244e-07, 7.09477276928e-08, 7.27173921078e-09, 2.87732282445e-09, 2.24991358877e-09, 1.34820710151e-09, 1.61267432741e-09, 9.30729937565e-10, 3.3547509215e-10, 1.35158273462e-10, 1.0757067459e-10],
        "var": [0.000111742301669, 5.14684616064e-05, 1.05842909761e-05, 9.15254531719e-06, 2.54728842464e-08, 3.19945558935e-09, 3.83821596728e-09, 2.23722951276e-09, 5.50399636978e-09, 1.67139135865e-09, 5.32460342484e-09, 2.24407270544e-09, 9.19696374613e-10, 3.57118390415e-10, 4.71409820901e-11, 1.79695577862e-10, 2.36982589108e-09, 1.0980730103e-08, 2.58822829835e-09, 3.30031513229e-09, 1.36959255048e-09, 1.07594777532e-09, 1.82901971346e-10, 1.2899779335e-11, 6.27393692554e-11, 1.14478895114e-11, 9.6713184336e-12, 5.34111990746e-12, 9.94244725612e-13, 2.97671110851e-12, 3.08255184616e-13, 6.9970134931e-15, 7.49458616318e-16, 6.89658129947e-17, 6.60065247224e-17, 1.07055719962e-16, 5.85449122284e-17, 5.650212684e-17, 3.01341764804e-17, 6.66748312363e-18]
    },
    "mfcc": {
        "mean": [-666.780822754, 195.864562988, -42.2335090637, 76.1017990112, 22.7620639801, 17.5179424286, 15.2980852127, 8.82164764404, 23.4606208801, 10.8309202194, -9.35521316528, 0.798448681831, -8.84649753571],
        "cov": [[426.85559082, 3.21778464317, -146.166244507, -37.5796394348, 19.2311477661, 15.7946128845, -36.4317169189, -30.9894828796, -7.09760379791, 1.66627287865, 10.5842647552, -20.0712223053, -49.8605766296], [3.21778464317, 133.125289917, -41.763256073, 9.6452960968, 28.4696655273, 15.3594827652, -21.6127815247, -11.7517642975, -9.86037731171, -10.2180576324, -7.29344701767, -20.102148056, -9.61626625061], [-146.166244507, -41.763256073, 186.64390564, 3.53787183762, -45.8345565796, -36.7599830627, 17.6848526001, 35.0875816345, 0.0110598243773, -6.06267881393, -2.55364918709, 23.4123840332, 35.9285354614], [-37.5796394348, 9.6452960968, 3.53787183762, 64.0352325439, 6.03789567947, 8.0525636673, 5.27896785736, 2.67019438744, 6.50183725357, -0.0805030167103, -3.5072517395, 6.12754631042, 4.71261310577], [19.2311477661, 28.4696655273, -45.8345565796, 6.03789567947, 99.9522018433, 36.1181182861, -21.6565189362, -23.3145084381, -10.2911939621, 5.05837726593, 7.69590139389, -14.6060609818, -12.6250009537], [15.7946128845, 15.3594827652, -36.7599830627, 8.0525636673, 36.1181182861, 52.5295600891, 8.129778862, -9.6031293869, -5.71686410904, 0.106501199305, 6.84574460983, -4.1497964859, -12.4452571869], [-36.4317169189, -21.6127815247, 17.6848526001, 5.27896785736, -21.6565189362, 8.129778862, 54.3898963928, 26.9371585846, 5.55526638031, 1.43304312229, -3.91942000389, 6.67332983017, 5.31335258484], [-30.9894828796, -11.7517642975, 35.0875816345, 2.67019438744, -23.3145084381, -9.6031293869, 26.9371585846, 58.7258415222, 18.4256687164, -1.47586476803, -1.85693621635, 10.4134130478, 13.4161977768], [-7.09760379791, -9.86037731171, 0.0110598243773, 6.50183725357, -10.2911939621, -5.71686410904, 5.55526638031, 18.4256687164, 39.2423286438, 12.1793956757, -3.13867068291, 7.54417228699, 3.98140835762], [1.66627287865, -10.2180576324, -6.06267881393, -0.0805030167103, 5.05837726593, 0.106501199305, 1.43304312229, -1.47586476803, 12.1793956757, 45.3088798523, 17.0437450409, 2.16724896431, -0.529366374016], [10.5842647552, -7.29344701767, -2.55364918709, -3.5072517395, 7.69590139389, 6.84574460983, -3.91942000389, -1.85693621635, -3.13867068291, 17.0437450409, 44.6658592224, 12.7444829941, -2.71490454674], [-20.0712223053, -20.102148056, 23.4123840332, 6.12754631042, -14.6060609818, -4.1497964859, 6.67332983017, 10.4134130478, 7.54417228699, 2.16724896431, 12.7444829941, 43.4020996094, 17.3031806946], [-49.8605766296, -9.61626625061, 35.9285354614, 4.71261310577, -12.6250009537, -12.4452571869, 5.31335258484, 13.4161977768, 3.98140835762, -0.529366374016, -2.71490454674, 17.3031806946, 40.7850151062]],
