{
"lowlevel": {
    "average_loudness": 0.990100800991,
    "barkbands_crest": {
        "dmean": 3.02986693382,
        "dmean2": 5.09842395782,
        "dvar": 5.24437236786,
        "dvar2": 13.6243667603,
        "max": 21.3438243866,
        "mean": 11.1857919693,
        "median": 10.694026947,
        "min": 4.32758188248,
        "var": 10.1494531631
    },
    "barkbands_flatness_db": {
        "dmean": 0.0286487620324,
        "dmean2": 0.046936377883,
        "dvar": 0.000486680626636,
        "dvar2": 0.00129063543864,
        "max": 0.337417066097,
        "mean": 0.245729520917,
        "median": 0.244813665748,
        "min": 0.14316482842,
        "var": 0.00118588085752
    },
    "barkbands_kurtosis": {
        "dmean": 4.27296304703,
        "dmean2": 7.13357830048,
        "dvar": 15.5360479355,
        "dvar2": 38.4673080444,
        "max": 32.8350486755,
        "mean": 5.91518545151,
        "median": 4.89099216461,
        "min": -1.683852911,
        "var": 29.2372207642
    },
    "barkbands_skewness": {
        "dmean": 0.715194284916,
        "dmean2": 1.18672537804,
        "dvar": 0.300557881594,
        "dvar2": 0.798698544502,
        "max": 5.10367298126,
        "mean": 2.20228433609,
        "median": 2.19110870361,
        "min": 0.200851023197,
        "var": 0.675209999084
    },
    "barkbands_spread": {
        "dmean": 4.52886199951,
        "dmean2": 7.51505899429,
        "dvar": 15.56229496,
        "dvar2": 39.0668029785,
        "max": 37.0340499878,
        "mean": 12.1894950867,
        "median": 10.6046457291,
        "min": 2.27841639519,
        "var": 41.9573898315
    },
    "dissonance": {
        "dmean": 0.0221019163728,
        "dmean2": 0.0362121574581,
        "dvar": 0.000512956874445,
        "dvar2": 0.00110985513311,
        "max": 0.497758924961,
        "mean": 0.45866689086,
        "median": 0.462309598923,
        "min": 0.214772358537,
        "var": 0.000686051964294
    },
    "dynamic_complexity": 0.915931224823,
    "erbbands_crest": {
        "dmean": 2.49284148216,
        "dmean2": 4.07627248764,
        "dvar": 4.40046882629,
        "dvar2": 13.2244243622,
        "max": 19.7770118713,
        "mean": 8.7511472702,
        "median": 8.40352916718,
        "min": 3.88599252701,
        "var": 7.79231500626
    },
    "erbbands_flatness_db": {
        "dmean": 0.0136965001002,
        "dmean2": 0.0222120564431,
        "dvar": 0.000126885672216,
        "dvar2": 0.000284443522105,
        "max": 0.284244596958,
        "mean": 0.244465008378,
        "median": 0.24433003366,
        "min": 0.143762692809,
        "var": 0.000261308741756
    },
    "erbbands_kurtosis": {
        "dmean": 0.599144637585,
        "dmean2": 0.997126877308,
        "dvar": 0.488339841366,
        "dvar2": 1.09046387672,
        "max": 6.43313217163,
        "mean": -0.68274128437,
        "median": -0.934680461884,
        "min": -1.71627318859,
        "var": 0.798530995846
    },
    "erbbands_skewness": {
        "dmean": 0.400556087494,
        "dmean2": 0.651372671127,
        "dvar": 0.0932771787047,
        "dvar2": 0.203982651234,
        "max": 1.82218325138,
        "mean": -0.144072890282,
        "median": -0.117731116712,
        "min": -2.3294608593,
        "var": 0.369314908981
    },
    "erbbands_spread": {
        "dmean": 8.00876903534,
        "dmean2": 13.208650589,
        "dvar": 34.4554481506,
        "dvar2": 98.2509460449,
        "max": 66.9905776978,
        "mean": 37.7915267944,
        "median": 37.6627235413,
        "min": 16.0942554474,
        "var": 71.6513214111
    },
    "hfc": {
        "dmean": 4.80990171432,
        "dmean2": 7.40468740463,
        "dvar": 20.8477840424,
        "dvar2": 36.337436676,
        "max": 65.6627731323,
        "mean": 18.4392375946,
        "median": 16.349111557,
        "min": 0.626772463322,
        "var": 86.0697097778
    },
    "melbands_crest": {
        "dmean": 4.25273132324,
        "dmean2": 7.3548989296,
        "dvar": 10.9365949631,
        "dvar2": 28.9862880707,
        "max": 30.0006637573,
        "mean": 17.704957962,
        "median": 17.1030158997,
        "min": 7.9006562233,
        "var": 21.020860672
    },
    "melbands_flatness_db": {
        "dmean": 0.0345121100545,
        "dmean2": 0.0572791136801,
        "dvar": 0.000701582292095,
        "dvar2": 0.00179032119922,
        "max": 0.460014998913,
        "mean": 0.342587202787,
        "median": 0.34473246336,
        "min": 0.221288308501,
        "var": 0.00180009612814
    },
    "melbands_kurtosis": {
        "dmean": 11.7061681747,
        "dmean2": 19.7808799744,
        "dvar": 112.382926941,
        "dvar2": 302.400146484,
        "max": 76.807975769,
        "mean": 19.3013744354,
        "median": 16.6133975983,
        "min": 0.0703303813934,
        "var": 186.657424927
    },
    "melbands_skewness": {
        "dmean": 1.12245428562,
        "dmean2": 1.865660429,
        "dvar": 0.708931565285,
        "dvar2": 1.98778808117,
        "max": 7.97859573364,
        "mean": 3.75919294357,
        "median": 3.72117090225,
        "min": 1.13068926334,
        "var": 1.49375641346
    },
    "melbands_spread": {
        "dmean": 4.97333049774,
        "dmean2": 8.33284568787,
        "dvar": 22.4628429413,
        "dvar2": 53.7634811401,
        "max": 45.3196601868,
        "mean": 10.8838453293,
        "median": 8.5054101944,
        "min": 1.75617492199,
        "var": 54.6378211975
    },
    "pitch_salience": {
        "dmean": 0.0881695076823,
        "dmean2": 0.154899537563,
        "dvar": 0.00537025509402,
        "dvar2": 0.0137662598863,
        "max": 0.816198170185,
        "mean": 0.467663884163,
        "median": 0.480005741119,
        "min": 0.169860526919,
        "var": 0.00786372367293
    },
    "silence_rate_20dB": {
        "dmean": 0,
        "dmean2": 0,
        "dvar": 0,
        "dvar2": 0,
        "max": 1,
        "mean": 1,
        "median": 1,
        "min": 1,
        "var": 0
    },
    "silence_rate_30dB": {
        "dmean": 0,
        "dmean2": 0,
        "dvar": 0,
        "dvar2": 0,
        "max": 1,
        "mean": 1,
        "median": 1,
        "min": 1,
        "var": 0
    },
    "silence_rate_60dB": {
        "dmean": 0,
        "dmean2": 0,
        "dvar": 0,
        "dvar2": 0,
        "max": 0,
        "mean": 0,
        "median": 0,
        "min": 0,
        "var": 0
    },
    "spectral_centroid": {
        "dmean": 211.883651733,
        "dmean2": 353.471801758,
        "dvar": 31608.4902344,
        "dvar2": 77246.984375,
        "max": 1801.84655762,
        "mean": 731.677246094,
        "median": 638.342773438,
        "min": 258.075408936,
        "var": 103394.226562
    },
    "spectral_complexity": {
        "dmean": 3.0733332634,
        "dmean2": 4.79598665237,
        "dvar": 7.9479637146,
        "dvar2": 16.4299411774,
        "max": 45,
        "mean": 19.2990036011,
        "median": 18,
        "min": 2,
        "var": 36.9405288696
    },
    "spectral_decrease": {
        "dmean": 5.31280353044e-09,
        "dmean2": 8.95086760266e-09,
        "dvar": 1.45109581708e-17,
        "dvar2": 4.0920446232e-17,
        "max": -4.42201136819e-10,
        "mean": -1.42746277021e-08,
        "median": -1.42426372918e-08,
        "min": -2.58882035808e-08,
        "var": 2.29115315023e-17
    },
    "spectral_energy": {
        "dmean": 0.0203094184399,
        "dmean2": 0.0342067033052,
        "dvar": 0.000212729646591,
        "dvar2": 0.000595283869188,
        "max": 0.0999025180936,
        "mean": 0.0555481016636,
        "median": 0.0554919503629,
        "min": 0.00172582012601,
        "var": 0.000339981110301
    },
    "spectral_energyband_high": {
        "dmean": 1.28098099594e-05,
        "dmean2": 1.99628993869e-05,
        "dvar": 6.36532826448e-10,
        "dvar2": 1.47100598369e-09,
        "max": 0.000338425306836,
        "mean": 3.61962556781e-05,
        "median": 2.66182760242e-05,
        "min": 3.94440030504e-06,
        "var": 1.22426579985e-09
    },
    "spectral_energyband_low": {
        "dmean": 0.01564110443,
        "dmean2": 0.0269666984677,
        "dvar": 0.000182342788321,
        "dvar2": 0.000536922831088,
        "max": 0.0848372131586,
        "mean": 0.0262221172452,
        "median": 0.0205463990569,
        "min": 0.000713364919648,
        "var": 0.000292619632091
    },
    "spectral_energyband_middle_high": {
        "dmean": 0.00188590725884,
        "dmean2": 0.00287085096352,
        "dvar": 5.71761165702e-06,
        "dvar2": 9.91990054899e-06,
        "max": 0.0317671597004,
        "mean": 0.00564312143251,
        "median": 0.00417477730662,
        "min": 0.000128016457893,
        "var": 2.27329364861e-05
    },
    "spectral_energyband_middle_low": {
        "dmean": 0.0134345050901,
        "dmean2": 0.0220516882837,
        "dvar": 0.000157874892466,
        "dvar2": 0.000416718161432,
        "max": 0.0903663933277,
        "mean": 0.0253267772496,
        "median": 0.0209419410676,
        "min": 0.00105607544538,
        "var": 0.000292815937428
    },
    "spectral_entropy": {
        "dmean": 0.197480469942,
        "dmean2": 0.3201623559,
        "dvar": 0.0244769807905,
        "dvar2": 0.0572832114995,
        "max": 8.16730117798,
        "mean": 6.90194654465,
        "median": 6.89614391327,
        "min": 6.03114414215,
        "var": 0.0735275745392
    },
    "spectral_flux": {
        "dmean": 0.0347850620747,
        "dmean2": 0.0597678013146,
        "dvar": 0.000776363362093,
        "dvar2": 0.00209331815131,
        "max": 0.227424681187,
        "mean": 0.126312315464,
        "median": 0.124564602971,
        "min": 0.0550960488617,
        "var": 0.00120345572941
    },
    "spectral_kurtosis": {
        "dmean": 5.41047906876,
        "dmean2": 9.4374332428,
        "dvar": 17.226442337,
        "dvar2": 51.9398765564,
        "max": 26.1310043335,
        "mean": 9.59084320068,
        "median": 8.93553829193,
        "min": 1.56436491013,
        "var": 25.5810928345
    },
    "spectral_rms": {
        "dmean": 0.00139123573899,
        "dmean2": 0.00232796417549,
        "dvar": 1.08814890609e-06,
        "dvar2": 2.95654649562e-06,
        "max": 0.0098724802956,
        "mean": 0.00724616879597,
        "median": 0.00735788606107,
        "min": 0.0012975850841,
        "var": 1.68627707353e-06
    },
    "spectral_rolloff": {
        "dmean": 312.805419922,
        "dmean2": 551.653076172,
        "dvar": 127160.65625,
        "dvar2": 296144.1875,
        "max": 2304.05273438,
        "mean": 553.925048828,
        "median": 344.53125,
        "min": 129.19921875,
        "var": 235931.078125
    },
    "spectral_skewness": {
        "dmean": 0.470823168755,
        "dmean2": 0.820477843285,
        "dvar": 0.145032674074,
        "dvar2": 0.447702914476,
        "max": 4.4631228447,
        "mean": 1.70223546028,
        "median": 1.68080818653,
        "min": 0.608241558075,
        "var": 0.244008213282
    },
    "spectral_spread": {
        "dmean": 227126,
        "dmean2": 337511.15625,
        "dvar": 662931636224,
        "dvar2": 384395509760,
        "max": 19531988,
        "mean": 2097292.25,
        "median": 2017757.5,
        "min": 1476451.875,
        "var": 1.09410287616e+12
    },
    "spectral_strongpeak": {
        "dmean": 0.369698703289,
        "dmean2": 0.608684122562,
        "dvar": 0.0935900732875,
        "dvar2": 0.236671984196,
        "max": 2.74971365929,
        "mean": 0.827351868153,
        "median": 0.778214812279,
        "min": 0.0207367110997,
        "var": 0.183850884438
    },
    "zerocrossingrate": {
        "dmean": 0.00471842428669,
        "dmean2": 0.00616312166676,
        "dvar": 1.43536044561e-05,
        "dvar2": 2.39345463342e-05,
        "max": 0.0576171875,
        "mean": 0.0247044358402,
        "median": 0.02294921875,
        "min": 0.00732421875,
        "var": 8.02532449597e-05
    },
    "barkbands": {
        "dmean": [4.65787343273e-05, 0.00806872639805, 0.00970170646906, 0.00498300930485, 0.010501193814, 0.000188132326002, 0.000192532243091, 0.000892490672413, 0.00141482346226, 0.000764303083997, 0.00014972347708, 0.000330347014824, 4.45284422312e-05, 0.000691190594807, 0.000338197365636, 0.00061704806285, 0.000322354986565, 0.000131618246087, 6.87866631779e-05, 1.34380661621e-05, 9.07075082068e-06, 2.24321297537e-06, 3.24794655171e-07, 1.10165068179e-07, 2.73548845797e-08, 1.45154883668e-08, 7.10858882869e-09],
        "dmean2": [6.7106942879e-05, 0.0139165576547, 0.0168490409851, 0.00890870392323, 0.016994215548, 0.000329979375238, 0.000348740286427, 0.0014829771826, 0.00235097366385, 0.00120729976334, 0.000256485102, 0.000500909634866, 6.79385484545e-05, 0.0011352597503, 0.000533845101018, 0.0010021837661, 0.000512921018526, 0.000207572782529, 0.000106772837171, 2.25220155698e-05, 1.40780639413e-05, 3.47486661667e-06, 6.01456974891e-07, 1.78679911755e-07, 4.28428954535e-08, 2.37053150443e-08, 1.20610845755e-08],
        "dvar": [1.28560291301e-08, 6.21214858256e-05, 6.38205456198e-05, 2.74720969173e-05, 9.4165923656e-05, 5.61378321606e-08, 6.33558343566e-08, 8.29719738249e-07, 2.000120503e-06, 7.63957189065e-07, 1.29917467007e-07, 2.02843608577e-07, 6.58590648683e-09, 9.63949901234e-07, 1.86277461012e-07, 8.95205118923e-07, 2.09060132761e-07, 3.68789869754e-08, 1.66688991499e-08, 8.74279093566e-10, 2.55136634042e-10, 7.32173349727e-12, 1.11122625045e-13, 2.45510060307e-14, 1.90927197893e-15, 9.49284541185e-16, 6.96246947781e-16],
        "dvar2": [1.67680838103e-08, 0.000182658302947, 0.000187371420907, 8.10150522739e-05, 0.000246367737418, 1.59652742582e-07, 1.8459201101e-07, 2.02791079573e-06, 5.41943381904e-06, 1.72494105755e-06, 3.79861774036e-07, 3.9723579448e-07, 1.37311237935e-08, 2.55124427895e-06, 4.37766232153e-07, 1.93075879906e-06, 5.28112479969e-07, 8.30309261346e-08, 4.17336281089e-08, 2.50094811527e-09, 5.73708913709e-10, 1.69481217255e-11, 3.10753484577e-13, 5.59110354857e-14, 4.82466620976e-15, 2.15583416428e-15, 1.47700809018e-15],
        "max": [0.00177042442374, 0.0526187941432, 0.0490368567407, 0.0364967398345, 0.0759788677096, 0.00192606460769, 0.00210378598422, 0.00966887641698, 0.011538380757, 0.00755860144272, 0.00438681058586, 0.00575849367306, 0.00101038417779, 0.0090320892632, 0.00414392119274, 0.0105500007048, 0.00505055952817, 0.00188920344226, 0.00161032017786, 0.000331915711286, 0.000218333982048, 2.76123537333e-05, 2.29260831475e-06, 2.21383197641e-06, 5.94064658799e-07, 4.40216837205e-07, 4.88689806843e-07],
        "mean": [6.64919862174e-05, 0.0122912600636, 0.0126022472978, 0.00555020198226, 0.01567238383, 0.000251628953265, 0.000260460044956, 0.00115709821694, 0.00191293703392, 0.00126308656763, 0.000221731723286, 0.000513885577675, 7.50006074668e-05, 0.00105697789695, 0.000580575258937, 0.00111553515308, 0.000556324725039, 0.000226712028962, 0.00012016393157, 2.69776337518e-05, 2.07044613489e-05, 5.03178807776e-06, 4.05273539172e-07, 2.77368002344e-07, 8.49034265116e-08, 2.85596950533e-08, 3.18864294968e-08],
        "median": [2.71949611488e-05, 0.00993961840868, 0.00979788228869, 0.00392969930544, 0.0112073998898, 0.000154495923198, 0.000156511858222, 0.000762866053265, 0.0014144188026, 0.000859228603076, 0.000118768301036, 0.00034721949487, 3.79439734388e-05, 0.000632182578556, 0.000397212832468, 0.00063947297167, 0.000340989266988, 0.000128279512865, 7.12830878911e-05, 1.65291694429e-05, 1.40737593028e-05, 3.98852898797e-06, 2.86371658831e-07, 2.24962974471e-07, 7.22634325712e-08, 2.05448564827e-08, 2.77846083918e-08],
        "min": [2.50884085062e-07, 0.000205830729101, 0.000231000129133, 0.000151420739712, 0.000370067195036, 1.74966862687e-05, 1.29563486553e-05, 4.18135205109e-05, 7.91710408521e-05, 1.4684150301e-05, 4.7965286285e-06, 8.77855472936e-06, 2.7815467547e-06, 3.98389893235e-05, 2.77992421616e-05, 1.57186132128e-05, 5.78939079787e-06, 2.82941186924e-06, 1.73495698164e-06, 1.18845093766e-06, 1.50732137172e-06, 2.38535790231e-07, 3.8688941828e-08, 4.70597072422e-08, 1.81353794204e-08, 3.61881524746e-09, 7.46773309857e-09],
        "var": [1.72000369503e-08, 8.90444571269e-05, 9.25584536162e-05, 2.62121848209e-05, 0.000189185258932, 7.72606227883e-08, 8.36124982584e-08, 1.40777171964e-06, 2.78521815744e-06, 1.5332559542e-06, 1.36976723297e-07, 4.23609719746e-07, 1.28926709309e-08, 1.43973682043e-06, 3.84934708109e-07, 1.88015189906e-06, 4.17550467091e-07, 8.50225845284e-08, 2.90038411066e-08, 1.43528589014e-09, 4.83020845543e-10, 1.47113501936e-11, 1.08962189586e-13, 4.08284991644e-14, 3.78662690938e-15, 1.64663871985e-15, 1.39357830949e-15]
    },
    "erbbands": {
        "dmean": [0.101958870888, 2.35890436172, 11.8930683136, 7.96789693832, 46.0361213684, 18.8756046295, 1.9502004385, 1.69630551338, 1.60669267178, 3.2559773922, 36.9330406189, 25.1508617401, 25.2670650482, 7.99844646454, 9.95303916931, 9.47680187225, 2.18982434273, 16.2048530579, 36.5676193237, 21.3695869446, 29.472360611, 18.1685829163, 7.44566011429, 6.50127506256, 1.6171233654, 0.602597355843, 0.426435500383, 0.260217815638, 0.0775716379285, 0.0162608604878, 0.00879741087556, 0.00354569125921, 0.00128719233908, 0.000459557224531, 0.000134820467792, 8.27593321446e-05, 2.14886258618e-05, 3.73541251975e-06, 9.27777819015e-06, 2.21101581701e-05],
        "dmean2": [0.171831265092, 4.05233716965, 20.5439395905, 13.8127384186, 74.0783920288, 32.5691947937, 3.48985505104, 3.00540876389, 2.73573279381, 5.81627941132, 60.7405090332, 42.5189094543, 39.9871826172, 12.9254713058, 15.5681734085, 14.546787262, 3.38193750381, 26.9737014771, 57.1788139343, 33.9393539429, 47.041431427, 29.0915260315, 11.5298480988, 10.2446432114, 2.47508907318, 0.989210128784, 0.679352164268, 0.388491362333, 0.120335876942, 0.0267929024994, 0.0159499142319, 0.00591246923432, 0.00204258365557, 0.000729192979634, 0.000217302440433, 0.00013127650891, 3.5465003748e-05, 6.51659547657e-06, 1.55716988957e-05, 3.7153957237e-05],
        "dvar": [0.014238441363, 5.02766656876, 95.2951126099, 57.5681037903, 1802.82543945, 300.787780762, 4.6489276886, 5.09467506409, 4.08042907715, 14.2031269073, 1410.15588379, 643.168457031, 717.722595215, 177.255462646, 237.927337646, 194.415924072, 11.5892696381, 519.12322998, 2115.07519531, 1624.53869629, 1826.68896484, 674.362060547, 128.571090698, 130.218261719, 9.57705497742, 1.84653651714, 0.582232952118, 0.16777920723, 0.0127830114216, 0.000371374713723, 8.0289588368e-05, 1.91861945495e-05, 3.26717349708e-06, 4.45438843144e-07, 5.28577821512e-08, 2.22254161741e-08, 2.63176813675e-09, 2.56038301671e-10, 5.50952929113e-11, 2.50476722696e-10],
        "dvar2": [0.0361017659307, 14.9204053879, 281.347991943, 172.636108398, 4702.92919922, 870.981079102, 12.7542104721, 14.6577177048, 11.8868408203, 37.7632484436, 3531.56152344, 1759.38696289, 1695.64221191, 336.939758301, 585.449707031, 345.745391846, 26.2083187103, 1426.52685547, 4587.59570312, 4011.45605469, 4407.40136719, 1754.1282959, 322.78729248, 333.446716309, 19.5911903381, 5.16062736511, 1.44266784191, 0.34424379468, 0.0309377554804, 0.000879010010976, 0.000226608506637, 4.3901236495e-05, 8.32044406707e-06, 1.13608052743e-06, 1.18534607907e-07, 5.54487762372e-08, 5.53403101122e-09, 5.2515153337e-10, 1.54908350036e-10, 7.00451086022e-10],
        "max": [0.927290380001, 14.4064092636, 58.9431800842, 64.7897415161, 306.699798584, 124.983329773, 23.9600276947, 20.8120822906, 18.5677051544, 38.5830383301, 366.52835083, 217.47253418, 219.25881958, 219.646987915, 223.569549561, 199.710876465, 40.4942855835, 187.802474976, 516.008178711, 515.703552246, 467.461395264, 286.245483398, 123.260253906, 132.008178711, 50.0066947937, 16.5170078278, 9.53387737274, 5.10967540741, 1.23331665993, 0.179802000523, 0.0701838582754, 0.0621001832187, 0.0209641326219, 0.00742711732164, 0.00357150379568, 0.00191019428894, 0.0008083115099, 0.000286255730316, 9.34106792556e-05, 0.000110145207145],
        "mean": [0.147413939238, 3.55145072937, 16.0851478577, 12.9573488235, 68.1197357178, 26.8287448883, 3.29448199272, 2.25299739838, 2.5363407135, 5.5227689743, 50.3874206543, 35.974067688, 39.8719863892, 15.6240673065, 17.7131233215, 15.8295602798, 4.48129606247, 24.6265048981, 62.8858108521, 38.2660636902, 54.9124679565, 31.9455299377, 14.4671506882, 11.0148029327, 3.36459922791, 1.32127594948, 0.921346545219, 0.655896902084, 0.194776952267, 0.0344418250024, 0.0123858861625, 0.00751966563985, 0.00354385725223, 0.00145873730071, 0.000394800386857, 0.000216158776311, 5.03664341522e-05, 1.15138682304e-05, 2.97451933875e-05, 6.24492677161e-05],
        "median": [0.0951859280467, 2.77168273926, 12.1659250259, 11.2844667435, 48.4897918701, 21.2294521332, 2.81558609009, 1.42948698997, 1.81825304031, 3.98885965347, 34.0490188599, 27.3297901154, 27.8403682709, 10.3068094254, 11.4461307526, 10.6754684448, 2.78909540176, 14.4497680664, 40.4371032715, 23.6787490845, 31.2861824036, 19.8303432465, 7.98145246506, 6.64388513565, 1.9777109623, 0.820060670376, 0.614418804646, 0.485910534859, 0.162188112736, 0.0273863207549, 0.00902331899852, 0.00582056352869, 0.0030282328371, 0.00122793531045, 0.000311608746415, 0.000173902721144, 3.64423540304e-05, 8.82294625626e-06, 2.99760613416e-05, 6.30515060038e-05],
        "min": [0.0039822421968, 0.0561759360135, 0.314224839211, 0.837358951569, 1.2794919014, 1.13926410675, 0.446874111891, 0.174271464348, 0.177915871143, 0.459778577089, 2.24063491821, 1.94117999077, 0.651683628559, 0.179874882102, 0.374368429184, 0.271506994963, 0.150718897581, 1.09372186661, 2.81698107719, 0.956597983837, 0.890157878399, 0.298195332289, 0.169037252665, 0.117855094373, 0.0819035768509, 0.058863338083, 0.052779853344, 0.0597384795547, 0.0117060644552, 0.00302666658536, 0.00107830390334, 0.00105566810817, 0.000675917312037, 0.000322885432979, 9.59548196988e-05, 5.98040387558e-05, 1.42870230775e-05, 3.51088465322e-06, 1.05068165794e-05, 8.37193510961e-06],
        "var": [0.0205037146807, 7.45689916611, 148.959152222, 60.6526145935, 3552.31469727, 463.607452393, 5.83005523682, 6.58761787415, 5.73329973221, 26.9532489777, 2268.17163086, 905.367736816, 1282.68505859, 541.535705566, 450.135650635, 426.299743652, 26.7303028107, 744.949401855, 4691.59082031, 2415.3215332, 4079.85717773, 1307.83764648, 328.862304688, 213.333221436, 23.4137916565, 3.10227584839, 0.964788377285, 0.402843356133, 0.023761048913, 0.000674020149745, 8.87736459845e-05, 3.1892068364e-05, 5.3577300605e-06, 8.7711651986e-07, 1.09125359415e-07, 3.60460461479e-08, 4.95485918961e-09, 5.0363380133e-10, 9.0336016445e-11, 4.10155048813e-10]
    },
    "gfcc": {
        "mean": [-46.9682388306, 194.055252075, -148.359924316, 38.3158988953, -5.77191066742, -6.86695146561, -10.2425508499, -1.29164767265, -4.88948726654, -24.8103866577, -28.9602165222, -26.679775238, -0.737718582153],
        "cov": [[516.040405273, -36.277431488, -229.387237549, -1.36625409126, -4.60680103302, -29.5103702545, -28.6590003967, 3.15137767792, -16.5986785889, 23.0324077606, 30.7204170227, 36.0380744934, 9.45207500458], [-36.277431488, 98.0895080566, 32.9735679626, -21.6836662292, 17.7755432129, -12.662820816, 27.284318924, 0.419238775969, 6.89404201508, -20.107624054, 1.95088362694, -11.5607652664, 9.0017786026], [-229.387237549, 32.9735679626, 199.313812256, 13.9410057068, 0.999757885933, 15.0478239059, 14.6363735199, -8.46605491638, 9.77192878723, -18.5763626099, -26.7526798248, -27.5640983582, -6.86044931412], [-1.36625409126, -21.6836662292, 13.9410057068, 79.1015777588, 36.6882400513, 1.76464819908, 1.82580387592, -4.46838760376, 14.1067056656, 13.7658252716, 15.7884569168, 7.92432594299, 1.71256101131], [-4.60680103302, 17.7755432129, 0.999757885933, 36.6882400513, 103.161987305, 24.5289001465, 8.55054092407, 4.48865461349, 14.272064209, 12.3203792572, 20.937871933, 5.03730010986, 5.12056970596], [-29.5103702545, -12.662820816, 15.0478239059, 1.76464819908, 24.5289001465, 61.535194397, 21.6088485718, 6.2725725174, 9.32087135315, 3.44318532944, 1.91587543488, 2.15440130234, 5.74085903168], [-28.6590003967, 27.284318924, 14.6363735199, 1.82580387592, 8.55054092407, 21.6088485718, 57.4470825195, 22.4118404388, 9.55522155762, 0.919829726219, 2.26076221466, -0.525496423244, 8.4323348999], [3.15137767792, 0.419238775969, -8.46605491638, -4.46838760376, 4.48865461349, 6.2725725174, 22.4118404388, 63.100730896, 33.9438591003, 20.6073932648, 12.3271799088, 8.35166072845, -3.87834072113], [-16.5986785889, 6.89404201508, 9.77192878723, 14.1067056656, 14.272064209, 9.32087135315, 9.55522155762, 33.9438591003, 55.7933654785, 29.5169010162, 8.60876560211, 0.385616183281, -3.29708790779], [23.0324077606, -20.107624054, -18.5763626099, 13.7658252716, 12.3203792572, 3.44318532944, 0.919829726219, 20.6073932648, 29.5169010162, 65.9768676758, 28.9196395874, 7.27315855026, -6.84916162491], [30.7204170227, 1.95088362694, -26.7526798248, 15.7884569168, 20.937871933, 1.91587543488, 2.26076221466, 12.3271799088, 8.60876560211, 28.9196395874, 49.2663116455, 22.3887615204, -5.88745450974], [36.0380744934, -11.5607652664, -27.5640983582, 7.92432594299, 5.03730010986, 2.15440130234, -0.525496423244, 8.35166072845, 0.385616183281, 7.27315855026, 22.3887615204, 40.953327179, 12.3996324539], [9.45207500458, 9.0017786026, -6.86044931412, 1.71256101131, 5.12056970596, 5.74085903168, 8.4323348999, -3.87834072113, -3.29708790779, -6.84916162491, -5.88745450974, 12.3996324539, 31.0199832916]],
        "icov": [[0.00425119092688, -0.00259100366384, 0.00521814869717, -0.00260563753545, 0.00109718681779, -0.00115831149742, 0.00229379208758, -0.00131621048786, 0.00232788361609, -0.00186080334242, 0.00240008509718, -0.00150641147047, 0.000893830321729], [-0.00259100366384, 0.0457388311625, -0.0107003375888, 0.0287177432328, -0.0155584840104, 0.0294711049646, -0.028227834031, 0.0186358522624, -0.028754491359, 0.0253753438592, -0.0344258435071, 0.0196213833988, -0.0211487431079], [0.00521814869717, -0.0107003375888, 0.0140660619363, -0.00955846067518, 0.00428204517812, -0.00760600809008, 0.00562799721956, -0.0030864640139, 0.00513409031555, -0.00467000855133, 0.0107955569401, -0.0028525183443, 0.00664249621332], [-0.00260563753545, 0.0287177432328, -0.00955846067518, 0.0363192930818, -0.0155609995127, 0.0217764340341, -0.0200220365077, 0.0182230081409, -0.0240866038948, 0.0148077299818, -0.0239168442786, 0.00819175038487, -0.0125036267564], [0.00109718681779, -0.0155584840104, 0.00428204517812, -0.0155609995127, 0.0197529420257, -0.0155791733414, 0.011249278672, -0.00719094695523, 0.0084606166929, -0.00661243731156, 0.0040001780726, -0.00126995542087, 0.00235840678215], [-0.00115831149742, 0.0294711049646, -0.00760600809008, 0.0217764340341, -0.0155791733414, 0.0408177338541, -0.0262179058045, 0.0153551027179, -0.0215943176299, 0.0150236096233, -0.0196802150458, 0.00858720578253, -0.0131652541459], [0.00229379208758, -0.028227834031, 0.00562799721956, -0.0200220365077, 0.011249278672, -0.0262179058045, 0.0447177365422, -0.0245000384748, 0.0217428002506, -0.0131732169539, 0.0149775575846, -0.0031527527608, 0.00112412753515], [-0.00131621048786, 0.0186358522624, -0.0030864640139, 0.0182230081409, -0.00719094695523, 0.0153551027179, -0.0245000384748, 0.0408698581159, -0.0311543736607, 0.00962716992944, -0.0132709490135, -0.00208403705619, 0.000548069656361], [0.00232788361609, -0.028754491359, 0.00513409031555, -0.0240866038948, 0.0084606166929, -0.0215943176299, 0.0217428002506, -0.0311543736607, 0.0557941831648, -0.0286202132702, 0.026485754177, -0.00856039393693, 0.010954240337], [-0.00186080334242, 0.0253753438592, -0.00467000855133, 0.0148077299818, -0.00661243731156, 0.0150236096233, -0.0131732169539, 0.00962716992944, -0.0286202132702, 0.0419387407601, -0.0354597605765, 0.0167532358319, -0.0127602480352], [0.00240008509718, -0.0344258435071, 0.0107955569401, -0.0239168442786, 0.0040001780726, -0.0196802150458, 0.0149775575846, -0.0132709490135, 0.026485754177, -0.0354597605765, 0.0753652080894, -0.0427250377834, 0.0365861840546], [-0.00150641147047, 0.0196213833988, -0.0028525183443, 0.00819175038487, -0.00126995542087, 0.00858720578253, -0.0031527527608, -0.00208403705619, -0.00856039393693, 0.0167532358319, -0.0427250377834, 0.0592624470592, -0.0361100360751], [0.000893830321729, -0.0211487431079, 0.00664249621332, -0.0125036267564, 0.00235840678215, -0.0131652541459, 0.00112412753515, 0.000548069656361, 0.010954240337, -0.0127602480352, 0.0365861840546, -0.0361100360751, 0.0617966912687]]
    },
    "melbands": {
        "dmean": [0.00151149369776, 0.00498363468796, 0.00248367944732, 0.00268633826636, 0.00010549207218, 3.61952079402e-05, 3.061422467e-05, 2.94322271657e-05, 0.000376763695385, 0.000134506524773, 0.000130314976559, 3.87689833588e-05, 2.70466880465e-05, 4.32868146163e-05, 1.01827836261e-05, 6.2764293034e-06, 3.82572325179e-05, 7.81050184742e-05, 1.90431019291e-05, 4.43721619376e-05, 3.18287420669e-05, 1.9536124455e-05, 1.29940463012e-05, 6.40983671474e-06, 5.73912075197e-06, 1.55924703904e-06, 7.5794815757e-07, 3.7102705619e-07, 2.24482405997e-07, 2.90322788032e-07, 1.3133342236e-07, 5.41338458504e-08, 1.91848474884e-08, 7.39384198312e-09, 6.37063424236e-09, 2.88525003889e-09, 1.99786942545e-09, 1.07385522696e-09, 6.56139864663e-10, 3.55578122502e-10],
        "dmean2": [0.00259308074601, 0.00853504706174, 0.00418700603768, 0.00442596897483, 0.000187490790267, 6.33987147012e-05, 5.34169630555e-05, 5.20442008565e-05, 0.000619290629402, 0.00022828092915, 0.00020557444077, 6.34890602669e-05, 4.4308933866e-05, 6.58283679513e-05, 1.59797509696e-05, 1.0188723536e-05, 6.5021456976e-05, 0.000122855199152, 3.14764292852e-05, 7.17768998584e-05, 5.14609346283e-05, 3.18773199979e-05, 2.12980794458e-05, 1.02965250335e-05, 9.17822308111e-06, 2.3991224225e-06, 1.25676399421e-06, 6.2392257405e-07, 3.65617808029e-07, 4.5109010216e-07, 1.99112548671e-07, 8.44289189672e-08, 2.93707653753e-08, 1.32615767257e-08, 1.17669705091e-08, 4.94475749235e-09, 3.29831495449e-09, 1.75013492587e-09, 1.05746678081e-09, 5.79887193819e-10],
        "dvar": [2.34424328482e-06, 1.71503015736e-05, 5.19142940902e-06, 6.16350962446e-06, 1.03088151349e-08, 2.20386775496e-09, 1.56036794596e-09, 1.11283315896e-09, 1.44622418929e-07, 1.8442969818e-08, 1.93622486933e-08, 3.76625752807e-09, 3.06958281016e-09, 3.52759221833e-09, 2.65153149437e-10, 9.14401748764e-11, 3.43331074681e-09, 1.00937915803e-08, 8.30570001664e-10, 5.85961101862e-09, 1.72789305086e-09, 8.73790595435e-10, 2.76083600426e-10, 8.09260367052e-11, 1.11483398901e-10, 7.91128881156e-12, 2.7077853848e-12, 7.26303836952e-13, 1.49150941706e-13, 3.17484292979e-13, 3.21349324646e-14, 5.42118111605e-15, 9.68953493254e-16, 6.12445385802e-17, 4.63921996619e-17, 9.61951247241e-18, 6.49634400439e-18, 2.02146956443e-18, 1.06912918397e-18, 1.88276039714e-19],
        "dvar2": [6.68986831442e-06, 5.09552446601e-05, 1.4901657778e-05, 1.63032018463e-05, 3.15406225582e-08, 6.36418651112e-09, 4.55534587829e-09, 2.89241519624e-09, 3.63686808669e-07, 5.09982243102e-08, 4.54442243836e-08, 7.07335034988e-09, 8.60166426975e-09, 7.00638436157e-09, 5.99573224402e-10, 2.42125125505e-10, 9.45718614531e-09, 2.28098837596e-08, 1.93303240081e-09, 1.32377397932e-08, 4.26425605937e-09, 2.32066366124e-09, 6.60000776254e-10, 1.83126680486e-10, 2.98492647266e-10, 1.54188137952e-11, 7.13489597265e-12, 2.07833793578e-12, 3.96318720029e-13, 7.25256226602e-13, 7.58877146236e-14, 1.37739890023e-14, 2.39628352459e-15, 1.69148813502e-16, 1.31910029063e-16, 2.23211611186e-17, 1.54993877176e-17, 5.19335710937e-18, 2.9073444317e-18, 4.4264724834e-19],
        "max": [0.0117161273956, 0.0250762943178, 0.0159001741558, 0.0191004313529, 0.000923267041799, 0.000419668998802, 0.000354097574018, 0.000358752789907, 0.00356898340397, 0.00118917122018, 0.0011225452181, 0.000974566268269, 0.000743738026358, 0.000788655190263, 0.000157158196089, 0.000100675832073, 0.000476355751744, 0.00105232885107, 0.000391147448681, 0.000855156453326, 0.000434403424151, 0.000329219154082, 0.000152813037857, 8.1325393694e-05, 0.000115302289487, 4.76070563309e-05, 1.63003860507e-05, 1.09898319351e-05, 4.518739388e-06, 8.14666964288e-06, 2.31569447351e-06, 7.61628257351e-07, 3.34496121468e-07, 5.60256658844e-08, 4.99629990713e-08, 4.10291214337e-08, 3.46976740673e-08, 1.55330788232e-08, 1.20401431047e-08, 5.68754865427e-09],
        "mean": [0.00228453148156, 0.00722678471357, 0.00413266802207, 0.00395983457565, 0.000146253703861, 4.74177904835e-05, 4.51706146123e-05, 4.88730511279e-05, 0.000516381987836, 0.000186347984709, 0.000202373688808, 7.1597925853e-05, 4.55604094896e-05, 6.75119663356e-05, 1.5752046238e-05, 1.03371867226e-05, 4.74580701848e-05, 0.000126222817926, 3.53835821443e-05, 7.200321852e-05, 5.82962748013e-05, 3.12949487125e-05, 2.16546341107e-05, 1.05046819954e-05, 9.14617794479e-06, 3.02221610582e-06, 1.42423289162e-06, 7.17223940683e-07, 4.61672470919e-07, 6.14427449364e-07, 3.10582606744e-07, 1.22893041521e-07, 3.91593175664e-08, 1.04387680722e-08, 7.39720951159e-09, 5.07186648235e-09, 4.31102220588e-09, 2.66209387867e-09, 1.67683067431e-09, 1.02692243598e-09],
        "median": [0.00180865544826, 0.00540312379599, 0.00359150860459, 0.00279847229831, 0.000116814786452, 2.87957300316e-05, 3.09813694912e-05, 3.43847641489e-05, 0.00035448820563, 0.000142277160194, 0.00013985602709, 4.73142026749e-05, 2.93468783639e-05, 4.3016851123e-05, 9.65533945418e-06, 5.59113232157e-06, 2.47368789132e-05, 7.67486708355e-05, 2.04631232918e-05, 3.92093315895e-05, 3.39946927852e-05, 1.93034265976e-05, 1.21629200294e-05, 5.6013145695e-06, 5.78970730203e-06, 1.75281286374e-06, 7.84937299159e-07, 4.35528193066e-07, 3.14826451131e-07, 4.23326781629e-07, 2.27740670766e-07, 1.01460457813e-07, 2.89905059958e-08, 7.69667884981e-09, 5.13888753773e-09, 4.03413524808e-09, 3.382003122e-09, 2.20207674317e-09, 1.35102895538e-09, 8.66129556965e-10],
        "min": [4.65153425466e-05, 0.000136191039928, 0.000159763440024, 9.27813962335e-05, 1.48276249092e-05, 2.77421554529e-06, 3.07619711748e-06, 3.64711331713e-06, 2.06374133995e-05, 1.02986668935e-05, 2.93815401164e-06, 7.43296766359e-07, 9.36188257583e-07, 1.25236579152e-06, 2.43553728296e-07, 3.3389162013e-07, 2.20129709305e-06, 5.52677920496e-06, 1.59537876243e-06, 9.00350244137e-07, 1.10169446543e-06, 2.78378280427e-07, 2.61169958549e-07, 1.03000374452e-07, 9.67799564933e-08, 4.75459422944e-08, 5.68466091977e-08, 3.62887000449e-08, 2.84490795366e-08, 3.51413333988e-08, 2.06837729166e-08, 6.00276051088e-09, 2.26871610387e-09, 9.74315628177e-10, 6.55470566713e-10, 3.99326266498e-10, 7.59874829726e-10, 4.92421714515e-10, 2.86952878126e-10, 1.90794921529e-10],
        "var": [3.27049315274e-06, 2.84529505734e-05, 6.98608664607e-06, 1.17357585623e-05, 1.28149038048e-08, 2.96309932146e-09, 2.06781769485e-09, 2.33920460779e-09, 2.30783797406e-07, 2.49727793999e-08, 3.48877833289e-08, 1.13313349814e-08, 3.82058917836e-09, 7.63420349159e-09, 4.27001101144e-10, 1.73865255526e-10, 4.01146138529e-09, 2.04574970297e-08, 1.88744286866e-09, 9.82645165237e-09, 4.30459490275e-09, 1.45824807785e-09, 6.9533589997e-10, 1.72912392737e-10, 1.5935867903e-10, 1.87801215551e-11, 4.90286327162e-12, 9.28825918088e-13, 2.30040866998e-13, 5.23372957386e-13, 7.59527735302e-14, 9.20731928742e-15, 1.50755008656e-15, 6.66347518541e-17, 4.2943137749e-17, 1.56717705029e-17, 1.04631283366e-17, 3.1978132465e-18, 1.4931316262e-18, 4.53433838624e-19]
    },
    "mfcc": {
        "mean": [-683.052429199, 213.903610229, -53.2599334717, 53.3979911804, 18.0937099457, 12.1649856567, 4.17013454437, 15.8707933426, 26.5914878845, 5.34703493118, -2.22139143944, -8.60586357117, -18.828868866],
        "cov": [[690.798278809, -63.8520507812, -263.746276855, 2.05670642853, -41.0189437866, -30.3102245331, -27.9595375061, -28.8770637512, -52.2648239136, -28.7749404907, -15.0636844635, 24.0777587891, 23.9143810272], [-63.8520507812, 114.255050659, 20.6920375824, -13.8076257706, 2.51363492012, -18.340631485, 18.1354579926, 5.48316669464, 18.0881729126, -2.39076638222, 0.48912525177, -4.66215801239, -0.118375651538], [-263.746276855, 20.6920375824, 179.265762329, 0.233153894544, -9.14787578583, 17.366230011, -4.09958314896, 17.1663074493, 19.4036216736, 15.6282987595, -2.85969519615, -12.8615512848, -18.4589614868], [2.05670642853, -13.8076257706, 0.233153894544, 75.4373474121, 27.6440467834, 6.50623369217, 3.33218359947, -7.53602218628, 1.96190690994, -0.257832944393, 16.8652610779, 9.91271305084, 2.20815467834], [-41.0189437866, 2.51363492012, -9.14787578583, 27.6440467834, 83.4714660645, 24.5367774963, 3.74385666847, 1.87874782085, -2.95574736595, 10.5042715073, 10.6518802643, 8.5079574585, 13.0832490921], [-30.3102245331, -18.340631485, 17.366230011, 6.50623369217, 24.5367774963, 62.5490684509, 15.9426517487, 1.63349854946, 3.41998767853, 5.45868062973, -4.72821712494, -8.13648414612, -2.83768892288], [-27.9595375061, 18.1354579926, -4.09958314896, 3.33218359947, 3.74385666847, 15.9426517487, 52.4562644958, 12.7774610519, 3.32799696922, -0.74172526598, 0.0377934314311, -2.61523914337, -2.00087738037], [-28.8770637512, 5.48316669464, 17.1663074493, -7.53602218628, 1.87874782085, 1.63349854946, 12.7774610519, 59.8381309509, 15.7843637466, 1.90854489803, -10.7044639587, -5.25788021088, 1.06951189041], [-52.2648239136, 18.0881729126, 19.4036216736, 1.96190690994, -2.95574736595, 3.41998767853, 3.32799696922, 15.7843637466, 57.0662956238, 16.1431941986, -2.42207074165, -2.27403306961, -0.371516734362], [-28.7749404907, -2.39076638222, 15.6282987595, -0.257832944393, 10.5042715073, 5.45868062973, -0.74172526598, 1.90854489803, 16.1431941986, 47.8043670654, 20.5421867371, 3.2902173996, 3.89991784096], [-15.0636844635, 0.48912525177, -2.85969519615, 16.8652610779, 10.6518802643, -4.72821712494, 0.0377934314311, -10.7044639587, -2.42207074165, 20.5421867371, 61.0468864441, 24.8255558014, -0.78741812706], [24.0777587891, -4.66215801239, -12.8615512848, 9.91271305084, 8.5079574585, -8.13648414612, -2.61523914337, -5.25788021088, -2.27403306961, 3.2902173996, 24.8255558014, 49.6713104248, 26.9547119141], [23.9143810272, -0.118375651538, -18.4589614868, 2.20815467834, 13.0832490921, -2.83768892288, -2.00087738037, 1.06951189041, -0.371516734362, 3.89991784096, -0.78741812706, 26.9547119141, 62.3261375427]],
