{
"lowlevel": {
    "average_loudness": 0.984890043736,
    "barkbands_crest": {
        "dmean": 3.5332942009,
        "dmean2": 6.32571983337,
        "dvar": 8.11573600769,
        "dvar2": 23.3262901306,
        "max": 20.1282444,
        "mean": 9.44489097595,
        "median": 8.45092010498,
        "min": 4.11932468414,
        "var": 11.1878843307
    },
    "barkbands_flatness_db": {
        "dmean": 0.0235554780811,
        "dmean2": 0.0405169315636,
        "dvar": 0.000362387247151,
        "dvar2": 0.000902607745957,
        "max": 0.260233968496,
        "mean": 0.187553778291,
        "median": 0.187182113528,
        "min": 0.0527688674629,
        "var": 0.000745169643778
    },
    "barkbands_kurtosis": {
        "dmean": 1.66968989372,
        "dmean2": 2.73004078865,
        "dvar": 5.91316270828,
        "dvar2": 16.3951244354,
        "max": 15.4840354919,
        "mean": 0.0637799873948,
        "median": -0.839558839798,
        "min": -1.88902330399,
        "var": 5.91613769531
    },
    "barkbands_skewness": {
        "dmean": 0.773020863533,
        "dmean2": 1.23146128654,
        "dvar": 0.436293691397,
        "dvar2": 1.20753073692,
        "max": 3.06231975555,
        "mean": 0.752423524857,
        "median": 0.815978705883,
        "min": -3.95480275154,
        "var": 1.01501166821
    },
    "barkbands_spread": {
        "dmean": 7.96519947052,
        "dmean2": 12.4201898575,
        "dvar": 39.8909988403,
        "dvar2": 120.131591797,
        "max": 51.4648208618,
        "mean": 31.318239212,
        "median": 32.0064125061,
        "min": 7.38262939453,
        "var": 82.0636672974
    },
    "dissonance": {
        "dmean": 0.00880370009691,
        "dmean2": 0.0142147857696,
        "dvar": 0.000145290789078,
        "dvar2": 0.000191846847883,
        "max": 0.499487817287,
        "mean": 0.484121710062,
        "median": 0.486420154572,
        "min": 0.346221089363,
        "var": 0.000206315424293
    },
    "dynamic_complexity": 1.25244212151,
    "erbbands_crest": {
        "dmean": 3.51330804825,
        "dmean2": 5.85681676865,
        "dvar": 10.6139879227,
        "dvar2": 29.6576499939,
        "max": 27.6887550354,
        "mean": 11.7282876968,
        "median": 10.9616613388,
        "min": 5.25057888031,
        "var": 18.0537166595
    },
    "erbbands_flatness_db": {
        "dmean": 0.0255323257297,
        "dmean2": 0.0391790866852,
        "dvar": 0.000503372342791,
        "dvar2": 0.00114072975703,
        "max": 0.395496308804,
        "mean": 0.242873266339,
        "median": 0.235569864511,
        "min": 0.126148357987,
        "var": 0.00160564575344
    },
    "erbbands_kurtosis": {
        "dmean": 4.03150177002,
        "dmean2": 6.62252092361,
        "dvar": 38.9191055298,
        "dvar2": 104.246444702,
        "max": 57.0849838257,
        "mean": 3.45720100403,
        "median": 1.21407842636,
        "min": -1.73426890373,
        "var": 46.791267395
    },
    "erbbands_skewness": {
        "dmean": 0.695618510246,
        "dmean2": 1.06699371338,
        "dvar": 0.414777010679,
        "dvar2": 1.12094175816,
        "max": 0.134064987302,
        "mean": -1.64907181263,
        "median": -1.45167911053,
        "min": -5.74894285202,
        "var": 0.988073766232
    },
    "erbbands_spread": {
        "dmean": 8.52868270874,
        "dmean2": 13.1261825562,
        "dvar": 43.2289047241,
        "dvar2": 97.9606628418,
        "max": 53.0067481995,
        "mean": 27.2490844727,
        "median": 27.6879844666,
        "min": 1.85220527649,
        "var": 138.769073486
    },
    "hfc": {
        "dmean": 10.5071334839,
        "dmean2": 16.4819355011,
        "dvar": 164.427444458,
        "dvar2": 417.06072998,
        "max": 96.2936401367,
        "mean": 22.5027561188,
        "median": 17.6736164093,
        "min": 0.434539377689,
        "var": 256.877502441
    },
    "melbands_crest": {
        "dmean": 4.7363858223,
        "dmean2": 8.24213027954,
        "dvar": 13.7581367493,
        "dvar2": 34.5561714172,
        "max": 26.530380249,
        "mean": 15.1774740219,
        "median": 14.8295583725,
        "min": 6.35628128052,
        "var": 23.1376914978
    },
    "melbands_flatness_db": {
        "dmean": 0.032430909574,
        "dmean2": 0.056521512568,
        "dvar": 0.00065154733602,
        "dvar2": 0.00172561744694,
        "max": 0.348044186831,
        "mean": 0.26235434413,
        "median": 0.262870073318,
        "min": 0.126595169306,
        "var": 0.00122063898016
    },
    "melbands_kurtosis": {
        "dmean": 5.17961406708,
        "dmean2": 8.31636714935,
        "dvar": 29.2958374023,
        "dvar2": 75.2025375366,
        "max": 33.9918785095,
        "mean": 5.81285142899,
        "median": 4.08317232132,
        "min": -1.8671002388,
        "var": 51.0159111023
    },
    "melbands_skewness": {
        "dmean": 0.997195243835,
        "dmean2": 1.61263954639,
        "dvar": 0.66075617075,
        "dvar2": 1.81164979935,
        "max": 5.47434473038,
        "mean": 2.22159266472,
        "median": 2.3006811142,
        "min": -1.99205684662,
        "var": 1.51143682003
    },
    "melbands_spread": {
        "dmean": 15.9242172241,
        "dmean2": 25.7627830505,
        "dvar": 183.570251465,
        "dvar2": 453.882354736,
        "max": 90.3193588257,
        "mean": 37.3414459229,
        "median": 32.3072280884,
        "min": 7.10929965973,
        "var": 431.88973999
    },
    "pitch_salience": {
        "dmean": 0.102788619697,
        "dmean2": 0.178720504045,
        "dvar": 0.00573629233986,
        "dvar2": 0.0141548132524,
        "max": 0.793415546417,
        "mean": 0.509053111076,
        "median": 0.517624497414,
        "min": 0.284722924232,
        "var": 0.0104718264192
    },
    "silence_rate_20dB": {
        "dmean": 0,
        "dmean2": 0,
        "dvar": 0,
        "dvar2": 0,
        "max": 1,
        "mean": 1,
        "median": 1,
        "min": 1,
        "var": 0
    },
    "silence_rate_30dB": {
        "dmean": 0,
        "dmean2": 0,
        "dvar": 0,
        "dvar2": 0,
        "max": 1,
        "mean": 1,
        "median": 1,
        "min": 1,
        "var": 0
    },
    "silence_rate_60dB": {
        "dmean": 0,
        "dmean2": 0,
        "dvar": 0,
        "dvar2": 0,
        "max": 0,
        "mean": 0,
        "median": 0,
        "min": 0,
        "var": 0
    },
    "spectral_centroid": {
        "dmean": 288.322174072,
        "dmean2": 436.320159912,
        "dvar": 43017.7617188,
        "dvar2": 104294.914062,
        "max": 2522.99609375,
        "mean": 1777.04248047,
        "median": 1754.86828613,
        "min": 725.523132324,
        "var": 159860.53125
    },
    "spectral_complexity": {
        "dmean": 3.65333342552,
        "dmean2": 5.68456363678,
        "dvar": 8.6398229599,
        "dvar2": 19.3166065216,
        "max": 35,
        "mean": 21.8807945251,
        "median": 22,
        "min": 0,
        "var": 24.3301563263
    },
    "spectral_decrease": {
        "dmean": 1.8851078476e-09,
        "dmean2": 3.35132699369e-09,
        "dvar": 2.54517146551e-18,
        "dvar2": 6.14903857572e-18,
        "max": -8.3669723927e-11,
        "mean": -6.0771139232e-09,
        "median": -5.96358340488e-09,
        "min": -1.03543564833e-08,
        "var": 3.7757126417e-18
    },
    "spectral_energy": {
        "dmean": 0.00763357477263,
        "dmean2": 0.0134025933221,
        "dvar": 4.38255628978e-05,
        "dvar2": 0.000104248763819,
        "max": 0.0456612221897,
        "mean": 0.0249774251133,
        "median": 0.0245903525501,
        "min": 0.000355203228537,
        "var": 6.77105635987e-05
    },
    "spectral_energyband_high": {
        "dmean": 1.97169483727e-05,
        "dmean2": 3.08786911773e-05,
        "dvar": 4.90549212362e-10,
        "dvar2": 1.0261166361e-09,
        "max": 0.000212797240238,
        "mean": 4.93013976666e-05,
        "median": 3.78994154744e-05,
        "min": 8.70762323757e-06,
        "var": 1.16259502025e-09
    },
    "spectral_energyband_low": {
        "dmean": 0.00671647721902,
        "dmean2": 0.0120294252411,
        "dvar": 2.79552496067e-05,
        "dvar2": 8.02457579994e-05,
        "max": 0.0284786745906,
        "mean": 0.0108453221619,
        "median": 0.00943163689226,
        "min": 0.000106605635665,
        "var": 3.86128704122e-05
    },
    "spectral_energyband_middle_high": {
        "dmean": 0.0044819470495,
        "dmean2": 0.00708899460733,
        "dvar": 3.22444284393e-05,
        "dvar2": 8.12676153146e-05,
        "max": 0.040001872927,
        "mean": 0.00872742664069,
        "median": 0.00655081542209,
        "min": 0.0001570443128,
        "var": 4.76653585793e-05
    },
    "spectral_energyband_middle_low": {
        "dmean": 0.00224466482177,
        "dmean2": 0.00378203880973,
        "dvar": 6.73549493513e-06,
        "dvar2": 2.0737576051e-05,
        "max": 0.0266431886703,
        "mean": 0.0055975979194,
        "median": 0.00496152509004,
        "min": 7.92286300566e-05,
        "var": 9.43712711887e-06
    },
    "spectral_entropy": {
        "dmean": 0.142258614302,
        "dmean2": 0.225166857243,
        "dvar": 0.0137381460518,
        "dvar2": 0.0319792404771,
        "max": 8.09021282196,
        "mean": 7.17533111572,
        "median": 7.1933350563,
        "min": 6.56695127487,
        "var": 0.0360247604549
    },
    "spectral_flux": {
        "dmean": 0.0214305128902,
        "dmean2": 0.0337428189814,
        "dvar": 0.000348953850335,
        "dvar2": 0.000804005598184,
        "max": 0.178878739476,
        "mean": 0.094851128757,
        "median": 0.0924700796604,
        "min": 0.0438011772931,
        "var": 0.0007341473829
    },
    "spectral_kurtosis": {
        "dmean": 5.4561214447,
        "dmean2": 9.736369133,
        "dvar": 20.498052597,
        "dvar2": 63.5228424072,
        "max": 26.7194652557,
        "mean": 9.34661483765,
        "median": 7.96345710754,
        "min": 2.12394142151,
        "var": 25.9492454529
    },
    "spectral_rms": {
        "dmean": 0.000781765091233,
        "dmean2": 0.00136291305535,
        "dvar": 5.16895227065e-07,
        "dvar2": 1.09166148832e-06,
        "max": 0.0066743940115,
        "mean": 0.00485674338415,
        "median": 0.00489801866934,
        "min": 0.000588676251937,
        "var": 7.80257380484e-07
    },
    "spectral_rolloff": {
        "dmean": 541.77520752,
        "dmean2": 900.058959961,
        "dvar": 314121.375,
        "dvar2": 744985.1875,
        "max": 2993.11523438,
        "mean": 1907.89904785,
        "median": 2174.85351562,
        "min": 215.33203125,
        "var": 599583.0625
    },
    "spectral_skewness": {
        "dmean": 0.500731527805,
        "dmean2": 0.849072396755,
        "dvar": 0.154490977526,
        "dvar2": 0.513021707535,
        "max": 3.56726717949,
        "mean": 1.29036843777,
        "median": 1.2149668932,
        "min": 0.00703439582139,
        "var": 0.253517478704
    },
    "spectral_spread": {
        "dmean": 314030.5625,
        "dmean2": 458271.9375,
        "dvar": 350365384704,
        "dvar2": 296068022272,
        "max": 10705299,
        "mean": 1993792.875,
        "median": 1946097.125,
        "min": 950323.625,
        "var": 648369668096
    },
    "spectral_strongpeak": {
        "dmean": 0.965253472328,
        "dmean2": 1.7926479578,
        "dvar": 3.74657797813,
        "dvar2": 10.4954252243,
        "max": 11.047249794,
        "mean": 0.787569880486,
        "median": 0.285800367594,
        "min": 0,
        "var": 2.61239957809
    },
    "zerocrossingrate": {
        "dmean": 0.00841471366584,
        "dmean2": 0.0106635382399,
        "dvar": 4.82127434225e-05,
        "dvar2": 6.75638730172e-05,
        "max": 0.0986328125,
        "mean": 0.0553730353713,
        "median": 0.05615234375,
        "min": 0.01806640625,
        "var": 0.000301270076307
    },
    "barkbands": {
        "dmean": [2.2587741114e-05, 0.00518638966605, 0.00263650901616, 0.000437494425569, 0.0014567009639, 0.000504216877744, 0.000893686490599, 0.000218284854782, 6.42958184471e-05, 0.000146532634972, 9.04698463273e-05, 7.48846505303e-05, 9.7517069662e-05, 0.000784129020758, 0.000875050551258, 0.0016436696751, 0.00197398918681, 0.000771450751927, 0.000211095146369, 1.58811981237e-05, 1.06393854367e-05, 4.33916784459e-06, 1.27049929688e-06, 2.95139017226e-07, 8.70364615935e-08, 1.03720253719e-07, 4.69519392254e-08],
        "dmean2": [3.65041705663e-05, 0.00948527827859, 0.00450610835105, 0.000730271160137, 0.00255282572471, 0.000805024814326, 0.00140100950375, 0.000312072836095, 0.000110848959594, 0.000247083720751, 0.00012423323642, 0.000122022145661, 0.000155038491357, 0.00127507653087, 0.00130422331858, 0.00291189248674, 0.00325682084076, 0.00128048646729, 0.000340217840858, 2.56671664829e-05, 1.69673821802e-05, 6.78920696373e-06, 2.35432798945e-06, 4.99378586483e-07, 1.26619369212e-07, 1.67505575632e-07, 6.47727347314e-08],
        "dvar": [5.1973364501e-10, 1.50804589794e-05, 3.96656696466e-06, 3.26345315216e-07, 5.36393963557e-06, 2.42005057771e-07, 6.74747752782e-07, 1.46661065514e-07, 8.73793304379e-09, 2.01078460549e-08, 4.12322478383e-08, 1.57440531723e-08, 1.45090357506e-08, 1.30177647861e-06, 3.21795164382e-06, 1.57029971888e-05, 8.76090234669e-06, 1.39408064115e-06, 8.75512782272e-08, 8.1054879475e-10, 1.03117209216e-10, 2.11759620256e-11, 1.09617002975e-12, 1.02220640806e-13, 6.1582832475e-14, 6.46480685282e-14, 7.26393635997e-14],
        "dvar2": [1.23762700088e-09, 4.63654469058e-05, 1.07731475509e-05, 9.53161702455e-07, 1.76135108632e-05, 5.56193128887e-07, 1.56707119459e-06, 2.47727541591e-07, 2.41757067698e-08, 6.49534612762e-08, 6.23684925927e-08, 3.89704339909e-08, 4.0257194911e-08, 3.02736384583e-06, 6.83608050167e-06, 4.33366949437e-05, 2.35013594647e-05, 3.35553181685e-06, 2.26167259143e-07, 1.62548940974e-09, 2.14495615714e-10, 5.18578062436e-11, 2.94266997922e-12, 1.83758010978e-13, 7.26852660091e-14, 7.79194485085e-14, 7.94717956265e-14],
        "max": [0.000135024194606, 0.0204799342901, 0.0127750141546, 0.00397538067773, 0.0224188193679, 0.00326767517254, 0.00616000499576, 0.00292026484385, 0.000774407642893, 0.000730266910978, 0.00245802802965, 0.00115423067473, 0.00123439950403, 0.0105628529564, 0.0164181832224, 0.0304550938308, 0.0237984135747, 0.00761169474572, 0.00196456932463, 0.000289005925879, 9.94634101517e-05, 3.49419970007e-05, 8.29986493045e-06, 4.06167600886e-06, 3.23969948113e-06, 3.30022908201e-06, 3.34751211994e-06],
        "mean": [3.06422771246e-05, 0.00715606007725, 0.00345808034763, 0.00057427684078, 0.00244702911004, 0.000776714761741, 0.00135995715391, 0.00029306623037, 9.21740283957e-05, 0.000183945987374, 0.000147952450789, 9.66152219917e-05, 0.000174297441845, 0.00111575785559, 0.000995739479549, 0.00170794699807, 0.00293560116552, 0.00108110089786, 0.000286945345579, 2.84242541966e-05, 2.46031395363e-05, 7.63026582717e-06, 1.67250902905e-06, 6.75055559896e-07, 2.07010486974e-07, 2.08602088492e-07, 1.23143607311e-07],
        "median": [2.28095996135e-05, 0.00641342252493, 0.00294606015086, 0.000344180269167, 0.00170327571686, 0.000616171513684, 0.00102419382893, 0.00010981522064, 6.49173962302e-05, 0.000129105537781, 4.33517016063e-05, 5.84912668273e-05, 0.000118670577649, 0.000640713202301, 0.000318229576806, 0.000786778051406, 0.00205052900128, 0.000564309360925, 0.000139235606184, 1.6597832655e-05, 2.02320752578e-05, 6.02263889959e-06, 1.29909449242e-06, 5.83065229876e-07, 1.47848922438e-07, 1.58181236998e-07, 8.60541007341e-08],
        "min": [5.69756480218e-07, 5.50040931557e-05, 3.13071905111e-05, 9.29581983655e-06, 1.89716847672e-05, 2.14744086406e-05, 1.6003703422e-05, 2.79062305708e-06, 7.11886332283e-06, 1.16430082926e-05, 4.76507148051e-06, 4.31980015492e-06, 8.07818832982e-06, 1.98790166905e-05, 2.19392386498e-05, 2.51713663602e-05, 2.7457568649e-05, 2.67568630079e-05, 2.30825116887e-06, 6.71946736475e-07, 2.56487373917e-06, 1.60104536917e-06, 4.19719839329e-07, 2.05597771696e-07, 5.0946670882e-08, 5.00350481047e-08, 4.21993888722e-08],
        "var": [6.88573309482e-10, 2.07105185837e-05, 7.01088856658e-06, 4.53092610542e-07, 6.46785883873e-06, 3.56152554559e-07, 1.17303454772e-06, 2.51732132028e-07, 8.17122192132e-09, 2.59992827267e-08, 1.19919036479e-07, 1.75173457961e-08, 3.29066267568e-08, 1.77129595613e-06, 4.11829205405e-06, 1.23089939734e-05, 1.03700713225e-05, 2.0307700197e-06, 1.1906446673e-07, 1.39689249057e-09, 2.90080015564e-10, 3.0604921375e-11, 1.39805409003e-12, 1.70910703125e-13, 8.08901895661e-14, 7.66377995678e-14, 7.82624629708e-14]
    },
    "erbbands": {
        "dmean": [0.0738581940532, 1.42104065418, 3.60691809654, 1.17593073845, 2.74337220192, 7.08951187134, 2.29831671715, 5.43540430069, 15.4711112976, 4.64737892151, 5.53644227982, 1.50708401203, 4.67743253708, 2.72053384781, 2.25391507149, 3.01307678223, 4.46931219101, 22.9432411194, 51.2798919678, 38.732585907, 98.7227783203, 112.232772827, 49.2801780701, 27.6558990479, 2.80806159973, 0.736872971058, 0.35697221756, 0.50153785944, 0.189740896225, 0.0454649701715, 0.0356683582067, 0.0118076121435, 0.00294526829384, 0.00123498693574, 0.000507365737576, 0.000591957825236, 0.000142860269989, 3.30690818373e-05, 8.21388493932e-06, 9.2323834906e-06],
        "dmean2": [0.132455393672, 2.59674859047, 6.18450641632, 2.03804731369, 4.39481163025, 12.9145889282, 4.0771355629, 8.71665763855, 23.8699684143, 8.11694812775, 7.86354494095, 2.47983026505, 8.0362443924, 3.9203286171, 3.40808176994, 4.88517093658, 7.18718624115, 36.508140564, 77.0665817261, 61.785785675, 171.357894897, 187.619491577, 81.8408660889, 43.3583831787, 4.42761468887, 1.18778538704, 0.539932489395, 0.757751643658, 0.295746684074, 0.079804122448, 0.0648828595877, 0.0205892026424, 0.00481165247038, 0.00181691383477, 0.000782582210377, 0.000982275465503, 0.000227470925893, 4.66481615149e-05, 1.18387524708e-05, 1.60869294632e-05],
        "dvar": [0.00296054175124, 1.20976090431, 8.37890338898, 0.959002494812, 10.8864936829, 199.371841431, 7.71035337448, 28.4788417816, 230.742736816, 24.011089325, 112.384780884, 3.42793488503, 19.3697566986, 23.351556778, 16.1443920135, 20.2020664215, 36.7306404114, 778.315917969, 7560.77001953, 4172.57861328, 55501.0507812, 28269.4472656, 5879.28222656, 1503.24560547, 13.5911312103, 1.56205296516, 0.212371855974, 0.220322310925, 0.0446410477161, 0.00160005432554, 0.000789617653936, 9.50094326981e-05, 1.7612845113e-05, 7.75024727773e-06, 3.00289821098e-06, 1.03649711036e-06, 2.31792284922e-07, 2.77724794273e-08, 1.38629729918e-09, 6.97067403799e-11],
        "dvar2": [0.00898467842489, 3.58872699738, 22.0155029297, 2.75583720207, 22.9831886292, 680.298156738, 25.8690547943, 63.103805542, 503.720336914, 63.5212287903, 192.3074646, 7.77247905731, 62.9818534851, 35.0419082642, 29.2206172943, 47.0817565918, 96.9147033691, 1839.99963379, 14302.6679688, 10958.0625, 151242.625, 76285.109375, 12885.7431641, 4086.07470703, 32.1341972351, 3.23113441467, 0.546930074692, 0.472618252039, 0.110354095697, 0.00443984754384, 0.00226731062867, 0.000237604341237, 2.38796819758e-05, 9.81367702479e-06, 3.34366245625e-06, 1.50243783992e-06, 2.50468815466e-07, 2.94985174065e-08, 1.52115253726e-09, 1.63250871155e-10],
        "max": [0.510568022728, 5.79985761642, 15.9974088669, 7.2150592804, 31.9318943024, 129.549133301, 20.848449707, 36.1927757263, 125.252639771, 34.4004669189, 79.9095535278, 12.4121694565, 25.8535556793, 52.633682251, 46.4960403442, 43.7205734253, 63.9620628357, 213.756072998, 764.117919922, 456.444641113, 1644.79284668, 1336.80725098, 470.344482422, 282.424682617, 25.0725250244, 12.989481926, 4.30392694473, 5.23607158661, 1.712236166, 0.310240447521, 0.226892977953, 0.0974588766694, 0.0593741349876, 0.0373862013221, 0.0218883845955, 0.0133320009336, 0.00611241301522, 0.00204192218371, 0.000474259111797, 6.28955240245e-05],
        "mean": [0.118538103998, 1.88953363895, 4.93458604813, 2.01555395126, 4.71935319901, 10.7095994949, 3.77226686478, 8.84597110748, 22.9463710785, 7.69712877274, 7.35687398911, 2.33171010017, 6.00612783432, 5.07096719742, 3.94025349617, 5.12785673141, 8.31761550903, 32.317691803, 71.4028244019, 48.5384292603, 109.723457336, 167.99621582, 76.8869857788, 38.4389801025, 4.94556045532, 1.40235483646, 0.790723502636, 1.09802150726, 0.364468157291, 0.0759771838784, 0.049680840224, 0.021915409714, 0.00792700238526, 0.00316875381395, 0.00115668354556, 0.00129633699544, 0.000265700538876, 5.49969117856e-05, 2.82607124973e-05, 3.22929736285e-05],
        "median": [0.10090264678, 1.63273203373, 4.31910324097, 1.89206528664, 2.28727865219, 7.35915899277, 2.86642217636, 7.1936674118, 17.5806293488, 6.28699159622, 2.43485808372, 1.6265488863, 4.69080495834, 2.43347668648, 1.70244538784, 3.59442448616, 5.95085334778, 18.2211399078, 31.1668930054, 24.0963001251, 54.1597251892, 114.610877991, 44.349105835, 22.6875953674, 3.06294035912, 0.939288079739, 0.612683653831, 0.8152359128, 0.295436561108, 0.0664239004254, 0.0372484028339, 0.019019395113, 0.00709058949724, 0.0021478808485, 0.000921466154978, 0.0010749832727, 0.000192628838704, 3.0211675039e-05, 2.39142573264e-05, 3.12132979161e-05],
        "min": [0.00180225993972, 0.0117135951295, 0.0345107167959, 0.0383388511837, 0.0196790490299, 0.079750135541, 0.144667878747, 0.185937508941, 0.262586176395, 0.105157621205, 0.0964877977967, 0.150389865041, 0.324269533157, 0.320520550013, 0.194246202707, 0.260695189238, 0.574375212193, 0.580744743347, 0.960399448872, 1.43747365475, 1.51932072639, 1.66805374622, 1.34440660477, 0.74316573143, 0.0615281388164, 0.0369749255478, 0.0785930678248, 0.104040786624, 0.0695132389665, 0.0191714838147, 0.0113641358912, 0.00644901301712, 0.00227274233475, 0.000746335659642, 0.000282880122541, 0.000375402654754, 6.71040543239e-05, 1.13619007607e-05, 1.01979776446e-05, 9.36698870646e-06],
        "var": [0.00633156718686, 1.57268154621, 13.4692211151, 1.695951581, 28.0504055023, 191.074325562, 8.86066818237, 42.6739845276, 396.030426025, 26.4327926636, 180.573150635, 4.82105875015, 25.1165981293, 71.589050293, 47.5526580811, 31.427734375, 77.1479721069, 1114.96826172, 11536.7197266, 4640.8671875, 45787.0429688, 31522.6992188, 9098.43457031, 1872.46520996, 23.3817405701, 2.73031663895, 0.381554484367, 0.681303560734, 0.0647887140512, 0.00209976849146, 0.00109574932139, 0.000169161008671, 2.99297444144e-05, 1.35189366119e-05, 3.37154392582e-06, 1.36486744395e-06, 2.56966274037e-07, 2.95528170824e-08, 1.4926127001e-09, 1.11107179013e-10]
    },
    "gfcc": {
        "mean": [-43.2768096924, 155.639755249, -152.803894043, 51.707244873, -4.33432006836, -15.8953380585, -38.1472969055, 2.49935793877, 3.24230241776, -3.05746388435, -8.38799095154, 3.30935168266, -6.81404733658],
        "cov": [[403.363708496, 18.770357132, -142.898880005, -14.7932939529, -1.91056883335, -2.62884283066, 19.4227466583, 7.12688493729, -7.82028150558, -0.455447584391, 14.123922348, 5.45163917542, -17.6886634827], [18.770357132, 193.736038208, 47.0701675415, 29.8698635101, 23.7378463745, -15.6824703217, -13.9210157394, -23.2664928436, 16.1345062256, -19.7191982269, -8.99051189423, -35.1090545654, -0.939799368382], [-142.898880005, 47.0701675415, 204.885772705, 12.0474863052, -46.8480186462, 45.4359550476, 5.35004043579, -15.5409030914, -12.8875102997, -2.21079826355, -6.19411468506, 12.004784584, 2.19725966454], [-14.7932939529, 29.8698635101, 12.0474863052, 104.182640076, 54.3028488159, -38.602230072, -12.7468061447, -0.859606742859, 0.763202905655, -30.1049346924, 3.26970624924, 3.72052335739, 14.7312984467], [-1.91056883335, 23.7378463745, -46.8480186462, 54.3028488159, 114.966247559, -34.7980957031, -30.0582065582, -1.7852653265, 17.1039714813, -12.28602314, -13.2156543732, -28.8844070435, 5.12723922729], [-2.62884283066, -15.6824703217, 45.4359550476, -38.602230072, -34.7980957031, 113.681587219, 37.5555496216, -28.1560115814, -8.9303817749, 29.5577411652, -0.165602311492, 3.81506276131, 0.151909902692], [19.4227466583, -13.9210157394, 5.35004043579, -12.7468061447, -30.0582065582, 37.5555496216, 66.1736297607, 21.6477680206, -18.04164505, 3.62013459206, 12.1094074249, 16.5642681122, 1.78032755852], [7.12688493729, -23.2664928436, -15.5409030914, -0.859606742859, -1.7852653265, -28.1560115814, 21.6477680206, 56.1260681152, 9.09375953674, -10.9290504456, 9.0167093277, 11.9887533188, -5.63719558716], [-7.82028150558, 16.1345062256, -12.8875102997, 0.763202905655, 17.1039714813, -8.9303817749, -18.04164505, 9.09375953674, 58.1817855835, 9.71351528168, -9.2300825119, -10.0378093719, -5.36039161682], [-0.455447584391, -19.7191982269, -2.21079826355, -30.1049346924, -12.28602314, 29.5577411652, 3.62013459206, -10.9290504456, 9.71351528168, 61.8352851868, 13.4047260284, -5.37908983231, -2.68866872787], [14.123922348, -8.99051189423, -6.19411468506, 3.26970624924, -13.2156543732, -0.165602311492, 12.1094074249, 9.0167093277, -9.2300825119, 13.4047260284, 39.4715805054, 19.9650859833, -2.26700615883], [5.45163917542, -35.1090545654, 12.004784584, 3.72052335739, -28.8844070435, 3.81506276131, 16.5642681122, 11.9887533188, -10.0378093719, -5.37908983231, 19.9650859833, 63.9476051331, 22.4026813507], [-17.6886634827, -0.939799368382, 2.19725966454, 14.7312984467, 5.12723922729, 0.151909902692, 1.78032755852, -5.63719558716, -5.36039161682, -2.68866872787, -2.26700615883, 22.4026813507, 45.6482963562]],
        "icov": [[0.00451431516558, -0.00300397886895, 0.00522769335657, -0.00197255262174, 0.00191987783182, -0.00299129355699, 0.00193306955043, -0.00269734836183, 0.00303396466188, -0.00168573285919, 0.00265481020324, -0.00361275370233, 0.00362005154602], [-0.00300397886895, 0.0112626794726, -0.0073491409421, 0.00338545255363, -0.00296406308189, 0.00735606625676, -0.00833533983678, 0.01153096091, -0.00899282284081, 0.00724437972531, -0.0085569974035, 0.00959481857717, -0.0053765354678], [0.00522769335657, -0.0073491409421, 0.0150067182258, -0.00838438048959, 0.00794388819486, -0.0108390962705, 0.00980177056044, -0.010354956612, 0.00847309455276, -0.00520670693368, 0.00926950387657, -0.007302260492, 0.00607296824455], [-0.00197255262174, 0.00338545255363, -0.00838438048959, 0.0233293510973, -0.0128053696826, 0.0109900897369, -0.0105129117146, 0.0131786419079, -0.00731203472242, 0.0110473576933, -0.0125868115574, 0.0019249554025, -0.0061583169736], [0.00191987783182, -0.00296406308189, 0.00794388819486, -0.0128053696826, 0.0204434525222, -0.00640168553218, 0.0103623615578, -0.00931363925338, 0.00292339804582, -0.00339820794761, 0.00597694981843, 0.0049294908531, -0.00137547170743], [-0.00299129355699, 0.00735606625676, -0.0108390962705, 0.0109900897369, -0.00640168553218, 0.0304492712021, -0.027129760012, 0.0281727258116, -0.0118459137157, 0.00113610818516, -0.00487836636603, 0.00318976608105, -0.00200951658189], [0.00193306955043, -0.00833533983678, 0.00980177056044, -0.0105129117146, 0.0103623615578, -0.027129760012, 0.0480963997543, -0.0374395996332, 0.0197763256729, -0.0066672405228, 0.00625469256192, -0.00468125473708, 0.000463016185677], [-0.00269734836183, 0.01153096091, -0.010354956612, 0.0131786419079, -0.00931363925338, 0.0281727258116, -0.0374395996332, 0.0570596158504, -0.0237046312541, 0.0139945521951, -0.0153523599729, 0.00282388250344, 0.000789010897279], [0.00303396466188, -0.00899282284081, 0.00847309455276, -0.00731203472242, 0.00292339804582, -0.0118459137157, 0.0197763256729, -0.0237046312541, 0.0334389619529, -0.0145045900717, 0.0166103243828, -0.00865725334734, 0.00710075441748], [-0.00168573285919, 0.00724437972531, -0.00520670693368, 0.0110473576933, -0.00339820794761, 0.00113610818516, -0.0066672405228, 0.0139945521951, -0.0145045900717, 0.0334263779223, -0.0235150698572, 0.0128707988188, -0.00867125112563], [0.00265481020324, -0.0085569974035, 0.00926950387657, -0.0125868115574, 0.00597694981843, -0.00487836636603, 0.00625469256192, -0.0153523599729, 0.0166103243828, -0.0235150698572, 0.0531305931509, -0.0233684200794, 0.0163459144533], [-0.00361275370233, 0.00959481857717, -0.007302260492, 0.0019249554025, 0.0049294908531, 0.00318976608105, -0.00468125473708, 0.00282388250344, -0.00865725334734, 0.0128707988188, -0.0233684200794, 0.0401366204023, -0.0226218998432], [0.00362005154602, -0.0053765354678, 0.00607296824455, -0.0061583169736, -0.00137547170743, -0.00200951658189, 0.000463016185677, 0.000789010897279, 0.00710075441748, -0.00867125112563, 0.0163459144533, -0.0226218998432, 0.037371262908]]
    },
    "melbands": {
        "dmean": [0.00108897301834, 0.00181504525244, 0.000247688381933, 0.000331350864144, 0.00014175970864, 0.000136519680382, 0.000210006168345, 4.34265857621e-05, 4.10304928664e-05, 8.24056223792e-06, 2.46281160798e-05, 1.21408556879e-05, 1.04847367766e-05, 5.36923198524e-06, 1.34003084895e-05, 7.55553901399e-06, 5.21875190316e-05, 9.10805756575e-05, 6.90660453984e-05, 6.38817364234e-05, 0.000131697117467, 0.000116727576824, 9.05462366063e-05, 3.15773322654e-05, 2.31613630604e-05, 3.2286025089e-06, 7.04332990153e-07, 4.78337483401e-07, 2.25023882194e-07, 2.60981749989e-07, 3.30878066279e-07, 1.43371892136e-07, 2.58915076046e-08, 2.49927261109e-08, 2.53322074428e-08, 1.22225047861e-08, 5.42755485e-09, 2.34671682087e-09, 1.5788674812e-09, 9.40537647764e-10],
        "dmean2": [0.00201090145856, 0.00315081002191, 0.000416566326749, 0.000593035365455, 0.000251122197369, 0.000218632034375, 0.000326525681885, 7.32057596906e-05, 5.96861027589e-05, 1.45571675603e-05, 4.21605764132e-05, 1.82201438292e-05, 1.48127355715e-05, 8.5564370238e-06, 2.08633809962e-05, 1.26315462694e-05, 8.24498129077e-05, 0.000140064585139, 0.000107552907139, 0.000110218861664, 0.000227699347306, 0.000197825575015, 0.000147938160808, 4.93282641401e-05, 3.67556567653e-05, 5.23940116182e-06, 1.08462018034e-06, 7.79167692144e-07, 3.5807840959e-07, 4.33285094914e-07, 5.01199338032e-07, 2.26257625968e-07, 4.4049183856e-08, 4.54942430395e-08, 4.66013041489e-08, 2.21782627818e-08, 9.28771726194e-09, 3.9025063181e-09, 2.33374986003e-09, 1.38607902933e-09],
        "dvar": [5.77089792841e-07, 2.31682906815e-06, 4.46872263637e-08, 3.50520849679e-07, 4.12454390641e-08, 1.86839184124e-08, 3.95527557373e-08, 1.85412540876e-09, 6.35345465128e-09, 1.53537987879e-10, 5.28814825262e-10, 3.52682327787e-10, 4.69117689139e-10, 4.46991298142e-11, 2.71593303403e-10, 1.54921617201e-10, 3.87967302728e-09, 2.22747083001e-08, 2.36140742516e-08, 3.24117053196e-08, 9.45027025523e-08, 3.83088831768e-08, 1.74938978859e-08, 2.34042141223e-09, 1.0975303999e-09, 1.99852998733e-11, 1.29801573136e-12, 8.33342184321e-13, 1.63924890372e-13, 9.4723118509e-14, 1.0181952666e-13, 2.78461200496e-14, 7.62839672242e-16, 4.48317704202e-16, 4.05860151251e-16, 1.232680166e-16, 2.96454583222e-17, 9.22123327927e-18, 7.60018013589e-18, 4.98114392322e-18],
        "dvar2": [1.85154681276e-06, 6.44833562546e-06, 1.27697518337e-07, 1.11623637622e-06, 1.46072196117e-07, 3.95667179021e-08, 8.88815350208e-08, 4.85713869125e-09, 1.1177646364e-08, 4.06517569607e-10, 1.7282157927e-09, 5.96462157443e-10, 8.05975952645e-10, 1.0145795315e-10, 5.90855697702e-10, 4.53243526044e-10, 9.33513888413e-09, 4.51029471549e-08, 5.58225430325e-08, 9.42785618463e-08, 2.44683207029e-07, 1.04764197317e-07, 4.05714217777e-08, 6.00587846122e-09, 2.98407853982e-09, 4.85704497455e-11, 3.34200375707e-12, 1.5865216042e-12, 4.05955515514e-13, 2.0282091436e-13, 2.30453297504e-13, 6.84932660719e-14, 1.93647571258e-15, 1.24452560413e-15, 1.15328120335e-15, 3.35375601564e-16, 5.96965924865e-17, 1.46773802926e-17, 9.0494510271e-18, 6.77157801345e-18],
        "max": [0.00435999082401, 0.00794791057706, 0.00187596213073, 0.00585894985124, 0.00160832796246, 0.00104964431375, 0.00160533655435, 0.000303130829707, 0.000605167704634, 9.88154351944e-05, 0.000133088920848, 0.000196860506549, 0.000268562114798, 6.00556813879e-05, 0.000158508948516, 0.000119820295367, 0.000464071141323, 0.00114800909068, 0.00123566191178, 0.00168237742037, 0.0020038317889, 0.00169152731542, 0.000792496139184, 0.0003032067616, 0.000237076921621, 2.96731177514e-05, 8.88491194928e-06, 9.18023852137e-06, 4.45914429292e-06, 2.61134459834e-06, 2.63651827481e-06, 1.35501977638e-06, 2.25056695058e-07, 1.40029825957e-07, 1.47574937159e-07, 1.00204310627e-07, 6.08166743632e-08, 4.12522211946e-08, 3.76625344245e-08, 2.92395405666e-08],
        "mean": [0.00154427927919, 0.00265222159214, 0.000451657164376, 0.000568419112824, 0.000219085559365, 0.000214892279473, 0.000321043917211, 6.98371441104e-05, 5.32202575414e-05, 1.22872324937e-05, 3.1097966712e-05, 2.14718693314e-05, 1.71256397152e-05, 7.60313878345e-06, 2.448165651e-05, 1.06137495095e-05, 6.99449374224e-05, 0.000128350700834, 7.37970840419e-05, 6.91254899721e-05, 0.000140665943036, 0.00016727707407, 0.000131789798616, 4.48259197583e-05, 3.05357498291e-05, 4.65542143502e-06, 1.08361416551e-06, 8.3880325974e-07, 4.289626645e-07, 5.82542384109e-07, 6.52873779927e-07, 2.42377836912e-07, 5.23169738642e-08, 3.21109183687e-08, 3.19075859068e-08, 1.8853691941e-08, 1.09286126815e-08, 5.94929971953e-09, 3.59394425331e-09, 2.15019491101e-09],
        "median": [0.00143769127317, 0.00210600206628, 0.000387454259908, 0.000374820898287, 0.000169136998011, 0.000168051032233, 0.000246289215283, 5.76646198169e-05, 1.70495168277e-05, 9.01382190932e-06, 2.38411248574e-05, 1.12509314931e-05, 5.72477347305e-06, 4.7169478421e-06, 1.61881907843e-05, 6.48530021863e-06, 3.81501777156e-05, 6.10665301792e-05, 2.42730839091e-05, 3.44474428857e-05, 5.98573715251e-05, 0.000111385612399, 7.82272909419e-05, 2.07670236705e-05, 1.68561637111e-05, 2.45519754571e-06, 6.00908549586e-07, 5.09415656325e-07, 3.04369876858e-07, 4.22764600216e-07, 5.0094757853e-07, 1.9672181395e-07, 4.62173090909e-08, 2.70125166679e-08, 2.4128715026e-08, 1.51766474943e-08, 9.07875818967e-09, 5.29813659611e-09, 2.75895084556e-09, 1.28109478581e-09],
        "min": [1.69274517248e-05, 1.76898247446e-05, 5.97966391069e-06, 3.0952992347e-06, 5.05839943798e-06, 4.23462324761e-06, 3.85123030355e-06, 8.98622488421e-07, 8.4744800688e-07, 9.85753104032e-07, 1.37598988204e-06, 1.34834613164e-06, 6.89071100624e-07, 3.44506190686e-07, 1.39577991831e-06, 5.41069312021e-07, 1.25396888961e-06, 1.68608346485e-06, 2.06243976208e-06, 1.47915147863e-06, 1.79721564564e-06, 1.56585701916e-06, 1.48744902617e-06, 1.09123868697e-06, 5.28774762643e-07, 4.73831036629e-08, 2.16720064117e-08, 2.07072154979e-08, 2.84476620038e-08, 8.98214906897e-08, 4.65984157927e-08, 4.28279562925e-08, 1.24122339074e-08, 5.90080517782e-09, 6.5449157205e-09, 3.27248872445e-09, 2.90753865428e-09, 1.68990454963e-09, 7.75960740107e-10, 3.72566560936e-10],
        "var": [9.0961486876e-07, 3.22786991092e-06, 1.04010467794e-07, 4.37793204355e-07, 3.90625984892e-08, 2.86568866414e-08, 6.84460417233e-08, 2.45350784134e-09, 9.81287673341e-09, 1.56152674124e-10, 6.86759038526e-10, 1.02619834852e-09, 1.30477784133e-09, 7.85473353027e-11, 6.05498207129e-10, 2.15865797459e-10, 5.51186030151e-09, 3.27711191517e-08, 2.51043310584e-08, 2.19853024674e-08, 8.46283114697e-08, 3.77299222976e-08, 2.45170568292e-08, 3.46558581832e-09, 1.3104501928e-09, 2.96010160827e-11, 1.85646897161e-12, 1.4121526214e-12, 2.13036931303e-13, 2.0649649525e-13, 2.40157611679e-13, 3.60716603885e-14, 1.11068539874e-15, 5.21788071497e-16, 5.21302933377e-16, 1.60477684282e-16, 4.6894056757e-17, 1.55217431008e-17, 1.24778739566e-17, 8.53019501502e-18]
    },
    "mfcc": {
        "mean": [-678.585632324, 178.252731323, -58.1299095154, 63.934551239, 35.1921768188, 6.5250658989, -19.9965744019, 8.96728420258, 4.49553012848, -4.37068223953, 6.25062227249, 9.12247371674, -9.44308567047],
        "cov": [[510.466400146, -13.839635849, -170.163864136, -15.3561983109, -35.3905715942, -12.5599803925, 20.0826568604, 11.5472955704, -1.66153216362, -29.7470321655, 18.2086429596, 25.2804336548, 15.5589790344], [-13.839635849, 155.631973267, 37.3254890442, 15.6069984436, 25.2137107849, 7.47131681442, -21.1126918793, -14.5948190689, 0.371101289988, 20.8958950043, 12.9554586411, -18.6815757751, -38.3071937561], [-170.163864136, 37.3254890442, 246.51171875, -44.4987716675, -48.5067977905, 49.0635070801, 15.4758644104, 13.4446220398, -12.1129817963, -11.1440229416, -12.5635414124, 8.5428571701, -0.49436044693], [-15.3561983109, 15.6069984436, -44.4987716675, 164.150009155, 69.7269210815, -55.059211731, -20.1308460236, 20.2585067749, -7.5468044281, 3.2130446434, -19.5840930939, -24.5151195526, -8.11958789825], [-35.3905715942, 25.2137107849, -48.5067977905, 69.7269210815, 104.696044922, 1.75098085403, -41.0679473877, -10.1049880981, 2.09709596634, 24.6767292023, 1.21032822132, -19.614408493, -25.8542766571], [-12.5599803925, 7.47131681442, 49.0635070801, -55.059211731, 1.75098085403, 104.9737854, 16.5728473663, -26.960483551, 8.70601272583, 3.61513233185, -4.18068885803, 9.31341075897, 2.96327972412], [20.0826568604, -21.1126918793, 15.4758644104, -20.1308460236, -41.0679473877, 16.5728473663, 92.5498275757, 12.1614923477, -2.84181475639, -17.4297485352, 0.312908887863, -0.551782488823, 12.491569519], [11.5472955704, -14.5948190689, 13.4446220398, 20.2585067749, -10.1049880981, -26.960483551, 12.1614923477, 72.3882675171, 7.78266096115, -27.2308292389, -2.82136511803, 12.3950777054, 2.52725219727], [-1.66153216362, 0.371101289988, -12.1129817963, -7.5468044281, 2.09709596634, 8.70601272583, -2.84181475639, 7.78266096115, 50.082321167, -1.46094679832, -10.8471374512, 10.0256710052, 11.4987821579], [-29.7470321655, 20.8958950043, -11.1440229416, 3.2130446434, 24.6767292023, 3.61513233185, -17.4297485352, -27.2308292389, -1.46094679832, 75.740524292, 15.2335920334, -24.6998271942, -5.19064903259], [18.2086429596, 12.9554586411, -12.5635414124, -19.5840930939, 1.21032822132, -4.18068885803, 0.312908887863, -2.82136511803, -10.8471374512, 15.2335920334, 58.5291404724, 8.26625442505, -18.8897533417], [25.2804336548, -18.6815757751, 8.5428571701, -24.5151195526, -19.614408493, 9.31341075897, -0.551782488823, 12.3950777054, 10.0256710052, -24.6998271942, 8.26625442505, 61.5708389282, 31.6282901764], [15.5589790344, -38.3071937561, -0.49436044693, -8.11958789825, -25.8542766571, 2.96327972412, 12.491569519, 2.52725219727, 11.4987821579, -5.19064903259, -18.8897533417, 31.6282901764, 63.8385009766]],
