{
"lowlevel": {
    "average_loudness": 0.985157370567,
    "barkbands_crest": {
        "dmean": 3.09917593002,
        "dmean2": 5.27780056,
        "dvar": 5.56693506241,
        "dvar2": 17.3207378387,
        "max": 21.3931751251,
        "mean": 13.4878396988,
        "median": 13.5372848511,
        "min": 6.33830308914,
        "var": 9.00454711914
    },
    "barkbands_flatness_db": {
        "dmean": 0.0302892755717,
        "dmean2": 0.0504824146628,
        "dvar": 0.000561545835808,
        "dvar2": 0.00156910088845,
        "max": 0.355865389109,
        "mean": 0.284663408995,
        "median": 0.286416113377,
        "min": 0.188241675496,
        "var": 0.00118345359806
    },
    "barkbands_kurtosis": {
        "dmean": 7.12046813965,
        "dmean2": 11.7420892715,
        "dvar": 32.3981437683,
        "dvar2": 84.8264694214,
        "max": 33.5732269287,
        "mean": 14.7818098068,
        "median": 13.3564167023,
        "min": 1.61743927002,
        "var": 51.9885368347
    },
    "barkbands_skewness": {
        "dmean": 0.803701758385,
        "dmean2": 1.33554041386,
        "dvar": 0.380943208933,
        "dvar2": 1.06558692455,
        "max": 5.22607469559,
        "mean": 3.16443657875,
        "median": 3.06491160393,
        "min": 1.33122515678,
        "var": 0.60638988018
    },
    "barkbands_spread": {
        "dmean": 2.35098743439,
        "dmean2": 3.97557759285,
        "dvar": 4.84112787247,
        "dvar2": 12.9498643875,
        "max": 17.7873592377,
        "mean": 5.68672037125,
        "median": 4.99424123764,
        "min": 2.06937026978,
        "var": 7.33792877197
    },
    "dissonance": {
        "dmean": 0.0206659752876,
        "dmean2": 0.0360226519406,
        "dvar": 0.000233339786064,
        "dvar2": 0.000680558616295,
        "max": 0.498852849007,
        "mean": 0.462892651558,
        "median": 0.464208245277,
        "min": 0.359112173319,
        "var": 0.0003624879173
    },
    "dynamic_complexity": 0.504271566868,
    "erbbands_crest": {
        "dmean": 2.91446280479,
        "dmean2": 5.09669828415,
        "dvar": 7.48092746735,
        "dvar2": 20.3813457489,
        "max": 21.2714366913,
        "mean": 7.9133272171,
        "median": 7.29764461517,
        "min": 3.1834332943,
        "var": 8.87533473969
    },
    "erbbands_flatness_db": {
        "dmean": 0.0138153256848,
        "dmean2": 0.0237671136856,
        "dvar": 0.000161364514497,
        "dvar2": 0.000400932272896,
        "max": 0.286229461432,
        "mean": 0.22527512908,
        "median": 0.223578616977,
        "min": 0.126889273524,
        "var": 0.000222977818339
    },
    "erbbands_kurtosis": {
        "dmean": 0.988404035568,
        "dmean2": 1.71245503426,
        "dvar": 1.17116808891,
        "dvar2": 3.27104783058,
        "max": 6.86007213593,
        "mean": -0.402025431395,
        "median": -0.845873832703,
        "min": -1.75983083248,
        "var": 1.4559019804
    },
    "erbbands_skewness": {
        "dmean": 0.484291166067,
        "dmean2": 0.807135283947,
        "dvar": 0.136428415775,
        "dvar2": 0.393510073423,
        "max": 2.22930431366,
        "mean": 0.687540590763,
        "median": 0.645178377628,
        "min": -0.673957824707,
        "var": 0.272552669048
    },
    "erbbands_spread": {
        "dmean": 8.35845279694,
        "dmean2": 14.3253278732,
        "dvar": 42.2407989502,
        "dvar2": 120.635681152,
        "max": 58.7378082275,
        "mean": 39.0481491089,
        "median": 39.7656936646,
        "min": 11.5914011002,
        "var": 72.3257446289
    },
    "hfc": {
        "dmean": 4.19949102402,
        "dmean2": 7.18964719772,
        "dvar": 12.6681509018,
        "dvar2": 38.9229698181,
        "max": 39.9980697632,
        "mean": 18.3188476562,
        "median": 17.9417304993,
        "min": 7.25459432602,
        "var": 17.6241283417
    },
    "melbands_crest": {
        "dmean": 4.90555953979,
        "dmean2": 7.83649301529,
        "dvar": 12.5631484985,
        "dvar2": 29.7882633209,
        "max": 29.8734893799,
        "mean": 19.3126068115,
        "median": 19.0272827148,
        "min": 8.72788906097,
        "var": 25.6342945099
    },
    "melbands_flatness_db": {
        "dmean": 0.0341464094818,
        "dmean2": 0.0574556477368,
        "dvar": 0.000744919932913,
        "dvar2": 0.0020209827926,
        "max": 0.474331706762,
        "mean": 0.39373588562,
        "median": 0.395787149668,
        "min": 0.291694670916,
        "var": 0.00147706596181
    },
    "melbands_kurtosis": {
        "dmean": 15.3555278778,
        "dmean2": 25.3326797485,
        "dvar": 146.171722412,
        "dvar2": 394.354705811,
        "max": 87.1702270508,
        "mean": 34.2346992493,
        "median": 31.1811103821,
        "min": 7.15834522247,
        "var": 234.49697876
    },
    "melbands_skewness": {
        "dmean": 1.11134123802,
        "dmean2": 1.84782707691,
        "dvar": 0.689115524292,
        "dvar2": 1.92269468307,
        "max": 7.94437885284,
        "mean": 4.49664115906,
        "median": 4.40139722824,
        "min": 1.76793932915,
        "var": 1.16299033165
    },
    "melbands_spread": {
        "dmean": 2.02714920044,
        "dmean2": 3.45208358765,
        "dvar": 3.88734769821,
        "dvar2": 10.7738161087,
        "max": 15.4248046875,
        "mean": 4.47303438187,
        "median": 3.71274137497,
        "min": 1.54768371582,
        "var": 5.42226314545
    },
    "pitch_salience": {
        "dmean": 0.111788928509,
        "dmean2": 0.191568538547,
        "dvar": 0.00658396352082,
        "dvar2": 0.0189729779959,
        "max": 0.750645935535,
        "mean": 0.473389923573,
        "median": 0.477131724358,
        "min": 0.179831936955,
        "var": 0.0132441883907
    },
    "silence_rate_20dB": {
        "dmean": 0,
        "dmean2": 0,
        "dvar": 0,
        "dvar2": 0,
        "max": 1,
        "mean": 1,
        "median": 1,
        "min": 1,
        "var": 0
    },
    "silence_rate_30dB": {
        "dmean": 0.216949149966,
        "dmean2": 0.43463498354,
        "dvar": 0.169881343842,
        "dvar2": 0.378154188395,
        "max": 1,
        "mean": 0.570219993591,
        "median": 1,
        "min": 0,
        "var": 0.245067894459
    },
    "silence_rate_60dB": {
        "dmean": 0,
        "dmean2": 0,
        "dvar": 0,
        "dvar2": 0,
        "max": 0,
        "mean": 0,
        "median": 0,
        "min": 0,
        "var": 0
    },
    "spectral_centroid": {
        "dmean": 121.266326904,
        "dmean2": 203.872131348,
        "dvar": 11041.0273438,
        "dvar2": 29398.90625,
        "max": 1001.92364502,
        "mean": 445.759368896,
        "median": 415.329376221,
        "min": 239.887420654,
        "var": 18265.3203125
    },
    "spectral_complexity": {
        "dmean": 4.15593242645,
        "dmean2": 6.56196928024,
        "dvar": 10.029917717,
        "dvar2": 25.1459636688,
        "max": 33,
        "mean": 18.9526233673,
        "median": 19,
        "min": 8,
        "var": 24.1905612946
    },
    "spectral_decrease": {
        "dmean": 7.4302293207e-09,
        "dmean2": 1.28817960743e-08,
        "dvar": 2.6304608177e-17,
        "dvar2": 8.35718770836e-17,
        "max": -7.37642613657e-09,
        "mean": -2.58379753149e-08,
        "median": -2.60722217149e-08,
        "min": -4.2456164806e-08,
        "var": 4.91052031786e-17
    },
    "spectral_energy": {
        "dmean": 0.028262829408,
        "dmean2": 0.0490254424512,
        "dvar": 0.000382382277166,
        "dvar2": 0.00121455825865,
        "max": 0.162442848086,
        "mean": 0.0991798862815,
        "median": 0.100256577134,
        "min": 0.0287331007421,
        "var": 0.000709540094249
    },
    "spectral_energyband_high": {
        "dmean": 1.09321972559e-05,
        "dmean2": 1.83180545719e-05,
        "dvar": 1.04352519681e-10,
        "dvar2": 2.54526649757e-10,
        "max": 0.000106823921669,
        "mean": 2.15617528738e-05,
        "median": 1.80920233106e-05,
        "min": 3.79627977054e-06,
        "var": 1.70286923451e-10
    },
    "spectral_energyband_low": {
        "dmean": 0.0290820077062,
        "dmean2": 0.0493961013854,
        "dvar": 0.000424728757935,
        "dvar2": 0.0011887018336,
        "max": 0.145669147372,
        "mean": 0.0692261084914,
        "median": 0.0673738792539,
        "min": 0.00616628071293,
        "var": 0.000893303076737
    },
    "spectral_energyband_middle_high": {
        "dmean": 0.00116992404219,
        "dmean2": 0.00194917211775,
        "dvar": 1.09040627194e-06,
        "dvar2": 2.76738524008e-06,
        "max": 0.00797656271607,
        "mean": 0.00239146430977,
        "median": 0.00202133599669,
        "min": 0.000307663663989,
        "var": 1.88078706742e-06
    },
    "spectral_energyband_middle_low": {
        "dmean": 0.0133666777983,
        "dmean2": 0.0237966552377,
        "dvar": 0.000178803602466,
        "dvar2": 0.000496992608532,
        "max": 0.11356601119,
        "mean": 0.0291892364621,
        "median": 0.0260091479868,
        "min": 0.00577912479639,
        "var": 0.000218677698285
    },
    "spectral_entropy": {
        "dmean": 0.202842563391,
        "dmean2": 0.340860724449,
        "dvar": 0.0253368895501,
        "dvar2": 0.0696524456143,
        "max": 7.30067014694,
        "mean": 6.77517700195,
        "median": 6.79133844376,
        "min": 5.96636390686,
        "var": 0.0491607263684
    },
    "spectral_flux": {
        "dmean": 0.051629755646,
        "dmean2": 0.0909120440483,
        "dvar": 0.0016152234748,
        "dvar2": 0.00497175380588,
        "max": 0.315447151661,
        "mean": 0.169760495424,
        "median": 0.165501073003,
        "min": 0.0687672495842,
        "var": 0.00211581843905
    },
    "spectral_kurtosis": {
        "dmean": 7.62843608856,
        "dmean2": 13.5753698349,
        "dvar": 29.5739631653,
        "dvar2": 86.5425186157,
        "max": 36.5472335815,
        "mean": 13.4517049789,
        "median": 12.7887592316,
        "min": 2.58847236633,
        "var": 46.3015213013
    },
    "spectral_rms": {
        "dmean": 0.00144982733764,
        "dmean2": 0.00252813962288,
        "dvar": 1.1104175428e-06,
        "dvar2": 3.55231600224e-06,
        "max": 0.0125889172778,
        "mean": 0.00974059198052,
        "median": 0.00988995935768,
        "min": 0.00529455300421,
        "var": 1.88177887139e-06
    },
    "spectral_rolloff": {
        "dmean": 74.2346954346,
        "dmean2": 132.781814575,
        "dvar": 7751.99658203,
        "dvar2": 21406.1464844,
        "max": 667.529296875,
        "mean": 244.552978516,
        "median": 236.865234375,
        "min": 107.666015625,
        "var": 8127.83154297
    },
    "spectral_skewness": {
        "dmean": 0.652791917324,
        "dmean2": 1.14042770863,
        "dvar": 0.221070498228,
        "dvar2": 0.658110141754,
        "max": 4.41189718246,
        "mean": 2.24015784264,
        "median": 2.19979572296,
        "min": 1.04404401779,
        "var": 0.367309242487
    },
    "spectral_spread": {
        "dmean": 213283.015625,
        "dmean2": 351718.53125,
        "dvar": 55340834816,
        "dvar2": 98627567616,
        "max": 6403048,
        "mean": 2020678.875,
        "median": 2002793,
        "min": 1461304.375,
        "var": 74925596672
    },
    "spectral_strongpeak": {
        "dmean": 0.330679386854,
        "dmean2": 0.558383405209,
        "dvar": 0.078140348196,
        "dvar2": 0.195619106293,
        "max": 2.36573982239,
        "mean": 0.874179601669,
        "median": 0.807835757732,
        "min": 0.1444683671,
        "var": 0.126056715846
    },
    "zerocrossingrate": {
        "dmean": 0.00324169103988,
        "dmean2": 0.00442934921011,
        "dvar": 5.4731626733e-06,
        "dvar2": 1.04722312244e-05,
        "max": 0.0302734375,
        "mean": 0.0141155421734,
        "median": 0.01416015625,
        "min": 0.00439453125,
        "var": 2.01905804715e-05
    },
    "barkbands": {
        "dmean": [0.000130428379634, 0.0232685953379, 0.0185042545199, 0.00411169277504, 0.0120744789019, 0.00159331620671, 0.00151368638035, 0.000804324285127, 0.000514617422596, 0.000129857318825, 0.000165170771652, 9.63280108408e-05, 5.34520113433e-05, 0.00040008049109, 0.000185018914635, 0.000308187387418, 0.000224753151997, 8.15891326056e-05, 2.60975357378e-05, 7.06342598278e-06, 6.15097223999e-06, 1.74045271706e-06, 2.47657339969e-07, 2.68501025857e-07, 1.22333773334e-07, 4.59269600128e-08, 3.09020080635e-08],
        "dmean2": [0.000197118817596, 0.0418270491064, 0.0266424994916, 0.00706311268732, 0.0211412869394, 0.00270762457512, 0.00263561448082, 0.00140954181552, 0.000885139394086, 0.000216245214688, 0.000285536661977, 0.000160134077305, 9.21868777368e-05, 0.000685682054609, 0.000312260119244, 0.000521881098393, 0.000387425883673, 0.000139451178256, 4.48502796644e-05, 1.19255255413e-05, 1.04748623926e-05, 2.93634434456e-06, 3.83480340815e-07, 4.27541692716e-07, 1.92756232309e-07, 5.9403451047e-08, 3.48960789154e-08],
        "dvar": [1.1183446702e-07, 0.000306197325699, 0.000234663413721, 2.39489727392e-05, 0.000135512178531, 2.28842168326e-06, 2.1612142973e-06, 8.50762887694e-07, 3.71203412897e-07, 1.82725141684e-08, 3.14231556331e-08, 1.71387419812e-08, 2.86921753023e-09, 2.19872163143e-07, 2.97581941311e-08, 9.63718420621e-08, 5.51018004558e-08, 5.75436853723e-09, 5.34516875206e-10, 4.97895058515e-11, 3.54437590389e-11, 4.46403981488e-12, 2.42518705855e-13, 2.68917429557e-13, 2.12761747239e-13, 1.9795254845e-13, 2.25509701516e-13],
        "dvar2": [1.39396234999e-07, 0.000976711860858, 0.000442828109954, 6.91497843945e-05, 0.000394890463213, 5.77640957999e-06, 6.27751614957e-06, 2.3987233817e-06, 1.01051409729e-06, 5.10005691012e-08, 8.29710202765e-08, 4.21362429393e-08, 7.87651721623e-09, 6.22439301878e-07, 8.00411470436e-08, 2.62575809984e-07, 1.38273250627e-07, 1.50534091858e-08, 1.36792344119e-09, 1.39343453442e-10, 9.11428293948e-11, 1.18895240875e-11, 3.12256459838e-13, 3.78086694982e-13, 2.33049473816e-13, 1.97255026983e-13, 2.25464978176e-13],
        "max": [0.00709683354944, 0.102511115372, 0.0915948301554, 0.0483111180365, 0.100294448435, 0.0101757207885, 0.00962272845209, 0.0116301076487, 0.00475066062063, 0.00126760744024, 0.00132603978273, 0.00174838886596, 0.00040381544386, 0.00300600496121, 0.00116057635751, 0.00312007032335, 0.00199465081096, 0.000574991747271, 0.000214359533857, 7.01263852534e-05, 4.71191196993e-05, 2.76140162896e-05, 1.04501905298e-05, 1.03372212834e-05, 1.02099011201e-05, 9.95007030724e-06, 1.05796298158e-05],
        "mean": [0.00019539015193, 0.0441578254104, 0.023258401081, 0.00454337149858, 0.0182302054018, 0.00239721918479, 0.00215167622082, 0.00110357196536, 0.000690114626195, 0.000177421723492, 0.000221379843424, 0.000147072321852, 8.07383621577e-05, 0.000515610154252, 0.000272487028269, 0.000467082310934, 0.000363770552212, 0.000133378562168, 4.52651947853e-05, 1.2923183931e-05, 1.07715195554e-05, 3.18294110002e-06, 4.71066954333e-07, 4.8971742217e-07, 1.62792787251e-07, 8.96892373703e-08, 4.51130190982e-08],
        "median": [9.67994128587e-05, 0.0446143262088, 0.0173839479685, 0.00284376484342, 0.0146774183959, 0.00200541317463, 0.0017282103654, 0.000806439085864, 0.000473419437185, 0.000132354412926, 0.000164700119058, 8.92543394002e-05, 6.48932837066e-05, 0.00034844520269, 0.000214066545595, 0.000372958456865, 0.000288009236101, 0.000111315028335, 3.82745747629e-05, 1.09470574898e-05, 8.86348061613e-06, 2.61366290033e-06, 3.78385436761e-07, 3.94749775978e-07, 9.81377752396e-08, 6.17788771251e-08, 1.80494659219e-08],
        "min": [6.08392554113e-08, 0.00153636746109, 0.000145421116031, 2.71565168077e-05, 0.00138760881964, 0.000136036163894, 7.97039901954e-05, 8.41456712806e-05, 7.47685844544e-05, 1.40600222949e-05, 7.08098514224e-06, 9.26073244045e-06, 8.03822240414e-06, 4.22394623456e-05, 2.15742020373e-05, 3.2878597267e-05, 3.67783941329e-05, 1.25309134091e-05, 3.10095606437e-06, 2.03982153835e-06, 1.16479418466e-06, 4.95223673624e-07, 1.00178219498e-07, 9.49592049437e-08, 2.59879175957e-08, 2.05346992743e-08, 1.04744026785e-08],
        "var": [1.40938439586e-07, 0.000450504419859, 0.000421779230237, 2.64975587925e-05, 0.000160480674822, 2.99199518849e-06, 2.56937505583e-06, 1.02690614767e-06, 3.95005798737e-07, 2.18861515577e-08, 3.75293076615e-08, 3.30799316828e-08, 3.33426442012e-09, 2.26680015203e-07, 4.07870430763e-08, 1.30137166821e-07, 7.145545311e-08, 8.20236056853e-09, 8.61487214898e-10, 7.09656014508e-11, 5.41733775894e-11, 5.09193295167e-12, 2.69109414657e-13, 2.86527800184e-13, 2.13439902146e-13, 1.99251869886e-13, 2.25694070095e-13]
    },
    "erbbands": {
        "dmean": [0.363076478243, 6.20276689529, 22.5611515045, 10.1523141861, 31.1549263, 52.4483718872, 21.1025886536, 11.3187847137, 11.9678077698, 25.7863674164, 18.6695652008, 12.5032205582, 6.25711536407, 5.54806900024, 4.02375221252, 3.43317055702, 2.64428114891, 11.0105571747, 19.0866146088, 12.4339504242, 15.0039262772, 12.4053077698, 4.74650382996, 3.28343176842, 0.602973639965, 0.336523115635, 0.253871411085, 0.212052613497, 0.0771048367023, 0.0101156225428, 0.0087574115023, 0.00780670624226, 0.0027396180667, 0.00188483600505, 0.000545518763829, 0.000242311798502, 8.44486930873e-05, 2.06736749533e-05, 1.59408282343e-05, 3.07470327243e-05],
        "dmean2": [0.625632762909, 11.2113637924, 33.4982299805, 16.9024448395, 54.4466323853, 91.7498092651, 36.4437141418, 19.7201766968, 20.4485778809, 46.0378761292, 33.1044387817, 21.5944232941, 10.6316223145, 9.4814491272, 6.71281194687, 5.66869926453, 4.53128242493, 19.0822544098, 32.3757286072, 21.0050239563, 26.0001335144, 21.2808551788, 8.03914070129, 5.72747659683, 1.01144206524, 0.568095862865, 0.428981482983, 0.35811367631, 0.130007952452, 0.0158651154488, 0.0141114043072, 0.0125364232808, 0.00429898779839, 0.00304511934519, 0.000810875557363, 0.000337011617376, 0.00010811536049, 2.39322926063e-05, 2.49134554906e-05, 5.32576741534e-05],
        "dvar": [0.102345496416, 21.191734314, 301.318603516, 90.7040786743, 951.459533691, 2691.50024414, 329.216796875, 102.208267212, 130.952438354, 734.192687988, 569.802429199, 221.283432007, 48.6611328125, 30.6402683258, 18.3424377441, 18.8422298431, 6.85693836212, 151.433776855, 451.105926514, 144.418441772, 254.040496826, 177.885971069, 19.1576423645, 9.91274452209, 0.310647189617, 0.123271852732, 0.0533717386425, 0.0449287891388, 0.00775904161856, 0.00032672798261, 0.000227324140724, 0.000151934582391, 6.30591530353e-05, 2.95283552987e-05, 1.02176554719e-05, 3.14156568493e-06, 6.74956311286e-07, 8.6079452899e-08, 4.49154269333e-09, 4.77664574561e-10],
        "dvar2": [0.305619686842, 66.4655227661, 559.494628906, 269.433166504, 2727.16601562, 7523.17333984, 930.081054688, 274.662811279, 377.732666016, 2091.90063477, 1561.58666992, 592.358642578, 124.463539124, 83.7203140259, 46.722240448, 44.8708076477, 18.5740032196, 405.8644104, 1302.94995117, 374.768798828, 686.237548828, 452.270904541, 48.8252868652, 25.687789917, 0.832401335239, 0.337723135948, 0.142073050141, 0.117405451834, 0.0204582288861, 0.000430065265391, 0.000352023198502, 0.000248966476647, 7.20628813724e-05, 3.48771645804e-05, 1.05591752799e-05, 3.14068302032e-06, 6.74622469887e-07, 8.60760422938e-08, 4.68967176204e-09, 1.45653578087e-09],
        "max": [2.21379423141, 26.1291885376, 111.676490784, 84.7375640869, 257.725982666, 391.668029785, 145.693527222, 64.8650436401, 88.3047332764, 198.65802002, 321.872192383, 122.882164001, 59.5055236816, 45.2177391052, 34.9127082825, 55.7089157104, 21.650850296, 90.5165100098, 135.322433472, 91.4260864258, 169.401382446, 119.734191895, 34.9149360657, 22.1309318542, 4.45344638824, 3.15060424805, 2.01053333282, 1.69881749153, 1.12652862072, 0.372924298048, 0.2935308218, 0.223684757948, 0.170234501362, 0.116899244487, 0.0719226226211, 0.0400667339563, 0.0182703156024, 0.00653392542154, 0.00153061747551, 0.000235944709857],
        "mean": [0.521318733692, 12.2807884216, 34.1305847168, 14.4446401596, 42.0921096802, 67.393913269, 33.0970573425, 17.4807338715, 19.7768497467, 35.6758804321, 25.4740428925, 16.7220363617, 8.78929424286, 7.75538778305, 6.628221035, 5.56800842285, 4.25869178772, 14.636051178, 26.6836986542, 18.7473087311, 23.4892520905, 20.2184505463, 8.41177654266, 5.42558288574, 1.17972409725, 0.597850978374, 0.46082291007, 0.369866102934, 0.142378911376, 0.022246716544, 0.0155918216333, 0.0138887623325, 0.00525994272903, 0.00249569816515, 0.000837824889459, 0.000538013642654, 0.000166061887285, 2.94502315228e-05, 5.06389224029e-05, 0.000109091764898],
        "median": [0.430314719677, 12.6919822693, 26.9931697845, 12.0187835693, 31.4266681671, 51.4448204041, 27.0300331116, 14.4207735062, 16.6169776917, 27.7823181152, 17.6394271851, 11.0019226074, 6.48588514328, 5.94828891754, 5.03429794312, 3.68310523033, 3.498067379, 10.4095821381, 20.5497531891, 14.7032527924, 18.8238391876, 15.981464386, 7.16751718521, 4.50036478043, 1.01401185989, 0.50695592165, 0.389732956886, 0.289314895868, 0.116017647088, 0.0186121463776, 0.0125514725223, 0.0111432820559, 0.00414988072589, 0.00155781023204, 0.00052969151875, 0.000416135939304, 0.000112841502414, 1.25984370243e-05, 4.73878062621e-05, 0.000110273475002],
        "min": [0.0373838618398, 0.305663466454, 1.00164246559, 1.20376968384, 1.98766601086, 4.50424432755, 0.831817865372, 1.37185013294, 2.06700396538, 3.63498067856, 2.90374875069, 1.1993855238, 1.0286616087, 0.657547056675, 0.353745609522, 0.518616378307, 0.586840867996, 1.47408676147, 1.49737405777, 1.14555323124, 1.90154469013, 2.31692147255, 0.851418793201, 0.380696475506, 0.0901974290609, 0.0893727317452, 0.0648815855384, 0.0413894690573, 0.0219016689807, 0.00512198731303, 0.00301630841568, 0.00242973607965, 0.00117866322398, 0.000428339611972, 0.000177115420229, 0.000155881396495, 4.88030782435e-05, 5.88769853493e-06, 1.57206959557e-05, 3.24467764585e-05],
        "var": [0.115575514734, 34.9648399353, 632.050964355, 105.573974609, 1307.02124023, 2881.58862305, 464.145721436, 134.260620117, 172.180450439, 754.098876953, 702.646911621, 251.579315186, 53.7820701599, 38.1572494507, 28.2311534882, 36.7853546143, 8.44954872131, 164.912139893, 501.429504395, 199.629562378, 313.107757568, 231.493392944, 29.3609638214, 13.7047290802, 0.516243815422, 0.163673460484, 0.0837689638138, 0.0702541917562, 0.00953969731927, 0.000382645259378, 0.000248392549111, 0.000168421698618, 6.45344989607e-05, 2.96229663945e-05, 1.02253470686e-05, 3.17859417009e-06, 6.7714972829e-07, 8.61072066982e-08, 4.55414639333e-09, 8.49318393392e-10]
    },
    "gfcc": {
        "mean": [-37.7171363831, 204.24621582, -114.749473572, 39.2085609436, -9.4102191925, -16.3764266968, -27.3921146393, -3.26070833206, 1.78095674515, -9.99315643311, -11.4011478424, -12.648856163, 1.49876606464],
        "cov": [[275.474700928, -59.7754096985, -147.550796509, 6.5562415123, -28.1843757629, 22.6426963806, -8.84477996826, 8.97635650635, -5.63227844238, -13.5551404953, -26.3705444336, -27.025510788, -10.8387460709], [-59.7754096985, 78.3797683716, 5.10348749161, -29.9073028564, 11.0629024506, -23.5613555908, 14.0592670441, -7.57248592377, 7.08084440231, -0.398561537266, 10.0921421051, 0.397073298693, 0.925439119339], [-147.550796509, 5.10348749161, 224.730804443, 22.174665451, -4.30467367172, -13.8681879044, -21.1695270538, -3.00792336464, 6.18605852127, 20.9030265808, 25.4117221832, 28.0157432556, 17.0115623474], [6.5562415123, -29.9073028564, 22.174665451, 55.1619987488, 5.67048501968, -8.42133235931, -16.5961437225, -8.75295257568, 2.67009496689, 0.00102016644087, 1.914296031, 1.71788132191, 8.66353702545], [-28.1843757629, 11.0629024506, -4.30467367172, 5.67048501968, 52.306842804, 9.07309913635, 7.02339792252, -5.44529867172, 0.021980104968, 0.237697646022, 4.18986797333, 1.46813035011, -1.22223091125], [22.6426963806, -23.5613555908, -13.8681879044, -8.42133235931, 9.07309913635, 48.6960029602, 16.42877388, 6.13557243347, -6.39931917191, -1.41303241253, -1.21916806698, 0.110638171434, 1.36996734142], [-8.84477996826, 14.0592670441, -21.1695270538, -16.5961437225, 7.02339792252, 16.42877388, 49.4223899841, 13.8154840469, 0.528698205948, -2.06300163269, 0.735150814056, 0.0190609842539, -4.47967386246], [8.97635650635, -7.57248592377, -3.00792336464, -8.75295257568, -5.44529867172, 6.13557243347, 13.8154840469, 34.2713890076, 9.18405246735, -0.980031907558, 1.1831176281, 2.10424637794, 0.414680242538], [-5.63227844238, 7.08084440231, 6.18605852127, 2.67009496689, 0.021980104968, -6.39931917191, 0.528698205948, 9.18405246735, 27.4116649628, 14.3201169968, 3.85083460808, -0.360130786896, 2.2883849144], [-13.5551404953, -0.398561537266, 20.9030265808, 0.00102016644087, 0.237697646022, -1.41303241253, -2.06300163269, -0.980031907558, 14.3201169968, 30.1094436646, 11.3894405365, 1.55087637901, 1.09883189201], [-26.3705444336, 10.0921421051, 25.4117221832, 1.914296031, 4.18986797333, -1.21916806698, 0.735150814056, 1.1831176281, 3.85083460808, 11.3894405365, 31.6958713531, 14.722111702, 8.49937820435], [-27.025510788, 0.397073298693, 28.0157432556, 1.71788132191, 1.46813035011, 0.110638171434, 0.0190609842539, 2.10424637794, -0.360130786896, 1.55087637901, 14.722111702, 30.5997524261, 18.638261795], [-10.8387460709, 0.925439119339, 17.0115623474, 8.66353702545, -1.22223091125, 1.36996734142, -4.47967386246, 0.414680242538, 2.2883849144, 1.09883189201, 8.49937820435, 18.638261795, 31.6302204132]],
        "icov": [[0.00834224745631, 0.00369085930288, 0.00541631039232, -0.00123103207443, 0.00411849748343, -0.00239815213718, 0.00287857861258, -0.00128605403006, -0.000551630335394, 0.000335382093908, -0.000377036631107, 0.00293494714424, -0.000737501948606], [0.00369085930288, 0.0577449128032, -0.00328695122153, 0.0426286384463, -0.0147534487769, 0.0360159017146, -0.0214243512601, 0.029988123104, -0.0276580024511, 0.0282383486629, -0.0252805128694, 0.0264885872602, -0.0236857552081], [0.00541631039232, -0.00328695122153, 0.00996063183993, -0.00709793623537, 0.00487458193675, -0.00451503461227, 0.00586524605751, -0.00479292683303, 0.00379759888165, -0.00649684667587, 0.000927195011172, -0.00556108774617, 0.00279534724541], [-0.00123103207443, 0.0426286384463, -0.00709793623537, 0.0563391633332, -0.0168461464345, 0.0303828362375, -0.0124865174294, 0.0274753365666, -0.0252856351435, 0.0259141009301, -0.0202823933214, 0.023957664147, -0.0251164324582], [0.00411849748343, -0.0147534487769, 0.00487458193675, -0.0168461464345, 0.0289123468101, -0.0169027168304, 0.00439352402464, -0.00323463231325, 0.00367003725842, -0.00555369909853, 0.0034774329979, -0.00841868296266, 0.0103031238541], [-0.00239815213718, 0.0360159017146, -0.00451503461227, 0.0303828362375, -0.0169027168304, 0.0515575557947, -0.0224014781415, 0.0148320132867, -0.00671564042568, 0.0123323816806, -0.0139624672011, 0.0182433258742, -0.0209630671889], [0.00287857861258, -0.0214243512601, 0.00586524605751, -0.0124865174294, 0.00439352402464, -0.0224014781415, 0.0386155545712, -0.0217331256717, 0.0101310517639, -0.0099295899272, 0.00800958927721, -0.0117538180202, 0.0131584759802], [-0.00128605403006, 0.029988123104, -0.00479292683303, 0.0274753365666, -0.00323463231325, 0.0148320132867, -0.0217331256717, 0.0590614937246, -0.0367432907224, 0.0278717596084, -0.016443528235, 0.00990543700755, -0.0106137599796], [-0.000551630335394, -0.0276580024511, 0.00379759888165, -0.0252856351435, 0.00367003725842, -0.00671564042568, 0.0101310517639, -0.0367432907224, 0.0775698721409, -0.0471852831542, 0.0169757623225, -0.00665247486904, 0.00323833478615], [0.000335382093908, 0.0282383486629, -0.00649684667587, 0.0259141009301, -0.00555369909853, 0.0123323816806, -0.0099295899272, 0.0278717596084, -0.0471852831542, 0.0728264302015, -0.0315913259983, 0.0189396366477, -0.00862299464643], [-0.000377036631107, -0.0252805128694, 0.000927195011172, -0.0202823933214, 0.0034774329979, -0.0139624672011, 0.00800958927721, -0.016443528235, 0.0169757623225, -0.0315913259983, 0.0607891269028, -0.0325180999935, 0.0104522900656], [0.00293494714424, 0.0264885872602, -0.00556108774617, 0.023957664147, -0.00841868296266, 0.0182433258742, -0.0117538180202, 0.00990543700755, -0.00665247486904, 0.0189396366477, -0.0325180999935, 0.0803921893239, -0.045060582459], [-0.000737501948606, -0.0236857552081, 0.00279534724541, -0.0251164324582, 0.0103031238541, -0.0209630671889, 0.0131584759802, -0.0106137599796, 0.00323833478615, -0.00862299464643, 0.0104522900656, -0.045060582459, 0.0645492225885]]
    },
    "melbands": {
        "dmean": [0.00483554881066, 0.00944646261632, 0.00217654951848, 0.00330478418618, 0.000865019275807, 0.000253873120528, 0.000227220501984, 0.000244717259193, 0.000147136845044, 7.42656702641e-05, 2.98742179439e-05, 2.12207869481e-05, 1.82291205419e-05, 1.26077620735e-05, 7.10007725502e-06, 3.81664722227e-06, 2.48591059062e-05, 3.86315841752e-05, 1.42305552799e-05, 2.09255249501e-05, 1.7702976038e-05, 1.3698834664e-05, 7.18328146831e-06, 3.96856830776e-06, 2.69698375632e-06, 6.09791868555e-07, 2.60685936837e-07, 2.38616706838e-07, 1.35876035756e-07, 2.20236771042e-07, 9.94749242977e-08, 5.68495650555e-08, 1.05557225183e-08, 4.23683399475e-09, 5.25984411581e-09, 4.10292733122e-09, 5.42982236951e-09, 2.22763185675e-09, 1.28049759685e-09, 1.79196202321e-09],
        "dmean2": [0.0083694672212, 0.0150237288326, 0.00364133133553, 0.00579059449956, 0.00152448448353, 0.000438232615124, 0.000389220018405, 0.000435956986621, 0.000260356115177, 0.000127470004372, 5.11448379257e-05, 3.63233302778e-05, 3.12127631332e-05, 2.06618242373e-05, 1.22110832308e-05, 6.5550070758e-06, 4.33348250226e-05, 6.62784150336e-05, 2.43189624598e-05, 3.50249429175e-05, 3.10674913635e-05, 2.35668958339e-05, 1.21933944683e-05, 6.86119574311e-06, 4.71844714411e-06, 1.0297191011e-06, 4.46482005145e-07, 4.07326183449e-07, 2.33524957594e-07, 3.77248937866e-07, 1.69353583601e-07, 9.6985338871e-08, 1.72334058135e-08, 6.73901912052e-09, 8.53938431078e-09, 6.57518350877e-09, 8.8507805529e-09, 3.52746520882e-09, 1.97143967817e-09, 2.99334512732e-09],
        "dvar": [1.39332832987e-05, 4.37177513959e-05, 3.88612443203e-06, 1.05645049189e-05, 5.28630891949e-07, 5.16699927289e-08, 4.6352408134e-08, 6.4231322483e-08, 3.69582338067e-08, 7.77720643441e-09, 1.16041409814e-09, 4.45199682675e-10, 4.09982187088e-10, 3.20486220895e-10, 4.93591140183e-11, 1.44195272042e-11, 7.98481725184e-10, 2.03996242121e-09, 1.91496804525e-10, 4.56393117743e-10, 3.84104664741e-10, 2.14702741697e-10, 5.2289627489e-11, 1.48885175022e-11, 6.89894105385e-12, 3.7354711338e-13, 7.08518259254e-14, 6.81797622374e-14, 1.76547754823e-14, 5.35986219871e-14, 1.15575045262e-14, 4.86542247057e-15, 2.33798510557e-16, 8.38608079628e-17, 7.5520220115e-17, 6.13204406732e-17, 5.9936441777e-17, 3.39016797681e-17, 2.26882109348e-17, 2.14311048533e-17],
        "dvar2": [4.41902739112e-05, 0.000106501232949, 1.1181343325e-05, 2.95692734653e-05, 1.65490780546e-06, 1.36838238518e-07, 1.3522135589e-07, 1.83323834335e-07, 1.00836672345e-07, 2.11701784991e-08, 2.93756374781e-09, 1.21257826002e-09, 1.05267294881e-09, 7.70837338404e-10, 1.26417348811e-10, 4.05132455361e-11, 2.12293227442e-09, 5.87053516909e-09, 5.07124620075e-10, 1.21080800941e-09, 1.04147757085e-09, 5.36916344718e-10, 1.40277012228e-10, 3.94537597037e-11, 1.79463301858e-11, 1.02301858391e-12, 1.95192630505e-13, 1.84198928896e-13, 4.66126872615e-14, 1.39587478945e-13, 3.12703388303e-14, 1.3162188116e-14, 4.5175274044e-16, 1.08039264181e-16, 1.18667926247e-16, 8.95382381977e-17, 1.09118046666e-16, 4.07824791233e-17, 2.38397704246e-17, 2.79182853508e-17],
        "max": [0.0250546559691, 0.0467728041112, 0.0178750008345, 0.0278317648917, 0.00483909854665, 0.00159959064331, 0.00143193826079, 0.00183439522516, 0.00258665997535, 0.000609184789937, 0.000292715267278, 0.000167307269294, 0.000158279231982, 0.000270114513114, 4.74241642223e-05, 2.97197202599e-05, 0.000212459723116, 0.000289051618893, 9.84853613772e-05, 0.000186809178558, 0.000197496672627, 0.000129083025968, 5.56263767066e-05, 3.0942774174e-05, 1.91740018636e-05, 4.40514941147e-06, 2.45975866164e-06, 2.22051403398e-06, 1.53574160322e-06, 1.59643229836e-06, 9.92453237814e-07, 9.00857855868e-07, 2.47337254677e-07, 1.92719383563e-07, 1.70143579226e-07, 1.53232861066e-07, 1.28203240024e-07, 1.22310993333e-07, 1.05780621595e-07, 9.58005657026e-08],
        "mean": [0.00854330323637, 0.0181721728295, 0.00334373163059, 0.0044251922518, 0.00148645148147, 0.000389065156924, 0.000353297131369, 0.000356159900548, 0.000195014552446, 9.7218027804e-05, 4.07182087656e-05, 2.95886766253e-05, 2.66003535216e-05, 1.88438443729e-05, 1.0998527614e-05, 5.98271435592e-06, 3.17716840073e-05, 5.13172453793e-05, 2.10052603506e-05, 2.9736016586e-05, 2.65422149823e-05, 2.19062894757e-05, 1.16144556159e-05, 6.21070330453e-06, 4.31504395237e-06, 1.05951050955e-06, 4.65280720618e-07, 3.77044699462e-07, 2.41661808786e-07, 3.44137731645e-07, 1.71847659658e-07, 1.00170680639e-07, 2.02735268573e-08, 7.78144304547e-09, 9.17237308329e-09, 7.00620761407e-09, 9.21616916116e-09, 4.00265021128e-09, 2.15529349923e-09, 1.9917865135e-09],
        "median": [0.00828471966088, 0.0162521470338, 0.00289305741899, 0.00342409382574, 0.0013436274603, 0.000324145541526, 0.000291565578664, 0.00029009472928, 0.000129424719489, 6.65886254865e-05, 3.01482359646e-05, 2.26399843086e-05, 2.01285893127e-05, 1.03716138256e-05, 8.51443746797e-06, 5.04996933159e-06, 2.20859074034e-05, 3.61725251423e-05, 1.65534547705e-05, 2.29743927775e-05, 2.13775620068e-05, 1.72717191163e-05, 9.55762334343e-06, 4.96540360473e-06, 3.53735572389e-06, 8.71031147653e-07, 3.99376546056e-07, 3.06580545839e-07, 2.05437203249e-07, 2.74265374856e-07, 1.35484654606e-07, 8.07711373341e-08, 1.69073253176e-08, 6.13827744189e-09, 7.21737691833e-09, 5.47360823333e-09, 7.50121920134e-09, 3.12232795174e-09, 1.59059243554e-09, 1.06959296975e-09],
        "min": [0.000410776701756, 0.000639720645268, 0.00014615074906, 0.000249208474997, 3.45204061887e-05, 1.81646300916e-05, 2.75193269772e-05, 4.16994989791e-05, 1.48808903759e-05, 6.859926998e-06, 3.91976846004e-06, 2.27053124036e-06, 1.12388408979e-06, 8.43860050281e-07, 1.19827836897e-06, 8.16519332147e-07, 2.15438376472e-06, 2.64442792286e-06, 1.49436323227e-06, 1.74586591584e-06, 2.26697670769e-06, 2.34408912547e-06, 1.26876852846e-06, 5.54666655717e-07, 2.87798911813e-07, 6.82474592395e-08, 5.93960258755e-08, 4.57641604612e-08, 3.61680854155e-08, 3.35256480355e-08, 2.11701056685e-08, 1.51529437886e-08, 4.06227407268e-09, 1.89599957956e-09, 1.59316781989e-09, 1.33072197706e-09, 1.51428714013e-09, 7.67479024777e-10, 4.29767610388e-10, 2.59261778712e-10],
        "var": [1.89373422472e-05, 0.000104489350633, 5.02826696902e-06, 1.22576639114e-05, 7.52903645207e-07, 6.91412012088e-08, 5.99968927872e-08, 6.61591954554e-08, 4.63783251803e-08, 8.26852364355e-09, 1.25421562025e-09, 5.56659607298e-10, 5.07190234256e-10, 6.75515865467e-10, 6.4116760512e-11, 1.66768820975e-11, 8.4503887221e-10, 2.12652562226e-09, 2.49921583428e-10, 6.05760719363e-10, 4.40697561777e-10, 2.84349460644e-10, 6.88997331411e-11, 1.92334672494e-11, 9.33561648125e-12, 5.38097615511e-13, 9.54005144739e-14, 8.12582762037e-14, 2.42979481614e-14, 6.84797270972e-14, 1.66131977017e-14, 5.35624884086e-15, 2.66432175386e-16, 9.09804639916e-17, 8.40127842024e-17, 6.43034789552e-17, 6.74404588579e-17, 3.46102062849e-17, 2.31765800229e-17, 2.09708532887e-17]
    },
    "mfcc": {
        "mean": [-683.928710938, 229.244689941, -24.193031311, 60.0178604126, 28.5418739319, 6.36613225937, -9.31389045715, 3.36646437645, 13.0749158859, 1.47904074192, 0.274825513363, 4.96245670319, -10.5619382858],
        "cov": [[400.059387207, -104.153076172, -158.303146362, -39.6705360413, -39.0944900513, -6.63780069351, -10.6807460785, 9.22106647491, 14.423002243, 19.2046947479, -25.3499603271, -1.28497886658, -34.5044975281], [-104.153076172, 109.265060425, 5.12602186203, -9.63242340088, -7.000228405, -7.54811620712, 5.47020053864, -1.70283150673, -6.02646493912, -0.156111836433, 14.2585487366, -0.974458158016, 7.50537347794], [-158.303146362, 5.12602186203, 178.80329895, 29.6088218689, 19.7921257019, -4.71061086655, -11.2982311249, -14.0832443237, -8.78958511353, -17.8398418427, 11.6240139008, 1.38623511791, 21.3325023651], [-39.6705360413, -9.63242340088, 29.6088218689, 61.3415107727, 18.6523628235, -5.25571393967, -14.5293054581, -12.8363924026, -3.85623550415, -6.70774650574, 0.841072618961, 4.41668081284, -1.65489709377], [-39.0944900513, -7.000228405, 19.7921257019, 18.6523628235, 50.343296051, 10.8822097778, -5.90017318726, -5.99388217926, -5.69349718094, -5.74424123764, 0.919087052345, -2.78573942184, 5.94633960724], [-6.63780069351, -7.54811620712, -4.71061086655, -5.25571393967, 10.8822097778, 39.5407905579, 14.0520906448, -2.47215628624, 0.801404714584, -1.8248206377, 0.507148146629, 0.653715670109, 0.869275391102], [-10.6807460785, 5.47020053864, -11.2982311249, -14.5293054581, -5.90017318726, 14.0520906448, 41.7277374268, 18.4925937653, -0.221085056663, 1.41963422298, 0.457315981388, 1.74895310402, 4.19877099991], [9.22106647491, -1.70283150673, -14.0832443237, -12.8363924026, -5.99388217926, -2.47215628624, 18.4925937653, 38.5224533081, 9.31045055389, -0.0718439295888, -3.06044197083, -0.521499931812, 1.2234596014], [14.423002243, -6.02646493912, -8.78958511353, -3.85623550415, -5.69349718094, 0.801404714584, -0.221085056663, 9.31045055389, 32.198841095, 5.60999155045, -0.721007347107, 0.607803225517, 1.27110552788], [19.2046947479, -0.156111836433, -17.8398418427, -6.70774650574, -5.74424123764, -1.8248206377, 1.41963422298, -0.0718439295888, 5.60999155045, 34.5757751465, 7.82649469376, 0.0828561410308, -0.585136055946], [-25.3499603271, 14.2585487366, 11.6240139008, 0.841072618961, 0.919087052345, 0.507148146629, 0.457315981388, -3.06044197083, -0.721007347107, 7.82649469376, 30.4840679169, 4.62373113632, 3.26707339287], [-1.28497886658, -0.974458158016, 1.38623511791, 4.41668081284, -2.78573942184, 0.653715670109, 1.74895310402, -0.521499931812, 0.607803225517, 0.0828561410308, 4.62373113632, 24.6128559113, 5.32806444168], [-34.5044975281, 7.50537347794, 21.3325023651, -1.65489709377, 5.94633960724, 0.869275391102, 4.19877099991, 1.2234596014, 1.27110552788, -0.585136055946, 3.26707339287, 5.32806444168, 27.4450492859]],
