{
"lowlevel": {
    "average_loudness": 0.987525701523,
    "barkbands_crest": {
        "dmean": 2.16754102707,
        "dmean2": 3.76860141754,
        "dvar": 2.88160204887,
        "dvar2": 8.88226318359,
        "max": 16.0068702698,
        "mean": 8.22320175171,
        "median": 7.75871944427,
        "min": 4.12767982483,
        "var": 4.52741098404
    },
    "barkbands_flatness_db": {
        "dmean": 0.0148853333667,
        "dmean2": 0.0265759006143,
        "dvar": 0.000135130496346,
        "dvar2": 0.000444675330073,
        "max": 0.210853144526,
        "mean": 0.152340248227,
        "median": 0.150923788548,
        "min": 0.105333060026,
        "var": 0.000224367599003
    },
    "barkbands_kurtosis": {
        "dmean": 1.27904427052,
        "dmean2": 2.21494913101,
        "dvar": 2.04763650894,
        "dvar2": 6.29684448242,
        "max": 13.8308887482,
        "mean": 0.977228522301,
        "median": 0.734021663666,
        "min": -1.50741863251,
        "var": 3.06424307823
    },
    "barkbands_skewness": {
        "dmean": 0.386323004961,
        "dmean2": 0.666017949581,
        "dvar": 0.109240047634,
        "dvar2": 0.322733789682,
        "max": 3.53839564323,
        "mean": 1.24238336086,
        "median": 1.24493193626,
        "min": -0.628757834435,
        "var": 0.229461252689
    },
    "barkbands_spread": {
        "dmean": 3.59499239922,
        "dmean2": 5.98001813889,
        "dvar": 7.60735750198,
        "dvar2": 23.3627090454,
        "max": 30.9620304108,
        "mean": 19.2701129913,
        "median": 18.9925251007,
        "min": 5.70045614243,
        "var": 20.46434021
    },
    "dissonance": {
        "dmean": 0.0140930516645,
        "dmean2": 0.0237597841769,
        "dvar": 0.000132469052915,
        "dvar2": 0.000327833782649,
        "max": 0.4981983006,
        "mean": 0.473209291697,
        "median": 0.473425418139,
        "min": 0.375097692013,
        "var": 0.000191289786017
    },
    "dynamic_complexity": 0.513774514198,
    "erbbands_crest": {
        "dmean": 1.93909406662,
        "dmean2": 3.27396678925,
        "dvar": 3.15374612808,
        "dvar2": 7.56907606125,
        "max": 16.8619174957,
        "mean": 7.72480249405,
        "median": 7.36901521683,
        "min": 4.26109313965,
        "var": 5.12359714508
    },
    "erbbands_flatness_db": {
        "dmean": 0.0104425465688,
        "dmean2": 0.0175323523581,
        "dvar": 7.86207529018e-05,
        "dvar2": 0.000229170400416,
        "max": 0.261833399534,
        "mean": 0.194870248437,
        "median": 0.193901911378,
        "min": 0.169492661953,
        "var": 0.000122699435451
    },
    "erbbands_kurtosis": {
        "dmean": 0.321187078953,
        "dmean2": 0.531059443951,
        "dvar": 0.201764211059,
        "dvar2": 0.5065305233,
        "max": 3.21668148041,
        "mean": -1.14649379253,
        "median": -1.32365942001,
        "min": -1.62534701824,
        "var": 0.28137037158
    },
    "erbbands_skewness": {
        "dmean": 0.290023982525,
        "dmean2": 0.466286510229,
        "dvar": 0.0489890165627,
        "dvar2": 0.136470645666,
        "max": 0.962515890598,
        "mean": -0.189802244306,
        "median": -0.165622875094,
        "min": -1.67961549759,
        "var": 0.159630164504
    },
    "erbbands_spread": {
        "dmean": 4.09352874756,
        "dmean2": 6.93133211136,
        "dvar": 11.086274147,
        "dvar2": 28.1353473663,
        "max": 47.5929946899,
        "mean": 36.1710662842,
        "median": 36.9836158752,
        "min": 11.9484939575,
        "var": 30.836687088
    },
    "hfc": {
        "dmean": 6.19844913483,
        "dmean2": 10.1949100494,
        "dvar": 28.1325035095,
        "dvar2": 70.231086731,
        "max": 63.8065414429,
        "mean": 28.308555603,
        "median": 27.8328456879,
        "min": 1.10950469971,
        "var": 62.1929397583
    },
    "melbands_crest": {
        "dmean": 2.67944192886,
        "dmean2": 4.78588056564,
        "dvar": 4.94117307663,
        "dvar2": 14.4286136627,
        "max": 19.4617214203,
        "mean": 10.7064256668,
        "median": 10.4173278809,
        "min": 6.42266893387,
        "var": 6.44995355606
    },
    "melbands_flatness_db": {
        "dmean": 0.0205671265721,
        "dmean2": 0.0357533246279,
        "dvar": 0.000224407267524,
        "dvar2": 0.000759504502639,
        "max": 0.299544453621,
        "mean": 0.234948784113,
        "median": 0.23450113833,
        "min": 0.165364667773,
        "var": 0.00039938572445
    },
    "melbands_kurtosis": {
        "dmean": 2.9623260498,
        "dmean2": 5.1219420433,
        "dvar": 7.92148351669,
        "dvar2": 24.7099914551,
        "max": 27.1232585907,
        "mean": 5.95175218582,
        "median": 5.51514434814,
        "min": -1.50597524643,
        "var": 13.3273239136
    },
    "melbands_skewness": {
        "dmean": 0.485152989626,
        "dmean2": 0.836110949516,
        "dvar": 0.156785786152,
        "dvar2": 0.497291117907,
        "max": 4.40981435776,
        "mean": 2.22328829765,
        "median": 2.18998432159,
        "min": 0.209350556135,
        "var": 0.29058611393
    },
    "melbands_spread": {
        "dmean": 5.18780994415,
        "dmean2": 8.69748497009,
        "dvar": 16.9777259827,
        "dvar2": 44.3563423157,
        "max": 46.7129402161,
        "mean": 20.8017864227,
        "median": 19.9177131653,
        "min": 5.71574258804,
        "var": 45.1116409302
    },
    "pitch_salience": {
        "dmean": 0.0667780935764,
        "dmean2": 0.119492948055,
        "dvar": 0.00280583067797,
        "dvar2": 0.00790988560766,
        "max": 0.860150039196,
        "mean": 0.62522739172,
        "median": 0.630156934261,
        "min": 0.450101584196,
        "var": 0.00494961533695
    },
    "silence_rate_20dB": {
        "dmean": 0,
        "dmean2": 0,
        "dvar": 0,
        "dvar2": 0,
        "max": 1,
        "mean": 1,
        "median": 1,
        "min": 1,
        "var": 0
    },
    "silence_rate_30dB": {
        "dmean": 0,
        "dmean2": 0,
        "dvar": 0,
        "dvar2": 0,
        "max": 1,
        "mean": 1,
        "median": 1,
        "min": 1,
        "var": 0
    },
    "silence_rate_60dB": {
        "dmean": 0,
        "dmean2": 0,
        "dvar": 0,
        "dvar2": 0,
        "max": 0,
        "mean": 0,
        "median": 0,
        "min": 0,
        "var": 0
    },
    "spectral_centroid": {
        "dmean": 160.9815979,
        "dmean2": 275.64239502,
        "dvar": 17046.7363281,
        "dvar2": 49590.5039062,
        "max": 1604.56762695,
        "mean": 1036.7590332,
        "median": 1030.35351562,
        "min": 457.071289062,
        "var": 40814.7421875
    },
    "spectral_complexity": {
        "dmean": 2.85416674614,
        "dmean2": 4.48117160797,
        "dvar": 6.94956541061,
        "dvar2": 15.1701564789,
        "max": 36,
        "mean": 27.7717838287,
        "median": 28,
        "min": 2,
        "var": 13.3462600708
    },
    "spectral_decrease": {
        "dmean": 3.34078920083e-09,
        "dmean2": 5.87074744374e-09,
        "dvar": 5.81135491195e-18,
        "dvar2": 1.75918734259e-17,
        "max": -2.15507570123e-10,
        "mean": -1.21597940606e-08,
        "median": -1.2214325551e-08,
        "min": -1.96347951231e-08,
        "var": 8.27835077854e-18
    },
    "spectral_energy": {
        "dmean": 0.0129601778463,
        "dmean2": 0.0228055566549,
        "dvar": 8.86930138222e-05,
        "dvar2": 0.000263715919573,
        "max": 0.0775531381369,
        "mean": 0.0484614148736,
        "median": 0.048335570842,
        "min": 0.000914010335691,
        "var": 0.000127324892674
    },
    "spectral_energyband_high": {
        "dmean": 3.14604985761e-05,
        "dmean2": 5.16668114869e-05,
        "dvar": 8.610441804e-10,
        "dvar2": 2.07869277347e-09,
        "max": 0.000390094384784,
        "mean": 0.000143854049384,
        "median": 0.000143733152072,
        "min": 8.10788060335e-06,
        "var": 2.0048229743e-09
    },
    "spectral_energyband_low": {
        "dmean": 0.00741954846308,
        "dmean2": 0.013201855123,
        "dvar": 4.04655620514e-05,
        "dvar2": 0.000126764658489,
        "max": 0.0367491282523,
        "mean": 0.0116679146886,
        "median": 0.0103995352983,
        "min": 7.03787518432e-05,
        "var": 4.66554483864e-05
    },
    "spectral_energyband_middle_high": {
        "dmean": 0.00253312825225,
        "dmean2": 0.0040980335325,
        "dvar": 7.18694309398e-06,
        "dvar2": 1.81592586159e-05,
        "max": 0.0336816087365,
        "mean": 0.00905383005738,
        "median": 0.00813185982406,
        "min": 0.000475678534713,
        "var": 1.68587666849e-05
    },
    "spectral_energyband_middle_low": {
        "dmean": 0.0103226145729,
        "dmean2": 0.0187244508415,
        "dvar": 7.18599621905e-05,
        "dvar2": 0.000224011877435,
        "max": 0.0687755271792,
        "mean": 0.0283810757101,
        "median": 0.0266047716141,
        "min": 0.000384842278436,
        "var": 9.6047820989e-05
    },
    "spectral_entropy": {
        "dmean": 0.104889854789,
        "dmean2": 0.187058493495,
        "dvar": 0.00755168031901,
        "dvar2": 0.0222681574523,
        "max": 8.02826976776,
        "mean": 7.32064962387,
        "median": 7.32650327682,
        "min": 6.87731266022,
        "var": 0.0124138202518
    },
    "spectral_flux": {
        "dmean": 0.0206881128252,
        "dmean2": 0.0312619656324,
        "dvar": 0.000277272221865,
        "dvar2": 0.000626767578069,
        "max": 0.21350467205,
        "mean": 0.119696244597,
        "median": 0.11759121716,
        "min": 0.0721993297338,
        "var": 0.000574489531573
    },
    "spectral_kurtosis": {
        "dmean": 2.57419276237,
        "dmean2": 4.66855716705,
        "dvar": 5.13200521469,
        "dvar2": 15.1739177704,
        "max": 24.1958560944,
        "mean": 7.6494603157,
        "median": 7.20999526978,
        "min": 2.56378746033,
        "var": 6.3161034584
    },
    "spectral_rms": {
        "dmean": 0.000932324503083,
        "dmean2": 0.00162613787688,
        "dvar": 5.37559060376e-07,
        "dvar2": 1.41264138165e-06,
        "max": 0.00869836751372,
        "mean": 0.00682108616456,
        "median": 0.00686707021669,
        "min": 0.000944307888858,
        "var": 7.5222300211e-07
    },
    "spectral_rolloff": {
        "dmean": 404.64440918,
        "dmean2": 740.237487793,
        "dvar": 177116.796875,
        "dvar2": 431985.875,
        "max": 2519.38476562,
        "mean": 1234.09472656,
        "median": 1593.45703125,
        "min": 366.064453125,
        "var": 286498.84375
    },
    "spectral_skewness": {
        "dmean": 0.237883076072,
        "dmean2": 0.434216976166,
        "dvar": 0.0462527163327,
        "dvar2": 0.126076042652,
        "max": 3.51530647278,
        "mean": 1.69872450829,
        "median": 1.65616321564,
        "min": 1.17403686047,
        "var": 0.0706111416221
    },
    "spectral_spread": {
        "dmean": 173332.65625,
        "dmean2": 276962.0625,
        "dvar": 131518554112,
        "dvar2": 96758620160,
        "max": 9194077,
        "mean": 2561412.75,
        "median": 2529358.25,
        "min": 2039714.125,
        "var": 212871577600
    },
    "spectral_strongpeak": {
        "dmean": 0.655095756054,
        "dmean2": 1.15180659294,
        "dvar": 0.579128324986,
        "dvar2": 1.62824177742,
        "max": 6.45468330383,
        "mean": 0.838807106018,
        "median": 0.698337435722,
        "min": 0.0173156000674,
        "var": 0.534717381001
    },
    "zerocrossingrate": {
        "dmean": 0.00422770204023,
        "dmean2": 0.00541604030877,
        "dvar": 1.25169572129e-05,
        "dvar2": 2.01548118639e-05,
        "max": 0.06005859375,
        "mean": 0.040490873158,
        "median": 0.04052734375,
        "min": 0.01416015625,
        "var": 5.82242464588e-05
    },
    "barkbands": {
        "dmean": [0.000178398491698, 0.00641518225893, 0.00213322672062, 0.00232493458316, 0.00713353138417, 0.00333021231927, 0.00241853459738, 0.000210726459045, 0.000474571628729, 0.000129007836222, 0.000343722640537, 6.05345485383e-05, 0.000137085138704, 0.00172444584314, 0.000494128325954, 0.00074107630644, 0.000644716492388, 0.000203966425033, 5.7141904108e-05, 2.17031501961e-05, 1.69782761077e-05, 7.86859163782e-06, 5.21016909261e-06, 8.69720167884e-07, 3.91442767977e-07, 4.80870028241e-07, 9.30699926016e-08],
        "dmean2": [0.00027647515526, 0.0116792814806, 0.00371455587447, 0.00414049858227, 0.0129344342276, 0.00577167980373, 0.00393652683124, 0.000362275604857, 0.000767176155932, 0.000212238039239, 0.000600794504862, 0.000103351638245, 0.000227718395763, 0.00298480852507, 0.000861620064825, 0.00122551457025, 0.00107203924563, 0.000324361637468, 9.5156916359e-05, 3.67183165508e-05, 2.82126056845e-05, 1.26584945974e-05, 9.63623824646e-06, 1.39999815474e-06, 6.57164662243e-07, 7.80727589245e-07, 1.46812197954e-07],
        "dvar": [2.50874094831e-08, 3.22792511724e-05, 3.84214899896e-06, 4.35487936556e-06, 4.31461266999e-05, 1.81240902748e-05, 7.87317912909e-06, 3.31860334768e-08, 1.15154890068e-07, 1.25664820771e-08, 1.49373036606e-07, 2.90508950229e-09, 2.37862209929e-08, 5.73529814574e-06, 3.40361509643e-07, 4.30981089039e-07, 5.79642119192e-07, 3.96976425066e-08, 2.52865861583e-09, 4.37024721966e-10, 2.26983917773e-10, 4.84218082297e-11, 2.06958131188e-11, 4.42179252198e-13, 9.17233750433e-14, 1.98046914697e-13, 6.69621049419e-15],
        "dvar2": [5.99517022692e-08, 0.000104274578916, 9.7671554613e-06, 1.41860500662e-05, 0.000144909528899, 4.81996466988e-05, 2.21684531425e-05, 9.46494296272e-08, 3.22409391629e-07, 3.47334285777e-08, 4.49201451147e-07, 8.43948644302e-09, 5.97931233415e-08, 1.53918863361e-05, 1.08183439806e-06, 1.21822245092e-06, 1.51020628891e-06, 9.1606658259e-08, 6.79656464442e-09, 1.2295606755e-09, 5.4424670326e-10, 1.35073577323e-10, 5.84817819171e-11, 1.36564663657e-12, 2.64317213949e-13, 4.32231100954e-13, 1.52508434619e-14],
        "max": [0.00127270095982, 0.0305327214301, 0.0122465603054, 0.0161009021103, 0.0413796938956, 0.031138708815, 0.0244869533926, 0.00129611184821, 0.00271288608201, 0.000850220560096, 0.00262896670029, 0.000390423374483, 0.00179938017391, 0.0263784527779, 0.00487597985193, 0.00518966093659, 0.00988319143653, 0.00276040052995, 0.000524296134245, 0.000222193877562, 0.000166737256222, 7.60087132221e-05, 3.72759022866e-05, 7.04893454895e-06, 3.4975721519e-06, 4.62391426481e-06, 9.17442093851e-07],
        "mean": [0.000341657578247, 0.00803727470338, 0.0025508122053, 0.00267654424533, 0.00981077644974, 0.00575426360592, 0.0088376570493, 0.000339884922141, 0.000842799025122, 0.000238401102251, 0.000714358233381, 0.000113655289169, 0.000251316843787, 0.00297993118875, 0.000912857416552, 0.00180849863682, 0.00140548497438, 0.000518489221577, 0.000156143534696, 6.16997276666e-05, 5.99461345701e-05, 2.46215804509e-05, 1.619322029e-05, 3.46290721609e-06, 1.71547640093e-06, 2.44409397965e-06, 4.39636295368e-07],
        "median": [0.000291421922157, 0.00676616327837, 0.00203423365019, 0.00208917655982, 0.00810115225613, 0.00402009300888, 0.00821143109351, 0.00029466918204, 0.000793464307208, 0.000213320672628, 0.000613825861365, 9.62833291851e-05, 0.000193077532458, 0.00229763588868, 0.000715964415576, 0.00169104209635, 0.00123944866937, 0.000452483742265, 0.000140794698382, 5.81085550948e-05, 5.6414570281e-05, 2.34146318689e-05, 1.54271328938e-05, 3.26394933836e-06, 1.68552253399e-06, 2.38834513766e-06, 4.3180611442e-07],
        "min": [1.14532849693e-05, 7.870276022e-06, 2.73232872132e-05, 3.29765171045e-05, 0.000135620604851, 6.21446670266e-05, 9.22658000491e-05, 1.01417936094e-05, 1.45775147757e-05, 1.79559629032e-05, 2.80632193608e-05, 7.23651282897e-06, 5.50996946913e-06, 3.79777193302e-05, 0.000140904958243, 7.96359672677e-05, 8.52125522215e-05, 3.26501394738e-05, 1.70050116139e-05, 1.89698187114e-06, 4.25765347245e-06, 1.50969617607e-06, 6.59247120893e-07, 1.28931262111e-07, 6.58402399267e-08, 1.30828468059e-07, 1.33614488362e-08],
        "var": [4.67058676179e-08, 3.43184365192e-05, 4.85827786179e-06, 5.73052011532e-06, 4.69137230539e-05, 3.15322286042e-05, 1.38282130138e-05, 4.81947139974e-08, 2.26377736112e-07, 2.00924947791e-08, 2.74925810118e-07, 4.36159286465e-09, 3.71951109912e-08, 7.16797603673e-06, 4.35520718156e-07, 6.53485813018e-07, 7.3180376603e-07, 8.67137828209e-08, 5.07475839129e-09, 6.22984219767e-10, 5.37658750854e-10, 9.03243313477e-11, 2.82326644702e-11, 9.7135656723e-13, 1.9538496797e-13, 4.65792768939e-13, 1.48107268366e-14]
    },
    "erbbands": {
        "dmean": [0.217271089554, 1.40225374699, 2.84077239037, 3.80952978134, 22.8087291718, 25.3084754944, 14.6845769882, 34.1098556519, 31.3214416504, 25.5843544006, 5.5344786644, 9.97189426422, 8.05970478058, 9.25273323059, 6.15591907501, 2.4440715313, 7.10870409012, 40.1363983154, 79.1652755737, 20.8665237427, 39.9690666199, 30.7652339935, 13.1304559708, 7.2428689003, 1.31971883774, 0.91086935997, 0.644755721092, 0.723377346992, 0.335794270039, 0.14859329164, 0.157357916236, 0.0305063221604, 0.00914606358856, 0.00337463291362, 0.00391833111644, 0.00298634939827, 0.000726239872165, 0.00016029352264, 1.10212540676e-05, 1.47669225044e-05],
        "dmean2": [0.387962043285, 2.54719090462, 4.86870193481, 6.87748003006, 40.8306884766, 45.9871139526, 24.8554668427, 60.8028526306, 51.4980430603, 42.6761436462, 9.4922914505, 16.3218517303, 13.1765804291, 16.4271259308, 10.4313678741, 4.1931347847, 11.7918024063, 71.493927002, 131.672683716, 35.5526351929, 66.8921585083, 51.6311531067, 21.3764438629, 12.0861349106, 2.1631000042, 1.5439440012, 1.03657186031, 1.17734348774, 0.543991744518, 0.270546972752, 0.284716367722, 0.0517770983279, 0.0149343013763, 0.00547479093075, 0.00683198543265, 0.00487099261954, 0.00118619762361, 0.000273648824077, 1.76649318746e-05, 2.58994932665e-05],
        "dvar": [0.0296610873193, 1.67253196239, 6.32153272629, 10.4838752747, 468.456939697, 541.301208496, 164.320037842, 2246.53881836, 1069.74645996, 780.95880127, 24.3164558411, 60.6980361938, 40.7718849182, 116.537498474, 40.2133712769, 4.70297908783, 64.0595016479, 4404.61767578, 8334.11035156, 487.701507568, 1441.19787598, 1552.64880371, 253.013137817, 39.6773262024, 1.28618013859, 0.784366309643, 0.336860567331, 0.491844445467, 0.0953502133489, 0.012795297429, 0.0209279377013, 0.00059177482035, 4.87491415697e-05, 6.647412647e-06, 9.93040157482e-06, 7.69415964896e-06, 3.45060897189e-07, 1.78833321485e-08, 1.00372835043e-10, 1.1976789005e-10],
        "dvar2": [0.0935295298696, 5.46054840088, 17.0578479767, 32.6642875671, 1567.56323242, 1744.05175781, 454.910736084, 6249.61279297, 2906.17895508, 2068.56860352, 70.0378952026, 176.397323608, 105.133369446, 341.365325928, 116.584632874, 12.5527877808, 157.974624634, 12383.3876953, 20079.1835938, 1247.63378906, 4080.6472168, 4130.27539062, 602.93182373, 109.141021729, 2.88355898857, 1.92214608192, 0.957303285599, 1.10533249378, 0.262650340796, 0.0385583825409, 0.0598874799907, 0.00178782758303, 0.000123936260934, 1.69031445694e-05, 2.80713702523e-05, 1.70052571775e-05, 8.99394876797e-07, 5.23432355237e-08, 1.92465141047e-10, 3.33950728182e-10],
        "max": [1.01638841629, 6.68221616745, 16.8509960175, 26.6205940247, 143.488189697, 165.428649902, 95.9955062866, 368.377349854, 314.041412354, 242.550552368, 34.4794235229, 51.505569458, 50.2844276428, 83.7881546021, 41.7242355347, 18.5871887207, 94.741104126, 869.008911133, 768.617248535, 219.397262573, 277.669494629, 475.322906494, 235.101394653, 74.2934875488, 11.0419254303, 10.7805099487, 6.44700098038, 7.4351978302, 3.64646959305, 0.874753892422, 1.17411792278, 0.223137587309, 0.0742835775018, 0.0285017695278, 0.0319343619049, 0.0306701678783, 0.00612047640607, 0.00102012255229, 0.000126813523821, 9.46604486671e-05],
        "mean": [0.251173317432, 1.68969869614, 3.51279640198, 5.33932924271, 28.9833526611, 32.071395874, 23.7742977142, 61.6342201233, 124.279701233, 66.2758636475, 10.5598630905, 17.7306861877, 15.9040975571, 19.8336277008, 14.3420085907, 5.59907388687, 13.5303869247, 71.5644073486, 145.577301025, 55.2820472717, 104.022674561, 72.0745849609, 33.2291908264, 19.0742511749, 4.44238185883, 2.82132196426, 2.22333741188, 2.49854850769, 1.08490490913, 0.444646894932, 0.502884626389, 0.122094638646, 0.0403854548931, 0.0149764968082, 0.0158324539661, 0.0150750465691, 0.00290241930634, 0.00031477495213, 7.15820569894e-05, 6.36126569589e-05],
        "median": [0.196455344558, 1.31903254986, 2.77272176743, 4.39237594604, 21.876203537, 26.9032688141, 19.5985107422, 40.6559867859, 117.496932983, 61.7262077332, 9.40756893158, 15.7307863235, 14.4128675461, 18.0030212402, 12.529083252, 4.92700910568, 10.5119171143, 55.9333953857, 112.59072876, 50.4698562622, 94.5421905518, 64.8078079224, 29.3366298676, 17.2555027008, 4.06509113312, 2.657299757, 2.08722662926, 2.28214836121, 1.02647733688, 0.425014793873, 0.476856261492, 0.120112836361, 0.039224062115, 0.0147001324221, 0.0154665363953, 0.0146689238027, 0.00290136039257, 0.000280894193565, 7.04273115844e-05, 6.30828653811e-05],
        "min": [0.000341070786817, 0.00181330332998, 0.022847680375, 0.142704769969, 0.382160305977, 0.45712184906, 0.335582196712, 0.609977483749, 1.45702528954, 0.560952425003, 0.37780174613, 0.344301819801, 0.275245666504, 1.27545189857, 1.20458078384, 0.228016763926, 0.248607516289, 1.17178285122, 4.82917118073, 7.35041379929, 4.65012645721, 4.80969047546, 1.73516452312, 1.83004915714, 0.310135185719, 0.0953657180071, 0.0960828587413, 0.226031050086, 0.0570545382798, 0.0195592399687, 0.0217032898217, 0.00504054967314, 0.00147544499487, 0.000543684582226, 0.000700622040313, 0.00096255436074, 0.000109136512037, 1.20717750178e-05, 1.66497352438e-06, 1.35096229315e-06],
        "var": [0.0371770896018, 1.68440020084, 7.92066240311, 13.7929649353, 567.600830078, 561.942749023, 272.780944824, 3739.43066406, 2155.66723633, 1067.09716797, 31.9545669556, 100.41280365, 72.2635269165, 202.000564575, 83.8125839233, 8.10277557373, 103.251075745, 5034.17626953, 14319.6259766, 660.075439453, 2067.54833984, 1745.57006836, 391.318878174, 95.2448806763, 2.889077425, 1.23057067394, 0.627828419209, 1.24425363541, 0.163321629167, 0.0193292628974, 0.0297928769141, 0.00116851390339, 0.000118307907542, 1.81056184374e-05, 1.71088831848e-05, 1.99047117349e-05, 6.67712470204e-07, 2.5302618667e-08, 2.10961387248e-10, 1.79869688588e-10]
    },
    "gfcc": {
        "mean": [24.2005577087, 144.901397705, -133.954574585, 34.8082733154, -31.2309455872, -11.1800642014, -48.4663314819, -1.51178455353, -2.42280435562, 5.32663393021, -17.7832717896, 6.14077138901, -6.71907329559],
        "cov": [[278.847503662, 20.782037735, -14.4069433212, -7.41148853302, 19.8811397552, 26.5125160217, 31.2538833618, 14.4086322784, 6.2520236969, 11.301279068, 6.9198513031, -3.93447542191, 0.948174774647], [20.782037735, 41.9568901062, 29.1885147095, 10.992067337, 11.8125505447, 0.299363195896, 0.821122586727, -4.17473220825, 0.442348212004, -5.23921012878, -0.244826003909, -6.33429384232, 5.09416151047], [-14.4069433212, 29.1885147095, 63.6940765381, 29.4444694519, 0.235510155559, -14.53033638, -8.49429321289, -2.84001278877, 5.93397378922, -5.45698785782, -0.0844535827637, -1.53842794895, 0.840380251408], [-7.41148853302, 10.992067337, 29.4444694519, 34.9002761841, 11.0985012054, -3.59320950508, -0.066469207406, 2.0823392868, 8.10885715485, 3.50833296776, 4.77871894836, -1.16317772865, -0.65161126852], [19.8811397552, 11.8125505447, 0.235510155559, 11.0985012054, 41.8879127502, 27.7747612, 13.0050420761, 3.23558831215, 4.39696311951, 14.159778595, 4.40392398834, -4.52935314178, -1.39006829262], [26.5125160217, 0.299363195896, -14.53033638, -3.59320950508, 27.7747612, 47.7242469788, 31.2544670105, 12.8404817581, 6.95426464081, 16.5526542664, 2.82242250443, -3.45002889633, -1.79491496086], [31.2538833618, 0.821122586727, -8.49429321289, -0.066469207406, 13.0050420761, 31.2544670105, 43.071975708, 28.1914100647, 7.69992494583, 10.1173505783, -0.181428968906, 0.446469575167, 0.362139135599], [14.4086322784, -4.17473220825, -2.84001278877, 2.0823392868, 3.23558831215, 12.8404817581, 28.1914100647, 40.8697929382, 20.4860591888, 8.30309391022, 2.05081820488, 4.86031007767, 1.97996175289], [6.2520236969, 0.442348212004, 5.93397378922, 8.10885715485, 4.39696311951, 6.95426464081, 7.69992494583, 20.4860591888, 31.8507518768, 20.5381698608, 9.88368225098, 3.72226190567, 3.24773621559], [11.301279068, -5.23921012878, -5.45698785782, 3.50833296776, 14.159778595, 16.5526542664, 10.1173505783, 8.30309391022, 20.5381698608, 35.3838043213, 17.4890708923, 3.20814824104, 1.66670739651], [6.9198513031, -0.244826003909, -0.0844535827637, 4.77871894836, 4.40392398834, 2.82242250443, -0.181428968906, 2.05081820488, 9.88368225098, 17.4890708923, 24.4208316803, 11.8488340378, 4.04101419449], [-3.93447542191, -6.33429384232, -1.53842794895, -1.16317772865, -4.52935314178, -3.45002889633, 0.446469575167, 4.86031007767, 3.72226190567, 3.20814824104, 11.8488340378, 22.4231548309, 11.2554206848], [0.948174774647, 5.09416151047, 0.840380251408, -0.65161126852, -1.39006829262, -1.79491496086, 0.362139135599, 1.97996175289, 3.24773621559, 1.66670739651, 4.04101419449, 11.2554206848, 18.4725589752]],
        "icov": [[0.00436947774142, -0.00324167869985, 0.0018832773203, 0.00138119223993, -0.00110145821236, 0.00159719854128, -0.00441031577066, 0.00144878868014, -0.00156644522212, 0.000674148555845, -0.00196008919738, 0.000584729248658, 0.000923285202589], [-0.00324167869985, 0.0818561092019, -0.0422127023339, 0.0318779498339, -0.0399762131274, 0.0240631569177, -0.0399475507438, 0.0311465412378, -0.0307135395706, 0.0501616001129, -0.0464413166046, 0.0565371401608, -0.0460024550557], [0.0018832773203, -0.0422127023339, 0.0513415373862, -0.0402474589646, 0.0219512023032, -0.00754016591236, 0.0175036359578, -0.00909812934697, 0.00543477619067, -0.0168868172914, 0.0245724618435, -0.0273829065263, 0.0212173406035], [0.00138119223993, 0.0318779498339, -0.0402474589646, 0.0788746550679, -0.0441211685538, 0.0354059264064, -0.039783410728, 0.0246985908598, -0.0323721505702, 0.0309767331928, -0.0348573997617, 0.0282947588712, -0.0127140637487], [-0.00110145821236, -0.0399762131274, 0.0219512023032, -0.0441211685538, 0.0790692567825, -0.0578914023936, 0.0476506017148, -0.0307213179767, 0.0382611602545, -0.043473970145, 0.0278325714171, -0.0223230011761, 0.0159178823233], [0.00159719854128, 0.0240631569177, -0.00754016591236, 0.0354059264064, -0.0578914023936, 0.0989221855998, -0.0863262414932, 0.0474485307932, -0.0403543673456, 0.0207790993154, -0.020540529862, 0.0211771260947, -0.00645357370377], [-0.00441031577066, -0.0399475507438, 0.0175036359578, -0.039783410728, 0.0476506017148, -0.0863262414932, 0.147139668465, -0.104086644948, 0.0789662823081, -0.059236228466, 0.0433023348451, -0.0312637425959, 0.0135503094643], [0.00144878868014, 0.0311465412378, -0.00909812934697, 0.0246985908598, -0.0307213179767, 0.0474485307932, -0.104086644948, 0.120654083788, -0.0941483601928, 0.0564545765519, -0.0211426094174, 0.00776791432872, -0.00462050177157], [-0.00156644522212, -0.0307135395706, 0.00543477619067, -0.0323721505702, 0.0382611602545, -0.0403543673456, 0.0789662823081, -0.0941483601928, 0.133205190301, -0.0869372785091, 0.028358830139, -0.0158321671188, 0.00252985791303], [0.000674148555845, 0.0501616001129, -0.0168868172914, 0.0309767331928, -0.043473970145, 0.0207790993154, -0.059236228466, 0.0564545765519, -0.0869372785091, 0.129783481359, -0.0841575115919, 0.052586119622, -0.0282047837973], [-0.00196008919738, -0.0464413166046, 0.0245724618435, -0.0348573997617, 0.0278325714171, -0.020540529862, 0.0433023348451, -0.0211426094174, 0.028358830139, -0.0841575115919, 0.133713245392, -0.0913549289107, 0.0410955585539], [0.000584729248658, 0.0565371401608, -0.0273829065263, 0.0282947588712, -0.0223230011761, 0.0211771260947, -0.0312637425959, 0.00776791432872, -0.0158321671188, 0.052586119622, -0.0913549289107, 0.142495572567, -0.0820189639926], [0.000923285202589, -0.0460024550557, 0.0212173406035, -0.0127140637487, 0.0159178823233, -0.00645357370377, 0.0135503094643, -0.00462050177157, 0.00252985791303, -0.0282047837973, 0.0410955585539, -0.0820189639926, 0.109244257212]]
    },
    "melbands": {
        "dmean": [0.0018581317272, 0.00148100720253, 0.00116069242358, 0.00185584987048, 0.000554926460609, 0.000695921480656, 0.00049740128452, 0.00022186904971, 4.32684064435e-05, 7.51721163397e-05, 4.08398009313e-05, 3.47214627254e-05, 3.5332821426e-05, 6.6190286816e-06, 1.11504314191e-05, 1.21139955809e-05, 9.27903092816e-05, 0.00017154350644, 2.83373410639e-05, 4.87130782858e-05, 4.74162879982e-05, 3.54499607056e-05, 2.44288876274e-05, 9.25634230953e-06, 6.2851927396e-06, 1.30890316541e-06, 8.28877375625e-07, 7.12023734195e-07, 4.5108293989e-07, 5.20936509929e-07, 4.28683222253e-07, 2.46192655595e-07, 8.3601683798e-08, 9.26781780208e-08, 1.1972304037e-07, 3.78984843508e-08, 1.51684016458e-08, 7.90271936779e-09, 5.00749131049e-09, 2.55811971606e-09],
        "dmean2": [0.00337608647533, 0.00255707185715, 0.00206820643507, 0.00336398347281, 0.000970733526628, 0.00123179063667, 0.000811843085103, 0.000372855894966, 7.41093899705e-05, 0.000121243981994, 6.70902591082e-05, 6.15385870333e-05, 6.0407917772e-05, 1.12566331154e-05, 1.8536731659e-05, 2.04808475246e-05, 0.000164760727785, 0.000286962720565, 4.94764608447e-05, 8.13889637357e-05, 7.8812117863e-05, 5.96746940573e-05, 4.26129590778e-05, 1.50556343215e-05, 1.07476635094e-05, 2.14827787204e-06, 1.4302662521e-06, 1.18690354611e-06, 7.42470604109e-07, 8.36090578105e-07, 6.89410455834e-07, 3.99580130761e-07, 1.4303742546e-07, 1.71034315599e-07, 2.1734257416e-07, 6.43437090275e-08, 2.54644980657e-08, 1.32981181622e-08, 8.20343881713e-09, 4.12158795982e-09],
        "dvar": [2.37179574469e-06, 1.80758900115e-06, 9.91267143036e-07, 2.98516283692e-06, 2.01897734087e-07, 9.02843396489e-07, 2.91685296361e-07, 5.76220742232e-08, 1.45319545286e-09, 3.14492920594e-09, 1.03480002345e-09, 1.62211344357e-09, 1.41803446763e-09, 4.16700979278e-11, 1.4383096103e-10, 1.75108358369e-10, 2.33572716724e-08, 4.20050625394e-08, 9.76208780479e-10, 2.05076111648e-09, 2.0895405406e-09, 1.47109147086e-09, 1.63736157965e-09, 1.19243115382e-10, 2.94949863144e-11, 1.24097856557e-12, 5.48833819104e-13, 5.5342330111e-13, 1.92687323887e-13, 1.76108436102e-13, 1.62586117529e-13, 5.29861121342e-14, 4.07133458823e-15, 5.50063068892e-15, 1.18007283429e-14, 1.04558414048e-15, 1.61744263236e-16, 3.3663805785e-17, 1.71153065509e-17, 3.80884866986e-18],
        "dvar2": [7.62712306823e-06, 5.38957101526e-06, 3.26358826896e-06, 1.01616496977e-05, 5.61141575872e-07, 2.44896159529e-06, 8.17743796233e-07, 1.51268267246e-07, 4.37119318519e-09, 9.3432150905e-09, 2.65076227635e-09, 4.74841277409e-09, 4.24659685194e-09, 1.19407816968e-10, 3.5942518406e-10, 4.29514118716e-10, 6.58584085045e-08, 1.02439173588e-07, 2.89530799336e-09, 5.70905367425e-09, 6.11309136644e-09, 3.79594888855e-09, 4.3672829797e-09, 2.4200916271e-10, 8.40893535359e-11, 2.80359459606e-12, 1.522023718e-12, 1.46068801585e-12, 5.35226214477e-13, 5.00052148127e-13, 3.94018070124e-13, 1.47663511193e-13, 1.05923604577e-14, 1.63049861292e-14, 3.39761178176e-14, 3.15918450085e-15, 4.51433885475e-16, 8.12843653478e-17, 4.4137437661e-17, 1.07299048374e-17],
        "max": [0.00907027069479, 0.00838425196707, 0.00787858013064, 0.0108044585213, 0.00299886497669, 0.00728285172954, 0.00496142823249, 0.00203761761077, 0.000249806966167, 0.000396607967559, 0.000251468358329, 0.00031409834628, 0.000243527494604, 5.70383817831e-05, 0.000138883115142, 0.000144892881508, 0.00199590460397, 0.00173750903923, 0.000289624062134, 0.0004442963982, 0.000368028500816, 0.000436355883721, 0.00054444745183, 0.000171605919604, 5.4147640185e-05, 1.03865977508e-05, 5.76578804612e-06, 9.16643512028e-06, 4.33608920503e-06, 3.96858240492e-06, 4.10381653637e-06, 2.56165412793e-06, 6.21592903371e-07, 5.66545054426e-07, 9.3658707101e-07, 3.41291581663e-07, 1.20818725691e-07, 5.51522809644e-08, 4.38400924452e-08, 1.65689790776e-08],
        "mean": [0.00220360094681, 0.00199553743005, 0.00161876645871, 0.00243522785604, 0.000905830587726, 0.00127474893816, 0.0018905949546, 0.000517846434377, 6.17696568952e-05, 0.000128481697175, 7.79752444942e-05, 7.41071489756e-05, 7.68284517108e-05, 1.19863025247e-05, 2.21245863941e-05, 2.23277438636e-05, 0.000154812820256, 0.000300753046758, 5.64375659451e-05, 0.000108190208266, 0.000118564181321, 7.87647877587e-05, 4.72747524327e-05, 2.21448317461e-05, 1.51767890202e-05, 3.7227384837e-06, 1.98443240151e-06, 1.89626268821e-06, 1.31009039706e-06, 1.62467017617e-06, 1.33138814817e-06, 7.08651725745e-07, 2.56720738889e-07, 2.47698892508e-07, 3.3928355947e-07, 1.38168644526e-07, 5.18420577578e-08, 2.88825976469e-08, 1.95828739891e-08, 9.14762043891e-09],
        "median": [0.00180344225373, 0.00167099642567, 0.00140758999623, 0.00201819092035, 0.000770593353081, 0.000868640549015, 0.00176303146873, 0.000482001778437, 5.20123940078e-05, 0.000115946117148, 7.01830213075e-05, 6.79571312503e-05, 6.64961989969e-05, 1.03599577415e-05, 1.8656210159e-05, 1.73091102624e-05, 0.000124848855194, 0.000224863018957, 4.90163110953e-05, 9.98749383143e-05, 0.000109014363261, 7.00894743204e-05, 4.01742763643e-05, 1.93646610569e-05, 1.34824404086e-05, 3.44449131262e-06, 1.80125869065e-06, 1.76125752205e-06, 1.23012000586e-06, 1.57554643465e-06, 1.19320361591e-06, 6.52835524306e-07, 2.45889822281e-07, 2.32411906609e-07, 3.14741384955e-07, 1.32590642465e-07, 5.0260972273e-08, 2.70308522232e-08, 1.95869560571e-08, 8.85320172728e-09],
        "min": [3.10501854983e-06, 8.43214911583e-06, 3.15949291689e-05, 3.23219719576e-05, 1.32507502713e-05, 1.40553920573e-05, 2.15247800952e-05, 4.59135799247e-06, 3.39945631822e-06, 1.83508427654e-06, 1.28388398934e-06, 4.71041676064e-06, 3.65214805242e-06, 1.31735009745e-06, 2.49949295039e-07, 6.63072569296e-07, 2.34941217059e-06, 6.77021898809e-06, 1.12535044536e-05, 6.49598587188e-06, 5.4651964092e-06, 5.81367430641e-06, 1.53157543537e-06, 1.83219992778e-06, 1.52108748352e-06, 3.27615055085e-07, 4.45048051745e-08, 6.54966996194e-08, 4.52720279043e-08, 1.20966902273e-07, 1.23900377957e-07, 3.66463588364e-08, 1.41428033729e-08, 8.89238371826e-09, 1.40855425101e-08, 6.90494506017e-09, 1.49938972349e-09, 9.17019460367e-10, 6.33883501244e-10, 4.17421930354e-10],
        "var": [2.71098269877e-06, 2.05831042877e-06, 1.37417748647e-06, 3.17702938446e-06, 3.09808541488e-07, 1.53915789269e-06, 5.39271013622e-07, 7.55395035412e-08, 1.83515391772e-09, 5.67062796719e-09, 1.82564396933e-09, 2.87587309522e-09, 2.82900058934e-09, 5.58876313284e-11, 2.13769640878e-10, 2.96071112071e-10, 2.62438888399e-08, 6.71326958468e-08, 1.20550425198e-09, 2.81327849905e-09, 3.02562330745e-09, 1.99322625072e-09, 1.54163415367e-09, 2.21581558657e-10, 6.18415874065e-11, 2.78271069382e-12, 7.3854475053e-13, 7.7741670523e-13, 2.92004132462e-13, 4.42113630861e-13, 3.77162060264e-13, 8.61770168572e-14, 8.1485806194e-15, 7.3888920156e-15, 1.61342090404e-14, 1.87913094678e-15, 2.82099055597e-16, 7.57659258441e-17, 4.24929992945e-17, 8.97982227186e-18]
    },
    "mfcc": {
        "mean": [-617.181640625, 173.554351807, -33.769985199, 46.1393928528, 18.7978210449, 7.63422870636, -29.9801425934, 0.554065346718, 0.614165008068, 1.35949993134, -3.62788796425, 1.35806667805, -5.9153137207],
        "cov": [[283.054138184, 13.0557575226, -32.4657859802, -17.5918960571, -10.562792778, 13.1649389267, 27.8990535736, 13.5512876511, 12.3274621964, 13.9031887054, 13.3476400375, 9.7534236908, -3.9819996357], [13.0557575226, 39.3102455139, 14.625837326, 5.39994859695, 9.48567771912, 6.04815483093, 3.91919088364, 0.120542123914, 0.926503837109, 1.46909630299, -2.86776685715, -3.47891592979, -5.57076883316], [-32.4657859802, 14.625837326, 57.4168052673, 30.1663093567, 5.79641485214, -8.70145797729, -16.7708473206, -2.32258749008, -6.4879899025, -1.30197310448, -6.7681427002, 0.0268680565059, 2.9591550827], [-17.5918960571, 5.39994859695, 30.1663093567, 43.0399856567, 13.1491250992, -6.0264954567, -8.74094295502, -2.68365693092, -4.18781471252, -0.45463886857, -0.956719279289, 2.12075042725, 1.24234855175], [-10.562792778, 9.48567771912, 5.79641485214, 13.1491250992, 32.431098938, 13.3050870895, -1.47034692764, -6.5831246376, -3.17494249344, 2.2990899086, 5.87568092346, 1.09596979618, -1.56667470932], [13.1649389267, 6.04815483093, -8.70145797729, -6.0264954567, 13.3050870895, 37.4730758667, 18.8094501495, -3.55430269241, 2.14235639572, 6.73148155212, 10.9228458405, 3.12585568428, -3.08057141304], [27.8990535736, 3.91919088364, -16.7708473206, -8.74094295502, -1.47034692764, 18.8094501495, 38.9499320984, 13.8009624481, 12.458565712, 5.30579996109, 7.54365587234, 4.89643621445, -1.04619884491], [13.5512876511, 0.120542123914, -2.32258749008, -2.68365693092, -6.5831246376, -3.55430269241, 13.8009624481, 30.7064781189, 17.8313179016, 5.5984377861, -0.796782433987, 4.56325292587, 4.80464696884], [12.3274621964, 0.926503837109, -6.4879899025, -4.18781471252, -3.17494249344, 2.14235639572, 12.458565712, 17.8313179016, 38.4059410095, 15.4866895676, 2.80201864243, 7.79081869125, 7.12962341309], [13.9031887054, 1.46909630299, -1.30197310448, -0.45463886857, 2.2990899086, 6.73148155212, 5.30579996109, 5.5984377861, 15.4866895676, 30.9768352509, 18.1422786713, 6.28068113327, 2.5665512085], [13.3476400375, -2.86776685715, -6.7681427002, -0.956719279289, 5.87568092346, 10.9228458405, 7.54365587234, -0.796782433987, 2.80201864243, 18.1422786713, 35.9401664734, 10.5003232956, -1.17443299294], [9.7534236908, -3.47891592979, 0.0268680565059, 2.12075042725, 1.09596979618, 3.12585568428, 4.89643621445, 4.56325292587, 7.79081869125, 6.28068113327, 10.5003232956, 22.4326210022, 10.7299041748], [-3.9819996357, -5.57076883316, 2.9591550827, 1.24234855175, -1.56667470932, -3.08057141304, -1.04619884491, 4.80464696884, 7.12962341309, 2.5665512085, -1.17443299294, 10.7299041748, 24.8430404663]],
