{
"lowlevel": {
    "average_loudness": 0.987694323063,
    "barkbands_crest": {
        "dmean": 4.13254308701,
        "dmean2": 7.24901533127,
        "dvar": 10.2883453369,
        "dvar2": 29.7015151978,
        "max": 22.2710876465,
        "mean": 11.9089975357,
        "median": 11.6064052582,
        "min": 3.5687892437,
        "var": 15.6478719711
    },
    "barkbands_flatness_db": {
        "dmean": 0.0309821534902,
        "dmean2": 0.0495107918978,
        "dvar": 0.00053502805531,
        "dvar2": 0.00152214744594,
        "max": 0.347645103931,
        "mean": 0.233691185713,
        "median": 0.233271881938,
        "min": 0.135494872928,
        "var": 0.00135841569863
    },
    "barkbands_kurtosis": {
        "dmean": 4.28343486786,
        "dmean2": 7.35771274567,
        "dvar": 21.8187084198,
        "dvar2": 60.9326095581,
        "max": 39.3618545532,
        "mean": 4.81173229218,
        "median": 3.26793003082,
        "min": -1.61128926277,
        "var": 30.0208625793
    },
    "barkbands_skewness": {
        "dmean": 0.78414696455,
        "dmean2": 1.33175432682,
        "dvar": 0.406892240047,
        "dvar2": 1.07681262493,
        "max": 5.86922073364,
        "mean": 2.03215718269,
        "median": 1.91921973228,
        "min": -1.30535554886,
        "var": 0.843979358673
    },
    "barkbands_spread": {
        "dmean": 5.52353858948,
        "dmean2": 9.29956626892,
        "dvar": 22.1802482605,
        "dvar2": 57.607624054,
        "max": 38.4225845337,
        "mean": 15.9881772995,
        "median": 14.888507843,
        "min": 2.94871115685,
        "var": 57.8744316101
    },
    "dissonance": {
        "dmean": 0.0176185201854,
        "dmean2": 0.0294811092317,
        "dvar": 0.000214882747969,
        "dvar2": 0.000598794198595,
        "max": 0.500000059605,
        "mean": 0.469636291265,
        "median": 0.473216533661,
        "min": 0.352282643318,
        "var": 0.000341525330441
    },
    "dynamic_complexity": 1.09048378468,
    "erbbands_crest": {
        "dmean": 2.93486237526,
        "dmean2": 4.91885185242,
        "dvar": 6.46854972839,
        "dvar2": 18.142168045,
        "max": 22.419095993,
        "mean": 9.47952842712,
        "median": 8.71775436401,
        "min": 3.65534639359,
        "var": 12.4236059189
    },
    "erbbands_flatness_db": {
        "dmean": 0.0156530570239,
        "dmean2": 0.0263229329139,
        "dvar": 0.000154874331201,
        "dvar2": 0.000410857319366,
        "max": 0.290265023708,
        "mean": 0.236307770014,
        "median": 0.23626409471,
        "min": 0.177427902818,
        "var": 0.000305269582896
    },
    "erbbands_kurtosis": {
        "dmean": 0.701641499996,
        "dmean2": 1.19915950298,
        "dvar": 0.853785634041,
        "dvar2": 1.98015034199,
        "max": 6.90756130219,
        "mean": -0.800439536572,
        "median": -1.10901534557,
        "min": -1.73131132126,
        "var": 1.0301721096
    },
    "erbbands_skewness": {
        "dmean": 0.487756639719,
        "dmean2": 0.783644139767,
        "dvar": 0.144230619073,
        "dvar2": 0.390724956989,
        "max": 1.62850642204,
        "mean": -0.283447921276,
        "median": -0.281736642122,
        "min": -2.24974250793,
        "var": 0.398439288139
    },
    "erbbands_spread": {
        "dmean": 7.88408946991,
        "dmean2": 12.7084999084,
        "dvar": 36.7518196106,
        "dvar2": 99.7026062012,
        "max": 65.89037323,
        "mean": 39.2211151123,
        "median": 39.1209983826,
        "min": 8.74164295197,
        "var": 72.8912124634
    },
    "hfc": {
        "dmean": 5.94132566452,
        "dmean2": 9.07225322723,
        "dvar": 79.8627853394,
        "dvar2": 143.162261963,
        "max": 177.8881073,
        "mean": 21.0927047729,
        "median": 17.6951541901,
        "min": 0.0888768583536,
        "var": 242.745346069
    },
    "melbands_crest": {
        "dmean": 4.72326898575,
        "dmean2": 8.15771770477,
        "dvar": 11.3204565048,
        "dvar2": 32.0225753784,
        "max": 27.7625999451,
        "mean": 15.797334671,
        "median": 15.7513256073,
        "min": 5.70782327652,
        "var": 19.0089817047
    },
    "melbands_flatness_db": {
        "dmean": 0.039363488555,
        "dmean2": 0.0631398782134,
        "dvar": 0.000832323916256,
        "dvar2": 0.00233273115009,
        "max": 0.46511220932,
        "mean": 0.326939046383,
        "median": 0.3278670609,
        "min": 0.166960150003,
        "var": 0.00239604711533
    },
    "melbands_kurtosis": {
        "dmean": 11.0926656723,
        "dmean2": 19.3594779968,
        "dvar": 132.672195435,
        "dvar2": 360.674560547,
        "max": 101.804573059,
        "mean": 16.4025726318,
        "median": 12.5062036514,
        "min": -1.53506875038,
        "var": 175.468994141
    },
    "melbands_skewness": {
        "dmean": 1.14009582996,
        "dmean2": 1.94684243202,
        "dvar": 0.856606781483,
        "dvar2": 2.29013609886,
        "max": 8.48691558838,
        "mean": 3.41300582886,
        "median": 3.29236197472,
        "min": -0.257069885731,
        "var": 1.56292355061
    },
    "melbands_spread": {
        "dmean": 6.36236763,
        "dmean2": 10.6612148285,
        "dvar": 33.6276893616,
        "dvar2": 75.3099899292,
        "max": 69.9841995239,
        "mean": 14.2990541458,
        "median": 12.0570554733,
        "min": 2.1929807663,
        "var": 88.6657943726
    },
    "pitch_salience": {
        "dmean": 0.118818156421,
        "dmean2": 0.205841705203,
        "dvar": 0.00760099152103,
        "dvar2": 0.0239043589681,
        "max": 0.803221523762,
        "mean": 0.496868401766,
        "median": 0.503818511963,
        "min": 0.203329637647,
        "var": 0.0116425165907
    },
    "silence_rate_20dB": {
        "dmean": 0,
        "dmean2": 0,
        "dvar": 0,
        "dvar2": 0,
        "max": 1,
        "mean": 1,
        "median": 1,
        "min": 1,
        "var": 0
    },
    "silence_rate_30dB": {
        "dmean": 0,
        "dmean2": 0,
        "dvar": 0,
        "dvar2": 0,
        "max": 1,
        "mean": 1,
        "median": 1,
        "min": 1,
        "var": 0
    },
    "silence_rate_60dB": {
        "dmean": 0,
        "dmean2": 0,
        "dvar": 0,
        "dvar2": 0,
        "max": 0,
        "mean": 0,
        "median": 0,
        "min": 0,
        "var": 0
    },
    "spectral_centroid": {
        "dmean": 234.197280884,
        "dmean2": 380.662689209,
        "dvar": 37163.4101562,
        "dvar2": 96754.2734375,
        "max": 2154.32763672,
        "mean": 957.831970215,
        "median": 902.965026855,
        "min": 299.138824463,
        "var": 122796.164062
    },
    "spectral_complexity": {
        "dmean": 3.455555439,
        "dmean2": 5.35654592514,
        "dvar": 7.3702454567,
        "dvar2": 17.7447357178,
        "max": 40,
        "mean": 20.9030475616,
        "median": 20,
        "min": 0,
        "var": 34.0764808655
    },
    "spectral_decrease": {
        "dmean": 5.15657916367e-09,
        "dmean2": 8.75731132055e-09,
        "dvar": 1.39970341649e-17,
        "dvar2": 3.96454300358e-17,
        "max": -5.06448251392e-11,
        "mean": -1.39213831574e-08,
        "median": -1.36972078124e-08,
        "min": -2.76140443844e-08,
        "var": 2.47017455625e-17
    },
    "spectral_energy": {
        "dmean": 0.0196868255734,
        "dmean2": 0.0334135517478,
        "dvar": 0.000204286479857,
        "dvar2": 0.00057184160687,
        "max": 0.111459083855,
        "mean": 0.0544556230307,
        "median": 0.0531600378454,
        "min": 0.0001992067846,
        "var": 0.000372639566194
    },
    "spectral_energyband_high": {
        "dmean": 3.29576869262e-05,
        "dmean2": 5.12197439093e-05,
        "dvar": 2.75061728949e-09,
        "dvar2": 6.04960170847e-09,
        "max": 0.000816019135527,
        "mean": 9.48589731706e-05,
        "median": 6.34082316537e-05,
        "min": 6.3234335812e-07,
        "var": 9.3153724734e-09
    },
    "spectral_energyband_low": {
        "dmean": 0.019308436662,
        "dmean2": 0.0336997434497,
        "dvar": 0.000225462368689,
        "dvar2": 0.000655165757053,
        "max": 0.0839470401406,
        "mean": 0.0311197936535,
        "median": 0.0277678072453,
        "min": 7.62194831623e-05,
        "var": 0.000312528223731
    },
    "spectral_energyband_middle_high": {
        "dmean": 0.00241053663194,
        "dmean2": 0.00371395354159,
        "dvar": 1.69521954376e-05,
        "dvar2": 2.9619450288e-05,
        "max": 0.0797247365117,
        "mean": 0.00591081660241,
        "median": 0.00435258541256,
        "min": 2.68012790912e-05,
        "var": 4.53580578323e-05
    },
    "spectral_energyband_middle_low": {
        "dmean": 0.00852918066084,
        "dmean2": 0.0139388851821,
        "dvar": 6.75608898746e-05,
        "dvar2": 0.000166722209542,
        "max": 0.0637091696262,
        "mean": 0.018279703334,
        "median": 0.016123412177,
        "min": 0.000105173334305,
        "var": 0.000110672153824
    },
    "spectral_entropy": {
        "dmean": 0.158516347408,
        "dmean2": 0.255737274885,
        "dvar": 0.0160909406841,
        "dvar2": 0.0431340485811,
        "max": 7.75347042084,
        "mean": 7.02340221405,
        "median": 7.03526449203,
        "min": 6.43929290771,
        "var": 0.0379487834871
    },
    "spectral_flux": {
        "dmean": 0.0316204875708,
        "dmean2": 0.0525993295014,
        "dvar": 0.00055779091781,
        "dvar2": 0.00149030634202,
        "max": 0.253718942404,
        "mean": 0.138873502612,
        "median": 0.135792642832,
        "min": 0.0524853654206,
        "var": 0.00117091543507
    },
    "spectral_kurtosis": {
        "dmean": 5.32744121552,
        "dmean2": 9.52815341949,
        "dvar": 17.5938034058,
        "dvar2": 51.8839874268,
        "max": 30.7283096313,
        "mean": 9.18818855286,
        "median": 8.06103897095,
        "min": 0.915915489197,
        "var": 27.4971237183
    },
    "spectral_rms": {
        "dmean": 0.00135206372943,
        "dmean2": 0.00229078368284,
        "dvar": 9.93776893665e-07,
        "dvar2": 2.72122179013e-06,
        "max": 0.010427874513,
        "mean": 0.00716311298311,
        "median": 0.00720162829384,
        "min": 0.000440849282313,
        "var": 1.81724624326e-06
    },
    "spectral_rolloff": {
        "dmean": 451.658905029,
        "dmean2": 803.986083984,
        "dvar": 305588.40625,
        "dvar2": 750729.0625,
        "max": 2476.31835938,
        "mean": 748.353942871,
        "median": 473.73046875,
        "min": 107.666015625,
        "var": 449217.875
    },
    "spectral_skewness": {
        "dmean": 0.46187594533,
        "dmean2": 0.816849887371,
        "dvar": 0.137239173055,
        "dvar2": 0.398879379034,
        "max": 3.96248960495,
        "mean": 1.65856969357,
        "median": 1.58142399788,
        "min": 0.535768568516,
        "var": 0.262335389853
    },
    "spectral_spread": {
        "dmean": 195439.375,
        "dmean2": 313502.65625,
        "dvar": 158698733568,
        "dvar2": 159028117504,
        "max": 10415248,
        "mean": 2093888.75,
        "median": 2051292.625,
        "min": 1525133.25,
        "var": 234288267264
    },
    "spectral_strongpeak": {
        "dmean": 0.36624750495,
        "dmean2": 0.635087490082,
        "dvar": 0.452499419451,
        "dvar2": 1.16864180565,
        "max": 7.4427690506,
        "mean": 0.558219075203,
        "median": 0.422386586666,
        "min": 0.00336087797768,
        "var": 0.391370862722
    },
    "zerocrossingrate": {
        "dmean": 0.00564100500196,
        "dmean2": 0.0075404769741,
        "dvar": 1.90900573216e-05,
        "dvar2": 3.35423719662e-05,
        "max": 0.08837890625,
        "mean": 0.0300597306341,
        "median": 0.02783203125,
        "min": 0.0048828125,
        "var": 0.000130224711029
    },
    "barkbands": {
        "dmean": [0.000196235268959, 0.016032859683, 0.00691989529878, 0.0016501013888, 0.00622259173542, 0.00125359103549, 0.00254174903966, 0.00138316943776, 0.000588056922425, 0.000170261599123, 0.000146807782585, 6.18718622718e-05, 7.97695975052e-05, 0.000669097935315, 0.000263939640718, 0.00127472181339, 0.000642996688839, 0.000151258762344, 7.08769221092e-05, 1.90590435523e-05, 2.38500724663e-05, 4.01748866352e-06, 3.94901235268e-07, 5.30255363174e-07, 1.23238933725e-07, 4.42774350518e-08, 1.94763405403e-08],
        "dmean2": [0.000317574187648, 0.0282305926085, 0.0115352431312, 0.00282204174437, 0.0105126565322, 0.0021459213458, 0.00412165326998, 0.00231708073989, 0.00100247445516, 0.00028705803561, 0.000251601188211, 0.000101074700069, 0.00012158217578, 0.00105863367207, 0.000432056724094, 0.00206379406154, 0.00104540248867, 0.000244137714617, 0.00011517706298, 3.04172590404e-05, 3.68210057786e-05, 6.62055708744e-06, 6.27207271009e-07, 8.44594126193e-07, 1.91499111679e-07, 6.5176351427e-08, 2.36278214771e-08],
        "dvar": [6.29812078046e-08, 0.000175041277544, 4.21985605499e-05, 2.54828842117e-06, 4.42116106569e-05, 3.8239531932e-06, 1.36141343319e-05, 8.23174650577e-06, 7.60883892781e-07, 4.89103975099e-08, 4.49361188259e-08, 8.0473609998e-09, 1.84958892646e-08, 1.52700715716e-06, 2.68298464334e-07, 7.67629262555e-06, 1.18721811759e-06, 3.43337518416e-08, 4.44909744601e-08, 1.248300463e-09, 1.03187181022e-09, 9.80513448212e-11, 7.09044802039e-13, 2.52174800139e-12, 1.28166777864e-13, 4.95241258484e-14, 4.84679096445e-14],
        "dvar2": [1.39378371955e-07, 0.000516360334586, 0.000115876646305, 6.58967201161e-06, 0.000120486984088, 9.18854857446e-06, 3.16785335599e-05, 2.11764108826e-05, 1.95840834749e-06, 1.34331756385e-07, 1.23061298041e-07, 1.92269578037e-08, 3.49410065326e-08, 3.14995804729e-06, 6.40692292109e-07, 1.72421841853e-05, 3.02775492855e-06, 8.36513081026e-08, 1.10424231536e-07, 2.50018916681e-09, 2.31068697509e-09, 2.27340285486e-10, 1.37664890338e-12, 4.91263323424e-12, 2.47100273186e-13, 6.53159980529e-14, 4.73630737494e-14],
        "max": [0.0020318813622, 0.0735766068101, 0.0667033791542, 0.0131212901324, 0.0513504557312, 0.0223647244275, 0.041933991015, 0.025689592585, 0.0105312140658, 0.00163700431585, 0.00220679421909, 0.000759559043217, 0.00149518460967, 0.0211424287409, 0.00782980024815, 0.0438427068293, 0.0136028584093, 0.00206920318305, 0.00375696737319, 0.000492889259476, 0.000397597119445, 0.000169591934537, 1.25848591779e-05, 2.47157277045e-05, 4.38723236584e-06, 4.23486562795e-06, 4.33849163528e-06],
        "mean": [0.000248908181675, 0.0217615235597, 0.00820500124246, 0.00206829165109, 0.00842726230621, 0.00181501661427, 0.00345949991606, 0.00159861601423, 0.000801591842901, 0.000249986740528, 0.000201276561711, 9.65842991718e-05, 0.000125940190628, 0.000942475511692, 0.000419514166424, 0.00253682280891, 0.000950753281359, 0.000336482364219, 0.00010012355051, 3.01122363453e-05, 7.17306756997e-05, 6.38745314063e-06, 6.99261363479e-07, 8.28683823784e-07, 1.71783142378e-07, 6.61796306645e-08, 5.12706535005e-08],
        "median": [0.000143418641528, 0.0192495193332, 0.00562995392829, 0.00144093064591, 0.00627105869353, 0.00103872548789, 0.0020731810946, 0.00080689729657, 0.000500580936205, 0.000182820964255, 0.000130900385557, 6.8216220825e-05, 7.17923758202e-05, 0.000479970651213, 0.000273864425253, 0.00168858596589, 0.000506050419062, 0.000193909596419, 4.83940129925e-05, 1.45734866237e-05, 4.72332576464e-05, 3.61487786904e-06, 3.9954986164e-07, 3.59691114227e-07, 6.73445796906e-08, 2.08334274276e-08, 3.17586703602e-08],
        "min": [1.65750032011e-06, 3.45197404386e-05, 2.56988387264e-05, 2.16901717067e-05, 3.84312661481e-05, 5.73065472054e-06, 1.86782381206e-05, 4.49450453743e-06, 1.29652398755e-05, 3.91348294215e-06, 1.13444355065e-06, 1.11040651518e-06, 3.16517389365e-06, 6.89294392942e-06, 1.86396130175e-06, 5.85148518439e-06, 1.12924465157e-06, 1.30426599299e-06, 4.0239712007e-07, 3.42790428931e-07, 3.5023572309e-07, 4.55835973412e-08, 3.57522123018e-09, 9.82740644417e-09, 6.51575904342e-09, 2.00159244734e-09, 6.68694521977e-09],
        "var": [9.71429940932e-08, 0.000214502972085, 7.22002005205e-05, 3.8389312067e-06, 5.15413521498e-05, 5.64828133065e-06, 1.8929997168e-05, 7.36388847145e-06, 9.61855789683e-07, 6.04297625273e-08, 5.65767521721e-08, 1.08409530242e-08, 3.57356704228e-08, 2.79371556644e-06, 3.81708133546e-07, 1.1406817066e-05, 1.89195475286e-06, 1.37251376486e-07, 6.33918446624e-08, 2.95098812053e-09, 4.49540671354e-09, 1.45943021557e-10, 1.66265417233e-12, 4.93458572615e-12, 1.72031076992e-13, 6.34974725252e-14, 5.1650358117e-14]
    },
    "erbbands": {
        "dmean": [0.344608455896, 4.14407444, 8.78822040558, 4.44464349747, 11.0507564545, 30.0843715668, 14.088675499, 9.94457435608, 23.7712650299, 37.1182899475, 34.0060462952, 14.0041570663, 8.67339420319, 6.6656255722, 2.71731352806, 2.73458719254, 3.82640099525, 20.8612327576, 30.0958881378, 23.0501918793, 70.009979248, 31.877040863, 11.8878135681, 5.95473575592, 1.9919655323, 0.927006423473, 0.664216637611, 1.10031187534, 0.187259569764, 0.0250233840197, 0.0151986293495, 0.0144418580458, 0.0060599190183, 0.00205495883711, 0.000557503663003, 0.000262246001512, 6.7646134994e-05, 1.32106542878e-05, 1.03796428448e-05, 2.12524792005e-05],
        "dmean2": [0.591025114059, 7.29344797134, 15.1504583359, 7.66929960251, 19.1427249908, 51.2069015503, 23.5880203247, 17.0404682159, 38.6135406494, 60.6693725586, 57.0749740601, 23.8940124512, 14.6231117249, 11.20753479, 4.42680120468, 4.29884433746, 5.70319890976, 33.8994941711, 48.1966743469, 37.6852302551, 114.350906372, 51.2658309937, 19.1512241364, 9.63033676147, 3.26426696777, 1.47272491455, 1.02822637558, 1.64167523384, 0.301538586617, 0.0398579016328, 0.024428261444, 0.0231697969139, 0.00975214503706, 0.003173366189, 0.000881246523932, 0.000403569196351, 9.48227825575e-05, 1.61518619279e-05, 1.63302738656e-05, 3.60819140042e-05],
        "dvar": [0.08543600142, 11.6191959381, 63.4741973877, 17.0358333588, 150.44972229, 1175.05993652, 248.927185059, 303.338348389, 1095.54016113, 3345.38671875, 5651.234375, 391.019012451, 157.230728149, 123.451148987, 11.0307884216, 16.1630039215, 42.0591049194, 1003.9430542, 5307.64257812, 1260.8112793, 25239.2304688, 3307.44335938, 319.897338867, 147.958404541, 43.0430717468, 3.56873297691, 1.17904031277, 1.89628326893, 0.184611663222, 0.00382118811831, 0.00120478100143, 0.00142982043326, 0.000513538427185, 2.94477285934e-05, 4.83890198666e-06, 1.09403526949e-06, 1.51093900058e-07, 1.85310433665e-08, 9.49571643538e-10, 2.42698250386e-10],
        "dvar2": [0.253141820431, 34.0818023682, 169.729980469, 46.847743988, 429.562591553, 3067.07250977, 689.475280762, 719.657714844, 2752.86352539, 7437.15087891, 14683.4111328, 1027.51330566, 421.819671631, 332.810424805, 29.0265331268, 35.8391876221, 77.6192092896, 2328.20874023, 12386.4023438, 2904.1953125, 54215.59375, 7739.59765625, 795.389648438, 337.564971924, 107.327407837, 7.51361131668, 2.42228746414, 4.43554067612, 0.425798028708, 0.00694653764367, 0.0024823511485, 0.00266434974037, 0.00111539300997, 5.91672505834e-05, 9.662323464e-06, 1.83902545814e-06, 1.7592199697e-07, 1.80095653946e-08, 9.52820378153e-10, 6.63858690242e-10],
        "max": [1.78345298767, 18.0212841034, 69.4964752197, 38.3813209534, 108.909469604, 243.460113525, 127.421028137, 192.335998535, 252.523422241, 762.389282227, 700.926208496, 198.68409729, 127.003723145, 124.740768433, 31.8023433685, 40.2703132629, 79.2161483765, 344.157531738, 1209.28491211, 516.597290039, 2473.06494141, 823.329956055, 244.311706543, 204.374984741, 119.504829407, 31.7417316437, 13.3060836792, 17.2327976227, 7.62133789062, 1.10464680195, 0.515381097794, 0.603539526463, 0.365944474936, 0.0699867606163, 0.0283646173775, 0.0173282474279, 0.00737208686769, 0.00281903357245, 0.000646934378892, 0.000137788563734],
        "mean": [0.454827547073, 5.40994215012, 11.2745714188, 7.09135246277, 14.655880928, 36.5354194641, 20.8350334167, 14.9568138123, 31.8108119965, 51.7900695801, 38.7823181152, 18.9356384277, 12.0926408768, 9.26670265198, 4.75998830795, 4.53091096878, 6.44827508926, 29.9484729767, 44.1695480347, 47.72838974, 141.025314331, 53.0292167664, 25.0617904663, 10.0993461609, 2.93710136414, 1.44973599911, 1.52382707596, 3.50783920288, 0.401490300894, 0.0425365231931, 0.0263793598861, 0.0225182697177, 0.0089824507013, 0.00294755003415, 0.000793352490291, 0.000432695494965, 0.000105904822703, 2.40601511905e-05, 3.22342784784e-05, 6.20939317741e-05],
        "median": [0.368306308985, 4.59871149063, 8.42148113251, 5.80804729462, 10.9917068481, 25.2912120819, 14.7112474442, 8.85330867767, 19.5536689758, 33.0448684692, 18.7077713013, 11.6386241913, 8.06033802032, 5.76435184479, 3.44352650642, 3.13479566574, 3.9019138813, 16.1023254395, 24.740606308, 34.8035583496, 97.2486953735, 31.155921936, 13.6747560501, 5.51850271225, 1.34465134144, 0.697034418583, 0.979427337646, 2.19976902008, 0.268925607204, 0.0258006080985, 0.0146561181173, 0.0102359540761, 0.00383046339266, 0.00114348134957, 0.000351024034899, 0.00018108128279, 3.82305443054e-05, 1.08541389636e-05, 3.03749093291e-05, 6.08175214438e-05],
        "min": [0.000977049814537, 0.0079099657014, 0.0271371621639, 0.0600187070668, 0.119007058442, 0.127823993564, 0.0583406426013, 0.0540045537055, 0.20109513402, 0.268601387739, 0.0883986353874, 0.314912587404, 0.167634382844, 0.12436901778, 0.0238166674972, 0.0551281645894, 0.12706848979, 0.331513762474, 0.153987407684, 0.203220710158, 0.297073096037, 0.0911378785968, 0.0805113837123, 0.0337894819677, 0.0134584056213, 0.0183709226549, 0.00900081824511, 0.0167933516204, 0.00212815124542, 0.000199219197384, 0.000162537660799, 0.000235582410824, 0.000116568735393, 8.31650322652e-05, 3.79307602998e-05, 1.91550152522e-05, 9.06315290194e-06, 3.42278576682e-06, 8.80208858689e-07, 3.35932384132e-07],
        "var": [0.125987693667, 13.9934616089, 96.3633804321, 32.6381759644, 169.243896484, 1341.77575684, 348.525390625, 399.325042725, 1410.25915527, 5016.22167969, 4927.01611328, 480.658325195, 172.207672119, 133.704925537, 19.9368190765, 25.6049365997, 83.0780258179, 1733.1184082, 7142.76953125, 2615.68383789, 38163.6601562, 5650.70166016, 861.926757812, 265.356323242, 64.194480896, 8.0061416626, 3.33513736725, 10.8657646179, 0.31164252758, 0.00725914025679, 0.00257840706035, 0.0032087827567, 0.000689873995725, 4.61251365778e-05, 4.90254524266e-06, 1.43850684253e-06, 1.73525478431e-07, 2.22929941174e-08, 1.15409448664e-09, 4.7958509386e-10]
    },
    "gfcc": {
        "mean": [-36.4283103943, 194.062561035, -141.708084106, 47.3735656738, -14.3159189224, -21.1819858551, -26.1554412842, -4.68053674698, 13.0340414047, -3.95644497871, -16.5685520172, -11.2649421692, 8.01628303528],
        "cov": [[943.512084961, -255.809936523, -248.450668335, 20.8895206451, -93.1741104126, 2.28805541992, -90.0828781128, 65.5434036255, -48.1832618713, 18.705411911, 24.227930069, 15.27364254, -42.0910491943], [-255.809936523, 246.365600586, 120.115020752, -50.1062927246, 41.8189125061, -18.3175125122, 52.0745239258, -50.966053009, 26.3543777466, -28.496969223, 10.08152771, -20.0237216949, 20.0030784607], [-248.450668335, 120.115020752, 217.819290161, 6.90942239761, 39.7011756897, 22.5491657257, 13.4877481461, -14.376912117, 14.9052648544, -7.96894550323, -2.29370546341, -12.4584503174, 10.9073877335], [20.8895206451, -50.1062927246, 6.90942239761, 104.746513367, 29.2027568817, -9.50514221191, 1.05889463425, 1.17842745781, 7.27355527878, -0.2486500144, -2.79087114334, 9.80493736267, 10.8979787827], [-93.1741104126, 41.8189125061, 39.7011756897, 29.2027568817, 93.0285568237, 21.9709072113, 23.7299346924, -12.2316789627, 9.33463859558, -5.69897270203, -0.502235352993, 3.2367143631, 11.0244045258], [2.28805541992, -18.3175125122, 22.5491657257, -9.50514221191, 21.9709072113, 86.5682296753, 21.5055561066, 8.71888542175, -4.81336450577, 2.93451952934, 2.64833211899, -13.1763458252, 1.74533092976], [-90.0828781128, 52.0745239258, 13.4877481461, 1.05889463425, 23.7299346924, 21.5055561066, 78.6027526855, 4.82908773422, 23.0179138184, 2.82509636879, 1.64526736736, -2.96521425247, 14.2633209229], [65.5434036255, -50.966053009, -14.376912117, 1.17842745781, -12.2316789627, 8.71888542175, 4.82908773422, 55.7417221069, 8.60245990753, 14.5190372467, 9.57822990417, 5.63824415207, -6.98542737961], [-48.1832618713, 26.3543777466, 14.9052648544, 7.27355527878, 9.33463859558, -4.81336450577, 23.0179138184, 8.60245990753, 63.6026954651, 24.6692295074, -2.55796098709, 0.170743837953, 10.6001672745], [18.705411911, -28.496969223, -7.96894550323, -0.2486500144, -5.69897270203, 2.93451952934, 2.82509636879, 14.5190372467, 24.6692295074, 50.5914459229, 12.9707183838, -0.819610357285, -6.07156181335], [24.227930069, 10.08152771, -2.29370546341, -2.79087114334, -0.502235352993, 2.64833211899, 1.64526736736, 9.57822990417, -2.55796098709, 12.9707183838, 40.5572929382, 5.76017951965, -3.16554093361], [15.27364254, -20.0237216949, -12.4584503174, 9.80493736267, 3.2367143631, -13.1763458252, -2.96521425247, 5.63824415207, 0.170743837953, -0.819610357285, 5.76017951965, 45.703125, 14.751250267], [-42.0910491943, 20.0030784607, 10.9073877335, 10.8979787827, 11.0244045258, 1.74533092976, 14.2633209229, -6.98542737961, 10.6001672745, -6.07156181335, -3.16554093361, 14.751250267, 34.3655395508]],
        "icov": [[0.00212622713298, -0.000868144037668, 0.00248048407957, -0.0016541533405, 0.00135240855161, -0.00189837743528, 0.00247808382846, -0.00200973311439, 0.000521382084116, -0.000266377872322, -0.000217846565647, -0.000633880554233, 0.0011164706666], [-0.000868144037668, 0.0334180407226, -0.014872232452, 0.0217268355191, -0.0103873740882, 0.0200157910585, -0.0183703768998, 0.0214963406324, -0.0147870145738, 0.0219232477248, -0.0236581731588, 0.0150824664161, -0.00859363749623], [0.00248048407957, -0.014872232452, 0.0140607012436, -0.0106408353895, 0.00390453333966, -0.0112744038925, 0.0107868975028, -0.0102085508406, 0.00494061317295, -0.00807904731482, 0.00894346088171, -0.0052118897438, 0.0034839566797], [-0.0016541533405, 0.0217268355191, -0.0106408353895, 0.02604297176, -0.0117094209418, 0.0160200335085, -0.011806900613, 0.0126931890845, -0.00942489970475, 0.0132611598819, -0.0138793066144, 0.00973642338067, -0.00933833885938], [0.00135240855161, -0.0103873740882, 0.00390453333966, -0.0117094209418, 0.0193683039397, -0.0112027712166, 0.00348079646938, -0.00292166136205, 0.00239501846954, -0.00451608281583, 0.00579506251961, -0.00782767590135, 0.00485083367676], [-0.00189837743528, 0.0200157910585, -0.0112744038925, 0.0160200335085, -0.0112027712166, 0.0286205746233, -0.0154508156702, 0.00922400038689, -0.00344718527049, 0.00967597216368, -0.0131203280762, 0.0148155903444, -0.00984478183091], [0.00247808382846, -0.0183703768998, 0.0107868975028, -0.011806900613, 0.00348079646938, -0.0154508156702, 0.0295386705548, -0.0152058992535, 0.0022199372761, -0.00949909538031, 0.0102453809232, -0.00556761352345, -0.000663660466671], [-0.00200973311439, 0.0214963406324, -0.0102085508406, 0.0126931890845, -0.00292166136205, 0.00922400038689, -0.0152058992535, 0.0382594428957, -0.0136834820732, 0.0118676135316, -0.0179339013994, 0.00365649838932, 0.0018938529538], [0.000521382084116, -0.0147870145738, 0.00494061317295, -0.00942489970475, 0.00239501846954, -0.00344718527049, 0.0022199372761, -0.0136834820732, 0.0338873080909, -0.0250098519027, 0.0166008286178, -0.00352024519816, -0.00546078151092], [-0.000266377872322, 0.0219232477248, -0.00807904731482, 0.0132611598819, -0.00451608281583, 0.00967597216368, -0.00949909538031, 0.0118676135316, -0.0250098519027, 0.0461825020611, -0.0254039242864, 0.00908323843032, 0.00221871980466], [-0.000217846565647, -0.0236581731588, 0.00894346088171, -0.0138793066144, 0.00579506251961, -0.0131203280762, 0.0102453809232, -0.0179339013994, 0.0166008286178, -0.0254039242864, 0.0468048043549, -0.0148916384205, 0.00707092974335], [-0.000633880554233, 0.0150824664161, -0.0052118897438, 0.00973642338067, -0.00782767590135, 0.0148155903444, -0.00556761352345, 0.00365649838932, -0.00352024519816, 0.00908323843032, -0.0148916384205, 0.0381037481129, -0.0212130192667], [0.0011164706666, -0.00859363749623, 0.0034839566797, -0.00933833885938, 0.00485083367676, -0.00984478183091, -0.000663660466671, 0.0018938529538, -0.00546078151092, 0.00221871980466, 0.00707092974335, -0.0212130192667, 0.048761613667]]
    },
    "melbands": {
        "dmean": [0.00380577566102, 0.00471676792949, 0.000839970074594, 0.00149923330173, 0.000681352510583, 0.000220705900574, 0.000430880230851, 0.000356984382961, 0.000267560739303, 8.10470446595e-05, 4.22633165726e-05, 2.61892673734e-05, 1.4029529666e-05, 5.9868984863e-06, 1.0251380445e-05, 5.78273647989e-06, 4.71992898383e-05, 6.171217683e-05, 1.76693811227e-05, 7.59159811423e-05, 7.62325289543e-05, 3.5049411963e-05, 2.08351448236e-05, 7.1760305218e-06, 5.09953679284e-06, 2.03190916181e-06, 7.9194984437e-07, 6.51175867006e-07, 3.28460146193e-07, 7.4345672374e-07, 5.05496188907e-07, 1.18556343409e-07, 4.19382963912e-08, 5.88659698764e-09, 9.25461396406e-09, 8.04706079549e-09, 9.19423559509e-09, 4.51737225404e-09, 2.6891739946e-09, 1.53548318504e-09],
        "dmean2": [0.00673217745498, 0.00807705335319, 0.0014523913851, 0.00256153568625, 0.00111356854904, 0.000373993418179, 0.000701503944583, 0.000581588654313, 0.000449782790383, 0.000137313152663, 7.06149658072e-05, 4.39049072156e-05, 2.357563244e-05, 9.69060329226e-06, 1.6339992726e-05, 8.6286372607e-06, 7.6907723269e-05, 9.90251865005e-05, 2.87536222459e-05, 0.000127935956698, 0.000126064565848, 5.61602610105e-05, 3.55880620191e-05, 1.16251085274e-05, 8.2568903963e-06, 3.52482538801e-06, 1.25396320527e-06, 1.06151435375e-06, 5.05393757066e-07, 1.1603430039e-06, 7.59675572226e-07, 1.95348945908e-07, 6.95098520964e-08, 9.97739402209e-09, 1.43942902042e-08, 1.35411166724e-08, 1.50326648907e-08, 7.35769667415e-09, 4.17900736238e-09, 2.43368081243e-09],
        "dvar": [9.93093817669e-06, 1.42912240335e-05, 5.244754675e-07, 2.70906866717e-06, 4.86476835704e-07, 1.38176574183e-07, 3.7576194245e-07, 2.95124721106e-07, 3.35434691578e-07, 1.34247546413e-08, 3.73131259224e-09, 1.87936333162e-09, 3.41227240908e-10, 8.57521692543e-11, 3.60130758548e-10, 9.79613820618e-11, 5.32597699276e-09, 2.23148255429e-08, 9.9289498845e-10, 2.52405083501e-08, 3.07735810168e-08, 3.28188720644e-09, 2.14697437606e-09, 7.9737300096e-11, 1.17572257485e-10, 6.48556972016e-11, 2.76021089665e-12, 2.24707145252e-12, 2.70879510229e-13, 1.1131150255e-12, 3.92950835716e-13, 7.45707071396e-14, 1.71742113396e-14, 2.02288090826e-16, 4.18892891345e-16, 5.08185887035e-16, 5.40387009195e-16, 2.9218830326e-16, 6.05516060724e-17, 1.62548203382e-17],
        "dvar2": [2.86531867459e-05, 4.14323221776e-05, 1.39028452395e-06, 7.48931734051e-06, 1.31840954509e-06, 3.29836723267e-07, 9.19057526971e-07, 6.76706008562e-07, 8.71705196914e-07, 3.63585499485e-08, 1.00101482658e-08, 5.0664690221e-09, 9.32738442039e-10, 2.13690704021e-10, 8.31952784441e-10, 1.55834761761e-10, 1.272301553e-08, 5.13447666606e-08, 2.25860663505e-09, 7.10057150854e-08, 6.3856745669e-08, 6.85564049974e-09, 5.83588555259e-09, 1.86841750405e-10, 2.69430311395e-10, 1.75843756223e-10, 5.25974316185e-12, 5.26705155185e-12, 5.16803125902e-13, 2.63822384078e-12, 8.5824451929e-13, 1.78882109863e-13, 3.63521773718e-14, 4.73552298008e-16, 9.2325955976e-16, 1.10424784246e-15, 1.02449386712e-15, 6.14944543278e-16, 1.3506541208e-16, 3.33493745819e-17],
        "max": [0.0175167769194, 0.0259975194931, 0.00653101783246, 0.0130428718403, 0.00463162409142, 0.00421881116927, 0.00573882320896, 0.00746705569327, 0.00523647014052, 0.00111646240111, 0.000619144411758, 0.000488258257974, 0.000188400867046, 9.19197264011e-05, 0.000196664070245, 0.000163878386957, 0.000788579578511, 0.00247126049362, 0.000535559724085, 0.00237275357358, 0.00262794364244, 0.000823359470814, 0.000591161893681, 9.76057708613e-05, 0.000175405977643, 0.000145271653309, 2.31508638535e-05, 2.6073470508e-05, 6.41320775685e-06, 1.07823498183e-05, 8.22973834147e-06, 4.69203314424e-06, 2.14145575228e-06, 2.10777059806e-07, 3.02213862824e-07, 3.57453870947e-07, 3.64828451893e-07, 2.73455810884e-07, 1.16180075338e-07, 4.50913404393e-08],
        "mean": [0.00518937315792, 0.00661632232368, 0.00144012901001, 0.00191816827282, 0.000971705361735, 0.000323720189044, 0.000576455087867, 0.000511380785611, 0.000292985874694, 0.000108112690214, 5.70202901145e-05, 3.57929238817e-05, 2.13076746149e-05, 9.61734986049e-06, 1.54325043695e-05, 9.65809431364e-06, 6.49424764561e-05, 8.60025829752e-05, 3.00489919027e-05, 0.000144661389641, 0.000150144507643, 5.52252931811e-05, 3.11826188408e-05, 1.59118299052e-05, 7.54240227252e-06, 2.65120911536e-06, 1.16436342523e-06, 9.01474152215e-07, 6.35720255104e-07, 2.02247247216e-06, 1.65318670042e-06, 1.95188889052e-07, 4.93560001757e-08, 9.44350286858e-09, 1.55029642457e-08, 1.18826317674e-08, 1.42475204967e-08, 6.71846800415e-09, 3.6166221129e-09, 1.98878447044e-09],
        "median": [0.0044577633962, 0.00534893199801, 0.00116654590238, 0.00136991753243, 0.000727740989532, 0.000191168612218, 0.000345110398484, 0.000337537465384, 0.000133739609737, 6.87176579959e-05, 3.73358925572e-05, 2.25188832701e-05, 1.41958089444e-05, 6.76762783769e-06, 9.44813291426e-06, 5.59227692065e-06, 3.48441863025e-05, 4.46674093837e-05, 1.89645688806e-05, 9.60128527367e-05, 0.000101609308331, 3.07622176479e-05, 1.64734119608e-05, 8.742396858e-06, 3.81388485948e-06, 1.13201531349e-06, 4.75744172945e-07, 4.29630404142e-07, 3.64446549384e-07, 1.35649668209e-06, 1.05744959455e-06, 1.19454256264e-07, 2.2165355773e-08, 5.09502973145e-09, 8.64655458344e-09, 5.52515899699e-09, 6.56620935402e-09, 3.05145464452e-09, 1.23392662754e-09, 7.32234606282e-10],
        "min": [9.48809065449e-06, 1.32092454805e-05, 1.2164879081e-05, 9.5916338978e-06, 2.67047380476e-06, 1.22481515064e-06, 3.34432911586e-06, 2.55417035078e-06, 7.61055275689e-07, 2.03857371162e-06, 8.04893772965e-07, 5.3759254115e-07, 1.08886823114e-07, 5.2244885751e-08, 2.36984135427e-07, 3.66816834685e-07, 6.75269347994e-07, 3.07795062326e-07, 1.49619808099e-07, 4.06766019978e-07, 2.84477579271e-07, 8.52645030136e-08, 6.88639971713e-08, 6.11794277461e-08, 2.46235494217e-08, 9.55901136024e-09, 1.00237098621e-08, 1.29037145413e-08, 3.83961973327e-09, 9.83892611828e-09, 8.08163758137e-09, 1.25649146643e-09, 1.76843345523e-10, 4.40764057197e-11, 8.40042063688e-11, 1.45877809832e-10, 1.18992926623e-10, 8.4225515451e-11, 8.18251161272e-11, 6.29200094804e-11],
        "var": [1.2862663425e-05, 2.09477348108e-05, 1.15909733722e-06, 3.03445335703e-06, 6.65807078803e-07, 1.89954477037e-07, 4.85280963858e-07, 4.3179596787e-07, 2.97472496413e-07, 1.57459112415e-08, 4.14474810029e-09, 2.04025618622e-09, 5.07224928725e-10, 1.063623703e-10, 5.18568965546e-10, 2.33679492423e-10, 8.77348504957e-09, 3.04729148581e-08, 1.63951396903e-09, 3.08200007737e-08, 4.72218175673e-08, 6.28184393392e-09, 2.24290097606e-09, 3.2748903589e-10, 1.86603121843e-10, 8.13582673453e-11, 6.12615340401e-12, 3.78309536475e-12, 7.97570830994e-13, 3.59808884076e-12, 2.4444487233e-12, 1.16224982112e-13, 2.16518697502e-14, 3.42668449361e-16, 8.46162356203e-16, 9.31437662866e-16, 1.17888838577e-15, 3.92566710298e-16, 8.65549418354e-17, 2.26665636182e-17]
    },
    "mfcc": {
        "mean": [-673.647216797, 212.175384521, -42.5599746704, 63.7918930054, 22.7916183472, 5.65303134918, -19.392490387, -3.25263881683, 25.3548851013, -0.62974601984, -0.151952922344, 12.4136552811, -13.0988645554],
        "cov": [[1110.94812012, -302.535430908, -250.405883789, -18.6669998169, -72.2727432251, -77.7157745361, -39.3526649475, 6.77186965942, -86.2088775635, 22.093378067, -12.6277780533, -3.19589090347, 0.537497460842], [-302.535430908, 277.733306885, 83.2861862183, -15.8545751572, 4.7134346962, 22.5212593079, 15.3008451462, -5.27797555923, 20.6447944641, -15.6618213654, 8.11456871033, -10.2964191437, -6.14105081558], [-250.405883789, 83.2861862183, 177.24206543, -9.90844345093, 28.422876358, 21.1622200012, 9.32727146149, -1.07814860344, 13.774889946, 7.21605825424, 9.29881954193, -7.30721187592, 1.04619383812], [-18.6669998169, -15.8545751572, -9.90844345093, 115.22718811, 22.9828662872, -4.64792633057, -10.7570285797, -3.27531194687, 9.96751403809, -18.2856483459, -1.83067727089, 23.0832443237, -4.80712604523], [-72.2727432251, 4.7134346962, 28.422876358, 22.9828662872, 76.4473114014, 23.811258316, 5.04592466354, 6.75319337845, 2.26276779175, -4.68494367599, 1.6671795845, -13.0830421448, -2.18891048431], [-77.7157745361, 22.5212593079, 21.1622200012, -4.64792633057, 23.811258316, 68.6399383545, 24.1572437286, 5.04289197922, 20.5743331909, 7.21102142334, -3.60074973106, -7.0151758194, 5.18374061584], [-39.3526649475, 15.3008451462, 9.32727146149, -10.7570285797, 5.04592466354, 24.1572437286, 68.3615875244, 18.35181427, -1.68856775761, 12.2643756866, -1.62994742393, -11.0301570892, 10.3073291779], [6.77186965942, -5.27797555923, -1.07814860344, -3.27531194687, 6.75319337845, 5.04289197922, 18.35181427, 45.3967285156, 14.1577205658, -5.88196134567, -5.00889110565, -4.47390651703, 2.8205807209], [-86.2088775635, 20.6447944641, 13.774889946, 9.96751403809, 2.26276779175, 20.5743331909, -1.68856775761, 14.1577205658, 62.0880661011, 10.033864975, -2.88650727272, 11.3381195068, 2.71157741547], [22.093378067, -15.6618213654, 7.21605825424, -18.2856483459, -4.68494367599, 7.21102142334, 12.2643756866, -5.88196134567, 10.033864975, 64.7574462891, 20.1025257111, -2.97845077515, 9.18402576447], [-12.6277780533, 8.11456871033, 9.29881954193, -1.83067727089, 1.6671795845, -3.60074973106, -1.62994742393, -5.00889110565, -2.88650727272, 20.1025257111, 40.9040031433, 11.5622587204, 2.19868206978], [-3.19589090347, -10.2964191437, -7.30721187592, 23.0832443237, -13.0830421448, -7.0151758194, -11.0301570892, -4.47390651703, 11.3381195068, -2.97845077515, 11.5622587204, 53.647644043, 12.9271039963], [0.537497460842, -6.14105081558, 1.04619383812, -4.80712604523, -2.18891048431, 5.18374061584, 10.3073291779, 2.8205807209, 2.71157741547, 9.18402576447, 2.19868206978, 12.9271039963, 40.9089202881]],
