{
"lowlevel": {
    "average_loudness": 0.987852275372,
    "barkbands_crest": {
        "dmean": 4.4722776413,
        "dmean2": 7.81828689575,
        "dvar": 9.67475605011,
        "dvar2": 26.7005329132,
        "max": 21.2286643982,
        "mean": 12.2680034637,
        "median": 12.1300296783,
        "min": 4.46335697174,
        "var": 15.2389240265
    },
    "barkbands_flatness_db": {
        "dmean": 0.0264181923121,
        "dmean2": 0.0453436896205,
        "dvar": 0.000386976957088,
        "dvar2": 0.00112492206972,
        "max": 0.288536012173,
        "mean": 0.195413172245,
        "median": 0.195041731,
        "min": 0.0915917381644,
        "var": 0.000642115017399
    },
    "barkbands_kurtosis": {
        "dmean": 2.3663892746,
        "dmean2": 4.14531373978,
        "dvar": 4.26769018173,
        "dvar2": 12.2199335098,
        "max": 14.2080764771,
        "mean": 2.10249495506,
        "median": 1.75978374481,
        "min": -1.50707387924,
        "var": 4.81948375702
    },
    "barkbands_skewness": {
        "dmean": 0.675142645836,
        "dmean2": 1.17218875885,
        "dvar": 0.222541421652,
        "dvar2": 0.666005134583,
        "max": 3.70650553703,
        "mean": 1.51168262959,
        "median": 1.45313918591,
        "min": 0.0319986455142,
        "var": 0.325097471476
    },
    "barkbands_spread": {
        "dmean": 4.12759160995,
        "dmean2": 6.94935846329,
        "dvar": 10.1530208588,
        "dvar2": 28.7118549347,
        "max": 30.336479187,
        "mean": 15.2982168198,
        "median": 14.9452896118,
        "min": 6.45097494125,
        "var": 18.8625144958
    },
    "dissonance": {
        "dmean": 0.0166300740093,
        "dmean2": 0.027967998758,
        "dvar": 0.000162730095326,
        "dvar2": 0.000418048759457,
        "max": 0.494770109653,
        "mean": 0.457729101181,
        "median": 0.457544803619,
        "min": 0.368792176247,
        "var": 0.000310011848342
    },
    "dynamic_complexity": 0.489911854267,
    "erbbands_crest": {
        "dmean": 2.30316829681,
        "dmean2": 3.94651532173,
        "dvar": 2.85373163223,
        "dvar2": 8.50059223175,
        "max": 17.6619663239,
        "mean": 9.33440494537,
        "median": 9.03849983215,
        "min": 4.31955862045,
        "var": 6.82094049454
    },
    "erbbands_flatness_db": {
        "dmean": 0.0114955510944,
        "dmean2": 0.0188598521054,
        "dvar": 8.56279075379e-05,
        "dvar2": 0.000212487662793,
        "max": 0.279091089964,
        "mean": 0.234925806522,
        "median": 0.234639123082,
        "min": 0.160790920258,
        "var": 0.000306987931253
    },
    "erbbands_kurtosis": {
        "dmean": 0.357797533274,
        "dmean2": 0.626343905926,
        "dvar": 0.102460511029,
        "dvar2": 0.302047431469,
        "max": 0.825354337692,
        "mean": -0.933104038239,
        "median": -1.01444244385,
        "min": -1.84162735939,
        "var": 0.150141045451
    },
    "erbbands_skewness": {
        "dmean": 0.270407348871,
        "dmean2": 0.456729441881,
        "dvar": 0.0450122319162,
        "dvar2": 0.128055766225,
        "max": 0.942501544952,
        "mean": 0.0804399251938,
        "median": 0.0923380628228,
        "min": -1.25221800804,
        "var": 0.146050557494
    },
    "erbbands_spread": {
        "dmean": 8.48785114288,
        "dmean2": 14.8349351883,
        "dvar": 27.1657428741,
        "dvar2": 86.2573776245,
        "max": 63.9339981079,
        "mean": 36.7836875916,
        "median": 36.0939102173,
        "min": 21.2960166931,
        "var": 62.833278656
    },
    "hfc": {
        "dmean": 4.23353004456,
        "dmean2": 6.97189617157,
        "dvar": 10.6487884521,
        "dvar2": 27.2373123169,
        "max": 42.8741035461,
        "mean": 23.8097057343,
        "median": 23.4558315277,
        "min": 0.508821308613,
        "var": 29.572511673
    },
    "melbands_crest": {
        "dmean": 3.96403002739,
        "dmean2": 6.65514612198,
        "dvar": 8.41160011292,
        "dvar2": 22.9888553619,
        "max": 25.4788417816,
        "mean": 16.5878200531,
        "median": 16.7143421173,
        "min": 7.04822826385,
        "var": 14.3214464188
    },
    "melbands_flatness_db": {
        "dmean": 0.0342702791095,
        "dmean2": 0.0585822239518,
        "dvar": 0.000573496741708,
        "dvar2": 0.00173313356936,
        "max": 0.361647158861,
        "mean": 0.264061719179,
        "median": 0.263211339712,
        "min": 0.155237540603,
        "var": 0.000976451381575
    },
    "melbands_kurtosis": {
        "dmean": 6.11091327667,
        "dmean2": 10.8864307404,
        "dvar": 26.2852039337,
        "dvar2": 73.3727035522,
        "max": 38.3641281128,
        "mean": 7.81092166901,
        "median": 6.17115211487,
        "min": -0.254765748978,
        "var": 30.7709465027
    },
    "melbands_skewness": {
        "dmean": 1.00831770897,
        "dmean2": 1.77695405483,
        "dvar": 0.436185359955,
        "dvar2": 1.28884637356,
        "max": 5.63142347336,
        "mean": 2.44512677193,
        "median": 2.33915424347,
        "min": 0.613298654556,
        "var": 0.741308033466
    },
    "melbands_spread": {
        "dmean": 6.54066896439,
        "dmean2": 11.0230426788,
        "dvar": 24.0628662109,
        "dvar2": 76.8939437866,
        "max": 41.8968391418,
        "mean": 17.2543334961,
        "median": 16.2229156494,
        "min": 5.50574684143,
        "var": 35.0172424316
    },
    "pitch_salience": {
        "dmean": 0.0767279416323,
        "dmean2": 0.137361064553,
        "dvar": 0.00380201707594,
        "dvar2": 0.010533425957,
        "max": 0.792148113251,
        "mean": 0.461477190256,
        "median": 0.474027425051,
        "min": 0.182524502277,
        "var": 0.00492422189564
    },
    "silence_rate_20dB": {
        "dmean": 0,
        "dmean2": 0,
        "dvar": 0,
        "dvar2": 0,
        "max": 1,
        "mean": 1,
        "median": 1,
        "min": 1,
        "var": 0
    },
    "silence_rate_30dB": {
        "dmean": 0,
        "dmean2": 0,
        "dvar": 0,
        "dvar2": 0,
        "max": 1,
        "mean": 1,
        "median": 1,
        "min": 1,
        "var": 0
    },
    "silence_rate_60dB": {
        "dmean": 0,
        "dmean2": 0,
        "dvar": 0,
        "dvar2": 0,
        "max": 0,
        "mean": 0,
        "median": 0,
        "min": 0,
        "var": 0
    },
    "spectral_centroid": {
        "dmean": 262.567199707,
        "dmean2": 448.983856201,
        "dvar": 38892.7148438,
        "dvar2": 115263.382812,
        "max": 1851.9152832,
        "mean": 980.538391113,
        "median": 952.512878418,
        "min": 512.350769043,
        "var": 62618.3242188
    },
    "spectral_complexity": {
        "dmean": 3.41000008583,
        "dmean2": 5.53846168518,
        "dvar": 7.70856952667,
        "dvar2": 16.8572254181,
        "max": 41,
        "mean": 25.4750823975,
        "median": 25,
        "min": 2,
        "var": 21.2327327728
    },
    "spectral_decrease": {
        "dmean": 3.78308051552e-09,
        "dmean2": 6.6484746597e-09,
        "dvar": 7.62766900201e-18,
        "dvar2": 2.26400045031e-17,
        "max": -1.62212784871e-10,
        "mean": -1.08935109822e-08,
        "median": -1.08609272687e-08,
        "min": -1.92238687191e-08,
        "var": 1.00625272474e-17
    },
    "spectral_energy": {
        "dmean": 0.0144815417007,
        "dmean2": 0.0254517551512,
        "dvar": 0.000112249093945,
        "dvar2": 0.00033155750134,
        "max": 0.0750840380788,
        "mean": 0.0432741641998,
        "median": 0.0436409041286,
        "min": 0.000658380333334,
        "var": 0.000149942672579
    },
    "spectral_energyband_high": {
        "dmean": 5.35377657798e-05,
        "dmean2": 8.78942664713e-05,
        "dvar": 2.90510704382e-09,
        "dvar2": 7.41160555151e-09,
        "max": 0.000591711374,
        "mean": 0.000130475251353,
        "median": 0.000107742947876,
        "min": 3.92109950553e-06,
        "var": 7.48578532495e-09
    },
    "spectral_energyband_low": {
        "dmean": 0.00220581702888,
        "dmean2": 0.00379218813032,
        "dvar": 5.2487425819e-06,
        "dvar2": 1.52579805217e-05,
        "max": 0.0189013052732,
        "mean": 0.00331553537399,
        "median": 0.00241909525357,
        "min": 9.49488894548e-05,
        "var": 7.70894166635e-06
    },
    "spectral_energyband_middle_high": {
        "dmean": 0.00141671521123,
        "dmean2": 0.0023644620087,
        "dvar": 1.55671182256e-06,
        "dvar2": 3.46910110238e-06,
        "max": 0.0133946174756,
        "mean": 0.00628336751834,
        "median": 0.00597943644971,
        "min": 0.000159305229317,
        "var": 3.49125593857e-06
    },
    "spectral_energyband_middle_low": {
        "dmean": 0.0146706616506,
        "dmean2": 0.0258396975696,
        "dvar": 0.000121023331303,
        "dvar2": 0.000350336049451,
        "max": 0.0698852390051,
        "mean": 0.0340823829174,
        "median": 0.0332078337669,
        "min": 0.000407866493333,
        "var": 0.000162533746334
    },
    "spectral_entropy": {
        "dmean": 0.153045117855,
        "dmean2": 0.255154073238,
        "dvar": 0.0145741300657,
        "dvar2": 0.0382228381932,
        "max": 8.33686733246,
        "mean": 7.19133424759,
        "median": 7.19337272644,
        "min": 6.63215208054,
        "var": 0.0320830605924
    },
    "spectral_flux": {
        "dmean": 0.0287247654051,
        "dmean2": 0.0468196757138,
        "dvar": 0.000531186175067,
        "dvar2": 0.00142118846998,
        "max": 0.206629514694,
        "mean": 0.106709182262,
        "median": 0.103105351329,
        "min": 0.0468481332064,
        "var": 0.000810164026916
    },
    "spectral_kurtosis": {
        "dmean": 4.0879611969,
        "dmean2": 7.35193872452,
        "dvar": 11.9333848953,
        "dvar2": 38.3968086243,
        "max": 21.1292266846,
        "mean": 7.27604866028,
        "median": 6.7427520752,
        "min": 0.61586523056,
        "var": 15.0162725449
    },
    "spectral_rms": {
        "dmean": 0.00110182189383,
        "dmean2": 0.00191947212443,
        "dvar": 6.71472150771e-07,
        "dvar2": 1.90051014215e-06,
        "max": 0.00855877995491,
        "mean": 0.00642437534407,
        "median": 0.00652506621554,
        "min": 0.000801450107247,
        "var": 9.46139209645e-07
    },
    "spectral_rolloff": {
        "dmean": 463.322753906,
        "dmean2": 825.319519043,
        "dvar": 216350.953125,
        "dvar2": 568315,
        "max": 2433.25195312,
        "mean": 979.368164062,
        "median": 775.1953125,
        "min": 215.33203125,
        "var": 254957.3125
    },
    "spectral_skewness": {
        "dmean": 0.385848402977,
        "dmean2": 0.683033585548,
        "dvar": 0.107746720314,
        "dvar2": 0.350169092417,
        "max": 3.67895197868,
        "mean": 1.37567520142,
        "median": 1.3419264555,
        "min": 0.568688929081,
        "var": 0.159144446254
    },
    "spectral_spread": {
        "dmean": 241198.765625,
        "dmean2": 350616.84375,
        "dvar": 643236626432,
        "dvar2": 409843793920,
        "max": 19430106,
        "mean": 2489929.5,
        "median": 2420560.25,
        "min": 1773807.875,
        "var": 1.05561764659e+12
    },
    "spectral_strongpeak": {
        "dmean": 0.802638828754,
        "dmean2": 1.45867085457,
        "dvar": 0.501021683216,
        "dvar2": 1.44015467167,
        "max": 3.88329911232,
        "mean": 1.3680138588,
        "median": 1.16963613033,
        "min": 0.0464566908777,
        "var": 0.651153445244
    },
    "zerocrossingrate": {
        "dmean": 0.00588704412803,
        "dmean2": 0.0086878137663,
        "dvar": 2.03975559998e-05,
        "dvar2": 4.24011668656e-05,
        "max": 0.05859375,
        "mean": 0.0350183621049,
        "median": 0.03466796875,
        "min": 0.01171875,
        "var": 5.82462271268e-05
    },
    "barkbands": {
        "dmean": [4.61796616946e-06, 0.0013972800225, 0.00094218266895, 0.00266267242841, 0.0142907574773, 0.00012264875113, 0.000212871556869, 0.0018124190392, 0.00217958306894, 0.000450354506029, 0.000146071281051, 0.000357312615961, 4.24539539381e-05, 0.000348873814801, 0.000342933577485, 0.000494595093187, 0.00055282888934, 0.000193236293853, 0.000161701973411, 5.27539923496e-05, 3.2323958294e-05, 7.68111385696e-06, 6.07832532751e-07, 1.42158035032e-06, 4.85898681291e-07, 8.04067923355e-08, 1.00410169068e-08],
        "dmean2": [7.41320945963e-06, 0.00241287169047, 0.00165117287543, 0.0046286676079, 0.0254589300603, 0.000210859026993, 0.000389954831917, 0.00316242245026, 0.00377703504637, 0.000739787297789, 0.000252669909969, 0.00055310735479, 6.85272971168e-05, 0.000594496203121, 0.000574045581743, 0.00084664998576, 0.000887783360668, 0.000325952161802, 0.000279502855847, 8.80491279531e-05, 5.29947137693e-05, 1.26723198264e-05, 9.68967924564e-07, 2.23888696382e-06, 7.95392907094e-07, 1.29912123725e-07, 1.53603050279e-08],
        "dvar": [5.15786337252e-11, 2.23359961637e-06, 1.18142952488e-06, 4.78188212583e-06, 0.000112782036013, 1.52309826973e-08, 5.50134053867e-08, 1.96890755433e-06, 3.51962398781e-06, 2.44558663098e-07, 1.95299616479e-08, 1.40608904076e-07, 2.95700774977e-09, 1.1809846967e-07, 1.22884998177e-07, 1.86765618082e-07, 3.50291486484e-07, 3.45755246656e-08, 2.98096551887e-08, 3.06027492236e-09, 1.32408417564e-09, 6.51458054168e-11, 6.85349346718e-13, 5.05140764287e-12, 7.3708275811e-13, 1.0550411998e-14, 2.49978290394e-15],
        "dvar2": [8.50014780784e-11, 6.98982830727e-06, 3.2112648114e-06, 1.37051965794e-05, 0.000317857717164, 4.29027195992e-08, 1.57419876246e-07, 5.84786721447e-06, 1.01186460597e-05, 5.83193127568e-07, 5.57029018466e-08, 3.18781729902e-07, 8.75038530523e-09, 3.06516284354e-07, 3.11071175929e-07, 5.01587635426e-07, 9.33356147925e-07, 9.38187554311e-08, 9.26860082018e-08, 8.19635470606e-09, 3.11477021953e-09, 1.77973413784e-10, 1.75284743317e-12, 1.05333337538e-11, 1.87830697176e-12, 2.67524616012e-14, 2.96301823477e-15],
        "max": [0.000112444380648, 0.0115986783057, 0.0081092081964, 0.0122025888413, 0.0586130842566, 0.000965075916611, 0.00147942069452, 0.0114658633247, 0.016761681065, 0.00417040241882, 0.00110457267147, 0.00319592258893, 0.000582683540415, 0.00368962064385, 0.00305826542899, 0.00342097319663, 0.00784539524466, 0.00172521988861, 0.0013803797774, 0.000451793981483, 0.000428523373557, 6.90275264787e-05, 8.03380680736e-06, 1.5593439457e-05, 6.40638154437e-06, 9.86254690361e-07, 8.2204383034e-07],
        "mean": [5.73220131628e-06, 0.00176179967821, 0.00120271113701, 0.0036703099031, 0.020443610847, 0.00019575227634, 0.000245981675107, 0.00361810205504, 0.00566648272797, 0.000794995634351, 0.000252125202678, 0.000738844915759, 8.22518632049e-05, 0.000621226616204, 0.000775105843786, 0.00101611076389, 0.00120604760014, 0.000431029009633, 0.000336713041179, 0.000116663024528, 7.11676912033e-05, 1.69495997397e-05, 1.22397273117e-06, 2.26838506023e-06, 7.62397178278e-07, 2.51820523545e-07, 2.80578777989e-08],
        "median": [3.49637412e-06, 0.00117059785407, 0.000841685687192, 0.00320282229222, 0.0182370021939, 0.00015181391791, 0.000172000582097, 0.00329700275324, 0.00542345317081, 0.000607888039667, 0.000220216839807, 0.000507739023305, 5.91235002503e-05, 0.000496314780321, 0.000672999594826, 0.000888013339136, 0.00088307086844, 0.000365933752619, 0.000287871138426, 9.50529574766e-05, 5.43351197848e-05, 1.40904021464e-05, 9.07316007215e-07, 1.28950978251e-06, 4.50071041769e-07, 2.05856423463e-07, 2.16743387682e-08],
        "min": [1.78886367053e-07, 4.45889636467e-05, 1.8812919734e-05, 4.09711792599e-05, 0.000119291209558, 5.56849272471e-06, 6.71439465805e-06, 5.41688168596e-05, 0.000152927168529, 3.32174313371e-05, 6.66522646497e-06, 5.10427344125e-06, 8.61543412611e-06, 4.17249975726e-05, 1.77245037776e-05, 1.99085625354e-05, 1.5934181647e-05, 9.50189951254e-06, 7.46865316614e-06, 1.48044341586e-06, 1.19711762636e-06, 8.05206298082e-07, 2.27642914297e-07, 1.58269372719e-07, 8.46507219876e-08, 7.36350003194e-08, 9.80969350195e-09],
        "var": [6.31471611112e-11, 2.96320945381e-06, 1.40989334341e-06, 5.30947318111e-06, 0.000142776785651, 2.09216501901e-08, 5.12528259833e-08, 4.73860109196e-06, 9.58253986028e-06, 4.06490300975e-07, 2.45634819152e-08, 3.7843977907e-07, 5.55557955195e-09, 1.81695568813e-07, 2.2724377402e-07, 3.77864722623e-07, 1.25044186916e-06, 6.67290649403e-08, 3.90874710376e-08, 6.05235817019e-09, 3.38507799569e-09, 1.34536645713e-10, 9.34613064024e-13, 7.22631850192e-12, 7.91419176287e-13, 2.13058567913e-14, 2.81809132101e-15]
    },
    "erbbands": {
        "dmean": [0.0147550040856, 0.395047992468, 1.23139834404, 4.0374212265, 61.2338409424, 28.5045776367, 2.11359119415, 1.07677984238, 1.26763689518, 5.80798864365, 71.1121902466, 35.579498291, 13.5657262802, 6.35414123535, 10.3062639236, 9.14982318878, 1.94789147377, 6.88077735901, 30.812959671, 11.8104572296, 27.0762329102, 31.7543754578, 10.3367471695, 9.75457954407, 5.63883447647, 2.44804096222, 1.42565107346, 0.986548781395, 0.319756865501, 0.0501211248338, 0.0200021583587, 0.0351657867432, 0.0185226630419, 0.00979517493397, 0.000925879576243, 0.000507552002091, 0.000114710601338, 1.34223901114e-05, 6.94153823133e-06, 1.57311733346e-05],
        "dmean2": [0.0267435442656, 0.676643013954, 2.14162826538, 7.06651735306, 110.147781372, 49.7483444214, 3.4783346653, 1.83577239513, 2.2111620903, 10.5596818924, 124.407241821, 62.1579627991, 22.318944931, 10.7373752594, 16.5461559296, 14.3113765717, 3.20488905907, 11.5947113037, 53.2636489868, 19.6326236725, 45.8425598145, 52.1252746582, 17.5441551208, 16.9893398285, 9.49240589142, 4.08429479599, 2.38806343079, 1.57490170002, 0.511003851891, 0.0803930461407, 0.0322127640247, 0.0538803599775, 0.0299162939191, 0.0162209216505, 0.00151923752856, 0.000817088002805, 0.00018622825155, 2.15142790694e-05, 1.18884827316e-05, 2.7713502277e-05],
        "dvar": [0.000291716743959, 0.174588158727, 1.87585484982, 9.8250207901, 1677.4005127, 433.877960205, 2.70113372803, 1.06709575653, 1.25572025776, 29.3031082153, 3097.83056641, 886.353515625, 228.734527588, 32.1118049622, 86.2258834839, 77.8494186401, 5.74646806717, 52.2599067688, 1037.20068359, 111.014663696, 500.972137451, 1139.91516113, 119.066116333, 73.044342041, 46.6532096863, 6.00520324707, 2.03983211517, 1.50728774071, 0.135616272688, 0.00405371189117, 0.00064777903026, 0.00304702064022, 0.000858435407281, 0.000308350310661, 1.49423453877e-06, 3.22502131667e-07, 2.52842671244e-08, 1.15833964642e-09, 6.21339993345e-11, 1.33474079012e-10],
        "dvar2": [0.00087066181004, 0.544378101826, 4.97798871994, 29.6522941589, 4935.46484375, 1200.62683105, 7.59420633316, 3.16803479195, 3.67918205261, 85.1188201904, 8686.02050781, 2542.1105957, 552.105041504, 83.7966461182, 222.622314453, 187.27394104, 17.2504863739, 121.375015259, 2537.33813477, 288.637237549, 1347.78466797, 3000.22412109, 301.199584961, 224.402328491, 134.592788696, 15.9553508759, 5.32356977463, 3.48973917961, 0.374503880739, 0.00997812114656, 0.0015066388296, 0.00672540673986, 0.0018314489862, 0.000773162872065, 3.77422725251e-06, 8.99338544968e-07, 5.81752104267e-08, 1.69338687517e-09, 1.14758043346e-10, 3.8995209839e-10],
        "max": [0.12335369736, 3.25775766373, 10.3975362778, 18.5707626343, 230.328643799, 116.838775635, 11.7581253052, 7.45703649521, 6.80358552933, 39.5828361511, 507.352600098, 260.409210205, 127.865722656, 48.2126121521, 87.4295654297, 74.5057220459, 31.0126285553, 76.8123779297, 318.426116943, 95.855430603, 187.835159302, 437.18069458, 117.902610779, 58.3139152527, 60.2936782837, 21.5469913483, 12.9049396515, 15.2097225189, 3.67994308472, 0.603513896465, 0.207720890641, 0.422970086336, 0.238790273666, 0.13388261199, 0.00980136170983, 0.00536527996883, 0.0016264176229, 0.000494093867019, 0.000121698212752, 8.44200403662e-05],
        "mean": [0.0194658283144, 0.501810073853, 1.72612977028, 6.12375354767, 75.3263244629, 43.3517303467, 4.07697200775, 1.7115432024, 2.09534525871, 8.61032295227, 168.175811768, 89.9495544434, 25.4854869843, 12.595123291, 23.3201618195, 20.5613365173, 4.90989160538, 15.7344741821, 61.6904716492, 30.1653442383, 61.956325531, 69.4691162109, 26.5882396698, 23.0151958466, 12.4001483917, 5.58153915405, 3.17381668091, 2.16341400146, 0.720957279205, 0.115094266832, 0.0408026836812, 0.0538748092949, 0.0296550095081, 0.0150288660079, 0.0020157485269, 0.001584158279, 0.000348246278008, 2.84096986434e-05, 2.51502169704e-05, 5.00283567817e-05],
        "median": [0.0134830093011, 0.340835601091, 1.29046213627, 5.57975053787, 64.3925857544, 40.8813667297, 3.80642604828, 1.35203778744, 1.78298854828, 7.12213516235, 159.319137573, 85.6554412842, 19.783115387, 11.0569934845, 19.1496868134, 16.0502128601, 3.9552795887, 13.1692276001, 50.9101829529, 27.1867656708, 57.3451881409, 50.9589424133, 22.0357189178, 20.8655490875, 10.4212560654, 4.75675725937, 2.69938254356, 1.54472315311, 0.572113096714, 0.0892055481672, 0.0292188990861, 0.0314683504403, 0.0172597337514, 0.00858175568283, 0.00154341582675, 0.0013623846462, 0.000276590086287, 1.88119392988e-05, 2.48999713222e-05, 5.04714444105e-05],
        "min": [0.00115807179827, 0.00853121373802, 0.0209270436317, 0.0823719576001, 0.300790309906, 0.424228101969, 0.182908147573, 0.0281212870032, 0.0618148855865, 0.261627197266, 2.53604149818, 3.51191234589, 1.53130829334, 0.569746494293, 0.350093394518, 0.191658765078, 0.406379520893, 1.09794056416, 2.43227863312, 0.801000595093, 0.756204247475, 0.914110720158, 0.601315438747, 0.51304256916, 0.238531932235, 0.0621231459081, 0.0400063693523, 0.0540580190718, 0.0325569882989, 0.0143326772377, 0.0067817340605, 0.00467006955296, 0.00246101873927, 0.00121508794837, 0.000409406318795, 0.000547574425582, 8.75005716807e-05, 8.50502328831e-06, 1.06268353193e-05, 5.23516837347e-06],
        "var": [0.000343764811987, 0.23914937675, 2.55172848701, 11.316947937, 2220.62792969, 592.822753906, 4.01194286346, 1.62565815449, 1.67914557457, 32.6763687134, 9136.01953125, 2259.66870117, 382.059936523, 53.5566902161, 226.792984009, 197.712371826, 10.8879747391, 105.741371155, 1714.54760742, 211.327545166, 1101.52880859, 3901.9152832, 259.016845703, 110.876724243, 67.2972412109, 12.959230423, 4.29608440399, 3.93653798103, 0.299683243036, 0.00605222210288, 0.00102490116842, 0.00417798012495, 0.00119999388698, 0.000336992496159, 2.16558328248e-06, 6.34380228348e-07, 5.22275662718e-08, 1.42214429122e-09, 6.78783418362e-11, 1.77905135068e-10]
    },
    "gfcc": {
        "mean": [-15.8084659576, 155.36555481, -162.262496948, 35.6120872498, -31.8061408997, -15.1600284576, -24.5614719391, 5.43102025986, -19.7611141205, -23.4597053528, -34.9668502808, -28.3104782104, -6.04537010193],
        "cov": [[234.33026123, -25.7820663452, -27.8132457733, 40.718788147, -54.4846458435, 22.8447341919, -0.240121766925, 13.3785219193, -6.74130249023, 9.98826694489, 22.6641674042, -23.1422386169, 8.79256343842], [-25.7820663452, 119.664833069, 13.510766983, -21.2787513733, 53.6079864502, -31.2421779633, 16.4235210419, -9.55308151245, 15.878247261, -6.37501811981, -4.75079631805, 10.7171764374, 0.249858498573], [-27.8132457733, 13.510766983, 89.7043228149, 18.6401500702, 23.6708717346, 34.8511199951, 0.335099726915, 7.87205791473, 0.00141520181205, -7.09292650223, 2.81042551994, 5.40501117706, 1.7623167038], [40.718788147, -21.2787513733, 18.6401500702, 90.3176498413, 7.58300638199, 24.03632164, 15.1116991043, -3.1752743721, 3.36546730995, -0.97935539484, 6.82620286942, -2.41871905327, 11.7613668442], [-54.4846458435, 53.6079864502, 23.6708717346, 7.58300638199, 98.7842788696, 0.195750370622, 0.83139282465, -1.07060003281, 6.37778711319, 0.710648179054, -5.9892821312, 13.1690616608, -3.82266592979], [22.8447341919, -31.2421779633, 34.8511199951, 24.03632164, 0.195750370622, 89.3271636963, 5.25868272781, 31.9161872864, 10.35841465, 6.24323606491, 22.045583725, -2.94220352173, 8.50321865082], [-0.240121766925, 16.4235210419, 0.335099726915, 15.1116991043, 0.83139282465, 5.25868272781, 53.1008872986, 9.32533836365, 3.94309401512, 14.9092712402, -4.04171991348, 6.10729265213, -2.52947330475], [13.3785219193, -9.55308151245, 7.87205791473, -3.1752743721, -1.07060003281, 31.9161872864, 9.32533836365, 62.2160491943, 28.696100235, 21.9598636627, 12.0895681381, -5.52702760696, 3.62933588028], [-6.74130249023, 15.878247261, 0.00141520181205, 3.36546730995, 6.37778711319, 10.35841465, 3.94309401512, 28.696100235, 50.5236930847, 19.3004837036, 5.82845258713, -0.488319903612, 0.481062710285], [9.98826694489, -6.37501811981, -7.09292650223, -0.97935539484, 0.710648179054, 6.24323606491, 14.9092712402, 21.9598636627, 19.3004837036, 49.2260284424, 9.7576084137, 1.12866103649, -5.45994949341], [22.6641674042, -4.75079631805, 2.81042551994, 6.82620286942, -5.9892821312, 22.045583725, -4.04171991348, 12.0895681381, 5.82845258713, 9.7576084137, 31.3172912598, 4.43229961395, -2.28069519997], [-23.1422386169, 10.7171764374, 5.40501117706, -2.41871905327, 13.1690616608, -2.94220352173, 6.10729265213, -5.52702760696, -0.488319903612, 1.12866103649, 4.43229961395, 36.2196273804, 0.889468610287], [8.79256343842, 0.249858498573, 1.7623167038, 11.7613668442, -3.82266592979, 8.50321865082, -2.52947330475, 3.62933588028, 0.481062710285, -5.45994949341, -2.28069519997, 0.889468610287, 26.5861263275]],
        "icov": [[0.00800266489387, -0.00689003476873, 0.00469378661364, -0.00770416809246, 0.00710814073682, -0.0040176846087, 0.00615577632561, -0.00471438281238, 0.00728968856856, -0.00412511499599, 0.00120006280486, 0.00127188093029, 0.00313281500712], [-0.00689003476873, 0.0338924750686, -0.012212254107, 0.0209829267114, -0.0222194399685, 0.0181542299688, -0.026484740898, 0.0151436049491, -0.0233381073922, 0.0150718782097, -0.0224293172359, 0.00754400342703, -0.0187601484358], [0.00469378661364, -0.012212254107, 0.020325852558, -0.0109261739999, 0.00600571045652, -0.0130425104871, 0.0112368818372, -0.0075438064523, 0.0104404455051, -0.00330846756697, 0.0104356165975, -0.00470245303586, 0.00936680939049], [-0.00770416809246, 0.0209829267114, -0.0109261739999, 0.0302021484822, -0.0167523045093, 0.0089094908908, -0.0234262365848, 0.0166780930012, -0.0187160875648, 0.0106845786795, -0.0181589554995, 0.00793779268861, -0.0193403661251], [0.00710814073682, -0.0222194399685, 0.00600571045652, -0.0167523045093, 0.0277077723294, -0.0118614826351, 0.0194630660117, -0.0109204733744, 0.0145903769881, -0.0111134303734, 0.0180994085968, -0.00893218070269, 0.0152962924913], [-0.0040176846087, 0.0181542299688, -0.0130425104871, 0.0089094908908, -0.0118614826351, 0.0303453058004, -0.0162576399744, 0.00026913054171, -0.0112611362711, 0.0099485302344, -0.0240272842348, 0.0070085041225, -0.0149621367455], [0.00615577632561, -0.026484740898, 0.0112368818372, -0.0234262365848, 0.0194630660117, -0.0162576399744, 0.0467440374196, -0.0174988768995, 0.0217115990818, -0.0197266675532, 0.0291524399072, -0.0136008923873, 0.0211778990924], [-0.00471438281238, 0.0151436049491, -0.0075438064523, 0.0166780930012, -0.0109204733744, 0.00026913054171, -0.0174988768995, 0.0391309037805, -0.0243552792817, 0.000764273281675, -0.0150467064232, 0.00952155608684, -0.015135996975], [0.00728968856856, -0.0233381073922, 0.0104404455051, -0.0187160875648, 0.0145903769881, -0.0112611362711, 0.0217115990818, -0.0243552792817, 0.046683780849, -0.0176758337766, 0.0158965215087, -0.00594020308927, 0.013573913835], [-0.00412511499599, 0.0150718782097, -0.00330846756697, 0.0106845786795, -0.0111134303734, 0.0099485302344, -0.0197266675532, 0.000764273281675, -0.0176758337766, 0.0373473316431, -0.0178085081279, 0.00327146798372, -0.00369318388402], [0.00120006280486, -0.0224293172359, 0.0104356165975, -0.0181589554995, 0.0180994085968, -0.0240272842348, 0.0291524399072, -0.0150467064232, 0.0158965215087, -0.0178085081279, 0.0677458643913, -0.019240276888, 0.024780722335], [0.00127188093029, 0.00754400342703, -0.00470245303586, 0.00793779268861, -0.00893218070269, 0.0070085041225, -0.0136008923873, 0.00952155608684, -0.00594020308927, 0.00327146798372, -0.019240276888, 0.0374504365027, -0.0119352573529], [0.00313281500712, -0.0187601484358, 0.00936680939049, -0.0193403661251, 0.0152962924913, -0.0149621367455, 0.0211778990924, -0.015135996975, 0.013573913835, -0.00369318388402, 0.024780722335, -0.0119352573529, 0.057275891304]]
    },
    "melbands": {
        "dmean": [0.000260093715042, 0.000600063765887, 0.00242145871744, 0.00351535528898, 0.000135413589305, 2.3134816729e-05, 2.60366541625e-05, 5.01494323544e-05, 0.000709458661731, 0.00017981104611, 7.03570985934e-05, 3.05417124764e-05, 2.58686268353e-05, 4.85754135298e-05, 7.87448334449e-06, 4.80322478325e-06, 1.24952193801e-05, 6.06348003203e-05, 1.65054389072e-05, 3.34132600983e-05, 2.97526858049e-05, 3.5551849578e-05, 1.67701400642e-05, 9.01953353605e-06, 8.84663859324e-06, 5.53073459741e-06, 3.04544573737e-06, 1.43986801504e-06, 6.79329161812e-07, 1.14341958124e-06, 4.14458668274e-07, 2.11393981431e-07, 8.41565039877e-08, 1.2313308595e-08, 9.55103107714e-09, 1.83934290021e-08, 2.37934258962e-08, 1.39849269942e-08, 1.2186518461e-08, 7.08744529732e-09],
        "dmean2": [0.000457890302641, 0.00104016019031, 0.00432908954099, 0.00629316270351, 0.000231039011851, 4.01990582759e-05, 4.64163495053e-05, 9.08855872694e-05, 0.00124404870439, 0.000312051590299, 0.000115051181638, 5.07608165208e-05, 4.29300234828e-05, 7.53554268158e-05, 1.35647924253e-05, 8.23177379061e-06, 2.0820325517e-05, 0.000106217659777, 2.79862561001e-05, 5.67167662666e-05, 5.0142461987e-05, 5.77526516281e-05, 2.78850711766e-05, 1.52533275468e-05, 1.55568013724e-05, 9.53719791141e-06, 5.05846446686e-06, 2.42942405748e-06, 1.15369891773e-06, 1.88938111023e-06, 6.68640211643e-07, 3.43399193525e-07, 1.38964665553e-07, 1.96765963523e-08, 1.5746500992e-08, 2.8403114527e-08, 3.70018931051e-08, 2.26244321055e-08, 2.01168859348e-08, 1.1739118122e-08],
        "dvar": [8.09209623753e-08, 4.30401030371e-07, 2.6452239581e-06, 7.56650479161e-06, 1.02963646498e-08, 4.95611496287e-10, 6.53497256309e-10, 2.3087440848e-09, 3.17027712526e-07, 2.35449792996e-08, 6.35464836307e-09, 7.73043351554e-10, 5.37990596516e-10, 2.65843924652e-09, 1.08793037079e-10, 2.82349664482e-11, 1.92895810436e-10, 4.13352285733e-09, 4.24810714383e-10, 8.40157499127e-10, 5.50649137399e-10, 1.63262503516e-09, 2.54781307163e-10, 7.45234429722e-11, 6.10687056479e-11, 5.40088321288e-11, 1.10053060415e-11, 1.94064209147e-12, 4.21359101039e-13, 1.97045071232e-12, 2.09691544185e-13, 5.77737253112e-14, 1.09419334961e-14, 2.67175420327e-16, 1.59182028275e-16, 6.69448466456e-16, 1.50798037929e-15, 4.94485234992e-16, 5.934776579e-16, 1.54967284973e-16],
        "dvar2": [2.55188552956e-07, 1.18504249258e-06, 8.31786201161e-06, 2.05358537642e-05, 2.78150178445e-08, 1.41397571429e-09, 1.89406690332e-09, 6.81325973417e-09, 8.76047181464e-07, 6.87812971023e-08, 1.54259769403e-08, 2.0099777398e-09, 1.50756906958e-09, 5.87096105065e-09, 3.41800893144e-10, 7.01641592049e-11, 4.64522031951e-10, 1.00887813659e-08, 1.10522624386e-09, 2.37162489647e-09, 1.43860778845e-09, 4.31088809094e-09, 6.78937350784e-10, 2.10949535617e-10, 1.89123439132e-10, 1.62745567023e-10, 2.94493769648e-11, 5.06738444608e-12, 1.15205490547e-12, 4.53147762369e-12, 5.14413598524e-13, 1.59874798946e-13, 2.97718833365e-14, 5.7880995893e-16, 3.96246433179e-16, 1.55372206427e-15, 3.3604969156e-15, 1.07344114829e-15, 1.50010159646e-15, 3.98466744762e-16],
        "max": [0.00218098517507, 0.00526590738446, 0.00888937152922, 0.0150866024196, 0.000605028995778, 0.000155724745127, 0.000161728836247, 0.000327030254994, 0.00516051286831, 0.00137032626662, 0.000662879087031, 0.000225420139031, 0.000186808916624, 0.000444466131739, 0.000125298713101, 5.29847529833e-05, 0.000142066652188, 0.000623224535957, 0.000222681890591, 0.000211204431253, 0.000213819977944, 0.000566366768908, 0.000128483676235, 6.95489434293e-05, 5.02514958498e-05, 6.5112260927e-05, 2.55404320342e-05, 1.31240340124e-05, 6.07345464232e-06, 1.69423747138e-05, 5.13804889124e-06, 2.35229754253e-06, 8.63855689204e-07, 1.27693766672e-07, 1.1675812317e-07, 1.8543397573e-07, 3.05604771711e-07, 1.56823773523e-07, 2.61594436779e-07, 1.07583332465e-07],
        "mean": [0.000329246133333, 0.000825505412649, 0.00297758518718, 0.00528965936974, 0.000210009558941, 3.5296248825e-05, 3.61211677955e-05, 5.77468890697e-05, 0.00172934797592, 0.000455756235169, 0.000119724209071, 5.5976495787e-05, 5.66836097278e-05, 0.000100860357634, 1.692157457e-05, 9.74719841906e-06, 2.39805958699e-05, 0.000113975751447, 3.67855391232e-05, 6.11109717283e-05, 6.97846189723e-05, 7.63546704547e-05, 3.7046502257e-05, 1.90743521671e-05, 1.92385759874e-05, 1.07645801108e-05, 6.44881129119e-06, 2.89506351692e-06, 1.50217147166e-06, 2.28908993449e-06, 8.91466584108e-07, 4.50833510968e-07, 1.6728739638e-07, 2.45253275466e-08, 1.93758999956e-08, 2.91896000704e-08, 3.46199726664e-08, 2.15127684555e-08, 1.77898122899e-08, 1.06594271188e-08],
        "median": [0.000232890728512, 0.000584849447478, 0.002618935192, 0.00495949806646, 0.00019698831602, 2.76099781331e-05, 2.95607133012e-05, 4.27745217166e-05, 0.00165920495056, 0.000430026149843, 8.87949863682e-05, 4.78444671899e-05, 4.88984551339e-05, 6.93227993906e-05, 1.35306536322e-05, 7.29286603018e-06, 1.83502343134e-05, 9.18547957554e-05, 3.0080023862e-05, 5.16554573551e-05, 6.33304371149e-05, 5.49685973965e-05, 2.85741989501e-05, 1.64633347595e-05, 1.76936009666e-05, 8.20260993351e-06, 5.17490025231e-06, 2.38941629505e-06, 1.33758817356e-06, 1.64703476457e-06, 6.83117320932e-07, 3.54026951754e-07, 1.27955075868e-07, 1.88440552051e-08, 1.4659294223e-08, 1.75310770345e-08, 2.03754790817e-08, 1.26267076794e-08, 9.84013137639e-09, 6.45757047835e-09],
        "min": [1.21656221381e-05, 1.1052597074e-05, 2.01522707357e-05, 2.85323712887e-05, 8.92439675226e-06, 6.46861906262e-07, 1.02412332126e-06, 3.48904586644e-06, 2.47651769314e-05, 2.06751246878e-05, 7.10439735485e-06, 2.42146779783e-06, 1.047074079e-06, 6.31969157894e-07, 7.82064887517e-07, 7.89622561115e-07, 2.18536297325e-06, 4.93373181598e-06, 6.77164734952e-07, 1.6646192762e-06, 6.07488573223e-07, 9.33451701712e-07, 7.39358938517e-07, 5.20583625985e-07, 4.10355170288e-07, 2.249582991e-07, 1.01273037956e-07, 2.56706034207e-08, 1.83970776391e-08, 3.55242981698e-08, 2.85614145668e-08, 2.30615011532e-08, 7.04911862215e-09, 4.05781852564e-09, 3.55607077118e-09, 3.07524361531e-09, 2.10632067343e-09, 1.64890023857e-09, 1.11992692897e-09, 8.3839041265e-10],
        "var": [1.01645710515e-07, 6.117754765e-07, 3.23763470078e-06, 9.20869115362e-06, 1.37165274694e-08, 7.35388805406e-10, 7.23531679014e-10, 2.36494290817e-09, 9.51337710831e-07, 5.76407721553e-08, 1.04929007705e-08, 1.32706556855e-09, 1.06265896083e-09, 7.30511562352e-09, 1.61144458888e-10, 5.62299859452e-11, 3.5115588215e-10, 6.48543529991e-09, 6.63360089082e-10, 1.51276347005e-09, 1.34505329097e-09, 5.8777787082e-09, 5.95287985572e-10, 1.29929164649e-10, 8.56855975062e-11, 6.76111666653e-11, 1.97319608569e-11, 3.89063043935e-12, 7.47828502682e-13, 5.08819028577e-12, 5.11604159644e-13, 1.25809600368e-13, 1.5699926778e-14, 3.85980287979e-16, 2.22138810871e-16, 9.92218735458e-16, 1.94847668714e-15, 6.48242202528e-16, 6.40530549878e-16, 1.63929224428e-16]
    },
    "mfcc": {
        "mean": [-646.237487793, 175.050796509, -55.5447807312, 47.9707069397, 6.04283666611, -6.38679742813, 2.07474946976, 8.16565513611, 20.9913139343, 0.799012064934, -7.59329319, -10.9765148163, -22.342754364],
        "cov": [[319.521575928, -100.484306335, 18.7954864502, -7.4771695137, -32.5067138672, -14.4598340988, 22.9095802307, -25.7430591583, -6.58334827423, 21.6624031067, -4.29710769653, 15.2313556671, 2.63074278831], [-100.484306335, 183.204483032, -52.832824707, 21.2680988312, 10.7614374161, -0.894753336906, -21.7829036713, 8.74512863159, 4.22477149963, -16.5777797699, 6.22028398514, 2.01198291779, 5.00794792175], [18.7954864502, -52.832824707, 115.73197937, -21.1246166229, 20.2067584991, 9.25041484833, 21.7762107849, 21.1082458496, 7.23508930206, 14.2418746948, 0.349297702312, -2.57110214233, 9.35798358917], [-7.4771695137, 21.2680988312, -21.1246166229, 87.284324646, -4.28131961823, 21.0094642639, 1.84557378292, -2.14154672623, 4.76056623459, -10.2656459808, -1.56525802612, -0.809860289097, -5.7578587532], [-32.5067138672, 10.7614374161, 20.2067584991, -4.28131961823, 95.9786758423, 11.7292985916, 8.30302524567, 15.7618217468, 6.90438652039, 4.71339464188, 3.72888755798, 6.85822439194, -4.55081892014], [-14.4598340988, -0.894753336906, 9.25041484833, 21.0094642639, 11.7292985916, 50.7672920227, 15.3642253876, 10.9242916107, -0.584007024765, -1.3583561182, 3.05488204956, -6.88449859619, -4.57242822647], [22.9095802307, -21.7829036713, 21.7762107849, 1.84557378292, 8.30302524567, 15.3642253876, 54.4874534607, 8.75913333893, 7.50727701187, 11.3590478897, 3.83127808571, -7.57914400101, 2.97273039818], [-25.7430591583, 8.74512863159, 21.1082458496, -2.14154672623, 15.7618217468, 10.9242916107, 8.75913333893, 47.7918205261, 11.5076780319, 2.46861696243, 3.14043736458, -4.3306312561, 2.55471205711], [-6.58334827423, 4.22477149963, 7.23508930206, 4.76056623459, 6.90438652039, -0.584007024765, 7.50727701187, 11.5076780319, 47.9458694458, 16.0153694153, 3.93132901192, -1.17646825314, 6.43905210495], [21.6624031067, -16.5777797699, 14.2418746948, -10.2656459808, 4.71339464188, -1.3583561182, 11.3590478897, 2.46861696243, 16.0153694153, 57.2514533997, 21.494392395, 1.68201184273, 1.16049647331], [-4.29710769653, 6.22028398514, 0.349297702312, -1.56525802612, 3.72888755798, 3.05488204956, 3.83127808571, 3.14043736458, 3.93132901192, 21.494392395, 42.0357780457, 10.1485805511, 9.51981639862], [15.2313556671, 2.01198291779, -2.57110214233, -0.809860289097, 6.85822439194, -6.88449859619, -7.57914400101, -4.3306312561, -1.17646825314, 1.68201184273, 10.1485805511, 37.0716552734, 9.60422515869], [2.63074278831, 5.00794792175, 9.35798358917, -5.7578587532, -4.55081892014, -4.57242822647, 2.97273039818, 2.55471205711, 6.43905210495, 1.16049647331, 9.51981639862, 9.60422515869, 42.1344337463]],
