{
"lowlevel": {
    "average_loudness": 0.988372504711,
    "barkbands_crest": {
        "dmean": 4.00374364853,
        "dmean2": 7.17008161545,
        "dvar": 9.61284828186,
        "dvar2": 27.0146369934,
        "max": 18.4619998932,
        "mean": 9.30744934082,
        "median": 8.87693119049,
        "min": 3.80014753342,
        "var": 10.4530086517
    },
    "barkbands_flatness_db": {
        "dmean": 0.0189656727016,
        "dmean2": 0.0326105691493,
        "dvar": 0.000279291591141,
        "dvar2": 0.000751632789616,
        "max": 0.215468630195,
        "mean": 0.156822055578,
        "median": 0.155796125531,
        "min": 0.103168651462,
        "var": 0.000401091208914
    },
    "barkbands_kurtosis": {
        "dmean": 0.896696388721,
        "dmean2": 1.53775668144,
        "dvar": 0.752933740616,
        "dvar2": 2.21588802338,
        "max": 4.15754890442,
        "mean": -0.310002833605,
        "median": -0.547617912292,
        "min": -1.62071502209,
        "var": 1.01663053036
    },
    "barkbands_skewness": {
        "dmean": 0.519411444664,
        "dmean2": 0.888053417206,
        "dvar": 0.175638958812,
        "dvar2": 0.521372258663,
        "max": 2.25747513771,
        "mean": 0.780512869358,
        "median": 0.796295940876,
        "min": -0.818698942661,
        "var": 0.243741601706
    },
    "barkbands_spread": {
        "dmean": 4.04849720001,
        "dmean2": 6.67534255981,
        "dvar": 10.9604892731,
        "dvar2": 32.5989723206,
        "max": 38.8515434265,
        "mean": 23.1215305328,
        "median": 22.9891395569,
        "min": 12.1978311539,
        "var": 27.6192760468
    },
    "dissonance": {
        "dmean": 0.0114357378334,
        "dmean2": 0.0192539729178,
        "dvar": 8.51421718835e-05,
        "dvar2": 0.000237307904172,
        "max": 0.497097432613,
        "mean": 0.46926304698,
        "median": 0.470269858837,
        "min": 0.425939589739,
        "var": 0.000179976268555
    },
    "dynamic_complexity": 0.45835635066,
    "erbbands_crest": {
        "dmean": 2.25619363785,
        "dmean2": 3.84326958656,
        "dvar": 3.21338272095,
        "dvar2": 8.10931682587,
        "max": 17.0923843384,
        "mean": 8.63023662567,
        "median": 8.14375591278,
        "min": 4.29519510269,
        "var": 5.19315290451
    },
    "erbbands_flatness_db": {
        "dmean": 0.0106025338173,
        "dmean2": 0.0179584398866,
        "dvar": 8.19869019324e-05,
        "dvar2": 0.00020867245621,
        "max": 0.26946491003,
        "mean": 0.220962062478,
        "median": 0.219930648804,
        "min": 0.18289270997,
        "var": 0.000239113578573
    },
    "erbbands_kurtosis": {
        "dmean": 0.620699167252,
        "dmean2": 1.08146071434,
        "dvar": 0.607420146465,
        "dvar2": 1.74447250366,
        "max": 4.03221702576,
        "mean": -0.537911295891,
        "median": -0.838982820511,
        "min": -1.50148248672,
        "var": 0.726487696171
    },
    "erbbands_skewness": {
        "dmean": 0.360133200884,
        "dmean2": 0.602762877941,
        "dvar": 0.0646888017654,
        "dvar2": 0.192563518882,
        "max": 0.791666984558,
        "mean": -0.455887466669,
        "median": -0.436213344336,
        "min": -1.92978346348,
        "var": 0.248964458704
    },
    "erbbands_spread": {
        "dmean": 7.40003490448,
        "dmean2": 12.7004241943,
        "dvar": 33.3459815979,
        "dvar2": 97.4120025635,
        "max": 54.8488311768,
        "mean": 32.8480529785,
        "median": 32.3910064697,
        "min": 14.6271543503,
        "var": 44.3789672852
    },
    "hfc": {
        "dmean": 5.55817508698,
        "dmean2": 8.67715549469,
        "dvar": 19.1086959839,
        "dvar2": 49.8439102173,
        "max": 58.2201576233,
        "mean": 31.9627094269,
        "median": 31.0379600525,
        "min": 0.514184713364,
        "var": 57.6925888062
    },
    "melbands_crest": {
        "dmean": 4.21030235291,
        "dmean2": 7.51911973953,
        "dvar": 11.0030698776,
        "dvar2": 31.0845355988,
        "max": 24.320142746,
        "mean": 14.501698494,
        "median": 14.2119989395,
        "min": 6.02656984329,
        "var": 12.365904808
    },
    "melbands_flatness_db": {
        "dmean": 0.0279512070119,
        "dmean2": 0.0476049520075,
        "dvar": 0.000477268040413,
        "dvar2": 0.00139390665572,
        "max": 0.28220847249,
        "mean": 0.20512612164,
        "median": 0.205326512456,
        "min": 0.139485344291,
        "var": 0.00069213390816
    },
    "melbands_kurtosis": {
        "dmean": 2.88034558296,
        "dmean2": 5.06145763397,
        "dvar": 7.26956224442,
        "dvar2": 20.5744762421,
        "max": 16.3525409698,
        "mean": 2.94671177864,
        "median": 2.39382982254,
        "min": -1.36517179012,
        "var": 7.53077793121
    },
    "melbands_skewness": {
        "dmean": 0.717614352703,
        "dmean2": 1.25065922737,
        "dvar": 0.295844763517,
        "dvar2": 0.860478878021,
        "max": 3.91584396362,
        "mean": 1.71528816223,
        "median": 1.64470803738,
        "min": -0.0132772279903,
        "var": 0.374984890223
    },
    "melbands_spread": {
        "dmean": 9.46317005157,
        "dmean2": 15.7522802353,
        "dvar": 68.897315979,
        "dvar2": 207.366241455,
        "max": 62.6490783691,
        "mean": 30.7780418396,
        "median": 28.3600902557,
        "min": 11.3491048813,
        "var": 105.590065002
    },
    "pitch_salience": {
        "dmean": 0.0622792653739,
        "dmean2": 0.110918574035,
        "dvar": 0.00352401798591,
        "dvar2": 0.00833288580179,
        "max": 0.84237498045,
        "mean": 0.504321157932,
        "median": 0.511457383633,
        "min": 0.33201661706,
        "var": 0.00351650570519
    },
    "silence_rate_20dB": {
        "dmean": 0,
        "dmean2": 0,
        "dvar": 0,
        "dvar2": 0,
        "max": 1,
        "mean": 1,
        "median": 1,
        "min": 1,
        "var": 0
    },
    "silence_rate_30dB": {
        "dmean": 0,
        "dmean2": 0,
        "dvar": 0,
        "dvar2": 0,
        "max": 1,
        "mean": 1,
        "median": 1,
        "min": 1,
        "var": 0
    },
    "silence_rate_60dB": {
        "dmean": 0,
        "dmean2": 0,
        "dvar": 0,
        "dvar2": 0,
        "max": 0,
        "mean": 0,
        "median": 0,
        "min": 0,
        "var": 0
    },
    "spectral_centroid": {
        "dmean": 301.656707764,
        "dmean2": 508.556732178,
        "dvar": 55338.7226562,
        "dvar2": 169409.421875,
        "max": 2299.2121582,
        "mean": 1487.15856934,
        "median": 1461.40734863,
        "min": 740.37701416,
        "var": 98158.640625
    },
    "spectral_complexity": {
        "dmean": 3.57916665077,
        "dmean2": 5.90794992447,
        "dvar": 8.08540534973,
        "dvar2": 19.9245643616,
        "max": 44,
        "mean": 30.8381748199,
        "median": 31,
        "min": 0,
        "var": 25.0070114136
    },
    "spectral_decrease": {
        "dmean": 2.53418419582e-09,
        "dmean2": 4.39580949418e-09,
        "dvar": 3.96406290795e-18,
        "dvar2": 1.1226469631e-17,
        "max": -8.35784635944e-11,
        "mean": -8.95106833099e-09,
        "median": -9.09664699122e-09,
        "min": -1.50739776217e-08,
        "var": 4.85256572804e-18
    },
    "spectral_energy": {
        "dmean": 0.00971643067896,
        "dmean2": 0.0168266110122,
        "dvar": 5.87441172684e-05,
        "dvar2": 0.000164544471772,
        "max": 0.0605059154332,
        "mean": 0.0366824604571,
        "median": 0.0372601523995,
        "min": 0.000362082646461,
        "var": 7.35880021239e-05
    },
    "spectral_energyband_high": {
        "dmean": 7.42224438e-05,
        "dmean2": 0.000119158961752,
        "dvar": 3.34583294404e-09,
        "dvar2": 9.56618162462e-09,
        "max": 0.000670056964736,
        "mean": 0.000266107701464,
        "median": 0.000256405532127,
        "min": 8.13316000858e-06,
        "var": 1.02654329481e-08
    },
    "spectral_energyband_low": {
        "dmean": 0.00124982395209,
        "dmean2": 0.00210783886723,
        "dvar": 1.01149419152e-06,
        "dvar2": 2.80845779344e-06,
        "max": 0.00739227747545,
        "mean": 0.00217957561836,
        "median": 0.00205083144829,
        "min": 4.69993356091e-05,
        "var": 1.6943791934e-06
    },
    "spectral_energyband_middle_high": {
        "dmean": 0.00232290918939,
        "dmean2": 0.0035808829125,
        "dvar": 3.82425878342e-06,
        "dvar2": 1.03702941487e-05,
        "max": 0.0236477181315,
        "mean": 0.0105529166758,
        "median": 0.00991430971771,
        "min": 0.000200053254957,
        "var": 1.16725432235e-05
    },
    "spectral_energyband_middle_low": {
        "dmean": 0.00995573308319,
        "dmean2": 0.0170825868845,
        "dvar": 5.92760770814e-05,
        "dvar2": 0.000178621790837,
        "max": 0.0485871620476,
        "mean": 0.0242921542376,
        "median": 0.0242520980537,
        "min": 0.000127117629745,
        "var": 7.6878190157e-05
    },
    "spectral_entropy": {
        "dmean": 0.0914835259318,
        "dmean2": 0.152588710189,
        "dvar": 0.00825882796198,
        "dvar2": 0.0182721596211,
        "max": 8.16325950623,
        "mean": 7.40153074265,
        "median": 7.4013466835,
        "min": 7.13659763336,
        "var": 0.0121086258441
    },
    "spectral_flux": {
        "dmean": 0.0224683750421,
        "dmean2": 0.0365873537958,
        "dvar": 0.000315183482599,
        "dvar2": 0.0008387749549,
        "max": 0.17686021328,
        "mean": 0.101990602911,
        "median": 0.098482221365,
        "min": 0.0593458078802,
        "var": 0.00049858877901
    },
    "spectral_kurtosis": {
        "dmean": 3.12367868423,
        "dmean2": 5.73913478851,
        "dvar": 6.89350175858,
        "dvar2": 21.8902339935,
        "max": 22.1231327057,
        "mean": 6.40115022659,
        "median": 6.27043056488,
        "min": 1.79195928574,
        "var": 7.99735736847
    },
    "spectral_rms": {
        "dmean": 0.000815278559458,
        "dmean2": 0.00139948003925,
        "dvar": 4.82331188323e-07,
        "dvar2": 1.20555478134e-06,
        "max": 0.00768310856074,
        "mean": 0.00593174155802,
        "median": 0.00602920958772,
        "min": 0.000594349519815,
        "var": 6.02209695444e-07
    },
    "spectral_rolloff": {
        "dmean": 401.145721436,
        "dmean2": 696.450561523,
        "dvar": 170602.90625,
        "dvar2": 469630.78125,
        "max": 3143.84765625,
        "mean": 1947.18981934,
        "median": 2153.3203125,
        "min": 624.462890625,
        "var": 246933
    },
    "spectral_skewness": {
        "dmean": 0.294295579195,
        "dmean2": 0.529807329178,
        "dvar": 0.0664375126362,
        "dvar2": 0.204626888037,
        "max": 3.28007793427,
        "mean": 1.30741238594,
        "median": 1.3033926487,
        "min": 0.653748035431,
        "var": 0.123665325344
    },
    "spectral_spread": {
        "dmean": 209997.0625,
        "dmean2": 320367.3125,
        "dvar": 166792445952,
        "dvar2": 118954164224,
        "max": 10115723,
        "mean": 2578940.75,
        "median": 2520375.5,
        "min": 1864418.875,
        "var": 305213538304
    },
    "spectral_strongpeak": {
        "dmean": 1.07041025162,
        "dmean2": 1.94161498547,
        "dvar": 1.07558393478,
        "dvar2": 2.95868992805,
        "max": 6.37914228439,
        "mean": 1.51602494717,
        "median": 1.07620930672,
        "min": 0.0128685515374,
        "var": 1.17527198792
    },
    "zerocrossingrate": {
        "dmean": 0.00606079120189,
        "dmean2": 0.00855615828186,
        "dvar": 2.20658148464e-05,
        "dvar2": 4.66538585897e-05,
        "max": 0.07861328125,
        "mean": 0.0523129552603,
        "median": 0.0517578125,
        "min": 0.0107421875,
        "var": 9.26216162043e-05
    },
    "barkbands": {
        "dmean": [3.27617181028e-06, 0.000611964205746, 0.000683576799929, 0.00206721294671, 0.00967206247151, 0.000121373464935, 0.000170330065885, 0.00179651961662, 0.00208065775223, 0.000441918498836, 0.00021816563094, 0.000478258822113, 2.88271912723e-05, 0.000387198466342, 0.000537099083886, 0.00132268236484, 0.00079750205623, 0.000273777259281, 0.000317629310302, 8.79588769749e-05, 4.26266160503e-05, 1.75038239831e-05, 1.36766357173e-06, 3.33183106704e-06, 3.64257857655e-06, 5.64346350984e-07, 5.72278047173e-08],
        "dmean2": [5.0311632549e-06, 0.00106667377986, 0.0011685526697, 0.00351038132794, 0.0176574420184, 0.000206689015613, 0.000300282088574, 0.00317367166281, 0.00359351886436, 0.000727962120436, 0.000377749616746, 0.00080040137982, 4.88106707053e-05, 0.000676227617078, 0.000906030123588, 0.00226271175779, 0.00131047633477, 0.000435434805695, 0.000541446905117, 0.000149998013512, 7.07191211404e-05, 2.87516795652e-05, 2.33179866882e-06, 5.38500307812e-06, 5.79541438128e-06, 1.02140734271e-06, 9.35334867336e-08],
        "dvar": [5.25942588092e-11, 2.70818219406e-07, 3.94767113221e-07, 2.93417292596e-06, 5.56486702408e-05, 1.13427960358e-08, 4.15218757155e-08, 1.98734983314e-06, 2.82344763036e-06, 1.57815307489e-07, 4.91081415532e-08, 2.12145621958e-07, 8.29870394625e-10, 1.28002355382e-07, 2.42805015205e-07, 2.08741516872e-06, 5.68434984416e-07, 5.9412844422e-08, 1.29338246779e-07, 8.0652515777e-09, 1.43320699753e-09, 3.09804709664e-10, 2.53938493497e-12, 1.48418118073e-11, 3.37510228099e-11, 8.75355072715e-13, 1.8920898309e-14],
        "dvar2": [6.34644281572e-11, 7.39970346331e-07, 1.07116329673e-06, 8.08259846963e-06, 0.000144827296026, 2.990008241e-08, 1.12796691099e-07, 5.97112375544e-06, 7.32458784114e-06, 4.42900812914e-07, 1.39041816283e-07, 5.95125015934e-07, 2.29953145414e-09, 3.93360380713e-07, 7.3130564715e-07, 5.63648382013e-06, 1.55968507443e-06, 1.69871384514e-07, 3.45756262732e-07, 2.28326300089e-08, 4.4305616953e-09, 8.14585621178e-10, 7.06447140369e-12, 3.95462169955e-11, 9.44723327345e-11, 2.73870401184e-12, 2.96176826825e-14],
        "max": [0.000109525150037, 0.0034735952504, 0.00426384247839, 0.0102762887254, 0.0397776328027, 0.000878700462636, 0.00142447045073, 0.0105788372457, 0.0157326720655, 0.00287991738878, 0.00204020296223, 0.00334440381266, 0.000278913299553, 0.00232323119417, 0.00540297711268, 0.0121390875429, 0.00950234569609, 0.00256993132643, 0.003985687159, 0.000803802744485, 0.000486926495796, 0.000153489148943, 1.40441406984e-05, 4.78876245324e-05, 4.56693051092e-05, 7.55231440053e-06, 1.7626805402e-06],
        "mean": [4.06931758334e-06, 0.000893271295354, 0.000877710466739, 0.00262821372598, 0.0124285100028, 0.000182541043614, 0.000218377172132, 0.00334523082711, 0.00524740479887, 0.0007940766518, 0.000367773784092, 0.000944389495999, 6.29487694823e-05, 0.000693437003065, 0.00131080322899, 0.00273181474768, 0.00198588706553, 0.000712789245881, 0.000833051744848, 0.00023077588412, 0.000116796472867, 5.27097909071e-05, 3.42532757713e-06, 8.75231125974e-06, 6.75577575748e-06, 9.10910273433e-07, 8.52061745604e-08],
        "median": [2.80049812318e-06, 0.000740721356124, 0.000719446106814, 0.00240891985595, 0.0112724909559, 0.000141842698213, 0.000163220320246, 0.00291112298146, 0.00484752189368, 0.00072770297993, 0.000291175965685, 0.000803290167823, 5.24274510099e-05, 0.000618702208158, 0.00109876098577, 0.00231400737539, 0.00179013435263, 0.000622165563982, 0.000680374505464, 0.000180650997208, 0.000104271923192, 4.79989903397e-05, 2.81677466774e-06, 6.42048553345e-06, 3.15005786433e-06, 6.62126012685e-07, 2.92953998837e-08],
        "min": [6.48619220556e-08, 6.39116569801e-06, 1.98848265427e-05, 4.39233663201e-05, 4.87773140776e-05, 2.54524456977e-06, 4.60287765236e-06, 1.5720121155e-05, 1.02596050056e-05, 6.60180921841e-06, 8.15233852336e-06, 2.8224883863e-05, 6.49755202176e-06, 6.87468855176e-06, 1.63130916917e-05, 1.58876246132e-05, 7.74083018769e-05, 1.45761405292e-05, 1.95430493477e-05, 1.24668758872e-06, 5.14669500262e-06, 2.13626140066e-06, 1.02321022766e-08, 3.52459110786e-08, 1.93252169822e-08, 1.52914800822e-08, 1.24006893643e-08],
        "var": [5.60849283682e-11, 4.34586922893e-07, 5.34044261258e-07, 3.53950326826e-06, 5.94460798311e-05, 1.60058331033e-08, 4.03936368798e-08, 4.55482859252e-06, 8.28359861771e-06, 2.56312063129e-07, 6.68217765565e-08, 4.15140362975e-07, 1.52189405522e-09, 1.71908794755e-07, 7.14711518413e-07, 3.71821556655e-06, 1.03960894648e-06, 1.53260742763e-07, 3.3091714613e-07, 2.27416432352e-08, 3.95263599628e-09, 6.9637168254e-10, 5.29666588367e-12, 4.99148083977e-11, 6.15041351182e-11, 8.22609450175e-13, 2.38965273893e-14]
    },
    "erbbands": {
        "dmean": [0.00635790731758, 0.177241295576, 0.804472863674, 2.93508934975, 38.3311042786, 21.4117164612, 2.07620644569, 1.01228535175, 1.21370780468, 4.75104284286, 69.5182418823, 34.7376441956, 13.3294668198, 6.49646472931, 13.5531301498, 13.73640728, 1.58909237385, 6.61084985733, 40.2217750549, 23.0117321014, 74.0630874634, 42.2320747375, 14.1184253693, 22.5839366913, 7.96074819565, 4.22635221481, 1.87521612644, 1.35974609852, 0.580061674118, 0.321018189192, 0.0445448942482, 0.0693179517984, 0.0517019294202, 0.0758913904428, 0.00628525530919, 0.00313999224454, 0.000871449767146, 8.89414659468e-05, 7.5004431892e-06, 1.05236140371e-05],
        "dmean2": [0.0109316939488, 0.308533906937, 1.38785493374, 5.04319620132, 68.459236145, 37.2635154724, 3.46916413307, 1.7231900692, 2.04159164429, 8.51011943817, 122.615898132, 60.6843833923, 22.5913715363, 10.9517736435, 22.9747276306, 23.5390987396, 2.71780705452, 11.4624786377, 68.4382858276, 37.6866264343, 128.356124878, 68.4046325684, 22.3681507111, 36.7875328064, 13.6863288879, 7.02999639511, 3.05531740189, 2.29878807068, 0.969099402428, 0.524312734604, 0.0748222097754, 0.113483227789, 0.0833452567458, 0.120445020497, 0.00996158458292, 0.00552238384262, 0.00157644436695, 0.000151959451614, 1.22467899928e-05, 1.84086384252e-05],
        "dvar": [3.05094163195e-05, 0.0236573182046, 0.581383287907, 5.56476688385, 753.096435547, 227.688964844, 2.72934794426, 0.925954937935, 1.49117732048, 17.448507309, 3099.78588867, 761.521362305, 155.297348022, 28.7289409637, 138.248535156, 189.367736816, 1.99470710754, 34.6123580933, 1438.56604004, 449.245727539, 6776.54736328, 1179.38232422, 136.832962036, 636.145629883, 53.6612434387, 19.0783901215, 3.40548729897, 1.28023850918, 0.308092534542, 0.248913124204, 0.00290272850543, 0.00753684015945, 0.00314352614805, 0.0149455917999, 9.1522859293e-05, 2.35142288147e-05, 2.25027292799e-06, 2.19918376843e-08, 2.55045928821e-10, 7.07253422494e-11],
        "dvar2": [8.21059074951e-05, 0.0638185739517, 1.4997061491, 15.5958299637, 2172.26025391, 667.671264648, 7.54616165161, 2.49968409538, 4.00998258591, 50.1161842346, 8588.90332031, 2036.33081055, 428.71270752, 77.8284912109, 377.858062744, 562.082519531, 5.66317749023, 99.5372772217, 4529.62255859, 1148.33190918, 17530.8300781, 3234.62939453, 398.119171143, 1606.52734375, 153.789749146, 54.1623344421, 10.1208152771, 3.58200311661, 0.861212313175, 0.618333876133, 0.00785601697862, 0.0197299607098, 0.0079911025241, 0.041883636266, 0.000258469110122, 7.21028773114e-05, 7.30922647563e-06, 4.92419509612e-08, 3.34670735569e-10, 1.93849367114e-10],
        "max": [0.0320138111711, 1.0675945282, 5.31341028214, 15.473282814, 138.372634888, 83.5199508667, 13.4915161133, 7.96398258209, 10.5243835449, 27.9294147491, 478.188903809, 249.14932251, 88.0918655396, 41.3262557983, 102.664901733, 120.56539917, 15.3063793182, 54.6304664612, 247.124404907, 254.330841064, 678.151489258, 388.84085083, 117.982757568, 317.235961914, 55.1304855347, 44.9939689636, 23.8355522156, 10.8068399429, 4.90675878525, 4.34483671188, 0.478332012892, 1.04041814804, 0.703438639641, 0.976917088032, 0.0811351537704, 0.0397723317146, 0.0125574907288, 0.00110670074355, 0.000250577868428, 7.11257744115e-05],
        "mean": [0.00918919313699, 0.262729376554, 1.1745364666, 4.43462705612, 44.7010421753, 28.4068412781, 3.48874807358, 1.51224660873, 1.97687911987, 7.62988948822, 155.833068848, 82.963684082, 24.8690795898, 13.7442493439, 29.8084754944, 28.9353599548, 4.83500051498, 15.4680538177, 85.3868026733, 64.8780822754, 168.072540283, 106.998008728, 42.3467674255, 60.9346084595, 22.195734024, 11.3457975388, 5.47822904587, 3.52586436272, 1.82301843166, 0.824620902538, 0.122562080622, 0.180519029498, 0.133367389441, 0.142900794744, 0.0127173950896, 0.00542695028707, 0.00131514610257, 0.000141343043651, 2.86743543256e-05, 4.46335216111e-05],
        "median": [0.00731341307983, 0.217915520072, 0.921466708183, 4.06600666046, 40.5077209473, 26.5744915009, 3.21630883217, 1.14303898811, 1.51736712456, 6.80944728851, 140.3019104, 77.3087158203, 22.1552829742, 12.4234132767, 26.0626506805, 25.4184837341, 4.43362379074, 14.2061662674, 72.3881072998, 54.0549316406, 141.459640503, 98.0070800781, 39.3241233826, 44.7538108826, 19.9107513428, 8.85421180725, 4.89326953888, 3.10504055023, 1.71799767017, 0.485227823257, 0.0996556729078, 0.130374580622, 0.0958547368646, 0.0588448941708, 0.00757577596232, 0.00408615591004, 0.000946224317886, 5.81776657782e-05, 2.63312413153e-05, 4.56317648059e-05],
        "min": [0.000153795685037, 0.00179772661068, 0.0171390008181, 0.0935706868768, 0.203918874264, 0.133514538407, 0.0344845578074, 0.019075255841, 0.0387445762753, 0.144383847713, 0.432967811823, 0.231804460287, 0.151101842523, 0.238704517484, 0.550409495831, 1.15660202503, 0.399133354425, 0.297352492809, 0.852417826653, 0.487090468407, 1.59363806248, 4.16644001007, 1.3817782402, 0.913138985634, 0.606033504009, 0.0715466365218, 0.1185195297, 0.251789927483, 0.0897828415036, 0.0140537908301, 0.000731421867386, 0.000842951412778, 0.000452584732557, 0.00030778083601, 8.74003671925e-05, 7.14776397217e-05, 2.40062909143e-05, 7.93381332187e-06, 2.09171548704e-06, 6.55631879454e-07],
        "var": [4.32666201959e-05, 0.0382268615067, 0.830739200115, 7.0017914772, 872.836547852, 287.460479736, 3.47684431076, 1.18515956402, 2.2619535923, 19.0301952362, 8550.14648438, 1999.91699219, 237.400619507, 43.231502533, 288.549316406, 313.370849609, 4.61773061752, 58.9224014282, 2409.89990234, 1683.15893555, 11289.2480469, 2491.67260742, 325.696929932, 2358.25292969, 101.918014526, 56.9884872437, 8.79119777679, 3.39529132843, 0.645170390606, 0.632441163063, 0.00673009222373, 0.0213768407702, 0.0115621462464, 0.0279102250934, 0.000167753110873, 2.54698588833e-05, 1.85779788353e-06, 3.75173314637e-08, 2.91773438743e-10, 8.97117449772e-11]
    },
    "gfcc": {
        "mean": [8.27333545685, 124.257347107, -168.110488892, 39.4024505615, -40.0723419189, -7.42178201675, -34.2113380432, 11.4982299805, -21.5832996368, -23.3236064911, -37.1821861267, -24.5661334991, -6.67741346359],
        "cov": [[380.920898438, -77.2081069946, 55.0332717896, -3.33824038506, -23.0028438568, 53.2349700928, -74.5829849243, 50.8819999695, -6.04276943207, 7.86990880966, -1.36704719067, 5.0920920372, 4.2246761322], [-77.2081069946, 166.728683472, -20.8958721161, 13.8886632919, 24.8302307129, -52.9976844788, 71.0259017944, -43.8312225342, 8.78200054169, -2.05064082146, 2.31773161888, -19.8123283386, 23.6257362366], [55.0332717896, -20.8958721161, 101.215690613, 14.5073814392, 0.257676750422, 45.4939460754, -34.4758758545, 21.4461288452, -9.88414478302, -14.9682025909, 2.59012532234, 7.96059560776, -9.98687648773], [-3.33824038506, 13.8886632919, 14.5073814392, 82.9463806152, 22.1326560974, 9.14174556732, 2.41172409058, 0.38145378232, 8.62358379364, -9.04750061035, 16.8880233765, -4.77224588394, 9.59244823456], [-23.0028438568, 24.8302307129, 0.257676750422, 22.1326560974, 69.3492507935, 5.293197155, 11.3423337936, -12.0118694305, -0.429688632488, 9.68034648895, 4.12205123901, 10.2737407684, 2.13791751862], [53.2349700928, -52.9976844788, 45.4939460754, 9.14174556732, 5.293197155, 76.5525054932, -26.8026561737, 29.0203342438, 2.81955075264, -5.48915338516, 9.10238361359, 8.08415699005, -4.27169942856], [-74.5829849243, 71.0259017944, -34.4758758545, 2.41172409058, 11.3423337936, -26.8026561737, 86.2474136353, -9.35261058807, 12.4700250626, 20.2651767731, -6.07161426544, -6.96845006943, 8.56488037109], [50.8819999695, -43.8312225342, 21.4461288452, 0.38145378232, -12.0118694305, 29.0203342438, -9.35261058807, 63.3064079285, 19.7570858002, 16.3994560242, 10.1859693527, 4.03207063675, -2.59103894234], [-6.04276943207, 8.78200054169, -9.88414478302, 8.62358379364, -0.429688632488, 2.81955075264, 12.4700250626, 19.7570858002, 43.8393478394, 13.9105739594, 6.98520612717, -3.60035967827, -1.64721846581], [7.86990880966, -2.05064082146, -14.9682025909, -9.04750061035, 9.68034648895, -5.48915338516, 20.2651767731, 16.3994560242, 13.9105739594, 64.3601837158, 6.73153114319, 5.70941829681, 6.19396877289], [-1.36704719067, 2.31773161888, 2.59012532234, 16.8880233765, 4.12205123901, 9.10238361359, -6.07161426544, 10.1859693527, 6.98520612717, 6.73153114319, 33.9179420471, 10.749874115, 3.38535308838], [5.0920920372, -19.8123283386, 7.96059560776, -4.77224588394, 10.2737407684, 8.08415699005, -6.96845006943, 4.03207063675, -3.60035967827, 5.70941829681, 10.749874115, 39.9354743958, -2.20208835602], [4.2246761322, 23.6257362366, -9.98687648773, 9.59244823456, 2.13791751862, -4.27169942856, 8.56488037109, -2.59103894234, -1.64721846581, 6.19396877289, 3.38535308838, -2.20208835602, 28.0642223358]],
        "icov": [[0.00393183762208, -0.00175086082891, 0.00046182362712, -0.000908601563424, 0.00137155386619, -0.0020133908838, 0.0043827178888, -0.00312254298478, 0.00151592120528, -0.00204655295238, 0.00323354103602, -0.000910118571483, -0.000600619998295], [-0.00175086082891, 0.02827501297, -0.0149838253856, 0.00854499731213, -0.0100642424077, 0.0165999922901, -0.0214438289404, 0.0161639321595, -0.0131725985557, 0.00993042718619, -0.0185268335044, 0.0133827794343, -0.0201422031969], [0.00046182362712, -0.0149838253856, 0.0245015099645, -0.00845166388899, 0.00568488845602, -0.0156204858795, 0.0136640630662, -0.0122992806137, 0.0120680853724, -0.00399667071179, 0.0126280952245, -0.00895149726421, 0.0154007906094], [-0.000908601563424, 0.00854499731213, -0.00845166388899, 0.021105190739, -0.00952847395092, 0.00586927775294, -0.00791169796139, 0.00563916936517, -0.00844612531364, 0.00818851776421, -0.0156622938812, 0.00947558321059, -0.0123939337209], [0.00137155386619, -0.0100642424077, 0.00568488845602, -0.00952847395092, 0.0233270563185, -0.0100200148299, 0.00608825637028, 0.000204640033189, 0.00521358381957, -0.0088155977428, 0.00910323299468, -0.0106096379459, 0.00872563198209], [-0.0020133908838, 0.0165999922901, -0.0156204858795, 0.00586927775294, -0.0100200148299, 0.0320004560053, -0.0102609703317, 0.0020005828701, -0.0088967923075, 0.00883871037513, -0.0137580661103, 0.00736187119037, -0.0125216403976], [0.0043827178888, -0.0214438289404, 0.0136640630662, -0.00791169796139, 0.00608825637028, -0.0102609703317, 0.0347966551781, -0.0129293771461, 0.00663996953517, -0.0123386988416, 0.0195700060576, -0.00926909781992, 0.0111454036087], [-0.00312254298478, 0.0161639321595, -0.0122992806137, 0.00563916936517, 0.000204640033189, 0.0020005828701, -0.0129293771461, 0.0383314602077, -0.0185163412243, -0.000806234485935, -0.0146353133023, 0.00677760923281, -0.010279590264], [0.00151592120528, -0.0131725985557, 0.0120680853724, -0.00844612531364, 0.00521358381957, -0.0088967923075, 0.00663996953517, -0.0185163412243, 0.0392419844866, -0.00825714226812, 0.00553715415299, -0.00255562877283, 0.0158124268055], [-0.00204655295238, 0.00993042718619, -0.00399667071179, 0.00818851776421, -0.0088155977428, 0.00883871037513, -0.0123386988416, -0.000806234485935, -0.00825714226812, 0.0262451730669, -0.0112257264555, 0.00327566172928, -0.0112307667732], [0.00323354103602, -0.0185268335044, 0.0126280952245, -0.0156622938812, 0.00910323299468, -0.0137580661103, 0.0195700060576, -0.0146353133023, 0.00553715415299, -0.0112257264555, 0.0549489818513, -0.0208264309913, 0.00938582979143], [-0.000910118571483, 0.0133827794343, -0.00895149726421, 0.00947558321059, -0.0106096379459, 0.00736187119037, -0.00926909781992, 0.00677760923281, -0.00255562877283, 0.00327566172928, -0.0208264309913, 0.0381416156888, -0.00753798149526], [-0.000600619998295, -0.0201422031969, 0.0154007906094, -0.0123939337209, 0.00872563198209, -0.0125216403976, 0.0111454036087, -0.010279590264, 0.0158124268055, -0.0112307667732, 0.00938582979143, -0.00753798149526, 0.0571583434939]]
    },
    "melbands": {
        "dmean": [0.000109633809188, 0.000346586835803, 0.00150889297947, 0.00248457374983, 0.000119305899716, 2.19787852984e-05, 2.31628437177e-05, 4.08322011936e-05, 0.000692644738592, 0.000175514156581, 6.91121895215e-05, 3.03594042634e-05, 3.6235232983e-05, 6.4924468461e-05, 1.12984380394e-05, 3.23336030306e-06, 1.1069759239e-05, 7.72499042796e-05, 3.25257933582e-05, 8.01712521934e-05, 7.82546630944e-05, 5.0062979426e-05, 2.1612533601e-05, 1.32113082145e-05, 2.09453646676e-05, 7.18947967471e-06, 4.65009543404e-06, 2.45688693212e-06, 1.02860894913e-06, 1.45373246596e-06, 5.8955941995e-07, 3.87514404565e-07, 3.60572499858e-07, 8.9765947564e-08, 1.83918498209e-08, 4.02738251637e-08, 5.14496143467e-08, 4.10466114431e-08, 4.19040091515e-08, 7.7072606075e-08],
        "dmean2": [0.000191583792912, 0.000598550657742, 0.00265801884234, 0.00450766040012, 0.000196395514649, 3.75542622351e-05, 3.9515147364e-05, 7.37377340556e-05, 0.0012178417528, 0.000305213383399, 0.000116575996799, 5.1383740356e-05, 6.18678895989e-05, 0.000109926659206, 2.00201593543e-05, 5.47235322301e-06, 1.90032114915e-05, 0.00013306621986, 5.46086557733e-05, 0.000134978268761, 0.000135633919854, 8.22099900688e-05, 3.58109500667e-05, 2.11389888136e-05, 3.44046638929e-05, 1.25476108224e-05, 8.02080649009e-06, 4.00254157285e-06, 1.65231392657e-06, 2.44579928221e-06, 1.00031627426e-06, 6.70995120799e-07, 5.80556559271e-07, 1.49524183257e-07, 3.07796987897e-08, 6.88368047008e-08, 8.32481461543e-08, 6.54249063814e-08, 6.81143248471e-08, 1.23243111716e-07],
        "dvar": [8.35076718886e-09, 1.02314210437e-07, 1.1183069546e-06, 3.66370773008e-06, 8.73953442948e-09, 4.06397138164e-10, 6.71470268276e-10, 1.50071188809e-09, 3.1071388662e-07, 1.92994029646e-08, 4.2372270137e-09, 6.48267051151e-10, 1.12938047803e-09, 3.89362231346e-09, 1.63287619537e-10, 8.12082779494e-12, 1.11825396165e-10, 5.54825874133e-09, 1.53626633637e-09, 6.60369092742e-09, 7.31048954705e-09, 2.10168171755e-09, 3.09753139804e-10, 1.50663259646e-10, 5.78643521987e-10, 4.86212736739e-11, 1.87255107253e-11, 6.56587804959e-12, 1.12674442259e-12, 1.83821729539e-12, 2.32594108904e-13, 1.65658190832e-13, 2.17623635041e-13, 2.36521719365e-14, 3.41399541067e-16, 2.05238221878e-15, 4.31898796376e-15, 2.4644400307e-15, 2.54038352244e-15, 1.75190282881e-14],
        "dvar2": [2.31372450088e-08, 2.59987189111e-07, 3.25584937855e-06, 9.62984267971e-06, 2.44677611505e-08, 1.08498643403e-09, 1.7984642664e-09, 4.32272351247e-09, 8.49261255098e-07, 5.14981799427e-08, 1.15589813277e-08, 1.73858127894e-09, 3.09813596999e-09, 1.05133732831e-08, 5.27543009277e-10, 2.36431100392e-11, 3.13941261876e-10, 1.72632770301e-08, 4.30944391283e-09, 1.79200885242e-08, 1.8701239668e-08, 5.68098101894e-09, 8.38313862772e-10, 4.22348461759e-10, 1.4579033536e-09, 1.34409872121e-10, 5.23074361602e-11, 1.84124902824e-11, 3.22005833456e-12, 5.33399713287e-12, 6.82303985446e-13, 4.9630102545e-13, 5.43780461198e-13, 5.817552386e-14, 9.22461231207e-16, 5.5518935464e-15, 1.15475925466e-14, 6.06146729692e-15, 6.89152909205e-15, 4.9479920893e-14],
        "max": [0.000586396141443, 0.00219945725985, 0.00552759040147, 0.0104087209329, 0.00066635152325, 0.000166478304891, 0.000196673368919, 0.000240705223405, 0.00492868293077, 0.00124689983204, 0.000452414649772, 0.000182911709999, 0.000328926427756, 0.000442108197603, 0.000117435323773, 2.2948734113e-05, 9.18907462619e-05, 0.000461163523141, 0.000494582054671, 0.000764361640904, 0.000687659601681, 0.00055433443049, 0.000147557148011, 0.00011028816516, 0.000295321224257, 5.63812609471e-05, 3.27837369696e-05, 2.64104182861e-05, 1.1752809769e-05, 1.40282563734e-05, 4.21347840529e-06, 3.75769627681e-06, 4.29771989729e-06, 1.31032811623e-06, 1.56217438985e-07, 4.39195616764e-07, 7.52429571094e-07, 6.22656102678e-07, 3.6773869283e-07, 1.05351762159e-06],
        "mean": [0.000160050796694, 0.000514269748237, 0.00188146636356, 0.00324028241448, 0.000178462156327, 3.16188525176e-05, 3.38989993907e-05, 5.07011427544e-05, 0.00160265155137, 0.000420100579504, 0.000117488358228, 5.91025709582e-05, 7.485516835e-05, 0.00012891649385, 2.37471194851e-05, 7.00151576893e-06, 2.26368829317e-05, 0.000148182822159, 7.80280242907e-05, 0.000157062531798, 0.000186521705473, 0.00012116911239, 5.29038698005e-05, 3.38161880791e-05, 5.41252520634e-05, 1.77068686753e-05, 1.19945743791e-05, 6.05252080277e-06, 2.75102502201e-06, 3.53410746357e-06, 1.51652238856e-06, 1.02164699456e-06, 9.66358470578e-07, 2.12873985106e-07, 4.5425842643e-08, 8.86671358558e-08, 1.24899898424e-07, 9.92861970417e-08, 9.06996291405e-08, 1.35603329454e-07],
        "median": [0.000130071231979, 0.000409748870879, 0.00166670768522, 0.00301360711455, 0.000160308161867, 2.40178505919e-05, 2.5735989766e-05, 4.02570040023e-05, 0.00146467518061, 0.00039466455928, 0.000105354985863, 5.23812923348e-05, 6.3843515818e-05, 0.000108251166239, 2.11730166484e-05, 6.1726768763e-06, 2.0139354092e-05, 0.000127247098135, 5.82586144446e-05, 0.000131537934067, 0.00015754015476, 0.00010698382539, 4.88542827952e-05, 2.80375406874e-05, 3.90683380829e-05, 1.55193574756e-05, 1.04221517176e-05, 4.59748389403e-06, 2.42757937485e-06, 3.08557582684e-06, 1.32546836085e-06, 9.10198878046e-07, 7.85143527082e-07, 8.5011372164e-08, 3.86726739521e-08, 7.10109517854e-08, 8.55261887978e-08, 6.58367440565e-08, 6.10559709457e-08, 4.89387161906e-08],
        "min": [1.60131776283e-06, 6.62339607516e-06, 1.98866928258e-05, 1.33281755552e-05, 1.70532200627e-06, 4.31553473845e-07, 6.93712024713e-07, 1.85106955541e-06, 3.6890512547e-06, 1.20430297557e-06, 7.50706931285e-07, 9.40816732964e-07, 1.3807510868e-06, 3.09600909532e-06, 2.17544834413e-06, 3.90877659129e-07, 5.56206032343e-07, 1.24654627598e-06, 1.10735174985e-06, 5.91625280322e-07, 2.18836180466e-06, 4.51973664894e-06, 2.77799949799e-06, 4.79637719764e-07, 7.61886383316e-07, 7.59922215821e-07, 8.7781167224e-08, 3.38263603794e-08, 5.78269272467e-08, 1.36581931542e-07, 1.33537994884e-07, 5.39888702633e-08, 2.69667594921e-08, 8.96947294216e-10, 1.07237808911e-10, 4.39307423772e-10, 4.90617491078e-10, 3.24263532692e-10, 3.02522812357e-10, 2.26790031199e-10],
        "var": [1.2823940132e-08, 1.59515323617e-07, 1.40947258842e-06, 3.97056192014e-06, 1.09550146732e-08, 5.51788226222e-10, 8.22811763168e-10, 1.41973388601e-09, 8.83361565229e-07, 5.00832015859e-08, 6.53704335107e-09, 9.63175539326e-10, 2.00238980952e-09, 7.80875986095e-09, 2.18399631713e-10, 1.43477348058e-11, 1.7607049152e-10, 8.15910361496e-09, 4.70046135348e-09, 1.27668107197e-08, 1.19175549429e-08, 3.94093380152e-09, 6.21500240161e-10, 3.86106258077e-10, 2.11374406867e-09, 8.26160528877e-11, 4.635982917e-11, 1.9515800434e-11, 2.43117158349e-12, 4.33147875206e-12, 5.90944719374e-13, 3.36846761421e-13, 5.35099091772e-13, 6.26821795966e-14, 7.41445896396e-16, 4.4240424956e-15, 1.24405999012e-14, 8.82515072711e-15, 6.17747862344e-15, 3.02644296072e-14]
    },
    "mfcc": {
        "mean": [-617.981384277, 141.825302124, -53.6171646118, 39.7752609253, 9.91338062286, -10.5125627518, -0.851910829544, 9.17502498627, 23.0153751373, -2.55824685097, -7.89020109177, -15.7664270401, -14.749838829],
        "cov": [[360.661834717, -71.7382049561, 54.3866233826, -41.7772445679, 52.1380767822, -26.8622455597, -15.6783075333, 0.649318814278, 3.09540915489, 12.7687168121, 11.6330118179, -33.9886627197, 32.1322975159], [-71.7382049561, 164.506454468, -56.3313827515, 55.805393219, -59.1090316772, 18.4782161713, 17.7973022461, -24.1091270447, 14.9269895554, 2.82439684868, -22.7476119995, 25.52501297, -14.2809228897], [54.3866233826, -56.3313827515, 136.602020264, -43.587688446, 57.5761833191, -10.4468727112, -2.33458709717, 32.3816146851, -8.09055519104, -14.0501766205, 29.3974208832, -25.1156635284, 3.40787792206], [-41.7772445679, 55.805393219, -43.587688446, 103.906547546, -24.0743846893, 21.1883144379, 14.4715719223, -11.6147499084, 3.01267504692, 18.6951465607, -23.1891365051, 30.8928394318, -16.0133953094], [52.1380767822, -59.1090316772, 57.5761833191, -24.0743846893, 110.187995911, 4.85569190979, -5.45484828949, 24.7844371796, -16.8832511902, -2.75747990608, 15.7701358795, -26.4750156403, 20.1210231781], [-26.8622455597, 18.4782161713, -10.4468727112, 21.1883144379, 4.85569190979, 47.6335220337, 14.1584911346, -0.866663217545, 6.43674993515, -2.15261006355, -5.55121707916, 8.66968345642, -3.60383367538], [-15.6783075333, 17.7973022461, -2.33458709717, 14.4715719223, -5.45484828949, 14.1584911346, 43.2935523987, -1.54655945301, 9.44607448578, 4.53782606125, -2.78168702126, 3.60113048553, -0.284464359283], [0.649318814278, -24.1091270447, 32.3816146851, -11.6147499084, 24.7844371796, -0.866663217545, -1.54655945301, 54.2395172119, -0.425676643848, -3.45747900009, 8.5221452713, -11.2860841751, 0.957165777683], [3.09540915489, 14.9269895554, -8.09055519104, 3.01267504692, -16.8832511902, 6.43674993515, 9.44607448578, -0.425676643848, 47.8152046204, 9.75648403168, 6.18371725082, 7.96587324142, 0.718378007412], [12.7687168121, 2.82439684868, -14.0501766205, 18.6951465607, -2.75747990608, -2.15261006355, 4.53782606125, -3.45747900009, 9.75648403168, 62.8954658508, -2.38237786293, 19.399597168, 0.118120275438], [11.6330118179, -22.7476119995, 29.3974208832, -23.1891365051, 15.7701358795, -5.55121707916, -2.78168702126, 8.5221452713, 6.18371725082, -2.38237786293, 44.2918205261, -1.98011982441, 16.92628479], [-33.9886627197, 25.52501297, -25.1156635284, 30.8928394318, -26.4750156403, 8.66968345642, 3.60113048553, -11.2860841751, 7.96587324142, 19.399597168, -1.98011982441, 47.8849716187, -0.725496292114], [32.1322975159, -14.2809228897, 3.40787792206, -16.0133953094, 20.1210231781, -3.60383367538, -0.284464359283, 0.957165777683, 0.718378007412, 0.118120275438, 16.92628479, -0.725496292114, 54.6003761292]],
