{
"lowlevel": {
    "average_loudness": 0.989444077015,
    "barkbands_crest": {
        "dmean": 3.19452190399,
        "dmean2": 5.41989326477,
        "dvar": 6.63633012772,
        "dvar2": 18.7560043335,
        "max": 20.6813411713,
        "mean": 12.8813667297,
        "median": 12.1790237427,
        "min": 7.69222640991,
        "var": 10.5788955688
    },
    "barkbands_flatness_db": {
        "dmean": 0.0247142594308,
        "dmean2": 0.0394780673087,
        "dvar": 0.000430019077612,
        "dvar2": 0.000962440972216,
        "max": 0.334938615561,
        "mean": 0.280079424381,
        "median": 0.282985240221,
        "min": 0.133491948247,
        "var": 0.000865050707944
    },
    "barkbands_kurtosis": {
        "dmean": 6.55136013031,
        "dmean2": 10.9977846146,
        "dvar": 30.723400116,
        "dvar2": 89.7843704224,
        "max": 46.5544891357,
        "mean": 13.4648370743,
        "median": 12.8097333908,
        "min": 2.06444597244,
        "var": 49.4768104553
    },
    "barkbands_skewness": {
        "dmean": 0.740599989891,
        "dmean2": 1.2791942358,
        "dvar": 0.320905774832,
        "dvar2": 0.953191876411,
        "max": 5.34733343124,
        "mean": 2.99942708015,
        "median": 2.930300951,
        "min": 1.66737687588,
        "var": 0.539876699448
    },
    "barkbands_spread": {
        "dmean": 1.83740437031,
        "dmean2": 3.04237270355,
        "dvar": 2.54045462608,
        "dvar2": 6.99780845642,
        "max": 14.0797920227,
        "mean": 5.53579902649,
        "median": 4.74693107605,
        "min": 1.89213061333,
        "var": 4.86898565292
    },
    "dissonance": {
        "dmean": 0.0268817804754,
        "dmean2": 0.0458505488932,
        "dvar": 0.000472144340165,
        "dvar2": 0.00117720558774,
        "max": 0.488782554865,
        "mean": 0.442097336054,
        "median": 0.442069083452,
        "min": 0.324634224176,
        "var": 0.000736880116165
    },
    "dynamic_complexity": 1.17629539967,
    "erbbands_crest": {
        "dmean": 2.97777915001,
        "dmean2": 4.76482629776,
        "dvar": 5.55432891846,
        "dvar2": 14.0062551498,
        "max": 21.9653072357,
        "mean": 11.0546360016,
        "median": 10.3806524277,
        "min": 4.67625999451,
        "var": 15.3488140106
    },
    "erbbands_flatness_db": {
        "dmean": 0.0153688481078,
        "dmean2": 0.0254492964596,
        "dvar": 0.000253693986451,
        "dvar2": 0.000505441741552,
        "max": 0.29132270813,
        "mean": 0.239073097706,
        "median": 0.237056329846,
        "min": 0.12787297368,
        "var": 0.000453546148492
    },
    "erbbands_kurtosis": {
        "dmean": 0.666417837143,
        "dmean2": 1.11578071117,
        "dvar": 0.42407399416,
        "dvar2": 1.08872961998,
        "max": 3.77684736252,
        "mean": -0.374658077955,
        "median": -0.535221099854,
        "min": -1.61062061787,
        "var": 0.70535993576
    },
    "erbbands_skewness": {
        "dmean": 0.360669255257,
        "dmean2": 0.59101331234,
        "dvar": 0.0812759771943,
        "dvar2": 0.215309530497,
        "max": 2.21870779991,
        "mean": 0.660456478596,
        "median": 0.618259012699,
        "min": -0.29573109746,
        "var": 0.214946091175
    },
    "erbbands_spread": {
        "dmean": 7.66721010208,
        "dmean2": 13.3873147964,
        "dvar": 35.5486068726,
        "dvar2": 108.179756165,
        "max": 62.6412658691,
        "mean": 37.0544662476,
        "median": 36.8111381531,
        "min": 23.1163978577,
        "var": 49.9375991821
    },
    "hfc": {
        "dmean": 3.44028115273,
        "dmean2": 5.53396081924,
        "dvar": 7.97896909714,
        "dvar2": 20.9044570923,
        "max": 25.2732467651,
        "mean": 11.8087186813,
        "median": 11.3666801453,
        "min": 0.288272380829,
        "var": 13.4739599228
    },
    "melbands_crest": {
        "dmean": 3.86824393272,
        "dmean2": 6.46343374252,
        "dvar": 9.06868076324,
        "dvar2": 25.7844314575,
        "max": 28.9813728333,
        "mean": 18.5082855225,
        "median": 18.3066673279,
        "min": 10.3469991684,
        "var": 19.6145763397
    },
    "melbands_flatness_db": {
        "dmean": 0.027794091031,
        "dmean2": 0.044731233269,
        "dvar": 0.000504841038492,
        "dvar2": 0.0011628420325,
        "max": 0.449247926474,
        "mean": 0.384969770908,
        "median": 0.389913111925,
        "min": 0.22847674787,
        "var": 0.000995910726488
    },
    "melbands_kurtosis": {
        "dmean": 15.88367939,
        "dmean2": 26.1546154022,
        "dvar": 176.863372803,
        "dvar2": 558.925537109,
        "max": 97.3570556641,
        "mean": 33.3247261047,
        "median": 31.7366371155,
        "min": 8.63199520111,
        "var": 260.880523682
    },
    "melbands_skewness": {
        "dmean": 1.0771073103,
        "dmean2": 1.81553769112,
        "dvar": 0.690943062305,
        "dvar2": 2.08945226669,
        "max": 7.91394710541,
        "mean": 4.5896396637,
        "median": 4.53958511353,
        "min": 2.60120630264,
        "var": 1.11414241791
    },
    "melbands_spread": {
        "dmean": 1.72261881828,
        "dmean2": 2.88946843147,
        "dvar": 2.50678181648,
        "dvar2": 6.67452478409,
        "max": 12.250837326,
        "mean": 4.54980945587,
        "median": 3.77627205849,
        "min": 1.61206007004,
        "var": 4.12918043137
    },
    "pitch_salience": {
        "dmean": 0.0954653024673,
        "dmean2": 0.16109931469,
        "dvar": 0.00623702816665,
        "dvar2": 0.0166359804571,
        "max": 0.758757531643,
        "mean": 0.455309361219,
        "median": 0.470781445503,
        "min": 0.16805242002,
        "var": 0.00935756508261
    },
    "silence_rate_20dB": {
        "dmean": 0,
        "dmean2": 0,
        "dvar": 0,
        "dvar2": 0,
        "max": 1,
        "mean": 1,
        "median": 1,
        "min": 1,
        "var": 0
    },
    "silence_rate_30dB": {
        "dmean": 0,
        "dmean2": 0,
        "dvar": 0,
        "dvar2": 0,
        "max": 1,
        "mean": 1,
        "median": 1,
        "min": 1,
        "var": 0
    },
    "silence_rate_60dB": {
        "dmean": 0,
        "dmean2": 0,
        "dvar": 0,
        "dvar2": 0,
        "max": 0,
        "mean": 0,
        "median": 0,
        "min": 0,
        "var": 0
    },
    "spectral_centroid": {
        "dmean": 81.3490753174,
        "dmean2": 132.88508606,
        "dvar": 4541.12792969,
        "dvar2": 12913.6162109,
        "max": 785.297729492,
        "mean": 410.297332764,
        "median": 396.716766357,
        "min": 257.711364746,
        "var": 10122.5234375
    },
    "spectral_complexity": {
        "dmean": 2.57500004768,
        "dmean2": 4.36974811554,
        "dvar": 4.12770795822,
        "dvar2": 11.0733737946,
        "max": 21,
        "mean": 12.3553714752,
        "median": 13,
        "min": 1,
        "var": 8.92329502106
    },
    "spectral_decrease": {
        "dmean": 4.5038581753e-09,
        "dmean2": 7.46765493886e-09,
        "dvar": 1.13561177843e-17,
        "dvar2": 2.88837143135e-17,
        "max": -1.67744346191e-10,
        "mean": -1.4366222878e-08,
        "median": -1.42877532028e-08,
        "min": -2.76114917597e-08,
        "var": 1.76564828492e-17
    },
    "spectral_energy": {
        "dmean": 0.0172387454659,
        "dmean2": 0.0285957567394,
        "dvar": 0.000167835416505,
        "dvar2": 0.000425237056334,
        "max": 0.106463991106,
        "mean": 0.0552924312651,
        "median": 0.054869081825,
        "min": 0.000659252691548,
        "var": 0.00025955712772
    },
    "spectral_energyband_high": {
        "dmean": 5.38471567779e-06,
        "dmean2": 8.58889052324e-06,
        "dvar": 2.4046379471e-11,
        "dvar2": 6.01726238281e-11,
        "max": 4.68086982437e-05,
        "mean": 1.94819967874e-05,
        "median": 1.9410654204e-05,
        "min": 5.79618790653e-06,
        "var": 6.65518473664e-11
    },
    "spectral_energyband_low": {
        "dmean": 0.0137220751494,
        "dmean2": 0.0236517339945,
        "dvar": 0.00012703271932,
        "dvar2": 0.000345580512658,
        "max": 0.0632116869092,
        "mean": 0.0260946713388,
        "median": 0.0248725712299,
        "min": 9.69143147813e-05,
        "var": 0.000276315608062
    },
    "spectral_energyband_middle_high": {
        "dmean": 0.000759669695981,
        "dmean2": 0.00118894921616,
        "dvar": 4.46040729685e-07,
        "dvar2": 1.31754245558e-06,
        "max": 0.00612477213144,
        "mean": 0.00183183327317,
        "median": 0.00168092502281,
        "min": 3.28457063006e-05,
        "var": 8.00810880719e-07
    },
    "spectral_energyband_middle_low": {
        "dmean": 0.0146107701585,
        "dmean2": 0.0236956775188,
        "dvar": 0.000191178784007,
        "dvar2": 0.000507175631355,
        "max": 0.0974037945271,
        "mean": 0.0279633067548,
        "median": 0.0223838742822,
        "min": 0.000581018859521,
        "var": 0.000365604704712
    },
    "spectral_entropy": {
        "dmean": 0.199806749821,
        "dmean2": 0.322747975588,
        "dvar": 0.0398147515953,
        "dvar2": 0.0807051807642,
        "max": 8.31621932983,
        "mean": 6.64574670792,
        "median": 6.65707206726,
        "min": 6.0700969696,
        "var": 0.0701260194182
    },
    "spectral_flux": {
        "dmean": 0.0372779555619,
        "dmean2": 0.0628580898046,
        "dvar": 0.000868568953592,
        "dvar2": 0.00253494922072,
        "max": 0.256354480982,
        "mean": 0.105441987514,
        "median": 0.0999329760671,
        "min": 0.0523857437074,
        "var": 0.00129808031488
    },
    "spectral_kurtosis": {
        "dmean": 6.00517368317,
        "dmean2": 10.7614459991,
        "dvar": 17.7205410004,
        "dvar2": 58.0524711609,
        "max": 22.1833457947,
        "mean": 10.0165729523,
        "median": 9.10758781433,
        "min": 2.13265991211,
        "var": 24.6192054749
    },
    "spectral_rms": {
        "dmean": 0.00117532233708,
        "dmean2": 0.00193491589744,
        "dvar": 9.89370846582e-07,
        "dvar2": 2.17322212848e-06,
        "max": 0.0101915309206,
        "mean": 0.00724901584908,
        "median": 0.00731647526845,
        "min": 0.000801980902907,
        "var": 1.39561132073e-06
    },
    "spectral_rolloff": {
        "dmean": 78.7756347656,
        "dmean2": 148.561004639,
        "dvar": 19957.4648438,
        "dvar2": 52644.265625,
        "max": 645.99609375,
        "mean": 247.008972168,
        "median": 215.33203125,
        "min": 107.666015625,
        "var": 15834.6142578
    },
    "spectral_skewness": {
        "dmean": 0.524327039719,
        "dmean2": 0.92353874445,
        "dvar": 0.141486078501,
        "dvar2": 0.432774066925,
        "max": 3.62986660004,
        "mean": 1.96844255924,
        "median": 1.87067627907,
        "min": 1.25611913204,
        "var": 0.205008849502
    },
    "spectral_spread": {
        "dmean": 437984.21875,
        "dmean2": 539498.1875,
        "dvar": 3.30165046477e+12,
        "dvar2": 1.39627187405e+12,
        "max": 28942630,
        "mean": 2484607.5,
        "median": 2163135.5,
        "min": 1725192.625,
        "var": 6.44089013862e+12
    },
    "spectral_strongpeak": {
        "dmean": 0.338208585978,
        "dmean2": 0.565091967583,
        "dvar": 0.0822832584381,
        "dvar2": 0.213391855359,
        "max": 2.08649730682,
        "mean": 0.933986246586,
        "median": 0.880506575108,
        "min": 0.0283618234098,
        "var": 0.176910355687
    },
    "zerocrossingrate": {
        "dmean": 0.00290527334437,
        "dmean2": 0.00388163072057,
        "dvar": 6.2578901634e-06,
        "dvar2": 1.24572634377e-05,
        "max": 0.03271484375,
        "mean": 0.0145435174927,
        "median": 0.01416015625,
        "min": 0.0029296875,
        "var": 2.1139274395e-05
    },
    "barkbands": {
        "dmean": [3.81365352951e-05, 0.00825007632375, 0.00788715016097, 0.00287650129758, 0.0123277129605, 9.91922352114e-05, 5.71139717067e-05, 0.000629044545349, 0.000949687033426, 0.000404873600928, 6.85559207341e-05, 0.000178924965439, 8.92794651008e-06, 0.000155472647748, 0.000123406600324, 0.000105120860098, 5.59168183827e-05, 4.59877119283e-05, 2.0131956262e-05, 4.72956298836e-06, 4.19241632699e-06, 1.4152968788e-06, 2.69340404202e-07, 7.51910036456e-08, 3.89370704568e-08, 2.59953498727e-08, 2.37655566337e-08],
        "dmean2": [6.30437862128e-05, 0.0146224787459, 0.0130211086944, 0.00496215419844, 0.0197287946939, 0.000165911376826, 9.65222279774e-05, 0.0010415740544, 0.0015976827126, 0.000686889572535, 0.000126438302686, 0.000306119443849, 1.4853245375e-05, 0.000245925039053, 0.000191283557797, 0.000167513513588, 9.85048827715e-05, 7.35168141546e-05, 3.28800124407e-05, 7.940742762e-06, 6.83327334627e-06, 2.18429886445e-06, 4.77579021663e-07, 1.14792705119e-07, 5.68017739511e-08, 3.62317216229e-08, 3.19434150242e-08],
        "dvar": [2.13616746514e-09, 6.21814760962e-05, 4.38755523646e-05, 6.26096834822e-06, 0.000139875803143, 5.33116661927e-09, 2.79432876837e-09, 3.42569421719e-07, 5.86120336266e-07, 1.66524941392e-07, 4.2326626648e-09, 3.69272150635e-08, 5.16398555861e-11, 2.65999968718e-08, 1.93186515673e-08, 1.40207223609e-08, 2.58761478911e-09, 1.8846160188e-09, 2.66952210337e-10, 2.16924655322e-11, 1.63926355129e-11, 1.98386793104e-12, 7.23178773267e-14, 2.54165720588e-14, 2.36136183849e-14, 2.3841143293e-14, 2.65300188908e-14],
        "dvar2": [5.41221512051e-09, 0.000190375300008, 0.000114512055006, 1.50554524225e-05, 0.000378668686608, 1.28493402585e-08, 6.92227963839e-09, 1.03107879568e-06, 1.54287829446e-06, 4.85542329898e-07, 1.15830545155e-08, 9.93344713152e-08, 1.32909461215e-10, 5.54888224258e-08, 4.62951774693e-08, 3.7301923328e-08, 7.68097851989e-09, 4.74866634903e-09, 7.45907779987e-10, 5.80561328178e-11, 4.58499557765e-11, 4.30038947161e-12, 1.74919310265e-13, 3.40097721307e-14, 2.78684020983e-14, 2.68896995734e-14, 2.99224180318e-14],
        "max": [0.000351469934685, 0.0405299887061, 0.0374891608953, 0.0177272595465, 0.0776596963406, 0.000628063455224, 0.000339412363246, 0.00331349950284, 0.00405015144497, 0.0029856453184, 0.000339560443535, 0.0017639962025, 4.3299056415e-05, 0.00136215123348, 0.00108308205381, 0.000930830428842, 0.000332146853907, 0.000302318687318, 0.000111569323053, 3.28946298396e-05, 3.28580972564e-05, 1.18559337352e-05, 1.8580814185e-06, 1.73082628407e-06, 1.62466619713e-06, 1.60633487667e-06, 1.71135422988e-06],
        "mean": [5.07721597387e-05, 0.0129799172282, 0.0126200262457, 0.00527613703161, 0.0198966618627, 0.00020547035092, 0.000103076257801, 0.000933434057515, 0.00132740428671, 0.00061278505018, 8.37807456264e-05, 0.000224675022764, 1.54806366481e-05, 0.000289913383313, 0.000212345650652, 0.000189640661119, 0.000107234438474, 9.17227807804e-05, 4.47904822067e-05, 1.17985246106e-05, 1.07760961328e-05, 4.03705780627e-06, 3.14937892654e-07, 1.92952910538e-07, 7.82760878337e-08, 3.91758838703e-08, 4.92554157461e-08],
        "median": [2.54441165453e-05, 0.0110265463591, 0.0108484849334, 0.00427376152948, 0.01537996158, 0.000191902276129, 8.30984208733e-05, 0.000737641414162, 0.00107291666791, 0.000516252592206, 6.80530793034e-05, 0.00014600585564, 1.21226239571e-05, 0.000238178909058, 0.00014432669559, 0.000133272464154, 9.82761339401e-05, 7.32170519768e-05, 4.32547894889e-05, 1.09877073555e-05, 9.8222762972e-06, 3.20080266647e-06, 2.34408872757e-07, 1.62161654771e-07, 4.71760408516e-08, 1.28608892425e-08, 2.45546942779e-08],
        "min": [1.12185389867e-07, 2.50732546192e-06, 2.13771145354e-05, 0.00013581305393, 0.000268534407951, 3.7314293877e-05, 1.67911912285e-05, 3.00615101878e-05, 4.23177334596e-05, 1.19682563309e-05, 3.77193782697e-06, 1.13834937565e-06, 1.2515384924e-06, 9.90497483144e-07, 3.08487256007e-06, 3.65662140211e-06, 2.98431518786e-06, 4.69514498036e-06, 1.03183720057e-06, 1.26085058128e-06, 1.506393005e-06, 6.84844337684e-07, 7.29888114392e-08, 6.55045866438e-08, 2.16493045713e-08, 4.36063540832e-09, 1.37831319691e-08],
        "var": [4.21161905351e-09, 9.62705162237e-05, 8.71916054166e-05, 1.37031911436e-05, 0.000249551929301, 1.04375050825e-08, 3.7422451804e-09, 5.65513744277e-07, 8.29737132335e-07, 2.0737337536e-07, 4.10963796327e-09, 5.49985017528e-08, 9.49933257055e-11, 4.87209739219e-08, 3.939547355e-08, 2.23788347853e-08, 3.80181086612e-09, 3.37743522039e-09, 5.07153707918e-10, 3.00732216907e-11, 3.22962559474e-11, 5.84058929692e-12, 7.26348438319e-14, 3.0240980347e-14, 2.67243248608e-14, 2.64384004191e-14, 2.95084730305e-14]
    },
    "erbbands": {
        "dmean": [0.112827181816, 2.29553818703, 9.50371360779, 4.3690328598, 48.2906265259, 22.6928195953, 1.7857452631, 0.813030123711, 0.7430087924, 1.58499145508, 24.7609844208, 15.836558342, 12.6296129227, 4.31541538239, 5.4844379425, 4.17278909683, 0.5848929286, 3.86781406403, 11.8931779861, 3.66184997559, 4.75365877151, 3.47393727303, 1.57994067669, 2.17340803146, 0.632816076279, 0.200149685144, 0.206132382154, 0.145044416189, 0.0450625792146, 0.0105403307825, 0.00692092906684, 0.00221851514652, 0.00106226024218, 0.000533020182047, 0.000230866804486, 0.000123562072986, 4.30972540926e-05, 1.37517645271e-05, 1.00821844171e-05, 1.86210763786e-05],
        "dmean2": [0.190742716193, 3.98787617683, 15.6169996262, 7.26102590561, 76.6653671265, 38.8906326294, 3.12698125839, 1.36106991768, 1.23675262928, 2.59960794449, 42.3889274597, 27.1729507446, 21.5788478851, 7.42278194427, 9.79557514191, 7.28412008286, 0.937888383865, 5.93229436874, 17.6847610474, 5.85186052322, 7.75536298752, 6.05647277832, 2.48456144333, 3.59405612946, 1.02785992622, 0.336506158113, 0.351238071918, 0.226815402508, 0.0666367337108, 0.0174441151321, 0.0119807450101, 0.00349771673791, 0.00161930604372, 0.000782232033089, 0.000324127933709, 0.000175691951881, 5.80463201914e-05, 1.8220865968e-05, 1.56500136654e-05, 3.10521936626e-05],
        "dvar": [0.0121809635311, 4.78852176666, 61.0722045898, 14.2042446136, 2148.15673828, 494.663543701, 2.13124608994, 0.355873078108, 0.455316603184, 2.1874768734, 490.510162354, 183.325439453, 146.765487671, 18.3747787476, 25.1591186523, 19.3765602112, 0.244133383036, 9.7378282547, 227.476898193, 19.2308731079, 20.0314445496, 12.0557641983, 1.90368199348, 3.07948803902, 0.320681601763, 0.0329513289034, 0.0487726740539, 0.014541303739, 0.0012361719273, 0.000101781544799, 4.67415702587e-05, 1.22493811432e-05, 6.56097336105e-06, 3.06046172227e-06, 1.18435627883e-06, 3.71805441546e-07, 8.2129048451e-08, 1.04718624883e-08, 4.78283634919e-10, 1.96403657227e-10],
        "dvar2": [0.0399478860199, 14.8427467346, 158.521286011, 34.7922744751, 5582.80859375, 1297.5135498, 5.79309511185, 0.870436608791, 1.21186447144, 6.09643363953, 1199.31286621, 474.540679932, 435.961669922, 52.170917511, 67.9473876953, 49.9634780884, 0.63277888298, 24.4349002838, 442.537384033, 50.9609298706, 54.7786598206, 35.2789611816, 4.87730884552, 8.75848960876, 0.813017189503, 0.0787542611361, 0.136842563748, 0.0316114835441, 0.00295100314543, 0.00022302668367, 0.00011060408724, 1.973268445e-05, 8.03406237537e-06, 3.66020071851e-06, 1.35807272272e-06, 4.26483069305e-07, 9.20453260278e-08, 1.17606582251e-08, 5.79463588224e-10, 5.04498942622e-10],
        "max": [0.812995612621, 11.3658237457, 48.6821403503, 29.335849762, 340.359069824, 123.731170654, 9.00202083588, 4.14979124069, 5.02198839188, 10.8203268051, 130.037277222, 72.0163497925, 84.700340271, 32.7030563354, 41.9553718567, 39.4225311279, 4.15144109726, 23.9710578918, 116.025756836, 39.19298172, 35.7748336792, 24.767080307, 10.1939334869, 11.8194599152, 5.34327793121, 1.70458376408, 1.5841370821, 1.30939388275, 0.355675578117, 0.0746268257499, 0.0526970438659, 0.0372300744057, 0.0280951075256, 0.0188849046826, 0.0113883493468, 0.00635250611231, 0.00299779442139, 0.00106714048889, 0.000252051628195, 0.000117435694847],
        "mean": [0.151745647192, 3.76709342003, 16.3408355713, 11.6380615234, 87.786239624, 30.4752349854, 3.34184908867, 1.68810117245, 1.62068760395, 2.6794667244, 39.2622718811, 24.2055683136, 19.7253704071, 7.19691371918, 7.63618183136, 5.90819740295, 1.27948129177, 7.38322496414, 21.9682407379, 6.90114021301, 9.66194915771, 6.73796701431, 3.85966897011, 4.58978557587, 1.56677103043, 0.548839688301, 0.440986394882, 0.417216539383, 0.141166746616, 0.0271653290838, 0.00949211139232, 0.00507502211258, 0.00259533058852, 0.00119314657059, 0.000431283813668, 0.000237427171669, 7.28352024453e-05, 2.22694325203e-05, 3.12789161399e-05, 6.1422419094e-05],
        "median": [0.116526447237, 3.21434426308, 13.463727951, 11.4867200851, 60.6505012512, 24.34856987, 3.08754706383, 1.49819171429, 1.36625885963, 2.38572525978, 33.581073761, 20.4223041534, 17.3784008026, 5.79015016556, 5.9881529808, 4.15701961517, 1.21066868305, 6.54468727112, 14.2428922653, 5.51624774933, 7.17564630508, 5.75083971024, 3.38981437683, 3.85737228394, 1.41301226616, 0.506734549999, 0.350975334644, 0.373194664717, 0.131448715925, 0.0246685221791, 0.00756612513214, 0.0044228839688, 0.00209631002508, 0.000849573756568, 0.000218819099246, 0.000127610561321, 2.76570463029e-05, 6.8314066084e-06, 2.74964313576e-05, 6.04943779763e-05],
        "min": [3.05872417812e-05, 0.00130531471223, 0.0318155102432, 0.267628461123, 0.828976511955, 0.871324062347, 0.414474546909, 0.295205414295, 0.5137758255, 0.454402595758, 1.26776862144, 0.961628854275, 0.505281567574, 0.240096867085, 0.111862801015, 0.0594933964312, 0.0668627098203, 0.0549975372851, 0.162322610617, 0.121732458472, 0.204895347357, 0.182893589139, 0.198103576899, 0.181344985962, 0.0562681630254, 0.0540444031358, 0.0467488691211, 0.065694026649, 0.030494324863, 0.00812542252243, 0.00241243815981, 0.00139997107908, 0.00088298600167, 0.000422342127422, 0.000116787901788, 6.36666227365e-05, 1.71242318174e-05, 3.6409292079e-06, 1.3545368347e-05, 9.8228938441e-06],
        "var": [0.0165445022285, 7.95847034454, 144.234924316, 24.7194805145, 4606.64306641, 636.379089355, 3.6217238903, 0.645129263401, 0.670545041561, 2.74970984459, 830.18762207, 239.424591064, 183.970855713, 22.896364212, 33.2150421143, 28.8447914124, 0.428336858749, 20.2284221649, 489.075866699, 24.1982955933, 39.9326210022, 17.2994174957, 4.00136137009, 5.42706251144, 0.607401371002, 0.0615970157087, 0.0726677179337, 0.0524452999234, 0.0039291838184, 0.000155524539878, 5.11436628585e-05, 1.47878781718e-05, 7.81442122388e-06, 3.46851606992e-06, 1.33574940264e-06, 4.14242407487e-07, 9.09266830718e-08, 1.15919362997e-08, 5.65148206011e-10, 2.94414909119e-10]
    },
    "gfcc": {
        "mean": [-70.3328857422, 196.554397583, -128.074172974, 41.8229064941, -13.0314273834, -9.68440818787, -5.69231987, -4.14673042297, -7.45918369293, -26.3191814423, -27.8298721313, -27.2855758667, -2.02169251442],
        "cov": [[258.025360107, 86.2182159424, -80.8394699097, -0.844746887684, 20.1682720184, 9.60393714905, 7.1404542923, -11.2140254974, -1.45743203163, 1.53136897087, -14.8748598099, -24.6102218628, 10.1608114243], [86.2182159424, 201.059906006, -75.5010910034, 31.4206256866, 74.3543930054, 12.1768474579, 80.9526672363, -7.38354921341, 28.9807910919, -19.3573169708, 20.1973304749, -16.9373435974, 33.862865448], [-80.8394699097, -75.5010910034, 134.953353882, 2.72595000267, -15.4145259857, 4.88940477371, -18.9747829437, 24.0043411255, 4.09968805313, 20.4401302338, 0.512624382973, 5.0741353035, -26.3995018005], [-0.844746887684, 31.4206256866, 2.72595000267, 81.6835708618, 40.6854019165, 5.29572343826, 21.1865959167, 3.90013003349, 25.9631462097, 6.28447294235, 21.0774097443, 3.54377412796, 13.9682922363], [20.1682720184, 74.3543930054, -15.4145259857, 40.6854019165, 73.9953460693, 24.9383544922, 40.6698570251, 5.71939992905, 21.1713428497, 6.15556621552, 19.6601600647, 3.99042248726, 23.3859043121], [9.60393714905, 12.1768474579, 4.88940477371, 5.29572343826, 24.9383544922, 45.1032524109, 27.0913200378, 12.1152915955, 9.28024482727, 9.88930225372, 11.6279096603, 11.4497032166, 8.23002147675], [7.1404542923, 80.9526672363, -18.9747829437, 21.1865959167, 40.6698570251, 27.0913200378, 74.4807434082, 18.8005752563, 23.9307327271, 4.81543254852, 16.2365589142, 7.0081577301, 20.5936393738], [-11.2140254974, -7.38354921341, 24.0043411255, 3.90013003349, 5.71939992905, 12.1152915955, 18.8005752563, 59.6956291199, 30.3755187988, 29.4325771332, 10.5850687027, 5.55567836761, -2.53517007828], [-1.45743203163, 28.9807910919, 4.09968805313, 25.9631462097, 21.1713428497, 9.28024482727, 23.9307327271, 30.3755187988, 48.2379684448, 21.9332199097, 11.8704624176, -0.976791203022, 0.68897664547], [1.53136897087, -19.3573169708, 20.4401302338, 6.28447294235, 6.15556621552, 9.88930225372, 4.81543254852, 29.4325771332, 21.9332199097, 49.8847618103, 7.98664665222, -3.20886588097, 1.46029055119], [-14.8748598099, 20.1973304749, 0.512624382973, 21.0774097443, 19.6601600647, 11.6279096603, 16.2365589142, 10.5850687027, 11.8704624176, 7.98664665222, 26.3869228363, 8.64750289917, 2.66977834702], [-24.6102218628, -16.9373435974, 5.0741353035, 3.54377412796, 3.99042248726, 11.4497032166, 7.0081577301, 5.55567836761, -0.976791203022, -3.20886588097, 8.64750289917, 31.9793739319, 7.36407995224], [10.1608114243, 33.862865448, -26.3995018005, 13.9682922363, 23.3859043121, 8.23002147675, 20.5936393738, -2.53517007828, 0.68897664547, 1.46029055119, 2.66977834702, 7.36407995224, 40.7943191528]],
        "icov": [[0.0088774189353, -0.0106683326885, 0.00472343433648, -0.005926982034, 0.00339673249982, -0.00902212783694, 0.00952749326825, -0.00436054356396, 0.00796319544315, -0.00885693728924, 0.0147577570751, -0.00354020553641, 0.00637879176065], [-0.0106683326885, 0.0403684005141, -0.00112297979649, 0.0163693502545, -0.0201290454715, 0.0208135209978, -0.0324906483293, 0.0115753831342, -0.0226592328399, 0.0265788342804, -0.0337053388357, 0.0264447461814, -0.0158590432256], [0.00472343433648, -0.00112297979649, 0.0139974337071, -0.00537684792653, -0.000520236266311, -0.00559836020693, 0.00355966552161, -0.00560110574588, 0.00587420118973, -0.00591854238883, 0.00909184385091, -0.00143243907951, 0.00971384346485], [-0.005926982034, 0.0163693502545, -0.00537684792653, 0.0307623911649, -0.0159297809005, 0.015601310879, -0.0119490837678, 0.0112634338439, -0.0219936277717, 0.0135537674651, -0.028686683625, 0.0101659037173, -0.0134794758633], [0.00339673249982, -0.0201290454715, -0.000520236266311, -0.0159297809005, 0.0418441332877, -0.0196827743202, 0.00976011436433, -0.00172197690699, 0.00584611995146, -0.0108216172084, 0.00580118270591, -0.00806625280529, -0.00270517985336], [-0.00902212783694, 0.0208135209978, -0.00559836020693, 0.015601310879, -0.0196827743202, 0.0499295704067, -0.0266718473285, 0.00759393768385, -0.0107907606289, 0.00829960312694, -0.0246455222368, 0.00125753390603, -0.00757699273527], [0.00952749326825, -0.0324906483293, 0.00355966552161, -0.0119490837678, 0.00976011436433, -0.0266718473285, 0.0533515959978, -0.0157228019089, 0.01070935186, -0.0142841385677, 0.0226134806871, -0.0181153900921, 0.00498866150156], [-0.00436054356396, 0.0115753831342, -0.00560110574588, 0.0112634338439, -0.00172197690699, 0.00759393768385, -0.0157228019089, 0.039545096457, -0.0246467702091, -0.00403973646462, -0.0159068424255, 0.000707944505848, -0.00467998208478], [0.00796319544315, -0.0226592328399, 0.00587420118973, -0.0219936277717, 0.00584611995146, -0.0107907606289, 0.01070935186, -0.0246467702091, 0.0606289729476, -0.0257847588509, 0.0252371914685, -0.0115512376651, 0.0203781891614], [-0.00885693728924, 0.0265788342804, -0.00591854238883, 0.0135537674651, -0.0108216172084, 0.00829960312694, -0.0142841385677, -0.00403973646462, -0.0257847588509, 0.0537390187383, -0.0326813794672, 0.027209918946, -0.02109991014], [0.0147577570751, -0.0337053388357, 0.00909184385091, -0.028686683625, 0.00580118270591, -0.0246455222368, 0.0226134806871, -0.0159068424255, 0.0252371914685, -0.0326813794672, 0.100919120014, -0.0355104357004, 0.0298003740609], [-0.00354020553641, 0.0264447461814, -0.00143243907951, 0.0101659037173, -0.00806625280529, 0.00125753390603, -0.0181153900921, 0.000707944505848, -0.0115512376651, 0.027209918946, -0.0355104357004, 0.0630449056625, -0.0217538736761], [0.00637879176065, -0.0158590432256, 0.00971384346485, -0.0134794758633, -0.00270517985336, -0.00757699273527, 0.00498866150156, -0.00467998208478, 0.0203781891614, -0.02109991014, 0.0298003740609, -0.0217538736761, 0.0496484860778]]
    },
    "melbands": {
        "dmean": [0.00162122340407, 0.00412696227431, 0.00178903376218, 0.00314804865047, 9.30641108425e-05, 1.84963300853e-05, 1.10004011731e-05, 1.54871122504e-05, 0.000248659984209, 8.5699459305e-05, 6.56551274005e-05, 2.11997830775e-05, 1.46635047713e-05, 2.34602357523e-05, 2.31139756579e-06, 1.80513973191e-06, 7.37434766052e-06, 2.41552024818e-05, 3.81225254387e-06, 6.83707503413e-06, 5.46236924492e-06, 3.51397829945e-06, 2.5500639822e-06, 2.44279772232e-06, 1.82210033017e-06, 6.76252057019e-07, 3.37529399985e-07, 1.31526476821e-07, 1.04416734814e-07, 1.23479807712e-07, 8.91580995699e-08, 3.06045855325e-08, 1.12426272736e-08, 6.07196293245e-09, 5.37070388162e-09, 1.7734481661e-09, 1.28282029443e-09, 8.61019144871e-10, 6.35959063189e-10, 4.0571029869e-10],
        "dmean2": [0.00288084382191, 0.00695906532928, 0.00295874173753, 0.00507848663256, 0.000166916535818, 3.04515160678e-05, 1.80844672286e-05, 2.68717631116e-05, 0.000429037114372, 0.000148185456055, 0.000112352019642, 3.63198814739e-05, 2.68280291493e-05, 4.02581390517e-05, 3.99892451242e-06, 2.92909885502e-06, 1.17677227536e-05, 3.60577723768e-05, 6.14217833572e-06, 1.13585365398e-05, 8.39699623612e-06, 6.1653222474e-06, 4.35112633568e-06, 4.10275697504e-06, 3.03559727399e-06, 1.10320536351e-06, 5.52676908683e-07, 2.19784126898e-07, 1.76647148464e-07, 2.04405978366e-07, 1.35046889227e-07, 4.60419755655e-08, 1.71706773244e-08, 1.0620450297e-08, 9.5376071485e-09, 2.95601920719e-09, 2.06549355397e-09, 1.33126853985e-09, 9.69314628563e-10, 6.00129890227e-10],
        "dvar": [2.28233989219e-06, 1.15458115033e-05, 3.25419250657e-06, 9.25423410081e-06, 8.94993679168e-09, 1.70680053424e-10, 9.88376741562e-11, 1.95817778659e-10, 4.93822440717e-08, 5.47762857295e-09, 4.13622647244e-09, 4.94714436083e-10, 1.66194141782e-10, 6.4578181691e-10, 4.27010336812e-12, 3.81424102372e-12, 3.24499489779e-11, 9.36803079554e-10, 9.69318982719e-12, 6.37047567476e-11, 2.36282989702e-11, 1.17591804349e-11, 8.10318132038e-12, 5.92625124321e-12, 2.1608854029e-12, 3.99195352338e-13, 1.03525139307e-13, 1.23602944015e-14, 1.14247685341e-14, 1.52835050524e-14, 5.40448609666e-15, 7.35086002451e-16, 1.10812529459e-16, 3.55347096596e-17, 2.79641144655e-17, 6.15925012039e-18, 4.10732645414e-18, 3.58761177041e-18, 2.57489371928e-18, 2.04815689253e-18],
        "dvar2": [7.01298540662e-06, 3.00909232465e-05, 7.4527738434e-06, 2.51017372648e-05, 2.64025725727e-08, 4.3368283964e-10, 2.59334748121e-10, 5.50853918035e-10, 1.14411626839e-07, 1.4278087157e-08, 1.22202177266e-08, 1.40136446891e-09, 4.44623809992e-10, 1.72128911125e-09, 1.01516451495e-11, 9.94532581289e-12, 9.63706753287e-11, 1.79890957686e-09, 2.47526981551e-11, 1.76415798636e-10, 6.39121117141e-11, 3.37773628512e-11, 2.38626566423e-11, 1.41723429867e-11, 6.05452537064e-12, 9.5531709713e-13, 2.87187591416e-13, 3.02995171e-14, 3.26563185131e-14, 4.33734265951e-14, 1.16735514281e-14, 1.72399559194e-15, 2.18282944841e-16, 9.10920605824e-17, 7.07443638082e-17, 9.98362910625e-18, 6.49025223276e-18, 4.59479308811e-18, 3.16644717806e-18, 2.4380296559e-18],
        "max": [0.00932782422751, 0.0204526670277, 0.0147966733202, 0.0191501472145, 0.000552353216335, 0.000100643555925, 7.47315643821e-05, 9.7394338809e-05, 0.00129322626162, 0.000387850828702, 0.000450077175628, 0.000172553467564, 7.92243081378e-05, 0.000233253333136, 1.43683364513e-05, 1.46395386764e-05, 3.83119913749e-05, 0.000230953664868, 2.30252517213e-05, 6.87400606694e-05, 3.85054700018e-05, 2.31021022046e-05, 2.04518419196e-05, 1.73730131792e-05, 9.23009156395e-06, 5.85917632634e-06, 2.31755188906e-06, 1.34903120852e-06, 7.28027373498e-07, 9.46874592955e-07, 7.59606280099e-07, 2.47237011308e-07, 8.34639095615e-08, 3.62624170691e-08, 3.16725099481e-08, 2.63821515745e-08, 2.08781631983e-08, 2.06199946007e-08, 1.73124909963e-08, 1.53684585058e-08],
        "mean": [0.00242750789039, 0.00741918385029, 0.00462746247649, 0.00488140946254, 0.000146183811012, 3.73430993932e-05, 2.49021086347e-05, 2.29568613577e-05, 0.000396464427467, 0.000124108220916, 9.94189322228e-05, 3.43276660715e-05, 1.95571392396e-05, 2.99658768199e-05, 3.97223175241e-06, 3.16308205583e-06, 1.22858864415e-05, 4.35264046246e-05, 7.88564193499e-06, 1.042184158e-05, 1.1260138308e-05, 6.6044290179e-06, 4.38392771684e-06, 4.31855642091e-06, 3.78911590815e-06, 1.36882181323e-06, 6.99210545463e-07, 2.83066299289e-07, 2.17407588821e-07, 2.92584019235e-07, 2.32360790164e-07, 8.97025032032e-08, 2.89564265898e-08, 9.21847309598e-09, 5.92456927961e-09, 3.32246696821e-09, 2.9512323696e-09, 1.93214688693e-09, 1.32267474751e-09, 8.52961756781e-10],
        "median": [0.00195363420062, 0.00638065813109, 0.00368070602417, 0.00374477659352, 0.000127336475998, 3.22646701534e-05, 2.22902108362e-05, 2.02854716917e-05, 0.000333265517838, 0.000106251733087, 8.79716826603e-05, 2.77830968116e-05, 1.66437166627e-05, 1.88334124687e-05, 3.36856692229e-06, 2.67499967777e-06, 1.10167657112e-05, 2.85605874524e-05, 6.82133122609e-06, 7.45076022213e-06, 9.16261433304e-06, 5.65414620723e-06, 3.63023400496e-06, 3.20055210068e-06, 3.20441949953e-06, 1.11736039798e-06, 6.29900910099e-07, 2.33278470319e-07, 1.8122166523e-07, 2.60140836872e-07, 2.01128429467e-07, 7.94787524683e-08, 2.56529535392e-08, 7.6612636235e-09, 4.31939906065e-09, 2.94126434319e-09, 2.48928277991e-09, 1.51846424323e-09, 9.63654045449e-10, 5.64050528506e-10],
        "min": [4.15246546481e-07, 1.08876938612e-05, 6.27468034509e-05, 6.7321532697e-05, 1.26124377857e-05, 6.81609162712e-06, 6.89720809532e-06, 2.28803901337e-06, 1.08000167529e-05, 5.47536728845e-06, 2.3961356419e-06, 1.00347381249e-06, 4.52295751074e-07, 1.40955080496e-07, 1.2980063957e-07, 1.60111554237e-07, 7.81127127425e-08, 2.5379915769e-07, 1.68746225881e-07, 2.15124472902e-07, 2.26397162351e-07, 1.76856673306e-07, 1.68289957969e-07, 2.3164378149e-07, 1.42320914165e-07, 2.82855818767e-08, 5.26861008154e-08, 3.01500122646e-08, 2.82560108644e-08, 3.41486199318e-08, 3.60333345384e-08, 1.71122742643e-08, 5.19812370925e-09, 1.86755011455e-09, 1.13863063422e-09, 6.62693178111e-10, 8.97211138717e-10, 5.914371215e-10, 3.61065566334e-10, 2.44145564876e-10],
        "var": [3.33958655574e-06, 2.77506551356e-05, 7.22586810298e-06, 1.53948858497e-05, 1.06191988536e-08, 3.45097311838e-10, 1.52727747116e-10, 2.34047531356e-10, 8.18533436586e-08, 6.6778649277e-09, 5.10715114643e-09, 6.15370920887e-10, 1.87611662317e-10, 9.67688040809e-10, 5.72410912072e-12, 5.87191103033e-12, 6.01171751269e-11, 1.99425009839e-09, 2.062987281e-11, 8.20564519111e-11, 5.6617113775e-11, 1.7073302841e-11, 9.08012814244e-12, 9.61537446886e-12, 3.6815325094e-12, 7.66042719709e-13, 1.34934232299e-13, 3.48016462924e-14, 1.80999556705e-14, 2.50787566847e-14, 2.22215265123e-14, 2.10864955867e-15, 2.53814163799e-16, 3.90974758195e-17, 2.74849155018e-17, 7.27797508933e-18, 5.11865153312e-18, 4.2396819696e-18, 3.10559418873e-18, 2.27944031411e-18]
    },
    "mfcc": {
        "mean": [-711.557189941, 215.27772522, -31.5488929749, 58.8974227905, 12.3577976227, 11.8855361938, 7.35643339157, 16.3788528442, 23.4386959076, 4.31534099579, 0.673395812511, -14.4301490784, -20.7907085419],
        "cov": [[315.68637085, 87.9365921021, -113.819801331, 15.2602176666, -10.4722557068, 30.576128006, 5.22303676605, -0.517081677914, 14.5857801437, 5.54097700119, -10.6535358429, -11.1880941391, -15.4281415939], [87.9365921021, 136.179168701, -58.5738945007, 10.5169010162, 1.71844887733, 20.3618888855, 44.9731521606, 15.9513492584, 38.1604881287, -0.704578638077, 11.9853839874, -3.70395565033, 2.59029173851], [-113.819801331, -58.5738945007, 108.91268158, -7.1222653389, 6.61801052094, -13.4024095535, -18.0697040558, -0.888465344906, -16.6414737701, 17.010011673, 13.8765048981, 6.72214221954, 6.80077362061], [15.2602176666, 10.5169010162, -7.1222653389, 69.3173141479, 24.9266891479, 13.6103258133, 9.95413589478, 4.76993703842, 13.1054668427, 7.28534555435, 13.4373044968, 14.8973455429, 0.440036803484], [-10.4722557068, 1.71844887733, 6.61801052094, 24.9266891479, 43.9809074402, 13.2368326187, 5.51080751419, 6.43692922592, 0.103560641408, 9.11905384064, 10.8689966202, 12.3728809357, 4.96514749527], [30.576128006, 20.3618888855, -13.4024095535, 13.6103258133, 13.2368326187, 46.7235565186, 21.3789672852, 11.010725975, 5.80644369125, -2.15717196465, 1.16098380089, -1.12206506729, 4.67852210999], [5.22303676605, 44.9731521606, -18.0697040558, 9.95413589478, 5.51080751419, 21.3789672852, 53.6210708618, 11.7013282776, 21.351556778, -1.65160644054, 4.79508256912, 10.0966100693, 3.95867991447], [-0.517081677914, 15.9513492584, -0.888465344906, 4.76993703842, 6.43692922592, 11.010725975, 11.7013282776, 48.4542808533, 9.10379695892, -2.34803533554, 8.2734413147, 0.302804857492, 18.882806778], [14.5857801437, 38.1604881287, -16.6414737701, 13.1054668427, 0.103560641408, 5.80644369125, 21.351556778, 9.10379695892, 57.8865623474, 13.1817731857, 7.0132894516, 12.9793996811, 16.361032486], [5.54097700119, -0.704578638077, 17.010011673, 7.28534555435, 9.11905384064, -2.15717196465, -1.65160644054, -2.34803533554, 13.1817731857, 47.9365386963, 20.4341049194, 9.16606712341, 5.65314340591], [-10.6535358429, 11.9853839874, 13.8765048981, 13.4373044968, 10.8689966202, 1.16098380089, 4.79508256912, 8.2734413147, 7.0132894516, 20.4341049194, 47.2711715698, 21.1712093353, 2.74744319916], [-11.1880941391, -3.70395565033, 6.72214221954, 14.8973455429, 12.3728809357, -1.12206506729, 10.0966100693, 0.302804857492, 12.9793996811, 9.16606712341, 21.1712093353, 47.0402679443, 14.8497638702], [-15.4281415939, 2.59029173851, 6.80077362061, 0.440036803484, 4.96514749527, 4.67852210999, 3.95867991447, 18.882806778, 16.361032486, 5.65314340591, 2.74744319916, 14.8497638702, 42.8622169495]],
