{
"lowlevel": {
    "average_loudness": 0.988733947277,
    "barkbands_crest": {
        "dmean": 4.18257474899,
        "dmean2": 7.08819293976,
        "dvar": 9.94739723206,
        "dvar2": 26.6500968933,
        "max": 21.1006793976,
        "mean": 11.6505146027,
        "median": 11.5296936035,
        "min": 4.5465297699,
        "var": 13.7175779343
    },
    "barkbands_flatness_db": {
        "dmean": 0.0258269514889,
        "dmean2": 0.0424603745341,
        "dvar": 0.000356204982381,
        "dvar2": 0.000990883214399,
        "max": 0.252203941345,
        "mean": 0.170206725597,
        "median": 0.168822318316,
        "min": 0.0877047255635,
        "var": 0.00064773397753
    },
    "barkbands_kurtosis": {
        "dmean": 2.08420348167,
        "dmean2": 3.55487060547,
        "dvar": 4.71282672882,
        "dvar2": 11.4486169815,
        "max": 13.1749038696,
        "mean": 1.32874667645,
        "median": 0.76176404953,
        "min": -1.60228955746,
        "var": 6.2967915535
    },
    "barkbands_skewness": {
        "dmean": 0.622773110867,
        "dmean2": 1.0343837738,
        "dvar": 0.257328569889,
        "dvar2": 0.659960150719,
        "max": 3.48454260826,
        "mean": 1.38745701313,
        "median": 1.35168349743,
        "min": -0.397450506687,
        "var": 0.460462510586
    },
    "barkbands_spread": {
        "dmean": 5.89176940918,
        "dmean2": 9.5514087677,
        "dvar": 20.0879859924,
        "dvar2": 55.8474617004,
        "max": 34.4862823486,
        "mean": 20.9423389435,
        "median": 21.0274124146,
        "min": 6.08947658539,
        "var": 38.3304138184
    },
    "dissonance": {
        "dmean": 0.0157970786095,
        "dmean2": 0.0281850248575,
        "dvar": 0.000181057621376,
        "dvar2": 0.000472347514005,
        "max": 0.499125868082,
        "mean": 0.469755381346,
        "median": 0.470755428076,
        "min": 0.392252713442,
        "var": 0.000251481280429
    },
    "dynamic_complexity": 0.603811979294,
    "erbbands_crest": {
        "dmean": 1.72819840908,
        "dmean2": 2.88839888573,
        "dvar": 2.07762312889,
        "dvar2": 6.06512403488,
        "max": 13.9530553818,
        "mean": 7.21269464493,
        "median": 6.94885396957,
        "min": 4.00743293762,
        "var": 3.10615229607
    },
    "erbbands_flatness_db": {
        "dmean": 0.0127335852012,
        "dmean2": 0.0225661490113,
        "dvar": 0.000124698344734,
        "dvar2": 0.000326898240019,
        "max": 0.237975567579,
        "mean": 0.204567149282,
        "median": 0.204596221447,
        "min": 0.105259500444,
        "var": 0.000199522721232
    },
    "erbbands_kurtosis": {
        "dmean": 0.672485888004,
        "dmean2": 1.14944493771,
        "dvar": 0.366314798594,
        "dvar2": 0.965566396713,
        "max": 2.63079309464,
        "mean": -0.612622380257,
        "median": -0.801747322083,
        "min": -1.69742751122,
        "var": 0.531047224998
    },
    "erbbands_skewness": {
        "dmean": 0.386919409037,
        "dmean2": 0.66359436512,
        "dvar": 0.0862640589476,
        "dvar2": 0.228827789426,
        "max": 0.593261599541,
        "mean": -0.511038780212,
        "median": -0.520356893539,
        "min": -1.49300706387,
        "var": 0.168330043554
    },
    "erbbands_spread": {
        "dmean": 9.21242713928,
        "dmean2": 15.1896867752,
        "dvar": 44.7474479675,
        "dvar2": 118.002296448,
        "max": 63.8577651978,
        "mean": 39.9730224609,
        "median": 39.5370330811,
        "min": 18.5312290192,
        "var": 83.2347640991
    },
    "hfc": {
        "dmean": 5.01391649246,
        "dmean2": 8.35745716095,
        "dvar": 19.3635120392,
        "dvar2": 42.1758422852,
        "max": 47.6645088196,
        "mean": 24.96758461,
        "median": 24.8092060089,
        "min": 1.61728751659,
        "var": 67.4710006714
    },
    "melbands_crest": {
        "dmean": 4.02096891403,
        "dmean2": 6.90604257584,
        "dvar": 9.27548694611,
        "dvar2": 29.0019721985,
        "max": 23.4662284851,
        "mean": 15.6844711304,
        "median": 15.4625644684,
        "min": 7.65370893478,
        "var": 12.1732196808
    },
    "melbands_flatness_db": {
        "dmean": 0.0333825536072,
        "dmean2": 0.0547846928239,
        "dvar": 0.000614496588241,
        "dvar2": 0.00170272786636,
        "max": 0.326329767704,
        "mean": 0.23699977994,
        "median": 0.235655099154,
        "min": 0.153557687998,
        "var": 0.00120171392336
    },
    "melbands_kurtosis": {
        "dmean": 6.49651765823,
        "dmean2": 10.9409122467,
        "dvar": 34.2289657593,
        "dvar2": 88.5599899292,
        "max": 41.8756866455,
        "mean": 8.86750888824,
        "median": 7.43089199066,
        "min": -1.1335517168,
        "var": 50.5295639038
    },
    "melbands_skewness": {
        "dmean": 0.959875464439,
        "dmean2": 1.58144688606,
        "dvar": 0.49858379364,
        "dvar2": 1.379134655,
        "max": 6.17254972458,
        "mean": 2.76399755478,
        "median": 2.6975710392,
        "min": 0.504304051399,
        "var": 0.94095402956
    },
    "melbands_spread": {
        "dmean": 8.51104640961,
        "dmean2": 14.2663898468,
        "dvar": 60.6851005554,
        "dvar2": 161.777648926,
        "max": 58.9682502747,
        "mean": 21.9683055878,
        "median": 20.0465068817,
        "min": 5.44850969315,
        "var": 101.7135849
    },
    "pitch_salience": {
        "dmean": 0.0866036489606,
        "dmean2": 0.153033226728,
        "dvar": 0.00481382664293,
        "dvar2": 0.0120206326246,
        "max": 0.780245065689,
        "mean": 0.473734885454,
        "median": 0.481536328793,
        "min": 0.222767949104,
        "var": 0.00600484572351
    },
    "silence_rate_20dB": {
        "dmean": 0,
        "dmean2": 0,
        "dvar": 0,
        "dvar2": 0,
        "max": 1,
        "mean": 1,
        "median": 1,
        "min": 1,
        "var": 0
    },
    "silence_rate_30dB": {
        "dmean": 0,
        "dmean2": 0,
        "dvar": 0,
        "dvar2": 0,
        "max": 1,
        "mean": 1,
        "median": 1,
        "min": 1,
        "var": 0
    },
    "silence_rate_60dB": {
        "dmean": 0,
        "dmean2": 0,
        "dvar": 0,
        "dvar2": 0,
        "max": 0,
        "mean": 0,
        "median": 0,
        "min": 0,
        "var": 0
    },
    "spectral_centroid": {
        "dmean": 310.772033691,
        "dmean2": 505.463623047,
        "dvar": 61648.8125,
        "dvar2": 172036.53125,
        "max": 2306.30908203,
        "mean": 1206.13598633,
        "median": 1186.33508301,
        "min": 449.658355713,
        "var": 115713.28125
    },
    "spectral_complexity": {
        "dmean": 3.37619042397,
        "dmean2": 5.43540668488,
        "dvar": 8.79658222198,
        "dvar2": 17.2793216705,
        "max": 37,
        "mean": 26.0521335602,
        "median": 26,
        "min": 1,
        "var": 19.6607894897
    },
    "spectral_decrease": {
        "dmean": 3.66456576195e-09,
        "dmean2": 6.13183415155e-09,
        "dvar": 8.14474539318e-18,
        "dvar2": 2.2695713463e-17,
        "max": -5.02483332721e-10,
        "mean": -1.03219930381e-08,
        "median": -1.00920143353e-08,
        "min": -1.97199607754e-08,
        "var": 1.00180083869e-17
    },
    "spectral_energy": {
        "dmean": 0.0140685420483,
        "dmean2": 0.023534629494,
        "dvar": 0.000120983168017,
        "dvar2": 0.00033664595685,
        "max": 0.0765538141131,
        "mean": 0.0412221737206,
        "median": 0.0402917638421,
        "min": 0.00204318319447,
        "var": 0.000150232765009
    },
    "spectral_energyband_high": {
        "dmean": 5.68157265661e-05,
        "dmean2": 9.44991479628e-05,
        "dvar": 3.61774388224e-09,
        "dvar2": 9.19448162051e-09,
        "max": 0.000607911788393,
        "mean": 0.000183279888006,
        "median": 0.000164330238476,
        "min": 5.42857997061e-05,
        "var": 7.84870302084e-09
    },
    "spectral_energyband_low": {
        "dmean": 0.00544102909043,
        "dmean2": 0.0100771412253,
        "dvar": 2.73280547844e-05,
        "dvar2": 8.68577044457e-05,
        "max": 0.0276548806578,
        "mean": 0.0070614842698,
        "median": 0.0055253659375,
        "min": 0.000191545084817,
        "var": 2.62916310021e-05
    },
    "spectral_energyband_middle_high": {
        "dmean": 0.00229004141875,
        "dmean2": 0.00359792658128,
        "dvar": 4.0695572352e-06,
        "dvar2": 9.06046079763e-06,
        "max": 0.0223993379623,
        "mean": 0.00919354241341,
        "median": 0.00833374913782,
        "min": 0.000364831503248,
        "var": 1.67359703482e-05
    },
    "spectral_energyband_middle_low": {
        "dmean": 0.0140644405037,
        "dmean2": 0.0235508996993,
        "dvar": 0.000133470253786,
        "dvar2": 0.000358027347829,
        "max": 0.069716334343,
        "mean": 0.0255808830261,
        "median": 0.0234599001706,
        "min": 0.00139507220592,
        "var": 0.000157449161634
    },
    "spectral_entropy": {
        "dmean": 0.14784412086,
        "dmean2": 0.243586465716,
        "dvar": 0.0157760921866,
        "dvar2": 0.0331747494638,
        "max": 8.5685634613,
        "mean": 7.33640241623,
        "median": 7.33767127991,
        "min": 6.84544038773,
        "var": 0.0258454568684
    },
    "spectral_flux": {
        "dmean": 0.0265002492815,
        "dmean2": 0.0437763445079,
        "dvar": 0.000462802883703,
        "dvar2": 0.00127556733787,
        "max": 0.229359254241,
        "mean": 0.109726086259,
        "median": 0.10925257951,
        "min": 0.0612640604377,
        "var": 0.000760004390031
    },
    "spectral_kurtosis": {
        "dmean": 2.58721446991,
        "dmean2": 4.50524139404,
        "dvar": 4.90892839432,
        "dvar2": 13.9556350708,
        "max": 14.9478855133,
        "mean": 6.05390644073,
        "median": 5.43604564667,
        "min": 1.95434617996,
        "var": 5.83931303024
    },
    "spectral_rms": {
        "dmean": 0.00110309431329,
        "dmean2": 0.00183353549801,
        "dvar": 8.00654220257e-07,
        "dvar2": 2.16153125621e-06,
        "max": 0.00864214356989,
        "mean": 0.00626434199512,
        "median": 0.00626969197765,
        "min": 0.00141186034307,
        "var": 9.74768795459e-07
    },
    "spectral_rolloff": {
        "dmean": 564.272338867,
        "dmean2": 997.018249512,
        "dvar": 274957.53125,
        "dvar2": 627009.1875,
        "max": 3057.71484375,
        "mean": 1343.73339844,
        "median": 1464.2578125,
        "min": 215.33203125,
        "var": 465953.125
    },
    "spectral_skewness": {
        "dmean": 0.282929420471,
        "dmean2": 0.494010001421,
        "dvar": 0.0633788406849,
        "dvar2": 0.176463022828,
        "max": 3.35465025902,
        "mean": 1.36116540432,
        "median": 1.32292330265,
        "min": 0.875154078007,
        "var": 0.0772096589208
    },
    "spectral_spread": {
        "dmean": 298939.53125,
        "dmean2": 427749.125,
        "dvar": 1.30943706726e+12,
        "dvar2": 620759613440,
        "max": 24201684,
        "mean": 2758141.5,
        "median": 2644495.5,
        "min": 2140431.25,
        "var": 2.39521470874e+12
    },
    "spectral_strongpeak": {
        "dmean": 0.493784099817,
        "dmean2": 0.818943083286,
        "dvar": 0.229706570506,
        "dvar2": 0.661432087421,
        "max": 4.39154005051,
        "mean": 0.948609530926,
        "median": 0.884392738342,
        "min": 0.0486747547984,
        "var": 0.251051813364
    },
    "zerocrossingrate": {
        "dmean": 0.00681501114741,
        "dmean2": 0.00903203524649,
        "dvar": 2.83452664007e-05,
        "dvar2": 4.65660450573e-05,
        "max": 0.06787109375,
        "mean": 0.0411336459219,
        "median": 0.0400390625,
        "min": 0.00537109375,
        "var": 0.000101671008451
    },
    "barkbands": {
        "dmean": [9.14991596801e-06, 0.00224007386714, 0.00367952650413, 0.00216121505946, 0.0124859698117, 9.0662506409e-05, 4.87718025397e-05, 0.000874252466019, 0.00115278025623, 0.000926926149987, 0.000354711082764, 0.000382013444323, 4.10109787481e-05, 0.000300747080473, 0.000652449845802, 0.000596868863795, 0.000726480619051, 0.000243702728767, 0.00023700093152, 4.81482420582e-05, 2.89282343147e-05, 1.66774898389e-05, 1.08332108084e-06, 2.7908345146e-06, 4.26544829679e-06, 3.28443519493e-07, 8.06005431286e-08],
        "dmean2": [1.6413810954e-05, 0.0039346832782, 0.00675937253982, 0.00351648544893, 0.021003389731, 0.00016316671099, 8.02682625363e-05, 0.00149487040471, 0.00200595869683, 0.00152581534348, 0.000635159027297, 0.000652418821119, 7.23236662452e-05, 0.000503960472997, 0.00105525890831, 0.00102600583341, 0.00124971743207, 0.000373608141672, 0.000435276742792, 8.29910786706e-05, 4.76865534438e-05, 2.90436000796e-05, 1.76759965598e-06, 4.67417476102e-06, 7.95581127022e-06, 6.1530442963e-07, 1.52015104504e-07],
        "dvar": [1.0376534354e-10, 4.23638766733e-06, 1.15320153782e-05, 2.94271126222e-06, 0.000106111438072, 1.05265565153e-08, 1.79674408685e-09, 6.77330547205e-07, 1.54024041876e-06, 9.22924414226e-07, 1.1570816838e-07, 1.34483215675e-07, 1.41094702588e-09, 9.84443673246e-08, 5.56797488116e-07, 3.26869098899e-07, 5.04975787408e-07, 8.93787870382e-08, 4.97419598844e-08, 1.7348684711e-09, 8.50496839622e-10, 2.9923852285e-10, 1.67195825327e-12, 1.72315477859e-11, 2.35769650331e-11, 3.21652697966e-13, 9.20025028926e-14],
        "dvar2": [2.93798707585e-10, 1.35888612931e-05, 3.75565177819e-05, 7.7786789916e-06, 0.000286151858745, 2.78264025155e-08, 4.78857087316e-09, 2.00506997317e-06, 4.27269878855e-06, 2.03778131436e-06, 3.7051896129e-07, 3.23535061852e-07, 4.27385549173e-09, 2.61495273435e-07, 1.61308253155e-06, 9.33956243898e-07, 1.65616222603e-06, 1.72446220859e-07, 1.74390493157e-07, 4.54774751191e-09, 2.20934071038e-09, 8.6915941111e-10, 4.52392767344e-12, 4.32726320054e-11, 8.16188991393e-11, 9.77913605128e-13, 1.82469938139e-13],
        "max": [6.43167441012e-05, 0.0106836920604, 0.0188651196659, 0.0112324673682, 0.059316970408, 0.000980585231446, 0.000352905131876, 0.00441639591008, 0.0086927479133, 0.00780649017543, 0.00262914551422, 0.00314242276363, 0.000265680981101, 0.00240460317582, 0.00811413209885, 0.00405171466991, 0.00572796259075, 0.00395159889013, 0.00170424685348, 0.000458748836536, 0.000285119720502, 0.000162895245012, 1.16510191219e-05, 4.59178154415e-05, 2.83069293801e-05, 6.05914328844e-06, 4.60478804598e-06],
        "mean": [9.16479439184e-06, 0.00273413024843, 0.00406724540517, 0.00358689459972, 0.0185812450945, 0.000128723564558, 0.000104378406832, 0.000963714963291, 0.00156818947289, 0.00176292320248, 0.00051659863675, 0.000683708058205, 6.28456837148e-05, 0.000616019708104, 0.00169163919054, 0.00105458090547, 0.00160806323402, 0.000769815116655, 0.000455732923001, 0.000121883371321, 7.25731661078e-05, 4.69766127935e-05, 2.78171273749e-06, 6.09282778896e-06, 5.59617001272e-06, 5.72929309328e-07, 1.32877332248e-07],
        "median": [6.0456486608e-06, 0.00219498365186, 0.00323942326941, 0.00347893452272, 0.0164778977633, 0.000100077930256, 9.17312499951e-05, 0.000730465049855, 0.00125139812008, 0.00124055694323, 0.000393671565689, 0.000553743680939, 5.03322626173e-05, 0.00053148943698, 0.00109333766159, 0.000876699807122, 0.00146558193956, 0.000462563300971, 0.000398426956963, 0.000110857508844, 6.63268656353e-05, 4.08441082982e-05, 2.25199437409e-06, 4.68620828542e-06, 3.84701934308e-06, 3.73159025457e-07, 6.46191296028e-08],
        "min": [5.59994788318e-08, 3.31879418809e-05, 2.32724632951e-05, 0.000171341656824, 0.000910872768145, 5.90858417127e-06, 3.63193180419e-06, 3.35213121616e-06, 6.45707132207e-06, 3.05231442326e-05, 8.36596609588e-06, 1.90494338312e-05, 8.39211770653e-06, 2.32438760577e-05, 2.5510084015e-05, 6.19970815023e-05, 3.68335859093e-05, 7.0376037911e-05, 5.76932652621e-05, 1.70801304193e-05, 1.5211754544e-05, 8.60150339577e-06, 8.51556819725e-07, 1.17494073493e-06, 5.60689329632e-07, 1.3467351323e-07, 2.34060237858e-08],
        "var": [9.79400588408e-11, 4.61794206785e-06, 1.16746095955e-05, 3.84334634873e-06, 0.000124249432702, 1.23406156405e-08, 4.33254276899e-09, 7.67131041357e-07, 1.82569647222e-06, 2.30769842346e-06, 1.56016497499e-07, 2.16195928715e-07, 2.03129402188e-09, 1.72615727934e-07, 1.95489701582e-06, 5.00436215134e-07, 6.84892427216e-07, 4.71235296118e-07, 7.34414982162e-08, 3.92782117942e-09, 1.5140565468e-09, 5.63890545369e-10, 3.04913798203e-12, 2.3782122105e-11, 2.73807122808e-11, 3.90756410519e-13, 1.94870148121e-13]
    },
    "erbbands": {
        "dmean": [0.0202083270997, 0.692851483822, 4.34070920944, 3.4579308033, 49.1985549927, 27.4911155701, 1.88676071167, 0.901112318039, 0.794533073902, 1.16302955151, 34.8993034363, 20.5913715363, 30.4045372009, 8.62032222748, 18.2655544281, 11.8679838181, 2.44803738594, 6.16815757751, 34.928024292, 20.4235057831, 33.983291626, 37.7079277039, 11.5653886795, 18.7791938782, 5.32934761047, 2.18184375763, 1.13780319691, 1.08630859852, 0.580218195915, 0.258207648993, 0.0384710095823, 0.0583928376436, 0.0447259768844, 0.0909103378654, 0.0074974251911, 0.00185364088975, 0.000487979879836, 0.000103729886177, 1.10173841676e-05, 1.56951882673e-05],
        "dmean2": [0.0356044657528, 1.2336230278, 8.00027561188, 5.74378967285, 79.4606323242, 49.4550857544, 3.41208982468, 1.59562337399, 1.29950129986, 1.94601154327, 60.0433921814, 36.1122550964, 51.6882667542, 14.2893419266, 32.1174430847, 20.572599411, 4.19525194168, 10.3385858536, 57.0137748718, 34.61926651, 56.7440719604, 64.519203186, 18.3266239166, 32.8530044556, 9.69390869141, 3.78305864334, 1.88232433796, 1.81663095951, 0.974264919758, 0.461440265179, 0.0636089295149, 0.0944871455431, 0.0782099440694, 0.17005585134, 0.01382856071, 0.0034402795136, 0.000925254367758, 0.000194088162971, 1.95642169274e-05, 2.63309048023e-05],
        "dvar": [0.000378427590476, 0.421991795301, 16.8415546417, 6.86202001572, 1504.04931641, 439.180847168, 2.4509074688, 1.00586175919, 0.451747864485, 1.18578481674, 1237.63525391, 442.12701416, 965.229370117, 132.194961548, 245.266906738, 113.938575745, 4.93791437149, 30.7649593353, 1266.88781738, 486.065429688, 1030.67529297, 1705.80297852, 120.279472351, 447.915710449, 20.5865707397, 4.64444684982, 1.43141102791, 0.989443600178, 0.343139648438, 0.0952339917421, 0.00216611311771, 0.0136063098907, 0.002351754345, 0.0104720750824, 6.66667328915e-05, 7.90616286395e-06, 8.20598415885e-07, 3.96100716671e-08, 2.00765470915e-09, 1.83746295956e-10],
        "dvar2": [0.00115145009477, 1.36347413063, 55.1357498169, 18.1336936951, 3785.68115234, 1320.82116699, 7.4358253479, 2.64312767982, 1.28522765636, 3.32097768784, 3523.84667969, 1251.6270752, 2039.73962402, 340.221740723, 741.039794922, 311.751556396, 14.49903965, 81.7635574341, 3197.02294922, 1428.72424316, 2846.39135742, 5311.7421875, 277.00982666, 1264.52001953, 62.5735473633, 12.8935813904, 3.24117231369, 2.70898580551, 0.966832339764, 0.314069330692, 0.00601470423862, 0.0349118076265, 0.00638547446579, 0.0359832979739, 0.000232323844102, 2.53658508882e-05, 2.34639810515e-06, 8.76628902802e-08, 4.27092405886e-09, 5.36771849191e-10],
        "max": [0.12617777288, 3.35051035881, 22.0351753235, 16.6636657715, 230.15335083, 107.085929871, 9.91884040833, 9.05847549438, 4.97821187973, 7.62417650223, 219.219589233, 151.926239014, 253.071395874, 110.69644928, 117.690948486, 79.6116333008, 15.7312440872, 50.1209068298, 269.595489502, 230.960403442, 281.264709473, 388.753051758, 107.194259644, 226.716033936, 35.1360015869, 26.5862216949, 10.9020795822, 9.83313179016, 5.94917058945, 2.33835411072, 0.427884817123, 1.32705795765, 0.446540057659, 0.581436097622, 0.0540483891964, 0.0263932663947, 0.010544417426, 0.00292227347381, 0.000689752865583, 0.000146273712744],
        "mean": [0.0287353713065, 0.838601350784, 4.81033086777, 7.03784799576, 72.1339263916, 36.952457428, 2.86832356453, 1.33707880974, 1.69352221489, 1.91038000584, 43.5103111267, 27.8768634796, 56.6806564331, 18.9494514465, 31.4043922424, 22.2816753387, 4.91300487518, 14.9996423721, 88.2210464478, 51.81224823, 78.6327590942, 82.2225418091, 34.34608078, 49.1554107666, 12.5584630966, 5.39737510681, 3.23592925072, 2.85646677017, 1.59435772896, 0.632804393768, 0.0946522653103, 0.117435932159, 0.099070109427, 0.118847981095, 0.0106891961768, 0.00342435459606, 0.000844372436404, 0.000165900288266, 3.56188538717e-05, 4.90397796966e-05],
        "median": [0.0247924160212, 0.675094723701, 3.81754779816, 7.06262540817, 65.9717102051, 34.4334526062, 2.54939866066, 1.05316483974, 1.42859983444, 1.64209401608, 34.2942237854, 22.0179271698, 40.1008415222, 14.938785553, 26.9217128754, 18.3698406219, 4.21479415894, 13.8253946304, 71.1340103149, 36.5337715149, 66.9841766357, 71.5277175903, 30.0711040497, 31.1655025482, 11.1479558945, 4.79079055786, 2.81117367744, 2.64367485046, 1.38142371178, 0.474275559187, 0.0770690441132, 0.0793804004788, 0.0768360942602, 0.0806978344917, 0.00741254817694, 0.00240812613629, 0.000511559017468, 0.000106220184534, 2.86281992885e-05, 4.76859422633e-05],
        "min": [0.00125482527073, 0.00806059315801, 0.14245724678, 0.770390570164, 2.1583507061, 3.14552569389, 0.469010621309, 0.190324276686, 0.125428825617, 0.218645349145, 0.0602262914181, 0.161755591631, 0.713777124882, 0.686825573444, 0.476314246655, 0.784883856773, 1.07115280628, 1.11850142479, 1.05850756168, 1.50696396828, 4.28465986252, 1.90265488625, 2.01563882828, 5.81643152237, 1.60990476608, 0.811405479908, 0.689236044884, 0.506438910961, 0.355758458376, 0.129769086838, 0.0267295297235, 0.021452056244, 0.0217190906405, 0.0116246081889, 0.0017703610938, 0.000908834219445, 0.000195057175006, 2.97993701679e-05, 1.26748436742e-05, 2.00221584237e-05],
        "var": [0.000420105439844, 0.434479087591, 15.8117198944, 9.0602016449, 1998.55761719, 491.421691895, 2.65674614906, 1.12468266487, 1.11769580841, 1.71778023243, 1442.53808594, 485.679016113, 2275.38012695, 201.404052734, 398.375396729, 178.510131836, 6.8208231926, 65.1064605713, 3488.15454102, 1612.07385254, 1990.16540527, 2217.34619141, 300.452575684, 1791.56542969, 37.5200767517, 8.24137878418, 3.28423690796, 1.89897668362, 0.676033139229, 0.190066054463, 0.00383855984546, 0.0146833527833, 0.00443489523605, 0.0121088884771, 8.5889660113e-05, 8.93108699529e-06, 1.11942006242e-06, 8.20997954065e-08, 3.91436083547e-09, 2.17917711653e-10]
    },
    "gfcc": {
        "mean": [3.06131076813, 131.855499268, -153.49382019, 46.8607559204, -26.5904388428, 4.87752866745, -28.7391929626, 7.54793071747, -25.81848526, -28.7014579773, -36.4757499695, -20.2485027313, -1.84599840641],
        "cov": [[306.782409668, -67.5426635742, -84.6027908325, -22.6411476135, -59.4588012695, 2.87296843529, -55.3056488037, 19.4932060242, -23.5302906036, 0.207225695252, -4.48219299316, 11.6100559235, 21.8371620178], [-67.5426635742, 150.503845215, 22.8801345825, -2.63410639763, 24.1677112579, -9.85997390747, 59.4108085632, 8.56328201294, 43.8539619446, -4.05369663239, -11.8044691086, -29.0934829712, -7.16230678558], [-84.6027908325, 22.8801345825, 109.143310547, 34.5354042053, 34.1917114258, 11.518787384, 11.7170677185, -1.8590785265, 0.390324771404, -2.10634160042, 8.22505378723, -6.54170370102, -12.4428882599], [-22.6411476135, -2.63410639763, 34.5354042053, 68.7344894409, 40.3037719727, 32.9531707764, 4.06250333786, -1.34339487553, -2.24672913551, 0.592684447765, 15.1552619934, 2.26824450493, 0.426538586617], [-59.4588012695, 24.1677112579, 34.1917114258, 40.3037719727, 76.1101760864, 27.3143024445, 16.7095031738, -13.2890501022, -1.22178041935, 1.02234005928, 6.36064958572, 2.82975888252, -4.10259151459], [2.87296843529, -9.85997390747, 11.518787384, 32.9531707764, 27.3143024445, 59.7102813721, 7.88361549377, 16.0462017059, 0.718361198902, 5.75015497208, 11.9170656204, 2.34555482864, 7.29856109619], [-55.3056488037, 59.4108085632, 11.7170677185, 4.06250333786, 16.7095031738, 7.88361549377, 61.4966659546, 18.6603813171, 23.5774650574, 3.57173967361, -4.87304735184, -3.32029223442, -4.76389789581], [19.4932060242, 8.56328201294, -1.8590785265, -1.34339487553, -13.2890501022, 16.0462017059, 18.6603813171, 49.8658676147, 21.581401825, 10.7048454285, 2.22238969803, -3.22966718674, -0.292961776257], [-23.5302906036, 43.8539619446, 0.390324771404, -2.24672913551, -1.22178041935, 0.718361198902, 23.5774650574, 21.581401825, 47.2339782715, 16.0850276947, 0.734771847725, -13.4954814911, -10.0508565903], [0.207225695252, -4.05369663239, -2.10634160042, 0.592684447765, 1.02234005928, 5.75015497208, 3.57173967361, 10.7048454285, 16.0850276947, 33.8339653015, 11.7272586823, 0.914683520794, -9.50782680511], [-4.48219299316, -11.8044691086, 8.22505378723, 15.1552619934, 6.36064958572, 11.9170656204, -4.87304735184, 2.22238969803, 0.734771847725, 11.7272586823, 25.1474704742, 8.95913696289, -0.540321230888], [11.6100559235, -29.0934829712, -6.54170370102, 2.26824450493, 2.82975888252, 2.34555482864, -3.32029223442, -3.22966718674, -13.4954814911, 0.914683520794, 8.95913696289, 31.4088096619, 12.321805954], [21.8371620178, -7.16230678558, -12.4428882599, 0.426538586617, -4.10259151459, 7.29856109619, -4.76389789581, -0.292961776257, -10.0508565903, -9.50782680511, -0.540321230888, 12.321805954, 27.0894393921]],
        "icov": [[0.00630211085081, -0.00240176916122, 0.00393141107634, -0.00202399166301, 0.00333977397531, -0.00210239947774, 0.00694187963381, -0.00459917029366, 0.00385100813583, -0.00194674043451, 0.00372657575645, -0.00304830889218, 0.00057214620756], [-0.00240176916122, 0.0228599943221, -0.00351284560747, 0.00481515284628, -0.00944123603404, 0.0094802537933, -0.0196495428681, 0.00512947421521, -0.0141702638939, 0.00678930105641, -0.00836353749037, 0.0210546236485, -0.0137115754187], [0.00393141107634, -0.00351284560747, 0.0153447967023, -0.0060184635222, -0.000771142716985, 4.69520546176e-06, 0.00426094420254, -0.00503518478945, 0.00563916703686, 0.00140682316851, -0.00122139789164, -0.000937420700211, 0.0066099721007], [-0.00202399166301, 0.00481515284628, -0.0060184635222, 0.0307780336589, -0.0123958922923, -0.00691732345149, -0.00360450823791, 0.00233513489366, -0.0043956390582, 0.0068871891126, -0.0147256683558, 0.00672100251541, -0.00353106786497], [0.00333977397531, -0.00944123603404, -0.000771142716985, -0.0123958922923, 0.0329317227006, -0.0152718555182, 0.00225577061065, 0.010511376895, 0.00474235136062, -0.00516277691349, 0.0100897392258, -0.0148180648685, 0.0111537361518], [-0.00210239947774, 0.0094802537933, 4.69520546176e-06, -0.00691732345149, -0.0152718555182, 0.0379681959748, -0.00934794917703, -0.0122578823939, 0.000980802229606, -0.00164365663659, -0.0125685725361, 0.0176650267094, -0.0185052584857], [0.00694187963381, -0.0196495428681, 0.00426094420254, -0.00360450823791, 0.00225577061065, -0.00934794917703, 0.0467912107706, -0.0157191716135, 0.00198277994059, -0.00310980691575, 0.017799558118, -0.0252799410373, 0.0136395059526], [-0.00459917029366, 0.00512947421521, -0.00503518478945, 0.00233513489366, 0.010511376895, -0.0122578823939, -0.0157191716135, 0.041284635663, -0.0168544091284, -0.00166219228413, -0.00116973835975, 0.00187666318379, -0.00242302916013], [0.00385100813583, -0.0141702638939, 0.00563916703686, -0.0043956390582, 0.00474235136062, 0.000980802229606, 0.00198277994059, -0.0168544091284, 0.0525278896093, -0.0201896242797, 0.00122474262025, 0.00517644453794, 0.00650181714445], [-0.00194674043451, 0.00678930105641, 0.00140682316851, 0.0068871891126, -0.00516277691349, -0.00164365663659, -0.00310980691575, -0.00166219228413, -0.0201896242797, 0.053610406816, -0.0233042147011, -0.00259667309001, 0.0150397662073], [0.00372657575645, -0.00836353749037, -0.00122139789164, -0.0147256683558, 0.0100897392258, -0.0125685725361, 0.017799558118, -0.00116973835975, 0.00122474262025, -0.0233042147011, 0.0746933072805, -0.0306188408285, 0.010179521516], [-0.00304830889218, 0.0210546236485, -0.000937420700211, 0.00672100251541, -0.0148180648685, 0.0176650267094, -0.0252799410373, 0.00187666318379, 0.00517644453794, -0.00259667309001, -0.0306188408285, 0.0751581862569, -0.0377290025353], [0.00057214620756, -0.0137115754187, 0.0066099721007, -0.00353106786497, 0.0111537361518, -0.0185052584857, 0.0136395059526, -0.00242302916013, 0.00650181714445, 0.0150397662073, 0.010179521516, -0.0377290025353, 0.0700226798654]]
    },
    "melbands": {
        "dmean": [0.000380501616746, 0.00174895452801, 0.00188744277693, 0.00321632344276, 0.000150771316839, 1.91662766156e-05, 1.09012507892e-05, 9.28506415221e-06, 0.000348619447323, 0.000109084074211, 0.00015669313143, 4.22259290644e-05, 5.77830724069e-05, 5.0667058531e-05, 1.46959009726e-05, 3.79151674679e-06, 1.26006179926e-05, 5.8780224208e-05, 4.97403161717e-05, 3.31828159688e-05, 4.02451150876e-05, 4.73100299132e-05, 1.73763783096e-05, 1.10806176963e-05, 1.74221204361e-05, 4.11902556152e-06, 3.0353899092e-06, 1.23666234231e-06, 6.91042714607e-07, 9.79046944849e-07, 5.32156377631e-07, 4.03304909469e-07, 2.76649899433e-07, 7.92585908016e-08, 1.39047253711e-08, 3.7695372157e-08, 3.63417242966e-08, 2.59101291533e-08, 5.00203753973e-08, 9.31425390149e-08],
        "dmean2": [0.000668471911922, 0.00322328554466, 0.00294355931692, 0.00547527754679, 0.000275183119811, 3.37402561854e-05, 1.79182570719e-05, 1.62668184203e-05, 0.000602096319199, 0.000191850092961, 0.000265367591055, 6.8793342507e-05, 0.000102789985249, 8.71677548275e-05, 2.53548514593e-05, 6.47053002467e-06, 2.21728605538e-05, 9.57434167503e-05, 8.12351499917e-05, 5.74037148908e-05, 6.77464195178e-05, 8.24541421025e-05, 2.84155503323e-05, 1.73409225681e-05, 3.07964037347e-05, 7.39166625863e-06, 5.40177825314e-06, 2.15130398828e-06, 1.13702003546e-06, 1.61504067364e-06, 9.23474658521e-07, 6.794074352e-07, 4.92601486712e-07, 1.41790010844e-07, 2.35037518337e-08, 6.35554187056e-08, 5.81017935986e-08, 4.36193197118e-08, 9.28486159069e-08, 1.7413449882e-07],
        "dvar": [1.19581955005e-07, 2.81246002487e-06, 1.87109117178e-06, 7.00676719134e-06, 2.06624459764e-08, 4.46959164124e-10, 8.72154015674e-11, 8.24112514342e-11, 1.29282838657e-07, 1.24083170405e-08, 2.61184922579e-08, 2.86283485806e-09, 2.9270132984e-09, 2.54114040921e-09, 2.33633890012e-10, 1.39093910001e-11, 1.65411739861e-10, 3.9063174917e-09, 4.5909627211e-09, 1.03856212519e-09, 1.6761108057e-09, 2.473030003e-09, 3.62083363292e-10, 1.82661705206e-10, 3.74767772371e-10, 1.45019248346e-11, 5.64440117909e-12, 2.04457327804e-12, 4.71014503442e-13, 8.71285628281e-13, 2.28433130701e-13, 1.51896602392e-13, 1.13242633315e-13, 8.67432804053e-15, 2.38039022189e-16, 5.63480070777e-15, 4.3878085437e-15, 8.04561709427e-16, 3.02869886356e-15, 1.11374134538e-14],
        "dvar2": [3.77511980787e-07, 9.12668474484e-06, 4.86596627525e-06, 1.95530592464e-05, 5.96883680259e-08, 1.18098253399e-09, 2.43225078966e-10, 2.20673396223e-10, 3.63305929341e-07, 3.49022677426e-08, 5.53258416858e-08, 7.03511826572e-09, 9.23963039412e-09, 6.25916252162e-09, 6.58438414902e-10, 3.8338311692e-11, 4.64932925492e-10, 9.65228874605e-09, 1.37982674175e-08, 2.88425927586e-09, 4.50448922606e-09, 8.10318567801e-09, 8.77697137192e-10, 3.46754180924e-10, 1.10253672858e-09, 4.34435820651e-11, 1.77228960674e-11, 5.54928238777e-12, 9.94295574694e-13, 2.26349039338e-12, 6.13529680619e-13, 4.3830515389e-13, 3.51739226937e-13, 2.92947598417e-14, 6.44507369566e-16, 1.54561947415e-14, 1.05054548773e-14, 1.72770654916e-15, 9.71660547025e-15, 3.85455420837e-14],
        "max": [0.00184861873277, 0.00885692983866, 0.00836057215929, 0.015016887337, 0.000805074872915, 0.0001973426115, 6.47597262287e-05, 7.22412223695e-05, 0.00231386348605, 0.000773985288106, 0.00131552247331, 0.000482633535285, 0.000429504638305, 0.000410974171245, 0.000108331383672, 2.80392832792e-05, 0.000110235552711, 0.000527026015334, 0.000752048799768, 0.000240683584707, 0.00043113148422, 0.000459448230686, 0.000179996713996, 0.000192535590031, 0.00019625146524, 2.94857054541e-05, 1.58666589414e-05, 1.77211059054e-05, 7.12939845471e-06, 8.66814298206e-06, 4.60765022581e-06, 4.02033674618e-06, 3.02784337691e-06, 6.24874985533e-07, 1.525492479e-07, 8.11601694295e-07, 7.45960790027e-07, 2.81205956298e-07, 3.64344657555e-07, 6.11570555975e-07],
        "mean": [0.000489885162096, 0.00202772999182, 0.00316848605871, 0.00471485825256, 0.000172294166987, 2.83328881778e-05, 2.29878351092e-05, 1.33482217279e-05, 0.000444848614279, 0.000141373020597, 0.000292250595521, 8.89709772309e-05, 9.17752331588e-05, 9.08923757379e-05, 2.58837626461e-05, 6.50568927085e-06, 2.48178330366e-05, 0.000138547038659, 0.000124267797219, 5.29631288373e-05, 0.000101639605418, 9.97978495434e-05, 3.64056722901e-05, 3.41527847922e-05, 4.2776355258e-05, 8.86017460289e-06, 6.50214678899e-06, 2.89317586066e-06, 1.86640625088e-06, 2.25006920118e-06, 1.40140673466e-06, 1.01270325104e-06, 6.87864144311e-07, 1.72763321871e-07, 3.58678633461e-08, 6.55179164255e-08, 7.55191393864e-08, 6.61995329665e-08, 7.8761750899e-08, 1.13529829093e-07],
        "median": [0.000391696870793, 0.00156696839258, 0.00312388269231, 0.0042552719824, 0.000131909138872, 2.29376855714e-05, 2.03092295123e-05, 1.06877832877e-05, 0.000357836775947, 0.00010758463759, 0.00020565277373, 6.68363354634e-05, 7.3336319474e-05, 7.34387867851e-05, 2.20561778406e-05, 5.30980696567e-06, 2.15198488149e-05, 0.000116805269499, 6.41389269731e-05, 4.31458283856e-05, 8.93364122021e-05, 8.65264955792e-05, 3.10062278004e-05, 2.1305784685e-05, 2.70494874712e-05, 7.70897349867e-06, 5.74268142373e-06, 2.52168297266e-06, 1.5474781776e-06, 2.0323618628e-06, 1.30773878482e-06, 8.99825920442e-07, 5.18847855346e-07, 1.26033413039e-07, 3.0920837446e-08, 4.40873613172e-08, 5.27535881645e-08, 5.1053504535e-08, 5.87099151517e-08, 7.37644683113e-08],
        "min": [9.75317743723e-06, 6.41042970528e-06, 0.000180595932761, 0.000220912013901, 4.17889032178e-06, 3.08871767629e-06, 1.34393940243e-06, 1.5719347175e-06, 4.83454073219e-07, 9.9110411611e-07, 3.82043253921e-06, 3.11271332976e-06, 1.27849352793e-06, 2.30021873904e-06, 1.97802569346e-06, 6.51963262044e-07, 2.20173592425e-06, 1.50930372911e-06, 2.41319071392e-06, 2.00306658371e-06, 5.88952434555e-06, 2.17957176574e-06, 8.62179263095e-07, 3.27569568981e-06, 5.1777947192e-06, 1.29054478748e-06, 8.01451619736e-07, 4.53485910157e-07, 4.29346954434e-07, 3.83923065783e-07, 2.44732973442e-07, 2.06383973023e-07, 1.39648733466e-07, 2.54255780874e-08, 1.01631156824e-08, 1.15116147725e-08, 1.25848336197e-08, 1.26080177409e-08, 1.418464457e-08, 7.39000327599e-09],
        "var": [1.33163823079e-07, 2.64537129624e-06, 2.83234180642e-06, 7.94430707174e-06, 1.79087908947e-08, 5.27223931179e-10, 1.97390326306e-10, 1.10098277717e-10, 1.50294056311e-07, 1.38317428622e-08, 6.24793443649e-08, 5.24841814453e-09, 4.01824085117e-09, 4.06518418927e-09, 3.08418318662e-10, 2.35302940327e-11, 2.41570041748e-10, 9.25221499415e-09, 1.70059166749e-08, 1.31121069558e-09, 3.29850236014e-09, 3.02481883985e-09, 5.51428125384e-10, 9.38985555976e-10, 1.37684819101e-09, 2.01154579105e-11, 9.7720503564e-12, 3.2920948953e-12, 1.54750528798e-12, 1.59211164218e-12, 4.29086399658e-13, 2.81972226601e-13, 2.22935764901e-13, 1.63847342811e-14, 4.5121233342e-16, 5.23154568575e-15, 5.5315372271e-15, 2.0392790426e-15, 3.757964585e-15, 1.25850495118e-14]
    },
    "mfcc": {
        "mean": [-627.128051758, 147.571075439, -44.2392501831, 42.4012794495, 20.1355018616, 3.67406129837, 9.88961410522, 15.9905586243, 25.202665329, -8.52899932861, -7.42964506149, -22.5434055328, -17.1394863129],
        "cov": [[387.837615967, -90.5015029907, -52.1073226929, -57.9208106995, -22.5089168549, -52.4554443359, -29.7519569397, -20.0610675812, -14.598490715, -6.50650930405, -30.4698390961, -55.2651748657, 8.10161399841], [-90.5015029907, 146.859405518, -2.69338774681, 20.0242080688, -25.2525062561, 6.62980365753, 0.10947098583, 14.8091611862, 37.3372421265, 20.4318065643, 23.4672641754, 28.694480896, -15.0919885635], [-52.1073226929, -2.69338774681, 75.9609527588, 14.1124353409, 21.7078990936, 3.90343928337, 12.8678226471, 7.82812166214, 0.226426482201, 5.79982566833, 11.9228534698, 13.3796186447, 7.1678943634], [-57.9208106995, 20.0242080688, 14.1124353409, 51.661239624, 18.9064807892, 21.8991260529, 13.763379097, 8.42025661469, 4.48917818069, -3.69316220284, 10.4861688614, 14.8595972061, 3.83733868599], [-22.5089168549, -25.2525062561, 21.7078990936, 18.9064807892, 72.9638214111, 35.6806907654, 23.3243865967, 4.71630430222, -8.05134963989, -3.48963165283, 3.84165644646, 4.14476203918, 11.8523607254], [-52.4554443359, 6.62980365753, 3.90343928337, 21.8991260529, 35.6806907654, 55.9449691772, 26.8193035126, 6.02395963669, 2.07316613197, -1.52376282215, 7.04986810684, 16.0143604279, 4.1133441925], [-29.7519569397, 0.10947098583, 12.8678226471, 13.763379097, 23.3243865967, 26.8193035126, 44.5883865356, 16.6907176971, 7.95284080505, -1.52544856071, 6.53242301941, 4.50198316574, 11.1626491547], [-20.0610675812, 14.8091611862, 7.82812166214, 8.42025661469, 4.71630430222, 6.02395963669, 16.6907176971, 36.3593597412, 23.0083847046, 5.96474552155, 0.971889793873, 5.17310905457, 3.57606720924], [-14.598490715, 37.3372421265, 0.226426482201, 4.48917818069, -8.05134963989, 2.07316613197, 7.95284080505, 23.0083847046, 49.4785995483, 13.0177364349, 15.4099111557, 12.8141670227, 0.130014762282], [-6.50650930405, 20.4318065643, 5.79982566833, -3.69316220284, -3.48963165283, -1.52376282215, -1.52544856071, 5.96474552155, 13.0177364349, 39.3765029907, 17.6645698547, 13.4565258026, -1.77636313438], [-30.4698390961, 23.4672641754, 11.9228534698, 10.4861688614, 3.84165644646, 7.04986810684, 6.53242301941, 0.971889793873, 15.4099111557, 17.6645698547, 41.6160430908, 25.0963687897, 7.00771379471], [-55.2651748657, 28.694480896, 13.3796186447, 14.8595972061, 4.14476203918, 16.0143604279, 4.50198316574, 5.17310905457, 12.8141670227, 13.4565258026, 25.0963687897, 60.6504974365, 11.141462326], [8.10161399841, -15.0919885635, 7.1678943634, 3.83733868599, 11.8523607254, 4.1133441925, 11.1626491547, 3.57606720924, 0.130014762282, -1.77636313438, 7.00771379471, 11.141462326, 37.4957923889]],
