{
"lowlevel": {
    "average_loudness": 0.986245214939,
    "barkbands_crest": {
        "dmean": 2.32411336899,
        "dmean2": 3.89768886566,
        "dvar": 3.57470726967,
        "dvar2": 10.1062669754,
        "max": 17.2739486694,
        "mean": 7.98459291458,
        "median": 7.41306304932,
        "min": 3.44929623604,
        "var": 5.97385931015
    },
    "barkbands_flatness_db": {
        "dmean": 0.0150831304491,
        "dmean2": 0.0246710050851,
        "dvar": 0.000159017843544,
        "dvar2": 0.000424288475187,
        "max": 0.251137286425,
        "mean": 0.18731045723,
        "median": 0.187551110983,
        "min": 0.104344964027,
        "var": 0.000331866554916
    },
    "barkbands_kurtosis": {
        "dmean": 0.621702969074,
        "dmean2": 1.08007264137,
        "dvar": 0.434063464403,
        "dvar2": 1.21992433071,
        "max": 4.57496261597,
        "mean": -0.865460753441,
        "median": -1.04473495483,
        "min": -1.82947063446,
        "var": 0.566076517105
    },
    "barkbands_skewness": {
        "dmean": 0.468081146479,
        "dmean2": 0.752660274506,
        "dvar": 0.131569907069,
        "dvar2": 0.34320962429,
        "max": 1.7998496294,
        "mean": 0.0525812841952,
        "median": 0.0482615530491,
        "min": -1.56939554214,
        "var": 0.356295824051
    },
    "barkbands_spread": {
        "dmean": 4.69861650467,
        "dmean2": 8.07382392883,
        "dvar": 12.3690061569,
        "dvar2": 37.0042877197,
        "max": 38.010723114,
        "mean": 22.3146076202,
        "median": 22.4015388489,
        "min": 7.03578615189,
        "var": 29.8684043884
    },
    "dissonance": {
        "dmean": 0.0198779050261,
        "dmean2": 0.0348726250231,
        "dvar": 0.000270769873168,
        "dvar2": 0.000812871439848,
        "max": 0.498169451952,
        "mean": 0.46588909626,
        "median": 0.469552397728,
        "min": 0.384113669395,
        "var": 0.000425072415965
    },
    "dynamic_complexity": 0.599179208279,
    "erbbands_crest": {
        "dmean": 3.35100269318,
        "dmean2": 5.66790294647,
        "dvar": 7.06677103043,
        "dvar2": 19.8755989075,
        "max": 29.1182765961,
        "mean": 12.2421445847,
        "median": 11.7020225525,
        "min": 5.36416149139,
        "var": 15.4147119522
    },
    "erbbands_flatness_db": {
        "dmean": 0.0155618321151,
        "dmean2": 0.0257450044155,
        "dvar": 0.000152525026351,
        "dvar2": 0.000380676763598,
        "max": 0.346797436476,
        "mean": 0.281366705894,
        "median": 0.281987607479,
        "min": 0.177545696497,
        "var": 0.000445085257525
    },
    "erbbands_kurtosis": {
        "dmean": 1.89763832092,
        "dmean2": 3.29159188271,
        "dvar": 4.00192070007,
        "dvar2": 11.1553583145,
        "max": 16.8664894104,
        "mean": 1.5594471693,
        "median": 0.661094307899,
        "min": -1.5595458746,
        "var": 7.88755941391
    },
    "erbbands_skewness": {
        "dmean": 0.57357108593,
        "dmean2": 0.972190141678,
        "dvar": 0.198144808412,
        "dvar2": 0.585701882839,
        "max": 1.65896785259,
        "mean": -1.01564860344,
        "median": -1.03525543213,
        "min": -3.42200827599,
        "var": 0.568273365498
    },
    "erbbands_spread": {
        "dmean": 4.82795476913,
        "dmean2": 7.81056118011,
        "dvar": 17.3373985291,
        "dvar2": 42.0490608215,
        "max": 42.3231430054,
        "mean": 19.1206474304,
        "median": 18.6703414917,
        "min": 5.4192647934,
        "var": 43.9808349609
    },
    "hfc": {
        "dmean": 9.37913703918,
        "dmean2": 15.2780237198,
        "dvar": 53.0162315369,
        "dvar2": 142.443237305,
        "max": 75.6754074097,
        "mean": 38.8019714355,
        "median": 38.2364730835,
        "min": 12.5193214417,
        "var": 138.515869141
    },
    "melbands_crest": {
        "dmean": 3.3545665741,
        "dmean2": 5.73418712616,
        "dvar": 8.69168663025,
        "dvar2": 24.5933036804,
        "max": 27.45154953,
        "mean": 11.5437412262,
        "median": 10.802441597,
        "min": 4.79175901413,
        "var": 13.8979320526
    },
    "melbands_flatness_db": {
        "dmean": 0.0195584073663,
        "dmean2": 0.0305326003581,
        "dvar": 0.000255173974438,
        "dvar2": 0.000654451258015,
        "max": 0.308993548155,
        "mean": 0.239097654819,
        "median": 0.237557202578,
        "min": 0.147484689951,
        "var": 0.00058633601293
    },
    "melbands_kurtosis": {
        "dmean": 1.2298283577,
        "dmean2": 2.03795218468,
        "dvar": 1.7791813612,
        "dvar2": 4.53555679321,
        "max": 10.105635643,
        "mean": 0.0924075618386,
        "median": -0.405866622925,
        "min": -1.77467191219,
        "var": 2.92443227768
    },
    "melbands_skewness": {
        "dmean": 0.496810257435,
        "dmean2": 0.798916101456,
        "dvar": 0.161283269525,
        "dvar2": 0.410226076841,
        "max": 3.06531786919,
        "mean": 0.870468914509,
        "median": 0.826794207096,
        "min": -0.72572696209,
        "var": 0.394702374935
    },
    "melbands_spread": {
        "dmean": 9.45533180237,
        "dmean2": 15.8855361938,
        "dvar": 51.0227241516,
        "dvar2": 128.199020386,
        "max": 70.7312088013,
        "mean": 39.3804283142,
        "median": 39.1164016724,
        "min": 10.4278640747,
        "var": 142.690124512
    },
    "pitch_salience": {
        "dmean": 0.0512167960405,
        "dmean2": 0.0838824436069,
        "dvar": 0.00178647600114,
        "dvar2": 0.00521770492196,
        "max": 0.705544531345,
        "mean": 0.478252142668,
        "median": 0.47444704175,
        "min": 0.309721678495,
        "var": 0.00332113145851
    },
    "silence_rate_20dB": {
        "dmean": 0,
        "dmean2": 0,
        "dvar": 0,
        "dvar2": 0,
        "max": 1,
        "mean": 1,
        "median": 1,
        "min": 1,
        "var": 0
    },
    "silence_rate_30dB": {
        "dmean": 0,
        "dmean2": 0,
        "dvar": 0,
        "dvar2": 0,
        "max": 1,
        "mean": 1,
        "median": 1,
        "min": 1,
        "var": 0
    },
    "silence_rate_60dB": {
        "dmean": 0,
        "dmean2": 0,
        "dvar": 0,
        "dvar2": 0,
        "max": 0,
        "mean": 0,
        "median": 0,
        "min": 0,
        "var": 0
    },
    "spectral_centroid": {
        "dmean": 211.540145874,
        "dmean2": 344.291564941,
        "dvar": 28477.8261719,
        "dvar2": 68180.9140625,
        "max": 2427.82397461,
        "mean": 1477.1940918,
        "median": 1493.29101562,
        "min": 638.617370605,
        "var": 80687.140625
    },
    "spectral_complexity": {
        "dmean": 3.00145149231,
        "dmean2": 5.08284902573,
        "dvar": 5.43541955948,
        "dvar2": 14.9480648041,
        "max": 46,
        "mean": 25.0173912048,
        "median": 25,
        "min": 16,
        "var": 15.9243402481
    },
    "spectral_decrease": {
        "dmean": 2.06192662944e-09,
        "dmean2": 3.4056084619e-09,
        "dvar": 2.58870660153e-18,
        "dvar2": 7.41593971651e-18,
        "max": -3.01901614819e-09,
        "mean": -8.91147688975e-09,
        "median": -9.04818264758e-09,
        "min": -1.40287719219e-08,
        "var": 4.0551950504e-18
    },
    "spectral_energy": {
        "dmean": 0.00835709366947,
        "dmean2": 0.0138078248128,
        "dvar": 4.21120384999e-05,
        "dvar2": 0.000121204226161,
        "max": 0.0564565770328,
        "mean": 0.0371533408761,
        "median": 0.0379007123411,
        "min": 0.0129900667816,
        "var": 6.7159991886e-05
    },
    "spectral_energyband_high": {
        "dmean": 2.97571077681e-05,
        "dmean2": 4.99963643961e-05,
        "dvar": 2.10934869571e-09,
        "dvar2": 5.22850474027e-09,
        "max": 0.000818345171865,
        "mean": 9.35559437494e-05,
        "median": 8.08069235063e-05,
        "min": 3.03456781694e-05,
        "var": 4.20720835947e-09
    },
    "spectral_energyband_low": {
        "dmean": 0.00171375495847,
        "dmean2": 0.00285151111893,
        "dvar": 4.21093909608e-06,
        "dvar2": 1.19693822853e-05,
        "max": 0.0198818985373,
        "mean": 0.00323109794408,
        "median": 0.00251421355642,
        "min": 0.000260845059529,
        "var": 6.04100478085e-06
    },
    "spectral_energyband_middle_high": {
        "dmean": 0.00496458495036,
        "dmean2": 0.00795075949281,
        "dvar": 1.4442970496e-05,
        "dvar2": 3.79248704121e-05,
        "max": 0.0381963886321,
        "mean": 0.0181526709348,
        "median": 0.0176276862621,
        "min": 0.00382840796374,
        "var": 4.851220001e-05
    },
    "spectral_energyband_middle_low": {
        "dmean": 0.00742231030017,
        "dmean2": 0.0122592765838,
        "dvar": 3.89034394175e-05,
        "dvar2": 0.000112714107672,
        "max": 0.050211250782,
        "mean": 0.0173346921802,
        "median": 0.0163337476552,
        "min": 0.00139791122638,
        "var": 7.54524808144e-05
    },
    "spectral_entropy": {
        "dmean": 0.107203580439,
        "dmean2": 0.174732029438,
        "dvar": 0.00955755822361,
        "dvar2": 0.0223881434649,
        "max": 8.09978866577,
        "mean": 7.12785196304,
        "median": 7.12865352631,
        "min": 6.67303514481,
        "var": 0.022519884631
    },
    "spectral_flux": {
        "dmean": 0.0206190682948,
        "dmean2": 0.0341790728271,
        "dvar": 0.000259827502305,
        "dvar2": 0.000747186830267,
        "max": 0.193840488791,
        "mean": 0.10256601125,
        "median": 0.101116806269,
        "min": 0.0552885942161,
        "var": 0.000435159658082
    },
    "spectral_kurtosis": {
        "dmean": 5.27240371704,
        "dmean2": 9.41703987122,
        "dvar": 16.1265468597,
        "dvar2": 51.7417945862,
        "max": 25.6545085907,
        "mean": 9.54121494293,
        "median": 8.86654472351,
        "min": 1.76811170578,
        "var": 23.4390392303
    },
    "spectral_rms": {
        "dmean": 0.000693626585416,
        "dmean2": 0.00114722002763,
        "dvar": 3.07344691919e-07,
        "dvar2": 8.62140382196e-07,
        "max": 0.00742156244814,
        "mean": 0.00598063413054,
        "median": 0.00608081463724,
        "min": 0.0035599488765,
        "var": 4.79158074995e-07
    },
    "spectral_rolloff": {
        "dmean": 200.767959595,
        "dmean2": 362.089416504,
        "dvar": 66312.640625,
        "dvar2": 172253.828125,
        "max": 2734.71679688,
        "mean": 1942.48510742,
        "median": 2045.65429688,
        "min": 624.462890625,
        "var": 90373.125
    },
    "spectral_skewness": {
        "dmean": 0.432995706797,
        "dmean2": 0.772072076797,
        "dvar": 0.109932973981,
        "dvar2": 0.34720736742,
        "max": 2.92710232735,
        "mean": 1.48047268391,
        "median": 1.42606282234,
        "min": 0.565688848495,
        "var": 0.164654135704
    },
    "spectral_spread": {
        "dmean": 178164.65625,
        "dmean2": 289611.28125,
        "dvar": 435404505088,
        "dvar2": 452244013056,
        "max": 19053952,
        "mean": 1870691,
        "median": 1828078.25,
        "min": 1425123.75,
        "var": 458019209216
    },
    "spectral_strongpeak": {
        "dmean": 2.14251375198,
        "dmean2": 3.75559997559,
        "dvar": 4.47069263458,
        "dvar2": 10.8558778763,
        "max": 11.9794359207,
        "mean": 2.85597372055,
        "median": 1.94284021854,
        "min": 0.0666386112571,
        "var": 6.90616083145
    },
    "zerocrossingrate": {
        "dmean": 0.00572330830619,
        "dmean2": 0.00756410090253,
        "dvar": 2.15768723137e-05,
        "dvar2": 3.28705536958e-05,
        "max": 0.0859375,
        "mean": 0.0598477125168,
        "median": 0.0595703125,
        "min": 0.0283203125,
        "var": 0.000110555556603
    },
    "barkbands": {
        "dmean": [1.05570288724e-05, 0.0011019896483, 0.000786949472968, 0.0015439086128, 0.00405219849199, 0.000134450630867, 9.97323149932e-05, 0.00318131223321, 0.0022221528925, 0.00107637769543, 0.000168858314282, 0.000670227687806, 0.000169695646036, 0.00272222724743, 0.00138433324173, 0.00261875754222, 0.000502155569848, 0.000228170974879, 0.000170841027284, 3.20530016324e-05, 1.87861896848e-05, 4.38960114479e-06, 7.02844147327e-07, 2.77743652077e-07, 9.46822780179e-08, 5.56317516498e-08, 3.43671686664e-08],
        "dmean2": [1.69002541952e-05, 0.00175853224937, 0.00137272686698, 0.002521622926, 0.00606504408643, 0.000241317728069, 0.000176582892891, 0.00566255161539, 0.00396234821528, 0.00171349721495, 0.000284701614873, 0.00107719458174, 0.000276636594208, 0.00446107378229, 0.00235001207329, 0.00426416890696, 0.000861536769662, 0.00037357310066, 0.000272965262411, 5.454777056e-05, 3.0902610888e-05, 6.87505826136e-06, 1.30002661081e-06, 4.51489370334e-07, 1.40573305885e-07, 7.59878275858e-08, 3.82635576557e-08],
        "dvar": [3.25260762768e-10, 1.39483029216e-06, 1.67070618318e-06, 2.05316996471e-06, 1.37305496537e-05, 2.7467255137e-08, 2.05294732325e-08, 1.27145540318e-05, 6.28692896498e-06, 1.31034175865e-06, 5.08234307972e-08, 1.15828891012e-06, 8.41023819476e-08, 7.5629541243e-06, 2.71475141744e-06, 5.8671316765e-06, 2.65160593926e-07, 5.22823135896e-08, 3.45285862124e-08, 1.53790435942e-09, 1.08416631228e-09, 3.5130180015e-11, 8.70643184284e-13, 5.31246867243e-13, 2.55317712501e-13, 2.51007114399e-13, 2.80268240256e-13],
        "dvar2": [4.62119065237e-10, 3.45215789821e-06, 5.20381627211e-06, 5.23422431797e-06, 3.2262501918e-05, 7.88151623965e-08, 5.98314926492e-08, 3.93232658098e-05, 1.92747920664e-05, 2.92635263577e-06, 1.37941484013e-07, 2.86291538032e-06, 2.13926611536e-07, 1.92005682038e-05, 6.80010589349e-06, 1.47709042722e-05, 7.09615278538e-07, 1.35260521006e-07, 8.67246470193e-08, 4.17905487993e-09, 2.75572276109e-09, 8.72480282466e-11, 1.76545290973e-12, 1.03887731751e-12, 2.70266258375e-13, 2.55749794172e-13, 2.8013783784e-13],
        "max": [0.000422973389504, 0.0102508999407, 0.0119444085285, 0.0103538930416, 0.0302730929106, 0.00214737164788, 0.00186469219625, 0.0258799083531, 0.0200937911868, 0.0166331958026, 0.00285423081368, 0.0199589300901, 0.00493341591209, 0.0209830328822, 0.0148700494319, 0.0239662770182, 0.0049724294804, 0.00258548650891, 0.00242445990443, 0.000652340997476, 0.000634925323538, 0.000130640110001, 1.55916295626e-05, 1.35663603942e-05, 1.16604269351e-05, 1.16548462756e-05, 1.21943330669e-05],
        "mean": [1.5444104065e-05, 0.00172569218557, 0.000934051000513, 0.00226585520431, 0.00718273827806, 0.000173804728547, 0.0001335934503, 0.00346304220147, 0.00279434840195, 0.00274510728195, 0.000264714210061, 0.000968006148469, 0.000265799142653, 0.0047051734291, 0.00242916797288, 0.00501743145287, 0.00107239722274, 0.000496001914144, 0.000362545892131, 7.10283202352e-05, 5.33865895704e-05, 1.193656135e-05, 8.56186261444e-07, 8.30632245652e-07, 2.80619303794e-07, 1.04627837061e-07, 6.93200306046e-08],
        "median": [9.69124630501e-06, 0.00125671480782, 0.00060279679019, 0.00186237844173, 0.00578209292144, 0.00012734135089, 9.08185756998e-05, 0.00200875708833, 0.00188234308735, 0.00141651136801, 0.000173261694727, 0.000590505311266, 0.000159609917318, 0.0034527531825, 0.00180137204006, 0.00408198917285, 0.000865905894898, 0.000433989043813, 0.000291026459308, 5.79691004532e-05, 4.33001987403e-05, 9.64359060163e-06, 5.83942892263e-07, 7.20904949958e-07, 2.3698768814e-07, 7.11354317673e-08, 3.99431066e-08],
        "min": [1.66244177535e-07, 6.02866202826e-05, 2.492918793e-05, 2.22551516345e-05, 0.000103164435131, 9.95061418507e-06, 7.71042959968e-06, 3.74082992494e-05, 6.09263734077e-05, 7.55067449063e-05, 7.83617542766e-06, 3.13541459036e-05, 1.16297469503e-05, 0.000207058386877, 0.000199433532543, 0.000376000214601, 0.000111074485176, 7.71534178057e-05, 4.00180470024e-05, 1.09240581878e-05, 1.36031694637e-05, 2.6074158086e-06, 1.59577112413e-07, 2.636298575e-07, 8.09681210967e-08, 1.59056305904e-08, 7.54629869704e-09],
        "var": [4.95255059185e-10, 2.42012902163e-06, 1.47747834944e-06, 2.95291692964e-06, 2.85512760456e-05, 3.06881737799e-08, 2.33861854326e-08, 1.69106497196e-05, 7.66616085457e-06, 8.76465492183e-06, 1.0223761393e-07, 1.60807826433e-06, 1.40323891173e-07, 1.48749777509e-05, 4.90343427373e-06, 1.32166660478e-05, 5.22604977959e-07, 1.02955716841e-07, 6.74012170521e-08, 3.09619641037e-09, 1.99131466871e-09, 8.94560814313e-11, 8.42776315315e-13, 5.91041050737e-13, 2.6875902762e-13, 2.54043747844e-13, 2.81669056568e-13]
    },
    "erbbands": {
        "dmean": [0.0260030496866, 0.275817602873, 0.818518996239, 2.43264198303, 17.2250595093, 7.02006435394, 0.732954740524, 1.36849045753, 0.794767677784, 3.91913127899, 109.38256073, 41.5250473022, 37.7116508484, 9.22485637665, 17.8563976288, 16.6626148224, 5.91671943665, 44.0523872375, 166.396118164, 66.1783370972, 120.817604065, 30.3938446045, 10.6550426483, 12.2568769455, 3.61567759514, 1.58997392654, 0.916485309601, 0.535403490067, 0.161004766822, 0.0353299863636, 0.0189515948296, 0.00716668879613, 0.00397959817201, 0.00163434131537, 0.00041107783909, 0.000267045397777, 9.41294347285e-05, 1.97955268959e-05, 8.29826421977e-06, 1.01013602034e-05],
        "dmean2": [0.0407800041139, 0.442154586315, 1.40119016171, 4.07415819168, 25.4432792664, 11.2631120682, 1.26031184196, 2.47647953033, 1.37148058414, 6.91478300095, 194.902069092, 74.5167388916, 60.7622184753, 14.8228759766, 29.2568435669, 26.6683044434, 9.62752819061, 73.7280654907, 265.151245117, 109.499465942, 195.88470459, 52.103099823, 16.9411811829, 20.4421367645, 5.95141649246, 2.72300815582, 1.49690246582, 0.889449894428, 0.255563378334, 0.0621782056987, 0.0343100987375, 0.0117795495316, 0.00650920346379, 0.0025357012637, 0.000564278452657, 0.000373479357222, 0.000126152575831, 2.15288782783e-05, 1.11710642159e-05, 1.6529154891e-05],
        "dvar": [0.000628980982583, 0.0943597331643, 1.50662088394, 6.89525556564, 214.508102417, 53.6150627136, 0.583719134331, 3.08311510086, 0.759045362473, 16.880739212, 15527.9619141, 2033.52099609, 1530.47692871, 87.96068573, 473.591247559, 839.997253418, 55.4465637207, 1888.98779297, 25650.65625, 6039.28320312, 13979.2148438, 1021.7442627, 104.051895142, 188.156814575, 19.2037982941, 3.96506619453, 1.96336460114, 0.780099272728, 0.0656525045633, 0.00215994450264, 0.000623440602794, 0.000240968933213, 0.000115139693662, 3.48572648363e-05, 1.29612662931e-05, 3.9264687075e-06, 8.71380848366e-07, 1.08070992155e-07, 5.51400747284e-09, 9.35378441369e-11],
        "dvar2": [0.00132548401598, 0.239842563868, 4.46483135223, 19.6708965302, 498.714660645, 140.44329834, 1.65730178356, 8.79628562927, 2.25717234612, 52.7077026367, 48286.6367188, 6218.07714844, 3516.89526367, 220.222839355, 1173.18371582, 2042.33410645, 132.439163208, 4670.27392578, 64105.25, 17231.9101562, 35125.734375, 2714.82641602, 250.316207886, 439.800598145, 48.3680725098, 11.2316999435, 4.84547615051, 1.88750779629, 0.167815878987, 0.0048787118867, 0.00125544157345, 0.000421233504312, 0.000209159217775, 4.27296145062e-05, 1.30325124701e-05, 4.07634479416e-06, 8.81784956164e-07, 1.0817049656e-07, 5.50464251958e-09, 1.98090738257e-10],
        "max": [0.272158354521, 2.72721529007, 10.210808754, 27.2818489075, 113.142021179, 68.4272155762, 6.59742689133, 23.776134491, 9.94143486023, 34.9892120361, 896.738647461, 355.60748291, 562.480102539, 110.607299805, 298.613342285, 618.093383789, 123.706451416, 443.661224365, 1632.35437012, 995.937438965, 1162.82971191, 281.182983398, 145.079330444, 162.212051392, 54.2789382935, 26.4256839752, 24.6057548523, 17.3605213165, 5.73487329483, 0.715267837048, 0.429694235325, 0.314993798733, 0.206524714828, 0.132677718997, 0.0835338309407, 0.0462221652269, 0.021660014987, 0.00754206581041, 0.00174663355574, 0.00019841309404],
        "mean": [0.0397830456495, 0.427383154631, 1.14515650272, 4.25216341019, 31.1623382568, 11.3740024567, 1.33916699886, 1.70253872871, 1.36000025272, 5.785197258, 124.519012451, 55.397644043, 92.962310791, 23.8164958954, 29.9857769012, 26.8357639313, 12.6715278625, 89.6349487305, 317.492279053, 150.682235718, 232.949111938, 68.6089630127, 30.0566101074, 28.8891239166, 8.89425754547, 3.55343556404, 2.41409659386, 1.6514954567, 0.484254598618, 0.070723310113, 0.0262936074287, 0.0200612656772, 0.0114030875266, 0.00516453385353, 0.00099284783937, 0.00065109168645, 0.000154206194566, 3.30888324243e-05, 2.96032885672e-05, 4.63941942144e-05],
        "median": [0.0285510122776, 0.300700485706, 0.789246797562, 3.58523511887, 26.713218689, 8.65950298309, 1.11945796013, 1.17783737183, 1.14921236038, 4.28827524185, 73.602897644, 40.3079071045, 51.7570419312, 15.5877780914, 22.4004974365, 18.6993713379, 10.0397987366, 73.9300384521, 250.740997314, 129.351959229, 182.320465088, 55.8193969727, 27.4387283325, 23.9022846222, 7.4427318573, 2.87584447861, 1.87209010124, 1.40583562851, 0.407120525837, 0.0578433200717, 0.0194193869829, 0.0173289850354, 0.00974251329899, 0.00450566038489, 0.000744369113818, 0.00049508898519, 9.75528091658e-05, 1.55373636517e-05, 2.60172528215e-05, 4.6910092351e-05],
        "min": [0.000991123844869, 0.0174228865653, 0.0950485989451, 0.313367813826, 0.427455842495, 0.182555675507, 0.138643294573, 0.0985728874803, 0.174042806029, 0.382461071014, 1.46463549137, 1.65876090527, 2.26813316345, 1.40383982658, 1.94337880611, 1.52051568031, 1.32561016083, 5.78811883926, 16.4863471985, 24.0133838654, 19.9334373474, 10.8120508194, 6.19119358063, 4.78091955185, 1.76789236069, 0.557725429535, 0.556371808052, 0.379312962294, 0.112003386021, 0.0209112856537, 0.00616716593504, 0.00622925115749, 0.00392969232053, 0.0014729128452, 0.000288494426059, 0.000171434498043, 2.66248771368e-05, 9.06528657652e-06, 1.27853236336e-05, 1.73963344423e-05],
        "var": [0.00135361088905, 0.156097084284, 1.56631708145, 8.58483600616, 482.12789917, 85.7521362305, 0.839656114578, 3.30475926399, 0.970296740532, 22.5392894745, 20171.1660156, 2492.2878418, 9574.01171875, 435.431884766, 765.904418945, 1222.2545166, 116.075592041, 3602.0246582, 62388.6132812, 9558.84960938, 31004.8144531, 2082.09594727, 270.444549561, 374.319854736, 38.9033355713, 7.20559120178, 4.21274709702, 1.75404584408, 0.140848889947, 0.00286226090975, 0.000635572476313, 0.000291236239718, 0.000126896498841, 3.97418953071e-05, 1.31669876282e-05, 4.00135559175e-06, 8.78673176885e-07, 1.08173225044e-07, 5.57840573734e-09, 1.35875713458e-10]
    },
    "gfcc": {
        "mean": [-22.6191158295, 160.669204712, -186.760910034, 28.8519268036, -12.3307332993, -4.83416223526, -20.1901531219, 1.58937740326, -6.55820655823, -18.9301166534, -33.3758621216, -30.5054740906, 0.226683020592],
        "cov": [[123.121414185, -8.80705070496, -20.9856891632, 0.387617707253, -3.08810949326, -0.811772882938, 9.52886867523, -2.30568742752, -14.7061166763, 1.54239737988, 6.10593223572, 20.2721042633, 3.80131840706], [-8.80705070496, 99.0705413818, 20.5518302917, -22.7372131348, 4.16770362854, -9.98307418823, 15.0017061234, 1.50810003281, 4.58780765533, -6.16814613342, 2.97984194756, -14.3838644028, 4.12054395676], [-20.9856891632, 20.5518302917, 128.024688721, 45.6839294434, 5.55657148361, 15.3450508118, -35.3537979126, -5.143409729, -2.75008583069, -0.883215129375, 1.61796844006, 6.82875204086, -13.5430011749], [0.387617707253, -22.7372131348, 45.6839294434, 110.142250061, 52.9057388306, 19.3609333038, -25.7262935638, -22.9355754852, -6.3690533638, 10.3677988052, 20.9524002075, 24.6915626526, 2.82939195633], [-3.08810949326, 4.16770362854, 5.55657148361, 52.9057388306, 91.9939193726, 32.8347358704, -15.3988447189, -27.7522754669, -3.77505850792, 18.2114372253, 23.4269638062, 16.3518943787, 7.2939119339], [-0.811772882938, -9.98307418823, 15.3450508118, 19.3609333038, 32.8347358704, 61.0404167175, 10.4052991867, -5.86421442032, -5.8559088707, 7.4742770195, 18.0273342133, 18.7490367889, 1.98908734322], [9.52886867523, 15.0017061234, -35.3537979126, -25.7262935638, -15.3988447189, 10.4052991867, 59.6376647949, 29.6359844208, 2.78295946121, -5.4699177742, -4.66112089157, -3.83187460899, 7.34604978561], [-2.30568742752, 1.50810003281, -5.143409729, -22.9355754852, -27.7522754669, -5.86421442032, 29.6359844208, 56.3935546875, 27.2650604248, -1.31003630161, -7.82318925858, -2.87260437012, -0.0347040891647], [-14.7061166763, 4.58780765533, -2.75008583069, -6.3690533638, -3.77505850792, -5.8559088707, 2.78295946121, 27.2650604248, 50.8026123047, 25.78358078, 0.860375106335, -10.506688118, -2.85646438599], [1.54239737988, -6.16814613342, -0.883215129375, 10.3677988052, 18.2114372253, 7.4742770195, -5.4699177742, -1.31003630161, 25.78358078, 64.635635376, 35.2162513733, 3.03849482536, -3.25488066673], [6.10593223572, 2.97984194756, 1.61796844006, 20.9524002075, 23.4269638062, 18.0273342133, -4.66112089157, -7.82318925858, 0.860375106335, 35.2162513733, 51.8157081604, 25.0400657654, -1.64425003529], [20.2721042633, -14.3838644028, 6.82875204086, 24.6915626526, 16.3518943787, 18.7490367889, -3.83187460899, -2.87260437012, -10.506688118, 3.03849482536, 25.0400657654, 53.2540588379, 15.3841381073], [3.80131840706, 4.12054395676, -13.5430011749, 2.82939195633, 7.2939119339, 1.98908734322, 7.34604978561, -0.0347040891647, -2.85646438599, -3.25488066673, -1.64425003529, 15.3841381073, 40.9279747009]],
        "icov": [[0.00987782049924, -0.00170574861113, 0.00283419899642, -0.00140648020897, 0.0014087628806, 0.000224345130846, -0.000142200340633, -0.00124879612122, 0.00497507024556, -0.00472910515964, 0.00471956795081, -0.00622664624825, 0.00255308812484], [-0.00170574861113, 0.0271676238626, -0.0184911694378, 0.0140933627263, -0.012907795608, 0.0176069308072, -0.0238840170205, 0.016742952168, -0.0162369180471, 0.0187218021601, -0.0240604858845, 0.0102362288162, -0.00838258024305], [0.00283419899642, -0.0184911694378, 0.0263615120202, -0.0154192978516, 0.0129290791228, -0.0188688524067, 0.0270319115371, -0.0184842851013, 0.0154554080218, -0.0146365081891, 0.019523486495, -0.00635336944833, 0.00821981858462], [-0.00140648020897, 0.0140933627263, -0.0154192978516, 0.0240764003247, -0.015177231282, 0.011884986423, -0.0130436755717, 0.0119054978713, -0.0104107754305, 0.0110558429733, -0.0143137555569, 0.000601686129812, -0.00422502169386], [0.0014087628806, -0.012907795608, 0.0129290791228, -0.015177231282, 0.0283402334899, -0.0187074504793, 0.0150364413857, -0.00201567611657, 0.00500363856554, -0.0100505864248, 0.00911291781813, -0.00267676264048, 0.000576302234549], [0.000224345130846, 0.0176069308072, -0.0188688524067, 0.011884986423, -0.0187074504793, 0.0406593903899, -0.0306208562106, 0.0171739440411, -0.0120107391849, 0.0128000229597, -0.0186546053737, -0.002083649626, -0.00177679792978], [-0.000142200340633, -0.0238840170205, 0.0270319115371, -0.0130436755717, 0.0150364413857, -0.0306208562106, 0.0614334531128, -0.0410359017551, 0.0273473374546, -0.0181512534618, 0.0203498899937, 0.00117093231529, 0.000854021345731], [-0.00124879612122, 0.016742952168, -0.0184842851013, 0.0119054978713, -0.00201567611657, 0.0171739440411, -0.0410359017551, 0.0608565658331, -0.0416061989963, 0.0214776322246, -0.0164293367416, -0.00445332704112, -0.00174937548582], [0.00497507024556, -0.0162369180471, 0.0154554080218, -0.0104107754305, 0.00500363856554, -0.0120107391849, 0.0273473374546, -0.0416061989963, 0.060089096427, -0.0364889316261, 0.026509270072, -0.000823278620373, 0.00442108185962], [-0.00472910515964, 0.0187218021601, -0.0146365081891, 0.0110558429733, -0.0100505864248, 0.0128000229597, -0.0181512534618, 0.0214776322246, -0.0364889316261, 0.0552630983293, -0.0483038537204, 0.0170292668045, -0.0091012660414], [0.00471956795081, -0.0240604858845, 0.019523486495, -0.0143137555569, 0.00911291781813, -0.0186546053737, 0.0203498899937, -0.0164293367416, 0.026509270072, -0.0483038537204, 0.0758641883731, -0.0328284874558, 0.0184460636228], [-0.00622664624825, 0.0102362288162, -0.00635336944833, 0.000601686129812, -0.00267676264048, -0.002083649626, 0.00117093231529, -0.00445332704112, -0.000823278620373, 0.0170292668045, -0.0328284874558, 0.0457713492215, -0.0194585137069], [0.00255308812484, -0.00838258024305, 0.00821981858462, -0.00422502169386, 0.000576302234549, -0.00177679792978, 0.000854021345731, -0.00174937548582, 0.00442108185962, -0.0091012660414, 0.0184460636228, -0.0194585137069, 0.0355208106339]]
    },
    "melbands": {
        "dmean": [0.000271839118795, 0.000377242540708, 0.000846332171932, 0.00103008456063, 3.15982033499e-05, 2.83837216557e-05, 1.47463370013e-05, 3.51973467332e-05, 0.00103903596755, 0.000196908717044, 0.000192771331058, 4.60873670818e-05, 4.06733852287e-05, 9.03061591089e-05, 1.32653440232e-05, 2.66810257017e-05, 9.12844043341e-05, 0.000352783303242, 5.6109711295e-05, 0.000179195674718, 0.000114958587801, 3.28431706293e-05, 1.57962113008e-05, 1.15989187179e-05, 1.12806937977e-05, 4.30889440395e-06, 1.7210520582e-06, 1.02300998606e-06, 4.60638062805e-07, 6.25265499821e-07, 2.6705922096e-07, 1.14279316676e-07, 3.66792285433e-08, 1.78028418674e-08, 1.38694922214e-08, 5.58235191406e-09, 4.67913752189e-09, 3.45235506849e-09, 2.19355444919e-09, 1.31032107387e-09],
        "dmean2": [0.000426121230703, 0.000624573847745, 0.00131196284201, 0.00155811978038, 5.4674292187e-05, 5.11757134518e-05, 2.54356400546e-05, 6.19944039499e-05, 0.0018556274008, 0.000350401183823, 0.000308782386128, 7.42546544643e-05, 6.67865533615e-05, 0.000144941383041, 2.21471182158e-05, 4.47271959274e-05, 0.00015458111011, 0.000560061424039, 9.33396513574e-05, 0.000294256140478, 0.000184493837878, 5.67414499528e-05, 2.55868962995e-05, 1.9540930225e-05, 1.87973873835e-05, 7.10263338988e-06, 2.90579282591e-06, 1.76930768703e-06, 7.59120950988e-07, 1.04599621409e-06, 4.34211642641e-07, 1.80374811976e-07, 6.27446112844e-08, 3.31926344188e-08, 2.57152041883e-08, 9.35021837734e-09, 7.67113839117e-09, 5.75119685209e-09, 3.48434059383e-09, 2.03790873066e-09],
        "dvar": [7.39761247814e-08, 2.49614203085e-07, 4.85840132569e-07, 9.05443641841e-07, 1.14176412769e-09, 1.28984067871e-09, 3.34609728814e-10, 1.29736021925e-09, 1.42514147683e-06, 4.33524682819e-08, 4.06307698597e-08, 2.4470909743e-09, 2.0552668456e-09, 2.39558612947e-08, 2.27685079124e-10, 1.48997392202e-09, 1.03423944964e-08, 1.14275913177e-07, 5.1247881494e-09, 2.69319393453e-08, 1.25832793074e-08, 1.20629228828e-09, 2.16540646525e-10, 1.64012525783e-10, 1.66725924733e-10, 2.39221750048e-11, 5.44223737256e-12, 1.76012568236e-12, 3.99184401896e-13, 1.58690074969e-12, 1.27019746175e-13, 2.99251285373e-14, 3.73777174305e-15, 4.74610453918e-16, 3.02734445788e-16, 1.00018219512e-16, 1.02707304274e-16, 6.46484265055e-17, 4.20059288801e-17, 2.14050751338e-17],
        "dvar2": [1.73688505356e-07, 7.12688063231e-07, 1.25537667373e-06, 2.1681371436e-06, 3.15838821763e-09, 3.69268038369e-09, 9.97784854739e-10, 3.80668430111e-09, 4.42918781118e-06, 1.33155126036e-07, 9.2446541089e-08, 5.9348836956e-09, 5.23190513135e-09, 5.86977364492e-08, 6.2284261082e-10, 3.82345044514e-09, 2.53653045235e-08, 2.87676868993e-07, 1.4320399977e-08, 6.79564422512e-08, 3.22001625364e-08, 3.28770743963e-09, 5.19320364489e-10, 4.3020409457e-10, 3.95966093247e-10, 5.96246940709e-11, 1.53380502743e-11, 5.04347822186e-12, 9.05909136768e-13, 4.37342306467e-12, 2.58552023107e-13, 7.60735062184e-14, 8.24125364712e-15, 1.10792851825e-15, 6.78604257341e-16, 1.42600630413e-16, 2.1519110253e-16, 1.27214872496e-16, 6.94795318598e-17, 2.47189476105e-17],
        "max": [0.00243171537295, 0.00458056060597, 0.00453118234873, 0.00802408996969, 0.000314940960379, 0.000477822584799, 0.000238023756538, 0.000315861048875, 0.00869158282876, 0.00164957682136, 0.002915764926, 0.0005671948893, 0.000437832495663, 0.00300384126604, 0.000140385804116, 0.000539935950655, 0.00114660069812, 0.00339462724514, 0.00111367891077, 0.00159582227934, 0.00109593302477, 0.00029143091524, 0.000171563617187, 0.000138444811455, 0.000156155467266, 4.71209423267e-05, 3.78665463359e-05, 1.63423119375e-05, 1.05332064777e-05, 2.18982240767e-05, 9.11010465643e-06, 3.5557393403e-06, 1.11441295303e-06, 2.79223087318e-07, 2.49547809972e-07, 2.21123315214e-07, 1.82252222203e-07, 1.4777512547e-07, 1.25828066189e-07, 1.06386011112e-07],
        "mean": [0.000429130333941, 0.000584182911552, 0.00156852556393, 0.00180005235597, 4.91788923682e-05, 3.56302625732e-05, 2.28774042625e-05, 5.60121952731e-05, 0.00118624069728, 0.000260086992057, 0.000474462955026, 0.000113000249257, 6.8324356107e-05, 0.00013165450946, 2.24341656576e-05, 4.06104809372e-05, 0.000152729291585, 0.000646080938168, 0.000110674649477, 0.000349765439751, 0.000221658294322, 6.56868651276e-05, 3.81050849683e-05, 2.30863715842e-05, 2.50395787589e-05, 8.78802620718e-06, 3.51980906999e-06, 1.9493986656e-06, 1.17982506254e-06, 1.56807004714e-06, 7.8055376207e-07, 3.15108025006e-07, 8.20303469595e-08, 1.98672172047e-08, 1.54018824361e-08, 1.1812220535e-08, 1.23660868212e-08, 8.68326921477e-09, 5.83618220418e-09, 3.73888875416e-09],
        "median": [0.000309329596348, 0.00041472891462, 0.0013816175051, 0.00145174656063, 3.80072633561e-05, 2.53110447375e-05, 1.83837546501e-05, 4.11543005612e-05, 0.000711054657586, 0.000193738815142, 0.000260989763774, 6.70426161378e-05, 5.14145358466e-05, 8.18664557301e-05, 1.69698760146e-05, 2.78035731753e-05, 0.000113984555355, 0.000494865002111, 8.79197614267e-05, 0.000292100885417, 0.000170419691131, 5.17778025824e-05, 3.29561953549e-05, 1.93373016373e-05, 2.04402476811e-05, 7.0102933023e-06, 2.78914399132e-06, 1.54487952386e-06, 9.3418589131e-07, 1.2644132994e-06, 6.35573428553e-07, 2.58971510902e-07, 6.579756473e-08, 1.29734241128e-08, 9.96051241486e-09, 9.94930715592e-09, 1.07084989764e-08, 7.49254169818e-09, 4.85833950847e-09, 3.20151327671e-09],
        "min": [1.24527068692e-05, 3.43804786098e-05, 0.000107710562588, 2.32182574109e-05, 2.8337058211e-06, 1.81986331427e-06, 1.22900758015e-06, 3.1730394312e-06, 1.16853680083e-05, 9.21843911783e-06, 1.04409846244e-05, 3.7977035845e-06, 4.34535604654e-06, 5.61709339308e-06, 1.90201740224e-06, 2.25594135372e-06, 8.65068795974e-06, 2.55745871982e-05, 1.34029060064e-05, 2.18667737499e-05, 1.15348530016e-05, 5.57867497264e-06, 2.946589575e-06, 3.28152191287e-06, 3.47943364432e-06, 1.1200887684e-06, 5.46823741843e-07, 2.70415398518e-07, 2.383681732e-07, 2.99118056546e-07, 1.14242041604e-07, 6.7691779293e-08, 1.58028008457e-08, 2.37234276668e-09, 2.72168421134e-09, 2.82189493994e-09, 3.44376638317e-09, 2.65467248184e-09, 1.93451588082e-09, 8.19258993978e-10],
        "var": [1.42991609664e-07, 3.30057162046e-07, 9.12331529435e-07, 1.79918345111e-06, 1.591142329e-09, 1.40199973853e-09, 4.11535028277e-10, 2.10804551593e-09, 1.81007635547e-06, 5.25820489372e-08, 2.59441378603e-07, 1.16256968496e-08, 3.97128641083e-09, 3.24946078933e-08, 3.77920084116e-10, 2.23944862654e-09, 1.71529759285e-08, 2.72608076557e-07, 8.07231881339e-09, 6.12303381331e-08, 2.73834306341e-08, 2.25466934012e-09, 5.89723880839e-10, 2.55597598642e-10, 3.18888970785e-10, 4.56641009727e-11, 9.53036521228e-12, 2.51391333965e-12, 9.66055143867e-13, 2.08573392932e-12, 3.96317852668e-13, 6.80127815503e-14, 5.59962639408e-15, 4.3004360364e-16, 2.80070941084e-16, 1.18832806504e-16, 1.18013593295e-16, 7.01125367866e-17, 4.7069286698e-17, 2.39736744222e-17]
    },
    "mfcc": {
        "mean": [-648.260009766, 181.830734253, -84.3843536377, 37.3812789917, 14.6103954315, 6.4868721962, -0.475951969624, 6.90593290329, 27.6390590668, 9.44302272797, -3.17984485626, -12.1580457687, -22.3714675903],
        "cov": [[151.0440979, -19.0590324402, -44.6246948242, 0.834581971169, -22.2183074951, -0.665622234344, 14.0465192795, -1.28209424019, -3.49313759804, -25.511472702, -6.86092042923, 6.07969474792, 15.6217355728], [-19.0590324402, 117.418884277, -1.41046333313, -24.6496753693, -16.1683578491, -17.3599948883, 9.16166400909, -8.42860984802, 12.1037721634, 3.09916543961, 6.95830106735, 6.59932661057, -10.4187345505], [-44.6246948242, -1.41046333313, 122.519523621, 13.4440336227, 23.0942211151, 7.69035959244, -15.7682571411, 11.6579866409, -15.4378757477, 1.42297971249, 6.54508399963, 4.99871349335, -6.37149906158], [0.834581971169, -24.6496753693, 13.4440336227, 77.5037384033, 42.9745445251, 18.4643707275, -4.09233188629, -7.61181783676, -12.2885980606, -1.75879299641, -4.53122997284, -2.92634654045, 7.10504722595], [-22.2183074951, -16.1683578491, 23.0942211151, 42.9745445251, 99.2319717407, 55.8188171387, -4.0110669136, -10.9201955795, -32.6183700562, -1.83367967606, -1.37262558937, 5.97020721436, 18.3906593323], [-0.665622234344, -17.3599948883, 7.69035959244, 18.4643707275, 55.8188171387, 79.4427490234, 20.9670314789, -7.5935382843, -30.8623485565, -4.5320186615, 1.81237864494, 1.00660955906, 11.7729101181], [14.0465192795, 9.16166400909, -15.7682571411, -4.09233188629, -4.0110669136, 20.9670314789, 51.7399597168, 9.24976730347, -3.9635617733, -8.13875579834, -1.9239385128, -4.30129766464, -2.6175057888], [-1.28209424019, -8.42860984802, 11.6579866409, -7.61181783676, -10.9201955795, -7.5935382843, 9.24976730347, 65.571937561, 17.6217479706, -8.39665794373, -6.47550821304, -9.04615020752, -1.60405063629], [-3.49313759804, 12.1037721634, -15.4378757477, -12.2885980606, -32.6183700562, -30.8623485565, -3.9635617733, 17.6217479706, 65.6586380005, 15.0418024063, -10.9599237442, -3.25482368469, -5.90438318253], [-25.511472702, 3.09916543961, 1.42297971249, -1.75879299641, -1.83367967606, -4.5320186615, -8.13875579834, -8.39665794373, 15.0418024063, 54.2012023926, 21.0647506714, 2.41302394867, -5.27651119232], [-6.86092042923, 6.95830106735, 6.54508399963, -4.53122997284, -1.37262558937, 1.81237864494, -1.9239385128, -6.47550821304, -10.9599237442, 21.0647506714, 54.9378967285, 18.2172927856, -5.51691961288], [6.07969474792, 6.59932661057, 4.99871349335, -2.92634654045, 5.97020721436, 1.00660955906, -4.30129766464, -9.04615020752, -3.25482368469, 2.41302394867, 18.2172927856, 46.0692176819, 21.2521438599], [15.6217355728, -10.4187345505, -6.37149906158, 7.10504722595, 18.3906593323, 11.7729101181, -2.6175057888, -1.60405063629, -5.90438318253, -5.27651119232, -5.51691961288, 21.2521438599, 54.0118560791]],
