{
"lowlevel": {
    "average_loudness": 0.985710978508,
    "barkbands_crest": {
        "dmean": 4.0004940033,
        "dmean2": 6.28668498993,
        "dvar": 7.96230554581,
        "dvar2": 21.3822097778,
        "max": 18.1838798523,
        "mean": 11.0105857849,
        "median": 10.7988843918,
        "min": 3.72430372238,
        "var": 15.1760063171
    },
    "barkbands_flatness_db": {
        "dmean": 0.0210826154798,
        "dmean2": 0.0329805016518,
        "dvar": 0.000270566291874,
        "dvar2": 0.000648069020826,
        "max": 0.237573772669,
        "mean": 0.182699158788,
        "median": 0.181585788727,
        "min": 0.115086980164,
        "var": 0.000470919971121
    },
    "barkbands_kurtosis": {
        "dmean": 1.11503756046,
        "dmean2": 1.81311666965,
        "dvar": 1.36780512333,
        "dvar2": 2.96650075912,
        "max": 6.97323417664,
        "mean": -0.216187536716,
        "median": -0.72030043602,
        "min": -1.66795516014,
        "var": 2.1921184063
    },
    "barkbands_skewness": {
        "dmean": 0.538378477097,
        "dmean2": 0.845421016216,
        "dvar": 0.176697194576,
        "dvar2": 0.441735178232,
        "max": 2.72828269005,
        "mean": 0.937412977219,
        "median": 0.870473265648,
        "min": -0.270340323448,
        "var": 0.343430489302
    },
    "barkbands_spread": {
        "dmean": 5.40568256378,
        "dmean2": 8.93714237213,
        "dvar": 19.5886058807,
        "dvar2": 46.8692779541,
        "max": 38.3691902161,
        "mean": 26.2893276215,
        "median": 26.3251419067,
        "min": 9.93362140656,
        "var": 34.7929382324
    },
    "dissonance": {
        "dmean": 0.0125914476812,
        "dmean2": 0.0209487844259,
        "dvar": 0.000179765673238,
        "dvar2": 0.000355766736902,
        "max": 0.494358658791,
        "mean": 0.475358366966,
        "median": 0.476285964251,
        "min": 0.330701619387,
        "var": 0.000254193379078
    },
    "dynamic_complexity": 0.742640793324,
    "erbbands_crest": {
        "dmean": 1.25716590881,
        "dmean2": 2.14158940315,
        "dvar": 1.23384487629,
        "dvar2": 3.350066185,
        "max": 13.4004173279,
        "mean": 6.88600873947,
        "median": 6.63202667236,
        "min": 4.44632720947,
        "var": 1.92002642155
    },
    "erbbands_flatness_db": {
        "dmean": 0.00970220845193,
        "dmean2": 0.015251823701,
        "dvar": 0.000132624438265,
        "dvar2": 0.000194916967303,
        "max": 0.259021192789,
        "mean": 0.233827203512,
        "median": 0.236205726862,
        "min": 0.120675250888,
        "var": 0.000299380946672
    },
    "erbbands_kurtosis": {
        "dmean": 0.766058802605,
        "dmean2": 1.28922867775,
        "dvar": 0.484502971172,
        "dvar2": 1.2292842865,
        "max": 2.2990655899,
        "mean": -0.306384116411,
        "median": -0.468224048615,
        "min": -1.54507017136,
        "var": 0.694881796837
    },
    "erbbands_skewness": {
        "dmean": 0.309162706137,
        "dmean2": 0.526200175285,
        "dvar": 0.0679256469011,
        "dvar2": 0.173719763756,
        "max": 0.219517111778,
        "mean": -0.78540968895,
        "median": -0.792784631252,
        "min": -1.56267619133,
        "var": 0.131599634886
    },
    "erbbands_spread": {
        "dmean": 8.40580844879,
        "dmean2": 12.8007144928,
        "dvar": 41.7457199097,
        "dvar2": 102.47567749,
        "max": 60.1757965088,
        "mean": 37.4902191162,
        "median": 36.1482048035,
        "min": 21.0030212402,
        "var": 83.1914367676
    },
    "hfc": {
        "dmean": 4.69623994827,
        "dmean2": 7.17023801804,
        "dvar": 14.6532344818,
        "dvar2": 32.8720397949,
        "max": 49.7082366943,
        "mean": 26.3401470184,
        "median": 25.4387321472,
        "min": 0.388794839382,
        "var": 60.4002037048
    },
    "melbands_crest": {
        "dmean": 4.09513616562,
        "dmean2": 7.33195257187,
        "dvar": 8.56509494781,
        "dvar2": 23.2067737579,
        "max": 23.6784610748,
        "mean": 15.3421363831,
        "median": 15.1766176224,
        "min": 6.80564641953,
        "var": 13.1900043488
    },
    "melbands_flatness_db": {
        "dmean": 0.0290996171534,
        "dmean2": 0.0453681834042,
        "dvar": 0.000471283681691,
        "dvar2": 0.00127688085195,
        "max": 0.322579592466,
        "mean": 0.237078636885,
        "median": 0.237726151943,
        "min": 0.164427861571,
        "var": 0.000863232766278
    },
    "melbands_kurtosis": {
        "dmean": 3.80908846855,
        "dmean2": 5.82111310959,
        "dvar": 11.9216880798,
        "dvar2": 27.4050979614,
        "max": 22.4854412079,
        "mean": 5.08537769318,
        "median": 3.7811164856,
        "min": -0.849452257156,
        "var": 21.678527832
    },
    "melbands_skewness": {
        "dmean": 0.721653878689,
        "dmean2": 1.09224128723,
        "dvar": 0.314527779818,
        "dvar2": 0.772042751312,
        "max": 4.4180688858,
        "mean": 2.26057863235,
        "median": 2.13419437408,
        "min": 0.701110780239,
        "var": 0.65806299448
    },
    "melbands_spread": {
        "dmean": 10.902961731,
        "dmean2": 17.7778892517,
        "dvar": 78.9809875488,
        "dvar2": 203.10446167,
        "max": 58.9889450073,
        "mean": 30.874004364,
        "median": 29.9095783234,
        "min": 8.71871566772,
        "var": 127.187393188
    },
    "pitch_salience": {
        "dmean": 0.0733432471752,
        "dmean2": 0.116909004748,
        "dvar": 0.00425862381235,
        "dvar2": 0.00979572348297,
        "max": 0.7320484519,
        "mean": 0.451901823282,
        "median": 0.461595416069,
        "min": 0.257200479507,
        "var": 0.00588261475787
    },
    "silence_rate_20dB": {
        "dmean": 0,
        "dmean2": 0,
        "dvar": 0,
        "dvar2": 0,
        "max": 1,
        "mean": 1,
        "median": 1,
        "min": 1,
        "var": 0
    },
    "silence_rate_30dB": {
        "dmean": 0,
        "dmean2": 0,
        "dvar": 0,
        "dvar2": 0,
        "max": 1,
        "mean": 1,
        "median": 1,
        "min": 1,
        "var": 0
    },
    "silence_rate_60dB": {
        "dmean": 0,
        "dmean2": 0,
        "dvar": 0,
        "dvar2": 0,
        "max": 0,
        "mean": 0,
        "median": 0,
        "min": 0,
        "var": 0
    },
    "spectral_centroid": {
        "dmean": 329.587402344,
        "dmean2": 527.833496094,
        "dvar": 58500.546875,
        "dvar2": 154219.453125,
        "max": 2286.19311523,
        "mean": 1568.56335449,
        "median": 1590.9576416,
        "min": 670.488647461,
        "var": 119491.375
    },
    "spectral_complexity": {
        "dmean": 2.7866666317,
        "dmean2": 4.71140956879,
        "dvar": 6.3144903183,
        "dvar2": 15.1448984146,
        "max": 34,
        "mean": 26.0264892578,
        "median": 26,
        "min": 1,
        "var": 14.6350679398
    },
    "spectral_decrease": {
        "dmean": 2.50596055018e-09,
        "dmean2": 3.96010246817e-09,
        "dvar": 3.65247224301e-18,
        "dvar2": 9.80889712801e-18,
        "max": -2.16338169601e-10,
        "mean": -7.9970465805e-09,
        "median": -7.88588661038e-09,
        "min": -1.39076554717e-08,
        "var": 5.48081147122e-18
    },
    "spectral_energy": {
        "dmean": 0.00962193217129,
        "dmean2": 0.0152529245242,
        "dvar": 5.45547845832e-05,
        "dvar2": 0.000144031248055,
        "max": 0.0556011646986,
        "mean": 0.0325717777014,
        "median": 0.0322661474347,
        "min": 0.000851774704643,
        "var": 8.43044690555e-05
    },
    "spectral_energyband_high": {
        "dmean": 4.64550394099e-05,
        "dmean2": 7.32682601665e-05,
        "dvar": 1.71559744189e-09,
        "dvar2": 4.36083169575e-09,
        "max": 0.000422102253651,
        "mean": 0.000170184415765,
        "median": 0.000155491055921,
        "min": 3.18266870636e-06,
        "var": 5.21363308081e-09
    },
    "spectral_energyband_low": {
        "dmean": 0.00207834457979,
        "dmean2": 0.003515411634,
        "dvar": 2.92515596811e-06,
        "dvar2": 7.46345722291e-06,
        "max": 0.0115581387654,
        "mean": 0.00353770027868,
        "median": 0.00299772014841,
        "min": 0.000167207559571,
        "var": 4.97212204209e-06
    },
    "spectral_energyband_middle_high": {
        "dmean": 0.00202648574486,
        "dmean2": 0.00297946226783,
        "dvar": 2.5759707114e-06,
        "dvar2": 5.59940735911e-06,
        "max": 0.0231363754719,
        "mean": 0.010471329093,
        "median": 0.00935882981867,
        "min": 0.000101198951597,
        "var": 1.80131937668e-05
    },
    "spectral_energyband_middle_low": {
        "dmean": 0.00958818010986,
        "dmean2": 0.0151825193316,
        "dvar": 5.50367512915e-05,
        "dvar2": 0.000141419019201,
        "max": 0.0460513420403,
        "mean": 0.0196725931019,
        "median": 0.0180244408548,
        "min": 0.000642314669676,
        "var": 7.99200934125e-05
    },
    "spectral_entropy": {
        "dmean": 0.105817727745,
        "dmean2": 0.164785265923,
        "dvar": 0.0117283249274,
        "dvar2": 0.0221310909837,
        "max": 8.07763004303,
        "mean": 7.23581218719,
        "median": 7.23517179489,
        "min": 6.95978689194,
        "var": 0.0166944153607
    },
    "spectral_flux": {
        "dmean": 0.019603183493,
        "dmean2": 0.0324690118432,
        "dvar": 0.000334331823979,
        "dvar2": 0.000731704407372,
        "max": 0.203927367926,
        "mean": 0.0880533382297,
        "median": 0.0842754244804,
        "min": 0.0461521744728,
        "var": 0.00044609955512
    },
    "spectral_kurtosis": {
        "dmean": 3.20377230644,
        "dmean2": 5.5625295639,
        "dvar": 7.79658508301,
        "dvar2": 20.1672267914,
        "max": 22.8135681152,
        "mean": 6.41813278198,
        "median": 5.83831882477,
        "min": 1.62062549591,
        "var": 10.1474695206
    },
    "spectral_rms": {
        "dmean": 0.000852973666042,
        "dmean2": 0.00134322722442,
        "dvar": 5.22744187492e-07,
        "dvar2": 1.21465143366e-06,
        "max": 0.0073651233688,
        "mean": 0.00557113904506,
        "median": 0.00561062991619,
        "min": 0.000911591865588,
        "var": 7.39745985356e-07
    },
    "spectral_rolloff": {
        "dmean": 504.451049805,
        "dmean2": 828.088745117,
        "dvar": 216694.6875,
        "dvar2": 495118.65625,
        "max": 3036.18164062,
        "mean": 2021.12646484,
        "median": 2174.85351562,
        "min": 236.865234375,
        "var": 388753.5
    },
    "spectral_skewness": {
        "dmean": 0.29557171464,
        "dmean2": 0.519275248051,
        "dvar": 0.0831431075931,
        "dvar2": 0.213398963213,
        "max": 3.71291899681,
        "mean": 1.12277650833,
        "median": 1.10505580902,
        "min": 0.589861690998,
        "var": 0.124696210027
    },
    "spectral_spread": {
        "dmean": 269610.625,
        "dmean2": 366076.09375,
        "dvar": 967070580736,
        "dvar2": 622034550784,
        "max": 16908928,
        "mean": 2362399.25,
        "median": 2230405,
        "min": 1844592,
        "var": 1.53909487206e+12
    },
    "spectral_strongpeak": {
        "dmean": 0.463670551777,
        "dmean2": 0.751694738865,
        "dvar": 0.219669044018,
        "dvar2": 0.561418294907,
        "max": 3.25905275345,
        "mean": 0.895155727863,
        "median": 0.814689218998,
        "min": 0.0337777175009,
        "var": 0.260529518127
    },
    "zerocrossingrate": {
        "dmean": 0.00791992153972,
        "dmean2": 0.0100998850539,
        "dvar": 3.85375642509e-05,
        "dvar2": 5.4247713706e-05,
        "max": 0.07275390625,
        "mean": 0.0523786731064,
        "median": 0.052734375,
        "min": 0.00390625,
        "var": 0.000131966837216
    },
    "barkbands": {
        "dmean": [3.53735981662e-06, 0.00109154114034, 0.00126076373272, 0.00177378160879, 0.00861838459969, 6.51339796605e-05, 3.93374029954e-05, 0.00055069453083, 0.000711321947165, 0.000821732741315, 0.000142685661558, 0.000272092525847, 2.47257194133e-05, 0.000173987020389, 0.000417156261392, 0.00051940837875, 0.000621115555987, 0.000723723962437, 0.000134768430144, 3.76935495296e-05, 2.00074591703e-05, 1.22789142551e-05, 5.16046213761e-07, 1.88454077943e-06, 6.9074599196e-07, 2.09164554121e-07, 1.55740636387e-07],
        "dmean2": [5.89630644754e-06, 0.00174325564876, 0.002256302163, 0.00263811997138, 0.0137628344819, 0.000114270078484, 6.93375186529e-05, 0.000872918695677, 0.00121229933575, 0.00134720443748, 0.000237084954279, 0.000452717678854, 4.31313201261e-05, 0.000265189824859, 0.000656674557831, 0.000870944990311, 0.00100903236307, 0.00116562726907, 0.000227561162319, 6.36646582279e-05, 3.5106389987e-05, 2.00565355044e-05, 7.40701523227e-07, 2.81766392618e-06, 1.07148275674e-06, 2.56281538213e-07, 1.61711426472e-07],
        "dvar": [1.39873494731e-11, 8.61169041855e-07, 1.03453567135e-06, 2.11585825127e-06, 4.06669714721e-05, 4.81149831089e-09, 1.16014120533e-09, 2.96468471106e-07, 4.71352194609e-07, 7.5025826618e-07, 1.36147244589e-08, 5.13932363333e-08, 5.45519018846e-10, 3.29219389528e-08, 1.34669448926e-07, 2.74731263517e-07, 2.44129154225e-07, 3.680507632e-07, 2.05480059634e-08, 9.39127220434e-10, 3.82965020806e-10, 1.67057687128e-10, 3.62278696625e-12, 8.65429689717e-12, 3.64126263863e-12, 2.96855573977e-12, 3.20456096554e-12],
        "dvar2": [3.25294340076e-11, 2.22824951379e-06, 2.67209679805e-06, 5.1186402743e-06, 0.000107422798465, 1.02384909439e-08, 3.06922731674e-09, 8.14154532236e-07, 1.13156306725e-06, 1.82901476364e-06, 3.62960825839e-08, 1.38211603939e-07, 1.70475800143e-09, 7.28039140085e-08, 3.06423288521e-07, 7.7287734257e-07, 6.34007392364e-07, 8.2114701172e-07, 6.12836430491e-08, 2.71780442596e-09, 9.267347445e-10, 4.40005115676e-10, 4.05172596862e-12, 1.65811513825e-11, 7.68888078206e-12, 3.17163222768e-12, 3.2163861418e-12],
        "max": [2.38144857576e-05, 0.00693221390247, 0.00689213909209, 0.0100784841925, 0.0342088527977, 0.000628112407867, 0.000324846885633, 0.00314021576196, 0.00549807120115, 0.0114810885862, 0.000704339938238, 0.00156177347526, 0.00019504102238, 0.00176555488724, 0.00340839335695, 0.00364469992928, 0.00489700771868, 0.00627375254408, 0.00130406033713, 0.000264337926637, 0.000175048597157, 0.000132229295559, 2.51124638453e-05, 2.39817181864e-05, 2.12667328015e-05, 2.14188257814e-05, 2.20612109842e-05],
        "mean": [4.52534504802e-06, 0.00159893918317, 0.00143741199281, 0.00318337068893, 0.0138169331476, 8.83306202013e-05, 8.68259376148e-05, 0.000692268193234, 0.000950655783527, 0.00238847988658, 0.000218691347982, 0.000609534268733, 5.07406584802e-05, 0.000430785032222, 0.00143519195262, 0.00105038646143, 0.00196205335669, 0.00201272941194, 0.000350313464878, 0.000104231017758, 6.18499034317e-05, 3.14149619953e-05, 9.89989757727e-07, 3.57630597136e-06, 1.04347247998e-06, 3.56097302756e-07, 1.74478913095e-07],
        "median": [3.48883008883e-06, 0.00118238537107, 0.00109046546277, 0.0028667494189, 0.0122464625165, 6.92115281709e-05, 8.09500197647e-05, 0.000473062391393, 0.000646973552648, 0.00157334294636, 0.000188023317605, 0.000562207656913, 4.32225497207e-05, 0.000331588176778, 0.0012903965544, 0.000832988531329, 0.00189211440738, 0.00180083292071, 0.000307616981445, 9.0406036179e-05, 5.40447217645e-05, 2.8491989724e-05, 6.09665676166e-07, 2.31878561863e-06, 3.77809584506e-07, 1.96832417032e-07, 2.08076453845e-08],
        "min": [3.32062519703e-08, 3.17025915137e-05, 1.2675393009e-05, 0.000120413671539, 0.000377375254175, 1.31879596665e-05, 2.63894185082e-06, 6.09052858636e-06, 3.35382464982e-05, 5.09456504005e-06, 1.37545184771e-05, 3.71902001461e-06, 1.06844561287e-06, 1.80829079e-06, 1.35195932671e-05, 3.75121780962e-05, 1.40868105518e-05, 8.29726832308e-06, 2.64167761088e-06, 9.50502908381e-07, 1.16442197395e-06, 5.3936508948e-07, 1.36297217068e-07, 2.59498875721e-07, 7.26971833842e-08, 3.65509968958e-08, 1.07123989679e-08],
        "var": [1.81112434078e-11, 1.62954529515e-06, 1.37050608373e-06, 3.42299949807e-06, 6.10728093307e-05, 5.33660893254e-09, 3.08975134367e-09, 4.28004454989e-07, 7.44107524042e-07, 5.05853768118e-06, 2.16681925735e-08, 9.79543983703e-08, 1.16706122544e-09, 1.08089984963e-07, 4.25770821266e-07, 4.09703204696e-07, 7.93516107933e-07, 1.08419817479e-06, 3.55300713295e-08, 2.67578048607e-09, 9.32038335399e-10, 2.46217046751e-10, 4.21529738198e-12, 1.36693980787e-11, 5.15906935228e-12, 2.98124220623e-12, 3.19466198287e-12]
    },
    "erbbands": {
        "dmean": [0.011008980684, 0.317457526922, 1.49151098728, 2.46031999588, 33.0077781677, 20.2556209564, 1.91431903839, 0.614163517952, 0.540621578693, 0.853084862232, 21.7743930817, 12.0979804993, 27.6506996155, 5.95480298996, 8.15324115753, 9.55375766754, 2.20843338966, 3.13196206093, 20.4970531464, 13.9551725388, 31.8086681366, 31.5647335052, 20.3427276611, 31.2432804108, 3.65797328949, 1.44850313663, 1.1717993021, 0.93181681633, 0.514821410179, 0.0827753394842, 0.0178162883967, 0.0388961993158, 0.027199966833, 0.0137242814526, 0.00194138940424, 0.000986997503787, 0.000362660037354, 0.000106945139123, 2.55220147665e-05, 1.2486392734e-05],
        "dmean2": [0.0178199969232, 0.508690237999, 2.63344931602, 3.73135352135, 48.963306427, 36.3782691956, 3.47840833664, 1.08832871914, 0.947929561138, 1.39905571938, 34.9557151794, 20.6507987976, 45.4283714294, 9.70832252502, 13.8474874496, 15.579750061, 3.52495884895, 4.96140766144, 30.646730423, 22.6121044159, 52.4660758972, 51.2719764709, 33.62109375, 49.6364746094, 6.07422065735, 2.42883205414, 1.92419695854, 1.55510485172, 0.837316513062, 0.131255686283, 0.0257752165198, 0.0606006123126, 0.0402351692319, 0.0216356553137, 0.00253047700971, 0.00126359472051, 0.000439872615971, 0.00011686002108, 2.86600115942e-05, 1.8833354261e-05],
        "dvar": [0.000107180276245, 0.0721201524138, 1.41562819481, 4.11387205124, 597.066589355, 198.395584106, 1.97771501541, 0.36665391922, 0.253568917513, 0.505266964436, 409.60836792, 137.55329895, 801.073791504, 41.0923423767, 41.8107376099, 65.1944961548, 2.60460972786, 8.00468826294, 348.130401611, 137.272537231, 945.619873047, 549.583984375, 268.105499268, 720.288818359, 10.5667390823, 1.52223777771, 0.978072524071, 0.809122383595, 0.294423252344, 0.00718167005107, 0.00275461515412, 0.00568270776421, 0.00156465137843, 0.000927787041292, 0.000143798271893, 4.54735818494e-05, 1.04059236037e-05, 1.24014320591e-06, 6.42628421588e-08, 6.245365336e-10],
        "dvar2": [0.000251266697887, 0.188201695681, 3.53379464149, 9.34183502197, 1452.05700684, 572.840942383, 5.39106321335, 0.863697767258, 0.725056529045, 1.29619598389, 1015.23571777, 356.28125, 1954.72045898, 103.089515686, 118.738075256, 170.179214478, 7.5862865448, 16.8020038605, 763.788024902, 322.728118896, 2717.04833984, 1404.28723145, 686.88671875, 1592.32983398, 23.0107898712, 4.12896299362, 2.48943519592, 2.19830036163, 0.806972622871, 0.0184227544814, 0.00328153278679, 0.0121789602563, 0.00255632866174, 0.00269221630879, 0.000165651596035, 4.9573918659e-05, 1.10224837044e-05, 1.23811093999e-06, 6.4676960676e-08, 7.34101945898e-10],
        "max": [0.11786737293, 1.86126065254, 8.10967159271, 15.8047275543, 142.275405884, 64.9313812256, 9.19521713257, 4.30566310883, 3.89815068245, 5.34018564224, 119.998596191, 94.1015930176, 369.501739502, 85.7760391235, 39.8418159485, 64.0034942627, 17.1132488251, 37.865234375, 173.642501831, 98.4102859497, 221.967269897, 259.059143066, 168.080993652, 280.352233887, 33.1969604492, 11.3099994659, 10.8238191605, 7.97143030167, 5.51453113556, 0.967754244804, 0.687850534916, 0.545766294003, 0.375083267689, 0.301638573408, 0.15192823112, 0.0844226256013, 0.0399629808962, 0.0137980468571, 0.00313856778666, 0.000332615454681],
        "mean": [0.0189924668521, 0.458967089653, 1.89121615887, 5.60807085037, 54.5965309143, 27.1015796661, 2.30386400223, 0.925486266613, 1.35148489475, 1.4648771286, 29.1548309326, 19.0106754303, 75.7444610596, 20.3977146149, 15.632390976, 22.2503929138, 5.39533281326, 9.98165512085, 69.3227539062, 48.2557525635, 78.1021728516, 98.1069259644, 69.5829315186, 89.9430618286, 11.5719652176, 4.49079990387, 3.55990052223, 2.58938837051, 1.26757276058, 0.211820721626, 0.0365317501128, 0.0665325298905, 0.0556802302599, 0.0217295140028, 0.00292280083522, 0.00187880906742, 0.000564313551877, 0.000129291933263, 4.20108954131e-05, 4.12951339968e-05],
        "median": [0.0139833437279, 0.349141955376, 1.44925367832, 5.41458082199, 49.5143623352, 23.4530754089, 1.83684694767, 0.694066941738, 1.19977021217, 1.26619458199, 21.046628952, 14.694899559, 50.1922225952, 14.4622612, 14.45109272, 20.6124820709, 4.97991037369, 8.72470664978, 62.834400177, 45.2057609558, 71.2320556641, 95.5127792358, 65.7314682007, 81.9518356323, 10.4137506485, 3.85035347939, 3.27470493317, 2.31818270683, 1.10106182098, 0.167196154594, 0.0233629718423, 0.0438976511359, 0.0350934267044, 0.00871735438704, 0.00121335638687, 0.00117906951346, 0.000252269004704, 2.30802961596e-05, 2.1208623366e-05, 3.96935720346e-05],
        "min": [0.00124333216809, 0.0066107022576, 0.0441126227379, 0.360105872154, 1.16822302341, 1.2199767828, 0.196329295635, 0.19001673162, 0.118499577045, 0.0571911893785, 0.335901945829, 0.773031353951, 0.251204162836, 0.305836588144, 0.464219778776, 0.173379212618, 0.0665611475706, 0.0535596609116, 0.542489171028, 1.05320489407, 1.88634860516, 0.764934659004, 0.562528610229, 0.231413334608, 0.109262347221, 0.0402723960578, 0.0377176143229, 0.0459172464907, 0.0222933031619, 0.00839225761592, 0.00505651673302, 0.00471411645412, 0.00450594676659, 0.00143712770659, 0.000263148918748, 0.000224130606512, 5.38822205272e-05, 6.07627680438e-06, 1.14584172479e-05, 4.33197328675e-06],
        "var": [0.000310449919198, 0.131903588772, 2.15831065178, 7.06505966187, 994.168762207, 254.952301025, 2.43925404549, 0.408407211304, 0.825284063816, 0.793078780174, 707.706420898, 196.703048706, 5015.07617188, 302.784301758, 62.0694732666, 133.880859375, 8.62147808075, 41.5979156494, 1099.39038086, 408.904449463, 1561.37597656, 2081.31005859, 876.136169434, 2115.25219727, 28.6222648621, 4.58363676071, 2.81108617783, 1.67968833447, 0.447709739208, 0.0224147792906, 0.00328088644892, 0.00595744419843, 0.00335477152839, 0.00143470999319, 0.000154411871335, 4.62867828901e-05, 1.03946167656e-05, 1.24735254303e-06, 6.39586446027e-08, 6.72760125386e-10]
    },
    "gfcc": {
        "mean": [-18.4341716766, 142.138870239, -171.391448975, 49.3959846497, -20.4729442596, -7.86913967133, -22.7279186249, 4.97310733795, -24.170249939, -34.200504303, -34.8585624695, -19.668170929, -1.60689938068],
        "cov": [[393.547576904, -52.0753631592, -68.7464065552, -6.98475599289, -57.182800293, 30.9733467102, -8.52825832367, 34.7628440857, -27.478931427, -19.7922649384, 5.27725076675, -13.4870014191, 5.12456703186], [-52.0753631592, 187.100524902, -44.8179244995, 37.7544403076, 57.2563018799, -39.1387367249, 62.4602622986, -16.3075523376, 58.0386009216, 0.738057255745, 4.68909358978, -16.7168178558, -2.90996861458], [-68.7464065552, -44.8179244995, 144.328872681, -9.29235839844, -14.7743453979, 11.0840539932, -43.2281494141, -6.97362852097, -14.6138896942, 8.89808750153, 2.8617618084, 4.35176849365, -0.634710490704], [-6.98475599289, 37.7544403076, -9.29235839844, 64.8776855469, 32.3315963745, 25.5122184753, 4.25550985336, -5.06096935272, 21.5153045654, 1.87293052673, 18.5692996979, -15.6148471832, 7.60287857056], [-57.182800293, 57.2563018799, -14.7743453979, 32.3315963745, 76.9364089966, 2.96611166, 28.8443202972, -18.8153305054, 4.85151720047, 6.23580312729, 8.35775470734, 7.19373035431, 8.14787864685], [30.9733467102, -39.1387367249, 11.0840539932, 25.5122184753, 2.96611166, 67.3855514526, -8.32401657104, 23.1070270538, -0.829431414604, 7.73419094086, 20.7745780945, -8.20123577118, 10.3803653717], [-8.52825832367, 62.4602622986, -43.2281494141, 4.25550985336, 28.8443202972, -8.32401657104, 72.6125717163, 11.7681913376, 16.9474945068, 2.65527963638, -8.06680870056, 10.535317421, -0.774073660374], [34.7628440857, -16.3075523376, -6.97362852097, -5.06096935272, -18.8153305054, 23.1070270538, 11.7681913376, 49.805015564, 9.15556335449, 5.91228294373, 4.92397356033, -2.07463264465, 3.31679034233], [-27.478931427, 58.0386009216, -14.6138896942, 21.5153045654, 4.85151720047, -0.829431414604, 16.9474945068, 9.15556335449, 63.4008979797, 19.1237506866, 10.954202652, -14.2426805496, -11.9309110641], [-19.7922649384, 0.738057255745, 8.89808750153, 1.87293052673, 6.23580312729, 7.73419094086, 2.65527963638, 5.91228294373, 19.1237506866, 34.1902694702, 12.9758729935, 8.73828983307, -7.25709533691], [5.27725076675, 4.68909358978, 2.8617618084, 18.5692996979, 8.35775470734, 20.7745780945, -8.06680870056, 4.92397356033, 10.954202652, 12.9758729935, 33.4505844116, -1.4350206852, 2.86260461807], [-13.4870014191, -16.7168178558, 4.35176849365, -15.6148471832, 7.19373035431, -8.20123577118, 10.535317421, -2.07463264465, -14.2426805496, 8.73828983307, -1.4350206852, 49.6929931641, 9.65949630737], [5.12456703186, -2.90996861458, -0.634710490704, 7.60287857056, 8.14787864685, 10.3803653717, -0.774073660374, 3.31679034233, -11.9309110641, -7.25709533691, 2.86260461807, 9.65949630737, 25.0898571014]],
        "icov": [[0.00392968952656, -0.00110361271072, 0.00247136573307, -0.000970095512457, 0.00408297358081, -0.00211204914376, 0.000314266537316, -0.00107764580753, 0.00362868560478, 0.000194138498046, -0.000970928114839, -0.000105190069007, 0.00105885078665], [-0.00110361271072, 0.0233251731843, -0.00243849121034, -0.00311502139084, -0.00958382152021, 0.0178010519594, -0.0152915576473, 0.00392438145354, -0.016600202769, 0.0058853412047, -0.00957577303052, 0.0104983737692, -0.0105709135532], [0.00247136573307, -0.00243849121034, 0.0107307769358, 0.000451451371191, 0.00279246480204, -0.00450303824618, 0.00692404620349, -0.000255727762124, 0.00410829903558, -0.00354751129635, 0.00235793134198, -0.00209598662332, 0.00201610964723], [-0.000970095512457, -0.00311502139084, 0.000451451371191, 0.0371242202818, -0.0115021998063, -0.0144369984046, 0.00342470407486, 0.00789076462388, -0.0128725497052, 0.00759923318401, -0.00636686058715, 0.00553807802498, -0.00795943196863], [0.00408297358081, -0.00958382152021, 0.00279246480204, -0.0115021998063, 0.0355110876262, -0.00806915573776, -0.00864100921899, 0.0111464299262, 0.0153218060732, -0.0113212317228, -0.0012547429651, -0.00323564489372, -0.00292300898582], [-0.00211204914376, 0.0178010519594, -0.00450303824618, -0.0144369984046, -0.00806915573776, 0.0446177721024, -0.00999960396439, -0.0120465168729, -0.0034741233103, -0.00388069823384, -0.0156864188612, 0.0133627606556, -0.0139277009293], [0.000314266537316, -0.0152915576473, 0.00692404620349, 0.00342470407486, -0.00864100921899, -0.00999960396439, 0.0392634905875, -0.0155744701624, 0.00270577636547, 0.000843145186082, 0.0167400036007, -0.0153906680644, 0.0130591215566], [-0.00107764580753, 0.00392438145354, -0.000255727762124, 0.00789076462388, 0.0111464299262, -0.0120465168729, -0.0155744701624, 0.0399218723178, -0.00880102626979, -0.00382198626176, -0.00395733304322, 0.00547069031745, -0.0130614517257], [0.00362868560478, -0.016600202769, 0.00410829903558, -0.0128725497052, 0.0153218060732, -0.0034741233103, 0.00270577636547, -0.00880102626979, 0.0469652190804, -0.0229724850506, 0.00127023877576, 0.00212328112684, 0.0137729328126], [0.000194138498046, 0.0058853412047, -0.00354751129635, 0.00759923318401, -0.0113212317228, -0.00388069823384, 0.000843145186082, -0.00382198626176, -0.0229724850506, 0.0606987848878, -0.01708586514, -0.01601684466, 0.0188123416156], [-0.000970928114839, -0.00957577303052, 0.00235793134198, -0.00636686058715, -0.0012547429651, -0.0156864188612, 0.0167400036007, -0.00395733304322, 0.00127023877576, -0.01708586514, 0.0552131719887, -0.00706338975579, 0.00109558238182], [-0.000105190069007, 0.0104983737692, -0.00209598662332, 0.00553807802498, -0.00323564489372, 0.0133627606556, -0.0153906680644, 0.00547069031745, 0.00212328112684, -0.01601684466, -0.00706338975579, 0.0396505109966, -0.0242504142225], [0.00105885078665, -0.0105709135532, 0.00201610964723, -0.00795943196863, -0.00292300898582, -0.0139277009293, 0.0130591215566, -0.0130614517257, 0.0137729328126, 0.0188123416156, 0.00109558238182, -0.0242504142225, 0.0709205344319]]
    },
    "melbands": {
        "dmean": [0.000195648768567, 0.000634607335087, 0.00129579356872, 0.0022336167749, 0.000146431979374, 1.31965816763e-05, 7.82493589213e-06, 7.14341740604e-06, 0.000220056375838, 6.31651928416e-05, 0.000143346609548, 3.18933307426e-05, 2.50241610047e-05, 3.09087481583e-05, 1.99044679903e-05, 1.75249488166e-06, 5.7005254348e-06, 3.51447233697e-05, 3.50340451405e-05, 3.02469634335e-05, 3.7652291212e-05, 3.59318328265e-05, 2.69289193966e-05, 3.19587088597e-05, 2.62064058916e-05, 3.17692047247e-06, 1.60897911883e-06, 1.13453882022e-06, 1.09796349079e-06, 6.46434727969e-07, 5.37821335911e-07, 3.47167969039e-07, 1.54608358116e-07, 1.48776617692e-08, 8.53037640525e-09, 1.50958534562e-08, 3.08233758517e-08, 2.20300151454e-08, 1.45201068946e-08, 1.14259641748e-08],
        "dmean2": [0.000318326579873, 0.0010838881135, 0.00181321892887, 0.00362665392458, 0.000275182479527, 2.30389414355e-05, 1.3767839846e-05, 1.21838584164e-05, 0.000354329939, 0.000108709893539, 0.000235098414123, 5.16171021445e-05, 4.22746707045e-05, 5.28497876076e-05, 3.03906472254e-05, 3.00327906189e-06, 9.07584853849e-06, 5.2504510677e-05, 5.51223638467e-05, 4.96200736961e-05, 6.24933818472e-05, 5.70636475459e-05, 4.72678584629e-05, 5.1350602007e-05, 4.16511975345e-05, 5.05927846461e-06, 2.69288625532e-06, 1.91708772945e-06, 1.84674388493e-06, 1.11677297809e-06, 9.00455518149e-07, 5.73408328819e-07, 2.61750130903e-07, 2.38863115953e-08, 1.2601979904e-08, 2.27494236782e-08, 4.89199223352e-08, 3.20400452836e-08, 2.35758612632e-08, 1.85210780046e-08],
        "dvar": [3.0538394924e-08, 2.65200640115e-07, 8.5332129629e-07, 2.63631636699e-06, 1.27755814816e-08, 1.71896247236e-10, 4.7735298353e-11, 4.19829206122e-11, 4.00175359516e-08, 4.05575661944e-09, 2.19650164723e-08, 1.19143184207e-09, 4.11877698614e-10, 5.6488197453e-10, 2.19146034652e-10, 3.02576236635e-12, 2.49375537581e-11, 1.10307729617e-09, 9.86844050921e-10, 8.96407559292e-10, 1.42667044845e-09, 8.04256994336e-10, 4.77095696283e-10, 7.92954368833e-10, 5.04369657151e-10, 9.18436941083e-12, 2.09650699579e-12, 1.04329891081e-12, 8.6488216762e-13, 3.54099833223e-13, 2.75343007942e-13, 1.62679765492e-13, 2.16718851388e-14, 1.26127388071e-15, 9.98169565428e-16, 8.25710110417e-16, 3.83791221324e-15, 1.02538124001e-15, 6.01186345935e-16, 8.28379428871e-16],
        "dvar2": [7.64477690041e-08, 6.78589515246e-07, 2.08774031307e-06, 7.29583007342e-06, 3.41689450067e-08, 4.07393591084e-10, 1.32998986824e-10, 1.19250345709e-10, 9.7100809171e-08, 1.07831610308e-08, 5.37264881473e-08, 3.08032266361e-09, 1.10667741637e-09, 1.60450464026e-09, 5.83391224218e-10, 7.67739691265e-12, 6.46606379551e-11, 2.26898722033e-09, 2.22200058353e-09, 2.51991960631e-09, 4.09949185709e-09, 2.06440198269e-09, 1.45091849646e-09, 1.66920999245e-09, 1.1348277873e-09, 1.91821211692e-11, 5.53310435664e-12, 2.93774618347e-12, 2.29412669417e-12, 9.79167376521e-13, 7.41327192775e-13, 4.50476380373e-13, 5.45519236879e-14, 2.4523145423e-15, 1.14219195388e-15, 1.16012226494e-15, 9.26014873234e-15, 1.68418292584e-15, 1.40198839375e-15, 2.53206481186e-15],
        "max": [0.00156484683976, 0.003439422464, 0.00640229461715, 0.0087621062994, 0.000597277306952, 9.91945562419e-05, 5.73608413106e-05, 4.97770743095e-05, 0.00125350279268, 0.000500303867739, 0.00193292740732, 0.00044591864571, 0.000124754340504, 0.000157102011144, 0.00015077261196, 2.26764313993e-05, 5.77817772864e-05, 0.000307089765556, 0.000307258655084, 0.000215599575313, 0.000268088886514, 0.000281268177787, 0.000197258690605, 0.000283281173324, 0.00023144420993, 4.29425708717e-05, 1.16772525871e-05, 9.55755422183e-06, 8.11426798464e-06, 5.17471289641e-06, 4.37534572484e-06, 4.16957072957e-06, 1.53182600116e-06, 4.89905175982e-07, 3.99551595365e-07, 3.61659601822e-07, 4.87404406613e-07, 2.94361854003e-07, 2.31128311157e-07, 2.89469852532e-07],
        "mean": [0.00030095220427, 0.000856480561197, 0.00243551051244, 0.00348812504672, 0.000138508927193, 1.96354230866e-05, 1.86298602785e-05, 1.10198388938e-05, 0.000293676712317, 8.89501316124e-05, 0.000394990172936, 0.000106445375422, 4.17506962549e-05, 6.48564600851e-05, 3.80707824661e-05, 4.87472334498e-06, 1.39769372254e-05, 0.000104171202111, 0.000111693851068, 5.94038428972e-05, 9.58075252129e-05, 0.000108056039608, 7.31225300115e-05, 8.82971216924e-05, 7.42985284887e-05, 8.1576881712e-06, 3.72753879674e-06, 2.98707232105e-06, 2.73261957773e-06, 1.75790398771e-06, 1.32782349738e-06, 8.1941669805e-07, 3.39898065249e-07, 3.32188214713e-08, 1.51478758426e-08, 2.5116943192e-08, 4.9103366706e-08, 4.53949056123e-08, 2.53654768301e-08, 1.59876272221e-08],
        "median": [0.000214613668504, 0.000720017415006, 0.00226551061496, 0.00304071768187, 9.48071901803e-05, 1.5595331206e-05, 1.70881776285e-05, 9.35037678573e-06, 0.000213494975469, 6.42876475467e-05, 0.00026252947282, 7.14997149771e-05, 3.67049069609e-05, 6.05622481089e-05, 3.34170727001e-05, 3.95154347643e-06, 1.1344590348e-05, 9.04365879251e-05, 9.95654772851e-05, 4.89535741508e-05, 8.84304608917e-05, 0.000102058045741, 7.19848248991e-05, 7.87570534158e-05, 6.86087369104e-05, 6.67564154355e-06, 3.2690243188e-06, 2.58601357928e-06, 2.58569457401e-06, 1.49013214923e-06, 1.15432851544e-06, 7.14079362751e-07, 2.9760877851e-07, 1.90644051656e-08, 9.58599599699e-09, 1.56991522005e-08, 2.89402777298e-08, 2.6122151553e-08, 1.37597968575e-08, 4.92895324555e-09],
        "min": [1.10270730147e-05, 1.73022508534e-05, 8.6136162281e-05, 9.4788018032e-05, 5.62310879104e-06, 2.68407006843e-06, 1.02662409063e-06, 4.92383776418e-07, 3.71641135644e-06, 4.6630284487e-06, 1.09101404178e-06, 1.10442351797e-06, 1.87123032447e-06, 4.23434528329e-07, 4.12363078794e-07, 4.66440042146e-08, 8.16941749804e-08, 7.027200013e-07, 1.13512396638e-06, 2.4680957722e-06, 1.88050250927e-06, 6.59002637349e-07, 7.778158988e-07, 3.80550261525e-07, 1.59947120437e-07, 8.98598884191e-08, 5.21117726748e-08, 2.09962784936e-08, 1.81353367879e-08, 3.78622857511e-08, 2.02716314845e-08, 1.44230227761e-08, 6.52503473475e-09, 4.03273991978e-09, 2.49968112875e-09, 2.17858620033e-09, 2.96688473789e-09, 3.46930617567e-09, 1.42704781325e-09, 9.40124644799e-10],
        "var": [6.09704500221e-08, 4.38582475226e-07, 1.58548004947e-06, 3.89313072446e-06, 1.34825901554e-08, 2.01767810792e-10, 1.46103629195e-10, 5.65290037002e-11, 7.21237753964e-08, 5.41325739789e-09, 1.38774538527e-07, 9.13438391592e-09, 6.07277783615e-10, 1.07483721923e-09, 5.99008342927e-10, 1.31714023369e-11, 1.02738373364e-10, 3.55768992044e-09, 3.4697722473e-09, 1.47288559127e-09, 2.15884998767e-09, 2.61514143673e-09, 1.57088242414e-09, 2.46200526632e-09, 1.45461209744e-09, 2.96531410537e-11, 3.91716216755e-12, 2.84507530382e-12, 2.18865940996e-12, 8.34919047961e-13, 4.84941947709e-13, 2.11238538055e-13, 3.93805336106e-14, 2.88516150736e-15, 1.06292555188e-15, 1.12746543906e-15, 3.66543174122e-15, 2.52231334506e-15, 9.22037079459e-16, 1.24108485042e-15]
    },
    "mfcc": {
        "mean": [-645.050048828, 157.431030273, -65.871635437, 54.4821434021, 16.2874603271, -0.802622318268, 8.37323570251, 18.7013721466, 24.3651237488, -11.2277860641, -10.3505144119, -16.1465530396, -28.1554508209],
        "cov": [[495.398162842, -80.7102966309, -40.252696991, -46.3525314331, -17.1485023499, -34.5013008118, 26.3388080597, 11.085190773, 4.95665740967, -2.36236214638, -4.89199209213, 16.3555297852, -22.6225833893], [-80.7102966309, 163.623748779, -65.1279296875, 69.8939437866, -29.6423168182, 18.6016159058, -16.5549049377, 14.0047025681, 16.5814361572, 7.23599386215, 17.7982826233, 6.74799013138, -7.88124084473], [-40.252696991, -65.1279296875, 151.206787109, -41.2251396179, 31.4282264709, -16.2251167297, -6.58322381973, -16.3290843964, -16.0455722809, 7.8551440239, 0.0102042639628, -9.06329345703, 17.193145752], [-46.3525314331, 69.8939437866, -41.2251396179, 66.0157928467, -3.33152699471, 22.9649391174, -1.9235240221, 8.3938741684, 12.2516517639, -1.72647130489, 8.462059021, -2.24130725861, -2.80953168869], [-17.1485023499, -29.6423168182, 31.4282264709, -3.33152699471, 71.2839355469, 19.0337848663, 13.2317667007, -15.525349617, -7.37722730637, 2.48907637596, 7.52184915543, 8.20094108582, 5.92966890335], [-34.5013008118, 18.6016159058, -16.2251167297, 22.9649391174, 19.0337848663, 51.8834457397, 8.15764141083, -2.89173913002, 1.91370606422, 1.53718936443, 15.6036281586, 4.20917224884, 6.24549531937], [26.3388080597, -16.5549049377, -6.58322381973, -1.9235240221, 13.2317667007, 8.15764141083, 55.0177726746, 13.4515390396, 8.88569545746, 1.78945660591, -6.51401948929, -8.5661907196, 4.49932861328], [11.085190773, 14.0047025681, -16.3290843964, 8.3938741684, -15.525349617, -2.89173913002, 13.4515390396, 34.9759788513, 21.8458404541, 6.58713912964, -4.60143375397, 1.97486567497, 2.29193067551], [4.95665740967, 16.5814361572, -16.0455722809, 12.2516517639, -7.37722730637, 1.91370606422, 8.88569545746, 21.8458404541, 36.8162384033, 11.1032295227, 5.45350456238, 2.70368885994, -3.03898835182], [-2.36236214638, 7.23599386215, 7.8551440239, -1.72647130489, 2.48907637596, 1.53718936443, 1.78945660591, 6.58713912964, 11.1032295227, 44.4108009338, 18.6885318756, 4.99964475632, -5.68378686905], [-4.89199209213, 17.7982826233, 0.0102042639628, 8.462059021, 7.52184915543, 15.6036281586, -6.51401948929, -4.60143375397, 5.45350456238, 18.6885318756, 53.5588874817, 20.2767410278, 0.806352853775], [16.3555297852, 6.74799013138, -9.06329345703, -2.24130725861, 8.20094108582, 4.20917224884, -8.5661907196, 1.97486567497, 2.70368885994, 4.99964475632, 20.2767410278, 48.6349525452, -4.68570423126], [-22.6225833893, -7.88124084473, 17.193145752, -2.80953168869, 5.92966890335, 6.24549531937, 4.49932861328, 2.29193067551, -3.03898835182, -5.68378686905, 0.806352853775, -4.68570423126, 49.1452217102]],
