{
"lowlevel": {
    "average_loudness": 0.970953166485,
    "barkbands_crest": {
        "dmean": 3.69294905663,
        "dmean2": 6.3979434967,
        "dvar": 9.38086509705,
        "dvar2": 25.6279354095,
        "max": 22.496553421,
        "mean": 11.0698671341,
        "median": 10.2495412827,
        "min": 4.74714517593,
        "var": 12.7910089493
    },
    "barkbands_flatness_db": {
        "dmean": 0.0316032245755,
        "dmean2": 0.0500577054918,
        "dvar": 0.000692228612024,
        "dvar2": 0.00150765106082,
        "max": 0.349749773741,
        "mean": 0.241122484207,
        "median": 0.249415487051,
        "min": 0.120812378824,
        "var": 0.0042621078901
    },
    "barkbands_kurtosis": {
        "dmean": 4.71541452408,
        "dmean2": 8.37902164459,
        "dvar": 28.0203723907,
        "dvar2": 76.7530136108,
        "max": 36.7257003784,
        "mean": 9.5596704483,
        "median": 8.67687892914,
        "min": -1.48741877079,
        "var": 62.7119636536
    },
    "barkbands_skewness": {
        "dmean": 0.588727593422,
        "dmean2": 1.08561813831,
        "dvar": 0.286847949028,
        "dvar2": 0.754771530628,
        "max": 5.10447502136,
        "mean": 2.37034130096,
        "median": 2.43459367752,
        "min": 0.0836226865649,
        "var": 0.876598238945
    },
    "barkbands_spread": {
        "dmean": 3.79326415062,
        "dmean2": 5.93305587769,
        "dvar": 11.4850683212,
        "dvar2": 31.8034648895,
        "max": 44.3269805908,
        "mean": 12.2129955292,
        "median": 6.60081195831,
        "min": 2.08461499214,
        "var": 135.80027771
    },
    "dissonance": {
        "dmean": 0.0188278257847,
        "dmean2": 0.0311746578664,
        "dvar": 0.000200385664357,
        "dvar2": 0.00054297602037,
        "max": 0.498758584261,
        "mean": 0.458810836077,
        "median": 0.461328983307,
        "min": 0.343918919563,
        "var": 0.000727282953449
    },
    "dynamic_complexity": 0.591258645058,
    "erbbands_crest": {
        "dmean": 3.45936822891,
        "dmean2": 5.8484954834,
        "dvar": 10.6899681091,
        "dvar2": 24.1713733673,
        "max": 23.1952552795,
        "mean": 10.3726520538,
        "median": 9.19132900238,
        "min": 3.80189347267,
        "var": 23.2064723969
    },
    "erbbands_flatness_db": {
        "dmean": 0.0186827611178,
        "dmean2": 0.0261713359505,
        "dvar": 0.00034219500958,
        "dvar2": 0.000560337502975,
        "max": 0.294505447149,
        "mean": 0.225507929921,
        "median": 0.224477782845,
        "min": 0.113601118326,
        "var": 0.00104764779098
    },
    "erbbands_kurtosis": {
        "dmean": 0.89829069376,
        "dmean2": 1.44978535175,
        "dvar": 0.797669112682,
        "dvar2": 2.12540912628,
        "max": 4.30754566193,
        "mean": -0.0763938575983,
        "median": -0.282304286957,
        "min": -1.56755673885,
        "var": 1.08945858479
    },
    "erbbands_skewness": {
        "dmean": 0.439203470945,
        "dmean2": 0.703589975834,
        "dvar": 0.123494081199,
        "dvar2": 0.296316951513,
        "max": 2.3250336647,
        "mean": 0.359345734119,
        "median": 0.526035010815,
        "min": -1.82163381577,
        "var": 0.804350376129
    },
    "erbbands_spread": {
        "dmean": 7.57793569565,
        "dmean2": 12.3598031998,
        "dvar": 36.4498062134,
        "dvar2": 95.0747680664,
        "max": 67.6375961304,
        "mean": 37.0183448792,
        "median": 35.5730476379,
        "min": 20.7220878601,
        "var": 68.7623443604
    },
    "hfc": {
        "dmean": 3.6624546051,
        "dmean2": 5.17309713364,
        "dvar": 8.86746025085,
        "dvar2": 21.3661270142,
        "max": 54.211265564,
        "mean": 14.4107904434,
        "median": 9.89924526215,
        "min": 0.35893034935,
        "var": 126.74672699
    },
    "melbands_crest": {
        "dmean": 4.26213788986,
        "dmean2": 6.96567296982,
        "dvar": 9.09795284271,
        "dvar2": 25.5362262726,
        "max": 26.1541576385,
        "mean": 15.9777936935,
        "median": 15.6782693863,
        "min": 7.7530875206,
        "var": 13.7493696213
    },
    "melbands_flatness_db": {
        "dmean": 0.0358015038073,
        "dmean2": 0.057360701263,
        "dvar": 0.000703294004779,
        "dvar2": 0.00153238035273,
        "max": 0.464473247528,
        "mean": 0.337761938572,
        "median": 0.358677923679,
        "min": 0.165053591132,
        "var": 0.00683696707711
    },
    "melbands_kurtosis": {
        "dmean": 11.7119178772,
        "dmean2": 20.9443054199,
        "dvar": 114.896606445,
        "dvar2": 314.49899292,
        "max": 71.8891067505,
        "mean": 26.2234535217,
        "median": 21.6451530457,
        "min": 0.132122278214,
        "var": 305.465606689
    },
    "melbands_skewness": {
        "dmean": 0.90602004528,
        "dmean2": 1.63655471802,
        "dvar": 0.527671277523,
        "dvar2": 1.51345050335,
        "max": 6.94271373749,
        "mean": 3.96701931953,
        "median": 3.93549132347,
        "min": 1.14449203014,
        "var": 1.43601179123
    },
    "melbands_spread": {
        "dmean": 4.70873212814,
        "dmean2": 8.34492874146,
        "dvar": 35.4912261963,
        "dvar2": 97.9345397949,
        "max": 55.0824699402,
        "mean": 10.9872999191,
        "median": 5.55922937393,
        "min": 1.66459643841,
        "var": 139.186477661
    },
    "pitch_salience": {
        "dmean": 0.0794924870133,
        "dmean2": 0.1402541399,
        "dvar": 0.00659133400768,
        "dvar2": 0.0170359592885,
        "max": 0.754736959934,
        "mean": 0.523766338825,
        "median": 0.52926170826,
        "min": 0.219184830785,
        "var": 0.00721534481272
    },
    "silence_rate_20dB": {
        "dmean": 0,
        "dmean2": 0,
        "dvar": 0,
        "dvar2": 0,
        "max": 1,
        "mean": 1,
        "median": 1,
        "min": 1,
        "var": 0
    },
    "silence_rate_30dB": {
        "dmean": 0,
        "dmean2": 0,
        "dvar": 0,
        "dvar2": 0,
        "max": 1,
        "mean": 1,
        "median": 1,
        "min": 1,
        "var": 0
    },
    "silence_rate_60dB": {
        "dmean": 0,
        "dmean2": 0,
        "dvar": 0,
        "dvar2": 0,
        "max": 0,
        "mean": 0,
        "median": 0,
        "min": 0,
        "var": 0
    },
    "spectral_centroid": {
        "dmean": 190.061050415,
        "dmean2": 299.673950195,
        "dvar": 31230.6328125,
        "dvar2": 81405.4765625,
        "max": 2328.16943359,
        "mean": 774.634460449,
        "median": 444.5574646,
        "min": 234.634613037,
        "var": 419298.78125
    },
    "spectral_complexity": {
        "dmean": 2.70000004768,
        "dmean2": 4.31460666656,
        "dvar": 6.29888916016,
        "dvar2": 10.5751829147,
        "max": 52,
        "mean": 18.626373291,
        "median": 12,
        "min": 1,
        "var": 181.55267334
    },
    "spectral_decrease": {
        "dmean": 4.04802680265e-09,
        "dmean2": 6.71073019376e-09,
        "dvar": 8.15308089221e-18,
        "dvar2": 2.11189963733e-17,
        "max": -2.39048808526e-10,
        "mean": -1.02786321676e-08,
        "median": -9.95973525875e-09,
        "min": -1.93269293902e-08,
        "var": 1.2973041642e-17
    },
    "spectral_energy": {
        "dmean": 0.0154623286799,
        "dmean2": 0.0256599392742,
        "dvar": 0.00012144340144,
        "dvar2": 0.000311416864861,
        "max": 0.0744548738003,
        "mean": 0.0401009693742,
        "median": 0.0395316034555,
        "min": 0.000934783078264,
        "var": 0.000192618943402
    },
    "spectral_energyband_high": {
        "dmean": 3.66397216567e-05,
        "dmean2": 4.98161680298e-05,
        "dvar": 5.21726750691e-09,
        "dvar2": 1.07667350591e-08,
        "max": 0.00114857312292,
        "mean": 0.00016125854745,
        "median": 1.46265310832e-05,
        "min": 4.56381212643e-06,
        "var": 7.73800863385e-08
    },
    "spectral_energyband_low": {
        "dmean": 0.00953939091414,
        "dmean2": 0.0171199869365,
        "dvar": 5.94134253333e-05,
        "dvar2": 0.000151676373207,
        "max": 0.0441250801086,
        "mean": 0.0154471099377,
        "median": 0.0136867528781,
        "min": 0.000265194539679,
        "var": 8.83267784957e-05
    },
    "spectral_energyband_middle_high": {
        "dmean": 0.000961862271652,
        "dmean2": 0.00139397103339,
        "dvar": 1.33174091843e-06,
        "dvar2": 2.52803738476e-06,
        "max": 0.0176536682993,
        "mean": 0.00367068662308,
        "median": 0.00176721415482,
        "min": 0.000136073882459,
        "var": 1.69170889421e-05
    },
    "spectral_energyband_middle_low": {
        "dmean": 0.0132240215316,
        "dmean2": 0.0211968608201,
        "dvar": 0.000109282169433,
        "dvar2": 0.000297937367577,
        "max": 0.0712398588657,
        "mean": 0.0220610778779,
        "median": 0.0186318419874,
        "min": 0.000493775471114,
        "var": 0.00016263438738
    },
    "spectral_entropy": {
        "dmean": 0.229498803616,
        "dmean2": 0.355700492859,
        "dvar": 0.0369439721107,
        "dvar2": 0.0951484069228,
        "max": 7.69192457199,
        "mean": 6.8928437233,
        "median": 6.84427261353,
        "min": 5.92448472977,
        "var": 0.230467602611
    },
    "spectral_flux": {
        "dmean": 0.0273538324982,
        "dmean2": 0.0471156351268,
        "dvar": 0.000480758608319,
        "dvar2": 0.00140531139914,
        "max": 0.169998884201,
        "mean": 0.101923473179,
        "median": 0.0977101027966,
        "min": 0.0464528799057,
        "var": 0.000935383373871
    },
    "spectral_kurtosis": {
        "dmean": 4.43755054474,
        "dmean2": 7.75566339493,
        "dvar": 19.231086731,
        "dvar2": 60.093334198,
        "max": 26.5186100006,
        "mean": 9.10164833069,
        "median": 7.85171699524,
        "min": 0.440791130066,
        "var": 37.6712150574
    },
    "spectral_rms": {
        "dmean": 0.00126407260541,
        "dmean2": 0.00207761535421,
        "dvar": 9.31581098484e-07,
        "dvar2": 2.16990065383e-06,
        "max": 0.00852284580469,
        "mean": 0.00613903068006,
        "median": 0.00621026707813,
        "min": 0.000954978284426,
        "var": 1.43520003348e-06
    },
    "spectral_rolloff": {
        "dmean": 188.774414062,
        "dmean2": 316.707458496,
        "dvar": 91891.3359375,
        "dvar2": 220577.703125,
        "max": 2777.78320312,
        "mean": 688.115966797,
        "median": 215.33203125,
        "min": 193.798828125,
        "var": 623285.25
    },
    "spectral_skewness": {
        "dmean": 0.380881130695,
        "dmean2": 0.630534052849,
        "dvar": 0.144881814718,
        "dvar2": 0.407530784607,
        "max": 3.99247074127,
        "mean": 1.69899189472,
        "median": 1.70153594017,
        "min": 0.467832803726,
        "var": 0.582993745804
    },
    "spectral_spread": {
        "dmean": 224965.40625,
        "dmean2": 339961,
        "dvar": 125714595840,
        "dvar2": 161470971904,
        "max": 4766705,
        "mean": 2308013.5,
        "median": 2246694.25,
        "min": 1683744.125,
        "var": 194099675136
    },
    "spectral_strongpeak": {
        "dmean": 0.411743789911,
        "dmean2": 0.646966040134,
        "dvar": 0.100515410304,
        "dvar2": 0.276498913765,
        "max": 2.0322701931,
        "mean": 0.784315228462,
        "median": 0.739275872707,
        "min": 0,
        "var": 0.177296862006
    },
    "zerocrossingrate": {
        "dmean": 0.00380859384313,
        "dmean2": 0.00497607979923,
        "dvar": 1.03802158264e-05,
        "dvar2": 1.8387036107e-05,
        "max": 0.05859375,
        "mean": 0.0228848308325,
        "median": 0.017578125,
        "min": 0.00439453125,
        "var": 0.000192664272618
    },
    "barkbands": {
        "dmean": [2.52165900747e-05, 0.00636389898136, 0.00425969297066, 0.00339826242998, 0.0109237236902, 0.000156631067512, 0.000100894874777, 0.000401109253289, 0.000535528466571, 0.000409905973356, 8.26414907351e-05, 0.000156823065481, 1.74629440153e-05, 0.000112259265734, 0.000161449628649, 0.000184088887181, 0.000183718875633, 7.50538019929e-05, 0.000110433655209, 4.77822759422e-05, 2.51323526754e-05, 5.35960316483e-06, 2.8608866387e-07, 3.92461970478e-07, 2.84503130388e-07, 2.21539039558e-07, 1.00833716488e-07],
        "dmean2": [4.05936516472e-05, 0.0115762623027, 0.0071202092804, 0.00554886879399, 0.0177521966398, 0.000265252689132, 0.000173177424585, 0.000690378306899, 0.000905475579202, 0.000672878639307, 0.000145921614603, 0.000278897990938, 2.86878748739e-05, 0.000181508134119, 0.000261450564722, 0.000289149145829, 0.000288698996883, 0.000106676394353, 0.000154215085786, 5.21832662344e-05, 3.30551483785e-05, 6.78034484736e-06, 4.14272136595e-07, 5.19379739217e-07, 3.93017216993e-07, 2.65327514626e-07, 1.1099898245e-07],
        "dvar": [1.56993373857e-09, 2.71955304925e-05, 1.37428341986e-05, 7.45871693653e-06, 9.32834518608e-05, 2.42246720461e-08, 7.06751279722e-09, 1.50516385133e-07, 2.36957603761e-07, 3.34308310812e-07, 9.51265910487e-09, 2.8001153396e-08, 7.14254211331e-10, 1.53678438863e-08, 4.80078483633e-08, 9.50724086124e-08, 1.39882146755e-07, 2.11201758304e-08, 5.07626900514e-08, 8.75939409894e-09, 2.73466715939e-09, 1.0888223656e-10, 8.29517335897e-13, 1.20403958071e-12, 9.14023522668e-13, 7.03023685274e-13, 7.37130734056e-13],
        "dvar2": [3.70257335902e-09, 8.81797677721e-05, 2.76164118986e-05, 2.10699508898e-05, 0.000274360354524, 5.79409693557e-08, 1.75200884911e-08, 4.54199977185e-07, 6.16910824647e-07, 5.29933572579e-07, 2.71672053742e-08, 7.59952456519e-08, 2.22423390817e-09, 3.23495470411e-08, 1.37788660481e-07, 2.53323349853e-07, 2.87387479148e-07, 3.6492217248e-08, 1.21292814015e-07, 1.76781647099e-08, 7.3186572358e-09, 2.62103977411e-10, 8.90119033169e-13, 1.88243951676e-12, 1.24384953292e-12, 8.26750018272e-13, 7.48207377131e-13],
        "max": [0.000330938288243, 0.0265885740519, 0.0236045978963, 0.0182793270797, 0.0511541739106, 0.00125049497001, 0.000595055171289, 0.00223492272198, 0.00305056106299, 0.00483534764498, 0.000769816571847, 0.00102942134254, 0.000249581411481, 0.00123215664644, 0.00224900292233, 0.00355280865915, 0.00450533721596, 0.00243373634294, 0.0029277249705, 0.00141193380114, 0.000769380305428, 0.000128488711198, 8.68307233759e-06, 1.09619340947e-05, 7.92099399405e-06, 7.69802863942e-06, 8.18491753307e-06],
        "mean": [3.09140850732e-05, 0.00760925654322, 0.0067400210537, 0.00487990677357, 0.0151889221743, 0.000240899767959, 0.000180218165042, 0.000546677096281, 0.000816923740786, 0.000748840975575, 0.000151369138621, 0.000253268459346, 4.0108574467e-05, 0.000299935927615, 0.000355712778401, 0.000505051517393, 0.000518544053193, 0.000321537925629, 0.000387827400118, 0.000168338476215, 9.58531018114e-05, 1.78867649083e-05, 5.65922277929e-07, 1.10787141239e-06, 7.31129716769e-07, 4.74201954148e-07, 1.18112026826e-07],
        "median": [1.89570546354e-05, 0.00590017158538, 0.00487503781915, 0.00399878388271, 0.0122984135523, 0.000178963324288, 0.000155756250024, 0.000397966563469, 0.000691758177709, 0.000462034862721, 7.71839622757e-05, 0.000159142960911, 1.7940212274e-05, 0.000123576071928, 0.000162045005709, 0.000146828126162, 0.000123792895465, 6.68191933073e-05, 4.36857408204e-05, 1.08343174361e-05, 9.15218879527e-06, 3.04613354274e-06, 2.2212631734e-07, 1.29919826009e-07, 7.77772939387e-08, 9.74783702645e-08, 1.47328957922e-08],
        "min": [1.07196697741e-07, 0.000134849484311, 1.05784429252e-05, 0.000105454259028, 0.000301484891679, 3.35994773195e-05, 1.0489718079e-05, 4.53075517726e-06, 7.4048202805e-06, 7.28495360818e-05, 9.92332570604e-06, 5.92046171732e-06, 2.92668482871e-06, 2.28526805586e-05, 6.68681559546e-06, 3.63147773896e-06, 9.2142381618e-06, 3.15174179377e-06, 1.75095954091e-06, 1.2829618754e-06, 9.2090851922e-07, 4.54303886954e-07, 3.11417664989e-08, 2.23026201951e-08, 7.46071915358e-09, 2.0584463023e-09, 6.77368960922e-09],
        "var": [1.80755921342e-09, 3.09562055918e-05, 2.71720091405e-05, 1.1856657693e-05, 0.000115809605632, 3.85651262036e-08, 1.3281918676e-08, 2.35803867099e-07, 3.9137364638e-07, 5.96738743752e-07, 2.7574307282e-08, 5.72577789626e-08, 2.66587552034e-09, 1.02899981869e-07, 1.75561723381e-07, 5.39768848284e-07, 8.6050823711e-07, 2.90959519589e-07, 4.84441670778e-07, 9.57066177421e-08, 2.91410717779e-08, 8.56396176196e-10, 1.02944822805e-12, 4.53053176572e-12, 2.61511515567e-12, 1.00924086796e-12, 7.31863842533e-13]
    },
    "erbbands": {
        "dmean": [0.0711333677173, 1.79653155804, 5.45704650879, 4.9484205246, 44.7806434631, 20.9462966919, 1.91150712967, 1.14907562733, 0.907962977886, 2.38557958603, 15.5127267838, 9.44983291626, 10.8292427063, 7.11580276489, 4.94180583954, 4.33843326569, 0.730166018009, 2.93293976784, 11.6668376923, 6.10159635544, 9.72134304047, 10.2270727158, 4.31655550003, 6.23462057114, 3.83614444733, 2.09639191628, 1.096113801, 0.747524917126, 0.217943236232, 0.0331141762435, 0.00787596218288, 0.00709332479164, 0.00679885409772, 0.00465122098103, 0.00128700968344, 0.00109761301428, 0.000338877318427, 6.64869367029e-05, 2.02708924917e-05, 1.72395702975e-05],
        "dmean2": [0.128372579813, 3.25907540321, 9.34896945953, 8.04387569427, 72.2362823486, 33.4194335938, 3.04922819138, 1.93040788174, 1.56124258041, 4.19371128082, 25.8870754242, 16.5079593658, 17.5896015167, 12.8632555008, 8.213347435, 7.52583789825, 1.0953220129, 4.31282281876, 19.1115245819, 9.54599475861, 15.4966726303, 15.629357338, 6.39970541, 8.42398643494, 5.75385570526, 2.68719625473, 1.46762943268, 1.03944838047, 0.293898880482, 0.0440222509205, 0.0107982465997, 0.00929281674325, 0.00865572597831, 0.00679927645251, 0.00162299978547, 0.00131831155159, 0.000453016866231, 7.44189601392e-05, 2.56558705587e-05, 2.8642711186e-05],
        "dvar": [0.00430755969137, 2.10326719284, 22.4261646271, 13.7478322983, 1486.37744141, 327.911254883, 3.48631596565, 1.34604728222, 0.748616278172, 5.57491540909, 214.06803894, 76.5850906372, 308.977386475, 98.8828811646, 21.4929008484, 21.3981056213, 0.742499113083, 10.5173873901, 271.99786377, 83.3935470581, 237.565063477, 360.108734131, 57.9440765381, 182.540130615, 59.5080680847, 18.500579834, 4.72575139999, 2.1119966507, 0.153095632792, 0.00343822664581, 0.00063486903673, 0.000421625532908, 0.000371889560483, 0.000177249617991, 3.46224769601e-05, 1.1672979781e-05, 2.38405800701e-06, 2.85786285303e-07, 1.43899656635e-08, 1.93313490215e-10],
        "dvar2": [0.0132174491882, 6.59585189819, 45.2408103943, 36.574962616, 4085.19555664, 1027.23510742, 8.24324321747, 2.71265268326, 2.13337779045, 14.5237131119, 607.319152832, 200.967010498, 462.924682617, 281.64654541, 53.5272979736, 58.9047698975, 1.97242975235, 18.8964290619, 777.742004395, 204.845855713, 599.692749023, 735.111083984, 126.088890076, 426.633117676, 118.790359497, 37.2968559265, 11.9516296387, 5.52784729004, 0.393527626991, 0.0064784316346, 0.000667887390591, 0.000487653684104, 0.000628528301604, 0.000318776117638, 3.6810644815e-05, 1.35062282425e-05, 2.81168013316e-06, 2.90023081106e-07, 1.4604316867e-08, 4.09355854769e-10],
        "max": [0.337476819754, 7.6757774353, 28.8327846527, 25.37474823, 235.564407349, 113.743423462, 12.8386220932, 9.82483005524, 5.27400684357, 16.9756698608, 90.7123565674, 59.5034408569, 157.946624756, 52.4266662598, 42.3689651489, 32.1336631775, 9.01527309418, 39.3213386536, 150.139465332, 103.685302734, 194.933013916, 227.744857788, 117.949539185, 150.934829712, 106.058128357, 65.1336746216, 32.6801261902, 21.1869621277, 5.50571060181, 0.59627109766, 0.240700930357, 0.182226017118, 0.2130779773, 0.138380765915, 0.0552775636315, 0.0305632743984, 0.0142776276916, 0.00509677780792, 0.00117137364578, 0.00013644968567],
        "mean": [0.0916388183832, 2.18018603325, 8.78312015533, 10.051897049, 63.9752464294, 27.3387203217, 3.82097172737, 1.90673828125, 1.8883036375, 3.98653173447, 22.1850585938, 15.4867238998, 20.5140132904, 12.3410577774, 9.50975894928, 7.63708972931, 2.15350937843, 8.55878829956, 24.4858131409, 17.2413425446, 30.1589336395, 30.1975421906, 18.7868099213, 20.2099132538, 16.5659656525, 7.48167324066, 4.04511785507, 2.97548007965, 0.801971435547, 0.106029041111, 0.0196256991476, 0.0214775428176, 0.0187561083585, 0.0120739387348, 0.00293407752179, 0.00292596407235, 0.000582578359172, 8.09495541034e-05, 3.59182486136e-05, 4.6709592425e-05],
        "median": [0.0778547003865, 1.63118302822, 6.2774848938, 9.49275779724, 50.8606872559, 21.2500362396, 3.10927844048, 1.52341389656, 1.74128568172, 3.29831933975, 16.2606048584, 12.9645061493, 13.0405721664, 9.40910053253, 6.85031747818, 4.81678152084, 1.17553126812, 3.84347200394, 11.9005117416, 6.03225851059, 7.5654759407, 7.16729784012, 3.56674766541, 3.41210126877, 1.44264805317, 0.550863683224, 0.370302379131, 0.363587200642, 0.118654266, 0.024454953149, 0.00652502989396, 0.00323350448161, 0.00180607440416, 0.000867598690093, 0.00058648432605, 0.000773094827309, 7.31100080884e-05, 7.78969024395e-06, 2.23754705075e-05, 4.65624652861e-05],
        "min": [0.00656264228746, 0.0189784411341, 0.0149006871507, 0.187462121248, 0.746551692486, 1.05151534081, 0.626481711864, 0.307588011026, 0.117611296475, 0.210771352053, 0.0779174342752, 0.196577697992, 1.602029562, 1.37364947796, 0.353277534246, 0.224630817771, 0.256399303675, 0.768675148487, 1.03664028645, 0.157223254442, 0.2656429708, 0.523913085461, 0.200191244483, 0.137880519032, 0.047210868448, 0.0650990381837, 0.0389071404934, 0.0328027121723, 0.0190576501191, 0.002539224457, 0.00104949786328, 0.000653250550386, 0.000283368892269, 0.000151527885464, 4.25308244303e-05, 3.76869356842e-05, 1.1421504496e-05, 2.31895478464e-06, 8.24723429105e-06, 1.00114066299e-05],
        "var": [0.00412556389347, 2.58451747894, 43.5203514099, 26.4171524048, 2189.87695312, 427.476867676, 5.68601179123, 1.9558699131, 1.14532351494, 7.46976900101, 351.737915039, 129.975357056, 560.995361328, 105.844589233, 70.2793426514, 51.9930229187, 4.86993598938, 95.2411651611, 701.078613281, 508.870025635, 2112.95239258, 2731.80175781, 994.743469238, 1258.03515625, 849.104919434, 191.743469238, 51.397102356, 27.0687007904, 1.77011108398, 0.0261285062879, 0.000977311981842, 0.0013533042511, 0.00155155488756, 0.00073592964327, 4.77161120216e-05, 2.53533817158e-05, 2.71729413726e-06, 2.83228359876e-07, 1.45074237068e-08, 3.14672676804e-10]
    },
    "gfcc": {
        "mean": [-58.2261276245, 180.457260132, -133.342956543, 44.2617530823, -14.9278802872, -12.3965110779, -10.9856262207, 1.12039005756, -18.2760715485, -19.5398616791, -31.0459518433, -20.2629413605, -0.67690962553],
        "cov": [[2356.32299805, -1272.40100098, -689.930603027, 514.237487793, -269.035705566, 139.918670654, -171.178909302, 346.404998779, -306.087524414, 312.466522217, -111.510231018, 124.483421326, -16.0501251221], [-1272.40100098, 1032.48913574, 335.176208496, -283.616912842, 205.154098511, -139.046417236, 166.327911377, -215.701004028, 215.127227783, -224.555938721, 48.8658485413, -135.268280029, 9.37946605682], [-689.930603027, 335.176208496, 393.639678955, -205.726806641, 65.1412124634, -22.9944725037, 18.3695240021, -100.932418823, 93.3392028809, -81.337677002, 42.0182113647, -8.77453613281, -11.7959747314], [514.237487793, -283.616912842, -205.726806641, 214.32371521, -15.365401268, 23.2179069519, -22.9345321655, 78.8192672729, -62.2071456909, 70.4974517822, -18.4370250702, 6.62460041046, 6.82772541046], [-269.035705566, 205.154098511, 65.1412124634, -15.365401268, 108.046302795, -9.25745677948, 33.9110069275, -50.881439209, 39.3645935059, -37.9451789856, 28.0390701294, -34.3455238342, 3.99194431305], [139.918670654, -139.046417236, -22.9944725037, 23.2179069519, -9.25745677948, 51.3183364868, -12.0517444611, 32.0170860291, -25.9939155579, 40.1626930237, 9.83763599396, 27.3130760193, -6.89885377884], [-171.178909302, 166.327911377, 18.3695240021, -22.9345321655, 33.9110069275, -12.0517444611, 74.3559951782, -10.3415603638, 35.111415863, -28.6555042267, 4.09652137756, -16.192401886, 6.29083395004], [346.404998779, -215.701004028, -100.932418823, 78.8192672729, -50.881439209, 32.0170860291, -10.3415603638, 97.7227325439, -41.2393226624, 65.2721328735, -21.4020309448, 37.8262290955, -0.379245579243], [-306.087524414, 215.127227783, 93.3392028809, -62.2071456909, 39.3645935059, -25.9939155579, 35.111415863, -41.2393226624, 77.2839889526, -40.1582069397, 13.9461631775, -28.6964378357, -0.521607398987], [312.466522217, -224.555938721, -81.337677002, 70.4974517822, -37.9451789856, 40.1626930237, -28.6555042267, 65.2721328735, -40.1582069397, 83.0165786743, -4.25384187698, 33.7731323242, -8.23731327057], [-111.510231018, 48.8658485413, 42.0182113647, -18.4370250702, 28.0390701294, 9.83763599396, 4.09652137756, -21.4020309448, 13.9461631775, -4.25384187698, 34.1383209229, -5.62404680252, -2.68799805641], [124.483421326, -135.268280029, -8.77453613281, 6.62460041046, -34.3455238342, 27.3130760193, -16.192401886, 37.8262290955, -28.6964378357, 33.7731323242, -5.62404680252, 61.1398887634, 4.99033927917], [-16.0501251221, 9.37946605682, -11.7959747314, 6.82772541046, 3.99194431305, -6.89885377884, 6.29083395004, -0.379245579243, -0.521607398987, -8.23731327057, -2.68799805641, 4.99033927917, 23.6632003784]],
        "icov": [[0.00301755685359, -0.000830684497487, 0.0011500279652, -0.0036866038572, 0.00322964903899, -0.00295979436487, 0.00247581908479, -0.00221371650696, 0.0036910136696, -0.00209479685873, 0.00262133707292, 0.000760893628467, 0.00140103104059], [-0.000830684497487, 0.0185931548476, 0.00127002957743, 0.0151855265722, -0.0189190227538, 0.027586646378, -0.0172293186188, 0.000126742146676, -0.0114358970895, 0.00686299428344, -0.00645275600255, 0.00362957664765, 0.00477351853624], [0.0011500279652, 0.00127002957743, 0.00784162711352, 0.00453078793362, -0.00332835363224, 0.00176849705167, 0.00262778089382, -0.00108607311267, -0.0041211466305, 0.00227090739645, -0.00236995425075, -0.00396352633834, 0.00450574746355], [-0.0036866038572, 0.0151855265722, 0.00453078793362, 0.0296975430101, -0.0245637074113, 0.0276027880609, -0.0126652056351, -0.00492583587766, -0.00885777827352, 0.00168783892877, -0.0078781703487, 0.00638248817995, -0.00119921879377], [0.00322964903899, -0.0189190227538, -0.00332835363224, -0.0245637074113, 0.0423445440829, -0.0358719713986, 0.0121659273282, 0.0063139135018, 0.0114814592525, -0.00586622580886, 0.000849455595016, 0.00222131516784, -0.00777777703479], [-0.00295979436487, 0.027586646378, 0.00176849705167, 0.0276027880609, -0.0358719713986, 0.090663433075, -0.0284098107368, -0.00665024435148, -0.00815191771835, -0.00185926398262, -0.0305187422782, -0.00673662684858, 0.017032019794], [0.00247581908479, -0.0172293186188, 0.00262778089382, -0.0126652056351, 0.0121659273282, -0.0284098107368, 0.0402485094965, -0.0114800557494, 0.00294160889462, 0.00196116743609, 0.00699342787266, -0.00272229290567, -0.00563017232344], [-0.00221371650696, 0.000126742146676, -0.00108607311267, -0.00492583587766, 0.0063139135018, -0.00665024435148, -0.0114800557494, 0.0404470004141, -0.00416810670868, -0.0162339136004, 0.0128930257633, -0.00797397922724, -0.00257244473323], [0.0036910136696, -0.0114358970895, -0.0041211466305, -0.00885777827352, 0.0114814592525, -0.00815191771835, 0.00294160889462, -0.00416810670868, 0.0419400185347, -0.0103715425357, 0.00121406209655, 0.00665559107438, -0.00157613737974], [-0.00209479685873, 0.00686299428344, 0.00227090739645, 0.00168783892877, -0.00586622580886, -0.00185926398262, 0.00196116743609, -0.0162339136004, -0.0103715425357, 0.0492445640266, -0.0133114047348, -0.00666352035478, 0.0129767972976], [0.00262133707292, -0.00645275600255, -0.00236995425075, -0.0078781703487, 0.000849455595016, -0.0305187422782, 0.00699342787266, 0.0128930257633, 0.00121406209655, -0.0133114047348, 0.0590676032007, 0.00254465290345, -0.00369992060587], [0.000760893628467, 0.00362957664765, -0.00396352633834, 0.00638248817995, 0.00222131516784, -0.00673662684858, -0.00272229290567, -0.00797397922724, 0.00665559107438, -0.00666352035478, 0.00254465290345, 0.0384294241667, -0.0164710301906], [0.00140103104059, 0.00477351853624, 0.00450574746355, -0.00119921879377, -0.00777777703479, 0.017032019794, -0.00563017232344, -0.00257244473323, -0.00157613737974, 0.0129767972976, -0.00369992060587, -0.0164710301906, 0.0591790825129]]
    },
    "melbands": {
        "dmean": [0.00117519451305, 0.00271128257737, 0.00192965497263, 0.00278307753615, 0.000101485100458, 2.62438970822e-05, 1.49417446664e-05, 2.38015800278e-05, 0.000155612666276, 5.01854301547e-05, 5.6230208429e-05, 3.41785271303e-05, 1.44676696436e-05, 2.14986393985e-05, 3.16603313877e-06, 1.7260686036e-06, 6.09799872109e-06, 2.19408066187e-05, 7.30955252948e-06, 1.15707334771e-05, 1.22501078295e-05, 1.07584019133e-05, 8.26793166198e-06, 3.14349858854e-06, 5.61841488889e-06, 3.47886884811e-06, 2.75685943052e-06, 1.02056139895e-06, 5.13730924467e-07, 8.92713330813e-07, 3.18460791959e-07, 1.4064970344e-07, 4.79240398477e-08, 9.32381283292e-09, 4.84243756205e-09, 4.29765245613e-09, 5.19381204711e-09, 5.21882892457e-09, 4.69845495843e-09, 4.0037644311e-09],
        "dmean2": [0.00217343657278, 0.00474347779527, 0.00315256533213, 0.00456083845347, 0.000156549009262, 4.41029478679e-05, 2.56821640505e-05, 4.22630582761e-05, 0.000255600549281, 8.90820811037e-05, 9.1101952421e-05, 5.99387349212e-05, 2.418040458e-05, 3.83217739e-05, 5.35820663572e-06, 2.84901966552e-06, 9.1867395895e-06, 3.6580106098e-05, 1.13933983812e-05, 1.93850282812e-05, 1.98198540602e-05, 1.58137409016e-05, 1.3838808627e-05, 4.81003735331e-06, 7.70829137764e-06, 4.62734215034e-06, 3.84888653571e-06, 1.41819612054e-06, 7.48891181956e-07, 1.23213726511e-06, 4.90060529046e-07, 1.92269823174e-07, 6.52410889757e-08, 1.4204805332e-08, 6.9734991115e-09, 6.69992195057e-09, 7.26326554457e-09, 7.05317804162e-09, 6.15541750904e-09, 5.93550053551e-09],
        "dvar": [9.9763246908e-07, 5.01223985339e-06, 2.23404140343e-06, 6.12170924796e-06, 1.14578746491e-08, 6.29286900367e-10, 1.69353045476e-10, 5.66362734489e-10, 2.20033165022e-08, 2.10477391072e-09, 8.50328785162e-09, 2.08145811698e-09, 2.24207541422e-10, 5.51875045662e-10, 1.81886693207e-11, 4.52357205513e-12, 5.73168908169e-11, 9.15281461733e-10, 8.5054283061e-11, 3.81358084001e-10, 4.28720614565e-10, 3.3822958323e-10, 2.72010719504e-10, 3.29061777826e-11, 1.58455734645e-10, 4.05965192019e-11, 3.92011666184e-11, 4.56550639308e-12, 8.52599295418e-13, 4.0012606943e-12, 3.41390110625e-13, 6.67826389892e-14, 6.6516163271e-15, 4.20573616471e-16, 2.20623693921e-16, 1.77024684664e-16, 1.93804050008e-16, 2.01807730501e-16, 1.67701829765e-16, 1.24435717692e-16],
        "dvar2": [3.14149042424e-06, 1.1964809346e-05, 4.96841948916e-06, 1.7980031771e-05, 3.36961321068e-08, 1.34183586464e-09, 4.53675985668e-10, 1.53557400129e-09, 6.31198702195e-08, 5.39896038987e-09, 1.25317969335e-08, 5.70532998623e-09, 6.27765561756e-10, 1.4584659036e-09, 4.02984624837e-11, 1.22801942226e-11, 1.15041261239e-10, 2.57674437343e-09, 1.96220095727e-10, 1.06235209518e-09, 1.07450470743e-09, 5.48290246538e-10, 7.09398095822e-10, 6.72108688149e-11, 3.75626779681e-10, 7.20960929845e-11, 8.49876072295e-11, 8.18194730717e-12, 2.2438552752e-12, 1.09272616997e-11, 8.66873142279e-13, 1.7178276759e-13, 1.50565120809e-14, 6.23430966377e-16, 2.36675960888e-16, 2.22781894166e-16, 2.97331381436e-16, 3.63425944646e-16, 2.69303855305e-16, 2.52354328984e-16],
        "max": [0.00493761710823, 0.0128064844757, 0.0115007329732, 0.0132880639285, 0.00084243400488, 0.000216291999095, 7.92797509348e-05, 0.000158386683324, 0.000913175579626, 0.000307775335386, 0.000818926899228, 0.000233098340686, 0.000123300851556, 0.000139322946779, 3.87022591894e-05, 1.89053425856e-05, 9.03628533706e-05, 0.000255026941886, 9.83774662018e-05, 0.000203211748158, 0.000283545727143, 0.000254217302427, 0.000187809215277, 8.89966977411e-05, 0.000131651817355, 0.000105645878648, 7.45100187487e-05, 3.37671626767e-05, 1.35949239848e-05, 2.76511291304e-05, 8.74379657034e-06, 3.59758837476e-06, 9.31526244585e-07, 1.68776509213e-07, 1.41852424917e-07, 1.20182193086e-07, 1.23944204233e-07, 1.52308942347e-07, 1.55106363309e-07, 1.04008194057e-07],
        "mean": [0.00144579645712, 0.00406815344468, 0.00349142844789, 0.00382129242644, 0.000175049310201, 4.21306394855e-05, 3.09100214508e-05, 3.76287425752e-05, 0.000223838957027, 7.98589535407e-05, 0.000105833838461, 5.75076628593e-05, 2.74855992757e-05, 3.41596824001e-05, 6.98818212186e-06, 4.36693380834e-06, 1.60124927788e-05, 4.51611558674e-05, 2.00813719857e-05, 2.66216720775e-05, 3.77332871722e-05, 3.08437847707e-05, 2.44852999458e-05, 1.28801684696e-05, 1.70516304934e-05, 1.4137341168e-05, 9.63509592111e-06, 3.66491713066e-06, 1.89541776763e-06, 3.08590028908e-06, 1.24560131098e-06, 5.03439480326e-07, 1.52660703634e-07, 1.92966265189e-08, 9.31813204375e-09, 1.00613455345e-08, 1.4342851351e-08, 1.32216380067e-08, 1.28982993175e-08, 9.24716125894e-09],
        "median": [0.00113618385512, 0.00317422766238, 0.00340461172163, 0.00299909827299, 0.000133061083034, 3.10926152451e-05, 2.69273714366e-05, 2.98035083688e-05, 0.000167567734024, 6.86607963871e-05, 6.63508471916e-05, 4.09046006098e-05, 1.77423644345e-05, 2.32227557717e-05, 3.7955701373e-06, 2.52390077549e-06, 5.99575560045e-06, 2.27341188292e-05, 7.32529770175e-06, 8.41769360704e-06, 8.82016593096e-06, 7.25321933714e-06, 5.21469564774e-06, 2.63882202489e-06, 2.94743017548e-06, 1.26895679387e-06, 7.35172307031e-07, 2.72230465725e-07, 1.81715876124e-07, 2.66640512336e-07, 1.87008623698e-07, 7.20677846289e-08, 2.35145041216e-08, 7.1472632257e-09, 3.87139698077e-09, 2.1682426965e-09, 1.87872895019e-09, 1.37861944083e-09, 1.06886410833e-09, 6.05108907425e-10],
        "min": [5.83614637435e-05, 1.280345532e-05, 4.80060916743e-05, 6.9385394454e-05, 1.55651505338e-05, 6.99272277416e-06, 1.93284290617e-06, 2.06204140341e-06, 6.34379034636e-07, 1.15793329769e-06, 8.61829721543e-06, 5.97228290644e-06, 1.18492766887e-06, 7.41394899251e-07, 3.26677223939e-07, 3.46708986854e-07, 8.9678275117e-07, 2.12468285099e-06, 1.90797052824e-07, 2.67676512067e-07, 3.0349286817e-07, 6.79882930399e-07, 1.56834175868e-07, 1.69709153397e-07, 1.10258419284e-07, 4.50153798681e-08, 3.53829747723e-08, 4.44351222484e-08, 1.90849203108e-08, 2.87762880191e-08, 1.58978341602e-08, 1.08863522641e-08, 2.87213808292e-09, 6.05569872025e-10, 4.82204165486e-10, 3.7325439961e-10, 3.05239250542e-10, 2.00815142293e-10, 1.24226143261e-10, 9.87656900708e-11],
        "var": [1.03578838662e-06, 8.57828672451e-06, 4.40217900177e-06, 7.30745750843e-06, 1.89175484167e-08, 9.8932295689e-10, 2.95586916055e-10, 7.24718673961e-10, 3.57280320884e-08, 3.39973427188e-09, 1.54314196976e-08, 2.41865816264e-09, 7.0691186238e-10, 1.08243880526e-09, 5.64216416643e-11, 2.1525062982e-11, 4.60196658558e-10, 2.26637864031e-09, 6.74942879364e-10, 1.38810007932e-09, 3.57136453744e-09, 3.01055713692e-09, 1.80997716814e-09, 4.16975731721e-10, 9.31389410042e-10, 6.55743903621e-10, 3.09354181161e-10, 4.66261751431e-11, 1.06665431696e-11, 3.29430129009e-11, 4.32220969085e-12, 6.99065371562e-13, 6.12217253889e-14, 8.13133524035e-16, 2.65488183636e-16, 2.91895573967e-16, 6.6737863557e-16, 7.68593619992e-16, 8.24955086424e-16, 4.46695583168e-16]
    },
    "mfcc": {
        "mean": [-697.404296875, 200.472961426, -37.1151924133, 61.4444694519, 11.6806945801, 5.68044948578, 10.6903419495, 10.8249902725, 23.948009491, -0.11741091311, -4.27574014664, -13.0376167297, -16.3769779205],
        "cov": [[2922.96972656, -1506.01220703, -685.475097656, 321.119873047, -190.431015015, -66.9254226685, 141.857376099, -139.022842407, 59.1898422241, -30.2730903625, 5.5704574585, 64.486076355, 33.5131187439], [-1506.01220703, 1063.59423828, 320.547515869, -136.94367981, 74.2261505127, 28.1420078278, -86.6418075562, 99.7169342041, -3.47519540787, 28.4860076904, 1.54720461369, -45.3006515503, -25.3644104004], [-685.475097656, 320.547515869, 272.242828369, -101.974143982, 58.4912147522, 16.3640003204, -49.1455841064, 25.9036884308, -34.7769584656, 9.48134422302, 1.70218777657, -13.4228057861, 1.41803789139], [321.119873047, -136.94367981, -101.974143982, 113.260467529, -7.37570142746, -9.34108734131, 25.3366451263, -8.17959213257, 37.056640625, 1.72487485409, 0.895189762115, 15.2323436737, 3.72560834885], [-190.431015015, 74.2261505127, 58.4912147522, -7.37570142746, 98.6293411255, 13.7941703796, 15.4357357025, -15.7686309814, -5.10220050812, -3.72707986832, 4.23226642609, 5.66274356842, 8.05687618256], [-66.9254226685, 28.1420078278, 16.3640003204, -9.34108734131, 13.7941703796, 32.3918304443, 3.84287786484, 7.36047029495, -10.1184015274, 6.71440029144, 2.51855039597, 4.06230545044, 8.55565261841], [141.857376099, -86.6418075562, -49.1455841064, 25.3366451263, 15.4357357025, 3.84287786484, 67.2123031616, -9.16153907776, 13.8493175507, -6.94422864914, 1.45192205906, 15.2073497772, 10.6964664459], [-139.022842407, 99.7169342041, 25.9036884308, -8.17959213257, -15.7686309814, 7.36047029495, -9.16153907776, 44.9424705505, 5.5368885994, 2.22588729858, 0.902795553207, -1.70114350319, 0.146749868989], [59.1898422241, -3.47519540787, -34.7769584656, 37.056640625, -5.10220050812, -10.1184015274, 13.8493175507, 5.5368885994, 50.2622337341, -1.98143565655, 3.2022960186, 8.24863243103, -7.74533081055], [-30.2730903625, 28.4860076904, 9.48134422302, 1.72487485409, -3.72707986832, 6.71440029144, -6.94422864914, 2.22588729858, -1.98143565655, 40.2257423401, 7.39689445496, 4.24198150635, 4.49786806107], [5.5704574585, 1.54720461369, 1.70218777657, 0.895189762115, 4.23226642609, 2.51855039597, 1.45192205906, 0.902795553207, 3.2022960186, 7.39689445496, 23.599565506, 9.05955505371, 1.23279738426], [64.486076355, -45.3006515503, -13.4228057861, 15.2323436737, 5.66274356842, 4.06230545044, 15.2073497772, -1.70114350319, 8.24863243103, 4.24198150635, 9.05955505371, 31.817653656, 13.9090385437], [33.5131187439, -25.3644104004, 1.41803789139, 3.72560834885, 8.05687618256, 8.55565261841, 10.6964664459, 0.146749868989, -7.74533081055, 4.49786806107, 1.23279738426, 13.9090385437, 28.6076278687]],
