{
"lowlevel": {
    "average_loudness": 0.975076079369,
    "barkbands_crest": {
        "dmean": 3.39995479584,
        "dmean2": 5.54753112793,
        "dvar": 7.48755073547,
        "dvar2": 17.506696701,
        "max": 22.4214172363,
        "mean": 12.0344276428,
        "median": 10.8177871704,
        "min": 3.85105919838,
        "var": 25.9569454193
    },
    "barkbands_flatness_db": {
        "dmean": 0.0306223928928,
        "dmean2": 0.0495070889592,
        "dvar": 0.000556176993996,
        "dvar2": 0.00143247528467,
        "max": 0.287965804338,
        "mean": 0.193167820573,
        "median": 0.197262153029,
        "min": 0.0811757743359,
        "var": 0.00212018284947
    },
    "barkbands_kurtosis": {
        "dmean": 4.72210693359,
        "dmean2": 7.68272542953,
        "dvar": 28.2969017029,
        "dvar2": 76.077255249,
        "max": 31.1482162476,
        "mean": 5.22545099258,
        "median": 2.53724718094,
        "min": -1.67724454403,
        "var": 52.3194770813
    },
    "barkbands_skewness": {
        "dmean": 0.788784980774,
        "dmean2": 1.29531860352,
        "dvar": 0.410507321358,
        "dvar2": 0.98364585638,
        "max": 4.805809021,
        "mean": 1.70413219929,
        "median": 1.76766431332,
        "min": -0.663943469524,
        "var": 1.87358462811
    },
    "barkbands_spread": {
        "dmean": 5.80411577225,
        "dmean2": 9.81885528564,
        "dvar": 23.7009677887,
        "dvar2": 53.3400650024,
        "max": 41.3813476562,
        "mean": 16.0148582458,
        "median": 14.2637414932,
        "min": 3.21874094009,
        "var": 78.9457397461
    },
    "dissonance": {
        "dmean": 0.0170114617795,
        "dmean2": 0.0295479558408,
        "dvar": 0.0002900728432,
        "dvar2": 0.000663516053464,
        "max": 0.496689915657,
        "mean": 0.470932006836,
        "median": 0.475474745035,
        "min": 0.338634669781,
        "var": 0.000454008346424
    },
    "dynamic_complexity": 1.54404604435,
    "erbbands_crest": {
        "dmean": 4.09691238403,
        "dmean2": 7.12551212311,
        "dvar": 8.06144523621,
        "dvar2": 21.6498908997,
        "max": 26.7682323456,
        "mean": 10.4891872406,
        "median": 10.1719722748,
        "min": 3.12872457504,
        "var": 19.8627910614
    },
    "erbbands_flatness_db": {
        "dmean": 0.0186404976994,
        "dmean2": 0.0290511734784,
        "dvar": 0.000263424619334,
        "dvar2": 0.000512262340635,
        "max": 0.276418030262,
        "mean": 0.218832463026,
        "median": 0.21955409646,
        "min": 0.0829991549253,
        "var": 0.000802221533377
    },
    "erbbands_kurtosis": {
        "dmean": 0.846465229988,
        "dmean2": 1.44508206844,
        "dvar": 0.996661126614,
        "dvar2": 2.77912187576,
        "max": 4.18965101242,
        "mean": -0.329671859741,
        "median": -0.605185270309,
        "min": -1.58127129078,
        "var": 1.35086858273
    },
    "erbbands_skewness": {
        "dmean": 0.483086228371,
        "dmean2": 0.774332046509,
        "dvar": 0.154783025384,
        "dvar2": 0.40102365613,
        "max": 1.47489249706,
        "mean": -0.0204187259078,
        "median": 0.0705846250057,
        "min": -1.81225037575,
        "var": 0.47949808836
    },
    "erbbands_spread": {
        "dmean": 7.57800960541,
        "dmean2": 12.8107099533,
        "dvar": 47.6458129883,
        "dvar2": 129.712478638,
        "max": 66.3424987793,
        "mean": 37.8471603394,
        "median": 35.7184448242,
        "min": 11.634967804,
        "var": 198.821228027
    },
    "hfc": {
        "dmean": 4.88135671616,
        "dmean2": 6.7782907486,
        "dvar": 43.0157165527,
        "dvar2": 68.9963302612,
        "max": 66.021736145,
        "mean": 16.0372390747,
        "median": 8.79453659058,
        "min": 0.254939109087,
        "var": 244.608261108
    },
    "melbands_crest": {
        "dmean": 4.07729053497,
        "dmean2": 6.77875518799,
        "dvar": 8.80859947205,
        "dvar2": 24.9066448212,
        "max": 25.0833911896,
        "mean": 14.63306427,
        "median": 14.9651222229,
        "min": 4.21325540543,
        "var": 32.2098045349
    },
    "melbands_flatness_db": {
        "dmean": 0.0373274236917,
        "dmean2": 0.060508299619,
        "dvar": 0.000825344002806,
        "dvar2": 0.00207987660542,
        "max": 0.376303493977,
        "mean": 0.254960626364,
        "median": 0.276628226042,
        "min": 0.105587489903,
        "var": 0.0051135532558
    },
    "melbands_kurtosis": {
        "dmean": 11.5398492813,
        "dmean2": 19.0170555115,
        "dvar": 151.151473999,
        "dvar2": 397.748474121,
        "max": 85.5484466553,
        "mean": 16.3026561737,
        "median": 9.90799617767,
        "min": -1.33217716217,
        "var": 352.038726807
    },
    "melbands_skewness": {
        "dmean": 1.09429883957,
        "dmean2": 1.87491595745,
        "dvar": 0.802151978016,
        "dvar2": 1.79528534412,
        "max": 7.53132963181,
        "mean": 3.00668668747,
        "median": 3.06200098991,
        "min": 0.117728434503,
        "var": 3.68543148041
    },
    "melbands_spread": {
        "dmean": 7.72093009949,
        "dmean2": 12.5071592331,
        "dvar": 51.3528518677,
        "dvar2": 116.735855103,
        "max": 67.8239974976,
        "mean": 21.1452178955,
        "median": 14.1054668427,
        "min": 2.65144348145,
        "var": 312.443084717
    },
    "pitch_salience": {
        "dmean": 0.0760405361652,
        "dmean2": 0.111656874418,
        "dvar": 0.0037282675039,
        "dvar2": 0.00907186418772,
        "max": 0.724557220936,
        "mean": 0.503424346447,
        "median": 0.519976377487,
        "min": 0.24311324954,
        "var": 0.0132500091568
    },
    "silence_rate_20dB": {
        "dmean": 0,
        "dmean2": 0,
        "dvar": 0,
        "dvar2": 0,
        "max": 1,
        "mean": 1,
        "median": 1,
        "min": 1,
        "var": 0
    },
    "silence_rate_30dB": {
        "dmean": 0,
        "dmean2": 0,
        "dvar": 0,
        "dvar2": 0,
        "max": 1,
        "mean": 1,
        "median": 1,
        "min": 1,
        "var": 0
    },
    "silence_rate_60dB": {
        "dmean": 0,
        "dmean2": 0,
        "dvar": 0,
        "dvar2": 0,
        "max": 0,
        "mean": 0,
        "median": 0,
        "min": 0,
        "var": 0
    },
    "spectral_centroid": {
        "dmean": 309.367523193,
        "dmean2": 503.456726074,
        "dvar": 53454.0273438,
        "dvar2": 119730.148438,
        "max": 2665.94580078,
        "mean": 1139.05200195,
        "median": 931.457092285,
        "min": 345.350799561,
        "var": 428430.125
    },
    "spectral_complexity": {
        "dmean": 3.23333334923,
        "dmean2": 4.61797761917,
        "dvar": 12.2677783966,
        "dvar2": 20.1237182617,
        "max": 45,
        "mean": 19.3186817169,
        "median": 14,
        "min": 1,
        "var": 133.228103638
    },
    "spectral_decrease": {
        "dmean": 2.15104978274e-09,
        "dmean2": 3.73008024468e-09,
        "dvar": 2.96824105481e-18,
        "dvar2": 7.92347044342e-18,
        "max": -3.13087195059e-10,
        "mean": -5.47904477344e-09,
        "median": -5.58987256483e-09,
        "min": -9.86215908938e-09,
        "var": 4.20878842808e-18
    },
    "spectral_energy": {
        "dmean": 0.00843328703195,
        "dmean2": 0.0143635394052,
        "dvar": 4.40551812062e-05,
        "dvar2": 0.00012134770077,
        "max": 0.0382236950099,
        "mean": 0.0221337750554,
        "median": 0.0233256556094,
        "min": 0.00120478856843,
        "var": 7.08114894223e-05
    },
    "spectral_energyband_high": {
        "dmean": 0.00017357210163,
        "dmean2": 0.00029126208392,
        "dvar": 1.32982080459e-07,
        "dvar2": 3.34887431563e-07,
        "max": 0.00271489983425,
        "mean": 0.000317408499541,
        "median": 9.01444436749e-05,
        "min": 5.81953463552e-06,
        "var": 2.86714055164e-07
    },
    "spectral_energyband_low": {
        "dmean": 0.00222224928439,
        "dmean2": 0.00368230557069,
        "dvar": 5.51174753127e-06,
        "dvar2": 1.42627750392e-05,
        "max": 0.015515608713,
        "mean": 0.00314313638955,
        "median": 0.0021136701107,
        "min": 0.00027803692501,
        "var": 8.35589071357e-06
    },
    "spectral_energyband_middle_high": {
        "dmean": 0.00201496924274,
        "dmean2": 0.00286271492951,
        "dvar": 6.94949039826e-06,
        "dvar2": 1.22769415611e-05,
        "max": 0.0269953850657,
        "mean": 0.00596968410537,
        "median": 0.00266801915132,
        "min": 4.20184514951e-05,
        "var": 4.40363182861e-05
    },
    "spectral_energyband_middle_low": {
        "dmean": 0.00739567354321,
        "dmean2": 0.0124678760767,
        "dvar": 3.29746835632e-05,
        "dvar2": 9.41340695135e-05,
        "max": 0.0321931801736,
        "mean": 0.0130549389869,
        "median": 0.0120782004669,
        "min": 0.000296211481327,
        "var": 6.00185958319e-05
    },
    "spectral_entropy": {
        "dmean": 0.212098821998,
        "dmean2": 0.324137300253,
        "dvar": 0.0321604646742,
        "dvar2": 0.0699134394526,
        "max": 8.59024047852,
        "mean": 7.26498937607,
        "median": 7.23092269897,
        "min": 6.52566337585,
        "var": 0.104811497033
    },
    "spectral_flux": {
        "dmean": 0.0213418956846,
        "dmean2": 0.0351274944842,
        "dvar": 0.000212799510336,
        "dvar2": 0.000662565871608,
        "max": 0.134250253439,
        "mean": 0.0840076953173,
        "median": 0.0841903612018,
        "min": 0.0285048317164,
        "var": 0.00056674395455
    },
    "spectral_kurtosis": {
        "dmean": 3.10655379295,
        "dmean2": 5.49456119537,
        "dvar": 11.0894556046,
        "dvar2": 30.5438022614,
        "max": 18.9216918945,
        "mean": 5.2091383934,
        "median": 4.42849063873,
        "min": 0.737176418304,
        "var": 11.163813591
    },
    "spectral_rms": {
        "dmean": 0.000957669632044,
        "dmean2": 0.0016209424939,
        "dvar": 6.29528926765e-07,
        "dvar2": 1.65917651884e-06,
        "max": 0.0061066695489,
        "mean": 0.00454209651798,
        "median": 0.00477040233091,
        "min": 0.00108416029252,
        "var": 9.63286538536e-07
    },
    "spectral_rolloff": {
        "dmean": 457.221710205,
        "dmean2": 789.228149414,
        "dvar": 222164.59375,
        "dvar2": 528522.0625,
        "max": 3251.51367188,
        "mean": 1147.17492676,
        "median": 882.861328125,
        "min": 150.732421875,
        "var": 901290.8125
    },
    "spectral_skewness": {
        "dmean": 0.343277961016,
        "dmean2": 0.593205571175,
        "dvar": 0.130078315735,
        "dvar2": 0.359689950943,
        "max": 3.55487132072,
        "mean": 1.22243511677,
        "median": 1.13326263428,
        "min": 0.593758583069,
        "var": 0.187890589237
    },
    "spectral_spread": {
        "dmean": 539745.25,
        "dmean2": 658276.75,
        "dvar": 5.26846210867e+12,
        "dvar2": 3.59245361971e+12,
        "max": 28250872,
        "mean": 2935382.75,
        "median": 2586610.75,
        "min": 1931944.875,
        "var": 7.41804553011e+12
    },
    "spectral_strongpeak": {
        "dmean": 0.618311107159,
        "dmean2": 1.06035780907,
        "dvar": 0.470222949982,
        "dvar2": 1.19158756733,
        "max": 5.10356426239,
        "mean": 1.06392121315,
        "median": 0.80407088995,
        "min": 0,
        "var": 0.866282105446
    },
    "zerocrossingrate": {
        "dmean": 0.00804036483169,
        "dmean2": 0.00912372674793,
        "dvar": 3.68340806745e-05,
        "dvar2": 5.22623922734e-05,
        "max": 0.10791015625,
        "mean": 0.0416970737278,
        "median": 0.033203125,
        "min": 0.0029296875,
        "var": 0.000620595179498
    },
    "barkbands": {
        "dmean": [7.40984432923e-06, 0.00170773256104, 0.000675483432133, 0.00135786645114, 0.00641053169966, 0.000183093012311, 0.000533258134965, 0.000266070797807, 0.000386312778573, 0.000795561005361, 0.000420889991801, 0.000235828279983, 3.19491591654e-05, 0.000321735336911, 0.000246073002927, 0.000780574744567, 0.000562995614018, 0.000121517325169, 0.00029471720336, 8.09275006759e-05, 0.00011882565741, 2.51731671597e-05, 6.34279160749e-07, 1.61166451562e-06, 5.67636220694e-07, 2.56074088156e-07, 6.80165754829e-08],
        "dmean2": [8.96216170077e-06, 0.00289541319944, 0.00116274820175, 0.00234511354938, 0.0111712394282, 0.00031131709693, 0.000809814489912, 0.000447158527095, 0.000664688006509, 0.00116458453704, 0.000697515031788, 0.000402693491196, 5.50818549527e-05, 0.000568198505789, 0.000410915934481, 0.00143326236866, 0.000864181027282, 0.00017028352886, 0.000460062932689, 0.000132442539325, 0.000194500360521, 4.75369452033e-05, 8.58916337165e-07, 2.4319010663e-06, 7.54812333525e-07, 3.48644221049e-07, 8.34338464983e-08],
        "dvar": [9.26314247529e-10, 3.07703794533e-06, 5.24658219092e-07, 1.31893511934e-06, 3.02104144794e-05, 2.68984727825e-08, 1.08636425011e-06, 1.86504180988e-07, 4.72799456475e-07, 1.21980679069e-06, 4.89092030875e-07, 1.99725889161e-07, 2.42875386469e-09, 3.2515427506e-07, 1.20169644902e-07, 1.93703772311e-06, 1.48622734741e-06, 2.45243683139e-08, 7.5750722317e-07, 3.32711600493e-08, 4.84428106517e-08, 4.05780298252e-09, 1.28366046091e-12, 1.29344876823e-11, 2.11865334304e-12, 4.52011448019e-13, 2.37666033772e-13],
        "dvar2": [8.18293210969e-10, 7.74713134888e-06, 1.34677247843e-06, 2.94018855129e-06, 8.04481533123e-05, 7.67711583194e-08, 1.98989209821e-06, 4.6341077109e-07, 1.28432520796e-06, 2.57037709162e-06, 1.4756847122e-06, 4.41813114094e-07, 4.66513716546e-09, 8.81202424807e-07, 2.78186377045e-07, 5.18812157679e-06, 3.36190009875e-06, 6.70138007308e-08, 2.03890613193e-06, 8.24892296691e-08, 1.24769641729e-07, 1.24735342055e-08, 2.27524986698e-12, 2.45941426946e-11, 3.94396407893e-12, 6.45104466807e-13, 2.45471042581e-13],
        "max": [0.000266309536528, 0.00987876579165, 0.00522168865427, 0.00809015519917, 0.0277075897902, 0.000952651782427, 0.0127458544448, 0.0026029178407, 0.00493870768696, 0.00788095127791, 0.00383558426984, 0.00330050219782, 0.000360194069799, 0.00342504540458, 0.00263684452511, 0.00799215212464, 0.00969673972577, 0.00146760803182, 0.00731050316244, 0.00151691993233, 0.00167646480259, 0.000381788529921, 1.01983450804e-05, 2.61867498921e-05, 1.3471886632e-05, 5.17322587257e-06, 4.62687876279e-06],
        "mean": [8.08690219856e-06, 0.0020581537392, 0.000872918230016, 0.00170500774402, 0.0089064873755, 0.000272531266091, 0.00097311695572, 0.000365837739082, 0.000603710708674, 0.00138841662556, 0.000535519386176, 0.000335801014444, 5.73446050112e-05, 0.000503906980157, 0.000414589856518, 0.00116986734793, 0.000835810380522, 0.000253284117207, 0.000480232702103, 0.000178800532012, 0.000177662368515, 3.11759249598e-05, 1.17966055768e-06, 3.00660894936e-06, 8.40026075366e-07, 4.20719572958e-07, 8.06542459486e-08],
        "median": [2.04885009225e-06, 0.00136585556902, 0.000583559391089, 0.00132220645901, 0.00686837127432, 0.000210006488487, 0.000259457097854, 0.00011794877355, 0.000318890204653, 0.000537569459993, 0.000292463460937, 8.01305650384e-05, 2.28986227739e-05, 0.000292279175483, 0.000193000319996, 0.000241001514951, 0.000157703936566, 0.000151640648255, 9.64174032561e-05, 4.38348506577e-05, 5.84004847042e-05, 5.0262442528e-06, 4.82953339542e-07, 4.86314377213e-07, 1.2951865358e-07, 8.77556871615e-08, 1.15431939562e-08],
        "min": [7.68060246514e-08, 0.000108845866635, 2.92044787784e-05, 3.55864758603e-05, 0.000101633384475, 4.33201057604e-05, 1.5534213162e-05, 6.75778483128e-06, 1.019670799e-05, 9.45707324718e-06, 8.58994644659e-06, 6.1804280449e-06, 4.20412561652e-06, 3.00984265778e-06, 2.23976439884e-06, 1.85417877674e-06, 1.69898157765e-06, 2.29553006648e-06, 2.00240560844e-06, 1.32448076329e-06, 1.10688347377e-06, 8.61594458001e-07, 1.40527319559e-07, 1.33985992079e-07, 5.18424805307e-08, 3.87639929045e-08, 4.08900335813e-09],
        "var": [1.06765740693e-09, 4.07262814406e-06, 8.88330703219e-07, 2.28331805374e-06, 5.48930074729e-05, 3.82562959089e-08, 3.82105326935e-06, 2.94703426107e-07, 5.93620939071e-07, 3.16491787089e-06, 5.53129893888e-07, 3.63001959158e-07, 5.73389069558e-09, 4.35675218569e-07, 2.64920373638e-07, 3.23477752318e-06, 2.64003074335e-06, 6.90474450948e-08, 9.04877197172e-07, 8.3085517133e-08, 9.15043827376e-08, 4.80039297202e-09, 3.36408071538e-12, 3.40672628996e-11, 3.73558996236e-12, 8.37648960611e-13, 2.3968617347e-13]
    },
    "erbbands": {
        "dmean": [0.0176629275084, 0.47852563858, 1.10380113125, 1.93067884445, 24.6186027527, 12.9662342072, 0.888971090317, 1.95144367218, 3.31858730316, 11.11561203, 8.04218006134, 8.37970924377, 15.1762561798, 24.2827720642, 15.3695354462, 6.82615470886, 1.42896223068, 8.40459632874, 14.6278362274, 26.9831523895, 41.1147651672, 25.171497345, 9.47998523712, 18.8023681641, 6.24688768387, 4.99345827103, 3.61651349068, 4.1564950943, 1.24287378788, 0.200483560562, 0.0242128167301, 0.0358172506094, 0.0229939110577, 0.0107096303254, 0.00161684746854, 0.00128471292555, 0.000451839674497, 5.29071367055e-05, 1.4058538909e-05, 1.00041343103e-05],
        "dmean2": [0.0300171803683, 0.815849125385, 1.88960194588, 3.28904604912, 43.3986282349, 22.7002277374, 1.5275452137, 3.36249566078, 5.49141597748, 15.1936941147, 13.4709348679, 13.8282337189, 24.2480335236, 35.8526000977, 25.6880378723, 11.9507369995, 2.09259986877, 14.7390317917, 24.4898910522, 47.8160896301, 70.0328369141, 36.4113883972, 14.140381813, 30.6721382141, 8.38559913635, 8.20281505585, 6.16107320786, 7.11864948273, 2.3641808033, 0.36790779233, 0.0359916985035, 0.0565426796675, 0.0323876142502, 0.0143185481429, 0.00187907344662, 0.0017031210009, 0.000627598143183, 6.71653324389e-05, 1.91662275029e-05, 1.64819648489e-05],
        "dvar": [0.000486293021822, 0.235149130225, 1.25353133678, 3.0119638443, 463.29284668, 110.519790649, 0.639243900776, 3.6306977272, 41.9279098511, 382.915405273, 162.919006348, 207.419311523, 612.849121094, 971.452880859, 594.639343262, 140.095687866, 4.22413873672, 168.227325439, 572.736694336, 3254.55419922, 5705.46289062, 2225.5065918, 260.246124268, 3833.25488281, 136.060821533, 136.515365601, 56.6200752258, 74.2173538208, 10.0799236298, 0.262283056974, 0.00222238572314, 0.00619644112885, 0.00272429804318, 0.000679966295138, 1.77399688255e-05, 8.92448952072e-06, 1.6522290025e-06, 9.31393486781e-08, 4.74432715336e-09, 6.6651607844e-11],
        "dvar2": [0.00111220788676, 0.587336957455, 3.33698606491, 7.10956954956, 1209.90161133, 309.665008545, 1.7312926054, 10.6865253448, 92.7705993652, 802.57409668, 400.698913574, 558.555175781, 1439.70703125, 2084.72558594, 1855.98913574, 322.355865479, 9.08333110809, 401.592437744, 1583.99560547, 9369.03320312, 13305.1640625, 4296.13183594, 551.449707031, 10636.296875, 233.306747437, 330.141082764, 138.383972168, 198.058776855, 30.2464084625, 0.784757316113, 0.00432854238898, 0.0124356169254, 0.00507169868797, 0.00118169386405, 2.34270064539e-05, 1.20847571452e-05, 2.66485722022e-06, 9.6485663903e-08, 4.98030860996e-09, 1.62471480714e-10],
        "max": [0.147661596537, 2.85029006004, 7.94194126129, 14.2176685333, 115.398078918, 50.9370155334, 6.17442083359, 9.79566287994, 67.7553787231, 237.875564575, 92.2119522095, 89.5313873291, 196.928817749, 214.816467285, 132.379486084, 86.3022766113, 16.8940677643, 92.5664901733, 159.318588257, 394.084381104, 463.531860352, 360.768310547, 128.18762207, 496.989471436, 103.437995911, 100.389312744, 73.0414123535, 49.8740386963, 19.0016078949, 3.28355312347, 0.372738391161, 0.534682154655, 0.420210123062, 0.255991369486, 0.0312241520733, 0.0243295431137, 0.00991489831358, 0.00288005894981, 0.000665119267069, 7.22237164155e-05],
        "mean": [0.0234402492642, 0.572269558907, 1.37628626823, 3.01819396019, 34.562335968, 16.8110561371, 1.65130710602, 2.89253282547, 5.9821844101, 19.5217418671, 11.3365707397, 13.7909326553, 24.6848087311, 44.2855224609, 21.4630012512, 12.1545667648, 3.47347545624, 15.4073219299, 24.2424983978, 41.5819244385, 64.3602142334, 43.8318443298, 18.2624473572, 25.6612529755, 15.1492347717, 10.181221962, 6.1649107933, 5.99954462051, 1.60699379444, 0.262197166681, 0.0459980964661, 0.0670288726687, 0.0398719236255, 0.0166107527912, 0.00264393771067, 0.00231213495135, 0.000652558926959, 6.94716800353e-05, 2.37939566432e-05, 2.72742145171e-05],
        "median": [0.0162980854511, 0.381437510252, 0.833279430866, 2.69992613792, 27.2775192261, 12.1644639969, 1.574198246, 2.20707631111, 2.95919489861, 4.20379257202, 4.36352586746, 5.94673967361, 9.65524196625, 21.5902252197, 9.87814044952, 2.86969351768, 1.16015577316, 6.54545640945, 14.9482097626, 12.2350845337, 11.1150350571, 10.9198122025, 8.72147464752, 6.87008190155, 3.23009634018, 2.37995219231, 2.02556014061, 1.62745213509, 0.251121938229, 0.040022496134, 0.0153389591724, 0.0119220511988, 0.00691045960411, 0.00264808954671, 0.000584116613027, 0.000609249458648, 0.000111512876174, 1.05148619696e-05, 1.3258949366e-05, 2.67386985797e-05],
        "min": [0.000808993412647, 0.028351534158, 0.0575135275722, 0.171508878469, 0.295823961496, 0.345216989517, 0.242097437382, 0.325469970703, 0.342605918646, 0.245292663574, 0.219301074743, 0.228623434901, 0.205699980259, 0.436611533165, 0.214340925217, 0.291029959917, 0.214005425572, 0.175745502114, 0.100283548236, 0.130195841193, 0.102919451892, 0.0986035466194, 0.133849382401, 0.0971961915493, 0.0911783054471, 0.0664029717445, 0.0516976974905, 0.0399755835533, 0.0293221045285, 0.0116225481033, 0.00449580093846, 0.00313122826628, 0.00148894183803, 0.000746461970266, 0.000239881992457, 0.000215313484659, 4.34083158325e-05, 3.28339297084e-06, 4.71500516142e-06, 7.72419934947e-06],
        "var": [0.000551826611627, 0.320123225451, 2.0001513958, 5.12207651138, 850.796875, 176.968078613, 0.900895416737, 4.5454287529, 89.7158432007, 1625.38134766, 243.757446289, 313.887756348, 1412.04528809, 2726.1862793, 905.627807617, 374.508758545, 18.3524913788, 398.39251709, 810.0703125, 3660.81762695, 12123.0478516, 5390.1953125, 576.86517334, 3340.2578125, 599.305297852, 311.053741455, 106.874572754, 115.420600891, 12.4878616333, 0.332572162151, 0.00565832713619, 0.0156371798366, 0.00675743166357, 0.00143335468601, 3.06014408125e-05, 2.02436804102e-05, 2.60067326963e-06, 9.52905949703e-08, 4.8337347458e-09, 1.2744894029e-10]
    },
    "gfcc": {
        "mean": [-49.5442085266, 151.732681274, -155.32019043, 45.742767334, -32.2174682617, -14.0176582336, -19.1671886444, -0.398828864098, -21.6046009064, -14.4207372665, -27.5612640381, -14.9501466751, 5.0038523674],
        "cov": [[1775.50366211, -768.032897949, -829.418762207, -73.1119003296, -281.145324707, 116.542892456, -33.8324012756, 231.186676025, 23.5054721832, 107.531402588, -27.3346767426, 14.8924102783, -82.3970184326], [-768.032897949, 717.745727539, 287.447540283, 1.72104215622, 158.328887939, -146.529464722, 43.0859031677, -122.253540039, 13.835187912, -88.8755950928, 26.9366798401, -63.3217010498, 59.265537262], [-829.418762207, 287.447540283, 666.099243164, 133.000701904, 143.689910889, -15.4485406876, 17.5699729919, -108.239151001, -4.69851827621, -43.284198761, 9.56694793701, 6.39840507507, 25.989566803], [-73.1119003296, 1.72104215622, 133.000701904, 206.348846436, 67.1385879517, 15.3774938583, -18.3859786987, -50.9905967712, 7.46266460419, -6.17635250092, -31.0720863342, -20.5070018768, 5.59747934341], [-281.145324707, 158.328887939, 143.689910889, 67.1385879517, 143.123703003, -11.4323129654, -6.70908403397, -58.4460601807, -13.4007892609, -25.6699237823, -4.92693662643, 1.49310946465, 34.346446991], [116.542892456, -146.529464722, -15.4485406876, 15.3774938583, -11.4323129654, 88.1653289795, 14.6346111298, 33.2295608521, 1.47402405739, 15.169921875, 0.072815284133, 22.2408504486, 2.18944573402], [-33.8324012756, 43.0859031677, 17.5699729919, -18.3859786987, -6.70908403397, 14.6346111298, 60.8336486816, 22.3778400421, 2.94846153259, -8.72897338867, 2.55195522308, 9.05420970917, 8.32778739929], [231.186676025, -122.253540039, -108.239151001, -50.9905967712, -58.4460601807, 33.2295608521, 22.3778400421, 106.575881958, 45.0790405273, 42.7367286682, 16.392036438, 9.74622535706, -31.2415466309], [23.5054721832, 13.835187912, -4.69851827621, 7.46266460419, -13.4007892609, 1.47402405739, 2.94846153259, 45.0790405273, 67.5251922607, 43.2446594238, 17.3537445068, -9.60533428192, -20.2951316833], [107.531402588, -88.8755950928, -43.284198761, -6.17635250092, -25.6699237823, 15.169921875, -8.72897338867, 42.7367286682, 43.2446594238, 73.6082611084, 23.1559181213, 10.6526222229, -22.7594165802], [-27.3346767426, 26.9366798401, 9.56694793701, -31.0720863342, -4.92693662643, 0.072815284133, 2.55195522308, 16.392036438, 17.3537445068, 23.1559181213, 40.3640289307, 6.36715841293, -6.73750495911], [14.8924102783, -63.3217010498, 6.39840507507, -20.5070018768, 1.49310946465, 22.2408504486, 9.05420970917, 9.74622535706, -9.60533428192, 10.6526222229, 6.36715841293, 46.1942481995, 14.2219200134], [-82.3970184326, 59.265537262, 25.989566803, 5.59747934341, 34.346446991, 2.18944573402, 8.32778739929, -31.2415466309, -20.2951316833, -22.7594165802, -6.73750495911, 14.2219200134, 48.5886764526]],
        "icov": [[0.00273117003962, 0.00107458501589, 0.0024609521497, -0.00200172327459, 0.00162165809888, 0.000200982743991, 0.000799248751719, -0.00340055930428, 0.00169996276964, 3.76849347958e-05, -0.000390601431718, 0.000383376784157, -0.00068243034184], [0.00107458501589, 0.013325477019, -0.000368159933714, 0.00377982459031, -0.00792454089969, 0.0130994729698, -0.012932012789, 0.00910846795887, -0.0154120931402, 0.0107088135555, -0.0119761191308, 0.012775670737, -0.00840687658638], [0.0024609521497, -0.000368159933714, 0.00509735941887, -0.00333799561486, 0.000906658242457, -0.00147701473907, 0.00014192101662, -0.000507205200847, 0.000418254872784, 0.00125351257157, -0.00137626950163, -0.00366028980352, 0.00299797416665], [-0.00200172327459, 0.00377982459031, -0.00333799561486, 0.013016291894, -0.00707108993083, -0.000426283251727, -0.00442491658032, 0.0116388527676, -0.0116418441758, 0.00105496193282, 0.00473191682249, 0.00773027911782, -0.000434455432696], [0.00162165809888, -0.00792454089969, 0.000906658242457, -0.00707108993083, 0.0189180541784, -0.00740917166695, 0.0108074396849, -0.00748057244346, 0.0106874099001, -0.00531707843766, 0.00499653024599, -0.00896172225475, -0.00166619487572], [0.000200982743991, 0.0130994729698, -0.00147701473907, -0.000426283251727, -0.00740917166695, 0.0310694351792, -0.0147030539811, 0.000546710914932, -0.00913122110069, 0.00809466652572, -0.0127930939198, 0.0076883318834, -0.0121357860044], [0.000799248751719, -0.012932012789, 0.00014192101662, -0.00442491658032, 0.0108074396849, -0.0147030539811, 0.0372107177973, -0.0211411956698, 0.0160314850509, -0.00430534454063, 0.0111555559561, -0.0135298427194, 0.000801442365628], [-0.00340055930428, 0.00910846795887, -0.000507205200847, 0.0116388527676, -0.00748057244346, 0.000546710914932, -0.0211411956698, 0.0473765991628, -0.0356235690415, 0.00992531795055, -0.00704073067755, 0.00118794303853, 0.00984815601259], [0.00169996276964, -0.0154120931402, 0.000418254872784, -0.0116418441758, 0.0106874099001, -0.00913122110069, 0.0160314850509, -0.0356235690415, 0.0639206618071, -0.0335045307875, 0.00913668423891, 0.000639516103547, 0.00208785524592], [3.76849347958e-05, 0.0107088135555, 0.00125351257157, 0.00105496193282, -0.00531707843766, 0.00809466652572, -0.00430534454063, 0.00992531795055, -0.0335045307875, 0.0455057881773, -0.0214498843998, -0.00532724382356, 0.00262912246399], [-0.000390601431718, -0.0119761191308, -0.00137626950163, 0.00473191682249, 0.00499653024599, -0.0127930939198, 0.0111555559561, -0.00704073067755, 0.00913668423891, -0.0214498843998, 0.0509731471539, -0.0116494307294, 0.00898878928274], [0.000383376784157, 0.012775670737, -0.00366028980352, 0.00773027911782, -0.00896172225475, 0.0076883318834, -0.0135298427194, 0.00118794303853, 0.000639516103547, -0.00532724382356, -0.0116494307294, 0.0523045025766, -0.0239474754781], [-0.00068243034184, -0.00840687658638, 0.00299797416665, -0.000434455432696, -0.00166619487572, -0.0121357860044, 0.000801442365628, 0.00984815601259, 0.00208785524592, 0.00262912246399, 0.00898878928274, -0.0239474754781, 0.0464032255113]]
    },
    "melbands": {
        "dmean": [0.000314301927574, 0.000623770290986, 0.00100184127223, 0.00164188316558, 4.83004332636e-05, 4.02042642236e-05, 6.90495362505e-05, 0.000103505059087, 7.84549920354e-05, 4.80078524561e-05, 8.17506661406e-05, 0.000108334534161, 6.34782772977e-05, 3.39669604728e-05, 7.13118015483e-06, 5.88200236962e-06, 1.8583756173e-05, 2.90081043204e-05, 2.82312103081e-05, 4.78350921185e-05, 5.06803553435e-05, 2.91300057143e-05, 1.91443941731e-05, 5.25963832843e-06, 1.82960302482e-05, 6.38454048385e-06, 2.76807236332e-06, 3.77100855076e-06, 1.36795472372e-06, 4.76024524687e-06, 1.48373351294e-06, 6.51176492283e-07, 4.90174045353e-07, 1.57582000782e-08, 1.11256373003e-08, 1.95769409572e-08, 2.25524399156e-08, 1.65417244347e-08, 1.46258125611e-08, 7.92157539564e-09],
        "dmean2": [0.000532216159627, 0.0010667090537, 0.00167739205062, 0.0028385121841, 8.3973587607e-05, 6.92690955475e-05, 0.000114952978038, 0.000143093857332, 0.000136527654831, 8.0676167272e-05, 0.000130224245368, 0.000159468996571, 0.000104640756035, 5.74855912419e-05, 1.13476307888e-05, 1.02575049823e-05, 3.18014863296e-05, 5.00940041093e-05, 5.04620038555e-05, 8.69932118803e-05, 8.24159069452e-05, 4.40372059529e-05, 3.03922442981e-05, 7.33257229513e-06, 3.05767061946e-05, 9.12489213079e-06, 4.51448659078e-06, 6.06750245424e-06, 2.04940693038e-06, 8.08570166555e-06, 2.45993055614e-06, 1.23384336348e-06, 9.3488370112e-07, 2.01320027315e-08, 1.62913238455e-08, 3.12421200022e-08, 3.37157999297e-08, 2.22374083592e-08, 2.14521076458e-08, 1.07807718308e-08],
        "dvar": [1.20305443829e-07, 4.0096824705e-07, 5.74738010073e-07, 1.91826507034e-06, 2.77489164979e-09, 1.45751699598e-09, 2.03391330444e-08, 3.24304849642e-08, 1.75621810428e-08, 6.41399289236e-09, 1.84186834673e-08, 1.96904963445e-08, 1.11848112994e-08, 4.08659328599e-09, 1.80001694106e-10, 1.15591369809e-10, 7.93361876195e-10, 2.86637669156e-09, 1.83126769304e-09, 7.64764607197e-09, 9.12502251538e-09, 3.52493167988e-09, 1.59082103046e-09, 6.24167176277e-11, 3.85819820536e-09, 1.41402667353e-10, 2.63765745356e-11, 7.62875804194e-11, 7.00167571491e-12, 7.4513777093e-11, 1.13143036606e-11, 2.68726707553e-12, 1.69481323507e-12, 9.77852421397e-16, 3.73573716991e-16, 1.59682015942e-15, 2.42520864095e-15, 1.34785811798e-15, 1.01082021425e-15, 4.43180317028e-16],
        "dvar2": [2.84706800358e-07, 1.04439243387e-06, 1.7224556359e-06, 5.28713508174e-06, 7.85514941981e-09, 4.25710933172e-09, 4.21302637221e-08, 7.09942753474e-08, 4.50152093379e-08, 1.7508847705e-08, 4.10263218953e-08, 4.15315746238e-08, 3.60010119493e-08, 9.15420539371e-09, 4.71836403282e-10, 3.13444020739e-10, 1.99062588635e-09, 7.96203192266e-09, 5.05141706242e-09, 2.22269349592e-08, 2.09427675202e-08, 7.86658027607e-09, 3.52595508346e-09, 1.35239139332e-10, 1.08253912501e-08, 2.44130743399e-10, 6.4465092986e-11, 1.88135729218e-10, 1.51955982519e-11, 2.09007408603e-10, 2.9496256132e-11, 8.13002443145e-12, 5.39276219166e-12, 1.4210875044e-15, 7.02064158304e-16, 3.29058281613e-15, 4.68995451334e-15, 2.39311540961e-15, 1.8554280003e-15, 8.64146295042e-16],
        "max": [0.00201650708914, 0.00428987806663, 0.0043531935662, 0.00705350982025, 0.000459577364381, 0.000203966090339, 0.00154519930948, 0.00213866285048, 0.00103672232945, 0.000519724504557, 0.00107259862125, 0.000937065924518, 0.000568662188016, 0.000467894657049, 0.00011662360339, 6.82190075167e-05, 0.000200466005481, 0.000340617552865, 0.000256094295764, 0.000546106137335, 0.000609736423939, 0.000495233922265, 0.000274892634479, 7.81372946221e-05, 0.000488545862027, 0.000100427270809, 4.07549523516e-05, 7.51429179218e-05, 2.73617897619e-05, 6.19245183771e-05, 2.04987318284e-05, 9.85244878393e-06, 7.50656909076e-06, 3.02149885556e-07, 1.53549521542e-07, 3.08207432909e-07, 3.19944831517e-07, 2.96202927075e-07, 2.88374764068e-07, 1.90841873859e-07],
        "mean": [0.000400892313337, 0.000767121033277, 0.00141960778274, 0.0022757158149, 7.24758137949e-05, 5.84915360378e-05, 0.000124805563246, 0.00018060268485, 9.97096576612e-05, 7.95378000475e-05, 0.000126461614855, 0.000188743710169, 7.74681539042e-05, 4.49795952591e-05, 1.32760887936e-05, 9.1121182777e-06, 3.23130843753e-05, 4.25464568252e-05, 4.05174178013e-05, 6.90216256771e-05, 7.54406719352e-05, 4.61557974631e-05, 3.07574846374e-05, 9.96131711872e-06, 2.27728323807e-05, 1.46210850289e-05, 6.46159332973e-06, 6.72035457683e-06, 2.2963115498e-06, 6.41260794509e-06, 2.18824084186e-06, 8.2016521219e-07, 5.30503257323e-07, 2.70451874229e-08, 1.88146263014e-08, 3.50608679867e-08, 4.24623749495e-08, 2.85524173194e-08, 2.24122551629e-08, 1.13676454916e-08],
        "median": [0.00027582218172, 0.000474621832836, 0.00118443474639, 0.00172124477103, 6.39479549136e-05, 4.48430619144e-05, 5.59806394449e-05, 3.96434334107e-05, 3.52221723006e-05, 3.88651460526e-05, 4.04401544074e-05, 8.39726053528e-05, 4.12666668126e-05, 1.19070791698e-05, 2.78744710158e-06, 3.30046691488e-06, 1.53653691086e-05, 2.41398629441e-05, 2.09424379136e-05, 1.32768582262e-05, 1.03562824734e-05, 1.03710908661e-05, 1.29603668029e-05, 5.07225922775e-06, 5.49124933968e-06, 2.95182371701e-06, 1.57145950652e-06, 1.51195047238e-06, 7.89897228515e-07, 2.27467307923e-06, 4.51816276836e-07, 1.50935363763e-07, 4.42633130149e-08, 9.36453758982e-09, 7.60798180011e-09, 8.79786377084e-09, 6.22255980076e-09, 4.81236428485e-09, 4.05995859154e-09, 1.5703520706e-09],
        "min": [1.75257482624e-05, 2.6218858693e-05, 5.97491198278e-05, 2.20610163524e-05, 9.47259650275e-06, 6.78107971908e-06, 5.30348734173e-06, 2.23288543566e-06, 1.92914444597e-06, 1.34906122184e-06, 1.02308456462e-06, 1.78668904027e-06, 9.47055013967e-07, 6.33616423329e-07, 4.68696896405e-07, 4.12291285556e-07, 3.26270196638e-07, 1.55722602813e-07, 1.98419328967e-07, 1.3529334808e-07, 1.21448834989e-07, 9.32246138063e-08, 1.41393286412e-07, 9.51194394361e-08, 7.86310465628e-08, 6.61249970335e-08, 5.53968710904e-08, 4.18322265716e-08, 3.19291011408e-08, 2.66778865665e-08, 2.25638050466e-08, 1.68207705542e-08, 8.702002674e-09, 2.14141215871e-09, 2.13794781878e-09, 2.12259054777e-09, 1.78381875937e-09, 1.02388220125e-09, 9.64136104287e-10, 4.63697857889e-10],
        "var": [1.52352413352e-07, 5.99143788804e-07, 1.20753497868e-06, 3.49453239323e-06, 3.25624238684e-09, 1.8627082099e-09, 4.87789542092e-08, 1.35261899459e-07, 2.14581863389e-08, 9.87499149119e-09, 4.26191562042e-08, 5.27712273879e-08, 1.31800614867e-08, 6.52066356466e-09, 4.87633433632e-10, 1.6561386984e-10, 1.76533465623e-09, 3.24043680777e-09, 2.42809905515e-09, 1.0763578473e-08, 1.92373814656e-08, 7.04040337141e-09, 2.45145703737e-09, 1.55079032949e-10, 3.09420133959e-09, 5.90717474935e-10, 9.94724858039e-11, 1.50970735913e-10, 1.45727319101e-11, 1.14578908861e-10, 1.7842380351e-11, 3.22258669402e-12, 1.72759289513e-12, 2.33784396871e-15, 8.07671432075e-16, 4.02821891715e-15, 6.38145262747e-15, 3.44799732487e-15, 2.39735756237e-15, 7.44505379401e-16]
    },
    "mfcc": {
        "mean": [-680.325439453, 170.996734619, -48.3000526428, 56.3728256226, 1.71542882919, 2.36055517197, 4.4806895256, 1.44147896767, 19.5335521698, -1.5749566555, -13.0349884033, -7.18356084824, -14.7988977432],
        "cov": [[2499.25341797, -940.537963867, -729.057495117, -379.05569458, -270.53225708, -238.776260376, -21.0639152527, -24.5180206299, 111.680175781, -21.5514850616, 122.415626526, 126.813575745, 117.17440033], [-940.537963867, 714.771850586, 161.129257202, 151.872558594, 67.1144714355, 26.1788787842, 0.0354512520134, -5.04946136475, -51.4126968384, 16.6565361023, -49.6488265991, -61.4529800415, -70.3411331177], [-729.057495117, 161.129257202, 422.431365967, 154.381561279, 102.633972168, 105.577987671, 8.13531208038, 27.7163085938, -19.2897949219, 15.8777370453, -21.2503223419, -0.839822053909, -6.49848222733], [-379.05569458, 151.872558594, 154.381561279, 210.098724365, 100.595161438, 87.3465499878, -4.48498868942, -10.6944122314, -0.484603196383, -2.44869875908, -25.3930912018, -17.7699260712, -46.1281318665], [-270.53225708, 67.1144714355, 102.633972168, 100.595161438, 128.09475708, 73.6737976074, 5.44254684448, -4.4450969696, -7.3835401535, 1.0944006443, -15.1407384872, -18.9368019104, -24.6651172638], [-238.776260376, 26.1788787842, 105.577987671, 87.3465499878, 73.6737976074, 99.7005310059, 19.6428699493, 1.96652460098, 3.75687050819, -11.107085228, -31.4615097046, -19.7464942932, -12.2234134674], [-21.0639152527, 0.0354512520134, 8.13531208038, -4.48498868942, 5.44254684448, 19.6428699493, 46.9103889465, 23.2695045471, 6.16796827316, -13.214343071, -19.2245121002, -8.07194519043, 3.39261341095], [-24.5180206299, -5.04946136475, 27.7163085938, -10.6944122314, -4.4450969696, 1.96652460098, 23.2695045471, 51.8397674561, 20.8703155518, -0.0744839012623, -7.85966682434, -1.55787861347, 17.8846549988], [111.680175781, -51.4126968384, -19.2897949219, -0.484603196383, -7.3835401535, 3.75687050819, 6.16796827316, 20.8703155518, 47.96534729, 9.43586540222, 3.92418479919, 8.14642620087, 17.8866157532], [-21.5514850616, 16.6565361023, 15.8777370453, -2.44869875908, 1.0944006443, -11.107085228, -13.214343071, -0.0744839012623, 9.43586540222, 57.5308151245, 30.2844963074, 6.93764448166, 6.39555549622], [122.415626526, -49.6488265991, -21.2503223419, -25.3930912018, -15.1407384872, -31.4615097046, -19.2245121002, -7.85966682434, 3.92418479919, 30.2844963074, 77.2697067261, 46.6996192932, 10.3637075424], [126.813575745, -61.4529800415, -0.839822053909, -17.7699260712, -18.9368019104, -19.7464942932, -8.07194519043, -1.55787861347, 8.14642620087, 6.93764448166, 46.6996192932, 67.5487136841, 29.6677646637], [117.17440033, -70.3411331177, -6.49848222733, -46.1281318665, -24.6651172638, -12.2234134674, 3.39261341095, 17.8846549988, 17.8866157532, 6.39555549622, 10.3637075424, 29.6677646637, 55.7365570068]],
