{
"lowlevel": {
    "average_loudness": 0.982471525669,
    "barkbands_crest": {
        "dmean": 4.54263019562,
        "dmean2": 7.86016273499,
        "dvar": 10.3124990463,
        "dvar2": 31.788608551,
        "max": 23.2795543671,
        "mean": 12.9996728897,
        "median": 12.4804239273,
        "min": 5.28294038773,
        "var": 16.5104370117
    },
    "barkbands_flatness_db": {
        "dmean": 0.0339636020362,
        "dmean2": 0.0576719939709,
        "dvar": 0.000630062655546,
        "dvar2": 0.00163948105182,
        "max": 0.376102477312,
        "mean": 0.235070034862,
        "median": 0.233611911535,
        "min": 0.108312271535,
        "var": 0.0011783989612
    },
    "barkbands_kurtosis": {
        "dmean": 6.56700468063,
        "dmean2": 11.1989040375,
        "dvar": 33.585308075,
        "dvar2": 90.1534194946,
        "max": 38.9944648743,
        "mean": 8.93816280365,
        "median": 7.26743125916,
        "min": -1.64301228523,
        "var": 50.832775116
    },
    "barkbands_skewness": {
        "dmean": 0.930563092232,
        "dmean2": 1.58074069023,
        "dvar": 0.530898272991,
        "dvar2": 1.45285344124,
        "max": 5.66159248352,
        "mean": 2.72208786011,
        "median": 2.68746709824,
        "min": 0.231026530266,
        "var": 0.855956792831
    },
    "barkbands_spread": {
        "dmean": 5.39433145523,
        "dmean2": 9.09471988678,
        "dvar": 21.2956809998,
        "dvar2": 57.3858451843,
        "max": 31.4837265015,
        "mean": 11.6153917313,
        "median": 10.509771347,
        "min": 1.73154580593,
        "var": 33.8388023376
    },
    "dissonance": {
        "dmean": 0.0137708876282,
        "dmean2": 0.0235034879297,
        "dvar": 0.000173139356775,
        "dvar2": 0.000331598537741,
        "max": 0.498075991869,
        "mean": 0.474775969982,
        "median": 0.478422611952,
        "min": 0.272394090891,
        "var": 0.0002699616889
    },
    "dynamic_complexity": 0.732533812523,
    "erbbands_crest": {
        "dmean": 2.53899741173,
        "dmean2": 4.35618686676,
        "dvar": 6.11619377136,
        "dvar2": 16.5148124695,
        "max": 24.4196300507,
        "mean": 7.85475635529,
        "median": 7.31964445114,
        "min": 3.51797962189,
        "var": 7.3961892128
    },
    "erbbands_flatness_db": {
        "dmean": 0.013722662814,
        "dmean2": 0.0220238864422,
        "dvar": 0.000120197539218,
        "dvar2": 0.000305628433125,
        "max": 0.262556880713,
        "mean": 0.209840714931,
        "median": 0.209160119295,
        "min": 0.125037327409,
        "var": 0.000231473852182
    },
    "erbbands_kurtosis": {
        "dmean": 0.696238338947,
        "dmean2": 1.21331131458,
        "dvar": 0.748927414417,
        "dvar2": 2.04373431206,
        "max": 6.64115715027,
        "mean": -0.894325852394,
        "median": -1.14751851559,
        "min": -1.77520370483,
        "var": 0.707708537579
    },
    "erbbands_skewness": {
        "dmean": 0.527897298336,
        "dmean2": 0.868489086628,
        "dvar": 0.157486557961,
        "dvar2": 0.443911135197,
        "max": 1.98726177216,
        "mean": -0.221551939845,
        "median": -0.245882824063,
        "min": -2.53720760345,
        "var": 0.36991289258
    },
    "erbbands_spread": {
        "dmean": 8.67674541473,
        "dmean2": 14.6068334579,
        "dvar": 49.386844635,
        "dvar2": 129.222915649,
        "max": 66.3719787598,
        "mean": 43.7736816406,
        "median": 44.3620529175,
        "min": 17.3779888153,
        "var": 74.1164932251
    },
    "hfc": {
        "dmean": 6.0209646225,
        "dmean2": 9.50195217133,
        "dvar": 26.9936904907,
        "dvar2": 67.9277191162,
        "max": 66.7204284668,
        "mean": 21.0738773346,
        "median": 19.708190918,
        "min": 1.47459208965,
        "var": 65.0905456543
    },
    "melbands_crest": {
        "dmean": 4.48578310013,
        "dmean2": 7.66189908981,
        "dvar": 10.0871362686,
        "dvar2": 31.3320236206,
        "max": 27.9284801483,
        "mean": 17.0576248169,
        "median": 16.9345626831,
        "min": 8.36657428741,
        "var": 16.2597312927
    },
    "melbands_flatness_db": {
        "dmean": 0.0412909388542,
        "dmean2": 0.0696918517351,
        "dvar": 0.000904225453269,
        "dvar2": 0.002425910905,
        "max": 0.503627002239,
        "mean": 0.339211523533,
        "median": 0.339729785919,
        "min": 0.214893519878,
        "var": 0.00171655486338
    },
    "melbands_kurtosis": {
        "dmean": 16.3604316711,
        "dmean2": 28.1443099976,
        "dvar": 199.753967285,
        "dvar2": 528.119445801,
        "max": 86.919708252,
        "mean": 27.1699752808,
        "median": 23.9974555969,
        "min": 0.247629165649,
        "var": 289.836212158
    },
    "melbands_skewness": {
        "dmean": 1.31101870537,
        "dmean2": 2.23690533638,
        "dvar": 1.02183890343,
        "dvar2": 2.76028418541,
        "max": 8.3048915863,
        "mean": 4.40351581573,
        "median": 4.30715751648,
        "min": 1.35444545746,
        "var": 1.6301381588
    },
    "melbands_spread": {
        "dmean": 5.10627889633,
        "dmean2": 8.68686962128,
        "dvar": 22.5352249146,
        "dvar2": 61.3785629272,
        "max": 43.0472145081,
        "mean": 9.17152309418,
        "median": 7.80056142807,
        "min": 1.52127730846,
        "var": 31.1053524017
    },
    "pitch_salience": {
        "dmean": 0.126407772303,
        "dmean2": 0.219257757068,
        "dvar": 0.00820484105498,
        "dvar2": 0.0253149140626,
        "max": 0.765570759773,
        "mean": 0.498495459557,
        "median": 0.505701839924,
        "min": 0.1902448982,
        "var": 0.012647957541
    },
    "silence_rate_20dB": {
        "dmean": 0,
        "dmean2": 0,
        "dvar": 0,
        "dvar2": 0,
        "max": 1,
        "mean": 1,
        "median": 1,
        "min": 1,
        "var": 0
    },
    "silence_rate_30dB": {
        "dmean": 0.221052631736,
        "dmean2": 0.442882239819,
        "dvar": 0.172188580036,
        "dvar2": 0.383822262287,
        "max": 1,
        "mean": 0.810858130455,
        "median": 1,
        "min": 0,
        "var": 0.153366968036
    },
    "silence_rate_60dB": {
        "dmean": 0,
        "dmean2": 0,
        "dvar": 0,
        "dvar2": 0,
        "max": 0,
        "mean": 0,
        "median": 0,
        "min": 0,
        "var": 0
    },
    "spectral_centroid": {
        "dmean": 251.160522461,
        "dmean2": 415.154876709,
        "dvar": 40417.9101562,
        "dvar2": 110904.265625,
        "max": 1819.03308105,
        "mean": 782.09954834,
        "median": 746.62487793,
        "min": 237.182937622,
        "var": 80231.984375
    },
    "spectral_complexity": {
        "dmean": 3.38596487045,
        "dmean2": 5.50966596603,
        "dvar": 6.71770238876,
        "dvar2": 15.5223150253,
        "max": 36,
        "mean": 22.3134841919,
        "median": 23,
        "min": 3,
        "var": 19.8649978638
    },
    "spectral_decrease": {
        "dmean": 9.27158616548e-09,
        "dmean2": 1.59437281155e-08,
        "dvar": 4.6022105821e-17,
        "dvar2": 1.33877395432e-16,
        "max": -7.87561904581e-10,
        "mean": -2.1161680408e-08,
        "median": -2.09339070523e-08,
        "min": -4.75243773224e-08,
        "var": 6.92985976813e-17
    },
    "spectral_energy": {
        "dmean": 0.0352619364858,
        "dmean2": 0.0606252923608,
        "dvar": 0.000665372353978,
        "dvar2": 0.00193283823319,
        "max": 0.181895881891,
        "mean": 0.0817803367972,
        "median": 0.0808074697852,
        "min": 0.00310618546791,
        "var": 0.00100817799103
    },
    "spectral_energyband_high": {
        "dmean": 3.94072085328e-05,
        "dmean2": 6.39200879959e-05,
        "dvar": 1.90268845124e-09,
        "dvar2": 4.85944440243e-09,
        "max": 0.000444475444965,
        "mean": 0.000102393853012,
        "median": 7.93268263806e-05,
        "min": 7.52605092202e-06,
        "var": 6.25673779453e-09
    },
    "spectral_energyband_low": {
        "dmean": 0.0344107933342,
        "dmean2": 0.0602734312415,
        "dvar": 0.000652016722597,
        "dvar2": 0.0018710262375,
        "max": 0.156670004129,
        "mean": 0.0561507418752,
        "median": 0.0506645962596,
        "min": 0.00153099943418,
        "var": 0.00088347599376
    },
    "spectral_energyband_middle_high": {
        "dmean": 0.00234508700669,
        "dmean2": 0.00387869100086,
        "dvar": 6.14077998762e-06,
        "dvar2": 1.51775366248e-05,
        "max": 0.0307054836303,
        "mean": 0.00531264860183,
        "median": 0.00459901615977,
        "min": 0.000461427262053,
        "var": 1.13302967293e-05
    },
    "spectral_energyband_middle_low": {
        "dmean": 0.0123384781182,
        "dmean2": 0.0209072045982,
        "dvar": 0.000149022816913,
        "dvar2": 0.000415116752265,
        "max": 0.103801511228,
        "mean": 0.0234400127083,
        "median": 0.0196222718805,
        "min": 0.00100823002867,
        "var": 0.000217465203605
    },
    "spectral_entropy": {
        "dmean": 0.173270240426,
        "dmean2": 0.288338959217,
        "dvar": 0.0207228846848,
        "dvar2": 0.0552973859012,
        "max": 8.32189846039,
        "mean": 7.07553863525,
        "median": 7.09482622147,
        "min": 6.0687289238,
        "var": 0.0391831584275
    },
    "spectral_flux": {
        "dmean": 0.0460778400302,
        "dmean2": 0.0781328678131,
        "dvar": 0.00123628310394,
        "dvar2": 0.00366615992971,
        "max": 0.322677373886,
        "mean": 0.170548006892,
        "median": 0.167175412178,
        "min": 0.0753165408969,
        "var": 0.00189983134624
    },
    "spectral_kurtosis": {
        "dmean": 4.43289613724,
        "dmean2": 8.06681728363,
        "dvar": 12.8540115356,
        "dvar2": 38.2323760986,
        "max": 23.6651191711,
        "mean": 8.30788516998,
        "median": 7.38376331329,
        "min": 1.27584934235,
        "var": 20.0346794128
    },
    "spectral_rms": {
        "dmean": 0.00197420781478,
        "dmean2": 0.0033665173687,
        "dvar": 2.00751310331e-06,
        "dvar2": 5.813271855e-06,
        "max": 0.0133213885128,
        "mean": 0.00875088199973,
        "median": 0.00887899566442,
        "min": 0.00174081150908,
        "var": 3.20773460771e-06
    },
    "spectral_rolloff": {
        "dmean": 294.362457275,
        "dmean2": 532.426269531,
        "dvar": 177216.296875,
        "dvar2": 463789.09375,
        "max": 2174.85351562,
        "mean": 416.936859131,
        "median": 258.3984375,
        "min": 86.1328125,
        "var": 162563.703125
    },
    "spectral_skewness": {
        "dmean": 0.40698030591,
        "dmean2": 0.722321927547,
        "dvar": 0.113376870751,
        "dvar2": 0.342696219683,
        "max": 3.99254322052,
        "mean": 1.68128240108,
        "median": 1.60889363289,
        "min": 0.826157212257,
        "var": 0.182094290853
    },
    "spectral_spread": {
        "dmean": 222168.125,
        "dmean2": 359015.09375,
        "dvar": 238501003264,
        "dvar2": 175274557440,
        "max": 16420735,
        "mean": 2301614,
        "median": 2255937.25,
        "min": 1565605.875,
        "var": 418043133952
    },
    "spectral_strongpeak": {
        "dmean": 0.331951916218,
        "dmean2": 0.57650578022,
        "dvar": 0.130980104208,
        "dvar2": 0.382044672966,
        "max": 3.78639554977,
        "mean": 0.557096421719,
        "median": 0.478937029839,
        "min": 0,
        "var": 0.129889279604
    },
    "zerocrossingrate": {
        "dmean": 0.0054464773275,
        "dmean2": 0.00748040014878,
        "dvar": 1.7071786715e-05,
        "dvar2": 3.30064431182e-05,
        "max": 0.0517578125,
        "mean": 0.0234742704779,
        "median": 0.0224609375,
        "min": 0.00634765625,
        "var": 6.0388691054e-05
    },
    "barkbands": {
        "dmean": [0.000406315462897, 0.029124179855, 0.0114571349695, 0.00591997429729, 0.00784820877016, 0.000901280669495, 0.00232989480719, 0.000520402449183, 0.000322808977216, 0.00012495451665, 0.000234262101003, 0.000153566303197, 0.00016742500884, 0.00116977584548, 0.000394130067434, 0.000769953709096, 0.000540341483429, 9.72407869995e-05, 4.59539296571e-05, 1.8378454115e-05, 2.68359672191e-05, 6.68287202643e-06, 7.20130003629e-07, 5.36310892585e-07, 8.65742322276e-08, 5.03692625387e-08, 1.5601958836e-08],
        "dmean2": [0.000655262731016, 0.0510390326381, 0.0201698932797, 0.0104835163802, 0.0135311624035, 0.0015321400715, 0.0038550789468, 0.000875255675055, 0.000537010026164, 0.000206459269975, 0.00040052345139, 0.000268166157184, 0.000267636496574, 0.00200506718829, 0.000668083084747, 0.00132800184656, 0.000880693201907, 0.000164416080224, 7.99045956228e-05, 3.12425363518e-05, 4.31631669926e-05, 1.06288816824e-05, 1.20819970562e-06, 8.69693963068e-07, 1.41081528682e-07, 8.03338551236e-08, 2.50150193892e-08],
        "dvar": [1.69983763953e-07, 0.000552998681087, 0.000120180804515, 4.61940617242e-05, 7.03330733813e-05, 1.22369613109e-06, 1.34628171509e-05, 4.32077854384e-07, 2.79191766595e-07, 2.17747384568e-08, 8.67192966325e-08, 1.09649306523e-07, 6.97009596706e-08, 2.38778670791e-06, 1.70000987509e-07, 1.42204225995e-06, 4.78676781768e-07, 1.32425563848e-08, 2.35701791418e-09, 4.5578180119e-10, 1.20575416318e-09, 5.76851517942e-11, 1.21157218372e-12, 3.99715742276e-13, 1.37227706141e-14, 9.03781444215e-15, 7.53213883951e-15],
        "dvar2": [4.07629926258e-07, 0.00158586387988, 0.000329948205035, 0.000130361440824, 0.000200800393941, 3.27058273797e-06, 3.02346452372e-05, 1.05395361061e-06, 7.1642898547e-07, 6.01259699806e-08, 2.30543747648e-07, 3.04761101688e-07, 1.56980604515e-07, 6.08438767813e-06, 4.41625758185e-07, 3.87614636566e-06, 9.93994376586e-07, 3.51695632617e-08, 6.35661479009e-09, 1.16002718542e-09, 3.07615910522e-09, 1.40688141692e-10, 2.94465363551e-12, 1.0565738822e-12, 3.16265195727e-14, 1.95084105256e-14, 1.47224981907e-14],
        "max": [0.0030393502675, 0.128840640187, 0.0725747868419, 0.0627303570509, 0.0863771364093, 0.0108189191669, 0.0447716340423, 0.0062843686901, 0.006603829097, 0.00116692576557, 0.00216649495997, 0.0044512366876, 0.00260422867723, 0.013884646818, 0.0040286979638, 0.0136064952239, 0.00760902417824, 0.00114995345939, 0.00064378551906, 0.000209871897823, 0.000394615111873, 7.09374435246e-05, 1.14003960334e-05, 5.36768220627e-06, 2.09887548408e-06, 2.23683628064e-06, 2.01347074835e-06],
        "mean": [0.000508321856614, 0.0383519046009, 0.0140931736678, 0.00669265538454, 0.0111159449443, 0.00128206517547, 0.00311188283376, 0.000714333786163, 0.00046088595991, 0.000190811857465, 0.000308254617266, 0.000180903996807, 0.000206419063034, 0.00152017758228, 0.000664946273901, 0.00115922419354, 0.000833929923829, 0.000189033642528, 8.25095921755e-05, 3.08066228172e-05, 6.78126307321e-05, 1.19051401271e-05, 1.20050776786e-06, 1.01948694464e-06, 2.25508330232e-07, 1.64738622743e-07, 6.53669260942e-08],
        "median": [0.000369081099052, 0.0316864773631, 0.0111195277423, 0.00466491188854, 0.00808423105627, 0.000919138547033, 0.00179102900438, 0.000434992136434, 0.000309869210469, 0.000132386529003, 0.00020447721181, 0.000112442401587, 0.000117839605082, 0.00105469673872, 0.000554881873541, 0.000840241846163, 0.00055811391212, 0.000152029679157, 6.87620195094e-05, 2.28808421525e-05, 4.51498672192e-05, 8.2665537775e-06, 9.06746436158e-07, 8.15574253465e-07, 1.93283213434e-07, 1.46550746649e-07, 5.33160573468e-08],
        "min": [1.36815879159e-06, 0.000888654962182, 0.000322545296513, 9.96359449346e-05, 0.00047249670024, 7.07499420969e-05, 3.03212764265e-05, 1.59936698765e-05, 2.15999534703e-05, 9.18716887099e-06, 9.77629861154e-06, 1.0749708963e-05, 4.9414111345e-06, 3.76467032766e-05, 4.50283951068e-05, 2.93908851745e-05, 2.88212504529e-05, 1.33996836666e-05, 2.95604036182e-06, 3.40271731147e-06, 3.26129111272e-06, 7.69425980707e-07, 2.00364638658e-07, 1.71408345295e-07, 3.76939510716e-08, 2.79732024211e-08, 1.48574264003e-08],
        "var": [2.39193383322e-07, 0.000694963673595, 0.000137046270538, 4.9139791372e-05, 8.94423646969e-05, 1.68345763996e-06, 1.84277960216e-05, 5.77973139571e-07, 3.33455830059e-07, 3.10647081392e-08, 1.00801365477e-07, 8.05803921367e-08, 8.39167668687e-08, 2.72951274383e-06, 2.64493166924e-07, 1.34989534217e-06, 7.76347235387e-07, 1.89055739952e-08, 3.19099657808e-09, 6.46389608505e-10, 4.30488666936e-09, 1.13902873244e-10, 1.22009422964e-12, 4.86683122188e-13, 2.40470942719e-14, 1.78603961183e-14, 1.39309171024e-14]
    },
    "erbbands": {
        "dmean": [0.689509391785, 7.35549449921, 14.4371337891, 13.2063627243, 23.9176368713, 31.1553459167, 12.5724859238, 7.26124238968, 20.0648956299, 36.2422523499, 8.74733638763, 6.57606220245, 5.56053924561, 7.08364772797, 6.50980997086, 5.19771385193, 8.22787857056, 29.4350814819, 52.5135536194, 20.4313297272, 43.1785240173, 25.6311531067, 10.7834768295, 4.13455295563, 1.12727439404, 0.944196224213, 0.832873523235, 1.10884153843, 0.286159783602, 0.0235596932471, 0.0294545721263, 0.0173745043576, 0.00449166679755, 0.00148766837083, 0.00033396622166, 0.000304301473079, 8.22782239993e-05, 1.19261112559e-05, 1.60806721397e-05, 3.81270074286e-05],
        "dmean2": [1.16582894325, 13.0374650955, 25.2365779877, 23.3227329254, 41.897895813, 53.9917259216, 21.7511634827, 12.1582241058, 33.7095375061, 59.5542602539, 14.3530683517, 10.8639450073, 9.25027561188, 12.1221103668, 11.2193450928, 8.82127571106, 13.1567001343, 49.3943328857, 89.3382339478, 33.5367050171, 74.926864624, 41.4803009033, 17.7049503326, 7.00362586975, 1.90726006031, 1.64102339745, 1.37137806416, 1.80865550041, 0.460021644831, 0.0372026003897, 0.0500330924988, 0.0285564251244, 0.00722816679627, 0.00238787592389, 0.000541937188245, 0.000493708183058, 0.000129303662106, 1.95662069018e-05, 2.75525017059e-05, 6.55420226394e-05],
        "dvar": [0.350136071444, 34.6811447144, 170.050369263, 203.11567688, 727.100280762, 1212.19372559, 164.050094604, 91.0192337036, 818.774230957, 3409.75585938, 126.35861969, 102.574829102, 88.2537765503, 69.5765151978, 112.100326538, 54.2919273376, 174.115692139, 1788.12438965, 4539.58642578, 471.549285889, 5441.77832031, 995.008972168, 254.593536377, 21.1923599243, 1.39297258854, 1.27272331715, 0.967566013336, 2.42459726334, 0.105889193714, 0.000673289992847, 0.00220107007772, 0.000448844191851, 2.48549185926e-05, 3.13518830808e-06, 3.8578650674e-07, 1.95916342705e-07, 2.75623577295e-08, 2.81465872831e-09, 2.53514348403e-10, 7.71361363672e-10],
        "dvar2": [0.911907911301, 98.8691101074, 474.328216553, 576.140319824, 1978.30493164, 3451.87255859, 456.38760376, 230.432388306, 1872.10327148, 7857.29541016, 295.810211182, 266.704437256, 236.068618774, 189.519851685, 298.66116333, 139.183914185, 395.160827637, 4730.86279297, 11832.5185547, 1217.65490723, 15070.2128906, 2359.84179688, 520.901245117, 58.9211387634, 3.68538093567, 3.4212436676, 2.42580795288, 5.71619939804, 0.262361258268, 0.00151468417607, 0.0053340177983, 0.00113439408597, 6.59463839838e-05, 7.4293157013e-06, 8.39985261791e-07, 4.53919710708e-07, 5.64391307023e-08, 5.17220755114e-09, 6.39769071054e-10, 2.24463136966e-09],
        "max": [3.84223651886, 32.9351501465, 86.1820449829, 142.369918823, 247.940658569, 302.294464111, 102.510406494, 109.078140259, 311.088989258, 860.051086426, 125.400856018, 121.549163818, 119.899749756, 70.9371948242, 116.179771423, 91.9163818359, 137.781356812, 434.227478027, 878.341247559, 240.867477417, 861.147155762, 337.354736328, 169.040618896, 64.7483444214, 11.3487291336, 10.8582897186, 12.315495491, 20.26628685, 3.18486809731, 0.331024199724, 0.45562183857, 0.175683289766, 0.0484250597656, 0.0255063679069, 0.0139143625274, 0.0103004509583, 0.00372211425565, 0.00117933715228, 0.00031804817263, 0.000198693393031],
        "mean": [0.885374307632, 9.25239753723, 19.183588028, 18.0064811707, 30.7636585236, 41.3359413147, 18.8093395233, 10.8389291763, 28.8910140991, 45.3373260498, 13.7380533218, 9.85796165466, 8.18482589722, 10.1682939529, 9.11596107483, 7.53938150406, 11.083155632, 39.7883224487, 78.4838485718, 38.4271850586, 61.430431366, 42.2138137817, 18.103887558, 7.9795923233, 2.15122652054, 1.50470745564, 1.79133367538, 3.07685446739, 0.591096460819, 0.0570578351617, 0.0449084490538, 0.029671208933, 0.010539365001, 0.00373951159418, 0.00103065290023, 0.00100563268643, 0.00026397156762, 3.11019939545e-05, 4.54672408523e-05, 9.1552559752e-05],
        "median": [0.709712326527, 7.41783046722, 15.4051008224, 14.2954120636, 21.0957679749, 29.5712490082, 14.4373579025, 7.68148231506, 18.1759605408, 26.3070163727, 9.71243572235, 6.8723320961, 5.36064338684, 7.37029409409, 6.07985210419, 5.45006895065, 6.6876206398, 27.399646759, 60.3645973206, 30.5110015869, 42.0286064148, 29.9456195831, 12.2175445557, 6.74202871323, 1.81567311287, 1.14869821072, 1.33488535881, 1.9592474699, 0.437247514725, 0.0477937236428, 0.0324439331889, 0.0226668715477, 0.00880476180464, 0.00314926123247, 0.000917835626751, 0.000908340502065, 0.000235152008827, 2.27264790738e-05, 4.39075083705e-05, 9.06382192625e-05],
        "min": [0.0186040978879, 0.195381894708, 0.509271204472, 0.516775250435, 0.685164511204, 1.33490741253, 1.82157313824, 1.04604446888, 0.596206605434, 0.591263175011, 0.320616662502, 0.435797810555, 0.310740143061, 0.621889352798, 0.549714326859, 0.623781919479, 0.330688029528, 1.48874676228, 5.22790050507, 1.90812468529, 1.55559635162, 1.77258753777, 1.03533756733, 0.507624447346, 0.156748056412, 0.169940844178, 0.12726329267, 0.107352480292, 0.0402645543218, 0.00937206111848, 0.00697132200003, 0.00479367887601, 0.00191763753537, 0.000614174932707, 0.000207981400308, 0.000239988279645, 4.88203950226e-05, 6.58791122987e-06, 1.16058408821e-05, 2.21586233238e-05],
        "var": [0.47414380312, 43.0693130493, 205.294815063, 220.062835693, 861.231811523, 1440.49206543, 217.346069336, 145.905761719, 1186.08007812, 4298.7734375, 216.08203125, 127.735015869, 100.13936615, 85.0745773315, 104.347686768, 58.3274345398, 211.460998535, 1818.20739746, 5687.57226562, 762.137817383, 4734.63232422, 1584.42163086, 381.377960205, 29.8541526794, 1.89162182808, 1.50705814362, 2.17617249489, 10.3906154633, 0.224140584469, 0.00129603326786, 0.00212777825072, 0.000497946457472, 3.96819013986e-05, 5.51474158783e-06, 7.10192693987e-07, 3.94207660293e-07, 5.42935083558e-08, 5.17400078337e-09, 4.33423297252e-10, 1.17771992159e-09]
    },
    "gfcc": {
        "mean": [-16.9454784393, 183.147064209, -129.526138306, 50.3559074402, -8.57955265045, -7.5481133461, -26.8259487152, -8.07528209686, 2.44692134857, -1.19160056114, -15.318605423, -9.61549091339, 1.50063800812],
        "cov": [[408.064819336, -22.4095668793, -133.01864624, -2.8856317997, -52.2224464417, -14.4618558884, 0.292749345303, 4.0618262291, 8.76490402222, 14.1408958435, 1.57215762138, 5.10069322586, 1.79097163677], [-22.4095668793, 95.6310043335, 52.2703704834, -20.4458427429, 1.14595198631, -26.054895401, 8.99882125854, -8.06704425812, 10.8242406845, -6.55462217331, 1.87673044205, -19.863193512, 1.02262759209], [-133.01864624, 52.2703704834, 161.483276367, 20.9226837158, 24.2007293701, -3.59481310844, 9.25528240204, -13.6184225082, -0.112627319992, -21.0268192291, -4.82175683975, -9.27241420746, 3.41003108025], [-2.8856317997, -20.4458427429, 20.9226837158, 79.8838043213, 9.12311840057, -1.28464508057, 8.78846931458, -16.1433639526, 12.6397504807, -6.48394775391, -1.95508801937, -0.491033822298, 15.7636222839], [-52.2224464417, 1.14595198631, 24.2007293701, 9.12311840057, 104.765899658, 36.8612632751, -2.12799811363, 0.933806717396, -6.12993335724, -4.6554942131, 17.4957447052, 10.0926265717, -7.67597055435], [-14.4618558884, -26.054895401, -3.59481310844, -1.28464508057, 36.8612632751, 54.6836433411, 18.8851509094, 3.60895133018, -5.85512685776, -4.0756483078, 5.33521986008, 10.8367881775, 0.748143970966], [0.292749345303, 8.99882125854, 9.25528240204, 8.78846931458, -2.12799811363, 18.8851509094, 57.8025093079, 12.4651069641, 12.2428798676, 5.52883291245, -1.00569868088, 0.694175362587, 12.6243782043], [4.0618262291, -8.06704425812, -13.6184225082, -16.1433639526, 0.933806717396, 3.60895133018, 12.4651069641, 41.7709159851, 16.3001441956, 8.94519519806, 4.38556051254, 1.35328137875, -0.565384924412], [8.76490402222, 10.8242406845, -0.112627319992, 12.6397504807, -6.12993335724, -5.85512685776, 12.2428798676, 16.3001441956, 50.7073287964, 24.3247795105, 7.79949808121, -4.56533336639, 3.58670115471], [14.1408958435, -6.55462217331, -21.0268192291, -6.48394775391, -4.6554942131, -4.0756483078, 5.52883291245, 8.94519519806, 24.3247795105, 52.2377204895, 18.0271053314, -2.83191275597, -3.0498752594], [1.57215762138, 1.87673044205, -4.82175683975, -1.95508801937, 17.4957447052, 5.33521986008, -1.00569868088, 4.38556051254, 7.79949808121, 18.0271053314, 39.9657440186, 16.9734363556, -3.57528948784], [5.10069322586, -19.863193512, -9.27241420746, -0.491033822298, 10.0926265717, 10.8367881775, 0.694175362587, 1.35328137875, -4.56533336639, -2.83191275597, 16.9734363556, 53.3256912231, 9.08848571777], [1.79097163677, 1.02262759209, 3.41003108025, 15.7636222839, -7.67597055435, 0.748143970966, 12.6243782043, -0.565384924412, 3.58670115471, -3.0498752594, -3.57528948784, 9.08848571777, 41.1659393311]],
        "icov": [[0.0036503567826, -0.00176644930616, 0.00347626907751, -0.00163600058295, 0.00149551709183, -0.000549971591681, 6.31100992905e-05, -0.000265833543381, 0.000244003138505, -7.84184067015e-06, 2.69592837867e-05, -0.000676769181155, 0.000619345344603], [-0.00176644930616, 0.0442798547447, -0.00965538714081, 0.031373526901, -0.0145531091839, 0.0343242362142, -0.02331844531, 0.0276961028576, -0.024102371186, 0.0225724801421, -0.016929378733, 0.0167863797396, -0.00944716017693], [0.00347626907751, -0.00965538714081, 0.0125359613448, -0.00716109294444, 0.000970618915744, -0.0035289786756, 0.00127592636272, -0.00217625871301, 0.00267682992853, -5.52291112399e-07, 0.0023552107159, -0.00211374601349, 0.00205426570028], [-0.00163600058295, 0.031373526901, -0.00716109294444, 0.0405687019229, -0.0137882940471, 0.0267879478633, -0.0197582449764, 0.0298835486174, -0.0259836558253, 0.0206592567265, -0.012259340845, 0.012501437217, -0.0122683495283], [0.00149551709183, -0.0145531091839, 0.000970618915744, -0.0137882940471, 0.0211748834699, -0.0231526214629, 0.0126414028928, -0.0121832862496, 0.00962351728231, -0.00694623030722, -0.000595217105001, -0.0049755028449, 0.00551472138613], [-0.000549971591681, 0.0343242362142, -0.0035289786756, 0.0267879478633, -0.0231526214629, 0.0589804649353, -0.0314546003938, 0.0236782040447, -0.0164249800146, 0.020190089941, -0.0122764678672, 0.00934233050793, -0.00641381088644], [6.31100992905e-05, -0.02331844531, 0.00127592636272, -0.0197582449764, 0.0126414028928, -0.0314546003938, 0.0390045978129, -0.0227145757526, 0.0109172742814, -0.015631666407, 0.0105358520523, -0.00769580202177, -0.00080308620818], [-0.000265833543381, 0.0276961028576, -0.00217625871301, 0.0298835486174, -0.0121832862496, 0.0236782040447, -0.0227145757526, 0.0535499751568, -0.0294350422919, 0.0182608682662, -0.0116066327319, 0.00987192057073, -0.00621017953381], [0.000244003138505, -0.024102371186, 0.00267682992853, -0.0259836558253, 0.00962351728231, -0.0164249800146, 0.0109172742814, -0.0294350422919, 0.0481645949185, -0.027092276141, 0.00802114419639, -0.00733487820253, 0.00476928660646], [-7.84184067015e-06, 0.0225724801421, -5.52291112399e-07, 0.0206592567265, -0.00694623030722, 0.020190089941, -0.015631666407, 0.0182608682662, -0.027092276141, 0.0452495589852, -0.0235223751515, 0.0138856358826, -0.00448460504413], [2.69592837867e-05, -0.016929378733, 0.0023552107159, -0.012259340845, -0.000595217105001, -0.0122764678672, 0.0105358520523, -0.0116066327319, 0.00802114419639, -0.0235223751515, 0.047241769731, -0.0201680995524, 0.00775447115302], [-0.000676769181155, 0.0167863797396, -0.00211374601349, 0.012501437217, -0.0049755028449, 0.00934233050793, -0.00769580202177, 0.00987192057073, -0.00733487820253, 0.0138856358826, -0.0201680995524, 0.0320744216442, -0.0107665816322], [0.000619345344603, -0.00944716017693, 0.00205426570028, -0.0122683495283, 0.00551472138613, -0.00641381088644, -0.00080308620818, -0.00621017953381, 0.00476928660646, -0.00448460504413, 0.00775447115302, -0.0107665816322, 0.0326359532773]]
    },
    "melbands": {
        "dmean": [0.00713631231338, 0.00791851151735, 0.00247071380727, 0.00200154003687, 0.000612133997492, 0.000160817085998, 0.00037080043694, 0.000332510826411, 6.33429008303e-05, 4.39846407971e-05, 2.80302010651e-05, 2.73006189673e-05, 2.8220070817e-05, 1.58404254762e-05, 2.04767911782e-05, 1.07571822809e-05, 6.77356074448e-05, 0.000112161775178, 2.55869454122e-05, 4.6750959882e-05, 4.98230656376e-05, 2.44896164077e-05, 2.61329514615e-05, 4.01768329539e-06, 3.63528943126e-06, 1.38158247864e-06, 3.98964346005e-07, 7.50898493607e-07, 4.21107017701e-07, 9.29215332235e-07, 4.97340408856e-07, 2.18650825445e-07, 3.44482380399e-08, 6.10260197931e-09, 1.6580465001e-08, 1.32917667983e-08, 1.16886154089e-08, 3.80891496121e-09, 1.86762139087e-09, 1.15148934832e-09],
        "dmean2": [0.0123531324789, 0.013988930732, 0.00432949094102, 0.0034722504206, 0.00104480900336, 0.000270787801128, 0.000614739663433, 0.000546606490389, 0.000104332895717, 7.28520026314e-05, 4.68251746497e-05, 4.68048783659e-05, 4.81656497868e-05, 2.7514723115e-05, 3.36544180755e-05, 1.72091167769e-05, 0.000114026486699, 0.000192193096154, 4.27433988079e-05, 8.01116111688e-05, 8.73419194249e-05, 4.02628211305e-05, 4.14648238802e-05, 6.76630406815e-06, 6.23956339041e-06, 2.39343853536e-06, 6.53228255487e-07, 1.32666309582e-06, 6.99251813785e-07, 1.53048472384e-06, 8.06749312687e-07, 3.57204555712e-07, 5.62378659197e-08, 1.01028438948e-08, 2.82408336716e-08, 2.20212328372e-08, 1.95718854457e-08, 6.29597263213e-09, 3.024257067e-09, 1.90997107019e-09],
        "dvar": [3.55686388502e-05, 3.84694358218e-05, 6.9757043093e-06, 4.97998007631e-06, 3.77037309818e-07, 4.00531909861e-08, 3.07992024773e-07, 2.73846183063e-07, 6.78070444238e-09, 5.52500445394e-09, 2.20637530468e-09, 9.89088477787e-10, 1.26959887048e-09, 1.76249737027e-09, 6.48376352608e-10, 3.47240208809e-10, 9.90809478907e-09, 2.17860023355e-08, 7.43085426524e-10, 3.60048968417e-09, 6.23368068275e-09, 8.71047733941e-10, 2.03244909791e-09, 2.16406476072e-11, 1.75260500557e-11, 2.23151423555e-12, 2.79185827018e-13, 8.74829559922e-13, 2.23168705737e-13, 1.69894686427e-12, 4.75072238493e-13, 6.72643635669e-14, 2.12983957016e-15, 3.90194594529e-17, 6.20248187138e-16, 3.88463073896e-16, 2.07759261921e-16, 2.39313029225e-17, 4.03491092742e-18, 2.11971670091e-18],
        "dvar2": [9.91327688098e-05, 0.000107018444396, 1.97317094717e-05, 1.39602261697e-05, 1.09921506919e-06, 1.02941456248e-07, 6.981227898e-07, 6.34797345356e-07, 1.55371129296e-08, 1.46959653335e-08, 5.93920335135e-09, 2.69164934785e-09, 3.27591709315e-09, 4.88727858183e-09, 1.49764689539e-09, 8.10281897135e-10, 2.60189576551e-08, 5.6708316265e-08, 1.88302218262e-09, 9.66137925218e-09, 1.71335852173e-08, 2.25481788796e-09, 4.09372447052e-09, 5.83437118062e-11, 4.87687702722e-11, 6.20753578748e-12, 6.3050329931e-13, 2.39897273054e-12, 5.49253567975e-13, 4.54810277981e-12, 1.0485752891e-12, 1.74588181369e-13, 4.72263812665e-15, 9.6548785795e-17, 1.51962168248e-15, 9.07817725615e-16, 5.55146452422e-16, 6.65878275523e-17, 9.64684003831e-18, 5.2340974089e-18],
        "max": [0.0345394983888, 0.0390458889306, 0.0238746609539, 0.0243034362793, 0.00486830994487, 0.00221794098616, 0.00616996269673, 0.00757148629054, 0.000970870081801, 0.00091169483494, 0.000597160717007, 0.000265993206995, 0.000271261611488, 0.000564578280319, 0.000240126930294, 0.000191262093722, 0.00103097304236, 0.00184334453661, 0.000249905715464, 0.000567751878407, 0.000913767842576, 0.000349484034814, 0.000462927157059, 4.11170440202e-05, 5.9512018197e-05, 1.21982338896e-05, 7.87743920228e-06, 8.97847075976e-06, 4.87539728056e-06, 1.22700894281e-05, 9.31101749302e-06, 2.2173223897e-06, 5.39055065474e-07, 6.34096153362e-08, 2.36367867501e-07, 2.1754624413e-07, 1.12576650224e-07, 5.53690640004e-08, 2.23860610049e-08, 2.08467287877e-08],
        "mean": [0.00946212653071, 0.0111698396504, 0.00357169657946, 0.00274712196551, 0.000905031629372, 0.000230451943935, 0.00051889452152, 0.000427912105806, 9.43328341236e-05, 6.22931038379e-05, 3.95129718527e-05, 3.90570312447e-05, 3.81453137379e-05, 1.78153477464e-05, 2.87064121949e-05, 1.36395556183e-05, 8.71116862982e-05, 0.000154849971295, 4.58699541923e-05, 6.8363850005e-05, 6.85273553245e-05, 4.23241763201e-05, 3.44885629602e-05, 7.79967376729e-06, 6.34364641883e-06, 2.11794167626e-06, 7.308133263e-07, 1.07661276161e-06, 8.01299790965e-07, 2.07740799851e-06, 1.44060334151e-06, 3.74993987862e-07, 6.022688126e-08, 1.35899167475e-08, 2.54628407248e-08, 1.9259475792e-08, 1.89638864612e-08, 8.05919064817e-09, 4.44407843858e-09, 2.46114284508e-09],
        "median": [0.0076743462123, 0.00944826379418, 0.00287765846588, 0.00196524453349, 0.00069167802576, 0.000161168529303, 0.000308858463541, 0.000261459907051, 6.47384804324e-05, 4.19733587478e-05, 2.52156187344e-05, 2.80294552795e-05, 2.53168436757e-05, 9.49919194682e-06, 1.9639992388e-05, 7.27705401005e-06, 5.89539158682e-05, 0.000114510141429, 3.62957107427e-05, 4.92014478368e-05, 4.69066144433e-05, 3.18205675285e-05, 1.80729821295e-05, 6.47820070299e-06, 5.24600181961e-06, 1.71564045104e-06, 5.57734381346e-07, 8.06315313184e-07, 5.8388997104e-07, 1.37872928008e-06, 8.87713156317e-07, 2.56509679275e-07, 4.53632900133e-08, 1.1663043864e-08, 1.84395325675e-08, 1.32871615932e-08, 1.48754466522e-08, 6.38250119422e-09, 3.82487996831e-09, 2.00354155488e-09],
        "min": [0.000251650781138, 0.000272201490588, 9.29488742258e-05, 9.4956762041e-05, 6.50961810607e-05, 2.26527208724e-05, 8.4321891336e-06, 5.88670445723e-06, 2.88136789095e-06, 2.37587119045e-06, 9.86052896224e-07, 2.61613240582e-06, 1.48074923345e-06, 1.07744767774e-06, 9.68497602116e-07, 6.41668066237e-07, 3.01540808323e-06, 8.38232790557e-06, 3.2299672057e-06, 2.22090488933e-06, 1.57734189088e-06, 1.54735357683e-06, 8.45054046295e-07, 6.54085965834e-07, 2.26657405733e-07, 1.29923392933e-07, 6.45292246304e-08, 8.88351721073e-08, 6.02387615345e-08, 8.69449721108e-08, 4.79182276081e-08, 2.64016222218e-08, 5.21643972462e-09, 2.82563017429e-09, 4.21044932253e-09, 2.67894950667e-09, 2.49792697637e-09, 1.33427657811e-09, 6.58819554467e-10, 3.04655162209e-10],
        "var": [4.50319093943e-05, 5.14028470207e-05, 7.75017906562e-06, 6.1108544287e-06, 4.92024696541e-07, 6.33329690913e-08, 4.40107214672e-07, 3.47186215777e-07, 1.22775398737e-08, 6.13411854644e-09, 2.47092035721e-09, 1.22907695133e-09, 1.52913604001e-09, 1.23148735653e-09, 8.92930451801e-10, 3.86953025178e-10, 9.72450653336e-09, 2.58146428678e-08, 1.20348442323e-09, 3.9436054422e-09, 5.67677549412e-09, 1.34079569669e-09, 2.78410872134e-09, 3.04181090038e-11, 2.2420272236e-11, 2.44903901846e-12, 4.48931798853e-13, 9.12276439287e-13, 4.33259276979e-13, 4.2271620232e-12, 2.26501955213e-12, 1.15072204153e-13, 3.10130843363e-15, 6.41315577367e-17, 6.14853804874e-16, 4.0129165258e-16, 2.14460867485e-16, 3.30164443115e-17, 7.32462476715e-18, 3.17758392423e-18]
    },
    "mfcc": {
        "mean": [-658.65020752, 203.638442993, -35.0082740784, 61.4749908447, 27.7277984619, 19.241268158, -10.6826429367, -1.56004190445, 17.4764709473, 0.607191443443, -0.766897678375, 9.6650018692, -13.0487880707],
        "cov": [[525.559387207, -77.4080810547, -118.329223633, -21.8189678192, -70.9476776123, -24.5132236481, -23.9359951019, -20.9915370941, 9.78983306885, -6.74605131149, -6.90159654617, 43.1903839111, -6.80191850662], [-77.4080810547, 125.700920105, 32.9430084229, -8.91577720642, 4.09640741348, -13.1151123047, 2.77798581123, -2.58256697655, -4.95495080948, 5.43289136887, 13.6568078995, -15.133348465, 1.17135751247], [-118.329223633, 32.9430084229, 122.59853363, 34.2066764832, -5.31751155853, 0.261902064085, -5.98915576935, 2.52537560463, 7.74691867828, -2.47625732422, -3.8290579319, -15.8227386475, -10.9617500305], [-21.8189678192, -8.91577720642, 34.2066764832, 68.3322372437, 10.6699800491, 5.30861377716, -7.28775453568, -8.71770000458, 12.7801418304, -1.8229612112, 0.356766551733, 5.21221971512, -10.589682579], [-70.9476776123, 4.09640741348, -5.31751155853, 10.6699800491, 86.4895935059, 25.2943077087, 8.1409330368, 13.749045372, -22.294713974, 1.52629196644, -3.13749623299, -5.95010662079, 10.3990488052], [-24.5132236481, -13.1151123047, 0.261902064085, 5.30861377716, 25.2943077087, 59.8743476868, 22.0755233765, 13.150220871, -4.51634788513, -12.913520813, 2.14220452309, 7.78422164917, 3.65635156631], [-23.9359951019, 2.77798581123, -5.98915576935, -7.28775453568, 8.1409330368, 22.0755233765, 51.0827941895, 14.5377531052, -1.2543861866, -1.31852412224, -3.34658503532, -0.688643097878, 2.93475389481], [-20.9915370941, -2.58256697655, 2.52537560463, -8.71770000458, 13.749045372, 13.150220871, 14.5377531052, 51.5420455933, 2.84583163261, -7.62658309937, -9.46198654175, 0.64547753334, 8.20766353607], [9.78983306885, -4.95495080948, 7.74691867828, 12.7801418304, -22.294713974, -4.51634788513, -1.2543861866, 2.84583163261, 55.8433685303, 12.7867794037, -0.119676023722, 1.13627517223, -8.6847820282], [-6.74605131149, 5.43289136887, -2.47625732422, -1.8229612112, 1.52629196644, -12.913520813, -1.31852412224, -7.62658309937, 12.7867794037, 65.1704483032, 13.6218223572, -17.0485649109, -2.45030927658], [-6.90159654617, 13.6568078995, -3.8290579319, 0.356766551733, -3.13749623299, 2.14220452309, -3.34658503532, -9.46198654175, -0.119676023722, 13.6218223572, 49.3003616333, 10.4310932159, 4.26103258133], [43.1903839111, -15.133348465, -15.8227386475, 5.21221971512, -5.95010662079, 7.78422164917, -0.688643097878, 0.64547753334, 1.13627517223, -17.0485649109, 10.4310932159, 60.3258361816, 18.9525623322], [-6.80191850662, 1.17135751247, -10.9617500305, -10.589682579, 10.3990488052, 3.65635156631, 2.93475389481, 8.20766353607, -8.6847820282, -2.45030927658, 4.26103258133, 18.9525623322, 49.7260704041]],
