{
"lowlevel": {
    "average_loudness": 0.98630553484,
    "barkbands_crest": {
        "dmean": 2.59559440613,
        "dmean2": 4.46679925919,
        "dvar": 4.51644039154,
        "dvar2": 13.0203294754,
        "max": 15.7013702393,
        "mean": 7.71610784531,
        "median": 7.25049877167,
        "min": 3.58365893364,
        "var": 6.71995449066
    },
    "barkbands_flatness_db": {
        "dmean": 0.0203239843249,
        "dmean2": 0.0332747586071,
        "dvar": 0.000226948963245,
        "dvar2": 0.000657611817587,
        "max": 0.229905426502,
        "mean": 0.155319914222,
        "median": 0.155604079366,
        "min": 0.0668146461248,
        "var": 0.000463876785943
    },
    "barkbands_kurtosis": {
        "dmean": 0.921499371529,
        "dmean2": 1.55528986454,
        "dvar": 1.47780168056,
        "dvar2": 3.92768859863,
        "max": 10.3044214249,
        "mean": -0.675526916981,
        "median": -1.19551765919,
        "min": -1.82666182518,
        "var": 1.89385128021
    },
    "barkbands_skewness": {
        "dmean": 0.578516483307,
        "dmean2": 0.939314305782,
        "dvar": 0.196147739887,
        "dvar2": 0.557427704334,
        "max": 3.20831036568,
        "mean": 0.493348002434,
        "median": 0.472896158695,
        "min": -1.92394185066,
        "var": 0.533265769482
    },
    "barkbands_spread": {
        "dmean": 5.50312185287,
        "dmean2": 9.0741443634,
        "dvar": 21.5120048523,
        "dvar2": 55.6896705627,
        "max": 47.0011978149,
        "mean": 33.4029006958,
        "median": 34.3439064026,
        "min": 12.0278043747,
        "var": 38.5039367676
    },
    "dissonance": {
        "dmean": 0.00808229763061,
        "dmean2": 0.0134468320757,
        "dvar": 7.46187579352e-05,
        "dvar2": 0.00013943828526,
        "max": 0.499170809984,
        "mean": 0.485842257738,
        "median": 0.486987680197,
        "min": 0.387705624104,
        "var": 0.000112965382868
    },
    "dynamic_complexity": 0.775486767292,
    "erbbands_crest": {
        "dmean": 3.32112884521,
        "dmean2": 5.55708646774,
        "dvar": 7.51852703094,
        "dvar2": 19.4630451202,
        "max": 22.4978218079,
        "mean": 10.221362114,
        "median": 9.62520694733,
        "min": 4.09484672546,
        "var": 14.1022148132
    },
    "erbbands_flatness_db": {
        "dmean": 0.0160905458033,
        "dmean2": 0.0253359097987,
        "dvar": 0.000173528911546,
        "dvar2": 0.000424547615694,
        "max": 0.317053407431,
        "mean": 0.225252434611,
        "median": 0.220581844449,
        "min": 0.141862377524,
        "var": 0.000636286044028
    },
    "erbbands_kurtosis": {
        "dmean": 1.53714120388,
        "dmean2": 2.35717439651,
        "dvar": 3.22351646423,
        "dvar2": 8.90322208405,
        "max": 16.9304466248,
        "mean": 1.60392010212,
        "median": 0.988572359085,
        "min": -1.51085460186,
        "var": 6.52226448059
    },
    "erbbands_skewness": {
        "dmean": 0.394234746695,
        "dmean2": 0.62112313509,
        "dvar": 0.11330909282,
        "dvar2": 0.306306988001,
        "max": 0.681457042694,
        "mean": -1.073569417,
        "median": -1.03291380405,
        "min": -3.4058432579,
        "var": 0.347046285868
    },
    "erbbands_spread": {
        "dmean": 6.96154928207,
        "dmean2": 10.7620096207,
        "dvar": 28.9965648651,
        "dvar2": 74.8788757324,
        "max": 60.8536338806,
        "mean": 26.8032207489,
        "median": 25.4963989258,
        "min": 5.17328071594,
        "var": 104.666610718
    },
    "hfc": {
        "dmean": 9.86511135101,
        "dmean2": 16.1479072571,
        "dvar": 80.6197891235,
        "dvar2": 215.767227173,
        "max": 83.2398376465,
        "mean": 32.2518730164,
        "median": 30.1243572235,
        "min": 0.452514529228,
        "var": 182.48487854
    },
    "melbands_crest": {
        "dmean": 5.3766503334,
        "dmean2": 9.18088436127,
        "dvar": 15.895693779,
        "dvar2": 44.6536521912,
        "max": 27.660982132,
        "mean": 14.6786766052,
        "median": 14.271068573,
        "min": 4.12813043594,
        "var": 26.1075057983
    },
    "melbands_flatness_db": {
        "dmean": 0.0299576092511,
        "dmean2": 0.0498625747859,
        "dvar": 0.000506822485477,
        "dvar2": 0.00140435714275,
        "max": 0.32251894474,
        "mean": 0.216981887817,
        "median": 0.216033726931,
        "min": 0.121238104999,
        "var": 0.000985268619843
    },
    "melbands_kurtosis": {
        "dmean": 3.64985513687,
        "dmean2": 6.12161254883,
        "dvar": 17.9006557465,
        "dvar2": 48.2604560852,
        "max": 38.9591674805,
        "mean": 3.25425672531,
        "median": 1.66898488998,
        "min": -1.74783277512,
        "var": 26.3530426025
    },
    "melbands_skewness": {
        "dmean": 0.789313018322,
        "dmean2": 1.31300294399,
        "dvar": 0.408915907145,
        "dvar2": 1.13441240788,
        "max": 5.60807991028,
        "mean": 1.76399040222,
        "median": 1.66649901867,
        "min": -0.598197340965,
        "var": 0.905664920807
    },
    "melbands_spread": {
        "dmean": 12.2681570053,
        "dmean2": 19.7761287689,
        "dvar": 93.2671279907,
        "dvar2": 261.774108887,
        "max": 81.2295913696,
        "mean": 41.6668128967,
        "median": 40.9154434204,
        "min": 7.24969577789,
        "var": 242.83366394
    },
    "pitch_salience": {
        "dmean": 0.0936430543661,
        "dmean2": 0.163112163544,
        "dvar": 0.00484914099798,
        "dvar2": 0.0129804406315,
        "max": 0.816984474659,
        "mean": 0.532547235489,
        "median": 0.539489388466,
        "min": 0.28428325057,
        "var": 0.00921940803528
    },
    "silence_rate_20dB": {
        "dmean": 0,
        "dmean2": 0,
        "dvar": 0,
        "dvar2": 0,
        "max": 1,
        "mean": 1,
        "median": 1,
        "min": 1,
        "var": 0
    },
    "silence_rate_30dB": {
        "dmean": 0,
        "dmean2": 0,
        "dvar": 0,
        "dvar2": 0,
        "max": 1,
        "mean": 1,
        "median": 1,
        "min": 1,
        "var": 0
    },
    "silence_rate_60dB": {
        "dmean": 0,
        "dmean2": 0,
        "dvar": 0,
        "dvar2": 0,
        "max": 0,
        "mean": 0,
        "median": 0,
        "min": 0,
        "var": 0
    },
    "spectral_centroid": {
        "dmean": 201.065032959,
        "dmean2": 307.351959229,
        "dvar": 24374.0996094,
        "dvar2": 60880.9765625,
        "max": 2491.70947266,
        "mean": 1917.76916504,
        "median": 1939.59069824,
        "min": 1094.08666992,
        "var": 74246.828125
    },
    "spectral_complexity": {
        "dmean": 4.14814805984,
        "dmean2": 6.37918233871,
        "dvar": 12.4595403671,
        "dvar2": 25.0978527069,
        "max": 45,
        "mean": 31.162361145,
        "median": 31,
        "min": 0,
        "var": 37.6932182312
    },
    "spectral_decrease": {
        "dmean": 2.39745823194e-09,
        "dmean2": 3.93967036771e-09,
        "dvar": 2.93290824174e-18,
        "dvar2": 8.37783082772e-18,
        "max": -8.41800310014e-11,
        "mean": -8.00057620154e-09,
        "median": -8.11193423544e-09,
        "min": -1.29959190076e-08,
        "var": 5.26823804791e-18
    },
    "spectral_energy": {
        "dmean": 0.00950382649899,
        "dmean2": 0.0155845647678,
        "dvar": 4.65307166451e-05,
        "dvar2": 0.000131110500661,
        "max": 0.0527915395796,
        "mean": 0.0331212580204,
        "median": 0.033597972244,
        "min": 0.000358759221854,
        "var": 8.63817549543e-05
    },
    "spectral_energyband_high": {
        "dmean": 0.00014615872351,
        "dmean2": 0.00020582054276,
        "dvar": 2.19486491204e-08,
        "dvar2": 4.37662954766e-08,
        "max": 0.00159403856378,
        "mean": 0.000573017809074,
        "median": 0.000499276269693,
        "min": 1.6179823433e-05,
        "var": 8.53545571999e-08
    },
    "spectral_energyband_low": {
        "dmean": 0.00818574614823,
        "dmean2": 0.0141325565055,
        "dvar": 4.17466253566e-05,
        "dvar2": 0.000123483201605,
        "max": 0.0383972674608,
        "mean": 0.0128187248483,
        "median": 0.0114658176899,
        "min": 1.84628952411e-05,
        "var": 5.83529545111e-05
    },
    "spectral_energyband_middle_high": {
        "dmean": 0.00455203140154,
        "dmean2": 0.00739459460601,
        "dvar": 1.69236482179e-05,
        "dvar2": 4.68035213999e-05,
        "max": 0.0349287614226,
        "mean": 0.0123762516305,
        "median": 0.0115111507475,
        "min": 0.000141045355122,
        "var": 4.10412758356e-05
    },
    "spectral_energyband_middle_low": {
        "dmean": 0.00330759654753,
        "dmean2": 0.00511446921155,
        "dvar": 9.80672484729e-06,
        "dvar2": 2.57338815572e-05,
        "max": 0.0319228805602,
        "mean": 0.00760388886556,
        "median": 0.00664111273363,
        "min": 0.000191746003111,
        "var": 1.57437534654e-05
    },
    "spectral_entropy": {
        "dmean": 0.0889760926366,
        "dmean2": 0.138913601637,
        "dvar": 0.00653264392167,
        "dvar2": 0.0136338230222,
        "max": 8.38691043854,
        "mean": 7.4493355751,
        "median": 7.45718288422,
        "min": 7.08327913284,
        "var": 0.0158859472722
    },
    "spectral_flux": {
        "dmean": 0.0194085184485,
        "dmean2": 0.0323318950832,
        "dvar": 0.000253080099355,
        "dvar2": 0.000586662150454,
        "max": 0.181945577264,
        "mean": 0.109141819179,
        "median": 0.106619864702,
        "min": 0.0542851127684,
        "var": 0.000491522660013
    },
    "spectral_kurtosis": {
        "dmean": 3.40580701828,
        "dmean2": 6.08410978317,
        "dvar": 10.7387170792,
        "dvar2": 28.9482364655,
        "max": 24.1873226166,
        "mean": 5.59517335892,
        "median": 4.52718782425,
        "min": 0.91406750679,
        "var": 14.2410678864
    },
    "spectral_rms": {
        "dmean": 0.000843890826218,
        "dmean2": 0.00136793113779,
        "dvar": 4.12349407952e-07,
        "dvar2": 1.06567290459e-06,
        "max": 0.00717662461102,
        "mean": 0.00561768421903,
        "median": 0.0057252519764,
        "min": 0.00059161556419,
        "var": 7.55062501412e-07
    },
    "spectral_rolloff": {
        "dmean": 401.235321045,
        "dmean2": 706.833251953,
        "dvar": 174474.984375,
        "dvar2": 432894.84375,
        "max": 3208.44726562,
        "mean": 2107.7097168,
        "median": 2282.51953125,
        "min": 258.3984375,
        "var": 283836.96875
    },
    "spectral_skewness": {
        "dmean": 0.317640691996,
        "dmean2": 0.5621483922,
        "dvar": 0.0983525067568,
        "dvar2": 0.268434256315,
        "max": 3.8272550106,
        "mean": 1.04092979431,
        "median": 0.977266490459,
        "min": 0.369088500738,
        "var": 0.136726364493
    },
    "spectral_spread": {
        "dmean": 251505.953125,
        "dmean2": 361967.90625,
        "dvar": 600100962304,
        "dvar2": 400854024192,
        "max": 17238068,
        "mean": 2309165,
        "median": 2226729.75,
        "min": 1411035.875,
        "var": 956431990784
    },
    "spectral_strongpeak": {
        "dmean": 0.746560752392,
        "dmean2": 1.38401043415,
        "dvar": 2.27221035957,
        "dvar2": 6.27311229706,
        "max": 8.27617740631,
        "mean": 0.750601708889,
        "median": 0.356653988361,
        "min": 0.0345105491579,
        "var": 1.73116898537
    },
    "zerocrossingrate": {
        "dmean": 0.00772569421679,
        "dmean2": 0.0100179342553,
        "dvar": 3.95840943384e-05,
        "dvar2": 7.0883135777e-05,
        "max": 0.09716796875,
        "mean": 0.0630657598376,
        "median": 0.06298828125,
        "min": 0.01416015625,
        "var": 0.000154212175403
    },
    "barkbands": {
        "dmean": [3.696668864e-05, 0.00556993717328, 0.00383697007783, 0.0002788050042, 0.00130287848879, 0.000728170445655, 0.0020307211671, 0.000364616425941, 0.000213955820072, 0.000284861307591, 0.000243198010139, 0.000235779007198, 0.000451149477158, 0.00178800767753, 0.000679182703607, 0.00148738373537, 0.00186851469334, 0.000319907179801, 0.00024504281464, 0.00011823400564, 0.000117734227388, 8.27074836707e-06, 1.5867382217e-06, 5.70929501009e-07, 1.57331683681e-07, 1.36326832489e-07, 3.70307162711e-08],
        "dmean2": [6.09887756582e-05, 0.00961622036994, 0.00668219523504, 0.000498894893099, 0.00215167901479, 0.00117856287397, 0.00341232097708, 0.000580641208217, 0.000351373833837, 0.000502749811858, 0.000403612997616, 0.000401241588406, 0.000718692608643, 0.00299699278548, 0.00109413231257, 0.00244408217259, 0.00319830607623, 0.000527417811099, 0.000385228660889, 0.000189562284504, 0.000161096439115, 1.27523044284e-05, 2.95876179734e-06, 9.8257009995e-07, 2.34979623315e-07, 2.30677528634e-07, 5.61535031807e-08],
        "dvar": [1.73444125728e-09, 2.12809736695e-05, 9.49386321736e-06, 8.37670555143e-08, 2.10022130887e-06, 5.51586765596e-07, 5.60363150726e-06, 3.48628759639e-07, 6.98454059034e-08, 1.33976541861e-07, 1.9538505569e-07, 1.16002233597e-07, 3.07969088453e-07, 3.53965606337e-06, 9.65653498497e-07, 6.10448068983e-06, 3.76569801119e-06, 1.42668397984e-07, 7.15731403034e-08, 3.59883181034e-08, 1.08515667563e-08, 9.78288769438e-11, 1.53202916933e-12, 5.1879881684e-13, 1.19440929044e-13, 1.27171815694e-14, 3.12632893986e-15],
        "dvar2": [4.59248861162e-09, 6.37782213744e-05, 2.82517212327e-05, 2.26651621915e-07, 5.15143165103e-06, 1.37231688768e-06, 1.4292078049e-05, 8.04596425041e-07, 1.86537548075e-07, 3.5763946471e-07, 4.5927461656e-07, 2.89220054128e-07, 7.38883102258e-07, 1.01758623714e-05, 2.57548344962e-06, 1.64073935593e-05, 1.01945988717e-05, 3.50937881421e-07, 1.81972140467e-07, 8.26473467441e-08, 2.12031245894e-08, 1.94765245598e-10, 4.07952751441e-12, 1.15443472923e-12, 2.71737385198e-13, 3.36599712404e-14, 4.55004669331e-15],
        "max": [0.000398817413952, 0.0248604826629, 0.0170732177794, 0.00217421539128, 0.0123314363882, 0.00534675782546, 0.0256043467671, 0.00765600288287, 0.00235017878003, 0.00367171922699, 0.00443779677153, 0.00261400989257, 0.00609603803605, 0.0120684858412, 0.00980738829821, 0.0222120024264, 0.0167209487408, 0.00350535521284, 0.00228149606846, 0.00240473379381, 0.00128056970425, 0.000130852800794, 8.53495021147e-06, 1.25368715089e-05, 5.97955204285e-06, 1.29129614379e-06, 9.9738690551e-07],
        "mean": [4.41767951997e-05, 0.00752315204591, 0.00510878255591, 0.000335206947057, 0.00222085230052, 0.00112237269059, 0.00291114812717, 0.000528401928023, 0.0003404681338, 0.0004012962454, 0.000342105311574, 0.000351426162524, 0.000771220540628, 0.00255341711454, 0.00117187981959, 0.00238404260017, 0.0032044891268, 0.000601876585279, 0.000509600329679, 0.000202423529117, 0.000469389109639, 1.86673896678e-05, 2.60062370216e-06, 1.37215408813e-06, 4.07536106195e-07, 3.39864044463e-07, 1.65827486853e-07],
        "median": [3.1167834095e-05, 0.00632929801941, 0.00431183585897, 0.000244582508458, 0.00162750517484, 0.000906747474801, 0.00220052688383, 0.000349217792973, 0.000194186766748, 0.000293745921226, 0.000185605327715, 0.0002197388676, 0.000518120999914, 0.00178503640927, 0.000650050234981, 0.00135946436785, 0.00279370625503, 0.000489115715027, 0.000339226680808, 0.0001212100251, 0.000416052062064, 1.41361706483e-05, 2.19739035856e-06, 1.17072670491e-06, 2.99588066355e-07, 3.10189221864e-07, 1.53648372248e-07],
        "min": [5.83824544265e-08, 2.68697704087e-06, 9.43788836594e-06, 1.89690354091e-06, 3.94738635805e-05, 2.2700172849e-05, 6.58108983771e-05, 2.35713177972e-05, 7.67628534959e-06, 1.23770305436e-05, 7.44890030546e-06, 1.23130603242e-05, 9.16272074392e-06, 2.25615167437e-05, 1.34541051011e-05, 1.70933708432e-05, 2.95097870548e-05, 1.57635113283e-05, 2.57997749031e-06, 1.8660510932e-06, 1.07835694507e-05, 1.79960034075e-06, 5.05821844854e-07, 3.41534558856e-07, 1.08685348721e-07, 9.27671948148e-08, 7.52360023171e-08],
        "var": [2.14913198349e-09, 2.75004258583e-05, 1.36982052936e-05, 9.14363624815e-08, 3.84617032978e-06, 7.18710680303e-07, 6.30412750979e-06, 4.88694126943e-07, 1.38582166187e-07, 1.67491933212e-07, 2.53361122304e-07, 1.47553635088e-07, 5.02221780607e-07, 4.886993338e-06, 2.07013817999e-06, 9.75796592684e-06, 5.15628744324e-06, 2.44873547217e-07, 2.05743262427e-07, 6.59469066022e-08, 6.6523789144e-08, 2.56295817902e-10, 1.88051765999e-12, 1.08048108221e-12, 2.67494820782e-13, 2.4090518263e-14, 6.03526856786e-15]
    },
    "erbbands": {
        "dmean": [0.0644303038716, 1.57423090935, 5.07129049301, 1.37292206287, 2.17095303535, 6.33745145798, 2.74823212624, 7.91801929474, 29.7030124664, 19.9405860901, 7.3903260231, 4.48951387405, 9.77775096893, 8.16607570648, 6.9251909256, 10.6150808334, 20.5697975159, 59.2767906189, 70.4714584351, 47.0022659302, 75.4754562378, 119.759399414, 23.3598461151, 16.1798992157, 10.3068618774, 5.03086996078, 3.50230526924, 5.60195493698, 0.444336146116, 0.069379337132, 0.0466168522835, 0.0192617215216, 0.00663802400231, 0.00232922309078, 0.000851900025737, 0.000871647323947, 0.000162359181559, 2.69124375336e-05, 7.08911966285e-06, 1.11302188088e-05],
        "dmean2": [0.113409265876, 2.72971057892, 8.90879631042, 2.32203793526, 3.50479888916, 10.7017393112, 4.63221645355, 12.9347248077, 49.9907035828, 33.4661140442, 11.3816576004, 7.36482620239, 17.2821922302, 13.3821649551, 10.7107553482, 17.06498909, 32.973285675, 98.8747558594, 115.093177795, 75.7790222168, 124.628845215, 209.081115723, 39.4944610596, 26.2692832947, 16.3052520752, 7.92026233673, 5.01872873306, 7.60735607147, 0.637123405933, 0.123236559331, 0.0858056992292, 0.0333373397589, 0.0110821407288, 0.00353675358929, 0.00133565731812, 0.00147762568668, 0.000281798740616, 4.42254786321e-05, 1.12325515147e-05, 1.81158738997e-05],
        "dvar": [0.00301946443506, 1.70764923096, 16.5202636719, 1.31744098663, 8.55922698975, 50.5136985779, 8.70310306549, 62.4193305969, 1234.2142334, 662.886962891, 163.914077759, 36.0557670593, 159.666534424, 218.722457886, 106.160774231, 156.627212524, 776.377624512, 4264.13867188, 7587.80078125, 7573.76904297, 17923.765625, 16298.9482422, 633.065429688, 391.74786377, 142.437088013, 81.4144134521, 16.4404640198, 25.7807254791, 0.155899360776, 0.00303819403052, 0.00136964523699, 0.000462997850263, 6.15754543105e-05, 2.17742017412e-05, 2.76843729807e-06, 4.73908670529e-07, 2.86743038203e-08, 2.09739359214e-09, 5.90025181491e-11, 6.21228693487e-11],
        "dvar2": [0.00794531591237, 5.08013677597, 46.3644752502, 4.22850751877, 19.6596508026, 124.543502808, 21.3040103912, 157.950698853, 3411.33789062, 1627.66381836, 351.581939697, 96.393196106, 426.171813965, 549.245117188, 241.332092285, 383.770629883, 1916.11425781, 11452.5712891, 20138.0957031, 21105.6113281, 49749.421875, 45062.6835938, 1589.89697266, 958.035461426, 371.537628174, 185.486160278, 31.054063797, 51.762134552, 0.271048098803, 0.00854794960469, 0.00380006735213, 0.00114299694542, 0.00013125751866, 4.5683071221e-05, 5.84405597692e-06, 1.25499104797e-06, 6.85192276251e-08, 3.39824302031e-09, 1.10603484704e-10, 1.78741063617e-10],
        "max": [0.363761931658, 7.00763559341, 23.0235328674, 10.1220998764, 32.2889328003, 55.8133888245, 30.0059089661, 63.6125679016, 317.51184082, 195.628860474, 173.082092285, 51.8515625, 141.134384155, 131.385818481, 98.0700683594, 99.2146987915, 330.503479004, 509.6199646, 759.686828613, 1059.14038086, 1404.51574707, 1064.04394531, 216.344436646, 204.744064331, 96.9326705933, 107.063346863, 54.9940338135, 73.4814453125, 4.30789470673, 0.428213357925, 0.250195920467, 0.345860421658, 0.140939876437, 0.0834613069892, 0.0286329034716, 0.00726675894111, 0.00197409302928, 0.000653913826682, 0.000146641978063, 6.68639040668e-05],
        "mean": [0.0992590710521, 2.08988809586, 6.95901346207, 2.18867969513, 3.39908242226, 9.94086647034, 4.72140264511, 12.4120769501, 40.9313812256, 27.094417572, 11.3262910843, 7.59386539459, 13.8073596954, 12.2152824402, 11.2731437683, 18.5050411224, 35.6731300354, 86.3751373291, 112.262771606, 90.025390625, 123.204811096, 193.957550049, 51.0048141479, 34.5196113586, 19.701467514, 9.11096858978, 9.11960220337, 23.4246692657, 1.70743906498, 0.160027056932, 0.0821219757199, 0.041612945497, 0.0165041368455, 0.00628671888262, 0.00217041792348, 0.00229205656797, 0.000381244404707, 5.86907335673e-05, 3.75675845135e-05, 4.36580194219e-05],
        "median": [0.0787144228816, 1.76057553291, 5.93375110626, 1.89652431011, 2.25181031227, 7.03591966629, 3.54161787033, 10.3238792419, 32.1023025513, 18.8949069977, 7.16004657745, 4.71751213074, 10.5593185425, 7.65776634216, 6.62136411667, 13.4240808487, 24.504365921, 59.9702796936, 81.7656860352, 44.6164054871, 82.9867782593, 166.783493042, 44.3985404968, 24.5821418762, 13.9388542175, 5.34527683258, 7.70276594162, 19.3305263519, 1.48903727531, 0.145820781589, 0.0723949894309, 0.0360117852688, 0.0139038832858, 0.00442135380581, 0.0017172700027, 0.00212208926678, 0.00033779576188, 4.56815578218e-05, 3.71479945898e-05, 4.42614727945e-05],
        "min": [2.76616410702e-05, 0.000901782710571, 0.00839983765036, 0.0300926249474, 0.0606288984418, 0.144882336259, 0.256132334471, 0.152666553855, 0.538656055927, 1.41803526878, 0.501757502556, 0.186819270253, 0.399201214314, 0.274496972561, 0.323096007109, 0.574809372425, 0.463990241289, 0.486029356718, 1.59263432026, 0.380267560482, 1.13270819187, 1.89820587635, 1.20494270325, 0.207068324089, 0.119914874434, 0.0975784957409, 0.194072037935, 0.523300588131, 0.0870445743203, 0.0285407248884, 0.0173038765788, 0.0117032704875, 0.00540575943887, 0.00157509488054, 0.000658605538774, 0.000651254958939, 7.85006341175e-05, 1.61599491548e-05, 1.9116077965e-05, 7.14235920896e-06],
        "var": [0.00489256810397, 2.14520478249, 23.2025928497, 1.78985273838, 16.249622345, 88.0726089478, 14.0514068604, 81.3483734131, 1317.54931641, 741.600524902, 240.737579346, 63.0010681152, 196.509399414, 261.080688477, 181.285324097, 254.280151367, 1118.01708984, 5595.30664062, 12039.7529297, 18991.1894531, 20302.3125, 19990.5761719, 960.797790527, 969.44317627, 314.396514893, 138.461227417, 36.6211738586, 209.0078125, 0.700458467007, 0.00542580615729, 0.00169726659078, 0.000800991838332, 0.000167252714164, 5.88754082855e-05, 5.19100876772e-06, 9.4221212521e-07, 4.2533926603e-08, 2.62783861338e-09, 1.25188248656e-10, 1.26648858068e-10]
    },
    "gfcc": {
        "mean": [-1.56870877743, 146.157791138, -169.144271851, 53.3429794312, -19.3104991913, -14.0710830688, -22.7530994415, -5.55810403824, -2.88243103027, 11.5303783417, -12.2913923264, -1.6076925993, -2.2093205452],
        "cov": [[328.779510498, 58.3185005188, -85.7266845703, -8.54285335541, 2.66644954681, 0.585035979748, 21.5605831146, 16.350069046, -4.26077032089, 4.42031288147, 16.22315979, -9.85488128662, 5.55170631409], [58.3185005188, 122.649841309, 28.6435432434, 12.700510025, 2.98277711868, -4.24575376511, 46.9321327209, -8.27042007446, -5.04508304596, 2.97196388245, 0.187407314777, -14.5362071991, 0.658757209778], [-85.7266845703, 28.6435432434, 146.394683838, 34.7602386475, -34.7752838135, 32.1983070374, 21.768945694, -17.772895813, -4.24235105515, -2.07925343513, -20.0012702942, 31.2213134766, 20.0010509491], [-8.54285335541, 12.700510025, 34.7602386475, 75.3745956421, 42.780960083, 6.19809532166, -6.44763231277, -12.3469171524, 7.39448976517, -4.83121728897, 7.2207493782, 6.16000747681, 5.0557923317], [2.66644954681, 2.98277711868, -34.7752838135, 42.780960083, 118.065856934, -0.37247389555, -29.5892543793, 1.60159122944, 13.2596025467, -0.663217365742, 14.3476829529, -18.9151992798, -20.6800289154], [0.585035979748, -4.24575376511, 32.1983070374, 6.19809532166, -0.37247389555, 67.6654586792, 32.0684204102, -2.04989409447, -0.758932650089, 2.05619955063, 1.4173053503, 10.2871513367, 5.30949163437], [21.5605831146, 46.9321327209, 21.768945694, -6.44763231277, -29.5892543793, 32.0684204102, 100.765151978, 18.729177475, -23.569486618, -2.02845287323, -2.37385511398, 9.82033729553, 9.42639827728], [16.350069046, -8.27042007446, -17.772895813, -12.3469171524, 1.60159122944, -2.04989409447, 18.729177475, 48.9830513, 11.4695148468, -2.82254528999, -2.88119459152, -5.97609376907, 1.43671369553], [-4.26077032089, -5.04508304596, -4.24235105515, 7.39448976517, 13.2596025467, -0.758932650089, -23.569486618, 11.4695148468, 62.4703636169, 19.4529590607, 0.0355994328856, -5.65219163895, -4.56038618088], [4.42031288147, 2.97196388245, -2.07925343513, -4.83121728897, -0.663217365742, 2.05619955063, -2.02845287323, -2.82254528999, 19.4529590607, 36.4192123413, 15.4841003418, -1.32653474808, -1.89934122562], [16.22315979, 0.187407314777, -20.0012702942, 7.2207493782, 14.3476829529, 1.4173053503, -2.37385511398, -2.88119459152, 0.0355994328856, 15.4841003418, 44.8428688049, 7.67347621918, -7.79050636292], [-9.85488128662, -14.5362071991, 31.2213134766, 6.16000747681, -18.9151992798, 10.2871513367, 9.82033729553, -5.97609376907, -5.65219163895, -1.32653474808, 7.67347621918, 53.9897537231, 17.9795589447], [5.55170631409, 0.658757209778, 20.0010509491, 5.0557923317, -20.6800289154, 5.30949163437, 9.42639827728, 1.43671369553, -4.56038618088, -1.89934122562, -7.79050636292, 17.9795589447, 38.7861175537]],
        "icov": [[0.00615188106894, -0.00754058081657, 0.00853590108454, -0.00490627158433, 0.00431963521987, -0.00619924673811, 0.0055905492045, -0.00547987874597, 0.00382133363746, -0.00353787001222, 0.00324294855818, -0.00452969549224, 0.00050854915753], [-0.00754058081657, 0.0266923997551, -0.0174720194191, 0.0102900508791, -0.0109571702778, 0.0181019157171, -0.0225219503045, 0.0177789889276, -0.0118155227974, 0.00921109225601, -0.0108448816463, 0.0159528013319, -0.00572202494368], [0.00853590108454, -0.0174720194191, 0.0289343893528, -0.0192615650594, 0.0145198246464, -0.0181848630309, 0.01470222231, -0.0113658923656, 0.0105229131877, -0.0124639887363, 0.0170327629894, -0.0164980124682, 0.00543969403952], [-0.00490627158433, 0.0102900508791, -0.0192615650594, 0.0350528992712, -0.0189173463732, 0.012288027443, -0.0128389690071, 0.0159725248814, -0.0137381404638, 0.0165775548667, -0.0158008076251, 0.00922743696719, -0.0116034448147], [0.00431963521987, -0.0109571702778, 0.0145198246464, -0.0189173463732, 0.0226696673781, -0.0126390485093, 0.0141772115603, -0.0122183812782, 0.00752995023504, -0.00660726102069, 0.0059964414686, -0.00542012182996, 0.00964918732643], [-0.00619924673811, 0.0181019157171, -0.0181848630309, 0.012288027443, -0.0126390485093, 0.0337634906173, -0.0235572662205, 0.0168703608215, -0.0129895526916, 0.00953267142177, -0.011294035241, 0.0106873828918, -0.00618805270642], [0.0055905492045, -0.0225219503045, 0.01470222231, -0.0128389690071, 0.0141772115603, -0.0235572662205, 0.0371792800725, -0.0260563865304, 0.0201495047659, -0.013979839161, 0.0117517840117, -0.0145691558719, 0.00718602957204], [-0.00547987874597, 0.0177789889276, -0.0113658923656, 0.0159725248814, -0.0122183812782, 0.0168703608215, -0.0260563865304, 0.0436236634851, -0.0216475855559, 0.0177109502256, -0.0111420890316, 0.0137354452163, -0.0101289246231], [0.00382133363746, -0.0118155227974, 0.0105229131877, -0.0137381404638, 0.00752995023504, -0.0129895526916, 0.0201495047659, -0.0216475855559, 0.0351294018328, -0.0255318786949, 0.0151272602379, -0.00976731535047, 0.00816217437387], [-0.00353787001222, 0.00921109225601, -0.0124639887363, 0.0165775548667, -0.00660726102069, 0.00953267142177, -0.013979839161, 0.0177109502256, -0.0255318786949, 0.0537519417703, -0.0272050816566, 0.0131703410298, -0.00940915755928], [0.00324294855818, -0.0108448816463, 0.0170327629894, -0.0158008076251, 0.0059964414686, -0.011294035241, 0.0117517840117, -0.0111420890316, 0.0151272602379, -0.0272050816566, 0.0447790175676, -0.0195352155715, 0.0137924617156], [-0.00452969549224, 0.0159528013319, -0.0164980124682, 0.00922743696719, -0.00542012182996, 0.0106873828918, -0.0145691558719, 0.0137354452163, -0.00976731535047, 0.0131703410298, -0.0195352155715, 0.038015127182, -0.0156880915165], [0.00050854915753, -0.00572202494368, 0.00543969403952, -0.0116034448147, 0.00964918732643, -0.00618805270642, 0.00718602957204, -0.0101289246231, 0.00816217437387, -0.00940915755928, 0.0137924617156, -0.0156880915165, 0.0396763794124]]
    },
    "melbands": {
        "dmean": [0.00106479297392, 0.00241362676024, 0.000255277875112, 0.000300489249639, 0.000141053998959, 0.000203178191441, 0.000425824749982, 0.000179694106919, 5.61175693292e-05, 2.90352745651e-05, 5.12694168719e-05, 3.30498296535e-05, 2.83199406113e-05, 1.9401713871e-05, 5.42953166587e-05, 3.45562766597e-05, 0.000133293462568, 0.000146908176248, 5.11931611982e-05, 8.99759033928e-05, 9.1336958576e-05, 0.000127419931232, 5.7068089518e-05, 1.54843291966e-05, 1.40329957503e-05, 9.39318397286e-06, 6.16524312136e-06, 3.27051793647e-06, 1.95747270482e-06, 3.31154728883e-06, 2.71224075732e-06, 2.50792396628e-07, 4.14213658928e-08, 3.58724250304e-08, 3.23379403255e-08, 1.75381078549e-08, 9.92559634483e-09, 5.61736168692e-09, 3.34364336219e-09, 1.79831460834e-09],
        "dmean2": [0.00184105685912, 0.00419955002144, 0.000423906400101, 0.00050466763787, 0.000232667429373, 0.000340452155797, 0.000710393243935, 0.00030055269599, 8.74093530001e-05, 4.83617295686e-05, 9.04713597265e-05, 5.42451816727e-05, 4.58305039501e-05, 3.31420742441e-05, 8.64650428412e-05, 5.3960011428e-05, 0.000221551963477, 0.000239739383687, 8.58797648107e-05, 0.000137410344905, 0.000152678301674, 0.000221032663831, 9.76724040811e-05, 2.52290592471e-05, 2.29236866289e-05, 1.50973846758e-05, 9.92783952825e-06, 5.31817840965e-06, 2.88914907287e-06, 4.70087616122e-06, 3.69680265067e-06, 3.86781579209e-07, 7.14922876455e-08, 6.60910259853e-08, 6.00839840104e-08, 3.11681915832e-08, 1.69941873907e-08, 9.47528366879e-09, 5.21895149319e-09, 2.7348270315e-09],
        "dvar": [7.6439704344e-07, 3.65065989172e-06, 4.30404227814e-08, 1.2438275121e-07, 2.52772753839e-08, 4.03667144155e-08, 2.66813600547e-07, 5.32491917227e-08, 1.07017985584e-08, 1.47371614911e-09, 4.30998303713e-09, 3.36483974017e-09, 2.0065000772e-09, 1.33548083703e-09, 3.69478803108e-09, 2.2965429558e-09, 2.19281712788e-08, 3.13693711007e-08, 8.93399487722e-09, 2.19724594075e-08, 3.22274793518e-08, 1.90103843778e-08, 3.46799322593e-09, 4.11894490737e-10, 3.13474801672e-10, 1.28148450185e-10, 6.99271543447e-11, 5.05930956851e-11, 6.621679767e-12, 8.40278627928e-12, 6.10852991453e-12, 7.80356207712e-14, 1.22186037889e-15, 8.1713220776e-16, 7.19095502714e-16, 2.78514465104e-16, 1.4892610041e-16, 3.44575716095e-17, 3.36014760715e-17, 1.34669941992e-17],
        "dvar2": [2.35104766944e-06, 1.03600732473e-05, 1.36178329058e-07, 3.05697938074e-07, 6.14519350961e-08, 1.0139440576e-07, 7.23031689631e-07, 1.32930637164e-07, 2.36548824972e-08, 3.90299126352e-09, 1.16663478877e-08, 8.61263327323e-09, 4.5219343825e-09, 3.40728978365e-09, 9.06759556329e-09, 5.97809135527e-09, 5.83760240147e-08, 8.63869544787e-08, 2.59836845373e-08, 5.10469639892e-08, 8.88207623007e-08, 5.21175813617e-08, 9.67236601923e-09, 1.02695973947e-09, 7.62330809589e-10, 3.21588006225e-10, 1.84186652041e-10, 1.1050244747e-10, 1.39848427977e-11, 1.67826568614e-11, 1.20586284014e-11, 1.48247869059e-13, 3.35530968583e-15, 2.29265327866e-15, 2.02959131503e-15, 7.36170204623e-16, 3.60332739141e-16, 8.2352930498e-17, 7.80690348975e-17, 2.8303516597e-17],
        "max": [0.00476870592684, 0.0112033970654, 0.00173026672564, 0.00329633080401, 0.00146661023609, 0.00153037556447, 0.00518920691684, 0.00164797855541, 0.00142322503962, 0.000339528924087, 0.000720773357898, 0.000525947369169, 0.000465057557449, 0.000343217980117, 0.000501292175613, 0.000533328100573, 0.00114336959086, 0.00135553965811, 0.000920578371733, 0.00184472184628, 0.00215562805533, 0.00111438531894, 0.000463671720354, 0.000190379651031, 0.000187997648027, 9.94869624265e-05, 7.59175600251e-05, 7.22902404959e-05, 2.94350538752e-05, 3.37940800819e-05, 3.5697084968e-05, 3.48593516719e-06, 3.12732936436e-07, 1.978367834e-07, 1.54312601808e-07, 2.06591465712e-07, 2.02608006816e-07, 9.21920957353e-08, 9.80484102797e-08, 6.28795646662e-08],
        "mean": [0.00148382934276, 0.00345355179161, 0.000441048294306, 0.000494401145261, 0.000240890280111, 0.00031193983159, 0.000600946077611, 0.000245119415922, 8.01336864242e-05, 4.64848053525e-05, 6.97489886079e-05, 4.91967148264e-05, 4.29322935815e-05, 3.03467604681e-05, 8.95069315447e-05, 5.39304201084e-05, 0.000185430209967, 0.000220366215217, 8.83636894287e-05, 0.000148466104292, 0.000137358307256, 0.000205419943086, 9.75054208538e-05, 2.86257982225e-05, 2.78614079434e-05, 1.70224975591e-05, 9.63951606536e-06, 5.16667478223e-06, 3.62217861039e-06, 1.27005005197e-05, 1.12222278403e-05, 5.87508282024e-07, 8.81984760781e-08, 5.01272765518e-08, 4.96865197874e-08, 3.11938279651e-08, 2.25741416671e-08, 1.25699983755e-08, 7.27742088813e-09, 4.27792601343e-09],
        "median": [0.00124641333241, 0.00301652122289, 0.000400959717808, 0.000345478882082, 0.000189185811905, 0.000260052678641, 0.000469367369078, 0.000176775181899, 4.46971098427e-05, 2.70772543445e-05, 5.27083539055e-05, 3.22277192026e-05, 2.43945341936e-05, 1.58786897373e-05, 6.21136423433e-05, 3.4465076169e-05, 0.000125714112073, 0.000155252346303, 4.40247422375e-05, 7.33127744752e-05, 9.45052452153e-05, 0.00017400510842, 8.29184864415e-05, 2.14086358028e-05, 1.82883031812e-05, 1.09401489681e-05, 6.20612718194e-06, 2.60056935986e-06, 2.66339543487e-06, 1.123164202e-05, 9.20309594221e-06, 4.45924712267e-07, 7.71397168364e-08, 4.0196034945e-08, 4.31139923762e-08, 2.62822386077e-08, 1.99015044444e-08, 1.06818767165e-08, 5.39266808985e-09, 2.84692136532e-09],
        "min": [4.85994519295e-07, 3.32730587616e-06, 5.9443009377e-06, 6.9349257501e-06, 8.84679047886e-06, 3.58329566552e-06, 9.83030440693e-06, 1.47617574839e-05, 2.52676409218e-06, 1.17489253171e-06, 2.04220009437e-06, 1.14126669359e-06, 1.08058873138e-06, 9.5839993719e-07, 2.12824329537e-06, 4.12707947817e-07, 9.45757278714e-07, 3.16909631692e-06, 5.51708922103e-07, 5.71310408759e-07, 1.41868292758e-06, 1.74713773049e-06, 1.71748695266e-06, 6.29052863133e-07, 1.10637884632e-07, 1.05123135086e-07, 6.57808456594e-08, 6.15497981471e-08, 6.50544649261e-08, 3.17357091717e-07, 2.49313103495e-07, 4.26923030261e-08, 2.2854802495e-08, 7.25329707407e-09, 7.61161711438e-09, 7.73736186233e-09, 4.62789495614e-09, 3.66494923298e-09, 1.5206818027e-09, 8.88948692435e-10],
        "var": [1.03385434613e-06, 5.07283903062e-06, 6.60051426848e-08, 2.13376424085e-07, 4.5071242738e-08, 5.31908312951e-08, 2.85142505163e-07, 6.21724609573e-08, 1.45181280331e-08, 2.61298604975e-09, 5.10893505279e-09, 3.96745081233e-09, 3.10379832946e-09, 1.66277902558e-09, 5.81920645004e-09, 3.2713858289e-09, 2.83306054172e-08, 4.6375959073e-08, 1.61320805603e-08, 5.57972690274e-08, 3.27887192952e-08, 2.31751666746e-08, 4.77476769234e-09, 7.02188418522e-10, 7.37016725427e-10, 2.98449431835e-10, 1.14245085614e-10, 7.62283847155e-11, 1.24890471229e-11, 4.75421264856e-11, 4.92942561769e-11, 2.29793126801e-13, 2.39749456995e-15, 9.93620151469e-16, 7.70154966412e-16, 3.91098140456e-16, 2.71067907297e-16, 8.24338486143e-17, 8.46303241605e-17, 3.37587197972e-17]
    },
    "mfcc": {
        "mean": [-631.079956055, 167.46774292, -67.2147216797, 63.4645843506, 10.8873825073, 14.1871118546, -8.2564496994, -7.56262254715, 11.2609052658, -2.64323735237, 3.02232050896, 18.5068416595, -10.5200929642],
        "cov": [[411.083496094, 30.5565280914, -113.679138184, -5.84476995468, -29.5074672699, -22.4004402161, 23.2626667023, -0.0907029882073, -9.63447284698, 34.6803131104, 3.02640795708, -12.4686193466, 16.8404521942], [30.5565280914, 111.882949829, 12.3849611282, 20.5041465759, -36.6261520386, 11.3536672592, 28.6500473022, -1.12800633907, 10.1663179398, 6.2303943634, 3.40383672714, 5.75234365463, -3.15531945229], [-113.679138184, 12.3849611282, 191.562149048, -10.9062976837, -44.8862571716, 38.348739624, 4.2926158905, 12.0043697357, 39.0623321533, -59.5121917725, -13.4567098618, 35.3358802795, -24.8684329987], [-5.84476995468, 20.5041465759, -10.9062976837, 82.6549758911, 35.6142807007, 4.68866872787, 1.4806882143, -1.3170068264, -9.03431510925, 9.02488136292, -10.165143013, -4.1869058609, 4.54953336716], [-29.5074672699, -36.6261520386, -44.8862571716, 35.6142807007, 150.607772827, 15.9421100616, -44.0337333679, -9.44647026062, -19.9585838318, 12.8569040298, 25.8868408203, -13.301525116, -3.89443850517], [-22.4004402161, 11.3536672592, 38.348739624, 4.68866872787, 15.9421100616, 63.8776893616, 18.5042285919, 6.36156845093, 0.794139742851, -18.3759899139, 7.180123806, 18.9889698029, -8.34947967529], [23.2626667023, 28.6500473022, 4.2926158905, 1.4806882143, -44.0337333679, 18.5042285919, 95.1874313354, 22.3739490509, 0.832862913609, -3.62817907333, -13.8607435226, 4.31273126602, 11.9510240555], [-0.0907029882073, -1.12800633907, 12.0043697357, -1.3170068264, -9.44647026062, 6.36156845093, 22.3739490509, 50.0393943787, 14.8190317154, -9.69333362579, -4.61624336243, 9.21062374115, 8.35060501099], [-9.63447284698, 10.1663179398, 39.0623321533, -9.03431510925, -19.9585838318, 0.794139742851, 0.832862913609, 14.8190317154, 73.8149185181, -5.70901632309, -6.35050821304, 8.25476455688, -13.3950748444], [34.6803131104, 6.2303943634, -59.5121917725, 9.02488136292, 12.8569040298, -18.3759899139, -3.62817907333, -9.69333362579, -5.70901632309, 82.9864807129, 16.5209445953, -33.1692390442, 8.57476520538], [3.02640795708, 3.40383672714, -13.4567098618, -10.165143013, 25.8868408203, 7.180123806, -13.8607435226, -4.61624336243, -6.35050821304, 16.5209445953, 53.4119567871, 6.40672063828, -3.03034543991], [-12.4686193466, 5.75234365463, 35.3358802795, -4.1869058609, -13.301525116, 18.9889698029, 4.31273126602, 9.21062374115, 8.25476455688, -33.1692390442, 6.40672063828, 63.2634544373, 11.9933452606], [16.8404521942, -3.15531945229, -24.8684329987, 4.54953336716, -3.89443850517, -8.34947967529, 11.9510240555, 8.35060501099, -13.3950748444, 8.57476520538, -3.03034543991, 11.9933452606, 43.3352355957]],
