{
"lowlevel": {
    "average_loudness": 0.985136687756,
    "barkbands_crest": {
        "dmean": 3.88865685463,
        "dmean2": 6.78675222397,
        "dvar": 8.40640163422,
        "dvar2": 24.2917098999,
        "max": 20.7330360413,
        "mean": 12.4796066284,
        "median": 12.4786043167,
        "min": 5.21255540848,
        "var": 11.715420723
    },
    "barkbands_flatness_db": {
        "dmean": 0.0350569523871,
        "dmean2": 0.0602193512022,
        "dvar": 0.000662835431285,
        "dvar2": 0.00184052775148,
        "max": 0.364009201527,
        "mean": 0.229631155729,
        "median": 0.228401213884,
        "min": 0.111327856779,
        "var": 0.00177888327744
    },
    "barkbands_kurtosis": {
        "dmean": 7.01278972626,
        "dmean2": 11.9666433334,
        "dvar": 40.8807868958,
        "dvar2": 98.8065032959,
        "max": 65.3023529053,
        "mean": 10.9676561356,
        "median": 8.33002471924,
        "min": -1.50265026093,
        "var": 107.756156921
    },
    "barkbands_skewness": {
        "dmean": 0.907335102558,
        "dmean2": 1.5628041029,
        "dvar": 0.490579277277,
        "dvar2": 1.29899799824,
        "max": 6.77360486984,
        "mean": 2.81332802773,
        "median": 2.74414396286,
        "min": 0.388389378786,
        "var": 1.25061094761
    },
    "barkbands_spread": {
        "dmean": 5.38210725784,
        "dmean2": 9.48242855072,
        "dvar": 23.4390144348,
        "dvar2": 65.4243240356,
        "max": 40.423992157,
        "mean": 10.8880414963,
        "median": 9.51897621155,
        "min": 1.38077020645,
        "var": 38.5394554138
    },
    "dissonance": {
        "dmean": 0.0135172484443,
        "dmean2": 0.0226824190468,
        "dvar": 0.000109120672278,
        "dvar2": 0.000300077954307,
        "max": 0.498667269945,
        "mean": 0.474170386791,
        "median": 0.476661354303,
        "min": 0.424638241529,
        "var": 0.000189425845747
    },
    "dynamic_complexity": 0.866336464882,
    "erbbands_crest": {
        "dmean": 4.0973739624,
        "dmean2": 7.14842367172,
        "dvar": 10.390501976,
        "dvar2": 28.4007148743,
        "max": 23.9391727448,
        "mean": 9.54332923889,
        "median": 8.69797229767,
        "min": 3.68732142448,
        "var": 14.7028055191
    },
    "erbbands_flatness_db": {
        "dmean": 0.0154394498095,
        "dmean2": 0.0265364870429,
        "dvar": 0.00013374935952,
        "dvar2": 0.000349675916368,
        "max": 0.27190938592,
        "mean": 0.21464446187,
        "median": 0.213880687952,
        "min": 0.114307418466,
        "var": 0.000304578250507
    },
    "erbbands_kurtosis": {
        "dmean": 0.533798694611,
        "dmean2": 0.93658053875,
        "dvar": 0.443987905979,
        "dvar2": 1.27629888058,
        "max": 4.32495212555,
        "mean": -0.931857168674,
        "median": -1.11041092873,
        "min": -1.67891538143,
        "var": 0.455072104931
    },
    "erbbands_skewness": {
        "dmean": 0.508252680302,
        "dmean2": 0.879030048847,
        "dvar": 0.152482390404,
        "dvar2": 0.410677343607,
        "max": 2.27610993385,
        "mean": 0.204223424196,
        "median": 0.192676886916,
        "min": -1.53275668621,
        "var": 0.30223312974
    },
    "erbbands_spread": {
        "dmean": 8.03196620941,
        "dmean2": 13.9408950806,
        "dvar": 37.5714454651,
        "dvar2": 106.115577698,
        "max": 69.4747314453,
        "mean": 48.2850875854,
        "median": 49.5922393799,
        "min": 20.7315559387,
        "var": 83.6929244995
    },
    "hfc": {
        "dmean": 4.24552488327,
        "dmean2": 7.08365774155,
        "dvar": 20.490650177,
        "dvar2": 49.112991333,
        "max": 70.4928665161,
        "mean": 15.7658472061,
        "median": 14.360874176,
        "min": 3.19691848755,
        "var": 56.5637245178
    },
    "melbands_crest": {
        "dmean": 3.74250411987,
        "dmean2": 6.50706291199,
        "dvar": 7.86687803268,
        "dvar2": 22.2422122955,
        "max": 29.0059204102,
        "mean": 17.1323070526,
        "median": 17.0398864746,
        "min": 6.18055915833,
        "var": 17.0240325928
    },
    "melbands_flatness_db": {
        "dmean": 0.0396774858236,
        "dmean2": 0.0683028623462,
        "dvar": 0.000862742948812,
        "dvar2": 0.0023353099823,
        "max": 0.477207511663,
        "mean": 0.318927705288,
        "median": 0.31735393405,
        "min": 0.167337954044,
        "var": 0.00268279039301
    },
    "melbands_kurtosis": {
        "dmean": 17.6956729889,
        "dmean2": 29.9948120117,
        "dvar": 234.926528931,
        "dvar2": 559.271240234,
        "max": 141.884933472,
        "mean": 33.4494476318,
        "median": 27.6120204926,
        "min": 0.773007392883,
        "var": 673.726501465
    },
    "melbands_skewness": {
        "dmean": 1.30404186249,
        "dmean2": 2.2277340889,
        "dvar": 0.973173618317,
        "dvar2": 2.63522672653,
        "max": 9.50132465363,
        "mean": 4.68798875809,
        "median": 4.66664409637,
        "min": 0.95995092392,
        "var": 2.60939383507
    },
    "melbands_spread": {
        "dmean": 5.04314899445,
        "dmean2": 8.90664196014,
        "dvar": 25.6980819702,
        "dvar2": 71.2485122681,
        "max": 41.2422065735,
        "mean": 9.25567531586,
        "median": 7.40177869797,
        "min": 0.946756601334,
        "var": 42.6497840881
    },
    "pitch_salience": {
        "dmean": 0.111950308084,
        "dmean2": 0.196587577462,
        "dvar": 0.00785255338997,
        "dvar2": 0.0213919915259,
        "max": 0.704232871532,
        "mean": 0.454489767551,
        "median": 0.478415340185,
        "min": 0.147642731667,
        "var": 0.0121296066791
    },
    "silence_rate_20dB": {
        "dmean": 0,
        "dmean2": 0,
        "dvar": 0,
        "dvar2": 0,
        "max": 1,
        "mean": 1,
        "median": 1,
        "min": 1,
        "var": 0
    },
    "silence_rate_30dB": {
        "dmean": 0,
        "dmean2": 0,
        "dvar": 0,
        "dvar2": 0,
        "max": 1,
        "mean": 1,
        "median": 1,
        "min": 1,
        "var": 0
    },
    "silence_rate_60dB": {
        "dmean": 0,
        "dmean2": 0,
        "dvar": 0,
        "dvar2": 0,
        "max": 0,
        "mean": 0,
        "median": 0,
        "min": 0,
        "var": 0
    },
    "spectral_centroid": {
        "dmean": 293.500518799,
        "dmean2": 521.202880859,
        "dvar": 65218.1210938,
        "dvar2": 177921.3125,
        "max": 2174.91601562,
        "mean": 741.528930664,
        "median": 669.602478027,
        "min": 210.981918335,
        "var": 107885.578125
    },
    "spectral_complexity": {
        "dmean": 3.57999992371,
        "dmean2": 5.79959917068,
        "dvar": 7.88761138916,
        "dvar2": 19.5109424591,
        "max": 48,
        "mean": 20.0638713837,
        "median": 20,
        "min": 4,
        "var": 41.0138702393
    },
    "spectral_decrease": {
        "dmean": 5.15162845716e-09,
        "dmean2": 8.99359964279e-09,
        "dvar": 1.4478529382e-17,
        "dvar2": 4.27009723528e-17,
        "max": -2.28388619128e-09,
        "mean": -1.26816512847e-08,
        "median": -1.26233796749e-08,
        "min": -2.80444716338e-08,
        "var": 2.09422096784e-17
    },
    "spectral_energy": {
        "dmean": 0.0197408813983,
        "dmean2": 0.0344459228218,
        "dvar": 0.000213073566556,
        "dvar2": 0.000629338552244,
        "max": 0.108230367303,
        "mean": 0.0492933951318,
        "median": 0.0490364767611,
        "min": 0.00911652017385,
        "var": 0.000307973561576
    },
    "spectral_energyband_high": {
        "dmean": 6.61404919811e-05,
        "dmean2": 0.000111930057756,
        "dvar": 1.23657990514e-08,
        "dvar2": 2.93361441805e-08,
        "max": 0.00192194001283,
        "mean": 0.000136038084747,
        "median": 0.000109403066745,
        "min": 7.48513548388e-06,
        "var": 1.70778537978e-08
    },
    "spectral_energyband_low": {
        "dmean": 0.00800225138664,
        "dmean2": 0.0133473062888,
        "dvar": 6.68785505695e-05,
        "dvar2": 0.00016309201601,
        "max": 0.0820853635669,
        "mean": 0.01628947258,
        "median": 0.0103494143113,
        "min": 0.000430128275184,
        "var": 0.000258950632997
    },
    "spectral_energyband_middle_high": {
        "dmean": 0.00128529407084,
        "dmean2": 0.00198805704713,
        "dvar": 3.40371389029e-06,
        "dvar2": 7.29611883798e-06,
        "max": 0.0305408071727,
        "mean": 0.00399796059355,
        "median": 0.00305423233658,
        "min": 0.00022552482551,
        "var": 1.2132001757e-05
    },
    "spectral_energyband_middle_low": {
        "dmean": 0.0202509295195,
        "dmean2": 0.0358673371375,
        "dvar": 0.000252936966717,
        "dvar2": 0.000721174874343,
        "max": 0.10384465009,
        "mean": 0.0301167666912,
        "median": 0.0259035062045,
        "min": 0.00277505861595,
        "var": 0.000369199929992
    },
    "spectral_entropy": {
        "dmean": 0.24137608707,
        "dmean2": 0.423800349236,
        "dvar": 0.0305732563138,
        "dvar2": 0.0834688022733,
        "max": 7.81175899506,
        "mean": 7.11949872971,
        "median": 7.13978052139,
        "min": 6.32596492767,
        "var": 0.0592279955745
    },
    "spectral_flux": {
        "dmean": 0.037174358964,
        "dmean2": 0.0626754239202,
        "dvar": 0.000834204198327,
        "dvar2": 0.0023521350231,
        "max": 0.253823697567,
        "mean": 0.115320160985,
        "median": 0.109925284982,
        "min": 0.0413867160678,
        "var": 0.00129690265749
    },
    "spectral_kurtosis": {
        "dmean": 3.54352903366,
        "dmean2": 6.23895788193,
        "dvar": 8.42632389069,
        "dvar2": 26.1804122925,
        "max": 21.5811405182,
        "mean": 5.77127504349,
        "median": 5.22445964813,
        "min": 0.525193691254,
        "var": 12.069647789
    },
    "spectral_rms": {
        "dmean": 0.00142363540363,
        "dmean2": 0.00248288549483,
        "dvar": 1.08729568638e-06,
        "dvar2": 3.24122288475e-06,
        "max": 0.0102757290006,
        "mean": 0.00681898044422,
        "median": 0.00691668037325,
        "min": 0.00298230885528,
        "var": 1.59263549904e-06
    },
    "spectral_rolloff": {
        "dmean": 286.089874268,
        "dmean2": 520.162414551,
        "dvar": 141563.28125,
        "dvar2": 387239.84375,
        "max": 2304.05273438,
        "mean": 448.715393066,
        "median": 215.33203125,
        "min": 107.666015625,
        "var": 162428.015625
    },
    "spectral_skewness": {
        "dmean": 0.348291456699,
        "dmean2": 0.616580426693,
        "dvar": 0.0851184353232,
        "dvar2": 0.246836602688,
        "max": 3.13907694817,
        "mean": 1.277572155,
        "median": 1.22606348991,
        "min": 0.451071828604,
        "var": 0.14296990633
    },
    "spectral_spread": {
        "dmean": 200347.625,
        "dmean2": 328068.71875,
        "dvar": 205315276800,
        "dvar2": 236865552384,
        "max": 12261810,
        "mean": 2605327.75,
        "median": 2583458.5,
        "min": 1798874.625,
        "var": 240170745856
    },
    "spectral_strongpeak": {
        "dmean": 0.407784849405,
        "dmean2": 0.702044844627,
        "dvar": 0.109998442233,
        "dvar2": 0.303920418024,
        "max": 2.49375391006,
        "mean": 0.935276448727,
        "median": 0.936621785164,
        "min": 0.085459522903,
        "var": 0.180349245667
    },
    "zerocrossingrate": {
        "dmean": 0.00531640602276,
        "dmean2": 0.00792502984405,
        "dvar": 2.2168027499e-05,
        "dvar2": 4.15407048422e-05,
        "max": 0.0576171875,
        "mean": 0.0254003703594,
        "median": 0.02490234375,
        "min": 0.00390625,
        "var": 8.62569213496e-05
    },
    "barkbands": {
        "dmean": [3.83912229154e-05, 0.00566995656118, 0.00374475354329, 0.00610570190474, 0.0154267055914, 0.000235993575188, 0.000239207060076, 0.000301658932585, 0.000662036298309, 0.000456553854747, 0.000236487190705, 0.000251540535828, 3.5200297134e-05, 0.000348911882611, 0.0001408278913, 0.000330097478582, 0.000284153124085, 7.62172276154e-05, 0.000129202206153, 7.31609252398e-05, 3.63142207789e-05, 2.52579093285e-06, 3.10737988229e-07, 5.22889251897e-07, 1.37763009889e-07, 8.23084960189e-08, 1.676367134e-08],
        "dmean2": [5.6907418184e-05, 0.00958995521069, 0.00617320975289, 0.0105714779347, 0.0278273969889, 0.000406671722885, 0.000418264535256, 0.000527922587935, 0.00109315710142, 0.000730081577785, 0.000410185719375, 0.00039667924284, 5.97719481448e-05, 0.000582273874898, 0.000230545294471, 0.00051803473616, 0.000464608718175, 0.000117576979392, 0.000226348172873, 0.000130712156533, 6.12176954746e-05, 4.25983580499e-06, 5.14126384132e-07, 8.28169447686e-07, 2.04109468882e-07, 1.26297251768e-07, 2.02168788377e-08],
        "dvar": [1.39165239332e-08, 3.63960025425e-05, 2.1389203539e-05, 2.89303407044e-05, 0.000172560408828, 7.53936575393e-08, 9.45063689528e-08, 1.42278835824e-07, 9.99106873678e-07, 5.30210456873e-07, 1.35241251087e-07, 2.63448953319e-07, 2.56632382012e-09, 3.26254223637e-07, 3.98059647466e-08, 1.61198911997e-07, 2.68828898697e-07, 2.65689692469e-08, 3.36751178054e-08, 7.2209713764e-09, 7.78955211445e-09, 3.23464796614e-11, 6.14726965078e-13, 9.1775285288e-12, 6.20486734909e-13, 4.04891072926e-13, 6.23371593602e-14],
        "dvar2": [1.72398770815e-08, 9.731897444e-05, 6.33534873486e-05, 8.56169281178e-05, 0.000476336368592, 2.08685463576e-07, 2.52685936175e-07, 3.84580545187e-07, 2.10439293369e-06, 1.20899812828e-06, 3.69791422372e-07, 5.88569093907e-07, 7.2422290387e-09, 8.76503975178e-07, 1.01073439396e-07, 3.52422318883e-07, 7.57399504892e-07, 5.24510284095e-08, 8.93311380423e-08, 1.96472207392e-08, 2.11150847917e-08, 7.02181299217e-11, 1.44353561222e-12, 2.41497360304e-11, 1.39515742709e-12, 9.41262692788e-13, 6.25390716861e-14],
        "max": [0.00233839335851, 0.0520571097732, 0.0383222140372, 0.0445481091738, 0.079819381237, 0.0027953190729, 0.00381062366068, 0.00505092507228, 0.0154092712328, 0.0140653615817, 0.00387241877615, 0.00829588342458, 0.000663434679154, 0.00604661228135, 0.00260715093464, 0.00677455123514, 0.00800462067127, 0.00333807012066, 0.0028131713625, 0.00109039188828, 0.00159854383674, 9.30706737563e-05, 1.45388676174e-05, 5.52291057829e-05, 1.43440247484e-05, 1.10631099233e-05, 5.60073476663e-06],
        "mean": [4.99929665239e-05, 0.00957845244557, 0.00554161984473, 0.00846037082374, 0.0191767495126, 0.000344510597643, 0.000341969076544, 0.000447739992524, 0.00112986029126, 0.000873800832778, 0.000371037982404, 0.000374541094061, 5.70486372453e-05, 0.00050143757835, 0.000278605672065, 0.000669343280606, 0.000480587623315, 0.000159074770636, 0.00024568621302, 0.000131826804136, 7.1740738349e-05, 5.44486056242e-06, 7.33119634333e-07, 9.01538612652e-07, 2.45075312932e-07, 1.48054084548e-07, 3.25078062247e-08],
        "median": [2.21270729526e-05, 0.00592685118318, 0.00282427668571, 0.00707473047078, 0.0149620426819, 0.000238465989241, 0.000243075090111, 0.000256885570707, 0.000661282974761, 0.000486036064103, 0.000221746668103, 0.000176869274583, 3.81009813282e-05, 0.000322732783388, 0.000194934313186, 0.00051525660092, 0.00033278594492, 0.00011615895346, 0.0001983045222, 0.000104010323412, 5.77209684707e-05, 4.27684199167e-06, 6.24244080427e-07, 6.02148986673e-07, 1.57123452027e-07, 9.57428838433e-08, 1.95417690918e-08],
        "min": [3.66686492725e-07, 3.29137146764e-05, 1.17092968139e-05, 3.95099450543e-05, 0.00039399342495, 2.04820444196e-05, 2.03593554033e-05, 1.89257534657e-05, 3.67300308426e-05, 3.7062982301e-05, 7.25117843103e-06, 1.17840354505e-05, 2.8591764476e-06, 1.47037044371e-05, 1.31073938974e-05, 2.13990078919e-05, 2.18415898416e-05, 1.04853997982e-05, 1.54385325004e-05, 4.67454174213e-06, 4.39259611085e-06, 4.02175288627e-07, 1.27754333334e-07, 1.01835937016e-07, 4.08205167446e-08, 2.6294729949e-08, 6.65843158387e-09],
        "var": [1.59055559834e-08, 0.00010015231237, 4.79424052173e-05, 3.72493414034e-05, 0.00021746190032, 1.11610532372e-07, 1.25579262544e-07, 3.9437122723e-07, 2.82335986412e-06, 2.11251494875e-06, 1.9604728152e-07, 4.80585242713e-07, 3.40604189297e-09, 3.60624198947e-07, 7.18836759006e-08, 3.79209296852e-07, 3.19008904626e-07, 4.35191473969e-08, 4.91270348846e-08, 1.16789768967e-08, 7.36194483153e-09, 5.22710728867e-11, 6.4372330166e-13, 6.9876981805e-12, 5.7139460264e-13, 3.31458113994e-13, 6.22918329331e-14]
    },
    "erbbands": {
        "dmean": [0.0767913609743, 1.55957627296, 4.87664318085, 7.91062259674, 70.6817398071, 24.392665863, 2.08374047279, 2.35324025154, 2.63178086281, 3.19557476044, 12.3395423889, 13.4994192123, 11.0718231201, 13.3157520294, 12.1708316803, 6.93540477753, 1.51461303234, 8.34579181671, 14.8133926392, 11.6046056747, 17.4649353027, 15.9918136597, 4.77238321304, 7.27406549454, 4.75633192062, 3.52239131927, 1.64847445488, 1.16752266884, 0.128319114447, 0.0193745568395, 0.0106908315793, 0.0119419647381, 0.00731513090432, 0.00260571762919, 0.000472687999718, 0.000444548699306, 0.000131566164782, 1.53408000187e-05, 1.03504662547e-05, 2.15341806324e-05],
        "dmean2": [0.131986677647, 2.61750102043, 7.84974050522, 13.6421146393, 125.060813904, 44.5247077942, 3.6232407093, 4.11731815338, 4.40652036667, 5.62511920929, 21.0886287689, 21.7853832245, 17.6963596344, 22.1199455261, 19.7965164185, 10.8769712448, 2.51503109932, 13.8214111328, 25.242980957, 18.7439136505, 27.2782878876, 26.0457000732, 7.51031923294, 12.7935695648, 8.33441162109, 6.32738161087, 2.82364320755, 1.95672547817, 0.21209898591, 0.0311809834093, 0.0176404379308, 0.0188041254878, 0.0117838000879, 0.00393455894664, 0.00069675676059, 0.000693033158313, 0.000198062043637, 2.11639762711e-05, 1.6753341697e-05, 3.74695118808e-05],
        "dvar": [0.00627833139151, 2.84197735786, 32.0869636536, 44.5114974976, 3289.06494141, 480.987335205, 3.25122475624, 8.45934295654, 12.6401901245, 13.9187088013, 278.515472412, 469.04208374, 440.167907715, 506.520843506, 299.072631836, 291.862762451, 6.05612611771, 257.09777832, 519.538818359, 318.425598145, 648.297485352, 699.675415039, 97.8990707397, 121.812225342, 46.3891334534, 17.666759491, 7.08997821808, 9.50160217285, 0.105332262814, 0.00244334572926, 0.000683234480675, 0.00357423070818, 0.00212754006498, 0.000225237279665, 5.62343848287e-06, 1.00434135675e-05, 1.03388492789e-06, 2.56327776782e-08, 1.26660426591e-09, 2.56082433037e-10],
        "dvar2": [0.0194929651916, 7.40628814697, 86.9155502319, 125.727035522, 9193.14746094, 1357.56713867, 8.66802310944, 22.674823761, 31.7253894806, 39.6863632202, 737.721618652, 955.114990234, 665.838439941, 1251.64135742, 763.102294922, 621.811523438, 16.7606430054, 717.722717285, 1357.48291016, 819.910583496, 1399.44836426, 1885.53344727, 211.303100586, 302.483703613, 125.444030762, 45.5840911865, 17.016166687, 26.2673339844, 0.243055611849, 0.00501157063991, 0.00164801802021, 0.00904844794422, 0.0057206088677, 0.000537359854206, 9.17839952308e-06, 2.38900956901e-05, 2.34776393881e-06, 2.80611978098e-08, 1.32797317587e-09, 7.48991146882e-10],
        "max": [0.554487645626, 14.9922199249, 54.6876983643, 56.6634788513, 373.007904053, 126.535858154, 17.9949893951, 28.9181022644, 42.2570228577, 39.0001029968, 218.148361206, 403.203704834, 520.133666992, 386.105957031, 183.189590454, 339.621063232, 32.582447052, 198.785186768, 233.470611572, 245.140975952, 538.911010742, 381.461181641, 188.689544678, 147.615921021, 113.586921692, 57.0631752014, 44.8082580566, 54.9839057922, 5.93217658997, 0.96719378233, 0.477881789207, 1.11045444012, 0.828665137291, 0.279447287321, 0.0372721850872, 0.0569270290434, 0.0171764306724, 0.00349808111787, 0.000811201229226, 0.00011937423551],
        "mean": [0.1123964414, 2.66430854797, 8.13618087769, 13.2750339508, 89.3871154785, 32.3301277161, 3.58230757713, 3.35000610352, 4.17981815338, 4.95851945877, 19.2528495789, 23.3705997467, 21.4326286316, 23.9919033051, 21.1167564392, 11.2782917023, 3.10265755653, 13.2089366913, 25.1601543427, 24.1068382263, 34.539932251, 28.8446559906, 10.6359977722, 13.9013252258, 9.25885772705, 6.45453119278, 3.21631669998, 2.16087388992, 0.287681877613, 0.0470722392201, 0.0240544229746, 0.0220650881529, 0.0114913973957, 0.00420414842665, 0.00112818356138, 0.000836357939988, 0.000252830534009, 2.52700046985e-05, 2.72731176665e-05, 5.53935351491e-05],
        "median": [0.0805298909545, 1.54336237907, 4.26928329468, 11.5991096497, 70.4437408447, 26.2999992371, 2.95772218704, 2.31993913651, 2.84346795082, 3.86348247528, 11.6838607788, 13.2620172501, 13.2731971741, 11.4395656586, 13.421705246, 5.37776041031, 2.17579960823, 8.91833305359, 16.7457103729, 17.7872886658, 26.734916687, 20.3616409302, 8.18504905701, 10.2083330154, 7.35968017578, 5.08909463882, 2.63544845581, 1.66219866276, 0.231094241142, 0.0380415506661, 0.0201066248119, 0.0156625825912, 0.00692858314142, 0.00251198746264, 0.000832461984828, 0.000558666768484, 0.000172207670403, 1.4382293557e-05, 2.51678175118e-05, 5.44271497347e-05],
        "min": [0.000981172546744, 0.0182991791517, 0.117520444095, 1.04193389416, 1.3341499567, 1.71225905418, 0.421299934387, 0.267247676849, 0.32582488656, 0.635524511337, 0.395560622215, 0.764973104, 1.14427542686, 1.18243229389, 1.28905665874, 0.545249521732, 0.201022833586, 0.593182504177, 0.936105430126, 0.642549991608, 1.16552698612, 1.16633653641, 0.667991876602, 0.950085103512, 0.465317696333, 0.227364733815, 0.173602893949, 0.150285735726, 0.0241537783295, 0.00614537484944, 0.00415640696883, 0.00230420287699, 0.00136432109866, 0.000544539594557, 0.000211596256122, 0.000151090571308, 5.70169104321e-05, 4.25809821536e-06, 6.00383327765e-06, 1.07823780127e-05],
        "var": [0.00995502155274, 8.41742420197, 97.6057357788, 64.0600204468, 4645.94824219, 581.793640137, 5.10765886307, 11.3994102478, 18.6543464661, 18.7758998871, 680.142578125, 1511.41882324, 1709.53320312, 1394.1907959, 524.09954834, 585.70489502, 11.0756978989, 249.046051025, 670.024719238, 508.725036621, 1313.24755859, 979.845397949, 150.030731201, 188.063903809, 65.620765686, 28.6756458282, 9.81901359558, 8.13863658905, 0.15014025569, 0.00355473300442, 0.000692539091688, 0.00300679984502, 0.00152257841546, 0.000200537368073, 5.76996217205e-06, 8.25265306048e-06, 8.50091907978e-07, 2.51878731206e-08, 1.29531763093e-09, 3.68757663294e-10]
    },
    "gfcc": {
        "mean": [-36.584197998, 172.141738892, -143.044052124, 50.3823013306, -17.4162387848, -13.8688144684, -12.2273597717, -0.732846081257, -21.6736164093, -18.8964595795, -27.1242237091, -22.5778312683, 3.48481225967],
        "cov": [[542.694519043, -132.016830444, -299.655975342, -90.3350906372, -118.411026001, -16.5456562042, -59.782043457, -5.58051252365, -70.5917205811, -13.2832832336, -37.2197341919, 1.54606866837, -11.6151981354], [-132.016830444, 128.860794067, 85.2662506104, -10.7173681259, 51.390789032, -2.07751607895, 36.7338256836, -4.83102989197, 31.1476421356, -2.54211068153, 15.9120235443, 2.0319685936, 7.00558805466], [-299.655975342, 85.2662506104, 289.960327148, 90.3631515503, 84.0044708252, 23.7827262878, 38.9334983826, 7.85402441025, 54.7311096191, 21.5778923035, 42.5564117432, 2.94814348221, 7.19596385956], [-90.3350906372, -10.7173681259, 90.3631515503, 100.175704956, 41.6354522705, 19.1226119995, 12.8711624146, 15.2166166306, 27.3573284149, 25.7882785797, 17.455034256, -5.07043647766, 8.94791126251], [-118.411026001, 51.390789032, 84.0044708252, 41.6354522705, 101.391288757, 33.2145195007, 23.7762641907, -2.09722185135, 26.6942481995, 11.4124221802, 17.3844547272, 11.2606363297, 8.82951068878], [-16.5456562042, -2.07751607895, 23.7827262878, 19.1226119995, 33.2145195007, 68.5780029297, 26.189031601, 24.962469101, 21.9524173737, 16.2549209595, 18.0031070709, 11.1575527191, 7.9978260994], [-59.782043457, 36.7338256836, 38.9334983826, 12.8711624146, 23.7762641907, 26.189031601, 60.4306030273, 33.1784744263, 22.4714775085, 15.9078140259, 11.9644374847, 10.2169322968, 6.62233448029], [-5.58051252365, -4.83102989197, 7.85402441025, 15.2166166306, -2.09722185135, 24.962469101, 33.1784744263, 60.2154541016, 34.7855300903, 24.8793525696, 10.5582313538, 8.42694473267, 3.85511445999], [-70.5917205811, 31.1476421356, 54.7311096191, 27.3573284149, 26.6942481995, 21.9524173737, 22.4714775085, 34.7855300903, 59.8089675903, 30.9767093658, 14.4328374863, 1.60197234154, 3.7245490551], [-13.2832832336, -2.54211068153, 21.5778923035, 25.7882785797, 11.4124221802, 16.2549209595, 15.9078140259, 24.8793525696, 30.9767093658, 55.9284324646, 19.4762401581, 6.03697061539, 0.445783108473], [-37.2197341919, 15.9120235443, 42.5564117432, 17.455034256, 17.3844547272, 18.0031070709, 11.9644374847, 10.5582313538, 14.4328374863, 19.4762401581, 36.9614753723, 17.7978858948, 0.839403390884], [1.54606866837, 2.0319685936, 2.94814348221, -5.07043647766, 11.2606363297, 11.1575527191, 10.2169322968, 8.42694473267, 1.60197234154, 6.03697061539, 17.7978858948, 41.6338195801, 9.01169013977], [-11.6151981354, 7.00558805466, 7.19596385956, 8.94791126251, 8.82951068878, 7.9978260994, 6.62233448029, 3.85511445999, 3.7245490551, 0.445783108473, 0.839403390884, 9.01169013977, 22.5374717712]],
        "icov": [[0.00518881110474, -0.000148455874296, 0.00417254166678, -0.000286289578071, 0.00223156507127, -0.0023368713446, 0.00294174067676, -0.00148868618999, 0.00297578214668, -0.00193550891709, 0.00058973749401, -0.00118236569688, 0.000844323192723], [-0.000148455874296, 0.0335544198751, -0.00400764495134, 0.0193397738039, -0.0132214296609, 0.0164080522954, -0.023376641795, 0.0155526837334, -0.0230358485132, 0.0103349350393, -0.0207111164927, 0.0141841797158, -0.0146374618635], [0.00417254166678, -0.00400764495134, 0.0113919982687, -0.00719309225678, 0.00158541696146, -0.00168632518034, 0.000808643293567, 0.00162938958965, -0.00121336744633, 0.00113728339784, -0.0040866616182, -0.00113761657849, 0.00286074285395], [-0.000286289578071, 0.0193397738039, -0.00719309225678, 0.0300633199513, -0.0132560366765, 0.00964018329978, -0.00833458825946, 0.00150261214003, -0.00862647686154, -0.000451733882073, -0.0144993783906, 0.0161039941013, -0.0162986889482], [0.00223156507127, -0.0132214296609, 0.00158541696146, -0.0132560366765, 0.0265111196786, -0.014895237051, 0.00357434316538, 0.0075657106936, 0.000824906979688, -0.00302324118093, 0.0110155493021, -0.0125951087102, 0.0071211787872], [-0.0023368713446, 0.0164080522954, -0.00168632518034, 0.00964018329978, -0.014895237051, 0.0325693413615, -0.0155126098543, 0.000493217376061, -0.012250139378, 0.00667710276321, -0.0192632842809, 0.00996942352504, -0.0122185861692], [0.00294174067676, -0.023376641795, 0.000808643293567, -0.00833458825946, 0.00357434316538, -0.0155126098543, 0.0491940639913, -0.0314569436014, 0.0243703052402, -0.0110905580223, 0.0160346310586, -0.0101500097662, 0.00651701493189], [-0.00148868618999, 0.0155526837334, 0.00162938958965, 0.00150261214003, 0.0075657106936, 0.000493217376061, -0.0314569436014, 0.0553222820163, -0.0362551137805, 0.00461899815127, -0.00763146113604, -0.00160099752247, -0.00325282337144], [0.00297578214668, -0.0230358485132, -0.00121336744633, -0.00862647686154, 0.000824906979688, -0.012250139378, 0.0243703052402, -0.0362551137805, 0.0607112310827, -0.0220974944532, 0.0155226439238, -0.00270294980146, 0.00647772941738], [-0.00193550891709, 0.0103349350393, 0.00113728339784, -0.000451733882073, -0.00302324118093, 0.00667710276321, -0.0110905580223, 0.00461899815127, -0.0220974944532, 0.0360009744763, -0.0195318143815, 0.00449501769617, -0.00124030781444], [0.00058973749401, -0.0207111164927, -0.0040866616182, -0.0144993783906, 0.0110155493021, -0.0192632842809, 0.0160346310586, -0.00763146113604, 0.0155226439238, -0.0195318143815, 0.068652190268, -0.0323811620474, 0.0211292672902], [-0.00118236569688, 0.0141841797158, -0.00113761657849, 0.0161039941013, -0.0125951087102, 0.00996942352504, -0.0101500097662, -0.00160099752247, -0.00270294980146, 0.00449501769617, -0.0323811620474, 0.0474056378007, -0.0237874817103], [0.000844323192723, -0.0146374618635, 0.00286074285395, -0.0162986889482, 0.0071211787872, -0.0122185861692, 0.00651701493189, -0.00325282337144, 0.00647772941738, -0.00124030781444, 0.0211292672902, -0.0237874817103, 0.0627793520689]]
    },
    "melbands": {
        "dmean": [0.00112049898598, 0.00233916565776, 0.00336729967967, 0.00392922665924, 0.000118911309983, 4.95927379234e-05, 4.50561565231e-05, 2.95427107631e-05, 0.00012765788415, 7.59731410653e-05, 5.70826086914e-05, 5.81356871407e-05, 3.97929325118e-05, 3.43731662724e-05, 6.23508231001e-06, 5.67894721826e-06, 1.79894086614e-05, 3.17670601362e-05, 1.3294828932e-05, 2.04368661798e-05, 2.25806616072e-05, 1.82127696462e-05, 7.88482702774e-06, 3.59421278517e-06, 6.81870142216e-06, 3.60948865819e-06, 3.34086098519e-06, 2.30517298405e-06, 1.00613010545e-06, 1.37716585868e-06, 3.84203872272e-07, 7.47556256897e-08, 2.86634431745e-08, 5.6805915527e-09, 5.90424376057e-09, 7.05428027103e-09, 8.2936644219e-09, 6.32470742445e-09, 3.24221138825e-09, 1.82102299906e-09],
        "dmean2": [0.00191981776152, 0.00382802309468, 0.00590038998052, 0.00711660925299, 0.000203139410587, 8.62613596837e-05, 7.61939372751e-05, 5.21229667356e-05, 0.000216026935959, 0.000123344187159, 9.16582212085e-05, 9.56616568146e-05, 6.70466106385e-05, 5.37393716513e-05, 1.04589626062e-05, 9.65827621258e-06, 2.98781287711e-05, 5.4159481806e-05, 2.16316657315e-05, 3.33347597916e-05, 3.65989581042e-05, 2.97844599118e-05, 1.28339579533e-05, 5.69743178858e-06, 1.20856029753e-05, 6.16596025793e-06, 5.9756380324e-06, 4.11808696299e-06, 1.74830529431e-06, 2.33254331761e-06, 6.5020395823e-07, 1.27512322479e-07, 4.79223558614e-08, 9.2098089155e-09, 9.86281012416e-09, 1.14709246546e-08, 1.33199691277e-08, 1.05806794437e-08, 4.9355692866e-09, 2.70291078408e-09],
        "dvar": [1.32139598463e-06, 6.46130047244e-06, 7.59326485422e-06, 1.08955873657e-05, 1.22343086773e-08, 3.6566369932e-09, 3.50881523836e-09, 1.1580821857e-09, 3.09770875617e-08, 1.59989603787e-08, 1.21326895197e-08, 9.74932934383e-09, 3.57972718135e-09, 5.08831421442e-09, 1.81740913985e-10, 1.20793583469e-10, 1.09848374841e-09, 2.4383635111e-09, 3.31353999794e-10, 7.81051279208e-10, 1.56024537734e-09, 1.1493098695e-09, 1.00546584947e-10, 9.09463823695e-11, 1.00363939382e-10, 2.48392417745e-11, 2.21411708412e-11, 8.23510790809e-12, 1.96958313374e-12, 1.13146410644e-11, 1.14651398184e-12, 3.15203694038e-14, 4.39744100237e-15, 1.69953627151e-16, 1.12038517006e-16, 6.07166980877e-16, 2.10599516918e-15, 1.92518836329e-15, 2.24310470998e-16, 1.00789826822e-16],
        "dvar2": [3.88385115002e-06, 1.55691177497e-05, 2.13833191083e-05, 2.99253824778e-05, 3.23562723281e-08, 9.88200099528e-09, 9.00551189176e-09, 3.1944344947e-09, 8.04010937827e-08, 3.17572919073e-08, 1.96133278507e-08, 2.43135751532e-08, 9.47262090989e-09, 1.14048157585e-08, 4.46265829845e-10, 3.25017651681e-10, 3.03187608353e-09, 6.35374508562e-09, 7.83487830169e-10, 2.05803729614e-09, 3.7121947738e-09, 3.24581317379e-09, 2.31815400209e-10, 1.92851193348e-10, 2.65915817144e-10, 6.58957124977e-11, 6.36256325404e-11, 2.20600621104e-11, 4.68773457551e-12, 3.20106441354e-11, 3.09266262773e-12, 7.20639165203e-14, 8.61181362089e-15, 3.67839198059e-16, 2.47320068071e-16, 1.54117920039e-15, 5.52196363721e-15, 5.33483542444e-15, 5.19382550867e-16, 2.31816426991e-16],
        "max": [0.0097385160625, 0.0256058461964, 0.0189088750631, 0.0199917275459, 0.000779452559073, 0.000634372641798, 0.000733126595151, 0.00036695424933, 0.00222031120211, 0.00219809822738, 0.0025653229095, 0.00167406792752, 0.000625926419161, 0.00108118145727, 0.000293060846161, 0.000140542877489, 0.000396295537939, 0.000526295916643, 0.000223272611038, 0.000290619587759, 0.000814990897197, 0.000503692659549, 0.000135781636345, 0.00019131215231, 0.000125268445117, 8.05860327091e-05, 7.03847326804e-05, 4.04345810239e-05, 2.01758412004e-05, 5.88691254961e-05, 1.93760188267e-05, 2.86257068183e-06, 1.12114105377e-06, 2.52941930512e-07, 1.79427502189e-07, 4.49520030088e-07, 8.42429642489e-07, 7.7244106933e-07, 2.75376123682e-07, 1.87525955653e-07],
        "mean": [0.00181431032252, 0.00414530187845, 0.00504257902503, 0.00492658186704, 0.000177237801836, 6.95152339176e-05, 7.02717079548e-05, 4.59903749288e-05, 0.000201005561394, 0.00013386059436, 0.000105985767732, 0.000100274628494, 6.52239978081e-05, 5.15313840879e-05, 9.82638357527e-06, 8.54600511957e-06, 2.68868880084e-05, 4.778263974e-05, 2.53674425039e-05, 3.856244075e-05, 4.02655459766e-05, 3.03310207528e-05, 1.58698348969e-05, 7.05023785486e-06, 1.21418888739e-05, 6.93501897331e-06, 5.73881970922e-06, 3.92792526327e-06, 1.64922744261e-06, 2.525335276e-06, 6.92132175573e-07, 1.51594420572e-07, 5.6556441308e-08, 1.26565318226e-08, 1.3162480883e-08, 1.3196560289e-08, 1.37272140321e-08, 9.1448466577e-09, 5.11731546027e-09, 2.78709921808e-09],
        "median": [0.00122810492758, 0.00224470370449, 0.00417535332963, 0.00382566312328, 0.000138128423714, 4.80506423628e-05, 4.95112726639e-05, 3.51961425622e-05, 0.000118042778922, 7.78035755502e-05, 6.21945582679e-05, 4.61753515992e-05, 4.07693660236e-05, 2.51409292105e-05, 5.4353622545e-06, 5.44990189155e-06, 1.74409578904e-05, 2.98419381579e-05, 1.77289912244e-05, 2.76700338873e-05, 2.99883231492e-05, 2.07140819839e-05, 1.17995195978e-05, 5.0319104048e-06, 8.68047391123e-06, 5.6509506976e-06, 4.43707904196e-06, 3.04535956275e-06, 1.2032912764e-06, 1.97723102247e-06, 5.25353243575e-07, 1.16453158228e-07, 4.3253351123e-08, 1.02202859509e-08, 1.11467066688e-08, 9.86623938104e-09, 9.37724831118e-09, 5.44556311155e-09, 3.1026565761e-09, 1.59137969469e-09],
        "min": [9.43105260376e-06, 3.41822233167e-05, 0.000372675800463, 0.000124685728224, 1.2924812836e-05, 3.71672194888e-06, 5.09209075972e-06, 4.84039173898e-06, 2.5947690574e-06, 4.74000898976e-06, 5.3392150221e-06, 4.13616226069e-06, 2.04651655622e-06, 2.11813721762e-06, 4.91945854719e-07, 4.17324258706e-07, 1.0247923683e-06, 1.51657218339e-06, 1.0163951174e-06, 8.24450864911e-07, 1.2981178088e-06, 1.14995555123e-06, 8.48077888804e-07, 4.63188797539e-07, 8.04681974387e-07, 4.31821803204e-07, 2.23085692141e-07, 1.22697770166e-07, 6.85141543499e-08, 1.48408375367e-07, 5.19165226365e-08, 1.21055165891e-08, 4.58780391455e-09, 1.4426133621e-09, 2.27447327639e-09, 1.19636689444e-09, 1.31086141941e-09, 9.80092118574e-10, 5.33430577487e-10, 3.2910729697e-10],
        "var": [2.90899379252e-06, 2.34061681113e-05, 1.06348470581e-05, 1.37550114232e-05, 1.80947381523e-08, 5.0789066286e-09, 5.12739228853e-09, 1.78306402976e-09, 7.5654554621e-08, 4.96446546094e-08, 4.38927152402e-08, 2.67485944505e-08, 5.43801537134e-09, 9.03761510074e-09, 3.60517227183e-10, 1.25952276386e-10, 1.08864828263e-09, 2.97717028808e-09, 6.27942753351e-10, 1.2829968199e-09, 2.35310948504e-09, 1.33953870218e-09, 2.10861827998e-10, 1.19024137768e-10, 1.43890052651e-10, 3.91730953231e-11, 2.7684082457e-11, 1.15319212513e-11, 2.83173896658e-12, 9.68949052937e-12, 1.00215734149e-12, 4.75659008708e-14, 6.63720194392e-15, 2.0669170924e-16, 1.39695545632e-16, 5.24744216483e-16, 1.64177431551e-15, 1.2683441706e-15, 2.1220961273e-16, 9.51943536425e-17]
    },
    "mfcc": {
        "mean": [-672.20892334, 191.330627441, -45.3844299316, 65.9791946411, 8.8886384964, 6.77678012848, 12.2710380554, 5.9656662941, 19.3623828888, 5.02873516083, -15.8640995026, -6.50052642822, -15.3471651077],
        "cov": [[767.372253418, -177.546661377, -276.003143311, -146.40687561, -127.560394287, -83.0594940186, -42.4316673279, -46.0332641602, -39.7462234497, -47.6517219543, -47.5887374878, -18.8058166504, -66.7513809204], [-177.546661377, 172.716934204, 36.8364486694, 10.5728244781, 17.3187847137, 21.6299877167, 7.23364210129, 20.6685905457, 8.00319290161, 4.20827865601, 11.9958305359, -1.5704318285, 22.1811065674], [-276.003143311, 36.8364486694, 200.82723999, 68.6023178101, 58.6770515442, 29.3895568848, 22.5727596283, 16.1327972412, 19.3189487457, 23.9931983948, 34.5924949646, 23.5444965363, 36.2227592468], [-146.40687561, 10.5728244781, 68.6023178101, 94.2025146484, 37.668132782, 20.4347362518, 12.0517234802, -2.51776003838, 14.8388967514, 16.9939231873, 15.7882919312, 12.349363327, 13.4183979034], [-127.560394287, 17.3187847137, 58.6770515442, 37.668132782, 88.0349349976, 44.8242416382, 12.5472860336, 8.63431835175, 10.2480258942, 10.0284891129, 19.5396938324, 11.0804395676, 13.3429880142], [-83.0594940186, 21.6299877167, 29.3895568848, 20.4347362518, 44.8242416382, 57.3342666626, 22.7483539581, 7.67796516418, 9.86853218079, 8.70824813843, 12.877658844, 7.92066383362, 11.6449604034], [-42.4316673279, 7.23364210129, 22.5727596283, 12.0517234802, 12.5472860336, 22.7483539581, 47.6443862915, 18.3516368866, 10.8766393661, 6.8975148201, 9.41697883606, 7.83304643631, 13.4477586746], [-46.0332641602, 20.6685905457, 16.1327972412, -2.51776003838, 8.63431835175, 7.67796516418, 18.3516368866, 49.4339065552, 19.2272834778, 1.72428798676, 6.80934715271, 7.6215596199, 12.3423376083], [-39.7462234497, 8.00319290161, 19.3189487457, 14.8388967514, 10.2480258942, 9.86853218079, 10.8766393661, 19.2272834778, 49.8361549377, 25.7929496765, 14.4423685074, 10.7208690643, 9.9203453064], [-47.6517219543, 4.20827865601, 23.9931983948, 16.9939231873, 10.0284891129, 8.70824813843, 6.8975148201, 1.72428798676, 25.7929496765, 51.6144828796, 24.4671974182, 4.9149055481, -0.364753901958], [-47.5887374878, 11.9958305359, 34.5924949646, 15.7882919312, 19.5396938324, 12.877658844, 9.41697883606, 6.80934715271, 14.4423685074, 24.4671974182, 52.0877151489, 20.3875255585, 10.8527832031], [-18.8058166504, -1.5704318285, 23.5444965363, 12.349363327, 11.0804395676, 7.92066383362, 7.83304643631, 7.6215596199, 10.7208690643, 4.9149055481, 20.3875255585, 41.6509170532, 22.7508850098], [-66.7513809204, 22.1811065674, 36.2227592468, 13.4183979034, 13.3429880142, 11.6449604034, 13.4477586746, 12.3423376083, 9.9203453064, -0.364753901958, 10.8527832031, 22.7508850098, 52.4057846069]],
