{
"lowlevel": {
    "average_loudness": 0.987327933311,
    "barkbands_crest": {
        "dmean": 3.46298265457,
        "dmean2": 6.00271987915,
        "dvar": 6.98870420456,
        "dvar2": 19.0822601318,
        "max": 20.6717700958,
        "mean": 11.285823822,
        "median": 10.7981319427,
        "min": 5.10065889359,
        "var": 10.8197069168
    },
    "barkbands_flatness_db": {
        "dmean": 0.027790883556,
        "dmean2": 0.0473074875772,
        "dvar": 0.000413361529354,
        "dvar2": 0.00102900282945,
        "max": 0.316764891148,
        "mean": 0.238889977336,
        "median": 0.23852995038,
        "min": 0.107851728797,
        "var": 0.00085776229389
    },
    "barkbands_kurtosis": {
        "dmean": 3.70254230499,
        "dmean2": 6.32015180588,
        "dvar": 10.8260354996,
        "dvar2": 25.4107055664,
        "max": 21.6585254669,
        "mean": 6.06678295135,
        "median": 4.99456453323,
        "min": -0.279494047165,
        "var": 20.7584686279
    },
    "barkbands_skewness": {
        "dmean": 0.610410392284,
        "dmean2": 1.00738286972,
        "dvar": 0.206999361515,
        "dvar2": 0.541716873646,
        "max": 4.29405546188,
        "mean": 2.09930849075,
        "median": 2.0931122303,
        "min": 0.578026950359,
        "var": 0.52553999424
    },
    "barkbands_spread": {
        "dmean": 3.29835581779,
        "dmean2": 5.55478096008,
        "dvar": 7.66801023483,
        "dvar2": 19.1097393036,
        "max": 26.0336418152,
        "mean": 9.7759885788,
        "median": 9.18767356873,
        "min": 3.11827492714,
        "var": 13.906920433
    },
    "dissonance": {
        "dmean": 0.0200802385807,
        "dmean2": 0.0331708751619,
        "dvar": 0.000327608431689,
        "dvar2": 0.000816435669549,
        "max": 0.496578633785,
        "mean": 0.450035274029,
        "median": 0.452641427517,
        "min": 0.313261926174,
        "var": 0.000602376705501
    },
    "dynamic_complexity": 0.755673348904,
    "erbbands_crest": {
        "dmean": 2.88464069366,
        "dmean2": 4.80658245087,
        "dvar": 5.50030183792,
        "dvar2": 13.122592926,
        "max": 20.0625152588,
        "mean": 10.4106845856,
        "median": 9.95630931854,
        "min": 4.06763887405,
        "var": 12.4759368896
    },
    "erbbands_flatness_db": {
        "dmean": 0.0147817125544,
        "dmean2": 0.0232970546931,
        "dvar": 0.000155503803398,
        "dvar2": 0.000356289703632,
        "max": 0.282221347094,
        "mean": 0.232673332095,
        "median": 0.231292873621,
        "min": 0.101448051631,
        "var": 0.000414426409407
    },
    "erbbands_kurtosis": {
        "dmean": 0.604418098927,
        "dmean2": 0.998252809048,
        "dvar": 0.284297943115,
        "dvar2": 0.619557678699,
        "max": 3.01401329041,
        "mean": -0.51112729311,
        "median": -0.732770442963,
        "min": -1.74117219448,
        "var": 0.716983616352
    },
    "erbbands_skewness": {
        "dmean": 0.347627103329,
        "dmean2": 0.560427427292,
        "dvar": 0.0714062824845,
        "dvar2": 0.181099742651,
        "max": 1.53193736076,
        "mean": 0.363227725029,
        "median": 0.361470788717,
        "min": -0.612714111805,
        "var": 0.163347885013
    },
    "erbbands_spread": {
        "dmean": 7.47662353516,
        "dmean2": 12.1252994537,
        "dvar": 25.722442627,
        "dvar2": 69.401473999,
        "max": 67.7460098267,
        "mean": 35.421169281,
        "median": 35.1009902954,
        "min": 13.849486351,
        "var": 89.818862915
    },
    "hfc": {
        "dmean": 4.23321914673,
        "dmean2": 6.9917140007,
        "dvar": 9.47186374664,
        "dvar2": 24.5880393982,
        "max": 33.3305969238,
        "mean": 16.6803741455,
        "median": 16.037103653,
        "min": 0.804024338722,
        "var": 29.5388145447
    },
    "melbands_crest": {
        "dmean": 3.60085558891,
        "dmean2": 6.04193639755,
        "dvar": 7.57749462128,
        "dvar2": 19.3972854614,
        "max": 27.8057441711,
        "mean": 16.097530365,
        "median": 15.5014829636,
        "min": 8.83990287781,
        "var": 15.6020736694
    },
    "melbands_flatness_db": {
        "dmean": 0.0317507535219,
        "dmean2": 0.0528386719525,
        "dvar": 0.000520819507074,
        "dvar2": 0.00140134675894,
        "max": 0.417416542768,
        "mean": 0.333667337894,
        "median": 0.333888888359,
        "min": 0.216090470552,
        "var": 0.00119981588796
    },
    "melbands_kurtosis": {
        "dmean": 9.14288330078,
        "dmean2": 15.3550291061,
        "dvar": 65.0520095825,
        "dvar2": 158.969085693,
        "max": 75.6479415894,
        "mean": 16.9687919617,
        "median": 13.8323974609,
        "min": 1.00771856308,
        "var": 150.996902466
    },
    "melbands_skewness": {
        "dmean": 0.95117598772,
        "dmean2": 1.57392334938,
        "dvar": 0.486414074898,
        "dvar2": 1.22356629372,
        "max": 7.7033162117,
        "mean": 3.33351564407,
        "median": 3.28081846237,
        "min": 0.968724191189,
        "var": 1.44648766518
    },
    "melbands_spread": {
        "dmean": 3.67412614822,
        "dmean2": 6.25653553009,
        "dvar": 9.0990228653,
        "dvar2": 23.670419693,
        "max": 24.7683582306,
        "mean": 9.16517829895,
        "median": 8.51671600342,
        "min": 2.59074115753,
        "var": 16.8677806854
    },
    "pitch_salience": {
        "dmean": 0.0639148950577,
        "dmean2": 0.103570476174,
        "dvar": 0.00327282096259,
        "dvar2": 0.0078325169161,
        "max": 0.822470009327,
        "mean": 0.450742155313,
        "median": 0.457106113434,
        "min": 0.206809937954,
        "var": 0.0047765513882
    },
    "silence_rate_20dB": {
        "dmean": 0,
        "dmean2": 0,
        "dvar": 0,
        "dvar2": 0,
        "max": 1,
        "mean": 1,
        "median": 1,
        "min": 1,
        "var": 0
    },
    "silence_rate_30dB": {
        "dmean": 0,
        "dmean2": 0,
        "dvar": 0,
        "dvar2": 0,
        "max": 1,
        "mean": 1,
        "median": 1,
        "min": 1,
        "var": 0
    },
    "silence_rate_60dB": {
        "dmean": 0,
        "dmean2": 0,
        "dvar": 0,
        "dvar2": 0,
        "max": 0,
        "mean": 0,
        "median": 0,
        "min": 0,
        "var": 0
    },
    "spectral_centroid": {
        "dmean": 172.51991272,
        "dmean2": 291.939697266,
        "dvar": 20945.5078125,
        "dvar2": 51841.0429688,
        "max": 1632.87915039,
        "mean": 614.64855957,
        "median": 575.711608887,
        "min": 280.471679688,
        "var": 38994.4882812
    },
    "spectral_complexity": {
        "dmean": 3.1875,
        "dmean2": 5.18828439713,
        "dvar": 6.59401035309,
        "dvar2": 14.5712394714,
        "max": 30,
        "mean": 16.9668045044,
        "median": 17,
        "min": 2,
        "var": 23.824596405
    },
    "spectral_decrease": {
        "dmean": 5.02695929328e-09,
        "dmean2": 8.53439274806e-09,
        "dvar": 1.38982175146e-17,
        "dvar2": 3.83697587126e-17,
        "max": -5.3046234072e-10,
        "mean": -1.37589886151e-08,
        "median": -1.34629711823e-08,
        "min": -2.57985988128e-08,
        "var": 2.0286811318e-17
    },
    "spectral_energy": {
        "dmean": 0.0192595981061,
        "dmean2": 0.0326922759414,
        "dvar": 0.000205040385481,
        "dvar2": 0.000566101283766,
        "max": 0.100392885506,
        "mean": 0.0534424483776,
        "median": 0.0523763522506,
        "min": 0.00207501626574,
        "var": 0.000299876439385
    },
    "spectral_energyband_high": {
        "dmean": 1.25351407405e-05,
        "dmean2": 1.9823661205e-05,
        "dvar": 1.45160647391e-10,
        "dvar2": 3.55395046725e-10,
        "max": 0.00011573942902,
        "mean": 4.16216607846e-05,
        "median": 3.71453934349e-05,
        "min": 1.03992288132e-05,
        "var": 4.3741182898e-10
    },
    "spectral_energyband_low": {
        "dmean": 0.0100805964321,
        "dmean2": 0.0167234633118,
        "dvar": 7.63862990425e-05,
        "dvar2": 0.000189863043488,
        "max": 0.0592955723405,
        "mean": 0.0184312239289,
        "median": 0.0157324466854,
        "min": 0.000642505474389,
        "var": 0.000139505893458
    },
    "spectral_energyband_middle_high": {
        "dmean": 0.000914333795663,
        "dmean2": 0.00141416757833,
        "dvar": 7.3992794114e-07,
        "dvar2": 1.39465055327e-06,
        "max": 0.00975125189871,
        "mean": 0.00349359982647,
        "median": 0.00336178066209,
        "min": 0.000211298101931,
        "var": 2.53030862041e-06
    },
    "spectral_energyband_middle_low": {
        "dmean": 0.0172807276249,
        "dmean2": 0.0288373343647,
        "dvar": 0.000188076941413,
        "dvar2": 0.000490421545692,
        "max": 0.0929196253419,
        "mean": 0.0324379019439,
        "median": 0.0294523648918,
        "min": 0.00122088717762,
        "var": 0.000325302302372
    },
    "spectral_entropy": {
        "dmean": 0.218515530229,
        "dmean2": 0.373152494431,
        "dvar": 0.0272653885186,
        "dvar2": 0.0677219107747,
        "max": 7.67338991165,
        "mean": 6.88641929626,
        "median": 6.89947032928,
        "min": 6.234811306,
        "var": 0.0539897158742
    },
    "spectral_flux": {
        "dmean": 0.0350897572935,
        "dmean2": 0.0608818754554,
        "dvar": 0.000751608691644,
        "dvar2": 0.00218077655882,
        "max": 0.215547308326,
        "mean": 0.116025470197,
        "median": 0.114104636014,
        "min": 0.0441799461842,
        "var": 0.00102275784593
    },
    "spectral_kurtosis": {
        "dmean": 5.60512399673,
        "dmean2": 9.9287519455,
        "dvar": 15.927400589,
        "dvar2": 48.0963096619,
        "max": 29.578502655,
        "mean": 9.65404891968,
        "median": 8.69783782959,
        "min": 1.75806236267,
        "var": 27.1782169342
    },
    "spectral_rms": {
        "dmean": 0.0013320078142,
        "dmean2": 0.00224613538012,
        "dvar": 1.02649232758e-06,
        "dvar2": 2.69099245997e-06,
        "max": 0.00989667978138,
        "mean": 0.00711616175249,
        "median": 0.00714834779501,
        "min": 0.00142281618901,
        "var": 1.49919253545e-06
    },
    "spectral_rolloff": {
        "dmean": 180.609832764,
        "dmean2": 342.999542236,
        "dvar": 50090.7617188,
        "dvar2": 118037.835938,
        "max": 1701.12304688,
        "mean": 474.266204834,
        "median": 602.9296875,
        "min": 107.666015625,
        "var": 54071.2070312
    },
    "spectral_skewness": {
        "dmean": 0.498370498419,
        "dmean2": 0.877912759781,
        "dvar": 0.13363315165,
        "dvar2": 0.40194812417,
        "max": 3.93097257614,
        "mean": 1.80264079571,
        "median": 1.76593708992,
        "min": 0.734119296074,
        "var": 0.273890733719
    },
    "spectral_spread": {
        "dmean": 232768.9375,
        "dmean2": 362895.34375,
        "dvar": 386942664704,
        "dvar2": 293857460224,
        "max": 13578298,
        "mean": 2393616.75,
        "median": 2317746,
        "min": 1933562.625,
        "var": 575230377984
    },
    "spectral_strongpeak": {
        "dmean": 0.587251126766,
        "dmean2": 1.01040399075,
        "dvar": 0.413179934025,
        "dvar2": 1.09473121166,
        "max": 4.21671438217,
        "mean": 1.05663537979,
        "median": 0.855433046818,
        "min": 0,
        "var": 0.54562151432
    },
    "zerocrossingrate": {
        "dmean": 0.00346272788011,
        "dmean2": 0.00454162852839,
        "dvar": 7.38698963687e-06,
        "dvar2": 1.40540450957e-05,
        "max": 0.04052734375,
        "mean": 0.0226493608207,
        "median": 0.0224609375,
        "min": 0.00341796875,
        "var": 3.48122011928e-05
    },
    "barkbands": {
        "dmean": [2.56977837125e-05, 0.00706657674164, 0.00433842139319, 0.00478678988293, 0.0145685402676, 0.000105387829535, 6.50616857456e-05, 0.00138720357791, 0.00197257800028, 0.000499197631143, 6.44977917545e-05, 0.000236343737924, 1.7355867385e-05, 0.000214945859625, 0.000180462870048, 0.000284655223368, 0.000148270919453, 7.04021513229e-05, 3.97958465328e-05, 1.87903515325e-05, 6.63087348585e-06, 2.84334009848e-06, 2.28687184745e-07, 2.14408473198e-07, 9.03729642232e-08, 4.59374938089e-08, 1.75788947843e-08],
        "dmean2": [3.77518081223e-05, 0.0120792044327, 0.00687688915059, 0.00831145234406, 0.0249890480191, 0.00018796416407, 0.000113470276119, 0.00231076381169, 0.00318356486969, 0.000788510369603, 0.000106862557004, 0.00037376396358, 2.94879955618e-05, 0.00034714632784, 0.000280151347397, 0.000443764758529, 0.000251858698903, 0.000121397788462, 6.60906443954e-05, 3.10994946631e-05, 1.05964218164e-05, 4.6031191232e-06, 3.75619521265e-07, 3.49250200316e-07, 1.47784206206e-07, 7.64798713249e-08, 3.01566878136e-08],
        "dvar": [1.07819371209e-08, 4.31413573097e-05, 1.44973719216e-05, 2.20874262595e-05, 0.000145178375533, 1.09770779133e-08, 4.12262624039e-09, 2.23404640565e-06, 4.17282035414e-06, 3.22840293165e-07, 3.55225693305e-09, 5.08086230866e-08, 4.53024728841e-10, 5.43295719524e-08, 4.0073814489e-08, 9.66816955383e-08, 2.22920100157e-08, 4.79430584122e-09, 1.6432398775e-09, 4.21339685364e-10, 3.94037892593e-11, 7.83337804344e-12, 6.00750325137e-14, 1.70192080372e-13, 2.85491675602e-14, 1.57339961372e-14, 1.87017776618e-14],
        "dvar2": [1.1840679548e-08, 0.000123004720081, 3.46204578818e-05, 6.58132994431e-05, 0.000369158398826, 2.84126446815e-08, 1.1429076352e-08, 5.58947749596e-06, 1.06112584035e-05, 7.02829026977e-07, 9.90878135099e-09, 1.08547361322e-07, 1.28251764764e-09, 1.44299747262e-07, 8.17497252115e-08, 2.59303249095e-07, 5.80848471543e-08, 1.31697257544e-08, 3.93311339053e-09, 1.22289223192e-09, 9.75907549217e-11, 1.92578938907e-11, 1.36356393841e-13, 4.16468563195e-13, 6.28583827784e-14, 3.16426165868e-14, 3.63462108717e-14],
        "max": [0.00162211782299, 0.0411036238074, 0.0306137949228, 0.0333707369864, 0.0709292218089, 0.000734175730031, 0.000422130979132, 0.0149295544252, 0.0190650653094, 0.0060183191672, 0.000419455580413, 0.00179733335972, 0.000188428690308, 0.00189940142445, 0.00224833050743, 0.00254239072092, 0.0014999366831, 0.000545598042663, 0.000412809749832, 0.000182362098712, 5.42049383512e-05, 2.65903072432e-05, 2.74263015854e-06, 5.39442453373e-06, 2.11575388676e-06, 1.94456106328e-06, 2.08733194995e-06],
        "mean": [3.44907784893e-05, 0.0102727953345, 0.00742439646274, 0.0056723318994, 0.0199685525149, 0.000131232722197, 9.50879475567e-05, 0.00254964013584, 0.0036969576031, 0.000929248926695, 0.000103768463305, 0.000484014395624, 2.89367089863e-05, 0.000380895595299, 0.000438776158262, 0.000561338965781, 0.000326001580106, 0.000159198840265, 0.000112144705781, 4.59178590972e-05, 1.81799205166e-05, 7.01813542037e-06, 6.58923397623e-07, 5.63651326502e-07, 2.32778958775e-07, 1.57778828225e-07, 4.97867134186e-08],
        "median": [1.95711181732e-05, 0.00826638843864, 0.00610724883154, 0.00400140043348, 0.0157880131155, 9.40877653193e-05, 7.03803962097e-05, 0.00200492027216, 0.0027376820799, 0.000774383777753, 8.04369119578e-05, 0.000370157300495, 2.26298652706e-05, 0.000309586990625, 0.00031219801167, 0.000440706382506, 0.000265363720246, 0.000136670016218, 8.87551432243e-05, 3.42500788975e-05, 1.61431562447e-05, 6.2044000515e-06, 5.58234830805e-07, 4.56911692481e-07, 1.76926391759e-07, 1.24652416389e-07, 2.86380981152e-08],
        "min": [7.86698493016e-08, 0.000315392098855, 7.14078896635e-06, 0.000184225122212, 0.000732951448299, 6.58188582747e-06, 1.60959757523e-06, 2.50763168879e-05, 5.37761479791e-05, 4.75196029583e-05, 9.2920518e-06, 2.01492603082e-05, 4.90946149512e-06, 1.07233800009e-05, 8.62826709636e-06, 1.43339057104e-05, 1.67367652466e-05, 5.38800441063e-06, 3.9676592678e-06, 3.19128162118e-06, 2.31162835007e-06, 1.44309342431e-06, 1.65807946928e-07, 1.51727448383e-07, 5.81242005637e-08, 4.24843662472e-08, 1.58011683737e-08],
        "var": [1.1320948623e-08, 5.91228963458e-05, 3.23521708196e-05, 3.2037289202e-05, 0.000204239229788, 1.35732109996e-08, 5.76177194844e-09, 5.80208416068e-06, 1.13569358291e-05, 5.9531066654e-07, 5.72892799866e-09, 1.33049368856e-07, 4.93703522508e-10, 8.25432948659e-08, 1.45944540009e-07, 1.81825313916e-07, 4.80310049511e-08, 9.57146006897e-09, 5.64406743564e-09, 1.19261267528e-09, 9.74353028815e-11, 1.76588223211e-11, 1.30216936409e-13, 2.03865638021e-13, 4.87676237826e-14, 3.17193238905e-14, 3.57878569173e-14]
    },
    "erbbands": {
        "dmean": [0.0804718285799, 1.97697472572, 5.80644130707, 6.20266532898, 62.0940132141, 29.4269733429, 1.79155373573, 0.999501883984, 0.654248356819, 2.04815745354, 58.1290168762, 32.758556366, 16.6049442291, 5.06999063492, 5.96414804459, 6.41247606277, 0.877025604248, 4.50678730011, 14.7669248581, 10.5262975693, 12.7336111069, 9.06906414032, 3.6473596096, 3.38499760628, 1.45929944515, 0.810770213604, 0.329495638609, 0.210364803672, 0.0905483812094, 0.0181578435004, 0.00714781042188, 0.00563509063795, 0.00297664362006, 0.00151887023821, 0.000349400535924, 0.000276719802059, 6.84217229718e-05, 1.60065919772e-05, 9.86799295788e-06, 2.08454111998e-05],
        "dmean2": [0.134548276663, 3.34566473961, 9.10773944855, 10.7663173676, 103.521118164, 52.4369163513, 3.15944576263, 1.78205776215, 1.13362669945, 3.33531570435, 92.0150680542, 53.9600524902, 27.1304359436, 8.04043006897, 9.57293796539, 10.1061592102, 1.42896127701, 7.1909737587, 23.1111545563, 16.7235622406, 20.3489208221, 15.3641767502, 6.09369897842, 5.81366300583, 2.32950973511, 1.30454206467, 0.538108766079, 0.333727806807, 0.144182756543, 0.0288957264274, 0.0115621350706, 0.00899501889944, 0.00494078546762, 0.00247668311931, 0.000578953709919, 0.00046247325372, 0.000113502290333, 2.71987573797e-05, 1.67391153809e-05, 3.5496410419e-05],
        "dvar": [0.00825154874474, 3.2040336132, 23.7804470062, 31.6488399506, 2411.38037109, 552.887573242, 2.28046178818, 0.991988003254, 0.435396581888, 3.11488723755, 3668.74755859, 1138.8671875, 328.329376221, 24.3285102844, 35.2427558899, 41.5903129578, 0.717670679092, 20.7319297791, 243.974914551, 232.594741821, 164.658111572, 90.7211227417, 12.0682287216, 10.1606254578, 2.72307610512, 0.84958922863, 0.114319257438, 0.0337370894849, 0.00729121919721, 0.000421825418016, 5.44178583368e-05, 0.000112362737127, 2.34696308326e-05, 6.24566428087e-06, 8.112393175e-07, 2.75067861821e-07, 5.14359932424e-08, 7.24980075972e-09, 3.65617758291e-10, 2.45223702455e-10],
        "dvar2": [0.0219226069748, 9.06637477875, 54.4875488281, 91.9667739868, 6101.87255859, 1533.07958984, 6.08972454071, 2.64348936081, 1.17426681519, 8.20755958557, 9145.28222656, 3024.89770508, 699.788696289, 58.722618103, 74.1359405518, 99.6126022339, 1.76160085201, 51.8881874084, 498.663299561, 623.421325684, 374.12612915, 240.856124878, 33.5704956055, 27.8835487366, 6.18768787384, 2.47661280632, 0.275665462017, 0.0827401503921, 0.0182198472321, 0.00114281615242, 0.000122603261843, 0.000276157894405, 5.65302216273e-05, 1.38711848194e-05, 1.62774847468e-06, 5.76886748149e-07, 1.02381726208e-07, 1.40954119487e-08, 7.30127514004e-10, 6.72246258659e-10],
        "max": [0.598173439503, 10.9759597778, 39.8200187683, 51.6073532104, 312.005950928, 144.314437866, 8.93892002106, 6.4838104248, 5.70338916779, 17.4238758087, 585.451049805, 307.311523438, 186.734115601, 50.5463294983, 44.0115432739, 53.2063179016, 7.26435422897, 36.9257392883, 151.909988403, 154.580322266, 132.387634277, 93.1253890991, 30.9930458069, 24.7834949493, 21.6055545807, 7.62099742889, 2.91027474403, 1.75653231144, 0.716325819492, 0.243962973356, 0.0816723406315, 0.147337675095, 0.0533482395113, 0.0245223417878, 0.0141830518842, 0.00800006557256, 0.00356032000855, 0.00128736125771, 0.000320570368785, 0.000112090892799],
        "mean": [0.11875038594, 2.91360855103, 10.5279827118, 10.1290903091, 81.478553772, 39.0461044312, 3.05984687805, 1.28881418705, 1.12565863132, 4.4162774086, 113.191467285, 62.0653038025, 30.2296295166, 10.8867282867, 12.3939638138, 14.0762414932, 2.44590234756, 9.71373271942, 32.0079612732, 23.868719101, 27.2201538086, 18.9489192963, 9.24850845337, 8.3106842041, 4.20450210571, 2.1200902462, 0.85700160265, 0.66269826889, 0.249625712633, 0.050773140043, 0.0206442717463, 0.0147304786369, 0.00760520575568, 0.00360338855535, 0.00117976008914, 0.000915181182791, 0.000237046027905, 3.66726526408e-05, 3.11773073918e-05, 6.01308202022e-05],
        "median": [0.0887140184641, 2.31615257263, 8.87638950348, 8.14286136627, 67.484992981, 32.1000289917, 2.63776183128, 0.908493936062, 0.891133248806, 3.65600657463, 87.2016525269, 48.7761802673, 24.9695701599, 8.8680639267, 10.2429904938, 10.7092342377, 2.16129231453, 8.38360023499, 23.0327167511, 16.7841949463, 22.8204708099, 15.6840591431, 8.10823917389, 6.9774646759, 3.2832429409, 1.60150563717, 0.76308709383, 0.578054010868, 0.231679707766, 0.0443137474358, 0.0183389857411, 0.0123304417357, 0.00604079756886, 0.0026245531626, 0.000933249597438, 0.000739006500226, 0.000180777773494, 2.10515754588e-05, 2.88846749754e-05, 5.89071241848e-05],
        "min": [0.00774875795469, 0.0644099339843, 0.16844637692, 0.504396677017, 1.83040809631, 2.54303574562, 0.394748628139, 0.133219912648, 0.0601458922029, 0.383421808481, 0.853655874729, 1.27836489677, 1.48038375378, 0.913432300091, 1.48207163811, 0.981215715408, 0.491446524858, 0.536213696003, 0.613151729107, 0.321627229452, 1.00007593632, 0.904146015644, 0.377307683229, 0.233086153865, 0.170383691788, 0.161351829767, 0.115436591208, 0.0884380564094, 0.0571371652186, 0.0171996150166, 0.00584524590522, 0.00428963871673, 0.00188715348486, 0.000817368447315, 0.000324560387526, 0.000213724400965, 6.57361524645e-05, 6.21613571639e-06, 1.30793314383e-05, 2.34079470829e-05],
        "var": [0.0109868561849, 4.68952989578, 58.9262390137, 55.3974761963, 3816.81933594, 708.850341797, 3.04710865021, 1.16697394848, 0.64816737175, 10.1291828156, 11231.9130859, 2826.15014648, 572.501464844, 55.8367156982, 72.4706954956, 105.192749023, 1.44958519936, 36.4847373962, 822.864562988, 503.041687012, 347.429992676, 159.752227783, 29.2869758606, 24.5322284698, 9.42104434967, 2.352632761, 0.244068592787, 0.117605559528, 0.0160313267261, 0.000806601776276, 0.000116151350085, 0.00013180966198, 3.36545854225e-05, 1.01443838503e-05, 1.69092356828e-06, 5.99202394369e-07, 1.03404993013e-07, 1.36280817742e-08, 7.11680159249e-10, 3.51333517834e-10]
    },
    "gfcc": {
        "mean": [-38.4540176392, 176.397979736, -136.537216187, 38.1107368469, -14.7760543823, -5.07138872147, -11.1783514023, 6.80174732208, -13.3441133499, -23.5085010529, -35.2460021973, -26.2880210876, -5.61181974411],
        "cov": [[271.635742188, -8.85705375671, -108.771957397, -17.1617469788, -37.2031822205, -38.0687065125, -13.4288005829, 7.38067913055, -16.5869140625, -0.986109912395, -10.211938858, -12.3664255142, 5.73654079437], [-8.85705375671, 102.417312622, 10.8185157776, -6.92476081848, 16.8644523621, -17.2347126007, 12.8452205658, -12.1228780746, 22.718536377, -10.6947002411, 1.74519658089, -18.2230186462, -1.60226607323], [-108.771957397, 10.8185157776, 144.985900879, 9.89589881897, 11.692647934, 15.141245842, -2.68449044228, -3.29908514023, 13.1357288361, -5.218770504, 7.71290636063, 19.0559196472, -5.7938990593], [-17.1617469788, -6.92476081848, 9.89589881897, 70.5852508545, 42.5616874695, 14.836476326, 8.47522926331, 3.8736948967, -1.71321213245, -6.06676244736, 5.9814658165, 1.52433085442, 17.329240799], [-37.2031822205, 16.8644523621, 11.692647934, 42.5616874695, 79.9928512573, 32.9442405701, 11.8978338242, -12.4317293167, -10.3649663925, -12.5209512711, 7.33049106598, 6.89215183258, 18.751499176], [-38.0687065125, -17.2347126007, 15.141245842, 14.836476326, 32.9442405701, 58.5702781677, 19.0746154785, 6.97888088226, 2.40146136284, 8.49180793762, 12.0584344864, 10.1128644943, 9.42582416534], [-13.4288005829, 12.8452205658, -2.68449044228, 8.47522926331, 11.8978338242, 19.0746154785, 43.4864311218, 20.7733955383, 9.78360366821, 4.3194065094, 2.15254259109, 4.09285116196, 3.13468170166], [7.38067913055, -12.1228780746, -3.29908514023, 3.8736948967, -12.4317293167, 6.97888088226, 20.7733955383, 65.0590744019, 33.7792205811, 20.1227855682, 5.22088193893, -0.313312590122, -2.97143268585], [-16.5869140625, 22.718536377, 13.1357288361, -1.71321213245, -10.3649663925, 2.40146136284, 9.78360366821, 33.7792205811, 60.4710693359, 25.6502151489, -0.513116657734, -16.1710033417, -17.0496292114], [-0.986109912395, -10.6947002411, -5.218770504, -6.06676244736, -12.5209512711, 8.49180793762, 4.3194065094, 20.1227855682, 25.6502151489, 45.9292831421, 10.4603710175, -4.35112524033, -13.6917295456], [-10.211938858, 1.74519658089, 7.71290636063, 5.9814658165, 7.33049106598, 12.0584344864, 2.15254259109, 5.22088193893, -0.513116657734, 10.4603710175, 28.9083690643, 12.7334289551, 3.96730041504], [-12.3664255142, -18.2230186462, 19.0559196472, 1.52433085442, 6.89215183258, 10.1128644943, 4.09285116196, -0.313312590122, -16.1710033417, -4.35112524033, 12.7334289551, 47.827835083, 15.9980916977], [5.73654079437, -1.60226607323, -5.7938990593, 17.329240799, 18.751499176, 9.42582416534, 3.13468170166, -2.97143268585, -17.0496292114, -13.6917295456, 3.96730041504, 15.9980916977, 33.2800750732]],
        "icov": [[0.00604264065623, -0.0016927937977, 0.0042265150696, -0.000967657775618, 0.00235414248891, 0.000616345088929, 0.00261106388643, -0.00248485524207, 0.00255609094165, -0.000515585474204, 0.00137382582761, -0.000817623222247, -0.000525536772329], [-0.0016927937977, 0.0326633118093, -0.00460051838309, 0.0154565582052, -0.0165737774223, 0.0237760301679, -0.0224584508687, 0.0179211143404, -0.0263158623129, 0.011070234701, -0.0210460405797, 0.0152885420248, -0.0144329555333], [0.0042265150696, -0.00460051838309, 0.0124868024141, -0.00439263321459, 0.00372231937945, -0.00519669987261, 0.00641284231097, -0.00164921628311, -0.000885294517502, 0.00324319815263, 0.0019171978347, -0.0082686515525, 0.00676141446456], [-0.000967657775618, 0.0154565582052, -0.00439263321459, 0.031238976866, -0.0205026194453, 0.0147769553587, -0.0112129356712, 0.00432170275599, -0.0119879553095, 0.00382124097086, -0.0122136073187, 0.0122073097154, -0.0162929501384], [0.00235414248891, -0.0165737774223, 0.00372231937945, -0.0205026194453, 0.0361156053841, -0.0235977657139, 0.00855445768684, -0.00174179614987, 0.0112938163802, 0.000414120208006, 0.00808438844979, -0.0070932097733, 0.00389563036151], [0.000616345088929, 0.0237760301679, -0.00519669987261, 0.0147769553587, -0.0235977657139, 0.0477161221206, -0.0250114835799, 0.0115663614124, -0.0169786699116, -0.000961368030403, -0.0196930021048, 0.011302777566, -0.0165702439845], [0.00261106388643, -0.0224584508687, 0.00641284231097, -0.0112129356712, 0.00855445768684, -0.0250114835799, 0.0488700903952, -0.0229350309819, 0.0166005399078, -0.00459842244163, 0.0181370805949, -0.0140917031094, 0.012261535041], [-0.00248485524207, 0.0179211143404, -0.00164921628311, 0.00432170275599, -0.00174179614987, 0.0115663614124, -0.0229350309819, 0.0393775515258, -0.0297251585871, 0.00349513744004, -0.0144952675328, 0.00497899809852, -0.0123206945136], [0.00255609094165, -0.0263158623129, -0.000885294517502, -0.0119879553095, 0.0112938163802, -0.0169786699116, 0.0166005399078, -0.0297251585871, 0.0572715587914, -0.021857438609, 0.0211362484843, -0.00242306967266, 0.0176017116755], [-0.000515585474204, 0.011070234701, 0.00324319815263, 0.00382124097086, 0.000414120208006, -0.000961368030403, -0.00459842244163, 0.00349513744004, -0.021857438609, 0.0441233366728, -0.0211920849979, 0.00277831871063, 0.008126613684], [0.00137382582761, -0.0210460405797, 0.0019171978347, -0.0122136073187, 0.00808438844979, -0.0196930021048, 0.0181370805949, -0.0144952675328, 0.0211362484843, -0.0211920849979, 0.0618166327477, -0.0206442903727, 0.00812780298293], [-0.000817623222247, 0.0152885420248, -0.0082686515525, 0.0122073097154, -0.0070932097733, 0.011302777566, -0.0140917031094, 0.00497899809852, -0.00242306967266, 0.00277831871063, -0.0206442903727, 0.0415789410472, -0.0219765268266], [-0.000525536772329, -0.0144329555333, 0.00676141446456, -0.0162929501384, 0.00389563036151, -0.0165702439845, 0.012261535041, -0.0123206945136, 0.0176017116755, 0.008126613684, 0.00812780298293, -0.0219765268266, 0.0613042190671]]
    },
    "melbands": {
        "dmean": [0.00132624688558, 0.00286296708509, 0.00283824116923, 0.00374446203932, 0.000122470330098, 2.08247092814e-05, 1.07813229988e-05, 1.73787393578e-05, 0.000591397052631, 0.000170269748196, 8.49156131153e-05, 2.56252478721e-05, 1.46251149999e-05, 2.98641680274e-05, 6.35912965663e-06, 2.30347995966e-06, 8.93578271643e-06, 2.98889954138e-05, 1.1768686818e-05, 1.97236640815e-05, 1.31729939312e-05, 9.31221256906e-06, 5.74603018322e-06, 3.52386541635e-06, 2.99542830362e-06, 1.3590558865e-06, 1.09151267225e-06, 5.04524280132e-07, 1.76968086407e-07, 2.25964853939e-07, 1.21138825193e-07, 5.84920023528e-08, 2.99206774912e-08, 6.04874506038e-09, 4.62828575465e-09, 4.15835765821e-09, 3.49831119628e-09, 2.33112240622e-09, 2.08966732806e-09, 1.12553544263e-09],
        "dmean2": [0.00230715307407, 0.00457779504359, 0.00475383317098, 0.00646403478459, 0.000215983105591, 3.72059330402e-05, 1.8439392079e-05, 2.96719572361e-05, 0.000924624851905, 0.00028515883605, 0.000137236100272, 3.98313131882e-05, 2.33028149523e-05, 4.77402973047e-05, 1.01219966382e-05, 3.81160225515e-06, 1.45815620272e-05, 4.74246444355e-05, 1.94825515791e-05, 3.09968418151e-05, 2.13030943996e-05, 1.58581260621e-05, 9.68656877376e-06, 6.11190716882e-06, 5.11446751261e-06, 2.2520573566e-06, 1.8680532321e-06, 8.16220108391e-07, 2.90648330292e-07, 3.64680147413e-07, 1.89518189586e-07, 9.2513495531e-08, 4.87155240592e-08, 9.45895806126e-09, 7.56000417823e-09, 6.79876954734e-09, 5.72226088735e-09, 3.99781674432e-09, 3.44171291466e-09, 1.86334814245e-09],
        "dvar": [1.82049245723e-06, 5.71145392314e-06, 5.5224982134e-06, 9.55433642957e-06, 9.99429339288e-09, 4.31104485443e-10, 1.13145930125e-10, 2.36228286932e-10, 3.72362137568e-07, 3.10058894115e-08, 8.97780161324e-09, 6.40183128731e-10, 1.90989737914e-10, 8.63442928267e-10, 4.75121504639e-11, 6.89042009214e-12, 1.09109839219e-10, 1.02699149185e-09, 2.66644151203e-10, 5.52003998067e-10, 1.72220279704e-10, 9.59137075318e-11, 2.74727775251e-11, 1.27584783016e-11, 7.71973197172e-12, 2.45814805143e-12, 1.48426811206e-12, 3.53667182346e-13, 3.80134901963e-14, 5.50221252295e-14, 1.3223529395e-14, 2.88767655993e-15, 1.28872865375e-15, 5.24937518666e-17, 2.11676610631e-17, 3.25637746843e-17, 4.74273400979e-17, 1.54789513934e-17, 1.06870709438e-17, 3.01594311317e-18],
        "dvar2": [5.08803123012e-06, 1.37647966767e-05, 1.52106777023e-05, 2.47664902417e-05, 2.57226613343e-08, 1.14736364853e-09, 3.1680952306e-10, 6.42263409123e-10, 9.35742889396e-07, 8.16250889102e-08, 1.91861122545e-08, 1.51243484403e-09, 4.48184572788e-10, 1.78252979044e-09, 1.25236765403e-10, 1.74977202866e-11, 2.74383654686e-10, 2.11911399539e-09, 5.51960144257e-10, 1.53301471517e-09, 3.96376320655e-10, 2.49561094012e-10, 7.51193829363e-11, 3.48381046233e-11, 2.15121687824e-11, 5.48717972101e-12, 4.11148589133e-12, 1.00943548225e-12, 9.63676363643e-14, 1.46683677032e-13, 3.48770356129e-14, 7.12106189174e-15, 3.52546335834e-15, 1.24965708854e-16, 5.04789814312e-17, 7.26474946395e-17, 1.20438211872e-16, 3.89999512253e-17, 2.6494864681e-17, 6.2267637748e-18],
        "max": [0.00870552193373, 0.0181736908853, 0.0166037864983, 0.0184508506209, 0.000612229749095, 0.000138733332278, 8.72605669429e-05, 0.000108442276542, 0.006004139781, 0.00154972274322, 0.000982937053777, 0.000266964460025, 9.89098116406e-05, 0.000230759469559, 5.33939673915e-05, 2.42661881202e-05, 8.10851488495e-05, 0.000281884218566, 0.000154838358867, 0.00019644650456, 0.000125873018987, 9.68869208009e-05, 4.7523946705e-05, 2.95739318972e-05, 2.13421972148e-05, 1.56597907335e-05, 1.39018047776e-05, 5.1370170695e-06, 1.59804562827e-06, 1.90253581422e-06, 1.04279934021e-06, 4.58189987285e-07, 3.80442486403e-07, 8.80118449231e-08, 4.42962608815e-08, 8.01520414484e-08, 8.85832136532e-08, 4.23527204418e-08, 2.53350460611e-08, 1.92685440936e-08],
        "mean": [0.00191818398889, 0.00504183769226, 0.00403702398762, 0.0051616281271, 0.000172457061126, 2.53587022598e-05, 1.74729993887e-05, 2.89560703095e-05, 0.00115441251546, 0.000312854739605, 0.00014806719264, 5.20340654475e-05, 2.88260998786e-05, 5.99938466621e-05, 1.27282301037e-05, 4.74148873764e-06, 1.60813906405e-05, 5.90992494836e-05, 2.83983154077e-05, 3.79201046599e-05, 2.82581477222e-05, 1.9635688659e-05, 1.16863393487e-05, 7.5684802141e-06, 6.84872566126e-06, 3.52368010681e-06, 2.32862907978e-06, 1.15742579965e-06, 4.27340381748e-07, 5.47515071503e-07, 3.38296700875e-07, 1.54254664153e-07, 6.47964597533e-08, 1.45122918127e-08, 1.20408696347e-08, 9.85851400515e-09, 8.46077163885e-09, 5.54431789368e-09, 4.15677270382e-09, 2.56765630979e-09],
        "median": [0.00150180095807, 0.0042939549312, 0.00326217245311, 0.00424717087299, 0.000141568612889, 1.7971098714e-05, 1.37048900797e-05, 2.28636472457e-05, 0.000861216511112, 0.000243239221163, 0.000122004894365, 4.18398194597e-05, 2.43995054916e-05, 4.6418634156e-05, 9.94483889372e-06, 3.96210452891e-06, 1.25716642287e-05, 3.84137565561e-05, 1.87112491403e-05, 2.88573410216e-05, 2.30566747632e-05, 1.65218425536e-05, 1.00383140307e-05, 6.37145831206e-06, 5.76489264859e-06, 2.56132420873e-06, 1.7217766981e-06, 8.51467518714e-07, 3.7073144199e-07, 4.71204515406e-07, 3.10130843673e-07, 1.40845457963e-07, 5.10147835087e-08, 1.16612675072e-08, 1.01793533602e-08, 8.143602237e-09, 7.07372205255e-09, 4.33011981826e-09, 2.9362923204e-09, 1.87673454555e-09],
        "min": [0.000101491852547, 8.7954729679e-05, 0.000123918332974, 0.000170769606484, 8.96540404938e-06, 1.556614734e-06, 5.13828410931e-07, 3.24674874719e-06, 8.35841547087e-06, 7.35240473659e-06, 6.63058062855e-06, 2.7561504794e-06, 4.18682202508e-06, 3.03605952467e-06, 1.17719548598e-06, 7.73571343871e-07, 9.59151748248e-07, 1.03329455214e-06, 5.69096982872e-07, 6.53456027067e-07, 1.21050891266e-06, 9.65264575825e-07, 5.76197692226e-07, 2.41100764242e-07, 1.82947928806e-07, 1.30256182729e-07, 1.0988001975e-07, 1.00817921123e-07, 8.26824688716e-08, 5.03356112347e-08, 4.91237308609e-08, 3.3835448221e-08, 1.38074982559e-08, 3.01297298222e-09, 3.19029136442e-09, 3.20082338412e-09, 2.1048589538e-09, 8.76587136212e-10, 8.62924787182e-10, 5.24291110526e-10],
        "var": [2.24960854212e-06, 1.28990468511e-05, 8.59644660522e-06, 1.31285805764e-05, 1.33772699584e-08, 5.09313091701e-10, 1.70062491867e-10, 4.13655359965e-10, 1.16725937005e-06, 7.22400628206e-08, 1.58354076518e-08, 1.48753542817e-09, 3.55511231565e-10, 2.19826357117e-09, 9.48583503413e-11, 1.065371142e-11, 1.46277781554e-10, 3.15444714794e-09, 7.46527728523e-10, 1.00324581975e-09, 3.78742093243e-10, 1.76476513958e-10, 5.91411850048e-11, 2.52101083065e-11, 1.78936865325e-11, 7.61727573378e-12, 3.62900790148e-12, 7.91060847469e-13, 6.70750144338e-14, 1.0998472776e-13, 3.64470687788e-14, 6.90916389449e-15, 2.07203486546e-15, 8.68981556151e-17, 4.34338411407e-17, 4.85083328096e-17, 5.05662522945e-17, 1.92538397496e-17, 1.45828418204e-17, 5.44404949685e-18]
    },
    "mfcc": {
        "mean": [-679.325744629, 199.30569458, -41.7731628418, 53.2192955017, 13.3949966431, 8.59845542908, 8.33961677551, 19.3777618408, 25.7155990601, 8.5844669342, -4.7925825119, -12.4800519943, -19.1864185333],
        "cov": [[366.129608154, -36.0352020264, -113.186080933, -4.9977812767, -44.2690200806, -56.6794319153, -6.58482170105, -30.2422389984, 1.36691892147, 2.53463792801, -24.305393219, -28.6748142242, -0.689788281918], [-36.0352020264, 107.766227722, 8.8360080719, -0.440343230963, -4.84480333328, 6.10770225525, -15.3620967865, 4.0480890274, -5.39578151703, 5.5958533287, 9.60047245026, -0.261041760445, -3.62674665451], [-113.186080933, 8.8360080719, 111.867263794, -3.81729674339, 9.95329666138, 6.04056501389, -16.1574401855, 11.587641716, -1.43838250637, -5.37375593185, 17.511182785, 24.5522766113, -2.81555247307], [-4.9977812767, -0.440343230963, -3.81729674339, 61.2528648376, 21.8744430542, 6.15512800217, 9.25042438507, 8.46898365021, 9.26624202728, -2.47869801521, -3.02973222733, -4.90294361115, -2.97035598755], [-44.2690200806, -4.84480333328, 9.95329666138, 21.8744430542, 68.3511047363, 27.0082206726, 16.3155250549, 7.18495321274, 2.36862707138, -7.12535572052, -3.68636775017, 3.67722082138, -0.613527655602], [-56.6794319153, 6.10770225525, 6.04056501389, 6.15512800217, 27.0082206726, 62.522518158, 20.8385677338, 5.58728933334, -3.68434286118, -1.2294703722, -3.39039874077, -8.61647224426, 5.53919553757], [-6.58482170105, -15.3620967865, -16.1574401855, 9.25042438507, 16.3155250549, 20.8385677338, 53.4711685181, 16.2944431305, 1.80523169041, -3.8079855442, -13.5598335266, -12.268283844, 6.31186056137], [-30.2422389984, 4.0480890274, 11.587641716, 8.46898365021, 7.18495321274, 5.58728933334, 16.2944431305, 47.536781311, 17.6948204041, -0.50543564558, -2.09808778763, -0.185143023729, 4.25942087173], [1.36691892147, -5.39578151703, -1.43838250637, 9.26624202728, 2.36862707138, -3.68434286118, 1.80523169041, 17.6948204041, 43.7078285217, 18.9213733673, 6.65735673904, 8.42998313904, -1.06785273552], [2.53463792801, 5.5958533287, -5.37375593185, -2.47869801521, -7.12535572052, -1.2294703722, -3.8079855442, -0.50543564558, 18.9213733673, 49.5227012634, 25.0387878418, 7.87868642807, -1.25197386742], [-24.305393219, 9.60047245026, 17.511182785, -3.02973222733, -3.68636775017, -3.39039874077, -13.5598335266, -2.09808778763, 6.65735673904, 25.0387878418, 50.0734825134, 26.8736000061, -2.01326036453], [-28.6748142242, -0.261041760445, 24.5522766113, -4.90294361115, 3.67722082138, -8.61647224426, -12.268283844, -0.185143023729, 8.42998313904, 7.87868642807, 26.8736000061, 53.943447113, 9.38447380066], [-0.689788281918, -3.62674665451, -2.81555247307, -2.97035598755, -0.613527655602, 5.53919553757, 6.31186056137, 4.25942087173, -1.06785273552, -1.25197386742, -2.01326036453, 9.38447380066, 38.9072685242]],
