{
"lowlevel": {
    "average_loudness": 0.98652368784,
    "barkbands_crest": {
        "dmean": 3.03688573837,
        "dmean2": 5.24249458313,
        "dvar": 5.9124212265,
        "dvar2": 16.7234172821,
        "max": 19.3404140472,
        "mean": 8.81751728058,
        "median": 8.24970912933,
        "min": 3.61760449409,
        "var": 9.11271476746
    },
    "barkbands_flatness_db": {
        "dmean": 0.0187946110964,
        "dmean2": 0.0315021425486,
        "dvar": 0.00020571378991,
        "dvar2": 0.000592784839682,
        "max": 0.226828947663,
        "mean": 0.169897034764,
        "median": 0.168847903609,
        "min": 0.0929884389043,
        "var": 0.00032403334626
    },
    "barkbands_kurtosis": {
        "dmean": 0.978944480419,
        "dmean2": 1.70882725716,
        "dvar": 1.08869946003,
        "dvar2": 3.09279465675,
        "max": 5.16900539398,
        "mean": -0.637979090214,
        "median": -1.04849660397,
        "min": -1.81844353676,
        "var": 1.29311025143
    },
    "barkbands_skewness": {
        "dmean": 0.542038917542,
        "dmean2": 0.915181577206,
        "dvar": 0.173957705498,
        "dvar2": 0.528887867928,
        "max": 2.47127914429,
        "mean": 0.745276808739,
        "median": 0.708634078503,
        "min": -0.72274440527,
        "var": 0.315161764622
    },
    "barkbands_spread": {
        "dmean": 5.3236951828,
        "dmean2": 8.83309459686,
        "dvar": 17.2008361816,
        "dvar2": 48.9148902893,
        "max": 47.2813529968,
        "mean": 30.7859725952,
        "median": 31.4482650757,
        "min": 14.412276268,
        "var": 32.6407432556
    },
    "dissonance": {
        "dmean": 0.00887040235102,
        "dmean2": 0.0146813150495,
        "dvar": 0.000125980615849,
        "dvar2": 0.000193516665604,
        "max": 0.499890297651,
        "mean": 0.48510286212,
        "median": 0.486389607191,
        "min": 0.274957150221,
        "var": 0.000163898715982
    },
    "dynamic_complexity": 0.901480615139,
    "erbbands_crest": {
        "dmean": 3.00780034065,
        "dmean2": 5.0776257515,
        "dvar": 6.3525557518,
        "dvar2": 17.9542942047,
        "max": 25.9353294373,
        "mean": 10.6950092316,
        "median": 10.2334403992,
        "min": 5.02837705612,
        "var": 9.18988037109
    },
    "erbbands_flatness_db": {
        "dmean": 0.0170913673937,
        "dmean2": 0.0287548750639,
        "dvar": 0.000174045402673,
        "dvar2": 0.000480720540509,
        "max": 0.276280015707,
        "mean": 0.231910824776,
        "median": 0.23236887157,
        "min": 0.167001917958,
        "var": 0.000301470368868
    },
    "erbbands_kurtosis": {
        "dmean": 1.68730056286,
        "dmean2": 2.74986076355,
        "dvar": 1.99456477165,
        "dvar2": 5.46030807495,
        "max": 9.81750297546,
        "mean": 1.58873975277,
        "median": 1.26395940781,
        "min": -1.44733715057,
        "var": 3.49704766273
    },
    "erbbands_skewness": {
        "dmean": 0.392538428307,
        "dmean2": 0.636949777603,
        "dvar": 0.0930526480079,
        "dvar2": 0.256544291973,
        "max": -0.0342132300138,
        "mean": -1.21122825146,
        "median": -1.21180975437,
        "min": -2.95685052872,
        "var": 0.184260398149
    },
    "erbbands_spread": {
        "dmean": 7.57991981506,
        "dmean2": 12.6671409607,
        "dvar": 33.2112121582,
        "dvar2": 104.692298889,
        "max": 51.0617179871,
        "mean": 26.2142219543,
        "median": 24.8730716705,
        "min": 8.30571842194,
        "var": 70.6315307617
    },
    "hfc": {
        "dmean": 9.87163162231,
        "dmean2": 15.8740978241,
        "dvar": 72.041267395,
        "dvar2": 186.98147583,
        "max": 95.6966552734,
        "mean": 32.415851593,
        "median": 30.1611785889,
        "min": 1.31970989704,
        "var": 155.937667847
    },
    "melbands_crest": {
        "dmean": 3.98626089096,
        "dmean2": 6.78054380417,
        "dvar": 8.66734695435,
        "dvar2": 23.3075962067,
        "max": 26.8325920105,
        "mean": 13.8101320267,
        "median": 13.5294647217,
        "min": 5.43090724945,
        "var": 16.229845047
    },
    "melbands_flatness_db": {
        "dmean": 0.0276691988111,
        "dmean2": 0.0462776012719,
        "dvar": 0.000420340657001,
        "dvar2": 0.00128892366774,
        "max": 0.327327042818,
        "mean": 0.245730891824,
        "median": 0.244413241744,
        "min": 0.163733929396,
        "var": 0.000723370641936
    },
    "melbands_kurtosis": {
        "dmean": 3.67951774597,
        "dmean2": 6.35118436813,
        "dvar": 12.0427980423,
        "dvar2": 34.960395813,
        "max": 21.6958045959,
        "mean": 3.82588529587,
        "median": 2.80602836609,
        "min": -1.60838580132,
        "var": 16.0051593781
    },
    "melbands_skewness": {
        "dmean": 0.739544928074,
        "dmean2": 1.26516461372,
        "dvar": 0.335442781448,
        "dvar2": 0.994472384453,
        "max": 4.48946094513,
        "mean": 2.03220868111,
        "median": 1.9910595417,
        "min": 0.177942335606,
        "var": 0.572829306126
    },
    "melbands_spread": {
        "dmean": 11.2613973618,
        "dmean2": 18.9063796997,
        "dvar": 72.9478912354,
        "dvar2": 214.503921509,
        "max": 67.7191467285,
        "mean": 34.2616271973,
        "median": 33.4473991394,
        "min": 10.195148468,
        "var": 136.388183594
    },
    "pitch_salience": {
        "dmean": 0.0880167931318,
        "dmean2": 0.145243495703,
        "dvar": 0.0040072328411,
        "dvar2": 0.0115053746849,
        "max": 0.866160869598,
        "mean": 0.550250411034,
        "median": 0.560169398785,
        "min": 0.303181290627,
        "var": 0.00758549710736
    },
    "silence_rate_20dB": {
        "dmean": 0,
        "dmean2": 0,
        "dvar": 0,
        "dvar2": 0,
        "max": 1,
        "mean": 1,
        "median": 1,
        "min": 1,
        "var": 0
    },
    "silence_rate_30dB": {
        "dmean": 0,
        "dmean2": 0,
        "dvar": 0,
        "dvar2": 0,
        "max": 1,
        "mean": 1,
        "median": 1,
        "min": 1,
        "var": 0
    },
    "silence_rate_60dB": {
        "dmean": 0,
        "dmean2": 0,
        "dvar": 0,
        "dvar2": 0,
        "max": 0,
        "mean": 0,
        "median": 0,
        "min": 0,
        "var": 0
    },
    "spectral_centroid": {
        "dmean": 226.403930664,
        "dmean2": 373.381530762,
        "dvar": 32420.5371094,
        "dvar2": 83870.328125,
        "max": 2253.18237305,
        "mean": 1603.12561035,
        "median": 1616.73999023,
        "min": 796.127990723,
        "var": 69894.671875
    },
    "spectral_complexity": {
        "dmean": 3.65111112595,
        "dmean2": 5.79287290573,
        "dvar": 8.6582736969,
        "dvar2": 20.988286972,
        "max": 42,
        "mean": 28.9467849731,
        "median": 29,
        "min": 1,
        "var": 19.6823425293
    },
    "spectral_decrease": {
        "dmean": 3.23556026416e-09,
        "dmean2": 5.51679679717e-09,
        "dvar": 5.38369715859e-18,
        "dvar2": 1.56456497935e-17,
        "max": -2.40001768459e-10,
        "mean": -1.02758574982e-08,
        "median": -1.03352597591e-08,
        "min": -1.92982234637e-08,
        "var": 8.50738137372e-18
    },
    "spectral_energy": {
        "dmean": 0.0126705784351,
        "dmean2": 0.0216161496937,
        "dvar": 8.21773937787e-05,
        "dvar2": 0.000232363250689,
        "max": 0.076073884964,
        "mean": 0.0417235642672,
        "median": 0.0418028198183,
        "min": 0.00102552492172,
        "var": 0.000135137976031
    },
    "spectral_energyband_high": {
        "dmean": 8.29397977213e-05,
        "dmean2": 0.000126587765408,
        "dvar": 5.32848876134e-09,
        "dvar2": 1.15903482367e-08,
        "max": 0.00103648961522,
        "mean": 0.000373680493794,
        "median": 0.0003389341,
        "min": 1.11965764518e-05,
        "var": 2.41506068477e-08
    },
    "spectral_energyband_low": {
        "dmean": 0.0099278781563,
        "dmean2": 0.0172388702631,
        "dvar": 6.59242359689e-05,
        "dvar2": 0.00018700704095,
        "max": 0.0511444434524,
        "mean": 0.0170640312135,
        "median": 0.0158500242978,
        "min": 0.000142336866702,
        "var": 8.63611421664e-05
    },
    "spectral_energyband_middle_high": {
        "dmean": 0.00477787153795,
        "dmean2": 0.00783798377961,
        "dvar": 1.66591653397e-05,
        "dvar2": 4.53529683e-05,
        "max": 0.0381152778864,
        "mean": 0.0129875279963,
        "median": 0.0119729740545,
        "min": 0.000550244061742,
        "var": 3.34006435878e-05
    },
    "spectral_energyband_middle_low": {
        "dmean": 0.00479415198788,
        "dmean2": 0.00808463618159,
        "dvar": 2.1613572244e-05,
        "dvar2": 6.1068290961e-05,
        "max": 0.0443800501525,
        "mean": 0.0121846329421,
        "median": 0.0105145275593,
        "min": 0.000318780599628,
        "var": 4.37664020865e-05
    },
    "spectral_entropy": {
        "dmean": 0.0975507572293,
        "dmean2": 0.163681656122,
        "dvar": 0.00601177522913,
        "dvar2": 0.0150022674352,
        "max": 8.12864589691,
        "mean": 7.33161973953,
        "median": 7.32749509811,
        "min": 6.98172569275,
        "var": 0.0117693627253
    },
    "spectral_flux": {
        "dmean": 0.0211363416165,
        "dmean2": 0.0346178412437,
        "dvar": 0.000262522255071,
        "dvar2": 0.000719932664651,
        "max": 0.190795570612,
        "mean": 0.119899243116,
        "median": 0.119101092219,
        "min": 0.0599683634937,
        "var": 0.000496449414641
    },
    "spectral_kurtosis": {
        "dmean": 3.967918396,
        "dmean2": 7.05746507645,
        "dvar": 8.7627954483,
        "dvar2": 26.1309146881,
        "max": 23.0190143585,
        "mean": 7.07387304306,
        "median": 6.78615283966,
        "min": 0.672973155975,
        "var": 13.2625455856
    },
    "spectral_rms": {
        "dmean": 0.000991694745608,
        "dmean2": 0.00168893637601,
        "dvar": 5.43214127902e-07,
        "dvar2": 1.46157276504e-06,
        "max": 0.00861501134932,
        "mean": 0.00631055608392,
        "median": 0.00638617528602,
        "min": 0.00100025604479,
        "var": 8.82800577529e-07
    },
    "spectral_rolloff": {
        "dmean": 403.34072876,
        "dmean2": 702.922241211,
        "dvar": 153649.078125,
        "dvar2": 389561.375,
        "max": 2562.45117188,
        "mean": 1864.55541992,
        "median": 1765.72265625,
        "min": 236.865234375,
        "var": 218590.390625
    },
    "spectral_skewness": {
        "dmean": 0.348991841078,
        "dmean2": 0.625820636749,
        "dvar": 0.0750797092915,
        "dvar2": 0.216062992811,
        "max": 3.79458642006,
        "mean": 1.30775499344,
        "median": 1.28562796116,
        "min": 0.568127214909,
        "var": 0.121700376272
    },
    "spectral_spread": {
        "dmean": 216167.25,
        "dmean2": 346850.5,
        "dvar": 190079778816,
        "dvar2": 137561489408,
        "max": 13638262,
        "mean": 2211521.75,
        "median": 2160075,
        "min": 1687917.125,
        "var": 351479201792
    },
    "spectral_strongpeak": {
        "dmean": 0.640585303307,
        "dmean2": 1.19438612461,
        "dvar": 2.37662553787,
        "dvar2": 6.8728427887,
        "max": 13.576169014,
        "mean": 0.607272624969,
        "median": 0.304313749075,
        "min": 0,
        "var": 1.43049609661
    },
    "zerocrossingrate": {
        "dmean": 0.00647352449596,
        "dmean2": 0.00874991342425,
        "dvar": 2.52650152106e-05,
        "dvar2": 4.8770714784e-05,
        "max": 0.07763671875,
        "mean": 0.0539653636515,
        "median": 0.05419921875,
        "min": 0.01416015625,
        "var": 9.03202308109e-05
    },
    "barkbands": {
        "dmean": [0.000136704664328, 0.00829320959747, 0.00346020143479, 0.0015694918111, 0.00347104575485, 0.00051202357281, 0.00147098151501, 0.000366729131201, 0.000200245034648, 0.000186868273886, 0.000214780913666, 0.000222709975787, 0.000320542312693, 0.00258953380398, 0.000841060536914, 0.000990112661384, 0.00199734256603, 0.000231910613365, 0.000131173277623, 3.87390318792e-05, 7.36962319934e-05, 7.23778430256e-06, 1.09179131869e-06, 4.86147200718e-07, 1.00652584933e-07, 8.21429679831e-08, 2.90383628254e-08],
        "dmean2": [0.000225184034207, 0.0145137012005, 0.00589470984414, 0.00282557378523, 0.00604668958113, 0.000869349227287, 0.00235373247415, 0.000621664978098, 0.000337636272889, 0.000314299453748, 0.000374714058125, 0.000379548233468, 0.000543150934391, 0.00440178858116, 0.00146888720337, 0.00170559331309, 0.00325360195711, 0.000372169772163, 0.000214463085285, 6.2878440076e-05, 0.000109267042717, 1.17471054182e-05, 2.01302577807e-06, 7.55609505632e-07, 1.59973154723e-07, 1.33918774736e-07, 4.138906462e-08],
        "dvar": [2.24871925525e-08, 5.01171889482e-05, 8.72951204656e-06, 3.31083629135e-06, 1.40835154525e-05, 3.07174559566e-07, 2.21534719458e-06, 1.31942272219e-07, 4.41994814082e-08, 3.50677495931e-08, 6.09274977137e-08, 8.11332654393e-08, 1.16005359985e-07, 5.39710299563e-06, 7.14255293133e-07, 1.07131586446e-06, 5.23804237673e-06, 5.39506892494e-08, 2.17664339885e-08, 2.99640068313e-09, 4.29413615777e-09, 5.67046964939e-11, 9.25848807343e-13, 7.39216196935e-13, 4.48979198817e-14, 3.74564338964e-14, 3.45417664198e-14],
        "dvar2": [5.73100642498e-08, 0.000144042875036, 2.53216458077e-05, 9.89528962236e-06, 3.95185961679e-05, 8.10999836176e-07, 5.88338525631e-06, 3.59824440466e-07, 1.14757575886e-07, 9.9828888267e-08, 1.77304414706e-07, 2.13866499621e-07, 3.02956607356e-07, 1.61642492458e-05, 2.21120035349e-06, 2.93803009299e-06, 1.2949529264e-05, 1.36542055884e-07, 5.53123733482e-08, 6.54940190969e-09, 8.97000074218e-09, 1.39501604712e-10, 2.48175373481e-12, 1.51021892474e-12, 6.55806043693e-14, 4.43140804e-14, 3.49226364786e-14],
        "max": [0.0013416815782, 0.0401979163289, 0.0202653221786, 0.0170182809234, 0.0310187377036, 0.00533055048436, 0.0146416313946, 0.00359386717901, 0.00218888022937, 0.00146738684271, 0.0026326905936, 0.00293464958668, 0.00264298310503, 0.0180681105703, 0.00594126945361, 0.00836755428463, 0.0243609044701, 0.00204770220444, 0.00141035043634, 0.000637882214505, 0.000956924224738, 9.2854264949e-05, 6.94097934684e-06, 1.28533192765e-05, 4.09350650443e-06, 4.10772690884e-06, 4.10123402617e-06],
        "mean": [0.000210705446079, 0.0116791855544, 0.00434183049947, 0.00181413104292, 0.00601481972262, 0.000846453185659, 0.00251683802344, 0.00057772861328, 0.000332263472956, 0.000291708507575, 0.000311221578158, 0.000315484532621, 0.000461481919046, 0.00448746420443, 0.0014341189526, 0.00171404262073, 0.00327525986359, 0.000456482957816, 0.000233403901802, 6.56602642266e-05, 0.000325773435179, 1.41259833981e-05, 1.73109867774e-06, 1.13068574592e-06, 2.7513019063e-07, 2.13551146544e-07, 1.06632128904e-07],
        "median": [0.000144762496348, 0.0101528046653, 0.00349984690547, 0.00114749814384, 0.0042964858003, 0.000690662593115, 0.0020447790157, 0.000490523991175, 0.000253857666394, 0.0002115231473, 0.000245951872785, 0.000232971360674, 0.000326116860379, 0.00375246768817, 0.00115798250772, 0.00139973789919, 0.00237455894239, 0.000366116233636, 0.000180458722753, 4.1330287786e-05, 0.000288681942038, 1.17171202874e-05, 1.4917208091e-06, 9.51794731918e-07, 2.39303062699e-07, 1.86183044093e-07, 9.25399419316e-08],
        "min": [1.63449044521e-06, 5.65477603232e-05, 3.47893001162e-05, 5.20183093613e-05, 0.000116539638839, 4.52297063021e-05, 1.71643532667e-05, 5.21132869835e-06, 5.41552890354e-06, 8.32044861454e-06, 6.26138989901e-06, 3.30879424837e-06, 3.6195240682e-05, 0.000119141688629, 4.84946322103e-05, 0.00012458783749, 0.000116059221909, 7.29498642613e-05, 1.21095017676e-05, 2.92170284411e-06, 8.46910916152e-06, 2.29469918622e-07, 3.11146720833e-07, 2.23006338729e-07, 7.49670618916e-08, 5.37031858983e-08, 3.45576083305e-08],
        "var": [4.13177261294e-08, 6.22599181952e-05, 1.25267924886e-05, 3.88667649531e-06, 2.66664173978e-05, 3.96839027417e-07, 3.51929611497e-06, 1.78911122362e-07, 7.03398086443e-08, 6.13101747149e-08, 6.09115531347e-08, 9.70051701188e-08, 1.70101969843e-07, 8.49769367051e-06, 9.17850400128e-07, 1.38282507578e-06, 7.78205321694e-06, 9.33257027214e-08, 3.1364130848e-08, 6.25538953969e-09, 2.19445510652e-08, 9.65079613446e-11, 9.5391479004e-13, 1.01424142522e-12, 5.17392660833e-14, 4.14461284845e-14, 3.67183632674e-14]
    },
    "erbbands": {
        "dmean": [0.197797819972, 2.08910083771, 4.43643426895, 3.76232719421, 7.68822574615, 16.7813224792, 4.45839214325, 5.61006975174, 20.6025543213, 18.0863609314, 6.15930128098, 4.56677627563, 6.15041255951, 5.54535388947, 5.56211042404, 10.234826088, 13.8944625854, 74.2940368652, 117.459671021, 32.9439239502, 51.1538619995, 125.063934326, 23.1955032349, 10.53474617, 3.1062579155, 1.68660140038, 2.04812145233, 3.65253543854, 0.33499148488, 0.0483337119222, 0.0331039503217, 0.0144407488406, 0.00593668734655, 0.0018556950381, 0.000450466817711, 0.000530163175426, 9.40149038797e-05, 2.39285436692e-05, 8.31802753964e-06, 1.43870565807e-05],
        "dmean2": [0.339745521545, 3.64980888367, 7.505235672, 6.71544790268, 13.6908626556, 28.8252353668, 7.83729457855, 9.53357315063, 33.2172584534, 30.4926624298, 10.5629711151, 7.70200824738, 10.4273376465, 9.63526916504, 9.47005176544, 17.2896327972, 23.6114196777, 127.787132263, 201.668075562, 59.067855835, 86.9166870117, 204.780044556, 35.9671897888, 17.9281902313, 4.91769790649, 2.82268166542, 3.19401240349, 5.30936574936, 0.528748452663, 0.0819190368056, 0.0601908490062, 0.0232734773308, 0.00944281835109, 0.00296019972302, 0.00069372553844, 0.000874444085639, 0.000146165228216, 3.67269276467e-05, 1.29550144266e-05, 2.45621249633e-05],
        "dvar": [0.0328236892819, 3.11215281487, 14.7266950607, 12.9155044556, 78.4243469238, 314.634063721, 20.8704204559, 39.9600906372, 423.966888428, 466.961090088, 38.6872291565, 20.9619922638, 41.9791908264, 44.4422454834, 40.9558792114, 175.193008423, 225.500762939, 5064.49951172, 11648.6855469, 1187.25292969, 3331.78686523, 22062.2480469, 497.197265625, 147.40562439, 15.072309494, 5.77570867538, 7.98265552521, 10.19439888, 0.0938925668597, 0.00187667354476, 0.000786695396528, 0.000344317086274, 0.000154851470143, 1.04333885247e-05, 1.74549643361e-06, 7.06414709839e-07, 1.09634754608e-07, 1.39846987324e-08, 6.55930698645e-10, 1.04937822321e-10],
        "dvar2": [0.0891269147396, 9.04037380219, 41.0237197876, 39.3796806335, 229.428649902, 866.74017334, 65.5395965576, 103.876625061, 1114.1907959, 1240.75390625, 109.549293518, 54.3018760681, 122.702613831, 129.297546387, 103.793823242, 460.311584473, 601.000549316, 14388.7919922, 36574.8046875, 3307.76416016, 8683.59179688, 55477.6875, 1156.04882812, 387.450134277, 33.5909729004, 13.2742156982, 16.0487136841, 22.2355804443, 0.229489669204, 0.00497483694926, 0.00219316082075, 0.000699352764059, 0.000333118456183, 1.93010946532e-05, 1.90881632989e-06, 1.01547368558e-06, 1.19075892258e-07, 1.47626009195e-08, 7.40998984394e-10, 2.88744472776e-10],
        "max": [1.20663011074, 10.4193973541, 26.6880950928, 26.7385807037, 61.0105781555, 136.335266113, 38.9392242432, 61.7477798462, 137.633239746, 216.104888916, 56.2088623047, 41.2202987671, 52.7050437927, 59.2658119202, 63.0011672974, 139.29385376, 125.968582153, 601.632568359, 862.88470459, 307.39364624, 575.953796387, 1529.19543457, 264.097930908, 111.33631897, 55.834236145, 31.3975772858, 32.6135864258, 50.6147575378, 3.46703934669, 0.483236163855, 0.190724387765, 0.293741852045, 0.174104988575, 0.0490312092006, 0.029539886862, 0.0173401124775, 0.00710302311927, 0.00252230651677, 0.000579014304094, 8.80991283339e-05],
        "mean": [0.286457896233, 2.74868488312, 5.92440843582, 5.0241189003, 11.8441333771, 26.1788806915, 7.63099193573, 9.45122337341, 31.4474220276, 29.1666889191, 10.7042102814, 7.71191835403, 9.98965549469, 9.75276851654, 9.63663101196, 16.3462238312, 23.0143604279, 121.224876404, 211.991409302, 62.9196891785, 97.8661117554, 197.130386353, 49.3341140747, 20.5157470703, 6.06744241714, 3.09929895401, 5.38381671906, 16.7915115356, 1.27118945122, 0.121392212808, 0.0565089136362, 0.0319903567433, 0.0133562302217, 0.00465641543269, 0.00136600399856, 0.00149563665036, 0.000227045820793, 4.63848809886e-05, 3.46399210684e-05, 5.14251551067e-05],
        "median": [0.218608155847, 2.36864089966, 4.71745634079, 4.08067750931, 7.92636394501, 18.1303405762, 6.67626428604, 7.57496213913, 23.2887363434, 21.6205749512, 8.49104976654, 6.02457904816, 7.72218322754, 8.1203918457, 8.14427661896, 12.2114629745, 17.4248943329, 95.8055496216, 179.057876587, 55.3724021912, 80.7309494019, 142.010406494, 40.8331184387, 16.4157161713, 4.39531183243, 2.07637929916, 4.19129419327, 14.7645244598, 1.1535422802, 0.106492891908, 0.0500422865152, 0.0277822781354, 0.0110978875309, 0.00405526254326, 0.00121889496222, 0.00133069395088, 0.000194233289221, 3.29473805323e-05, 3.28274145431e-05, 5.17466360179e-05],
        "min": [0.00240093632601, 0.0103985220194, 0.0348131172359, 0.122382484376, 0.35718780756, 0.492608457804, 0.532670736313, 0.465094566345, 0.282691955566, 0.195920497179, 0.133544385433, 0.132043287158, 0.157681539655, 0.282690018415, 0.245217964053, 0.19902355969, 1.62270689011, 4.1193447113, 6.21114492416, 1.17104434967, 10.0721940994, 5.53079366684, 4.94856405258, 0.784187376499, 0.574296414852, 0.146973624825, 0.314120054245, 0.273414552212, 0.0197228714824, 0.00887397862971, 0.0101308645681, 0.00627260375768, 0.00257709017023, 0.00102443597279, 0.000436265778262, 0.000417075207224, 5.58232386538e-05, 1.26873583213e-05, 1.18504121929e-05, 5.39448683412e-06],
        "var": [0.0511469431221, 3.75889348984, 21.2642822266, 15.9227409363, 129.763046265, 570.280883789, 26.3703250885, 50.7434120178, 631.26751709, 681.981018066, 55.9481277466, 35.390411377, 61.4301376343, 46.9180030823, 52.2116127014, 208.013290405, 340.180847168, 7605.91259766, 16600.3378906, 1394.89379883, 4359.08447266, 30844.5292969, 1021.0512085, 204.539321899, 29.712015152, 10.2653913498, 16.8291282654, 63.8679962158, 0.256520718336, 0.00304348464124, 0.000876492587849, 0.000552430865355, 0.000172887535882, 1.19052429e-05, 1.99143073587e-06, 9.14938198093e-07, 1.14097687742e-07, 1.43418228404e-08, 7.27196136641e-10, 1.87782678296e-10]
    },
    "gfcc": {
        "mean": [-3.00719022751, 162.1822052, -162.911407471, 52.348739624, -12.6799249649, -9.89170455933, -27.6961612701, -11.7389125824, 1.01039671898, 7.04099798203, -16.4739322662, -4.45859479904, 0.383707612753],
        "cov": [[255.967605591, 18.89585495, -57.8839797974, -4.82634830475, -10.544260025, -22.4065666199, 8.18785667419, 4.12128257751, -2.95902562141, -12.3362216949, 3.69822311401, -9.5071516037, -3.60648274422], [18.89585495, 74.6691818237, 17.108751297, 5.00043344498, 2.63089632988, -12.4128265381, 16.2527351379, -3.9785759449, 3.58092141151, -5.98236036301, 0.626065671444, -17.5629501343, -0.768514692783], [-57.8839797974, 17.108751297, 85.1346206665, 26.0122432709, 2.5298101902, 12.0958156586, -4.27543926239, -1.24165177345, 1.40881288052, -7.39715671539, -9.44918060303, -2.95271968842, 0.610978960991], [-4.82634830475, 5.00043344498, 26.0122432709, 43.4299468994, 19.7073898315, 2.15508365631, -0.253272086382, 1.99721217155, 0.833427369595, -10.3664598465, 3.84611868858, -2.6356215477, 0.623464345932], [-10.544260025, 2.63089632988, 2.5298101902, 19.7073898315, 61.6777687073, 23.443321228, 13.7125110626, 7.67140960693, 11.0360593796, 3.6769824028, 7.01757478714, 4.78129816055, -3.22416496277], [-22.4065666199, -12.4128265381, 12.0958156586, 2.15508365631, 23.443321228, 62.8630256653, 23.4361171722, 3.99837327003, 14.9206476212, 12.7226696014, 8.80839633942, 7.40943241119, 4.11058712006], [8.18785667419, 16.2527351379, -4.27543926239, -0.253272086382, 13.7125110626, 23.4361171722, 45.6502151489, 18.3343162537, 8.84707164764, 12.7536373138, 10.6752119064, 2.61916017532, 2.21492147446], [4.12128257751, -3.9785759449, -1.24165177345, 1.99721217155, 7.67140960693, 3.99837327003, 18.3343162537, 35.6824531555, 11.0653085709, 1.07042145729, 5.30325269699, 3.52733516693, -0.0486710816622], [-2.95902562141, 3.58092141151, 1.40881288052, 0.833427369595, 11.0360593796, 14.9206476212, 8.84707164764, 11.0653085709, 43.7692871094, 23.414691925, 3.38183140755, 9.15700054169, 1.45957815647], [-12.3362216949, -5.98236036301, -7.39715671539, -10.3664598465, 3.6769824028, 12.7226696014, 12.7536373138, 1.07042145729, 23.414691925, 47.6317138672, 15.2697000504, 10.5104408264, 3.29539418221], [3.69822311401, 0.626065671444, -9.44918060303, 3.84611868858, 7.01757478714, 8.80839633942, 10.6752119064, 5.30325269699, 3.38183140755, 15.2697000504, 37.6058273315, 10.4405508041, 3.43495154381], [-9.5071516037, -17.5629501343, -2.95271968842, -2.6356215477, 4.78129816055, 7.40943241119, 2.61916017532, 3.52733516693, 9.15700054169, 10.5104408264, 10.4405508041, 39.3664588928, 12.8144264221], [-3.60648274422, -0.768514692783, 0.610978960991, 0.623464345932, -3.22416496277, 4.11058712006, 2.21492147446, -0.0486710816622, 1.45957815647, 3.29539418221, 3.43495154381, 12.8144264221, 28.002614975]],
        "icov": [[0.00529127242044, -0.00238650664687, 0.00503370678052, -0.00272604171187, 0.00193782197312, -0.000323404703522, -0.000156785201398, -0.000796444481239, -0.000406107545132, 0.00132787181064, 0.000448124628747, -0.000326338631567, 0.000807713950053], [-0.00238650664687, 0.036394122988, -0.0166806597263, 0.014113759622, -0.00861254520714, 0.0244254693389, -0.0322326160967, 0.0248572845012, -0.0209037978202, 0.0180286988616, -0.0142221832648, 0.0184644330293, -0.00898036360741], [0.00503370678052, -0.0166806597263, 0.027821065858, -0.0211025755852, 0.00976022239774, -0.0165534801781, 0.0159090645611, -0.012471858412, 0.00959402695298, -0.00865976605564, 0.0127870580181, -0.00856582261622, 0.00519734621048], [-0.00272604171187, 0.014113759622, -0.0211025755852, 0.0477964356542, -0.0183380395174, 0.0161459203809, -0.0126941101626, 0.0123116550967, -0.0139388432726, 0.0188809577376, -0.0175659842789, 0.0119153754786, -0.00881685875356], [0.00193782197312, -0.00861254520714, 0.00976022239774, -0.0183380395174, 0.0277752578259, -0.0141315842047, 0.0050272946246, -0.00753266457468, 0.00295354309492, -0.00452188961208, 0.0050075748004, -0.00778423855081, 0.00839633587748], [-0.000323404703522, 0.0244254693389, -0.0165534801781, 0.0161459203809, -0.0141315842047, 0.0430898964405, -0.0349236987531, 0.0244740918279, -0.0213211849332, 0.0152544872835, -0.0139397736639, 0.0118858581409, -0.00893016997725], [-0.000156785201398, -0.0322326160967, 0.0159090645611, -0.0126941101626, 0.0050272946246, -0.0349236987531, 0.0685607492924, -0.0422621034086, 0.0256245844066, -0.0266180410981, 0.011048396118, -0.0124166551977, 0.00536332419142], [-0.000796444481239, 0.0248572845012, -0.012471858412, 0.0123116550967, -0.00753266457468, 0.0244740918279, -0.0422621034086, 0.0599259249866, -0.0291516538709, 0.0250202510506, -0.0154691869393, 0.0102561339736, -0.00465612206608], [-0.000406107545132, -0.0209037978202, 0.00959402695298, -0.0139388432726, 0.00295354309492, -0.0213211849332, 0.0256245844066, -0.0291516538709, 0.0529475733638, -0.0339465290308, 0.0181699935347, -0.01540091075, 0.00692135374993], [0.00132787181064, 0.0180286988616, -0.00865976605564, 0.0188809577376, -0.00452188961208, 0.0152544872835, -0.0266180410981, 0.0250202510506, -0.0339465290308, 0.0518530458212, -0.022995185107, 0.00809142272919, -0.00539143150672], [0.000448124628747, -0.0142221832648, 0.0127870580181, -0.0175659842789, 0.0050075748004, -0.0139397736639, 0.011048396118, -0.0154691869393, 0.0181699935347, -0.022995185107, 0.0446783080697, -0.0152766956016, 0.00477094529197], [-0.000326338631567, 0.0184644330293, -0.00856582261622, 0.0119153754786, -0.00778423855081, 0.0118858581409, -0.0124166551977, 0.0102561339736, -0.01540091075, 0.00809142272919, -0.0152766956016, 0.0442432723939, -0.0197767075151], [0.000807713950053, -0.00898036360741, 0.00519734621048, -0.00881685875356, 0.00839633587748, -0.00893016997725, 0.00536332419142, -0.00465612206608, 0.00692135374993, -0.00539143150672, 0.00477094529197, -0.0197767075151, 0.0462353341281]]
    },
    "melbands": {
        "dmean": [0.00203498080373, 0.00234987982549, 0.000699080759659, 0.000905582972337, 0.000265801063506, 0.000136483737151, 0.000296415237244, 0.000171529187355, 4.77332214359e-05, 2.88188421109e-05, 3.18759339279e-05, 2.25372878049e-05, 2.57861647697e-05, 1.58800485224e-05, 5.10944955749e-05, 1.56368096214e-05, 0.000171973719262, 0.000251627323451, 3.85984167224e-05, 6.43204912194e-05, 6.12148069195e-05, 0.00012666764087, 6.72916794429e-05, 9.43276609178e-06, 9.57512111199e-06, 3.17264084515e-06, 1.69902591551e-06, 1.13243879696e-06, 9.55999439611e-07, 2.1103767267e-06, 1.88672902368e-06, 2.17463082208e-07, 3.99180812849e-08, 2.16396038866e-08, 2.38684876308e-08, 1.05759365709e-08, 9.0385139373e-09, 5.15202325246e-09, 2.87576606972e-09, 1.2633759594e-09],
        "dmean2": [0.00358045543544, 0.00399824418128, 0.00125788024161, 0.00157941225916, 0.000459362519905, 0.000230962454225, 0.000477124267491, 0.000289210671326, 8.27789481264e-05, 4.87458637508e-05, 5.40896799066e-05, 3.88962507714e-05, 4.49415165349e-05, 2.66334336629e-05, 8.60318177729e-05, 2.66893639491e-05, 0.000297887861961, 0.000431248045061, 6.84243641444e-05, 0.000114313574159, 0.000104755097709, 0.000206158190849, 0.000109347740363, 1.55390971486e-05, 1.64682987815e-05, 5.09788878844e-06, 2.6646466722e-06, 1.92501624952e-06, 1.51254471348e-06, 3.08571952701e-06, 2.78128459286e-06, 3.49657995002e-07, 6.62998544954e-08, 3.87872987062e-08, 4.34135110083e-08, 1.87374471494e-08, 1.3886654493e-08, 8.14189959897e-09, 4.78457407027e-09, 2.01991623427e-09],
        "dvar": [3.2021930565e-06, 3.9060155359e-06, 4.88276725719e-07, 1.04986747829e-06, 6.71243611805e-08, 2.18889422143e-08, 8.83967032905e-08, 4.05865847597e-08, 2.46606979282e-09, 8.93162654947e-10, 1.13012332825e-09, 6.88222423495e-10, 8.44257663779e-10, 4.20579876481e-10, 3.33731775548e-09, 3.20603960047e-10, 2.76088503171e-08, 5.36764446224e-08, 1.54292678634e-09, 4.61100890803e-09, 5.03383335015e-09, 2.06560883953e-08, 6.47833431344e-09, 9.83475315075e-11, 1.25386936944e-10, 1.53018639426e-11, 8.40029868582e-12, 2.29947072668e-12, 2.02342786623e-12, 3.81856568935e-12, 2.73329752928e-12, 4.69920529897e-14, 1.88602283036e-15, 4.07976727767e-16, 4.28194901293e-16, 8.92165708185e-17, 2.36476511099e-16, 1.40517855805e-16, 1.76667084559e-17, 4.93074504927e-18],
        "dvar2": [8.90645424079e-06, 1.10401788334e-05, 1.43175634548e-06, 2.92958657155e-06, 1.95711010065e-07, 5.59429906843e-08, 2.31936155615e-07, 1.08399056842e-07, 6.99491620182e-09, 2.31151098262e-09, 3.29696470125e-09, 1.98876670687e-09, 2.31051600075e-09, 1.0606198142e-09, 9.12653419505e-09, 8.14043388253e-10, 7.67103713883e-08, 1.68011354162e-07, 4.78261341641e-09, 1.29634702972e-08, 1.30067467907e-08, 5.23597236679e-08, 1.57565658299e-08, 2.5731192177e-10, 3.31325022973e-10, 3.59401328143e-11, 1.84621987837e-11, 5.820906257e-12, 4.10425903333e-12, 7.80878660345e-12, 6.21799617004e-12, 1.187765164e-13, 4.79438097025e-15, 1.1160358941e-15, 1.22551310259e-15, 2.48147486912e-16, 4.43921576736e-16, 3.15001653386e-16, 3.97873080545e-17, 7.79719470547e-18],
        "max": [0.0108844554052, 0.0132745523006, 0.00663506379351, 0.00827733892947, 0.0019475313602, 0.00130053050816, 0.0022800557781, 0.00198464374989, 0.000427450198913, 0.00031629629666, 0.000266615330474, 0.000233239581576, 0.000305459689116, 0.000195269123651, 0.000463028409285, 0.000161525982548, 0.00140743039083, 0.00178829056676, 0.000295016710879, 0.000514707469847, 0.000725444289856, 0.00142927223351, 0.000915791781154, 8.47076298669e-05, 0.000100030505564, 3.74499468307e-05, 3.34228861902e-05, 2.01568436751e-05, 1.86348333955e-05, 2.81280772469e-05, 2.44993552769e-05, 2.24310338126e-06, 4.93780078159e-07, 1.75613180886e-07, 1.45958395592e-07, 7.65384911006e-08, 2.64823512452e-07, 1.61329182902e-07, 5.78725050104e-08, 3.9411293784e-08],
        "mean": [0.00291884480976, 0.00338914222084, 0.00101571471896, 0.00152113009244, 0.000447027763585, 0.000224223709665, 0.000480943825096, 0.00027237762697, 7.51175684854e-05, 4.64626464236e-05, 5.04636082042e-05, 3.98144766223e-05, 3.97641560994e-05, 2.37770109379e-05, 7.43498894735e-05, 2.41814868787e-05, 0.000266757037025, 0.000444758596132, 7.16486101737e-05, 0.000101522113255, 0.000108170592284, 0.000202912822715, 0.000110293141915, 1.87064488273e-05, 1.66147237906e-05, 5.40718974662e-06, 2.56666544374e-06, 1.85656676877e-06, 1.83282656963e-06, 8.53676010593e-06, 8.35314313008e-06, 4.15182881852e-07, 7.91083394347e-08, 3.47766686559e-08, 3.44447137479e-08, 2.01204137795e-08, 1.91978770658e-08, 1.01922070783e-08, 5.91392312899e-09, 2.93357627079e-09],
        "median": [0.0023405936081, 0.0029048055876, 0.000798261491582, 0.00103513593785, 0.000371674774215, 0.000177732872544, 0.000367170054233, 0.0001989370503, 5.58787360205e-05, 3.54205767508e-05, 3.82907055609e-05, 3.24173051922e-05, 3.22107298416e-05, 1.65112178365e-05, 5.35089893674e-05, 1.71337906067e-05, 0.000206413591513, 0.000376051233616, 6.04476954322e-05, 8.42801964609e-05, 8.5145518824e-05, 0.000142778182635, 8.04264636827e-05, 1.47332984852e-05, 1.30113676278e-05, 4.02020032197e-06, 1.09165614504e-06, 1.35089226205e-06, 1.19885180538e-06, 7.41564235796e-06, 7.38037306292e-06, 3.39993306397e-07, 6.61664074642e-08, 2.93425568287e-08, 2.9545656588e-08, 1.86159976323e-08, 1.6009106929e-08, 8.04855382341e-09, 5.01295183142e-09, 2.49919973605e-09],
        "min": [2.11665264942e-05, 1.66951140272e-05, 2.71054377663e-05, 3.14707540383e-05, 2.09642494156e-05, 8.58298062667e-06, 4.17101000494e-06, 1.83921815733e-06, 1.17752188089e-06, 7.09818607447e-07, 8.15337216409e-07, 1.1880100601e-06, 8.57720067415e-07, 4.75664421629e-07, 1.10351254534e-06, 3.03849310512e-06, 8.14538543636e-06, 1.22911033031e-05, 1.74210890691e-06, 2.2396886834e-06, 1.24038397189e-05, 6.05519562669e-06, 5.70706151848e-06, 2.48710557571e-06, 4.08541808383e-07, 5.12921474183e-07, 2.00165132469e-07, 5.77479930541e-08, 1.80285113061e-07, 2.04609875709e-07, 1.20754990007e-07, 4.1853036592e-09, 4.98251218062e-09, 4.26219415317e-09, 6.22953955087e-09, 3.88810628138e-09, 3.68600061584e-09, 1.7920799289e-09, 8.8036355983e-10, 6.93614721214e-10],
        "var": [4.18570471084e-06, 5.40244309377e-06, 6.3822977836e-07, 2.06764070754e-06, 1.01028689414e-07, 3.02424574272e-08, 1.31434163109e-07, 5.81659485022e-08, 3.39338734889e-09, 1.44389533663e-09, 1.67833402731e-09, 8.08814348829e-10, 9.45342804037e-10, 5.63023350164e-10, 4.19934531593e-09, 5.46792999767e-10, 4.06894500316e-08, 7.5980516101e-08, 1.87686732822e-09, 5.15227993603e-09, 6.36367181173e-09, 3.02717957368e-08, 9.43757338945e-09, 1.47910669823e-10, 1.6337323161e-10, 2.28363977034e-11, 1.77453347155e-11, 3.19349212873e-12, 3.97019656734e-12, 1.70991779763e-11, 1.56849325195e-11, 7.45786760256e-14, 2.63066092923e-15, 4.46787115666e-16, 4.43936082175e-16, 1.06922120367e-16, 3.75825659961e-16, 1.48834938489e-16, 1.8898989193e-17, 5.84954997673e-18]
    },
    "mfcc": {
        "mean": [-635.691223145, 182.275253296, -62.2538833618, 60.1000556946, 20.1050891876, 19.9659481049, -14.012052536, -7.34752655029, 16.0880012512, -5.89426040649, 3.33890485764, 14.8768577576, -17.8660335541],
        "cov": [[314.569335938, -0.986157774925, -64.0867614746, 4.83111906052, -34.5525588989, -24.7979164124, 6.51979494095, 0.208848059177, -12.5728168488, 3.58691620827, -13.7604732513, 5.89725923538, 11.6864480972], [-0.986157774925, 72.685218811, 3.12666535378, 8.87122058868, -9.67361831665, -1.66063499451, 3.25954985619, -4.05753278732, 6.20205163956, 7.56931591034, 5.91892671585, -3.85766792297, -2.32422232628], [-64.0867614746, 3.12666535378, 89.7544326782, 5.25511360168, 10.0869054794, 5.13545799255, -8.39195156097, 3.73155212402, 3.62664341927, -5.49739074707, 0.219934880733, -7.75584793091, -15.4213790894], [4.83111906052, 8.87122058868, 5.25511360168, 54.3511962891, 11.0497961044, -11.580578804, 2.37784314156, 0.108747847378, -2.99945735931, -2.04479622841, -2.03912806511, 1.05032432079, -2.09320068359], [-34.5525588989, -9.67361831665, 10.0869054794, 11.0497961044, 53.5666313171, 18.2217445374, -1.5835994482, 9.25810909271, 6.55358123779, -4.48633813858, 5.47509479523, 4.92536020279, -8.47523880005], [-24.7979164124, -1.66063499451, 5.13545799255, -11.580578804, 18.2217445374, 54.4410591125, 5.08062458038, 8.32616329193, 8.65614509583, 5.3053445816, 11.1846809387, 3.95919322968, 4.20212650299], [6.51979494095, 3.25954985619, -8.39195156097, 2.37784314156, -1.5835994482, 5.08062458038, 57.2571868896, 8.49813938141, -6.80921220779, 8.72682285309, 3.31787347794, 2.56581640244, 8.56522941589], [0.208848059177, -4.05753278732, 3.73155212402, 0.108747847378, 9.25810909271, 8.32616329193, 8.49813938141, 42.9421310425, 9.95690536499, 2.61274719238, 3.39887475967, 0.734378635883, 3.23540425301], [-12.5728168488, 6.20205163956, 3.62664341927, -2.99945735931, 6.55358123779, 8.65614509583, -6.80921220779, 9.95690536499, 42.2729988098, 5.42980575562, 6.30800580978, 3.6971719265, -2.2362883091], [3.58691620827, 7.56931591034, -5.49739074707, -2.04479622841, -4.48633813858, 5.3053445816, 8.72682285309, 2.61274719238, 5.42980575562, 41.5601043701, 10.0472373962, -6.97999572754, 6.22823238373], [-13.7604732513, 5.91892671585, 0.219934880733, -2.03912806511, 5.47509479523, 11.1846809387, 3.31787347794, 3.39887475967, 6.30800580978, 10.0472373962, 33.3400993347, 13.6321439743, 4.51053905487], [5.89725923538, -3.85766792297, -7.75584793091, 1.05032432079, 4.92536020279, 3.95919322968, 2.56581640244, 0.734378635883, 3.6971719265, -6.97999572754, 13.6321439743, 43.9943313599, 13.2526693344], [11.6864480972, -2.32422232628, -15.4213790894, -2.09320068359, -8.47523880005, 4.20212650299, 8.56522941589, 3.23540425301, -2.2362883091, 6.22823238373, 4.51053905487, 13.2526693344, 34.7634468079]],
