{
"lowlevel": {
    "average_loudness": 0.986334145069,
    "barkbands_crest": {
        "dmean": 4.05433511734,
        "dmean2": 6.97676038742,
        "dvar": 9.29047298431,
        "dvar2": 27.2064399719,
        "max": 24.1335220337,
        "mean": 10.7042455673,
        "median": 10.1774368286,
        "min": 3.17844080925,
        "var": 15.4730930328
    },
    "barkbands_flatness_db": {
        "dmean": 0.0275339484215,
        "dmean2": 0.0460266321898,
        "dvar": 0.000445009383839,
        "dvar2": 0.0012851980282,
        "max": 0.309325307608,
        "mean": 0.180628269911,
        "median": 0.17729356885,
        "min": 0.0687715932727,
        "var": 0.000861717155203
    },
    "barkbands_kurtosis": {
        "dmean": 2.13566613197,
        "dmean2": 3.66375541687,
        "dvar": 6.22534418106,
        "dvar2": 16.6361236572,
        "max": 29.6405715942,
        "mean": 0.603877007961,
        "median": -0.304592967033,
        "min": -1.8263002634,
        "var": 7.93832397461
    },
    "barkbands_skewness": {
        "dmean": 0.782011270523,
        "dmean2": 1.29763746262,
        "dvar": 0.363912642002,
        "dvar2": 1.04407334328,
        "max": 4.88449430466,
        "mean": 1.1159491539,
        "median": 1.08030200005,
        "min": -0.983051776886,
        "var": 0.671481013298
    },
    "barkbands_spread": {
        "dmean": 7.07223796844,
        "dmean2": 11.7311038971,
        "dvar": 31.2436714172,
        "dvar2": 83.79271698,
        "max": 48.4810676575,
        "mean": 26.7766513824,
        "median": 26.9717521667,
        "min": 3.24866294861,
        "var": 67.1423416138
    },
    "dissonance": {
        "dmean": 0.0113959470764,
        "dmean2": 0.0189541820437,
        "dvar": 9.31839604164e-05,
        "dvar2": 0.00023401225917,
        "max": 0.499999910593,
        "mean": 0.479315817356,
        "median": 0.481758326292,
        "min": 0.417969405651,
        "var": 0.00017573608784
    },
    "dynamic_complexity": 0.966462910175,
    "erbbands_crest": {
        "dmean": 3.00964593887,
        "dmean2": 5.11032867432,
        "dvar": 6.09846687317,
        "dvar2": 16.0604152679,
        "max": 23.5251426697,
        "mean": 9.82467842102,
        "median": 9.30805873871,
        "min": 4.22472953796,
        "var": 10.1743936539
    },
    "erbbands_flatness_db": {
        "dmean": 0.0172763969749,
        "dmean2": 0.0287558306009,
        "dvar": 0.000192852356122,
        "dvar2": 0.000525500799995,
        "max": 0.280380427837,
        "mean": 0.221455588937,
        "median": 0.220517903566,
        "min": 0.143784716725,
        "var": 0.000331607880071
    },
    "erbbands_kurtosis": {
        "dmean": 1.64242649078,
        "dmean2": 2.73707079887,
        "dvar": 2.46659612656,
        "dvar2": 6.30387067795,
        "max": 10.5135164261,
        "mean": 0.997296273708,
        "median": 0.556750416756,
        "min": -1.8053586483,
        "var": 4.25312852859
    },
    "erbbands_skewness": {
        "dmean": 0.476532101631,
        "dmean2": 0.754598677158,
        "dvar": 0.142527058721,
        "dvar2": 0.346181899309,
        "max": 1.74044394493,
        "mean": -1.00697243214,
        "median": -1.04918658733,
        "min": -2.65088176727,
        "var": 0.379445940256
    },
    "erbbands_spread": {
        "dmean": 8.60318279266,
        "dmean2": 14.0803976059,
        "dvar": 45.4572906494,
        "dvar2": 115.015419006,
        "max": 61.9574775696,
        "mean": 28.9478588104,
        "median": 27.829990387,
        "min": 7.00973415375,
        "var": 98.5849990845
    },
    "hfc": {
        "dmean": 10.0366191864,
        "dmean2": 16.5128002167,
        "dvar": 86.2640151978,
        "dvar2": 213.683578491,
        "max": 111.494941711,
        "mean": 28.7977542877,
        "median": 26.3736839294,
        "min": 6.43122959137,
        "var": 177.3515625
    },
    "melbands_crest": {
        "dmean": 4.87938547134,
        "dmean2": 8.08883094788,
        "dvar": 13.4163417816,
        "dvar2": 36.7886314392,
        "max": 29.8064289093,
        "mean": 16.2008190155,
        "median": 16.3201541901,
        "min": 4.67043590546,
        "var": 22.8807868958
    },
    "melbands_flatness_db": {
        "dmean": 0.0381727479398,
        "dmean2": 0.0633318796754,
        "dvar": 0.000803785282187,
        "dvar2": 0.00232785148546,
        "max": 0.389622688293,
        "mean": 0.261245936155,
        "median": 0.25997877121,
        "min": 0.125840634108,
        "var": 0.0016273612855
    },
    "melbands_kurtosis": {
        "dmean": 7.08923578262,
        "dmean2": 12.0766830444,
        "dvar": 53.8631210327,
        "dvar2": 149.368408203,
        "max": 70.7650604248,
        "mean": 7.44095468521,
        "median": 5.2478761673,
        "min": -1.73690056801,
        "var": 68.9034194946
    },
    "melbands_skewness": {
        "dmean": 1.09986138344,
        "dmean2": 1.83637845516,
        "dvar": 0.745952069759,
        "dvar2": 2.14459443092,
        "max": 7.57385635376,
        "mean": 2.5076174736,
        "median": 2.40113282204,
        "min": 0.0648073405027,
        "var": 1.27459096909
    },
    "melbands_spread": {
        "dmean": 13.0744724274,
        "dmean2": 21.7850227356,
        "dvar": 115.820419312,
        "dvar2": 320.746002197,
        "max": 80.9134216309,
        "mean": 27.7341041565,
        "median": 25.1536426544,
        "min": 2.73293495178,
        "var": 201.280838013
    },
    "pitch_salience": {
        "dmean": 0.11008374393,
        "dmean2": 0.187262937427,
        "dvar": 0.00714929588139,
        "dvar2": 0.0207681003958,
        "max": 0.749596178532,
        "mean": 0.47372251749,
        "median": 0.482359617949,
        "min": 0.153187900782,
        "var": 0.012200971134
    },
    "silence_rate_20dB": {
        "dmean": 0,
        "dmean2": 0,
        "dvar": 0,
        "dvar2": 0,
        "max": 1,
        "mean": 1,
        "median": 1,
        "min": 1,
        "var": 0
    },
    "silence_rate_30dB": {
        "dmean": 0,
        "dmean2": 0,
        "dvar": 0,
        "dvar2": 0,
        "max": 1,
        "mean": 1,
        "median": 1,
        "min": 1,
        "var": 0
    },
    "silence_rate_60dB": {
        "dmean": 0,
        "dmean2": 0,
        "dvar": 0,
        "dvar2": 0,
        "max": 0,
        "mean": 0,
        "median": 0,
        "min": 0,
        "var": 0
    },
    "spectral_centroid": {
        "dmean": 278.007965088,
        "dmean2": 433.845733643,
        "dvar": 45150.4023438,
        "dvar2": 111553.914062,
        "max": 2533.98510742,
        "mean": 1466.37475586,
        "median": 1468.04296875,
        "min": 334.759887695,
        "var": 140302.40625
    },
    "spectral_complexity": {
        "dmean": 3.5248169899,
        "dmean2": 5.71498394012,
        "dvar": 7.19160079956,
        "dvar2": 17.7069969177,
        "max": 44,
        "mean": 26.239025116,
        "median": 26,
        "min": 13,
        "var": 20.8387966156
    },
    "spectral_decrease": {
        "dmean": 4.55207826988e-09,
        "dmean2": 7.67917729405e-09,
        "dvar": 1.14530484628e-17,
        "dvar2": 3.26307663878e-17,
        "max": -1.74623038252e-09,
        "mean": -1.16099236891e-08,
        "median": -1.14813989427e-08,
        "min": -2.35663755177e-08,
        "var": 1.77719341017e-17
    },
    "spectral_energy": {
        "dmean": 0.0175117105246,
        "dmean2": 0.0295867137611,
        "dvar": 0.000168702186784,
        "dvar2": 0.000473660504213,
        "max": 0.0914632976055,
        "mean": 0.0464304462075,
        "median": 0.0461064577103,
        "min": 0.00737783545628,
        "var": 0.00026702877949
    },
    "spectral_energyband_high": {
        "dmean": 8.05601303e-05,
        "dmean2": 0.000119094896945,
        "dvar": 1.65509632666e-08,
        "dvar2": 3.20341548843e-08,
        "max": 0.00337279215455,
        "mean": 0.000275388418231,
        "median": 0.000177143549081,
        "min": 1.56989008246e-05,
        "var": 1.04714175109e-07
    },
    "spectral_energyband_low": {
        "dmean": 0.0163907185197,
        "dmean2": 0.0281490515918,
        "dvar": 0.000166533165611,
        "dvar2": 0.000482427276438,
        "max": 0.079866103828,
        "mean": 0.0238800738007,
        "median": 0.0205259844661,
        "min": 0.0011029766174,
        "var": 0.000229018944083
    },
    "spectral_energyband_middle_high": {
        "dmean": 0.00489569688216,
        "dmean2": 0.00802665576339,
        "dvar": 2.00255217351e-05,
        "dvar2": 5.20345565747e-05,
        "max": 0.0463742166758,
        "mean": 0.0112381791696,
        "median": 0.0100157232955,
        "min": 0.00159465998877,
        "var": 3.84632803616e-05
    },
    "spectral_energyband_middle_low": {
        "dmean": 0.00534731848165,
        "dmean2": 0.00844743195921,
        "dvar": 4.19909920311e-05,
        "dvar2": 9.48054439505e-05,
        "max": 0.0844308584929,
        "mean": 0.0115317702293,
        "median": 0.00871835462749,
        "min": 0.00122583692428,
        "var": 8.90716764843e-05
    },
    "spectral_entropy": {
        "dmean": 0.106823928654,
        "dmean2": 0.170593827963,
        "dvar": 0.00752821099013,
        "dvar2": 0.0178918931633,
        "max": 7.99476289749,
        "mean": 7.27599334717,
        "median": 7.2888469696,
        "min": 6.30444145203,
        "var": 0.0211386010051
    },
    "spectral_flux": {
        "dmean": 0.0310336016119,
        "dmean2": 0.052281588316,
        "dvar": 0.000601969251875,
        "dvar2": 0.00166129914578,
        "max": 0.238088935614,
        "mean": 0.129597604275,
        "median": 0.127249419689,
        "min": 0.0607501044869,
        "var": 0.00094915938098
    },
    "spectral_kurtosis": {
        "dmean": 3.73657011986,
        "dmean2": 6.68303394318,
        "dvar": 9.03309631348,
        "dvar2": 28.4683361053,
        "max": 22.4310913086,
        "mean": 7.39594221115,
        "median": 6.70146560669,
        "min": 0.927914381027,
        "var": 13.5161123276
    },
    "spectral_rms": {
        "dmean": 0.00130150956102,
        "dmean2": 0.00219078082591,
        "dvar": 9.36136643759e-07,
        "dvar2": 2.64381992565e-06,
        "max": 0.00944629497826,
        "mean": 0.00661791767925,
        "median": 0.0067068557255,
        "min": 0.00268288818188,
        "var": 1.50115397446e-06
    },
    "spectral_rolloff": {
        "dmean": 626.022460938,
        "dmean2": 1077.62475586,
        "dvar": 318957.3125,
        "dvar2": 791571.3125,
        "max": 3079.24804688,
        "mean": 1512.08544922,
        "median": 1679.58984375,
        "min": 107.666015625,
        "var": 510936.96875
    },
    "spectral_skewness": {
        "dmean": 0.336002260447,
        "dmean2": 0.594669997692,
        "dvar": 0.07598426193,
        "dvar2": 0.221659734845,
        "max": 3.63272047043,
        "mean": 1.43826043606,
        "median": 1.40067458153,
        "min": 0.603767752647,
        "var": 0.124058149755
    },
    "spectral_spread": {
        "dmean": 227909.046875,
        "dmean2": 383694.53125,
        "dvar": 60491104256,
        "dvar2": 118955745280,
        "max": 7958649.5,
        "mean": 2209350.5,
        "median": 2184594.5,
        "min": 1635173,
        "var": 90719584256
    },
    "spectral_strongpeak": {
        "dmean": 0.452253907919,
        "dmean2": 0.812708616257,
        "dvar": 1.04515767097,
        "dvar2": 2.93960499763,
        "max": 11.3065958023,
        "mean": 0.60782366991,
        "median": 0.428407728672,
        "min": 0.0548840165138,
        "var": 0.711627423763
    },
    "zerocrossingrate": {
        "dmean": 0.00797737948596,
        "dmean2": 0.0101187145337,
        "dvar": 3.59205041605e-05,
        "dvar2": 6.77465432091e-05,
        "max": 0.09716796875,
        "mean": 0.0455983243883,
        "median": 0.04443359375,
        "min": 0.013671875,
        "var": 0.000152794091264
    },
    "barkbands": {
        "dmean": [7.10766398697e-05, 0.0133750457317, 0.00532263563946, 0.000729083723854, 0.00349670927972, 0.000820200832095, 0.00186041160487, 0.000416545837652, 0.000444577075541, 0.000342533283401, 0.000428943341831, 0.000169024206116, 0.000471009378089, 0.0022921601776, 0.00103993958328, 0.000982352066785, 0.00172405736521, 0.000250035227509, 0.000117680872791, 2.72796514764e-05, 5.94226912654e-05, 1.78355858225e-05, 2.02201704269e-06, 6.34918535525e-07, 1.35216183139e-07, 1.53546139359e-07, 4.3442401676e-08],
        "dmean2": [0.00011879716476, 0.0232118871063, 0.00900876894593, 0.00128159159794, 0.00563688157126, 0.00137861957774, 0.00301769073121, 0.000670533510856, 0.000710663094651, 0.000535161583684, 0.000697605020832, 0.000286114605842, 0.000721570570022, 0.00399346090853, 0.00164491613396, 0.0016477224417, 0.00288989790715, 0.00039554250543, 0.00019357369456, 4.49041253887e-05, 8.45994218253e-05, 2.90703846986e-05, 3.74372416445e-06, 1.07566927454e-06, 2.11441317788e-07, 2.5079359034e-07, 6.46514308755e-08],
        "dvar": [8.02358535168e-09, 0.000117621726531, 2.39223827521e-05, 9.2323074341e-07, 3.06912661472e-05, 1.08962126433e-06, 6.14893906459e-06, 5.48659841115e-07, 1.08334961624e-06, 2.37829752336e-07, 6.55911094327e-07, 6.42627284719e-08, 4.58710502471e-07, 5.66120115764e-06, 1.40820679917e-06, 1.11810129511e-06, 5.38757831237e-06, 1.20602862808e-07, 3.87204792673e-08, 5.87356696613e-09, 1.13602558471e-08, 8.18649203982e-10, 4.22436174582e-12, 4.17145566136e-13, 4.74970269278e-14, 4.68327531974e-14, 3.24159678321e-14],
        "dvar2": [1.98352783087e-08, 0.000356407952495, 6.17866971879e-05, 2.82632208837e-06, 6.94992850185e-05, 2.83312510874e-06, 1.44281584653e-05, 1.28014551137e-06, 2.61432137449e-06, 5.07652146098e-07, 1.69844452103e-06, 1.4366341361e-07, 9.17856766591e-07, 1.58298462338e-05, 3.15503621096e-06, 2.79622463495e-06, 1.32426939672e-05, 2.81101705468e-07, 8.99662140341e-08, 1.41757103833e-08, 2.0842803039e-08, 1.82784831715e-09, 1.2116269793e-11, 1.06422791586e-12, 7.49432322298e-14, 8.80445279942e-14, 3.41976948604e-14],
        "max": [0.0013880796032, 0.0726110562682, 0.0339175760746, 0.0100987739861, 0.0803347676992, 0.0153077831492, 0.0312858633697, 0.0103779481724, 0.0174516197294, 0.00734853092581, 0.0159613117576, 0.0041945236735, 0.00640391651541, 0.0207183398306, 0.0149504784495, 0.00930837541819, 0.0248184166849, 0.00624051317573, 0.00312422099523, 0.0018388745375, 0.00289546232671, 0.00041942144162, 2.11655114981e-05, 7.11167058398e-06, 5.99788154432e-06, 5.79015750191e-06, 6.00848215981e-06],
        "mean": [8.86061388883e-05, 0.0170790981501, 0.00628491397947, 0.000831497600302, 0.00545827904716, 0.00117660465185, 0.0027865760494, 0.000570071104448, 0.000600312079769, 0.00053563946858, 0.000576592283323, 0.000231452460866, 0.000574264442548, 0.00291467225179, 0.00157161033712, 0.00161574676167, 0.00261960551143, 0.000426765182056, 0.000196144232177, 4.87110373797e-05, 0.000208015873795, 2.99015664496e-05, 3.03568072013e-06, 1.42149599469e-06, 3.8628064658e-07, 3.93558707401e-07, 1.71523367953e-07],
        "median": [5.59608961339e-05, 0.0138995982707, 0.00450498471037, 0.000480063376017, 0.00283838156611, 0.000820296932943, 0.001993564656, 0.000309967901558, 0.000225296302233, 0.000328607973643, 0.000355220225174, 0.000149453393533, 0.000281318323687, 0.00203364295885, 0.00113508361392, 0.00126561149955, 0.00176353892311, 0.000311494397465, 0.000144229314174, 3.10506402457e-05, 0.000112136869575, 2.00432659767e-05, 2.46698527917e-06, 1.21791094898e-06, 3.23216340803e-07, 3.23176351458e-07, 1.48862596916e-07],
        "min": [1.25675384766e-07, 0.000350390560925, 1.61286006914e-05, 1.42638350553e-06, 8.1321952166e-05, 3.5216427932e-05, 8.35202590679e-05, 6.65816060064e-06, 1.16310657177e-05, 1.07975874926e-05, 1.25318774735e-05, 8.90396768227e-06, 9.43477789406e-06, 4.59346192656e-05, 8.13621009002e-05, 8.92861062312e-05, 0.000134529647767, 3.28344249283e-05, 2.02964856726e-05, 4.5650285756e-06, 6.86642943037e-06, 1.56144699304e-06, 4.59562613742e-07, 1.81592199056e-07, 5.90844280168e-08, 3.50779707503e-08, 3.77537183738e-08],
        "var": [1.18563123763e-08, 0.000150156964082, 3.24307038682e-05, 1.09619270461e-06, 6.49494540994e-05, 1.37076813189e-06, 8.4148005044e-06, 7.79278082064e-07, 1.58493958224e-06, 4.71647979339e-07, 7.04475951352e-07, 8.5741504563e-08, 6.29917337847e-07, 7.46524619899e-06, 2.27312170864e-06, 1.54903443672e-06, 7.08373408997e-06, 1.84356693467e-07, 4.73798209555e-08, 8.07471689512e-09, 8.6880199035e-08, 1.24518384492e-09, 4.84446033636e-12, 7.05814150615e-13, 8.68005957367e-14, 9.96995725994e-14, 3.78673431316e-14]
    },
    "erbbands": {
        "dmean": [0.206751346588, 3.60330414772, 7.57136917114, 2.40625762939, 5.36180353165, 17.7934951782, 7.04548835754, 7.24443149567, 27.3842754364, 17.8320922852, 9.49750137329, 9.85908412933, 9.18286705017, 17.4103870392, 9.16181182861, 9.06764984131, 18.8285007477, 63.5137672424, 106.418899536, 36.4745521545, 52.5177497864, 98.6002883911, 24.1281471252, 10.6648025513, 2.14559435844, 1.26791810989, 1.25640273094, 3.17319202423, 0.835183024406, 0.0979377254844, 0.0618431009352, 0.0231816265732, 0.00645013246685, 0.0021391985938, 0.000756411231123, 0.000975929375272, 0.000187287543667, 3.84956329071e-05, 1.01517543953e-05, 1.93225296243e-05],
        "dmean2": [0.352762758732, 6.26490354538, 12.8450803757, 4.12447309494, 8.72538280487, 28.9358100891, 11.6053180695, 12.1544971466, 44.7242736816, 29.1483268738, 14.6363334656, 15.8708200455, 14.6678085327, 27.0860290527, 14.8274965286, 14.4764890671, 28.8697547913, 110.414634705, 179.405960083, 59.5172424316, 89.0139083862, 166.58215332, 39.886920929, 17.0735034943, 3.43587088585, 2.07767653465, 1.96943187714, 4.35897636414, 1.33053529263, 0.167975842953, 0.113486200571, 0.0411454066634, 0.0106208631769, 0.00337660964578, 0.00122427544557, 0.00159585091751, 0.000302654865663, 6.35866745142e-05, 1.60253166541e-05, 3.26698427671e-05],
        "dvar": [0.0360659174621, 8.5719127655, 45.037021637, 6.03876876831, 74.3814163208, 920.992675781, 108.130813599, 81.3536911011, 1088.14526367, 1229.97277832, 341.244598389, 769.403808594, 268.180023193, 629.545471191, 385.170074463, 122.621376038, 692.747436523, 5001.72021484, 11074.96875, 1456.28869629, 3511.85351562, 18529.8867188, 1216.58227539, 320.738616943, 14.5478906631, 8.37099170685, 4.7014875412, 38.8706092834, 1.80844736099, 0.0143849113956, 0.00389680056833, 0.000542147550732, 5.61845990887e-05, 8.69037558004e-06, 1.84537964287e-06, 1.33248329348e-06, 1.14281753838e-07, 1.45620671077e-08, 6.51976861388e-10, 2.04089800615e-10],
        "dvar2": [0.0970812886953, 25.9434814453, 116.728919983, 17.8630847931, 163.837509155, 2183.08569336, 253.005172729, 211.305801392, 2658.22338867, 2639.75585938, 707.79888916, 1919.25158691, 575.542541504, 1511.08764648, 959.346191406, 280.507080078, 1446.75488281, 13533.9345703, 30268.0820312, 3421.22387695, 8848.69921875, 46519.1992188, 3058.46972656, 719.861877441, 30.7683486938, 21.24584198, 11.1702041626, 70.3945236206, 4.14040327072, 0.0364433079958, 0.0112197790295, 0.00145795871504, 0.000137145529152, 1.59967075888e-05, 2.52786571764e-06, 3.10259633807e-06, 1.65474773439e-07, 1.86420816561e-08, 7.23898552213e-10, 5.58706803044e-10],
        "max": [1.47905874252, 18.3420524597, 43.8727416992, 23.4572257996, 107.787239075, 464.897033691, 182.18963623, 113.866294861, 402.102325439, 632.414855957, 253.046798706, 550.524169922, 225.475143433, 317.649414062, 435.429382324, 143.104049683, 266.11227417, 731.35357666, 911.680603027, 350.519866943, 496.628631592, 1552.69628906, 406.344238281, 373.264343262, 82.0090408325, 67.4063415527, 34.7594718933, 172.808334351, 22.0585632324, 1.81328976154, 0.630754470825, 0.232327640057, 0.104659087956, 0.0706318095326, 0.0408843643963, 0.0239569097757, 0.0102860117331, 0.00380865088664, 0.000862860179041, 0.00010275173554],
        "mean": [0.287353157997, 4.44347047806, 9.57839012146, 3.55956196785, 7.96009016037, 24.9047889709, 10.9778547287, 11.2005243301, 39.6031990051, 24.1056251526, 13.9987697601, 13.7081460953, 14.8114471436, 24.9731731415, 14.0584163666, 14.7205066681, 25.3776435852, 81.5261154175, 156.473861694, 63.9386482239, 94.0044555664, 147.133514404, 41.5371170044, 19.194568634, 4.15252971649, 2.26029372215, 3.42229104042, 11.0423135757, 1.76116859913, 0.194460391998, 0.0985669270158, 0.0444849953055, 0.0158286448568, 0.00596339302137, 0.00210197106935, 0.00261740246788, 0.000437587645138, 6.97748255334e-05, 4.29530264228e-05, 5.70936099393e-05],
        "median": [0.224848464131, 3.624376297, 7.15154314041, 2.85048818588, 3.93858480453, 12.5379657745, 6.73900842667, 7.85415744781, 27.6315078735, 13.8433418274, 7.02990436554, 5.10948181152, 8.20965003967, 15.0425415039, 9.12002563477, 10.4380302429, 14.4874954224, 55.8606109619, 118.748855591, 49.5581512451, 73.3727111816, 96.9124069214, 29.9033317566, 14.2331514359, 2.99665594101, 1.5250197649, 2.26877069473, 5.54903078079, 1.24000501633, 0.155683249235, 0.0810791403055, 0.0370597317815, 0.0136655960232, 0.00487555889413, 0.00177331385203, 0.00215734634548, 0.000350014393916, 4.87097058794e-05, 4.12954032072e-05, 5.73296201765e-05],
        "min": [0.00561049301177, 0.143173232675, 0.210624441504, 0.0867247134447, 0.230114176869, 0.19052760303, 0.44917589426, 0.811731159687, 0.961311101913, 0.872337818146, 0.341948062181, 0.236050650477, 0.434186190367, 0.630280554295, 0.678551614285, 1.0822070837, 0.712635695934, 1.82712137699, 8.06185340881, 4.96948719025, 10.1273698807, 10.0340833664, 3.65679836273, 1.91984093189, 0.299488991499, 0.236321732402, 0.245771870017, 0.224488839507, 0.0889861732721, 0.0214933417737, 0.0139372525737, 0.00545732025057, 0.00238963263109, 0.000893605523743, 0.000318396894727, 0.000312993186526, 4.14198402723e-05, 1.14073145596e-05, 1.12650759547e-05, 1.068704114e-05],
        "var": [0.0550899468362, 10.6778450012, 62.4842605591, 7.89130544662, 159.934677124, 1647.47619629, 206.800323486, 102.596069336, 1481.05761719, 1637.88964844, 554.594177246, 1060.32385254, 452.128356934, 912.68157959, 437.807983398, 186.72366333, 968.407409668, 6283.52587891, 16194.9804688, 2391.54418945, 4681.86572266, 22985.6757812, 1518.54736328, 466.3175354, 24.8283538818, 11.8043670654, 13.5694389343, 284.947265625, 3.43212890625, 0.0254871081561, 0.00466009508818, 0.000786208023783, 9.27175933612e-05, 2.04618390853e-05, 2.85804253508e-06, 3.44941508956e-06, 1.79401553169e-07, 1.59650479503e-08, 7.76294195592e-10, 3.40668382393e-10]
    },
    "gfcc": {
        "mean": [-3.92671012878, 158.2006073, -153.602142334, 46.4092407227, -14.3693561554, -3.74026370049, -27.4569892883, -6.13976764679, 3.21675753593, 3.42736792564, -15.4278440475, 2.82170248032, 0.251000732183],
        "cov": [[376.952148438, -63.0108070374, -108.721191406, -20.3318881989, -40.9912071228, 1.20557677746, 17.0842208862, 6.52777862549, -1.17932188511, 23.5784416199, -19.6024913788, 4.16156435013, -3.61039614677], [-63.0108070374, 168.940338135, 65.1256866455, -45.7851142883, -4.39338445663, -29.481136322, -1.39892399311, -5.19845056534, 9.84627819061, -31.4600315094, 1.75892353058, -40.8268013, 10.4499826431], [-108.721191406, 65.1256866455, 147.505584717, 30.1689949036, 21.7418231964, -6.84018564224, -14.825012207, -1.83970117569, 4.84388113022, -13.5750408173, 2.0320751667, 2.70163273811, 5.20255947113], [-20.3318881989, -45.7851142883, 30.1689949036, 114.77709198, 35.3952255249, -3.77909660339, 1.33089804649, -19.3873748779, 0.145652920008, 4.67729043961, 7.12588453293, 12.3565206528, 10.2615594864], [-40.9912071228, -4.39338445663, 21.7418231964, 35.3952255249, 112.332946777, 36.8020324707, -14.3260240555, 2.16206407547, -3.49951219559, 5.09919929504, 25.808631897, -5.23567199707, -13.7876605988], [1.20557677746, -29.481136322, -6.84018564224, -3.77909660339, 36.8020324707, 72.5000991821, 28.5331001282, 13.2723302841, 6.39775133133, 12.5434522629, 12.9378223419, 2.3563888073, -10.6920385361], [17.0842208862, -1.39892399311, -14.825012207, 1.33089804649, -14.3260240555, 28.5331001282, 82.825630188, 31.3671531677, 16.1055793762, 11.9939012527, -8.32274436951, 2.02033805847, 11.5501194], [6.52777862549, -5.19845056534, -1.83970117569, -19.3873748779, 2.16206407547, 13.2723302841, 31.3671531677, 66.5124816895, 30.1060752869, 1.18196475506, -0.508790314198, 0.388423085213, -1.69798612595], [-1.17932188511, 9.84627819061, 4.84388113022, 0.145652920008, -3.49951219559, 6.39775133133, 16.1055793762, 30.1060752869, 60.9899635315, 19.1222705841, 3.70168209076, -4.26279354095, 0.836517333984], [23.5784416199, -31.4600315094, -13.5750408173, 4.67729043961, 5.09919929504, 12.5434522629, 11.9939012527, 1.18196475506, 19.1222705841, 64.4953613281, 19.8075256348, 4.29362821579, -4.94424152374], [-19.6024913788, 1.75892353058, 2.0320751667, 7.12588453293, 25.808631897, 12.9378223419, -8.32274436951, -0.508790314198, 3.70168209076, 19.8075256348, 65.5610351562, 11.2518110275, -15.5130996704], [4.16156435013, -40.8268013, 2.70163273811, 12.3565206528, -5.23567199707, 2.3563888073, 2.02033805847, 0.388423085213, -4.26279354095, 4.29362821579, 11.2518110275, 59.0406532288, 5.44245290756], [-3.61039614677, 10.4499826431, 5.20255947113, 10.2615594864, -13.7876605988, -10.6920385361, 11.5501194, -1.69798612595, 0.836517333984, -4.94424152374, -15.5130996704, 5.44245290756, 42.9910850525]],
        "icov": [[0.00364912697114, -0.00115868181456, 0.00305832293816, -0.00140496925451, 0.00146165082697, -0.00117357552517, 0.0012236724142, -0.00159570970573, 0.00112851941958, -0.00202591065317, 0.00190700229723, -0.000976412324235, 0.000895251170732], [-0.00115868181456, 0.0308332983404, -0.0160075034946, 0.0233489852399, -0.011494377628, 0.0212389510125, -0.019844263792, 0.0203139595687, -0.0147588187829, 0.0175863318145, -0.0147269517183, 0.0171893723309, -0.00867901276797], [0.00305832293816, -0.0160075034946, 0.0176986586303, -0.0141430050135, 0.00548675237224, -0.0107824299484, 0.0118975332007, -0.0114084500819, 0.00651884032413, -0.00808155816048, 0.00835661869496, -0.00944988802075, 0.00396831566468], [-0.00140496925451, 0.0233489852399, -0.0141430050135, 0.0307610034943, -0.0153576619923, 0.020735559985, -0.0199207291007, 0.0221438836306, -0.0142499413341, 0.0135826906189, -0.0113195553422, 0.00971947424114, -0.0084417918697], [0.00146165082697, -0.011494377628, 0.00548675237224, -0.0153576619923, 0.021483188495, -0.0186436772346, 0.0149827878922, -0.0133629078045, 0.00930625107139, -0.00750670582056, 0.00230242335238, -0.00242704874836, 0.00371215492487], [-0.00117357552517, 0.0212389510125, -0.0107824299484, 0.020735559985, -0.0186436772346, 0.0394349582493, -0.0255577526987, 0.0173619668931, -0.0119714774191, 0.011498875916, -0.0109780393541, 0.00894597545266, -0.0010636553634], [0.0012236724142, -0.019844263792, 0.0118975332007, -0.0199207291007, 0.0149827878922, -0.0255577526987, 0.0359423607588, -0.024464732036, 0.0118722869083, -0.0151304090396, 0.0115343881771, -0.00909037236124, -0.000590533658396], [-0.00159570970573, 0.0203139595687, -0.0114084500819, 0.0221438836306, -0.0133629078045, 0.0173619668931, -0.024464732036, 0.0414278768003, -0.0232062060386, 0.0171374920756, -0.00995120219886, 0.00797714293003, -0.00291358376853], [0.00112851941958, -0.0147588187829, 0.00651884032413, -0.0142499413341, 0.00930625107139, -0.0119714774191, 0.0118722869083, -0.0232062060386, 0.0329111404717, -0.0167080964893, 0.00668173516169, -0.00447461055592, 0.00261136097834], [-0.00202591065317, 0.0175863318145, -0.00808155816048, 0.0135826906189, -0.00750670582056, 0.011498875916, -0.0151304090396, 0.0171374920756, -0.0167080964893, 0.0314903333783, -0.0143848508596, 0.00871227774769, -0.0038617211394], [0.00190700229723, -0.0147269517183, 0.00835661869496, -0.0113195553422, 0.00230242335238, -0.0109780393541, 0.0115343881771, -0.00995120219886, 0.00668173516169, -0.0143848508596, 0.028378278017, -0.0128223001957, 0.0100257294253], [-0.000976412324235, 0.0171893723309, -0.00944988802075, 0.00971947424114, -0.00242704874836, 0.00894597545266, -0.00909037236124, 0.00797714293003, -0.00447461055592, 0.00871227774769, -0.0128223001957, 0.0292454008013, -0.00847295485437], [0.000895251170732, -0.00867901276797, 0.00396831566468, -0.0084417918697, 0.00371215492487, -0.0010636553634, -0.000590533658396, -0.00291358376853, 0.00261136097834, -0.0038617211394, 0.0100257294253, -0.00847295485437, 0.0321452021599]]
    },
    "melbands": {
        "dmean": [0.00287383887917, 0.00420036772266, 0.000450422259746, 0.000851725810207, 0.000359289813787, 0.000193055471755, 0.000391349894926, 0.000164996323292, 8.15565144876e-05, 6.12670119153e-05, 4.69730584882e-05, 6.87440842739e-05, 4.55383451481e-05, 1.39231660796e-05, 6.10325914749e-05, 1.9735427486e-05, 0.000146139165736, 0.000218108529225, 6.79291406414e-05, 6.2219100073e-05, 6.19817583356e-05, 0.00010012005805, 6.70313966111e-05, 9.72836642177e-06, 9.4321276265e-06, 2.46942067861e-06, 7.31652846753e-07, 9.79706896942e-07, 7.19625006695e-07, 1.45424587572e-06, 1.89183685961e-06, 6.24929782589e-07, 1.11427155502e-07, 3.95942727494e-08, 4.39591651968e-08, 2.18573834587e-08, 1.13401323887e-08, 5.24178300765e-09, 3.2897682356e-09, 1.4891444744e-09],
        "dmean2": [0.00500795990229, 0.00717294728383, 0.000765613338444, 0.00137365132105, 0.000583083136007, 0.000320632301737, 0.000638600206003, 0.000269843148999, 0.00012486425112, 9.87169332802e-05, 7.51620755182e-05, 0.000107128194941, 7.45482248021e-05, 2.28025983233e-05, 9.47716544033e-05, 3.08091803163e-05, 0.000253906182479, 0.000373578426661, 0.000105772400275, 0.00010409927927, 0.000105594823253, 0.000170195839019, 0.000111022942292, 1.55837551574e-05, 1.53845030582e-05, 4.01699571739e-06, 1.16954777241e-06, 1.64731170571e-06, 1.16480703127e-06, 2.07816583497e-06, 2.65491235041e-06, 1.00133809156e-06, 1.86444779615e-07, 7.2125281747e-08, 8.11454086147e-08, 3.99479880286e-08, 1.95160190231e-08, 8.65497007396e-09, 5.4247109027e-09, 2.3821928874e-09],
        "dvar": [5.74353771299e-06, 1.19045171232e-05, 1.97118808387e-07, 2.16777925743e-06, 2.67030742407e-07, 5.62723876385e-08, 2.39531800617e-07, 1.03338088309e-07, 2.79168332895e-08, 2.68900812728e-08, 6.96883262208e-09, 9.25368937033e-09, 8.6386950926e-09, 8.48556780397e-10, 7.35119121131e-09, 7.62871266158e-10, 2.74169327241e-08, 4.83248783212e-08, 7.39754124623e-09, 4.60653071244e-09, 4.91372809108e-09, 1.81744521655e-08, 1.00045545182e-08, 2.53553539276e-10, 2.77002254467e-10, 2.31414522961e-11, 6.20104792168e-12, 5.1299867132e-12, 2.38712652076e-12, 6.38337299685e-12, 1.39711939934e-11, 9.98147853433e-13, 5.68814133707e-14, 1.69339303271e-15, 2.13672827736e-15, 5.43836444993e-16, 1.21541432581e-16, 3.73684036415e-17, 1.98759672514e-17, 4.72259331993e-18],
        "dvar2": [1.70093699126e-05, 3.28086061927e-05, 5.57829480385e-07, 4.96678103445e-06, 6.203886187e-07, 1.44067684005e-07, 5.87864406043e-07, 2.22967813102e-07, 5.85643071815e-08, 6.74676954304e-08, 1.51160595152e-08, 2.20272760032e-08, 2.26964420591e-08, 1.76817338549e-09, 1.5336610204e-08, 1.71957803552e-09, 7.42020986877e-08, 1.3626549844e-07, 1.62890554378e-08, 1.11954401305e-08, 1.25982051458e-08, 4.67030787377e-08, 2.41038424775e-08, 6.14316375547e-10, 6.49039155753e-10, 5.31032197382e-11, 1.33645811431e-11, 1.3845619963e-11, 5.88501686619e-12, 1.15302151507e-11, 2.63707493342e-11, 2.31804766354e-12, 1.42844137668e-13, 4.92274542527e-15, 6.22331411732e-15, 1.53146383836e-15, 3.11910327236e-16, 9.33975254462e-17, 4.72504888829e-17, 7.92953781321e-18],
        "max": [0.0176569037139, 0.0200422108173, 0.00486134970561, 0.021462097764, 0.00751953246072, 0.00267534470186, 0.00551365921274, 0.00567411025986, 0.00253822770901, 0.00315116904676, 0.00111985369585, 0.00120689393952, 0.00207964330912, 0.000537327839993, 0.000769199163187, 0.000303575245198, 0.00166382675525, 0.00199451902881, 0.00114889757242, 0.000542537658475, 0.000639139441773, 0.00179474300239, 0.000980457640253, 0.000382581551094, 0.000337066478096, 0.000103872473119, 6.30389695289e-05, 5.61975612072e-05, 3.65275118384e-05, 6.25522225164e-05, 0.000105908191472, 1.38648110806e-05, 4.65882158096e-06, 4.43747381951e-07, 4.35168090007e-07, 2.12710531855e-07, 1.09063854836e-07, 8.41898142312e-08, 6.24323419629e-08, 5.71100464697e-08],
        "mean": [0.00373309967108, 0.00559529848397, 0.000709066865966, 0.0012618470937, 0.000561937980819, 0.000285766756861, 0.000582801061682, 0.000218262983253, 0.000113179150503, 8.3113911387e-05, 7.19801319065e-05, 9.98299510684e-05, 6.38255296508e-05, 2.03044619411e-05, 8.06861135061e-05, 2.62190715148e-05, 0.000178926813533, 0.000303752574837, 0.000104248181742, 9.36945507419e-05, 0.000109773871372, 0.000156733833137, 8.88761060196e-05, 1.69720333361e-05, 1.57930608111e-05, 3.96346877096e-06, 1.23445363442e-06, 1.57948954893e-06, 1.39296798807e-06, 5.35974049853e-06, 5.70374777453e-06, 1.02212720776e-06, 1.85410826248e-07, 5.54816956821e-08, 6.24606002475e-08, 3.49814968104e-08, 2.3189301146e-08, 1.18627845325e-08, 6.98530389087e-09, 3.93542265442e-09],
        "median": [0.00304374773987, 0.00452979980037, 0.000584428431466, 0.000627669913229, 0.000333987758495, 0.000196225650143, 0.000420105556259, 0.000120613112813, 5.26893309143e-05, 2.97704536933e-05, 3.7794939999e-05, 5.99866179982e-05, 4.10586217185e-05, 1.21427947306e-05, 4.53568063676e-05, 1.5395511582e-05, 0.000116449031339, 0.000225586787565, 6.92301400704e-05, 7.07401050022e-05, 8.59825959196e-05, 0.000109171807708, 4.96028405905e-05, 1.23744885059e-05, 1.14714612209e-05, 2.78722836811e-06, 6.87971805746e-07, 1.06248126031e-06, 9.57022621151e-07, 2.70372561317e-06, 3.06886795443e-06, 6.86029920871e-07, 1.18304022578e-07, 4.28144169007e-08, 5.01341332892e-08, 2.76741296545e-08, 1.96743741299e-08, 1.00288559679e-08, 5.59090995722e-09, 3.15838999398e-09],
        "min": [0.000101754412754, 0.000168642174685, 1.39777976074e-05, 1.51260655912e-05, 9.84573216556e-06, 1.36838643812e-05, 1.52640914166e-05, 5.70750489715e-06, 1.36343555823e-06, 1.61798368481e-06, 1.67001553564e-06, 2.34457411352e-06, 1.84850853202e-06, 1.03948468677e-06, 2.21739446715e-06, 7.3507402476e-07, 3.43955207427e-06, 1.12966336019e-05, 5.03483079228e-06, 3.50504978996e-06, 8.94037566468e-06, 9.18376736081e-06, 3.06939841721e-06, 1.61626451245e-06, 1.43394811403e-06, 2.23123763021e-07, 9.46714919792e-08, 1.15841594095e-07, 1.18372255997e-07, 1.88300163018e-07, 1.02027982507e-07, 4.96391372451e-08, 1.56989798938e-08, 3.50735729349e-09, 6.7393615133e-09, 3.67207264595e-09, 2.97363711432e-09, 1.5315647639e-09, 1.05349540203e-09, 4.1930878214e-10],
        "var": [7.56592226026e-06, 1.65450765053e-05, 2.85149667434e-07, 4.2798828872e-06, 5.57845169169e-07, 7.35752294645e-08, 3.2012627571e-07, 1.39089408435e-07, 4.32187121646e-08, 3.87896434972e-08, 1.16253984217e-08, 1.39668321353e-08, 8.99987195879e-09, 1.12870501834e-09, 1.01217683124e-08, 1.03132136164e-09, 3.35119132444e-08, 6.68855406616e-08, 1.18226077817e-08, 6.27757623661e-09, 6.64856880661e-09, 2.33488552936e-08, 1.17324585602e-08, 3.29314159275e-10, 3.64155122723e-10, 2.70261452107e-11, 9.12904907918e-12, 6.29733895238e-12, 3.24431497292e-12, 5.98566543553e-11, 7.33523797258e-11, 1.43873476501e-12, 8.00583490018e-14, 2.00091056767e-15, 2.24579308668e-15, 6.45523862042e-16, 2.01269070486e-16, 5.63736094426e-17, 3.04936691746e-17, 1.13033916377e-17]
    },
    "mfcc": {
        "mean": [-638.808166504, 180.475967407, -53.2511901855, 53.3371315002, 20.6025314331, 21.5439910889, -17.0440635681, 2.54183077812, 16.1408119202, -5.009724617, 2.7953081131, 10.589348793, -11.5616540909],
        "cov": [[462.621734619, -92.0517120361, -106.822120667, -41.8946723938, -73.0563430786, -11.6516799927, -1.54375958443, -16.6311340332, 26.7392063141, -10.1509933472, 23.2451648712, 15.6069831848, -17.9256305695], [-92.0517120361, 194.650497437, 45.9693450928, -30.8829898834, -2.17050361633, -34.8526000977, -6.95802211761, -1.63844943047, 1.38684868813, 25.0899066925, -13.9197473526, -21.9369411469, -7.18135690689], [-106.822120667, 45.9693450928, 119.288383484, 30.3798751831, 5.00298023224, -3.48017787933, -17.0794353485, 7.87071561813, -2.93793177605, -4.2224445343, -11.2617921829, -1.0029168129, 2.17631983757], [-41.8946723938, -30.8829898834, 30.3798751831, 106.681015015, 30.5106277466, 10.5126533508, 1.65838503838, -12.9761648178, 1.87764680386, -18.2223358154, -6.00680017471, 2.90213346481, -2.43956971169], [-73.0563430786, -2.17050361633, 5.00298023224, 30.5106277466, 122.371505737, 26.4690742493, 3.69584774971, 3.06811118126, -35.4321632385, 12.4256429672, -5.61457633972, -3.47154974937, 12.4081583023], [-11.6516799927, -34.8526000977, -3.48017787933, 10.5126533508, 26.4690742493, 72.3471069336, 20.9891147614, -1.75746226311, -5.61507368088, -3.21199131012, 7.76165294647, 11.1581916809, 7.19610643387], [-1.54375958443, -6.95802211761, -17.0794353485, 1.65838503838, 3.69584774971, 20.9891147614, 68.6025543213, 8.25264072418, 0.182005092502, 5.13915920258, 5.0030465126, 6.40673351288, 5.57880020142], [-16.6311340332, -1.63844943047, 7.87071561813, -12.9761648178, 3.06811118126, -1.75746226311, 8.25264072418, 72.9653625488, 14.1010074615, 7.12065410614, 1.39736402035, -5.12169504166, 9.75061798096], [26.7392063141, 1.38684868813, -2.93793177605, 1.87764680386, -35.4321632385, -5.61507368088, 0.182005092502, 14.1010074615, 85.3277206421, 15.1732816696, 1.81859219074, -6.99877548218, -2.14895796776], [-10.1509933472, 25.0899066925, -4.2224445343, -18.2223358154, 12.4256429672, -3.21199131012, 5.13915920258, 7.12065410614, 15.1732816696, 84.7849273682, 8.25176715851, -24.0616950989, 14.5682449341], [23.2451648712, -13.9197473526, -11.2617921829, -6.00680017471, -5.61457633972, 7.76165294647, 5.0030465126, 1.39736402035, 1.81859219074, 8.25176715851, 53.6949996948, 27.0620765686, 5.2275018692], [15.6069831848, -21.9369411469, -1.0029168129, 2.90213346481, -3.47154974937, 11.1581916809, 6.40673351288, -5.12169504166, -6.99877548218, -24.0616950989, 27.0620765686, 82.1066589355, 10.1792612076], [-17.9256305695, -7.18135690689, 2.17631983757, -2.43956971169, 12.4081583023, 7.19610643387, 5.57880020142, 9.75061798096, -2.14895796776, 14.5682449341, 5.2275018692, 10.1792612076, 48.1502151489]],
