{
"lowlevel": {
    "average_loudness": 0.979254722595,
    "barkbands_crest": {
        "dmean": 3.49295759201,
        "dmean2": 6.1454372406,
        "dvar": 9.2105922699,
        "dvar2": 29.0710964203,
        "max": 25.0044078827,
        "mean": 15.2204761505,
        "median": 14.8742513657,
        "min": 5.6257109642,
        "var": 25.363401413
    },
    "barkbands_flatness_db": {
        "dmean": 0.0370577089489,
        "dmean2": 0.0640452727675,
        "dvar": 0.000940216297749,
        "dvar2": 0.00276363408193,
        "max": 0.364720195532,
        "mean": 0.245108634233,
        "median": 0.243476420641,
        "min": 0.129323333502,
        "var": 0.00244053965434
    },
    "barkbands_kurtosis": {
        "dmean": 10.1498165131,
        "dmean2": 17.6025352478,
        "dvar": 106.830383301,
        "dvar2": 318.171112061,
        "max": 91.9469528198,
        "mean": 15.5870485306,
        "median": 11.292093277,
        "min": -1.7576315403,
        "var": 259.080169678
    },
    "barkbands_skewness": {
        "dmean": 1.1376837492,
        "dmean2": 1.99185156822,
        "dvar": 0.894071519375,
        "dvar2": 2.59425330162,
        "max": 8.18347358704,
        "mean": 3.2092859745,
        "median": 3.09031677246,
        "min": 0.0577209666371,
        "var": 2.0705010891
    },
    "barkbands_spread": {
        "dmean": 5.43091154099,
        "dmean2": 9.75263500214,
        "dvar": 34.6681022644,
        "dvar2": 102.243423462,
        "max": 39.8136863708,
        "mean": 9.75908088684,
        "median": 7.95735883713,
        "min": 1.20493340492,
        "var": 48.6451911926
    },
    "dissonance": {
        "dmean": 0.0141379237175,
        "dmean2": 0.024476962164,
        "dvar": 0.000138615170727,
        "dvar2": 0.00041693856474,
        "max": 0.499734073877,
        "mean": 0.468274891376,
        "median": 0.471477746964,
        "min": 0.408880621195,
        "var": 0.000270020565949
    },
    "dynamic_complexity": 1.60156834126,
    "erbbands_crest": {
        "dmean": 4.21969556808,
        "dmean2": 7.53828477859,
        "dvar": 13.2010993958,
        "dvar2": 37.7415962219,
        "max": 29.1370601654,
        "mean": 11.9479141235,
        "median": 10.9400625229,
        "min": 3.80095624924,
        "var": 32.4532661438
    },
    "erbbands_flatness_db": {
        "dmean": 0.0183903630823,
        "dmean2": 0.0312947332859,
        "dvar": 0.000272165227216,
        "dvar2": 0.000698084011674,
        "max": 0.310170561075,
        "mean": 0.225264623761,
        "median": 0.221610590816,
        "min": 0.0978397652507,
        "var": 0.00108816532884
    },
    "erbbands_kurtosis": {
        "dmean": 1.07405591011,
        "dmean2": 1.93926310539,
        "dvar": 3.01933598518,
        "dvar2": 8.96136283875,
        "max": 11.5748653412,
        "mean": -0.280461937189,
        "median": -0.887504339218,
        "min": -1.74497652054,
        "var": 3.39621949196
    },
    "erbbands_skewness": {
        "dmean": 0.651345968246,
        "dmean2": 1.15675067902,
        "dvar": 0.34086894989,
        "dvar2": 1.00319206715,
        "max": 3.10069942474,
        "mean": 0.417017906904,
        "median": 0.278578102589,
        "min": -3.45203971863,
        "var": 0.818938136101
    },
    "erbbands_spread": {
        "dmean": 9.14582061768,
        "dmean2": 15.8484735489,
        "dvar": 61.6233711243,
        "dvar2": 176.81111145,
        "max": 75.9832687378,
        "mean": 45.4204292297,
        "median": 47.0442695618,
        "min": 12.9895038605,
        "var": 153.218002319
    },
    "hfc": {
        "dmean": 3.43941807747,
        "dmean2": 5.79337406158,
        "dvar": 13.9356832504,
        "dvar2": 26.1050662994,
        "max": 69.8003692627,
        "mean": 11.9308509827,
        "median": 10.8622722626,
        "min": 3.58677744865,
        "var": 57.0988349915
    },
    "melbands_crest": {
        "dmean": 3.78698968887,
        "dmean2": 6.66564035416,
        "dvar": 9.08631706238,
        "dvar2": 25.9794578552,
        "max": 28.4766120911,
        "mean": 19.1608505249,
        "median": 19.3966121674,
        "min": 8.49296951294,
        "var": 18.8960132599
    },
    "melbands_flatness_db": {
        "dmean": 0.0428276695311,
        "dmean2": 0.0748411566019,
        "dvar": 0.00120322580915,
        "dvar2": 0.0034128848929,
        "max": 0.452084153891,
        "mean": 0.332907497883,
        "median": 0.335531175137,
        "min": 0.143050372601,
        "var": 0.003224598011
    },
    "melbands_kurtosis": {
        "dmean": 22.9667110443,
        "dmean2": 40.2440452576,
        "dvar": 424.71585083,
        "dvar2": 1165.3203125,
        "max": 182.018661499,
        "mean": 41.5524368286,
        "median": 34.6010513306,
        "min": -0.145874977112,
        "var": 1063.79528809
    },
    "melbands_skewness": {
        "dmean": 1.55426692963,
        "dmean2": 2.69568562508,
        "dvar": 1.52738654613,
        "dvar2": 4.37541913986,
        "max": 10.9064493179,
        "mean": 5.18176651001,
        "median": 5.12315797806,
        "min": 0.559777736664,
        "var": 3.38975977898
    },
    "melbands_spread": {
        "dmean": 5.33282136917,
        "dmean2": 9.47190284729,
        "dvar": 44.97473526,
        "dvar2": 128.798278809,
        "max": 49.1616973877,
        "mean": 8.36831092834,
        "median": 5.87978839874,
        "min": 1.06132948399,
        "var": 58.3411140442
    },
    "pitch_salience": {
        "dmean": 0.111355297267,
        "dmean2": 0.196386829019,
        "dvar": 0.00775081897154,
        "dvar2": 0.0230511575937,
        "max": 0.671863496304,
        "mean": 0.408994525671,
        "median": 0.425644516945,
        "min": 0.109652921557,
        "var": 0.0172248706222
    },
    "silence_rate_20dB": {
        "dmean": 0,
        "dmean2": 0,
        "dvar": 0,
        "dvar2": 0,
        "max": 1,
        "mean": 1,
        "median": 1,
        "min": 1,
        "var": 0
    },
    "silence_rate_30dB": {
        "dmean": 0,
        "dmean2": 0,
        "dvar": 0,
        "dvar2": 0,
        "max": 1,
        "mean": 1,
        "median": 1,
        "min": 1,
        "var": 0
    },
    "silence_rate_60dB": {
        "dmean": 0,
        "dmean2": 0,
        "dvar": 0,
        "dvar2": 0,
        "max": 0,
        "mean": 0,
        "median": 0,
        "min": 0,
        "var": 0
    },
    "spectral_centroid": {
        "dmean": 292.333251953,
        "dmean2": 523.987426758,
        "dvar": 86046.359375,
        "dvar2": 250512.90625,
        "max": 2213.49560547,
        "mean": 710.936950684,
        "median": 607.830688477,
        "min": 239.93649292,
        "var": 158485.96875
    },
    "spectral_complexity": {
        "dmean": 2.95180726051,
        "dmean2": 4.69758081436,
        "dvar": 8.23060894012,
        "dvar2": 15.3561306,
        "max": 48,
        "mean": 14.9519996643,
        "median": 14,
        "min": 6,
        "var": 41.8937072754
    },
    "spectral_decrease": {
        "dmean": 4.16905310274e-09,
        "dmean2": 7.51230366802e-09,
        "dvar": 1.0583658478e-17,
        "dvar2": 3.07481727968e-17,
        "max": -1.61497437645e-09,
        "mean": -9.9029939804e-09,
        "median": -9.57183576844e-09,
        "min": -2.08707771066e-08,
        "var": 1.8412914704e-17
    },
    "spectral_energy": {
        "dmean": 0.0159243773669,
        "dmean2": 0.0287058223039,
        "dvar": 0.0001562320831,
        "dvar2": 0.000452667125501,
        "max": 0.0805204436183,
        "mean": 0.0384582914412,
        "median": 0.0371463000774,
        "min": 0.00668609282002,
        "var": 0.000272890349152
    },
    "spectral_energyband_high": {
        "dmean": 4.83555049868e-05,
        "dmean2": 8.17208274384e-05,
        "dvar": 1.60360400514e-08,
        "dvar2": 3.75871280767e-08,
        "max": 0.00200234586373,
        "mean": 9.71824556473e-05,
        "median": 6.21800281806e-05,
        "min": 9.92303830571e-06,
        "var": 2.96196986938e-08
    },
    "spectral_energyband_low": {
        "dmean": 0.00507772620767,
        "dmean2": 0.00863318238407,
        "dvar": 3.38528261636e-05,
        "dvar2": 9.74411814241e-05,
        "max": 0.0518984645605,
        "mean": 0.00917813647538,
        "median": 0.00567610096186,
        "min": 0.000295228674076,
        "var": 9.32669645408e-05
    },
    "spectral_energyband_middle_high": {
        "dmean": 0.0011338108452,
        "dmean2": 0.00169227062725,
        "dvar": 3.56978989657e-06,
        "dvar2": 6.69673454468e-06,
        "max": 0.034827452153,
        "mean": 0.00288349296898,
        "median": 0.00212561246008,
        "min": 0.000373316404875,
        "var": 1.21968269013e-05
    },
    "spectral_energyband_middle_low": {
        "dmean": 0.0158252697438,
        "dmean2": 0.0287621356547,
        "dvar": 0.000182799427421,
        "dvar2": 0.000537428830285,
        "max": 0.0770549252629,
        "mean": 0.026796342805,
        "median": 0.0215545799583,
        "min": 0.00158302031923,
        "var": 0.000374448456569
    },
    "spectral_entropy": {
        "dmean": 0.275806993246,
        "dmean2": 0.481759905815,
        "dvar": 0.0514353252947,
        "dvar2": 0.153175339103,
        "max": 7.63968849182,
        "mean": 6.92737007141,
        "median": 6.95991611481,
        "min": 5.89464139938,
        "var": 0.15775847435
    },
    "spectral_flux": {
        "dmean": 0.0320859141648,
        "dmean2": 0.052576277405,
        "dvar": 0.000701334036421,
        "dvar2": 0.00165745709091,
        "max": 0.19946423173,
        "mean": 0.0956218168139,
        "median": 0.090461730957,
        "min": 0.0352137312293,
        "var": 0.00114359089639
    },
    "spectral_kurtosis": {
        "dmean": 4.12346458435,
        "dmean2": 7.29586267471,
        "dvar": 13.1715526581,
        "dvar2": 38.663444519,
        "max": 23.8507328033,
        "mean": 7.18347263336,
        "median": 6.17203569412,
        "min": 0.367322444916,
        "var": 22.5316085815
    },
    "spectral_rms": {
        "dmean": 0.00133489654399,
        "dmean2": 0.00238491757773,
        "dvar": 1.12327791157e-06,
        "dvar2": 3.32147214976e-06,
        "max": 0.00886321160942,
        "mean": 0.00597218098119,
        "median": 0.0060199778527,
        "min": 0.00255401991308,
        "var": 1.85334454272e-06
    },
    "spectral_rolloff": {
        "dmean": 296.967926025,
        "dmean2": 556.129699707,
        "dvar": 221200.546875,
        "dvar2": 613475.625,
        "max": 2627.05078125,
        "mean": 430.23236084,
        "median": 215.33203125,
        "min": 107.666015625,
        "var": 226563.078125
    },
    "spectral_skewness": {
        "dmean": 0.389519900084,
        "dmean2": 0.683909475803,
        "dvar": 0.103627808392,
        "dvar2": 0.290867418051,
        "max": 3.27157831192,
        "mean": 1.4658138752,
        "median": 1.36777377129,
        "min": 0.600436091423,
        "var": 0.274879813194
    },
    "spectral_spread": {
        "dmean": 215173.90625,
        "dmean2": 341566.03125,
        "dvar": 42241527808,
        "dvar2": 93409583104,
        "max": 4759597.5,
        "mean": 2645097,
        "median": 2628370.75,
        "min": 2011473.75,
        "var": 72522473472
    },
    "spectral_strongpeak": {
        "dmean": 0.391770511866,
        "dmean2": 0.677474915981,
        "dvar": 0.11416387558,
        "dvar2": 0.356931328773,
        "max": 2.40247654915,
        "mean": 0.995961904526,
        "median": 0.87462490797,
        "min": 0.0704408958554,
        "var": 0.345535963774
    },
    "zerocrossingrate": {
        "dmean": 0.00526520144194,
        "dmean2": 0.00791291240603,
        "dvar": 2.46330346272e-05,
        "dvar2": 5.12162478117e-05,
        "max": 0.07861328125,
        "mean": 0.0229863282293,
        "median": 0.02197265625,
        "min": 0.0078125,
        "var": 0.000119525480841
    },
    "barkbands": {
        "dmean": [2.24967934628e-05, 0.0038177811075, 0.00164208293427, 0.00393682857975, 0.0126973381266, 0.000184075383004, 0.000175047520315, 9.67832456809e-05, 0.000208385652513, 0.000526280200575, 0.000191646686289, 9.12090326892e-05, 2.58378677245e-05, 0.000194285472389, 0.000125502643641, 0.000281262153294, 0.000156244146638, 8.0829464423e-05, 7.02250981703e-05, 3.75717499992e-05, 3.28322894347e-05, 2.4895837214e-06, 2.36468679304e-07, 4.00061736627e-07, 1.23820342424e-07, 8.75463541661e-08, 4.32810054463e-08],
        "dmean2": [3.39264297509e-05, 0.00658248178661, 0.00274066743441, 0.00694783870131, 0.0231876317412, 0.000321442930726, 0.000298153317999, 0.000165476434631, 0.000366124761058, 0.000843946880195, 0.000308912218316, 0.000148611186887, 4.44317192887e-05, 0.000307215406792, 0.000209951933357, 0.000501471746247, 0.000227817712585, 0.000136791728437, 0.000115983370051, 6.33064046269e-05, 5.25179348188e-05, 3.83959377359e-06, 3.47019550873e-07, 5.73147076466e-07, 1.77880480123e-07, 1.17220196216e-07, 4.54002808681e-08],
        "dvar": [5.59493695818e-09, 2.16300250031e-05, 3.82939697374e-06, 9.58109558269e-06, 0.000128734915052, 3.78708655546e-08, 5.12857916135e-08, 1.40812304039e-08, 1.41001976317e-07, 1.21917798879e-06, 1.02253224554e-07, 2.95574267284e-08, 4.43144809736e-09, 6.98362612184e-08, 3.33166596533e-08, 9.31814554406e-07, 1.36689621399e-07, 1.13689662129e-08, 2.75014464535e-08, 6.83546996783e-09, 5.79946402013e-09, 4.08754835535e-11, 3.16640783688e-13, 9.24948377438e-13, 2.59204956761e-13, 2.17829945162e-13, 2.31776918621e-13],
        "dvar2": [6.46395426074e-09, 6.57785203657e-05, 1.01017294583e-05, 2.58478321484e-05, 0.000380629702704, 1.11373722689e-07, 1.37896051911e-07, 3.98366850618e-08, 4.31155484648e-07, 2.80834296973e-06, 1.94607721937e-07, 6.96809152601e-08, 1.35471553975e-08, 1.78907200166e-07, 9.21259655229e-08, 2.66100937552e-06, 1.93715294472e-07, 2.76128542254e-08, 4.70695447063e-08, 1.73121588176e-08, 1.29793207293e-08, 6.38599034763e-11, 3.44034452619e-13, 1.38832727866e-12, 3.10073635604e-13, 2.45829344294e-13, 2.32506830629e-13],
        "max": [0.0011972602224, 0.0353869572282, 0.018601257354, 0.0213079135865, 0.0652081593871, 0.0015548884403, 0.00236111343838, 0.00116666150279, 0.00460671260953, 0.014991001226, 0.00337338633835, 0.00268254801631, 0.000836049381178, 0.00284289149567, 0.00176813825965, 0.00973040424287, 0.00629587331787, 0.00142642704304, 0.0025016090367, 0.00103795470204, 0.00121905771084, 0.000114417256555, 6.77723392073e-06, 1.44479918163e-05, 6.65268407829e-06, 6.51098571325e-06, 6.96999222782e-06],
        "mean": [4.08568557759e-05, 0.00567508907989, 0.00301335728727, 0.0044024544768, 0.0213144142181, 0.000273555167951, 0.000278576771962, 0.000139605006552, 0.000304099317873, 0.000735103501938, 0.000298923027003, 0.000129055319121, 3.89494889532e-05, 0.000338473502779, 0.000296471000183, 0.000367932196241, 0.000288589624688, 0.000228125238209, 0.000163116928888, 7.00935052009e-05, 5.44282120245e-05, 5.29150929651e-06, 5.34154651177e-07, 8.51382253586e-07, 2.07011041198e-07, 1.51461449605e-07, 5.21489837979e-08],
        "median": [1.2728771253e-05, 0.00361185334623, 0.00170108000748, 0.00357713038102, 0.0155109316111, 0.000209733523661, 0.000193203188246, 9.75797884166e-05, 0.00018785498105, 0.000261827168288, 0.00015149533283, 7.57815287216e-05, 1.84318032552e-05, 0.000170811093994, 0.000144372927025, 0.000166612662724, 0.000150926294737, 0.000112224901386, 9.34138370212e-05, 3.51444687112e-05, 3.48259200109e-05, 2.85217447527e-06, 3.56274540536e-07, 4.44290179757e-07, 9.16594444789e-08, 7.11455214741e-08, 1.1049765547e-08],
        "min": [5.30442392233e-08, 3.14733042615e-05, 7.73739157012e-06, 6.39356658212e-05, 0.000411207030993, 1.59292449098e-05, 1.39476587719e-05, 4.60264436697e-06, 2.16362568608e-05, 1.65885012393e-05, 8.20817786007e-06, 9.79974447546e-06, 2.14265219256e-06, 1.13905462058e-05, 1.00520010164e-05, 2.27590044233e-05, 2.30410478252e-05, 1.16330065794e-05, 2.23507522605e-05, 5.13363238497e-06, 6.2220306063e-06, 5.59176555726e-07, 8.48185806035e-08, 6.40329176349e-08, 2.42313475951e-08, 2.40953799135e-08, 4.08302014421e-09],
        "var": [8.49802450631e-09, 4.02764817409e-05, 1.31412034534e-05, 1.20482827697e-05, 0.000313690630719, 5.21988994251e-08, 6.74862619121e-08, 2.03670538212e-08, 2.40235749516e-07, 2.16714761336e-06, 1.94102682372e-07, 4.38048033402e-08, 5.26057819528e-09, 1.63323775837e-07, 1.23518546502e-07, 8.10946971797e-07, 3.52061249487e-07, 8.15287393152e-08, 9.73635465584e-08, 1.41320688485e-08, 8.83343354019e-09, 1.31783667312e-10, 5.60813765219e-13, 2.47769599976e-12, 3.06473677816e-13, 2.37571816603e-13, 2.30965989606e-13]
    },
    "erbbands": {
        "dmean": [0.0433440580964, 1.06490302086, 2.51422166824, 5.15481328964, 57.6756668091, 21.5993251801, 1.41964256763, 1.95855140686, 1.68032503128, 3.049877882, 3.13982701302, 4.57858657837, 7.77777290344, 17.7423191071, 6.55532264709, 3.10366439819, 0.920568227768, 4.50476121902, 9.44926071167, 8.37565040588, 15.0883808136, 8.696144104, 4.03683328629, 5.40117645264, 2.4439675808, 1.74026167393, 1.17936611176, 0.993574798107, 0.12417114526, 0.0207237247378, 0.00786899402738, 0.0101125361398, 0.00541160255671, 0.00207046954893, 0.000506678712554, 0.000469337945106, 0.000131945489557, 2.95822756016e-05, 1.26332206491e-05, 1.76259563887e-05],
        "dmean2": [0.0753982067108, 1.84897816181, 4.23838424683, 9.0737285614, 104.2345047, 38.738155365, 2.48115062714, 3.44840884209, 2.86207056046, 5.10900878906, 5.30590438843, 8.20141220093, 12.9515314102, 29.0070705414, 10.4642457962, 5.05403375626, 1.45847284794, 7.31922006607, 14.8024959564, 14.1309652328, 25.3063220978, 13.3472328186, 6.6712937355, 8.95354557037, 4.21125602722, 2.94765138626, 1.85272097588, 1.61238145828, 0.187296032906, 0.032844606787, 0.0122702335939, 0.0147845838219, 0.00818511098623, 0.00304018799216, 0.000654839561321, 0.000660976395011, 0.000170215949765, 3.26756708091e-05, 1.81491432159e-05, 3.15069373755e-05],
        "dvar": [0.00309098372236, 1.68103516102, 8.40102863312, 15.4340238571, 2321.69824219, 360.994232178, 1.42299950123, 4.68051862717, 2.37736821175, 25.6993560791, 10.1839561462, 104.661529541, 511.18081665, 960.579406738, 101.110710144, 59.9963874817, 4.09900379181, 55.4369010925, 207.471160889, 369.02255249, 3415.0612793, 312.555023193, 54.4058151245, 75.6616744995, 31.2088527679, 23.4629268646, 5.56440401077, 5.91990041733, 0.091207459569, 0.00359877990559, 0.000292700744467, 0.000591690535657, 0.000201933595235, 4.38127026428e-05, 1.07978539745e-05, 4.14841542806e-06, 7.00708937984e-07, 8.8741991533e-08, 4.57749571581e-09, 2.1509505288e-10],
        "dvar2": [0.00958041660488, 5.01933050156, 21.9928035736, 43.1776809692, 6975.56054688, 1103.36816406, 3.90575408936, 14.2845506668, 6.53936386108, 69.3587265015, 25.6728057861, 316.76171875, 1266.96044922, 2357.36474609, 205.890686035, 146.060409546, 10.3107976913, 135.187347412, 594.607177734, 915.295715332, 9528.65234375, 472.881622314, 109.228012085, 141.664596558, 60.7449455261, 58.2124977112, 11.5124731064, 13.6565818787, 0.109318226576, 0.00573102850467, 0.000368940527551, 0.00084392761346, 0.000362672901247, 6.07513065916e-05, 1.09921857074e-05, 5.91957768847e-06, 7.1511550459e-07, 8.91586040552e-08, 4.63222349367e-09, 5.62151769579e-10],
        "max": [0.492954164743, 10.1845750809, 27.3080329895, 27.7911109924, 274.562347412, 118.178321838, 8.47411632538, 14.2275209427, 13.5215263367, 53.4584121704, 35.1878395081, 123.685783386, 343.182189941, 270.513824463, 95.0134048462, 119.841697693, 28.9129695892, 89.020904541, 172.691986084, 267.641937256, 638.78326416, 275.062530518, 103.374855042, 127.62021637, 81.9690170288, 60.9256134033, 40.5955505371, 38.6015014648, 5.40851211548, 0.936596989632, 0.19541876018, 0.35115301609, 0.203660711646, 0.0771806314588, 0.046337582171, 0.0257859211415, 0.0120676923543, 0.00430911267176, 0.000996331335045, 0.000123841033201],
        "mean": [0.0666303783655, 1.56475460529, 4.61710739136, 7.68379306793, 86.2663269043, 37.0291900635, 2.8984746933, 2.76903963089, 2.84127116203, 4.57367372513, 4.78664112091, 7.04516792297, 10.7744417191, 25.7489738464, 11.5147018433, 4.74571418762, 1.89108669758, 8.43644142151, 20.0414466858, 17.0265769958, 19.7362499237, 17.2120990753, 10.2758579254, 13.8149671555, 5.56782436371, 3.36146116257, 2.34862422943, 1.60306322575, 0.27107155323, 0.0441774204373, 0.0178274698555, 0.0214422475547, 0.010373824276, 0.00371633702889, 0.000891711330041, 0.000864693836775, 0.000228529868764, 3.5419849155e-05, 2.51834990195e-05, 4.35289948655e-05],
        "median": [0.0372364148498, 0.930574178696, 2.67268896103, 6.61151599884, 64.9600524902, 28.2899303436, 2.67854332924, 2.09431052208, 2.25906848907, 2.85962533951, 3.23740530014, 3.91414928436, 5.28956794739, 8.91918849945, 7.36366796494, 2.86784505844, 1.08065271378, 4.36445617676, 12.4785604477, 8.6609992981, 9.72017860413, 9.57268333435, 6.21345901489, 7.97370958328, 2.73541665077, 1.63773727417, 1.59221410751, 1.05612397194, 0.152060687542, 0.022464511916, 0.0121356500313, 0.0114177521318, 0.00495543284342, 0.00172302825376, 0.000435344903963, 0.000480077462271, 0.000100805889815, 7.81407834438e-06, 1.90118225873e-05, 4.19699790655e-05],
        "min": [0.0014474412892, 0.0179378427565, 0.105650857091, 0.240818023682, 0.784809529781, 1.0808224678, 0.494263291359, 0.277018487453, 0.299617856741, 0.330076098442, 0.266110509634, 0.605134129524, 0.655458807945, 0.559199810028, 0.554875850677, 0.328315496445, 0.219866096973, 0.54979544878, 0.956155836582, 0.873033285141, 1.75760555267, 1.83210241795, 0.771505951881, 1.23590219021, 0.617141842842, 0.320301681757, 0.242801651359, 0.204227045178, 0.0329368673265, 0.00534208724275, 0.00270386203192, 0.00193187710829, 0.000763818097766, 0.000349875277607, 0.000135945054353, 0.000161063100677, 3.69623157894e-05, 2.74223975794e-06, 5.75377043788e-06, 8.45064823807e-06],
        "var": [0.00555581180379, 3.16421484947, 28.2428855896, 20.313533783, 5001.90283203, 821.177307129, 2.3028857708, 5.59043169022, 3.88379526138, 32.8969078064, 20.9349746704, 187.618347168, 691.727966309, 1712.59436035, 197.830688477, 76.7705307007, 10.2844629288, 127.995254517, 434.131896973, 763.584594727, 2686.28613281, 842.227478027, 140.630645752, 305.897064209, 107.546409607, 45.1573448181, 12.2335386276, 8.25592708588, 0.306440979242, 0.00824775919318, 0.000536156061571, 0.00173515768256, 0.000376416835934, 6.38079654891e-05, 1.12401712613e-05, 4.72621513836e-06, 7.37111292892e-07, 8.84881856678e-08, 4.58374271872e-09, 3.52225831834e-10]
    },
    "gfcc": {
        "mean": [-61.669506073, 169.546081543, -138.437713623, 52.4708518982, -18.0285282135, -15.4952487946, -17.8602237701, -5.7633895874, -24.2155723572, -21.3191356659, -24.580324173, -18.1469364166, 4.49882650375],
        "cov": [[647.373535156, -219.653015137, -238.281234741, 19.7701683044, -63.9589042664, 101.103469849, 5.5239777565, 93.1653823853, 7.25281715393, 73.4347076416, 28.1274032593, 1.08405673504, -28.7622642517], [-219.653015137, 188.443893433, 105.343948364, -19.6015319824, 53.8875732422, -41.0942878723, 32.4774932861, -46.7133216858, -1.83735692501, -35.0413322449, -1.286886096, 3.56418848038, 25.3981342316], [-238.281234741, 105.343948364, 253.561843872, 22.9935646057, 44.387046814, -26.3265304565, 16.7847747803, -18.6747875214, 12.6702833176, -13.5044975281, 8.76131057739, 35.4644393921, 17.6224250793], [19.7701683044, -19.6015319824, 22.9935646057, 114.708755493, 39.670211792, 22.8962001801, 12.3883628845, 46.9214363098, 41.7023887634, 45.8253974915, 26.752412796, 5.8152050972, -8.31320476532], [-63.9589042664, 53.8875732422, 44.387046814, 39.670211792, 110.315643311, 8.09492492676, 1.01504552364, -9.80883026123, 25.1548233032, 12.7105007172, 9.83721160889, 2.61603784561, -0.724573194981], [101.103469849, -41.0942878723, -26.3265304565, 22.8962001801, 8.09492492676, 80.160697937, 33.3350524902, 46.1904563904, 19.2274265289, 41.557182312, 26.6645336151, 25.2879295349, 8.08285808563], [5.5239777565, 32.4774932861, 16.7847747803, 12.3883628845, 1.01504552364, 33.3350524902, 74.5092926025, 40.1901626587, 10.1453056335, 16.1293258667, 9.85916519165, 30.780916214, 12.4794082642], [93.1653823853, -46.7133216858, -18.6747875214, 46.9214363098, -9.80883026123, 46.1904563904, 40.1901626587, 108.661842346, 53.6661567688, 57.5049209595, 20.025976181, 33.3884048462, -3.95230650902], [7.25281715393, -1.83735692501, 12.6702833176, 41.7023887634, 25.1548233032, 19.2274265289, 10.1453056335, 53.6661567688, 61.5489807129, 54.2734298706, 14.8804664612, 15.0844421387, -6.11021900177], [73.4347076416, -35.0413322449, -13.5044975281, 45.8253974915, 12.7105007172, 41.557182312, 16.1293258667, 57.5049209595, 54.2734298706, 106.844619751, 36.5772323608, 22.0693798065, -15.1389093399], [28.1274032593, -1.286886096, 8.76131057739, 26.752412796, 9.83721160889, 26.6645336151, 9.85916519165, 20.025976181, 14.8804664612, 36.5772323608, 43.7868537903, 15.2237510681, -7.03327846527], [1.08405673504, 3.56418848038, 35.4644393921, 5.8152050972, 2.61603784561, 25.2879295349, 30.780916214, 33.3884048462, 15.0844421387, 22.0693798065, 15.2237510681, 56.0952415466, 16.2975559235], [-28.7622642517, 25.3981342316, 17.6224250793, -8.31320476532, -0.724573194981, 8.08285808563, 12.4794082642, -3.95230650902, -6.11021900177, -15.1389093399, -7.03327846527, 16.2975559235, 39.1741523743]],
        "icov": [[0.00368359591812, 0.00262001343071, 0.00207856250927, 0.000379146455089, -0.000294069439406, -0.00139379827306, -0.00067214196315, -0.00134836009238, 0.00151295785327, -0.000491063517984, -0.00146100518759, 0.000363280967576, 0.00014431476302], [0.00262001343071, 0.0264264587313, -0.0020243760664, 0.00916826725006, -0.00966894254088, 0.0179003551602, -0.0241612773389, 0.0101590752602, -0.0160254333168, 0.00546536641195, -0.0191432964057, 0.0100530087948, -0.0155105739832], [0.00207856250927, -0.0020243760664, 0.00796799827367, -0.00280377664603, 0.000440763717052, 9.34792333283e-05, 0.000916954595596, 0.00164151575882, -0.00110659166239, 0.00138293509372, -0.00056258845143, -0.00675825076178, 0.00159403472207], [0.000379146455089, 0.00916826725006, -0.00280377664603, 0.0189097449183, -0.008520135656, 0.00771835399792, -0.00815206207335, -0.00411774031818, -0.0062920008786, 0.000112515648652, -0.0128002502024, 0.0103678526357, -0.00750964134932], [-0.000294069439406, -0.00966894254088, 0.000440763717052, -0.008520135656, 0.0188737250865, -0.011675009504, 0.00727385608479, 0.00722799357027, -0.00690601300448, 0.00139273575041, 0.00754055706784, -0.00588717358187, 0.00848067738116], [-0.00139379827306, 0.0179003551602, 9.34792333283e-05, 0.00771835399792, -0.011675009504, 0.041501801461, -0.0227635856718, 0.00069199554855, -0.00671820668504, -0.000959243043326, -0.0237486772239, 0.00665858993307, -0.0209431573749], [-0.00067214196315, -0.0241612773389, 0.000916954595596, -0.00815206207335, 0.00727385608479, -0.0227635856718, 0.045321829617, -0.0200968850404, 0.0244197454304, -0.00637979758903, 0.0195988453925, -0.0140646556392, 0.01210817229], [-0.00134836009238, 0.0101590752602, 0.00164151575882, -0.00411774031818, 0.00722799357027, 0.00069199554855, -0.0200968850404, 0.0423978343606, -0.037542887032, 0.0077018328011, -0.00414874963462, -0.00827344786376, 0.00129952013958], [0.00151295785327, -0.0160254333168, -0.00110659166239, -0.0062920008786, -0.00690601300448, -0.00671820668504, 0.0244197454304, -0.037542887032, 0.0732700303197, -0.0262090358883, 0.0182625576854, -0.00130074948538, 0.00547463493422], [-0.000491063517984, 0.00546536641195, 0.00138293509372, 0.000112515648652, 0.00139273575041, -0.000959243043326, -0.00637979758903, 0.0077018328011, -0.0262090358883, 0.0281691774726, -0.014543521218, -0.00320436130278, 0.00405092258006], [-0.00146100518759, -0.0191432964057, -0.00056258845143, -0.0128002502024, 0.00754055706784, -0.0237486772239, 0.0195988453925, -0.00414874963462, 0.0182625576854, -0.014543521218, 0.0561164952815, -0.015528075397, 0.0210162755102], [0.000363280967576, 0.0100530087948, -0.00675825076178, 0.0103678526357, -0.00588717358187, 0.00665858993307, -0.0140646556392, -0.00827344786376, -0.00130074948538, -0.00320436130278, -0.015528075397, 0.0421011894941, -0.0205920729786], [0.00014431476302, -0.0155105739832, 0.00159403472207, -0.00750964134932, 0.00848067738116, -0.0209431573749, 0.01210817229, 0.00129952013958, 0.00547463493422, 0.00405092258006, 0.0210162755102, -0.0205920729786, 0.0488899089396]]
    },
    "melbands": {
        "dmean": [0.00069263583282, 0.00141568295658, 0.00264263385907, 0.00318333203904, 8.38912164909e-05, 4.0209342842e-05, 2.87710245175e-05, 2.83249100903e-05, 3.21834704664e-05, 2.69592055702e-05, 4.16384791606e-05, 7.7461329056e-05, 2.65277867584e-05, 1.18632569865e-05, 3.51496919393e-06, 3.14690350933e-06, 1.00518873296e-05, 1.87512869161e-05, 1.16887813419e-05, 1.33368912429e-05, 1.95892771444e-05, 8.98897360457e-06, 6.83720691086e-06, 3.43146962223e-06, 4.85612918055e-06, 2.21924483412e-06, 1.5781242837e-06, 1.16331227673e-06, 4.67604650112e-07, 1.38664836413e-06, 2.85909976583e-07, 6.96821373936e-08, 3.56589673345e-08, 4.26746726845e-09, 4.34257785287e-09, 5.94662807885e-09, 6.51156240039e-09, 4.08525169249e-09, 3.27242033471e-09, 1.34151334485e-09],
        "dmean2": [0.00119798642118, 0.0024512805976, 0.00471962615848, 0.00579784810543, 0.000146702092024, 7.05177008058e-05, 4.9171201681e-05, 4.75675296912e-05, 5.50230433873e-05, 4.80770795548e-05, 6.83996840962e-05, 0.000126877435832, 4.2559877329e-05, 1.98345987883e-05, 5.13921304446e-06, 5.06013202539e-06, 1.62954838743e-05, 2.94635938189e-05, 1.93522355403e-05, 2.33614809986e-05, 3.31850787916e-05, 1.33555631692e-05, 1.15771517812e-05, 5.81100175623e-06, 8.10030724097e-06, 3.82222197004e-06, 2.62839125753e-06, 1.96405153474e-06, 7.28359736968e-07, 2.27965347221e-06, 4.47091736078e-07, 1.07400019544e-07, 5.78688030828e-08, 6.34696606383e-09, 6.85600864969e-09, 8.57126458698e-09, 9.29002919037e-09, 6.20462836665e-09, 5.06716091309e-09, 1.87960003117e-09],
        "dvar": [7.17364514458e-07, 2.79485766441e-06, 4.129286026e-06, 8.13408951217e-06, 4.97600538552e-09, 1.86154380799e-09, 8.83706330335e-10, 2.29820384945e-09, 1.08914166574e-09, 3.59826080043e-09, 1.44814773506e-08, 1.95284126647e-08, 2.04931227543e-09, 4.03412969696e-10, 8.0504859723e-11, 5.57525241252e-11, 2.10172448889e-10, 8.93210505559e-10, 3.49465817395e-10, 1.31439814588e-09, 6.6448775371e-09, 3.38073763428e-10, 2.77036171781e-10, 2.05511354462e-11, 6.13228218205e-11, 3.89490280306e-11, 8.26154509387e-12, 1.49722526044e-11, 4.95815519717e-13, 1.20119461253e-11, 3.40785451074e-13, 2.63077100116e-14, 1.39617923004e-14, 1.22938454609e-16, 8.05884616072e-17, 1.67727399572e-16, 2.66622069585e-16, 1.09853324203e-16, 6.97655576807e-17, 2.37850342291e-17],
        "dvar2": [2.17874662667e-06, 7.69032703829e-06, 1.23092804643e-05, 2.41671405092e-05, 1.36377158455e-08, 5.6622893041e-09, 2.41862974093e-09, 6.32024477198e-09, 2.79488676647e-09, 1.08777093999e-08, 3.46684672081e-08, 4.70238177286e-08, 3.97859967194e-09, 9.9649066776e-10, 1.25432275677e-10, 1.42593215013e-10, 5.01525820873e-10, 2.54997223337e-09, 9.48080280949e-10, 3.72369179935e-09, 1.86767454835e-08, 5.13240838718e-10, 6.07702665967e-10, 4.71233434218e-11, 1.15924436717e-10, 7.15180970001e-11, 2.24493323236e-11, 3.91772031483e-11, 9.2322254442e-13, 2.86797981197e-11, 6.76153035471e-13, 3.68282471576e-14, 2.51097123508e-14, 1.72509853472e-16, 1.01453808009e-16, 2.5255772277e-16, 3.93652500657e-16, 2.11577659977e-16, 1.32395365707e-16, 2.81349371882e-17],
        "max": [0.00715771922842, 0.0151547435671, 0.0110042113811, 0.0161788240075, 0.000497435103171, 0.000292690529022, 0.000263661640929, 0.00049940799363, 0.000338394020218, 0.000735113746487, 0.00184289854951, 0.00134164548945, 0.000433444685768, 0.000294330762699, 0.000161710384418, 9.57649172051e-05, 0.000161064454005, 0.000334194977768, 0.000169585648109, 0.000437827198766, 0.000914943753742, 0.000317355239531, 0.000234530176385, 5.80519226787e-05, 0.000113764865091, 8.9625325927e-05, 2.74082613032e-05, 4.69012084068e-05, 1.17306672109e-05, 5.25328505319e-05, 1.02066987893e-05, 2.88963474304e-06, 1.88161868664e-06, 1.30438678525e-07, 1.14817616748e-07, 1.82312803076e-07, 2.63411806145e-07, 1.51269802018e-07, 9.11589381758e-08, 6.14369426444e-08],
        "mean": [0.00106356537435, 0.0023873813916, 0.00365478661843, 0.00540736643597, 0.00011938901298, 5.65248483326e-05, 4.91308783239e-05, 4.24320205639e-05, 4.663560685e-05, 4.07959305448e-05, 5.56080522074e-05, 0.00011016089411, 4.30788350059e-05, 1.74528395291e-05, 5.72269846089e-06, 5.12462656843e-06, 1.84296659427e-05, 3.5466706322e-05, 2.73249570455e-05, 1.9965447791e-05, 2.36435171246e-05, 1.710903598e-05, 1.31664955916e-05, 9.734591913e-06, 1.16813671411e-05, 4.78511219626e-06, 2.8071115139e-06, 2.09629206438e-06, 1.11084466425e-06, 2.05917240237e-06, 4.98858810261e-07, 1.47699992681e-07, 6.14948660882e-08, 9.31711241492e-09, 8.88224072071e-09, 1.2218736245e-08, 1.32782806972e-08, 7.50757411794e-09, 5.40840838781e-09, 2.31131158657e-09],
        "median": [0.000684113590978, 0.0013639065437, 0.00300074042752, 0.00403597112745, 0.000100937468233, 4.32503184129e-05, 3.96937830374e-05, 2.6154659281e-05, 2.9968779927e-05, 2.30801342695e-05, 2.40630361077e-05, 3.82530088245e-05, 2.34490253206e-05, 1.12178331619e-05, 2.84294947051e-06, 2.33419041251e-06, 9.29099951463e-06, 2.33272148762e-05, 1.21253951875e-05, 8.40361099108e-06, 1.14810391096e-05, 9.86432587524e-06, 8.06763091532e-06, 5.23068865732e-06, 6.75649152981e-06, 2.19916228161e-06, 1.2969439922e-06, 9.53470816967e-07, 7.18135027e-07, 1.24771668197e-06, 3.44029047028e-07, 8.21925993932e-08, 2.59469281616e-08, 5.84419268534e-09, 6.3949769924e-09, 6.50908082989e-09, 6.87660595133e-09, 3.73310715673e-09, 2.33499486413e-09, 1.04936681566e-09],
        "min": [1.01225596154e-05, 2.58982545347e-05, 4.15206159232e-05, 0.000109434193291, 1.31294054881e-05, 3.01974796457e-06, 3.69157373825e-06, 3.39881489708e-06, 1.78360335212e-06, 3.77827018383e-06, 2.65242897513e-06, 1.9947394776e-06, 1.51542587901e-06, 1.42357259847e-06, 3.12557460802e-07, 1.9681409924e-07, 9.96362473416e-07, 8.17638635908e-07, 9.66788206824e-07, 1.03167349152e-06, 1.31677938953e-06, 1.61013554134e-06, 9.85581323221e-07, 4.31890526897e-07, 8.94590471034e-07, 4.59607832681e-07, 3.46283769659e-07, 1.65858125456e-07, 1.02558274762e-07, 1.64597381058e-07, 6.24538145644e-08, 1.57278563506e-08, 6.69774280482e-09, 1.24139987179e-09, 1.34059685575e-09, 1.3048016001e-09, 9.52135703614e-10, 6.01598215688e-10, 2.77670858528e-10, 2.36681008126e-10],
        "var": [1.32854688673e-06, 7.559099231e-06, 6.47581191515e-06, 1.93918695004e-05, 6.53613918544e-09, 2.35670394311e-09, 1.28905941477e-09, 2.9230706744e-09, 2.29056484891e-09, 6.17491524579e-09, 2.10115782551e-08, 3.53923539365e-08, 3.78995546058e-09, 5.88673776392e-10, 1.74014164189e-10, 1.03950147101e-10, 5.37133892919e-10, 1.55610702102e-09, 1.21049614776e-09, 2.06124961544e-09, 4.74740247114e-09, 9.4198160383e-10, 4.30918467575e-10, 1.45434025933e-10, 2.29593816181e-10, 1.36237840453e-10, 1.81192023191e-11, 2.2519076881e-11, 1.86520612323e-12, 1.50555054534e-11, 6.6619138591e-13, 9.47294475392e-14, 2.76843994371e-14, 1.84894560422e-16, 1.12536307681e-16, 4.22832838629e-16, 7.81509337191e-16, 1.96387262269e-16, 1.1009217426e-16, 3.21580492113e-17]
    },
    "mfcc": {
        "mean": [-698.532043457, 187.582687378, -40.1337432861, 66.9551544189, 13.0367650986, 6.64646863937, 10.6434431076, 4.68306064606, 15.0997009277, -2.19434714317, -14.5303583145, -8.07588005066, -20.1856746674],
        "cov": [[890.180358887, -305.068878174, -217.520599365, -100.401473999, -63.9344749451, -14.8041791916, 35.7978744507, -4.31890630722, -1.61197257042, 72.7879943848, 55.4026260376, 44.8861732483, 19.5456752777], [-305.068878174, 232.085159302, 64.4793167114, 24.5813846588, 12.4849243164, 18.74010849, 2.62634253502, 5.96174573898, 8.01746559143, -35.2067489624, -34.068359375, -31.0567913055, 14.6442632675], [-217.520599365, 64.4793167114, 175.212982178, 37.756477356, 7.19851112366, 0.0117831863463, 2.76858687401, 19.6589012146, 10.5461063385, -27.9828414917, -5.57877254486, 18.7298927307, 24.3945140839], [-100.401473999, 24.5813846588, 37.756477356, 105.824035645, 45.6540031433, 8.97738265991, -0.44791868329, 6.06614398956, 15.4919404984, 7.78277826309, 17.8203220367, 35.7059059143, 9.13111591339], [-63.9344749451, 12.4849243164, 7.19851112366, 45.6540031433, 96.9876556396, 27.8216571808, -6.00842189789, -6.88905620575, -1.00147938728, 12.5858898163, 13.3571395874, 13.6357383728, 9.29438591003], [-14.8041791916, 18.74010849, 0.0117831863463, 8.97738265991, 27.8216571808, 52.684803009, 20.2907161713, -3.59467411041, -0.729757070541, 4.71296358109, 5.43978834152, 3.27219581604, 13.5491933823], [35.7978744507, 2.62634253502, 2.76858687401, -0.44791868329, -6.00842189789, 20.2907161713, 51.7406234741, 17.2667789459, 3.65589284897, 2.0506477356, 2.92096114159, 6.03931331635, 15.202917099], [-4.31890630722, 5.96174573898, 19.6589012146, 6.06614398956, -6.88905620575, -3.59467411041, 17.2667789459, 60.6674957275, 25.6018505096, -2.73274922371, -9.39015102386, 11.6281356812, 16.7316856384], [-1.61197257042, 8.01746559143, 10.5461063385, 15.4919404984, -1.00147938728, -0.729757070541, 3.65589284897, 25.6018505096, 55.3515510559, 13.5945148468, 3.41770124435, 21.9093322754, 21.4856987], [72.7879943848, -35.2067489624, -27.9828414917, 7.78277826309, 12.5858898163, 4.71296358109, 2.0506477356, -2.73274922371, 13.5945148468, 49.4324264526, 31.7147731781, 22.3274383545, 4.94627761841], [55.4026260376, -34.068359375, -5.57877254486, 17.8203220367, 13.3571395874, 5.43978834152, 2.92096114159, -9.39015102386, 3.41770124435, 31.7147731781, 61.8896446228, 42.0362930298, 13.998383522], [44.8861732483, -31.0567913055, 18.7298927307, 35.7059059143, 13.6357383728, 3.27219581604, 6.03931331635, 11.6281356812, 21.9093322754, 22.3274383545, 42.0362930298, 86.3134689331, 47.1170959473], [19.5456752777, 14.6442632675, 24.3945140839, 9.13111591339, 9.29438591003, 13.5491933823, 15.202917099, 16.7316856384, 21.4856987, 4.94627761841, 13.998383522, 47.1170959473, 77.847328186]],
