{
"lowlevel": {
    "average_loudness": 0.988557040691,
    "barkbands_crest": {
        "dmean": 4.36270475388,
        "dmean2": 7.59263181686,
        "dvar": 10.4414024353,
        "dvar2": 32.6786880493,
        "max": 23.353471756,
        "mean": 12.3233041763,
        "median": 11.861998558,
        "min": 4.67356348038,
        "var": 14.9716234207
    },
    "barkbands_flatness_db": {
        "dmean": 0.0336130522192,
        "dmean2": 0.056463252753,
        "dvar": 0.000637305085547,
        "dvar2": 0.00174131838139,
        "max": 0.330553889275,
        "mean": 0.224894911051,
        "median": 0.223004847765,
        "min": 0.143973141909,
        "var": 0.00102544750553
    },
    "barkbands_kurtosis": {
        "dmean": 5.3295135498,
        "dmean2": 9.18410491943,
        "dvar": 28.8706760406,
        "dvar2": 79.4519500732,
        "max": 42.9546089172,
        "mean": 6.49390125275,
        "median": 5.35482883453,
        "min": -1.80882740021,
        "var": 33.2371330261
    },
    "barkbands_skewness": {
        "dmean": 0.838755846024,
        "dmean2": 1.44041728973,
        "dvar": 0.466721892357,
        "dvar2": 1.28780996799,
        "max": 6.09150075912,
        "mean": 2.35685420036,
        "median": 2.30046343803,
        "min": -0.136426195502,
        "var": 0.699156582355
    },
    "barkbands_spread": {
        "dmean": 5.4604549408,
        "dmean2": 9.16025733948,
        "dvar": 19.2993106842,
        "dvar2": 47.4731788635,
        "max": 43.9452934265,
        "mean": 13.3229227066,
        "median": 11.9767045975,
        "min": 2.57183909416,
        "var": 36.8529891968
    },
    "dissonance": {
        "dmean": 0.0156166628003,
        "dmean2": 0.0266495589167,
        "dvar": 0.000173231237568,
        "dvar2": 0.000450104911579,
        "max": 0.499988108873,
        "mean": 0.474577695131,
        "median": 0.476357966661,
        "min": 0.329558372498,
        "var": 0.00024303268583
    },
    "dynamic_complexity": 0.735430657864,
    "erbbands_crest": {
        "dmean": 2.37421965599,
        "dmean2": 4.06088209152,
        "dvar": 4.10389566422,
        "dvar2": 11.0523920059,
        "max": 18.3564624786,
        "mean": 7.49163579941,
        "median": 6.92261743546,
        "min": 3.45572948456,
        "var": 6.39024496078
    },
    "erbbands_flatness_db": {
        "dmean": 0.0131769189611,
        "dmean2": 0.0216477196664,
        "dvar": 0.00011332424765,
        "dvar2": 0.000306911068037,
        "max": 0.277964055538,
        "mean": 0.214265495539,
        "median": 0.21324044466,
        "min": 0.120721712708,
        "var": 0.00024364804267
    },
    "erbbands_kurtosis": {
        "dmean": 0.488476723433,
        "dmean2": 0.849080562592,
        "dvar": 0.511081755161,
        "dvar2": 1.34620714188,
        "max": 9.99684715271,
        "mean": -1.00312066078,
        "median": -1.18825495243,
        "min": -1.68677687645,
        "var": 0.541304707527
    },
    "erbbands_skewness": {
        "dmean": 0.475134938955,
        "dmean2": 0.782926559448,
        "dvar": 0.13779553771,
        "dvar2": 0.379548072815,
        "max": 1.36619889736,
        "mean": -0.149229571223,
        "median": -0.127219945192,
        "min": -2.88289117813,
        "var": 0.282575666904
    },
    "erbbands_spread": {
        "dmean": 7.21935462952,
        "dmean2": 12.216583252,
        "dvar": 29.9084205627,
        "dvar2": 83.4981536865,
        "max": 65.6266403198,
        "mean": 42.250743866,
        "median": 42.2826423645,
        "min": 11.2624931335,
        "var": 52.8813858032
    },
    "hfc": {
        "dmean": 5.86740589142,
        "dmean2": 9.37427616119,
        "dvar": 39.9356002808,
        "dvar2": 101.265434265,
        "max": 113.110671997,
        "mean": 21.9529495239,
        "median": 20.4777488708,
        "min": 0.764558672905,
        "var": 79.0999832153
    },
    "melbands_crest": {
        "dmean": 4.33508062363,
        "dmean2": 7.56767225266,
        "dvar": 9.84168052673,
        "dvar2": 30.3325557709,
        "max": 26.6743469238,
        "mean": 16.0230865479,
        "median": 16.0354404449,
        "min": 5.92353630066,
        "var": 14.7725572586
    },
    "melbands_flatness_db": {
        "dmean": 0.0409077070653,
        "dmean2": 0.0688294544816,
        "dvar": 0.000937241653446,
        "dvar2": 0.00250645400956,
        "max": 0.446174502373,
        "mean": 0.324573308229,
        "median": 0.32406526804,
        "min": 0.211296290159,
        "var": 0.00156668771524
    },
    "melbands_kurtosis": {
        "dmean": 13.2419319153,
        "dmean2": 23.0134849548,
        "dvar": 160.235458374,
        "dvar2": 444.813842773,
        "max": 105.642227173,
        "mean": 20.5769290924,
        "median": 17.6012496948,
        "min": -0.514420986176,
        "var": 190.668167114
    },
    "melbands_skewness": {
        "dmean": 1.18585622311,
        "dmean2": 2.0615363121,
        "dvar": 0.883286476135,
        "dvar2": 2.49621701241,
        "max": 8.52264595032,
        "mean": 3.83157706261,
        "median": 3.74162125587,
        "min": 1.11675989628,
        "var": 1.31138253212
    },
    "melbands_spread": {
        "dmean": 5.57565069199,
        "dmean2": 9.58903121948,
        "dvar": 26.2236862183,
        "dvar2": 67.0026779175,
        "max": 61.5131111145,
        "mean": 11.0001888275,
        "median": 9.34108734131,
        "min": 1.86141574383,
        "var": 41.2459831238
    },
    "pitch_salience": {
        "dmean": 0.127976775169,
        "dmean2": 0.22267100215,
        "dvar": 0.00936465617269,
        "dvar2": 0.0297338347882,
        "max": 0.795674860477,
        "mean": 0.511048257351,
        "median": 0.522021174431,
        "min": 0.158324956894,
        "var": 0.0129746971652
    },
    "silence_rate_20dB": {
        "dmean": 0,
        "dmean2": 0,
        "dvar": 0,
        "dvar2": 0,
        "max": 1,
        "mean": 1,
        "median": 1,
        "min": 1,
        "var": 0
    },
    "silence_rate_30dB": {
        "dmean": 0.0597701147199,
        "dmean2": 0.118527039886,
        "dvar": 0.056198079139,
        "dvar2": 0.155110314488,
        "max": 1,
        "mean": 0.96555685997,
        "median": 1,
        "min": 0,
        "var": 0.0332568772137
    },
    "silence_rate_60dB": {
        "dmean": 0,
        "dmean2": 0,
        "dvar": 0,
        "dvar2": 0,
        "max": 0,
        "mean": 0,
        "median": 0,
        "min": 0,
        "var": 0
    },
    "spectral_centroid": {
        "dmean": 237.617630005,
        "dmean2": 389.560424805,
        "dvar": 35949.8710938,
        "dvar2": 91304.7109375,
        "max": 2040.63916016,
        "mean": 845.768493652,
        "median": 799.561035156,
        "min": 322.734527588,
        "var": 72538.6796875
    },
    "spectral_complexity": {
        "dmean": 3.37586212158,
        "dmean2": 5.37629461288,
        "dvar": 7.42539691925,
        "dvar2": 17.5028133392,
        "max": 43,
        "mean": 23.7382316589,
        "median": 24,
        "min": 2,
        "var": 19.7707386017
    },
    "spectral_decrease": {
        "dmean": 7.80114017829e-09,
        "dmean2": 1.36113991189e-08,
        "dvar": 3.02331999259e-17,
        "dvar2": 8.68718049495e-17,
        "max": -9.86867254582e-10,
        "mean": -1.86020034931e-08,
        "median": -1.82608346222e-08,
        "min": -3.71000510313e-08,
        "var": 4.36945254564e-17
    },
    "spectral_energy": {
        "dmean": 0.0296694971621,
        "dmean2": 0.0517487823963,
        "dvar": 0.00043766759336,
        "dvar2": 0.00125744775869,
        "max": 0.142290130258,
        "mean": 0.0721992850304,
        "median": 0.0710115134716,
        "min": 0.00379401631653,
        "var": 0.000635942502413
    },
    "spectral_energyband_high": {
        "dmean": 4.16555376432e-05,
        "dmean2": 6.28289781162e-05,
        "dvar": 3.90784737903e-09,
        "dvar2": 9.47637524007e-09,
        "max": 0.00118206697516,
        "mean": 0.000105075101601,
        "median": 8.24992675916e-05,
        "min": 3.61897195944e-06,
        "var": 8.30959923093e-09
    },
    "spectral_energyband_low": {
        "dmean": 0.029081761837,
        "dmean2": 0.0511864125729,
        "dvar": 0.000457082118373,
        "dvar2": 0.0013399842428,
        "max": 0.116624429822,
        "mean": 0.0450560301542,
        "median": 0.0408717989922,
        "min": 0.00270579569042,
        "var": 0.000614120217506
    },
    "spectral_energyband_middle_high": {
        "dmean": 0.00221851072274,
        "dmean2": 0.00358012877405,
        "dvar": 6.81183291817e-06,
        "dvar2": 1.62566593644e-05,
        "max": 0.0384009294212,
        "mean": 0.00555526837707,
        "median": 0.00455480488017,
        "min": 0.000190581136849,
        "var": 1.28783140099e-05
    },
    "spectral_energyband_middle_low": {
        "dmean": 0.0111508164555,
        "dmean2": 0.019250229001,
        "dvar": 0.000104086364445,
        "dvar2": 0.000284805923002,
        "max": 0.087110735476,
        "mean": 0.0232696142048,
        "median": 0.0209434181452,
        "min": 0.000769491423853,
        "var": 0.000140018339152
    },
    "spectral_entropy": {
        "dmean": 0.152037128806,
        "dmean2": 0.251577615738,
        "dvar": 0.0161095950752,
        "dvar2": 0.0399760566652,
        "max": 8.21824264526,
        "mean": 7.10701084137,
        "median": 7.11401748657,
        "min": 6.43926525116,
        "var": 0.0267577711493
    },
    "spectral_flux": {
        "dmean": 0.0405100509524,
        "dmean2": 0.0659576654434,
        "dvar": 0.000988046638668,
        "dvar2": 0.00270457565784,
        "max": 0.310174167156,
        "mean": 0.163303643465,
        "median": 0.160188809037,
        "min": 0.0598184801638,
        "var": 0.00162285997067
    },
    "spectral_kurtosis": {
        "dmean": 4.49245119095,
        "dmean2": 8.03962516785,
        "dvar": 12.1896829605,
        "dvar2": 37.624168396,
        "max": 22.7811698914,
        "mean": 8.25878429413,
        "median": 7.53822040558,
        "min": 1.14473056793,
        "var": 16.7415065765
    },
    "spectral_rms": {
        "dmean": 0.00175824901089,
        "dmean2": 0.00304644275457,
        "dvar": 1.53385553858e-06,
        "dvar2": 4.42352256869e-06,
        "max": 0.01178217493,
        "mean": 0.00825521629304,
        "median": 0.00832343194634,
        "min": 0.00192392291501,
        "var": 2.28971157412e-06
    },
    "spectral_rolloff": {
        "dmean": 335.991851807,
        "dmean2": 598.766601562,
        "dvar": 178170.25,
        "dvar2": 455027.46875,
        "max": 2540.91796875,
        "mean": 519.961975098,
        "median": 430.6640625,
        "min": 86.1328125,
        "var": 207508.515625
    },
    "spectral_skewness": {
        "dmean": 0.394364833832,
        "dmean2": 0.693372011185,
        "dvar": 0.0995701402426,
        "dvar2": 0.298081278801,
        "max": 4.03582429886,
        "mean": 1.63609337807,
        "median": 1.5905739069,
        "min": 0.441065877676,
        "var": 0.156889975071
    },
    "spectral_spread": {
        "dmean": 192269.8125,
        "dmean2": 300346.4375,
        "dvar": 276235190272,
        "dvar2": 173716357120,
        "max": 21450118,
        "mean": 2227726.75,
        "median": 2185707.75,
        "min": 1548682.5,
        "var": 503294394368
    },
    "spectral_strongpeak": {
        "dmean": 0.299351513386,
        "dmean2": 0.511828660965,
        "dvar": 0.0823855400085,
        "dvar2": 0.222627013922,
        "max": 3.25814390182,
        "mean": 0.55903339386,
        "median": 0.501884639263,
        "min": 0,
        "var": 0.10111374408
    },
    "zerocrossingrate": {
        "dmean": 0.00574207538739,
        "dmean2": 0.00798893347383,
        "dvar": 1.94437980099e-05,
        "dvar2": 3.77870783268e-05,
        "max": 0.06591796875,
        "mean": 0.026534806937,
        "median": 0.025390625,
        "min": 0.005859375,
        "var": 6.65454208502e-05
    },
    "barkbands": {
        "dmean": [0.000229989862419, 0.0246093627065, 0.0091760372743, 0.00335244182497, 0.00836125761271, 0.00108100671787, 0.00326080317609, 0.000694480317179, 0.000485272175865, 0.000210721598705, 0.000157121539814, 6.69054497848e-05, 0.000154249733896, 0.000774818065111, 0.000342408020515, 0.000890024763066, 0.000724375364371, 0.00014720793115, 6.6693079134e-05, 2.02572246053e-05, 2.84410525637e-05, 6.67994800096e-06, 5.18451429343e-07, 6.61234992094e-07, 1.35383046995e-07, 6.94240966936e-08, 1.48136551914e-08],
        "dmean2": [0.000368806387996, 0.0436824858189, 0.0163765847683, 0.00594128575176, 0.0145196113735, 0.00188578898087, 0.00564320990816, 0.00119978550356, 0.000829991709907, 0.000344194850186, 0.000261089764535, 0.000110085886263, 0.000250463053817, 0.00129821989685, 0.000570388394408, 0.00150303600822, 0.00117447401863, 0.000245224277023, 0.000112241832539, 3.26945082634e-05, 4.25395883212e-05, 1.00364713944e-05, 8.65411550421e-07, 1.07054620457e-06, 2.17741174424e-07, 1.12334085145e-07, 2.29573959842e-08],
        "dvar": [1.0349697277e-07, 0.000380771176424, 6.61091544316e-05, 1.16190431072e-05, 6.74084585626e-05, 1.00022862171e-06, 1.27934290504e-05, 5.02875195707e-07, 2.6034763323e-07, 7.40242640518e-08, 2.73136411266e-08, 1.05490967073e-08, 1.45345467217e-07, 7.06890773472e-07, 1.44444712191e-07, 1.5208916011e-06, 1.18752620892e-06, 8.10036624443e-08, 1.20095489109e-08, 1.20189358466e-09, 2.96020474799e-09, 3.2203889555e-10, 5.33023874604e-13, 3.99925925709e-12, 5.48653407862e-13, 4.03739677324e-14, 4.89028331108e-15],
        "dvar2": [2.10772185483e-07, 0.00107827153988, 0.000189853351912, 3.38444697263e-05, 0.000177893933142, 2.79303844763e-06, 3.49654837919e-05, 1.35864365802e-06, 7.35838284527e-07, 1.96575882683e-07, 7.29129823185e-08, 2.48579965501e-08, 3.71156829715e-07, 1.92127049559e-06, 4.01742568101e-07, 4.23537039751e-06, 2.81339021058e-06, 2.25685383271e-07, 2.81743428587e-08, 2.82325540724e-09, 6.99525504189e-09, 7.20944859367e-10, 1.05106852041e-12, 8.71227309046e-12, 1.06167104188e-12, 9.24111725727e-14, 6.46777375513e-15],
        "max": [0.00567603670061, 0.107537738979, 0.0507722608745, 0.0306167714298, 0.0704911723733, 0.00882576685399, 0.032565895468, 0.00682968366891, 0.00460769562051, 0.00414626253769, 0.00174160813913, 0.00189072673675, 0.00753796240315, 0.00834507960826, 0.00378929940052, 0.0177190490067, 0.0156834442168, 0.00579556450248, 0.0020617370028, 0.000630386231933, 0.00110336497892, 0.00034604119719, 1.8243532395e-05, 5.14226267114e-05, 1.82593939826e-05, 4.59080411019e-06, 1.91485332834e-06],
        "mean": [0.000276988255791, 0.0320570021868, 0.0109960585833, 0.00381775177084, 0.0116132432595, 0.00153301120736, 0.00441396795213, 0.00105835474096, 0.000726450467482, 0.000320453604218, 0.000247859017691, 0.000103164988104, 0.00019314835663, 0.00116635998711, 0.000612875446677, 0.00148987711873, 0.00107696070336, 0.000262412941083, 0.000112901245302, 3.45098378602e-05, 7.07558938302e-05, 1.27281300593e-05, 1.01650164197e-06, 1.1301979157e-06, 2.53905142245e-07, 1.67053599398e-07, 5.79131658185e-08],
        "median": [0.000176091736648, 0.0263918153942, 0.00860990025103, 0.00282805156894, 0.00941963866353, 0.00123848952353, 0.00327565241605, 0.000860981352162, 0.000555689563043, 0.000233280094108, 0.000192956649698, 6.97838477208e-05, 0.000108404536149, 0.000942899496295, 0.000479533278849, 0.00106186477933, 0.000694142538123, 0.000199591100682, 8.14541490399e-05, 2.37865042436e-05, 4.71000093967e-05, 6.26303562967e-06, 8.48359491101e-07, 8.52227799442e-07, 1.79909022791e-07, 1.32659309315e-07, 5.14065838786e-08],
        "min": [2.91489868687e-07, 0.000499975401908, 0.000145284298924, 1.96358887479e-05, 0.000159051691298, 3.35031982104e-05, 0.000110710396257, 3.70399611711e-05, 4.70753584523e-05, 1.23118352349e-05, 1.24175421661e-05, 6.68601160214e-06, 5.00952774019e-06, 4.82508148707e-05, 3.63266553904e-05, 4.57403148175e-05, 4.28569774158e-06, 2.05823084798e-06, 4.58829254057e-06, 1.06320783289e-06, 1.64367452271e-06, 3.21815292637e-07, 1.20244891377e-07, 1.50478655314e-07, 4.73552823621e-08, 2.84874435152e-08, 1.54812234143e-08],
        "var": [1.23545873976e-07, 0.000465566496132, 7.73691645009e-05, 1.19964797705e-05, 8.20659697638e-05, 1.24189182316e-06, 1.52342399815e-05, 6.41563758563e-07, 3.36291833491e-07, 9.87413457665e-08, 3.97207351455e-08, 1.52391681496e-08, 1.23438169908e-07, 8.7842386165e-07, 2.20674237994e-07, 1.98227871806e-06, 1.82171697816e-06, 7.54375548695e-08, 1.63500715189e-08, 1.59791013754e-09, 5.96241322981e-09, 5.79233938591e-10, 8.52739428549e-13, 4.24976720481e-12, 6.84517546812e-13, 4.25379607298e-14, 4.82561827479e-15]
    },
    "erbbands": {
        "dmean": [0.461346596479, 6.49532318115, 12.6911268234, 7.87752103806, 21.8391437531, 36.3468284607, 12.8233680725, 9.23492240906, 34.2782936096, 42.7717704773, 14.2971668243, 10.1556940079, 7.71338558197, 7.73158597946, 3.22260093689, 3.12373900414, 7.05345439911, 21.9622592926, 36.0650634766, 21.4681015015, 50.8368415833, 38.5239105225, 10.815577507, 7.05179643631, 1.48088145256, 0.967018008232, 1.18752360344, 1.02825915813, 0.265462845564, 0.0231764912605, 0.0191989541054, 0.0195717606694, 0.00629744539037, 0.00232086284086, 0.00057295919396, 0.000404010672355, 9.9195211078e-05, 1.93190207938e-05, 1.35321615744e-05, 3.20225990436e-05],
        "dmean2": [0.805117547512, 11.5294694901, 22.5265159607, 14.0299005508, 38.4151153564, 63.4992408752, 22.2845840454, 15.9771080017, 59.8864860535, 73.2655029297, 24.4983463287, 17.4066677094, 12.9109992981, 12.7272500992, 5.21903705597, 5.01429891586, 11.4576787949, 36.7290534973, 60.4236221313, 36.0023612976, 86.2744064331, 62.0997238159, 17.2447967529, 12.2443475723, 2.33631372452, 1.55965220928, 1.80381834507, 1.55365753174, 0.403969049454, 0.0368358455598, 0.0313258320093, 0.032434809953, 0.00992235541344, 0.00372314313427, 0.000926908978727, 0.000630801601801, 0.000162487762282, 3.29805989168e-05, 2.33739156101e-05, 5.57990424568e-05],
        "dvar": [0.165608927608, 25.5927715302, 105.744049072, 58.2566490173, 513.459655762, 1330.09985352, 136.521331787, 82.7540283203, 1377.75048828, 2734.50830078, 224.768875122, 117.621788025, 73.3477554321, 71.3201675415, 13.4028272629, 16.619758606, 366.272033691, 545.941650391, 1633.90600586, 839.589294434, 5160.59667969, 4033.41137695, 295.712799072, 145.29927063, 11.7656393051, 2.60144472122, 11.6583251953, 1.38536965847, 0.279035717249, 0.00130422913935, 0.000925150408875, 0.00147483311594, 0.00111743470188, 0.00015296357742, 1.15401489893e-05, 7.38762878427e-07, 1.5110556717e-07, 1.58337396527e-08, 1.72184183578e-10, 5.114018653e-10],
        "dvar2": [0.471146255732, 72.4088668823, 305.490905762, 171.781616211, 1440.92956543, 3460.9519043, 388.358856201, 224.995452881, 3749.03271484, 7286.81103516, 605.536254883, 328.760131836, 196.28112793, 178.989395142, 31.501739502, 36.2472572327, 943.447631836, 1378.828125, 4428.12060547, 2097.78320312, 14130.1757812, 9563.39160156, 806.24621582, 381.301055908, 24.7891521454, 6.17098093033, 27.3923988342, 3.24676918983, 0.609572350979, 0.00262823537923, 0.00193965050858, 0.00324518256821, 0.00245939940214, 0.000316860328894, 2.08019391721e-05, 1.34672745844e-06, 3.65424568827e-07, 4.24525694598e-08, 3.54655221857e-10, 1.46986289806e-09],
        "max": [2.608325243, 26.0718326569, 64.504196167, 64.6487045288, 212.642745972, 286.432952881, 82.5577774048, 73.2096099854, 388.096008301, 612.583496094, 162.012161255, 104.534973145, 98.7265014648, 79.1546020508, 52.192527771, 49.2650032043, 407.289276123, 284.265411377, 397.191009521, 343.790802002, 1081.19189453, 877.716247559, 298.419616699, 231.7212677, 59.4365730286, 28.2486553192, 67.3806533813, 21.1179332733, 9.17296791077, 0.874816536903, 0.764520287514, 0.865531623363, 0.887830495834, 0.301261484623, 0.085534222424, 0.0238079242408, 0.00885994266719, 0.0021185670048, 0.000301390711684, 0.000156231268193],
        "mean": [0.604140341282, 8.11643695831, 16.0726089478, 11.3084592819, 26.8507480621, 45.4476623535, 18.284160614, 13.9269866943, 46.1827354431, 57.1938323975, 22.9447803497, 15.7906093597, 12.346373558, 12.0356016159, 6.1266040802, 5.22723531723, 9.59866046906, 33.4570541382, 62.4159049988, 41.8112258911, 82.1418380737, 59.8834915161, 19.8487186432, 11.6583766937, 2.88292741776, 1.64001786709, 2.16882181168, 3.03138422966, 0.627712965012, 0.0561257153749, 0.0365605428815, 0.031511284411, 0.0119603825733, 0.0040635401383, 0.00128721806686, 0.00112974026706, 0.000209137870115, 2.95001391351e-05, 4.04204147344e-05, 8.13174337964e-05],
        "median": [0.486957967281, 6.85777235031, 13.0272569656, 9.13586330414, 20.3891601562, 33.2841911316, 14.6922664642, 11.077293396, 34.8449401855, 40.2913742065, 18.1987113953, 12.4546031952, 9.17202186584, 8.67733669281, 4.92266273499, 3.76172757149, 5.62901163101, 26.4159011841, 49.429485321, 33.5825195312, 55.8144721985, 38.9919052124, 14.9469184875, 8.79127788544, 1.9811975956, 1.12981772423, 1.19481790066, 2.00010108948, 0.410154551268, 0.044169459492, 0.0304951444268, 0.0237644035369, 0.00904261227697, 0.0028828450013, 0.000942488317378, 0.000940498372074, 0.000166019483004, 1.9548842829e-05, 4.04073507525e-05, 8.1028767454e-05],
        "min": [0.0157074593008, 0.129998072982, 0.566321909428, 0.363786816597, 0.806578695774, 0.457538813353, 0.20659224689, 0.354743868113, 1.39562427998, 1.5533670187, 1.92856800556, 1.10022377968, 0.590183198452, 0.546378135681, 0.479319423437, 0.293878734112, 0.502957940102, 2.09132504463, 2.00259494781, 2.61466050148, 1.50845766068, 0.260039329529, 0.0981892794371, 0.266540050507, 0.129756659269, 0.0481865145266, 0.0492025911808, 0.0798505991697, 0.0175603330135, 0.0047958958894, 0.00383941736072, 0.00361434323713, 0.00171603343915, 0.000750145933125, 0.000236180276261, 0.000194470660063, 4.41230440629e-05, 5.63621597394e-06, 1.41901091411e-05, 6.42179566057e-06],
        "var": [0.202825114131, 31.8143386841, 132.687927246, 64.5065994263, 521.68145752, 1603.2980957, 166.077911377, 101.693878174, 1513.95324707, 3388.34838867, 285.291259766, 149.964996338, 109.512184143, 107.051864624, 24.6307163239, 25.5067768097, 299.447662354, 727.440246582, 2082.88549805, 1197.93151855, 6759.65722656, 5990.79785156, 348.122741699, 152.120742798, 16.910741806, 3.38267016411, 15.0877742767, 8.19299507141, 0.604507684708, 0.00258517428301, 0.00126962084323, 0.00163531478029, 0.00113430840429, 0.000171268780832, 1.5408735635e-05, 1.19956393974e-06, 1.32239549089e-07, 9.94994753256e-09, 2.21638610243e-10, 7.51112672059e-10]
    },
    "gfcc": {
        "mean": [-14.2500495911, 185.997375488, -133.644271851, 47.1783790588, -14.7560529709, -14.7231340408, -29.0948257446, -2.53362298012, 6.06395959854, -1.10760140419, -16.1579341888, -10.5516338348, 2.23856830597],
        "cov": [[330.239440918, -42.3880386353, -103.321273804, 8.70197582245, -34.9142456055, -16.5903320312, -19.1104755402, 2.29008102417, -9.98400592804, 5.62515258789, -0.957688033581, 0.496574699879, -4.9299697876], [-42.3880386353, 86.4345169067, 37.2097396851, -17.3534431458, 19.0680179596, -22.2536487579, 8.55721664429, -3.56414365768, 12.846534729, -13.6892385483, 11.6608581543, -13.8357086182, 1.55354392529], [-103.321273804, 37.2097396851, 149.354980469, 16.5782432556, 16.602180481, 13.0288591385, 13.9353504181, -10.4700422287, 6.98872852325, -1.95785486698, -5.00994110107, -0.718335866928, 3.88608193398], [8.70197582245, -17.3534431458, 16.5782432556, 59.8908462524, 14.4567480087, -4.80502080917, 8.63805294037, -11.2532167435, 3.26647496223, -2.46402382851, -5.79993772507, 2.5296061039, 12.928943634], [-34.9142456055, 19.0680179596, 16.602180481, 14.4567480087, 84.9324188232, 11.561794281, 5.263048172, 11.0528097153, 8.29074382782, -11.1953659058, 9.26963424683, -2.15475916862, -0.811829388142], [-16.5903320312, -22.2536487579, 13.0288591385, -4.80502080917, 11.561794281, 61.6704750061, 26.6447067261, 3.51881527901, 2.99129533768, 5.09370994568, 2.92604660988, 7.89943981171, -2.03799581528], [-19.1104755402, 8.55721664429, 13.9353504181, 8.63805294037, 5.263048172, 26.6447067261, 61.860206604, 9.19253444672, 10.3837661743, 11.9277906418, 5.92899084091, 5.09579467773, 8.40202903748], [2.29008102417, -3.56414365768, -10.4700422287, -11.2532167435, 11.0528097153, 3.51881527901, 9.19253444672, 47.8997344971, 18.1637420654, -1.32654261589, 12.838809967, -2.19326615334, -2.03146910667], [-9.98400592804, 12.846534729, 6.98872852325, 3.26647496223, 8.29074382782, 2.99129533768, 10.3837661743, 18.1637420654, 51.2970428467, 14.6887264252, 3.28749775887, 0.709166824818, 3.68742179871], [5.62515258789, -13.6892385483, -1.95785486698, -2.46402382851, -11.1953659058, 5.09370994568, 11.9277906418, -1.32654261589, 14.6887264252, 47.3503799438, 9.00162220001, 3.78696084023, 0.342667996883], [-0.957688033581, 11.6608581543, -5.00994110107, -5.79993772507, 9.26963424683, 2.92604660988, 5.92899084091, 12.838809967, 3.28749775887, 9.00162220001, 46.2818832397, 4.6755194664, -9.11950778961], [0.496574699879, -13.8357086182, -0.718335866928, 2.5296061039, -2.15475916862, 7.89943981171, 5.09579467773, -2.19326615334, 0.709166824818, 3.78696084023, 4.6755194664, 34.6023178101, 9.50086116791], [-4.9299697876, 1.55354392529, 3.88608193398, 12.928943634, -0.811829388142, -2.03799581528, 8.40202903748, -2.03146910667, 3.68742179871, 0.342667996883, -9.11950778961, 9.50086116791, 39.5029830933]],
        "icov": [[0.00429515680298, -0.002169766929, 0.00339316856116, -0.00386040564626, 0.00210690172389, -0.00166756031103, 0.00213683582842, -0.00226893927902, 0.0016515890602, -0.00178899860475, 0.00112508237362, -0.000860644970089, 0.00126521021593], [-0.002169766929, 0.0666618123651, -0.0174624286592, 0.047902431339, -0.0181456562132, 0.0431603305042, -0.0344923585653, 0.0419384837151, -0.0329555310309, 0.0361662507057, -0.0292318798602, 0.0244650170207, -0.0153756886721], [0.00339316856116, -0.0174624286592, 0.0139026260003, -0.0151761956513, 0.00466420175508, -0.012606613338, 0.0084028178826, -0.00903650280088, 0.00739217782393, -0.00897443015128, 0.00806590355933, -0.00578147638589, 0.00454349908978], [-0.00386040564626, 0.047902431339, -0.0151761956513, 0.0574038811028, -0.0182338897139, 0.0352918095887, -0.0298137255013, 0.037593383342, -0.0264752134681, 0.0279547125101, -0.0203151255846, 0.0170369558036, -0.0164985526353], [0.00210690172389, -0.0181456562132, 0.00466420175508, -0.0182338897139, 0.0202015601099, -0.0153818642721, 0.0109680313617, -0.0143849775195, 0.0070564202033, -0.00563862686977, 0.0043611782603, -0.00500280084088, 0.00463476637378], [-0.00166756031103, 0.0431603305042, -0.012606613338, 0.0352918095887, -0.0153818642721, 0.0504478290677, -0.0324831902981, 0.0280652828515, -0.0205963030457, 0.0226926635951, -0.0168219022453, 0.010455287993, -0.00624952837825], [0.00213683582842, -0.0344923585653, 0.0084028178826, -0.0298137255013, 0.0109680313617, -0.0324831902981, 0.0418944694102, -0.0269301664084, 0.016782341525, -0.02342745848, 0.0130584109575, -0.0116889858618, 0.00327086844482], [-0.00226893927902, 0.0419384837151, -0.00903650280088, 0.037593383342, -0.0143849775195, 0.0280652828515, -0.0269301664084, 0.0579299144447, -0.0327797345817, 0.0296732075512, -0.0258396472782, 0.0181406792253, -0.0110140508041], [0.0016515890602, -0.0329555310309, 0.00739217782393, -0.0264752134681, 0.0070564202033, -0.0205963030457, 0.016782341525, -0.0327797345817, 0.0436081886292, -0.0279662963003, 0.0175370126963, -0.0125060342252, 0.0064955893904], [-0.00178899860475, 0.0361662507057, -0.00897443015128, 0.0279547125101, -0.00563862686977, 0.0226926635951, -0.02342745848, 0.0296732075512, -0.0279662963003, 0.0478069074452, -0.0224027261138, 0.0127265267074, -0.00838518701494], [0.00112508237362, -0.0292318798602, 0.00806590355933, -0.0203151255846, 0.0043611782603, -0.0168219022453, 0.0130584109575, -0.0258396472782, 0.0175370126963, -0.0224027261138, 0.0406225956976, -0.0168070625514, 0.0142385689542], [-0.000860644970089, 0.0244650170207, -0.00578147638589, 0.0170369558036, -0.00500280084088, 0.010455287993, -0.0116889858618, 0.0181406792253, -0.0125060342252, 0.0127265267074, -0.0168070625514, 0.0428510792553, -0.0153503185138], [0.00126521021593, -0.0153756886721, 0.00454349908978, -0.0164985526353, 0.00463476637378, -0.00624952837825, 0.00327086844482, -0.0110140508041, 0.0064955893904, -0.00838518701494, 0.0142385689542, -0.0153503185138, 0.0359860807657]]
    },
    "melbands": {
        "dmean": [0.0055819991976, 0.00722295977175, 0.00158718356397, 0.00214250036515, 0.000661015161313, 0.000207306002267, 0.000577589380555, 0.000390829140088, 0.000115001639642, 6.45075488137e-05, 3.9014932554e-05, 3.08513554046e-05, 1.55266880029e-05, 6.33311537968e-06, 1.86686283996e-05, 9.10720609681e-06, 4.9798447435e-05, 7.46953737689e-05, 2.35674997384e-05, 5.26840303792e-05, 5.83443361393e-05, 4.32831402577e-05, 2.21024711209e-05, 6.12683788859e-06, 6.26387645752e-06, 1.54220413151e-06, 7.36367326226e-07, 7.14649729616e-07, 6.49487560622e-07, 8.03936302418e-07, 5.56513157335e-07, 2.04776810619e-07, 3.07502006081e-08, 7.3473724882e-09, 1.19954446376e-08, 9.16324349731e-09, 1.412953754e-08, 5.00222574473e-09, 2.60516141992e-09, 1.91043270092e-09],
        "dmean2": [0.00994396954775, 0.0127028506249, 0.00278818164952, 0.00371511024423, 0.00114060752094, 0.000355904980097, 0.00100654654671, 0.000666455831379, 0.000196521912585, 0.000111410059617, 6.55424883007e-05, 5.0630998885e-05, 2.58034797298e-05, 1.04156169982e-05, 3.06814945361e-05, 1.47229011418e-05, 8.36815379444e-05, 0.000125954378746, 3.88940970879e-05, 8.88961803867e-05, 0.000100721510535, 6.98708026903e-05, 3.61373640771e-05, 1.01193354567e-05, 1.09216452984e-05, 2.48215155807e-06, 1.17292279356e-06, 1.18595824006e-06, 9.99155190584e-07, 1.22414246562e-06, 8.30001681607e-07, 3.08063732746e-07, 4.94113727711e-08, 1.22830057236e-08, 1.98337168911e-08, 1.50561696444e-08, 2.37446524665e-08, 7.92281440454e-09, 4.25816937266e-09, 3.08863801202e-09],
        "dvar": [2.16985845327e-05, 2.87618222501e-05, 2.24160953621e-06, 4.55024746771e-06, 3.61936145055e-07, 3.97249948492e-08, 3.83739035215e-07, 2.19944425339e-07, 1.48116079401e-08, 4.66418192957e-09, 2.00139171902e-09, 1.19491705419e-09, 2.8088303905e-10, 1.64914859546e-10, 1.33313349249e-09, 7.02634617156e-10, 2.87707613289e-09, 7.37866434619e-09, 9.14011311082e-10, 4.46480941108e-09, 7.6384711889e-09, 4.92958251996e-09, 1.19263132703e-09, 1.47597045697e-10, 1.07131171989e-10, 1.21033998796e-11, 2.49972048269e-12, 1.36662892374e-12, 3.20417910954e-12, 2.28156165835e-12, 5.31975288473e-13, 2.28908580459e-13, 3.83539779594e-15, 1.12193325512e-16, 2.64038433807e-16, 3.68915591647e-16, 6.87156431372e-16, 7.63976496337e-16, 1.57136734875e-16, 1.07073732647e-16],
        "dvar2": [6.16151082795e-05, 8.44937603688e-05, 6.58137059872e-06, 1.21159137052e-05, 9.79332412498e-07, 1.08500067597e-07, 1.05363096736e-06, 5.88411921854e-07, 4.0516400901e-08, 1.29237518465e-08, 5.34034727551e-09, 3.03149794156e-09, 7.10285941175e-10, 3.99667410278e-10, 3.36435102e-09, 1.83326787084e-09, 7.31971194767e-09, 2.03466310467e-08, 2.45566367241e-09, 1.21611538617e-08, 2.08035348948e-08, 1.1723003901e-08, 3.0723961153e-09, 4.05593753028e-10, 2.83431111914e-10, 2.72488542147e-11, 5.66228357604e-12, 3.3487561682e-12, 7.51210552097e-12, 5.28090548721e-12, 1.22479218607e-12, 5.00379197712e-13, 8.26093022249e-15, 2.25461297606e-16, 5.77324421959e-16, 7.118311364e-16, 1.59154822635e-15, 1.69546858107e-15, 3.39370500111e-16, 2.1820504428e-16],
        "max": [0.0286679193377, 0.0317400097847, 0.0128324246034, 0.0176884140819, 0.00427652476355, 0.00160298577975, 0.00520790182054, 0.00543819461018, 0.00114652840421, 0.000707466038875, 0.000558071536943, 0.000410678592743, 0.000175686742296, 0.000251645193202, 0.000596457102802, 0.000579644343816, 0.00064655271126, 0.00087432586588, 0.000386266794521, 0.000763553543948, 0.00127750041429, 0.00097566889599, 0.000373915419914, 0.000247121555731, 0.000188375619473, 6.47844863124e-05, 2.55925624515e-05, 1.70835246536e-05, 3.40610749845e-05, 2.98963495879e-05, 1.19581109175e-05, 8.64936373546e-06, 8.72201212587e-07, 2.87285359946e-07, 4.00936102096e-07, 4.83252335925e-07, 5.35012247838e-07, 7.35781043204e-07, 3.05652520183e-07, 2.52063301787e-07],
        "mean": [0.00733207352459, 0.00973327457905, 0.0023778018076, 0.00285383453593, 0.00090757838916, 0.000305995577946, 0.000783932802733, 0.000538439373486, 0.000169624618138, 9.61334590102e-05, 5.97265279794e-05, 4.77696703456e-05, 2.70772761723e-05, 9.95654409053e-06, 2.41329908022e-05, 1.26115819512e-05, 7.2027243732e-05, 0.000119668555271, 4.31262633356e-05, 8.76498015714e-05, 9.01932653505e-05, 6.42735685688e-05, 3.33942407451e-05, 1.12280631583e-05, 9.53154085437e-06, 2.61443574345e-06, 1.15553916658e-06, 1.06864297322e-06, 1.06633319774e-06, 1.85757130566e-06, 1.56306157351e-06, 4.02417782652e-07, 5.38145563667e-08, 1.41244278495e-08, 2.14687219113e-08, 1.63208717652e-08, 2.09688568731e-08, 9.22615850385e-09, 4.58723459218e-09, 2.87811730004e-09],
        "median": [0.00596997514367, 0.00840414501727, 0.0020247399807, 0.00226208078675, 0.000738059170544, 0.000247826217674, 0.00058255949989, 0.000393739377614, 0.000134754052851, 7.61480041547e-05, 4.27553641202e-05, 3.48663343175e-05, 2.15742165892e-05, 6.59797842673e-06, 1.45458952829e-05, 7.78900994192e-06, 5.60942062293e-05, 9.32052207645e-05, 3.28971727868e-05, 6.28480192972e-05, 6.13649463048e-05, 4.0386144974e-05, 2.21201698878e-05, 8.50664491736e-06, 7.01697035765e-06, 1.81568987045e-06, 7.08420998308e-07, 7.24986819023e-07, 5.45563466403e-07, 1.2851601241e-06, 9.65859271673e-07, 2.07167957456e-07, 3.24186260059e-08, 1.17719922699e-08, 1.79481869367e-08, 1.2853778486e-08, 1.5527547248e-08, 6.81625955679e-09, 3.38609429384e-09, 1.84120219071e-09],
        "min": [0.000145572121255, 0.000287945586024, 3.64420084225e-05, 4.42895907327e-05, 9.05382421479e-06, 8.19118395157e-06, 2.19047979044e-05, 1.7008775103e-05, 1.53343171405e-05, 6.11855921306e-06, 2.81372399513e-06, 2.21716004489e-06, 1.66227516729e-06, 6.92872390573e-07, 8.84657481492e-07, 6.89494981998e-07, 4.31524540545e-06, 3.20954291055e-06, 3.31371165885e-06, 4.21705635745e-06, 1.06891252472e-06, 2.50677857139e-07, 1.01752974047e-07, 9.89831576703e-08, 2.36950256749e-07, 1.60801704396e-07, 2.26586500673e-08, 3.58431329062e-08, 3.6359512734e-08, 3.9811482111e-08, 3.95358448202e-08, 1.00390629143e-08, 3.51045192915e-09, 2.17171458594e-09, 2.37307395956e-09, 1.81220050077e-09, 2.35856578712e-09, 1.21213639126e-09, 6.38200214897e-10, 4.96342578149e-10],
        "var": [2.52164427366e-05, 3.88900843973e-05, 2.5481067496e-06, 5.40216205991e-06, 4.75792091947e-07, 4.99455552472e-08, 4.35464670545e-07, 2.78125185105e-07, 1.84408683879e-08, 5.94918425634e-09, 2.92990165462e-09, 1.77097891907e-09, 4.37151703725e-10, 2.22227083957e-10, 1.24182897299e-09, 5.60492596779e-10, 3.70461061827e-09, 8.68188987369e-09, 1.35178490623e-09, 6.25364604545e-09, 9.24263598989e-09, 7.43501749056e-09, 1.44735079477e-09, 1.46051948313e-10, 1.09746017829e-10, 1.55548126463e-11, 3.21254416298e-12, 1.57913059799e-12, 4.12100215064e-12, 4.16528356945e-12, 2.63545869156e-12, 4.73179167289e-13, 7.00648840365e-15, 1.86072862661e-16, 3.83579002513e-16, 4.68922521798e-16, 7.15797474055e-16, 7.63600784285e-16, 1.69689299932e-16, 1.20981689387e-16]
    },
    "mfcc": {
        "mean": [-654.719909668, 207.076675415, -37.153793335, 61.9474868774, 24.2517852783, 8.87088489532, -16.1427650452, -1.7628595829, 18.8765850067, 3.38844847679, 0.303321033716, 10.1883687973, -14.1669645309],
        "cov": [[429.105743408, -84.3294143677, -108.75579071, -9.00678062439, -39.3085441589, -35.1983108521, -16.9240894318, -17.3698348999, -19.5781974792, -4.16493463516, -15.1637382507, 15.6424894333, -0.914636671543], [-84.3294143677, 109.388442993, 21.8710460663, 0.0726496204734, 12.0752401352, -8.02696228027, -0.201623007655, 5.81706905365, -3.00397181511, 8.43910884857, 7.91077756882, -5.78793287277, 5.80753517151], [-108.75579071, 21.8710460663, 124.258239746, 8.25353050232, -3.55805134773, 21.8312244415, -0.0502541363239, 0.659387648106, 9.70493793488, -3.31160521507, 6.89502668381, -9.06038379669, -6.77398967743], [-9.00678062439, 0.0726496204734, 8.25353050232, 74.334197998, 14.4978904724, 0.164348170161, -4.16426372528, -6.92510032654, 7.0823097229, -1.96623241901, -10.2217550278, -1.38840210438, -3.7918035984], [-39.3085441589, 12.0752401352, -3.55805134773, 14.4978904724, 71.0392837524, 1.93622708321, -2.311398983, 16.9774169922, -4.43379306793, 5.44942903519, -1.65534853935, -4.41907501221, 3.95929217339], [-35.1983108521, -8.02696228027, 21.8312244415, 0.164348170161, 1.93622708321, 63.1531257629, 17.0767307281, 0.92420399189, 12.7109098434, -11.6170845032, 8.54982662201, 6.64390087128, -4.80324935913], [-16.9240894318, -0.201623007655, -0.0502541363239, -4.16426372528, -2.311398983, 17.0767307281, 54.8019790649, 12.8237028122, -6.27959537506, 3.33108329773, 4.26630878448, 4.94309520721, 3.33613467216], [-17.3698348999, 5.81706905365, 0.659387648106, -6.92510032654, 16.9774169922, 0.92420399189, 12.8237028122, 51.2826461792, 5.89135980606, 2.61542153358, 2.91748809814, -1.16806137562, 9.9945192337], [-19.5781974792, -3.00397181511, 9.70493793488, 7.0823097229, -4.43379306793, 12.7109098434, -6.27959537506, 5.89135980606, 61.6149291992, 4.65737247467, -5.3486738205, 5.78207445145, -7.92899656296], [-4.16493463516, 8.43910884857, -3.31160521507, -1.96623241901, 5.44942903519, -11.6170845032, 3.33108329773, 2.61542153358, 4.65737247467, 48.2858085632, 9.26383209229, -4.18654298782, 10.0350885391], [-15.1637382507, 7.91077756882, 6.89502668381, -10.2217550278, -1.65534853935, 8.54982662201, 4.26630878448, 2.91748809814, -5.3486738205, 9.26383209229, 47.5004310608, 12.1226940155, 6.41914415359], [15.6424894333, -5.78793287277, -9.06038379669, -1.38840210438, -4.41907501221, 6.64390087128, 4.94309520721, -1.16806137562, 5.78207445145, -4.18654298782, 12.1226940155, 49.6473503113, 8.54660415649], [-0.914636671543, 5.80753517151, -6.77398967743, -3.7918035984, 3.95929217339, -4.80324935913, 3.33613467216, 9.9945192337, -7.92899656296, 10.0350885391, 6.41914415359, 8.54660415649, 44.0603485107]],
