{
"lowlevel": {
    "average_loudness": 0.987576544285,
    "barkbands_crest": {
        "dmean": 3.11630368233,
        "dmean2": 5.15758991241,
        "dvar": 6.97994327545,
        "dvar2": 18.5864334106,
        "max": 24.4529781342,
        "mean": 15.5837059021,
        "median": 16.0690803528,
        "min": 7.41517686844,
        "var": 17.2059497833
    },
    "barkbands_flatness_db": {
        "dmean": 0.026392871514,
        "dmean2": 0.0405718237162,
        "dvar": 0.000444544071797,
        "dvar2": 0.00110493099783,
        "max": 0.36830702424,
        "mean": 0.290700316429,
        "median": 0.291668564081,
        "min": 0.156515777111,
        "var": 0.00099256914109
    },
    "barkbands_kurtosis": {
        "dmean": 8.02271747589,
        "dmean2": 12.6443920135,
        "dvar": 84.9838790894,
        "dvar2": 234.177825928,
        "max": 93.9046554565,
        "mean": 15.3703079224,
        "median": 13.3921165466,
        "min": -0.903105258942,
        "var": 110.803871155
    },
    "barkbands_skewness": {
        "dmean": 0.809479296207,
        "dmean2": 1.26012682915,
        "dvar": 0.551483273506,
        "dvar2": 1.36827743053,
        "max": 8.54621505737,
        "mean": 3.43083930016,
        "median": 3.34195923805,
        "min": 0.890853226185,
        "var": 1.0389726162
    },
    "barkbands_spread": {
        "dmean": 3.08918380737,
        "dmean2": 4.94561195374,
        "dvar": 10.5288228989,
        "dvar2": 25.6313037872,
        "max": 24.1992149353,
        "mean": 7.08301544189,
        "median": 6.18511533737,
        "min": 1.14002418518,
        "var": 16.8919067383
    },
    "dissonance": {
        "dmean": 0.0139759946615,
        "dmean2": 0.023102959618,
        "dvar": 0.00022120543872,
        "dvar2": 0.000411370769143,
        "max": 0.497694909573,
        "mean": 0.463249236345,
        "median": 0.46610096097,
        "min": 0.314568847418,
        "var": 0.000292330834782
    },
    "dynamic_complexity": 1.07824921608,
    "erbbands_crest": {
        "dmean": 3.07463240623,
        "dmean2": 4.72949790955,
        "dvar": 6.39588165283,
        "dvar2": 13.5206642151,
        "max": 24.0418605804,
        "mean": 14.5653600693,
        "median": 14.4038934708,
        "min": 4.21355724335,
        "var": 19.9700012207
    },
    "erbbands_flatness_db": {
        "dmean": 0.0133415237069,
        "dmean2": 0.0211006868631,
        "dvar": 0.000171326071722,
        "dvar2": 0.000377412041416,
        "max": 0.309117943048,
        "mean": 0.26452460885,
        "median": 0.265793085098,
        "min": 0.126140266657,
        "var": 0.000409383239457
    },
    "erbbands_kurtosis": {
        "dmean": 0.713202774525,
        "dmean2": 1.20477330685,
        "dvar": 0.910073757172,
        "dvar2": 2.61953639984,
        "max": 6.95264720917,
        "mean": -1.04466867447,
        "median": -1.36716961861,
        "min": -1.85099005699,
        "var": 0.859201967716
    },
    "erbbands_skewness": {
        "dmean": 0.519766688347,
        "dmean2": 0.77748554945,
        "dvar": 0.197559177876,
        "dvar2": 0.47063678503,
        "max": 2.86492538452,
        "mean": 0.443813681602,
        "median": 0.420711398125,
        "min": -1.45146858692,
        "var": 0.441314071417
    },
    "erbbands_spread": {
        "dmean": 7.38317155838,
        "dmean2": 12.037478447,
        "dvar": 40.4159126282,
        "dvar2": 103.005180359,
        "max": 64.1820220947,
        "mean": 49.2564888,
        "median": 51.0191459656,
        "min": 19.5942268372,
        "var": 65.5704956055
    },
    "hfc": {
        "dmean": 2.86252379417,
        "dmean2": 4.66992712021,
        "dvar": 7.33720493317,
        "dvar2": 16.7100219727,
        "max": 27.9569816589,
        "mean": 13.5949811935,
        "median": 12.9798231125,
        "min": 0.431459218264,
        "var": 21.9142665863
    },
    "melbands_crest": {
        "dmean": 3.20414042473,
        "dmean2": 5.50998735428,
        "dvar": 7.8090057373,
        "dvar2": 22.4550228119,
        "max": 29.2159252167,
        "mean": 18.4218025208,
        "median": 18.5166549683,
        "min": 11.7218065262,
        "var": 10.8055896759
    },
    "melbands_flatness_db": {
        "dmean": 0.027557104826,
        "dmean2": 0.0435439608991,
        "dvar": 0.00049663084792,
        "dvar2": 0.0011735559674,
        "max": 0.458546638489,
        "mean": 0.388864099979,
        "median": 0.392774909735,
        "min": 0.271927416325,
        "var": 0.00116495264228
    },
    "melbands_kurtosis": {
        "dmean": 19.5489997864,
        "dmean2": 31.1227645874,
        "dvar": 352.379821777,
        "dvar2": 905.39440918,
        "max": 177.404403687,
        "mean": 48.009853363,
        "median": 45.5291671753,
        "min": 3.32048797607,
        "var": 611.084960938
    },
    "melbands_skewness": {
        "dmean": 1.11655259132,
        "dmean2": 1.75262951851,
        "dvar": 0.877663910389,
        "dvar2": 2.05629611015,
        "max": 10.5522756577,
        "mean": 5.92721128464,
        "median": 5.9135632515,
        "min": 2.18060922623,
        "var": 2.00734257698
    },
    "melbands_spread": {
        "dmean": 2.64416217804,
        "dmean2": 4.29460334778,
        "dvar": 10.0114917755,
        "dvar2": 25.9816818237,
        "max": 26.4836502075,
        "mean": 5.57486534119,
        "median": 4.63168668747,
        "min": 1.05164861679,
        "var": 15.1032943726
    },
    "pitch_salience": {
        "dmean": 0.0816866382957,
        "dmean2": 0.130650445819,
        "dvar": 0.00508510740474,
        "dvar2": 0.0115265939385,
        "max": 0.790942072868,
        "mean": 0.393681317568,
        "median": 0.410554587841,
        "min": 0.108004197478,
        "var": 0.0143419643864
    },
    "silence_rate_20dB": {
        "dmean": 0,
        "dmean2": 0,
        "dvar": 0,
        "dvar2": 0,
        "max": 1,
        "mean": 1,
        "median": 1,
        "min": 1,
        "var": 0
    },
    "silence_rate_30dB": {
        "dmean": 0,
        "dmean2": 0,
        "dvar": 0,
        "dvar2": 0,
        "max": 1,
        "mean": 1,
        "median": 1,
        "min": 1,
        "var": 0
    },
    "silence_rate_60dB": {
        "dmean": 0,
        "dmean2": 0,
        "dvar": 0,
        "dvar2": 0,
        "max": 0,
        "mean": 0,
        "median": 0,
        "min": 0,
        "var": 0
    },
    "spectral_centroid": {
        "dmean": 130.152206421,
        "dmean2": 210.936859131,
        "dvar": 18603.0839844,
        "dvar2": 45099.984375,
        "max": 1168.07519531,
        "mean": 468.2734375,
        "median": 419.741912842,
        "min": 245.148391724,
        "var": 28511.6796875
    },
    "spectral_complexity": {
        "dmean": 2.74285721779,
        "dmean2": 4.32535886765,
        "dvar": 6.06720495224,
        "dvar2": 12.630988121,
        "max": 26,
        "mean": 14.7440757751,
        "median": 15,
        "min": 1,
        "var": 17.2994213104
    },
    "spectral_decrease": {
        "dmean": 3.63355079358e-09,
        "dmean2": 5.89729864942e-09,
        "dvar": 8.38735829402e-18,
        "dvar2": 2.26886394144e-17,
        "max": -1.99029223658e-10,
        "mean": -1.30978756729e-08,
        "median": -1.29712010022e-08,
        "min": -2.21846967463e-08,
        "var": 1.38981331422e-17
    },
    "spectral_energy": {
        "dmean": 0.013927699998,
        "dmean2": 0.0226002242416,
        "dvar": 0.00012361620611,
        "dvar2": 0.000334379175911,
        "max": 0.0855099335313,
        "mean": 0.0506674312055,
        "median": 0.0499784015119,
        "min": 0.000790313119069,
        "var": 0.000206233176868
    },
    "spectral_energyband_high": {
        "dmean": 5.47108584215e-06,
        "dmean2": 8.54759036883e-06,
        "dvar": 3.2669006389e-11,
        "dvar2": 8.13734982175e-11,
        "max": 5.36990264663e-05,
        "mean": 1.65171150002e-05,
        "median": 1.36206026582e-05,
        "min": 7.42873339732e-07,
        "var": 9.38313454713e-11
    },
    "spectral_energyband_low": {
        "dmean": 0.00549162412062,
        "dmean2": 0.00928981881589,
        "dvar": 3.79511729989e-05,
        "dvar2": 0.000110884131573,
        "max": 0.0463585294783,
        "mean": 0.0104903914034,
        "median": 0.00682858889922,
        "min": 9.00310915313e-05,
        "var": 8.81812156877e-05
    },
    "spectral_energyband_middle_high": {
        "dmean": 0.000908213783987,
        "dmean2": 0.00129381078295,
        "dvar": 7.37730829314e-07,
        "dvar2": 1.43035470046e-06,
        "max": 0.00961385015398,
        "mean": 0.00263093598187,
        "median": 0.00211755093187,
        "min": 0.000162843280123,
        "var": 3.25875816998e-06
    },
    "spectral_energyband_middle_low": {
        "dmean": 0.0133385611698,
        "dmean2": 0.0211061183363,
        "dvar": 0.000130949541926,
        "dvar2": 0.000349576264853,
        "max": 0.0813961178064,
        "mean": 0.0380980782211,
        "median": 0.037865281105,
        "min": 0.000592035998125,
        "var": 0.000336238619639
    },
    "spectral_entropy": {
        "dmean": 0.209191679955,
        "dmean2": 0.330761909485,
        "dvar": 0.0291725043207,
        "dvar2": 0.0691650211811,
        "max": 7.53981351852,
        "mean": 6.57723236084,
        "median": 6.5844836235,
        "min": 5.75948476791,
        "var": 0.0696070566773
    },
    "spectral_flux": {
        "dmean": 0.0233903042972,
        "dmean2": 0.039847664535,
        "dvar": 0.00055229809368,
        "dvar2": 0.0013567020651,
        "max": 0.23802678287,
        "mean": 0.0790815576911,
        "median": 0.0730343535542,
        "min": 0.0307350475341,
        "var": 0.000933856877964
    },
    "spectral_kurtosis": {
        "dmean": 5.32284784317,
        "dmean2": 9.59413433075,
        "dvar": 17.0337791443,
        "dvar2": 47.3540534973,
        "max": 33.3380622864,
        "mean": 9.2443113327,
        "median": 8.401222229,
        "min": 1.22007656097,
        "var": 30.2709522247
    },
    "spectral_rms": {
        "dmean": 0.00100215536077,
        "dmean2": 0.00161663093604,
        "dvar": 7.72675889493e-07,
        "dvar2": 1.88815045021e-06,
        "max": 0.00913369189948,
        "mean": 0.00694740051404,
        "median": 0.0069827940315,
        "min": 0.000878087244928,
        "var": 1.16527144201e-06
    },
    "spectral_rolloff": {
        "dmean": 128.686523438,
        "dmean2": 250.156082153,
        "dvar": 130578.234375,
        "dvar2": 396708.03125,
        "max": 2131.78710938,
        "mean": 284.626068115,
        "median": 215.33203125,
        "min": 129.19921875,
        "var": 81286.4921875
    },
    "spectral_skewness": {
        "dmean": 0.469114929438,
        "dmean2": 0.826377034187,
        "dvar": 0.135812148452,
        "dvar2": 0.361607551575,
        "max": 4.20636701584,
        "mean": 1.64898073673,
        "median": 1.56813168526,
        "min": 0.717468798161,
        "var": 0.279879391193
    },
    "spectral_spread": {
        "dmean": 164690.09375,
        "dmean2": 255329.96875,
        "dvar": 122271203328,
        "dvar2": 104249106432,
        "max": 7563532,
        "mean": 2080156.875,
        "median": 2027045.5,
        "min": 1687399.75,
        "var": 182885810176
    },
    "spectral_strongpeak": {
        "dmean": 0.372543543577,
        "dmean2": 0.60482865572,
        "dvar": 0.0996000021696,
        "dvar2": 0.210435733199,
        "max": 2.38954925537,
        "mean": 1.248873353,
        "median": 1.2055529356,
        "min": 0.0317953042686,
        "var": 0.231959462166
    },
    "zerocrossingrate": {
        "dmean": 0.00345052080229,
        "dmean2": 0.0046585300006,
        "dvar": 1.01396699392e-05,
        "dvar2": 1.30387652462e-05,
        "max": 0.03515625,
        "mean": 0.0169695094228,
        "median": 0.01611328125,
        "min": 0.00390625,
        "var": 3.33957614203e-05
    },
    "barkbands": {
        "dmean": [1.37613687912e-05, 0.00238179671578, 0.00348440092057, 0.00364349456504, 0.0118731306866, 0.000139467418194, 7.32624612283e-05, 0.000121311852126, 0.000173190463101, 0.000120260054246, 5.30481702299e-05, 0.000203101357329, 2.59952848864e-05, 0.000223405877477, 0.000191586732399, 0.000476980931126, 0.000223684110097, 6.663952081e-05, 2.36078794842e-05, 4.79198570247e-06, 3.3688363601e-06, 1.11437975647e-06, 2.10080173701e-07, 5.9299186006e-08, 2.78091345507e-08, 2.41592328365e-08, 2.04487911049e-08],
        "dmean2": [2.06458280445e-05, 0.0035908210557, 0.00606237351894, 0.00629454711452, 0.0189497601241, 0.00024196630693, 0.000127867242554, 0.000198733236175, 0.000303665990941, 0.000188661593711, 8.48232302815e-05, 0.000313005060889, 4.06761791965e-05, 0.000346441520378, 0.000307455804432, 0.000773299019784, 0.000364180537872, 0.000112009387522, 3.69352565031e-05, 7.24535766494e-06, 5.53546351512e-06, 1.80400820682e-06, 3.79011964924e-07, 8.63011422325e-08, 3.33055076851e-08, 2.82278254105e-08, 2.2316493542e-08],
        "dvar": [4.14929618442e-10, 6.3783263613e-06, 1.82850853889e-05, 1.18579891932e-05, 0.000115041591926, 1.95220195565e-08, 6.11650463611e-09, 1.77736136919e-08, 5.50278542732e-08, 3.80582463322e-08, 4.55908999442e-09, 7.70409513962e-08, 9.89133996931e-10, 1.05014450469e-07, 5.77939225366e-08, 2.78914626506e-07, 6.09814705399e-08, 4.68349714566e-09, 5.42163813844e-10, 2.63665634465e-11, 1.47113831533e-11, 1.47393100329e-12, 1.02441370816e-13, 6.90132494338e-14, 5.83662892323e-14, 5.90117622194e-14, 6.62230009328e-14],
        "dvar2": [7.65088215005e-10, 1.69669965544e-05, 5.75561462028e-05, 3.47864588548e-05, 0.000312927993946, 5.71817047046e-08, 1.78158536812e-08, 4.17283381182e-08, 1.61468960869e-07, 6.0357699283e-08, 1.13828688697e-08, 1.6486792731e-07, 2.48259879321e-09, 2.3846078534e-07, 1.39877570859e-07, 6.88157967943e-07, 1.5809698084e-07, 1.20074066245e-08, 1.25675225782e-09, 5.26449092653e-11, 3.81937641236e-11, 3.27041345394e-12, 1.5525920122e-13, 7.07438190602e-14, 5.861591323e-14, 5.91339314755e-14, 6.62845090773e-14],
        "max": [0.000190061036847, 0.0286168511957, 0.0296794064343, 0.0238806344569, 0.0682103484869, 0.00118822080549, 0.000506661075633, 0.00119702413213, 0.00216769380495, 0.00239785411395, 0.000676563475281, 0.00313602667302, 0.000234472681768, 0.00368445180357, 0.00292055215687, 0.00429239543155, 0.00202618027106, 0.0004842657072, 0.000296237703878, 5.60066000617e-05, 3.97172698285e-05, 1.02238691397e-05, 4.28276644016e-06, 3.90197101297e-06, 3.54382291334e-06, 3.54035432792e-06, 3.76055322704e-06],
        "mean": [2.42633777816e-05, 0.00527575798333, 0.0046893581748, 0.00760416174307, 0.0297078769654, 0.000215782958549, 0.000117427938676, 0.000161863616086, 0.000200382783078, 0.000187804558664, 8.39045751491e-05, 0.000332484487444, 3.83979713661e-05, 0.000391479610698, 0.000317703350447, 0.000759066198952, 0.000364510167856, 0.000116867086035, 5.4604421166e-05, 1.13257847261e-05, 9.3522367024e-06, 2.68199869424e-06, 2.35798879089e-07, 1.32752688842e-07, 5.09504261004e-08, 3.04049834199e-08, 3.107020774e-08],
        "median": [1.05290910142e-05, 0.00397634599358, 0.00254401075654, 0.00723235169426, 0.0296873599291, 0.000186175398994, 9.483951726e-05, 0.000118711570394, 0.000148464256199, 0.000101276556961, 5.76671955059e-05, 0.00019343427266, 2.55959585047e-05, 0.000251424411545, 0.000223635288421, 0.000507050426677, 0.000297057209536, 9.55034483923e-05, 4.37076232629e-05, 8.93555443326e-06, 7.12688552085e-06, 2.12034933611e-06, 1.5765969863e-07, 1.00362711919e-07, 3.03605993679e-08, 9.30348420525e-09, 1.3257142939e-08],
        "min": [2.17393363755e-07, 1.20056829473e-05, 2.86392405542e-05, 0.00011852208263, 0.000326757668518, 3.01762520394e-05, 6.26915152679e-06, 5.61173328606e-06, 1.23488471218e-05, 8.77329694049e-06, 6.64190974931e-06, 9.74535396381e-06, 2.91760079563e-06, 5.85542102272e-06, 6.24807717031e-06, 3.58653451258e-05, 2.74484063993e-05, 2.64716072707e-06, 1.65738015312e-06, 4.58143460946e-07, 2.72969401749e-07, 2.21584897986e-07, 2.84673671302e-08, 5.0731281398e-09, 2.45138909172e-09, 1.42266942671e-09, 1.72332847992e-09],
        "var": [9.36239419325e-10, 2.02805622393e-05, 2.74139856629e-05, 1.73969619937e-05, 0.000247792428127, 2.21286651225e-08, 7.18766601793e-09, 2.81584853212e-08, 4.6096701567e-08, 7.63642589163e-08, 7.92370435931e-09, 1.70721136783e-07, 1.43675082942e-09, 2.47133556286e-07, 1.12095882798e-07, 4.69637001288e-07, 7.96478829557e-08, 7.75293340638e-09, 1.61005342392e-09, 7.48529432881e-11, 4.22061968708e-11, 3.58140513773e-12, 1.03160434025e-13, 7.07828096808e-14, 5.86098281453e-14, 5.91702319194e-14, 6.62422522976e-14]
    },
    "erbbands": {
        "dmean": [0.0265870820731, 0.7248904109, 4.2069439888, 4.40621423721, 46.595123291, 21.3021888733, 1.39895367622, 1.2844158411, 0.785241484642, 1.45172309875, 4.55220603943, 3.06394863129, 3.99871277809, 1.38347899914, 5.4825630188, 5.03766489029, 1.19090175629, 5.76287555695, 15.9123697281, 17.2508945465, 21.7859306335, 13.1050834656, 4.43597698212, 2.10327291489, 0.542912244797, 0.226025372744, 0.161304920912, 0.114167079329, 0.03226897493, 0.00799277238548, 0.00548833049834, 0.00172525190283, 0.000827753217891, 0.00037081487244, 0.000178603688255, 9.9507647974e-05, 4.59268085251e-05, 1.35359769047e-05, 8.65293441166e-06, 1.5275356418e-05],
        "dmean2": [0.0390266440809, 1.11993944645, 7.28149318695, 7.61055326462, 72.5600204468, 36.0631256104, 2.50024914742, 2.25663328171, 1.35722374916, 2.39567708969, 7.54063081741, 5.26575565338, 6.1950044632, 2.20886731148, 8.38454437256, 7.98979902267, 1.90887272358, 9.31341266632, 26.1779193878, 28.6966934204, 34.8303451538, 21.2243461609, 7.01241779327, 3.2902879715, 0.806734442711, 0.342018812895, 0.264228999615, 0.182621821761, 0.0495843067765, 0.0135992923751, 0.00978757441044, 0.00279993307777, 0.00113548443187, 0.000463748234324, 0.000208656972973, 0.000116971445095, 5.42063025932e-05, 1.49477209561e-05, 1.24798134493e-05, 2.48282303801e-05],
        "dvar": [0.000855022110045, 0.606690883636, 27.1450901031, 16.8153266907, 1677.03015137, 379.859344482, 1.51570796967, 1.80570399761, 0.4472450912, 2.02053642273, 30.5838165283, 16.9286117554, 44.5935745239, 3.77908349037, 44.3728713989, 39.717048645, 2.12485957146, 44.977481842, 721.963928223, 395.765167236, 652.684387207, 199.779037476, 18.2630233765, 3.11997938156, 0.330372512341, 0.057440944016, 0.0387440919876, 0.0128105571494, 0.00108276295941, 0.00011369871936, 8.45545364427e-05, 3.43562242051e-05, 1.74181459442e-05, 7.59948261475e-06, 2.91199262392e-06, 9.23777633943e-07, 2.02794907977e-07, 2.56656722541e-08, 1.31879407395e-09, 1.49966247753e-10],
        "dvar2": [0.00197510165162, 1.66475427151, 83.2487030029, 47.6874198914, 4231.30517578, 1180.04528809, 3.81101822853, 5.46136331558, 1.44582045078, 5.4210562706, 85.2108154297, 49.2307929993, 75.2889251709, 6.54925251007, 90.712638855, 89.7847061157, 5.340736866, 113.115470886, 1638.63830566, 1097.57165527, 1710.11767578, 501.237854004, 44.4588737488, 8.17403507233, 0.711846292019, 0.121199898422, 0.10782558471, 0.031279053539, 0.00236961920746, 0.000187932731933, 0.000121605953609, 3.70095112885e-05, 1.77451111085e-05, 7.63643765822e-06, 2.9405478017e-06, 9.24054461393e-07, 2.04159761097e-07, 2.57346250976e-08, 1.39986522374e-09, 4.05829397865e-10],
        "max": [0.26836374402, 8.29792690277, 35.7841682434, 31.2608337402, 294.368988037, 120.148513794, 7.95915699005, 9.34434318542, 5.06477451324, 9.72643852234, 49.8199615479, 38.4961090088, 85.8154144287, 19.542137146, 80.757019043, 68.8866500854, 11.7177696228, 80.683265686, 316.131835938, 138.836685181, 207.746856689, 100.944709778, 31.5482749939, 19.0516300201, 6.53548240662, 2.8171339035, 2.00554347038, 1.21502649784, 0.279614090919, 0.146128565073, 0.127057522535, 0.0866926386952, 0.0617267750204, 0.0405998677015, 0.0249549876899, 0.0140839070082, 0.00655464548618, 0.00233548087999, 0.000545448041521, 9.41056860029e-05],
        "mean": [0.0525196418166, 1.53065919876, 6.51922750473, 12.4435863495, 135.000198364, 39.8202972412, 2.77499032021, 1.95266127586, 1.45455670357, 2.19480609894, 5.8357629776, 4.07481575012, 6.26506090164, 2.65981268883, 10.0208349228, 8.82792282104, 2.37437486649, 10.0074653625, 27.7936668396, 27.7583560944, 33.220451355, 21.2288227081, 9.18993377686, 5.00906276703, 1.41112005711, 0.559819221497, 0.404358208179, 0.321040481329, 0.0938113331795, 0.0158871896565, 0.00691767176613, 0.003547959961, 0.0018292061286, 0.000781859853305, 0.000302240572637, 0.000170370796695, 6.52065209579e-05, 1.72717172973e-05, 2.73512814601e-05, 5.64259607927e-05],
        "median": [0.0406405180693, 1.06193625927, 3.63831567764, 11.9591550827, 136.886901855, 35.9426841736, 2.43713665009, 1.59724581242, 1.30361449718, 1.72392678261, 4.22515678406, 3.39917778969, 3.30085802078, 1.97148239613, 5.95384836197, 5.24209165573, 1.73368418217, 6.52578830719, 15.6391134262, 19.2931003571, 21.6200637817, 16.6048431396, 7.84411478043, 4.04020166397, 1.06935143471, 0.453089982271, 0.294094502926, 0.263452231884, 0.0781306177378, 0.0132424719632, 0.00501151010394, 0.00270409113728, 0.00132338842377, 0.000525304232724, 0.000159019211424, 8.88087670319e-05, 2.52884965448e-05, 5.19327340953e-06, 2.4489894713e-05, 5.55818151042e-05],
        "min": [0.000475332024507, 0.00263795768842, 0.0245201066136, 0.226590901613, 0.843689322472, 1.14017748833, 0.647807478905, 0.30633315444, 0.158611774445, 0.14337003231, 0.349570512772, 0.378818541765, 0.472740918398, 0.237544953823, 0.620879352093, 0.729272246361, 0.167100146413, 0.280202418566, 0.296096146107, 1.11743104458, 1.70117604733, 1.57484829426, 0.313682496548, 0.0870120078325, 0.0575534179807, 0.0276041552424, 0.00900104176253, 0.0157947614789, 0.00729961879551, 0.00120427994989, 0.000796927197371, 0.000171608975506, 7.50832186895e-05, 4.1085830162e-05, 1.17139970826e-05, 6.75703176967e-06, 2.82042492472e-06, 1.02117974166e-06, 6.25134191523e-07, 9.27464554934e-07],
        "var": [0.0020203224849, 1.90680754185, 46.6685676575, 23.6925468445, 4600.1640625, 561.877441406, 2.09247469902, 1.86663031578, 0.706623971462, 2.89366102219, 37.0712203979, 15.548002243, 87.3870391846, 7.64262962341, 119.771224976, 91.3111038208, 3.93208551407, 106.48084259, 1408.09191895, 612.688659668, 925.138793945, 273.837097168, 36.8297691345, 9.89691162109, 1.14087033272, 0.16742579639, 0.0940394625068, 0.0374007001519, 0.00294080027379, 0.000140060496051, 8.64225803525e-05, 3.52386159648e-05, 1.77527072083e-05, 7.65415097703e-06, 2.91415335596e-06, 9.27481096369e-07, 2.03168099233e-07, 2.56407677313e-08, 1.32000665953e-09, 2.43465969607e-10]
    },
    "gfcc": {
        "mean": [-81.8152923584, 192.024368286, -141.630371094, 46.6014480591, 5.25706577301, -16.1027107239, -23.9193916321, -18.1382141113, -13.2614183426, -29.9702358246, -25.8754520416, -20.8889579773, -0.551576733589],
        "cov": [[369.013458252, -45.9573020935, -123.916763306, -23.5553665161, 9.29290390015, 12.3121461868, -11.4820356369, -18.9164123535, -27.9416294098, 3.76592493057, -10.2395114899, -11.8560934067, 3.54484534264], [-45.9573020935, 109.21421814, 7.90607261658, -14.3199043274, 7.80539560318, -3.75848340988, 43.5665092468, 14.7424373627, 24.6447086334, 5.52234077454, 19.6155281067, -4.71487951279, 1.89621376991], [-123.916763306, 7.90607261658, 193.9815979, 33.1030731201, 7.62241172791, 11.5961122513, 3.02418446541, 33.3527107239, 26.2140350342, 14.4373264313, 10.8821258545, 6.45361757278, -19.5487785339], [-23.5553665161, -14.3199043274, 33.1030731201, 75.8623275757, 39.444683075, 5.46671390533, -6.03859233856, -9.168633461, 16.8500995636, 11.8093042374, 9.33898067474, 1.80692744255, 0.42238470912], [9.29290390015, 7.80539560318, 7.62241172791, 39.444683075, 67.3574142456, 21.518201828, 1.81072795391, -6.61011791229, 2.98253560066, 17.7861652374, 13.372926712, 0.568650305271, 1.24386274815], [12.3121461868, -3.75848340988, 11.5961122513, 5.46671390533, 21.518201828, 55.3905830383, 27.0963973999, 18.3834114075, 8.15161132812, 19.1844730377, 11.7575416565, 8.69606590271, -2.11271286011], [-11.4820356369, 43.5665092468, 3.02418446541, -6.03859233856, 1.81072795391, 27.0963973999, 65.4369277954, 28.9205627441, 10.1849050522, 11.5249567032, 8.42291259766, 2.51851916313, 1.14740514755], [-18.9164123535, 14.7424373627, 33.3527107239, -9.168633461, -6.61011791229, 18.3834114075, 28.9205627441, 71.1850204468, 31.7623939514, 9.61808776855, 0.638642013073, 8.51511192322, -6.75453233719], [-27.9416294098, 24.6447086334, 26.2140350342, 16.8500995636, 2.98253560066, 8.15161132812, 10.1849050522, 31.7623939514, 49.0185623169, 17.4658355713, 2.21057581902, -2.41276597977, -5.71930217743], [3.76592493057, 5.52234077454, 14.4373264313, 11.8093042374, 17.7861652374, 19.1844730377, 11.5249567032, 9.61808776855, 17.4658355713, 45.2143592834, 11.361489296, -4.64692401886, -6.23231267929], [-10.2395114899, 19.6155281067, 10.8821258545, 9.33898067474, 13.372926712, 11.7575416565, 8.42291259766, 0.638642013073, 2.21057581902, 11.361489296, 32.4800262451, 11.3911523819, -5.04932498932], [-11.8560934067, -4.71487951279, 6.45361757278, 1.80692744255, 0.568650305271, 8.69606590271, 2.51851916313, 8.51511192322, -2.41276597977, -4.64692401886, 11.3911523819, 31.8253726959, 6.9010643959], [3.54484534264, 1.89621376991, -19.5487785339, 0.42238470912, 1.24386274815, -2.11271286011, 1.14740514755, -6.75453233719, -5.71930217743, -6.23231267929, -5.04932498932, 6.9010643959, 22.5216884613]],
        "icov": [[0.0039352835156, 0.00180460000411, 0.00243375496939, 0.00116919062566, -0.0013500249479, -0.000705368409399, 8.78895298229e-05, -0.000609382579569, 0.000566217873711, -0.000545443675946, -0.000519590801559, 0.00158021191601, 0.000532532983925], [0.00180460000411, 0.0463262684643, -0.00493450975046, 0.0332187153399, -0.0262206457555, 0.0294122528285, -0.038026034832, 0.017174674198, -0.0427069477737, 0.0153178637847, -0.0349664613605, 0.0124947326258, -0.016069656238], [0.00243375496939, -0.00493450975046, 0.00926645752043, -0.00768151413649, 0.00403496436775, -0.00471781427041, 0.00606480101123, -0.00609114672989, 0.00647999159992, -0.00301586836576, 0.00393186789006, -0.00192693364806, 0.00770148681477], [0.00116919062566, 0.0332187153399, -0.00768151413649, 0.0502286553383, -0.0336357541382, 0.0242497939616, -0.0277727600187, 0.021864708513, -0.044230543077, 0.0125018544495, -0.0247399173677, 0.0045765247196, -0.0132070900872], [-0.0013500249479, -0.0262206457555, 0.00403496436775, -0.0336357541382, 0.0435265041888, -0.0263853743672, 0.0248679481447, -0.0120023395866, 0.0308360215276, -0.0134998783469, 0.0125920278952, -0.000609511393122, 0.0039124279283], [-0.000705368409399, 0.0294122528285, -0.00471781427041, 0.0242497939616, -0.0263853743672, 0.0509427897632, -0.0349737852812, 0.00945574045181, -0.0273777004331, 0.00205259327777, -0.0211010016501, -0.00235998490825, -0.00645353971049], [8.78895298229e-05, -0.038026034832, 0.00606480101123, -0.0277727600187, 0.0248679481447, -0.0349737852812, 0.0562954470515, -0.0250164531171, 0.0387331955135, -0.0136286756024, 0.0207024104893, -0.00147394230589, 0.00510564772412], [-0.000609382579569, 0.017174674198, -0.00609114672989, 0.021864708513, -0.0120023395866, 0.00945574045181, -0.0250164531171, 0.0395836308599, -0.037261068821, 0.0076081561856, -0.00404824083671, -0.00942714232951, 0.00227285316214], [0.000566217873711, -0.0427069477737, 0.00647999159992, -0.044230543077, 0.0308360215276, -0.0273777004331, 0.0387331955135, -0.037261068821, 0.0819267183542, -0.0255710985512, 0.0309242624789, -0.00271964841522, 0.0140364049003], [-0.000545443675946, 0.0153178637847, -0.00301586836576, 0.0125018544495, -0.0134998783469, 0.00205259327777, -0.0136286756024, 0.0076081561856, -0.0255710985512, 0.0403318479657, -0.0215152874589, 0.0132901454344, -0.0043707145378], [-0.000519590801559, -0.0349664613605, 0.00393186789006, -0.0247399173677, 0.0125920278952, -0.0211010016501, 0.0207024104893, -0.00404824083671, 0.0309242624789, -0.0215152874589, 0.0774651840329, -0.0352495983243, 0.0320268794894], [0.00158021191601, 0.0124947326258, -0.00192693364806, 0.0045765247196, -0.000609511393122, -0.00235998490825, -0.00147394230589, -0.00942714232951, -0.00271964841522, 0.0132901454344, -0.0352495983243, 0.0578484535217, -0.0286407396197], [0.000532532983925, -0.016069656238, 0.00770148681477, -0.0132070900872, 0.0039124279283, -0.00645353971049, 0.00510564772412, 0.00227285316214, 0.0140364049003, -0.0043707145378, 0.0320268794894, -0.0286407396197, 0.0705148801208]]
    },
    "melbands": {
        "dmean": [0.000420945609221, 0.00170298514422, 0.00191424437799, 0.00298916106112, 5.98645819991e-05, 2.7565538403e-05, 1.31798278744e-05, 1.3497126929e-05, 4.55276458524e-05, 1.64535467775e-05, 2.03715335374e-05, 6.17655859969e-06, 1.28036417664e-05, 2.73059667961e-05, 3.15183933708e-06, 4.19451407652e-06, 9.92446803139e-06, 3.18822312693e-05, 1.26778222693e-05, 3.47890236299e-05, 2.21281370614e-05, 1.38041596074e-05, 7.88170473243e-06, 3.06215702039e-06, 1.82000235327e-06, 6.15283227035e-07, 2.61601542206e-07, 1.44612570807e-07, 8.11208096252e-08, 1.09014216321e-07, 6.62296955056e-08, 2.36698767253e-08, 7.27920301813e-09, 4.66407623634e-09, 4.07925249135e-09, 1.52289647559e-09, 9.96672300246e-10, 6.7085470512e-10, 4.16363943323e-10, 3.04178210397e-10],
        "dmean2": [0.00063576514367, 0.00292879296467, 0.00314037455246, 0.0048148939386, 0.000108483618533, 4.82103459944e-05, 2.31961967074e-05, 2.23945844482e-05, 7.63908028603e-05, 2.85961632471e-05, 3.16318801197e-05, 9.69182929111e-06, 1.96745677385e-05, 4.19933567173e-05, 5.12400265507e-06, 7.00666851117e-06, 1.66595509654e-05, 5.30570105184e-05, 2.19950652536e-05, 5.5862001318e-05, 3.58974975825e-05, 2.29107572522e-05, 1.20094155136e-05, 5.12217820869e-06, 2.86172235064e-06, 9.54133952291e-07, 4.01451444532e-07, 2.25987747626e-07, 1.33306741645e-07, 1.81322533876e-07, 1.08114726061e-07, 3.66718388989e-08, 1.186985088e-08, 8.48978576329e-09, 7.36010585811e-09, 2.53987053611e-09, 1.55363166776e-09, 9.43024325295e-10, 5.44409961556e-10, 3.85803416991e-10],
        "dvar": [1.86063800811e-07, 4.28312614531e-06, 2.98220084005e-06, 7.24102346794e-06, 3.11509307238e-09, 7.94477539312e-10, 1.4726786457e-10, 1.66890751219e-10, 3.26228377645e-09, 5.06871489225e-10, 1.15909182252e-09, 8.07793693047e-11, 2.03446995362e-10, 1.35031152926e-09, 1.39759445336e-11, 2.42218294033e-11, 1.51048326624e-10, 3.04034819543e-09, 2.36886149585e-10, 1.30665367415e-09, 6.40545505526e-10, 2.52756898744e-10, 5.15464372575e-11, 8.53788480887e-12, 2.27103145317e-12, 4.31570523676e-13, 1.00640511007e-13, 2.03757163594e-14, 9.81473508423e-15, 1.71646144563e-14, 4.1580648328e-15, 5.9266942965e-16, 7.87086307995e-17, 3.56636604997e-17, 3.49028164635e-17, 1.75709358303e-17, 1.1105895649e-17, 9.22387198542e-18, 6.25077145131e-18, 5.14225265036e-18],
        "dvar2": [4.70524611274e-07, 1.25926708279e-05, 7.44802491681e-06, 2.02664250537e-05, 9.17648357301e-09, 2.38959851906e-09, 4.55995546877e-10, 4.45380565761e-10, 9.35727140217e-09, 1.47298895303e-09, 1.90424809254e-09, 1.40091299672e-10, 4.53061282935e-10, 2.90660251423e-09, 3.92171087271e-11, 6.14426912127e-11, 4.01480265699e-10, 6.97222413137e-09, 6.95789259542e-10, 3.39223360513e-09, 1.65580049671e-09, 6.51791731698e-10, 1.15424961256e-10, 2.05175286483e-11, 6.21255607722e-12, 9.7181583527e-13, 2.22476930541e-13, 4.94560582808e-14, 2.73512190273e-14, 4.7112684034e-14, 9.38321584331e-15, 1.29199470692e-15, 1.65189874151e-16, 6.34028049996e-17, 5.74209127423e-17, 2.03492353301e-17, 1.18210892415e-17, 9.50386435097e-18, 6.26307369497e-18, 5.17494241458e-18],
        "max": [0.00469414284453, 0.0143359303474, 0.0145248705521, 0.0172018650919, 0.000291597039904, 0.000208254539757, 8.17382460809e-05, 8.66318659973e-05, 0.000520646688528, 0.000209164427361, 0.000434293411672, 9.33745104703e-05, 0.000160642826813, 0.000416971277446, 3.03512570099e-05, 3.33092721121e-05, 0.000129032399855, 0.000630037800875, 0.000106447878352, 0.000288651150186, 0.000188537931535, 0.0001223050931, 5.02386283188e-05, 2.41804264078e-05, 1.670871643e-05, 6.35439073449e-06, 3.49019887835e-06, 1.51344738697e-06, 9.30625446927e-07, 1.15657508104e-06, 7.88098361681e-07, 1.93730244291e-07, 9.28329413341e-08, 7.38893888297e-08, 7.6421216022e-08, 6.12449753135e-08, 4.92983822653e-08, 4.48575683265e-08, 3.69179602444e-08, 3.33389849061e-08],
        "mean": [0.000913440424483, 0.00296024535783, 0.00617004465312, 0.00727112777531, 8.33511076053e-05, 4.13716952608e-05, 2.41291290877e-05, 2.04882817343e-05, 5.62868444831e-05, 2.15110158024e-05, 3.16139012284e-05, 1.06057050289e-05, 2.2699665351e-05, 4.55791268905e-05, 5.54173857381e-06, 6.484077403e-06, 1.56804126163e-05, 5.30554061697e-05, 1.99030146177e-05, 5.45184702787e-05, 3.24494576489e-05, 2.08215515158e-05, 1.48295066538e-05, 5.35236495125e-06, 4.09667791246e-06, 1.37426718538e-06, 5.59738509764e-07, 3.04022989894e-07, 1.94569224732e-07, 2.69003294306e-07, 1.68934818134e-07, 6.21900682063e-08, 1.5678107701e-08, 5.35542366009e-09, 4.32901092751e-09, 2.54613796713e-09, 1.96669791563e-09, 1.3761108919e-09, 8.44540160028e-10, 5.61285906642e-10],
        "median": [0.000733998604119, 0.00179844058584, 0.00611127447337, 0.00730997975916, 6.49082649034e-05, 3.57451717719e-05, 2.11556271097e-05, 1.60151193995e-05, 3.93558075302e-05, 1.76003104571e-05, 1.64852481248e-05, 6.68716575092e-06, 1.43192037285e-05, 2.70146047114e-05, 3.99782629756e-06, 4.43755516244e-06, 1.06123634396e-05, 2.78510378848e-05, 1.41440905281e-05, 3.8908336137e-05, 2.11872065847e-05, 1.54638983076e-05, 1.16141472972e-05, 4.21577533416e-06, 3.26264466821e-06, 1.03158140519e-06, 3.94661384462e-07, 2.33851565667e-07, 1.43235538985e-07, 1.89687241914e-07, 1.43052020007e-07, 4.80731081609e-08, 1.2750120959e-08, 3.66638142069e-09, 2.78806333576e-09, 1.9732886436e-09, 1.48821865942e-09, 1.00946129233e-09, 5.88088855391e-10, 3.56610352359e-10],
        "min": [4.10737447964e-06, 9.00107443158e-06, 5.60742810194e-05, 7.78001922299e-05, 4.88431851409e-06, 6.1049922806e-06, 2.23846700464e-06, 1.3667586245e-06, 2.62053640654e-06, 1.94264589481e-06, 2.17168167183e-06, 4.25629281153e-07, 1.57750616836e-06, 1.52374957452e-06, 6.31967225218e-07, 3.94600050413e-07, 5.15784563504e-07, 4.45225936119e-07, 6.22229720193e-07, 2.64768868874e-06, 1.69243321579e-06, 1.78347931978e-06, 6.45120167064e-07, 9.4855060695e-08, 6.4142504641e-08, 6.72927882306e-08, 1.5777638751e-08, 1.83710113788e-08, 3.74314934604e-09, 8.28846857814e-09, 1.03742081592e-08, 5.36981614729e-09, 9.85865611369e-10, 5.18150577999e-10, 5.65169522293e-10, 1.63720259572e-10, 8.06797753605e-11, 4.80349753029e-11, 4.86652419751e-11, 2.7761896948e-11],
        "var": [5.10782058427e-07, 9.01515704754e-06, 7.27023098079e-06, 1.49725565279e-05, 3.66368846372e-09, 8.55280901657e-10, 2.0316966165e-10, 2.47002751586e-10, 3.57585561161e-09, 4.44432601832e-10, 2.301088875e-09, 1.50109993879e-10, 5.41228228901e-10, 3.06998781952e-09, 2.19489218467e-11, 3.64900748506e-11, 2.50607368191e-10, 5.72329295068e-09, 3.27538413059e-10, 2.4004827015e-09, 8.69957661465e-10, 3.12432246741e-10, 1.03461392231e-10, 1.61421379735e-11, 7.23395128521e-12, 1.14670577721e-12, 2.57469338818e-13, 5.02516119536e-14, 2.04462894505e-14, 4.13777864782e-14, 1.147494846e-14, 1.61757458421e-15, 1.220897673e-16, 3.62257561957e-17, 3.49054171193e-17, 1.79741400568e-17, 1.14882003301e-17, 9.44319065304e-18, 6.34756564505e-18, 5.1767589032e-18]
    },
    "mfcc": {
        "mean": [-719.392150879, 209.77545166, -51.4510345459, 63.0802726746, 34.1546287537, 15.4705295563, 2.03663182259, 7.74710178375, 16.6728725433, -9.41636657715, -7.89245080948, -9.18749046326, -15.0778551102],
        "cov": [[403.47164917, -12.7375650406, -184.912307739, -9.9877576828, -48.8061981201, 25.4245510101, -7.70665550232, -15.907166481, -14.1051092148, -1.55237567425, -21.7854709625, -35.5364456177, -18.9053726196], [-12.7375650406, 105.005760193, 15.2484884262, -14.4826869965, -11.6934223175, -17.5339698792, 23.5217494965, 3.99024748802, 16.5608787537, 5.53205966949, 23.8004245758, 7.46906042099, 14.520658493], [-184.912307739, 15.2484884262, 170.059921265, 9.29426956177, 19.2549343109, -11.2595005035, -1.3115427494, 27.4033737183, 5.59859132767, 24.3512363434, 21.5892562866, 27.0537891388, 25.2949352264], [-9.9877576828, -14.4826869965, 9.29426956177, 69.7387008667, 34.8654632568, 16.2937717438, -5.47547531128, -9.66562843323, 2.50353455544, -2.41343331337, 8.31548976898, 14.2567529678, -0.00110241118819], [-48.8061981201, -11.6934223175, 19.2549343109, 34.8654632568, 70.2081069946, 23.5625247955, -3.29883575439, -1.33039605618, -5.3056883812, 6.97257471085, 6.8911485672, 17.0105819702, 15.1813592911], [25.4245510101, -17.5339698792, -11.2595005035, 16.2937717438, 23.5625247955, 60.8767662048, 19.5015830994, -12.0358495712, -5.03573799133, 8.94352912903, 3.44047260284, 1.4761068821, 3.44879317284], [-7.70665550232, 23.5217494965, -1.3115427494, -5.47547531128, -3.29883575439, 19.5015830994, 58.7240867615, 6.97102403641, 5.52311038971, 2.20188593864, 13.8886117935, 4.70360040665, 3.84848427773], [-15.907166481, 3.99024748802, 27.4033737183, -9.66562843323, -1.33039605618, -12.0358495712, 6.97102403641, 54.6205787659, 13.2957782745, 2.82976579666, 3.04472732544, 4.5334148407, 15.0463991165], [-14.1051092148, 16.5608787537, 5.59859132767, 2.50353455544, -5.3056883812, -5.03573799133, 5.52311038971, 13.2957782745, 49.4627838135, 15.2056684494, 8.93994045258, 6.57970237732, 2.5917134285], [-1.55237567425, 5.53205966949, 24.3512363434, -2.41343331337, 6.97257471085, 8.94352912903, 2.20188593864, 2.82976579666, 15.2056684494, 53.2022399902, 23.1647033691, 2.94607543945, 7.0569486618], [-21.7854709625, 23.8004245758, 21.5892562866, 8.31548976898, 6.8911485672, 3.44047260284, 13.8886117935, 3.04472732544, 8.93994045258, 23.1647033691, 47.737827301, 14.5651321411, -0.475773364305], [-35.5364456177, 7.46906042099, 27.0537891388, 14.2567529678, 17.0105819702, 1.4761068821, 4.70360040665, 4.5334148407, 6.57970237732, 2.94607543945, 14.5651321411, 35.9354896545, 16.6185855865], [-18.9053726196, 14.520658493, 25.2949352264, -0.00110241118819, 15.1813592911, 3.44879317284, 3.84848427773, 15.0463991165, 2.5917134285, 7.0569486618, -0.475773364305, 16.6185855865, 50.8780822754]],
