{
"lowlevel": {
    "average_loudness": 0.989927947521,
    "barkbands_crest": {
        "dmean": 2.31131577492,
        "dmean2": 4.06568574905,
        "dvar": 2.89447236061,
        "dvar2": 9.14310073853,
        "max": 17.8539428711,
        "mean": 9.34271621704,
        "median": 9.00239849091,
        "min": 3.69352126122,
        "var": 7.69831180573
    },
    "barkbands_flatness_db": {
        "dmean": 0.0186381712556,
        "dmean2": 0.0317023843527,
        "dvar": 0.000208689816645,
        "dvar2": 0.000611905765254,
        "max": 0.244228497148,
        "mean": 0.167465046048,
        "median": 0.169120892882,
        "min": 0.102184988558,
        "var": 0.00078265555203
    },
    "barkbands_kurtosis": {
        "dmean": 1.43711256981,
        "dmean2": 2.42530226707,
        "dvar": 2.84835219383,
        "dvar2": 8.55561351776,
        "max": 13.5928878784,
        "mean": 0.992203116417,
        "median": -0.0567418336868,
        "min": -1.85408461094,
        "var": 8.35310173035
    },
    "barkbands_skewness": {
        "dmean": 0.474846690893,
        "dmean2": 0.784867584705,
        "dvar": 0.119033329189,
        "dvar2": 0.350880295038,
        "max": 3.50916147232,
        "mean": 1.22424376011,
        "median": 1.20898377895,
        "min": -1.45415842533,
        "var": 0.771418213844
    },
    "barkbands_spread": {
        "dmean": 4.30461168289,
        "dmean2": 7.2950963974,
        "dvar": 10.691649437,
        "dvar2": 31.6415119171,
        "max": 39.9947929382,
        "mean": 25.2769412994,
        "median": 26.3579483032,
        "min": 6.98721551895,
        "var": 83.1612930298
    },
    "dissonance": {
        "dmean": 0.00708945700899,
        "dmean2": 0.0118455858901,
        "dvar": 5.89388255321e-05,
        "dvar2": 0.000145181504195,
        "max": 0.499090909958,
        "mean": 0.485719591379,
        "median": 0.489477992058,
        "min": 0.402304261923,
        "var": 0.000175738779944
    },
    "dynamic_complexity": 0.866939127445,
    "erbbands_crest": {
        "dmean": 2.06374907494,
        "dmean2": 3.69699311256,
        "dvar": 2.81265854836,
        "dvar2": 8.09760570526,
        "max": 16.5188827515,
        "mean": 8.65849399567,
        "median": 8.15760231018,
        "min": 4.17665147781,
        "var": 5.70747709274
    },
    "erbbands_flatness_db": {
        "dmean": 0.0135312778875,
        "dmean2": 0.0217503942549,
        "dvar": 0.000147506929352,
        "dvar2": 0.000309269729769,
        "max": 0.271422177553,
        "mean": 0.20291672647,
        "median": 0.197150245309,
        "min": 0.117352969944,
        "var": 0.000619728583843
    },
    "erbbands_kurtosis": {
        "dmean": 1.81665456295,
        "dmean2": 3.15010809898,
        "dvar": 4.82346105576,
        "dvar2": 12.7481689453,
        "max": 18.1684532166,
        "mean": 2.41757512093,
        "median": 1.67952680588,
        "min": -1.53742980957,
        "var": 14.2409696579
    },
    "erbbands_skewness": {
        "dmean": 0.351563304663,
        "dmean2": 0.578858137131,
        "dvar": 0.0672132149339,
        "dvar2": 0.167799562216,
        "max": 0.61655497551,
        "mean": -1.37400615215,
        "median": -1.53583788872,
        "min": -3.32851433754,
        "var": 0.760072469711
    },
    "erbbands_spread": {
        "dmean": 6.6481628418,
        "dmean2": 11.3458356857,
        "dvar": 26.3934307098,
        "dvar2": 75.1482620239,
        "max": 58.2051315308,
        "mean": 30.0749282837,
        "median": 28.8349895477,
        "min": 5.21105527878,
        "var": 150.707977295
    },
    "hfc": {
        "dmean": 5.82455587387,
        "dmean2": 8.80458545685,
        "dvar": 48.6451301575,
        "dvar2": 122.147850037,
        "max": 99.7294616699,
        "mean": 24.4272556305,
        "median": 19.3748989105,
        "min": 5.54273509979,
        "var": 221.35017395
    },
    "melbands_crest": {
        "dmean": 3.34154438972,
        "dmean2": 6.05170297623,
        "dvar": 6.36475563049,
        "dvar2": 18.3966007233,
        "max": 24.0415458679,
        "mean": 15.6681594849,
        "median": 16.163028717,
        "min": 6.45849132538,
        "var": 15.3693323135
    },
    "melbands_flatness_db": {
        "dmean": 0.0230200886726,
        "dmean2": 0.0395388193429,
        "dvar": 0.000340965460055,
        "dvar2": 0.000921568833292,
        "max": 0.360484153032,
        "mean": 0.257102012634,
        "median": 0.255644023418,
        "min": 0.168167561293,
        "var": 0.00153889227659
    },
    "melbands_kurtosis": {
        "dmean": 4.51769590378,
        "dmean2": 7.4243144989,
        "dvar": 20.1574859619,
        "dvar2": 64.017791748,
        "max": 38.8051528931,
        "mean": 8.40750598907,
        "median": 6.25173330307,
        "min": -1.70502769947,
        "var": 60.616317749
    },
    "melbands_skewness": {
        "dmean": 0.674219429493,
        "dmean2": 1.10542678833,
        "dvar": 0.225162953138,
        "dvar2": 0.687174141407,
        "max": 5.38196992874,
        "mean": 2.7082130909,
        "median": 2.6051223278,
        "min": -0.278549224138,
        "var": 1.25758314133
    },
    "melbands_spread": {
        "dmean": 7.43261480331,
        "dmean2": 12.2229347229,
        "dvar": 41.15574646,
        "dvar2": 100.325996399,
        "max": 72.4009170532,
        "mean": 26.7198486328,
        "median": 22.8790149689,
        "min": 5.10624170303,
        "var": 253.088638306
    },
    "pitch_salience": {
        "dmean": 0.0554349124432,
        "dmean2": 0.0932853519917,
        "dvar": 0.00242755352519,
        "dvar2": 0.00745007023215,
        "max": 0.760804891586,
        "mean": 0.599918305874,
        "median": 0.596791386604,
        "min": 0.350658535957,
        "var": 0.00406715227291
    },
    "silence_rate_20dB": {
        "dmean": 0,
        "dmean2": 0,
        "dvar": 0,
        "dvar2": 0,
        "max": 1,
        "mean": 1,
        "median": 1,
        "min": 1,
        "var": 0
    },
    "silence_rate_30dB": {
        "dmean": 0,
        "dmean2": 0,
        "dvar": 0,
        "dvar2": 0,
        "max": 1,
        "mean": 1,
        "median": 1,
        "min": 1,
        "var": 0
    },
    "silence_rate_60dB": {
        "dmean": 0,
        "dmean2": 0,
        "dvar": 0,
        "dvar2": 0,
        "max": 0,
        "mean": 0,
        "median": 0,
        "min": 0,
        "var": 0
    },
    "spectral_centroid": {
        "dmean": 182.740722656,
        "dmean2": 308.693847656,
        "dvar": 18919.2207031,
        "dvar2": 52129.078125,
        "max": 2095.5949707,
        "mean": 1289.22924805,
        "median": 1337.20849609,
        "min": 528.774780273,
        "var": 170371.859375
    },
    "spectral_complexity": {
        "dmean": 3.32558131218,
        "dmean2": 5.5546875,
        "dvar": 6.99477100372,
        "dvar2": 17.9501037598,
        "max": 39,
        "mean": 25.3769226074,
        "median": 25.5,
        "min": 11,
        "var": 31.2348480225
    },
    "spectral_decrease": {
        "dmean": 2.56050647351e-09,
        "dmean2": 4.38200720154e-09,
        "dvar": 4.0940295258e-18,
        "dvar2": 1.10125251558e-17,
        "max": -3.21449822316e-09,
        "mean": -9.49047507248e-09,
        "median": -9.17213149876e-09,
        "min": -1.92915141639e-08,
        "var": 9.27136786902e-18
    },
    "spectral_energy": {
        "dmean": 0.0099456384778,
        "dmean2": 0.0170014277101,
        "dvar": 6.15261233179e-05,
        "dvar2": 0.000162619646289,
        "max": 0.0777038112283,
        "mean": 0.0380347929895,
        "median": 0.0364730283618,
        "min": 0.0126350224018,
        "var": 0.000147051396198
    },
    "spectral_energyband_high": {
        "dmean": 2.50183311437e-05,
        "dmean2": 4.02456462325e-05,
        "dvar": 7.9169615308e-10,
        "dvar2": 1.98608329782e-09,
        "max": 0.00027962832246,
        "mean": 0.000112372290459,
        "median": 0.00010846972873,
        "min": 1.16789287858e-05,
        "var": 3.41504535761e-09
    },
    "spectral_energyband_low": {
        "dmean": 0.00761324958876,
        "dmean2": 0.0128838391975,
        "dvar": 4.66596829938e-05,
        "dvar2": 0.000129947307869,
        "max": 0.0479461066425,
        "mean": 0.0159935560077,
        "median": 0.0154269188643,
        "min": 0.00328423385508,
        "var": 6.28437337582e-05
    },
    "spectral_energyband_middle_high": {
        "dmean": 0.00277254753746,
        "dmean2": 0.00430626794696,
        "dvar": 1.29336767714e-05,
        "dvar2": 3.42080529663e-05,
        "max": 0.045048955828,
        "mean": 0.00942556653172,
        "median": 0.00737191457301,
        "min": 0.00140836788341,
        "var": 5.43834576092e-05
    },
    "spectral_energyband_middle_low": {
        "dmean": 0.00597846508026,
        "dmean2": 0.0105783324689,
        "dvar": 1.91126291611e-05,
        "dvar2": 5.71464770474e-05,
        "max": 0.0379754155874,
        "mean": 0.0163209568709,
        "median": 0.0154196824878,
        "min": 0.00246866676025,
        "var": 5.24280148966e-05
    },
    "spectral_entropy": {
        "dmean": 0.0970204398036,
        "dmean2": 0.16480833292,
        "dvar": 0.0049771219492,
        "dvar2": 0.0128506226465,
        "max": 7.71172094345,
        "mean": 7.3395242691,
        "median": 7.35223579407,
        "min": 6.88681268692,
        "var": 0.0270089693367
    },
    "spectral_flux": {
        "dmean": 0.0171420220286,
        "dmean2": 0.027577586472,
        "dvar": 0.000236815772951,
        "dvar2": 0.000490911770612,
        "max": 0.188487365842,
        "mean": 0.0933452472091,
        "median": 0.088161021471,
        "min": 0.050474498421,
        "var": 0.000661720288917
    },
    "spectral_kurtosis": {
        "dmean": 3.23719525337,
        "dmean2": 5.80916213989,
        "dvar": 12.9197006226,
        "dvar2": 42.5162162781,
        "max": 23.878742218,
        "mean": 8.85824489594,
        "median": 8.00103187561,
        "min": 4.02838182449,
        "var": 12.6753778458
    },
    "spectral_rms": {
        "dmean": 0.000814820814412,
        "dmean2": 0.00140034442302,
        "dvar": 4.17999160618e-07,
        "dvar2": 1.08877657112e-06,
        "max": 0.00870681274682,
        "mean": 0.00601462740451,
        "median": 0.00596517557278,
        "min": 0.00351096154191,
        "var": 9.31384704472e-07
    },
    "spectral_rolloff": {
        "dmean": 313.984130859,
        "dmean2": 557.508117676,
        "dvar": 185160.28125,
        "dvar2": 447394,
        "max": 2519.38476562,
        "mean": 1440.90283203,
        "median": 1733.42285156,
        "min": 193.798828125,
        "var": 573457
    },
    "spectral_skewness": {
        "dmean": 0.279257744551,
        "dmean2": 0.495695501566,
        "dvar": 0.0985317006707,
        "dvar2": 0.249750345945,
        "max": 3.66247749329,
        "mean": 1.70770061016,
        "median": 1.62038993835,
        "min": 1.24106407166,
        "var": 0.123015254736
    },
    "spectral_spread": {
        "dmean": 203822.578125,
        "dmean2": 304827.5,
        "dvar": 129562894336,
        "dvar2": 151330324480,
        "max": 6259000.5,
        "mean": 2461337.5,
        "median": 2495553.5,
        "min": 1704983.625,
        "var": 241211965440
    },
    "spectral_strongpeak": {
        "dmean": 0.244617372751,
        "dmean2": 0.435007452965,
        "dvar": 0.274008005857,
        "dvar2": 0.824059545994,
        "max": 4.42834568024,
        "mean": 0.62167185545,
        "median": 0.598750948906,
        "min": 0.0876924991608,
        "var": 0.169729307294
    },
    "zerocrossingrate": {
        "dmean": 0.00503421761096,
        "dmean2": 0.00656127929688,
        "dvar": 1.50584392031e-05,
        "dvar2": 2.32784077525e-05,
        "max": 0.07666015625,
        "mean": 0.0430213324726,
        "median": 0.043701171875,
        "min": 0.01220703125,
        "var": 0.000216459302465
    },
    "barkbands": {
        "dmean": [7.72014027461e-05, 0.00492277555168, 0.0024917810224, 0.00481731072068, 0.00218491558917, 0.000258940242929, 0.00058360613184, 0.000451120518846, 0.000255783874309, 0.000130872911541, 6.2637605879e-05, 4.25807411375e-05, 0.000113812311611, 0.00132474396378, 0.000761640025303, 0.00131540477742, 0.000590065319557, 0.000195396423806, 6.43222883809e-05, 2.15564505197e-05, 1.37771394293e-05, 7.82042206993e-06, 4.66209576189e-06, 1.05390927274e-06, 8.64915023158e-07, 5.94775656282e-07, 3.32107191525e-07],
        "dmean2": [0.000127134029754, 0.00806220434606, 0.00364065379836, 0.00861049257219, 0.00364982709289, 0.000470219238196, 0.000935336400289, 0.000759088026825, 0.00041132880142, 0.000222215225222, 0.00011101050768, 6.21832878096e-05, 0.000205399497645, 0.00230297795497, 0.00126124429516, 0.00210619322024, 0.000953805225436, 0.000327752815792, 0.000105704457383, 3.62478385796e-05, 2.32772454183e-05, 1.27136372612e-05, 8.55827784108e-06, 1.4495508367e-06, 1.4224866618e-06, 8.43983002596e-07, 4.25020743933e-07],
        "dvar": [9.49688594432e-09, 3.04635541397e-05, 3.51757194039e-06, 1.16011588034e-05, 4.56837369711e-06, 1.16669710337e-07, 6.62197521706e-07, 1.00106444734e-06, 2.46420484018e-07, 1.11457083563e-07, 8.15522582798e-09, 5.04980279814e-09, 6.40069188762e-08, 4.670702765e-06, 1.14733813916e-06, 3.21896936839e-06, 5.72799876863e-07, 5.48270797651e-08, 7.6847932462e-09, 5.05717578925e-10, 1.69431926822e-10, 6.99850594144e-11, 1.89873065187e-11, 3.9779954504e-12, 2.98335162997e-12, 2.55003483607e-12, 3.30616979106e-12],
        "dvar2": [1.9996587497e-08, 9.52656628215e-05, 9.31067552301e-06, 3.88385888073e-05, 1.30122916744e-05, 3.60104820629e-07, 1.67931875694e-06, 2.71187718681e-06, 6.02190880272e-07, 2.65498869112e-07, 2.28100205391e-08, 1.05341166901e-08, 1.75416090542e-07, 1.35976515594e-05, 3.20176036439e-06, 7.95603409642e-06, 1.38527457239e-06, 1.35135010737e-07, 1.68919296328e-08, 1.3567293955e-09, 4.44678599498e-10, 2.23232293761e-10, 6.18601211921e-11, 4.53728634525e-12, 3.96663518004e-12, 2.82053330344e-12, 3.2095706301e-12],
        "max": [0.000638435245492, 0.037385828793, 0.0126155251637, 0.0285244733095, 0.019918911159, 0.00345861795358, 0.0072649740614, 0.00876312889159, 0.00557096768171, 0.00347734987736, 0.000695095572155, 0.00076980231097, 0.00199497723952, 0.0184034444392, 0.0118398042396, 0.0186002515256, 0.00824459735304, 0.00252304272726, 0.000926227075979, 0.000155017783982, 0.000115933238703, 7.42741176509e-05, 3.29681424773e-05, 2.40206372837e-05, 1.98113521037e-05, 1.97090339498e-05, 2.06172644539e-05],
        "mean": [0.000129632186145, 0.00827850587666, 0.00381424091756, 0.0101409582421, 0.0037275061477, 0.00043041727622, 0.000777251727413, 0.000558693660423, 0.000524420815054, 0.000265290640527, 0.000102417325252, 8.32320074551e-05, 0.000207613789826, 0.00247155618854, 0.00159464846365, 0.00264545949176, 0.00149002752732, 0.000489427242428, 0.000164076671354, 5.024460188e-05, 4.400097896e-05, 2.51405544986e-05, 1.01119476312e-05, 4.23024584961e-06, 2.24825203077e-06, 2.53813641393e-06, 7.37744699109e-07],
        "median": [0.000102394144051, 0.00700491573662, 0.00332587608136, 0.00972835533321, 0.00266120280139, 0.000229728000704, 0.000451095635071, 0.000164115073858, 0.000176280766027, 6.03076077823e-05, 6.83463877067e-05, 5.06161377416e-05, 0.000134897156386, 0.00181496026926, 0.00130722520407, 0.00179590971675, 0.00111408391967, 0.000434486137237, 0.000131953158416, 4.52374879387e-05, 4.29604260717e-05, 2.43316753767e-05, 9.22397703107e-06, 3.91190860682e-06, 1.98958559849e-06, 2.44643433689e-06, 5.53210099952e-07],
        "min": [7.20292291589e-07, 0.000993490684777, 0.000131544700707, 0.000526955351233, 0.000377193733584, 2.32077873079e-05, 4.49522704002e-05, 2.0437002604e-05, 1.62540709425e-05, 7.11134180165e-06, 1.20121712825e-05, 4.90411594001e-06, 1.61273183039e-05, 0.00014226991334, 0.000147283586557, 0.000191123384866, 0.000175256558578, 6.52812814224e-05, 1.32698160087e-05, 5.82708617003e-06, 4.86072394779e-06, 2.61881746155e-06, 9.91663796412e-07, 3.64847210221e-07, 2.2789419063e-07, 2.26017107252e-07, 6.07255685736e-08],
        "var": [1.32771020844e-08, 3.40352999046e-05, 6.89525813868e-06, 3.09620845655e-05, 1.02015674202e-05, 2.57966377148e-07, 9.44487339893e-07, 1.3276056734e-06, 8.95133041467e-07, 3.04227683046e-07, 1.25662147354e-08, 1.09326023789e-08, 8.94944065521e-08, 6.90207207299e-06, 2.15659952119e-06, 7.26278767615e-06, 1.61491038853e-06, 1.29296950035e-07, 1.68582552362e-08, 9.674908652e-10, 5.60769319868e-10, 2.39818997994e-10, 4.02539598876e-11, 8.05061139281e-12, 4.06450697751e-12, 3.92750415523e-12, 3.39945975016e-12]
    },
    "erbbands": {
        "dmean": [0.0568866729736, 1.3856793642, 3.81742548943, 9.10190582275, 11.1423368454, 8.04402160645, 4.28060054779, 1.44188058376, 3.6428155899, 10.5162820816, 10.7296991348, 6.15392160416, 6.61101150513, 2.43148589134, 1.63717246056, 2.05012750626, 5.85748338699, 44.3595352173, 59.7054176331, 40.1530189514, 64.9986419678, 32.1620635986, 10.9375610352, 7.64758300781, 1.40873360634, 1.02518904209, 0.562017083168, 0.496078878641, 0.360272586346, 0.0986927300692, 0.160528481007, 0.029468787834, 0.0134674711153, 0.00574976019561, 0.0092191696167, 0.00325926532969, 0.00110020465218, 0.000316709658364, 4.26747901656e-05, 1.38935229188e-05],
        "dmean2": [0.0974028855562, 2.23702573776, 5.52581739426, 16.670507431, 18.6865673065, 14.3512582779, 7.64286565781, 2.2763569355, 5.91613721848, 17.1989154816, 17.8614597321, 10.5366449356, 11.6713247299, 3.97179198265, 2.80558657646, 3.1979944706, 9.96691226959, 74.9939117432, 103.27091217, 57.8552093506, 107.490257263, 54.1321105957, 17.7959918976, 12.0843896866, 2.51415228844, 1.73174405098, 0.984739840031, 0.834164261818, 0.599211454391, 0.176147341728, 0.29465547204, 0.0419570505619, 0.0188754871488, 0.00813465379179, 0.016199760139, 0.00480640958995, 0.00161169318017, 0.000440775504103, 5.23919807165e-05, 2.18273489736e-05],
        "dvar": [0.00268672336824, 2.45113348961, 8.62510204315, 42.4836578369, 64.9859542847, 69.1224212646, 50.8698730469, 4.37689495087, 32.1503448486, 183.140441895, 626.895263672, 153.224899292, 285.676055908, 31.4373435974, 5.16373157501, 13.1137170792, 166.069290161, 4790.734375, 4411.41308594, 4770.33642578, 8542.26171875, 1781.34814453, 127.713798523, 115.680206299, 2.15556573868, 1.05214035511, 0.423052072525, 0.232283994555, 0.146552413702, 0.0093209752813, 0.0219310596585, 0.0020842582453, 0.000868029310368, 0.000352280476363, 0.0001701049041, 3.58545657946e-05, 9.27564997255e-06, 1.25237363591e-06, 6.8892390459e-08, 6.82597756096e-10],
        "dvar2": [0.00802269019186, 7.67622089386, 25.6601524353, 140.978103638, 185.321090698, 185.398925781, 161.408920288, 12.9435806274, 87.3441696167, 437.818023682, 1738.62854004, 473.735473633, 766.267883301, 76.107421875, 12.5664319992, 29.9726715088, 469.079223633, 12989.6601562, 12541.4951172, 9697.26171875, 23351.0917969, 4414.70068359, 271.908447266, 309.878814697, 4.80412197113, 2.83644223213, 1.16500294209, 0.549739181995, 0.490213871002, 0.0265033897012, 0.0725996345282, 0.00271983793937, 0.000936669763178, 0.000370233872673, 0.000303587730741, 4.85040691274e-05, 1.00460592876e-05, 1.24362281895e-06, 6.80177834056e-08, 7.85679521442e-10],
        "max": [0.344670802355, 10.4122629166, 19.2506847382, 47.514213562, 67.0001068115, 57.9840660095, 50.7433662415, 25.3428325653, 51.8732261658, 125.283035278, 240.779190063, 128.075820923, 140.722106934, 72.1174163818, 22.3694782257, 35.6356277466, 108.927688599, 612.759338379, 545.697814941, 893.997314453, 954.579650879, 388.964691162, 131.471420288, 112.23072052, 16.3470554352, 7.34261131287, 6.63532352448, 4.30169677734, 3.30036211014, 0.836875855923, 1.11532282829, 0.551882505417, 0.346112370491, 0.218149065971, 0.138656824827, 0.0766536220908, 0.0359608717263, 0.0130689395592, 0.00294965156354, 0.000331313349307],
        "mean": [0.114443473518, 2.20357966423, 6.09412336349, 17.0522670746, 26.0258102417, 11.1930618286, 6.23852443695, 2.85559868813, 5.34951162338, 14.4299573898, 14.9958696365, 10.4992589951, 13.0276823044, 5.27478790283, 3.34651279449, 4.25623607635, 11.2196245193, 79.8420944214, 131.738891602, 97.8372955322, 130.79675293, 83.7561187744, 32.2278785706, 19.5310020447, 4.42568349838, 2.37147116661, 1.79788184166, 1.68291711807, 1.09099578857, 0.28098398447, 0.352901935577, 0.137271165848, 0.0461892038584, 0.0189155265689, 0.0214092880487, 0.0141122816131, 0.00386809883639, 0.000753346306738, 0.00010340607696, 5.45509828953e-05],
        "median": [0.0942621901631, 1.84746956825, 5.5971531868, 16.2373008728, 24.644657135, 7.52962017059, 2.67187929153, 1.56547641754, 3.45414590836, 7.88003826141, 4.08296871185, 3.64173579216, 2.93366265297, 2.55237102509, 2.2092590332, 2.64692783356, 7.01662921906, 57.635345459, 101.768913269, 73.5291519165, 86.9454345703, 63.7598495483, 27.7251091003, 16.0047798157, 4.10261535645, 2.03159379959, 1.81091690063, 1.62917017937, 1.03813242912, 0.268947958946, 0.329493373632, 0.133808672428, 0.040351331234, 0.0164072439075, 0.0196008719504, 0.0138716911897, 0.00343054858968, 0.000620508915745, 7.67392339185e-05, 5.01999238622e-05],
        "min": [0.0196064990014, 0.234995126724, 0.441519498825, 2.16542267799, 2.75258708, 0.991918563843, 0.209183990955, 0.27097967267, 0.227876141667, 0.786125779152, 0.499433666468, 0.332896441221, 0.315575897694, 0.406895250082, 0.443096637726, 0.238888040185, 0.80046325922, 3.79629063606, 10.7399702072, 7.82737493515, 11.906788826, 9.71012592316, 4.09782075882, 2.19550728798, 0.464029461145, 0.247991591692, 0.189337998629, 0.176823586226, 0.110945917666, 0.0261055380106, 0.0320379883051, 0.0115903709084, 0.00457490002736, 0.00179307500366, 0.00213266233914, 0.00123467633966, 0.000333947798936, 5.82076681894e-05, 1.71591182152e-05, 2.22360449698e-05],
        "var": [0.00419705314562, 2.78654503822, 16.8077068329, 90.3007125854, 166.307937622, 130.03276062, 77.3803634644, 13.7573251724, 39.0846405029, 328.807434082, 936.453979492, 370.885101318, 738.134887695, 79.1139984131, 11.4262533188, 27.0168418884, 264.314727783, 7211.53125, 11638.5966797, 10803.2548828, 17839.4394531, 4724.42773438, 492.700500488, 237.310531616, 7.2234916687, 2.19254088402, 1.00921881199, 0.846458017826, 0.466858774424, 0.0269061718136, 0.0480697415769, 0.00653697084635, 0.00134295853786, 0.000419566960772, 0.000265805865638, 8.3640908997e-05, 1.23218505905e-05, 1.38293341934e-06, 6.92544901426e-08, 7.94728838294e-10]
    },
    "gfcc": {
        "mean": [-2.66316986084, 125.980651855, -129.850997925, 49.6767692566, -3.7583360672, 3.1329331398, -44.5213317871, 1.81263899803, -4.88330316544, -2.1114730835, -32.8169517517, -11.2765903473, -18.3831920624],
        "cov": [[359.208770752, -180.700439453, -163.86831665, 13.5839319229, 58.9851341248, 48.9918327332, -43.0804100037, -19.6157970428, -41.6315498352, 26.240524292, 11.1291255951, 18.4385604858, -2.54220676422], [-180.700439453, 646.180541992, 60.8413124084, -269.90145874, -169.01171875, -158.212432861, 108.094581604, 54.3862190247, 70.8130569458, -55.9583702087, 46.2550468445, -35.8732452393, 78.3478927612], [-163.86831665, 60.8413124084, 194.846328735, 21.5746479034, -45.8970146179, -37.7591896057, 13.2322216034, 7.76517534256, 23.3120555878, -1.49944770336, -6.57592248917, -8.49302482605, -10.8240804672], [13.5839319229, -269.90145874, 21.5746479034, 185.679489136, 104.795753479, 68.8218688965, -48.8725166321, -32.7604370117, -25.3319911957, 26.4126148224, -28.6467247009, 4.19425821304, -46.235622406], [58.9851341248, -169.01171875, -45.8970146179, 104.795753479, 119.262817383, 71.487663269, -29.2229480743, -22.8761920929, -19.7403278351, 10.2603807449, -17.6873416901, -1.36223936081, -19.2893619537], [48.9918327332, -158.212432861, -37.7591896057, 68.8218688965, 71.487663269, 79.0489730835, -9.29557991028, -12.955332756, -19.2604732513, 8.41320323944, -13.0280342102, 7.52780914307, -20.6520385742], [-43.0804100037, 108.094581604, 13.2322216034, -48.8725166321, -29.2229480743, -9.29557991028, 52.9666175842, 26.8081111908, 14.4490499496, -11.1063480377, 7.72789764404, -8.04693603516, 10.1895895004], [-19.6157970428, 54.3862190247, 7.76517534256, -32.7604370117, -22.8761920929, -12.955332756, 26.8081111908, 33.5225105286, 20.1182174683, -3.78325152397, 6.48609733582, -2.39836549759, 9.71111869812], [-41.6315498352, 70.8130569458, 23.3120555878, -25.3319911957, -19.7403278351, -19.2604732513, 14.4490499496, 20.1182174683, 34.4857368469, 6.531437397, 6.48238277435, -4.37328338623, 6.58932685852], [26.240524292, -55.9583702087, -1.49944770336, 26.4126148224, 10.2603807449, 8.41320323944, -11.1063480377, -3.78325152397, 6.531437397, 29.7969970703, 7.41560077667, 6.49490594864, -14.3479852676], [11.1291255951, 46.2550468445, -6.57592248917, -28.6467247009, -17.6873416901, -13.0280342102, 7.72789764404, 6.48609733582, 6.48238277435, 7.41560077667, 25.66355896, 9.80037212372, 8.13176345825], [18.4385604858, -35.8732452393, -8.49302482605, 4.19425821304, -1.36223936081, 7.52780914307, -8.04693603516, -2.39836549759, -4.37328338623, 6.49490594864, 9.80037212372, 23.273639679, 4.79862976074], [-2.54220676422, 78.3478927612, -10.8240804672, -46.235622406, -19.2893619537, -20.6520385742, 10.1895895004, 9.71111869812, 6.58932685852, -14.3479852676, 8.13176345825, 4.79862976074, 39.8588752747]],
        "icov": [[0.00683441013098, 0.00118532357737, 0.00310336658731, 0.00399749353528, -0.0021089639049, -0.000196600798517, 0.00407543592155, -0.00490908417851, 0.00924538169056, -0.00877185445279, -0.00166050170083, 0.00298301782459, -0.00208890484646], [0.00118532357737, 0.0177479293197, 0.00014758008183, 0.0105831995606, -0.0062462114729, 0.0207567997277, -0.0233552288264, 0.0254698060453, -0.0236395653337, 0.0203891489655, -0.0168359577656, 0.00928672030568, -0.00143260636833], [0.00310336658731, 0.00014758008183, 0.0113904513419, -0.00718434900045, 0.00645707082003, 0.00304667721502, -0.00281137274578, 0.00296683725901, -0.00530077237636, 0.00257634441368, -0.000488729274366, 0.000179738970473, 0.00124837993644], [0.00399749353528, 0.0105831995606, -0.00718434900045, 0.0353117473423, -0.0246271174401, 0.0125761767849, -0.0040631419979, 0.00551053741947, 0.00391355063766, -0.00912912935019, 0.00638282671571, -0.00322143663652, 0.00790892262012], [-0.0021089639049, -0.0062462114729, 0.00645707082003, -0.0246271174401, 0.0434619598091, -0.0328892990947, 0.0146312667057, -0.000718002731446, -0.00572775816545, 0.00496597029269, -0.00864718668163, 0.0207066740841, -0.0122378468513], [-0.000196600798517, 0.0207567997277, 0.00304667721502, 0.0125761767849, -0.0328892990947, 0.0726548880339, -0.0495068244636, 0.0323938205838, -0.0218432340771, 0.0206846501678, 0.00171780749224, -0.0217831842601, 0.0144234197214], [0.00407543592155, -0.0233552288264, -0.00281137274578, -0.0040631419979, 0.0146312667057, -0.0495068244636, 0.0857543349266, -0.0687021464109, 0.0432233028114, -0.026271475479, 0.00341482297517, 0.0143646029755, -0.00209160009399], [-0.00490908417851, 0.0254698060453, 0.00296683725901, 0.00551053741947, -0.000718002731446, 0.0323938205838, -0.0687021464109, 0.118347369134, -0.0836363136768, 0.0515670925379, -0.0241797603667, 0.00141224171966, -0.000861565989908], [0.00924538169056, -0.0236395653337, -0.00530077237636, 0.00391355063766, -0.00572775816545, -0.0218432340771, 0.0432233028114, -0.0836363136768, 0.122894175351, -0.0831244140863, 0.0302981138229, 0.00252167927101, -0.0113292196766], [-0.00877185445279, 0.0203891489655, 0.00257634441368, -0.00912912935019, 0.00496597029269, 0.0206846501678, -0.026271475479, 0.0515670925379, -0.0831244140863, 0.121597073972, -0.0557306185365, -0.000591640768107, 0.0257000513375], [-0.00166050170083, -0.0168359577656, -0.000488729274366, 0.00638282671571, -0.00864718668163, 0.00171780749224, 0.00341482297517, -0.0241797603667, 0.0302981138229, -0.0557306185365, 0.104577153921, -0.0514934360981, 0.00177611247636], [0.00298301782459, 0.00928672030568, 0.000179738970473, -0.00322143663652, 0.0207066740841, -0.0217831842601, 0.0143646029755, 0.00141224171966, 0.00252167927101, -0.000591640768107, -0.0514934360981, 0.097207210958, -0.0288612674922], [-0.00208890484646, -0.00143260636833, 0.00124837993644, 0.00790892262012, -0.0122378468513, 0.0144234197214, -0.00209160009399, -0.000861565989908, -0.0113292196766, 0.0257000513375, 0.00177611247636, -0.0288612674922, 0.0538163036108]]
    },
    "melbands": {
        "dmean": [0.000922803941648, 0.00203806487843, 0.00162006623577, 0.000618266058154, 0.0001630490151, 3.34206342814e-05, 7.79292167863e-05, 0.000104985469079, 7.34952045605e-05, 3.55680131179e-05, 3.2479656511e-05, 9.40016070672e-06, 7.57924772188e-06, 4.59955936094e-06, 1.10343862616e-05, 9.46156887949e-06, 0.000103810903965, 0.000120666023577, 5.6119672081e-05, 8.71746524354e-05, 6.83763137204e-05, 3.59243786079e-05, 2.04797706829e-05, 9.26706707105e-06, 6.54524910715e-06, 1.56897931447e-06, 8.11369602616e-07, 7.3351611718e-07, 3.41864847542e-07, 4.56734625232e-07, 2.77975090057e-07, 2.93355384429e-07, 7.08099463509e-08, 5.11837896511e-08, 1.23616132441e-07, 2.98196454196e-08, 2.11896473701e-08, 1.21146195298e-08, 6.85458800831e-09, 4.62240024035e-09],
        "dmean2": [0.00153895665426, 0.00298899365589, 0.00290849828161, 0.00107069686055, 0.000284681096673, 5.39920292795e-05, 0.000126436090795, 0.000170703206095, 0.000122878918773, 5.99709201197e-05, 5.74453151785e-05, 1.51259064296e-05, 1.33113571792e-05, 7.49615173845e-06, 1.83920310519e-05, 1.57231752382e-05, 0.000178644579137, 0.00021221555653, 9.11697061383e-05, 0.000132278335514, 0.000114293223305, 5.85889247304e-05, 3.37992714776e-05, 1.52824559336e-05, 1.03008160295e-05, 2.76920945907e-06, 1.35204516027e-06, 1.2479142697e-06, 5.88782199884e-07, 7.76477122599e-07, 4.66794460863e-07, 4.89668025239e-07, 1.22535453784e-07, 9.22787748436e-08, 2.29099228477e-07, 5.06047221904e-08, 3.07695309232e-08, 1.75204295516e-08, 9.7863761539e-09, 6.61112631306e-09],
        "dvar": [9.42929943903e-07, 3.27030102198e-06, 1.32258196572e-06, 2.90746811515e-07, 6.44077218226e-08, 1.87803239626e-09, 1.41141498489e-08, 1.85045454515e-08, 3.24478115488e-08, 4.7232080469e-09, 6.82358258786e-09, 4.6373335727e-10, 1.16017938312e-10, 4.09759587372e-11, 4.55854298753e-10, 4.64260907496e-10, 2.64203450229e-08, 2.2845508596e-08, 1.21023377986e-08, 1.57618647023e-08, 9.76991643142e-09, 2.16577134005e-09, 5.76661274287e-10, 1.3441427138e-10, 9.26827503633e-11, 2.8139014556e-12, 7.1104152297e-13, 5.93041132695e-13, 1.57982974576e-13, 1.78580986262e-13, 8.51465165735e-14, 1.03408872177e-13, 5.04854252343e-15, 2.94082575979e-15, 1.31493953774e-14, 9.54447736394e-16, 1.05130277754e-15, 4.23351937477e-16, 3.74401135832e-16, 2.13312356983e-16],
        "dvar2": [2.96386588161e-06, 1.05769959191e-05, 4.27311078965e-06, 7.93207505012e-07, 1.9749062119e-07, 5.72263392229e-09, 3.68777968163e-08, 4.37645795159e-08, 8.66335980731e-08, 1.34702391463e-08, 1.81868831106e-08, 1.03078579006e-09, 2.95971275266e-10, 8.41322983502e-11, 1.280349049e-09, 1.3605525595e-09, 7.11639813744e-08, 6.39869952579e-08, 2.9296048254e-08, 3.74471085252e-08, 2.80163856559e-08, 5.32853627888e-09, 1.47828582708e-09, 3.00834440692e-10, 2.46393849768e-10, 6.76754789361e-12, 1.98017340372e-12, 1.71229458563e-12, 4.51746902689e-13, 5.31735517163e-13, 1.87078989995e-13, 3.41292125854e-13, 1.32427155382e-14, 8.03369415263e-15, 4.33458167092e-14, 2.31763079797e-15, 1.49860944204e-15, 5.02386940659e-16, 4.1356711875e-16, 2.25052418921e-16],
        "max": [0.00691534904763, 0.0123588386923, 0.00971259735525, 0.00466464646161, 0.00185887678526, 0.000527809199411, 0.00108759012073, 0.00130750529934, 0.00184522743803, 0.000783473078627, 0.000689077016432, 0.00028714115615, 9.20400125324e-05, 5.166284609e-05, 0.000176270565134, 0.000205896605621, 0.00143628823571, 0.00121914257761, 0.00129258679226, 0.00120368995704, 0.000989211839624, 0.000472637417261, 0.000172696891241, 0.000137899260153, 9.92016139207e-05, 1.97327917704e-05, 6.39709833195e-06, 5.26789426658e-06, 3.95975257561e-06, 3.36148696078e-06, 2.52682752944e-06, 2.60819365394e-06, 5.71063139887e-07, 4.56584814401e-07, 8.33372894249e-07, 3.0285789876e-07, 3.66244648831e-07, 2.37879135057e-07, 2.22015401619e-07, 1.69217969415e-07],
        "mean": [0.00162434740923, 0.00318169384263, 0.003606491955, 0.00126912049018, 0.000255044113146, 6.38207420707e-05, 0.000110839187982, 0.000151152082253, 0.000116251045256, 6.74293696648e-05, 6.30748763797e-05, 2.02185037779e-05, 1.32513368953e-05, 8.76798003446e-06, 1.76851408469e-05, 1.78250811587e-05, 0.000175214314368, 0.000247158197453, 0.000113164489449, 0.000173309381353, 0.00013796921121, 8.93998221727e-05, 4.77932626382e-05, 2.24193117901e-05, 1.55570160132e-05, 3.87778072763e-06, 1.92065635929e-06, 1.46377135479e-06, 9.81203811534e-07, 1.20020865779e-06, 9.06366267373e-07, 7.68466293266e-07, 2.28412417869e-07, 1.11452763463e-07, 2.31645245208e-07, 1.19346012184e-07, 7.11840186796e-08, 3.4820455852e-08, 1.9268824758e-08, 1.34952591324e-08],
        "median": [0.00140892947093, 0.00282474933192, 0.00342214223929, 0.00111140706576, 0.000114434325951, 3.45381777151e-05, 6.30025679129e-05, 7.95035448391e-05, 3.24619395542e-05, 2.3346474336e-05, 1.4254828784e-05, 9.69379834714e-06, 8.74163106346e-06, 5.52698656975e-06, 9.84936013992e-06, 1.09369375423e-05, 0.00012314900232, 0.00019334469107, 8.44686219352e-05, 0.000122808443848, 9.3725437182e-05, 6.90932065481e-05, 3.55370502803e-05, 1.88799604075e-05, 1.2513690308e-05, 3.41880831911e-06, 1.66352515407e-06, 1.22354799714e-06, 9.04128000911e-07, 1.16940827866e-06, 8.71317865858e-07, 7.1786917033e-07, 2.32148664736e-07, 1.00417054227e-07, 2.0440803894e-07, 1.08711425639e-07, 6.51223857062e-08, 3.1197998851e-08, 1.65342299852e-08, 1.107819525e-08],
        "min": [0.00023684054031, 0.000360405829269, 0.00040610920405, 0.000146789607243, 4.86208227812e-06, 5.11816597282e-06, 4.7656812967e-06, 7.44454609958e-06, 2.95120435112e-06, 2.27082091442e-06, 1.49463596699e-06, 1.02620242615e-06, 1.78594621048e-06, 6.50379888611e-07, 5.85428324484e-07, 1.40734312026e-06, 8.20915010991e-06, 1.77238835022e-05, 1.05829913082e-05, 1.07732985271e-05, 1.02580388557e-05, 1.11208173621e-05, 4.8437523219e-06, 2.92643653665e-06, 1.50521123032e-06, 3.50309306896e-07, 2.67862361625e-07, 1.17341663497e-07, 1.0531316974e-07, 1.18951760442e-07, 8.92935005936e-08, 8.02593547178e-08, 1.73592695774e-08, 1.01944763742e-08, 1.98735712331e-08, 1.11558966509e-08, 5.40946132332e-09, 3.34707150884e-09, 1.2201601951e-09, 9.44850309104e-10],
        "var": [1.10443784251e-06, 5.16671934747e-06, 3.34103356181e-06, 5.30730176251e-07, 1.2392685278e-07, 6.00604854739e-09, 1.82384329861e-08, 3.86318035339e-08, 5.50739081007e-08, 1.51484673694e-08, 1.74642167394e-08, 1.24872023832e-09, 1.96721125501e-10, 9.53916945434e-11, 6.32844832094e-10, 7.17392922844e-10, 3.81938889404e-08, 4.63579183929e-08, 1.80975021635e-08, 3.2851779963e-08, 2.0189297345e-08, 5.65530289265e-09, 1.43527345564e-09, 2.91734858493e-10, 1.71447717134e-10, 7.89099775106e-12, 1.2690994089e-12, 1.02405627381e-12, 3.38850014671e-13, 4.62041537842e-13, 2.71573345409e-13, 2.6804293919e-13, 1.63117556165e-14, 5.90373959775e-15, 2.33504554126e-14, 4.55276270446e-15, 2.23778947236e-15, 7.23022982732e-16, 4.37006293875e-16, 2.50887929664e-16]
    },
    "mfcc": {
        "mean": [-646.102539062, 156.206619263, -41.1238594055, 53.732749939, 41.0724029541, 19.4185085297, -18.7496242523, 7.0228395462, 11.5064888, 10.7253828049, 1.26771426201, -1.36901211739, -15.6801042557],
        "cov": [[476.107666016, -211.705459595, -221.856704712, -52.5728492737, 58.156791687, 52.9601249695, 34.4665031433, -23.7230243683, -25.1727657318, -31.3560371399, -14.5785779953, -0.822960555553, 12.2722597122], [-211.705459595, 723.217590332, 106.507965088, -114.695785522, -227.225250244, -200.931350708, -37.370880127, 14.3384037018, 23.4868221283, 48.1410102844, 22.6865386963, 3.81110024452, -23.0724430084], [-221.856704712, 106.507965088, 197.18536377, 36.4582214355, -50.1970825195, -45.5411682129, -26.1073246002, 0.199389025569, 4.11173868179, 13.8803977966, 12.4849634171, 5.99584150314, 9.63040542603], [-52.5728492737, -114.695785522, 36.4582214355, 88.7738647461, 59.2169494629, 37.9968452454, -3.68871593475, -11.3001775742, -0.558053970337, -1.61696434021, 1.0031529665, 2.60984563828, 0.984829127789], [58.156791687, -227.225250244, -50.1970825195, 59.2169494629, 129.238876343, 87.9936141968, 12.7294721603, -5.70717525482, -0.206018522382, -13.1288785934, -10.5253276825, -4.45848608017, 1.28522729874], [52.9601249695, -200.931350708, -45.5411682129, 37.9968452454, 87.9936141968, 101.018943787, 23.677614212, 0.757014214993, -7.94315195084, -14.1442146301, -2.03595018387, -0.95081359148, 1.19832706451], [34.4665031433, -37.370880127, -26.1073246002, -3.68871593475, 12.7294721603, 23.677614212, 38.2803688049, 12.9600315094, 2.07996082306, -1.43993210793, -0.254928767681, -2.21539068222, -3.17033338547], [-23.7230243683, 14.3384037018, 0.199389025569, -11.3001775742, -5.70717525482, 0.757014214993, 12.9600315094, 28.9221420288, 12.5530605316, 5.22944927216, 1.9964363575, -3.35795927048, -2.66717576981], [-25.1727657318, 23.4868221283, 4.11173868179, -0.558053970337, -0.206018522382, -7.94315195084, 2.07996082306, 12.5530605316, 29.0318641663, 15.7717866898, 1.05780553818, -2.78301763535, -3.1700463295], [-31.3560371399, 48.1410102844, 13.8803977966, -1.61696434021, -13.1288785934, -14.1442146301, -1.43993210793, 5.22944927216, 15.7717866898, 26.8125762939, 8.72821426392, -0.174815714359, -2.12852072716], [-14.5785779953, 22.6865386963, 12.4849634171, 1.0031529665, -10.5253276825, -2.03595018387, -0.254928767681, 1.9964363575, 1.05780553818, 8.72821426392, 26.3357658386, 13.0275411606, 3.02217245102], [-0.822960555553, 3.81110024452, 5.99584150314, 2.60984563828, -4.45848608017, -0.95081359148, -2.21539068222, -3.35795927048, -2.78301763535, -0.174815714359, 13.0275411606, 23.7100257874, 11.4224920273], [12.2722597122, -23.0724430084, 9.63040542603, 0.984829127789, 1.28522729874, 1.19832706451, -3.17033338547, -2.66717576981, -3.1700463295, -2.12852072716, 3.02217245102, 11.4224920273, 26.96443367]],
