{
"lowlevel": {
    "average_loudness": 0.984176337719,
    "barkbands_crest": {
        "dmean": 2.46951293945,
        "dmean2": 4.35028457642,
        "dvar": 3.51989889145,
        "dvar2": 9.37974739075,
        "max": 19.6645107269,
        "mean": 13.6334667206,
        "median": 13.703836441,
        "min": 7.82710027695,
        "var": 6.58346986771
    },
    "barkbands_flatness_db": {
        "dmean": 0.0379603691399,
        "dmean2": 0.0636724159122,
        "dvar": 0.000899133156054,
        "dvar2": 0.00243436452001,
        "max": 0.386175006628,
        "mean": 0.306179195642,
        "median": 0.304185301065,
        "min": 0.166559800506,
        "var": 0.00143722142093
    },
    "barkbands_kurtosis": {
        "dmean": 14.9629516602,
        "dmean2": 27.0005779266,
        "dvar": 184.609420776,
        "dvar2": 517.570861816,
        "max": 85.294090271,
        "mean": 25.1956710815,
        "median": 20.5291500092,
        "min": 1.78310823441,
        "var": 312.648468018
    },
    "barkbands_skewness": {
        "dmean": 1.17154610157,
        "dmean2": 2.00880622864,
        "dvar": 0.772936403751,
        "dvar2": 2.36325907707,
        "max": 7.66681623459,
        "mean": 3.96346378326,
        "median": 3.81151413918,
        "min": 1.26366353035,
        "var": 1.81838738918
    },
    "barkbands_spread": {
        "dmean": 2.14627957344,
        "dmean2": 3.82074308395,
        "dvar": 4.38395452499,
        "dvar2": 11.4850826263,
        "max": 13.1431999207,
        "mean": 4.11273479462,
        "median": 3.49759030342,
        "min": 1.0790719986,
        "var": 5.20066547394
    },
    "dissonance": {
        "dmean": 0.0203086752445,
        "dmean2": 0.0338425077498,
        "dvar": 0.000192359642824,
        "dvar2": 0.000549763033632,
        "max": 0.496716171503,
        "mean": 0.447866231203,
        "median": 0.448495566845,
        "min": 0.386516362429,
        "var": 0.000486778037157
    },
    "dynamic_complexity": 1.1303781271,
    "erbbands_crest": {
        "dmean": 3.42219591141,
        "dmean2": 6.13938045502,
        "dvar": 8.45842170715,
        "dvar2": 24.9374980927,
        "max": 19.4456481934,
        "mean": 10.3023614883,
        "median": 10.0288152695,
        "min": 3.56607675552,
        "var": 10.8370494843
    },
    "erbbands_flatness_db": {
        "dmean": 0.0143155958503,
        "dmean2": 0.0242872573435,
        "dvar": 0.000122111945529,
        "dvar2": 0.00029941930552,
        "max": 0.286844611168,
        "mean": 0.223270788789,
        "median": 0.22015966475,
        "min": 0.173052221537,
        "var": 0.000267520197667
    },
    "erbbands_kurtosis": {
        "dmean": 1.01930487156,
        "dmean2": 1.76582252979,
        "dvar": 1.23428785801,
        "dvar2": 3.59938621521,
        "max": 6.03501224518,
        "mean": 0.0562797449529,
        "median": -0.21648812294,
        "min": -1.38451552391,
        "var": 1.29829108715
    },
    "erbbands_skewness": {
        "dmean": 0.480877161026,
        "dmean2": 0.853676915169,
        "dvar": 0.183238252997,
        "dvar2": 0.517561376095,
        "max": 2.51862549782,
        "mean": 0.801866412163,
        "median": 0.747994124889,
        "min": -0.267213076353,
        "var": 0.217523559928
    },
    "erbbands_spread": {
        "dmean": 7.94223356247,
        "dmean2": 13.5724773407,
        "dvar": 33.1208992004,
        "dvar2": 96.1974411011,
        "max": 57.7912902832,
        "mean": 37.8479499817,
        "median": 37.7634124756,
        "min": 15.7684173584,
        "var": 75.5781707764
    },
    "hfc": {
        "dmean": 5.26298284531,
        "dmean2": 8.88361930847,
        "dvar": 11.8495254517,
        "dvar2": 36.0035057068,
        "max": 32.1224365234,
        "mean": 17.1996803284,
        "median": 17.2216281891,
        "min": 7.77933263779,
        "var": 32.4260749817
    },
    "melbands_crest": {
        "dmean": 6.24474525452,
        "dmean2": 10.9399299622,
        "dvar": 18.7792606354,
        "dvar2": 54.4944190979,
        "max": 29.842168808,
        "mean": 22.2554702759,
        "median": 23.3789291382,
        "min": 10.094792366,
        "var": 24.0346069336
    },
    "melbands_flatness_db": {
        "dmean": 0.0416531786323,
        "dmean2": 0.069525770843,
        "dvar": 0.00107769924216,
        "dvar2": 0.0029318605084,
        "max": 0.50924217701,
        "mean": 0.420662850142,
        "median": 0.417992919683,
        "min": 0.264156669378,
        "var": 0.00183200847823
    },
    "melbands_kurtosis": {
        "dmean": 33.11951828,
        "dmean2": 58.8170051575,
        "dvar": 821.720947266,
        "dvar2": 2433.58984375,
        "max": 187.957229614,
        "mean": 56.0479278564,
        "median": 48.9652786255,
        "min": 4.34782361984,
        "var": 1422.26782227
    },
    "melbands_skewness": {
        "dmean": 1.53170108795,
        "dmean2": 2.68323755264,
        "dvar": 1.28731644154,
        "dvar2": 3.71387958527,
        "max": 10.0835456848,
        "mean": 5.531935215,
        "median": 5.46142530441,
        "min": 1.85090887547,
        "var": 2.87234163284
    },
    "melbands_spread": {
        "dmean": 1.88147497177,
        "dmean2": 3.31220412254,
        "dvar": 3.58642458916,
        "dvar2": 9.39040470123,
        "max": 9.74527645111,
        "mean": 3.2219991684,
        "median": 2.59534358978,
        "min": 0.794005930424,
        "var": 4.20475959778
    },
    "pitch_salience": {
        "dmean": 0.114699050784,
        "dmean2": 0.192953780293,
        "dvar": 0.0051637631841,
        "dvar2": 0.0166406445205,
        "max": 0.609220087528,
        "mean": 0.400808274746,
        "median": 0.403301119804,
        "min": 0.150910243392,
        "var": 0.00997307058424
    },
    "silence_rate_20dB": {
        "dmean": 0,
        "dmean2": 0,
        "dvar": 0,
        "dvar2": 0,
        "max": 1,
        "mean": 1,
        "median": 1,
        "min": 1,
        "var": 0
    },
    "silence_rate_30dB": {
        "dmean": 0.40000000596,
        "dmean2": 0.788990855217,
        "dvar": 0.239999979734,
        "dvar2": 0.441713660955,
        "max": 1,
        "mean": 0.342342346907,
        "median": 0,
        "min": 0,
        "var": 0.225144222379
    },
    "silence_rate_60dB": {
        "dmean": 0,
        "dmean2": 0,
        "dvar": 0,
        "dvar2": 0,
        "max": 0,
        "mean": 0,
        "median": 0,
        "min": 0,
        "var": 0
    },
    "spectral_centroid": {
        "dmean": 122.312355042,
        "dmean2": 213.056777954,
        "dvar": 11929.8720703,
        "dvar2": 30028.5410156,
        "max": 861.199890137,
        "mean": 379.890167236,
        "median": 367.935913086,
        "min": 182.769699097,
        "var": 15628.5751953
    },
    "spectral_complexity": {
        "dmean": 2.47272729874,
        "dmean2": 4.05504608154,
        "dvar": 5.19470834732,
        "dvar2": 14.6942157745,
        "max": 27,
        "mean": 12.6756753922,
        "median": 12,
        "min": 4,
        "var": 13.1740932465
    },
    "spectral_decrease": {
        "dmean": 1.33081190512e-08,
        "dmean2": 2.24082956635e-08,
        "dvar": 8.23087127312e-17,
        "dvar2": 2.6876037779e-16,
        "max": -6.64867449984e-09,
        "mean": -2.92269639601e-08,
        "median": -2.91013204645e-08,
        "min": -4.97540852962e-08,
        "var": 1.12779498781e-16
    },
    "spectral_energy": {
        "dmean": 0.0506617985666,
        "dmean2": 0.0852606594563,
        "dvar": 0.00119093863759,
        "dvar2": 0.00389955914579,
        "max": 0.189716160297,
        "mean": 0.111869156361,
        "median": 0.111057914793,
        "min": 0.0258262436837,
        "var": 0.00163736508694
    },
    "spectral_energyband_high": {
        "dmean": 7.97862230684e-06,
        "dmean2": 1.12518955575e-05,
        "dvar": 9.26948379165e-11,
        "dvar2": 1.09093206691e-10,
        "max": 0.000132521425257,
        "mean": 2.422383659e-05,
        "median": 2.08028304769e-05,
        "min": 4.33772584074e-06,
        "var": 2.68515210067e-10
    },
    "spectral_energyband_low": {
        "dmean": 0.0521016642451,
        "dmean2": 0.0879260972142,
        "dvar": 0.00127749564126,
        "dvar2": 0.00399655941874,
        "max": 0.177548781037,
        "mean": 0.0905361399055,
        "median": 0.0887375995517,
        "min": 0.008839068003,
        "var": 0.00170618796255
    },
    "spectral_energyband_middle_high": {
        "dmean": 0.000493203231599,
        "dmean2": 0.000837298168335,
        "dvar": 4.06953660104e-07,
        "dvar2": 8.53527353684e-07,
        "max": 0.00746708316728,
        "mean": 0.00159705348779,
        "median": 0.0014079202665,
        "min": 0.000495136657264,
        "var": 1.01426155652e-06
    },
    "spectral_energyband_middle_low": {
        "dmean": 0.0109314983711,
        "dmean2": 0.0182718150318,
        "dvar": 0.000130838889163,
        "dvar2": 0.000371417670976,
        "max": 0.0679298192263,
        "mean": 0.0209290254861,
        "median": 0.0163380820304,
        "min": 0.00401890929788,
        "var": 0.000196356952074
    },
    "spectral_entropy": {
        "dmean": 0.232723101974,
        "dmean2": 0.384135037661,
        "dvar": 0.0407293364406,
        "dvar2": 0.107628911734,
        "max": 7.57717084885,
        "mean": 6.65149879456,
        "median": 6.64566707611,
        "min": 5.99251461029,
        "var": 0.0639433115721
    },
    "spectral_flux": {
        "dmean": 0.0614619739354,
        "dmean2": 0.102111063898,
        "dvar": 0.0022029040847,
        "dvar2": 0.00652523804456,
        "max": 0.356834560633,
        "mean": 0.170830562711,
        "median": 0.164129704237,
        "min": 0.0831141918898,
        "var": 0.00333260325715
    },
    "spectral_kurtosis": {
        "dmean": 5.35816478729,
        "dmean2": 9.48806858063,
        "dvar": 21.2633152008,
        "dvar2": 65.3908462524,
        "max": 23.7855415344,
        "mean": 11.1273937225,
        "median": 10.2614870071,
        "min": 3.17518520355,
        "var": 24.2471656799
    },
    "spectral_rms": {
        "dmean": 0.00245216954499,
        "dmean2": 0.00412118015811,
        "dvar": 2.89801027975e-06,
        "dvar2": 9.35980187933e-06,
        "max": 0.0136047396809,
        "mean": 0.0102567467839,
        "median": 0.0104090915993,
        "min": 0.00501959538087,
        "var": 3.93979189539e-06
    },
    "spectral_rolloff": {
        "dmean": 77.3237762451,
        "dmean2": 138.286621094,
        "dvar": 15556.8115234,
        "dvar2": 38441.0429688,
        "max": 624.462890625,
        "mean": 195.544769287,
        "median": 172.265625,
        "min": 107.666015625,
        "var": 13343.375
    },
    "spectral_skewness": {
        "dmean": 0.425037592649,
        "dmean2": 0.741588056087,
        "dvar": 0.151213362813,
        "dvar2": 0.438530385494,
        "max": 3.33469700813,
        "mean": 2.11186099052,
        "median": 2.01501846313,
        "min": 1.28673148155,
        "var": 0.188072279096
    },
    "spectral_spread": {
        "dmean": 348249.375,
        "dmean2": 524652.875,
        "dvar": 1.38575649178e+12,
        "dvar2": 1.38237915955e+12,
        "max": 15109880,
        "mean": 2460196,
        "median": 2312963.5,
        "min": 1843962.375,
        "var": 1.51519022285e+12
    },
    "spectral_strongpeak": {
        "dmean": 0.461353510618,
        "dmean2": 0.772860884666,
        "dvar": 0.129070058465,
        "dvar2": 0.328035414219,
        "max": 2.46058320999,
        "mean": 0.95247733593,
        "median": 0.914715528488,
        "min": 0.186945587397,
        "var": 0.192427203059
    },
    "zerocrossingrate": {
        "dmean": 0.00256125698797,
        "dmean2": 0.00371810491197,
        "dvar": 4.13628731621e-06,
        "dvar2": 7.8870989455e-06,
        "max": 0.02099609375,
        "mean": 0.0110237188637,
        "median": 0.0107421875,
        "min": 0.00390625,
        "var": 1.12960997285e-05
    },
    "barkbands": {
        "dmean": [0.000247979070991, 0.0246185939759, 0.0361572392285, 0.0038236908149, 0.00944613944739, 0.00026404185337, 0.000151522326632, 0.0010960571235, 0.00134906207677, 0.000263701862423, 5.95108940615e-05, 0.000106894876808, 1.13627411338e-05, 0.000111040957563, 8.29761629575e-05, 0.000127523584524, 9.23981060623e-05, 4.88416299049e-05, 2.66110200755e-05, 9.47633088799e-06, 4.12992631027e-06, 2.00547196982e-06, 1.92248791109e-07, 2.66188806108e-07, 1.07695775853e-07, 7.4955231355e-08, 6.21047746563e-08],
        "dmean2": [0.000390115339542, 0.0408093295991, 0.0613672509789, 0.00687981816009, 0.0164464507252, 0.000467483128887, 0.00025297969114, 0.0018313532928, 0.00234239757992, 0.00043203466339, 0.000104588121758, 0.000176632442162, 1.56383357535e-05, 0.000164841141668, 0.000144211182487, 0.000218156550545, 0.000143889847095, 7.64682481531e-05, 4.36970949522e-05, 1.44202904266e-05, 6.04639853918e-06, 2.72222791864e-06, 2.46917920776e-07, 3.39759509416e-07, 1.28829228174e-07, 8.9442728779e-08, 6.80949625576e-08],
        "dvar": [2.85323721982e-07, 0.000342966173775, 0.000607118941844, 1.42974195114e-05, 8.91620729817e-05, 8.52670822837e-08, 3.67904071652e-08, 1.60037495789e-06, 2.67718223768e-06, 8.82883099962e-08, 1.06578070813e-08, 2.6948365317e-08, 1.4466878806e-09, 2.39865887153e-08, 7.82318121395e-09, 1.76069576696e-08, 1.01538804032e-08, 3.20325077574e-09, 7.70114527704e-10, 1.12249008699e-10, 1.25701792725e-11, 5.44600432459e-12, 5.69963347352e-13, 1.06177891999e-12, 2.15201920411e-13, 1.87452294355e-13, 2.25121326745e-13],
        "dvar2": [6.27295037248e-07, 0.000891073490493, 0.00203991890885, 4.06968138122e-05, 0.000247633259278, 2.64534520511e-07, 1.06757170215e-07, 4.34628555013e-06, 6.88304089635e-06, 2.08062118645e-07, 2.77738188004e-08, 6.54971117342e-08, 1.40438249918e-09, 3.45866091322e-08, 1.90486044715e-08, 5.12634805716e-08, 2.08207584507e-08, 4.66810412547e-09, 1.3699500423e-09, 2.02537209226e-10, 2.38482636417e-11, 6.53133666942e-12, 5.09320721449e-13, 7.65937281048e-13, 2.03144602919e-13, 1.82465791066e-13, 2.26684841145e-13],
        "max": [0.00343035510741, 0.101139970124, 0.111991927028, 0.0182709619403, 0.0456518381834, 0.00191985396668, 0.00150118209422, 0.010234461166, 0.0149637805298, 0.00270841317251, 0.000937427626923, 0.0014699739404, 0.000430845830124, 0.0017908855807, 0.000743524986319, 0.000745914177969, 0.000944712548517, 0.000617701967712, 0.00034093981958, 0.000121671888337, 3.96628092858e-05, 2.80330132227e-05, 8.75013392942e-06, 1.28700612549e-05, 5.22058235219e-06, 4.64375489173e-06, 4.90324600833e-06],
        "mean": [0.000341087317793, 0.0422315523028, 0.0468622073531, 0.00432549836114, 0.0119083793834, 0.000312919786666, 0.000200605354621, 0.00169759127311, 0.00232758466154, 0.000456301233498, 8.92387397471e-05, 0.000157424641657, 2.1984356863e-05, 0.000198231340619, 0.00015034781245, 0.000198174951947, 0.000188351579709, 0.000106688072265, 5.58181891392e-05, 2.21800073632e-05, 1.10255141408e-05, 4.80889138998e-06, 4.42146927071e-07, 5.44459624052e-07, 2.29917091588e-07, 1.39261146614e-07, 8.10591345157e-08],
        "median": [9.27626970224e-05, 0.0377501770854, 0.0425027161837, 0.00309735676274, 0.00866147596389, 0.000195361571969, 0.00013675201626, 0.00111938291229, 0.00164483278058, 0.000338032463333, 6.74434922985e-05, 0.000126596351038, 1.43862780533e-05, 0.000148790495587, 0.000103588383354, 0.000156119494932, 0.000154082372319, 6.91138993716e-05, 5.02618167957e-05, 1.80657898454e-05, 9.3297667263e-06, 3.41982649843e-06, 2.91120898055e-07, 3.58618507335e-07, 1.35070123974e-07, 7.92564236463e-08, 2.31634782466e-08],
        "min": [1.51814356286e-06, 0.000796100008301, 0.00171638943721, 0.000123537232867, 0.000663060578518, 2.25205149036e-05, 9.42367478274e-06, 8.48642048368e-06, 3.75388481189e-05, 4.38228125859e-05, 1.24320813484e-05, 1.88873291336e-05, 2.62875437329e-06, 2.44936563831e-05, 2.34604049183e-05, 3.74521187041e-05, 2.22874077735e-05, 1.70496441569e-05, 1.2090888049e-05, 4.79512254969e-06, 1.89884212887e-06, 7.45764964449e-07, 9.94832234369e-08, 7.95766084138e-08, 3.69343844397e-08, 2.75385207971e-08, 1.21524221797e-08],
        "var": [4.51255118605e-07, 0.000456195470178, 0.000811459030956, 1.49909874381e-05, 9.90112530417e-05, 9.61300372637e-08, 5.13293727522e-08, 3.38902805197e-06, 5.8679202084e-06, 1.46589030692e-07, 1.18902665491e-08, 2.44413485007e-08, 1.66174529692e-09, 4.08109173122e-08, 1.48714365267e-08, 2.26154011074e-08, 1.98629237502e-08, 1.00160715277e-08, 1.41925671215e-09, 2.4761581674e-10, 4.10459721767e-11, 1.98001719187e-11, 6.89458581372e-13, 1.49932757182e-12, 2.52390583476e-13, 1.98640759332e-13, 2.25178260912e-13]
    },
    "erbbands": {
        "dmean": [0.418246746063, 7.12398862839, 43.8590316772, 12.1422605515, 39.1436195374, 19.7650432587, 3.2923605442, 1.72468423843, 1.17446804047, 4.00233888626, 43.1180458069, 23.382484436, 8.60967922211, 3.51044678688, 3.52636408806, 2.92118358612, 0.63769942522, 2.9839861393, 6.97833156586, 3.23184609413, 6.78290557861, 5.31763267517, 1.99908697605, 2.3588476181, 0.885821282864, 0.383137345314, 0.204929813743, 0.140909433365, 0.069400370121, 0.0133513426408, 0.00613918621093, 0.00532398559153, 0.00418866053224, 0.00161163788289, 0.000618822057731, 0.000360862788511, 0.000130223575979, 3.98540432798e-05, 2.91683791147e-05, 5.42730667803e-05],
        "dmean2": [0.671847224236, 12.0712680817, 74.858253479, 21.1445903778, 67.5199813843, 33.8885612488, 5.65033864975, 3.1652674675, 1.93753516674, 6.5406255722, 72.7043151855, 40.9764137268, 14.4278450012, 5.8440155983, 5.96065282822, 4.91943693161, 0.85205245018, 4.52639579773, 11.5209579468, 5.45226144791, 11.5146818161, 8.43336582184, 2.99975466728, 3.77509641647, 1.43200790882, 0.573128640652, 0.315941721201, 0.188980326056, 0.0939713343978, 0.0177290290594, 0.00789212435484, 0.0071822446771, 0.00534010119736, 0.00193633616436, 0.000720442854799, 0.000455567933386, 0.00015195600281, 4.2591978854e-05, 4.41874617536e-05, 9.15675191209e-05],
        "dvar": [0.24418066442, 29.2294139862, 893.493591309, 65.5827331543, 1505.20019531, 388.586639404, 8.18012905121, 4.8817987442, 1.76578593254, 12.7214269638, 2914.7800293, 751.829040527, 75.1700973511, 29.6449127197, 45.2596549988, 24.7480792999, 2.72730469704, 18.5785369873, 64.7776412964, 18.905040741, 41.7604942322, 36.0098266602, 6.24957895279, 7.24445819855, 0.547200381756, 0.219332814217, 0.0344907045364, 0.0156860053539, 0.00602593878284, 0.00106080598198, 0.000522195827216, 0.000343825115124, 0.000263853900833, 3.37773635692e-05, 1.33819039547e-05, 3.15231204695e-06, 6.47280216981e-07, 8.34315656562e-08, 3.83112830349e-09, 1.3587952985e-09],
        "dvar2": [0.64803981781, 74.1560058594, 2918.64038086, 187.707214355, 4328.24072266, 1022.59594727, 23.6880874634, 13.8553466797, 4.8466258049, 39.2980155945, 7761.92871094, 1955.84448242, 183.760269165, 64.638671875, 119.708564758, 59.2065124512, 2.24070048332, 22.8919315338, 151.923431396, 53.2865791321, 116.407112122, 72.2079467773, 8.73958683014, 9.28549480438, 1.26848137379, 0.418721169233, 0.0728805810213, 0.0227505303919, 0.00874056387693, 0.000763545627706, 0.000424836063758, 0.000235019630054, 0.000206939454074, 3.00358278764e-05, 1.29518339236e-05, 3.05134267364e-06, 6.27007295861e-07, 8.34992093246e-08, 4.18218215614e-09, 4.56949678096e-09],
        "max": [4.03462505341, 29.4059886932, 131.495895386, 48.5352554321, 187.77633667, 135.38293457, 22.09126091, 14.8395233154, 10.9317064285, 29.8028564453, 464.485076904, 235.070297241, 67.2570800781, 60.3664512634, 60.224281311, 49.5856285095, 20.9368686676, 49.8324356079, 74.0779876709, 36.5947265625, 43.9241676331, 52.2876739502, 31.9137706757, 33.9046821594, 8.04873371124, 5.11335611343, 1.52780258656, 1.90091383457, 0.991494596004, 0.424045711756, 0.275041341782, 0.236877113581, 0.197838932276, 0.0693511888385, 0.0392617322505, 0.0193804074079, 0.00864670425653, 0.00299346842803, 0.000720908225048, 0.000205891672522],
        "mean": [0.668469786644, 11.8687324524, 56.7427978516, 23.4696369171, 47.6457633972, 26.2117710114, 4.95701789856, 2.22355246544, 1.7805891037, 6.59602403641, 71.7422866821, 38.9181098938, 14.8914737701, 6.91654014587, 5.76728248596, 4.82822704315, 1.47825908661, 5.77527809143, 12.5519618988, 6.97780704498, 11.6459770203, 10.6781024933, 5.18893623352, 5.33291530609, 2.0171251297, 0.965841591358, 0.496840775013, 0.410292744637, 0.172723919153, 0.0383782349527, 0.0139410309494, 0.0115344235674, 0.00825193058699, 0.00352985342033, 0.00133200536948, 0.000739480718039, 0.000260782398982, 5.6113141909e-05, 6.08808877587e-05, 0.000123052464915],
        "median": [0.486929446459, 11.3978710175, 52.4580192566, 22.3461589813, 33.1987991333, 20.9054889679, 3.90942764282, 1.47318685055, 1.09992778301, 5.32234048843, 48.2484931946, 28.4678936005, 11.414068222, 5.51108694077, 4.50522470474, 3.81640100479, 1.01790857315, 4.25254917145, 7.62476444244, 5.81556892395, 9.2775812149, 8.40494155884, 4.07467317581, 4.38672208786, 1.88568401337, 0.730237185955, 0.45847722888, 0.342862665653, 0.128577306867, 0.0279644168913, 0.00985995493829, 0.00792878400534, 0.00539241405204, 0.00235773762688, 0.000690828077495, 0.000471944047604, 0.000152370615979, 2.18510085688e-05, 5.32179328729e-05, 0.000121940422105],
        "min": [0.028582829982, 0.208711370826, 2.54313325882, 3.02837824821, 2.66056728363, 2.23657393456, 0.628751814365, 0.252915143967, 0.129363298416, 0.120970748365, 0.336731135845, 0.782788217068, 1.8426617384, 0.96637904644, 0.757210969925, 0.850726246834, 0.355268269777, 0.825625777245, 1.86152338982, 1.75779306889, 2.22284412384, 1.2326914072, 0.895369291306, 1.3155298233, 0.593843460083, 0.225493967533, 0.0729654878378, 0.0807083621621, 0.0321907401085, 0.00715567683801, 0.00298481737264, 0.00217235460877, 0.00132442323957, 0.000610613496974, 0.000218747183681, 0.000188036297914, 6.0260448663e-05, 5.98296628596e-06, 1.5696265109e-05, 2.93352277367e-05],
        "var": [0.420429736376, 36.9691314697, 1159.39831543, 132.51739502, 1683.80761719, 477.887817383, 13.6899499893, 4.8045797348, 3.13303351402, 25.2476940155, 6224.95263672, 1524.41271973, 118.673294067, 53.99061203, 37.6642456055, 25.833650589, 4.07163333893, 34.5040168762, 155.881744385, 24.3478031158, 70.8372802734, 62.2707901001, 15.9066867828, 16.2353076935, 1.19695436954, 0.511964082718, 0.0841386318207, 0.0726570785046, 0.0208722669631, 0.00207156455144, 0.000685659062583, 0.000507149088662, 0.000354037532816, 4.46982267022e-05, 1.42910948853e-05, 3.4220759062e-06, 6.87990677761e-07, 8.40178913109e-08, 4.49806947245e-09, 1.90809967826e-09]
    },
    "gfcc": {
        "mean": [-49.3055152893, 188.745391846, -108.077278137, 45.653011322, -6.07843017578, -5.99475431442, -4.33625793457, 10.5077047348, -5.15673160553, -19.4632968903, -26.1858520508, -24.4280223846, -4.06659793854],
        "cov": [[411.091888428, -98.7531280518, -91.1826400757, -67.5255279541, -117.079528809, 1.13518083096, -35.3125839233, 32.9064826965, -7.70947885513, 2.44473624229, -29.5902004242, -46.411529541, -67.14818573], [-98.7531280518, 134.676040649, 41.4779281616, 0.278250962496, 51.2177391052, -27.3321475983, 23.1924381256, -22.3659706116, 21.2417240143, 4.24641990662, 25.6729793549, 13.8762216568, 31.4427604675], [-91.1826400757, 41.4779281616, 122.022232056, 21.0534992218, 40.2925872803, -13.4686632156, 0.140841469169, -34.7924690247, -13.1330165863, -11.7231607437, 24.2848052979, 31.9605960846, 12.8061571121], [-67.5255279541, 0.278250962496, 21.0534992218, 65.5752029419, 37.3452529907, 0.315187633038, 0.0501915663481, -22.5049724579, -7.30102968216, -11.9955253601, 5.91727304459, 6.60243463516, 18.1759624481], [-117.079528809, 51.2177391052, 40.2925872803, 37.3452529907, 96.0610809326, 4.07195234299, 13.1342935562, -30.7814025879, -0.649994015694, -1.929656744, 19.2312049866, 26.4760761261, 35.6543540955], [1.13518083096, -27.3321475983, -13.4686632156, 0.315187633038, 4.07195234299, 40.293510437, 17.7205581665, 10.9451236725, 5.53150749207, -1.89313077927, -6.75791883469, -3.97542309761, 3.20965862274], [-35.3125839233, 23.1924381256, 0.140841469169, 0.0501915663481, 13.1342935562, 17.7205581665, 52.3208770752, 15.697936058, 18.5352630615, -0.866315662861, -3.29675126076, -1.00084519386, 3.33638811111], [32.9064826965, -22.3659706116, -34.7924690247, -22.5049724579, -30.7814025879, 10.9451236725, 15.697936058, 62.7131958008, 29.1676292419, 9.80883789062, -4.14516830444, -21.19140625, -18.5478649139], [-7.70947885513, 21.2417240143, -13.1330165863, -7.30102968216, -0.649994015694, 5.53150749207, 18.5352630615, 29.1676292419, 46.0696601868, 21.9502258301, 6.73133134842, -7.66164255142, -0.71692276001], [2.44473624229, 4.24641990662, -11.7231607437, -11.9955253601, -1.929656744, -1.89313077927, -0.866315662861, 9.80883789062, 21.9502258301, 36.6819076538, 13.156370163, -2.77195596695, -4.3125128746], [-29.5902004242, 25.6729793549, 24.2848052979, 5.91727304459, 19.2312049866, -6.75791883469, -3.29675126076, -4.14516830444, 6.73133134842, 13.156370163, 34.6593704224, 19.0079631805, 9.69511508942], [-46.411529541, 13.8762216568, 31.9605960846, 6.60243463516, 26.4760761261, -3.97542309761, -1.00084519386, -21.19140625, -7.66164255142, -2.77195596695, 19.0079631805, 57.367603302, 20.2326946259], [-67.14818573, 31.4427604675, 12.8061571121, 18.1759624481, 35.6543540955, 3.20965862274, 3.33638811111, -18.5478649139, -0.71692276001, -4.3125128746, 9.69511508942, 20.2326946259, 42.934879303]],
        "icov": [[0.00534212402999, 0.00341431749985, 0.002854333492, 0.00473488494754, 0.00208497908898, 0.00118904188275, 0.000715776986908, 0.00494327954948, -0.00404598191381, 0.00520168896765, -0.00447545060888, 0.00221568904817, 0.00367954350077], [0.00341431749985, 0.0377838462591, 0.000811410602182, 0.0225285869092, -0.00984593387693, 0.032504376024, -0.0197920575738, 0.0243751425296, -0.0294888392091, 0.0232478585094, -0.0247452780604, 0.0165970362723, -0.0146861663088], [0.002854333492, 0.000811410602182, 0.0152075653896, 0.00222717691213, -0.00126355083194, 0.00226179347374, -0.0012010068167, 0.00818235985935, -0.00345722888596, 0.0100501701236, -0.0114802476019, -0.00158206420019, 0.00718896323815], [0.00473488494754, 0.0225285869092, 0.00222717691213, 0.037712033838, -0.0111397877336, 0.0175782870501, -0.00872505456209, 0.021601896733, -0.0220879428089, 0.0252016074955, -0.0204702578485, 0.0148559240624, -0.007991688326], [0.00208497908898, -0.00984593387693, -0.00126355083194, -0.0111397877336, 0.0262213461101, -0.0116652334109, 0.000735204317607, 0.00115529831965, 0.00590797094628, -0.00698259472847, 0.000366298481822, -0.00493755657226, -0.00325546576641], [0.00118904188275, 0.032504376024, 0.00226179347374, 0.0175782870501, -0.0116652334109, 0.0607301555574, -0.0273583047092, 0.0143439946696, -0.0210619755089, 0.0176517385989, -0.015281310305, 0.0137519557029, -0.0181994773448], [0.000715776986908, -0.0197920575738, -0.0012010068167, -0.00872505456209, 0.000735204317607, -0.0273583047092, 0.0415971465409, -0.0155053986236, 0.00173360866029, -0.00388281233609, 0.0173321347684, -0.00998794846237, 0.0116015737876], [0.00494327954948, 0.0243751425296, 0.00818235985935, 0.021601896733, 0.00115529831965, 0.0143439946696, -0.0155053986236, 0.0558216124773, -0.0425064116716, 0.0291089639068, -0.0282130483538, 0.0160240232944, 0.0026165721938], [-0.00404598191381, -0.0294888392091, -0.00345722888596, -0.0220879428089, 0.00590797094628, -0.0210619755089, 0.00173360866029, -0.0425064116716, 0.077228859067, -0.0487566776574, 0.0216376408935, -0.0109053188935, 0.000466081604827], [0.00520168896765, 0.0232478585094, 0.0100501701236, 0.0252016074955, -0.00698259472847, 0.0176517385989, -0.00388281233609, 0.0291089639068, -0.0487566776574, 0.0739255398512, -0.0413910485804, 0.0146284159273, 0.00386343081482], [-0.00447545060888, -0.0247452780604, -0.0114802476019, -0.0204702578485, 0.000366298481822, -0.015281310305, 0.0173321347684, -0.0282130483538, 0.0216376408935, -0.0413910485804, 0.074562124908, -0.0245599318296, 0.00145646987949], [0.00221568904817, 0.0165970362723, -0.00158206420019, 0.0148559240624, -0.00493755657226, 0.0137519557029, -0.00998794846237, 0.0160240232944, -0.0109053188935, 0.0146284159273, -0.0245599318296, 0.0355641506612, -0.0136620057747], [0.00367954350077, -0.0146861663088, 0.00718896323815, -0.007991688326, -0.00325546576641, -0.0181994773448, 0.0116015737876, 0.0026165721938, 0.000466081604827, 0.00386343081482, 0.00145646987949, -0.0136620057747, 0.051837708801]]
    },
    "melbands": {
        "dmean": [0.00487977266312, 0.0175267010927, 0.00276413699612, 0.00243126391433, 0.000162889060448, 4.00003882532e-05, 2.20280762733e-05, 3.94577618863e-05, 0.000429672887549, 0.000120021250041, 4.32019369327e-05, 1.68780225067e-05, 1.03366173789e-05, 1.42733933899e-05, 2.98070403915e-06, 1.69037218711e-06, 5.79344987273e-06, 1.37370070661e-05, 4.81195638713e-06, 7.48290176489e-06, 7.80569644121e-06, 5.75963167648e-06, 3.1649299217e-06, 2.55283725892e-06, 2.02295223062e-06, 7.48461843614e-07, 5.67855579447e-07, 2.27471858238e-07, 1.18932064197e-07, 1.29780303837e-07, 8.16194543063e-08, 4.51975772364e-08, 2.19928040224e-08, 4.47671899551e-09, 3.68762531622e-09, 3.2907150338e-09, 3.96383237344e-09, 3.52283135996e-09, 2.22676543871e-09, 1.21249643659e-09],
        "dmean2": [0.0081465318799, 0.0296162646264, 0.00478227483109, 0.00424766959623, 0.000273090816336, 7.19494564692e-05, 3.59247860615e-05, 6.25459942967e-05, 0.00073218124453, 0.000210459009395, 7.21941178199e-05, 2.79308169411e-05, 1.78223253897e-05, 2.34838480537e-05, 4.67177414976e-06, 2.63196034211e-06, 8.78324135556e-06, 2.22151793423e-05, 8.43111411086e-06, 1.28755709738e-05, 1.31871684061e-05, 9.03263207874e-06, 5.16894715474e-06, 3.91932508137e-06, 3.26358576785e-06, 1.19482092487e-06, 9.4525609029e-07, 3.35753696845e-07, 1.85404289255e-07, 1.99448422222e-07, 1.13641334565e-07, 6.39372714772e-08, 3.14613188834e-08, 6.25969054369e-09, 4.86608309203e-09, 4.5115831071e-09, 5.3497806185e-09, 4.51746018371e-09, 2.91052471013e-09, 1.54551094145e-09],
        "dvar": [1.69452850969e-05, 0.000136146816658, 3.35643017024e-06, 5.88071770835e-06, 2.08835171378e-08, 2.3965585072e-09, 7.51423423484e-10, 1.1888667828e-09, 2.96518038567e-07, 1.89926847582e-08, 1.98495819781e-09, 6.29907459526e-10, 3.50729223442e-10, 6.71369848604e-10, 1.81260076393e-11, 9.64697245698e-12, 9.33066748865e-11, 2.69422484322e-10, 2.93378377147e-11, 6.95304230858e-11, 5.19646513319e-11, 3.7876733e-11, 2.28331919344e-11, 6.94797604867e-12, 5.84822554967e-12, 5.31490324841e-13, 2.67241225893e-13, 1.04395943387e-13, 1.23725433449e-14, 1.17748404749e-14, 7.01482151378e-15, 2.5558592379e-15, 7.40189587716e-16, 2.47665604574e-16, 1.90709097497e-16, 8.72038352474e-17, 1.73288448804e-16, 1.55056435191e-16, 6.17215107737e-17, 1.88526207566e-17],
        "dvar2": [4.30942818639e-05, 0.000440326984972, 9.85814949672e-06, 1.62272190209e-05, 5.1598036066e-08, 7.02859415114e-09, 2.13814277394e-09, 3.52879481191e-09, 7.77159186782e-07, 4.9533383617e-08, 4.81649164996e-09, 1.39067202198e-09, 9.45014622111e-10, 1.60823865336e-09, 2.31681826501e-11, 1.05114814422e-11, 1.07282328854e-10, 5.81380665832e-10, 7.72697947293e-11, 1.93329893761e-10, 1.39454031656e-10, 7.74369735002e-11, 3.53822249277e-11, 1.34432213625e-11, 7.45443984318e-12, 1.40272635087e-12, 6.27720748644e-13, 2.29782962406e-13, 2.85736027666e-14, 2.70487825253e-14, 7.71728499518e-15, 3.46969386206e-15, 9.39527251029e-16, 2.38647006557e-16, 1.6659821201e-16, 5.66232062293e-17, 1.27586680256e-16, 1.19000399914e-16, 5.47913155012e-17, 1.69794206286e-17],
        "max": [0.0297804512084, 0.0545727871358, 0.011165949516, 0.011853011325, 0.00139052805025, 0.000334610929713, 0.00021892755467, 0.000267703435384, 0.00476326979697, 0.00117715075612, 0.000341786304489, 0.000271787721431, 0.000167904305272, 0.000222309376113, 5.77159480599e-05, 3.50772425008e-05, 0.000114012633276, 0.000146045160363, 4.09656604461e-05, 5.30262186658e-05, 5.93101940467e-05, 5.33100210305e-05, 5.08013072249e-05, 2.52454628935e-05, 3.02555235976e-05, 6.48867171549e-06, 5.32288686372e-06, 2.66904817181e-06, 9.71915369519e-07, 8.54372160575e-07, 1.21765958738e-06, 6.00222620051e-07, 3.60385229214e-07, 1.76466443236e-07, 1.61614067906e-07, 1.22205335629e-07, 1.64238898037e-07, 1.52550327925e-07, 9.41205300364e-08, 5.10124742448e-08],
        "mean": [0.00864550750703, 0.0250494796783, 0.00535349501297, 0.00305669591762, 0.000239873494138, 4.91143982799e-05, 3.0981915188e-05, 5.84104054724e-05, 0.000725448073354, 0.000198064852157, 7.14738926035e-05, 3.13010023092e-05, 1.64687680808e-05, 2.0089910322e-05, 5.68731547901e-06, 3.12605448016e-06, 1.06754487206e-05, 2.35165134654e-05, 9.30747410166e-06, 1.11409508463e-05, 1.37498427648e-05, 1.152364257e-05, 5.97829784965e-06, 5.40983319297e-06, 4.37544667875e-06, 1.56414068897e-06, 1.16076057566e-06, 5.15765236742e-07, 2.57513647739e-07, 3.18910480246e-07, 2.13690626083e-07, 1.09201472753e-07, 4.54080968382e-08, 1.16763008151e-08, 7.5950010725e-09, 6.89746126881e-09, 7.23495441335e-09, 6.23269835742e-09, 4.43088499225e-09, 2.4048723013e-09],
        "median": [0.00796636473387, 0.0226428359747, 0.00520349945873, 0.00222361250781, 0.000199826012249, 3.1982355722e-05, 2.07526409213e-05, 4.59743132524e-05, 0.000499700428918, 0.000141506869113, 5.55535189051e-05, 2.32754209719e-05, 1.23365007312e-05, 1.5403755242e-05, 4.01348643209e-06, 1.9758167582e-06, 7.27168753656e-06, 1.42499011417e-05, 7.44253202356e-06, 8.56674978422e-06, 1.13448259071e-05, 9.60414126894e-06, 4.75446631754e-06, 3.23057383866e-06, 3.66775475413e-06, 1.36424216635e-06, 1.0328828921e-06, 3.42020854305e-07, 2.2578279868e-07, 2.85563800162e-07, 1.62938860626e-07, 8.10359637171e-08, 3.12096837263e-08, 7.04373892546e-09, 4.8828598942e-09, 5.08862241233e-09, 4.79182116209e-09, 3.86013132569e-09, 2.75241029968e-09, 1.61603241899e-09],
        "min": [0.000251623510849, 0.000903258915059, 0.000607006892096, 0.000271641736617, 2.68099574896e-05, 4.18978152084e-06, 1.73875537257e-06, 1.30134537812e-06, 3.37469282385e-06, 4.28008752351e-06, 8.94786535355e-06, 3.32593094754e-06, 1.98190764422e-06, 3.22379128193e-06, 7.18472108474e-07, 3.70283657958e-07, 1.25996484712e-06, 3.37982828569e-06, 1.65643052696e-06, 1.90106675291e-06, 2.01379589271e-06, 1.53431869876e-06, 6.1168918819e-07, 7.88268209817e-07, 9.87058001556e-07, 3.70520098159e-07, 2.09406934459e-07, 8.92757796578e-08, 4.02663218324e-08, 3.25911422294e-08, 3.92719741171e-08, 1.82873272081e-08, 8.29267765567e-09, 1.59421598145e-09, 1.385649262e-09, 1.27689780971e-09, 9.40034050601e-10, 7.7677098087e-10, 6.60527854635e-10, 3.74076630782e-10],
        "var": [2.55026498053e-05, 0.000187143377843, 5.72632552576e-06, 6.57604186927e-06, 3.65986352335e-08, 2.43448172732e-09, 1.17509091346e-09, 2.41838948867e-09, 6.39226129806e-07, 3.81826019691e-08, 3.06673086925e-09, 1.12949238851e-09, 3.32010169357e-10, 5.24715715322e-10, 4.07684094816e-11, 1.55065821295e-11, 1.58826132801e-10, 6.40939912255e-10, 4.17395978891e-11, 8.22205428741e-11, 1.03380137784e-10, 7.40425221135e-11, 2.94238904075e-11, 2.91631371829e-11, 1.13318564601e-11, 8.17590027798e-13, 5.35379845925e-13, 2.10323119055e-13, 2.71646363037e-14, 3.05649162393e-14, 2.94453724641e-14, 8.79567567462e-15, 2.08019602791e-15, 3.33320593755e-16, 2.37522305621e-16, 1.36253203735e-16, 2.47472586941e-16, 2.1396976043e-16, 8.14706662741e-17, 2.43176541712e-17]
    },
    "mfcc": {
        "mean": [-698.47467041, 213.138824463, -20.634721756, 64.0859375, 20.3606300354, 8.69488239288, 11.3639202118, 20.0600986481, 27.9541816711, 9.82087802887, 3.59279298782, -6.04294872284, -14.9240207672],
        "cov": [[489.845275879, -126.707862854, -45.3823890686, -101.39995575, -81.4024734497, -65.3175125122, -31.8648834229, -6.87811946869, -6.54667568207, 28.1050643921, 43.2727928162, 22.9426956177, -52.3486442566], [-126.707862854, 157.517532349, 12.2362260818, 26.9426002502, 16.8902320862, 11.6710882187, 1.12015712261, -11.5636119843, 1.45374882221, -11.4641723633, -3.72034478188, -1.35136973858, 27.4224281311], [-45.3823890686, 12.2362260818, 76.3860015869, 12.4061145782, 5.0923705101, 1.76197040081, -1.57206976414, 1.80430340767, -20.0577087402, -13.7085447311, -0.495388805866, -1.35271799564, 7.231798172], [-101.39995575, 26.9426002502, 12.4061145782, 73.8515701294, 32.0993881226, 26.1843948364, 7.19648456573, -4.10184049606, -10.1548347473, -20.7628498077, -15.2005567551, -4.88414382935, 11.7254543304], [-81.4024734497, 16.8902320862, 5.0923705101, 32.0993881226, 60.0026473999, 18.7689857483, 7.13758420944, -9.26336574554, -7.5575261116, -16.1969261169, -20.7262210846, -5.84957408905, 18.2791728973], [-65.3175125122, 11.6710882187, 1.76197040081, 26.1843948364, 18.7689857483, 60.7587776184, 14.2475042343, 4.09197092056, -1.47433960438, -16.8885040283, -14.2749662399, -14.2724742889, 0.168984115124], [-31.8648834229, 1.12015712261, -1.57206976414, 7.19648456573, 7.13758420944, 14.2475042343, 32.0185050964, 12.0582551956, 5.80233716965, 1.84994316101, -13.0947113037, -5.32265853882, -2.67859530449], [-6.87811946869, -11.5636119843, 1.80430340767, -4.10184049606, -9.26336574554, 4.09197092056, 12.0582551956, 46.3216934204, 15.2166204453, 0.454709559679, 1.84115421772, 3.93408823013, 3.01037216187], [-6.54667568207, 1.45374882221, -20.0577087402, -10.1548347473, -7.5575261116, -1.47433960438, 5.80233716965, 15.2166204453, 52.2718276978, 20.764131546, 2.04036784172, 5.29223394394, -2.0481979847], [28.1050643921, -11.4641723633, -13.7085447311, -20.7628498077, -16.1969261169, -16.8885040283, 1.84994316101, 0.454709559679, 20.764131546, 49.5485649109, 24.3686294556, 11.3806619644, -8.56810760498], [43.2727928162, -3.72034478188, -0.495388805866, -15.2005567551, -20.7262210846, -14.2749662399, -13.0947113037, 1.84115421772, 2.04036784172, 24.3686294556, 47.2378997803, 16.0781764984, -7.36382341385], [22.9426956177, -1.35136973858, -1.35271799564, -4.88414382935, -5.84957408905, -14.2724742889, -5.32265853882, 3.93408823013, 5.29223394394, 11.3806619644, 16.0781764984, 31.0433044434, 14.5350179672], [-52.3486442566, 27.4224281311, 7.231798172, 11.7254543304, 18.2791728973, 0.168984115124, -2.67859530449, 3.01037216187, -2.0481979847, -8.56810760498, -7.36382341385, 14.5350179672, 50.2520866394]],
