{
"lowlevel": {
    "average_loudness": 0.984986424446,
    "barkbands_crest": {
        "dmean": 2.70041370392,
        "dmean2": 4.63760662079,
        "dvar": 5.07675790787,
        "dvar2": 12.2995643616,
        "max": 19.7896690369,
        "mean": 12.6926050186,
        "median": 12.3912467957,
        "min": 6.80855941772,
        "var": 7.63419485092
    },
    "barkbands_flatness_db": {
        "dmean": 0.0343647040427,
        "dmean2": 0.0546836070716,
        "dvar": 0.000768252823036,
        "dvar2": 0.00178066571243,
        "max": 0.4273198843,
        "mean": 0.334569901228,
        "median": 0.336160629988,
        "min": 0.122559435666,
        "var": 0.0019305953756
    },
    "barkbands_kurtosis": {
        "dmean": 13.9568815231,
        "dmean2": 23.4819393158,
        "dvar": 160.597793579,
        "dvar2": 425.681091309,
        "max": 84.6222305298,
        "mean": 29.3687553406,
        "median": 24.2791881561,
        "min": 2.36086702347,
        "var": 310.714324951
    },
    "barkbands_skewness": {
        "dmean": 1.04840135574,
        "dmean2": 1.78716790676,
        "dvar": 0.791185736656,
        "dvar2": 2.12465620041,
        "max": 7.20147705078,
        "mean": 3.98210215569,
        "median": 3.68189620972,
        "min": 1.69190979004,
        "var": 1.51234686375
    },
    "barkbands_spread": {
        "dmean": 1.34400427341,
        "dmean2": 2.18459272385,
        "dvar": 3.69306349754,
        "dvar2": 9.38102340698,
        "max": 18.9937572479,
        "mean": 2.96600818634,
        "median": 2.58156633377,
        "min": 0.765331506729,
        "var": 4.10823917389
    },
    "dissonance": {
        "dmean": 0.0253352988511,
        "dmean2": 0.042918600142,
        "dvar": 0.000378349388484,
        "dvar2": 0.000947299296968,
        "max": 0.493209838867,
        "mean": 0.449159175158,
        "median": 0.449381440878,
        "min": 0.345847308636,
        "var": 0.000617016106844
    },
    "dynamic_complexity": 0.735051870346,
    "erbbands_crest": {
        "dmean": 3.68573689461,
        "dmean2": 6.54645061493,
        "dvar": 6.58863258362,
        "dvar2": 16.2630157471,
        "max": 23.8108520508,
        "mean": 12.8432722092,
        "median": 12.5900688171,
        "min": 4.10793733597,
        "var": 13.5804386139
    },
    "erbbands_flatness_db": {
        "dmean": 0.0158730242401,
        "dmean2": 0.0249881017953,
        "dvar": 0.000189782207599,
        "dvar2": 0.000356141012162,
        "max": 0.295685917139,
        "mean": 0.24407787621,
        "median": 0.243145525455,
        "min": 0.100422397256,
        "var": 0.000434076442616
    },
    "erbbands_kurtosis": {
        "dmean": 1.33451104164,
        "dmean2": 2.20208764076,
        "dvar": 1.3645529747,
        "dvar2": 3.00203847885,
        "max": 7.80776405334,
        "mean": 0.950670778751,
        "median": 0.490938425064,
        "min": -1.49510681629,
        "var": 2.76576924324
    },
    "erbbands_skewness": {
        "dmean": 0.47468149662,
        "dmean2": 0.757875442505,
        "dvar": 0.148595973849,
        "dvar2": 0.332322001457,
        "max": 2.78584837914,
        "mean": 1.27716529369,
        "median": 1.3003872633,
        "min": -1.10493302345,
        "var": 0.320191681385
    },
    "erbbands_spread": {
        "dmean": 7.72975587845,
        "dmean2": 12.6849040985,
        "dvar": 30.8821735382,
        "dvar2": 85.3329772949,
        "max": 55.1086921692,
        "mean": 34.1338844299,
        "median": 33.9739761353,
        "min": 18.6924667358,
        "var": 64.072013855
    },
    "hfc": {
        "dmean": 3.48822021484,
        "dmean2": 5.73098134995,
        "dvar": 6.39375019073,
        "dvar2": 16.3603839874,
        "max": 28.3708381653,
        "mean": 13.5695333481,
        "median": 13.4982757568,
        "min": 0.956650435925,
        "var": 12.0850849152
    },
    "melbands_crest": {
        "dmean": 4.42328643799,
        "dmean2": 7.67074346542,
        "dvar": 12.4580078125,
        "dvar2": 32.8964157104,
        "max": 30.9783439636,
        "mean": 22.0021495819,
        "median": 22.1359138489,
        "min": 10.6269197464,
        "var": 28.0687599182
    },
    "melbands_flatness_db": {
        "dmean": 0.0382249839604,
        "dmean2": 0.0608644858003,
        "dvar": 0.000957314972766,
        "dvar2": 0.00227469671518,
        "max": 0.55732601881,
        "mean": 0.453425973654,
        "median": 0.456344693899,
        "min": 0.233644098043,
        "var": 0.0024401305709
    },
    "melbands_kurtosis": {
        "dmean": 29.549030304,
        "dmean2": 48.8226356506,
        "dvar": 639.425598145,
        "dvar2": 1773.94421387,
        "max": 173.480819702,
        "mean": 68.2574310303,
        "median": 61.7639923096,
        "min": 8.38692188263,
        "var": 1220.51721191
    },
    "melbands_skewness": {
        "dmean": 1.30490148067,
        "dmean2": 2.16896176338,
        "dvar": 1.0540510416,
        "dvar2": 3.02052927017,
        "max": 9.28082370758,
        "mean": 5.81729412079,
        "median": 5.63056850433,
        "min": 2.47820162773,
        "var": 2.05461215973
    },
    "melbands_spread": {
        "dmean": 1.09130549431,
        "dmean2": 1.77222955227,
        "dvar": 2.34731125832,
        "dvar2": 6.03591108322,
        "max": 14.0298986435,
        "mean": 2.19496035576,
        "median": 1.82596325874,
        "min": 0.551085293293,
        "var": 2.57170772552
    },
    "pitch_salience": {
        "dmean": 0.107975922525,
        "dmean2": 0.174123749137,
        "dvar": 0.00633854884654,
        "dvar2": 0.0169890746474,
        "max": 0.82465583086,
        "mean": 0.433769643307,
        "median": 0.441673368216,
        "min": 0.166656479239,
        "var": 0.0151134924963
    },
    "silence_rate_20dB": {
        "dmean": 0,
        "dmean2": 0,
        "dvar": 0,
        "dvar2": 0,
        "max": 1,
        "mean": 1,
        "median": 1,
        "min": 1,
        "var": 0
    },
    "silence_rate_30dB": {
        "dmean": 0.280000001192,
        "dmean2": 0.56375837326,
        "dvar": 0.201599866152,
        "dvar2": 0.433855086565,
        "max": 1,
        "mean": 0.596026480198,
        "median": 1,
        "min": 0,
        "var": 0.240778669715
    },
    "silence_rate_60dB": {
        "dmean": 0,
        "dmean2": 0,
        "dvar": 0,
        "dvar2": 0,
        "max": 0,
        "mean": 0,
        "median": 0,
        "min": 0,
        "var": 0
    },
    "spectral_centroid": {
        "dmean": 69.8440475464,
        "dmean2": 114.406272888,
        "dvar": 10760.9912109,
        "dvar2": 27758.7421875,
        "max": 1172.63330078,
        "mean": 279.497039795,
        "median": 256.456512451,
        "min": 154.233108521,
        "var": 10926.8828125
    },
    "spectral_complexity": {
        "dmean": 2.5733332634,
        "dmean2": 3.8187918663,
        "dvar": 4.56462478638,
        "dvar2": 10.4436702728,
        "max": 20,
        "mean": 10.8145694733,
        "median": 11,
        "min": 2,
        "var": 8.89276885986
    },
    "spectral_decrease": {
        "dmean": 8.58773585577e-09,
        "dmean2": 1.42467859732e-08,
        "dvar": 3.92486480396e-17,
        "dvar2": 1.06413966773e-16,
        "max": -6.71970423749e-10,
        "mean": -2.47779325946e-08,
        "median": -2.44523690185e-08,
        "min": -4.81065640656e-08,
        "var": 7.28394865684e-17
    },
    "spectral_energy": {
        "dmean": 0.0326887257397,
        "dmean2": 0.0541984625161,
        "dvar": 0.000567212409806,
        "dvar2": 0.00154007924721,
        "max": 0.183406382799,
        "mean": 0.0947483032942,
        "median": 0.0936993062496,
        "min": 0.00262295012362,
        "var": 0.00105284398887
    },
    "spectral_energyband_high": {
        "dmean": 4.6381469474e-06,
        "dmean2": 7.15404803486e-06,
        "dvar": 2.29154178272e-11,
        "dvar2": 5.5246782843e-11,
        "max": 6.3356696046e-05,
        "mean": 1.21323164421e-05,
        "median": 1.01348359749e-05,
        "min": 1.73398325387e-06,
        "var": 7.17032266895e-11
    },
    "spectral_energyband_low": {
        "dmean": 0.0363486483693,
        "dmean2": 0.0605706349015,
        "dvar": 0.000689736625645,
        "dvar2": 0.00191336870193,
        "max": 0.173470765352,
        "mean": 0.0710387006402,
        "median": 0.0653000548482,
        "min": 0.00102335307747,
        "var": 0.00150096730795
    },
    "spectral_energyband_middle_high": {
        "dmean": 0.000455984176369,
        "dmean2": 0.000720050360542,
        "dvar": 3.11956256382e-07,
        "dvar2": 7.37082018532e-07,
        "max": 0.00546333845705,
        "mean": 0.00109637225978,
        "median": 0.000942177139223,
        "min": 0.000201809452847,
        "var": 4.14194261111e-07
    },
    "spectral_energyband_middle_low": {
        "dmean": 0.0126473093405,
        "dmean2": 0.0213614273816,
        "dvar": 0.00016761936422,
        "dvar2": 0.000430904590758,
        "max": 0.125986233354,
        "mean": 0.0238553080708,
        "median": 0.019556703046,
        "min": 0.00165265414398,
        "var": 0.000329581525875
    },
    "spectral_entropy": {
        "dmean": 0.222104415298,
        "dmean2": 0.340239137411,
        "dvar": 0.0277808029205,
        "dvar2": 0.0791556686163,
        "max": 7.19156312943,
        "mean": 6.38952589035,
        "median": 6.36504745483,
        "min": 5.88407325745,
        "var": 0.0591953471303
    },
    "spectral_flux": {
        "dmean": 0.0541314631701,
        "dmean2": 0.0980772674084,
        "dvar": 0.0021246150136,
        "dvar2": 0.00586690520868,
        "max": 0.313930720091,
        "mean": 0.133091956377,
        "median": 0.125949338078,
        "min": 0.0362172462046,
        "var": 0.00246826093644
    },
    "spectral_kurtosis": {
        "dmean": 7.68847227097,
        "dmean2": 13.4899959564,
        "dvar": 36.0878181458,
        "dvar2": 114.666908264,
        "max": 43.9989128113,
        "mean": 14.8401765823,
        "median": 13.924571991,
        "min": 2.39940786362,
        "var": 62.735584259
    },
    "spectral_rms": {
        "dmean": 0.00172523991205,
        "dmean2": 0.00283303391188,
        "dvar": 1.79802373168e-06,
        "dvar2": 4.40934536527e-06,
        "max": 0.0133765861392,
        "mean": 0.00945001840591,
        "median": 0.0095610646531,
        "min": 0.00159967981745,
        "var": 3.13448822453e-06
    },
    "spectral_rolloff": {
        "dmean": 37.611328125,
        "dmean2": 70.0913009644,
        "dvar": 5330.37255859,
        "dvar2": 14135.3828125,
        "max": 624.462890625,
        "mean": 177.541976929,
        "median": 193.798828125,
        "min": 107.666015625,
        "var": 4390.93066406
    },
    "spectral_skewness": {
        "dmean": 0.631759941578,
        "dmean2": 1.0829256773,
        "dvar": 0.25331056118,
        "dvar2": 0.762654840946,
        "max": 4.79600000381,
        "mean": 2.45282506943,
        "median": 2.38323140144,
        "min": 0.927520930767,
        "var": 0.479315459728
    },
    "spectral_spread": {
        "dmean": 272759.15625,
        "dmean2": 440686.53125,
        "dvar": 157041180672,
        "dvar2": 185610092544,
        "max": 7129784,
        "mean": 2080694,
        "median": 2040957.875,
        "min": 1430069.25,
        "var": 240458563584
    },
    "spectral_strongpeak": {
        "dmean": 0.369695752859,
        "dmean2": 0.616936445236,
        "dvar": 0.0969601944089,
        "dvar2": 0.255812525749,
        "max": 2.48302674294,
        "mean": 1.05494999886,
        "median": 1.08545422554,
        "min": 0.0265471972525,
        "var": 0.170014873147
    },
    "zerocrossingrate": {
        "dmean": 0.00191406253725,
        "dmean2": 0.00263802963309,
        "dvar": 2.92943286695e-06,
        "dvar2": 3.99045529775e-06,
        "max": 0.01904296875,
        "mean": 0.00930644664913,
        "median": 0.00927734375,
        "min": 0.0029296875,
        "var": 1.03806241896e-05
    },
    "barkbands": {
        "dmean": [0.00010810024105, 0.0202403496951, 0.0206489618868, 0.00414763577282, 0.00996462348849, 0.000365561660146, 0.000176613233634, 0.000265543698333, 0.000442893098807, 0.000214365223655, 5.92098331254e-05, 0.000119419841212, 1.33992825795e-05, 7.23046759958e-05, 6.91202949383e-05, 9.9988290458e-05, 5.56058112124e-05, 2.74385729426e-05, 1.72381387529e-05, 3.56605460183e-06, 2.56108887697e-06, 8.25978133889e-07, 1.74520323526e-07, 8.93460523343e-08, 6.6707428914e-08, 6.12074302353e-08, 6.51070379831e-08],
        "dmean2": [0.000159581453772, 0.0352421365678, 0.0348666496575, 0.00723723135889, 0.0168171003461, 0.000606583431363, 0.000307414447889, 0.000461923307739, 0.000747396319639, 0.00035672498052, 0.000103673839476, 0.000205389776966, 2.30261812249e-05, 0.000119140669995, 0.000116407994938, 0.000167796431924, 8.98144353414e-05, 4.36640184489e-05, 2.92572076432e-05, 5.69447456655e-06, 3.99096734327e-06, 1.25979931909e-06, 2.81053047502e-07, 1.28103152974e-07, 9.09422794848e-08, 8.25745090083e-08, 8.78222650158e-08],
        "dvar": [1.89012734353e-08, 0.000232472550124, 0.000242543464992, 2.13857038034e-05, 9.38765879255e-05, 8.03597757226e-08, 2.59165062744e-08, 9.22236509382e-08, 2.73966861641e-07, 3.59872665001e-08, 3.18066062377e-09, 1.35183544359e-08, 2.98636643192e-10, 1.45298626464e-08, 1.56733683809e-08, 6.38159391997e-08, 5.0763011572e-09, 6.88538559501e-10, 2.96386887255e-10, 1.14285178543e-11, 7.6117124756e-12, 6.34020884838e-13, 2.74456022145e-13, 2.80929142796e-13, 2.63532143156e-13, 2.64232673285e-13, 3.04938908326e-13],
        "dvar2": [3.69404773437e-08, 0.000603657041211, 0.000616296951193, 6.70398585498e-05, 0.00022780065774, 2.27687976917e-07, 8.3451432431e-08, 2.95225817126e-07, 7.93259744114e-07, 8.19002252683e-08, 8.92273632758e-09, 3.29819265232e-08, 7.54985740592e-10, 3.57606602108e-08, 4.27586321905e-08, 1.76753033543e-07, 1.38327935773e-08, 1.63781821438e-09, 8.68858429648e-10, 2.32725835131e-11, 2.02980236785e-11, 1.60647352625e-12, 3.36709609847e-13, 3.23756809122e-13, 3.07103572173e-13, 3.04523333633e-13, 3.51710278739e-13],
        "max": [0.00138344778679, 0.0838625133038, 0.0938368439674, 0.0329689458013, 0.0908904001117, 0.00222332356498, 0.00098202843219, 0.00193416536786, 0.0036387545988, 0.00114175945055, 0.000380734389182, 0.0010412693955, 9.40152167459e-05, 0.0013598529622, 0.00105129438452, 0.00249989354052, 0.000632975366898, 0.000199314847123, 0.000111081542855, 3.70536945411e-05, 2.28105909628e-05, 8.70972507983e-06, 6.07877609582e-06, 6.16736588199e-06, 5.85758107263e-06, 5.86044325246e-06, 6.31339707979e-06],
        "mean": [0.00019562644593, 0.0339939817786, 0.0356662496924, 0.00577268609777, 0.0163373481482, 0.000507393328007, 0.000251491408562, 0.000361411861377, 0.000528937962372, 0.000341269216733, 8.72805976542e-05, 0.000151717758854, 1.74974393303e-05, 0.000112940193503, 0.00010085444228, 0.000134375513881, 9.17839424801e-05, 4.89897429361e-05, 2.99010152958e-05, 8.35531045595e-06, 5.85335874348e-06, 1.84513180557e-06, 2.39224902998e-07, 1.61430861567e-07, 1.03274004459e-07, 8.2668343282e-08, 9.41963520518e-08],
        "median": [0.000100613862742, 0.031605694443, 0.0309955533594, 0.00447054067627, 0.0132736433297, 0.000410081906011, 0.000193544838112, 0.000266414368525, 0.000339543301379, 0.000281994405668, 6.94545087754e-05, 0.000101540652395, 1.15821403597e-05, 7.6217635069e-05, 6.53492097626e-05, 9.05714041437e-05, 7.75884836912e-05, 3.88898406527e-05, 2.52472837019e-05, 6.69120618113e-06, 5.22837217432e-06, 1.57097883857e-06, 1.2152133877e-07, 7.08476335376e-08, 2.5085507005e-08, 1.0396185246e-08, 1.69461529254e-08],
        "min": [1.07192033738e-06, 0.000270406162599, 0.000466137134936, 0.000251133664278, 0.000775197637267, 3.90603090636e-05, 3.46095584973e-05, 1.69858813024e-05, 3.48441717506e-05, 3.89822234865e-05, 9.95791469904e-06, 1.25680362544e-05, 1.6420888187e-06, 1.3069697161e-05, 8.24410199129e-06, 9.69300253928e-06, 2.7258438422e-06, 3.14460976369e-06, 4.33563491242e-06, 1.30464115955e-06, 7.66225241478e-07, 2.61756213149e-07, 2.2977655334e-08, 1.45455070211e-08, 7.86481990644e-09, 2.04119365854e-09, 7.97016586063e-09],
        "var": [6.09339352309e-08, 0.000388823216781, 0.00053685187595, 2.57319679804e-05, 0.000196189866983, 1.60663802262e-07, 3.39709131936e-08, 1.28260111865e-07, 2.63011116886e-07, 6.05676646614e-08, 3.45638473398e-09, 2.1754075874e-08, 2.8332411417e-10, 1.8777368993e-08, 1.49654244552e-08, 4.59723992208e-08, 5.52382006802e-09, 1.34541078278e-09, 3.81721848575e-10, 3.79208643653e-11, 1.29896891854e-11, 1.49537012547e-12, 3.44000679721e-13, 3.34195182378e-13, 3.0654802698e-13, 3.01349413088e-13, 3.4874360344e-13]
    },
    "erbbands": {
        "dmean": [0.222766801715, 5.92035913467, 25.931268692, 7.54115867615, 43.712348938, 16.3453769684, 4.13950872421, 2.47729706764, 1.2870208025, 3.97511792183, 10.4483213425, 7.84749746323, 6.33870410919, 3.44064211845, 3.95376586914, 3.03268790245, 0.652321755886, 2.07675051689, 4.91144227982, 4.7088637352, 4.11074972153, 3.36342597008, 1.38036215305, 1.37333524227, 0.489542841911, 0.181674331427, 0.11659450829, 0.0907884165645, 0.0307548400015, 0.0067849769257, 0.00476229004562, 0.00237587559968, 0.00128801981919, 0.000784636940807, 0.000458157301182, 0.000247312273132, 0.000113711335871, 3.995356019e-05, 2.25205039897e-05, 3.59617661161e-05],
        "dmean2": [0.385337948799, 10.1429357529, 43.3444442749, 12.4957151413, 73.1707382202, 28.4400730133, 6.92095756531, 4.21818876266, 2.26641178131, 7.07806444168, 17.6702308655, 13.3659667969, 10.2371873856, 5.85254859924, 6.88878393173, 5.13792943954, 1.03195822239, 3.26146221161, 7.85074424744, 8.18039226532, 6.77050065994, 5.35024452209, 2.22304534912, 2.36668729782, 0.86433082819, 0.287470698357, 0.191838175058, 0.137708872557, 0.0470520853996, 0.0107459658757, 0.00746958190575, 0.00344122969545, 0.00181479705498, 0.0010748594068, 0.00062186922878, 0.000333329138812, 0.000152430613525, 5.37644700671e-05, 3.41384293279e-05, 5.92821015744e-05],
        "dvar": [0.0300761442631, 19.7904510498, 359.539886475, 32.2935752869, 2040.91625977, 232.039474487, 14.543097496, 4.77190685272, 1.22389793396, 13.6695718765, 161.326263428, 96.3359451294, 31.4906806946, 9.01291275024, 12.8023843765, 7.5666885376, 0.486353874207, 6.20415687561, 48.7410964966, 263.927612305, 56.2153396606, 17.6790885925, 1.72482872009, 1.79432570934, 0.257876455784, 0.0337382480502, 0.0215927064419, 0.006888251286, 0.000865984766278, 0.000327674875734, 0.000216205866309, 0.000140356831253, 7.07199069439e-05, 3.25978508044e-05, 1.33894927785e-05, 4.13160296375e-06, 9.09255675197e-07, 1.17376025344e-07, 5.99258642708e-09, 6.66132038418e-10],
        "dvar2": [0.0759469419718, 52.9266700745, 937.685058594, 86.2363967896, 5099.37109375, 603.303894043, 42.0348892212, 13.8530073166, 3.99998188019, 40.1676521301, 502.129394531, 272.931793213, 70.1249542236, 22.1523208618, 33.7246284485, 19.1161155701, 1.18988728523, 16.3319072723, 85.5597076416, 759.202209473, 150.40461731, 47.2349433899, 3.94191741943, 4.88220691681, 0.672585070133, 0.072803363204, 0.0596194751561, 0.0157168339938, 0.00217062863521, 0.000436305941548, 0.000262294226559, 0.00016005319776, 8.24824819574e-05, 3.80579840566e-05, 1.54993194883e-05, 4.77513594888e-06, 1.05169294784e-06, 1.35487738362e-07, 7.17729031763e-09, 1.8434044291e-09],
        "max": [1.39043807983, 25.485666275, 119.051902771, 46.8417015076, 447.725738525, 109.055511475, 27.9014072418, 13.2966070175, 7.10316467285, 21.8347511292, 86.0371551514, 67.5138626099, 35.7452735901, 20.205657959, 27.769487381, 21.5726566315, 4.46540737152, 27.2963504791, 81.37840271, 151.464874268, 76.5097808838, 38.1593017578, 9.89423179626, 8.32304668427, 2.81432509422, 2.12203097343, 1.21969306469, 0.906158208847, 0.340940028429, 0.231211811304, 0.170994848013, 0.139657944441, 0.0968787744641, 0.065402135253, 0.0417574495077, 0.0232459735125, 0.0108716096729, 0.00390179827809, 0.000926886685193, 0.000199023663299],
        "mean": [0.369139522314, 9.92064476013, 46.6899261475, 19.08344841, 72.7690505981, 26.420671463, 6.30661821365, 3.50538802147, 2.26577496529, 5.44275283813, 13.7698287964, 9.92554187775, 9.57751655579, 6.02493000031, 6.01211833954, 4.24695730209, 1.04886841774, 3.40153050423, 7.89030313492, 5.85911607742, 6.56466627121, 5.57533407211, 2.58899235725, 2.52756404877, 0.923067212105, 0.414584875107, 0.243579030037, 0.221194759011, 0.0733088180423, 0.0147189702839, 0.00719263125211, 0.00416440144181, 0.00233655702323, 0.00133473111782, 0.000711483939085, 0.000394132890506, 0.0001716959232, 5.48206262465e-05, 5.50813456357e-05, 0.00010439100879],
        "median": [0.339777499437, 8.91762447357, 42.9394073486, 18.723947525, 56.2186126709, 21.6556053162, 5.10167551041, 2.87487339973, 1.95907592773, 4.26254844666, 8.57556629181, 6.89726829529, 7.72874641418, 5.10107898712, 5.00178050995, 2.9838643074, 0.822515487671, 2.26948547363, 4.48604106903, 3.63364052773, 5.07502794266, 4.52906942368, 2.12757015228, 2.07002735138, 0.768707215786, 0.321414709091, 0.206998512149, 0.193387553096, 0.0622448287904, 0.0112450793386, 0.00371534237638, 0.00195160391741, 0.00099925592076, 0.00042639838648, 0.000176525383722, 0.000105651968624, 3.86872088711e-05, 6.38958363197e-06, 4.39723407908e-05, 0.000102578058431],
        "min": [0.00506767490879, 0.0750063210726, 0.443480461836, 1.34999835491, 2.60218095779, 2.48431444168, 0.804421126842, 0.464668393135, 0.486159920692, 0.650158882141, 0.32513192296, 0.724651575089, 0.862589657307, 1.15215790272, 0.625247240067, 0.362532943487, 0.120357468724, 0.384045958519, 0.687327921391, 0.650286078453, 0.413240462542, 0.179979711771, 0.170823916793, 0.221572488546, 0.157806843519, 0.0622210875154, 0.0314765609801, 0.0326548665762, 0.0101235676557, 0.00300202122889, 0.000857264909428, 0.000580768974032, 0.000236010193476, 0.00017255343846, 8.56894184835e-05, 4.46368539997e-05, 1.49714551299e-05, 3.33907519234e-06, 1.08385220301e-05, 2.23407878366e-05],
        "var": [0.0598390735686, 35.0388298035, 849.706481934, 61.5717163086, 4249.29541016, 384.945983887, 21.2854824066, 6.90392589569, 1.5118086338, 16.824552536, 201.356750488, 87.2225799561, 55.5293731689, 12.8495569229, 16.8973922729, 12.3634853363, 0.648541808128, 10.7573575974, 104.25138092, 159.109985352, 52.0417785645, 20.9676036835, 3.11676478386, 2.71832084656, 0.326308190823, 0.103521309793, 0.0282945688814, 0.0201095212251, 0.00209806417115, 0.000467313890113, 0.00027721025981, 0.000169663180714, 8.32883742987e-05, 3.82465150324e-05, 1.54507215484e-05, 4.72424926556e-06, 1.03507409221e-06, 1.338019473e-07, 6.91135015884e-09, 1.21998877667e-09]
    },
    "gfcc": {
        "mean": [-81.5535736084, 208.697509766, -106.828666687, 43.4310493469, -1.56466281414, -13.5838327408, -2.72712469101, -4.63043355942, -6.76286745071, -23.4203567505, -20.7635669708, -18.6378288269, 0.527056336403],
        "cov": [[306.594024658, -83.6481018066, -105.605300903, -21.5979099274, -68.9100341797, 23.5702152252, -33.8745651245, 10.0769033432, -33.9987602234, -17.2279243469, -39.2932319641, -40.1001853943, -24.4185409546], [-83.6481018066, 224.479476929, -36.2259864807, 10.4663114548, 61.59217453, -57.0142784119, 63.7703514099, -5.05269765854, 37.9197120667, -9.15489673615, 26.1451377869, 3.97381830215, 35.1168441772], [-105.605300903, -36.2259864807, 242.500473022, -0.432963877916, 21.7352142334, 4.53631210327, -6.41945028305, 5.13003110886, 8.69468784332, 28.9463214874, 32.1000862122, 46.4106407166, -12.0993471146], [-21.5979099274, 10.4663114548, -0.432963877916, 57.7147064209, 26.7183895111, -14.4436292648, 0.954244792461, -1.12132549286, 16.1886234283, -9.58945846558, 2.4308321476, -7.00803041458, 1.38897585869], [-68.9100341797, 61.59217453, 21.7352142334, 26.7183895111, 89.301651001, -8.29874420166, 10.333237648, -8.09453582764, 27.8051700592, 16.256986618, 25.3129234314, 16.3539524078, 14.8699560165], [23.5702152252, -57.0142784119, 4.53631210327, -14.4436292648, -8.29874420166, 57.1573562622, 1.22170209885, 3.89617061615, -1.50632321835, 7.18757009506, -4.83122968674, -2.73412132263, -14.4523668289], [-33.8745651245, 63.7703514099, -6.41945028305, 0.954244792461, 10.333237648, 1.22170209885, 61.541809082, 20.4845027924, 16.498632431, -5.71999502182, 4.02944326401, 3.4086356163, 9.34611225128], [10.0769033432, -5.05269765854, 5.13003110886, -1.12132549286, -8.09453582764, 3.89617061615, 20.4845027924, 45.8102722168, 20.6841659546, -4.43580055237, -0.801218390465, 0.21257533133, -2.66956782341], [-33.9987602234, 37.9197120667, 8.69468784332, 16.1886234283, 27.8051700592, -1.50632321835, 16.498632431, 20.6841659546, 52.3833084106, 13.7160730362, 9.57014465332, 6.23225688934, 4.54212188721], [-17.2279243469, -9.15489673615, 28.9463214874, -9.58945846558, 16.256986618, 7.18757009506, -5.71999502182, -4.43580055237, 13.7160730362, 43.104385376, 12.5058956146, 11.7862119675, 7.89545488358], [-39.2932319641, 26.1451377869, 32.1000862122, 2.4308321476, 25.3129234314, -4.83122968674, 4.02944326401, -0.801218390465, 9.57014465332, 12.5058956146, 33.9579696655, 18.6088752747, 0.624127984047], [-40.1001853943, 3.97381830215, 46.4106407166, -7.00803041458, 16.3539524078, -2.73412132263, 3.4086356163, 0.21257533133, 6.23225688934, 11.7862119675, 18.6088752747, 42.6478347778, 11.2514734268], [-24.4185409546, 35.1168441772, -12.0993471146, 1.38897585869, 14.8699560165, -14.4523668289, 9.34611225128, -2.66956782341, 4.54212188721, 7.89545488358, 0.624127984047, 11.2514734268, 33.1653175354]],
        "icov": [[0.00586586212739, -0.00234713871032, 0.00249484507367, -0.00175374641549, 0.00207992712967, -0.0028057124, 0.00500933267176, -0.00588687043637, 0.00519544817507, -0.00379290780984, 0.00425693625584, -0.00132220389787, 0.00430688634515], [-0.00234713871032, 0.0338641777635, -0.000289472576696, 0.0232929904014, -0.0121463853866, 0.0280279349536, -0.0312336236238, 0.028850171715, -0.0304220505059, 0.0247758831829, -0.0242270696908, 0.0205393340439, -0.0181264411658], [0.00249484507367, -0.000289472576696, 0.00758143607527, -0.00232241675258, 0.000194138818188, 0.000283972127363, 0.00135040073656, -0.0039013880305, 0.00391383841634, -0.00582758476958, 0.000954290328082, -0.00785159412771, 0.00784566439688], [-0.00175374641549, 0.0232929904014, -0.00232241675258, 0.0438734851778, -0.0160553343594, 0.0233088526875, -0.0185091663152, 0.0235180836171, -0.0314188152552, 0.0289855115116, -0.0167990066111, 0.0225642137229, -0.0141110876575], [0.00207992712967, -0.0121463853866, 0.000194138818188, -0.0160553343594, 0.0266582630575, -0.0125689581037, 0.00980453658849, -0.00319378497079, 0.00294177606702, -0.0102940481156, -0.00299418065697, -0.00767691340297, -0.000605396809988], [-0.0028057124, 0.0280279349536, 0.000283972127363, 0.0233088526875, -0.0125689581037, 0.047070287168, -0.0297834929079, 0.0229407176375, -0.0236758869141, 0.012473911047, -0.0120774684474, 0.0137622123584, -0.00039742491208], [0.00500933267176, -0.0312336236238, 0.00135040073656, -0.0185091663152, 0.00980453658849, -0.0297834929079, 0.0532615296543, -0.0365188419819, 0.0248053055257, -0.0154158174992, 0.0186192691326, -0.0162729043514, 0.00814710743725], [-0.00588687043637, 0.028850171715, -0.0039013880305, 0.0235180836171, -0.00319378497079, 0.0229407176375, -0.0365188419819, 0.0639199838042, -0.0471817217767, 0.0306080915034, -0.023178871721, 0.018215443939, -0.0169937368482], [0.00519544817507, -0.0304220505059, 0.00391383841634, -0.0314188152552, 0.00294177606702, -0.0236758869141, 0.0248053055257, -0.0471817217767, 0.0685665905476, -0.0402025915682, 0.025731600821, -0.0224797949195, 0.0236793402582], [-0.00379290780984, 0.0247758831829, -0.00582758476958, 0.0289855115116, -0.0102940481156, 0.012473911047, -0.0154158174992, 0.0306080915034, -0.0402025915682, 0.0617762729526, -0.0306769125164, 0.0215383283794, -0.0314376205206], [0.00425693625584, -0.0242270696908, 0.000954290328082, -0.0167990066111, -0.00299418065697, -0.0120774684474, 0.0186192691326, -0.023178871721, 0.025731600821, -0.0306769125164, 0.0734658315778, -0.034562908113, 0.0329274609685], [-0.00132220389787, 0.0205393340439, -0.00785159412771, 0.0225642137229, -0.00767691340297, 0.0137622123584, -0.0162729043514, 0.018215443939, -0.0224797949195, 0.0215383283794, -0.034562908113, 0.058511082083, -0.0322882086039], [0.00430688634515, -0.0181264411658, 0.00784566439688, -0.0141110876575, -0.000605396809988, -0.00039742491208, 0.00814710743725, -0.0169937368482, 0.0236793402582, -0.0314376205206, 0.0329274609685, -0.0322882086039, 0.0669791921973]]
    },
    "melbands": {
        "dmean": [0.00353867164813, 0.0114349527285, 0.00205210316926, 0.00250331009738, 0.00015518082364, 5.57476414542e-05, 2.40259996644e-05, 3.71812202502e-05, 0.000107923966425, 4.23017372668e-05, 3.27757843479e-05, 1.62668220582e-05, 1.15987204481e-05, 1.62531941896e-05, 1.88632793652e-06, 1.82200994914e-06, 3.76127422896e-06, 9.49698642216e-06, 4.80943663206e-06, 7.10874019205e-06, 4.45330806542e-06, 3.55793986273e-06, 2.18749823944e-06, 1.19502453799e-06, 1.19992796499e-06, 5.3576263781e-07, 2.05377972406e-07, 1.3029212198e-07, 6.09408843388e-08, 7.49557997892e-08, 4.96974053021e-08, 2.14898836504e-08, 6.98595981063e-09, 3.78803122203e-09, 3.25140869784e-09, 1.85076087789e-09, 1.33987199114e-09, 9.96961069255e-10, 7.5908279662e-10, 6.48484432819e-10],
        "dmean2": [0.00625206017867, 0.018965408206, 0.00351825286634, 0.00427429191768, 0.000265272450633, 9.43467093748e-05, 4.25778343924e-05, 6.63818427711e-05, 0.000181194278412, 7.21624383004e-05, 5.34298196726e-05, 2.78861516563e-05, 2.00545291591e-05, 2.76098980976e-05, 3.25511177834e-06, 3.15139573104e-06, 6.1046821429e-06, 1.49166089614e-05, 8.1934440459e-06, 1.24804519146e-05, 7.1831373134e-06, 5.75140529691e-06, 3.41658073921e-06, 1.92115521713e-06, 2.08893220588e-06, 9.59008161772e-07, 3.28924386395e-07, 2.01701496394e-07, 1.0324092159e-07, 1.20431792539e-07, 7.65261063407e-08, 3.30229568135e-08, 1.09412718885e-08, 6.31394181383e-09, 5.24379029088e-09, 2.71158451248e-09, 1.96834437638e-09, 1.44964951154e-09, 1.06646425024e-09, 8.90815643473e-10],
        "dvar": [7.34542345526e-06, 6.5401509346e-05, 4.28559724241e-06, 6.10062033957e-06, 2.60758703519e-08, 2.12694817314e-09, 4.70189498447e-10, 1.20554177752e-09, 1.70822485046e-08, 2.79472112119e-09, 8.23539847428e-10, 2.1107103565e-10, 1.06656232457e-10, 2.28004212732e-10, 4.17247963611e-12, 4.6159330698e-12, 2.03229499202e-11, 1.95696431282e-10, 2.04852260155e-10, 4.4780446018e-10, 4.52749053526e-11, 2.40442613736e-11, 5.0108567469e-12, 1.15551524512e-12, 1.4781461645e-12, 3.49206611978e-13, 3.41581180929e-14, 2.52668318803e-14, 6.13190486275e-15, 5.69151041062e-15, 2.39126506614e-15, 4.49686827082e-16, 9.58247711484e-17, 1.04984281038e-16, 7.18190964171e-17, 6.0953139394e-17, 5.03190212443e-17, 3.53851587136e-17, 2.73101405101e-17, 2.19718245479e-17],
        "dvar2": [1.88516769413e-05, 0.000178546077223, 1.14706572276e-05, 1.48869457917e-05, 7.96081067733e-08, 6.06311711948e-09, 1.54535695351e-09, 3.51848239433e-09, 5.26799794898e-08, 7.81703946018e-09, 1.82177495311e-09, 5.28395383004e-10, 3.03888691988e-10, 5.70337610473e-10, 1.11464283983e-11, 1.1551313725e-11, 5.4405743799e-11, 3.52304047047e-10, 5.93615268052e-10, 1.26997212746e-09, 1.17444248771e-10, 6.51203188595e-11, 1.21344176027e-11, 3.01908172941e-12, 4.0063885369e-12, 9.68229511324e-13, 7.78108995422e-14, 5.50609396673e-14, 1.65810748243e-14, 1.43395393487e-14, 5.35603327098e-15, 1.18691741108e-15, 1.62258796046e-16, 1.39269871872e-16, 9.07210204469e-17, 6.8771399081e-17, 5.79923357269e-17, 4.12558017959e-17, 3.22143305802e-17, 2.54439863066e-17],
        "max": [0.0177226867527, 0.0537102334201, 0.0222314745188, 0.0223871972412, 0.00119359104428, 0.000279226020211, 0.000136966205901, 0.000202868366614, 0.000901890278328, 0.000354012881871, 0.000174016633537, 9.25615531742e-05, 7.07707149559e-05, 0.00013579701772, 1.46813899846e-05, 1.26851964524e-05, 4.13505295001e-05, 0.000169534410816, 0.00013392730034, 0.000200598209631, 6.95293056197e-05, 4.53070279036e-05, 1.31310143843e-05, 9.46155159909e-06, 7.52251253289e-06, 3.50488357981e-06, 1.39763812967e-06, 1.77371043719e-06, 6.45211059691e-07, 5.72759063289e-07, 5.33469233233e-07, 1.89641383486e-07, 1.48412070189e-07, 1.1908067421e-07, 9.71772422531e-08, 9.1883869402e-08, 8.32719351251e-08, 6.85091450237e-08, 5.97109917067e-08, 5.37560715941e-08],
        "mean": [0.00601545115933, 0.0208295192569, 0.0054872171022, 0.00401808135211, 0.000243010159465, 7.92198698036e-05, 4.0116821765e-05, 5.13995546498e-05, 0.000137250914122, 5.27056363353e-05, 4.88213954668e-05, 2.72495490208e-05, 1.69499817275e-05, 2.08107885555e-05, 2.91719015877e-06, 2.56668454313e-06, 5.87934755458e-06, 1.46627298818e-05, 6.39050267637e-06, 8.45076556288e-06, 7.40033874536e-06, 5.62239756619e-06, 3.60199760507e-06, 2.10483517549e-06, 2.13401312976e-06, 8.22497156605e-07, 4.0944473767e-07, 2.49446316047e-07, 1.25811524754e-07, 1.6121309443e-07, 1.17001690114e-07, 4.60756623966e-08, 1.4969012696e-08, 5.28857713178e-09, 4.35418900935e-09, 2.98525759668e-09, 2.31400676398e-09, 1.68032388004e-09, 1.25260890549e-09, 1.02911545952e-09],
        "median": [0.00568583793938, 0.0191791392863, 0.00493832910433, 0.00325426040217, 0.000205674528843, 6.53865135973e-05, 3.48092726199e-05, 3.98808006139e-05, 8.1029444118e-05, 3.78832519345e-05, 3.92457659473e-05, 2.23402566917e-05, 1.48484868987e-05, 1.41833061207e-05, 2.31089461522e-06, 1.75557067905e-06, 4.02765181207e-06, 8.19201795821e-06, 4.43083354185e-06, 5.13979921379e-06, 5.65482423553e-06, 4.50734751212e-06, 2.82865607915e-06, 1.68390818089e-06, 1.77010281277e-06, 6.35684841654e-07, 3.54724278395e-07, 1.5658912389e-07, 9.99737608254e-08, 1.39105992503e-07, 9.52177217073e-08, 3.93728463166e-08, 1.18566321206e-08, 3.26940519102e-09, 2.13925144266e-09, 1.35815614311e-09, 1.02601038776e-09, 7.0522754303e-10, 4.20835061243e-10, 2.8319274703e-10],
        "min": [6.06313187745e-05, 0.000189368496649, 0.000272336183116, 0.000197178727831, 3.0363940823e-05, 8.92388106877e-06, 8.03050897957e-06, 5.44387012269e-06, 2.27153532251e-06, 4.57724900116e-06, 3.91053072235e-06, 4.60082264908e-06, 1.71905651314e-06, 1.80245012871e-06, 4.12311578657e-07, 1.81435012792e-07, 7.8063391129e-07, 1.01343744063e-06, 5.74390924157e-07, 7.98693008619e-07, 4.05681447546e-07, 1.74949164489e-07, 1.71104261426e-07, 1.31367812628e-07, 1.8418251102e-07, 9.59606509809e-08, 8.13011382661e-08, 2.77540621596e-08, 1.43528238183e-08, 2.48698324157e-08, 1.31229693778e-08, 4.99218710814e-09, 2.35927966052e-09, 5.00542829407e-10, 4.33071717376e-10, 3.93962612533e-10, 2.12396863986e-10, 1.13001497049e-10, 1.03070829649e-10, 6.63369637e-11],
        "var": [1.1328113942e-05, 0.000155602319865, 7.45308170735e-06, 1.19476762848e-05, 2.93120017147e-08, 3.48185702492e-09, 5.62681568006e-10, 1.46124723432e-09, 2.07380299599e-08, 2.43662223731e-09, 1.47774870118e-09, 2.97421365314e-10, 1.26182092552e-10, 3.86026405286e-10, 4.3503837685e-12, 5.48400127393e-12, 2.9429545606e-11, 4.14010853378e-10, 1.26347834972e-10, 2.84780504733e-10, 5.27512512838e-11, 2.49768955518e-11, 7.42125111364e-12, 2.43891083544e-12, 2.05908228836e-12, 3.57669243615e-13, 6.96784549004e-14, 6.55621526036e-14, 8.74659096236e-15, 9.5202301988e-15, 6.5490512251e-15, 8.74971270228e-16, 2.27005650427e-16, 1.2822274906e-16, 9.28672364991e-17, 7.60192879571e-17, 5.97757040403e-17, 4.18744468673e-17, 3.2169616505e-17, 2.57269432875e-17]
    },
    "mfcc": {
        "mean": [-728.784118652, 229.78742981, -18.2616920471, 65.077835083, 21.6257915497, 11.2490234375, 11.5268383026, 14.931427002, 23.0016231537, -0.501933097839, -0.651710093021, -7.89282941818, -10.4433727264],
        "cov": [[363.959960938, -57.4735336304, -143.928939819, -29.1924552917, -73.485496521, -7.37025308609, -21.5636329651, 3.46188640594, -1.89723587036, 17.7548370361, -12.8697462082, -17.0559902191, -58.0305290222], [-57.4735336304, 167.429718018, -15.1821422577, 29.5099182129, 9.37111854553, -17.9345531464, 20.1450939178, -3.86429357529, 24.7550773621, -19.5689163208, 15.9346647263, 15.4927005768, 23.9867935181], [-143.928939819, -15.1821422577, 180.501022339, -3.23567390442, 23.1082839966, 1.91755092144, 1.44228327274, 9.62753582001, -22.7138500214, -4.08095741272, 5.72968912125, 15.8404169083, 31.4500236511], [-29.1924552917, 29.5099182129, -3.23567390442, 79.0796661377, 27.1366577148, -13.2804489136, -0.982677400112, 3.16501641273, 9.26936817169, -1.45644330978, 1.97537231445, 3.95988893509, 2.905367136], [-73.485496521, 9.37111854553, 23.1082839966, 27.1366577148, 80.1745071411, 15.7367630005, -7.57642745972, -8.16204357147, -11.9321107864, 3.06461286545, 5.90701627731, 5.75956201553, 26.7941837311], [-7.37025308609, -17.9345531464, 1.91755092144, -13.2804489136, 15.7367630005, 51.3444099426, 2.073366642, -8.05575084686, -7.16171312332, 3.93238854408, 11.1445360184, -5.77663135529, -5.59500074387], [-21.5636329651, 20.1450939178, 1.44228327274, -0.982677400112, -7.57642745972, 2.073366642, 36.8042755127, 5.73726844788, 0.866223335266, -3.81305575371, -1.6680444479, 0.264704823494, 0.267337888479], [3.46188640594, -3.86429357529, 9.62753582001, 3.16501641273, -8.16204357147, -8.05575084686, 5.73726844788, 55.7845115662, 14.3266439438, 2.32814240456, 5.57455825806, 15.8067302704, 2.26352858543], [-1.89723587036, 24.7550773621, -22.7138500214, 9.26936817169, -11.9321107864, -7.16171312332, 0.866223335266, 14.3266439438, 51.2694740295, 6.32624769211, 1.48797225952, 4.77732038498, 1.42699611187], [17.7548370361, -19.5689163208, -4.08095741272, -1.45644330978, 3.06461286545, 3.93238854408, -3.81305575371, 2.32814240456, 6.32624769211, 44.7881889343, 7.1741642952, -4.59000492096, -0.272270858288], [-12.8697462082, 15.9346647263, 5.72968912125, 1.97537231445, 5.90701627731, 11.1445360184, -1.6680444479, 5.57455825806, 1.48797225952, 7.1741642952, 37.2913017273, 10.7476396561, -1.0383259058], [-17.0559902191, 15.4927005768, 15.8404169083, 3.95988893509, 5.75956201553, -5.77663135529, 0.264704823494, 15.8067302704, 4.77732038498, -4.59000492096, 10.7476396561, 36.6197509766, 17.758600235], [-58.0305290222, 23.9867935181, 31.4500236511, 2.905367136, 26.7941837311, -5.59500074387, 0.267337888479, 2.26352858543, 1.42699611187, -0.272270858288, -1.0383259058, 17.758600235, 54.1567306519]],
