{
"lowlevel": {
    "average_loudness": 0.987004637718,
    "barkbands_crest": {
        "dmean": 4.48961305618,
        "dmean2": 7.71788311005,
        "dvar": 10.6308374405,
        "dvar2": 33.1120109558,
        "max": 22.4565258026,
        "mean": 12.3216276169,
        "median": 12.0000085831,
        "min": 4.68581056595,
        "var": 17.9483203888
    },
    "barkbands_flatness_db": {
        "dmean": 0.0312310904264,
        "dmean2": 0.0529212094843,
        "dvar": 0.000532733800355,
        "dvar2": 0.00150212389417,
        "max": 0.312575936317,
        "mean": 0.221685916185,
        "median": 0.219632640481,
        "min": 0.126672014594,
        "var": 0.000944471743423
    },
    "barkbands_kurtosis": {
        "dmean": 3.73499560356,
        "dmean2": 6.48218727112,
        "dvar": 12.278758049,
        "dvar2": 34.4509277344,
        "max": 29.300567627,
        "mean": 3.8088824749,
        "median": 2.89624547958,
        "min": -1.54804563522,
        "var": 16.3456554413
    },
    "barkbands_skewness": {
        "dmean": 0.770610570908,
        "dmean2": 1.32559287548,
        "dvar": 0.351605057716,
        "dvar2": 1.01299440861,
        "max": 5.02703857422,
        "mean": 1.99755585194,
        "median": 1.93237125874,
        "min": 0.119071193039,
        "var": 0.589365005493
    },
    "barkbands_spread": {
        "dmean": 6.13802146912,
        "dmean2": 10.4565839767,
        "dvar": 25.9603404999,
        "dvar2": 78.0147247314,
        "max": 38.7223510742,
        "mean": 17.9425907135,
        "median": 17.4828014374,
        "min": 4.07419872284,
        "var": 41.8314552307
    },
    "dissonance": {
        "dmean": 0.0157324057072,
        "dmean2": 0.0268748793751,
        "dvar": 0.000177759837243,
        "dvar2": 0.000433132459875,
        "max": 0.499810159206,
        "mean": 0.476060181856,
        "median": 0.480126291513,
        "min": 0.307434082031,
        "var": 0.000273995101452
    },
    "dynamic_complexity": 0.763658046722,
    "erbbands_crest": {
        "dmean": 2.78477668762,
        "dmean2": 4.770424366,
        "dvar": 4.9146604538,
        "dvar2": 15.5864505768,
        "max": 20.744758606,
        "mean": 10.4924983978,
        "median": 10.2335720062,
        "min": 4.32446861267,
        "var": 9.22452735901
    },
    "erbbands_flatness_db": {
        "dmean": 0.0122068496421,
        "dmean2": 0.0204045847058,
        "dvar": 0.000110151289846,
        "dvar2": 0.000288614130113,
        "max": 0.275434911251,
        "mean": 0.225513473153,
        "median": 0.225552141666,
        "min": 0.105814807117,
        "var": 0.000227093463764
    },
    "erbbands_kurtosis": {
        "dmean": 0.692344903946,
        "dmean2": 1.23432695866,
        "dvar": 0.493175685406,
        "dvar2": 1.45474660397,
        "max": 2.56013822556,
        "mean": -0.844492316246,
        "median": -1.08344304562,
        "min": -1.71970307827,
        "var": 0.540964961052
    },
    "erbbands_skewness": {
        "dmean": 0.436080902815,
        "dmean2": 0.748120486736,
        "dvar": 0.10481197387,
        "dvar2": 0.332120329142,
        "max": 0.384838342667,
        "mean": -0.583915948868,
        "median": -0.549666881561,
        "min": -1.89869260788,
        "var": 0.184508502483
    },
    "erbbands_spread": {
        "dmean": 7.84853124619,
        "dmean2": 12.9314870834,
        "dvar": 36.8773040771,
        "dvar2": 110.375175476,
        "max": 61.8149032593,
        "mean": 41.4367599487,
        "median": 41.0879898071,
        "min": 22.3917446136,
        "var": 56.5188560486
    },
    "hfc": {
        "dmean": 6.27250576019,
        "dmean2": 10.2658939362,
        "dvar": 41.7791366577,
        "dvar2": 117.835983276,
        "max": 69.8664321899,
        "mean": 23.8712749481,
        "median": 22.3532772064,
        "min": 0.955461084843,
        "var": 82.1004180908
    },
    "melbands_crest": {
        "dmean": 4.48782062531,
        "dmean2": 7.89045763016,
        "dvar": 11.8645248413,
        "dvar2": 33.2814369202,
        "max": 27.5647220612,
        "mean": 15.7889690399,
        "median": 15.8426351547,
        "min": 5.48557281494,
        "var": 17.9606533051
    },
    "melbands_flatness_db": {
        "dmean": 0.0387217365205,
        "dmean2": 0.0648956298828,
        "dvar": 0.000816339743324,
        "dvar2": 0.00242439541034,
        "max": 0.423289507627,
        "mean": 0.315330862999,
        "median": 0.315032124519,
        "min": 0.199819177389,
        "var": 0.00149260065518
    },
    "melbands_kurtosis": {
        "dmean": 10.9961204529,
        "dmean2": 19.2727584839,
        "dvar": 95.1497039795,
        "dvar2": 260.682006836,
        "max": 68.8444824219,
        "mean": 16.5103130341,
        "median": 13.8822822571,
        "min": 0.0413956642151,
        "var": 129.29850769
    },
    "melbands_skewness": {
        "dmean": 1.15930616856,
        "dmean2": 2.0014629364,
        "dvar": 0.760125815868,
        "dvar2": 2.17557930946,
        "max": 7.61363697052,
        "mean": 3.61960816383,
        "median": 3.52692174911,
        "min": 1.16184544563,
        "var": 1.25231862068
    },
    "melbands_spread": {
        "dmean": 7.15781927109,
        "dmean2": 12.4151067734,
        "dvar": 43.7151985168,
        "dvar2": 125.281478882,
        "max": 48.3083496094,
        "mean": 14.8580780029,
        "median": 13.2268972397,
        "min": 2.74636125565,
        "var": 59.3639183044
    },
    "pitch_salience": {
        "dmean": 0.121406376362,
        "dmean2": 0.213318109512,
        "dvar": 0.00869030598551,
        "dvar2": 0.0258244350553,
        "max": 0.766995728016,
        "mean": 0.494075417519,
        "median": 0.505186021328,
        "min": 0.170822203159,
        "var": 0.0132987899706
    },
    "silence_rate_20dB": {
        "dmean": 0,
        "dmean2": 0,
        "dvar": 0,
        "dvar2": 0,
        "max": 1,
        "mean": 1,
        "median": 1,
        "min": 1,
        "var": 0
    },
    "silence_rate_30dB": {
        "dmean": 0,
        "dmean2": 0,
        "dvar": 0,
        "dvar2": 0,
        "max": 1,
        "mean": 1,
        "median": 1,
        "min": 1,
        "var": 0
    },
    "silence_rate_60dB": {
        "dmean": 0,
        "dmean2": 0,
        "dvar": 0,
        "dvar2": 0,
        "max": 0,
        "mean": 0,
        "median": 0,
        "min": 0,
        "var": 0
    },
    "spectral_centroid": {
        "dmean": 250.068832397,
        "dmean2": 425.437835693,
        "dvar": 36411.9804688,
        "dvar2": 108057.59375,
        "max": 1890.97766113,
        "mean": 1069.94238281,
        "median": 1054.78894043,
        "min": 498.862518311,
        "var": 70897.390625
    },
    "spectral_complexity": {
        "dmean": 3.25,
        "dmean2": 5.13927555084,
        "dvar": 7.6875,
        "dvar2": 17.5070590973,
        "max": 40,
        "mean": 23.6121883392,
        "median": 24,
        "min": 1,
        "var": 23.3454647064
    },
    "spectral_decrease": {
        "dmean": 6.75631151026e-09,
        "dmean2": 1.19350485051e-08,
        "dvar": 2.37298017253e-17,
        "dvar2": 6.6318841652e-17,
        "max": -6.66051436227e-10,
        "mean": -1.61654458708e-08,
        "median": -1.57133062118e-08,
        "min": -3.09533660925e-08,
        "var": 3.15979188964e-17
    },
    "spectral_energy": {
        "dmean": 0.0257412940264,
        "dmean2": 0.0454971194267,
        "dvar": 0.000345104344888,
        "dvar2": 0.000959415978286,
        "max": 0.121474146843,
        "mean": 0.0631771534681,
        "median": 0.0621987469494,
        "min": 0.0026004971005,
        "var": 0.000462073076051
    },
    "spectral_energyband_high": {
        "dmean": 3.16597470373e-05,
        "dmean2": 4.84499578306e-05,
        "dvar": 1.00174912809e-09,
        "dvar2": 2.41978992399e-09,
        "max": 0.000442852353444,
        "mean": 0.000121698991279,
        "median": 0.00010883937648,
        "min": 1.79659164132e-05,
        "var": 3.6687330951e-09
    },
    "spectral_energyband_low": {
        "dmean": 0.0247305706143,
        "dmean2": 0.0443459711969,
        "dvar": 0.000357288459782,
        "dvar2": 0.000999702024274,
        "max": 0.106718763709,
        "mean": 0.0378797575831,
        "median": 0.0346545465291,
        "min": 0.00141215021722,
        "var": 0.000450508785434
    },
    "spectral_energyband_middle_high": {
        "dmean": 0.00256831827573,
        "dmean2": 0.00422854954377,
        "dvar": 7.33183196644e-06,
        "dvar2": 2.11702026718e-05,
        "max": 0.0258091185242,
        "mean": 0.00697661284357,
        "median": 0.00622906768695,
        "min": 0.000215160020161,
        "var": 1.30116950459e-05
    },
    "spectral_energyband_middle_low": {
        "dmean": 0.00888542365283,
        "dmean2": 0.0153954140842,
        "dvar": 5.54164253117e-05,
        "dvar2": 0.000148333885591,
        "max": 0.0623955354095,
        "mean": 0.0192050039768,
        "median": 0.0173691492528,
        "min": 0.00124178698752,
        "var": 9.01321109268e-05
    },
    "spectral_entropy": {
        "dmean": 0.125406190753,
        "dmean2": 0.207773849368,
        "dvar": 0.00966211687773,
        "dvar2": 0.025586521253,
        "max": 7.44489479065,
        "mean": 7.10237073898,
        "median": 7.10009813309,
        "min": 6.66685438156,
        "var": 0.0221436265856
    },
    "spectral_flux": {
        "dmean": 0.0359927974641,
        "dmean2": 0.0613279156387,
        "dvar": 0.000770527869463,
        "dvar2": 0.00196721754037,
        "max": 0.304989337921,
        "mean": 0.149164527655,
        "median": 0.146623760462,
        "min": 0.068679228425,
        "var": 0.00123642291874
    },
    "spectral_kurtosis": {
        "dmean": 3.90071725845,
        "dmean2": 6.92089557648,
        "dvar": 10.0364265442,
        "dvar2": 29.8802032471,
        "max": 32.1962051392,
        "mean": 7.32742214203,
        "median": 6.89002418518,
        "min": 1.62692308426,
        "var": 14.1427049637
    },
    "spectral_rms": {
        "dmean": 0.00163696950767,
        "dmean2": 0.00287381955422,
        "dvar": 1.40374902458e-06,
        "dvar2": 3.86258034268e-06,
        "max": 0.0108862929046,
        "mean": 0.00772698037326,
        "median": 0.00778984604403,
        "min": 0.00159281829838,
        "var": 1.93000664694e-06
    },
    "spectral_rolloff": {
        "dmean": 558.965820312,
        "dmean2": 1007.8614502,
        "dvar": 366605.5,
        "dvar2": 926517.5625,
        "max": 2454.78515625,
        "mean": 757.599487305,
        "median": 495.263671875,
        "min": 107.666015625,
        "var": 428510.84375
    },
    "spectral_skewness": {
        "dmean": 0.347328603268,
        "dmean2": 0.613159716129,
        "dvar": 0.080241844058,
        "dvar2": 0.231005787849,
        "max": 4.21729516983,
        "mean": 1.46029937267,
        "median": 1.41947174072,
        "min": 0.758654713631,
        "var": 0.145270958543
    },
    "spectral_spread": {
        "dmean": 162073.75,
        "dmean2": 270705.1875,
        "dvar": 69159411712,
        "dvar2": 77637959680,
        "max": 7495887.5,
        "mean": 2179330.75,
        "median": 2153290.5,
        "min": 1635901.875,
        "var": 105037586432
    },
    "spectral_strongpeak": {
        "dmean": 0.30103957653,
        "dmean2": 0.51489841938,
        "dvar": 0.154506847262,
        "dvar2": 0.471221894026,
        "max": 3.70072460175,
        "mean": 0.524171829224,
        "median": 0.473905742168,
        "min": 0.02959327586,
        "var": 0.125240236521
    },
    "zerocrossingrate": {
        "dmean": 0.00610758457333,
        "dmean2": 0.00838782824576,
        "dvar": 2.22762300837e-05,
        "dvar2": 4.11943656218e-05,
        "max": 0.06103515625,
        "mean": 0.0319587513804,
        "median": 0.03173828125,
        "min": 0.00439453125,
        "var": 8.6094449216e-05
    },
    "barkbands": {
        "dmean": [0.000176107845618, 0.021740142256, 0.00669489614666, 0.00248795631342, 0.00680659152567, 0.00102318963036, 0.00230691372417, 0.000799461209681, 0.000454820896266, 0.000169331600773, 0.000180585688213, 6.10986026004e-05, 6.31245638942e-05, 0.000564443762414, 0.000315169716487, 0.00158379413188, 0.000593754579313, 0.000202515686397, 5.46598348592e-05, 1.87169262063e-05, 2.4359263989e-05, 2.35665947912e-06, 5.06969911385e-07, 3.83208060839e-07, 6.42735997758e-08, 4.49403430025e-08, 1.67219269542e-08],
        "dmean2": [0.000268802803475, 0.038492642343, 0.0118048340082, 0.00438796030357, 0.0118776028976, 0.00176436384209, 0.00386253162287, 0.00133927748539, 0.000763864256442, 0.000278902094578, 0.000299433013424, 0.000106228253571, 0.000107489286165, 0.000969052896835, 0.000504819210619, 0.00264610652812, 0.00100232090335, 0.000329554837663, 9.09484369913e-05, 2.90528460027e-05, 3.65959640476e-05, 3.96682798964e-06, 8.59154226873e-07, 6.09896574133e-07, 1.003976422e-07, 7.5967115265e-08, 2.72805493751e-08],
        "dvar": [7.78980151495e-08, 0.000296112179058, 3.35673248628e-05, 6.3443549152e-06, 4.21766926593e-05, 1.20797290037e-06, 4.45658997705e-06, 8.46860359616e-07, 2.11929631178e-07, 3.62095491369e-08, 4.47568062611e-08, 1.03734532075e-08, 5.81195402916e-09, 3.91029175262e-07, 9.89875346136e-08, 2.89825993605e-06, 1.12093391635e-06, 5.45252838435e-08, 3.26077476132e-09, 8.80610195875e-10, 5.14485454239e-10, 3.70890861426e-12, 5.19817587412e-13, 1.81104453266e-13, 1.37695641022e-14, 1.06913371046e-14, 1.30111968698e-14],
        "dvar2": [1.06255569676e-07, 0.00087371567497, 9.96309390757e-05, 1.85855442396e-05, 0.000117917021271, 2.77410117633e-06, 1.12980451377e-05, 2.13208795685e-06, 5.56696988951e-07, 8.98691823181e-08, 1.08091903428e-07, 3.08812708738e-08, 1.65283946529e-08, 1.08863014248e-06, 2.57034258766e-07, 8.49331445352e-06, 3.343039225e-06, 1.53347372134e-07, 8.94329410528e-09, 1.90652871268e-09, 1.15611431539e-09, 1.05143628179e-11, 1.42130458878e-12, 4.28862484804e-13, 2.79220125076e-14, 2.03272931799e-14, 2.50710181917e-14],
        "max": [0.00450649112463, 0.0948372483253, 0.0365622192621, 0.0134574128315, 0.0531444251537, 0.0126326261088, 0.014245246537, 0.00679806619883, 0.00388828455471, 0.0019508888945, 0.00148680363782, 0.000965687504504, 0.000588466937188, 0.00496222451329, 0.00235859584063, 0.0170482750982, 0.00929468497634, 0.00254746712744, 0.000570630421862, 0.000399043638026, 0.000284879468381, 1.82110543392e-05, 9.46450563788e-06, 4.19180514655e-06, 2.01693592317e-06, 1.91047570297e-06, 2.05599030778e-06],
        "mean": [0.000247542368015, 0.0292073749006, 0.00746337603778, 0.00267636426724, 0.00980693753809, 0.0014566432219, 0.00334229855798, 0.00111127505079, 0.000714381632861, 0.000271592783974, 0.000239242639509, 8.9349305199e-05, 9.63870988926e-05, 0.000836595252622, 0.000525192124769, 0.00348106212914, 0.000896781275515, 0.000479079171782, 9.75557632046e-05, 3.53293507942e-05, 9.49027889874e-05, 5.83808332522e-06, 1.00514375845e-06, 8.79272818111e-07, 1.80844466513e-07, 1.10780860041e-07, 6.21168751991e-08],
        "median": [0.000151840256876, 0.0250188671052, 0.00597850233316, 0.00178245583083, 0.00807079579681, 0.00112710276153, 0.00262050027959, 0.000822598754894, 0.000573622528464, 0.000200918322662, 0.000163546821568, 5.78342587687e-05, 7.1467286034e-05, 0.000629994727205, 0.000395652226871, 0.00310036656447, 0.000598671264015, 0.000331798131811, 7.32290063752e-05, 2.1429888875e-05, 8.68909337441e-05, 5.18982005815e-06, 8.68168740453e-07, 7.67679750879e-07, 1.53724357688e-07, 9.04636507926e-08, 4.7167002748e-08],
        "min": [5.17036312431e-07, 0.000465153949335, 6.93813854014e-05, 3.87627333112e-05, 0.000520347617567, 2.92513595923e-05, 3.78497497877e-06, 6.57639538986e-05, 5.38683816558e-05, 9.59713815973e-06, 1.43558027048e-05, 8.25514234748e-06, 5.78162052989e-06, 7.10639142198e-05, 6.17055593466e-06, 4.73479376524e-05, 2.2166650524e-05, 8.08241293271e-06, 5.21643505635e-06, 3.72342060473e-06, 3.43952910953e-06, 1.15619775443e-06, 1.93501023205e-07, 2.24847681807e-07, 5.03572650246e-08, 1.90104767483e-08, 2.00728127453e-08],
        "var": [1.12801224361e-07, 0.000365981075447, 3.80498386221e-05, 6.63426590108e-06, 5.1991930377e-05, 1.63329241332e-06, 6.18255671725e-06, 9.95426262307e-07, 3.02619099557e-07, 5.46165175308e-08, 5.3785591092e-08, 1.11528661861e-08, 7.36361105425e-09, 4.88377679631e-07, 1.60583311981e-07, 4.17391129304e-06, 1.22473852571e-06, 1.50206716398e-07, 6.23154727819e-09, 1.77292902581e-09, 2.31641994475e-09, 7.56351925535e-12, 4.60057231026e-13, 2.55123342157e-13, 2.54941636649e-14, 2.07223408761e-14, 2.32892843872e-14]
    },
    "erbbands": {
        "dmean": [0.431681990623, 5.64654159546, 9.82976913452, 4.81367492676, 18.6033306122, 28.9125957489, 11.8625383377, 8.43222045898, 22.0929870605, 35.9187164307, 17.6168804169, 9.1576128006, 6.10669374466, 8.88555431366, 3.34037709236, 2.42853569984, 2.9460875988, 15.1233530045, 29.4739170074, 29.2159557343, 86.3759689331, 32.481590271, 14.3070077896, 6.95749044418, 1.02106523514, 0.833208739758, 0.643332481384, 1.21865355968, 0.120414555073, 0.014007108286, 0.0192986950278, 0.0117493178695, 0.00333193084225, 0.00106142670847, 0.000332590512699, 0.000287030590698, 6.18968551862e-05, 1.07804053187e-05, 1.27515177155e-05, 2.79592550214e-05],
        "dmean2": [0.761670827866, 10.0154628754, 17.1102237701, 8.35123062134, 32.3664627075, 51.1102333069, 20.1266708374, 14.4497995377, 37.2332801819, 59.9305152893, 30.3514595032, 15.6217775345, 10.1115980148, 14.4979352951, 5.43789768219, 4.13279771805, 4.9685292244, 24.9066410065, 49.5416183472, 48.2130088806, 144.920715332, 54.330997467, 23.5120868683, 11.7256565094, 1.65967023373, 1.2658623457, 1.05687212944, 1.82106733322, 0.187898263335, 0.022977411747, 0.0325326025486, 0.0188674833626, 0.00544394413009, 0.00169132940937, 0.000551626377273, 0.000486218254082, 0.000102648882603, 1.81381201401e-05, 2.22034304898e-05, 4.95263557241e-05],
        "dvar": [0.133627802134, 19.5724449158, 64.3246002197, 20.286190033, 304.597686768, 744.954345703, 108.038787842, 97.5355758667, 451.627471924, 1248.54614258, 570.064086914, 86.231842041, 37.9298171997, 119.127746582, 14.5815067291, 15.0130109787, 11.645029068, 270.021362305, 964.279968262, 960.872558594, 8795.42675781, 3174.41430664, 405.597137451, 58.5061302185, 1.45674788952, 1.45685255527, 0.633397340775, 1.30230116844, 0.0106480848044, 0.000173827429535, 0.000861047126818, 0.000185947530554, 1.81876130227e-05, 2.31492117564e-06, 6.87157466928e-07, 2.01684329681e-07, 3.54054421337e-08, 4.82928053103e-09, 3.10653475166e-10, 4.07736233665e-10],
        "dvar2": [0.381076693535, 56.6665039062, 199.375656128, 59.7990036011, 817.087463379, 2089.00463867, 306.278015137, 231.829666138, 1099.12805176, 3314.61621094, 1425.77282715, 223.844406128, 92.4675445557, 288.214752197, 33.277557373, 45.7632675171, 31.3977375031, 763.630859375, 2621.7487793, 2538.87329102, 26169.7050781, 9338.01074219, 1233.20654297, 161.733139038, 3.59467816353, 3.06053161621, 1.56038212776, 2.82248806953, 0.0275704078376, 0.000478334317449, 0.00233354163356, 0.000432370405179, 4.55123736174e-05, 5.01734530189e-06, 1.3781659618e-06, 4.33758287954e-07, 6.40821937736e-08, 9.08075570294e-09, 6.8865230185e-10, 1.12617781767e-09],
        "max": [2.18571043015, 24.6597251892, 48.3121070862, 31.3402614594, 110.730224609, 227.963821411, 75.8520736694, 126.599647522, 157.660049438, 216.297180176, 215.592605591, 76.7355575562, 53.6083183289, 70.4954376221, 34.5729179382, 41.9589767456, 26.8400440216, 124.817626953, 218.004959106, 426.800354004, 874.74822998, 459.009124756, 217.213256836, 66.8274002075, 12.9089870453, 15.7826423645, 10.9217481613, 14.9347486496, 1.27698123455, 0.12684892118, 0.383778452873, 0.140862002969, 0.0451654046774, 0.0229320079088, 0.0145011171699, 0.00777670321986, 0.0035224633757, 0.00124351819977, 0.000320047460264, 0.000138774179504],
        "mean": [0.553550362587, 7.3256726265, 12.1190605164, 7.27234268188, 22.4926128387, 37.1351699829, 17.469865799, 12.5241165161, 31.8212814331, 49.0768013, 25.8558177948, 15.0984640121, 10.3506126404, 11.7458534241, 5.58885860443, 3.83614349365, 5.12939214706, 23.7295627594, 47.9124755859, 64.4327697754, 183.189483643, 54.2908744812, 32.7503166199, 13.1500968933, 2.42917251587, 1.62466204166, 1.88947141171, 4.72929334641, 0.435567319393, 0.0423941537738, 0.0375131927431, 0.0251583810896, 0.0088759791106, 0.00293586193584, 0.000949549139477, 0.000775914581027, 0.000143568002386, 2.6297660952e-05, 3.76758434868e-05, 7.20686512068e-05],
        "median": [0.447186231613, 6.38141775131, 10.0503854752, 5.90522480011, 15.8704528809, 29.3738555908, 14.7081861496, 9.6694278717, 25.59034729, 36.7449951172, 18.6672077179, 12.7111768723, 7.78688621521, 7.66362047195, 4.07748746872, 2.75203728676, 3.83601355553, 18.3672485352, 37.5585289001, 56.6667060852, 162.26802063, 38.995891571, 23.0998783112, 10.3662042618, 1.82605922222, 1.00583922863, 1.50349676609, 4.28383779526, 0.416758418083, 0.0389178879559, 0.031576603651, 0.0209551826119, 0.00816855020821, 0.0025595901534, 0.000771305698436, 0.000661795085762, 0.000110611435957, 1.6652411432e-05, 3.50529735442e-05, 7.05327911419e-05],
        "min": [0.010437425226, 0.120098419487, 0.427429497242, 0.587671101093, 1.43317580223, 1.5583678484, 0.512071311474, 0.215453863144, 0.0411813780665, 0.4235458076, 1.73028278351, 1.26727032661, 0.453939974308, 0.462671607733, 0.549557685852, 0.478133797646, 0.708648681641, 2.30581784248, 2.25507998466, 0.611208856106, 3.06601834297, 1.09057664871, 0.407458513975, 0.360666871071, 0.258008003235, 0.178905844688, 0.135416328907, 0.149422094226, 0.100869052112, 0.0106469700113, 0.00784914754331, 0.00663279136643, 0.00237571191974, 0.00082138198195, 0.000292893964797, 0.000190372171346, 2.53583420999e-05, 6.82542031427e-06, 1.24424468595e-05, 2.05368578463e-05],
        "var": [0.182817101479, 24.5955677032, 76.1086807251, 23.1076049805, 375.016479492, 887.36920166, 152.195785522, 123.036117554, 587.911254883, 1605.73547363, 612.61138916, 121.210624695, 68.6838226318, 146.393661499, 22.5872688293, 16.8525619507, 16.9703216553, 369.137939453, 1339.93359375, 1469.86889648, 12172.7158203, 3704.71191406, 850.074890137, 100.833198547, 3.65696001053, 3.32773542404, 1.60897481441, 5.83130741119, 0.0320368297398, 0.000311674550176, 0.000736692745704, 0.000245537725277, 2.38728916884e-05, 4.04148113375e-06, 1.20764968869e-06, 3.86502790661e-07, 6.94240540611e-08, 8.80572326167e-09, 5.2363019476e-10, 5.46628298181e-10]
    },
    "gfcc": {
        "mean": [-18.1888484955, 183.805969238, -139.974349976, 52.0475120544, -13.8589382172, -18.6233310699, -29.5705184937, -0.94156908989, 11.1824569702, -2.63227581978, -19.8515033722, -9.20947647095, 7.98301839828],
        "cov": [[328.901611328, 13.6608562469, -117.48059845, -16.5118427277, -24.0594272614, -29.8534507751, -10.3966684341, 9.3928976059, -9.29706192017, -0.35213047266, 24.5537700653, -5.69337034225, -7.69304895401], [13.6608562469, 77.5552062988, 6.63807487488, -0.586520731449, 6.99868583679, -23.0471248627, 4.73076581955, -8.97453689575, 11.6939306259, -2.37750220299, 4.54538488388, -5.495657444, 9.64381217957], [-117.48059845, 6.63807487488, 144.736968994, 14.4738874435, 33.0407028198, 27.8786487579, 1.60661995411, -9.9873790741, 13.6838579178, 8.67403888702, -19.0961284637, -0.976523578167, 5.27382040024], [-16.5118427277, -0.586520731449, 14.4738874435, 58.3416786194, 29.9030170441, -11.447095871, 2.68530797958, -3.62097024918, 6.77628898621, -6.95208740234, 6.36996126175, -5.37776327133, 3.2717397213], [-24.0594272614, 6.99868583679, 33.0407028198, 29.9030170441, 58.6070861816, 12.8920116425, 11.3866634369, 0.111767701805, 8.59557914734, -1.64961457253, 0.592916309834, -4.9566655159, 0.643375754356], [-29.8534507751, -23.0471248627, 27.8786487579, -11.447095871, 12.8920116425, 62.2525062561, 26.7752056122, 5.88691282272, 3.34718108177, 3.61879301071, -1.83943510056, 4.06906175613, 2.48357748985], [-10.3966684341, 4.73076581955, 1.60661995411, 2.68530797958, 11.3866634369, 26.7752056122, 56.2057952881, 25.2109184265, 8.41534996033, 4.31071901321, 11.5603342056, 0.395914852619, 0.626872599125], [9.3928976059, -8.97453689575, -9.9873790741, -3.62097024918, 0.111767701805, 5.88691282272, 25.2109184265, 38.1745376587, 14.4319658279, 4.12336301804, 7.71435594559, 2.04421544075, -2.7639067173], [-9.29706192017, 11.6939306259, 13.6838579178, 6.77628898621, 8.59557914734, 3.34718108177, 8.41534996033, 14.4319658279, 43.7959327698, 17.1190013885, 4.00162601471, 6.1944065094, 5.76234531403], [-0.35213047266, -2.37750220299, 8.67403888702, -6.95208740234, -1.64961457253, 3.61879301071, 4.31071901321, 4.12336301804, 17.1190013885, 35.9211158752, 11.9985904694, 2.82372903824, -3.24375605583], [24.5537700653, 4.54538488388, -19.0961284637, 6.36996126175, 0.592916309834, -1.83943510056, 11.5603342056, 7.71435594559, 4.00162601471, 11.9985904694, 38.1638832092, 4.44268846512, -3.67499637604], [-5.69337034225, -5.495657444, -0.976523578167, -5.37776327133, -4.9566655159, 4.06906175613, 0.395914852619, 2.04421544075, 6.1944065094, 2.82372903824, 4.44268846512, 29.4499187469, 12.382349968], [-7.69304895401, 9.64381217957, 5.27382040024, 3.2717397213, 0.643375754356, 2.48357748985, 0.626872599125, -2.7639067173, 5.76234531403, -3.24375605583, -3.67499637604, 12.382349968, 28.8796329498]],
        "icov": [[0.00462953560054, -0.00211395905353, 0.00381581904367, -0.000171895706444, -0.000324803113472, -0.00130564032588, 0.00284799444489, -0.00250199367292, 0.00128712842707, -0.00130870763678, -0.000995480222628, 0.000769316684455, 0.000219705092604], [-0.00211395905353, 0.0348546355963, -0.00672760372981, 0.0222839396447, -0.00920230150223, 0.0277399942279, -0.0231498405337, 0.027266131714, -0.0214707665145, 0.0168592780828, -0.0128718949854, 0.0136570073664, -0.0138825494796], [0.00381581904367, -0.00672760372981, 0.0140827959403, -0.0058055841364, -0.00266828015447, -0.00933393836021, 0.00642149522901, -0.00358212389983, 0.00269318372011, -0.00787646695971, 0.00734391435981, -0.00188981706742, 0.00205169664696], [-0.000171895706444, 0.0222839396447, -0.0058055841364, 0.0458777025342, -0.020400384441, 0.0281478092074, -0.0185851603746, 0.0235141292214, -0.0204605255276, 0.02098056674, -0.0178588740528, 0.0139532489702, -0.0127528095618], [-0.000324803113472, -0.00920230150223, -0.00266828015447, -0.020400384441, 0.0315841808915, -0.0136549472809, 0.00358070316724, -0.00602989923209, 0.0026622924488, -0.00268497713841, 0.0036349480506, -0.00130632834043, 0.00579053722322], [-0.00130564032588, 0.0277399942279, -0.00933393836021, 0.0281478092074, -0.0136549472809, 0.0492768622935, -0.0329637825489, 0.0268931910396, -0.0171591807157, 0.0145279793069, -0.00941130705178, 0.00753192417324, -0.0111109726131], [0.00284799444489, -0.0231498405337, 0.00642149522901, -0.0185851603746, 0.00358070316724, -0.0329637825489, 0.0523274987936, -0.0407728403807, 0.0178653486073, -0.0129519663751, 0.0010341614252, -0.00400710711256, 0.00396924838424], [-0.00250199367292, 0.027266131714, -0.00358212389983, 0.0235141292214, -0.00602989923209, 0.0268931910396, -0.0407728403807, 0.0697992742062, -0.0341062359512, 0.020460255444, -0.0116559872404, 0.00757214426994, -0.0020210952498], [0.00128712842707, -0.0214707665145, 0.00269318372011, -0.0204605255276, 0.0026622924488, -0.0171591807157, 0.0178653486073, -0.0341062359512, 0.0522823482752, -0.0305519159883, 0.0127120222896, -0.0125426128507, 0.00023509375751], [-0.00130870763678, 0.0168592780828, -0.00787646695971, 0.02098056674, -0.00268497713841, 0.0145279793069, -0.0129519663751, 0.020460255444, -0.0305519159883, 0.0541224740446, -0.0227141678333, 0.00730041135103, 0.000287263537757], [-0.000995480222628, -0.0128718949854, 0.00734391435981, -0.0178588740528, 0.0036349480506, -0.00941130705178, 0.0010341614252, -0.0116559872404, 0.0127120222896, -0.0227141678333, 0.0452205725014, -0.0150210540742, 0.0114127770066], [0.000769316684455, 0.0136570073664, -0.00188981706742, 0.0139532489702, -0.00130632834043, 0.00753192417324, -0.00400710711256, 0.00757214426994, -0.0125426128507, 0.00730041135103, -0.0150210540742, 0.0528063550591, -0.0266281273216], [0.000219705092604, -0.0138825494796, 0.00205169664696, -0.0127528095618, 0.00579053722322, -0.0111109726131, 0.00396924838424, -0.0020210952498, 0.00023509375751, 0.000287263537757, 0.0114127770066, -0.0266281273216, 0.0537924915552]]
    },
    "melbands": {
        "dmean": [0.0050984476693, 0.00587406288832, 0.00112417445052, 0.0017294670688, 0.000570421514567, 0.000186086967005, 0.000382995815016, 0.000331048970111, 0.000147760030814, 5.50634686078e-05, 3.05787725665e-05, 3.4602740925e-05, 1.66233003256e-05, 5.58389592697e-06, 8.88277827471e-06, 4.62949083158e-06, 3.40333972417e-05, 5.88213079027e-05, 2.35798142967e-05, 9.61803307291e-05, 8.78736245795e-05, 3.49277215719e-05, 2.24193463509e-05, 8.780934877e-06, 5.94790571995e-06, 9.73159330897e-07, 7.15716225841e-07, 6.01445435677e-07, 3.75830126131e-07, 7.00551026966e-07, 5.74971011247e-07, 8.04766742135e-08, 1.19909477903e-08, 5.63179947122e-09, 1.22619532306e-08, 8.26319013214e-09, 7.71840635849e-09, 2.86222645585e-09, 1.49725853937e-09, 8.06764044459e-10],
        "dmean2": [0.00908461585641, 0.0103567931801, 0.00195786403492, 0.0030593117699, 0.000995680340566, 0.00031697290251, 0.000641571183223, 0.000552330398932, 0.000256784464, 9.40643585636e-05, 5.05774914927e-05, 5.62787499803e-05, 2.74417125183e-05, 9.55746236286e-06, 1.49970483108e-05, 7.81829567131e-06, 5.67992938159e-05, 0.000100798468338, 3.81001700589e-05, 0.000159166331287, 0.000148405277287, 5.86274654779e-05, 3.86132051062e-05, 1.42434992085e-05, 1.00804536487e-05, 1.59728745075e-06, 1.18648029002e-06, 9.5800157851e-07, 6.39723111817e-07, 1.07662026494e-06, 8.5471458533e-07, 1.31755172106e-07, 1.98713028254e-08, 9.87146453468e-09, 2.10589465865e-08, 1.36537465778e-08, 1.25296484299e-08, 4.70276084741e-09, 2.48467335595e-09, 1.32448263468e-09],
        "dvar": [1.764580702e-05, 1.94654858205e-05, 1.00551847027e-06, 2.9935654311e-06, 2.49249808348e-07, 4.36767138012e-08, 1.25991036271e-07, 1.06430320557e-07, 4.3161914931e-08, 3.02334979274e-09, 9.63256363562e-10, 1.80211590095e-09, 3.4987349129e-10, 1.28154667434e-10, 1.22932289348e-10, 3.45359192633e-11, 1.41182066038e-09, 4.26832258427e-09, 6.21184326199e-10, 9.1170866412e-09, 9.99005500546e-09, 3.76372355504e-09, 1.60983093522e-09, 9.46934752832e-11, 4.70285824172e-11, 1.19909854615e-12, 2.06209571987e-12, 7.04421763975e-13, 3.35866480027e-13, 4.20516892792e-13, 3.01344398653e-13, 4.30631719791e-15, 1.45663660369e-16, 3.28850648691e-17, 2.790841477e-16, 1.71567714606e-16, 7.2341365021e-17, 1.22755828019e-17, 3.39779532652e-18, 1.42353678537e-18],
        "dvar2": [5.28128912265e-05, 5.60070147912e-05, 2.89295826406e-06, 8.24906783237e-06, 6.73232136705e-07, 1.01851284739e-07, 3.10073232868e-07, 2.80182916867e-07, 1.11118801271e-07, 7.69818075952e-09, 2.4025590406e-09, 4.38037339734e-09, 8.25251145198e-10, 3.70211417078e-10, 3.35973582288e-10, 9.92769130792e-11, 3.89196141981e-09, 1.15504752429e-08, 1.59666702082e-09, 2.62787782646e-08, 2.98540676624e-08, 1.08201101412e-08, 4.92357266069e-09, 2.53023962893e-10, 1.31200994513e-10, 3.17622599229e-12, 5.28151047202e-12, 1.55467143065e-12, 9.20417171299e-13, 8.74268376878e-13, 6.58696729973e-13, 1.23097595688e-14, 3.88378873527e-16, 8.89745708585e-17, 7.53046912581e-16, 4.40058021235e-16, 1.67864393917e-16, 3.18223660839e-17, 8.15605212497e-18, 3.0404574378e-18],
        "max": [0.0224798023701, 0.0240316409618, 0.00649517774582, 0.0142355300486, 0.00325249647722, 0.00269222306088, 0.00239846133627, 0.00195619207807, 0.00193373824004, 0.00044771868852, 0.000265948503511, 0.000295482226647, 0.000121899101941, 0.000134152651299, 0.00012174386211, 4.7205179726e-05, 0.000299603882013, 0.000477127236081, 0.00020215875702, 0.00106989627238, 0.000913013413083, 0.000499625282828, 0.000388104148442, 9.17027136893e-05, 5.46092524019e-05, 1.23308018374e-05, 1.8374852516e-05, 8.86109046405e-06, 7.71561735746e-06, 8.63024251885e-06, 7.00950613464e-06, 6.21549702373e-07, 1.12199145974e-07, 5.54876500303e-08, 2.06554929605e-07, 1.66931712897e-07, 9.05402686158e-08, 3.59767007296e-08, 2.10421742253e-08, 1.86443767092e-08],
        "mean": [0.00671596918255, 0.00800669845194, 0.00168919796124, 0.00234840577468, 0.000830926699564, 0.000274401973002, 0.000562007189728, 0.000469544669613, 0.000201037226361, 8.91759918886e-05, 4.86460776301e-05, 4.55973822682e-05, 2.48434243986e-05, 8.72995951795e-06, 1.32811401272e-05, 7.41356325307e-06, 5.06548458361e-05, 8.92177486094e-05, 3.99885357183e-05, 0.000211692153243, 0.000181537063327, 5.30376237293e-05, 3.72815266019e-05, 2.22205344471e-05, 9.74185695668e-06, 1.95950497073e-06, 1.12265433927e-06, 1.0656079894e-06, 8.01760734248e-07, 2.66839469987e-06, 2.21995628635e-06, 1.96905688199e-07, 3.03318543615e-08, 1.2118463566e-08, 2.27975380795e-08, 1.51227457224e-08, 1.59382480547e-08, 6.89722501335e-09, 3.43903461264e-09, 1.96005567332e-09],
        "median": [0.00561534706503, 0.00701102986932, 0.00135277910158, 0.00183007167652, 0.000683441641741, 0.00021448804182, 0.000453122018371, 0.000358849181794, 0.000143659606692, 7.30228057364e-05, 3.57252210961e-05, 3.05666580971e-05, 1.79088037839e-05, 5.54920052309e-06, 9.27369546844e-06, 5.51911853108e-06, 3.59367004421e-05, 6.88403015374e-05, 3.00686551782e-05, 0.000191180850379, 0.000157300732099, 3.49882029695e-05, 2.4116192435e-05, 1.4949031538e-05, 7.26460575606e-06, 1.47359219227e-06, 6.63176649596e-07, 6.49144055842e-07, 5.9528605334e-07, 2.41284533331e-06, 2.01436478164e-06, 1.74285332832e-07, 2.64584727461e-08, 1.07276729722e-08, 1.91812379313e-08, 1.2187374665e-08, 1.34708164623e-08, 6.3350604762e-09, 2.86854562326e-09, 1.63379065832e-09],
        "min": [0.000113295005576, 0.000265514943749, 0.000119980148156, 0.000139569063322, 2.5318331609e-05, 4.6479908633e-06, 5.64783078971e-07, 6.49114053886e-06, 1.44774539876e-05, 7.29676503397e-06, 2.03539593713e-06, 1.75755667442e-06, 1.73577143414e-06, 1.09450729724e-06, 8.37286847855e-07, 6.90459046382e-07, 4.04074626204e-06, 5.10419977218e-06, 2.26665633818e-07, 2.15851287066e-06, 3.75825425181e-06, 1.41965972489e-06, 1.94475930471e-07, 4.43957276275e-07, 2.77572979712e-07, 1.88541193324e-07, 8.85835049758e-08, 9.51987289e-08, 9.04111772115e-08, 6.9480549314e-08, 8.59047233348e-08, 3.92543277883e-08, 6.37119956792e-09, 2.44655118387e-09, 4.48346249016e-09, 2.49623210991e-09, 3.79409570428e-09, 1.66087965603e-09, 9.10590658432e-10, 3.56641355337e-10],
        "var": [2.07532430068e-05, 2.60646284005e-05, 1.23759400594e-06, 3.41936856785e-06, 3.46436024756e-07, 5.90919277954e-08, 1.72255340658e-07, 1.38340624289e-07, 4.39694645138e-08, 4.25403845483e-09, 1.71455405429e-09, 2.23107421427e-09, 4.74821237884e-10, 1.27531651906e-10, 1.54474363856e-10, 4.40592111406e-11, 1.85901627425e-09, 5.35582600492e-09, 9.69663682682e-10, 1.44889193976e-08, 1.30804851395e-08, 4.42419301194e-09, 1.77592951456e-09, 3.21032450623e-10, 6.65211843942e-11, 2.61191524138e-12, 2.53063368871e-12, 1.5201494577e-12, 6.16177410744e-13, 1.88564810467e-12, 1.27403513087e-12, 8.70171346274e-15, 2.43746912523e-16, 4.39604408622e-17, 2.47940096188e-16, 1.56823875315e-16, 9.90462161179e-17, 1.57272197281e-17, 5.20802550318e-18, 2.44036623433e-18]
    },
    "mfcc": {
        "mean": [-656.448242188, 202.964492798, -42.1196212769, 66.7696609497, 25.3024711609, 6.56506538391, -20.9751605988, -0.801551699638, 25.9562282562, 1.84174406528, -3.50760793686, 12.6982650757, -14.1175584793],
        "cov": [[441.032501221, -16.7012748718, -136.253234863, -12.2946577072, -42.4118423462, -59.6321792603, -0.613442003727, -13.6385860443, -42.0230903625, 6.06235027313, -8.24640274048, 15.748169899, -12.2676239014], [-16.7012748718, 81.1612167358, 13.1342926025, 5.57153654099, -0.28646722436, 0.571637272835, -10.9945230484, -7.49195337296, 11.9176540375, -2.21955919266, 4.06623792648, -4.51017332077, -3.25220227242], [-136.253234863, 13.1342926025, 102.447013855, -1.55872738361, 20.8048095703, 32.3038673401, -7.7278137207, 1.62715148926, 18.81108284, 0.138913720846, 3.64525961876, -7.83061790466, 4.69733476639], [-12.2946577072, 5.57153654099, -1.55872738361, 76.7239990234, 25.3798770905, -9.12399196625, -1.20372617245, -4.38239192963, 0.679339587688, -0.0270988885313, 5.26399755478, 1.73388123512, -8.04343986511], [-42.4118423462, -0.28646722436, 20.8048095703, 25.3798770905, 55.4515342712, 18.9869785309, -8.84307003021, 0.863088726997, 5.78308725357, -4.41978406906, 2.63913559914, -5.06419324875, -6.54657125473], [-59.6321792603, 0.571637272835, 32.3038673401, -9.12399196625, 18.9869785309, 52.7628479004, 12.0645494461, 6.99546766281, 10.7355251312, 2.49407052994, 3.60379242897, -3.10180282593, 3.69269299507], [-0.613442003727, -10.9945230484, -7.7278137207, -1.20372617245, -8.84307003021, 12.0645494461, 57.720741272, 16.7975902557, -5.6152677536, 13.8923120499, 3.97078275681, -1.96817457676, 6.19646787643], [-13.6385860443, -7.49195337296, 1.62715148926, -4.38239192963, 0.863088726997, 6.99546766281, 16.7975902557, 43.6443099976, 16.4856872559, 2.92674326897, -0.314691662788, 4.27572822571, 4.55547523499], [-42.0230903625, 11.9176540375, 18.81108284, 0.679339587688, 5.78308725357, 10.7355251312, -5.6152677536, 16.4856872559, 45.4876174927, 5.67683124542, 1.22758793831, 2.61004471779, 2.84620976448], [6.06235027313, -2.21955919266, 0.138913720846, -0.0270988885313, -4.41978406906, 2.49407052994, 13.8923120499, 2.92674326897, 5.67683124542, 37.3969993591, 12.5798597336, -1.67696070671, 6.74039649963], [-8.24640274048, 4.06623792648, 3.64525961876, 5.26399755478, 2.63913559914, 3.60379242897, 3.97078275681, -0.314691662788, 1.22758793831, 12.5798597336, 36.21301651, 14.8906574249, 2.1393198967], [15.748169899, -4.51017332077, -7.83061790466, 1.73388123512, -5.06419324875, -3.10180282593, -1.96817457676, 4.27572822571, 2.61004471779, -1.67696070671, 14.8906574249, 42.2588615417, 15.9894504547], [-12.2676239014, -3.25220227242, 4.69733476639, -8.04343986511, -6.54657125473, 3.69269299507, 6.19646787643, 4.55547523499, 2.84620976448, 6.74039649963, 2.1393198967, 15.9894504547, 36.0549850464]],
