{
"lowlevel": {
    "average_loudness": 0.98467874527,
    "barkbands_crest": {
        "dmean": 3.18587398529,
        "dmean2": 5.39927911758,
        "dvar": 6.12873601913,
        "dvar2": 16.9127502441,
        "max": 22.3562221527,
        "mean": 12.421544075,
        "median": 12.0349674225,
        "min": 5.54424190521,
        "var": 10.4495382309
    },
    "barkbands_flatness_db": {
        "dmean": 0.0363336578012,
        "dmean2": 0.0637824386358,
        "dvar": 0.000786256743595,
        "dvar2": 0.00239608506672,
        "max": 0.444744557142,
        "mean": 0.299091935158,
        "median": 0.296401411295,
        "min": 0.131169915199,
        "var": 0.00200962414965
    },
    "barkbands_kurtosis": {
        "dmean": 11.4050073624,
        "dmean2": 20.32670784,
        "dvar": 122.243682861,
        "dvar2": 389.939361572,
        "max": 71.205909729,
        "mean": 17.6231517792,
        "median": 14.1029243469,
        "min": -0.424873590469,
        "var": 174.276855469
    },
    "barkbands_skewness": {
        "dmean": 1.086327672,
        "dmean2": 1.9172488451,
        "dvar": 0.696103215218,
        "dvar2": 2.19102144241,
        "max": 7.18662977219,
        "mean": 3.30218720436,
        "median": 3.06780767441,
        "min": 0.898790717125,
        "var": 1.30832445621
    },
    "barkbands_spread": {
        "dmean": 2.55258083344,
        "dmean2": 4.46339845657,
        "dvar": 6.19185972214,
        "dvar2": 17.1345329285,
        "max": 23.8105697632,
        "mean": 5.32530403137,
        "median": 4.62331962585,
        "min": 0.880310714245,
        "var": 10.6336317062
    },
    "dissonance": {
        "dmean": 0.023552518338,
        "dmean2": 0.0412887223065,
        "dvar": 0.000400590448407,
        "dvar2": 0.00100954901427,
        "max": 0.496761709452,
        "mean": 0.450546473265,
        "median": 0.452318787575,
        "min": 0.251147836447,
        "var": 0.000558269384783
    },
    "dynamic_complexity": 0.750693738461,
    "erbbands_crest": {
        "dmean": 3.36442112923,
        "dmean2": 5.80045843124,
        "dvar": 7.71740961075,
        "dvar2": 19.5692977905,
        "max": 26.2319393158,
        "mean": 10.4016246796,
        "median": 9.75672245026,
        "min": 3.99882340431,
        "var": 12.5353145599
    },
    "erbbands_flatness_db": {
        "dmean": 0.0149537883699,
        "dmean2": 0.0251985676587,
        "dvar": 0.000176259214641,
        "dvar2": 0.000379955308745,
        "max": 0.312128156424,
        "mean": 0.242957800627,
        "median": 0.243176743388,
        "min": 0.0987737998366,
        "var": 0.000316967372783
    },
    "erbbands_kurtosis": {
        "dmean": 0.938829481602,
        "dmean2": 1.66570079327,
        "dvar": 1.41664278507,
        "dvar2": 3.9768717289,
        "max": 9.77843475342,
        "mean": -0.275005042553,
        "median": -0.576787471771,
        "min": -1.62752449512,
        "var": 1.4665825367
    },
    "erbbands_skewness": {
        "dmean": 0.504866361618,
        "dmean2": 0.860236048698,
        "dvar": 0.174875229597,
        "dvar2": 0.490082502365,
        "max": 3.26775336266,
        "mean": 0.670391023159,
        "median": 0.617654681206,
        "min": -0.671341359615,
        "var": 0.323682844639
    },
    "erbbands_spread": {
        "dmean": 7.9536652565,
        "dmean2": 13.814248085,
        "dvar": 37.7681732178,
        "dvar2": 109.041946411,
        "max": 59.3711433411,
        "mean": 37.5107040405,
        "median": 37.4427108765,
        "min": 14.9868392944,
        "var": 58.9640693665
    },
    "hfc": {
        "dmean": 3.66012907028,
        "dmean2": 6.12258815765,
        "dvar": 8.29549980164,
        "dvar2": 20.4749927521,
        "max": 32.857673645,
        "mean": 12.8061189651,
        "median": 12.2522888184,
        "min": 1.30099797249,
        "var": 17.8505802155
    },
    "melbands_crest": {
        "dmean": 5.20174264908,
        "dmean2": 9.10443878174,
        "dvar": 15.1212100983,
        "dvar2": 45.9046287537,
        "max": 30.8798179626,
        "mean": 20.0475482941,
        "median": 20.0300865173,
        "min": 9.51469898224,
        "var": 28.2530040741
    },
    "melbands_flatness_db": {
        "dmean": 0.041075527668,
        "dmean2": 0.0720214694738,
        "dvar": 0.000990939792246,
        "dvar2": 0.00305516319349,
        "max": 0.57138556242,
        "mean": 0.409178972244,
        "median": 0.406989455223,
        "min": 0.241904765368,
        "var": 0.00270739290863
    },
    "melbands_kurtosis": {
        "dmean": 25.7593193054,
        "dmean2": 46.2690238953,
        "dvar": 543.489379883,
        "dvar2": 1656.45178223,
        "max": 175.829376221,
        "mean": 44.1051330566,
        "median": 36.9079589844,
        "min": 2.56401348114,
        "var": 860.849487305
    },
    "melbands_skewness": {
        "dmean": 1.48069214821,
        "dmean2": 2.59749555588,
        "dvar": 1.10030949116,
        "dvar2": 3.34500837326,
        "max": 11.0661125183,
        "mean": 5.04669046402,
        "median": 4.90356683731,
        "min": 1.67978918552,
        "var": 2.35947012901
    },
    "melbands_spread": {
        "dmean": 2.38044595718,
        "dmean2": 4.14278364182,
        "dvar": 7.31322669983,
        "dvar2": 20.1310024261,
        "max": 24.1528224945,
        "mean": 4.32860660553,
        "median": 3.49773740768,
        "min": 0.649129807949,
        "var": 10.5391263962
    },
    "pitch_salience": {
        "dmean": 0.106300681829,
        "dmean2": 0.187439531088,
        "dvar": 0.00806026067585,
        "dvar2": 0.0235007330775,
        "max": 0.828137516975,
        "mean": 0.442478716373,
        "median": 0.466874778271,
        "min": 0.128714710474,
        "var": 0.0111373458058
    },
    "silence_rate_20dB": {
        "dmean": 0,
        "dmean2": 0,
        "dvar": 0,
        "dvar2": 0,
        "max": 1,
        "mean": 1,
        "median": 1,
        "min": 1,
        "var": 0
    },
    "silence_rate_30dB": {
        "dmean": 0.0250000003725,
        "dmean2": 0.0501043833792,
        "dvar": 0.024375025183,
        "dvar2": 0.0601198710501,
        "max": 1,
        "mean": 0.981288969517,
        "median": 1,
        "min": 0,
        "var": 0.0183608680964
    },
    "silence_rate_60dB": {
        "dmean": 0,
        "dmean2": 0,
        "dvar": 0,
        "dvar2": 0,
        "max": 0,
        "mean": 0,
        "median": 0,
        "min": 0,
        "var": 0
    },
    "spectral_centroid": {
        "dmean": 119.104545593,
        "dmean2": 205.346679688,
        "dvar": 13924.2167969,
        "dvar2": 40134.7773438,
        "max": 1275.59094238,
        "mean": 397.100585938,
        "median": 362.760223389,
        "min": 155.589675903,
        "var": 23429.0117188
    },
    "spectral_complexity": {
        "dmean": 2.64166665077,
        "dmean2": 4.33402919769,
        "dvar": 5.17993402481,
        "dvar2": 12.7360239029,
        "max": 29,
        "mean": 12.6153850555,
        "median": 12,
        "min": 1,
        "var": 13.920674324
    },
    "spectral_decrease": {
        "dmean": 7.58279483648e-09,
        "dmean2": 1.33416246939e-08,
        "dvar": 3.06392364188e-17,
        "dvar2": 9.93021590343e-17,
        "max": -9.91580817455e-10,
        "mean": -1.77081460606e-08,
        "median": -1.74667604824e-08,
        "min": -3.61919312297e-08,
        "var": 3.9635712318e-17
    },
    "spectral_energy": {
        "dmean": 0.0288962908089,
        "dmean2": 0.0508335158229,
        "dvar": 0.000444414530648,
        "dvar2": 0.00143666600343,
        "max": 0.137992754579,
        "mean": 0.0679961070418,
        "median": 0.0670106485486,
        "min": 0.00386046431959,
        "var": 0.000574400590267
    },
    "spectral_energyband_high": {
        "dmean": 6.19201773588e-06,
        "dmean2": 9.59978024184e-06,
        "dvar": 6.95379032134e-11,
        "dvar2": 1.53725629448e-10,
        "max": 0.000146459089592,
        "mean": 1.92678871827e-05,
        "median": 1.42666749525e-05,
        "min": 1.42692545069e-06,
        "var": 2.47647097273e-10
    },
    "spectral_energyband_low": {
        "dmean": 0.02709444426,
        "dmean2": 0.0480933152139,
        "dvar": 0.000473039719509,
        "dvar2": 0.00162601086777,
        "max": 0.133229792118,
        "mean": 0.0428250618279,
        "median": 0.0377291440964,
        "min": 0.00110484613106,
        "var": 0.000712998327799
    },
    "spectral_energyband_middle_high": {
        "dmean": 0.000963031256106,
        "dmean2": 0.00156973709818,
        "dvar": 1.38430800689e-06,
        "dvar2": 3.47111358678e-06,
        "max": 0.0148704946041,
        "mean": 0.00233785086311,
        "median": 0.00180711445864,
        "min": 0.000146136881085,
        "var": 3.41376357937e-06
    },
    "spectral_energyband_middle_low": {
        "dmean": 0.0141081279144,
        "dmean2": 0.0239351224154,
        "dvar": 0.000192976774997,
        "dvar2": 0.000467155710794,
        "max": 0.125968128443,
        "mean": 0.0237573795021,
        "median": 0.0182539597154,
        "min": 0.00215468229726,
        "var": 0.000355785421561
    },
    "spectral_entropy": {
        "dmean": 0.245333343744,
        "dmean2": 0.425816684961,
        "dvar": 0.0356576032937,
        "dvar2": 0.0976870134473,
        "max": 7.2739276886,
        "mean": 6.59501838684,
        "median": 6.61249065399,
        "min": 5.66143131256,
        "var": 0.0725463926792
    },
    "spectral_flux": {
        "dmean": 0.0427478402853,
        "dmean2": 0.0730254277587,
        "dvar": 0.00105297833215,
        "dvar2": 0.00283449073322,
        "max": 0.271768569946,
        "mean": 0.13187558949,
        "median": 0.128807365894,
        "min": 0.0369192063808,
        "var": 0.0018725276459
    },
    "spectral_kurtosis": {
        "dmean": 7.25843763351,
        "dmean2": 12.8793706894,
        "dvar": 26.4072666168,
        "dvar2": 92.5209197998,
        "max": 39.0006027222,
        "mean": 12.2897529602,
        "median": 11.6218042374,
        "min": 1.35251712799,
        "var": 44.6337509155
    },
    "spectral_rms": {
        "dmean": 0.00177890993655,
        "dmean2": 0.00313371513039,
        "dvar": 1.72575153101e-06,
        "dvar2": 5.30630450157e-06,
        "max": 0.0116028906778,
        "mean": 0.00800782535225,
        "median": 0.00808555725962,
        "min": 0.00194069743156,
        "var": 2.21231312025e-06
    },
    "spectral_rolloff": {
        "dmean": 103.359260559,
        "dmean2": 191.505889893,
        "dvar": 28310.3261719,
        "dvar2": 73617.109375,
        "max": 1399.65820312,
        "mean": 244.699050903,
        "median": 215.33203125,
        "min": 107.666015625,
        "var": 27291.7714844
    },
    "spectral_skewness": {
        "dmean": 0.588873684406,
        "dmean2": 1.03590321541,
        "dvar": 0.189121320844,
        "dvar2": 0.657260119915,
        "max": 4.35098981857,
        "mean": 2.13833928108,
        "median": 2.07941579819,
        "min": 0.910300076008,
        "var": 0.33864736557
    },
    "spectral_spread": {
        "dmean": 256522,
        "dmean2": 437719.6875,
        "dvar": 121035571200,
        "dvar2": 164263493632,
        "max": 10028502,
        "mean": 2134194.75,
        "median": 2091819.5,
        "min": 1538295.375,
        "var": 191232720896
    },
    "spectral_strongpeak": {
        "dmean": 0.389058798552,
        "dmean2": 0.652365088463,
        "dvar": 0.102484375238,
        "dvar2": 0.251706838608,
        "max": 2.81524896622,
        "mean": 0.907794654369,
        "median": 0.878471255302,
        "min": 0.0444330759346,
        "var": 0.17671200633
    },
    "zerocrossingrate": {
        "dmean": 0.00288899731822,
        "dmean2": 0.00406119506806,
        "dvar": 5.59124100619e-06,
        "dvar2": 9.98857376544e-06,
        "max": 0.0341796875,
        "mean": 0.013856629841,
        "median": 0.01318359375,
        "min": 0.001953125,
        "var": 3.10128089041e-05
    },
    "barkbands": {
        "dmean": [5.22570262547e-05, 0.0134729351848, 0.0165737681091, 0.00384421669878, 0.0115314088762, 0.000188064281247, 0.000141096126754, 0.000417886301875, 0.00068826408824, 0.000640130892862, 8.92287498573e-05, 0.00012741885439, 1.30480430016e-05, 0.000197407847736, 0.000137792536407, 0.000113615751616, 7.51488405513e-05, 3.81956524507e-05, 2.17899178097e-05, 5.36938750884e-06, 3.95623419536e-06, 1.37900747177e-06, 1.57712335636e-07, 5.93795874693e-08, 3.32993259633e-08, 2.64019721641e-08, 2.70003468472e-08],
        "dmean2": [8.32334189909e-05, 0.0239316839725, 0.0291939582676, 0.00682242540643, 0.0194228496403, 0.000332672410877, 0.000238400345552, 0.000694623216987, 0.00117606879212, 0.0010934183374, 0.000156522568432, 0.000209240737604, 2.25877593039e-05, 0.000324535736581, 0.000219716195716, 0.000183318246854, 0.00012556524598, 6.20425344096e-05, 3.73607290385e-05, 8.90388582775e-06, 6.5141689447e-06, 2.10437997339e-06, 2.71536521268e-07, 9.13048268103e-08, 4.84144564439e-08, 3.76850373129e-08, 3.77625717363e-08],
        "dvar": [2.26357421695e-08, 0.00018004856247, 0.000160209528985, 1.5175104636e-05, 0.000140906675369, 4.52179236277e-08, 2.46445051033e-08, 2.48646585987e-07, 6.71980387779e-07, 7.06242076376e-07, 1.17903509178e-08, 2.88258554804e-08, 4.93807994495e-10, 1.02680331793e-07, 4.54650468384e-08, 1.91342053313e-08, 1.00097876654e-08, 2.23105689479e-09, 8.629502668e-10, 5.70585731441e-11, 3.39101316471e-11, 8.32723386773e-12, 1.60821971517e-13, 1.24241830474e-13, 1.2201401185e-13, 1.1344416617e-13, 1.32676584563e-13],
        "dvar2": [2.97670332827e-08, 0.000639286357909, 0.00050203333376, 4.26599726779e-05, 0.000320322200423, 1.29268372007e-07, 6.4615292672e-08, 6.23488062956e-07, 1.71668443727e-06, 1.94332119463e-06, 2.93970181531e-08, 7.08401373117e-08, 1.30630162243e-09, 2.69798960062e-07, 9.98001681296e-08, 5.14313605038e-08, 2.62647841254e-08, 5.22531751201e-09, 2.12017292611e-09, 1.31122931957e-10, 9.28220902918e-11, 1.24785494438e-11, 2.51226909284e-13, 1.52963172727e-13, 1.45901804635e-13, 1.36200756619e-13, 1.5890571194e-13],
        "max": [0.00306499423459, 0.0885173082352, 0.0732414349914, 0.0263877753168, 0.100485630333, 0.00167618307751, 0.0021588075906, 0.00405137240887, 0.00770989665762, 0.0104866549373, 0.00115829147398, 0.00215361360461, 0.000323094805935, 0.00360471638851, 0.00286924396642, 0.00131625798531, 0.0015615177108, 0.000588087190408, 0.000316022051265, 0.000109800676, 9.44300336414e-05, 6.5540727519e-05, 7.36687343306e-06, 7.06238006387e-06, 6.95419885233e-06, 6.63089258524e-06, 7.19013405615e-06],
        "mean": [7.34416244086e-05, 0.0207436960191, 0.0213335268199, 0.00497546326369, 0.016437491402, 0.000246010109549, 0.000266752846073, 0.000568093557376, 0.000946757209022, 0.00104625907261, 0.000123082034406, 0.000192263454664, 2.0062783733e-05, 0.000294423924061, 0.000247913470957, 0.000188755453564, 0.000139197436511, 7.83068535384e-05, 4.80833114125e-05, 1.28592755573e-05, 9.83906193142e-06, 3.42079033544e-06, 2.20306532128e-07, 1.50328560267e-07, 6.68838140427e-08, 4.00162889491e-08, 5.06754602725e-08],
        "median": [4.33331988461e-05, 0.0176705159247, 0.0177755951881, 0.00385266705416, 0.0114853298292, 0.000181416296982, 0.000159776827786, 0.000368920096662, 0.000639121397398, 0.000633076997474, 8.41142682475e-05, 0.000134910776978, 1.42766893987e-05, 0.00019963903469, 0.000156636509928, 0.000135964204674, 0.000100508288597, 5.5146861996e-05, 3.75708696083e-05, 9.19657213672e-06, 7.39235565561e-06, 2.26308156925e-06, 1.32986301082e-07, 1.08965394929e-07, 3.3055894022e-08, 1.09040740881e-08, 1.94635099149e-08],
        "min": [3.19224682244e-07, 0.000316188205034, 0.000140948715853, 2.04776442843e-05, 0.000426687154686, 1.15776801977e-05, 1.87278201338e-05, 2.31344929489e-05, 2.75693691947e-05, 1.322933349e-05, 6.80806988385e-06, 1.22987157738e-05, 1.33700461902e-06, 8.54209065437e-06, 4.80481730847e-06, 8.256426554e-06, 1.11620029202e-05, 5.77956825509e-06, 3.53964242095e-06, 9.01848295598e-07, 6.8086040983e-07, 2.58269352571e-07, 2.35931629788e-08, 1.73035026307e-08, 5.64777469236e-09, 1.94756544225e-09, 7.1275740865e-09],
        "var": [2.45047413472e-08, 0.000217197826714, 0.000242658061325, 1.88094145415e-05, 0.000246098963544, 4.64832119462e-08, 8.47446557373e-08, 3.46724789324e-07, 8.80337950093e-07, 1.34196454837e-06, 1.39274005662e-08, 4.76423167584e-08, 5.83802339804e-10, 1.21857141266e-07, 8.72223253623e-08, 2.74058216121e-08, 1.46457814765e-08, 4.89864637743e-09, 1.55642909672e-09, 1.17325690829e-10, 6.78706604806e-11, 2.53277867429e-11, 1.91522701019e-13, 1.53692678159e-13, 1.46533325296e-13, 1.36332825996e-13, 1.58867615786e-13]
    },
    "erbbands": {
        "dmean": [0.14297272265, 3.9885969162, 20.5879707336, 7.24763059616, 49.0814666748, 21.3449993134, 2.51840853691, 1.25909149647, 1.82277333736, 2.54641771317, 17.6987247467, 12.0194864273, 19.589138031, 6.80984973907, 4.99845552444, 3.35685443878, 0.65476000309, 4.23880338669, 13.9244804382, 3.95303678513, 5.84331941605, 4.24658441544, 1.86224389076, 1.89721763134, 0.620520949364, 0.249762102962, 0.194417104125, 0.136489927769, 0.0443260781467, 0.0082861399278, 0.00427318876609, 0.00164016382769, 0.000862579385284, 0.000448935403256, 0.000199991132831, 0.000114657399536, 4.91454957228e-05, 1.60106355906e-05, 1.57730955834e-05, 3.15203724313e-05],
        "dmean2": [0.253597438335, 7.1143155098, 36.2663154602, 12.1767616272, 81.6411361694, 37.0354042053, 4.3636598587, 2.17793989182, 3.0153632164, 4.37886857986, 28.7715320587, 20.8862266541, 33.7160644531, 11.6169233322, 8.32960796356, 5.47967100143, 1.09051775932, 7.11860847473, 21.2614364624, 6.29878044128, 9.64566135406, 7.04887247086, 3.0903532505, 3.21471738815, 1.00130426884, 0.409750729799, 0.322039663792, 0.213117361069, 0.0670123547316, 0.0133213521913, 0.00725756259635, 0.00259710033424, 0.00131369556766, 0.000657387136016, 0.000282211840386, 0.000164861528901, 6.97064097039e-05, 2.24024843192e-05, 2.64494465227e-05, 5.53773570573e-05],
        "dvar": [0.0289259646088, 14.3432331085, 246.959518433, 27.6736831665, 2432.98608398, 445.860870361, 7.72953367233, 1.78631794453, 5.83270215988, 6.0397439003, 459.176239014, 195.823883057, 615.010009766, 80.5408935547, 29.2044048309, 18.2167015076, 0.736615538597, 60.3898086548, 347.367706299, 42.8883743286, 65.2001266479, 35.8395423889, 6.07123041153, 5.96521234512, 0.723125338554, 0.138156324625, 0.0894265398383, 0.0320199280977, 0.00545756798238, 0.00027825430152, 0.00012852238433, 5.92844517087e-05, 3.23980857502e-05, 1.61363441293e-05, 5.833528121e-06, 1.75737170593e-06, 3.96406477421e-07, 5.01329253666e-08, 2.64801425232e-09, 5.35344879538e-10],
        "dvar2": [0.0987576544285, 50.2585716248, 815.351928711, 81.1125411987, 5667.33837891, 1140.28405762, 22.3791656494, 4.87899255753, 15.174120903, 17.6907062531, 1153.93164062, 512.707702637, 1674.18896484, 223.336914062, 79.6805877686, 44.5174560547, 1.74498009682, 165.321746826, 800.786193848, 93.4366455078, 178.645263672, 89.6728439331, 14.4442186356, 14.8784599304, 1.83114314079, 0.308065444231, 0.244444772601, 0.06492587924, 0.00765948789194, 0.000456712354207, 0.000192582374439, 7.41740586818e-05, 3.95814786316e-05, 1.93264040718e-05, 7.00162991052e-06, 2.12822214962e-06, 4.76373770653e-07, 6.00899952019e-08, 3.47393158684e-09, 1.71753422595e-09],
        "max": [1.27230942249, 23.5942382812, 93.2620391846, 41.4300422668, 454.892486572, 149.860458374, 24.8143520355, 13.529173851, 40.8521232605, 22.8749446869, 178.330078125, 133.832138062, 310.972900391, 101.199325562, 54.8860206604, 55.1089096069, 11.304681778, 89.6064834595, 234.133575439, 129.264923096, 76.0194168091, 97.134727478, 34.7057952881, 26.3412704468, 10.8964862823, 5.42457008362, 4.48999595642, 3.46707367897, 1.75405597687, 0.288077443838, 0.214528277516, 0.153754249215, 0.114132739604, 0.080634534359, 0.0477630570531, 0.0261063575745, 0.0124154351652, 0.00440907664597, 0.00102937989868, 0.000160852549016],
        "mean": [0.209585949779, 6.1195898056, 27.531545639, 13.9591999054, 69.2571029663, 30.4672756195, 3.90206408501, 1.99226593971, 3.65248584747, 3.71288132668, 24.5943107605, 17.5236644745, 31.5451984406, 12.0028505325, 8.18350410461, 5.73979234695, 1.31691038609, 6.79013442993, 24.0058326721, 8.03098773956, 10.2099046707, 8.01834487915, 4.04645442963, 4.2502207756, 1.55328929424, 0.63469183445, 0.406150043011, 0.388518482447, 0.124359495938, 0.0203606989235, 0.00681963283569, 0.00388951902278, 0.00209016120061, 0.00100520683918, 0.000391083682189, 0.000228288117796, 8.23387890705e-05, 2.52298632404e-05, 3.7198762584e-05, 7.51334737288e-05],
        "median": [0.153968781233, 5.26427078247, 23.5804214478, 13.2908124924, 50.600353241, 22.6668109894, 3.15121555328, 1.55392956734, 2.00303697586, 2.84906792641, 16.049571991, 12.2902164459, 19.3009033203, 7.64017009735, 6.14893770218, 4.26827812195, 1.02170169353, 4.94225406647, 14.8203744888, 6.07680606842, 7.53077125549, 5.81818294525, 3.0776822567, 3.35177826881, 1.17014527321, 0.476288944483, 0.294926732779, 0.285315066576, 0.0916859805584, 0.015028744936, 0.00452452851459, 0.00285196257755, 0.00142702111043, 0.000586309062783, 0.0001743373723, 0.000107491046947, 2.97498500004e-05, 6.55256326354e-06, 3.33960815624e-05, 7.40450705052e-05],
        "min": [0.00741459056735, 0.0748662725091, 0.317611724138, 0.969766080379, 1.96719777584, 0.847834348679, 0.480028063059, 0.186624377966, 0.221103534102, 0.398020118475, 0.660340964794, 0.841151535511, 0.479064375162, 0.608130693436, 0.723833143711, 0.461959064007, 0.139900103211, 0.406872808933, 0.371224850416, 0.648118138313, 0.765889823437, 0.61278885603, 0.264506429434, 0.345880120993, 0.112484112382, 0.0482464767992, 0.0362952202559, 0.016758363694, 0.0116245755926, 0.00188306916971, 0.00082982640015, 0.000550438242499, 0.000238876775256, 0.00012924229668, 5.87538488617e-05, 4.32082124462e-05, 1.16912715384e-05, 2.46154399974e-06, 7.85106931289e-06, 1.39338208101e-05],
        "var": [0.0320187583566, 18.3456077576, 382.199584961, 43.894695282, 4498.08837891, 668.178039551, 7.93206739426, 2.4827902317, 21.3538608551, 9.11770534515, 657.850524902, 253.933258057, 1187.66455078, 141.433441162, 47.7766876221, 32.3023033142, 1.36409759521, 60.6413230896, 759.055786133, 71.9324493408, 81.1702575684, 55.2943572998, 11.1884279251, 12.4491214752, 1.67131221294, 0.298373430967, 0.136593267322, 0.127319261432, 0.0197387915105, 0.000504325435031, 0.000156713358592, 7.45637662476e-05, 3.95846182073e-05, 1.93476880668e-05, 7.02345323589e-06, 2.12637678487e-06, 4.73508265486e-07, 5.9965032051e-08, 3.19092308132e-09, 6.87097267971e-10]
    },
    "gfcc": {
        "mean": [-73.704246521, 204.901306152, -124.923362732, 41.2381591797, -5.66078138351, -11.4811668396, -1.95630466938, -3.53211021423, -6.76372146606, -25.2851104736, -26.0263080597, -23.9665794373, 1.54976117611],
        "cov": [[483.51348877, -81.4959564209, -219.621337891, -34.1842842102, -128.63961792, 2.49092650414, -39.5134925842, -2.9731631279, -33.8881340027, -15.1871519089, -37.1862945557, -28.5692539215, -1.01082599163], [-81.4959564209, 124.68106842, 29.0093345642, -10.1304788589, 46.3368873596, -16.1758899689, 41.4334869385, 6.52143335342, 21.4536304474, 0.09736302495, 16.8789539337, 1.99032485485, 15.1590566635], [-219.621337891, 29.0093345642, 242.036712646, 32.126033783, 70.9735107422, -7.02269744873, 9.47900390625, -11.2072544098, 15.5132188797, 14.5050201416, 30.7389411926, 31.7423019409, -8.23481369019], [-34.1842842102, -10.1304788589, 32.126033783, 53.0894317627, 15.1829462051, -3.07837200165, -0.827217459679, -6.56901454926, 15.4822511673, 7.43917608261, 8.01345252991, 2.98140454292, -3.31167936325], [-128.63961792, 46.3368873596, 70.9735107422, 15.1829462051, 114.556663513, 21.0340137482, 13.8882169724, -6.64758586884, 12.1686811447, -1.59137392044, 9.50988197327, 6.4741153717, 7.05762195587], [2.49092650414, -16.1758899689, -7.02269744873, -3.07837200165, 21.0340137482, 42.6837234497, 9.24837589264, 0.977983295918, 4.0745973587, 0.445572257042, -3.1804857254, -2.19287467003, 1.53522264957], [-39.5134925842, 41.4334869385, 9.47900390625, -0.827217459679, 13.8882169724, 9.24837589264, 65.5647125244, 31.6542015076, 15.8204126358, 4.28028964996, 6.47039699554, 6.02543783188, 7.03526973724], [-2.9731631279, 6.52143335342, -11.2072544098, -6.56901454926, -6.64758586884, 0.977983295918, 31.6542015076, 48.7488479614, 22.6209506989, 8.4302444458, 3.31496667862, 2.48513579369, 0.334231287241], [-33.8881340027, 21.4536304474, 15.5132188797, 15.4822511673, 12.1686811447, 4.0745973587, 15.8204126358, 22.6209506989, 56.5957717896, 32.0696601868, 9.29074668884, -2.52190876007, -6.65904045105], [-15.1871519089, 0.09736302495, 14.5050201416, 7.43917608261, -1.59137392044, 0.445572257042, 4.28028964996, 8.4302444458, 32.0696601868, 52.1370773315, 20.989824295, 2.89441537857, -2.44463396072], [-37.1862945557, 16.8789539337, 30.7389411926, 8.01345252991, 9.50988197327, -3.1804857254, 6.47039699554, 3.31496667862, 9.29074668884, 20.989824295, 38.7708511353, 20.3775577545, 0.50545668602], [-28.5692539215, 1.99032485485, 31.7423019409, 2.98140454292, 6.4741153717, -2.19287467003, 6.02543783188, 2.48513579369, -2.52190876007, 2.89441537857, 20.3775577545, 43.3133964539, 14.2240257263], [-1.01082599163, 15.1590566635, -8.23481369019, -3.31167936325, 7.05762195587, 1.53522264957, 7.03526973724, 0.334231287241, -6.65904045105, -2.44463396072, 0.50545668602, 14.2240257263, 33.0713157654]],
        "icov": [[0.00449561839923, -0.000411566958064, 0.0029582073912, -0.000543630099855, 0.00328406784683, -0.00207403465174, 0.00188475160394, -0.000444335630164, 0.00158094114158, -0.000902274274267, 0.00147433206439, -0.00069609406637, 0.000535698432941], [-0.000411566958064, 0.0403969660401, 0.000341832288541, 0.0252675935626, -0.0141747370362, 0.0328953824937, -0.0305871125311, 0.0287999343127, -0.0359079912305, 0.0251815635711, -0.0296617746353, 0.0195141900331, -0.0215090475976], [0.0029582073912, 0.000341832288541, 0.00877647940069, -0.00164958857931, -0.00228363322094, 0.00204099947587, -0.000701950979419, 0.00231178523973, 0.000515089952387, -0.00168389594182, 0.000391923967982, -0.0056106322445, 0.00485885376111], [-0.000543630099855, 0.0252675935626, -0.00164958857931, 0.0400337465107, -0.0097297411412, 0.0231971535832, -0.0200447309762, 0.0257725231349, -0.0330706574023, 0.0193894933909, -0.0219160150737, 0.012287591584, -0.0131729086861], [0.00328406784683, -0.0141747370362, -0.00228363322094, -0.0097297411412, 0.0214772485197, -0.0197680462152, 0.010245654732, -0.00653342856094, 0.00804732646793, -0.00328633701429, 0.00657112430781, -0.00312718213536, 0.00189754343592], [-0.00207403465174, 0.0328953824937, 0.00204099947587, 0.0231971535832, -0.0197680462152, 0.0561902225018, -0.0301125254482, 0.0267101898789, -0.0307532921433, 0.0180130023509, -0.0199840348214, 0.0138415014371, -0.0150731969625], [0.00188475160394, -0.0305871125311, -0.000701950979419, -0.0200447309762, 0.010245654732, -0.0301125254482, 0.0491827763617, -0.0390496961772, 0.0272321365774, -0.0167373977602, 0.019133316353, -0.0128695154563, 0.0105281602591], [-0.000444335630164, 0.0287999343127, 0.00231178523973, 0.0257725231349, -0.00653342856094, 0.0267101898789, -0.0390496961772, 0.0619789212942, -0.0436703041196, 0.022773610428, -0.0218917038292, 0.00967709627002, -0.0131606021896], [0.00158094114158, -0.0359079912305, 0.000515089952387, -0.0330706574023, 0.00804732646793, -0.0307532921433, 0.0272321365774, -0.0436703041196, 0.0749671086669, -0.0473543927073, 0.0343063808978, -0.016558771953, 0.0258749052882], [-0.000902274274267, 0.0251815635711, -0.00168389594182, 0.0193894933909, -0.00328633701429, 0.0180130023509, -0.0167373977602, 0.022773610428, -0.0473543927073, 0.0578558966517, -0.0416891686618, 0.0201802384108, -0.0201529897749], [0.00147433206439, -0.0296617746353, 0.000391923967982, -0.0219160150737, 0.00657112430781, -0.0199840348214, 0.019133316353, -0.0218917038292, 0.0343063808978, -0.0416891686618, 0.0740650445223, -0.0386147238314, 0.02652294375], [-0.00069609406637, 0.0195141900331, -0.0056106322445, 0.012287591584, -0.00312718213536, 0.0138415014371, -0.0128695154563, 0.00967709627002, -0.016558771953, 0.0201802384108, -0.0386147238314, 0.0533219836652, -0.0306540839374], [0.000535698432941, -0.0215090475976, 0.00485885376111, -0.0131729086861, 0.00189754343592, -0.0150731969625, 0.0105281602591, -0.0131606021896, 0.0258749052882, -0.0201529897749, 0.02652294375, -0.0306540839374, 0.0546914450824]]
    },
    "melbands": {
        "dmean": [0.00236687669531, 0.00861144065857, 0.00233031949028, 0.00293068937026, 0.0001224555308, 3.02170283248e-05, 2.63643833023e-05, 2.41380112129e-05, 0.000181280483957, 6.50948350085e-05, 0.000102287303889, 3.43233514286e-05, 1.53482051246e-05, 1.7473797925e-05, 3.03166621052e-06, 1.98927500605e-06, 8.81162395672e-06, 2.87004459096e-05, 5.66542303204e-06, 6.95320477462e-06, 6.90714387019e-06, 4.25266580351e-06, 3.31891283167e-06, 1.87254875073e-06, 1.69513521087e-06, 6.5241692937e-07, 3.40945803146e-07, 1.7105860195e-07, 1.08084734052e-07, 1.17296188762e-07, 7.93444954184e-08, 3.09824237377e-08, 1.03352597591e-08, 4.0888608055e-09, 3.17090509405e-09, 1.34038180555e-09, 9.39167077441e-10, 6.99582836106e-10, 4.85638751435e-10, 3.7160238775e-10],
        "dmean2": [0.00421081203967, 0.0152567438781, 0.00391460349783, 0.00499950908124, 0.000214155516005, 5.23071030329e-05, 4.3743657443e-05, 4.18984454882e-05, 0.000296935089864, 0.000113794172648, 0.00017612616648, 5.83049368288e-05, 2.65058315563e-05, 2.86014328594e-05, 4.79665141029e-06, 3.48394496541e-06, 1.51040030687e-05, 4.41198462795e-05, 9.32527473196e-06, 1.13898213385e-05, 1.14290414786e-05, 6.99659040038e-06, 5.63724461244e-06, 2.95079803436e-06, 2.87633224616e-06, 1.09179018182e-06, 5.6613561128e-07, 2.83882485519e-07, 1.81290459977e-07, 1.9369797144e-07, 1.22599018937e-07, 4.69974423822e-08, 1.5961825639e-08, 7.1179102612e-09, 5.48459944127e-09, 2.15705675544e-09, 1.49314527409e-09, 1.07700137697e-09, 7.33426430699e-10, 5.46338252416e-10],
        "dvar": [6.58582439428e-06, 4.54014916613e-05, 4.46308649771e-06, 9.02862575458e-06, 1.56259218898e-08, 9.93364612789e-10, 1.04674424684e-09, 5.59157664615e-10, 4.85824713792e-08, 5.50373924213e-09, 1.71410263761e-08, 2.18757922887e-09, 2.94837820825e-10, 5.25864407575e-10, 1.84002431347e-11, 9.83474413019e-12, 3.97499005933e-10, 1.5227645811e-09, 2.49705978117e-10, 5.963561589e-11, 9.21014237099e-11, 3.20348123029e-11, 3.20531760856e-11, 6.10559996658e-12, 4.64409977488e-12, 9.99794431272e-13, 1.57062378511e-13, 6.72940368251e-14, 4.06442966035e-14, 2.24389920571e-14, 1.54379581222e-14, 3.28584557261e-15, 2.62419542087e-16, 7.62930251828e-17, 5.01532575583e-17, 2.80963872629e-17, 1.97969847378e-17, 1.60719968792e-17, 1.32535220441e-17, 1.1024282701e-17],
        "dvar2": [2.35555016843e-05, 0.000152667082148, 1.15987204481e-05, 2.08378951356e-05, 4.48196644243e-08, 2.71069344748e-09, 2.71873301649e-09, 1.63501556738e-09, 1.20877530208e-07, 1.45933096718e-08, 4.65948453154e-08, 6.0321334594e-09, 7.74193820163e-10, 1.31353694588e-09, 4.15891418526e-11, 2.84386039023e-11, 1.11043785278e-09, 3.65301144889e-09, 6.47900899597e-10, 1.51545179183e-10, 2.54693321988e-10, 7.97726398827e-11, 8.44354794416e-11, 1.46692276382e-11, 1.18001598076e-11, 2.71354943723e-12, 3.65424812805e-13, 1.53248873552e-13, 1.12930959072e-13, 6.14855185537e-14, 2.73765080429e-14, 4.89344020288e-15, 4.3873275878e-16, 1.41113836128e-16, 8.54007337133e-17, 3.58117390642e-17, 2.49398147602e-17, 1.97975869253e-17, 1.60156675338e-17, 1.31321920191e-17],
        "max": [0.0186915248632, 0.0409954674542, 0.0198268257082, 0.0247585624456, 0.000946561922319, 0.000312395743094, 0.000524200382642, 0.000232268619584, 0.00184438028373, 0.000695710710716, 0.00163797196001, 0.000526807503775, 0.000186124045285, 0.000294497702271, 6.37369303149e-05, 4.22157863795e-05, 0.000232423728448, 0.000463433214463, 0.000298987462884, 7.14806374162e-05, 9.33874107432e-05, 9.10359231057e-05, 7.6551514212e-05, 3.40330625477e-05, 2.30249206652e-05, 1.11363278847e-05, 5.09870051246e-06, 2.8221888897e-06, 3.11100939143e-06, 2.20209108193e-06, 2.6048583095e-06, 1.35464938467e-06, 2.32601323091e-07, 1.42088950383e-07, 1.25894075609e-07, 1.05089775104e-07, 8.83971580379e-08, 8.00998378736e-08, 7.30913853886e-08, 6.67138593258e-08],
        "mean": [0.00368904531933, 0.0124557809904, 0.0044256998226, 0.0041681304574, 0.000185096869245, 4.69044534839e-05, 5.27304255229e-05, 3.24264983647e-05, 0.000251432182267, 9.00075610843e-05, 0.000163520060596, 5.98579645157e-05, 2.31619615079e-05, 2.60884426098e-05, 4.70952818432e-06, 2.99636917589e-06, 1.10582941488e-05, 4.74092084914e-05, 1.01945670394e-05, 1.11458748506e-05, 1.17722538562e-05, 7.91048569226e-06, 5.62308787266e-06, 3.47895024788e-06, 3.58340798812e-06, 1.35494144615e-06, 6.8612649784e-07, 3.66550636954e-07, 2.08918706335e-07, 2.70208403208e-07, 2.12046145975e-07, 7.82811397926e-08, 2.41462405626e-08, 6.1023510689e-09, 4.08117140083e-09, 2.6041582224e-09, 2.22934182226e-09, 1.55668222757e-09, 1.03387642891e-09, 7.41844807806e-10],
        "median": [0.00300276931375, 0.0105445990339, 0.00380965042859, 0.00302627962083, 0.000151220432599, 3.55351949111e-05, 3.10934519803e-05, 2.35008119489e-05, 0.00016433619021, 6.28860361758e-05, 9.87470557448e-05, 3.65518935723e-05, 1.75455206772e-05, 1.8084232579e-05, 3.10758309752e-06, 2.05550577448e-06, 6.96965480529e-06, 2.89569452434e-05, 7.52637424739e-06, 7.77601144364e-06, 8.51963704918e-06, 5.8575787989e-06, 3.97404392061e-06, 2.32820775636e-06, 2.82475707536e-06, 1.01297962374e-06, 4.92628373649e-07, 2.57445975649e-07, 1.49095640722e-07, 2.11347710888e-07, 1.46782596744e-07, 5.52764873873e-08, 1.64388787027e-08, 3.94317867247e-09, 2.43143483125e-09, 1.78669656847e-09, 1.66294034099e-09, 1.07664699378e-09, 6.14643336228e-10, 4.03177796704e-10],
        "min": [7.44975623093e-05, 0.000164105324075, 0.000201556933462, 0.000133786685183, 1.17715735541e-05, 2.80687072518e-06, 3.40010046784e-06, 1.16831233754e-06, 5.20824869454e-06, 4.37841117673e-06, 2.27073064707e-06, 2.36873916037e-06, 1.88204387541e-06, 9.5589234661e-07, 3.55522075779e-07, 2.01698725277e-07, 4.99328507431e-07, 6.28131090252e-07, 6.57765610868e-07, 6.97024177043e-07, 9.2436715704e-07, 6.1875607571e-07, 2.87647765163e-07, 2.79086265209e-07, 2.91286028187e-07, 7.19161477036e-08, 5.78249910177e-08, 2.42186573018e-08, 2.10652579824e-08, 1.61631810158e-08, 7.34377403333e-09, 7.035259042e-09, 1.90572668757e-09, 4.98030616747e-10, 3.64398400343e-10, 2.70874295216e-10, 2.44735787192e-10, 1.35867983531e-10, 8.77690350953e-11, 4.50286856413e-11],
        "var": [7.30250667402e-06, 7.09757441655e-05, 7.29621660867e-06, 1.52699558384e-05, 1.83647532737e-08, 1.55263402135e-09, 3.77685482889e-09, 7.74765085421e-10, 6.92741579655e-08, 6.87117340803e-09, 3.29733111926e-08, 3.91648535825e-09, 3.97518906681e-10, 8.76856642851e-10, 3.02674135755e-11, 1.14234151652e-11, 3.13065573465e-10, 3.06900749258e-09, 2.54350762674e-10, 9.53393822223e-11, 1.1139363737e-10, 5.22086748833e-11, 3.50347667544e-11, 1.18975211627e-11, 9.10583154018e-12, 1.59183256854e-12, 3.73202364195e-13, 1.35216287494e-13, 4.62126098835e-14, 4.69432300107e-14, 5.46027083953e-14, 1.03570589401e-14, 7.09411533847e-16, 9.22708392774e-17, 5.79547552573e-17, 3.49309836177e-17, 2.50964662246e-17, 1.97853926287e-17, 1.60168702544e-17, 1.31788524503e-17]
    },
    "mfcc": {
        "mean": [-715.95904541, 224.010269165, -31.471786499, 61.0120048523, 16.214050293, 10.9468193054, 11.0141887665, 15.7804164886, 26.9102592468, 2.74954748154, -1.7334125042, -13.0311183929, -16.6100749969],
        "cov": [[595.2578125, -78.3653793335, -215.881790161, -43.6012153625, -160.770858765, -13.172129631, -64.9599304199, -6.46159696579, -28.8083972931, 5.26841449738, -23.7535362244, -36.23985672, -72.6136474609], [-78.3653793335, 117.988235474, 17.2467365265, 0.623024523258, 24.7211875916, -11.3939771652, 29.0486831665, 1.20954811573, 25.219789505, -4.33481740952, 3.46572566032, 13.425535202, 20.465587616], [-215.881790161, 17.2467365265, 166.346603394, 32.1891212463, 49.1861763, 6.06285238266, 8.55316543579, -2.07976984978, -9.60960483551, -5.16767883301, 16.3414344788, 22.6634082794, 41.4460716248], [-43.6012153625, 0.623024523258, 32.1891212463, 54.9124221802, 16.7299537659, 0.368420600891, -2.9330868721, -4.60465097427, 2.1194999218, -1.4249958992, 10.4239196777, 8.62763309479, 12.7613334656], [-160.770858765, 24.7211875916, 49.1861763, 16.7299537659, 105.802749634, 28.3036766052, 12.7094430923, 0.408438026905, 0.479363709688, 1.57680892944, -1.62290835381, 5.45387268066, 23.2418632507], [-13.172129631, -11.3939771652, 6.06285238266, 0.368420600891, 28.3036766052, 50.078327179, 2.60489392281, -4.97409963608, -2.65010380745, 4.08183050156, 4.29780101776, -5.0748705864, -3.32931542397], [-64.9599304199, 29.0486831665, 8.55316543579, -2.9330868721, 12.7094430923, 2.60489392281, 53.6950874329, 15.886264801, 12.138666153, -4.62887525558, -7.76049280167, 3.51182174683, 5.28920888901], [-6.46159696579, 1.20954811573, -2.07976984978, -4.60465097427, 0.408438026905, -4.97409963608, 15.886264801, 49.5197677612, 14.4123239517, -2.09644412994, -4.43811321259, -5.31661653519, 4.82240486145], [-28.8083972931, 25.219789505, -9.60960483551, 2.1194999218, 0.479363709688, -2.65010380745, 12.138666153, 14.4123239517, 52.5261077881, 14.1373758316, 3.09698915482, 7.12049007416, 3.27499938011], [5.26841449738, -4.33481740952, -5.16767883301, -1.4249958992, 1.57680892944, 4.08183050156, -4.62887525558, -2.09644412994, 14.1373758316, 47.0037727356, 18.6800956726, 0.112888142467, -2.75606060028], [-23.7535362244, 3.46572566032, 16.3414344788, 10.4239196777, -1.62290835381, 4.29780101776, -7.76049280167, -4.43811321259, 3.09698915482, 18.6800956726, 50.6071510315, 17.0461997986, 7.42652845383], [-36.23985672, 13.425535202, 22.6634082794, 8.62763309479, 5.45387268066, -5.0748705864, 3.51182174683, -5.31661653519, 7.12049007416, 0.112888142467, 17.0461997986, 42.5831298828, 24.3017978668], [-72.6136474609, 20.465587616, 41.4460716248, 12.7613334656, 23.2418632507, -3.32931542397, 5.28920888901, 4.82240486145, 3.27499938011, -2.75606060028, 7.42652845383, 24.3017978668, 54.6334877014]],
