{
"lowlevel": {
    "average_loudness": 0.99068403244,
    "barkbands_crest": {
        "dmean": 2.26333332062,
        "dmean2": 3.78870654106,
        "dvar": 3.27843594551,
        "dvar2": 9.84541320801,
        "max": 14.4047393799,
        "mean": 7.87476921082,
        "median": 7.57612085342,
        "min": 4.72283220291,
        "var": 4.17917633057
    },
    "barkbands_flatness_db": {
        "dmean": 0.0157506689429,
        "dmean2": 0.0262535158545,
        "dvar": 0.000307023146888,
        "dvar2": 0.000569995841943,
        "max": 0.262706667185,
        "mean": 0.219002634287,
        "median": 0.221115529537,
        "min": 0.110375747085,
        "var": 0.00063108705217
    },
    "barkbands_kurtosis": {
        "dmean": 1.17399549484,
        "dmean2": 2.03908753395,
        "dvar": 0.751030445099,
        "dvar2": 1.68721318245,
        "max": 5.23182201385,
        "mean": 2.26735281944,
        "median": 2.00823545456,
        "min": -0.420494318008,
        "var": 1.60132300854
    },
    "barkbands_skewness": {
        "dmean": 0.311417460442,
        "dmean2": 0.567397296429,
        "dvar": 0.0560918562114,
        "dvar2": 0.135260179639,
        "max": 2.03177833557,
        "mean": 1.35054957867,
        "median": 1.29704070091,
        "min": 0.659592211246,
        "var": 0.086340367794
    },
    "barkbands_spread": {
        "dmean": 2.43156838417,
        "dmean2": 3.9623708725,
        "dvar": 2.23252010345,
        "dvar2": 7.67578887939,
        "max": 20.3346424103,
        "mean": 12.5978717804,
        "median": 12.5697336197,
        "min": 6.76737594604,
        "var": 7.37008237839
    },
    "dissonance": {
        "dmean": 0.0283376127481,
        "dmean2": 0.0450451858342,
        "dvar": 0.000628895824775,
        "dvar2": 0.00121019943617,
        "max": 0.496924072504,
        "mean": 0.460708230734,
        "median": 0.467146188021,
        "min": 0.356472939253,
        "var": 0.00105491827708
    },
    "dynamic_complexity": 0.463832855225,
    "erbbands_crest": {
        "dmean": 2.24067163467,
        "dmean2": 3.81768965721,
        "dvar": 2.90740942955,
        "dvar2": 7.82797384262,
        "max": 15.8451013565,
        "mean": 7.65089988708,
        "median": 7.08950042725,
        "min": 4.78018283844,
        "var": 4.8618183136
    },
    "erbbands_flatness_db": {
        "dmean": 0.0127949258313,
        "dmean2": 0.0203237552196,
        "dvar": 0.000132755973027,
        "dvar2": 0.000254513579421,
        "max": 0.286639839411,
        "mean": 0.244207948446,
        "median": 0.244022116065,
        "min": 0.16046603024,
        "var": 0.000260880187852
    },
    "erbbands_kurtosis": {
        "dmean": 0.631081104279,
        "dmean2": 1.08507049084,
        "dvar": 0.306994199753,
        "dvar2": 0.816954493523,
        "max": 2.06879615784,
        "mean": -0.413114100695,
        "median": -0.582957983017,
        "min": -1.38813757896,
        "var": 0.476161837578
    },
    "erbbands_skewness": {
        "dmean": 0.280007481575,
        "dmean2": 0.467669337988,
        "dvar": 0.0453123748302,
        "dvar2": 0.122967302799,
        "max": 1.68906784058,
        "mean": 0.639628171921,
        "median": 0.632003605366,
        "min": -0.0795095562935,
        "var": 0.112872824073
    },
    "erbbands_spread": {
        "dmean": 4.11051034927,
        "dmean2": 7.27316093445,
        "dvar": 12.7355518341,
        "dvar2": 34.3547210693,
        "max": 37.6181106567,
        "mean": 26.7115650177,
        "median": 26.5109119415,
        "min": 15.9565410614,
        "var": 17.6239814758
    },
    "hfc": {
        "dmean": 3.67467904091,
        "dmean2": 5.63518857956,
        "dvar": 7.7660036087,
        "dvar2": 23.1413059235,
        "max": 38.3358039856,
        "mean": 25.8490524292,
        "median": 25.5168132782,
        "min": 13.5371599197,
        "var": 28.474527359
    },
    "melbands_crest": {
        "dmean": 3.78891062737,
        "dmean2": 6.13187074661,
        "dvar": 5.28167009354,
        "dvar2": 19.1700515747,
        "max": 19.3423728943,
        "mean": 12.3750801086,
        "median": 12.44734478,
        "min": 6.16264104843,
        "var": 11.7035608292
    },
    "melbands_flatness_db": {
        "dmean": 0.0208694115281,
        "dmean2": 0.0358308441937,
        "dvar": 0.000467317557195,
        "dvar2": 0.00101408280898,
        "max": 0.361409544945,
        "mean": 0.313805103302,
        "median": 0.318802028894,
        "min": 0.20494222641,
        "var": 0.000833754253108
    },
    "melbands_kurtosis": {
        "dmean": 2.4133348465,
        "dmean2": 4.49733018875,
        "dvar": 3.50054955482,
        "dvar2": 8.09171676636,
        "max": 10.5548477173,
        "mean": 5.53042793274,
        "median": 4.97174119949,
        "min": 1.48931932449,
        "var": 4.7713971138
    },
    "melbands_skewness": {
        "dmean": 0.484376788139,
        "dmean2": 0.865811407566,
        "dvar": 0.11536359787,
        "dvar2": 0.314956992865,
        "max": 2.71240830421,
        "mean": 1.85129415989,
        "median": 1.75164473057,
        "min": 1.03698444366,
        "var": 0.169300615788
    },
    "melbands_spread": {
        "dmean": 2.98447990417,
        "dmean2": 5.46334695816,
        "dvar": 7.00725412369,
        "dvar2": 17.361497879,
        "max": 25.6071491241,
        "mean": 13.8233070374,
        "median": 13.8042488098,
        "min": 8.4250459671,
        "var": 11.6942129135
    },
    "pitch_salience": {
        "dmean": 0.0899747014046,
        "dmean2": 0.149431407452,
        "dvar": 0.00468368129805,
        "dvar2": 0.0132294772193,
        "max": 0.824385643005,
        "mean": 0.602334260941,
        "median": 0.599467515945,
        "min": 0.424986600876,
        "var": 0.00777510087937
    },
    "silence_rate_20dB": {
        "dmean": 0,
        "dmean2": 0,
        "dvar": 0,
        "dvar2": 0,
        "max": 1,
        "mean": 1,
        "median": 1,
        "min": 1,
        "var": 0
    },
    "silence_rate_30dB": {
        "dmean": 0,
        "dmean2": 0,
        "dvar": 0,
        "dvar2": 0,
        "max": 1,
        "mean": 1,
        "median": 1,
        "min": 1,
        "var": 0
    },
    "silence_rate_60dB": {
        "dmean": 0,
        "dmean2": 0,
        "dvar": 0,
        "dvar2": 0,
        "max": 0,
        "mean": 0,
        "median": 0,
        "min": 0,
        "var": 0
    },
    "spectral_centroid": {
        "dmean": 96.7674026489,
        "dmean2": 166.365707397,
        "dvar": 5246.00976562,
        "dvar2": 16681.8769531,
        "max": 1046.1105957,
        "mean": 737.319824219,
        "median": 715.651916504,
        "min": 573.511474609,
        "var": 12129.1308594
    },
    "spectral_complexity": {
        "dmean": 2.79999995232,
        "dmean2": 4.34693861008,
        "dvar": 10.720000267,
        "dvar2": 19.2061691284,
        "max": 27,
        "mean": 21.254901886,
        "median": 22,
        "min": 7,
        "var": 11.3271827698
    },
    "spectral_decrease": {
        "dmean": 4.27196500397e-09,
        "dmean2": 7.26634308279e-09,
        "dvar": 1.06141458738e-17,
        "dvar2": 3.05113741485e-17,
        "max": -5.70848879278e-09,
        "mean": -1.62831792494e-08,
        "median": -1.71501230994e-08,
        "min": -2.49356997273e-08,
        "var": 2.21218469869e-17
    },
    "spectral_energy": {
        "dmean": 0.016319938004,
        "dmean2": 0.0277644004673,
        "dvar": 0.000154079389176,
        "dvar2": 0.000440712814452,
        "max": 0.0963473692536,
        "mean": 0.0638009086251,
        "median": 0.0674886256456,
        "min": 0.0229201577604,
        "var": 0.000326588051394
    },
    "spectral_energyband_high": {
        "dmean": 1.36249900606e-05,
        "dmean2": 2.02802220883e-05,
        "dvar": 1.46873221918e-10,
        "dvar2": 2.89374552098e-10,
        "max": 0.000173333290149,
        "mean": 7.52785053919e-05,
        "median": 6.53543684166e-05,
        "min": 2.67869036179e-05,
        "var": 1.3655335751e-09
    },
    "spectral_energyband_low": {
        "dmean": 0.014611360617,
        "dmean2": 0.0255950447172,
        "dvar": 0.000143791752635,
        "dvar2": 0.000392916583223,
        "max": 0.0632332786918,
        "mean": 0.026528744027,
        "median": 0.0263586081564,
        "min": 0.00277574872598,
        "var": 0.000212015060242
    },
    "spectral_energyband_middle_high": {
        "dmean": 0.00130567757878,
        "dmean2": 0.0022921464406,
        "dvar": 8.65373010583e-07,
        "dvar2": 2.32819525081e-06,
        "max": 0.00935825146735,
        "mean": 0.00552587583661,
        "median": 0.00568961305544,
        "min": 0.00174046342727,
        "var": 2.71032808996e-06
    },
    "spectral_energyband_middle_low": {
        "dmean": 0.00681915506721,
        "dmean2": 0.0113794533536,
        "dvar": 3.20393919537e-05,
        "dvar2": 6.70831286698e-05,
        "max": 0.0620075799525,
        "mean": 0.0322052016854,
        "median": 0.0301081389189,
        "min": 0.0115539375693,
        "var": 0.000100543002191
    },
    "spectral_entropy": {
        "dmean": 0.0789152681828,
        "dmean2": 0.118781663477,
        "dvar": 0.00387809192762,
        "dvar2": 0.00956341344863,
        "max": 7.34398317337,
        "mean": 6.9120554924,
        "median": 6.90874576569,
        "min": 6.6779718399,
        "var": 0.0135528724641
    },
    "spectral_flux": {
        "dmean": 0.024499155581,
        "dmean2": 0.0426918007433,
        "dvar": 0.000336866738508,
        "dvar2": 0.000938067561947,
        "max": 0.187146425247,
        "mean": 0.130322322249,
        "median": 0.131057038903,
        "min": 0.089024014771,
        "var": 0.000549659016542
    },
    "spectral_kurtosis": {
        "dmean": 6.59496164322,
        "dmean2": 12.0704421997,
        "dvar": 38.2741317749,
        "dvar2": 128.074401855,
        "max": 29.7773170471,
        "mean": 11.0531663895,
        "median": 9.12540817261,
        "min": 3.73866415024,
        "var": 34.7346611023
    },
    "spectral_rms": {
        "dmean": 0.00103728251997,
        "dmean2": 0.00175898626912,
        "dvar": 6.93190600032e-07,
        "dvar2": 2.00612817025e-06,
        "max": 0.00969522725791,
        "mean": 0.00779902888462,
        "median": 0.00811434350908,
        "min": 0.00472875544801,
        "var": 1.41994212299e-06
    },
    "spectral_rolloff": {
        "dmean": 142.98046875,
        "dmean2": 250.048828125,
        "dvar": 39909.0234375,
        "dvar2": 117316.734375,
        "max": 1571.92382812,
        "mean": 649.373840332,
        "median": 602.9296875,
        "min": 452.197265625,
        "var": 45974.6210938
    },
    "spectral_skewness": {
        "dmean": 0.523165881634,
        "dmean2": 0.929597556591,
        "dvar": 0.24569195509,
        "dvar2": 0.789950370789,
        "max": 3.84234762192,
        "mean": 2.12561154366,
        "median": 2.02046632767,
        "min": 1.38157510757,
        "var": 0.253079980612
    },
    "spectral_spread": {
        "dmean": 149151.34375,
        "dmean2": 239316.796875,
        "dvar": 49429913600,
        "dvar2": 55415603200,
        "max": 3474183.5,
        "mean": 1921242.375,
        "median": 1893028.125,
        "min": 1572093.375,
        "var": 83483123712
    },
    "spectral_strongpeak": {
        "dmean": 0.404257506132,
        "dmean2": 0.698224365711,
        "dvar": 0.259912312031,
        "dvar2": 0.561291396618,
        "max": 2.52499055862,
        "mean": 0.577866375446,
        "median": 0.430076807737,
        "min": 0.102936647832,
        "var": 0.247591853142
    },
    "zerocrossingrate": {
        "dmean": 0.00427734386176,
        "dmean2": 0.00602877885103,
        "dvar": 1.76292433025e-05,
        "dvar2": 2.67958275799e-05,
        "max": 0.04345703125,
        "mean": 0.0293160229921,
        "median": 0.02880859375,
        "min": 0.017578125,
        "var": 4.20548021793e-05
    },
    "barkbands": {
        "dmean": [0.000112590401841, 0.0106164077297, 0.00642018672079, 0.000455768109532, 0.00328377331607, 0.00234029325657, 0.00536827882752, 0.00124726677313, 0.00131114781834, 0.000583749031648, 0.000482195202494, 2.20538204303e-05, 3.74246956198e-05, 0.000316335906973, 0.0002347707632, 0.000920591119211, 0.000149349361891, 6.7820881668e-05, 1.40366164487e-05, 5.13968507221e-06, 1.17575536933e-05, 1.76322282641e-06, 4.09243739341e-07, 3.52305590923e-07, 2.49814405606e-07, 2.63626247943e-07, 2.28127845503e-07],
        "dmean2": [0.000171944324393, 0.0193499699235, 0.0113440975547, 0.000814542232547, 0.00624337792397, 0.00390360481106, 0.00817775167525, 0.00193448015489, 0.00220915093087, 0.000979381962679, 0.000871716649272, 3.81188801839e-05, 6.51037262287e-05, 0.000528659205884, 0.00040010153316, 0.00172256340738, 0.000230898731388, 0.000124292098917, 2.36409305217e-05, 8.55262896948e-06, 1.74835495272e-05, 2.69131305686e-06, 5.11574512529e-07, 4.33815898759e-07, 2.72483731578e-07, 2.99605716236e-07, 2.37294457861e-07],
        "dvar": [1.86739708141e-08, 8.14414524939e-05, 2.75929669442e-05, 2.02520496373e-07, 8.22917172627e-06, 3.00531883113e-06, 1.90574628505e-05, 1.43573618061e-06, 9.81942548606e-07, 2.19995285988e-07, 1.92458458059e-07, 4.85356033142e-10, 1.34371513916e-09, 9.31245693891e-08, 7.21289623584e-08, 5.78171921006e-07, 1.54223602777e-08, 2.9074640473e-09, 2.26054341912e-10, 1.74379781448e-11, 1.15355024144e-10, 2.90328590162e-12, 2.0444245255e-12, 1.83339129468e-12, 1.79930560468e-12, 1.8244752497e-12, 2.11845992137e-12],
        "dvar2": [3.59167700026e-08, 0.00020217175188, 7.61058545322e-05, 4.22935272582e-07, 2.73031255347e-05, 7.53462927605e-06, 5.41535264347e-05, 3.34748392561e-06, 2.40655845118e-06, 5.93429945184e-07, 6.16429133515e-07, 1.18161636031e-09, 4.48080861304e-09, 2.30601131079e-07, 2.31662284023e-07, 1.73265277681e-06, 3.77479807412e-08, 8.18357470678e-09, 5.69129965378e-10, 4.09248780697e-11, 2.6100477335e-10, 4.44657852205e-12, 1.95459230398e-12, 1.82466476824e-12, 1.73275456483e-12, 1.81376680168e-12, 2.15553247994e-12],
        "max": [0.000834306003526, 0.0416293814778, 0.0252906102687, 0.00274249631912, 0.0137284556404, 0.0122345965356, 0.0400199741125, 0.00932052917778, 0.00815774034709, 0.00319471699186, 0.00250685098581, 0.000136737755383, 0.0001696243271, 0.00154257030226, 0.00196242635138, 0.00515057472512, 0.000902441039216, 0.000352898787241, 0.000105627805169, 2.5790057407e-05, 0.000160866780789, 1.54660101543e-05, 1.13073201646e-05, 1.04195351014e-05, 1.00405031844e-05, 1.00221686807e-05, 1.04592008938e-05],
        "mean": [0.000198285139049, 0.0158711988479, 0.0101510323584, 0.000604339526035, 0.00496232043952, 0.00724907545373, 0.0122738396749, 0.00318842427805, 0.00338681112044, 0.00140731665306, 0.000650937261526, 4.06573890359e-05, 4.77571593365e-05, 0.000514167069923, 0.000501972623169, 0.00208328082226, 0.000386310828617, 0.000157684815349, 4.39670402557e-05, 1.32462446345e-05, 6.0756374296e-05, 4.74760963698e-06, 1.07903554181e-06, 6.66085554712e-07, 3.77116890604e-07, 4.93476250085e-07, 2.66417401917e-07],
        "median": [0.000116296592751, 0.0134057262912, 0.00895882025361, 0.000460035487777, 0.00430463301018, 0.00728499796242, 0.0107320398092, 0.00272170687094, 0.00326875504106, 0.00131170253735, 0.000520155648701, 3.61562924809e-05, 3.23777458107e-05, 0.000341054575983, 0.000344911590219, 0.00185607909225, 0.000354126037564, 0.000143985220348, 4.03723606723e-05, 1.2597120076e-05, 5.21614638274e-05, 4.69968153993e-06, 8.21411958896e-07, 4.4914929731e-07, 1.62732050057e-07, 3.00420879285e-07, 4.89772595813e-08],
        "min": [2.6161835649e-06, 0.000886915950105, 0.00064469082281, 8.26800260256e-07, 0.000872657226864, 0.00112460274249, 0.00184840708971, 0.000507847056724, 0.000543065660167, 0.000414068606915, 2.78008155874e-05, 8.23131995276e-06, 6.01752935836e-06, 4.8888829042e-05, 9.5278279332e-05, 0.000680718629155, 0.000149332830915, 3.12099873554e-05, 1.98601992452e-05, 4.80317930851e-06, 1.62401538546e-05, 1.87160219411e-06, 4.57210404647e-07, 2.00151191621e-07, 5.03398815965e-08, 1.3870757698e-07, 3.35989547295e-08],
        "var": [5.00738011056e-08, 0.000107130632387, 4.35516994912e-05, 2.60812953456e-07, 8.2786054918e-06, 8.08465756563e-06, 4.26752230851e-05, 3.19176024277e-06, 1.76812693553e-06, 3.78133876211e-07, 2.29591805123e-07, 8.10167488652e-10, 1.70667957544e-09, 1.78725599653e-07, 1.53859986085e-07, 7.43668351788e-07, 3.37873196088e-08, 5.04621056052e-09, 3.30196231468e-10, 2.95816600382e-11, 1.31508437473e-09, 5.00659756708e-12, 2.17975312279e-12, 1.92931413033e-12, 1.87554268991e-12, 1.82628890309e-12, 2.0851074773e-12]
    },
    "erbbands": {
        "dmean": [0.243411004543, 2.71003246307, 8.35394191742, 2.4198141098, 4.62281656265, 16.2509784698, 15.6002979279, 26.023431778, 50.3902816772, 81.0807113647, 32.4464225769, 28.399389267, 21.9161739349, 27.9257049561, 5.51511907578, 0.935190558434, 1.87623715401, 9.76933383942, 15.301281929, 22.1512908936, 41.3128852844, 7.16633176804, 3.18169379234, 2.41230177879, 0.398829847574, 0.209924310446, 0.354530990124, 0.567980229855, 0.0800255089998, 0.0163082778454, 0.013228783384, 0.00922026019543, 0.00478501059115, 0.00287791411392, 0.0018112717662, 0.00119055504911, 0.0004652403004, 0.000143047669553, 3.7629968574e-05, 1.85521057574e-05],
        "dmean2": [0.40906560421, 4.92336988449, 14.805765152, 4.31503534317, 8.19239807129, 30.2359218597, 26.2244815826, 45.6630821228, 90.3648223877, 130.457366943, 53.8621749878, 48.8031463623, 38.7693824768, 45.6559104919, 10.0444097519, 1.62375700474, 3.34630417824, 16.7183647156, 26.2219219208, 40.8551330566, 76.5827713013, 11.6496715546, 5.42503070831, 4.52292013168, 0.630957484245, 0.353681147099, 0.598593473434, 0.819029152393, 0.121766701341, 0.0210759565234, 0.0173033233732, 0.0119350245222, 0.00575508410111, 0.00321848527528, 0.00195708172396, 0.00144795875531, 0.000524178729393, 0.000149291401613, 4.2751806177e-05, 2.94046913041e-05],
        "dvar": [0.0364499911666, 5.52114248276, 43.9744415283, 5.01172590256, 13.0459423065, 198.723449707, 155.874465942, 298.965118408, 1797.29748535, 5824.28808594, 1176.0760498, 562.169311523, 256.358520508, 720.443054199, 21.1557178497, 1.50686752796, 3.91545176506, 97.1730270386, 228.641448975, 867.992370605, 1096.27746582, 41.2587051392, 6.49701786041, 4.92173862457, 0.115766011178, 0.0403547510505, 0.149612635374, 0.300494372845, 0.00602614087984, 0.00316530582495, 0.00141305814032, 0.000911326089408, 0.000461331073893, 0.000231841375353, 8.68896604516e-05, 2.8089447369e-05, 6.2372641878e-06, 8.25377583169e-07, 4.13400265131e-08, 2.79787859547e-10],
        "dvar2": [0.101940698922, 14.0274238586, 123.93913269, 12.2905406952, 48.0994415283, 636.84552002, 414.10269165, 787.094299316, 4290.65185547, 13454.1464844, 3260.07373047, 1309.16918945, 621.589294434, 2054.73779297, 59.2196617126, 4.05273199081, 12.8497877121, 292.623046875, 504.027648926, 2528.52539062, 3565.66870117, 87.138343811, 15.6370067596, 15.1437368393, 0.298860728741, 0.0806525275111, 0.344772875309, 0.518006563187, 0.0121342567727, 0.00302946404554, 0.001303819241, 0.000886532710865, 0.000462846306618, 0.000229442870477, 8.17072359496e-05, 2.70881828328e-05, 6.23766936769e-06, 8.40266807245e-07, 4.07964506621e-08, 4.23652030124e-10],
        "max": [1.15320253372, 10.5186662674, 30.5333480835, 12.4497499466, 19.0529499054, 61.5599632263, 82.670173645, 133.978668213, 286.143218994, 611.29498291, 254.292938232, 185.648345947, 115.20198822, 216.846923828, 33.0586967468, 8.15411663055, 8.99418258667, 56.7337532043, 112.224311829, 223.26864624, 212.326812744, 46.5690078735, 19.9812068939, 14.6235494614, 2.69912171364, 1.29057383537, 3.5655272007, 7.39101648331, 0.743946254253, 0.436682730913, 0.308992862701, 0.239387482405, 0.160354092717, 0.112605288625, 0.0705355927348, 0.0406310297549, 0.018295718357, 0.00653013493866, 0.00149756902829, 0.00017362475046],
        "mean": [0.393318653107, 3.87620902061, 12.5344228745, 4.8201084137, 6.56889295578, 21.0194377899, 32.3262138367, 72.1432800293, 126.690567017, 165.64692688, 73.8958969116, 77.7669067383, 57.386756897, 49.5786933899, 9.89594745636, 1.94069683552, 2.61512541771, 15.2473039627, 34.8065872192, 49.702167511, 103.386871338, 23.3002071381, 9.59030246735, 5.40915679932, 1.2033200264, 0.618641376495, 1.09331488609, 3.10767936707, 0.320024013519, 0.0451781973243, 0.0345759689808, 0.0177885740995, 0.0088272690773, 0.00429281778634, 0.00288457330316, 0.00261823483743, 0.000755439919885, 0.000160000126925, 6.66892083245e-05, 7.5550575275e-05],
        "median": [0.334614902735, 3.37297081947, 11.5805015564, 4.55010175705, 5.61067485809, 18.0216026306, 30.0560112, 73.8447723389, 120.9008255, 133.524108887, 62.3634300232, 79.5188980103, 56.2565078735, 40.628490448, 8.69467449188, 1.48062694073, 1.86913275719, 9.3685874939, 24.9223861694, 43.9287109375, 93.1206207275, 21.057056427, 8.57142066956, 4.51440000534, 1.1590000391, 0.560568749905, 0.970063209534, 2.54001522064, 0.274323552847, 0.035536415875, 0.0277029015124, 0.0136240776628, 0.00543586816639, 0.00189181568567, 0.00142247229815, 0.00188082060777, 0.000369646848412, 2.29665165534e-05, 3.8358841266e-05, 7.82434435678e-05],
        "min": [0.010271078907, 0.264744848013, 1.2112455368, 1.17940950394, 1.2939748764, 1.36551988125, 7.51083946228, 12.003868103, 16.7849960327, 33.8449478149, 22.118844986, 10.4191560745, 9.81155204773, 6.84214687347, 1.17727506161, 0.367547243834, 0.422235071659, 1.53485131264, 8.41286182404, 14.4860439301, 38.4647903442, 9.52150535583, 3.93939948082, 2.42880058289, 0.599999904633, 0.27078166604, 0.384956002235, 0.702722668648, 0.136986538768, 0.0148226562887, 0.0152150047943, 0.00582796707749, 0.00288575980812, 0.000861373438966, 0.00036938089761, 0.000908925780095, 0.000154888359248, 1.39988133014e-05, 1.96157106984e-05, 3.34138057951e-05],
        "var": [0.0900646746159, 6.69969558716, 67.6942749023, 6.60438632965, 16.1932315826, 208.184768677, 226.006362915, 837.032043457, 2838.69140625, 11170.5947266, 1832.27282715, 940.425231934, 511.044647217, 1252.73364258, 33.132610321, 1.86517703533, 4.40306377411, 192.205932617, 619.94128418, 887.725646973, 1437.31628418, 86.3172836304, 15.9187116623, 6.51737928391, 0.192635521293, 0.0661305934191, 0.29838514328, 4.00316619873, 0.0179669000208, 0.0032339154277, 0.00159941904712, 0.00100558192935, 0.000463198288344, 0.000235584229813, 9.20151433093e-05, 2.9139311664e-05, 6.18947160547e-06, 8.14765144241e-07, 4.10874250178e-08, 5.27838051045e-10]
    },
    "gfcc": {
        "mean": [-11.8594303131, 192.258850098, -129.925872803, 22.5732250214, -35.3902320862, -27.817281723, -27.3308467865, 10.8329105377, 15.4365177155, 4.35786294937, -27.536567688, -0.434059292078, 11.7048435211],
        "cov": [[106.41885376, -22.1042118073, 5.98023700714, -29.8174858093, 22.4260635376, 43.0764350891, -2.87782359123, -6.27795696259, -10.6528654099, 5.51818704605, 15.0560073853, -14.6752223969, -22.9782714844], [-22.1042118073, 234.27281189, -28.6791286469, 30.3867721558, 55.4993743896, -6.8790769577, 55.4588394165, 3.61653447151, 31.7365913391, -1.4785284996, 23.3457832336, -7.40475225449, 29.1493244171], [5.98023700714, -28.6791286469, 100.361755371, 19.2002830505, -6.65324258804, -0.825585961342, -4.06354045868, 7.92554521561, 0.264285892248, -6.08800411224, -10.2408046722, 0.42590790987, 7.87411308289], [-29.8174858093, 30.3867721558, 19.2002830505, 64.2411651611, -8.18195533752, -18.5427646637, 12.0159025192, 8.91446018219, 14.1871805191, -9.49779033661, -7.2827372551, 6.33277654648, 26.2883968353], [22.4260635376, 55.4993743896, -6.65324258804, -8.18195533752, 68.9992599487, 38.5523376465, 23.4046630859, 6.96333551407, 0.528066039085, 5.43754386902, 22.3466243744, -12.2567110062, -1.84106135368], [43.0764350891, -6.8790769577, -0.825585961342, -18.5427646637, 38.5523376465, 57.6505241394, 16.6858024597, 2.48938345909, -8.81278705597, 1.60421800613, 16.8953075409, -5.14951467514, -8.14467811584], [-2.87782359123, 55.4588394165, -4.06354045868, 12.0159025192, 23.4046630859, 16.6858024597, 35.6781768799, 8.57732772827, 8.5320558548, 0.732667982578, 8.62983226776, 0.174097135663, 10.6159973145], [-6.27795696259, 3.61653447151, 7.92554521561, 8.91446018219, 6.96333551407, 2.48938345909, 8.57732772827, 16.4361801147, 9.3505821228, 2.82214641571, 3.48161029816, 0.00208423379809, 10.7238950729], [-10.6528654099, 31.7365913391, 0.264285892248, 14.1871805191, 0.528066039085, -8.81278705597, 8.5320558548, 9.3505821228, 27.8992996216, 11.175904274, 8.80584526062, 2.24074888229, 9.2462015152], [5.51818704605, -1.4785284996, -6.08800411224, -9.49779033661, 5.43754386902, 1.60421800613, 0.732667982578, 2.82214641571, 11.175904274, 21.162607193, 8.30971336365, -2.73472881317, -5.64275169373], [15.0560073853, 23.3457832336, -10.2408046722, -7.2827372551, 22.3466243744, 16.8953075409, 8.62983226776, 3.48161029816, 8.80584526062, 8.30971336365, 25.3377227783, -2.85873889923, -2.90792179108], [-14.6752223969, -7.40475225449, 0.42590790987, 6.33277654648, -12.2567110062, -5.14951467514, 0.174097135663, 0.00208423379809, 2.24074888229, -2.73472881317, -2.85873889923, 19.5970649719, 9.14183521271], [-22.9782714844, 29.1493244171, 7.87411308289, 26.2883968353, -1.84106135368, -8.14467811584, 10.6159973145, 10.7238950729, 9.2462015152, -5.64275169373, -2.90792179108, 9.14183521271, 33.0690841675]],
        "icov": [[0.0182156581432, -0.00248146196827, -0.00248174741864, 0.000649916590191, 0.00565320719033, -0.0172564405948, 0.0080990716815, 0.00238794484176, 0.000937856384553, -0.0028546191752, -0.00387558271177, 0.00845439918339, 0.0041817734018], [-0.00248146196827, 0.0215297210962, 0.00192225154024, 0.00564262503758, -0.0191608853638, 0.0232464373112, -0.0299239009619, 0.0324931032956, -0.0220841970295, 0.0165951121598, -0.0073338393122, 0.0102099711075, -0.0163783598691], [-0.00248174741864, 0.00192225154024, 0.0125018749386, -0.00363316107541, -0.00185346452054, -0.000130259781145, 0.00144087919034, -0.00484415562823, -0.00298932823353, 0.00305221905001, 0.00561172980815, 0.000539653410669, -0.000833507161587], [0.000649916590191, 0.00564262503758, -0.00363316107541, 0.0331101082265, -0.00520485639572, 0.0116716017947, -0.0156143223867, 0.0115189915523, -0.021450612694, 0.019740074873, 0.00257859472185, 0.0060144783929, -0.0181860607117], [0.00565320719033, -0.0191608853638, -0.00185346452054, -0.00520485639572, 0.0524698272347, -0.0357961989939, 0.0154176438227, -0.0309820435941, 0.0271547362208, -0.0183263272047, -0.0125155299902, 0.0098078623414, 0.0100677274168], [-0.0172564405948, 0.0232464373112, -0.000130259781145, 0.0116716017947, -0.0357961989939, 0.0775925964117, -0.0506533123553, 0.0226575043052, -0.00236191181466, 0.019100824371, -0.0212046410888, -0.00373422028497, -0.0126107083634], [0.0080990716815, -0.0299239009619, 0.00144087919034, -0.0156143223867, 0.0154176438227, -0.0506533123553, 0.0946329757571, -0.0498045012355, 0.0153673682362, -0.0190722048283, 0.0147608239204, -0.0144446417689, 0.015968484804], [0.00238794484176, 0.0324931032956, -0.00484415562823, 0.0115189915523, -0.0309820435941, 0.0226575043052, -0.0498045012355, 0.155305877328, -0.058364611119, 0.0166498459876, -0.0102510461584, 0.0309892706573, -0.0558140948415], [0.000937856384553, -0.0220841970295, -0.00298932823353, -0.021450612694, 0.0271547362208, -0.00236191181466, 0.0153673682362, -0.058364611119, 0.116747297347, -0.0614115931094, -0.0280610304326, -0.0158335026354, 0.0115936500952], [-0.0028546191752, 0.0165951121598, 0.00305221905001, 0.019740074873, -0.0183263272047, 0.019100824371, -0.0190722048283, 0.0166498459876, -0.0614115931094, 0.0981592684984, -0.00856420304626, 0.0100605459884, 0.00176258082502], [-0.00387558271177, -0.0073338393122, 0.00561172980815, 0.00257859472185, -0.0125155299902, -0.0212046410888, 0.0147608239204, -0.0102510461584, -0.0280610304326, -0.00856420304626, 0.0856264010072, -0.0102216945961, 0.00979172438383], [0.00845439918339, 0.0102099711075, 0.000539653410669, 0.0060144783929, 0.0098078623414, -0.00373422028497, -0.0144446417689, 0.0309892706573, -0.0158335026354, 0.0100605459884, -0.0102216945961, 0.080666154623, -0.030875870958], [0.0041817734018, -0.0163783598691, -0.000833507161587, -0.0181860607117, 0.0100677274168, -0.0126107083634, 0.015968484804, -0.0558140948415, 0.0115936500952, 0.00176258082502, 0.00979172438383, -0.030875870958, 0.0791218206286]]
    },
    "melbands": {
        "dmean": [0.00265731150284, 0.00392913771793, 0.00044873013394, 0.000763647258282, 0.000556084385607, 0.000541650108062, 0.000866805086844, 0.000731397652999, 0.000269440119155, 0.000182431002031, 0.00010825584468, 0.000109705251816, 3.54065778083e-05, 2.47489515459e-06, 3.18031084134e-06, 3.54420694748e-06, 2.17478282138e-05, 3.05360190396e-05, 2.33523987845e-05, 6.26765613561e-05, 3.83713158953e-05, 8.51725872053e-06, 4.75136403111e-06, 2.95697395813e-06, 2.03015497391e-06, 4.20162280079e-07, 2.180202614e-07, 1.5494677541e-07, 1.96917497419e-07, 3.23656990986e-07, 2.89805058173e-07, 5.61885116213e-08, 1.73502172629e-08, 8.37330826897e-09, 8.75579964088e-09, 5.58259660721e-09, 5.85537218711e-09, 3.77532982654e-09, 2.79975953532e-09, 2.35087704858e-09],
        "dmean2": [0.00471461564302, 0.00681797834113, 0.000812360842247, 0.00143110344652, 0.000966723833699, 0.000934437615797, 0.00147166510578, 0.00118673685938, 0.000464826705866, 0.000309410359478, 0.000187071433174, 0.000177358102519, 6.48133573122e-05, 4.29366991739e-06, 5.81551375944e-06, 6.07727406532e-06, 3.67855100194e-05, 5.1473503845e-05, 4.14140013163e-05, 0.000119954878755, 6.94628761266e-05, 1.35960472107e-05, 7.54029224481e-06, 5.38547692486e-06, 3.84437862522e-06, 6.78916649122e-07, 3.93090772377e-07, 2.66125340431e-07, 3.2880043932e-07, 5.02780380884e-07, 4.41461168066e-07, 8.87801050453e-08, 2.44760194335e-08, 1.1242430098e-08, 1.18509708713e-08, 6.97536250982e-09, 7.87781218037e-09, 4.93804508395e-09, 3.20441717605e-09, 2.66165622875e-09],
        "dvar": [4.13592169934e-06, 9.30290389078e-06, 1.45697299558e-07, 4.18238897737e-07, 1.63711192158e-07, 1.19076858596e-07, 5.53298718842e-07, 4.56473685517e-07, 5.8401333547e-08, 2.96734796734e-08, 6.35978913976e-09, 1.07182618336e-08, 9.04118113709e-10, 5.39858869414e-12, 1.07228713755e-11, 1.19947914448e-11, 5.03958152986e-10, 1.02320651951e-09, 8.11898881459e-10, 3.15071302381e-09, 9.33723653951e-10, 5.33479753428e-11, 1.61450991465e-11, 4.77075974212e-12, 3.54920389953e-12, 1.35745337497e-13, 3.82395158561e-14, 3.00494187638e-14, 4.05868576052e-14, 7.0211333492e-14, 7.59107878011e-14, 2.69171739341e-15, 1.35955956051e-15, 9.08757296912e-16, 4.51542040995e-16, 4.11066386322e-16, 3.21560282436e-16, 2.30461041926e-16, 1.90555188964e-16, 1.56000823988e-16],
        "dvar2": [1.12126863314e-05, 2.69566098723e-05, 3.61179047559e-07, 1.38824623264e-06, 4.60760730903e-07, 3.50368537738e-07, 1.31636284095e-06, 1.03314584976e-06, 1.62184548458e-07, 6.80328753333e-08, 1.74646146434e-08, 3.0917078675e-08, 2.65144972644e-09, 1.45927835787e-11, 3.18477744177e-11, 3.81260821525e-11, 1.51926737857e-09, 2.24510476876e-09, 2.64844546294e-09, 8.44938341515e-09, 3.12388426238e-09, 1.04333292006e-10, 4.11851698578e-11, 1.33104430255e-11, 1.06128205182e-11, 3.72723932881e-13, 9.40536914302e-14, 6.57019469212e-14, 8.79851408202e-14, 1.6032089393e-13, 1.15170731025e-13, 6.66528235667e-15, 1.38045268694e-15, 8.93755390504e-16, 4.24434313235e-16, 3.81463008332e-16, 3.21052724413e-16, 2.32076651394e-16, 1.90442599756e-16, 1.54080732645e-16],
        "max": [0.00990778859705, 0.0147146452218, 0.00183541793376, 0.00319383433089, 0.00228023133241, 0.00270763994195, 0.00580855784938, 0.00544460956007, 0.00184954551514, 0.00132930616383, 0.000564939051401, 0.000847800343763, 0.000199336151127, 1.53249493451e-05, 1.79901799129e-05, 1.54419249156e-05, 0.000126217099023, 0.000204692041734, 0.000179654598469, 0.000410800392274, 0.000200813432457, 4.8986843467e-05, 2.63465644821e-05, 1.57562808454e-05, 1.19527303468e-05, 2.72993452199e-06, 1.11617339371e-06, 1.00569650385e-06, 1.50541222865e-06, 4.16498369304e-06, 3.53274640474e-06, 4.0432163928e-07, 2.89971893608e-07, 2.26300599593e-07, 1.75550880499e-07, 1.65287545428e-07, 1.39572961189e-07, 1.13536792412e-07, 1.01781573392e-07, 9.2387651307e-08],
        "mean": [0.0039790365845, 0.00607672566548, 0.000906813365873, 0.00104232947342, 0.00112206442282, 0.00154437019955, 0.00218326505274, 0.00155576854013, 0.000561542925425, 0.000494702719152, 0.000270860589808, 0.000195618224097, 5.48644093215e-05, 4.6919626584e-06, 4.54595920019e-06, 4.68704092782e-06, 3.15315410262e-05, 6.09425005678e-05, 4.02470468543e-05, 0.000136707021738, 9.92246132228e-05, 2.38974025706e-05, 1.13684454845e-05, 6.83911412125e-06, 4.25214648203e-06, 1.07817834305e-06, 4.73930128919e-07, 3.79216174906e-07, 4.49776337064e-07, 1.61908485552e-06, 1.49724598941e-06, 1.50800019583e-07, 3.29744018757e-08, 1.688531448e-08, 2.28192647e-08, 1.15495808473e-08, 1.04768664855e-08, 6.52230092157e-09, 4.31185886995e-09, 3.26480087409e-09],
        "median": [0.00354426493868, 0.00555665511638, 0.000828883377835, 0.000863717927132, 0.000984103418887, 0.00158819893841, 0.00201681163162, 0.00127836724278, 0.000475617242046, 0.000504691095557, 0.000273369078059, 0.000158649330842, 4.42390883109e-05, 4.26323504144e-06, 3.69060990124e-06, 3.00844885714e-06, 1.95171687665e-05, 4.26859187428e-05, 3.08686394419e-05, 0.000114583774121, 8.86546840775e-05, 2.15509844566e-05, 8.92842035682e-06, 6.434338502e-06, 3.57853286914e-06, 1.03041918464e-06, 4.07751059583e-07, 3.61050183528e-07, 3.71578437353e-07, 1.35973812121e-06, 1.18550940442e-06, 1.43046563039e-07, 2.42081377166e-08, 1.14190639167e-08, 1.86797013413e-08, 8.089052983e-09, 7.63805196868e-09, 3.77061226686e-09, 2.40984765476e-09, 1.29121147108e-09],
        "min": [0.00017036695499, 0.00063469260931, 0.000211997903534, 0.000229263634537, 0.00022066058591, 0.000263299269136, 0.000304880668409, 0.000334775948431, 0.00017278076848, 6.32553492323e-05, 3.46167689713e-05, 2.79997129837e-05, 3.93173968405e-06, 8.67202402333e-07, 5.19588013503e-07, 6.60620798953e-07, 2.65813423539e-06, 1.40749625643e-05, 7.2082348197e-06, 4.01931429224e-05, 3.87120016967e-05, 8.46158127388e-06, 2.88612250188e-06, 1.38534858252e-06, 1.81885081929e-06, 4.61385525341e-07, 1.26005204493e-07, 1.35149278435e-07, 1.51979179464e-07, 4.42988010718e-07, 3.28401768002e-07, 4.02393958154e-08, 8.56154613871e-09, 4.72501415771e-09, 8.30977420208e-09, 3.80463482941e-09, 2.69216471338e-09, 2.08378070354e-09, 6.84536927142e-10, 5.47931533479e-10],
        "var": [7.15177429811e-06, 1.43509387271e-05, 2.03513508268e-07, 4.82432540139e-07, 2.33259925153e-07, 3.58303566372e-07, 1.00462466435e-06, 8.93149774583e-07, 1.04795446987e-07, 4.22269330613e-08, 1.27352475232e-08, 1.93394953385e-08, 1.26610610884e-09, 9.38026305936e-12, 1.29064267954e-11, 1.73502514439e-11, 9.25248044847e-10, 2.23303397995e-09, 1.07896203083e-09, 3.92181931375e-09, 1.26905375097e-09, 1.16012394136e-10, 3.53791856922e-11, 9.18553254292e-12, 4.5397041161e-12, 2.04443165413e-13, 4.88036904455e-14, 3.82134543464e-14, 6.18511589601e-14, 9.05915804612e-13, 9.23289981795e-13, 4.51110096543e-15, 1.48984720384e-15, 9.14189742719e-16, 5.14455307273e-16, 4.82754411008e-16, 3.43534567019e-16, 2.3182370618e-16, 1.90976111399e-16, 1.59521132621e-16]
    },
    "mfcc": {
        "mean": [-658.188476562, 224.131622314, -31.0792636871, 51.4955558777, 2.76109051704, -9.93339538574, -34.2503013611, -0.0554505512118, 33.3761749268, 6.31448173523, -5.06197023392, 4.27453804016, -9.42113494873],
        "cov": [[111.772666931, -3.43195319176, -29.9533977509, -45.372959137, 14.5176277161, 29.1205425262, 22.2078800201, 0.877904176712, -23.9501342773, 13.5123653412, 23.9131851196, -5.64011096954, 1.78532958031], [-3.43195319176, 182.657623291, -46.7991294861, 31.5912094116, 2.42374515533, 28.3446922302, 18.3287372589, 9.85413837433, 6.8458147049, 27.6710758209, 15.5647745132, -2.94395637512, -0.710978984833], [-29.9533977509, -46.7991294861, 104.057060242, 29.876707077, -4.54057264328, -16.3759155273, -16.7778911591, 5.04164075851, 18.4070510864, -11.6975698471, -20.9173870087, 1.67502808571, 5.06822156906], [-45.372959137, 31.5912094116, 29.876707077, 76.7850570679, -10.5022678375, -16.4292697906, -13.0538797379, 6.1332116127, 30.6859989166, -9.79692077637, -14.8408813477, 13.5072193146, -7.9026799202], [14.5176277161, 2.42374515533, -4.54057264328, -10.5022678375, 34.9650611877, 13.3996133804, 19.7891960144, 2.79655432701, -6.26750612259, 18.1646137238, 4.03060722351, -8.43570709229, 4.20773267746], [29.1205425262, 28.3446922302, -16.3759155273, -16.4292697906, 13.3996133804, 35.5197792053, 24.3905353546, 9.14710903168, -5.28925275803, 6.56571245193, 12.6275844574, 2.38289403915, 2.43642783165], [22.2078800201, 18.3287372589, -16.7778911591, -13.0538797379, 19.7891960144, 24.3905353546, 41.6492424011, 11.4147996902, -3.04134988785, 16.1710071564, 1.03034865856, -9.23525524139, 3.4651465416], [0.877904176712, 9.85413837433, 5.04164075851, 6.1332116127, 2.79655432701, 9.14710903168, 11.4147996902, 22.7560710907, 5.96310281754, -4.22268104553, -4.08652353287, 0.93404597044, 1.11356496811], [-23.9501342773, 6.8458147049, 18.4070510864, 30.6859989166, -6.26750612259, -5.28925275803, -3.04134988785, 5.96310281754, 34.149433136, -2.25284838676, -12.2426719666, 6.38338661194, -4.19288921356], [13.5123653412, 27.6710758209, -11.6975698471, -9.79692077637, 18.1646137238, 6.56571245193, 16.1710071564, -4.22268104553, -2.25284838676, 45.5451164246, 11.8500804901, -19.7438468933, 2.66835021973], [23.9131851196, 15.5647745132, -20.9173870087, -14.8408813477, 4.03060722351, 12.6275844574, 1.03034865856, -4.08652353287, -12.2426719666, 11.8500804901, 29.2190551758, 6.62192678452, -1.3993512392], [-5.64011096954, -2.94395637512, 1.67502808571, 13.5072193146, -8.43570709229, 2.38289403915, -9.23525524139, 0.93404597044, 6.38338661194, -19.7438468933, 6.62192678452, 35.9045257568, 0.634846925735], [1.78532958031, -0.710978984833, 5.06822156906, -7.9026799202, 4.20773267746, 2.43642783165, 3.4651465416, 1.11356496811, -4.19288921356, 2.66835021973, -1.3993512392, 0.634846925735, 25.7942962646]],
