{
"lowlevel": {
    "average_loudness": 0.982913851738,
    "barkbands_crest": {
        "dmean": 3.50987410545,
        "dmean2": 6.04434871674,
        "dvar": 7.10675382614,
        "dvar2": 21.5292644501,
        "max": 24.172504425,
        "mean": 13.654299736,
        "median": 13.4548463821,
        "min": 3.20610547066,
        "var": 12.0639600754
    },
    "barkbands_flatness_db": {
        "dmean": 0.0360303595662,
        "dmean2": 0.0615068934858,
        "dvar": 0.000738117319997,
        "dvar2": 0.00219212006778,
        "max": 0.404987454414,
        "mean": 0.292778253555,
        "median": 0.293097496033,
        "min": 0.102388031781,
        "var": 0.00197218242101
    },
    "barkbands_kurtosis": {
        "dmean": 8.95037269592,
        "dmean2": 15.5641441345,
        "dvar": 75.9646453857,
        "dvar2": 225.743103027,
        "max": 88.0814819336,
        "mean": 17.3637485504,
        "median": 15.068151474,
        "min": -1.64503693581,
        "var": 120.798027039
    },
    "barkbands_skewness": {
        "dmean": 0.890747308731,
        "dmean2": 1.54051923752,
        "dvar": 0.587830305099,
        "dvar2": 1.76723766327,
        "max": 7.97104787827,
        "mean": 3.31030058861,
        "median": 3.13810324669,
        "min": -0.761794447899,
        "var": 1.03255867958
    },
    "barkbands_spread": {
        "dmean": 2.61569857597,
        "dmean2": 4.43847846985,
        "dvar": 6.56189155579,
        "dvar2": 18.6028270721,
        "max": 29.4041633606,
        "mean": 5.65000677109,
        "median": 4.83777475357,
        "min": 1.07454502583,
        "var": 12.3520650864
    },
    "dissonance": {
        "dmean": 0.0210539232939,
        "dmean2": 0.0366606898606,
        "dvar": 0.00035489545553,
        "dvar2": 0.000958675751463,
        "max": 0.499976426363,
        "mean": 0.459814429283,
        "median": 0.463711202145,
        "min": 0.215009778738,
        "var": 0.000475227163406
    },
    "dynamic_complexity": 0.913333714008,
    "erbbands_crest": {
        "dmean": 3.98807358742,
        "dmean2": 6.8287153244,
        "dvar": 11.46048069,
        "dvar2": 32.9313011169,
        "max": 22.6905269623,
        "mean": 9.88937568665,
        "median": 9.00404453278,
        "min": 3.74477529526,
        "var": 15.3345985413
    },
    "erbbands_flatness_db": {
        "dmean": 0.0200511123985,
        "dmean2": 0.0341296717525,
        "dvar": 0.000263064051978,
        "dvar2": 0.000704091100488,
        "max": 0.337438076735,
        "mean": 0.239183276892,
        "median": 0.236702427268,
        "min": 0.093263246119,
        "var": 0.000453627842944
    },
    "erbbands_kurtosis": {
        "dmean": 1.24376523495,
        "dmean2": 2.15958118439,
        "dvar": 1.98471105099,
        "dvar2": 5.62307024002,
        "max": 9.66536235809,
        "mean": -0.330287486315,
        "median": -0.844486236572,
        "min": -1.7497484684,
        "var": 2.14961338043
    },
    "erbbands_skewness": {
        "dmean": 0.611409902573,
        "dmean2": 1.02677476406,
        "dvar": 0.230906814337,
        "dvar2": 0.661084771156,
        "max": 3.17151236534,
        "mean": 0.754739761353,
        "median": 0.694695234299,
        "min": -1.54791295528,
        "var": 0.41364595294
    },
    "erbbands_spread": {
        "dmean": 9.36050605774,
        "dmean2": 15.8340206146,
        "dvar": 54.9192962646,
        "dvar2": 166.795837402,
        "max": 66.7467575073,
        "mean": 41.2307395935,
        "median": 42.2587165833,
        "min": 12.3349704742,
        "var": 96.9789276123
    },
    "hfc": {
        "dmean": 4.08860254288,
        "dmean2": 6.88610553741,
        "dvar": 18.249458313,
        "dvar2": 44.5073852539,
        "max": 101.428871155,
        "mean": 12.5682458878,
        "median": 11.1525564194,
        "min": 0.518593013287,
        "var": 55.1374206543
    },
    "melbands_crest": {
        "dmean": 4.07855892181,
        "dmean2": 7.1472568512,
        "dvar": 9.35957622528,
        "dvar2": 27.6697616577,
        "max": 29.9466648102,
        "mean": 18.5813999176,
        "median": 18.1848220825,
        "min": 5.49899864197,
        "var": 20.9319725037
    },
    "melbands_flatness_db": {
        "dmean": 0.0404750294983,
        "dmean2": 0.0689803659916,
        "dvar": 0.000913823780138,
        "dvar2": 0.00271323276684,
        "max": 0.527475178242,
        "mean": 0.400217115879,
        "median": 0.401168525219,
        "min": 0.168215245008,
        "var": 0.00279478053562
    },
    "melbands_kurtosis": {
        "dmean": 19.9173278809,
        "dmean2": 34.347869873,
        "dvar": 305.997161865,
        "dvar2": 928.925292969,
        "max": 177.602020264,
        "mean": 43.7221412659,
        "median": 38.9127082825,
        "min": -1.4247841835,
        "var": 606.401733398
    },
    "melbands_skewness": {
        "dmean": 1.21996116638,
        "dmean2": 2.09754180908,
        "dvar": 0.956935584545,
        "dvar2": 2.92286753654,
        "max": 10.3475322723,
        "mean": 4.99409294128,
        "median": 4.88257884979,
        "min": 0.0222985930741,
        "var": 1.92590498924
    },
    "melbands_spread": {
        "dmean": 2.32754778862,
        "dmean2": 3.96815013885,
        "dvar": 8.06861019135,
        "dvar2": 21.0998821259,
        "max": 48.5760383606,
        "mean": 4.66307210922,
        "median": 3.61057376862,
        "min": 0.73232293129,
        "var": 18.6322975159
    },
    "pitch_salience": {
        "dmean": 0.102621175349,
        "dmean2": 0.179331734776,
        "dvar": 0.00695348437876,
        "dvar2": 0.0202223863453,
        "max": 0.868649303913,
        "mean": 0.464354664087,
        "median": 0.482788354158,
        "min": 0.148674666882,
        "var": 0.0113096032292
    },
    "silence_rate_20dB": {
        "dmean": 0,
        "dmean2": 0,
        "dvar": 0,
        "dvar2": 0,
        "max": 1,
        "mean": 1,
        "median": 1,
        "min": 1,
        "var": 0
    },
    "silence_rate_30dB": {
        "dmean": 0.00202020211145,
        "dmean2": 0.00404448946938,
        "dvar": 0.00201609730721,
        "dvar2": 0.00605025561526,
        "max": 1,
        "mean": 0.998990893364,
        "median": 1,
        "min": 0,
        "var": 0.00100805936381
    },
    "silence_rate_60dB": {
        "dmean": 0,
        "dmean2": 0,
        "dvar": 0,
        "dvar2": 0,
        "max": 0,
        "mean": 0,
        "median": 0,
        "min": 0,
        "var": 0
    },
    "spectral_centroid": {
        "dmean": 143.298904419,
        "dmean2": 242.192398071,
        "dvar": 17157.4160156,
        "dvar2": 49117.0195312,
        "max": 1881.75109863,
        "mean": 439.783294678,
        "median": 400.852661133,
        "min": 183.450469971,
        "var": 34384.3867188
    },
    "spectral_complexity": {
        "dmean": 2.95151519775,
        "dmean2": 4.93225479126,
        "dvar": 6.05017566681,
        "dvar2": 14.4614953995,
        "max": 44,
        "mean": 13.8173561096,
        "median": 13,
        "min": 1,
        "var": 22.9019985199
    },
    "spectral_decrease": {
        "dmean": 6.30450669448e-09,
        "dmean2": 1.10670859144e-08,
        "dvar": 2.3232757167e-17,
        "dvar2": 7.25476903355e-17,
        "max": -1.55216145492e-10,
        "mean": -1.57286503821e-08,
        "median": -1.57418789115e-08,
        "min": -3.54460638619e-08,
        "var": 3.0284256822e-17
    },
    "spectral_energy": {
        "dmean": 0.024075742811,
        "dmean2": 0.0422671549022,
        "dvar": 0.00034085084917,
        "dvar2": 0.00106198317371,
        "max": 0.136623114347,
        "mean": 0.0605033561587,
        "median": 0.0606832765043,
        "min": 0.000632858951576,
        "var": 0.000442622666014
    },
    "spectral_energyband_high": {
        "dmean": 6.2957242335e-06,
        "dmean2": 9.6882613434e-06,
        "dvar": 3.89030391235e-10,
        "dvar2": 8.22302115289e-10,
        "max": 0.000586776412092,
        "mean": 1.38462155519e-05,
        "median": 8.90960927791e-06,
        "min": 1.20419190353e-06,
        "var": 8.3032197784e-10
    },
    "spectral_energyband_low": {
        "dmean": 0.017631854862,
        "dmean2": 0.0318647101521,
        "dvar": 0.000233133250731,
        "dvar2": 0.000745753059164,
        "max": 0.0990913137794,
        "mean": 0.0326936580241,
        "median": 0.0289916358888,
        "min": 4.78539805044e-05,
        "var": 0.00048167409841
    },
    "spectral_energyband_middle_high": {
        "dmean": 0.000740961171687,
        "dmean2": 0.00113607198,
        "dvar": 2.38750430981e-06,
        "dvar2": 4.34606909039e-06,
        "max": 0.0484768934548,
        "mean": 0.00177126971539,
        "median": 0.00122525857296,
        "min": 0.000161337593454,
        "var": 8.87805344973e-06
    },
    "spectral_energyband_middle_low": {
        "dmean": 0.0180657356977,
        "dmean2": 0.0320142991841,
        "dvar": 0.000342187500792,
        "dvar2": 0.000992017565295,
        "max": 0.133448690176,
        "mean": 0.0267946459353,
        "median": 0.0200702436268,
        "min": 0.000397603027523,
        "var": 0.000429709994933
    },
    "spectral_entropy": {
        "dmean": 0.286815881729,
        "dmean2": 0.483103424311,
        "dvar": 0.0515469126403,
        "dvar2": 0.145816206932,
        "max": 8.01286411285,
        "mean": 6.59474802017,
        "median": 6.60706663132,
        "min": 5.41143465042,
        "var": 0.0931765586138
    },
    "spectral_flux": {
        "dmean": 0.0374638438225,
        "dmean2": 0.0603719912469,
        "dvar": 0.000941500009503,
        "dvar2": 0.00249801808968,
        "max": 0.292065292597,
        "mean": 0.129937022924,
        "median": 0.125017628074,
        "min": 0.0401235409081,
        "var": 0.00183947547339
    },
    "spectral_kurtosis": {
        "dmean": 8.38150310516,
        "dmean2": 14.8778133392,
        "dvar": 39.954498291,
        "dvar2": 129.654830933,
        "max": 42.2008514404,
        "mean": 14.6091871262,
        "median": 14.0187644958,
        "min": 1.71897983551,
        "var": 59.1575927734
    },
    "spectral_rms": {
        "dmean": 0.00158248643856,
        "dmean2": 0.00276883505285,
        "dvar": 1.48756510043e-06,
        "dvar2": 4.63097330794e-06,
        "max": 0.0115451654419,
        "mean": 0.00755538698286,
        "median": 0.00769436126575,
        "min": 0.0007857629098,
        "var": 1.94385097529e-06
    },
    "spectral_rolloff": {
        "dmean": 88.7859649658,
        "dmean2": 160.464309692,
        "dvar": 23797.7011719,
        "dvar2": 58336.84375,
        "max": 2282.51953125,
        "mean": 263.264556885,
        "median": 215.33203125,
        "min": 86.1328125,
        "var": 53123.5664062
    },
    "spectral_skewness": {
        "dmean": 0.681507527828,
        "dmean2": 1.20115363598,
        "dvar": 0.272085040808,
        "dvar2": 0.872112870216,
        "max": 4.56039094925,
        "mean": 2.31997680664,
        "median": 2.27422881126,
        "min": 0.989599525928,
        "var": 0.436877250671
    },
    "spectral_spread": {
        "dmean": 254338.8125,
        "dmean2": 432883.0625,
        "dvar": 162922446848,
        "dvar2": 181056798720,
        "max": 15931917,
        "mean": 2031636.75,
        "median": 1995260.375,
        "min": 1315560.5,
        "var": 269408354304
    },
    "spectral_strongpeak": {
        "dmean": 0.38500508666,
        "dmean2": 0.660272300243,
        "dvar": 0.149352192879,
        "dvar2": 0.427426755428,
        "max": 4.43414163589,
        "mean": 0.828947663307,
        "median": 0.77077126503,
        "min": 0.0131559045985,
        "var": 0.178486734629
    },
    "zerocrossingrate": {
        "dmean": 0.00326359295286,
        "dmean2": 0.00458066072315,
        "dvar": 8.17028012534e-06,
        "dvar2": 1.5207033357e-05,
        "max": 0.076171875,
        "mean": 0.0157304406166,
        "median": 0.01513671875,
        "min": 0.00390625,
        "var": 4.42485761596e-05
    },
    "barkbands": {
        "dmean": [4.62023053842e-05, 0.0143259763718, 0.00495415553451, 0.00456982478499, 0.015174459666, 0.00048234584392, 0.000849202973768, 0.000446053774795, 0.000378532538889, 0.000100558179838, 9.72922643996e-05, 2.763797238e-05, 3.01338295685e-05, 0.000293000630336, 0.000106236351712, 0.00021665400709, 0.000169892824488, 5.29667522642e-05, 2.13755683944e-05, 5.51718767383e-06, 2.8517354167e-06, 9.71241433945e-07, 1.86362910881e-07, 2.12500154362e-07, 5.41011040411e-08, 2.57321204344e-08, 1.86773760902e-08],
        "dmean2": [7.23014163668e-05, 0.0259941536933, 0.00857746601105, 0.00803419016302, 0.0269559901208, 0.000832727877423, 0.00150506477803, 0.000765495351516, 0.000637742923573, 0.000175807421328, 0.000164475815836, 4.60948322143e-05, 4.98648405483e-05, 0.000472431536764, 0.000164193261298, 0.000349307345459, 0.000284581183223, 8.97471691133e-05, 3.50652771886e-05, 9.05191154743e-06, 4.61715080746e-06, 1.60082799994e-06, 2.92769470889e-07, 3.32114865387e-07, 7.67483712139e-08, 3.49312223591e-08, 2.31228440839e-08],
        "dvar": [1.02394004386e-08, 0.000158422844834, 2.10786183743e-05, 2.36323303398e-05, 0.000235617073486, 3.24183673683e-07, 2.4465223305e-06, 3.21733807596e-07, 2.574388418e-07, 4.02470554661e-08, 6.87676617872e-08, 3.63636143419e-09, 3.16047654714e-09, 3.63454660146e-07, 4.62880329621e-08, 4.97391283716e-07, 9.66626458876e-08, 4.83976769772e-09, 3.38934058597e-09, 2.92484675368e-10, 2.61725224826e-11, 4.54407561926e-12, 2.2934082476e-13, 4.04326854116e-13, 1.58656467413e-13, 1.34395126321e-13, 1.51542027624e-13],
        "dvar2": [2.04529051473e-08, 0.00051078357501, 5.44621798326e-05, 6.42547893221e-05, 0.000689851935022, 8.07859350971e-07, 6.62577167532e-06, 8.47621038247e-07, 6.4896312324e-07, 1.13635984178e-07, 1.83315620461e-07, 9.17041464987e-09, 7.11448855384e-09, 8.04288617928e-07, 6.97115964954e-08, 1.07375569769e-06, 2.46807928761e-07, 1.28862787108e-08, 7.54082929433e-09, 6.78261224962e-10, 5.14603533397e-11, 1.09093628228e-11, 3.23652075192e-13, 7.80310549248e-13, 1.86176703394e-13, 1.38759934532e-13, 1.51843205435e-13],
        "max": [0.00229879631661, 0.0818118751049, 0.0449182316661, 0.0359440259635, 0.111673571169, 0.0129475928843, 0.0351973623037, 0.00818605907261, 0.00699212402105, 0.00390930427238, 0.00416811276227, 0.00140332989395, 0.00138861080632, 0.0119071025401, 0.00540881836787, 0.0190505571663, 0.00791779346764, 0.00126436713617, 0.00137995253317, 0.000497206870932, 0.000136112532346, 3.84568847949e-05, 1.27281964524e-05, 1.21355124065e-05, 1.16432065624e-05, 1.14397107609e-05, 1.22797246149e-05],
        "mean": [6.47080596536e-05, 0.0214725788683, 0.0104159554467, 0.00512158451602, 0.0185972861946, 0.000676363531966, 0.00114303815644, 0.000631653761957, 0.000571515178308, 0.00015278684441, 0.000129123509396, 4.3229865696e-05, 4.39612449554e-05, 0.000429403444286, 0.000196662847884, 0.000364417704986, 0.000285422313027, 0.000108644060674, 3.61537749995e-05, 1.03246002254e-05, 5.92707965552e-06, 1.82147061878e-06, 4.1412823748e-07, 4.15624811012e-07, 9.32967552103e-08, 3.50704212337e-08, 4.24254764653e-08],
        "median": [2.34069320868e-05, 0.0175387524068, 0.00774630345404, 0.00351679790765, 0.0135587519035, 0.00047993377666, 0.000723546952941, 0.000416272378061, 0.000357067707228, 8.03074653959e-05, 5.96079044044e-05, 2.60283759417e-05, 2.72504566965e-05, 0.000222944756388, 0.00010380220192, 0.000207612145459, 0.000190945269424, 7.30413812562e-05, 2.03977924684e-05, 6.33046829535e-06, 3.84190434488e-06, 1.18028981433e-06, 2.96673448474e-07, 2.43561373736e-07, 4.70175685052e-08, 1.50448133951e-08, 2.67194426584e-08],
        "min": [2.42339609713e-07, 1.14052236313e-05, 2.03238469112e-05, 9.23965308175e-06, 0.000128934203531, 2.61617969954e-05, 3.63226354239e-05, 1.43397446664e-05, 5.16767113368e-06, 4.6232207751e-06, 3.56404279955e-06, 1.72213822225e-06, 1.97466670215e-06, 1.12913494377e-05, 8.54779500514e-06, 1.72660438693e-05, 1.79337512236e-05, 2.66429788098e-06, 1.560648343e-06, 4.4348217898e-07, 3.95936638142e-07, 1.84753503163e-07, 5.57388730726e-08, 2.87941741561e-08, 1.00188453089e-08, 2.18337770086e-09, 9.54311030199e-09],
        "var": [2.20901892334e-08, 0.000273648969596, 8.30057251733e-05, 2.82181808871e-05, 0.000272443110589, 5.4374913816e-07, 3.23781409861e-06, 5.50560287138e-07, 5.03059368384e-07, 8.58735731413e-08, 8.55438457847e-08, 5.89576876209e-09, 5.92183235781e-09, 6.78661137954e-07, 1.6863164376e-07, 9.81768835118e-07, 2.00387901828e-07, 1.40868499088e-08, 6.98335567151e-09, 6.24454599141e-10, 7.03314143036e-11, 8.65149965557e-12, 3.26559607263e-13, 6.89250143505e-13, 1.68925027503e-13, 1.34390355832e-13, 1.5154849218e-13]
    },
    "erbbands": {
        "dmean": [0.153987124562, 3.94269943237, 8.20430088043, 6.26847267151, 60.5927467346, 34.4032020569, 5.33353376389, 4.22524881363, 8.79358482361, 11.4773864746, 12.6525030136, 8.36084270477, 3.98137116432, 4.21576738358, 1.71337151527, 1.00400388241, 1.40611314774, 6.43029403687, 13.7566137314, 6.02997207642, 12.2667999268, 10.4036512375, 3.12045502663, 2.47040700912, 0.522808670998, 0.231077566743, 0.144293859601, 0.0906645283103, 0.0426157526672, 0.00662902602926, 0.00670698517933, 0.00585504248738, 0.00229357811622, 0.000929002475459, 0.000250039418461, 0.000128326020786, 4.07474253734e-05, 1.12721736514e-05, 1.22063611343e-05, 2.62006578851e-05],
        "dmean2": [0.271321415901, 7.19535303116, 14.5423870087, 11.0332422256, 107.252532959, 60.4317474365, 9.27568435669, 7.36057710648, 15.6751880646, 20.2961673737, 21.6386356354, 14.1632986069, 6.69914102554, 7.02774953842, 2.78916454315, 1.674274683, 2.29126214981, 10.441160202, 21.8878192902, 9.36317157745, 19.7856845856, 17.7156963348, 5.32900571823, 4.21881532669, 0.870693743229, 0.358022421598, 0.231502652168, 0.146873101592, 0.0694728195667, 0.0104676969349, 0.0106902904809, 0.00928496010602, 0.00346233509481, 0.0013547304552, 0.000336194265401, 0.000177371126483, 5.34657083335e-05, 1.39156481964e-05, 2.0029823645e-05, 4.58236827399e-05],
        "dvar": [0.0350563488901, 11.8194875717, 49.0476646423, 38.918094635, 4317.51220703, 1147.10522461, 36.9104347229, 23.757730484, 190.654663086, 635.210876465, 257.957214355, 164.293075562, 44.4255905151, 96.8239364624, 15.5861310959, 4.22782802582, 7.60125207901, 363.460113525, 784.177978516, 105.745124817, 2012.17883301, 307.228179932, 37.0041999817, 15.2836303711, 4.34675168991, 0.642561137676, 0.129358425736, 0.0377101935446, 0.00895579438657, 0.000292837852612, 0.000247366522672, 0.000281561457086, 6.10577844782e-05, 2.82454257103e-05, 7.05938100509e-06, 2.16582384382e-06, 4.5466893539e-07, 5.73519614022e-08, 2.99946023574e-09, 4.15392553688e-10],
        "dvar2": [0.0984200760722, 38.0801429749, 143.408950806, 107.681777954, 12793.9794922, 3314.91381836, 102.383926392, 62.686756134, 544.245300293, 1732.80603027, 662.393798828, 426.00970459, 111.304725647, 263.583068848, 40.4416770935, 9.86984825134, 15.7840118408, 817.513122559, 1706.00024414, 189.715713501, 4271.91015625, 817.746398926, 100.961425781, 40.2847557068, 10.7131624222, 1.31591761112, 0.291079342365, 0.072691090405, 0.0215811803937, 0.00042574343388, 0.000422052980866, 0.000589321309235, 9.10024973564e-05, 4.10966786148e-05, 7.37814252716e-06, 2.33302489505e-06, 4.56381798131e-07, 5.75237280032e-08, 3.07276737388e-09, 1.25590715605e-09],
        "max": [2.45822644234, 21.5267333984, 61.3662223816, 45.7658615112, 446.123260498, 265.577667236, 77.3545913696, 84.8166503906, 207.522827148, 635.020568848, 219.862716675, 209.418624878, 142.683761597, 174.931243896, 82.1805038452, 44.9111213684, 75.0344848633, 499.715209961, 788.71862793, 286.15032959, 1161.98864746, 415.114776611, 146.133789062, 75.9544830322, 45.9350128174, 23.8901901245, 10.6425514221, 4.83056259155, 1.67913067341, 0.438797980547, 0.361211031675, 0.329823940992, 0.195146605372, 0.132017433643, 0.0824176892638, 0.0452915243804, 0.0212447587401, 0.0075442744419, 0.00174828642048, 0.000214318468352],
        "mean": [0.226883083582, 6.03497314453, 16.1304340363, 9.97422027588, 67.0961761475, 45.7840843201, 8.51594352722, 6.08210134506, 12.1799230576, 15.7983627319, 18.1181087494, 12.662314415, 6.52556753159, 6.04134559631, 2.89678263664, 1.72997307777, 2.25992059708, 9.97887802124, 22.6790409088, 11.9299087524, 20.0146827698, 17.4641551971, 6.2984662056, 4.81174516678, 0.971124172211, 0.435766488314, 0.294939577579, 0.191084340215, 0.0829492211342, 0.0148846693337, 0.0144374324009, 0.0113985063508, 0.00454190839082, 0.00154769839719, 0.000474404689157, 0.000226093412493, 6.78767391946e-05, 1.80290171556e-05, 3.25534092553e-05, 6.70436420478e-05],
        "median": [0.169855713844, 4.99209928513, 12.8299055099, 8.407746315, 42.5942306519, 34.6321792603, 6.37427139282, 4.23450899124, 8.33923721313, 9.55792617798, 11.2045955658, 7.81868886948, 3.65042853355, 3.01784205437, 1.64110386372, 1.0488653183, 1.36111485958, 5.51284265518, 12.5309371948, 8.04533100128, 10.5004167557, 11.907907486, 4.54254102707, 2.97723174095, 0.558958292007, 0.258975684643, 0.19501952827, 0.121018789709, 0.0534809082747, 0.0103780459613, 0.0100163668394, 0.00677913334221, 0.00276374910027, 0.000782314280514, 0.000258080923231, 0.000121962431876, 3.75658746634e-05, 8.88387330633e-06, 3.09013958031e-05, 6.70820154482e-05],
        "min": [0.000237912317971, 0.00310181593522, 0.0193032734096, 0.0799111202359, 0.28619748354, 0.48337033391, 0.25096732378, 0.254726022482, 0.577269494534, 0.55949485302, 0.250230133533, 0.131672680378, 0.203566834331, 0.141504734755, 0.146649420261, 0.0867805182934, 0.127691283822, 0.401379644871, 0.938239574432, 0.816928386688, 0.917588710785, 1.13931488991, 0.193170040846, 0.148820415139, 0.0385070964694, 0.0205666199327, 0.021559227258, 0.0131557295099, 0.00799809396267, 0.00243591959588, 0.00174489279743, 0.000929089146666, 0.00036580231972, 0.000158371345606, 6.74472539686e-05, 4.34364046669e-05, 1.06215147753e-05, 3.36810944646e-06, 8.66250138642e-06, 3.87929594581e-06],
        "var": [0.0498550198972, 20.7265472412, 163.659545898, 43.6494522095, 4626.66992188, 1486.91516113, 54.3800430298, 39.748249054, 224.86869812, 824.397888184, 438.350494385, 304.854278564, 123.046463013, 145.55229187, 28.1104564667, 9.00411987305, 18.1965274811, 591.55670166, 1703.89758301, 354.536590576, 3865.45874023, 610.548950195, 71.4861984253, 43.4262046814, 7.27108573914, 1.54528510571, 0.259339690208, 0.0923325046897, 0.0181597005576, 0.000489205529448, 0.000388057844248, 0.000487118551973, 8.85759582161e-05, 3.21128354699e-05, 7.20558455214e-06, 2.1717673917e-06, 4.54939225847e-07, 5.72931213583e-08, 3.05983838267e-09, 5.42410727444e-10]
    },
    "gfcc": {
        "mean": [-73.4211502075, 201.332824707, -116.397705078, 42.1090583801, -8.12993717194, -18.5942897797, -29.3316345215, -3.31158685684, 4.45796632767, -19.8420372009, -15.8050374985, -20.9206542969, -1.8227417469],
        "cov": [[578.402587891, -103.351661682, -289.018249512, -47.7257499695, -149.229003906, -6.38735389709, -56.532043457, -15.0704612732, -43.3274421692, -10.6531543732, -12.8446006775, -28.9210357666, 3.38380146027], [-103.351661682, 135.742111206, 66.217880249, -11.5073652267, 53.3649215698, -22.9062614441, 42.9953842163, -0.552165091038, 33.354763031, 2.82419776917, 14.8603401184, 17.1448497772, 21.3282794952], [-289.018249512, 66.217880249, 293.207763672, 53.32421875, 95.0313186646, 14.934138298, 22.3448791504, 13.2806854248, 23.4977626801, 13.048500061, 21.3708286285, 30.0710926056, 11.6849050522], [-47.7257499695, -11.5073652267, 53.32421875, 88.3652191162, 52.954864502, 13.7091608047, 8.64437580109, 7.00695514679, 13.3895368576, 2.09981608391, 18.2888412476, 8.35926151276, 2.39320492744], [-149.229003906, 53.3649215698, 95.0313186646, 52.954864502, 131.619003296, 32.5459785461, 37.8986930847, 4.41406154633, 26.6712856293, 15.6277580261, 20.2668170929, 25.9855480194, 14.0282173157], [-6.38735389709, -22.9062614441, 14.934138298, 13.7091608047, 32.5459785461, 70.9603729248, 22.0678081512, 14.9718647003, 8.1544084549, 15.5143222809, 14.3501329422, 15.7479953766, 10.0843687057], [-56.532043457, 42.9953842163, 22.3448791504, 8.64437580109, 37.8986930847, 22.0678081512, 71.8744125366, 29.2868232727, 21.5448951721, 4.25967025757, 10.6385746002, 17.4150390625, 9.42132854462], [-15.0704612732, -0.552165091038, 13.2806854248, 7.00695514679, 4.41406154633, 14.9718647003, 29.2868232727, 62.9987373352, 26.5062999725, 10.2050933838, 11.2822532654, 16.2334499359, 2.86767029762], [-43.3274421692, 33.354763031, 23.4977626801, 13.3895368576, 26.6712856293, 8.1544084549, 21.5448951721, 26.5062999725, 50.3640899658, 23.7545928955, 15.3190660477, 13.0536165237, 5.72324371338], [-10.6531543732, 2.82419776917, 13.048500061, 2.09981608391, 15.6277580261, 15.5143222809, 4.25967025757, 10.2050933838, 23.7545928955, 53.375705719, 23.1731643677, 13.8283214569, 6.82197093964], [-12.8446006775, 14.8603401184, 21.3708286285, 18.2888412476, 20.2668170929, 14.3501329422, 10.6385746002, 11.2822532654, 15.3190660477, 23.1731643677, 42.9618415833, 23.5572814941, 7.55683040619], [-28.9210357666, 17.1448497772, 30.0710926056, 8.35926151276, 25.9855480194, 15.7479953766, 17.4150390625, 16.2334499359, 13.0536165237, 13.8283214569, 23.5572814941, 51.1850852966, 26.7495918274], [3.38380146027, 21.3282794952, 11.6849050522, 2.39320492744, 14.0282173157, 10.0843687057, 9.42132854462, 2.86767029762, 5.72324371338, 6.82197093964, 7.55683040619, 26.7495918274, 41.6938896179]],
        "icov": [[0.00456503825262, -0.0014345436357, 0.003988457378, -0.00223338929936, 0.00355556583963, -0.00236217700876, 0.00234194542281, -0.00109397340566, 0.00239363173023, -0.000881911546458, -0.000698542862665, 0.000637605553493, -0.00217189546674], [-0.0014345436357, 0.0345293320715, -0.00639292038977, 0.0198711268604, -0.0139501569793, 0.0215051937848, -0.0179528836161, 0.0121006518602, -0.0225013103336, 0.0132611198351, -0.0188762564212, 0.0103136682883, -0.0164559222758], [0.003988457378, -0.00639292038977, 0.00893258862197, -0.00581837259233, 0.00190219981596, -0.00431738933548, 0.00530341360718, -0.00358992954716, 0.00549444090575, -0.00281879049726, 0.00235531991348, -0.00251774280332, 0.00112531334162], [-0.00223338929936, 0.0198711268604, -0.00581837259233, 0.029236568138, -0.0157598182559, 0.0120991077274, -0.00733987847343, 0.00472603272647, -0.0150488493964, 0.0129163051024, -0.0183814205229, 0.00962543673813, -0.00921310577542], [0.00355556583963, -0.0139501569793, 0.00190219981596, -0.0157598182559, 0.0244304519147, -0.0136260390282, 0.00165928981733, 0.00196416606195, 0.00504070566967, -0.0069368230179, 0.00892881955951, -0.00767170032486, 0.00553162349388], [-0.00236217700876, 0.0215051937848, -0.00431738933548, 0.0120991077274, -0.0136260390282, 0.0325819887221, -0.014703408815, 0.00385753973387, -0.00929517392069, 0.00354324048385, -0.0128308925778, 0.00592523021623, -0.0113121904433], [0.00234194542281, -0.0179528836161, 0.00530341360718, -0.00733987847343, 0.00165928981733, -0.014703408815, 0.0325853601098, -0.0150461215526, 0.00814441405237, -0.00168942287564, 0.00724097993225, -0.00518181640655, 0.00576891191304], [-0.00109397340566, 0.0121006518602, -0.00358992954716, 0.00472603272647, 0.00196416606195, 0.00385753973387, -0.0150461215526, 0.0315789915621, -0.020413743332, 0.00564944976941, -0.00482939230278, -0.00444515189156, -0.000127395367599], [0.00239363173023, -0.0225013103336, 0.00549444090575, -0.0150488493964, 0.00504070566967, -0.00929517392069, 0.00814441405237, -0.020413743332, 0.051752846688, -0.0222009699792, 0.0106385918334, -0.0041715297848, 0.00803266465664], [-0.000881911546458, 0.0132611198351, -0.00281879049726, 0.0129163051024, -0.0069368230179, 0.00354324048385, -0.00168942287564, 0.00564944976941, -0.0222009699792, 0.0369065590203, -0.0215683374554, 0.00552562251687, -0.00782044418156], [-0.000698542862665, -0.0188762564212, 0.00235531991348, -0.0183814205229, 0.00892881955951, -0.0128308925778, 0.00724097993225, -0.00482939230278, 0.0106385918334, -0.0215683374554, 0.0541767925024, -0.0246626865119, 0.0169751346111], [0.000637605553493, 0.0103136682883, -0.00251774280332, 0.00962543673813, -0.00767170032486, 0.00592523021623, -0.00518181640655, -0.00444515189156, -0.0041715297848, 0.00552562251687, -0.0246626865119, 0.0476684868336, -0.0289940144867], [-0.00217189546674, -0.0164559222758, 0.00112531334162, -0.00921310577542, 0.00553162349388, -0.0113121904433, 0.00576891191304, -0.000127395367599, 0.00803266465664, -0.00782044418156, 0.0169751346111, -0.0289940144867, 0.0480740778148]]
    },
    "melbands": {
        "dmean": [0.00264324061573, 0.00487349089235, 0.00267720222473, 0.00390610378236, 0.000299020961393, 9.30724927457e-05, 0.000148687715409, 0.000107865147584, 0.000110399989353, 5.030776083e-05, 1.9761864678e-05, 1.66851514223e-05, 8.89671446203e-06, 2.89354397864e-06, 3.33422985932e-06, 2.60321780843e-06, 1.48709450514e-05, 2.92720724246e-05, 8.03266811999e-06, 1.15755638035e-05, 1.49694997162e-05, 1.17123254313e-05, 5.71061536903e-06, 2.3259133286e-06, 2.13959970097e-06, 5.71846157982e-07, 2.24219462552e-07, 1.61378324037e-07, 8.94913512184e-08, 1.04760474073e-07, 4.69527492442e-08, 3.14651700251e-08, 7.46504991156e-09, 2.82583179079e-09, 4.43495906666e-09, 3.13281356412e-09, 4.09076150731e-09, 1.93885996147e-09, 9.37649291544e-10, 7.60474849759e-10],
        "dmean2": [0.00473206909373, 0.00881217606366, 0.00476847914979, 0.00693784095347, 0.000519542372786, 0.000160467330716, 0.000266991643002, 0.000188570658793, 0.000189336511539, 8.53881720104e-05, 3.37731289619e-05, 2.79248724837e-05, 1.50103551277e-05, 4.82254290546e-06, 5.48134676137e-06, 4.32532351624e-06, 2.44608054345e-05, 4.71335624752e-05, 1.26180966618e-05, 1.88351787074e-05, 2.38701632043e-05, 1.99024307221e-05, 9.87744624581e-06, 3.94954395233e-06, 3.65776645594e-06, 9.52765958573e-07, 3.74347678189e-07, 2.5027236461e-07, 1.41847905866e-07, 1.71597861254e-07, 7.6150371342e-08, 5.12140019282e-08, 1.24243495492e-08, 4.5910697466e-09, 7.16426651337e-09, 5.04881025876e-09, 6.50574838446e-09, 2.99398794645e-09, 1.42019263016e-09, 1.12620446302e-09],
        "dvar": [6.10407232671e-06, 1.68618735188e-05, 8.7415373855e-06, 1.5286335838e-05, 1.10232967643e-07, 1.11712870066e-08, 6.19671780555e-08, 5.20455216702e-08, 1.98673006935e-08, 6.5052692122e-09, 1.20174281637e-09, 1.48546563938e-09, 5.59449764292e-10, 4.57501536655e-11, 2.97212567058e-11, 2.74398784944e-11, 1.98322758216e-09, 3.57098395298e-09, 2.1510214443e-10, 8.26644919183e-10, 2.80156031707e-09, 2.93865348722e-10, 2.54815446521e-10, 9.9538537135e-12, 1.18114138262e-11, 7.2013944287e-12, 3.4520032232e-13, 4.60800288985e-13, 7.37035419133e-14, 3.60346924825e-14, 1.45827987408e-14, 4.56728000214e-15, 3.26071421095e-16, 6.45119814091e-17, 8.87501137449e-17, 8.88535377913e-17, 1.18160593216e-16, 3.56365488279e-17, 1.71027879995e-17, 2.32088748083e-17],
        "dvar2": [1.88510002772e-05, 5.36325569556e-05, 2.47193383984e-05, 4.44317265647e-05, 3.19401891602e-07, 2.88478787525e-08, 1.72844707436e-07, 1.4248193736e-07, 5.1843308313e-08, 1.69975233888e-08, 3.12154657678e-09, 4.06740374714e-09, 1.47121803629e-09, 1.1569236541e-10, 6.54989742999e-11, 6.38185615465e-11, 4.46911441188e-09, 8.12509259873e-09, 3.68834462972e-10, 1.90547400081e-09, 5.91289905927e-09, 7.58503537757e-10, 7.21049886465e-10, 2.56498537687e-11, 3.19342191579e-11, 1.92131449639e-11, 8.98458716279e-13, 9.89351179106e-13, 1.79747465827e-13, 8.54392647126e-14, 3.30467431035e-14, 1.1123407764e-14, 7.35487390189e-16, 8.1149237123e-17, 1.54039810366e-16, 1.84839212112e-16, 2.45189462571e-16, 5.71059289825e-17, 2.03168727158e-17, 3.6731782281e-17],
        "max": [0.0205919425935, 0.0279203280807, 0.0211397968233, 0.0287848543376, 0.0027289816644, 0.00205202051438, 0.00430896040052, 0.00581911113113, 0.00178612733725, 0.00132416712586, 0.000687707681209, 0.000672887603287, 0.000415513437474, 0.000166067533428, 0.000132157962071, 0.00012532506662, 0.00114487891551, 0.00158365198877, 0.000307767506456, 0.000708632869646, 0.00143169122748, 0.000351721449988, 0.000345626962371, 6.13580923527e-05, 6.60974910716e-05, 5.51638113393e-05, 1.34773936225e-05, 1.98410525627e-05, 7.82687311585e-06, 4.86170347358e-06, 2.9203097256e-06, 1.19455819458e-06, 3.01785036072e-07, 2.29668529528e-07, 2.14718198777e-07, 1.81600839255e-07, 2.1791917959e-07, 1.39658666853e-07, 1.21751213555e-07, 1.07459754872e-07],
        "mean": [0.00404013041407, 0.00871218275279, 0.0035228964407, 0.00483951391652, 0.000433694076492, 0.000132882356411, 0.00020543357823, 0.000154449196998, 0.000152422944666, 7.4054558354e-05, 3.06742149405e-05, 2.3872102247e-05, 1.33234589157e-05, 4.44530815003e-06, 5.33580441697e-06, 3.66049221157e-06, 2.22708931688e-05, 4.49493600172e-05, 1.52342699948e-05, 1.91823000932e-05, 2.28231438086e-05, 1.90107148228e-05, 9.30393798626e-06, 4.51551886727e-06, 3.91381445297e-06, 8.32637567783e-07, 3.6916739532e-07, 2.7479467235e-07, 1.67518393823e-07, 1.95873909092e-07, 8.47294501227e-08, 5.77510732569e-08, 1.35000073342e-08, 5.47196510325e-09, 9.02791441604e-09, 6.11544770379e-09, 7.43232675404e-09, 3.60336893657e-09, 1.61864766035e-09, 1.12194942226e-09],
        "median": [0.00330430082977, 0.00744876731187, 0.00257158605382, 0.00352436187677, 0.000319016107824, 9.40534155234e-05, 0.000137734183227, 9.66627412708e-05, 9.34118870646e-05, 4.5043121645e-05, 1.6452939235e-05, 1.20825316117e-05, 6.8673698479e-06, 2.60457522927e-06, 3.12439738082e-06, 2.07657899409e-06, 1.20179656733e-05, 2.42481128225e-05, 8.51238200994e-06, 1.18293155538e-05, 1.11403414849e-05, 1.27789953694e-05, 6.24762697043e-06, 3.07056689053e-06, 2.33526179727e-06, 3.89103661291e-07, 2.33163419239e-07, 1.46057828943e-07, 1.0746578738e-07, 1.19516343489e-07, 5.28848147496e-08, 3.64319809876e-08, 8.22046875015e-09, 3.73313824298e-09, 6.31014307473e-09, 3.76138942215e-09, 4.26305435397e-09, 2.13140949334e-09, 9.41611566496e-10, 4.63932697814e-10],
        "min": [2.69611336989e-06, 8.04026512924e-06, 1.89191450772e-05, 3.00075989799e-05, 1.15750272016e-05, 5.82183110964e-06, 8.91930358193e-06, 5.26896292286e-06, 1.31450337904e-06, 8.77054958437e-07, 9.80496110969e-07, 5.33220315901e-07, 6.18643298367e-07, 1.71677413618e-07, 2.3967135121e-07, 1.35455863415e-07, 7.38368839848e-07, 1.69436930264e-06, 7.5487741924e-07, 9.83395466392e-07, 9.96004814624e-07, 9.90657440525e-07, 4.05180742291e-07, 8.70641159167e-08, 1.06106107012e-07, 1.97868814666e-08, 1.81795503096e-08, 9.48364764497e-09, 9.86270531911e-09, 1.0118879068e-08, 5.42588640684e-09, 4.04948652388e-09, 1.27104204939e-09, 7.14336811924e-10, 1.01495878368e-09, 6.65916544129e-10, 5.07721364951e-10, 2.43740388983e-10, 1.36413366714e-10, 6.76839001512e-11],
        "var": [1.0709019989e-05, 4.01396755478e-05, 9.13358599064e-06, 1.8455870304e-05, 1.53341801479e-07, 1.94310878499e-08, 7.73734285531e-08, 7.18116339726e-08, 3.08006207206e-08, 1.17721858928e-08, 2.91694468579e-09, 2.26671370562e-09, 8.00846777782e-10, 6.42700337394e-11, 7.8570858153e-11, 4.83926509975e-11, 3.01915092926e-09, 6.81395162516e-09, 7.72512664948e-10, 1.7106005501e-09, 5.3750675022e-09, 6.07818795295e-10, 2.97793456561e-10, 2.69657282614e-11, 3.05893331498e-11, 9.68517367e-12, 5.38686445711e-13, 8.98929585283e-13, 1.17329987414e-13, 7.69289281799e-14, 2.45758800002e-14, 8.73775471465e-15, 6.14701974218e-16, 7.9896773179e-17, 1.37445336433e-16, 1.2854210695e-16, 2.08497834946e-16, 5.38429793986e-17, 1.88542883527e-17, 2.71436422877e-17]
    },
    "mfcc": {
        "mean": [-717.720581055, 222.73614502, -22.7299423218, 59.8936271667, 33.8986053467, 2.33783316612, -11.1948709488, 6.43440818787, 14.988904953, 5.16703462601, -0.497788697481, 0.694368183613, -16.6920127869],
        "cov": [[809.977966309, -157.633087158, -259.063110352, -103.800300598, -163.313980103, -47.4993553162, -66.2780838013, -40.8623428345, -56.3639678955, 4.92198514938, -62.2349662781, -3.47771668434, -59.1465873718], [-157.633087158, 155.745117188, 45.8414039612, 11.8663291931, 23.1794700623, -3.23925876617, 17.3262062073, 3.20463728905, 31.3165626526, -10.4001674652, 15.3487014771, 1.01797354221, 24.0289020538], [-259.063110352, 45.8414039612, 175.31590271, 44.4608688354, 55.3541603088, 12.5025234222, 14.2335996628, 14.9036951065, 7.35935783386, -2.73411226273, 20.3574867249, 2.9436545372, 24.0261173248], [-103.800300598, 11.8663291931, 44.4608688354, 87.4196472168, 51.7714538574, 10.7049570084, 11.419675827, 8.94245529175, 10.2922925949, -1.0705075264, 12.5277051926, 8.18132019043, 10.0201721191], [-163.313980103, 23.1794700623, 55.3541603088, 51.7714538574, 102.34854126, 42.7154922485, 21.4495449066, 13.0417346954, 10.8762359619, -0.335994541645, 18.9454441071, 8.77847194672, 25.1515541077], [-47.4993553162, -3.23925876617, 12.5025234222, 10.7049570084, 42.7154922485, 67.1583557129, 27.3166484833, 2.93555307388, 4.22494840622, -0.779358744621, 5.64400005341, 5.70009660721, 12.5911998749], [-66.2780838013, 17.3262062073, 14.2335996628, 11.419675827, 21.4495449066, 27.3166484833, 56.2193870544, 22.6806678772, 13.9120788574, 0.758967041969, 7.54593801498, 6.18293905258, 16.6264572144], [-40.8623428345, 3.20463728905, 14.9036951065, 8.94245529175, 13.0417346954, 2.93555307388, 22.6806678772, 58.842716217, 22.7256278992, 0.828561246395, 4.37520551682, 9.19967842102, 15.4871053696], [-56.3639678955, 31.3165626526, 7.35935783386, 10.2922925949, 10.8762359619, 4.22494840622, 13.9120788574, 22.7256278992, 56.0296287537, 7.07431316376, 3.38594865799, 9.35241699219, 19.9211616516], [4.92198514938, -10.4001674652, -2.73411226273, -1.0705075264, -0.335994541645, -0.779358744621, 0.758967041969, 0.828561246395, 7.07431316376, 36.4803962708, 15.8307971954, 2.76548194885, -2.25879001617], [-62.2349662781, 15.3487014771, 20.3574867249, 12.5277051926, 18.9454441071, 5.64400005341, 7.54593801498, 4.37520551682, 3.38594865799, 15.8307971954, 46.7034034729, 16.7645759583, 9.59269618988], [-3.47771668434, 1.01797354221, 2.9436545372, 8.18132019043, 8.77847194672, 5.70009660721, 6.18293905258, 9.19967842102, 9.35241699219, 2.76548194885, 16.7645759583, 45.0250396729, 21.9965000153], [-59.1465873718, 24.0289020538, 24.0261173248, 10.0201721191, 25.1515541077, 12.5911998749, 16.6264572144, 15.4871053696, 19.9211616516, -2.25879001617, 9.59269618988, 21.9965000153, 54.1777801514]],
