{
"lowlevel": {
    "average_loudness": 0.986848890781,
    "barkbands_crest": {
        "dmean": 4.95337772369,
        "dmean2": 8.46403503418,
        "dvar": 12.8720693588,
        "dvar2": 38.6767921448,
        "max": 24.0618152618,
        "mean": 14.5285720825,
        "median": 15.015704155,
        "min": 4.38648080826,
        "var": 20.2255115509
    },
    "barkbands_flatness_db": {
        "dmean": 0.0396462231874,
        "dmean2": 0.0683869346976,
        "dvar": 0.000967893516645,
        "dvar2": 0.00295238033868,
        "max": 0.337750762701,
        "mean": 0.23397500813,
        "median": 0.234139665961,
        "min": 0.0693867281079,
        "var": 0.00126212846953
    },
    "barkbands_kurtosis": {
        "dmean": 5.93546438217,
        "dmean2": 10.3312416077,
        "dvar": 36.7761802673,
        "dvar2": 105.01259613,
        "max": 43.9480781555,
        "mean": 6.13702487946,
        "median": 4.35208415985,
        "min": -1.61787843704,
        "var": 37.2880897522
    },
    "barkbands_skewness": {
        "dmean": 0.987035632133,
        "dmean2": 1.68423604965,
        "dvar": 0.646810770035,
        "dvar2": 1.95990228653,
        "max": 5.98859977722,
        "mean": 2.1633887291,
        "median": 2.05370116234,
        "min": -0.344145089388,
        "var": 0.836926341057
    },
    "barkbands_spread": {
        "dmean": 5.07864427567,
        "dmean2": 8.72762584686,
        "dvar": 17.2438983917,
        "dvar2": 48.9646682739,
        "max": 41.8137779236,
        "mean": 10.4861097336,
        "median": 9.88083839417,
        "min": 2.17043375969,
        "var": 23.5696048737
    },
    "dissonance": {
        "dmean": 0.0260728467256,
        "dmean2": 0.0449032448232,
        "dvar": 0.000417770905187,
        "dvar2": 0.00116894755047,
        "max": 0.499905049801,
        "mean": 0.451026469469,
        "median": 0.452425122261,
        "min": 0.33183196187,
        "var": 0.000621362647507
    },
    "dynamic_complexity": 0.687772750854,
    "erbbands_crest": {
        "dmean": 3.26972103119,
        "dmean2": 5.58639383316,
        "dvar": 6.46765089035,
        "dvar2": 19.1605529785,
        "max": 22.2263450623,
        "mean": 10.4172134399,
        "median": 9.91197395325,
        "min": 4.19334983826,
        "var": 10.8188724518
    },
    "erbbands_flatness_db": {
        "dmean": 0.0164928156883,
        "dmean2": 0.0279627293348,
        "dvar": 0.000195964603336,
        "dvar2": 0.000497063214425,
        "max": 0.297698348761,
        "mean": 0.242842793465,
        "median": 0.242133364081,
        "min": 0.1204521209,
        "var": 0.000405263301218
    },
    "erbbands_kurtosis": {
        "dmean": 0.533132195473,
        "dmean2": 0.911088824272,
        "dvar": 0.43378034234,
        "dvar2": 1.24505376816,
        "max": 5.75671577454,
        "mean": -0.710956335068,
        "median": -0.851255178452,
        "min": -1.70384955406,
        "var": 0.509589076042
    },
    "erbbands_skewness": {
        "dmean": 0.419706642628,
        "dmean2": 0.711386859417,
        "dvar": 0.141346022487,
        "dvar2": 0.411832392216,
        "max": 1.84091281891,
        "mean": 0.266184061766,
        "median": 0.266173660755,
        "min": -2.32148528099,
        "var": 0.202726528049
    },
    "erbbands_spread": {
        "dmean": 6.81948471069,
        "dmean2": 11.4969167709,
        "dvar": 24.0963535309,
        "dvar2": 62.9768333435,
        "max": 61.882019043,
        "mean": 35.9254074097,
        "median": 35.9117240906,
        "min": 14.89016819,
        "var": 60.3175430298
    },
    "hfc": {
        "dmean": 5.6720252037,
        "dmean2": 9.59801864624,
        "dvar": 21.0085754395,
        "dvar2": 64.7281265259,
        "max": 58.9786529541,
        "mean": 16.1774787903,
        "median": 15.7643013,
        "min": 0.513799488544,
        "var": 30.3694267273
    },
    "melbands_crest": {
        "dmean": 4.98701286316,
        "dmean2": 8.75668048859,
        "dvar": 13.1828050613,
        "dvar2": 38.7774925232,
        "max": 28.3277130127,
        "mean": 18.1483669281,
        "median": 18.2277927399,
        "min": 6.98327684402,
        "var": 19.4500274658
    },
    "melbands_flatness_db": {
        "dmean": 0.0451746322215,
        "dmean2": 0.0779197514057,
        "dvar": 0.00125332653988,
        "dvar2": 0.00375025277026,
        "max": 0.428125917912,
        "mean": 0.319474309683,
        "median": 0.32051628828,
        "min": 0.142006292939,
        "var": 0.00162926083431
    },
    "melbands_kurtosis": {
        "dmean": 12.7012376785,
        "dmean2": 22.0730323792,
        "dvar": 154.049423218,
        "dvar2": 432.090087891,
        "max": 90.0978393555,
        "mean": 16.1548213959,
        "median": 13.005739212,
        "min": -1.2453315258,
        "var": 168.356109619
    },
    "melbands_skewness": {
        "dmean": 1.32540941238,
        "dmean2": 2.28495979309,
        "dvar": 1.08910286427,
        "dvar2": 3.12382912636,
        "max": 8.0133562088,
        "mean": 3.35609555244,
        "median": 3.2566204071,
        "min": 0.712044596672,
        "var": 1.54984498024
    },
    "melbands_spread": {
        "dmean": 6.16183376312,
        "dmean2": 10.7629671097,
        "dvar": 35.6797180176,
        "dvar2": 99.3588790894,
        "max": 58.8725013733,
        "mean": 10.827334404,
        "median": 9.79758167267,
        "min": 1.98583829403,
        "var": 37.3467597961
    },
    "pitch_salience": {
        "dmean": 0.0936015695333,
        "dmean2": 0.161745041609,
        "dvar": 0.00615828530863,
        "dvar2": 0.018092636019,
        "max": 0.713976264,
        "mean": 0.401651293039,
        "median": 0.414349526167,
        "min": 0.147601813078,
        "var": 0.00846280436963
    },
    "silence_rate_20dB": {
        "dmean": 0,
        "dmean2": 0,
        "dvar": 0,
        "dvar2": 0,
        "max": 1,
        "mean": 1,
        "median": 1,
        "min": 1,
        "var": 0
    },
    "silence_rate_30dB": {
        "dmean": 0,
        "dmean2": 0,
        "dvar": 0,
        "dvar2": 0,
        "max": 1,
        "mean": 1,
        "median": 1,
        "min": 1,
        "var": 0
    },
    "silence_rate_60dB": {
        "dmean": 0,
        "dmean2": 0,
        "dvar": 0,
        "dvar2": 0,
        "max": 0,
        "mean": 0,
        "median": 0,
        "min": 0,
        "var": 0
    },
    "spectral_centroid": {
        "dmean": 245.212265015,
        "dmean2": 426.041107178,
        "dvar": 44233.8554688,
        "dvar2": 124958.289062,
        "max": 1907.41235352,
        "mean": 637.817260742,
        "median": 595.792602539,
        "min": 278.498931885,
        "var": 55185.6875
    },
    "spectral_complexity": {
        "dmean": 2.98095226288,
        "dmean2": 5.07637214661,
        "dvar": 6.08535385132,
        "dvar2": 14.8247060776,
        "max": 29,
        "mean": 15.957244873,
        "median": 16,
        "min": 0,
        "var": 12.1786746979
    },
    "spectral_decrease": {
        "dmean": 6.29399643515e-09,
        "dmean2": 1.08286775102e-08,
        "dvar": 2.22352203616e-17,
        "dvar2": 6.9459143512e-17,
        "max": -1.25321336641e-10,
        "mean": -1.15748335361e-08,
        "median": -1.11690425797e-08,
        "min": -2.72359592657e-08,
        "var": 2.57163653018e-17
    },
    "spectral_energy": {
        "dmean": 0.0241987071931,
        "dmean2": 0.0416001416743,
        "dvar": 0.000328424532199,
        "dvar2": 0.00102855206933,
        "max": 0.105174906552,
        "mean": 0.0451532900333,
        "median": 0.0436796434224,
        "min": 0.000519595341757,
        "var": 0.000380872021196
    },
    "spectral_energyband_high": {
        "dmean": 1.34666915983e-05,
        "dmean2": 2.07997018151e-05,
        "dvar": 2.14412002042e-10,
        "dvar2": 4.45937287097e-10,
        "max": 0.000163812088431,
        "mean": 4.24714489782e-05,
        "median": 3.63831568393e-05,
        "min": 1.13033029265e-05,
        "var": 5.13401154922e-10
    },
    "spectral_energyband_low": {
        "dmean": 0.00396344996989,
        "dmean2": 0.00629914365709,
        "dvar": 1.59770461323e-05,
        "dvar2": 3.8163841964e-05,
        "max": 0.0325854532421,
        "mean": 0.00666762795299,
        "median": 0.00483914092183,
        "min": 0.000141406664625,
        "var": 3.32707713824e-05
    },
    "spectral_energyband_middle_high": {
        "dmean": 0.00156005006284,
        "dmean2": 0.00248968834057,
        "dvar": 3.45404282598e-06,
        "dvar2": 9.61792648013e-06,
        "max": 0.0264492593706,
        "mean": 0.00497791031376,
        "median": 0.00431427778676,
        "min": 0.00015465762408,
        "var": 8.03241618996e-06
    },
    "spectral_energyband_middle_low": {
        "dmean": 0.0237588882446,
        "dmean2": 0.0411620773375,
        "dvar": 0.000344986998243,
        "dvar2": 0.00105928431731,
        "max": 0.10136012733,
        "mean": 0.0344907715917,
        "median": 0.0302025657147,
        "min": 0.000172119165654,
        "var": 0.000404703372624
    },
    "spectral_entropy": {
        "dmean": 0.293449699879,
        "dmean2": 0.511146068573,
        "dvar": 0.0538406334817,
        "dvar2": 0.155306577682,
        "max": 8.96030235291,
        "mean": 6.81952953339,
        "median": 6.82976675034,
        "min": 6.10673666,
        "var": 0.0771933794022
    },
    "spectral_flux": {
        "dmean": 0.0404799282551,
        "dmean2": 0.0677425563335,
        "dvar": 0.00090248225024,
        "dvar2": 0.00220443517901,
        "max": 0.246714144945,
        "mean": 0.118545040488,
        "median": 0.112188823521,
        "min": 0.0472118668258,
        "var": 0.00152731046546
    },
    "spectral_kurtosis": {
        "dmean": 5.24034500122,
        "dmean2": 9.35345363617,
        "dvar": 15.6353712082,
        "dvar2": 49.5109786987,
        "max": 25.3845443726,
        "mean": 9.74035739899,
        "median": 9.131939888,
        "min": 1.58085870743,
        "var": 22.4040050507
    },
    "spectral_rms": {
        "dmean": 0.00182127195876,
        "dmean2": 0.00311579578556,
        "dvar": 1.79722269422e-06,
        "dvar2": 5.69967960473e-06,
        "max": 0.0101296426728,
        "mean": 0.00647274684161,
        "median": 0.00652796169743,
        "min": 0.0007119847578,
        "var": 2.15558702621e-06
    },
    "spectral_rolloff": {
        "dmean": 336.840454102,
        "dmean2": 612.231323242,
        "dvar": 122575.117188,
        "dvar2": 301841.65625,
        "max": 2260.98632812,
        "mean": 590.858947754,
        "median": 624.462890625,
        "min": 193.798828125,
        "var": 126258.984375
    },
    "spectral_skewness": {
        "dmean": 0.447295635939,
        "dmean2": 0.789560854435,
        "dvar": 0.117339096963,
        "dvar2": 0.358085721731,
        "max": 3.21195459366,
        "mean": 1.8006323576,
        "median": 1.75030910969,
        "min": 0.917303442955,
        "var": 0.187648698688
    },
    "spectral_spread": {
        "dmean": 274471.28125,
        "dmean2": 407680.40625,
        "dvar": 868017307648,
        "dvar2": 402026987520,
        "max": 27938018,
        "mean": 2403917,
        "median": 2294055.5,
        "min": 1614363.75,
        "var": 1.77453727744e+12
    },
    "spectral_strongpeak": {
        "dmean": 0.60082256794,
        "dmean2": 1.02831459045,
        "dvar": 0.227611288428,
        "dvar2": 0.643535554409,
        "max": 3.53890061378,
        "mean": 1.12095916271,
        "median": 1.05078208447,
        "min": 0,
        "var": 0.315426528454
    },
    "zerocrossingrate": {
        "dmean": 0.00534319179133,
        "dmean2": 0.00782648380846,
        "dvar": 1.70245948539e-05,
        "dvar2": 3.71385358449e-05,
        "max": 0.05029296875,
        "mean": 0.0254532545805,
        "median": 0.02490234375,
        "min": 0.009765625,
        "var": 4.069375791e-05
    },
    "barkbands": {
        "dmean": [1.5237844309e-05, 0.00248879310675, 0.00184320018161, 0.00363449426368, 0.021247221157, 0.000109838023491, 3.75989293389e-05, 0.000802079215646, 0.00112245546188, 0.00102741317824, 7.145836571e-05, 0.000161325544468, 1.40315842145e-05, 0.000263911526417, 0.0002133846574, 0.000375102390535, 0.000201776027097, 7.77495079092e-05, 5.43762253074e-05, 1.39638141263e-05, 8.59298415889e-06, 3.4467475416e-06, 2.47692355515e-07, 2.15482870658e-07, 9.94360931372e-08, 6.1439862975e-08, 3.72510058355e-08],
        "dmean2": [2.32973034144e-05, 0.00408968795091, 0.00297898077406, 0.00635512499139, 0.0370154604316, 0.000192278515897, 6.46187545499e-05, 0.00138787308242, 0.00186733994633, 0.00164662918542, 0.000124419646454, 0.000249912991421, 2.36790256167e-05, 0.000448619684903, 0.000349429552443, 0.000637899036519, 0.000347569148289, 0.000124830374261, 9.17366487556e-05, 2.36020005104e-05, 1.37442129926e-05, 5.20840103491e-06, 3.97936389618e-07, 3.09182041747e-07, 1.42158071981e-07, 8.24315122827e-08, 4.48692425437e-08],
        "dvar": [2.77434186735e-09, 7.70086990087e-06, 3.67334973816e-06, 7.52146843297e-06, 0.000276898732409, 5.0462443113e-08, 1.52429757705e-09, 6.68309553475e-07, 1.18330342502e-06, 1.5852155002e-06, 6.81182887874e-09, 3.01809137682e-08, 2.96235147523e-10, 1.02420123937e-07, 6.58242882423e-08, 9.0659716534e-07, 7.23678255099e-08, 7.37082661573e-09, 8.39647373851e-09, 2.32788871513e-10, 9.81484407636e-11, 1.32027427185e-11, 3.16768177444e-13, 3.71289994193e-13, 2.77896710634e-13, 2.76940037743e-13, 3.04750636618e-13],
        "dvar2": [3.45625705833e-09, 1.93736250367e-05, 9.16236876947e-06, 1.98232210096e-05, 0.000836810038891, 1.26888949126e-07, 4.06681754939e-09, 1.7702174091e-06, 3.019866881e-06, 3.75112313122e-06, 1.85834441169e-08, 7.27915434595e-08, 8.40100988775e-10, 2.64597900923e-07, 1.65584495448e-07, 2.62774824478e-06, 2.05629433481e-07, 1.96866789537e-08, 2.43799327393e-08, 5.94089832884e-10, 2.19647106059e-10, 2.89705048145e-11, 3.82968776049e-13, 4.37407597122e-13, 2.92680159622e-13, 2.8688257824e-13, 3.08537131391e-13],
        "max": [0.00101702974644, 0.0238745752722, 0.0155052552, 0.018565217033, 0.0873898863792, 0.00366309052333, 0.000327221641783, 0.00713977543637, 0.00945219118148, 0.0142493369058, 0.000628030975349, 0.00157022988424, 0.000166910031112, 0.00333812367171, 0.00234862812795, 0.0138934375718, 0.00316521688364, 0.000766709446907, 0.000989770051092, 0.000155365720275, 0.000105125902337, 5.17877087987e-05, 1.11077233669e-05, 1.15603052109e-05, 1.0784472579e-05, 1.08109961729e-05, 1.13146570584e-05],
        "mean": [2.65320977633e-05, 0.0036325941328, 0.00263665360399, 0.0043334341608, 0.0261888280511, 0.000120444492495, 6.20450518909e-05, 0.00122795219067, 0.00181745982263, 0.00232920492999, 9.95693699224e-05, 0.000356966018444, 2.78712232102e-05, 0.000525736657437, 0.000458056456409, 0.000610491726547, 0.000362266378943, 0.000167221645825, 0.000105975559563, 3.22771666106e-05, 2.08886103792e-05, 9.30240184971e-06, 6.23587254722e-07, 5.73357056055e-07, 2.33486048273e-07, 1.45130570672e-07, 6.96028834568e-08],
        "median": [1.54808749357e-05, 0.00228393264115, 0.00181245210115, 0.00354663329199, 0.0224923919886, 7.95640735305e-05, 4.85189739265e-05, 0.000920630060136, 0.0013335243566, 0.00151616637595, 7.33928245609e-05, 0.000286493392196, 2.23081806325e-05, 0.000433360517491, 0.000357616256224, 0.000448646314908, 0.000284806126729, 0.000125624195789, 8.43597663334e-05, 2.61981440417e-05, 1.70058447111e-05, 7.36355968911e-06, 4.91135551783e-07, 4.15186121927e-07, 1.68480937646e-07, 9.04336232566e-08, 3.5790449715e-08],
        "min": [1.08629926387e-07, 5.11919242854e-05, 1.05228318716e-05, 2.28377448366e-05, 9.38637676882e-05, 1.27525745484e-05, 4.23531946581e-06, 1.37264196383e-05, 1.94450331037e-05, 2.12300756175e-06, 1.40216684485e-06, 7.82700317359e-06, 4.02850128012e-06, 1.1584310414e-05, 2.23661754717e-05, 5.59092586627e-05, 7.21245396562e-06, 5.65934305996e-06, 7.0119422162e-06, 5.55763017474e-06, 3.87570253224e-06, 1.49106324443e-06, 1.16473465539e-07, 1.10716705137e-07, 4.04159195e-08, 7.17160286712e-09, 1.83901907036e-08],
        "var": [3.0250819627e-09, 1.32898512675e-05, 6.47648403174e-06, 1.03393331301e-05, 0.000322436942952, 4.16927612434e-08, 2.25851115587e-09, 1.37449569593e-06, 2.31002536566e-06, 5.39073789696e-06, 8.26749513294e-09, 6.29990140055e-08, 3.90604132372e-10, 1.64527563129e-07, 1.28550411205e-07, 6.13408872141e-07, 7.16097190434e-08, 1.58188591115e-08, 7.31980609459e-09, 4.5692868933e-10, 1.77149087066e-10, 4.86723196469e-11, 4.10262617065e-13, 5.31317123544e-13, 2.89690580552e-13, 2.85641112542e-13, 3.07010249471e-13]
    },
    "erbbands": {
        "dmean": [0.0292444434017, 0.70985776186, 2.44937229156, 5.35466527939, 81.5431900024, 44.6336250305, 2.34338116646, 1.0274477005, 0.569026172161, 1.05101382732, 32.0113334656, 19.1430969238, 32.9052276611, 8.35706806183, 5.1453576088, 4.10958433151, 0.881148636341, 5.82643985748, 18.4825439453, 7.75040054321, 20.4609603882, 11.8728504181, 3.70454216003, 4.16571474075, 1.57359397411, 0.61693996191, 0.428562700748, 0.257812559605, 0.105118796229, 0.0170990750194, 0.00741251325235, 0.00559054967016, 0.00307357264683, 0.00157034932636, 0.000462763477117, 0.000306018191623, 0.000103008271253, 2.84828111035e-05, 1.49747602336e-05, 2.67607665592e-05],
        "dmean2": [0.050000783056, 1.15292310715, 3.81384968758, 9.31140899658, 142.456756592, 79.193397522, 4.00501346588, 1.8196054697, 0.95207887888, 1.7742010355, 53.5644760132, 32.4026947021, 53.0201873779, 13.6367149353, 8.26017189026, 6.57063961029, 1.48249530792, 9.61778736115, 29.3894634247, 12.794757843, 34.9698562622, 20.7083835602, 5.95730876923, 6.77933645248, 2.69875407219, 1.01677834988, 0.676627218723, 0.419660538435, 0.166870966554, 0.0272987410426, 0.0116974618286, 0.00833080336452, 0.00450184289366, 0.00227682152763, 0.000643186271191, 0.000426232145401, 0.000134996691486, 3.68038818124e-05, 2.2986840122e-05, 4.56701200164e-05],
        "dvar": [0.0016709221527, 0.603103518486, 6.07304096222, 15.9517593384, 4033.32641602, 1122.00427246, 4.17187023163, 4.57902431488, 0.381242901087, 1.11150300503, 1125.8996582, 331.269470215, 1688.16052246, 89.6106033325, 25.2359771729, 16.2302436829, 0.707778632641, 53.8021812439, 494.225738525, 162.10093689, 3707.03540039, 239.051147461, 19.1865673065, 47.718963623, 3.81279850006, 0.453840941191, 0.28049364686, 0.0823598578572, 0.0109158745036, 0.000572545977775, 0.000263171328697, 0.000189542333828, 8.47878472996e-05, 3.82173675462e-05, 1.33915673359e-05, 4.30897580372e-06, 9.3300940307e-07, 1.22292405536e-07, 6.09583361566e-09, 4.3257283866e-10],
        "dvar2": [0.00435499660671, 1.51649522781, 14.5536050797, 45.3839607239, 11778.1679688, 3213.55664062, 10.6855831146, 11.6947565079, 1.00891160965, 3.1137149334, 2885.71801758, 875.90802002, 4071.12231445, 212.091903687, 67.0459823608, 40.2259368896, 1.92791831493, 143.216903687, 1148.72314453, 440.727203369, 10899.8056641, 686.138671875, 51.6362342834, 128.927246094, 10.7100296021, 1.18794322014, 0.598472595215, 0.181338638067, 0.0263445973396, 0.00102142430842, 0.000328927242663, 0.000248713651672, 9.60452089203e-05, 4.25392463512e-05, 1.3647412743e-05, 4.55380359199e-06, 9.55175664785e-07, 1.24126614764e-07, 6.22101747894e-09, 1.25546306684e-09],
        "max": [0.538380980492, 6.50248432159, 21.0595970154, 26.0657463074, 327.588287354, 190.804977417, 19.4493312836, 34.6841888428, 8.90693378448, 8.10167789459, 300.948669434, 156.057907104, 446.446228027, 110.513648987, 42.9280090332, 35.3909378052, 8.42057132721, 88.8479309082, 204.552185059, 160.477416992, 897.877929688, 173.282745361, 48.0647659302, 80.2906188965, 23.4093704224, 7.18674325943, 6.47777748108, 3.38296604156, 1.28370571136, 0.406991183758, 0.3171197474, 0.24940545857, 0.180877760053, 0.124384626746, 0.0752767995, 0.0427270755172, 0.0198172908276, 0.00716061331332, 0.00161613803357, 0.000192941384739],
        "mean": [0.0431918650866, 1.02189493179, 3.73458075523, 7.61028146744, 94.9559020996, 56.7770805359, 4.04385328293, 1.19192147255, 0.925179481506, 2.06738805771, 53.9534034729, 33.0817680359, 72.8022613525, 20.8610782623, 10.8021116257, 9.62891674042, 2.39526414871, 12.5951223373, 40.7282447815, 18.2687721252, 34.4642715454, 20.5464172363, 9.12031555176, 8.77463817596, 3.71933436394, 1.52549064159, 0.991452813148, 0.76026904583, 0.305278450251, 0.051670409739, 0.0197593420744, 0.0144131267443, 0.00779911922291, 0.00373157043941, 0.00111977057531, 0.000799431232736, 0.000231563972193, 4.5475189836e-05, 3.00898245769e-05, 5.15245337738e-05],
        "median": [0.0299844332039, 0.672003448009, 2.53779578209, 6.66180801392, 76.6891174316, 49.3161125183, 3.68486094475, 0.793549239635, 0.759520113468, 1.64097714424, 40.4040985107, 25.8780097961, 48.9429893494, 14.6796979904, 8.68759918213, 8.30288982391, 2.21418404579, 10.5633325577, 30.2109413147, 15.1975498199, 26.594619751, 15.7741861343, 7.48198652267, 7.09947109222, 3.08095812798, 1.29885339737, 0.749205291271, 0.649310767651, 0.273128330708, 0.0456282310188, 0.0157264377922, 0.0108070829883, 0.00575763685629, 0.00271920021623, 0.000742075091694, 0.0005453726626, 0.000135121823405, 1.56105306814e-05, 2.50903285632e-05, 4.97013606946e-05],
        "min": [0.00215411279351, 0.0134212793782, 0.0162423588336, 0.0422829762101, 0.208255678415, 0.339615523815, 0.221685439348, 0.0770609304309, 0.0293772462755, 0.202744737267, 0.461947768927, 0.453346520662, 0.135311082006, 0.0534821823239, 0.127935022116, 0.315403729677, 0.19662758708, 0.365876853466, 0.955723822117, 2.36470270157, 3.23860931396, 0.584305226803, 0.265943974257, 0.561573684216, 0.224865809083, 0.236424550414, 0.195160150528, 0.119677148759, 0.0592332780361, 0.0131604447961, 0.00408903509378, 0.00304136588238, 0.00171801378019, 0.000731547886971, 0.000174759072252, 0.000103022641269, 1.71719639184e-05, 4.92755498271e-06, 7.58865598982e-06, 8.90047613211e-06],
        "var": [0.00242413557135, 1.06128191948, 12.488866806, 20.4618415833, 4748.65527344, 1397.20532227, 5.32606363297, 3.64407539368, 0.505959749222, 2.03969144821, 2453.53173828, 600.714416504, 5194.67480469, 354.678100586, 48.5369033813, 32.4179229736, 1.33945059776, 77.3075027466, 1248.02526855, 188.216598511, 2246.20458984, 227.377380371, 33.8194084167, 50.6743202209, 6.08081817627, 0.854411065578, 0.535088598728, 0.19545955956, 0.0314404852688, 0.00104973989073, 0.000368071981939, 0.000279017433058, 0.000108847547381, 4.18757008447e-05, 1.37527822517e-05, 4.54292921859e-06, 9.54014808485e-07, 1.2348742473e-07, 6.16212458837e-09, 4.98666052895e-10]
    },
    "gfcc": {
        "mean": [-46.1204872131, 171.52633667, -147.276153564, 34.7997245789, -18.7662448883, -8.02623176575, -15.9316511154, -1.62353849411, -19.1290550232, -30.9000720978, -39.1212654114, -25.5145797729, 0.797623455524],
        "cov": [[291.41204834, -27.1679401398, -12.5365114212, -17.3631629944, -25.4057483673, -9.13181781769, -2.90381789207, 26.4156398773, -21.6577644348, 8.46872425079, -18.5000228882, 19.3836193085, -10.5103597641], [-27.1679401398, 159.421020508, -0.542610704899, 14.2292222977, 39.9657592773, -19.5839004517, 31.5641326904, -17.6428031921, 33.8834457397, -24.6081199646, 8.94656181335, -38.3304862976, 8.41161823273], [-12.5365114212, -0.542610704899, 118.567199707, 23.272069931, 30.8120365143, 19.4506568909, 0.942145526409, 1.65752899647, -1.53432476521, 8.71028137207, 0.363779693842, 6.64911413193, -6.04441928864], [-17.3631629944, 14.2292222977, 23.272069931, 68.3983001709, 35.3016662598, 11.1685037613, 4.94336128235, -0.5558116436, 15.4907217026, 14.0670537949, 22.0540809631, -3.2956635952, 3.47262310982], [-25.4057483673, 39.9657592773, 30.8120365143, 35.3016662598, 91.6779785156, 31.9618110657, 12.8675470352, -8.55027103424, 5.50182819366, 9.49571228027, 1.60047268867, 2.67067456245, 5.16149091721], [-9.13181781769, -19.5839004517, 19.4506568909, 11.1685037613, 31.9618110657, 76.5897521973, 19.4958629608, 21.9269733429, -0.387233257294, 19.4582481384, 5.18947982788, 16.9557609558, 6.96021270752], [-2.90381789207, 31.5641326904, 0.942145526409, 4.94336128235, 12.8675470352, 19.4958629608, 49.2744216919, 23.5954017639, 5.77275466919, 3.14464020729, -1.0888043642, 6.69780158997, 3.9271132946], [26.4156398773, -17.6428031921, 1.65752899647, -0.5558116436, -8.55027103424, 21.9269733429, 23.5954017639, 72.7735595703, 27.1366024017, 33.1302833557, 4.463991642, 16.3433761597, -9.62364006042], [-21.6577644348, 33.8834457397, -1.53432476521, 15.4907217026, 5.50182819366, -0.387233257294, 5.77275466919, 27.1366024017, 61.4785003662, 34.1111335754, 12.3549118042, -12.5924634933, -12.9713249207], [8.46872425079, -24.6081199646, 8.71028137207, 14.0670537949, 9.49571228027, 19.4582481384, 3.14464020729, 33.1302833557, 34.1111335754, 74.2543640137, 13.5517568588, 11.5733060837, -15.9475803375], [-18.5000228882, 8.94656181335, 0.363779693842, 22.0540809631, 1.60047268867, 5.18947982788, -1.0888043642, 4.463991642, 12.3549118042, 13.5517568588, 36.748916626, 0.0315928123891, 2.44185423851], [19.3836193085, -38.3304862976, 6.64911413193, -3.2956635952, 2.67067456245, 16.9557609558, 6.69780158997, 16.3433761597, -12.5924634933, 11.5733060837, 0.0315928123891, 54.6230621338, 12.0952043533], [-10.5103597641, 8.41161823273, -6.04441928864, 3.47262310982, 5.16149091721, 6.96021270752, 3.9271132946, -9.62364006042, -12.9713249207, -15.9475803375, 2.44185423851, 12.0952043533, 37.5334472656]],
        "icov": [[0.00450667226687, -0.00290755345486, 0.000787848432083, -0.00185795349535, 0.0020237728022, -0.000129677733639, 0.00325260288082, -0.00362376705743, 0.00543507235125, -0.00238304492086, 0.00347485090606, -0.00189428369049, 0.00193882337771], [-0.00290755345486, 0.0248888321221, -0.00214905058965, 0.00915205013007, -0.0135046932846, 0.00958151370287, -0.0211556516588, 0.0094862729311, -0.0214431155473, 0.011521791108, -0.0120427981019, 0.0111898593605, -0.00819631293416], [0.000787848432083, -0.00214905058965, 0.0103495689109, -0.00415029982105, -0.000844172260258, -0.002300695749, 0.00323017477058, -0.00154336169362, 0.00345534225926, -0.000846836424898, 0.00284112943336, -0.0023835580796, 0.00397957069799], [-0.00185795349535, 0.00915205013007, -0.00415029982105, 0.0289270840585, -0.013485330157, 0.00518050603569, -0.00923772435635, 0.0046870065853, -0.0110520180315, 0.00305139319971, -0.0184721685946, 0.00630432972685, -0.00620679650456], [0.0020237728022, -0.0135046932846, -0.000844172260258, -0.013485330157, 0.0261407960206, -0.0120470635593, 0.00761250499636, 0.00176782242488, 0.00874268542975, -0.00760617665946, 0.0125670926645, -0.00724027352408, 0.0043061831966], [-0.000129677733639, 0.00958151370287, -0.002300695749, 0.00518050603569, -0.0120470635593, 0.0245399624109, -0.0115930018947, -0.00296973669901, -0.00209286669269, -0.000496017513797, -0.00704616261646, 0.00386405875906, -0.0071967523545], [0.00325260288082, -0.0211556516588, 0.00323017477058, -0.00923772435635, 0.00761250499636, -0.0115930018947, 0.0462351292372, -0.0194873102009, 0.0182728618383, -0.00562805030495, 0.0129956323653, -0.00912001822144, 0.00431284308434], [-0.00362376705743, 0.0094862729311, -0.00154336169362, 0.0046870065853, 0.00176782242488, -0.00296973669901, -0.0194873102009, 0.0336708649993, -0.0206689666957, 0.000475423381431, -0.00459251459688, -0.00367531133816, 0.00169900397304], [0.00543507235125, -0.0214431155473, 0.00345534225926, -0.0110520180315, 0.00874268542975, -0.00209286669269, 0.0182728618383, -0.0206689666957, 0.0519397370517, -0.021916475147, 0.00762950628996, 0.00101122260094, 0.0076966942288], [-0.00238304492086, 0.011521791108, -0.000846836424898, 0.00305139319971, -0.00760617665946, -0.000496017513797, -0.00562805030495, 0.000475423381431, -0.021916475147, 0.0318254455924, -0.0103945396841, -0.00275861402042, 0.00569389294833], [0.00347485090606, -0.0120427981019, 0.00284112943336, -0.0184721685946, 0.0125670926645, -0.00704616261646, 0.0129956323653, -0.00459251459688, 0.00762950628996, -0.0103945396841, 0.045612744987, -0.00586066255346, 2.10561738641e-05], [-0.00189428369049, 0.0111898593605, -0.0023835580796, 0.00630432972685, -0.00724027352408, 0.00386405875906, -0.00912001822144, -0.00367531133816, 0.00101122260094, -0.00275861402042, -0.00586066255346, 0.0329684205353, -0.0147798312828], [0.00193882337771, -0.00819631293416, 0.00397957069799, -0.00620679650456, 0.0043061831966, -0.0071967523545, 0.00431284308434, 0.00169900397304, 0.0076966942288, 0.00569389294833, 2.10561738641e-05, -0.0147798312828, 0.0408052578568]]
    },
    "melbands": {
        "dmean": [0.000451279542176, 0.00117182731628, 0.00308268750086, 0.00552939623594, 0.000166448910022, 2.14258325286e-05, 8.33645754028e-06, 9.08753099793e-06, 0.000323957210639, 0.000101310572063, 0.000171769148437, 4.46022713732e-05, 1.41577920658e-05, 2.01982893486e-05, 6.30857766737e-06, 2.46364697887e-06, 1.26474260469e-05, 3.76197167498e-05, 9.89816817309e-06, 2.29780689551e-05, 2.17110846279e-05, 1.21691782624e-05, 6.84789938532e-06, 4.13120687881e-06, 3.69225062968e-06, 1.19211426863e-06, 1.14529984785e-06, 3.64247568996e-07, 2.28298972615e-07, 2.74806382095e-07, 1.47952817997e-07, 6.98293689538e-08, 2.88061503539e-08, 6.61057253382e-09, 4.83080997427e-09, 4.52625936731e-09, 3.53878459869e-09, 2.40696773623e-09, 1.97495242382e-09, 1.19805709797e-09],
        "dmean2": [0.000760822789744, 0.00182197638787, 0.00541422376409, 0.00967248342931, 0.000281246233499, 3.8360911276e-05, 1.38911982503e-05, 1.61648767971e-05, 0.000536553619895, 0.000173521941178, 0.000276028178632, 7.17123475624e-05, 2.36435625993e-05, 3.11565636366e-05, 1.0666531125e-05, 4.0565537347e-06, 2.12794275285e-05, 5.96641511947e-05, 1.6483676518e-05, 3.81935169571e-05, 3.70323905372e-05, 2.10881389648e-05, 1.17469107863e-05, 6.61327658236e-06, 6.12107942288e-06, 2.01689340429e-06, 2.04195384867e-06, 5.87276531405e-07, 3.50304787844e-07, 4.51227975873e-07, 2.35603693e-07, 1.08437234303e-07, 4.74000465545e-08, 1.06815152279e-08, 7.61674634475e-09, 7.50066586619e-09, 5.29597299348e-09, 3.70679398287e-09, 2.94635493781e-09, 1.75067538244e-09],
        "dvar": [2.91257009621e-07, 1.3756766748e-06, 5.24249981027e-06, 1.84425025509e-05, 2.2322213411e-08, 1.99445948645e-09, 7.98990873463e-11, 7.69039970594e-11, 1.14163661635e-07, 9.02617003362e-09, 4.60023557025e-08, 2.51711584909e-09, 2.14438258817e-10, 5.11436781814e-10, 4.15507073193e-11, 7.901490226e-12, 2.85591383875e-10, 1.94990756874e-09, 1.56505211568e-10, 1.90959581481e-09, 4.80817874404e-09, 2.60475835345e-10, 6.08654723844e-11, 2.01477133588e-11, 4.2241075221e-11, 1.96796788934e-12, 1.6426504254e-12, 1.55277903708e-13, 7.13772574032e-14, 1.10234290771e-13, 2.51606427479e-14, 5.1434686588e-15, 8.73362489964e-16, 1.3450995699e-16, 1.01910206566e-16, 7.16569226949e-17, 8.47915317357e-17, 4.34723248915e-17, 3.56483576583e-17, 2.5940880318e-17],
        "dvar2": [7.46362616155e-07, 3.26565395881e-06, 1.45959338624e-05, 5.5599699408e-05, 5.66846516392e-08, 5.05269870388e-09, 2.10268608081e-10, 2.25861163106e-10, 2.92629749765e-07, 2.35702035667e-08, 1.10660671737e-07, 5.88589577077e-09, 5.84419124205e-10, 1.24457910644e-09, 1.15559735392e-10, 2.11775579712e-11, 7.85768561329e-10, 4.55564919122e-09, 4.18870188534e-10, 5.33256594437e-09, 1.41932368081e-08, 7.4337691558e-10, 1.55062879204e-10, 5.08037882596e-11, 1.14792945982e-10, 5.50180690936e-12, 4.7816390604e-12, 4.06674504185e-13, 1.56282972674e-13, 2.63223904479e-13, 5.30457195367e-14, 1.19390903278e-14, 2.18935231679e-15, 1.96381200689e-16, 1.31334165773e-16, 1.16897653857e-16, 1.16322081734e-16, 4.93453833412e-17, 4.49066957783e-17, 2.83394294705e-17],
        "max": [0.00518244830891, 0.00955596100539, 0.0139387212694, 0.0229741279036, 0.00125815859064, 0.000718816474546, 0.000125551814563, 6.22825682512e-05, 0.0030236558523, 0.000790090241935, 0.00234824209474, 0.000609860930126, 0.000105082763184, 0.000202283903491, 5.142561713e-05, 2.81501270365e-05, 0.0002047920716, 0.000402810197556, 0.000123649297166, 0.000601022562478, 0.00102822226472, 0.00018710923905, 7.08060688339e-05, 4.24934114562e-05, 7.23867997294e-05, 1.56297865033e-05, 1.21564244182e-05, 4.00195858674e-06, 3.24007532981e-06, 3.11395751851e-06, 2.16052080759e-06, 9.23426568988e-07, 3.25461229522e-07, 2.11462946709e-07, 1.94207103732e-07, 1.45595478784e-07, 1.54300309418e-07, 1.29868922727e-07, 1.11692841642e-07, 1.03418834385e-07],
        "mean": [0.000677418836858, 0.00177348591387, 0.00370112317614, 0.00680780829862, 0.000239476648858, 2.265261719e-05, 1.33882840601e-05, 1.35563932417e-05, 0.000549698714167, 0.00016270118067, 0.000378460827051, 0.000111620764073, 2.6231562515e-05, 4.2146519263e-05, 1.06117386167e-05, 5.07498907609e-06, 2.14785577555e-05, 7.88331599324e-05, 2.25688709179e-05, 3.78105141863e-05, 3.67448592442e-05, 2.09163572436e-05, 1.202659314e-05, 8.47729188536e-06, 7.27894030206e-06, 2.68861708719e-06, 2.14098804463e-06, 7.71224733853e-07, 4.99056682202e-07, 6.10606946339e-07, 4.13209932049e-07, 1.98734454671e-07, 6.53748060131e-08, 1.48007384126e-08, 1.09516822278e-08, 9.70368407849e-09, 8.49089065724e-09, 5.7506035489e-09, 4.27891633237e-09, 2.66318767039e-09],
        "median": [0.00045614541159, 0.00117176503409, 0.00300142075866, 0.00578030198812, 0.000196716486244, 1.42451717693e-05, 1.09561169666e-05, 1.08349468064e-05, 0.000414872978581, 0.000124967555166, 0.000253287696978, 7.84516450949e-05, 2.10411417356e-05, 3.2648746128e-05, 8.67449489306e-06, 4.02660180043e-06, 1.77954334504e-05, 5.62207569601e-05, 1.84867549251e-05, 2.71979224635e-05, 2.86942631647e-05, 1.60949093697e-05, 9.54639381234e-06, 5.94290713707e-06, 5.76448792344e-06, 2.26426118388e-06, 1.57304418735e-06, 6.33530078176e-07, 3.79872375333e-07, 4.89703211315e-07, 3.43377024592e-07, 1.68140772416e-07, 5.46399832047e-08, 1.2638637692e-08, 8.27467960818e-09, 7.78542652569e-09, 6.05954175725e-09, 4.32162883257e-09, 2.96226154717e-09, 1.94364857542e-09],
        "min": [1.39406420203e-05, 1.16354440252e-05, 1.16978990263e-05, 2.1328785806e-05, 9.40635163715e-06, 1.78634218173e-06, 5.31218177002e-07, 1.45281205732e-06, 4.05205719289e-06, 2.62708226728e-06, 5.88982743466e-07, 1.9950807939e-07, 2.83547791469e-07, 8.53189817462e-07, 6.66763639856e-07, 3.47789779198e-07, 7.37741117973e-07, 1.43626596127e-06, 1.97222902898e-06, 3.55330575985e-06, 3.13198688673e-06, 4.89122101044e-07, 2.52823895153e-07, 3.14641766863e-07, 5.04265983636e-07, 1.35161542403e-07, 2.69854353974e-07, 9.30224359763e-08, 8.60311644146e-08, 9.27033312337e-08, 6.57084981981e-08, 3.13611643321e-08, 1.25730093004e-08, 1.84451864893e-09, 1.67047198296e-09, 1.85567239352e-09, 1.69734493127e-09, 1.13366305232e-09, 6.85890066965e-10, 5.28414811907e-10],
        "var": [4.71102310939e-07, 2.92594336315e-06, 6.64603794576e-06, 2.15128529817e-05, 2.73478200086e-08, 1.59524882193e-09, 1.14997990297e-10, 9.67927890616e-11, 2.51017127084e-07, 1.55767896359e-08, 1.44361123944e-07, 1.08391082776e-08, 3.1998476091e-10, 1.04008723856e-09, 5.64000755821e-11, 1.3643399778e-11, 3.19391318948e-10, 5.02825736604e-09, 2.59632537691e-10, 1.73593683872e-09, 2.80357337346e-09, 2.47522363717e-10, 8.15724848779e-11, 4.84916481969e-11, 4.06267589015e-11, 2.71600125203e-12, 2.74987628154e-12, 2.93940734383e-13, 1.47034850116e-13, 1.66527056901e-13, 8.18226305395e-14, 1.65858571723e-14, 1.82711910041e-15, 1.78939918802e-16, 1.41154758407e-16, 9.12058541649e-17, 1.30579221189e-16, 5.58799414356e-17, 4.31682665332e-17, 2.75334941648e-17]
    },
    "mfcc": {
        "mean": [-683.457824707, 193.570541382, -49.1180801392, 48.9135055542, 11.0880908966, 8.50349903107, 5.95988368988, 16.7818317413, 24.4335803986, 0.83925485611, -11.7472915649, -21.2684669495, -27.054889679],
        "cov": [[313.293945312, -23.6383628845, -31.3079338074, -10.0867547989, -41.4324188232, -39.193145752, -10.3411827087, -0.342654287815, -5.94989204407, -4.53661727905, -4.86116218567, -3.2058608532, -3.33597588539], [-23.6383628845, 132.090332031, -14.670384407, 22.2281570435, 10.7505912781, 14.0416564941, 7.06423091888, 13.5701999664, 19.7373886108, 6.39504814148, 10.0540361404, -8.05409145355, -10.3674201965], [-31.3079338074, -14.670384407, 91.6022415161, 6.19412469864, 15.3804302216, 5.08618497849, 6.5895357132, 4.54920387268, -0.186379358172, 8.61384296417, 1.08827519417, 13.5843505859, 17.1638374329], [-10.0867547989, 22.2281570435, 6.19412469864, 65.7611312866, 22.6198959351, 10.985373497, 2.33411335945, -4.64554214478, 5.3264503479, -0.446775913239, 16.2151222229, 12.1584043503, 3.20879101753], [-41.4324188232, 10.7505912781, 15.3804302216, 22.6198959351, 73.7592391968, 35.8892707825, 13.3101558685, 0.325882107019, 4.48296165466, 2.53549766541, 9.89863777161, 13.509437561, 8.87333488464], [-39.193145752, 14.0416564941, 5.08618497849, 10.985373497, 35.8892707825, 65.0516815186, 23.941286087, 6.26758146286, 7.36302280426, -0.646457254887, 3.3843061924, 1.68043005466, 2.87353897095], [-10.3411827087, 7.06423091888, 6.5895357132, 2.33411335945, 13.3101558685, 23.941286087, 55.5088996887, 19.3215332031, 5.47148704529, -1.51322793961, -2.92590498924, -3.83864474297, -4.23330307007], [-0.342654287815, 13.5701999664, 4.54920387268, -4.64554214478, 0.325882107019, 6.26758146286, 19.3215332031, 51.9531669617, 15.0790729523, 2.77161717415, -2.94436383247, -5.15583610535, 3.03723359108], [-5.94989204407, 19.7373886108, -0.186379358172, 5.3264503479, 4.48296165466, 7.36302280426, 5.47148704529, 15.0790729523, 40.7628173828, 17.5790634155, 8.03897380829, 8.70420360565, 4.80466175079], [-4.53661727905, 6.39504814148, 8.61384296417, -0.446775913239, 2.53549766541, -0.646457254887, -1.51322793961, 2.77161717415, 17.5790634155, 51.9238777161, 26.0124855042, 14.1830091476, 10.691444397], [-4.86116218567, 10.0540361404, 1.08827519417, 16.2151222229, 9.89863777161, 3.3843061924, -2.92590498924, -2.94436383247, 8.03897380829, 26.0124855042, 57.7862815857, 25.8267383575, 3.48749732971], [-3.2058608532, -8.05409145355, 13.5843505859, 12.1584043503, 13.509437561, 1.68043005466, -3.83864474297, -5.15583610535, 8.70420360565, 14.1830091476, 25.8267383575, 53.7641181946, 23.3370265961], [-3.33597588539, -10.3674201965, 17.1638374329, 3.20879101753, 8.87333488464, 2.87353897095, -4.23330307007, 3.03723359108, 4.80466175079, 10.691444397, 3.48749732971, 23.3370265961, 44.5379638672]],
