{
"lowlevel": {
    "average_loudness": 0.987105250359,
    "barkbands_crest": {
        "dmean": 5.54251146317,
        "dmean2": 9.94895172119,
        "dvar": 14.642326355,
        "dvar2": 46.4322929382,
        "max": 23.1578273773,
        "mean": 11.3388414383,
        "median": 10.6530046463,
        "min": 3.21798038483,
        "var": 19.9353981018
    },
    "barkbands_flatness_db": {
        "dmean": 0.0313910096884,
        "dmean2": 0.0556456819177,
        "dvar": 0.00049292226322,
        "dvar2": 0.00159286311828,
        "max": 0.261173635721,
        "mean": 0.171092927456,
        "median": 0.167887613177,
        "min": 0.104924671352,
        "var": 0.000659976270981
    },
    "barkbands_kurtosis": {
        "dmean": 1.72385752201,
        "dmean2": 3.08100748062,
        "dvar": 4.36213064194,
        "dvar2": 13.1193323135,
        "max": 18.0386867523,
        "mean": 0.136191010475,
        "median": -0.540455818176,
        "min": -1.80763721466,
        "var": 4.23518562317
    },
    "barkbands_skewness": {
        "dmean": 0.858638703823,
        "dmean2": 1.51564097404,
        "dvar": 0.407523304224,
        "dvar2": 1.31659972668,
        "max": 4.13266134262,
        "mean": 0.81891566515,
        "median": 0.760833263397,
        "min": -1.34792661667,
        "var": 0.62938952446
    },
    "barkbands_spread": {
        "dmean": 5.28696870804,
        "dmean2": 9.12275600433,
        "dvar": 18.2157707214,
        "dvar2": 58.2413711548,
        "max": 33.5727005005,
        "mean": 21.1458721161,
        "median": 21.3985614777,
        "min": 5.29743051529,
        "var": 34.5514602661
    },
    "dissonance": {
        "dmean": 0.0125472163782,
        "dmean2": 0.0215619485825,
        "dvar": 0.000114039925393,
        "dvar2": 0.000311259791488,
        "max": 0.497997999191,
        "mean": 0.47224137187,
        "median": 0.474463671446,
        "min": 0.404060274363,
        "var": 0.000258740299614
    },
    "dynamic_complexity": 0.619937002659,
    "erbbands_crest": {
        "dmean": 2.38035154343,
        "dmean2": 4.04540205002,
        "dvar": 3.75220990181,
        "dvar2": 10.1391687393,
        "max": 24.4089355469,
        "mean": 9.32257843018,
        "median": 8.61308670044,
        "min": 4.35721921921,
        "var": 10.4057283401
    },
    "erbbands_flatness_db": {
        "dmean": 0.0110265593976,
        "dmean2": 0.0176282282919,
        "dvar": 8.43437301228e-05,
        "dvar2": 0.00018567701045,
        "max": 0.291083246469,
        "mean": 0.233309075236,
        "median": 0.23332747817,
        "min": 0.136585012078,
        "var": 0.000338102603564
    },
    "erbbands_kurtosis": {
        "dmean": 1.15706336498,
        "dmean2": 2.01786231995,
        "dvar": 1.99251031876,
        "dvar2": 6.31556797028,
        "max": 9.59805679321,
        "mean": 0.056384075433,
        "median": -0.525922775269,
        "min": -1.74192881584,
        "var": 2.76280117035
    },
    "erbbands_skewness": {
        "dmean": 0.403717398643,
        "dmean2": 0.670284688473,
        "dvar": 0.110713131726,
        "dvar2": 0.33423691988,
        "max": 1.35283124447,
        "mean": -0.650146842003,
        "median": -0.60058838129,
        "min": -2.85723829269,
        "var": 0.459893584251
    },
    "erbbands_spread": {
        "dmean": 10.5693454742,
        "dmean2": 18.6078624725,
        "dvar": 63.6218070984,
        "dvar2": 203.86730957,
        "max": 61.9027709961,
        "mean": 30.7410945892,
        "median": 29.6812171936,
        "min": 9.1275510788,
        "var": 101.493598938
    },
    "hfc": {
        "dmean": 5.55621480942,
        "dmean2": 8.83682441711,
        "dvar": 20.0347862244,
        "dvar2": 46.8829612732,
        "max": 65.8252716064,
        "mean": 30.028093338,
        "median": 28.7548370361,
        "min": 0.517556726933,
        "var": 104.261123657
    },
    "melbands_crest": {
        "dmean": 6.29194688797,
        "dmean2": 11.2761182785,
        "dvar": 18.896074295,
        "dvar2": 59.2114257812,
        "max": 27.7781047821,
        "mean": 16.2152290344,
        "median": 16.200668335,
        "min": 5.48960351944,
        "var": 26.2335243225
    },
    "melbands_flatness_db": {
        "dmean": 0.0431115403771,
        "dmean2": 0.0766430944204,
        "dvar": 0.000882986467332,
        "dvar2": 0.00284343049861,
        "max": 0.335505694151,
        "mean": 0.230455636978,
        "median": 0.229417935014,
        "min": 0.13503099978,
        "var": 0.00123838440049
    },
    "melbands_kurtosis": {
        "dmean": 5.10315608978,
        "dmean2": 9.09791088104,
        "dvar": 28.9205188751,
        "dvar2": 88.4146499634,
        "max": 44.5229187012,
        "mean": 3.8690943718,
        "median": 2.26984643936,
        "min": -1.74888134003,
        "var": 29.5980548859
    },
    "melbands_skewness": {
        "dmean": 1.12654387951,
        "dmean2": 1.99058830738,
        "dvar": 0.701468348503,
        "dvar2": 2.25859165192,
        "max": 6.05695486069,
        "mean": 1.82000017166,
        "median": 1.67053699493,
        "min": -0.305463045835,
        "var": 1.02008509636
    },
    "melbands_spread": {
        "dmean": 13.189289093,
        "dmean2": 23.3838806152,
        "dvar": 105.343261719,
        "dvar2": 335.281646729,
        "max": 68.246635437,
        "mean": 29.8575000763,
        "median": 27.9706058502,
        "min": 4.6519985199,
        "var": 177.174026489
    },
    "pitch_salience": {
        "dmean": 0.114513583481,
        "dmean2": 0.203413948417,
        "dvar": 0.0077623189427,
        "dvar2": 0.0250438787043,
        "max": 0.774032771587,
        "mean": 0.475190192461,
        "median": 0.487078636885,
        "min": 0.180316358805,
        "var": 0.00895349029452
    },
    "silence_rate_20dB": {
        "dmean": 0,
        "dmean2": 0,
        "dvar": 0,
        "dvar2": 0,
        "max": 1,
        "mean": 1,
        "median": 1,
        "min": 1,
        "var": 0
    },
    "silence_rate_30dB": {
        "dmean": 0,
        "dmean2": 0,
        "dvar": 0,
        "dvar2": 0,
        "max": 1,
        "mean": 1,
        "median": 1,
        "min": 1,
        "var": 0
    },
    "silence_rate_60dB": {
        "dmean": 0,
        "dmean2": 0,
        "dvar": 0,
        "dvar2": 0,
        "max": 0,
        "mean": 0,
        "median": 0,
        "min": 0,
        "var": 0
    },
    "spectral_centroid": {
        "dmean": 402.604248047,
        "dmean2": 715.632507324,
        "dvar": 83935.8046875,
        "dvar2": 266262,
        "max": 2313.69628906,
        "mean": 1305.08532715,
        "median": 1303.2989502,
        "min": 448.000762939,
        "var": 140420.09375
    },
    "spectral_complexity": {
        "dmean": 3.17246365547,
        "dmean2": 5.2293176651,
        "dvar": 6.79778909683,
        "dvar2": 16.4379920959,
        "max": 42,
        "mean": 28.3603477478,
        "median": 28,
        "min": 1,
        "var": 18.6183681488
    },
    "spectral_decrease": {
        "dmean": 4.22353307883e-09,
        "dmean2": 7.51224149553e-09,
        "dvar": 8.76077740103e-18,
        "dvar2": 2.85129918153e-17,
        "max": -3.37003758233e-10,
        "mean": -9.29609189626e-09,
        "median": -9.26120602429e-09,
        "min": -1.69725584698e-08,
        "var": 9.68541312463e-18
    },
    "spectral_energy": {
        "dmean": 0.0161585845053,
        "dmean2": 0.0287476144731,
        "dvar": 0.000129576263134,
        "dvar2": 0.000418323121266,
        "max": 0.0667976215482,
        "mean": 0.0378092266619,
        "median": 0.0379401445389,
        "min": 0.00131887686439,
        "var": 0.000145813843119
    },
    "spectral_energyband_high": {
        "dmean": 4.13751731685e-05,
        "dmean2": 6.81955934851e-05,
        "dvar": 1.60061919274e-09,
        "dvar2": 4.23138502015e-09,
        "max": 0.000482843781356,
        "mean": 0.000132643763209,
        "median": 0.000118352982099,
        "min": 5.93529784965e-06,
        "var": 4.77450035063e-09
    },
    "spectral_energyband_low": {
        "dmean": 0.00113820203114,
        "dmean2": 0.00190428004134,
        "dvar": 1.12518171136e-06,
        "dvar2": 3.37982260135e-06,
        "max": 0.0102894026786,
        "mean": 0.00205643498339,
        "median": 0.00164024240803,
        "min": 0.00010116527119,
        "var": 2.3346992748e-06
    },
    "spectral_energyband_middle_high": {
        "dmean": 0.00255145691335,
        "dmean2": 0.00394946755841,
        "dvar": 5.80053756494e-06,
        "dvar2": 1.1968409126e-05,
        "max": 0.0406505726278,
        "mean": 0.0115553131327,
        "median": 0.0104873226956,
        "min": 0.000112741479825,
        "var": 3.06346373691e-05
    },
    "spectral_energyband_middle_low": {
        "dmean": 0.0167406070977,
        "dmean2": 0.0297738928348,
        "dvar": 0.000134068744956,
        "dvar2": 0.000442091753939,
        "max": 0.0598438158631,
        "mean": 0.0245902705938,
        "median": 0.0231148339808,
        "min": 0.000917973578908,
        "var": 0.000153240413056
    },
    "spectral_entropy": {
        "dmean": 0.151050269604,
        "dmean2": 0.267365306616,
        "dvar": 0.0133885284886,
        "dvar2": 0.0398168340325,
        "max": 7.9070558548,
        "mean": 7.27747297287,
        "median": 7.28937673569,
        "min": 6.76801872253,
        "var": 0.0201424360275
    },
    "spectral_flux": {
        "dmean": 0.0287272520363,
        "dmean2": 0.0452423803508,
        "dvar": 0.000519484514371,
        "dvar2": 0.00135092926212,
        "max": 0.220660075545,
        "mean": 0.111762084067,
        "median": 0.106769546866,
        "min": 0.0442010760307,
        "var": 0.000852866447531
    },
    "spectral_kurtosis": {
        "dmean": 4.31047153473,
        "dmean2": 7.81020975113,
        "dvar": 10.6924171448,
        "dvar2": 34.6467781067,
        "max": 28.0201644897,
        "mean": 8.8626871109,
        "median": 8.44734764099,
        "min": 0.951017141342,
        "var": 15.3868188858
    },
    "spectral_rms": {
        "dmean": 0.00132947473321,
        "dmean2": 0.00236008642241,
        "dvar": 9.12777977646e-07,
        "dvar2": 2.91708443001e-06,
        "max": 0.00807269569486,
        "mean": 0.00598858343437,
        "median": 0.00608397694305,
        "min": 0.0011343320366,
        "var": 1.02386184153e-06
    },
    "spectral_rolloff": {
        "dmean": 539.703186035,
        "dmean2": 975.244750977,
        "dvar": 286855.125,
        "dvar2": 827073,
        "max": 3100.78125,
        "mean": 1717.14111328,
        "median": 1916.45507812,
        "min": 215.33203125,
        "var": 384372.15625
    },
    "spectral_skewness": {
        "dmean": 0.387178719044,
        "dmean2": 0.698870003223,
        "dvar": 0.0884544476867,
        "dvar2": 0.280492037535,
        "max": 3.86851024628,
        "mean": 1.54670453072,
        "median": 1.52308475971,
        "min": 0.620544910431,
        "var": 0.166977539659
    },
    "spectral_spread": {
        "dmean": 179838,
        "dmean2": 282397.75,
        "dvar": 119899987968,
        "dvar2": 110199087104,
        "max": 12173783,
        "mean": 2268408.5,
        "median": 2214751,
        "min": 1690921.125,
        "var": 211717095424
    },
    "spectral_strongpeak": {
        "dmean": 0.977589011192,
        "dmean2": 1.75728678703,
        "dvar": 1.46335887909,
        "dvar2": 4.051009655,
        "max": 9.052485466,
        "mean": 1.37486147881,
        "median": 1.06905221939,
        "min": 0.0324158892035,
        "var": 1.35776329041
    },
    "zerocrossingrate": {
        "dmean": 0.00725203799084,
        "dmean2": 0.0116620557383,
        "dvar": 2.9527605875e-05,
        "dvar2": 7.22573022358e-05,
        "max": 0.08349609375,
        "mean": 0.0490005426109,
        "median": 0.04931640625,
        "min": 0.0078125,
        "var": 0.000117986492114
    },
    "barkbands": {
        "dmean": [1.15029388326e-05, 0.000646496831905, 0.000554230296984, 0.00194582436234, 0.0155750028789, 0.000130238724523, 0.000192096049432, 0.000967912492342, 0.00139354914427, 0.000484620977659, 0.000593586824834, 0.000586163369007, 5.83574073971e-05, 0.000439981173258, 0.000661822443362, 0.00131311756559, 0.00070562644396, 0.000190949227544, 0.000181176132173, 5.35743711225e-05, 2.25685180339e-05, 6.70813005854e-06, 5.89853812016e-07, 1.64699895322e-06, 1.29700094931e-06, 3.36185365768e-07, 6.19997138074e-08],
        "dmean2": [1.89416041394e-05, 0.00111688917968, 0.00095509912353, 0.00338031584397, 0.0279892832041, 0.000225935553317, 0.000349279260263, 0.00169218867086, 0.00231203553267, 0.00079834839562, 0.000919878424611, 0.000987991690636, 9.88696046988e-05, 0.0007079190691, 0.0010884529911, 0.00217093364336, 0.00115075148642, 0.00031285447767, 0.000306588597596, 8.8258406322e-05, 3.80786477763e-05, 1.05980707303e-05, 9.84128291748e-07, 2.56602947957e-06, 2.04485832001e-06, 5.53090501398e-07, 9.8780027713e-08],
        "dvar": [2.80637874051e-10, 4.24438837854e-07, 3.34736881769e-07, 2.36259711528e-06, 0.000119502765301, 1.85461939139e-08, 6.61540155988e-08, 1.05536969386e-06, 2.31983335652e-06, 4.01053284804e-07, 1.67230859915e-06, 5.3361600294e-07, 4.93460872164e-09, 3.15649316462e-07, 5.18901060786e-07, 2.1002831545e-06, 4.41794838935e-07, 3.10795549296e-08, 3.36534036194e-08, 3.55148088715e-09, 4.81214790238e-10, 9.72035646418e-11, 5.61934179744e-13, 6.97603476721e-12, 2.42666238666e-12, 2.28852066421e-13, 3.50410245796e-14],
        "dvar2": [7.09112879527e-10, 1.18630714496e-06, 1.00011698123e-06, 6.64475737722e-06, 0.000379260687623, 4.99170873525e-08, 2.03669813459e-07, 3.13838177135e-06, 6.29211081105e-06, 9.45157523802e-07, 2.67650375463e-06, 1.48844173964e-06, 1.28513955033e-08, 6.52417156743e-07, 1.40574479701e-06, 5.61635442864e-06, 1.18806701721e-06, 8.12028773112e-08, 9.14713425004e-08, 9.16840559029e-09, 1.32421063004e-09, 2.50474696539e-10, 1.58237203722e-12, 1.75463463203e-11, 6.84535154255e-12, 5.60141776712e-13, 8.27892780914e-14],
        "max": [0.000314966426231, 0.00695471465588, 0.00497566442937, 0.0153471976519, 0.0497052744031, 0.00152950512711, 0.00179525546264, 0.0102642551064, 0.0160164050758, 0.0114592127502, 0.0343168005347, 0.00852702278644, 0.00122806988657, 0.0111387651414, 0.00905141979456, 0.0138720506802, 0.00671556033194, 0.00213879859075, 0.00226002046838, 0.000645014864858, 0.000228069300647, 0.000148157254444, 9.47861917666e-06, 4.31564367318e-05, 1.59241444635e-05, 6.80400535202e-06, 4.07440575145e-06],
        "mean": [2.92023451038e-05, 0.00100437109359, 0.000679869262967, 0.00242092390545, 0.0164375975728, 0.00021441593708, 0.000222546965233, 0.0018345292192, 0.00320301880129, 0.000860625237692, 0.00101908005308, 0.00104203436058, 0.000111593188194, 0.000913367024623, 0.00181776436511, 0.00310554495081, 0.00173766235821, 0.000485268799821, 0.00045501315617, 0.000126044644276, 6.20334685664e-05, 1.80290335265e-05, 1.46424542891e-06, 3.64762854588e-06, 2.71332442026e-06, 8.06016203114e-07, 1.00644889756e-07],
        "median": [7.65755703469e-06, 0.000755632296205, 0.000485009659315, 0.00197407486849, 0.0134120294824, 0.000166155412444, 0.000141629599966, 0.00126934726723, 0.00235359510407, 0.00061512546381, 0.000445714133093, 0.000761893868912, 8.41375440359e-05, 0.000632933282759, 0.00152863340918, 0.00229161325842, 0.0013984470861, 0.000416743685491, 0.000367723376257, 9.58349555731e-05, 5.49862816115e-05, 1.35441341627e-05, 1.2024862599e-06, 2.44850866693e-06, 2.04849402508e-06, 5.31020816652e-07, 3.9643772709e-08],
        "min": [1.51269219373e-07, 9.48503111431e-06, 1.43038232636e-05, 2.77137369267e-05, 0.0005890292814, 1.48971394083e-05, 6.6441589297e-06, 5.16186446475e-06, 1.18403659144e-05, 6.08816208114e-06, 2.24580185204e-06, 5.15132285273e-07, 1.29456850573e-06, 9.00510622159e-06, 3.19958380715e-05, 3.12870870403e-05, 7.15912938176e-06, 9.47307398746e-06, 1.45031799548e-05, 2.20820152208e-06, 1.81964321655e-06, 7.9995413671e-07, 3.63813597914e-07, 3.52030639306e-07, 1.27698939423e-07, 9.23122129848e-08, 9.38260580341e-09],
        "var": [2.32444707926e-09, 7.74643808654e-07, 4.12130447103e-07, 3.81343647859e-06, 0.000136108064908, 2.79601710673e-08, 5.93463234111e-08, 3.02594730783e-06, 7.71734721638e-06, 8.47634964884e-07, 6.12004350842e-06, 8.60543764247e-07, 1.05183000088e-08, 1.01187674773e-06, 1.56955479724e-06, 7.07300750946e-06, 1.39604844662e-06, 7.29828428803e-08, 1.17156950807e-07, 1.04137782841e-08, 1.35833988502e-09, 2.48132042691e-10, 1.00965817738e-12, 1.58596018263e-11, 5.82992074755e-12, 5.85404229432e-13, 5.15549991478e-14]
    },
    "erbbands": {
        "dmean": [0.0141735933721, 0.167716309428, 0.651797950268, 3.17662978172, 56.6311988831, 33.5385513306, 2.02677679062, 1.17798388004, 1.10090768337, 4.91198062897, 38.2140426636, 24.0006084442, 14.7550697327, 10.2592163086, 29.3818588257, 15.6166849136, 2.79139518738, 10.0689277649, 37.1969642639, 32.5932006836, 70.9431381226, 35.0950469971, 9.29022121429, 13.6248445511, 4.90209102631, 2.57022881508, 1.10704708099, 0.717195928097, 0.250938206911, 0.078223772347, 0.020337022841, 0.0346386581659, 0.026055444032, 0.02688870579, 0.00222508935258, 0.00188263121527, 0.000499706482515, 0.000102793324913, 9.60669603955e-06, 1.75545883394e-05],
        "dmean2": [0.0250495672226, 0.28785854578, 1.11091136932, 5.57832431793, 101.652709961, 59.7256546021, 3.49105548859, 2.04197192192, 1.93566679955, 8.91754817963, 65.2668685913, 39.5537071228, 23.7356262207, 16.4457130432, 46.5547447205, 26.197883606, 4.62705373764, 15.791510582, 60.3958969116, 51.5993728638, 115.657676697, 56.8012275696, 15.6227064133, 22.7787322998, 8.35113620758, 4.29334402084, 1.8461060524, 1.19873654842, 0.395289391279, 0.124811798334, 0.0338249504566, 0.055741187185, 0.0400554910302, 0.0424599908292, 0.00352506409399, 0.00308959535323, 0.000815871637315, 0.000167221063748, 1.64470366144e-05, 3.1208684959e-05],
        "dvar": [0.000327876827214, 0.0278793890029, 0.436497598886, 5.68181705475, 1477.81896973, 503.405487061, 2.38935947418, 1.50383353233, 0.962769627571, 47.5315093994, 1828.54711914, 684.65246582, 406.692443848, 302.714874268, 2543.34790039, 376.062988281, 10.2848339081, 147.03616333, 1401.25463867, 2743.67529297, 6206.27734375, 1097.94714355, 77.5786972046, 196.450424194, 31.6615791321, 8.2361240387, 1.17243146896, 0.55000436306, 0.116564683616, 0.0252556204796, 0.000744711665902, 0.00261413748376, 0.00276201800443, 0.00108314550016, 6.786285212e-06, 6.70538338454e-06, 5.1840481774e-07, 7.57558353826e-08, 1.9745247104e-10, 1.54564694377e-10],
        "dvar2": [0.000943828898016, 0.0780402719975, 1.28938555717, 16.6984233856, 4656.89257812, 1657.94152832, 7.08646535873, 4.09897756577, 2.80920505524, 147.994400024, 5341.89355469, 1778.41333008, 840.73046875, 624.848327637, 4422.48388672, 1005.89703369, 25.6933002472, 322.791290283, 3790.88134766, 6348.23291016, 16858.1953125, 3037.48779297, 187.02116394, 535.519104004, 91.3766403198, 21.5200119019, 3.31587934494, 1.47531354427, 0.277793318033, 0.0752268359065, 0.00210480834357, 0.00642867712304, 0.0079636182636, 0.00305681372993, 1.8192202333e-05, 1.61068110174e-05, 1.33665264457e-06, 1.79604469963e-07, 4.85974371855e-10, 4.93910523591e-10],
        "max": [0.185849502683, 1.66995275021, 5.5886015892, 24.1026229858, 187.304992676, 110.36190033, 13.9163808823, 12.3296480179, 9.27134895325, 55.3991088867, 448.685974121, 319.239929199, 350.750457764, 375.127716064, 1326.453125, 234.046661377, 60.9461975098, 219.238815308, 474.868682861, 1141.32189941, 837.119140625, 295.422973633, 96.2597351074, 178.720504761, 60.5534095764, 32.3315010071, 11.0970935822, 9.6488237381, 5.3806142807, 3.19613432884, 0.354799687862, 0.636972844601, 0.963580191135, 0.344088554382, 0.0281244348735, 0.0330249145627, 0.0110403271392, 0.00579299498349, 0.000316496239975, 7.765564078e-05],
        "mean": [0.0236774701625, 0.243971526623, 0.906317591667, 4.41361570358, 56.7241477966, 37.5785560608, 3.7355723381, 1.86307013035, 1.78109371662, 6.66439676285, 84.2316436768, 54.8724403381, 26.7299766541, 21.9275512695, 56.7390823364, 31.2545223236, 7.04875469208, 23.6278762817, 102.203735352, 93.46925354, 181.855621338, 89.5889816284, 29.9691944122, 34.1830673218, 12.507771492, 6.25612211227, 2.79969549179, 2.04769635201, 0.71184027195, 0.204782217741, 0.0510081388056, 0.0758566334844, 0.0554701685905, 0.0566067248583, 0.00554427225143, 0.00444576283917, 0.0011969715124, 0.0001831195259, 2.92639633699e-05, 4.52412932646e-05],
        "median": [0.0114341638982, 0.186109602451, 0.670047044754, 3.77753806114, 47.1223182678, 32.6859092712, 3.45088219643, 1.41861701012, 1.45756995678, 4.49351882935, 58.8064231873, 40.4891014099, 19.3375415802, 13.453789711, 35.5143432617, 23.8053836823, 5.61035776138, 17.5766296387, 91.2808151245, 74.1137542725, 126.70463562, 75.806060791, 26.5675468445, 26.9122486115, 10.5380020142, 4.85812616348, 2.40069913864, 1.70970952511, 0.536556839943, 0.16004614532, 0.040550775826, 0.0520738363266, 0.0378942973912, 0.0428479164839, 0.00433790916577, 0.00313280452974, 0.00079391017789, 8.56785118231e-05, 2.6677191272e-05, 4.6033943363e-05],
        "min": [0.000328151887516, 0.00416573928669, 0.0505412444472, 0.228148505092, 1.12507009506, 1.93587398529, 0.381514340639, 0.219888463616, 0.180529415607, 0.191673263907, 0.0862532183528, 0.255766391754, 0.333939939737, 0.0728254020214, 0.091259278357, 0.0224392581731, 0.0700055286288, 0.342570185661, 1.74322712421, 1.43086647987, 1.16961789131, 0.373001217842, 0.398267060518, 0.8460303545, 0.449256271124, 0.121660985053, 0.0969007760286, 0.0449714995921, 0.0321085751057, 0.0185111034662, 0.0106319123879, 0.00865670200437, 0.0047482396476, 0.00211673276499, 0.000401938741561, 0.000447940605227, 0.000163165022968, 1.10381188279e-05, 8.99398492038e-06, 7.57211319069e-06],
        "var": [0.000933701521717, 0.0425301529467, 0.612465083599, 10.1620883942, 1780.15393066, 627.874145508, 3.4127676487, 2.28247332573, 1.53452503681, 51.9566001892, 6228.97607422, 2304.09228516, 801.629272461, 955.210571289, 8754.59472656, 634.404602051, 30.0194473267, 460.056518555, 4160.50195312, 6488.7265625, 23334.2578125, 3134.88012695, 202.806594849, 655.737182617, 67.1159210205, 25.0101337433, 3.02063107491, 1.74551939964, 0.361557036638, 0.0394214242697, 0.00131493608933, 0.00573972566053, 0.00460762204602, 0.00255187391303, 1.88011999853e-05, 1.73001881194e-05, 1.23587301459e-06, 1.19908293073e-07, 3.2337310607e-10, 1.81719223002e-10]
    },
    "gfcc": {
        "mean": [-4.96481180191, 136.220443726, -165.990814209, 29.3878383636, -25.8461837769, -6.98512172699, -34.7000656128, 6.57165288925, -25.4171295166, -21.6868362427, -35.6385726929, -20.1523246765, -1.76746225357],
        "cov": [[235.350723267, -35.4055480957, -27.6313972473, -13.0438756943, -3.51050400734, 20.0902519226, -9.57795619965, 31.6608715057, -8.357172966, 15.9965381622, -5.62486886978, -5.46610403061, 14.6108255386], [-35.4055480957, 180.16027832, 31.9357452393, 16.588760376, -21.3338069916, -20.6931991577, 73.0215911865, -5.79079198837, 28.2720527649, -20.3879089355, 38.1107635498, -19.733789444, -7.34530448914], [-27.6313972473, 31.9357452393, 159.091094971, -1.57953357697, -6.01603269577, 6.36480426788, -23.5316829681, 20.0262260437, -7.07571840286, 4.46528530121, 0.355337560177, -0.774725079536, -20.5817050934], [-13.0438756943, 16.588760376, -1.57953357697, 103.298492432, 7.45309686661, -3.62516880035, 13.4562711716, -25.4609718323, 15.478843689, -14.9269247055, 22.7454776764, -10.1399726868, 6.91057682037], [-3.51050400734, -21.3338069916, -6.01603269577, 7.45309686661, 98.748336792, 4.28376865387, -20.6643180847, -24.4511146545, -20.8783226013, 6.0907535553, -29.2405433655, 14.740562439, 19.4653644562], [20.0902519226, -20.6931991577, 6.36480426788, -3.62516880035, 4.28376865387, 80.3746337891, 7.06167507172, 12.227232933, -0.713177978992, 15.0781240463, 16.3017349243, 14.5105237961, 10.118514061], [-9.57795619965, 73.0215911865, -23.5316829681, 13.4562711716, -20.6643180847, 7.06167507172, 91.3966293335, 12.7858600616, 23.2922115326, 3.25707626343, 22.9589576721, 6.16668844223, -3.82306170464], [31.6608715057, -5.79079198837, 20.0262260437, -25.4609718323, -24.4511146545, 12.227232933, 12.7858600616, 99.0769500732, 36.9030380249, 47.8158798218, 23.8395996094, -7.1771235466, -6.53800296783], [-8.357172966, 28.2720527649, -7.07571840286, 15.478843689, -20.8783226013, -0.713177978992, 23.2922115326, 36.9030380249, 76.6309814453, 24.9469013214, 16.9144935608, -6.32645797729, -14.8463907242], [15.9965381622, -20.3879089355, 4.46528530121, -14.9269247055, 6.0907535553, 15.0781240463, 3.25707626343, 47.8158798218, 24.9469013214, 67.6364974976, 18.266450882, 10.5241298676, -2.94175124168], [-5.62486886978, 38.1107635498, 0.355337560177, 22.7454776764, -29.2405433655, 16.3017349243, 22.9589576721, 23.8395996094, 16.9144935608, 18.266450882, 75.1368789673, -6.57499790192, 5.981528759], [-5.46610403061, -19.733789444, -0.774725079536, -10.1399726868, 14.740562439, 14.5105237961, 6.16668844223, -7.1771235466, -6.32645797729, 10.5241298676, -6.57499790192, 49.5357284546, 8.86941623688], [14.6108255386, -7.34530448914, -20.5817050934, 6.91057682037, 19.4653644562, 10.118514061, -3.82306170464, -6.53800296783, -14.8463907242, -2.94175124168, 5.981528759, 8.86941623688, 40.1891593933]],
        "icov": [[0.00518075469881, -0.000929040077608, 0.00173992628697, -0.00115366640966, 0.001307527069, -0.0016795580741, 0.0014770188136, -0.00285712024197, 0.00225503044203, -0.00132956111338, 0.00250044837594, 0.000628107576631, -0.00127361831255], [-0.000929040077608, 0.0198260471225, -0.00965581275523, 0.00818358175457, -0.00513881351799, 0.00691393902525, -0.0181440655142, 0.0091464119032, -0.0102882022038, 0.0072815688327, -0.0116555234417, 0.00896508712322, -0.00539199728519], [0.00173992628697, -0.00965581275523, 0.0130219431594, -0.00590688129887, 0.00239339540713, -0.0046198843047, 0.0116549702361, -0.00875409971923, 0.00805533211678, -0.00218560337089, 0.00543478084728, -0.00601159315556, 0.00830927118659], [-0.00115366640966, 0.00818358175457, -0.00590688129887, 0.0182623546571, -0.00549388444051, 0.00373100698926, -0.00915697962046, 0.010151328519, -0.0108315516263, 0.0057943505235, -0.0110738575459, 0.00677322875708, -0.0051720449701], [0.001307527069, -0.00513881351799, 0.00239339540713, -0.00549388444051, 0.017991181463, -0.00279502477497, 0.00586817599833, 0.000943213584833, 0.0053069088608, -0.0100849345326, 0.0114111024886, -0.00263114087284, -0.00643816683441], [-0.0016795580741, 0.00691393902525, -0.0046198843047, 0.00373100698926, -0.00279502477497, 0.0174051057547, -0.00722370902076, 0.00302141648717, -0.00342890387401, 0.00144680950325, -0.00765756890178, -0.000673613511026, -0.00422965409234], [0.0014770188136, -0.0181440655142, 0.0116549702361, -0.00915697962046, 0.00586817599833, -0.00722370902076, 0.0309660304338, -0.0110404901206, 0.00723492074758, -0.00358861358836, 0.00743637187406, -0.0125824436545, 0.00789635907859], [-0.00285712024197, 0.0091464119032, -0.00875409971923, 0.010151328519, 0.000943213584833, 0.00302141648717, -0.0110404901206, 0.0284158550203, -0.0125668067485, -0.00945596490055, -0.00715883728117, 0.0104340594262, -0.00773511081934], [0.00225503044203, -0.0102882022038, 0.00805533211678, -0.0108315516263, 0.0053069088608, -0.00342890387401, 0.00723492074758, -0.0125668067485, 0.028011424467, -0.00911123119295, 0.00796624831855, -0.00440178718418, 0.00969106238335], [-0.00132956111338, 0.0072815688327, -0.00218560337089, 0.0057943505235, -0.0100849345326, 0.00144680950325, -0.00358861358836, -0.00945596490055, -0.00911123119295, 0.0339798517525, -0.0127142174169, -0.005321145989, 0.00452728103846], [0.00250044837594, -0.0116555234417, 0.00543478084728, -0.0110738575459, 0.0114111024886, -0.00765756890178, 0.00743637187406, -0.00715883728117, 0.00796624831855, -0.0127142174169, 0.0304129980505, -0.00107020721771, -0.00468614371493], [0.000628107576631, 0.00896508712322, -0.00601159315556, 0.00677322875708, -0.00263114087284, -0.000673613511026, -0.0125824436545, 0.0104340594262, -0.00440178718418, -0.005321145989, -0.00107020721771, 0.0313350968063, -0.00966036040336], [-0.00127361831255, -0.00539199728519, 0.00830927118659, -0.0051720449701, -0.00643816683441, -0.00422965409234, 0.00789635907859, -0.00773511081934, 0.00969106238335, 0.00452728103846, -0.00468614371493, -0.00966036040336, 0.0399213656783]]
    },
    "melbands": {
        "dmean": [0.000148944600369, 0.000285290618194, 0.00190950930119, 0.00404908461496, 0.000116994968266, 2.48986398219e-05, 2.23566166824e-05, 4.43500393885e-05, 0.00038660003338, 0.000127876468468, 7.63464049669e-05, 4.16495422542e-05, 9.76231094683e-05, 8.17448744783e-05, 1.3171750652e-05, 5.91190291743e-06, 2.1443620426e-05, 6.65100888e-05, 4.84740048705e-05, 8.10051351436e-05, 7.51304905862e-05, 4.32481974713e-05, 1.77667752723e-05, 8.98240705283e-06, 1.25263786686e-05, 4.40877556684e-06, 2.96009011436e-06, 1.53321514063e-06, 5.99240593147e-07, 7.55234964345e-07, 3.46564036136e-07, 1.67798248185e-07, 1.00655753954e-07, 2.21924452148e-08, 8.90938789411e-09, 1.88575626225e-08, 2.43631905761e-08, 1.85809021502e-08, 2.14479012328e-08, 2.60138754982e-08],
        "dmean2": [0.000260337343207, 0.000488295569085, 0.00342616043054, 0.00726877478883, 0.000201490300242, 4.30997206422e-05, 4.03203557653e-05, 8.03815055406e-05, 0.000656066986267, 0.000209430450923, 0.000122751254821, 6.81380261085e-05, 0.00015163878561, 0.000138238057843, 2.17944634642e-05, 9.90229455056e-06, 3.39334619639e-05, 0.000107619904156, 7.77453606133e-05, 0.000132944696816, 0.000120698176033, 7.05332495272e-05, 2.98223985737e-05, 1.50402920553e-05, 2.09824374906e-05, 7.47123340261e-06, 4.99184579894e-06, 2.58926388597e-06, 9.97829374683e-07, 1.29801821913e-06, 5.71874579691e-07, 2.67126267772e-07, 1.62047356866e-07, 3.5553714639e-08, 1.50183758763e-08, 3.16353023777e-08, 3.93923365039e-08, 2.89410166943e-08, 3.43271508996e-08, 4.12407565875e-08],
        "dvar": [2.57577443818e-08, 8.40294518412e-08, 1.68742963069e-06, 8.1172102e-06, 7.64590879498e-09, 6.69493072092e-10, 5.92916438169e-10, 3.78340958562e-09, 1.87659878748e-07, 1.99954204305e-08, 1.0525589289e-08, 4.92245177952e-09, 4.42387069199e-08, 1.03363388959e-08, 2.84734402722e-10, 6.38547686949e-11, 8.0526979529e-10, 5.15576914495e-09, 3.69637787045e-09, 8.62839666382e-09, 6.31686125629e-09, 1.68573266457e-09, 2.74326311667e-10, 7.80236569797e-11, 1.72873715343e-10, 2.5696601097e-11, 1.25943803997e-11, 2.88300698419e-12, 3.73670251642e-13, 6.34918604237e-13, 1.19415070822e-13, 6.22756308869e-14, 3.46204083468e-14, 1.79311411571e-15, 1.33002489806e-16, 5.64280855725e-16, 1.46996786996e-15, 1.77100263826e-15, 1.16301435306e-15, 9.93963940966e-16],
        "dvar2": [7.23467650232e-08, 2.42564652808e-07, 5.1228985285e-06, 2.59185853793e-05, 2.17433129279e-08, 1.81697390467e-09, 1.75428060967e-09, 1.18373133517e-08, 5.4649615322e-07, 4.99564620782e-08, 2.18716849076e-08, 1.14259188777e-08, 7.05151350644e-08, 2.8777263239e-08, 7.2097972037e-10, 1.68130995237e-10, 1.60529201043e-09, 1.33960877946e-08, 9.54808410114e-09, 2.11231885316e-08, 1.68944360723e-08, 4.50671144847e-09, 8.007179364e-10, 2.03556865808e-10, 4.6629305972e-10, 7.52894135925e-11, 3.30270359672e-11, 7.58557192754e-12, 1.06858391493e-12, 1.7525134989e-12, 3.13787434621e-13, 1.4728257676e-13, 1.00259969597e-13, 5.40415702436e-15, 3.73074549887e-16, 1.44938539286e-15, 3.68425069573e-15, 5.09899477039e-15, 3.34255633426e-15, 2.70014325365e-15],
        "max": [0.00164627167396, 0.00242918822914, 0.00724012963474, 0.0129537582397, 0.000558927771635, 0.000257135077845, 0.000206686730962, 0.000452359789051, 0.0046697454527, 0.00176205520984, 0.00173093471676, 0.00167113740463, 0.00564228091389, 0.00119510421064, 0.000257838866673, 0.000132036730065, 0.000555923499633, 0.00108891457785, 0.000886858440936, 0.0013381880708, 0.000881962361746, 0.00041495548794, 0.000147935934365, 9.45726642385e-05, 0.000170455037733, 6.89331791364e-05, 4.15443173551e-05, 1.91982671822e-05, 5.54408416065e-06, 8.67965627549e-06, 4.04081401939e-06, 4.67968129669e-06, 3.71468127014e-06, 8.09500591004e-07, 1.69046103338e-07, 2.18098946903e-07, 5.08248490405e-07, 7.75607418291e-07, 5.12672556852e-07, 3.28981798248e-07],
        "mean": [0.000236486390349, 0.000409449916333, 0.00209515960887, 0.00429070927203, 0.000193955391296, 3.889373329e-05, 3.14784083457e-05, 5.21839647263e-05, 0.000871389522217, 0.000287969072815, 0.000129499530885, 8.43825037009e-05, 0.000181644529221, 0.000145712852827, 2.73158802884e-05, 1.1523455214e-05, 4.4276661356e-05, 0.000165119447047, 0.000130240077851, 0.000186484932783, 0.000202265349799, 0.000102934252936, 4.04559941671e-05, 2.18303957809e-05, 2.99271941913e-05, 9.89707223198e-06, 6.67826361678e-06, 3.40272958965e-06, 1.40712199936e-06, 1.85157341548e-06, 9.19559681734e-07, 4.1650963567e-07, 2.51923609085e-07, 5.09233153423e-08, 2.05852828117e-08, 3.9494242543e-08, 5.0466042012e-08, 3.56884868324e-08, 4.47465140496e-08, 5.1497046627e-08],
        "median": [0.000152814143803, 0.000308664020849, 0.00174254528247, 0.00351730803959, 0.000178150148713, 2.95019272016e-05, 2.40125500568e-05, 3.32284689648e-05, 0.000608543807175, 0.00021130310779, 8.94945842447e-05, 5.28667478648e-05, 9.31243266677e-05, 0.000109110180347, 2.05629621632e-05, 8.35036280478e-06, 2.85538426397e-05, 0.000139444164233, 0.000104697326606, 0.000140558360727, 0.000148605526192, 8.20809000288e-05, 3.50934133166e-05, 1.86732067959e-05, 2.30018758884e-05, 8.11696372693e-06, 5.1952965805e-06, 2.5095523597e-06, 1.1952118939e-06, 1.59168234859e-06, 7.45850684325e-07, 2.90958467986e-07, 1.95319501017e-07, 3.72108814872e-08, 1.64177453854e-08, 2.89246688823e-08, 3.26696003583e-08, 2.22673648409e-08, 3.18123660747e-08, 3.40661046039e-08],
        "min": [2.6186330615e-06, 1.20802214951e-05, 4.91728023917e-05, 0.00014082006237, 1.38099085234e-05, 3.04419518216e-06, 2.39863720708e-06, 1.9199385406e-06, 5.88722059547e-07, 1.82920632597e-06, 1.65546828157e-06, 2.81509215938e-07, 3.43276610693e-07, 8.38185840735e-08, 5.93288405071e-08, 2.14111210539e-07, 5.73103932311e-07, 2.58887530435e-06, 2.05867968361e-06, 2.68991584562e-06, 9.32587170155e-07, 3.77123399176e-07, 2.54941141975e-07, 5.35878143637e-07, 7.16797444511e-07, 5.55638791866e-07, 8.49093879651e-08, 7.26200042322e-08, 5.72141694022e-08, 5.16951637053e-08, 1.73021366123e-08, 1.94073965787e-08, 1.30271455845e-08, 6.41948716407e-09, 4.3651100512e-09, 5.62596502718e-09, 4.69621896926e-09, 3.30117888581e-09, 2.43053532856e-09, 1.19275633814e-09],
        "var": [5.62372548529e-08, 1.22614920883e-07, 2.20448509936e-06, 9.21834998735e-06, 1.11751639054e-08, 1.03299402365e-09, 6.70105027023e-10, 3.79069664547e-09, 6.56984980196e-07, 6.51088001291e-08, 2.0818948343e-08, 1.32010100629e-08, 1.60418736073e-07, 1.6318994156e-08, 5.44157108262e-10, 1.22181903484e-10, 2.48583553741e-09, 1.42245841772e-08, 1.06632072061e-08, 2.75885803092e-08, 2.72548916769e-08, 5.146156834e-09, 4.82842099636e-10, 1.61668414767e-10, 5.814745907e-10, 4.39160097176e-11, 2.79544807441e-11, 8.16733573133e-12, 8.36299616797e-13, 1.39999014985e-12, 3.91324613772e-13, 1.70142938909e-13, 6.19436685105e-14, 2.72967082219e-15, 2.1477739311e-16, 1.13508164168e-15, 3.10941390366e-15, 2.60736222923e-15, 2.21821856436e-15, 2.68582543223e-15]
    },
    "mfcc": {
        "mean": [-635.553405762, 161.598754883, -61.9292221069, 35.4407043457, 17.1613330841, -5.91988706589, 2.42675900459, 5.12072467804, 21.6892795563, -5.37138080597, -11.9080162048, -16.394367218, -14.7970190048],
        "cov": [[287.481994629, -59.3703765869, -49.5748023987, -25.6103229523, -6.04523134232, -12.6256523132, 15.7966527939, -11.2841863632, 18.4843978882, 17.7735843658, -12.6269264221, 13.0601406097, 13.2223730087], [-59.3703765869, 162.640823364, 27.380853653, 15.4799022675, -36.8661270142, -7.12467575073, 13.7258176804, 18.5796413422, 1.05957627296, 0.240176796913, 29.0266819, 7.54070711136, -15.3705854416], [-49.5748023987, 27.380853653, 167.483932495, -5.25158071518, -3.99535179138, -23.1443939209, 2.94320225716, 19.4651641846, -23.4197425842, 13.3424720764, 46.0980453491, 14.395980835, -18.8705310822], [-25.6103229523, 15.4799022675, -5.25158071518, 108.985702515, -7.00951433182, 10.6564216614, -8.24827003479, 5.90418720245, -7.87682151794, 4.09998178482, -11.4097270966, 1.90466356277, -12.387295723], [-6.04523134232, -36.8661270142, -3.99535179138, -7.00951433182, 109.898117065, 10.9089574814, -2.38551831245, -28.986825943, 9.81514358521, -2.03858757019, -32.6793708801, -14.2882709503, 15.3243360519], [-12.6256523132, -7.12467575073, -23.1443939209, 10.6564216614, 10.9089574814, 93.6204071045, 7.32392168045, 12.428027153, -3.1855609417, -35.0051612854, -2.96001148224, -21.7249107361, -10.0089464188], [15.7966527939, 13.7258176804, 2.94320225716, -8.24827003479, -2.38551831245, 7.32392168045, 69.6844406128, 0.984473526478, -8.19897842407, 3.44167947769, 2.54330158234, -4.51253795624, -7.42835712433], [-11.2841863632, 18.5796413422, 19.4651641846, 5.90418720245, -28.986825943, 12.428027153, 0.984473526478, 49.8201599121, 4.66286325455, 0.650948345661, 12.1816911697, 8.98805046082, -8.53668117523], [18.4843978882, 1.05957627296, -23.4197425842, -7.87682151794, 9.81514358521, -3.1855609417, -8.19897842407, 4.66286325455, 63.8614578247, 0.284723639488, 6.17238950729, -0.00515618827194, 23.919500351], [17.7735843658, 0.240176796913, 13.3424720764, 4.09998178482, -2.03858757019, -35.0051612854, 3.44167947769, 0.650948345661, 0.284723639488, 80.2530212402, 14.4834079742, 32.0506896973, -0.488022655249], [-12.6269264221, 29.0266819, 46.0980453491, -11.4097270966, -32.6793708801, -2.96001148224, 2.54330158234, 12.1816911697, 6.17238950729, 14.4834079742, 92.8795394897, 25.3146972656, 3.86244654655], [13.0601406097, 7.54070711136, 14.395980835, 1.90466356277, -14.2882709503, -21.7249107361, -4.51253795624, 8.98805046082, -0.00515618827194, 32.0506896973, 25.3146972656, 51.3690452576, 6.37364912033], [13.2223730087, -15.3705854416, -18.8705310822, -12.387295723, 15.3243360519, -10.0089464188, -7.42835712433, -8.53668117523, 23.919500351, -0.488022655249, 3.86244654655, 6.37364912033, 57.6146507263]],
