{
"lowlevel": {
    "average_loudness": 0.98577862978,
    "barkbands_crest": {
        "dmean": 3.4225769043,
        "dmean2": 5.80232906342,
        "dvar": 7.22449302673,
        "dvar2": 19.3898296356,
        "max": 19.3540897369,
        "mean": 8.69569015503,
        "median": 8.15269470215,
        "min": 3.69268202782,
        "var": 10.7972249985
    },
    "barkbands_flatness_db": {
        "dmean": 0.0184098202735,
        "dmean2": 0.0299992244691,
        "dvar": 0.000233273633057,
        "dvar2": 0.000575203564949,
        "max": 0.209658816457,
        "mean": 0.159740164876,
        "median": 0.160999208689,
        "min": 0.0859753713012,
        "var": 0.000332989933668
    },
    "barkbands_kurtosis": {
        "dmean": 0.823416352272,
        "dmean2": 1.37787127495,
        "dvar": 0.892443358898,
        "dvar2": 2.3509926796,
        "max": 4.80061244965,
        "mean": -0.202562987804,
        "median": -0.489677667618,
        "min": -1.60021448135,
        "var": 0.913124322891
    },
    "barkbands_skewness": {
        "dmean": 0.445429891348,
        "dmean2": 0.7339168787,
        "dvar": 0.129321813583,
        "dvar2": 0.355657845736,
        "max": 2.32507324219,
        "mean": 0.804426550865,
        "median": 0.79598736763,
        "min": -0.189359769225,
        "var": 0.191954001784
    },
    "barkbands_spread": {
        "dmean": 3.68180465698,
        "dmean2": 5.85646152496,
        "dvar": 10.2197265625,
        "dvar2": 25.6451683044,
        "max": 44.4529876709,
        "mean": 21.4937725067,
        "median": 21.2401504517,
        "min": 11.6107397079,
        "var": 19.8215942383
    },
    "dissonance": {
        "dmean": 0.0141382440925,
        "dmean2": 0.0227595232427,
        "dvar": 0.000531666097231,
        "dvar2": 0.000765921489801,
        "max": 0.499111652374,
        "mean": 0.468101710081,
        "median": 0.469138383865,
        "min": 0.224322974682,
        "var": 0.000611744297203
    },
    "dynamic_complexity": 0.458569467068,
    "erbbands_crest": {
        "dmean": 1.63845682144,
        "dmean2": 2.76200389862,
        "dvar": 1.53357899189,
        "dvar2": 4.19879436493,
        "max": 12.281329155,
        "mean": 7.35285282135,
        "median": 7.08991909027,
        "min": 4.51672935486,
        "var": 2.87419915199
    },
    "erbbands_flatness_db": {
        "dmean": 0.0100834397599,
        "dmean2": 0.0158336292952,
        "dvar": 7.85938755143e-05,
        "dvar2": 0.00014142873988,
        "max": 0.251106321812,
        "mean": 0.215593382716,
        "median": 0.216365858912,
        "min": 0.124320618808,
        "var": 0.000214834304643
    },
    "erbbands_kurtosis": {
        "dmean": 0.427613675594,
        "dmean2": 0.691078841686,
        "dvar": 0.213366895914,
        "dvar2": 0.41512966156,
        "max": 4.02473783493,
        "mean": -0.439209133387,
        "median": -0.572141885757,
        "min": -1.4578384161,
        "var": 0.366694778204
    },
    "erbbands_skewness": {
        "dmean": 0.269442468882,
        "dmean2": 0.447415590286,
        "dvar": 0.0474499836564,
        "dvar2": 0.139724597335,
        "max": 0.356480062008,
        "mean": -0.386717528105,
        "median": -0.38949650526,
        "min": -1.6293888092,
        "var": 0.0994763150811
    },
    "erbbands_spread": {
        "dmean": 6.08389949799,
        "dmean2": 9.84185504913,
        "dvar": 24.0046577454,
        "dvar2": 63.720905304,
        "max": 50.9203033447,
        "mean": 30.2601337433,
        "median": 29.4483528137,
        "min": 17.9905090332,
        "var": 38.9288711548
    },
    "hfc": {
        "dmean": 5.47401618958,
        "dmean2": 8.34621334076,
        "dvar": 19.2068843842,
        "dvar2": 42.9673347473,
        "max": 50.5401000977,
        "mean": 30.2642211914,
        "median": 29.5333366394,
        "min": 0.286872059107,
        "var": 56.0006904602
    },
    "melbands_crest": {
        "dmean": 3.71936941147,
        "dmean2": 6.6243481636,
        "dvar": 8.75499153137,
        "dvar2": 26.1492958069,
        "max": 23.004240036,
        "mean": 12.5179824829,
        "median": 11.7915039062,
        "min": 6.05670213699,
        "var": 11.7650270462
    },
    "melbands_flatness_db": {
        "dmean": 0.0252348575741,
        "dmean2": 0.0416684150696,
        "dvar": 0.000393372523831,
        "dvar2": 0.00107216939796,
        "max": 0.290607094765,
        "mean": 0.225320070982,
        "median": 0.228086665273,
        "min": 0.149999797344,
        "var": 0.000599604216404
    },
    "melbands_kurtosis": {
        "dmean": 2.60036706924,
        "dmean2": 4.28101539612,
        "dvar": 6.62997293472,
        "dvar2": 17.9312038422,
        "max": 16.9918708801,
        "mean": 3.01741504669,
        "median": 2.40942573547,
        "min": -0.861404895782,
        "var": 7.85965967178
    },
    "melbands_skewness": {
        "dmean": 0.62884503603,
        "dmean2": 1.03996479511,
        "dvar": 0.244300633669,
        "dvar2": 0.690212965012,
        "max": 3.92978668213,
        "mean": 1.74258327484,
        "median": 1.69455862045,
        "min": 0.407801359892,
        "var": 0.377741217613
    },
    "melbands_spread": {
        "dmean": 6.87453269958,
        "dmean2": 11.484041214,
        "dvar": 37.0853462219,
        "dvar2": 92.5143280029,
        "max": 50.6717414856,
        "mean": 27.1962146759,
        "median": 26.7302074432,
        "min": 10.5752191544,
        "var": 54.973575592
    },
    "pitch_salience": {
        "dmean": 0.0612627342343,
        "dmean2": 0.0994493216276,
        "dvar": 0.00332187977619,
        "dvar2": 0.00820458773524,
        "max": 0.765416562557,
        "mean": 0.485906928778,
        "median": 0.478664964437,
        "min": 0.307487219572,
        "var": 0.00517279142514
    },
    "silence_rate_20dB": {
        "dmean": 0,
        "dmean2": 0,
        "dvar": 0,
        "dvar2": 0,
        "max": 1,
        "mean": 1,
        "median": 1,
        "min": 1,
        "var": 0
    },
    "silence_rate_30dB": {
        "dmean": 0,
        "dmean2": 0,
        "dvar": 0,
        "dvar2": 0,
        "max": 1,
        "mean": 1,
        "median": 1,
        "min": 1,
        "var": 0
    },
    "silence_rate_60dB": {
        "dmean": 0,
        "dmean2": 0,
        "dvar": 0,
        "dvar2": 0,
        "max": 0,
        "mean": 0,
        "median": 0,
        "min": 0,
        "var": 0
    },
    "spectral_centroid": {
        "dmean": 231.463989258,
        "dmean2": 379.125488281,
        "dvar": 37180.421875,
        "dvar2": 96258.546875,
        "max": 2025.35375977,
        "mean": 1293.765625,
        "median": 1267.52648926,
        "min": 727.471191406,
        "var": 69589.2109375
    },
    "spectral_complexity": {
        "dmean": 3.46000003815,
        "dmean2": 5.49664449692,
        "dvar": 9.27506637573,
        "dvar2": 18.1963043213,
        "max": 37,
        "mean": 27.5960273743,
        "median": 28,
        "min": 0,
        "var": 19.7109832764
    },
    "spectral_decrease": {
        "dmean": 2.98690960854e-09,
        "dmean2": 4.77722705838e-09,
        "dvar": 5.25322926929e-18,
        "dvar2": 1.58119726536e-17,
        "max": -6.36886168803e-11,
        "mean": -1.03017203656e-08,
        "median": -1.03182786759e-08,
        "min": -1.6720955287e-08,
        "var": 7.51022920736e-18
    },
    "spectral_energy": {
        "dmean": 0.0115575091913,
        "dmean2": 0.0184863414615,
        "dvar": 7.90798221715e-05,
        "dvar2": 0.000234654013184,
        "max": 0.066423587501,
        "mean": 0.0416260771453,
        "median": 0.041789509356,
        "min": 0.000266395625658,
        "var": 0.000115539580293
    },
    "spectral_energyband_high": {
        "dmean": 3.41159793606e-05,
        "dmean2": 5.40310029464e-05,
        "dvar": 8.4470275219e-10,
        "dvar2": 1.56843338317e-09,
        "max": 0.00028290017508,
        "mean": 0.000136030517751,
        "median": 0.000126676633954,
        "min": 2.12404734157e-06,
        "var": 2.66621613676e-09
    },
    "spectral_energyband_low": {
        "dmean": 0.00386103591882,
        "dmean2": 0.00703471619636,
        "dvar": 1.17252202472e-05,
        "dvar2": 3.89225060644e-05,
        "max": 0.0245425999165,
        "mean": 0.00553869036958,
        "median": 0.00468060467392,
        "min": 0.000116475945106,
        "var": 1.29641985041e-05
    },
    "spectral_energyband_middle_high": {
        "dmean": 0.00270956940949,
        "dmean2": 0.00411751074716,
        "dvar": 6.01033525527e-06,
        "dvar2": 1.4511034351e-05,
        "max": 0.0241652820259,
        "mean": 0.0118930339813,
        "median": 0.0115878917277,
        "min": 0.000118369673146,
        "var": 1.48568187797e-05
    },
    "spectral_energyband_middle_low": {
        "dmean": 0.0102103110403,
        "dmean2": 0.0166825056076,
        "dvar": 7.66029115766e-05,
        "dvar2": 0.000212135331822,
        "max": 0.0530216060579,
        "mean": 0.0246214270592,
        "median": 0.0240023098886,
        "min": 4.11281398556e-05,
        "var": 9.79418182396e-05
    },
    "spectral_entropy": {
        "dmean": 0.0938618257642,
        "dmean2": 0.154689282179,
        "dvar": 0.00701382337138,
        "dvar2": 0.015801306814,
        "max": 7.87400054932,
        "mean": 7.30626869202,
        "median": 7.30742692947,
        "min": 6.94126272202,
        "var": 0.0193810276687
    },
    "spectral_flux": {
        "dmean": 0.0221279207617,
        "dmean2": 0.036710921675,
        "dvar": 0.000304087647237,
        "dvar2": 0.000836353108753,
        "max": 0.190004885197,
        "mean": 0.101676672697,
        "median": 0.0995082035661,
        "min": 0.0586614497006,
        "var": 0.000519966473803
    },
    "spectral_kurtosis": {
        "dmean": 3.14401626587,
        "dmean2": 5.5906586647,
        "dvar": 6.36587572098,
        "dvar2": 18.5577964783,
        "max": 19.4606285095,
        "mean": 7.65326929092,
        "median": 7.00517082214,
        "min": 3.12063789368,
        "var": 9.2390537262
    },
    "spectral_rms": {
        "dmean": 0.000907271401957,
        "dmean2": 0.00142002990469,
        "dvar": 5.33143520443e-07,
        "dvar2": 1.3968830217e-06,
        "max": 0.00805006176233,
        "mean": 0.0063053406775,
        "median": 0.00638515874743,
        "min": 0.000509802077431,
        "var": 8.53492110764e-07
    },
    "spectral_rolloff": {
        "dmean": 354.00579834,
        "dmean2": 638.625610352,
        "dvar": 124905.640625,
        "dvar2": 289776.125,
        "max": 2820.84960938,
        "mean": 1597.73596191,
        "median": 1658.05664062,
        "min": 602.9296875,
        "var": 157061.34375
    },
    "spectral_skewness": {
        "dmean": 0.296889990568,
        "dmean2": 0.517911076546,
        "dvar": 0.0610384754837,
        "dvar2": 0.162454292178,
        "max": 2.66426229477,
        "mean": 1.54246258736,
        "median": 1.47512495518,
        "min": 1.00364029408,
        "var": 0.0973647534847
    },
    "spectral_spread": {
        "dmean": 178241.828125,
        "dmean2": 282169.65625,
        "dvar": 33210460160,
        "dvar2": 56004325376,
        "max": 4017440.25,
        "mean": 2460645.25,
        "median": 2425396,
        "min": 2054612.5,
        "var": 58120970240
    },
    "spectral_strongpeak": {
        "dmean": 0.941836953163,
        "dmean2": 1.73051047325,
        "dvar": 0.910796582699,
        "dvar2": 2.84328198433,
        "max": 6.49926948547,
        "mean": 1.16203975677,
        "median": 0.861307799816,
        "min": 0.00740905897692,
        "var": 0.805591225624
    },
    "zerocrossingrate": {
        "dmean": 0.0057356772013,
        "dmean2": 0.00770108029246,
        "dvar": 2.09432819247e-05,
        "dvar2": 3.63712279068e-05,
        "max": 0.06494140625,
        "mean": 0.0469073355198,
        "median": 0.04736328125,
        "min": 0.01513671875,
        "var": 7.40318428143e-05
    },
    "barkbands": {
        "dmean": [1.65083474712e-05, 0.0022633636836, 0.00208364217542, 0.00185210769996, 0.00912597216666, 0.000114502880024, 0.000111379165901, 0.00128801527899, 0.00201839697547, 0.000916564953513, 0.00029720691964, 0.00107164506335, 4.7113342589e-05, 0.00120696809608, 0.000559274107218, 0.000507186923642, 0.000304649583995, 0.000369531830074, 0.000199980451725, 3.7571266148e-05, 1.8259839635e-05, 8.9948061941e-06, 8.34557170037e-07, 2.03110471375e-06, 1.71709007191e-06, 4.10911894733e-07, 1.45620745684e-07],
        "dmean2": [2.7667325412e-05, 0.00406848080456, 0.00386997917667, 0.00307686626911, 0.0150370644405, 0.000193531115656, 0.000196576409508, 0.00214903103188, 0.00352183450013, 0.00152192474343, 0.000495788350236, 0.00171885208692, 7.73737265263e-05, 0.0019659337122, 0.000894987315405, 0.000829803058878, 0.000479896843899, 0.000578837993089, 0.000318365695421, 6.28055495326e-05, 3.08032394969e-05, 1.35082600536e-05, 1.25887663671e-06, 2.93234506898e-06, 2.72329043582e-06, 5.54246014417e-07, 1.62823766914e-07],
        "dvar": [4.33574259828e-10, 3.91683443013e-06, 3.46782962879e-06, 1.72818272404e-06, 6.55470357742e-05, 1.238897962e-08, 1.19512089114e-08, 1.23551171782e-06, 3.00166198031e-06, 2.3739187327e-06, 1.64454647233e-07, 1.60195133958e-06, 3.63126106961e-09, 1.41974805956e-06, 2.08474105534e-07, 1.53123707491e-07, 7.03211355813e-08, 1.91535306726e-07, 2.69582685064e-08, 1.623783219e-09, 2.8990432277e-10, 9.97124743884e-11, 2.16683919071e-12, 7.22626168972e-12, 2.89269476428e-12, 2.01661495662e-12, 2.21331286632e-12],
        "dvar2": [1.18216603173e-09, 1.3027300156e-05, 1.13001660793e-05, 4.79590653413e-06, 0.000190743332496, 3.1653588195e-08, 3.28075309142e-08, 3.08531252813e-06, 7.51307925384e-06, 5.87160729992e-06, 3.62789563724e-07, 4.306653409e-06, 9.95416993277e-09, 3.0096359751e-06, 6.27509507467e-07, 4.18884070541e-07, 1.58770433245e-07, 4.60896075083e-07, 6.96140816103e-08, 3.7696890054e-09, 5.64890467736e-10, 2.25912621943e-10, 3.05998217216e-12, 1.45145388764e-11, 5.81960868384e-12, 2.09735158928e-12, 2.22843965503e-12],
        "max": [0.000216560569243, 0.0131460539997, 0.01123029273, 0.00790334772319, 0.044989220798, 0.000680089055095, 0.000657836091705, 0.00798790343106, 0.0142965903506, 0.0105647798628, 0.00307078287005, 0.0103795183823, 0.000523927330505, 0.0110171968117, 0.00436113774776, 0.00397854996845, 0.00236259354278, 0.00512365438044, 0.00141223624814, 0.000353605835699, 0.000127557272208, 9.63210113696e-05, 1.62813466886e-05, 1.9017548766e-05, 1.67699272424e-05, 1.7748288883e-05, 1.8319755327e-05],
        "mean": [3.84433515137e-05, 0.00298443553038, 0.00224467017688, 0.00321575487033, 0.0136149991304, 0.000167042860994, 0.00016117618361, 0.00263420422561, 0.00438281614333, 0.00141347874887, 0.000407627841923, 0.00227133836597, 0.00010055367602, 0.00268403207883, 0.00145516940393, 0.00132515467703, 0.000725407968275, 0.00101824069861, 0.00056625920115, 0.000118558360555, 5.41620938748e-05, 2.99673520203e-05, 2.12680629375e-06, 3.85399880543e-06, 5.26266467205e-06, 1.19664127851e-06, 1.73756063759e-07],
        "median": [1.45441736095e-05, 0.00254025659524, 0.00174062186852, 0.00319368438795, 0.0118973702192, 0.00013450976985, 0.000129530148115, 0.0023310855031, 0.00408469466493, 0.000805628835224, 0.000275414902717, 0.00159144087229, 8.57591003296e-05, 0.00209904974326, 0.00133370584808, 0.00112256256398, 0.000596717523877, 0.000709917629138, 0.000519370718393, 0.000105640581751, 4.75784545415e-05, 2.38273951254e-05, 1.61841319368e-06, 2.96899906971e-06, 4.90566435474e-06, 9.21554487832e-07, 3.95462116387e-08],
        "min": [3.43773308487e-07, 3.94013914047e-05, 3.77191718144e-05, 2.45398823608e-05, 9.77518084255e-06, 2.63778474618e-06, 1.89701427189e-06, 1.27897044422e-06, 9.43955853927e-07, 2.83058102468e-06, 4.99975158164e-06, 1.50731548274e-05, 3.24941197505e-06, 9.39925485e-06, 9.68818767433e-06, 1.43162160384e-05, 3.56316304533e-05, 8.20416153147e-06, 1.21640259749e-05, 3.2665946037e-06, 5.49018864149e-07, 5.10347149429e-07, 1.80403716854e-07, 1.74338921966e-07, 1.61343535865e-07, 2.51901592918e-08, 1.56260995254e-08],
        "var": [2.3180743991e-09, 4.57685791844e-06, 3.28636679114e-06, 2.62998355538e-06, 7.39454553695e-05, 1.65755711379e-08, 1.3403726129e-08, 2.98151303468e-06, 6.79373351886e-06, 3.10833979711e-06, 1.92891064899e-07, 3.83143242288e-06, 3.71826280876e-09, 3.84671420761e-06, 5.44932959201e-07, 5.76414322495e-07, 2.25706756396e-07, 9.14081567771e-07, 7.28353839463e-08, 3.0642675064e-09, 6.07513872541e-10, 4.26964713585e-10, 2.98044770287e-12, 1.03846115734e-11, 7.72225079021e-12, 2.25865420117e-12, 2.19684079955e-12]
    },
    "erbbands": {
        "dmean": [0.033856458962, 0.633397936821, 2.67103719711, 2.60158801079, 36.5725708008, 19.5258731842, 1.8201187849, 1.02969527245, 0.870395481586, 2.89425039291, 53.9758987427, 33.6737709045, 25.4209938049, 18.8377227783, 29.0773735046, 23.5886592865, 2.70396780968, 22.9386043549, 52.3132400513, 24.1557006836, 27.929895401, 17.355463028, 11.8303623199, 21.1828231812, 4.41160821915, 1.57210063934, 0.735165059566, 0.711906850338, 0.32870465517, 0.134043127298, 0.0282164923847, 0.0441307760775, 0.0302072744817, 0.033218882978, 0.00368572189473, 0.00198655971326, 0.000695953087416, 0.000126888990053, 2.31676913245e-05, 1.43287643368e-05],
        "dmean2": [0.0603714808822, 1.1384472847, 4.92312669754, 4.28768730164, 59.4629821777, 34.39894104, 3.24223256111, 1.74228441715, 1.52629005909, 5.13722801208, 89.5073852539, 59.9097251892, 42.7272453308, 30.2593269348, 47.5275611877, 38.7168731689, 4.34748411179, 37.1527748108, 83.5379180908, 38.2960014343, 47.7217292786, 27.7448196411, 18.4270267487, 34.0528564453, 7.35519266129, 2.51721382141, 1.2336410284, 1.13882935047, 0.49866643548, 0.207409709692, 0.0433035902679, 0.0658338665962, 0.0441455133259, 0.0534969270229, 0.00539034744725, 0.00278649455868, 0.000966534542385, 0.000158231487148, 2.69016618404e-05, 2.19991361519e-05],
        "dvar": [0.00126521254424, 0.314636558294, 5.35985374451, 3.2006020546, 904.588867188, 284.550506592, 2.920617342, 1.26495361328, 0.697728872299, 5.56429052353, 2186.7878418, 744.637817383, 1818.05334473, 1250.39282227, 1029.52661133, 647.917785645, 8.9754781723, 594.236938477, 1925.56066895, 468.531677246, 516.866638184, 271.336578369, 120.806289673, 391.91897583, 23.8747177124, 2.31164836884, 0.426012516022, 0.413171678782, 0.171776533127, 0.0131961768493, 0.00226692971773, 0.00368017307483, 0.00137601175811, 0.00102557730861, 8.75698096934e-05, 2.8126863981e-05, 7.59948216e-06, 8.89485988864e-07, 4.37678266962e-08, 4.54166926289e-10],
        "dvar2": [0.0044317888096, 1.04446673393, 17.7572555542, 9.10121059418, 2496.18115234, 829.969421387, 8.40967845917, 3.45505309105, 1.82379126549, 14.3482952118, 5350.05615234, 1848.05395508, 4569.42089844, 3191.33374023, 2539.95556641, 1758.54785156, 25.1910915375, 1269.28723145, 4812.52636719, 1289.43591309, 1393.41052246, 655.870788574, 271.420288086, 945.32421875, 62.8417625427, 5.44546508789, 0.876992344856, 0.930757761002, 0.402148753405, 0.0260676387697, 0.00348563119769, 0.00644101714715, 0.00305117154494, 0.00230967183597, 9.15418131626e-05, 3.02484731947e-05, 7.73118426878e-06, 8.99370206753e-07, 4.40126086687e-08, 6.2385424604e-10],
        "max": [0.201457768679, 3.82987689972, 15.0234270096, 12.1214485168, 176.369873047, 89.606880188, 9.63768386841, 7.09890508652, 5.77010345459, 15.5107631683, 344.942016602, 230.719192505, 389.641693115, 245.906295776, 259.198242188, 211.279022217, 27.49168396, 230.748504639, 402.160949707, 215.815856934, 197.740127563, 145.227111816, 116.664550781, 222.055770874, 43.6003646851, 13.8737707138, 5.50915813446, 4.88960170746, 3.62853002548, 1.0985417366, 0.472267001867, 0.40681758523, 0.268339812756, 0.296082049608, 0.12517401576, 0.0664147362113, 0.034400254488, 0.0116410683841, 0.00259469333105, 0.000279284373391],
        "mean": [0.0488912127912, 0.801926255226, 2.94160199165, 5.49376153946, 54.056060791, 27.075881958, 3.01991939545, 1.5598294735, 1.54234302044, 5.59260559082, 121.997940063, 71.3141937256, 42.1353263855, 26.2770290375, 63.4477844238, 54.0935096741, 8.02025127411, 57.1594657898, 141.125366211, 64.8977661133, 72.5299530029, 42.1307754517, 35.88073349, 66.9297027588, 13.7409963608, 5.25934171677, 2.44792318344, 2.04963946342, 1.031432271, 0.472731798887, 0.0733365565538, 0.0838691815734, 0.063578851521, 0.10521388799, 0.0110565964133, 0.00625596521422, 0.00190338457469, 0.000190821767319, 4.52329950349e-05, 5.11180915055e-05],
        "median": [0.035379126668, 0.678982496262, 2.35024142265, 5.5276260376, 49.7902755737, 24.3803310394, 2.6740000248, 1.20148992538, 1.33197176456, 4.99250173569, 113.275810242, 67.0930938721, 28.5870742798, 13.4268045425, 46.397567749, 42.1370697021, 7.62668657303, 44.2433929443, 128.560836792, 56.7739067078, 62.2206993103, 33.9187164307, 30.0187244415, 59.1289482117, 12.6681375504, 4.8921995163, 2.26808214188, 1.77769553661, 0.771762549877, 0.435366243124, 0.0591632686555, 0.0585321560502, 0.0493450090289, 0.0967914387584, 0.00998123083264, 0.00506060617045, 0.00142654811498, 9.69073735178e-05, 2.88048504444e-05, 5.01459326188e-05],
        "min": [0.00127376196906, 0.0118895675987, 0.045633263886, 0.0756546184421, 0.0583869591355, 0.0238871406764, 0.0160712134093, 0.0236002150923, 0.0297738425434, 0.0251167770475, 0.0287386253476, 0.022113615647, 0.033685285598, 0.147682532668, 0.449553072453, 0.449735224247, 0.173905566335, 0.298156350851, 0.442186743021, 1.00142657757, 0.839604020119, 2.08286142349, 0.47991079092, 0.649377882481, 0.534867823124, 0.137929990888, 0.0230317469686, 0.0240225270391, 0.0167618878186, 0.0128189204261, 0.00400419859216, 0.0033180564642, 0.00319667346776, 0.0031671456527, 0.00051742681535, 0.000114716691314, 4.71304119856e-05, 1.06970255729e-05, 2.54290284829e-06, 5.54279381504e-07],
        "var": [0.00152182450984, 0.356417924166, 5.43488025665, 4.97794008255, 1140.95703125, 308.127929688, 2.85125827789, 1.49264276028, 0.896135270596, 9.96433067322, 6039.69433594, 1680.02758789, 2408.05053711, 1464.96740723, 2473.48754883, 1544.24133301, 11.2168960571, 1524.01623535, 4562.21728516, 1047.69055176, 1671.39782715, 708.606933594, 431.286865234, 1636.7779541, 36.3172492981, 4.9156665802, 0.927140116692, 1.02122735977, 0.644495129585, 0.0540794283152, 0.00329281389713, 0.00565433315933, 0.00194361724425, 0.00283820810728, 0.000113017915282, 3.59782025043e-05, 8.06258867669e-06, 8.80132574821e-07, 4.33690701129e-08, 4.89702500772e-10]
    },
    "gfcc": {
        "mean": [9.85332393646, 136.835830688, -158.537979126, 32.647693634, -24.7788200378, 6.35825634003, -27.7673130035, 12.1593418121, -25.9999752045, -16.1618595123, -32.758644104, -23.2140312195, -9.79862499237],
        "cov": [[495.197906494, 38.4232025146, -22.995010376, -38.3196372986, -49.3484535217, -10.1460485458, -1.36254799366, 2.40803790092, -0.750496089458, -4.68187713623, -46.387550354, -18.3664169312, 3.41796994209], [38.4232025146, 109.744949341, -1.00810611248, -12.9039773941, 21.4515666962, -18.2772731781, 23.6498527527, 8.78335762024, 4.42363119125, 2.71944260597, 5.787981987, -28.8597106934, 0.317240536213], [-22.995010376, -1.00810611248, 84.1611785889, 17.9989356995, 32.7137184143, 9.93451499939, -1.24920773506, -3.61164188385, -2.86910581589, 8.27416992188, 0.628487467766, 8.36616420746, -2.98786258698], [-38.3196372986, -12.9039773941, 17.9989356995, 76.9251251221, 26.4785938263, 21.2661972046, 4.15243816376, -23.1801452637, 2.97476530075, -1.87546789646, 28.9500656128, 0.821722388268, -6.01268196106], [-49.3484535217, 21.4515666962, 32.7137184143, 26.4785938263, 66.8327713013, 10.1931495667, 14.8076925278, -0.636829435825, -6.0658493042, 16.7541542053, 18.3329200745, 4.4501619339, -6.36270713806], [-10.1460485458, -18.2772731781, 9.93451499939, 21.2661972046, 10.1931495667, 54.8559837341, 13.9937257767, -10.5352830887, 1.05949163437, -4.55770349503, 20.426448822, 9.08531665802, -2.90413022041], [-1.36254799366, 23.6498527527, -1.24920773506, 4.15243816376, 14.8076925278, 13.9937257767, 35.9180679321, 8.42570781708, 7.71467876434, 5.04101324081, 5.31045103073, -3.85763669014, -4.29769277573], [2.40803790092, 8.78335762024, -3.61164188385, -23.1801452637, -0.636829435825, -10.5352830887, 8.42570781708, 63.236125946, 25.5335903168, 12.4690723419, -33.7310409546, -4.59174442291, 3.08557224274], [-0.750496089458, 4.42363119125, -2.86910581589, 2.97476530075, -6.0658493042, 1.05949163437, 7.71467876434, 25.5335903168, 44.8922309875, 10.3490600586, -10.3592443466, -10.0613584518, -5.59996461868], [-4.68187713623, 2.71944260597, 8.27416992188, -1.87546789646, 16.7541542053, -4.55770349503, 5.04101324081, 12.4690723419, 10.3490600586, 41.3138237, 16.5629138947, 4.78575801849, -11.2302150726], [-46.387550354, 5.787981987, 0.628487467766, 28.9500656128, 18.3329200745, 20.426448822, 5.31045103073, -33.7310409546, -10.3592443466, 16.5629138947, 89.2827377319, 8.34974956512, -15.7870521545], [-18.3664169312, -28.8597106934, 8.36616420746, 0.821722388268, 4.4501619339, 9.08531665802, -3.85763669014, -4.59174442291, -10.0613584518, 4.78575801849, 8.34974956512, 44.5101318359, 14.6538171768], [3.41796994209, 0.317240536213, -2.98786258698, -6.01268196106, -6.36270713806, -2.90413022041, -4.29769277573, 3.08557224274, -5.59996461868, -11.2302150726, -15.7870521545, 14.6538171768, 27.7163963318]],
        "icov": [[0.00264573539607, -0.00242295116186, 0.000231633981457, -0.000452794367447, 0.0030769102741, -0.00177943741437, 0.000697609328199, 0.000991243403405, 0.00128140859306, -0.00239025685005, 0.0026755980216, -0.000687204592396, 0.00132366549224], [-0.00242295116186, 0.0234006848186, -0.0020683449693, 0.00767322909087, -0.0113582964987, 0.0112200854346, -0.0145655721426, 0.000410214677686, -0.0041538500227, 0.00512909656391, -0.0104912184179, 0.0179524086416, -0.016491740942], [0.000231633981457, -0.0020683449693, 0.0165431518108, -0.00180452875793, -0.00743652228266, -0.00385229708627, 0.00600786879659, 0.00172474572901, -0.000340303929988, -0.00218251068145, 0.00490415934473, -0.00419705733657, 0.00407508201897], [-0.000452794367447, 0.00767322909087, -0.00180452875793, 0.0240542646497, -0.0127151468769, -0.000153945497004, -0.00206232210621, 0.00773647334427, -0.0107383644208, 0.0070647331886, -0.00707841990516, 0.0067286202684, -0.00602082302794], [0.0030769102741, -0.0113582964987, -0.00743652228266, -0.0127151468769, 0.0357311218977, -0.00508325407282, -0.00444718124345, -0.0044449348934, 0.013516869396, -0.0138422939926, 0.00491490215063, -0.00653872266412, 0.00704467482865], [-0.00177943741437, 0.0112200854346, -0.00385229708627, -0.000153945497004, -0.00508325407282, 0.0327621214092, -0.0177265182137, 0.000582255073823, -0.00566607294604, 0.0122384168208, -0.0101591218263, -0.000158886148711, -0.00279382383451], [0.000697609328199, -0.0145655721426, 0.00600786879659, -0.00206232210621, -0.00444718124345, -0.0177265182137, 0.0484001860023, -0.00479957228526, -0.00235553761013, -0.00257843849249, 0.00493744434789, -0.00712297391146, 0.0104995034635], [0.000991243403405, 0.000410214677686, 0.00172474572901, 0.00773647334427, -0.0044449348934, 0.000582255073823, -0.00479957228526, 0.0332005694509, -0.0148919001222, -0.0094251204282, 0.0106713678688, 0.000775297696237, -0.00482171261683], [0.00128140859306, -0.0041538500227, -0.000340303929988, -0.0107383644208, 0.013516869396, -0.00566607294604, -0.00235553761013, -0.0148919001222, 0.0396907255054, -0.0122827403247, 0.00488033471629, 0.00385778327473, 0.00510795135051], [-0.00239025685005, 0.00512909656391, -0.00218251068145, 0.0070647331886, -0.0138422939926, 0.0122384168208, -0.00257843849249, -0.0094251204282, -0.0122827403247, 0.0482905209064, -0.0141184944659, -0.00978619325906, 0.0145045323297], [0.0026755980216, -0.0104912184179, 0.00490415934473, -0.00707841990516, 0.00491490215063, -0.0101591218263, 0.00493744434789, 0.0106713678688, 0.00488033471629, -0.0141184944659, 0.0274513475597, -0.0108691221103, 0.0150727666914], [-0.000687204592396, 0.0179524086416, -0.00419705733657, 0.0067286202684, -0.00653872266412, -0.000158886148711, -0.00712297391146, 0.000775297696237, 0.00385778327473, -0.00978619325906, -0.0108691221103, 0.0511986874044, -0.0382677726448], [0.00132366549224, -0.016491740942, 0.00407508201897, -0.00602082302794, 0.00704467482865, -0.00279382383451, 0.0104995034635, -0.00482171261683, 0.00510795135051, 0.0145045323297, 0.0150727666914, -0.0382677726448, 0.0744544789195]]
    },
    "melbands": {
        "dmean": [0.000456705398392, 0.00116359454114, 0.00144967308734, 0.0023555692751, 0.000121448087157, 2.2085454475e-05, 1.54372755787e-05, 2.47932130151e-05, 0.000547463132534, 0.000183079013368, 0.000132411223603, 8.54491227074e-05, 6.92069006618e-05, 0.000143823504914, 1.52483999045e-05, 5.68203358853e-06, 5.81703716307e-05, 0.000115185241157, 4.85416021547e-05, 3.14919816446e-05, 3.37968958775e-05, 1.95601951418e-05, 1.18392690638e-05, 1.80145725608e-05, 1.87548848771e-05, 3.83943279303e-06, 2.84230782199e-06, 9.19711624192e-07, 4.27348027188e-07, 6.64100411996e-07, 3.43512454037e-07, 2.04168046025e-07, 1.72119854369e-07, 4.04819786581e-08, 1.36638371728e-08, 2.45619791173e-08, 2.96621927021e-08, 2.3324952636e-08, 2.0568682757e-08, 3.59335103894e-08],
        "dmean2": [0.000817397842184, 0.0021258527413, 0.0023361898493, 0.00391311943531, 0.000220983798499, 3.70545203623e-05, 2.72547767963e-05, 4.41116826551e-05, 0.000918526900932, 0.000329227594193, 0.00022210458701, 0.000137839961099, 0.000113599337055, 0.000229585610214, 2.51156561717e-05, 9.16288263397e-06, 9.39411256695e-05, 0.000184607866686, 7.85837182775e-05, 5.0903250667e-05, 5.81636013521e-05, 3.13606833515e-05, 1.87786590686e-05, 2.86660088022e-05, 3.01167619909e-05, 6.47208753435e-06, 4.90512775286e-06, 1.4789574152e-06, 7.10342703769e-07, 1.1456638731e-06, 5.31263594894e-07, 3.14118580036e-07, 2.72611856644e-07, 6.00312048959e-08, 2.15827373751e-08, 3.78338285145e-08, 4.33447269188e-08, 3.57456677591e-08, 3.28127285343e-08, 5.71264671123e-08],
        "dvar": [1.62428619888e-07, 1.03973218302e-06, 1.00260763247e-06, 4.3202580855e-06, 1.62917839219e-08, 5.32940525044e-10, 2.36957925503e-10, 4.48788728402e-10, 2.30232913623e-07, 2.36182291502e-08, 4.96634022795e-08, 2.6606633341e-08, 5.79840886417e-09, 2.76886957806e-08, 1.65479477343e-10, 3.89444934634e-11, 4.10429112918e-09, 1.01788373286e-08, 1.75751857512e-09, 6.79629519329e-10, 7.88257403794e-10, 3.20543175336e-10, 1.39689496081e-10, 4.94241425564e-10, 2.83086887265e-10, 1.6872480843e-11, 9.78808006868e-12, 6.92433415293e-13, 1.42862460685e-13, 4.2222545989e-13, 1.00154666461e-13, 6.66495938301e-14, 2.66559405028e-14, 1.461176515e-15, 7.05012944691e-16, 1.15491280056e-15, 1.49636035781e-15, 8.75445661618e-16, 4.76210922671e-16, 1.17668927648e-15],
        "dvar2": [5.665569347e-07, 3.43614306075e-06, 2.75794195659e-06, 1.277220872e-05, 4.49204478059e-08, 1.43803857711e-09, 6.50445641792e-10, 1.20575349705e-09, 5.46895989828e-07, 5.82158534712e-08, 1.24439836213e-07, 6.79252707414e-08, 1.30602604287e-08, 7.52809228288e-08, 4.99316865632e-10, 1.09283714023e-10, 8.59064552827e-09, 2.41908519882e-08, 5.38119770965e-09, 1.64988656071e-09, 2.25784413388e-09, 7.67998720175e-10, 3.14091280762e-10, 1.22487431309e-09, 6.86822765328e-10, 4.7092923311e-11, 2.44432026703e-11, 1.84688050443e-12, 2.87403320543e-13, 9.15272957251e-13, 2.50591349971e-13, 1.51346938996e-13, 6.24195858304e-14, 3.1782501537e-15, 1.03222696029e-15, 2.04287639153e-15, 2.79895875255e-15, 1.99423997146e-15, 9.80927045117e-16, 2.84406240996e-15],
        "max": [0.00235593225807, 0.00710303336382, 0.0065676253289, 0.0115323355421, 0.0006241009105, 0.000141732103657, 9.31362519623e-05, 0.000133359164465, 0.00365943671204, 0.00121752626728, 0.00196221540682, 0.00114385259803, 0.000641367631033, 0.00133507442661, 8.02043214208e-05, 5.28199416294e-05, 0.000607362773735, 0.000941378064454, 0.000409513799241, 0.00031219740049, 0.000213267601794, 0.00014749832917, 0.000113739923108, 0.000265720736934, 0.000180684874067, 3.72480681108e-05, 2.84445432044e-05, 7.00376585883e-06, 3.90036666431e-06, 5.09214942213e-06, 2.80654421658e-06, 2.13126395465e-06, 1.69975169229e-06, 4.0558990122e-07, 2.80623140725e-07, 2.26947051374e-07, 2.54019397516e-07, 2.22182507059e-07, 1.67905326975e-07, 3.20618966043e-07],
        "mean": [0.000622246472631, 0.00139219174162, 0.00246000941843, 0.00344548514113, 0.000167492617038, 3.26774716086e-05, 2.4916125767e-05, 3.5406119423e-05, 0.00125374516938, 0.000374692725018, 0.000210176469409, 0.000113680122013, 0.000142842676723, 0.000293990189675, 2.97164770018e-05, 1.11811459647e-05, 0.000137667491799, 0.000280884269159, 0.00011603787425, 7.80186383054e-05, 8.08945696917e-05, 4.23648489232e-05, 2.91189808195e-05, 5.01494505443e-05, 5.82195716561e-05, 9.26274151425e-06, 6.96256620358e-06, 2.62845651378e-06, 1.37106303555e-06, 1.68439635218e-06, 9.56566850618e-07, 5.90061972616e-07, 5.24870131358e-07, 1.30996184566e-07, 2.975088087e-08, 4.69458996122e-08, 5.2927084937e-08, 4.25664374859e-08, 5.20496108436e-08, 1.07388700599e-07],
        "median": [0.000531517784111, 0.00112461252138, 0.0023456569761, 0.00295902695507, 0.000136773902341, 2.59178304987e-05, 2.02061892196e-05, 2.72978431894e-05, 0.00117551814765, 0.000343068939401, 0.000134055546368, 5.54631151317e-05, 0.00010624735296, 0.00020300153119, 2.75019883702e-05, 9.77849776973e-06, 9.95255177259e-05, 0.00023767449602, 0.000103840196971, 6.89616208547e-05, 6.89411681378e-05, 3.3963824535e-05, 2.20086931222e-05, 3.29210452037e-05, 5.14856037626e-05, 8.43868747324e-06, 6.28928637525e-06, 2.4121984552e-06, 1.24834889448e-06, 1.4999116047e-06, 8.18969624561e-07, 3.9076894609e-07, 4.71758426102e-07, 1.30228400508e-07, 2.13910560376e-08, 3.1166692338e-08, 3.69455044336e-08, 3.28968994268e-08, 4.65197587118e-08, 1.00872796338e-07],
        "min": [1.09671163955e-05, 2.18712884816e-05, 1.29019008455e-05, 2.82578321276e-06, 5.89121327721e-07, 5.33216507392e-07, 4.36634564949e-07, 2.72578091653e-07, 2.37393081193e-07, 1.22567726635e-07, 1.77178662852e-07, 5.72984959035e-07, 1.03980323729e-06, 2.03296212931e-06, 4.09184906403e-07, 3.58410403578e-07, 6.08980315064e-07, 8.10219432879e-07, 8.52112293614e-07, 1.38782274917e-06, 9.09671825866e-07, 2.72627789855e-06, 5.17639534792e-07, 3.4994309317e-07, 5.66041933325e-07, 3.54289596771e-07, 3.08114806558e-07, 4.62000819823e-08, 9.72284297518e-09, 1.76376300232e-08, 1.21336531933e-08, 9.53739576204e-09, 9.6364827229e-09, 5.50903678231e-09, 1.94172522505e-09, 2.35280483984e-09, 2.04992733899e-09, 2.20754170499e-09, 2.15823470207e-09, 2.91252644224e-09],
        "var": [1.91372578229e-07, 1.11448468942e-06, 1.58444311182e-06, 4.80997368868e-06, 1.36152218388e-08, 6.57903898027e-10, 2.61881294428e-10, 6.05117511654e-10, 6.3442382725e-07, 4.75093067109e-08, 6.60880132841e-08, 3.12989847373e-08, 1.26015438084e-08, 6.43937312361e-08, 2.19272877633e-10, 4.6035172202e-11, 1.0927679206e-08, 2.5763599254e-08, 4.44732162208e-09, 2.32221086804e-09, 2.16419193677e-09, 7.82145515021e-10, 4.21292611907e-10, 2.35757391387e-09, 1.11939724157e-09, 2.3806217414e-11, 1.62891453798e-11, 1.3607698952e-12, 4.64351972672e-13, 6.75762180588e-13, 3.01993510494e-13, 2.69586788873e-13, 9.72278626967e-14, 4.18363125176e-15, 8.75663402025e-16, 1.8920539167e-15, 2.29290781206e-15, 1.19654044651e-15, 7.50418834043e-16, 3.56406264974e-15]
    },
    "mfcc": {
        "mean": [-622.916625977, 160.147460938, -52.9375762939, 32.6490859985, 17.7378578186, 2.15111970901, 12.1403007507, 9.4023399353, 20.7080993652, 0.705486238003, 3.95812654495, -22.900056839, -15.6404905319],
        "cov": [[524.142211914, 18.2956924438, -10.625749588, -32.5281448364, -55.2297859192, -14.8961753845, -28.5397586823, -4.98461484909, 25.2832756042, -8.40818977356, 6.30285739899, -18.5365600586, -43.649055481], [18.2956924438, 135.090148926, -21.7626342773, 6.81790590286, -7.57225084305, -27.1546878815, 15.7761869431, -11.4775896072, 26.2542934418, 15.5837240219, 12.9995059967, -20.291009903, -5.44590997696], [-10.625749588, -21.7626342773, 59.7543678284, 3.41453456879, 16.3424663544, 22.1529273987, 1.24276232719, 6.99862289429, -15.7169790268, 4.6952123642, -7.4323143959, 10.6115026474, 9.89618396759], [-32.5281448364, 6.81790590286, 3.41453456879, 58.0148963928, 22.5438022614, 16.6324729919, 12.3400478363, -9.87403583527, -3.2444934845, 3.33792257309, 14.2686166763, 2.69157123566, 1.22471749783], [-55.2297859192, -7.57225084305, 16.3424663544, 22.5438022614, 47.5972251892, 22.2928237915, 13.5450391769, 2.75367879868, -12.3952379227, 4.99007606506, 4.72300863266, 7.2614607811, 8.51955604553], [-14.8961753845, -27.1546878815, 22.1529273987, 16.6324729919, 22.2928237915, 63.407043457, 24.4548435211, 6.29951190948, -27.9015979767, -7.04727697372, 6.17820930481, 7.94552326202, 11.5708312988], [-28.5397586823, 15.7761869431, 1.24276232719, 12.3400478363, 13.5450391769, 24.4548435211, 52.1408691406, -1.91666400433, -25.1890201569, 1.71259200573, 6.64711427689, 3.14744210243, 9.63063621521], [-4.98461484909, -11.4775896072, 6.99862289429, -9.87403583527, 2.75367879868, 6.29951190948, -1.91666400433, 37.7200164795, 23.5653800964, 4.30473899841, -12.3383865356, -1.63394737244, -3.4232006073], [25.2832756042, 26.2542934418, -15.7169790268, -3.2444934845, -12.3952379227, -27.9015979767, -25.1890201569, 23.5653800964, 85.0303421021, 14.7700004578, -7.47793197632, -23.5730113983, -17.313035965], [-8.40818977356, 15.5837240219, 4.6952123642, 3.33792257309, 4.99007606506, -7.04727697372, 1.71259200573, 4.30473899841, 14.7700004578, 53.2127037048, 15.1031360626, 5.45620918274, -20.4091930389], [6.30285739899, 12.9995059967, -7.4323143959, 14.2686166763, 4.72300863266, 6.17820930481, 6.64711427689, -12.3383865356, -7.47793197632, 15.1031360626, 48.8585357666, 12.8089132309, 4.26705598831], [-18.5365600586, -20.291009903, 10.6115026474, 2.69157123566, 7.2614607811, 7.94552326202, 3.14744210243, -1.63394737244, -23.5730113983, 5.45620918274, 12.8089132309, 38.7443733215, 11.8524866104], [-43.649055481, -5.44590997696, 9.89618396759, 1.22471749783, 8.51955604553, 11.5708312988, 9.63063621521, -3.4232006073, -17.313035965, -20.4091930389, 4.26705598831, 11.8524866104, 52.7040023804]],
