{
"lowlevel": {
    "average_loudness": 0.977368056774,
    "barkbands_crest": {
        "dmean": 4.86084747314,
        "dmean2": 8.00452041626,
        "dvar": 13.8745508194,
        "dvar2": 39.2527770996,
        "max": 23.3880329132,
        "mean": 13.4753084183,
        "median": 13.135594368,
        "min": 4.20173358917,
        "var": 26.9866428375
    },
    "barkbands_flatness_db": {
        "dmean": 0.0504597350955,
        "dmean2": 0.0816037654877,
        "dvar": 0.00144718028605,
        "dvar2": 0.00380804203451,
        "max": 0.363987803459,
        "mean": 0.23998631537,
        "median": 0.240757316351,
        "min": 0.11582776159,
        "var": 0.00305779185146
    },
    "barkbands_kurtosis": {
        "dmean": 13.141084671,
        "dmean2": 22.5856266022,
        "dvar": 214.256942749,
        "dvar2": 627.407104492,
        "max": 72.1029205322,
        "mean": 11.7641925812,
        "median": 6.73956489563,
        "min": -1.57905435562,
        "var": 226.80116272
    },
    "barkbands_skewness": {
        "dmean": 1.41722917557,
        "dmean2": 2.35004687309,
        "dvar": 1.17231595516,
        "dvar2": 3.40995812416,
        "max": 7.34800100327,
        "mean": 2.55003619194,
        "median": 2.54873371124,
        "min": -0.589208483696,
        "var": 2.91976451874
    },
    "barkbands_spread": {
        "dmean": 5.35081672668,
        "dmean2": 8.53240394592,
        "dvar": 12.8615922928,
        "dvar2": 35.868309021,
        "max": 28.7580413818,
        "mean": 9.88299369812,
        "median": 8.42191505432,
        "min": 1.36557090282,
        "var": 42.1421127319
    },
    "dissonance": {
        "dmean": 0.0239134691656,
        "dmean2": 0.0400732010603,
        "dvar": 0.00047726961202,
        "dvar2": 0.00102495937608,
        "max": 0.49853220582,
        "mean": 0.463381797075,
        "median": 0.466288924217,
        "min": 0.323103696108,
        "var": 0.000623091298621
    },
    "dynamic_complexity": 1.69731688499,
    "erbbands_crest": {
        "dmean": 5.25287532806,
        "dmean2": 9.23490905762,
        "dvar": 15.3268947601,
        "dvar2": 44.363822937,
        "max": 24.8076972961,
        "mean": 11.4030790329,
        "median": 10.3793010712,
        "min": 4.18607950211,
        "var": 21.1910037994
    },
    "erbbands_flatness_db": {
        "dmean": 0.0248473361135,
        "dmean2": 0.0406513772905,
        "dvar": 0.000443453463959,
        "dvar2": 0.00106048630551,
        "max": 0.336968153715,
        "mean": 0.251903653145,
        "median": 0.250106692314,
        "min": 0.129151120782,
        "var": 0.000758054025937
    },
    "erbbands_kurtosis": {
        "dmean": 1.466106534,
        "dmean2": 2.65523004532,
        "dvar": 3.09159517288,
        "dvar2": 8.47683525085,
        "max": 7.63991546631,
        "mean": -0.225076049566,
        "median": -0.754544734955,
        "min": -1.70310556889,
        "var": 2.59108328819
    },
    "erbbands_skewness": {
        "dmean": 0.787237286568,
        "dmean2": 1.29982221127,
        "dvar": 0.375054776669,
        "dvar2": 1.06945931911,
        "max": 2.86173868179,
        "mean": 0.465771228075,
        "median": 0.487465679646,
        "min": -1.33278954029,
        "var": 0.761432528496
    },
    "erbbands_spread": {
        "dmean": 8.87927341461,
        "dmean2": 15.1378450394,
        "dvar": 61.5301704407,
        "dvar2": 181.519943237,
        "max": 57.9808235168,
        "mean": 34.9273643494,
        "median": 37.0549926758,
        "min": 14.5661840439,
        "var": 140.856964111
    },
    "hfc": {
        "dmean": 5.82086372375,
        "dmean2": 9.8907365799,
        "dvar": 45.9799118042,
        "dvar2": 127.535438538,
        "max": 73.0969848633,
        "mean": 15.7122602463,
        "median": 9.83179092407,
        "min": 0.191208377481,
        "var": 246.119628906
    },
    "melbands_crest": {
        "dmean": 4.96393108368,
        "dmean2": 8.32959842682,
        "dvar": 14.9910860062,
        "dvar2": 41.9007759094,
        "max": 28.3625812531,
        "mean": 16.3957710266,
        "median": 17.9549980164,
        "min": 3.7014234066,
        "var": 32.6264419556
    },
    "melbands_flatness_db": {
        "dmean": 0.0555829778314,
        "dmean2": 0.0891954302788,
        "dvar": 0.00168892927468,
        "dvar2": 0.00434544542804,
        "max": 0.459756463766,
        "mean": 0.319940179586,
        "median": 0.329261869192,
        "min": 0.16084381938,
        "var": 0.00549356453121
    },
    "melbands_kurtosis": {
        "dmean": 26.4329147339,
        "dmean2": 45.7132835388,
        "dvar": 958.250061035,
        "dvar2": 2795.80908203,
        "max": 178.942214966,
        "mean": 28.3030433655,
        "median": 20.5046157837,
        "min": -1.39177441597,
        "var": 1034.64782715
    },
    "melbands_skewness": {
        "dmean": 1.76788127422,
        "dmean2": 2.96945953369,
        "dvar": 2.18542337418,
        "dvar2": 6.16323947906,
        "max": 10.9279851913,
        "mean": 3.9042904377,
        "median": 4.02663564682,
        "min": 0.193957254291,
        "var": 5.20462560654
    },
    "melbands_spread": {
        "dmean": 6.56354761124,
        "dmean2": 10.4624834061,
        "dvar": 28.1779384613,
        "dvar2": 66.578453064,
        "max": 47.8370246887,
        "mean": 12.44510746,
        "median": 8.10014152527,
        "min": 1.17622077465,
        "var": 151.722198486
    },
    "pitch_salience": {
        "dmean": 0.149455994368,
        "dmean2": 0.248828157783,
        "dvar": 0.0126633811742,
        "dvar2": 0.0323014780879,
        "max": 0.799443721771,
        "mean": 0.460669875145,
        "median": 0.45862314105,
        "min": 0.142838731408,
        "var": 0.0232472848147
    },
    "silence_rate_20dB": {
        "dmean": 0,
        "dmean2": 0,
        "dvar": 0,
        "dvar2": 0,
        "max": 1,
        "mean": 1,
        "median": 1,
        "min": 1,
        "var": 0
    },
    "silence_rate_30dB": {
        "dmean": 0,
        "dmean2": 0,
        "dvar": 0,
        "dvar2": 0,
        "max": 1,
        "mean": 1,
        "median": 1,
        "min": 1,
        "var": 0
    },
    "silence_rate_60dB": {
        "dmean": 0,
        "dmean2": 0,
        "dvar": 0,
        "dvar2": 0,
        "max": 0,
        "mean": 0,
        "median": 0,
        "min": 0,
        "var": 0
    },
    "spectral_centroid": {
        "dmean": 248.623718262,
        "dmean2": 411.688934326,
        "dvar": 33094.1835938,
        "dvar2": 77797.3359375,
        "max": 1860.71740723,
        "mean": 708.962036133,
        "median": 558.162780762,
        "min": 242.190002441,
        "var": 198525.671875
    },
    "spectral_complexity": {
        "dmean": 3.18888878822,
        "dmean2": 5.21348333359,
        "dvar": 7.19765424728,
        "dvar2": 14.3926286697,
        "max": 38,
        "mean": 15.901099205,
        "median": 13,
        "min": 1,
        "var": 61.6935310364
    },
    "spectral_decrease": {
        "dmean": 4.62897231657e-09,
        "dmean2": 8.11018630031e-09,
        "dvar": 1.49007223667e-17,
        "dvar2": 4.10170410752e-17,
        "max": -1.00416237825e-10,
        "mean": -8.02658739474e-09,
        "median": -7.76325759233e-09,
        "min": -1.70704694824e-08,
        "var": 1.56023319992e-17
    },
    "spectral_energy": {
        "dmean": 0.0178915690631,
        "dmean2": 0.031374219805,
        "dvar": 0.000219136170927,
        "dvar2": 0.000602390849963,
        "max": 0.0657213777304,
        "mean": 0.0317192673683,
        "median": 0.0304846987128,
        "min": 0.000396337156417,
        "var": 0.000241362169618
    },
    "spectral_energyband_high": {
        "dmean": 1.57333142852e-05,
        "dmean2": 2.33802038565e-05,
        "dvar": 9.15149123148e-10,
        "dvar2": 2.45047315772e-09,
        "max": 0.000309222115902,
        "mean": 3.96619798266e-05,
        "median": 1.17181061796e-05,
        "min": 2.52468589679e-06,
        "var": 4.37293312672e-09
    },
    "spectral_energyband_low": {
        "dmean": 0.00278175296262,
        "dmean2": 0.00507304724306,
        "dvar": 7.28654867999e-06,
        "dvar2": 2.25755138672e-05,
        "max": 0.0189700350165,
        "mean": 0.00313534052111,
        "median": 0.00200043106452,
        "min": 5.20051908097e-05,
        "var": 8.56051974552e-06
    },
    "spectral_energyband_middle_high": {
        "dmean": 0.00183698337059,
        "dmean2": 0.0027924797032,
        "dvar": 1.08945623651e-05,
        "dvar2": 2.55666654994e-05,
        "max": 0.0321429036558,
        "mean": 0.00453341612592,
        "median": 0.00150008453056,
        "min": 4.26497754233e-05,
        "var": 5.27658958163e-05
    },
    "spectral_energyband_middle_low": {
        "dmean": 0.0177810229361,
        "dmean2": 0.0310093555599,
        "dvar": 0.000221368172788,
        "dvar2": 0.000608651083894,
        "max": 0.0643624290824,
        "mean": 0.0246921218932,
        "median": 0.0214408840984,
        "min": 0.000301836698782,
        "var": 0.000231722078752
    },
    "spectral_entropy": {
        "dmean": 0.36094802618,
        "dmean2": 0.602797925472,
        "dvar": 0.0853419303894,
        "dvar2": 0.234374031425,
        "max": 7.54211187363,
        "mean": 6.76961660385,
        "median": 6.74687576294,
        "min": 5.77296876907,
        "var": 0.170123264194
    },
    "spectral_flux": {
        "dmean": 0.0375206433237,
        "dmean2": 0.0666269361973,
        "dvar": 0.00115724653006,
        "dvar2": 0.00324619794264,
        "max": 0.228788718581,
        "mean": 0.113459840417,
        "median": 0.112138666213,
        "min": 0.0512211509049,
        "var": 0.00139932241291
    },
    "spectral_kurtosis": {
        "dmean": 6.77396774292,
        "dmean2": 11.8714809418,
        "dvar": 21.1110134125,
        "dvar2": 81.0022125244,
        "max": 33.4551391602,
        "mean": 12.2121181488,
        "median": 11.011803627,
        "min": 3.2099905014,
        "var": 42.9805603027
    },
    "spectral_rms": {
        "dmean": 0.00165768247098,
        "dmean2": 0.00285505573265,
        "dvar": 1.89318780031e-06,
        "dvar2": 5.06238666276e-06,
        "max": 0.00800739787519,
        "mean": 0.00536111369729,
        "median": 0.0054535465315,
        "min": 0.000621828250587,
        "var": 2.20408901441e-06
    },
    "spectral_rolloff": {
        "dmean": 310.078125,
        "dmean2": 559.379394531,
        "dvar": 142944.953125,
        "dvar2": 283656.65625,
        "max": 2562.45117188,
        "mean": 706.573120117,
        "median": 409.130859375,
        "min": 215.33203125,
        "var": 495727.875
    },
    "spectral_skewness": {
        "dmean": 0.517934262753,
        "dmean2": 0.90382283926,
        "dvar": 0.134587466717,
        "dvar2": 0.468768119812,
        "max": 4.2894115448,
        "mean": 2.05943131447,
        "median": 1.91270267963,
        "min": 1.137119174,
        "var": 0.384301871061
    },
    "spectral_spread": {
        "dmean": 288310.21875,
        "dmean2": 467295.375,
        "dvar": 177001218048,
        "dvar2": 189738631168,
        "max": 6319384,
        "mean": 2119746.75,
        "median": 2033828.875,
        "min": 1537024.375,
        "var": 262557712384
    },
    "spectral_strongpeak": {
        "dmean": 0.698720872402,
        "dmean2": 1.20075964928,
        "dvar": 0.72624206543,
        "dvar2": 2.10977530479,
        "max": 5.40415620804,
        "mean": 1.06681597233,
        "median": 0.785010039806,
        "min": 0.0152722168714,
        "var": 0.990024805069
    },
    "zerocrossingrate": {
        "dmean": 0.00619574636221,
        "dmean2": 0.00802646577358,
        "dvar": 1.75086388481e-05,
        "dvar2": 3.32390554831e-05,
        "max": 0.0712890625,
        "mean": 0.0293558984995,
        "median": 0.0244140625,
        "min": 0.00390625,
        "var": 0.000265298760496
    },
    "barkbands": {
        "dmean": [7.48836373532e-06, 0.00201833504252, 0.000752203399315, 0.00443278672174, 0.0137038286775, 0.000295051984722, 0.00134931027424, 0.000818981148768, 0.00166523701046, 0.00033046034514, 0.000224571136641, 4.13938723796e-05, 4.50095612905e-05, 0.000587581715081, 0.000570943811908, 0.000819688022602, 0.000453604850918, 0.000105182094558, 3.99090749852e-05, 1.22711799122e-05, 7.70234964875e-06, 2.71876365332e-06, 3.75553753429e-07, 3.95407397491e-07, 1.01249959528e-07, 2.96850739545e-08, 1.6735665298e-08],
        "dmean2": [1.21795201267e-05, 0.0038070648443, 0.00135321810376, 0.00753987021744, 0.0236849468201, 0.000499913701788, 0.00222794758156, 0.00144860718865, 0.00287359487265, 0.000515250023454, 0.000351063034032, 6.80616358295e-05, 7.40814139135e-05, 0.000882590422407, 0.000929590372834, 0.0014009202132, 0.000789008336142, 0.000194568710867, 6.52184826322e-05, 1.8513903342e-05, 1.1047620319e-05, 3.58486931873e-06, 6.02520231041e-07, 5.27363908986e-07, 1.38448783105e-07, 3.76158695303e-08, 2.24443397201e-08],
        "dvar": [4.19033974186e-10, 6.26798737358e-06, 3.97018595777e-07, 1.58602488227e-05, 0.00014911199105, 1.35414921942e-07, 1.86425113498e-05, 2.27049827117e-06, 2.20565980271e-05, 5.69077428736e-07, 3.24127654494e-07, 1.77669556845e-09, 4.49593740015e-09, 5.86319117701e-07, 2.67068298854e-06, 5.23537437402e-06, 9.28084773477e-07, 3.65153667303e-08, 5.9669820196e-09, 4.02151673073e-10, 1.6548740156e-10, 2.89872466308e-11, 6.50174358796e-13, 5.63275879932e-13, 5.39286700691e-14, 7.45424145451e-15, 6.8288884645e-15],
        "dvar2": [8.06486266658e-10, 2.06700369745e-05, 1.19976641599e-06, 4.41400370619e-05, 0.000422194192652, 3.86075583947e-07, 4.86910030304e-05, 6.27978988632e-06, 4.51504383818e-05, 1.32372588268e-06, 7.10978270035e-07, 4.43192327282e-09, 1.26619026375e-08, 1.41895498018e-06, 7.20304706192e-06, 1.42287199196e-05, 2.62245112026e-06, 1.13154975168e-07, 1.25897727798e-08, 9.22890430743e-10, 4.07205907882e-10, 6.8287771271e-11, 1.71140131146e-12, 8.20619884979e-13, 7.5643132166e-14, 8.1063001228e-15, 7.38119926237e-15],
        "max": [0.000170608080225, 0.0158748775721, 0.00384471355937, 0.0172093398869, 0.0488111674786, 0.00258273910731, 0.035559527576, 0.00897237751633, 0.040039986372, 0.00576253328472, 0.00630268920213, 0.000276092177955, 0.000462504394818, 0.00645679514855, 0.0135460561141, 0.0181203316897, 0.00876474473625, 0.00163678335957, 0.000792352715507, 0.000206252225325, 0.000121667180792, 6.47770139039e-05, 8.50781725603e-06, 9.05807701201e-06, 2.53929374594e-06, 7.35474998237e-07, 7.83835332641e-07],
        "mean": [9.86460418062e-06, 0.00173903431278, 0.000781135924626, 0.00485937623307, 0.0145484535024, 0.000436266534962, 0.00162958854344, 0.000829130760394, 0.00221810489893, 0.000565640686546, 0.00040622727829, 6.20968348812e-05, 7.2480936069e-05, 0.000766187848058, 0.000689581909683, 0.00105649291072, 0.000717602903023, 0.00018385486328, 9.30649184738e-05, 2.90697826131e-05, 1.70511120814e-05, 6.80865105096e-06, 7.97043469447e-07, 1.08070980787e-06, 2.45614188543e-07, 5.77893182196e-08, 4.03024174034e-08],
        "median": [3.43515057466e-06, 0.00100203242619, 0.000508898694534, 0.00385127123445, 0.0111167635769, 0.000307545793476, 0.00043581740465, 0.000441494514234, 0.000628968409728, 0.0001080305301, 6.61000158289e-05, 3.86179235647e-05, 2.75923321169e-05, 0.000363696221029, 0.000105736959085, 0.000161784875672, 0.000271330471151, 8.92912212294e-05, 3.14491298923e-05, 1.06875140773e-05, 5.80719233767e-06, 1.35153902647e-06, 2.98115821806e-07, 2.73604086942e-07, 5.11260793701e-08, 1.02706509963e-08, 2.71459263956e-08],
        "min": [1.66899127407e-07, 2.21837435674e-05, 1.14772501547e-05, 1.31644774228e-05, 0.000164693105035, 4.47216698376e-05, 3.20656508848e-05, 4.06630078942e-06, 8.28421616461e-06, 5.45243983652e-06, 2.44018383455e-06, 1.77903666554e-06, 1.1211693618e-06, 2.2202607397e-06, 6.32823685009e-06, 1.10823457362e-05, 4.31683156421e-06, 1.13022622372e-06, 1.41034070111e-06, 4.87693057494e-07, 7.11589223101e-07, 3.48570637243e-07, 9.11395829917e-08, 8.80760140376e-08, 1.46357388431e-08, 1.63893210114e-09, 1.29742270261e-08],
        "var": [5.81728665239e-10, 5.25263658346e-06, 5.83720463965e-07, 1.89254533325e-05, 0.000166550424183, 1.62442148621e-07, 1.67731268448e-05, 1.79525056865e-06, 3.218114216e-05, 1.3255680642e-06, 9.18266323424e-07, 3.75698316901e-09, 1.05632960157e-08, 1.17347678952e-06, 3.44031172972e-06, 6.02653835813e-06, 2.09390555028e-06, 6.81037803929e-08, 2.57055532416e-08, 2.13327822074e-09, 7.00774827056e-10, 1.76046482947e-10, 1.80946067591e-12, 3.97142561892e-12, 2.43452746027e-13, 1.49807737829e-14, 7.29526692284e-15]
    },
    "erbbands": {
        "dmean": [0.0280827619135, 0.545248270035, 1.08672297001, 5.83482599258, 59.3561592102, 24.3593444824, 1.82083117962, 3.11479401588, 9.26898384094, 26.9753761292, 20.5816040039, 33.0670318604, 23.0730381012, 9.70255851746, 4.87955570221, 1.4928176403, 2.15004110336, 16.5075740814, 31.901102066, 19.5433425903, 47.0641059875, 26.1253662109, 6.2254986763, 4.65636968613, 1.14897692204, 0.539504885674, 0.324530720711, 0.249287247658, 0.132571086287, 0.0197279471904, 0.0150442598388, 0.0102765094489, 0.00555915758014, 0.00178457261063, 0.000364361651009, 0.0001753178949, 4.68331381853e-05, 1.09688417069e-05, 9.28783083509e-06, 1.95803913812e-05],
        "dmean2": [0.0496304668486, 1.03122437, 1.97252130508, 10.1602048874, 104.77772522, 40.3472671509, 3.29716515541, 5.35987377167, 16.1919307709, 43.7010002136, 35.6092147827, 52.6833534241, 34.4625473022, 15.0158843994, 7.34971857071, 2.57370281219, 3.34180641174, 25.8054466248, 53.0072860718, 32.946056366, 80.0624923706, 48.301361084, 9.76266956329, 8.36095523834, 1.73393785954, 0.822516620159, 0.517366230488, 0.371463865042, 0.183785527945, 0.0311898887157, 0.0248772669584, 0.0111980075017, 0.00786731485277, 0.00237245042808, 0.000414320587879, 0.000221106485697, 5.47351446585e-05, 1.48599747263e-05, 1.55779271154e-05, 3.45435073541e-05],
        "dvar": [0.00227711023763, 0.396018952131, 0.822919607162, 26.9945049286, 2895.59155273, 356.759277344, 1.93080246449, 17.0259571075, 362.066864014, 10107.7802734, 1042.30883789, 7464.22070312, 3922.7746582, 334.072174072, 145.933105469, 2.3392803669, 7.9439740181, 1080.34533691, 3767.71655273, 1714.63317871, 17905.7246094, 2837.98925781, 135.468673706, 61.0400772095, 8.15601921082, 1.08843898773, 0.323900043964, 0.244102343917, 0.0779159218073, 0.00209805974737, 0.00121712696273, 0.000351450435119, 0.000118852032756, 1.57858903549e-05, 6.70919462209e-07, 1.6371970446e-07, 2.3073706501e-08, 2.65052335635e-09, 1.16621573509e-10, 2.53507881354e-10],
        "dvar2": [0.00730567565188, 1.30990886688, 2.60267448425, 72.1211090088, 7976.21972656, 1060.7611084, 4.43026161194, 50.366985321, 1023.95928955, 26235.828125, 2913.09545898, 18123.046875, 6167.12011719, 937.541625977, 332.672546387, 5.93993091583, 22.3341274261, 2572.14648438, 9235.6484375, 4584.27392578, 49266.421875, 8014.87451172, 299.29574585, 185.884521484, 14.5609045029, 2.94279074669, 0.8245267272, 0.496619135141, 0.208733737469, 0.00545703759417, 0.00339397252537, 0.00043519641622, 0.000203087023692, 1.98717971216e-05, 8.54485335822e-07, 1.93779541746e-07, 2.61237058652e-08, 2.90247914592e-09, 1.84051926477e-10, 7.0400568708e-10],
        "max": [0.34916856885, 3.80229926109, 4.68049621582, 23.331363678, 224.670028687, 84.2769775391, 9.87514209747, 29.8677310944, 149.712921143, 812.088562012, 224.299240112, 761.12298584, 616.47052002, 169.756652832, 134.774627686, 11.2771167755, 25.6915969849, 295.860870361, 615.15838623, 277.254852295, 1065.6060791, 489.194946289, 132.090072632, 55.1498069763, 28.9676475525, 10.081618309, 5.10569524765, 4.48688220978, 3.20091986656, 0.452752232552, 0.357368379831, 0.262748330832, 0.122051157057, 0.0451098196208, 0.00762817310169, 0.00340494210832, 0.0013648775639, 0.000478114292491, 0.000115821036161, 7.2487462603e-05],
        "mean": [0.0249782260507, 0.470447093248, 1.22213673592, 7.08874559402, 59.8849334717, 29.3613948822, 3.62801480293, 4.29112243652, 12.3042621613, 29.3064441681, 23.9046382904, 39.9606513977, 39.9684371948, 18.8890838623, 9.1286945343, 2.72532224655, 3.94398236275, 23.1036396027, 49.6329460144, 33.3955802917, 60.6573944092, 40.2771682739, 13.5450963974, 8.85273551941, 2.93996214867, 1.25074386597, 0.810225605965, 0.581812381744, 0.30414173007, 0.0431922748685, 0.0298065301031, 0.0281721074134, 0.0125119201839, 0.00433575408533, 0.000894058030099, 0.000393776455894, 8.43182278913e-05, 1.95990523935e-05, 2.05349097087e-05, 3.67357206414e-05],
        "median": [0.0110386563465, 0.286692798138, 0.934765815735, 5.96667718887, 43.322353363, 21.0484962463, 3.18193864822, 3.12499284744, 5.29826164246, 7.39564037323, 14.2856483459, 13.2680454254, 5.4187130928, 3.1054122448, 2.06420564651, 1.66107606888, 1.58447492123, 8.89626979828, 17.1401176453, 7.68389034271, 8.86661243439, 16.9240512848, 5.00296449661, 4.0652384758, 0.796080231667, 0.354906082153, 0.288801461458, 0.16542352736, 0.0669525191188, 0.0121228462085, 0.00996629986912, 0.00753058912233, 0.00328260287642, 0.000932349299546, 0.000243277507252, 8.97421414265e-05, 2.13774874283e-05, 7.4816457527e-06, 1.93259675143e-05, 3.50339141733e-05],
        "min": [0.00082466454478, 0.00444462150335, 0.01709244214, 0.0232567563653, 0.270865797997, 0.63986492157, 0.592536270618, 0.353636145592, 0.611524999142, 0.227579325438, 0.119371704757, 0.147303715348, 0.39961451292, 0.124774113297, 0.168322354555, 0.117991909385, 0.0601500160992, 0.111678026617, 0.184147253633, 0.617871880531, 0.445945233107, 0.235711634159, 0.0746334940195, 0.0966381505132, 0.0403207093477, 0.0224885959178, 0.0260120555758, 0.0251187551767, 0.0127292117104, 0.00420050276443, 0.00337444711477, 0.00216580880806, 0.00114373199176, 0.000285507994704, 8.25744064059e-05, 2.96076323139e-05, 7.26523103367e-06, 2.80197969005e-06, 4.60289447801e-06, 3.84050372304e-06],
        "var": [0.00201628450304, 0.334813445807, 1.1163905859, 32.0283737183, 3083.8671875, 520.988342285, 3.57770371437, 16.4693393707, 349.805236816, 8374.93945312, 1009.625, 9517.60644531, 9016.86425781, 1330.96350098, 384.382385254, 7.26450014114, 28.2173728943, 1945.16381836, 8537.56445312, 3989.4453125, 20523.0078125, 5786.91503906, 563.317504883, 147.232513428, 29.7872543335, 4.69207382202, 1.50337851048, 1.00185835361, 0.355916321278, 0.00675745634362, 0.00287684495561, 0.00279680127278, 0.000526820425875, 7.88214092609e-05, 2.55410645877e-06, 5.33528179858e-07, 3.4222569667e-08, 2.89971269218e-09, 1.7082718573e-10, 3.05193620376e-10]
    },
    "gfcc": {
        "mean": [-74.2266235352, 180.262863159, -145.916000366, 31.7361125946, -26.6834030151, -23.0933742523, -35.1061019897, -5.78626155853, -3.87167191505, -24.0069408417, -21.9225578308, -25.6143093109, -2.90876555443],
        "cov": [[1762.91967773, -481.348266602, -837.773498535, -207.157073975, -302.406341553, 135.38067627, -11.1737546921, 215.309570312, 74.1439437866, 134.241653442, -59.127620697, 46.4872894287, 136.981658936], [-481.348266602, 552.485778809, 331.438598633, 106.510002136, 181.987167358, -85.1374435425, 92.415802002, -104.233390808, 30.8485736847, -89.9183883667, 41.1222763062, -81.6932373047, -48.7572593689], [-837.773498535, 331.438598633, 580.681091309, 130.344299316, 197.717315674, -70.3223571777, 21.2263679504, -120.452583313, -46.7755584717, -87.4562149048, 29.3678226471, -15.4356269836, -67.3284912109], [-207.157073975, 106.510002136, 130.344299316, 165.610015869, 98.2301101685, -22.7070236206, -18.2855358124, -42.9503364563, -7.3205537796, -44.6032104492, 10.8873510361, -45.3242988586, -27.8143196106], [-302.406341553, 181.987167358, 197.717315674, 98.2301101685, 147.578430176, -15.8737573624, 8.59183120728, -66.7599105835, -22.5583953857, -46.2588806152, 10.1673240662, -30.9759063721, -34.5566444397], [135.38067627, -85.1374435425, -70.3223571777, -22.7070236206, -15.8737573624, 93.3945770264, 16.6508026123, 36.008140564, 3.45245695114, 24.6919994354, 6.29907560349, 36.1885375977, 24.4348468781], [-11.1737546921, 92.415802002, 21.2263679504, -18.2855358124, 8.59183120728, 16.6508026123, 73.8553543091, 17.6868991852, 17.9308509827, -2.72697281837, 2.04287695885, 4.43807792664, 14.7215309143], [215.309570312, -104.233390808, -120.452583313, -42.9503364563, -66.7599105835, 36.008140564, 17.6868991852, 95.8219909668, 44.1283760071, 48.7399787903, 3.99217128754, 34.744342804, 31.150762558], [74.1439437866, 30.8485736847, -46.7755584717, -7.3205537796, -22.5583953857, 3.45245695114, 17.9308509827, 44.1283760071, 67.5654602051, 30.6972026825, 8.40808677673, -5.64002799988, 14.8988637924], [134.241653442, -89.9183883667, -87.4562149048, -44.6032104492, -46.2588806152, 24.6919994354, -2.72697281837, 48.7399787903, 30.6972026825, 74.5604858398, 11.928188324, 28.1793613434, 12.6172447205], [-59.127620697, 41.1222763062, 29.3678226471, 10.8873510361, 10.1673240662, 6.29907560349, 2.04287695885, 3.99217128754, 8.40808677673, 11.928188324, 41.464012146, 18.280796051, -7.7928647995], [46.4872894287, -81.6932373047, -15.4356269836, -45.3242988586, -30.9759063721, 36.1885375977, 4.43807792664, 34.744342804, -5.64002799988, 28.1793613434, 18.280796051, 80.4102630615, 22.6858959198], [136.981658936, -48.7572593689, -67.3284912109, -27.8143196106, -34.5566444397, 24.4348468781, 14.7215309143, 31.150762558, 14.8988637924, 12.6172447205, -7.7928647995, 22.6858959198, 44.9856300354]],
        "icov": [[0.00232406659052, -0.00248575955629, 0.00292833289132, -0.000420132506406, 0.00153734325431, -0.0018124365015, 0.00301874172874, -0.00327727850527, 0.00326519389637, -0.00162405776791, 0.00341103412211, -0.000271410361165, -0.00209922972135], [-0.00248575955629, 0.0222036782652, -0.00438477937132, 0.00476961582899, -0.0145565895364, 0.012459189631, -0.0250144843012, 0.0178475417197, -0.0237659327686, 0.0140011338517, -0.0241796728224, 0.00655712699518, 0.00234753079712], [0.00292833289132, -0.00438477937132, 0.00834327656776, -0.00173919496592, -0.00113855034579, -0.000304676388623, 0.00291452789679, -0.00253874179907, 0.00416537141427, -0.0012478409335, 0.00559735903516, -0.00560541218147, 0.000604501808994], [-0.000420132506406, 0.00476961582899, -0.00173919496592, 0.0152827501297, -0.0115569615737, 0.00188871542923, 0.00154651002958, -0.00168024620507, -0.0055368184112, 0.00818108767271, -0.0110790496692, 0.00874437578022, -0.00274093286134], [0.00153734325431, -0.0145565895364, -0.00113855034579, -0.0115569615737, 0.0315500609577, -0.0129600614309, 0.0110893854871, -0.0030581401661, 0.0146164949983, -0.0100826639682, 0.0167220048606, -0.00388895394281, 0.00330109405331], [-0.0018124365015, 0.012459189631, -0.000304676388623, 0.00188871542923, -0.0129600614309, 0.0245937649161, -0.0175505615771, 0.00666848244146, -0.00883590336889, 0.00492881517857, -0.0151100093499, -0.00137383816764, -0.00283464929089], [0.00301874172874, -0.0250144843012, 0.00291452789679, 0.00154651002958, 0.0110893854871, -0.0175505615771, 0.0495013035834, -0.0268501006067, 0.0228062588722, -0.00989391095936, 0.0240804031491, -0.00227372930385, -0.0100009096786], [-0.00327727850527, 0.0178475417197, -0.00253874179907, -0.00168024620507, -0.0030581401661, 0.00666848244146, -0.0268501006067, 0.0488255918026, -0.0350415855646, 0.00512667372823, -0.0137210022658, -0.0078092161566, 0.00521913217381], [0.00326519389637, -0.0237659327686, 0.00416537141427, -0.0055368184112, 0.0146164949983, -0.00883590336889, 0.0228062588722, -0.0350415855646, 0.060137078166, -0.0252867173404, 0.0150896161795, 0.00895684026182, -0.0147888576612], [-0.00162405776791, 0.0140011338517, -0.0012478409335, 0.00818108767271, -0.0100826639682, 0.00492881517857, -0.00989391095936, 0.00512667372823, -0.0252867173404, 0.0376732796431, -0.019713498652, -0.000812336336821, 0.00737945223227], [0.00341103412211, -0.0241796728224, 0.00559735903516, -0.0110790496692, 0.0167220048606, -0.0151100093499, 0.0240804031491, -0.0137210022658, 0.0150896161795, -0.019713498652, 0.0656810626388, -0.0241280905902, 0.0116844242439], [-0.000271410361165, 0.00655712699518, -0.00560541218147, 0.00874437578022, -0.00388895394281, -0.00137383816764, -0.00227372930385, -0.0078092161566, 0.00895684026182, -0.000812336336821, -0.0241280905902, 0.0368158519268, -0.0166232641786], [-0.00209922972135, 0.00234753079712, 0.000604501808994, -0.00274093286134, 0.00330109405331, -0.00283464929089, -0.0100009096786, 0.00521913217381, -0.0147888576612, 0.00737945223227, 0.0116844242439, -0.0166232641786, 0.047345418483]]
    },
    "melbands": {
        "dmean": [0.000412977562519, 0.000643212697469, 0.00270342733711, 0.00350505206734, 0.000109525135485, 6.5987042035e-05, 0.000178493151907, 0.000262327492237, 0.000170998304384, 0.000241658155574, 0.000118402662338, 3.89396409446e-05, 2.5075943995e-05, 4.34998719356e-06, 6.89750550009e-06, 2.74976605397e-06, 3.91966132156e-05, 5.21384245076e-05, 4.35618785559e-05, 4.17486007791e-05, 5.21301662957e-05, 2.79426967609e-05, 1.42778399095e-05, 4.16836110162e-06, 4.07957941206e-06, 1.44141768033e-06, 5.55023234483e-07, 4.30315765243e-07, 1.91012020423e-07, 2.90753888521e-07, 1.20873622222e-07, 8.00493396014e-08, 4.42343797147e-08, 3.95940391584e-09, 1.02630606236e-08, 5.10772357742e-09, 7.6031172469e-09, 5.06259656419e-09, 2.34337838023e-09, 1.29831945195e-09],
        "dmean2": [0.000764697615523, 0.00121117394883, 0.00474102282897, 0.00605969503522, 0.000191556158825, 0.000111427922093, 0.000299963867292, 0.000424745870987, 0.000292358221486, 0.000395976967411, 0.000178083500941, 6.02146646997e-05, 3.80030724045e-05, 7.05629781805e-06, 1.23419285956e-05, 3.9981550799e-06, 6.23237792752e-05, 8.75117912074e-05, 7.47004451114e-05, 7.06269347575e-05, 8.77239508554e-05, 5.02930815856e-05, 2.24261566473e-05, 7.25606059859e-06, 7.23041785022e-06, 2.32979004977e-06, 9.44435669226e-07, 7.22044603663e-07, 3.09245848484e-07, 4.44319766757e-07, 1.83854524494e-07, 1.02731370077e-07, 7.88386671502e-08, 5.1996487116e-09, 1.7771398575e-08, 7.30453342257e-09, 9.88551995817e-09, 7.44964667732e-09, 3.69401087497e-09, 1.58309210185e-09],
        "dvar": [3.40050405612e-07, 3.3370540109e-07, 5.91791922488e-06, 9.44479143072e-06, 9.67696500709e-09, 7.57640883364e-09, 2.05803488029e-07, 8.68106383223e-07, 6.43650892584e-08, 4.88352952743e-07, 1.07824241979e-07, 5.35597521889e-09, 4.65119454063e-09, 3.42034456313e-11, 7.24740753522e-11, 1.50601683901e-11, 6.30082963582e-09, 6.02029581742e-09, 1.55354538123e-08, 1.13987175254e-08, 2.03574828106e-08, 2.88876256249e-09, 1.10156928024e-09, 7.2453744393e-11, 4.89288366767e-11, 1.38304897049e-11, 1.19453709077e-12, 9.66592582884e-13, 1.43836047131e-13, 2.01923737063e-13, 7.11025205727e-14, 2.15877646027e-14, 1.52522546188e-14, 4.56791633564e-17, 6.35372278048e-16, 8.8995773152e-17, 2.41055968259e-16, 1.01415320949e-16, 3.07583570445e-17, 8.28787824483e-18],
        "dvar2": [1.12497014015e-06, 1.0006847333e-06, 1.64459979715e-05, 2.65489907179e-05, 2.60801318319e-08, 2.21719957949e-08, 5.6345726307e-07, 2.26908809964e-06, 1.7935651897e-07, 1.0989023167e-06, 1.72065114157e-07, 1.40749936151e-08, 1.03364570236e-08, 8.45047642972e-11, 2.07955347387e-10, 3.23608501107e-11, 1.55194097573e-08, 1.22177894468e-08, 4.35366374063e-08, 2.96053048743e-08, 5.55902630595e-08, 8.95776164356e-09, 2.09737671675e-09, 2.17924470136e-10, 1.55479185082e-10, 2.21356561553e-11, 3.30433813991e-12, 2.99681568623e-12, 4.10963011668e-13, 5.57462550514e-13, 1.44386835387e-13, 4.64293046284e-14, 4.7902328805e-14, 5.84656286211e-17, 1.87746440946e-15, 1.54460401929e-16, 4.27003125936e-16, 2.13924907388e-16, 6.52025911938e-17, 8.71501694236e-18],
        "max": [0.00389416934922, 0.00340553652495, 0.0102482847869, 0.012286410667, 0.000679196091369, 0.000638532801531, 0.0037324486766, 0.00749842869118, 0.00164592615329, 0.00611149985343, 0.0031721717678, 0.000745905039366, 0.000752572435886, 3.71389141947e-05, 5.44189533684e-05, 3.86091924156e-05, 0.000669795146678, 0.000794454303104, 0.000939750636462, 0.000850645650644, 0.00113774032798, 0.000476372020785, 0.000315597542794, 6.90577799105e-05, 4.48936189059e-05, 3.41540981026e-05, 9.93216053757e-06, 8.21934645501e-06, 3.44871796187e-06, 4.4444791456e-06, 2.35355810219e-06, 1.75800369107e-06, 1.02051285467e-06, 8.52647445981e-08, 2.31763010561e-07, 1.17639231689e-07, 1.93159223727e-07, 1.06051423643e-07, 5.63174857859e-08, 3.42845432044e-08],
        "mean": [0.000360455887858, 0.000632573268376, 0.00291139748879, 0.00381845398806, 0.000173050299054, 9.29735979298e-05, 0.000234468403505, 0.000279933010461, 0.000196339024114, 0.000295427074889, 0.000203003102797, 7.55868531996e-05, 4.61820673081e-05, 6.22808966e-06, 9.57765132625e-06, 5.21512947671e-06, 5.07853001182e-05, 8.58940184116e-05, 5.28310374648e-05, 5.66319104109e-05, 6.84776678099e-05, 4.20209544245e-05, 2.31679005083e-05, 8.06671596365e-06, 7.10855283614e-06, 2.87926309284e-06, 1.10364555894e-06, 7.70590588672e-07, 4.52255022765e-07, 5.42660188785e-07, 2.723796797e-07, 2.04309728247e-07, 5.98835327992e-08, 1.02871373642e-08, 1.76514571848e-08, 1.32654127682e-08, 1.9320939515e-08, 9.71104974212e-09, 5.14086906378e-09, 3.00114977314e-09],
        "median": [0.000183747150004, 0.000381186429877, 0.00234913174063, 0.00280100270174, 0.000148440158227, 7.17913353583e-05, 8.97914142115e-05, 8.05001545814e-05, 0.000117351577501, 7.63337739045e-05, 2.35894276557e-05, 1.20863960547e-05, 7.73028295953e-06, 2.97575047625e-06, 5.50311915504e-06, 1.79416326773e-06, 1.98965572054e-05, 3.42193743563e-05, 9.40233258007e-06, 1.02197782326e-05, 9.92060813587e-06, 1.82746971404e-05, 6.75018054608e-06, 4.32773185821e-06, 3.23774452227e-06, 5.87585589074e-07, 4.15666818299e-07, 1.61269539944e-07, 1.36181995458e-07, 2.29009842201e-07, 5.96823781507e-08, 4.37026592692e-08, 1.02253618905e-08, 4.53020110314e-09, 6.92459511953e-09, 3.55739149249e-09, 4.86925655352e-09, 2.55523358028e-09, 1.18331844323e-09, 5.28145582823e-10],
        "min": [5.8838595578e-06, 9.88835017779e-06, 9.56814074016e-06, 3.5080476664e-05, 2.29646793741e-05, 7.62000991017e-06, 8.87345504452e-06, 1.87411035313e-06, 8.9147710014e-07, 1.11680162718e-06, 1.39290989409e-06, 5.07106562964e-07, 4.25372036261e-07, 2.1363403846e-07, 2.19495376541e-07, 1.360146058e-07, 2.08624697962e-07, 2.31546550822e-07, 5.81316726311e-07, 9.39991650739e-07, 4.34708027797e-07, 2.65582258407e-07, 1.10298188361e-07, 4.3706446462e-08, 8.66217817475e-08, 3.3477249417e-08, 2.04047569952e-08, 1.31812036841e-08, 1.32422801613e-08, 2.09713988397e-08, 1.22201431196e-08, 7.70482788681e-09, 2.81362333432e-09, 1.34217159609e-09, 2.15055195874e-09, 1.30921029573e-09, 1.198375843e-09, 7.05495106779e-10, 2.79116396662e-10, 1.53246318413e-10],
        "var": [2.80815442011e-07, 3.87078074482e-07, 6.48871036901e-06, 1.08910508061e-05, 1.17529630472e-08, 7.80070408268e-09, 1.95410549964e-07, 7.11532209152e-07, 6.72489264275e-08, 6.45076511319e-07, 2.41035706949e-07, 2.29160033172e-08, 1.20591998609e-08, 5.19162351997e-11, 1.26247082233e-10, 5.52238706153e-11, 9.67071933644e-09, 1.90057782845e-08, 1.82914519087e-08, 1.55658792522e-08, 2.4999183168e-08, 5.60020918527e-09, 3.0146569685e-09, 1.33018290827e-10, 9.80117376148e-11, 3.75005825004e-11, 3.23583260881e-12, 2.16850214001e-12, 5.24872680041e-13, 6.54369624892e-13, 2.73946528439e-13, 1.48979583552e-13, 2.16574313686e-14, 2.41569746681e-16, 1.02842621758e-15, 5.86127211863e-16, 1.37660122813e-15, 3.32339941361e-16, 9.59551414304e-17, 4.26412962347e-17]
    },
    "mfcc": {
        "mean": [-708.928405762, 200.917755127, -40.6205673218, 46.9021682739, 18.2467975616, -7.27660036087, -15.5962734222, 0.725871503353, 11.9360952377, 2.25302839279, -4.97064161301, -6.60993719101, -22.2003288269],
        "cov": [[2365.62475586, -614.269287109, -719.035949707, -403.693878174, -348.655090332, -160.774673462, -155.309692383, -25.3119678497, 213.437591553, 132.919830322, -62.5751724243, -23.0882511139, 42.0619239807], [-614.269287109, 509.044616699, 234.8487854, 160.034011841, 97.9134140015, 64.3035583496, 78.8268280029, 25.0677490234, -38.1015586853, -20.9116210938, 36.6705780029, 33.3697624207, -24.8243713379], [-719.035949707, 234.8487854, 312.856781006, 150.860183716, 124.134605408, 56.7400398254, 52.1855735779, 28.0161705017, -58.7969779968, -42.232585907, 18.6442127228, 7.80173015594, -20.1814842224], [-403.693878174, 160.034011841, 150.860183716, 213.359069824, 125.652824402, 30.5685520172, 29.0680370331, -1.69720625877, -42.8586196899, -18.2620582581, 25.080619812, -1.89711487293, -40.467918396], [-348.655090332, 97.9134140015, 124.134605408, 125.652824402, 143.488479614, 54.496257782, 30.8205776215, 7.47886610031, -44.9118423462, -21.7919578552, 12.5289182663, -0.507950723171, -22.4078445435], [-160.774673462, 64.3035583496, 56.7400398254, 30.5685520172, 54.496257782, 68.8185424805, 43.4965591431, 12.1183385849, -12.9401636124, -14.4903812408, -1.14918208122, 4.44008159637, -7.04066085815], [-155.309692383, 78.8268280029, 52.1855735779, 29.0680370331, 30.8205776215, 43.4965591431, 62.268081665, 21.7965278625, -11.7567043304, -15.7577705383, -3.66112065315, 3.85314917564, 2.92701053619], [-25.3119678497, 25.0677490234, 28.0161705017, -1.69720625877, 7.47886610031, 12.1183385849, 21.7965278625, 46.4706268311, 10.7973985672, -6.78099441528, -0.958979904652, 3.98570656776, 2.92155146599], [213.437591553, -38.1015586853, -58.7969779968, -42.8586196899, -44.9118423462, -12.9401636124, -11.7567043304, 10.7973985672, 73.225944519, 30.5174942017, -11.0184211731, 6.02622938156, 8.83398723602], [132.919830322, -20.9116210938, -42.232585907, -18.2620582581, -21.7919578552, -14.4903812408, -15.7577705383, -6.78099441528, 30.5174942017, 54.4714508057, 17.9981079102, 6.88170623779, -5.30514812469], [-62.5751724243, 36.6705780029, 18.6442127228, 25.080619812, 12.5289182663, -1.14918208122, -3.66112065315, -0.958979904652, -11.0184211731, 17.9981079102, 41.600025177, 18.197511673, -6.00677633286], [-23.0882511139, 33.3697624207, 7.80173015594, -1.89711487293, -0.507950723171, 4.44008159637, 3.85314917564, 3.98570656776, 6.02622938156, 6.88170623779, 18.197511673, 50.4899559021, 24.7648601532], [42.0619239807, -24.8243713379, -20.1814842224, -40.467918396, -22.4078445435, -7.04066085815, 2.92701053619, 2.92155146599, 8.83398723602, -5.30514812469, -6.00677633286, 24.7648601532, 54.7711524963]],
