{
"lowlevel": {
    "average_loudness": 0.980661869049,
    "barkbands_crest": {
        "dmean": 2.07148957253,
        "dmean2": 3.58015441895,
        "dvar": 3.08499312401,
        "dvar2": 9.39764785767,
        "max": 16.7047672272,
        "mean": 8.78930664062,
        "median": 8.50270652771,
        "min": 3.76926612854,
        "var": 6.80235624313
    },
    "barkbands_flatness_db": {
        "dmean": 0.014201220125,
        "dmean2": 0.0245885401964,
        "dvar": 0.000126270737383,
        "dvar2": 0.000384966027923,
        "max": 0.22304263711,
        "mean": 0.150143295527,
        "median": 0.148195132613,
        "min": 0.0699625089765,
        "var": 0.000433684297604
    },
    "barkbands_kurtosis": {
        "dmean": 1.14130365849,
        "dmean2": 1.98938882351,
        "dvar": 1.10904979706,
        "dvar2": 3.33574128151,
        "max": 8.0953502655,
        "mean": 0.895729184151,
        "median": 0.609842777252,
        "min": -1.61971867085,
        "var": 2.59794282913
    },
    "barkbands_skewness": {
        "dmean": 0.353392094374,
        "dmean2": 0.61502969265,
        "dvar": 0.084916010499,
        "dvar2": 0.248947829008,
        "max": 2.88274359703,
        "mean": 1.24575221539,
        "median": 1.25061023235,
        "min": -0.355760276318,
        "var": 0.215097740293
    },
    "barkbands_spread": {
        "dmean": 3.61472082138,
        "dmean2": 6.15583610535,
        "dvar": 9.29324150085,
        "dvar2": 27.0111598969,
        "max": 38.7069549561,
        "mean": 20.6549568176,
        "median": 20.5150413513,
        "min": 8.99724006653,
        "var": 26.0555858612
    },
    "dissonance": {
        "dmean": 0.0132450675592,
        "dmean2": 0.0224380977452,
        "dvar": 0.000180893781362,
        "dvar2": 0.000377820542781,
        "max": 0.499998867512,
        "mean": 0.476454347372,
        "median": 0.478085070848,
        "min": 0.262847900391,
        "var": 0.000276640523225
    },
    "dynamic_complexity": 0.671608328819,
    "erbbands_crest": {
        "dmean": 1.83692896366,
        "dmean2": 3.22574138641,
        "dvar": 2.3623752594,
        "dvar2": 7.30160617828,
        "max": 20.3768138885,
        "mean": 8.19625473022,
        "median": 7.74070644379,
        "min": 3.90092396736,
        "var": 4.78492307663
    },
    "erbbands_flatness_db": {
        "dmean": 0.0109450500458,
        "dmean2": 0.0186312161386,
        "dvar": 7.26865036995e-05,
        "dvar2": 0.000198966430617,
        "max": 0.260402113199,
        "mean": 0.192834451795,
        "median": 0.191615745425,
        "min": 0.120738945901,
        "var": 0.0001657159155
    },
    "erbbands_kurtosis": {
        "dmean": 0.323841869831,
        "dmean2": 0.573433458805,
        "dvar": 0.223018690944,
        "dvar2": 0.62397891283,
        "max": 4.05505418777,
        "mean": -1.14041554928,
        "median": -1.2828001976,
        "min": -1.66725313663,
        "var": 0.249644041061
    },
    "erbbands_skewness": {
        "dmean": 0.311781167984,
        "dmean2": 0.525023519993,
        "dvar": 0.0688889622688,
        "dvar2": 0.188192218542,
        "max": 1.17876076698,
        "mean": -0.185743615031,
        "median": -0.195099771023,
        "min": -1.9355558157,
        "var": 0.195979699492
    },
    "erbbands_spread": {
        "dmean": 4.1615896225,
        "dmean2": 7.24590444565,
        "dvar": 12.7133255005,
        "dvar2": 36.6014518738,
        "max": 56.7587547302,
        "mean": 37.642665863,
        "median": 37.8324165344,
        "min": 16.7940826416,
        "var": 27.5775852203
    },
    "hfc": {
        "dmean": 5.62985944748,
        "dmean2": 9.27639389038,
        "dvar": 38.1864280701,
        "dvar2": 97.7587890625,
        "max": 100.457244873,
        "mean": 27.412853241,
        "median": 26.2717113495,
        "min": 0.730517745018,
        "var": 81.3790359497
    },
    "melbands_crest": {
        "dmean": 2.88228726387,
        "dmean2": 4.99798631668,
        "dvar": 5.84232616425,
        "dvar2": 17.4905872345,
        "max": 25.2585830688,
        "mean": 12.3276405334,
        "median": 11.5420627594,
        "min": 5.74998855591,
        "var": 14.0667390823
    },
    "melbands_flatness_db": {
        "dmean": 0.0198379717767,
        "dmean2": 0.0342923365533,
        "dvar": 0.000223625000217,
        "dvar2": 0.000693663256243,
        "max": 0.315388739109,
        "mean": 0.229248836637,
        "median": 0.226296007633,
        "min": 0.151456534863,
        "var": 0.000726747268345
    },
    "melbands_kurtosis": {
        "dmean": 2.8201944828,
        "dmean2": 5.0001578331,
        "dvar": 7.11030101776,
        "dvar2": 21.8113574982,
        "max": 27.9018344879,
        "mean": 6.13803195953,
        "median": 5.65745639801,
        "min": -1.23906242847,
        "var": 13.9914855957
    },
    "melbands_skewness": {
        "dmean": 0.464557379484,
        "dmean2": 0.823844492435,
        "dvar": 0.154641270638,
        "dvar2": 0.463925629854,
        "max": 4.89788770676,
        "mean": 2.2614197731,
        "median": 2.19168353081,
        "min": 0.425372481346,
        "var": 0.330413520336
    },
    "melbands_spread": {
        "dmean": 5.42305374146,
        "dmean2": 9.28758907318,
        "dvar": 23.7387065887,
        "dvar2": 67.5885162354,
        "max": 49.0503349304,
        "mean": 21.9052524567,
        "median": 20.7185592651,
        "min": 7.8438706398,
        "var": 54.4743118286
    },
    "pitch_salience": {
        "dmean": 0.0626171529293,
        "dmean2": 0.10932521522,
        "dvar": 0.00245547504164,
        "dvar2": 0.00715465890244,
        "max": 0.869209289551,
        "mean": 0.592810809612,
        "median": 0.593603730202,
        "min": 0.300755053759,
        "var": 0.00658828997985
    },
    "silence_rate_20dB": {
        "dmean": 0,
        "dmean2": 0,
        "dvar": 0,
        "dvar2": 0,
        "max": 1,
        "mean": 1,
        "median": 1,
        "min": 1,
        "var": 0
    },
    "silence_rate_30dB": {
        "dmean": 0,
        "dmean2": 0,
        "dvar": 0,
        "dvar2": 0,
        "max": 1,
        "mean": 1,
        "median": 1,
        "min": 1,
        "var": 0
    },
    "silence_rate_60dB": {
        "dmean": 0,
        "dmean2": 0,
        "dvar": 0,
        "dvar2": 0,
        "max": 0,
        "mean": 0,
        "median": 0,
        "min": 0,
        "var": 0
    },
    "spectral_centroid": {
        "dmean": 173.433502197,
        "dmean2": 294.426422119,
        "dvar": 20080.7363281,
        "dvar2": 58584.640625,
        "max": 1943.8059082,
        "mean": 1170.02124023,
        "median": 1160.8404541,
        "min": 598.512084961,
        "var": 56391.8945312
    },
    "spectral_complexity": {
        "dmean": 3.14333343506,
        "dmean2": 5.32888126373,
        "dvar": 6.86279630661,
        "dvar2": 18.5112094879,
        "max": 39,
        "mean": 28.036605835,
        "median": 28,
        "min": 2,
        "var": 15.7257862091
    },
    "spectral_decrease": {
        "dmean": 2.80848833079e-09,
        "dmean2": 4.89101914525e-09,
        "dvar": 4.93119214039e-18,
        "dvar2": 1.41627664181e-17,
        "max": -2.47322884395e-10,
        "mean": -1.09890150313e-08,
        "median": -1.08481597039e-08,
        "min": -2.10849453453e-08,
        "var": 9.15468080873e-18
    },
    "spectral_energy": {
        "dmean": 0.0109251625836,
        "dmean2": 0.0190383139998,
        "dvar": 7.56576482672e-05,
        "dvar2": 0.000214431915083,
        "max": 0.0869535207748,
        "mean": 0.0439614616334,
        "median": 0.0433809831738,
        "min": 0.000999714131467,
        "var": 0.000140454605571
    },
    "spectral_energyband_high": {
        "dmean": 3.77304932044e-05,
        "dmean2": 6.38239216642e-05,
        "dvar": 1.89575666276e-09,
        "dvar2": 5.1174953164e-09,
        "max": 0.000690372893587,
        "mean": 0.000167168560438,
        "median": 0.000165161851328,
        "min": 1.71773936017e-05,
        "var": 3.29008842392e-09
    },
    "spectral_energyband_low": {
        "dmean": 0.00727601209655,
        "dmean2": 0.0126735167578,
        "dvar": 4.27943086834e-05,
        "dvar2": 0.000126684404677,
        "max": 0.0518960170448,
        "mean": 0.0130290398374,
        "median": 0.0104856994003,
        "min": 0.000163950622664,
        "var": 8.52916273288e-05
    },
    "spectral_energyband_middle_high": {
        "dmean": 0.00220154970884,
        "dmean2": 0.00361618422903,
        "dvar": 8.59626288729e-06,
        "dvar2": 2.14900410356e-05,
        "max": 0.0485632605851,
        "mean": 0.00800192728639,
        "median": 0.0075336410664,
        "min": 0.000160340874572,
        "var": 1.73465123225e-05
    },
    "spectral_energyband_middle_low": {
        "dmean": 0.00687875971198,
        "dmean2": 0.0118123982102,
        "dvar": 4.01588295063e-05,
        "dvar2": 0.000124163736473,
        "max": 0.0590625815094,
        "mean": 0.0240849219263,
        "median": 0.0228400435299,
        "min": 0.000645032094326,
        "var": 7.22082113498e-05
    },
    "spectral_entropy": {
        "dmean": 0.0784341618419,
        "dmean2": 0.134935125709,
        "dvar": 0.0045002088882,
        "dvar2": 0.0118740051985,
        "max": 8.34245014191,
        "mean": 7.3646736145,
        "median": 7.3705239296,
        "min": 6.92704057693,
        "var": 0.0135752791539
    },
    "spectral_flux": {
        "dmean": 0.0193930808455,
        "dmean2": 0.0317759886384,
        "dvar": 0.00023029615113,
        "dvar2": 0.000564859015867,
        "max": 0.188847109675,
        "mean": 0.108370624483,
        "median": 0.105804234743,
        "min": 0.0560950003564,
        "var": 0.000522081449162
    },
    "spectral_kurtosis": {
        "dmean": 2.39827609062,
        "dmean2": 4.30941009521,
        "dvar": 4.49928617477,
        "dvar2": 13.1054058075,
        "max": 20.9523525238,
        "mean": 6.51298761368,
        "median": 5.91978549957,
        "min": 3.39797306061,
        "var": 5.27510118484
    },
    "spectral_rms": {
        "dmean": 0.000824152783025,
        "dmean2": 0.00143146398477,
        "dvar": 4.32362440961e-07,
        "dvar2": 1.18722994102e-06,
        "max": 0.00921046733856,
        "mean": 0.0064862347208,
        "median": 0.00650560623035,
        "min": 0.000987588427961,
        "var": 8.18006583359e-07
    },
    "spectral_rolloff": {
        "dmean": 487.654846191,
        "dmean2": 896.737609863,
        "dvar": 223914.421875,
        "dvar2": 601747.9375,
        "max": 2497.8515625,
        "mean": 1367.94885254,
        "median": 1658.05664062,
        "min": 387.59765625,
        "var": 402636.65625
    },
    "spectral_skewness": {
        "dmean": 0.228290736675,
        "dmean2": 0.397354185581,
        "dvar": 0.0429351516068,
        "dvar2": 0.126496106386,
        "max": 3.84414815903,
        "mean": 1.52125775814,
        "median": 1.47714555264,
        "min": 1.08453738689,
        "var": 0.0595833994448
    },
    "spectral_spread": {
        "dmean": 192377.5,
        "dmean2": 302527.46875,
        "dvar": 521031221248,
        "dvar2": 377362087936,
        "max": 23251500,
        "mean": 2630635.25,
        "median": 2590182.5,
        "min": 1983708.5,
        "var": 774309085184
    },
    "spectral_strongpeak": {
        "dmean": 0.505638301373,
        "dmean2": 0.888018429279,
        "dvar": 0.439250349998,
        "dvar2": 1.1910200119,
        "max": 7.11258029938,
        "mean": 0.868965148926,
        "median": 0.646018028259,
        "min": 0.0133546087891,
        "var": 0.641714990139
    },
    "zerocrossingrate": {
        "dmean": 0.00457194028422,
        "dmean2": 0.00617402698845,
        "dvar": 1.19617825476e-05,
        "dvar2": 2.38527281908e-05,
        "max": 0.076171875,
        "mean": 0.0431978590786,
        "median": 0.04345703125,
        "min": 0.01171875,
        "var": 7.30210449547e-05
    },
    "barkbands": {
        "dmean": [7.55762375775e-05, 0.00365512282588, 0.00462638400495, 0.00250205374323, 0.0039725350216, 0.000980971497484, 0.00354349892586, 0.000538146472536, 0.000590127659962, 0.000131142282044, 0.000143224111525, 6.07973961451e-05, 8.30608332762e-05, 0.00108085130341, 0.000323282147292, 0.0007063941448, 0.000904866144992, 0.000239528118982, 9.07881185412e-05, 2.6469137083e-05, 1.75085642695e-05, 9.87323710433e-06, 6.26995688435e-06, 1.89954516827e-06, 1.33227320021e-06, 6.31318130218e-07, 1.71890647493e-07],
        "dmean2": [0.00012290556333, 0.00622566556558, 0.00816914532334, 0.00462129246444, 0.0070840655826, 0.00160289183259, 0.00603817077354, 0.000925676955376, 0.00104039045982, 0.000228025455726, 0.000243115457124, 0.000103512647911, 0.00014336653112, 0.00181441847235, 0.000556648767088, 0.0012069765944, 0.00154790841043, 0.000413669098634, 0.000153255139594, 4.45846708317e-05, 2.93946141028e-05, 1.69977447513e-05, 1.15200382425e-05, 3.30576222041e-06, 2.36665960074e-06, 1.05989158783e-06, 2.90931808422e-07],
        "dvar": [1.14283489339e-08, 1.4053905943e-05, 2.3496157155e-05, 1.25372953335e-05, 1.89657639567e-05, 1.10363316708e-06, 9.60309171205e-06, 3.94515126345e-07, 3.60001848776e-07, 3.13464596502e-08, 2.68419526606e-08, 1.36650095683e-08, 1.46707259674e-08, 2.36929986386e-06, 1.68279370882e-07, 7.03707314642e-07, 9.06863704131e-07, 4.79995421188e-08, 1.7346623693e-08, 5.81349468565e-10, 2.23966456492e-10, 1.81558851287e-10, 3.2232088526e-11, 9.77937245072e-11, 6.26517032698e-11, 7.37138648732e-12, 1.90225751275e-13],
        "dvar2": [2.26628351641e-08, 4.05430728279e-05, 7.25925929146e-05, 4.16175353166e-05, 6.05719214946e-05, 2.78875540971e-06, 2.54841925198e-05, 1.09796792458e-06, 1.04491493857e-06, 8.50377048778e-08, 6.09074959357e-08, 3.43084280985e-08, 4.25775183999e-08, 5.47240642845e-06, 4.661303592e-07, 1.86163413218e-06, 2.57520969171e-06, 1.34731990897e-07, 4.12393887927e-08, 1.63350144522e-09, 6.50068721075e-10, 4.33958230461e-10, 9.40257108284e-11, 2.85294760038e-10, 1.78947190399e-10, 2.12276567851e-11, 5.46941073161e-13],
        "max": [0.0017369419802, 0.0325325019658, 0.043005399406, 0.0364611446857, 0.0378649868071, 0.0156658701599, 0.0301081668586, 0.0075058368966, 0.00565345399082, 0.0017944755964, 0.00285191694275, 0.00176162039861, 0.00174710317515, 0.0275162830949, 0.00494236173108, 0.0119999740273, 0.0100973378867, 0.00218914239667, 0.00279245362617, 0.000206773969694, 0.000154679830302, 0.000273864046903, 6.13092706772e-05, 0.000181484545465, 0.000146333084558, 5.15009560331e-05, 8.20224522613e-06],
        "mean": [0.000106391416921, 0.00495663098991, 0.00668414868414, 0.00290274224244, 0.00611053965986, 0.002145644743, 0.0109153781086, 0.000881821557414, 0.00102872611023, 0.000213707389776, 0.000295921927318, 0.000106992665678, 0.00014694595302, 0.00201001320966, 0.000645047752187, 0.00148535124026, 0.00226232944988, 0.000645954161882, 0.000215901265619, 8.03219591035e-05, 6.40820871922e-05, 2.8904136343e-05, 1.7220439986e-05, 4.89866852149e-06, 2.59747366727e-06, 2.35414427152e-06, 6.81836979766e-07],
        "median": [6.53503739159e-05, 0.00390866491944, 0.00379562005401, 0.00178337958641, 0.00470793107525, 0.00181496469304, 0.00976833049208, 0.000638719066046, 0.000828358170111, 0.000164186261827, 0.000233416169067, 6.99608281138e-05, 0.000121956807561, 0.00153108511586, 0.000550963915884, 0.00128091790248, 0.00204462232068, 0.000599080522079, 0.000191650993656, 7.6168034866e-05, 6.23820669716e-05, 2.69053598458e-05, 1.63621480169e-05, 4.21351751356e-06, 1.96753467208e-06, 2.20399647333e-06, 6.65360971652e-07],
        "min": [2.04767093237e-06, 9.34535491979e-05, 3.54153125954e-05, 1.51999338414e-05, 5.21255860804e-05, 0.000151151951286, 0.000174147324287, 4.15623908339e-05, 6.17770128883e-05, 1.53284527187e-05, 1.44846399053e-05, 1.13367404992e-05, 1.16900991998e-05, 1.51288213601e-05, 1.77904166776e-05, 2.40940262302e-05, 1.08934418677e-05, 5.52354549654e-06, 6.39805102765e-06, 3.12903398481e-06, 5.42011957805e-06, 2.36185519498e-06, 2.045095016e-06, 1.06936681732e-06, 3.37161992547e-07, 2.96698374314e-07, 1.34242625904e-07],
        "var": [1.61597277781e-08, 1.5866726244e-05, 5.11536673002e-05, 1.26008508232e-05, 2.62641115114e-05, 2.42060241362e-06, 3.65014966519e-05, 6.63813068513e-07, 5.81724691529e-07, 3.77426694342e-08, 5.81422092694e-08, 2.13294519824e-08, 1.35733033702e-08, 5.72855560677e-06, 1.95108356138e-07, 9.94557467493e-07, 1.33618095788e-06, 9.52666781018e-08, 2.43634694641e-08, 9.83588210879e-10, 5.06048924986e-10, 2.62766225445e-10, 5.99071070528e-11, 5.9020177634e-11, 3.98022552417e-11, 4.8488661003e-12, 1.47917065423e-13]
    },
    "erbbands": {
        "dmean": [0.076828584075, 0.965664863586, 4.45028591156, 6.68985128403, 13.05235672, 14.5688638687, 5.07330942154, 10.5253381729, 46.6639404297, 36.7205047607, 12.5845718384, 12.6506567001, 9.51573181152, 5.02676868439, 3.19993066788, 2.35357189178, 4.34061431885, 24.2062206268, 51.1446533203, 20.8106136322, 44.02003479, 40.4956512451, 14.6032743454, 9.93985366821, 2.01765918732, 1.1129103899, 0.762750089169, 0.785639286041, 0.437181442976, 0.169695034623, 0.200164973736, 0.0425985604525, 0.0307752676308, 0.0160591639578, 0.0101435761899, 0.00396936526522, 0.00103699183092, 0.000285506335786, 2.00338890863e-05, 1.25087581182e-05],
        "dmean2": [0.131358519197, 1.63899743557, 7.7382941246, 12.2806215286, 23.6565132141, 26.2977981567, 8.62190723419, 17.4440345764, 80.4539260864, 63.7354621887, 21.9808673859, 21.9426937103, 16.7011814117, 8.63419818878, 5.3542432785, 4.01973772049, 7.46804904938, 40.103099823, 86.8130111694, 36.04945755, 74.5698623657, 69.5763549805, 24.4347934723, 16.6008720398, 3.41492629051, 1.87764167786, 1.28700602055, 1.32874143124, 0.763133585453, 0.309303760529, 0.362679064274, 0.0718329772353, 0.0554366596043, 0.0289005953819, 0.0177902542055, 0.00665725907311, 0.0017690443201, 0.000488945282996, 3.49416332028e-05, 2.15844956983e-05],
        "dvar": [0.00644707726315, 0.931374013424, 18.5193939209, 60.7052650452, 281.13684082, 215.358810425, 20.3848705292, 129.767532349, 1680.25537109, 1216.46362305, 187.615432739, 185.56098938, 116.005401611, 40.5331726074, 13.5459051132, 22.2555847168, 49.0767822266, 1658.70556641, 4551.97119141, 760.76373291, 2140.91821289, 2590.09521484, 178.476959229, 136.801712036, 3.06205534935, 1.01090252399, 0.464917093515, 0.479387611151, 0.36305591464, 0.0253379959613, 0.0361254736781, 0.00410907808691, 0.060112927109, 0.0123267918825, 0.00316620897502, 0.000180569899385, 2.62403555098e-05, 4.92914807637e-07, 9.35970057014e-09, 1.02515544664e-10],
        "dvar2": [0.0176415890455, 2.68529033661, 51.2973518372, 204.27684021, 920.89855957, 624.372314453, 53.1940231323, 347.969329834, 4622.67333984, 3383.54394531, 499.487579346, 542.925842285, 352.082305908, 94.9387359619, 29.5899620056, 57.6325569153, 139.66468811, 3637.57421875, 11800.7070312, 1988.4486084, 5987.46923828, 7209.51855469, 490.475524902, 326.687072754, 8.60704040527, 2.68742156029, 1.28550195694, 1.38102269173, 0.882915496826, 0.0743504092097, 0.105184994638, 0.0114270700142, 0.175351843238, 0.0356759913266, 0.00893276371062, 0.0005156226689, 7.58232781664e-05, 1.41019199873e-06, 2.68888609156e-08, 2.83290474412e-10],
        "max": [0.592742025852, 8.46848297119, 42.0989494324, 62.5664787292, 181.759277344, 112.661598206, 52.3106536865, 155.0415802, 427.440155029, 300.153839111, 186.45614624, 147.826782227, 110.741233826, 115.355232239, 71.1422042847, 77.0655288696, 118.996765137, 693.366943359, 1035.11108398, 376.908843994, 578.237182617, 630.408447266, 158.766204834, 223.874252319, 22.8716754913, 8.54216384888, 8.0544757843, 6.46360301971, 12.2153015137, 1.90065264702, 1.92915701866, 1.01004159451, 4.4819893837, 2.02384901047, 1.06999468803, 0.257678389549, 0.0959901213646, 0.0132156610489, 0.00184361927677, 0.000107453030068],
        "mean": [0.100509531796, 1.34514200687, 7.02249765396, 8.75249767303, 19.0070362091, 20.43800354, 10.6777276993, 26.1307277679, 147.252822876, 82.3996276855, 22.8663597107, 22.620016098, 15.7963342667, 9.30856323242, 7.7795124054, 4.7423043251, 8.48885250092, 45.9172782898, 99.323677063, 45.5973625183, 105.507087708, 106.946594238, 42.1361808777, 25.0899066925, 5.8533654213, 3.56396150589, 2.73686385155, 2.61934137344, 1.27901887894, 0.488968640566, 0.536714732647, 0.154082357883, 0.0625167787075, 0.0256497468799, 0.0210645757616, 0.0148478709161, 0.00293332710862, 0.000576785358135, 9.26953944145e-05, 6.16269608145e-05],
        "median": [0.0751578733325, 1.02791821957, 4.44198274612, 6.12712812424, 13.0080575943, 15.7028522491, 9.45328426361, 22.3056755066, 136.375900269, 67.277053833, 17.4557380676, 17.4426574707, 11.7132730484, 7.68220710754, 6.34585285187, 3.36808490753, 6.90451002121, 33.8243141174, 80.0148773193, 38.3151817322, 93.1754150391, 99.9722747803, 39.2155952454, 22.9156036377, 5.56406164169, 3.42017602921, 2.68301272392, 2.53247737885, 1.18392825127, 0.471051126719, 0.503821372986, 0.145124152303, 0.0485235787928, 0.0172771513462, 0.0167380720377, 0.0138667831197, 0.00265703792684, 0.000514233252034, 9.04985354282e-05, 6.10575007158e-05],
        "min": [0.00183995394036, 0.0185503903776, 0.0420516952872, 0.0488965623081, 0.0685794875026, 0.194524556398, 0.59863525629, 1.45533525944, 2.42190265656, 2.69862675667, 2.29596590996, 1.62740635872, 1.26476860046, 0.576208055019, 0.683032631874, 0.7125633955, 0.885064780712, 0.762689054012, 1.20398628712, 0.731070756912, 1.43825244904, 0.450745433569, 0.267069876194, 0.357826471329, 0.271585017443, 0.137445569038, 0.128923162818, 0.258738428354, 0.0973068848252, 0.0586942136288, 0.0654700249434, 0.0328002274036, 0.00962824374437, 0.00262502743863, 0.0028163571842, 0.00205606967211, 0.000208378784009, 3.71250644093e-05, 3.27591296809e-05, 2.42392670771e-05],
        "var": [0.00798128731549, 1.16840171814, 51.8959655762, 61.9744949341, 434.834350586, 282.539001465, 38.4148139954, 265.466217041, 6253.4140625, 3119.24536133, 370.053100586, 298.796081543, 161.453048706, 60.319278717, 36.9461975098, 30.6785621643, 50.5007591248, 3463.98120117, 8816.23242188, 910.857727051, 3291.95410156, 3062.61181641, 382.915893555, 234.046401978, 5.71908569336, 1.84798932076, 0.897458195686, 1.06539916992, 0.497395843267, 0.0436503812671, 0.0628316029906, 0.00553600583225, 0.0342312529683, 0.00746437814087, 0.00207143928856, 0.000133063978865, 1.5934363546e-05, 3.59407977157e-07, 5.68571811854e-09, 1.78271925e-10]
    },
    "gfcc": {
        "mean": [22.1358127594, 136.276229858, -133.388885498, 38.2974395752, -33.4425544739, -17.0151138306, -47.4842910767, 5.14825296402, 1.20926046371, 3.39961051941, -21.0533313751, -0.968742787838, -14.3681917191],
        "cov": [[211.594848633, -22.6180858612, -34.1934700012, -0.511669099331, -5.40817403793, 8.60442829132, -7.11011791229, 16.0600566864, 5.02535581589, 8.768242836, 4.26433420181, 11.3998346329, -1.00749850273], [-22.6180858612, 89.2855682373, 19.8302841187, 8.44524288177, 19.8638706207, -1.20718157291, 19.0221786499, -8.97527122498, 4.84005117416, -11.5467281342, -2.47663164139, -14.0390930176, 4.56496429443], [-34.1934700012, 19.8302841187, 92.679397583, 31.1015071869, 10.424656868, 7.48600482941, 0.571034252644, 13.864274025, 2.43001532555, 1.29966247082, -4.81203937531, -5.06642723083, -11.9021167755], [-0.511669099331, 8.44524288177, 31.1015071869, 51.1005821228, 31.1032943726, 6.59885215759, -0.331701010466, 0.202364549041, 4.47747564316, -1.46982336044, -2.9071161747, -0.655748486519, -4.21480369568], [-5.40817403793, 19.8638706207, 10.424656868, 31.1032943726, 53.1415061951, 20.7669296265, 4.29131555557, -7.54638910294, 2.40804457664, 1.61435484886, 0.892345368862, -3.13894295692, -1.21714603901], [8.60442829132, -1.20718157291, 7.48600482941, 6.59885215759, 20.7669296265, 37.067905426, 10.1007709503, 6.1657781601, 3.2295691967, 6.10323381424, 5.419713974, -1.95860862732, -1.04635727406], [-7.11011791229, 19.0221786499, 0.571034252644, -0.331701010466, 4.29131555557, 10.1007709503, 38.4884376526, 18.9297370911, 10.8143844604, 4.11093521118, 5.68014431, 6.27399396896, 6.79306173325], [16.0600566864, -8.97527122498, 13.864274025, 0.202364549041, -7.54638910294, 6.1657781601, 18.9297370911, 43.4335174561, 19.5464191437, 11.4768095016, 8.07362270355, 7.12958717346, 2.00592803955], [5.02535581589, 4.84005117416, 2.43001532555, 4.47747564316, 2.40804457664, 3.2295691967, 10.8143844604, 19.5464191437, 30.3073043823, 16.655128479, 7.98550844193, 3.69372963905, -0.775989770889], [8.768242836, -11.5467281342, 1.29966247082, -1.46982336044, 1.61435484886, 6.10323381424, 4.11093521118, 11.4768095016, 16.655128479, 30.619638443, 18.5047168732, 7.78832292557, -1.72017681599], [4.26433420181, -2.47663164139, -4.81203937531, -2.9071161747, 0.892345368862, 5.419713974, 5.68014431, 8.07362270355, 7.98550844193, 18.5047168732, 28.3001041412, 13.9212255478, 4.88708496094], [11.3998346329, -14.0390930176, -5.06642723083, -0.655748486519, -3.13894295692, -1.95860862732, 6.27399396896, 7.12958717346, 3.69372963905, 7.78832292557, 13.9212255478, 30.9258823395, 11.9113407135], [-1.00749850273, 4.56496429443, -11.9021167755, -4.21480369568, -1.21714603901, -1.04635727406, 6.79306173325, 2.00592803955, -0.775989770889, -1.72017681599, 4.88708496094, 11.9113407135, 25.7608642578]],
        "icov": [[0.00693107862025, -0.00492121931165, 0.00697912275791, -0.00515695894137, 0.00415081670508, -0.00579082919285, 0.00742359273136, -0.00866504665464, 0.00571030098945, -0.00609044078737, 0.0060846041888, -0.00658116256818, 0.00385598116554], [-0.00492121931165, 0.0344819910824, -0.0186517164111, 0.0145936002955, -0.0177329033613, 0.0185910351574, -0.0272279717028, 0.0259339995682, -0.0256423428655, 0.028591716662, -0.024676118046, 0.0258475597948, -0.0135882170871], [0.00697912275791, -0.0186517164111, 0.0294360797852, -0.0217575542629, 0.014159405604, -0.014553213492, 0.017834758386, -0.0247147325426, 0.0211766324937, -0.0202036071569, 0.0181267559528, -0.0149546880275, 0.0136826056987], [-0.00515695894137, 0.0145936002955, -0.0217575542629, 0.0509651862085, -0.0351573377848, 0.0172287877649, -0.00903407484293, 0.0117207607254, -0.020411349833, 0.0213498584926, -0.0106336446479, 0.00607389491051, -0.00397377507761], [0.00415081670508, -0.0177329033613, 0.014159405604, -0.0351573377848, 0.054462082684, -0.0313080251217, 0.0095177134499, -0.000386406929465, 0.0100661898032, -0.017974562943, 0.0122647024691, -0.0101967137307, 0.00440734392032], [-0.00579082919285, 0.0185910351574, -0.014553213492, 0.0172287877649, -0.0313080251217, 0.0538365468383, -0.0231085103005, 0.0085069919005, -0.00761675601825, 0.011282145977, -0.0197440944612, 0.021074835211, -0.00676229316741], [0.00742359273136, -0.0272279717028, 0.017834758386, -0.00903407484293, 0.0095177134499, -0.0231085103005, 0.0622689910233, -0.0379528775811, 0.013980104588, -0.0160536877811, 0.0189682617784, -0.0249127857387, 0.00519335176796], [-0.00866504665464, 0.0259339995682, -0.0247147325426, 0.0117207607254, -0.000386406929465, 0.0085069919005, -0.0379528775811, 0.0705075860023, -0.0448300503194, 0.0238497648388, -0.0230099856853, 0.0179295744747, -0.0132734663785], [0.00571030098945, -0.0256423428655, 0.0211766324937, -0.020411349833, 0.0100661898032, -0.00761675601825, 0.013980104588, -0.0448300503194, 0.0876621082425, -0.0570400245488, 0.0278547760099, -0.0159831289202, 0.0121201118454], [-0.00609044078737, 0.028591716662, -0.0202036071569, 0.0213498584926, -0.017974562943, 0.011282145977, -0.0160536877811, 0.0238497648388, -0.0570400245488, 0.103869311512, -0.0638947114348, 0.0185942202806, -0.000419565069024], [0.0060846041888, -0.024676118046, 0.0181267559528, -0.0106336446479, 0.0122647024691, -0.0197440944612, 0.0189682617784, -0.0230099856853, 0.0278547760099, -0.0638947114348, 0.0933546721935, -0.0406089536846, 0.00545229949057], [-0.00658116256818, 0.0258475597948, -0.0149546880275, 0.00607389491051, -0.0101967137307, 0.021074835211, -0.0249127857387, 0.0179295744747, -0.0159831289202, 0.0185942202806, -0.0406089536846, 0.0725695565343, -0.0302965380251], [0.00385598116554, -0.0135882170871, 0.0136826056987, -0.00397377507761, 0.00440734392032, -0.00676229316741, 0.00519335176796, -0.0132734663785, 0.0121201118454, -0.000419565069024, 0.00545229949057, -0.0302965380251, 0.059957742691]]
    },
    "melbands": {
        "dmean": [0.000827428651974, 0.00188397488091, 0.00127874070313, 0.00105282571167, 0.000208045603358, 0.000238296488533, 0.000712205655873, 0.000328036578139, 9.74540598691e-05, 8.77627680893e-05, 4.79713671666e-05, 1.94248459593e-05, 1.56294736371e-05, 4.48816490461e-06, 1.11086910692e-05, 6.60687464915e-06, 5.67570750718e-05, 0.000110493761895, 2.08467936318e-05, 4.41877673438e-05, 6.05490240559e-05, 5.19495006301e-05, 2.49944587267e-05, 1.13420765047e-05, 8.73010685609e-06, 1.96140422304e-06, 9.76291516963e-07, 8.52374341775e-07, 5.95379447077e-07, 4.82915652356e-07, 4.80219625842e-07, 3.25685533653e-07, 1.0721904431e-07, 9.95773561385e-08, 1.48350338236e-07, 4.58034712381e-08, 2.35072583621e-08, 2.08938804036e-08, 1.91052560439e-08, 1.48348728857e-08],
        "dmean2": [0.00140831165481, 0.00324738235213, 0.00234538596123, 0.00188784208149, 0.000359436729923, 0.000395508715883, 0.00121230864897, 0.000569597585127, 0.00016976101324, 0.000153043438331, 8.44748719828e-05, 3.3365424315e-05, 2.64658065134e-05, 7.60834882385e-06, 1.89088023035e-05, 1.14434878924e-05, 9.41213074839e-05, 0.000187309458852, 3.54266485374e-05, 7.72078565205e-05, 0.000104050566733, 8.85894260136e-05, 4.23989513365e-05, 1.96904838958e-05, 1.45947124111e-05, 3.43279043591e-06, 1.66733866536e-06, 1.46518186739e-06, 1.01263913166e-06, 8.1115501871e-07, 8.25978361263e-07, 5.67134293306e-07, 1.87634782378e-07, 1.81066937444e-07, 2.71537572871e-07, 7.96588324192e-08, 4.02971700453e-08, 3.71687889356e-08, 3.45442714433e-08, 2.69347388837e-08],
        "dvar": [7.61772582791e-07, 2.92690401693e-06, 1.97083522835e-06, 1.31750505261e-06, 3.24474456193e-08, 5.76260390517e-08, 3.80983181003e-07, 9.78735954504e-08, 1.14293863263e-08, 9.11439723694e-09, 2.99770430701e-09, 6.16612094717e-10, 2.89678725451e-10, 3.77019249154e-11, 5.50285816914e-10, 7.03761493526e-11, 9.46712308547e-09, 2.23040910186e-08, 7.03723246342e-10, 3.02364155935e-09, 3.91083521123e-09, 3.54491280774e-09, 7.33142990761e-10, 1.0915750942e-10, 1.17946319378e-10, 3.22194896631e-12, 7.21224349774e-13, 5.76539196159e-13, 2.99305149892e-13, 1.85316632916e-13, 1.88271544622e-13, 2.62954344714e-13, 2.05418822008e-14, 7.54856196132e-15, 2.14308517492e-14, 2.184672248e-15, 1.60808199185e-15, 1.89825843304e-14, 2.36584670854e-14, 1.03488740608e-14],
        "dvar2": [2.14257579501e-06, 8.17667114461e-06, 6.59071110931e-06, 4.14969645135e-06, 8.30375270766e-08, 1.57852113603e-07, 1.02027365756e-06, 2.74738738426e-07, 3.05469072259e-08, 2.72084594855e-08, 9.09032049634e-09, 1.46261269762e-09, 6.56181442515e-10, 8.8257547104e-11, 1.48087331286e-09, 2.04910019508e-10, 2.0976278492e-08, 5.69070977008e-08, 1.92045002123e-09, 8.0609261488e-09, 1.09422639838e-08, 9.96959226285e-09, 2.0571027104e-09, 3.21291826477e-10, 2.75078987366e-10, 9.21593010239e-12, 2.0035308048e-12, 1.51182679656e-12, 8.71023359775e-13, 5.00213260569e-13, 5.35389874795e-13, 6.55572655623e-13, 5.80362445384e-14, 2.32228160177e-14, 6.27815060681e-14, 6.32028117857e-15, 4.45489270609e-15, 5.50789374233e-14, 6.88544815781e-14, 3.0054514514e-14],
        "max": [0.00696287024766, 0.0156235573813, 0.0122431945056, 0.00971970893443, 0.00162302493118, 0.00332099362276, 0.00637208577245, 0.00254144961946, 0.00136663310695, 0.000964008155279, 0.000557659193873, 0.000440770789282, 0.000283249421045, 9.79212927632e-05, 0.000381361023756, 0.000116892973892, 0.00167319492903, 0.00236196396872, 0.000304109678837, 0.000706485880073, 0.000772075494751, 0.000706034014001, 0.000302515429212, 0.000112596950203, 0.000212050479604, 1.79879825737e-05, 6.21908839094e-06, 6.0671486608e-06, 5.94355014982e-06, 4.36331720266e-06, 3.95884626414e-06, 1.04555501821e-05, 2.1690345875e-06, 8.43016607632e-07, 1.51086135247e-06, 5.86722478602e-07, 6.14145278632e-07, 2.51873188972e-06, 2.81573238681e-06, 1.82372241397e-06],
        "mean": [0.00113543658517, 0.00304904277436, 0.00185289676301, 0.00156245206017, 0.000441505777417, 0.000580602500122, 0.00225525302812, 0.000679268094245, 0.000160076306202, 0.000149633691763, 7.62380877859e-05, 3.41955819749e-05, 3.55585070793e-05, 8.95974153536e-06, 1.93947143998e-05, 1.15999800983e-05, 0.000101695259218, 0.000205508229556, 4.26945589425e-05, 8.37673069327e-05, 0.00013771605154, 0.000128367624711, 5.60731568839e-05, 2.83767658402e-05, 2.0204919565e-05, 4.83446319777e-06, 2.57561032413e-06, 2.39138103098e-06, 1.77676042767e-06, 1.60091474299e-06, 1.46381421473e-06, 8.47750413868e-07, 2.9226936249e-07, 2.61717389094e-07, 3.52744280008e-07, 1.64335830277e-07, 6.96285766821e-08, 4.33829576707e-08, 3.19471560317e-08, 1.82328872e-08],
        "median": [0.000900595798157, 0.00221338775009, 0.00146076618694, 0.00114741513971, 0.000403727754019, 0.000486841192469, 0.00206326250918, 0.000576539838221, 0.000116506394988, 0.000114473215945, 5.56039667572e-05, 2.83714598481e-05, 2.76131922874e-05, 7.03637124388e-06, 1.36913204187e-05, 9.62334070209e-06, 7.32114131097e-05, 0.000164834767929, 3.65168198186e-05, 6.81838209857e-05, 0.000120193268231, 0.000117706840683, 4.92272738484e-05, 2.55231789197e-05, 1.79936178029e-05, 4.49775552624e-06, 2.42190390054e-06, 2.29426700571e-06, 1.6943782839e-06, 1.55452789841e-06, 1.41699183587e-06, 7.70944097894e-07, 2.71221495041e-07, 2.41338995011e-07, 3.27038264913e-07, 1.50127917209e-07, 6.45745998895e-08, 3.49116469067e-08, 2.25176002289e-08, 1.05598152444e-08],
        "min": [2.23302577069e-05, 2.34688104683e-05, 8.90193132363e-06, 8.45134127303e-06, 1.87930618267e-05, 3.26710105583e-05, 3.6797591747e-05, 2.22481503442e-05, 1.33642824949e-05, 7.675013876e-06, 4.81347797177e-06, 2.13855219044e-06, 2.07758102988e-06, 1.50990638303e-06, 1.72906163698e-06, 1.1327657603e-06, 1.44279044889e-06, 2.00665499506e-06, 9.72613065642e-07, 1.09656059522e-06, 1.97217195819e-06, 5.65286768506e-07, 1.58233859793e-07, 3.16122367394e-07, 2.88431948547e-07, 2.15302364381e-07, 1.61868257464e-07, 7.15931989248e-08, 6.649869988e-08, 1.02098582033e-07, 1.64861205576e-07, 5.47658380867e-08, 3.64222856319e-08, 2.74756661867e-08, 3.54316078699e-08, 2.12951132283e-08, 1.42838239015e-08, 6.24413720729e-09, 3.29247451525e-09, 1.25224730585e-09],
        "var": [8.5836126118e-07, 7.596735486e-06, 2.38755069404e-06, 1.86001307156e-06, 5.82429251494e-08, 1.35864056006e-07, 1.446184001e-06, 2.34112548014e-07, 2.2083561646e-08, 1.37940894263e-08, 4.01305211284e-09, 8.79065098491e-10, 7.78668907131e-10, 6.60901264271e-11, 6.31996621703e-10, 7.22387150098e-11, 1.98898941761e-08, 4.548602206e-08, 8.26336943316e-10, 3.71088448858e-09, 5.85854209589e-09, 4.50049641998e-09, 1.04830044645e-09, 2.03126668263e-10, 1.91956700535e-10, 4.7575281388e-12, 1.18418870629e-12, 9.87819418277e-13, 4.99184461128e-13, 3.78205550645e-13, 3.68788902411e-13, 3.07235899048e-13, 2.41319635851e-14, 1.4317077729e-14, 3.14284764934e-14, 5.18458279103e-15, 1.71901789695e-15, 1.10343600373e-14, 1.3655334933e-14, 6.26980140305e-15]
    },
    "mfcc": {
        "mean": [-618.821166992, 164.394592285, -32.2988815308, 51.4328727722, 17.6975460052, -1.37724661827, -32.154548645, 2.08085370064, 4.22540473938, 5.11350297928, 0.890819966793, 5.75203371048, -6.49296236038],
        "cov": [[246.245056152, -33.5881996155, -43.3294029236, -19.8825511932, -7.5005273819, -12.4457607269, -6.69049787521, 1.7790967226, 1.74364626408, -2.37899422646, 7.53936100006, 4.64124107361, 4.56804990768], [-33.5881996155, 79.747177124, 7.80771589279, 8.37311172485, -4.06102657318, 7.93366956711, 7.03542804718, 4.37319517136, 6.92175388336, 5.8330783844, -5.70216560364, 1.73355877399, -4.38513898849], [-43.3294029236, 7.80771589279, 76.5653915405, 15.408115387, 13.1224336624, -6.05516290665, 4.94207382202, 4.55470895767, 8.1163187027, 1.73903298378, 6.59949541092, 5.20113277435, 12.0155467987], [-19.8825511932, 8.37311172485, 15.408115387, 53.470664978, 19.8684310913, 10.9493770599, -2.18486118317, 7.63540458679, 2.13931846619, 1.10134112835, -1.19538760185, -0.200397014618, -2.84066295624], [-7.5005273819, -4.06102657318, 13.1224336624, 19.8684310913, 53.2121429443, 22.3422317505, 7.06774806976, -1.83848464489, 1.90127885342, -1.66249859333, 4.47075033188, -0.0813602730632, 1.0774782896], [-12.4457607269, 7.93366956711, -6.05516290665, 10.9493770599, 22.3422317505, 42.7330322266, 10.2939300537, 1.98450624943, -3.6362247467, 0.797205328941, -1.57922720909, -2.88529253006, -5.69776821136], [-6.69049787521, 7.03542804718, 4.94207382202, -2.18486118317, 7.06774806976, 10.2939300537, 31.3851928711, 7.74382400513, 5.42208623886, 0.0526728890836, 4.14705133438, 2.24692559242, 1.98030292988], [1.7790967226, 4.37319517136, 4.55470895767, 7.63540458679, -1.83848464489, 1.98450624943, 7.74382400513, 28.787311554, 11.904759407, 4.2077960968, -0.369438111782, 2.79843258858, 2.0458946228], [1.74364626408, 6.92175388336, 8.1163187027, 2.13931846619, 1.90127885342, -3.6362247467, 5.42208623886, 11.904759407, 28.2973442078, 10.7886009216, 3.16116952896, 2.57287073135, 4.83777999878], [-2.37899422646, 5.8330783844, 1.73903298378, 1.10134112835, -1.66249859333, 0.797205328941, 0.0526728890836, 4.2077960968, 10.7886009216, 26.306394577, 11.9594087601, 3.83123493195, -1.25130152702], [7.53936100006, -5.70216560364, 6.59949541092, -1.19538760185, 4.47075033188, -1.57922720909, 4.14705133438, -0.369438111782, 3.16116952896, 11.9594087601, 31.4890727997, 14.3378925323, 7.59604406357], [4.64124107361, 1.73355877399, 5.20113277435, -0.200397014618, -0.0813602730632, -2.88529253006, 2.24692559242, 2.79843258858, 2.57287073135, 3.83123493195, 14.3378925323, 28.996963501, 17.6202907562], [4.56804990768, -4.38513898849, 12.0155467987, -2.84066295624, 1.0774782896, -5.69776821136, 1.98030292988, 2.0458946228, 4.83777999878, -1.25130152702, 7.59604406357, 17.6202907562, 32.6457862854]],
