{
"lowlevel": {
    "average_loudness": 0.988141894341,
    "barkbands_crest": {
        "dmean": 3.02496743202,
        "dmean2": 4.51457071304,
        "dvar": 5.15984630585,
        "dvar2": 12.5386962891,
        "max": 21.8623428345,
        "mean": 12.6460485458,
        "median": 11.776140213,
        "min": 5.10941457748,
        "var": 13.3564376831
    },
    "barkbands_flatness_db": {
        "dmean": 0.0217350479215,
        "dmean2": 0.0326516889036,
        "dvar": 0.000261513458099,
        "dvar2": 0.000504313153215,
        "max": 0.308570563793,
        "mean": 0.250137209892,
        "median": 0.249208763242,
        "min": 0.14822858572,
        "var": 0.000885947607458
    },
    "barkbands_kurtosis": {
        "dmean": 3.44080424309,
        "dmean2": 5.34203243256,
        "dvar": 8.71050643921,
        "dvar2": 22.1969203949,
        "max": 20.003484726,
        "mean": 5.4343457222,
        "median": 4.24146080017,
        "min": -0.815124511719,
        "var": 23.3467788696
    },
    "barkbands_skewness": {
        "dmean": 0.5962048769,
        "dmean2": 0.933867752552,
        "dvar": 0.185854136944,
        "dvar2": 0.463834106922,
        "max": 4.14908123016,
        "mean": 2.18407821655,
        "median": 2.19144058228,
        "min": 0.55526971817,
        "var": 0.725482702255
    },
    "barkbands_spread": {
        "dmean": 3.83386898041,
        "dmean2": 5.77309846878,
        "dvar": 9.7910861969,
        "dvar2": 22.6336612701,
        "max": 24.1957092285,
        "mean": 11.7901716232,
        "median": 10.987030983,
        "min": 4.82922506332,
        "var": 22.8311080933
    },
    "dissonance": {
        "dmean": 0.0199057850987,
        "dmean2": 0.0337183065712,
        "dvar": 0.000368229666492,
        "dvar2": 0.000857817474753,
        "max": 0.496978402138,
        "mean": 0.461091399193,
        "median": 0.465007841587,
        "min": 0.345230311155,
        "var": 0.000512575847097
    },
    "dynamic_complexity": 1.19638609886,
    "erbbands_crest": {
        "dmean": 2.2124607563,
        "dmean2": 3.41613721848,
        "dvar": 3.19155955315,
        "dvar2": 8.09662342072,
        "max": 16.4713668823,
        "mean": 8.92788410187,
        "median": 8.4562625885,
        "min": 3.9137814045,
        "var": 7.0935883522
    },
    "erbbands_flatness_db": {
        "dmean": 0.0115305418149,
        "dmean2": 0.017743607983,
        "dvar": 0.000151980420924,
        "dvar2": 0.000201535847737,
        "max": 0.29312685132,
        "mean": 0.257920444012,
        "median": 0.262585878372,
        "min": 0.1090952456,
        "var": 0.000500235822983
    },
    "erbbands_kurtosis": {
        "dmean": 0.49196973443,
        "dmean2": 0.840075075626,
        "dvar": 0.344621688128,
        "dvar2": 0.827361047268,
        "max": 2.74401521683,
        "mean": -0.951132059097,
        "median": -1.17429256439,
        "min": -1.72748422623,
        "var": 0.448190480471
    },
    "erbbands_skewness": {
        "dmean": 0.356611162424,
        "dmean2": 0.5047544837,
        "dvar": 0.0972866863012,
        "dvar2": 0.23501907289,
        "max": 0.908490657806,
        "mean": -0.186950132251,
        "median": -0.185289993882,
        "min": -1.88152515888,
        "var": 0.193976506591
    },
    "erbbands_spread": {
        "dmean": 6.8786649704,
        "dmean2": 11.2913789749,
        "dvar": 22.8212547302,
        "dvar2": 63.3652992249,
        "max": 57.7617073059,
        "mean": 40.1064834595,
        "median": 41.5372505188,
        "min": 16.925485611,
        "var": 87.4840927124
    },
    "hfc": {
        "dmean": 3.6770029068,
        "dmean2": 5.5107088089,
        "dvar": 10.2413349152,
        "dvar2": 23.5227355957,
        "max": 32.3567085266,
        "mean": 16.9365940094,
        "median": 16.4552440643,
        "min": 0.43312010169,
        "var": 41.4009513855
    },
    "melbands_crest": {
        "dmean": 3.70638227463,
        "dmean2": 6.06956481934,
        "dvar": 8.55889511108,
        "dvar2": 22.4441070557,
        "max": 29.0220775604,
        "mean": 18.07771492,
        "median": 17.8167247772,
        "min": 10.4188690186,
        "var": 20.740737915
    },
    "melbands_flatness_db": {
        "dmean": 0.0246747564524,
        "dmean2": 0.0366181172431,
        "dvar": 0.000340539671015,
        "dvar2": 0.000780035974458,
        "max": 0.417962193489,
        "mean": 0.346067607403,
        "median": 0.345955967903,
        "min": 0.245847046375,
        "var": 0.0014250993263
    },
    "melbands_kurtosis": {
        "dmean": 9.10724258423,
        "dmean2": 14.559176445,
        "dvar": 68.1067352295,
        "dvar2": 188.913497925,
        "max": 61.7770843506,
        "mean": 18.9536762238,
        "median": 15.1640968323,
        "min": 0.946894407272,
        "var": 191.149856567
    },
    "melbands_skewness": {
        "dmean": 0.893251001835,
        "dmean2": 1.43346631527,
        "dvar": 0.4231582582,
        "dvar2": 1.15511405468,
        "max": 6.89571142197,
        "mean": 3.78204965591,
        "median": 3.70750236511,
        "min": 1.29081833363,
        "var": 1.82873046398
    },
    "melbands_spread": {
        "dmean": 4.06424427032,
        "dmean2": 6.56503343582,
        "dvar": 12.6677303314,
        "dvar2": 27.1972980499,
        "max": 25.9425601959,
        "mean": 11.1173944473,
        "median": 9.63868808746,
        "min": 3.10130548477,
        "var": 35.3456077576
    },
    "pitch_salience": {
        "dmean": 0.0830885395408,
        "dmean2": 0.129353940487,
        "dvar": 0.00417724438012,
        "dvar2": 0.00964267086238,
        "max": 0.769763767719,
        "mean": 0.425437510014,
        "median": 0.428892046213,
        "min": 0.189166471362,
        "var": 0.0100113395602
    },
    "silence_rate_20dB": {
        "dmean": 0,
        "dmean2": 0,
        "dvar": 0,
        "dvar2": 0,
        "max": 1,
        "mean": 1,
        "median": 1,
        "min": 1,
        "var": 0
    },
    "silence_rate_30dB": {
        "dmean": 0,
        "dmean2": 0,
        "dvar": 0,
        "dvar2": 0,
        "max": 1,
        "mean": 1,
        "median": 1,
        "min": 1,
        "var": 0
    },
    "silence_rate_60dB": {
        "dmean": 0,
        "dmean2": 0,
        "dvar": 0,
        "dvar2": 0,
        "max": 0,
        "mean": 0,
        "median": 0,
        "min": 0,
        "var": 0
    },
    "spectral_centroid": {
        "dmean": 188.125656128,
        "dmean2": 277.684051514,
        "dvar": 23419.96875,
        "dvar2": 56622.5507812,
        "max": 1367.19519043,
        "mean": 695.388427734,
        "median": 655.514099121,
        "min": 351.486816406,
        "var": 46900.7890625
    },
    "spectral_complexity": {
        "dmean": 2.94166660309,
        "dmean2": 4.37815141678,
        "dvar": 6.35493373871,
        "dvar2": 12.0838918686,
        "max": 27,
        "mean": 18.6115703583,
        "median": 19,
        "min": 1,
        "var": 16.5350780487
    },
    "spectral_decrease": {
        "dmean": 3.37620376101e-09,
        "dmean2": 5.10523223696e-09,
        "dvar": 5.38184344683e-18,
        "dvar2": 1.37357799218e-17,
        "max": -5.17863252281e-10,
        "mean": -1.19669918419e-08,
        "median": -1.18412923911e-08,
        "min": -2.05672634479e-08,
        "var": 1.1214759235e-17
    },
    "spectral_energy": {
        "dmean": 0.0129649247974,
        "dmean2": 0.019550871104,
        "dvar": 7.94924781076e-05,
        "dvar2": 0.000203987699933,
        "max": 0.0797011554241,
        "mean": 0.0467023253441,
        "median": 0.046201210469,
        "min": 0.00199382193387,
        "var": 0.000166961573996
    },
    "spectral_energyband_high": {
        "dmean": 6.59255510982e-06,
        "dmean2": 1.07068353827e-05,
        "dvar": 3.86023400745e-11,
        "dvar2": 8.5274821926e-11,
        "max": 6.03545122431e-05,
        "mean": 2.0682829927e-05,
        "median": 1.91803082998e-05,
        "min": 3.14636281473e-06,
        "var": 1.15420520364e-10
    },
    "spectral_energyband_low": {
        "dmean": 0.00677716126665,
        "dmean2": 0.0112991295755,
        "dvar": 5.49331089132e-05,
        "dvar2": 0.000150216757902,
        "max": 0.0520052798092,
        "mean": 0.0144310705364,
        "median": 0.00887391157448,
        "min": 0.000474717991892,
        "var": 0.000181194205652
    },
    "spectral_energyband_middle_high": {
        "dmean": 0.00183566077612,
        "dmean2": 0.00263053644449,
        "dvar": 2.96828216051e-06,
        "dvar2": 6.5571016421e-06,
        "max": 0.01871390827,
        "mean": 0.00631657568738,
        "median": 0.00523737212643,
        "min": 6.63272803649e-05,
        "var": 1.56298156071e-05
    },
    "spectral_energyband_middle_low": {
        "dmean": 0.0104500586167,
        "dmean2": 0.0147425560281,
        "dvar": 7.09944797563e-05,
        "dvar2": 0.000155004920089,
        "max": 0.0729740187526,
        "mean": 0.0272550806403,
        "median": 0.025262363255,
        "min": 0.000743737036828,
        "var": 0.0002763736411
    },
    "spectral_entropy": {
        "dmean": 0.159975364804,
        "dmean2": 0.22707477212,
        "dvar": 0.0213732961565,
        "dvar2": 0.0286072138697,
        "max": 8.27793884277,
        "mean": 6.86026716232,
        "median": 6.86837863922,
        "min": 6.34068918228,
        "var": 0.0456708967686
    },
    "spectral_flux": {
        "dmean": 0.0241609755903,
        "dmean2": 0.0408979319036,
        "dvar": 0.000384404731449,
        "dvar2": 0.000993859954178,
        "max": 0.195267409086,
        "mean": 0.0868521630764,
        "median": 0.0820046141744,
        "min": 0.0392479225993,
        "var": 0.000654680770822
    },
    "spectral_kurtosis": {
        "dmean": 6.67731285095,
        "dmean2": 11.9283857346,
        "dvar": 23.0426502228,
        "dvar2": 83.8219451904,
        "max": 24.1454792023,
        "mean": 9.77688217163,
        "median": 9.2823266983,
        "min": 1.84296131134,
        "var": 31.580871582
    },
    "spectral_rms": {
        "dmean": 0.000974857364781,
        "dmean2": 0.00147383252624,
        "dvar": 5.81045753734e-07,
        "dvar2": 1.29476723032e-06,
        "max": 0.00881800614297,
        "mean": 0.00667215045542,
        "median": 0.0067137433216,
        "min": 0.00139470142312,
        "var": 1.0456635664e-06
    },
    "spectral_rolloff": {
        "dmean": 235.968017578,
        "dmean2": 402.616668701,
        "dvar": 71123.6796875,
        "dvar2": 166133.859375,
        "max": 1722.65625,
        "mean": 567.515441895,
        "median": 581.396484375,
        "min": 129.19921875,
        "var": 143678.015625
    },
    "spectral_skewness": {
        "dmean": 0.552161157131,
        "dmean2": 0.97038513422,
        "dvar": 0.178904682398,
        "dvar2": 0.592266619205,
        "max": 3.98922467232,
        "mean": 1.66678524017,
        "median": 1.55557918549,
        "min": 0.735719144344,
        "var": 0.264849543571
    },
    "spectral_spread": {
        "dmean": 328024.78125,
        "dmean2": 393811,
        "dvar": 2.23193255117e+12,
        "dvar2": 1.03736908186e+12,
        "max": 23297182,
        "mean": 2103389.25,
        "median": 1868488.875,
        "min": 1601593,
        "var": 4.03923664896e+12
    },
    "spectral_strongpeak": {
        "dmean": 0.346635431051,
        "dmean2": 0.556916773319,
        "dvar": 0.121489010751,
        "dvar2": 0.26473480463,
        "max": 3.15163183212,
        "mean": 1.03849077225,
        "median": 0.938058257103,
        "min": 0.0244461055845,
        "var": 0.235118120909
    },
    "zerocrossingrate": {
        "dmean": 0.005126953125,
        "dmean2": 0.00616711517796,
        "dvar": 1.32958093673e-05,
        "dvar2": 2.31561152759e-05,
        "max": 0.04736328125,
        "mean": 0.0242122933269,
        "median": 0.02294921875,
        "min": 0.00244140625,
        "var": 6.82928221067e-05
    },
    "barkbands": {
        "dmean": [2.20914953388e-05, 0.00265868147835, 0.00462634395808, 0.00254183169454, 0.00946901924908, 0.000256898871157, 0.00013805423805, 0.000365447660442, 0.000597650941927, 0.000909825670533, 0.000182255796972, 0.00050846330123, 3.15108809446e-05, 0.000262670102529, 0.00025939711486, 0.000720543786883, 0.000322400126606, 8.20435161586e-05, 3.13706186716e-05, 7.3502237683e-06, 3.64859010915e-06, 1.55686279868e-06, 2.59389764778e-07, 6.33296011188e-08, 2.12708908265e-08, 1.69933311867e-08, 1.45474272628e-08],
        "dmean2": [3.38989557349e-05, 0.00419472390786, 0.00784445926547, 0.00409173453227, 0.0134163293988, 0.000446153921075, 0.000235396946664, 0.00061393447686, 0.00103901920374, 0.00130373018328, 0.000290456257062, 0.000799857720267, 5.37224914297e-05, 0.000440427334979, 0.000403986457968, 0.0011804116657, 0.00051603501197, 0.000138427567435, 4.86048447783e-05, 1.19618989629e-05, 5.63889943805e-06, 2.32649108511e-06, 4.80001290271e-07, 1.06784305842e-07, 3.33309913003e-08, 2.68119766389e-08, 2.2467935068e-08],
        "dvar": [1.23627319493e-09, 7.23882203602e-06, 2.49308686762e-05, 5.59993668503e-06, 5.65745285712e-05, 6.72029116799e-08, 2.32023342761e-08, 1.54162805188e-07, 3.96997307917e-07, 7.42653924135e-07, 4.64963854085e-08, 5.53173720164e-07, 1.17668264021e-09, 6.72493385423e-08, 8.39416074427e-08, 7.93001788679e-07, 1.33010317427e-07, 9.00220076261e-09, 8.35445823633e-10, 4.30622100478e-11, 1.01139331285e-11, 5.18395439422e-12, 8.15129146364e-14, 9.01841315249e-15, 6.25620398315e-15, 6.18016837657e-15, 6.57967781889e-15],
        "dvar2": [2.02439132124e-09, 1.79508788278e-05, 7.30915999156e-05, 1.33236471811e-05, 0.000128235362354, 1.79471086881e-07, 6.35012682437e-08, 4.19735584956e-07, 1.07506707536e-06, 1.27653413529e-06, 1.31973791895e-07, 1.31312651774e-06, 2.96015389978e-09, 1.77361201281e-07, 2.1853435328e-07, 2.04534785553e-06, 3.87214697639e-07, 2.2997836524e-08, 2.14846029856e-09, 1.02595418272e-10, 2.79810098702e-11, 1.34735096344e-11, 2.27369230214e-13, 1.67768461612e-14, 8.90614232347e-15, 8.76499868237e-15, 9.53691928896e-15],
        "max": [0.000351429131115, 0.0278219245374, 0.0271313935518, 0.0166676789522, 0.0604499652982, 0.00177247368265, 0.00119750911836, 0.00313621945679, 0.00438013020903, 0.00965571589768, 0.00144602055661, 0.00786638632417, 0.000279828906059, 0.00188771355897, 0.00214184867218, 0.00595765281469, 0.00285371835344, 0.000829943688586, 0.000193074418348, 5.13726445206e-05, 2.56692928815e-05, 2.63460842689e-05, 1.62846845342e-06, 8.77466163729e-07, 7.26026769371e-07, 6.90956255767e-07, 6.94258858402e-07],
        "mean": [3.92229630961e-05, 0.00715036736801, 0.00666122417897, 0.00493518542498, 0.0194906014949, 0.0003766088048, 0.000251087796642, 0.000444797391538, 0.00084473611787, 0.00220630946569, 0.00029627548065, 0.000944550673012, 5.66999588045e-05, 0.000462157797301, 0.000496919441503, 0.00109317433089, 0.000683699909132, 0.000164100943948, 7.45590805309e-05, 1.54558292706e-05, 1.06013067125e-05, 3.51235689777e-06, 2.97997758025e-07, 1.47864327005e-07, 5.11898896605e-08, 2.80759273608e-08, 3.35146452812e-08],
        "median": [2.75037600659e-05, 0.00406504934654, 0.00385385612026, 0.00426461594179, 0.0160292219371, 0.000287364091491, 0.000192985316971, 0.000286782713374, 0.000665223982651, 0.00136068742722, 0.000212045793887, 0.000509254226927, 3.98286865675e-05, 0.000353529991116, 0.000374713679776, 0.000706224527676, 0.000505178817548, 0.000115645125334, 6.1643862864e-05, 1.30872758746e-05, 9.64602986642e-06, 2.73984551313e-06, 2.04395803394e-07, 1.24893915654e-07, 3.53252787022e-08, 1.02633999077e-08, 1.92023090761e-08],
        "min": [3.89826169567e-07, 9.16730932659e-05, 7.53968124627e-05, 8.89488437679e-05, 0.000264313042862, 3.35689946951e-05, 2.32662223425e-05, 7.0533624239e-06, 3.45557891706e-05, 1.80053775694e-05, 1.43626220961e-05, 6.98123722032e-06, 1.26145630475e-06, 6.09971448284e-06, 3.80916708309e-06, 9.63367619988e-06, 3.40453789249e-06, 7.28767361124e-07, 5.30328406967e-06, 1.13093415166e-06, 9.65601088865e-07, 4.49384629064e-07, 4.55119035792e-08, 3.80667621869e-08, 1.06438005076e-08, 1.9168233667e-09, 5.60028245999e-09],
        "var": [2.06055372765e-09, 4.87469224026e-05, 4.73429718113e-05, 1.14502709039e-05, 0.000188011443242, 1.00581289075e-07, 4.17456398338e-08, 2.08160429338e-07, 4.77143544231e-07, 4.75667502542e-06, 8.4602511663e-08, 1.36890344038e-06, 2.17724194229e-09, 1.11359661048e-07, 1.54200634483e-07, 9.71458348431e-07, 3.3587116377e-07, 2.16457269886e-08, 2.01824978951e-09, 8.94402954477e-11, 3.24306241584e-11, 9.2297783999e-12, 7.5965519682e-14, 1.30618502871e-14, 8.89020539856e-15, 8.79034021408e-15, 9.33095052234e-15]
    },
    "erbbands": {
        "dmean": [0.0275461599231, 0.827383875847, 5.54314422607, 3.78501725197, 38.4800682068, 14.7887153625, 1.48418700695, 2.54385447502, 2.06579685211, 2.07335567474, 13.3529224396, 12.7483711243, 30.1681575775, 7.84695482254, 14.9045829773, 12.562256813, 1.63384866714, 7.55528879166, 20.7537117004, 19.8225364685, 34.90102005, 20.4270992279, 4.9948682785, 3.21134972572, 0.740042686462, 0.36307606101, 0.186016976833, 0.129001513124, 0.0402500554919, 0.0115692140535, 0.00722623011097, 0.00192003592383, 0.00083602569066, 0.000306559901219, 0.00014343233488, 7.72061248426e-05, 3.04375753331e-05, 8.98343841982e-06, 7.245132565e-06, 1.41529726534e-05],
        "dmean2": [0.0464335717261, 1.34277105331, 9.46015071869, 6.279109478, 54.4895591736, 22.9322872162, 2.34407019615, 4.4173874855, 3.67861652374, 3.37289166451, 23.2235622406, 22.4104919434, 44.5122909546, 11.2348890305, 23.1979045868, 19.7411384583, 2.71795868874, 12.229344368, 33.4057693481, 31.2918014526, 57.9538230896, 33.3563537598, 8.4560842514, 5.08100748062, 1.20023608208, 0.582505106926, 0.293732345104, 0.193283751607, 0.0616490095854, 0.0198884587735, 0.0132262520492, 0.00337589741684, 0.00134378951043, 0.000482862233184, 0.000230667239521, 0.000121219047287, 4.75240231026e-05, 1.41299742609e-05, 1.10727714855e-05, 2.15100808418e-05],
        "dvar": [0.000691793567967, 0.781133115292, 36.1367683411, 9.7939414978, 950.740905762, 167.743942261, 2.37572932243, 8.25849342346, 5.6661157608, 4.60362386703, 218.014297485, 174.035263062, 829.957885742, 51.8427696228, 393.808929443, 257.846466064, 2.68361258507, 77.0684127808, 777.198364258, 378.09677124, 2097.9753418, 574.418884277, 29.2172203064, 9.70231246948, 0.484136909246, 0.104002974927, 0.0268397498876, 0.0131258759648, 0.00249847536907, 0.000148669147165, 6.35105971014e-05, 5.11623193233e-06, 2.22319522436e-06, 8.07993785656e-07, 3.23680893644e-07, 9.78963683451e-08, 2.08313917227e-08, 2.60671928487e-09, 1.30795471676e-10, 9.68553709457e-11],
        "dvar2": [0.00146683526691, 1.96654081345, 102.047988892, 23.1670627594, 2051.23901367, 381.589691162, 5.89407062531, 22.382106781, 18.4150848389, 10.1949596405, 563.324279785, 480.544586182, 1494.49475098, 95.6630020142, 992.628845215, 622.186279297, 6.16309022903, 190.509429932, 1984.15795898, 1056.38671875, 5337.07617188, 1671.16809082, 76.454864502, 20.5373706818, 1.13526344299, 0.251732140779, 0.0701861307025, 0.0263227093965, 0.00606590881944, 0.000409427593695, 0.000181620765943, 1.08303347588e-05, 3.94046992369e-06, 1.20856316244e-06, 4.59687697685e-07, 1.41806111742e-07, 3.00065963188e-08, 3.73663811004e-09, 2.59779892042e-10, 2.55309440256e-10],
        "max": [0.22353208065, 8.30362796783, 33.5742073059, 23.7637939453, 262.138275146, 82.6372451782, 11.2634687424, 18.4125518799, 15.0220012665, 17.0599327087, 124.598526001, 94.506187439, 301.816894531, 79.8272476196, 197.415390015, 154.513656616, 11.8519153595, 87.8433609009, 189.491592407, 115.714630127, 297.942199707, 183.4947052, 53.2402191162, 29.3234577179, 4.48765516281, 2.13154649734, 1.32373642921, 1.18481552601, 0.590562820435, 0.0833899900317, 0.0425274707377, 0.019878026098, 0.0137889608741, 0.00845514517277, 0.00511995330453, 0.00280338292941, 0.00126771454234, 0.000437074515503, 0.000111716923129, 8.84852343006e-05],
        "mean": [0.0590218603611, 2.1097536087, 9.21829223633, 9.39087200165, 86.4242553711, 27.7879009247, 2.78984093666, 3.50480794907, 3.59928846359, 3.77247262001, 18.3029689789, 19.3719959259, 71.4238052368, 20.5989704132, 32.5927658081, 23.4621772766, 3.77750515938, 13.3164739609, 39.1955718994, 35.0144920349, 51.4496078491, 41.8501434326, 13.3576908112, 7.49497652054, 1.84906256199, 0.770540177822, 0.472700744867, 0.385680019855, 0.118537649512, 0.0212148800492, 0.00899798050523, 0.00406009657308, 0.00197207694873, 0.000810028286651, 0.000291175645543, 0.000170506245922, 5.71530945308e-05, 1.66844238265e-05, 2.63195524894e-05, 5.27258234797e-05],
        "median": [0.0376284047961, 1.17702937126, 5.61508274078, 8.60553646088, 77.3757476807, 22.1237697601, 2.31101512909, 2.47991132736, 2.51972723007, 2.95907354355, 11.8938589096, 15.6134223938, 44.4919929504, 14.0444402695, 21.6129550934, 13.6273460388, 3.16240024567, 10.0565843582, 29.2565784454, 27.5549068451, 33.6479911804, 28.248374939, 10.5668563843, 6.07721567154, 1.62791800499, 0.697458386421, 0.424864679575, 0.341257631779, 0.104309469461, 0.0183781012893, 0.00601636897773, 0.00332348863594, 0.00161563721485, 0.000639547011815, 0.000177511858055, 9.80503536994e-05, 2.60360939137e-05, 6.97358836987e-06, 2.37515178014e-05, 5.19008135598e-05],
        "min": [0.00325796636753, 0.0236707087606, 0.256851315498, 1.03755128384, 1.01654005051, 0.824923336506, 0.45523545146, 0.287512332201, 0.435570985079, 0.231275677681, 0.264973431826, 0.779646277428, 0.680898070335, 0.575582146645, 0.581536352634, 0.174600735307, 0.0575961582363, 0.174681857228, 0.373232096434, 0.2611784935, 0.520814776421, 0.20167414844, 0.0456123016775, 0.222785159945, 0.168940618634, 0.0494605861604, 0.0460242107511, 0.0341456048191, 0.0191887076944, 0.00309605197981, 0.00118034740444, 0.000861559878103, 0.000507966964506, 0.000218229848542, 5.77496793994e-05, 3.64658953913e-05, 1.31042370413e-05, 2.29807574215e-06, 1.04263008325e-05, 1.0632633348e-05],
        "var": [0.00252891075797, 4.37513971329, 87.3041763306, 18.2527561188, 3484.86962891, 390.046966553, 3.19047093391, 11.0457925797, 10.0844650269, 8.12854957581, 285.191619873, 216.529022217, 4710.77001953, 344.803741455, 1092.83947754, 675.57043457, 6.04315233231, 130.102752686, 1145.27514648, 579.750427246, 2371.14453125, 1376.20300293, 105.767692566, 28.2425441742, 1.02682411671, 0.208941966295, 0.0757283866405, 0.0561209879816, 0.00572309829295, 0.000190161605133, 6.20005157543e-05, 7.77381410444e-06, 3.04510876958e-06, 1.16988712762e-06, 4.47042651786e-07, 1.37381476861e-07, 2.96856583759e-08, 3.67091890219e-09, 1.80269521532e-10, 1.94721419544e-10]
    },
    "gfcc": {
        "mean": [-59.7282829285, 199.015258789, -155.722000122, 30.0783786774, -4.38556146622, -12.8103847504, -12.8804254532, -6.87635946274, -9.96267032623, -32.731300354, -28.7620563507, -18.772436142, 2.4240398407],
        "cov": [[443.587524414, -16.1480140686, -234.827301025, -77.4380569458, -109.478340149, -66.53855896, -33.268913269, -33.4575767517, -67.8409118652, -79.121383667, -30.5628643036, 16.1634750366, 4.7906498909], [-16.1480140686, 171.523895264, -17.5153121948, 20.5324745178, 47.7299880981, -9.84230995178, 60.7128410339, 1.87390136719, 35.3187980652, 5.85088205338, 23.1525001526, -20.8642044067, 21.7826900482], [-234.827301025, -17.5153121948, 276.383331299, 60.2243385315, 55.22108078, 53.3413963318, 17.3976020813, 43.1265144348, 36.3344535828, 72.9781112671, 31.9092159271, 9.6519985199, -19.041475296], [-77.4380569458, 20.5324745178, 60.2243385315, 78.9244766235, 62.292011261, 7.63582038879, 17.7329502106, 18.9261226654, 47.98777771, 23.5113449097, 3.74347138405, -14.6425647736, -7.7990694046], [-109.478340149, 47.7299880981, 55.22108078, 62.292011261, 123.841018677, 40.8308906555, 35.2595481873, 29.1720409393, 53.8934745789, 37.5312843323, 14.5476779938, -17.7771892548, -1.19602942467], [-66.53855896, -9.84230995178, 53.3413963318, 7.63582038879, 40.8308906555, 78.9113388062, 38.5059356689, 25.0889720917, 14.7902021408, 25.2136173248, 25.5609149933, 14.2175312042, 0.242580413818], [-33.268913269, 60.7128410339, 17.3976020813, 17.7329502106, 35.2595481873, 38.5059356689, 79.1151885986, 38.528011322, 22.8422279358, 22.3024787903, 21.5410900116, -0.294358313084, 11.3219537735], [-33.4575767517, 1.87390136719, 43.1265144348, 18.9261226654, 29.1720409393, 25.0889720917, 38.528011322, 62.6065177917, 32.8581237793, 36.5547561646, 12.4210424423, 6.94653224945, 3.9617524147], [-67.8409118652, 35.3187980652, 36.3344535828, 47.98777771, 53.8934745789, 14.7902021408, 22.8422279358, 32.8581237793, 64.6087417603, 36.3906707764, 6.11810255051, -11.4630708694, 1.25707447529], [-79.121383667, 5.85088205338, 72.9781112671, 23.5113449097, 37.5312843323, 25.2136173248, 22.3024787903, 36.5547561646, 36.3906707764, 61.5985946655, 22.0890884399, -1.04839599133, -3.84977006912], [-30.5628643036, 23.1525001526, 31.9092159271, 3.74347138405, 14.5476779938, 25.5609149933, 21.5410900116, 12.4210424423, 6.11810255051, 22.0890884399, 35.900894165, 11.4005060196, 2.09005379677], [16.1634750366, -20.8642044067, 9.6519985199, -14.6425647736, -17.7771892548, 14.2175312042, -0.294358313084, 6.94653224945, -11.4630708694, -1.04839599133, 11.4005060196, 36.5762481689, 10.2238941193], [4.7906498909, 21.7826900482, -19.041475296, -7.7990694046, -1.19602942467, 0.242580413818, 11.3219537735, 3.9617524147, 1.25707447529, -3.84977006912, 2.09005379677, 10.2238941193, 28.5488090515]],
        "icov": [[0.00597853586078, -0.00386215234175, 0.00552696222439, -0.00345799070783, 0.00345492432825, -0.00184185768012, 0.00417984556407, -0.00602555833757, 0.00646127015352, -0.00125529197976, 0.0033453903161, -0.00455389684066, 0.0049563460052], [-0.00386215234175, 0.0365324132144, -0.00955109763891, 0.0255706831813, -0.0170963555574, 0.0339586660266, -0.040339589119, 0.0288858376443, -0.0381258428097, 0.0208508763462, -0.0329704992473, 0.0103862890974, -0.0124415913597], [0.00552696222439, -0.00955109763891, 0.0136292446405, -0.0148953394964, 0.00716143893078, -0.0113977408037, 0.0131840538234, -0.0113764386624, 0.0174159351736, -0.013132401742, 0.00841007288545, -0.00689263222739, 0.00744324363768], [-0.00345799070783, 0.0255706831813, -0.0148953394964, 0.0579691119492, -0.0250867977738, 0.0352227389812, -0.0357296690345, 0.0255791563541, -0.0520693287253, 0.0265759751201, -0.02319679223, 0.00314342859201, 0.00269002490677], [0.00345492432825, -0.0170963555574, 0.00716143893078, -0.0250867977738, 0.0294138360769, -0.0264179110527, 0.0211305376142, -0.0154319945723, 0.0162048339844, -0.0126392655075, 0.0131906168535, 0.0049312566407, 0.00045663191122], [-0.00184185768012, 0.0339586660266, -0.0113977408037, 0.0352227389812, -0.0264179110527, 0.0610718019307, -0.0495885498822, 0.0290702078491, -0.0396885089576, 0.022171203047, -0.0350393429399, -0.00605853181332, -0.000102713653177], [0.00417984556407, -0.040339589119, 0.0131840538234, -0.0357296690345, 0.0211305376142, -0.0495885498822, 0.0747803747654, -0.0494621321559, 0.0474356040359, -0.0193319749087, 0.0230978000909, 0.00407534278929, -0.000221737849643], [-0.00602555833757, 0.0288858376443, -0.0113764386624, 0.0255791563541, -0.0154319945723, 0.0290702078491, -0.0494621321559, 0.0644952207804, -0.044060267508, 0.00087729236111, -0.013917346485, -0.00673011736944, -0.00636909808964], [0.00646127015352, -0.0381258428097, 0.0174159351736, -0.0520693287253, 0.0162048339844, -0.0396885089576, 0.0474356040359, -0.044060267508, 0.0927392318845, -0.0424293540418, 0.0396738126874, -0.00310024176724, 0.00211625592783], [-0.00125529197976, 0.0208508763462, -0.013132401742, 0.0265759751201, -0.0126392655075, 0.022171203047, -0.0193319749087, 0.00087729236111, -0.0424293540418, 0.0628546848893, -0.0404761917889, 0.013078385964, -0.00174661399797], [0.0033453903161, -0.0329704992473, 0.00841007288545, -0.02319679223, 0.0131906168535, -0.0350393429399, 0.0230978000909, -0.013917346485, 0.0396738126874, -0.0404761917889, 0.0835677236319, -0.0276357233524, 0.0140627287328], [-0.00455389684066, 0.0103862890974, -0.00689263222739, 0.00314342859201, 0.0049312566407, -0.00605853181332, 0.00407534278929, -0.00673011736944, -0.00310024176724, 0.013078385964, -0.0276357233524, 0.0605655238032, -0.0290896464139], [0.0049563460052, -0.0124415913597, 0.00744324363768, 0.00269002490677, 0.00045663191122, -0.000102713653177, -0.000221737849643, -0.00636909808964, 0.00211625592783, -0.00174661399797, 0.0140627287328, -0.0290896464139, 0.0594394281507]]
    },
    "melbands": {
        "dmean": [0.000444350764155, 0.00221726321615, 0.00155374279711, 0.00234500993975, 6.0274869611e-05, 5.50559889234e-05, 3.03471060761e-05, 1.84394721146e-05, 0.000132115354063, 7.0716283517e-05, 0.000156253416208, 4.08351115766e-05, 3.50752125087e-05, 7.17862494639e-05, 5.59169484404e-06, 5.84648705626e-06, 1.3347778804e-05, 4.16510738432e-05, 1.31716387841e-05, 4.78970541735e-05, 3.45623811882e-05, 2.05591313716e-05, 1.0521909644e-05, 4.04590855396e-06, 2.701588528e-06, 7.99547137831e-07, 3.60077081041e-07, 2.39864931473e-07, 9.61132897714e-08, 1.1695655644e-07, 8.00998876116e-08, 3.12632302268e-08, 9.65069713033e-09, 5.96841998046e-09, 5.47982903498e-09, 1.57023649638e-09, 1.09812414717e-09, 7.06941782891e-10, 3.73131858744e-10, 2.41911407572e-10],
        "dmean2": [0.000706378021277, 0.00376024865545, 0.00230097910389, 0.00339304702356, 9.81862976914e-05, 9.6370036772e-05, 5.30258002982e-05, 3.03692086163e-05, 0.000232641395996, 0.000123489429825, 0.000228320772294, 5.73345278099e-05, 5.3810672398e-05, 0.000110960732854, 9.35995649343e-06, 9.37879303819e-06, 2.16262051254e-05, 6.78274300299e-05, 2.16689259105e-05, 7.9044715676e-05, 5.763730951e-05, 3.43385399901e-05, 1.71354095073e-05, 6.79860386299e-06, 4.16171951656e-06, 1.31096783207e-06, 5.88826935655e-07, 4.09301406989e-07, 1.48803053435e-07, 1.91871407651e-07, 1.19176760904e-07, 4.81852531209e-08, 1.58909614356e-08, 1.10285931498e-08, 1.02112398537e-08, 2.7981246209e-09, 1.93352778233e-09, 1.15051934646e-09, 5.99832294945e-10, 3.93274302013e-10],
        "dvar": [1.87665719409e-07, 5.88526563661e-06, 1.71456292719e-06, 3.50622735823e-06, 4.52809212348e-09, 3.47115247656e-09, 1.15589027239e-09, 3.55408646957e-10, 2.25091643102e-08, 5.0005271035e-09, 2.20705764775e-08, 1.4671530657e-09, 1.9694939013e-09, 1.00288986005e-08, 3.33085919957e-11, 4.75262537658e-11, 2.46617337663e-10, 3.10074810272e-09, 1.35089939235e-10, 3.25960081149e-09, 2.00675720485e-09, 6.09550854236e-10, 1.4565988693e-10, 2.42520968585e-11, 6.12416367618e-12, 5.53630708985e-13, 1.13376654256e-13, 5.30347419897e-14, 6.92010332501e-15, 1.14755032665e-14, 6.9058837594e-15, 1.86221569882e-15, 7.28427291164e-17, 4.97153878467e-17, 4.22230042339e-17, 2.73537813185e-18, 1.70039155145e-18, 1.23865850634e-18, 7.40288701324e-19, 5.21471822151e-19],
        "dvar2": [4.4331125082e-07, 1.61044899869e-05, 3.97253597839e-06, 8.04637966212e-06, 1.14356710768e-08, 9.50102574393e-09, 3.59847907028e-09, 7.89619647446e-10, 5.73837297679e-08, 1.40392302228e-08, 3.91723489201e-08, 2.79681566795e-09, 5.39711031422e-09, 2.43268090117e-08, 8.75953129476e-11, 1.18186821441e-10, 5.90992588201e-10, 7.87594700569e-09, 3.53308854395e-10, 8.28132051822e-09, 5.17385645438e-09, 1.71540170957e-09, 3.90598137168e-10, 6.29822166642e-11, 1.31765371184e-11, 1.31439520726e-12, 2.79932788104e-13, 1.26354479722e-13, 1.7012949819e-14, 3.11626877189e-14, 1.41007616079e-14, 4.70180746889e-15, 1.81349237846e-16, 1.36570563157e-16, 1.21207926593e-16, 6.16318170984e-18, 3.38038089988e-18, 2.25584312598e-18, 1.11846585461e-18, 7.69774278042e-19],
        "max": [0.0044057900086, 0.0158200692385, 0.0104538742453, 0.0147386221215, 0.000537609274033, 0.000392654706957, 0.000226828386076, 0.000148067309055, 0.00124728493392, 0.000498622423038, 0.00158317270689, 0.000438023416791, 0.000377883785404, 0.00102723226883, 3.67635257135e-05, 6.61108788336e-05, 0.000154307446792, 0.0003688930301, 7.79807087383e-05, 0.000391208246583, 0.000278453924693, 0.000184000542504, 0.000113239933853, 4.16159855376e-05, 2.29249217227e-05, 5.50465165361e-06, 2.6606985557e-06, 1.46696686443e-06, 6.70611711939e-07, 7.44281976495e-07, 8.77951379152e-07, 4.98711926866e-07, 5.74285010657e-08, 4.31895337272e-08, 3.36978729365e-08, 1.27949837392e-08, 1.20102052747e-08, 9.90282611468e-09, 8.19240231209e-09, 6.66534605287e-09],
        "mean": [0.00117254303768, 0.00420375261456, 0.00413333391771, 0.00477404054254, 9.52914560912e-05, 7.76987435529e-05, 5.70000156586e-05, 3.41744016623e-05, 0.000186153585673, 0.000100392397144, 0.000369114102796, 9.96464368654e-05, 7.48045058572e-05, 0.000133240173454, 9.74806607701e-06, 9.17765919439e-06, 2.04180014407e-05, 7.3531155067e-05, 2.5920175176e-05, 7.59663962526e-05, 4.93741208629e-05, 4.12559020333e-05, 2.4456256142e-05, 7.77759578341e-06, 6.13695328866e-06, 1.81161635737e-06, 7.13025599453e-07, 4.40193076656e-07, 2.40947883867e-07, 3.01765794575e-07, 2.09453631328e-07, 7.95084318383e-08, 2.03864249926e-08, 7.1546510938e-09, 5.8772395839e-09, 2.7926896351e-09, 2.28940466585e-09, 1.51148749072e-09, 8.59051552116e-10, 5.7609722548e-10],
        "median": [0.00073081231676, 0.00254981126636, 0.00362823158503, 0.00396649958566, 8.07504256954e-05, 5.47824056412e-05, 4.30509753642e-05, 2.81679058389e-05, 0.000130249449285, 7.89655314293e-05, 0.000230340665439, 6.72293026582e-05, 5.03565424879e-05, 7.52342675696e-05, 7.71058330429e-06, 6.71251154927e-06, 1.53182008944e-05, 5.35328435944e-05, 2.28844837693e-05, 5.2253537433e-05, 3.47668647009e-05, 2.78432180494e-05, 1.93852974917e-05, 5.70898600927e-06, 4.92418212161e-06, 1.49981292452e-06, 5.6704209328e-07, 3.70989255316e-07, 2.12851460901e-07, 2.92797608381e-07, 1.63012558119e-07, 6.77748204225e-08, 1.61769477813e-08, 5.21405496556e-09, 3.48088491364e-09, 2.03498817797e-09, 1.98000282836e-09, 1.25758625735e-09, 6.854163348e-10, 4.19289658549e-10],
        "min": [2.70094260486e-05, 3.68319815607e-05, 0.000181718263775, 6.60852820147e-05, 1.04259815998e-05, 6.05085597272e-06, 6.37202310827e-06, 2.11079259316e-06, 2.6401935429e-06, 5.0737089623e-06, 3.29996942128e-06, 2.27506598094e-06, 2.00897693503e-06, 1.07085838863e-06, 5.72087586193e-08, 1.49705002173e-07, 3.49699718072e-07, 7.27058136363e-07, 2.25200139425e-07, 5.1483164043e-07, 6.15001226834e-07, 2.42057012656e-07, 3.96570243311e-08, 3.60852290271e-08, 2.01250955456e-07, 2.00824132435e-07, 4.94365401948e-08, 2.82454095668e-08, 2.47186306979e-08, 2.02368841684e-08, 2.05921821816e-08, 1.31982309526e-08, 2.64949817641e-09, 9.64152202521e-10, 5.97318972062e-10, 5.68452784844e-10, 4.55688958789e-10, 3.11887293769e-10, 2.15561776762e-10, 1.12218755122e-10],
        "var": [1.19783510399e-06, 1.8058657588e-05, 5.21044739799e-06, 1.11973722596e-05, 5.44049205686e-09, 5.12935383057e-09, 2.22969975816e-09, 6.19333140328e-10, 2.83350765073e-08, 6.38144515008e-09, 1.29938896976e-07, 9.6380423642e-09, 4.99963670464e-09, 2.59302570527e-08, 5.19457220294e-11, 7.57744353375e-11, 3.96904176192e-10, 4.44279502076e-09, 2.31787006255e-10, 4.26717328139e-09, 2.18824047771e-09, 1.39224787254e-09, 4.24204449345e-10, 5.13913703259e-11, 1.87480066194e-11, 1.12030100908e-12, 2.15658179791e-13, 8.56178192579e-14, 2.11234787393e-14, 2.71578414054e-14, 2.42183118178e-14, 3.48151568914e-15, 1.56918398898e-16, 4.25242336344e-17, 3.58918167649e-17, 4.02075373123e-18, 2.65686194131e-18, 1.71628003665e-18, 1.02071388912e-18, 7.77086554657e-19]
    },
    "mfcc": {
        "mean": [-694.237426758, 220.15864563, -60.1253738403, 48.9948120117, 18.4991035461, 7.37715959549, 3.03382182121, 17.3670597076, 24.3107509613, -5.74914884567, -9.8708820343, -11.8988389969, -14.9348964691],
        "cov": [[570.034851074, 3.71235752106, -257.044281006, -35.8721389771, -154.294586182, -55.1710586548, -69.8684921265, 30.3070964813, -48.5764007568, -89.4311981201, -68.1070098877, -25.2111549377, -79.9588851929], [3.71235752106, 118.51802063, -3.64620351791, 16.4266929626, 7.20305967331, -2.5295381546, 37.2640151978, -6.39738559723, 27.6881637573, 10.9370365143, 11.7373561859, 5.95100593567, 19.0601387024], [-257.044281006, -3.64620351791, 213.130966187, 18.7428817749, 49.5786399841, 23.0972766876, 30.5816326141, -3.8125140667, 0.387959808111, 49.9710044861, 28.3663921356, 12.9513683319, 49.1223068237], [-35.8721389771, 16.4266929626, 18.7428817749, 72.6435852051, 40.0513153076, 0.626273274422, 0.5180529356, -7.46998929977, 28.9712638855, 22.9381275177, 28.6966457367, 12.7194032669, 6.94367313385], [-154.294586182, 7.20305967331, 49.5786399841, 40.0513153076, 110.835716248, 34.466709137, 14.9790430069, -6.93626642227, 26.6506919861, 45.5518569946, 37.8288993835, 16.6204967499, 31.4877319336], [-55.1710586548, -2.5295381546, 23.0972766876, 0.626273274422, 34.466709137, 46.1226005554, 19.0713539124, 9.21135807037, 4.45456504822, 18.1608715057, 10.4431600571, 6.97314691544, 19.3309078217], [-69.8684921265, 37.2640151978, 30.5816326141, 0.5180529356, 14.9790430069, 19.0713539124, 72.3787841797, 14.5192937851, 21.1150760651, 30.0934448242, 7.79521179199, 10.9474153519, 40.6737213135], [30.3070964813, -6.39738559723, -3.8125140667, -7.46998929977, -6.93626642227, 9.21135807037, 14.5192937851, 46.1269035339, 7.96652555466, -0.232042223215, -9.36092281342, -1.1707804203, 16.6253089905], [-48.5764007568, 27.6881637573, 0.387959808111, 28.9712638855, 26.6506919861, 4.45456504822, 21.1150760651, 7.96652555466, 67.2234573364, 31.4360866547, 19.4472236633, 15.8781690598, 24.4252967834], [-89.4311981201, 10.9370365143, 49.9710044861, 22.9381275177, 45.5518569946, 18.1608715057, 30.0934448242, -0.232042223215, 31.4360866547, 68.6379470825, 34.4937820435, 14.2500276566, 34.9199409485], [-68.1070098877, 11.7373561859, 28.3663921356, 28.6966457367, 37.8288993835, 10.4431600571, 7.79521179199, -9.36092281342, 19.4472236633, 34.4937820435, 58.3159255981, 20.2066383362, 1.17842233181], [-25.2111549377, 5.95100593567, 12.9513683319, 12.7194032669, 16.6204967499, 6.97314691544, 10.9474153519, -1.1707804203, 15.8781690598, 14.2500276566, 20.2066383362, 30.6391944885, 18.5962524414], [-79.9588851929, 19.0601387024, 49.1223068237, 6.94367313385, 31.4877319336, 19.3309078217, 40.6737213135, 16.6253089905, 24.4252967834, 34.9199409485, 1.17842233181, 18.5962524414, 77.5217666626]],
