{
"lowlevel": {
    "average_loudness": 0.973473370075,
    "barkbands_crest": {
        "dmean": 4.4634604454,
        "dmean2": 6.77331495285,
        "dvar": 11.3465881348,
        "dvar2": 25.0979366302,
        "max": 21.9114818573,
        "mean": 12.9533548355,
        "median": 13.7028894424,
        "min": 3.79339838028,
        "var": 25.2287063599
    },
    "barkbands_flatness_db": {
        "dmean": 0.02983478643,
        "dmean2": 0.0413596965373,
        "dvar": 0.000498300767504,
        "dvar2": 0.00122555030975,
        "max": 0.309943050146,
        "mean": 0.229957520962,
        "median": 0.22283257544,
        "min": 0.163842886686,
        "var": 0.00137020112015
    },
    "barkbands_kurtosis": {
        "dmean": 3.6191778183,
        "dmean2": 5.20106315613,
        "dvar": 12.0410385132,
        "dvar2": 29.5352115631,
        "max": 23.9982280731,
        "mean": 3.19141697884,
        "median": 1.59232139587,
        "min": -1.73695957661,
        "var": 27.3575782776
    },
    "barkbands_skewness": {
        "dmean": 0.842350780964,
        "dmean2": 1.13858473301,
        "dvar": 0.369969427586,
        "dvar2": 1.08561241627,
        "max": 4.43613243103,
        "mean": 1.69756698608,
        "median": 1.66476619244,
        "min": -0.273499459028,
        "var": 1.14639353752
    },
    "barkbands_spread": {
        "dmean": 6.57508277893,
        "dmean2": 9.11330318451,
        "dvar": 24.6607685089,
        "dvar2": 62.1451339722,
        "max": 39.6687088013,
        "mean": 17.3305511475,
        "median": 16.4660358429,
        "min": 3.50761365891,
        "var": 66.3899765015
    },
    "dissonance": {
        "dmean": 0.0149717479944,
        "dmean2": 0.0247814003378,
        "dvar": 0.000210459795198,
        "dvar2": 0.000449617014965,
        "max": 0.494968414307,
        "mean": 0.471375107765,
        "median": 0.474585413933,
        "min": 0.400900065899,
        "var": 0.000281900545815
    },
    "dynamic_complexity": 0.799355328083,
    "erbbands_crest": {
        "dmean": 3.21951389313,
        "dmean2": 5.516289711,
        "dvar": 5.80077314377,
        "dvar2": 16.6203975677,
        "max": 18.9635925293,
        "mean": 9.48113250732,
        "median": 8.86134815216,
        "min": 4.93843841553,
        "var": 9.92206001282
    },
    "erbbands_flatness_db": {
        "dmean": 0.0124638518319,
        "dmean2": 0.0198251418769,
        "dvar": 7.57147427066e-05,
        "dvar2": 0.000206218712265,
        "max": 0.293402254581,
        "mean": 0.265333414078,
        "median": 0.266948580742,
        "min": 0.221353262663,
        "var": 0.000223065595492
    },
    "erbbands_kurtosis": {
        "dmean": 1.18093895912,
        "dmean2": 1.88728284836,
        "dvar": 2.17216086388,
        "dvar2": 5.85220050812,
        "max": 5.05202579498,
        "mean": -0.399651110172,
        "median": -0.964748382568,
        "min": -1.7205529213,
        "var": 2.57513189316
    },
    "erbbands_skewness": {
        "dmean": 0.563923358917,
        "dmean2": 0.788609027863,
        "dvar": 0.167104378343,
        "dvar2": 0.507984101772,
        "max": 1.05665922165,
        "mean": -0.556037306786,
        "median": -0.556100845337,
        "min": -2.12089657784,
        "var": 0.451190859079
    },
    "erbbands_spread": {
        "dmean": 9.4092206955,
        "dmean2": 13.7482404709,
        "dvar": 65.6304626465,
        "dvar2": 159.403549194,
        "max": 58.2008934021,
        "mean": 38.3713188171,
        "median": 40.63306427,
        "min": 12.000289917,
        "var": 136.107955933
    },
    "hfc": {
        "dmean": 6.01233243942,
        "dmean2": 9.13346767426,
        "dvar": 26.1871604919,
        "dvar2": 61.5025062561,
        "max": 51.2050361633,
        "mean": 22.1251678467,
        "median": 21.7711925507,
        "min": 0.343133747578,
        "var": 78.269821167
    },
    "melbands_crest": {
        "dmean": 3.88854670525,
        "dmean2": 5.74542999268,
        "dvar": 7.45267963409,
        "dvar2": 18.8302726746,
        "max": 25.1565151215,
        "mean": 16.4141654968,
        "median": 16.8780155182,
        "min": 6.59668159485,
        "var": 17.8642311096
    },
    "melbands_flatness_db": {
        "dmean": 0.0369691699743,
        "dmean2": 0.0502818785608,
        "dvar": 0.000666833075229,
        "dvar2": 0.0018275778275,
        "max": 0.409105658531,
        "mean": 0.311419069767,
        "median": 0.308706909418,
        "min": 0.217206388712,
        "var": 0.00208660983481
    },
    "melbands_kurtosis": {
        "dmean": 9.52678012848,
        "dmean2": 13.6290025711,
        "dvar": 77.9057312012,
        "dvar2": 201.354354858,
        "max": 62.6667938232,
        "mean": 13.4168663025,
        "median": 10.1577606201,
        "min": -1.07309365273,
        "var": 175.959579468
    },
    "melbands_skewness": {
        "dmean": 1.16353261471,
        "dmean2": 1.60630941391,
        "dvar": 0.722704470158,
        "dvar2": 2.06138825417,
        "max": 6.94595527649,
        "mean": 3.22962760925,
        "median": 3.16393184662,
        "min": 0.631460607052,
        "var": 2.14166402817
    },
    "melbands_spread": {
        "dmean": 9.62148666382,
        "dmean2": 14.0900602341,
        "dvar": 74.3068466187,
        "dvar2": 200.971389771,
        "max": 56.4258041382,
        "mean": 19.2144641876,
        "median": 14.863196373,
        "min": 2.88700628281,
        "var": 172.947677612
    },
    "pitch_salience": {
        "dmean": 0.103635266423,
        "dmean2": 0.146807923913,
        "dvar": 0.007007161621,
        "dvar2": 0.0125198587775,
        "max": 0.738309919834,
        "mean": 0.424662709236,
        "median": 0.461972206831,
        "min": 0.155923053622,
        "var": 0.0152016170323
    },
    "silence_rate_20dB": {
        "dmean": 0,
        "dmean2": 0,
        "dvar": 0,
        "dvar2": 0,
        "max": 1,
        "mean": 1,
        "median": 1,
        "min": 1,
        "var": 0
    },
    "silence_rate_30dB": {
        "dmean": 0,
        "dmean2": 0,
        "dvar": 0,
        "dvar2": 0,
        "max": 1,
        "mean": 1,
        "median": 1,
        "min": 1,
        "var": 0
    },
    "silence_rate_60dB": {
        "dmean": 0,
        "dmean2": 0,
        "dvar": 0,
        "dvar2": 0,
        "max": 0,
        "mean": 0,
        "median": 0,
        "min": 0,
        "var": 0
    },
    "spectral_centroid": {
        "dmean": 314.704040527,
        "dmean2": 448.67791748,
        "dvar": 55191.1835938,
        "dvar2": 138896.484375,
        "max": 2001.96411133,
        "mean": 934.746154785,
        "median": 869.956359863,
        "min": 325.68170166,
        "var": 158611.46875
    },
    "spectral_complexity": {
        "dmean": 3.77777767181,
        "dmean2": 5.71910095215,
        "dvar": 8.30617332458,
        "dvar2": 15.0784006119,
        "max": 32,
        "mean": 22.0989017487,
        "median": 22,
        "min": 1,
        "var": 25.5396766663
    },
    "spectral_decrease": {
        "dmean": 4.15202139337e-09,
        "dmean2": 6.3618865731e-09,
        "dvar": 1.24759979109e-17,
        "dvar2": 2.88015918223e-17,
        "max": -1.97527119661e-10,
        "mean": -1.10462528013e-08,
        "median": -1.0215432944e-08,
        "min": -2.24064695686e-08,
        "var": 1.87275940613e-17
    },
    "spectral_energy": {
        "dmean": 0.0159516111016,
        "dmean2": 0.0244346316904,
        "dvar": 0.000182628966286,
        "dvar2": 0.000421218574047,
        "max": 0.0869001299143,
        "mean": 0.043697822839,
        "median": 0.0409146025777,
        "min": 0.000776635832153,
        "var": 0.000275006546872
    },
    "spectral_energyband_high": {
        "dmean": 9.57663178269e-06,
        "dmean2": 1.4267026927e-05,
        "dvar": 9.53237974666e-11,
        "dvar2": 2.47521475538e-10,
        "max": 9.25946442294e-05,
        "mean": 3.0278115446e-05,
        "median": 2.6657276976e-05,
        "min": 4.10005696949e-07,
        "var": 2.31542257589e-10
    },
    "spectral_energyband_low": {
        "dmean": 0.00301796454005,
        "dmean2": 0.00493012974039,
        "dvar": 6.16114130025e-06,
        "dvar2": 1.38406630867e-05,
        "max": 0.0160841923207,
        "mean": 0.00542118679732,
        "median": 0.00469999713823,
        "min": 0.000431701191701,
        "var": 1.0862493582e-05
    },
    "spectral_energyband_middle_high": {
        "dmean": 0.00294649996795,
        "dmean2": 0.00428562052548,
        "dvar": 7.74896125222e-06,
        "dvar2": 2.02634655579e-05,
        "max": 0.0253005847335,
        "mean": 0.00823490042239,
        "median": 0.00713124731556,
        "min": 0.000140957883559,
        "var": 2.52128593274e-05
    },
    "spectral_energyband_middle_low": {
        "dmean": 0.0168938115239,
        "dmean2": 0.0251768250018,
        "dvar": 0.000197247340111,
        "dvar2": 0.000446836813353,
        "max": 0.0813008993864,
        "mean": 0.0312541015446,
        "median": 0.0273568816483,
        "min": 0.000262737856247,
        "var": 0.00033446928137
    },
    "spectral_entropy": {
        "dmean": 0.187426626682,
        "dmean2": 0.255629628897,
        "dvar": 0.0276457089931,
        "dvar2": 0.0431473590434,
        "max": 8.12535572052,
        "mean": 6.94620275497,
        "median": 6.98507547379,
        "min": 6.22794151306,
        "var": 0.0649877414107
    },
    "spectral_flux": {
        "dmean": 0.0328102521598,
        "dmean2": 0.0545840524137,
        "dvar": 0.000790152931586,
        "dvar2": 0.00192088808399,
        "max": 0.204287335277,
        "mean": 0.107603609562,
        "median": 0.10092138499,
        "min": 0.0457814447582,
        "var": 0.00103953049984
    },
    "spectral_kurtosis": {
        "dmean": 5.55957889557,
        "dmean2": 9.86274337769,
        "dvar": 17.4205093384,
        "dvar2": 52.9197692871,
        "max": 26.6816139221,
        "mean": 9.74170589447,
        "median": 9.12057781219,
        "min": 2.8265080452,
        "var": 23.4261569977
    },
    "spectral_rms": {
        "dmean": 0.00122393365018,
        "dmean2": 0.0018196797464,
        "dvar": 1.14094768833e-06,
        "dvar2": 2.36055416281e-06,
        "max": 0.0092076389119,
        "mean": 0.00639008497819,
        "median": 0.00631796522066,
        "min": 0.000870455929544,
        "var": 1.79884182216e-06
    },
    "spectral_rolloff": {
        "dmean": 576.61138916,
        "dmean2": 855.27947998,
        "dvar": 231126.171875,
        "dvar2": 495386.15625,
        "max": 2519.38476562,
        "mean": 1060.09619141,
        "median": 861.328125,
        "min": 193.798828125,
        "var": 520217.96875
    },
    "spectral_skewness": {
        "dmean": 0.455538094044,
        "dmean2": 0.833562791348,
        "dvar": 0.172118708491,
        "dvar2": 0.452526509762,
        "max": 4.30505228043,
        "mean": 1.52925980091,
        "median": 1.45387244225,
        "min": 0.869448721409,
        "var": 0.228317931294
    },
    "spectral_spread": {
        "dmean": 292528.5625,
        "dmean2": 343392.84375,
        "dvar": 1.69837487718e+12,
        "dvar2": 940388777984,
        "max": 17416526,
        "mean": 2069676.5,
        "median": 1870442.625,
        "min": 1467831.25,
        "var": 2.76541053338e+12
    },
    "spectral_strongpeak": {
        "dmean": 0.485874593258,
        "dmean2": 0.672124624252,
        "dvar": 0.0964212194085,
        "dvar2": 0.275393396616,
        "max": 2.10776638985,
        "mean": 0.977523565292,
        "median": 0.959544301033,
        "min": 0,
        "var": 0.263946533203
    },
    "zerocrossingrate": {
        "dmean": 0.00965711846948,
        "dmean2": 0.0114938113838,
        "dvar": 4.55526533187e-05,
        "dvar2": 6.84505430399e-05,
        "max": 0.0673828125,
        "mean": 0.0340079851449,
        "median": 0.03271484375,
        "min": 0.00927734375,
        "var": 0.00019233499188
    },
    "barkbands": {
        "dmean": [1.25702163132e-05, 0.00179260608274, 0.00147911871318, 0.00470317387953, 0.0145497359335, 0.000189834405319, 0.000104663115053, 0.000310637173243, 0.000572656164877, 0.000724968325812, 0.00017813857994, 0.000629426212981, 8.26440082164e-05, 0.000863414665218, 0.000508218712639, 0.00117195898201, 0.00069122039713, 0.00021765899146, 6.85066770529e-05, 1.06534089355e-05, 6.60593741486e-06, 1.77848028216e-06, 3.23539410374e-07, 8.6150997447e-08, 2.96957871626e-08, 1.29221628953e-08, 4.31150359859e-09],
        "dmean2": [1.8086468117e-05, 0.00282781757414, 0.0024895472452, 0.00783199910074, 0.0218203626573, 0.000327148212818, 0.000183274198207, 0.000545646180399, 0.000985152320936, 0.00110126519576, 0.000295627454761, 0.000938331708312, 0.000126179424115, 0.00147359119728, 0.000792234786786, 0.00196397164837, 0.00117924599908, 0.00036647770321, 0.000110210843559, 1.81787490874e-05, 1.03335369204e-05, 2.7518465231e-06, 6.07438835232e-07, 1.36545352802e-07, 4.30801989637e-08, 1.82641635149e-08, 6.35860208931e-09],
        "dvar": [1.05750141977e-09, 2.23910683417e-06, 2.28022872761e-06, 1.48276203618e-05, 0.000150911451783, 4.5091518075e-08, 7.23417192816e-09, 1.20321402619e-07, 3.70741133793e-07, 7.82121958309e-07, 5.38845306153e-08, 5.03270371155e-07, 9.0213063686e-09, 1.43358431615e-06, 4.27491613664e-07, 1.22619735521e-06, 4.83956796415e-07, 7.2284478847e-08, 5.39339595207e-09, 1.13661011159e-10, 5.10915719454e-11, 4.46455199199e-12, 6.97621891895e-14, 5.25842712337e-15, 2.76434898633e-15, 1.06068356155e-15, 1.35054531346e-17],
        "dvar2": [2.75339528955e-09, 6.25836037216e-06, 4.87033548779e-06, 4.27242121077e-05, 0.000344341591699, 1.15037394721e-07, 2.2462444349e-08, 3.10285656724e-07, 1.03924412542e-06, 1.50854066305e-06, 1.11432576944e-07, 1.12611769509e-06, 2.24505676272e-08, 3.96160567107e-06, 1.19633898521e-06, 3.26387953464e-06, 1.27260534555e-06, 1.85940592701e-07, 1.43978580169e-08, 3.15114517813e-10, 1.52729148772e-10, 9.29192660315e-12, 1.7997760129e-13, 1.12382976189e-14, 5.52167522249e-15, 1.60472869429e-15, 3.07054770423e-17],
        "max": [0.000258281506831, 0.0110306385905, 0.00793383643031, 0.0227290857583, 0.0637103021145, 0.00165280839428, 0.00049994699657, 0.00240404508077, 0.00337987323292, 0.00659466162324, 0.00169588765129, 0.00611215876415, 0.00062688649632, 0.00676429783925, 0.00450908811763, 0.00800674594939, 0.00508505711332, 0.00182270770893, 0.000413399189711, 8.71314041433e-05, 4.85738055431e-05, 2.26429256145e-05, 1.30492537664e-06, 5.34582625278e-07, 4.93761774578e-07, 3.04527958406e-07, 4.72437164944e-08],
        "mean": [1.74815922946e-05, 0.00269106053747, 0.00189395050984, 0.00635376293212, 0.0226575676352, 0.000297385064187, 0.000152803288074, 0.000466941070044, 0.000734020082746, 0.00114024500363, 0.000319094542647, 0.00105980539229, 0.000130162312416, 0.00119284761604, 0.000873463810422, 0.00197986722924, 0.0011933761416, 0.000368774053641, 0.000130174390506, 2.39668697759e-05, 1.51597068907e-05, 5.30783245267e-06, 3.7296669575e-07, 2.28434160476e-07, 6.84953960217e-08, 2.3137285865e-08, 2.29455690004e-08],
        "median": [1.17545378089e-05, 0.0020440525841, 0.00133893173188, 0.00535020744428, 0.0188283007592, 0.000231078505749, 0.000130597240059, 0.000334192503942, 0.000572648714297, 0.000746933801565, 0.000211702586967, 0.000789905199781, 8.42814406496e-05, 0.000797640474048, 0.000588356168009, 0.00154521048535, 0.000886749650817, 0.000264921865892, 0.000117498908367, 2.13895345951e-05, 1.25130627566e-05, 3.98956399295e-06, 2.60380829786e-07, 2.04358713063e-07, 5.87426356446e-08, 1.63616586946e-08, 2.23680931555e-08],
        "min": [8.15085456907e-07, 7.21752585378e-05, 5.42230691281e-06, 0.000139815398143, 8.71446827659e-05, 3.62679520549e-06, 1.19664753129e-06, 5.83924065722e-06, 2.50623406828e-06, 2.84533834929e-05, 1.29515183289e-05, 9.03557338461e-06, 1.13217129183e-06, 5.83535893384e-06, 1.40418178489e-05, 3.24699649354e-05, 2.53511952906e-05, 1.34388947117e-05, 7.98260771262e-07, 8.84636335741e-07, 1.78536794238e-07, 7.35175049726e-08, 1.07315534237e-08, 8.88551277001e-09, 8.86902995489e-09, 4.02370048391e-09, 6.52791998235e-09],
        "var": [8.00434274417e-10, 4.2673614189e-06, 2.98754275718e-06, 2.05817777896e-05, 0.000252119381912, 5.31496304745e-08, 9.29645604941e-09, 1.39047671155e-07, 4.11687381074e-07, 1.39736050642e-06, 9.50183576265e-08, 9.92868990579e-07, 1.5549918686e-08, 1.6254438151e-06, 6.48789239222e-07, 2.42711712417e-06, 9.56083340498e-07, 9.74017453359e-08, 7.76035502525e-09, 1.81536952137e-10, 8.3229374781e-11, 1.54308874706e-11, 7.16079959543e-14, 1.19296255817e-14, 3.2662037256e-15, 1.36892509792e-15, 6.62262040408e-17]
    },
    "erbbands": {
        "dmean": [0.0327539257705, 0.485222488642, 1.63329100609, 6.06574964523, 61.8772468567, 23.8801994324, 1.6539273262, 2.13797974586, 1.18794035912, 1.95062470436, 11.3062391281, 11.5507364273, 25.4824333191, 6.82190275192, 18.2998085022, 16.5817184448, 3.67612314224, 16.9274845123, 62.0580406189, 39.7358360291, 55.5119895935, 45.2781639099, 17.655172348, 5.47216129303, 1.5559797287, 0.520433962345, 0.326159954071, 0.186026230454, 0.0597427636385, 0.0117267491296, 0.0088029447943, 0.00277944514528, 0.00110863300506, 0.000430317391874, 0.000174781118403, 6.95476919645e-05, 2.25025487453e-05, 3.6705750972e-06, 7.15068063073e-06, 1.74262240762e-05],
        "dmean2": [0.0523115582764, 0.759986042976, 2.67496728897, 9.52259731293, 91.0099868774, 41.2948989868, 2.69478940964, 3.72310090065, 2.02512907982, 3.43723940849, 19.3736457825, 20.2666568756, 37.8300704956, 10.1852455139, 26.4901580811, 26.2585372925, 5.8650431633, 27.5968666077, 103.416007996, 60.0670051575, 90.2965164185, 77.5238342285, 28.8491954803, 8.49740886688, 2.41936421394, 0.856124520302, 0.529196918011, 0.279025673866, 0.0885113179684, 0.0196171272546, 0.016303235665, 0.00460225576535, 0.00167380424682, 0.000634224328678, 0.000267627619905, 9.65088547673e-05, 3.24428547174e-05, 5.38938184036e-06, 1.11196477519e-05, 2.68056774075e-05],
        "dvar": [0.00109841919038, 0.151431813836, 2.72691559792, 22.0673942566, 2684.57666016, 566.051879883, 1.37308287621, 5.28452730179, 1.57677423954, 2.45201420784, 138.709213257, 149.063400269, 899.740783691, 51.9292030334, 407.664459229, 345.839050293, 17.8101825714, 295.841186523, 7926.42626953, 1328.74743652, 2361.38867188, 1948.1307373, 461.034667969, 36.1439208984, 2.19434142113, 0.240235328674, 0.141761317849, 0.0288236327469, 0.00318005518056, 0.000124075188069, 4.46980266133e-05, 5.04636273035e-06, 8.66390621468e-07, 3.48365205127e-07, 1.44273798242e-07, 1.68816569612e-08, 3.96042709738e-09, 8.2234281884e-11, 3.7272324116e-11, 2.15430243089e-10],
        "dvar2": [0.00257060281001, 0.419288724661, 5.45417928696, 68.7269439697, 5907.03417969, 1352.98266602, 3.74639320374, 13.8333864212, 5.38417863846, 7.45520448685, 358.858398438, 438.526153564, 1764.66955566, 100.237731934, 807.982971191, 770.55255127, 38.54139328, 732.610229492, 23239.2109375, 4020.22167969, 6173.46679688, 5383.93505859, 1180.54138184, 99.2082061768, 5.97975826263, 0.709752202034, 0.447273254395, 0.0618911236525, 0.00705128256232, 0.000337975012371, 0.000117500807391, 1.16920082291e-05, 2.10362145481e-06, 5.88503326071e-07, 3.20002669696e-07, 2.89585226909e-08, 5.53096057843e-09, 1.09952769112e-10, 7.97203206226e-11, 4.89579488061e-10],
        "max": [0.275129199028, 2.60172271729, 8.58584880829, 30.8925189972, 297.000396729, 106.695983887, 7.90388965607, 17.5444984436, 9.11774158478, 9.16623687744, 76.5237884521, 76.3998184204, 213.78843689, 76.8794250488, 176.360580444, 134.124069214, 30.2315940857, 119.25894165, 518.309875488, 250.128295898, 376.070526123, 321.589355469, 168.630126953, 40.1667175293, 11.566567421, 4.346804142, 2.44780945778, 1.56317830086, 0.575827240944, 0.0768827870488, 0.0375066809356, 0.0161654893309, 0.00646709790453, 0.00568507937714, 0.0034033425618, 0.0013421413023, 0.000561881111935, 8.04672017694e-05, 4.23515048169e-05, 9.65678118519e-05],
        "mean": [0.0465541891754, 0.718048453331, 2.53355574608, 10.3019514084, 98.1901931763, 36.3562965393, 3.06397294998, 2.99601364136, 1.91050875187, 3.24140071869, 17.4710636139, 15.374666214, 38.6939964294, 13.4779186249, 34.4867172241, 28.9130706787, 7.54724979401, 24.9638786316, 87.3156738281, 69.4978942871, 89.4185714722, 74.5180358887, 32.4510574341, 11.2707395554, 3.34179353714, 1.19625222683, 0.680126965046, 0.538819551468, 0.188356623054, 0.0296820551157, 0.0112632159144, 0.00612606853247, 0.0030917620752, 0.00116618431639, 0.000338857498718, 0.000176189103513, 4.36964946857e-05, 1.03195052361e-05, 2.42066143983e-05, 5.0187951274e-05],
        "median": [0.0333490222692, 0.575053036213, 2.00305843353, 9.04231739044, 84.0107498169, 30.9596996307, 2.65933489799, 2.33313131332, 1.67230641842, 2.51164984703, 12.6939544678, 11.1651420593, 25.2900390625, 9.38363456726, 25.1154613495, 20.3434658051, 5.56929302216, 18.8688735962, 53.9189186096, 58.5289497375, 64.9153137207, 52.9907722473, 25.9121570587, 9.61687850952, 3.0037112236, 1.05491137505, 0.615263462067, 0.451795130968, 0.155525654554, 0.0275963936001, 0.00901803839952, 0.00543958554044, 0.00284263305366, 0.00104558293242, 0.000263086927589, 0.00014559191186, 3.00862138829e-05, 8.48754007166e-06, 2.34568306041e-05, 4.78668225696e-05],
        "min": [0.00233595794998, 0.0181347429752, 0.158677518368, 0.398279577494, 0.495755821466, 0.194481924176, 0.0274360217154, 0.0311479140073, 0.0136199211702, 0.0597992837429, 0.115137711167, 0.0542448721826, 0.687386751175, 0.695906758308, 0.600857079029, 0.246429845691, 0.0564974211156, 0.224171102047, 0.32357531786, 1.72286367416, 1.27608931065, 1.52089715004, 0.997277915478, 0.138392820954, 0.0604113340378, 0.0309941023588, 0.0110538080335, 0.00444696145132, 0.00330662471242, 0.000760967843235, 0.000322957668686, 0.000148285442265, 0.000162616488524, 0.000113823538413, 5.1465609431e-05, 3.3991298551e-05, 1.18106618174e-05, 2.94455321637e-06, 1.3098610907e-06, 9.79724859462e-07],
        "var": [0.00180336553603, 0.305664598942, 4.19767665863, 35.6042900085, 4747.97119141, 635.178894043, 2.26389884949, 6.09998989105, 1.7605792284, 3.39545345306, 190.525741577, 159.960189819, 1607.52734375, 134.218338013, 871.429199219, 669.516784668, 36.4792747498, 458.791503906, 9793.51953125, 2389.59179688, 5259.27734375, 3717.20092773, 667.715576172, 55.7842063904, 3.64656853676, 0.424747496843, 0.195749655366, 0.0889809131622, 0.0132299596444, 0.000248943950282, 5.29202006874e-05, 9.90933585854e-06, 2.09550307773e-06, 5.29575629571e-07, 1.40606715604e-07, 2.37220909582e-08, 4.8418220544e-09, 1.04887383501e-10, 5.71368299895e-11, 3.27258858901e-10]
    },
    "gfcc": {
        "mean": [-49.7891387939, 187.623352051, -168.20199585, 33.6155281067, -2.25718092918, -12.4643945694, -21.5950965881, -10.1343612671, -13.5979423523, -32.723236084, -27.906419754, -18.6491184235, 2.07695102692],
        "cov": [[752.826660156, -2.69180226326, -212.873825073, -21.3389110565, -22.0789070129, 8.80882167816, -1.31801557541, -18.2278079987, 28.6764698029, 27.7200279236, 26.7672195435, -5.912109375, 4.36667442322], [-2.69180226326, 91.5027313232, 45.2904624939, -9.64321136475, 0.328430861235, -16.8743400574, 30.8199920654, -11.4087648392, 2.08514547348, -14.6146249771, -3.22019863129, -17.5339488983, 15.4359035492], [-212.873825073, 45.2904624939, 176.790115356, 16.3575668335, 8.04546833038, -14.604883194, -7.03831100464, -13.1615962982, -24.6726131439, -26.0353412628, -21.8015537262, -9.81736564636, 1.0869705677], [-21.3389110565, -9.64321136475, 16.3575668335, 34.4823036194, 11.8463335037, -3.74081087112, -11.9430179596, -3.91802597046, 6.19806718826, 4.88258075714, 7.83147335052, 2.93282461166, 0.0679016038775], [-22.0789070129, 0.328430861235, 8.04546833038, 11.8463335037, 59.8149833679, 25.4557189941, 5.30671405792, 0.806219160557, -3.95025372505, 8.62211608887, 0.802105545998, 2.1929974556, -0.336803942919], [8.80882167816, -16.8743400574, -14.604883194, -3.74081087112, 25.4557189941, 68.9970779419, 22.3477916718, 21.5084400177, 6.59486150742, 28.0867862701, 12.4438447952, 15.3932781219, -4.76562786102], [-1.31801557541, 30.8199920654, -7.03831100464, -11.9430179596, 5.30671405792, 22.3477916718, 44.8322906494, 20.7169799805, 4.83260250092, 6.07736635208, 3.14946937561, 4.24816703796, 7.86818933487], [-18.2278079987, -11.4087648392, -13.1615962982, -3.91802597046, 0.806219160557, 21.5084400177, 20.7169799805, 64.8754806519, 24.2641105652, 31.8321151733, 6.24751567841, 23.9132862091, 3.80456876755], [28.6764698029, 2.08514547348, -24.6726131439, 6.19806718826, -3.95025372505, 6.59486150742, 4.83260250092, 24.2641105652, 41.7741661072, 34.2943916321, 10.7628688812, 8.56684589386, 0.791253805161], [27.7200279236, -14.6146249771, -26.0353412628, 4.88258075714, 8.62211608887, 28.0867862701, 6.07736635208, 31.8321151733, 34.2943916321, 57.6605186462, 16.8649845123, 16.9642734528, -2.77427387238], [26.7672195435, -3.22019863129, -21.8015537262, 7.83147335052, 0.802105545998, 12.4438447952, 3.14946937561, 6.24751567841, 10.7628688812, 16.8649845123, 26.3856124878, 15.0790729523, 1.37604153156], [-5.912109375, -17.5339488983, -9.81736564636, 2.93282461166, 2.1929974556, 15.3932781219, 4.24816703796, 23.9132862091, 8.56684589386, 16.9642734528, 15.0790729523, 32.5923156738, 4.45830965042], [4.36667442322, 15.4359035492, 1.0869705677, 0.0679016038775, -0.336803942919, -4.76562786102, 7.86818933487, 3.80456876755, 0.791253805161, -2.77427387238, 1.37604153156, 4.45830965042, 24.352678299]],
        "icov": [[0.00260618585162, -0.00548061775044, 0.00507413130254, -0.0024497853592, 0.00200764928013, -0.00283853872679, 0.00493408087641, -2.17098749999e-06, 0.00279659219086, -0.00167042354587, 0.00306156650186, -0.00151164992712, 0.00048795924522], [-0.00548061775044, 0.0676054134965, -0.0316822901368, 0.0341871976852, -0.0179760027677, 0.0304332971573, -0.0572135783732, 0.0163643322885, -0.0380253307521, 0.0124349771068, -0.0424234382808, 0.0308626405895, -0.0195152182132], [0.00507413130254, -0.0316822901368, 0.0253711901605, -0.0223638471216, 0.00971964839846, -0.0144676938653, 0.0256139021367, -0.00621785549447, 0.0219393856823, -0.00705755036324, 0.0271291732788, -0.0147723797709, 0.00775542994961], [-0.0024497853592, 0.0341871976852, -0.0223638471216, 0.0657794177532, -0.0221386384219, 0.0195052139461, -0.0151202548295, 0.00841404404491, -0.0328987129033, 0.0114178732038, -0.0434987172484, 0.0178055930883, -0.0117660313845], [0.00200764928013, -0.0179760027677, 0.00971964839846, -0.0221386384219, 0.029711348936, -0.0178116876632, 0.0124475238845, -0.00169458985329, 0.0179171711206, -0.00948116835207, 0.0197509173304, -0.00759915588424, 0.00244322349317], [-0.00283853872679, 0.0304332971573, -0.0144676938653, 0.0195052139461, -0.0178116876632, 0.0438298024237, -0.0383603423834, 0.00729140406474, -0.00816024746746, -0.00793647859246, -0.0242180880159, 0.00726411584765, 0.000795501749963], [0.00493408087641, -0.0572135783732, 0.0256139021367, -0.0151202548295, 0.0124475238845, -0.0383603423834, 0.088323906064, -0.0274302735925, 0.0262074917555, 7.93725994299e-05, 0.0240878723562, -0.0133918663487, 0.00294086313806], [-2.17098749999e-06, 0.0163643322885, -0.00621785549447, 0.00841404404491, -0.00169458985329, 0.00729140406474, -0.0274302735925, 0.0411160625517, -0.0192541815341, -0.00838911999017, 0.00790633168072, -0.0174511857331, -0.00385755696334], [0.00279659219086, -0.0380253307521, 0.0219393856823, -0.0328987129033, 0.0179171711206, -0.00816024746746, 0.0262074917555, -0.0192541815341, 0.0835449099541, -0.0425277464092, 0.0226681940258, -0.00851222593337, 0.0086229974404], [-0.00167042354587, 0.0124349771068, -0.00705755036324, 0.0114178732038, -0.00948116835207, -0.00793647859246, 7.93725994299e-05, -0.00838911999017, -0.0425277464092, 0.0573343262076, -0.022412404418, 0.00540241645649, 0.000492271326948], [0.00306156650186, -0.0424234382808, 0.0271291732788, -0.0434987172484, 0.0197509173304, -0.0242180880159, 0.0240878723562, 0.00790633168072, 0.0226681940258, -0.022412404418, 0.106454148889, -0.0542528815567, 0.012394788675], [-0.00151164992712, 0.0308626405895, -0.0147723797709, 0.0178055930883, -0.00759915588424, 0.00726411584765, -0.0133918663487, -0.0174511857331, -0.00851222593337, 0.00540241645649, -0.0542528815567, 0.0799877420068, -0.020997852087], [0.00048795924522, -0.0195152182132, 0.00775542994961, -0.0117660313845, 0.00244322349317, 0.000795501749963, 0.00294086313806, -0.00385755696334, 0.0086229974404, 0.000492271326948, 0.012394788675, -0.020997852087, 0.0557937063277]]
    },
    "melbands": {
        "dmean": [0.000388537504477, 0.000736293033697, 0.0027600727044, 0.00363519228995, 8.82646490936e-05, 4.25855287176e-05, 1.98443995032e-05, 1.9382156097e-05, 0.000114799644507, 6.54530886095e-05, 0.000129785839817, 3.14644858008e-05, 4.16540715378e-05, 8.69605282787e-05, 1.13491914817e-05, 1.04255459519e-05, 2.54915812548e-05, 0.000127800129121, 2.92173153866e-05, 8.89828443178e-05, 5.51281336811e-05, 4.62674324808e-05, 2.82714536297e-05, 9.06907735043e-06, 4.52477843282e-06, 1.80371614533e-06, 5.45610589597e-07, 3.13230827942e-07, 1.61712677027e-07, 2.06616661558e-07, 9.21216098959e-08, 4.31012878721e-08, 1.50188306236e-08, 6.86510093217e-09, 6.64453780885e-09, 2.54103671438e-09, 1.46506284882e-09, 9.93206072941e-10, 4.81315820533e-10, 3.61447455299e-10],
        "dmean2": [0.000621434359346, 0.0011689850362, 0.00413920218125, 0.00553029216826, 0.00015216092288, 7.45069046388e-05, 3.54148469341e-05, 3.47310087818e-05, 0.000194375577848, 0.000114782851597, 0.000193002284504, 4.72962237836e-05, 6.22928637313e-05, 0.0001298217976, 1.80516981345e-05, 1.75221903191e-05, 4.15464455727e-05, 0.000215929860133, 4.4320768211e-05, 0.000146105478052, 8.85771587491e-05, 8.03843286121e-05, 4.56145426142e-05, 1.54025310621e-05, 7.23488847143e-06, 2.84864768219e-06, 8.83391919615e-07, 5.4775892977e-07, 2.66390713932e-07, 3.27980046677e-07, 1.3948286437e-07, 6.73073969892e-08, 2.28827428117e-08, 1.28016246492e-08, 1.25765691195e-08, 4.46529702103e-09, 2.37059882835e-09, 1.54851831358e-09, 7.70966956942e-10, 5.25169741028e-10],
        "dvar": [1.25273572849e-07, 4.68336565973e-07, 5.13614304509e-06, 9.40799327509e-06, 5.23403764774e-09, 2.20469797974e-09, 4.06189304414e-10, 2.08267084134e-10, 1.31625430555e-08, 5.01002572761e-09, 2.38219808324e-08, 1.19023213507e-09, 2.28497620824e-09, 9.71542668537e-09, 2.37716540896e-10, 1.26264484979e-10, 8.3144063856e-10, 3.44523662932e-08, 8.41862857204e-10, 6.96632751485e-09, 2.15664508474e-09, 1.91286719797e-09, 1.05168018738e-09, 1.11770565026e-10, 2.71876913344e-11, 3.95183842247e-12, 2.68352858381e-13, 1.00165555917e-13, 3.09520407893e-14, 5.24845161635e-14, 8.12043964379e-15, 1.97782489645e-15, 1.73646889324e-16, 3.99861324952e-17, 2.81691427608e-17, 4.88712781557e-18, 1.54095073062e-18, 6.52024807652e-19, 2.77540136918e-19, 2.77069135108e-19],
        "dvar2": [3.24966606513e-07, 9.49169532305e-07, 1.33489338623e-05, 2.1648242182e-05, 1.39233788943e-08, 5.63542057463e-09, 1.27663568605e-09, 6.18239293093e-10, 3.44061774626e-08, 1.4743532617e-08, 4.59152005305e-08, 2.13946815819e-09, 4.49207515629e-09, 2.21648299714e-08, 5.68202596085e-10, 2.84278767193e-10, 1.82928450165e-09, 9.99389655476e-08, 2.30690577752e-09, 2.1299014108e-08, 5.07587838428e-09, 5.26601873219e-09, 2.73619593649e-09, 2.77302431018e-10, 7.27508123188e-11, 1.18318037659e-11, 5.55022174054e-13, 2.78512971149e-13, 9.17328618123e-14, 1.4657276315e-13, 1.40620818483e-14, 4.24147724931e-15, 3.99890315978e-16, 1.05800886973e-16, 7.11104276252e-17, 1.23571320569e-17, 3.24963797303e-18, 1.75790211072e-18, 4.56422907467e-19, 5.35951928967e-19],
        "max": [0.00292313471437, 0.00404591998085, 0.0130682624876, 0.0155594879761, 0.000482533912873, 0.000365045154467, 0.000146348713315, 8.44041351229e-05, 0.000697294832207, 0.0004134971241, 0.00110517221037, 0.000361270533176, 0.000359739526175, 0.000829174707178, 0.000147856073454, 6.84693586663e-05, 0.000221363588935, 0.00104283692781, 0.000209802092286, 0.000561344902962, 0.000384732295061, 0.000303255423205, 0.000261649198364, 7.09596570232e-05, 3.10810391966e-05, 1.49231082105e-05, 3.79278526452e-06, 2.59055377683e-06, 1.19862636438e-06, 1.43551324072e-06, 7.74257728153e-07, 4.56097041024e-07, 1.17467784833e-07, 3.52512330437e-08, 2.50575418193e-08, 1.56895119119e-08, 8.25158696927e-09, 5.28144861178e-09, 4.37203784287e-09, 4.91407092795e-09],
        "mean": [0.000578289735131, 0.00118074764032, 0.004565957468, 0.00569977657869, 0.000126296537928, 6.17750774836e-05, 3.13077071041e-05, 3.23813837895e-05, 0.00017166712496, 8.50161013659e-05, 0.000196447610506, 5.60244807275e-05, 7.91444253991e-05, 0.000147717219079, 1.97466451937e-05, 1.6886906451e-05, 3.62642858818e-05, 0.00017040327657, 4.99956222484e-05, 0.000139909956488, 8.60500949784e-05, 7.1724258305e-05, 5.34622049599e-05, 1.52726825036e-05, 8.84818564373e-06, 3.23361018673e-06, 1.22545986869e-06, 6.52435460324e-07, 3.34598496465e-07, 4.45634924517e-07, 2.83714342686e-07, 1.26552905044e-07, 3.48372530823e-08, 8.28485546833e-09, 6.94327262352e-09, 4.28375024342e-09, 3.40967343249e-09, 2.38043695866e-09, 1.36024524977e-09, 8.02777178066e-10],
        "median": [0.000458373484435, 0.000933290284593, 0.00432809116319, 0.00483085587621, 0.000102425168734, 4.83709154651e-05, 2.69376305368e-05, 2.75681431958e-05, 0.00012124433124, 6.30640861345e-05, 0.000125989405205, 3.82155849366e-05, 6.01679639658e-05, 0.00010570968152, 1.29623131215e-05, 1.34292276925e-05, 2.61513050646e-05, 9.6369687526e-05, 3.83616243198e-05, 0.000109796710603, 6.21670405963e-05, 4.7883062507e-05, 4.02793484682e-05, 1.18381831271e-05, 7.34477544029e-06, 2.83169174509e-06, 1.09006180082e-06, 5.65428024402e-07, 2.90627781396e-07, 3.48409798789e-07, 2.42622803626e-07, 1.03095381121e-07, 3.03217682074e-08, 6.32426200298e-09, 4.53160486913e-09, 3.44550721287e-09, 3.07542036282e-09, 2.15003281845e-09, 1.24426957626e-09, 6.5733890553e-10],
        "min": [1.95113243535e-05, 2.72387133009e-05, 7.38917078706e-05, 2.59376320173e-05, 1.3959432863e-06, 6.71378472816e-07, 2.21283514179e-07, 8.47977105423e-07, 8.03856835319e-07, 3.53021505362e-07, 3.62130413123e-06, 2.99276098303e-06, 1.9058639964e-06, 1.37068991535e-06, 1.0653254634e-07, 1.63913085771e-07, 4.36865605025e-07, 4.47862845476e-07, 1.26318968796e-06, 3.07241703013e-06, 9.99764210974e-07, 1.39586938985e-06, 1.63907259321e-06, 4.06080744142e-07, 7.43033510275e-08, 3.68620902691e-08, 5.20316589814e-08, 1.16936567096e-08, 6.22863094435e-09, 5.98684923858e-09, 1.51162404816e-09, 2.39492847776e-09, 5.86577175721e-10, 3.22458559854e-10, 2.07623668258e-10, 1.09363920697e-10, 7.17134684969e-11, 9.98141222452e-11, 1.45138775998e-10, 7.60233889729e-11],
        "var": [2.25822532229e-07, 8.36226263345e-07, 8.57526902109e-06, 1.53637120093e-05, 8.39524982865e-09, 2.58051513491e-09, 4.46011338973e-10, 3.10242054269e-10, 1.92965856627e-08, 5.03529040685e-09, 4.26939443798e-08, 2.86940138317e-09, 4.42071534934e-09, 1.89360314096e-08, 5.04711050731e-10, 1.75148701098e-10, 1.20389687108e-09, 4.07236306899e-08, 1.55971691118e-09, 1.14147171715e-08, 5.31543742355e-09, 3.62848129321e-09, 1.83286252842e-09, 1.50878878835e-10, 3.89812696011e-11, 4.7447224101e-12, 5.64611129118e-13, 1.43570295626e-13, 4.46700205851e-14, 8.3977218083e-14, 2.95070872846e-14, 7.50657114999e-15, 5.38432163032e-16, 3.75535299713e-17, 2.86020857847e-17, 6.9893932803e-18, 3.0920875701e-18, 1.38942489088e-18, 5.34575035138e-19, 3.68049076321e-19]
    },
    "mfcc": {
        "mean": [-680.882568359, 208.15663147, -72.6638946533, 49.2079925537, 22.4221038818, 9.14930057526, 0.131291463971, 14.0898265839, 18.4058456421, -8.8700094223, -11.0340032578, -10.9425563812, -17.7888298035],
        "cov": [[812.370666504, 23.4014549255, -254.185272217, 2.57106399536, -84.1759338379, 32.6141967773, -44.8590278625, -19.5443706512, -11.3347883224, -1.70778810978, 29.7325897217, 25.5135707855, -18.3477573395], [23.4014549255, 106.832107544, 27.4003715515, 13.0776329041, -14.9837932587, -2.23830389977, 25.8992099762, -9.52221488953, 27.1677417755, -5.70927238464, -1.85806357861, -6.18668889999, -3.60013914108], [-254.185272217, 27.4003715515, 154.167694092, 14.099190712, 18.3088302612, -10.8464832306, 10.0960330963, 2.92441439629, 0.711669743061, 2.37880063057, -15.1926488876, -12.076128006, -1.80553889275], [2.57106399536, 13.0776329041, 14.099190712, 44.9798622131, 11.1436519623, -8.26733779907, -8.79839897156, -14.0155677795, -2.20582032204, -9.21535205841, -1.6294567585, -1.64520061016, -6.04377841949], [-84.1759338379, -14.9837932587, 18.3088302612, 11.1436519623, 54.3729438782, 15.9473171234, 8.5795135498, 2.33202600479, -4.31955718994, 5.81714057922, -3.51747512817, 3.77012729645, 11.3195066452], [32.6141967773, -2.23830389977, -10.8464832306, -8.26733779907, 15.9473171234, 51.6530799866, 15.5154323578, 0.557743489742, -9.28994464874, 6.45146274567, 6.63358974457, 2.01159977913, 6.12164163589], [-44.8590278625, 25.8992099762, 10.0960330963, -8.79839897156, 8.5795135498, 15.5154323578, 48.9393463135, 14.6351289749, 13.7018117905, -0.574418723583, -4.8044090271, 0.757408320904, 3.18466830254], [-19.5443706512, -9.52221488953, 2.92441439629, -14.0155677795, 2.33202600479, 0.557743489742, 14.6351289749, 32.7681770325, 4.118227005, 2.5416238308, -3.85138607025, 5.5332736969, 6.91217851639], [-11.3347883224, 27.1677417755, 0.711669743061, -2.20582032204, -4.31955718994, -9.28994464874, 13.7018117905, 4.118227005, 45.4492149353, 9.19680595398, 5.39328050613, 9.83744716644, 5.02950572968], [-1.70778810978, -5.70927238464, 2.37880063057, -9.21535205841, 5.81714057922, 6.45146274567, -0.574418723583, 2.5416238308, 9.19680595398, 32.4775276184, 10.9572954178, 7.00406503677, 6.5821223259], [29.7325897217, -1.85806357861, -15.1926488876, -1.6294567585, -3.51747512817, 6.63358974457, -4.8044090271, -3.85138607025, 5.39328050613, 10.9572954178, 39.3217544556, 20.2852706909, 2.56779956818], [25.5135707855, -6.18668889999, -12.076128006, -1.64520061016, 3.77012729645, 2.01159977913, 0.757408320904, 5.5332736969, 9.83744716644, 7.00406503677, 20.2852706909, 38.6092300415, 18.2980899811], [-18.3477573395, -3.60013914108, -1.80553889275, -6.04377841949, 11.3195066452, 6.12164163589, 3.18466830254, 6.91217851639, 5.02950572968, 6.5821223259, 2.56779956818, 18.2980899811, 42.5094490051]],
