{
"lowlevel": {
    "average_loudness": 0.989424169064,
    "barkbands_crest": {
        "dmean": 3.27941608429,
        "dmean2": 5.72523736954,
        "dvar": 7.45922708511,
        "dvar2": 19.4895095825,
        "max": 24.2776279449,
        "mean": 18.8076019287,
        "median": 19.3303070068,
        "min": 6.71918153763,
        "var": 12.3242692947
    },
    "barkbands_flatness_db": {
        "dmean": 0.0319766141474,
        "dmean2": 0.0573415830731,
        "dvar": 0.000637074757833,
        "dvar2": 0.0016261395067,
        "max": 0.361603826284,
        "mean": 0.280557185411,
        "median": 0.289139926434,
        "min": 0.176423832774,
        "var": 0.00181987928227
    },
    "barkbands_kurtosis": {
        "dmean": 11.7392406464,
        "dmean2": 20.2674427032,
        "dvar": 102.556503296,
        "dvar2": 296.77456665,
        "max": 62.3905563354,
        "mean": 20.6002445221,
        "median": 18.1663341522,
        "min": 0.0583708286285,
        "var": 206.379074097
    },
    "barkbands_skewness": {
        "dmean": 1.1158169508,
        "dmean2": 1.97584199905,
        "dvar": 0.758057892323,
        "dvar2": 2.11664581299,
        "max": 6.9184679985,
        "mean": 4.03032112122,
        "median": 4.11857461929,
        "min": 1.20786321163,
        "var": 1.72379267216
    },
    "barkbands_spread": {
        "dmean": 3.66778445244,
        "dmean2": 6.44750785828,
        "dvar": 11.5282306671,
        "dvar2": 27.6311759949,
        "max": 25.5345668793,
        "mean": 7.91609525681,
        "median": 6.29935836792,
        "min": 1.72146749496,
        "var": 28.1594944
    },
    "dissonance": {
        "dmean": 0.014896446839,
        "dmean2": 0.0239676088095,
        "dvar": 0.000164958401001,
        "dvar2": 0.00041690148646,
        "max": 0.499344408512,
        "mean": 0.474695563316,
        "median": 0.478547811508,
        "min": 0.391792565584,
        "var": 0.000271724769846
    },
    "dynamic_complexity": 0.559606671333,
    "erbbands_crest": {
        "dmean": 1.99973654747,
        "dmean2": 3.16896748543,
        "dvar": 2.94879150391,
        "dvar2": 7.45719242096,
        "max": 19.7299671173,
        "mean": 7.19908761978,
        "median": 6.73086977005,
        "min": 3.60488891602,
        "var": 5.71644496918
    },
    "erbbands_flatness_db": {
        "dmean": 0.010243838653,
        "dmean2": 0.0163174457848,
        "dvar": 0.000138383737067,
        "dvar2": 0.00024992210092,
        "max": 0.252382934093,
        "mean": 0.207844659686,
        "median": 0.207266002893,
        "min": 0.112599276006,
        "var": 0.000239212793531
    },
    "erbbands_kurtosis": {
        "dmean": 0.514322340488,
        "dmean2": 0.842176377773,
        "dvar": 0.31199207902,
        "dvar2": 0.820365428925,
        "max": 1.91215658188,
        "mean": -0.900119960308,
        "median": -1.0641143322,
        "min": -1.66157758236,
        "var": 0.471498727798
    },
    "erbbands_skewness": {
        "dmean": 0.462716042995,
        "dmean2": 0.692245304585,
        "dvar": 0.116211406887,
        "dvar2": 0.403768569231,
        "max": 1.52757954597,
        "mean": -0.176895946264,
        "median": -0.168490260839,
        "min": -1.76991307735,
        "var": 0.3563824296
    },
    "erbbands_spread": {
        "dmean": 8.30877590179,
        "dmean2": 14.3434591293,
        "dvar": 32.398525238,
        "dvar2": 99.9821548462,
        "max": 64.1940612793,
        "mean": 48.3820304871,
        "median": 49.1824226379,
        "min": 28.0316352844,
        "var": 68.4718551636
    },
    "hfc": {
        "dmean": 5.16548633575,
        "dmean2": 8.56015968323,
        "dvar": 22.1372890472,
        "dvar2": 47.3310966492,
        "max": 69.9398193359,
        "mean": 21.7045822144,
        "median": 20.0689048767,
        "min": 0.338923424482,
        "var": 80.8303985596
    },
    "melbands_crest": {
        "dmean": 2.39765405655,
        "dmean2": 4.07717990875,
        "dvar": 3.03706216812,
        "dvar2": 9.18942070007,
        "max": 26.556602478,
        "mean": 20.7285442352,
        "median": 20.8423080444,
        "min": 13.2577562332,
        "var": 7.58732748032
    },
    "melbands_flatness_db": {
        "dmean": 0.0363885238767,
        "dmean2": 0.0653817504644,
        "dvar": 0.000795245228801,
        "dvar2": 0.00207615015097,
        "max": 0.491513043642,
        "mean": 0.392090082169,
        "median": 0.399012029171,
        "min": 0.272922039032,
        "var": 0.00230348645709
    },
    "melbands_kurtosis": {
        "dmean": 24.5725231171,
        "dmean2": 43.8731575012,
        "dvar": 431.975219727,
        "dvar2": 1180.53259277,
        "max": 131.087249756,
        "mean": 54.6157226562,
        "median": 51.0719223022,
        "min": 6.15919399261,
        "var": 821.23260498
    },
    "melbands_skewness": {
        "dmean": 1.42250418663,
        "dmean2": 2.58419513702,
        "dvar": 1.2426789999,
        "dvar2": 3.46653103828,
        "max": 9.13668823242,
        "mean": 6.1607003212,
        "median": 6.22610187531,
        "min": 2.56618404388,
        "var": 2.33171105385
    },
    "melbands_spread": {
        "dmean": 2.68020343781,
        "dmean2": 4.83814287186,
        "dvar": 8.85138511658,
        "dvar2": 22.4058971405,
        "max": 21.8622627258,
        "mean": 5.35727119446,
        "median": 4.02465629578,
        "min": 1.27549540997,
        "var": 15.7713794708
    },
    "pitch_salience": {
        "dmean": 0.0919414237142,
        "dmean2": 0.158283948898,
        "dvar": 0.0049270009622,
        "dvar2": 0.0137830693275,
        "max": 0.686110079288,
        "mean": 0.3110280931,
        "median": 0.284538686275,
        "min": 0.169638708234,
        "var": 0.0112037723884
    },
    "silence_rate_20dB": {
        "dmean": 0,
        "dmean2": 0,
        "dvar": 0,
        "dvar2": 0,
        "max": 1,
        "mean": 1,
        "median": 1,
        "min": 1,
        "var": 0
    },
    "silence_rate_30dB": {
        "dmean": 0.133333340287,
        "dmean2": 0.268907576799,
        "dvar": 0.115555480123,
        "dvar2": 0.247016564012,
        "max": 1,
        "mean": 0.181818187237,
        "median": 0,
        "min": 0,
        "var": 0.148760572076
    },
    "silence_rate_60dB": {
        "dmean": 0,
        "dmean2": 0,
        "dvar": 0,
        "dvar2": 0,
        "max": 0,
        "mean": 0,
        "median": 0,
        "min": 0,
        "var": 0
    },
    "spectral_centroid": {
        "dmean": 208.145309448,
        "dmean2": 336.455596924,
        "dvar": 23978.34375,
        "dvar2": 56634.9140625,
        "max": 1600.1998291,
        "mean": 727.705993652,
        "median": 709.246276855,
        "min": 244.751586914,
        "var": 93158.8203125
    },
    "spectral_complexity": {
        "dmean": 3.08333325386,
        "dmean2": 5.21848726273,
        "dvar": 8.70971870422,
        "dvar2": 18.1203346252,
        "max": 34,
        "mean": 20.5619831085,
        "median": 20,
        "min": 1,
        "var": 29.5849990845
    },
    "spectral_decrease": {
        "dmean": 1.22721495188e-08,
        "dmean2": 2.22154028506e-08,
        "dvar": 6.26363195917e-17,
        "dvar2": 1.94332095641e-16,
        "max": -4.95287311164e-10,
        "mean": -3.11072518855e-08,
        "median": -3.09395602471e-08,
        "min": -4.81154955878e-08,
        "var": 9.49296558465e-17
    },
    "spectral_energy": {
        "dmean": 0.0466545261443,
        "dmean2": 0.0844498947263,
        "dvar": 0.000902120955288,
        "dvar2": 0.00279657263309,
        "max": 0.183563530445,
        "mean": 0.119374327362,
        "median": 0.118607513607,
        "min": 0.00190006860066,
        "var": 0.00137340836227
    },
    "spectral_energyband_high": {
        "dmean": 3.85301318602e-05,
        "dmean2": 5.93878139625e-05,
        "dvar": 1.88853399585e-09,
        "dvar2": 4.34657199122e-09,
        "max": 0.000395664595999,
        "mean": 0.000108308769995,
        "median": 8.24808012112e-05,
        "min": 4.44927445642e-06,
        "var": 8.17829359789e-09
    },
    "spectral_energyband_low": {
        "dmean": 0.04647224769,
        "dmean2": 0.0833203569055,
        "dvar": 0.000938435259741,
        "dvar2": 0.00304388976656,
        "max": 0.169698178768,
        "mean": 0.102059587836,
        "median": 0.10331697762,
        "min": 0.00129155837931,
        "var": 0.00144685804844
    },
    "spectral_energyband_middle_high": {
        "dmean": 0.00168986071367,
        "dmean2": 0.00251298071817,
        "dvar": 4.25776988777e-06,
        "dvar2": 8.379078281e-06,
        "max": 0.0271659269929,
        "mean": 0.00507539976388,
        "median": 0.00394646264613,
        "min": 5.01200702274e-05,
        "var": 1.66247482412e-05
    },
    "spectral_energyband_middle_low": {
        "dmean": 0.0052987630479,
        "dmean2": 0.00927632860839,
        "dvar": 2.92764143524e-05,
        "dvar2": 8.31362558529e-05,
        "max": 0.0536110959947,
        "mean": 0.0131542645395,
        "median": 0.0121948886663,
        "min": 0.000420023512561,
        "var": 4.11330111092e-05
    },
    "spectral_entropy": {
        "dmean": 0.15097656846,
        "dmean2": 0.250453203917,
        "dvar": 0.0161795672029,
        "dvar2": 0.0476520135999,
        "max": 7.60448312759,
        "mean": 7.02402067184,
        "median": 7.04646253586,
        "min": 6.38176250458,
        "var": 0.0407645180821
    },
    "spectral_flux": {
        "dmean": 0.0371532402933,
        "dmean2": 0.0592999346554,
        "dvar": 0.00107376475353,
        "dvar2": 0.00281536998227,
        "max": 0.274183988571,
        "mean": 0.141912743449,
        "median": 0.134815379977,
        "min": 0.0596674531698,
        "var": 0.001906322781
    },
    "spectral_kurtosis": {
        "dmean": 4.62543439865,
        "dmean2": 8.13176345825,
        "dvar": 14.4265861511,
        "dvar2": 42.1463127136,
        "max": 32.4774551392,
        "mean": 8.3672618866,
        "median": 7.3880147934,
        "min": 1.80030107498,
        "var": 20.7508144379
    },
    "spectral_rms": {
        "dmean": 0.00219030166045,
        "dmean2": 0.00393359456211,
        "dvar": 2.25763233175e-06,
        "dvar2": 6.24971153229e-06,
        "max": 0.0133823156357,
        "mean": 0.0106273172423,
        "median": 0.0107570746914,
        "min": 0.00136151583865,
        "var": 3.52287406713e-06
    },
    "spectral_rolloff": {
        "dmean": 141.221923828,
        "dmean2": 269.979309082,
        "dvar": 79913.4765625,
        "dvar2": 229312.90625,
        "max": 1593.45703125,
        "mean": 207.323822021,
        "median": 107.666015625,
        "min": 86.1328125,
        "var": 55542.7734375
    },
    "spectral_skewness": {
        "dmean": 0.398020654917,
        "dmean2": 0.693402409554,
        "dvar": 0.0918909460306,
        "dvar2": 0.254492759705,
        "max": 4.05564785004,
        "mean": 1.68771111965,
        "median": 1.65613126755,
        "min": 0.81339931488,
        "var": 0.238763004541
    },
    "spectral_spread": {
        "dmean": 238874.953125,
        "dmean2": 359796.5,
        "dvar": 324004315136,
        "dvar2": 264155152384,
        "max": 9311655,
        "mean": 2346366.75,
        "median": 2261404.5,
        "min": 1870689.875,
        "var": 453128159232
    },
    "spectral_strongpeak": {
        "dmean": 0.268980801105,
        "dmean2": 0.444225281477,
        "dvar": 0.0598910115659,
        "dvar2": 0.152706801891,
        "max": 2.13934850693,
        "mean": 0.981470286846,
        "median": 0.975148975849,
        "min": 0,
        "var": 0.103913247585
    },
    "zerocrossingrate": {
        "dmean": 0.0032958984375,
        "dmean2": 0.00439453125,
        "dvar": 7.77343939262e-06,
        "dvar2": 1.46697548189e-05,
        "max": 0.0322265625,
        "mean": 0.0154958674684,
        "median": 0.0146484375,
        "min": 0.00439453125,
        "var": 3.47845598299e-05
    },
    "barkbands": {
        "dmean": [0.000136835777084, 0.0409114360809, 0.0108807589859, 0.00194639572874, 0.00455960491672, 0.000846218434162, 0.00118676607963, 0.00025199475931, 0.000140927528264, 0.000229804063565, 0.000368906505173, 3.00348056044e-05, 2.98434952128e-05, 0.000423187681008, 0.000294861238217, 0.000626345456112, 0.000680011929944, 7.01239332557e-05, 4.06832368753e-05, 1.60101535585e-05, 2.95538302453e-05, 1.91979211195e-06, 4.24134611876e-07, 2.27293256216e-07, 5.69325102617e-08, 6.08673431657e-08, 1.38852067622e-08],
        "dmean2": [0.000220795671339, 0.0721368119121, 0.018876824528, 0.00322880945168, 0.00798015855253, 0.0014974741498, 0.00191798619926, 0.000424673751695, 0.000240840876359, 0.00037531851558, 0.000599735532887, 5.39735810889e-05, 5.04251474922e-05, 0.000692502304446, 0.000504223629832, 0.000996287562884, 0.00110598944593, 0.00011870747403, 7.2014714533e-05, 2.52199824899e-05, 4.3355019443e-05, 3.0882572446e-06, 7.84301278145e-07, 3.84877921533e-07, 9.00589469666e-08, 9.80125633987e-08, 2.22698268715e-08],
        "dvar": [4.90169398404e-08, 0.000735007924959, 6.06177127338e-05, 2.47075922744e-06, 2.66806764557e-05, 7.19271383787e-07, 1.6205369775e-06, 6.53529852457e-08, 2.28991243745e-08, 8.48180121693e-08, 1.74043620405e-07, 1.28782506881e-09, 6.72570554805e-10, 1.6933245206e-07, 8.68649152608e-08, 7.67777237343e-07, 2.12538293454e-06, 8.45716208175e-09, 1.69252800664e-09, 9.33230936973e-10, 1.16592402399e-09, 3.79170696577e-12, 1.36387686626e-13, 5.1222769109e-14, 6.80033710143e-15, 4.13217738835e-15, 1.36338889058e-15],
        "dvar2": [1.06447885173e-07, 0.00248463032767, 0.000199545174837, 6.48507875667e-06, 7.27281221771e-05, 1.87802913842e-06, 4.44307124781e-06, 1.94000435272e-07, 6.90037822437e-08, 2.42144068352e-07, 5.45091836557e-07, 3.75362585459e-09, 1.7647157069e-09, 4.14489562672e-07, 2.5085694233e-07, 1.89074376067e-06, 5.8270225054e-06, 2.39900490584e-08, 4.70414684983e-09, 2.47958165112e-09, 2.30163244019e-09, 9.31340681659e-12, 3.83756476032e-13, 1.2891116397e-13, 1.40368292551e-14, 1.0492642657e-14, 2.96280393543e-15],
        "max": [0.00212854286656, 0.155055224895, 0.0493880063295, 0.0117918327451, 0.0450050756335, 0.00504193454981, 0.00838530808687, 0.00206583086401, 0.00108404958155, 0.00258130184375, 0.00266883336008, 0.000238231004914, 0.00018349919992, 0.00299528101459, 0.00263788527809, 0.00758028589189, 0.0138202812523, 0.000704901409335, 0.000297443795716, 0.00029247594648, 0.000332235853421, 2.13307230297e-05, 3.42311227541e-06, 1.87193859347e-06, 8.07628680377e-07, 5.42959355698e-07, 4.40109204192e-07],
        "mean": [0.000154241904966, 0.0853859037161, 0.0155122606084, 0.00276742340066, 0.00664633279666, 0.00132764014415, 0.00168595835567, 0.000421770469984, 0.000274864287348, 0.000604480097536, 0.000639942416456, 5.13443701493e-05, 5.41652952961e-05, 0.000821907189675, 0.000596064317506, 0.00103800022043, 0.0010371922981, 0.000163188655279, 7.25543723092e-05, 2.94871952065e-05, 8.32865625853e-05, 4.82818040837e-06, 7.83752170719e-07, 6.34933655874e-07, 1.74709299472e-07, 1.58198005806e-07, 6.85784087295e-08],
        "median": [7.62839699746e-05, 0.088058590889, 0.0134344287217, 0.00234351726249, 0.00565119739622, 0.00113090791274, 0.00136538629886, 0.000337791105267, 0.000211243270314, 0.000440000265371, 0.000459809787571, 3.87282998418e-05, 4.346332571e-05, 0.000719924690202, 0.00052510027308, 0.000644293497317, 0.00046783866128, 0.000125276230392, 5.10483259859e-05, 1.16962837637e-05, 6.97721989127e-05, 3.77860283152e-06, 7.23273501535e-07, 5.30640079432e-07, 1.40254229564e-07, 1.36612214874e-07, 5.85819179832e-08],
        "min": [7.88483816905e-07, 0.000707577681169, 0.000287152244709, 5.94302255195e-05, 0.000200654030778, 3.10068280669e-05, 3.92203182855e-05, 4.5826236601e-06, 6.89413673172e-06, 4.96687789564e-07, 1.48050162352e-06, 6.13253007486e-07, 1.82468636467e-06, 3.12318093165e-06, 3.10040513796e-06, 1.08751428343e-05, 1.81594969035e-05, 7.98244400357e-06, 2.06441086448e-06, 8.23121922622e-07, 1.29889872369e-06, 6.40342477709e-07, 2.00338376999e-07, 1.54153482868e-07, 5.26781214205e-08, 4.35876721383e-08, 3.03051201911e-08],
        "var": [6.89874681825e-08, 0.00115656841081, 0.000106162107841, 4.26586439062e-06, 2.88135488518e-05, 8.18105661438e-07, 2.02967294172e-06, 1.02223516762e-07, 3.79998290612e-08, 3.15693228004e-07, 3.43186201235e-07, 1.73787828572e-09, 1.5020151789e-09, 3.45814072489e-07, 1.87784294781e-07, 1.30966964207e-06, 2.8812871733e-06, 1.84151041083e-08, 3.61134078197e-09, 2.0361596853e-09, 5.06085973129e-09, 1.18037324706e-11, 1.93377377913e-13, 1.23905578723e-13, 1.34253265243e-14, 7.83307270501e-15, 2.4520473034e-15]
    },
    "erbbands": {
        "dmean": [0.625470399857, 10.8641910553, 17.9053707123, 4.27350711823, 10.7920818329, 19.2107601166, 7.76239967346, 6.61585521698, 12.0672140121, 17.2731876373, 6.29247713089, 3.2403626442, 2.23807835579, 19.7256851196, 5.38374137878, 1.08658230305, 1.48595893383, 13.1509027481, 21.817943573, 14.3258714676, 40.2871551514, 29.9395713806, 4.82668209076, 3.80335021019, 0.98310059309, 0.687359154224, 1.17468142509, 1.05975019932, 0.107915826142, 0.0150328958407, 0.0116916419938, 0.00763822067529, 0.00221680640243, 0.000875276688021, 0.000313229684252, 0.000393277325202, 7.19235758879e-05, 1.14089825729e-05, 2.09403915505e-05, 5.03238261444e-05],
        "dmean2": [1.13411414623, 19.2094078064, 30.9475955963, 7.51813554764, 18.2489757538, 34.440536499, 13.7523603439, 11.8738603592, 20.1472358704, 28.5050201416, 10.7989864349, 5.47572660446, 3.80588102341, 32.3594436646, 8.42503166199, 1.86628460884, 2.52392172813, 21.6612224579, 35.6183433533, 22.7664299011, 61.2632713318, 46.8726921082, 7.67163133621, 6.70525455475, 1.51370596886, 1.07000160217, 1.78832793236, 1.57877779007, 0.15971493721, 0.0255427286029, 0.021253535524, 0.0135620832443, 0.00355197233148, 0.00138386024628, 0.000503019604366, 0.000650922826026, 0.00011540446576, 2.0079945898e-05, 3.78545701096e-05, 9.12170798983e-05],
        "dvar": [0.223889932036, 53.2445678711, 147.015167236, 14.2112054825, 104.798988342, 648.359985352, 43.3499946594, 46.3285522461, 252.243515015, 381.903167725, 49.862991333, 11.8703298569, 6.8049697876, 575.134643555, 34.5890960693, 1.41152799129, 1.74521768093, 238.152069092, 446.023071289, 224.559188843, 3908.91186523, 2602.33984375, 34.2928276062, 18.7091026306, 2.33796644211, 1.47132742405, 2.1614844799, 2.32356667519, 0.0129261957482, 0.000159377232194, 9.47348598856e-05, 7.28155209799e-05, 4.03021704187e-06, 1.38027814955e-06, 2.34140159705e-07, 1.35308511062e-07, 8.82824569004e-09, 5.97870863928e-10, 1.84750048593e-10, 1.05035524722e-09],
        "dvar2": [0.729917228222, 174.786880493, 504.999237061, 40.9598579407, 290.43359375, 1758.76550293, 129.457489014, 114.441940308, 541.011779785, 1180.33337402, 149.346832275, 36.9337387085, 16.7039451599, 1780.42700195, 101.115188599, 3.50908684731, 4.47808551788, 604.551757812, 1190.37304688, 575.570800781, 8443.82324219, 6555.27978516, 80.0914611816, 54.7170295715, 5.59966993332, 4.13857460022, 5.32525014877, 3.44014692307, 0.0227587688714, 0.000415459100623, 0.000267287832685, 0.000188028658158, 9.47904391069e-06, 3.16197952088e-06, 4.90331728997e-07, 3.32807985615e-07, 2.1120671434e-08, 1.27692401097e-09, 5.85271053843e-10, 3.23915205769e-09],
        "max": [2.58795762062, 40.1988296509, 84.9509963989, 24.7722396851, 62.9826545715, 224.579483032, 38.0550346375, 45.3718681335, 126.670135498, 170.047149658, 49.9849395752, 27.6319274902, 21.8188171387, 184.529159546, 52.1134986877, 9.92858886719, 10.992228508, 98.9976348877, 179.116897583, 118.489181519, 575.958007812, 524.99810791, 65.6042709351, 30.2113056183, 18.9289531708, 11.7861394882, 13.3794050217, 19.569234848, 1.40405642986, 0.146124377847, 0.0964946374297, 0.0613685362041, 0.0190143063664, 0.0112917581573, 0.00455405004323, 0.0033861414995, 0.000899750913959, 0.00026786304079, 0.000105620929389, 0.000200034846785],
        "mean": [0.968361854553, 23.1654548645, 33.4522171021, 8.47067451477, 16.8671417236, 26.5473270416, 12.2665109634, 10.4522800446, 17.6879138947, 22.1913414001, 9.52054214478, 6.16728496552, 5.83712863922, 43.9137306213, 10.3143501282, 2.32537460327, 3.06206607819, 23.0614032745, 48.3630638123, 31.3902702332, 66.6758804321, 51.9793586731, 12.3794364929, 7.42372894287, 2.0217089653, 1.30743038654, 2.36700582504, 3.49568033218, 0.365754961967, 0.0377882309258, 0.0253696702421, 0.0178473833948, 0.00747595354915, 0.00262515153736, 0.000998571864329, 0.00112411682494, 0.00019212627376, 2.88700230158e-05, 6.20238351985e-05, 0.000131923050503],
        "median": [0.888639569283, 23.64544487, 31.205904007, 7.85974740982, 14.0102262497, 20.6888160706, 9.9496383667, 8.683634758, 12.9034547806, 17.6283626556, 7.86235761642, 5.04108428955, 4.42904233932, 32.1259765625, 7.34234666824, 1.75359177589, 2.40513348579, 19.0144462585, 41.7986602783, 25.9158992767, 35.9881134033, 25.6440601349, 7.93504428864, 6.38231182098, 1.02760446072, 0.550834357738, 1.20507586002, 2.5175755024, 0.287318110466, 0.0341218225658, 0.0233740843832, 0.0142583390698, 0.0065243425779, 0.00217675417662, 0.000784701493103, 0.00101023889147, 0.000166320547578, 2.11518490687e-05, 6.08083100815e-05, 0.000132019209559],
        "min": [0.026059102267, 0.139550358057, 0.333626627922, 0.423802495003, 0.582048475742, 0.689945936203, 0.410456985235, 0.233873009682, 0.5341116786, 0.353120446205, 0.139970943332, 0.166571572423, 0.0245654061437, 0.0232517533004, 0.0617364682257, 0.0302529539913, 0.0838107466698, 0.146814495325, 0.129824593663, 0.308537364006, 0.880479454994, 0.825773179531, 0.511915504932, 0.223988875747, 0.0515699237585, 0.04027088359, 0.06244661659, 0.036712013185, 0.0249029695988, 0.00921190436929, 0.00650437176228, 0.00382517138496, 0.00220157625154, 0.000891231349669, 0.000341128732543, 0.000349196867319, 6.68411812512e-05, 1.00062115962e-05, 2.58584932453e-05, 7.70356564317e-06],
        "var": [0.247585862875, 85.4930648804, 261.496826172, 18.2867889404, 136.007049561, 635.811096191, 55.573890686, 51.9388122559, 285.138977051, 442.589111328, 59.7825737, 19.5947570801, 18.6501674652, 1680.98583984, 78.6218414307, 3.08589935303, 4.35475873947, 366.310516357, 965.659179688, 491.740966797, 7967.90185547, 4936.36035156, 132.567977905, 29.4518432617, 7.47094964981, 3.35825109482, 6.16544961929, 12.6090593338, 0.0712973773479, 0.000483501469716, 0.000181147421245, 0.000125138059957, 1.20571203297e-05, 2.5032859412e-06, 4.66250781983e-07, 2.96826215163e-07, 1.44784966238e-08, 1.05759900837e-09, 2.61521498901e-10, 1.5906186368e-09]
    },
    "gfcc": {
        "mean": [-26.279706955, 184.479309082, -121.144569397, 51.0061340332, -3.11321973801, -7.77341127396, -17.8718490601, -1.93782317638, 5.48228359222, -3.06129360199, -17.584980011, -5.28487825394, 11.586148262],
        "cov": [[693.910949707, 31.0463218689, -351.054199219, 4.14355516434, -54.3075447083, -32.1447525024, 62.8150405884, 7.71894645691, -24.7653427124, 24.5189151764, -33.9708557129, 15.2695646286, 60.5627326965], [31.0463218689, 107.445663452, 20.1473827362, -18.1225681305, 18.4314479828, -2.49886250496, 20.5010452271, -14.5771780014, 17.0379886627, -12.2373037338, 7.10144948959, -17.1899242401, 9.96917915344], [-351.054199219, 20.1473827362, 257.977813721, -6.00602817535, 26.6411876678, 19.0252494812, -25.3203620911, -5.83610486984, 19.0704441071, -9.53837585449, 23.0268669128, -16.7156448364, -36.9293670654], [4.14355516434, -18.1225681305, -6.00602817535, 41.5949554443, 12.0298061371, -10.5024423599, 5.22260570526, -6.88242101669, -7.77763366699, -1.81679022312, 0.707683146, -2.04638576508, 11.1524629593], [-54.3075447083, 18.4314479828, 26.6411876678, 12.0298061371, 81.3044128418, 8.12832736969, 1.27894866467, 8.73086738586, 12.9441947937, -22.3890953064, 6.30734491348, 4.77338886261, 12.5352334976], [-32.1447525024, -2.49886250496, 19.0252494812, -10.5024423599, 8.12832736969, 32.5661392212, 8.00475597382, 0.882273495197, 3.8058784008, -1.3340382576, 3.09554791451, -0.334272474051, 0.521844923496], [62.8150405884, 20.5010452271, -25.3203620911, 5.22260570526, 1.27894866467, 8.00475597382, 55.3346290588, 4.62748193741, -0.857917249203, -0.0267246253788, -4.55270624161, -6.31688451767, 18.3301353455], [7.71894645691, -14.5771780014, -5.83610486984, -6.88242101669, 8.73086738586, 0.882273495197, 4.62748193741, 35.4615859985, 13.0224847794, -1.66554951668, 1.39609396458, 3.19889450073, -4.57188510895], [-24.7653427124, 17.0379886627, 19.0704441071, -7.77763366699, 12.9441947937, 3.8058784008, -0.857917249203, 13.0224847794, 42.141746521, 8.14625835419, 3.89726018906, -5.35687446594, -8.70619678497], [24.5189151764, -12.2373037338, -9.53837585449, -1.81679022312, -22.3890953064, -1.3340382576, -0.0267246253788, -1.66554951668, 8.14625835419, 36.4069595337, 3.97108221054, -7.84178113937, -4.86504268646], [-33.9708557129, 7.10144948959, 23.0268669128, 0.707683146, 6.30734491348, 3.09554791451, -4.55270624161, 1.39609396458, 3.89726018906, 3.97108221054, 23.9712715149, 0.337085545063, -3.27380442619], [15.2695646286, -17.1899242401, -16.7156448364, -2.04638576508, 4.77338886261, -0.334272474051, -6.31688451767, 3.19889450073, -5.35687446594, -7.84178113937, 0.337085545063, 29.0381832123, 10.5831508636], [60.5627326965, 9.96917915344, -36.9293670654, 11.1524629593, 12.5352334976, 0.521844923496, 18.3301353455, -4.57188510895, -8.70619678497, -4.86504268646, -3.27380442619, 10.5831508636, 38.0328788757]],
        "icov": [[0.0077578141354, -0.0116369305179, 0.0096327085048, -0.00870959181339, 0.00332378409803, -0.00432299170643, 0.000748537655454, -0.00926469825208, 0.00630469294265, -0.00903027318418, 0.00682880496606, -0.00796560011804, 0.00318586453795], [-0.0116369305179, 0.0570033527911, -0.0154237216339, 0.0505230277777, -0.0115090105683, 0.0334434919059, -0.0179076194763, 0.0451491847634, -0.0316647924483, 0.0379545651376, -0.0326209068298, 0.0421182699502, -0.0257314946502], [0.0096327085048, -0.0154237216339, 0.0178509093821, -0.0123489042744, 0.00284625566565, -0.00901417806745, 0.00250326679088, -0.00981027446687, 0.00680930912495, -0.00923318136483, 0.00475542945787, -0.00853514671326, 0.00961987208575], [-0.00870959181339, 0.0505230277777, -0.0123489042744, 0.079008422792, -0.0174529608339, 0.0436082668602, -0.0195772070438, 0.0446548946202, -0.0218816455454, 0.0298770498484, -0.0312673710287, 0.0425790548325, -0.0303021688014], [0.00332378409803, -0.0115090105683, 0.00284625566565, -0.0174529608339, 0.024658029899, -0.0118848932907, 0.00690828589723, -0.0137291988358, -0.00333181908354, 0.00633695721626, 0.00190563465003, -0.00629380345345, -0.00537506770343], [-0.00432299170643, 0.0334434919059, -0.00901417806745, 0.0436082668602, -0.0118848932907, 0.0610264725983, -0.0206696484238, 0.0297821033746, -0.0176290739328, 0.0193424429744, -0.0220201089978, 0.0231468230486, -0.0166982971132], [0.000748537655454, -0.0179076194763, 0.00250326679088, -0.0195772070438, 0.00690828589723, -0.0206696484238, 0.0352486222982, -0.0219295471907, 0.00908633787185, -0.00879669282585, 0.0122689493001, -0.000192914943909, -0.00787987094373], [-0.00926469825208, 0.0451491847634, -0.00981027446687, 0.0446548946202, -0.0137291988358, 0.0297821033746, -0.0219295471907, 0.0733340680599, -0.0349719896913, 0.0320612490177, -0.0283345188946, 0.0248302351683, -0.00945334788412], [0.00630469294265, -0.0316647924483, 0.00680930912495, -0.0218816455454, -0.00333181908354, -0.0176290739328, 0.00908633787185, -0.0349719896913, 0.0529311411083, -0.034227963537, 0.0192860420793, -0.0201547704637, 0.0190522372723], [-0.00903027318418, 0.0379545651376, -0.00923318136483, 0.0298770498484, 0.00633695721626, 0.0193424429744, -0.00879669282585, 0.0320612490177, -0.034227963537, 0.0680766329169, -0.0327169969678, 0.0374524705112, -0.0199204999954], [0.00682880496606, -0.0326209068298, 0.00475542945787, -0.0312673710287, 0.00190563465003, -0.0220201089978, 0.0122689493001, -0.0283345188946, 0.0192860420793, -0.0327169969678, 0.0686193630099, -0.0290645677596, 0.0160415191203], [-0.00796560011804, 0.0421182699502, -0.00853514671326, 0.0425790548325, -0.00629380345345, 0.0231468230486, -0.000192914943909, 0.0248302351683, -0.0201547704637, 0.0374524705112, -0.0290645677596, 0.081194922328, -0.0392125435174], [0.00318586453795, -0.0257314946502, 0.00961987208575, -0.0303021688014, -0.00537506770343, -0.0166982971132, -0.00787987094373, -0.00945334788412, 0.0190522372723, -0.0199204999954, 0.0160415191203, -0.0392125435174, 0.0649584159255]]
    },
    "melbands": {
        "dmean": [0.00902132038027, 0.0110880844295, 0.000891903007869, 0.00116668536793, 0.000355417258106, 0.000150124629727, 0.000198375913897, 0.000153298256919, 5.28841446794e-05, 1.99055302801e-05, 1.03975489765e-05, 7.56798763177e-05, 3.16541954817e-05, 3.13485406878e-06, 3.69258691535e-06, 2.58768022832e-06, 3.06958791043e-05, 4.21052573074e-05, 2.32483398577e-05, 3.17569465551e-05, 5.50104450667e-05, 3.93223599531e-05, 1.05887347672e-05, 3.09036522594e-06, 3.48476260115e-06, 8.62783622324e-07, 5.19636955687e-07, 5.68200277939e-07, 6.16515023921e-07, 9.25956896936e-07, 4.92967444643e-07, 6.65059118887e-08, 1.09422204631e-08, 8.18001577585e-09, 7.62830776324e-09, 5.27948929019e-09, 5.01641439499e-09, 1.75536973845e-09, 1.22199639296e-09, 6.99985347463e-10],
        "dmean2": [0.0162070337683, 0.0197396874428, 0.00148196623195, 0.00202945969068, 0.00064174993895, 0.00026737866574, 0.000334960815962, 0.000253904465353, 8.88506401679e-05, 3.35801960318e-05, 1.73714252014e-05, 0.000124118989334, 4.93253792229e-05, 5.73573743168e-06, 6.4058613134e-06, 4.36435948359e-06, 5.01083341078e-05, 6.80000302964e-05, 4.0467177314e-05, 5.01147806062e-05, 8.44426831463e-05, 6.13815354882e-05, 1.69652503246e-05, 5.25177983945e-06, 6.14933833276e-06, 1.40306792673e-06, 7.56586132411e-07, 8.76682520357e-07, 9.56097437665e-07, 1.37268204981e-06, 7.29539976874e-07, 1.07768215685e-07, 1.75766068367e-08, 1.50686148004e-08, 1.38290925378e-08, 9.4864160971e-09, 8.71310756878e-09, 2.97895419443e-09, 2.06342876119e-09, 1.10520026464e-09],
        "dvar": [3.79383600375e-05, 5.63203284401e-05, 5.78354445224e-07, 1.83316603852e-06, 1.28214580286e-07, 2.75138010153e-08, 5.82255736958e-08, 2.97458271348e-08, 3.51628171025e-09, 5.4263910032e-10, 1.29004334992e-10, 8.60752891185e-09, 1.23949406294e-09, 1.5797403316e-11, 1.28301588104e-11, 4.58208731374e-12, 1.28253929699e-09, 1.51325529885e-09, 5.72783764863e-10, 1.21268506348e-09, 9.95782833968e-09, 5.82065018406e-09, 1.49022807983e-10, 1.65760911941e-11, 1.46324098671e-11, 1.35153162533e-12, 8.29542652018e-13, 1.20453722951e-12, 8.83577661991e-13, 1.03949650537e-12, 5.94230448268e-13, 4.46948073102e-15, 1.26299560753e-16, 5.34840260262e-17, 3.66052931305e-17, 3.97568049422e-17, 2.76056441665e-17, 2.97242079845e-18, 2.01206079855e-18, 8.55370979528e-19],
        "dvar2": [0.000125861275592, 0.000174541884917, 1.74969579803e-06, 5.03322735312e-06, 3.69462696881e-07, 6.67336408355e-08, 1.3368972418e-07, 9.12672319942e-08, 1.0567832831e-08, 1.65858393686e-09, 3.24940768737e-10, 2.64092037128e-08, 3.7610128345e-09, 4.8567209282e-11, 3.0816720703e-11, 1.15848181742e-11, 3.26346216717e-09, 3.81942566463e-09, 1.69396929817e-09, 2.9752926789e-09, 2.14908570939e-08, 1.53171253459e-08, 3.82938569743e-10, 4.66356432638e-11, 4.35366187546e-11, 3.36718218412e-12, 1.82091451292e-12, 3.42851051369e-12, 2.39173199475e-12, 2.16681425406e-12, 8.19017596798e-13, 1.04911976188e-14, 2.8310991001e-16, 1.50148527771e-16, 1.05546532244e-16, 1.06723292618e-16, 7.51733667405e-17, 7.13832053215e-18, 4.4112880323e-18, 2.06855971593e-18],
        "max": [0.0360897406936, 0.0486467815936, 0.00520685594529, 0.0121486634016, 0.0026373337023, 0.00123005989008, 0.00166138005443, 0.00150728819426, 0.000395604060031, 0.000183604497579, 9.79108735919e-05, 0.00072452443419, 0.000297220773064, 2.74526828434e-05, 2.55754985119e-05, 1.57343311002e-05, 0.000216154454392, 0.000311028095894, 0.000196504726773, 0.000248558731982, 0.000930114008952, 0.000768768310081, 0.000128387269797, 3.00683113892e-05, 2.4415565349e-05, 1.2749032976e-05, 8.40508982947e-06, 1.00009674497e-05, 7.67988058215e-06, 1.00837496575e-05, 1.02917265394e-05, 7.18012586276e-07, 1.4051521191e-07, 5.89069308887e-08, 5.45062590618e-08, 4.72447574396e-08, 3.81850675524e-08, 1.4647207891e-08, 1.05951407647e-08, 8.77992967219e-09],
        "mean": [0.0168736577034, 0.0245123803616, 0.00177534867544, 0.00171304983087, 0.000559344247449, 0.000241628324147, 0.000294360535918, 0.000206648866879, 7.15825663065e-05, 3.6706955143e-05, 2.10791677091e-05, 0.000171841864358, 5.66970484215e-05, 5.15213332619e-06, 6.93113588568e-06, 4.35332412962e-06, 5.10820282216e-05, 8.91448726179e-05, 4.48537175544e-05, 5.49475225853e-05, 8.35566097521e-05, 6.24033782515e-05, 2.05476972042e-05, 6.73100566928e-06, 6.11814311924e-06, 1.58050625032e-06, 9.27933058392e-07, 8.93077697128e-07, 1.08862070647e-06, 2.370456059e-06, 1.65299456967e-06, 1.64717860685e-07, 2.71801976481e-08, 1.23876686686e-08, 1.53879966547e-08, 1.04814601443e-08, 1.119129589e-08, 5.68449065597e-09, 3.1397886513e-09, 1.69902103497e-09],
        "median": [0.0170093886554, 0.024718310684, 0.00163249357138, 0.0014027399011, 0.000476221379358, 0.000207294011489, 0.000224791234359, 0.000162721626111, 5.45651309949e-05, 2.92265831376e-05, 1.58373168233e-05, 0.000124533675262, 3.98733609472e-05, 3.8249067984e-06, 5.33239790457e-06, 3.31537398779e-06, 4.11096443713e-05, 7.79846886871e-05, 3.72376271116e-05, 3.82709185942e-05, 3.92287474824e-05, 2.8708456739e-05, 1.17470299301e-05, 4.78502397527e-06, 4.73476166007e-06, 9.10969276902e-07, 3.33384718942e-07, 3.71623826823e-07, 4.53293182545e-07, 1.82550979844e-06, 1.1068909771e-06, 1.33251603529e-07, 2.09287041031e-08, 1.03619051117e-08, 1.41706575363e-08, 8.04084532291e-09, 9.43755829041e-09, 4.9344004438e-09, 2.53842946663e-09, 1.32496724703e-09],
        "min": [0.00023551878985, 0.000182366857189, 7.86055970821e-05, 4.81550960103e-05, 1.75860859599e-05, 5.53045128981e-06, 8.20903915155e-06, 3.02525995721e-06, 1.2530439335e-06, 9.21434036627e-07, 8.80830270944e-08, 8.32602751188e-08, 2.19236213184e-07, 8.90050131375e-08, 1.1506713804e-07, 1.92664955989e-07, 2.90346889642e-07, 2.05048777957e-07, 2.74083873819e-07, 5.40064093002e-07, 1.19755986816e-06, 1.01227033156e-06, 5.28278974343e-07, 3.89522227806e-07, 1.60102516134e-07, 5.59013138002e-08, 2.10547064228e-08, 2.4440444335e-08, 3.84254761343e-08, 3.29424132417e-08, 1.59925832577e-08, 1.45619258873e-08, 6.34366026375e-09, 3.10131476056e-09, 3.29047122882e-09, 2.91868795799e-09, 2.06120942536e-09, 1.552029949e-09, 1.0815838225e-09, 3.64774765949e-10],
        "var": [5.2100065659e-05, 9.43921986618e-05, 8.87166152097e-07, 1.99062196771e-06, 1.35662375556e-07, 2.95051858501e-08, 6.72382114431e-08, 3.59220351243e-08, 4.19416990027e-09, 7.96612609211e-10, 2.76154932255e-10, 2.57852406094e-08, 2.58750043614e-09, 1.86556395332e-11, 2.83767211118e-11, 1.00061417485e-11, 1.93130023085e-09, 3.41006978211e-09, 1.13315079542e-09, 2.2933206445e-09, 1.78414509833e-08, 8.99045815572e-09, 4.89823515082e-10, 2.95967278463e-11, 2.12037887248e-11, 3.65797106147e-12, 2.63088184051e-12, 2.05243417747e-12, 1.89881400534e-12, 4.15449445679e-12, 3.36167768969e-12, 1.39279440168e-14, 3.77081359835e-16, 6.38683621007e-17, 6.36861970775e-17, 5.74947501925e-17, 4.71438619933e-17, 7.35668132461e-18, 3.24622026954e-18, 1.4957342466e-18]
    },
    "mfcc": {
        "mean": [-672.983947754, 208.322250366, -31.2665882111, 67.2131118774, 29.3112201691, 18.5063285828, -7.94663667679, 4.84041690826, 28.0289592743, 2.13486933708, -5.13819408417, 8.07474803925, -12.0975122452],
        "cov": [[932.808044434, -42.5688247681, -342.828063965, 17.3242378235, -155.053619385, -26.4389896393, 16.5364284515, -44.8078460693, 72.0849914551, -9.9293088913, -91.8309631348, 26.8197727203, 18.8524227142], [-42.5688247681, 121.334442139, 32.7729721069, -11.3957128525, 16.6479454041, 11.5838785172, 0.555618047714, 11.2928295135, 5.88528871536, 5.61084747314, 18.1549930573, -15.7874507904, -10.0706605911], [-342.828063965, 32.7729721069, 191.210601807, -12.5994501114, 35.6278419495, 9.68827724457, -9.03854560852, 4.86449480057, -37.0943832397, 10.0847415924, 52.1024971008, -16.9253673553, -12.7852621078], [17.3242378235, -11.3957128525, -12.5994501114, 58.9110603333, 3.23665714264, -2.42504787445, 9.70621109009, -4.61022615433, 7.07958650589, 0.0160280857235, -12.6581630707, -0.129774853587, 0.793037772179], [-155.053619385, 16.6479454041, 35.6278419495, 3.23665714264, 82.08543396, 7.03512573242, -10.7756738663, 22.0456733704, -10.457195282, -6.0350394249, 11.6085700989, 5.66922283173, -0.316266000271], [-26.4389896393, 11.5838785172, 9.68827724457, -2.42504787445, 7.03512573242, 34.7183227539, 11.7174692154, -1.20003640652, 3.37036395073, -2.22781157494, -3.00971627235, -0.948975265026, -7.18085241318], [16.5364284515, 0.555618047714, -9.03854560852, 9.70621109009, -10.7756738663, 11.7174692154, 45.9361724854, 4.11204051971, 5.16761302948, -4.49350595474, -11.2981882095, -2.53583145142, -3.73461842537], [-44.8078460693, 11.2928295135, 4.86449480057, -4.61022615433, 22.0456733704, -1.20003640652, 4.11204051971, 49.4429588318, 6.56594610214, -4.7924618721, -0.392311275005, 1.67753994465, 3.82454419136], [72.0849914551, 5.88528871536, -37.0943832397, 7.07958650589, -10.457195282, 3.37036395073, 5.16761302948, 6.56594610214, 46.1588897705, 4.74540424347, -13.6212301254, 7.3035197258, 3.42563128471], [-9.9293088913, 5.61084747314, 10.0847415924, 0.0160280857235, -6.0350394249, -2.22781157494, -4.49350595474, -4.7924618721, 4.74540424347, 38.7301025391, 17.7081031799, -8.75928592682, 3.02231001854], [-91.8309631348, 18.1549930573, 52.1024971008, -12.6581630707, 11.6085700989, -3.00971627235, -11.2981882095, -0.392311275005, -13.6212301254, 17.7081031799, 46.4833297729, -2.79411935806, -1.81919753551], [26.8197727203, -15.7874507904, -16.9253673553, -0.129774853587, 5.66922283173, -0.948975265026, -2.53583145142, 1.67753994465, 7.3035197258, -8.75928592682, -2.79411935806, 30.0370864868, 7.0210518837], [18.8524227142, -10.0706605911, -12.7852621078, 0.793037772179, -0.316266000271, -7.18085241318, -3.73461842537, 3.82454419136, 3.42563128471, 3.02231001854, -1.81919753551, 7.0210518837, 32.1888580322]],
