{
"lowlevel": {
    "average_loudness": 0.986688435078,
    "barkbands_crest": {
        "dmean": 3.32524895668,
        "dmean2": 5.7732219696,
        "dvar": 6.140873909,
        "dvar2": 19.2390918732,
        "max": 21.5477924347,
        "mean": 12.242023468,
        "median": 11.4302129745,
        "min": 5.53751945496,
        "var": 11.9805288315
    },
    "barkbands_flatness_db": {
        "dmean": 0.029087100178,
        "dmean2": 0.0480052791536,
        "dvar": 0.000542995519936,
        "dvar2": 0.00130414764863,
        "max": 0.34003931284,
        "mean": 0.253232449293,
        "median": 0.254662781954,
        "min": 0.10940566659,
        "var": 0.00101243273821
    },
    "barkbands_kurtosis": {
        "dmean": 4.49680185318,
        "dmean2": 7.54392337799,
        "dvar": 15.1404933929,
        "dvar2": 36.1390647888,
        "max": 27.791891098,
        "mean": 7.0312795639,
        "median": 5.94080734253,
        "min": -0.306498765945,
        "var": 29.6343193054
    },
    "barkbands_skewness": {
        "dmean": 0.628313720226,
        "dmean2": 1.07223927975,
        "dvar": 0.252652287483,
        "dvar2": 0.596601605415,
        "max": 4.64562129974,
        "mean": 2.37617778778,
        "median": 2.29424595833,
        "min": 0.991834461689,
        "var": 0.531517505646
    },
    "barkbands_spread": {
        "dmean": 4.2282910347,
        "dmean2": 7.11454534531,
        "dvar": 11.918422699,
        "dvar2": 29.930770874,
        "max": 25.6499519348,
        "mean": 10.355884552,
        "median": 9.22306442261,
        "min": 2.67277407646,
        "var": 20.2783870697
    },
    "dissonance": {
        "dmean": 0.0173848327249,
        "dmean2": 0.0304618235677,
        "dvar": 0.000213346997043,
        "dvar2": 0.000635837670416,
        "max": 0.497479051352,
        "mean": 0.470400065184,
        "median": 0.473739922047,
        "min": 0.409450680017,
        "var": 0.000288098817691
    },
    "dynamic_complexity": 1.03193390369,
    "erbbands_crest": {
        "dmean": 2.84550309181,
        "dmean2": 4.98694562912,
        "dvar": 5.86889457703,
        "dvar2": 15.9443788528,
        "max": 19.7481250763,
        "mean": 8.05721473694,
        "median": 7.32541179657,
        "min": 3.82042431831,
        "var": 8.20062541962
    },
    "erbbands_flatness_db": {
        "dmean": 0.0136788133532,
        "dmean2": 0.0227126218379,
        "dvar": 0.000209485384403,
        "dvar2": 0.000412649358623,
        "max": 0.296749323606,
        "mean": 0.240452304482,
        "median": 0.239845618606,
        "min": 0.118666216731,
        "var": 0.000362478807801
    },
    "erbbands_kurtosis": {
        "dmean": 0.422810852528,
        "dmean2": 0.718088567257,
        "dvar": 0.164541944861,
        "dvar2": 0.480400681496,
        "max": 1.26302146912,
        "mean": -1.09283900261,
        "median": -1.23660826683,
        "min": -1.80926275253,
        "var": 0.227764189243
    },
    "erbbands_skewness": {
        "dmean": 0.462613135576,
        "dmean2": 0.750961065292,
        "dvar": 0.122882038355,
        "dvar2": 0.331945389509,
        "max": 1.6271340847,
        "mean": 0.0752938911319,
        "median": 0.0764286145568,
        "min": -1.16298377514,
        "var": 0.215464159846
    },
    "erbbands_spread": {
        "dmean": 6.34636926651,
        "dmean2": 10.598195076,
        "dvar": 21.259595871,
        "dvar2": 61.1072998047,
        "max": 55.3119544983,
        "mean": 40.6226844788,
        "median": 40.8557167053,
        "min": 20.4174613953,
        "var": 48.6049613953
    },
    "hfc": {
        "dmean": 4.35420846939,
        "dmean2": 7.31075525284,
        "dvar": 12.8549623489,
        "dvar2": 34.3578567505,
        "max": 33.2921409607,
        "mean": 16.4429912567,
        "median": 15.2111186981,
        "min": 5.89882183075,
        "var": 33.1986846924
    },
    "melbands_crest": {
        "dmean": 3.73760914803,
        "dmean2": 6.65100860596,
        "dvar": 8.33736228943,
        "dvar2": 25.5085754395,
        "max": 25.5080471039,
        "mean": 15.6393623352,
        "median": 15.4695234299,
        "min": 6.82486724854,
        "var": 12.3248748779
    },
    "melbands_flatness_db": {
        "dmean": 0.0328930392861,
        "dmean2": 0.0534499138594,
        "dvar": 0.000645791587885,
        "dvar2": 0.00166651699692,
        "max": 0.461561977863,
        "mean": 0.348639756441,
        "median": 0.347790777683,
        "min": 0.216639623046,
        "var": 0.0014844838297
    },
    "melbands_kurtosis": {
        "dmean": 10.2047080994,
        "dmean2": 17.4469242096,
        "dvar": 71.286026001,
        "dvar2": 176.322036743,
        "max": 63.740562439,
        "mean": 20.8838787079,
        "median": 18.1149291992,
        "min": 3.9775686264,
        "var": 145.819824219
    },
    "melbands_skewness": {
        "dmean": 0.872794449329,
        "dmean2": 1.51886188984,
        "dvar": 0.47369146347,
        "dvar2": 1.14213740826,
        "max": 6.88628292084,
        "mean": 3.86730670929,
        "median": 3.81472301483,
        "min": 1.98101782799,
        "var": 0.967871129513
    },
    "melbands_spread": {
        "dmean": 3.94736123085,
        "dmean2": 6.64509296417,
        "dvar": 11.4587001801,
        "dvar2": 28.7390022278,
        "max": 24.8951911926,
        "mean": 8.92837333679,
        "median": 7.87058448792,
        "min": 2.25356698036,
        "var": 19.3760929108
    },
    "pitch_salience": {
        "dmean": 0.092890098691,
        "dmean2": 0.159946635365,
        "dvar": 0.00592352217063,
        "dvar2": 0.0182584132999,
        "max": 0.735408246517,
        "mean": 0.510601758957,
        "median": 0.521472871304,
        "min": 0.186626508832,
        "var": 0.00887619890273
    },
    "silence_rate_20dB": {
        "dmean": 0,
        "dmean2": 0,
        "dvar": 0,
        "dvar2": 0,
        "max": 1,
        "mean": 1,
        "median": 1,
        "min": 1,
        "var": 0
    },
    "silence_rate_30dB": {
        "dmean": 0,
        "dmean2": 0,
        "dvar": 0,
        "dvar2": 0,
        "max": 1,
        "mean": 1,
        "median": 1,
        "min": 1,
        "var": 0
    },
    "silence_rate_60dB": {
        "dmean": 0,
        "dmean2": 0,
        "dvar": 0,
        "dvar2": 0,
        "max": 0,
        "mean": 0,
        "median": 0,
        "min": 0,
        "var": 0
    },
    "spectral_centroid": {
        "dmean": 209.636352539,
        "dmean2": 344.327758789,
        "dvar": 27574.5585938,
        "dvar2": 75779.984375,
        "max": 1327.99438477,
        "mean": 631.088928223,
        "median": 595.294677734,
        "min": 283.829467773,
        "var": 45294.1289062
    },
    "spectral_complexity": {
        "dmean": 3.15652179718,
        "dmean2": 4.8209605217,
        "dvar": 5.42766952515,
        "dvar2": 14.4788722992,
        "max": 30,
        "mean": 20.8441562653,
        "median": 21,
        "min": 10,
        "var": 17.2397689819
    },
    "spectral_decrease": {
        "dmean": 5.2775379622e-09,
        "dmean2": 8.86868534167e-09,
        "dvar": 1.38818724257e-17,
        "dvar2": 4.28240270495e-17,
        "max": -4.44528103216e-09,
        "mean": -1.42408600468e-08,
        "median": -1.39225040385e-08,
        "min": -2.70393520907e-08,
        "var": 1.91966236666e-17
    },
    "spectral_energy": {
        "dmean": 0.0202248580754,
        "dmean2": 0.0340210683644,
        "dvar": 0.000204659561859,
        "dvar2": 0.000628886336926,
        "max": 0.104424789548,
        "mean": 0.0552395991981,
        "median": 0.0541770420969,
        "min": 0.0174518655986,
        "var": 0.000283012923319
    },
    "spectral_energyband_high": {
        "dmean": 8.8959641289e-06,
        "dmean2": 1.36579183163e-05,
        "dvar": 3.3287919643e-10,
        "dvar2": 6.12994321969e-10,
        "max": 0.000211331236642,
        "mean": 2.0944598873e-05,
        "median": 1.64018892974e-05,
        "min": 3.41244935953e-06,
        "var": 3.99246496974e-10
    },
    "spectral_energyband_low": {
        "dmean": 0.0110901175067,
        "dmean2": 0.0198906641454,
        "dvar": 9.56531075644e-05,
        "dvar2": 0.000318076141411,
        "max": 0.0717561468482,
        "mean": 0.0220982022583,
        "median": 0.0188647098839,
        "min": 0.00223981542513,
        "var": 0.000207633784157
    },
    "spectral_energyband_middle_high": {
        "dmean": 0.00143516249955,
        "dmean2": 0.00230317236856,
        "dvar": 1.76727462531e-06,
        "dvar2": 4.2087381189e-06,
        "max": 0.011535840109,
        "mean": 0.00391058810055,
        "median": 0.00339361210354,
        "min": 0.000756638299208,
        "var": 4.70658642371e-06
    },
    "spectral_energyband_middle_low": {
        "dmean": 0.0184975732118,
        "dmean2": 0.0315657220781,
        "dvar": 0.000236490159295,
        "dvar2": 0.000703676370904,
        "max": 0.0994869172573,
        "mean": 0.0303955078125,
        "median": 0.0255411434919,
        "min": 0.00551364105195,
        "var": 0.000337681849487
    },
    "spectral_entropy": {
        "dmean": 0.216911032796,
        "dmean2": 0.354908674955,
        "dvar": 0.0303083006293,
        "dvar2": 0.0789418816566,
        "max": 7.63475179672,
        "mean": 6.8622879982,
        "median": 6.87548732758,
        "min": 6.20104312897,
        "var": 0.0451482944191
    },
    "spectral_flux": {
        "dmean": 0.0351130478084,
        "dmean2": 0.0596483312547,
        "dvar": 0.000687379098963,
        "dvar2": 0.00196778401732,
        "max": 0.260911136866,
        "mean": 0.125541746616,
        "median": 0.120828419924,
        "min": 0.0546475425363,
        "var": 0.00131012091879
    },
    "spectral_kurtosis": {
        "dmean": 7.52824497223,
        "dmean2": 13.9432678223,
        "dvar": 33.8428382874,
        "dvar2": 98.206451416,
        "max": 34.5912628174,
        "mean": 12.747792244,
        "median": 12.0751161575,
        "min": 2.22922039032,
        "var": 49.7610168457
    },
    "spectral_rms": {
        "dmean": 0.00135878310539,
        "dmean2": 0.00227975007147,
        "dvar": 9.03352713522e-07,
        "dvar2": 2.78228912975e-06,
        "max": 0.0100934552029,
        "mean": 0.00725331809372,
        "median": 0.00727018946782,
        "min": 0.00412628287449,
        "var": 1.28170870539e-06
    },
    "spectral_rolloff": {
        "dmean": 245.29119873,
        "dmean2": 434.049133301,
        "dvar": 88967.4921875,
        "dvar2": 218561.234375,
        "max": 1830.32226562,
        "mean": 433.087524414,
        "median": 301.46484375,
        "min": 107.666015625,
        "var": 95785.0703125
    },
    "spectral_skewness": {
        "dmean": 0.610093772411,
        "dmean2": 1.1109650135,
        "dvar": 0.218118876219,
        "dvar2": 0.634885489941,
        "max": 3.74110889435,
        "mean": 2.02225756645,
        "median": 1.95469081402,
        "min": 0.935361385345,
        "var": 0.363625735044
    },
    "spectral_spread": {
        "dmean": 185350.703125,
        "dmean2": 292408.53125,
        "dvar": 159119949824,
        "dvar2": 197710446592,
        "max": 7096848,
        "mean": 1896676.625,
        "median": 1850473.625,
        "min": 1483594.625,
        "var": 181308178432
    },
    "spectral_strongpeak": {
        "dmean": 0.458761543036,
        "dmean2": 0.80661123991,
        "dvar": 0.166395872831,
        "dvar2": 0.461350053549,
        "max": 2.85043978691,
        "mean": 0.815167725086,
        "median": 0.674912929535,
        "min": 0.162899941206,
        "var": 0.222575217485
    },
    "zerocrossingrate": {
        "dmean": 0.00442637549713,
        "dmean2": 0.00631993729621,
        "dvar": 1.20826616694e-05,
        "dvar2": 2.34423368966e-05,
        "max": 0.04052734375,
        "mean": 0.022585650906,
        "median": 0.02197265625,
        "min": 0.00439453125,
        "var": 4.56255984318e-05
    },
    "barkbands": {
        "dmean": [1.61813131854e-05, 0.00824700947851, 0.00354829523712, 0.00648599537089, 0.0134502518922, 0.000569001480471, 0.000603821943514, 0.0007614303031, 0.000759395654313, 0.000318472826621, 0.00019462457567, 5.95572892053e-05, 7.43044365663e-05, 0.000802584690973, 0.000166323705344, 0.000351705151843, 0.000267170456937, 8.50788565003e-05, 2.16392400034e-05, 5.74240084461e-06, 4.30524960393e-06, 2.06166782846e-06, 3.20568716461e-07, 3.83797242876e-07, 1.37232717634e-07, 1.13680798108e-07, 1.20251527846e-07],
        "dmean2": [2.50335087912e-05, 0.0145809128881, 0.00658481335267, 0.0109268389642, 0.0236156377941, 0.000980655197054, 0.00103071867488, 0.00129390321672, 0.0012459536083, 0.000534712627996, 0.000320339138852, 9.61301120697e-05, 0.000123246296425, 0.00135878124274, 0.000272094912361, 0.000569516909309, 0.000454359949799, 0.000143659708556, 3.74618684873e-05, 9.35769821808e-06, 6.94757181918e-06, 3.37629012392e-06, 4.59991156276e-07, 5.46791341094e-07, 1.58218782076e-07, 1.18618238787e-07, 1.24801957213e-07],
        "dvar": [7.55433826605e-10, 5.71003765799e-05, 1.24992948258e-05, 3.78745462513e-05, 0.000143218203448, 3.0788373806e-07, 2.91276336384e-07, 6.89675005106e-07, 6.08981338246e-07, 1.87977221344e-07, 4.91891611887e-08, 5.2584328003e-09, 6.54807008615e-09, 8.14991039988e-07, 4.12118374982e-08, 1.02456056084e-07, 8.21681354068e-08, 1.19420295874e-08, 5.134159764e-10, 7.59207904877e-11, 2.97528356119e-11, 1.31606704701e-11, 1.62833060837e-12, 1.5715707815e-12, 1.37541052766e-12, 1.35546944762e-12, 1.55491212354e-12],
        "dvar2": [1.17443144099e-09, 0.000172018902958, 4.17236697103e-05, 0.000106929146568, 0.000425485457527, 8.21074138457e-07, 7.38954213375e-07, 1.76414152975e-06, 1.81881455319e-06, 4.39769962668e-07, 1.25875601498e-07, 1.49872185773e-08, 1.64240017142e-08, 2.13336602428e-06, 1.02947844027e-07, 2.72292311365e-07, 2.10751480267e-07, 3.34548460046e-08, 1.36071498513e-09, 1.37684752488e-10, 6.9992345253e-11, 3.29531714416e-11, 1.67812432787e-12, 1.92711233256e-12, 1.39032383696e-12, 1.36079483185e-12, 1.56123378114e-12],
        "max": [0.000335935386829, 0.0636541992426, 0.0225024074316, 0.0378331877291, 0.0668630152941, 0.00379201117903, 0.00327182980254, 0.00594988605008, 0.00748973200098, 0.0046223490499, 0.00245857145637, 0.000586124719121, 0.000775500899181, 0.00621875561774, 0.00216030003503, 0.00313001312315, 0.0026071225293, 0.00114856974687, 0.000206930955756, 0.000103464044514, 4.54882610939e-05, 3.82007965527e-05, 1.64167795447e-05, 1.57941612997e-05, 1.49924253492e-05, 1.47947421283e-05, 1.58977491083e-05],
        "mean": [1.94657786778e-05, 0.0163285713643, 0.00461324676871, 0.00767594669014, 0.018196599558, 0.000847717979923, 0.000940879108384, 0.00125271466095, 0.0013721648138, 0.000517997250427, 0.000323770829709, 0.000101177771285, 0.00012211673311, 0.00103854562622, 0.000362819089787, 0.000743810611311, 0.000514370098244, 0.000196620705537, 4.48755708931e-05, 1.16018773042e-05, 9.92897639662e-06, 3.16423643199e-06, 5.31482896804e-07, 6.10698009496e-07, 1.80654694759e-07, 1.19885797289e-07, 1.46440129356e-07],
        "median": [1.11133485916e-05, 0.0141494646668, 0.00310044409707, 0.00542935729027, 0.0157598517835, 0.000643176666927, 0.000767937279306, 0.000928253284656, 0.00106795702595, 0.000362667080481, 0.00020055953064, 7.59922768339e-05, 9.77737654466e-05, 0.000711859378498, 0.000232549515204, 0.000612399948295, 0.000363701838069, 0.000119268683193, 3.24373031617e-05, 9.0713829195e-06, 7.61526735005e-06, 2.06763365895e-06, 3.55585228817e-07, 4.08466007684e-07, 6.33804759786e-08, 1.1239557729e-08, 3.14131654022e-08],
        "min": [7.63949543625e-08, 0.000456593639683, 4.24170430051e-05, 0.000200160968234, 0.0012476250995, 0.00010285222379, 8.08536133263e-05, 8.27136827866e-05, 7.6669792179e-05, 5.00352325616e-05, 1.9621109459e-05, 1.06861334643e-05, 9.06476998352e-06, 4.95824424434e-05, 3.78075237677e-05, 7.67419696786e-05, 9.04432454263e-05, 1.19102114695e-05, 5.92443893765e-06, 2.17949445869e-06, 1.70825626356e-06, 3.45128512436e-07, 5.97262257429e-08, 5.27605372724e-08, 1.38155060725e-08, 2.89356760774e-09, 1.26988961568e-08],
        "var": [9.91399518036e-10, 0.000151260159328, 1.95966404135e-05, 4.87366851303e-05, 0.000174537999555, 4.16744029508e-07, 4.29547725389e-07, 1.08192762127e-06, 1.26109182474e-06, 3.48021444552e-07, 1.367887279e-07, 7.27963600511e-09, 9.29102306202e-09, 9.80798176897e-07, 1.26722142113e-07, 2.10638347653e-07, 1.76999506607e-07, 3.92126935367e-08, 1.32210264958e-09, 1.05167353992e-10, 5.41494939166e-11, 1.32241379305e-11, 1.68663889279e-12, 1.6620426823e-12, 1.37424652821e-12, 1.35251152725e-12, 1.55248600434e-12]
    },
    "erbbands": {
        "dmean": [0.0821854546666, 2.3445584774, 5.60652780533, 8.42823123932, 60.6858444214, 31.8999729156, 4.65802431107, 5.68667888641, 6.78758096695, 9.88787651062, 20.5077571869, 14.4126310349, 15.0170431137, 9.50085163116, 4.54717063904, 1.92180073261, 3.63324952126, 14.7219104767, 33.4980773926, 10.0908279419, 19.5250320435, 15.2252664566, 5.07757043839, 3.37665629387, 0.415908515453, 0.251641154289, 0.199046999216, 0.160301908851, 0.0755171701312, 0.0109219886363, 0.0115105798468, 0.0101098529994, 0.00423259986565, 0.00177961634472, 0.000850370677654, 0.000468784244731, 0.000207359276828, 7.27906081011e-05, 2.49557688221e-05, 2.29253582802e-05],
        "dmean2": [0.144175067544, 4.15747356415, 10.3889694214, 14.3055973053, 103.423545837, 56.640537262, 7.82749557495, 10.0430297852, 11.3088054657, 16.8441047668, 34.9311065674, 24.5068912506, 25.2762393951, 15.3018941879, 7.58158826828, 3.05738019943, 5.98332071304, 24.7037391663, 55.8949546814, 16.4335193634, 31.7041492462, 25.60014534, 8.5319480896, 5.69542551041, 0.696116805077, 0.402885526419, 0.316396892071, 0.259253144264, 0.122987225652, 0.0155962407589, 0.0173887126148, 0.014825345017, 0.00581510365009, 0.00216482090764, 0.000908076006453, 0.000498983659782, 0.000214871310163, 7.45300712879e-05, 3.0996510759e-05, 3.74641967937e-05],
        "dvar": [0.00570017425343, 4.45928192139, 26.0468044281, 55.9695625305, 3011.01147461, 982.407348633, 22.3109092712, 32.442565918, 45.2593536377, 99.2378463745, 504.996795654, 227.577728271, 326.362854004, 102.226234436, 26.6759395599, 4.06753158569, 18.0894241333, 278.094421387, 1438.62731934, 103.582580566, 331.322998047, 294.207550049, 32.827583313, 21.3462085724, 0.190686389804, 0.161327630281, 0.101578503847, 0.0417975969613, 0.0152573380619, 0.0020149203483, 0.00127322273329, 0.000833648839034, 0.000359120691428, 0.000172209736775, 6.96822753525e-05, 2.15745458263e-05, 4.63387004856e-06, 5.90949866819e-07, 3.05121687916e-08, 3.8547232073e-10],
        "dvar2": [0.0162165500224, 13.6744394302, 90.8369522095, 158.231887817, 8880.93847656, 2349.63427734, 56.1489219666, 84.4579620361, 105.792358398, 276.2003479, 1395.87854004, 688.636108398, 899.482055664, 275.406524658, 70.0286102295, 11.2513055801, 47.591468811, 692.875610352, 3929.29296875, 263.709991455, 913.518066406, 745.14453125, 92.6925354004, 54.5620918274, 0.503409981728, 0.276708304882, 0.244906485081, 0.111046738923, 0.0369925349951, 0.0021505181212, 0.00140311289579, 0.0010865139775, 0.00039027040475, 0.000174465632881, 7.01768803992e-05, 2.16494099732e-05, 4.64938375444e-06, 5.93859965647e-07, 3.01775635592e-08, 8.07779010348e-10],
        "max": [0.727265119553, 17.2800617218, 29.7830524445, 50.3118095398, 319.598754883, 278.364318848, 39.1649665833, 38.58411026, 53.8768997192, 63.6303215027, 149.90184021, 133.682327271, 151.999099731, 134.690185547, 42.6738433838, 16.3103981018, 40.4391593933, 111.03793335, 265.733154297, 110.524902344, 150.534973145, 149.129074097, 52.9211883545, 51.3089332581, 3.48382234573, 5.11285352707, 3.24302816391, 1.66636967659, 1.26026856899, 0.589794039726, 0.4539732337, 0.360022395849, 0.242012634873, 0.168751388788, 0.105994932353, 0.0590836852789, 0.0273471027613, 0.00976994540542, 0.00226090382785, 0.00025095458841],
        "mean": [0.189803376794, 4.49733304977, 8.04579639435, 12.0253257751, 74.0744247437, 42.5645294189, 8.75172615051, 8.45245933533, 11.8083295822, 16.2289295197, 33.834312439, 26.3210086823, 25.0052108765, 17.088218689, 8.28033065796, 3.91848373413, 6.20763540268, 21.4227161407, 50.2213020325, 24.5346107483, 40.3232498169, 29.9471607208, 11.9504394531, 8.29630470276, 1.03099632263, 0.510008990765, 0.452545404434, 0.351237595081, 0.129887908697, 0.0187044553459, 0.0189324729145, 0.015905642882, 0.00700905174017, 0.00261775706895, 0.00103569484781, 0.00054954981897, 0.000228518751101, 7.98516775831e-05, 4.54479995824e-05, 6.34421157883e-05],
        "median": [0.143232554197, 3.81276535988, 5.87644386292, 10.400853157, 55.2499694824, 33.4950904846, 6.60573911667, 6.3285317421, 9.56564331055, 13.0849733353, 25.1192207336, 21.3365001678, 17.2429237366, 10.9022541046, 6.27990150452, 3.12466287613, 5.0730214119, 15.698018074, 40.2283630371, 18.9561748505, 32.9835319519, 21.4157714844, 9.29349994659, 4.39368343353, 0.775578796864, 0.390637069941, 0.345030426979, 0.257686764002, 0.0922176912427, 0.0127984629944, 0.0129746915773, 0.0103072058409, 0.00434228731319, 0.00130854733288, 0.000244035603828, 0.000106114181108, 2.85989754047e-05, 9.14909651328e-06, 2.90427469736e-05, 6.11388531979e-05],
        "min": [0.0111207123846, 0.15996953845, 0.470393627882, 1.15128982067, 2.78415250778, 4.20246601105, 1.15800452232, 1.04088652134, 0.933684527874, 1.44885611534, 2.67197108269, 2.32265591621, 2.37414956093, 1.14640700817, 0.786262333393, 0.571662187576, 0.615356683731, 1.71106374264, 2.72301888466, 2.68797898293, 3.94581198692, 4.62264299393, 1.39452421665, 0.854202568531, 0.174393057823, 0.0921097248793, 0.0746688395739, 0.0578316934407, 0.0166556704789, 0.00277080619708, 0.00206296541728, 0.00161588331684, 0.000737421913072, 0.00022842643375, 9.88236861303e-05, 4.08488813264e-05, 1.37904944495e-05, 4.17502269556e-06, 1.36222633955e-05, 2.04326788662e-05],
        "var": [0.02266696468, 11.2315816879, 38.6773414612, 74.5047225952, 3811.87719727, 1396.04370117, 45.0104827881, 41.3908576965, 79.6558609009, 129.960861206, 771.053161621, 398.918029785, 535.340148926, 380.60055542, 43.8310089111, 6.65963411331, 23.5139446259, 343.050628662, 1835.27148438, 310.096008301, 602.362854004, 582.913696289, 79.2343292236, 97.086769104, 0.523459017277, 0.213345840573, 0.14782743156, 0.0663295388222, 0.0168764237314, 0.00208486570045, 0.00134259602055, 0.000893853080925, 0.000371324451407, 0.000172900341568, 6.9481015089e-05, 2.15442287299e-05, 4.62156685899e-06, 5.88946647895e-07, 3.08528633752e-08, 5.53026235917e-10]
    },
    "gfcc": {
        "mean": [-48.4273338318, 204.7996521, -138.678710938, 33.0239372253, -11.0016775131, -13.4611024857, -25.8975925446, -3.84496021271, 4.53176164627, -22.5298500061, -17.9035587311, -21.7968196869, 2.78277349472],
        "cov": [[359.38168335, -122.15146637, -102.440109253, 13.899055481, -74.7789840698, -11.773979187, -50.6392059326, -8.11060619354, -32.9288215637, 1.52892529964, 10.7864198685, 1.93095254898, -4.86858129501], [-122.15146637, 156.688751221, -5.64598751068, -25.7429180145, 40.909614563, -18.9694156647, 26.5991249084, -6.58379364014, 31.0638751984, -16.009141922, -7.03491592407, -19.4150524139, 8.25981235504], [-102.440109253, -5.64598751068, 177.191207886, 3.89302897453, 12.5021429062, 17.5891418457, 13.3894672394, 13.9263467789, 2.30629038811, 14.0373048782, -0.304532259703, 5.85429191589, 3.7494161129], [13.899055481, -25.7429180145, 3.89302897453, 85.8449020386, 20.7965946198, 0.0673239678144, -10.2411298752, 3.37779211998, 11.0721082687, 18.2005195618, 31.4574680328, 11.6137475967, 13.9485015869], [-74.7789840698, 40.909614563, 12.5021429062, 20.7965946198, 77.3927993774, 8.8563337326, 14.6387681961, -8.23781108856, 11.1056556702, 11.8712043762, 1.55503582954, 5.53568506241, 0.130494490266], [-11.773979187, -18.9694156647, 17.5891418457, 0.0673239678144, 8.8563337326, 60.2486381531, 24.792722702, 16.9842586517, 12.925491333, 9.04973125458, 5.00861740112, -1.39917898178, 0.636000812054], [-50.6392059326, 26.5991249084, 13.3894672394, -10.2411298752, 14.6387681961, 24.792722702, 56.2846565247, 25.5035133362, 17.5736808777, 10.2909049988, -7.49823951721, 2.86679124832, 2.75957942009], [-8.11060619354, -6.58379364014, 13.9263467789, 3.37779211998, -8.23781108856, 16.9842586517, 25.5035133362, 55.2985229492, 27.2389125824, 13.4886322021, 13.2759819031, 8.47791671753, 12.2409067154], [-32.9288215637, 31.0638751984, 2.30629038811, 11.0721082687, 11.1056556702, 12.925491333, 17.5736808777, 27.2389125824, 52.2607917786, 20.9160900116, 8.247423172, -3.50418424606, 3.8639626503], [1.52892529964, -16.009141922, 14.0373048782, 18.2005195618, 11.8712043762, 9.04973125458, 10.2909049988, 13.4886322021, 20.9160900116, 53.4384498596, 22.4394073486, 14.0822353363, 4.96928930283], [10.7864198685, -7.03491592407, -0.304532259703, 31.4574680328, 1.55503582954, 5.00861740112, -7.49823951721, 13.2759819031, 8.247423172, 22.4394073486, 45.4811477661, 16.9350509644, 14.6849336624], [1.93095254898, -19.4150524139, 5.85429191589, 11.6137475967, 5.53568506241, -1.39917898178, 2.86679124832, 8.47791671753, -3.50418424606, 14.0822353363, 16.9350509644, 41.1881256104, 13.9838285446], [-4.86858129501, 8.25981235504, 3.7494161129, 13.9485015869, 0.130494490266, 0.636000812054, 2.75957942009, 12.2409067154, 3.8639626503, 4.96928930283, 14.6849336624, 13.9838285446, 27.8416824341]],
        "icov": [[0.00587037019432, 0.00279721361585, 0.00328992679715, -0.000834595877677, 0.00334020867012, -0.000350353540853, 0.00252198055387, -0.000743161304854, 0.00185308104847, -0.00214727059938, 0.000680104480125, 0.0011296600569, -0.000559154723305], [0.00279721361585, 0.0381317920983, -0.000772456347477, 0.0227695461363, -0.0180934369564, 0.0263676363975, -0.0278921425343, 0.0266667641699, -0.0349016338587, 0.0255074687302, -0.0310426801443, 0.0210471469909, -0.0255109108984], [0.00328992679715, -0.000772456347477, 0.00817310065031, -0.00228380179033, 0.00203986698762, -0.00338050327264, 0.00381989567541, -0.0044527547434, 0.00531089585274, -0.00505812978372, 0.00455653388053, -0.00066787347896, 0.000592578318901], [-0.000834595877677, 0.0227695461363, -0.00228380179033, 0.0327057130635, -0.0176647957414, 0.0173046644777, -0.0151518406346, 0.018251426518, -0.0252508446574, 0.0164336152375, -0.0301206707954, 0.0136068742722, -0.0201899204403], [0.00334020867012, -0.0180934369564, 0.00203986698762, -0.0176647957414, 0.0304211694747, -0.0154338665307, 0.00976179260761, -0.00509322527796, 0.0147319557145, -0.0158123336732, 0.0180968418717, -0.0138377817348, 0.0141916563734], [-0.000350353540853, 0.0263676363975, -0.00338050327264, 0.0173046644777, -0.0154338665307, 0.0412282049656, -0.0303178485483, 0.0176041424274, -0.0263394378126, 0.0197784714401, -0.02867551893, 0.0180666875094, -0.0155264921486], [0.00252198055387, -0.0278921425343, 0.00381989567541, -0.0151518406346, 0.00976179260761, -0.0303178485483, 0.0583671219647, -0.0366723462939, 0.0286050736904, -0.0275283623487, 0.0387597754598, -0.0180284399539, 0.0163322445005], [-0.000743161304854, 0.0266667641699, -0.0044527547434, 0.018251426518, -0.00509322527796, 0.0176041424274, -0.0366723462939, 0.0596794821322, -0.0438448637724, 0.0238337572664, -0.0328884609044, 0.00989602413028, -0.0253601446748], [0.00185308104847, -0.0349016338587, 0.00531089585274, -0.0252508446574, 0.0147319557145, -0.0263394378126, 0.0286050736904, -0.0438448637724, 0.0704231709242, -0.0379568748176, 0.0331849530339, -0.00864389073104, 0.0234273187816], [-0.00214727059938, 0.0255074687302, -0.00505812978372, 0.0164336152375, -0.0158123336732, 0.0197784714401, -0.0275283623487, 0.0238337572664, -0.0379568748176, 0.0515292473137, -0.0374142602086, 0.00627782335505, -0.0109712481499], [0.000680104480125, -0.0310426801443, 0.00455653388053, -0.0301206707954, 0.0180968418717, -0.02867551893, 0.0387597754598, -0.0328884609044, 0.0331849530339, -0.0374142602086, 0.0748261660337, -0.0247012544423, 0.0100054824725], [0.0011296600569, 0.0210471469909, -0.00066787347896, 0.0136068742722, -0.0138377817348, 0.0180666875094, -0.0180284399539, 0.00989602413028, -0.00864389073104, 0.00627782335505, -0.0247012544423, 0.0485200546682, -0.0269474927336], [-0.000559154723305, -0.0255109108984, 0.000592578318901, -0.0201899204403, 0.0141916563734, -0.0155264921486, 0.0163322445005, -0.0253601446748, 0.0234273187816, -0.0109712481499, 0.0100054824725, -0.0269474927336, 0.0702066272497]]
    },
    "melbands": {
        "dmean": [0.00142647337634, 0.0031646201387, 0.00322690536268, 0.00347762578167, 0.000300300860545, 0.00011985697347, 0.000106011182652, 0.000109730193799, 0.000177811394678, 9.55093637458e-05, 7.73612264311e-05, 3.97654657718e-05, 2.06784970942e-05, 7.09558389644e-06, 7.86874443293e-06, 5.60666103411e-06, 3.57498502126e-05, 7.62905328884e-05, 1.52217307914e-05, 1.88819631148e-05, 2.45541559707e-05, 1.65436395037e-05, 1.05319022623e-05, 3.28220630763e-06, 2.89276204057e-06, 4.33418733792e-07, 1.9073181079e-07, 1.81664020715e-07, 1.15214348284e-07, 1.5474326176e-07, 8.64988791704e-08, 6.09818684438e-08, 9.57436974147e-09, 4.73754058206e-09, 7.40515426756e-09, 5.67750646496e-09, 6.71048816514e-09, 3.42138228859e-09, 2.05168193546e-09, 1.33664912472e-09],
        "dmean2": [0.00255152047612, 0.00576980644837, 0.00548512442037, 0.00611626077443, 0.0004884803202, 0.000209634643397, 0.000178396061528, 0.000187249082956, 0.000303289183648, 0.000160658775712, 0.000129887412186, 6.34533571429e-05, 3.41802515322e-05, 1.20007007354e-05, 1.29811787701e-05, 9.24159940041e-06, 5.99387276452e-05, 0.000127853316371, 2.47993775702e-05, 3.15198522003e-05, 4.07294173783e-05, 2.75541551673e-05, 1.79087746801e-05, 5.54930420549e-06, 4.84790734845e-06, 7.39238316783e-07, 3.04781138993e-07, 2.97051485632e-07, 1.86790174439e-07, 2.48104555567e-07, 1.42449337659e-07, 1.00067161668e-07, 1.47325618371e-08, 6.61550281222e-09, 1.12602887015e-08, 8.48409786869e-09, 9.86642056944e-09, 4.9095087995e-09, 2.69951860865e-09, 1.55321810968e-09],
        "dvar": [1.89426998531e-06, 7.91819002188e-06, 9.13877192943e-06, 9.50163848756e-06, 9.85481847238e-08, 1.4558628969e-08, 9.69003099982e-09, 1.2121366133e-08, 3.77430851017e-08, 1.02106385569e-08, 8.50156300913e-09, 1.73712155771e-09, 5.42294376071e-10, 8.25923843206e-11, 7.60086160678e-11, 3.66506061611e-11, 1.62837154871e-09, 7.44303596534e-09, 4.25601526244e-10, 3.61901286716e-10, 5.27070276313e-10, 4.09471762053e-10, 1.78795631078e-10, 1.9003019644e-11, 1.57038253928e-11, 2.05049464821e-13, 3.82629244586e-14, 1.04831894305e-13, 5.03071366574e-14, 4.00530777707e-14, 1.31232059657e-14, 1.06145391684e-14, 7.95039735611e-16, 5.71116199851e-16, 4.36936148959e-16, 3.59320031843e-16, 3.05589926202e-16, 1.76248048096e-16, 1.41763430989e-16, 1.17401267884e-16],
        "dvar2": [5.06706419401e-06, 2.71701519523e-05, 2.51765268331e-05, 2.79303585557e-05, 2.4588348424e-07, 3.80258029509e-08, 2.30743957275e-08, 3.06678167306e-08, 1.07636992652e-07, 3.21113802215e-08, 2.313383618e-08, 4.53073090156e-09, 1.38033551256e-09, 2.26962171279e-10, 1.99749466967e-10, 9.47383907435e-11, 4.06002564901e-09, 2.02576870834e-08, 1.12107667594e-09, 8.46922254549e-10, 1.44233236465e-09, 1.01510588824e-09, 5.00816943472e-10, 5.06479858053e-11, 4.02511184106e-11, 6.03644738362e-13, 8.38186128577e-14, 1.76546155624e-13, 1.20544158965e-13, 9.88891314755e-14, 3.53449806586e-14, 2.69720904682e-14, 9.85179997545e-16, 5.73885150556e-16, 4.88722658094e-16, 4.37664067898e-16, 4.19031990037e-16, 1.9820961395e-16, 1.43161604452e-16, 1.18832793269e-16],
        "max": [0.0128506943583, 0.0175413284451, 0.0177017133683, 0.0171670876443, 0.00312324450351, 0.000829660333693, 0.000778299116064, 0.000836169929244, 0.00136468664277, 0.000959440134466, 0.000771163555328, 0.000514423882123, 0.000179182665306, 7.34363638912e-05, 7.1011527325e-05, 5.85340530961e-05, 0.000270893156994, 0.000596996047534, 0.000229748489801, 0.000152858789079, 0.000170036815689, 0.000185007491382, 0.000142262506415, 4.24103054684e-05, 4.37225207861e-05, 3.27683710566e-06, 1.91400931726e-06, 4.10371831094e-06, 2.37815584114e-06, 1.6711577473e-06, 9.97109737e-07, 1.1180607089e-06, 3.69462043182e-07, 3.10733156539e-07, 2.64808278416e-07, 2.32540415368e-07, 2.185627892e-07, 1.68939962464e-07, 1.51481756916e-07, 1.39623551831e-07],
        "mean": [0.00328721338883, 0.00516900094226, 0.00427672499791, 0.00468644313514, 0.000469513499411, 0.000183362935786, 0.000184613847523, 0.00018695469771, 0.000283333967673, 0.000169225080754, 0.000124256228446, 7.03819168848e-05, 3.5535380448e-05, 1.14597069114e-05, 1.34817137223e-05, 9.31953218242e-06, 4.93888910569e-05, 0.000102879923361, 3.23566491716e-05, 3.63071849279e-05, 4.82327195641e-05, 3.06753936457e-05, 2.05943124456e-05, 7.49507626097e-06, 6.77551315675e-06, 7.91288130131e-07, 3.61705701835e-07, 3.29831379986e-07, 2.57884039456e-07, 3.15776162552e-07, 1.67166163578e-07, 9.64333608522e-08, 1.43993359458e-08, 6.95535673501e-09, 1.18403624683e-08, 8.21073076196e-09, 1.04486419517e-08, 5.42631450884e-09, 2.97300206675e-09, 1.81923842657e-09],
        "median": [0.00264220079407, 0.00427434872836, 0.00323011982255, 0.00389488134533, 0.000357258948497, 0.000144646881381, 0.000150419349666, 0.000145215468365, 0.000210984057048, 0.000130795044242, 8.41496366775e-05, 4.56483066955e-05, 2.47546522587e-05, 8.66782829689e-06, 1.02314688775e-05, 7.40336645322e-06, 3.53176146746e-05, 7.62458585086e-05, 1.90054070117e-05, 2.87229577225e-05, 4.05957143812e-05, 2.1664038286e-05, 1.45610965774e-05, 4.40166422777e-06, 3.44082036463e-06, 6.03497767315e-07, 2.75341648148e-07, 2.51349121072e-07, 1.84390458458e-07, 2.31187044619e-07, 1.22654952861e-07, 6.64843540221e-08, 9.17884879215e-09, 4.08548350705e-09, 8.15903788975e-09, 4.8310635492e-09, 6.93873669633e-09, 3.37007044493e-09, 1.58099699998e-09, 7.02286284682e-10],
        "min": [0.000127489256556, 0.000202977302251, 0.000234869628912, 0.000309627124807, 3.91089342884e-05, 2.06406293728e-05, 1.39267258419e-05, 1.77459442057e-05, 2.36856358242e-05, 1.24901025629e-05, 9.74480099103e-06, 4.41792144557e-06, 3.03629849441e-06, 8.1226102111e-07, 1.08995538994e-06, 6.19975935479e-07, 3.65364098798e-06, 4.99821226185e-06, 3.03638398691e-06, 3.27889210894e-06, 4.84540805701e-06, 4.18751960751e-06, 1.86808244962e-06, 6.0527105461e-07, 6.45848842851e-07, 9.09508131031e-08, 7.30034699359e-08, 4.91372631473e-08, 3.89902545805e-08, 4.61594140688e-08, 2.17412736703e-08, 1.06870237104e-08, 2.37794872682e-09, 1.02042696515e-09, 1.17544141087e-09, 9.12995623548e-10, 7.94167065443e-10, 5.06398978306e-10, 2.57304982876e-10, 1.2960564566e-10],
        "var": [6.27385043117e-06, 1.36329763336e-05, 1.16430928756e-05, 1.18410926007e-05, 1.84214869137e-07, 1.93234495072e-08, 1.70578147163e-08, 1.83617725469e-08, 5.69394842387e-08, 1.88046467287e-08, 1.40555931338e-08, 6.15370643331e-09, 1.03845976263e-09, 1.04195638229e-10, 1.02729769136e-10, 5.07763484037e-11, 2.00055039201e-09, 9.00884433719e-09, 1.27044941234e-09, 6.73584188426e-10, 8.8646473495e-10, 7.16769310571e-10, 3.27100457831e-10, 5.73145766958e-11, 7.03279309788e-11, 3.16648291789e-13, 7.08051781269e-14, 1.23160230387e-13, 6.14359298569e-14, 6.70347566518e-14, 1.78048493917e-14, 1.10767404838e-14, 8.28030715995e-16, 5.85955899449e-16, 4.65348730975e-16, 3.70110543377e-16, 3.33030484971e-16, 1.84210051921e-16, 1.43923073837e-16, 1.17419849669e-16]
    },
    "mfcc": {
        "mean": [-685.748596191, 226.519622803, -40.380695343, 47.6610794067, 27.1849193573, 3.67452502251, -10.0934457779, 7.47227239609, 19.7871417999, 3.80609917641, -3.45597410202, 1.36913216114, -21.7122859955],
        "cov": [[453.338867188, -143.141052246, -100.848213196, -2.27396607399, -49.6890029907, -19.6908435822, -42.35597229, -17.7525100708, -61.1408119202, -1.91474020481, -22.0126533508, 3.05000352859, -41.2373161316], [-143.141052246, 164.546661377, -9.32638931274, -14.8102989197, 4.41349077225, -6.13276529312, 3.33848834038, 3.88379573822, 33.2235336304, 1.3368884325, 10.9337043762, -21.1163272858, -2.66675496101], [-100.848213196, -9.32638931274, 139.338668823, -2.16744685173, 6.24386644363, -2.92544269562, 13.2388076782, 4.40936613083, 9.78496456146, 12.5977983475, -4.97260856628, 12.7323036194, 23.7771854401], [-2.27396607399, -14.8102989197, -2.16744685173, 79.9366455078, 28.623468399, 4.18493318558, -4.09003257751, -12.406419754, -4.90228939056, -8.54765605927, 10.2818470001, 13.3891191483, 0.412259697914], [-49.6890029907, 4.41349077225, 6.24386644363, 28.623468399, 59.5403518677, 17.4345493317, 2.22243094444, -5.57144594193, -4.00503730774, -5.10273218155, 7.39959096909, 13.2076225281, -0.616924524307], [-19.6908435822, -6.13276529312, -2.92544269562, 4.18493318558, 17.4345493317, 49.1882781982, 14.9929323196, -2.14341163635, 2.06159758568, 0.831180334091, 6.73589515686, 8.53118228912, 5.17277908325], [-42.35597229, 3.33848834038, 13.2388076782, -4.09003257751, 2.22243094444, 14.9929323196, 43.0573158264, 10.2205810547, 9.247838974, 1.31941771507, 3.4615187645, 0.765979588032, 8.17455387115], [-17.7525100708, 3.88379573822, 4.40936613083, -12.406419754, -5.57144594193, -2.14341163635, 10.2205810547, 41.8880462646, 19.3659515381, 7.81902647018, -0.371031939983, -0.0788795500994, 7.69506931305], [-61.1408119202, 33.2235336304, 9.78496456146, -4.90228939056, -4.00503730774, 2.06159758568, 9.247838974, 19.3659515381, 50.5877113342, 20.6838626862, 8.42144870758, 5.4736738205, 10.5755224228], [-1.91474020481, 1.3368884325, 12.5977983475, -8.54765605927, -5.10273218155, 0.831180334091, 1.31941771507, 7.81902647018, 20.6838626862, 46.8067321777, 15.4361801147, 11.8420791626, 6.31348276138], [-22.0126533508, 10.9337043762, -4.97260856628, 10.2818470001, 7.39959096909, 6.73589515686, 3.4615187645, -0.371031939983, 8.42144870758, 15.4361801147, 34.8326568604, 11.2931661606, 2.70670580864], [3.05000352859, -21.1163272858, 12.7323036194, 13.3891191483, 13.2076225281, 8.53118228912, 0.765979588032, -0.0788795500994, 5.4736738205, 11.8420791626, 11.2931661606, 43.4457092285, 14.1220912933], [-41.2373161316, -2.66675496101, 23.7771854401, 0.412259697914, -0.616924524307, 5.17277908325, 8.17455387115, 7.69506931305, 10.5755224228, 6.31348276138, 2.70670580864, 14.1220912933, 38.052734375]],
