{
"lowlevel": {
    "average_loudness": 0.988227665424,
    "barkbands_crest": {
        "dmean": 1.93608427048,
        "dmean2": 3.1798043251,
        "dvar": 3.08979034424,
        "dvar2": 7.49931192398,
        "max": 16.6476669312,
        "mean": 8.19941997528,
        "median": 7.79477405548,
        "min": 4.03841924667,
        "var": 5.10787057877
    },
    "barkbands_flatness_db": {
        "dmean": 0.0114907389507,
        "dmean2": 0.0184403639287,
        "dvar": 0.000104069498775,
        "dvar2": 0.000198600057047,
        "max": 0.266893655062,
        "mean": 0.228937417269,
        "median": 0.228465795517,
        "min": 0.104191750288,
        "var": 0.000293375662295
    },
    "barkbands_kurtosis": {
        "dmean": 0.95235568285,
        "dmean2": 1.53275406361,
        "dvar": 0.755867421627,
        "dvar2": 1.76010715961,
        "max": 8.08437919617,
        "mean": 1.06824851036,
        "median": 0.776123762131,
        "min": -1.36055648327,
        "var": 1.7075047493
    },
    "barkbands_skewness": {
        "dmean": 0.297438651323,
        "dmean2": 0.476799577475,
        "dvar": 0.0579177737236,
        "dvar2": 0.134538501501,
        "max": 2.66116809845,
        "mean": 1.30801308155,
        "median": 1.2878087759,
        "min": 0.234874978662,
        "var": 0.156760588288
    },
    "barkbands_spread": {
        "dmean": 3.05666732788,
        "dmean2": 4.64086151123,
        "dvar": 5.40003824234,
        "dvar2": 13.6502246857,
        "max": 31.7604446411,
        "mean": 17.6865634918,
        "median": 17.501291275,
        "min": 8.513007164,
        "var": 15.2741117477
    },
    "dissonance": {
        "dmean": 0.0195988323539,
        "dmean2": 0.0323596410453,
        "dvar": 0.000325954752043,
        "dvar2": 0.000648543762509,
        "max": 0.499147027731,
        "mean": 0.451130509377,
        "median": 0.452282339334,
        "min": 0.239587619901,
        "var": 0.000518929387908
    },
    "dynamic_complexity": 0.572228848934,
    "erbbands_crest": {
        "dmean": 1.82899785042,
        "dmean2": 3.00718784332,
        "dvar": 1.96732342243,
        "dvar2": 4.97623443604,
        "max": 19.7137031555,
        "mean": 8.70714473724,
        "median": 8.14916133881,
        "min": 4.37818717957,
        "var": 6.2952466011
    },
    "erbbands_flatness_db": {
        "dmean": 0.00954971183091,
        "dmean2": 0.0158891640604,
        "dvar": 6.60888035782e-05,
        "dvar2": 0.000147015860421,
        "max": 0.293169915676,
        "mean": 0.258794486523,
        "median": 0.258970975876,
        "min": 0.16778421402,
        "var": 0.000156546171638
    },
    "erbbands_kurtosis": {
        "dmean": 0.377137362957,
        "dmean2": 0.596740603447,
        "dvar": 0.112970158458,
        "dvar2": 0.284624308348,
        "max": 1.44392776489,
        "mean": -0.498992443085,
        "median": -0.545688390732,
        "min": -1.44561207294,
        "var": 0.215702950954
    },
    "erbbands_skewness": {
        "dmean": 0.268706738949,
        "dmean2": 0.429816573858,
        "dvar": 0.0413769297302,
        "dvar2": 0.107216753066,
        "max": 0.64282989502,
        "mean": -0.203447371721,
        "median": -0.155318304896,
        "min": -1.50861692429,
        "var": 0.13596907258
    },
    "erbbands_spread": {
        "dmean": 5.08150291443,
        "dmean2": 8.14434909821,
        "dvar": 15.343875885,
        "dvar2": 38.9113883972,
        "max": 53.7936172485,
        "mean": 32.2614326477,
        "median": 31.4220581055,
        "min": 18.4132919312,
        "var": 40.2406196594
    },
    "hfc": {
        "dmean": 4.06864976883,
        "dmean2": 6.517557621,
        "dvar": 12.8775177002,
        "dvar2": 28.4967002869,
        "max": 50.7674827576,
        "mean": 27.8154525757,
        "median": 27.6304397583,
        "min": 1.02520442009,
        "var": 40.0283813477
    },
    "melbands_crest": {
        "dmean": 2.67449951172,
        "dmean2": 4.25604057312,
        "dvar": 4.14158821106,
        "dvar2": 10.7677841187,
        "max": 26.9013195038,
        "mean": 15.6945867538,
        "median": 15.0907773972,
        "min": 8.24345111847,
        "var": 14.2792577744
    },
    "melbands_flatness_db": {
        "dmean": 0.0134993903339,
        "dmean2": 0.0209265165031,
        "dvar": 0.00013848443632,
        "dvar2": 0.00029028809513,
        "max": 0.358262568712,
        "mean": 0.312914848328,
        "median": 0.313700944185,
        "min": 0.190470471978,
        "var": 0.000463862874312
    },
    "melbands_kurtosis": {
        "dmean": 2.88348150253,
        "dmean2": 4.69941711426,
        "dvar": 7.28637266159,
        "dvar2": 18.0455112457,
        "max": 27.5469532013,
        "mean": 7.04838895798,
        "median": 6.30821037292,
        "min": 0.50462603569,
        "var": 17.1802902222
    },
    "melbands_skewness": {
        "dmean": 0.488666534424,
        "dmean2": 0.797743976116,
        "dvar": 0.149432733655,
        "dvar2": 0.362671047449,
        "max": 4.82441854477,
        "mean": 2.48079562187,
        "median": 2.39206361771,
        "min": 1.00948572159,
        "var": 0.43908149004
    },
    "melbands_spread": {
        "dmean": 3.38872766495,
        "dmean2": 5.37984514236,
        "dvar": 8.87995529175,
        "dvar2": 18.2494850159,
        "max": 41.0551757812,
        "mean": 17.4651546478,
        "median": 16.9766368866,
        "min": 6.2987575531,
        "var": 23.7004413605
    },
    "pitch_salience": {
        "dmean": 0.0420203953981,
        "dmean2": 0.0683870837092,
        "dvar": 0.00127154868096,
        "dvar2": 0.00258492259309,
        "max": 0.809768736362,
        "mean": 0.436929285526,
        "median": 0.435697257519,
        "min": 0.267827421427,
        "var": 0.00232733902521
    },
    "silence_rate_20dB": {
        "dmean": 0,
        "dmean2": 0,
        "dvar": 0,
        "dvar2": 0,
        "max": 1,
        "mean": 1,
        "median": 1,
        "min": 1,
        "var": 0
    },
    "silence_rate_30dB": {
        "dmean": 0,
        "dmean2": 0,
        "dvar": 0,
        "dvar2": 0,
        "max": 1,
        "mean": 1,
        "median": 1,
        "min": 1,
        "var": 0
    },
    "silence_rate_60dB": {
        "dmean": 0,
        "dmean2": 0,
        "dvar": 0,
        "dvar2": 0,
        "max": 0,
        "mean": 0,
        "median": 0,
        "min": 0,
        "var": 0
    },
    "spectral_centroid": {
        "dmean": 176.7159729,
        "dmean2": 267.389526367,
        "dvar": 17705.0390625,
        "dvar2": 45026.40625,
        "max": 1841.05175781,
        "mean": 1038.48742676,
        "median": 1019.90814209,
        "min": 549.308654785,
        "var": 55034.6640625
    },
    "spectral_complexity": {
        "dmean": 2.67380952835,
        "dmean2": 4.57756567001,
        "dvar": 4.74836301804,
        "dvar2": 11.4659404755,
        "max": 29,
        "mean": 20.0237522125,
        "median": 20,
        "min": 3,
        "var": 9.44361209869
    },
    "spectral_decrease": {
        "dmean": 2.08753636599e-09,
        "dmean2": 3.40758088413e-09,
        "dvar": 3.35699795153e-18,
        "dvar2": 8.3594558376e-18,
        "max": -3.03485070408e-10,
        "mean": -1.46282026492e-08,
        "median": -1.45949554664e-08,
        "min": -2.08466879315e-08,
        "var": 4.98526286908e-18
    },
    "spectral_energy": {
        "dmean": 0.00808676052839,
        "dmean2": 0.0132304728031,
        "dvar": 5.11623547936e-05,
        "dvar2": 0.000126590879518,
        "max": 0.0814828574657,
        "mean": 0.0577330328524,
        "median": 0.0579951182008,
        "min": 0.00123841071036,
        "var": 7.55930086598e-05
    },
    "spectral_energyband_high": {
        "dmean": 1.31263959702e-05,
        "dmean2": 1.9775601686e-05,
        "dvar": 1.38384581572e-10,
        "dvar2": 2.86702717123e-10,
        "max": 0.000195151180378,
        "mean": 6.35018586763e-05,
        "median": 5.82687753194e-05,
        "min": 6.96279948897e-06,
        "var": 7.72780950342e-10
    },
    "spectral_energyband_low": {
        "dmean": 0.00395243847743,
        "dmean2": 0.00583970127627,
        "dvar": 1.02896165117e-05,
        "dvar2": 2.21710542974e-05,
        "max": 0.0485702082515,
        "mean": 0.0215360615402,
        "median": 0.0208856537938,
        "min": 0.000230450270465,
        "var": 7.97711400082e-05
    },
    "spectral_energyband_middle_high": {
        "dmean": 0.00208037719131,
        "dmean2": 0.00316439801827,
        "dvar": 3.54108624379e-06,
        "dvar2": 7.0052474257e-06,
        "max": 0.0294167306274,
        "mean": 0.0112069519237,
        "median": 0.0105859357864,
        "min": 0.000338951125741,
        "var": 1.8343949705e-05
    },
    "spectral_energyband_middle_low": {
        "dmean": 0.00921222474426,
        "dmean2": 0.0145155889913,
        "dvar": 5.23240632901e-05,
        "dvar2": 0.000142433404108,
        "max": 0.0670103728771,
        "mean": 0.0271553695202,
        "median": 0.0261663980782,
        "min": 0.000679821532685,
        "var": 0.000117356416013
    },
    "spectral_entropy": {
        "dmean": 0.109441302717,
        "dmean2": 0.175161197782,
        "dvar": 0.00848619453609,
        "dvar2": 0.0195232070982,
        "max": 7.63998651505,
        "mean": 6.87319135666,
        "median": 6.88254451752,
        "min": 6.38892364502,
        "var": 0.0159036386758
    },
    "spectral_flux": {
        "dmean": 0.0204334240407,
        "dmean2": 0.035084143281,
        "dvar": 0.000293489458272,
        "dvar2": 0.000741547846701,
        "max": 0.21317602694,
        "mean": 0.0810055285692,
        "median": 0.0774921923876,
        "min": 0.0427308529615,
        "var": 0.00049095164286
    },
    "spectral_kurtosis": {
        "dmean": 5.0291185379,
        "dmean2": 9.09326934814,
        "dvar": 14.1918115616,
        "dvar2": 45.2203025818,
        "max": 29.801815033,
        "mean": 8.78829288483,
        "median": 8.48990440369,
        "min": 1.09821510315,
        "var": 22.229888916
    },
    "spectral_rms": {
        "dmean": 0.000537798041478,
        "dmean2": 0.000872062810231,
        "dvar": 2.85158677116e-07,
        "dvar2": 6.20246339622e-07,
        "max": 0.00891602318734,
        "mean": 0.00747820269316,
        "median": 0.00752200791612,
        "min": 0.00109918403905,
        "var": 4.01358960289e-07
    },
    "spectral_rolloff": {
        "dmean": 200.258590698,
        "dmean2": 355.631774902,
        "dvar": 67876.265625,
        "dvar2": 146728.875,
        "max": 2067.1875,
        "mean": 916.567443848,
        "median": 818.26171875,
        "min": 193.798828125,
        "var": 120725.570312
    },
    "spectral_skewness": {
        "dmean": 0.423241198063,
        "dmean2": 0.763249635696,
        "dvar": 0.105689093471,
        "dvar2": 0.319287896156,
        "max": 4.01484823227,
        "mean": 1.51833760738,
        "median": 1.46821403503,
        "min": 0.706383287907,
        "var": 0.179178863764
    },
    "spectral_spread": {
        "dmean": 155595.75,
        "dmean2": 265450.9375,
        "dvar": 44226945024,
        "dvar2": 62889283584,
        "max": 6346563.5,
        "mean": 2088765,
        "median": 2058253.5,
        "min": 1760137,
        "var": 63494541312
    },
    "spectral_strongpeak": {
        "dmean": 0.34458220005,
        "dmean2": 0.590976536274,
        "dvar": 0.281658440828,
        "dvar2": 0.775426506996,
        "max": 4.17323684692,
        "mean": 0.923468649387,
        "median": 0.743035852909,
        "min": 0,
        "var": 0.288894087076
    },
    "zerocrossingrate": {
        "dmean": 0.00370047427714,
        "dmean2": 0.00507276458666,
        "dvar": 9.80831646302e-06,
        "dvar2": 1.49455945575e-05,
        "max": 0.060546875,
        "mean": 0.0341762080789,
        "median": 0.03369140625,
        "min": 0.00830078125,
        "var": 4.85337113787e-05
    },
    "barkbands": {
        "dmean": [9.64174796536e-06, 0.00196554069407, 0.0024445108138, 0.00290479743853, 0.00686132209376, 0.000107661137008, 7.98586042947e-05, 0.00154511618894, 0.00278819003142, 0.00137200381141, 0.000147003258462, 0.000622464925982, 1.85731532838e-05, 0.000343145744409, 0.000516206782777, 0.00044673710363, 0.000233400627621, 0.000305158813717, 5.67009265069e-05, 1.45965241245e-05, 8.02951490186e-06, 2.60817819253e-06, 4.75327226468e-07, 9.44210043485e-08, 2.61978492233e-08, 1.20165299933e-08, 7.01647051571e-09],
        "dmean2": [1.43316065078e-05, 0.00282266363502, 0.00377978780307, 0.00444214558229, 0.0107746543363, 0.000186406716239, 0.000136522896355, 0.00263332179748, 0.00471152644604, 0.00212521990761, 0.000250865268754, 0.000975635775831, 3.14335047733e-05, 0.000566477305256, 0.000725777179468, 0.000720956304576, 0.000405653554481, 0.000467405392556, 9.96534508886e-05, 2.37008061958e-05, 1.30578382596e-05, 3.94763264921e-06, 8.92944626685e-07, 1.61350158123e-07, 4.37457536862e-08, 2.09064463519e-08, 1.16970220176e-08],
        "dvar": [4.15504342044e-09, 2.56067801274e-06, 4.13349607697e-06, 5.5368395806e-06, 3.34260803356e-05, 1.02555057779e-08, 5.79463987904e-09, 2.23271854338e-06, 5.92941933064e-06, 2.25182543545e-06, 2.3780033942e-08, 4.11364766251e-07, 5.34178035139e-10, 2.00413168727e-07, 2.14542538401e-07, 2.44858142651e-07, 4.82533017987e-08, 9.33789578994e-08, 3.37096195402e-09, 1.44286804726e-10, 4.67245686586e-11, 7.04824393294e-12, 1.78224107564e-13, 6.88405021464e-15, 1.4167979178e-15, 8.09352527777e-16, 8.59856231982e-16],
        "dvar2": [4.25188462216e-09, 5.20879166288e-06, 9.29114594328e-06, 1.31563747345e-05, 8.54007885209e-05, 2.65907171837e-08, 1.53280961257e-08, 6.45379077469e-06, 1.65951278177e-05, 4.79696200273e-06, 6.16210371618e-08, 8.86344992068e-07, 1.37579370119e-09, 4.82569134874e-07, 4.01909545644e-07, 5.15397346135e-07, 1.4080633548e-07, 2.08927346534e-07, 9.55955314907e-09, 3.46741163559e-10, 1.20020743344e-10, 1.41852458599e-11, 4.96092262322e-13, 1.86791025898e-14, 3.49710003658e-15, 1.72557477899e-15, 1.84423657749e-15],
        "max": [0.00132289680187, 0.0247978325933, 0.0275685247034, 0.018601546064, 0.0451686494052, 0.000843568705022, 0.000626408495009, 0.0154531039298, 0.019260616973, 0.0210953410715, 0.00122792075854, 0.00717537058517, 0.000367143540643, 0.00450676307082, 0.00646643480286, 0.00445525022224, 0.00180067983456, 0.00456309551373, 0.000481828552438, 0.000146852486068, 6.87930805725e-05, 3.26651606883e-05, 2.85093665298e-06, 9.12220912141e-07, 6.6161533141e-07, 5.75514263801e-07, 6.21933907041e-07],
        "mean": [1.15720822578e-05, 0.0101137440652, 0.010605763644, 0.00424570264295, 0.0144153181463, 0.000200301408768, 0.000132767425384, 0.00248981127515, 0.00397183839232, 0.00401080166921, 0.000236854233663, 0.00160476902965, 3.18353413604e-05, 0.000753830128815, 0.00223659910262, 0.000760044669732, 0.000476193090435, 0.00121636583935, 0.000131990003865, 5.41555054951e-05, 2.49153763434e-05, 6.95395829098e-06, 5.42347095234e-07, 3.2897918345e-07, 9.95318600872e-08, 2.94418907032e-08, 3.62775658402e-08],
        "median": [6.45238469588e-06, 0.00972895883024, 0.0101003060117, 0.00359622668475, 0.01307740435, 0.000173202541191, 0.000107805070002, 0.00203840970062, 0.0032802298665, 0.00278120767325, 0.000198571040528, 0.00127153052017, 2.47463394771e-05, 0.000573658500798, 0.00214474601671, 0.000520725734532, 0.000425757316407, 0.000999697367661, 0.000116432885989, 4.97528162668e-05, 2.31563481066e-05, 5.72395128984e-06, 3.96929635826e-07, 3.08517456915e-07, 8.76553869489e-08, 2.25954170929e-08, 3.21316768748e-08],
        "min": [3.6131165615e-08, 0.000104274964542, 6.39870340819e-05, 9.77718736976e-05, 0.000273673940683, 2.12292034121e-05, 4.84813699586e-06, 3.45313783328e-05, 6.39892969048e-05, 1.82075727935e-05, 9.03393265617e-06, 8.53065466799e-06, 2.07807693187e-06, 3.64965198969e-05, 6.66547857691e-05, 6.74063048791e-05, 1.41191012517e-05, 2.72539182333e-05, 5.04046147398e-06, 2.28244971368e-06, 2.17198544306e-06, 8.24215476314e-07, 1.23385277107e-07, 9.65043511769e-08, 2.98326838788e-08, 6.90392143454e-09, 1.73574754569e-08],
        "var": [4.15523215835e-09, 1.99883452296e-05, 2.3256689019e-05, 8.84512519406e-06, 6.4710402512e-05, 1.8025193782e-08, 8.03931410331e-09, 4.1243170017e-06, 9.72235102381e-06, 1.3566479538e-05, 3.32871756825e-08, 1.4295243318e-06, 7.98436816662e-10, 4.13844446712e-07, 9.25422398268e-07, 4.49072132369e-07, 7.22335400383e-08, 6.01668261879e-07, 3.89163634651e-09, 5.57676960167e-10, 1.0273664558e-10, 2.35689280592e-11, 1.5808880626e-13, 1.34511644173e-14, 3.09271422559e-15, 1.69349266496e-15, 1.62429272015e-15]
    },
    "erbbands": {
        "dmean": [0.0151357250288, 0.582216799259, 2.91887903214, 3.71094822884, 28.4874649048, 12.6325569153, 0.893456935883, 0.98233127594, 1.05441963673, 2.59673142433, 69.9954833984, 43.6671409607, 46.3823204041, 10.7675886154, 17.2040939331, 12.8769035339, 1.24025166035, 5.05391454697, 32.0430984497, 14.9059848785, 22.2429180145, 14.4726543427, 6.27058458328, 14.9561071396, 1.63032650948, 0.615428686142, 0.432368457317, 0.277932673693, 0.0688520893455, 0.0172705054283, 0.0134577220306, 0.00315293623134, 0.00119483587332, 0.000430477870395, 0.00014021723473, 6.82324534864e-05, 1.82205076271e-05, 4.21874801759e-06, 3.97167104893e-06, 8.94398544915e-06],
        "dmean2": [0.0237872153521, 0.842311680317, 4.36384916306, 5.69914340973, 44.0209617615, 20.8988990784, 1.50628268719, 1.67559504509, 1.7423927784, 4.41786575317, 116.550186157, 74.3655776978, 73.3730316162, 16.7091617584, 27.0871696472, 20.1401557922, 2.13252592087, 8.56190395355, 48.2196884155, 21.4602108002, 35.8809318542, 25.2786941528, 9.8907289505, 22.4502182007, 2.75474596024, 1.0424810648, 0.671596825123, 0.437869012356, 0.10906034708, 0.0311364550143, 0.0249879118055, 0.00554223172367, 0.00196662102826, 0.000713250599802, 0.00023779462208, 0.00011350063869, 3.16452969855e-05, 7.52914229452e-06, 6.61280819259e-06, 1.46881457113e-05],
        "dvar": [0.000177682552021, 0.235007762909, 5.9671792984, 9.70339870453, 524.926208496, 122.781845093, 0.61981844902, 0.959020495415, 1.04284095764, 6.74418067932, 4114.47998047, 1504.39001465, 2682.79394531, 109.102790833, 258.97756958, 161.371704102, 1.43565750122, 26.3521633148, 1144.09460449, 177.245910645, 623.623718262, 204.368392944, 35.004737854, 201.894714355, 2.1830136776, 0.302345633507, 0.166804015636, 0.0525552518666, 0.00363132823259, 0.000232073871302, 0.000131902575959, 7.71988288761e-06, 1.10937708087e-06, 2.78762541939e-07, 5.91041882103e-08, 1.58778359349e-08, 2.56122567599e-09, 3.11800973929e-10, 2.9266207513e-11, 6.39337194297e-11],
        "dvar2": [0.000382818136131, 0.460938334465, 12.9727554321, 23.8951854706, 1288.859375, 326.958709717, 1.63348269463, 2.48220539093, 2.93594169617, 19.54022789, 11743.7080078, 4270.89892578, 5863.66357422, 241.763687134, 613.742858887, 348.00604248, 3.97707700729, 69.1211395264, 2511.40209961, 308.265228271, 1283.58276367, 602.087890625, 72.0163497925, 459.22833252, 5.866086483, 0.726639270782, 0.370140194893, 0.135648846626, 0.00833052117378, 0.000631965580396, 0.000374306400772, 2.2685417207e-05, 2.8845088309e-06, 7.39352458368e-07, 1.38523333248e-07, 3.66447103772e-08, 5.40832445495e-09, 6.55201282118e-10, 8.05134778292e-11, 1.59642854491e-10],
        "max": [0.172121345997, 7.55979728699, 36.438621521, 27.0074996948, 183.189682007, 84.0054931641, 6.26059103012, 7.81015253067, 10.0067558289, 19.3639640808, 629.589782715, 320.451568604, 712.403991699, 161.545318604, 168.801361084, 146.830688477, 16.7468185425, 52.43800354, 427.416412354, 188.866775513, 235.871322632, 109.703964233, 88.9551925659, 220.531738281, 14.9457683563, 5.72889614105, 5.51280736923, 2.63273096085, 0.681969761848, 0.106732033193, 0.0710757896304, 0.0244520418346, 0.0137985013425, 0.00860081240535, 0.0042856503278, 0.00247295480222, 0.00102911726572, 0.000364940555301, 0.000116596107546, 9.34086856432e-05],
        "mean": [0.051879785955, 3.11395072937, 14.7101373672, 9.25723457336, 63.3275108337, 22.2458133698, 2.0789604187, 1.72771525383, 2.11054873466, 4.52903318405, 115.0366745, 67.9309158325, 131.368835449, 33.4711112976, 43.7852401733, 37.4969444275, 3.93752670288, 13.655207634, 114.831672668, 64.3825531006, 40.3689498901, 27.9021511078, 26.72747612, 62.6315116882, 5.7395939827, 2.20858836174, 1.64234423637, 0.97436696291, 0.234834685922, 0.038428876549, 0.0171392075717, 0.00909007433802, 0.00429023709148, 0.00175045896322, 0.000451941916253, 0.000236844236497, 5.36601037311e-05, 1.4638833818e-05, 3.25102446368e-05, 6.61888843752e-05],
        "median": [0.0494286194444, 3.01536631584, 14.1790132523, 8.27116012573, 58.6637535095, 18.9586524963, 1.94890189171, 1.42050945759, 1.81900131702, 3.82406234741, 98.2194442749, 58.9278182983, 94.5304412842, 25.8189716339, 38.6490936279, 32.376789093, 3.61299014091, 11.6344976425, 99.8419647217, 61.0346183777, 28.084941864, 24.5573005676, 22.3423633575, 52.0993041992, 5.55874586105, 2.05175304413, 1.46535181999, 0.889046013355, 0.208387419581, 0.0339418537915, 0.0132350670174, 0.00845533329993, 0.00394864147529, 0.00162849039771, 0.000367845757864, 0.000203397896257, 4.23720230174e-05, 1.21463817777e-05, 3.22243795381e-05, 6.66739288135e-05],
        "min": [0.0028604674153, 0.0227377228439, 0.0708141624928, 0.206042572856, 0.717502117157, 0.672081887722, 0.327327221632, 0.141302138567, 0.0713594853878, 0.260620594025, 2.56668996811, 3.3020632267, 1.65435993671, 0.427971661091, 0.454632371664, 0.409338027239, 0.141860932112, 0.897165894508, 3.39110994339, 5.71848630905, 6.26598548889, 1.01652896404, 0.965872228146, 1.11391425133, 0.192727252841, 0.108749985695, 0.121806703508, 0.052317019552, 0.0314931236207, 0.0115090571344, 0.0043030353263, 0.00240439292975, 0.00164752907585, 0.000686255574692, 0.000160402880283, 9.00842278497e-05, 2.31930316659e-05, 6.51269692753e-06, 1.9627275833e-05, 9.75202146947e-06],
        "var": [0.000553853926249, 1.89447546005, 42.4873886108, 14.6573820114, 1141.25622559, 180.681228638, 0.90613669157, 1.542278409, 1.80380737782, 10.1532831192, 8083.87841797, 2320.99755859, 13756.2841797, 798.92755127, 847.022094727, 559.50579834, 2.83095002174, 66.0653381348, 4207.87255859, 641.282043457, 1156.79406738, 268.175201416, 188.488723755, 1419.39562988, 4.30131864548, 0.877965986729, 0.707645595074, 0.158850729465, 0.0121271843091, 0.000283759640297, 0.00012670684373, 1.17332010632e-05, 2.35372749557e-06, 5.05075661295e-07, 1.32970029654e-07, 3.59945495632e-08, 5.11493780664e-09, 5.90142712475e-10, 3.87544336899e-11, 9.17975834236e-11]
    },
    "gfcc": {
        "mean": [-26.5633544922, 189.185333252, -164.814544678, 35.9886283875, -8.99607467651, -9.58722686768, -1.72274029255, 5.40567159653, -11.401049614, -31.2013950348, -29.7836608887, -29.9304065704, -2.82226324081],
        "cov": [[123.26865387, 13.277803421, -57.2034683228, -15.3941659927, -25.2130088806, -17.0209293365, 11.6977319717, 4.06079435349, -3.71675276756, 0.458687335253, 2.57307648659, -1.2326720953, -2.47232079506], [13.277803421, 76.0894622803, 1.97222030163, -18.1889438629, -6.41723537445, -14.5521278381, 24.5133152008, -1.02479171753, 4.96478796005, -3.46176815033, 5.79296636581, -13.9865913391, 5.35155773163], [-57.2034683228, 1.97222030163, 62.1181030273, 2.78533887863, 6.21892595291, 12.1682662964, -11.5767297745, 1.61458301544, -1.04167544842, 0.158266052604, -2.02534794807, 5.85836553574, 0.161051109433], [-15.3941659927, -18.1889438629, 2.78533887863, 47.5140724182, 26.3496227264, 6.02167272568, -9.11555290222, -13.7867002487, 1.27277064323, -3.2654645443, 4.25434064865, 3.41874718666, 0.207817047834], [-25.2130088806, -6.41723537445, 6.21892595291, 26.3496227264, 58.7733573914, 27.7965106964, -2.94905591011, -3.41489577293, 0.0611634403467, 2.31332039833, 2.28607130051, 6.59398937225, 10.0811405182], [-17.0209293365, -14.5521278381, 12.1682662964, 6.02167272568, 27.7965106964, 49.225479126, 9.19013404846, 4.27647018433, 0.0317005030811, 2.27726840973, 7.89737176895, 17.9128665924, 7.4760684967], [11.6977319717, 24.5133152008, -11.5767297745, -9.11555290222, -2.94905591011, 9.19013404846, 50.1584663391, 23.5366172791, 1.15789234638, -4.80233383179, 3.71472787857, 0.408527344465, 6.33362674713], [4.06079435349, -1.02479171753, 1.61458301544, -13.7867002487, -3.41489577293, 4.27647018433, 23.5366172791, 46.7183837891, 16.9668178558, 7.59706735611, -1.402146101, 1.45412802696, 2.64147543907], [-3.71675276756, 4.96478796005, -1.04167544842, 1.27277064323, 0.0611634403467, 0.0317005030811, 1.15789234638, 16.9668178558, 40.1166763306, 21.0630607605, 2.34886717796, -7.7826051712, -7.05944347382], [0.458687335253, -3.46176815033, 0.158266052604, -3.2654645443, 2.31332039833, 2.27726840973, -4.80233383179, 7.59706735611, 21.0630607605, 36.4072647095, 11.5486030579, -2.76224684715, -8.41211795807], [2.57307648659, 5.79296636581, -2.02534794807, 4.25434064865, 2.28607130051, 7.89737176895, 3.71472787857, -1.402146101, 2.34886717796, 11.5486030579, 24.2483787537, 8.8796043396, -3.17382693291], [-1.2326720953, -13.9865913391, 5.85836553574, 3.41874718666, 6.59398937225, 17.9128665924, 0.408527344465, 1.45412802696, -7.7826051712, -2.76224684715, 8.8796043396, 28.4798755646, 11.837138176], [-2.47232079506, 5.35155773163, 0.161051109433, 0.207817047834, 10.0811405182, 7.4760684967, 6.33362674713, 2.64147543907, -7.05944347382, -8.41211795807, -3.17382693291, 11.837138176, 31.7018642426]],
        "icov": [[0.022751705721, -0.0203536003828, 0.0286508537829, -0.0128840049729, 0.0160281583667, -0.0126689048484, 0.0163000468165, -0.0166900381446, 0.0164763573557, -0.0119570884854, 0.0165235809982, -0.0138174425811, 0.00848363619298], [-0.0203536003828, 0.0657996311784, -0.0433180257678, 0.0446917116642, -0.0352605655789, 0.0412226468325, -0.0497015602887, 0.0453270711005, -0.0417128317058, 0.0318016596138, -0.051125831902, 0.032966490835, -0.0234012044966], [0.0286508537829, -0.0433180257678, 0.0616554915905, -0.0300521068275, 0.0298305172473, -0.0341277569532, 0.0411670692265, -0.037308216095, 0.0330737903714, -0.0226248521358, 0.0365217961371, -0.0249293167144, 0.0172028243542], [-0.0128840049729, 0.0446917116642, -0.0300521068275, 0.0670780912042, -0.0439002625644, 0.0370936430991, -0.0339864306152, 0.0414435751736, -0.0401542074978, 0.0334013812244, -0.0425328016281, 0.0144115202129, -0.0100045008585], [0.0160281583667, -0.0352605655789, 0.0298305172473, -0.0439002625644, 0.0580317415297, -0.0449863895774, 0.0327575318515, -0.0301267318428, 0.0303594674915, -0.0254455339164, 0.0306172762066, -0.00552806071937, 0.000596978643443], [-0.0126689048484, 0.0412226468325, -0.0341277569532, 0.0370936430991, -0.0449863895774, 0.0705179274082, -0.0442774929106, 0.0350897982717, -0.0331651233137, 0.020210839808, -0.0326506197453, -0.00676780147478, -0.00718258135021], [0.0163000468165, -0.0497015602887, 0.0411670692265, -0.0339864306152, 0.0327575318515, -0.0442774929106, 0.0753364488482, -0.0563899092376, 0.0369288548827, -0.0128111504018, 0.0228856001049, -0.00828687287867, 0.00955642946064], [-0.0166900381446, 0.0453270711005, -0.037308216095, 0.0414435751736, -0.0301267318428, 0.0350897982717, -0.0563899092376, 0.0748842060566, -0.0484442450106, 0.0179230812937, -0.0236030220985, 0.00781234493479, -0.0140155116096], [0.0164763573557, -0.0417128317058, 0.0330737903714, -0.0401542074978, 0.0303594674915, -0.0331651233137, 0.0369288548827, -0.0484442450106, 0.0761321336031, -0.0455316863954, 0.0361783243716, -0.00680913683027, 0.0142829455435], [-0.0119570884854, 0.0318016596138, -0.0226248521358, 0.0334013812244, -0.0254455339164, 0.020210839808, -0.0128111504018, 0.0179230812937, -0.0455316863954, 0.0724332407117, -0.0545273758471, 0.0226183589548, -0.00683670165017], [0.0165235809982, -0.051125831902, 0.0365217961371, -0.0425328016281, 0.0306172762066, -0.0326506197453, 0.0228856001049, -0.0236030220985, 0.0361783243716, -0.0545273758471, 0.111987866461, -0.0556587167084, 0.0309517737478], [-0.0138174425811, 0.032966490835, -0.0249293167144, 0.0144115202129, -0.00552806071937, -0.00676780147478, -0.00828687287867, 0.00781234493479, -0.00680913683027, 0.0226183589548, -0.0556587167084, 0.0928416475654, -0.0380046665668], [0.00848363619298, -0.0234012044966, 0.0172028243542, -0.0100045008585, 0.000596978643443, -0.00718258135021, 0.00955642946064, -0.0140155116096, 0.0142829455435, -0.00683670165017, 0.0309517737478, -0.0380046665668, 0.0555522628129]]
    },
    "melbands": {
        "dmean": [0.000329702248564, 0.00123329565395, 0.00139547220897, 0.00175354350358, 4.65555858682e-05, 2.15693980863e-05, 1.55097313836e-05, 2.01466118597e-05, 0.000730612897314, 0.000229419980315, 0.000238406501012, 5.6236051023e-05, 3.89386914321e-05, 8.06751195341e-05, 8.45702106744e-06, 2.43648514697e-06, 8.662230357e-06, 5.99738341407e-05, 4.13064590248e-05, 2.98119721265e-05, 2.12519480556e-05, 1.43209763337e-05, 8.82923541212e-06, 1.32509094328e-05, 1.26813456518e-05, 1.21030871014e-06, 1.04438572635e-06, 3.74404521608e-07, 3.0496065051e-07, 2.63385857124e-07, 1.49265176219e-07, 5.52045555935e-08, 1.19228413809e-08, 1.05796633676e-08, 1.02446984229e-08, 3.05878011808e-09, 1.71961422879e-09, 1.01094821403e-09, 5.94976679036e-10, 3.62165963885e-10],
        "dmean2": [0.00048134723329, 0.00182053865865, 0.00214788666926, 0.00277522183023, 8.14990926301e-05, 3.68646651623e-05, 2.56420808e-05, 3.60062185791e-05, 0.0012145753717, 0.000392574351281, 0.000374799245037, 8.80405132193e-05, 6.30416398053e-05, 0.000125237958855, 1.46302809299e-05, 4.30781210525e-06, 1.54488643602e-05, 9.1431887995e-05, 5.58401734452e-05, 4.73877080367e-05, 3.40995102306e-05, 2.51351484621e-05, 1.47696846398e-05, 2.0383617084e-05, 1.90308674064e-05, 2.06440699912e-06, 1.80034226105e-06, 6.10171582593e-07, 4.539608085e-07, 4.28145028764e-07, 2.27412868981e-07, 8.77806414223e-08, 2.04241974444e-08, 2.00584437948e-08, 1.92139033572e-08, 5.52293277778e-09, 2.97577629205e-09, 1.67659675032e-09, 9.65612367843e-10, 6.15138773252e-10],
        "dvar": [6.9161721683e-08, 1.0582438108e-06, 1.21444702472e-06, 2.24388713832e-06, 1.50460555126e-09, 4.41339353952e-10, 2.13555728656e-10, 4.50308568212e-10, 4.33973553982e-07, 4.15265191123e-08, 7.1269369073e-08, 3.21503024203e-09, 1.26013866009e-09, 6.98473812122e-09, 5.65751369364e-11, 6.86934883976e-12, 7.39368080649e-11, 4.75896744234e-09, 1.65675129171e-09, 1.03608943647e-09, 5.25642751548e-10, 1.96154606447e-10, 5.9751897874e-11, 1.79790418664e-10, 1.42671888193e-10, 1.36303544406e-12, 9.36793286173e-13, 1.13574263655e-13, 8.68224288579e-14, 4.7803608809e-14, 1.81394003008e-14, 2.56352488607e-15, 9.9117062483e-17, 9.34644145792e-17, 8.43117934502e-17, 6.73080090439e-18, 2.3937595699e-18, 7.77779990504e-19, 3.89767840677e-19, 2.0484781488e-19],
        "dvar2": [1.49932589011e-07, 2.21888808483e-06, 2.87546868094e-06, 5.79986817684e-06, 4.35483338279e-09, 1.15480025542e-09, 6.00821836727e-10, 1.2997752874e-09, 1.23434904253e-06, 1.16710381803e-07, 1.54988711643e-07, 7.11716596768e-09, 3.12765591204e-09, 1.48908547715e-08, 1.58164814579e-10, 2.04863140341e-11, 2.0614729368e-10, 1.06919824105e-08, 2.70445577044e-09, 2.23035323543e-09, 1.10819442511e-09, 5.86731108143e-10, 1.63263222386e-10, 3.97713056932e-10, 3.25363375131e-10, 3.71493244153e-12, 2.72481191256e-12, 2.51922153928e-13, 1.79804291573e-13, 1.29199995429e-13, 4.24476636295e-14, 5.7151053604e-15, 2.72445871083e-16, 2.4741387697e-16, 2.34951984143e-16, 1.9125353785e-17, 6.97153610524e-18, 1.9446081487e-18, 1.05027215434e-18, 5.53275262343e-19],
        "max": [0.00371652888134, 0.0156987849623, 0.0088273845613, 0.0113311344758, 0.000250791490544, 0.000166526428075, 0.000136075061164, 0.000137171620736, 0.00623949756846, 0.00166299880948, 0.00366148701869, 0.000869266572408, 0.000338122452376, 0.000944176630583, 6.21180224698e-05, 2.42674868787e-05, 6.69602741254e-05, 0.000855132529978, 0.000629536050837, 0.00028775219107, 0.000219567999011, 0.000107110994577, 7.9279205238e-05, 0.000199968038942, 0.000184579737834, 1.15622369776e-05, 8.4721523308e-06, 3.95529650632e-06, 5.041787972e-06, 2.1353162083e-06, 1.55651616751e-06, 5.40023847861e-07, 8.18879541953e-08, 6.60250023543e-08, 5.31213188992e-08, 2.02742338473e-08, 1.38082203449e-08, 9.7533847665e-09, 8.95140050972e-09, 6.52255405242e-09],
        "mean": [0.00150009186473, 0.00658004032448, 0.00341658550315, 0.00358073133975, 8.25788374641e-05, 3.92385190935e-05, 3.14889330184e-05, 2.79107371171e-05, 0.00118333147839, 0.000337167817634, 0.000674867711496, 0.000167406746186, 9.40497484407e-05, 0.00020497974765, 2.06353797694e-05, 4.43396265837e-06, 1.49588868226e-05, 0.000180052869837, 0.00017713032139, 5.12195947522e-05, 3.82820326195e-05, 2.65490980382e-05, 1.82187213795e-05, 5.13997511007e-05, 5.30375909875e-05, 3.09810207e-06, 2.23195911531e-06, 1.33381172418e-06, 1.21284813304e-06, 7.74212708166e-07, 4.68268638087e-07, 1.571391266e-07, 3.3735748417e-08, 1.29456791953e-08, 1.05694590857e-08, 6.54383169874e-09, 4.98742469546e-09, 3.20002091492e-09, 2.0327457495e-09, 1.21338361581e-09],
        "median": [0.00142904475797, 0.00631664693356, 0.00313648581505, 0.00321063166484, 7.31579057174e-05, 3.33202151523e-05, 2.80266795016e-05, 2.14922401938e-05, 0.000995026435703, 0.000286266527837, 0.000476090470329, 0.000121347380627, 8.50865762914e-05, 0.000165105200722, 1.81120194611e-05, 3.60610215466e-06, 1.2578908354e-05, 0.000142238190165, 0.000169574617757, 3.6097571865e-05, 2.7765516279e-05, 2.30796722462e-05, 1.6727943148e-05, 4.17636038037e-05, 4.40070944023e-05, 2.84726502287e-06, 2.00954627871e-06, 1.20109018553e-06, 1.00641398149e-06, 7.16234239917e-07, 4.09373768662e-07, 1.33556923743e-07, 3.17895683111e-08, 9.64219015742e-09, 7.13640080363e-09, 5.98964078335e-09, 4.65598004595e-09, 2.9282727354e-09, 1.88448678884e-09, 1.11838660555e-09],
        "min": [3.04907734971e-05, 3.50661975972e-05, 4.98181361763e-05, 6.56126285321e-05, 5.92211608819e-06, 3.2199754969e-06, 9.84269263427e-07, 2.40291365117e-06, 1.97430417757e-05, 1.92432326003e-05, 7.31253339836e-06, 1.42937108194e-06, 1.7463767108e-06, 9.50584365e-07, 6.75034073083e-07, 2.89068680104e-07, 1.65429128174e-06, 5.78363005843e-06, 4.88020714329e-06, 4.07822290072e-06, 5.17591843163e-06, 6.76847378145e-07, 8.51462004903e-07, 1.3266762835e-06, 8.76019896623e-07, 1.6969090666e-07, 7.30929841097e-08, 6.61132304458e-08, 7.93382568531e-08, 6.01900893571e-08, 2.08798525136e-08, 2.11279704843e-08, 7.95812393761e-09, 2.62562616093e-09, 2.0211190499e-09, 1.97542049385e-09, 1.25956711727e-09, 1.11645426237e-09, 7.76729458529e-10, 3.24785198735e-10],
        "var": [4.41475236812e-07, 8.51292679727e-06, 2.20423703468e-06, 4.08319874623e-06, 1.87635085247e-09, 7.82408526856e-10, 3.7902930794e-10, 4.89774998336e-10, 8.53447204463e-07, 6.17661868318e-08, 3.78819748903e-07, 2.34673080968e-08, 3.4142701999e-09, 2.47959039967e-08, 1.23303200983e-10, 1.0821720256e-11, 9.92124091215e-11, 1.6482651688e-08, 7.3185009164e-09, 1.91759652601e-09, 1.00549846227e-09, 2.62276422802e-10, 1.03709485444e-10, 1.12770703886e-09, 1.008568562e-09, 1.88070544381e-12, 1.33620599394e-12, 5.00933225022e-13, 5.68814743571e-13, 1.07001782651e-13, 5.78273187798e-14, 8.23927667222e-15, 1.84721673056e-16, 8.43302693564e-17, 7.39512636338e-17, 8.79300601206e-18, 3.80418750711e-18, 1.49758558021e-18, 6.93508794251e-19, 3.43108365931e-19]
    },
    "mfcc": {
        "mean": [-660.18157959, 208.186553955, -65.7175369263, 54.8522033691, 8.81864929199, 5.26766872406, 13.2736082077, 24.332868576, 28.3156986237, 8.37325382233, -5.70622110367, -15.7828807831, -22.7943744659],
        "cov": [[170.503875732, 6.82562446594, -54.0849533081, -5.51422023773, -44.2030334473, -15.8811044693, -4.35555124283, -7.50216770172, -5.82973861694, -7.1832318306, 1.14581310749, 5.14051675797, -15.6689462662], [6.82562446594, 81.2774429321, 1.9989978075, -7.72262430191, -20.8810958862, -20.460226059, 14.6701164246, -7.78371620178, 16.4498271942, -0.411776036024, 7.53429937363, 3.04953503609, 6.44180965424], [-54.0849533081, 1.9989978075, 54.5478134155, -3.69330191612, 1.00087690353, 0.972788512707, -7.41274547577, 4.73891448975, -10.5863361359, 2.63346576691, 1.1643627882, -2.56459236145, 10.4716472626], [-5.51422023773, -7.72262430191, -3.69330191612, 33.5198631287, 12.278169632, 5.85849952698, -1.91126930714, -5.73253011703, -2.06440782547, -1.35450720787, 1.11749947071, -2.20130634308, -5.77796363831], [-44.2030334473, -20.8810958862, 1.00087690353, 12.278169632, 66.997177124, 26.0785293579, -8.18213653564, 0.592338681221, 2.95853996277, -1.11932480335, -11.530248642, 4.68168115616, 18.6195793152], [-15.8811044693, -20.460226059, 0.972788512707, 5.85849952698, 26.0785293579, 43.9246826172, 6.27506399155, 4.51311922073, -10.442653656, -4.25119495392, -6.64726114273, -1.39005315304, 8.03295993805], [-4.35555124283, 14.6701164246, -7.41274547577, -1.91126930714, -8.18213653564, 6.27506399155, 45.6709403992, 16.7085056305, 5.63561916351, -4.8201956749, -4.71177768707, -3.97424936295, -4.41329431534], [-7.50216770172, -7.78371620178, 4.73891448975, -5.73253011703, 0.592338681221, 4.51311922073, 16.7085056305, 47.5672950745, 12.1821670532, -0.332279682159, -11.1763925552, -4.69823789597, 7.14418315887], [-5.82973861694, 16.4498271942, -10.5863361359, -2.06440782547, 2.95853996277, -10.442653656, 5.63561916351, 12.1821670532, 45.6320343018, 9.74151515961, 0.434429496527, 2.71424841881, 7.83821725845], [-7.1832318306, -0.411776036024, 2.63346576691, -1.35450720787, -1.11932480335, -4.25119495392, -4.8201956749, -0.332279682159, 9.74151515961, 28.4859333038, 13.7611713409, 2.46989798546, 4.21940231323], [1.14581310749, 7.53429937363, 1.1643627882, 1.11749947071, -11.530248642, -6.64726114273, -4.71177768707, -11.1763925552, 0.434429496527, 13.7611713409, 38.3916282654, 15.88377285, -2.18045544624], [5.14051675797, 3.04953503609, -2.56459236145, -2.20130634308, 4.68168115616, -1.39005315304, -3.97424936295, -4.69823789597, 2.71424841881, 2.46989798546, 15.88377285, 30.6245250702, 16.8885402679], [-15.6689462662, 6.44180965424, 10.4716472626, -5.77796363831, 18.6195793152, 8.03295993805, -4.41329431534, 7.14418315887, 7.83821725845, 4.21940231323, -2.18045544624, 16.8885402679, 47.3711128235]],
