{
"lowlevel": {
    "average_loudness": 0.983823478222,
    "barkbands_crest": {
        "dmean": 3.70677089691,
        "dmean2": 6.41891050339,
        "dvar": 9.05625629425,
        "dvar2": 26.8401069641,
        "max": 23.2707061768,
        "mean": 15.8461847305,
        "median": 15.6524810791,
        "min": 5.99784660339,
        "var": 18.0023212433
    },
    "barkbands_flatness_db": {
        "dmean": 0.0395547151566,
        "dmean2": 0.0655558258295,
        "dvar": 0.000984856742434,
        "dvar2": 0.00256327586249,
        "max": 0.376522481441,
        "mean": 0.283297657967,
        "median": 0.289708346128,
        "min": 0.110554985702,
        "var": 0.00286682229489
    },
    "barkbands_kurtosis": {
        "dmean": 13.9176330566,
        "dmean2": 25.0660743713,
        "dvar": 234.027832031,
        "dvar2": 703.765808105,
        "max": 111.682678223,
        "mean": 21.9438285828,
        "median": 18.0124149323,
        "min": -1.51751816273,
        "var": 338.81729126
    },
    "barkbands_skewness": {
        "dmean": 1.26000547409,
        "dmean2": 2.1838748455,
        "dvar": 1.00938522816,
        "dvar2": 2.96369385719,
        "max": 8.35636806488,
        "mean": 3.29996180534,
        "median": 3.1551926136,
        "min": -1.61870098114,
        "var": 2.17170214653
    },
    "barkbands_spread": {
        "dmean": 2.70040035248,
        "dmean2": 4.68850469589,
        "dvar": 14.8422365189,
        "dvar2": 37.6533889771,
        "max": 32.6728553772,
        "mean": 5.04341459274,
        "median": 3.56520915031,
        "min": 0.806567013264,
        "var": 27.4871368408
    },
    "dissonance": {
        "dmean": 0.0227952171117,
        "dmean2": 0.0387566313148,
        "dvar": 0.000387508305721,
        "dvar2": 0.00103676517028,
        "max": 0.49384355545,
        "mean": 0.449707537889,
        "median": 0.451962351799,
        "min": 0.320913732052,
        "var": 0.000588147842791
    },
    "dynamic_complexity": 1.42318832874,
    "erbbands_crest": {
        "dmean": 5.94626903534,
        "dmean2": 10.655500412,
        "dvar": 14.6975784302,
        "dvar2": 45.3516426086,
        "max": 25.3002414703,
        "mean": 13.9735937119,
        "median": 14.5821466446,
        "min": 4.86870527267,
        "var": 30.6571617126
    },
    "erbbands_flatness_db": {
        "dmean": 0.029813522473,
        "dmean2": 0.0511224642396,
        "dvar": 0.000506149837747,
        "dvar2": 0.00135207804851,
        "max": 0.316006362438,
        "mean": 0.239181041718,
        "median": 0.235653430223,
        "min": 0.10344632715,
        "var": 0.000945508887526
    },
    "erbbands_kurtosis": {
        "dmean": 3.11606884003,
        "dmean2": 5.73029565811,
        "dvar": 11.4082813263,
        "dvar2": 34.8073768616,
        "max": 16.1450481415,
        "mean": 1.9135376215,
        "median": 0.649132728577,
        "min": -1.65602433681,
        "var": 13.5900907516
    },
    "erbbands_skewness": {
        "dmean": 0.833444535732,
        "dmean2": 1.46144759655,
        "dvar": 0.41093981266,
        "dvar2": 1.11110234261,
        "max": 3.93876123428,
        "mean": 1.33217012882,
        "median": 1.26770615578,
        "min": -2.3071141243,
        "var": 1.14019751549
    },
    "erbbands_spread": {
        "dmean": 9.70036411285,
        "dmean2": 16.7361831665,
        "dvar": 53.5296897888,
        "dvar2": 167.473083496,
        "max": 57.6642303467,
        "mean": 30.8647460938,
        "median": 30.8370742798,
        "min": 7.34344482422,
        "var": 107.300376892
    },
    "hfc": {
        "dmean": 5.8089132309,
        "dmean2": 8.86748981476,
        "dvar": 77.3335342407,
        "dvar2": 150.754928589,
        "max": 107.577003479,
        "mean": 11.6704130173,
        "median": 9.13424491882,
        "min": 0.379433393478,
        "var": 152.372161865
    },
    "melbands_crest": {
        "dmean": 3.94102168083,
        "dmean2": 6.62669038773,
        "dvar": 8.74998950958,
        "dvar2": 27.0678424835,
        "max": 26.3753986359,
        "mean": 18.4716472626,
        "median": 18.4832363129,
        "min": 9.4907541275,
        "var": 15.8361053467
    },
    "melbands_flatness_db": {
        "dmean": 0.0446094572544,
        "dmean2": 0.0738534778357,
        "dvar": 0.00138265790883,
        "dvar2": 0.00317554315552,
        "max": 0.499054014683,
        "mean": 0.38667306304,
        "median": 0.398026019335,
        "min": 0.132269799709,
        "var": 0.00461691617966
    },
    "melbands_kurtosis": {
        "dmean": 25.693819046,
        "dmean2": 45.6551399231,
        "dvar": 550.980285645,
        "dvar2": 1622.13623047,
        "max": 183.492004395,
        "mean": 45.9238166809,
        "median": 41.589225769,
        "min": -1.53861343861,
        "var": 899.717590332
    },
    "melbands_skewness": {
        "dmean": 1.50050568581,
        "dmean2": 2.59961223602,
        "dvar": 1.21096134186,
        "dvar2": 3.39771318436,
        "max": 9.89657592773,
        "mean": 4.78287792206,
        "median": 4.82719898224,
        "min": -0.632613778114,
        "var": 2.79059410095
    },
    "melbands_spread": {
        "dmean": 3.30674552917,
        "dmean2": 4.97798728943,
        "dvar": 41.8535118103,
        "dvar2": 66.5902709961,
        "max": 69.9990615845,
        "mean": 5.39175844193,
        "median": 2.89794778824,
        "min": 0.838210999966,
        "var": 87.7428970337
    },
    "pitch_salience": {
        "dmean": 0.124381266534,
        "dmean2": 0.204931139946,
        "dvar": 0.006678303238,
        "dvar2": 0.0228605587035,
        "max": 0.807289481163,
        "mean": 0.471021533012,
        "median": 0.487876951694,
        "min": 0.151852712035,
        "var": 0.0148295760155
    },
    "silence_rate_20dB": {
        "dmean": 0,
        "dmean2": 0,
        "dvar": 0,
        "dvar2": 0,
        "max": 1,
        "mean": 1,
        "median": 1,
        "min": 1,
        "var": 0
    },
    "silence_rate_30dB": {
        "dmean": 0,
        "dmean2": 0,
        "dvar": 0,
        "dvar2": 0,
        "max": 1,
        "mean": 1,
        "median": 1,
        "min": 1,
        "var": 0
    },
    "silence_rate_60dB": {
        "dmean": 0,
        "dmean2": 0,
        "dvar": 0,
        "dvar2": 0,
        "max": 0,
        "mean": 0,
        "median": 0,
        "min": 0,
        "var": 0
    },
    "spectral_centroid": {
        "dmean": 131.914459229,
        "dmean2": 205.882492065,
        "dvar": 41014.4648438,
        "dvar2": 63626.2421875,
        "max": 2284.47705078,
        "mean": 396.105438232,
        "median": 311.710083008,
        "min": 215.48727417,
        "var": 99960.3203125
    },
    "spectral_complexity": {
        "dmean": 2.59333324432,
        "dmean2": 4.10738277435,
        "dvar": 11.5879507065,
        "dvar2": 19.8810863495,
        "max": 43,
        "mean": 11.5960264206,
        "median": 10,
        "min": 1,
        "var": 50.8103256226
    },
    "spectral_decrease": {
        "dmean": 5.02140018455e-09,
        "dmean2": 8.7676683691e-09,
        "dvar": 1.29491799629e-17,
        "dvar2": 4.39681270245e-17,
        "max": -2.28025889837e-10,
        "mean": -1.09888498301e-08,
        "median": -1.07981152908e-08,
        "min": -2.30705410331e-08,
        "var": 1.62956632081e-17
    },
    "spectral_energy": {
        "dmean": 0.0193015541881,
        "dmean2": 0.0336884893477,
        "dvar": 0.000189442798728,
        "dvar2": 0.000644834828563,
        "max": 0.0887484699488,
        "mean": 0.0425329245627,
        "median": 0.0416789054871,
        "min": 0.000895038247108,
        "var": 0.000243512084126
    },
    "spectral_energyband_high": {
        "dmean": 3.46320302924e-05,
        "dmean2": 5.14815037604e-05,
        "dvar": 1.92947506861e-08,
        "dvar2": 3.7643605566e-08,
        "max": 0.00115391798317,
        "mean": 3.96431569243e-05,
        "median": 9.43041777646e-06,
        "min": 8.45911245051e-07,
        "var": 2.41283704128e-08
    },
    "spectral_energyband_low": {
        "dmean": 0.00625495472923,
        "dmean2": 0.0103523107246,
        "dvar": 4.14821734012e-05,
        "dvar2": 0.000124093145132,
        "max": 0.046167191118,
        "mean": 0.00993475597352,
        "median": 0.00671038497239,
        "min": 0.000129141495563,
        "var": 9.11814640858e-05
    },
    "spectral_energyband_middle_high": {
        "dmean": 0.00126911175903,
        "dmean2": 0.00156891625375,
        "dvar": 1.64945013239e-05,
        "dvar2": 2.81151696981e-05,
        "max": 0.0433495603502,
        "mean": 0.00192619650625,
        "median": 0.000577292579692,
        "min": 4.87305114802e-05,
        "var": 2.92246986646e-05
    },
    "spectral_energyband_middle_low": {
        "dmean": 0.0202556084841,
        "dmean2": 0.0357825420797,
        "dvar": 0.000211292324821,
        "dvar2": 0.0006583587965,
        "max": 0.0872047916055,
        "mean": 0.0313080474734,
        "median": 0.0297427456826,
        "min": 0.000726582948118,
        "var": 0.000343967811204
    },
    "spectral_entropy": {
        "dmean": 0.375196039677,
        "dmean2": 0.630405426025,
        "dvar": 0.0741689652205,
        "dvar2": 0.201520681381,
        "max": 8.3592376709,
        "mean": 6.42201328278,
        "median": 6.38979911804,
        "min": 5.49277639389,
        "var": 0.207326933742
    },
    "spectral_flux": {
        "dmean": 0.0369653329253,
        "dmean2": 0.0607809089124,
        "dvar": 0.000680105760694,
        "dvar2": 0.00183674867731,
        "max": 0.213420599699,
        "mean": 0.108794733882,
        "median": 0.10800755769,
        "min": 0.0430093109608,
        "var": 0.00131935253739
    },
    "spectral_kurtosis": {
        "dmean": 7.01070642471,
        "dmean2": 11.9891996384,
        "dvar": 26.5480880737,
        "dvar2": 77.4257049561,
        "max": 43.574924469,
        "mean": 17.1790504456,
        "median": 17.0259552002,
        "min": 1.84531211853,
        "var": 62.3738212585
    },
    "spectral_rms": {
        "dmean": 0.00150148826651,
        "dmean2": 0.00260381726548,
        "dvar": 1.1614123423e-06,
        "dvar2": 3.67065331375e-06,
        "max": 0.00930504593998,
        "mean": 0.00631905253977,
        "median": 0.00637670373544,
        "min": 0.000934456009418,
        "var": 1.56511305249e-06
    },
    "spectral_rolloff": {
        "dmean": 114.125976562,
        "dmean2": 183.39352417,
        "dvar": 77711.0390625,
        "dvar2": 122894.210938,
        "max": 2540.91796875,
        "mean": 334.263702393,
        "median": 215.33203125,
        "min": 107.666015625,
        "var": 169950.875
    },
    "spectral_skewness": {
        "dmean": 0.532698631287,
        "dmean2": 0.903019845486,
        "dvar": 0.170272633433,
        "dvar2": 0.485880494118,
        "max": 4.54785966873,
        "mean": 2.77219200134,
        "median": 2.77089977264,
        "min": 1.0808095932,
        "var": 0.466779053211
    },
    "spectral_spread": {
        "dmean": 535399.4375,
        "dmean2": 709306.25,
        "dvar": 2.72074381722e+12,
        "dvar2": 1.30263338189e+12,
        "max": 30292712,
        "mean": 2498465.75,
        "median": 2181595,
        "min": 1441122.625,
        "var": 6.21504154829e+12
    },
    "spectral_strongpeak": {
        "dmean": 0.592430770397,
        "dmean2": 1.05213415623,
        "dvar": 1.3300755024,
        "dvar2": 3.91890025139,
        "max": 8.92078018188,
        "mean": 1.08483314514,
        "median": 0.945152401924,
        "min": 0.0317793749273,
        "var": 0.881287336349
    },
    "zerocrossingrate": {
        "dmean": 0.00472656264901,
        "dmean2": 0.00651478627697,
        "dvar": 5.48531788809e-05,
        "dvar2": 7.07247600076e-05,
        "max": 0.09326171875,
        "mean": 0.0168052818626,
        "median": 0.01318359375,
        "min": 0.0029296875,
        "var": 0.000162855227245
    },
    "barkbands": {
        "dmean": [2.07037192013e-05, 0.0048269117251, 0.00176131667104, 0.00468645244837, 0.0166486725211, 0.000948120548856, 0.0004866917443, 0.000424582656706, 0.000238496431848, 4.57261085103e-05, 4.57485184597e-05, 9.87622261164e-05, 2.63514557446e-05, 0.000324172258843, 6.14487144048e-05, 0.000574782316107, 0.000362647959264, 4.92604522151e-05, 3.15668148687e-05, 1.32962331918e-05, 1.65177698364e-05, 6.59849411022e-06, 1.1982461956e-06, 1.64900711752e-06, 1.03891647996e-06, 2.99337045817e-07, 2.50016007897e-08],
        "dmean2": [3.23620952258e-05, 0.00801635626704, 0.00294476258568, 0.00847358442843, 0.0292120650411, 0.00171577185392, 0.000844044378027, 0.000737947644666, 0.000426089856774, 8.34543752717e-05, 7.25610007066e-05, 0.000121297955047, 3.69702465832e-05, 0.000492149672937, 8.93634714885e-05, 0.00088607321959, 0.000610594172031, 7.0397160016e-05, 4.09810090787e-05, 2.10920479731e-05, 2.67727027676e-05, 9.6827679954e-06, 1.78969298759e-06, 2.52382528743e-06, 1.64201992447e-06, 4.93967434068e-07, 4.22429948799e-08],
        "dvar": [3.1316516047e-09, 2.98118502542e-05, 3.89407250623e-06, 1.71593146661e-05, 0.000138993462315, 8.5977001163e-07, 5.64578101603e-07, 1.17426498036e-06, 1.06415363632e-07, 7.40008410105e-09, 8.565271159e-09, 1.46429528058e-07, 5.55537882363e-09, 4.63464687073e-07, 1.51983829966e-08, 6.28644465905e-06, 3.49101924257e-06, 1.8208599073e-08, 1.12996110246e-08, 3.22839133204e-09, 5.27938714967e-09, 6.01596605865e-10, 1.32110459725e-11, 4.31296352799e-11, 1.51343312882e-11, 8.99942718003e-13, 1.36247189271e-14],
        "dvar2": [4.04218614136e-09, 8.56065089465e-05, 1.21940529425e-05, 4.43479220849e-05, 0.00043356732931, 2.41512793764e-06, 1.56192254508e-06, 3.48574280906e-06, 3.07990745796e-07, 2.30587158256e-08, 2.24741345534e-08, 2.70418496484e-07, 9.3031609083e-09, 1.06995116766e-06, 3.00214750837e-08, 1.58851416927e-05, 9.23682091525e-06, 2.24772680468e-08, 1.52498991213e-08, 5.2136459594e-09, 1.20672805082e-08, 1.27834676178e-09, 2.55542826483e-11, 9.21617712701e-11, 3.4753692979e-11, 2.16490302248e-12, 2.39464142417e-14],
        "max": [0.000630614697002, 0.0350395105779, 0.0138226300478, 0.0292184688151, 0.0724141672254, 0.00501807266846, 0.00627751694992, 0.00997864548117, 0.00296423654072, 0.000705868995283, 0.000844101421535, 0.00519515713677, 0.000987831619568, 0.00619248813018, 0.00133699481376, 0.0228253677487, 0.0186610817909, 0.00160315702669, 0.00111080950592, 0.00044684309978, 0.00059811398387, 0.000219223584281, 3.29792892444e-05, 5.43765272596e-05, 2.97444621538e-05, 6.91755758453e-06, 1.16251737836e-06],
        "mean": [2.43929480348e-05, 0.00691127916798, 0.00233483314514, 0.00568878371269, 0.0229452513158, 0.00117097503971, 0.000697604962625, 0.000452275766293, 0.000328348309267, 6.5713757067e-05, 6.70126537443e-05, 0.000133209192427, 3.83346086892e-05, 0.000478313741041, 0.000118600182759, 0.000552645477001, 0.000346213171724, 9.01752719074e-05, 4.3124822696e-05, 1.7667782231e-05, 1.65320980159e-05, 7.24506980987e-06, 1.58330635713e-06, 1.57042200044e-06, 9.4378930271e-07, 3.47189512695e-07, 4.30550208819e-08],
        "median": [9.29731868382e-06, 0.00383953470737, 0.00150976807345, 0.00470115942881, 0.0205669365823, 0.000861020176671, 0.000543419970199, 0.000249869452091, 0.000221356152906, 3.71864261979e-05, 2.95278496196e-05, 1.3921469872e-05, 1.2731014067e-05, 0.000173262335011, 4.51905652881e-05, 0.000116380353575, 8.22747897473e-05, 3.7408535718e-05, 9.3536091299e-06, 2.90706543637e-06, 3.5362043036e-06, 1.69435247699e-06, 6.32956641766e-07, 2.40930290829e-07, 1.13122240464e-07, 1.34777366156e-07, 1.65030495936e-08],
        "min": [7.2036712595e-08, 5.1610833907e-05, 1.96852470253e-05, 0.000112027511932, 0.000418517272919, 4.75245724374e-05, 4.41558840976e-05, 2.59438274952e-05, 1.40358706631e-05, 4.48524860985e-06, 3.34173728334e-06, 2.17797514779e-06, 1.79119410859e-06, 5.64957417737e-06, 3.33156299348e-06, 5.48697107661e-06, 4.34234834756e-06, 2.55209261013e-06, 1.25433314224e-06, 3.19105510016e-07, 2.5646735935e-07, 1.94693512867e-07, 5.17731173488e-08, 2.32333903227e-08, 1.09032800566e-08, 3.94954069449e-09, 7.588716322e-09],
        "var": [3.35505245808e-09, 6.06081121077e-05, 5.95043138674e-06, 2.21630889428e-05, 0.000254572601989, 9.41645566854e-07, 4.85908117298e-07, 8.24333881155e-07, 1.35973976967e-07, 9.52382350761e-09, 1.65922386941e-08, 2.90789245128e-07, 1.07702682328e-08, 7.8922710145e-07, 3.77767470638e-08, 5.50529466636e-06, 2.68383973889e-06, 4.41492069569e-08, 2.227235818e-08, 4.99831953604e-09, 5.08883601924e-09, 7.11868397563e-10, 1.74533981018e-11, 4.5204145982e-11, 1.43497548913e-11, 7.94725667653e-13, 2.15571765489e-14]
    },
    "erbbands": {
        "dmean": [0.0503739230335, 1.33538258076, 2.82281851768, 6.15231561661, 74.0636749268, 26.2293262482, 5.32988357544, 8.09318733215, 5.89338207245, 6.86713123322, 11.4732017517, 5.33025074005, 2.00128912926, 1.79194819927, 2.60582327843, 2.62152862549, 1.28194117546, 8.34094333649, 11.9086589813, 7.83768892288, 34.249546051, 25.3390026093, 3.88974523544, 2.83173251152, 0.789383113384, 0.714951097965, 0.620549798012, 0.547642946243, 0.299139618874, 0.0785184130073, 0.042454816401, 0.0437417551875, 0.018212646246, 0.0157122574747, 0.00450264103711, 0.00197366555221, 0.000370244000806, 5.27021657035e-05, 1.05089293356e-05, 2.11880287679e-05],
        "dmean2": [0.0836824625731, 2.21794629097, 4.65459012985, 11.0000638962, 131.444824219, 44.9446296692, 9.18834590912, 14.6261844635, 9.71187019348, 12.1921567917, 20.3165092468, 9.42869949341, 3.46134471893, 2.97398996353, 3.71216917038, 2.98972868919, 1.62927007675, 12.5126428604, 19.2200183868, 10.9595470428, 54.0205726624, 42.856136322, 5.29382276535, 3.74824261665, 1.11459851265, 1.12494146824, 1.03318607807, 0.815189361572, 0.441421449184, 0.112343385816, 0.0656366348267, 0.0657124519348, 0.0276898145676, 0.0242759156972, 0.00735659897327, 0.00330358953215, 0.000608280766755, 8.18921034806e-05, 1.76825615199e-05, 3.70151865354e-05],
        "dvar": [0.00552169978619, 2.18007493019, 9.81774425507, 27.6961288452, 2867.16137695, 385.502105713, 16.8089599609, 69.7944717407, 56.6563606262, 129.82800293, 807.416931152, 66.385383606, 10.1492109299, 9.74482536316, 83.446144104, 92.4460906982, 11.8636846542, 413.82623291, 601.715454102, 513.346679688, 25578.3632812, 17913.5371094, 180.836456299, 65.2675170898, 9.70927238464, 9.32212352753, 7.93928480148, 4.93794345856, 1.32642519474, 0.0730567574501, 0.0194503460079, 0.0300750955939, 0.00482049770653, 0.00412970641628, 0.000245157367317, 4.31956614193e-05, 1.19381593322e-06, 2.79455463215e-08, 2.63419397406e-10, 2.22617022039e-10],
        "dvar2": [0.0133750485256, 6.31905221939, 31.5172576904, 73.955947876, 9172.921875, 1163.44165039, 47.1730194092, 201.572357178, 160.958297729, 347.187591553, 2371.13012695, 193.50289917, 32.8591423035, 26.6706371307, 178.547958374, 149.02204895, 16.9753017426, 845.38067627, 1350.56616211, 989.286254883, 65129.796875, 48432.6875, 361.179016113, 86.2648544312, 16.9787540436, 14.6576948166, 17.3130435944, 11.2743940353, 2.85138463974, 0.154779180884, 0.0415839515626, 0.0629188939929, 0.00966733880341, 0.00955838430673, 0.000606173765846, 0.000107298459625, 2.61989202954e-06, 6.30144256775e-08, 5.54108481321e-10, 7.67544694469e-10],
        "max": [0.814633786678, 9.70855712891, 19.4108257294, 35.7220687866, 311.487213135, 106.662254333, 22.8885707855, 44.0853118896, 48.9471893311, 109.834609985, 263.432830811, 68.7973098755, 32.96301651, 33.2459449768, 108.551445007, 142.790664673, 48.4453163147, 200.675415039, 214.099136353, 247.959274292, 1477.31555176, 1297.73803711, 158.169342041, 85.8340072632, 29.9475269318, 25.1594142914, 24.1054153442, 18.5468406677, 10.4250249863, 2.38126254082, 1.28149425983, 1.51250743866, 0.597397208214, 0.511988759041, 0.0943138971925, 0.0404011979699, 0.00898845680058, 0.00115932920016, 0.000184380158316, 9.74079739535e-05],
        "mean": [0.0795657113194, 1.89488816261, 4.048620224, 9.17041301727, 93.1341934204, 41.6821670532, 8.05471038818, 10.1103219986, 8.49833774567, 9.22764873505, 12.3486022949, 7.51710748672, 3.209628582, 2.68576836586, 3.54586696625, 4.30015325546, 2.10735273361, 12.100528717, 19.7561130524, 10.9852190018, 32.5345687866, 22.4042186737, 6.12177705765, 4.14595937729, 1.09074497223, 0.903359949589, 0.679926633835, 0.558718323708, 0.320396453142, 0.0830449983478, 0.0505346059799, 0.0432444512844, 0.0184635203332, 0.0138678392395, 0.00434255041182, 0.00208848016337, 0.00052627210971, 5.62179047847e-05, 2.53250054811e-05, 4.76200693811e-05],
        "median": [0.0404465310276, 1.05602538586, 2.5767967701, 7.73951721191, 89.1851730347, 39.552947998, 7.28942203522, 7.41938066483, 6.2745718956, 6.73615646362, 6.66411399841, 5.00295782089, 1.90845882893, 1.44038510323, 0.744681954384, 0.54921066761, 0.589472770691, 3.76248478889, 8.87853240967, 4.47292041779, 5.47832012177, 5.02166175842, 2.12276673317, 1.22272515297, 0.224724858999, 0.118314914405, 0.143359169364, 0.136745348573, 0.0723174437881, 0.0192524362355, 0.0204756278545, 0.00790263898671, 0.0032147471793, 0.00127265963238, 0.000869100331329, 0.000686935149133, 0.000249974895269, 1.18941179608e-05, 2.14583014895e-05, 4.59416914964e-05],
        "min": [0.0016083115479, 0.00913474150002, 0.0216154213995, 0.201399624348, 0.953160941601, 1.34191262722, 1.06454622746, 0.558514416218, 0.533244013786, 0.877080857754, 0.606684863567, 0.381621092558, 0.234038829803, 0.173129379749, 0.0812427029014, 0.101148463786, 0.119926482439, 0.24070559442, 0.267360061407, 0.128975883126, 0.374715894461, 0.283157944679, 0.14677028358, 0.120468445122, 0.0364329963923, 0.0112125733867, 0.0101566482335, 0.0117128407583, 0.0076594715938, 0.00173973361962, 0.00141166185495, 0.000771055580117, 0.00027916172985, 0.000150973515701, 8.83948086994e-05, 4.80624839838e-05, 1.55183479364e-05, 2.89211629934e-06, 7.01896533428e-06, 1.45551193782e-05],
        "var": [0.0128058101982, 4.43039989471, 16.2836990356, 35.6860046387, 4560.64990234, 653.71270752, 24.8942584991, 72.5341873169, 57.7197151184, 113.197395325, 566.250305176, 82.9665603638, 19.6941223145, 18.2663669586, 142.881500244, 245.824401855, 31.2123222351, 736.667358398, 1030.63012695, 747.934753418, 21975.53125, 12749.53125, 306.55380249, 138.565612793, 15.8790273666, 14.2125234604, 8.2516374588, 5.02821302414, 1.52420353889, 0.0851763486862, 0.0214451346546, 0.0324722789228, 0.00546095753089, 0.00387932499871, 0.000208247103728, 3.60012272722e-05, 1.21173150092e-06, 2.8417625586e-08, 4.32432062381e-10, 2.92646878952e-10]
    },
    "gfcc": {
        "mean": [-80.7444458008, 178.409744263, -102.775787354, 36.4078407288, -20.4523849487, -16.47149086, -45.5428886414, -9.18360042572, -5.3323340416, -13.3337526321, -26.2765426636, -13.578001976, -7.66420650482],
        "cov": [[1455.96899414, -537.873474121, -656.459472656, -36.0028648376, -240.086532593, 97.1806259155, -94.7307357788, 22.1904678345, -171.284286499, 66.814125061, -68.2272109985, 1.91698002815, -40.305721283], [-537.873474121, 511.817871094, 203.805877686, 3.77735114098, 172.81211853, -59.4498710632, 90.1769180298, -22.7620277405, 118.063293457, -23.5886745453, 69.7665786743, -19.6835689545, 22.780122757], [-656.459472656, 203.805877686, 481.880157471, 50.2746086121, 88.5580368042, -9.93554019928, 27.0078678131, -0.188093662262, 83.7564315796, -21.7632026672, 22.601474762, 11.5877180099, 18.5199146271], [-36.0028648376, 3.77735114098, 50.2746086121, 73.6486206055, 40.2074165344, 15.091006279, 13.6301116943, 10.4435091019, 19.835641861, -3.68636465073, 7.46596574783, 9.7429523468, 14.2290449142], [-240.086532593, 172.81211853, 88.5580368042, 40.2074165344, 145.233276367, 24.1519241333, 52.7432365417, 10.1388940811, 57.2553062439, -6.74446582794, 43.9612998962, 3.44100427628, 16.675901413], [97.1806259155, -59.4498710632, -9.93554019928, 15.091006279, 24.1519241333, 103.926048279, 31.0354976654, 44.706363678, 7.55425691605, 30.9607906342, 34.1846923828, 23.87657547, 9.46763801575], [-94.7307357788, 90.1769180298, 27.0078678131, 13.6301116943, 52.7432365417, 31.0354976654, 81.8271255493, 32.0243034363, 25.8456802368, 0.176233515143, 34.1118278503, 14.1842889786, 14.227353096], [22.1904678345, -22.7620277405, -0.188093662262, 10.4435091019, 10.1388940811, 44.706363678, 32.0243034363, 69.7123413086, 19.2492923737, 16.0415306091, 21.0720920563, 16.6884689331, 4.72721338272], [-171.284286499, 118.063293457, 83.7564315796, 19.835641861, 57.2553062439, 7.55425691605, 25.8456802368, 19.2492923737, 66.227432251, 19.2573986053, 25.7440834045, 3.30874156952, 8.2663564682], [66.814125061, -23.5886745453, -21.7632026672, -3.68636465073, -6.74446582794, 30.9607906342, 0.176233515143, 16.0415306091, 19.2573986053, 62.7462692261, 22.2060871124, 16.7171192169, -2.9081966877], [-68.2272109985, 69.7665786743, 22.601474762, 7.46596574783, 43.9612998962, 34.1846923828, 34.1118278503, 21.0720920563, 25.7440834045, 22.2060871124, 65.3439178467, 20.9403133392, 11.8787536621], [1.91698002815, -19.6835689545, 11.5877180099, 9.7429523468, 3.44100427628, 23.87657547, 14.1842889786, 16.6884689331, 3.30874156952, 16.7171192169, 20.9403133392, 35.1207923889, 9.72269058228], [-40.305721283, 22.780122757, 18.5199146271, 14.2290449142, 16.675901413, 9.46763801575, 14.227353096, 4.72721338272, 8.2663564682, -2.9081966877, 11.8787536621, 9.72269058228, 23.7802772522]],
        "icov": [[0.00460193585604, -0.00263496953994, 0.00518088648096, -0.00569388642907, 0.00510873226449, -0.00691281631589, 0.00354658858851, -0.00162447767798, 0.00642351759598, -0.00301886745729, 0.00339853717014, -0.000315475306707, 0.00289620715193], [-0.00263496953994, 0.0137864975259, -0.00396778807044, 0.0103015899658, -0.008585492149, 0.0124151259661, -0.0108214467764, 0.00800467468798, -0.018906282261, 0.00591593561694, -0.0105075836182, 0.00579642876983, -0.00461140973493], [0.00518088648096, -0.00396778807044, 0.00917661096901, -0.00764985894784, 0.00671015493572, -0.00913945958018, 0.00527550373226, -0.000751296931412, 0.00243579945527, -2.32680849876e-05, 0.00456855306402, -0.00377679220401, 0.00435156887397], [-0.00569388642907, 0.0103015899658, -0.00764985894784, 0.0301640797406, -0.0145337022841, 0.0116661917418, -0.00715245306492, 0.00440549431369, -0.0186136476696, 0.00763340108097, -0.00431648688391, -0.0012981336331, -0.0125688454136], [0.00510873226449, -0.008585492149, 0.00671015493572, -0.0145337022841, 0.0264929272234, -0.0164955649525, 0.002865630202, 0.0019989865832, -0.000389975641156, 0.00376755092293, 0.000321187631926, -0.000625839456916, 0.00692294491455], [-0.00691281631589, 0.0124151259661, -0.00913945958018, 0.0116661917418, -0.0164955649525, 0.0356237925589, -0.0128679685295, -0.00324632390402, -0.0085341623053, -0.00319755240344, -0.0135485446081, 0.00448960019276, -0.0102360574529], [0.00354658858851, -0.0108214467764, 0.00527550373226, -0.00715245306492, 0.002865630202, -0.0128679685295, 0.0312817059457, -0.0132229290903, 0.01332059782, -2.77648923657e-05, 0.00420216610655, -0.00763545604423, -3.55930460501e-05], [-0.00162447767798, 0.00800467468798, -0.000751296931412, 0.00440549431369, 0.0019989865832, -0.00324632390402, -0.0132229290903, 0.0319046825171, -0.0247821230441, 0.00939851347357, -0.00646482361481, -0.00342875090428, 0.00338235124946], [0.00642351759598, -0.018906282261, 0.00243579945527, -0.0186136476696, -0.000389975641156, -0.0085341623053, 0.01332059782, -0.0247821230441, 0.0754601433873, -0.0335389710963, 0.0136667424813, 0.00663395551965, -0.00100467645098], [-0.00301886745729, 0.00591593561694, -2.32680849876e-05, 0.00763340108097, 0.00376755092293, -0.00319755240344, -2.77648923657e-05, 0.00939851347357, -0.0335389710963, 0.0396925769746, -0.0122106308118, -0.0122417472303, 0.00906349625438], [0.00339853717014, -0.0105075836182, 0.00456855306402, -0.00431648688391, 0.000321187631926, -0.0135485446081, 0.00420216610655, -0.00646482361481, 0.0136667424813, -0.0122106308118, 0.0393589176238, -0.0144376074895, -0.00121113937348], [-0.000315475306707, 0.00579642876983, -0.00377679220401, -0.0012981336331, -0.000625839456916, 0.00448960019276, -0.00763545604423, -0.00342875090428, 0.00663395551965, -0.0122417472303, -0.0144376074895, 0.0535735301673, -0.0169631578028], [0.00289620715193, -0.00461140973493, 0.00435156887397, -0.0125688454136, 0.00692294491455, -0.0102360574529, -3.55930460501e-05, 0.00338235124946, -0.00100467645098, 0.00906349625438, -0.00121113937348, -0.0169631578028, 0.0630772411823]]
    },
    "melbands": {
        "dmean": [0.000888990645763, 0.00167885480914, 0.00324354320765, 0.00413822475821, 0.000180390619789, 0.000176579458639, 9.44180646911e-05, 7.14466004865e-05, 9.33538613026e-05, 3.06077272398e-05, 9.78333628154e-06, 7.20763273421e-06, 7.46791192796e-06, 1.23608579088e-05, 4.63270635009e-06, 1.46188097006e-06, 1.921151852e-05, 2.62512239715e-05, 5.37978894499e-06, 2.45715655183e-05, 3.94234230043e-05, 2.87171515083e-05, 8.14811664895e-06, 2.16856756197e-06, 2.4888106509e-06, 7.71950453782e-07, 3.90507665315e-07, 5.48507898657e-07, 2.60425224496e-07, 5.88265265833e-07, 2.32683234458e-07, 1.73389494762e-07, 1.03284001796e-07, 2.46558649053e-08, 2.60629988702e-08, 2.07544772479e-08, 2.8655470885e-08, 1.23866943369e-08, 1.15945182344e-08, 1.55821009429e-08],
        "dmean2": [0.00146537856199, 0.00276733282954, 0.00579172093421, 0.00722898636013, 0.000305519788526, 0.000318937032716, 0.000159376097145, 0.000127738923766, 0.000167647769558, 5.50296899746e-05, 1.71666142705e-05, 1.20993017845e-05, 1.16675182653e-05, 1.57919457706e-05, 6.49703815725e-06, 2.28117619372e-06, 2.8918393582e-05, 4.24924037361e-05, 8.34487582324e-06, 3.75169001927e-05, 6.79674994899e-05, 4.94775158586e-05, 1.31315346152e-05, 2.83441181637e-06, 3.21968809658e-06, 1.16294393138e-06, 5.22048367202e-07, 8.37953393784e-07, 4.05739825737e-07, 9.99016720016e-07, 3.46308837607e-07, 2.61560131776e-07, 1.52984966917e-07, 3.58419285362e-08, 4.04222149086e-08, 3.4455148068e-08, 4.20636290244e-08, 1.92807458888e-08, 1.80626997803e-08, 2.6036330425e-08],
        "dvar": [1.13147302727e-06, 3.20458525493e-06, 6.37641915091e-06, 8.57662234921e-06, 1.81819306277e-08, 3.2460924615e-08, 1.72679648358e-08, 1.53756491983e-08, 4.63868801148e-08, 2.12834372348e-09, 2.34774671926e-10, 1.57506341303e-10, 4.50832871035e-10, 2.72879829843e-09, 1.98991642608e-10, 1.19489062742e-11, 2.11744333178e-09, 2.82060108603e-09, 1.00526531543e-10, 7.79464404133e-09, 4.15067518134e-08, 2.47331595205e-08, 1.12048037515e-09, 3.91941271105e-11, 4.99800964504e-11, 9.62616791833e-12, 2.49544850929e-12, 5.22579765919e-12, 1.1346647363e-12, 7.34285722503e-12, 8.66683027428e-13, 4.33375747398e-13, 1.64750266381e-13, 5.48102272322e-15, 6.97169229017e-15, 5.85175337413e-15, 1.34353520063e-14, 2.36590468794e-15, 1.98609130274e-15, 4.64261214786e-15],
        "dvar2": [3.12388419843e-06, 9.98506675387e-06, 1.99956466531e-05, 2.69025586022e-05, 5.19401801569e-08, 9.31372809987e-08, 4.85420734719e-08, 4.19607353308e-08, 1.35206761342e-07, 6.20986595479e-09, 7.66480379166e-10, 4.49988712958e-10, 1.12516851392e-09, 5.25896570736e-09, 3.53857776414e-10, 1.77081786734e-11, 4.39583569545e-09, 6.63502097709e-09, 1.78037695697e-10, 1.73135354942e-08, 1.09639721302e-07, 6.7954360361e-08, 2.88863577502e-09, 6.7472402665e-11, 7.02225083637e-11, 1.68922913851e-11, 4.87090706311e-12, 8.39583437495e-12, 2.22802093615e-12, 1.75609509573e-11, 2.03012975354e-12, 9.34684946628e-13, 3.70452258279e-13, 1.10909867309e-14, 1.5528192542e-14, 1.24535205417e-14, 2.79010772412e-14, 4.84210280649e-15, 3.76903403507e-15, 1.1950921684e-14],
        "max": [0.00828479323536, 0.0120266228914, 0.014829531312, 0.0178533475846, 0.000740865652915, 0.000966930412687, 0.000954681891017, 0.0011054900242, 0.00199509947561, 0.000395292590838, 0.00015032076044, 0.000120207623695, 0.000223715484026, 0.000683202582877, 0.000188945545233, 3.74155315512e-05, 0.000437491282355, 0.000444710836746, 0.00010692923388, 0.000845338159706, 0.00191202829592, 0.001512504532, 0.000345066888258, 8.05900635896e-05, 7.69675098127e-05, 2.6125138902e-05, 1.59958835866e-05, 2.0387049517e-05, 8.78088030731e-06, 2.24602918024e-05, 8.59736155689e-06, 6.21886829322e-06, 3.30731950271e-06, 7.042885386e-07, 7.74304169227e-07, 6.03977127867e-07, 1.04686182567e-06, 4.41747914692e-07, 3.63471599485e-07, 5.7193807379e-07],
        "mean": [0.00134064804297, 0.00238550012, 0.00411999691278, 0.00587259652093, 0.000288359413389, 0.000222729475354, 0.000134112444357, 9.39447272685e-05, 0.000101809106127, 4.27671620855e-05, 1.47808104884e-05, 1.02869435068e-05, 1.03761103674e-05, 1.58434322657e-05, 7.39665392757e-06, 2.54072415373e-06, 2.78366987914e-05, 4.12342524214e-05, 1.01526275103e-05, 2.54328951996e-05, 3.74427145289e-05, 2.44391212618e-05, 9.76427963906e-06, 3.4900913306e-06, 3.42283874488e-06, 1.06973118363e-06, 4.62776682753e-07, 6.53567781228e-07, 3.12968580829e-07, 5.60815692552e-07, 2.48196585062e-07, 1.99419375235e-07, 9.32592527647e-08, 2.85716925674e-08, 3.04318028554e-08, 2.34947048483e-08, 2.73329234801e-08, 1.25318599942e-08, 1.17652998455e-08, 1.20773249179e-08],
        "median": [0.000704177771695, 0.00150412949733, 0.00358210271224, 0.00548740103841, 0.000236701016547, 0.000166130863363, 9.87454404822e-05, 6.63319806335e-05, 5.62338573218e-05, 2.85063761112e-05, 8.56631049828e-06, 5.49259311811e-06, 3.05947651214e-06, 1.53834787397e-06, 1.60719105224e-06, 1.08746223759e-06, 8.20810782898e-06, 1.89626043721e-05, 4.30882710134e-06, 7.64436117606e-06, 5.46105502508e-06, 5.16216323376e-06, 2.88242358693e-06, 1.32832121835e-06, 1.01731382074e-06, 1.80304652986e-07, 7.9996063107e-08, 7.47709449911e-08, 7.58357430186e-08, 1.06790331245e-07, 6.27019431931e-08, 5.32311510426e-08, 1.25971366671e-08, 8.22751022866e-09, 1.24282344416e-08, 7.77730502222e-09, 3.45162454174e-09, 2.33668084881e-09, 1.47904710701e-09, 9.00858387887e-10],
        "min": [1.89038764802e-05, 1.09429474833e-05, 5.46043847862e-05, 9.55475334194e-05, 3.40095175488e-05, 1.07146979644e-05, 8.44201895234e-06, 7.81796643423e-06, 4.27655959356e-06, 2.34653384723e-06, 1.04629020825e-06, 5.63743697057e-07, 3.59895295787e-07, 1.66578757899e-07, 1.91048314946e-07, 1.84891092658e-07, 4.65526852622e-07, 4.84403301471e-07, 2.24129678372e-07, 1.43027349964e-07, 4.67802522053e-07, 3.16611334483e-07, 1.42058269148e-07, 1.23593778767e-07, 9.3344567631e-08, 2.27064056446e-08, 1.30682051847e-08, 5.31298516293e-09, 5.86147930193e-09, 6.17360917943e-09, 6.63182930793e-09, 5.32678834375e-09, 1.07633180146e-09, 5.50246848086e-10, 8.26485269112e-10, 6.56202980842e-10, 3.50398460247e-10, 1.90624571683e-10, 1.18619350453e-10, 1.02279448799e-10],
        "var": [2.51098890658e-06, 6.14129476162e-06, 8.03078091849e-06, 1.57313461386e-05, 2.95178548271e-08, 3.41238290957e-08, 1.60770330382e-08, 1.30710722246e-08, 3.33814504927e-08, 2.73374123338e-09, 4.39029007593e-10, 2.70166472527e-10, 7.84570020063e-10, 4.67577221386e-09, 5.16689524499e-10, 2.82314831235e-11, 3.71214325945e-09, 4.57560167533e-09, 2.58067678338e-10, 8.40832559135e-09, 3.25557500958e-08, 1.66802252011e-08, 1.1379430731e-09, 7.65491697807e-11, 1.01188987744e-10, 1.60701955215e-11, 3.56247691936e-12, 7.79387492045e-12, 1.40644104436e-12, 6.47695525685e-12, 8.88658829683e-13, 5.1572933207e-13, 1.65776328212e-13, 7.20516209901e-15, 7.333602787e-15, 6.09569039261e-15, 1.47210565407e-14, 2.61857715721e-15, 2.32042050098e-15, 3.59080983264e-15]
    },
    "mfcc": {
        "mean": [-731.85546875, 207.48815918, -9.14524841309, 53.3545646667, 30.8079299927, 7.38256597519, -22.9913444519, 0.532361209393, 7.89330148697, -0.924479901791, -2.19216060638, -4.64209890366, -18.6119499207],
        "cov": [[1963.30712891, -671.039978027, -573.250366211, -216.100891113, -261.286407471, -47.4519691467, 17.885345459, -86.8052597046, -43.0261917114, -76.5844573975, -83.7484130859, 27.1792488098, 52.0399246216], [-671.039978027, 513.685241699, 127.729454041, 102.728088379, 97.4271469116, 29.9997749329, -4.9689822197, 36.2370567322, 13.407251358, 52.7495384216, 57.0408287048, 1.92850589752, -29.0974388123], [-573.250366211, 127.729454041, 318.870025635, 60.2799072266, 78.8923950195, 23.4208679199, -11.4264001846, 31.7233829498, 15.6324625015, 22.7783050537, 29.1164932251, -8.19037342072, 0.0850557461381], [-216.100891113, 102.728088379, 60.2799072266, 100.800682068, 39.3851165771, 16.1850185394, -16.7841339111, 15.5154218674, 17.2436904907, 7.26507663727, -2.65790510178, 2.96673822403, -16.0849552155], [-261.286407471, 97.4271469116, 78.8923950195, 39.3851165771, 119.539009094, 29.5373630524, 19.4851398468, 26.3340568542, 18.0858650208, 21.2939167023, 28.3068294525, 2.49237203598, 13.6583547592], [-47.4519691467, 29.9997749329, 23.4208679199, 16.1850185394, 29.5373630524, 55.9405975342, 16.4590148926, 8.30052947998, 6.03192424774, 10.8255157471, 9.2403678894, 3.19969940186, 7.25926494598], [17.885345459, -4.9689822197, -11.4264001846, -16.7841339111, 19.4851398468, 16.4590148926, 79.4947357178, 40.0628433228, 11.299041748, 4.10990619659, 14.9422426224, 8.91441249847, 35.3017272949], [-86.8052597046, 36.2370567322, 31.7233829498, 15.5154218674, 26.3340568542, 8.30052947998, 40.0628433228, 61.2632408142, 24.8742275238, 10.4362506866, 8.43574333191, 5.01061916351, 20.733001709], [-43.0261917114, 13.407251358, 15.6324625015, 17.2436904907, 18.0858650208, 6.03192424774, 11.299041748, 24.8742275238, 40.8517837524, 16.4876728058, 6.72411632538, 4.66545009613, 6.61893939972], [-76.5844573975, 52.7495384216, 22.7783050537, 7.26507663727, 21.2939167023, 10.8255157471, 4.10990619659, 10.4362506866, 16.4876728058, 41.8566207886, 22.9007034302, 4.11287498474, 1.24511373043], [-83.7484130859, 57.0408287048, 29.1164932251, -2.65790510178, 28.3068294525, 9.2403678894, 14.9422426224, 8.43574333191, 6.72411632538, 22.9007034302, 47.3207244873, 12.7277765274, 8.46429824829], [27.1792488098, 1.92850589752, -8.19037342072, 2.96673822403, 2.49237203598, 3.19969940186, 8.91441249847, 5.01061916351, 4.66545009613, 4.11287498474, 12.7277765274, 34.6099967957, 18.9019203186], [52.0399246216, -29.0974388123, 0.0850557461381, -16.0849552155, 13.6583547592, 7.25926494598, 35.3017272949, 20.733001709, 6.61893939972, 1.24511373043, 8.46429824829, 18.9019203186, 60.2595443726]],
