{
"lowlevel": {
    "average_loudness": 0.969518840313,
    "barkbands_crest": {
        "dmean": 3.21920800209,
        "dmean2": 4.92538166046,
        "dvar": 8.22878932953,
        "dvar2": 22.4567451477,
        "max": 26.8241958618,
        "mean": 15.9909896851,
        "median": 14.9635133743,
        "min": 6.88636207581,
        "var": 35.4388961792
    },
    "barkbands_flatness_db": {
        "dmean": 0.0315632633865,
        "dmean2": 0.0456053353846,
        "dvar": 0.0012236952316,
        "dvar2": 0.00208408222534,
        "max": 0.445484519005,
        "mean": 0.26563847065,
        "median": 0.237503901124,
        "min": 0.084210768342,
        "var": 0.0106068942696
    },
    "barkbands_kurtosis": {
        "dmean": 12.2530422211,
        "dmean2": 14.8125171661,
        "dvar": 1431.3046875,
        "dvar2": 2207.77514648,
        "max": 483.199005127,
        "mean": 19.424949646,
        "median": 4.81440877914,
        "min": -1.03965723515,
        "var": 3574.79125977
    },
    "barkbands_skewness": {
        "dmean": 0.815957963467,
        "dmean2": 1.19423174858,
        "dvar": 1.77626204491,
        "dvar2": 3.27424812317,
        "max": 13.7340841293,
        "mean": 1.18208909035,
        "median": 1.17007219791,
        "min": -5.28022575378,
        "var": 7.63394880295
    },
    "barkbands_spread": {
        "dmean": 2.23273515701,
        "dmean2": 3.55173277855,
        "dvar": 7.28209972382,
        "dvar2": 20.0463790894,
        "max": 29.0654716492,
        "mean": 9.88781261444,
        "median": 10.3846378326,
        "min": 0.173915505409,
        "var": 58.3748703003
    },
    "dissonance": {
        "dmean": 0.0579507872462,
        "dmean2": 0.105329938233,
        "dvar": 0.00487357843667,
        "dvar2": 0.0152796506882,
        "max": 0.499957591295,
        "mean": 0.410871893167,
        "median": 0.444916367531,
        "min": 0.131641969085,
        "var": 0.00710945762694
    },
    "dynamic_complexity": 11.2440795898,
    "erbbands_crest": {
        "dmean": 2.31742835045,
        "dmean2": 3.40738177299,
        "dvar": 7.33542013168,
        "dvar2": 14.3231611252,
        "max": 32.7578735352,
        "mean": 18.837770462,
        "median": 18.237827301,
        "min": 4.52084493637,
        "var": 54.3125686646
    },
    "erbbands_flatness_db": {
        "dmean": 0.0222408268601,
        "dmean2": 0.0274856444448,
        "dvar": 0.00102453737054,
        "dvar2": 0.00156314542983,
        "max": 0.466918587685,
        "mean": 0.283062487841,
        "median": 0.271103680134,
        "min": 0.0496712140739,
        "var": 0.0154020385817
    },
    "erbbands_kurtosis": {
        "dmean": 4.62390232086,
        "dmean2": 5.52844285965,
        "dvar": 110.544319153,
        "dvar2": 129.157913208,
        "max": 99.1749572754,
        "mean": 10.2177562714,
        "median": 1.34537315369,
        "min": -0.862699747086,
        "var": 483.839996338
    },
    "erbbands_skewness": {
        "dmean": 0.470818430185,
        "dmean2": 0.621454834938,
        "dvar": 0.472371965647,
        "dvar2": 0.648098409176,
        "max": 7.81722688675,
        "mean": 0.358819454908,
        "median": -0.266704797745,
        "min": -2.19528055191,
        "var": 4.37652826309
    },
    "erbbands_spread": {
        "dmean": 3.19268941879,
        "dmean2": 4.95563650131,
        "dvar": 35.5848655701,
        "dvar2": 89.5083847046,
        "max": 63.0675354004,
        "mean": 14.2049655914,
        "median": 10.3359746933,
        "min": 0.489603996277,
        "var": 165.885482788
    },
    "hfc": {
        "dmean": 4.29582452774,
        "dmean2": 5.65894317627,
        "dvar": 70.283782959,
        "dvar2": 145.937759399,
        "max": 85.8517379761,
        "mean": 17.0476646423,
        "median": 0.858930110931,
        "min": 0.0569312684238,
        "var": 532.002685547
    },
    "melbands_crest": {
        "dmean": 2.95047903061,
        "dmean2": 4.39605474472,
        "dvar": 5.96881437302,
        "dvar2": 13.6149806976,
        "max": 30.744890213,
        "mean": 17.4486446381,
        "median": 17.0220012665,
        "min": 8.56811237335,
        "var": 25.5824260712
    },
    "melbands_flatness_db": {
        "dmean": 0.0333746112883,
        "dmean2": 0.0502718947828,
        "dvar": 0.00117229495663,
        "dvar2": 0.00231710332446,
        "max": 0.500101625919,
        "mean": 0.345624595881,
        "median": 0.335664212704,
        "min": 0.176978796721,
        "var": 0.00564528349787
    },
    "melbands_kurtosis": {
        "dmean": 7.6037774086,
        "dmean2": 10.7966852188,
        "dvar": 293.963806152,
        "dvar2": 592.264892578,
        "max": 159.029037476,
        "mean": 13.4758634567,
        "median": 5.16772174835,
        "min": -1.29124033451,
        "var": 678.643188477
    },
    "melbands_skewness": {
        "dmean": 0.809509575367,
        "dmean2": 1.3003423214,
        "dvar": 1.0313783884,
        "dvar2": 2.48531579971,
        "max": 6.91715717316,
        "mean": 1.16915774345,
        "median": 1.54463124275,
        "min": -3.89245295525,
        "var": 4.2281126976
    },
    "melbands_spread": {
        "dmean": 3.19919657707,
        "dmean2": 5.55508184433,
        "dvar": 14.826956749,
        "dvar2": 39.9848823547,
        "max": 32.5249214172,
        "mean": 12.1191616058,
        "median": 9.10724830627,
        "min": 0.467526495457,
        "var": 75.4558868408
    },
    "pitch_salience": {
        "dmean": 0.0733579620719,
        "dmean2": 0.115344136953,
        "dvar": 0.00736775994301,
        "dvar2": 0.0145922545344,
        "max": 0.813321888447,
        "mean": 0.404385864735,
        "median": 0.402795344591,
        "min": 0.0559604503214,
        "var": 0.0163809899241
    },
    "silence_rate_20dB": {
        "dmean": 0,
        "dmean2": 0,
        "dvar": 0,
        "dvar2": 0,
        "max": 1,
        "mean": 1,
        "median": 1,
        "min": 1,
        "var": 0
    },
    "silence_rate_30dB": {
        "dmean": 0,
        "dmean2": 0,
        "dvar": 0,
        "dvar2": 0,
        "max": 1,
        "mean": 1,
        "median": 1,
        "min": 1,
        "var": 0
    },
    "silence_rate_60dB": {
        "dmean": 0.0166666675359,
        "dmean2": 0.0336134470999,
        "dvar": 0.016388874501,
        "dvar2": 0.0324835851789,
        "max": 1,
        "mean": 0.520661175251,
        "median": 1,
        "min": 0,
        "var": 0.249572813511
    },
    "spectral_centroid": {
        "dmean": 79.4024124146,
        "dmean2": 131.948928833,
        "dvar": 7337.0390625,
        "dvar2": 21757.3671875,
        "max": 1263.15234375,
        "mean": 874.684204102,
        "median": 867.813964844,
        "min": 515.259399414,
        "var": 29991.5917969
    },
    "spectral_complexity": {
        "dmean": 1.04166662693,
        "dmean2": 1.84873950481,
        "dvar": 3.0732653141,
        "dvar2": 7.06955909729,
        "max": 14,
        "mean": 3.71074390411,
        "median": 3,
        "min": 0,
        "var": 6.40393400192
    },
    "spectral_decrease": {
        "dmean": 1.18168375085e-09,
        "dmean2": 1.62145541438e-09,
        "dvar": 5.59882739717e-18,
        "dvar2": 1.13373283767e-17,
        "max": -3.580283639e-11,
        "mean": -4.3283856499e-09,
        "median": -3.15778070359e-10,
        "min": -2.53100704839e-08,
        "var": 2.99486464865e-17
    },
    "spectral_energy": {
        "dmean": 0.00484286155552,
        "dmean2": 0.00662946794182,
        "dvar": 9.37531076488e-05,
        "dvar2": 0.000190356833627,
        "max": 0.10331274569,
        "mean": 0.0178825445473,
        "median": 0.00125296029728,
        "min": 0.000142118879012,
        "var": 0.000514782615937
    },
    "spectral_energyband_high": {
        "dmean": 1.6556628907e-05,
        "dmean2": 2.84307880065e-05,
        "dvar": 8.08202926805e-09,
        "dvar2": 2.27630394534e-08,
        "max": 0.00077859632438,
        "mean": 1.79505441338e-05,
        "median": 1.63444610735e-06,
        "min": 9.15124303447e-07,
        "var": 5.67655566996e-09
    },
    "spectral_energyband_low": {
        "dmean": 0.000129692605697,
        "dmean2": 0.000219531269977,
        "dvar": 1.81149584222e-08,
        "dvar2": 5.0485187586e-08,
        "max": 0.00105646415614,
        "mean": 0.000212055878364,
        "median": 0.000159722767421,
        "min": 4.1808102651e-06,
        "var": 4.07499634036e-08
    },
    "spectral_energyband_middle_high": {
        "dmean": 0.00435601826757,
        "dmean2": 0.0056314682588,
        "dvar": 8.67868584464e-05,
        "dvar2": 0.00017921673134,
        "max": 0.102972708642,
        "mean": 0.0132198752835,
        "median": 0.000651330628898,
        "min": 7.1692329584e-06,
        "var": 0.000398934615077
    },
    "spectral_energyband_middle_low": {
        "dmean": 0.00167801917996,
        "dmean2": 0.00215735845268,
        "dvar": 1.12603420348e-05,
        "dvar2": 1.96450000658e-05,
        "max": 0.0362220741808,
        "mean": 0.00486777722836,
        "median": 0.000230337158428,
        "min": 4.68638500024e-05,
        "var": 6.16430261289e-05
    },
    "spectral_entropy": {
        "dmean": 0.270628422499,
        "dmean2": 0.35700955987,
        "dvar": 0.159512102604,
        "dvar2": 0.25661060214,
        "max": 8.11536693573,
        "mean": 6.17575883865,
        "median": 6.44458961487,
        "min": 4.17706251144,
        "var": 1.13494229317
    },
    "spectral_flux": {
        "dmean": 0.0163104757667,
        "dmean2": 0.0266955923289,
        "dvar": 0.000832074612845,
        "dvar2": 0.00206005224027,
        "max": 0.208636164665,
        "mean": 0.0334350131452,
        "median": 0.0154039626941,
        "min": 0.00541643099859,
        "var": 0.00153553218115
    },
    "spectral_kurtosis": {
        "dmean": 7.14567661285,
        "dmean2": 10.8040733337,
        "dvar": 105.172904968,
        "dvar2": 260.583068848,
        "max": 80.2802810669,
        "mean": 24.665145874,
        "median": 15.4062709808,
        "min": 3.47789907455,
        "var": 369.264892578
    },
    "spectral_rms": {
        "dmean": 0.00050200644182,
        "dmean2": 0.000714776106179,
        "dvar": 8.05028605555e-07,
        "dvar2": 1.41728503422e-06,
        "max": 0.0100395679474,
        "mean": 0.00310039496981,
        "median": 0.00110562215559,
        "min": 0.000372360809706,
        "var": 7.83394261816e-06
    },
    "spectral_rolloff": {
        "dmean": 141.760253906,
        "dmean2": 265.817443848,
        "dvar": 71565.640625,
        "dvar2": 198278.609375,
        "max": 1959.52148438,
        "mean": 883.928955078,
        "median": 882.861328125,
        "min": 172.265625,
        "var": 113450.75
    },
    "spectral_skewness": {
        "dmean": 0.522924482822,
        "dmean2": 0.764356851578,
        "dvar": 0.409435212612,
        "dvar2": 0.918401837349,
        "max": 7.25014448166,
        "mean": 3.74315071106,
        "median": 3.23739218712,
        "min": 1.66419458389,
        "var": 1.90389406681
    },
    "spectral_spread": {
        "dmean": 563913.0625,
        "dmean2": 714776.8125,
        "dvar": 2.34982028083e+12,
        "dvar2": 1.13264715366e+12,
        "max": 24307616,
        "mean": 3443683.25,
        "median": 3283443.5,
        "min": 1043154.125,
        "var": 6.25246260429e+12
    },
    "spectral_strongpeak": {
        "dmean": 0.688464581966,
        "dmean2": 0.878833472729,
        "dvar": 1.25856256485,
        "dvar2": 2.46717643738,
        "max": 12.153216362,
        "mean": 2.880879879,
        "median": 0.549986898899,
        "min": 0.010525694117,
        "var": 13.7434148788
    },
    "zerocrossingrate": {
        "dmean": 0.00421142578125,
        "dmean2": 0.00564190512523,
        "dvar": 2.56580606219e-05,
        "dvar2": 5.00466594531e-05,
        "max": 0.06884765625,
        "mean": 0.0427750498056,
        "median": 0.0419921875,
        "min": 0.00732421875,
        "var": 9.47151420405e-05
    },
    "barkbands": {
        "dmean": [2.11427322938e-06, 0.000125032369397, 2.15334475797e-05, 2.86424728984e-05, 0.000135497568408, 4.49179933639e-05, 1.10551573016e-05, 2.10027810681e-05, 0.00127726292703, 0.00403532478958, 9.79946707957e-05, 3.10079340125e-05, 0.000920349732041, 7.62104991736e-06, 2.55250724877e-05, 6.02672002969e-07, 7.87432509242e-06, 3.22572816458e-07, 4.01913212045e-06, 3.14519979838e-06, 3.07231607621e-06, 8.60331226704e-07, 2.11383417081e-06, 1.79906658104e-06, 2.53960251939e-06, 3.25932137457e-06, 2.85456712845e-06],
        "dmean2": [3.8596253944e-06, 0.000220007510507, 3.81055506296e-05, 5.15407264174e-05, 0.000265172973741, 8.68554125191e-05, 1.89048769244e-05, 3.37295241479e-05, 0.00143805786502, 0.00539643038064, 0.000181655850611, 5.79256920901e-05, 0.000587176647969, 1.05630897451e-05, 3.2560685213e-05, 1.01501791505e-06, 1.36622084028e-05, 5.55099745725e-07, 5.8747878029e-06, 3.59421460416e-06, 5.29864973942e-06, 1.40529346027e-06, 3.93614664063e-06, 2.99364273815e-06, 4.36267646364e-06, 6.04635397394e-06, 5.21669608133e-06],
        "dvar": [4.10813310453e-12, 1.87867108536e-08, 6.53035958642e-10, 4.56482629474e-09, 7.49861470695e-08, 4.68270506815e-08, 1.33579058925e-09, 2.96277358203e-09, 8.11380505183e-06, 8.59090214362e-05, 1.04432515968e-07, 1.54548214226e-08, 5.14795829076e-06, 5.86680759529e-10, 2.57383758751e-09, 1.96722998135e-12, 1.37923372723e-09, 1.23946014043e-12, 1.20350299171e-10, 1.35504690801e-10, 2.30663751988e-10, 8.13478971684e-12, 1.6320084173e-10, 8.9908420986e-11, 1.86923657108e-10, 2.68032401829e-10, 3.58148177781e-10],
        "dvar2": [1.00250571733e-11, 5.54176367018e-08, 1.85912996109e-09, 1.37301583436e-08, 2.50037999194e-07, 1.38687440199e-07, 3.6328913211e-09, 6.73283961916e-09, 9.0290177468e-06, 0.000171837033122, 3.20958548627e-07, 4.52414958829e-08, 2.0760892312e-06, 8.78996930798e-10, 5.1653237243e-09, 4.75625311705e-12, 3.91283982992e-09, 3.25425819105e-12, 2.87767226714e-10, 2.26844487639e-10, 6.43838760084e-10, 2.25784564656e-11, 4.75296801916e-10, 2.37784847368e-10, 5.17118348142e-10, 7.76088637799e-10, 1.02128960844e-09],
        "max": [9.77202307695e-06, 0.00100526458118, 0.000135151858558, 0.000439669005573, 0.00161250901874, 0.00163684354629, 0.000285425747279, 0.00040929208626, 0.0358465872705, 0.102640390396, 0.00221441825852, 0.000934702402446, 0.0512143224478, 0.000293932884233, 0.000441340118414, 8.86539419298e-06, 0.000340628786944, 8.02047816251e-06, 8.52484008647e-05, 0.000169115155586, 0.000131898632389, 2.40256631514e-05, 0.000106304112705, 8.7191714556e-05, 0.000118340234621, 0.000133415131131, 0.000161842486705],
        "mean": [2.32650495491e-06, 0.000173861641088, 2.59950065811e-05, 3.3251097193e-05, 0.000151272513904, 2.87051389023e-05, 9.68649419519e-06, 2.16114749492e-05, 0.00412622466683, 0.00718478998169, 8.44804744702e-05, 2.31443282246e-05, 0.00587044749409, 1.54735043907e-05, 8.62560991663e-05, 9.7340944194e-07, 1.56081187015e-05, 3.2115761428e-07, 6.55199664834e-06, 7.12242399459e-06, 3.38528116117e-06, 1.04647074295e-06, 1.56051351041e-06, 1.70944963429e-06, 2.04552020477e-06, 2.52519930655e-06, 2.10775442611e-06],
        "median": [1.66998643181e-06, 0.00012308760779, 1.67362322827e-05, 1.53288910951e-05, 6.47489941912e-05, 4.97920291309e-06, 2.83770555143e-06, 3.67776192434e-06, 6.46419630357e-06, 0.000420187192503, 4.94614823765e-06, 3.4748361486e-06, 6.42145505481e-06, 2.34520757658e-06, 5.48465031898e-05, 4.98920599057e-07, 3.15892066283e-07, 1.14648273097e-07, 3.31772696427e-07, 2.77355269418e-07, 2.07476233527e-07, 1.38911119052e-07, 1.45164804621e-07, 1.70060573623e-07, 1.61600056003e-07, 1.99429138092e-07, 4.34636518776e-07],
        "min": [2.97156450557e-08, 1.22994413232e-06, 1.04237471987e-07, 4.71627117804e-07, 4.58066551801e-06, 7.37905111237e-07, 2.85141084078e-07, 1.04158516478e-07, 6.76750914863e-07, 3.88390799344e-06, 1.85287390764e-07, 1.98687828856e-07, 1.29454861053e-07, 2.3142780492e-07, 8.07327751318e-07, 4.07785663015e-08, 5.06382136223e-08, 2.00032559405e-08, 5.65101672123e-08, 5.04078592201e-08, 5.48111103171e-08, 4.72601371371e-08, 2.43302711311e-08, 6.79144420701e-08, 3.12582884021e-08, 1.92656699483e-08, 2.19329407969e-08],
        "var": [4.9992887434e-12, 3.55988412082e-08, 7.43119288327e-10, 3.70758979074e-09, 6.85652921106e-08, 2.48904648004e-08, 8.88851769965e-10, 3.03629876797e-09, 5.96300560574e-05, 0.00026387887192, 7.55990186008e-08, 8.81099371242e-09, 0.000182646297617, 1.97467908691e-09, 8.99789842634e-09, 1.76111740208e-12, 1.52793255825e-09, 8.05244163449e-13, 1.78124209826e-10, 4.08709649458e-10, 1.57005464185e-10, 6.82525737317e-12, 9.41632466445e-11, 7.2531904094e-11, 1.23402926766e-10, 1.69622552115e-10, 2.20287552088e-10]
    },
    "erbbands": {
        "dmean": [0.00283723557368, 0.0309916976839, 0.0299072358757, 0.0593612976372, 0.436221241951, 0.3199467659, 0.319257378578, 0.305395513773, 0.174106821418, 0.270697385073, 7.9791765213, 32.2468757629, 73.0190887451, 81.2822647095, 4.12974452972, 8.25769996643, 42.0065765381, 1.71607041359, 0.767554044724, 1.45685505867, 0.139071643353, 0.482531040907, 0.0625256448984, 0.187256604433, 0.0950392633677, 0.128370538354, 0.0983302593231, 0.150647625327, 0.0391739755869, 0.0362179614604, 0.0602408200502, 0.0324953757226, 0.042744025588, 0.0252753850073, 0.0178603548557, 0.0111890174448, 0.00612774305046, 0.00150345033035, 0.000334674376063, 6.29110872978e-05],
        "dmean2": [0.00487919803709, 0.0540967471898, 0.050170827657, 0.107209250331, 0.854918897152, 0.625258207321, 0.622138500214, 0.582633435726, 0.309796184301, 0.390781760216, 9.52294158936, 34.7501564026, 97.2859649658, 111.208534241, 6.57720327377, 5.98555469513, 27.1844367981, 1.27934002876, 1.02316486835, 1.95235145092, 0.204008176923, 0.840451061726, 0.0971139445901, 0.257471621037, 0.161912202835, 0.150863394141, 0.129889249802, 0.262978732586, 0.0634710788727, 0.0655658096075, 0.113933973014, 0.0615744628012, 0.0685856491327, 0.0423741415143, 0.0320118330419, 0.0200023185462, 0.0110998824239, 0.00281691318378, 0.000610528048128, 0.000113126239739],
        "dvar": [9.57162228588e-06, 0.00114688160829, 0.000707109691575, 0.0163167379797, 0.799662351608, 0.370234102011, 2.67282533646, 1.90873742104, 0.39982047677, 0.290380448103, 341.947784424, 4828.50634766, 41774.2734375, 26480.8730469, 112.868255615, 369.464141846, 10588.2558594, 14.646323204, 6.86489439011, 9.50918102264, 0.109486676753, 5.71295118332, 0.0363828167319, 0.276933819056, 0.0832398980856, 0.156230866909, 0.119337923825, 0.645502209663, 0.0170393120497, 0.0241556875408, 0.146410301328, 0.0325820967555, 0.059543531388, 0.0212271884084, 0.0100448969752, 0.00253613037057, 0.000823150330689, 6.68182547088e-05, 4.74795979244e-06, 1.63425681876e-07],
        "dvar2": [3.11778385367e-05, 0.0033587294165, 0.0017336771125, 0.0502990074456, 2.70215630531, 1.18289625645, 7.95521306992, 5.61342668533, 1.13268184662, 0.655466854572, 519.548522949, 4993.29003906, 70693.6015625, 60105.9257812, 304.529174805, 169.112014771, 4286.39892578, 5.92538022995, 10.2745046616, 21.6931762695, 0.296981811523, 16.1761283875, 0.0990384444594, 0.638447165489, 0.222841739655, 0.232243806124, 0.251991629601, 1.79753017426, 0.0458893999457, 0.0703654959798, 0.427136063576, 0.0981243997812, 0.150199234486, 0.0558342076838, 0.0285312645137, 0.00714806932956, 0.00238606776111, 0.000197312212549, 1.35741302074e-05, 4.65165442165e-07],
        "max": [0.0254553835839, 0.233820855618, 0.19519777596, 0.810771822929, 5.99490356445, 4.13042831421, 12.6714515686, 10.3021125793, 4.97132492065, 3.73612451553, 223.910171509, 873.882446289, 2574.50146484, 1202.86254883, 78.3178253174, 434.556091309, 2326.82861328, 88.9607391357, 27.8012981415, 27.2033805847, 2.60925626755, 22.0716934204, 1.56470227242, 4.1875743866, 1.91695201397, 6.32037687302, 3.83841371536, 6.97851419449, 1.11679816246, 1.26260864735, 3.15756297112, 1.49514436722, 2.25479888916, 1.31171023846, 0.847936689854, 0.400492787361, 0.226712629199, 0.0695883408189, 0.0186665784568, 0.00350113050081],
        "mean": [0.00406545866281, 0.0416082777083, 0.0443296991289, 0.0728974714875, 0.515563905239, 0.354370296001, 0.220554172993, 0.203056156635, 0.157807186246, 0.567137658596, 25.2160873413, 104.575973511, 141.809402466, 138.204803467, 7.63614082336, 50.8747215271, 266.628875732, 10.5341424942, 1.94387114048, 5.14433288574, 0.403786838055, 0.87291353941, 0.202463626862, 0.340237736702, 0.16381084919, 0.359358042479, 0.164057850838, 0.139758691192, 0.0526910275221, 0.037513051182, 0.0413527488708, 0.0264643132687, 0.03802857548, 0.0199125241488, 0.0137018952519, 0.00862190779299, 0.00495062954724, 0.00130390760023, 0.000259636319242, 6.32727096672e-05],
        "median": [0.00252304342575, 0.0251069776714, 0.0341809093952, 0.0425644740462, 0.178814336658, 0.182429119945, 0.0548991523683, 0.0377018451691, 0.061626445502, 0.0918767899275, 0.203074008226, 0.175530403852, 2.87559008598, 11.2800912857, 1.01320934296, 0.385761708021, 0.512317657471, 0.160098567605, 0.531574904919, 3.12118649483, 0.252459824085, 0.0231659766287, 0.0132484314963, 0.0147422449663, 0.0165007859468, 0.0138599006459, 0.0113083990291, 0.00698503479362, 0.00560984062031, 0.00551159493625, 0.00413686735556, 0.00343767972663, 0.0029079252854, 0.00165418500546, 0.00118143821601, 0.000732337532099, 0.000383621227229, 0.000167835547472, 5.67179449718e-05, 1.06319257611e-05],
        "min": [4.76802015328e-05, 0.000311443785904, 0.000858653627802, 0.00213511101902, 0.00557732442394, 0.016243847087, 0.0124234864488, 0.00809073355049, 0.00682660983875, 0.00793264806271, 0.00698519172147, 0.0288308318704, 0.0835104808211, 0.0382288694382, 0.0181674268097, 0.0216010287404, 0.0117382192984, 0.0110638998449, 0.0259691942483, 0.0684032142162, 0.0100832339376, 0.00515947397798, 0.00368130509742, 0.00264448579401, 0.00284165958874, 0.00245636980981, 0.00266982777975, 0.00183719699271, 0.00168111408129, 0.00121658644639, 0.000917140743695, 0.00151949294377, 0.000856938946526, 0.000411744898884, 0.000212700513657, 0.000131965236505, 4.0178787458e-05, 1.07623582153e-05, 1.71096271515e-05, 5.15619376529e-06],
        "var": [1.95966586034e-05, 0.00211293227039, 0.00161933444906, 0.0122495833784, 0.966018795967, 0.272414803505, 1.39303016663, 1.04908668995, 0.242133036256, 0.765198886395, 2166.89135742, 36740.984375, 146440.765625, 68642.6796875, 173.139663696, 13163.2509766, 376384.125, 543.297546387, 15.8323698044, 30.0318489075, 0.176510497928, 5.87309598923, 0.14231441915, 0.445483654737, 0.0959555208683, 0.74148619175, 0.211935460567, 0.438917040825, 0.0163232367486, 0.0154935866594, 0.082331545651, 0.0193577036262, 0.0488479435444, 0.0155926747248, 0.0061556622386, 0.00160729221534, 0.000520758330822, 4.34899011452e-05, 2.93180755762e-06, 1.03667659346e-07]
    },
    "gfcc": {
        "mean": [-177.857910156, 105.015380859, -107.596214294, -28.7746734619, -29.9384822845, 28.4686355591, -6.15443134308, 3.58960437775, -19.2816410065, -8.34196472168, -29.6979236603, -10.84633255, 1.64398705959],
        "cov": [[4757.08496094, -430.968963623, -2485.11206055, -1459.50280762, -967.599853516, 21.9798336029, 813.057739258, 410.127624512, -440.521789551, 52.9174156189, 83.9912948608, -351.11920166, -682.726867676], [-430.968963623, 623.881469727, 55.6480941772, -118.272071838, 189.479995728, 148.06980896, 69.4905929565, -95.4169464111, 11.1651201248, -53.5730133057, -39.2115936279, -129.094848633, 68.3586273193], [-2485.11206055, 55.6480941772, 1904.75610352, 951.493041992, 511.390808105, -30.0429000854, -627.706665039, -249.814712524, 166.370178223, -146.089401245, -86.8006515503, 395.923187256, 524.28338623], [-1459.50280762, -118.272071838, 951.493041992, 764.96661377, 381.456573486, -70.0183029175, -350.565582275, -121.918289185, 182.634811401, 51.6869316101, 58.9800987244, 214.475845337, 206.809875488], [-967.599853516, 189.479995728, 511.390808105, 381.456573486, 482.667602539, 118.598052979, -178.807434082, -122.121620178, 123.948654175, 20.9400272369, 34.6557884216, 103.899642944, 153.039779663], [21.9798336029, 148.06980896, -30.0429000854, -70.0183029175, 118.598052979, 133.762405396, 30.4448833466, -24.7544307709, -19.6712436676, -35.7203903198, -20.7348232269, 3.72288012505, 39.3322601318], [813.057739258, 69.4905929565, -627.706665039, -350.565582275, -178.807434082, 30.4448833466, 304.436462402, 112.96622467, -63.9866828918, 14.1039791107, 14.3423261642, -163.600250244, -146.020370483], [410.127624512, -95.4169464111, -249.814712524, -121.918289185, -122.121620178, -24.7544307709, 112.96622467, 95.577796936, -17.2304210663, 16.0821094513, 6.01624250412, -40.021282196, -56.6717643738], [-440.521789551, 11.1651201248, 166.370178223, 182.634811401, 123.948654175, -19.6712436676, -63.9866828918, -17.2304210663, 117.69757843, 72.2005767822, 41.1934318542, 15.982008934, 14.183713913], [52.9174156189, -53.5730133057, -146.089401245, 51.6869316101, 20.9400272369, -35.7203903198, 14.1039791107, 16.0821094513, 72.2005767822, 170.714416504, 104.855369568, -43.6091537476, -156.09602356], [83.9912948608, -39.2115936279, -86.8006515503, 58.9800987244, 34.6557884216, -20.7348232269, 14.3423261642, 6.01624250412, 41.1934318542, 104.855369568, 126.321739197, -13.5701026917, -118.883178711], [-351.11920166, -129.094848633, 395.923187256, 214.475845337, 103.899642944, 3.72288012505, -163.600250244, -40.021282196, 15.982008934, -43.6091537476, -13.5701026917, 172.836090088, 142.883590698], [-682.726867676, 68.3586273193, 524.28338623, 206.809875488, 153.039779663, 39.3322601318, -146.020370483, -56.6717643738, 14.183713913, -156.09602356, -118.883178711, 142.883590698, 338.113616943]],
        "icov": [[0.0016009057872, 0.00022602250101, 0.00137921515852, 0.00077792344382, 0.000313543889206, -0.000326670909999, 0.000211971870158, -0.00188540667295, 0.00271152029745, 0.000240993191255, -0.00116049987264, -0.00194342352916, 0.000654791598208], [0.00022602250101, 0.00926522910595, -0.00358713883907, 0.00521884160116, -0.00224448740482, -0.00368180777878, -0.00430239504203, 0.00921934004873, -0.000973937334493, -0.0014885700075, -0.00416438281536, 0.0123268328607, -0.00523507967591], [0.00137921515852, -0.00358713883907, 0.00633045658469, -0.00418086675927, 0.00189247378148, 0.00032355071744, 0.00524414330721, -0.0042403191328, 0.00164751021657, 0.00350156612694, 0.000796072650701, -0.00694204866886, 0.00167216989212], [0.00077792344382, 0.00521884160116, -0.00418086675927, 0.0133007597178, -0.00717256823555, 0.00719048734754, -0.00320053566247, 0.0039547663182, -0.000852985249367, -0.00338232656941, -0.00481161754578, 0.00252589536831, -0.0037311760243], [0.000313543889206, -0.00224448740482, 0.00189247378148, -0.00717256823555, 0.0139637794346, -0.0143400523812, 0.00291715422645, 0.00140482897405, -0.00473667355254, 0.000649617053568, -0.00278590177186, -0.000279299216345, -0.000980297569185], [-0.000326670909999, -0.00368180777878, 0.00032355071744, 0.00719048734754, -0.0143400523812, 0.0311863701791, -0.00732080452144, 0.00247941957787, 0.00409634737298, -0.000829357188195, 0.00620287377387, -0.0139028644189, 0.00280320737511], [0.000211971870158, -0.00430239504203, 0.00524414330721, -0.00320053566247, 0.00291715422645, -0.00732080452144, 0.0265077911317, -0.0219033453614, 0.00304321106523, 0.00604068068787, -0.00631413795054, 0.00917753670365, -0.00100561638828], [-0.00188540667295, 0.00921934004873, -0.0042403191328, 0.0039547663182, 0.00140482897405, 0.00247941957787, -0.0219033453614, 0.0458398573101, -0.0114676998928, -0.00504242954776, 0.00203071488068, 0.00186633365229, -0.00613675173372], [0.00271152029745, -0.000973937334493, 0.00164751021657, -0.000852985249367, -0.00473667355254, 0.00409634737298, 0.00304321106523, -0.0114676998928, 0.0322232730687, -0.0130116092041, -0.00183357088827, 0.00211369758472, -0.0041979807429], [0.000240993191255, -0.0014885700075, 0.00350156612694, -0.00338232656941, 0.000649617053568, -0.000829357188195, 0.00604068068787, -0.00504242954776, -0.0130116092041, 0.028016410768, -0.00633885757998, -0.00148013874423, 0.0108696725219], [-0.00116049987264, -0.00416438281536, 0.000796072650701, -0.00481161754578, -0.00278590177186, 0.00620287377387, -0.00631413795054, 0.00203071488068, -0.00183357088827, -0.00633885757998, 0.027098570019, -0.0134542193264, 0.0107243517414], [-0.00194342352916, 0.0123268328607, -0.00694204866886, 0.00252589536831, -0.000279299216345, -0.0139028644189, 0.00917753670365, 0.00186633365229, 0.00211369758472, -0.00148013874423, -0.0134542193264, 0.0446161851287, -0.0155339092016], [0.000654791598208, -0.00523507967591, 0.00167216989212, -0.0037311760243, -0.000980297569185, 0.00280320737511, -0.00100561638828, -0.00613675173372, -0.0041979807429, 0.0108696725219, 0.0107243517414, -0.0155339092016, 0.0192117318511]]
    },
    "melbands": {
        "dmean": [3.12657684844e-05, 2.40512727032e-05, 1.86243505595e-05, 3.40077567671e-05, 9.71494227997e-06, 7.15889018466e-06, 2.60412343778e-06, 2.08181268135e-06, 0.000124702550238, 0.000172556217876, 0.000418511219323, 0.000411628454458, 1.10970822789e-05, 3.6987103158e-06, 9.63228667388e-05, 4.81038696307e-05, 4.13686791489e-07, 1.39532494359e-06, 1.58932402883e-06, 1.09299378437e-06, 4.86787712362e-08, 6.15654187186e-07, 1.42219263921e-07, 1.23168666377e-08, 1.74625228055e-07, 1.37773270126e-07, 4.1676276652e-08, 1.07798797444e-07, 7.7709962909e-08, 8.64079368057e-08, 7.46206936242e-08, 1.76973617982e-08, 2.05876151682e-08, 2.28388987722e-08, 2.5708382978e-08, 4.20229824272e-08, 1.64116986667e-08, 2.79650524959e-08, 2.61328452211e-08, 2.05466488268e-08],
        "dmean2": [5.48486095795e-05, 4.13285342802e-05, 3.560404366e-05, 6.65812112857e-05, 1.86865672731e-05, 1.36884336825e-05, 4.5898332246e-06, 3.25113182953e-06, 0.000143335433677, 0.000190080027096, 0.000566264207009, 0.000562192581128, 2.06481345231e-05, 6.77479692968e-06, 6.15082317381e-05, 3.25084001815e-05, 6.5801305027e-07, 1.87062505574e-06, 2.02575665753e-06, 1.46702825532e-06, 8.92709550726e-08, 1.1010849903e-06, 2.06310019735e-07, 1.98763849824e-08, 2.42771363901e-07, 2.16673115006e-07, 5.94019340383e-08, 1.2560646212e-07, 9.06661554723e-08, 1.49677589434e-07, 1.32492033345e-07, 2.8561435883e-08, 3.19258752768e-08, 4.14164844642e-08, 4.89526605918e-08, 7.94340095922e-08, 3.03029139559e-08, 4.54538771066e-08, 4.16052934327e-08, 3.56854172878e-08],
        "dvar": [1.17496656848e-09, 5.81370007691e-10, 1.56664714535e-09, 4.20027301828e-09, 2.18217510728e-09, 1.07960151929e-09, 8.79587028213e-11, 2.58230554995e-11, 8.47487626743e-08, 1.41070486848e-07, 1.33651121814e-06, 7.17841317055e-07, 1.32685740173e-09, 2.76813183486e-10, 5.67506752702e-08, 1.35714088856e-08, 1.59480490879e-12, 2.13712363778e-11, 1.10371893916e-11, 5.18066275643e-12, 4.9195660024e-14, 1.11225282456e-11, 1.22867156987e-13, 1.77167380599e-15, 2.50605390389e-13, 1.57863766547e-13, 9.2745855619e-15, 1.57615552012e-13, 1.22994835345e-13, 2.26872150623e-13, 1.28778294994e-13, 3.23021477798e-15, 3.45735852125e-15, 9.00751946176e-15, 2.46538663237e-14, 8.08397606126e-14, 4.19478201699e-15, 2.21578160822e-14, 2.26091948576e-14, 1.43980032568e-14],
        "dvar2": [3.47707573845e-09, 1.58141955087e-09, 4.97312990788e-09, 1.44373046851e-08, 6.4652274645e-09, 3.18109028008e-09, 2.46968834272e-10, 5.50933465515e-11, 1.10707894407e-07, 1.47720953692e-07, 2.35137326854e-06, 1.63093795891e-06, 3.880388455e-09, 8.12616196555e-10, 2.2805634714e-08, 5.56404966545e-09, 3.03687045129e-12, 3.22445681267e-11, 2.61934588602e-11, 1.14048189295e-11, 1.42923528373e-13, 3.14796487488e-11, 2.6977993949e-13, 4.43706647419e-15, 5.76918829549e-13, 4.08834777013e-13, 1.95589377349e-14, 2.32517781071e-13, 2.2238404152e-13, 6.31601867161e-13, 3.58795729672e-13, 8.71751740347e-15, 9.4389675519e-15, 2.62465203515e-14, 7.21780694566e-14, 2.34365830779e-13, 1.33425993575e-14, 5.65902847586e-14, 5.61965499634e-14, 3.90329587228e-14],
        "max": [0.000269265117822, 0.000162927884958, 0.000244372757152, 0.000372894952307, 0.000365310552297, 0.000246146460995, 7.38084709155e-05, 3.33943899022e-05, 0.0036381711252, 0.00467886589468, 0.0142235979438, 0.00693355454132, 0.000250056793448, 0.000131885928567, 0.00537147000432, 0.00264393701218, 1.34945094032e-05, 4.32052547694e-05, 3.10032773996e-05, 1.92142852029e-05, 1.77380161404e-06, 3.08565868181e-05, 4.41732163381e-06, 3.0325909961e-07, 3.98536303692e-06, 2.71547287412e-06, 9.33066417019e-07, 6.34929847365e-06, 4.39350424131e-06, 4.14907026425e-06, 3.08775315716e-06, 4.85943076001e-07, 4.6709052981e-07, 7.66425785059e-07, 1.29031116103e-06, 2.35659103964e-06, 4.76327585375e-07, 1.36994526656e-06, 1.38781831538e-06, 1.05944559436e-06],
        "mean": [4.47987149528e-05, 3.59417899745e-05, 2.43033609877e-05, 3.77601718355e-05, 7.33223168936e-06, 4.70928398499e-06, 2.19513867705e-06, 2.12566214941e-06, 0.000408434687415, 0.000548571755644, 0.000774267769884, 0.000697801529896, 1.17436538858e-05, 2.80058247881e-06, 0.00061694602482, 0.000302249914967, 8.20450111405e-07, 2.33322089116e-06, 5.50667391508e-06, 3.80083520213e-06, 4.49110402201e-08, 9.22742401599e-07, 5.7173622281e-07, 1.39986964243e-08, 3.17024017704e-07, 1.93040619934e-07, 1.31933489911e-07, 2.62594937794e-07, 1.16576323705e-07, 8.26259736186e-08, 7.01557851812e-08, 2.27379253204e-08, 2.60469956714e-08, 2.1861406907e-08, 1.81881478767e-08, 2.67020148215e-08, 1.4444303531e-08, 2.51128877693e-08, 2.21763301056e-08, 1.52872150494e-08],
        "median": [2.77397302852e-05, 2.59585667663e-05, 1.00752668004e-05, 1.68021906575e-05, 2.57003148363e-06, 9.03002160157e-07, 6.83930693413e-07, 4.39164153931e-07, 1.41707687362e-06, 8.68816869115e-07, 1.41108466778e-05, 5.3387357184e-05, 9.65472736425e-07, 3.31385876962e-07, 9.88747729025e-07, 4.355866281e-07, 1.69442699871e-07, 2.56423248857e-07, 3.28422902385e-06, 2.1888727133e-06, 1.25236896409e-08, 1.85393780328e-08, 1.263724414e-08, 5.30007282507e-09, 1.07052873233e-08, 1.17418625933e-08, 8.74779715332e-09, 8.74606875811e-09, 7.59517604365e-09, 5.10194864134e-09, 3.67673980151e-09, 3.16649217957e-09, 2.76914047248e-09, 2.70028510663e-09, 2.36645814056e-09, 2.15894657707e-09, 2.05738515113e-09, 2.06762851285e-09, 1.73459158148e-09, 1.26401789036e-09],
        "min": [4.50914228622e-07, 4.70403165309e-07, 4.46864135029e-07, 8.12444511666e-07, 4.37231761907e-07, 1.76656840267e-07, 5.58767041525e-08, 4.66600980076e-08, 6.57724825714e-08, 1.93401135107e-07, 3.80026989433e-07, 1.07208066424e-07, 2.84851289223e-08, 2.47894043071e-08, 2.99290725536e-08, 2.68216631127e-08, 1.48818335433e-08, 1.87924396045e-08, 3.11120551544e-08, 9.89250992234e-09, 2.6688586896e-09, 2.98573232804e-09, 1.70022917967e-09, 7.6740830357e-10, 1.64828717342e-09, 1.28312760417e-09, 2.04773042967e-09, 1.22672183522e-09, 1.52053369895e-09, 1.4921651692e-09, 8.36679447946e-10, 9.37814825797e-10, 7.82353404283e-10, 2.37028119354e-10, 3.73978903401e-10, 6.73104072479e-10, 9.38287780805e-10, 6.04469863053e-10, 4.81912787453e-10, 2.58006005449e-10],
        "var": [2.42249087457e-09, 1.17566878455e-09, 1.7969559174e-09, 3.91339005645e-09, 1.15457088334e-09, 5.87584148004e-10, 5.4326054072e-11, 2.63158661529e-11, 5.85816280818e-07, 1.05546064333e-06, 4.53733082395e-06, 1.85207397863e-06, 1.09461761877e-09, 1.58217924873e-10, 2.01236434805e-06, 4.83073733903e-07, 4.59062258693e-12, 4.46871151194e-11, 3.31672848908e-11, 1.68472197998e-11, 2.89780440583e-14, 1.04991579666e-11, 1.3588430511e-12, 1.25914909857e-15, 3.95378743851e-13, 1.88606861249e-13, 5.63983369283e-14, 6.42927605685e-13, 2.22327717217e-13, 1.51195868976e-13, 8.84580833604e-14, 3.0077729146e-15, 3.40103548894e-15, 5.87295122067e-15, 1.37592658756e-14, 4.58622973854e-14, 2.75526095808e-15, 1.80201109568e-14, 1.86004555806e-14, 9.87681158783e-15]
    },
    "mfcc": {
        "mean": [-853.537902832, 165.095809937, -4.9319601059, -16.1678237915, -6.36760282516, 19.5149478912, 18.4259243011, 10.5477714539, 20.8989906311, 17.9465999603, -10.1581144333, -19.4090957642, -9.77125167847],
        "cov": [[4779.58105469, -395.564758301, -1423.12731934, -1068.6854248, -1731.54321289, -573.95892334, 496.744720459, 207.901306152, -116.245567322, 126.855316162, 517.60949707, 190.511016846, -626.560974121], [-395.564758301, 619.971130371, 47.6103363037, -165.226654053, 99.893119812, 141.413909912, 98.3651428223, 9.82914161682, 52.7336807251, 96.3407669067, -101.030776978, -192.295272827, -9.46365737915], [-1423.12731934, 47.6103363037, 737.793029785, 342.259918213, 621.451599121, 129.192962646, -234.681900024, -44.1184616089, 1.95983922482, -191.216415405, -270.993682861, -128.009567261, 216.273208618], [-1068.6854248, -165.226654053, 342.259918213, 503.14251709, 503.664855957, 123.811073303, -160.714111328, -81.6915435791, -19.8990440369, -53.2434463501, -28.111333847, 101.763961792, 222.271377563], [-1731.54321289, 99.893119812, 621.451599121, 503.664855957, 924.333312988, 306.623199463, -234.879211426, -97.2486114502, -21.3015422821, -106.597007751, -214.113082886, -39.3177337646, 306.117004395], [-573.95892334, 141.413909912, 129.192962646, 123.811073303, 306.623199463, 185.972396851, -27.5416240692, -25.6878547668, 11.075504303, 14.6866350174, -67.3183517456, -33.8680038452, 85.7415466309], [496.744720459, 98.3651428223, -234.681900024, -160.714111328, -234.879211426, -27.5416240692, 169.363632202, 56.3619651794, 34.1684112549, 85.3316192627, 54.2131690979, -19.9672374725, -119.592041016], [207.901306152, 9.82914161682, -44.1184616089, -81.6915435791, -97.2486114502, -25.6878547668, 56.3619651794, 64.8285675049, 23.4412288666, -6.57709407806, -16.4188747406, -43.3931617737, -67.7159881592], [-116.245567322, 52.7336807251, 1.95983922482, -19.8990440369, -21.3015422821, 11.075504303, 34.1684112549, 23.4412288666, 103.220039368, 41.1714744568, -61.6020584106, -61.7623062134, -29.9823532104], [126.855316162, 96.3407669067, -191.216415405, -53.2434463501, -106.597007751, 14.6866350174, 85.3316192627, -6.57709407806, 41.1714744568, 137.054626465, 81.4621276855, 30.2733459473, -30.3976402283], [517.60949707, -101.030776978, -270.993682861, -28.111333847, -214.113082886, -67.3183517456, 54.2131690979, -16.4188747406, -61.6020584106, 81.4621276855, 255.3072052, 185.46043396, -38.2183761597], [190.511016846, -192.295272827, -128.009567261, 101.763961792, -39.3177337646, -33.8680038452, -19.9672374725, -43.3931617737, -61.7623062134, 30.2733459473, 185.46043396, 231.796386719, 43.4725990295], [-626.560974121, -9.46365737915, 216.273208618, 222.271377563, 306.117004395, 85.7415466309, -119.592041016, -67.7159881592, -29.9823532104, -30.3976402283, -38.2183761597, 43.4725990295, 180.58140564]],
