{
"lowlevel": {
    "average_loudness": 0.831112265587,
    "barkbands_crest": {
        "dmean": 3.40784621239,
        "dmean2": 5.71187734604,
        "dvar": 11.0988473892,
        "dvar2": 28.8132572174,
        "max": 26.6414585114,
        "mean": 12.2378110886,
        "median": 11.0545215607,
        "min": 3.15297698975,
        "var": 26.8319664001
    },
    "barkbands_flatness_db": {
        "dmean": 0.0400220118463,
        "dmean2": 0.0616041608155,
        "dvar": 0.00182442762889,
        "dvar2": 0.00417924905196,
        "max": 0.482619971037,
        "mean": 0.262809842825,
        "median": 0.266398578882,
        "min": 0.0742159858346,
        "var": 0.00898841768503
    },
    "barkbands_kurtosis": {
        "dmean": 6.50214719772,
        "dmean2": 11.0263442993,
        "dvar": 780.756103516,
        "dvar2": 2078.27783203,
        "max": 377.622009277,
        "mean": 6.25123500824,
        "median": 2.18025255203,
        "min": -1.41682374477,
        "var": 568.129333496
    },
    "barkbands_skewness": {
        "dmean": 0.837715148926,
        "dmean2": 1.3628847599,
        "dvar": 2.1750292778,
        "dvar2": 6.276948452,
        "max": 9.56898117065,
        "mean": 1.11225521564,
        "median": 1.14565634727,
        "min": -18.0129928589,
        "var": 2.53850769997
    },
    "barkbands_spread": {
        "dmean": 2.56611466408,
        "dmean2": 3.9069674015,
        "dvar": 9.42155075073,
        "dvar2": 20.4680500031,
        "max": 33.4977340698,
        "mean": 7.2405872345,
        "median": 5.2791223526,
        "min": 0.216617137194,
        "var": 33.1936683655
    },
    "dissonance": {
        "dmean": 0.0416135005653,
        "dmean2": 0.0710414499044,
        "dvar": 0.00185777910519,
        "dvar2": 0.00491077406332,
        "max": 0.500000059605,
        "mean": 0.437000095844,
        "median": 0.456499785185,
        "min": 0.176663860679,
        "var": 0.00344839016907
    },
    "dynamic_complexity": 8.77921962738,
    "erbbands_crest": {
        "dmean": 3.81804680824,
        "dmean2": 6.10426473618,
        "dvar": 14.4679574966,
        "dvar2": 36.5357284546,
        "max": 31.3862113953,
        "mean": 13.7029342651,
        "median": 12.2549190521,
        "min": 3.61010742188,
        "var": 37.1514701843
    },
    "erbbands_flatness_db": {
        "dmean": 0.0377773866057,
        "dmean2": 0.0570632703602,
        "dvar": 0.00166609941516,
        "dvar2": 0.00367725337856,
        "max": 0.516844809055,
        "mean": 0.325694054365,
        "median": 0.332915008068,
        "min": 0.126502707601,
        "var": 0.0081373937428
    },
    "erbbands_kurtosis": {
        "dmean": 2.8674390316,
        "dmean2": 4.71195745468,
        "dvar": 49.7424964905,
        "dvar2": 127.935905457,
        "max": 84.6108016968,
        "mean": 2.93884992599,
        "median": 1.07530450821,
        "min": -1.53942680359,
        "var": 58.7847671509
    },
    "erbbands_skewness": {
        "dmean": 0.697070240974,
        "dmean2": 1.07656157017,
        "dvar": 0.797002136707,
        "dvar2": 1.77348399162,
        "max": 7.00306749344,
        "mean": 0.676584005356,
        "median": 0.678658902645,
        "min": -6.07310676575,
        "var": 1.30058777332
    },
    "erbbands_spread": {
        "dmean": 4.49972295761,
        "dmean2": 6.98088169098,
        "dvar": 26.5129261017,
        "dvar2": 53.0654220581,
        "max": 57.3353652954,
        "mean": 13.9590368271,
        "median": 10.5625476837,
        "min": 0.375178009272,
        "var": 111.301071167
    },
    "hfc": {
        "dmean": 8.18526649475,
        "dmean2": 13.514913559,
        "dvar": 518.856567383,
        "dvar2": 1349.78088379,
        "max": 278.325164795,
        "mean": 10.5902013779,
        "median": 1.74400150776,
        "min": 0.0128720188513,
        "var": 504.064666748
    },
    "melbands_crest": {
        "dmean": 3.996052742,
        "dmean2": 6.64301872253,
        "dvar": 16.8272151947,
        "dvar2": 43.5375213623,
        "max": 36.4813041687,
        "mean": 14.4141674042,
        "median": 13.3570804596,
        "min": 4.77013111115,
        "var": 41.5680351257
    },
    "melbands_flatness_db": {
        "dmean": 0.043842907995,
        "dmean2": 0.0673850700259,
        "dvar": 0.00219222484156,
        "dvar2": 0.00502485129982,
        "max": 0.575606048107,
        "mean": 0.326441824436,
        "median": 0.331809848547,
        "min": 0.115687504411,
        "var": 0.0102015277371
    },
    "melbands_kurtosis": {
        "dmean": 5.59321784973,
        "dmean2": 9.24282836914,
        "dvar": 190.400344849,
        "dvar2": 441.372741699,
        "max": 169.177001953,
        "mean": 6.38813304901,
        "median": 3.35374212265,
        "min": -1.68152141571,
        "var": 198.358581543
    },
    "melbands_skewness": {
        "dmean": 0.806572258472,
        "dmean2": 1.31221425533,
        "dvar": 1.24469721317,
        "dvar2": 3.56136488914,
        "max": 7.59562969208,
        "mean": 1.21387934685,
        "median": 1.20028603077,
        "min": -12.0402088165,
        "var": 1.9969432354
    },
    "melbands_spread": {
        "dmean": 4.05041503906,
        "dmean2": 6.3362364769,
        "dvar": 26.2792682648,
        "dvar2": 60.7597846985,
        "max": 56.7978973389,
        "mean": 11.1259832382,
        "median": 8.90886974335,
        "min": 0.490940719843,
        "var": 59.6484794617
    },
    "pitch_salience": {
        "dmean": 0.100439742208,
        "dmean2": 0.168467342854,
        "dvar": 0.0108759142458,
        "dvar2": 0.0276862643659,
        "max": 0.928217530251,
        "mean": 0.580695569515,
        "median": 0.586532175541,
        "min": 0.0928756147623,
        "var": 0.0258911456913
    },
    "silence_rate_20dB": {
        "dmean": 0,
        "dmean2": 0,
        "dvar": 0,
        "dvar2": 0,
        "max": 1,
        "mean": 1,
        "median": 1,
        "min": 1,
        "var": 0
    },
    "silence_rate_30dB": {
        "dmean": 0,
        "dmean2": 0,
        "dvar": 0,
        "dvar2": 0,
        "max": 1,
        "mean": 1,
        "median": 1,
        "min": 1,
        "var": 0
    },
    "silence_rate_60dB": {
        "dmean": 0.105263158679,
        "dmean2": 0.211081787944,
        "dvar": 0.0941827744246,
        "dvar2": 0.187634453177,
        "max": 1,
        "mean": 0.501312315464,
        "median": 1,
        "min": 0,
        "var": 0.249997198582
    },
    "spectral_centroid": {
        "dmean": 173.854873657,
        "dmean2": 271.048339844,
        "dvar": 52975.5742188,
        "dvar2": 120156.578125,
        "max": 2389.34008789,
        "mean": 900.217346191,
        "median": 804.373840332,
        "min": 295.001464844,
        "var": 172075.375
    },
    "spectral_complexity": {
        "dmean": 3.02631568909,
        "dmean2": 4.70448541641,
        "dvar": 20.11510849,
        "dvar2": 47.1105651855,
        "max": 38,
        "mean": 7.28346443176,
        "median": 6,
        "min": 0,
        "var": 48.9327278137
    },
    "spectral_decrease": {
        "dmean": 2.05474548487e-09,
        "dmean2": 3.36483374497e-09,
        "dvar": 1.67807285367e-17,
        "dvar2": 4.34482903316e-17,
        "max": -2.47600702961e-12,
        "mean": -3.31721028424e-09,
        "median": -7.45562556137e-10,
        "min": -2.86616010925e-08,
        "var": 2.63525151693e-17
    },
    "spectral_energy": {
        "dmean": 0.00848707463592,
        "dmean2": 0.0138670885935,
        "dvar": 0.000295693898806,
        "dvar2": 0.000765610195231,
        "max": 0.133420184255,
        "mean": 0.0134804584086,
        "median": 0.00298475613818,
        "min": 1.0512550034e-05,
        "var": 0.000444021250587
    },
    "spectral_energyband_high": {
        "dmean": 4.94862433698e-05,
        "dmean2": 8.58077473822e-05,
        "dvar": 9.29855019649e-08,
        "dvar2": 2.29978638799e-07,
        "max": 0.00411691423506,
        "mean": 3.29000722559e-05,
        "median": 7.99820043085e-07,
        "min": 9.08853650117e-08,
        "var": 7.15690120501e-08
    },
    "spectral_energyband_low": {
        "dmean": 9.90216358332e-06,
        "dmean2": 1.69047089003e-05,
        "dvar": 4.12039929953e-10,
        "dvar2": 1.10440734336e-09,
        "max": 0.000175049615791,
        "mean": 1.24731595861e-05,
        "median": 3.19072250932e-06,
        "min": 9.75860316998e-08,
        "var": 5.54550405596e-10
    },
    "spectral_energyband_middle_high": {
        "dmean": 0.00467523280531,
        "dmean2": 0.00764061696827,
        "dvar": 0.00017837069754,
        "dvar2": 0.000458178896224,
        "max": 0.131596550345,
        "mean": 0.00489561632276,
        "median": 0.000434263958596,
        "min": 4.05003220294e-06,
        "var": 0.000162423064467
    },
    "spectral_energyband_middle_low": {
        "dmean": 0.00488541321829,
        "dmean2": 0.00791971199214,
        "dvar": 9.53799681156e-05,
        "dvar2": 0.000251820340054,
        "max": 0.0730165317655,
        "mean": 0.00883924402297,
        "median": 0.00197508907877,
        "min": 5.96344079895e-06,
        "var": 0.000210095691727
    },
    "spectral_entropy": {
        "dmean": 0.309097200632,
        "dmean2": 0.473113119602,
        "dvar": 0.121004626155,
        "dvar2": 0.276698291302,
        "max": 7.98226928711,
        "mean": 6.65906381607,
        "median": 6.71015548706,
        "min": 4.52772951126,
        "var": 0.49803802371
    },
    "spectral_flux": {
        "dmean": 0.0256877429783,
        "dmean2": 0.0414140932262,
        "dvar": 0.00143558543641,
        "dvar2": 0.00324675347656,
        "max": 0.301953732967,
        "mean": 0.0556121394038,
        "median": 0.0329584628344,
        "min": 0.00175366376061,
        "var": 0.00355765386485
    },
    "spectral_kurtosis": {
        "dmean": 15.4795808792,
        "dmean2": 26.638010025,
        "dvar": 365.535644531,
        "dvar2": 1015.82208252,
        "max": 153.256774902,
        "mean": 30.2412319183,
        "median": 20.0511798859,
        "min": 2.23179483414,
        "var": 766.156677246
    },
    "spectral_rms": {
        "dmean": 0.000945863255765,
        "dmean2": 0.00147681473754,
        "dvar": 2.03548756872e-06,
        "dvar2": 4.89820058647e-06,
        "max": 0.0114090330899,
        "mean": 0.00265181413852,
        "median": 0.00170644582249,
        "min": 0.00010127263522,
        "var": 6.1195478338e-06
    },
    "spectral_rolloff": {
        "dmean": 233.238357544,
        "dmean2": 394.528869629,
        "dvar": 125299.75,
        "dvar2": 287783.375,
        "max": 3014.6484375,
        "mean": 1064.90466309,
        "median": 904.39453125,
        "min": 279.931640625,
        "var": 243284.4375
    },
    "spectral_skewness": {
        "dmean": 1.0013076067,
        "dmean2": 1.73045420647,
        "dvar": 1.19143128395,
        "dvar2": 3.3310739994,
        "max": 8.74685382843,
        "mean": 3.2951335907,
        "median": 2.9239346981,
        "min": 0.974974274635,
        "var": 3.06516242027
    },
    "spectral_spread": {
        "dmean": 426428.15625,
        "dmean2": 671560.0625,
        "dvar": 918522101760,
        "dvar2": 1.10757845402e+12,
        "max": 18405718,
        "mean": 1897515.125,
        "median": 1648833.5,
        "min": 514678.34375,
        "var": 1.41245546496e+12
    },
    "spectral_strongpeak": {
        "dmean": 0.546248555183,
        "dmean2": 0.848474919796,
        "dvar": 1.78695440292,
        "dvar2": 5.12185287476,
        "max": 19.5193691254,
        "mean": 1.08503425121,
        "median": 0.510581731796,
        "min": 0.00443380884826,
        "var": 2.84224915504
    },
    "zerocrossingrate": {
        "dmean": 0.00494577502832,
        "dmean2": 0.00631415937096,
        "dvar": 3.81685822504e-05,
        "dvar2": 4.7459921916e-05,
        "max": 0.09326171875,
        "mean": 0.0396648421884,
        "median": 0.037109375,
        "min": 0.0126953125,
        "var": 0.000269454409136
    },
    "barkbands": {
        "dmean": [6.98807696153e-07, 1.91367803382e-06, 2.10036910175e-06, 2.87810289592e-05, 0.000930148991756, 0.00164238037542, 0.000319891551044, 0.00146168214269, 0.00129689101595, 0.00202627968974, 0.000841780100018, 0.000503280025441, 0.00042174407281, 0.000378358090529, 7.30683022994e-05, 0.000950692978222, 0.000274894904578, 5.88273542235e-05, 3.22551750287e-05, 2.92508393613e-05, 2.47962452704e-05, 6.77546040606e-06, 1.36635162562e-06, 5.87708200328e-07, 2.02986058184e-07, 1.24680724412e-07, 4.71597765284e-08],
        "dmean2": [1.10539031084e-06, 3.27823727275e-06, 3.76063258045e-06, 4.6900830057e-05, 0.00159467384219, 0.00272591481917, 0.000544786860701, 0.00244150776416, 0.00208868412301, 0.00327432900667, 0.00151447323151, 0.000816797371954, 0.000729347986635, 0.00057177565759, 0.000121036748169, 0.00164321879856, 0.00050703092711, 0.000109445041744, 5.93419463257e-05, 5.50149343326e-05, 4.00472745241e-05, 1.30866619656e-05, 2.53839402831e-06, 1.08161407297e-06, 3.62220276884e-07, 2.14674770405e-07, 6.90977799422e-08],
        "dvar": [9.5857610044e-12, 5.08831657364e-11, 4.50285433939e-11, 4.26134061371e-09, 8.46432612889e-06, 2.45778937824e-05, 4.45218461209e-07, 1.34266274472e-05, 2.08229121199e-05, 5.97007638135e-05, 9.49247805693e-06, 2.08680921787e-06, 2.64870277533e-06, 5.31681007487e-06, 1.11208990461e-07, 6.85657578288e-05, 2.50449420491e-06, 1.13426715131e-07, 2.5012026228e-08, 2.85855019655e-08, 5.47019283204e-08, 3.57157770026e-09, 4.73802594381e-11, 8.89080909589e-12, 6.86903116852e-13, 4.00796827367e-13, 1.03091804028e-13],
        "dvar2": [1.79455963978e-11, 1.34273009378e-10, 1.23851998102e-10, 1.08127693466e-08, 2.28642711591e-05, 6.90318847774e-05, 1.14255033168e-06, 3.36791708833e-05, 5.18245469721e-05, 0.000144612218719, 2.77926956187e-05, 4.83658959638e-06, 6.95568223819e-06, 1.17807967399e-05, 2.80544014686e-07, 0.000190649749129, 7.34303011996e-06, 3.17747975487e-07, 6.93088750836e-08, 8.24780173048e-08, 1.2526479054e-07, 1.05030704134e-08, 1.3423516465e-10, 2.51102853788e-11, 1.78424831333e-12, 1.02226289499e-12, 1.36273791188e-13],
        "max": [3.55972770194e-05, 6.75705014146e-05, 8.29059645184e-05, 0.00061036250554, 0.0449354276061, 0.0522906519473, 0.00532400421798, 0.0481817349792, 0.066887691617, 0.107801772654, 0.0379805788398, 0.0211911313236, 0.0167868603021, 0.0391534864902, 0.00466977898031, 0.130892917514, 0.0188684631139, 0.00426098331809, 0.0019444875652, 0.00163366016932, 0.00372028863057, 0.000835959217511, 6.84001133777e-05, 3.61859856639e-05, 6.63614855512e-06, 7.66408629715e-06, 4.7522062232e-06],
        "mean": [6.80686184751e-07, 1.77859431005e-06, 1.89948752904e-06, 3.88475164073e-05, 0.00121007242706, 0.00201399577782, 0.000371437810827, 0.0030161254108, 0.00165081513114, 0.00185025099199, 0.000846419192385, 0.000652943097521, 0.000447255355539, 0.000335684162565, 6.18170597591e-05, 0.000704254664015, 0.000172337444383, 4.02096047765e-05, 2.24052273552e-05, 1.72980780917e-05, 1.84911768883e-05, 3.94298467654e-06, 8.36753315525e-07, 3.54640633304e-07, 1.38943107686e-07, 9.1275659031e-08, 7.73886057459e-08],
        "median": [4.18238670363e-08, 4.23796961968e-07, 5.25197492607e-07, 2.83541453427e-06, 0.000111477216706, 0.000223112336244, 3.91829235014e-05, 0.000141549055115, 0.000247811083682, 0.000148070132127, 4.80519556731e-05, 3.60518606612e-05, 2.85222795355e-05, 9.13823805604e-06, 2.78737820736e-06, 7.07773233444e-06, 4.71361590826e-06, 2.53078565038e-06, 1.66015934155e-06, 7.29162252355e-07, 2.93584093924e-07, 8.69014940008e-08, 1.3302218882e-08, 9.46887457332e-09, 1.06640909436e-08, 8.48791348318e-09, 2.8110530792e-08],
        "min": [2.4030344381e-10, 7.06046499044e-10, 9.67980806621e-09, 3.51930857789e-08, 5.80610503675e-07, 1.2235595932e-06, 4.61486450831e-07, 1.4749341517e-06, 5.16801605954e-07, 1.45602513157e-07, 2.40104697014e-07, 9.10359361228e-08, 4.19891875936e-07, 1.24296235526e-07, 4.04076594407e-08, 3.45985796457e-07, 3.83687762451e-07, 3.14379946076e-07, 1.81074909733e-07, 8.61482050141e-08, 3.32773630873e-08, 8.39571434597e-09, 3.38717803805e-10, 7.66377072914e-10, 5.91950877205e-10, 8.05487176958e-10, 4.4009698108e-09],
        "var": [1.04080433508e-11, 3.47373727005e-11, 3.02280769859e-11, 7.84793741104e-09, 1.83425618161e-05, 3.24031461787e-05, 5.75401088554e-07, 6.27283952781e-05, 2.26778265642e-05, 5.62243039894e-05, 6.48995865049e-06, 4.44327815785e-06, 2.12108034248e-06, 5.50870845473e-06, 9.53592191877e-08, 5.03033588757e-05, 1.36706023568e-06, 6.92332164931e-08, 1.57290909186e-08, 1.60124713489e-08, 4.70698537924e-08, 1.89354554259e-09, 2.76461891574e-11, 5.20794388517e-12, 4.47560554156e-13, 2.56680473317e-13, 9.68449970283e-14]
    },
    "erbbands": {
        "dmean": [6.24728636467e-05, 0.000431200547609, 0.0023682534229, 0.0418355800211, 0.354161262512, 2.9942855835, 13.3499708176, 11.4145622253, 4.33104658127, 13.9232358932, 29.6287269592, 31.2441539764, 58.5534858704, 49.4209022522, 27.8002166748, 17.6368179321, 18.6868877411, 19.3879508972, 8.06030654907, 41.9796218872, 20.7087364197, 16.274772644, 4.86367559433, 1.99174582958, 1.67037498951, 1.56214022636, 1.558411479, 0.319748699665, 0.16670268774, 0.203741297126, 0.038045655936, 0.0200297590345, 0.00614588754252, 0.00304271490313, 0.00117118330672, 0.000614372547716, 0.000214481551666, 4.74599000881e-05, 1.0827287042e-05, 1.0345780538e-05],
        "dmean2": [0.000107054424006, 0.000720803276636, 0.00412597786635, 0.0690461620688, 0.60523802042, 5.29923772812, 22.6881542206, 19.1414966583, 7.18042898178, 23.3337001801, 49.9298591614, 50.2289161682, 95.5321350098, 84.5333557129, 47.2643585205, 29.3645305634, 32.212852478, 29.7592792511, 12.4780893326, 73.5316772461, 35.5816955566, 29.8366413116, 9.11447906494, 3.6716196537, 3.10627293587, 2.92281270027, 2.4663643837, 0.566502451897, 0.317113399506, 0.393131136894, 0.0704920589924, 0.0372420735657, 0.0111673492938, 0.00548907136545, 0.00203944835812, 0.00108869932592, 0.000362502876669, 7.61794217397e-05, 1.66056343005e-05, 1.67991947819e-05],
        "dvar": [7.19626100931e-08, 2.01595253202e-06, 4.12583940488e-05, 0.008012550883, 0.815710186958, 93.9972763062, 1853.11791992, 1223.64978027, 83.4512252808, 879.194763184, 5711.99072266, 15887.6220703, 53698.8984375, 24025.4296875, 8114.4296875, 2025.57617188, 4941.42041016, 11224.7421875, 1581.95019531, 141842.015625, 18545.8085938, 9579.43554688, 889.190124512, 76.6935272217, 126.137763977, 84.751121521, 214.896591187, 4.19772815704, 0.920732915401, 4.00146818161, 0.0303688626736, 0.0110211111605, 0.000728785817046, 0.000188126330613, 2.00802260224e-05, 1.01641353467e-05, 9.23274512843e-07, 5.93746634081e-08, 2.36078712135e-09, 4.73691419423e-10],
        "dvar2": [1.89679326468e-07, 5.27401698491e-06, 0.000114197311632, 0.0207028947771, 1.93724036217, 255.889144897, 5240.38378906, 3508.67089844, 217.165725708, 2268.18188477, 15121.6416016, 40184.171875, 132969.875, 64457.3671875, 22678.7910156, 4997.97314453, 12758.3154297, 23880.984375, 3474.61914062, 396772.71875, 50172.8242188, 28164.5644531, 2585.22705078, 189.956359863, 367.086120605, 241.668930054, 504.118286133, 9.11182022095, 2.62034034729, 11.7975311279, 0.0846819132566, 0.0312576144934, 0.00204145954922, 0.000515667488798, 4.8324742238e-05, 2.72681663773e-05, 2.17403453462e-06, 1.09169938867e-07, 3.66820152031e-09, 1.22608845299e-09],
        "max": [0.00233145896345, 0.0133956251666, 0.0759799033403, 0.800667285919, 11.0209217072, 123.846763611, 518.807556152, 319.217559814, 78.3223266602, 423.162567139, 858.350280762, 1950.34680176, 3173.67626953, 1434.89855957, 968.607543945, 489.805023193, 758.890380859, 1827.75842285, 604.520751953, 5953.66601562, 2087.30883789, 1215.89611816, 375.532348633, 85.1538772583, 151.376831055, 106.90977478, 233.419692993, 30.2719478607, 12.2829027176, 28.0864810944, 1.81425380707, 1.30774009228, 0.246065124869, 0.133490175009, 0.0317437052727, 0.0397579781711, 0.0104397730902, 0.00293038133532, 0.00067801552359, 0.000198554058443],
        "mean": [5.18335182278e-05, 0.00045368305291, 0.00281202187762, 0.0593860708177, 0.437899261713, 3.85432457924, 18.1152820587, 13.5108680725, 5.05365610123, 27.8647098541, 56.52602005, 43.0120315552, 53.9444503784, 51.638343811, 33.3136062622, 22.1778774261, 19.8404140472, 17.7385807037, 7.47279977798, 31.1292114258, 16.3470211029, 10.3484735489, 3.16195082664, 1.51111447811, 1.06639099121, 0.925634026527, 1.12668657303, 0.24285620451, 0.106722153723, 0.111780829728, 0.023341121152, 0.0119182392955, 0.00380643620156, 0.00198409194127, 0.000841805769596, 0.000426571408752, 0.000165506629855, 4.43305943918e-05, 1.66564386745e-05, 1.70107723534e-05],
        "median": [1.05675208033e-05, 0.000142593038618, 0.000877838057932, 0.00691552273929, 0.0535088293254, 0.449264734983, 1.59070706367, 1.78416287899, 0.754088640213, 1.9936248064, 4.04829645157, 5.05849742889, 6.38691091537, 3.93088507652, 2.34455966949, 1.86463427544, 1.32713115215, 0.657659828663, 0.297604054213, 0.286315828562, 0.420388787985, 0.292940765619, 0.154338821769, 0.116277053952, 0.060139965266, 0.035458676517, 0.0160505138338, 0.00907517597079, 0.0036419343669, 0.000812166312244, 0.000381953665055, 0.000215352105442, 0.000159981049364, 0.000125778984511, 8.49483476486e-05, 4.59482434962e-05, 2.21761129069e-05, 9.08626952878e-06, 8.40662323753e-06, 4.17661885876e-06],
        "min": [3.40540225352e-07, 3.42420480592e-06, 1.54228600877e-05, 0.000184430988156, 0.000419968622737, 0.00171614717692, 0.00330923870206, 0.00925073679537, 0.012807758525, 0.0131783206016, 0.0316701345146, 0.0143309691921, 0.0105674192309, 0.0132088316604, 0.00617965171114, 0.00684680091217, 0.0197346657515, 0.008479565382, 0.00617681909353, 0.0105956196785, 0.0151455681771, 0.026150200516, 0.0236082263291, 0.0194677766412, 0.0080437855795, 0.00380428484641, 0.00141929788515, 0.00126860023011, 0.000429823965533, 7.90808771853e-05, 3.35633631039e-05, 2.31797384913e-05, 1.97620465769e-05, 1.52031270773e-05, 1.02332860479e-05, 4.41776001026e-06, 1.30283956423e-06, 1.11341239517e-06, 1.26576912862e-06, 4.14825905182e-07],
        "var": [4.77167425572e-08, 1.51426650064e-06, 3.4615273762e-05, 0.0148391164839, 0.989150226116, 140.500930786, 3408.78808594, 1394.75231934, 100.189674377, 4637.05908203, 18636.0097656, 17932.9609375, 50362.5390625, 20688.90625, 8425.32324219, 3322.66333008, 4026.40625, 12633.3466797, 1614.828125, 102095.0625, 14671.9785156, 5194.74169922, 493.188903809, 59.5859069824, 69.5489273071, 48.9440879822, 179.059036255, 3.85758137703, 0.530543327332, 2.10858750343, 0.0183809567243, 0.00640883529559, 0.000429221108789, 0.00011449088197, 1.43330753417e-05, 6.16894249106e-06, 6.45566217372e-07, 4.8402753805e-08, 2.23864038418e-09, 6.6360739126e-10]
    },
    "gfcc": {
        "mean": [-215.674911499, 145.004226685, -169.26550293, -48.3391532898, -59.4952163696, -44.9489898682, -28.6937122345, -11.6472177505, -25.5181941986, -14.2611675262, -15.11485672, -3.76794815063, -0.75884449482],
        "cov": [[6095.56982422, 1064.52209473, -1092.89343262, -962.535339355, -269.814758301, 241.403656006, -173.314804077, -269.962677002, 57.1712341309, -224.137298584, 43.2195663452, -194.771942139, 82.734664917], [1064.52209473, 2088.84912109, -323.338104248, -1125.87731934, 60.271938324, -359.753356934, -85.1286315918, -376.867584229, -162.194854736, -227.937744141, 158.076370239, -167.66003418, 69.2920150757], [-1092.89343262, -323.338104248, 818.096435547, 432.809509277, -147.31060791, -87.2548599243, 41.3576698303, 67.6854934692, -46.8489341736, 77.3304290771, -9.46109199524, 81.1183013916, -24.4435958862], [-962.535339355, -1125.87731934, 432.809509277, 934.060180664, 0.830275714397, 88.7426071167, 21.986038208, 214.526641846, 69.040435791, 141.413970947, -71.6329269409, 139.128814697, -12.2577838898], [-269.814758301, 60.271938324, -147.31060791, 0.830275714397, 250.061508179, 4.48750638962, -14.1195144653, -13.632601738, 25.2025775909, 18.1665916443, -5.31269979477, -18.6033210754, 5.40053796768], [241.403656006, -359.753356934, -87.2548599243, 88.7426071167, 4.48750638962, 267.781616211, 46.7481079102, 44.5971641541, 56.6523323059, 60.0067672729, -22.2726287842, -17.2213497162, -61.4077415466], [-173.314804077, -85.1286315918, 41.3576698303, 21.986038208, -14.1195144653, 46.7481079102, 134.754074097, 81.3052444458, 9.22810935974, 14.1221342087, 2.14569401741, -7.12523555756, -17.3552379608], [-269.962677002, -376.867584229, 67.6854934692, 214.526641846, -13.632601738, 44.5971641541, 81.3052444458, 185.864761353, 61.2112808228, 18.5750751495, -39.6177177429, 42.1933364868, 3.8742389679], [57.1712341309, -162.194854736, -46.8489341736, 69.040435791, 25.2025775909, 56.6523323059, 9.22810935974, 61.2112808228, 103.085456848, 38.7386169434, -28.51404953, -7.77758455276, 6.85422182083], [-224.137298584, -227.937744141, 77.3304290771, 141.413970947, 18.1665916443, 60.0067672729, 14.1221342087, 18.5750751495, 38.7386169434, 120.847633362, 13.0102310181, -15.9138622284, -62.3845977783], [43.2195663452, 158.076370239, -9.46109199524, -71.6329269409, -5.31269979477, -22.2726287842, 2.14569401741, -39.6177177429, -28.51404953, 13.0102310181, 85.1699905396, 16.2428417206, -10.2720508575], [-194.771942139, -167.66003418, 81.1183013916, 139.128814697, -18.6033210754, -17.2213497162, -7.12523555756, 42.1933364868, -7.77758455276, -15.9138622284, 16.2428417206, 117.998397827, 64.9872817993], [82.734664917, 69.2920150757, -24.4435958862, -12.2577838898, 5.40053796768, -61.4077415466, -17.3552379608, 3.8742389679, 6.85422182083, -62.3845977783, -10.2720508575, 64.9872817993, 155.09614563]],
        "icov": [[0.000369445479009, -0.000320615246892, 0.000470697239507, -0.000255865219515, 0.000836108345538, -0.000677431409713, 0.000498398789205, -4.94441665069e-05, -0.000240377165028, 0.000217055494431, -0.000151784683112, 0.000430703279562, -0.000332794297719], [-0.000320615246892, 0.00397486798465, -0.00150362052955, 0.00293210195377, -0.00217905314639, 0.0030051516369, -0.000893456570338, 0.00257796631195, -0.00139998574741, 0.00413842732087, -0.00480349780992, 0.00317970360629, -0.000432710454334], [0.000470697239507, -0.00150362052955, 0.00351801980287, -0.0022458084859, 0.00291773187928, 1.81104569492e-05, -0.000820300832856, 0.000288474926492, 0.00124181760475, -0.00271085067652, 0.00257383636199, -0.00163017050363, 0.000312470103381], [-0.000255865219515, 0.00293210195377, -0.0022458084859, 0.00561584345996, -0.00240311329253, 0.00151261489373, 0.00122235692106, -0.00118053215556, 0.000284034089418, -0.000651570735499, -0.000846393988468, -0.000828386575449, -0.000218330795178], [0.000836108345538, -0.00217905314639, 0.00291773187928, -0.00240311329253, 0.00750559009612, -0.001521976199, 0.000625174900051, 6.33866220596e-05, -0.000411651562899, -0.00262130796909, 0.00219537643716, -0.00013702645083, -0.000831508077681], [-0.000677431409713, 0.0030051516369, 1.81104569492e-05, 0.00151261489373, -0.001521976199, 0.00917114596814, -0.00462852511555, 0.00423267204314, -0.003281845944, 0.00071811187081, -0.000187784462469, -0.0011400267249, 0.00310079450719], [0.000498398789205, -0.000893456570338, -0.000820300832856, 0.00122235692106, 0.000625174900051, -0.00462852511555, 0.0160830318928, -0.0117485495284, 0.00516111543402, -0.00165370060131, -0.00420717010275, 0.00575358327478, -0.00324329198338], [-4.94441665069e-05, 0.00257796631195, 0.000288474926492, -0.00118053215556, 6.33866220596e-05, 0.00423267204314, -0.0117485495284, 0.0202725622803, -0.0110959168524, 0.00697105098516, 0.00176193786319, -0.00486297206953, 0.00412805844098], [-0.000240377165028, -0.00139998574741, 0.00124181760475, 0.000284034089418, -0.000411651562899, -0.003281845944, 0.00516111543402, -0.0110959168524, 0.0225301664323, -0.0119557585567, 0.00505303638056, 0.00266793416813, -0.00604640552774], [0.000217055494431, 0.00413842732087, -0.00271085067652, -0.000651570735499, -0.00262130796909, 0.00071811187081, -0.00165370060131, 0.00697105098516, -0.0119557585567, 0.026946650818, -0.0145005509257, 0.00834159553051, 0.00448453379795], [-0.000151784683112, -0.00480349780992, 0.00257383636199, -0.000846393988468, 0.00219537643716, -0.000187784462469, -0.00420717010275, 0.00176193786319, 0.00505303638056, -0.0145005509257, 0.0289694238454, -0.0166279263794, 0.00473025301471], [0.000430703279562, 0.00317970360629, -0.00163017050363, -0.000828386575449, -0.00013702645083, -0.0011400267249, 0.00575358327478, -0.00486297206953, 0.00266793416813, 0.00834159553051, -0.0166279263794, 0.0273306034505, -0.0109698344022], [-0.000332794297719, -0.000432710454334, 0.000312470103381, -0.000218330795178, -0.000831508077681, 0.00310079450719, -0.00324329198338, 0.00412805844098, -0.00604640552774, 0.00448453379795, 0.00473025301471, -0.0109698344022, 0.014621892944]]
    },
    "melbands": {
        "dmean": [5.67362860693e-07, 8.45174099595e-07, 1.37828765219e-05, 8.71037846082e-05, 0.00040524432552, 0.000265493523329, 6.41025035293e-05, 0.00020478850638, 0.000229483412113, 0.00020246297936, 0.000296414655168, 0.000211809616303, 0.000105097533378, 6.48115528747e-05, 4.43186072516e-05, 3.52959359589e-05, 3.94865419366e-05, 1.63704116858e-05, 1.40820675369e-05, 9.28708468564e-05, 1.00120532807e-05, 1.81058876478e-05, 8.30726821732e-06, 2.34993694903e-06, 1.51769211243e-06, 1.26051372717e-06, 1.09799259462e-06, 1.01511352568e-06, 9.0284407861e-07, 5.80103687753e-07, 8.77207710914e-08, 6.100283656e-08, 2.03161008017e-07, 6.48925180258e-08, 2.08615542618e-08, 1.37070488293e-08, 1.20766667777e-08, 3.79396647432e-09, 2.76428568924e-09, 2.55960674878e-09],
        "dmean2": [9.49008438056e-07, 1.46421359659e-06, 2.33022292377e-05, 0.000151411513798, 0.000692542816978, 0.000438588001998, 0.000107823565486, 0.000336876051733, 0.000383575679734, 0.000324599241139, 0.000483541807625, 0.00036214562715, 0.000185191922355, 0.000104531143734, 7.47026133467e-05, 6.17651749053e-05, 6.09803282714e-05, 2.63955389528e-05, 2.45507089858e-05, 0.000160250958288, 1.78744521691e-05, 3.31629453285e-05, 1.56890055223e-05, 4.41416113972e-06, 2.78663810604e-06, 2.34569279201e-06, 2.09439713217e-06, 1.91932258531e-06, 1.48261301547e-06, 1.00461011243e-06, 1.58318513854e-07, 1.15995248962e-07, 3.95157940147e-07, 1.24326533069e-07, 3.91668848465e-08, 2.53452245857e-08, 2.25731646708e-08, 6.85278322976e-09, 4.97566610136e-09, 4.67094141143e-09],
        "dvar": [5.02222178775e-12, 6.75471484302e-12, 9.15761633191e-10, 9.59032462333e-08, 1.55783118316e-06, 6.47322735858e-07, 1.82613852928e-08, 2.20416907837e-07, 3.05710045723e-07, 6.57605198739e-07, 1.48024651025e-06, 4.49532450375e-07, 1.32866915692e-07, 4.08068459024e-08, 1.53221630939e-08, 2.28324434914e-08, 5.52685470723e-08, 8.42556602265e-09, 9.93468951549e-09, 7.07001106548e-07, 2.2653749987e-09, 1.14059179879e-08, 3.03652147871e-09, 1.65310445888e-10, 4.16126404168e-11, 4.71462417717e-11, 7.64272464759e-11, 4.76926345638e-11, 7.42416614297e-11, 3.03078430408e-11, 1.32172850681e-13, 7.08262523066e-14, 4.87306939592e-12, 2.56438831758e-13, 1.21740860665e-14, 4.07784657753e-15, 7.0509838914e-15, 3.2935671779e-16, 1.60583391346e-16, 1.7871918731e-16],
        "dvar2": [1.29168559529e-11, 1.78168573645e-11, 2.37867348041e-09, 2.54496399066e-07, 4.36581558461e-06, 1.84934344816e-06, 4.72486192393e-08, 5.31257626335e-07, 8.19938520635e-07, 1.66029201409e-06, 3.63747972187e-06, 1.16856688237e-06, 3.82397928433e-07, 9.36042283683e-08, 3.72156172546e-08, 6.09237176263e-08, 1.20826541661e-07, 2.00564596042e-08, 2.75657789928e-08, 1.95875236386e-06, 6.34316199566e-09, 3.34097727261e-08, 8.95809559864e-09, 4.53893228558e-10, 9.91772358683e-11, 1.35403896429e-10, 2.24929783132e-10, 1.37551151025e-10, 1.81132636667e-10, 6.42430830755e-11, 3.5064507721e-13, 1.83634452588e-13, 1.43941837616e-11, 7.50824858016e-13, 3.43492493834e-14, 1.16228810701e-14, 2.02774283502e-14, 9.30198241906e-16, 4.46364446226e-16, 4.96826116421e-16],
        "max": [1.99759888346e-05, 2.92033091682e-05, 0.00024281340302, 0.00456901080906, 0.0162703767419, 0.00749706057832, 0.00114184967242, 0.00731491157785, 0.00614460231736, 0.0123894885182, 0.0169339627028, 0.00557581707835, 0.00435842806473, 0.00305003649555, 0.00118947704323, 0.00157083373051, 0.00404928578064, 0.00132419983856, 0.00151268253103, 0.013390568085, 0.000633638468571, 0.0013300164137, 0.000610844697803, 0.000153423752636, 6.73001777614e-05, 8.77558777574e-05, 0.000119370655739, 8.58779239934e-05, 0.000136534246849, 8.56078913785e-05, 2.68420785687e-06, 2.01708462555e-06, 3.11321091431e-05, 6.85629220243e-06, 1.29789179937e-06, 5.96057759594e-07, 1.17235401831e-06, 2.03167260793e-07, 1.29947352434e-07, 1.64890565202e-07],
        "mean": [5.0363473747e-07, 8.3206208501e-07, 1.77008660103e-05, 0.000104027261841, 0.000560278596822, 0.000313868746161, 7.11123211659e-05, 0.000445723620942, 0.00041415009764, 0.000259479013039, 0.000265203037998, 0.000215292559005, 0.000114825699711, 8.38029154693e-05, 5.08018274559e-05, 3.36421690008e-05, 3.49422189174e-05, 1.39133753692e-05, 1.11568951979e-05, 6.84756232658e-05, 7.74885393184e-06, 1.14529793791e-05, 5.04246008859e-06, 1.6628581534e-06, 1.16495982638e-06, 8.09947437119e-07, 6.72412738822e-07, 5.85365512507e-07, 6.28733857866e-07, 4.69111654411e-07, 6.13651280901e-08, 4.35536726684e-08, 1.09384487246e-07, 3.66487995507e-08, 1.29705473029e-08, 8.29329227514e-09, 7.0618462189e-09, 2.39450925754e-09, 1.76650960526e-09, 1.66069213936e-09],
        "median": [1.04374947796e-07, 2.69807713948e-07, 1.73999899289e-06, 9.78440402832e-06, 5.93627701164e-05, 3.72410322598e-05, 7.57726684242e-06, 2.44384773396e-05, 2.93660104944e-05, 3.07593036268e-05, 3.05640714942e-05, 1.5297497157e-05, 6.39735571895e-06, 4.06807384934e-06, 4.40416715719e-06, 2.13830549001e-06, 9.03793932139e-07, 4.108638052e-07, 2.20110067062e-07, 3.64115777529e-07, 3.74515252588e-07, 2.94801964174e-07, 1.76076000002e-07, 1.1624918983e-07, 8.95644447496e-08, 5.83936632381e-08, 2.92441466598e-08, 2.02698089424e-08, 1.03542427965e-08, 6.55134790861e-09, 4.59618654247e-09, 2.36525110608e-09, 7.42606087734e-10, 2.73087052971e-10, 2.08217373898e-10, 1.57362414765e-10, 1.09362720269e-10, 1.03343666957e-10, 8.95655077882e-11, 9.92712440029e-11],
        "min": [2.73030625886e-10, 6.16155215738e-09, 3.48766953095e-08, 5.75944127945e-08, 1.35925560585e-07, 2.53004117212e-07, 1.75606189146e-07, 2.09490835346e-07, 2.19234507881e-07, 7.94202605903e-08, 5.24726964102e-08, 3.36361019038e-08, 2.5774276935e-08, 1.60326667498e-08, 2.7927050894e-08, 3.58981644411e-08, 9.65008695175e-09, 1.03933039952e-08, 4.21015222685e-09, 2.67029900414e-08, 1.36893438807e-08, 2.26657412838e-08, 1.7186739143e-08, 1.37944136114e-08, 1.18902416801e-08, 4.80101336464e-09, 3.8442857786e-09, 1.93955762562e-09, 5.45659628592e-10, 6.89027335188e-10, 6.30891117126e-10, 2.4083454675e-10, 4.99205746185e-11, 2.62650092647e-11, 4.04973190399e-12, 9.41676250865e-12, 7.59841061598e-12, 9.18981817727e-12, 6.54995155336e-12, 7.08492639556e-12],
        "var": [3.50461543466e-12, 4.92610379571e-12, 1.43596035063e-09, 9.69198907796e-08, 3.06986339638e-06, 7.51934067011e-07, 2.13814708161e-08, 1.36687663144e-06, 8.90061414793e-07, 6.97562882124e-07, 1.38573648201e-06, 3.97395126583e-07, 1.04940383494e-07, 8.68923493158e-08, 1.58112296589e-08, 1.76593051293e-08, 5.9103783201e-08, 7.37673122586e-09, 7.17239512227e-09, 5.23984112988e-07, 1.45924639039e-09, 6.2643898957e-09, 1.61288471467e-09, 1.05179046028e-10, 3.43534124758e-11, 2.70848846823e-11, 4.0620607572e-11, 2.67459422665e-11, 5.83230061468e-11, 2.85686977547e-11, 9.098689006e-14, 4.98441450603e-14, 2.55496990752e-12, 1.37572245262e-13, 7.15410718811e-15, 2.34068279963e-15, 3.96950259324e-15, 1.8974018445e-16, 9.45212006775e-17, 1.06363574931e-16]
    },
    "mfcc": {
        "mean": [-840.608764648, 178.821685791, -46.4157600403, -21.3811378479, -25.6804866791, -36.4156684875, -15.1221523285, -10.2860555649, -11.2100305557, -14.7079563141, -11.5309381485, -5.71651697159, -9.67067241669],
        "cov": [[5787.42089844, 1739.30114746, -1419.58886719, -868.233947754, -442.183441162, 81.0981750488, -219.273025513, -157.516387939, -130.259155273, -66.2338409424, -253.733184814, -171.629455566, 31.8952693939], [1739.30114746, 2026.78344727, -396.41619873, -874.056152344, -198.549575806, -206.802124023, -98.6950531006, -226.054931641, -294.949981689, -216.253433228, -184.316772461, -133.685913086, -37.471408844], [-1419.58886719, -396.41619873, 758.778625488, 399.668365479, 3.03999185562, -64.5681152344, 45.3155975342, 29.3205738068, -11.4818162918, -15.7072277069, 58.319858551, 21.5539741516, -23.8600692749], [-868.233947754, -874.056152344, 399.668365479, 715.611450195, 100.178543091, 15.0967121124, 39.7178001404, 72.1178741455, 134.357666016, 60.5545692444, 76.2973098755, 53.6199150085, -24.5031394958], [-442.183441162, -198.549575806, 3.03999185562, 100.178543091, 206.77255249, 53.0359535217, -3.42876935005, 5.32257843018, 26.6114463806, 16.7789974213, -0.6926882267, 20.4333992004, 31.4609088898], [81.0981750488, -206.802124023, -64.5681152344, 15.0967121124, 53.0359535217, 193.832305908, 41.2100563049, -24.0740261078, 40.4509315491, 65.3520507812, 40.8438873291, 25.9869174957, 46.4491996765], [-219.273025513, -98.6950531006, 45.3155975342, 39.7178001404, -3.42876935005, 41.2100563049, 108.46913147, 38.6421928406, 7.36981201172, 23.5743198395, 45.2721824646, 32.6260757446, 17.061706543], [-157.516387939, -226.054931641, 29.3205738068, 72.1178741455, 5.32257843018, -24.0740261078, 38.6421928406, 151.093643188, 80.6012573242, 13.5949935913, 3.97425365448, 10.709405899, 18.5550231934], [-130.259155273, -294.949981689, -11.4818162918, 134.357666016, 26.6114463806, 40.4509315491, 7.36981201172, 80.6012573242, 177.973953247, 92.5036697388, 14.2034721375, 3.06854701042, 6.95397520065], [-66.2338409424, -216.253433228, -15.7072277069, 60.5545692444, 16.7789974213, 65.3520507812, 23.5743198395, 13.5949935913, 92.5036697388, 139.668945312, 75.2856292725, 7.84847307205, -1.06840288639], [-253.733184814, -184.316772461, 58.319858551, 76.2973098755, -0.6926882267, 40.8438873291, 45.2721824646, 3.97425365448, 14.2034721375, 75.2856292725, 137.714096069, 62.4098358154, -23.3017272949], [-171.629455566, -133.685913086, 21.5539741516, 53.6199150085, 20.4333992004, 25.9869174957, 32.6260757446, 10.709405899, 3.06854701042, 7.84847307205, 62.4098358154, 97.412940979, 39.4662399292], [31.8952693939, -37.471408844, -23.8600692749, -24.5031394958, 31.4609088898, 46.4491996765, 17.061706543, 18.5550231934, 6.95397520065, -1.06840288639, -23.3017272949, 39.4662399292, 133.406555176]],
