{
"lowlevel": {
    "average_loudness": 0.972106635571,
    "barkbands_crest": {
        "dmean": 0.674452960491,
        "dmean2": 1.02802026272,
        "dvar": 0.455356478691,
        "dvar2": 0.742080450058,
        "max": 17.250371933,
        "mean": 14.5933618546,
        "median": 14.5989732742,
        "min": 11.4836187363,
        "var": 1.9159309864
    },
    "barkbands_flatness_db": {
        "dmean": 0.0123666217551,
        "dmean2": 0.0179621018469,
        "dvar": 0.00059752445668,
        "dvar2": 0.000635261880234,
        "max": 0.42433950305,
        "mean": 0.388955056667,
        "median": 0.395821928978,
        "min": 0.173160478473,
        "var": 0.000959603581578
    },
    "barkbands_kurtosis": {
        "dmean": 1.21220219135,
        "dmean2": 1.42678821087,
        "dvar": 3.24115896225,
        "dvar2": 3.62095546722,
        "max": 20.0864925385,
        "mean": 5.34579753876,
        "median": 4.85679864883,
        "min": 1.10373687744,
        "var": 9.80330085754
    },
    "barkbands_skewness": {
        "dmean": 0.161399915814,
        "dmean2": 0.232810154557,
        "dvar": 0.0832287371159,
        "dvar2": 0.0919903963804,
        "max": 2.93271327019,
        "mean": 0.525877952576,
        "median": 0.522419452667,
        "min": -0.517588734627,
        "var": 0.168153613806
    },
    "barkbands_spread": {
        "dmean": 0.149806782603,
        "dmean2": 0.163725793362,
        "dvar": 0.0643320009112,
        "dvar2": 0.0760529786348,
        "max": 3.98727202415,
        "mean": 1.61310970783,
        "median": 1.58571064472,
        "min": 1.12660932541,
        "var": 0.107128985226
    },
    "dissonance": {
        "dmean": 0.0216612182558,
        "dmean2": 0.0351061224937,
        "dvar": 0.000636312761344,
        "dvar2": 0.00111678568646,
        "max": 0.403034776449,
        "mean": 0.313956081867,
        "median": 0.315099835396,
        "min": 0.223031938076,
        "var": 0.000674128066748
    },
    "dynamic_complexity": 0.373608410358,
    "erbbands_crest": {
        "dmean": 0.763865053654,
        "dmean2": 0.904818415642,
        "dvar": 0.357614696026,
        "dvar2": 0.610069990158,
        "max": 17.4607105255,
        "mean": 13.5274524689,
        "median": 13.5091190338,
        "min": 9.53466033936,
        "var": 2.274715662
    },
    "erbbands_flatness_db": {
        "dmean": 0.00906204618514,
        "dmean2": 0.0134707679972,
        "dvar": 0.00052098283777,
        "dvar2": 0.000595592486206,
        "max": 0.43742197752,
        "mean": 0.406354933977,
        "median": 0.41375425458,
        "min": 0.204359397292,
        "var": 0.000810783822089
    },
    "erbbands_kurtosis": {
        "dmean": 1.8001074791,
        "dmean2": 2.28972530365,
        "dvar": 2.25073218346,
        "dvar2": 3.97059822083,
        "max": 19.0827522278,
        "mean": 10.2940444946,
        "median": 9.77116394043,
        "min": 3.72062587738,
        "var": 18.7270298004
    },
    "erbbands_skewness": {
        "dmean": 0.207008257508,
        "dmean2": 0.261403650045,
        "dvar": 0.0369757004082,
        "dvar2": 0.0625624209642,
        "max": 2.48024559021,
        "mean": 1.30728244781,
        "median": 1.28492832184,
        "min": 0.242042407393,
        "var": 0.271428376436
    },
    "erbbands_spread": {
        "dmean": 0.359617352486,
        "dmean2": 0.494008690119,
        "dvar": 0.54604780674,
        "dvar2": 0.633795917034,
        "max": 10.244638443,
        "mean": 3.19885420799,
        "median": 3.05929923058,
        "min": 2.56153345108,
        "var": 0.7474437356
    },
    "hfc": {
        "dmean": 1.52710914612,
        "dmean2": 2.09244775772,
        "dvar": 5.97495317459,
        "dvar2": 6.63677215576,
        "max": 28.8036327362,
        "mean": 19.8230953217,
        "median": 19.5783233643,
        "min": 0.677434444427,
        "var": 12.0688972473
    },
    "melbands_crest": {
        "dmean": 0.684287071228,
        "dmean2": 1.06824231148,
        "dvar": 0.470395535231,
        "dvar2": 0.788638412952,
        "max": 18.2287635803,
        "mean": 15.3916091919,
        "median": 15.3337993622,
        "min": 12.4299669266,
        "var": 1.63027381897
    },
    "melbands_flatness_db": {
        "dmean": 0.0116710970178,
        "dmean2": 0.01788565889,
        "dvar": 0.000644791987725,
        "dvar2": 0.000763058604207,
        "max": 0.505567491055,
        "mean": 0.475983381271,
        "median": 0.484326034784,
        "min": 0.259077042341,
        "var": 0.000922930543311
    },
    "melbands_kurtosis": {
        "dmean": 0.722180783749,
        "dmean2": 0.944260179996,
        "dvar": 1.15257811546,
        "dvar2": 1.41766273975,
        "max": 11.9604969025,
        "mean": 3.13440418243,
        "median": 2.80163908005,
        "min": 0.763349294662,
        "var": 2.78455853462
    },
    "melbands_skewness": {
        "dmean": 0.125993788242,
        "dmean2": 0.190103009343,
        "dvar": 0.0310504361987,
        "dvar2": 0.0418139696121,
        "max": 1.52117681503,
        "mean": 0.173918113112,
        "median": 0.156397819519,
        "min": -0.528194606304,
        "var": 0.0797864496708
    },
    "melbands_spread": {
        "dmean": 0.182535886765,
        "dmean2": 0.211829274893,
        "dvar": 0.0647330954671,
        "dvar2": 0.0794225409627,
        "max": 5.33004760742,
        "mean": 2.74242901802,
        "median": 2.67802119255,
        "min": 1.90143275261,
        "var": 0.215128138661
    },
    "pitch_salience": {
        "dmean": 0.0348338410258,
        "dmean2": 0.0421273261309,
        "dvar": 0.0017814130988,
        "dvar2": 0.00235359161161,
        "max": 0.885292410851,
        "mean": 0.602773547173,
        "median": 0.609683871269,
        "min": 0.486279547215,
        "var": 0.00475660525262
    },
    "silence_rate_20dB": {
        "dmean": 0,
        "dmean2": 0,
        "dvar": 0,
        "dvar2": 0,
        "max": 1,
        "mean": 1,
        "median": 1,
        "min": 1,
        "var": 0
    },
    "silence_rate_30dB": {
        "dmean": 0,
        "dmean2": 0,
        "dvar": 0,
        "dvar2": 0,
        "max": 1,
        "mean": 1,
        "median": 1,
        "min": 1,
        "var": 0
    },
    "silence_rate_60dB": {
        "dmean": 0,
        "dmean2": 0,
        "dvar": 0,
        "dvar2": 0,
        "max": 0,
        "mean": 0,
        "median": 0,
        "min": 0,
        "var": 0
    },
    "spectral_centroid": {
        "dmean": 8.158162117,
        "dmean2": 10.3219127655,
        "dvar": 135.815826416,
        "dvar2": 161.023025513,
        "max": 533.654296875,
        "mean": 438.494506836,
        "median": 435.92489624,
        "min": 402.934417725,
        "var": 396.016967773
    },
    "spectral_complexity": {
        "dmean": 0.933333337307,
        "dmean2": 1.5505617857,
        "dvar": 1.32888913155,
        "dvar2": 2.60699367523,
        "max": 12,
        "mean": 8.34065914154,
        "median": 8,
        "min": 1,
        "var": 2.62021279335
    },
    "spectral_decrease": {
        "dmean": 8.8881441096e-10,
        "dmean2": 1.23698173926e-09,
        "dvar": 2.32314047267e-18,
        "dvar2": 2.40974152651e-18,
        "max": -3.86360970994e-10,
        "mean": -1.1674677225e-08,
        "median": -1.16057305988e-08,
        "min": -1.54262966845e-08,
        "var": 3.48425100338e-18
    },
    "spectral_energy": {
        "dmean": 0.00348628987558,
        "dmean2": 0.00485529005527,
        "dvar": 3.56887358066e-05,
        "dvar2": 3.70678571926e-05,
        "max": 0.0608223974705,
        "mean": 0.0458607897162,
        "median": 0.0455696582794,
        "min": 0.00151965511031,
        "var": 5.40108449059e-05
    },
    "spectral_energyband_high": {
        "dmean": 1.48184631144e-06,
        "dmean2": 1.75046704953e-06,
        "dvar": 9.81053571714e-11,
        "dvar2": 9.96414964427e-11,
        "max": 9.53630878939e-05,
        "mean": 2.86132808469e-06,
        "median": 1.71364843027e-06,
        "min": 1.78938904583e-07,
        "var": 9.59128054756e-11
    },
    "spectral_energyband_low": {
        "dmean": 2.79084451904e-05,
        "dmean2": 3.78655895474e-05,
        "dvar": 2.76948086686e-09,
        "dvar2": 4.02924849041e-09,
        "max": 0.000491181155667,
        "mean": 9.90389889921e-05,
        "median": 8.62469241838e-05,
        "min": 7.18125920685e-06,
        "var": 6.54867848837e-09
    },
    "spectral_energyband_middle_high": {
        "dmean": 0.000132573855808,
        "dmean2": 0.000196179244085,
        "dvar": 2.59130121805e-08,
        "dvar2": 5.61764998963e-08,
        "max": 0.00198553805239,
        "mean": 0.000599247170612,
        "median": 0.000460919138277,
        "min": 2.13572529901e-05,
        "var": 1.49547716433e-07
    },
    "spectral_energyband_middle_low": {
        "dmean": 0.0034816514235,
        "dmean2": 0.00482026534155,
        "dvar": 3.54563198925e-05,
        "dvar2": 3.69547415175e-05,
        "max": 0.059496473521,
        "mean": 0.0452580228448,
        "median": 0.0451092906296,
        "min": 0.00145898200572,
        "var": 5.26416115463e-05
    },
    "spectral_entropy": {
        "dmean": 0.110836751759,
        "dmean2": 0.157965302467,
        "dvar": 0.0436699166894,
        "dvar2": 0.0472367331386,
        "max": 7.12863731384,
        "mean": 5.45199966431,
        "median": 5.38511705399,
        "min": 5.16296958923,
        "var": 0.0758121311665
    },
    "spectral_flux": {
        "dmean": 0.00983037240803,
        "dmean2": 0.0137304393575,
        "dvar": 0.000405411585234,
        "dvar2": 0.000413084053434,
        "max": 0.204905539751,
        "mean": 0.0314788594842,
        "median": 0.025645583868,
        "min": 0.0126190353185,
        "var": 0.00067989481613
    },
    "spectral_kurtosis": {
        "dmean": 20.4294719696,
        "dmean2": 34.8016281128,
        "dvar": 335.128875732,
        "dvar2": 826.799682617,
        "max": 134.246124268,
        "mean": 60.8015327454,
        "median": 58.8629226685,
        "min": 8.71835422516,
        "var": 804.194702148
    },
    "spectral_rms": {
        "dmean": 0.000278857158264,
        "dmean2": 0.000377372489311,
        "dvar": 4.23501489877e-07,
        "dvar2": 4.25240813229e-07,
        "max": 0.00770317623392,
        "mean": 0.00665151700377,
        "median": 0.00666769873351,
        "min": 0.00121761672199,
        "var": 4.99554232647e-07
    },
    "spectral_rolloff": {
        "dmean": 17.2265625,
        "dmean2": 28.3076934814,
        "dvar": 579.083251953,
        "dvar2": 954.402282715,
        "max": 624.462890625,
        "mean": 520.582824707,
        "median": 538.330078125,
        "min": 473.73046875,
        "var": 1952.47888184
    },
    "spectral_skewness": {
        "dmean": 1.1771273613,
        "dmean2": 1.9988540411,
        "dvar": 0.937274515629,
        "dvar2": 2.58848667145,
        "max": 9.21401977539,
        "mean": 5.63474941254,
        "median": 5.62294578552,
        "min": 2.53556656837,
        "var": 2.1260638237
    },
    "spectral_spread": {
        "dmean": 377082.1875,
        "dmean2": 497749.75,
        "dvar": 1.30605763789e+12,
        "dvar2": 745334571008,
        "max": 14859013,
        "mean": 1359207.875,
        "median": 1143841.75,
        "min": 585792.875,
        "var": 2.30837977088e+12
    },
    "spectral_strongpeak": {
        "dmean": 0.284016132355,
        "dmean2": 0.460776984692,
        "dvar": 0.228728234768,
        "dvar2": 0.488232344389,
        "max": 3.43786454201,
        "mean": 2.55233240128,
        "median": 2.90372872353,
        "min": 0.0422376096249,
        "var": 0.409199088812
    },
    "zerocrossingrate": {
        "dmean": 0.00113389757462,
        "dmean2": 0.00133317243308,
        "dvar": 3.19389732795e-06,
        "dvar2": 2.90797697744e-06,
        "max": 0.0263671875,
        "mean": 0.0207868311554,
        "median": 0.02099609375,
        "min": 0.00390625,
        "var": 7.63014577387e-06
    },
    "barkbands": {
        "dmean": [5.34429659638e-07, 3.18252591569e-06, 2.74569538306e-06, 0.000156494643306, 0.00122489489149, 0.000196914290427, 0.00207073730417, 0.00107004831079, 0.00111459044274, 8.06767202448e-05, 6.55488620396e-05, 2.90423813567e-05, 1.50397172547e-05, 6.80421953803e-06, 1.99499800146e-06, 2.08776350519e-06, 3.64496918337e-06, 1.18049956654e-06, 1.14704425869e-06, 6.01084138907e-07, 4.50568393262e-07, 2.39008244307e-07, 1.50908931573e-07, 1.34296854526e-07, 1.26664019717e-07, 1.28874091843e-07, 1.50845465896e-07],
        "dmean2": [6.16741658632e-07, 4.98883355249e-06, 4.42158261649e-06, 0.000159042101586, 0.00187089096289, 0.00031715084333, 0.00254951231182, 0.00182673474774, 0.000880594016053, 0.000134095025714, 0.00010413081327, 4.87868310302e-05, 2.5156288757e-05, 1.11857007141e-05, 3.10538530357e-06, 3.06197534883e-06, 5.72049202674e-06, 1.77161462034e-06, 1.51874428411e-06, 8.81533935626e-07, 6.33355170976e-07, 2.96107174336e-07, 1.64161050975e-07, 1.40595091125e-07, 1.3285242062e-07, 1.34863029189e-07, 1.68749835439e-07],
        "dvar": [1.01265627828e-11, 3.24497685666e-11, 1.77724883421e-11, 1.00675180192e-07, 1.83018562439e-06, 4.50784582995e-08, 1.30769749376e-05, 1.75964328264e-06, 5.94711650592e-07, 9.66932045543e-09, 6.34882546535e-09, 6.51738529811e-09, 9.49641143499e-10, 1.03136658935e-10, 1.58078879847e-11, 1.79308304316e-11, 2.24272631716e-11, 9.75187899183e-12, 7.32749191185e-12, 3.67881333035e-12, 3.0044740567e-12, 2.22593449749e-12, 1.57311772116e-12, 1.4014346324e-12, 1.26224931115e-12, 1.23605997399e-12, 1.36413406612e-12],
        "dvar2": [1.0081785233e-11, 4.64820196222e-11, 2.15614869709e-11, 9.18587375054e-08, 2.63624792751e-06, 1.04420465163e-07, 1.19706328405e-05, 5.33411457582e-06, 5.23838707522e-07, 2.02182874887e-08, 1.89683593277e-08, 1.90726012761e-08, 2.59543564418e-09, 2.45688469569e-10, 2.89915782353e-11, 2.23485153994e-11, 4.56627652357e-11, 1.07262610252e-11, 7.75570753453e-12, 4.17457865151e-12, 3.10678848099e-12, 2.25699016768e-12, 1.59106853127e-12, 1.41683247166e-12, 1.27532034412e-12, 1.24918120552e-12, 1.38299549764e-12],
        "max": [3.03281958622e-05, 4.92588405905e-05, 4.10163447668e-05, 0.00301166344434, 0.0156246721745, 0.00224309763871, 0.0341115482152, 0.0155701190233, 0.0094010066241, 0.0011646442581, 0.00070348137524, 0.000599074177444, 0.000217797118239, 6.87352148816e-05, 4.84613265144e-05, 4.14400965383e-05, 5.25800605828e-05, 3.0645289371e-05, 2.64260761469e-05, 1.84487635124e-05, 1.6840373064e-05, 1.43577044582e-05, 1.19956421258e-05, 1.13118130685e-05, 1.07376781671e-05, 1.06265733848e-05, 1.12205962068e-05],
        "mean": [5.77075979891e-07, 6.31257171335e-06, 4.81569168187e-06, 0.000814604398329, 0.0103858849034, 0.00133622391149, 0.024747479707, 0.00531172985211, 0.00263602193445, 0.000377723074052, 0.000138608316774, 3.165619637e-05, 1.76672565431e-05, 1.32260947794e-05, 4.47014463134e-06, 5.96000927544e-06, 1.60041054187e-05, 3.95933830077e-06, 3.89435444959e-06, 1.81405914645e-06, 9.79411879598e-07, 3.67915276911e-07, 1.68809279444e-07, 1.47836360043e-07, 1.45596828816e-07, 1.4615571331e-07, 2.71003528951e-07],
        "median": [9.34997359536e-08, 4.85927239424e-06, 4.03958802053e-06, 0.000738090835512, 0.0105174817145, 0.00131416856311, 0.0244918260723, 0.00498662190512, 0.00193214800674, 0.000291136180749, 0.000102341684396, 9.78916614258e-06, 7.74463114794e-06, 9.29333509703e-06, 1.4356965039e-06, 4.56671841675e-06, 1.36695398396e-05, 3.04766808767e-06, 3.21197126141e-06, 1.46462912198e-06, 7.67449193972e-07, 1.73502783696e-07, 2.83756929065e-08, 1.90365980757e-08, 2.6196214975e-08, 2.67731063985e-08, 1.37832415703e-07],
        "min": [4.39625980064e-09, 1.34969553756e-07, 3.59664284133e-07, 3.40166734532e-05, 5.3652729548e-05, 0.00030638941098, 0.000685479142703, 0.000301765074255, 6.93044930813e-05, 1.79351336556e-05, 2.79962137029e-06, 1.07965820462e-06, 7.60372699915e-07, 1.21520571383e-07, 3.86156528975e-08, 7.61150005246e-08, 2.9423262049e-07, 1.10842719891e-07, 8.92140548103e-08, 7.30634184265e-08, 5.29457295784e-08, 2.47363711736e-08, 8.41439273813e-09, 5.23395415897e-09, 6.89966173084e-09, 5.35702593396e-09, 1.32571109646e-08],
        "var": [1.04306225115e-11, 3.74818683035e-11, 2.48867888103e-11, 4.08216294545e-07, 5.22341815667e-06, 1.99269408085e-07, 1.67511880136e-05, 1.23286845337e-05, 4.84899874209e-06, 5.92650550857e-08, 1.668216143e-08, 4.76858241782e-09, 8.38882907583e-10, 1.57305626858e-10, 5.39738601035e-11, 2.26893503985e-11, 8.60675350434e-11, 1.16985691967e-11, 9.41336938953e-12, 3.79744022685e-12, 2.94212093924e-12, 2.19250138878e-12, 1.55613694673e-12, 1.38527015379e-12, 1.24691912611e-12, 1.22106328954e-12, 1.33757859389e-12]
    },
    "erbbands": {
        "dmean": [4.8176778364e-05, 0.000862953369506, 0.00450965110213, 0.190479546785, 0.791967153549, 4.49849653244, 6.11950159073, 2.41776537895, 22.0043029785, 27.0514755249, 18.7062835693, 20.4498176575, 2.27700018883, 1.95533037186, 3.0434114933, 1.24673509598, 0.731771945953, 0.305038928986, 0.298783183098, 0.090312436223, 0.103318847716, 0.219805449247, 0.0726116672158, 0.0594795905054, 0.0400804355741, 0.0261462051421, 0.0219847299159, 0.014731394127, 0.0090867979452, 0.00537632312626, 0.00415576202795, 0.00304746837355, 0.00214442331344, 0.00144172692671, 0.000900774844922, 0.000508382276166, 0.000243262431468, 8.73684330145e-05, 2.20496858674e-05, 5.33885668119e-06],
        "dmean2": [7.14132620487e-05, 0.0013538710773, 0.00643761921674, 0.209531694651, 0.909538507462, 7.46069383621, 8.57173442841, 3.78314733505, 26.6414031982, 36.8993682861, 26.8995838165, 16.8131599426, 3.844373703, 3.19943165779, 5.0056552887, 2.0834736824, 1.24427580833, 0.503687441349, 0.471126168966, 0.139732182026, 0.139262527227, 0.344856083393, 0.107076860964, 0.0780660957098, 0.0517372861505, 0.0370602607727, 0.0313718095422, 0.0203358232975, 0.0113906869665, 0.00588368950412, 0.00451316824183, 0.00324386567809, 0.00225062505342, 0.00150653824676, 0.000950933317654, 0.000531143567059, 0.00025978271151, 9.36200012802e-05, 2.43179238169e-05, 7.21389187675e-06],
        "dvar": [2.82638623617e-08, 1.72795296294e-06, 6.47564229439e-05, 0.158741056919, 2.73903203011, 17.8663063049, 60.0692825317, 7.06215906143, 1634.3326416, 1139.4621582, 302.535644531, 200.933731079, 7.58611440659, 6.0530462265, 16.1491374969, 11.8497304916, 2.31360220909, 0.240603685379, 0.174261018634, 0.0562047921121, 0.041547074914, 0.0882405266166, 0.027832236141, 0.0245854556561, 0.0122321723029, 0.0084380749613, 0.00596298649907, 0.00405753916129, 0.0029923254624, 0.00197550002486, 0.00119744299445, 0.000696372648235, 0.00035480686347, 0.00016214470088, 6.26270630164e-05, 1.93500345631e-05, 4.22868106398e-06, 5.43475778159e-07, 2.78789453745e-08, 2.47637438333e-10],
        "dvar2": [2.97679676464e-08, 2.87815828415e-06, 8.65574329509e-05, 0.155774027109, 2.54322218895, 35.3375434875, 76.3104248047, 13.0430307388, 1496.34741211, 1643.05615234, 760.026489258, 193.562652588, 19.7022762299, 13.3442201614, 50.1131591797, 34.6807556152, 6.37125635147, 0.521921098232, 0.395788937807, 0.0982912480831, 0.0504141077399, 0.172986358404, 0.0305375363678, 0.0266612023115, 0.0123955719173, 0.00921329855919, 0.00661639356986, 0.0041245543398, 0.00304454052821, 0.00199424545281, 0.00120996544138, 0.000704130507074, 0.000358841469279, 0.000163846736541, 6.32980591035e-05, 1.95564462047e-05, 4.27266604675e-06, 5.49567857888e-07, 2.83642584975e-08, 2.80753587045e-10],
        "max": [0.00164869835135, 0.011074394919, 0.0832834020257, 3.66005587578, 16.0902137756, 50.947353363, 94.1976165771, 29.8285121918, 382.371917725, 391.173461914, 266.291046143, 181.385116577, 34.6933784485, 34.4430770874, 30.1518039703, 26.1680850983, 10.5854434967, 3.3593685627, 3.47524499893, 2.60466790199, 2.06089901924, 3.18815231323, 1.67527711391, 1.51686358452, 1.08686244488, 0.891969919205, 0.738198578358, 0.619594693184, 0.526669383049, 0.425461292267, 0.331094443798, 0.252178907394, 0.180024549365, 0.121736228466, 0.0756588280201, 0.042072955519, 0.0196682233363, 0.00705537339672, 0.00162188569084, 0.000187959594768],
        "mean": [0.000106187086203, 0.00216518505476, 0.0216633770615, 0.983722746372, 4.98718595505, 31.6298694611, 60.8433036804, 19.117565155, 275.070892334, 252.020019531, 109.082008362, 51.4601707458, 10.4188098907, 8.35317707062, 5.40114736557, 1.55271160603, 0.87303429842, 0.597201645374, 0.574989795685, 0.260283529758, 0.36276897788, 0.985055208206, 0.285083383322, 0.230622455478, 0.140485003591, 0.0846776738763, 0.0485970750451, 0.0313604548573, 0.0152312861755, 0.00665907980874, 0.0046887435019, 0.00331851188093, 0.00242516491562, 0.00167198956478, 0.00106096465606, 0.0006024359609, 0.000281389220618, 0.000111958950583, 5.56957093067e-05, 5.58752799407e-05],
        "median": [7.80218470027e-05, 0.00183890294284, 0.0194575116038, 0.915457844734, 4.56920289993, 31.812795639, 59.988735199, 18.8584747314, 269.008758545, 249.637039185, 96.6748962402, 38.9829940796, 8.93946075439, 5.91911315918, 3.62767148018, 0.62442868948, 0.353972733021, 0.338158130646, 0.399715125561, 0.125033512712, 0.298831790686, 0.828852951527, 0.232543438673, 0.190611436963, 0.107699722052, 0.0667441561818, 0.0375728085637, 0.0222678333521, 0.00794481299818, 0.0015997425653, 0.000808346783742, 0.00042961811414, 0.00038116183714, 0.000295876408927, 0.000218656656216, 0.000121238808788, 5.64826150367e-05, 2.9735489079e-05, 3.71162095689e-05, 5.41596855328e-05],
        "min": [3.29918220814e-05, 0.00057636667043, 0.00354840117507, 0.0717012733221, 0.110497526824, 0.137839123607, 1.15527844429, 2.99019956589, 8.16796588898, 9.65971088409, 5.55721950531, 1.79214942455, 0.618079006672, 0.365372657776, 0.085494145751, 0.0850396081805, 0.0415005423129, 0.0107483435422, 0.00284350453876, 0.00329850707203, 0.00569852394983, 0.0158727001399, 0.00660701375455, 0.00711438944563, 0.00255079963244, 0.00306255393662, 0.00377609138377, 0.001248800545, 0.00106789905112, 0.000326012261212, 0.000264380447334, 0.00017747739912, 0.000110639506602, 7.46512814658e-05, 5.44362155779e-05, 3.32977688231e-05, 1.83240827027e-05, 5.33148840987e-06, 2.44917805503e-06, 1.921586545e-06],
        "var": [3.00797289299e-08, 2.30717182603e-06, 0.000190440361621, 0.586954772472, 11.146147728, 56.5782852173, 259.089111328, 29.113275528, 2063.76538086, 2214.42919922, 3460.84521484, 1590.13085938, 35.2683830261, 44.0104980469, 28.5903434753, 8.93942451477, 2.09825730324, 0.374688088894, 0.28298419714, 0.131158605218, 0.0629614591599, 0.323349475861, 0.0409254468977, 0.0310654882342, 0.014864156954, 0.00867517851293, 0.00576325971633, 0.00399660738185, 0.00293889711611, 0.00195164000615, 0.00118518713862, 0.000688593136147, 0.000350591202732, 0.000160221505212, 6.18485282757e-05, 1.91184572031e-05, 4.17891806137e-06, 5.36117568117e-07, 2.73466636003e-08, 2.59123833501e-10]
    },
    "gfcc": {
        "mean": [-143.449417114, 193.790802002, -112.685920715, -47.2182502747, -82.3442077637, -80.0704879761, -38.2027626038, -14.8169927597, -19.7347431183, -13.1775007248, -14.8308401108, -12.0904350281, -6.43303775787],
        "cov": [[586.638305664, -170.727035522, -42.9337005615, 55.4994430542, 38.4547920227, 81.9998321533, -46.8454627991, -39.6773071289, -36.6054153442, -2.2956135273, -26.1757640839, -28.8215122223, -64.8627166748], [-170.727035522, 265.895812988, -51.9396286011, -133.139373779, 15.8749542236, -1.63025414944, 47.1897621155, -44.9432907104, -5.11178064346, -49.6787147522, -16.7438011169, -55.6799087524, 20.4626941681], [-42.9337005615, -51.9396286011, 83.6359710693, 61.0334434509, -21.5547828674, 9.65239906311, 3.89975786209, 39.8373603821, 14.5006713867, 7.46026182175, -0.89790648222, 11.3684148788, -6.2656879425], [55.4994430542, -133.139373779, 61.0334434509, 144.296813965, 2.71403408051, -21.7955341339, -25.3552875519, 35.554107666, 16.7609386444, 27.8328342438, 5.25824832916, 19.2334060669, -25.7935771942], [38.4547920227, 15.8749542236, -21.5547828674, 2.71403408051, 47.6450805664, 17.039812088, -6.76392936707, -18.1284408569, -13.4299573898, 8.57200050354, 1.88900923729, -5.50141763687, -17.4113674164], [81.9998321533, -1.63025414944, 9.65239906311, -21.7955341339, 17.039812088, 135.383865356, 22.9893779755, -17.3745117188, -16.6062335968, -1.81814444065, 4.07280492783, -19.3244171143, -26.4592876434], [-46.8454627991, 47.1897621155, 3.89975786209, -25.3552875519, -6.76392936707, 22.9893779755, 28.4177455902, -0.183333665133, -2.09709715843, -10.7421112061, 0.904618322849, -7.86564397812, 3.60253119469], [-39.6773071289, -44.9432907104, 39.8373603821, 35.554107666, -18.1284408569, -17.3745117188, -0.183333665133, 37.8316955566, 16.5148487091, 7.81714391708, -0.747096061707, 13.5473337173, 2.63231158257], [-36.6054153442, -5.11178064346, 14.5006713867, 16.7609386444, -13.4299573898, -16.6062335968, -2.09709715843, 16.5148487091, 25.9370937347, 0.98864865303, -8.60260295868, -4.02722501755, 7.13533878326], [-2.2956135273, -49.6787147522, 7.46026182175, 27.8328342438, 8.57200050354, -1.81814444065, -10.7421112061, 7.81714391708, 0.98864865303, 25.2272510529, 11.689748764, 17.3441390991, -2.27900457382], [-26.1757640839, -16.7438011169, -0.89790648222, 5.25824832916, 1.88900923729, 4.07280492783, 0.904618322849, -0.747096061707, -8.60260295868, 11.689748764, 20.2285003662, 17.2525138855, 4.87743616104], [-28.8215122223, -55.6799087524, 11.3684148788, 19.2334060669, -5.50141763687, -19.3244171143, -7.86564397812, 13.5473337173, -4.02722501755, 17.3441390991, 17.2525138855, 38.3246536255, 11.646112442], [-64.8627166748, 20.4626941681, -6.2656879425, -25.7935771942, -17.4113674164, -26.4592876434, 3.60253119469, 2.63231158257, 7.13533878326, -2.27900457382, 4.87743616104, 11.646112442, 31.9276695251]],
        "icov": [[0.00855394080281, 0.0154686020687, 0.00256690103561, 0.000481335562654, -0.0080178482458, -0.000175531051354, -0.00309525174089, 0.00808582920581, 0.0105001376942, 0.0124822063372, 0.0103177120909, 0.0155557887629, -0.00518490513787], [0.0154686020687, 0.0869840234518, -0.0392133444548, 0.0481800511479, -0.0750716403127, 0.0404979549348, -0.071361117065, 0.0684180036187, -0.0334498547018, 0.071143373847, -0.0403003655374, 0.081458196044, -0.0090648997575], [0.00256690103561, -0.0392133444548, 0.0731050372124, -0.0509555898607, 0.0506786443293, -0.0406171940267, 0.0409494936466, -0.0707629323006, 0.0558361709118, -0.0307282060385, 0.060310088098, -0.0344925783575, -0.0125856315717], [0.000481335562654, 0.0481800511479, -0.0509555898607, 0.0634297132492, -0.0515858344734, 0.0398410670459, -0.0416226498783, 0.0481915175915, -0.0632771030068, 0.0376270078123, -0.0657075121999, 0.0374918840826, 0.0301405582577], [-0.0080178482458, -0.0750716403127, 0.0506786443293, -0.0515858344734, 0.111961729825, -0.0418352670968, 0.0671395137906, -0.0509068705142, 0.056729581207, -0.0877653360367, 0.0625556483865, -0.0656027272344, 0.0185347367078], [-0.000175531051354, 0.0404979549348, -0.0406171940267, 0.0398410670459, -0.0418352670968, 0.0441890917718, -0.0550146736205, 0.0496492236853, -0.041140396148, 0.0258326493204, -0.0496272481978, 0.0389827862382, 0.0182239450514], [-0.00309525174089, -0.071361117065, 0.0409494936466, -0.0416226498783, 0.0671395137906, -0.0550146736205, 0.146628260612, -0.0851079970598, 0.054598685354, -0.0269074235111, 0.0245572775602, -0.0466548800468, -0.00550423422828], [0.00808582920581, 0.0684180036187, -0.0707629323006, 0.0481915175915, -0.0509068705142, 0.0496492236853, -0.0851079970598, 0.161565572023, -0.0863460227847, 0.0416327528656, -0.031331282109, 0.0238298885524, 0.0256524700671], [0.0105001376942, -0.0334498547018, 0.0558361709118, -0.0632771030068, 0.056729581207, -0.041140396148, 0.054598685354, -0.0863460227847, 0.183374032378, -0.0670076236129, 0.117221102118, 0.0221205037087, -0.0713319182396], [0.0124822063372, 0.071143373847, -0.0307282060385, 0.0376270078123, -0.0877653360367, 0.0258326493204, -0.0269074235111, 0.0416327528656, -0.0670076236129, 0.177545905113, -0.0937489047647, 0.0361346453428, 0.00606890488416], [0.0103177120909, -0.0403003655374, 0.060310088098, -0.0657075121999, 0.0625556483865, -0.0496272481978, 0.0245572775602, -0.031331282109, 0.117221102118, -0.0937489047647, 0.224031835794, -0.0684273838997, -0.043812468648], [0.0155557887629, 0.081458196044, -0.0344925783575, 0.0374918840826, -0.0656027272344, 0.0389827862382, -0.0466548800468, 0.0238298885524, 0.0221205037087, 0.0361346453428, -0.0684273838997, 0.172385290265, -0.0520462803543], [-0.00518490513787, -0.0090648997575, -0.0125856315717, 0.0301405582577, 0.0185347367078, 0.0182239450514, -0.00550423422828, 0.0256524700671, -0.0713319182396, 0.00606890488416, -0.043812468648, -0.0520462803543, 0.114246040583]]
    },
    "melbands": {
        "dmean": [6.59307715978e-07, 1.36177595778e-06, 6.2120561779e-05, 0.000133065128466, 0.000265348964604, 4.21216172981e-05, 0.000394884584239, 0.000300184154185, 0.000180274932063, 0.000111710447527, 1.15686234494e-05, 8.77245656739e-06, 9.872350347e-06, 3.85832800021e-06, 2.83202552964e-06, 1.10899384254e-06, 5.51630705559e-07, 6.18537626451e-07, 9.28844414716e-08, 1.54629859139e-07, 1.3335187532e-07, 2.5912177648e-07, 1.18179137587e-07, 4.73220111985e-08, 5.17357676699e-08, 4.52142572271e-08, 2.46805758053e-08, 1.67647158378e-08, 1.55430193161e-08, 1.22875789543e-08, 8.11252665045e-09, 5.83094506013e-09, 3.64218499804e-09, 2.79479572818e-09, 2.43215847462e-09, 2.17818407755e-09, 1.76620873482e-09, 1.54362389537e-09, 1.34119304551e-09, 1.18766962931e-09],
        "dmean2": [1.01965952126e-06, 2.17840351979e-06, 6.4113875851e-05, 0.000223082286539, 0.00039123868919, 7.0740476076e-05, 0.000480502581922, 0.000425400066888, 0.000214390456676, 9.04508924577e-05, 2.02066057682e-05, 1.41372738653e-05, 1.59906740009e-05, 6.11070890955e-06, 4.89126387038e-06, 1.81426798918e-06, 9.17885415674e-07, 9.79703827397e-07, 1.24197086393e-07, 2.38789851892e-07, 1.87209820979e-07, 4.05446655805e-07, 1.77865828732e-07, 6.8421130095e-08, 6.95382809113e-08, 5.83924375519e-08, 3.77978039978e-08, 2.4344647187e-08, 2.24273275506e-08, 1.85254993568e-08, 1.10231725969e-08, 7.63183916064e-09, 4.15727896552e-09, 3.01656299939e-09, 2.6560940114e-09, 2.43039410819e-09, 1.86114790246e-09, 1.63662960961e-09, 1.40328937359e-09, 1.24707200122e-09],
        "dvar": [2.72591281145e-12, 4.64159656891e-12, 1.66759193121e-08, 2.30350583053e-08, 9.38508364356e-08, 1.37373412645e-09, 5.12894075655e-07, 1.32187835788e-07, 2.19173124094e-08, 5.79334713535e-09, 1.80999965016e-10, 1.17152704204e-10, 1.54738943881e-10, 5.03662493656e-11, 5.31170871176e-11, 4.05038242529e-12, 7.52165745053e-13, 7.02668012751e-13, 5.72645907472e-14, 9.84665501262e-14, 5.81761608288e-14, 1.16327534085e-13, 3.07199876431e-14, 1.79526600291e-14, 1.67085922463e-14, 1.00356090896e-14, 4.37769158217e-15, 3.45645431358e-15, 2.5330143358e-15, 1.80908238083e-15, 1.20580921042e-15, 9.74020444344e-16, 7.61448526505e-16, 5.56033242978e-16, 4.06898507765e-16, 3.13860382369e-16, 2.41810727554e-16, 1.80117771055e-16, 1.37553094906e-16, 1.08254800978e-16],
        "dvar2": [3.12982604243e-12, 6.50689181356e-12, 1.52787666963e-08, 3.50128885884e-08, 1.28690643919e-07, 3.94508026247e-09, 4.60385820134e-07, 2.44191227239e-07, 3.62120324837e-08, 5.6371463053e-09, 4.72850925082e-10, 2.44115033743e-10, 4.77371697727e-10, 1.30359029127e-10, 1.51166468232e-10, 9.83253495984e-12, 1.69248827193e-12, 1.64520849201e-12, 8.99145463488e-14, 1.56674722024e-13, 7.76023464781e-14, 2.42195071507e-13, 4.37191210697e-14, 1.9653803731e-14, 1.84648659345e-14, 1.02957693301e-14, 4.96886891035e-15, 3.76088176647e-15, 3.05779063365e-15, 1.87443266678e-15, 1.23514598479e-15, 9.96872863865e-16, 7.67349116835e-16, 5.61601690513e-16, 4.10611661978e-16, 3.18680264537e-16, 2.44287928348e-16, 1.82140591612e-16, 1.39034237894e-16, 1.09357062158e-16],
        "max": [1.53880082507e-05, 1.9653887648e-05, 0.00123631954193, 0.00132912327535, 0.00380633980967, 0.00042815238703, 0.00676322961226, 0.00461249379441, 0.00235329079442, 0.000956245406996, 0.000155551402713, 0.000147761486005, 9.64099599514e-05, 5.8440346038e-05, 4.90655147587e-05, 1.29249419842e-05, 5.98619226366e-06, 6.94875416229e-06, 3.39122698279e-06, 3.01802060676e-06, 2.33596756516e-06, 3.84355689675e-06, 1.62207606991e-06, 1.3117501112e-06, 1.2423621456e-06, 9.73033365881e-07, 6.36146523902e-07, 5.70670295019e-07, 4.67868005671e-07, 4.14256788872e-07, 3.36834887094e-07, 3.00754180671e-07, 2.64695017904e-07, 2.25536609832e-07, 1.93097108081e-07, 1.69191494592e-07, 1.48584859971e-07, 1.2826319562e-07, 1.12086631532e-07, 9.94661846221e-08],
        "mean": [1.20090464861e-06, 2.95988138532e-06, 0.000340131518897, 0.00089590047719, 0.00243271538056, 0.000239883127506, 0.00487454235554, 0.00263778399676, 0.000855590507854, 0.000265979731921, 4.78833972011e-05, 3.91161156585e-05, 1.82927724381e-05, 5.86344640396e-06, 2.83768576992e-06, 1.48430410718e-06, 1.03607658275e-06, 1.12137934138e-06, 2.70062656682e-07, 3.99334908252e-07, 3.95483283455e-07, 1.09936593162e-06, 4.8894446536e-07, 1.57257190381e-07, 1.92456894865e-07, 1.535499905e-07, 6.95000252904e-08, 4.95198015926e-08, 3.21029354211e-08, 2.33707524444e-08, 1.64490128185e-08, 9.57575263527e-09, 4.70251571016e-09, 3.22587845325e-09, 2.73037170651e-09, 2.3180206643e-09, 1.8971357818e-09, 1.70378133824e-09, 1.50089896067e-09, 1.34934674545e-09],
        "median": [8.8052195224e-07, 2.38696657107e-06, 0.000311074050842, 0.000888200651389, 0.00242252554744, 0.000234373670537, 0.00480991927907, 0.00263283960521, 0.000724443874788, 0.000193802785361, 3.93177215301e-05, 2.94918227155e-05, 1.30711923703e-05, 3.18505431096e-06, 8.00311397597e-07, 7.08443565145e-07, 6.10857284755e-07, 8.43641032588e-07, 6.03403123023e-08, 3.00073025983e-07, 3.16500603503e-07, 9.62767785495e-07, 4.41553737573e-07, 1.17236865549e-07, 1.6200368691e-07, 1.19585948255e-07, 5.79936099143e-08, 3.9883051528e-08, 2.38967157173e-08, 1.8972288629e-08, 1.10817728327e-08, 5.13316056328e-09, 1.40920575209e-09, 6.04914174307e-10, 4.60166099669e-10, 3.30988431108e-10, 2.12697331969e-10, 2.4677487831e-10, 2.06413455772e-10, 2.14157677703e-10],
        "min": [3.52155460348e-08, 2.39195685481e-07, 1.50697387653e-05, 6.43260045763e-06, 3.31265109708e-05, 6.77633506712e-05, 0.000131063730805, 9.84809157671e-05, 3.54301191692e-05, 8.60945328895e-06, 2.84230145553e-06, 1.62252285918e-06, 3.10325901864e-07, 1.92494084672e-07, 1.99122609956e-07, 4.96672711847e-08, 1.62749032029e-08, 3.87095511201e-09, 3.833799056e-09, 5.00822894267e-09, 7.36880467755e-09, 1.94629894423e-08, 7.99999533285e-09, 5.02917707479e-09, 6.10291772674e-09, 2.12205319983e-09, 1.53629475808e-09, 2.30383445654e-09, 2.67338085003e-09, 1.46163503523e-09, 5.12516418194e-10, 6.50690168413e-10, 3.68673147566e-10, 1.20692192351e-10, 1.47949361096e-10, 1.00138244918e-10, 6.89467649639e-11, 5.3544793599e-11, 5.73414163374e-11, 5.78785942784e-11],
        "var": [2.85589368994e-12, 6.15479152019e-12, 6.99223932088e-08, 2.84272871909e-08, 4.00846857929e-07, 8.96702889719e-09, 6.51050982015e-07, 3.89548489466e-07, 2.42956673446e-07, 4.6550553634e-08, 8.4699702807e-10, 8.77243777619e-10, 3.08361031154e-10, 6.55964935148e-11, 3.97383861928e-11, 4.78217942676e-12, 1.22400657318e-12, 1.02666247899e-12, 2.77079140881e-13, 1.32131136002e-13, 8.42329000604e-14, 4.29111200783e-13, 7.80828309996e-14, 2.11954003068e-14, 2.12105147627e-14, 1.37974899314e-14, 4.88494022725e-15, 3.4957263609e-15, 2.41189688291e-15, 1.78917265965e-15, 1.19056071154e-15, 9.57837774008e-16, 7.52849818602e-16, 5.49699607054e-16, 4.03036011056e-16, 3.10232381437e-16, 2.39148767699e-16, 1.78032786221e-16, 1.35943123501e-16, 1.06997546004e-16]
    },
    "mfcc": {
        "mean": [-794.044067383, 237.08757019, -1.68845105171, 7.51011705399, -40.8474235535, -60.6036109924, -32.0725402832, -25.9670124054, -14.167388916, -18.8089885712, -10.1697425842, -2.55988073349, -12.632935524],
        "cov": [[487.815704346, -73.6377639771, -138.691085815, -6.07152795792, 21.0904750824, 83.8264541626, 16.0431671143, -24.0374412537, -19.5873241425, -6.25311803818, -0.725842297077, -16.8000240326, 1.75013017654], [-73.6377639771, 172.089111328, -32.7702598572, -106.619117737, -32.65574646, -20.2899150848, 4.60614728928, -8.62615203857, -7.21236991882, -3.63388490677, -34.1586761475, -31.0457134247, -16.7803726196], [-138.691085815, -32.7702598572, 137.135955811, 22.0699214935, -11.3117876053, -13.262752533, 6.53763437271, 44.8545913696, 28.4948272705, 24.3731002808, 11.2343769073, 11.8088731766, 7.53487682343], [-6.07152795792, -106.619117737, 22.0699214935, 237.728057861, 36.9797782898, -38.5586090088, -19.8998565674, -5.23710870743, 19.6554088593, -4.44745159149, 56.2557144165, 45.8100090027, -4.18995285034], [21.0904750824, -32.65574646, -11.3117876053, 36.9797782898, 43.3544120789, 22.9591846466, 3.11657381058, -4.25649833679, 0.248738601804, 4.99875974655, 14.9947509766, 9.83367729187, 12.0961999893], [83.8264541626, -20.2899150848, -13.262752533, -38.5586090088, 22.9591846466, 83.6840896606, 37.6420555115, 5.16466856003, -11.991481781, 2.86434316635, 6.12267541885, 9.18041706085, 24.7143821716], [16.0431671143, 4.60614728928, 6.53763437271, -19.8998565674, 3.11657381058, 37.6420555115, 45.319152832, 14.9416980743, -12.6017389297, -6.63983345032, 5.5312256813, 18.0966873169, 15.589176178], [-24.0374412537, -8.62615203857, 44.8545913696, -5.23710870743, -4.25649833679, 5.16466856003, 14.9416980743, 27.7902259827, 10.4773406982, 6.95151758194, 5.0944275856, 7.10584163666, 7.42290592194], [-19.5873241425, -7.21236991882, 28.4948272705, 19.6554088593, 0.248738601804, -11.991481781, -12.6017389297, 10.4773406982, 23.681098938, 17.6998882294, 5.88922929764, -2.56529092789, -5.25200414658], [-6.25311803818, -3.63388490677, 24.3731002808, -4.44745159149, 4.99875974655, 2.86434316635, -6.63983345032, 6.95151758194, 17.6998882294, 29.5936851501, 4.11887979507, -5.38341665268, -1.88743829727], [-0.725842297077, -34.1586761475, 11.2343769073, 56.2557144165, 14.9947509766, 6.12267541885, 5.5312256813, 5.0944275856, 5.88922929764, 4.11887979507, 34.0264129639, 23.8586730957, 0.104798719287], [-16.8000240326, -31.0457134247, 11.8088731766, 45.8100090027, 9.83367729187, 9.18041706085, 18.0966873169, 7.10584163666, -2.56529092789, -5.38341665268, 23.8586730957, 31.70703125, 8.15725803375], [1.75013017654, -16.7803726196, 7.53487682343, -4.18995285034, 12.0961999893, 24.7143821716, 15.589176178, 7.42290592194, -5.25200414658, -1.88743829727, 0.104798719287, 8.15725803375, 18.7113456726]],
