{
"lowlevel": {
    "average_loudness": 0.973801553249,
    "barkbands_crest": {
        "dmean": 1.43212628365,
        "dmean2": 2.37262153625,
        "dvar": 5.92084550858,
        "dvar2": 14.1886692047,
        "max": 26.9185123444,
        "mean": 21.8121871948,
        "median": 25.7009677887,
        "min": 6.0146021843,
        "var": 38.4579277039
    },
    "barkbands_flatness_db": {
        "dmean": 0.0194410402328,
        "dmean2": 0.0269734095782,
        "dvar": 0.000731267791707,
        "dvar2": 0.00133409840055,
        "max": 0.496658593416,
        "mean": 0.317122429609,
        "median": 0.33796530962,
        "min": 0.103825047612,
        "var": 0.0140050528571
    },
    "barkbands_kurtosis": {
        "dmean": 44.5181045532,
        "dmean2": 81.1559448242,
        "dvar": 5773.83642578,
        "dvar2": 21271.5058594,
        "max": 566.291625977,
        "mean": 73.5714416504,
        "median": 37.9776306152,
        "min": 0.521173715591,
        "var": 9416.01660156
    },
    "barkbands_skewness": {
        "dmean": 1.34369397163,
        "dmean2": 2.37856698036,
        "dvar": 2.01136541367,
        "dvar2": 6.93433761597,
        "max": 6.85896730423,
        "mean": -1.48156094551,
        "median": -1.65704357624,
        "min": -9.35730171204,
        "var": 13.7644853592
    },
    "barkbands_spread": {
        "dmean": 1.75906872749,
        "dmean2": 3.08274245262,
        "dvar": 8.0095205307,
        "dvar2": 22.036529541,
        "max": 31.7972927094,
        "mean": 5.91427564621,
        "median": 1.41935622692,
        "min": 0.130014613271,
        "var": 65.5031356812
    },
    "dissonance": {
        "dmean": 0.0836535692215,
        "dmean2": 0.15196557343,
        "dvar": 0.00576277310029,
        "dvar2": 0.0167774092406,
        "max": 0.486488521099,
        "mean": 0.308272927999,
        "median": 0.278560221195,
        "min": 0.109642229974,
        "var": 0.0137607958168
    },
    "dynamic_complexity": 7.65809392929,
    "erbbands_crest": {
        "dmean": 1.26257181168,
        "dmean2": 1.8306633234,
        "dvar": 4.22016763687,
        "dvar2": 9.10635566711,
        "max": 25.8361721039,
        "mean": 21.7481365204,
        "median": 23.9833450317,
        "min": 7.83615112305,
        "var": 19.4087734222
    },
    "erbbands_flatness_db": {
        "dmean": 0.017870940268,
        "dmean2": 0.0234209503978,
        "dvar": 0.000555183214601,
        "dvar2": 0.000653113180306,
        "max": 0.508319735527,
        "mean": 0.338358312845,
        "median": 0.371976017952,
        "min": 0.0806626453996,
        "var": 0.0175526700914
    },
    "erbbands_kurtosis": {
        "dmean": 5.06099653244,
        "dmean2": 6.78828191757,
        "dvar": 24.6617145538,
        "dvar2": 39.6310005188,
        "max": 85.7260131836,
        "mean": 39.7229995728,
        "median": 47.0505485535,
        "min": -1.24569761753,
        "var": 843.275878906
    },
    "erbbands_skewness": {
        "dmean": 0.673327982426,
        "dmean2": 1.06628465652,
        "dvar": 0.280693650246,
        "dvar2": 0.790194511414,
        "max": 5.11146450043,
        "mean": 2.46602654457,
        "median": 2.81814885139,
        "min": -0.692242205143,
        "var": 2.58446526527
    },
    "erbbands_spread": {
        "dmean": 2.3275077343,
        "dmean2": 3.94751620293,
        "dvar": 40.2663345337,
        "dvar2": 97.6579208374,
        "max": 68.4199142456,
        "mean": 9.63086605072,
        "median": 1.22209143639,
        "min": 0.352948695421,
        "var": 289.157562256
    },
    "hfc": {
        "dmean": 4.4730682373,
        "dmean2": 5.28855228424,
        "dvar": 361.445861816,
        "dvar2": 607.575378418,
        "max": 166.960418701,
        "mean": 14.9786052704,
        "median": 6.92594480515,
        "min": 0.121223904192,
        "var": 487.88861084
    },
    "melbands_crest": {
        "dmean": 1.73184943199,
        "dmean2": 2.839594841,
        "dvar": 6.44152593613,
        "dvar2": 17.3264446259,
        "max": 26.0056667328,
        "mean": 20.9410915375,
        "median": 23.3447875977,
        "min": 5.91251134872,
        "var": 24.7838001251
    },
    "melbands_flatness_db": {
        "dmean": 0.020946001634,
        "dmean2": 0.0300051607192,
        "dvar": 0.000826381670777,
        "dvar2": 0.00197192234918,
        "max": 0.566376507282,
        "mean": 0.393846184015,
        "median": 0.410609692335,
        "min": 0.148426964879,
        "var": 0.0115866642445
    },
    "melbands_kurtosis": {
        "dmean": 12.6865091324,
        "dmean2": 22.0689029694,
        "dvar": 153.82572937,
        "dvar2": 516.205566406,
        "max": 87.395690918,
        "mean": 25.9936313629,
        "median": 20.2517356873,
        "min": -0.955046415329,
        "var": 468.157745361
    },
    "melbands_skewness": {
        "dmean": 0.838998436928,
        "dmean2": 1.44149839878,
        "dvar": 0.880126655102,
        "dvar2": 2.41479182243,
        "max": 6.83486843109,
        "mean": -1.65715384483,
        "median": -2.48625826836,
        "min": -6.53613758087,
        "var": 11.5528640747
    },
    "melbands_spread": {
        "dmean": 2.79828691483,
        "dmean2": 5.02244663239,
        "dvar": 11.7973909378,
        "dvar2": 34.6631584167,
        "max": 26.300535202,
        "mean": 6.83635139465,
        "median": 3.80399847031,
        "min": 0.558211266994,
        "var": 51.0936546326
    },
    "pitch_salience": {
        "dmean": 0.0591956563294,
        "dmean2": 0.0985706448555,
        "dvar": 0.00698396144435,
        "dvar2": 0.016024434939,
        "max": 0.828520596027,
        "mean": 0.243659973145,
        "median": 0.16103284061,
        "min": 0.0311732944101,
        "var": 0.0364260934293
    },
    "silence_rate_20dB": {
        "dmean": 0,
        "dmean2": 0,
        "dvar": 0,
        "dvar2": 0,
        "max": 1,
        "mean": 1,
        "median": 1,
        "min": 1,
        "var": 0
    },
    "silence_rate_30dB": {
        "dmean": 0.0166666675359,
        "dmean2": 0.0252100843936,
        "dvar": 0.0163888894022,
        "dvar2": 0.0245745368302,
        "max": 1,
        "mean": 0.983471095562,
        "median": 1,
        "min": 0,
        "var": 0.0162557214499
    },
    "silence_rate_60dB": {
        "dmean": 0.0333333350718,
        "dmean2": 0.0672268941998,
        "dvar": 0.0322222188115,
        "dvar2": 0.0627074465156,
        "max": 1,
        "mean": 0.289256185293,
        "median": 0,
        "min": 0,
        "var": 0.205587133765
    },
    "spectral_centroid": {
        "dmean": 49.2656517029,
        "dmean2": 94.0740356445,
        "dvar": 13429.0371094,
        "dvar2": 43949.4335938,
        "max": 1398.04931641,
        "mean": 843.216918945,
        "median": 834.033508301,
        "min": 569.573303223,
        "var": 7509.56201172
    },
    "spectral_complexity": {
        "dmean": 1.04166662693,
        "dmean2": 1.64705884457,
        "dvar": 4.27326345444,
        "dvar2": 4.7325758934,
        "max": 21,
        "mean": 2.81818175316,
        "median": 2,
        "min": 0,
        "var": 6.74380064011
    },
    "spectral_decrease": {
        "dmean": 1.26945387535e-09,
        "dmean2": 1.51080858934e-09,
        "dvar": 2.69308980516e-17,
        "dvar2": 4.48283286871e-17,
        "max": -3.49090756302e-11,
        "mean": -4.40060388129e-09,
        "median": -1.96489091664e-09,
        "min": -4.47344667975e-08,
        "var": 3.84083516512e-17
    },
    "spectral_energy": {
        "dmean": 0.005196695216,
        "dmean2": 0.00618068873882,
        "dvar": 0.000454090972198,
        "dvar2": 0.00075643445598,
        "max": 0.18398219347,
        "mean": 0.0179674737155,
        "median": 0.00804533716291,
        "min": 0.000143528814078,
        "var": 0.000644693442155
    },
    "spectral_energyband_high": {
        "dmean": 2.14626124944e-05,
        "dmean2": 2.81319626083e-05,
        "dvar": 1.86640871647e-08,
        "dvar2": 3.12632550958e-08,
        "max": 0.00126987334806,
        "mean": 2.37506010308e-05,
        "median": 4.42824466518e-06,
        "min": 1.37964582336e-06,
        "var": 1.99157010883e-08
    },
    "spectral_energyband_low": {
        "dmean": 9.56249859883e-05,
        "dmean2": 0.000176965622813,
        "dvar": 6.79276901394e-09,
        "dvar2": 2.13101269964e-08,
        "max": 0.000430683372542,
        "mean": 0.000124309706734,
        "median": 0.000108831984107,
        "min": 2.58456611846e-06,
        "var": 8.28309421053e-09
    },
    "spectral_energyband_middle_high": {
        "dmean": 0.00483189802617,
        "dmean2": 0.00561711750925,
        "dvar": 0.000409844447859,
        "dvar2": 0.000663057959173,
        "max": 0.172496065497,
        "mean": 0.0169257372618,
        "median": 0.00771412206814,
        "min": 1.33124849526e-05,
        "var": 0.000585964648053
    },
    "spectral_energyband_middle_low": {
        "dmean": 0.000803154543974,
        "dmean2": 0.00106734316796,
        "dvar": 7.55832343202e-06,
        "dvar2": 1.66020581673e-05,
        "max": 0.0249172821641,
        "mean": 0.00163044699002,
        "median": 0.00038204563316,
        "min": 3.18386300933e-05,
        "var": 1.61344960361e-05
    },
    "spectral_entropy": {
        "dmean": 0.182006284595,
        "dmean2": 0.237649008632,
        "dvar": 0.0720944032073,
        "dvar2": 0.102720327675,
        "max": 7.94107627869,
        "mean": 5.64908027649,
        "median": 5.38127231598,
        "min": 3.73336052895,
        "var": 1.68125724792
    },
    "spectral_flux": {
        "dmean": 0.0117862271145,
        "dmean2": 0.0182013269514,
        "dvar": 0.0019878463354,
        "dvar2": 0.00585472490638,
        "max": 0.404449850321,
        "mean": 0.024488626048,
        "median": 0.0123183932155,
        "min": 0.00587197951972,
        "var": 0.00254555931315
    },
    "spectral_kurtosis": {
        "dmean": 4.08017253876,
        "dmean2": 6.47541856766,
        "dvar": 32.7808189392,
        "dvar2": 68.3854064941,
        "max": 76.9779891968,
        "mean": 23.1339588165,
        "median": 19.0504398346,
        "min": 4.09307956696,
        "var": 228.821105957
    },
    "spectral_rms": {
        "dmean": 0.000445814948762,
        "dmean2": 0.000501694681589,
        "dvar": 1.98615657609e-06,
        "dvar2": 3.04546415464e-06,
        "max": 0.0133975679055,
        "mean": 0.00335836736485,
        "median": 0.00280162622221,
        "min": 0.000374203285901,
        "var": 6.25060920356e-06
    },
    "spectral_rolloff": {
        "dmean": 55.2685546875,
        "dmean2": 105.675552368,
        "dvar": 43135.5195312,
        "dvar2": 123884.015625,
        "max": 1658.05664062,
        "mean": 803.136108398,
        "median": 839.794921875,
        "min": 150.732421875,
        "var": 33497.109375
    },
    "spectral_skewness": {
        "dmean": 0.334056198597,
        "dmean2": 0.523402452469,
        "dvar": 0.127078235149,
        "dvar2": 0.276147156954,
        "max": 6.81496572495,
        "mean": 3.82344985008,
        "median": 3.65088176727,
        "min": 1.64955627918,
        "var": 1.82869052887
    },
    "spectral_spread": {
        "dmean": 539464.5625,
        "dmean2": 739753.0625,
        "dvar": 1.6711474217e+12,
        "dvar2": 1.03569699635e+12,
        "max": 22816978,
        "mean": 4186771,
        "median": 3457638.75,
        "min": 885763.6875,
        "var": 6.02123901338e+12
    },
    "spectral_strongpeak": {
        "dmean": 0.449413836002,
        "dmean2": 0.436434030533,
        "dvar": 1.60511362553,
        "dvar2": 2.411921978,
        "max": 11.0706996918,
        "mean": 3.09731864929,
        "median": 2.71892881393,
        "min": 0.0099217183888,
        "var": 5.83224964142
    },
    "zerocrossingrate": {
        "dmean": 0.00402018241584,
        "dmean2": 0.00571986613795,
        "dvar": 6.31679358776e-05,
        "dvar2": 0.000107773797936,
        "max": 0.10888671875,
        "mean": 0.0471736192703,
        "median": 0.03759765625,
        "min": 0.00927734375,
        "var": 0.000356671662303
    },
    "barkbands": {
        "dmean": [4.64156573798e-06, 7.89825062384e-05, 2.8128588383e-05, 1.85150656762e-05, 8.99037040654e-05, 1.84963610081e-05, 6.31971215626e-06, 7.84112125984e-06, 0.000401826109737, 0.00463128276169, 8.57203922351e-05, 3.00220617646e-05, 6.77397183608e-05, 0.000109004540718, 1.91584131244e-05, 6.80828009081e-07, 5.04881381858e-06, 3.00367844375e-07, 2.49032154898e-06, 1.13521009553e-05, 1.52181678459e-06, 2.09134600482e-06, 1.68645635767e-06, 1.03165950804e-06, 2.73306272902e-06, 1.31321212393e-06, 4.41583978272e-07],
        "dmean2": [8.52016091812e-06, 0.000145298457937, 5.12807528139e-05, 3.44668151229e-05, 0.000167570542544, 3.40195874742e-05, 8.97860809346e-06, 1.03774873423e-05, 0.000557982129976, 0.00538743892685, 0.000140346601256, 5.33253369213e-05, 9.86527593341e-05, 0.000135762849823, 2.90618263534e-05, 9.64443302109e-07, 8.71026986715e-06, 4.30146343433e-07, 3.66352333003e-06, 1.69339218701e-05, 1.82230758128e-06, 2.74564581559e-06, 2.66173060481e-06, 1.5689255406e-06, 4.68645748697e-06, 1.92028232959e-06, 6.7533960646e-07],
        "dvar": [1.44226262877e-11, 5.05578023891e-09, 9.92545490242e-10, 1.69339353651e-09, 9.64002850878e-08, 1.21944161435e-08, 5.80415993046e-10, 1.47924950067e-09, 2.68915823654e-06, 0.000368820765289, 3.17068781897e-07, 4.01515976023e-08, 4.86245319564e-08, 4.84453323679e-07, 7.38840233439e-09, 1.09424249176e-11, 1.12385634132e-09, 1.29261174247e-12, 2.3011406669e-10, 6.93976476285e-09, 6.96625743202e-11, 1.71125363879e-10, 1.12273419728e-10, 3.44877945646e-11, 3.20218684902e-10, 5.03001147678e-11, 2.27550205241e-12],
        "dvar2": [4.53567287895e-11, 1.59954787193e-08, 3.23875770647e-09, 4.86834306201e-09, 2.82535381757e-07, 3.5212838867e-08, 1.27022836693e-09, 1.77170644822e-09, 5.97478128839e-06, 0.000591470859945, 8.45548981943e-07, 1.10521099828e-07, 1.17955330836e-07, 9.96811991172e-07, 1.93424902761e-08, 1.17560006868e-11, 3.12397174795e-09, 1.48283284523e-12, 3.35231786774e-10, 1.03912407567e-08, 8.92478937975e-11, 2.31780539206e-10, 2.91388108087e-10, 8.65611610168e-11, 8.78665473714e-10, 1.21906665318e-10, 5.54246839396e-12],
        "max": [2.08090823435e-05, 0.000375959818484, 0.000169378778082, 0.000323078536894, 0.00258034048602, 0.000922032515518, 0.000246073759627, 0.000394468370359, 0.0224156752229, 0.160523369908, 0.00514430552721, 0.00180031056516, 0.00201987312175, 0.00651424983516, 0.000789523124695, 3.65156920452e-05, 0.000291305565042, 1.13663190859e-05, 0.00012798611715, 0.000664354301989, 8.52515804581e-05, 0.000121234188555, 9.79436226771e-05, 5.69272015127e-05, 0.000158592651132, 7.02565230313e-05, 1.72748914338e-05],
        "mean": [4.53294023828e-06, 8.32434598124e-05, 2.98508657579e-05, 1.75654113264e-05, 9.35180578381e-05, 1.38755049193e-05, 7.84908661444e-06, 9.85306451184e-06, 0.000701321929228, 0.0166680905968, 6.41099613858e-05, 2.20280307985e-05, 8.30563658383e-05, 8.89420480235e-05, 4.57565183751e-05, 1.13092198717e-06, 3.4658273762e-06, 5.78254059747e-07, 3.22825053445e-06, 1.22816518342e-05, 1.97808640223e-06, 2.42245801019e-06, 1.48574088144e-06, 1.13933390367e-06, 2.12309282688e-06, 1.55915745381e-06, 1.83821430255e-06],
        "median": [3.60235731023e-06, 6.27484332654e-05, 2.12425038626e-05, 1.03311394923e-05, 6.0585742176e-05, 4.7359758355e-06, 3.26039207721e-06, 1.49362267621e-06, 2.38292886934e-06, 0.00766982650384, 1.11468773412e-06, 8.12908353964e-07, 1.52526104102e-06, 7.94361369572e-07, 3.18483398587e-05, 5.19134175647e-07, 2.49666413765e-07, 2.85515483256e-07, 5.03391277107e-07, 5.56728537049e-07, 4.48558949984e-07, 3.20601742487e-07, 3.25906057697e-07, 3.68787510752e-07, 4.35412090383e-07, 6.54168502479e-07, 1.76533660579e-06],
        "min": [9.8683772265e-09, 5.87312911193e-07, 2.80253100726e-08, 3.6763776734e-07, 3.08116864289e-06, 4.83664109652e-07, 2.98606437354e-07, 1.2233454072e-07, 9.47384890537e-08, 6.61181502437e-07, 1.73997477759e-07, 2.43185468207e-07, 2.18956131448e-07, 1.8123429868e-07, 3.74336923414e-06, 1.79555996738e-07, 7.93506984564e-08, 6.37474570908e-08, 1.89992547917e-07, 2.31337153878e-07, 1.52453083047e-07, 8.22101853259e-08, 1.083200587e-07, 5.28780041975e-08, 6.33794527971e-08, 5.98646963113e-08, 1.12313962575e-07],
        "var": [1.70227321822e-11, 5.76152014986e-09, 9.26473675555e-10, 1.00998276409e-09, 5.37499786901e-08, 6.93810431329e-09, 6.1195093437e-10, 1.75822556514e-09, 9.03137697605e-06, 0.000544836104382, 2.32868018202e-07, 2.76123675036e-08, 6.30902263765e-08, 4.47426373285e-07, 5.53796075664e-09, 1.18984223516e-11, 7.17856885046e-10, 1.93247002601e-12, 2.60516858086e-10, 7.0583605627e-09, 9.77603137331e-11, 2.10580566873e-10, 8.4568088643e-11, 2.93983587474e-11, 2.10446091109e-10, 4.38225393473e-11, 2.60548570566e-12]
    },
    "erbbands": {
        "dmean": [0.0021799148526, 0.0181000120938, 0.0317306220531, 0.0415205322206, 0.251485854387, 0.243642404675, 0.249923691154, 0.0774538516998, 0.054094620049, 0.154440298676, 1.89919149876, 12.5685310364, 105.46346283, 65.2962722778, 4.19505357742, 1.22304165363, 3.09555959702, 3.07851052284, 4.02253627777, 0.752779066563, 0.0801146030426, 0.338794082403, 0.0309587530792, 0.121818587184, 0.0714050009847, 0.640359222889, 0.153996855021, 0.0840217098594, 0.108601599932, 0.0426410101354, 0.0371181592345, 0.0289353057742, 0.017524978146, 0.0191056355834, 0.0211791712791, 0.00924339797348, 0.00307533307932, 0.000456916575786, 8.13484220998e-05, 1.07833247966e-05],
        "dmean2": [0.00392535608262, 0.0338377803564, 0.0581543073058, 0.0762033089995, 0.476488977671, 0.449090182781, 0.472328305244, 0.135231107473, 0.0795736163855, 0.223274081945, 2.60928869247, 17.7456588745, 123.544891357, 76.0672988892, 5.57833337784, 1.90241980553, 4.4952378273, 3.95907688141, 4.92300891876, 1.01842951775, 0.114052116871, 0.58486443758, 0.0464974418283, 0.176538467407, 0.105160541832, 0.952256023884, 0.210221022367, 0.111980684102, 0.150727972388, 0.0504735074937, 0.0580560304224, 0.0428202338517, 0.0285363812, 0.0313787013292, 0.0361321680248, 0.0142004536465, 0.00491747958586, 0.000688448199071, 0.000126855244162, 1.39453131851e-05],
        "dvar": [4.40471376351e-06, 0.000279808038613, 0.00120495795272, 0.00421315990388, 0.612718045712, 0.602066159248, 2.59131264687, 0.127194911242, 0.0128103932366, 0.409687906504, 58.4765968323, 2299.36791992, 186514.1875, 81322.84375, 535.741760254, 36.037853241, 97.548324585, 344.40612793, 630.402709961, 4.79604816437, 0.0832661315799, 5.18003845215, 0.0194752812386, 0.544316649437, 0.15746371448, 22.2692623138, 1.02356040478, 0.276728689671, 0.531114339828, 0.0536288097501, 0.0513261333108, 0.0299715828151, 0.010224994272, 0.0141018647701, 0.0187302064151, 0.0030826414004, 0.000313303229632, 4.46152807854e-06, 8.70053113999e-08, 1.83755577421e-09],
        "dvar2": [1.34088559207e-05, 0.000878090388142, 0.00396859552711, 0.0120169548318, 1.80935907364, 1.74821209908, 7.55961894989, 0.354697465897, 0.0226614102721, 0.983042061329, 106.844581604, 5297.60205078, 289117.65625, 140896.625, 1289.55090332, 91.553314209, 240.228912354, 749.536376953, 1332.3861084, 12.0744800568, 0.194493114948, 14.3930587769, 0.0429829396307, 0.800189852715, 0.22756575048, 33.0755386353, 1.40407848358, 0.423217445612, 0.756113231182, 0.104058273137, 0.131692230701, 0.0735478103161, 0.0270226430148, 0.0375262349844, 0.0510807223618, 0.00782527122647, 0.000817874155473, 1.07945734271e-05, 2.2007229461e-07, 3.80180997794e-09],
        "max": [0.0115349246189, 0.079615265131, 0.190787449479, 0.502211689949, 6.40599012375, 6.56065177917, 13.1876153946, 3.13190841675, 1.2233017683, 6.28495979309, 113.790115356, 614.508239746, 3498.30615234, 2509.69458008, 217.949066162, 58.2930908203, 88.897567749, 180.957168579, 238.713272095, 20.9503860474, 2.59627866745, 19.7339553833, 1.35680377483, 6.26898097992, 3.44449996948, 37.5312423706, 8.96040534973, 4.87160682678, 6.34984779358, 2.43805885315, 2.12699961662, 1.65577912331, 0.95158046484, 1.0891700983, 1.22022998333, 0.521458148956, 0.166531577706, 0.0219513550401, 0.00314868125133, 0.000449045590358],
        "mean": [0.00253276433796, 0.0180868376046, 0.0354613140225, 0.0499275326729, 0.25104290247, 0.275504112244, 0.171586990356, 0.0717260539532, 0.0827293992043, 0.225117698312, 4.16701078415, 25.3055267334, 389.69140625, 216.425537109, 7.89618062973, 1.55797529221, 3.78164172173, 2.57437753677, 3.34508347511, 2.7140545845, 0.224220708013, 0.234228879213, 0.0457547269762, 0.156219825149, 0.104040592909, 0.689457714558, 0.179306209087, 0.0951158702374, 0.11965957284, 0.0467451810837, 0.0351422838867, 0.0294791441411, 0.0183282345533, 0.0169166252017, 0.0164211895317, 0.00840853527188, 0.00325600150973, 0.000876331003383, 0.000246725889156, 5.16188702022e-05],
        "median": [0.00188680796418, 0.013848811388, 0.0280568059534, 0.0325425565243, 0.157227933407, 0.200664207339, 0.0455640591681, 0.0316444523633, 0.0442065186799, 0.0617061778903, 0.207950219512, 5.2002696991, 170.934310913, 103.638175964, 3.27688574791, 0.294596225023, 0.137123778462, 0.0523700676858, 0.172778666019, 2.1046295166, 0.150918155909, 0.0198310185224, 0.0161799881607, 0.0195307377726, 0.0269738081843, 0.0270427372307, 0.0222273524851, 0.0144655909389, 0.0113023808226, 0.0104989018291, 0.00896932184696, 0.00748171377927, 0.00619919039309, 0.00445876410231, 0.00330438069068, 0.00208560167812, 0.00129499845207, 0.000615034543443, 0.000229736499023, 4.08208543377e-05],
        "min": [1.27928597067e-05, 0.000150479594595, 0.00112456467468, 0.00369529682212, 0.0107256975025, 0.00909935869277, 0.00592179130763, 0.0044301119633, 0.00460419617593, 0.00464430265129, 0.00427286326885, 0.00310570374131, 0.0237384755164, 0.0104598971084, 0.0179106388241, 0.00958220846951, 0.0086450073868, 0.0107089839876, 0.0588697604835, 0.33657771349, 0.0557867884636, 0.00765634467825, 0.0078574186191, 0.00884905364364, 0.0110613964498, 0.0118204839528, 0.00820210855454, 0.00743620609865, 0.00380303990096, 0.0030581264291, 0.00294544245116, 0.00161713594571, 0.000961077923421, 0.000724262965377, 0.000508037803229, 0.000344570988091, 0.000124431797303, 3.2345076761e-05, 3.37901765306e-05, 1.5763893316e-05],
        "var": [5.36440393262e-06, 0.000294027820928, 0.00107886560727, 0.00309974863194, 0.333479732275, 0.350883364677, 1.41803026199, 0.0816374868155, 0.0210769232363, 0.499334514141, 285.753997803, 6210.79443359, 285920.8125, 107321.976562, 455.755737305, 31.5201244354, 126.604682922, 320.801208496, 574.187316895, 5.91705036163, 0.0821344032884, 3.29060721397, 0.0229912474751, 0.6112601161, 0.188968867064, 22.5771141052, 1.20087969303, 0.316700190306, 0.598313212395, 0.0611812695861, 0.0403020195663, 0.0256352778524, 0.00780100142583, 0.0100980075076, 0.0124735459685, 0.00236954633147, 0.00023628505005, 4.26566884926e-06, 8.46416412514e-08, 2.10924899768e-09]
    },
    "gfcc": {
        "mean": [-181.528701782, 85.9823455811, -89.4462509155, -33.8252792358, -39.5902557373, 25.4602584839, 4.8569226265, 12.6710739136, -22.7192726135, -24.4898719788, -42.2081451416, -8.24174880981, 17.7713699341],
        "cov": [[1764.9276123, 162.066619873, -884.883117676, -795.004943848, -549.995666504, 153.370803833, 309.30657959, 132.979858398, -190.081924438, -98.486289978, -107.951545715, -75.0519561768, -31.8108024597], [162.066619873, 457.709259033, -178.308151245, -400.402893066, -137.7943573, 87.7755432129, 311.38369751, 170.019958496, -11.3798646927, -185.537887573, -105.909576416, -49.8014335632, 98.2137680054], [-884.883117676, -178.308151245, 781.506469727, 602.442016602, 383.116210938, -26.1258792877, -221.69720459, -102.629371643, 104.593338013, 30.5429134369, 23.7342567444, 144.962631226, 94.4113388062], [-795.004943848, -400.402893066, 602.442016602, 783.519470215, 395.455993652, -145.887649536, -428.134765625, -230.0181427, 96.2859649658, 245.077819824, 171.772445679, 81.7967224121, -79.1897201538], [-549.995666504, -137.7943573, 383.116210938, 395.455993652, 257.932525635, -34.7388114929, -178.44190979, -84.7822647095, 69.2044296265, 83.165397644, 56.8021354675, 56.0430412292, 2.25229787827], [153.370803833, 87.7755432129, -26.1258792877, -145.887649536, -34.7388114929, 111.825637817, 118.545555115, 76.8525924683, -10.4384965897, -82.1293945312, -69.8468780518, 25.8329048157, 63.3634910583], [309.30657959, 311.38369751, -221.69720459, -428.134765625, -178.44190979, 118.545555115, 346.90045166, 196.74319458, -29.5313930511, -197.904724121, -128.23324585, -31.3807125092, 107.537513733], [132.979858398, 170.019958496, -102.629371643, -230.0181427, -84.7822647095, 76.8525924683, 196.74319458, 144.12109375, 9.3015165329, -110.558891296, -76.352142334, -5.61920309067, 67.8391265869], [-190.081924438, -11.3798646927, 104.593338013, 96.2859649658, 69.2044296265, -10.4384965897, -29.5313930511, 9.3015165329, 61.6706886292, 30.6813316345, 20.907365799, 19.3187427521, 7.77105712891], [-98.486289978, -185.537887573, 30.5429134369, 245.077819824, 83.165397644, -82.1293945312, -197.904724121, -110.558891296, 30.6813316345, 198.709381104, 135.809585571, -12.0903310776, -120.144233704], [-107.951545715, -105.909576416, 23.7342567444, 171.772445679, 56.8021354675, -69.8468780518, -128.23324585, -76.352142334, 20.907365799, 135.809585571, 117.919471741, -8.67517375946, -87.1335983276], [-75.0519561768, -49.8014335632, 144.962631226, 81.7967224121, 56.0430412292, 25.8329048157, -31.3807125092, -5.61920309067, 19.3187427521, -12.0903310776, -8.67517375946, 70.0187454224, 51.2999839783], [-31.8108024597, 98.2137680054, 94.4113388062, -79.1897201538, 2.25229787827, 63.3634910583, 107.537513733, 67.8391265869, 7.77105712891, -120.144233704, -87.1335983276, 51.2999839783, 130.526275635]],
        "icov": [[0.00453192181885, -0.0022201074753, 0.004431840498, -0.00705337477848, 0.0118810944259, -0.00625597452745, -0.00149862805847, 0.00111064594239, 0.00435833726078, -0.00552314892411, 0.00704254955053, -0.00752767827362, 0.00109603651799], [-0.0022201074753, 0.0113575886935, -0.00653420947492, 0.0145723959431, -0.0124672502279, 0.00454019522294, -0.0027373211924, 0.00166783516761, -0.00518066203222, 0.00488161155954, -0.0122789237648, 0.0137765388936, -0.00492986058816], [0.004431840498, -0.00653420947492, 0.0212984923273, -0.025639321655, 0.0107155423611, -0.00934788305312, -0.00587312271819, 0.00666449172422, -0.00258379732259, 0.00706701539457, 0.0115958433598, -0.0201559104025, 0.00308530125767], [-0.00705337477848, 0.0145723959431, -0.025639321655, 0.0582650117576, -0.0488355569541, 0.0293639693409, 0.00571448309347, -0.00458778021857, 0.0041416278109, -0.0124591933563, -0.0167596470565, 0.0154664218426, -0.00350652192719], [0.0118810944259, -0.0124672502279, 0.0107155423611, -0.0488355569541, 0.0803329795599, -0.0422601215541, 0.00607306603342, 0.00343496911228, -0.00555233052, 5.50646000193e-05, 0.0111899040639, -0.000632272160146, -0.00466279499233], [-0.00625597452745, 0.00454019522294, -0.00934788305312, 0.0293639693409, -0.0422601215541, 0.0518808737397, -0.0130911506712, -0.00708583043888, 0.0124177774414, -0.0188372004777, 0.0157703645527, -0.0230878647417, 0.0111711164936], [-0.00149862805847, -0.0027373211924, -0.00587312271819, 0.00571448309347, 0.00607306603342, -0.0130911506712, 0.0471266210079, -0.0353141203523, 0.00824952591211, 0.0151931615546, -0.0256180614233, 0.0330443419516, -0.0214079134166], [0.00111064594239, 0.00166783516761, 0.00666449172422, -0.00458778021857, 0.00343496911228, -0.00708583043888, -0.0353141203523, 0.0620899759233, -0.0359454005957, 0.00676244450733, 0.0105807613581, -0.0137708541006, 0.012456599623], [0.00435833726078, -0.00518066203222, -0.00258379732259, 0.0041416278109, -0.00555233052, 0.0124177774414, 0.00824952591211, -0.0359454005957, 0.0625745281577, -0.0345328375697, 0.0131238205358, -0.0154984183609, -0.00536432722583], [-0.00552314892411, 0.00488161155954, 0.00706701539457, -0.0124591933563, 5.50646000193e-05, -0.0188372004777, 0.0151931615546, 0.00676244450733, -0.0345328375697, 0.0766844898462, -0.0523206293583, 0.0258356723934, 0.00298170838505], [0.00704254955053, -0.0122789237648, 0.0115958433598, -0.0167596470565, 0.0111899040639, 0.0157703645527, -0.0256180614233, 0.0105807613581, 0.0131238205358, -0.0523206293583, 0.0840027555823, -0.054227001965, 0.0286069661379], [-0.00752767827362, 0.0137765388936, -0.0201559104025, 0.0154664218426, -0.000632272160146, -0.0230878647417, 0.0330443419516, -0.0137708541006, -0.0154984183609, 0.0258356723934, -0.054227001965, 0.0993037894368, -0.0476115755737], [0.00109603651799, -0.00492986058816, 0.00308530125767, -0.00350652192719, -0.00466279499233, 0.0111711164936, -0.0214079134166, 0.012456599623, -0.00536432722583, 0.00298170838505, 0.0286069661379, -0.0476115755737, 0.0539728142321]]
    },
    "melbands": {
        "dmean": [2.11412261706e-05, 1.76327212102e-05, 9.9237968243e-06, 2.14396586671e-05, 7.67768324295e-06, 2.08406754609e-06, 9.12829023036e-07, 1.47855359955e-06, 3.32904528477e-05, 5.92663091084e-05, 0.000593237695284, 0.000362998223864, 9.81401080935e-06, 4.15963995692e-06, 4.53030543213e-06, 6.57697637507e-06, 6.46366970614e-06, 8.89435341378e-06, 1.33616424591e-06, 3.45221792486e-07, 3.13226173887e-08, 4.51005320201e-07, 4.10167899645e-08, 1.37683180412e-08, 1.14452753053e-07, 8.13079523709e-08, 1.92627300777e-08, 6.05154639288e-07, 1.28675395672e-07, 4.6834067291e-08, 3.53866447256e-08, 5.16340428192e-08, 4.73041907867e-08, 2.31472174761e-08, 1.46438967619e-08, 3.2174394704e-08, 1.66898690424e-08, 1.12836051613e-08, 1.33290329885e-08, 1.56014667851e-08],
        "dmean2": [3.84908598789e-05, 3.30264265358e-05, 1.84791333595e-05, 3.97803451051e-05, 1.43257411764e-05, 3.70111115444e-06, 1.27488374346e-06, 2.17811816583e-06, 4.3695410568e-05, 8.60902582644e-05, 0.00069263757905, 0.000421277683927, 1.65229193954e-05, 7.19949139238e-06, 6.63328819428e-06, 9.87270232145e-06, 7.77132390795e-06, 1.09310931293e-05, 2.06608501685e-06, 4.15088521777e-07, 4.61699798393e-08, 7.78358298703e-07, 6.89378367724e-08, 1.90519990895e-08, 1.66273295577e-07, 1.20914833701e-07, 2.3556799178e-08, 9.03707586986e-07, 1.78686875074e-07, 5.60414363804e-08, 4.74470205347e-08, 7.30469054133e-08, 5.96750524551e-08, 3.45957111847e-08, 2.28133103519e-08, 5.15900566711e-08, 2.34193127113e-08, 1.82071886456e-08, 2.20698908038e-08, 2.57456456154e-08],
        "dvar": [3.69889174845e-10, 3.19621856759e-10, 8.42349801022e-10, 4.18349577203e-09, 2.22976725972e-09, 1.11009229586e-10, 5.88318586556e-12, 4.17235898609e-11, 2.04461301223e-08, 5.90371023179e-08, 5.92221431361e-06, 2.40604913415e-06, 4.2428491831e-09, 7.56959994686e-10, 1.35840436122e-10, 8.10383649075e-10, 1.62941804493e-09, 3.17472292899e-09, 3.76263326052e-11, 1.62546801648e-13, 2.03082366326e-14, 9.27201371237e-12, 4.53706252527e-14, 2.57624033292e-15, 4.87178331531e-13, 2.35865716064e-13, 3.24352018327e-15, 2.03699210277e-11, 7.31794345173e-13, 6.55255336752e-14, 4.63416841522e-14, 1.20519019027e-13, 8.20689273918e-14, 1.81140011709e-14, 7.04839197058e-15, 4.16244899063e-14, 9.36762450785e-15, 3.86340494034e-15, 6.35349164637e-15, 9.29758758861e-15],
        "dvar2": [1.15250764487e-09, 1.01896380222e-09, 2.47764453398e-09, 1.23290133658e-08, 6.46413722549e-09, 3.14432035964e-10, 1.05925693564e-11, 9.52555256895e-11, 3.84459220015e-08, 1.39581402436e-07, 9.24374216993e-06, 4.06454000768e-06, 1.15308518289e-08, 2.05845562817e-09, 3.50577622488e-10, 1.99096716891e-09, 3.37867400724e-09, 6.49299014555e-09, 1.00960510785e-10, 2.44723322553e-13, 2.44861131425e-14, 2.57424047356e-11, 1.20430128001e-13, 2.69640720308e-15, 7.17056188732e-13, 3.38728800868e-13, 3.80413338634e-15, 3.03036207239e-11, 1.07857744003e-12, 8.27948617326e-14, 7.37703626484e-14, 1.69552983849e-13, 1.14314455254e-13, 4.45047780096e-14, 1.78808570462e-14, 1.09132334788e-13, 2.18627233559e-14, 1.01478460373e-14, 1.69682298675e-14, 2.48224648437e-14],
        "max": [0.00010611286416, 9.21443715924e-05, 0.000235297717154, 0.000537557643838, 0.000390556990169, 9.07268477022e-05, 2.60934521066e-05, 6.17896948825e-05, 0.00193615676835, 0.00321566895582, 0.0198550112545, 0.0134511459619, 0.000588911760133, 0.000251026736805, 8.89659277163e-05, 0.000272966193734, 0.000387467123801, 0.000529781274963, 5.5543743656e-05, 5.98837777943e-06, 1.46131287693e-06, 2.63526053459e-05, 1.97500799004e-06, 5.25417306108e-07, 5.90252511756e-06, 4.12919280279e-06, 7.75248622631e-07, 3.5775014112e-05, 7.53147514843e-06, 2.58847899204e-06, 2.02155865736e-06, 2.96866051031e-06, 2.75325669463e-06, 1.31324804897e-06, 8.05559693617e-07, 1.87197588275e-06, 9.31594115627e-07, 5.89554986163e-07, 7.375862765e-07, 8.81389610186e-07],
        "mean": [2.33283935813e-05, 2.08350265893e-05, 1.26811783048e-05, 2.39527416852e-05, 5.80885989621e-06, 1.81301140856e-06, 1.3206448557e-06, 1.6347479459e-06, 6.27080225968e-05, 9.73752321443e-05, 0.00218645832501, 0.00124719180167, 7.23811490388e-06, 3.05310186377e-06, 6.90831984684e-06, 6.50476385999e-06, 5.37432788406e-06, 7.18260434951e-06, 3.12259726343e-06, 1.91635422198e-06, 5.11474134157e-08, 2.97192713106e-07, 4.71363179599e-08, 2.72299480741e-08, 1.42834835515e-07, 1.07026728813e-07, 4.50961010756e-08, 6.36153515643e-07, 1.39791055176e-07, 5.65155495735e-08, 4.10293843345e-08, 5.82886556799e-08, 5.21042444745e-08, 2.27005010345e-08, 1.57190100936e-08, 2.66108557412e-08, 1.74984471357e-08, 1.22046861506e-08, 1.26689503332e-08, 1.36857369881e-08],
        "median": [1.71129922819e-05, 1.62782307598e-05, 9.35487696552e-06, 1.73144653672e-05, 1.86474210295e-06, 7.4206542422e-07, 6.70085114507e-07, 4.2600564143e-07, 3.36013897595e-07, 3.76227461629e-07, 0.000974375347141, 0.000600120867603, 1.54348398951e-07, 9.14261093499e-08, 1.84370264833e-07, 1.30081801331e-07, 6.74602773643e-08, 5.72011025213e-08, 2.19402500079e-06, 1.52797963437e-06, 1.97549550052e-08, 1.50337733373e-08, 1.2977323216e-08, 1.35375239907e-08, 1.51702970186e-08, 2.06299066718e-08, 1.87978521637e-08, 1.7231352345e-08, 1.46283021252e-08, 1.04337276596e-08, 7.5611250594e-09, 6.75009781403e-09, 5.4624353929e-09, 6.11358652591e-09, 5.22402388015e-09, 4.61029525667e-09, 4.69847361018e-09, 4.46134684751e-09, 4.04417166422e-09, 3.69009955925e-09],
        "min": [1.545174797e-07, 4.56333538068e-07, 8.38418600324e-07, 8.12949338069e-07, 3.95573749756e-07, 8.48951557941e-08, 5.14900051485e-08, 4.11573495285e-08, 3.36821912583e-08, 1.82542390093e-08, 1.16052383703e-07, 4.2161385494e-08, 3.10020560335e-08, 1.58686876972e-08, 1.83610247007e-08, 2.37635333633e-08, 1.20668284254e-08, 1.72835399326e-08, 2.63237183162e-07, 4.65841878849e-07, 6.7792136349e-09, 4.9934687496e-09, 5.10079267713e-09, 3.0363078718e-09, 5.90198112604e-09, 7.90394061312e-09, 7.25829485404e-09, 7.01088342936e-09, 4.70968730681e-09, 2.16622897398e-09, 3.56093021736e-09, 1.72912217877e-09, 1.91190663301e-09, 1.61627145001e-09, 1.522231452e-09, 1.60044366648e-09, 7.21436910212e-10, 5.51115431069e-10, 5.71731051391e-10, 5.70945180023e-10],
        "var": [4.40399272605e-10, 3.01659947022e-10, 4.65887939338e-10, 2.35660491121e-09, 1.24176735561e-09, 6.77283854e-11, 8.39039601686e-12, 4.1055568667e-11, 7.55751727866e-08, 1.74871971126e-07, 9.03957061382e-06, 3.32507579515e-06, 3.01088132204e-09, 5.37495881137e-10, 3.28330335142e-10, 7.39371952552e-10, 1.55135615465e-09, 2.93709256916e-09, 2.67820401273e-11, 1.84605737814e-12, 2.40927967816e-14, 5.86533772939e-12, 3.88894137433e-14, 4.05798238436e-15, 5.39990144613e-13, 2.74204270401e-13, 9.05261973103e-15, 2.05791165359e-11, 8.14780046817e-13, 8.97338640568e-14, 5.34585667834e-14, 1.35703853211e-13, 1.01801901598e-13, 1.55275860664e-14, 5.90015622487e-15, 3.06677663678e-14, 8.54104825331e-15, 3.02637968735e-15, 4.61745526932e-15, 6.61325462843e-15]
    },
    "mfcc": {
        "mean": [-868.15222168, 144.10736084, 9.97634887695, -6.79253816605, -5.21161794662, 10.3234214783, 15.5123062134, 17.6420135498, 30.3867893219, 18.3734016418, -25.4175510406, -36.9046859741, -12.2366170883],
        "cov": [[2193.28588867, 150.36038208, -664.597839355, -806.921264648, -759.351806641, -190.007736206, 54.6687011719, -67.6103363037, -108.072235107, 90.7217178345, 182.906005859, 9.90924930573, -265.683959961], [150.36038208, 386.577056885, -114.322311401, -212.622894287, -234.333389282, -123.9114151, 65.9646530151, 113.811264038, 127.120643616, 136.256088257, -29.5415344238, -124.425216675, -78.3583450317], [-664.597839355, -114.322311401, 374.950531006, 335.600921631, 328.34173584, 112.551902771, -46.6141700745, 49.2100143433, 72.1918869019, -90.2583312988, -117.447547913, -28.7877998352, 90.3366241455], [-806.921264648, -212.622894287, 335.600921631, 453.160247803, 411.369415283, 141.661560059, -52.4353103638, -41.2536697388, -32.1543121338, -110.322250366, -45.2961463928, 73.3190155029, 149.629104614], [-759.351806641, -234.333389282, 328.34173584, 411.369415283, 451.726348877, 172.775131226, -70.4284439087, -47.4104232788, -32.7861557007, -125.182121277, -33.3479347229, 89.0480194092, 138.745117188], [-190.007736206, -123.9114151, 112.551902771, 141.661560059, 172.775131226, 107.965316772, -16.7378120422, -46.7325897217, -43.0724868774, -67.8949508667, -3.30781507492, 45.8686752319, 48.8293266296], [54.6687011719, 65.9646530151, -46.6141700745, -52.4353103638, -70.4284439087, -16.7378120422, 66.5787353516, 33.5085029602, 20.5261459351, 30.3868465424, -13.6605882645, -37.6554832458, -17.0225963593], [-67.6103363037, 113.811264038, 49.2100143433, -41.2536697388, -47.4104232788, -46.7325897217, 33.5085029602, 145.92048645, 142.379058838, 35.5739784241, -90.545539856, -114.036933899, -38.8286819458], [-108.072235107, 127.120643616, 72.1918869019, -32.1543121338, -32.7861557007, -43.0724868774, 20.5261459351, 142.379058838, 172.999191284, 52.053352356, -96.7261428833, -125.990653992, -40.9544944763], [90.7217178345, 136.256088257, -90.2583312988, -110.322250366, -125.182121277, -67.8949508667, 30.3868465424, 35.5739784241, 52.053352356, 107.735847473, 26.4736003876, -33.5767555237, -37.0560417175], [182.906005859, -29.5415344238, -117.447547913, -45.2961463928, -33.3479347229, -3.30781507492, -13.6605882645, -90.545539856, -96.7261428833, 26.4736003876, 137.771972656, 118.857078552, 14.9199466705], [9.90924930573, -124.425216675, -28.7877998352, 73.3190155029, 89.0480194092, 45.8686752319, -37.6554832458, -114.036933899, -125.990653992, -33.5767555237, 118.857078552, 165.578277588, 68.1943130493], [-265.683959961, -78.3583450317, 90.3366241455, 149.629104614, 138.745117188, 48.8293266296, -17.0225963593, -38.8286819458, -40.9544944763, -37.0560417175, 14.9199466705, 68.1943130493, 86.2309494019]],
