{
"lowlevel": {
    "average_loudness": 0.99068403244,
    "barkbands_crest": {
        "dmean": 1.59726631641,
        "dmean2": 2.41725039482,
        "dvar": 1.71782302856,
        "dvar2": 3.71111965179,
        "max": 17.2051620483,
        "mean": 13.8002223969,
        "median": 13.8291149139,
        "min": 8.32693862915,
        "var": 3.32706022263
    },
    "barkbands_flatness_db": {
        "dmean": 0.0172421913594,
        "dmean2": 0.0248778648674,
        "dvar": 0.000741380790714,
        "dvar2": 0.00166641932447,
        "max": 0.32555437088,
        "mean": 0.211165547371,
        "median": 0.210537984967,
        "min": 0.0973749160767,
        "var": 0.000941899023019
    },
    "barkbands_kurtosis": {
        "dmean": 1.31887793541,
        "dmean2": 1.49180972576,
        "dvar": 19.2138748169,
        "dvar2": 12.3012361526,
        "max": 41.3355293274,
        "mean": 1.80242908001,
        "median": 0.837269544601,
        "min": -0.809153556824,
        "var": 27.7535247803
    },
    "barkbands_skewness": {
        "dmean": 0.281900048256,
        "dmean2": 0.362188696861,
        "dvar": 0.126247361302,
        "dvar2": 0.0855775400996,
        "max": 4.77903938293,
        "mean": 1.33158111572,
        "median": 1.26624715328,
        "min": 0.58497852087,
        "var": 0.281623333693
    },
    "barkbands_spread": {
        "dmean": 1.1542686224,
        "dmean2": 1.89493715763,
        "dvar": 3.10532331467,
        "dvar2": 5.95144701004,
        "max": 17.3332748413,
        "mean": 10.396443367,
        "median": 10.5529880524,
        "min": 2.40170001984,
        "var": 8.63963127136
    },
    "dissonance": {
        "dmean": 0.0136652784422,
        "dmean2": 0.0204049423337,
        "dvar": 0.000253837264609,
        "dvar2": 0.000324130960507,
        "max": 0.499999880791,
        "mean": 0.481437116861,
        "median": 0.487940639257,
        "min": 0.362618535757,
        "var": 0.000693267036695
    },
    "dynamic_complexity": 0.220423385501,
    "erbbands_crest": {
        "dmean": 1.54053354263,
        "dmean2": 2.27477478981,
        "dvar": 1.45648550987,
        "dvar2": 2.71374845505,
        "max": 14.3099193573,
        "mean": 9.84265995026,
        "median": 9.92132949829,
        "min": 6.12330818176,
        "var": 3.78650283813
    },
    "erbbands_flatness_db": {
        "dmean": 0.0146692730486,
        "dmean2": 0.0191481988877,
        "dvar": 0.000614055490587,
        "dvar2": 0.00108083127998,
        "max": 0.338018298149,
        "mean": 0.283264905214,
        "median": 0.282095700502,
        "min": 0.153640657663,
        "var": 0.00091044860892
    },
    "erbbands_kurtosis": {
        "dmean": 0.337196558714,
        "dmean2": 0.42498883605,
        "dvar": 0.435566544533,
        "dvar2": 0.219582021236,
        "max": 5.98898887634,
        "mean": -0.441410720348,
        "median": -0.670278549194,
        "min": -1.40251553059,
        "var": 0.940934300423
    },
    "erbbands_skewness": {
        "dmean": 0.171925529838,
        "dmean2": 0.234249830246,
        "dvar": 0.0364143103361,
        "dvar2": 0.0355871655047,
        "max": 2.17007565498,
        "mean": 0.54331612587,
        "median": 0.499888300896,
        "min": -0.0294325258583,
        "var": 0.0962990149856
    },
    "erbbands_spread": {
        "dmean": 2.16571807861,
        "dmean2": 3.64516925812,
        "dvar": 5.62204933167,
        "dvar2": 13.7765216827,
        "max": 31.8959560394,
        "mean": 22.1087799072,
        "median": 22.7511997223,
        "min": 15.3439779282,
        "var": 17.7929515839
    },
    "hfc": {
        "dmean": 3.16537427902,
        "dmean2": 4.62878990173,
        "dvar": 28.4548053741,
        "dvar2": 42.055267334,
        "max": 45.1050453186,
        "mean": 30.5312633514,
        "median": 30.7684993744,
        "min": 0.654106378555,
        "var": 67.0316543579
    },
    "melbands_crest": {
        "dmean": 2.1038479805,
        "dmean2": 3.11058425903,
        "dvar": 2.98638296127,
        "dvar2": 6.8641371727,
        "max": 24.9844589233,
        "mean": 19.6041202545,
        "median": 19.7217617035,
        "min": 11.0200405121,
        "var": 5.88024950027
    },
    "melbands_flatness_db": {
        "dmean": 0.0162005517632,
        "dmean2": 0.0246954858303,
        "dvar": 0.00104998797178,
        "dvar2": 0.00250134896487,
        "max": 0.421501278877,
        "mean": 0.244909584522,
        "median": 0.237114727497,
        "min": 0.179740145802,
        "var": 0.00162196892779
    },
    "melbands_kurtosis": {
        "dmean": 1.77662861347,
        "dmean2": 2.25306749344,
        "dvar": 13.0360145569,
        "dvar2": 9.70048713684,
        "max": 36.4601898193,
        "mean": 4.17746353149,
        "median": 3.49031639099,
        "min": 0.856087446213,
        "var": 19.4181404114
    },
    "melbands_skewness": {
        "dmean": 0.324960380793,
        "dmean2": 0.458065718412,
        "dvar": 0.0727856978774,
        "dvar2": 0.102349661291,
        "max": 4.11876058578,
        "mean": 1.82476270199,
        "median": 1.76383638382,
        "min": 1.20096051693,
        "var": 0.168091535568
    },
    "melbands_spread": {
        "dmean": 1.80894207954,
        "dmean2": 2.65701508522,
        "dvar": 5.09299516678,
        "dvar2": 8.79315376282,
        "max": 25.2388572693,
        "mean": 14.6032962799,
        "median": 14.3910665512,
        "min": 2.58622837067,
        "var": 18.226568222
    },
    "pitch_salience": {
        "dmean": 0.0587568357587,
        "dmean2": 0.101117558777,
        "dvar": 0.00253431801684,
        "dvar2": 0.00575960287824,
        "max": 0.864013195038,
        "mean": 0.564822673798,
        "median": 0.55194824934,
        "min": 0.399933755398,
        "var": 0.00393106602132
    },
    "silence_rate_20dB": {
        "dmean": 0,
        "dmean2": 0,
        "dvar": 0,
        "dvar2": 0,
        "max": 1,
        "mean": 1,
        "median": 1,
        "min": 1,
        "var": 0
    },
    "silence_rate_30dB": {
        "dmean": 0,
        "dmean2": 0,
        "dvar": 0,
        "dvar2": 0,
        "max": 1,
        "mean": 1,
        "median": 1,
        "min": 1,
        "var": 0
    },
    "silence_rate_60dB": {
        "dmean": 0,
        "dmean2": 0,
        "dvar": 0,
        "dvar2": 0,
        "max": 0,
        "mean": 0,
        "median": 0,
        "min": 0,
        "var": 0
    },
    "spectral_centroid": {
        "dmean": 78.3685379028,
        "dmean2": 121.514770508,
        "dvar": 19266.0332031,
        "dvar2": 32055.0097656,
        "max": 1605.14282227,
        "mean": 1063.04223633,
        "median": 1054.34301758,
        "min": 301.763336182,
        "var": 67338.1953125
    },
    "spectral_complexity": {
        "dmean": 3.83333325386,
        "dmean2": 6.01694917679,
        "dvar": 16.4055538177,
        "dvar2": 19.4064941406,
        "max": 42,
        "mean": 31.1311473846,
        "median": 32,
        "min": 1,
        "var": 53.8844451904
    },
    "spectral_decrease": {
        "dmean": 7.77767683591e-10,
        "dmean2": 1.04298869541e-09,
        "dvar": 1.83510535883e-18,
        "dvar2": 2.39388199263e-18,
        "max": -2.34217562012e-10,
        "mean": -9.16520814798e-09,
        "median": -9.42693301198e-09,
        "min": -1.08107993668e-08,
        "var": 2.32417382805e-18
    },
    "spectral_energy": {
        "dmean": 0.00313242571428,
        "dmean2": 0.00427209818736,
        "dvar": 3.06886613544e-05,
        "dvar2": 3.97509938921e-05,
        "max": 0.044608514756,
        "mean": 0.0373608283699,
        "median": 0.038582559675,
        "min": 0.000943320570514,
        "var": 4.05477767345e-05
    },
    "spectral_energyband_high": {
        "dmean": 2.11929327634e-05,
        "dmean2": 3.63445979019e-05,
        "dvar": 1.69712610631e-09,
        "dvar2": 3.97391897167e-09,
        "max": 0.000319067388773,
        "mean": 9.62302510743e-05,
        "median": 8.16682804725e-05,
        "min": 1.61292803114e-06,
        "var": 5.25224530534e-09
    },
    "spectral_energyband_low": {
        "dmean": 6.83131584083e-05,
        "dmean2": 9.45559077081e-05,
        "dvar": 8.53305870407e-09,
        "dvar2": 7.70682184736e-09,
        "max": 0.00122120254673,
        "mean": 0.000118092131743,
        "median": 8.0378165876e-05,
        "min": 1.05776562123e-05,
        "var": 3.13682342323e-08
    },
    "spectral_energyband_middle_high": {
        "dmean": 0.00256240833551,
        "dmean2": 0.00400374038145,
        "dvar": 6.67313042868e-06,
        "dvar2": 8.21688354335e-06,
        "max": 0.0228748898953,
        "mean": 0.0133650181815,
        "median": 0.0135941598564,
        "min": 0.000220407862798,
        "var": 1.95447628357e-05
    },
    "spectral_energyband_middle_low": {
        "dmean": 0.00322882947512,
        "dmean2": 0.00451670400798,
        "dvar": 1.76273588295e-05,
        "dvar2": 3.01128875435e-05,
        "max": 0.0318913385272,
        "mean": 0.0240761693567,
        "median": 0.0251989085227,
        "min": 0.000676224881317,
        "var": 1.92847855942e-05
    },
    "spectral_entropy": {
        "dmean": 0.0948632881045,
        "dmean2": 0.138745173812,
        "dvar": 0.0476622246206,
        "dvar2": 0.0793152078986,
        "max": 8.56071281433,
        "mean": 7.28794145584,
        "median": 7.3176445961,
        "min": 6.22351074219,
        "var": 0.0681516304612
    },
    "spectral_flux": {
        "dmean": 0.0131462914869,
        "dmean2": 0.0215377435088,
        "dvar": 0.000502761162352,
        "dvar2": 0.0013129793806,
        "max": 0.195883378386,
        "mean": 0.0800308138132,
        "median": 0.0748660117388,
        "min": 0.0599250197411,
        "var": 0.000489868572913
    },
    "spectral_kurtosis": {
        "dmean": 5.68995761871,
        "dmean2": 9.73728847504,
        "dvar": 14.1116943359,
        "dvar2": 38.2549972534,
        "max": 23.36095047,
        "mean": 10.2254419327,
        "median": 9.89664268494,
        "min": 2.54134082794,
        "var": 24.9164123535
    },
    "spectral_rms": {
        "dmean": 0.000291831238428,
        "dmean2": 0.000376483483706,
        "dvar": 4.93545485369e-07,
        "dvar2": 5.66973653804e-07,
        "max": 0.00659700715914,
        "mean": 0.00599022395909,
        "median": 0.00613526860252,
        "min": 0.000959329307079,
        "var": 5.66828930459e-07
    },
    "spectral_rolloff": {
        "dmean": 137.8125,
        "dmean2": 232.850570679,
        "dvar": 40961.3984375,
        "dvar2": 77339.6640625,
        "max": 2368.65234375,
        "mean": 1293.75720215,
        "median": 1291.9921875,
        "min": 301.46484375,
        "var": 101664.203125
    },
    "spectral_skewness": {
        "dmean": 0.463132977486,
        "dmean2": 0.783581674099,
        "dvar": 0.149040237069,
        "dvar2": 0.349618583918,
        "max": 3.99120974541,
        "mean": 1.8129940033,
        "median": 1.76369440556,
        "min": 1.01057207584,
        "var": 0.263708889484
    },
    "spectral_spread": {
        "dmean": 596338.6875,
        "dmean2": 608207.875,
        "dvar": 6.22977089536e+12,
        "dvar2": 3.21343507661e+12,
        "max": 26702548,
        "mean": 2559076,
        "median": 2033149.75,
        "min": 1312285.5,
        "var": 1.04077155369e+13
    },
    "spectral_strongpeak": {
        "dmean": 0.332740366459,
        "dmean2": 0.551812946796,
        "dvar": 0.108210749924,
        "dvar2": 0.19061525166,
        "max": 2.6326956749,
        "mean": 2.04326272011,
        "median": 2.13415837288,
        "min": 0.0440688431263,
        "var": 0.257877469063
    },
    "zerocrossingrate": {
        "dmean": 0.00438639335334,
        "dmean2": 0.00452694669366,
        "dvar": 1.29818263304e-05,
        "dvar2": 1.50715350173e-05,
        "max": 0.06005859375,
        "mean": 0.036485016346,
        "median": 0.037109375,
        "min": 0.005859375,
        "var": 7.68969111959e-05
    },
    "barkbands": {
        "dmean": [2.71929775408e-06, 1.90657519852e-05, 1.53868750203e-05, 0.000302062486298, 0.000384884449886, 0.000468948681373, 0.00303138443269, 0.000673106173053, 0.000774085288867, 0.00137456692755, 0.000879422819708, 0.000571821758058, 0.00152471615002, 0.000134788962896, 9.54194692895e-05, 0.000213301740587, 0.000423219957156, 0.000182709976798, 9.26403299673e-05, 2.4710656362e-05, 1.04276441562e-05, 5.6978747125e-06, 2.76018477052e-06, 6.15910494162e-07, 2.71966712262e-07, 1.44801589386e-07, 7.32966043415e-08],
        "dmean2": [4.23408346251e-06, 3.01037307509e-05, 2.42888218054e-05, 0.000520287198015, 0.000638169236481, 0.0008313585422, 0.00450377259403, 0.00122030510101, 0.00133663776796, 0.00222361180931, 0.00150045962073, 0.000880899373442, 0.00270148226991, 0.000224765826715, 0.000161603413289, 0.000355514523108, 0.000726562517229, 0.000315431738272, 0.000160125098773, 4.10437241953e-05, 1.81996092579e-05, 9.57156407821e-06, 4.78015545013e-06, 1.04641037524e-06, 4.27323527674e-07, 2.35937847037e-07, 1.05291356078e-07],
        "dvar": [3.85688286864e-11, 2.52489112951e-10, 2.25789664743e-10, 8.31747058783e-07, 1.41536497722e-06, 1.2911347369e-07, 1.46141019286e-05, 3.29396300458e-07, 5.03465457768e-07, 1.307364073e-06, 4.64714162263e-07, 1.90422881019e-07, 1.56615919877e-06, 1.1282812018e-08, 5.20428544704e-09, 3.25153521885e-08, 1.76533930585e-07, 5.51055094888e-08, 1.80623818125e-08, 1.25846688626e-09, 2.26479598964e-10, 1.07845954389e-10, 2.45828149503e-11, 7.23714165853e-13, 1.84066900177e-13, 1.05614938995e-13, 1.09956409754e-13],
        "dvar2": [4.90469401204e-11, 4.04835470702e-10, 4.67422323069e-10, 2.19306912186e-06, 2.7825349207e-06, 2.21980201331e-07, 2.75359543593e-05, 9.65508775153e-07, 1.23452139178e-06, 3.0496769341e-06, 9.50130868205e-07, 4.32376992876e-07, 3.82910275221e-06, 2.96015247869e-08, 1.42819045479e-08, 6.89334456183e-08, 3.48333799138e-07, 1.21490074889e-07, 3.62652805563e-08, 2.88052204311e-09, 4.79949080479e-10, 3.06563940899e-10, 7.24381110651e-11, 1.53377831269e-12, 4.76515907896e-13, 2.0232555594e-13, 1.42415742285e-13],
        "max": [4.68341095257e-05, 0.000168416067027, 0.000127427483676, 0.0068101612851, 0.0109548922628, 0.00194260408171, 0.0255427844822, 0.00380079937167, 0.00406191824004, 0.00794412940741, 0.00478544132784, 0.00327431689948, 0.00717642670497, 0.000729186285753, 0.00042488987674, 0.00168364937417, 0.00320094358176, 0.0021457595285, 0.000974546535872, 0.000347463879734, 0.000112372690637, 7.17506409273e-05, 3.32990712195e-05, 6.4586110966e-06, 2.89858849101e-06, 2.29046167988e-06, 2.44616057898e-06],
        "mean": [2.76475452665e-06, 3.51380258508e-05, 2.71790613624e-05, 0.000317802623613, 0.000705758749973, 0.000812050711829, 0.0188855286688, 0.00134358962532, 0.00143099937122, 0.00338699691929, 0.00202139280736, 0.00120369158685, 0.00367726851255, 0.000323610613123, 0.000181958894245, 0.000735013280064, 0.00110175367445, 0.000674651237205, 0.000346431857906, 8.46325492603e-05, 3.7285622966e-05, 1.67619418789e-05, 5.96203972236e-06, 1.72564091372e-06, 5.78917081384e-07, 2.70643226941e-07, 9.13360551635e-08],
        "median": [1.22807534808e-06, 2.57890096691e-05, 2.17877022806e-05, 0.000115066111903, 0.000326266686898, 0.000755430432037, 0.0196771677583, 0.00114831130486, 0.00122945965268, 0.00306831672788, 0.00197153468616, 0.00115821068175, 0.00346038863063, 0.000320045277476, 0.000162909607752, 0.000712007516995, 0.0009763763519, 0.000516688451171, 0.000282030610833, 7.31965628802e-05, 3.19695718645e-05, 1.07362675408e-05, 3.26977715304e-06, 1.17872116334e-06, 4.29617529107e-07, 1.60227870083e-07, 9.6688772544e-09],
        "min": [2.6865187408e-08, 5.11549933435e-06, 4.75003957945e-07, 3.83216911359e-06, 5.04887684656e-05, 7.74054424255e-05, 0.000237485670368, 5.52945202799e-05, 2.46509771387e-05, 5.26457952219e-05, 2.82408891508e-05, 2.63879283011e-05, 2.56066323345e-05, 8.08163440524e-06, 7.11222128302e-06, 4.85740383738e-06, 7.24098481442e-06, 4.84492557007e-06, 3.91221556129e-06, 2.56628777606e-06, 5.93208937971e-07, 8.72277681196e-08, 2.27744063608e-08, 4.60121185597e-09, 2.54152654477e-09, 1.42059464192e-09, 3.02543989861e-09],
        "var": [3.87770995869e-11, 9.84169079565e-10, 5.61458712856e-10, 9.21597916204e-07, 3.17400372296e-06, 2.02668545057e-07, 2.35324478126e-05, 5.94928110331e-07, 8.04620810868e-07, 2.60755700765e-06, 1.10627206595e-06, 4.77108244468e-07, 2.76970604318e-06, 2.20247144966e-08, 7.81665931981e-09, 1.75387725676e-07, 4.98357735523e-07, 2.43708512926e-07, 5.71079397105e-08, 3.76662168122e-09, 6.77742195698e-10, 2.93199048373e-10, 4.88978649238e-11, 3.04684771336e-12, 3.52717150192e-13, 1.2666159354e-13, 1.19031005755e-13]
    },
    "erbbands": {
        "dmean": [0.000355651165592, 0.00543970940635, 0.0217997208238, 0.341697275639, 1.91374242306, 1.06659901142, 1.75759112835, 7.43680095673, 51.7959442139, 20.6410121918, 12.781375885, 15.5018014908, 27.0570659637, 46.076625824, 30.0117988586, 25.521074295, 67.4544754028, 8.56594181061, 5.73545503616, 7.16473913193, 12.3565149307, 23.4351024628, 9.01206493378, 9.12839984894, 2.79840350151, 1.03329741955, 0.456589192152, 0.430340707302, 0.22108002007, 0.129038050771, 0.0564248375595, 0.0205748267472, 0.00920126028359, 0.00365256587975, 0.00158628774807, 0.000660468707792, 0.000274875230389, 6.37765479041e-05, 1.18520738397e-05, 4.24772042606e-06],
        "dmean2": [0.000564880203456, 0.00848804414272, 0.0355126410723, 0.603854060173, 3.16571879387, 1.30143558979, 2.90426564217, 10.84263134, 73.1447067261, 31.5499763489, 23.0706329346, 27.1325378418, 43.5034751892, 77.1239318848, 49.8423118591, 41.2767677307, 119.922554016, 14.4828233719, 9.48122596741, 12.7803068161, 20.7672901154, 38.9480056763, 15.8102312088, 15.1282577515, 4.17647838593, 1.74476492405, 0.80559527874, 0.712612271309, 0.370312392712, 0.214678734541, 0.0909778475761, 0.0323191843927, 0.0154594406486, 0.00576568488032, 0.00258344691247, 0.00111453176942, 0.000444815552328, 9.65816579992e-05, 1.74443066498e-05, 6.38915389573e-06],
        "dvar": [4.23093354129e-07, 2.0048704755e-05, 0.000681581848767, 1.06512784958, 43.3049888611, 3.49654555321, 12.5455532074, 43.6920890808, 3308.54248047, 525.914672852, 152.130218506, 195.611495972, 524.376098633, 1124.01245117, 742.624450684, 550.741638184, 2792.28588867, 78.5638046265, 14.578332901, 38.0943832397, 141.996612549, 549.477722168, 135.715591431, 203.840713501, 9.38419437408, 2.01704764366, 0.303957790136, 0.518115639687, 0.158114045858, 0.0490892864764, 0.011567058973, 0.00101580494083, 0.000137107213959, 2.94376295642e-05, 6.45457612336e-06, 1.70801854438e-06, 3.66552313835e-07, 4.11683700463e-08, 2.19840812221e-09, 5.4521800269e-11],
        "dvar2": [8.60586453655e-07, 3.41005506925e-05, 0.0014635665575, 2.66487598419, 110.219551086, 2.53007030487, 27.4408283234, 72.5617218018, 5784.12451172, 1335.45446777, 409.892425537, 489.513427734, 978.870910645, 3058.43847656, 1857.63574219, 1420.06750488, 6847.10595703, 231.657211304, 41.5211448669, 82.9260635376, 301.1668396, 1017.53344727, 277.392486572, 508.514862061, 17.8862686157, 3.81513667107, 0.513805568218, 1.29045081139, 0.444459170103, 0.149083569646, 0.0312611497939, 0.00286094308831, 0.000285539921606, 7.15506685083e-05, 1.37165952765e-05, 3.40130623044e-06, 7.09872324478e-07, 5.98519775963e-08, 3.33211214176e-09, 1.21360352323e-10],
        "max": [0.00537800462916, 0.0474414788187, 0.241497859359, 8.20447158813, 51.3229484558, 25.0822944641, 31.2646274567, 44.229888916, 422.930755615, 160.423583984, 71.5397338867, 80.0703887939, 148.796768188, 206.219055176, 193.162582397, 185.884262085, 307.170959473, 75.2595825195, 27.6354370117, 42.9344520569, 123.362281799, 189.359466553, 89.5712356567, 99.0619430542, 30.2119808197, 12.4106721878, 4.74760007858, 5.42737960815, 2.90476131439, 1.50885641575, 0.758095026016, 0.222933635116, 0.0933331772685, 0.0422771945596, 0.016458183527, 0.00910475011915, 0.00425781216472, 0.00149969360791, 0.00035320877214, 5.98223923589e-05],
        "mean": [0.000497638015077, 0.00968437828124, 0.0403758063912, 0.443099409342, 2.36718535423, 1.7607177496, 2.97914981842, 25.8231773376, 300.042266846, 93.0626678467, 29.300535202, 28.9157047272, 82.2910842896, 104.160354614, 68.2453689575, 76.6014633179, 160.174789429, 27.6919593811, 12.9643259048, 18.16132164, 49.5158615112, 61.7219390869, 35.8452033997, 30.4125614166, 10.7251806259, 4.18171739578, 1.88862621784, 1.29189062119, 0.655914902687, 0.325985699892, 0.151989802718, 0.0554692558944, 0.0218250229955, 0.0082088066265, 0.00341739575379, 0.0013692175271, 0.000485759257572, 0.000109751068521, 3.25807814079e-05, 4.51694795629e-05],
        "median": [0.000311829178827, 0.00701609114185, 0.029880322516, 0.199841231108, 0.794108271599, 0.974186420441, 1.96886634827, 26.4492225647, 310.543670654, 95.0902252197, 25.8648529053, 25.1264953613, 86.0414810181, 99.5739974976, 62.6386528015, 70.7220230103, 155.970901489, 24.5019245148, 12.5722961426, 16.459482193, 50.4942512512, 56.3588485718, 31.4669246674, 22.4633998871, 9.38999271393, 3.69373464584, 1.68324053288, 1.03464734554, 0.431963592768, 0.169053435326, 0.0832151174545, 0.0359197482467, 0.0155022544786, 0.00589950056747, 0.00239997147582, 0.000820873130579, 0.000256099330727, 4.33674285887e-05, 2.20017609536e-05, 4.6024510084e-05],
        "min": [5.17067710462e-05, 0.00111780653242, 0.00110926129855, 0.0110685825348, 0.0536936223507, 0.183288916945, 0.41932451725, 2.94294404984, 4.13379430771, 1.89588260651, 1.04537796974, 0.643253028393, 0.704709231853, 2.15204644203, 0.926008820534, 1.59028971195, 1.43241035938, 0.56142604351, 0.441033393145, 0.185910597444, 0.339494735003, 0.38638100028, 0.293794184923, 0.25450694561, 0.12650026381, 0.130403131247, 0.0382210686803, 0.0149637944996, 0.00451449351385, 0.00118164916057, 0.000456673355075, 0.000189379949006, 6.92141256877e-05, 3.75222261937e-05, 3.49706351699e-05, 2.04362622753e-05, 9.02809279069e-06, 1.91914705283e-06, 1.20209533634e-05, 1.39682124427e-05],
        "var": [5.60795911042e-07, 7.14261404937e-05, 0.00163088424597, 1.50740885735, 53.961151123, 12.5259103775, 22.2524757385, 69.5414657593, 6346.90625, 703.039428711, 202.213439941, 267.432098389, 918.156555176, 1915.67553711, 1313.77294922, 1484.97094727, 4685.54003906, 199.55809021, 35.2662506104, 78.6558914185, 821.887451172, 1565.53686523, 513.341491699, 614.807495117, 45.4703063965, 8.43628883362, 1.17515850067, 1.25875484943, 0.431902825832, 0.132186204195, 0.0293235871941, 0.00348353898153, 0.000486074044602, 7.18952214811e-05, 1.13024361781e-05, 2.34068397731e-06, 4.32933035199e-07, 4.52735555712e-08, 2.20780882465e-09, 3.94628739409e-11]
    },
    "gfcc": {
        "mean": [-31.6273269653, 134.76512146, -201.74432373, -17.2463703156, -67.4370269775, -31.8384418488, -29.1250286102, -3.17178702354, -15.6550683975, -7.32963228226, 3.18397092819, 3.22507548332, -11.3041038513],
        "cov": [[890.554321289, -558.464172363, -396.280731201, 125.171806335, -216.697219849, 96.2127685547, -123.593513489, 77.2550888062, 54.0991287231, 27.7087078094, 55.4347610474, 146.612762451, -65.8545913696], [-558.464172363, 882.966430664, 61.9948005676, -134.049880981, 255.99029541, -169.169754028, 183.552185059, -88.2000427246, -30.1640872955, -100.24118042, -44.982624054, -203.739257812, 61.9504890442], [-396.280731201, 61.9948005676, 612.861083984, 47.5156936646, 89.632232666, 48.8078079224, -21.6402950287, -40.8362617493, -89.1161575317, -18.5111579895, -95.4871063232, -38.3663787842, -3.82791996002], [125.171806335, -134.049880981, 47.5156936646, 82.1739578247, -31.9563827515, 40.0821342468, -39.6124038696, 3.4606757164, -3.85802412033, -3.49970984459, -4.40264320374, 32.5589675903, -27.3190078735], [-216.697219849, 255.99029541, 89.632232666, -31.9563827515, 101.28327179, -34.9700164795, 60.1333465576, -26.6876296997, -15.4431371689, -16.5662651062, -14.3435153961, -59.0411567688, 17.5537834167], [96.2127685547, -169.169754028, 48.8078079224, 40.0821342468, -34.9700164795, 60.0045318604, -31.2573776245, 15.6851396561, -4.36218833923, 17.7380199432, 1.8355076313, 33.6212081909, -17.3442401886], [-123.593513489, 183.552185059, -21.6402950287, -39.6124038696, 60.1333465576, -31.2573776245, 59.1288032532, -9.79238605499, 2.92354083061, -7.01111650467, 3.44910955429, -38.3465538025, 14.8418750763], [77.2550888062, -88.2000427246, -40.8362617493, 3.4606757164, -26.6876296997, 15.6851396561, -9.79238605499, 25.7392635345, 13.4766988754, 17.870595932, 14.3539218903, 22.274848938, -3.01973056793], [54.0991287231, -30.1640872955, -89.1161575317, -3.85802412033, -15.4431371689, -4.36218833923, 2.92354083061, 13.4766988754, 31.3004226685, 16.7020244598, 21.2873153687, 14.6585664749, -0.217721238732], [27.7087078094, -100.24118042, -18.5111579895, -3.49970984459, -16.5662651062, 17.7380199432, -7.01111650467, 17.870595932, 16.7020244598, 41.6409111023, 23.2779445648, 29.9597969055, 1.60567092896], [55.4347610474, -44.982624054, -95.4871063232, -4.40264320374, -14.3435153961, 1.8355076313, 3.44910955429, 14.3539218903, 21.2873153687, 23.2779445648, 36.5049552917, 21.7512931824, 5.85095977783], [146.612762451, -203.739257812, -38.3663787842, 32.5589675903, -59.0411567688, 33.6212081909, -38.3465538025, 22.274848938, 14.6585664749, 29.9597969055, 21.7512931824, 65.2700195312, -8.63353443146], [-65.8545913696, 61.9504890442, -3.82791996002, -27.3190078735, 17.5537834167, -17.3442401886, 14.8418750763, -3.01973056793, -0.217721238732, 1.60567092896, 5.85095977783, -8.63353443146, 24.6262550354]],
        "icov": [[0.00861040316522, -0.00717339385301, 0.00993752200156, -0.00717888120562, 0.000748289690819, -0.0134197436273, 0.0174935217947, -0.0144772464409, 0.00854387041181, -0.00652133580297, 0.0139480168, -0.0123893702403, 0.00519215594977], [-0.00717339385301, 0.0421220362186, -0.00979630462825, 0.00841878727078, -0.0395844504237, 0.0413819625974, -0.0427004098892, 0.024621553719, -0.0220735035837, 0.0472525730729, -0.0202338956296, 0.0347206033766, -0.0175104513764], [0.00993752200156, -0.00979630462825, 0.0202730540186, -0.0129261771217, -0.0110535370186, -0.0215818826109, 0.0307491533458, -0.0184741076082, 0.0197115261108, -0.0214932560921, 0.0374782383442, -0.0162460766733, -0.00111276668031], [-0.00717888120562, 0.00841878727078, -0.0129261771217, 0.0547354742885, -0.0238819997758, -0.00350627326407, 0.00855394359678, 0.0184851754457, -0.0252710375935, 0.048722345382, -0.0358221642673, -0.0143492864445, 0.0300806034356], [0.000748289690819, -0.0395844504237, -0.0110535370186, -0.0238819997758, 0.128262937069, -0.017319124192, -0.0384737215936, 0.00733843212947, 0.0230735745281, -0.0647014304996, -0.00637581758201, 0.00694158487022, 0.00220305449329], [-0.0134197436273, 0.0413819625974, -0.0215818826109, -0.00350627326407, -0.017319124192, 0.0967748314142, -0.0617393814027, 0.0152699658647, -0.00387746095657, 0.0249185822904, -0.0346572436392, 0.0415003784001, -0.00652258424088], [0.0174935217947, -0.0427004098892, 0.0307491533458, 0.00855394359678, -0.0384737215936, -0.0617393814027, 0.156057879329, -0.0538134500384, 0.0164761226624, -0.0296877156943, 0.0295936297625, -0.0476803332567, 0.0300910025835], [-0.0144772464409, 0.024621553719, -0.0184741076082, 0.0184851754457, 0.00733843212947, 0.0152699658647, -0.0538134500384, 0.115351162851, -0.0391821749508, 0.0143043287098, -0.0327494740486, 0.0283166244626, -0.0144882369787], [0.00854387041181, -0.0220735035837, 0.0197115261108, -0.0252710375935, 0.0230735745281, -0.00387746095657, 0.0164761226624, -0.0391821749508, 0.103734269738, -0.0618314892054, 0.0183493122458, -0.01714980416, 0.0140702379867], [-0.00652133580297, 0.0472525730729, -0.0214932560921, 0.048722345382, -0.0647014304996, 0.0249185822904, -0.0296877156943, 0.0143043287098, -0.0618314892054, 0.156618580222, -0.0759892091155, -0.000519027409609, 0.00483004655689], [0.0139480168, -0.0202338956296, 0.0374782383442, -0.0358221642673, -0.00637581758201, -0.0346572436392, 0.0295936297625, -0.0327494740486, 0.0183493122458, -0.0759892091155, 0.148944914341, -0.0368712358177, -0.0306265037507], [-0.0123893702403, 0.0347206033766, -0.0162460766733, -0.0143492864445, 0.00694158487022, 0.0415003784001, -0.0476803332567, 0.0283166244626, -0.01714980416, -0.000519027409609, -0.0368712358177, 0.10798919946, -0.0359281785786], [0.00519215594977, -0.0175104513764, -0.00111276668031, 0.0300806034356, 0.00220305449329, -0.00652258424088, 0.0300910025835, -0.0144882369787, 0.0140702379867, 0.00483004655689, -0.0306265037507, -0.0359281785786, 0.100152358413]]
    },
    "melbands": {
        "dmean": [4.01099759983e-06, 8.63609238877e-06, 0.000134116591653, 7.74935106165e-05, 5.49425567442e-05, 0.000243556787609, 0.000704921141732, 0.000196064502234, 0.000103082769783, 0.000107632935396, 0.000151716536493, 0.000201284739887, 0.000108128726424, 6.11305222264e-05, 0.000171186620719, 9.1120156867e-05, 1.49270608745e-05, 1.09801767394e-05, 7.86055534263e-06, 1.46069514813e-05, 1.65556066349e-05, 2.83974495687e-05, 1.432521276e-05, 1.03786496766e-05, 7.8695384218e-06, 3.36526272804e-06, 1.57244880938e-06, 7.9046577639e-07, 3.86611048953e-07, 3.5339408555e-07, 2.41143339963e-07, 1.5448271995e-07, 1.0082353441e-07, 6.81081431253e-08, 3.60235610231e-08, 2.36784778451e-08, 9.76944569686e-09, 7.62815055566e-09, 4.58363347278e-09, 2.72346789565e-09],
        "dmean2": [6.48223385724e-06, 1.32784989546e-05, 0.000227423617616, 0.000128930303617, 9.17594879866e-05, 0.00032700310112, 0.00101652008016, 0.000312694261083, 0.000190317499801, 0.000189012149349, 0.000233480692259, 0.000336439843522, 0.000182306263014, 9.87183593679e-05, 0.000298677827232, 0.000158750000992, 2.44587663474e-05, 1.82779476745e-05, 1.35320342451e-05, 2.45794471994e-05, 2.77558774542e-05, 4.76067871205e-05, 2.31343510677e-05, 1.76991034095e-05, 1.32723462229e-05, 5.63518096897e-06, 2.46627087108e-06, 1.43208046666e-06, 6.53337053791e-07, 6.23158769031e-07, 3.92883578115e-07, 2.7196733754e-07, 1.83890406902e-07, 1.18847687247e-07, 5.83171377855e-08, 3.91155658974e-08, 1.61563544765e-08, 1.26886829932e-08, 7.45425499105e-09, 4.33216351681e-09],
        "dvar": [2.03264523269e-11, 4.631133671e-11, 1.94599962811e-07, 5.15373095311e-08, 1.22632464183e-08, 3.53770204242e-08, 6.68425798267e-07, 3.68013388652e-08, 9.09973785213e-09, 9.40654931725e-09, 1.37298448166e-08, 2.26329230912e-08, 8.73949623781e-09, 2.01068783845e-09, 2.38860824453e-08, 4.27558566329e-09, 1.99418606628e-10, 7.41266839577e-11, 3.29869118132e-11, 1.75613371067e-10, 2.69595124003e-10, 8.21325785161e-10, 2.25555837896e-10, 1.84412055071e-10, 1.48395462585e-10, 1.14470022003e-11, 2.37983482747e-12, 9.39663819845e-13, 1.72793637038e-13, 2.54778864022e-13, 1.32269209149e-13, 6.69954610994e-14, 2.52760255759e-14, 1.6046608893e-14, 4.27256335848e-15, 1.55506207039e-15, 1.96185337555e-16, 8.70143116255e-17, 3.88866539512e-17, 1.60976411325e-17],
        "dvar2": [3.24653637307e-11, 9.35522562195e-11, 5.09571691509e-07, 8.60001634351e-08, 2.35687060979e-08, 6.32621706131e-08, 1.21480206872e-06, 9.43972437994e-08, 2.41432704939e-08, 2.30880967678e-08, 2.8081514003e-08, 5.99345852947e-08, 1.93345233157e-08, 5.54945245312e-09, 6.31839398579e-08, 1.06649435949e-08, 6.29700680488e-10, 2.01506866748e-10, 8.70898839156e-11, 4.26708307577e-10, 6.80829059796e-10, 1.63490909699e-09, 5.43655842566e-10, 4.54099119418e-10, 3.73888975336e-10, 2.31924184718e-11, 4.7899336407e-12, 2.09733163996e-12, 3.87211340465e-13, 7.07172710147e-13, 3.25489391299e-13, 1.91980302098e-13, 7.02584895102e-14, 4.9399144443e-14, 1.10259083425e-14, 4.76403389733e-15, 4.88916681578e-16, 1.87273505394e-16, 9.5236811169e-17, 3.79048435036e-17],
        "max": [4.98192530358e-05, 6.56217016513e-05, 0.00330810272135, 0.00218624132685, 0.00101157848258, 0.00120050832629, 0.0058286213316, 0.00124247430358, 0.000545448914636, 0.000550920318346, 0.00084271945525, 0.000977734918706, 0.000673773291055, 0.000281546090264, 0.00104143167846, 0.0004212273343, 0.000111302317237, 5.73912620894e-05, 3.15991892421e-05, 0.000106961815618, 0.000149079540279, 0.000234459279454, 9.19789963518e-05, 9.73826390691e-05, 8.22616711957e-05, 2.696231968e-05, 1.55922716658e-05, 7.83665745985e-06, 3.79090124625e-06, 3.21220340993e-06, 2.73886939794e-06, 1.79310904969e-06, 1.13324153972e-06, 8.32721241295e-07, 4.62326340767e-07, 2.59362707311e-07, 1.03821619746e-07, 7.14337744512e-08, 5.25803898199e-08, 2.83336234475e-08],
        "mean": [7.00988448443e-06, 1.66954832821e-05, 0.000152221342432, 0.000144780162373, 9.22215549508e-05, 0.000665538478643, 0.00418377062306, 0.000688753847498, 0.000197980742087, 0.000192574909306, 0.000436779664597, 0.00044958019862, 0.00025264089345, 0.000120937329484, 0.00043365280726, 0.000215195148485, 3.51969865733e-05, 2.26765787374e-05, 1.46001157191e-05, 3.94783091906e-05, 6.06430003245e-05, 6.83048783685e-05, 4.22264347435e-05, 2.88197479676e-05, 2.51383153227e-05, 9.91700289887e-06, 4.38316874352e-06, 2.35071911447e-06, 1.23410541164e-06, 8.95913672139e-07, 6.85355246333e-07, 3.95492236294e-07, 2.48270055181e-07, 1.50828839196e-07, 9.3577170901e-08, 5.13167108807e-08, 2.718207881e-08, 1.6197704511e-08, 9.73132330273e-09, 5.84763970579e-09],
        "median": [4.54531345895e-06, 1.29117261167e-05, 5.86462338106e-05, 6.23261803412e-05, 5.57812454645e-05, 0.000665865314659, 0.00434686569497, 0.000677069125231, 0.000181150608114, 0.000164383891388, 0.00044122923282, 0.000428475206718, 0.000239415225224, 0.000114098314953, 0.000395809067413, 0.000200168753508, 2.71915105259e-05, 2.17816595978e-05, 1.27656239783e-05, 4.07060506404e-05, 5.66664130019e-05, 5.68759169255e-05, 3.946193101e-05, 1.95254306163e-05, 1.80746010301e-05, 8.97793870536e-06, 3.83759379474e-06, 1.8528602368e-06, 1.07380662939e-06, 6.68557959216e-07, 5.12327744673e-07, 2.52548232993e-07, 1.72669345488e-07, 7.22742470316e-08, 5.09340232213e-08, 3.43554269477e-08, 1.85018667054e-08, 1.07237427827e-08, 5.79322545491e-09, 4.04056343939e-09],
        "min": [9.04281023395e-07, 7.38496112263e-07, 3.87203090213e-06, 7.20548996469e-06, 8.56232236401e-06, 6.62080565235e-05, 6.00190760451e-05, 1.79269100045e-05, 7.49197988625e-06, 3.64912193618e-06, 3.57952694685e-06, 8.91647141543e-06, 3.34308697347e-06, 3.03885462927e-06, 5.49952801521e-06, 1.83228132755e-06, 7.71579607317e-07, 7.0510623118e-07, 3.70269418681e-07, 2.4467075832e-07, 4.39244246309e-07, 4.60586619511e-07, 2.20127802208e-07, 2.72959510994e-07, 2.0451710725e-07, 1.31543501425e-07, 7.84353701988e-08, 6.76020448509e-08, 2.34425812096e-08, 1.45687595321e-08, 6.55567244934e-09, 2.76205258665e-09, 8.95659435507e-10, 5.93236515467e-10, 2.53284809792e-10, 1.86920645628e-10, 7.59816931595e-11, 4.26933766118e-11, 1.96828300186e-11, 2.01428960317e-11],
        "var": [5.43598707714e-11, 1.69851022136e-10, 2.16001836861e-07, 1.40974009355e-07, 2.66433488605e-08, 6.42710986654e-08, 1.20818219784e-06, 5.1127333478e-08, 1.06857411808e-08, 1.40715057384e-08, 2.76920566478e-08, 4.05731626074e-08, 1.80192767374e-08, 3.34821437242e-09, 5.06182225024e-08, 9.77241754185e-09, 4.50927489792e-10, 1.51914689162e-10, 4.76636091706e-11, 5.51627743484e-10, 1.29398425308e-09, 2.24768226254e-09, 5.86627468824e-10, 5.48263046074e-10, 4.37569175338e-10, 3.91031963753e-11, 9.57922977052e-12, 2.92531710661e-12, 5.01211106039e-13, 4.61954476408e-13, 3.78046769237e-13, 1.56827608083e-13, 7.9263181576e-14, 3.06080132756e-14, 1.12879879597e-14, 3.43928262639e-15, 8.02073603084e-16, 2.74634101293e-16, 1.10022062431e-16, 3.62926320938e-17]
    },
    "mfcc": {
        "mean": [-651.660217285, 171.663223267, -81.5877761841, 4.71537351608, -33.8547973633, -25.5003089905, -16.1350650787, -1.30345082283, -16.5543270111, -15.5672540665, -1.28374707699, 11.3408584595, 5.51389837265],
        "cov": [[1255.33874512, -681.361877441, -381.20892334, -55.4027252197, -149.348464966, -32.4242362976, -206.675109863, 129.363830566, -114.023345947, -48.2470359802, 58.0738296509, 73.0200119019, 90.205619812], [-681.361877441, 896.3203125, -37.1648139954, 68.0833435059, 52.591884613, -21.8900146484, 192.005371094, -94.7822036743, 125.176124573, 32.1446418762, -54.0085792542, -43.458240509, -75.0641174316], [-381.20892334, -37.1648139954, 437.544830322, 45.2269935608, 128.700759888, 53.8232650757, 30.8622837067, -8.06387519836, -1.97394180298, -3.62272143364, -32.7180862427, -54.6070365906, -56.3773765564], [-55.4027252197, 68.0833435059, 45.2269935608, 39.7053489685, 26.3925704956, 12.0307655334, 16.563287735, -0.433764904737, 5.61606311798, -5.51454782486, -4.14846944809, -6.11948108673, -9.15938091278], [-149.348464966, 52.591884613, 128.700759888, 26.3925704956, 57.5988502502, 17.1535644531, 26.9552497864, -8.8573589325, 4.54821109772, 2.26363062859, -11.4560804367, -17.5611915588, -21.8469219208], [-32.4242362976, -21.8900146484, 53.8232650757, 12.0307655334, 17.1535644531, 34.5637588501, 7.21017694473, 3.4545981884, -1.51278686523, -1.31654131413, -1.37693428993, 2.34311366081, -0.380097746849], [-206.675109863, 192.005371094, 30.8622837067, 16.563287735, 26.9552497864, 7.21017694473, 69.3812026978, -24.379863739, 31.1283245087, 7.03367853165, -13.4116420746, -6.42253732681, -15.6629314423], [129.363830566, -94.7822036743, -8.06387519836, -0.433764904737, -8.8573589325, 3.4545981884, -24.379863739, 29.4383945465, -14.8717336655, -6.23088264465, 3.54705047607, 7.514336586, 8.11616706848], [-114.023345947, 125.176124573, -1.97394180298, 5.61606311798, 4.54821109772, -1.51278686523, 31.1283245087, -14.8717336655, 29.364938736, 8.98759078979, -4.57769155502, -5.07320976257, -7.70277261734], [-48.2470359802, 32.1446418762, -3.62272143364, -5.51454782486, 2.26363062859, -1.31654131413, 7.03367853165, -6.23088264465, 8.98759078979, 16.9550704956, 4.99585294724, 3.13933491707, -0.0994792506099], [58.0738296509, -54.0085792542, -32.7180862427, -4.14846944809, -11.4560804367, -1.37693428993, -13.4116420746, 3.54705047607, -4.57769155502, 4.99585294724, 25.6397418976, 15.5673675537, 15.6035938263], [73.0200119019, -43.458240509, -54.6070365906, -6.11948108673, -17.5611915588, 2.34311366081, -6.42253732681, 7.514336586, -5.07320976257, 3.13933491707, 15.5673675537, 26.3810348511, 20.7443408966], [90.205619812, -75.0641174316, -56.3773765564, -9.15938091278, -21.8469219208, -0.380097746849, -15.6629314423, 8.11616706848, -7.70277261734, -0.0994792506099, 15.6035938263, 20.7443408966, 27.7544384003]],
