{
"lowlevel": {
    "average_loudness": 0.951619684696,
    "barkbands_crest": {
        "dmean": 1.7572054863,
        "dmean2": 2.51211428642,
        "dvar": 2.73494434357,
        "dvar2": 6.1328291893,
        "max": 23.4577903748,
        "mean": 11.2849721909,
        "median": 10.2192411423,
        "min": 3.12298822403,
        "var": 33.6163406372
    },
    "barkbands_flatness_db": {
        "dmean": 0.0154510829598,
        "dmean2": 0.0203622952104,
        "dvar": 0.000361529586371,
        "dvar2": 0.000650371541269,
        "max": 0.268190771341,
        "mean": 0.143376752734,
        "median": 0.127832755446,
        "min": 0.0785244479775,
        "var": 0.00198406726122
    },
    "barkbands_kurtosis": {
        "dmean": 1.77253115177,
        "dmean2": 2.50257778168,
        "dvar": 4.43327331543,
        "dvar2": 7.98828601837,
        "max": 33.5679130554,
        "mean": 5.07931137085,
        "median": 1.5814037323,
        "min": -0.987972021103,
        "var": 67.0720748901
    },
    "barkbands_skewness": {
        "dmean": 0.408993393183,
        "dmean2": 0.561855018139,
        "dvar": 0.0903905108571,
        "dvar2": 0.191677689552,
        "max": 5.02909231186,
        "mean": 1.44161748886,
        "median": 1.2803324461,
        "min": -1.50804328918,
        "var": 2.14960813522
    },
    "barkbands_spread": {
        "dmean": 2.67754507065,
        "dmean2": 4.18374013901,
        "dvar": 9.74765396118,
        "dvar2": 22.4963054657,
        "max": 29.1429977417,
        "mean": 13.6574211121,
        "median": 13.17116642,
        "min": 2.71935558319,
        "var": 34.9705047607
    },
    "dissonance": {
        "dmean": 0.0194249656051,
        "dmean2": 0.0297262985259,
        "dvar": 0.0007858054596,
        "dvar2": 0.000917815952562,
        "max": 0.499876141548,
        "mean": 0.464148551226,
        "median": 0.474743157625,
        "min": 0.17571516335,
        "var": 0.00153301039245
    },
    "dynamic_complexity": 3.40991091728,
    "erbbands_crest": {
        "dmean": 1.87694311142,
        "dmean2": 2.92173910141,
        "dvar": 4.0563750267,
        "dvar2": 7.19217586517,
        "max": 21.625793457,
        "mean": 9.8463602066,
        "median": 8.41702461243,
        "min": 4.4135518074,
        "var": 16.2893276215
    },
    "erbbands_flatness_db": {
        "dmean": 0.0171029288322,
        "dmean2": 0.0215590130538,
        "dvar": 0.000445168174338,
        "dvar2": 0.000649658788461,
        "max": 0.345471680164,
        "mean": 0.193183109164,
        "median": 0.180700585246,
        "min": 0.149063080549,
        "var": 0.00160253560171
    },
    "erbbands_kurtosis": {
        "dmean": 0.856332302094,
        "dmean2": 1.13694345951,
        "dvar": 1.51343584061,
        "dvar2": 2.58402180672,
        "max": 10.9750909805,
        "mean": 0.792802155018,
        "median": 0.0317726135254,
        "min": -1.3345143795,
        "var": 5.15381526947
    },
    "erbbands_skewness": {
        "dmean": 0.268576055765,
        "dmean2": 0.405485719442,
        "dvar": 0.0778215453029,
        "dvar2": 0.173640266061,
        "max": 2.32718539238,
        "mean": 0.442214071751,
        "median": 0.240333154798,
        "min": -1.1525580883,
        "var": 0.645268142223
    },
    "erbbands_spread": {
        "dmean": 4.41496324539,
        "dmean2": 6.20814990997,
        "dvar": 17.2607936859,
        "dvar2": 29.8470096588,
        "max": 50.1233863831,
        "mean": 26.6073818207,
        "median": 26.3263587952,
        "min": 5.18129396439,
        "var": 133.448760986
    },
    "hfc": {
        "dmean": 17.771894455,
        "dmean2": 23.7947826385,
        "dvar": 5703.19433594,
        "dvar2": 9656.30761719,
        "max": 594.261352539,
        "mean": 27.4578742981,
        "median": 6.12043619156,
        "min": 3.48643994331,
        "var": 9020.796875
    },
    "melbands_crest": {
        "dmean": 1.51796150208,
        "dmean2": 2.21833896637,
        "dvar": 1.85643279552,
        "dvar2": 4.36546325684,
        "max": 21.2233123779,
        "mean": 11.9793539047,
        "median": 11.0042028427,
        "min": 4.42778015137,
        "var": 23.0676708221
    },
    "melbands_flatness_db": {
        "dmean": 0.0156899113208,
        "dmean2": 0.0232218243182,
        "dvar": 0.000425344129326,
        "dvar2": 0.000814995088149,
        "max": 0.333710849285,
        "mean": 0.219155043364,
        "median": 0.201649978757,
        "min": 0.124252811074,
        "var": 0.00247309007682
    },
    "melbands_kurtosis": {
        "dmean": 2.88765835762,
        "dmean2": 4.15273523331,
        "dvar": 12.3450870514,
        "dvar2": 22.3666133881,
        "max": 52.0386009216,
        "mean": 10.0783023834,
        "median": 4.67430257797,
        "min": -1.4364606142,
        "var": 198.630325317
    },
    "melbands_skewness": {
        "dmean": 0.466043353081,
        "dmean2": 0.676603853703,
        "dvar": 0.142740979791,
        "dvar2": 0.266934633255,
        "max": 5.79563331604,
        "mean": 2.0705139637,
        "median": 1.86004912853,
        "min": -0.813695132732,
        "var": 2.72739696503
    },
    "melbands_spread": {
        "dmean": 3.84051012993,
        "dmean2": 5.92917299271,
        "dvar": 17.9763050079,
        "dvar2": 49.5133552551,
        "max": 46.3159866333,
        "mean": 18.5570087433,
        "median": 17.9782238007,
        "min": 2.81404328346,
        "var": 102.815132141
    },
    "pitch_salience": {
        "dmean": 0.0526703372598,
        "dmean2": 0.0809920951724,
        "dvar": 0.00194377452135,
        "dvar2": 0.0042018443346,
        "max": 0.872463822365,
        "mean": 0.546167910099,
        "median": 0.559692919254,
        "min": 0.233388051391,
        "var": 0.0128872077912
    },
    "silence_rate_20dB": {
        "dmean": 0.0222222227603,
        "dmean2": 0.0337078645825,
        "dvar": 0.0217283945531,
        "dvar2": 0.0325716473162,
        "max": 1,
        "mean": 0.956043958664,
        "median": 1,
        "min": 0,
        "var": 0.0420239120722
    },
    "silence_rate_30dB": {
        "dmean": 0.0111111113802,
        "dmean2": 0.0224719103426,
        "dvar": 0.0109876524657,
        "dvar2": 0.0219669230282,
        "max": 1,
        "mean": 0.94505494833,
        "median": 1,
        "min": 0,
        "var": 0.0519260987639
    },
    "silence_rate_60dB": {
        "dmean": 0,
        "dmean2": 0,
        "dvar": 0,
        "dvar2": 0,
        "max": 0,
        "mean": 0,
        "median": 0,
        "min": 0,
        "var": 0
    },
    "spectral_centroid": {
        "dmean": 126.757781982,
        "dmean2": 202.59375,
        "dvar": 22561.4941406,
        "dvar2": 52469.859375,
        "max": 2064.10400391,
        "mean": 1053.5982666,
        "median": 1137.51306152,
        "min": 429.723846436,
        "var": 115188.046875
    },
    "spectral_complexity": {
        "dmean": 3.11111116409,
        "dmean2": 4.89887619019,
        "dvar": 13.4987659454,
        "dvar2": 27.1920204163,
        "max": 41,
        "mean": 13.2747249603,
        "median": 12,
        "min": 6,
        "var": 31.6278171539
    },
    "spectral_decrease": {
        "dmean": 6.03062177973e-09,
        "dmean2": 8.12636802294e-09,
        "dvar": 8.58867744533e-16,
        "dvar2": 1.24807636624e-15,
        "max": -8.16519685198e-10,
        "mean": -1.03208162017e-08,
        "median": -2.13492112877e-09,
        "min": -2.37380533008e-07,
        "var": 1.40311134768e-15
    },
    "spectral_energy": {
        "dmean": 0.0243643335998,
        "dmean2": 0.0328143388033,
        "dvar": 0.0137766972184,
        "dvar2": 0.0201942939311,
        "max": 0.949828565121,
        "mean": 0.0414435490966,
        "median": 0.00867617595941,
        "min": 0.00339796231128,
        "var": 0.0224831234664
    },
    "spectral_energyband_high": {
        "dmean": 2.8534044759e-05,
        "dmean2": 4.59025104647e-05,
        "dvar": 4.48251347152e-09,
        "dvar2": 9.95429338957e-09,
        "max": 0.000519550056197,
        "mean": 8.95424600458e-05,
        "median": 7.49986284063e-05,
        "min": 4.61104937131e-05,
        "var": 4.39548175635e-09
    },
    "spectral_energyband_low": {
        "dmean": 0.000959027383942,
        "dmean2": 0.00123461708426,
        "dvar": 1.24954658531e-05,
        "dvar2": 2.07721423067e-05,
        "max": 0.0303417406976,
        "mean": 0.00108552770689,
        "median": 0.000420262280386,
        "min": 4.61624549644e-05,
        "var": 1.2769973182e-05
    },
    "spectral_energyband_middle_high": {
        "dmean": 0.00834684353322,
        "dmean2": 0.0108894379809,
        "dvar": 0.00146661186591,
        "dvar2": 0.00278663472272,
        "max": 0.321231812239,
        "mean": 0.0113646350801,
        "median": 0.00148074515164,
        "min": 0.000562687288038,
        "var": 0.0017542487476
    },
    "spectral_energyband_middle_low": {
        "dmean": 0.0164568684995,
        "dmean2": 0.0237976144999,
        "dvar": 0.00748337246478,
        "dvar2": 0.0109885176644,
        "max": 0.64607912302,
        "mean": 0.0294859204441,
        "median": 0.00478824134916,
        "min": 0.00170575082302,
        "var": 0.0122578376904
    },
    "spectral_entropy": {
        "dmean": 0.116004735231,
        "dmean2": 0.160716921091,
        "dvar": 0.0220090560615,
        "dvar2": 0.0407094433904,
        "max": 7.88759803772,
        "mean": 7.35096693039,
        "median": 7.42323446274,
        "min": 6.47003698349,
        "var": 0.0882189646363
    },
    "spectral_flux": {
        "dmean": 0.0237955842167,
        "dmean2": 0.0314025953412,
        "dvar": 0.00351038714871,
        "dvar2": 0.00523503357545,
        "max": 0.867341816425,
        "mean": 0.0715000033379,
        "median": 0.0335018932819,
        "min": 0.0188096482307,
        "var": 0.0188658237457
    },
    "spectral_kurtosis": {
        "dmean": 2.48485136032,
        "dmean2": 3.81222915649,
        "dvar": 19.2947483063,
        "dvar2": 42.0705108643,
        "max": 43.5104255676,
        "mean": 9.48027992249,
        "median": 7.65774726868,
        "min": 4.7412109375,
        "var": 39.3008308411
    },
    "spectral_rms": {
        "dmean": 0.000992950168438,
        "dmean2": 0.00121816631872,
        "dvar": 1.01622126749e-05,
        "dvar2": 1.22898554764e-05,
        "max": 0.0304411239922,
        "mean": 0.00418339576572,
        "median": 0.00290939188562,
        "min": 0.00182073749602,
        "var": 2.29319284699e-05
    },
    "spectral_rolloff": {
        "dmean": 134.462890625,
        "dmean2": 238.074966431,
        "dvar": 37386.0195312,
        "dvar2": 92791.6015625,
        "max": 2067.1875,
        "mean": 1123.98596191,
        "median": 1248.92578125,
        "min": 344.53125,
        "var": 218695.578125
    },
    "spectral_skewness": {
        "dmean": 0.263609617949,
        "dmean2": 0.415564715862,
        "dvar": 0.129780873656,
        "dvar2": 0.320306271315,
        "max": 5.55455160141,
        "mean": 1.90746378899,
        "median": 1.73983228207,
        "min": 1.35108220577,
        "var": 0.411201715469
    },
    "spectral_spread": {
        "dmean": 334307.25,
        "dmean2": 375579.0625,
        "dvar": 1.34407979008e+12,
        "dvar2": 869833834496,
        "max": 14472728,
        "mean": 3252928.75,
        "median": 3186739,
        "min": 1132208.875,
        "var": 1.60641397555e+12
    },
    "spectral_strongpeak": {
        "dmean": 0.702674329281,
        "dmean2": 0.983456730843,
        "dvar": 1.09939324856,
        "dvar2": 2.27359080315,
        "max": 6.80730628967,
        "mean": 1.46896493435,
        "median": 0.843040168285,
        "min": 0.0871531516314,
        "var": 1.99606490135
    },
    "zerocrossingrate": {
        "dmean": 0.00538194458932,
        "dmean2": 0.00623793015257,
        "dvar": 3.13280943374e-05,
        "dvar2": 3.84938975913e-05,
        "max": 0.08251953125,
        "mean": 0.0474276691675,
        "median": 0.05029296875,
        "min": 0.00830078125,
        "var": 0.00023893317848
    },
    "barkbands": {
        "dmean": [7.96931271907e-06, 0.000244342285441, 0.000181169249117, 0.00416947295889, 0.00415980676189, 0.00301735964604, 0.00213153124787, 0.0084446426481, 0.00393956061453, 0.00240861484781, 0.00206401990727, 0.00229182047769, 0.00204393989407, 0.00103866297286, 0.000131000662805, 5.57705643587e-05, 0.000119380449178, 2.56619823631e-05, 2.72366760328e-05, 2.52928475675e-05, 1.85447443073e-05, 3.43091801369e-06, 1.36102767101e-06, 1.15883904073e-06, 7.43386522117e-07, 6.04947615557e-07, 2.31520471061e-06],
        "dmean2": [1.16152932605e-05, 0.000435837369878, 0.000303836917737, 0.00514808855951, 0.00573656661436, 0.00413322681561, 0.0031137499027, 0.0147783411667, 0.00611112220213, 0.00316828279756, 0.00294864992611, 0.00315864663571, 0.00317732873373, 0.0014085539151, 0.000211318809306, 7.78241155786e-05, 0.000187114696018, 4.19447351305e-05, 4.21492877649e-05, 3.98362426495e-05, 3.11678086291e-05, 5.84779081692e-06, 2.12624900087e-06, 1.73202556653e-06, 1.12740713121e-06, 9.61235400609e-07, 4.13614361605e-06],
        "dvar": [2.51644427518e-10, 5.31679091864e-08, 6.9006546255e-08, 0.000576721213292, 0.000513045699336, 9.54125498538e-05, 9.66375591815e-05, 0.00194662250578, 0.000322665437125, 0.000134225367219, 8.45100075821e-05, 0.000121756602312, 6.3915264036e-05, 6.01925466981e-06, 1.00099889266e-07, 3.10529948422e-08, 1.22017098647e-07, 3.39024253115e-09, 1.06071917916e-09, 2.46519271663e-09, 2.10188733085e-09, 2.52808069617e-11, 1.61574243568e-11, 1.31642448678e-11, 4.00329162181e-12, 1.82845557271e-12, 5.46822621905e-11],
        "dvar2": [2.66774741187e-10, 1.40313943575e-07, 1.68463969885e-07, 0.00119650701527, 0.000786919204984, 0.000218997389311, 0.000243132613832, 0.00508765643463, 0.000672553083859, 0.000272427801974, 0.000167296922882, 0.000228579126997, 0.000163300312124, 1.0726007531e-05, 2.53005197237e-07, 5.90549511514e-08, 2.30373501608e-07, 7.69071650808e-09, 2.06774308786e-09, 5.88419313274e-09, 5.52995116365e-09, 5.04633175524e-11, 4.24821636202e-11, 3.03501633547e-11, 1.01440704794e-11, 4.12349928508e-12, 1.55351898012e-10],
        "max": [0.000242235691985, 0.00162245135289, 0.00210673874244, 0.185986533761, 0.179889902472, 0.0921450331807, 0.0865139737725, 0.352714538574, 0.151012986898, 0.0917641669512, 0.074807561934, 0.0909691601992, 0.0599108524621, 0.0162308644503, 0.00214211037382, 0.00142068380956, 0.00259761861525, 0.00044967175927, 0.00027725144173, 0.000423343706643, 0.000359935278539, 3.53517280018e-05, 3.24695974996e-05, 2.50705052167e-05, 1.45027324834e-05, 1.02513358797e-05, 6.13937372691e-05],
        "mean": [1.23616355268e-05, 0.000341132166795, 0.000212741098949, 0.00280839856714, 0.00456620706245, 0.00685490760952, 0.0018993623089, 0.00822126772255, 0.00487152859569, 0.0019033877179, 0.00266017066315, 0.00269007217139, 0.0021274688188, 0.00148475077003, 0.000170054103364, 9.06738860067e-05, 0.000247627176577, 6.04202905379e-05, 8.43812522362e-05, 6.85548657202e-05, 3.89418673876e-05, 8.42523240863e-06, 2.48017795457e-06, 1.86583463346e-06, 1.62855405961e-06, 1.94705876311e-06, 8.62652359501e-06],
        "median": [5.01998465552e-06, 0.000251008954365, 9.88323736237e-05, 2.99169532809e-05, 0.000673428177834, 0.00242083379999, 0.000142409233376, 0.000656698655803, 0.000180967341294, 8.75639598235e-05, 0.000304065732053, 0.000112215042464, 0.000207283941563, 0.000195223881747, 5.81343047088e-05, 3.49613655999e-05, 0.000151087690028, 4.74929183838e-05, 7.76318047429e-05, 5.30094148417e-05, 3.33289463015e-05, 7.24581741451e-06, 1.62397986969e-06, 9.09682228212e-07, 1.04668845324e-06, 1.59648232056e-06, 8.08925960882e-06],
        "min": [9.9785509633e-08, 1.2154065189e-05, 8.75246678333e-06, 1.62676201398e-06, 0.000335789198289, 0.000196874825633, 2.06846270885e-05, 0.000277958082734, 1.26913837448e-05, 1.83135234693e-05, 4.01983670599e-05, 1.2557462469e-05, 3.50588888978e-05, 5.27375159436e-05, 5.97393545831e-06, 1.24163134387e-05, 2.78935640381e-05, 1.01715959318e-05, 1.40575666592e-05, 9.91499382508e-06, 9.39076107898e-06, 2.79526739178e-06, 8.19190290713e-07, 5.63894673178e-07, 5.29289536644e-07, 1.00338763787e-06, 1.62296998951e-06],
        "var": [1.00640185074e-09, 8.70918341889e-08, 9.72055147486e-08, 0.000404080143198, 0.000576845544856, 0.000143400859088, 9.17870202102e-05, 0.00185716722626, 0.000433429173427, 0.000109508953756, 9.77334711934e-05, 0.000147746730363, 6.90025117365e-05, 1.01868708953e-05, 1.16079540646e-07, 4.03135658189e-08, 1.90194072047e-07, 3.12649928169e-09, 1.54838830646e-09, 2.88869728138e-09, 1.6203638431e-09, 3.0782976862e-11, 1.42534040126e-11, 1.33032803523e-11, 4.00461218006e-12, 2.15475098701e-12, 3.30665494985e-11]
    },
    "erbbands": {
        "dmean": [0.00442138733342, 0.0658825710416, 0.258849412203, 5.29658317566, 20.6789665222, 9.40467357635, 11.6257228851, 30.7545757294, 16.4063091278, 77.7770309448, 156.520202637, 100.753829956, 34.2739143372, 102.122329712, 109.479057312, 87.5686950684, 110.597145081, 52.7009620667, 21.2546653748, 3.25042510033, 3.5020263195, 6.88787984848, 1.99637889862, 1.30082929134, 1.26029801369, 1.16452693939, 0.642984330654, 0.773132503033, 0.151708200574, 0.0519934669137, 0.0343299172819, 0.0204029381275, 0.0230630561709, 0.00911854766309, 0.00570773566142, 0.00238478509709, 0.00140711071435, 0.00221166783012, 0.000236528372625, 4.67143327114e-05],
        "dmean2": [0.00781681202352, 0.115752615035, 0.368039131165, 6.0360751152, 24.6570625305, 13.2243652344, 15.1604995728, 47.4968719482, 17.719039917, 101.369361877, 267.22354126, 149.033935547, 39.3707008362, 145.41986084, 149.41494751, 112.986984253, 169.820297241, 70.9657516479, 30.8835716248, 4.44690227509, 4.68549489975, 10.3581666946, 3.10655236244, 2.15325546265, 1.96917188168, 1.83827221394, 0.97484767437, 1.35965585709, 0.238002046943, 0.0812751352787, 0.0531405881047, 0.0328257270157, 0.0336774028838, 0.0141069134697, 0.00922123342752, 0.0036708584521, 0.00230147410184, 0.00405983999372, 0.000397026422434, 6.9267982326e-05],
        "dvar": [1.66338613781e-05, 0.00425382005051, 0.290122061968, 846.035095215, 13636.5136719, 2090.25805664, 850.386108398, 16059.1445312, 3770.03051758, 164590.78125, 643062.5, 211466.0625, 29615.3671875, 282965.1875, 258322.671875, 196626.15625, 176350.703125, 17653.9824219, 2937.37329102, 110.192405701, 212.738540649, 298.201263428, 30.3479976654, 2.92063093185, 4.43425035477, 5.96894407272, 1.27897286415, 4.86154556274, 0.0810118541121, 0.0192502737045, 0.0114166894928, 0.00352633325383, 0.00527817336842, 0.000458039430669, 0.000241911489866, 3.65959713235e-05, 8.87766782398e-06, 9.93671856122e-05, 3.26397810113e-07, 1.76366619087e-08],
        "dvar2": [4.96646025567e-05, 0.0106145394966, 0.49636772275, 1597.22399902, 19538.28125, 4806.08642578, 1112.83154297, 42284.5, 6255.80322266, 262129.546875, 1632992, 479289.84375, 32785.6875, 632470.5, 493598.125, 349442.21875, 463959.375, 27109.1328125, 6760.72167969, 232.9947052, 409.57409668, 581.851745605, 69.6777038574, 5.926820755, 9.56465339661, 14.7900056839, 2.99252080917, 13.3529233932, 0.18792784214, 0.0457991696894, 0.0296004228294, 0.00900501199067, 0.012127161026, 0.00109962036368, 0.000634267693385, 9.36675569392e-05, 1.90529190149e-05, 0.000282352324575, 8.99557733192e-07, 2.81913088429e-08],
        "max": [0.0351440049708, 0.471467554569, 5.06280183792, 232.637634277, 923.952148438, 388.14944458, 242.575332642, 1087.19128418, 632.629455566, 3331.06835938, 6623.39160156, 3990.52514648, 1391.79248047, 4102.70800781, 4199.78466797, 3735.8112793, 2916.10498047, 914.364685059, 381.938842773, 84.9776611328, 123.747268677, 145.618789673, 41.059387207, 12.1626520157, 17.1247768402, 20.3368968964, 7.85881519318, 17.4530754089, 2.31862545013, 1.05458855629, 0.904637753963, 0.466658681631, 0.522696554661, 0.174877345562, 0.104312308133, 0.0463114567101, 0.0237039607018, 0.0749641209841, 0.00502804527059, 0.00120616599452],
        "mean": [0.00636569829658, 0.0894603505731, 0.300293207169, 3.95301294327, 18.8576087952, 11.0064344406, 41.898727417, 44.4308586121, 20.8939914703, 101.441825867, 161.4193573, 111.68510437, 55.9192314148, 85.7739868164, 124.971817017, 115.412506104, 110.620376587, 78.3883514404, 30.1340045929, 5.10293483734, 5.8711104393, 14.3468141556, 4.28982639313, 4.37934398651, 3.6701965332, 3.14738512039, 1.64658510685, 1.40162217617, 0.378554880619, 0.112205423415, 0.0654347613454, 0.0370671376586, 0.0337991192937, 0.0190944056958, 0.0113891391084, 0.00549518875778, 0.00423352373764, 0.00313194468617, 0.000962878984865, 0.000197575995116],
        "median": [0.00456384662539, 0.0641085356474, 0.136740460992, 0.131495833397, 0.318624347448, 4.05017518997, 16.2603034973, 14.1978435516, 1.92003893852, 8.16737937927, 13.460193634, 4.37443876266, 2.21066737175, 6.84775304794, 9.89196395874, 5.70656299591, 11.6389808655, 11.0921964645, 6.88168621063, 1.64397907257, 2.63009572029, 9.43752098083, 3.14140915871, 3.80283737183, 3.20256996155, 2.41788983345, 1.38642835617, 1.13402402401, 0.333403706551, 0.0811944529414, 0.042527731508, 0.0208297856152, 0.0161640588194, 0.0120690092444, 0.00746193295345, 0.00380282429978, 0.00352350180037, 0.0020814484451, 0.000898309051991, 0.000165637407918],
        "min": [0.00026626008912, 0.00330061092973, 0.0166744552553, 0.0184298194945, 0.113857835531, 2.00531411171, 1.99472951889, 1.57040607929, 0.646710932255, 2.55137872696, 5.38448143005, 0.60951089859, 0.434007525444, 1.47983205318, 1.06070959568, 0.557189941406, 1.24634063244, 3.06909275055, 2.19829130173, 0.580174326897, 0.708997786045, 1.72066688538, 0.582369327545, 0.757821321487, 0.592119276524, 0.47819340229, 0.419993489981, 0.323163509369, 0.12279484421, 0.0284028612077, 0.0228933226317, 0.0128625454381, 0.00736160716042, 0.00599941192195, 0.00397366425022, 0.00247413548641, 0.00189544539899, 0.000682429759763, 0.000543084635865, 7.29055682314e-05],
        "var": [2.99463681586e-05, 0.00676440121606, 0.38264259696, 672.424499512, 14019.6396484, 1906.38049316, 3173.15283203, 14294.5166016, 7213.20947266, 250818.6875, 645106.5, 255903.203125, 62032.4023438, 203990.53125, 278829, 264145.5625, 179284.1875, 31846.640625, 4150.84082031, 128.629104614, 241.512817383, 508.908752441, 30.7214164734, 4.38708162308, 4.28838825226, 6.43808841705, 1.2989667654, 3.36201167107, 0.0817732214928, 0.0186452399939, 0.0108041791245, 0.00352256186306, 0.00515824556351, 0.000531254103407, 0.000215001869947, 3.76782918465e-05, 1.07261375888e-05, 5.86277237744e-05, 2.09640106164e-07, 2.49105571726e-08]
    },
    "gfcc": {
        "mean": [-37.7647743225, 103.938301086, -128.202636719, -6.14718818665, -39.9100570679, -27.0182495117, -21.0371246338, -12.6150255203, -23.8564777374, 8.38155460358, -2.46329474449, 2.41845202446, -4.0353140831],
        "cov": [[1234.44360352, 471.112854004, -274.174682617, -398.251434326, -108.30556488, 295.13458252, 14.8244981766, -21.5416183472, -50.9375114441, -146.934738159, -98.3981552124, -154.649917603, -119.608551025], [471.112854004, 334.674682617, -64.5033416748, -192.616378784, -93.3407440186, 47.1423339844, -12.4180994034, -4.66335201263, 2.14220142365, -78.4109268188, -44.0247383118, -61.6352920532, -52.9001235962], [-274.174682617, -64.5033416748, 227.581420898, 157.0284729, -38.1441574097, -140.936813354, -50.7457046509, 24.3913574219, 0.560301065445, 17.7361564636, 13.0629558563, 35.2839889526, 35.1975097656], [-398.251434326, -192.616378784, 157.0284729, 230.062362671, 74.1221389771, -90.9486465454, -16.4839134216, 8.72735023499, 11.694111824, 54.8210411072, 32.0111312866, 50.3959693909, 43.3948402405], [-108.30556488, -93.3407440186, -38.1441574097, 74.1221389771, 156.918014526, 112.517791748, 54.1810340881, -13.299451828, -0.601697802544, 42.7535018921, 13.7196712494, -2.28301811218, -8.18090438843], [295.13458252, 47.1423339844, -140.936813354, -90.9486465454, 112.517791748, 270.416870117, 91.3955078125, -9.85886192322, -38.8064498901, -6.65017080307, -17.7602996826, -59.901473999, -44.2759819031], [14.8244981766, -12.4180994034, -50.7457046509, -16.4839134216, 54.1810340881, 91.3955078125, 83.0860977173, 20.8505306244, -10.4960784912, 10.9652814865, -4.56661605835, -13.3963336945, -9.78296089172], [-21.5416183472, -4.66335201263, 24.3913574219, 8.72735023499, -13.299451828, -9.85886192322, 20.8505306244, 30.5120067596, -1.00290966034, 0.0930985361338, -4.82746601105, -1.06910634041, 4.59317016602], [-50.9375114441, 2.14220142365, 0.560301065445, 11.694111824, -0.601697802544, -38.8064498901, -10.4960784912, -1.00290966034, 38.1855506897, 12.6224241257, -0.17554949224, 20.7419662476, 14.2043676376], [-146.934738159, -78.4109268188, 17.7361564636, 54.8210411072, 42.7535018921, -6.65017080307, 10.9652814865, 0.0930985361338, 12.6224241257, 52.0832366943, 25.0350875854, 13.7985973358, 16.3507480621], [-98.3981552124, -44.0247383118, 13.0629558563, 32.0111312866, 13.7196712494, -17.7602996826, -4.56661605835, -4.82746601105, -0.17554949224, 25.0350875854, 36.6617622375, 18.1505279541, 11.8963890076], [-154.649917603, -61.6352920532, 35.2839889526, 50.3959693909, -2.28301811218, -59.901473999, -13.3963336945, -1.06910634041, 20.7419662476, 13.7985973358, 18.1505279541, 61.6668663025, 35.1873435974], [-119.608551025, -52.9001235962, 35.1975097656, 43.3948402405, -8.18090438843, -44.2759819031, -9.78296089172, 4.59317016602, 14.2043676376, 16.3507480621, 11.8963890076, 35.1873435974, 35.5514373779]],
        "icov": [[0.00723748188466, -0.00795912928879, 0.0104857943952, -0.0103909214959, 0.0138747654855, -0.0126937162131, 0.0104601141065, -0.00682864151895, 0.00405829539523, -0.00545583525673, 0.00729347765446, -0.0040829651989, 0.00844145473093], [-0.00795912928879, 0.0238206963986, -0.0248379614204, 0.0277575757354, -0.0182886645198, 0.0127812828869, -0.0165888443589, 0.0149761624634, -0.0266874581575, 0.0261288639158, -0.0191050730646, 0.0161541383713, -0.00636377325282], [0.0104857943952, -0.0248379614204, 0.0474690571427, -0.0489099137485, 0.0374889783561, -0.0211284738034, 0.0281332749873, -0.0285486597568, 0.0307670217007, -0.0322989672422, 0.0259121321142, -0.0211838260293, 0.0196250323206], [-0.0103909214959, 0.0277575757354, -0.0489099137485, 0.0729344785213, -0.0626729726791, 0.033742826432, -0.0170659590513, 0.0120806340128, -0.018391886726, 0.0326401852071, -0.0238827653229, 0.0232456550002, -0.035593111068], [0.0138747654855, -0.0182886645198, 0.0374889783561, -0.0626729726791, 0.0849843621254, -0.0481839962304, 0.00897124409676, 0.00469413585961, -0.00348479440436, -0.0317210257053, 0.0190746095031, -0.022345604375, 0.0519758909941], [-0.0126937162131, 0.0127812828869, -0.0211284738034, 0.033742826432, -0.0481839962304, 0.0440737716854, -0.0252002365887, 0.0146568613127, 0.00804229173809, 0.0138611216098, -0.00976440683007, 0.0162264611572, -0.0313645340502], [0.0104601141065, -0.0165888443589, 0.0281332749873, -0.0170659590513, 0.00897124409676, -0.0252002365887, 0.0648845657706, -0.0602341406047, 0.0253017246723, -0.0272303670645, 0.0217859502882, -0.0218934323639, 0.0165961384773], [-0.00682864151895, 0.0149761624634, -0.0285486597568, 0.0120806340128, 0.00469413585961, 0.0146568613127, -0.0602341406047, 0.0981761515141, -0.026345051825, 0.0214291289449, -0.0113055435941, 0.024192398414, -0.0165876820683], [0.00405829539523, -0.0266874581575, 0.0307670217007, -0.018391886726, -0.00348479440436, 0.00804229173809, 0.0253017246723, -0.026345051825, 0.0922392085195, -0.0539731793106, 0.0456276535988, -0.0341910980642, -0.00794556178153], [-0.00545583525673, 0.0261288639158, -0.0322989672422, 0.0326401852071, -0.0317210257053, 0.0138611216098, -0.0272303670645, 0.0214291289449, -0.0539731793106, 0.0923333838582, -0.0566005706787, 0.0441220700741, -0.0332698561251], [0.00729347765446, -0.0191050730646, 0.0259121321142, -0.0238827653229, 0.0190746095031, -0.00976440683007, 0.0217859502882, -0.0113055435941, 0.0456276535988, -0.0566005706787, 0.0756201222539, -0.0342413075268, 0.015679532662], [-0.0040829651989, 0.0161541383713, -0.0211838260293, 0.0232456550002, -0.022345604375, 0.0162264611572, -0.0218934323639, 0.024192398414, -0.0341910980642, 0.0441220700741, -0.0342413075268, 0.0683902427554, -0.0540479235351], [0.00844145473093, -0.00636377325282, 0.0196250323206, -0.035593111068, 0.0519758909941, -0.0313645340502, 0.0165961384773, -0.0165876820683, -0.00794556178153, -0.0332698561251, 0.015679532662, -0.0540479235351, 0.117407806218]]
    },
    "melbands": {
        "dmean": [5.36051629751e-05, 8.79129802343e-05, 0.00170304614585, 0.00101377686951, 0.000363484199625, 0.00063440494705, 0.00030508855707, 0.00119462714065, 0.00112073728815, 0.0006175248418, 0.000151142856339, 0.000406072533224, 0.000315266166581, 0.000371167261619, 0.000231632671785, 0.00017173406377, 8.9176617621e-05, 4.10938737332e-05, 4.92297340315e-06, 3.63292997463e-06, 4.85020973429e-06, 7.22736376702e-06, 4.14236774304e-06, 1.08895017092e-06, 1.17810748179e-06, 1.11892279619e-06, 1.16304499898e-06, 7.53515735141e-07, 3.87518440448e-07, 5.51331709175e-07, 4.21367360559e-07, 9.82698651342e-08, 3.76622040221e-08, 2.98488451733e-08, 2.1377234205e-08, 1.58973474385e-08, 1.28298731639e-08, 2.22812275297e-08, 7.63718244201e-09, 7.72925368153e-09],
        "dmean2": [9.71337140072e-05, 0.000150366555317, 0.00186076492537, 0.00139218335971, 0.000464756391011, 0.000940415658988, 0.000384180952096, 0.00185409607366, 0.00188843626529, 0.000906535307877, 0.00015156774316, 0.000568329938687, 0.000454374821857, 0.000477027177112, 0.000350203859853, 0.000244926166488, 0.000118274721899, 6.20628416073e-05, 7.36640504329e-06, 4.88335217597e-06, 6.38625169813e-06, 1.1055766663e-05, 6.50396714263e-06, 1.76332764568e-06, 1.97409644898e-06, 1.78975358267e-06, 1.82814039817e-06, 1.21323785152e-06, 6.20702110155e-07, 9.32775094498e-07, 7.46969419652e-07, 1.66364273468e-07, 5.94649307573e-08, 4.91932254931e-08, 3.19737694099e-08, 2.6109661988e-08, 2.00079988133e-08, 3.2744114975e-08, 1.13676694724e-08, 1.23336425517e-08],
        "dvar": [2.20745977053e-09, 7.45950590186e-09, 8.89894217835e-05, 3.2141655538e-05, 1.01087175608e-06, 5.94479388383e-06, 1.60152126227e-06, 4.00245953642e-05, 3.02418447973e-05, 8.14146187622e-06, 5.56634631721e-07, 4.36600703324e-06, 2.02042247111e-06, 3.2249799915e-06, 9.2481423053e-07, 2.82530152163e-07, 5.43434097722e-08, 1.09113971192e-08, 2.72933953216e-10, 1.0091417979e-10, 4.74584260779e-10, 3.75349334947e-10, 9.58335633072e-11, 8.28459696678e-12, 1.74713563929e-12, 1.78141084783e-12, 4.82547205319e-12, 1.75148979521e-12, 3.28687354027e-13, 1.16611386346e-12, 1.6017743772e-12, 1.84611948938e-14, 5.45590650227e-15, 6.84258075209e-15, 4.37648921891e-15, 2.42931399789e-15, 1.34642292653e-15, 5.67080511374e-15, 3.74658554438e-16, 2.92621190035e-16],
        "dvar2": [6.54322507287e-09, 1.3994384318e-08, 0.00016182436957, 5.06284522999e-05, 1.41762666317e-06, 1.49326824612e-05, 3.39254847859e-06, 8.59862702782e-05, 7.48685270082e-05, 1.82188286999e-05, 5.07273625772e-07, 9.59403223533e-06, 4.02798468713e-06, 5.8707350945e-06, 2.24311156671e-06, 6.93116533057e-07, 7.69991927996e-08, 2.69922644236e-08, 5.90791915389e-10, 1.57994020644e-10, 9.33742194675e-10, 6.82017553544e-10, 2.26884760979e-10, 1.85606530145e-11, 3.9971689153e-12, 3.36472820092e-12, 1.19219590797e-11, 4.19999928933e-12, 7.41784888722e-13, 2.96216306692e-12, 4.45362713722e-12, 4.03024713754e-14, 1.15009583007e-14, 1.73892018542e-14, 1.12184762009e-14, 6.89007558351e-15, 3.16998607675e-15, 1.32080295391e-14, 8.13267355241e-16, 7.07125338983e-16],
        "max": [0.000339754391462, 0.000626555411145, 0.0757139027119, 0.0446341820061, 0.00883534736931, 0.0217412486672, 0.0121677620336, 0.0517400614917, 0.0456556119025, 0.0248427148908, 0.00631864601746, 0.0161805767566, 0.0115262493491, 0.0149054406211, 0.00799104385078, 0.0036144356709, 0.001654312131, 0.000703217810951, 0.000134435744258, 7.01449316693e-05, 0.000183985917829, 0.00016126895207, 6.58901844872e-05, 2.32130332734e-05, 1.06393999886e-05, 1.09792863441e-05, 1.61801908689e-05, 1.13845198939e-05, 3.98080192099e-06, 7.80089067121e-06, 9.89035015664e-06, 1.01631303551e-06, 5.91386537963e-07, 5.83567612011e-07, 5.62617913147e-07, 3.9464606516e-07, 2.50277707892e-07, 5.77345304009e-07, 1.7461698576e-07, 1.33843812478e-07],
        "mean": [7.78988323873e-05, 0.000129290754558, 0.00128832017072, 0.00106417026836, 0.00121946563013, 0.0010857260786, 0.000323996791849, 0.00139420095365, 0.00121261028107, 0.000682864396367, 0.000249877746683, 0.000332088093273, 0.000397718336899, 0.000393520051148, 0.000245097733568, 0.000192303064978, 0.000135975555168, 5.48157622688e-05, 6.34063962934e-06, 6.23314872428e-06, 6.99085921951e-06, 1.60602776305e-05, 7.15417309038e-06, 2.5049046144e-06, 3.70268776351e-06, 3.3090038869e-06, 2.55188456322e-06, 1.91735580302e-06, 9.79008632385e-07, 1.05676258499e-06, 7.05696322711e-07, 2.29960761544e-07, 8.62361702048e-08, 5.16907476822e-08, 3.89853020977e-08, 2.86444912234e-08, 2.06926369373e-08, 2.77438658713e-08, 1.60864459531e-08, 1.59509792041e-08],
        "median": [6.11519863014e-05, 7.8330442193e-05, 2.21261580009e-05, 0.000119343247206, 0.000487744895509, 0.000364693318261, 2.11888345802e-05, 0.000115894152259, 9.93116263999e-05, 2.09485951927e-05, 9.47565695242e-06, 2.43610720645e-05, 4.40110779891e-05, 8.62112028699e-06, 2.08277451748e-05, 2.57526990026e-05, 1.88341655303e-05, 1.20185941341e-05, 2.16907233153e-06, 2.3348400191e-06, 2.66483311862e-06, 1.00635443232e-05, 4.83438225274e-06, 1.92208040062e-06, 3.21804532177e-06, 3.14605631502e-06, 1.86755926279e-06, 1.53354733357e-06, 8.37147297261e-07, 8.65663139393e-07, 5.60639364267e-07, 2.08839864513e-07, 6.50095159926e-08, 3.34670673396e-08, 2.50614196062e-08, 1.92306366387e-08, 1.04208508489e-08, 1.14541958141e-08, 9.72273284106e-09, 1.01084882687e-08],
        "min": [3.08342100652e-06, 9.68717358774e-06, 3.0896781027e-06, 5.96702011535e-05, 0.000102465492091, 3.45965054294e-05, 5.89240380577e-06, 3.8662168663e-05, 3.49223482772e-05, 1.65458436641e-06, 2.02661408366e-06, 5.83153223488e-06, 4.54417067886e-06, 8.30581541322e-07, 1.82540259175e-06, 3.56072109753e-06, 5.55794849788e-06, 3.49869719685e-06, 3.72964905182e-07, 7.71306702063e-07, 6.52150276892e-07, 1.94859876501e-06, 5.17589739957e-07, 5.28647717601e-07, 6.29680073416e-07, 4.788246315e-07, 3.50233079871e-07, 3.09786145181e-07, 2.75770673852e-07, 2.23641748676e-07, 1.16262604877e-07, 5.9197823532e-08, 1.84783797152e-08, 1.32128459285e-08, 1.2829769247e-08, 1.01377279904e-08, 5.47383427474e-09, 4.9613912978e-09, 4.26670743181e-09, 5.07285591311e-09],
        "var": [3.92131704885e-09, 1.68105209752e-08, 7.3229726695e-05, 3.51895396307e-05, 2.74807939604e-06, 6.14715418124e-06, 2.1978089535e-06, 4.90367019665e-05, 3.21070147038e-05, 1.00112183645e-05, 1.23549227737e-06, 3.16710611514e-06, 2.25726171266e-06, 3.61136380889e-06, 1.13172598049e-06, 3.21843202755e-07, 1.01055555035e-07, 1.44485685638e-08, 2.71235922611e-10, 1.60920013426e-10, 4.91304052996e-10, 6.87055079496e-10, 1.06117677146e-10, 7.30358915707e-12, 2.96521661391e-12, 2.12482700705e-12, 4.98455920636e-12, 2.09144507268e-12, 3.5487951011e-13, 1.02397181446e-12, 1.05355980017e-12, 2.13984900085e-14, 6.66286153651e-15, 5.79020414853e-15, 4.06558577562e-15, 2.17374869935e-15, 1.38582573456e-15, 5.32009916874e-15, 4.74113139698e-16, 3.44105228998e-16]
    },
    "mfcc": {
        "mean": [-689.407653809, 160.028152466, -36.6329803467, 25.9386425018, -16.1800460815, -3.94526410103, 2.10979557037, -16.505443573, -10.7372903824, -9.07982349396, 2.33332800865, 3.91995882988, -6.37401628494],
        "cov": [[1410.78686523, 502.62008667, -185.877761841, -598.452819824, -108.184028625, 86.9703979492, 55.9866485596, 103.964515686, 11.1735010147, 12.9781398773, -49.2253913879, 8.75710201263, -25.0056667328], [502.62008667, 340.297607422, -33.2076873779, -234.207397461, -83.7073364258, -23.3516330719, -26.8307609558, 43.4862670898, -3.77124023438, -1.18599784374, -3.29502797127, -4.59282779694, -15.8137235641], [-185.877761841, -33.2076873779, 192.262695312, 142.219863892, 4.39616966248, -97.7892379761, -59.2127456665, -28.452878952, -15.9225149155, -10.8985500336, -17.821428299, -26.8751239777, -6.10460758209], [-598.452819824, -234.207397461, 142.219863892, 352.682434082, 68.3411941528, -75.251335144, -63.311882019, -57.2790565491, -4.12089157104, -18.3843860626, 14.0219726562, -5.4005689621, 4.17010974884], [-108.184028625, -83.7073364258, 4.39616966248, 68.3411941528, 86.2013168335, 60.3257217407, 28.1066818237, -9.44916915894, -0.78522592783, 3.22528719902, 5.6776266098, 6.472468853, 7.80291461945], [86.9703979492, -23.3516330719, -97.7892379761, -75.251335144, 60.3257217407, 150.497116089, 101.335586548, 28.3052444458, 25.0567035675, 24.2820167542, 10.1916656494, 20.096988678, 13.8370275497], [55.9866485596, -26.8307609558, -59.2127456665, -63.311882019, 28.1066818237, 101.335586548, 135.538803101, 26.6442985535, 15.2008705139, 44.1151504517, 9.18713188171, 8.69832801819, 13.9625844955], [103.964515686, 43.4862670898, -28.452878952, -57.2790565491, -9.44916915894, 28.3052444458, 26.6442985535, 45.6491851807, 21.3493347168, 0.966265797615, -7.83993673325, -1.37310874462, 6.5524930954], [11.1735010147, -3.77124023438, -15.9225149155, -4.12089157104, -0.78522592783, 25.0567035675, 15.2008705139, 21.3493347168, 40.100894928, 11.0443305969, 3.12397742271, -0.644175410271, -1.8138384819], [12.9781398773, -1.18599784374, -10.8985500336, -18.3843860626, 3.22528719902, 24.2820167542, 44.1151504517, 0.966265797615, 11.0443305969, 44.7350769043, 12.6209163666, -5.63978719711, -5.84585285187], [-49.2253913879, -3.29502797127, -17.821428299, 14.0219726562, 5.6776266098, 10.1916656494, 9.18713188171, -7.83993673325, 3.12397742271, 12.6209163666, 27.5392608643, 8.29940414429, -1.36197149754], [8.75710201263, -4.59282779694, -26.8751239777, -5.4005689621, 6.472468853, 20.096988678, 8.69832801819, -1.37310874462, -0.644175410271, -5.63978719711, 8.29940414429, 24.2986278534, 6.87047815323], [-25.0056667328, -15.8137235641, -6.10460758209, 4.17010974884, 7.80291461945, 13.8370275497, 13.9625844955, 6.5524930954, -1.8138384819, -5.84585285187, -1.36197149754, 6.87047815323, 21.6789875031]],
