{
"lowlevel": {
    "average_loudness": 0.96834218502,
    "barkbands_crest": {
        "dmean": 1.57907581329,
        "dmean2": 2.75845170021,
        "dvar": 2.42036056519,
        "dvar2": 3.43494772911,
        "max": 23.7710380554,
        "mean": 18.0314464569,
        "median": 19.3828639984,
        "min": 5.85123443604,
        "var": 16.8249073029
    },
    "barkbands_flatness_db": {
        "dmean": 0.0160511601716,
        "dmean2": 0.0217917077243,
        "dvar": 0.0011199770961,
        "dvar2": 0.00104382622521,
        "max": 0.445713460445,
        "mean": 0.409454375505,
        "median": 0.423447966576,
        "min": 0.121227972209,
        "var": 0.00233764317818
    },
    "barkbands_kurtosis": {
        "dmean": 5.07759094238,
        "dmean2": 8.8949213028,
        "dvar": 60.68176651,
        "dvar2": 128.6537323,
        "max": 74.668838501,
        "mean": 10.4356489182,
        "median": 6.62198162079,
        "min": 1.58974170685,
        "var": 147.326980591
    },
    "barkbands_skewness": {
        "dmean": 0.382278174162,
        "dmean2": 0.639174818993,
        "dvar": 0.265549957752,
        "dvar2": 0.55073094368,
        "max": 6.50025129318,
        "mean": 0.470020323992,
        "median": 0.121759168804,
        "min": -0.626828074455,
        "var": 1.72345507145
    },
    "barkbands_spread": {
        "dmean": 0.411937206984,
        "dmean2": 0.647496581078,
        "dvar": 0.948131322861,
        "dvar2": 0.991805493832,
        "max": 8.72324752808,
        "mean": 1.47870659828,
        "median": 1.22170090675,
        "min": 0.599113106728,
        "var": 1.3961482048
    },
    "dissonance": {
        "dmean": 0.0246720332652,
        "dmean2": 0.0424860902131,
        "dvar": 0.000671128858812,
        "dvar2": 0.00172885705251,
        "max": 0.459378391504,
        "mean": 0.353372216225,
        "median": 0.347178667784,
        "min": 0.297181397676,
        "var": 0.00104105321225
    },
    "dynamic_complexity": 0.873725891113,
    "erbbands_crest": {
        "dmean": 1.20665228367,
        "dmean2": 1.8379240036,
        "dvar": 3.61833405495,
        "dvar2": 5.19905805588,
        "max": 23.8924121857,
        "mean": 18.8993778229,
        "median": 21.2740745544,
        "min": 5.18987035751,
        "var": 23.1660766602
    },
    "erbbands_flatness_db": {
        "dmean": 0.0145466886461,
        "dmean2": 0.0210841372609,
        "dvar": 0.00104693172034,
        "dvar2": 0.00115570495836,
        "max": 0.460216492414,
        "mean": 0.428913325071,
        "median": 0.444006145,
        "min": 0.133204355836,
        "var": 0.00272339675575
    },
    "erbbands_kurtosis": {
        "dmean": 3.17869400978,
        "dmean2": 5.80667495728,
        "dvar": 12.5971975327,
        "dvar2": 31.8234348297,
        "max": 35.2542953491,
        "mean": 12.0309066772,
        "median": 9.63411808014,
        "min": 2.19169378281,
        "var": 70.7037124634
    },
    "erbbands_skewness": {
        "dmean": 0.56599009037,
        "dmean2": 1.06829833984,
        "dvar": 0.154597952962,
        "dvar2": 0.558776021004,
        "max": 3.46241736412,
        "mean": 1.53514111042,
        "median": 1.34495818615,
        "min": 0.566728651524,
        "var": 0.511489629745
    },
    "erbbands_spread": {
        "dmean": 0.818262934685,
        "dmean2": 1.16599476337,
        "dvar": 6.46563196182,
        "dvar2": 5.63572406769,
        "max": 29.6421699524,
        "mean": 3.29195165634,
        "median": 2.67802429199,
        "min": 1.16724300385,
        "var": 11.3730392456
    },
    "hfc": {
        "dmean": 2.39025092125,
        "dmean2": 3.71945095062,
        "dvar": 8.25250339508,
        "dvar2": 13.7045154572,
        "max": 32.4196891785,
        "mean": 20.4730262756,
        "median": 21.4039459229,
        "min": 0.375770509243,
        "var": 34.4108009338
    },
    "melbands_crest": {
        "dmean": 2.0577185154,
        "dmean2": 3.77134823799,
        "dvar": 2.45700955391,
        "dvar2": 4.79730415344,
        "max": 27.2464103699,
        "mean": 21.0694217682,
        "median": 22.5474815369,
        "min": 6.7988858223,
        "var": 23.58436203
    },
    "melbands_flatness_db": {
        "dmean": 0.0152821643278,
        "dmean2": 0.020378112793,
        "dvar": 0.00111273350194,
        "dvar2": 0.00102572620381,
        "max": 0.533896684647,
        "mean": 0.504422426224,
        "median": 0.520183742046,
        "min": 0.207969322801,
        "var": 0.00247006723657
    },
    "melbands_kurtosis": {
        "dmean": 3.57744693756,
        "dmean2": 6.63425588608,
        "dvar": 14.1232910156,
        "dvar2": 36.6580886841,
        "max": 44.6084251404,
        "mean": 5.76835203171,
        "median": 3.51475143433,
        "min": 0.861835002899,
        "var": 51.721031189
    },
    "melbands_skewness": {
        "dmean": 0.237719684839,
        "dmean2": 0.402442932129,
        "dvar": 0.135924383998,
        "dvar2": 0.311506688595,
        "max": 4.20026302338,
        "mean": -0.0300948861986,
        "median": -0.208425447345,
        "min": -1.08644890785,
        "var": 1.11909246445
    },
    "melbands_spread": {
        "dmean": 0.861977875233,
        "dmean2": 1.5423181057,
        "dvar": 1.00278174877,
        "dvar2": 1.61658978462,
        "max": 11.6587686539,
        "mean": 2.84583425522,
        "median": 2.5344004631,
        "min": 1.16712856293,
        "var": 2.18473958969
    },
    "pitch_salience": {
        "dmean": 0.0474548488855,
        "dmean2": 0.0688362792134,
        "dvar": 0.00439147092402,
        "dvar2": 0.00641796179116,
        "max": 0.877499759197,
        "mean": 0.542548656464,
        "median": 0.506686925888,
        "min": 0.257065415382,
        "var": 0.013716429472
    },
    "silence_rate_20dB": {
        "dmean": 0,
        "dmean2": 0,
        "dvar": 0,
        "dvar2": 0,
        "max": 1,
        "mean": 1,
        "median": 1,
        "min": 1,
        "var": 0
    },
    "silence_rate_30dB": {
        "dmean": 0,
        "dmean2": 0,
        "dvar": 0,
        "dvar2": 0,
        "max": 1,
        "mean": 1,
        "median": 1,
        "min": 1,
        "var": 0
    },
    "silence_rate_60dB": {
        "dmean": 0,
        "dmean2": 0,
        "dvar": 0,
        "dvar2": 0,
        "max": 0,
        "mean": 0,
        "median": 0,
        "min": 0,
        "var": 0
    },
    "spectral_centroid": {
        "dmean": 15.7693901062,
        "dmean2": 28.3529586792,
        "dvar": 384.615631104,
        "dvar2": 536.46472168,
        "max": 641.850585938,
        "mean": 443.378875732,
        "median": 441.440673828,
        "min": 286.615905762,
        "var": 2639.09716797
    },
    "spectral_complexity": {
        "dmean": 0.677777767181,
        "dmean2": 1.06741571426,
        "dvar": 0.685061454773,
        "dvar2": 1.32129716873,
        "max": 16,
        "mean": 8.60439586639,
        "median": 9,
        "min": 1,
        "var": 5.18415927887
    },
    "spectral_decrease": {
        "dmean": 1.50868229021e-09,
        "dmean2": 2.48934917124e-09,
        "dvar": 2.49023591949e-18,
        "dvar2": 4.34478684695e-18,
        "max": -1.79507658737e-10,
        "mean": -1.17358256446e-08,
        "median": -1.23433343546e-08,
        "min": -1.53852344198e-08,
        "var": 8.76337971124e-18
    },
    "spectral_energy": {
        "dmean": 0.00590096134692,
        "dmean2": 0.00970349647105,
        "dvar": 3.85540115531e-05,
        "dvar2": 6.72038440825e-05,
        "max": 0.0606409348547,
        "mean": 0.046150598675,
        "median": 0.0486680008471,
        "min": 0.000711588072591,
        "var": 0.000136572605697
    },
    "spectral_energyband_high": {
        "dmean": 1.87371495031e-06,
        "dmean2": 2.12606846617e-06,
        "dvar": 2.18749143799e-10,
        "dvar2": 2.25783239327e-10,
        "max": 0.000143160446896,
        "mean": 2.51174697041e-06,
        "median": 6.62508796268e-07,
        "min": 1.90076320905e-07,
        "var": 2.21984292059e-10
    },
    "spectral_energyband_low": {
        "dmean": 7.91125858086e-05,
        "dmean2": 0.000116252798762,
        "dvar": 1.0661285188e-08,
        "dvar2": 1.61044120262e-08,
        "max": 0.00121059978846,
        "mean": 0.000341906474205,
        "median": 0.000326756446157,
        "min": 1.0774772818e-05,
        "var": 2.83536447654e-08
    },
    "spectral_energyband_middle_high": {
        "dmean": 0.000318406120641,
        "dmean2": 0.000518028798979,
        "dvar": 2.05044415225e-07,
        "dvar2": 4.99762961681e-07,
        "max": 0.00820406153798,
        "mean": 0.00170295895077,
        "median": 0.00103319156915,
        "min": 2.6643885576e-05,
        "var": 2.52748645835e-06
    },
    "spectral_energyband_middle_low": {
        "dmean": 0.00590451760218,
        "dmean2": 0.009681455791,
        "dvar": 3.68836081179e-05,
        "dvar2": 6.43360763206e-05,
        "max": 0.058430030942,
        "mean": 0.0446158833802,
        "median": 0.0472397357225,
        "min": 0.000646528438665,
        "var": 0.000126482234919
    },
    "spectral_entropy": {
        "dmean": 0.118924498558,
        "dmean2": 0.157970950007,
        "dvar": 0.0602607578039,
        "dvar2": 0.0478549860418,
        "max": 7.95175790787,
        "mean": 5.36786222458,
        "median": 5.23798274994,
        "min": 4.9747838974,
        "var": 0.197839841247
    },
    "spectral_flux": {
        "dmean": 0.0115230437368,
        "dmean2": 0.0200030002743,
        "dvar": 0.000639681180473,
        "dvar2": 0.00162976013962,
        "max": 0.19137711823,
        "mean": 0.0456628277898,
        "median": 0.0397342927754,
        "min": 0.0148716634139,
        "var": 0.000757437897846
    },
    "spectral_kurtosis": {
        "dmean": 25.8634109497,
        "dmean2": 45.9495010376,
        "dvar": 672.579833984,
        "dvar2": 1662.60791016,
        "max": 164.147491455,
        "mean": 88.1081008911,
        "median": 93.8600921631,
        "min": 3.06534290314,
        "var": 1491.08203125
    },
    "spectral_rms": {
        "dmean": 0.000466973928269,
        "dmean2": 0.000751476269215,
        "dvar": 3.9180028466e-07,
        "dvar2": 6.12879148321e-07,
        "max": 0.00769167672843,
        "mean": 0.00661307759583,
        "median": 0.00689064385369,
        "min": 0.00083320599515,
        "var": 1.29215845845e-06
    },
    "spectral_rolloff": {
        "dmean": 22.490234375,
        "dmean2": 34.5982933044,
        "dvar": 1895.01599121,
        "dvar2": 2913.55029297,
        "max": 839.794921875,
        "mean": 489.347686768,
        "median": 452.197265625,
        "min": 279.931640625,
        "var": 7276.86523438
    },
    "spectral_skewness": {
        "dmean": 1.43878769875,
        "dmean2": 2.46271514893,
        "dvar": 1.41776263714,
        "dvar2": 3.61514687538,
        "max": 10.0574426651,
        "mean": 6.80242729187,
        "median": 7.21254587173,
        "min": 1.98898208141,
        "var": 3.6383690834
    },
    "spectral_spread": {
        "dmean": 575693.625,
        "dmean2": 629740,
        "dvar": 3.2147636224e+12,
        "dvar2": 1.43109272371e+12,
        "max": 26455656,
        "mean": 1467296.875,
        "median": 973785.9375,
        "min": 441180.0625,
        "var": 8.76334809088e+12
    },
    "spectral_strongpeak": {
        "dmean": 0.221080064774,
        "dmean2": 0.333772420883,
        "dvar": 0.141648679972,
        "dvar2": 0.250643014908,
        "max": 3.70730757713,
        "mean": 3.03932714462,
        "median": 3.30537796021,
        "min": 0.0250411555171,
        "var": 0.6169911623
    },
    "zerocrossingrate": {
        "dmean": 0.000754123262595,
        "dmean2": 0.000949130975641,
        "dvar": 2.31616559176e-06,
        "dvar2": 2.41826023739e-06,
        "max": 0.025390625,
        "mean": 0.0201590396464,
        "median": 0.0205078125,
        "min": 0.0029296875,
        "var": 1.17652316476e-05
    },
    "barkbands": {
        "dmean": [8.42969654968e-07, 1.01859795905e-05, 8.1281796156e-06, 0.00100023287814, 0.00218241452239, 0.0009975139983, 0.00305570894852, 0.00201347167604, 0.000204367708648, 0.000299961131532, 7.55902146921e-05, 5.13060076628e-05, 1.17337949632e-05, 3.82901134799e-06, 1.49695654272e-06, 4.06591198043e-06, 2.78739935311e-06, 1.96296514332e-06, 1.17520244203e-06, 6.32921683064e-07, 3.73990275193e-07, 2.74994590654e-07, 2.14512994035e-07, 2.02371339242e-07, 1.9947199803e-07, 1.91084154721e-07, 2.09943635809e-07],
        "dmean2": [9.42095709888e-07, 1.5047560737e-05, 1.18777516036e-05, 0.001989323413, 0.00403320416808, 0.00145010580309, 0.00469312537462, 0.00304076354951, 0.000323181768181, 0.000498165434692, 0.000112715038995, 8.14072845969e-05, 2.18002696784e-05, 5.81018593948e-06, 1.93306368601e-06, 5.85824273003e-06, 4.07301740779e-06, 3.39067219102e-06, 1.79670598754e-06, 9.00850693597e-07, 4.49552572945e-07, 3.03379465549e-07, 2.31003127737e-07, 2.17147487547e-07, 2.16281847543e-07, 2.05368976935e-07, 2.281514071e-07],
        "dvar": [4.2803760536e-11, 3.46582845756e-10, 9.46156042403e-10, 4.56084279676e-07, 3.55722931999e-06, 9.63611569205e-07, 1.78988957487e-05, 8.77122238307e-06, 7.21400752468e-08, 1.99589237582e-07, 1.8805529578e-08, 4.20292112224e-09, 3.96562421789e-10, 1.5303053269e-10, 5.89668869289e-11, 9.32278421129e-11, 4.21535931161e-11, 2.56095786938e-11, 5.92675127725e-12, 6.90553647251e-12, 6.56410906533e-12, 5.11146420329e-12, 3.55479838274e-12, 3.19444167299e-12, 2.94673421948e-12, 2.8220201783e-12, 3.20864320356e-12],
        "dvar2": [4.25020123263e-11, 4.38252351076e-10, 9.56147050424e-10, 1.50925325215e-06, 6.66403730065e-06, 2.12328814087e-06, 3.3363019611e-05, 1.25538681459e-05, 1.86976350847e-07, 5.92758794937e-07, 3.50057902665e-08, 9.95170168494e-09, 1.15916320986e-09, 2.45829051559e-10, 6.70088776134e-11, 1.09081153832e-10, 8.52193454692e-11, 8.29339305564e-11, 1.34216249226e-11, 1.00049092275e-11, 6.95388148106e-12, 5.19259028137e-12, 3.60317526683e-12, 3.23683094217e-12, 2.98901506844e-12, 2.85999717832e-12, 3.2512226418e-12],
        "max": [6.30619761068e-05, 0.00017378909979, 0.0003094766289, 0.00505582243204, 0.0168990101665, 0.00721336062998, 0.04181086272, 0.0290097724646, 0.0034861904569, 0.00637759827077, 0.0016047762474, 0.000570257660002, 0.000158932409249, 0.000156754860654, 8.22594665806e-05, 0.000211647973629, 5.76061756874e-05, 4.43094213551e-05, 2.93430457532e-05, 2.7787315048e-05, 2.50459397648e-05, 2.16374119191e-05, 1.79707076313e-05, 1.70370258274e-05, 1.63683744177e-05, 1.6012978449e-05, 1.70897292264e-05],
        "mean": [8.53292078773e-07, 2.06698096008e-05, 1.20543691082e-05, 0.00220140698366, 0.00371755217202, 0.00315019465052, 0.0291503574699, 0.00529378280044, 0.000888620445039, 0.00134724611416, 0.000220302244998, 7.88744073361e-05, 2.3044860427e-05, 9.94886340777e-06, 2.49574395639e-06, 1.70170515048e-05, 6.35068909105e-06, 3.81342147193e-06, 2.74453191196e-06, 1.24288783354e-06, 5.78350636715e-07, 3.37652721782e-07, 2.29845980471e-07, 2.1534424377e-07, 2.14824211753e-07, 2.04379290381e-07, 2.55545955952e-07],
        "median": [9.78562582077e-08, 1.76801277121e-05, 7.28118084226e-06, 0.00209156190977, 0.0031697943341, 0.00312118325382, 0.0339868739247, 0.00280810054392, 0.000443530152552, 0.00085524545284, 5.64859474252e-05, 3.87681284337e-05, 1.57249214681e-05, 5.71862892684e-06, 6.74536636325e-07, 3.31036949319e-06, 4.05149421567e-06, 2.3154250357e-06, 1.95155507754e-06, 7.32672276627e-07, 2.41121966837e-07, 6.51542677588e-08, 6.68630883993e-09, 5.85488324489e-09, 6.72150024528e-09, 5.63923485686e-09, 4.52120048067e-08],
        "min": [9.92807058786e-10, 1.60071317623e-06, 1.26199677197e-06, 5.4784659369e-06, 0.000282508030068, 0.000175256020157, 5.49004544155e-05, 7.03747355146e-05, 6.50395895718e-06, 3.4193551528e-06, 2.99146040561e-06, 1.31230649458e-06, 1.33587730033e-06, 1.60947394079e-07, 1.64430730365e-07, 6.9872152153e-07, 1.2227442312e-06, 8.26995744774e-07, 6.38820608856e-07, 2.82739335944e-07, 4.85287579011e-08, 1.41564591161e-08, 9.8227237455e-10, 6.56158571921e-10, 7.45286998782e-10, 4.64144250811e-10, 6.01460747873e-09],
        "var": [4.30386386252e-11, 4.2526310251e-10, 1.01093344806e-09, 1.20608592624e-06, 6.77473508404e-06, 1.50798496179e-06, 0.000135872076498, 4.29566389357e-05, 9.23172308376e-07, 1.44716739214e-06, 1.27678831063e-07, 1.04885504726e-08, 7.38767935715e-10, 3.25804910828e-10, 7.55956061638e-11, 1.2498775348e-09, 7.45365158483e-11, 3.67352641362e-11, 1.44473322194e-11, 8.65256043897e-12, 6.74199281472e-12, 5.07728147719e-12, 3.52391076389e-12, 3.16571270066e-12, 2.92156663445e-12, 2.79654402933e-12, 3.17146526055e-12]
    },
    "erbbands": {
        "dmean": [0.000152199834702, 0.00295093283057, 0.0229406226426, 1.22490119934, 10.5543928146, 4.00585079193, 2.05627465248, 12.8700456619, 43.8169326782, 30.7033061981, 28.970664978, 3.75845551491, 8.72507953644, 4.53240728378, 2.89899539948, 1.30019426346, 0.532102584839, 0.234311804175, 0.14040414989, 0.117997579277, 0.214537605643, 0.150787368417, 0.099976092577, 0.0808245390654, 0.0490311719477, 0.0272135119885, 0.0187264755368, 0.0134489340708, 0.010087150149, 0.00759708462283, 0.00595402065665, 0.00448131049052, 0.00324645265937, 0.00220945267938, 0.0014201705344, 0.000769968901295, 0.000354406744009, 0.000126978426124, 3.14717581205e-05, 8.64066169015e-06],
        "dmean2": [0.000221381531446, 0.00459082238376, 0.0408928878605, 2.41458511353, 21.0082550049, 5.96203136444, 2.67117023468, 18.466211319, 66.2650985718, 46.2939796448, 44.1000175476, 5.61769008636, 14.3403892517, 7.68211936951, 4.67595243454, 2.10200095177, 0.946554899216, 0.379364013672, 0.212240323424, 0.152921169996, 0.297900795937, 0.219009205699, 0.168567344546, 0.132725864649, 0.079665094614, 0.0378001257777, 0.0241372454911, 0.015426508151, 0.0111546497792, 0.00820701755583, 0.00641866540536, 0.00481270393357, 0.00348537764512, 0.002374290023, 0.00154325051699, 0.000831960933283, 0.000381641439162, 0.000136768707307, 3.53103714588e-05, 1.3006860172e-05],
        "dvar": [3.09428628498e-07, 2.02365590667e-05, 0.000886277586687, 0.696900725365, 40.0774726868, 105.095039368, 17.5686149597, 143.142822266, 3685.42260742, 1706.66540527, 1643.36401367, 23.8429069519, 240.429992676, 61.539768219, 29.4993267059, 2.81000423431, 0.958772718906, 0.446601390839, 0.280745089054, 0.103298462927, 0.255161255598, 0.148043602705, 0.0555780418217, 0.030531687662, 0.022223925218, 0.0140298753977, 0.0123667931184, 0.00949166249484, 0.00674019195139, 0.00438418053091, 0.00272884313017, 0.00156504276674, 0.000820523768198, 0.00037628255086, 0.00014617832494, 4.46837439085e-05, 9.66532297753e-06, 1.23045890632e-06, 6.33125551985e-08, 4.52355541913e-10],
        "dvar2": [3.25870018969e-07, 2.77734579868e-05, 0.00149516377132, 2.32311582565, 155.350448608, 125.722160339, 25.5370788574, 307.588256836, 6819.20214844, 2429.65917969, 2625.30102539, 53.0564613342, 585.785888672, 192.861328125, 62.8494186401, 7.46008777618, 2.75124692917, 0.786317050457, 0.450929671526, 0.0967747569084, 0.416552037001, 0.281506687403, 0.16943743825, 0.0822446197271, 0.0625065714121, 0.0178559105843, 0.0136163476855, 0.00993947125971, 0.00687608495355, 0.00444454466924, 0.0027659907937, 0.00158602383453, 0.000831423036288, 0.000381297286367, 0.000148303122842, 4.53102838947e-05, 9.79390824796e-06, 1.24700727611e-06, 6.4099374697e-08, 4.86175433245e-10],
        "max": [0.00543116312474, 0.0417366400361, 0.310914218426, 6.31637191772, 28.9400062561, 93.7547149658, 37.6015090942, 92.3055114746, 589.062927246, 388.20690918, 379.458465576, 68.1985931396, 190.444503784, 110.09085083, 56.4727745056, 17.6401100159, 8.26747608185, 7.98374509811, 6.21673345566, 5.84934186935, 9.77832603455, 4.12986421585, 2.17781090736, 1.77260100842, 1.33449363708, 1.27826499939, 1.10847604275, 0.945388436317, 0.786408603191, 0.631409049034, 0.497960686684, 0.377120018005, 0.273091703653, 0.184950903058, 0.115344613791, 0.0637604221702, 0.0296554863453, 0.0105795748532, 0.00243151001632, 0.00026851153234],
        "mean": [0.000266148912488, 0.00675585307181, 0.0612502656877, 2.74457764626, 12.0623350143, 10.8192358017, 10.2196216583, 48.6222686768, 403.411529541, 228.089416504, 74.7135162354, 19.2688465118, 47.0822296143, 20.9385051727, 7.06434440613, 2.57007479668, 1.06234931946, 0.620656788349, 0.259946018457, 0.37667286396, 0.833007872105, 0.403081864119, 0.223687142134, 0.182855710387, 0.0992796272039, 0.0557433590293, 0.0305208768696, 0.0199152994901, 0.0128211854026, 0.00832851603627, 0.00639424752444, 0.00479858834296, 0.00348704028875, 0.0023914068006, 0.00156847236212, 0.00084749085363, 0.00039027191815, 0.000141903263284, 5.65050359e-05, 5.55269107281e-05],
        "median": [0.000187154277228, 0.00638984283432, 0.0576339066029, 2.57157087326, 10.5586395264, 6.72373819351, 8.35451698303, 49.7434844971, 464.488128662, 241.435089111, 36.8978347778, 10.9568719864, 29.3605518341, 10.9229021072, 1.93069922924, 1.13785505295, 0.59081441164, 0.432819515467, 0.0906598865986, 0.120897956192, 0.157529249787, 0.241561427712, 0.140485346317, 0.132571876049, 0.0594964772463, 0.0337911769748, 0.0140557717532, 0.00732205668464, 0.00286473333836, 0.000456382287666, 0.00021778527298, 0.000152054519276, 0.000119669784908, 0.000104946164356, 7.83029536251e-05, 4.6211091103e-05, 2.27975997404e-05, 1.03421407402e-05, 2.79981995845e-05, 5.55170408916e-05],
        "min": [6.44154279144e-05, 0.000555402308237, 0.00447173556313, 0.0341445468366, 0.282521486282, 1.15533816814, 1.55036044121, 1.40098881721, 1.1639226675, 1.12954115868, 1.45038807392, 0.629725515842, 0.243590265512, 0.267755448818, 0.145297437906, 0.0617742612958, 0.0579887777567, 0.0251996126026, 0.0118024777621, 0.0311541799456, 0.0343025550246, 0.0747015252709, 0.0719613581896, 0.0504960082471, 0.0199828147888, 0.0132822711021, 0.00363738322631, 0.00175466237124, 0.000685140024871, 0.000100815836049, 5.40604924026e-05, 4.5978154958e-05, 4.20491378463e-05, 3.86569481634e-05, 3.2197960536e-05, 2.50426364801e-05, 1.49367951963e-05, 3.86044257539e-06, 1.40053552968e-05, 1.00097568065e-05],
        "var": [3.08252566583e-07, 2.74953490589e-05, 0.00128532527015, 1.81523120403, 56.6331138611, 213.861236572, 36.9586029053, 282.553497314, 25671.2792969, 5797.86962891, 7628.16845703, 384.231872559, 1538.93444824, 490.40045166, 133.507354736, 11.2739019394, 2.08114337921, 0.850195348263, 0.490128666162, 0.607305169106, 2.96188926697, 0.333030134439, 0.103766910732, 0.0609393976629, 0.0326659157872, 0.0180360935628, 0.0132277719676, 0.0096113178879, 0.00669810082763, 0.00434664590284, 0.00270520034246, 0.00155111460481, 0.000813188380562, 0.000372977898223, 0.000145019788761, 4.42911732534e-05, 9.58197415457e-06, 1.21898813177e-06, 6.30004208801e-08, 6.42036701581e-10]
    },
    "gfcc": {
        "mean": [-161.781204224, 217.446853638, -106.283943176, -49.4422798157, -67.5125808716, -73.4099884033, -26.3723621368, -10.3547325134, -21.8557662964, -15.6073932648, -11.6261777878, -13.3934526443, -7.53929710388],
        "cov": [[620.176757812, -92.8659210205, -165.818908691, -88.6777496338, 61.2978782654, 156.699569702, 17.3261089325, 31.6752548218, 15.6183671951, -16.0926246643, -42.1377372742, -13.6265516281, 3.55630755424], [-92.8659210205, 946.606079102, -307.635681152, -460.045349121, 135.099075317, -162.747055054, 175.726470947, 16.1517238617, 99.7584381104, -111.588294983, -7.47490358353, -116.14453125, 43.388710022], [-165.818908691, -307.635681152, 333.308532715, 260.374511719, -114.369804382, 17.02368927, -58.2997627258, -6.71695709229, -10.0849695206, 54.4264984131, 37.8517951965, 45.0390663147, -45.3264427185], [-88.6777496338, -460.045349121, 260.374511719, 332.83782959, -98.295211792, 15.7652320862, -83.7688751221, -9.49431800842, -49.9233932495, 66.6492004395, 29.5606956482, 63.6048355103, -40.0249824524], [61.2978782654, 135.099075317, -114.369804382, -98.295211792, 53.9013442993, 2.81939125061, 24.8488330841, 2.1322581768, 3.99906611443, -23.8761386871, -19.7698898315, -18.7973461151, 18.5209617615], [156.699569702, -162.747055054, 17.02368927, 15.7652320862, 2.81939125061, 122.579566956, -17.2752609253, -6.86603736877, -10.8098201752, 14.5592336655, -10.6980705261, 14.0279407501, -7.9742307663], [17.3261089325, 175.726470947, -58.2997627258, -83.7688751221, 24.8488330841, -17.2752609253, 51.964717865, 9.14075183868, 26.9607696533, -14.6045818329, 9.39044094086, -21.0259132385, -0.722131490707], [31.6752548218, 16.1517238617, -6.71695709229, -9.49431800842, 2.1322581768, -6.86603736877, 9.14075183868, 21.0945625305, 19.0596237183, -2.05155801773, 0.243125557899, -3.69260430336, 2.31409049034], [15.6183671951, 99.7584381104, -10.0849695206, -49.9233932495, 3.99906611443, -10.8098201752, 26.9607696533, 19.0596237183, 40.6974945068, -3.78278207779, 7.22931098938, -15.1538505554, -2.3578338623], [-16.0926246643, -111.588294983, 54.4264984131, 66.6492004395, -23.8761386871, 14.5592336655, -14.6045818329, -2.05155801773, -3.78278207779, 31.6620063782, 16.6878738403, 17.2818031311, -14.196931839], [-42.1377372742, -7.47490358353, 37.8517951965, 29.5606956482, -19.7698898315, -10.6980705261, 9.39044094086, 0.243125557899, 7.22931098938, 16.6878738403, 31.6353054047, 8.13077163696, -17.499250412], [-13.6265516281, -116.14453125, 45.0390663147, 63.6048355103, -18.7973461151, 14.0279407501, -21.0259132385, -3.69260430336, -15.1538505554, 17.2818031311, 8.13077163696, 24.4829273224, -3.74500417709], [3.55630755424, 43.388710022, -45.3264427185, -40.0249824524, 18.5209617615, -7.9742307663, -0.722131490707, 2.31409049034, -2.3578338623, -14.196931839, -17.499250412, -3.74500417709, 23.1986408234]],
        "icov": [[0.00573278730735, -0.00580156547949, 0.0105995293707, -0.00883067492396, 0.0142259038985, -0.0143752759323, 0.00328727555461, -0.0145986881107, 0.00089057860896, 0.00145382888149, 0.00951450038701, -0.00347356428392, 0.00830227322876], [-0.00580156547949, 0.0759085118771, -0.0568554550409, 0.0679966807365, -0.126561671495, 0.0839719325304, -0.0726091787219, 0.0913282558322, -0.044727563858, 0.0428369641304, -0.0556979067624, 0.0470785759389, -0.0290628354996], [0.0105995293707, -0.0568554550409, 0.0694440305233, -0.0692011490464, 0.125600740314, -0.0763351544738, 0.0478052161634, -0.058055575937, 0.00771847134456, -0.0145386913791, 0.0511987768114, -0.0372649095953, 0.0262579917908], [-0.00883067492396, 0.0679966807365, -0.0692011490464, 0.0920467525721, -0.119479998946, 0.0884649977088, -0.0559620633721, 0.0547105073929, -0.00246020639315, 0.0137985441834, -0.0428216420114, 0.0260157138109, -0.00352906365879], [0.0142259038985, -0.126561671495, 0.125600740314, -0.119479998946, 0.318808078766, -0.155601859093, 0.0815444216132, -0.153760924935, 0.0799766108394, -0.0648793801665, 0.130296826363, -0.0744751617312, 0.0383445546031], [-0.0143752759323, 0.0839719325304, -0.0763351544738, 0.0884649977088, -0.155601859093, 0.120228148997, -0.0758071318269, 0.11036529392, -0.0435177795589, 0.0294956900179, -0.0483717545867, 0.0298167429864, -0.0172286741436], [0.00328727555461, -0.0726091787219, 0.0478052161634, -0.0559620633721, 0.0815444216132, -0.0758071318269, 0.149070456624, -0.0925418660045, 0.0279449187219, -0.0260106809437, -0.00273497472517, -0.0229988787323, 0.0360076539218], [-0.0145986881107, 0.0913282558322, -0.058055575937, 0.0547105073929, -0.153760924935, 0.11036529392, -0.0925418660045, 0.258864969015, -0.1564899683, 0.0735941454768, -0.0607568025589, 0.0290964059532, -0.0676223933697], [0.00089057860896, -0.044727563858, 0.00771847134456, -0.00246020639315, 0.0799766108394, -0.0435177795589, 0.0279449187219, -0.1564899683, 0.165745675564, -0.0727275460958, 0.0201658140868, 0.017904901877, 0.0224653556943], [0.00145382888149, 0.0428369641304, -0.0145386913791, 0.0137985441834, -0.0648793801665, 0.0294956900179, -0.0260106809437, 0.0735941454768, -0.0727275460958, 0.132346302271, -0.0623234994709, -0.00150235765614, -0.00480946432799], [0.00951450038701, -0.0556979067624, 0.0511987768114, -0.0428216420114, 0.130296826363, -0.0483717545867, -0.00273497472517, -0.0607568025589, 0.0201658140868, -0.0623234994709, 0.1922108531, -0.117047540843, 0.104194283485], [-0.00347356428392, 0.0470785759389, -0.0372649095953, 0.0260157138109, -0.0744751617312, 0.0298167429864, -0.0229988787323, 0.0290964059532, 0.017904901877, -0.00150235765614, -0.117047540843, 0.208840504289, -0.103032037616], [0.00830227322876, -0.0290628354996, 0.0262579917908, -0.00352906365879, 0.0383445546031, -0.0172286741436, 0.0360076539218, -0.0676223933697, 0.0224653556943, -0.00480946432799, 0.104194283485, -0.103032037616, 0.174039661884]]
    },
    "melbands": {
        "dmean": [2.06093613997e-06, 4.5492784011e-06, 0.000578203122132, 0.000519411289133, 0.000103787293483, 0.000246278825216, 0.000694223912433, 0.000392891844967, 0.000193256535567, 2.80785443465e-05, 4.58026115666e-05, 2.17961387534e-05, 1.17177596621e-05, 6.28113821222e-06, 2.13576913666e-06, 8.47434932894e-07, 4.03216404266e-07, 2.75343325029e-07, 1.05030217412e-07, 3.07047400838e-07, 2.21312333792e-07, 1.84268401426e-07, 9.07113459903e-08, 1.06332599614e-07, 6.40185220391e-08, 4.36670930526e-08, 3.05392617861e-08, 1.58009552109e-08, 1.27970123387e-08, 9.36611410651e-09, 7.51171302937e-09, 6.00746563606e-09, 4.76632777691e-09, 4.01505939607e-09, 3.4943756777e-09, 3.02264746566e-09, 2.63090393915e-09, 2.31206720436e-09, 2.03472483307e-09, 1.80417203399e-09],
        "dmean2": [2.96401299238e-06, 6.98664143783e-06, 0.00115593534429, 0.000976120878477, 0.000126309489133, 0.000354630465154, 0.0010567487916, 0.000583844608627, 0.000291650183499, 4.26273763878e-05, 7.52628257032e-05, 3.63517465303e-05, 1.89347847481e-05, 1.00723491414e-05, 3.50493974111e-06, 1.47129298966e-06, 6.48432262551e-07, 4.33124142774e-07, 1.21708637835e-07, 4.23664829441e-07, 3.08028688778e-07, 2.60752528902e-07, 1.35100208354e-07, 1.89571380815e-07, 1.0132432493e-07, 6.97314632703e-08, 4.77452211101e-08, 2.14048689884e-08, 1.687319795e-08, 1.13422240489e-08, 8.62793836376e-09, 6.66947785888e-09, 5.21501686279e-09, 4.3272865291e-09, 3.7702485578e-09, 3.25276028335e-09, 2.82590595369e-09, 2.48276066372e-09, 2.18726747825e-09, 1.94068294768e-09],
        "dvar": [2.76072741057e-11, 1.2420199591e-10, 1.34263245855e-07, 1.49607913613e-07, 7.06993290578e-08, 5.51035661545e-08, 9.11540155357e-07, 2.96411968748e-07, 7.24538935515e-08, 1.27038746189e-09, 6.6153513778e-09, 1.37348510343e-09, 5.3071741446e-10, 5.48670033018e-11, 1.92208922389e-11, 2.67476600764e-12, 1.50157599028e-12, 7.74887261561e-13, 2.49546639863e-13, 5.79516306904e-13, 2.78503918061e-13, 2.14175262269e-13, 2.66202804158e-14, 9.99957088703e-14, 1.56622541407e-14, 9.46113525117e-15, 1.04679330118e-14, 5.62721468069e-15, 5.04350055981e-15, 3.87832500219e-15, 2.94646339933e-15, 2.27079008775e-15, 1.65232421675e-15, 1.23993913248e-15, 9.3784684354e-16, 7.0744392925e-16, 5.39153676284e-16, 4.16002153184e-16, 3.21189096717e-16, 2.50339634649e-16],
        "dvar2": [3.10424776162e-11, 1.363636426e-10, 4.81415838749e-07, 3.44771535765e-07, 8.93996059403e-08, 1.20861884056e-07, 1.68990084148e-06, 4.08785751915e-07, 1.17374924002e-07, 3.08073277999e-09, 1.62276609927e-08, 4.38547331783e-09, 1.10518816321e-09, 1.36082492497e-10, 5.28015582646e-11, 6.01170935949e-12, 2.57235942616e-12, 1.47356877134e-12, 2.37103495474e-13, 6.09218025419e-13, 4.73907154838e-13, 4.11775323041e-13, 5.26929743599e-14, 3.28700201823e-13, 3.59837553092e-14, 2.56058737581e-14, 2.56407088351e-14, 6.01455141252e-15, 5.80741246989e-15, 4.02239768322e-15, 3.06837367506e-15, 2.31621307657e-15, 1.67428513409e-15, 1.25669153835e-15, 9.50562184507e-16, 7.17034353916e-16, 5.46347421226e-16, 4.21526396187e-16, 3.25437152236e-16, 2.53663153706e-16],
        "max": [5.05851203343e-05, 0.000110352099, 0.00215732888319, 0.00322584714741, 0.0024199092295, 0.00175599637441, 0.00927616748959, 0.00549154961482, 0.00254053715616, 0.000460369890789, 0.00100787112024, 0.000527409953065, 0.000217862354475, 5.65259615541e-05, 3.89110646211e-05, 1.73410862772e-05, 1.45911617437e-05, 1.03467937151e-05, 5.89153069086e-06, 1.48240960698e-05, 9.93430603557e-06, 4.52928725281e-06, 1.89660761407e-06, 2.63940728473e-06, 1.46690615566e-06, 9.72110456132e-07, 9.53662834036e-07, 8.0563472693e-07, 7.08702543761e-07, 6.12085216289e-07, 5.23704443367e-07, 4.56884492905e-07, 3.87830112913e-07, 3.35653339789e-07, 2.91905450922e-07, 2.53512808968e-07, 2.21327397298e-07, 1.94424430333e-07, 1.70837680002e-07, 1.50825016476e-07],
        "mean": [3.79396033168e-06, 8.71008069225e-06, 0.000909395341296, 0.000757398840506, 0.000435748515883, 0.00079235661542, 0.00651876535267, 0.00232216366567, 0.000468777609058, 0.000124823462102, 0.00024995172862, 0.000102338053694, 2.7559868613e-05, 1.04013679447e-05, 3.52464780917e-06, 1.71417468664e-06, 1.0399404573e-06, 4.64017574586e-07, 2.30862355011e-07, 1.00579165974e-06, 9.20685465644e-07, 4.23101056413e-07, 2.31318168176e-07, 1.82650396141e-07, 1.47868675526e-07, 9.23966680944e-08, 5.38442144205e-08, 3.22803650477e-08, 2.06519192858e-08, 1.38180507037e-08, 1.08351700945e-08, 7.71800845456e-09, 5.32252020236e-09, 4.30608926294e-09, 3.7304128675e-09, 3.2316835874e-09, 2.79318479457e-09, 2.46285525307e-09, 2.16506679251e-09, 1.93131644011e-09],
        "median": [3.02344869851e-06, 7.3851997513e-06, 0.000915155746043, 0.000662004982587, 0.000329511851305, 0.000791629543528, 0.00765292719007, 0.00227493024431, 0.000204518510145, 6.09831986367e-05, 0.000156646288815, 5.69374678889e-05, 5.70687689105e-06, 5.16510544912e-06, 1.46858860717e-06, 1.23645088479e-06, 6.89039438839e-07, 1.66413286706e-07, 6.94177231253e-08, 2.5395095804e-07, 1.648574397e-07, 2.6191884217e-07, 1.60828108164e-07, 1.03433698939e-07, 1.08919095965e-07, 6.12558821445e-08, 3.2275931261e-08, 1.8473196306e-08, 9.75357306032e-09, 5.42662270675e-09, 3.73705377754e-09, 1.94945548593e-09, 4.56363946633e-10, 1.27571717079e-10, 1.09784140112e-10, 9.91276574713e-11, 6.7178484997e-11, 6.81341927322e-11, 5.7238467438e-11, 6.51243156624e-11],
        "min": [3.14975153515e-07, 8.43714190069e-07, 2.28402473113e-06, 5.03269257024e-05, 5.72908174945e-05, 3.16057557939e-05, 1.50436790136e-05, 1.32424265757e-05, 1.09156871986e-05, 8.68915492447e-07, 1.21213429338e-06, 1.06546269762e-06, 4.96336554079e-07, 1.87481646208e-07, 1.29555843387e-07, 8.87120137349e-08, 3.82664921972e-08, 1.64156812588e-08, 2.08781827382e-08, 4.83601141354e-08, 2.96658075882e-08, 7.43387857938e-08, 5.49901670865e-08, 3.7946637832e-08, 4.17793231122e-08, 1.54190598067e-08, 1.34632243132e-08, 7.02386060425e-09, 2.55112420078e-09, 1.22753252008e-09, 9.35554078652e-10, 3.84219017713e-10, 6.37295077821e-11, 2.32023237429e-11, 1.41600342562e-11, 1.23457589637e-11, 6.62662589732e-12, 8.09879507208e-12, 7.01648288082e-12, 6.71945528732e-12],
        "var": [2.93541198293e-11, 1.3764797635e-10, 2.54109380649e-07, 2.59959421101e-07, 1.43157279808e-07, 9.02810697312e-08, 6.7387445597e-06, 1.02621379483e-06, 3.58740408046e-07, 1.76598415891e-08, 4.32189075639e-08, 1.07404218852e-08, 2.36148944843e-09, 1.60751870149e-10, 3.26616095281e-11, 4.9497433062e-12, 2.78292016168e-12, 1.4811927726e-12, 4.0931708435e-13, 4.60844990641e-12, 3.51575366042e-12, 3.85813099133e-13, 6.68709133748e-14, 1.02657235468e-13, 3.60167455484e-14, 1.90891207463e-14, 1.26086520849e-14, 7.06864198725e-15, 5.42459000015e-15, 4.02925780306e-15, 2.95071402242e-15, 2.25860509528e-15, 1.63777716703e-15, 1.22929616349e-15, 9.29740844114e-16, 7.01120034205e-16, 5.34355499336e-16, 4.12253794165e-16, 3.18315008048e-16, 2.4811527319e-16]
    },
    "mfcc": {
        "mean": [-803.46282959, 248.034622192, 8.62764930725, 0.37225869298, -31.2856731415, -55.2532958984, -21.996679306, -14.7118444443, -15.3437538147, -15.4991579056, -11.3982000351, -2.08874702454, -3.62987017632],
        "cov": [[762.146606445, 128.018783569, -283.763916016, -288.36541748, 18.5458488464, 45.8211517334, 11.8171768188, 84.2706756592, 93.0046081543, 69.3675537109, -59.1096153259, -37.2803840637, 44.2621917725], [128.018783569, 634.910583496, -152.935012817, -299.985443115, -49.7572822571, -127.174087524, -29.0146942139, 75.2316436768, 61.7756614685, 39.3070030212, -33.4823532104, 1.00902366638, 51.4035797119], [-283.763916016, -152.935012817, 257.606872559, 188.234771729, 4.87874746323, 26.1587181091, 5.86418676376, -25.5017032623, -33.0064926147, -15.1324472427, 61.6933059692, 27.1855812073, -27.5349388123], [-288.36541748, -299.985443115, 188.234771729, 333.265197754, 9.75570583344, 8.7092294693, 22.8990459442, -65.8330154419, -59.4313087463, -45.5945587158, 62.7345428467, 39.8013496399, -44.3606300354], [18.5458488464, -49.7572822571, 4.87874746323, 9.75570583344, 19.0414161682, 22.8074893951, 0.482304722071, 1.2433154583, 3.92830753326, 3.5722413063, -3.38435840607, -8.45895195007, -3.56121015549], [45.8211517334, -127.174087524, 26.1587181091, 8.7092294693, 22.8074893951, 80.916229248, 25.0474071503, -6.69781208038, -5.94542980194, 1.95930886269, 5.99554729462, -6.3953499794, -4.28902721405], [11.8171768188, -29.0146942139, 5.86418676376, 22.8990459442, 0.482304722071, 25.0474071503, 28.8969554901, -1.53457713127, -11.0718135834, -4.16277980804, 13.1856813431, 9.56957435608, -0.803783237934], [84.2706756592, 75.2316436768, -25.5017032623, -65.8330154419, 1.2433154583, -6.69781208038, -1.53457713127, 32.5115585327, 23.6127605438, 15.6154632568, -7.1073179245, -5.32320547104, 12.6879434586], [93.0046081543, 61.7756614685, -33.0064926147, -59.4313087463, 3.92830753326, -5.94542980194, -11.0718135834, 23.6127605438, 33.7259521484, 22.1539287567, -10.8278474808, -5.86087179184, 12.8157444], [69.3675537109, 39.3070030212, -15.1324472427, -45.5945587158, 3.5722413063, 1.95930886269, -4.16277980804, 15.6154632568, 22.1539287567, 28.2831687927, 3.57985568047, -1.4783526659, 10.690568924], [-59.1096153259, -33.4823532104, 61.6933059692, 62.7345428467, -3.38435840607, 5.99554729462, 13.1856813431, -7.1073179245, -10.8278474808, 3.57985568047, 39.88621521, 25.8948020935, -0.565115988255], [-37.2803840637, 1.00902366638, 27.1855812073, 39.8013496399, -8.45895195007, -6.3953499794, 9.56957435608, -5.32320547104, -5.86087179184, -1.4783526659, 25.8948020935, 29.0729389191, 8.31253433228], [44.2621917725, 51.4035797119, -27.5349388123, -44.3606300354, -3.56121015549, -4.28902721405, -0.803783237934, 12.6879434586, 12.8157444, 10.690568924, -0.565115988255, 8.31253433228, 22.3640575409]],
