{
"lowlevel": {
    "average_loudness": 0.97845864296,
    "barkbands_crest": {
        "dmean": 3.46779966354,
        "dmean2": 5.2366900444,
        "dvar": 6.21122121811,
        "dvar2": 11.927526474,
        "max": 23.7131614685,
        "mean": 17.9782485962,
        "median": 18.2461738586,
        "min": 9.53060531616,
        "var": 12.4671764374
    },
    "barkbands_flatness_db": {
        "dmean": 0.0305498559028,
        "dmean2": 0.0355466119945,
        "dvar": 0.000731032574549,
        "dvar2": 0.00122065586038,
        "max": 0.468604952097,
        "mean": 0.387172907591,
        "median": 0.384613156319,
        "min": 0.199965283275,
        "var": 0.00165596615989
    },
    "barkbands_kurtosis": {
        "dmean": 6.94502782822,
        "dmean2": 10.3655138016,
        "dvar": 136.202362061,
        "dvar2": 338.668151855,
        "max": 121.208435059,
        "mean": 14.7918043137,
        "median": 12.0627174377,
        "min": 1.8275847435,
        "var": 168.973251343
    },
    "barkbands_skewness": {
        "dmean": 1.02993357182,
        "dmean2": 1.23520421982,
        "dvar": 0.800172448158,
        "dvar2": 1.64842963219,
        "max": 7.7487950325,
        "mean": 0.50235170126,
        "median": 0.264170140028,
        "min": -1.96113276482,
        "var": 2.62175774574
    },
    "barkbands_spread": {
        "dmean": 0.329738438129,
        "dmean2": 0.427403241396,
        "dvar": 0.110223725438,
        "dvar2": 0.203327015042,
        "max": 2.85520029068,
        "mean": 1.16120052338,
        "median": 1.13074088097,
        "min": 0.479834079742,
        "var": 0.159627497196
    },
    "dissonance": {
        "dmean": 0.0514787212014,
        "dmean2": 0.0880686044693,
        "dvar": 0.00145751691889,
        "dvar2": 0.00376044027507,
        "max": 0.370946466923,
        "mean": 0.233145833015,
        "median": 0.239794433117,
        "min": 0.0918186381459,
        "var": 0.00329401553608
    },
    "dynamic_complexity": 1.39643228054,
    "erbbands_crest": {
        "dmean": 3.70364093781,
        "dmean2": 5.67183876038,
        "dvar": 7.19682407379,
        "dvar2": 14.3899555206,
        "max": 26.468290329,
        "mean": 18.396478653,
        "median": 18.8010349274,
        "min": 8.79238033295,
        "var": 13.2491235733
    },
    "erbbands_flatness_db": {
        "dmean": 0.0313367284834,
        "dmean2": 0.036105081439,
        "dvar": 0.000683905323967,
        "dvar2": 0.00112222903408,
        "max": 0.490871012211,
        "mean": 0.406128168106,
        "median": 0.403081327677,
        "min": 0.238753169775,
        "var": 0.00179774279241
    },
    "erbbands_kurtosis": {
        "dmean": 5.04385375977,
        "dmean2": 6.79658508301,
        "dvar": 18.8141746521,
        "dvar2": 42.5804748535,
        "max": 55.9180717468,
        "mean": 17.3858947754,
        "median": 17.986946106,
        "min": 1.84993505478,
        "var": 51.9888267517
    },
    "erbbands_skewness": {
        "dmean": 0.5810084939,
        "dmean2": 0.745075762272,
        "dvar": 0.327836722136,
        "dvar2": 0.614606797695,
        "max": 6.11983013153,
        "mean": 1.40722894669,
        "median": 1.17753601074,
        "min": -0.19168689847,
        "var": 1.3413875103
    },
    "erbbands_spread": {
        "dmean": 0.885477662086,
        "dmean2": 1.11018550396,
        "dvar": 0.698364496231,
        "dvar2": 1.42117547989,
        "max": 6.91018724442,
        "mean": 2.44011592865,
        "median": 2.333340168,
        "min": 0.930868208408,
        "var": 1.15329909325
    },
    "hfc": {
        "dmean": 5.4469203949,
        "dmean2": 6.34240579605,
        "dvar": 18.3858146667,
        "dvar2": 21.0818195343,
        "max": 33.1096992493,
        "mean": 14.2299518585,
        "median": 11.9391307831,
        "min": 0.16831548512,
        "var": 69.7216491699
    },
    "melbands_crest": {
        "dmean": 3.3537042141,
        "dmean2": 5.32545804977,
        "dvar": 7.25215291977,
        "dvar2": 15.0921268463,
        "max": 29.2734966278,
        "mean": 17.8343105316,
        "median": 17.2237358093,
        "min": 11.1361351013,
        "var": 11.8051252365
    },
    "melbands_flatness_db": {
        "dmean": 0.0276482347399,
        "dmean2": 0.0317566506565,
        "dvar": 0.000740143295843,
        "dvar2": 0.00116552354302,
        "max": 0.544816076756,
        "mean": 0.465083867311,
        "median": 0.459207117558,
        "min": 0.263379693031,
        "var": 0.00155285838991
    },
    "melbands_kurtosis": {
        "dmean": 4.41382741928,
        "dmean2": 6.53438806534,
        "dvar": 64.686882019,
        "dvar2": 148.833953857,
        "max": 78.359375,
        "mean": 7.98441553116,
        "median": 5.58232402802,
        "min": -0.0360922813416,
        "var": 82.9592819214
    },
    "melbands_skewness": {
        "dmean": 0.757374703884,
        "dmean2": 0.919570207596,
        "dvar": 0.354564160109,
        "dvar2": 0.67185074091,
        "max": 4.35463666916,
        "mean": 0.168388068676,
        "median": 0.0651543214917,
        "min": -1.57312452793,
        "var": 1.20083367825
    },
    "melbands_spread": {
        "dmean": 0.491488784552,
        "dmean2": 0.657814383507,
        "dvar": 0.250905781984,
        "dvar2": 0.488653838634,
        "max": 4.41270828247,
        "mean": 1.98798823357,
        "median": 1.86305916309,
        "min": 0.881297886372,
        "var": 0.379494875669
    },
    "pitch_salience": {
        "dmean": 0.0743848979473,
        "dmean2": 0.0974968895316,
        "dvar": 0.0039271232672,
        "dvar2": 0.00683945557103,
        "max": 0.862781465054,
        "mean": 0.553058803082,
        "median": 0.548737406731,
        "min": 0.305535495281,
        "var": 0.00707363011315
    },
    "silence_rate_20dB": {
        "dmean": 0,
        "dmean2": 0,
        "dvar": 0,
        "dvar2": 0,
        "max": 1,
        "mean": 1,
        "median": 1,
        "min": 1,
        "var": 0
    },
    "silence_rate_30dB": {
        "dmean": 0,
        "dmean2": 0,
        "dvar": 0,
        "dvar2": 0,
        "max": 1,
        "mean": 1,
        "median": 1,
        "min": 1,
        "var": 0
    },
    "silence_rate_60dB": {
        "dmean": 0,
        "dmean2": 0,
        "dvar": 0,
        "dvar2": 0,
        "max": 0,
        "mean": 0,
        "median": 0,
        "min": 0,
        "var": 0
    },
    "spectral_centroid": {
        "dmean": 25.5712184906,
        "dmean2": 32.1696548462,
        "dvar": 393.184417725,
        "dvar2": 666.76739502,
        "max": 627.25958252,
        "mean": 489.88848877,
        "median": 496.010498047,
        "min": 395.786621094,
        "var": 1452.49206543
    },
    "spectral_complexity": {
        "dmean": 0.75,
        "dmean2": 1.36974787712,
        "dvar": 0.4375,
        "dvar2": 0.821269452572,
        "max": 7,
        "mean": 5.39669418335,
        "median": 5,
        "min": 2,
        "var": 0.784782528877
    },
    "spectral_decrease": {
        "dmean": 2.48623766019e-09,
        "dmean2": 2.8983806466e-09,
        "dvar": 3.83775160123e-18,
        "dvar2": 4.62757136065e-18,
        "max": -9.68660360257e-11,
        "mean": -7.15601800039e-09,
        "median": -6.16723072611e-09,
        "min": -1.57606461215e-08,
        "var": 1.42826811371e-17
    },
    "spectral_energy": {
        "dmean": 0.00987707171589,
        "dmean2": 0.0115141328424,
        "dvar": 6.05558343523e-05,
        "dvar2": 7.28230079403e-05,
        "max": 0.0624872408807,
        "mean": 0.0282990466803,
        "median": 0.0243635419756,
        "min": 0.000380860903533,
        "var": 0.000225596944802
    },
    "spectral_energyband_high": {
        "dmean": 1.7412763782e-06,
        "dmean2": 2.13900443669e-06,
        "dvar": 1.42212408516e-10,
        "dvar2": 1.43806772046e-10,
        "max": 0.000133547844598,
        "mean": 4.64568074676e-06,
        "median": 3.72522413272e-06,
        "min": 1.45475610225e-07,
        "var": 1.39525099807e-10
    },
    "spectral_energyband_low": {
        "dmean": 2.7634720027e-05,
        "dmean2": 4.49856597697e-05,
        "dvar": 4.84506545995e-10,
        "dvar2": 1.25554266983e-09,
        "max": 0.00017014684272,
        "mean": 5.59779618925e-05,
        "median": 5.0598049711e-05,
        "min": 7.50610070099e-07,
        "var": 1.05674025086e-09
    },
    "spectral_energyband_middle_high": {
        "dmean": 8.20275890874e-05,
        "dmean2": 0.000124693877297,
        "dvar": 1.00967936234e-08,
        "dvar2": 1.91276701145e-08,
        "max": 0.00103610940278,
        "mean": 0.00012437015539,
        "median": 8.07795513538e-05,
        "min": 8.15910311758e-07,
        "var": 1.47965728559e-08
    },
    "spectral_energyband_middle_low": {
        "dmean": 0.00988974794745,
        "dmean2": 0.0115229235962,
        "dvar": 6.07449474046e-05,
        "dvar2": 7.34838031349e-05,
        "max": 0.0622154027224,
        "mean": 0.028140982613,
        "median": 0.0242756512016,
        "min": 0.000379417906515,
        "var": 0.000224786897888
    },
    "spectral_entropy": {
        "dmean": 0.260546594858,
        "dmean2": 0.300375163555,
        "dvar": 0.0651712566614,
        "dvar2": 0.101166851819,
        "max": 7.25022983551,
        "mean": 5.2246556282,
        "median": 5.2577791214,
        "min": 4.56763315201,
        "var": 0.149373039603
    },
    "spectral_flux": {
        "dmean": 0.0303572416306,
        "dmean2": 0.0494110509753,
        "dvar": 0.000406179839047,
        "dvar2": 0.00129583268426,
        "max": 0.166860446334,
        "mean": 0.0501866899431,
        "median": 0.0448440536857,
        "min": 0.0111502241343,
        "var": 0.000861351320054
    },
    "spectral_kurtosis": {
        "dmean": 13.5131235123,
        "dmean2": 20.9304733276,
        "dvar": 93.6497421265,
        "dvar2": 230.591430664,
        "max": 90.1090927124,
        "mean": 39.3315544128,
        "median": 37.1065826416,
        "min": 7.30891895294,
        "var": 346.100769043
    },
    "spectral_rms": {
        "dmean": 0.000945904466789,
        "dmean2": 0.00110047485214,
        "dvar": 4.96708310038e-07,
        "dvar2": 7.0709540978e-07,
        "max": 0.00780789088458,
        "mean": 0.00506109930575,
        "median": 0.00487537775189,
        "min": 0.000609566748608,
        "var": 1.9941028313e-06
    },
    "spectral_rolloff": {
        "dmean": 19.2004394531,
        "dmean2": 36.7331123352,
        "dvar": 1899.50402832,
        "dvar2": 4959.04443359,
        "max": 732.12890625,
        "mean": 562.354614258,
        "median": 559.86328125,
        "min": 387.59765625,
        "var": 1442.30651855
    },
    "spectral_skewness": {
        "dmean": 0.898342967033,
        "dmean2": 1.39512515068,
        "dvar": 0.404297858477,
        "dvar2": 0.928808808327,
        "max": 7.93842887878,
        "mean": 4.72394609451,
        "median": 4.65600252151,
        "min": 2.31938529015,
        "var": 1.52854037285
    },
    "spectral_spread": {
        "dmean": 328320.21875,
        "dmean2": 541194.125,
        "dvar": 139867865088,
        "dvar2": 229628641280,
        "max": 4561617,
        "mean": 1900269.625,
        "median": 1860443.5,
        "min": 1025019,
        "var": 230787760128
    },
    "spectral_strongpeak": {
        "dmean": 0.914416909218,
        "dmean2": 1.18285441399,
        "dvar": 0.541593194008,
        "dvar2": 0.787010908127,
        "max": 4.86714410782,
        "mean": 2.45585036278,
        "median": 2.4613699913,
        "min": 0.0201191548258,
        "var": 1.6323338747
    },
    "zerocrossingrate": {
        "dmean": 0.00168863928411,
        "dmean2": 0.00235934206285,
        "dvar": 3.48844628206e-06,
        "dvar2": 3.12676820613e-06,
        "max": 0.0263671875,
        "mean": 0.0228281579912,
        "median": 0.02392578125,
        "min": 0.00390625,
        "var": 9.90434455161e-06
    },
    "barkbands": {
        "dmean": [1.93937978565e-07, 7.37737400414e-06, 1.23138370327e-05, 0.000114067428512, 9.73075002548e-05, 0.000886042544153, 4.21979348175e-05, 0.0103596057743, 0.000533053418621, 3.55621414201e-05, 4.23359706474e-05, 4.62753223474e-06, 2.79250321e-06, 8.30423346088e-07, 6.52965866266e-07, 6.84746851221e-07, 1.44728562645e-06, 1.27452722154e-06, 1.24789471556e-06, 7.70331894273e-07, 6.30982469829e-07, 3.27948612266e-07, 1.50432228452e-07, 1.37482501827e-07, 1.3373146146e-07, 1.39980201652e-07, 1.95929558799e-07],
        "dmean2": [3.23353617659e-07, 1.20820623124e-05, 2.2114818421e-05, 0.000171871142811, 0.000151366868522, 0.00110031885561, 6.35993128526e-05, 0.0118402475491, 0.000697138253599, 5.42092893738e-05, 6.72520691296e-05, 6.85689064994e-06, 4.33822060586e-06, 9.98741711555e-07, 7.72572775531e-07, 9.00392137737e-07, 2.27562213695e-06, 1.93172400031e-06, 1.91769458979e-06, 1.1518465044e-06, 9.69204052126e-07, 4.26422019473e-07, 1.6181547835e-07, 1.44220422271e-07, 1.42572304185e-07, 1.5320432567e-07, 2.39898895416e-07],
        "dvar": [4.71999860258e-14, 8.71751351661e-11, 1.40243788804e-10, 1.47561483033e-08, 7.15765269277e-09, 9.07898254354e-07, 5.49288881047e-09, 6.36840195511e-05, 2.95322820421e-07, 1.55733537177e-09, 1.49261536464e-09, 2.09648826077e-10, 7.07907413244e-11, 3.65205019004e-11, 2.38814263503e-11, 1.52483494581e-11, 1.07309491154e-11, 8.97068443834e-12, 6.74413693294e-12, 6.42690631616e-12, 4.30931635861e-12, 3.22058005264e-12, 2.16254900272e-12, 1.92639697597e-12, 1.74652751029e-12, 1.74393496605e-12, 1.92770452379e-12],
        "dvar2": [1.20328050367e-13, 2.19548310088e-10, 3.79398623629e-10, 2.70013309489e-08, 1.80300148145e-08, 1.13652947675e-06, 1.05081197077e-08, 7.59959366405e-05, 5.44367082966e-07, 3.30963745299e-09, 3.56508222943e-09, 2.52729059902e-10, 8.79733577652e-11, 3.7032300837e-11, 2.42878789997e-11, 1.50787316661e-11, 1.23022824566e-11, 9.80636665621e-12, 7.9712451917e-12, 6.62270282017e-12, 4.47837470233e-12, 3.35887914704e-12, 2.18132022861e-12, 1.94204504908e-12, 1.75506028981e-12, 1.75319979888e-12, 1.95260669612e-12],
        "max": [1.45218996295e-06, 7.61246628826e-05, 8.18909029476e-05, 0.00064354063943, 0.0010330072837, 0.0113539323211, 0.000662905396894, 0.0544732473791, 0.00425678724423, 0.000395163282519, 0.000195076339878, 0.000165151126566, 9.57984375418e-05, 6.6692562541e-05, 5.37911837455e-05, 4.36666050518e-05, 3.54819349013e-05, 3.3149124647e-05, 2.85876867565e-05, 2.8752559956e-05, 2.36042578763e-05, 2.00192334887e-05, 1.62636915775e-05, 1.53219898493e-05, 1.46494830915e-05, 1.46221445902e-05, 1.54933150043e-05],
        "mean": [2.49214622272e-07, 1.08841995825e-05, 1.89505099115e-05, 0.00014447880676, 0.000425002363045, 0.00745372287929, 7.23858684069e-05, 0.0190845821053, 0.000955450115725, 5.61709384783e-05, 4.9312304327e-05, 6.17098885414e-06, 4.49372282674e-06, 1.05579738374e-06, 8.12638518255e-07, 1.13337978291e-06, 2.61298714577e-06, 2.70622081189e-06, 2.98370491691e-06, 2.06134654945e-06, 1.64712844253e-06, 6.87755175477e-07, 2.01842510705e-07, 1.77539902779e-07, 1.85747325077e-07, 2.1419252505e-07, 5.64708557249e-07],
        "median": [1.73154546701e-07, 7.44644057704e-06, 1.67977068486e-05, 8.51119257277e-05, 0.000407456158428, 0.00764758232981, 4.77768844576e-05, 0.0148482359946, 0.000636507058516, 3.91161156585e-05, 3.05159610434e-05, 3.31196179104e-06, 2.48718788498e-06, 3.70711802589e-07, 2.78744209936e-07, 7.17945397355e-07, 2.01167426894e-06, 2.32197544392e-06, 2.57385067925e-06, 1.81123243692e-06, 1.47864227529e-06, 5.03893318182e-07, 7.01493831912e-08, 5.18478167066e-08, 6.33566017427e-08, 9.27192829181e-08, 4.53620231156e-07],
        "min": [3.81541287453e-09, 1.37903313657e-07, 3.0380212479e-07, 4.53098834896e-07, 1.40954289236e-05, 0.000129975916934, 7.62867466619e-06, 9.29113302846e-05, 4.95623999086e-06, 3.29841157054e-07, 8.88879654326e-08, 3.34862448881e-08, 4.80529145364e-08, 9.77394609691e-09, 2.57048915486e-09, 2.06218633281e-08, 7.44120072227e-08, 1.04233208731e-07, 1.34516824346e-07, 7.44099963867e-08, 3.60648471087e-08, 2.24388490011e-08, 3.74387543189e-09, 3.35493877124e-09, 3.66827745957e-09, 3.10319525632e-09, 1.74398255837e-08],
        "var": [7.16311978808e-14, 1.50392295839e-10, 1.88217677555e-10, 2.52914063026e-08, 4.05274711568e-08, 2.85593000626e-06, 6.81076528508e-09, 0.000225970827159, 8.57637985519e-07, 2.73543609985e-09, 2.27963781185e-09, 2.39978814598e-10, 8.09741579344e-11, 3.64160680777e-11, 2.36693407929e-11, 1.52285874883e-11, 1.11894911739e-11, 9.25351809067e-12, 6.88091467485e-12, 6.49661401064e-12, 4.30553856456e-12, 3.15632589509e-12, 2.150251548e-12, 1.91143173338e-12, 1.74373991808e-12, 1.73058388366e-12, 1.87379907597e-12]
    },
    "erbbands": {
        "dmean": [9.25983549678e-05, 0.00208290945739, 0.0113155441359, 0.143368303776, 0.506336987019, 0.438159406185, 0.670248389244, 11.1940431595, 2.30067396164, 79.8819198608, 170.864593506, 8.54695796967, 9.45786571503, 3.00279736519, 0.470502436161, 0.129468753934, 0.117116168141, 0.0462532415986, 0.0393289476633, 0.0353142954409, 0.0383933670819, 0.0815808773041, 0.0654745548964, 0.0636031478643, 0.0537307076156, 0.034697946161, 0.0303288307041, 0.0221148189157, 0.0122703779489, 0.00566755933687, 0.00421836040914, 0.00306598772295, 0.00222094682977, 0.0015214701416, 0.000960954232141, 0.000549703487195, 0.000270921445917, 9.89564068732e-05, 2.75254369626e-05, 1.25542183014e-05],
        "dmean2": [0.000149018815137, 0.00347521691583, 0.0200856048614, 0.215387582779, 0.768389165401, 0.673098027706, 0.931359052658, 13.8603601456, 3.01203179359, 92.2002944946, 195.00189209, 10.7196407318, 12.416595459, 4.70417022705, 0.699666976929, 0.183132246137, 0.177881643176, 0.0560173280537, 0.0468106269836, 0.0433820858598, 0.0523380227387, 0.127658903599, 0.100834928453, 0.10031235218, 0.0830829069018, 0.0524627938867, 0.0456013716757, 0.0314209274948, 0.0164190474898, 0.00627746339887, 0.00456763245165, 0.00324033387005, 0.00234530656599, 0.00163010205142, 0.0010320476722, 0.000598651065957, 0.000301474530715, 0.000112905399874, 3.36272787536e-05, 1.43155966725e-05],
        "dvar": [1.24291910097e-08, 6.98281428413e-06, 0.000134075569804, 0.0208600386977, 0.278068333864, 0.176659181714, 0.447637885809, 139.245773315, 7.5389995575, 3935.30712891, 17196.1601562, 62.7183494568, 91.289276123, 7.46044969559, 0.391876429319, 0.285218328238, 0.166672036052, 0.11055342108, 0.0828050523996, 0.0544770136476, 0.0416385568678, 0.0359516143799, 0.0286326948553, 0.0189118366688, 0.0171810723841, 0.0142393922433, 0.00946296751499, 0.00565934134647, 0.00426739454269, 0.00266729271971, 0.00170108804014, 0.000941926438827, 0.000493924482726, 0.000225556141231, 8.46305556479e-05, 2.79174582829e-05, 5.92710421188e-06, 7.38219171126e-07, 3.81892455437e-08, 3.76743608532e-10],
        "dvar2": [3.28511902126e-08, 1.78784393938e-05, 0.000382473459467, 0.0397445969284, 0.515067994595, 0.453356862068, 0.669449150562, 172.269012451, 11.2269439697, 4692.82617188, 20137.6425781, 110.898429871, 165.777435303, 18.4224052429, 0.70933008194, 0.323934406042, 0.196954846382, 0.113630078733, 0.0834787115455, 0.0543853230774, 0.0418153963983, 0.0413230918348, 0.0307571198791, 0.0211124476045, 0.019596291706, 0.0145690347999, 0.0100588817149, 0.00595187069848, 0.0044444729574, 0.00268742535263, 0.00171869550832, 0.000949740118813, 0.00049750728067, 0.000226793898037, 8.50112119224e-05, 2.80611857306e-05, 5.95863230046e-06, 7.43931025227e-07, 3.80760951657e-08, 3.03297081894e-10],
        "max": [0.000975668372121, 0.0228321775794, 0.0964789688587, 0.833798348904, 3.52257347107, 4.80989551544, 7.48021936417, 143.879745483, 32.61561203, 430.80166626, 891.205444336, 72.4855957031, 73.8333053589, 14.9310121536, 6.87413358688, 6.07884645462, 4.624771595, 3.68178582191, 3.17367339134, 2.59659481049, 2.27024507523, 2.04680991173, 1.88601672649, 1.5174189806, 1.4570248127, 1.3507502079, 1.10051202774, 0.860261023045, 0.73117005825, 0.572330415249, 0.45612218976, 0.338895440102, 0.245446771383, 0.166240379214, 0.102123990655, 0.0584732443094, 0.0269781053066, 0.0095350574702, 0.00220097624697, 0.000251130870311],
        "mean": [0.000151257117977, 0.00329103227705, 0.0201436951756, 0.201540216804, 0.756407797337, 2.15037083626, 5.0682759285, 94.0403137207, 22.9877529144, 160.717285156, 301.621337891, 25.3921737671, 16.0154571533, 4.38283777237, 0.744324982166, 0.216928243637, 0.191394224763, 0.0623606778681, 0.0507972128689, 0.0498871617019, 0.0712180286646, 0.154506444931, 0.14841401577, 0.159692957997, 0.129737913609, 0.0957254320383, 0.076262973249, 0.058186840266, 0.0279526691884, 0.00864718202502, 0.00567313330248, 0.00393847143278, 0.00292599038221, 0.00208565313369, 0.00134998152498, 0.00074870995013, 0.000432248227298, 0.00018973936676, 7.98476467025e-05, 4.20201940869e-05],
        "median": [0.000105736486148, 0.00232709688134, 0.0174650922418, 0.135545819998, 0.499957889318, 2.02058649063, 5.06275367737, 96.6128082275, 23.7127017975, 123.599777222, 232.185043335, 20.8227596283, 10.1108226776, 2.94622588158, 0.497792690992, 0.123548261821, 0.11029817909, 0.0249872151762, 0.0177018437535, 0.0249419193715, 0.0490290597081, 0.120825327933, 0.124321170151, 0.145123139024, 0.112924665213, 0.0836114510894, 0.0642039701343, 0.0494321957231, 0.0217423029244, 0.00396757386625, 0.00194631027989, 0.00114657031372, 0.00092477427097, 0.000714997644536, 0.000489035912324, 0.000250721932389, 0.000208164739888, 0.000111744804599, 6.30783324596e-05, 3.68735782104e-05],
        "min": [5.46200863027e-06, 4.17417686549e-05, 0.00026397118927, 0.00118902896065, 0.00568054663017, 0.0551597736776, 0.33699581027, 1.32755482197, 1.88734531403, 2.29769492149, 1.45787489414, 0.16995768249, 0.0155979795381, 0.00965676177293, 0.00290842563845, 0.00150392146315, 0.00220762728713, 0.000726103025954, 0.000197648070753, 0.00063149118796, 0.0012832863722, 0.0049522202462, 0.00612423522398, 0.0069017233327, 0.00405964022502, 0.00379963638261, 0.00219093915075, 0.00133168313187, 0.000987436505966, 0.000223445356824, 0.00010719041893, 6.81749006617e-05, 6.34050811641e-05, 4.33468558185e-05, 2.54089354712e-05, 1.09746752059e-05, 5.9619219428e-06, 3.92821357309e-06, 2.42199848799e-06, 7.37295920317e-07],
        "var": [2.23839986546e-08, 1.14446702355e-05, 0.000174914966919, 0.0387635827065, 0.500386297703, 0.850848853588, 0.941634118557, 452.971588135, 19.5510540009, 14203.2314453, 60144.1445312, 338.524597168, 245.888015747, 14.5579433441, 0.594740688801, 0.308276623487, 0.182278186083, 0.110615819693, 0.082499422133, 0.054508112371, 0.0410245172679, 0.0373196490109, 0.0292854551226, 0.01949281618, 0.0169497579336, 0.014263135381, 0.0094021782279, 0.0057113240473, 0.0041843559593, 0.00264934124425, 0.00169116957113, 0.000935046584345, 0.00049018394202, 0.000224587492994, 8.46635957714e-05, 2.77745784842e-05, 5.87686099607e-06, 7.28862914912e-07, 3.76589639473e-08, 6.18501860838e-10]
    },
    "gfcc": {
        "mean": [-167.904296875, 154.94190979, -85.4502944946, -34.8911705017, -105.386764526, -78.5793991089, -17.2848472595, 6.89069795609, -13.7099533081, -4.28753471375, -13.3131103516, -5.00313663483, -8.76437759399],
        "cov": [[596.055786133, 3.45465493202, -32.1963424683, -90.5318069458, -3.14453887939, 95.5722579956, 28.3232631683, 8.23460483551, -12.2155122757, -29.0931606293, -54.0051689148, -46.1165046692, -19.5163841248], [3.45465493202, 241.744689941, 65.2031402588, -102.002944946, -42.5047874451, 22.4626674652, 90.6034317017, 21.3377723694, -15.4036798477, -50.7128219604, -33.1593437195, -63.77501297, -20.9621543884], [-32.1963424683, 65.2031402588, 66.5251235962, 4.58422327042, -16.067029953, -6.70151424408, 34.2336921692, 23.2729854584, 8.1664018631, -3.79384350777, -4.03082275391, -12.5596647263, -6.87501382828], [-90.5318069458, -102.002944946, 4.58422327042, 141.244644165, 55.1330947876, -46.5488700867, -45.3207778931, -1.00814366341, 25.9743385315, 43.0708847046, 35.0690345764, 54.9082107544, 24.617937088], [-3.14453887939, -42.5047874451, -16.067029953, 55.1330947876, 46.7818222046, -0.0783792957664, -28.8284130096, -6.97581195831, 9.42910861969, 22.1509075165, 18.1415996552, 23.3297157288, 12.7653875351], [95.5722579956, 22.4626674652, -6.70151424408, -46.5488700867, -0.0783792957664, 83.1021270752, 14.284280777, -6.75276422501, -22.7178516388, -13.7357769012, -5.83832645416, -10.5082464218, 0.835043311119], [28.3232631683, 90.6034317017, 34.2336921692, -45.3207778931, -28.8284130096, 14.284280777, 56.8175315857, 22.3460998535, -3.02837920189, -19.1278915405, -11.8314666748, -17.2023143768, -1.24068593979], [8.23460483551, 21.3377723694, 23.2729854584, -1.00814366341, -6.97581195831, -6.75276422501, 22.3460998535, 33.9853858948, 25.871339798, 7.72159290314, 4.6527557373, 1.31280303001, 4.369389534], [-12.2155122757, -15.4036798477, 8.1664018631, 25.9743385315, 9.42910861969, -22.7178516388, -3.02837920189, 25.871339798, 53.1626930237, 31.4915847778, 16.3599262238, 9.10751247406, 7.21860980988], [-29.0931606293, -50.7128219604, -3.79384350777, 43.0708847046, 22.1509075165, -13.7357769012, -19.1278915405, 7.72159290314, 31.4915847778, 40.6863174438, 25.2099685669, 23.0650005341, 13.3011636734], [-54.0051689148, -33.1593437195, -4.03082275391, 35.0690345764, 18.1415996552, -5.83832645416, -11.8314666748, 4.6527557373, 16.3599262238, 25.2099685669, 32.5230865479, 27.9416866302, 13.8143291473], [-46.1165046692, -63.77501297, -12.5596647263, 54.9082107544, 23.3297157288, -10.5082464218, -17.2023143768, 1.31280303001, 9.10751247406, 23.0650005341, 27.9416866302, 52.8473472595, 29.6015319824], [-19.5163841248, -20.9621543884, -6.87501382828, 24.617937088, 12.7653875351, 0.835043311119, -1.24068593979, 4.369389534, 7.21860980988, 13.3011636734, 13.8143291473, 29.6015319824, 30.9305343628]],
        "icov": [[0.00361889018677, 0.00410223612562, 0.00111900013871, 0.00217984779738, -0.00713532418013, -0.00255534285679, -0.00800691079348, -0.000425016769441, -0.00262627401389, 0.000985700171441, 0.0073765409179, 0.00101668189745, 0.0022515268065], [0.00410223612562, 0.0383409038186, -0.0244322791696, 0.026021419093, -0.0472436137497, 0.0112688988447, -0.049353517592, 0.0255632381886, -0.0174497105181, 0.0327803865075, -0.0113780181855, 0.0256629455835, -0.0134685514495], [0.00111900013871, -0.0244322791696, 0.0623310208321, -0.0425632074475, 0.0446840710938, -0.0161254182458, 0.00105836102739, -0.0346598103642, 0.0172980781645, -0.0305686630309, 0.0144629729912, -0.00108895532321, 0.0225023943931], [0.00217984779738, 0.026021419093, -0.0425632074475, 0.0599286556244, -0.0646315068007, 0.0233894623816, -0.0145783945918, 0.0218660905957, -0.0116922017187, 0.0191674474627, -0.00443383445963, -0.00942276790738, -0.0102946041152], [-0.00713532418013, -0.0472436137497, 0.0446840710938, -0.0646315068007, 0.1274805516, -0.0288067124784, 0.0670298114419, -0.030779208988, 0.0206307079643, -0.0436509624124, -0.000718541676179, -0.0125847412273, 0.00637612771243], [-0.00255534285679, 0.0112688988447, -0.0161254182458, 0.0233894623816, -0.0288067124784, 0.0298431515694, -0.0122660575435, 0.0105435531586, 0.00580559018999, 0.00887955911458, -0.0162364542484, 0.00892005022615, -0.0135322706774], [-0.00800691079348, -0.049353517592, 0.00105836102739, -0.0145783945918, 0.0670298114419, -0.0122660575435, 0.135409027338, -0.061426371336, 0.0300888121128, -0.0213019177318, 0.000224514849833, -0.0266883056611, -0.0123057896271], [-0.000425016769441, 0.0255632381886, -0.0346598103642, 0.0218660905957, -0.030779208988, 0.0105435531586, -0.061426371336, 0.118501596153, -0.0650679841638, 0.0363250672817, -0.0147947994992, 0.000652931223158, -0.00928913895041], [-0.00262627401389, -0.0174497105181, 0.0172980781645, -0.0116922017187, 0.0206307079643, 0.00580559018999, 0.0300888121128, -0.0650679841638, 0.0839033946395, -0.0634642392397, 0.00206621689722, 0.00847148895264, 7.51593397581e-05], [0.000985700171441, 0.0327803865075, -0.0305686630309, 0.0191674474627, -0.0436509624124, 0.00887955911458, -0.0213019177318, 0.0363250672817, -0.0634642392397, 0.131829306483, -0.0567487180233, 0.0259948652238, -0.0288349669427], [0.0073765409179, -0.0113780181855, 0.0144629729912, -0.00443383445963, -0.000718541676179, -0.0162364542484, 0.000224514849833, -0.0147947994992, 0.00206621689722, -0.0567487180233, 0.11544418335, -0.0571593157947, 0.033585652709], [0.00101668189745, 0.0256629455835, -0.00108895532321, -0.00942276790738, -0.0125847412273, 0.00892005022615, -0.0266883056611, 0.000652931223158, 0.00847148895264, 0.0259948652238, -0.0571593157947, 0.114525638521, -0.0681501328945], [0.0022515268065, -0.0134685514495, 0.0225023943931, -0.0102946041152, 0.00637612771243, -0.0135322706774, -0.0123057896271, -0.00928913895041, 7.51593397581e-05, -0.0288349669427, 0.033585652709, -0.0681501328945, 0.0989751964808]]
    },
    "melbands": {
        "dmean": [1.45727801737e-06, 4.60544424641e-06, 4.39720861323e-05, 2.41346697294e-05, 2.13296698348e-05, 0.000218316417886, 3.52030983777e-05, 0.00148816697765, 0.00111983320676, 6.7580382165e-05, 4.93522020406e-05, 1.16215533126e-05, 2.81053803519e-06, 5.91291268393e-07, 3.38413627787e-07, 1.74824165811e-07, 8.09824811654e-08, 6.72828264214e-08, 4.94267631268e-08, 5.16701668118e-08, 4.71921097756e-08, 8.58323474517e-08, 7.55444062861e-08, 6.86028300834e-08, 5.73726843811e-08, 5.20125098546e-08, 2.89068964321e-08, 2.53935219519e-08, 2.09000248219e-08, 1.83447390611e-08, 1.4207299337e-08, 8.58416182581e-09, 4.29827728965e-09, 2.87302914792e-09, 2.53812726392e-09, 2.14297446455e-09, 1.81165826785e-09, 1.61012680966e-09, 1.40097600188e-09, 1.28335919669e-09],
        "dmean2": [2.3011830308e-06, 8.15103703644e-06, 6.68387074256e-05, 3.68834589608e-05, 3.20258986903e-05, 0.000270324060693, 4.24735117122e-05, 0.00170573045034, 0.00127787212841, 8.81098239915e-05, 6.48606437608e-05, 1.82278563443e-05, 4.37746030002e-06, 8.88713486802e-07, 5.39191489679e-07, 2.45137698585e-07, 9.70584466131e-08, 8.28643393902e-08, 6.01585483651e-08, 6.63386998667e-08, 6.63351684693e-08, 1.33348507347e-07, 1.20328863318e-07, 1.05111389814e-07, 9.20724616549e-08, 8.52959232134e-08, 4.29382112088e-08, 3.91810601741e-08, 3.24507851701e-08, 2.87264096954e-08, 2.07959089948e-08, 1.18494645207e-08, 5.26247889709e-09, 3.12107917289e-09, 2.77694245376e-09, 2.32588814875e-09, 1.92454185921e-09, 1.720361964e-09, 1.49341938815e-09, 1.41069111947e-09],
        "dvar": [3.18108191698e-12, 2.44389942311e-11, 2.16850737367e-09, 4.41920805505e-10, 4.47102743717e-10, 5.39110409647e-08, 1.60017255002e-09, 1.33233720589e-06, 7.38927667499e-07, 4.72533701057e-09, 2.51889442637e-09, 1.11175881001e-10, 8.31141492436e-12, 3.18570495504e-12, 9.06885948716e-13, 7.22997020326e-13, 3.43657529734e-13, 2.23372440878e-13, 1.25526935309e-13, 7.93477222404e-14, 5.13949878478e-14, 3.82707069973e-14, 3.13550522894e-14, 1.89513762485e-14, 1.20000368895e-14, 9.25849532403e-15, 8.07162598207e-15, 5.96155044343e-15, 3.95294225209e-15, 2.68061829719e-15, 1.65599366935e-15, 1.45466103169e-15, 1.03758158495e-15, 7.36842431146e-16, 5.94371118841e-16, 4.29554389173e-16, 3.22295136458e-16, 2.51750579781e-16, 1.94350386259e-16, 1.48907743618e-16],
        "dvar2": [8.27769189998e-12, 6.91979459844e-11, 3.90341714507e-09, 9.8677266358e-10, 7.72533759186e-10, 6.6861588266e-08, 2.21461826655e-09, 1.60517879522e-06, 8.61028695454e-07, 8.79755734928e-09, 4.51069936958e-09, 2.725430992e-10, 1.82060286985e-11, 3.8573103045e-12, 1.1556432894e-12, 7.87159671212e-13, 3.50677793011e-13, 2.24652707461e-13, 1.27962609042e-13, 7.82252612837e-14, 5.20704559657e-14, 4.42168579583e-14, 3.45876722174e-14, 2.20516388082e-14, 1.41782456408e-14, 1.18662429532e-14, 8.50843663781e-15, 6.168366243e-15, 4.23111845988e-15, 2.8472769e-15, 1.80703997264e-15, 1.55151543756e-15, 1.04616859321e-15, 7.40213304639e-16, 6.00818839515e-16, 4.32994534079e-16, 3.25239502392e-16, 2.53686050065e-16, 1.95550790763e-16, 1.49567238176e-16],
        "max": [1.40325246321e-05, 4.54347064078e-05, 0.000262876681518, 0.000246677023824, 0.000230756631936, 0.00280241761357, 0.000430221465649, 0.00789635814726, 0.00584337348118, 0.000547612085938, 0.000382627273211, 5.4222819017e-05, 2.44556067628e-05, 2.03095314646e-05, 1.08015328806e-05, 9.4921742857e-06, 6.48475361231e-06, 5.21131869391e-06, 3.90408240492e-06, 3.15960642183e-06, 2.51749111158e-06, 2.09237350646e-06, 1.95521170099e-06, 1.51256381287e-06, 1.19235482998e-06, 1.03206446056e-06, 1.00951433524e-06, 8.74750185176e-07, 7.12004634806e-07, 5.81489757678e-07, 4.65938427396e-07, 4.26795850217e-07, 3.57650321803e-07, 3.00640152773e-07, 2.69753087423e-07, 2.289255292e-07, 1.98187066758e-07, 1.7518927109e-07, 1.54016788656e-07, 1.35234174081e-07],
        "mean": [2.25705639423e-06, 7.7618042269e-06, 5.86674177612e-05, 9.35162679525e-05, 0.000146191567183, 0.00183518929407, 0.000293827120913, 0.00284933974035, 0.00197873986326, 0.00012769944442, 8.06499811006e-05, 1.51981666932e-05, 3.76281354875e-06, 7.71524298671e-07, 5.44576266748e-07, 2.57615681676e-07, 1.01281557363e-07, 8.49726191632e-08, 6.14995769865e-08, 7.53946807208e-08, 8.2103809973e-08, 1.58177513754e-07, 1.45811895891e-07, 1.29879623501e-07, 1.30294324663e-07, 1.08305201252e-07, 7.61345688716e-08, 6.09558625797e-08, 4.8773397765e-08, 4.07099598476e-08, 3.22693765042e-08, 1.85851369849e-08, 6.89837431622e-09, 3.81584808196e-09, 3.31663607689e-09, 2.795078613e-09, 2.23076179751e-09, 2.08286921044e-09, 1.79352188656e-09, 1.73995362562e-09],
        "median": [1.58638999892e-06, 6.50435140415e-06, 3.61374841304e-05, 8.45692702569e-05, 0.00014419585932, 0.00188526452985, 0.000300827116007, 0.00220158998854, 0.00151918409392, 8.85712724994e-05, 4.88781370223e-05, 1.00523475339e-05, 2.488063501e-06, 4.05195322628e-07, 3.0590885558e-07, 1.38533621907e-07, 3.51547981836e-08, 3.05662268829e-08, 2.32214265594e-08, 4.55112747488e-08, 5.62219497624e-08, 1.27961556018e-07, 1.16233607628e-07, 1.11528407842e-07, 1.14833383691e-07, 9.05165862264e-08, 6.5417218309e-08, 5.32163006994e-08, 4.10937595063e-08, 3.56788625311e-08, 2.72690563463e-08, 1.47007694906e-08, 3.84120113495e-09, 1.31954180915e-09, 1.11171560846e-09, 8.81828055022e-10, 6.00830551978e-10, 6.52138731905e-10, 5.21344467597e-10, 6.05537953113e-10],
        "min": [4.96637362346e-08, 1.09552800609e-07, 2.34034402524e-07, 1.60386480275e-06, 9.92213063e-06, 2.9370203265e-05, 2.88512037514e-05, 2.50810007856e-05, 9.56792246143e-06, 5.5931661791e-07, 4.46926158304e-08, 3.92215042666e-08, 9.9030845746e-09, 4.13556922041e-09, 5.93901017254e-09, 3.17522785842e-09, 1.17049059334e-09, 2.9534341639e-10, 2.39585795647e-10, 1.57196999861e-09, 1.24479082597e-09, 5.45938760865e-09, 4.22755652707e-09, 5.58204460432e-09, 5.73021141648e-09, 4.98363528223e-09, 1.20514143109e-09, 3.03497404985e-09, 1.63923485896e-09, 8.34697311269e-10, 7.32765847999e-10, 6.38976815903e-10, 2.50389708967e-10, 8.05734576281e-11, 5.42335516773e-11, 5.41922201558e-11, 3.67994801298e-11, 5.33756684684e-11, 2.31211126633e-11, 4.25086910116e-11],
        "var": [6.03572530497e-12, 3.25660852452e-11, 3.7011380627e-09, 2.21496399e-09, 8.90296947276e-10, 1.73368334799e-07, 4.47823023109e-09, 4.770308351e-06, 2.58615864368e-06, 1.48083225682e-08, 6.5887393319e-09, 1.9237234028e-10, 1.28201824157e-11, 3.65278944245e-12, 1.04655607097e-12, 7.42652629931e-13, 3.43528347045e-13, 2.22826748372e-13, 1.24683547991e-13, 8.00612289138e-14, 5.06287042455e-14, 4.00326066784e-14, 3.2967650555e-14, 1.96706850976e-14, 1.2619374675e-14, 9.32974265335e-15, 8.04752704769e-15, 6.08639632359e-15, 3.97839050996e-15, 2.64980853252e-15, 1.70830113022e-15, 1.42604254126e-15, 1.02766939364e-15, 7.34414199444e-16, 5.91694282969e-16, 4.26203156257e-16, 3.20019979492e-16, 2.49745864553e-16, 1.93119131225e-16, 1.48540144553e-16]
    },
    "mfcc": {
        "mean": [-828.960876465, 210.315826416, 26.0923156738, 26.3140411377, -64.7164611816, -65.4531021118, -25.5958518982, -16.2787437439, -0.898782849312, -11.3295660019, 1.54164087772, 4.37244033813, -5.91455411911],
        "cov": [[500.219421387, 54.8292350769, -88.1694030762, -85.1055908203, -25.7762470245, 45.8594932556, 32.8382949829, 25.7031364441, 35.2788848877, 18.7896442413, -12.8209056854, -24.1048755646, -26.6694831848], [54.8292350769, 273.736602783, 61.230632782, -94.8387374878, -101.084182739, -18.971818924, 65.9595718384, 53.5860023499, 43.9299125671, 24.3411006927, -0.186545312405, -14.8815145493, -41.0039710999], [-88.1694030762, 61.230632782, 90.4857635498, -8.78355789185, -35.3645553589, -18.3041877747, 17.3674316406, 26.007484436, 14.0294218063, 19.1858177185, 11.3039236069, 3.99164271355, -4.58500432968], [-85.1055908203, -94.8387374878, -8.78355789185, 175.632553101, 55.9487838745, -20.6805114746, -41.3992538452, -29.5283126831, 1.10515356064, -13.0738534927, 13.9421653748, 26.0689525604, 37.3237342834], [-25.7762470245, -101.084182739, -35.3645553589, 55.9487838745, 80.9813461304, 24.6704883575, -29.3691501617, -28.2357654572, -19.3909320831, -2.73833918571, 8.82336711884, 12.7320547104, 25.2701969147], [45.8594932556, -18.971818924, -18.3041877747, -20.6805114746, 24.6704883575, 44.3936004639, 12.7740917206, -3.79715824127, -9.36653232574, -4.40679216385, -7.48971748352, -4.88899278641, 4.55520820618], [32.8382949829, 65.9595718384, 17.3674316406, -41.3992538452, -29.3691501617, 12.7740917206, 44.3354644775, 24.690568924, 3.66842985153, 0.173733875155, -12.7035179138, -11.4746255875, -12.1007413864], [25.7031364441, 53.5860023499, 26.007484436, -29.5283126831, -28.2357654572, -3.79715824127, 24.690568924, 35.1639404297, 16.3457794189, 6.15753221512, -3.06856560707, -6.6853260994, -5.87302923203], [35.2788848877, 43.9299125671, 14.0294218063, 1.10515356064, -19.3909320831, -9.36653232574, 3.66842985153, 16.3457794189, 33.7161178589, 14.6722230911, 0.968303799629, 1.77476394176, 0.126467004418], [18.7896442413, 24.3411006927, 19.1858177185, -13.0738534927, -2.73833918571, -4.40679216385, 0.173733875155, 6.15753221512, 14.6722230911, 30.4551448822, 16.1179122925, 3.90552544594, 0.0553045608103], [-12.8209056854, -0.186545312405, 11.3039236069, 13.9421653748, 8.82336711884, -7.48971748352, -12.7035179138, -3.06856560707, 0.968303799629, 16.1179122925, 28.8497905731, 16.61876297, 4.71820116043], [-24.1048755646, -14.8815145493, 3.99164271355, 26.0689525604, 12.7320547104, -4.88899278641, -11.4746255875, -6.6853260994, 1.77476394176, 3.90552544594, 16.61876297, 31.1667366028, 21.6362304688], [-26.6694831848, -41.0039710999, -4.58500432968, 37.3237342834, 25.2701969147, 4.55520820618, -12.1007413864, -5.87302923203, 0.126467004418, 0.0553045608103, 4.71820116043, 21.6362304688, 38.4286155701]],
