{
"lowlevel": {
    "average_loudness": 0.981593847275,
    "barkbands_crest": {
        "dmean": 1.31465291977,
        "dmean2": 2.01137161255,
        "dvar": 3.05564427376,
        "dvar2": 6.534907341,
        "max": 26.4502849579,
        "mean": 21.5035324097,
        "median": 21.6384315491,
        "min": 9.92912578583,
        "var": 12.4800138474
    },
    "barkbands_flatness_db": {
        "dmean": 0.0189343728125,
        "dmean2": 0.0287782438099,
        "dvar": 0.000571714248508,
        "dvar2": 0.00102526776027,
        "max": 0.493730008602,
        "mean": 0.371539026499,
        "median": 0.369543552399,
        "min": 0.176179751754,
        "var": 0.00550154969096
    },
    "barkbands_kurtosis": {
        "dmean": 6.41801357269,
        "dmean2": 9.11618518829,
        "dvar": 106.90927124,
        "dvar2": 221.582000732,
        "max": 114.791473389,
        "mean": 17.7100219727,
        "median": 5.45566749573,
        "min": -1.69031071663,
        "var": 623.881530762
    },
    "barkbands_skewness": {
        "dmean": 0.676675617695,
        "dmean2": 0.953890442848,
        "dvar": 0.793471574783,
        "dvar2": 1.47480142117,
        "max": 9.43194675446,
        "mean": 2.94489717484,
        "median": 1.96207392216,
        "min": -1.28705155849,
        "var": 5.87713432312
    },
    "barkbands_spread": {
        "dmean": 1.08520066738,
        "dmean2": 1.54325306416,
        "dvar": 2.94408392906,
        "dvar2": 5.35651159286,
        "max": 17.4453773499,
        "mean": 4.15546035767,
        "median": 2.84272480011,
        "min": 0.37175488472,
        "var": 11.4372644424
    },
    "dissonance": {
        "dmean": 0.0372293367982,
        "dmean2": 0.0613524131477,
        "dvar": 0.00122696661856,
        "dvar2": 0.00290836626664,
        "max": 0.499925047159,
        "mean": 0.416323840618,
        "median": 0.413189262152,
        "min": 0.227769270539,
        "var": 0.00249463948421
    },
    "dynamic_complexity": 2.1311981678,
    "erbbands_crest": {
        "dmean": 1.69185245037,
        "dmean2": 2.47510313988,
        "dvar": 3.28626251221,
        "dvar2": 7.10296535492,
        "max": 31.6552600861,
        "mean": 20.2987194061,
        "median": 20.0387535095,
        "min": 6.41196346283,
        "var": 32.2840805054
    },
    "erbbands_flatness_db": {
        "dmean": 0.013573102653,
        "dmean2": 0.0204617660493,
        "dvar": 0.000309503462631,
        "dvar2": 0.000462568714283,
        "max": 0.455251693726,
        "mean": 0.39362937212,
        "median": 0.403814405203,
        "min": 0.207771539688,
        "var": 0.00164375209715
    },
    "erbbands_kurtosis": {
        "dmean": 1.42575478554,
        "dmean2": 2.06966900826,
        "dvar": 2.96139216423,
        "dvar2": 6.1021490097,
        "max": 17.8015632629,
        "mean": 3.00751113892,
        "median": 1.61772012711,
        "min": -1.74390161037,
        "var": 16.3101100922
    },
    "erbbands_skewness": {
        "dmean": 0.396769970655,
        "dmean2": 0.544819235802,
        "dvar": 0.218694463372,
        "dvar2": 0.359554290771,
        "max": 3.83151245117,
        "mean": 1.30345082283,
        "median": 1.24012756348,
        "min": -1.81266999245,
        "var": 1.22218132019
    },
    "erbbands_spread": {
        "dmean": 1.99320030212,
        "dmean2": 2.94221878052,
        "dvar": 7.02646493912,
        "dvar2": 14.8382701874,
        "max": 33.2513313293,
        "mean": 11.4720554352,
        "median": 10.122177124,
        "min": 3.9899892807,
        "var": 41.3749732971
    },
    "hfc": {
        "dmean": 2.17563962936,
        "dmean2": 3.04411697388,
        "dvar": 12.656165123,
        "dvar2": 19.5218276978,
        "max": 67.1563339233,
        "mean": 17.9898338318,
        "median": 8.3738193512,
        "min": 3.24877095222,
        "var": 384.695495605
    },
    "melbands_crest": {
        "dmean": 1.44550251961,
        "dmean2": 2.1541891098,
        "dvar": 2.70279812813,
        "dvar2": 5.23719120026,
        "max": 32.4894218445,
        "mean": 23.7639560699,
        "median": 24.8599414825,
        "min": 10.4149227142,
        "var": 20.6357955933
    },
    "melbands_flatness_db": {
        "dmean": 0.0208536908031,
        "dmean2": 0.0305708013475,
        "dvar": 0.000839031417854,
        "dvar2": 0.00152746238746,
        "max": 0.5953104496,
        "mean": 0.43315538764,
        "median": 0.444828778505,
        "min": 0.186776086688,
        "var": 0.0117479162291
    },
    "melbands_kurtosis": {
        "dmean": 6.58435487747,
        "dmean2": 9.55317115784,
        "dvar": 121.970779419,
        "dvar2": 227.938568115,
        "max": 98.556312561,
        "mean": 19.4814987183,
        "median": 8.66543006897,
        "min": -1.6096560955,
        "var": 511.9559021
    },
    "melbands_skewness": {
        "dmean": 0.621333301067,
        "dmean2": 0.918315351009,
        "dvar": 0.902160584927,
        "dvar2": 1.60158145428,
        "max": 9.29679679871,
        "mean": 3.00945210457,
        "median": 2.47079086304,
        "min": -1.22533237934,
        "var": 4.85505151749
    },
    "melbands_spread": {
        "dmean": 1.91887438297,
        "dmean2": 2.69967007637,
        "dvar": 10.4395971298,
        "dvar2": 21.1050014496,
        "max": 28.4657096863,
        "mean": 6.72923374176,
        "median": 4.23204231262,
        "min": 0.650331318378,
        "var": 37.2793083191
    },
    "pitch_salience": {
        "dmean": 0.0468608848751,
        "dmean2": 0.0713807046413,
        "dvar": 0.0029956784565,
        "dvar2": 0.00553199183196,
        "max": 0.611275494099,
        "mean": 0.335953116417,
        "median": 0.33756712079,
        "min": 0.0825460851192,
        "var": 0.0203174743801
    },
    "silence_rate_20dB": {
        "dmean": 0,
        "dmean2": 0,
        "dvar": 0,
        "dvar2": 0,
        "max": 1,
        "mean": 1,
        "median": 1,
        "min": 1,
        "var": 0
    },
    "silence_rate_30dB": {
        "dmean": 0,
        "dmean2": 0,
        "dvar": 0,
        "dvar2": 0,
        "max": 1,
        "mean": 1,
        "median": 1,
        "min": 1,
        "var": 0
    },
    "silence_rate_60dB": {
        "dmean": 0,
        "dmean2": 0,
        "dvar": 0,
        "dvar2": 0,
        "max": 0,
        "mean": 0,
        "median": 0,
        "min": 0,
        "var": 0
    },
    "spectral_centroid": {
        "dmean": 76.5605316162,
        "dmean2": 109.071914673,
        "dvar": 20167.4140625,
        "dvar2": 37067.8671875,
        "max": 2260.93212891,
        "mean": 774.717163086,
        "median": 617.703613281,
        "min": 251.083450317,
        "var": 352767.6875
    },
    "spectral_complexity": {
        "dmean": 2.19138765335,
        "dmean2": 3.57692313194,
        "dvar": 7.22652769089,
        "dvar2": 15.8979234695,
        "max": 30,
        "mean": 9.85714244843,
        "median": 9,
        "min": 2,
        "var": 23.989112854
    },
    "spectral_decrease": {
        "dmean": 4.2543982226e-10,
        "dmean2": 6.58947452159e-10,
        "dvar": 3.04579559619e-19,
        "dvar2": 5.41018255122e-19,
        "max": -1.02373798327e-09,
        "mean": -5.7210982618e-09,
        "median": -5.38965672092e-09,
        "min": -1.13647935507e-08,
        "var": 5.21790286687e-18
    },
    "spectral_energy": {
        "dmean": 0.00174995977432,
        "dmean2": 0.0026906223502,
        "dvar": 5.31692057848e-06,
        "dvar2": 9.21264745557e-06,
        "max": 0.0483687147498,
        "mean": 0.0232244469225,
        "median": 0.0209294594824,
        "min": 0.0041584786959,
        "var": 0.000104023885797
    },
    "spectral_energyband_high": {
        "dmean": 3.18235943269e-05,
        "dmean2": 4.27140948887e-05,
        "dvar": 8.03575961328e-09,
        "dvar2": 1.24542784974e-08,
        "max": 0.00124768412206,
        "mean": 0.000110647684778,
        "median": 4.84726228933e-07,
        "min": 7.20527992826e-08,
        "var": 6.83300243054e-08
    },
    "spectral_energyband_low": {
        "dmean": 9.87941712083e-06,
        "dmean2": 1.62973774422e-05,
        "dvar": 2.97796953763e-10,
        "dvar2": 6.69528932296e-10,
        "max": 0.000163695687661,
        "mean": 1.93917258002e-05,
        "median": 1.29506388475e-05,
        "min": 7.45915599509e-07,
        "var": 5.81179548931e-10
    },
    "spectral_energyband_middle_high": {
        "dmean": 0.00153227068949,
        "dmean2": 0.00222816155292,
        "dvar": 9.15565578907e-06,
        "dvar2": 1.59388036991e-05,
        "max": 0.0476372018456,
        "mean": 0.0104691507295,
        "median": 0.00288976030424,
        "min": 0.000107406958705,
        "var": 0.000236551015405
    },
    "spectral_energyband_middle_low": {
        "dmean": 0.00136372132692,
        "dmean2": 0.00212557055056,
        "dvar": 3.47961440639e-06,
        "dvar2": 7.04455032974e-06,
        "max": 0.0219229571521,
        "mean": 0.0126404659823,
        "median": 0.0151992700994,
        "min": 1.79673643288e-05,
        "var": 6.25093234703e-05
    },
    "spectral_entropy": {
        "dmean": 0.192328751087,
        "dmean2": 0.307447195053,
        "dvar": 0.0552335120738,
        "dvar2": 0.111320920289,
        "max": 7.47728395462,
        "mean": 5.92659425735,
        "median": 5.82591676712,
        "min": 4.70619487762,
        "var": 0.419608473778
    },
    "spectral_flux": {
        "dmean": 0.0173042397946,
        "dmean2": 0.028365848586,
        "dvar": 0.000714418536518,
        "dvar2": 0.00210168585181,
        "max": 0.243084281683,
        "mean": 0.0360967628658,
        "median": 0.0245111621916,
        "min": 0.00813694670796,
        "var": 0.00106951291673
    },
    "spectral_kurtosis": {
        "dmean": 15.0269451141,
        "dmean2": 25.3720912933,
        "dvar": 232.268722534,
        "dvar2": 539.180603027,
        "max": 118.690002441,
        "mean": 42.9019775391,
        "median": 38.3492126465,
        "min": 0.985687971115,
        "var": 1046.4206543
    },
    "spectral_rms": {
        "dmean": 0.000183611715329,
        "dmean2": 0.000279770203633,
        "dvar": 5.41307443314e-08,
        "dvar2": 8.9374843526e-08,
        "max": 0.00686942413449,
        "mean": 0.00464354548603,
        "median": 0.00451873708516,
        "min": 0.00201421254314,
        "var": 1.09548068394e-06
    },
    "spectral_rolloff": {
        "dmean": 161.035354614,
        "dmean2": 300.42956543,
        "dvar": 155392.515625,
        "dvar2": 335011,
        "max": 3165.38085938,
        "mean": 865.941467285,
        "median": 904.39453125,
        "min": 258.3984375,
        "var": 425616.28125
    },
    "spectral_skewness": {
        "dmean": 0.999249756336,
        "dmean2": 1.70000815392,
        "dvar": 0.842694759369,
        "dvar2": 2.0620932579,
        "max": 8.36911964417,
        "mean": 4.01967382431,
        "median": 3.97034597397,
        "min": 0.70065176487,
        "var": 4.3663983345
    },
    "spectral_spread": {
        "dmean": 266467.125,
        "dmean2": 399668.1875,
        "dvar": 657365991424,
        "dvar2": 705180008448,
        "max": 12420346,
        "mean": 1620355.375,
        "median": 1337644.25,
        "min": 701371.5625,
        "var": 1.02982680576e+12
    },
    "spectral_strongpeak": {
        "dmean": 0.334061056376,
        "dmean2": 0.499772131443,
        "dvar": 0.498796999454,
        "dvar2": 0.928126335144,
        "max": 8.728515625,
        "mean": 2.89116072655,
        "median": 1.52317619324,
        "min": 0.332968652248,
        "var": 6.21630382538
    },
    "zerocrossingrate": {
        "dmean": 0.00230823853053,
        "dmean2": 0.00258460408077,
        "dvar": 1.42360531754e-05,
        "dvar2": 1.5874449673e-05,
        "max": 0.06787109375,
        "mean": 0.0274948850274,
        "median": 0.02587890625,
        "min": 0.00830078125,
        "var": 0.000291153322905
    },
    "barkbands": {
        "dmean": [1.493497507e-06, 5.19188461112e-06, 3.05116986965e-06, 1.32939203468e-05, 0.000898795202374, 7.24589190213e-05, 9.64764476521e-05, 0.000476486951811, 0.000124271362438, 0.000209579899092, 0.000685895909555, 0.00120484025683, 4.58909053123e-05, 9.93456978904e-06, 2.09508543776e-05, 0.000202034061658, 0.000129594671307, 0.000117799929285, 0.000134644928039, 2.17346150748e-05, 1.66653717315e-05, 1.32243885673e-05, 2.68822009275e-06, 1.18702780583e-06, 4.59923057861e-07, 1.64042020856e-07, 3.67600883067e-08],
        "dmean2": [2.61176091954e-06, 8.71427710081e-06, 4.79409391119e-06, 1.80718379852e-05, 0.00132779520936, 0.000116712093586, 0.000161238916917, 0.000798274879344, 0.000201116228709, 0.000349038804416, 0.00092866650084, 0.00177191093098, 7.78820394771e-05, 1.59195788001e-05, 3.20603976434e-05, 0.00029588045436, 0.000164558616234, 0.000168628364918, 0.000196861015866, 3.07467707898e-05, 2.25254370889e-05, 1.92600255104e-05, 3.82351254302e-06, 1.59953151524e-06, 5.35747403774e-07, 2.59477445752e-07, 5.10024094069e-08],
        "dvar": [1.72134615589e-11, 1.43511133532e-10, 2.49284586029e-11, 5.81348247319e-10, 2.88375213131e-06, 6.69651933904e-09, 3.29219211892e-08, 1.13775274713e-06, 3.46139792384e-08, 4.58432396044e-07, 6.07228412264e-06, 9.16096632864e-06, 8.23389889604e-09, 4.31285507307e-10, 7.25211402042e-09, 2.83003402046e-07, 1.03816084618e-07, 2.22396465688e-07, 1.99464466277e-07, 3.43078898624e-09, 2.16195283897e-09, 2.67138622334e-09, 8.03410185601e-11, 1.39003730401e-11, 1.63925611366e-12, 2.84785731238e-13, 3.6027455433e-14],
        "dvar2": [5.12987777257e-11, 4.0452219352e-10, 3.94000977677e-11, 8.39349922899e-10, 5.19479044669e-06, 1.66798983514e-08, 9.89489308267e-08, 3.08864900944e-06, 9.37913426924e-08, 9.42593715081e-07, 8.69200721354e-06, 1.60793624673e-05, 2.33841070951e-08, 1.00065444819e-09, 1.2626058421e-08, 6.20281696229e-07, 1.87621424175e-07, 3.73859165848e-07, 3.05788233845e-07, 7.36630623166e-09, 3.45901329801e-09, 4.69226124622e-09, 1.66923780354e-10, 2.70712462863e-11, 2.70004027816e-12, 5.5820918634e-13, 4.34049667139e-14],
        "max": [2.75265028904e-05, 0.000134044064907, 5.3114072216e-05, 0.000257656240137, 0.0213094428182, 0.000480048067402, 0.00236497772858, 0.0176418181509, 0.00286561297253, 0.00778514798731, 0.0430748537183, 0.0369278416038, 0.000809179095086, 0.000245697941864, 0.0010936469771, 0.00518421316519, 0.00457824254408, 0.00745705608279, 0.00625239545479, 0.000654713890981, 0.000657592318021, 0.000685386359692, 0.000109640306619, 5.04272284161e-05, 1.69577542692e-05, 6.75568026054e-06, 2.33732112065e-06],
        "mean": [1.26071699924e-06, 8.79736580828e-06, 4.86199041916e-06, 2.42725109274e-05, 0.00953045580536, 0.000114950969873, 0.000265308684902, 0.00240167672746, 0.000286262424197, 0.000559209031053, 0.00248418934643, 0.00600610114634, 0.000121536395454, 2.16609842028e-05, 4.66129386041e-05, 0.000355554133421, 0.00031734717777, 0.000209594451007, 0.000337384844897, 3.75354429707e-05, 4.70305603812e-05, 3.05149078486e-05, 7.521119187e-06, 3.13471514346e-06, 1.1732773828e-06, 4.70920809903e-07, 5.94541411658e-08],
        "median": [1.9334150636e-07, 4.86870885652e-06, 3.47615059582e-06, 4.40283747594e-06, 0.0108351651579, 8.28264237498e-05, 0.000150488078361, 0.000142742501339, 9.64759383351e-05, 0.000236825435422, 0.000242376831011, 0.000203305186005, 5.7196142734e-05, 1.0972518794e-05, 9.70952078205e-06, 2.67908108071e-05, 1.31893630169e-05, 4.21232380177e-06, 2.88598994302e-06, 7.03036448613e-07, 1.75280646886e-07, 4.1090761016e-08, 3.25482285568e-09, 1.9555170816e-09, 2.87914136976e-09, 1.44612255504e-09, 4.65678962058e-09],
        "min": [5.84922332791e-10, 1.35973330373e-08, 2.27129905994e-08, 7.81983331422e-08, 1.26157351588e-06, 2.94815123425e-07, 8.50643999684e-08, 3.84293969091e-07, 1.50713083258e-06, 3.75608078684e-06, 1.29460222524e-05, 4.17823684984e-06, 1.00525619473e-06, 3.56905445642e-07, 1.92023975387e-07, 6.04540389304e-07, 3.47932484601e-07, 3.47777643128e-07, 3.15384625083e-07, 8.67900737944e-08, 2.4257282405e-08, 3.55577411959e-09, 6.88474888211e-10, 4.77612560612e-10, 3.99058813771e-10, 2.51052512112e-10, 1.87697990484e-09],
        "var": [1.41005098223e-11, 2.95234003911e-10, 4.49061829388e-11, 1.99754635055e-09, 7.98355176812e-05, 1.24099646115e-08, 1.1241879605e-07, 2.07480861718e-05, 2.62760835312e-07, 7.28414534024e-07, 6.21975705144e-05, 0.000133174326038, 1.91684748074e-08, 9.72966707202e-10, 1.34663284967e-08, 5.91174398323e-07, 5.48452305793e-07, 6.36185973235e-07, 8.71792678936e-07, 8.19969603327e-09, 1.47625067726e-08, 8.90137652476e-09, 3.60107249575e-10, 6.36646221852e-11, 8.68540395854e-12, 1.40723912558e-12, 4.03682282372e-14]
    },
    "erbbands": {
        "dmean": [0.000163135322509, 0.00112563418224, 0.00343420635909, 0.0230474639684, 0.57459962368, 5.3773651123, 1.16701567173, 0.89196151495, 1.04985630512, 6.10570478439, 6.70750188828, 2.43746876717, 3.26114845276, 16.4217243195, 43.2315979004, 39.5601577759, 3.44455122948, 0.516608417034, 0.538289129734, 4.56795883179, 11.0119361877, 7.63449478149, 3.44773030281, 9.89506149292, 3.42387962341, 0.883293390274, 0.790683269501, 0.585741698742, 0.552895665169, 0.0891504734755, 0.0809297040105, 0.0364311859012, 0.0128424083814, 0.00653347605839, 0.00241794181056, 0.000827136507723, 0.000301340623992, 5.76665224798e-05, 5.96008021603e-06, 2.20021547648e-06],
        "dmean2": [0.000284792389721, 0.00188918143976, 0.0055837482214, 0.0319691710174, 0.832741379738, 7.81299066544, 1.87391102314, 1.42796301842, 1.68972527981, 10.6655712128, 11.1920928955, 3.82450962067, 4.96056842804, 27.0914344788, 61.2009124756, 58.5942153931, 5.62000703812, 0.832403063774, 0.840753138065, 6.2453212738, 15.7700386047, 9.58316707611, 4.73464679718, 14.0782775879, 4.83851003647, 1.29734873772, 1.07650625706, 0.82722145319, 0.800431609154, 0.124856077135, 0.121976979077, 0.0573746934533, 0.0194172821939, 0.00783100351691, 0.00312329828739, 0.00125098857097, 0.000488310062792, 8.15775711089e-05, 8.35432638269e-06, 3.35243703375e-06],
        "dvar": [2.05803772246e-07, 6.51608661428e-06, 2.9589584301e-05, 0.00109195918776, 0.792175590992, 108.98764801, 3.78894996643, 1.04607844353, 5.31610059738, 145.900817871, 194.916946411, 12.9304924011, 73.2188415527, 7112.98828125, 16785.0957031, 9842.65527344, 59.5683174133, 0.940970480442, 1.4429718256, 401.233551025, 650.373413086, 343.413116455, 113.367759705, 1077.18615723, 96.448677063, 5.28641414642, 7.22902154922, 3.86777329445, 4.95709705353, 0.0632053092122, 0.0940653085709, 0.0141930896789, 0.00132769776974, 0.000364263978554, 4.87724755658e-05, 6.72063970342e-06, 7.96509993961e-07, 3.04813347896e-08, 7.17678361184e-10, 9.93586636577e-12],
        "dvar2": [5.76351624204e-07, 1.86965171451e-05, 5.25162904523e-05, 0.00159410655033, 1.63534653187, 183.308288574, 8.30937385559, 2.61499404907, 11.6578168869, 453.572937012, 450.543518066, 32.7088127136, 173.212661743, 12803.90625, 29915.2695312, 17443.5292969, 154.434799194, 2.24608135223, 2.54909610748, 855.200439453, 1581.94799805, 616.036315918, 187.45993042, 1941.03649902, 168.944488525, 12.0643529892, 11.5867729187, 6.66915655136, 8.02064418793, 0.121331438422, 0.178314745426, 0.0286692418158, 0.00289825978689, 0.000692341884132, 7.53814456402e-05, 1.19275364341e-05, 1.88984324723e-06, 4.70027359256e-08, 9.21809517607e-10, 1.51665260212e-11],
        "max": [0.0037158287596, 0.0294844843447, 0.0607427097857, 0.432648301125, 11.540271759, 132.218963623, 22.6906318665, 6.51908731461, 34.3739700317, 177.599853516, 252.980178833, 65.4535217285, 103.016273499, 1079.76367188, 2086.09692383, 1596.46240234, 73.1809310913, 11.4478654861, 15.7184782028, 305.670776367, 234.649017334, 315.996398926, 119.97265625, 457.834411621, 125.667556763, 24.8607769012, 42.9247894287, 39.4758605957, 24.6697063446, 4.19892883301, 4.13557481766, 1.42684674263, 0.397532314062, 0.23851133883, 0.100457645953, 0.0343665964901, 0.0106377415359, 0.00166637299117, 0.000336853816407, 6.2787294155e-05],
        "mean": [0.000229465920711, 0.00229821004905, 0.00898440554738, 0.108699314296, 5.13541889191, 59.0671424866, 10.293299675, 1.77770066261, 2.8208489418, 23.7466201782, 38.3850059509, 7.09539985657, 8.46980285645, 45.023147583, 196.752883911, 186.737289429, 12.4944896698, 1.56203055382, 1.69907903671, 8.79315662384, 19.476650238, 20.0969276428, 6.85570526123, 24.1533927917, 8.97764968872, 1.91769647598, 1.90763604641, 1.88408982754, 1.40655076504, 0.338902115822, 0.217668130994, 0.0948667004704, 0.0370746031404, 0.0185652114451, 0.00684108491987, 0.00250770733692, 0.000786191958468, 0.000141558528412, 1.99425630854e-05, 2.78009829344e-05],
        "median": [8.3237682702e-05, 0.00157923530787, 0.00880934298038, 0.131219595671, 5.85172176361, 67.4897155762, 12.5767202377, 1.4801428318, 1.75214850903, 4.86916732788, 3.19729852676, 3.01061558723, 3.6503162384, 16.7796478271, 18.8997573853, 9.14978218079, 5.91468811035, 0.718691825867, 0.750639915466, 1.3075273037, 1.89081025124, 0.847035050392, 0.296956181526, 0.181708335876, 0.091554954648, 0.0326322801411, 0.0117403389886, 0.005370400846, 0.00185442413203, 0.000286934897304, 0.000121940363897, 5.92060569033e-05, 4.58350186818e-05, 3.61382044503e-05, 3.05362773361e-05, 1.64379089256e-05, 8.48671152198e-06, 2.42928535954e-06, 1.05517856355e-05, 2.32589900406e-05],
        "min": [6.42268787487e-07, 7.4279596447e-06, 5.41267654626e-05, 0.000703815254383, 0.00129667960573, 0.0071972059086, 0.00309467082843, 0.00259073078632, 0.00238093733788, 0.00571576645598, 0.0199268199503, 0.113738492131, 0.42548853159, 0.686906933784, 1.0919367075, 0.298685848713, 0.122460223734, 0.0419274382293, 0.0257454477251, 0.0328692086041, 0.0502789802849, 0.0529209934175, 0.0216572582722, 0.0274286046624, 0.011172122322, 0.004177398514, 0.00172475585714, 0.000564831541851, 0.000247977790423, 4.50186453236e-05, 2.67623872787e-05, 1.64356206369e-05, 1.25474507513e-05, 1.12944117063e-05, 1.29638274302e-05, 6.68439270157e-06, 2.40168355958e-06, 1.04380410448e-06, 2.71457361123e-06, 4.94165669807e-06],
        "var": [3.0698973319e-07, 1.37193937917e-05, 6.75394694554e-05, 0.0048731896095, 21.6253566742, 3086.84008789, 89.5793075562, 2.20627880096, 17.2360286713, 1579.2824707, 5022.79638672, 113.210739136, 174.394561768, 10886.5820312, 178187.28125, 123834.164062, 277.465637207, 3.50105619431, 5.02546262741, 799.26965332, 1507.70678711, 2315.02587891, 280.570648193, 4603.72216797, 514.532470703, 18.4690227509, 26.1587867737, 32.4830360413, 17.0299682617, 0.657984852791, 0.332099914551, 0.0601918660104, 0.00791111309081, 0.00217062258162, 0.000287933275104, 3.98261327064e-05, 3.55187853529e-06, 1.1210124029e-07, 9.33604749065e-10, 1.8955988168e-10]
    },
    "gfcc": {
        "mean": [-167.414855957, 165.47718811, -168.326171875, -37.3327064514, -40.5908241272, -39.4031639099, -23.3010959625, -19.7150325775, -40.6844558716, -30.0645294189, -11.9375114441, -1.40173530579, 2.06565618515],
        "cov": [[4856.38964844, -4688.99023438, -1578.94995117, 1936.6081543, -280.607696533, 2014.52307129, 515.545410156, 581.192687988, -337.777984619, -35.6885604858, 167.472412109, 853.257019043, -88.0085144043], [-4688.99023438, 5718.28222656, 1825.62426758, -1888.43237305, 327.103607178, -2466.81665039, -648.839782715, -812.510986328, 256.896728516, -52.8137550354, -140.806762695, -967.939697266, 96.6491928101], [-1578.94995117, 1825.62426758, 1293.91601562, -253.42779541, 104.439872742, -777.065490723, -205.10987854, -278.82244873, -86.015296936, -103.185089111, 32.0942420959, -196.985794067, 58.2609329224], [1936.6081543, -1888.43237305, -253.42779541, 1452.48205566, 155.701660156, 669.933288574, 179.498931885, 99.951789856, -502.948608398, -271.143157959, 194.823669434, 604.967834473, 117.743087769], [-280.607696533, 327.103607178, 104.439872742, 155.701660156, 267.211456299, -172.784393311, -57.279499054, -147.586578369, -170.556106567, -110.366424561, 64.8991394043, 99.1494674683, 73.241973877], [2014.52307129, -2466.81665039, -777.065490723, 669.933288574, -172.784393311, 1190.69360352, 316.81652832, 379.489044189, -33.645866394, 89.0059967041, 50.9683418274, 377.730529785, -92.2159576416], [515.545410156, -648.839782715, -205.10987854, 179.498931885, -57.279499054, 316.81652832, 176.852706909, 143.586807251, -7.96863508224, 30.7604503632, 5.3536939621, 86.2869720459, -12.9426755905], [581.192687988, -812.510986328, -278.82244873, 99.951789856, -147.586578369, 379.489044189, 143.586807251, 240.915466309, 110.849273682, 92.5197143555, -36.0015220642, 55.5299377441, -30.8421726227], [-337.777984619, 256.896728516, -86.015296936, -502.948608398, -170.556106567, -33.645866394, -7.96863508224, 110.849273682, 315.323638916, 180.377853394, -106.045135498, -211.060165405, -66.5428390503], [-35.6885604858, -52.8137550354, -103.185089111, -271.143157959, -110.366424561, 89.0059967041, 30.7604503632, 92.5197143555, 180.377853394, 152.788452148, -44.6811485291, -97.2790908813, -63.4439430237], [167.472412109, -140.806762695, 32.0942420959, 194.823669434, 64.8991394043, 50.9683418274, 5.3536939621, -36.0015220642, -106.045135498, -44.6811485291, 66.5360641479, 102.275505066, 19.598695755], [853.257019043, -967.939697266, -196.985794067, 604.967834473, 99.1494674683, 377.730529785, 86.2869720459, 55.5299377441, -211.060165405, -97.2790908813, 102.275505066, 317.534881592, 55.4217529297], [-88.0085144043, 96.6491928101, 58.2609329224, 117.743087769, 73.241973877, -92.2159576416, -12.9426755905, -30.8421726227, -66.5428390503, -63.4439430237, 19.598695755, 55.4217529297, 78.3789367676]],
        "icov": [[0.00659195287153, -0.00779504980892, 0.00756748626009, -0.0123622352257, 0.0140050603077, -0.00971117708832, 0.00377896404825, -0.00125392968766, 0.00813539419323, -0.0121637079865, 0.00955842155963, -0.00946567580104, 0.00694159464911], [-0.00779504980892, 0.0207132678479, -0.0137338647619, 0.0172830633819, -0.0259674880654, 0.0220674537122, -0.0105397254229, 0.0125040719286, -0.0234330035746, 0.0225236006081, -0.0233478564769, 0.0258997101337, -0.0107780899853], [0.00756748626009, -0.0137338647619, 0.0122177721933, -0.015477324836, 0.0204706974328, -0.014467490837, 0.00715739326552, -0.00680458452553, 0.0157174449414, -0.017206678167, 0.0131384106353, -0.0157332457602, 0.00921052880585], [-0.0123622352257, 0.0172830633819, -0.015477324836, 0.0304327253252, -0.0263724904507, 0.0210188161582, -0.00782750919461, 5.03170194861e-05, -0.0126797128469, 0.0287387594581, -0.0207323711365, 0.0129556544125, -0.0127834193408], [0.0140050603077, -0.0259674880654, 0.0204706974328, -0.0263724904507, 0.048970296979, -0.025899194181, 0.0103594502434, -0.00559939164668, 0.0310710407794, -0.034907668829, 0.0345392376184, -0.0441443659365, 0.0161233209074], [-0.00971117708832, 0.0220674537122, -0.014467490837, 0.0210188161582, -0.025899194181, 0.03435812518, -0.0164347160608, 0.0100228479132, -0.0256368815899, 0.0232018753886, -0.0192577261478, 0.0102843670174, 0.00147757097147], [0.00377896404825, -0.0105397254229, 0.00715739326552, -0.00782750919461, 0.0103594502434, -0.0164347160608, 0.024600174278, -0.0202297810465, 0.0227646734565, -0.0139182014391, 0.00496668927372, -8.16289175418e-05, -0.00235992623493], [-0.00125392968766, 0.0125040719286, -0.00680458452553, 5.03170194861e-05, -0.00559939164668, 0.0100228479132, -0.0202297810465, 0.0453211776912, -0.0295250732452, 0.00271985400468, 0.00555111840367, 0.00545885926113, -0.00843916740268], [0.00813539419323, -0.0234330035746, 0.0157174449414, -0.0126797128469, 0.0310710407794, -0.0256368815899, 0.0227646734565, -0.0295250732452, 0.061932053417, -0.0438634492457, 0.0365077704191, -0.0242406185716, 0.00342441373505], [-0.0121637079865, 0.0225236006081, -0.017206678167, 0.0287387594581, -0.034907668829, 0.0232018753886, -0.0139182014391, 0.00271985400468, -0.0438634492457, 0.0686503276229, -0.0485759675503, 0.0308198798448, -0.00444112392142], [0.00955842155963, -0.0233478564769, 0.0131384106353, -0.0207323711365, 0.0345392376184, -0.0192577261478, 0.00496668927372, 0.00555111840367, 0.0365077704191, -0.0485759675503, 0.10044760257, -0.0662809461355, 0.0223982892931], [-0.00946567580104, 0.0258997101337, -0.0157332457602, 0.0129556544125, -0.0441443659365, 0.0102843670174, -8.16289175418e-05, 0.00545885926113, -0.0242406185716, 0.0308198798448, -0.0662809461355, 0.0956355631351, -0.0415305048227], [0.00694159464911, -0.0107780899853, 0.00921052880585, -0.0127834193408, 0.0161233209074, 0.00147757097147, -0.00235992623493, -0.00843916740268, 0.00342441373505, -0.00444112392142, 0.0223982892931, -0.0415305048227, 0.0522399060428]]
    },
    "melbands": {
        "dmean": [1.50059327098e-06, 1.47547871165e-06, 6.53767574477e-06, 0.000213728970266, 9.13284675335e-05, 1.74781998794e-05, 1.67769594555e-05, 8.62216838868e-05, 4.72071878903e-05, 1.70009261637e-05, 1.64945522556e-05, 6.29374553682e-05, 0.000103191676317, 0.000167870530277, 3.08437229251e-05, 2.77348090094e-06, 8.75645355336e-07, 8.92091804872e-07, 2.4937546641e-06, 9.25764834392e-06, 1.44572040881e-05, 8.73007502378e-06, 3.60559897672e-06, 4.91316495754e-06, 9.35247862799e-06, 4.27634722655e-06, 1.01367822936e-06, 5.84924862324e-07, 5.95971528128e-07, 4.63993671929e-07, 3.80191067961e-07, 4.54247725656e-07, 7.11373928652e-08, 4.6925055841e-08, 5.52988055347e-08, 3.7713103751e-08, 2.11468531575e-08, 9.5002903322e-09, 8.13360756524e-09, 6.03007022093e-09],
        "dmean2": [2.49433082899e-06, 2.59347871179e-06, 9.003062587e-06, 0.0003109088575, 0.000141410477227, 2.80937056232e-05, 2.76633691101e-05, 0.000147891798406, 7.84810472396e-05, 2.73007735814e-05, 2.56352577708e-05, 0.0001073905878, 0.000155984656885, 0.000242707712459, 4.87645702378e-05, 4.78256288261e-06, 1.40829149586e-06, 1.4301488136e-06, 3.77653645955e-06, 1.4109611584e-05, 2.06779386644e-05, 1.07323085103e-05, 5.37502637599e-06, 6.61389185552e-06, 1.32763270813e-05, 6.33841909803e-06, 1.51848985297e-06, 8.57747693317e-07, 7.66530831697e-07, 6.70152928706e-07, 4.71880127861e-07, 6.50757215226e-07, 1.01435560396e-07, 6.76385027987e-08, 8.0518780976e-08, 5.41451257163e-08, 3.23754605347e-08, 1.50118388831e-08, 1.17383747167e-08, 7.1913630606e-09],
        "dvar": [1.36352639249e-11, 8.47285436256e-12, 1.3247129782e-10, 1.63819350973e-07, 2.80909180361e-08, 4.01187083554e-10, 1.1992977722e-09, 3.43467974062e-08, 8.6522975451e-09, 7.17568060526e-10, 1.49826295814e-09, 1.17422885637e-07, 1.21913984685e-07, 1.35327468342e-07, 8.53715942384e-09, 3.13530937324e-11, 3.32266137347e-12, 2.56517897201e-12, 1.15605761075e-10, 1.33340460895e-09, 1.17667653399e-09, 5.18867948607e-10, 1.2646214631e-10, 3.32249033841e-10, 1.00401287284e-09, 2.04165531703e-10, 9.00369102191e-12, 3.61652439766e-12, 4.37587986679e-12, 1.67289760603e-12, 2.22888417792e-12, 3.49152868076e-12, 4.68507814467e-14, 1.85144631017e-14, 3.68765144831e-14, 1.45892853191e-14, 4.37536774728e-15, 8.09128222865e-16, 6.7080387799e-16, 3.63461731788e-16],
        "dvar2": [3.83339783527e-11, 1.89022651698e-11, 1.79378858989e-10, 2.84331122202e-07, 5.44353824239e-08, 9.89235360294e-10, 2.96777469266e-09, 1.00408541925e-07, 2.02714165454e-08, 1.86571957883e-09, 3.94834520634e-09, 2.15005300674e-07, 2.38457403157e-07, 2.2987373427e-07, 1.83842967516e-08, 8.78731948317e-11, 7.82211621864e-12, 5.6151511392e-12, 2.45997833215e-10, 2.29724905765e-09, 2.7506108502e-09, 8.5836560082e-10, 2.41208802931e-10, 5.53241175094e-10, 1.81389381293e-09, 3.41480899113e-10, 2.02197182608e-11, 8.63457829542e-12, 7.11825303562e-12, 3.27955371193e-12, 3.53596665836e-12, 5.50800204058e-12, 8.93095886416e-14, 3.85342291116e-14, 6.6408365623e-14, 3.28454948515e-14, 9.41793572382e-15, 1.99508128693e-15, 1.51559552313e-15, 5.608394138e-16],
        "max": [3.52278584614e-05, 2.86435952148e-05, 0.00012445973698, 0.00510693434626, 0.00205780752003, 0.000115426075354, 0.000503104587551, 0.00289700808935, 0.00167157151736, 0.00044426167733, 0.000415583868744, 0.00403086654842, 0.00589216314256, 0.00543871987611, 0.00106809800491, 5.85431407671e-05, 2.04187472264e-05, 1.50284822666e-05, 0.000160034236615, 0.000500631460454, 0.000274166523013, 0.000419782008976, 0.000104383369035, 0.000297524034977, 0.000466812372906, 0.000154908469995, 3.15547658829e-05, 2.27783166338e-05, 2.86260146822e-05, 1.19880423881e-05, 2.81606608041e-05, 2.0450392185e-05, 2.63071228801e-06, 2.52521476796e-06, 2.52797667599e-06, 1.59792000431e-06, 7.22121512808e-07, 3.36450995064e-07, 2.65532463573e-07, 2.55814768479e-07],
        "mean": [2.19645880861e-06, 3.16091518471e-06, 1.16597011584e-05, 0.00228384556249, 0.000924602267332, 2.83831122943e-05, 4.37878334196e-05, 0.000385825085687, 0.000256922474364, 4.12786539528e-05, 3.92516158172e-05, 0.000151407482917, 0.00046526407823, 0.000878937309608, 9.01005332707e-05, 6.68700658935e-06, 1.93279447558e-06, 2.2834583433e-06, 5.17385296916e-06, 1.92417919607e-05, 2.26640204346e-05, 2.37172425841e-05, 5.96792324359e-06, 8.73048520589e-06, 2.17921497097e-05, 1.05489298221e-05, 2.01699208446e-06, 1.05813467144e-06, 1.26083102714e-06, 8.73973078797e-07, 1.26052168525e-06, 1.01826412902e-06, 2.13127208326e-07, 1.55261290047e-07, 1.29899788703e-07, 8.83212223357e-08, 4.64569254177e-08, 2.45782540986e-08, 2.07364703186e-08, 1.44027429982e-08],
        "median": [8.93914489097e-07, 2.54107226283e-06, 5.03879800817e-06, 0.00259048514999, 0.00105516833719, 1.9041923224e-05, 2.76581777143e-05, 5.11133475811e-05, 2.45187220571e-05, 1.33835947054e-05, 1.49542975123e-05, 4.38300339738e-05, 5.48206226085e-05, 3.12326701533e-05, 2.28341814363e-05, 2.92605591312e-06, 9.9833278e-07, 1.20596962461e-06, 9.80529421213e-07, 1.43852753354e-06, 2.13307521335e-06, 8.36093022372e-07, 3.64119671303e-07, 1.87129401752e-07, 1.45736478885e-07, 9.61922665965e-08, 3.73889221805e-08, 1.58596087374e-08, 8.38767988398e-09, 4.49668302593e-09, 2.67994093583e-09, 1.16893716928e-09, 2.80965417598e-10, 8.30004537322e-11, 5.62493419898e-11, 3.59404971062e-11, 2.43751928364e-11, 2.3090526019e-11, 2.18826276543e-11, 2.44250990961e-11],
        "min": [4.76291983631e-09, 2.60279744424e-08, 1.04128517364e-07, 3.15224667702e-07, 1.49515614112e-07, 5.02388530776e-08, 2.82122627482e-08, 6.55993162013e-08, 8.46923740028e-08, 2.29337757673e-07, 5.5761341855e-07, 2.0671927814e-06, 3.07872460326e-06, 9.91637762127e-07, 2.29546415653e-07, 9.94226780904e-08, 4.20876240526e-08, 3.2356112456e-08, 1.46999248329e-08, 3.50225874968e-08, 4.51384352118e-08, 2.06935695246e-08, 1.28735972993e-08, 1.49799408433e-08, 2.03769143781e-08, 7.97740362657e-09, 6.02313088294e-09, 1.65544389308e-09, 8.58135340565e-10, 4.61285981634e-10, 2.04821562488e-10, 1.26043245285e-10, 2.71462990975e-11, 1.19188556594e-11, 9.95906829226e-12, 6.81429131871e-12, 4.50577899644e-12, 4.74850887777e-12, 3.04129161091e-12, 1.95866088105e-12],
        "var": [2.49221875775e-11, 1.75545671749e-11, 3.26356192071e-10, 4.59138573206e-06, 7.4425014418e-07, 7.90658927219e-10, 3.95832877587e-09, 4.79303253087e-07, 2.19912564603e-07, 6.13463280175e-09, 4.44823644585e-09, 1.53289022364e-07, 1.36707535603e-06, 2.55315762843e-06, 3.48361055558e-08, 6.81004766467e-11, 7.08481840903e-12, 7.191683013e-12, 2.15196985232e-10, 3.22777271577e-09, 2.36675856691e-09, 3.46440987009e-09, 2.42245890014e-10, 9.37714794702e-10, 3.99286470554e-09, 8.68259963926e-10, 2.85633357244e-11, 8.84144146784e-12, 1.27573975689e-11, 5.20722267389e-12, 2.03978257896e-11, 1.1347252131e-11, 2.43382760777e-13, 1.60228086224e-13, 1.18626259532e-13, 6.02045336869e-14, 1.43056258435e-14, 3.70964559052e-15, 2.816786255e-15, 1.47585019614e-15]
    },
    "mfcc": {
        "mean": [-790.648376465, 183.430114746, -46.9542503357, -15.7294855118, -16.1600627899, -26.4058761597, -2.51757860184, 1.60874927044, -17.3086967468, -27.3022556305, -25.0726413727, -7.87814283371, 2.95108294487],
        "cov": [[4494.66796875, -3843.32006836, -1590.77770996, 854.243408203, -228.589706421, 1027.54846191, 875.016052246, 937.842407227, 350.501464844, -188.8306427, -13.8609685898, 258.81918335, 324.030914307], [-3843.32006836, 4502.95898438, 1247.62353516, -866.534667969, 87.0096359253, -1161.55957031, -952.585083008, -1167.63330078, -359.517730713, 300.12322998, 104.403076172, -230.013793945, -477.006591797], [-1590.77770996, 1247.62353516, 1102.0838623, 22.1672039032, 150.049972534, -344.501831055, -241.529586792, -216.648666382, -198.031860352, -30.3005504608, 4.29179430008, -106.510726929, -192.09954834], [854.243408203, -866.534667969, 22.1672039032, 905.930236816, 216.403656006, 152.207504272, 351.110321045, 335.314208984, -163.525543213, -451.917724609, -195.525482178, 89.328666687, -46.3902778625], [-228.589706421, 87.0096359253, 150.049972534, 216.403656006, 188.309906006, -9.02525043488, 36.9940948486, 29.7361335754, -119.701721191, -189.636657715, -94.5255661011, 39.6068000793, 12.6644325256], [1027.54846191, -1161.55957031, -344.501831055, 152.207504272, -9.02525043488, 399.402923584, 269.391693115, 302.25793457, 98.2611083984, -72.4090957642, -1.5965821743, 96.9521636963, 167.632644653], [875.016052246, -952.585083008, -241.529586792, 351.110321045, 36.9940948486, 269.391693115, 328.918243408, 298.068634033, 17.4438285828, -173.680679321, -63.4404220581, 78.1879348755, 75.341468811], [937.842407227, -1167.63330078, -216.648666382, 335.314208984, 29.7361335754, 302.25793457, 298.068634033, 366.545654297, 71.4903182983, -146.633636475, -63.9484558105, 63.7061386108, 117.994674683], [350.501464844, -359.517730713, -198.031860352, -163.525543213, -119.701721191, 98.2611083984, 17.4438285828, 71.4903182983, 180.304458618, 168.687088013, 58.5329589844, -22.7022666931, 67.4378204346], [-188.8306427, 300.12322998, -30.3005504608, -451.917724609, -189.636657715, -72.4090957642, -173.680679321, -146.633636475, 168.687088013, 354.105194092, 153.272384644, -87.236579895, -2.00190782547], [-13.8609685898, 104.403076172, 4.29179430008, -195.525482178, -94.5255661011, -1.5965821743, -63.4404220581, -63.9484558105, 58.5329589844, 153.272384644, 103.797279358, -13.2345733643, -7.04717540741], [258.81918335, -230.013793945, -106.510726929, 89.328666687, 39.6068000793, 96.9521636963, 78.1879348755, 63.7061386108, -22.7022666931, -87.236579895, -13.2345733643, 80.3408737183, 50.3077163696], [324.030914307, -477.006591797, -192.09954834, -46.3902778625, 12.6644325256, 167.632644653, 75.341468811, 117.994674683, 67.4378204346, -2.00190782547, -7.04717540741, 50.3077163696, 153.949630737]],
