{
"lowlevel": {
    "average_loudness": 0.946812331676,
    "barkbands_crest": {
        "dmean": 2.6938188076,
        "dmean2": 4.47137308121,
        "dvar": 5.77787733078,
        "dvar2": 13.9583473206,
        "max": 21.5470428467,
        "mean": 11.0166778564,
        "median": 10.2247753143,
        "min": 5.25633049011,
        "var": 10.5703134537
    },
    "barkbands_flatness_db": {
        "dmean": 0.0157061964273,
        "dmean2": 0.0242718476802,
        "dvar": 0.000201231712708,
        "dvar2": 0.000504511583131,
        "max": 0.252503722906,
        "mean": 0.184668377042,
        "median": 0.180066242814,
        "min": 0.135908812284,
        "var": 0.000780966249295
    },
    "barkbands_kurtosis": {
        "dmean": 1.71919763088,
        "dmean2": 2.74461150169,
        "dvar": 3.66992211342,
        "dvar2": 6.39065027237,
        "max": 21.8732185364,
        "mean": 5.60043668747,
        "median": 5.52068996429,
        "min": -0.589595556259,
        "var": 9.95972251892
    },
    "barkbands_skewness": {
        "dmean": 0.362512171268,
        "dmean2": 0.581963300705,
        "dvar": 0.131281286478,
        "dvar2": 0.268724501133,
        "max": 2.8221642971,
        "mean": 1.3951832056,
        "median": 1.55421721935,
        "min": -0.620945096016,
        "var": 0.518925130367
    },
    "barkbands_spread": {
        "dmean": 1.40042424202,
        "dmean2": 2.2654132843,
        "dvar": 1.46364116669,
        "dvar2": 3.62229824066,
        "max": 13.9037742615,
        "mean": 7.03133630753,
        "median": 6.73032617569,
        "min": 2.53634619713,
        "var": 5.2744808197
    },
    "dissonance": {
        "dmean": 0.0276956465095,
        "dmean2": 0.0479538030922,
        "dvar": 0.000508416909724,
        "dvar2": 0.00109702104237,
        "max": 0.489269256592,
        "mean": 0.428986281157,
        "median": 0.427232474089,
        "min": 0.339837402105,
        "var": 0.00102933496237
    },
    "dynamic_complexity": 3.4389705658,
    "erbbands_crest": {
        "dmean": 3.1188557148,
        "dmean2": 5.43942308426,
        "dvar": 6.4703502655,
        "dvar2": 15.8405752182,
        "max": 22.0822257996,
        "mean": 11.4418611526,
        "median": 10.9131574631,
        "min": 5.09069252014,
        "var": 11.6469345093
    },
    "erbbands_flatness_db": {
        "dmean": 0.0174139738083,
        "dmean2": 0.0274076182395,
        "dvar": 0.00026304172934,
        "dvar2": 0.000544962123968,
        "max": 0.352994352579,
        "mean": 0.222504019737,
        "median": 0.208365187049,
        "min": 0.152809217572,
        "var": 0.00187164545059
    },
    "erbbands_kurtosis": {
        "dmean": 1.59831500053,
        "dmean2": 2.60278630257,
        "dvar": 2.74937748909,
        "dvar2": 5.35065364838,
        "max": 20.7241630554,
        "mean": 2.90754365921,
        "median": 2.21170377731,
        "min": -0.520940303802,
        "var": 8.12373828888
    },
    "erbbands_skewness": {
        "dmean": 0.34738278389,
        "dmean2": 0.567418634892,
        "dvar": 0.096895955503,
        "dvar2": 0.179764896631,
        "max": 3.52179694176,
        "mean": 1.19394659996,
        "median": 1.25520849228,
        "min": -0.390945822001,
        "var": 0.269893050194
    },
    "erbbands_spread": {
        "dmean": 3.83387422562,
        "dmean2": 6.51562404633,
        "dvar": 11.7482795715,
        "dvar2": 32.9076766968,
        "max": 35.5684967041,
        "mean": 16.979845047,
        "median": 16.8379325867,
        "min": 3.70113158226,
        "var": 54.5103225708
    },
    "hfc": {
        "dmean": 9.24311828613,
        "dmean2": 16.5507030487,
        "dvar": 1683.79418945,
        "dvar2": 4867.14013672,
        "max": 347.76260376,
        "mean": 12.6156358719,
        "median": 4.17683696747,
        "min": 1.85913324356,
        "var": 1190.19299316
    },
    "melbands_crest": {
        "dmean": 2.56291890144,
        "dmean2": 4.28510093689,
        "dvar": 7.08014678955,
        "dvar2": 18.676858902,
        "max": 23.4100475311,
        "mean": 11.5367269516,
        "median": 10.7265663147,
        "min": 5.19136238098,
        "var": 10.5228700638
    },
    "melbands_flatness_db": {
        "dmean": 0.0149578265846,
        "dmean2": 0.0228278394789,
        "dvar": 0.000198558278498,
        "dvar2": 0.000437704613432,
        "max": 0.339289933443,
        "mean": 0.272961139679,
        "median": 0.271009594202,
        "min": 0.195144206285,
        "var": 0.000813607941382
    },
    "melbands_kurtosis": {
        "dmean": 1.96697163582,
        "dmean2": 3.19417977333,
        "dvar": 4.74911975861,
        "dvar2": 9.68066215515,
        "max": 18.8964500427,
        "mean": 6.3980178833,
        "median": 6.36267852783,
        "min": -0.859982967377,
        "var": 15.4468536377
    },
    "melbands_skewness": {
        "dmean": 0.439468532801,
        "dmean2": 0.732546508312,
        "dvar": 0.147052407265,
        "dvar2": 0.316956520081,
        "max": 3.34062385559,
        "mean": 1.3702236414,
        "median": 1.46635186672,
        "min": -1.2618046999,
        "var": 0.758779764175
    },
    "melbands_spread": {
        "dmean": 1.80142092705,
        "dmean2": 2.86811757088,
        "dvar": 2.90194988251,
        "dvar2": 6.20875692368,
        "max": 20.5752449036,
        "mean": 9.25338459015,
        "median": 8.7043800354,
        "min": 5.01746225357,
        "var": 7.10721588135
    },
    "pitch_salience": {
        "dmean": 0.0550232119858,
        "dmean2": 0.0913163200021,
        "dvar": 0.00401728088036,
        "dvar2": 0.010488787666,
        "max": 0.838714957237,
        "mean": 0.597267448902,
        "median": 0.597430169582,
        "min": 0.35134974122,
        "var": 0.00399120617658
    },
    "silence_rate_20dB": {
        "dmean": 0,
        "dmean2": 0,
        "dvar": 0,
        "dvar2": 0,
        "max": 1,
        "mean": 1,
        "median": 1,
        "min": 1,
        "var": 0
    },
    "silence_rate_30dB": {
        "dmean": 0.0181818176061,
        "dmean2": 0.0366972461343,
        "dvar": 0.0178512297571,
        "dvar2": 0.0353504680097,
        "max": 1,
        "mean": 0.981981992722,
        "median": 1,
        "min": 0,
        "var": 0.0176933314651
    },
    "silence_rate_60dB": {
        "dmean": 0,
        "dmean2": 0,
        "dvar": 0,
        "dvar2": 0,
        "max": 0,
        "mean": 0,
        "median": 0,
        "min": 0,
        "var": 0
    },
    "spectral_centroid": {
        "dmean": 61.556186676,
        "dmean2": 100.759170532,
        "dvar": 5888.71533203,
        "dvar2": 13094.03125,
        "max": 1270.18273926,
        "mean": 655.517333984,
        "median": 614.655883789,
        "min": 502.883544922,
        "var": 22675.8417969
    },
    "spectral_complexity": {
        "dmean": 1.7090909481,
        "dmean2": 2.58715605736,
        "dvar": 3.42446017265,
        "dvar2": 6.60937738419,
        "max": 24,
        "mean": 10.6216220856,
        "median": 10,
        "min": 5,
        "var": 13.3162965775
    },
    "spectral_decrease": {
        "dmean": 3.23935700486e-09,
        "dmean2": 5.74868552761e-09,
        "dvar": 2.14380147892e-16,
        "dvar2": 6.26942023822e-16,
        "max": -9.43736866432e-10,
        "mean": -5.01506036699e-09,
        "median": -2.27346519388e-09,
        "min": -1.25523754946e-07,
        "var": 1.48215810344e-16
    },
    "spectral_energy": {
        "dmean": 0.0130616091192,
        "dmean2": 0.0231840871274,
        "dvar": 0.00347691099159,
        "dvar2": 0.0101621234789,
        "max": 0.505296230316,
        "mean": 0.0200722329319,
        "median": 0.00894297193736,
        "min": 0.00373051525094,
        "var": 0.00240568583831
    },
    "spectral_energyband_high": {
        "dmean": 1.63951735885e-05,
        "dmean2": 3.07794980472e-05,
        "dvar": 3.6312555185e-09,
        "dvar2": 1.13507168109e-08,
        "max": 0.000471525068861,
        "mean": 3.22712803609e-05,
        "median": 2.25803069043e-05,
        "min": 1.527346285e-05,
        "var": 2.51671572471e-09
    },
    "spectral_energyband_low": {
        "dmean": 0.000329322967445,
        "dmean2": 0.000576288322918,
        "dvar": 2.05935361919e-06,
        "dvar2": 3.88750686398e-06,
        "max": 0.0120511427522,
        "mean": 0.000803350412752,
        "median": 0.000534581486136,
        "min": 6.66847045068e-05,
        "var": 3.17435706165e-06
    },
    "spectral_energyband_middle_high": {
        "dmean": 0.00506485812366,
        "dmean2": 0.00908396206796,
        "dvar": 0.000510662910528,
        "dvar2": 0.00144518096931,
        "max": 0.188736602664,
        "mean": 0.00590987829491,
        "median": 0.000700460746884,
        "min": 0.000278268882539,
        "var": 0.000403303245548
    },
    "spectral_energyband_middle_low": {
        "dmean": 0.00834648031741,
        "dmean2": 0.0150200808421,
        "dvar": 0.00153944059275,
        "dvar2": 0.00453336676583,
        "max": 0.330587893724,
        "mean": 0.0141438655555,
        "median": 0.00692544691265,
        "min": 0.000870911055245,
        "var": 0.00102955650073
    },
    "spectral_entropy": {
        "dmean": 0.128119140863,
        "dmean2": 0.19341237843,
        "dvar": 0.0259510893375,
        "dvar2": 0.050439003855,
        "max": 8.07512378693,
        "mean": 6.96392250061,
        "median": 7.0067615509,
        "min": 6.42999839783,
        "var": 0.071913652122
    },
    "spectral_flux": {
        "dmean": 0.0246889404953,
        "dmean2": 0.040037304163,
        "dvar": 0.00447244010866,
        "dvar2": 0.0103188082576,
        "max": 0.658053278923,
        "mean": 0.0579330325127,
        "median": 0.0344837158918,
        "min": 0.0159084685147,
        "var": 0.00631890958175
    },
    "spectral_kurtosis": {
        "dmean": 3.77731466293,
        "dmean2": 6.89451885223,
        "dvar": 55.0149841309,
        "dvar2": 181.287734985,
        "max": 69.1184234619,
        "mean": 11.735449791,
        "median": 9.14983844757,
        "min": 4.40422058105,
        "var": 56.5038223267
    },
    "spectral_rms": {
        "dmean": 0.000805562653113,
        "dmean2": 0.00133558700327,
        "dvar": 4.22228913521e-06,
        "dvar2": 1.18222633319e-05,
        "max": 0.0222029704601,
        "mean": 0.00374452047981,
        "median": 0.00295378593728,
        "min": 0.00190775445662,
        "var": 5.56123086426e-06
    },
    "spectral_rolloff": {
        "dmean": 68.5147399902,
        "dmean2": 123.272651672,
        "dvar": 11129.8242188,
        "dvar2": 22697.8945312,
        "max": 1184.32617188,
        "mean": 707.491394043,
        "median": 645.99609375,
        "min": 516.796875,
        "var": 35689.4453125
    },
    "spectral_skewness": {
        "dmean": 0.320947051048,
        "dmean2": 0.581732690334,
        "dvar": 0.282499760389,
        "dvar2": 0.939610779285,
        "max": 6.61086177826,
        "mean": 2.34144115448,
        "median": 2.09815621376,
        "min": 1.70094347,
        "var": 0.442350685596
    },
    "spectral_spread": {
        "dmean": 390248.8125,
        "dmean2": 542073.25,
        "dvar": 3.3400029184e+12,
        "dvar2": 3.34846256742e+12,
        "max": 21758498,
        "mean": 2917102.5,
        "median": 2890562.75,
        "min": 1344691.5,
        "var": 3.45469301555e+12
    },
    "spectral_strongpeak": {
        "dmean": 0.510647714138,
        "dmean2": 0.805408298969,
        "dvar": 0.872963786125,
        "dvar2": 2.02160358429,
        "max": 7.71740531921,
        "mean": 1.13006126881,
        "median": 0.644139766693,
        "min": 0.302343249321,
        "var": 1.31022846699
    },
    "zerocrossingrate": {
        "dmean": 0.00337357958779,
        "dmean2": 0.00477530108765,
        "dvar": 1.29940071929e-05,
        "dvar2": 1.77451674972e-05,
        "max": 0.04736328125,
        "mean": 0.032059404999,
        "median": 0.03125,
        "min": 0.02197265625,
        "var": 3.02061143884e-05
    },
    "barkbands": {
        "dmean": [6.31438524579e-06, 9.53759808908e-05, 0.000108479514893, 0.000708694220521, 0.00154807977378, 0.00104885909241, 0.00179188861512, 0.00330829061568, 0.00183646788355, 0.0025478110183, 0.00138313812204, 0.00112257990986, 0.000448398262961, 0.000245237606578, 2.42220539803e-05, 2.50254233833e-05, 6.2422521296e-05, 1.65091751114e-05, 1.31798888106e-05, 2.76996142929e-05, 3.766117743e-06, 1.90537912204e-06, 6.99991971942e-07, 5.1898757647e-07, 3.90300016306e-07, 4.62923026134e-07, 5.21865672454e-07],
        "dmean2": [1.21229240904e-05, 0.000156561814947, 0.000137540264404, 0.0012867320329, 0.00249576126225, 0.00176280585583, 0.00341808004305, 0.00591217121109, 0.00332976831123, 0.00484482292086, 0.00189139053691, 0.00198399624787, 0.000822710804641, 0.000444598059403, 4.61828312837e-05, 4.77798603242e-05, 0.000116737202916, 3.16547193506e-05, 2.40997960645e-05, 4.7445842938e-05, 6.51466552881e-06, 3.41333520737e-06, 1.12999362045e-06, 8.29279201753e-07, 5.62667366921e-07, 7.18244336895e-07, 7.68676613916e-07],
        "dvar": [1.21501153583e-09, 2.42839011122e-08, 7.06786522642e-08, 8.42522968014e-06, 8.9123404905e-06, 8.14720806375e-06, 0.000117774863611, 6.71834641253e-05, 8.91268573469e-05, 0.000253820297075, 2.36989417317e-05, 1.61445441336e-05, 5.75394005864e-06, 1.1606505268e-06, 1.16732676858e-08, 2.01785823606e-08, 3.40221752992e-08, 7.44412842479e-09, 1.02481034769e-09, 1.48392818033e-08, 7.76121250601e-11, 4.91092166932e-11, 8.88516170361e-12, 4.3489625963e-12, 2.90363154527e-12, 2.87761676467e-12, 2.05027379623e-12],
        "dvar2": [3.65859476048e-09, 4.01672366479e-08, 9.8424038697e-08, 2.27388136409e-05, 2.81591619569e-05, 2.2385002012e-05, 0.000351768598193, 0.000195639528101, 0.000250352342846, 0.000745025405195, 5.11747639393e-05, 4.51258965768e-05, 1.68173082784e-05, 3.44856675838e-06, 3.46414950059e-08, 6.01978769055e-08, 1.00152888649e-07, 2.22471641109e-08, 2.98276758848e-09, 4.06757898475e-08, 2.23777024688e-10, 1.37698699665e-10, 1.99750927604e-11, 9.30273826721e-12, 4.40904387652e-12, 6.30650479755e-12, 2.47403074589e-12],
        "max": [0.000267097755568, 0.00153627339751, 0.00288047641516, 0.0236662998796, 0.0246116761118, 0.0240116603673, 0.0835840329528, 0.0679084956646, 0.0790349990129, 0.126508414745, 0.0433121398091, 0.0260840654373, 0.0190485436469, 0.00843812339008, 0.000853288918734, 0.00114359310828, 0.00117914564908, 0.000672006572131, 0.000214140862226, 0.00102507602423, 7.14025518391e-05, 5.40581168025e-05, 1.97435983864e-05, 1.73550270119e-05, 1.59553310368e-05, 1.57533359015e-05, 1.70923431142e-05],
        "mean": [4.34486855738e-06, 0.000206837445148, 0.000228845150559, 0.00120219378732, 0.00308135384694, 0.00134891818743, 0.00132023124024, 0.00487918592989, 0.00151736033149, 0.00202228897251, 0.00241835135967, 0.00101431203075, 0.00036975229159, 0.000212221973925, 2.25189833145e-05, 2.70646069112e-05, 9.11174283829e-05, 2.37860458583e-05, 2.76290793408e-05, 3.2297692087e-05, 1.07908053906e-05, 3.48886669599e-06, 9.3262633527e-07, 7.20052128145e-07, 6.8190604452e-07, 8.76812748629e-07, 2.7093008157e-06],
        "median": [1.32695140564e-06, 0.000171088322531, 0.000151974687469, 0.000507847522385, 0.00266163842753, 0.000408633146435, 0.00043350784108, 0.00215466273949, 0.000339067133609, 0.000376352341846, 0.00011720713519, 0.000192500228877, 6.23360974714e-05, 2.4478922569e-05, 7.52971800466e-06, 1.26446393551e-05, 5.76436032134e-05, 1.6830086679e-05, 2.27011878451e-05, 1.39021967698e-05, 9.60208672041e-06, 2.66021584139e-06, 5.06964056513e-07, 3.37966355346e-07, 3.98656879952e-07, 5.61697675039e-07, 2.53352482105e-06],
        "min": [3.24371951521e-09, 3.64258594345e-05, 2.16046537389e-05, 8.16970714368e-06, 0.000112094305223, 1.2854857232e-05, 6.51825175737e-05, 6.55740805087e-05, 5.57969251531e-05, 9.00703889783e-05, 8.14680242911e-06, 1.04995306174e-05, 1.49447987496e-05, 7.82151528256e-06, 1.18655952974e-06, 5.51157336304e-06, 2.76145146927e-05, 7.65673848946e-06, 1.2712719581e-05, 6.06934554526e-06, 5.69814301343e-06, 1.52613392856e-06, 2.83648830646e-07, 2.01076304052e-07, 2.30086158126e-07, 2.87059918946e-07, 2.00803970074e-06],
        "var": [6.32434937753e-10, 3.67758019593e-08, 1.22300022554e-07, 9.70174460235e-06, 6.29241731076e-06, 7.07653089194e-06, 6.1792343331e-05, 6.34021052974e-05, 5.90642121097e-05, 0.000143802535604, 4.80620874441e-05, 1.11074814413e-05, 3.35765435011e-06, 7.46500063542e-07, 6.84994061473e-09, 1.16324718746e-08, 2.45535165533e-08, 3.85324749885e-09, 5.98465832446e-10, 1.05934052641e-08, 5.12980595502e-11, 2.85197733485e-11, 6.52576387025e-12, 4.23258606982e-12, 2.92326492873e-12, 3.1132694079e-12, 2.21712470432e-12]
    },
    "erbbands": {
        "dmean": [0.00111783272587, 0.0269724000245, 0.104925625026, 1.11622405052, 4.34076833725, 5.59053230286, 4.92412948608, 11.7207622528, 20.0341091156, 57.7154846191, 54.1042671204, 41.6945457458, 60.3723526001, 75.2169113159, 44.1496620178, 40.0842170715, 23.0918464661, 15.5275831223, 3.2777428627, 1.35248160362, 1.27962434292, 3.92818331718, 1.22891294956, 0.660644710064, 0.820230305195, 1.43791031837, 0.272842109203, 0.12931099534, 0.0768847092986, 0.030060313642, 0.0174786560237, 0.0111295590177, 0.00834614783525, 0.00456585036591, 0.00304169929586, 0.00237978203222, 0.00075928249862, 0.000281421409454, 8.12970538391e-05, 2.1772006221e-05],
        "dmean2": [0.00203665834852, 0.0453367978334, 0.148685887456, 2.02407288551, 8.29642677307, 8.28300094604, 7.50884628296, 20.1357345581, 39.1981697083, 102.651351929, 102.028427124, 78.4291534424, 110.753997803, 131.492706299, 76.0441436768, 75.0930480957, 43.7320137024, 28.0273075104, 5.74681138992, 2.58142733574, 2.40428996086, 7.3303027153, 2.39547944069, 1.22730243206, 1.37783539295, 2.47817015648, 0.495288729668, 0.224726438522, 0.137135595083, 0.0502043440938, 0.0278750769794, 0.0176751520485, 0.013008008711, 0.00654057785869, 0.00463629094884, 0.00399246253073, 0.00108512421139, 0.000414991809521, 0.000122963087051, 3.75563031412e-05],
        "dvar": [8.71540305525e-06, 0.00224238657393, 0.0676730945706, 24.0904598236, 224.079071045, 33.5569992065, 72.6629333496, 876.901489258, 16463.4960938, 29993.6855469, 43997.3710938, 57860.6757812, 105818.109375, 142424.421875, 27557.9296875, 25581.4296875, 16667.28125, 4614.33154297, 133.354263306, 48.0266609192, 39.6468048096, 134.909729004, 38.5615272522, 3.61075568199, 8.00243759155, 41.3183021545, 0.498068362474, 0.109126888216, 0.0725718289614, 0.0178895648569, 0.00503611611202, 0.00185376731679, 0.00131000031251, 0.000390222325223, 0.000148730949149, 8.99464284885e-05, 7.30125475457e-06, 8.91727097496e-07, 5.07793700422e-08, 5.04695973902e-09],
        "dvar2": [2.11731985473e-05, 0.00383628485724, 0.0915293619037, 60.2342643738, 699.805236816, 101.061691284, 172.298721313, 2503.21484375, 49413.640625, 86778.609375, 130580.179688, 166877.21875, 304640.71875, 412368.59375, 64075.2421875, 74480.78125, 49569.0507812, 13373.421875, 383.915527344, 144.893768311, 118.354728699, 396.341125488, 115.995559692, 10.7186069489, 22.1214065552, 113.895561218, 1.53337419033, 0.31858164072, 0.205577030778, 0.0450735576451, 0.010430874303, 0.00410216068849, 0.00262378971092, 0.000557237130124, 0.000264286325546, 0.0002553157683, 9.56366147875e-06, 1.16254534532e-06, 6.97042068509e-08, 1.44937857272e-08],
        "max": [0.0272807329893, 0.441021323204, 2.79396271706, 39.8151855469, 120.84677124, 47.0347976685, 81.3026809692, 230.510391235, 984.688964844, 1422.97619629, 1730.90893555, 1950.14245605, 2694.72485352, 3142.19433594, 1354.1105957, 1038.89709473, 1006.85211182, 523.721984863, 100.393920898, 52.9537391663, 53.402557373, 71.4703369141, 47.9632377625, 14.738038063, 23.4713459015, 53.7953605652, 5.65311479568, 2.69238805771, 2.10248661041, 0.899214565754, 0.525819778442, 0.392150133848, 0.271337509155, 0.18535104394, 0.112404555082, 0.0670693814754, 0.0273690465838, 0.00975681189448, 0.0024052716326, 0.000643995997962],
        "mean": [0.00186382897664, 0.0598466545343, 0.259046971798, 1.96735084057, 5.20429229736, 11.756980896, 11.1538610458, 15.2262325287, 15.5161190033, 83.408706665, 60.8700294495, 33.1017036438, 62.4892692566, 69.2278747559, 85.1539993286, 33.9963874817, 17.3069019318, 13.6216678619, 3.92006850243, 1.14806759357, 1.78131401539, 5.67812538147, 1.70011937618, 1.46949422359, 1.3109869957, 1.64344060421, 0.548420846462, 0.362418234348, 0.150009974837, 0.0427562780678, 0.0249607376754, 0.0162785500288, 0.0113813625649, 0.00757396547124, 0.00510889990255, 0.00334461242892, 0.00159331271425, 0.000782220624387, 0.000317001860822, 7.30904866941e-05],
        "median": [0.001254809089, 0.0519717782736, 0.187129199505, 0.87754291296, 2.52306056023, 11.2774610519, 9.34864330292, 5.2102689743, 3.25695157051, 43.2530288696, 21.23163414, 8.12693309784, 13.2186527252, 3.47849726677, 7.95811223984, 6.09024333954, 2.76125502586, 1.9030367136, 1.13317668438, 0.317194402218, 0.937435746193, 3.63629841805, 1.12404954433, 1.2631046772, 0.89246827364, 0.674018502235, 0.440395146608, 0.322849154472, 0.120237633586, 0.0254991669208, 0.0141039807349, 0.0072287125513, 0.005769376643, 0.00433362927288, 0.00280852755532, 0.00163588253781, 0.00115613802336, 0.000628212292213, 0.000282800989226, 6.1384489527e-05],
        "min": [0.000354433490429, 0.0101985009387, 0.0344930253923, 0.0314715728164, 0.0357580818236, 0.50620174408, 0.515727519989, 0.0717822909355, 0.474247634411, 1.74724900723, 1.43472695351, 1.63241779804, 3.83201265335, 0.914170742035, 0.915834546089, 0.686315178871, 0.795652747154, 0.664078056812, 0.289890229702, 0.156619548798, 0.557080686092, 1.68750655651, 0.617430448532, 0.667749881744, 0.538737237453, 0.313671648502, 0.241083443165, 0.191140666604, 0.0677551850677, 0.0139990700409, 0.00768668670207, 0.00432117283344, 0.00328641408123, 0.00231464393437, 0.00160179904196, 0.000674066715874, 0.000434932822827, 0.000411953718867, 0.000210937563679, 4.19562966272e-05],
        "var": [1.016477745e-05, 0.00304298964329, 0.122841924429, 30.3115234375, 161.22895813, 36.7262268066, 87.2640914917, 738.050415039, 8605.16796875, 21081.1328125, 29558.1660156, 34368.6796875, 69824.015625, 100126.539062, 44583.6289062, 15884.0224609, 9244.125, 3009.97045898, 115.719329834, 26.1979122162, 26.6007213593, 96.5816726685, 20.0451374054, 1.96937930584, 5.41023826599, 29.3273391724, 0.345926463604, 0.0705650001764, 0.041852734983, 0.0115449409932, 0.00407001236454, 0.00215698499233, 0.00106456154026, 0.000380413548555, 0.000155127359903, 8.6312458734e-05, 7.74225463829e-06, 9.12299299216e-07, 5.03580075417e-08, 3.79663944727e-09]
    },
    "gfcc": {
        "mean": [-70.0228500366, 136.399856567, -114.746078491, -13.8245306015, -54.2620429993, -33.1849136353, -15.7189455032, -6.28742074966, -30.4929008484, -7.45210790634, -15.5454683304, -4.6298699379, -13.4984226227],
        "cov": [[750.867797852, 163.641555786, -279.203552246, -326.772583008, -87.3444747925, 178.540771484, 62.4355163574, -29.1282711029, -58.691280365, -0.201950490475, 59.8148803711, 7.36558485031, 14.332447052], [163.641555786, 373.621520996, 36.8611068726, -105.941452026, -77.1055984497, -81.1947174072, 25.3736057281, -30.9693584442, 9.87490653992, -18.7807064056, 5.50028419495, -19.3777217865, -29.0062389374], [-279.203552246, 36.8611068726, 281.195281982, 192.605422974, -11.4806728363, -142.244689941, -73.1022872925, -0.793215095997, 44.4176330566, -11.0365390778, -50.5861587524, -19.85779953, -49.0405349731], [-326.772583008, -105.941452026, 192.605422974, 240.558441162, 63.2541809082, -94.9024505615, -68.932723999, 10.5244092941, 39.9296340942, 2.15760326385, -45.1003227234, -18.0998935699, -22.5530357361], [-87.3444747925, -77.1055984497, -11.4806728363, 63.2541809082, 73.0859603882, 28.0204124451, -0.374165207148, 5.76482105255, 6.93132209778, 11.9626646042, -6.69770860672, -4.09574985504, 10.6730394363], [178.540771484, -81.1947174072, -142.244689941, -94.9024505615, 28.0204124451, 142.218948364, 46.7002830505, 2.17969655991, -29.9988174438, 11.3833351135, 25.8017864227, 15.5654859543, 28.2693042755], [62.4355163574, 25.3736057281, -73.1022872925, -68.932723999, -0.374165207148, 46.7002830505, 48.6649932861, 4.94555568695, -14.3220529556, -1.49987316132, 15.4527273178, 7.90040683746, 15.184753418], [-29.1282711029, -30.9693584442, -0.793215095997, 10.5244092941, 5.76482105255, 2.17969655991, 4.94555568695, 20.4621276855, 8.788813591, -0.446633070707, -2.38279891014, 4.69383144379, 4.66101074219], [-58.691280365, 9.87490653992, 44.4176330566, 39.9296340942, 6.93132209778, -29.9988174438, -14.3220529556, 8.788813591, 35.4543151855, 1.35859596729, -15.7752914429, -5.46956682205, -6.61045980453], [-0.201950490475, -18.7807064056, -11.0365390778, 2.15760326385, 11.9626646042, 11.3833351135, -1.49987316132, -0.446633070707, 1.35859596729, 21.5941047668, 10.8666944504, -1.56648278236, 0.961458384991], [59.8148803711, 5.50028419495, -50.5861587524, -45.1003227234, -6.69770860672, 25.8017864227, 15.4527273178, -2.38279891014, -15.7752914429, 10.8666944504, 28.800201416, 9.97768115997, 7.97155618668], [7.36558485031, -19.3777217865, -19.85779953, -18.0998935699, -4.09574985504, 15.5654859543, 7.90040683746, 4.69383144379, -5.46956682205, -1.56648278236, 9.97768115997, 18.9955062866, 10.3844985962], [14.332447052, -29.0062389374, -49.0405349731, -22.5530357361, 10.6730394363, 28.2693042755, 15.184753418, 4.66101074219, -6.61045980453, 0.961458384991, 7.97155618668, 10.3844985962, 25.2329921722]],
        "icov": [[0.0137422438711, -0.0152511037886, 0.0170595441014, -0.0114425038919, 0.0262820553035, -0.0326906405389, 0.0300153717399, -0.0118976943195, 0.00456037558615, -0.00118696072605, 0.00454419339076, 0.00507872411981, 0.0049476288259], [-0.0152511037886, 0.0305184591562, -0.0300455875695, 0.0325716547668, -0.042088791728, 0.0495231039822, -0.0442091226578, 0.0279239192605, -0.0163832306862, 0.0142863448709, -0.0200228895992, 0.00727149285376, -0.00327355694026], [0.0170595441014, -0.0300455875695, 0.0550083704293, -0.0537909530103, 0.0654129683971, -0.049192622304, 0.0368516892195, -0.0155173782259, 0.00993508007377, -0.0203359220177, 0.0336661636829, -0.01684422791, 0.0224103350192], [-0.0114425038919, 0.0325716547668, -0.0537909530103, 0.0830148681998, -0.0857702568173, 0.0570933446288, -0.0154504822567, 0.00943690445274, -0.00970045570284, 0.025118092075, -0.0275301337242, 0.0178279113024, -0.00867133308202], [0.0262820553035, -0.042088791728, 0.0654129683971, -0.0857702568173, 0.130038261414, -0.0916725099087, 0.044005241245, -0.0176796540618, 0.00782705005258, -0.0349460877478, 0.0377678833902, 0.000768908823375, 0.0027773398906], [-0.0326906405389, 0.0495231039822, -0.049192622304, 0.0570933446288, -0.0916725099087, 0.113031417131, -0.08419033885, 0.0384156517684, -0.0103160915896, 0.00545565737411, -0.0145040359348, -0.0118716908619, -0.00681124068797], [0.0300153717399, -0.0442091226578, 0.0368516892195, -0.0154504822567, 0.044005241245, -0.08419033885, 0.130985468626, -0.0626315698028, 0.0246533043683, 0.00798819493502, 0.00312544917688, 0.0138167887926, -0.00212387274951], [-0.0118976943195, 0.0279239192605, -0.0155173782259, 0.00943690445274, -0.0176796540618, 0.0384156517684, -0.0626315698028, 0.105450607836, -0.0416628606617, 0.00953536108136, -0.0101993456483, -0.0138850882649, -0.00255587999709], [0.00456037558615, -0.0163832306862, 0.00993508007377, -0.00970045570284, 0.00782705005258, -0.0103160915896, 0.0246533043683, -0.0416628606617, 0.0684110224247, -0.0346573740244, 0.0456997081637, -0.0150400353596, 0.00131700898055], [-0.00118696072605, 0.0142863448709, -0.0203359220177, 0.025118092075, -0.0349460877478, 0.00545565737411, 0.00798819493502, 0.00953536108136, -0.0346573740244, 0.115201197565, -0.091964520514, 0.0492507219315, -0.00255958503112], [0.00454419339076, -0.0200228895992, 0.0336661636829, -0.0275301337242, 0.0377678833902, -0.0145040359348, 0.00312544917688, -0.0101993456483, 0.0456997081637, -0.091964520514, 0.144456580281, -0.0700211077929, 0.0141603443772], [0.00507872411981, 0.00727149285376, -0.01684422791, 0.0178279113024, 0.000768908823375, -0.0118716908619, 0.0138167887926, -0.0138850882649, -0.0150400353596, 0.0492507219315, -0.0700211077929, 0.122435949743, -0.0381868816912], [0.0049476288259, -0.00327355694026, 0.0224103350192, -0.00867133308202, 0.0027773398906, -0.00681124068797, -0.00212387274951, -0.00255587999709, 0.00131700898055, -0.00255958503112, 0.0141603443772, -0.0381868816912, 0.0887525826693]]
    },
    "melbands": {
        "dmean": [1.76315952558e-05, 4.66555102321e-05, 0.000315207929816, 0.000299393897876, 0.000219243884203, 0.000250189477811, 0.000318832346238, 0.000693631242029, 0.000421561329858, 0.000254177197348, 0.000313152529998, 0.000324701104546, 0.000184580712812, 0.000127153412905, 9.14376141736e-05, 3.3549444197e-05, 2.82642977254e-05, 5.74522482566e-06, 1.68500582731e-06, 1.98434327103e-06, 1.26984969029e-06, 4.04721822633e-06, 2.45683236244e-06, 6.15097007994e-07, 5.5435430113e-07, 5.2153109209e-07, 9.99415419756e-07, 9.2049685918e-07, 1.62290263006e-07, 1.22757612075e-07, 7.47007362634e-08, 5.58752333291e-08, 2.1831056074e-08, 1.66516080924e-08, 1.16975797937e-08, 7.05811276092e-09, 6.9123520241e-09, 6.65577015724e-09, 4.41212621993e-09, 3.76109898781e-09],
        "dmean2": [2.93701104965e-05, 6.81522942614e-05, 0.000585200905334, 0.000502891896758, 0.000327283603838, 0.000430972373579, 0.000621133833192, 0.00123697600793, 0.000793127634097, 0.000466299417894, 0.000575368991122, 0.000574371020775, 0.000276858307188, 0.000217660635826, 0.000180158822332, 6.03224907536e-05, 5.10648787895e-05, 9.77491163212e-06, 3.22397727359e-06, 3.81312815989e-06, 2.28740054808e-06, 7.45886154618e-06, 4.78178208141e-06, 1.16371734293e-06, 1.01859711776e-06, 9.29078964873e-07, 1.60693457474e-06, 1.62645687851e-06, 2.90613684228e-07, 2.14191615555e-07, 1.29459422737e-07, 9.95355620148e-08, 3.65743773045e-08, 2.79969114558e-08, 1.9024104958e-08, 1.07558699725e-08, 1.11158691141e-08, 1.06218998042e-08, 6.3389706817e-09, 5.34241451078e-09],
        "dvar": [8.57805937393e-10, 9.64679802706e-09, 1.44546515912e-06, 6.21440506166e-07, 6.34161736457e-08, 4.87809018068e-07, 4.14971373175e-06, 3.23989115714e-06, 3.36489097208e-06, 1.85944111308e-06, 2.90559273708e-06, 2.97458996101e-06, 4.30626499792e-07, 2.12346265016e-07, 2.69016538823e-07, 2.43929374477e-08, 1.53068047126e-08, 2.81025119842e-10, 7.61346680145e-11, 1.15802596679e-10, 3.47316411742e-11, 1.37478833873e-10, 1.01032605893e-10, 7.698171961e-12, 2.04194278673e-12, 1.36275094941e-12, 1.58382976873e-11, 1.79153306773e-11, 1.35054321242e-13, 7.24316033584e-14, 2.61359740816e-14, 3.64875196843e-14, 6.1259442919e-15, 5.59971406199e-15, 2.33244625125e-15, 7.10138129297e-16, 6.88138619014e-16, 8.3550387593e-16, 3.48609406104e-16, 2.49485216633e-16],
        "dvar2": [1.44888645526e-09, 1.42104621403e-08, 4.05992523156e-06, 1.97134841073e-06, 1.55737154728e-07, 1.38995812904e-06, 1.24627968034e-05, 9.34763920668e-06, 9.94832862489e-06, 5.27793554284e-06, 8.36351773614e-06, 8.68969436851e-06, 9.67237269833e-07, 5.78360470627e-07, 8.06922741958e-07, 7.02085429793e-08, 4.45142767092e-08, 7.80517650512e-10, 2.28559379756e-10, 3.5063413284e-10, 1.01640348915e-10, 3.98131166923e-10, 3.03079700226e-10, 2.29257394319e-11, 6.06173488141e-12, 3.87279748201e-12, 4.13549194889e-11, 5.04246921995e-11, 4.21910011268e-13, 2.08155473652e-13, 7.52216282427e-14, 1.04839185564e-13, 1.54676720379e-14, 1.43350348275e-14, 5.3895889047e-15, 1.20497890637e-15, 1.55305280236e-15, 1.79855418482e-15, 5.35885558476e-16, 3.309888444e-16],
        "max": [0.000284483889118, 0.00108088529669, 0.0099958954379, 0.00644580693915, 0.00224764388986, 0.00561474682763, 0.0156066250056, 0.0148259047419, 0.0150214042515, 0.0112918475643, 0.0140861971304, 0.0141597511247, 0.00590427452698, 0.00353882135823, 0.00393451750278, 0.00124422519002, 0.000960357720032, 0.000150534368004, 6.70305817039e-05, 8.18029220682e-05, 5.25594623468e-05, 6.95405324223e-05, 7.45540164644e-05, 2.18777131522e-05, 1.11227582238e-05, 9.18509795156e-06, 3.37747951562e-05, 3.51420021616e-05, 2.77531694337e-06, 2.18962145482e-06, 1.35157438308e-06, 1.50822461364e-06, 5.40720407116e-07, 5.03219837356e-07, 3.02338946767e-07, 2.77753144928e-07, 2.27314231438e-07, 1.94204233139e-07, 1.68107476384e-07, 1.53383311385e-07],
        "mean": [3.63060498785e-05, 0.000115793962323, 0.000486180710141, 0.000526598189026, 0.000520173169207, 0.00031124841189, 0.000233786908211, 0.00104772578925, 0.000427777529694, 0.000207186414627, 0.000316542224027, 0.000275419151876, 0.00032952267793, 0.000134245477966, 6.01803076279e-05, 2.95564768749e-05, 2.46642102866e-05, 7.56500685384e-06, 1.36127312089e-06, 1.68449639659e-06, 1.93829691852e-06, 6.24292897555e-06, 2.91300102617e-06, 9.43363886563e-07, 1.2217207086e-06, 1.092123739e-06, 1.12069244551e-06, 1.03241416127e-06, 3.1063873962e-07, 2.84279593643e-07, 1.84018020377e-07, 9.94886093508e-08, 3.35921441774e-08, 1.94429681244e-08, 1.52828132371e-08, 1.11370415112e-08, 9.21933906994e-09, 8.35279490019e-09, 6.53525678018e-09, 6.2979164106e-09],
        "median": [2.83485496766e-05, 9.23743136809e-05, 0.000216705710045, 0.000441258132923, 0.000465189805254, 9.80140539468e-05, 5.46327755728e-05, 0.000519722700119, 0.000137889757752, 4.33361783507e-05, 6.36920303805e-05, 1.38468631121e-05, 2.40227109316e-05, 2.50147186307e-05, 7.54157508709e-06, 5.76267348151e-06, 3.37831943398e-06, 2.23527104026e-06, 2.87311195279e-07, 6.51687855679e-07, 1.06300285552e-06, 3.90616287405e-06, 1.89192269318e-06, 7.14533712198e-07, 1.06737832084e-06, 9.08056733806e-07, 4.48322595048e-07, 4.30254999628e-07, 2.66641507096e-07, 2.51763225378e-07, 1.64796148283e-07, 7.86419107612e-08, 2.32857217952e-08, 9.5920782428e-09, 8.5841005415e-09, 5.73634029166e-09, 3.87493326315e-09, 4.10744238621e-09, 3.56149953973e-09, 3.59410590178e-09],
        "min": [6.46007447358e-06, 1.71688006958e-05, 5.64683568882e-06, 1.62716460181e-05, 2.24887171498e-05, 1.41607620208e-06, 8.90640876605e-06, 1.8540500605e-05, 1.04987811937e-05, 9.34534182306e-06, 1.82771873369e-05, 2.74859939964e-06, 3.76463549401e-06, 1.2006015595e-06, 2.14944361687e-06, 1.06376091935e-06, 1.01486739368e-06, 4.89930016556e-07, 7.19018657946e-08, 2.77167941931e-07, 5.8616529941e-07, 1.85426563348e-06, 9.24139101244e-07, 2.77366638102e-07, 5.11081850618e-07, 4.4338773364e-07, 2.09596734635e-07, 1.68039974824e-07, 1.1316665649e-07, 1.1034190095e-07, 7.66216743386e-08, 4.18220942322e-08, 9.21518683583e-09, 4.69071181897e-09, 3.96893273802e-09, 3.11187342561e-09, 2.16568496469e-09, 2.08038408722e-09, 1.74105441175e-09, 1.7460027868e-09],
        "var": [1.46413581259e-09, 1.57938178091e-08, 1.5152324977e-06, 3.96755808652e-07, 8.92201654779e-08, 3.83360628575e-07, 2.16069770431e-06, 2.67207951765e-06, 2.12264103538e-06, 1.18022376228e-06, 1.89964089259e-06, 1.94427639144e-06, 8.26634504847e-07, 1.53600950625e-07, 1.41513524454e-07, 1.55907518007e-08, 9.95552529304e-09, 3.21961679539e-10, 4.20159705639e-11, 5.98667573848e-11, 2.70036337041e-11, 1.10352942062e-10, 5.25848982413e-11, 4.06173575676e-12, 1.12851752682e-12, 8.60175049678e-13, 1.19315234776e-11, 1.23488944764e-11, 8.65106529707e-14, 4.82905646623e-14, 1.74784147523e-14, 2.06863470581e-14, 4.0241506179e-15, 3.55272257265e-15, 1.66941691811e-15, 8.88844611113e-16, 7.55422681179e-16, 6.2496658417e-16, 3.27469104867e-16, 2.5080071174e-16]
    },
    "mfcc": {
        "mean": [-725.404846191, 191.83682251, -18.9918041229, 25.2939834595, -28.5373363495, -15.3581380844, 3.58664727211, -4.94063282013, -4.90831804276, -14.3946762085, -0.66349118948, 3.75710487366, -9.15421295166],
        "cov": [[873.256896973, 211.587005615, -244.679702759, -443.040557861, -164.613967896, 63.8829269409, 98.3003921509, 19.2020301819, -53.8893203735, 6.61634969711, -72.0125427246, 5.81841897964, 76.537612915], [211.587005615, 378.762115479, 7.80140209198, -83.0609207153, -127.796897888, -43.9354667664, -6.4116063118, -11.5119829178, -20.7565879822, -40.0291404724, 16.7408885956, 20.6288013458, -2.99018120766], [-244.679702759, 7.80140209198, 216.929534912, 194.661636353, 45.1742401123, -56.2759628296, -86.5791625977, -17.8691635132, 2.08378505707, -29.5932235718, 53.1711196899, 1.4666864872, -55.1719512939], [-443.040557861, -83.0609207153, 194.661636353, 327.389312744, 121.613868713, -50.7371673584, -97.2132263184, -29.4110240936, 19.5026950836, -5.76049900055, 64.850692749, -1.60242199898, -76.0624923706], [-164.613967896, -127.796897888, 45.1742401123, 121.613868713, 100.622070312, 17.5405197144, -27.5209789276, -9.72316932678, 15.8731775284, 18.5186309814, 19.9608306885, -8.83318519592, -23.9634628296], [63.8829269409, -43.9354667664, -56.2759628296, -50.7371673584, 17.5405197144, 56.3014602661, 37.0180778503, 6.02840566635, 1.35308134556, 19.5913085938, -12.9045286179, -8.50382995605, 13.4656457901], [98.3003921509, -6.4116063118, -86.5791625977, -97.2132263184, -27.5209789276, 37.0180778503, 72.8521347046, 14.1092748642, -9.73036575317, 11.1448640823, -33.2629585266, 0.533638715744, 32.7761459351], [19.2020301819, -11.5119829178, -17.8691635132, -29.4110240936, -9.72316932678, 6.02840566635, 14.1092748642, 29.6202964783, 11.7778720856, -2.25901412964, -7.99928998947, -1.5335766077, 7.11177301407], [-53.8893203735, -20.7565879822, 2.08378505707, 19.5026950836, 15.8731775284, 1.35308134556, -9.73036575317, 11.7778720856, 32.3427276611, 8.32320213318, 6.0537610054, -7.17822313309, -9.86464691162], [6.61634969711, -40.0291404724, -29.5932235718, -5.76049900055, 18.5186309814, 19.5913085938, 11.1448640823, -2.25901412964, 8.32320213318, 28.1643371582, 0.00890232436359, -4.74385499954, 1.25107121468], [-72.0125427246, 16.7408885956, 53.1711196899, 64.850692749, 19.9608306885, -12.9045286179, -33.2629585266, -7.99928998947, 6.0537610054, 0.00890232436359, 32.5360221863, 3.6774969101, -21.1898155212], [5.81841897964, 20.6288013458, 1.4666864872, -1.60242199898, -8.83318519592, -8.50382995605, 0.533638715744, -1.5335766077, -7.17822313309, -4.74385499954, 3.6774969101, 21.1544971466, 7.51629924774], [76.537612915, -2.99018120766, -55.1719512939, -76.0624923706, -23.9634628296, 13.4656457901, 32.7761459351, 7.11177301407, -9.86464691162, 1.25107121468, -21.1898155212, 7.51629924774, 35.9226799011]],
