{
"lowlevel": {
    "average_loudness": 0.98280608654,
    "barkbands_crest": {
        "dmean": 0.768020033836,
        "dmean2": 1.38056015968,
        "dvar": 3.354357481,
        "dvar2": 7.20115375519,
        "max": 22.9028549194,
        "mean": 19.3557109833,
        "median": 21.9501228333,
        "min": 7.14417505264,
        "var": 20.927942276
    },
    "barkbands_flatness_db": {
        "dmean": 0.021712385118,
        "dmean2": 0.0313173234463,
        "dvar": 0.00152422732208,
        "dvar2": 0.00206840387546,
        "max": 0.483525902033,
        "mean": 0.394837528467,
        "median": 0.419142097235,
        "min": 0.183827236295,
        "var": 0.0032156794332
    },
    "barkbands_kurtosis": {
        "dmean": 5.38730955124,
        "dmean2": 7.57644891739,
        "dvar": 55.8576583862,
        "dvar2": 91.4483337402,
        "max": 91.7674102783,
        "mean": 27.4193668365,
        "median": 28.6611824036,
        "min": 0.77547287941,
        "var": 225.506469727
    },
    "barkbands_skewness": {
        "dmean": 0.445086121559,
        "dmean2": 0.644156515598,
        "dvar": 0.3597266078,
        "dvar2": 0.716059565544,
        "max": 6.78774929047,
        "mean": 3.59808206558,
        "median": 3.82167029381,
        "min": 0.157000944018,
        "var": 1.4953057766
    },
    "barkbands_spread": {
        "dmean": 0.586314201355,
        "dmean2": 0.871379375458,
        "dvar": 2.34171438217,
        "dvar2": 3.91384148598,
        "max": 12.0665159225,
        "mean": 1.71638417244,
        "median": 0.997191429138,
        "min": 0.721017241478,
        "var": 3.63461494446
    },
    "dissonance": {
        "dmean": 0.0145890088752,
        "dmean2": 0.0202304329723,
        "dvar": 0.000447971455287,
        "dvar2": 0.000717374903616,
        "max": 0.487119585276,
        "mean": 0.344459503889,
        "median": 0.316419839859,
        "min": 0.298373639584,
        "var": 0.00263151852414
    },
    "dynamic_complexity": 0.671764016151,
    "erbbands_crest": {
        "dmean": 0.915784060955,
        "dmean2": 1.51630592346,
        "dvar": 2.84938120842,
        "dvar2": 6.03761148453,
        "max": 20.5524120331,
        "mean": 16.1676082611,
        "median": 17.8327217102,
        "min": 7.39500904083,
        "var": 11.201294899
    },
    "erbbands_flatness_db": {
        "dmean": 0.0179801769555,
        "dmean2": 0.0248251501471,
        "dvar": 0.00115750299301,
        "dvar2": 0.0014625628246,
        "max": 0.435674190521,
        "mean": 0.365150213242,
        "median": 0.385698288679,
        "min": 0.173593565822,
        "var": 0.00239581475034
    },
    "erbbands_kurtosis": {
        "dmean": 1.51103460789,
        "dmean2": 2.217710495,
        "dvar": 5.03195810318,
        "dvar2": 7.69120025635,
        "max": 20.3491706848,
        "mean": 9.86683368683,
        "median": 11.5805702209,
        "min": -0.726253271103,
        "var": 23.7480716705
    },
    "erbbands_skewness": {
        "dmean": 0.251373589039,
        "dmean2": 0.354526907206,
        "dvar": 0.114113762975,
        "dvar2": 0.179825931787,
        "max": 3.53456091881,
        "mean": 2.16112661362,
        "median": 2.41188645363,
        "min": 0.219616353512,
        "var": 0.538872718811
    },
    "erbbands_spread": {
        "dmean": 2.35860347748,
        "dmean2": 3.12448501587,
        "dvar": 38.1276512146,
        "dvar2": 56.4687538147,
        "max": 65.7826385498,
        "mean": 8.63491249084,
        "median": 5.4167509079,
        "min": 2.6015431881,
        "var": 75.3021316528
    },
    "hfc": {
        "dmean": 2.30461239815,
        "dmean2": 3.513017416,
        "dvar": 18.3893718719,
        "dvar2": 51.4442863464,
        "max": 34.0517463684,
        "mean": 12.4217262268,
        "median": 11.9368782043,
        "min": 1.53858184814,
        "var": 17.6739425659
    },
    "melbands_crest": {
        "dmean": 1.1919567585,
        "dmean2": 2.09921622276,
        "dvar": 4.84475278854,
        "dvar2": 14.6249799728,
        "max": 21.0144252777,
        "mean": 18.1599788666,
        "median": 19.2665710449,
        "min": 8.1208896637,
        "var": 5.94083356857
    },
    "melbands_flatness_db": {
        "dmean": 0.0240609627217,
        "dmean2": 0.0336259938776,
        "dvar": 0.00181014521513,
        "dvar2": 0.00258541596122,
        "max": 0.600896060467,
        "mean": 0.486075818539,
        "median": 0.506475687027,
        "min": 0.237354099751,
        "var": 0.00390541437082
    },
    "melbands_kurtosis": {
        "dmean": 4.76057672501,
        "dmean2": 6.96046733856,
        "dvar": 67.9047775269,
        "dvar2": 142.35546875,
        "max": 88.575050354,
        "mean": 19.221704483,
        "median": 17.2059879303,
        "min": 1.49154472351,
        "var": 205.591705322
    },
    "melbands_skewness": {
        "dmean": 0.371577978134,
        "dmean2": 0.561882436275,
        "dvar": 0.412790358067,
        "dvar2": 0.848755955696,
        "max": 7.70851373672,
        "mean": 2.84823155403,
        "median": 2.76614427567,
        "min": 0.477705955505,
        "var": 1.13599312305
    },
    "melbands_spread": {
        "dmean": 0.60633546114,
        "dmean2": 0.929480731487,
        "dvar": 2.73894762993,
        "dvar2": 4.8023443222,
        "max": 15.3026218414,
        "mean": 2.37798118591,
        "median": 1.57784104347,
        "min": 1.22223865986,
        "var": 4.34165668488
    },
    "pitch_salience": {
        "dmean": 0.0362871922553,
        "dmean2": 0.0596698075533,
        "dvar": 0.00449135806412,
        "dvar2": 0.0106593100354,
        "max": 0.797772884369,
        "mean": 0.388237506151,
        "median": 0.333434462547,
        "min": 0.310604065657,
        "var": 0.0111851915717
    },
    "silence_rate_20dB": {
        "dmean": 0,
        "dmean2": 0,
        "dvar": 0,
        "dvar2": 0,
        "max": 1,
        "mean": 1,
        "median": 1,
        "min": 1,
        "var": 0
    },
    "silence_rate_30dB": {
        "dmean": 0,
        "dmean2": 0,
        "dvar": 0,
        "dvar2": 0,
        "max": 1,
        "mean": 1,
        "median": 1,
        "min": 1,
        "var": 0
    },
    "silence_rate_60dB": {
        "dmean": 0,
        "dmean2": 0,
        "dvar": 0,
        "dvar2": 0,
        "max": 0,
        "mean": 0,
        "median": 0,
        "min": 0,
        "var": 0
    },
    "spectral_centroid": {
        "dmean": 32.3591194153,
        "dmean2": 48.2901306152,
        "dvar": 7853.13623047,
        "dvar2": 13777.1074219,
        "max": 887.219055176,
        "mean": 324.482666016,
        "median": 299.252624512,
        "min": 227.456451416,
        "var": 10981.0703125
    },
    "spectral_complexity": {
        "dmean": 1.73737370968,
        "dmean2": 2.88775515556,
        "dvar": 17.2239551544,
        "dvar2": 42.1812820435,
        "max": 38,
        "mean": 6.28000020981,
        "median": 5,
        "min": 3,
        "var": 20.3615989685
    },
    "spectral_decrease": {
        "dmean": 1.67373814808e-09,
        "dmean2": 2.64900212876e-09,
        "dvar": 6.62088266305e-18,
        "dvar2": 1.88613905254e-17,
        "max": -1.49055101595e-09,
        "mean": -1.07455404574e-08,
        "median": -1.05550679308e-08,
        "min": -2.08947508185e-08,
        "var": 9.66625644882e-18
    },
    "spectral_energy": {
        "dmean": 0.00651440816,
        "dmean2": 0.0102926343679,
        "dvar": 0.000100803794339,
        "dvar2": 0.000287675415166,
        "max": 0.0810777693987,
        "mean": 0.0416827350855,
        "median": 0.0409599468112,
        "min": 0.00576521735638,
        "var": 0.000145266632899
    },
    "spectral_energyband_high": {
        "dmean": 2.46585368586e-05,
        "dmean2": 3.69428998965e-05,
        "dvar": 9.79768088882e-09,
        "dvar2": 1.74097856132e-08,
        "max": 0.000918494770303,
        "mean": 2.69213687716e-05,
        "median": 2.94757273878e-06,
        "min": 9.5155733959e-08,
        "var": 1.34801085849e-08
    },
    "spectral_energyband_low": {
        "dmean": 0.000203216244699,
        "dmean2": 0.000321164960042,
        "dvar": 2.04750293165e-07,
        "dvar2": 4.44146365908e-07,
        "max": 0.0043706651777,
        "mean": 0.00040896460996,
        "median": 3.3627205994e-05,
        "min": 1.74689757841e-05,
        "var": 6.07555875831e-07
    },
    "spectral_energyband_middle_high": {
        "dmean": 0.000454235821962,
        "dmean2": 0.000738738744985,
        "dvar": 3.17478361467e-06,
        "dvar2": 8.19227170723e-06,
        "max": 0.0145272025838,
        "mean": 0.000508683500811,
        "median": 0.000100986188045,
        "min": 1.10420814963e-05,
        "var": 2.48058063335e-06
    },
    "spectral_energyband_middle_low": {
        "dmean": 0.00618390180171,
        "dmean2": 0.00970868952572,
        "dvar": 8.74374018167e-05,
        "dvar2": 0.00024500201107,
        "max": 0.0778379365802,
        "mean": 0.0410001799464,
        "median": 0.0407698452473,
        "min": 0.00560777727515,
        "var": 0.000136898815981
    },
    "spectral_entropy": {
        "dmean": 0.19425933063,
        "dmean2": 0.283337056637,
        "dvar": 0.124129831791,
        "dvar2": 0.199742510915,
        "max": 7.33461332321,
        "mean": 5.51809835434,
        "median": 5.28021430969,
        "min": 4.59890699387,
        "var": 0.288254976273
    },
    "spectral_flux": {
        "dmean": 0.0117210652679,
        "dmean2": 0.0184095911682,
        "dvar": 0.000433672365034,
        "dvar2": 0.000780616363045,
        "max": 0.193576052785,
        "mean": 0.0348170287907,
        "median": 0.0114269871265,
        "min": 0.00576450163499,
        "var": 0.00175080588087
    },
    "spectral_kurtosis": {
        "dmean": 15.3177080154,
        "dmean2": 26.8941745758,
        "dvar": 194.046539307,
        "dvar2": 489.883300781,
        "max": 127.376190186,
        "mean": 37.2742004395,
        "median": 37.9581489563,
        "min": 1.35700273514,
        "var": 522.406616211
    },
    "spectral_rms": {
        "dmean": 0.000505311531015,
        "dmean2": 0.00078286282951,
        "dvar": 5.88578870975e-07,
        "dvar2": 1.60569607033e-06,
        "max": 0.00889383256435,
        "mean": 0.00629739277065,
        "median": 0.00632146466523,
        "min": 0.00237162434496,
        "var": 1.00892145838e-06
    },
    "spectral_rolloff": {
        "dmean": 33.2785873413,
        "dmean2": 53.173828125,
        "dvar": 14727.875,
        "dvar2": 32289.1308594,
        "max": 1291.9921875,
        "mean": 375.539093018,
        "median": 344.53125,
        "min": 301.46484375,
        "var": 14414.1035156
    },
    "spectral_skewness": {
        "dmean": 1.05190896988,
        "dmean2": 1.79597842693,
        "dvar": 0.598162829876,
        "dvar2": 1.57303667068,
        "max": 8.95206737518,
        "mean": 4.24605321884,
        "median": 4.34684467316,
        "min": 0.713431835175,
        "var": 1.91903138161
    },
    "spectral_spread": {
        "dmean": 553143.5625,
        "dmean2": 853733.25,
        "dvar": 1.04898645197e+12,
        "dvar2": 1.22866368512e+12,
        "max": 11072344,
        "mean": 2101570.25,
        "median": 1879004.75,
        "min": 657803.625,
        "var": 1.48422800179e+12
    },
    "spectral_strongpeak": {
        "dmean": 0.129986748099,
        "dmean2": 0.195063024759,
        "dvar": 0.0590972900391,
        "dvar2": 0.0935633778572,
        "max": 1.87193346024,
        "mean": 1.608035326,
        "median": 1.80063319206,
        "min": 0.210161700845,
        "var": 0.177217543125
    },
    "zerocrossingrate": {
        "dmean": 0.00124289770611,
        "dmean2": 0.00158940535039,
        "dvar": 4.46624426331e-06,
        "dvar2": 5.46567935089e-06,
        "max": 0.02783203125,
        "mean": 0.0125097660348,
        "median": 0.01123046875,
        "min": 0.00537109375,
        "var": 1.08040876512e-05
    },
    "barkbands": {
        "dmean": [2.50909056376e-06, 4.46049671154e-05, 4.12986373703e-05, 0.00212798500434, 0.00302397087216, 0.00112162122969, 0.000448077131296, 0.000969644694123, 0.000227726239245, 0.000208169687539, 0.000116098097351, 3.70760535588e-05, 5.3245905292e-05, 7.48242473492e-06, 7.36324909667e-06, 1.30864709718e-05, 2.13623479794e-05, 1.24072412291e-05, 2.65327798843e-05, 1.48801227624e-05, 1.22397632367e-05, 3.4582749322e-06, 8.68480867666e-07, 5.12285396326e-07, 4.31696577152e-07, 6.0912589106e-07, 3.41176047414e-07],
        "dmean2": [2.82636142401e-06, 6.43265084364e-05, 5.79479456064e-05, 0.00366592104547, 0.00475193187594, 0.00179625465535, 0.000813475751784, 0.00165866618045, 0.000355001771823, 0.000369512010366, 0.000222099522944, 6.02512009209e-05, 8.62596207298e-05, 1.28101064547e-05, 1.11986691991e-05, 2.11966216739e-05, 3.65303567378e-05, 2.03221443371e-05, 3.96389405068e-05, 1.96116416191e-05, 1.81314098882e-05, 4.9613745432e-06, 1.30013518174e-06, 5.92972412505e-07, 5.21906883932e-07, 9.10108951757e-07, 4.55539122868e-07],
        "dvar": [2.86148688078e-10, 9.44744282805e-09, 1.24249446287e-08, 2.08111960092e-05, 1.81540399353e-05, 4.30700811194e-06, 1.43728675539e-06, 4.4640833039e-06, 2.59071498476e-07, 5.06607022999e-07, 3.70753355128e-07, 1.62424527161e-08, 5.61433459723e-08, 7.3951123003e-10, 1.06629904906e-09, 3.48880568879e-09, 1.0695658581e-08, 2.16940998499e-09, 8.49725889651e-09, 2.89515722507e-09, 3.02461744539e-09, 2.2291819779e-10, 1.28708259328e-11, 2.65948114225e-12, 1.74841326313e-12, 3.82657664236e-12, 1.13296210521e-12],
        "dvar2": [2.9435712201e-10, 2.46025191331e-08, 1.81758768036e-08, 6.31024740869e-05, 3.75981944671e-05, 1.24120333567e-05, 4.08209234593e-06, 1.34063657242e-05, 5.71463999677e-07, 1.42716021401e-06, 1.09635379886e-06, 3.04879570479e-08, 1.112810466e-07, 1.45867173895e-09, 2.29188068523e-09, 7.8556601224e-09, 2.79922005575e-08, 4.93786433964e-09, 2.07187440537e-08, 5.5042672642e-09, 5.22438048378e-09, 4.31266494738e-10, 2.10335256157e-11, 3.63433328571e-12, 2.39123543015e-12, 7.5114428566e-12, 1.86592408191e-12],
        "max": [0.000162316864589, 0.0010210549226, 0.00133027613629, 0.0227986443788, 0.0367258861661, 0.0146697191522, 0.00764203816652, 0.0139032462612, 0.0035836470779, 0.00509565742686, 0.00444660848007, 0.00109782454092, 0.00201439647935, 0.000223618670134, 0.000284254347207, 0.000489810772706, 0.00083916913718, 0.000387357460568, 0.000632004113868, 0.000545403163414, 0.000516834377777, 0.000138406525366, 3.118069435e-05, 1.54246317834e-05, 1.11584840852e-05, 1.39749790833e-05, 6.22200741418e-06],
        "mean": [2.51516348726e-06, 8.68424613145e-05, 7.46345540392e-05, 0.0026885534171, 0.0295090731233, 0.00438907835633, 0.000516270869412, 0.00348165235482, 0.000382662343327, 0.000220702291699, 9.43715203903e-05, 4.38607821707e-05, 5.44938084204e-05, 9.8494847407e-06, 8.19403066998e-06, 1.38230543598e-05, 2.37172753259e-05, 1.71217143361e-05, 2.86239665002e-05, 1.66256559169e-05, 1.36790831675e-05, 3.41737836607e-06, 9.90658463706e-07, 5.66666813029e-07, 4.84076565499e-07, 6.15483145339e-07, 3.74947489945e-07],
        "median": [2.74619935681e-07, 4.04160982725e-06, 8.12788312032e-06, 3.45829612343e-05, 0.0329949557781, 0.00351623748429, 0.000218871500692, 0.00356756523252, 3.98587180825e-05, 3.79743360099e-05, 1.93603809748e-05, 3.38371228281e-06, 5.03347928316e-06, 1.76747175828e-06, 1.04177865978e-06, 3.5851744542e-06, 8.85843019205e-06, 8.29238706501e-06, 8.94544427865e-06, 3.90094419345e-06, 1.1119118426e-06, 2.31103697956e-07, 2.33023698115e-08, 1.49707268804e-08, 1.76277623609e-08, 1.5952103638e-08, 9.10851269964e-08],
        "min": [1.03564747889e-08, 6.27011559118e-07, 2.99478870147e-06, 1.43020997712e-05, 0.00224021426402, 0.00120092532597, 1.83179872693e-05, 1.06672541733e-05, 5.16635509484e-06, 5.57108535304e-07, 7.03232501564e-07, 8.64710500537e-07, 2.00191561817e-06, 4.30047549571e-07, 4.15736622017e-07, 3.49049855686e-07, 3.5375603602e-07, 2.53740182643e-07, 1.36296876008e-07, 9.54695309474e-08, 2.9192644746e-08, 9.73283231787e-09, 2.30321828276e-09, 1.8854926509e-09, 1.66413094416e-09, 1.23957522025e-09, 7.66698438071e-09],
        "var": [2.83516099486e-10, 3.45865025508e-08, 2.88310371133e-08, 3.47876703017e-05, 6.76663112245e-05, 5.95290293859e-06, 1.2128804201e-06, 3.66998892787e-06, 6.69563178235e-07, 3.64192260349e-07, 1.98567292387e-07, 1.9637303339e-08, 5.97695688498e-08, 8.27402202308e-10, 1.17067144867e-09, 3.11812065057e-09, 7.51294138013e-09, 1.90756788143e-09, 8.35123259435e-09, 3.96929245028e-09, 4.35049640757e-09, 2.69796851526e-10, 1.8349113895e-11, 4.37171175996e-12, 2.59809123e-12, 4.41970028284e-12, 1.19803277542e-12]
    },
    "erbbands": {
        "dmean": [0.000478739413666, 0.012496936135, 0.0546480976045, 2.43698191643, 13.6160202026, 9.15932559967, 8.13503742218, 12.03515625, 4.99411153793, 11.0679769516, 18.064031601, 5.20105838776, 4.92509508133, 7.52536344528, 2.77286958694, 1.73585653305, 2.66891098022, 0.407986968756, 0.350842148066, 0.5825111866, 0.903455495834, 1.05720078945, 0.580683648586, 1.3253736496, 1.13261115551, 0.697244346142, 0.481054097414, 0.52281421423, 0.1630435884, 0.0403981655836, 0.0222995113581, 0.0088545884937, 0.0100753158331, 0.00570973008871, 0.00254064262845, 0.00223314063624, 0.00118225102779, 0.000375329720555, 6.34056559647e-05, 9.2400223366e-06],
        "dmean2": [0.000657673343085, 0.0179154891521, 0.0866510793567, 4.14396715164, 20.7399330139, 13.1475305557, 12.104174614, 19.1575489044, 8.79503440857, 19.0401992798, 29.2860584259, 8.46095848083, 7.72630023956, 14.16335392, 4.97683334351, 2.93543720245, 4.12717151642, 0.676534831524, 0.619279026985, 1.02579689026, 1.49710690975, 1.78398025036, 0.999933838844, 2.16793751717, 1.55603551865, 0.927238166332, 0.732997357845, 0.693313598633, 0.237445533276, 0.0549603253603, 0.0325563326478, 0.0107771027833, 0.0119109740481, 0.00659036682919, 0.00335088348947, 0.00326483952813, 0.00165751087479, 0.000507230404764, 9.17600773391e-05, 1.42930221045e-05],
        "dvar": [2.82196197077e-06, 0.000729232735466, 0.0136091969907, 26.3793640137, 666.232421875, 278.917663574, 143.370422363, 438.726409912, 122.708404541, 633.886901855, 1451.57531738, 135.778808594, 154.405380249, 1193.6003418, 177.005477905, 50.7468299866, 132.655700684, 2.52650022507, 2.0339820385, 7.74720478058, 20.0127429962, 23.8774223328, 4.39949798584, 26.5525856018, 14.880188942, 6.05939817429, 3.98412442207, 6.17047405243, 0.522361338139, 0.0252559874207, 0.00779825076461, 0.000865411653649, 0.00108961877413, 0.000313104712404, 5.92904216319e-05, 4.52215426776e-05, 1.47392747749e-05, 1.2745102822e-06, 3.63118992652e-08, 1.81349379957e-10],
        "dvar2": [3.05146454593e-06, 0.00201795971952, 0.0301646627486, 80.6794815063, 1930.1081543, 305.41104126, 357.754302979, 1248.15356445, 356.646911621, 1835.65710449, 4316.66699219, 323.29309082, 385.723937988, 3526.49023438, 515.169494629, 93.3305892944, 276.229095459, 5.01987838745, 3.81687903404, 15.2481279373, 51.52551651, 62.5351295471, 9.20793819427, 71.2428588867, 30.5076255798, 11.8966379166, 8.66470623016, 12.7036676407, 0.980547249317, 0.041630525142, 0.0124761704355, 0.00137671316043, 0.00148003548384, 0.000429017673014, 8.32291334518e-05, 8.29320197226e-05, 3.02089938486e-05, 2.46421814154e-06, 7.52923696723e-08, 4.62118870947e-10],
        "max": [0.0195250418037, 0.27800899744, 1.48827588558, 26.871175766, 191.155303955, 202.261749268, 87.4134063721, 158.906433105, 68.5036468506, 168.675079346, 241.184402466, 84.7053985596, 74.2952270508, 251.125579834, 99.5135040283, 59.7117347717, 100.203605652, 13.0135650635, 11.3127098083, 22.2660751343, 36.61302948, 39.7007865906, 16.8907833099, 37.6004104614, 37.2082328796, 24.3031044006, 17.3111591339, 24.0233860016, 6.75198984146, 1.5255190134, 0.775826156139, 0.242765501142, 0.324662446976, 0.166112989187, 0.0449363477528, 0.0415200777352, 0.0319210328162, 0.00712826056406, 0.00105957337655, 0.000127428720589],
        "mean": [0.000852018012665, 0.0267697162926, 0.152339920402, 3.56403541565, 31.4831562042, 145.490921021, 63.5098762512, 53.3130073547, 10.8526258469, 31.3101959229, 62.3378410339, 10.4010505676, 6.32343769073, 6.6496720314, 2.5536198616, 2.08657240868, 2.59170413017, 0.566576778889, 0.469843506813, 0.681170344353, 0.854255378246, 1.25830256939, 0.882185697556, 1.37035572529, 1.27383387089, 0.773212909698, 0.516760587692, 0.500897347927, 0.166703402996, 0.0432717576623, 0.025857873261, 0.00907711219043, 0.011424491182, 0.00643185712397, 0.00291795795783, 0.00227134115994, 0.0011644763872, 0.000374758586986, 7.89287514635e-05, 5.00447167724e-05],
        "median": [0.00020215047698, 0.00122535810806, 0.0117899086326, 0.213992089033, 8.90207004547, 187.601226807, 71.1325683594, 46.7411880493, 7.74609994888, 29.6384544373, 59.3035736084, 3.04582881927, 0.796172320843, 1.28977584839, 0.459589660168, 0.153734326363, 0.226584613323, 0.115390375257, 0.0908023864031, 0.131413891912, 0.190135806799, 0.532212018967, 0.42961782217, 0.526719689369, 0.293745815754, 0.184413939714, 0.0683257058263, 0.0332514047623, 0.0109415389597, 0.00168863695581, 0.000664975028485, 0.000359582481906, 0.000279153202428, 0.000218473855057, 0.000145784346387, 8.14464365249e-05, 3.65953892469e-05, 1.95993816305e-05, 2.92952063319e-05, 4.73743930343e-05],
        "min": [7.6309144788e-05, 0.000570241478272, 0.00573377078399, 0.105795241892, 1.91257548332, 3.43585443497, 8.45489025116, 16.0991821289, 2.20408844948, 0.376229375601, 0.175227373838, 0.120703138411, 0.0374573655427, 0.0212876740843, 0.0296473223716, 0.0698965713382, 0.0791713967919, 0.0430284366012, 0.0393189564347, 0.0262095592916, 0.0240371115506, 0.0217841230333, 0.0129043478519, 0.0122294798493, 0.00514837680385, 0.00431757420301, 0.00181343674194, 0.000982197816484, 0.000472156476462, 0.00013505613606, 7.9524681496e-05, 3.84521517844e-05, 4.44268262072e-05, 3.09822426061e-05, 2.78066418105e-05, 1.1684992387e-05, 3.70102475244e-06, 1.50560867951e-06, 3.59985233445e-06, 6.48715331408e-06],
        "var": [4.49428443972e-06, 0.00310046016239, 0.0838671401143, 52.0354042053, 2430.20849609, 5324.36181641, 374.814910889, 585.746032715, 114.107460022, 510.790649414, 1499.2677002, 338.276916504, 203.76675415, 659.863647461, 101.826454163, 60.0349311829, 135.697952271, 2.84710836411, 2.3947687149, 8.30542087555, 14.6216516495, 16.8365211487, 4.22517108917, 18.8251113892, 20.3602027893, 8.11968040466, 4.81520986557, 7.24180459976, 0.658838629723, 0.0364233776927, 0.011552054435, 0.00107177125756, 0.00190171215218, 0.000511683290824, 7.8820012277e-05, 5.44762951904e-05, 1.70067778527e-05, 1.50828714141e-06, 3.48805642147e-08, 2.72436573301e-10]
    },
    "gfcc": {
        "mean": [-149.070526123, 181.617202759, -101.449317932, -8.01420402527, -66.224822998, -82.035118103, -40.1634140015, -20.9185676575, -33.7743415833, -17.3814620972, -12.4042234421, -10.181848526, -2.08419036865],
        "cov": [[2010.68945312, -853.497009277, -256.768493652, 122.767822266, -295.650817871, 371.377258301, 82.5583648682, 220.26991272, -109.645751953, 43.7600326538, -122.243637085, 35.8452796936, -91.6320419312], [-853.497009277, 1886.85144043, -276.959136963, -313.051849365, 879.270385742, 30.920879364, 411.832519531, -6.50965023041, 118.504684448, -203.118133545, 40.2601509094, -209.083969116, 24.7330341339], [-256.768493652, -276.959136963, 443.058013916, 37.4051170349, -74.2484588623, 9.11422348022, -136.496627808, -16.3985939026, -22.5715026855, 51.1347885132, 3.04847836494, 53.5239105225, -18.8264522552], [122.767822266, -313.051849365, 37.4051170349, 112.457946777, -149.21282959, 17.8501873016, -65.4302139282, -28.0339679718, -15.8868169785, 41.4687004089, 8.57156181335, 26.5330505371, 2.99255180359], [-295.650817871, 879.270385742, -74.2484588623, -149.21282959, 522.010681152, 187.256607056, 183.499328613, -10.8424415588, 40.378993988, -73.2213516235, 11.3492765427, -98.4497528076, -19.8449211121], [371.377258301, 30.920879364, 9.11422348022, 17.8501873016, 187.256607056, 368.252593994, 26.4658203125, -0.433902621269, -23.268573761, 17.1672382355, -11.4827222824, -13.3418903351, -51.0635948181], [82.5583648682, 411.832519531, -136.496627808, -65.4302139282, 183.499328613, 26.4658203125, 155.285614014, 39.3028564453, 14.1544904709, -57.8744430542, -10.8368291855, -55.9942932129, -0.525903046131], [220.26991272, -6.50965023041, -16.3985939026, -28.0339679718, -10.8424415588, -0.433902621269, 39.3028564453, 70.7507629395, -4.80271816254, -18.0589733124, -26.91979599, -5.27314424515, -7.54521942139], [-109.645751953, 118.504684448, -22.5715026855, -15.8868169785, 40.378993988, -23.268573761, 14.1544904709, -4.80271816254, 29.7370529175, -13.4991102219, 7.46540498734, -12.878578186, 8.54130935669], [43.7600326538, -203.118133545, 51.1347885132, 41.4687004089, -73.2213516235, 17.1672382355, -57.8744430542, -18.0589733124, -13.4991102219, 43.3749885559, 2.11437249184, 18.2142772675, -13.4117603302], [-122.243637085, 40.2601509094, 3.04847836494, 8.57156181335, 11.3492765427, -11.4827222824, -10.8368291855, -26.91979599, 7.46540498734, 2.11437249184, 18.7567195892, 0.559369087219, 8.48683357239], [35.8452796936, -209.083969116, 53.5239105225, 26.5330505371, -98.4497528076, -13.3418903351, -55.9942932129, -5.27314424515, -12.878578186, 18.2142772675, 0.559369087219, 40.3347892761, 5.50727415085], [-91.6320419312, 24.7330341339, -18.8264522552, 2.99255180359, -19.8449211121, -51.0635948181, -0.525903046131, -7.54521942139, 8.54130935669, -13.4117603302, 8.48683357239, 5.50727415085, 25.212884903]],
        "icov": [[0.0104264710099, 0.0090006031096, 0.00543207116425, -0.000592239841353, 0.00292078801431, -0.0097992438823, -0.0216502863914, -0.0174329690635, 0.000511832302436, 0.00310909980908, -0.00361850881018, -0.000820442626718, 0.0128520429134], [0.0090006031096, 0.0489151999354, 0.00252563413233, 0.0139720635489, -0.0431834086776, 0.00889260414988, -0.0466044433415, -0.00768505688757, -0.0139850834385, 0.0469049811363, -0.0642451792955, 0.0389392375946, 0.00851150043309], [0.00543207116425, 0.00252563413233, 0.008017051965, -0.00787973497063, -0.00269576301798, -0.00219312589616, -0.00142507161945, -0.0152113018557, 0.00403569359332, 0.00263673975132, 0.00162196089514, -0.0104085560888, 0.0148035762832], [-0.000592239841353, 0.0139720635489, -0.00787973497063, 0.0541984029114, 0.0123620647937, -0.0117994165048, -0.0298956222832, 0.0234840065241, -0.0104079814628, -0.0120252929628, -0.0348847135901, 0.0431695505977, -0.0364961661398], [0.00292078801431, -0.0431834086776, -0.00269576301798, 0.0123620647937, 0.0781757608056, -0.0369755513966, 0.00516723515466, 0.0057750758715, 0.00727476458997, -0.0529140122235, 0.0546660870314, -0.0180632676929, -0.00708927959204], [-0.0097992438823, 0.00889260414988, -0.00219312589616, -0.0117994165048, -0.0369755513966, 0.0293857231736, 0.0183417908847, 0.0109721617773, -0.000698085001204, 0.0230422280729, -0.0161489788443, 0.000438196206233, 0.00733723165467], [-0.0216502863914, -0.0466044433415, -0.00142507161945, -0.0298956222832, 0.00516723515466, 0.0183417908847, 0.108187869191, 0.009570999071, 0.0243437178433, -0.00575681775808, 0.0527390316129, -0.0198118127882, -0.00888106971979], [-0.0174329690635, -0.00768505688757, -0.0152113018557, 0.0234840065241, 0.0057750758715, 0.0109721617773, 0.009570999071, 0.0841286405921, -0.014274680987, 0.00923297647387, 0.0395770668983, 0.0165416169912, -0.0250085480511], [0.000511832302436, -0.0139850834385, 0.00403569359332, -0.0104079814628, 0.00727476458997, -0.000698085001204, 0.0243437178433, -0.014274680987, 0.0633311346173, -0.00363032403402, 0.00329573079944, 0.000384545361158, -0.00420311652124], [0.00310909980908, 0.0469049811363, 0.00263673975132, -0.0120252929628, -0.0529140122235, 0.0230422280729, -0.00575681775808, 0.00923297647387, -0.00363032403402, 0.157856181264, -0.0721102356911, 0.0343374609947, 0.0783178135753], [-0.00361850881018, -0.0642451792955, 0.00162196089514, -0.0348847135901, 0.0546660870314, -0.0161489788443, 0.0527390316129, 0.0395770668983, 0.00329573079944, -0.0721102356911, 0.25017234683, -0.0682592466474, -0.0302866678685], [-0.000820442626718, 0.0389392375946, -0.0104085560888, 0.0431695505977, -0.0180632676929, 0.000438196206233, -0.0198118127882, 0.0165416169912, 0.000384545361158, 0.0343374609947, -0.0682592466474, 0.136093571782, -0.0514841228724], [0.0128520429134, 0.00851150043309, 0.0148035762832, -0.0364961661398, -0.00708927959204, 0.00733723165467, -0.00888106971979, -0.0250085480511, -0.00420311652124, 0.0783178135753, -0.0302866678685, -0.0514841228724, 0.159542545676]]
    },
    "melbands": {
        "dmean": [8.33840749692e-06, 2.34393992287e-05, 0.000907683686819, 0.000725109246559, 0.000328793743392, 0.000241983230808, 8.69864597917e-05, 0.000166400815942, 0.000118583258882, 2.80991353065e-05, 2.55606792052e-05, 3.18306192639e-05, 1.22722340166e-05, 3.48530033989e-06, 8.38775849843e-06, 2.96473717754e-06, 6.4446817305e-07, 6.59504905798e-07, 6.37296125205e-07, 8.60246927914e-07, 1.23290180909e-06, 1.36067717449e-06, 4.9617329978e-07, 5.95861195052e-07, 1.18633943202e-06, 8.67866617682e-07, 7.51913489694e-07, 4.02537921218e-07, 2.98277797128e-07, 3.61808673688e-07, 2.50815958225e-07, 1.02156128889e-07, 3.40027170864e-08, 1.92586107062e-08, 1.58221791224e-08, 5.83702775003e-09, 5.22411003345e-09, 6.11606543188e-09, 8.69183836016e-09, 3.57208329582e-09],
        "dmean2": [1.18735097203e-05, 3.30425827997e-05, 0.00149768777192, 0.00115235988051, 0.000501685251947, 0.000385457387893, 0.000154682813445, 0.000284069072222, 0.000188254620298, 4.55268018413e-05, 4.02628502343e-05, 5.93891527387e-05, 2.29911802307e-05, 5.45567945665e-06, 1.2822329154e-05, 4.92363369631e-06, 1.04847731563e-06, 1.11144015591e-06, 9.76124738372e-07, 1.59195678862e-06, 2.12381087294e-06, 2.28182602768e-06, 8.19459273771e-07, 1.01473142422e-06, 1.99859914574e-06, 1.28351132389e-06, 1.06644677089e-06, 5.84834083384e-07, 4.85344060053e-07, 5.32408535037e-07, 3.33431671606e-07, 1.54575275246e-07, 4.57450077818e-08, 2.78114171692e-08, 2.40426185627e-08, 7.25185600459e-09, 6.70800215374e-09, 7.70751906742e-09, 9.42940747706e-09, 4.34173053065e-09],
        "dvar": [3.97781280137e-10, 2.73872058365e-09, 3.64429047295e-06, 1.11214728804e-06, 2.12702389035e-07, 1.82709371188e-07, 4.26048210045e-08, 1.37858592097e-07, 6.23552551815e-08, 3.92952470563e-09, 3.99076371949e-09, 2.02269827554e-08, 4.05369871004e-09, 1.32062610847e-10, 1.34540822927e-09, 1.57130031209e-10, 4.5287549752e-12, 5.86996336954e-12, 8.67626196582e-12, 1.69108147624e-11, 4.01927657823e-11, 4.22964614721e-11, 1.8856101576e-12, 5.58568902936e-12, 2.18562182241e-11, 8.34465049143e-12, 9.52510206126e-12, 1.88657271229e-12, 1.4523952787e-12, 2.7864741764e-12, 1.41907275861e-12, 2.13553716269e-13, 1.65280336211e-14, 6.40956607451e-15, 4.76708406297e-15, 3.4001075114e-16, 3.18142054508e-16, 3.81281346234e-16, 9.51305985314e-16, 1.10804284123e-16],
        "dvar2": [7.33107519135e-10, 6.36689723166e-09, 1.09325774247e-05, 2.77238996205e-06, 3.96541651071e-07, 5.24397250956e-07, 1.22346861531e-07, 4.07984543926e-07, 1.81654087328e-07, 8.87629436619e-09, 9.98663374219e-09, 5.95550524451e-08, 1.19465912718e-08, 2.7628777044e-10, 2.76204281668e-09, 3.04878400303e-10, 9.21687986349e-12, 1.18864215345e-11, 1.85288399207e-11, 3.3590030063e-11, 1.07506913094e-10, 1.10376423279e-10, 4.66046212039e-12, 1.17918418086e-11, 5.97000782143e-11, 1.83257419656e-11, 2.07832032834e-11, 3.64733113503e-12, 3.69935419103e-12, 4.98138422872e-12, 2.94450575034e-12, 4.03013993705e-13, 2.93427019065e-14, 1.03567590905e-14, 7.88412422777e-15, 5.35323340357e-16, 5.65300259877e-16, 5.47757678144e-16, 1.24489035769e-15, 1.54089401498e-16],
        "max": [0.000235796760535, 0.00059764017351, 0.0112596936524, 0.00830462947488, 0.00527230510488, 0.00309261190705, 0.00133867224213, 0.00250789057463, 0.00164612371009, 0.000450108374935, 0.000375442556106, 0.00103562418371, 0.000467874924652, 9.3846290838e-05, 0.000325419154251, 0.00010365567141, 1.7465570636e-05, 2.04174521059e-05, 2.55235736404e-05, 3.13763193844e-05, 5.0884209486e-05, 5.28900163772e-05, 1.12125453597e-05, 1.92743318621e-05, 3.33670141117e-05, 2.17776178033e-05, 3.04327968479e-05, 1.27418625198e-05, 1.00579409263e-05, 1.58815000759e-05, 1.15518087114e-05, 4.19098114435e-06, 1.26230088426e-06, 7.30263252535e-07, 5.90253762311e-07, 1.38850055009e-07, 1.43254609952e-07, 1.78057106837e-07, 3.25444290183e-07, 7.92922136839e-08],
        "mean": [1.46967349792e-05, 4.68124926556e-05, 0.00145831564441, 0.00581483263522, 0.0039025680162, 0.00100858521182, 0.000147525133798, 0.00052532646805, 0.000425973499659, 4.8718186008e-05, 3.143750655e-05, 2.89856634481e-05, 1.04725140773e-05, 4.45787054559e-06, 8.03136663308e-06, 3.2630464375e-06, 8.63324885358e-07, 8.07333549346e-07, 6.96311133197e-07, 1.04142475266e-06, 1.05280957996e-06, 1.49633694946e-06, 7.5594931559e-07, 8.36597735088e-07, 1.15670536616e-06, 1.05813114715e-06, 7.80550976742e-07, 4.45676846539e-07, 2.8479513503e-07, 3.87583611428e-07, 2.36834125644e-07, 1.03585307443e-07, 3.52146649618e-08, 2.10580104465e-08, 1.88787687705e-08, 5.99395910683e-09, 4.99737673465e-09, 6.75641942394e-09, 1.00562411731e-08, 3.89982623972e-09],
        "median": [1.07497157842e-06, 2.36519963437e-06, 1.7478447262e-05, 0.00633000023663, 0.00478313909844, 0.000858477200381, 9.01179664652e-05, 0.000528920907527, 0.000390325440094, 5.33028014615e-06, 3.85107887269e-06, 5.88086095377e-06, 1.95860570784e-06, 5.67911627058e-07, 3.62626110473e-07, 4.69345536658e-07, 1.89925330574e-07, 1.65487278991e-07, 7.92024081875e-08, 2.82768070292e-07, 1.96940590058e-07, 5.6586361552e-07, 4.29254242817e-07, 3.81229909863e-07, 4.48220163207e-07, 3.19747982758e-07, 1.66873576291e-07, 1.04735988771e-07, 4.76310439979e-08, 2.50303475724e-08, 1.77994294859e-08, 6.67702160229e-09, 1.76289338683e-09, 5.00003205506e-10, 4.08983735767e-10, 2.70109601352e-10, 1.73579400853e-10, 1.76113540418e-10, 1.54082260839e-10, 1.65186392342e-10],
        "min": [2.46275902782e-07, 1.04696619019e-06, 9.11625829758e-06, 0.000465572316898, 0.000266596936854, 0.000291370233754, 2.41261004703e-05, 2.95970994557e-06, 1.44571936289e-06, 5.32748458681e-07, 1.67681989183e-07, 7.23903426092e-08, 9.60693782304e-08, 9.16453828381e-08, 1.19567431511e-07, 1.56393568318e-07, 6.24567562113e-08, 6.41903952214e-08, 3.28282325768e-08, 2.13205915145e-08, 2.74220859353e-08, 2.32164918401e-08, 1.36754376712e-08, 1.09873949938e-08, 1.01316324219e-08, 5.31733101994e-09, 2.60083221626e-09, 2.13029260898e-09, 1.33892863463e-09, 6.18423146026e-10, 4.49409232051e-10, 2.97180779985e-10, 8.71659480706e-11, 4.40504820121e-11, 3.75114661555e-11, 2.42780188314e-11, 1.55289652665e-11, 1.97716478606e-11, 1.50089073114e-11, 1.6729204827e-11],
        "var": [1.10307107892e-09, 1.00176738016e-08, 9.380371921e-06, 2.53684356721e-06, 2.70705459116e-06, 2.46001121695e-07, 3.92327805798e-08, 1.06847998893e-07, 7.59636691328e-08, 1.07218145473e-08, 5.15799136735e-09, 1.13918927624e-08, 2.20763829439e-09, 1.47267892325e-10, 1.41792300123e-09, 1.70589126158e-10, 5.22065854089e-12, 6.41029286944e-12, 9.41889968797e-12, 1.70722377207e-11, 2.71967275089e-11, 2.99760806455e-11, 1.64262744032e-12, 5.27300078601e-12, 1.4719728908e-11, 1.07872565047e-11, 1.10535591097e-11, 2.50140620023e-12, 1.36590727878e-12, 3.79811416693e-12, 1.64762984072e-12, 2.60757371641e-13, 2.30966216611e-14, 9.19394971938e-15, 6.96262310841e-15, 4.13386462504e-16, 3.50458929014e-16, 5.95047157012e-16, 1.80799457877e-15, 1.52497747181e-16]
    },
    "mfcc": {
        "mean": [-796.357910156, 208.944259644, 5.05780887604, 40.2786712646, -22.3265323639, -50.5041656494, -21.12068367, -27.3358058929, -24.4772624969, -23.8571186066, -15.6966304779, -9.26998329163, -12.6641426086],
        "cov": [[2056.2409668, -346.622802734, -352.757568359, -121.435348511, -190.247039795, 201.442260742, 226.868606567, 218.402267456, 184.637741089, 109.136619568, 48.7507896423, -20.1028137207, 16.490190506], [-346.622802734, 1289.50366211, -185.944839478, -186.055374146, 415.018890381, 79.1726913452, 262.744110107, 302.043609619, 143.408050537, 119.190116882, 38.2635536194, 73.227897644, -56.9228858948], [-352.757568359, -185.944839478, 338.710632324, 27.0116062164, 70.297454834, 62.8273277283, -48.1789741516, -44.9578895569, -64.701751709, -8.15006542206, -14.1024084091, -9.65216255188, 26.7550601959], [-121.435348511, -186.055374146, 27.0116062164, 127.75692749, -151.635559082, -141.867019653, -88.6621398926, -92.7805557251, -35.9998283386, -41.0969543457, -14.0202693939, -8.93309879303, -5.35557222366], [-190.247039795, 415.018890381, 70.297454834, -151.635559082, 324.632019043, 222.70640564, 123.649200439, 126.523368835, 33.8351516724, 67.0770568848, 24.6923294067, 22.6742725372, 8.22074985504], [201.442260742, 79.1726913452, 62.8273277283, -141.867019653, 222.70640564, 300.50604248, 113.074615479, 93.2348480225, 22.4535484314, 51.5550231934, 28.9880714417, 0.466943591833, 31.1673641205], [226.868606567, 262.744110107, -48.1789741516, -88.6621398926, 123.649200439, 113.074615479, 131.346389771, 122.44405365, 57.8798675537, 55.9597206116, 15.3776569366, 15.5360116959, -4.50263738632], [218.402267456, 302.043609619, -44.9578895569, -92.7805557251, 126.523368835, 93.2348480225, 122.44405365, 150.690597534, 74.7685089111, 56.1293830872, 11.9347143173, 12.043759346, -4.3216381073], [184.637741089, 143.408050537, -64.701751709, -35.9998283386, 33.8351516724, 22.4535484314, 57.8798675537, 74.7685089111, 53.3639945984, 33.2481689453, 7.82431268692, 6.83064413071, -7.64246892929], [109.136619568, 119.190116882, -8.15006542206, -41.0969543457, 67.0770568848, 51.5550231934, 55.9597206116, 56.1293830872, 33.2481689453, 45.9663772583, 13.4216995239, 8.2515335083, -3.78570103645], [48.7507896423, 38.2635536194, -14.1024084091, -14.0202693939, 24.6923294067, 28.9880714417, 15.3776569366, 11.9347143173, 7.82431268692, 13.4216995239, 19.7233753204, 6.89551401138, -3.34397482872], [-20.1028137207, 73.227897644, -9.65216255188, -8.93309879303, 22.6742725372, 0.466943591833, 15.5360116959, 12.043759346, 6.83064413071, 8.2515335083, 6.89551401138, 13.9320249557, -3.45119190216], [16.490190506, -56.9228858948, 26.7550601959, -5.35557222366, 8.22074985504, 31.1673641205, -4.50263738632, -4.3216381073, -7.64246892929, -3.78570103645, -3.34397482872, -3.45119190216, 17.2963981628]],
