{
"lowlevel": {
    "average_loudness": 0.984703361988,
    "barkbands_crest": {
        "dmean": 1.45816445351,
        "dmean2": 2.34754085541,
        "dvar": 3.0215010643,
        "dvar2": 6.46903038025,
        "max": 21.8568935394,
        "mean": 9.69143772125,
        "median": 8.86311435699,
        "min": 5.38108968735,
        "var": 9.49318885803
    },
    "barkbands_flatness_db": {
        "dmean": 0.0225742850453,
        "dmean2": 0.028677880764,
        "dvar": 0.00146516400855,
        "dvar2": 0.00220702728257,
        "max": 0.50804913044,
        "mean": 0.364106893539,
        "median": 0.366013854742,
        "min": 0.0978542864323,
        "var": 0.00610539270565
    },
    "barkbands_kurtosis": {
        "dmean": 0.99579924345,
        "dmean2": 1.49512088299,
        "dvar": 5.82221078873,
        "dvar2": 14.4903793335,
        "max": 22.6228160858,
        "mean": 1.69768416882,
        "median": 0.626066684723,
        "min": -1.09237992764,
        "var": 13.0948524475
    },
    "barkbands_skewness": {
        "dmean": 0.264038145542,
        "dmean2": 0.420416623354,
        "dvar": 0.161893501878,
        "dvar2": 0.390131533146,
        "max": 4.07840824127,
        "mean": 0.678291618824,
        "median": 0.519669651985,
        "min": -0.577135443687,
        "var": 0.671100199223
    },
    "barkbands_spread": {
        "dmean": 0.788760364056,
        "dmean2": 1.32417476177,
        "dvar": 6.07632398605,
        "dvar2": 17.585483551,
        "max": 19.1896724701,
        "mean": 3.67390394211,
        "median": 3.28955602646,
        "min": 1.53004300594,
        "var": 5.10009527206
    },
    "dissonance": {
        "dmean": 0.0325218774378,
        "dmean2": 0.0529900565743,
        "dvar": 0.00113261060324,
        "dvar2": 0.00248317723162,
        "max": 0.497485309839,
        "mean": 0.346000134945,
        "median": 0.347730398178,
        "min": 0.165928453207,
        "var": 0.0065959696658
    },
    "dynamic_complexity": 0.811102926731,
    "erbbands_crest": {
        "dmean": 1.69344079494,
        "dmean2": 2.77769899368,
        "dvar": 4.28034496307,
        "dvar2": 10.6932945251,
        "max": 24.8165454865,
        "mean": 11.6580705643,
        "median": 11.2134370804,
        "min": 6.74142837524,
        "var": 8.71417427063
    },
    "erbbands_flatness_db": {
        "dmean": 0.0196566879749,
        "dmean2": 0.0250655449927,
        "dvar": 0.00105398532469,
        "dvar2": 0.00145589094609,
        "max": 0.53097474575,
        "mean": 0.426841825247,
        "median": 0.431508690119,
        "min": 0.199180737138,
        "var": 0.00418524863198
    },
    "erbbands_kurtosis": {
        "dmean": 0.734189689159,
        "dmean2": 1.07452356815,
        "dvar": 1.47096562386,
        "dvar2": 3.51875734329,
        "max": 10.4499082565,
        "mean": 1.77720224857,
        "median": 1.29349470139,
        "min": -1.41228866577,
        "var": 4.22026824951
    },
    "erbbands_skewness": {
        "dmean": 0.248699367046,
        "dmean2": 0.396153718233,
        "dvar": 0.138408407569,
        "dvar2": 0.387051939964,
        "max": 2.98905849457,
        "mean": 0.427624166012,
        "median": 0.360336571932,
        "min": -0.942015588284,
        "var": 0.561334371567
    },
    "erbbands_spread": {
        "dmean": 1.11268508434,
        "dmean2": 1.76605629921,
        "dvar": 8.38099002838,
        "dvar2": 22.3605880737,
        "max": 26.3563327789,
        "mean": 5.87289905548,
        "median": 5.05038690567,
        "min": 3.29612159729,
        "var": 9.28937530518
    },
    "hfc": {
        "dmean": 4.3925485611,
        "dmean2": 6.36383247375,
        "dvar": 84.9854888916,
        "dvar2": 212.026260376,
        "max": 98.2595062256,
        "mean": 26.1996765137,
        "median": 24.2698841095,
        "min": 0.738927066326,
        "var": 139.487792969
    },
    "melbands_crest": {
        "dmean": 1.47986137867,
        "dmean2": 2.45993924141,
        "dvar": 2.54947161674,
        "dvar2": 6.38873767853,
        "max": 21.2763900757,
        "mean": 9.96889019012,
        "median": 8.84780502319,
        "min": 5.40802907944,
        "var": 9.09752368927
    },
    "melbands_flatness_db": {
        "dmean": 0.0254676286131,
        "dmean2": 0.0309370420873,
        "dvar": 0.00187020527665,
        "dvar2": 0.00289814709686,
        "max": 0.600704610348,
        "mean": 0.426389485598,
        "median": 0.431412488222,
        "min": 0.111784338951,
        "var": 0.00880320649594
    },
    "melbands_kurtosis": {
        "dmean": 1.00938463211,
        "dmean2": 1.59329330921,
        "dvar": 6.4783039093,
        "dvar2": 16.0241336823,
        "max": 24.7226238251,
        "mean": 1.94697725773,
        "median": 0.72273015976,
        "min": -1.04780685902,
        "var": 15.5351753235
    },
    "melbands_skewness": {
        "dmean": 0.226598829031,
        "dmean2": 0.348702788353,
        "dvar": 0.0882963687181,
        "dvar2": 0.197431012988,
        "max": 3.56233096123,
        "mean": 0.632071852684,
        "median": 0.422595322132,
        "min": -0.531174302101,
        "var": 0.538427770138
    },
    "melbands_spread": {
        "dmean": 1.47875416279,
        "dmean2": 2.60864591599,
        "dvar": 23.5398616791,
        "dvar2": 70.0287399292,
        "max": 40.9708404541,
        "mean": 6.50305128098,
        "median": 5.65153026581,
        "min": 2.27594590187,
        "var": 18.6726417542
    },
    "pitch_salience": {
        "dmean": 0.0426646061242,
        "dmean2": 0.065001219511,
        "dvar": 0.00275770225562,
        "dvar2": 0.00669310614467,
        "max": 0.839130759239,
        "mean": 0.694252133369,
        "median": 0.708447575569,
        "min": 0.371979743242,
        "var": 0.00658033369109
    },
    "silence_rate_20dB": {
        "dmean": 0,
        "dmean2": 0,
        "dvar": 0,
        "dvar2": 0,
        "max": 1,
        "mean": 1,
        "median": 1,
        "min": 1,
        "var": 0
    },
    "silence_rate_30dB": {
        "dmean": 0,
        "dmean2": 0,
        "dvar": 0,
        "dvar2": 0,
        "max": 1,
        "mean": 1,
        "median": 1,
        "min": 1,
        "var": 0
    },
    "silence_rate_60dB": {
        "dmean": 0,
        "dmean2": 0,
        "dvar": 0,
        "dvar2": 0,
        "max": 0,
        "mean": 0,
        "median": 0,
        "min": 0,
        "var": 0
    },
    "spectral_centroid": {
        "dmean": 64.4852218628,
        "dmean2": 96.7727050781,
        "dvar": 38618.3867188,
        "dvar2": 99365.6484375,
        "max": 2135.1887207,
        "mean": 713.049865723,
        "median": 660.149414062,
        "min": 540.73260498,
        "var": 41791.7070312
    },
    "spectral_complexity": {
        "dmean": 1.83333337307,
        "dmean2": 3.03361344337,
        "dvar": 13.1222286224,
        "dvar2": 25.3097915649,
        "max": 40,
        "mean": 13.0413227081,
        "median": 12,
        "min": 2,
        "var": 28.5685577393
    },
    "spectral_decrease": {
        "dmean": 1.02276831448e-09,
        "dmean2": 1.43166889455e-09,
        "dvar": 1.24171721345e-18,
        "dvar2": 2.05480845863e-18,
        "max": -2.03729408343e-10,
        "mean": -9.22778387036e-09,
        "median": -9.45494171845e-09,
        "min": -1.44120235746e-08,
        "var": 7.16267686529e-18
    },
    "spectral_energy": {
        "dmean": 0.00424279784784,
        "dmean2": 0.0059265838936,
        "dvar": 2.24644736591e-05,
        "dvar2": 3.90408276871e-05,
        "max": 0.0604137293994,
        "mean": 0.0372041463852,
        "median": 0.0376829132438,
        "min": 0.000835944956634,
        "var": 0.000120576427435
    },
    "spectral_energyband_high": {
        "dmean": 2.75869588222e-05,
        "dmean2": 5.18373635714e-05,
        "dvar": 2.6379117557e-08,
        "dvar2": 7.61061542676e-08,
        "max": 0.00132176757324,
        "mean": 1.98360758077e-05,
        "median": 8.86536042799e-07,
        "min": 3.62859289282e-08,
        "var": 1.50869841065e-08
    },
    "spectral_energyband_low": {
        "dmean": 2.11497608689e-05,
        "dmean2": 3.77288670279e-05,
        "dvar": 3.5442355717e-09,
        "dvar2": 1.02030606186e-08,
        "max": 0.000416275986936,
        "mean": 3.19360515277e-05,
        "median": 1.01534269561e-05,
        "min": 7.69742541706e-07,
        "var": 3.895168188e-09
    },
    "spectral_energyband_middle_high": {
        "dmean": 0.00324517884292,
        "dmean2": 0.00478703482077,
        "dvar": 2.24928462558e-05,
        "dvar2": 4.52981039416e-05,
        "max": 0.0457202978432,
        "mean": 0.0144072957337,
        "median": 0.0110701872036,
        "min": 0.000291639735224,
        "var": 8.73733079061e-05
    },
    "spectral_energyband_middle_low": {
        "dmean": 0.00298318499699,
        "dmean2": 0.00410820962861,
        "dvar": 1.30155649458e-05,
        "dvar2": 2.0445068003e-05,
        "max": 0.0376125872135,
        "mean": 0.0240742266178,
        "median": 0.0246778018773,
        "min": 0.000536688545253,
        "var": 4.91975806653e-05
    },
    "spectral_entropy": {
        "dmean": 0.158968895674,
        "dmean2": 0.197806164622,
        "dvar": 0.080774448812,
        "dvar2": 0.0952873304486,
        "max": 8.28672599792,
        "mean": 5.97327136993,
        "median": 5.93681764603,
        "min": 4.87901592255,
        "var": 0.335893124342
    },
    "spectral_flux": {
        "dmean": 0.0147465867922,
        "dmean2": 0.0223802998662,
        "dvar": 0.000618778169155,
        "dvar2": 0.00113396544475,
        "max": 0.230485573411,
        "mean": 0.0492687523365,
        "median": 0.0377999916673,
        "min": 0.0161164067686,
        "var": 0.00127607572358
    },
    "spectral_kurtosis": {
        "dmean": 43.8277778625,
        "dmean2": 74.0214996338,
        "dvar": 1920.05969238,
        "dvar2": 6073.22949219,
        "max": 336.199890137,
        "mean": 88.5713729858,
        "median": 61.4937667847,
        "min": 2.75786113739,
        "var": 5655.71923828
    },
    "spectral_rms": {
        "dmean": 0.000366543390555,
        "dmean2": 0.000503966934048,
        "dvar": 2.59480259501e-07,
        "dvar2": 3.57751247293e-07,
        "max": 0.00767725380138,
        "mean": 0.00594173697755,
        "median": 0.00606331741437,
        "min": 0.000903081439901,
        "var": 9.92497120933e-07
    },
    "spectral_rolloff": {
        "dmean": 81.4672851562,
        "dmean2": 142.04675293,
        "dvar": 73510.015625,
        "dvar2": 200740.421875,
        "max": 2562.45117188,
        "mean": 930.199523926,
        "median": 839.794921875,
        "min": 624.462890625,
        "var": 58926.4296875
    },
    "spectral_skewness": {
        "dmean": 2.07947969437,
        "dmean2": 3.63475394249,
        "dvar": 3.01986074448,
        "dvar2": 8.51418590546,
        "max": 14.8035402298,
        "mean": 6.14586162567,
        "median": 5.28689718246,
        "min": 1.2052462101,
        "var": 9.96802043915
    },
    "spectral_spread": {
        "dmean": 483336.125,
        "dmean2": 589300.6875,
        "dvar": 2.82309296128e+12,
        "dvar2": 1.11041275494e+12,
        "max": 26812186,
        "mean": 1327163.75,
        "median": 983884.1875,
        "min": 202990.34375,
        "var": 6.4219554775e+12
    },
    "spectral_strongpeak": {
        "dmean": 0.504645168781,
        "dmean2": 0.822387337685,
        "dvar": 0.344721704721,
        "dvar2": 0.654696762562,
        "max": 6.38417577744,
        "mean": 2.34678411484,
        "median": 2.05463266373,
        "min": 0.0724007934332,
        "var": 1.18653249741
    },
    "zerocrossingrate": {
        "dmean": 0.00196126312949,
        "dmean2": 0.00235934206285,
        "dvar": 9.18302794162e-06,
        "dvar2": 1.05077233457e-05,
        "max": 0.0546875,
        "mean": 0.03331611678,
        "median": 0.0322265625,
        "min": 0.0087890625,
        "var": 2.76122664218e-05
    },
    "barkbands": {
        "dmean": [9.1683006076e-07, 4.1885682549e-06, 6.954941e-06, 3.0409266401e-05, 0.000364800420357, 0.00047197600361, 0.00183021160774, 0.00194756663404, 0.000789662182797, 0.00203536381014, 0.00150164274964, 0.000256214640103, 0.00022341228032, 7.58193345973e-05, 4.10983120673e-05, 6.5143678512e-05, 0.000446139310952, 6.60920268274e-05, 4.55437875644e-05, 1.57180329552e-05, 1.11667013698e-05, 4.19465550294e-06, 3.73470970771e-06, 2.367408797e-06, 3.62987719882e-07, 2.7038916528e-07, 8.85160318376e-08],
        "dmean2": [1.4093095615e-06, 7.24500023352e-06, 1.08616432044e-05, 5.79648949497e-05, 0.000584379129577, 0.000676127034239, 0.0031103384681, 0.0024714183528, 0.00101469282527, 0.00322946975939, 0.00205715629272, 0.000318218197208, 0.000276729522739, 0.000119438955153, 6.30886279396e-05, 0.000110191416752, 0.000823396258056, 0.000119262338558, 7.87921380834e-05, 2.871016477e-05, 2.09124373214e-05, 8.04808678367e-06, 7.36890115149e-06, 4.6773716349e-06, 6.73441320487e-07, 4.92916115036e-07, 1.39277730682e-07],
        "dvar": [1.09206194435e-11, 1.47583903432e-10, 2.02983879705e-10, 1.0898199676e-08, 5.17808189215e-07, 2.57257028125e-07, 2.23784718401e-06, 8.96148867469e-06, 1.47675677908e-06, 4.01406805395e-06, 5.00685382576e-06, 2.96742740602e-07, 1.75224258214e-07, 4.09276488256e-08, 2.1082007251e-08, 7.08131011606e-08, 5.13594068252e-06, 9.7138816102e-08, 4.46211636529e-08, 6.38351105309e-09, 4.53934489997e-09, 6.56123932963e-10, 7.07290892521e-10, 2.93330165713e-10, 4.92332433502e-12, 2.73182670062e-12, 2.48122458994e-13],
        "dvar2": [1.57892240948e-11, 3.70455888188e-10, 3.9944017538e-10, 3.42012071997e-08, 1.67613382018e-06, 5.11730263497e-07, 6.08691925663e-06, 1.55079687829e-05, 2.33206628764e-06, 1.01629975688e-05, 1.10080927698e-05, 6.45391651233e-07, 2.89532010811e-07, 1.03583744249e-07, 5.11870368314e-08, 1.89121152516e-07, 1.4918391571e-05, 2.75848663023e-07, 1.2149639872e-07, 1.77772712107e-08, 1.3136361332e-08, 1.92033566826e-09, 2.11066875089e-09, 8.76239858449e-10, 1.42476534043e-11, 7.79811111518e-12, 4.27391791662e-13],
        "max": [2.75361071544e-05, 7.4052659329e-05, 0.000109987449832, 0.000727416714653, 0.00546113587916, 0.00841481983662, 0.0165413022041, 0.0327113308012, 0.0158557668328, 0.0191006474197, 0.0245386660099, 0.00486881844699, 0.00428742729127, 0.00144781265408, 0.00120543583762, 0.00210657576099, 0.0170519221574, 0.00234379246831, 0.00164812500589, 0.000661782105453, 0.000548438110854, 0.000206313459785, 0.000210242476896, 0.00013516182662, 1.76340308826e-05, 1.30101316245e-05, 4.32759998148e-06],
        "mean": [9.19436843105e-07, 4.24394011134e-06, 1.78650843736e-05, 2.84375364572e-05, 0.00103374628816, 0.0031343693845, 0.0062136426568, 0.00897659547627, 0.00331980059855, 0.00671333633363, 0.00558007974178, 0.000829302181955, 0.000552097160835, 0.000164191704243, 5.44454233022e-05, 9.05043343664e-05, 0.000375440256903, 4.76343739138e-05, 3.93555128539e-05, 1.31021988636e-05, 7.92315404397e-06, 3.07961840917e-06, 2.17651154344e-06, 1.35173877425e-06, 2.68213909749e-07, 1.93800659076e-07, 8.74417196428e-08],
        "median": [9.96655202812e-08, 1.6823387341e-06, 3.39291273121e-06, 5.70018619328e-06, 0.0007417347515, 0.00349254603498, 0.00495339464396, 0.00804986618459, 0.00202163029462, 0.00635319389403, 0.00372820394114, 0.000508760043886, 0.000216247353819, 3.79480952688e-05, 1.79095368367e-05, 2.00924405362e-05, 3.47598797816e-05, 4.32207389167e-06, 3.38497557095e-06, 1.16189005439e-06, 3.95224589056e-07, 7.60289680102e-08, 9.29996879506e-09, 5.99401595025e-09, 5.36253397243e-09, 3.32468630404e-09, 6.58323395797e-09],
        "min": [7.67339913832e-10, 8.79734045611e-08, 1.24281342551e-07, 3.58556292213e-07, 1.51034064402e-05, 1.7247893993e-05, 1.62142659974e-05, 0.000313292344799, 4.88725818286e-05, 7.01506287442e-05, 0.000125522172311, 8.57528084452e-06, 7.91379079601e-07, 1.32948775899e-06, 2.01612223805e-07, 8.91134632752e-08, 4.74484920687e-07, 5.24543786184e-08, 6.86461305577e-08, 2.77550284977e-08, 1.24584804695e-08, 4.39510827732e-09, 6.05206218474e-10, 4.77413941713e-10, 5.39844946523e-10, 3.53217816107e-10, 2.78848544255e-09],
        "var": [1.23035453353e-11, 1.0642479259e-10, 6.58533616527e-10, 8.17884959758e-09, 1.27441057884e-06, 4.77051116832e-06, 1.78752343345e-05, 3.54837538907e-05, 1.20296826935e-05, 2.10308953683e-05, 2.4254724849e-05, 8.00490226993e-07, 6.97240920999e-07, 8.06489026672e-08, 2.11562198871e-08, 6.21331537332e-08, 3.05562389258e-06, 5.92457283233e-08, 3.0361789527e-08, 4.08621270154e-09, 2.56299426127e-09, 3.6359443234e-10, 3.62335411674e-10, 1.49633458402e-10, 2.70415721065e-12, 1.53133712308e-12, 2.19893452947e-13]
    },
    "erbbands": {
        "dmean": [0.000108615800855, 0.00105537730269, 0.00681812735274, 0.0585638359189, 0.567999303341, 1.74728429317, 1.38045096397, 5.94484806061, 14.6333246231, 30.8381996155, 44.4419746399, 20.5848331451, 51.448009491, 46.5209274292, 47.9832420349, 11.719959259, 9.20055961609, 3.44119358063, 3.32759594917, 1.96044147015, 7.54927778244, 24.6225700378, 5.56428480148, 2.44912457466, 1.81210792065, 0.707301318645, 0.56913214922, 0.296038329601, 0.160850331187, 0.0912358090281, 0.12262250483, 0.0799146741629, 0.0272824801505, 0.0054631200619, 0.00234326790087, 0.00137458508834, 0.000430129293818, 8.02291542641e-05, 1.57104259415e-05, 5.88407147006e-06],
        "dmean2": [0.000187322279089, 0.00181930931285, 0.0112176965922, 0.111855715513, 1.03122162819, 2.77457308769, 1.97142410278, 8.19556903839, 23.6839561462, 53.1224822998, 54.5578994751, 26.8158454895, 79.2923812866, 62.1522598267, 69.4423522949, 14.5702152252, 11.2503890991, 5.16830301285, 4.78908348083, 3.29562616348, 13.5362129211, 45.0343551636, 10.2208557129, 4.12835121155, 3.40616106987, 1.2856464386, 1.06873178482, 0.543864548206, 0.305543988943, 0.176538839936, 0.242978990078, 0.158178508282, 0.05374475196, 0.0103020081297, 0.00431590061635, 0.00252720969729, 0.000781130744144, 0.000133653069497, 2.48388550972e-05, 8.25232018542e-06],
        "dvar": [1.91888801737e-07, 7.98856217443e-06, 0.000212099737837, 0.0352840423584, 1.61660325527, 10.3601522446, 7.8501367569, 46.9083862305, 104.9061203, 785.758972168, 4486.28320312, 989.867004395, 2058.50317383, 4619.31298828, 8998.69042969, 431.239959717, 343.513000488, 126.295394897, 95.7098846436, 48.9627761841, 1306.0637207, 15385.09375, 721.305297852, 106.670646667, 107.119766235, 12.7332496643, 9.98875617981, 3.39656853676, 0.918120205402, 0.359577983618, 0.79049885273, 0.340334236622, 0.0380592681468, 0.00121966004372, 0.000202579176403, 7.44692079024e-05, 6.60678051645e-06, 1.83090122619e-07, 5.97993699003e-09, 8.40612648934e-11],
        "dvar2": [5.01332408476e-07, 2.07463726838e-05, 0.00049784645671, 0.112703286111, 6.01013851166, 32.0517158508, 14.958278656, 90.2835693359, 291.962310791, 1997.31994629, 8450.671875, 1526.99108887, 4780.63867188, 7870.17822266, 23510.8652344, 882.422851562, 595.588317871, 295.672454834, 174.043991089, 128.775512695, 3721.59106445, 44589.1875, 2069.18798828, 284.787445068, 305.507446289, 35.2955551147, 28.7410526276, 9.80387592316, 2.670825243, 1.06267929077, 2.36395287514, 1.01798510551, 0.113666713238, 0.00357634783722, 0.000582717242651, 0.000214839790715, 1.86427769222e-05, 4.21050486921e-07, 1.17300027469e-08, 1.89719032151e-10],
        "max": [0.00353542226367, 0.0192308649421, 0.0959436148405, 1.29761719704, 6.96934556961, 25.0187244415, 41.3549919128, 106.520370483, 130.369552612, 228.067077637, 746.428466797, 440.871612549, 558.406494141, 641.186828613, 1177.54943848, 215.818557739, 164.534103394, 100.360847473, 102.674835205, 56.857257843, 282.265655518, 929.13861084, 194.129211426, 66.8732833862, 84.5207672119, 29.4078407288, 25.2641887665, 15.1654348373, 7.74960041046, 4.79581785202, 7.00855827332, 4.5969080925, 1.53929710388, 0.277714908123, 0.113258928061, 0.0690134465694, 0.0199344754219, 0.00284016085789, 0.000625315646175, 0.000110438850243],
        "mean": [0.000101071949757, 0.0014015265042, 0.0170123837888, 0.0695833563805, 1.00080382824, 5.40559387207, 6.5753030777, 39.6076698303, 50.2572555542, 113.649627686, 220.018615723, 99.379447937, 214.013137817, 214.687713623, 127.265792847, 43.9558830261, 23.8796062469, 6.66144752502, 7.46413660049, 2.96630311012, 8.62382793427, 20.170211792, 4.05376291275, 2.17307782173, 1.52560389042, 0.589080750942, 0.400772601366, 0.223746314645, 0.1226015836, 0.0604157634079, 0.069130949676, 0.0443982109427, 0.0160054564476, 0.00389073346741, 0.00173799472395, 0.000975346541964, 0.000327559420839, 7.25367717678e-05, 3.15397082886e-05, 4.41871670773e-05],
        "median": [3.19683422276e-05, 0.000720478594303, 0.0042255744338, 0.0335180200636, 0.676294267178, 4.21023273468, 6.79555749893, 44.875579834, 42.0200958252, 119.528572083, 214.751968384, 73.1133728027, 196.474258423, 154.467514038, 73.0821304321, 24.6516628265, 9.04809761047, 2.75243425369, 1.61369788647, 1.14483642578, 1.85134899616, 1.61429107189, 0.423765659332, 0.216817259789, 0.12147963047, 0.0553269274533, 0.0255570542067, 0.00950546283275, 0.00325257238001, 0.000564360176213, 0.000267449970124, 0.000154162582476, 0.000135825583129, 7.83495343057e-05, 6.05035347689e-05, 3.64553197869e-05, 1.76247340278e-05, 5.382148629e-06, 1.9954117306e-05, 4.36691079813e-05],
        "min": [4.60914179712e-06, 5.80815285502e-05, 0.000365943997167, 0.00318672810681, 0.0201198086143, 0.0584234073758, 0.0965341851115, 0.155082717538, 0.157865732908, 2.04587054253, 7.86311197281, 3.99335098267, 1.36639404297, 4.78907966614, 3.48144030571, 0.783928394318, 0.108867622912, 0.0436296090484, 0.0756837427616, 0.0111336465925, 0.0111927073449, 0.0257770512253, 0.00448157871142, 0.00391924055293, 0.00220388383605, 0.00130687595811, 0.000629814923741, 0.000423628021963, 0.000209069796256, 5.31932855665e-05, 4.01970974053e-05, 2.87399452645e-05, 2.46841209446e-05, 2.24520026677e-05, 2.11776787182e-05, 1.45116000567e-05, 8.165102372e-06, 2.80144604403e-06, 9.15119107958e-06, 1.57356407726e-05],
        "var": [1.32580339596e-07, 6.19675529379e-06, 0.000543962058146, 0.0288798473775, 1.52537822723, 29.5946788788, 37.315536499, 794.859008789, 1070.46191406, 2278.16015625, 17931.2695312, 7651.88671875, 15997.9570312, 27944.1308594, 26057.515625, 1909.93737793, 1153.45568848, 168.228363037, 213.14151001, 47.2371559143, 877.408508301, 9205.56347656, 433.48928833, 77.9361343384, 63.5821685791, 8.27702522278, 5.73980998993, 1.94507575035, 0.52143406868, 0.190767750144, 0.402256250381, 0.173026546836, 0.0194222405553, 0.000652135000564, 0.000112547815661, 4.1289255023e-05, 3.74847786588e-06, 1.3233700713e-07, 4.91884577514e-09, 1.99310012938e-10]
    },
    "gfcc": {
        "mean": [-141.508666992, 193.589019775, -171.43258667, -87.7882003784, -76.427482605, -48.1309585571, -18.5065689087, -8.43836688995, -19.1141338348, -20.060426712, -8.33430862427, -4.78044700623, 1.5465182066],
        "cov": [[3483.05737305, -1789.52575684, -1036.98962402, 1460.16564941, -15.9304018021, 541.774108887, -169.612930298, 238.727539062, 7.99011707306, 48.2509040833, 9.19760322571, 109.03515625, -102.003158569], [-1789.52575684, 1445.98937988, 593.473754883, -805.394104004, 45.0742034912, -454.985809326, 79.8091888428, -231.437179565, -103.500473022, -86.2311553955, 64.4736938477, -39.1604347229, 119.225761414], [-1036.98962402, 593.473754883, 965.968200684, -384.387176514, -242.511001587, -104.083251953, 42.6116065979, -84.3126220703, -146.210525513, -53.438369751, 54.7747154236, 28.8425655365, 44.1847190857], [1460.16564941, -805.394104004, -384.387176514, 795.389770508, -21.9761753082, 172.877731323, -37.438129425, 155.578079224, 25.012960434, 33.7503852844, 7.96176958084, 30.2602672577, -53.9515380859], [-15.9304018021, 45.0742034912, -242.511001587, -21.9761753082, 241.198898315, -10.1798009872, -8.24285984039, 5.50608587265, 56.0468521118, 37.0428466797, -54.2554321289, -26.9742298126, -34.8642463684], [541.774108887, -454.985809326, -104.083251953, 172.877731323, -10.1798009872, 286.516113281, -11.6443157196, 32.5632858276, 11.4459953308, 55.91040802, -22.8515014648, 25.426940918, -60.5028114319], [-169.612930298, 79.8091888428, 42.6116065979, -37.438129425, -8.24285984039, -11.6443157196, 70.905921936, 5.15937662125, 0.0812013149261, 14.6733455658, 15.0844964981, -7.16114711761, 0.324470251799], [238.727539062, -231.437179565, -84.3126220703, 155.578079224, 5.50608587265, 32.5632858276, 5.15937662125, 108.382026672, 69.2785186768, 7.85413169861, -28.6184520721, -6.93698120117, -21.9299812317], [7.99011707306, -103.500473022, -146.210525513, 25.012960434, 56.0468521118, 11.4459953308, 0.0812013149261, 69.2785186768, 127.710334778, 28.81889534, -47.4600410461, -37.1897735596, -25.9607257843], [48.2509040833, -86.2311553955, -53.438369751, 33.7503852844, 37.0428466797, 55.91040802, 14.6733455658, 7.85413169861, 28.81889534, 49.0125007629, -11.0379114151, -11.3598537445, -24.5986385345], [9.19760322571, 64.4736938477, 54.7747154236, 7.96176958084, -54.2554321289, -22.8515014648, 15.0844964981, -28.6184520721, -47.4600410461, -11.0379114151, 52.4380111694, 19.5565834045, 22.4510269165], [109.03515625, -39.1604347229, 28.8425655365, 30.2602672577, -26.9742298126, 25.426940918, -7.16114711761, -6.93698120117, -37.1897735596, -11.3598537445, 19.5565834045, 30.9693546295, 9.60137748718], [-102.003158569, 119.225761414, 44.1847190857, -53.9515380859, -34.8642463684, -60.5028114319, 0.324470251799, -21.9299812317, -25.9607257843, -24.5986385345, 22.4510269165, 9.60137748718, 42.3114280701]],
        "icov": [[0.00526738353074, -0.00340988324024, 0.00505204498768, -0.00699011702091, 0.00390173890628, -0.00759288668633, 0.00944894552231, -0.00738363526762, 0.00618949113414, -0.000853320932947, -0.000757353613153, -0.00328857032582, 0.00102590629831], [-0.00340988324024, 0.0154182435945, -0.0109164807945, 0.00646947650239, -0.0158740449697, 0.0120403189212, -0.0175832845271, 0.0251944735646, -0.0156511478126, 0.0173352509737, -0.00989560876042, 0.0105457734317, -0.0113542312756], [0.00505204498768, -0.0109164807945, 0.0121844550595, -0.00590327847749, 0.0150449359789, -0.00935896951705, 0.0158940013498, -0.0214714128524, 0.0169575233012, -0.0139473024756, 0.00741275772452, -0.0104155531153, 0.0111785102636], [-0.00699011702091, 0.00646947650239, -0.00590327847749, 0.0139483017847, -0.00545141566545, 0.0114345634356, -0.0101426905021, 0.00383610324934, -0.00402171397582, -0.00105211406481, -0.0050847036764, 0.00676069175825, 0.000878316757735], [0.00390173890628, -0.0158740449697, 0.0150449359789, -0.00545141566545, 0.0283970758319, -0.00636127358302, 0.0180583801121, -0.0249120723456, 0.0194872301072, -0.027850035578, 0.0223642624915, -0.0215498358011, 0.0215152390301], [-0.00759288668633, 0.0120403189212, -0.00935896951705, 0.0114345634356, -0.00636127358302, 0.0271088872105, -0.0200428795069, 0.02339364402, -0.0140142785385, -0.0028581910301, 0.00650068651885, -0.0118112582713, 0.00689313048497], [0.00944894552231, -0.0175832845271, 0.0158940013498, -0.0101426905021, 0.0180583801121, -0.0200428795069, 0.0516030862927, -0.0456725023687, 0.0293922610581, -0.0283810738474, -0.00944516155869, 0.000839263317175, 0.0113024218008], [-0.00738363526762, 0.0251944735646, -0.0214714128524, 0.00383610324934, -0.0249120723456, 0.02339364402, -0.0456725023687, 0.0813309103251, -0.0517976917326, 0.0411835350096, 0.0038111617323, -0.00399558153003, -0.0150057682768], [0.00618949113414, -0.0156511478126, 0.0169575233012, -0.00402171397582, 0.0194872301072, -0.0140142785385, 0.0293922610581, -0.0517976917326, 0.0522430613637, -0.0320793800056, 0.0100863585249, 0.0115530174226, 0.0105634918436], [-0.000853320932947, 0.0173352509737, -0.0139473024756, -0.00105211406481, -0.027850035578, -0.0028581910301, -0.0283810738474, 0.0411835350096, -0.0320793800056, 0.0778945088387, -0.0244123134762, 0.0285964198411, -0.0110863689333], [-0.000757353613153, -0.00989560876042, 0.00741275772452, -0.0050847036764, 0.0223642624915, 0.00650068651885, -0.00944516155869, 0.0038111617323, 0.0100863585249, -0.0244123134762, 0.073500469327, -0.0436218306422, 0.00449938559905], [-0.00328857032582, 0.0105457734317, -0.0104155531153, 0.00676069175825, -0.0215498358011, -0.0118112582713, 0.000839263317175, -0.00399558153003, 0.0115530174226, 0.0285964198411, -0.0436218306422, 0.112856797874, -0.033620018512], [0.00102590629831, -0.0113542312756, 0.0111785102636, 0.000878316757735, 0.0215152390301, 0.00689313048497, 0.0113024218008, -0.0150057682768, 0.0105634918436, -0.0110863689333, 0.00449938559905, -0.033620018512, 0.0725468695164]]
    },
    "melbands": {
        "dmean": [1.06080619844e-06, 2.57921442426e-06, 1.65047331393e-05, 9.68895546976e-05, 5.07378681505e-05, 0.000115297829325, 0.000293256191071, 0.000339211837854, 0.000307203445118, 0.000136251037475, 0.000279881554889, 0.000205208591069, 0.000160923460498, 5.96282188781e-05, 2.82542714558e-05, 1.26544846353e-05, 6.76573108649e-06, 5.94215180172e-06, 1.77028789494e-06, 3.76714956474e-06, 1.09318934847e-05, 2.9249704312e-05, 1.08819222078e-05, 2.23976758207e-06, 1.95713960238e-06, 1.44652346989e-06, 1.06312472781e-06, 3.47517357113e-07, 4.15979769741e-07, 2.38855704993e-07, 1.34383157047e-07, 9.94002888888e-08, 6.89849528612e-08, 3.65676200431e-08, 6.15893469558e-08, 7.71243691133e-08, 4.24481960692e-08, 2.33163905961e-08, 6.62740440305e-09, 3.37392225269e-09],
        "dmean2": [1.7865039581e-06, 4.181170425e-06, 3.17234625982e-05, 0.000159297924256, 7.02533216099e-05, 0.000161096162628, 0.000486092991196, 0.000546662486158, 0.000384562590625, 0.0001691897196, 0.000435246096458, 0.000293151300866, 0.000225975818466, 8.16285537439e-05, 3.15022916766e-05, 1.77074962266e-05, 1.07652849692e-05, 8.48559466249e-06, 2.90802995551e-06, 6.37138873572e-06, 2.05284122785e-05, 5.29915960215e-05, 2.03915296879e-05, 4.05003129345e-06, 3.25846485794e-06, 2.62836874754e-06, 1.9720534965e-06, 6.19703826032e-07, 7.91160289282e-07, 4.38755506593e-07, 2.46204479026e-07, 1.88898354736e-07, 1.33599996843e-07, 7.04409615082e-08, 1.21843811485e-07, 1.52959998445e-07, 8.41356708747e-08, 4.61506495242e-08, 1.26159696023e-08, 6.25709350999e-09],
        "dvar": [1.24698619486e-11, 2.92367831334e-11, 2.87210677463e-09, 3.65548551429e-08, 9.00425867201e-09, 1.63639004569e-08, 5.03796329099e-08, 1.47232157133e-07, 2.00489068902e-07, 4.54269368788e-08, 6.23740277206e-08, 7.62119185538e-08, 7.63497141065e-08, 1.31605348841e-08, 1.8575201377e-09, 1.03894137737e-09, 4.55493948115e-10, 2.75374861802e-10, 3.42817857435e-11, 1.92684174172e-10, 2.98043212332e-09, 2.27227836547e-08, 2.78132716858e-09, 9.98773425076e-11, 6.52306056392e-11, 5.05183984922e-11, 4.41900162296e-11, 2.30288856561e-12, 5.08987340123e-12, 1.97437769259e-12, 6.81817558142e-13, 3.38652120669e-13, 1.76718354034e-13, 5.59547051163e-14, 1.95044935064e-13, 3.16961599111e-13, 9.71102335373e-14, 2.82420689889e-14, 1.83097797076e-15, 3.98042381255e-16],
        "dvar2": [2.99997041098e-11, 6.57445833885e-11, 9.04960106851e-09, 1.3230524587e-07, 1.72755090233e-08, 3.17781889692e-08, 1.32759836902e-07, 2.81675482938e-07, 3.63708636542e-07, 6.47236575446e-08, 1.46413128732e-07, 1.40272064186e-07, 1.99721640115e-07, 2.6006178544e-08, 2.8042321798e-09, 1.80715165055e-09, 1.16152476526e-09, 4.39338482261e-10, 8.75561498304e-11, 4.99735197668e-10, 8.61288640408e-09, 6.5901595292e-08, 8.04143152067e-09, 2.85212770068e-10, 1.71039446495e-10, 1.38753661338e-10, 1.28298219271e-10, 6.26098001569e-12, 1.46590430766e-11, 5.71093042648e-12, 1.9574073265e-12, 9.87221263939e-13, 5.17414182246e-13, 1.65158929285e-13, 5.82650735385e-13, 9.49097571368e-13, 2.90530945656e-13, 8.45012400981e-14, 5.3905041238e-15, 1.14864359208e-15],
        "max": [2.66877304966e-05, 3.66968743037e-05, 0.000391311012208, 0.00129284220748, 0.00130222679581, 0.00203736801632, 0.00269243330695, 0.0035639971029, 0.00521185761318, 0.00302701978944, 0.00292785675265, 0.00252522109076, 0.00323325837962, 0.00153179315384, 0.0005454585189, 0.00029657050618, 0.000177858790266, 0.000188904072274, 4.6068107622e-05, 0.000111753157398, 0.000427322462201, 0.00115136418026, 0.000364934763638, 6.97906361893e-05, 5.54139478481e-05, 5.68877330807e-05, 5.45258480997e-05, 1.14998110803e-05, 1.77506044565e-05, 1.14661024782e-05, 6.84858150635e-06, 4.68706548418e-06, 3.38954237122e-06, 1.8932975081e-06, 3.48659045812e-06, 4.42963300884e-06, 2.45441674451e-06, 1.32275215492e-06, 3.4109402236e-07, 1.58558563612e-07],
        "mean": [1.0300369695e-06, 6.17713976681e-06, 1.70863277162e-05, 0.0002457947121, 0.000251212710282, 0.000751497689635, 0.00101464451291, 0.00140672351699, 0.00154894520529, 0.000567075156141, 0.00109679379966, 0.000896116485819, 0.000502050097566, 0.000170948929735, 8.86584894033e-05, 2.92269396596e-05, 1.12468778752e-05, 1.49498155224e-05, 2.84578550236e-06, 5.18529759574e-06, 1.19626056403e-05, 2.4866689273e-05, 7.52619780542e-06, 1.67155394593e-06, 1.7667028942e-06, 1.28567262436e-06, 8.09493087672e-07, 2.91372288075e-07, 2.79367839084e-07, 1.74330949676e-07, 1.04331704165e-07, 7.64441452361e-08, 4.53771988873e-08, 2.50408351832e-08, 3.52374414092e-08, 4.19579713196e-08, 2.36230164319e-08, 1.3314310543e-08, 4.55592941151e-09, 2.50524867518e-09],
        "median": [3.74421261995e-07, 1.88110698218e-06, 6.47525348541e-06, 0.000194613690837, 0.000257591425907, 0.000848522700835, 0.000842002744321, 0.00143309298437, 0.00151809724048, 0.000354904448614, 0.00102988095023, 0.000663656450342, 0.000337301346008, 9.97171737254e-05, 3.77810756618e-05, 1.27514731503e-05, 3.56059376827e-06, 2.96697248814e-06, 1.08657570763e-06, 1.34888352932e-06, 2.04569982998e-06, 2.07739321922e-06, 5.77973480631e-07, 1.69589938537e-07, 1.47359173752e-07, 1.15442738036e-07, 5.6092289924e-08, 2.89707635659e-08, 1.57590118732e-08, 1.01958193e-08, 4.2744328077e-09, 2.14703721468e-09, 5.53643797474e-10, 1.99036176429e-10, 1.44398076829e-10, 8.70351499205e-11, 7.27517976418e-11, 8.2291902459e-11, 5.90469756423e-11, 4.20226596576e-11],
        "min": [3.98609891761e-08, 7.48994040123e-08, 7.01599560671e-07, 2.80126823782e-06, 3.34095147991e-06, 3.42716089108e-06, 2.18550485442e-06, 3.19411083183e-05, 6.47403066978e-05, 2.03637664526e-05, 5.93910954194e-06, 1.87287732842e-05, 1.43275792652e-05, 2.71017347586e-06, 4.03578752639e-07, 5.86733222008e-08, 7.19546164873e-08, 1.23740619529e-07, 1.61404436483e-08, 3.88597554135e-09, 1.49373136082e-08, 3.35232854809e-08, 6.15733375398e-09, 1.81597259452e-09, 3.07301051272e-09, 2.27631402616e-09, 8.52165560339e-10, 7.10292435979e-10, 3.55774437688e-10, 2.84479884094e-10, 1.84864193398e-10, 1.25049998134e-10, 3.80051302928e-11, 9.2695330578e-12, 9.13760560273e-12, 7.59234428799e-12, 5.86566689317e-12, 4.190991304e-12, 4.11053786495e-12, 4.39776166872e-12],
        "var": [9.59782860827e-12, 7.29125787524e-11, 2.22211049561e-09, 6.48893347943e-08, 4.80537281078e-08, 2.86694643137e-07, 4.71398863056e-07, 3.79111639859e-07, 8.78128389559e-07, 3.9505258087e-07, 4.40603628249e-07, 4.4439397584e-07, 2.45160890699e-07, 5.29341086519e-08, 1.20142953364e-08, 2.23084306583e-09, 5.41817479771e-10, 8.17195422442e-10, 3.61390466164e-11, 1.81626103046e-10, 1.87574911159e-09, 1.35397719703e-08, 1.64769131672e-09, 6.09465602985e-11, 4.95562826885e-11, 3.34024995163e-11, 2.48404474074e-11, 1.63273290287e-12, 2.90573272908e-12, 1.12156399619e-12, 3.98228433736e-13, 1.92378529556e-13, 9.66957091654e-14, 2.98327477359e-14, 9.95702950429e-14, 1.60672676878e-13, 4.93248359366e-14, 1.43334881453e-14, 9.71997623787e-16, 2.2045392999e-16]
    },
    "mfcc": {
        "mean": [-767.873901367, 235.695205688, -44.220703125, -49.7920608521, -49.9340438843, -47.0303649902, -18.7297019958, -5.44313812256, -9.79516410828, -17.7156658173, -14.3761987686, -0.813318252563, -0.422423392534],
        "cov": [[3540.47998047, -1520.91674805, -1464.13916016, 1010.22192383, 207.297180176, 366.166290283, 171.452316284, 128.689376831, 101.911659241, 158.14541626, 38.1022148132, 82.8468017578, 33.2405204773], [-1520.91674805, 1023.56402588, 590.081787109, -451.151702881, -89.6795120239, -212.627716064, -60.641242981, -117.236953735, -132.836135864, -165.382781982, -74.1745758057, -59.2386054993, -12.0078296661], [-1464.13916016, 590.081787109, 1228.91955566, -332.585601807, -200.142913818, -93.6983184814, -36.3720664978, 5.71218395233, -153.912155151, -129.102478027, -45.8067512512, -94.569694519, -6.40465307236], [1010.22192383, -451.151702881, -332.585601807, 603.740844727, 31.5695819855, -11.0265483856, 92.2708587646, 21.9937782288, 12.6231937408, 71.0716705322, 3.81850171089, -45.0022468567, 31.6915950775], [207.297180176, -89.6795120239, -200.142913818, 31.5695819855, 160.891281128, 41.5214004517, -18.6760978699, 7.6048078537, 56.3816184998, 37.4518356323, 26.2879066467, 38.2872924805, -8.4316034317], [366.166290283, -212.627716064, -93.6983184814, -11.0265483856, 41.5214004517, 176.578475952, 41.9280128479, 23.1228904724, 19.4524269104, 25.8386478424, 32.2182502747, 44.2520103455, 1.21217083931], [171.452316284, -60.641242981, -36.3720664978, 92.2708587646, -18.6760978699, 41.9280128479, 106.424789429, 6.14487266541, -40.3792381287, -10.3676042557, 4.50965261459, 2.24394369125, 10.7573680878], [128.689376831, -117.236953735, 5.71218395233, 21.9937782288, 7.6048078537, 23.1228904724, 6.14487266541, 67.0039825439, 30.2391681671, 14.4277582169, 19.8105373383, 14.0447263718, -8.2646150589], [101.911659241, -132.836135864, -153.912155151, 12.6231937408, 56.3816184998, 19.4524269104, -40.3792381287, 30.2391681671, 120.106636047, 86.1877670288, 44.6039466858, 32.9541664124, -2.97698092461], [158.14541626, -165.382781982, -129.102478027, 71.0716705322, 37.4518356323, 25.8386478424, -10.3676042557, 14.4277582169, 86.1877670288, 98.7038192749, 44.220993042, 20.987455368, 11.5845050812], [38.1022148132, -74.1745758057, -45.8067512512, 3.81850171089, 26.2879066467, 32.2182502747, 4.50965261459, 19.8105373383, 44.6039466858, 44.220993042, 50.6376190186, 23.7720565796, -0.493330776691], [82.8468017578, -59.2386054993, -94.569694519, -45.0022468567, 38.2872924805, 44.2520103455, 2.24394369125, 14.0447263718, 32.9541664124, 20.987455368, 23.7720565796, 48.9901123047, -2.48576021194], [33.2405204773, -12.0078296661, -6.40465307236, 31.6915950775, -8.4316034317, 1.21217083931, 10.7573680878, -8.2646150589, -2.97698092461, 11.5845050812, -0.493330776691, -2.48576021194, 26.3359489441]],
