{
"lowlevel": {
    "average_loudness": 0.99068403244,
    "barkbands_crest": {
        "dmean": 0.98666459322,
        "dmean2": 1.5480941534,
        "dvar": 2.90299582481,
        "dvar2": 4.60132408142,
        "max": 22.866109848,
        "mean": 20.7882785797,
        "median": 21.1318092346,
        "min": 11.9637527466,
        "var": 4.25049161911
    },
    "barkbands_flatness_db": {
        "dmean": 0.0245588421822,
        "dmean2": 0.0361381731927,
        "dvar": 0.00124732078984,
        "dvar2": 0.00162173702847,
        "max": 0.382037013769,
        "mean": 0.3143633008,
        "median": 0.31936660409,
        "min": 0.104912981391,
        "var": 0.00156854093075
    },
    "barkbands_kurtosis": {
        "dmean": 2.19460296631,
        "dmean2": 2.75262379646,
        "dvar": 25.0336799622,
        "dvar2": 39.4247779846,
        "max": 44.7692756653,
        "mean": 5.63906764984,
        "median": 3.40919113159,
        "min": 1.32089710236,
        "var": 52.0684242249
    },
    "barkbands_skewness": {
        "dmean": 0.249992147088,
        "dmean2": 0.354592114687,
        "dvar": 0.110415674746,
        "dvar2": 0.212140664458,
        "max": 4.74703836441,
        "mean": 2.28048110008,
        "median": 2.09033513069,
        "min": 1.44136047363,
        "var": 0.325308531523
    },
    "barkbands_spread": {
        "dmean": 1.0089558363,
        "dmean2": 1.5732601881,
        "dvar": 2.61128234863,
        "dvar2": 3.99277043343,
        "max": 11.174036026,
        "mean": 7.54553079605,
        "median": 7.92894792557,
        "min": 1.10312974453,
        "var": 6.17161989212
    },
    "dissonance": {
        "dmean": 0.0120305037126,
        "dmean2": 0.0182880163193,
        "dvar": 0.000308038346702,
        "dvar2": 0.000834376260173,
        "max": 0.481482505798,
        "mean": 0.440025091171,
        "median": 0.454385071993,
        "min": 0.314762532711,
        "var": 0.0012282760581
    },
    "dynamic_complexity": 0.100637756288,
    "erbbands_crest": {
        "dmean": 1.18184196949,
        "dmean2": 1.75880002975,
        "dvar": 3.59227108955,
        "dvar2": 7.53803730011,
        "max": 18.4900817871,
        "mean": 12.2838315964,
        "median": 11.6186933517,
        "min": 6.08548307419,
        "var": 3.87257885933
    },
    "erbbands_flatness_db": {
        "dmean": 0.0185351148248,
        "dmean2": 0.0276383794844,
        "dvar": 0.000856317928992,
        "dvar2": 0.00100049725734,
        "max": 0.38268867135,
        "mean": 0.344225525856,
        "median": 0.351264774799,
        "min": 0.107626125216,
        "var": 0.00138323160354
    },
    "erbbands_kurtosis": {
        "dmean": 0.817551910877,
        "dmean2": 1.06218743324,
        "dvar": 4.20003032684,
        "dvar2": 7.07400560379,
        "max": 13.7955474854,
        "mean": 0.101744897664,
        "median": -0.649211645126,
        "min": -1.21410858631,
        "var": 6.93350362778
    },
    "erbbands_skewness": {
        "dmean": 0.203104957938,
        "dmean2": 0.297188937664,
        "dvar": 0.109697706997,
        "dvar2": 0.234505042434,
        "max": 2.81065177917,
        "mean": 0.929183244705,
        "median": 0.815369188786,
        "min": 0.448442131281,
        "var": 0.202566057444
    },
    "erbbands_spread": {
        "dmean": 2.33250117302,
        "dmean2": 3.31123828888,
        "dvar": 22.0964889526,
        "dvar2": 28.712430954,
        "max": 40.5089035034,
        "mean": 22.197467804,
        "median": 23.1142272949,
        "min": 6.72031354904,
        "var": 35.5872077942
    },
    "hfc": {
        "dmean": 1.90061557293,
        "dmean2": 2.46954703331,
        "dvar": 10.1166820526,
        "dvar2": 11.5622644424,
        "max": 36.413772583,
        "mean": 27.8426952362,
        "median": 31.4256362915,
        "min": 0.0249278433621,
        "var": 110.945800781
    },
    "melbands_crest": {
        "dmean": 0.994512319565,
        "dmean2": 1.50781881809,
        "dvar": 3.72157120705,
        "dvar2": 7.00252199173,
        "max": 29.9349765778,
        "mean": 23.7971115112,
        "median": 24.6151542664,
        "min": 14.3673725128,
        "var": 9.14202690125
    },
    "melbands_flatness_db": {
        "dmean": 0.0230763759464,
        "dmean2": 0.0357670970261,
        "dvar": 0.00113985314965,
        "dvar2": 0.00155625189655,
        "max": 0.468211650848,
        "mean": 0.341022521257,
        "median": 0.332934588194,
        "min": 0.198765739799,
        "var": 0.0019139254
    },
    "melbands_kurtosis": {
        "dmean": 1.78665781021,
        "dmean2": 2.55453538895,
        "dvar": 4.55888795853,
        "dvar2": 10.6331214905,
        "max": 25.8974895477,
        "mean": 11.0970144272,
        "median": 9.85197639465,
        "min": 3.72943210602,
        "var": 15.4290046692
    },
    "melbands_skewness": {
        "dmean": 0.213617637753,
        "dmean2": 0.330960422754,
        "dvar": 0.0560698732734,
        "dvar2": 0.1135950014,
        "max": 3.81947374344,
        "mean": 3.10136938095,
        "median": 3.08023834229,
        "min": 1.90151286125,
        "var": 0.0888081863523
    },
    "melbands_spread": {
        "dmean": 1.13319480419,
        "dmean2": 1.80427229404,
        "dvar": 2.23293280602,
        "dvar2": 4.2029633522,
        "max": 12.749751091,
        "mean": 8.68015003204,
        "median": 9.21745586395,
        "min": 1.62274134159,
        "var": 6.84650993347
    },
    "pitch_salience": {
        "dmean": 0.0443027727306,
        "dmean2": 0.0681774765253,
        "dvar": 0.00540995784104,
        "dvar2": 0.00752654438838,
        "max": 0.787308573723,
        "mean": 0.371882677078,
        "median": 0.353488862514,
        "min": 0.273894459009,
        "var": 0.00764803029597
    },
    "silence_rate_20dB": {
        "dmean": 0,
        "dmean2": 0,
        "dvar": 0,
        "dvar2": 0,
        "max": 1,
        "mean": 1,
        "median": 1,
        "min": 1,
        "var": 0
    },
    "silence_rate_30dB": {
        "dmean": 0,
        "dmean2": 0,
        "dvar": 0,
        "dvar2": 0,
        "max": 1,
        "mean": 1,
        "median": 1,
        "min": 1,
        "var": 0
    },
    "silence_rate_60dB": {
        "dmean": 0.0166666675359,
        "dmean2": 0.0338983051479,
        "dvar": 0.0163888875395,
        "dvar2": 0.032749209553,
        "max": 1,
        "mean": 0.098360657692,
        "median": 0,
        "min": 0,
        "var": 0.0886858403683
    },
    "spectral_centroid": {
        "dmean": 52.7901763916,
        "dmean2": 82.7843475342,
        "dvar": 5559.03759766,
        "dvar2": 12509.8730469,
        "max": 1083.03430176,
        "mean": 807.555969238,
        "median": 848.795837402,
        "min": 303.49041748,
        "var": 43649.734375
    },
    "spectral_complexity": {
        "dmean": 2.59999990463,
        "dmean2": 4.61016941071,
        "dvar": 10.5733318329,
        "dvar2": 27.7293930054,
        "max": 27,
        "mean": 15.8360652924,
        "median": 17,
        "min": 0,
        "var": 31.2518177032
    },
    "spectral_decrease": {
        "dmean": 4.86600759686e-10,
        "dmean2": 6.00418492702e-10,
        "dvar": 1.43499675237e-18,
        "dvar2": 1.42039473981e-18,
        "max": -1.20556776367e-11,
        "mean": -1.01283781362e-08,
        "median": -1.15217195784e-08,
        "min": -1.2505485536e-08,
        "var": 1.29944623112e-17
    },
    "spectral_energy": {
        "dmean": 0.00195540999994,
        "dmean2": 0.00238499860279,
        "dvar": 2.29382112593e-05,
        "dvar2": 2.26561878662e-05,
        "max": 0.0499027781188,
        "mean": 0.0407521761954,
        "median": 0.0465415008366,
        "min": 4.77619796584e-05,
        "var": 0.000211338076042
    },
    "spectral_energyband_high": {
        "dmean": 1.58690836543e-05,
        "dmean2": 2.65826565737e-05,
        "dvar": 3.78032605219e-10,
        "dvar2": 1.03405151108e-09,
        "max": 0.000148401784827,
        "mean": 6.40710495645e-05,
        "median": 6.21472136118e-05,
        "min": 1.81851405046e-07,
        "var": 1.20519205726e-09
    },
    "spectral_energyband_low": {
        "dmean": 7.28692384655e-06,
        "dmean2": 1.06902689367e-05,
        "dvar": 7.06274427831e-10,
        "dvar2": 7.95593091407e-10,
        "max": 0.000207812161534,
        "mean": 7.02780744177e-06,
        "median": 1.88488797903e-06,
        "min": 2.67637602747e-07,
        "var": 7.09936276433e-10
    },
    "spectral_energyband_middle_high": {
        "dmean": 0.000863235385623,
        "dmean2": 0.00128411629703,
        "dvar": 1.46013292124e-06,
        "dvar2": 2.73559749076e-06,
        "max": 0.0122019452974,
        "mean": 0.00793475098908,
        "median": 0.00912630278617,
        "min": 3.59708656106e-06,
        "var": 9.88246938505e-06
    },
    "spectral_energyband_middle_low": {
        "dmean": 0.00193735281937,
        "dmean2": 0.00262153241783,
        "dvar": 1.562725447e-05,
        "dvar2": 1.60489435075e-05,
        "max": 0.0422528684139,
        "mean": 0.0328988283873,
        "median": 0.0369739718735,
        "min": 4.1359806346e-05,
        "var": 0.000135916736326
    },
    "spectral_entropy": {
        "dmean": 0.210553869605,
        "dmean2": 0.314944148064,
        "dvar": 0.0765730068088,
        "dvar2": 0.124483145773,
        "max": 7.69993543625,
        "mean": 6.63476085663,
        "median": 6.6969203949,
        "min": 5.64149522781,
        "var": 0.107357360423
    },
    "spectral_flux": {
        "dmean": 0.0170856546611,
        "dmean2": 0.0271702762693,
        "dvar": 0.000429155188613,
        "dvar2": 0.000487358629471,
        "max": 0.150500610471,
        "mean": 0.0341886840761,
        "median": 0.023623296991,
        "min": 0.00868212617934,
        "var": 0.000905666209292
    },
    "spectral_kurtosis": {
        "dmean": 6.18232917786,
        "dmean2": 9.93960189819,
        "dvar": 40.8109054565,
        "dvar2": 118.884086609,
        "max": 43.0850067139,
        "mean": 11.1462697983,
        "median": 8.49409866333,
        "min": 2.73677825928,
        "var": 70.5647735596
    },
    "spectral_rms": {
        "dmean": 0.00020334830333,
        "dmean2": 0.000251581717748,
        "dvar": 2.8777259331e-07,
        "dvar2": 2.88085772127e-07,
        "max": 0.00697750924155,
        "mean": 0.00606415746734,
        "median": 0.00673842290416,
        "min": 0.000215863503399,
        "var": 2.98423219647e-06
    },
    "spectral_rolloff": {
        "dmean": 132.0703125,
        "dmean2": 237.595169067,
        "dvar": 39883.6015625,
        "dvar2": 85504.984375,
        "max": 1356.59179688,
        "mean": 1061.48120117,
        "median": 1012.06054688,
        "min": 344.53125,
        "var": 99612.5625
    },
    "spectral_skewness": {
        "dmean": 0.52622616291,
        "dmean2": 0.862278223038,
        "dvar": 0.267148137093,
        "dvar2": 0.777352929115,
        "max": 4.73839044571,
        "mean": 1.88997983932,
        "median": 1.62245857716,
        "min": 1.0195800066,
        "var": 0.636667847633
    },
    "spectral_spread": {
        "dmean": 539788.3125,
        "dmean2": 538471.25,
        "dvar": 5.67880083046e+12,
        "dvar2": 2.83244337562e+12,
        "max": 25655340,
        "mean": 2608445.75,
        "median": 2140179.25,
        "min": 1258157.875,
        "var": 9.43510467379e+12
    },
    "spectral_strongpeak": {
        "dmean": 0.241000756621,
        "dmean2": 0.39659512043,
        "dvar": 0.283405780792,
        "dvar2": 0.508978128433,
        "max": 3.95388484001,
        "mean": 3.22155284882,
        "median": 3.72146749496,
        "min": 0.00941075198352,
        "var": 1.35148835182
    },
    "zerocrossingrate": {
        "dmean": 0.000935872376431,
        "dmean2": 0.00136553228367,
        "dvar": 3.47528248312e-06,
        "dvar2": 4.27358963861e-06,
        "max": 0.02294921875,
        "mean": 0.02001953125,
        "median": 0.0205078125,
        "min": 0.00439453125,
        "var": 8.40327811602e-06
    },
    "barkbands": {
        "dmean": [1.11493613986e-06, 2.63430843006e-06, 2.35703328144e-06, 5.19209743288e-06, 0.000148198523675, 0.000189687110833, 0.00213213497773, 0.000178271380719, 9.5435170806e-05, 0.000284225301584, 0.000137948212796, 7.06427745172e-05, 0.000551149132662, 2.0205266992e-05, 3.00316369248e-05, 0.000212415499846, 9.93867433863e-05, 0.000115867107525, 7.3993956903e-05, 1.78665886779e-05, 7.19082345313e-06, 3.9857700358e-06, 1.09721929675e-06, 3.19767679002e-07, 1.17757458895e-07, 5.35616884179e-08, 1.45426071185e-08],
        "dmean2": [1.29173281493e-06, 3.93122854803e-06, 3.30799548465e-06, 8.26597170089e-06, 0.00025058715255, 0.000352207629476, 0.00320373382419, 0.000316888850648, 0.000176438130438, 0.00050165259745, 0.000239002562012, 0.000124426020193, 0.000747334910557, 3.43965039065e-05, 4.30654836236e-05, 0.000290619558655, 0.000173829568666, 0.00019592679746, 0.000101191588328, 3.09526512865e-05, 1.13304258775e-05, 6.08242680755e-06, 1.91036883734e-06, 5.70782958675e-07, 2.09769751791e-07, 8.74608687695e-08, 2.28137615466e-08],
        "dvar": [4.47586794017e-11, 6.67850358349e-11, 9.25435630905e-11, 1.78393882999e-10, 2.36293303146e-07, 5.03281967212e-07, 2.09662575799e-05, 1.2033737562e-07, 5.03881167901e-08, 3.83100882573e-07, 5.30418127198e-08, 7.49929807142e-09, 4.47209714594e-07, 6.93223811687e-10, 9.21451748237e-10, 5.56190613565e-08, 1.35445379357e-08, 2.91231057048e-08, 8.0517770229e-09, 6.75116906823e-10, 5.24064229512e-11, 1.87875982133e-11, 2.36926320576e-12, 2.09353489948e-13, 4.85803143047e-14, 3.99059456066e-15, 1.99271213578e-15],
        "dvar2": [4.52931928074e-11, 7.42226766159e-11, 1.06953404466e-10, 2.4993129788e-10, 5.94439711676e-07, 1.4572242435e-06, 2.67603718385e-05, 3.49636735564e-07, 1.4570531448e-07, 1.07597895749e-06, 1.38284192985e-07, 1.79655188504e-08, 7.4490588986e-07, 1.78208225954e-09, 1.7397971952e-09, 1.14415314556e-07, 3.79168767495e-08, 7.55236087002e-08, 1.62620139577e-08, 1.89758830871e-09, 1.45610939972e-10, 3.84700916956e-11, 6.2290641395e-12, 5.97380163999e-13, 1.41742628919e-13, 8.01494677241e-15, 2.59793327022e-15],
        "max": [5.25193609064e-05, 6.51057926007e-05, 7.43178970879e-05, 9.76553274086e-05, 0.00284221209586, 0.00414587464184, 0.041937738657, 0.00194033619482, 0.00127390865237, 0.00477020069957, 0.00184489414096, 0.000511470017955, 0.00636369083077, 0.000152141161379, 0.000390369794331, 0.00235422560945, 0.000866427144501, 0.00099917454645, 0.00077697908273, 0.000169736900716, 6.51059890515e-05, 3.29943832185e-05, 8.83425400389e-06, 2.62960543296e-06, 1.40982922403e-06, 4.05895605127e-07, 3.27011747459e-07],
        "mean": [1.06658558252e-06, 2.58018008026e-06, 2.36944697463e-06, 5.04108265886e-06, 0.000232237478485, 0.00014498042583, 0.0319377295673, 0.000314678327413, 9.57033189479e-05, 0.00122791051399, 0.000687630032189, 0.000131631240947, 0.00349509669468, 3.32483396051e-05, 0.000191026367247, 0.00113624124788, 0.000325431872625, 0.000410610606195, 0.000283087225398, 4.85084674438e-05, 3.09327369905e-05, 1.11882272904e-05, 2.2044864636e-06, 6.94027221471e-07, 2.8964788612e-07, 1.31882757159e-07, 2.009082678e-08],
        "median": [5.33245021472e-08, 7.1072679475e-07, 6.13451732079e-07, 1.86005706837e-06, 8.35893752082e-06, 2.0468249204e-05, 0.0364597216249, 0.000192044710275, 5.56009763386e-05, 0.00123084161896, 0.000687780964654, 0.000108237152745, 0.00379977887496, 2.26848860621e-05, 0.00020026009588, 0.00106820499059, 0.000341027538525, 0.000418060459197, 0.00021513288084, 4.53748907603e-05, 3.31523042405e-05, 9.52367736318e-06, 1.56870771661e-06, 5.76309673761e-07, 3.26955643004e-07, 1.25708965015e-07, 9.59800150468e-09],
        "min": [2.35956765238e-09, 3.68512083071e-08, 5.69878686463e-08, 3.81022751128e-08, 1.52402412823e-06, 2.39228870669e-06, 5.54086136617e-06, 9.0336465064e-07, 1.31816977955e-06, 8.71371014455e-07, 6.39184179363e-07, 2.12699006852e-07, 4.09064853102e-07, 1.40056357623e-07, 1.94101374973e-07, 1.62929936209e-07, 1.80162246011e-07, 1.6114925927e-07, 1.71897525547e-07, 1.51236051238e-07, 5.56929862228e-08, 1.42092382305e-08, 1.03562325382e-09, 6.79712230944e-10, 8.15113643249e-10, 5.86643233991e-10, 2.22700369257e-09],
        "var": [4.43241311709e-11, 7.03295685578e-11, 9.17715139992e-11, 1.72838438006e-10, 3.73009527266e-07, 2.97870656141e-07, 0.000151092011947, 9.43828482036e-08, 3.02351956805e-08, 4.37916639839e-07, 1.10830470135e-07, 1.29729649245e-08, 2.26051952268e-06, 8.161996079e-10, 1.05512176773e-08, 3.89134754641e-07, 4.84713034155e-08, 7.48197663825e-08, 5.57731354434e-08, 9.4404151163e-10, 2.56028531709e-10, 8.47114531299e-11, 4.80689663421e-12, 3.38437801005e-13, 5.04056364248e-14, 1.0393047676e-14, 1.94921466459e-15]
    },
    "erbbands": {
        "dmean": [7.06275895936e-05, 0.000624909589533, 0.00251564849168, 0.0108833368868, 0.0893450006843, 0.674374163151, 0.957246780396, 1.80626320839, 28.7226200104, 18.3173885345, 2.92854261398, 2.11301064491, 6.57786512375, 9.39142799377, 4.58805179596, 3.72053956985, 30.7879714966, 2.7034175396, 0.916819393635, 2.25096940994, 12.9228115082, 5.2409901619, 6.89408540726, 5.7407989502, 1.62930297852, 0.702711343765, 0.385682314634, 0.257665365934, 0.145535573363, 0.0616720803082, 0.0235575344414, 0.00929737277329, 0.00421788636595, 0.00179808342364, 0.000600515282713, 0.000277394166915, 9.0875531896e-05, 2.13221192098e-05, 2.44260900217e-06, 2.22279618356e-06],
        "dmean2": [9.58645396167e-05, 0.000954170303885, 0.00364359631203, 0.0169505979866, 0.146832823753, 1.11579322815, 1.79205131531, 2.82822275162, 41.8314590454, 26.1084785461, 5.24409294128, 3.90004396439, 12.2316265106, 15.8982257843, 7.71755838394, 6.4156665802, 40.4891624451, 3.2101688385, 1.44179093838, 3.55539989471, 17.6695213318, 8.33319950104, 10.8886966705, 8.01122379303, 2.77698278427, 1.25303852558, 0.607247889042, 0.399584710598, 0.233131721616, 0.106691010296, 0.0378750376403, 0.015959776938, 0.0076936208643, 0.00321206822991, 0.00102073966991, 0.000458218972199, 0.000144153949805, 3.61616876035e-05, 3.51211429006e-06, 2.79364780909e-06],
        "dvar": [1.0327891431e-07, 2.82791506834e-06, 8.08424956631e-05, 0.00101699039806, 0.0525962375104, 5.13536930084, 13.6057319641, 30.7433452606, 3924.25048828, 785.24029541, 34.2362136841, 22.1187877655, 277.801483154, 311.463928223, 34.4871292114, 32.5807151794, 1210.22106934, 8.05441665649, 0.638038098812, 5.46242761612, 214.051574707, 29.8985900879, 94.9020462036, 56.6117324829, 4.56423664093, 1.34120607376, 0.125504970551, 0.0869525447488, 0.0307076852769, 0.00719072204083, 0.000950214511249, 0.000216718472075, 3.45164553437e-05, 1.58081602422e-05, 5.17912781106e-07, 1.02038384853e-07, 1.17229825847e-08, 1.32341859693e-09, 3.14550573088e-11, 2.71309606725e-11],
        "dvar2": [1.09664604508e-07, 3.37357278113e-06, 9.69834873104e-05, 0.00151325110346, 0.137773692608, 11.1643285751, 40.9614524841, 80.5075531006, 6080.98925781, 717.51159668, 98.8165664673, 63.8471488953, 803.658752441, 819.281860352, 86.2527694702, 69.3633346558, 1946.47045898, 12.1328840256, 1.3351944685, 11.7199993134, 428.427886963, 78.9952774048, 232.804931641, 115.159187317, 12.3328561783, 3.63953495026, 0.340219199657, 0.250905513763, 0.0702314376831, 0.0178932249546, 0.00233382149599, 0.000607998517808, 9.77039235295e-05, 4.67909521831e-05, 1.31761476041e-06, 2.1344200718e-07, 2.53939749228e-08, 2.71417377462e-09, 4.79843283163e-11, 2.6204332107e-11],
        "max": [0.00251013506204, 0.0133309271187, 0.0696101412177, 0.227273076773, 1.3532936573, 12.6525592804, 21.93791008, 42.9103927612, 603.270812988, 363.24029541, 42.2166023254, 27.3771724701, 122.282958984, 134.117279053, 48.6272888184, 39.2506370544, 346.635620117, 39.1137542725, 9.13360881805, 22.8214607239, 138.661987305, 49.742389679, 59.0354957581, 66.0001068115, 13.9113922119, 7.57341384888, 3.13527464867, 2.29197430611, 1.24481415749, 0.564701020718, 0.216483995318, 0.0866183936596, 0.0328902341425, 0.0253201499581, 0.00451352866367, 0.00232908665203, 0.00062889471883, 0.000215382460738, 5.77415921725e-05, 5.71804303036e-05],
        "mean": [6.59553261357e-05, 0.000641010992695, 0.00273414072581, 0.0107855545357, 0.108025692403, 1.24066138268, 1.02546060085, 8.70405292511, 340.820556641, 273.214355469, 14.1498842239, 3.1894338131, 24.2237110138, 40.9580574036, 21.8860206604, 13.7944507599, 185.853744507, 22.6959724426, 4.64576625824, 13.7388114929, 69.0655212402, 27.4807376862, 28.1602535248, 22.3695583344, 5.51874637604, 2.13203024864, 1.5692666769, 0.906347990036, 0.430649966002, 0.145873084664, 0.0522298999131, 0.0206124763936, 0.00921799708158, 0.00407985411584, 0.00171358638909, 0.000715178088285, 0.000231559868553, 4.65074299427e-05, 2.3367751055e-05, 4.73415166198e-05],
        "median": [9.19656667975e-06, 0.000209708130569, 0.000821393507067, 0.00279478635639, 0.0192547831684, 0.0399868786335, 0.228588625789, 8.10094356537, 376.582489014, 317.334350586, 13.5443754196, 2.37999391556, 23.5123310089, 38.7896461487, 22.4346084595, 13.1904201508, 200.501571655, 25.0543060303, 4.80791854858, 15.391866684, 66.0597686768, 33.0562362671, 31.3854198456, 18.8535003662, 5.21030855179, 1.93874955177, 1.66634619236, 0.912444233894, 0.401249051094, 0.114616118371, 0.0423630103469, 0.0164635777473, 0.00808503944427, 0.00429533375427, 0.00184899067972, 0.000610660528764, 0.000241873261984, 4.14708629251e-05, 2.48613996519e-05, 5.4193631513e-05],
        "min": [3.67953066416e-06, 2.1462497898e-05, 0.000158248949447, 0.000335798889864, 0.00298388116062, 0.0138279944658, 0.0773833170533, 0.038332246244, 0.0716363862157, 0.0632225424051, 0.0192803516984, 0.0301446933299, 0.0259991027415, 0.026945438236, 0.0251444689929, 0.0223292093724, 0.018826128915, 0.0153370918706, 0.00763699971139, 0.0108015565202, 0.00950341671705, 0.0102233616635, 0.00930271018296, 0.00887273717672, 0.0071550803259, 0.00741202849895, 0.00443422747776, 0.00143915798981, 0.000612293137237, 9.60018951446e-05, 3.0894549127e-05, 1.71229457919e-05, 1.46616266647e-05, 9.77914623945e-06, 6.94469599694e-06, 4.72321562484e-06, 1.27868850086e-06, 7.63055595598e-07, 1.5100448536e-06, 1.24429629977e-06],
        "var": [1.02141250125e-07, 3.03581600747e-06, 8.1670259533e-05, 0.000957060256042, 0.0510368235409, 10.7544898987, 8.5322675705, 27.3920974731, 17896.1074219, 11649.0712891, 44.0760345459, 13.9479789734, 262.239837646, 479.215759277, 97.4350814819, 54.745136261, 6730.18603516, 97.5211029053, 4.20957565308, 43.4231796265, 1416.67773438, 224.410339355, 340.222229004, 363.648529053, 12.8040723801, 1.68319761753, 0.567789554596, 0.31297186017, 0.11363286525, 0.0194693021476, 0.00255506718531, 0.000362233695341, 5.33682432433e-05, 1.29769987325e-05, 1.29976115204e-06, 3.00206892234e-07, 2.79853047402e-08, 1.53697510274e-09, 7.24829987697e-11, 2.78607553694e-10]
    },
    "gfcc": {
        "mean": [-98.2932281494, 100.356414795, -221.070617676, -36.2220916748, -76.8884887695, -48.6099624634, -36.0544624329, -4.9096198082, -5.01099443436, 8.50078678131, 12.3921318054, 7.53605413437, -9.98504638672],
        "cov": [[4521.59326172, -1725.42993164, -2240.04174805, -183.376922607, -351.970733643, 376.707672119, 195.35307312, 658.062744141, 743.212158203, 451.940093994, 418.554260254, 385.867462158, -167.4349823], [-1725.42993164, 1420.77807617, 929.87701416, 17.9925918579, 313.750091553, -235.696365356, 20.4414634705, -375.766204834, -380.049499512, -223.197418213, -166.286819458, -270.895812988, 145.328872681], [-2240.04174805, 929.87701416, 1499.26538086, 231.301269531, 213.913314819, -96.6580734253, -101.890380859, -302.910766602, -438.175018311, -267.3074646, -273.334991455, -210.234542847, 76.613899231], [-183.376922607, 17.9925918579, 231.301269531, 86.3695373535, 11.5087003708, 31.1747322083, -16.4705295563, -3.16577625275, -42.7441482544, -35.8073005676, -40.3276519775, -10.5647325516, -8.76554584503], [-351.970733643, 313.750091553, 213.913314819, 11.5087003708, 97.7043228149, -22.4628658295, 16.3564357758, -76.0722503662, -79.6793670654, -40.492061615, -41.3563346863, -60.4116439819, 32.151134491], [376.707672119, -235.696365356, -96.6580734253, 31.1747322083, -22.4628658295, 111.783294678, 25.1467342377, 87.675201416, 69.6234436035, 46.2717933655, 18.1369152069, 37.4868125916, -17.8634700775], [195.35307312, 20.4414634705, -101.890380859, -16.4705295563, 16.3564357758, 25.1467342377, 49.9512825012, 23.5806789398, 32.8641967773, 24.6906719208, 25.2115917206, -2.89492487907, 16.2648296356], [658.062744141, -375.766204834, -302.910766602, -3.16577625275, -76.0722503662, 87.675201416, 23.5806789398, 134.633605957, 130.780075073, 77.7705535889, 56.5800094604, 77.9134979248, -30.6955032349], [743.212158203, -380.049499512, -438.175018311, -42.7441482544, -79.6793670654, 69.6234436035, 32.8641967773, 130.780075073, 162.798171997, 98.0985794067, 83.1609725952, 80.4991378784, -29.4155921936], [451.940093994, -223.197418213, -267.3074646, -35.8073005676, -40.492061615, 46.2717933655, 24.6906719208, 77.7705535889, 98.0985794067, 70.0221786499, 52.5104942322, 50.9710769653, -13.0960693359], [418.554260254, -166.286819458, -273.334991455, -40.3276519775, -41.3563346863, 18.1369152069, 25.2115917206, 56.5800094604, 83.1609725952, 52.5104942322, 59.9659233093, 40.4556541443, -11.8720178604], [385.867462158, -270.895812988, -210.234542847, -10.5647325516, -60.4116439819, 37.4868125916, -2.89492487907, 77.9134979248, 80.4991378784, 50.9710769653, 40.4556541443, 68.1466140747, -28.0014820099], [-167.4349823, 145.328872681, 76.613899231, -8.76554584503, 32.151134491, -17.8634700775, 16.2648296356, -30.6955032349, -29.4155921936, -13.0960693359, -11.8720178604, -28.0014820099, 27.7195053101]],
        "icov": [[0.00702571356669, -0.0104423230514, 0.014427151531, -0.0120121864602, 0.00701246969402, -0.0114700393751, 0.0140861459076, -0.0392538532615, 0.0326405391097, -0.0204540621489, -0.0114573957399, 0.00940046738833, 0.0158157981932], [-0.0104423230514, 0.0335501953959, -0.0222485866398, 0.0119414441288, -0.0429654866457, 0.0370388366282, -0.020021982491, 0.054507534951, -0.042311552912, 0.0401866622269, -9.84278085525e-06, 0.00323791173287, -0.0505405552685], [0.014427151531, -0.0222485866398, 0.0489125587046, -0.0616429485381, 0.0162058249116, -0.0255280937999, 0.0534703806043, -0.0795036926866, 0.100954383612, -0.0698790624738, -0.00860226806253, 0.0281656906009, -0.00666844332591], [-0.0120121864602, 0.0119414441288, -0.0616429485381, 0.138513326645, -0.00424307864159, -0.00243848306127, -0.0789752751589, 0.0525897741318, -0.119332067668, 0.128442049026, 0.0128075992689, -0.0510428771377, 0.0749090611935], [0.00701246969402, -0.0429654866457, 0.0162058249116, -0.00424307864159, 0.119967095554, -0.0494802258909, -0.0455490574241, 0.013562599197, 0.0206608567387, -0.0666180998087, 0.0718170851469, -0.0267579797655, 0.0863771811128], [-0.0114700393751, 0.0370388366282, -0.0255280937999, -0.00243848306127, -0.0494802258909, 0.0854690894485, -0.0443252138793, 0.0331220366061, -0.0340140461922, -5.64279107493e-05, 0.0211662780493, 0.0193937364966, -0.0259942989796], [0.0140861459076, -0.020021982491, 0.0534703806043, -0.0789752751589, -0.0455490574241, -0.0443252138793, 0.229765713215, -0.15272217989, 0.123915411532, -0.0528903901577, -0.143543452024, 0.0869013816118, -0.12955775857], [-0.0392538532615, 0.054507534951, -0.0795036926866, 0.0525897741318, 0.013562599197, 0.0331220366061, -0.15272217989, 0.371877342463, -0.265338122845, 0.118069082499, 0.147373974323, -0.127591371536, -0.071043625474], [0.0326405391097, -0.042311552912, 0.100954383612, -0.119332067668, 0.0206608567387, -0.0340140461922, 0.123915411532, -0.265338122845, 0.338868498802, -0.219408720732, -0.0919758528471, 0.112032227218, 0.0195337105542], [-0.0204540621489, 0.0401866622269, -0.0698790624738, 0.128442049026, -0.0666180998087, -5.64279107493e-05, -0.0528903901577, 0.118069082499, -0.219408720732, 0.30668976903, -0.0241383928806, -0.0952403396368, -0.0559606663883], [-0.0114573957399, -9.84278085525e-06, -0.00860226806253, 0.0128075992689, 0.0718170851469, 0.0211662780493, -0.143543452024, 0.147373974323, -0.0919758528471, -0.0241383928806, 0.241865679622, -0.0775083228946, 0.0527193509042], [0.00940046738833, 0.00323791173287, 0.0281656906009, -0.0510428771377, -0.0267579797655, 0.0193937364966, 0.0869013816118, -0.127591371536, 0.112032227218, -0.0952403396368, -0.0775083228946, 0.148267418146, -0.0124579397961], [0.0158157981932, -0.0505405552685, -0.00666844332591, 0.0749090611935, 0.0863771811128, -0.0259942989796, -0.12955775857, -0.071043625474, 0.0195337105542, -0.0559606663883, 0.0527193509042, -0.0124579397961, 0.323398679495]]
    },
    "melbands": {
        "dmean": [7.22073536963e-07, 1.1398708466e-06, 2.8325346193e-06, 2.48588166869e-05, 3.5988046875e-05, 4.65106131742e-05, 0.000446209014626, 0.000164421056979, 2.27516393352e-05, 1.3109262909e-05, 3.47894056176e-05, 3.93341506424e-05, 1.72760719579e-05, 8.19120123197e-06, 3.50906484528e-05, 5.75264966756e-05, 2.06914364753e-06, 1.72401894361e-06, 2.94015262625e-06, 4.09831227444e-06, 2.12479790207e-05, 5.14261910212e-06, 7.21531841918e-06, 5.51242555957e-06, 5.46918727196e-06, 1.41641271512e-06, 1.00716772522e-06, 4.32969642361e-07, 2.53698459574e-07, 2.37157479432e-07, 1.79171749437e-07, 1.14625514414e-07, 4.49963764027e-08, 3.42708226242e-08, 1.41059510739e-08, 8.08364664096e-09, 5.36437561038e-09, 3.67191210771e-09, 1.78204417889e-09, 1.36575417642e-09],
        "dmean2": [1.01964155874e-06, 1.66066445217e-06, 4.40607664132e-06, 4.03144658776e-05, 6.55960466247e-05, 7.81485723564e-05, 0.00066476437496, 0.000221353926463, 4.09939311794e-05, 2.42649348365e-05, 6.42709856038e-05, 6.71133966534e-05, 2.88640367216e-05, 1.36117951115e-05, 5.46172523173e-05, 7.25646677893e-05, 3.43509213963e-06, 2.75319621323e-06, 4.25108237323e-06, 6.95255585015e-06, 2.87707753159e-05, 8.63703917275e-06, 1.11676481538e-05, 9.24233791011e-06, 7.39402821637e-06, 2.33291575569e-06, 1.84098723821e-06, 7.70270901285e-07, 4.06930354302e-07, 3.96610857933e-07, 2.8179323408e-07, 1.86823257309e-07, 8.07423035099e-08, 6.16091568872e-08, 2.31425794084e-08, 1.37162459168e-08, 9.22103282619e-09, 6.71650912665e-09, 3.18262305399e-09, 2.39083308706e-09],
        "dvar": [8.07763231303e-12, 1.47181312277e-11, 5.244319215e-11, 6.27168228462e-09, 1.69282916573e-08, 2.51402134666e-08, 1.02402304947e-06, 6.1196750778e-08, 2.43778419673e-09, 9.43849221002e-10, 7.36215621799e-09, 5.79538328438e-09, 5.73716463226e-10, 9.42528416426e-11, 2.72301048376e-09, 4.0411722857e-09, 7.63911763707e-12, 3.14846261042e-12, 7.96539830622e-12, 2.69220427201e-11, 5.78203263046e-10, 2.81183184375e-11, 7.86146703291e-11, 5.70790290033e-11, 4.73441459647e-11, 2.34936354225e-12, 2.08316415333e-12, 4.69911381942e-13, 5.53388613417e-14, 4.96991635129e-14, 3.16411359733e-14, 1.68075968453e-14, 2.96757018983e-15, 2.18114986149e-15, 3.03516310138e-16, 1.56729629664e-16, 6.1680284092e-17, 2.7089289904e-17, 8.37326148202e-18, 9.95421125494e-18],
        "dvar2": [8.56827456208e-12, 1.7203906702e-11, 8.17553039156e-11, 1.39672415855e-08, 4.95535559253e-08, 6.70031425898e-08, 1.45422472997e-06, 5.77452787809e-08, 6.96434288017e-09, 2.73357514402e-09, 2.1337509537e-08, 1.54820600784e-08, 1.45637790716e-09, 2.49330445179e-10, 4.97496976948e-09, 6.5893361878e-09, 1.80378784825e-11, 7.72733352999e-12, 1.56442168248e-11, 7.64161581235e-11, 1.19779874908e-09, 8.03136931959e-11, 2.12109441122e-10, 1.39356817752e-10, 9.39791508503e-11, 6.56869350579e-12, 5.86683783152e-12, 1.2236361013e-12, 1.47981941371e-13, 1.38490916868e-13, 8.9540950609e-14, 3.79594799875e-14, 6.13602271342e-15, 5.69415527099e-15, 7.05381351084e-16, 4.12362664368e-16, 1.76909726412e-16, 7.83026240851e-17, 2.39700033946e-17, 2.96025144135e-17],
        "max": [2.24511095439e-05, 3.00981118926e-05, 5.02695802425e-05, 0.000445188896265, 0.000784186762758, 0.00101211515721, 0.00927092321217, 0.00327723752707, 0.000261686305748, 0.000174666376552, 0.000627142144367, 0.000571650685742, 0.000209103891393, 6.34164389339e-05, 0.00040928364615, 0.000697452749591, 1.7471065803e-05, 1.03831707747e-05, 3.28289715981e-05, 4.00611206715e-05, 0.000218570043216, 4.81363422296e-05, 5.58238098165e-05, 4.22094854002e-05, 6.3261592004e-05, 9.06080640561e-06, 9.01905877981e-06, 4.25542248195e-06, 1.99288274416e-06, 1.58497289249e-06, 1.32039315304e-06, 8.66600828431e-07, 3.49016971768e-07, 2.68737807119e-07, 1.19465894954e-07, 6.6707677604e-08, 4.75027803759e-08, 2.94490138941e-08, 1.84292634486e-08, 2.01329868332e-08],
        "mean": [6.77805985561e-07, 1.20928280012e-06, 2.87502348328e-06, 4.31742810179e-05, 4.16775328631e-05, 4.21765580541e-05, 0.00615869089961, 0.00246683042496, 3.88343651139e-05, 1.36932339956e-05, 0.000122360841488, 0.000169105958776, 9.15647979127e-05, 1.64650300576e-05, 0.000157484260853, 0.000376405048883, 4.63645983473e-06, 4.33344757766e-06, 1.75791919901e-05, 1.15018892757e-05, 0.00010678255785, 2.37381173065e-05, 2.81593511318e-05, 1.80648676178e-05, 2.04337302421e-05, 3.61262368642e-06, 2.65603603111e-06, 1.10623500404e-06, 9.77322883955e-07, 7.61443118336e-07, 4.74071043755e-07, 2.96597875149e-07, 1.02647668143e-07, 6.5852631792e-08, 3.04805212181e-08, 1.71266112403e-08, 1.07808668659e-08, 6.96043667148e-09, 4.23155244178e-09, 3.01686542414e-09],
        "median": [1.39980841141e-07, 3.81933773497e-07, 9.62378521763e-07, 1.50654250319e-06, 1.55693464876e-06, 8.74858051247e-06, 0.00691628269851, 0.00288899289444, 2.28178723773e-05, 7.92441278463e-06, 0.000119972100947, 0.000161948148161, 9.48212691583e-05, 1.44200184877e-05, 0.000155820613145, 0.000419168354711, 3.22643950312e-06, 4.27523582403e-06, 1.89758029592e-05, 1.15671564345e-05, 0.000100617246062, 2.58490272245e-05, 3.36595985573e-05, 1.87084606296e-05, 1.54862882482e-05, 3.18801266985e-06, 2.42986425292e-06, 1.02699823401e-06, 1.11885753995e-06, 7.73933322762e-07, 4.69345962983e-07, 2.71436704224e-07, 7.93364947071e-08, 4.85816471496e-08, 2.51506371285e-08, 1.17012097789e-08, 8.09735389851e-09, 5.76816461262e-09, 4.35647873331e-09, 3.29699245682e-09],
        "min": [1.05041646492e-08, 2.80468448466e-08, 6.01443304049e-08, 2.87044116476e-07, 3.39879704825e-07, 8.76903015978e-07, 1.12584780254e-06, 5.70552288082e-07, 1.61380327768e-07, 1.84275577908e-07, 1.28900296659e-07, 1.10898938033e-07, 8.71886172149e-08, 3.59148479845e-08, 5.46351905939e-08, 3.50271065486e-08, 1.54017438803e-08, 8.91561846572e-09, 1.79397297018e-08, 1.16112985893e-08, 1.11917906054e-08, 1.09496438583e-08, 9.0254879126e-09, 7.39044425657e-09, 7.22616411153e-09, 6.35317132236e-09, 4.06620204174e-09, 5.1447903715e-09, 3.04494118808e-09, 1.10097797545e-09, 7.52621409639e-10, 4.09388051237e-10, 1.04085129404e-10, 2.11670680983e-11, 1.71843927976e-11, 1.1411459451e-11, 8.14391436232e-12, 9.14174378558e-12, 6.50813951342e-12, 7.14179149847e-12],
        "var": [8.19921127521e-12, 1.52017478466e-11, 4.94870776302e-11, 1.23781678241e-08, 1.48789913723e-08, 1.85938642261e-08, 5.68486075281e-06, 9.62959006756e-07, 1.72558300982e-09, 5.73890768241e-10, 7.03589941864e-09, 8.23834866992e-09, 1.77047687622e-09, 1.72102068707e-10, 6.57321308495e-09, 2.78959149114e-08, 1.75688422144e-11, 6.83358361217e-12, 8.64384813726e-11, 4.01460947819e-11, 3.60348373363e-09, 1.90939375422e-10, 3.22579435386e-10, 1.54827276e-10, 3.35278665942e-10, 6.14969967311e-12, 2.8233838878e-12, 5.66776118226e-13, 2.20888343966e-13, 1.82323475978e-13, 1.07540041596e-13, 5.8290029162e-14, 9.54196591126e-15, 4.42461212525e-15, 8.56596743322e-16, 2.90573329067e-16, 9.86584272292e-17, 3.60823230774e-17, 9.93622338534e-18, 7.83890363349e-18]
    },
    "mfcc": {
        "mean": [-724.884643555, 134.04725647, -98.2891387939, -7.07268810272, -44.023815155, -37.1359481812, -26.0311927795, -9.18379974365, -13.9310417175, -15.6531362534, 6.36868667603, 23.8917102814, 15.7436246872],
        "cov": [[4471.09521484, -1111.95751953, -2369.89990234, -198.911880493, -683.70098877, -28.280412674, -120.463249207, 472.326019287, 433.155395508, 158.043365479, 519.761901855, 719.217041016, 522.419616699], [-1111.95751953, 965.667663574, 745.550476074, 98.6644592285, 275.660736084, 54.4907264709, 171.952255249, -249.653762817, -111.196022034, -31.8828258514, -258.788391113, -226.517196655, -184.272537231], [-2369.89990234, 745.550476074, 1530.06567383, 181.783676147, 450.792022705, 27.450920105, 80.3872299194, -261.388763428, -273.985687256, -84.1062164307, -320.934936523, -458.234741211, -326.64251709], [-198.911880493, 98.6644592285, 181.783676147, 66.7939910889, 53.94190979, 22.2948532104, 31.3340053558, -12.7809267044, -15.2166309357, -2.01445913315, -38.9557266235, -41.1119003296, -31.2930850983], [-683.70098877, 275.660736084, 450.792022705, 53.94190979, 161.243911743, 27.5206336975, 37.9177818298, -83.1220703125, -75.6795501709, -21.5434818268, -98.7890319824, -137.735595703, -100.462768555], [-28.280412674, 54.4907264709, 27.450920105, 22.2948532104, 27.5206336975, 53.9906044006, 37.155040741, 2.4251241684, 23.7943229675, 19.8450126648, -11.5077228546, 4.85301733017, 2.18166708946], [-120.463249207, 171.952255249, 80.3872299194, 31.3340053558, 37.9177818298, 37.155040741, 72.667388916, -26.4594974518, 13.333691597, 5.02992534637, -48.4634017944, -11.5577449799, -15.7441711426], [472.326019287, -249.653762817, -261.388763428, -12.7809267044, -83.1220703125, 2.4251241684, -26.4594974518, 92.0425491333, 56.5930557251, 20.9126625061, 77.948387146, 86.7451248169, 66.7513961792], [433.155395508, -111.196022034, -273.985687256, -15.2166309357, -75.6795501709, 23.7943229675, 13.333691597, 56.5930557251, 90.8207321167, 34.1823501587, 60.5405693054, 94.1269607544, 61.0193023682], [158.043365479, -31.8828258514, -84.1062164307, -2.01445913315, -21.5434818268, 19.8450126648, 5.02992534637, 20.9126625061, 34.1823501587, 35.1059494019, 23.5602493286, 32.8443183899, 28.0168876648], [519.761901855, -258.788391113, -320.934936523, -38.9557266235, -98.7890319824, -11.5077228546, -48.4634017944, 77.948387146, 60.5405693054, 23.5602493286, 103.979377747, 95.7968673706, 72.1186218262], [719.217041016, -226.517196655, -458.234741211, -41.1119003296, -137.735595703, 4.85301733017, -11.5577449799, 86.7451248169, 94.1269607544, 32.8443183899, 95.7968673706, 157.356903076, 108.93674469], [522.419616699, -184.272537231, -326.64251709, -31.2930850983, -100.462768555, 2.18166708946, -15.7441711426, 66.7513961792, 61.0193023682, 28.0168876648, 72.1186218262, 108.93674469, 86.9187927246]],
