{
"lowlevel": {
    "average_loudness": 0.983299911022,
    "barkbands_crest": {
        "dmean": 0.656733214855,
        "dmean2": 0.865342855453,
        "dvar": 0.214798957109,
        "dvar2": 0.425823241472,
        "max": 17.4763660431,
        "mean": 12.059419632,
        "median": 11.3676290512,
        "min": 8.63645935059,
        "var": 4.50844287872
    },
    "barkbands_flatness_db": {
        "dmean": 0.0134733896703,
        "dmean2": 0.0219854265451,
        "dvar": 0.000333359028446,
        "dvar2": 0.000561065971851,
        "max": 0.488883912563,
        "mean": 0.426254719496,
        "median": 0.425454318523,
        "min": 0.25744971633,
        "var": 0.00155955739319
    },
    "barkbands_kurtosis": {
        "dmean": 0.278519809246,
        "dmean2": 0.342447608709,
        "dvar": 0.642530620098,
        "dvar2": 0.689047694206,
        "max": 7.15924835205,
        "mean": 0.0149828698486,
        "median": -0.206193208694,
        "min": -1.23459601402,
        "var": 1.42902517319
    },
    "barkbands_skewness": {
        "dmean": 0.109025873244,
        "dmean2": 0.128060296178,
        "dvar": 0.0262419376522,
        "dvar2": 0.0390452742577,
        "max": 1.55408871174,
        "mean": -0.370173990726,
        "median": -0.3391726017,
        "min": -1.32692027092,
        "var": 0.310456454754
    },
    "barkbands_spread": {
        "dmean": 0.107674583793,
        "dmean2": 0.152111172676,
        "dvar": 0.0108562493697,
        "dvar2": 0.0186519026756,
        "max": 3.42365860939,
        "mean": 2.60798835754,
        "median": 2.6658616066,
        "min": 1.50076246262,
        "var": 0.234556287527
    },
    "dissonance": {
        "dmean": 0.0384413823485,
        "dmean2": 0.0687133297324,
        "dvar": 0.00107555452269,
        "dvar2": 0.00242859497666,
        "max": 0.389530450106,
        "mean": 0.293236732483,
        "median": 0.296897739172,
        "min": 0.221754297614,
        "var": 0.00128617160954
    },
    "dynamic_complexity": 1.00554728508,
    "erbbands_crest": {
        "dmean": 0.990624785423,
        "dmean2": 1.32489156723,
        "dvar": 0.694564044476,
        "dvar2": 0.930752694607,
        "max": 20.1289997101,
        "mean": 15.6405344009,
        "median": 15.6650753021,
        "min": 10.5856342316,
        "var": 5.73055410385
    },
    "erbbands_flatness_db": {
        "dmean": 0.0107429297641,
        "dmean2": 0.0166765432805,
        "dvar": 0.000302938162349,
        "dvar2": 0.000492391118314,
        "max": 0.511953771114,
        "mean": 0.445243358612,
        "median": 0.436512082815,
        "min": 0.287501960993,
        "var": 0.00172395957634
    },
    "erbbands_kurtosis": {
        "dmean": 0.571313083172,
        "dmean2": 0.792804777622,
        "dvar": 0.700810015202,
        "dvar2": 1.00561857224,
        "max": 11.2262182236,
        "mean": 3.31827569008,
        "median": 3.36693906784,
        "min": 0.069842338562,
        "var": 3.71269726753
    },
    "erbbands_skewness": {
        "dmean": 0.150205105543,
        "dmean2": 0.197297379375,
        "dvar": 0.0401609018445,
        "dvar2": 0.0649524182081,
        "max": 1.5081346035,
        "mean": -0.654485583305,
        "median": -0.712191283703,
        "min": -1.42927658558,
        "var": 0.209779143333
    },
    "erbbands_spread": {
        "dmean": 0.275022029877,
        "dmean2": 0.338723689318,
        "dvar": 0.310827255249,
        "dvar2": 0.415644675493,
        "max": 9.93018341064,
        "mean": 3.59963655472,
        "median": 3.49910664558,
        "min": 1.67526686192,
        "var": 1.64324045181
    },
    "hfc": {
        "dmean": 1.57230114937,
        "dmean2": 1.98692286015,
        "dvar": 2.71459507942,
        "dvar2": 4.55531311035,
        "max": 31.5832595825,
        "mean": 18.6982631683,
        "median": 16.2214584351,
        "min": 0.16774508357,
        "var": 41.286907196
    },
    "melbands_crest": {
        "dmean": 0.494612276554,
        "dmean2": 0.702618658543,
        "dvar": 0.217376247048,
        "dvar2": 0.326449006796,
        "max": 15.3651304245,
        "mean": 11.4649972916,
        "median": 11.3049173355,
        "min": 8.39980983734,
        "var": 2.76856327057
    },
    "melbands_flatness_db": {
        "dmean": 0.0132570154965,
        "dmean2": 0.0213257931173,
        "dvar": 0.000401978031732,
        "dvar2": 0.000724543526303,
        "max": 0.588565945625,
        "mean": 0.524868786335,
        "median": 0.529395222664,
        "min": 0.361720114946,
        "var": 0.00153104227502
    },
    "melbands_kurtosis": {
        "dmean": 0.202161967754,
        "dmean2": 0.247148036957,
        "dvar": 0.245408967137,
        "dvar2": 0.286985963583,
        "max": 4.94835042953,
        "mean": -0.327081829309,
        "median": -0.49613904953,
        "min": -1.25539004803,
        "var": 0.674845695496
    },
    "melbands_skewness": {
        "dmean": 0.0937882214785,
        "dmean2": 0.114463672042,
        "dvar": 0.0153832193464,
        "dvar2": 0.0237293485552,
        "max": 1.27811479568,
        "mean": -0.215520843863,
        "median": -0.218599498272,
        "min": -1.10291612148,
        "var": 0.25178194046
    },
    "melbands_spread": {
        "dmean": 0.164049297571,
        "dmean2": 0.23604272306,
        "dvar": 0.019678004086,
        "dvar2": 0.0350268371403,
        "max": 5.80229043961,
        "mean": 4.64789867401,
        "median": 4.81073856354,
        "min": 2.86845088005,
        "var": 0.545969963074
    },
    "pitch_salience": {
        "dmean": 0.0298290736973,
        "dmean2": 0.0436702296138,
        "dvar": 0.000954430550337,
        "dvar2": 0.00137133384123,
        "max": 0.84893912077,
        "mean": 0.619348704815,
        "median": 0.620559632778,
        "min": 0.52330571413,
        "var": 0.00222409586422
    },
    "silence_rate_20dB": {
        "dmean": 0,
        "dmean2": 0,
        "dvar": 0,
        "dvar2": 0,
        "max": 1,
        "mean": 1,
        "median": 1,
        "min": 1,
        "var": 0
    },
    "silence_rate_30dB": {
        "dmean": 0,
        "dmean2": 0,
        "dvar": 0,
        "dvar2": 0,
        "max": 1,
        "mean": 1,
        "median": 1,
        "min": 1,
        "var": 0
    },
    "silence_rate_60dB": {
        "dmean": 0,
        "dmean2": 0,
        "dvar": 0,
        "dvar2": 0,
        "max": 0,
        "mean": 0,
        "median": 0,
        "min": 0,
        "var": 0
    },
    "spectral_centroid": {
        "dmean": 6.63187122345,
        "dmean2": 8.92933559418,
        "dvar": 31.545627594,
        "dvar2": 55.7660942078,
        "max": 587.330078125,
        "mean": 470.342071533,
        "median": 457.492095947,
        "min": 378.772674561,
        "var": 3358.02685547
    },
    "spectral_complexity": {
        "dmean": 0.699999988079,
        "dmean2": 1.2100840807,
        "dvar": 0.810000479221,
        "dvar2": 1.40964579582,
        "max": 13,
        "mean": 7.89256191254,
        "median": 8,
        "min": 1,
        "var": 1.81489956379
    },
    "spectral_decrease": {
        "dmean": 7.90532195261e-10,
        "dmean2": 9.86217996157e-10,
        "dvar": 8.24530222473e-19,
        "dvar2": 1.22323386266e-18,
        "max": -1.1589599419e-10,
        "mean": -1.00569312877e-08,
        "median": -9.73456870668e-09,
        "min": -1.48639349717e-08,
        "var": 5.33908193148e-18
    },
    "spectral_energy": {
        "dmean": 0.00312272529118,
        "dmean2": 0.00389915681444,
        "dvar": 1.27839239212e-05,
        "dvar2": 1.90550163097e-05,
        "max": 0.0589082725346,
        "mean": 0.0396530814469,
        "median": 0.0385100059211,
        "min": 0.00045263231732,
        "var": 8.60067157191e-05
    },
    "spectral_energyband_high": {
        "dmean": 2.42985322529e-07,
        "dmean2": 3.0446850019e-07,
        "dvar": 1.23102287912e-12,
        "dvar2": 1.28885010303e-12,
        "max": 1.21384946397e-05,
        "mean": 5.98472070124e-07,
        "median": 3.69844173065e-07,
        "min": 7.11857026658e-08,
        "var": 1.32758842981e-12
    },
    "spectral_energyband_low": {
        "dmean": 4.02175428462e-05,
        "dmean2": 5.20242938364e-05,
        "dvar": 3.10403724946e-09,
        "dvar2": 3.78939590817e-09,
        "max": 0.000899909529835,
        "mean": 0.000322019623127,
        "median": 0.000289192394121,
        "min": 2.87761249638e-05,
        "var": 4.95119714117e-08
    },
    "spectral_energyband_middle_high": {
        "dmean": 0.000410119740991,
        "dmean2": 0.000718071416486,
        "dvar": 1.90259726196e-07,
        "dvar2": 5.03541116359e-07,
        "max": 0.00650837924331,
        "mean": 0.00116814672947,
        "median": 0.000509300443809,
        "min": 7.33403976483e-06,
        "var": 2.07650941775e-06
    },
    "spectral_energyband_middle_low": {
        "dmean": 0.00305044627748,
        "dmean2": 0.00381976668723,
        "dvar": 1.1587746485e-05,
        "dvar2": 1.6975474864e-05,
        "max": 0.0572057552636,
        "mean": 0.0384134463966,
        "median": 0.0376928970218,
        "min": 0.000430548883742,
        "var": 7.15317000868e-05
    },
    "spectral_entropy": {
        "dmean": 0.0882164612412,
        "dmean2": 0.125143423676,
        "dvar": 0.0305943135172,
        "dvar2": 0.0337899960577,
        "max": 7.33002376556,
        "mean": 5.17493915558,
        "median": 5.11666631699,
        "min": 4.83264398575,
        "var": 0.0949318632483
    },
    "spectral_flux": {
        "dmean": 0.00860081613064,
        "dmean2": 0.0131954774261,
        "dvar": 0.000220010246267,
        "dvar2": 0.000184933960554,
        "max": 0.182549551129,
        "mean": 0.0283348802477,
        "median": 0.0251158550382,
        "min": 0.0137166967615,
        "var": 0.000440259493189
    },
    "spectral_kurtosis": {
        "dmean": 35.0347099304,
        "dmean2": 57.711555481,
        "dvar": 1111.04150391,
        "dvar2": 2828.3215332,
        "max": 300.145507812,
        "mean": 137.708724976,
        "median": 119.406669617,
        "min": 7.3718328476,
        "var": 4686.22509766
    },
    "spectral_rms": {
        "dmean": 0.000266840943368,
        "dmean2": 0.000326667301124,
        "dvar": 2.27399013397e-07,
        "dvar2": 2.76948156852e-07,
        "max": 0.00758099509403,
        "mean": 0.00616395985708,
        "median": 0.00612949719653,
        "min": 0.000664524268359,
        "var": 6.91542425102e-07
    },
    "spectral_rolloff": {
        "dmean": 5.20385742188,
        "dmean2": 9.77136993408,
        "dvar": 162.255355835,
        "dvar2": 450.025115967,
        "max": 667.529296875,
        "mean": 602.395324707,
        "median": 624.462890625,
        "min": 559.86328125,
        "var": 1544.03222656
    },
    "spectral_skewness": {
        "dmean": 1.54771959782,
        "dmean2": 2.65093302727,
        "dvar": 1.59030067921,
        "dvar2": 3.73703312874,
        "max": 14.0441789627,
        "mean": 8.98457336426,
        "median": 8.65468978882,
        "min": 2.76525998116,
        "var": 6.94595718384
    },
    "spectral_spread": {
        "dmean": 479089.21875,
        "dmean2": 753167.375,
        "dvar": 1.51483999846e+12,
        "dvar2": 1.10895457894e+12,
        "max": 17785270,
        "mean": 1107482.375,
        "median": 902154.9375,
        "min": 302017.90625,
        "var": 2.58186647962e+12
    },
    "spectral_strongpeak": {
        "dmean": 0.177671656013,
        "dmean2": 0.245467722416,
        "dvar": 0.115315049887,
        "dvar2": 0.170356184244,
        "max": 4.06437969208,
        "mean": 2.58377122879,
        "median": 2.73549437523,
        "min": 0.0160952545702,
        "var": 0.800487697124
    },
    "zerocrossingrate": {
        "dmean": 0.0013427734375,
        "dmean2": 0.0015756302746,
        "dvar": 3.12427687277e-06,
        "dvar2": 2.96294979307e-06,
        "max": 0.029296875,
        "mean": 0.0220896825194,
        "median": 0.02197265625,
        "min": 0.00537109375,
        "var": 1.18028074212e-05
    },
    "barkbands": {
        "dmean": [2.0630196218e-07, 1.33558214657e-05, 8.6525496954e-06, 0.000203270625207, 0.000789609912317, 0.000156322814291, 0.00100628577638, 0.00195495132357, 0.000593924836721, 0.000395852868678, 2.10114540096e-05, 2.01652001124e-05, 6.11300174569e-06, 1.35252491873e-06, 6.27021279342e-07, 9.41236692142e-07, 1.8900041141e-06, 3.6159605088e-07, 3.9968685428e-07, 1.84559624472e-07, 9.18676903439e-08, 3.50199442778e-08, 1.65501425897e-08, 1.5469588277e-08, 1.55933133072e-08, 1.47558472108e-08, 2.01839291947e-08],
        "dmean2": [3.61657669146e-07, 1.51809763338e-05, 1.29928366732e-05, 0.000195236003492, 0.000909902679268, 0.00024184580252, 0.00141588668339, 0.00246284017339, 0.000740203831811, 0.0007025852683, 3.89768320019e-05, 2.04433654289e-05, 7.95488904259e-06, 1.9018104922e-06, 8.13606220618e-07, 1.35278298785e-06, 2.86347562906e-06, 5.17354635576e-07, 5.72665101117e-07, 2.63491983787e-07, 1.26987927729e-07, 4.81986610623e-08, 1.91787528081e-08, 1.85132158492e-08, 1.87189943546e-08, 1.72026268785e-08, 2.48699709715e-08],
        "dvar": [9.09946963157e-14, 7.75597197578e-10, 1.78837986087e-10, 5.27693551078e-08, 1.24013865843e-06, 3.077251165e-08, 4.07876228792e-07, 2.83286749436e-06, 1.21474056414e-06, 1.80667726113e-07, 3.52859408359e-09, 2.68935695935e-09, 2.39750969078e-10, 1.01072882702e-11, 3.61607814005e-12, 6.61722890025e-12, 1.65220441495e-11, 5.31963091199e-13, 6.19820655304e-13, 1.28246385408e-13, 4.83034226224e-14, 2.67718027516e-14, 1.90560390276e-14, 1.72341033453e-14, 1.61019929893e-14, 1.4949179454e-14, 1.68096686879e-14],
        "dvar2": [2.15813600172e-13, 7.17745807233e-10, 2.90598711761e-10, 4.4010235456e-08, 1.1763341945e-06, 5.86283732673e-08, 9.43927318531e-07, 5.32515878149e-06, 1.7039458271e-06, 4.98218071243e-07, 1.19190524117e-08, 3.02890246218e-09, 3.96651794743e-10, 2.10899631092e-11, 6.34547102363e-12, 1.12029968635e-11, 2.83401913048e-11, 9.50297241072e-13, 9.82910367681e-13, 2.53789773485e-13, 6.31702535333e-14, 2.79608676029e-14, 1.9347794444e-14, 1.74739187014e-14, 1.63382474189e-14, 1.5178039286e-14, 1.70621759858e-14],
        "max": [1.96292671717e-06, 0.000328670896124, 0.000138573392178, 0.00687630847096, 0.0191114768386, 0.00251146871597, 0.00731931254268, 0.0312420185655, 0.0230990946293, 0.00564840435982, 0.000568981573451, 0.000705351820216, 0.000170474158949, 3.31460651068e-05, 1.63119657373e-05, 2.56505172729e-05, 3.63012914022e-05, 5.69514895687e-06, 6.68800157655e-06, 2.44855277742e-06, 2.10535790757e-06, 1.79627375019e-06, 1.52368068029e-06, 1.4488684883e-06, 1.4006126321e-06, 1.34900483317e-06, 1.42806015901e-06],
        "mean": [2.11073341916e-07, 7.18504234101e-05, 2.98361555906e-05, 0.00213415874168, 0.00973382592201, 0.000641093298327, 0.00287284515798, 0.0160495527089, 0.00694969389588, 0.00104961462785, 4.08505111409e-05, 5.22259288118e-05, 1.27058938233e-05, 3.54859071194e-06, 8.56212182043e-07, 2.11343808587e-06, 5.23410199094e-06, 1.01933926544e-06, 1.06858112758e-06, 4.0581170424e-07, 2.35563973661e-07, 7.22215602877e-08, 2.28849774686e-08, 1.94413001253e-08, 2.09527097894e-08, 1.93100699875e-08, 6.1295096998e-08],
        "median": [1.11716488504e-07, 4.79382651974e-05, 2.21430709644e-05, 0.00147973070852, 0.00920244213194, 0.000553680583835, 0.00283719878644, 0.0146536640823, 0.00484271766618, 0.000472305109724, 1.86243141798e-05, 1.00789638964e-05, 3.62090713679e-06, 1.2368265061e-06, 1.9963144382e-07, 8.93781475497e-07, 3.22544951814e-06, 6.28984423656e-07, 6.26882638244e-07, 2.6486421234e-07, 1.52023943656e-07, 4.07450180262e-08, 8.25676860217e-09, 6.45928821541e-09, 7.20657533648e-09, 6.00053162714e-09, 3.73227031503e-08],
        "min": [1.37533395783e-09, 2.26741258302e-06, 2.22108747039e-06, 3.57426033588e-05, 0.000170259183506, 6.68196225888e-05, 4.55444023828e-05, 8.70088988449e-05, 2.46762938332e-05, 2.31008243645e-06, 1.33775438371e-06, 4.40074387598e-07, 4.65363314106e-07, 2.9164687021e-07, 4.76067647526e-08, 1.92269283161e-07, 5.51212281152e-07, 8.64480753648e-08, 1.03948949004e-07, 4.41386660555e-08, 1.95458351726e-08, 8.629228887e-09, 1.21368870509e-09, 8.71244354439e-10, 1.29417099259e-09, 8.60204296682e-10, 5.52448442548e-09],
        "var": [9.4563645922e-14, 3.91535337485e-09, 5.983097906e-10, 3.07473351313e-06, 1.01020195871e-05, 1.15860970595e-07, 1.49520030845e-06, 4.4517499191e-05, 3.41235390806e-05, 1.59508147135e-06, 4.70541072772e-09, 1.32050468338e-08, 7.00816793486e-10, 3.65906541178e-11, 6.1725026132e-12, 1.3659095556e-11, 3.29543579924e-11, 1.07523072477e-12, 1.38808192371e-12, 1.98377325309e-13, 7.59912627073e-14, 2.7861839287e-14, 1.88616178611e-14, 1.70566651894e-14, 1.59195200696e-14, 1.47981958312e-14, 1.75922983321e-14]
    },
    "erbbands": {
        "dmean": [0.000113387170131, 0.00382456043735, 0.0134256919846, 0.247221902013, 1.17249023914, 2.49083018303, 3.68310523033, 1.83883345127, 9.23107242584, 16.5346603394, 38.2900848389, 12.6232395172, 10.1544322968, 4.70388221741, 0.721839666367, 0.738400876522, 0.377570450306, 0.123244658113, 0.0605622939765, 0.0272451732308, 0.0585885383189, 0.109735161066, 0.0268571414053, 0.0195297617465, 0.0145346503705, 0.00884166359901, 0.00475737545639, 0.00286835688166, 0.00135436013807, 0.000617469544522, 0.000459243427031, 0.000342130661011, 0.000250838551437, 0.000176683272002, 0.000110577202577, 5.85354900977e-05, 2.88031642413e-05, 1.00038769233e-05, 3.89551587432e-06, 3.48628213942e-06],
        "dmean2": [0.000141754935612, 0.00436831684783, 0.0183314252645, 0.261185139418, 1.16800916195, 2.84763860703, 4.51219367981, 2.89716267586, 12.8543643951, 24.404209137, 47.474029541, 16.074338913, 18.0991001129, 8.22103786469, 1.3086848259, 0.717338085175, 0.393489331007, 0.160104736686, 0.0873533412814, 0.0354667380452, 0.076671153307, 0.165616646409, 0.0383614450693, 0.0287910848856, 0.0204439423978, 0.0123162083328, 0.00661342777312, 0.00397339323536, 0.00185139256064, 0.000754239328671, 0.000539596017916, 0.000408574618632, 0.000299478531815, 0.000213668099605, 0.000132564542582, 6.87079300405e-05, 3.39392245223e-05, 1.20221984616e-05, 4.78501260659e-06, 4.25964390161e-06],
        "dvar": [5.88847406391e-08, 6.36326221866e-05, 0.000538035354111, 0.0804352387786, 1.66368257999, 10.6238031387, 40.9769096375, 3.25273799896, 40.2246818542, 278.71875, 1046.50708008, 482.51449585, 101.449264526, 32.2418899536, 3.40022730827, 3.27914428711, 1.01334071159, 0.0767445266247, 0.0277310181409, 0.0056977677159, 0.0236979983747, 0.0533308498561, 0.00329763814807, 0.00163620186504, 0.000810713274404, 0.000290723895887, 0.0001078067653, 5.68066861888e-05, 3.55525080522e-05, 2.33213668253e-05, 1.47262762766e-05, 8.42000463308e-06, 4.42893133368e-06, 2.04678485716e-06, 7.95797291175e-07, 2.3773220903e-07, 5.12966913391e-08, 6.36840757906e-09, 3.21184689955e-10, 1.71376315916e-11],
        "dvar2": [8.672590468e-08, 5.90832532907e-05, 0.000681511533912, 0.0738031640649, 1.73356688023, 10.7500934601, 36.6818389893, 7.30974817276, 86.5900878906, 513.929504395, 1915.66052246, 703.951782227, 295.844146729, 78.2328948975, 9.98028755188, 3.46014857292, 1.14116430283, 0.117612697184, 0.0512787438929, 0.0106187481433, 0.0389043167233, 0.0874074622989, 0.00568578857929, 0.00250101066194, 0.00135607097764, 0.000576054793783, 0.000134336412884, 7.33826964279e-05, 3.70608358935e-05, 2.36369596678e-05, 1.49380857692e-05, 8.53330038808e-06, 4.49234539701e-06, 2.07479229175e-06, 8.07514652479e-07, 2.40939812102e-07, 5.20620098143e-08, 6.45559738999e-09, 3.23981730332e-10, 2.42334190909e-11],
        "max": [0.00257646944374, 0.0944466888905, 0.244684845209, 8.15433979034, 36.1430854797, 52.7928352356, 84.7835998535, 22.8241157532, 81.7047271729, 278.560119629, 627.062744141, 470.51272583, 138.082763672, 93.5585098267, 24.0675010681, 25.3296794891, 12.0369987488, 3.16785502434, 1.52853298187, 0.724470019341, 1.65190267563, 2.07188463211, 0.483236640692, 0.318785429001, 0.254181802273, 0.120955102146, 0.0958429276943, 0.0753042697906, 0.0653258338571, 0.0533941164613, 0.0423857457936, 0.0320608578622, 0.0232538823038, 0.0158248431981, 0.00987392570823, 0.00540465535596, 0.00251326081343, 0.000884277571458, 0.000218767032493, 6.68981010676e-05],
        "mean": [0.000518549466506, 0.0215188767761, 0.0913236886263, 2.53774023056, 12.1199159622, 27.4443321228, 49.4530525208, 6.5881896019, 33.9435844421, 160.129455566, 313.014373779, 146.013839722, 28.115064621, 16.3874950409, 2.03750038147, 1.95044827461, 0.914974570274, 0.297095328569, 0.117029838264, 0.0503075234592, 0.138691276312, 0.316201001406, 0.0792639106512, 0.0632224902511, 0.0375113524497, 0.0193722788244, 0.01167240832, 0.00732413679361, 0.00313437450677, 0.000983470585197, 0.000653351191431, 0.000444402947323, 0.000345668406226, 0.000257354258792, 0.000172536805621, 9.34273994062e-05, 4.79440677736e-05, 1.98371162696e-05, 2.60014148807e-05, 4.566710777e-05],
        "median": [0.000380323937861, 0.0152251794934, 0.0819352790713, 1.76589012146, 8.66399097443, 26.7405204773, 50.2008018494, 5.61983537674, 33.3467674255, 149.990402222, 295.548339844, 100.723678589, 14.7179918289, 6.90840482712, 0.792682051659, 0.42701664567, 0.199690520763, 0.0897758752108, 0.0446504317224, 0.0201833769679, 0.0636527761817, 0.2000528723, 0.0490070320666, 0.0387364290655, 0.0216269176453, 0.012781268917, 0.00742457807064, 0.00454051187262, 0.00180651911069, 0.000418575917138, 0.000241927540628, 0.000150554726133, 0.000138182324008, 0.000103015023342, 7.362539327e-05, 4.21764852945e-05, 2.28432854783e-05, 9.09660229809e-06, 2.4300565201e-05, 4.42325945187e-05],
        "min": [2.9309427191e-05, 0.00081615470117, 0.00884101260453, 0.0720465704799, 0.289607644081, 0.645541250706, 0.702779054642, 0.497674316168, 0.667544066906, 0.878840327263, 2.0361597538, 0.604482769966, 0.0752097889781, 0.069454267621, 0.0461370535195, 0.0181820783764, 0.0198303945363, 0.0165047496557, 0.0102486275136, 0.00600939942524, 0.0153577104211, 0.0359615422785, 0.00901594478637, 0.00664847670123, 0.00387304229662, 0.00221819221042, 0.00104675616603, 0.000578226405196, 0.000358147372026, 0.000102444973891, 5.90895069763e-05, 4.58307840745e-05, 2.99640341836e-05, 1.79739818122e-05, 1.08606218419e-05, 5.3058543017e-06, 2.00343561119e-06, 1.3628899751e-06, 7.50725689613e-07, 6.11871826095e-07],
        "var": [1.83145189681e-07, 0.000325700093526, 0.00362715870142, 4.28644990921, 88.313873291, 63.379032135, 162.492355347, 14.6084814072, 158.875610352, 3168.36816406, 16700.3828125, 13980.2695312, 897.809143066, 432.25088501, 10.823097229, 17.1673336029, 3.94403338432, 0.28549644351, 0.0622541680932, 0.0100010847673, 0.053113900125, 0.112613014877, 0.00675306795165, 0.00414786161855, 0.00171372515615, 0.000453535583802, 0.000174398359377, 8.37459374452e-05, 3.83075312129e-05, 2.31267713389e-05, 1.45764943227e-05, 8.34290131024e-06, 4.38224606114e-06, 2.02540059036e-06, 7.87472174579e-07, 2.35716655084e-07, 5.09151085737e-08, 6.31117780259e-09, 3.34345190423e-10, 1.05322604804e-10]
    },
    "gfcc": {
        "mean": [-178.467025757, 228.538375854, -82.6845397949, -51.1400527954, -76.0562591553, -66.9750823975, -18.7387886047, -2.23106527328, -16.9234352112, -23.3798522949, -21.6535453796, -20.8858280182, -9.60082435608],
        "cov": [[553.675231934, -143.051498413, -119.667770386, 121.212631226, 52.9218025208, -14.4748344421, -24.7696609497, 21.254524231, -15.1948814392, 20.7871799469, -8.01771736145, 36.0695075989, 19.9259090424], [-143.051498413, 232.389266968, -51.0371437073, -268.794219971, 3.60878348351, 26.2002792358, 52.2003517151, -44.309551239, -22.7523231506, -30.0755844116, 24.5564079285, -25.7323570251, 14.892578125], [-119.667770386, -51.0371437073, 361.824005127, 254.160217285, -80.1106109619, -39.3860702515, -9.78528690338, 48.1596221924, 38.9937896729, -22.0878219604, -46.4584770203, -14.8924541473, -33.5967903137], [121.212631226, -268.794219971, 254.160217285, 717.399963379, 59.2969932556, -163.72354126, -83.6986312866, 84.0840072632, 38.6174430847, -2.01212096214, -87.6327056885, 19.7380943298, -25.3360157013], [52.9218025208, 3.60878348351, -80.1106109619, 59.2969932556, 69.7998733521, -22.9775485992, -12.841550827, -4.72165870667, -6.70011138916, 3.18282794952, -0.787306249142, 8.8067407608, 10.459733963], [-14.4748344421, 26.2002792358, -39.3860702515, -163.72354126, -22.9775485992, 79.3369827271, 11.8046913147, -18.6550502777, -6.62378025055, 5.31695079803, 24.9338188171, 5.80075311661, 3.19940876961], [-24.7696609497, 52.2003517151, -9.78528690338, -83.6986312866, -12.841550827, 11.8046913147, 25.4370040894, -7.28744506836, -3.7136323452, -2.09553456306, 7.01777124405, -6.95975446701, 3.6624212265], [21.254524231, -44.309551239, 48.1596221924, 84.0840072632, -4.72165870667, -18.6550502777, -7.28744506836, 25.5591106415, 15.2718706131, 4.20620822906, -11.2544622421, 2.27913784981, -2.37553906441], [-15.1948814392, -22.7523231506, 38.9937896729, 38.6174430847, -6.70011138916, -6.62378025055, -3.7136323452, 15.2718706131, 24.24974823, 12.6193580627, -6.98014640808, 0.635464668274, -1.34410881996], [20.7871799469, -30.0755844116, -22.0878219604, -2.01212096214, 3.18282794952, 5.31695079803, -2.09553456306, 4.20620822906, 12.6193580627, 24.9836387634, 4.83435058594, 4.25865697861, -0.00636502914131], [-8.01771736145, 24.5564079285, -46.4584770203, -87.6327056885, -0.787306249142, 24.9338188171, 7.01777124405, -11.2544622421, -6.98014640808, 4.83435058594, 20.5978889465, 1.25605666637, -1.20041871071], [36.0695075989, -25.7323570251, -14.8924541473, 19.7380943298, 8.8067407608, 5.80075311661, -6.95975446701, 2.27913784981, 0.635464668274, 4.25865697861, 1.25605666637, 11.8694963455, 1.24936151505], [19.9259090424, 14.892578125, -33.5967903137, -25.3360157013, 10.459733963, 3.19940876961, 3.6624212265, -2.37553906441, -1.34410881996, -0.00636502914131, -1.20041871071, 1.24936151505, 13.0979261398]],
        "icov": [[0.00337656377815, 0.00649837451056, -0.00293620373122, 0.00333949294873, -0.00655094534159, 0.00383253395557, -0.00459887227044, -0.0011170883663, 0.00609851581976, 0.000377011980163, -0.000950817659032, -0.0045025954023, -0.00725031923503], [0.00649837451056, 0.185519978404, -0.101862870157, 0.0949826613069, -0.194884613156, 0.108064800501, -0.136649161577, 0.141858816147, -0.0683631896973, 0.151499971747, -0.128269433975, 0.0576120056212, -0.129399329424], [-0.00293620373122, -0.101862870157, 0.0758150145411, -0.062832981348, 0.122673623264, -0.0723448544741, 0.0600794889033, -0.0751824006438, 0.00941716413945, -0.0578097850084, 0.0777916014194, -0.015985770151, 0.0920792669058], [0.00333949294873, 0.0949826613069, -0.062832981348, 0.0674424096942, -0.118095882237, 0.0683659613132, -0.0503986477852, 0.0507417358458, -0.011133087799, 0.0593667514622, -0.0300084594637, 0.00716222077608, -0.0474319197237], [-0.00655094534159, -0.194884613156, 0.122673623264, -0.118095882237, 0.256595492363, -0.109013326466, 0.138402864337, -0.117586433887, 0.0463563911617, -0.13960455358, 0.0921510905027, -0.0581421107054, 0.0981487855315], [0.00383253395557, 0.108064800501, -0.0723448544741, 0.0683659613132, -0.109013326466, 0.110258460045, -0.0609191171825, 0.0914280638099, -0.0269503947347, 0.0729492232203, -0.0978570804, -0.0120744584128, -0.0988337546587], [-0.00459887227044, -0.136649161577, 0.0600794889033, -0.0503986477852, 0.138402864337, -0.0609191171825, 0.191704571247, -0.11925252527, 0.0799050033092, -0.132999315858, 0.0951463356614, -0.0345066897571, 0.0682558044791], [-0.0011170883663, 0.141858816147, -0.0751824006438, 0.0507417358458, -0.117586433887, 0.0914280638099, -0.11925252527, 0.243924811482, -0.13567905128, 0.144754335284, -0.155172124505, 0.0442411080003, -0.137430638075], [0.00609851581976, -0.0683631896973, 0.00941716413945, -0.011133087799, 0.0463563911617, -0.0269503947347, 0.0799050033092, -0.13567905128, 0.206224501133, -0.166385650635, 0.104482538998, -0.0501952208579, 0.0291314106435], [0.000377011980163, 0.151499971747, -0.0578097850084, 0.0593667514622, -0.13960455358, 0.0729492232203, -0.132999315858, 0.144754335284, -0.166385650635, 0.244633242488, -0.150254994631, 0.0642835646868, -0.086029522121], [-0.000950817659032, -0.128269433975, 0.0777916014194, -0.0300084594637, 0.0921510905027, -0.0978570804, 0.0951463356614, -0.155172124505, 0.104482538998, -0.150254994631, 0.34253257513, -0.0751646235585, 0.233560428023], [-0.0045025954023, 0.0576120056212, -0.015985770151, 0.00716222077608, -0.0581421107054, -0.0120744584128, -0.0345066897571, 0.0442411080003, -0.0501952208579, 0.0642835646868, -0.0751646235585, 0.2040399611, -0.050224147737], [-0.00725031923503, -0.129399329424, 0.0920792669058, -0.0474319197237, 0.0981487855315, -0.0988337546587, 0.0682558044791, -0.137430638075, 0.0291314106435, -0.086029522121, 0.233560428023, -0.050224147737, 0.309840142727]]
    },
    "melbands": {
        "dmean": [2.28985436479e-06, 5.70282827539e-06, 8.47808478284e-05, 0.000102696845715, 0.000151338201249, 3.55043521267e-05, 0.000179118374945, 0.000267767027253, 0.000263919500867, 6.58878852846e-05, 5.54256948817e-05, 2.70673062914e-05, 2.29208558267e-06, 1.51921676661e-06, 2.3431482532e-06, 5.44389706647e-07, 1.88526612988e-07, 1.19047847136e-07, 3.01536076108e-08, 4.98777517066e-08, 7.71519452769e-08, 1.30682821009e-07, 4.8736321645e-08, 1.51392445247e-08, 1.68964344738e-08, 1.6098377742e-08, 8.46750669581e-09, 5.32202770742e-09, 3.31050786784e-09, 2.69874900205e-09, 1.79967518665e-09, 9.36713817623e-10, 4.52547666008e-10, 3.16087350738e-10, 2.70967581706e-10, 2.38363662142e-10, 1.99618349628e-10, 1.81864745485e-10, 1.60269186811e-10, 1.47890755198e-10],
        "dmean2": [2.7677028811e-06, 7.6502601587e-06, 8.13128790469e-05, 0.000112314708531, 0.000181541676284, 5.59898799111e-05, 0.000249524629908, 0.000366471562302, 0.000338968704455, 8.31220677355e-05, 9.90589978755e-05, 4.72169813293e-05, 4.18624813392e-06, 2.07204038816e-06, 1.9858041469e-06, 6.89963201239e-07, 2.51182598277e-07, 1.72791288833e-07, 3.80063269745e-08, 6.58005490095e-08, 1.10595230751e-07, 1.98411441943e-07, 7.14287082815e-08, 2.18497326898e-08, 2.49474343406e-08, 2.275132438e-08, 1.28626265194e-08, 7.46860262524e-09, 4.68946703691e-09, 3.9499972182e-09, 2.71574362998e-09, 1.34382172057e-09, 5.77839442961e-10, 3.78181708172e-10, 3.20172749424e-10, 2.8557811671e-10, 2.37069586184e-10, 2.17084780707e-10, 1.90019236457e-10, 1.80741338562e-10],
        "dvar": [2.39816343867e-11, 1.33596383955e-10, 8.94903795512e-09, 1.29912525182e-08, 6.24612965794e-08, 1.12291542731e-09, 1.3405463406e-08, 6.32112318044e-08, 5.26890282515e-08, 1.48325964844e-08, 3.02788683015e-09, 1.09799591641e-09, 4.22700693892e-11, 1.72797106485e-11, 2.94295490755e-11, 1.69365693345e-12, 1.70267730579e-13, 9.89275935476e-14, 8.95672967217e-15, 1.52183173967e-14, 4.31785039852e-14, 7.73011957721e-14, 9.65570041322e-15, 8.17566735662e-16, 1.19537672912e-15, 1.01590220018e-15, 2.02571754219e-16, 1.08179084174e-16, 4.56579478281e-17, 2.96859670111e-17, 1.79817335748e-17, 1.19967741318e-17, 8.97414946722e-18, 6.5591687855e-18, 5.03397553536e-18, 3.85641486381e-18, 2.88092883243e-18, 2.24354108912e-18, 1.74967083644e-18, 1.36188835848e-18],
        "dvar2": [2.55033529017e-11, 1.40577410823e-10, 7.95930077402e-09, 1.56497321768e-08, 5.49482450651e-08, 2.56071186477e-09, 3.05204466144e-08, 1.166366701e-07, 9.52860546022e-08, 2.1269668693e-08, 8.98079655087e-09, 2.69663202879e-09, 1.30973523693e-10, 2.76991797554e-11, 2.55797362458e-11, 2.94022748856e-12, 2.83540145573e-13, 1.93772583157e-13, 1.68946345629e-14, 2.83339517349e-14, 7.09977798666e-14, 1.31465544288e-13, 1.61150796483e-14, 1.50670644174e-15, 1.87063838269e-15, 1.74095710907e-15, 4.0268960105e-16, 2.13430306321e-16, 5.74006302737e-17, 4.42707924106e-17, 2.69969384974e-17, 1.28360051115e-17, 9.0796927503e-18, 6.65420315248e-18, 5.10586208008e-18, 3.91174125267e-18, 2.92022363384e-18, 2.27705927472e-18, 1.77533101302e-18, 1.38138924482e-18],
        "max": [5.3270105127e-05, 0.000130141328555, 0.00280943000689, 0.00251847086474, 0.00349909905344, 0.000427277642302, 0.0014422890963, 0.00474908715114, 0.00500900531188, 0.00250956322998, 0.000701871176716, 0.000487579964101, 7.06217979314e-05, 5.79723564442e-05, 6.92613539286e-05, 1.4997091057e-05, 4.5010069698e-06, 2.87907300844e-06, 8.79377466845e-07, 1.1521910892e-06, 2.26075894716e-06, 2.51976143772e-06, 8.31616432606e-07, 2.12892359741e-07, 2.86250241288e-07, 2.55353796774e-07, 1.16635192171e-07, 7.6141027705e-08, 6.20063929091e-08, 4.98836350005e-08, 4.12200691358e-08, 3.7407776432e-08, 3.31969651768e-08, 2.82807874896e-08, 2.47673987985e-08, 2.16746727233e-08, 1.87392732443e-08, 1.65303060129e-08, 1.45999701218e-08, 1.28858523851e-08],
        "mean": [1.17045738079e-05, 2.93061602861e-05, 0.000891445728485, 0.00106719089672, 0.00200091325678, 9.36668875511e-05, 0.000564493413549, 0.00260701170191, 0.0025377413258, 0.000743235927075, 0.00013150543964, 8.91157542355e-05, 4.78932452097e-06, 4.70394070362e-06, 5.09089250045e-06, 1.12525060558e-06, 4.49959117077e-07, 2.28403379765e-07, 4.33666755839e-08, 9.93183348896e-08, 1.72396070752e-07, 3.57094478431e-07, 1.4528232839e-07, 4.14119938341e-08, 5.27756824908e-08, 4.16053467234e-08, 1.62962976447e-08, 1.11711617734e-08, 7.40066496974e-09, 5.81617731754e-09, 3.7773562056e-09, 2.03604244575e-09, 7.53461126823e-10, 4.38731412311e-10, 3.73800324027e-10, 3.0094982062e-10, 2.39223391096e-10, 2.26880500498e-10, 2.0660875788e-10, 1.93986202102e-10],
        "median": [7.60723560234e-06, 2.0261904865e-05, 0.000624222797342, 0.000934203970246, 0.00203043292277, 7.5973715866e-05, 0.000561654218473, 0.00239675701596, 0.0021421937272, 0.000502099923324, 6.62140082568e-05, 3.70780689991e-05, 1.8582499024e-06, 1.30797536713e-06, 1.0021815342e-06, 3.40124643117e-07, 1.46700045889e-07, 8.97341365658e-08, 1.01702504196e-08, 5.04204145102e-08, 7.43588230989e-08, 2.21124281552e-07, 9.51017185002e-08, 2.57331649323e-08, 3.3025692403e-08, 2.38980994993e-08, 9.78373826399e-09, 7.42315675595e-09, 4.65647920223e-09, 3.47772122211e-09, 2.34855046521e-09, 1.22197640895e-09, 3.1948929613e-10, 1.60773797053e-10, 1.34630598336e-10, 9.06191024996e-11, 7.0421904419e-11, 7.4163418462e-11, 7.63554705574e-11, 6.58718635194e-11],
        "min": [4.47198033271e-07, 1.52345512561e-06, 1.76165995072e-05, 3.43733663613e-05, 2.66043371084e-05, 1.15560260383e-05, 9.90030730463e-06, 1.15524853754e-05, 1.59589362738e-05, 2.73870659839e-06, 2.73494634939e-07, 2.91125616059e-07, 1.76349288949e-07, 5.85899257999e-08, 3.42563097888e-08, 5.51974217444e-08, 2.44750282263e-08, 1.91495246327e-08, 3.40135453136e-09, 9.09728292697e-09, 1.7425868748e-08, 4.19344701186e-08, 1.01996535662e-08, 3.31042326884e-09, 5.18801979155e-09, 4.03316091635e-09, 1.51666879056e-09, 1.21750898252e-09, 6.1805299767e-10, 4.45280978756e-10, 2.58619098359e-10, 1.92258237108e-10, 7.24287088638e-11, 2.50832948162e-11, 2.05506393153e-11, 1.18526690199e-11, 1.14522774944e-11, 9.70293810576e-12, 8.20861607853e-12, 1.19966354559e-11],
        "var": [1.05921500737e-10, 6.12706829717e-10, 5.26758981323e-07, 2.47519324148e-07, 2.72670035883e-07, 5.60459678667e-09, 5.38732187749e-08, 9.85929204944e-07, 1.29078193822e-06, 4.02379072284e-07, 2.2893974716e-08, 1.2729138632e-08, 7.54129397817e-11, 8.62997659445e-11, 1.31742158849e-10, 5.12335920216e-12, 6.16637817197e-13, 2.20072956169e-13, 1.50117989057e-14, 2.61286743516e-14, 9.77077034732e-14, 1.54621812316e-13, 2.16744313198e-14, 1.76368903816e-15, 2.98210951037e-15, 2.10748340606e-15, 3.4834330541e-16, 1.5759552233e-16, 7.34641270449e-17, 4.63432802005e-17, 2.44371337932e-17, 1.33607097623e-17, 8.97178538503e-18, 6.50049148798e-18, 4.98410522982e-18, 3.8175762525e-18, 2.85566239383e-18, 2.22015483204e-18, 1.7304473658e-18, 1.34738054111e-18]
    },
    "mfcc": {
        "mean": [-826.382202148, 258.787017822, 38.0652275085, -0.552614808083, -35.2323989868, -54.6056060791, -20.643529892, -2.18836474419, -2.82709741592, -6.87194061279, -1.1540273428, -0.114944517612, -17.1712837219],
        "cov": [[528.336120605, 9.6357011795, -335.991088867, 8.16689872742, 10.0226831436, 11.9197502136, 42.023765564, -30.8264331818, 2.92065429688, -24.1662979126, -54.1232528687, -1.11035108566, 34.0274925232], [9.6357011795, 223.427566528, -14.3943300247, -309.957794189, -84.8037109375, 22.2312011719, 14.1998348236, 20.2944374084, -41.3062171936, 0.781503677368, 11.5688800812, -12.1488685608, -9.06024456024], [-335.991088867, -14.3943300247, 351.39743042, 107.392784119, -17.7090740204, -20.6828861237, -27.8834571838, 35.0411109924, 28.8145618439, 16.3733119965, 37.5707778931, 6.20719909668, -29.5794906616], [8.16689872742, -309.957794189, 107.392784119, 764.05090332, 185.122055054, -83.548210144, -13.3775434494, -21.7468929291, 113.676261902, -16.7344970703, -31.8935279846, 38.3275604248, 2.02011799812], [10.0226831436, -84.8037109375, -17.7090740204, 185.122055054, 76.6540222168, -6.88006877899, -3.11416935921, -6.7933511734, 23.3209457397, -10.2678546906, -13.7329378128, 9.45580005646, 9.35022258759], [11.9197502136, 22.2312011719, -20.6828861237, -83.548210144, -6.88006877899, 33.7702293396, 6.83109378815, 0.995401501656, -10.3702478409, -2.84589624405, 3.15751552582, -0.278797477484, 7.67572784424], [42.023765564, 14.1998348236, -27.8834571838, -13.3775434494, -3.11416935921, 6.83109378815, 18.7083930969, 4.24732255936, -7.49624824524, -8.93011283875, -9.04930591583, 2.28996491432, 6.50582027435], [-30.8264331818, 20.2944374084, 35.0411109924, -21.7468929291, -6.7933511734, 0.995401501656, 4.24732255936, 17.1482048035, 0.653998315334, -2.95565629005, -1.05117893219, -2.69032788277, -0.727904438972], [2.92065429688, -41.3062171936, 28.8145618439, 113.676261902, 23.3209457397, -10.3702478409, -7.49624824524, 0.653998315334, 35.8172416687, 9.28713512421, -1.79974043369, 2.23697447777, -3.8227493763], [-24.1662979126, 0.781503677368, 16.3733119965, -16.7344970703, -10.2678546906, -2.84589624405, -8.93011283875, -2.95565629005, 9.28713512421, 25.8776454926, 17.150018692, -4.23550987244, -7.78916835785], [-54.1232528687, 11.5688800812, 37.5707778931, -31.8935279846, -13.7329378128, 3.15751552582, -9.04930591583, -1.05117893219, -1.79974043369, 17.150018692, 28.1710128784, 4.47082614899, -6.91197538376], [-1.11035108566, -12.1488685608, 6.20719909668, 38.3275604248, 9.45580005646, -0.278797477484, 2.28996491432, -2.69032788277, 2.23697447777, -4.23550987244, 4.47082614899, 14.784368515, 5.04586744308], [34.0274925232, -9.06024456024, -29.5794906616, 2.02011799812, 9.35022258759, 7.67572784424, 6.50582027435, -0.727904438972, -3.8227493763, -7.78916835785, -6.91197538376, 5.04586744308, 13.6032590866]],
