{
"lowlevel": {
    "average_loudness": 0.985238075256,
    "barkbands_crest": {
        "dmean": 3.61204886436,
        "dmean2": 5.76820325851,
        "dvar": 9.59111499786,
        "dvar2": 23.4453868866,
        "max": 24.7163543701,
        "mean": 10.9220619202,
        "median": 10.0531816483,
        "min": 3.28571105003,
        "var": 26.2115058899
    },
    "barkbands_flatness_db": {
        "dmean": 0.031771145761,
        "dmean2": 0.0450138151646,
        "dvar": 0.00104029627983,
        "dvar2": 0.0020669864025,
        "max": 0.289508014917,
        "mean": 0.124250419438,
        "median": 0.100921429694,
        "min": 0.0410082824528,
        "var": 0.00385943497531
    },
    "barkbands_kurtosis": {
        "dmean": 7.92261838913,
        "dmean2": 11.402929306,
        "dvar": 166.798095703,
        "dvar2": 295.440155029,
        "max": 102.535461426,
        "mean": 11.1495866776,
        "median": 2.34388113022,
        "min": -0.84864449501,
        "var": 387.092498779
    },
    "barkbands_skewness": {
        "dmean": 0.909243345261,
        "dmean2": 1.28696739674,
        "dvar": 1.12884640694,
        "dvar2": 2.10533356667,
        "max": 9.03741359711,
        "mean": 2.53075218201,
        "median": 1.73397374153,
        "min": 0.474169313908,
        "var": 3.93637657166
    },
    "barkbands_spread": {
        "dmean": 6.00799608231,
        "dmean2": 9.18098640442,
        "dvar": 36.788230896,
        "dvar2": 70.3368530273,
        "max": 50.6499290466,
        "mean": 23.181892395,
        "median": 25.4895591736,
        "min": 2.24699378014,
        "var": 147.443695068
    },
    "dissonance": {
        "dmean": 0.0130309741944,
        "dmean2": 0.0204481203109,
        "dvar": 0.000223680341151,
        "dvar2": 0.00032381285564,
        "max": 0.496017038822,
        "mean": 0.474906980991,
        "median": 0.47787797451,
        "min": 0.346732139587,
        "var": 0.000305507855956
    },
    "dynamic_complexity": 2.40602374077,
    "erbbands_crest": {
        "dmean": 1.55815780163,
        "dmean2": 2.28170847893,
        "dvar": 2.68965983391,
        "dvar2": 6.23560237885,
        "max": 16.3839588165,
        "mean": 6.67446756363,
        "median": 5.93829488754,
        "min": 3.35901618004,
        "var": 6.90988492966
    },
    "erbbands_flatness_db": {
        "dmean": 0.00828176457435,
        "dmean2": 0.0128021221608,
        "dvar": 5.21414258401e-05,
        "dvar2": 0.000143229583045,
        "max": 0.155421152711,
        "mean": 0.115014739335,
        "median": 0.112773776054,
        "min": 0.0758000761271,
        "var": 0.000226301926887
    },
    "erbbands_kurtosis": {
        "dmean": 0.305256158113,
        "dmean2": 0.471655458212,
        "dvar": 0.10901799053,
        "dvar2": 0.302045941353,
        "max": 0.669058084488,
        "mean": -0.896271467209,
        "median": -0.916081666946,
        "min": -1.75526881218,
        "var": 0.191241562366
    },
    "erbbands_skewness": {
        "dmean": 0.212839558721,
        "dmean2": 0.306601554155,
        "dvar": 0.047876894474,
        "dvar2": 0.114320769906,
        "max": 1.37588369846,
        "mean": 0.1429554075,
        "median": 0.11025390029,
        "min": -0.668677508831,
        "var": 0.111067526042
    },
    "erbbands_spread": {
        "dmean": 10.3928155899,
        "dmean2": 15.6237077713,
        "dvar": 79.4618377686,
        "dvar2": 194.89352417,
        "max": 118.81325531,
        "mean": 59.5512619019,
        "median": 55.6382980347,
        "min": 27.5340080261,
        "var": 396.348999023
    },
    "hfc": {
        "dmean": 4.14455938339,
        "dmean2": 6.08665323257,
        "dvar": 38.6282157898,
        "dvar2": 75.3043441772,
        "max": 64.0222091675,
        "mean": 15.9726438522,
        "median": 13.3791971207,
        "min": 0.548231959343,
        "var": 93.1621322632
    },
    "melbands_crest": {
        "dmean": 4.21890878677,
        "dmean2": 6.62462043762,
        "dvar": 11.0189085007,
        "dvar2": 23.4867801666,
        "max": 30.6784210205,
        "mean": 16.9224433899,
        "median": 16.4839363098,
        "min": 5.26347637177,
        "var": 46.4314460754
    },
    "melbands_flatness_db": {
        "dmean": 0.0399568155408,
        "dmean2": 0.0580903738737,
        "dvar": 0.00149909080938,
        "dvar2": 0.00309798656963,
        "max": 0.409363210201,
        "mean": 0.215824604034,
        "median": 0.193570137024,
        "min": 0.099378913641,
        "var": 0.00594563269988
    },
    "melbands_kurtosis": {
        "dmean": 24.4760169983,
        "dmean2": 33.4440879822,
        "dvar": 1405.67468262,
        "dvar2": 2437.29589844,
        "max": 313.218414307,
        "mean": 40.8141746521,
        "median": 13.1445217133,
        "min": 0.980230569839,
        "var": 3684.64013672
    },
    "melbands_skewness": {
        "dmean": 1.37790250778,
        "dmean2": 1.98089778423,
        "dvar": 2.5222055912,
        "dvar2": 4.71486711502,
        "max": 13.7334947586,
        "mean": 4.4796962738,
        "median": 3.31113576889,
        "min": 1.08956062794,
        "var": 9.25751590729
    },
    "melbands_spread": {
        "dmean": 6.19417047501,
        "dmean2": 9.89368152618,
        "dvar": 40.469367981,
        "dvar2": 86.2494430542,
        "max": 45.4266738892,
        "mean": 18.9278793335,
        "median": 18.4187736511,
        "min": 1.13534677029,
        "var": 151.736785889
    },
    "pitch_salience": {
        "dmean": 0.107203729451,
        "dmean2": 0.165114983916,
        "dvar": 0.00882723648101,
        "dvar2": 0.0193581581116,
        "max": 0.789575517178,
        "mean": 0.497709602118,
        "median": 0.529967188835,
        "min": 0.156597003341,
        "var": 0.0258474722505
    },
    "silence_rate_20dB": {
        "dmean": 0.0333333350718,
        "dmean2": 0.0672268941998,
        "dvar": 0.0322221554816,
        "dvar2": 0.0795141682029,
        "max": 1,
        "mean": 0.975206613541,
        "median": 1,
        "min": 0,
        "var": 0.0241786204278
    },
    "silence_rate_30dB": {
        "dmean": 0.0833333358169,
        "dmean2": 0.168067231774,
        "dvar": 0.0763889327645,
        "dvar2": 0.139820545912,
        "max": 1,
        "mean": 0.876033067703,
        "median": 1,
        "min": 0,
        "var": 0.108599163592
    },
    "silence_rate_60dB": {
        "dmean": 0,
        "dmean2": 0,
        "dvar": 0,
        "dvar2": 0,
        "max": 0,
        "mean": 0,
        "median": 0,
        "min": 0,
        "var": 0
    },
    "spectral_centroid": {
        "dmean": 242.343643188,
        "dmean2": 344.403656006,
        "dvar": 46732.0898438,
        "dvar2": 78322.9140625,
        "max": 2448.08569336,
        "mean": 1322.61401367,
        "median": 1401.87670898,
        "min": 344.553466797,
        "var": 245207.453125
    },
    "spectral_complexity": {
        "dmean": 2.43333339691,
        "dmean2": 4.10084056854,
        "dvar": 5.21222019196,
        "dvar2": 11.3511781693,
        "max": 26,
        "mean": 16.9917354584,
        "median": 18,
        "min": 1,
        "var": 19.3800964355
    },
    "spectral_decrease": {
        "dmean": 9.52336520754e-09,
        "dmean2": 1.43753480231e-08,
        "dvar": 3.64547919194e-16,
        "dvar2": 9.09737843427e-16,
        "max": -2.12657724763e-10,
        "mean": -1.42226070921e-08,
        "median": -5.05236252835e-09,
        "min": -1.40750017863e-07,
        "var": 5.06952871761e-16
    },
    "spectral_energy": {
        "dmean": 0.0362689867616,
        "dmean2": 0.0547173283994,
        "dvar": 0.00527113070711,
        "dvar2": 0.0131344916299,
        "max": 0.537027895451,
        "mean": 0.0551281161606,
        "median": 0.0202823132277,
        "min": 0.000852346653119,
        "var": 0.00736035220325
    },
    "spectral_energyband_high": {
        "dmean": 0.000230276884395,
        "dmean2": 0.000363259576261,
        "dvar": 4.01853945675e-08,
        "dvar2": 8.47895691436e-08,
        "max": 0.00175970594864,
        "mean": 0.000763112155255,
        "median": 0.000710389402229,
        "min": 5.26568219357e-05,
        "var": 8.58267839021e-08
    },
    "spectral_energyband_low": {
        "dmean": 0.034899879247,
        "dmean2": 0.0528496056795,
        "dvar": 0.00529898703098,
        "dvar2": 0.0134951910004,
        "max": 0.507757902145,
        "mean": 0.0440660789609,
        "median": 0.0108264125884,
        "min": 0.000483642041218,
        "var": 0.00687375105917
    },
    "spectral_energyband_middle_high": {
        "dmean": 0.00062782788882,
        "dmean2": 0.000755994115025,
        "dvar": 4.84584006699e-07,
        "dvar2": 9.42060069065e-07,
        "max": 0.0103661622852,
        "mean": 0.00237343623303,
        "median": 0.00175966240931,
        "min": 5.03946139361e-05,
        "var": 3.28760688717e-06
    },
    "spectral_energyband_middle_low": {
        "dmean": 0.00324020395055,
        "dmean2": 0.00505409389734,
        "dvar": 5.01107570017e-05,
        "dvar2": 0.000116013623483,
        "max": 0.0656105130911,
        "mean": 0.00853180419654,
        "median": 0.00629837857559,
        "min": 0.000314789969707,
        "var": 6.93276888342e-05
    },
    "spectral_entropy": {
        "dmean": 0.128968790174,
        "dmean2": 0.20301809907,
        "dvar": 0.0160024724901,
        "dvar2": 0.0313220769167,
        "max": 8.29871749878,
        "mean": 7.80613327026,
        "median": 7.85035037994,
        "min": 7.08569335938,
        "var": 0.0577397197485
    },
    "spectral_flux": {
        "dmean": 0.0467181913555,
        "dmean2": 0.0789568051696,
        "dvar": 0.00366705935448,
        "dvar2": 0.00914780050516,
        "max": 0.466320246458,
        "mean": 0.111407123506,
        "median": 0.0774501785636,
        "min": 0.0278895683587,
        "var": 0.00785468332469
    },
    "spectral_kurtosis": {
        "dmean": 0.756265282631,
        "dmean2": 1.15264236927,
        "dvar": 0.368598282337,
        "dvar2": 0.573739409447,
        "max": 6.69112491608,
        "mean": 2.50502943993,
        "median": 2.3165140152,
        "min": 0.69499874115,
        "var": 1.34612679482
    },
    "spectral_rms": {
        "dmean": 0.00185854674783,
        "dmean2": 0.00259759952314,
        "dvar": 6.56185284242e-06,
        "dvar2": 1.36742883114e-05,
        "max": 0.0228895097971,
        "mean": 0.00611668173224,
        "median": 0.0044483281672,
        "min": 0.000911897863261,
        "var": 1.63697150128e-05
    },
    "spectral_rolloff": {
        "dmean": 528.281066895,
        "dmean2": 894.62298584,
        "dvar": 463670.46875,
        "dvar2": 984766.375,
        "max": 4995.703125,
        "mean": 1124.17578125,
        "median": 732.12890625,
        "min": 86.1328125,
        "var": 1034424.6875
    },
    "spectral_skewness": {
        "dmean": 0.170679748058,
        "dmean2": 0.233224049211,
        "dvar": 0.0155569957569,
        "dvar2": 0.0270004179329,
        "max": 2.06231760979,
        "mean": 1.21183562279,
        "median": 1.22945618629,
        "min": 0.641809165478,
        "var": 0.0724718570709
    },
    "spectral_spread": {
        "dmean": 354584.59375,
        "dmean2": 524285.375,
        "dvar": 236406456320,
        "dvar2": 233442705408,
        "max": 11813407,
        "mean": 5248708,
        "median": 5263759.5,
        "min": 3797330.75,
        "var": 900031315968
    },
    "spectral_strongpeak": {
        "dmean": 0.317834794521,
        "dmean2": 0.498663842678,
        "dvar": 0.116892255843,
        "dvar2": 0.286804497242,
        "max": 2.21780633926,
        "mean": 0.525954544544,
        "median": 0.331890404224,
        "min": 0,
        "var": 0.235214143991
    },
    "zerocrossingrate": {
        "dmean": 0.0106689454988,
        "dmean2": 0.0130358785391,
        "dvar": 7.4540184869e-05,
        "dvar2": 8.27355033834e-05,
        "max": 0.10888671875,
        "mean": 0.0523429438472,
        "median": 0.0556640625,
        "min": 0.0078125,
        "var": 0.000673178350553
    },
    "barkbands": {
        "dmean": [0.000316169200232, 0.0253513026983, 0.0129303736612, 0.00158195733093, 0.00180345727131, 0.000646999862511, 0.000509082397912, 0.000198001071112, 0.000224268427701, 5.05938405695e-05, 1.22374276543e-05, 3.81759746233e-05, 0.000100500656117, 0.000264266418526, 0.000121099154057, 3.51044327545e-05, 0.000133768422529, 4.93504740007e-05, 2.3189402782e-05, 2.33280898101e-05, 0.000137269875268, 8.30969511298e-05, 5.14459425176e-05, 6.23002324573e-06, 7.03586783857e-06, 4.46049034508e-06, 9.74126351139e-07],
        "dmean2": [0.000439654046204, 0.0427189543843, 0.0188598167151, 0.00271044881083, 0.00295577035286, 0.000888811948244, 0.000750891165808, 0.000323300453601, 0.000290502561256, 7.3985720519e-05, 1.7739361283e-05, 5.2506555221e-05, 0.000128185711219, 0.000367112690583, 0.000176618312253, 4.92210747325e-05, 0.000179219961865, 7.28152081138e-05, 3.49651709257e-05, 3.75520758098e-05, 0.000229877186939, 0.000115343413199, 9.76241644821e-05, 9.67837058852e-06, 1.18718971862e-05, 7.44605404179e-06, 1.57287399816e-06],
        "dvar": [2.67347957106e-07, 0.00375255546533, 0.000557565304916, 1.34202373374e-05, 2.51263372775e-05, 3.01556354998e-07, 5.12561427968e-07, 3.55785054751e-08, 3.24913465022e-08, 2.16664419739e-09, 2.11091588653e-10, 1.06760222884e-09, 6.97734359179e-09, 1.37119556598e-07, 2.81510317279e-08, 1.19687304512e-09, 4.02185200699e-08, 3.03068059537e-09, 6.78845479829e-10, 5.47704881448e-10, 1.67998379652e-08, 4.77517358988e-09, 1.81032977498e-09, 1.08591996506e-10, 3.62496699324e-11, 1.73650590435e-11, 1.10345229048e-12],
        "dvar2": [3.11372048145e-07, 0.0103943394497, 0.000985493883491, 3.07949267153e-05, 6.82463869452e-05, 5.862206649e-07, 1.24034022519e-06, 8.80756445554e-08, 5.92812305911e-08, 3.87225007614e-09, 4.31873509177e-10, 1.83777548735e-09, 1.06063859917e-08, 2.95211350476e-07, 5.01270669417e-08, 2.18068407776e-09, 7.91329668459e-08, 5.9207545533e-09, 1.61502100582e-09, 1.01865793578e-09, 4.21066879142e-08, 8.27636537082e-09, 5.80346393164e-09, 1.75854747431e-10, 7.15419667952e-11, 4.7077026305e-11, 2.81295321237e-12],
        "max": [0.00577718298882, 0.455199658871, 0.178372740746, 0.0231071449816, 0.0446178950369, 0.0055165248923, 0.00722987577319, 0.00169589417055, 0.0034881408792, 0.000511991383974, 0.000171658815816, 0.000272680714261, 0.00112191960216, 0.00516900513321, 0.00208837143146, 0.000335827382514, 0.00246485695243, 0.000433596665971, 0.00027296092594, 0.000238692300627, 0.000933581904974, 0.000706210150383, 0.000267908850219, 0.000131144508487, 7.11988031981e-05, 4.76487621199e-05, 1.16667360999e-05],
        "mean": [0.00043458896107, 0.0263091996312, 0.0167384427041, 0.00168277684133, 0.00206354400143, 0.00167063600384, 0.00136571319308, 0.000465321587399, 0.00122306018602, 0.000162941287272, 3.68605615222e-05, 8.35833343444e-05, 0.000227719356189, 0.000790700374637, 0.000319416198181, 0.00012781159603, 0.000438224495156, 0.000130561893457, 6.49727080599e-05, 7.50906037865e-05, 0.000333861244144, 0.000229368291912, 8.1145495642e-05, 2.14171541302e-05, 2.60450942733e-05, 1.68790429598e-05, 5.36481184099e-06],
        "median": [0.000305742025375, 0.00612965878099, 0.00256140017882, 0.000436467991676, 0.000654970994219, 0.00133307056967, 0.00115555233788, 0.00039752869634, 0.00103124056477, 0.000156255002366, 2.98961931549e-05, 6.63226528559e-05, 0.000187023440958, 0.000465365097625, 0.000210580808925, 0.000118653879326, 0.000348376604961, 0.000101125442598, 5.90112977079e-05, 7.03481709934e-05, 0.000303171837004, 0.00021616446611, 7.20948301023e-05, 1.79342641786e-05, 2.55351769738e-05, 1.62669093697e-05, 5.04608578922e-06],
        "min": [1.55010257004e-05, 0.000223057490075, 3.84742043025e-06, 2.16178086703e-05, 7.12801556801e-05, 5.673884516e-05, 3.9474973164e-05, 2.00206814043e-05, 4.6566610763e-06, 7.65029290051e-06, 5.16042200616e-06, 4.87516354042e-06, 6.96470351613e-06, 5.80866890232e-06, 6.7730761657e-06, 2.65639209829e-06, 3.92151423512e-06, 2.71602721114e-06, 3.36884204444e-06, 2.27952568821e-06, 3.23998065141e-05, 3.8616326492e-06, 8.53233177622e-06, 2.21213804252e-06, 1.83661791198e-06, 1.46899060383e-06, 1.26492602703e-06],
        "var": [3.38345017781e-07, 0.00357832806185, 0.00111653411295, 1.40970332723e-05, 2.08914625546e-05, 1.50739401761e-06, 7.38308699511e-07, 8.22138588319e-08, 7.20887101124e-07, 6.72748479147e-09, 5.39114031195e-10, 3.18129722565e-09, 2.96322362203e-08, 7.2028149134e-07, 1.10744714732e-07, 4.59007631903e-09, 1.76067729285e-07, 8.19765855198e-09, 1.08389219822e-09, 7.81184172904e-10, 2.88347159483e-08, 1.04344177743e-08, 2.23353491258e-09, 2.21369853004e-10, 8.69452843055e-11, 3.58139455592e-11, 2.4794235675e-12]
    },
    "erbbands": {
        "dmean": [0.373502135277, 6.90019321442, 17.2620830536, 7.3660993576, 7.37892198563, 5.44808530807, 3.50464224815, 5.77062511444, 7.24120140076, 5.01833105087, 2.82926392555, 3.92578959465, 4.27327060699, 0.7540127635, 0.4855273664, 2.33699035645, 4.48928928375, 5.14122438431, 16.3788967133, 1.64968168736, 4.4873752594, 5.77686166763, 2.35977339745, 2.72901248932, 0.461663097143, 1.22517979145, 2.9604985714, 6.96340799332, 2.95371007919, 2.42844247818, 1.32659316063, 0.196385517716, 0.108843892813, 0.0640261694789, 0.0694089159369, 0.0283596999943, 0.00631444808096, 0.00148976373021, 0.000134615518618, 4.51568994322e-05],
        "dmean2": [0.619288802147, 11.4499368668, 24.8016719818, 11.0570020676, 12.256152153, 9.02682590485, 5.31473970413, 7.77918624878, 10.7088050842, 8.17570114136, 4.41499185562, 5.22670221329, 5.5502166748, 1.05803048611, 0.687197864056, 3.04487657547, 5.70355939865, 6.7149682045, 23.2449893951, 2.34245038033, 6.25948858261, 7.53092956543, 3.15483903885, 4.03554677963, 0.718621134758, 1.91351175308, 5.36894845963, 11.0967445374, 4.30368614197, 3.72856616974, 2.47496938705, 0.329693108797, 0.165972024202, 0.102651178837, 0.125901073217, 0.0443187654018, 0.0104650314897, 0.0024291863665, 0.000234610473854, 6.74809125485e-05],
        "dvar": [0.779631316662, 264.36819458, 956.384887695, 175.427230835, 414.401977539, 146.503082275, 16.1696777344, 26.5649318695, 130.057540894, 16.0540447235, 9.90442943573, 10.8477783203, 11.830824852, 0.564295351505, 0.226794540882, 3.72960162163, 13.4542865753, 31.6859664917, 486.063140869, 3.07133412361, 31.9192123413, 76.7067642212, 4.98522853851, 17.4216480255, 0.162123501301, 1.52980470657, 6.0282626152, 46.1102218628, 7.61723327637, 3.25618505478, 1.38920426369, 0.0385421849787, 0.033820245415, 0.00682463264093, 0.00250124977902, 0.000627335393801, 3.0129796869e-05, 1.78966229214e-06, 1.72322813796e-08, 5.91426640995e-09],
        "dvar2": [2.20268058777, 722.518127441, 1903.33129883, 387.258544922, 1047.09191895, 402.035644531, 40.2092704773, 49.2138023376, 309.834442139, 47.3472290039, 22.7458286285, 20.234796524, 17.822183609, 1.08207631111, 0.495778053999, 5.65171384811, 20.2026519775, 51.2829551697, 1114.97717285, 4.72939252853, 59.3331871033, 154.521987915, 9.73600578308, 41.4431915283, 0.339520335197, 2.41107654572, 18.4074211121, 100.991386414, 14.3926467896, 8.62290668488, 4.43369722366, 0.0858185738325, 0.0501293949783, 0.0107702836394, 0.00686238287017, 0.00176272494718, 8.01112182671e-05, 5.25735686097e-06, 4.89456120079e-08, 1.43767602268e-08],
        "max": [6.65409469604, 119.831878662, 213.736877441, 95.3832321167, 188.101913452, 96.1622772217, 39.7763442993, 62.0637512207, 118.612136841, 36.9525566101, 33.4401092529, 62.7312088013, 55.4578399658, 9.42081832886, 5.79228019714, 21.9199733734, 46.0159683228, 85.9312744141, 287.067810059, 20.2061882019, 54.4491348267, 114.09602356, 23.3956718445, 38.2796211243, 3.73703026772, 12.9635057449, 19.447479248, 55.196056366, 26.5443439484, 15.1254835129, 9.13657855988, 2.34309124947, 2.42606472969, 1.10409510136, 0.403767049313, 0.314765840769, 0.047317110002, 0.0101338336244, 0.00131715426687, 0.00065585388802],
        "mean": [0.390468776226, 7.20706319809, 21.6348342896, 9.44860744476, 8.12977313995, 6.23274087906, 8.39607334137, 14.3622741699, 21.4439754486, 12.5978822708, 9.15644741058, 23.1406612396, 19.3701782227, 3.05194425583, 1.64348232746, 5.61871623993, 10.0598669052, 17.9236469269, 46.6248397827, 6.61344766617, 15.5198497772, 18.7483921051, 7.01868438721, 6.6716966629, 1.9504442215, 3.93013095856, 6.35697841644, 17.3872337341, 9.0516500473, 5.1416683197, 2.35508823395, 0.635140180588, 0.328439086676, 0.239190965891, 0.207294791937, 0.123828463256, 0.0167002156377, 0.00279291160405, 0.000637038319837, 0.000162130119861],
        "median": [0.0943602994084, 1.66558134556, 4.31116533279, 1.97386050224, 2.16020870209, 1.97090005875, 5.06720972061, 10.5805416107, 18.3492431641, 12.115196228, 7.31152296066, 20.2572212219, 16.056022644, 2.38395643234, 1.4696739912, 4.72612571716, 8.6752614975, 12.6324501038, 24.8761291504, 5.21702194214, 13.3893785477, 15.2173957825, 5.98748159409, 5.54119491577, 1.87907195091, 3.70016074181, 5.86894845963, 15.4072141647, 8.29661941528, 4.7110042572, 2.07999157906, 0.566961824894, 0.269365757704, 0.214975714684, 0.200476557016, 0.118557274342, 0.0153097705916, 0.00240986444987, 0.000602445332333, 0.000123751378851],
        "min": [0.00346403196454, 0.0538157485425, 0.0346744768322, 0.0984496474266, 0.108126476407, 0.291462808847, 0.257322788239, 0.545043766499, 0.588234841824, 0.594339609146, 0.298111140728, 0.10307546705, 0.18590708077, 0.294734150171, 0.178066015244, 0.209884881973, 0.32376229763, 0.284292161465, 0.408144980669, 0.195983469486, 0.144166275859, 0.241926699877, 0.175980821252, 0.104254588485, 0.209183648229, 0.138920217752, 0.517756700516, 1.67834043503, 0.232171237469, 0.229751482606, 0.2419577986, 0.0653605088592, 0.0257680490613, 0.0151438098401, 0.0141217662022, 0.00678052473813, 0.00305547961034, 0.000753027386963, 0.00015952080139, 2.10520956898e-05],
        "var": [0.786098241806, 260.48638916, 1717.23937988, 296.856628418, 388.255523682, 138.374343872, 56.576965332, 127.870094299, 194.019226074, 35.6919021606, 31.9334068298, 238.400848389, 170.87437439, 3.21758747101, 0.705232203007, 15.2714624405, 54.2666625977, 218.298370361, 2617.46020508, 22.0086345673, 121.199699402, 328.460906982, 21.0760879517, 24.8065032959, 0.338322341442, 2.45574450493, 9.02585124969, 84.8385543823, 14.3663263321, 7.42447423935, 1.66719794273, 0.0938670039177, 0.0724809169769, 0.0163717828691, 0.00456016603857, 0.00170269876253, 5.68399409531e-05, 2.56300040746e-06, 3.63097356626e-08, 9.19049369941e-09]
    },
    "gfcc": {
        "mean": [24.4411144257, 83.3295516968, -94.8192825317, 43.1641807556, -51.4489936829, 11.3794412613, -29.2561950684, 2.40109395981, -0.525190412998, 17.4010639191, -24.5466194153, 1.56795918941, -12.2344932556],
        "cov": [[523.472106934, 294.792205811, 21.3932704926, 54.6450119019, 149.855484009, 38.828792572, -25.4913101196, 18.1267585754, 22.9990749359, -42.032119751, -32.5533027649, -39.7450027466, -8.15022277832], [294.792205811, 333.067840576, 53.3062667847, 55.4652442932, 193.812728882, 41.9940032959, -9.09512901306, 1.08691418171, 10.2163791656, -48.1370162964, -32.2336273193, -47.9280662537, -13.223441124], [21.3932704926, 53.3062667847, 337.989074707, 219.086929321, 45.9238548279, 51.3115463257, 89.9846496582, -20.3989086151, -25.2028751373, -6.99251031876, -23.724615097, -61.0759849548, -56.8845787048], [54.6450119019, 55.4652442932, 219.086929321, 166.457015991, 46.7686882019, 40.2182235718, 62.4345855713, -6.15610551834, -10.1913614273, -9.04827880859, -18.9248790741, -44.802406311, -38.7625923157], [149.855484009, 193.812728882, 45.9238548279, 46.7686882019, 163.43170166, 46.9878349304, 14.2220163345, 19.8928089142, 13.3561220169, -20.8254833221, -11.7115306854, -34.2015571594, -27.4799098969], [38.828792572, 41.9940032959, 51.3115463257, 40.2182235718, 46.9878349304, 41.21717453, 25.8265018463, 16.7810554504, 8.72027397156, 1.27046322823, 1.86592805386, -20.2266864777, -16.593914032], [-25.4913101196, -9.09512901306, 89.9846496582, 62.4345855713, 14.2220163345, 25.8265018463, 58.1428375244, 20.1949367523, 10.0354528427, 16.7585067749, 5.83402967453, -10.4422883987, -18.2623233795], [18.1267585754, 1.08691418171, -20.3989086151, -6.15610551834, 19.8928089142, 16.7810554504, 20.1949367523, 39.6816864014, 25.2513198853, 17.0472106934, 14.1797494888, 5.49252271652, -1.57379305363], [22.9990749359, 10.2163791656, -25.2028751373, -10.1913614273, 13.3561220169, 8.72027397156, 10.0354528427, 25.2513198853, 35.9073104858, 21.4578933716, 8.69491195679, 8.93476963043, 8.08475589752], [-42.032119751, -48.1370162964, -6.99251031876, -9.04827880859, -20.8254833221, 1.27046322823, 16.7585067749, 17.0472106934, 21.4578933716, 40.2828788757, 16.8547763824, 12.297296524, 4.44346475601], [-32.5533027649, -32.2336273193, -23.724615097, -18.9248790741, -11.7115306854, 1.86592805386, 5.83402967453, 14.1797494888, 8.69491195679, 16.8547763824, 28.4744338989, 16.2496757507, 8.64143657684], [-39.7450027466, -47.9280662537, -61.0759849548, -44.802406311, -34.2015571594, -20.2266864777, -10.4422883987, 5.49252271652, 8.93476963043, 12.297296524, 16.2496757507, 36.4490280151, 24.5092544556], [-8.15022277832, -13.223441124, -56.8845787048, -38.7625923157, -27.4799098969, -16.593914032, -18.2623233795, -1.57379305363, 8.08475589752, 4.44346475601, 8.64143657684, 24.5092544556, 38.6509246826]],
        "icov": [[0.00565131381154, -0.00719078723341, 0.00161591707729, -0.00577996438369, 0.00549347884953, -0.00317795923911, 0.0083731720224, -0.0078422985971, 0.000145573358168, -0.0012004589662, 0.00217404495925, -0.00360250333324, 0.00339730246924], [-0.00719078723341, 0.0270679593086, -0.00607885047793, 0.00939829368144, -0.0280561074615, 0.0112742157653, -0.00626366119832, 0.0123673956841, -0.0103591261432, 0.0111618191004, -0.00125279673375, 0.0178164560348, -0.0194736607373], [0.00161591707729, -0.00607885047793, 0.0321465432644, -0.0333005860448, 0.00595813989639, -0.00721519626677, -0.0152688855305, 0.0170003660023, 0.0111930361018, -0.0107561489567, -0.000715887057595, -0.00239565549418, 0.00736661395058], [-0.00577996438369, 0.00939829368144, -0.0333005860448, 0.0575950592756, -0.00882396195084, 0.00479555968195, -0.0150686884299, 0.00292743626051, -0.0129470201209, 0.0156202604994, 0.00185108580627, 0.0134774344042, -0.00851533282548], [0.00549347884953, -0.0280561074615, 0.00595813989639, -0.00882396195084, 0.0426721200347, -0.0216434095055, 0.00750855356455, -0.0134931569919, 0.00287332152948, -0.00278176530264, 0.000299233623082, -0.0168294627219, 0.0258480012417], [-0.00317795923911, 0.0112742157653, -0.00721519626677, 0.00479555968195, -0.0216434095055, 0.0785353183746, -0.0137921860442, -0.0124188996851, -0.0128166610375, 0.0116542438045, -0.023292420432, 0.0448178052902, -0.0131865302101], [0.0083731720224, -0.00626366119832, -0.0152688855305, -0.0150686884299, 0.00750855356455, -0.0137921860442, 0.0842491015792, -0.0489469766617, 0.00184063834604, -0.0138121256605, 0.00525096058846, -0.0173808932304, 0.0103200627491], [-0.0078422985971, 0.0123673956841, 0.0170003660023, 0.00292743626051, -0.0134931569919, -0.0124188996851, -0.0489469766617, 0.103181488812, -0.0385640487075, 0.00846493430436, -0.0214982815087, 0.00188671902288, 0.00738636637107], [0.000145573358168, -0.0103591261432, 0.0111930361018, -0.0129470201209, 0.00287332152948, -0.0128166610375, 0.00184063834604, -0.0385640487075, 0.0943971350789, -0.0494496487081, 0.0242713894695, -0.0175354070961, -0.0125521747395], [-0.0012004589662, 0.0111618191004, -0.0107561489567, 0.0156202604994, -0.00278176530264, 0.0116542438045, -0.0138121256605, 0.00846493430436, -0.0494496487081, 0.072065345943, -0.0250777173787, 0.011921162717, 0.00035086000571], [0.00217404495925, -0.00125279673375, -0.000715887057595, 0.00185108580627, 0.000299233623082, -0.023292420432, 0.00525096058846, -0.0214982815087, 0.0242713894695, -0.0250777173787, 0.0767180174589, -0.0345928929746, -0.0047592674382], [-0.00360250333324, 0.0178164560348, -0.00239565549418, 0.0134774344042, -0.0168294627219, 0.0448178052902, -0.0173808932304, 0.00188671902288, -0.0175354070961, 0.011921162717, -0.0345928929746, 0.109007656574, -0.0446251519024], [0.00339730246924, -0.0194736607373, 0.00736661395058, -0.00851533282548, 0.0258480012417, -0.0131865302101, 0.0103200627491, 0.00738636637107, -0.0125521747395, 0.00035086000571, -0.0047592674382, -0.0446251519024, 0.0720682963729]]
    },
    "melbands": {
        "dmean": [0.00526657374576, 0.00908640492707, 0.00133233342785, 0.000484825402964, 0.000133231995278, 0.000127615581732, 0.000104885941255, 4.75659762742e-05, 2.06327604246e-05, 3.09865754389e-05, 2.177423994e-05, 3.83517817681e-06, 1.85757517102e-06, 1.82770349966e-06, 1.52329630509e-05, 4.52553967989e-06, 1.13108299047e-05, 3.37889978255e-05, 4.78282618133e-06, 1.61549257882e-06, 7.21638252799e-06, 7.60527291277e-06, 3.81065274269e-06, 1.47677803852e-06, 2.499350785e-06, 4.8588918844e-07, 5.30698912371e-07, 9.64917262536e-07, 1.70464488747e-06, 3.26938607031e-06, 4.06780918638e-06, 1.91788376469e-06, 1.8392140646e-06, 1.14237423077e-06, 9.12440270895e-07, 2.64543501771e-07, 9.91832891373e-08, 8.81735928715e-08, 6.69028068501e-08, 5.56054580159e-08],
        "dmean2": [0.00897171907127, 0.0132559258491, 0.00199399795383, 0.00077638158109, 0.000208908299101, 0.000173337175511, 0.000157520669745, 7.80080808909e-05, 3.20356957673e-05, 3.97055810026e-05, 2.84694360744e-05, 5.4397319218e-06, 2.63734636974e-06, 2.52853033089e-06, 1.89225011127e-05, 6.16844135948e-06, 1.46981974467e-05, 4.82468749397e-05, 6.62189768263e-06, 2.32656543631e-06, 1.00165689219e-05, 1.04015043689e-05, 4.87751867695e-06, 2.25789926844e-06, 3.70494535673e-06, 8.20938396373e-07, 7.88777924754e-07, 1.5371634845e-06, 3.18552361023e-06, 5.31995783604e-06, 6.46814623906e-06, 2.89005038212e-06, 2.60642968897e-06, 2.01834996005e-06, 1.70673718003e-06, 4.85325244881e-07, 1.6881021736e-07, 1.36276327112e-07, 1.06570837488e-07, 8.80471162645e-08],
        "dvar": [0.000169173974427, 0.00031529791886, 5.46168439541e-06, 1.6227775177e-06, 2.84657595273e-08, 1.14532534568e-08, 2.73197446887e-08, 1.70015246326e-09, 5.49944034756e-10, 5.82234427338e-10, 3.04610087154e-10, 1.33123703033e-11, 4.24393202872e-12, 2.07111498091e-12, 1.65740726699e-10, 1.30601467141e-11, 1.65518737605e-10, 2.17875339992e-09, 2.40855582007e-11, 2.76903239921e-12, 9.03480346093e-11, 1.5655400587e-10, 1.60470768618e-11, 2.99503564311e-12, 1.44293734947e-11, 1.79728817549e-13, 2.710600841e-13, 8.61496746336e-13, 2.42158420052e-12, 7.74462959041e-12, 1.56830937126e-11, 3.89018201333e-12, 1.73892833726e-12, 9.78075042832e-13, 7.05209599484e-13, 5.53787057715e-14, 1.58720625076e-14, 1.77108304286e-14, 1.330387047e-14, 3.74255112646e-15],
        "dvar2": [0.000470780796604, 0.000751932733692, 1.20360418805e-05, 4.29410283687e-06, 7.74573507556e-08, 2.10661887934e-08, 6.47936531095e-08, 4.66557903422e-09, 1.1733054528e-09, 1.13751830177e-09, 4.60998822449e-10, 2.45901736473e-11, 9.33126839686e-12, 4.51261640902e-12, 2.47784459617e-10, 2.03891313555e-11, 2.57262822156e-10, 5.05110619997e-09, 3.53670183417e-11, 5.47805290713e-12, 1.68317221272e-10, 3.21271370618e-10, 2.43195099475e-11, 6.67437372731e-12, 3.43393750935e-11, 4.32140461653e-13, 5.78651384621e-13, 1.49504649112e-12, 7.21243247417e-12, 2.20926905242e-11, 3.20596292569e-11, 8.28164880423e-12, 3.46697800677e-12, 2.76525352096e-12, 2.22903791779e-12, 1.64388752719e-13, 3.27322499346e-14, 2.95935219147e-14, 2.01349929839e-14, 6.30682563669e-15],
        "max": [0.099137365818, 0.122816793621, 0.0151450755075, 0.0116091575474, 0.00135314941872, 0.00123817659914, 0.00168606778607, 0.000366953987395, 0.000233155369642, 0.00049668981228, 0.00028704336728, 3.86533574783e-05, 2.36642372329e-05, 1.47267555803e-05, 0.000157599279191, 4.55737354059e-05, 0.000192238512682, 0.000612658855971, 5.60361295356e-05, 1.7705197024e-05, 8.71845841175e-05, 0.000149746789248, 4.29843457823e-05, 1.48527060446e-05, 3.48079520336e-05, 3.24806319441e-06, 5.32960939381e-06, 9.16144563234e-06, 1.05422432171e-05, 1.69980048668e-05, 3.3544456528e-05, 1.75362529262e-05, 1.13091355161e-05, 7.46280875319e-06, 6.29480837233e-06, 1.98914858629e-06, 1.29196132548e-06, 1.72239936092e-06, 1.39247504194e-06, 7.84058670433e-07],
        "mean": [0.00556490710005, 0.0111230835319, 0.00178191007581, 0.000546524301171, 0.000263599591563, 0.000341972627211, 0.000299152685329, 0.000127058694488, 6.87578212819e-05, 0.000174675995368, 0.000100013850897, 1.18106809168e-05, 5.67017286812e-06, 4.89142075821e-06, 3.31994961016e-05, 1.16618684842e-05, 3.67572356481e-05, 9.42691840464e-05, 1.38681907629e-05, 5.97423650106e-06, 2.3080736355e-05, 2.41314428422e-05, 9.95077061816e-06, 3.97577969125e-06, 5.81922586207e-06, 1.40323766118e-06, 1.44510568134e-06, 2.7874918942e-06, 3.16874661621e-06, 6.88474437993e-06, 1.04074761111e-05, 5.1946608437e-06, 4.02303840019e-06, 2.11684300666e-06, 1.49205345679e-06, 6.34969580915e-07, 2.9301506288e-07, 2.36481255911e-07, 1.86478530395e-07, 2.01474094297e-07],
        "median": [0.00146886031143, 0.00227801501751, 0.000428172643296, 0.000148458202602, 0.000168321217643, 0.00026882981183, 0.000255488121184, 0.00011654869013, 5.86439564358e-05, 0.000148385937791, 8.12241414678e-05, 9.78233674687e-06, 5.03873161506e-06, 4.33215745943e-06, 2.66141087195e-05, 1.0884290532e-05, 2.58839390881e-05, 4.57516580354e-05, 1.10467381091e-05, 5.6247304201e-06, 1.94932999875e-05, 1.89801357919e-05, 7.87768840382e-06, 3.25042560689e-06, 4.80680319015e-06, 1.32266472974e-06, 1.35304003379e-06, 2.64520372184e-06, 2.52667291534e-06, 6.10064398643e-06, 9.58881537372e-06, 4.68900771011e-06, 3.69653821508e-06, 1.98697625819e-06, 1.26883867324e-06, 5.99340864937e-07, 2.46695975648e-07, 1.86756480502e-07, 1.58584100518e-07, 1.83493142458e-07],
        "min": [4.68376019853e-05, 4.99701709487e-05, 1.74648066604e-05, 1.19539354273e-05, 9.461566151e-06, 1.20435379358e-05, 8.85435656528e-06, 6.22967127129e-06, 1.90143293821e-06, 6.49818730381e-07, 9.44648377299e-07, 1.21287121146e-06, 6.43725741156e-07, 4.95475603657e-07, 7.4672698247e-07, 6.08236746302e-07, 5.15160877512e-07, 6.58028113776e-07, 4.38634685906e-07, 1.70391274423e-07, 1.49626174561e-07, 2.06894270605e-07, 2.79802605974e-07, 1.05112292204e-07, 7.00102305018e-08, 1.55943467917e-07, 1.21663248365e-07, 7.05029989945e-08, 2.17338339326e-07, 6.88803879711e-07, 9.344666978e-07, 8.38769125266e-08, 6.43260449351e-08, 1.55133108137e-07, 1.68472311657e-07, 4.59346765069e-08, 3.78514783961e-08, 1.81735977378e-08, 1.38559181906e-08, 1.21340475445e-08],
        "var": [0.000162553071277, 0.000452027568826, 9.37850472837e-06, 1.46231616327e-06, 5.69459892574e-08, 5.56508936711e-08, 3.92180012909e-08, 3.67026453674e-09, 1.78664372186e-09, 1.47921497273e-08, 4.69602268183e-09, 5.47715067745e-11, 1.07100005947e-11, 6.92906843014e-12, 6.69144739618e-10, 5.47138306883e-11, 9.80059922107e-10, 1.14038654075e-08, 1.18286574979e-10, 1.1644121431e-11, 3.25643595422e-10, 5.94192084424e-10, 6.60139720665e-11, 6.25621603134e-12, 2.03095457119e-11, 3.69692530712e-13, 4.07872086799e-13, 1.37847892823e-12, 3.21303075292e-12, 1.26657573318e-11, 3.06890762802e-11, 6.17874284722e-12, 4.36312271035e-12, 1.53197777814e-12, 7.96494109816e-13, 8.79914495216e-14, 2.92899419183e-14, 3.70267205297e-14, 2.60714335591e-14, 1.02249810927e-14]
    },
    "mfcc": {
        "mean": [-626.776428223, 116.653205872, 13.8629274368, 38.2279663086, 1.32084226608, 23.2596492767, -19.7318572998, 0.087013117969, 14.7146701813, 4.83744049072, 15.923658371, 6.04881858826, -7.96538829803],
        "cov": [[512.209533691, 230.281585693, -73.3681716919, 16.4323425293, 121.67615509, 10.1103029251, -16.8285903931, 38.0559005737, 35.6620330811, 8.42540168762, 23.5448646545, -21.8830852509, -47.6834487915], [230.281585693, 295.685882568, -69.9000778198, 33.7890853882, 149.426483154, 39.243434906, 21.3443927765, 39.4979820251, 30.669839859, 12.5860471725, 16.9046878815, -14.4364328384, -49.5871162415], [-73.3681716919, -69.9000778198, 293.826873779, 162.38722229, -6.04415655136, 86.7276382446, 80.5848083496, 8.04274463654, 2.27552747726, 24.673078537, -2.4825296402, 1.80826699734, 32.9414558411], [16.4323425293, 33.7890853882, 162.38722229, 143.199981689, 41.8298606873, 72.3233413696, 60.0350379944, 24.7317905426, 16.8586673737, 20.1777877808, 7.10675191879, 0.175974398851, 12.1909761429], [121.67615509, 149.426483154, -6.04415655136, 41.8298606873, 113.368034363, 40.4986763, 34.768611908, 35.0162811279, 18.8600502014, 16.2486934662, 13.1706905365, -3.81925868988, -21.6227378845], [10.1103029251, 39.243434906, 86.7276382446, 72.3233413696, 40.4986763, 58.0066871643, 41.4959182739, 18.3241615295, 11.5580282211, 18.4488124847, 8.04391860962, 2.88635516167, 2.25794219971], [-16.8285903931, 21.3443927765, 80.5848083496, 60.0350379944, 34.768611908, 41.4959182739, 62.9440307617, 22.747592926, 6.41762685776, 20.3939647675, 14.7560300827, 11.7646226883, 8.62291240692], [38.0559005737, 39.4979820251, 8.04274463654, 24.7317905426, 35.0162811279, 18.3241615295, 22.747592926, 34.4140129089, 15.6251382828, 11.705198288, 13.2402191162, 9.21125125885, 1.86433947086], [35.6620330811, 30.669839859, 2.27552747726, 16.8586673737, 18.8600502014, 11.5580282211, 6.41762685776, 15.6251382828, 31.8022441864, 15.712594986, 13.2710552216, 5.65714120865, 3.6029009819], [8.42540168762, 12.5860471725, 24.673078537, 20.1777877808, 16.2486934662, 18.4488124847, 20.3939647675, 11.705198288, 15.712594986, 37.1428108215, 19.1542282104, 9.72495079041, 5.40391874313], [23.5448646545, 16.9046878815, -2.4825296402, 7.10675191879, 13.1706905365, 8.04391860962, 14.7560300827, 13.2402191162, 13.2710552216, 19.1542282104, 32.8804588318, 17.0172939301, 7.12705898285], [-21.8830852509, -14.4364328384, 1.80826699734, 0.175974398851, -3.81925868988, 2.88635516167, 11.7646226883, 9.21125125885, 5.65714120865, 9.72495079041, 17.0172939301, 26.7635879517, 13.0352563858], [-47.6834487915, -49.5871162415, 32.9414558411, 12.1909761429, -21.6227378845, 2.25794219971, 8.62291240692, 1.86433947086, 3.6029009819, 5.40391874313, 7.12705898285, 13.0352563858, 26.4855117798]],
