{
"lowlevel": {
    "average_loudness": 0.985144853592,
    "barkbands_crest": {
        "dmean": 1.72965288162,
        "dmean2": 2.72681283951,
        "dvar": 3.45513153076,
        "dvar2": 9.02949142456,
        "max": 23.5470428467,
        "mean": 14.7658243179,
        "median": 13.9118347168,
        "min": 4.81043481827,
        "var": 31.1817417145
    },
    "barkbands_flatness_db": {
        "dmean": 0.0167212989181,
        "dmean2": 0.0222048871219,
        "dvar": 0.000643643259536,
        "dvar2": 0.000835255777929,
        "max": 0.492087483406,
        "mean": 0.397401362658,
        "median": 0.417244523764,
        "min": 0.179362505674,
        "var": 0.00566320354119
    },
    "barkbands_kurtosis": {
        "dmean": 2.62092614174,
        "dmean2": 4.32572174072,
        "dvar": 19.2638893127,
        "dvar2": 43.8648757935,
        "max": 60.1022720337,
        "mean": 11.6201171875,
        "median": 3.61452817917,
        "min": -0.53862452507,
        "var": 278.63671875
    },
    "barkbands_skewness": {
        "dmean": 0.291764438152,
        "dmean2": 0.474585413933,
        "dvar": 0.107609584928,
        "dvar2": 0.210998862982,
        "max": 5.6284828186,
        "mean": 1.43263542652,
        "median": 0.872055053711,
        "min": -0.647207438946,
        "var": 3.3158967495
    },
    "barkbands_spread": {
        "dmean": 0.590561926365,
        "dmean2": 0.970258355141,
        "dvar": 2.39942884445,
        "dvar2": 6.59350061417,
        "max": 15.6112680435,
        "mean": 2.47068476677,
        "median": 1.72755765915,
        "min": 0.657776296139,
        "var": 4.33469152451
    },
    "dissonance": {
        "dmean": 0.0515995174646,
        "dmean2": 0.0900716334581,
        "dvar": 0.00205637444742,
        "dvar2": 0.00558469258249,
        "max": 0.476790457964,
        "mean": 0.342633038759,
        "median": 0.324673146009,
        "min": 0.18516048789,
        "var": 0.00376811018214
    },
    "dynamic_complexity": 1.26400852203,
    "erbbands_crest": {
        "dmean": 1.81589782238,
        "dmean2": 2.90295577049,
        "dvar": 4.24716520309,
        "dvar2": 9.15609836578,
        "max": 23.1377925873,
        "mean": 15.026471138,
        "median": 14.7424907684,
        "min": 6.03679084778,
        "var": 21.955121994
    },
    "erbbands_flatness_db": {
        "dmean": 0.0124192703515,
        "dmean2": 0.0172192119062,
        "dvar": 0.000461168005131,
        "dvar2": 0.000561862718314,
        "max": 0.497135698795,
        "mean": 0.41414809227,
        "median": 0.421635687351,
        "min": 0.156812220812,
        "var": 0.0035404432565
    },
    "erbbands_kurtosis": {
        "dmean": 1.98905110359,
        "dmean2": 3.32841730118,
        "dvar": 10.3959875107,
        "dvar2": 26.3691692352,
        "max": 27.9051685333,
        "mean": 7.49338960648,
        "median": 5.39897346497,
        "min": -1.7604278326,
        "var": 37.5382995605
    },
    "erbbands_skewness": {
        "dmean": 0.306524902582,
        "dmean2": 0.498031407595,
        "dvar": 0.0926159843802,
        "dvar2": 0.247994109988,
        "max": 3.36594319344,
        "mean": 1.16736650467,
        "median": 0.889393866062,
        "min": -0.74630022049,
        "var": 1.01570689678
    },
    "erbbands_spread": {
        "dmean": 1.30220854282,
        "dmean2": 2.11315965652,
        "dvar": 15.5527000427,
        "dvar2": 39.1388816833,
        "max": 36.9397163391,
        "mean": 5.75368928909,
        "median": 4.98271942139,
        "min": 1.20200324059,
        "var": 18.6158027649
    },
    "hfc": {
        "dmean": 2.68429303169,
        "dmean2": 4.42943000793,
        "dvar": 17.4275588989,
        "dvar2": 41.5206756592,
        "max": 46.1709060669,
        "mean": 17.7433853149,
        "median": 13.7280902863,
        "min": 0.180347815156,
        "var": 106.548339844
    },
    "melbands_crest": {
        "dmean": 1.95391523838,
        "dmean2": 3.05310630798,
        "dvar": 4.12973737717,
        "dvar2": 11.4387702942,
        "max": 24.2220077515,
        "mean": 15.9086427689,
        "median": 16.8858146667,
        "min": 6.37259244919,
        "var": 20.6423587799
    },
    "melbands_flatness_db": {
        "dmean": 0.0166201740503,
        "dmean2": 0.0210702978075,
        "dvar": 0.000719795003533,
        "dvar2": 0.000971765024588,
        "max": 0.584840238094,
        "mean": 0.479338854551,
        "median": 0.509152531624,
        "min": 0.237729623914,
        "var": 0.00828813388944
    },
    "melbands_kurtosis": {
        "dmean": 1.79218018055,
        "dmean2": 2.79073047638,
        "dvar": 8.41331100464,
        "dvar2": 14.8965158463,
        "max": 56.1020202637,
        "mean": 7.29258537292,
        "median": 2.82707214355,
        "min": -1.05057954788,
        "var": 99.5317153931
    },
    "melbands_skewness": {
        "dmean": 0.24788787961,
        "dmean2": 0.403007417917,
        "dvar": 0.139316678047,
        "dvar2": 0.286635011435,
        "max": 5.60705852509,
        "mean": 1.06768488884,
        "median": 0.782936871052,
        "min": -0.752228617668,
        "var": 1.7140276432
    },
    "melbands_spread": {
        "dmean": 0.789444744587,
        "dmean2": 1.30132246017,
        "dvar": 2.7932639122,
        "dvar2": 7.55756139755,
        "max": 17.0302314758,
        "mean": 4.09335660934,
        "median": 2.76414132118,
        "min": 1.1687451601,
        "var": 10.0074119568
    },
    "pitch_salience": {
        "dmean": 0.0549011752009,
        "dmean2": 0.089510306716,
        "dvar": 0.00281041068956,
        "dvar2": 0.00616856245324,
        "max": 0.855920612812,
        "mean": 0.560878276825,
        "median": 0.572394788265,
        "min": 0.280174106359,
        "var": 0.0278672911227
    },
    "silence_rate_20dB": {
        "dmean": 0,
        "dmean2": 0,
        "dvar": 0,
        "dvar2": 0,
        "max": 1,
        "mean": 1,
        "median": 1,
        "min": 1,
        "var": 0
    },
    "silence_rate_30dB": {
        "dmean": 0,
        "dmean2": 0,
        "dvar": 0,
        "dvar2": 0,
        "max": 1,
        "mean": 1,
        "median": 1,
        "min": 1,
        "var": 0
    },
    "silence_rate_60dB": {
        "dmean": 0,
        "dmean2": 0,
        "dvar": 0,
        "dvar2": 0,
        "max": 0,
        "mean": 0,
        "median": 0,
        "min": 0,
        "var": 0
    },
    "spectral_centroid": {
        "dmean": 30.7293548584,
        "dmean2": 49.6620101929,
        "dvar": 7181.00976562,
        "dvar2": 18373.03125,
        "max": 1237.67700195,
        "mean": 481.332519531,
        "median": 418.902008057,
        "min": 287.158660889,
        "var": 30020.7226562
    },
    "spectral_complexity": {
        "dmean": 1.40666663647,
        "dmean2": 2.26174497604,
        "dvar": 4.25462245941,
        "dvar2": 8.81068325043,
        "max": 30,
        "mean": 9.72847652435,
        "median": 9,
        "min": 2,
        "var": 30.1315803528
    },
    "spectral_decrease": {
        "dmean": 1.18768672674e-09,
        "dmean2": 1.97194927054e-09,
        "dvar": 2.21733766167e-18,
        "dvar2": 5.46333355847e-18,
        "max": -1.43886957904e-10,
        "mean": -9.02797836488e-09,
        "median": -8.559212894e-09,
        "min": -1.50073269367e-08,
        "var": 6.84895703745e-18
    },
    "spectral_energy": {
        "dmean": 0.00471223099157,
        "dmean2": 0.00781228067353,
        "dvar": 3.53812101821e-05,
        "dvar2": 8.74890974956e-05,
        "max": 0.0606923513114,
        "mean": 0.0356830023229,
        "median": 0.0333718582988,
        "min": 0.000559415086173,
        "var": 0.000115467853902
    },
    "spectral_energyband_high": {
        "dmean": 3.5430743992e-06,
        "dmean2": 4.40077701569e-06,
        "dvar": 1.97804952973e-10,
        "dvar2": 3.83516080005e-10,
        "max": 0.000213542516576,
        "mean": 8.37233528728e-06,
        "median": 1.04907690002e-06,
        "min": 2.72796771839e-08,
        "var": 6.21769635778e-10
    },
    "spectral_energyband_low": {
        "dmean": 2.72411762126e-05,
        "dmean2": 4.42266027676e-05,
        "dvar": 2.20761164904e-09,
        "dvar2": 5.63520075048e-09,
        "max": 0.0004237734247,
        "mean": 6.2291532231e-05,
        "median": 5.41966437595e-05,
        "min": 6.68092616252e-06,
        "var": 3.01741187592e-09
    },
    "spectral_energyband_middle_high": {
        "dmean": 0.00162143085618,
        "dmean2": 0.00254829227924,
        "dvar": 1.1460209862e-05,
        "dvar2": 2.52092813753e-05,
        "max": 0.0349426046014,
        "mean": 0.00461846590042,
        "median": 0.000612108735368,
        "min": 1.30633052322e-05,
        "var": 5.73836186959e-05
    },
    "spectral_energyband_middle_low": {
        "dmean": 0.00462127896026,
        "dmean2": 0.00752962287515,
        "dvar": 2.79826053884e-05,
        "dvar2": 6.60666264594e-05,
        "max": 0.052453070879,
        "mean": 0.0314643643796,
        "median": 0.0319666787982,
        "min": 0.000530930934474,
        "var": 6.28849447821e-05
    },
    "spectral_entropy": {
        "dmean": 0.152480348945,
        "dmean2": 0.214490696788,
        "dvar": 0.0772453844547,
        "dvar2": 0.0926630198956,
        "max": 7.34254837036,
        "mean": 5.60412883759,
        "median": 5.29074192047,
        "min": 4.63191986084,
        "var": 0.520719945431
    },
    "spectral_flux": {
        "dmean": 0.0255069639534,
        "dmean2": 0.0439993925393,
        "dvar": 0.00130034005269,
        "dvar2": 0.00420629279688,
        "max": 0.217727348208,
        "mean": 0.0599124990404,
        "median": 0.0466855801642,
        "min": 0.00485926214606,
        "var": 0.00274414708838
    },
    "spectral_kurtosis": {
        "dmean": 26.12591362,
        "dmean2": 45.9987335205,
        "dvar": 688.932006836,
        "dvar2": 1849.10571289,
        "max": 171.913696289,
        "mean": 60.3106002808,
        "median": 42.0899620056,
        "min": 4.55146980286,
        "var": 1999.85559082
    },
    "spectral_rms": {
        "dmean": 0.000396929244744,
        "dmean2": 0.000642909435555,
        "dvar": 3.65873773944e-07,
        "dvar2": 7.44334329283e-07,
        "max": 0.00769493635744,
        "mean": 0.0058210734278,
        "median": 0.00570595404133,
        "min": 0.00073876301758,
        "var": 9.27774692627e-07
    },
    "spectral_rolloff": {
        "dmean": 63.1640625,
        "dmean2": 114.602890015,
        "dvar": 40337.9726562,
        "dvar2": 116126.75,
        "max": 2368.65234375,
        "mean": 589.524780273,
        "median": 495.263671875,
        "min": 279.931640625,
        "var": 74119.5
    },
    "spectral_skewness": {
        "dmean": 1.43313610554,
        "dmean2": 2.51752066612,
        "dvar": 1.58502733707,
        "dvar2": 4.23661375046,
        "max": 11.0329313278,
        "mean": 5.18625307083,
        "median": 4.67556190491,
        "min": 0.587976038456,
        "var": 5.53555965424
    },
    "spectral_spread": {
        "dmean": 397091.65625,
        "dmean2": 577341.875,
        "dvar": 1.31709311386e+12,
        "dvar2": 733407805440,
        "max": 18551146,
        "mean": 1424755.75,
        "median": 1078299.625,
        "min": 405485.28125,
        "var": 2.5271599104e+12
    },
    "spectral_strongpeak": {
        "dmean": 0.45861557126,
        "dmean2": 0.751367926598,
        "dvar": 0.337000668049,
        "dvar2": 0.816876888275,
        "max": 4.71322345734,
        "mean": 2.04387569427,
        "median": 1.94516301155,
        "min": 0.0276314709336,
        "var": 0.696209967136
    },
    "zerocrossingrate": {
        "dmean": 0.00130533857737,
        "dmean2": 0.00157954066526,
        "dvar": 2.62418302555e-06,
        "dvar2": 2.60624824477e-06,
        "max": 0.03857421875,
        "mean": 0.0213453285396,
        "median": 0.0205078125,
        "min": 0.00341796875,
        "var": 5.52416713617e-05
    },
    "barkbands": {
        "dmean": [4.59193216784e-07, 2.1809134978e-06, 1.06786183096e-05, 5.56514241907e-05, 0.0015010740608, 0.00130088545848, 0.00216317526065, 0.00338471145369, 0.00116448116023, 0.000969739980064, 0.000991018489003, 0.000230001707678, 0.000133019231725, 1.36742573886e-05, 1.16645478556e-05, 5.13914164912e-05, 8.61144144437e-05, 3.9364433178e-05, 7.44799945096e-06, 2.8632109661e-06, 1.70778503161e-06, 4.85252598992e-07, 1.27819973272e-07, 7.2124116457e-08, 5.21216563243e-08, 3.72740096566e-08, 3.36284138314e-08],
        "dmean2": [7.75060243541e-07, 3.48839125763e-06, 1.81746509043e-05, 8.64549583639e-05, 0.00182629271876, 0.00214259931818, 0.00340416934341, 0.00568281952292, 0.00193070888054, 0.0014557094546, 0.00154280068818, 0.000314959441312, 0.000209264224395, 2.13834227907e-05, 1.76517860382e-05, 7.59028698667e-05, 0.000154699067934, 6.59110519337e-05, 1.08336025733e-05, 3.59478872269e-06, 2.31958529184e-06, 6.72959743042e-07, 1.59446031489e-07, 9.59034167636e-08, 5.94101479123e-08, 4.13595060422e-08, 3.6656835789e-08],
        "dvar": [7.5933589928e-13, 1.06611976192e-11, 5.95772764456e-10, 6.76961464663e-09, 5.00168971485e-06, 2.04073035093e-06, 7.76629531174e-06, 2.35101961152e-05, 6.15513090452e-06, 4.74675562145e-06, 7.77774312155e-06, 2.65933181254e-07, 1.06141236245e-07, 7.3481615237e-10, 5.66036606475e-10, 2.20568256992e-08, 2.33935637084e-07, 3.05538563339e-08, 2.15387763181e-10, 4.2682603979e-11, 3.30437760487e-11, 3.69101320688e-12, 2.76704657451e-13, 1.58383207808e-13, 1.30873583455e-13, 1.10091325162e-13, 1.27805711435e-13],
        "dvar2": [1.69186734934e-12, 2.3900367796e-11, 1.62330304754e-09, 1.92509865826e-08, 6.3796487666e-06, 4.88802334075e-06, 1.84037253348e-05, 6.66107516736e-05, 1.43640727401e-05, 8.53476467455e-06, 1.95916363737e-05, 4.42812194024e-07, 2.67261754061e-07, 1.65786695483e-09, 1.31052180219e-09, 4.64513476572e-08, 6.86644227699e-07, 8.751657532e-08, 4.2479053608e-10, 5.15529875733e-11, 6.23513740639e-11, 5.69009509649e-12, 3.05769976396e-13, 1.87004193597e-13, 1.38646025541e-13, 1.12071911809e-13, 1.27928931012e-13],
        "max": [7.33120396035e-06, 2.58076324826e-05, 0.000245335046202, 0.000547214469407, 0.0221062842757, 0.0127769168466, 0.028773566708, 0.0300312694162, 0.0239510834217, 0.0191934015602, 0.0238315425813, 0.00741349020973, 0.00358871999197, 0.00034997847979, 0.000315216224408, 0.00164351589046, 0.00439117988572, 0.00147738168016, 0.000227441661991, 0.000112408830319, 8.78152131918e-05, 2.79299947579e-05, 5.58168903808e-06, 4.50346806247e-06, 4.38457027485e-06, 4.09124731959e-06, 4.53792836197e-06],
        "mean": [5.17469288752e-07, 2.97834571938e-06, 2.66320294031e-05, 0.000120274155051, 0.00997422914952, 0.00269213877618, 0.0098687922582, 0.00547293480486, 0.00267573259771, 0.00212102220394, 0.00173087255098, 0.000508252007421, 0.000195648884983, 2.99023249681e-05, 2.28419394261e-05, 6.89633307047e-05, 9.15284545044e-05, 4.9044869229e-05, 1.80218139576e-05, 7.64783726481e-06, 3.45148851011e-06, 1.05696346964e-06, 2.53901362157e-07, 1.16444788034e-07, 7.3027614178e-08, 4.70943426478e-08, 6.0028462201e-08],
        "median": [1.38236572411e-07, 1.7180047962e-06, 2.44207330979e-05, 6.92429457558e-05, 0.00837793387473, 0.00195796811022, 0.00908280070871, 0.00195075012743, 0.000742647273, 0.000173264677869, 0.000155486399308, 5.63372668694e-05, 9.06828699954e-06, 4.42859482064e-06, 1.34479284952e-06, 2.6503346362e-06, 5.38716403753e-06, 4.47188995167e-06, 3.46359183823e-06, 1.47185028254e-06, 3.209261763e-07, 4.41020695519e-08, 4.23988799625e-09, 3.01268920921e-09, 3.66970609456e-09, 2.97514279879e-09, 9.91617632451e-09],
        "min": [8.10153166775e-10, 2.1498369307e-08, 2.29625243264e-07, 4.91068885822e-06, 9.15103009902e-05, 0.000102621859696, 8.07748510852e-05, 5.37650885235e-06, 2.49783624895e-06, 2.76952323475e-06, 2.91842411571e-06, 1.15048419502e-06, 5.71894702261e-07, 1.94528254838e-07, 1.11004368364e-07, 9.93481208411e-08, 3.74168926953e-08, 7.25608586549e-08, 4.34766818103e-08, 1.74260748054e-08, 5.16133713546e-09, 1.90575399905e-09, 8.13240252917e-10, 4.45647990732e-10, 4.61048421663e-10, 3.29692051437e-10, 2.56158871892e-09],
        "var": [1.17370956704e-12, 1.72457083336e-11, 8.22234003106e-10, 1.60469806332e-08, 4.58557842649e-05, 4.36618847743e-06, 6.57826167298e-05, 4.93506704515e-05, 1.65781166288e-05, 1.46589927681e-05, 1.38365548992e-05, 1.09630298084e-06, 2.31945023188e-07, 3.91984134041e-09, 2.0543966528e-09, 3.45042288075e-08, 1.40242576663e-07, 2.5868441611e-08, 1.52777379636e-09, 3.3211686179e-10, 1.08812819866e-10, 1.33539889216e-11, 8.36948782848e-13, 2.23105157938e-13, 1.46380547657e-13, 1.11900695958e-13, 1.3551373836e-13]
    },
    "erbbands": {
        "dmean": [5.44247959624e-05, 0.000589314848185, 0.00805140845478, 0.089430436492, 0.753173530102, 6.86656236649, 6.23610210419, 12.7236328125, 26.6116218567, 47.2490882874, 50.5907783508, 28.9915332794, 24.488155365, 33.3010101318, 27.4168815613, 7.13983249664, 5.85263347626, 0.866505742073, 0.493367016315, 1.30996394157, 2.7532916069, 4.82103776932, 2.58241057396, 0.773846924305, 0.26285508275, 0.141768321395, 0.100015446544, 0.0383198708296, 0.0203478801996, 0.00980973057449, 0.00311880954541, 0.00159607338719, 0.00111628463492, 0.000648105109576, 0.000357347511454, 0.000167449485161, 6.51347581879e-05, 2.18368786591e-05, 6.75216688251e-06, 5.61605747862e-06],
        "dmean2": [9.36858923524e-05, 0.000957561191171, 0.0133882015944, 0.141231313348, 1.09228765965, 8.31278896332, 8.53816604614, 20.9914302826, 41.3517990112, 78.2773895264, 81.3153915405, 46.267665863, 38.1543731689, 40.7676429749, 43.6215438843, 12.0007591248, 8.89698982239, 1.32092142105, 0.750601172447, 2.06468129158, 4.15279054642, 8.91363143921, 4.30524635315, 1.17089188099, 0.395922660828, 0.182395279408, 0.131555914879, 0.0500871017575, 0.026816342026, 0.0117169739679, 0.00377803086303, 0.00187317212112, 0.00147750484757, 0.000781657290645, 0.000403837155318, 0.000194499923964, 7.02255783835e-05, 2.4107965146e-05, 8.5279589257e-06, 9.14267002372e-06],
        "dvar": [7.19212511768e-09, 8.27761255096e-07, 0.000265097332885, 0.0198939554393, 3.26082396507, 162.721405029, 59.5003242493, 184.739944458, 1524.60827637, 3127.11303711, 6915.26074219, 4041.94165039, 2435.91479492, 6969.17431641, 6663.76171875, 217.202575684, 164.788345337, 4.91861200333, 0.900034189224, 9.25210571289, 65.9118347168, 803.033447266, 167.555862427, 2.65809011459, 0.31052339077, 0.129344925284, 0.140315338969, 0.0119148921221, 0.00622523762286, 0.00136426114477, 0.000177657610038, 7.80904883868e-05, 3.96778450522e-05, 1.76286066562e-05, 6.33223817204e-06, 1.71481917732e-06, 3.76412288006e-07, 5.0113637684e-08, 2.51445086974e-09, 5.89932755424e-11],
        "dvar2": [1.90062880989e-08, 1.74150363819e-06, 0.000700295495335, 0.0537717938423, 6.12233924866, 173.779708862, 137.060470581, 437.942626953, 3240.58154297, 7942.75830078, 19623.2597656, 8727.54101562, 5474.34033203, 11377.890625, 14995.3671875, 550.831481934, 369.454650879, 13.6101207733, 1.80691707134, 19.6763095856, 125.157440186, 2355.67602539, 491.631500244, 5.3976688385, 0.682519614697, 0.206506669521, 0.260699689388, 0.0192470997572, 0.0101859159768, 0.00188271631487, 0.000199956863071, 8.1290891103e-05, 4.97531909787e-05, 2.00977337954e-05, 6.34804837318e-06, 1.757682071e-06, 3.81133531846e-07, 5.05717636656e-08, 2.520689657e-09, 1.27086979829e-10],
        "max": [0.000621802406386, 0.00680232420564, 0.165220841765, 0.934891402721, 18.1358776093, 126.693893433, 67.3584365845, 117.23966217, 393.283477783, 440.702575684, 678.531494141, 704.100830078, 371.04119873, 1188.48425293, 979.978820801, 169.855026245, 150.941940308, 26.0763282776, 13.9936103821, 27.4628829956, 85.3120193481, 258.679046631, 112.099655151, 23.8931751251, 7.43833065033, 5.82165241241, 5.43806266785, 1.91786301136, 1.17282474041, 0.518426716328, 0.129620328546, 0.099642843008, 0.0716802403331, 0.0489906258881, 0.0314795784652, 0.0161144603044, 0.00758569454774, 0.0027875690721, 0.000643614155706, 7.19941381249e-05],
        "mean": [0.000101655045, 0.00115232123062, 0.0216140951961, 0.244779601693, 3.29763865471, 49.625869751, 32.6440315247, 30.0982646942, 127.695388794, 139.181060791, 81.3734054565, 71.782913208, 59.1243400574, 71.7212753296, 53.3003311157, 18.3681163788, 9.77643203735, 2.068546772, 1.25568759441, 2.19738125801, 3.97841382027, 5.2602186203, 3.15336084366, 1.38008189201, 0.693520009518, 0.34870699048, 0.206678152084, 0.0952263176441, 0.0419515408576, 0.0167211331427, 0.00630905246362, 0.00301569700241, 0.00167170027271, 0.000913853000384, 0.000518667860888, 0.000226964810281, 9.26909488044e-05, 3.06914917019e-05, 2.48025135079e-05, 4.12282897742e-05],
        "median": [6.09164526395e-05, 0.000829819589853, 0.0194398816675, 0.153038948774, 1.44232976437, 34.0653076172, 34.5066261292, 24.5370292664, 97.1029205322, 147.969268799, 34.5132598877, 24.4080619812, 9.83790206909, 10.718629837, 3.67433142662, 1.80597960949, 0.831453502178, 0.237550988793, 0.204114824533, 0.131134524941, 0.148743286729, 0.323056399822, 0.239480406046, 0.241100206971, 0.137192428112, 0.0721778571606, 0.0229987036437, 0.00858209747821, 0.00188132270705, 0.000331921008183, 0.000140911739436, 8.87257483555e-05, 7.692573854e-05, 6.75262344885e-05, 4.92137187393e-05, 3.4547472751e-05, 1.64891844179e-05, 5.07772392666e-06, 2.03026938834e-05, 3.77193282475e-05],
        "min": [1.04546024886e-05, 0.000133044231916, 0.00212040427141, 0.0442161373794, 0.101257406175, 0.30825895071, 1.0423002243, 0.844006359577, 1.62748503685, 0.944047510624, 0.0930225998163, 0.203600421548, 0.109355285764, 0.199603453279, 0.139703154564, 0.0601244606078, 0.0370701961219, 0.0135820722207, 0.0095555447042, 0.00412779813632, 0.00514633068815, 0.00244608568028, 0.00385854928754, 0.00260130176321, 0.00175107188988, 0.000867447175551, 0.000349298526999, 0.000129299412947, 7.75120788603e-05, 6.62716920488e-05, 3.83327060263e-05, 2.73828500212e-05, 2.72577817668e-05, 2.45531846303e-05, 1.50467230924e-05, 8.69369978318e-06, 3.97958865506e-06, 1.45574017552e-06, 6.35338153643e-07, 6.56559336676e-07],
        "var": [1.13255040901e-08, 1.20851132124e-06, 0.000327695568558, 0.0418710932136, 15.8040456772, 1750.33398438, 256.104705811, 389.434875488, 11016.2246094, 9481.93261719, 11866.5224609, 11655.5703125, 7930.17822266, 21804.7324219, 15425.171875, 1031.1027832, 476.220397949, 21.5605316162, 5.3377289772, 21.0978736877, 114.409339905, 481.140045166, 121.327384949, 10.9309940338, 2.14818835258, 0.723880529404, 0.3871268332, 0.0794542729855, 0.0201492719352, 0.00427515478805, 0.000488267396577, 0.000133137276862, 4.91224127472e-05, 1.96595301531e-05, 7.25359177522e-06, 1.77581705429e-06, 3.80578541126e-07, 5.09134849835e-08, 2.57793830727e-09, 1.4885996602e-10]
    },
    "gfcc": {
        "mean": [-164.80039978, 200.540634155, -131.917724609, -48.9434700012, -72.4512329102, -78.2422103882, -32.3111076355, -15.9269809723, -28.1392192841, -18.8667697906, -7.33696746826, -6.63495540619, -0.162285134196],
        "cov": [[3687.69702148, -875.059143066, -2160.24707031, -35.3174285889, -79.5635375977, 867.672607422, 324.816131592, 237.977493286, 55.0752983093, -155.556228638, -100.659049988, 36.594959259, -0.0958687365055], [-875.059143066, 895.301696777, 114.067939758, -632.211425781, 132.086593628, -192.479690552, 70.9157943726, -36.2495536804, 24.7899169922, -62.7479553223, 21.5416812897, -90.5436019897, 15.8672246933], [-2160.24707031, 114.067939758, 1791.9041748, 503.616577148, -92.9096755981, -500.381774902, -308.508666992, -198.039016724, -71.5007400513, 186.789505005, 74.0130310059, -9.99638366699, -41.7448806763], [-35.3174285889, -632.211425781, 503.616577148, 775.406799316, -108.59463501, -90.0363922119, -153.82510376, -47.9613113403, -57.6674346924, 121.789085388, 18.8810176849, 55.6028060913, -27.7917098999], [-79.5635375977, 132.086593628, -92.9096755981, -108.59463501, 127.261520386, -14.7493553162, 6.32673597336, -4.74305725098, -17.0223426819, -40.9708709717, -39.947517395, -8.81145954132, 21.0691623688], [867.672607422, -192.479690552, -500.381774902, -90.0363922119, -14.7493553162, 391.933776855, 90.5498504639, 25.1451702118, -11.7024526596, -63.9691810608, -47.7988319397, -1.11129355431, -7.45799160004], [324.816131592, 70.9157943726, -308.508666992, -153.82510376, 6.32673597336, 90.5498504639, 96.681427002, 33.4696655273, 6.27188110352, -31.3246059418, 3.27729892731, -18.0873088837, -1.01531910896], [237.977493286, -36.2495536804, -198.039016724, -47.9613113403, -4.74305725098, 25.1451702118, 33.4696655273, 61.6656112671, 34.3729019165, -3.22820115089, 12.337685585, 13.4786739349, 2.27122163773], [55.0752983093, 24.7899169922, -71.5007400513, -57.6674346924, -17.0223426819, -11.7024526596, 6.27188110352, 34.3729019165, 54.5822753906, 9.395195961, 12.1062650681, 9.2487487793, 1.58124363422], [-155.556228638, -62.7479553223, 186.789505005, 121.789085388, -40.9708709717, -63.9691810608, -31.3246059418, -3.22820115089, 9.395195961, 61.5441551208, 26.3088741302, 3.46452760696, -11.2899694443], [-100.659049988, 21.5416812897, 74.0130310059, 18.8810176849, -39.947517395, -47.7988319397, 3.27729892731, 12.337685585, 12.1062650681, 26.3088741302, 49.0999832153, 3.42209553719, -14.9482784271], [36.594959259, -90.5436019897, -9.99638366699, 55.6028060913, -8.81145954132, -1.11129355431, -18.0873088837, 13.4786739349, 9.2487487793, 3.46452760696, 3.42209553719, 38.9495048523, 6.8707818985], [-0.0958687365055, 15.8672246933, -41.7448806763, -27.7917098999, 21.0691623688, -7.45799160004, -1.01531910896, 2.27122163773, 1.58124363422, -11.2899694443, -14.9482784271, 6.8707818985, 20.8042049408]],
        "icov": [[0.0039573777467, 0.000108067048131, 0.00507642747834, -0.00259516597725, 0.00422022631392, -0.00245477980934, 0.00200751726516, -0.00266401469707, 0.000675413699355, -0.000308912014589, 0.00377392279916, 0.00323011726141, 0.00331589323469], [0.000108067048131, 0.0163126867265, -0.0037534381263, 0.0109901465476, -0.0109929880127, 0.0052883788012, -0.010566954501, 0.0157889109105, -0.0115185650066, 0.00706147123128, -0.0161392409354, 0.012987175025, -0.00567972846329], [0.00507642747834, -0.0037534381263, 0.0112179238349, -0.00470862397924, 0.00939923152328, -0.00263406941667, 0.0136685296893, -0.00161626865156, 0.00746836094186, -0.00769157987088, 0.00631467532367, 0.00189287110697, 0.00865616090596], [-0.00259516597725, 0.0109901465476, -0.00470862397924, 0.0139831444249, -0.00724946288392, 0.00596714066342, -0.00166677078232, 0.0108621520922, 0.00112156278919, -0.00391757534817, -0.00965373497456, 0.00186973053496, -0.000713943503797], [0.00422022631392, -0.0109929880127, 0.00939923152328, -0.00724946288392, 0.0293400567025, -0.00192422082182, 0.0142804048955, -0.0187126137316, 0.0193899683654, -0.0040857354179, 0.0280862823129, -0.00521072279662, 0.00812630169094], [-0.00245477980934, 0.0052883788012, -0.00263406941667, 0.00596714066342, -0.00192422082182, 0.0101947663352, -0.00628655403852, 0.00809894036502, -0.000602569372859, 0.00243985722773, 0.00201035058126, -0.0018547247164, 0.00648047681898], [0.00200751726516, -0.010566954501, 0.0136685296893, -0.00166677078232, 0.0142804048955, -0.00628655403852, 0.0590764023364, -0.017601614818, 0.0276347864419, -0.0139912711456, -0.00344849284738, 0.00995820201933, 0.00589778646827], [-0.00266401469707, 0.0157889109105, -0.00161626865156, 0.0108621520922, -0.0187126137316, 0.00809894036502, -0.017601614818, 0.0696031823754, -0.0337253510952, 0.00107493868563, -0.0320959500968, -0.00101513089612, -0.00697021419182], [0.000675413699355, -0.0115185650066, 0.00746836094186, 0.00112156278919, 0.0193899683654, -0.000602569372859, 0.0276347864419, -0.0337253510952, 0.0598301738501, -0.0250422544777, 0.0195202641189, -0.0138412415981, 0.0109094306827], [-0.000308912014589, 0.00706147123128, -0.00769157987088, -0.00391757534817, -0.0040857354179, 0.00243985722773, -0.0139912711456, 0.00107493868563, -0.0250422544777, 0.0556814111769, -0.0182867571712, 0.0166767258197, -0.00836858153343], [0.00377392279916, -0.0161392409354, 0.00631467532367, -0.00965373497456, 0.0280862823129, 0.00201035058126, -0.00344849284738, -0.0320959500968, 0.0195202641189, -0.0182867571712, 0.08324136585, -0.028073752299, 0.0453885793686], [0.00323011726141, 0.012987175025, 0.00189287110697, 0.00186973053496, -0.00521072279662, -0.0018547247164, 0.00995820201933, -0.00101513089612, -0.0138412415981, 0.0166767258197, -0.028073752299, 0.0638729780912, -0.0295496098697], [0.00331589323469, -0.00567972846329, 0.00865616090596, -0.000713943503797, 0.00812630169094, 0.00648047681898, 0.00589778646827, -0.00697021419182, 0.0109094306827, -0.00836858153343, 0.0453885793686, -0.0295496098697, 0.100972987711]]
    },
    "melbands": {
        "dmean": [5.39509130704e-07, 2.86034924102e-06, 2.48783853749e-05, 0.000238004824496, 0.000273051206023, 0.000283324654447, 0.000425154430559, 0.000632726179902, 0.00036316094338, 0.000166546014952, 0.000135174690513, 0.000142184231663, 0.000107993881102, 3.20266772178e-05, 2.02431565413e-05, 6.62267348162e-06, 1.43921715789e-06, 8.9188046104e-07, 1.03418642539e-06, 3.2628693134e-06, 3.0783182865e-06, 5.45903776583e-06, 3.70401858163e-06, 1.48606181938e-06, 5.62815898775e-07, 2.3571776353e-07, 1.78012328433e-07, 9.91419000229e-08, 7.83136329119e-08, 4.11105567366e-08, 1.83359407657e-08, 1.20604290998e-08, 9.14612030556e-09, 4.18905532484e-09, 2.02025440821e-09, 1.0342442458e-09, 9.42682820693e-10, 7.29069749017e-10, 8.02033994773e-10, 4.76025607821e-10],
        "dmean2": [9.00576253571e-07, 4.70566646982e-06, 4.09936401411e-05, 0.000289568386506, 0.000359598489013, 0.000464844284579, 0.000653802242596, 0.00104249385186, 0.000588090100791, 0.000266603427008, 0.000203923482331, 0.000174426066224, 0.00017789255071, 4.4202501158e-05, 3.16809928336e-05, 9.49735294853e-06, 2.35122115555e-06, 1.41489624639e-06, 1.48830292801e-06, 4.6151967581e-06, 5.0357116379e-06, 9.96471135295e-06, 6.9404363785e-06, 2.25891380978e-06, 8.66636298724e-07, 3.32377879886e-07, 2.99497827427e-07, 1.50278324895e-07, 1.02219331666e-07, 6.11935533357e-08, 2.35440733576e-08, 1.61977666835e-08, 1.33007782566e-08, 5.38259659066e-09, 2.6274817877e-09, 1.18931953175e-09, 1.32411415166e-09, 9.62647184188e-10, 1.21576637646e-09, 5.80918257942e-10],
        "dvar": [7.27033288173e-13, 4.01787075832e-11, 1.66984837069e-09, 2.63027061465e-07, 1.06307176395e-07, 9.58034220844e-08, 3.25728819917e-07, 6.19975139671e-07, 4.50120239748e-07, 1.1803595612e-07, 7.75279644927e-08, 1.09847448471e-07, 8.42465013307e-08, 8.32460322897e-09, 2.49465692548e-09, 2.12644596376e-10, 1.46438139392e-11, 3.40078963254e-12, 3.57062816814e-12, 8.68178862135e-11, 9.03028762878e-11, 9.47810829821e-10, 5.43126432717e-10, 2.20449908328e-11, 1.46477328964e-12, 1.98404606546e-13, 2.17381668222e-13, 1.2296976317e-13, 9.57943373605e-14, 1.62015091962e-14, 2.75195477673e-15, 1.84481298341e-15, 1.64545012086e-15, 2.4256424277e-16, 6.8666373613e-17, 3.37810900697e-17, 2.77001346623e-17, 1.90624897128e-17, 1.96340384289e-17, 1.1247647109e-17],
        "dvar2": [1.72376782986e-12, 1.07915586189e-10, 4.89728657627e-09, 3.0727105127e-07, 1.88226351838e-07, 2.25729849035e-07, 7.1643796673e-07, 1.6397601712e-06, 1.2337369526e-06, 2.6848726975e-07, 1.63665703212e-07, 1.73235122247e-07, 2.301233053e-07, 1.2354317569e-08, 7.49755368901e-09, 3.35045657884e-10, 4.14614072242e-11, 7.81358831803e-12, 7.78030070925e-12, 1.87407464547e-10, 1.81202261529e-10, 2.76296518997e-09, 1.62428370754e-09, 5.75339151321e-11, 3.18021889205e-12, 3.43122828327e-13, 6.51697066537e-13, 2.88642129946e-13, 1.88936228316e-13, 3.53217346864e-14, 4.64104217229e-15, 2.84946203324e-15, 3.16474463687e-15, 2.94715928984e-16, 8.91534867163e-17, 3.3570367463e-17, 3.16004533778e-17, 2.19404065739e-17, 3.23552755391e-17, 1.18166406642e-17],
        "max": [6.3850893639e-06, 6.40096477582e-05, 0.000311127805617, 0.00522392848507, 0.00322352116928, 0.00297693349421, 0.00635001994669, 0.00606156280264, 0.00532562006265, 0.00385098834522, 0.00205121515319, 0.00452574715018, 0.00259801303037, 0.00118784233928, 0.000473193475045, 0.000186605408089, 4.65645825898e-05, 2.37378990278e-05, 2.30666191783e-05, 9.87139719655e-05, 8.74224569998e-05, 0.000281803571852, 0.000204824376851, 3.66424610547e-05, 1.80262959475e-05, 7.17422381058e-06, 4.88064688398e-06, 4.55987674286e-06, 4.20838523496e-06, 1.85651822449e-06, 9.64002197179e-07, 6.38122969576e-07, 5.31859711828e-07, 1.98057776402e-07, 8.59877502535e-08, 6.53638991821e-08, 5.89014206298e-08, 5.11015940674e-08, 4.48440857781e-08, 4.00827531166e-08],
        "mean": [7.67753135733e-07, 7.12397104508e-06, 5.54300677322e-05, 0.00167382729705, 0.00169184978586, 0.00062119710492, 0.00208924151957, 0.00157619104721, 0.00062072253786, 0.000405140570365, 0.000293060351396, 0.000293478951789, 0.000198127061594, 8.05087620392e-05, 3.10411778628e-05, 1.24334183056e-05, 3.12468432639e-06, 2.0877650968e-06, 2.09360746339e-06, 4.40659960077e-06, 4.46269041277e-06, 5.70235533814e-06, 4.0402715058e-06, 2.02110004466e-06, 1.01547254872e-06, 6.27689360044e-07, 3.33749596848e-07, 2.05905024586e-07, 1.45761859471e-07, 7.92300909325e-08, 4.71080134901e-08, 2.54929801713e-08, 1.40696556628e-08, 7.12727121766e-09, 3.84804232922e-09, 2.17053242046e-09, 1.63957181165e-09, 1.16460396882e-09, 9.62132595816e-10, 6.78896938666e-10],
        "median": [3.53887685378e-07, 6.75374030834e-06, 3.35538534273e-05, 0.00100610405207, 0.00155767227989, 0.000467527861474, 0.00159911008086, 0.00145268288907, 0.000209353092941, 0.000128982108436, 4.50997467851e-05, 4.33075620094e-05, 1.42500703078e-05, 7.62205536375e-06, 3.20505159834e-06, 4.58658632851e-07, 3.5704840684e-07, 3.85447975759e-07, 9.19111755593e-08, 1.93661364278e-07, 1.46042253846e-07, 3.48568875097e-07, 2.33946934713e-07, 2.13790059433e-07, 2.02839203212e-07, 1.08132617527e-07, 7.39723304832e-08, 3.89905423503e-08, 1.88329103423e-08, 7.63701279993e-09, 3.451376962e-09, 1.25999333189e-09, 2.62266125484e-10, 1.16379197945e-10, 7.36400801449e-11, 4.9541995506e-11, 3.45527530199e-11, 3.73695380196e-11, 3.40394656906e-11, 3.69789372734e-11],
        "min": [1.11228475319e-08, 7.72845183405e-08, 3.68258497474e-06, 4.37052312918e-06, 2.93057237286e-05, 1.9433993657e-05, 2.47853768087e-05, 7.94392235548e-06, 4.87321017317e-07, 3.42762064065e-07, 4.17729040691e-07, 7.62511717767e-07, 4.26302733558e-07, 2.03730380122e-07, 7.63052554476e-08, 2.94380626542e-08, 1.68924767507e-08, 1.37351747753e-08, 6.59640608802e-09, 6.02453331666e-09, 5.50645573583e-09, 2.64509281145e-09, 2.22387885884e-09, 3.79976405895e-09, 1.87341031577e-09, 1.99162775161e-09, 5.87749071634e-10, 5.8123494906e-10, 2.12067682859e-10, 1.49269971383e-10, 5.53623084876e-11, 4.03235014823e-11, 4.01625191437e-11, 1.65189320556e-11, 1.15855684421e-11, 6.27085449539e-12, 5.33632079497e-12, 5.62592637407e-12, 5.19386226736e-12, 4.37906221701e-12],
        "var": [1.11939125504e-12, 5.4638082253e-11, 3.27375859754e-09, 2.41391671807e-06, 8.21722096589e-07, 2.26468884534e-07, 2.98228451356e-06, 1.58404907324e-06, 8.0383108525e-07, 3.74779290269e-07, 2.17889535747e-07, 3.65685764336e-07, 1.77420631076e-07, 3.60181680037e-08, 4.00076727303e-09, 8.51006209945e-10, 5.74099066897e-11, 1.52728905911e-11, 1.5847928872e-11, 1.33868041652e-10, 1.42039852102e-10, 5.6937166093e-10, 3.16764281472e-10, 3.23604615327e-11, 6.07838866046e-12, 1.77015867242e-12, 5.34333536618e-13, 3.18199053261e-13, 2.12733341142e-13, 5.3342045543e-14, 2.05600781625e-14, 6.87663571173e-15, 3.38369630099e-15, 7.77184757539e-16, 1.81559090259e-16, 6.41649162764e-17, 4.21519593454e-17, 2.39877464188e-17, 2.02923385389e-17, 1.24125663929e-17]
    },
    "mfcc": {
        "mean": [-797.797363281, 228.032730103, -11.5362997055, -0.602517426014, -35.2565422058, -57.0944862366, -25.0327358246, -18.2913379669, -23.5661487579, -25.0338573456, -18.2219924927, -5.92055082321, -4.09821367264],
        "cov": [[4359.89990234, -191.333236694, -2484.98413086, -601.611877441, -530.822692871, 351.763214111, 324.496246338, 467.878845215, 462.068267822, 158.496673584, 27.2846317291, 89.5396575928, -39.7482223511], [-191.333236694, 649.887817383, -31.3078575134, -538.590576172, -13.0301580429, -144.584976196, -25.1131057739, 76.5772628784, 3.39948892593, 25.5045528412, -86.2146911621, -69.523475647, 49.9413986206], [-2484.98413086, -31.3078575134, 1738.9654541, 508.632202148, 281.190612793, -128.822235107, -208.588180542, -290.564239502, -326.247650146, -49.5110855103, 81.6478500366, -39.4876480103, 13.0932197571], [-601.611877441, -538.590576172, 508.632202148, 851.943237305, 116.039527893, -8.37631320953, -28.4011974335, -208.443786621, -109.715667725, -30.3262329102, 140.509918213, 97.6717910767, -52.3201446533], [-530.822692871, -13.0301580429, 281.190612793, 116.039527893, 141.272827148, -31.7548828125, -53.9246406555, -57.7384262085, -36.7663116455, -31.9259643555, -24.9185695648, -3.70379018784, 8.30345058441], [351.763214111, -144.584976196, -128.822235107, -8.37631320953, -31.7548828125, 172.715362549, 59.3182144165, 21.3909931183, 23.3699073792, -0.708387672901, -3.82601881027, -22.7440242767, -24.9635295868], [324.496246338, -25.1131057739, -208.588180542, -28.4011974335, -53.9246406555, 59.3182144165, 94.7206802368, 24.8142929077, 16.261888504, 10.9446229935, 3.31564593315, -8.76355361938, -27.0460529327], [467.878845215, 76.5772628784, -290.564239502, -208.443786621, -57.7384262085, 21.3909931183, 24.8142929077, 110.173583984, 68.7391815186, 14.4549121857, -16.906375885, 3.77102184296, 21.9857826233], [462.068267822, 3.39948892593, -326.247650146, -109.715667725, -36.7663116455, 23.3699073792, 16.261888504, 68.7391815186, 99.9215621948, 17.0708847046, -20.5254001617, 22.0285396576, 18.095249176], [158.496673584, 25.5045528412, -49.5110855103, -30.3262329102, -31.9259643555, -0.708387672901, 10.9446229935, 14.4549121857, 17.0708847046, 56.477684021, 34.5206336975, 8.87903118134, 4.90271568298], [27.2846317291, -86.2146911621, 81.6478500366, 140.509918213, -24.9185695648, -3.82601881027, 3.31564593315, -16.906375885, -20.5254001617, 34.5206336975, 85.4594955444, 40.6839523315, -8.60060214996], [89.5396575928, -69.523475647, -39.4876480103, 97.6717910767, -3.70379018784, -22.7440242767, -8.76355361938, 3.77102184296, 22.0285396576, 8.87903118134, 40.6839523315, 64.0051574707, 14.2331724167], [-39.7482223511, 49.9413986206, 13.0932197571, -52.3201446533, 8.30345058441, -24.9635295868, -27.0460529327, 21.9857826233, 18.095249176, 4.90271568298, -8.60060214996, 14.2331724167, 38.7102851868]],
