{
"lowlevel": {
    "average_loudness": 0.973982870579,
    "barkbands_crest": {
        "dmean": 1.25993394852,
        "dmean2": 1.92144238949,
        "dvar": 1.24432957172,
        "dvar2": 3.62150621414,
        "max": 15.7189235687,
        "mean": 11.911195755,
        "median": 11.8406047821,
        "min": 7.0602107048,
        "var": 2.76612710953
    },
    "barkbands_flatness_db": {
        "dmean": 0.016480980441,
        "dmean2": 0.0219072923064,
        "dvar": 0.00079918972915,
        "dvar2": 0.000788952456787,
        "max": 0.432050019503,
        "mean": 0.377514272928,
        "median": 0.397883743048,
        "min": 0.127898275852,
        "var": 0.00237212167121
    },
    "barkbands_kurtosis": {
        "dmean": 0.994966030121,
        "dmean2": 1.23662757874,
        "dvar": 1.44388747215,
        "dvar2": 1.67632305622,
        "max": 14.4990272522,
        "mean": 1.58931326866,
        "median": 0.988014698029,
        "min": -0.876875162125,
        "var": 5.05936765671
    },
    "barkbands_skewness": {
        "dmean": 0.248001262546,
        "dmean2": 0.28788998723,
        "dvar": 0.0766444653273,
        "dvar2": 0.0873243659735,
        "max": 3.17230916023,
        "mean": 0.760225594044,
        "median": 0.751863002777,
        "min": 0.0475652329624,
        "var": 0.153777524829
    },
    "barkbands_spread": {
        "dmean": 0.544367551804,
        "dmean2": 0.890041708946,
        "dvar": 0.633039832115,
        "dvar2": 1.35388898849,
        "max": 8.03469944,
        "mean": 3.68669724464,
        "median": 2.60841035843,
        "min": 1.64307427406,
        "var": 3.23715543747
    },
    "dissonance": {
        "dmean": 0.0325260534883,
        "dmean2": 0.0542606599629,
        "dvar": 0.00059533858439,
        "dvar2": 0.00146574038081,
        "max": 0.471964120865,
        "mean": 0.366717606783,
        "median": 0.36233368516,
        "min": 0.252788990736,
        "var": 0.00212979549542
    },
    "dynamic_complexity": 0.438410937786,
    "erbbands_crest": {
        "dmean": 1.27651846409,
        "dmean2": 1.86077165604,
        "dvar": 0.723895430565,
        "dvar2": 1.85714757442,
        "max": 14.4638710022,
        "mean": 9.29497814178,
        "median": 9.31211471558,
        "min": 5.47706222534,
        "var": 4.75803804398
    },
    "erbbands_flatness_db": {
        "dmean": 0.0155318388715,
        "dmean2": 0.0201525241137,
        "dvar": 0.00083211803576,
        "dvar2": 0.000772221770603,
        "max": 0.465238422155,
        "mean": 0.405962646008,
        "median": 0.419080615044,
        "min": 0.153279155493,
        "var": 0.00221919431351
    },
    "erbbands_kurtosis": {
        "dmean": 0.932089686394,
        "dmean2": 1.57265973091,
        "dvar": 1.44294381142,
        "dvar2": 3.8087720871,
        "max": 10.0936717987,
        "mean": 1.79181933403,
        "median": 1.7496213913,
        "min": -0.640496730804,
        "var": 3.68126940727
    },
    "erbbands_skewness": {
        "dmean": 0.226432785392,
        "dmean2": 0.333650410175,
        "dvar": 0.0357368774712,
        "dvar2": 0.0657219588757,
        "max": 1.76920473576,
        "mean": 0.559460163116,
        "median": 0.583024322987,
        "min": -0.540532946587,
        "var": 0.293985337019
    },
    "erbbands_spread": {
        "dmean": 1.10623288155,
        "dmean2": 1.57292950153,
        "dvar": 4.59005212784,
        "dvar2": 5.7079706192,
        "max": 22.2682437897,
        "mean": 7.55976867676,
        "median": 5.38888216019,
        "min": 3.29580640793,
        "var": 13.5148277283
    },
    "hfc": {
        "dmean": 3.0871694088,
        "dmean2": 4.94000148773,
        "dvar": 10.0240926743,
        "dvar2": 17.5486946106,
        "max": 33.4544296265,
        "mean": 21.5577030182,
        "median": 20.932352066,
        "min": 0.708130657673,
        "var": 22.5916976929
    },
    "melbands_crest": {
        "dmean": 1.45223355293,
        "dmean2": 2.28390479088,
        "dvar": 2.15463137627,
        "dvar2": 6.38580369949,
        "max": 16.9869918823,
        "mean": 13.1523742676,
        "median": 13.1612033844,
        "min": 7.28883838654,
        "var": 3.93408441544
    },
    "melbands_flatness_db": {
        "dmean": 0.0176812075078,
        "dmean2": 0.0245559103787,
        "dvar": 0.00101108290255,
        "dvar2": 0.0011230109958,
        "max": 0.517220556736,
        "mean": 0.464879930019,
        "median": 0.484719157219,
        "min": 0.210584580898,
        "var": 0.00250682770275
    },
    "melbands_kurtosis": {
        "dmean": 0.944054663181,
        "dmean2": 1.16885364056,
        "dvar": 2.67680644989,
        "dvar2": 2.51802039146,
        "max": 18.287103653,
        "mean": 1.98002552986,
        "median": 1.43138837814,
        "min": -0.755715370178,
        "var": 4.90983819962
    },
    "melbands_skewness": {
        "dmean": 0.218622669578,
        "dmean2": 0.287939608097,
        "dvar": 0.0906692892313,
        "dvar2": 0.105505995452,
        "max": 2.98881268501,
        "mean": 0.840710818768,
        "median": 0.864218175411,
        "min": -0.0575772821903,
        "var": 0.1779987216
    },
    "melbands_spread": {
        "dmean": 0.847002506256,
        "dmean2": 1.43932271004,
        "dvar": 1.01237332821,
        "dvar2": 3.08092331886,
        "max": 11.96463871,
        "mean": 5.76630020142,
        "median": 4.19040727615,
        "min": 2.96151304245,
        "var": 7.40461492538
    },
    "pitch_salience": {
        "dmean": 0.046967215836,
        "dmean2": 0.0686995089054,
        "dvar": 0.00149878009688,
        "dvar2": 0.00370457558893,
        "max": 0.854469776154,
        "mean": 0.655194818974,
        "median": 0.668438673019,
        "min": 0.515089809895,
        "var": 0.00447465386242
    },
    "silence_rate_20dB": {
        "dmean": 0,
        "dmean2": 0,
        "dvar": 0,
        "dvar2": 0,
        "max": 1,
        "mean": 1,
        "median": 1,
        "min": 1,
        "var": 0
    },
    "silence_rate_30dB": {
        "dmean": 0,
        "dmean2": 0,
        "dvar": 0,
        "dvar2": 0,
        "max": 1,
        "mean": 1,
        "median": 1,
        "min": 1,
        "var": 0
    },
    "silence_rate_60dB": {
        "dmean": 0,
        "dmean2": 0,
        "dvar": 0,
        "dvar2": 0,
        "max": 0,
        "mean": 0,
        "median": 0,
        "min": 0,
        "var": 0
    },
    "spectral_centroid": {
        "dmean": 23.8889045715,
        "dmean2": 37.9407730103,
        "dvar": 1207.95629883,
        "dvar2": 3575.92553711,
        "max": 722.452270508,
        "mean": 481.441741943,
        "median": 469.816619873,
        "min": 409.50189209,
        "var": 2185.6472168
    },
    "spectral_complexity": {
        "dmean": 1.39999997616,
        "dmean2": 2.32584261894,
        "dvar": 2.66222453117,
        "dvar2": 5.74776268005,
        "max": 22,
        "mean": 12.7142858505,
        "median": 12,
        "min": 2,
        "var": 11.4788036346
    },
    "spectral_decrease": {
        "dmean": 1.53836055006e-09,
        "dmean2": 2.35998176557e-09,
        "dvar": 2.41267036627e-18,
        "dvar2": 4.51231284128e-18,
        "max": -3.23148285908e-10,
        "mean": -1.14765192905e-08,
        "median": -1.14334897106e-08,
        "min": -1.6730677288e-08,
        "var": 4.64200524875e-18
    },
    "spectral_energy": {
        "dmean": 0.00606637774035,
        "dmean2": 0.00930004101247,
        "dvar": 3.75874915335e-05,
        "dvar2": 7.03054320184e-05,
        "max": 0.0659531652927,
        "mean": 0.0452703051269,
        "median": 0.0450311265886,
        "min": 0.00128386646975,
        "var": 7.26783182472e-05
    },
    "spectral_energyband_high": {
        "dmean": 1.38449718179e-06,
        "dmean2": 1.99375881493e-06,
        "dvar": 5.02166017102e-11,
        "dvar2": 6.68570754314e-11,
        "max": 6.19037091383e-05,
        "mean": 1.64413859238e-06,
        "median": 4.38801123437e-07,
        "min": 1.63224584071e-07,
        "var": 4.8344977327e-11
    },
    "spectral_energyband_low": {
        "dmean": 5.97707257839e-05,
        "dmean2": 8.03483344498e-05,
        "dvar": 6.1715481614e-09,
        "dvar2": 1.2718898823e-08,
        "max": 0.000818643718958,
        "mean": 0.000179354567081,
        "median": 0.000100387514976,
        "min": 2.01199463845e-06,
        "var": 3.99669417561e-08
    },
    "spectral_energyband_middle_high": {
        "dmean": 0.00131803972181,
        "dmean2": 0.00235449173488,
        "dvar": 1.79654466592e-06,
        "dvar2": 5.096762834e-06,
        "max": 0.0117999175563,
        "mean": 0.00423253560439,
        "median": 0.00378973595798,
        "min": 0.000113783047709,
        "var": 7.39011647966e-06
    },
    "spectral_energyband_middle_low": {
        "dmean": 0.00587486289442,
        "dmean2": 0.00936068035662,
        "dvar": 3.79826888093e-05,
        "dvar2": 7.2315298894e-05,
        "max": 0.0621174350381,
        "mean": 0.041076220572,
        "median": 0.0407588034868,
        "min": 0.00114624470007,
        "var": 7.15821661288e-05
    },
    "spectral_entropy": {
        "dmean": 0.117671817541,
        "dmean2": 0.160512387753,
        "dvar": 0.0550217740238,
        "dvar2": 0.0499497540295,
        "max": 7.76593780518,
        "mean": 5.7758808136,
        "median": 5.61919021606,
        "min": 5.34403038025,
        "var": 0.150948867202
    },
    "spectral_flux": {
        "dmean": 0.0154323643073,
        "dmean2": 0.0221434012055,
        "dvar": 0.000329856469762,
        "dvar2": 0.000418146839365,
        "max": 0.184654071927,
        "mean": 0.0614419020712,
        "median": 0.0553747974336,
        "min": 0.0239537172019,
        "var": 0.000880783249158
    },
    "spectral_kurtosis": {
        "dmean": 33.8777580261,
        "dmean2": 60.9398269653,
        "dvar": 589.672790527,
        "dvar2": 1753.18554688,
        "max": 165.240478516,
        "mean": 101.047393799,
        "median": 113.163902283,
        "min": 4.36521959305,
        "var": 1399.08886719
    },
    "spectral_rms": {
        "dmean": 0.000470125145512,
        "dmean2": 0.000713262066711,
        "dvar": 4.04302085144e-07,
        "dvar2": 5.7239412854e-07,
        "max": 0.00802150554955,
        "mean": 0.0066001880914,
        "median": 0.00662818271667,
        "min": 0.00111917499453,
        "var": 6.03641808539e-07
    },
    "spectral_rolloff": {
        "dmean": 65.078125,
        "dmean2": 110.569366455,
        "dvar": 4780.81298828,
        "dvar2": 13412.2109375,
        "max": 968.994140625,
        "mean": 671.551879883,
        "median": 645.99609375,
        "min": 473.73046875,
        "var": 13634.3212891
    },
    "spectral_skewness": {
        "dmean": 1.81808781624,
        "dmean2": 3.2885529995,
        "dvar": 1.46390938759,
        "dvar2": 4.44178533554,
        "max": 10.0473613739,
        "mean": 7.06641626358,
        "median": 7.48695850372,
        "min": 2.27413082123,
        "var": 3.4551217556
    },
    "spectral_spread": {
        "dmean": 493784.625,
        "dmean2": 600719.0625,
        "dvar": 3.09824140083e+12,
        "dvar2": 1.24312630067e+12,
        "max": 23374400,
        "mean": 1177767.875,
        "median": 816982.1875,
        "min": 445790.9375,
        "var": 6.16140688589e+12
    },
    "spectral_strongpeak": {
        "dmean": 0.315319865942,
        "dmean2": 0.499653935432,
        "dvar": 0.172382891178,
        "dvar2": 0.343823879957,
        "max": 3.37149643898,
        "mean": 2.01658773422,
        "median": 1.8464204073,
        "min": 0.0281329415739,
        "var": 0.516493320465
    },
    "zerocrossingrate": {
        "dmean": 0.00174696184695,
        "dmean2": 0.00224938546307,
        "dvar": 4.14836540585e-06,
        "dvar2": 4.35913716501e-06,
        "max": 0.02880859375,
        "mean": 0.0226433724165,
        "median": 0.02294921875,
        "min": 0.0048828125,
        "var": 1.08606154754e-05
    },
    "barkbands": {
        "dmean": [2.5735155873e-07, 2.26742031373e-06, 2.54037581726e-06, 0.000335005839588, 0.0021737087518, 0.000704302743543, 0.00233825156465, 0.00257777096704, 0.00257087266073, 0.000558555650059, 0.000991437467746, 0.000193793704966, 6.65721963742e-05, 4.70579179819e-05, 1.21575931189e-05, 1.49038378368e-05, 2.72670531558e-05, 2.90888442578e-06, 1.89330251033e-06, 7.09349194494e-07, 4.58554296756e-07, 1.89404602224e-07, 1.17410500877e-07, 1.36199517442e-07, 1.02139054547e-07, 1.04372659848e-07, 1.13466981588e-07],
        "dmean2": [4.43827474328e-07, 3.70694988305e-06, 3.50369373336e-06, 0.00035954953637, 0.00335576455109, 0.00122107099742, 0.00336134945974, 0.0044854329899, 0.00298030255362, 0.000958089251071, 0.0017317662714, 0.000350366201019, 0.000108145301056, 8.39681160869e-05, 1.65028777701e-05, 2.34754297708e-05, 5.06009855599e-05, 4.94232790516e-06, 3.50149321093e-06, 1.19032711154e-06, 7.44827616472e-07, 2.59181717865e-07, 1.47683039131e-07, 1.89626518932e-07, 1.26362493802e-07, 1.32804316877e-07, 1.43813167597e-07],
        "dvar": [2.54856005006e-13, 7.81769267377e-12, 4.14910536484e-11, 2.00198641664e-07, 5.14323028256e-06, 5.82950690386e-07, 1.37119659485e-05, 5.57077828489e-06, 4.10601478507e-06, 2.10050771443e-07, 1.16792841709e-06, 5.84041330853e-08, 4.0236994181e-08, 2.80104917039e-09, 6.11318162758e-10, 5.09268904825e-10, 1.34528708173e-08, 8.73795966139e-11, 8.49533846048e-11, 9.06510196769e-12, 3.90188098845e-12, 1.05212030494e-12, 6.63589788587e-13, 6.46724644324e-13, 5.54001289288e-13, 5.27732859582e-13, 6.0255088679e-13],
        "dvar2": [5.4461014691e-13, 1.55446992084e-11, 4.87050191844e-11, 2.45721139436e-07, 1.21530347315e-05, 1.33113087486e-06, 2.58298241533e-05, 1.59930314112e-05, 9.8443524621e-06, 4.47310867457e-07, 3.00603301184e-06, 1.85346337389e-07, 1.05438623166e-07, 8.37101588047e-09, 8.78703276808e-10, 1.11288966931e-09, 3.92357613066e-08, 2.40300612742e-10, 2.5074137211e-10, 2.33116390774e-11, 8.76214378831e-12, 1.24311292597e-12, 6.9525656933e-13, 7.59633621197e-13, 5.78303464144e-13, 5.55167348724e-13, 6.32212110354e-13],
        "max": [4.2859082896e-06, 2.8762518923e-05, 6.24248496024e-05, 0.00602935208008, 0.0270184036344, 0.0065552117303, 0.032906703651, 0.0155548239127, 0.0144832376391, 0.00509661063552, 0.00771083123982, 0.00157269556075, 0.00133074005134, 0.00041650532512, 0.000275286263786, 0.000244699069299, 0.000842505483888, 7.49416431063e-05, 6.40468206257e-05, 1.97935769393e-05, 1.19583855849e-05, 9.32204511628e-06, 7.65508229961e-06, 7.30634201318e-06, 6.99289921613e-06, 6.81451228957e-06, 7.29655585019e-06],
        "mean": [2.45168934043e-07, 5.96406835029e-06, 4.69977476314e-06, 0.00150667736307, 0.0126595888287, 0.0019822572358, 0.0134376902133, 0.00496162194759, 0.00643698871136, 0.00202812743373, 0.00157784565818, 0.000351306633092, 9.34282725211e-05, 8.32408259157e-05, 5.03843111801e-05, 4.7904013627e-05, 3.18678467011e-05, 5.80530513616e-06, 2.44782700065e-06, 8.79205231286e-07, 5.06779997522e-07, 2.22243670578e-07, 1.33300446237e-07, 1.38057671961e-07, 1.17547422462e-07, 1.16330106437e-07, 1.50067592131e-07],
        "median": [8.64517630816e-08, 3.21689935845e-06, 2.49975232691e-06, 0.000948682893068, 0.0112859848887, 0.00181765912566, 0.0176260825247, 0.00394264236093, 0.00665629748255, 0.00176758691669, 0.000907350622583, 0.000131629334646, 1.0713478332e-05, 6.81596138747e-05, 3.94613743993e-05, 3.01003001368e-05, 1.55023208208e-05, 3.73902753381e-06, 1.08778101549e-06, 3.86627021953e-07, 1.9509607796e-07, 4.57092674822e-08, 8.40382519129e-09, 5.71500624602e-09, 6.46532738457e-09, 5.08179853753e-09, 3.29595302162e-08],
        "min": [1.51173884522e-09, 1.89296173403e-07, 9.69271098938e-08, 1.85447117929e-06, 0.000295758945867, 0.000292017241009, 0.000395091192331, 3.48540997948e-05, 6.68210996082e-05, 2.82187302219e-05, 2.32081765716e-05, 1.53753808263e-05, 2.15802128878e-06, 6.58801491227e-06, 5.4977435866e-06, 4.30925229011e-06, 2.74979174719e-06, 8.144675121e-07, 3.54793144197e-07, 1.28501824292e-07, 5.48196688044e-08, 1.28289503465e-08, 2.21121920774e-09, 1.68648561782e-09, 2.15314788221e-09, 1.75542447245e-09, 1.12351399295e-08],
        "var": [3.79290620179e-13, 3.82995649084e-11, 5.5792755832e-11, 2.47210255111e-06, 3.67619795725e-05, 7.95503012796e-07, 9.90795015241e-05, 1.40701749842e-05, 1.18139159895e-05, 1.40004533478e-06, 2.2551478196e-06, 1.55020543957e-07, 3.96199837382e-08, 5.16548803731e-09, 1.87987381217e-09, 2.04879069265e-09, 7.82841524938e-09, 6.95375840243e-11, 4.76326131316e-11, 6.20689654188e-12, 2.91416890619e-12, 1.05169995976e-12, 6.80432869337e-13, 6.40935655244e-13, 5.66807831139e-13, 5.39187835005e-13, 6.11970543685e-13]
    },
    "erbbands": {
        "dmean": [2.69289357675e-05, 0.000681087025441, 0.00852736923844, 0.414777338505, 1.82605779171, 8.13926506042, 11.4588842392, 8.20353889465, 22.1071872711, 51.3381385803, 38.5544662476, 46.2494506836, 12.5861816406, 24.1048469543, 39.5766830444, 8.32427883148, 3.56857943535, 2.34905385971, 1.32928955555, 0.603967368603, 0.935717284679, 1.44204461575, 0.227998092771, 0.118381246924, 0.0712192058563, 0.0302328821272, 0.019006928429, 0.0162489041686, 0.00756201986223, 0.00453704549, 0.00330588594079, 0.00254656700417, 0.00242334860377, 0.00122224818915, 0.000723291130271, 0.000400694174459, 0.000203732008231, 7.88043689681e-05, 1.76422963705e-05, 7.66564789956e-06],
        "dmean2": [4.63200085505e-05, 0.00106724305078, 0.0101928012446, 0.472960472107, 2.10305333138, 13.8167104721, 16.4741687775, 14.2971668243, 29.8673210144, 82.7242584229, 58.2448654175, 54.1631240845, 17.9153022766, 43.0206794739, 69.0076446533, 15.1849060059, 6.34159612656, 4.27476644516, 2.04571390152, 0.764672935009, 1.63749063015, 2.68173742294, 0.391998171806, 0.219860032201, 0.12744627893, 0.0499377883971, 0.030180644244, 0.0266321133822, 0.0106626842171, 0.00591242453083, 0.00417379755527, 0.00326251680963, 0.00351496390067, 0.00156573811546, 0.000896079814993, 0.000496521010064, 0.000266069400823, 0.000105499188066, 2.22215348913e-05, 1.11878771349e-05],
        "dvar": [1.14645037907e-09, 6.94848608873e-07, 0.000114904221846, 0.313137084246, 5.77922296524, 80.4907150269, 157.935333252, 73.2051773071, 1442.4152832, 2200.61328125, 1621.18994141, 1685.99707031, 263.786224365, 468.685760498, 1537.62609863, 96.2493057251, 85.5594940186, 8.41807460785, 4.40149354935, 0.982339978218, 6.41928052902, 36.8588523865, 0.671490252018, 0.352056771517, 0.112399443984, 0.0151888215914, 0.00634139729664, 0.00513319578022, 0.00149978336412, 0.000837652711198, 0.000516982923727, 0.000300458981656, 0.000177198002348, 7.0955735282e-05, 2.75215734291e-05, 8.34461752675e-06, 1.82449934982e-06, 2.32559798974e-07, 1.17726708382e-08, 1.00149520621e-10],
        "dvar2": [2.37576069928e-09, 1.25205542645e-06, 0.000189102895092, 0.42843568325, 9.67416858673, 220.298538208, 336.389556885, 197.872299194, 2515.59667969, 5243.57763672, 4228.17333984, 4067.80786133, 550.467651367, 1387.50939941, 3873.38647461, 327.59753418, 244.459579468, 16.4457931519, 8.9063243866, 1.05186510086, 17.6297302246, 107.763442993, 1.86330485344, 1.03793096542, 0.327517211437, 0.0364128500223, 0.0134587679058, 0.0116668595001, 0.0019156440394, 0.000905760738533, 0.000542810885236, 0.000317613972584, 0.000231334226555, 7.50893595978e-05, 2.87262882921e-05, 8.6948803073e-06, 1.95135271497e-06, 2.50769915056e-07, 1.22125518587e-08, 1.3083872874e-10],
        "max": [0.000366635678802, 0.0108459359035, 0.13927783072, 7.29357433319, 29.3848495483, 84.4239654541, 148.710021973, 57.597026825, 329.906066895, 382.060760498, 320.281036377, 328.10333252, 151.606491089, 183.432998657, 222.857559204, 63.3309745789, 58.979850769, 23.3178939819, 20.2503414154, 10.9846162796, 21.7386207581, 44.3270492554, 6.50630140305, 4.1550784111, 2.34115815163, 0.776845037937, 0.496979564428, 0.430384963751, 0.342422932386, 0.269655376673, 0.213599666953, 0.162484198809, 0.116533249617, 0.0789055451751, 0.0493216477334, 0.0272127836943, 0.0126231946051, 0.00449481327087, 0.00104690133594, 0.000134358328069],
        "mean": [0.000104139035102, 0.00242307200097, 0.0349868871272, 1.81501853466, 8.73655796051, 38.5948829651, 70.8191375732, 23.6386585236, 146.750305176, 171.063583374, 127.129066467, 121.662284851, 46.4398727417, 67.2576293945, 58.198059082, 16.0370922089, 6.52418613434, 4.32376050949, 4.11285543442, 2.21739053726, 2.3094727993, 1.91992509365, 0.460214167833, 0.150092750788, 0.0979259088635, 0.0409802235663, 0.0226917713881, 0.0172832123935, 0.0088930670172, 0.00509546371177, 0.00375542230904, 0.00283116032369, 0.00237110280432, 0.00138822360896, 0.000858260726091, 0.000483202806208, 0.000231759055168, 8.72578821145e-05, 4.14876303694e-05, 5.31153636985e-05],
        "median": [6.35776741547e-05, 0.00135412917007, 0.0207317639142, 1.13246059418, 5.85321855545, 33.5330581665, 63.1827812195, 22.3910942078, 191.67829895, 182.933059692, 113.353302002, 126.544700623, 36.445400238, 57.3585662842, 35.4846687317, 8.50783061981, 1.1409085989, 3.01092791557, 3.61512231827, 1.77498018742, 1.33469831944, 1.0169147253, 0.293413937092, 0.0709689334035, 0.0363560579717, 0.0189671050757, 0.00900930445641, 0.00585742900148, 0.00217258208431, 0.000442839518655, 0.000255479535554, 0.000146306061652, 0.000127471445012, 0.000102771649836, 7.49683822505e-05, 4.6000815928e-05, 2.11804508581e-05, 8.77307775227e-06, 2.54023780144e-05, 5.14403072884e-05],
        "min": [1.54181107064e-05, 0.000157704969752, 0.00110121432226, 0.0117111150175, 0.277860343456, 1.20456945896, 1.79627346992, 2.70930719376, 6.27984380722, 3.59004569054, 1.19482898712, 1.6118657589, 0.483226120472, 1.30447888374, 0.864379167557, 0.793676197529, 0.271909892559, 0.393012911081, 0.366567730904, 0.412511765957, 0.204623639584, 0.19217158854, 0.0795969516039, 0.0311221070588, 0.0151687869802, 0.00680387672037, 0.00302921701223, 0.00162443181034, 0.000731176114641, 0.000130711487145, 8.73706230777e-05, 5.95730307396e-05, 5.39654720342e-05, 5.30818251718e-05, 3.84787381336e-05, 2.75820621027e-05, 1.38874320328e-05, 4.56035650132e-06, 1.54691715579e-05, 2.15702184505e-05],
        "var": [6.85176848592e-09, 5.29620228917e-06, 0.00121863803361, 3.57100057602, 68.2292327881, 355.157318115, 966.873535156, 100.023193359, 12303.7880859, 8688.89453125, 4360.47851562, 3962.9543457, 974.278991699, 1819.02282715, 2758.37158203, 254.099349976, 103.847633362, 19.8904094696, 12.7816896439, 2.68753361702, 7.50248813629, 21.6194992065, 0.500907242298, 0.191514864564, 0.0688553005457, 0.0113617889583, 0.00499695120379, 0.00376658933237, 0.00146660744213, 0.000852527853567, 0.000529067532625, 0.00030662768404, 0.000169726801687, 7.23601842765e-05, 2.81547545455e-05, 8.5568826762e-06, 1.85507292372e-06, 2.35622692912e-07, 1.20293428552e-08, 1.48542456113e-10]
    },
    "gfcc": {
        "mean": [-138.57510376, 222.440597534, -142.161239624, -78.9198608398, -60.0649452209, -59.5401268005, -39.0820198059, -22.2382965088, -21.7090492249, -24.2078075409, -21.1965122223, -12.4301271439, 2.80394554138],
        "cov": [[792.705383301, -289.706604004, -51.8419151306, 202.931900024, 116.22782135, 302.07800293, 19.7178878784, 14.9292411804, -180.761367798, -92.7429885864, -48.682220459, 14.1401433945, -82.6484909058], [-289.706604004, 644.909362793, -108.250434875, -142.674331665, 190.283935547, -112.637626648, 101.600593567, -49.0128326416, -33.9027252197, -130.604141235, -40.7290687561, -70.5990219116, 37.7335128784], [-51.8419151306, -108.250434875, 264.618133545, 134.626190186, -87.8675384521, -13.3174057007, -4.97342205048, 1.33887934685, -1.16847395897, 23.3502922058, -39.0634994507, -14.4985456467, -25.3040466309], [202.931900024, -142.674331665, 134.626190186, 217.254486084, 27.7345142365, 100.250488281, 23.3285827637, -2.92672181129, -90.2746429443, -29.4987449646, -40.6830444336, -10.1965484619, -43.5924530029], [116.22782135, 190.283935547, -87.8675384521, 27.7345142365, 209.833465576, 101.250411987, 63.2322006226, -16.2575759888, -110.370368958, -108.747077942, -27.2431659698, -16.7293758392, -14.059961319], [302.07800293, -112.637626648, -13.3174057007, 100.250488281, 101.250411987, 179.821411133, 25.7146434784, 4.32414770126, -98.8862228394, -58.0561141968, -23.9132575989, 13.6503801346, -37.6140670776], [19.7178878784, 101.600593567, -4.97342205048, 23.3285827637, 63.2322006226, 25.7146434784, 45.7064933777, -6.09087276459, -44.5433959961, -46.6777305603, -21.5174350739, -14.3414888382, -4.6316819191], [14.9292411804, -49.0128326416, 1.33887934685, -2.92672181129, -16.2575759888, 4.32414770126, -6.09087276459, 27.7115745544, 13.2409324646, 9.53851318359, 5.52925252914, 6.08332777023, -2.93637561798], [-180.761367798, -33.9027252197, -1.16847395897, -90.2746429443, -110.370368958, -98.8862228394, -44.5433959961, 13.2409324646, 107.617164612, 75.3177261353, 30.6477108002, 11.1983919144, 28.6991271973], [-92.7429885864, -130.604141235, 23.3502922058, -29.4987449646, -108.747077942, -58.0561141968, -46.6777305603, 9.53851318359, 75.3177261353, 82.3129425049, 33.9649620056, 18.7527427673, 13.520160675], [-48.682220459, -40.7290687561, -39.0634994507, -40.6830444336, -27.2431659698, -23.9132575989, -21.5174350739, 5.52925252914, 30.6477108002, 33.9649620056, 38.6819458008, 20.7071552277, 12.4360456467], [14.1401433945, -70.5990219116, -14.4985456467, -10.1965484619, -16.7293758392, 13.6503801346, -14.3414888382, 6.08332777023, 11.1983919144, 18.7527427673, 20.7071552277, 28.690656662, 6.63222932816], [-82.6484909058, 37.7335128784, -25.3040466309, -43.5924530029, -14.059961319, -37.6140670776, -4.6316819191, -2.93637561798, 28.6991271973, 13.520160675, 12.4360456467, 6.63222932816, 20.9184360504]],
        "icov": [[0.00832063052803, -0.00364230154082, 0.00775439757854, -0.00380317820236, 0.0111961392686, -0.0116374548525, 0.013143396005, -0.007361268159, 0.015208828263, -0.0035043482203, 0.0101168714464, -0.002534073079, 0.00556399021298], [-0.00364230154082, 0.0447787605226, -0.0105463592336, 0.015865104273, -0.0357511341572, 0.0408981740475, -0.0553433932364, 0.044113907963, -0.0553471259773, 0.0756533071399, -0.0249455161393, 0.0245059449226, 0.00268640951253], [0.00775439757854, -0.0105463592336, 0.0199029780924, -0.0132125644013, 0.0179190468043, -0.00999119039625, 0.0169491823763, -0.0111526930705, 0.0171249583364, -0.0166586171836, 0.0267152357846, -0.0179697982967, 0.0195563640445], [-0.00380317820236, 0.015865104273, -0.0132125644013, 0.0268158838153, -0.014972710982, 0.0133966458961, -0.0221417788416, 0.0105038164183, 0.00588087225333, 0.00372511474416, -0.00267849164084, 0.0140714291483, -0.00649251788855], [0.0111961392686, -0.0357511341572, 0.0179190468043, -0.014972710982, 0.0627603158355, -0.0505478940904, 0.0511739961803, -0.0373462066054, 0.0628116875887, -0.0328924283385, 0.0108422888443, -0.00327895418741, -0.013742716983], [-0.0116374548525, 0.0408981740475, -0.00999119039625, 0.0133966458961, -0.0505478940904, 0.0762750431895, -0.0601042807102, 0.0411814190447, -0.0539939701557, 0.0570241287351, -0.00367293157615, -0.0207160171121, 0.0377013497055], [0.013143396005, -0.0553433932364, 0.0169491823763, -0.0221417788416, 0.0511739961803, -0.0601042807102, 0.145356968045, -0.0730653107166, 0.105605199933, -0.0747983530164, 0.0434510298073, -0.00860200822353, -0.0452763661742], [-0.007361268159, 0.044113907963, -0.0111526930705, 0.0105038164183, -0.0373462066054, 0.0411814190447, -0.0730653107166, 0.102620780468, -0.101524345577, 0.095823161304, -0.041591707617, 0.00681118899956, 0.046835206449], [0.015208828263, -0.0553471259773, 0.0171249583364, 0.00588087225333, 0.0628116875887, -0.0539939701557, 0.105605199933, -0.101524345577, 0.206807002425, -0.16366763413, 0.0763278603554, -0.00813733693212, -0.0735849589109], [-0.0035043482203, 0.0756533071399, -0.0166586171836, 0.00372511474416, -0.0328924283385, 0.0570241287351, -0.0747983530164, 0.095823161304, -0.16366763413, 0.258524090052, -0.11015163362, 0.0458618067205, 0.0230156891048], [0.0101168714464, -0.0249455161393, 0.0267152357846, -0.00267849164084, 0.0108422888443, -0.00367293157615, 0.0434510298073, -0.041591707617, 0.0763278603554, -0.11015163362, 0.145530045033, -0.0832485407591, 0.0225211959332], [-0.002534073079, 0.0245059449226, -0.0179697982967, 0.0140714291483, -0.00327895418741, -0.0207160171121, -0.00860200822353, 0.00681118899956, -0.00813733693212, 0.0458618067205, -0.0832485407591, 0.151890948415, -0.104176424444], [0.00556399021298, 0.00268640951253, 0.0195563640445, -0.00649251788855, -0.013742716983, 0.0377013497055, -0.0452763661742, 0.046835206449, -0.0735849589109, 0.0230156891048, 0.0225211959332, -0.104176424444, 0.235893011093]]
    },
    "melbands": {
        "dmean": [4.2560361635e-07, 1.05543836071e-06, 0.000136694885441, 0.000236209729337, 0.000491084414534, 0.00015965042985, 0.000400522898417, 0.000621260318439, 0.000370646012016, 0.000268539588433, 6.47037668386e-05, 0.000104011087387, 0.000138245319249, 3.07266491291e-05, 1.95719203475e-05, 6.19765478405e-06, 4.92235858474e-06, 2.69458860203e-06, 7.15551038866e-07, 1.19535809517e-06, 1.28543149458e-06, 1.95096299649e-06, 2.97958621331e-07, 1.17974337854e-07, 9.65516946394e-08, 7.09367853347e-08, 3.69185038096e-08, 1.53465240516e-08, 1.22289218751e-08, 1.07257038806e-08, 9.06685926338e-09, 4.25939150617e-09, 3.28984794962e-09, 2.21624163466e-09, 1.95758587118e-09, 1.64732760766e-09, 1.50468604243e-09, 1.76109737904e-09, 1.33618272002e-09, 9.4849550436e-10],
        "dmean2": [7.11899531325e-07, 1.59377134423e-06, 0.000152872613398, 0.000396988703869, 0.000731380539946, 0.00028115476016, 0.000547351839487, 0.00103237503208, 0.000487799261464, 0.000317717611324, 9.2183065135e-05, 0.000183792799362, 0.000241154048126, 5.33119709871e-05, 3.6144607293e-05, 9.91241813608e-06, 8.96957317309e-06, 4.26661563324e-06, 8.49471973652e-07, 1.8325141582e-06, 2.31310400522e-06, 3.63870867659e-06, 5.20442483776e-07, 2.04588417319e-07, 1.80469669431e-07, 1.2898661339e-07, 6.50137508273e-08, 2.43008422274e-08, 1.94324840663e-08, 1.74910130823e-08, 1.48309222681e-08, 5.90535886857e-09, 4.49140591385e-09, 2.80586309742e-09, 2.48496268007e-09, 2.06126760105e-09, 1.93668725501e-09, 2.56077981042e-09, 1.85887794046e-09, 1.18439591468e-09],
        "dvar": [2.70111081939e-13, 2.97676054813e-12, 3.27768674424e-08, 8.59007229792e-08, 2.62297874087e-07, 2.86232566538e-08, 4.87187833187e-07, 2.9267405921e-07, 1.37903938935e-07, 6.08037780125e-08, 6.29582030953e-09, 7.37608685242e-09, 2.19535856161e-08, 1.08537334675e-09, 7.33500149508e-10, 3.30435123708e-10, 2.72205417928e-11, 1.71135241395e-11, 1.70344435172e-12, 2.93193963032e-12, 1.14140997001e-11, 6.38492592131e-11, 1.5587972536e-12, 1.55148856544e-13, 2.41792073559e-13, 1.162750587e-13, 2.35215899492e-14, 3.56969795994e-15, 2.59379318493e-15, 1.9996914755e-15, 1.5520800909e-15, 4.8297516897e-16, 3.41512355267e-16, 2.28750141252e-16, 1.76267423975e-16, 1.36083572152e-16, 1.03328325008e-16, 9.074196466e-17, 6.41749218531e-17, 4.67882636654e-17],
        "dvar2": [5.76709090639e-13, 4.01232866376e-12, 4.24397050836e-08, 2.23010658829e-07, 6.01047531745e-07, 7.47270121337e-08, 8.7680245997e-07, 7.28891677682e-07, 3.14143505875e-07, 1.56731800871e-07, 1.24571526428e-08, 2.14778097529e-08, 5.0834799481e-08, 3.56815887947e-09, 2.40607933577e-09, 8.76975325692e-10, 7.06827582575e-11, 3.89379951893e-11, 2.28400740161e-12, 5.8145068621e-12, 3.13748194092e-11, 1.86638676736e-10, 4.39438416211e-12, 4.32481714286e-13, 7.16208125792e-13, 3.40775910095e-13, 6.69231448145e-14, 7.04270033269e-15, 5.42386875159e-15, 4.50821851231e-15, 3.50439976652e-15, 5.82473958762e-16, 3.99584272387e-16, 2.40775679762e-16, 1.85593468482e-16, 1.42196754516e-16, 1.09536130217e-16, 1.19287663197e-16, 7.53772766877e-17, 4.89227668401e-17],
        "max": [4.81032657262e-06, 1.48857279783e-05, 0.00240030977875, 0.00340155372396, 0.00600351719186, 0.0012383190915, 0.00607856642455, 0.00422841915861, 0.00297292764299, 0.00198797346093, 0.000793068145867, 0.000737543334253, 0.00103854958434, 0.000226577583817, 0.000158451133757, 0.000119550168165, 3.97946278099e-05, 3.88961889257e-05, 1.28512438096e-05, 1.69340328284e-05, 2.82301098196e-05, 5.80457344768e-05, 9.64940409176e-06, 3.08518610836e-06, 3.40517863151e-06, 2.36450478042e-06, 1.07997811938e-06, 4.23438763164e-07, 3.19791439551e-07, 2.66735895593e-07, 2.38016369281e-07, 1.98873209456e-07, 1.67899727899e-07, 1.41931067787e-07, 1.24622204112e-07, 1.09682851246e-07, 9.51880991806e-08, 8.31190121175e-08, 7.27698434844e-08, 6.42412203433e-08],
        "mean": [1.04677815216e-06, 2.89338936454e-06, 0.000622684019618, 0.00120817113202, 0.00285452511162, 0.00038008322008, 0.00260924198665, 0.00185998470988, 0.00121243111789, 0.000676314579323, 0.000231495272601, 0.000288112903945, 0.000214068131754, 5.59953077754e-05, 2.99185994663e-05, 8.94366439752e-06, 7.85387055657e-06, 7.31983209334e-06, 2.62629214376e-06, 3.39827784046e-06, 2.63887818619e-06, 2.40878352997e-06, 5.07788342929e-07, 2.2124346799e-07, 1.11927526802e-07, 8.5103316394e-08, 5.19623242212e-08, 2.03024956846e-08, 1.42231275646e-08, 1.19531176068e-08, 9.27257648442e-09, 5.18940668215e-09, 3.53559470589e-09, 2.510808228e-09, 2.19790452505e-09, 1.85894222238e-09, 1.64675273417e-09, 1.69708014308e-09, 1.35931510492e-09, 1.08392272935e-09],
        "median": [5.48556613467e-07, 1.54957558607e-06, 0.000403136655223, 0.000993782887235, 0.00255672261119, 0.000338785583153, 0.00342671456747, 0.00190207408741, 0.00119712203741, 0.000691747642122, 0.0001854080474, 0.000250066746958, 0.000124183017761, 4.0495491703e-05, 6.30131444268e-06, 1.10107384899e-06, 5.74856039748e-06, 5.81783751841e-06, 2.23753522732e-06, 2.27959912991e-06, 1.38472034905e-06, 1.25657606986e-06, 3.25450031369e-07, 1.4518921887e-07, 4.74156394148e-08, 3.93995769343e-08, 1.69403229222e-08, 1.00900567901e-08, 5.37684741175e-09, 4.79487294314e-09, 3.11724202007e-09, 1.37516187326e-09, 4.17913148532e-10, 1.61797422682e-10, 1.43020068011e-10, 9.49896619695e-11, 6.26234272771e-11, 6.84914278071e-11, 5.98715868549e-11, 6.12739442518e-11],
        "min": [2.63660062672e-08, 9.16612989954e-08, 1.46217212205e-06, 5.13175909873e-05, 6.44877800369e-05, 6.21669460088e-05, 9.60115939961e-05, 3.0034871088e-05, 1.07385994852e-05, 9.03709224076e-06, 2.1825908334e-06, 5.40766313861e-06, 3.00093665828e-06, 2.40013696384e-06, 9.28728582039e-07, 2.35448695207e-07, 6.80728192037e-07, 5.35202957508e-07, 2.3475226385e-07, 4.52675465112e-07, 1.46094592424e-07, 1.87630561754e-07, 1.346148224e-07, 3.25927018707e-08, 2.13903010859e-08, 1.43012908183e-08, 6.04917893554e-09, 3.46592465839e-09, 1.46386180955e-09, 1.29893606982e-09, 7.74526442981e-10, 4.0709827176e-10, 1.17142420764e-10, 3.57906551618e-11, 3.95030917699e-11, 2.7350680748e-11, 1.89526554173e-11, 1.92157140894e-11, 2.0209554516e-11, 1.95374480483e-11],
        "var": [1.12312362101e-12, 8.62360269999e-12, 4.05589105412e-07, 5.04128479406e-07, 1.62908452239e-06, 3.87431668969e-08, 3.90169543607e-06, 1.09309905838e-06, 3.47907388232e-07, 1.36288292651e-07, 2.59491148569e-08, 3.14062305051e-08, 4.39492282567e-08, 2.18815565667e-09, 1.50560253154e-09, 3.34993227602e-10, 5.81033589298e-11, 4.47511229462e-11, 4.23948896822e-12, 9.01020664329e-12, 1.21856734772e-11, 3.73759634353e-11, 1.01759616358e-12, 1.15310647315e-13, 1.28516324644e-13, 6.58765509048e-14, 1.64320732585e-14, 2.98288031035e-15, 2.05746060481e-15, 1.49338346051e-15, 1.14843151621e-15, 4.82040203414e-16, 3.40415659359e-16, 2.34742078791e-16, 1.80426713088e-16, 1.39253765011e-16, 1.05352899188e-16, 8.67173802553e-17, 6.36119228759e-17, 4.78503701893e-17]
    },
    "mfcc": {
        "mean": [-775.47277832, 261.086883545, -27.2625980377, -36.861125946, -25.3805904388, -46.7151756287, -32.7277526855, -17.6472873688, -10.7716121674, -19.1569976807, -23.9481563568, -14.6646060944, -10.8738622665],
        "cov": [[680.821289062, -106.573783875, -230.900817871, 30.462896347, 85.8899688721, 197.491195679, 222.614654541, 116.300376892, -15.6236839294, -68.4083633423, -4.64369535446, 27.5901088715, -60.1663360596], [-106.573783875, 414.244171143, -106.976867676, -89.3292160034, 44.4363021851, -33.7366333008, 44.3780212402, 60.0915107727, 19.4043197632, -28.6076869965, -41.9460792542, -17.0199317932, -32.2229270935], [-230.900817871, -106.976867676, 275.542602539, 101.559341431, -60.3423728943, -46.2053642273, -75.0053710938, -57.0053062439, 20.1714134216, 41.4920310974, 8.51660060883, -5.13866138458, 17.2611865997], [30.462896347, -89.3292160034, 101.559341431, 129.79246521, 6.28215074539, 41.6952133179, 54.9995231628, 4.35778522491, 5.87967538834, -0.123114354908, -4.78732633591, 1.36922299862, -15.3008079529], [85.8899688721, 44.4363021851, -60.3423728943, 6.28215074539, 77.336555481, 66.8301239014, 85.2732925415, 57.4884719849, -7.98488044739, -20.9623432159, -10.8352060318, 1.25997579098, -17.3228378296], [197.491195679, -33.7366333008, -46.2053642273, 41.6952133179, 66.8301239014, 129.319046021, 132.7006073, 65.4517440796, -2.55143880844, -37.249382019, -8.46275043488, 16.0255832672, -31.152130127], [222.614654541, 44.3780212402, -75.0053710938, 54.9995231628, 85.2732925415, 132.7006073, 194.348434448, 106.530456543, -6.11734056473, -51.8884963989, -26.1358375549, 8.60785770416, -47.2525291443], [116.300376892, 60.0915107727, -57.0053062439, 4.35778522491, 57.4884719849, 65.4517440796, 106.530456543, 83.7007751465, 6.2178645134, -30.1505374908, -11.6820135117, 8.44720458984, -25.9287433624], [-15.6236839294, 19.4043197632, 20.1714134216, 5.87967538834, -7.98488044739, -2.55143880844, -6.11734056473, 6.2178645134, 26.9747180939, 8.26484966278, 3.72332763672, 5.33757257462, -6.84061479568], [-68.4083633423, -28.6076869965, 41.4920310974, -0.123114354908, -20.9623432159, -37.249382019, -51.8884963989, -30.1505374908, 8.26484966278, 35.6218299866, 17.3603725433, -4.27574825287, 12.0142059326], [-4.64369535446, -41.9460792542, 8.51660060883, -4.78732633591, -10.8352060318, -8.46275043488, -26.1358375549, -11.6820135117, 3.72332763672, 17.3603725433, 24.2046546936, 11.4651966095, 8.78217411041], [27.5901088715, -17.0199317932, -5.13866138458, 1.36922299862, 1.25997579098, 16.0255832672, 8.60785770416, 8.44720458984, 5.33757257462, -4.27574825287, 11.4651966095, 22.4467144012, 8.8506193161], [-60.1663360596, -32.2229270935, 17.2611865997, -15.3008079529, -17.3228378296, -31.152130127, -47.2525291443, -25.9287433624, -6.84061479568, 12.0142059326, 8.78217411041, 8.8506193161, 39.4099769592]],
